Ecospace-environmental-drivers/Outputs/ASCII-for-ecospace/ChlA/ChlA_X2021.04.asc
NCOLS 131 
NROWS 53 
XLLCORNER -98 
YLLCORNER 23.9265270233154 
CELLSIZE 0.133587792515755 
NODATA_value -3.4e+38 
[rows 0 to 20 of 53, columns 48 to 95 of 131]
-3.4e+38 -3.4e+38 -3.4e+38 -3.4e+38 -3.4e+38 -3.4e+38 -3.4e+38 -3.4e+38 -3.4e+38 -3.4e+38 -3.4e+38 -3.4e+38 -3.4e+38 -3.4e+38 -3.4e+38 -3.4e+38 -3.4e+38 -3.4e+38 -3.4e+38 -3.4e+38 -3.4e+38 -3.4e+38 -3.4e+38 -3.4e+38 -3.4e+38 -3.4e+38 -3.4e+38 -3.4e+38 -3.4e+38 -3.4e+38 -3.4e+38 -3.4e+38 -3.4e+38 -3.4e+38 -3.4e+38 -3.4e+38 -3.4e+38 -3.4e+38 -3.4e+38 -3.4e+38 -3.4e+38 -3.4e+38 -3.4e+38 -3.4e+38 -3.4e+38 -3.4e+38 -3.4e+38 -3.4e+38
-3.4e+38 -3.4e+38 -3.4e+38 -3.4e+38 -3.4e+38 -3.4e+38 -3.4e+38 -3.4e+38 -3.4e+38 -3.4e+38 -3.4e+38 -3.4e+38 -3.4e+38 -3.4e+38 -3.4e+38 -3.4e+38 -3.4e+38 -3.4e+38 -3.4e+38 -3.4e+38 -3.4e+38 -3.4e+38 -3.4e+38 -3.4e+38 -3.4e+38 -3.4e+38 -3.4e+38 -3.4e+38 -3.4e+38 -3.4e+38 -3.4e+38 -3.4e+38 -3.4e+38 -3.4e+38 -3.4e+38 -3.4e+38 -3.4e+38 -3.4e+38 -3.4e+38 -3.4e+38 -3.4e+38 -3.4e+38 -3.4e+38 -3.4e+38 -3.4e+38 -3.4e+38 -3.4e+38 -3.4e+38
-3.4e+38 -3.4e+38 -3.4e+38 -3.4e+38 -3.4e+38 -3.4e+38 -3.4e+38 -3.4e+38 -3.4e+38 -3.4e+38 -3.4e+38 -3.4e+38 -3.4e+38 -3.4e+38 -3.4e+38 -3.4e+38 -3.4e+38 -3.4e+38 -3.4e+38 -3.4e+38 -3.4e+38 -3.4e+38 -3.4e+38 -3.4e+38 -3.4e+38 -3.4e+38 39.242618560791 40.0095596313477 -3.4e+38 -3.4e+38 -3.4e+38 -3.4e+38 -3.4e+38 -3.4e+38 -3.4e+38 -3.4e+38 -3.4e+38 -3.4e+38 -3.4e+38 -3.4e+38 -3.4e+38 -3.4e+38 -3.4e+38 -3.4e+38 -3.4e+38 -3.4e+38 -3.4e+38 -3.4e+38
-3.4e+38 -3.4e+38 -3.4e+38 -3.4e+38 -3.4e+38 -3.4e+38 -3.4e+38 -3.4e+38 -3.4e+38 -3.4e+38 -3.4e+38 -3.4e+38 -3.4e+38 -3.4e+38 -3.4e+38 -3.4e+38 -3.4e+38 -3.4e+38 -3.4e+38 -3.4e+38 -3.4e+38 -3.4e+38 -3.4e+38 -3.4e+38 -3.4e+38 -3.4e+38 39.0948600769043 40.8166580200195 -3.4e+38 -3.4e+38 -3.4e+38 -3.4e+38 -3.4e+38 -3.4e+38 8.06592178344727 -3.4e+38 -3.4e+38 -3.4e+38 15.9683065414429 15.284873008728 -3.4e+38 -3.4e+38 -3.4e+38 -3.4e+38 -3.4e+38 -3.4e+38 -3.4e+38 -3.4e+38
-3.4e+38 -3.4e+38 -3.4e+38 -3.4e+38 -3.4e+38 -3.4e+38 -3.4e+38 -3.4e+38 -3.4e+38 -3.4e+38 28.1074295043945 22.2880706787109 -3.4e+38 -3.4e+38 -3.4e+38 -3.4e+38 -3.4e+38 -3.4e+38 21.7888088226318 19.0732822418213 18.4199695587158 24.8892784118652 22.0696620941162 16.7332153320312 17.3705539703369 16.8680820465088 36.1332244873047 26.3313426971436 9.68589210510254 -3.4e+38 -3.4e+38 -3.4e+38 8.15339851379395 8.98852920532227 7.98740196228027 8.09975433349609 8.27240943908691 7.17604351043701 15.4228277206421 11.9090242385864 11.9328269958496 -3.4e+38 -3.4e+38 -3.4e+38 -3.4e+38 -3.4e+38 -3.4e+38 -3.4e+38
-3.4e+38 -3.4e+38 -3.4e+38 -3.4e+38 -3.4e+38 -3.4e+38 -3.4e+38 -3.4e+38 -3.4e+38 28.8177547454834 24.5235004425049 22.8116683959961 24.4821166992188 -3.4e+38 -3.4e+38 39.9532012939453 24.6378726959229 21.5322437286377 20.2885093688965 19.8856334686279 19.8239192962646 21.6368885040283 21.7099342346191 18.0451354980469 17.9296188354492 18.5504379272461 21.9659309387207 19.5298480987549 7.55967378616333 8.75104427337646 9.91677951812744 9.82281589508057 7.78604507446289 7.68339395523071 5.88975763320923 4.6924147605896 5.62367153167725 6.14820337295532 4.61275291442871 3.66911816596985 5.38601303100586 5.9100193977356 5.94593191146851 -3.4e+38 -3.4e+38 -3.4e+38 -3.4e+38 -3.4e+38
-3.4e+38 -3.4e+38 -3.4e+38 -3.4e+38 -3.4e+38 -3.4e+38 -3.4e+38 -3.4e+38 26.9870319366455 28.1234340667725 33.4338340759277 25.0297908782959 23.9068508148193 -3.4e+38 33.9483413696289 38.2675857543945 24.7174797058105 22.591760635376 21.6552276611328 20.3137474060059 17.5721073150635 15.9913024902344 16.2966728210449 16.5570640563965 16.8617095947266 17.1480083465576 15.0167179107666 10.2312726974487 8.7933235168457 8.95511627197266 8.74497318267822 8.87593364715576 7.75668954849243 7.44222402572632 7.53864717483521 7.29222106933594 8.02398490905762 7.57866954803467 7.00167512893677 7.34431648254395 7.21071147918701 6.88227224349976 7.53051376342773 8.25036525726318 8.7224063873291 -3.4e+38 -3.4e+38 -3.4e+38
-3.4e+38 -3.4e+38 -3.4e+38 -3.4e+38 -3.4e+38 -3.4e+38 -3.4e+38 -3.4e+38 -3.4e+38 22.0907402038574 30.4484729766846 26.107780456543 24.2253189086914 29.7987594604492 29.3765144348145 35.4654388427734 25.70871925354 20.7140007019043 19.9525661468506 21.0841598510742 18.7037868499756 15.544469833374 14.6796798706055 14.2568073272705 14.1666889190674 13.4755010604858 11.5837259292603 9.82014179229736 8.98048877716064 8.74520111083984 8.58535194396973 8.44464206695557 7.7883677482605 7.93809843063354 8.03673362731934 7.28701591491699 6.95621824264526 7.26079654693604 7.67192411422729 8.4503116607666 8.20609283447266 7.78791570663452 7.79135227203369 8.26472282409668 8.90749168395996 9.93670082092285 11.3024740219116 -3.4e+38
-3.4e+38 -3.4e+38 -3.4e+38 -3.4e+38 -3.4e+38 -3.4e+38 -3.4e+38 -3.4e+38 -3.4e+38 -3.4e+38 -3.4e+38 -3.4e+38 -3.4e+38 -3.4e+38 24.9914817810059 -3.4e+38 -3.4e+38 16.901927947998 21.1253604888916 21.248477935791 20.2629928588867 16.0290870666504 13.6153535842896 12.6582155227661 11.9576787948608 11.016019821167 10.4765119552612 9.71636962890625 9.33202648162842 8.44765567779541 8.48164939880371 8.3524751663208 7.94791030883789 7.11144781112671 6.6852650642395 6.98224115371704 5.86770057678223 5.37169456481934 6.43511438369751 6.82939624786377 7.52787494659424 8.21930885314941 7.89342784881592 8.04882526397705 8.53176498413086 10.0605659484863 11.4642000198364 -3.4e+38
-3.4e+38 -3.4e+38 -3.4e+38 -3.4e+38 -3.4e+38 -3.4e+38 -3.4e+38 -3.4e+38 -3.4e+38 -3.4e+38 -3.4e+38 -3.4e+38 -3.4e+38 -3.4e+38 -3.4e+38 -3.4e+38 12.7636289596558 14.9399938583374 19.6103496551514 20.2327461242676 21.6031036376953 17.7564563751221 14.5447359085083 12.5076770782471 11.266921043396 10.1140432357788 9.63270378112793 9.1487922668457 8.92116355895996 8.69982528686523 8.72687816619873 8.90039348602295 8.36440372467041 7.86874675750732 7.44977474212646 6.67045927047729 5.85538148880005 4.13337087631226 5.94363451004028 6.79383134841919 8.09331703186035 8.90106582641602 8.33132457733154 8.54137897491455 9.16985702514648 10.3472108840942 11.6002645492554 14.603141784668
-3.4e+38 -3.4e+38 -3.4e+38 -3.4e+38 -3.4e+38 -3.4e+38 -3.4e+38 -3.4e+38 -3.4e+38 -3.4e+38 -3.4e+38 -3.4e+38 -3.4e+38 -3.4e+38 -3.4e+38 15.0672979354858 16.4183807373047 17.2811737060547 14.7147808074951 19.6971969604492 20.5335845947266 17.9156246185303 14.2871932983398 11.5766143798828 11.0377988815308 9.89123821258545 9.71244716644287 9.37294769287109 9.04440402984619 8.97484588623047 8.72150230407715 8.7696590423584 8.33784198760986 8.01944732666016 7.45160388946533 7.16419649124146 6.65218544006348 5.65552568435669 6.39293098449707 6.94146537780762 8.35428714752197 8.41279315948486 8.33192253112793 8.88858795166016 9.61583709716797 10.4822626113892 13.9658832550049 14.0757732391357
-3.4e+38 -3.4e+38 -3.4e+38 -3.4e+38 -3.4e+38 -3.4e+38 -3.4e+38 -3.4e+38 -3.4e+38 -3.4e+38 -3.4e+38 -3.4e+38 -3.4e+38 12.8093519210815 -3.4e+38 -3.4e+38 16.8416767120361 18.6992130279541 23.3433494567871 22.9457302093506 20.3442420959473 18.8368968963623 15.8126239776611 11.3910398483276 10.6291627883911 10.4880752563477 10.9463701248169 10.3169422149658 9.41006088256836 9.12185955047607 8.80502700805664 8.35657691955566 8.44333839416504 7.91542100906372 7.72310590744019 6.86726856231689 6.64770698547363 6.34951877593994 6.68632078170776 7.507164478302 7.76183700561523 8.28362941741943 8.08954429626465 8.65902996063232 9.19785785675049 10.0589904785156 10.7232542037964 10.8197231292725
-3.4e+38 -3.4e+38 -3.4e+38 -3.4e+38 -3.4e+38 -3.4e+38 -3.4e+38 -3.4e+38 -3.4e+38 -3.4e+38 -3.4e+38 -3.4e+38 14.3631286621094 15.6365833282471 -3.4e+38 -3.4e+38 -3.4e+38 -3.4e+38 23.9214324951172 22.5693111419678 19.0789642333984 15.6522035598755 15.4802627563477 12.0139818191528 10.8091869354248 9.94034385681152 10.5337190628052 9.91998100280762 9.09604930877686 8.58119487762451 8.618088722229 8.64675712585449 8.24828815460205 7.75670766830444 7.20814847946167 6.57180738449097 6.65795373916626 6.94368028640747 6.79669570922852 6.70623922348022 6.89113330841064 8.06875610351562 8.53122043609619 8.69446754455566 8.84519958496094 8.77709007263184 8.92488479614258 9.31538105010986
20.6526527404785 22.1300640106201 20.9724349975586 21.002010345459 -3.4e+38 -3.4e+38 15.2301740646362 20.1276798248291 19.2781600952148 18.4596347808838 19.5007591247559 23.4526309967041 22.3364353179932 21.5137157440186 23.0355033874512 21.6259098052979 -3.4e+38 -3.4e+38 -3.4e+38 24.0203742980957 21.1994571685791 16.8988132476807 14.9399280548096 9.91529560089111 9.08771991729736 8.91510391235352 9.50630760192871 9.19571971893311 8.80200672149658 8.89138412475586 9.37639904022217 9.19086074829102 7.98576021194458 6.70493316650391 6.30625009536743 5.94333600997925 6.58599710464478 6.93410634994507 6.51533889770508 4.76710605621338 6.01255035400391 7.07459735870361 7.39167547225952 7.44451379776001 7.58824443817139 8.28299903869629 8.43319034576416 9.1217737197876
21.5055866241455 21.5145645141602 21.6147441864014 23.587158203125 28.6509075164795 -3.4e+38 22.070198059082 21.8681125640869 21.1558589935303 22.4260902404785 22.2344036102295 24.661979675293 24.4926528930664 23.8362197875977 23.2344398498535 22.1207828521729 22.3840274810791 -3.4e+38 -3.4e+38 22.537052154541 18.6640853881836 14.9943351745605 12.8454275131226 9.02511405944824 8.52904319763184 8.94433689117432 9.16462230682373 9.76260280609131 8.89101314544678 9.20272636413574 9.39090251922607 9.32303428649902 8.42206764221191 6.95841979980469 7.1452808380127 7.28949117660522 6.47671556472778 6.11099338531494 6.5688304901123 6.19535303115845 5.8039402961731 6.5149941444397 6.85714864730835 6.91836595535278 7.14887523651123 7.63371562957764 8.07930564880371 8.6804838180542
22.9796504974365 22.5952777862549 22.7479000091553 22.3924007415771 21.9873733520508 19.9291534423828 20.7320022583008 21.7715396881104 22.5984573364258 23.2248668670654 22.5924587249756 19.3096008300781 24.1866703033447 21.5464134216309 20.7522640228271 22.4868412017822 24.7379570007324 25.6282444000244 24.3527812957764 19.8387680053711 11.4914855957031 10.8265380859375 11.7081861495972 9.02500915527344 8.45531177520752 8.73667907714844 9.19074153900146 9.07461929321289 9.39959049224854 9.60130214691162 9.9052152633667 9.78640460968018 9.49211311340332 9.29344844818115 7.49440002441406 6.4337158203125 7.21401596069336 7.26170015335083 6.54695177078247 7.01226091384888 5.53514719009399 7.19775247573853 6.52549505233765 6.73077917098999 7.04369258880615 7.33462858200073 7.54057455062866 7.61031579971313
22.00705909729 22.4541282653809 22.0982322692871 21.6531467437744 22.0100593566895 20.2128658294678 20.3033313751221 20.1811428070068 20.0788593292236 15.7152872085571 13.1765213012695 10.614372253418 14.1248960494995 23.0471019744873 24.1569747924805 23.7619647979736 24.1007652282715 23.9061794281006 23.1663303375244 20.9625225067139 17.2382907867432 11.713960647583 9.3075647354126 8.68156909942627 8.83228874206543 9.07600879669189 8.97634315490723 9.19356536865234 9.40734100341797 9.50417137145996 9.93877983093262 9.83983993530273 9.93937492370605 9.87753295898438 7.20911550521851 5.51201581954956 5.40248870849609 7.61174249649048 7.36199712753296 6.87097263336182 6.37409496307373 6.45247364044189 6.5308780670166 6.25353527069092 6.77758026123047 6.61775732040405 6.58072805404663 6.45451211929321
15.6108922958374 18.063346862793 19.6952934265137 19.6037216186523 18.9520263671875 16.8096809387207 17.3466033935547 13.4580535888672 13.7489175796509 10.4077157974243 9.25945472717285 5.92493009567261 5.69294118881226 4.95389986038208 12.956995010376 19.174388885498 24.2035388946533 25.3920059204102 25.0368347167969 22.4069538116455 21.1112976074219 17.8259143829346 12.5147905349731 8.60161972045898 8.67541885375977 8.75864219665527 8.6840934753418 9.22383308410645 9.11428165435791 10.161904335022 9.78718948364258 9.82850170135498 10.0314197540283 10.249098777771 9.49740409851074 8.12933921813965 6.87101602554321 6.96517086029053 6.70651435852051 6.93903303146362 6.52579879760742 5.64543771743774 6.43959331512451 6.67268323898315 6.33533048629761 6.21404504776001 5.89798974990845 5.61222553253174
10.409686088562 11.3817615509033 14.0913743972778 15.0257062911987 14.5704317092896 13.1940317153931 18.2980079650879 10.0433006286621 2.8280303478241 6.82648229598999 7.11211347579956 5.55822324752808 6.62823963165283 8.28807067871094 7.43062114715576 11.0282716751099 17.340124130249 20.7869453430176 21.3091468811035 20.3483066558838 17.3824653625488 18.6925430297852 12.5238542556763 9.66693210601807 8.3619441986084 8.74656105041504 8.89931011199951 8.69174385070801 9.40235900878906 9.30856704711914 8.59831237792969 8.02601528167725 10.2581119537354 9.98076915740967 9.41064262390137 8.64895057678223 7.65480709075928 6.561598777771 6.28115081787109 5.8155345916748 6.57168197631836 6.44304275512695 6.73333787918091 6.7891526222229 5.95835876464844 6.31675577163696 5.88873529434204 5.32124853134155
8.74439239501953 8.16368389129639 8.5155725479126 6.73174858093262 7.50480842590332 6.88138008117676 9.46644496917725 5.94615840911865 -3.4e+38 6.18395042419434 6.57895183563232 5.48995542526245 7.81074047088623 7.95700311660767 8.53969955444336 9.16022682189941 9.57018852233887 9.37087535858154 7.8178071975708 8.52066612243652 13.3477640151978 20.3574752807617 15.3088655471802 11.1758546829224 9.56796932220459 8.89095020294189 8.88114070892334 8.47916889190674 9.52286815643311 9.54379558563232 9.39884090423584 9.44200611114502 8.86164379119873 9.41268920898438 9.24897003173828 7.83442115783691 7.60810279846191 6.48043775558472 5.66603231430054 3.25596165657043 5.88276100158691 6.29157876968384 6.72201013565063 6.9022364616394 6.43040609359741 6.81220817565918 6.90071153640747 6.83967781066895
8.14449977874756 7.63094329833984 6.60166501998901 3.95643711090088 3.98502707481384 -3.4e+38 -3.4e+38 3.5547616481781 -3.4e+38 3.75760126113892 4.98995685577393 6.09625768661499 5.98555850982666 6.68457269668579 7.92274284362793 8.13938903808594 7.75473403930664 7.35732412338257 7.44808053970337 5.71996355056763 5.0073184967041 5.72918176651001 9.13395595550537 10.4945802688599 9.20311641693115 9.31938171386719 8.4957275390625 8.52614498138428 9.81211090087891 9.07125949859619 7.92101001739502 6.6769757270813 4.4726996421814 7.30604219436646 9.18263721466064 8.43023300170898 7.87068939208984 6.81707715988159 4.17179346084595 4.50054836273193 4.6793909072876 4.66234064102173 6.57410669326782 7.07269334793091 6.85558223724365 7.56243896484375 7.53474044799805 6.61624717712402
