Ecospace-environmental-drivers/Outputs/ASCII-for-ecospace/ChlA/ChlA_X2006.02.asc
NCOLS 131 
NROWS 53 
XLLCORNER -98 
YLLCORNER 23.9265270233154 
CELLSIZE 0.133587792515755 
NODATA_value -3.4e+38 
[rows 0 to 20 of 53, columns 47 to 93 of 131]
-3.4e+38 -3.4e+38 -3.4e+38 -3.4e+38 -3.4e+38 -3.4e+38 -3.4e+38 -3.4e+38 -3.4e+38 -3.4e+38 -3.4e+38 -3.4e+38 -3.4e+38 -3.4e+38 -3.4e+38 -3.4e+38 -3.4e+38 -3.4e+38 -3.4e+38 -3.4e+38 -3.4e+38 -3.4e+38 -3.4e+38 -3.4e+38 -3.4e+38 -3.4e+38 -3.4e+38 -3.4e+38 -3.4e+38 -3.4e+38 -3.4e+38 -3.4e+38 -3.4e+38 -3.4e+38 -3.4e+38 -3.4e+38 -3.4e+38 -3.4e+38 -3.4e+38 -3.4e+38 -3.4e+38 -3.4e+38 -3.4e+38 -3.4e+38 -3.4e+38 -3.4e+38 -3.4e+38
-3.4e+38 -3.4e+38 -3.4e+38 -3.4e+38 -3.4e+38 -3.4e+38 -3.4e+38 -3.4e+38 -3.4e+38 -3.4e+38 -3.4e+38 -3.4e+38 -3.4e+38 -3.4e+38 -3.4e+38 -3.4e+38 -3.4e+38 -3.4e+38 -3.4e+38 -3.4e+38 -3.4e+38 -3.4e+38 -3.4e+38 -3.4e+38 -3.4e+38 -3.4e+38 -3.4e+38 -3.4e+38 -3.4e+38 -3.4e+38 -3.4e+38 -3.4e+38 -3.4e+38 -3.4e+38 -3.4e+38 -3.4e+38 -3.4e+38 -3.4e+38 -3.4e+38 -3.4e+38 -3.4e+38 -3.4e+38 -3.4e+38 -3.4e+38 -3.4e+38 -3.4e+38 -3.4e+38
-3.4e+38 -3.4e+38 -3.4e+38 -3.4e+38 -3.4e+38 -3.4e+38 -3.4e+38 -3.4e+38 -3.4e+38 -3.4e+38 -3.4e+38 -3.4e+38 -3.4e+38 -3.4e+38 -3.4e+38 -3.4e+38 -3.4e+38 -3.4e+38 -3.4e+38 -3.4e+38 -3.4e+38 -3.4e+38 -3.4e+38 -3.4e+38 -3.4e+38 -3.4e+38 -3.4e+38 -3.4e+38 -3.4e+38 -3.4e+38 -3.4e+38 -3.4e+38 -3.4e+38 -3.4e+38 -3.4e+38 -3.4e+38 -3.4e+38 -3.4e+38 -3.4e+38 -3.4e+38 -3.4e+38 -3.4e+38 -3.4e+38 -3.4e+38 -3.4e+38 -3.4e+38 -3.4e+38
-3.4e+38 -3.4e+38 -3.4e+38 -3.4e+38 -3.4e+38 -3.4e+38 -3.4e+38 -3.4e+38 -3.4e+38 -3.4e+38 -3.4e+38 -3.4e+38 -3.4e+38 -3.4e+38 -3.4e+38 -3.4e+38 -3.4e+38 -3.4e+38 -3.4e+38 -3.4e+38 -3.4e+38 -3.4e+38 -3.4e+38 -3.4e+38 -3.4e+38 -3.4e+38 -3.4e+38 113.095161437988 110.950508117676 -3.4e+38 -3.4e+38 -3.4e+38 -3.4e+38 -3.4e+38 137.356857299805 -3.4e+38 -3.4e+38 -3.4e+38 -3.4e+38 206.29069519043 230.379653930664 -3.4e+38 -3.4e+38 -3.4e+38 -3.4e+38 -3.4e+38 -3.4e+38
-3.4e+38 -3.4e+38 -3.4e+38 -3.4e+38 -3.4e+38 -3.4e+38 -3.4e+38 -3.4e+38 -3.4e+38 -3.4e+38 -3.4e+38 113.522033691406 -3.4e+38 -3.4e+38 -3.4e+38 -3.4e+38 -3.4e+38 -3.4e+38 -3.4e+38 -3.4e+38 121.758483886719 99.1115188598633 -3.4e+38 -3.4e+38 -3.4e+38 108.117851257324 -3.4e+38 125.354881286621 101.661247253418 -3.4e+38 -3.4e+38 -3.4e+38 -3.4e+38 -3.4e+38 132.173233032227 47.724552154541 33.6551551818848 34.0780639648438 40.7071762084961 101.36164855957 106.773658752441 -3.4e+38 -3.4e+38 -3.4e+38 -3.4e+38 -3.4e+38 -3.4e+38
-3.4e+38 -3.4e+38 -3.4e+38 -3.4e+38 -3.4e+38 -3.4e+38 -3.4e+38 -3.4e+38 131.53010559082 126.177291870117 107.731918334961 105.105949401855 106.942459106445 108.418586730957 -3.4e+38 -3.4e+38 -3.4e+38 -3.4e+38 105.806579589844 94.3556289672852 86.0946044921875 88.3077697753906 95.6285247802734 103.213104248047 93.4355697631836 95.1079025268555 101.36100769043 126.44474029541 109.645538330078 112.57991027832 66.2789306640625 61.2707557678223 64.8683776855469 51.0751686096191 36.9969673156738 30.9470653533936 28.0731868743896 28.6684226989746 33.2460327148438 33.9374465942383 33.8965721130371 36.6023635864258 38.922779083252 43.3677215576172 -3.4e+38 -3.4e+38 -3.4e+38
-3.4e+38 -3.4e+38 -3.4e+38 -3.4e+38 -3.4e+38 -3.4e+38 -3.4e+38 -3.4e+38 -3.4e+38 105.023735046387 106.075469970703 101.853866577148 103.466361999512 94.9035797119141 -3.4e+38 121.466026306152 118.175140380859 109.831199645996 94.1718826293945 80.9343490600586 67.9677963256836 62.2372055053711 61.5485687255859 69.1452713012695 72.1797790527344 71.6827087402344 79.3200454711914 84.1895980834961 71.3803253173828 63.4838562011719 56.651180267334 48.3813018798828 42.4698715209961 37.8858489990234 30.4006748199463 27.0269088745117 25.4051189422607 26.1517353057861 28.5415210723877 28.1926651000977 28.0262508392334 28.6679973602295 31.6011409759521 41.4981651306152 49.0807075500488 -3.4e+38 -3.4e+38
-3.4e+38 -3.4e+38 -3.4e+38 -3.4e+38 -3.4e+38 -3.4e+38 -3.4e+38 -3.4e+38 -3.4e+38 -3.4e+38 95.8613662719727 117.985748291016 125.334190368652 128.528930664062 99.7218322753906 103.663108825684 103.589645385742 100.922218322754 89.069465637207 80.7286605834961 68.8542404174805 61.7785987854004 52.4212646484375 50.1359825134277 50.9830551147461 57.9417991638184 68.6926803588867 69.0432739257812 61.7095565795898 54.761962890625 49.0820236206055 41.5644683837891 37.0691986083984 31.8367042541504 27.0544586181641 24.9421501159668 23.5904521942139 23.0841197967529 24.1486492156982 25.7312660217285 26.5038299560547 28.3498477935791 28.5818710327148 31.960277557373 41.2033462524414 51.096118927002 66.081298828125
-3.4e+38 -3.4e+38 -3.4e+38 -3.4e+38 -3.4e+38 -3.4e+38 -3.4e+38 -3.4e+38 -3.4e+38 -3.4e+38 -3.4e+38 -3.4e+38 -3.4e+38 -3.4e+38 -3.4e+38 104.869934082031 -3.4e+38 -3.4e+38 100.405899047852 75.8137435913086 67.8196182250977 63.0628509521484 53.8239669799805 47.0773277282715 45.4473876953125 48.1130828857422 47.7493553161621 49.685359954834 47.7558708190918 44.2481994628906 38.4056854248047 31.9866199493408 28.300630569458 24.3998851776123 23.2161960601807 22.3185520172119 21.9975357055664 22.0686931610107 22.4941234588623 22.7978954315186 24.7796840667725 25.8128547668457 27.9143123626709 28.6335735321045 31.9611892700195 41.9023513793945 57.2676200866699
-3.4e+38 -3.4e+38 -3.4e+38 -3.4e+38 -3.4e+38 -3.4e+38 -3.4e+38 -3.4e+38 -3.4e+38 -3.4e+38 -3.4e+38 -3.4e+38 -3.4e+38 -3.4e+38 -3.4e+38 -3.4e+38 -3.4e+38 107.699851989746 90.8374862670898 74.3489608764648 66.7896347045898 63.5030517578125 55.948169708252 48.5584564208984 46.0345230102539 45.3320846557617 42.4771385192871 42.2284965515137 37.775203704834 31.5904960632324 27.9684467315674 26.6329669952393 24.5224590301514 22.1595191955566 22.0313930511475 21.8569679260254 21.712890625 21.5850410461426 21.937650680542 22.5359554290771 23.8746356964111 25.0625267028809 26.8622074127197 32.4182891845703 36.2784652709961 36.7457504272461 47.8492317199707
124.57154083252 -3.4e+38 -3.4e+38 -3.4e+38 -3.4e+38 -3.4e+38 -3.4e+38 -3.4e+38 -3.4e+38 -3.4e+38 -3.4e+38 -3.4e+38 -3.4e+38 -3.4e+38 -3.4e+38 163.991149902344 192.465621948242 121.190994262695 105.457908630371 90.7745208740234 69.0848007202148 64.1933746337891 59.5233268737793 51.7837142944336 45.8403167724609 41.2764739990234 37.6109771728516 37.7541084289551 33.4351234436035 28.7717208862305 26.2776279449463 24.5465030670166 22.236644744873 22.0464744567871 22.0700416564941 22.2350616455078 22.0675563812256 21.736083984375 22.1340808868408 22.041410446167 22.7616195678711 24.2486724853516 25.2825222015381 28.1838645935059 35.0908889770508 36.8108062744141 48.1195869445801
158.795227050781 -3.4e+38 -3.4e+38 -3.4e+38 -3.4e+38 -3.4e+38 -3.4e+38 -3.4e+38 -3.4e+38 -3.4e+38 -3.4e+38 -3.4e+38 -3.4e+38 125.556831359863 -3.4e+38 -3.4e+38 107.811790466309 97.8551025390625 94.0726470947266 84.7650604248047 72.455810546875 64.1708908081055 56.1249313354492 47.4754829406738 43.1313438415527 37.8726692199707 36.8319702148438 32.9681205749512 28.6995906829834 26.4223480224609 24.4480400085449 23.3942775726318 22.3741703033447 22.0671863555908 22.3197250366211 22.186408996582 21.9762649536133 21.9748649597168 22.3140811920166 22.1123466491699 22.0130710601807 22.7733173370361 22.9139537811279 24.8664569854736 29.1849784851074 32.9356498718262 41.1494407653809
113.628440856934 94.7666702270508 92.327766418457 -3.4e+38 -3.4e+38 -3.4e+38 -3.4e+38 -3.4e+38 108.257804870605 129.017196655273 -3.4e+38 -3.4e+38 132.311965942383 109.442543029785 111.468223571777 86.6969528198242 -3.4e+38 -3.4e+38 91.864128112793 80.8085174560547 73.7154388427734 62.0114212036133 52.7172317504883 46.7947845458984 41.5907135009766 36.185546875 30.8046035766602 27.4863605499268 24.9237041473389 23.7054386138916 22.9114074707031 22.6198291778564 22.7176704406738 22.6518249511719 23.0502452850342 22.7713813781738 22.4385948181152 22.429859161377 22.6003341674805 22.7201709747314 22.3027763366699 22.2351112365723 22.3491058349609 23.7705764770508 25.6122608184814 27.0856819152832 28.9144687652588
103.732803344727 99.6063232421875 101.452186584473 103.982864379883 94.8654098510742 100.726936340332 104.365821838379 107.731079101562 94.0887145996094 93.3222045898438 103.585357666016 92.6018676757812 103.946334838867 103.566749572754 126.370796203613 119.112411499023 95.1370697021484 87.3339462280273 -3.4e+38 85.9188537597656 80.0403213500977 62.7816314697266 54.2058334350586 39.3981971740723 36.3809280395508 31.0775566101074 28.3873157501221 27.1372909545898 23.6597385406494 22.8989391326904 22.9712657928467 22.522985458374 22.8261966705322 23.0307197570801 23.6250743865967 23.4772090911865 23.0745792388916 22.9133548736572 23.0400409698486 23.1141033172607 22.5241985321045 21.9328804016113 21.6662616729736 21.9541130065918 21.9614086151123 22.1099586486816 22.1750354766846
103.142028808594 98.3671798706055 96.0236206054688 99.939811706543 102.096351623535 98.1954574584961 101.160018920898 93.6263961791992 88.7744216918945 87.4191818237305 91.9209976196289 91.4561157226562 95.0520629882812 94.7325973510742 99.1606369018555 98.5843353271484 94.2048492431641 88.8086547851562 -3.4e+38 82.9378509521484 84.7066192626953 62.0127334594727 51.6579284667969 29.2853164672852 28.2943210601807 28.012134552002 28.2151832580566 26.5337238311768 24.4160785675049 24.7544460296631 24.030855178833 23.4298686981201 23.6116466522217 24.3911800384521 24.2442665100098 23.683235168457 23.0981903076172 22.8683605194092 22.7119102478027 22.5056037902832 22.0738124847412 22.0067520141602 21.838493347168 21.5853271484375 21.3129596710205 20.9151248931885 21.3712463378906
85.9610061645508 99.8844375610352 93.1540222167969 95.821891784668 92.8615112304688 88.9711151123047 87.0558547973633 88.5549621582031 89.9901809692383 90.368766784668 89.3541641235352 79.3558959960938 86.8172225952148 93.8161315917969 88.8214111328125 90.1036987304688 86.9680862426758 74.8564300537109 76.0014038085938 72.3701400756836 71.3609161376953 48.3507118225098 28.9370517730713 23.7808685302734 24.3766441345215 24.9233512878418 24.9836483001709 25.4038715362549 24.3425464630127 24.5736923217773 24.2225742340088 23.7714672088623 23.1945514678955 23.2184276580811 23.8741130828857 22.9050102233887 22.5321655273438 21.7993450164795 22.1805534362793 22.3366966247559 22.2366199493408 22.2794589996338 21.8494701385498 21.3209743499756 21.1101512908936 20.7213592529297 20.3619613647461
70.6243515014648 79.8364410400391 95.2832107543945 90.9126358032227 87.8983688354492 83.4309310913086 82.4254302978516 82.2263793945312 70.264045715332 67.915168762207 68.100456237793 68.808708190918 94.5685501098633 100.32844543457 81.0680313110352 81.0516967773438 71.987174987793 67.2139892578125 64.6776123046875 56.3398475646973 44.2881317138672 29.0953178405762 22.1094799041748 21.9475727081299 21.9403438568115 22.8893146514893 22.8116474151611 23.7185306549072 24.1775722503662 23.4526557922363 22.6769695281982 22.2836742401123 22.4720649719238 21.9752712249756 21.3857936859131 21.4351406097412 21.4691982269287 21.4817600250244 21.9645595550537 22.0562400817871 22.2208385467529 22.3294906616211 21.8440227508545 21.4008197784424 21.1694965362549 20.7841758728027 20.349494934082
51.8865432739258 60.5230674743652 67.4860076904297 79.0400543212891 82.0367584228516 82.2449798583984 84.9556274414062 70.0981369018555 55.2954025268555 54.3763999938965 53.977611541748 52.980224609375 77.2799758911133 103.504600524902 82.1196060180664 66.6340484619141 66.7156372070312 58.6489601135254 48.0064163208008 39.7274932861328 31.6357688903809 22.1670112609863 21.0919303894043 20.5151481628418 20.8029251098633 20.6669883728027 21.0479736328125 21.7138671875 21.1781101226807 20.3209819793701 20.5604629516602 20.6712284088135 20.8371238708496 20.7371635437012 20.7389469146729 21.0539054870605 21.1028423309326 21.2283611297607 21.7196979522705 22.0392150878906 22.0339183807373 22.0187721252441 22.0095882415771 21.0080146789551 20.8037033081055 20.1890449523926 20.0849723815918
28.4705867767334 44.3075828552246 52.5307807922363 50.802490234375 55.3126106262207 56.7564659118652 61.8372650146484 58.7778358459473 39.8582153320312 38.7796249389648 38.3723487854004 36.9533538818359 51.8415641784668 73.5919342041016 74.0725708007812 64.7069244384766 53.6594619750977 44.0580787658691 33.6135482788086 26.0399379730225 22.0044403076172 20.0630722045898 20.4528121948242 20.7020435333252 20.4711875915527 20.5017833709717 21.0386848449707 20.9481830596924 20.457275390625 20.0834369659424 19.6089019775391 19.7559413909912 19.8182353973389 20.2429714202881 20.5917949676514 20.9383125305176 20.9113311767578 21.2383651733398 21.828706741333 22.00390625 22.1492023468018 21.4311084747314 21.7113933563232 21.0115451812744 19.763635635376 19.9671440124512 20.4166984558105
22.0426578521729 25.2398414611816 25.6315078735352 28.8285522460938 33.865650177002 35.3586235046387 34.9652214050293 31.6414966583252 27.5216827392578 27.612943649292 28.0691738128662 27.0871868133545 30.1972503662109 33.7608642578125 44.7404518127441 43.9212760925293 38.9931564331055 32.6945037841797 23.7821197509766 21.4175243377686 19.6034450531006 20.3458271026611 20.6210803985596 20.779748916626 20.755428314209 20.7200508117676 20.3566761016846 20.0773620605469 19.775821685791 19.7000408172607 19.4059314727783 19.9016666412354 19.9292068481445 19.8021297454834 19.9952697753906 20.232027053833 20.3703784942627 21.248743057251 21.8500118255615 21.7193546295166 21.8887672424316 21.6416072845459 21.1617450714111 20.8499336242676 20.6278610229492 20.8953475952148 21.1331024169922
21.3096790313721 21.5129203796387 21.268590927124 22.4617385864258 24.1540451049805 24.6844501495361 24.7605838775635 23.8616523742676 22.7114353179932 23.0292167663574 21.7847137451172 21.4634399414062 21.6057147979736 21.3699760437012 21.449520111084 21.8335552215576 21.8316173553467 21.2292137145996 19.5733413696289 19.472728729248 19.5122756958008 20.1796283721924 20.7375888824463 20.5229320526123 20.4011211395264 20.3029708862305 19.8907241821289 19.9484710693359 19.8919105529785 19.6982574462891 19.5444507598877 19.554515838623 19.7426128387451 19.9118499755859 19.7315006256104 19.8511619567871 19.9935264587402 20.708309173584 20.6851558685303 20.8648262023926 21.5449123382568 21.7671890258789 21.0262641906738 20.5797348022461 20.6722564697266 20.8440570831299 21.3107414245605
