Ecospace-environmental-drivers/Outputs/ASCII-for-ecospace/ChlA/ChlA_X2009.07.asc
NCOLS 131 
NROWS 53 
XLLCORNER -98 
YLLCORNER 23.9265270233154 
CELLSIZE 0.133587792515755 
NODATA_value -3.4e+38 
[rows 21 to 41 of 53, columns 0 to 46 of 131]
-3.4e+38 -3.4e+38 -3.4e+38 -3.4e+38 -3.4e+38 -3.4e+38 -3.4e+38 -3.4e+38 -3.4e+38 13.9894018173218 10.4384813308716 9.48392391204834 9.32236576080322 9.13340473175049 9.51432228088379 9.87125778198242 9.29429149627686 8.8457498550415 8.59668731689453 8.64594745635986 8.76702880859375 9.17905330657959 9.22670078277588 9.48001289367676 9.21887683868408 8.9263219833374 8.15030670166016 7.32144165039062 7.55475330352783 7.37801599502563 8.10913467407227 7.93183088302612 8.67057228088379 9.22225761413574 9.38749504089355 9.74012184143066 9.87543392181396 9.51849746704102 9.53803539276123 10.5000677108765 9.66981029510498 10.2412452697754 10.4138793945312 10.7497701644897 11.0839939117432 10.5439481735229 10.8549947738647
-3.4e+38 -3.4e+38 -3.4e+38 -3.4e+38 -3.4e+38 -3.4e+38 -3.4e+38 -3.4e+38 11.7555732727051 9.93290138244629 9.45349597930908 9.40857791900635 8.98037624359131 8.83370685577393 8.62102603912354 8.48141384124756 8.36207389831543 8.49850749969482 8.64642333984375 8.72937774658203 9.0394811630249 9.60681533813477 9.58423328399658 9.57119655609131 9.11670589447021 8.26169109344482 8.29566287994385 7.93159818649292 7.67549896240234 7.94701862335205 7.86258840560913 8.31572914123535 8.94712066650391 9.02268505096436 9.33128261566162 9.95614433288574 9.84420967102051 9.37246036529541 9.20096302032471 9.13191795349121 9.69226360321045 10.0191488265991 10.2673721313477 10.3575582504272 11.2041711807251 10.8994741439819 10.1984434127808
-3.4e+38 -3.4e+38 -3.4e+38 -3.4e+38 -3.4e+38 -3.4e+38 -3.4e+38 13.1994209289551 8.9465503692627 9.19831562042236 9.26907920837402 9.23647499084473 8.83165454864502 8.83977794647217 8.8052453994751 8.44493675231934 8.39124774932861 8.12482357025146 8.61593437194824 8.86826133728027 9.22894382476807 9.47345447540283 9.24593448638916 9.33778095245361 8.81189060211182 8.78726196289062 8.74179172515869 8.313401222229 8.16739845275879 8.14124202728271 8.77537536621094 8.72014331817627 8.78044700622559 8.74145412445068 8.64066219329834 9.604905128479 10.0548124313354 9.6726016998291 9.14664840698242 9.03127098083496 9.62719631195068 10.5514335632324 9.74975204467773 9.98240089416504 11.6128234863281 9.94332313537598 10.9277563095093
-3.4e+38 -3.4e+38 -3.4e+38 -3.4e+38 -3.4e+38 20.9145755767822 10.4107284545898 9.71248531341553 8.91247081756592 9.13624000549316 8.96909713745117 8.95181369781494 8.90673160552979 9.03032493591309 9.02918529510498 8.38135814666748 7.89770603179932 8.13903331756592 8.16030788421631 8.67513561248779 8.85597133636475 9.22058773040771 9.18957901000977 9.10199356079102 9.27095985412598 8.46636390686035 8.98787307739258 8.53578472137451 8.01934051513672 7.58738708496094 8.23305892944336 8.11215209960938 8.05808353424072 8.56109046936035 9.02890014648438 9.26766300201416 9.40129089355469 9.93387699127197 10.1652297973633 10.12034034729 9.80396461486816 9.99364852905273 10.3109607696533 9.81197357177734 10.7298250198364 10.9543676376343 10.7281246185303
-3.4e+38 -3.4e+38 -3.4e+38 -3.4e+38 -3.4e+38 10.543270111084 9.93775272369385 9.29218006134033 9.14850807189941 8.97803497314453 8.90061092376709 8.84842967987061 8.94669723510742 8.65661811828613 8.2930736541748 7.94257164001465 8.30087661743164 7.67219305038452 6.40319490432739 9.329514503479 8.89352893829346 9.04281616210938 9.15729236602783 9.0881290435791 8.91004943847656 8.89216232299805 8.88935470581055 8.69778347015381 8.22621059417725 8.18185615539551 8.19901180267334 7.99648427963257 8.04414653778076 8.15408325195312 8.16129493713379 8.5968542098999 8.92209243774414 9.12350749969482 9.38590145111084 9.53712844848633 9.35672760009766 9.37473773956299 9.67928600311279 10.160252571106 10.617133140564 10.4591226577759 10.1689434051514
-3.4e+38 -3.4e+38 -3.4e+38 -3.4e+38 -3.4e+38 9.58852672576904 8.97073650360107 8.64956474304199 8.59309864044189 9.08088302612305 8.81607437133789 8.09951877593994 8.48811531066895 8.86111164093018 8.32629299163818 8.30865383148193 7.94546747207642 7.59510517120361 -3.4e+38 -3.4e+38 8.99894905090332 8.95351886749268 8.85416793823242 9.04180908203125 8.5717887878418 9.02141094207764 8.74352359771729 8.43537139892578 8.00072479248047 8.82385540008545 8.90183258056641 8.19048118591309 8.16177177429199 8.77500343322754 9.10475921630859 8.9702787399292 8.32783126831055 8.18790721893311 8.07623863220215 8.73074531555176 8.63848495483398 9.40954399108887 9.78308868408203 10.3505868911743 10.3467493057251 9.81444549560547 9.776535987854
-3.4e+38 -3.4e+38 -3.4e+38 -3.4e+38 -3.4e+38 8.14949035644531 7.70591259002686 8.26373291015625 8.81157970428467 8.99370288848877 8.93413829803467 8.9580192565918 8.52094078063965 8.42520332336426 8.60625457763672 8.06316375732422 7.98880481719971 7.62863254547119 -3.4e+38 10.8784523010254 8.33945655822754 8.95962810516357 8.52004814147949 8.32163715362549 8.92698192596436 9.02452659606934 8.81299686431885 8.66239738464355 8.30859756469727 8.85046577453613 8.64972496032715 8.97625350952148 9.15063762664795 9.66496276855469 9.34470081329346 8.70430755615234 8.9204273223877 8.6233959197998 8.42206573486328 7.72933626174927 8.17717933654785 9.02683734893799 9.32108688354492 9.93728160858154 10.1937589645386 10.1599340438843 9.46961498260498
-339999999999999996128486808808066248288.000000000000000 -3.4e+38 -3.4e+38 -3.4e+38 -3.4e+38 8.48440647125244 8.30362129211426 8.34944725036621 8.82168292999268 8.68035697937012 8.75794506072998 7.94806051254272 8.60941696166992 7.94321823120117 7.54853963851929 7.69280195236206 8.43186664581299 8.27652740478516 8.40603733062744 8.54437446594238 8.21484470367432 8.47282218933105 8.70618915557861 8.71098041534424 9.185622215271 9.10388946533203 9.23448371887207 8.62324810028076 8.80749034881592 8.58968448638916 8.4312162399292 9.07135486602783 9.0991039276123 9.51456832885742 9.126389503479 8.53776741027832 8.42619132995605 8.64420127868652 8.8430700302124 8.35196590423584 8.04621982574463 8.76560592651367 9.0107593536377 9.10639762878418 10.0310792922974 10.3771076202393 9.81489372253418
-3.4e+38 -3.4e+38 -3.4e+38 -3.4e+38 9.29609680175781 8.74426746368408 8.22942733764648 7.88917970657349 8.65146923065186 8.95569324493408 9.0944995880127 9.00938701629639 8.75076675415039 8.7104959487915 8.23832893371582 8.43121242523193 7.69091558456421 8.48903179168701 9.12960720062256 8.26724529266357 8.43202209472656 8.06326580047607 7.84771060943604 7.78864622116089 8.76262092590332 7.54251718521118 9.66872787475586 8.61500835418701 9.03753280639648 8.49202823638916 8.20731067657471 8.65036964416504 8.72959518432617 8.81715869903564 8.54970359802246 8.21533584594727 8.12760353088379 8.63978576660156 9.41575622558594 8.76377868652344 8.74298477172852 8.52686595916748 8.76988792419434 9.24078750610352 9.34760475158691 9.71837520599365 10.5071134567261
-3.4e+38 -3.4e+38 -3.4e+38 -3.4e+38 9.34368228912354 9.02864360809326 8.17778205871582 7.77404499053955 8.06447887420654 8.85904312133789 9.26150035858154 9.34235572814941 8.36078548431396 8.71704959869385 8.99148845672607 8.7618579864502 8.13386535644531 7.92639303207397 7.61818933486938 8.16354274749756 9.02169990539551 8.36993598937988 7.53852796554565 7.15687417984009 7.63975381851196 9.2469596862793 9.3026647567749 8.89874744415283 9.00745296478271 8.12643432617188 8.35870552062988 8.65795707702637 8.7959566116333 8.91873741149902 8.60290145874023 8.36289024353027 8.2274227142334 8.64263153076172 8.72487640380859 7.14024305343628 8.39257621765137 8.63208103179932 8.66172027587891 9.04908752441406 10.0440464019775 10.2972755432129 10.1798839569092
-3.4e+38 -3.4e+38 -3.4e+38 -3.4e+38 -3.4e+38 9.3293924331665 8.36027717590332 8.09059619903564 8.56185340881348 9.08622455596924 9.45611953735352 9.52690982818604 9.42142868041992 8.66379642486572 8.25762462615967 8.38029003143311 8.74674606323242 8.20356750488281 8.26106071472168 8.43939781188965 8.72786617279053 8.96679496765137 8.73789978027344 7.51787710189819 7.99374914169312 8.47432804107666 8.53332424163818 8.94206809997559 8.87783050537109 7.96621656417847 7.96700382232666 8.58597373962402 8.92790222167969 8.89625358581543 8.56831359863281 8.42297458648682 9.11643505096436 9.04052543640137 8.0671501159668 8.24157047271729 8.12227821350098 7.76700639724731 8.09297561645508 9.02364158630371 9.64154720306396 10.0431594848633 10.526930809021
-3.4e+38 -3.4e+38 -3.4e+38 -3.4e+38 -3.4e+38 9.06948852539062 8.91104507446289 8.41216373443604 9.28032398223877 9.180419921875 9.0711784362793 8.55511283874512 8.48848342895508 8.06704902648926 8.90032005310059 9.05770111083984 8.67825984954834 8.86524677276611 8.28653621673584 8.76348876953125 9.75934600830078 9.5820255279541 8.84144973754883 9.04436206817627 8.3556547164917 9.62838172912598 9.46054458618164 9.59833145141602 9.01374530792236 7.88030099868774 7.97231149673462 7.97975540161133 8.25450611114502 8.41915988922119 9.91355800628662 9.97294998168945 9.94448089599609 9.78248310089111 9.17815494537354 8.37957572937012 8.29555988311768 7.03463315963745 7.45431423187256 8.97867488861084 8.77978706359863 9.00833702087402 9.75449657440186
-3.4e+38 -3.4e+38 -3.4e+38 -3.4e+38 -3.4e+38 8.98443412780762 9.15062427520752 8.38177394866943 8.82968521118164 9.20157337188721 8.64365673065186 8.62808704376221 8.37939643859863 8.45142459869385 8.88474082946777 9.52800559997559 10.0359926223755 8.02865028381348 9.21980762481689 9.742751121521 10.0823307037354 9.03784561157227 9.15564441680908 8.62671661376953 7.43567371368408 8.08683013916016 8.73585987091064 8.69382667541504 8.87122821807861 8.42838573455811 8.24164295196533 8.55579280853271 8.82111072540283 8.79711055755615 9.42299461364746 9.35620307922363 8.8834753036499 6.90461921691895 7.32761716842651 7.31886577606201 6.80900287628174 6.94132423400879 6.71421480178833 7.87015008926392 8.45302200317383 8.5346794128418 9.68020343780518
-3.4e+38 -3.4e+38 -3.4e+38 -3.4e+38 -3.4e+38 -3.4e+38 9.97579002380371 8.90823364257812 8.67170715332031 8.39378261566162 8.56603336334229 8.99363422393799 8.51786708831787 8.25482749938965 9.15750789642334 8.96459197998047 8.97813892364502 8.54839515686035 9.29508304595947 9.65640258789062 9.8030309677124 10.3290767669678 10.3085918426514 9.38323020935059 8.04616355895996 7.79471063613892 8.2421178817749 9.05610084533691 8.92444133758545 8.59771728515625 7.83218383789062 8.0042142868042 8.54403972625732 7.69389963150024 8.48909473419189 8.74532508850098 6.96385288238525 6.91790437698364 6.45369577407837 6.68294334411621 6.48316192626953 6.59663915634155 6.56203174591064 7.53392457962036 7.87441825866699 8.58566379547119 9.08892631530762
-3.4e+38 -3.4e+38 -3.4e+38 -3.4e+38 -3.4e+38 -3.4e+38 10.7830848693848 9.09245777130127 8.66427898406982 8.71420192718506 9.13396835327148 9.04192638397217 8.34861660003662 8.49918365478516 8.96439456939697 8.6095666885376 8.85449314117432 8.53837394714355 9.05688571929932 9.17592525482178 9.36032390594482 10.0108757019043 10.5979557037354 9.79549312591553 8.85916042327881 7.79689931869507 8.54284763336182 8.78590679168701 8.99413013458252 8.34749794006348 8.07132434844971 7.6406946182251 7.81133460998535 7.24085569381714 8.37906837463379 7.36670398712158 5.75078058242798 7.39595365524292 8.15531826019287 8.18034839630127 7.95023107528687 6.55871152877808 6.86429119110107 7.71747732162476 8.22450065612793 8.67642974853516 9.13368129730225
-3.4e+38 -3.4e+38 -3.4e+38 -3.4e+38 -3.4e+38 -3.4e+38 11.9565963745117 10.0276575088501 8.88760375976562 8.98173522949219 9.23916816711426 9.12020015716553 7.94652557373047 8.74945735931396 8.39038467407227 7.72657299041748 8.99357318878174 8.59596538543701 8.56788158416748 9.20165157318115 9.12868499755859 9.72406101226807 9.98972797393799 9.55217170715332 9.53662300109863 8.70417594909668 8.78383350372314 8.5543737411499 9.03791999816895 9.33239841461182 8.07434177398682 7.60756349563599 7.36502552032471 6.64526224136353 8.1938648223877 7.91523504257202 7.90240049362183 8.19475555419922 8.17111301422119 8.22841930389404 7.06418418884277 7.10256767272949 8.01328563690186 7.99856090545654 7.94913005828857 8.28832149505615 8.16892242431641
-3.4e+38 -3.4e+38 -3.4e+38 -3.4e+38 -3.4e+38 -3.4e+38 13.8951930999756 10.4816274642944 7.79871082305908 7.73137521743774 8.72211265563965 8.37503910064697 8.1740083694458 8.57050704956055 8.78584289550781 8.5396842956543 9.51691055297852 9.00446319580078 9.07763957977295 9.06438827514648 9.36531162261963 10.1116771697998 10.1646289825439 9.62530326843262 8.89882469177246 8.62278270721436 8.27895259857178 8.58389091491699 8.88872528076172 9.09681415557861 8.63131999969482 8.67097568511963 7.86175966262817 7.84387159347534 7.96919822692871 7.53342294692993 8.20611095428467 7.5067663192749 6.79250001907349 5.88704299926758 5.64591932296753 7.24567365646362 6.57054758071899 7.87111139297485 7.16559505462646 8.71870613098145 8.31087303161621
-3.4e+38 -3.4e+38 -3.4e+38 -3.4e+38 -3.4e+38 -3.4e+38 13.8594217300415 10.408034324646 7.8191442489624 7.70670032501221 8.4514856338501 8.26096057891846 8.36664962768555 8.66290760040283 8.75260162353516 8.77244472503662 8.74988555908203 8.98510074615479 9.34802055358887 8.81616497039795 9.69041156768799 9.50253105163574 9.50612735748291 9.34497451782227 9.12627696990967 8.76099109649658 9.13158512115479 9.37836360931396 9.64598751068115 9.6625919342041 9.76624774932861 9.62647438049316 8.16366767883301 7.214195728302 7.13808250427246 7.05841779708862 5.97001838684082 7.41793203353882 7.81057119369507 8.54977130889893 -3.4e+38 10.4239530563354 10.3006105422974 9.54447078704834 9.29492378234863 9.49504089355469 9.20029544830322
-3.4e+38 -3.4e+38 -3.4e+38 -3.4e+38 -3.4e+38 -3.4e+38 11.4845428466797 10.1520729064941 8.9896764755249 8.58077716827393 8.38832664489746 8.39951992034912 8.83480358123779 7.86299848556519 8.20774745941162 8.65670013427734 8.79561805725098 9.06319713592529 8.91235256195068 9.13646602630615 8.93050956726074 8.83243370056152 8.64349174499512 8.46173477172852 8.65081977844238 9.25078010559082 9.30599594116211 9.27340412139893 9.5313835144043 9.78653335571289 10.1712989807129 10.0905113220215 8.76969432830811 7.31625747680664 7.05501317977905 6.90142488479614 8.31825828552246 7.9101676940918 7.59248065948486 7.49208974838257 9.14636421203613 9.54642677307129 9.96183490753174 9.76148414611816 9.22624111175537 8.13008975982666 9.28130912780762
-3.4e+38 -3.4e+38 -3.4e+38 -3.4e+38 -3.4e+38 -3.4e+38 9.90339279174805 9.7621374130249 8.38513278961182 8.22732639312744 8.26352691650391 8.47651386260986 8.76402568817139 8.30957221984863 8.58178234100342 8.96578216552734 9.0229024887085 8.87515544891357 8.95910930633545 9.26163578033447 9.24493598937988 9.71315479278564 9.16626262664795 8.47860813140869 8.93170261383057 8.92503261566162 8.77391815185547 8.73500728607178 9.18051052093506 9.22903442382812 9.19448757171631 9.83291435241699 9.26136207580566 9.16299247741699 7.55205583572388 8.40743064880371 8.26164817810059 8.1661434173584 7.68745422363281 7.80750799179077 8.4171724319458 9.43143272399902 9.2009449005127 9.54579544067383 9.95528030395508 8.14567565917969 9.66009998321533
-3.4e+38 -3.4e+38 -3.4e+38 -3.4e+38 -3.4e+38 9.92191600799561 10.4731597900391 9.21662998199463 8.44194602966309 8.58084487915039 8.00522708892822 8.06158542633057 9.68983459472656 8.23298168182373 8.5947093963623 8.83712196350098 8.4779577255249 8.75018215179443 8.8069543838501 8.89097881317139 9.42073345184326 9.77834892272949 9.11673164367676 9.44991302490234 9.58784961700439 9.08419609069824 8.03044128417969 7.99740791320801 8.62783718109131 9.49683666229248 9.92066478729248 8.37463665008545 8.20739078521729 8.45750045776367 7.17547750473022 9.00288486480713 8.8356819152832 8.70326805114746 8.56068801879883 6.63717269897461 8.81808662414551 9.15468311309814 10.0538692474365 9.39502811431885 9.75033283233643 7.819664478302 8.96273708343506
