Ecospace-environmental-drivers/Outputs/ASCII-for-ecospace/ChlA/ChlA_X2003.06.asc
NCOLS 131 
NROWS 53 
XLLCORNER -98 
YLLCORNER 23.9265270233154 
CELLSIZE 0.133587792515755 
NODATA_value -3.4e+38 
[rows 0 to 20 of 53, columns 47 to 93 of 131]
-3.4e+38 -3.4e+38 -3.4e+38 -3.4e+38 -3.4e+38 -3.4e+38 -3.4e+38 -3.4e+38 -3.4e+38 -3.4e+38 -3.4e+38 -3.4e+38 -3.4e+38 -3.4e+38 -3.4e+38 -3.4e+38 -3.4e+38 -3.4e+38 -3.4e+38 -3.4e+38 -3.4e+38 -3.4e+38 -3.4e+38 -3.4e+38 -3.4e+38 -3.4e+38 -3.4e+38 -3.4e+38 -3.4e+38 -3.4e+38 -3.4e+38 -3.4e+38 -3.4e+38 -3.4e+38 -3.4e+38 -3.4e+38 -3.4e+38 -3.4e+38 -3.4e+38 -3.4e+38 -3.4e+38 -3.4e+38 -3.4e+38 -3.4e+38 -3.4e+38 -3.4e+38 -3.4e+38
-3.4e+38 -3.4e+38 -3.4e+38 -3.4e+38 -3.4e+38 -3.4e+38 -3.4e+38 -3.4e+38 -3.4e+38 -3.4e+38 -3.4e+38 -3.4e+38 -3.4e+38 -3.4e+38 -3.4e+38 -3.4e+38 -3.4e+38 -3.4e+38 -3.4e+38 -3.4e+38 -3.4e+38 -3.4e+38 -3.4e+38 -3.4e+38 -3.4e+38 -3.4e+38 -3.4e+38 -3.4e+38 -3.4e+38 -3.4e+38 -3.4e+38 -3.4e+38 -3.4e+38 -3.4e+38 -3.4e+38 -3.4e+38 -3.4e+38 -3.4e+38 -3.4e+38 -3.4e+38 -3.4e+38 -3.4e+38 -3.4e+38 -3.4e+38 -3.4e+38 -3.4e+38 -3.4e+38
-3.4e+38 -3.4e+38 -3.4e+38 -3.4e+38 -3.4e+38 -3.4e+38 -3.4e+38 -3.4e+38 -3.4e+38 -3.4e+38 -3.4e+38 -3.4e+38 -3.4e+38 -3.4e+38 -3.4e+38 -3.4e+38 -3.4e+38 -3.4e+38 -3.4e+38 -3.4e+38 -3.4e+38 -3.4e+38 -3.4e+38 -3.4e+38 -3.4e+38 -3.4e+38 -3.4e+38 -3.4e+38 -3.4e+38 -3.4e+38 -3.4e+38 -3.4e+38 -3.4e+38 -3.4e+38 -3.4e+38 -3.4e+38 -3.4e+38 -3.4e+38 -3.4e+38 -3.4e+38 -3.4e+38 -3.4e+38 -3.4e+38 -3.4e+38 -3.4e+38 -3.4e+38 -3.4e+38
-3.4e+38 -3.4e+38 -3.4e+38 -3.4e+38 -3.4e+38 -3.4e+38 -3.4e+38 -3.4e+38 -3.4e+38 -3.4e+38 -3.4e+38 -3.4e+38 -3.4e+38 -3.4e+38 -3.4e+38 -3.4e+38 -3.4e+38 -3.4e+38 -3.4e+38 -3.4e+38 -3.4e+38 -3.4e+38 -3.4e+38 -3.4e+38 -3.4e+38 -3.4e+38 -3.4e+38 -3.4e+38 -3.4e+38 -3.4e+38 -3.4e+38 -3.4e+38 -3.4e+38 -3.4e+38 -3.4e+38 -3.4e+38 -3.4e+38 -3.4e+38 -3.4e+38 -3.4e+38 -3.4e+38 -3.4e+38 -3.4e+38 -3.4e+38 -3.4e+38 -3.4e+38 -3.4e+38
-3.4e+38 -3.4e+38 -3.4e+38 -3.4e+38 -3.4e+38 -3.4e+38 -3.4e+38 -3.4e+38 -3.4e+38 -3.4e+38 -3.4e+38 -3.4e+38 -3.4e+38 -3.4e+38 -3.4e+38 -3.4e+38 -3.4e+38 -3.4e+38 -3.4e+38 -3.4e+38 18.3612632751465 18.1429557800293 -3.4e+38 -3.4e+38 -3.4e+38 -3.4e+38 -3.4e+38 -3.4e+38 -3.4e+38 -3.4e+38 -3.4e+38 -3.4e+38 -3.4e+38 -3.4e+38 -3.4e+38 11.3079414367676 10.7254505157471 9.66250038146973 10.0121746063232 10.4779453277588 -3.4e+38 -3.4e+38 -3.4e+38 -3.4e+38 -3.4e+38 -3.4e+38 -3.4e+38
-3.4e+38 -3.4e+38 -3.4e+38 -3.4e+38 -3.4e+38 -3.4e+38 -3.4e+38 -3.4e+38 -3.4e+38 -3.4e+38 15.8121528625488 15.6330986022949 17.5883827209473 -3.4e+38 -3.4e+38 -3.4e+38 -3.4e+38 -3.4e+38 20.4288196563721 19.7047939300537 19.025074005127 19.6930637359619 21.9924163818359 16.7020130157471 16.3508148193359 15.4145011901855 14.2926597595215 19.1455974578857 11.8788137435913 16.7220630645752 18.4822177886963 18.8624820709229 16.2536869049072 13.1044321060181 11.6540203094482 11.2692232131958 11.4886178970337 10.989559173584 10.4627084732056 9.73952674865723 9.02055644989014 10.0890522003174 10.1276664733887 -3.4e+38 -3.4e+38 -3.4e+38 -3.4e+38
-3.4e+38 -3.4e+38 -3.4e+38 -3.4e+38 -3.4e+38 -3.4e+38 -3.4e+38 -3.4e+38 -3.4e+38 -3.4e+38 16.6197395324707 17.8243522644043 17.5122413635254 18.2850341796875 -3.4e+38 23.7134780883789 21.7917175292969 21.3659648895264 21.3178310394287 19.9353065490723 18.5004692077637 17.7540531158447 16.2196941375732 16.9686031341553 16.9055767059326 16.4329833984375 16.9487285614014 18.0052261352539 15.3511934280396 14.8482713699341 16.7594585418701 17.3860015869141 18.0413570404053 9.15124893188477 12.7199287414551 13.4912357330322 12.4650402069092 11.763970375061 11.1506280899048 10.4286184310913 10.0703449249268 9.85871982574463 9.83224010467529 10.6415700912476 9.18978214263916 -3.4e+38 -3.4e+38
-3.4e+38 -3.4e+38 -3.4e+38 -3.4e+38 -3.4e+38 -3.4e+38 -3.4e+38 -3.4e+38 -3.4e+38 -3.4e+38 -3.4e+38 -3.4e+38 17.6343727111816 -3.4e+38 -3.4e+38 23.7310829162598 24.5719566345215 -3.4e+38 -3.4e+38 20.9532814025879 19.7634944915771 18.9129257202148 16.2748508453369 15.2882452011108 15.3004341125488 15.4597234725952 16.3803691864014 17.8341464996338 14.0449924468994 12.1910886764526 14.2040576934814 14.1764039993286 -3.4e+38 -3.4e+38 -3.4e+38 -3.4e+38 12.505220413208 12.3606557846069 13.00013256073 9.90926742553711 9.13270378112793 8.76079273223877 9.69071865081787 10.5929050445557 10.8447437286377 10.0921478271484 13.8164043426514
-3.4e+38 -3.4e+38 -3.4e+38 -3.4e+38 -3.4e+38 -3.4e+38 -3.4e+38 -3.4e+38 -3.4e+38 -3.4e+38 -3.4e+38 -3.4e+38 -3.4e+38 -3.4e+38 -3.4e+38 -3.4e+38 -3.4e+38 -3.4e+38 -3.4e+38 23.1153259277344 21.2987155914307 19.9009971618652 19.7992935180664 16.4871883392334 14.9456310272217 11.332106590271 11.5548820495605 13.4076623916626 -3.4e+38 -3.4e+38 -3.4e+38 -3.4e+38 -3.4e+38 13.0913124084473 11.6678342819214 11.7570419311523 -3.4e+38 -3.4e+38 11.0674247741699 9.73595905303955 7.48732566833496 7.73175621032715 9.72611522674561 10.4983205795288 11.0543355941772 9.75283145904541 11.0811910629272
-3.4e+38 -3.4e+38 -3.4e+38 -3.4e+38 -3.4e+38 -3.4e+38 -3.4e+38 -3.4e+38 -3.4e+38 -3.4e+38 -3.4e+38 -3.4e+38 -3.4e+38 -3.4e+38 -3.4e+38 -3.4e+38 -3.4e+38 -3.4e+38 22.9704036712646 21.9165496826172 20.984245300293 20.8607711791992 19.0305328369141 15.4921617507935 14.6496477127075 12.3059120178223 12.2938060760498 -3.4e+38 14.2977123260498 13.8387041091919 -3.4e+38 -3.4e+38 -3.4e+38 -3.4e+38 12.2407932281494 12.3412418365479 -3.4e+38 7.12204122543335 10.476752281189 9.63046741485596 9.25313186645508 8.88674163818359 9.6445369720459 9.75240325927734 10.6951179504395 9.74929237365723 10.3359346389771
-3.4e+38 -3.4e+38 -3.4e+38 -3.4e+38 -3.4e+38 -3.4e+38 -3.4e+38 -3.4e+38 -3.4e+38 -3.4e+38 -3.4e+38 -3.4e+38 -3.4e+38 -3.4e+38 -3.4e+38 -3.4e+38 22.047664642334 22.4838275909424 24.1284160614014 23.1444644927979 22.7343463897705 23.5259037017822 20.4583148956299 17.5739135742188 16.4982070922852 15.3722515106201 12.7591896057129 12.403208732605 12.1779708862305 12.143759727478 12.7786159515381 12.8419570922852 -3.4e+38 13.6664781570435 12.9440507888794 11.3752584457397 9.50197601318359 8.44402980804443 9.956130027771 9.97731113433838 9.59919166564941 9.87617874145508 10.0286388397217 9.47928524017334 9.74135208129883 9.94724941253662 10.7562370300293
-3.4e+38 -3.4e+38 -3.4e+38 -3.4e+38 -3.4e+38 -3.4e+38 -3.4e+38 -3.4e+38 -3.4e+38 -3.4e+38 -3.4e+38 -3.4e+38 -3.4e+38 -3.4e+38 -3.4e+38 -3.4e+38 -3.4e+38 24.9350967407227 23.963623046875 22.5442047119141 24.1195106506348 25.6649627685547 23.9278774261475 23.4872989654541 22.9846935272217 21.405086517334 16.6888866424561 11.8291759490967 12.5829038619995 13.681396484375 14.8443536758423 14.0502185821533 12.2045907974243 11.5052843093872 11.2537174224854 10.7336502075195 9.96444702148438 10.6972827911377 9.80076885223389 9.26346302032471 7.5887656211853 7.80208539962769 9.32517719268799 8.79564476013184 9.48280048370361 9.87849521636963 10.3229179382324
16.5906982421875 -3.4e+38 -3.4e+38 -3.4e+38 -3.4e+38 -3.4e+38 -3.4e+38 -3.4e+38 -3.4e+38 -3.4e+38 -3.4e+38 -3.4e+38 -3.4e+38 19.7575016021729 20.2170066833496 -3.4e+38 -3.4e+38 -3.4e+38 -3.4e+38 21.4451103210449 23.7991561889648 25.721658706665 25.127758026123 24.4316310882568 22.1658878326416 21.3077373504639 18.6491012573242 14.027928352356 13.354679107666 13.8508653640747 14.1365165710449 13.7705955505371 12.7699794769287 11.63303565979 11.4790067672729 10.8802900314331 10.5960578918457 10.7623872756958 10.1401786804199 9.19723701477051 8.47080993652344 9.23687553405762 10.2778434753418 9.07433032989502 9.23096752166748 9.26199722290039 9.76880359649658
15.6307020187378 15.8823223114014 12.6920852661133 19.077127456665 15.4029903411865 14.5149745941162 17.9941787719727 20.7902355194092 14.3654451370239 18.4561233520508 18.6035346984863 -3.4e+38 18.4736518859863 18.8620300292969 17.5543003082275 18.5177822113037 -3.4e+38 -3.4e+38 -3.4e+38 23.4391860961914 20.4975109100342 20.6916656494141 21.298807144165 21.9483909606934 20.5814666748047 19.1734027862549 18.7056102752686 15.5954933166504 12.2912464141846 12.33616065979 12.1859827041626 12.2730693817139 12.619255065918 11.2115421295166 10.0198631286621 9.52027320861816 7.4913330078125 7.5638575553894 8.15396595001221 8.35368633270264 8.93373489379883 11.2206811904907 10.130087852478 9.73938465118408 9.30607795715332 9.17143630981445 9.36302089691162
16.8439807891846 15.9937429428101 14.8987331390381 18.8034076690674 17.4476299285889 16.4705753326416 21.0819549560547 19.4717483520508 18.0571002960205 19.2988414764404 18.5782451629639 19.718053817749 18.5128059387207 17.8982410430908 18.129903793335 19.3421802520752 20.6107959747314 22.8208084106445 -3.4e+38 23.4911804199219 22.7931690216064 22.218391418457 21.5206604003906 22.7814903259277 21.5899829864502 20.4711360931396 16.1704998016357 12.9668111801147 10.6028642654419 10.3984708786011 10.4119253158569 10.66135597229 10.1079292297363 9.9942102432251 8.09303760528564 7.69867658615112 9.30106639862061 9.00784969329834 8.04648494720459 10.2336826324463 8.73446464538574 9.66662502288818 9.34628009796143 9.41189193725586 9.05655193328857 9.81259822845459 9.63625335693359
13.3424777984619 15.2958278656006 18.8090667724609 20.9539451599121 19.1909694671631 17.6825714111328 18.6283149719238 18.13063621521 17.2281665802002 16.7892513275146 17.2921485900879 17.6648082733154 16.5498828887939 15.5643634796143 15.5679273605347 18.5406341552734 24.2707824707031 27.769702911377 24.837926864624 22.2816066741943 22.3693790435791 22.2057876586914 22.9069366455078 24.4121398925781 20.5910816192627 20.8594818115234 17.2006931304932 9.69685649871826 6.3613486289978 7.90843963623047 6.73521137237549 6.06470632553101 7.56940174102783 8.69330215454102 9.27891445159912 9.06520557403564 8.65034103393555 8.06776714324951 8.56467819213867 7.54260587692261 7.61005878448486 8.74401187896729 9.50739097595215 9.03695583343506 8.9705057144165 9.86126136779785 10.0595750808716
17.8835964202881 14.7839756011963 12.5983810424805 19.7087898254395 21.7451839447021 22.2949676513672 18.8983459472656 12.6021852493286 13.0273780822754 15.3312082290649 14.8207950592041 14.5037527084351 15.1551284790039 15.8984327316284 16.0372142791748 18.3000335693359 20.6405143737793 21.6008892059326 22.1598663330078 21.1118965148926 20.7511196136475 17.9892177581787 20.1272659301758 21.2338085174561 18.4372158050537 14.1859827041626 16.6038055419922 10.1870603561401 8.34560108184814 7.96358442306519 9.59317493438721 6.48542881011963 6.58307552337646 7.36639308929443 9.34372806549072 9.78685760498047 9.71937942504883 8.83732128143311 9.02164554595947 7.81739568710327 8.39532279968262 8.82980346679688 8.44408988952637 7.9789023399353 8.74444770812988 9.33591079711914 9.31289672851562
11.8234281539917 10.9636383056641 14.3256216049194 17.2682418823242 16.7323093414307 17.0097713470459 17.5069351196289 12.7975797653198 11.9060726165771 12.8419218063354 13.9374475479126 14.842248916626 16.2507228851318 15.4610567092896 14.8840570449829 13.7970218658447 15.5904951095581 19.2367458343506 20.8111724853516 19.5800304412842 15.925332069397 12.3999128341675 12.248571395874 14.1682376861572 10.4351224899292 8.58007717132568 9.32793140411377 10.0761270523071 7.15032529830933 3.13112163543701 5.82545185089111 5.71808576583862 4.48767137527466 5.56581211090088 9.981125831604 6.26326942443848 8.56810474395752 9.48829174041748 9.37741279602051 8.59413814544678 8.07509803771973 9.13359451293945 8.01179981231689 8.56484222412109 8.63269996643066 8.95712566375732 9.17381572723389
10.1799077987671 9.59503269195557 9.81929874420166 13.1963758468628 15.1928005218506 15.1765241622925 14.7679538726807 13.4309434890747 11.7696084976196 12.6769065856934 12.8132476806641 12.4560480117798 12.2159118652344 10.7200660705566 9.78266048431396 9.52013206481934 7.12301635742188 11.1882848739624 13.6645851135254 9.32144165039062 10.4756965637207 11.8568105697632 7.79846858978271 9.0655517578125 8.01714324951172 7.77708196640015 7.22579431533813 9.89365673065186 7.79557847976685 6.4276762008667 3.91915416717529 4.62789964675903 6.65671586990356 6.56824731826782 6.44428157806396 6.10574531555176 7.05461692810059 7.43533325195312 7.51766920089722 7.95023059844971 8.58028602600098 9.87737941741943 8.88265514373779 9.16252136230469 8.71916770935059 9.35424327850342 9.32995510101318
8.95929050445557 7.54979658126831 8.35128211975098 9.3920259475708 10.0531482696533 10.4287767410278 11.2561931610107 12.9384527206421 13.4461803436279 13.1040821075439 11.58021068573 10.8210945129395 9.30394840240479 7.86053228378296 6.39112234115601 5.82949304580688 6.97046518325806 8.3542537689209 9.20045566558838 10.6764984130859 10.1683464050293 9.88269138336182 9.61670684814453 7.48038721084595 7.69511127471924 6.13832855224609 7.08608293533325 6.63963794708252 7.2702465057373 6.26728916168213 6.32347440719604 7.18900060653687 7.91340827941895 8.14958667755127 8.53865623474121 6.03114366531372 6.06061363220215 7.79770183563232 6.85960578918457 7.10191011428833 8.47636890411377 9.36218929290771 9.43918418884277 8.83368396759033 9.17678260803223 8.92123222351074 9.17803764343262
9.72317314147949 9.44395542144775 9.09348392486572 8.60615348815918 8.76202964782715 8.76382064819336 9.10277462005615 9.35346603393555 10.3853693008423 11.2357816696167 10.5185089111328 8.92505550384521 8.57920551300049 7.99404907226562 7.40355587005615 6.79671907424927 7.39067220687866 8.07196235656738 7.68720388412476 8.37408065795898 10.823842048645 13.552960395813 15.441632270813 17.6722450256348 14.2717933654785 10.7965049743652 10.0011653900146 9.02862548828125 8.34163761138916 7.4812479019165 7.81204080581665 8.82014560699463 8.64600849151611 7.63028049468994 7.74655342102051 7.66662311553955 7.24100828170776 9.08929920196533 9.11533546447754 8.35414981842041 8.96807861328125 8.40009593963623 9.20405101776123 9.1539945602417 9.54410266876221 9.29987239837646 9.13551902770996
