Ecospace-environmental-drivers/Outputs/ASCII-for-ecospace/ChlA/ChlA_X2009.11.asc
NCOLS 131 
NROWS 53 
XLLCORNER -98 
YLLCORNER 23.9265270233154 
CELLSIZE 0.133587792515755 
NODATA_value -3.4e+38 
[rows 0 to 20 of 53, columns 47 to 93 of 131]
-3.4e+38 -3.4e+38 -3.4e+38 -3.4e+38 -3.4e+38 -3.4e+38 -3.4e+38 -3.4e+38 -3.4e+38 -3.4e+38 -3.4e+38 -3.4e+38 -3.4e+38 -3.4e+38 -3.4e+38 -3.4e+38 -3.4e+38 -3.4e+38 -3.4e+38 -3.4e+38 -3.4e+38 -3.4e+38 -3.4e+38 -3.4e+38 -3.4e+38 -3.4e+38 -3.4e+38 -3.4e+38 -3.4e+38 -3.4e+38 -3.4e+38 -3.4e+38 -3.4e+38 -3.4e+38 -3.4e+38 -3.4e+38 -3.4e+38 -3.4e+38 -3.4e+38 -3.4e+38 -3.4e+38 -3.4e+38 -3.4e+38 -3.4e+38 -3.4e+38 -3.4e+38 -3.4e+38
-3.4e+38 -3.4e+38 -3.4e+38 -3.4e+38 -3.4e+38 -3.4e+38 -3.4e+38 -3.4e+38 -3.4e+38 -3.4e+38 -3.4e+38 -3.4e+38 -3.4e+38 -3.4e+38 -3.4e+38 -3.4e+38 -3.4e+38 -3.4e+38 -3.4e+38 -3.4e+38 -3.4e+38 -3.4e+38 -3.4e+38 -3.4e+38 -3.4e+38 -3.4e+38 -3.4e+38 -3.4e+38 -3.4e+38 -3.4e+38 -3.4e+38 -3.4e+38 -3.4e+38 -3.4e+38 -3.4e+38 -3.4e+38 -3.4e+38 -3.4e+38 -3.4e+38 -3.4e+38 -3.4e+38 -3.4e+38 -3.4e+38 -3.4e+38 -3.4e+38 -3.4e+38 -3.4e+38
-3.4e+38 -3.4e+38 -3.4e+38 -3.4e+38 -3.4e+38 -3.4e+38 -3.4e+38 -3.4e+38 -3.4e+38 -3.4e+38 -3.4e+38 -3.4e+38 -3.4e+38 -3.4e+38 -3.4e+38 -3.4e+38 -3.4e+38 -3.4e+38 -3.4e+38 -3.4e+38 -3.4e+38 -3.4e+38 -3.4e+38 -3.4e+38 -3.4e+38 -3.4e+38 -3.4e+38 -3.4e+38 -3.4e+38 -3.4e+38 -3.4e+38 -3.4e+38 -3.4e+38 -3.4e+38 -3.4e+38 -3.4e+38 -3.4e+38 -3.4e+38 -3.4e+38 -3.4e+38 -3.4e+38 -3.4e+38 -3.4e+38 -3.4e+38 -3.4e+38 -3.4e+38 -3.4e+38
-3.4e+38 -3.4e+38 -3.4e+38 -3.4e+38 -3.4e+38 -3.4e+38 -3.4e+38 -3.4e+38 -3.4e+38 -3.4e+38 -3.4e+38 -3.4e+38 -3.4e+38 -3.4e+38 -3.4e+38 -3.4e+38 -3.4e+38 -3.4e+38 -3.4e+38 -3.4e+38 -3.4e+38 -3.4e+38 -3.4e+38 -3.4e+38 -3.4e+38 -3.4e+38 -3.4e+38 127.38631439209 131.643157958984 -3.4e+38 -3.4e+38 -3.4e+38 -3.4e+38 -3.4e+38 230.10920715332 -3.4e+38 -3.4e+38 -3.4e+38 -3.4e+38 73.7356796264648 165.613632202148 -3.4e+38 -3.4e+38 -3.4e+38 -3.4e+38 -3.4e+38 -3.4e+38
-3.4e+38 -3.4e+38 -3.4e+38 -3.4e+38 -3.4e+38 -3.4e+38 -3.4e+38 -3.4e+38 -3.4e+38 -3.4e+38 -3.4e+38 230.002090454102 -3.4e+38 -3.4e+38 -3.4e+38 -3.4e+38 -3.4e+38 -3.4e+38 -3.4e+38 144.077178955078 135.24641418457 136.824752807617 180.926986694336 -3.4e+38 131.542388916016 149.639251708984 -3.4e+38 138.149719238281 178.144485473633 -3.4e+38 -3.4e+38 -3.4e+38 -3.4e+38 -3.4e+38 230.10920715332 85.7005233764648 39.329475402832 47.4205474853516 68.2001037597656 54.7845039367676 84.5881881713867 -3.4e+38 -3.4e+38 -3.4e+38 -3.4e+38 -3.4e+38 -3.4e+38
-3.4e+38 -3.4e+38 -3.4e+38 -3.4e+38 -3.4e+38 -3.4e+38 -3.4e+38 -3.4e+38 208.160720825195 230.580947875977 156.621154785156 155.111663818359 156.93473815918 142.010162353516 -3.4e+38 -3.4e+38 -3.4e+38 138.085601806641 138.236297607422 118.86873626709 107.524757385254 122.815353393555 129.684707641602 128.73210144043 127.228691101074 141.23876953125 146.665496826172 132.33268737793 139.205902099609 131.601760864258 126.989036560059 134.974716186523 130.916229248047 83.204231262207 44.6181869506836 36.5135078430176 32.9360847473145 34.2106170654297 44.0096855163574 37.6415481567383 34.4605751037598 34.5706901550293 41.2156639099121 40.4225616455078 -3.4e+38 -3.4e+38 -3.4e+38
-3.4e+38 -3.4e+38 -3.4e+38 -3.4e+38 -3.4e+38 -3.4e+38 -3.4e+38 -3.4e+38 -3.4e+38 148.925170898438 136.673919677734 119.589042663574 114.301216125488 127.324287414551 130.938461303711 131.987503051758 135.356781005859 133.726852416992 114.239433288574 101.118896484375 85.1114959716797 88.9364852905273 98.4960021972656 105.192779541016 98.0421829223633 100.79759979248 105.288192749023 95.9042892456055 69.1335830688477 62.1429710388184 57.9554176330566 51.3246307373047 55.6272621154785 41.4167594909668 29.3428211212158 24.4374141693115 22.7875156402588 23.3601970672607 24.749324798584 26.4572620391846 26.2707176208496 26.9581604003906 29.7667350769043 40.3274536132812 57.1372108459473 -3.4e+38 -3.4e+38
-3.4e+38 -3.4e+38 -3.4e+38 -3.4e+38 -3.4e+38 -3.4e+38 -3.4e+38 -3.4e+38 -3.4e+38 -3.4e+38 137.699645996094 129.721038818359 132.316253662109 139.960113525391 134.349227905273 129.572891235352 128.411483764648 130.472915649414 104.108551025391 94.7896270751953 82.6585464477539 80.7715682983398 71.6451110839844 66.5849456787109 73.0617980957031 78.9318618774414 77.1383285522461 64.5359649658203 49.9679298400879 41.7004127502441 33.4167175292969 28.3751735687256 28.5483264923096 24.8147754669189 22.6162281036377 21.1298007965088 20.831033706665 20.8747482299805 20.8382663726807 20.868034362793 21.6658706665039 23.1319522857666 24.9594058990479 29.8867568969727 45.6782073974609 57.1093521118164 86.6393966674805
-3.4e+38 -3.4e+38 -3.4e+38 -3.4e+38 -3.4e+38 -3.4e+38 -3.4e+38 -3.4e+38 -3.4e+38 -3.4e+38 -3.4e+38 -3.4e+38 -3.4e+38 -3.4e+38 -3.4e+38 127.057746887207 -3.4e+38 202.987426757812 114.945442199707 89.5701522827148 78.9729690551758 75.1175308227539 58.9221878051758 44.9589576721191 41.4200286865234 42.7429428100586 44.8094253540039 39.0694847106934 32.9605255126953 30.1752853393555 25.5727825164795 22.389368057251 23.0600509643555 21.1385688781738 19.8580646514893 19.7653617858887 19.6361808776855 19.5891036987305 20.176399230957 19.5999279022217 19.9752807617188 20.5313835144043 22.4812335968018 26.2730827331543 33.2910995483398 46.8905258178711 71.6041412353516
-3.4e+38 -3.4e+38 -3.4e+38 -3.4e+38 -3.4e+38 -3.4e+38 -3.4e+38 -3.4e+38 -3.4e+38 -3.4e+38 166.320236206055 144.361343383789 -3.4e+38 -3.4e+38 -3.4e+38 -3.4e+38 -3.4e+38 113.036743164062 97.0331573486328 84.1353225708008 75.942138671875 68.2892303466797 51.5932235717773 42.2487754821777 38.8705673217773 35.8519058227539 33.7605972290039 35.1800727844238 28.3522109985352 23.9198589324951 22.3100185394287 20.9203681945801 20.2928905487061 19.0985927581787 18.9597129821777 18.288990020752 17.96169090271 18.3072814941406 19.273868560791 19.3518962860107 19.4521808624268 19.7497692108154 22.2595920562744 26.3085098266602 30.4862365722656 42.1421966552734 62.7335243225098
-3.4e+38 -3.4e+38 -3.4e+38 -3.4e+38 -3.4e+38 -3.4e+38 -3.4e+38 -3.4e+38 -3.4e+38 -3.4e+38 -3.4e+38 -3.4e+38 -3.4e+38 -3.4e+38 -3.4e+38 157.670379638672 137.494659423828 109.473823547363 94.1772003173828 86.2348556518555 75.3046569824219 64.6002044677734 50.3114891052246 41.0790786743164 31.9720306396484 30.3981513977051 28.2131671905518 26.5057373046875 25.5174961090088 22.8516807556152 21.8476676940918 20.703161239624 19.592601776123 19.0543956756592 18.2045783996582 17.7433052062988 17.6878986358643 17.9805431365967 18.7925796508789 20.0645885467529 21.1831150054932 21.4176464080811 22.5781936645508 25.5756015777588 30.8059539794922 42.3473014831543 53.5672225952148
91.7771835327148 114.487289428711 -3.4e+38 -3.4e+38 -3.4e+38 -3.4e+38 -3.4e+38 -3.4e+38 -3.4e+38 -3.4e+38 -3.4e+38 -3.4e+38 -3.4e+38 180.799789428711 -3.4e+38 -3.4e+38 102.841621398926 100.924865722656 95.6061553955078 90.9829483032227 75.3459701538086 61.0056762695312 49.9129028320312 38.2821388244629 24.4613780975342 24.5209197998047 24.5585556030273 22.321533203125 21.8430290222168 22.0140132904053 20.6295394897461 19.9151382446289 19.6887893676758 18.4883480072021 17.9590396881104 18.1726055145264 17.5614795684814 16.9942264556885 17.3188533782959 19.6824779510498 21.6527519226074 21.8630695343018 23.1109256744385 26.9556732177734 37.3679580688477 42.56396484375 47.9950332641602
100.508430480957 105.684173583984 108.689567565918 -3.4e+38 -3.4e+38 -3.4e+38 -3.4e+38 -3.4e+38 158.103713989258 152.292846679688 -3.4e+38 -3.4e+38 161.339660644531 155.803833007812 145.368499755859 102.483345031738 -3.4e+38 -3.4e+38 -3.4e+38 100.864356994629 78.3063354492188 57.195743560791 43.3800163269043 28.5213298797607 24.3229217529297 23.1226425170898 22.6741256713867 21.5846347808838 20.4822101593018 19.8302593231201 18.7051944732666 17.6779670715332 17.5349769592285 17.5416679382324 17.2932949066162 17.2775173187256 16.9386901855469 16.6034545898438 17.4225101470947 17.7036380767822 18.926061630249 20.239875793457 21.8889122009277 24.0295543670654 30.9423637390137 36.252815246582 35.9376182556152
105.332946777344 104.473114013672 113.026573181152 121.209739685059 131.014068603516 126.434143066406 134.563568115234 156.826690673828 126.540756225586 110.412826538086 159.046936035156 113.82341003418 131.937652587891 121.52693939209 115.119560241699 95.7685241699219 79.3505935668945 81.7992553710938 -3.4e+38 96.9595565795898 95.4478149414062 54.0342483520508 32.248462677002 26.7570476531982 24.9755210876465 22.767448425293 22.2205333709717 20.5711841583252 19.0733165740967 18.1913242340088 17.1067180633545 16.2347850799561 16.0207862854004 16.3967666625977 16.3922119140625 16.3552436828613 16.703540802002 16.6140022277832 16.5957641601562 16.1954345703125 17.0589504241943 17.5545825958252 20.4855613708496 21.6374816894531 21.6182422637939 23.5567588806152 24.7978477478027
97.8980712890625 99.3333435058594 100.010215759277 106.528915405273 102.536766052246 108.76725769043 110.878562927246 119.018142700195 106.829833984375 98.572395324707 119.641098022461 119.737525939941 113.699905395508 103.144737243652 102.204933166504 98.1445922851562 89.7822189331055 81.6133041381836 -3.4e+38 82.3693695068359 87.5499038696289 53.8832130432129 27.4479160308838 22.9192543029785 21.0637340545654 20.7901077270508 20.2938575744629 18.1675720214844 17.0252056121826 16.2639636993408 16.0675601959229 16.0664710998535 15.7212514877319 15.6862468719482 15.5133504867554 15.9927234649658 16.2093353271484 15.7519216537476 15.8188562393188 16.0784149169922 17.4313011169434 17.3283576965332 18.0600032806396 18.4196395874023 18.7245101928711 18.979211807251 20.0969867706299
88.9428024291992 93.1877899169922 92.643684387207 91.272705078125 85.6525650024414 83.4778137207031 86.1796569824219 102.184631347656 108.476249694824 101.573959350586 106.310478210449 98.6947937011719 90.368049621582 90.1057586669922 91.6256942749023 89.9203033447266 90.4271240234375 87.1791152954102 86.4722747802734 83.669303894043 71.7798461914062 36.6498870849609 19.9696369171143 18.4830913543701 18.3659992218018 18.5339069366455 17.4681053161621 16.072114944458 15.9159421920776 15.7238569259644 15.7305221557617 15.7188777923584 15.8867568969727 15.6167268753052 15.6147356033325 15.5796747207642 15.6398296356201 15.5338096618652 15.5487375259399 15.752833366394 16.8699436187744 17.3358516693115 16.8282413482666 16.5341758728027 17.0182723999023 17.7319183349609 18.395679473877
71.172737121582 72.4890975952148 77.3337631225586 73.7400054931641 71.5992126464844 69.2410278320312 71.5923843383789 81.19384765625 97.1120529174805 110.996597290039 99.5226821899414 91.663200378418 82.8913955688477 81.8129348754883 87.1664733886719 88.2328796386719 87.8905258178711 81.5201568603516 77.4759521484375 64.762939453125 49.8024978637695 27.2835788726807 17.4586772918701 16.8670349121094 16.4772415161133 16.2937717437744 16.0654678344727 15.7683744430542 15.6291513442993 15.3143196105957 15.4816036224365 15.5586729049683 15.3963785171509 15.4249830245972 15.573034286499 15.5001468658447 15.3416366577148 15.2493762969971 15.3748025894165 15.612624168396 16.3875598907471 16.6094608306885 15.7195692062378 15.8593311309814 16.3094844818115 17.2208042144775 18.2239475250244
58.9949531555176 60.6371040344238 62.7488594055176 65.1068725585938 68.4546890258789 71.9524230957031 70.0019302368164 71.9556884765625 82.414909362793 109.853172302246 86.6670303344727 77.2940673828125 76.239631652832 79.1061172485352 82.7120208740234 85.3449859619141 80.8372802734375 75.3722305297852 68.1327972412109 53.4720497131348 39.7956809997559 22.9422874450684 17.5751132965088 16.7916297912598 16.3449306488037 16.1801471710205 15.9930028915405 15.844033241272 15.6661367416382 15.667911529541 15.6138925552368 15.5809669494629 15.2882041931152 15.3317279815674 15.2434368133545 15.1097269058228 15.3101854324341 15.439624786377 15.4269275665283 15.4886608123779 15.9561567306519 16.1453056335449 15.8564176559448 16.3470516204834 16.3050441741943 16.7099189758301 16.53200340271
49.4228401184082 50.2144165039062 48.3512496948242 57.7027626037598 55.6440696716309 53.2274208068848 52.5384826660156 55.8739051818848 71.2749557495117 107.599159240723 81.0477142333984 67.117057800293 69.0444412231445 71.7910385131836 73.9467849731445 68.2931823730469 63.2591972351074 62.8427238464355 54.2070083618164 42.6957473754883 28.3262310028076 20.581148147583 17.4546413421631 16.4300346374512 16.5772914886475 16.302116394043 16.3195018768311 16.346248626709 16.4377384185791 16.1813678741455 15.7816858291626 15.7155408859253 15.5788488388062 15.1469507217407 15.0456314086914 15.1301651000977 15.311803817749 15.4031133651733 15.6640615463257 15.582501411438 15.3157987594604 15.5452184677124 15.68994140625 15.7301435470581 16.3495864868164 16.3495311737061 15.6591005325317
40.0783958435059 39.9567756652832 39.9066352844238 43.6300430297852 45.2680015563965 45.1089477539062 47.2857513427734 47.2683868408203 57.4223556518555 86.7627868652344 75.0231704711914 62.0641250610352 58.6301231384277 66.5387496948242 68.4281539916992 57.7471160888672 49.3798599243164 53.7577896118164 46.316837310791 32.5062789916992 23.118185043335 19.5747623443604 16.9760627746582 16.4819641113281 16.507984161377 16.5826473236084 15.9820613861084 16.5635585784912 16.2003974914551 15.6626443862915 15.7723302841187 15.304615020752 15.30712890625 15.3125276565552 15.1640958786011 15.2448358535767 15.1587285995483 15.2425241470337 15.4954109191895 15.3091402053833 15.293966293335 15.5034961700439 15.5823125839233 15.7074613571167 15.8798694610596 15.3762798309326 15.5522718429565
24.9119262695312 23.8626861572266 25.8972549438477 31.9933242797852 42.1122932434082 46.4105529785156 47.1785736083984 43.8025588989258 50.3371315002441 75.8427352905273 67.972785949707 57.4942932128906 60.1703720092773 62.7482948303223 51.0949554443359 47.9749565124512 48.3852386474609 45.8663215637207 34.3206520080566 21.8031425476074 19.2153625488281 17.6781024932861 16.5222568511963 16.3153305053711 16.3585529327393 16.5311889648438 16.0523109436035 16.2394866943359 16.156587600708 15.9469585418701 15.7848234176636 15.2499017715454 15.1578006744385 15.0608339309692 15.3298559188843 15.4065275192261 15.3686304092407 15.2637891769409 15.1494054794312 15.2701225280762 15.4915313720703 15.3715620040894 15.2100658416748 14.9592409133911 14.9214181900024 14.9504442214966 14.8955011367798
