Ecospace-environmental-drivers/Outputs/ASCII-for-ecospace/ChlA/ChlA_X2021.08.asc
NCOLS 131 
NROWS 53 
XLLCORNER -98 
YLLCORNER 23.9265270233154 
CELLSIZE 0.133587792515755 
NODATA_value -3.4e+38 
[rows 21 to 41 of 53, columns 0 to 46 of 131]
-3.4e+38 -3.4e+38 -3.4e+38 -3.4e+38 -3.4e+38 -3.4e+38 -3.4e+38 -3.4e+38 -3.4e+38 12.8883743286133 15.4667797088623 14.0749969482422 12.4765748977661 10.6149482727051 9.80374526977539 9.88894081115723 9.97462844848633 9.07193088531494 9.2147102355957 9.88226890563965 9.69877910614014 9.33635139465332 9.8951587677002 9.82518005371094 9.40171813964844 9.73391342163086 10.3152370452881 9.83964824676514 9.60098266601562 9.84788799285889 9.62416744232178 9.27748489379883 9.45009326934814 9.91397762298584 9.82114219665527 9.47104454040527 9.19529151916504 9.39940643310547 10.3857002258301 9.89787673950195 10.1255369186401 9.68530178070068 9.47081565856934 9.49185085296631 9.77691268920898 9.40655326843262 8.7548360824585
-3.4e+38 -3.4e+38 -3.4e+38 -3.4e+38 -3.4e+38 -3.4e+38 -3.4e+38 -3.4e+38 18.5430679321289 13.8846797943115 10.6029434204102 10.6160364151001 11.1468906402588 10.3778409957886 9.52352428436279 9.07566070556641 8.99731159210205 8.90545558929443 8.86124801635742 9.46882724761963 10.040901184082 9.70517063140869 10.3313655853271 7.71000099182129 10.2895603179932 10.3874092102051 10.5994167327881 10.3176622390747 10.8084239959717 9.88094234466553 9.77241992950439 9.43412303924561 9.1093864440918 9.09663105010986 9.46424102783203 9.72454261779785 10.2926540374756 10.3736782073975 10.5207071304321 10.5442380905151 10.3976783752441 9.78717994689941 9.41818332672119 9.38594150543213 9.196702003479 9.20184230804443 9.05288600921631
-3.4e+38 -3.4e+38 -3.4e+38 -3.4e+38 22.9776954650879 22.4075374603271 20.8359603881836 17.2894020080566 13.6785011291504 10.3025598526001 9.01315307617188 8.97883987426758 9.8998498916626 9.38246154785156 8.45527744293213 8.60304260253906 9.04618835449219 8.9362964630127 8.91488647460938 9.25623798370361 9.4360237121582 9.78768062591553 10.08131980896 9.6703052520752 9.77610492706299 9.63157367706299 9.87802505493164 10.7059268951416 10.3018579483032 9.94163990020752 9.66201114654541 10.7471694946289 10.3315267562866 10.2310342788696 10.7585897445679 10.8465909957886 10.7636747360229 10.3031711578369 10.2952880859375 10.8016786575317 10.0585346221924 8.16588592529297 9.62843132019043 9.20394325256348 9.20055675506592 9.28997230529785 9.13473320007324
-3.4e+38 -3.4e+38 -3.4e+38 -3.4e+38 -3.4e+38 22.1920490264893 16.3959407806396 13.6201782226562 9.98988914489746 9.18717479705811 9.124192237854 9.09115886688232 8.94283771514893 9.30329132080078 8.86714363098145 8.91160106658936 9.09036731719971 8.80817794799805 9.12801933288574 9.21467590332031 9.43369197845459 9.86553955078125 10.0639457702637 9.57842636108398 9.18482685089111 9.31181621551514 9.23250007629395 10.497444152832 10.4721212387085 10.587836265564 9.94360160827637 8.97722339630127 10.4654245376587 10.419867515564 10.183572769165 10.2421197891235 10.5337343215942 9.91439533233643 9.85414695739746 10.1247425079346 9.64826488494873 9.37084674835205 9.77249813079834 7.66663312911987 9.12163162231445 8.60014057159424 9.11566925048828
-3.4e+38 -3.4e+38 -3.4e+38 -3.4e+38 -3.4e+38 16.3258972167969 14.9386024475098 12.0781726837158 9.21398735046387 8.90065574645996 9.1603479385376 9.12364196777344 9.19103336334229 9.25203704833984 9.20130634307861 9.29437160491943 8.79433536529541 9.36278533935547 9.26928806304932 9.57607078552246 9.66694164276123 9.52615928649902 10.2440395355225 9.01871776580811 8.80196189880371 9.59220600128174 10.3289432525635 10.4074058532715 10.648699760437 10.2140588760376 9.89099979400635 10.3443269729614 10.3068695068359 9.73358726501465 10.3110008239746 9.65264987945557 10.2949991226196 9.98754405975342 9.39297580718994 9.13772201538086 8.89725875854492 8.91084480285645 10.16823387146 10.1714372634888 9.85929775238037 8.55881214141846 8.83355045318604
-3.4e+38 -3.4e+38 -3.4e+38 -3.4e+38 -3.4e+38 15.2708978652954 12.4910860061646 9.78966999053955 8.77917575836182 9.0352611541748 9.08991241455078 9.39761829376221 9.09805679321289 9.10346221923828 9.46789169311523 9.28104686737061 9.68286228179932 9.78748035430908 9.42026710510254 9.59230804443359 9.93049335479736 10.0510835647583 9.97020530700684 9.71044540405273 8.92735481262207 9.629469871521 10.4282703399658 10.0468120574951 10.1746940612793 10.0482225418091 10.1126918792725 10.5875844955444 9.57591247558594 10.015100479126 10.9531030654907 9.18970394134521 9.48282527923584 9.44879817962646 9.61923885345459 9.23672389984131 9.35708141326904 9.12459564208984 8.86398315429688 9.3188304901123 8.04357814788818 9.4834451675415 7.19841957092285
-3.4e+38 -3.4e+38 -3.4e+38 -3.4e+38 -3.4e+38 13.8594579696655 9.7752857208252 8.44630813598633 8.96972370147705 8.80337333679199 8.44204330444336 8.54195213317871 9.08463573455811 8.83052825927734 8.92335414886475 8.96717071533203 9.09446716308594 9.46459197998047 9.20678424835205 9.56009483337402 10.1304626464844 11.4725198745728 10.2627725601196 10.1513719558716 10.1993732452393 9.66486835479736 9.67841720581055 9.62214756011963 10.0235013961792 10.1396570205688 9.48019027709961 10.1073617935181 11.2967500686646 8.66697120666504 9.29334259033203 8.92121410369873 9.02567672729492 9.49584579467773 9.63679122924805 9.48052406311035 9.17575931549072 9.30289840698242 9.70287227630615 9.39886856079102 9.1200008392334 8.55335712432861 7.23069477081299
-339999999999999996128486808808066248288.000000000000000 -3.4e+38 -3.4e+38 -3.4e+38 17.9786949157715 13.7042045593262 9.71839809417725 8.430419921875 8.7195520401001 8.84119701385498 9.25519943237305 9.33743286132812 9.1523323059082 8.88508987426758 9.04986000061035 8.99501514434814 9.25397396087646 9.40050983428955 9.5068359375 9.60606002807617 9.79239654541016 12.2785129547119 10.2556371688843 11.1763334274292 10.403413772583 9.76217555999756 9.66064643859863 9.18286991119385 9.61860084533691 10.5410108566284 9.93815898895264 9.79616355895996 10.6019859313965 10.192759513855 9.27434825897217 8.74522972106934 9.85151672363281 9.53377342224121 9.7336368560791 10.144061088562 10.5092115402222 9.13270664215088 9.50876903533936 9.43581676483154 9.9928674697876 9.04895114898682 7.86267423629761
-3.4e+38 -3.4e+38 -3.4e+38 -3.4e+38 16.1188316345215 12.1894884109497 9.14262199401855 8.64832496643066 8.84843158721924 9.23072242736816 9.01122951507568 9.14143085479736 9.15961933135986 9.28492259979248 9.26471424102783 8.81607532501221 9.02752113342285 9.52724170684814 9.492431640625 9.90873050689697 9.43254661560059 9.93747520446777 10.4229221343994 10.6138496398926 9.58033275604248 9.28129100799561 10.3465089797974 10.1861276626587 10.8163194656372 10.9322843551636 9.95185470581055 10.0913591384888 9.17807102203369 9.19851112365723 8.9133243560791 8.65499782562256 9.67962455749512 8.76834583282471 9.10330295562744 9.52028751373291 9.60382461547852 9.85004901885986 10.1381797790527 10.076831817627 9.82542991638184 8.80524921417236 6.99093675613403
-3.4e+38 -3.4e+38 -3.4e+38 -3.4e+38 15.0428085327148 12.304238319397 8.94525337219238 8.59539127349854 8.87237167358398 9.15205097198486 9.42538642883301 9.58605003356934 8.90916061401367 8.68108081817627 9.0372896194458 8.81469821929932 9.08340835571289 9.53940200805664 9.29370403289795 10.0336494445801 9.9776668548584 9.90462207794189 9.99118232727051 10.2093677520752 9.4376745223999 9.91814041137695 11.1740074157715 9.12357711791992 9.44042015075684 10.0587453842163 10.7674570083618 9.51274490356445 10.1872100830078 9.57874774932861 8.80066204071045 8.84441947937012 8.91895198822021 8.77107334136963 8.73006916046143 9.17169952392578 9.51365089416504 10.7408266067505 10.2942514419556 10.1860046386719 10.0784959793091 9.10269832611084 7.54878282546997
-3.4e+38 -3.4e+38 -3.4e+38 -3.4e+38 -3.4e+38 12.6644134521484 9.25745964050293 8.22943210601807 8.77768135070801 9.35999298095703 9.43732261657715 9.45709037780762 9.25538539886475 8.98649215698242 9.02377891540527 9.00759410858154 9.43624401092529 9.824951171875 9.88558959960938 9.7250509262085 9.67146015167236 10.1989097595215 10.8052320480347 10.7855863571167 10.2460308074951 10.5173187255859 9.67404747009277 9.58758640289307 9.12679481506348 8.47918701171875 7.72910690307617 8.8329906463623 10.0517883300781 10.0796403884888 10.6526393890381 10.2578401565552 8.36617755889893 8.61574745178223 8.96140480041504 9.19521045684814 9.05625152587891 9.28798675537109 9.34964084625244 10.2631387710571 10.1903705596924 9.36652278900146 7.9382119178772
-3.4e+38 -3.4e+38 -3.4e+38 -3.4e+38 -3.4e+38 17.1974773406982 10.2632884979248 8.67244434356689 9.08474922180176 8.99161338806152 9.87153148651123 9.64016056060791 9.79134941101074 9.46349430084229 9.33565425872803 9.17899131774902 9.20720100402832 9.22607803344727 9.66439914703369 9.54541969299316 9.39828777313232 9.78257751464844 10.779541015625 11.517165184021 9.97181797027588 9.62694644927979 9.74941349029541 10.3206262588501 10.0272121429443 10.5845756530762 10.444842338562 10.0425910949707 9.55632495880127 10.2254428863525 11.2229928970337 10.2000761032104 9.66155242919922 9.52285766601562 9.9850902557373 10.5281095504761 9.33066654205322 9.46782398223877 9.75728034973145 10.1731996536255 10.3590335845947 10.0838489532471 8.96602725982666
-3.4e+38 -3.4e+38 -3.4e+38 -3.4e+38 -3.4e+38 16.9107551574707 10.9521894454956 8.70963096618652 9.09274005889893 9.64812469482422 9.50540637969971 9.40588665008545 10.1048345565796 9.63624000549316 9.27431011199951 9.5211296081543 9.7003812789917 9.43330001831055 9.47339630126953 9.72017097473145 10.0233507156372 9.80821323394775 10.7109909057617 10.3184938430786 10.109691619873 9.95802974700928 10.1454496383667 11.5771408081055 10.2187280654907 10.1213455200195 10.1881771087646 9.91609573364258 9.31171131134033 9.61582088470459 10.6281890869141 10.4992694854736 9.74265670776367 7.08749485015869 -3.4e+38 10.7141981124878 8.87376308441162 9.04644775390625 9.4040412902832 9.99502277374268 10.1498527526855 9.93599796295166 9.51025295257568
-3.4e+38 -3.4e+38 -3.4e+38 -3.4e+38 -3.4e+38 15.069239616394 11.5892057418823 9.15263652801514 9.13935947418213 9.58474254608154 9.29055118560791 9.7857666015625 9.19924449920654 9.35237979888916 9.31951904296875 9.17525005340576 9.34666728973389 9.56863689422607 10.0746326446533 10.0977830886841 9.45311737060547 9.61840057373047 9.99011325836182 10.3359031677246 10.499963760376 10.4025297164917 10.5432167053223 10.8926219940186 10.8356704711914 9.95966911315918 9.956862449646 9.30721187591553 9.95162963867188 10.7892408370972 11.4837951660156 9.54048347473145 9.34530735015869 10.0418910980225 12.1322908401489 13.0590362548828 11.9242992401123 9.6547269821167 9.11073589324951 9.71454620361328 10.29909324646 10.3627901077271 9.64771366119385
-3.4e+38 -3.4e+38 -3.4e+38 -3.4e+38 -3.4e+38 -3.4e+38 12.4987449645996 9.72076606750488 8.98243999481201 9.49718475341797 9.28983592987061 9.70319557189941 9.28921031951904 9.28530979156494 9.50109672546387 9.32324409484863 9.34708118438721 9.94143486022949 9.99026584625244 9.88733005523682 9.15188503265381 9.20363807678223 10.2536964416504 10.3250322341919 10.2872076034546 10.6166934967041 10.7074337005615 10.744481086731 10.5179824829102 10.2915802001953 9.59347057342529 8.75308418273926 9.4129695892334 10.4349603652954 11.1745290756226 11.1802711486816 10.3595275878906 10.428204536438 11.1055784225464 10.3075513839722 -3.4e+38 9.94313049316406 9.63637351989746 9.79619598388672 10.2005472183228 10.4334936141968 9.80979824066162
-3.4e+38 -3.4e+38 -3.4e+38 -3.4e+38 -3.4e+38 -3.4e+38 16.9572296142578 11.1322650909424 8.63352203369141 9.02325248718262 9.30620288848877 9.2060432434082 9.54133415222168 9.8275260925293 9.67271137237549 9.69658470153809 9.69013786315918 10.2766141891479 9.95821475982666 9.22751235961914 9.1721887588501 9.89120483398438 9.90378189086914 10.6575593948364 10.6906824111938 10.4350318908691 9.69916725158691 10.5664262771606 10.2125234603882 10.7185525894165 10.4842510223389 9.82833099365234 10.3949508666992 9.29627132415771 10.1322593688965 9.94921493530273 8.47133827209473 11.4294443130493 10.7475776672363 10.4448680877686 10.9623222351074 10.3190956115723 10.1203622817993 10.448902130127 10.1074018478394 9.99016761779785 9.68899440765381
-3.4e+38 -3.4e+38 -3.4e+38 -3.4e+38 -3.4e+38 -3.4e+38 18.2318572998047 11.5257863998413 9.24363803863525 9.29179763793945 9.43901443481445 9.2813081741333 9.52011871337891 10.7317161560059 9.72288227081299 9.75247001647949 9.87159252166748 10.1467456817627 9.63669872283936 9.81787395477295 10.071382522583 9.76248073577881 9.83257675170898 10.0432024002075 11.0516624450684 10.2622137069702 10.4808502197266 10.3258810043335 10.227502822876 10.9173679351807 10.6983585357666 11.5212678909302 10.4220581054688 9.61859703063965 9.63968276977539 9.82821750640869 9.42863178253174 10.9136800765991 9.6536922454834 10.4650163650513 10.2373170852661 11.9823293685913 10.6117811203003 11.3625755310059 10.5702266693115 10.2503681182861 9.924072265625
-3.4e+38 -3.4e+38 -3.4e+38 -3.4e+38 -3.4e+38 -3.4e+38 19.6198883056641 11.0816555023193 9.22383689880371 9.37553691864014 9.79390144348145 9.70281982421875 7.46063184738159 9.37908458709717 9.5114221572876 9.7114315032959 9.73092937469482 9.96651268005371 9.57719707489014 10.1554164886475 9.84864902496338 9.85111522674561 10.5176334381104 10.4612340927124 10.016095161438 9.90435314178467 10.1852407455444 10.466983795166 10.314697265625 10.6126842498779 10.8625755310059 10.4798727035522 9.58155345916748 10.4485311508179 9.3014554977417 9.9036283493042 9.42957973480225 9.92524433135986 9.77473926544189 9.92173480987549 9.40943241119385 8.66529178619385 8.04980278015137 10.2065744400024 11.6082668304443 8.91912364959717 8.34758281707764
-3.4e+38 -3.4e+38 -3.4e+38 -3.4e+38 -3.4e+38 -3.4e+38 13.6832437515259 9.94995498657227 8.62740135192871 8.65268230438232 8.72882175445557 10.2845487594604 10.5212802886963 9.95588493347168 9.52202415466309 9.73543262481689 9.95454597473145 9.89555931091309 10.0961866378784 10.0800523757935 9.9241304397583 10.5347843170166 10.2263031005859 10.2090253829956 10.2959403991699 10.6240816116333 10.8379611968994 10.9470882415771 10.2331924438477 10.3986692428589 10.4070711135864 10.1550226211548 9.29276657104492 9.91397285461426 9.79700660705566 8.96822357177734 9.29893779754639 9.75810718536377 9.97370147705078 9.66323757171631 9.41315269470215 9.66562175750732 7.99633550643921 5.70584630966187 6.93568754196167 7.41072988510132 9.07123184204102
-3.4e+38 -3.4e+38 -3.4e+38 -3.4e+38 -3.4e+38 11.6845054626465 10.9140615463257 9.17628002166748 8.96405982971191 9.41829299926758 9.71926975250244 9.83133983612061 9.98434829711914 9.73162078857422 9.32204532623291 9.98517799377441 10.4177865982056 9.92539691925049 10.0096797943115 9.98763179779053 9.80898094177246 10.8838081359863 9.94608783721924 10.1195096969604 10.3125009536743 10.7020826339722 11.2187843322754 11.1659269332886 10.8394393920898 10.2142143249512 10.2847805023193 10.7321844100952 9.02304840087891 9.65651512145996 10.083028793335 9.39966487884521 9.77663135528564 9.89483451843262 10.1104907989502 9.74484729766846 9.92559337615967 9.39646911621094 9.81112480163574 9.49977970123291 8.55544662475586 9.7086763381958 9.25623512268066
-3.4e+38 -3.4e+38 -3.4e+38 -3.4e+38 -3.4e+38 11.1472616195679 10.3883228302002 8.98338031768799 8.98007392883301 10.0673675537109 9.62386035919189 9.38000011444092 10.0234498977661 10.307502746582 9.60054111480713 9.59415721893311 10.0468864440918 10.3107233047485 9.84872913360596 9.75757026672363 9.91563701629639 10.4612712860107 9.52588844299316 9.73001480102539 10.5115375518799 10.1932210922241 10.3100776672363 10.9184913635254 11.0279979705811 10.2278289794922 10.3900089263916 10.4008169174194 9.93349075317383 9.92295265197754 9.67911529541016 9.96776485443115 9.79397583007812 9.97350788116455 10.007908821106 10.2228546142578 9.71878433227539 8.91591167449951 9.68772792816162 11.8684167861938 10.7963571548462 9.58364200592041 9.19489860534668
