Ecospace-environmental-drivers/Outputs/ASCII-for-ecospace/ChlA/ChlA_X2016.09.asc
NCOLS 131 
NROWS 53 
XLLCORNER -98 
YLLCORNER 23.9265270233154 
CELLSIZE 0.133587792515755 
NODATA_value -3.4e+38 
[rows 21 to 41 of 53, columns 0 to 46 of 131]
-3.4e+38 -3.4e+38 -3.4e+38 -3.4e+38 -3.4e+38 -3.4e+38 115.586608886719 -3.4e+38 122.708610534668 114.536834716797 115.405342102051 85.2893371582031 55.0955848693848 31.6540622711182 22.2377185821533 19.088171005249 19.6193141937256 19.4135570526123 19.3808135986328 18.7474098205566 17.8991222381592 15.9239721298218 14.6442651748657 14.5211200714111 14.3290863037109 14.1631059646606 14.0344915390015 14.327691078186 14.0584783554077 13.5352621078491 13.4405450820923 13.2749099731445 13.3935232162476 12.9645338058472 13.0253162384033 13.0012140274048 12.5113649368286 12.7802438735962 13.0494995117188 12.7088289260864 12.6253633499146 13.031964302063 13.2510175704956 13.3821811676025 13.5032110214233 14.2961177825928 15.2156896591187
-3.4e+38 -3.4e+38 -3.4e+38 -3.4e+38 -3.4e+38 -3.4e+38 115.586608886719 -3.4e+38 93.8255386352539 101.109245300293 82.4098663330078 51.8637046813965 29.3577785491943 20.4496593475342 17.7425079345703 17.0079898834229 16.6406707763672 17.5171051025391 16.8892726898193 16.9385299682617 16.4036884307861 15.7409267425537 15.6790552139282 15.5952596664429 15.2165803909302 14.347113609314 14.1073446273804 13.888222694397 13.490984916687 13.2285327911377 12.7408599853516 12.577709197998 12.4215793609619 12.1415147781372 12.2042779922485 12.1339330673218 12.0305404663086 12.5309238433838 12.2422685623169 11.7933797836304 12.0533437728882 12.745548248291 13.2325897216797 13.1667041778564 12.6735048294067 13.0337762832642 14.9903049468994
-3.4e+38 -3.4e+38 -3.4e+38 -3.4e+38 -3.4e+38 109.229629516602 -3.4e+38 119.414291381836 91.4242248535156 59.4306869506836 40.1703720092773 25.0958614349365 19.1249847412109 17.4896125793457 15.4944181442261 15.2899703979492 13.7277851104736 15.1058406829834 15.3029050827026 15.8243207931519 15.6634531021118 14.9751081466675 15.9996480941772 16.3568534851074 16.3027191162109 15.6866340637207 15.0803165435791 14.3469142913818 13.6135292053223 13.2229909896851 12.4147539138794 11.9823522567749 11.7962484359741 11.7937564849854 11.8592824935913 11.8877820968628 11.9437007904053 11.9184818267822 11.8055896759033 11.6111602783203 12.026873588562 12.2789659500122 12.5261945724487 12.258581161499 12.026912689209 13.5743532180786 15.3942670822144
-3.4e+38 -3.4e+38 -3.4e+38 -3.4e+38 95.4928588867188 115.153953552246 97.8625793457031 87.9610290527344 72.3959884643555 38.36669921875 22.5332260131836 19.166223526001 17.1133823394775 16.2665367126465 16.112340927124 14.6826057434082 14.1183109283447 13.0187349319458 13.2420845031738 14.7751235961914 15.4024934768677 15.1892642974854 15.5364646911621 15.8728580474854 15.9987316131592 16.1024913787842 15.0772361755371 13.4464282989502 12.854962348938 13.0187330245972 11.9388589859009 11.9058704376221 11.7358016967773 11.7857179641724 11.9346418380737 11.9607725143433 12.0053672790527 12.0173587799072 11.9013729095459 11.931544303894 12.1170959472656 12.3016710281372 12.5319986343384 12.2831411361694 12.2113409042358 13.6360054016113 15.1959991455078
-3.4e+38 -3.4e+38 -3.4e+38 -3.4e+38 -3.4e+38 95.2502899169922 90.0448608398438 80.5494613647461 52.8391876220703 26.8757362365723 18.6644554138184 15.961669921875 15.7672863006592 16.7642860412598 15.5887746810913 13.0197858810425 12.9292593002319 12.72633934021 12.5762939453125 14.2123785018921 13.6287689208984 14.3787670135498 15.1289205551147 15.1993732452393 15.0579643249512 15.303147315979 15.0364217758179 13.1445531845093 12.2040424346924 12.1507091522217 11.7359008789062 11.9107036590576 11.7584161758423 11.7206621170044 11.7591028213501 11.8292617797852 11.9148063659668 12.0497550964355 12.0015830993652 12.0602197647095 12.2112007141113 12.5454244613647 12.6305274963379 12.2820711135864 11.7590494155884 11.9511442184448 13.910626411438
-3.4e+38 -3.4e+38 -3.4e+38 -3.4e+38 -3.4e+38 127.73902130127 102.087158203125 70.0995712280273 32.7481155395508 18.2756824493408 14.250527381897 13.561261177063 13.0574245452881 14.214672088623 13.6977615356445 13.1191453933716 12.5049085617065 12.1489305496216 12.2863426208496 12.7884502410889 12.5083312988281 12.6930112838745 13.2256736755371 13.2670345306396 14.6573171615601 15.1646976470947 13.9887046813965 12.6383409500122 11.632378578186 11.668381690979 11.5872802734375 11.7242822647095 11.8633594512939 11.7605781555176 11.7723588943481 11.7692403793335 11.8795766830444 12.3463373184204 12.307186126709 12.0065174102783 11.9644298553467 11.831036567688 11.7897567749023 11.9689788818359 11.5871486663818 11.7455539703369 11.6276016235352
-3.4e+38 -3.4e+38 -3.4e+38 -3.4e+38 -3.4e+38 103.057624816895 97.297981262207 52.8260536193848 27.715259552002 18.6699523925781 15.410737991333 13.2457599639893 13.298849105835 14.5562953948975 14.3852052688599 13.7239894866943 13.2813091278076 12.2600383758545 11.5896320343018 11.514199256897 11.328049659729 11.4173192977905 11.8343286514282 11.991753578186 12.9778680801392 13.4352149963379 12.8935766220093 11.7112045288086 11.5200109481812 11.5178871154785 11.6191940307617 11.8368005752563 12.1166477203369 12.2723360061646 11.9251556396484 11.9513130187988 12.4064750671387 12.0831289291382 11.8746557235718 11.7212829589844 11.6385374069214 11.6360960006714 11.576060295105 11.7773342132568 11.6848649978638 11.6222295761108 11.6445283889771
-339999999999999996128486808808066248288.000000000000000 -3.4e+38 -3.4e+38 -3.4e+38 65.7794799804688 78.771484375 80.9177474975586 56.6521301269531 29.6486625671387 21.0243377685547 18.0157299041748 13.3599128723145 12.9553928375244 14.1047801971436 14.3024015426636 14.6525945663452 14.8037977218628 13.7032098770142 12.1894636154175 11.247389793396 11.1600036621094 11.2070751190186 11.3919582366943 11.7616367340088 12.0137128829956 12.4402837753296 11.8908319473267 11.773736000061 11.8121070861816 11.4042940139771 11.5627756118774 12.1277370452881 12.1451692581177 12.4611053466797 12.1128797531128 11.9155187606812 12.016339302063 12.006799697876 11.7912921905518 11.6333312988281 11.478554725647 11.4134654998779 11.4779453277588 11.5201044082642 11.5903997421265 11.6725244522095 11.6302833557129
-3.4e+38 -3.4e+38 -3.4e+38 -3.4e+38 81.5311965942383 74.9314727783203 66.1338806152344 51.4678192138672 26.4061679840088 22.3693237304688 17.0983047485352 13.0962009429932 13.5295715332031 13.9572830200195 15.4952907562256 15.8146295547485 14.8966035842896 14.8644580841064 11.5633983612061 11.4327697753906 11.8085918426514 11.3227100372314 11.2225027084351 11.4066400527954 11.3807163238525 11.9248237609863 12.1155128479004 12.189902305603 12.7507457733154 11.5066614151001 11.982105255127 12.1811037063599 12.3319177627563 12.4339332580566 12.2860450744629 12.0884304046631 12.0236330032349 11.8402185440063 11.706151008606 11.7668809890747 11.8519315719604 11.9405059814453 12.2353916168213 12.15647315979 12.2454195022583 12.238320350647 11.9049472808838
-3.4e+38 -3.4e+38 -3.4e+38 -3.4e+38 87.8849792480469 79.8690338134766 67.2030334472656 57.6091156005859 35.237174987793 23.641300201416 15.7524766921997 14.7083005905151 14.2179565429688 14.2167329788208 15.8235359191895 15.8887672424316 13.8513832092285 12.8009147644043 13.5286197662354 13.235424041748 12.7153806686401 11.7971696853638 11.3528251647949 11.3670625686646 11.4658517837524 11.4815998077393 11.7439289093018 12.6629590988159 12.5661220550537 11.624210357666 11.8830757141113 12.198431968689 12.4863214492798 12.3426752090454 12.3068065643311 12.1396493911743 12.0910873413086 11.9180870056152 11.7249794006348 11.7266263961792 12.0541687011719 12.548656463623 12.6454982757568 12.3643140792847 12.1548442840576 11.9288129806519 11.5778255462646
-3.4e+38 -3.4e+38 -3.4e+38 -3.4e+38 -3.4e+38 88.6827163696289 74.7582244873047 59.6948699951172 40.6348075866699 28.2433700561523 17.2464065551758 14.8259716033936 15.8770132064819 15.9847011566162 15.5653057098389 15.3523578643799 14.788990020752 13.3993310928345 14.3695077896118 13.7468919754028 12.86452293396 11.6156377792358 11.3053321838379 11.5297412872314 11.3469886779785 11.4411916732788 11.6089811325073 12.2121286392212 11.3132095336914 11.6503524780273 11.9491662979126 12.0973834991455 12.1804780960083 12.3815269470215 12.3767137527466 12.1485643386841 12.2028656005859 12.094783782959 11.8700494766235 12.1039247512817 12.4575910568237 12.8645534515381 12.3700742721558 11.926607131958 11.3613185882568 11.2364816665649 11.2199678421021
-3.4e+38 -3.4e+38 -3.4e+38 -3.4e+38 -3.4e+38 89.1440582275391 98.1630020141602 80.1747817993164 40.7579803466797 34.6394882202148 20.2951316833496 15.9579362869263 16.8714256286621 15.3674201965332 14.6306238174438 14.6117563247681 16.4835777282715 15.7273559570312 14.8781652450562 12.1493864059448 11.9646883010864 11.7454233169556 11.2020320892334 11.285906791687 11.4985275268555 11.567681312561 11.7686738967896 11.2630529403687 11.3059701919556 11.6370429992676 12.1011447906494 11.8904695510864 12.1980075836182 12.5447864532471 12.678201675415 12.3436632156372 12.0164165496826 11.8789176940918 11.7930212020874 12.4567527770996 12.8057956695557 12.390191078186 12.0946931838989 11.6336145401001 11.2262544631958 11.0150156021118 10.9036283493042
-3.4e+38 -3.4e+38 -3.4e+38 -3.4e+38 -3.4e+38 68.2636032104492 84.6309967041016 78.3076400756836 49.5031661987305 38.1697425842285 22.5761489868164 18.483039855957 17.0692462921143 16.394811630249 15.0287456512451 14.8140258789062 15.7684679031372 15.4330835342407 15.959508895874 12.347825050354 11.5666198730469 11.3446235656738 11.108455657959 11.1559562683105 11.2792634963989 11.1872320175171 10.8919296264648 10.8802528381348 11.1047811508179 11.7187566757202 12.0689210891724 11.8024759292603 12.1290330886841 12.033763885498 12.1861400604248 12.102668762207 11.7145681381226 11.7505369186401 12.0783891677856 12.7267360687256 12.8907594680786 12.1856851577759 11.6986379623413 11.5345125198364 11.2049646377563 10.6453399658203 10.7291145324707
-3.4e+38 -3.4e+38 -3.4e+38 -3.4e+38 -3.4e+38 67.6878433227539 79.0798568725586 73.6585159301758 61.1425590515137 42.8172225952148 21.0582523345947 16.8410396575928 16.9927978515625 16.6797351837158 15.7715177536011 14.7766904830933 13.8824863433838 14.5404672622681 14.5988521575928 11.7344655990601 11.5440607070923 11.6606483459473 11.1422185897827 11.0485200881958 11.0997791290283 11.2091999053955 11.1922645568848 10.9642667770386 11.1067485809326 11.501371383667 11.7915077209473 11.8912601470947 11.8581399917603 11.9565210342407 11.4988956451416 11.5335674285889 11.7456483840942 11.5871076583862 11.9137554168701 13.0520534515381 12.69273853302 11.3147649765015 10.7803239822388 10.4472436904907 10.429783821106 10.065357208252 9.96261310577393
-3.4e+38 -3.4e+38 -3.4e+38 -3.4e+38 -3.4e+38 79.1640853881836 90.599853515625 84.303108215332 79.3425979614258 46.6432418823242 23.5398330688477 19.0617790222168 17.4608001708984 16.2357311248779 17.9785709381104 17.7136287689209 15.176007270813 16.1615085601807 12.3392200469971 11.6286087036133 11.4440040588379 11.489107131958 11.1816272735596 11.0919694900513 11.1195793151855 11.1556816101074 11.6735734939575 11.1778583526611 11.1579446792603 11.4862957000732 11.6735420227051 11.6525459289551 11.8190021514893 11.326343536377 12.1509675979614 12.0248126983643 11.6005926132202 11.5870723724365 11.6035957336426 12.8954019546509 11.9738464355469 10.5786209106445 10.1187734603882 9.51212882995605 9.31018161773682 9.08530712127686 9.19739818572998
-3.4e+38 -3.4e+38 -3.4e+38 -3.4e+38 -3.4e+38 89.1832275390625 88.3422622680664 99.7846832275391 86.5283813476562 68.7021560668945 35.0777587890625 21.8668556213379 19.1736068725586 20.1913146972656 18.906400680542 13.8810749053955 12.5041723251343 11.8916778564453 11.3046960830688 11.2659072875977 11.2363405227661 11.0022220611572 11.0698709487915 11.0202741622925 11.0694751739502 10.8029203414917 10.9304637908936 11.120491027832 11.0528707504272 11.3126668930054 11.5132837295532 11.3584661483765 11.262505531311 11.2815370559692 11.7966003417969 11.5715646743774 11.5450611114502 11.347827911377 11.5681352615356 12.9713191986084 11.2474279403687 10.3459300994873 9.77154731750488 9.11176872253418 9.07516288757324 8.7481517791748 8.85655403137207
-3.4e+38 -3.4e+38 -3.4e+38 -3.4e+38 -3.4e+38 90.4563293457031 79.0074844360352 90.6685256958008 70.8009567260742 76.5230865478516 49.6104621887207 24.7120265960693 21.1038837432861 16.6736488342285 14.5820560455322 12.1958284378052 11.7641706466675 11.6529407501221 11.2083396911621 11.0464782714844 11.0802526473999 10.9431228637695 10.9730787277222 11.0033493041992 10.9004764556885 10.5784959793091 10.7367277145386 10.69899559021 11.0364046096802 11.0881309509277 11.275164604187 11.3701410293579 11.0970525741577 10.6687717437744 10.7491207122803 11.031343460083 10.9825077056885 11.0396003723145 11.4829788208008 11.4355716705322 10.3591680526733 9.9988431930542 9.32166862487793 9.15493869781494 8.95644950866699 8.85731029510498 8.90324115753174
-3.4e+38 -3.4e+38 -3.4e+38 -3.4e+38 -3.4e+38 -3.4e+38 106.380905151367 98.5348052978516 66.9813919067383 51.4052581787109 38.6746520996094 22.5134983062744 16.3011322021484 13.1571435928345 12.1589040756226 11.5423812866211 12.0980358123779 11.9161605834961 11.1391754150391 10.9151887893677 10.8989524841309 10.900294303894 10.882248878479 11.0990781784058 11.0042161941528 10.4694089889526 10.3218469619751 10.4228429794312 10.9431619644165 10.7990245819092 10.9388961791992 11.41335105896 10.8452625274658 10.9194240570068 10.8450269699097 10.8748445510864 10.8377723693848 10.7996425628662 11.0604333877563 10.9411239624023 10.0222301483154 9.71791362762451 9.23322010040283 8.95690155029297 8.86074542999268 8.992751121521 8.9478588104248
-3.4e+38 -3.4e+38 -3.4e+38 -3.4e+38 -3.4e+38 -3.4e+38 84.3056488037109 72.7457733154297 60.3712768554688 44.7449989318848 25.0177268981934 19.8732452392578 14.2164287567139 12.4873991012573 11.641619682312 11.500316619873 11.6566715240479 11.3991737365723 11.023871421814 11.2854433059692 10.9130620956421 10.851902961731 11.1017265319824 11.0019731521606 10.8581657409668 10.4415502548218 10.8579549789429 11.5067739486694 11.4862403869629 11.4991521835327 11.0173482894897 10.8289737701416 10.8727951049805 11.0919141769409 10.9859895706177 11.1287994384766 11.0388994216919 10.4668264389038 10.5234003067017 9.75551509857178 9.81118392944336 9.42263793945312 9.05143165588379 8.98970508575439 9.05277156829834 8.95230674743652 8.96232795715332
-3.4e+38 -3.4e+38 -3.4e+38 -3.4e+38 -3.4e+38 44.6499938964844 110.932579040527 51.078498840332 52.3509979248047 26.3013248443604 19.6001110076904 15.4869651794434 14.4188547134399 15.3479976654053 12.6538610458374 11.5940380096436 11.2448883056641 11.2254085540771 11.2677841186523 11.0144777297974 10.7878303527832 10.9925718307495 11.1564254760742 10.698787689209 10.7473344802856 10.7541408538818 10.5855674743652 11.0819110870361 11.6793231964111 11.242488861084 11.2128047943115 11.0721263885498 11.16100025177 11.383957862854 11.1874752044678 10.9047183990479 10.4666633605957 10.1524353027344 9.95194816589355 9.33328056335449 9.78640365600586 9.75344181060791 9.03367614746094 9.00690746307373 9.11912441253662 9.10340213775635 9.0289421081543
-3.4e+38 -3.4e+38 -3.4e+38 -3.4e+38 -3.4e+38 188.052841186523 80.3799438476562 40.1279487609863 27.3140869140625 17.7817916870117 13.7681903839111 12.9543218612671 12.5008382797241 14.1184921264648 12.4765167236328 11.7366123199463 12.0033473968506 11.1694459915161 11.0206298828125 10.5178546905518 10.4231519699097 10.4118700027466 10.9686632156372 10.7710914611816 10.7411575317383 10.7750234603882 10.6728782653809 10.4050092697144 10.0509815216064 10.2606554031372 10.4137020111084 10.813775062561 10.9162769317627 11.4025468826294 11.1511869430542 10.938307762146 10.0985269546509 10.0573587417603 10.2033882141113 10.6630029678345 9.93379783630371 9.82828330993652 9.18884944915771 9.08424663543701 9.08782196044922 9.00535774230957 9.09693908691406
