Ecospace-environmental-drivers/Outputs/ASCII-for-ecospace/ChlA/ChlA_X2019.02.asc
NCOLS 131 
NROWS 53 
XLLCORNER -98 
YLLCORNER 23.9265270233154 
CELLSIZE 0.133587792515755 
NODATA_value -3.4e+38 
[rows 21 to 41 of 53, columns 47 to 93 of 131]
21.653751373291 21.7185192108154 21.8316669464111 21.5318965911865 21.509449005127 21.8687534332275 21.3470668792725 22.0299301147461 21.5990695953369 20.7714538574219 19.8824272155762 20.1928405761719 19.1889877319336 18.8935203552246 19.1770725250244 19.2869606018066 19.141149520874 18.8956928253174 19.0005836486816 19.6033840179443 18.9668941497803 17.4339981079102 16.7721195220947 16.3483715057373 16.5253562927246 16.8570575714111 16.4340839385986 15.9392423629761 16.0380210876465 16.0994548797607 16.7014865875244 16.7842845916748 16.4461479187012 16.8166484832764 17.9827327728271 18.4223442077637 18.4508762359619 18.1433391571045 17.8233089447021 17.3712425231934 16.6275234222412 16.4583740234375 16.4488105773926 17.0352077484131 16.7139892578125 17.8319988250732 17.7523460388184
19.7003993988037 19.3910655975342 19.3530292510986 19.5429420471191 20.1553115844727 20.7380027770996 20.6636600494385 21.1097583770752 21.361967086792 21.6599197387695 20.7009983062744 19.3443660736084 19.3215980529785 18.4228286743164 18.8410873413086 18.970531463623 18.9294548034668 18.8892345428467 19.1692771911621 18.9428100585938 18.1648216247559 17.1365909576416 16.4152240753174 16.231559753418 16.6620292663574 17.0117950439453 16.9490661621094 16.7235984802246 16.8374671936035 16.6724052429199 17.0332813262939 16.7673358917236 16.758581161499 17.1361427307129 17.9456462860107 18.0992736816406 17.9709243774414 18.2303562164307 18.1805744171143 16.6467914581299 15.5614919662476 15.5578756332397 15.6750211715698 16.1747531890869 16.4842834472656 16.3620834350586 16.3775005340576
19.5080280303955 19.2227382659912 19.7543144226074 19.9650745391846 19.6869163513184 19.9380187988281 20.3405685424805 20.2368087768555 20.8319644927979 20.6552219390869 19.2802066802979 19.6282024383545 19.4648914337158 19.1168022155762 18.5531368255615 18.4324550628662 18.5731430053711 18.5884323120117 18.5676708221436 18.4269351959229 18.2158946990967 17.6978893280029 16.6242237091064 16.0417804718018 16.6208724975586 16.972728729248 16.5688629150391 16.6487674713135 16.9307613372803 17.2355918884277 17.547908782959 17.4579296112061 17.0839977264404 17.3378925323486 17.8873119354248 17.4977874755859 17.8924407958984 18.0741672515869 18.0034713745117 16.042573928833 15.4048738479614 15.1425676345825 15.1559867858887 15.2923707962036 15.1448535919189 15.2853374481201 15.5763921737671
19.0584697723389 19.6672134399414 20.0579719543457 19.8933620452881 19.5993900299072 19.8796215057373 20.1541061401367 20.4607162475586 20.0960826873779 19.7944736480713 19.467077255249 19.9744262695312 19.73606300354 19.5144367218018 18.9060077667236 18.2373466491699 18.4175720214844 18.5013523101807 18.43994140625 18.2452564239502 17.898229598999 17.7487392425537 16.5510196685791 16.3626708984375 16.5413608551025 16.9488315582275 16.6387367248535 16.2994136810303 16.2348232269287 16.7190837860107 16.5869178771973 16.8694248199463 17.4974994659424 17.7453784942627 17.529691696167 17.6016101837158 17.5499286651611 17.9495506286621 17.2652015686035 15.6459627151489 15.2962980270386 15.314510345459 15.4589099884033 15.5024042129517 15.5271091461182 15.2515497207642 15.0858993530273
18.3289566040039 18.9417572021484 19.4853363037109 19.6378231048584 19.8585567474365 20.1861324310303 19.7828845977783 20.2325572967529 19.5328273773193 19.660587310791 19.9358692169189 20.3829803466797 19.9883937835693 19.5015163421631 18.7610931396484 18.2587928771973 18.2004451751709 18.2315349578857 18.0720157623291 18.0349407196045 17.4905681610107 17.3621215820312 16.8488883972168 16.4601974487305 16.789966583252 16.9478302001953 16.9226570129395 16.5293064117432 16.3980541229248 16.6786193847656 16.8993721008301 17.3664035797119 17.793140411377 17.8874950408936 16.8082580566406 16.345386505127 16.2898044586182 16.0064926147461 15.6948404312134 15.3800487518311 15.3185348510742 15.4444885253906 15.3468971252441 15.1816511154175 15.0677604675293 15.0269117355347 15.030891418457
17.435661315918 18.8092594146729 18.6810092926025 18.7203674316406 19.6475467681885 20.351655960083 19.7033596038818 19.6449451446533 19.1917362213135 19.36741065979 20.1976547241211 20.4398918151855 20.0528411865234 19.4438323974609 18.8405075073242 18.241189956665 18.342794418335 18.2266998291016 18.0340385437012 17.6226787567139 17.794059753418 17.5067710876465 16.6073246002197 16.2750015258789 16.2550411224365 16.3684120178223 17.0373725891113 16.8488788604736 16.7406139373779 17.6182384490967 17.8010902404785 17.928991317749 17.3086967468262 17.1019821166992 16.7064380645752 16.2653980255127 16.1527442932129 15.6929969787598 15.7228384017944 15.6600923538208 15.734673500061 15.764386177063 15.5394811630249 15.1682157516479 14.7378311157227 14.7978420257568 14.9043245315552
16.9109554290771 17.6214923858643 17.8337078094482 18.6278266906738 18.9414138793945 18.8438739776611 18.4692401885986 18.9899139404297 18.8072299957275 18.5321941375732 19.2464275360107 19.7160415649414 19.3709983825684 18.8655300140381 18.7129955291748 18.5300598144531 18.3106822967529 17.8374481201172 17.926399230957 17.4089622497559 17.7368659973145 17.2508811950684 16.6950378417969 16.4487190246582 16.6663303375244 16.6010780334473 16.7621173858643 16.4233684539795 16.5855693817139 17.2513294219971 17.9974308013916 17.7002754211426 16.6877975463867 16.2952213287354 16.2217712402344 16.1434307098389 16.0567245483398 16.1457710266113 15.9882202148438 16.3099517822266 16.5904541015625 16.1118240356445 15.6864576339722 15.6897687911987 15.4202527999878 15.393723487854 15.3808431625366
16.4488830566406 16.0496082305908 16.255931854248 17.0105571746826 16.9732131958008 16.4129486083984 17.0940761566162 18.0341529846191 17.7398643493652 17.6310195922852 18.1066284179688 18.5269145965576 18.5671443939209 18.3215847015381 17.7354564666748 18.0415496826172 18.132568359375 17.8963222503662 17.9336967468262 17.5009231567383 17.562370300293 17.1382808685303 16.7244758605957 16.8142375946045 17.218168258667 17.192195892334 16.9736423492432 16.8254585266113 16.5844230651855 16.5822238922119 16.6094589233398 16.1605529785156 16.3206996917725 16.2927513122559 15.8210372924805 16.0917568206787 15.9505701065063 16.3636436462402 16.3174018859863 16.1432266235352 16.108512878418 15.7732086181641 16.1716213226318 15.9533987045288 16.2064781188965 16.1182670593262 16.1173362731934
16.1001682281494 16.0049304962158 16.1557731628418 16.4900512695312 16.3064498901367 16.369909286499 17.1908092498779 17.4650859832764 17.0715980529785 17.1871318817139 17.6230964660645 17.9653377532959 18.4425067901611 18.0034866333008 17.3697280883789 17.8732109069824 17.8602428436279 17.816370010376 17.7115325927734 17.4455013275146 17.1294288635254 16.9914779663086 16.65358543396 16.6870937347412 17.013370513916 17.1740436553955 16.8468475341797 16.9100360870361 16.6342029571533 16.5585308074951 16.0871963500977 15.9211578369141 15.9586791992188 15.923243522644 15.7969522476196 15.7595529556274 15.7500171661377 15.7858238220215 15.8165016174316 15.7749872207642 15.8250761032104 16.0597610473633 16.3621311187744 15.8958721160889 16.4128131866455 16.0324192047119 15.759822845459
16.1093349456787 16.1758499145508 16.6661415100098 16.3456344604492 16.3852195739746 17.0421772003174 17.2883682250977 17.1366901397705 16.9413318634033 16.9274063110352 17.5841083526611 17.7890071868896 17.641170501709 17.5524139404297 17.7800712585449 18.0480518341064 18.0321674346924 18.0518989562988 18.2811164855957 17.7266960144043 17.1463012695312 16.9893760681152 16.6888275146484 16.8567066192627 16.7383575439453 16.8625926971436 16.7682571411133 16.4464645385742 16.5520133972168 16.6955146789551 16.5406303405762 16.3686256408691 15.8698711395264 16.1110000610352 15.9959592819214 16.1126308441162 15.9912776947021 16.2381572723389 16.3337211608887 16.1271553039551 15.5391826629639 15.6328783035278 16.0107421875 16.4465579986572 16.5324096679688 16.0047359466553 15.6303272247314
16.4067974090576 16.2152442932129 16.0342350006104 16.3459815979004 16.2068290710449 16.888879776001 16.6525230407715 16.8808670043945 16.8824024200439 17.0899124145508 17.2996921539307 17.6123352050781 17.2607231140137 17.3730316162109 18.030387878418 18.0780754089355 18.1189880371094 18.2546691894531 18.2665634155273 17.6372013092041 17.1927680969238 16.6356258392334 16.4264488220215 16.8251094818115 16.7633991241455 16.7172164916992 16.719705581665 16.4799995422363 16.3362483978271 16.4106884002686 16.1793918609619 16.4265670776367 17.113109588623 16.7096099853516 16.1024856567383 16.2274074554443 16.0810432434082 16.4121227264404 16.4691028594971 16.010929107666 15.6714315414429 15.8027591705322 16.1142711639404 16.5891208648682 16.5505275726318 15.6198606491089 15.6094055175781
16.6319732666016 16.4132766723633 16.469554901123 16.7382125854492 16.6334037780762 17.0036716461182 17.2687244415283 17.3118934631348 17.054178237915 16.9687156677246 16.8531494140625 16.8790664672852 17.6387729644775 17.8356704711914 18.1420001983643 18.4451770782471 18.109354019165 17.8665580749512 17.8481216430664 17.3857021331787 17.2316074371338 17.1305999755859 16.924108505249 16.9588584899902 16.8054618835449 16.9336547851562 16.8374977111816 16.5851097106934 16.3678703308105 16.3143711090088 16.4550476074219 16.6202011108398 16.8140773773193 16.8640785217285 16.8059005737305 16.7995948791504 16.0518054962158 15.80202293396 15.5613784790039 15.5214176177979 14.9581909179688 14.7553205490112 15.4310207366943 15.1258344650269 15.8086032867432 15.4807958602905 15.7586641311646
16.8758220672607 17.0249500274658 17.0137367248535 16.7160186767578 16.504035949707 17.0384368896484 17.1786575317383 17.3465614318848 17.0377330780029 16.8487434387207 16.8719158172607 17.08225440979 17.6286582946777 17.602352142334 17.8950328826904 17.5941333770752 17.5777683258057 17.8078136444092 17.5380725860596 17.3459815979004 17.3159523010254 17.116231918335 16.9927749633789 17.0475616455078 16.8490695953369 16.6482810974121 16.6386013031006 16.2390213012695 16.2810478210449 16.624626159668 16.4634685516357 16.3528614044189 16.2838249206543 16.4346733093262 16.8540420532227 16.7839431762695 16.0247764587402 15.9600391387939 15.3235387802124 14.6974763870239 14.2073612213135 14.4049119949341 14.9442663192749 15.056676864624 14.526930809021 14.8126697540283 15.5554399490356
16.6119613647461 17.2344551086426 16.8920974731445 16.5082416534424 16.888521194458 16.9270458221436 16.9777336120605 17.1776809692383 17.260929107666 16.9350643157959 16.6339015960693 17.392993927002 17.4560298919678 17.3309879302979 17.419584274292 17.7743663787842 17.8753204345703 17.8629264831543 17.5426578521729 17.4030723571777 17.2317733764648 16.995532989502 17.0006408691406 17.1314373016357 16.8062191009521 17.0305595397949 16.8001575469971 16.1524333953857 16.2532806396484 16.2506256103516 15.887396812439 15.8367395401001 15.8167409896851 15.6859931945801 15.9310960769653 15.3741502761841 14.9040222167969 15.0393257141113 14.650803565979 14.0606441497803 14.1990804672241 14.0993242263794 14.0567789077759 14.4227428436279 14.7737379074097 14.5751781463623 14.9259834289551
17.332649230957 17.309757232666 16.553108215332 16.2894859313965 16.8365478515625 17.1106872558594 16.5751571655273 16.5897464752197 16.6025218963623 16.5760955810547 16.8793544769287 17.1840419769287 16.9646377563477 17.1320533752441 17.2545127868652 17.6611061096191 17.5235366821289 17.5140781402588 17.4400177001953 17.1888275146484 16.8005218505859 16.7287502288818 16.9390525817871 16.9324626922607 16.60085105896 16.7881698608398 16.4888515472412 16.2529010772705 15.7426471710205 15.630464553833 15.809362411499 15.5775327682495 15.0662298202515 14.8674297332764 14.7309436798096 14.7844715118408 14.7005777359009 14.3235712051392 14.4479608535767 13.8602914810181 13.8290157318115 13.6739091873169 14.2849960327148 14.3608198165894 15.0168914794922 14.6773052215576 14.5622463226318
17.6132640838623 17.012020111084 16.6845798492432 15.8897104263306 16.4343509674072 17.0094337463379 16.6984062194824 16.4275417327881 16.2865524291992 16.4332618713379 16.9305324554443 16.856761932373 16.6903915405273 17.004020690918 17.1085186004639 17.138111114502 17.153678894043 16.9545497894287 17.0367298126221 17.0218544006348 16.7351093292236 16.6080627441406 16.6985778808594 16.4682788848877 16.5893592834473 16.615930557251 16.4658470153809 15.9907779693604 15.5754833221436 15.4538402557373 15.6262769699097 14.9201745986938 14.7374601364136 14.7578639984131 14.3658666610718 14.5904960632324 14.6362276077271 14.1487474441528 14.3027505874634 13.8785762786865 13.98961353302 14.2575922012329 14.4631223678589 14.0451745986938 14.1629705429077 14.2208261489868 14.1099834442139
17.5628490447998 16.7848377227783 16.1822643280029 15.7701148986816 16.1826667785645 16.5135021209717 16.2490158081055 16.0948581695557 15.7693185806274 16.2544116973877 17.0835800170898 17.0878925323486 16.9181079864502 17.0428352355957 17.018009185791 17.3116359710693 17.221263885498 16.7925720214844 16.7138214111328 16.7172451019287 16.6127986907959 16.6621513366699 16.5026721954346 16.3618812561035 16.5076751708984 16.2672214508057 16.1242523193359 15.9435873031616 15.7799024581909 15.5198707580566 15.5010604858398 14.6942710876465 14.6160669326782 14.3966569900513 14.453254699707 14.3598184585571 13.970157623291 13.8073139190674 13.9582624435425 13.889386177063 13.4180850982666 13.6429014205933 13.8963766098022 14.2358922958374 14.2198858261108 14.1669235229492 13.9026403427124
17.0149230957031 16.7666721343994 16.0261573791504 15.8226976394653 16.0409107208252 16.0952186584473 16.4032306671143 16.0717697143555 16.0714778900146 16.7953128814697 17.0550403594971 17.1275463104248 17.0782012939453 16.7781391143799 16.9644336700439 17.4959392547607 17.053409576416 16.649808883667 16.4421443939209 16.2356185913086 16.2411060333252 16.105131149292 16.0385360717773 15.9910869598389 16.0930347442627 16.1161499023438 15.8809909820557 15.9797821044922 16.1199722290039 15.9055271148682 14.9812994003296 14.5497207641602 14.3814888000488 14.3633871078491 14.4045820236206 14.3064241409302 14.1336603164673 14.0301961898804 14.0528230667114 13.5856885910034 13.5217227935791 13.7888307571411 14.0151605606079 14.3839378356934 14.6189250946045 14.9011507034302 13.9338006973267
16.7893867492676 16.8043270111084 16.1902313232422 15.8283367156982 15.9161691665649 15.9532623291016 15.987889289856 15.9026222229004 16.010814666748 16.4755935668945 16.4772777557373 16.4819030761719 16.8759460449219 16.7978458404541 16.8562602996826 17.0437164306641 17.0181560516357 16.7941493988037 16.5157985687256 16.4356060028076 16.2526378631592 16.0540390014648 15.6559829711914 15.6217260360718 15.8603458404541 16.0570831298828 15.6937322616577 15.9660892486572 16.0997505187988 15.4157161712646 14.6208801269531 14.3286323547363 14.1122751235962 14.0759649276733 14.0281190872192 14.2934694290161 14.4597282409668 14.2635850906372 14.2591209411621 14.0096778869629 14.3374271392822 14.8336820602417 14.804084777832 14.6981687545776 14.8598308563232 14.8589630126953 13.9373054504395
16.1017093658447 16.3574237823486 16.1456069946289 15.8698854446411 15.5256414413452 15.5759410858154 15.7596483230591 15.7196216583252 15.7487707138062 16.0693511962891 15.942681312561 16.3495292663574 16.4488182067871 16.6277084350586 16.7430400848389 16.9264736175537 16.909481048584 16.8585338592529 16.7465591430664 16.6723499298096 16.2587947845459 16.1635398864746 16.1317825317383 15.7683706283569 15.4563999176025 16.1896152496338 15.7418766021729 16.1921405792236 15.7203989028931 14.885106086731 14.3961954116821 13.9765205383301 13.9523477554321 14.3526954650879 14.5213384628296 14.9460105895996 14.9045171737671 14.6416702270508 14.1581430435181 14.4086875915527 14.3531265258789 14.4847173690796 14.5595703125 13.8851556777954 14.1443614959717 14.1168842315674 14.2463693618774
15.7602701187134 15.8866786956787 15.8224220275879 15.4196310043335 15.3070611953735 15.1536550521851 15.3550062179565 15.6032724380493 15.4845657348633 15.6813621520996 16.0416069030762 16.404670715332 16.5674781799316 16.7160968780518 16.757116317749 17.0073528289795 16.9488372802734 16.8110904693604 16.6335296630859 16.1052112579346 15.9989547729492 16.0448913574219 15.6408176422119 15.5951814651489 15.7141914367676 16.3045768737793 15.6115665435791 15.7005376815796 15.7146196365356 14.8036108016968 14.5688619613647 14.1244745254517 14.2738523483276 14.2297220230103 14.6863927841187 14.9519643783569 14.7672166824341 14.6648893356323 14.2713041305542 14.9332590103149 15.0804462432861 14.5414342880249 14.1206398010254 13.4927520751953 14.3912696838379 14.6262216567993 14.2103052139282
