Ecospace-environmental-drivers/Outputs/ASCII-for-ecospace/ChlA/ChlA_X2014.03.asc
NCOLS 131 
NROWS 53 
XLLCORNER -98 
YLLCORNER 23.9265270233154 
CELLSIZE 0.133587792515755 
NODATA_value -3.4e+38 
[rows 21 to 41 of 53, columns 0 to 46 of 131]
-3.4e+38 -3.4e+38 -3.4e+38 -3.4e+38 -3.4e+38 -3.4e+38 -3.4e+38 -3.4e+38 -3.4e+38 19.3455848693848 14.3911609649658 12.4250020980835 10.7800416946411 10.7845630645752 9.72706604003906 9.60597133636475 11.9157161712646 12.0460319519043 11.0589227676392 10.8807878494263 11.3938312530518 10.9648122787476 10.7157325744629 10.85608959198 10.631383895874 10.2705583572388 10.3370723724365 10.8145818710327 10.8355350494385 10.7675857543945 9.91362762451172 10.0745658874512 10.3827075958252 10.3596124649048 10.3131513595581 9.7069730758667 10.2241516113281 10.0663223266602 10.364465713501 10.4057950973511 10.9335842132568 11.2644596099854 10.8175764083862 10.4537744522095 10.3413276672363 10.2336130142212 10.2707366943359
-3.4e+38 -3.4e+38 -3.4e+38 -3.4e+38 -3.4e+38 -3.4e+38 -3.4e+38 -3.4e+38 16.4723224639893 15.1161956787109 11.4147138595581 11.7096118927002 10.2387228012085 10.6974754333496 10.7846641540527 10.6962833404541 -3.4e+38 11.9790601730347 11.0151557922363 11.0972414016724 10.9039173126221 10.3371238708496 10.1633491516113 10.1615161895752 10.324686050415 10.1686878204346 9.86952495574951 10.2588090896606 10.1977758407593 10.3346881866455 9.98288536071777 9.82169532775879 10.2016983032227 9.83803844451904 10.0038385391235 10.2439165115356 10.4239511489868 10.6725330352783 10.589786529541 10.8706283569336 10.598934173584 10.6119661331177 10.9633417129517 11.0502281188965 10.4731607437134 10.3111705780029 10.1372509002686
-3.4e+38 -3.4e+38 -3.4e+38 -3.4e+38 22.2690773010254 -3.4e+38 -3.4e+38 15.0865516662598 13.395094871521 11.4316730499268 10.7664632797241 10.5401191711426 10.9627408981323 11.6902046203613 12.7274913787842 11.5596904754639 11.468318939209 11.6293830871582 10.5905075073242 10.9615831375122 10.3508710861206 8.86556529998779 9.18591499328613 8.95674610137939 9.49969673156738 9.60468578338623 9.30338191986084 9.77656650543213 9.92878341674805 10.0164175033569 9.80218124389648 9.71710777282715 9.40197277069092 8.7229175567627 9.1536169052124 10.0437231063843 9.95447635650635 10.1869401931763 10.2950105667114 10.8427171707153 10.3331995010376 10.2664804458618 10.2083168029785 10.2482995986938 10.2269163131714 10.6777858734131 10.4230432510376
-3.4e+38 -3.4e+38 -3.4e+38 -3.4e+38 -3.4e+38 -3.4e+38 14.6048002243042 12.8039321899414 11.0518970489502 10.7694225311279 9.63015270233154 9.61816024780273 10.1455965042114 10.5429077148438 9.13870143890381 10.0908718109131 11.5900630950928 10.7081165313721 8.58630752563477 10.6446590423584 9.64280986785889 9.17031478881836 9.40184783935547 9.10030460357666 9.72831344604492 9.73767471313477 9.4385232925415 9.5190896987915 9.70417594909668 10.0098848342896 9.0682954788208 8.64145278930664 8.65671539306641 8.26854133605957 8.48390483856201 8.50339221954346 8.48102474212646 10.2718486785889 10.4656457901001 9.91707992553711 9.53082370758057 9.46791362762451 9.8192138671875 9.47830104827881 9.73940753936768 9.94723320007324 10.1303482055664
-3.4e+38 -3.4e+38 -3.4e+38 -3.4e+38 -3.4e+38 15.7645540237427 14.4400014877319 11.3562421798706 10.5419101715088 9.34960842132568 8.90934276580811 8.82059001922607 9.38169765472412 8.33591365814209 8.20670318603516 10.2530069351196 11.0266752243042 9.36565399169922 8.62892818450928 10.5202894210815 10.2397212982178 9.41147327423096 9.68577671051025 9.54290866851807 9.6945743560791 9.37561225891113 9.23339080810547 9.67338562011719 9.49746513366699 9.48886871337891 9.63205337524414 8.89275550842285 8.82338905334473 8.35419845581055 8.83730506896973 8.89536476135254 9.47961616516113 10.0431509017944 10.3346223831177 9.77236938476562 9.02649688720703 9.12101078033447 8.79317283630371 8.87959861755371 9.023850440979 9.56595706939697 9.05859565734863
-3.4e+38 -3.4e+38 -3.4e+38 -3.4e+38 -3.4e+38 15.299765586853 12.1839427947998 11.0994052886963 10.2289361953735 8.63652515411377 7.18608522415161 7.96561622619629 8.71021175384521 9.81957340240479 8.32570838928223 8.63558006286621 10.1163654327393 10.0286331176758 10.9629402160645 9.08627414703369 10.1524171829224 9.8852596282959 9.37249374389648 9.58152198791504 9.52723693847656 9.26796531677246 9.2216215133667 9.37191009521484 9.12791728973389 9.33343029022217 9.30501556396484 9.11246585845947 9.50833225250244 8.86044311523438 8.41629123687744 9.29781723022461 9.51413917541504 8.7333459854126 8.28919219970703 8.61417579650879 8.42678165435791 8.01256656646729 8.5206184387207 8.14863014221191 7.79219818115234 8.31160736083984 7.95952177047729
-3.4e+38 -3.4e+38 -3.4e+38 -3.4e+38 -3.4e+38 14.4093761444092 11.2247362136841 10.5747661590576 9.82557487487793 8.50504684448242 8.90577697753906 8.18337345123291 6.83946466445923 8.53917503356934 10.0087442398071 10.2310171127319 9.54778575897217 9.74094200134277 10.3248424530029 10.0679817199707 10.1709823608398 9.78090858459473 9.41361331939697 9.429762840271 9.75342750549316 9.40338802337646 9.59043788909912 9.70431900024414 9.28372192382812 8.43490600585938 8.58670616149902 8.5999059677124 8.41395282745361 7.89344692230225 8.22216892242432 8.44846343994141 8.70407962799072 8.78162384033203 8.2881965637207 8.45741081237793 8.12897968292236 8.13839721679688 8.31873607635498 7.56931638717651 7.00961542129517 7.30931186676025 7.5818829536438
-339999999999999996128486808808066248288.000000000000000 -3.4e+38 -3.4e+38 -3.4e+38 -3.4e+38 13.8621644973755 11.2302408218384 10.8692798614502 8.29739284515381 8.12639236450195 8.20984935760498 8.77231502532959 9.62435722351074 7.50975465774536 9.07964038848877 8.85459899902344 8.69540786743164 9.7660665512085 10.1619539260864 10.1254730224609 9.96894264221191 9.5579662322998 9.53162670135498 9.70421409606934 9.75308322906494 10.0768671035767 10.0976305007935 9.60602283477783 8.80928325653076 8.49780750274658 7.7836217880249 8.18801307678223 8.37943077087402 8.31627655029297 7.70055341720581 7.75410461425781 7.63414001464844 7.93655061721802 8.29644775390625 8.34935188293457 8.03707790374756 8.75853729248047 7.96977281570435 7.28167581558228 6.82980442047119 6.81922388076782 7.18055725097656
-3.4e+38 -3.4e+38 -3.4e+38 -3.4e+38 14.8775625228882 14.093150138855 11.4644069671631 10.4972476959229 8.9238862991333 9.05663776397705 8.41664123535156 8.33677959442139 8.33407688140869 8.93368053436279 9.12520599365234 9.11334705352783 8.59942817687988 9.92692375183105 10.5734939575195 10.6453247070312 9.76471138000488 8.72326850891113 9.04741382598877 9.16746234893799 8.90949821472168 9.77919292449951 9.94639778137207 9.67418956756592 9.58674621582031 9.32683753967285 8.71171760559082 8.97023391723633 8.81552982330322 8.29238033294678 7.84636497497559 8.3175687789917 8.23301792144775 8.64460945129395 8.69000244140625 8.6071081161499 8.53738594055176 8.62314605712891 8.13340282440186 7.00839900970459 6.61636638641357 7.0021595954895 6.71135663986206
-3.4e+38 -3.4e+38 -3.4e+38 -3.4e+38 15.7038354873657 14.3865518569946 11.2868661880493 10.4902963638306 9.38915252685547 9.0787239074707 9.1533374786377 8.86113834381104 4.7750825881958 8.00294494628906 8.66019344329834 9.03081226348877 9.20468807220459 10.0096006393433 10.8020038604736 10.4919013977051 9.65773010253906 8.46069431304932 8.34079933166504 8.54707908630371 8.88899898529053 9.36734199523926 9.38137817382812 9.84098052978516 9.74265670776367 9.41695690155029 9.42104148864746 9.12830543518066 8.70415496826172 8.59884357452393 7.98543453216553 8.35799121856689 8.40193271636963 9.11920833587646 7.86269187927246 7.83539009094238 8.30420112609863 8.31770801544189 8.64358997344971 7.83072710037231 7.29432249069214 7.10823488235474 6.7925968170166
-3.4e+38 -3.4e+38 -3.4e+38 -3.4e+38 -3.4e+38 14.4723606109619 11.2862672805786 11.1716661453247 10.6997299194336 9.27708721160889 9.81362915039062 9.22731304168701 6.99672508239746 8.37994575500488 8.21356296539307 8.18740844726562 8.21633148193359 9.06387042999268 9.22012042999268 10.3779935836792 10.2625608444214 8.38429737091064 8.12434577941895 8.56389999389648 8.06118774414062 8.28772163391113 10.150897026062 9.7724437713623 9.78014183044434 9.4409646987915 9.02243041992188 9.03860950469971 9.26935482025146 9.33750057220459 8.47922325134277 8.41730308532715 8.30618190765381 8.30617904663086 7.9514422416687 8.47300815582275 8.65224266052246 8.54726505279541 7.95930862426758 7.48721551895142 6.52407550811768 6.32021379470825 6.47247552871704
-3.4e+38 -3.4e+38 -3.4e+38 -3.4e+38 -3.4e+38 14.9156665802002 12.6111946105957 11.1501998901367 10.4624872207642 9.34615325927734 8.0259428024292 7.52517127990723 7.95463085174561 8.69633388519287 8.09877967834473 7.46993207931519 7.37802982330322 8.01216316223145 9.25177764892578 9.95779037475586 9.36395168304443 8.31197738647461 8.37283515930176 8.37434673309326 8.70113849639893 8.66730403900146 9.66976833343506 9.81417846679688 9.78673076629639 9.4936637878418 8.7901611328125 9.10671329498291 8.99923706054688 8.74111461639404 8.61830806732178 8.76778697967529 8.02432060241699 7.81204080581665 7.73242092132568 7.68500852584839 7.39665603637695 7.17073917388916 6.72901725769043 6.39153242111206 6.81582641601562 6.39385986328125 6.77330017089844
-3.4e+38 -3.4e+38 -3.4e+38 -3.4e+38 -3.4e+38 13.7597484588623 12.9821004867554 11.7964172363281 10.9807024002075 9.60107517242432 8.03532409667969 4.79737758636475 3.2702009677887 7.11741065979004 8.80042266845703 7.72525453567505 7.72669172286987 8.4734001159668 9.03132724761963 7.95307302474976 8.69328594207764 7.64014673233032 8.47159481048584 8.824294090271 8.43306255340576 8.40880584716797 8.09687900543213 9.71878051757812 9.68693351745605 9.41802883148193 9.24340057373047 8.79843711853027 8.29521942138672 8.84117889404297 8.84520721435547 8.79474925994873 8.44107341766357 8.02639102935791 7.71358251571655 7.84947776794434 7.12884426116943 7.4306435585022 7.5880126953125 6.95788097381592 6.62185335159302 6.12385177612305 6.96900749206543
-3.4e+38 -3.4e+38 -3.4e+38 -3.4e+38 -3.4e+38 13.4000854492188 12.466646194458 11.2622203826904 11.6299057006836 10.1158962249756 6.78016042709351 3.07968854904175 2.57491397857666 7.46152400970459 7.38666772842407 6.56599807739258 7.06615018844604 7.60375308990479 7.67128801345825 7.55967235565186 7.28536224365234 7.11662340164185 7.08383846282959 7.43348550796509 7.91306638717651 7.23228979110718 8.21420192718506 8.4420223236084 9.70426177978516 9.07997703552246 9.1991491317749 8.60882949829102 8.55110263824463 8.85721397399902 9.09884357452393 8.7659273147583 8.09684371948242 7.90672826766968 7.72649002075195 7.54111385345459 7.1855640411377 7.25622081756592 7.54554271697998 7.02969694137573 6.7965145111084 6.57597398757935 6.06276988983154
-3.4e+38 -3.4e+38 -3.4e+38 -3.4e+38 -3.4e+38 -3.4e+38 11.1503992080688 10.815016746521 12.1008567810059 9.56966590881348 5.74501132965088 3.28088665008545 6.80530309677124 6.11133766174316 5.49979019165039 6.74808263778687 7.38515996932983 7.45650386810303 7.62448978424072 7.63890504837036 7.46223163604736 7.3891921043396 7.4815993309021 7.02857828140259 6.92388153076172 7.62167310714722 8.06054973602295 8.49965953826904 8.85431671142578 9.18778324127197 9.11554718017578 8.71718692779541 8.69388103485107 8.89280891418457 8.88955116271973 8.99312210083008 8.20720291137695 7.96396827697754 7.90787553787231 8.12487602233887 7.40223598480225 6.70458698272705 6.60217428207397 6.97097778320312 6.71038055419922 6.31965780258179 6.78503704071045
-3.4e+38 -3.4e+38 -3.4e+38 -3.4e+38 -3.4e+38 -3.4e+38 11.1906623840332 11.0118026733398 10.5367088317871 7.18435907363892 7.24786233901978 6.49080753326416 4.76334762573242 3.23037004470825 4.96675539016724 6.48368835449219 5.20021200180054 7.73402261734009 7.69686079025269 7.44084978103638 7.3193564414978 6.92234325408936 7.26830244064331 7.62241077423096 7.83649778366089 8.0712718963623 7.6796703338623 8.26169681549072 8.35987186431885 9.52689552307129 8.99037075042725 8.82960033416748 8.93948841094971 8.91647911071777 8.93622303009033 8.87872886657715 8.58562278747559 8.22630310058594 7.52717638015747 6.33919429779053 6.81315279006958 6.98296737670898 6.09747934341431 6.32512235641479 6.54202032089233 6.26085472106934 6.55892610549927
-3.4e+38 -3.4e+38 -3.4e+38 -3.4e+38 -3.4e+38 -3.4e+38 11.7272729873657 10.6736574172974 10.5436840057373 7.86079120635986 7.77152061462402 7.23836088180542 5.83866596221924 4.97663927078247 4.96201133728027 4.52280759811401 4.64218282699585 6.80204772949219 6.99193429946899 7.24212074279785 7.15689420700073 7.12387609481812 7.58150625228882 7.04218769073486 8.52151489257812 8.59487342834473 8.90970802307129 8.46608257293701 7.96030902862549 9.10589122772217 9.42417907714844 8.66453266143799 8.75326156616211 8.77901077270508 8.74387264251709 8.80436038970947 9.10050106048584 7.556715965271 7.17974519729614 7.25858306884766 7.45934057235718 6.26859092712402 5.71205806732178 6.14259195327759 6.33577489852905 6.19462633132935 6.11361312866211
-3.4e+38 -3.4e+38 -3.4e+38 -3.4e+38 -3.4e+38 -3.4e+38 11.8972339630127 10.400351524353 9.56732940673828 8.30639553070068 7.71185827255249 9.92449569702148 -3.4e+38 7.49533271789551 4.94981908798218 4.38054943084717 4.2203049659729 6.55770540237427 6.85637331008911 6.93716287612915 6.75179624557495 7.23854064941406 7.615638256073 7.56506061553955 8.0013370513916 8.79470157623291 9.3497314453125 8.92129325866699 8.5438756942749 8.85837936401367 9.63097858428955 9.2633056640625 8.79306888580322 8.70939826965332 9.07065582275391 8.88748550415039 8.45690441131592 7.89312076568604 7.59448432922363 7.69029664993286 7.79909181594849 6.52520751953125 5.4162654876709 5.4388165473938 5.48228168487549 5.64834642410278 5.44480466842651
-3.4e+38 -3.4e+38 -3.4e+38 -3.4e+38 -3.4e+38 -3.4e+38 12.9663763046265 10.8494367599487 9.01622772216797 9.29260158538818 -3.4e+38 -3.4e+38 10.2897167205811 -3.4e+38 4.81756067276001 4.58326053619385 4.30648231506348 6.04515218734741 6.92498207092285 6.7229642868042 6.47226285934448 6.76596879959106 7.39801692962646 7.30778360366821 7.69946813583374 8.87239074707031 9.18060111999512 8.94456672668457 8.47472095489502 8.3125524520874 9.1988697052002 9.35149097442627 8.83971691131592 8.78590393066406 8.54407691955566 8.60886001586914 7.89384651184082 8.11012744903564 7.9286036491394 7.48320293426514 7.55935621261597 6.65251636505127 6.1600284576416 6.06571435928345 5.97963714599609 5.99285554885864 5.8801212310791
-3.4e+38 -3.4e+38 -3.4e+38 -3.4e+38 -3.4e+38 13.5302934646606 12.050708770752 10.3343334197998 9.88661575317383 10.0782461166382 -3.4e+38 -3.4e+38 6.69142532348633 -3.4e+38 -3.4e+38 7.3439245223999 4.69519186019897 5.90654993057251 5.186439037323 7.06671476364136 7.17303800582886 7.68161392211914 7.39063024520874 7.91243362426758 8.35188484191895 8.77886390686035 9.59307193756104 9.41342449188232 8.8200511932373 8.69133567810059 8.80277252197266 9.40122509002686 8.7409086227417 8.80980396270752 8.7515172958374 8.0791540145874 7.70743370056152 7.55490636825562 6.47518634796143 6.63330745697021 6.85687732696533 6.67648506164551 6.25295734405518 5.92500352859497 5.82075929641724 6.14761590957642 6.06547880172729
-3.4e+38 -3.4e+38 -3.4e+38 -3.4e+38 -3.4e+38 12.7623691558838 10.4629211425781 9.20880699157715 9.86589050292969 10.8643989562988 -3.4e+38 9.83259773254395 -3.4e+38 -3.4e+38 5.51119470596313 7.05647230148315 6.75927257537842 7.52897453308105 7.22955799102783 7.49727153778076 8.07426261901855 8.13534164428711 7.82296276092529 7.87865114212036 8.05048942565918 8.50332164764404 9.5799388885498 9.59605121612549 9.36204433441162 8.91804695129395 8.44295883178711 8.51693534851074 8.79438209533691 8.28806114196777 8.52089786529541 7.88018274307251 7.54663419723511 7.44665575027466 6.66172122955322 6.27360820770264 6.43505907058716 6.46978425979614 6.61063718795776 5.77402496337891 4.89256381988525 5.45956420898438 6.56129503250122
