Ecospace-environmental-drivers/Outputs/ASCII-for-ecospace/ChlA/ChlA_X2010.03.asc
NCOLS 131 
NROWS 53 
XLLCORNER -98 
YLLCORNER 23.9265270233154 
CELLSIZE 0.133587792515755 
NODATA_value -3.4e+38 
[rows 0 to 20 of 53, columns 47 to 93 of 131]
-3.4e+38 -3.4e+38 -3.4e+38 -3.4e+38 -3.4e+38 -3.4e+38 -3.4e+38 -3.4e+38 -3.4e+38 -3.4e+38 -3.4e+38 -3.4e+38 -3.4e+38 -3.4e+38 -3.4e+38 -3.4e+38 -3.4e+38 -3.4e+38 -3.4e+38 -3.4e+38 -3.4e+38 -3.4e+38 -3.4e+38 -3.4e+38 -3.4e+38 -3.4e+38 -3.4e+38 -3.4e+38 -3.4e+38 -3.4e+38 -3.4e+38 -3.4e+38 -3.4e+38 -3.4e+38 -3.4e+38 -3.4e+38 -3.4e+38 -3.4e+38 -3.4e+38 -3.4e+38 -3.4e+38 -3.4e+38 -3.4e+38 -3.4e+38 -3.4e+38 -3.4e+38 -3.4e+38
-3.4e+38 -3.4e+38 -3.4e+38 -3.4e+38 -3.4e+38 -3.4e+38 -3.4e+38 -3.4e+38 -3.4e+38 -3.4e+38 -3.4e+38 -3.4e+38 -3.4e+38 -3.4e+38 -3.4e+38 -3.4e+38 -3.4e+38 -3.4e+38 -3.4e+38 -3.4e+38 -3.4e+38 -3.4e+38 -3.4e+38 -3.4e+38 -3.4e+38 -3.4e+38 -3.4e+38 -3.4e+38 -3.4e+38 -3.4e+38 -3.4e+38 -3.4e+38 -3.4e+38 -3.4e+38 -3.4e+38 -3.4e+38 -3.4e+38 -3.4e+38 -3.4e+38 -3.4e+38 -3.4e+38 -3.4e+38 -3.4e+38 -3.4e+38 -3.4e+38 -3.4e+38 -3.4e+38
-3.4e+38 -3.4e+38 -3.4e+38 -3.4e+38 -3.4e+38 -3.4e+38 -3.4e+38 -3.4e+38 -3.4e+38 -3.4e+38 -3.4e+38 -3.4e+38 -3.4e+38 -3.4e+38 -3.4e+38 -3.4e+38 -3.4e+38 -3.4e+38 -3.4e+38 -3.4e+38 -3.4e+38 -3.4e+38 -3.4e+38 -3.4e+38 -3.4e+38 -3.4e+38 -3.4e+38 -3.4e+38 -3.4e+38 -3.4e+38 -3.4e+38 -3.4e+38 -3.4e+38 -3.4e+38 -3.4e+38 -3.4e+38 -3.4e+38 -3.4e+38 -3.4e+38 -3.4e+38 -3.4e+38 -3.4e+38 -3.4e+38 -3.4e+38 -3.4e+38 -3.4e+38 -3.4e+38
-3.4e+38 -3.4e+38 -3.4e+38 -3.4e+38 -3.4e+38 -3.4e+38 -3.4e+38 -3.4e+38 -3.4e+38 -3.4e+38 -3.4e+38 -3.4e+38 -3.4e+38 -3.4e+38 -3.4e+38 -3.4e+38 -3.4e+38 -3.4e+38 -3.4e+38 -3.4e+38 -3.4e+38 -3.4e+38 -3.4e+38 -3.4e+38 -3.4e+38 -3.4e+38 -3.4e+38 24.9652805328369 23.5236549377441 -3.4e+38 -3.4e+38 -3.4e+38 -3.4e+38 -3.4e+38 -3.4e+38 -3.4e+38 -3.4e+38 -3.4e+38 -3.4e+38 18.311243057251 20.2338809967041 -3.4e+38 -3.4e+38 -3.4e+38 -3.4e+38 -3.4e+38 -3.4e+38
-3.4e+38 -3.4e+38 -3.4e+38 -3.4e+38 -3.4e+38 -3.4e+38 -3.4e+38 -3.4e+38 -3.4e+38 -3.4e+38 -3.4e+38 25.9511642456055 -3.4e+38 -3.4e+38 -3.4e+38 -3.4e+38 -3.4e+38 -3.4e+38 -3.4e+38 -3.4e+38 19.6070671081543 17.9204349517822 -3.4e+38 -3.4e+38 -3.4e+38 14.4692153930664 15.5895414352417 14.6527786254883 20.5189380645752 -3.4e+38 -3.4e+38 -3.4e+38 -3.4e+38 -3.4e+38 -3.4e+38 17.4700946807861 16.9398708343506 16.6613426208496 15.1286201477051 16.2795677185059 16.8918418884277 -3.4e+38 -3.4e+38 -3.4e+38 -3.4e+38 -3.4e+38 -3.4e+38
-3.4e+38 -3.4e+38 -3.4e+38 -3.4e+38 -3.4e+38 -3.4e+38 -3.4e+38 -3.4e+38 -3.4e+38 -3.4e+38 -3.4e+38 24.546049118042 25.6732902526855 24.7665729522705 -3.4e+38 -3.4e+38 -3.4e+38 -3.4e+38 18.7024230957031 17.6496601104736 16.7342109680176 16.8447647094727 16.6267032623291 17.566089630127 16.3021621704102 16.6941204071045 17.8490467071533 19.3980159759521 24.5915641784668 17.7092590332031 18.509126663208 18.0728454589844 17.9197673797607 18.102409362793 17.2804145812988 16.3620109558105 15.9030532836914 16.2862548828125 15.7880210876465 14.494047164917 15.1066331863403 14.5081853866577 12.7312936782837 12.5519771575928 -3.4e+38 -3.4e+38 -3.4e+38
-3.4e+38 -3.4e+38 -3.4e+38 -3.4e+38 -3.4e+38 -3.4e+38 -3.4e+38 -3.4e+38 -3.4e+38 -3.4e+38 -3.4e+38 19.810863494873 24.6603088378906 24.7665729522705 -3.4e+38 -3.4e+38 -3.4e+38 22.204662322998 20.467435836792 16.5060615539551 15.2749481201172 15.3131694793701 15.4723567962646 15.9234466552734 16.3942947387695 17.0116367340088 17.7531299591064 18.8323440551758 18.2658920288086 17.2665023803711 18.3034572601318 17.6789264678955 17.3713760375977 16.5925903320312 15.5306253433228 14.0613355636597 12.5552597045898 13.1676273345947 16.0708770751953 17.060417175293 15.7505674362183 14.922737121582 14.0247344970703 13.7667808532715 13.6951627731323 -3.4e+38 -3.4e+38
-3.4e+38 -3.4e+38 -3.4e+38 -3.4e+38 -3.4e+38 -3.4e+38 -3.4e+38 -3.4e+38 -3.4e+38 -3.4e+38 -3.4e+38 -3.4e+38 -3.4e+38 -3.4e+38 -3.4e+38 26.7985992431641 -3.4e+38 23.939115524292 21.4863624572754 18.1205539703369 16.4476337432861 16.1081981658936 16.2641716003418 15.8550910949707 15.7626285552979 16.1304664611816 16.3837261199951 16.1200637817383 16.1789989471436 15.814525604248 16.2330474853516 16.2370166778564 15.1401090621948 14.1948823928833 12.6167192459106 11.6984434127808 11.0821847915649 11.5501766204834 12.7758913040161 15.5914459228516 15.2161312103271 15.6471643447876 14.7123136520386 14.7458734512329 14.0163202285767 11.8424730300903 14.2207145690918
-3.4e+38 -3.4e+38 -3.4e+38 -3.4e+38 -3.4e+38 -3.4e+38 -3.4e+38 -3.4e+38 -3.4e+38 -3.4e+38 -3.4e+38 -3.4e+38 -3.4e+38 -3.4e+38 -3.4e+38 26.2893562316895 -3.4e+38 10.1889142990112 14.2444839477539 18.7393951416016 17.6111431121826 16.4130916595459 16.5079307556152 16.0450706481934 15.3209571838379 15.5778522491455 14.7585277557373 14.1378488540649 14.3528842926025 14.8342180252075 15.4580135345459 15.1915597915649 12.2257747650146 12.128212928772 11.6797857284546 11.2754955291748 11.4264392852783 11.6865816116333 12.3880481719971 12.6903266906738 12.8575677871704 13.905065536499 15.7649393081665 14.4833421707153 14.7383909225464 13.4629859924316 12.9401655197144
-3.4e+38 -3.4e+38 -3.4e+38 -3.4e+38 -3.4e+38 -3.4e+38 -3.4e+38 -3.4e+38 -3.4e+38 -3.4e+38 -3.4e+38 -3.4e+38 -3.4e+38 -3.4e+38 -3.4e+38 14.4227056503296 -3.4e+38 16.3802051544189 18.3838081359863 19.3040256500244 18.880931854248 18.297534942627 16.6203231811523 17.1537189483643 18.4559631347656 16.7030925750732 15.0534410476685 12.1769428253174 12.1238346099854 13.1689176559448 13.3295917510986 11.9268369674683 11.6764574050903 11.6767158508301 11.7229356765747 11.3153238296509 11.7524003982544 12.2937850952148 12.7389268875122 12.7776308059692 12.9622945785522 14.0391216278076 15.9554958343506 14.3469829559326 15.004469871521 14.6132259368896 14.0575504302979
-3.4e+38 -3.4e+38 -3.4e+38 -3.4e+38 -3.4e+38 -3.4e+38 -3.4e+38 -3.4e+38 -3.4e+38 -3.4e+38 -3.4e+38 -3.4e+38 -3.4e+38 -3.4e+38 -3.4e+38 5.4514307975769 11.8209257125854 17.0218029022217 20.0530433654785 20.9453868865967 20.4239730834961 19.2587947845459 17.5282649993896 18.7989406585693 18.931526184082 17.6394653320312 15.3396415710449 13.0400590896606 12.1782512664795 11.9233856201172 11.637505531311 11.6612958908081 11.8641309738159 11.7265462875366 11.521800994873 11.171425819397 11.4627275466919 11.782621383667 12.5651426315308 12.6001167297363 12.2155313491821 13.7670679092407 14.5871677398682 13.5842313766479 13.9447736740112 14.5352067947388 14.4665803909302
-3.4e+38 -3.4e+38 -3.4e+38 -3.4e+38 -3.4e+38 -3.4e+38 -3.4e+38 -3.4e+38 -3.4e+38 -3.4e+38 -3.4e+38 -3.4e+38 -3.4e+38 -3.4e+38 -3.4e+38 -3.4e+38 18.65207862854 16.3378467559814 24.7922744750977 19.9242744445801 20.7613868713379 19.7351341247559 18.7990455627441 18.139965057373 17.2031860351562 16.6775341033936 14.071870803833 13.476411819458 12.0267066955566 11.8845176696777 12.287670135498 11.8820943832397 11.4548044204712 11.5435543060303 11.1988534927368 11.0672082901001 11.1812133789062 11.4910230636597 12.2107744216919 12.2861242294312 11.945442199707 12.672420501709 13.4670734405518 13.4908800125122 13.3991317749023 13.9792413711548 14.3753156661987
21.6302032470703 -3.4e+38 -3.4e+38 -3.4e+38 -3.4e+38 -3.4e+38 -3.4e+38 -3.4e+38 12.9388084411621 -3.4e+38 -3.4e+38 -3.4e+38 20.8771572113037 21.4057102203369 22.2511882781982 22.0083026885986 -3.4e+38 -3.4e+38 -3.4e+38 25.0816421508789 20.7401447296143 19.5506286621094 19.4579219818115 19.5207767486572 18.3342094421387 16.5015735626221 14.1583299636841 12.4938449859619 11.5635528564453 12.380859375 12.3983030319214 11.6726942062378 11.8460283279419 11.4027709960938 11.399808883667 11.0660018920898 11.6244201660156 12.0655345916748 11.9808664321899 11.890417098999 11.561749458313 11.7129716873169 12.2100267410278 13.0865497589111 13.0919647216797 12.8540344238281 13.6351547241211
23.3481521606445 22.7176094055176 23.3006534576416 26.5520267486572 18.6985702514648 14.8534488677979 -3.4e+38 14.667763710022 14.5650129318237 16.4070281982422 20.4887523651123 14.2493877410889 17.4574146270752 21.3678493499756 21.0273418426514 22.1779594421387 31.167797088623 33.4422302246094 -3.4e+38 24.2526264190674 21.9017601013184 19.4492645263672 18.5232620239258 18.3471908569336 17.7183303833008 13.5074424743652 13.8553781509399 14.1556453704834 11.5072546005249 11.9015159606934 12.7756338119507 12.8696899414062 12.0192079544067 11.2996082305908 10.8675088882446 10.7524900436401 11.1528072357178 11.817889213562 12.048641204834 13.0601606369019 12.944525718689 11.8159790039062 12.1362428665161 12.8068685531616 12.8998308181763 12.4642200469971 12.9412794113159
21.3954467773438 22.2968235015869 22.921314239502 21.6988677978516 19.307201385498 16.3588676452637 17.6893043518066 17.33518409729 19.0802211761475 20.3115253448486 20.9743251800537 20.259256362915 19.8943748474121 19.5685348510742 19.5849132537842 20.964599609375 26.1175899505615 30.3238945007324 -3.4e+38 25.3990631103516 21.2569274902344 18.1665534973145 15.6841764450073 15.4131765365601 14.4145097732544 11.849570274353 11.0983619689941 12.1041250228882 11.831356048584 11.705470085144 12.5979862213135 13.0772943496704 12.160228729248 11.2941331863403 11.3097887039185 11.1348934173584 11.0972986221313 11.0615653991699 11.9725704193115 12.9081716537476 12.8651561737061 12.6098279953003 12.1659021377563 12.3033094406128 12.6482009887695 12.6834659576416 13.3018655776978
17.6952362060547 18.2497463226318 19.9149684906006 20.3676223754883 20.6317100524902 20.3483047485352 19.7714080810547 19.264684677124 19.211009979248 19.2236671447754 18.8802509307861 19.2980289459229 20.2713375091553 19.7952690124512 19.5356521606445 19.7602348327637 21.4876098632812 23.0216903686523 21.526496887207 20.4841690063477 19.4015769958496 18.4893169403076 17.3185749053955 15.4823179244995 14.984543800354 12.3275575637817 11.7099266052246 11.5819177627563 11.4759893417358 11.8492183685303 12.7499332427979 12.3723211288452 12.015793800354 11.3694334030151 11.3951854705811 11.0274305343628 11.3268394470215 11.8295555114746 11.8665790557861 11.9190950393677 12.7902975082397 13.0543966293335 13.1249179840088 12.64670753479 12.6644983291626 12.4907817840576 12.4827289581299
16.6983165740967 17.7860050201416 18.4865779876709 19.84348487854 20.1914310455322 19.6152400970459 19.7366733551025 19.3364925384521 18.3968238830566 17.797399520874 18.0599231719971 17.9803447723389 17.9004669189453 18.0192527770996 18.1499767303467 18.8924961090088 21.4732837677002 19.2622852325439 19.3327922821045 18.6940021514893 18.4480056762695 17.6530933380127 17.0732269287109 18.1001682281494 17.792142868042 16.2958602905273 13.0672426223755 12.9927425384521 11.530330657959 11.1495084762573 12.2076444625854 11.4415035247803 10.6671342849731 11.0063934326172 11.6413116455078 11.5180730819702 11.3712635040283 11.5279922485352 11.7897214889526 11.7232131958008 12.0156803131104 12.195442199707 12.0030126571655 12.394115447998 13.0468397140503 12.2337045669556 12.3723678588867
16.7514343261719 17.1522178649902 17.630687713623 18.9412231445312 19.2037525177002 18.5040512084961 18.4691333770752 18.2748718261719 17.6195125579834 17.0134563446045 16.943567276001 17.2655944824219 17.8394870758057 18.8078460693359 18.7307510375977 18.9811401367188 18.8594188690186 17.7056713104248 17.1961669921875 16.5157451629639 17.3339347839355 17.8041496276855 17.5895557403564 17.6563682556152 14.6932697296143 15.7764911651611 14.5321798324585 13.5848531723022 11.6427583694458 11.0264930725098 11.4075565338135 11.5105142593384 10.8412008285522 11.4101324081421 11.436616897583 11.648777961731 11.6885528564453 12.1840381622314 12.3957147598267 11.8669052124023 12.1708545684814 12.6254329681396 12.8227701187134 13.318187713623 13.8087682723999 13.1350374221802 12.6338033676147
17.3592872619629 17.5274543762207 17.1149883270264 18.4787673950195 18.687427520752 17.6816291809082 17.7901172637939 17.4984645843506 16.7144985198975 16.2223281860352 16.9930629730225 17.1907272338867 18.0663871765137 18.2788238525391 17.4480838775635 17.3629760742188 16.855712890625 15.8915557861328 15.4780321121216 15.7912569046021 16.6292209625244 18.8057727813721 19.1915130615234 17.1295623779297 14.7292461395264 14.9005346298218 14.6711740493774 12.5781984329224 11.8690338134766 12.1242065429688 12.1967496871948 12.6136445999146 11.6668319702148 11.8229064941406 11.2691402435303 11.362473487854 11.7286767959595 11.5854139328003 12.6219930648804 12.4363422393799 12.1472682952881 12.1916637420654 12.958984375 12.6009321212769 13.0982666015625 13.2288112640381 12.8591165542603
17.4644508361816 17.9953498840332 17.4719390869141 17.9907684326172 17.7699966430664 16.654670715332 16.2768001556396 16.4998950958252 16.6789226531982 16.3486633300781 16.7122783660889 16.7118358612061 15.8433485031128 15.9086990356445 15.9354343414307 14.8352279663086 15.0411243438721 16.093957901001 15.8133201599121 16.4964046478271 16.5143814086914 17.1262474060059 18.2913017272949 16.4620037078857 15.4294586181641 13.9362163543701 12.9575033187866 12.6130819320679 13.3861970901489 12.784366607666 12.0909290313721 12.8731784820557 12.3771190643311 11.8542318344116 11.6149444580078 11.7427644729614 11.4319458007812 11.5478105545044 11.9667625427246 12.0849237442017 12.2432308197021 12.4312143325806 13.121883392334 12.696102142334 12.5659780502319 13.1449699401855 12.7600975036621
16.4923553466797 16.5538330078125 16.1778430938721 15.8695678710938 14.6326513290405 15.0245380401611 15.5809879302979 15.3753833770752 15.940712928772 15.6341714859009 14.9453020095825 14.7203540802002 14.1242322921753 14.6057748794556 15.3135814666748 15.3292140960693 14.8419809341431 16.1768550872803 16.2266826629639 16.4363555908203 16.0386028289795 15.7102746963501 15.1593141555786 13.9489049911499 12.5616455078125 12.3436727523804 11.7597732543945 11.4466304779053 12.9326400756836 12.6871871948242 12.372540473938 12.0517339706421 11.8344860076904 12.0453357696533 12.480996131897 12.213604927063 12.1012182235718 12.0544996261597 12.6433229446411 12.096396446228 12.3860712051392 12.3633060455322 12.0594816207886 12.7787094116211 12.4355278015137 12.7113370895386 12.9921646118164
