Ecospace-environmental-drivers/Outputs/ASCII-for-ecospace/ChlA/ChlA_X2019.09.asc
NCOLS 131 
NROWS 53 
XLLCORNER -98 
YLLCORNER 23.9265270233154 
CELLSIZE 0.133587792515755 
NODATA_value -3.4e+38 
[rows 0 to 20 of 53, columns 47 to 93 of 131]
-3.4e+38 -3.4e+38 -3.4e+38 -3.4e+38 -3.4e+38 -3.4e+38 -3.4e+38 -3.4e+38 -3.4e+38 -3.4e+38 -3.4e+38 -3.4e+38 -3.4e+38 -3.4e+38 -3.4e+38 -3.4e+38 -3.4e+38 -3.4e+38 -3.4e+38 -3.4e+38 -3.4e+38 -3.4e+38 -3.4e+38 -3.4e+38 -3.4e+38 -3.4e+38 -3.4e+38 -3.4e+38 -3.4e+38 -3.4e+38 -3.4e+38 -3.4e+38 -3.4e+38 -3.4e+38 -3.4e+38 -3.4e+38 -3.4e+38 -3.4e+38 -3.4e+38 -3.4e+38 -3.4e+38 -3.4e+38 -3.4e+38 -3.4e+38 -3.4e+38 -3.4e+38 -3.4e+38
-3.4e+38 -3.4e+38 -3.4e+38 -3.4e+38 -3.4e+38 -3.4e+38 -3.4e+38 -3.4e+38 -3.4e+38 -3.4e+38 -3.4e+38 -3.4e+38 -3.4e+38 -3.4e+38 -3.4e+38 -3.4e+38 -3.4e+38 -3.4e+38 -3.4e+38 -3.4e+38 -3.4e+38 -3.4e+38 -3.4e+38 -3.4e+38 -3.4e+38 -3.4e+38 -3.4e+38 -3.4e+38 -3.4e+38 -3.4e+38 -3.4e+38 -3.4e+38 -3.4e+38 -3.4e+38 -3.4e+38 -3.4e+38 -3.4e+38 -3.4e+38 -3.4e+38 -3.4e+38 -3.4e+38 -3.4e+38 -3.4e+38 -3.4e+38 -3.4e+38 -3.4e+38 -3.4e+38
-3.4e+38 -3.4e+38 -3.4e+38 -3.4e+38 -3.4e+38 -3.4e+38 -3.4e+38 -3.4e+38 -3.4e+38 -3.4e+38 -3.4e+38 -3.4e+38 -3.4e+38 -3.4e+38 -3.4e+38 -3.4e+38 -3.4e+38 -3.4e+38 -3.4e+38 -3.4e+38 -3.4e+38 -3.4e+38 -3.4e+38 -3.4e+38 -3.4e+38 -3.4e+38 -3.4e+38 17.4648551940918 16.2639141082764 -3.4e+38 -3.4e+38 -3.4e+38 -3.4e+38 -3.4e+38 -3.4e+38 -3.4e+38 -3.4e+38 -3.4e+38 -3.4e+38 -3.4e+38 -3.4e+38 -3.4e+38 -3.4e+38 -3.4e+38 -3.4e+38 -3.4e+38 -3.4e+38
-3.4e+38 -3.4e+38 -3.4e+38 -3.4e+38 -3.4e+38 -3.4e+38 -3.4e+38 -3.4e+38 -3.4e+38 -3.4e+38 -3.4e+38 -3.4e+38 -3.4e+38 -3.4e+38 -3.4e+38 -3.4e+38 -3.4e+38 -3.4e+38 -3.4e+38 -3.4e+38 -3.4e+38 -3.4e+38 -3.4e+38 -3.4e+38 -3.4e+38 -3.4e+38 -3.4e+38 16.2857055664062 14.3166551589966 -3.4e+38 -3.4e+38 -3.4e+38 -3.4e+38 -3.4e+38 16.3706722259521 16.2230854034424 -3.4e+38 -3.4e+38 -3.4e+38 12.4530668258667 15.6581153869629 -3.4e+38 -3.4e+38 -3.4e+38 -3.4e+38 -3.4e+38 -3.4e+38
-3.4e+38 -3.4e+38 -3.4e+38 -3.4e+38 -3.4e+38 -3.4e+38 -3.4e+38 -3.4e+38 -3.4e+38 13.5385732650757 19.257568359375 18.5007076263428 13.7779445648193 -3.4e+38 -3.4e+38 -3.4e+38 -3.4e+38 -3.4e+38 11.05006980896 -3.4e+38 16.3501853942871 16.8719024658203 18.8596115112305 18.3672542572021 17.0686531066895 15.9397268295288 15.1840810775757 16.2961483001709 15.7486476898193 14.6514263153076 -3.4e+38 -3.4e+38 13.8401231765747 13.0595092773438 15.0824918746948 14.5561208724976 10.4149951934814 10.1582460403442 10.0567464828491 11.3777751922607 13.6262235641479 14.3628387451172 -3.4e+38 -3.4e+38 -3.4e+38 -3.4e+38 -3.4e+38
-3.4e+38 -3.4e+38 -3.4e+38 -3.4e+38 -3.4e+38 -3.4e+38 -3.4e+38 -3.4e+38 -3.4e+38 14.0534944534302 17.1444644927979 14.8643913269043 13.5949602127075 18.9708080291748 -3.4e+38 -3.4e+38 17.1005382537842 18.373836517334 15.3380393981934 16.2726497650146 17.770040512085 18.2550678253174 18.1477794647217 18.8651943206787 18.1643085479736 17.2920932769775 16.0951671600342 17.6169872283936 15.3767147064209 14.6228647232056 16.0034122467041 15.2304468154907 13.7152519226074 12.5239877700806 11.2556686401367 10.4237241744995 9.78050231933594 9.35648822784424 8.81729888916016 8.22523784637451 8.28300857543945 8.83122253417969 7.73730325698853 9.41054153442383 -3.4e+38 -3.4e+38 -3.4e+38
-3.4e+38 -3.4e+38 -3.4e+38 -3.4e+38 -3.4e+38 -3.4e+38 -3.4e+38 -3.4e+38 -3.4e+38 14.6285734176636 15.5214700698853 15.4581308364868 14.3503351211548 17.8800735473633 19.5661487579346 16.2434024810791 16.4658679962158 15.7541837692261 16.3150939941406 17.0321350097656 17.9134368896484 17.4394779205322 16.4582653045654 15.3996982574463 15.0082511901855 14.4256134033203 14.4409742355347 15.6323833465576 13.4376707077026 12.6602220535278 11.9478054046631 11.8088550567627 11.0733938217163 10.6109409332275 10.2142972946167 10.0417814254761 10.1509265899658 10.0973482131958 9.65325832366943 9.14291381835938 8.58158588409424 8.37387371063232 7.82175397872925 8.36238288879395 9.3169002532959 8.51237773895264 -3.4e+38
-3.4e+38 -3.4e+38 -3.4e+38 -3.4e+38 -3.4e+38 -3.4e+38 -3.4e+38 -3.4e+38 -3.4e+38 15.7519540786743 13.8232202529907 16.5150127410889 16.3756713867188 12.4911079406738 12.7158012390137 10.8959255218506 7.98153257369995 7.86028480529785 17.8575553894043 16.2537593841553 16.3765678405762 16.0173110961914 14.6049680709839 11.9224452972412 11.750527381897 11.7293348312378 11.6936502456665 11.511547088623 11.3332633972168 11.2331027984619 11.0470819473267 10.7074937820435 10.5687532424927 10.5007200241089 10.6334285736084 10.6512508392334 10.7421636581421 10.6204957962036 10.3827495574951 10.2486238479614 9.91375350952148 9.32492446899414 8.96646118164062 8.46220397949219 8.39407348632812 8.46476364135742 8.56626892089844
-3.4e+38 -3.4e+38 -3.4e+38 -3.4e+38 -3.4e+38 -3.4e+38 -3.4e+38 -3.4e+38 -3.4e+38 -3.4e+38 -3.4e+38 -3.4e+38 -3.4e+38 -3.4e+38 -3.4e+38 -3.4e+38 -3.4e+38 17.9978656768799 20.52174949646 17.9176254272461 16.6297798156738 15.7385501861572 13.8895292282104 11.8737859725952 12.0498123168945 13.005274772644 12.8172655105591 11.8867444992065 11.3010778427124 10.7594223022461 10.5124197006226 10.5232305526733 10.5352840423584 10.8099641799927 10.7188663482666 10.9714813232422 10.7435350418091 10.4290838241577 10.5285301208496 10.3533220291138 10.3572874069214 10.0487813949585 9.62096691131592 9.38924407958984 9.2110013961792 8.40840339660645 9.45854568481445
13.4290895462036 -3.4e+38 -3.4e+38 -3.4e+38 -3.4e+38 -3.4e+38 -3.4e+38 -3.4e+38 -3.4e+38 -3.4e+38 19.7531757354736 19.7531757354736 -3.4e+38 -3.4e+38 -3.4e+38 -3.4e+38 -3.4e+38 14.3535871505737 15.4338884353638 16.664701461792 19.3553295135498 18.2787532806396 14.0999145507812 13.0605545043945 13.5693531036377 13.7238063812256 13.0610609054565 12.2446956634521 11.6478614807129 11.1363639831543 11.0059337615967 10.8465280532837 10.6971778869629 10.5863647460938 10.5672655105591 10.531231880188 10.2965831756592 10.2871341705322 10.3834400177002 10.2942190170288 10.4853019714355 10.5246095657349 10.1651840209961 9.79899978637695 9.56352615356445 9.21441650390625 9.75320529937744
14.7107982635498 14.1590051651001 -3.4e+38 -3.4e+38 -3.4e+38 -3.4e+38 -3.4e+38 -3.4e+38 -3.4e+38 -3.4e+38 -3.4e+38 -3.4e+38 -3.4e+38 -3.4e+38 -3.4e+38 16.1991806030273 14.8377237319946 14.3196802139282 16.3161640167236 18.4693374633789 18.8344097137451 16.8614292144775 15.1585712432861 14.2599086761475 14.0408897399902 14.0774631500244 13.278510093689 12.6658582687378 11.9397687911987 11.3637533187866 11.5501365661621 11.4197044372559 10.9746379852295 10.7151365280151 10.5428256988525 10.3951797485352 10.1704378128052 10.2024250030518 10.3895473480225 10.4947710037231 10.5291385650635 10.7352733612061 10.4678745269775 9.82432651519775 9.58083915710449 9.69631481170654 10.5787487030029
14.8013000488281 23.5486011505127 26.5439529418945 -3.4e+38 -3.4e+38 -3.4e+38 -3.4e+38 -3.4e+38 -3.4e+38 -3.4e+38 -3.4e+38 -3.4e+38 -3.4e+38 11.1024265289307 13.7294826507568 -3.4e+38 26.8026638031006 21.8702239990234 19.2975673675537 18.9108257293701 17.183744430542 16.2456798553467 16.1461753845215 15.00816822052 13.1210079193115 13.221471786499 12.3015537261963 12.0117568969727 12.1814231872559 11.5620155334473 12.048436164856 11.6793718338013 10.9420680999756 10.5465574264526 10.6939249038696 10.4640998840332 10.1335496902466 9.84783840179443 10.0349340438843 10.4111261367798 10.527645111084 10.9299287796021 10.3763303756714 9.52170467376709 9.51297569274902 9.62942123413086 9.82447052001953
18.1482162475586 15.4010181427002 14.6520185470581 -3.4e+38 -3.4e+38 -3.4e+38 -3.4e+38 -3.4e+38 10.0994663238525 -3.4e+38 -3.4e+38 -3.4e+38 14.428656578064 12.1224174499512 15.7408084869385 13.3513126373291 35.2606010437012 25.3630046844482 20.7696514129639 20.4718132019043 18.5253467559814 16.7839031219482 14.535945892334 13.837272644043 13.3948726654053 12.4972343444824 11.7294359207153 11.6579332351685 11.6366024017334 11.494912147522 11.4980096817017 11.6237230300903 11.1946706771851 10.5775947570801 10.5787801742554 10.1874904632568 10.5118408203125 10.007251739502 10.1778469085693 10.6115779876709 10.6114826202393 10.8847398757935 10.4834318161011 9.90790939331055 9.87457275390625 9.65807628631592 9.26434898376465
20.1674976348877 21.7345523834229 20.3645915985107 14.7110090255737 9.40275192260742 11.2975282669067 -3.4e+38 16.8452701568604 10.6769676208496 12.0600900650024 15.9009571075439 17.8703460693359 17.2108993530273 18.727388381958 20.1685352325439 19.648006439209 16.5733795166016 12.0706615447998 -3.4e+38 20.9860763549805 19.6337909698486 17.3663005828857 14.9963884353638 13.9730501174927 13.7688369750977 12.7477216720581 11.91028881073 11.2507009506226 11.5193796157837 11.775053024292 11.3450946807861 11.3561954498291 11.0716133117676 10.2331342697144 10.2310228347778 10.5129022598267 10.6733160018921 10.4167709350586 10.1274900436401 10.4685497283936 10.5834255218506 10.9003438949585 10.9933662414551 10.4965753555298 10.1742973327637 9.70019721984863 9.05744361877441
19.7073059082031 20.06174659729 20.4033184051514 19.6473979949951 18.3621978759766 18.5443572998047 21.6106719970703 19.8942565917969 20.0639095306396 20.3291320800781 18.9204120635986 17.7107086181641 16.8371982574463 18.6282806396484 19.9687843322754 19.8855648040771 17.0678539276123 11.0702886581421 23.9362163543701 16.5815734863281 19.0714111328125 16.8429489135742 14.626296043396 12.5198984146118 11.4725322723389 11.2948122024536 11.2858076095581 11.0456008911133 10.4971179962158 10.9590177536011 11.26247215271 11.0535192489624 10.5303936004639 10.0541696548462 10.0595026016235 10.7055959701538 10.8707714080811 10.9626798629761 10.5294494628906 10.7682209014893 10.7172117233276 10.9790058135986 11.0392370223999 10.7785606384277 10.6923551559448 9.87169647216797 9.28853416442871
16.2289772033691 17.8035259246826 20.2293891906738 20.8331966400146 20.7778244018555 20.4092216491699 20.7733497619629 18.93483543396 18.5467395782471 19.8029594421387 18.1658058166504 15.1664848327637 14.021032333374 16.2717952728271 19.9429588317871 19.9620380401611 17.8150482177734 18.1161155700684 18.7302799224854 16.9393768310547 15.6268186569214 13.4766273498535 11.2687454223633 9.90497589111328 9.99278259277344 9.68347549438477 9.73793601989746 9.9702205657959 10.1901950836182 9.81455898284912 10.0206212997437 9.7034158706665 9.8598165512085 9.89493083953857 9.61977767944336 10.1999568939209 11.1304292678833 11.228551864624 10.6296834945679 10.779972076416 10.7574129104614 10.7311916351318 10.76123046875 10.6408386230469 10.3610458374023 9.72584247589111 9.08445262908936
15.6795740127563 16.4126243591309 18.8108081817627 20.3951873779297 20.5431671142578 20.3867931365967 19.0083961486816 13.0397357940674 10.7327251434326 11.3053817749023 14.2393560409546 12.937780380249 11.8199033737183 10.988823890686 13.4498023986816 18.2656955718994 18.919750213623 19.1744346618652 16.5766944885254 15.6743907928467 13.2185974121094 11.3200349807739 8.99055194854736 9.05501937866211 9.11047458648682 9.08290195465088 8.9667444229126 9.41531181335449 9.7093620300293 9.8036060333252 9.8325777053833 9.58954906463623 9.66367530822754 9.93204021453857 10.010106086731 10.0450162887573 10.1803092956543 10.6320171356201 10.7884750366211 10.6473388671875 10.7111644744873 10.4297885894775 10.2821779251099 10.2964334487915 9.93747615814209 9.81576442718506 9.65905857086182
11.7742395401001 12.4700193405151 15.8599939346313 17.2826118469238 16.9085216522217 16.0210285186768 19.7216129302979 19.8248195648193 8.5738525390625 10.0203866958618 10.7240390777588 9.81463813781738 9.9550085067749 8.9615306854248 8.8911075592041 10.8905963897705 14.0209274291992 15.0656900405884 13.4995145797729 14.1667461395264 11.0625009536743 8.52171421051025 7.99656391143799 8.35731887817383 8.70820808410645 8.41684627532959 8.80949687957764 9.05321884155273 9.76290130615234 10.2418651580811 9.59266757965088 9.32092761993408 9.3811206817627 9.86188793182373 10.1064043045044 10.3375253677368 10.1536588668823 10.0878610610962 10.6778526306152 10.6160879135132 10.7455015182495 10.3798189163208 10.3156137466431 10.1729507446289 9.17163848876953 9.00562572479248 8.67907810211182
10.0399475097656 10.3661222457886 11.5344934463501 12.3729372024536 12.4231824874878 11.737868309021 10.0286407470703 8.6184196472168 8.72959232330322 9.78466892242432 10.1703271865845 9.19678497314453 11.1159353256226 8.84489250183105 8.31807327270508 8.34238719940186 8.1281909942627 8.67859554290771 8.24995231628418 7.94570207595825 7.72452259063721 7.65923166275024 7.40613222122192 8.00558567047119 8.52401065826416 8.42729949951172 8.72944927215576 8.87120723724365 9.21588516235352 9.33386325836182 9.0654993057251 9.32900619506836 9.61628341674805 9.7193546295166 10.2305507659912 10.2126865386963 10.0898513793945 10.154390335083 10.746901512146 10.3617658615112 10.5566177368164 10.6288394927979 10.4965505599976 9.97812938690186 8.88317012786865 7.97395133972168 7.96526575088501
9.48601055145264 9.3139476776123 9.65353679656982 9.00997638702393 9.33702945709229 7.99007892608643 8.02531147003174 8.54201698303223 7.21654558181763 8.82506465911865 8.89473819732666 9.28912544250488 9.48173809051514 8.47271156311035 7.72063970565796 8.86262512207031 8.24264049530029 8.08278465270996 7.83535003662109 7.69574546813965 7.67262554168701 7.72819137573242 7.84553861618042 7.99203777313232 7.42304754257202 7.7084436416626 8.26905155181885 8.48374938964844 8.72350788116455 8.59949398040771 9.09582710266113 9.1340799331665 9.34416484832764 9.64870929718018 10.2094039916992 10.0660581588745 9.80044364929199 9.43961811065674 10.0300436019897 10.2571182250977 10.144905090332 10.3115653991699 10.1113195419312 9.6591215133667 9.02443218231201 8.74068927764893 8.46904945373535
9.24196147918701 9.16030406951904 9.11441516876221 8.63909721374512 7.40329360961914 7.20028305053711 7.3419041633606 8.13265228271484 7.52798652648926 4.47141647338867 8.35377216339111 7.93931770324707 8.19735908508301 8.07116413116455 8.07574081420898 8.48905277252197 7.45684671401978 7.76782703399658 7.94285774230957 8.00026893615723 8.39870834350586 8.28662014007568 7.76797294616699 7.74545192718506 7.27052593231201 7.48727464675903 7.79954528808594 8.40371894836426 8.66666603088379 8.58024406433105 8.67745113372803 9.01216983795166 9.01382732391357 9.53902053833008 10.022801399231 9.82876491546631 9.76576042175293 10.020583152771 9.81985569000244 10.4352941513062 10.6024942398071 10.700231552124 11.4955186843872 10.6554889678955 10.1491756439209 10.1172323226929 10.1101636886597
