Ecospace-environmental-drivers/Outputs/ASCII-for-ecospace/ChlA/ChlA_X2010.01.asc
NCOLS 131 
NROWS 53 
XLLCORNER -98 
YLLCORNER 23.9265270233154 
CELLSIZE 0.133587792515755 
NODATA_value -3.4e+38 
[rows 21 to 41 of 53, columns 47 to 93 of 131]
15.3826723098755 15.8770713806152 15.5220785140991 16.6300487518311 16.3708896636963 16.2434482574463 17.0116233825684 16.8178730010986 17.9641571044922 18.528003692627 17.5887241363525 17.2009181976318 15.8070402145386 14.6676321029663 13.9564142227173 12.6266851425171 12.7560768127441 12.571234703064 12.4544382095337 12.1830234527588 11.8024826049805 11.4062557220459 11.741982460022 12.0027265548706 11.6773538589478 11.9682636260986 12.5635385513306 13.5005054473877 13.8230447769165 12.8549165725708 11.8213396072388 11.917911529541 12.9293441772461 12.2314109802246 12.5800876617432 12.7635736465454 12.7584857940674 12.4013357162476 12.8161821365356 12.4065093994141 12.3136835098267 12.0195322036743 11.8055629730225 11.7624597549438 11.619348526001 12.0081558227539 12.4262170791626
13.1440324783325 12.8915853500366 13.1722555160522 13.6940450668335 14.4096174240112 14.8670272827148 16.0673332214355 15.8928203582764 15.5798387527466 14.4796714782715 14.0035171508789 14.0194702148438 13.2067995071411 12.3363609313965 12.3890857696533 12.4294013977051 12.482780456543 12.282416343689 12.0252227783203 11.909273147583 11.7062892913818 11.4353656768799 11.6059074401855 11.6954746246338 11.7601985931396 12.103666305542 12.9554004669189 12.8828248977661 12.2910652160645 12.0917348861694 11.8740797042847 12.1099662780762 12.6887702941895 12.828088760376 12.6872701644897 12.8902025222778 13.3084869384766 12.9694271087646 12.7618274688721 12.7071323394775 12.2768678665161 12.2608451843262 12.2651491165161 11.974513053894 11.8125057220459 11.9593048095703 12.2069206237793
12.692756652832 12.7099590301514 13.0163669586182 13.4046611785889 14.1397361755371 13.3671560287476 14.079776763916 14.929087638855 14.135440826416 13.5875701904297 13.7634534835815 13.8708915710449 13.3012809753418 12.772255897522 12.3921880722046 12.4723262786865 12.3083124160767 11.9697074890137 11.5886125564575 11.72678565979 11.4346647262573 11.3715715408325 11.6071615219116 11.8001070022583 12.0883722305298 12.5924463272095 12.4858016967773 11.9288730621338 11.64794921875 11.6911954879761 11.6714916229248 11.9347906112671 12.5503520965576 12.8546476364136 12.9991722106934 13.3888473510742 14.0362720489502 13.6823291778564 12.172890663147 12.0551347732544 12.0847568511963 11.8759384155273 11.6972675323486 11.7784194946289 11.7079191207886 11.9717645645142 12.2817239761353
12.2535390853882 12.2263860702515 12.2206621170044 12.9434947967529 13.8478174209595 13.6195869445801 13.6952238082886 13.9257173538208 13.5751447677612 13.3974914550781 13.503026008606 13.1178207397461 12.7227487564087 12.6936988830566 12.1534252166748 12.4790163040161 12.2410926818848 11.7469711303711 11.5507259368896 11.2167806625366 11.2992267608643 11.4416551589966 11.6802654266357 12.0200662612915 12.0154399871826 12.0060615539551 11.7704372406006 11.8890047073364 11.9260559082031 11.5163383483887 11.549880027771 11.7146425247192 12.1037302017212 12.8979320526123 12.8284769058228 13.1843690872192 13.0956678390503 13.0420846939087 12.2290506362915 11.7504348754883 11.7461547851562 11.5678777694702 11.5063571929932 11.7438774108887 11.5859336853027 12.0018720626831 12.4994802474976
12.4690036773682 12.0951251983643 12.1075925827026 12.8173274993896 13.3689956665039 13.5351629257202 13.5481662750244 13.4705905914307 13.29176902771 12.9311208724976 12.7388801574707 12.3211326599121 12.11754322052 12.2732467651367 12.0148296356201 12.3355102539062 11.9317207336426 11.7935953140259 11.5767440795898 11.3098249435425 11.4006595611572 11.8203802108765 11.9265651702881 11.950665473938 11.7352504730225 11.8028860092163 11.4763107299805 11.5640544891357 11.8330841064453 11.6404438018799 11.4741811752319 11.6507110595703 11.6891374588013 11.9207744598389 12.1834478378296 12.3676595687866 12.1125535964966 12.0431642532349 12.058650970459 11.6460456848145 11.5225419998169 11.4612379074097 11.399022102356 11.5513458251953 11.9849071502686 11.8284711837769 12.6045179367065
12.5484018325806 12.5841598510742 12.3065185546875 12.4989213943481 12.9643630981445 12.9538078308105 12.809061050415 13.053936958313 13.2189874649048 12.504225730896 12.165566444397 12.2489919662476 11.8334093093872 11.8045272827148 11.5163717269897 11.089695930481 11.2508010864258 11.8128709793091 11.5045909881592 11.449782371521 11.4383211135864 11.6668338775635 11.8782806396484 12.0982885360718 11.8313541412354 11.77894115448 11.5144367218018 11.7675104141235 11.7798089981079 11.3308172225952 11.3466911315918 11.4228563308716 11.4733867645264 11.3726787567139 11.5264348983765 11.7751121520996 11.6838912963867 12.0520858764648 12.0800199508667 11.7680587768555 11.6615571975708 11.2853879928589 11.5265369415283 11.2335596084595 11.268141746521 11.5541095733643 12.3178205490112
12.5617923736572 12.7218828201294 12.2418413162231 12.3099021911621 12.4133710861206 12.0767736434937 12.2362375259399 12.5911922454834 12.4943838119507 12.6934928894043 12.3497142791748 12.4908123016357 11.9745330810547 11.6404724121094 11.5096664428711 11.4359550476074 11.2307090759277 11.7761125564575 11.8089017868042 11.6489419937134 11.4288148880005 11.8472347259521 12.3312768936157 12.4881839752197 12.1669702529907 11.6293992996216 11.3305616378784 11.4101343154907 11.8289794921875 11.5941123962402 11.3994026184082 11.3279705047607 11.4251232147217 11.1951894760132 11.155686378479 11.6107873916626 11.4913930892944 11.3893260955811 11.6353845596313 11.6555089950562 11.4320669174194 11.0681276321411 11.462664604187 11.5632858276367 11.3686771392822 11.6919574737549 12.4843044281006
12.362380027771 12.0857448577881 12.339451789856 12.355938911438 12.055853843689 11.9192132949829 11.9019680023193 11.7337551116943 12.046480178833 12.3860712051392 12.2242746353149 12.4137592315674 12.1790199279785 11.5644092559814 11.4281215667725 11.1559057235718 11.2690267562866 11.3463611602783 11.3151998519897 12.0211944580078 11.5688714981079 11.6741170883179 11.9850950241089 12.150242805481 11.6188402175903 11.3964757919312 11.4918937683105 11.8510131835938 11.9960117340088 11.3867492675781 11.2929019927979 11.3905839920044 11.6803674697876 11.2761135101318 11.2481021881104 11.705246925354 11.3243017196655 11.06605052948 11.1956882476807 11.4991817474365 11.6871509552002 11.4379119873047 11.7868804931641 11.49937915802 11.4589281082153 11.954122543335 12.4084386825562
12.177490234375 12.4139156341553 12.1863269805908 12.1194725036621 12.2115297317505 12.143949508667 12.0054721832275 11.7991418838501 11.9620695114136 12.6356735229492 12.1651735305786 12.114312171936 12.866738319397 12.7604913711548 11.4088735580444 11.0057096481323 11.3213577270508 11.1666622161865 11.2837934494019 11.5356903076172 11.6728887557983 12.0236711502075 12.4375848770142 11.3209590911865 11.265079498291 11.4369220733643 11.6874294281006 12.1644201278687 10.6353883743286 10.5406522750854 10.7947063446045 10.9309244155884 11.0156869888306 10.9299001693726 11.2668199539185 11.3200607299805 11.4454355239868 11.3842945098877 12.3407392501831 11.4965019226074 11.2743434906006 11.4438886642456 11.235523223877 11.4163360595703 11.8002262115479 12.2179012298584 12.4326953887939
12.2422027587891 12.4398069381714 12.0449342727661 11.693284034729 11.9363956451416 12.0181541442871 12.0786638259888 11.8881435394287 11.6786947250366 11.891939163208 11.2608127593994 12.6348762512207 12.5558366775513 12.5442495346069 11.8956546783447 11.4349317550659 11.3805856704712 11.6335115432739 12.2330856323242 11.4372930526733 11.8141098022461 12.40318775177 12.2684268951416 11.3822212219238 11.8801889419556 11.5965137481689 11.8659839630127 10.9810552597046 10.5835237503052 10.2236995697021 10.3614130020142 10.6606197357178 11.044527053833 10.6380777359009 10.9085578918457 11.2922668457031 11.5106678009033 11.7167654037476 12.07594871521 11.2668313980103 11.7808618545532 11.6742782592773 11.3885869979858 11.8733186721802 12.2678346633911 12.943829536438 12.8138914108276
12.9540977478027 12.7508363723755 12.0626516342163 11.6697845458984 11.8495283126831 11.95055103302 11.9180278778076 11.7996501922607 11.4651527404785 10.7089748382568 10.9123687744141 10.5866241455078 10.4414978027344 11.0101337432861 11.7743968963623 12.2009048461914 11.8117246627808 11.1746711730957 11.2857847213745 11.5310430526733 12.1744518280029 12.1841745376587 12.672981262207 11.9914579391479 12.2164125442505 12.8306369781494 12.0984592437744 11.9615926742554 11.2952117919922 11.4225625991821 11.2714138031006 11.8633594512939 10.40553855896 10.7457141876221 11.3305721282959 11.5095624923706 11.8508806228638 11.1506814956665 11.0929746627808 11.6803941726685 11.7192430496216 12.0535621643066 12.5145311355591 12.3101778030396 12.4310388565063 12.5274438858032 12.2089853286743
12.5446748733521 12.4523067474365 12.0387659072876 12.0992641448975 12.4586086273193 12.6392087936401 12.3824872970581 11.4595756530762 11.5559959411621 10.773476600647 10.8835582733154 10.0732192993164 10.1532335281372 10.4321994781494 10.8543968200684 11.9637393951416 11.5681810379028 11.5675592422485 12.1276445388794 11.9809141159058 11.5317449569702 11.4994831085205 11.2891778945923 11.476824760437 11.6150999069214 11.9071702957153 12.0345230102539 12.6652526855469 11.4042062759399 12.0004434585571 10.4724292755127 8.58191108703613 9.3058443069458 -3.4e+38 9.52907848358154 10.4287557601929 10.7185211181641 10.7601070404053 11.1992273330688 11.9751634597778 11.8016891479492 11.8487091064453 12.0670919418335 12.1974716186523 11.9961252212524 12.0471248626709 12.6488971710205
12.5105400085449 11.8342304229736 12.0895185470581 12.1449594497681 12.3402109146118 12.248574256897 12.3447198867798 11.6365623474121 11.7921209335327 11.6602764129639 11.1916456222534 10.7333478927612 10.3780059814453 10.3925647735596 10.7649850845337 11.7817726135254 12.7837982177734 14.0051221847534 13.6440515518188 12.610876083374 11.611930847168 11.8439960479736 11.0501594543457 11.6995410919189 11.5224618911743 11.5872278213501 11.2756481170654 11.3713073730469 11.0672340393066 -3.4e+38 -3.4e+38 -3.4e+38 10.7458724975586 10.7561302185059 -3.4e+38 -3.4e+38 -3.4e+38 -3.4e+38 -3.4e+38 -3.4e+38 10.3067646026611 10.975302696228 11.2983160018921 11.429012298584 11.5768346786499 12.0364694595337 13.4063587188721
12.4616794586182 12.0315456390381 12.1868009567261 12.1562519073486 12.2992343902588 12.5503072738647 12.736026763916 11.6657238006592 11.1676292419434 11.2489280700684 11.4386987686157 11.0917415618896 10.947455406189 10.8170890808105 10.9180736541748 11.0793809890747 12.2193145751953 13.0684986114502 13.3986701965332 12.478006362915 12.6320142745972 11.6158676147461 10.0567436218262 10.386866569519 12.0944080352783 11.3102045059204 11.3796329498291 11.5839595794678 10.7118482589722 -3.4e+38 -3.4e+38 10.9403772354126 -3.4e+38 -3.4e+38 -3.4e+38 -3.4e+38 -3.4e+38 -3.4e+38 -3.4e+38 -3.4e+38 9.99917411804199 10.687198638916 11.3301410675049 11.5049982070923 11.8152532577515 12.4409160614014 13.064998626709
12.3689594268799 12.046293258667 12.1988325119019 12.6522245407104 12.2097663879395 12.4904651641846 12.9610013961792 12.0814275741577 11.5214557647705 11.4317035675049 11.2748355865479 11.1812171936035 11.1489248275757 11.1147451400757 10.9934997558594 11.113715171814 11.512113571167 12.1382942199707 12.7852487564087 11.8967256546021 11.9915037155151 11.5598163604736 9.87211608886719 11.4951124191284 11.6889991760254 11.1886329650879 12.3427762985229 10.9453973770142 10.8384628295898 12.3717203140259 10.3105154037476 -3.4e+38 -3.4e+38 -3.4e+38 -3.4e+38 -3.4e+38 -3.4e+38 -3.4e+38 -3.4e+38 -3.4e+38 9.86063098907471 10.3581485748291 12.8336305618286 11.6500654220581 11.3949775695801 12.147289276123 12.6021089553833
12.0224494934082 12.0157022476196 12.170334815979 12.6019058227539 12.4881639480591 12.6943302154541 12.6821804046631 12.7515916824341 11.781177520752 11.6155395507812 11.6673336029053 11.5862703323364 11.2691488265991 11.3344011306763 11.3150758743286 11.5304470062256 11.9070692062378 12.1407327651978 12.0924654006958 12.2783498764038 11.3348951339722 10.2734651565552 10.6545419692993 11.1184720993042 10.7181730270386 13.6170091629028 11.7143354415894 10.5771112442017 9.16735363006592 9.30660057067871 10.3320960998535 9.37457752227783 -3.4e+38 -3.4e+38 -3.4e+38 -3.4e+38 -3.4e+38 -3.4e+38 -3.4e+38 -3.4e+38 -3.4e+38 10.1285152435303 13.0051651000977 12.6500005722046 10.7406549453735 11.426778793335 11.8687314987183
12.2163791656494 12.1933126449585 12.1626396179199 12.1442346572876 12.2850751876831 12.4508666992188 12.4626169204712 11.4899606704712 11.3226203918457 11.6960821151733 11.9686002731323 12.2267179489136 12.5658130645752 12.1588859558105 11.873104095459 11.9584226608276 11.9299964904785 11.9684276580811 12.2271194458008 12.4343032836914 10.7755155563354 9.70999908447266 9.81536960601807 10.4430093765259 12.0375900268555 12.3458366394043 12.1836700439453 13.469765663147 13.5232009887695 9.28963279724121 7.90691661834717 7.93963813781738 8.32719898223877 9.95869064331055 -3.4e+38 -3.4e+38 9.94816398620605 7.84096813201904 -3.4e+38 -3.4e+38 -3.4e+38 -3.4e+38 -3.4e+38 11.8917675018311 11.0028963088989 10.2681856155396 10.6720190048218
12.0733261108398 12.0703649520874 12.1395721435547 11.4419593811035 10.5739288330078 10.7416858673096 11.0298042297363 11.2178316116333 11.3222961425781 11.8121671676636 12.2605590820312 12.0396614074707 11.9020347595215 11.9957265853882 11.8906087875366 11.6309270858765 11.4217538833618 11.8020544052124 11.8931941986084 12.2382888793945 11.0834083557129 9.41943740844727 9.64570808410645 11.1264657974243 10.7998847961426 8.8777961730957 9.18890190124512 8.93086719512939 11.6605014801025 10.6027488708496 9.29612636566162 7.86129331588745 6.80750751495361 -3.4e+38 -3.4e+38 -3.4e+38 8.54560089111328 -3.4e+38 -3.4e+38 -3.4e+38 -3.4e+38 -3.4e+38 -3.4e+38 -3.4e+38 10.0818462371826 9.32452869415283 9.91007423400879
12.0277967453003 12.0655641555786 11.8007030487061 10.4977121353149 10.3077163696289 10.4286251068115 10.5266151428223 11.0088729858398 11.2506237030029 11.4363451004028 11.9795970916748 11.7119579315186 11.5183668136597 11.6225347518921 11.2722511291504 11.2039442062378 10.6247968673706 10.8714513778687 10.5883283615112 10.6704597473145 10.2677803039551 9.84143924713135 12.2571477890015 11.4040822982788 10.493483543396 8.90999031066895 9.23909091949463 10.5057811737061 10.4401750564575 10.5264301300049 11.3306484222412 11.5849018096924 7.77970838546753 10.0660305023193 -3.4e+38 7.56178140640259 8.76387214660645 -3.4e+38 9.98892307281494 -3.4e+38 -3.4e+38 -3.4e+38 -3.4e+38 -3.4e+38 9.9060525894165 9.75912475585938 9.51991939544678
11.4860582351685 11.6393022537231 11.1029405593872 10.6649990081787 10.61829662323 10.4635276794434 10.6808567047119 10.9380254745483 10.7738380432129 10.5870933532715 11.316234588623 11.2090682983398 10.9509468078613 11.0047750473022 10.469801902771 10.5384254455566 10.5796213150024 10.8538837432861 11.159984588623 10.3253030776978 10.0136308670044 10.2715272903442 10.8176746368408 9.13519287109375 8.93618202209473 9.02823066711426 9.45244216918945 9.94559764862061 10.6043872833252 11.3773279190063 11.2057952880859 9.60738468170166 9.0921459197998 -3.4e+38 14.4769811630249 8.00109004974365 8.36963367462158 8.89980030059814 8.0615930557251 -3.4e+38 -3.4e+38 -3.4e+38 -3.4e+38 -3.4e+38 -3.4e+38 11.0329656600952 10.0873718261719
11.0989322662354 11.1014595031738 10.5679731369019 10.3634147644043 11.0355939865112 11.6169919967651 11.4534788131714 10.6252241134644 10.7172794342041 10.3053646087646 9.49593544006348 9.53177261352539 9.67581844329834 9.65130424499512 9.52187347412109 9.91114616394043 10.0095958709717 10.0156326293945 10.1973733901978 10.2837610244751 9.95009136199951 9.23193645477295 8.78158760070801 8.3797082901001 8.58735752105713 8.80225086212158 10.117880821228 9.85821342468262 11.1346979141235 11.9336566925049 12.1335372924805 10.180459022522 9.11608600616455 -3.4e+38 -3.4e+38 -3.4e+38 7.1578574180603 8.94067859649658 -3.4e+38 -3.4e+38 8.85330867767334 5.81928682327271 -3.4e+38 -3.4e+38 -3.4e+38 -3.4e+38 10.1533880233765
