Ecospace-environmental-drivers/Outputs/ASCII-for-ecospace/ChlA/ChlA_X2008.01.asc
NCOLS 131 
NROWS 53 
XLLCORNER -98 
YLLCORNER 23.9265270233154 
CELLSIZE 0.133587792515755 
NODATA_value -3.4e+38 
[rows 21 to 41 of 53, columns 47 to 93 of 131]
13.4944953918457 13.6898603439331 12.6236982345581 12.2443380355835 12.1892929077148 12.4536094665527 12.6388540267944 11.6741456985474 11.7276201248169 10.8701286315918 10.792140007019 10.8048238754272 11.2575254440308 10.6719427108765 10.4162664413452 10.5342321395874 10.5782775878906 10.7857799530029 10.9703235626221 11.3466873168945 11.2370090484619 11.561671257019 11.5634279251099 11.9302110671997 12.4087495803833 11.7394905090332 11.9693174362183 11.818416595459 11.6366634368896 11.5716962814331 12.0835514068604 12.1437196731567 11.1486959457397 11.9548282623291 12.8773355484009 13.2789611816406 12.7489233016968 12.8431425094604 11.2717943191528 11.681830406189 12.0811347961426 11.985390663147 12.0948295593262 12.2607297897339 12.5271816253662 12.500940322876 12.52463722229
11.9163389205933 11.953558921814 11.6577568054199 11.745138168335 11.1233491897583 11.459813117981 11.7953033447266 11.4501094818115 11.2668180465698 11.0342311859131 10.651219367981 10.5619916915894 10.7153978347778 10.3538932800293 9.95887470245361 9.97774696350098 10.6539268493652 10.7090930938721 10.6342468261719 10.7685232162476 11.1113586425781 11.2865676879883 11.5747480392456 12.1014127731323 12.0064029693604 11.813084602356 11.7834329605103 12.1719417572021 11.7650136947632 11.756742477417 12.1473207473755 12.3115682601929 11.9410419464111 12.6134157180786 13.5775079727173 13.1311941146851 12.3612880706787 11.9323377609253 11.1922912597656 11.7084846496582 12.2107906341553 12.4160022735596 11.9864664077759 11.6724529266357 12.2097568511963 12.6040859222412 12.4753122329712
11.6341934204102 11.6036558151245 11.8419771194458 11.9555912017822 10.9033622741699 10.7880783081055 10.8959140777588 10.591344833374 10.7509737014771 11.0182218551636 10.7189512252808 10.1473617553711 9.78098964691162 10.4138088226318 9.79937076568604 9.57488059997559 10.4787664413452 10.6922607421875 10.4728927612305 10.636191368103 11.1794481277466 11.3223686218262 11.4770669937134 11.3304853439331 11.4140024185181 11.9311466217041 11.8842887878418 12.0258541107178 11.6905860900879 12.3624429702759 12.498462677002 12.2206573486328 12.4795522689819 13.0412368774414 12.8843393325806 12.1606378555298 11.8781328201294 11.8705034255981 10.8267831802368 11.1492319107056 12.1569347381592 12.1362056732178 12.0491800308228 11.8794078826904 11.9082765579224 12.629469871521 12.2919502258301
11.4992952346802 10.915732383728 11.3415565490723 11.5249624252319 10.7288198471069 9.74892425537109 9.89345836639404 10.5138244628906 10.5327672958374 10.3789024353027 10.5061826705933 10.0585861206055 9.83639717102051 9.42801284790039 9.91747665405273 10.4128646850586 9.61069774627686 10.2547883987427 10.4263734817505 10.7785844802856 10.9476299285889 11.1720790863037 11.2804555892944 11.0746974945068 11.5605783462524 11.5866403579712 11.7815275192261 11.873818397522 11.8696947097778 12.3262119293213 12.5998620986938 12.4737405776978 12.4783344268799 13.0903615951538 12.287971496582 11.6562194824219 12.1233348846436 12.4465665817261 11.0477342605591 11.9189014434814 11.7721080780029 13.1852254867554 11.5683259963989 11.9577255249023 11.7323751449585 12.0557909011841 11.8734254837036
11.2170286178589 10.5319890975952 10.4493808746338 10.2369604110718 10.3474922180176 10.005334854126 10.1852951049805 10.2531871795654 10.2697553634644 9.09477710723877 9.16040992736816 9.44574165344238 9.63241386413574 9.44710826873779 9.35971355438232 9.71885013580322 9.88022041320801 9.84476280212402 10.4644289016724 10.6567831039429 11.094780921936 11.1589050292969 10.9246759414673 11.4827871322632 11.7409591674805 11.6797866821289 11.8792810440063 12.0318040847778 12.252142906189 12.0380153656006 12.7961463928223 12.3926038742065 11.9871921539307 12.4973077774048 11.9418706893921 11.7623682022095 12.2674026489258 11.8061876296997 12.1678972244263 12.4855632781982 11.574254989624 12.0580463409424 10.6751098632812 11.557785987854 11.8973741531372 11.5917234420776 11.6224031448364
10.9958419799805 10.6175060272217 9.29896068572998 8.44779109954834 9.34691715240479 9.31364822387695 9.03203105926514 8.62712001800537 8.94071006774902 9.35588455200195 9.31478214263916 9.91704845428467 10.238076210022 9.41838550567627 9.29630374908447 9.66938972473145 10.1407928466797 9.41231441497803 10.1665639877319 10.9696798324585 11.1542024612427 11.5911626815796 11.2822761535645 11.4405651092529 11.2850122451782 11.4557676315308 11.6490917205811 11.767951965332 11.5685081481934 11.4345388412476 11.8385095596313 12.0031833648682 11.7826461791992 11.6752948760986 11.7795057296753 12.7688045501709 12.27174949646 12.1273746490479 10.9857320785522 10.7816772460938 10.9817047119141 9.5051965713501 10.0297899246216 10.9764566421509 10.846453666687 11.2153253555298 11.4842615127563
10.7285146713257 10.7757320404053 10.5427150726318 9.64292430877686 8.90787696838379 8.80043506622314 8.81622409820557 9.24293231964111 9.58553504943848 9.40713119506836 9.31690979003906 9.58771228790283 9.79861450195312 9.85386276245117 9.84839057922363 9.12474250793457 9.85339069366455 9.66217994689941 10.6147546768188 11.0924625396729 11.3720607757568 12.0730009078979 11.8822059631348 11.5463933944702 12.00306224823 12.5332298278809 12.2596607208252 11.9528226852417 11.1733131408691 11.4760370254517 11.9043760299683 11.5717477798462 11.6263399124146 12.1267023086548 12.1467418670654 12.0860748291016 11.1426610946655 10.7262439727783 10.310359954834 9.52036094665527 9.27264785766602 9.03239822387695 10.1412897109985 9.58385944366455 10.6263093948364 10.4396743774414 10.935848236084
11.0264472961426 10.5371694564819 9.91906642913818 9.69031620025635 9.38499927520752 9.69817543029785 9.50936508178711 9.43249130249023 9.47109889984131 9.28415012359619 9.53467559814453 9.83470630645752 10.2518119812012 10.3249998092651 10.8552846908569 12.3508338928223 11.7409334182739 11.1433448791504 10.9781179428101 11.1383581161499 11.4228448867798 11.3763446807861 11.4878931045532 12.9474773406982 13.8596210479736 13.1462678909302 12.5612516403198 11.859808921814 10.9561023712158 11.2994213104248 10.7160425186157 10.911768913269 11.8407392501831 12.2204256057739 11.4889221191406 10.6897096633911 10.6189861297607 9.61593246459961 9.85746574401855 9.89643669128418 9.35937690734863 8.88085174560547 9.79217052459717 9.94830703735352 10.5553274154663 11.4033422470093 11.5531692504883
11.0263414382935 10.1668510437012 10.5889978408813 9.19421672821045 9.51405239105225 9.42679214477539 9.04118919372559 8.11336421966553 8.96347141265869 9.60825061798096 9.28181838989258 8.8855676651001 9.68025684356689 9.36294555664062 11.1698942184448 11.377950668335 11.2750949859619 11.4346828460693 10.8539400100708 10.7566061019897 11.4548692703247 11.9621543884277 12.0787296295166 13.1325569152832 14.1702508926392 13.4657793045044 13.4627733230591 12.4685745239258 11.8530683517456 11.4064512252808 10.7861375808716 11.0306243896484 11.9595956802368 -3.4e+38 9.43249607086182 9.8936185836792 11.1791496276855 10.1045246124268 9.40665531158447 10.1202068328857 9.84541130065918 9.4369592666626 9.22445487976074 10.3075351715088 11.6409492492676 11.9066438674927 11.393253326416
10.5278768539429 9.90890598297119 9.5009126663208 9.84626293182373 9.62816429138184 8.80416202545166 8.84098434448242 7.91976308822632 9.31354522705078 9.48325347900391 7.31531143188477 9.79190921783447 10.6296100616455 9.68588542938232 12.5933170318604 12.3723592758179 12.674521446228 10.9624223709106 10.8294639587402 10.531590461731 10.8636131286621 11.2280292510986 12.1791744232178 11.9792509078979 13.1903781890869 14.2923984527588 14.5959854125977 13.3548364639282 11.7288284301758 10.5324907302856 9.82743453979492 11.7243976593018 10.8679914474487 -3.4e+38 10.3452749252319 9.23963832855225 9.64505577087402 9.81681728363037 9.38798332214355 9.07841968536377 9.04237270355225 9.82302188873291 10.5357370376587 11.522045135498 12.5539169311523 10.8982172012329 11.0571594238281
10.8655548095703 10.0985097885132 8.80479145050049 9.88425827026367 9.65707302093506 8.57862281799316 9.23456192016602 9.02297496795654 9.12892723083496 9.2951192855835 10.7793340682983 11.1232805252075 11.3768587112427 11.7631092071533 12.0924940109253 12.5182886123657 12.3412704467773 11.0627565383911 11.55309009552 10.2866649627686 10.9715309143066 11.0941677093506 11.9607410430908 11.8665723800659 11.3746786117554 11.4088277816772 12.4842548370361 14.5881175994873 15.6529397964478 15.4487104415894 11.4101390838623 13.1169700622559 8.46257877349854 10.4056644439697 9.16288757324219 10.0148324966431 10.2868919372559 10.4126558303833 10.313009262085 9.11752414703369 8.16500186920166 9.22000503540039 9.60608577728271 11.0610237121582 12.1246614456177 11.0571308135986 11.6691303253174
10.4255475997925 10.1175918579102 10.1094703674316 9.87970733642578 9.45287704467773 9.61193180084229 9.68432998657227 10.0564098358154 10.0736293792725 10.7583293914795 11.0086317062378 11.2046194076538 11.6749677658081 11.8871402740479 12.3950004577637 12.4047689437866 12.9764776229858 10.2938356399536 9.962477684021 11.2548875808716 11.4131650924683 12.5453300476074 12.0680847167969 11.1664714813232 11.0531997680664 10.5805311203003 11.6421499252319 15.3339357376099 12.0700263977051 9.48216342926025 8.81883335113525 8.65131568908691 8.86507701873779 8.22635459899902 8.52043437957764 9.65269756317139 9.63413047790527 9.83886814117432 9.84366512298584 9.75409126281738 9.9575834274292 12.2562837600708 9.84294414520264 10.8420124053955 11.2209548950195 11.2194795608521 11.4259748458862
9.95205783843994 10.3610324859619 10.4135084152222 10.0001287460327 9.62717437744141 9.87372303009033 9.79672145843506 10.1904516220093 10.06813621521 11.058572769165 10.8296003341675 11.3507852554321 11.8276510238647 12.2267789840698 12.2351455688477 11.9005289077759 11.6042003631592 11.8457050323486 10.7221879959106 11.1227045059204 12.0355081558228 12.1545534133911 11.3765459060669 10.9616203308105 10.8040342330933 10.6777629852295 9.28365039825439 10.5272674560547 8.91769599914551 9.75711059570312 9.51197147369385 10.003249168396 8.97098159790039 8.15129947662354 8.79372978210449 9.2068510055542 9.50478458404541 12.821925163269 9.08507251739502 9.81883525848389 10.9200620651245 11.1623363494873 10.3605117797852 12.0991106033325 11.5388050079346 11.4562397003174 10.7361793518066
10.0333099365234 11.097918510437 10.6944875717163 10.9879541397095 10.6140127182007 10.9600772857666 10.6712579727173 11.6149463653564 11.2448415756226 11.6732368469238 11.010458946228 11.0113325119019 11.4953784942627 11.7630014419556 11.7013883590698 11.7690019607544 11.5207443237305 11.572244644165 11.2965383529663 11.4548225402832 11.2814283370972 11.041223526001 10.4520206451416 11.6151866912842 10.5959300994873 10.3850116729736 10.1378498077393 9.6258659362793 9.87935352325439 10.2648611068726 11.1329898834229 11.7816524505615 -3.4e+38 9.58982276916504 10.2319440841675 9.95933151245117 9.48910140991211 10.6776294708252 10.7905082702637 11.0137023925781 11.4551591873169 10.1999568939209 10.9448175430298 11.262547492981 11.4807910919189 11.1975727081299 10.4115228652954
9.7010498046875 11.1876659393311 11.4792194366455 10.8019151687622 11.4064846038818 11.4891061782837 11.4837684631348 10.5476703643799 11.4823513031006 11.3595266342163 10.7310152053833 10.4922227859497 11.506721496582 11.5597810745239 10.9721260070801 11.4685010910034 11.8049535751343 11.3734693527222 11.2069368362427 11.5302906036377 11.2216558456421 10.8594846725464 10.9417562484741 12.0415754318237 10.5798425674438 10.087908744812 10.0431032180786 9.33434677124023 8.93396091461182 9.13076305389404 10.2071838378906 11.3596057891846 12.0355463027954 11.5571155548096 10.5689144134521 11.4403657913208 10.8319082260132 10.7511386871338 10.51389503479 10.6667499542236 11.2763547897339 10.4044389724731 10.6148157119751 10.5057067871094 11.0745973587036 11.0654220581055 10.5099430084229
10.9150066375732 10.5354709625244 9.82303524017334 11.1716537475586 10.6377553939819 12.1679944992065 12.939998626709 11.6249437332153 10.402494430542 11.5872707366943 10.8249244689941 11.3356285095215 11.4806413650513 11.4479970932007 11.3756351470947 11.6649885177612 11.8680124282837 11.5541086196899 11.4185914993286 10.8389120101929 11.0371341705322 10.738338470459 11.0490636825562 11.0899276733398 10.1433439254761 9.7129602432251 9.5098705291748 7.6491436958313 9.168288230896 10.4812030792236 10.9605054855347 10.9440584182739 10.782787322998 11.0396585464478 10.7922868728638 11.3693342208862 10.6434774398804 10.5737590789795 10.7831554412842 10.9296236038208 10.6490116119385 10.0014524459839 10.3323230743408 10.989294052124 11.2335214614868 11.0035982131958 10.496844291687
11.5191211700439 11.0849466323853 10.9700736999512 11.5904760360718 11.9872598648071 11.7282953262329 12.2541856765747 10.5780029296875 11.2108173370361 11.2052555084229 10.8858642578125 11.3882026672363 11.3838701248169 11.3654594421387 11.1913471221924 11.4221534729004 11.7406854629517 11.748309135437 11.840651512146 11.3470849990845 11.4498128890991 10.55699634552 11.5158414840698 11.4110040664673 10.5476922988892 9.4211483001709 8.31105613708496 9.23509693145752 9.81381416320801 9.92096900939941 9.99937438964844 9.46213626861572 9.38998222351074 10.6684188842773 10.0496864318848 10.6073637008667 10.5030813217163 10.7037658691406 10.6949157714844 10.881085395813 10.2501621246338 10.1326465606689 10.6510028839111 11.1445417404175 11.2745294570923 11.0124826431274 11.0682983398438
11.7165050506592 11.4130907058716 11.2111034393311 11.4259243011475 11.4442777633667 11.5520210266113 11.4341907501221 11.1181240081787 10.9532136917114 10.867395401001 11.0325584411621 10.8040838241577 11.1074085235596 11.0286722183228 10.9737215042114 11.1864261627197 13.0992336273193 12.0548419952393 12.5074691772461 11.292552947998 11.7712249755859 11.3584022521973 11.040340423584 10.2031602859497 9.32800579071045 9.48710441589355 9.13480758666992 9.11380958557129 9.46858406066895 10.0226268768311 10.0717430114746 9.87400722503662 10.1512575149536 9.76340961456299 10.6338119506836 10.7232999801636 10.5491151809692 10.6609706878662 10.8546667098999 10.884352684021 10.3204727172852 10.3083791732788 10.9034948348999 11.3153810501099 11.3258123397827 10.80051612854 10.8527593612671
11.6691055297852 11.2985067367554 11.3916606903076 11.611873626709 11.3775520324707 11.2009248733521 11.243842124939 10.910737991333 10.635461807251 10.9838581085205 11.3949613571167 10.2972106933594 10.8633766174316 11.2628307342529 11.810564994812 11.5934896469116 12.8937482833862 12.7202014923096 11.9755210876465 11.2249221801758 10.4768619537354 10.7267475128174 11.6156978607178 10.8009967803955 10.2640819549561 9.66117286682129 9.13438606262207 9.0098762512207 10.0597991943359 10.0267086029053 10.012300491333 10.5190324783325 10.0499258041382 10.2874526977539 10.2594585418701 10.8048095703125 10.5871114730835 10.8773708343506 11.0600557327271 10.7064819335938 10.1416578292847 10.5651140213013 10.9723243713379 11.0278167724609 10.9036865234375 10.6540679931641 10.9436359405518
11.2635679244995 10.7298021316528 11.0972528457642 11.2091836929321 11.1844186782837 11.142783164978 11.055347442627 10.3942232131958 10.5694389343262 10.8964519500732 10.7985439300537 10.3632974624634 11.3259325027466 12.1377267837524 12.3959646224976 12.7446985244751 12.7967720031738 11.5561218261719 11.0406904220581 10.4099349975586 10.5137758255005 10.797477722168 11.4889125823975 10.5570249557495 9.95566749572754 9.74574089050293 9.64560985565186 10.6484746932983 10.9751873016357 10.6956329345703 10.3368444442749 10.0874252319336 10.2799024581909 10.1120672225952 10.7810287475586 10.7762060165405 10.6058464050293 10.6639013290405 10.9690704345703 10.2802305221558 10.3775758743286 10.8660840988159 10.916127204895 10.8036727905273 10.5093078613281 10.7144298553467 10.6207389831543
11.023154258728 11.2613382339478 11.6341104507446 11.0566740036011 10.788688659668 11.155517578125 10.6742925643921 9.82378196716309 9.89547443389893 10.6753225326538 8.87171936035156 11.28431224823 11.7901544570923 12.4560766220093 12.872971534729 12.9417285919189 12.5514574050903 11.1534852981567 10.5842657089233 10.4271459579468 10.7746448516846 12.1498861312866 11.7829494476318 11.0868816375732 10.4693880081177 9.82349109649658 10.0465803146362 10.273247718811 10.463116645813 10.8093194961548 10.9005517959595 10.3654451370239 10.6324787139893 11.2634315490723 11.4757270812988 10.7871084213257 10.3278207778931 10.6922292709351 10.9052505493164 10.9770574569702 11.0168619155884 10.3384685516357 10.307318687439 10.5353345870972 10.5746202468872 10.3193998336792 10.3887147903442
