Ecospace-environmental-drivers/Outputs/ASCII-for-ecospace/ChlA/ChlA_X2011.07.asc
NCOLS 131 
NROWS 53 
XLLCORNER -98 
YLLCORNER 23.9265270233154 
CELLSIZE 0.133587792515755 
NODATA_value -3.4e+38 
[rows 21 to 41 of 53, columns 47 to 93 of 131]
10.2821168899536 10.1757402420044 10.0684804916382 10.0073108673096 8.90047740936279 9.68930244445801 10.1109495162964 10.5407781600952 10.3315658569336 10.5838222503662 10.5710763931274 9.3939037322998 8.88178825378418 7.66882944107056 8.71425724029541 8.98964786529541 8.76596069335938 10.7042369842529 11.1362190246582 10.1147909164429 10.2624578475952 9.7767391204834 9.46044826507568 9.84665393829346 8.49354553222656 6.91161870956421 5.03611087799072 6.41034078598022 10.7519016265869 9.9904613494873 10.9453372955322 11.7993640899658 10.8909492492676 10.9883165359497 11.468090057373 11.5280389785767 11.082878112793 10.8338193893433 10.7603635787964 10.9010019302368 10.8322095870972 11.4676971435547 10.8670272827148 11.4398403167725 11.3836908340454 10.6370239257812 10.5417127609253
9.08249950408936 9.02405071258545 9.37711048126221 9.57815265655518 9.35481452941895 10.2712726593018 10.8147888183594 10.6971282958984 9.83348369598389 8.60903453826904 8.89438819885254 8.10784530639648 8.00574588775635 8.13833427429199 7.38680744171143 8.12923717498779 7.64088249206543 8.62569522857666 9.32480239868164 9.01782608032227 9.04770660400391 9.08173370361328 8.67415142059326 9.39451885223389 8.92202568054199 5.85646533966064 7.67384719848633 6.63724851608276 10.1682567596436 9.68520641326904 11.3064250946045 11.7269926071167 13.0743350982666 11.7058839797974 11.0890960693359 12.1703491210938 11.1759967803955 10.2131681442261 10.5403203964233 10.4569253921509 10.5046854019165 11.1355619430542 11.6367664337158 11.1330919265747 11.2196044921875 10.8436622619629 10.5451040267944
8.99139881134033 8.53160095214844 8.67856311798096 9.13442707061768 10.0750350952148 10.9260034561157 10.9741182327271 9.30744361877441 8.83219718933105 8.64200210571289 8.35613250732422 8.61175060272217 7.24636745452881 6.93492555618286 7.44825172424316 6.33452606201172 6.9100022315979 9.69626045227051 9.11635208129883 8.96901226043701 9.25199031829834 8.82326126098633 8.01936149597168 7.62175178527832 6.08274507522583 6.09085702896118 7.67845726013184 10.3562059402466 10.4711217880249 10.9508838653564 11.8020009994507 11.7091207504272 12.6098337173462 11.5654211044312 10.5081214904785 12.2344837188721 11.3947200775146 10.9345417022705 10.7733354568481 10.5273551940918 10.4710445404053 10.708288192749 10.5332155227661 10.7921009063721 10.6109666824341 10.4992723464966 10.4483938217163
9.4858341217041 9.11910057067871 8.21334743499756 9.73445129394531 10.2709932327271 10.2876243591309 10.1175909042358 8.83270835876465 8.94163513183594 9.0459508895874 9.26831340789795 9.05220508575439 7.73809146881104 8.1653299331665 7.30130481719971 6.37511539459229 7.89359331130981 9.91401100158691 9.45761013031006 8.75221061706543 8.37367725372314 8.96477222442627 8.13608837127686 6.68698740005493 5.55483627319336 5.93036890029907 7.11700391769409 8.98318576812744 9.57012748718262 10.4083137512207 10.8040494918823 11.3598117828369 11.9006538391113 11.4195222854614 11.6164321899414 13.0964260101318 11.5114612579346 10.5532989501953 10.4661159515381 10.6059808731079 10.1901330947876 10.5134153366089 10.6427631378174 10.7077331542969 10.3346252441406 10.2118196487427 9.76467418670654
9.66295433044434 9.19792556762695 8.69475078582764 9.60943126678467 9.68405723571777 9.24661827087402 9.37502193450928 9.23822498321533 9.05843925476074 9.31038856506348 9.27625465393066 8.55453968048096 7.63830900192261 6.8451976776123 6.30631160736084 6.63800573348999 6.89483213424683 7.44176054000854 8.99594593048096 8.67505836486816 8.45620536804199 7.94798707962036 7.63445234298706 7.46143102645874 7.14790153503418 8.15616035461426 7.63812065124512 8.88761806488037 10.139443397522 11.2829828262329 9.93742179870605 10.7811527252197 10.7561950683594 12.5554056167603 11.5063457489014 -3.4e+38 11.0890998840332 12.1518573760986 11.166314125061 10.101092338562 10.4274244308472 10.5942192077637 10.7288484573364 10.4285449981689 10.4001369476318 10.0990915298462 9.78380680084229
8.36949348449707 9.12903213500977 9.05080509185791 8.97440624237061 8.95938491821289 9.11520385742188 9.35207653045654 9.20442676544189 9.05339527130127 9.1746997833252 8.58040332794189 8.32578277587891 8.35813331604004 8.41261959075928 8.02694320678711 7.759765625 5.32880926132202 10.2532196044922 7.5109076499939 7.92415523529053 8.09831047058105 6.52221298217773 2.84109258651733 6.71142053604126 3.49176430702209 5.86805248260498 5.78251647949219 7.34156799316406 8.89990520477295 9.8895788192749 10.2722330093384 10.7135515213013 9.4907751083374 10.8019142150879 11.4161920547485 12.9083585739136 13.341775894165 11.4717435836792 10.2353744506836 9.9196138381958 10.6994762420654 10.711893081665 11.1725435256958 10.1557703018188 10.9453544616699 10.2168855667114 9.79661178588867
9.16519069671631 8.77742958068848 8.53949069976807 8.12130165100098 8.93217658996582 9.07742404937744 9.6505241394043 9.46375560760498 9.63535976409912 9.60022354125977 8.98763275146484 9.28271293640137 8.85616397857666 8.64156818389893 6.97388505935669 9.00827217102051 11.3531999588013 10.530517578125 9.43802070617676 7.06616353988647 6.99115943908691 6.12295818328857 6.82045936584473 7.40833950042725 8.55826282501221 8.1048526763916 6.93827390670776 8.11063575744629 9.66030597686768 8.61367034912109 10.5603466033936 10.7233228683472 -3.4e+38 13.1104946136475 13.0576133728027 12.5486516952515 12.2356033325195 11.0198574066162 10.4949541091919 10.4681587219238 10.7537155151367 10.553014755249 11.3068189620972 11.2011251449585 10.5977067947388 9.74544715881348 9.83295249938965
8.23233985900879 8.43332958221436 8.12851524353027 8.48545074462891 8.4863748550415 8.79117965698242 9.35023212432861 9.76125335693359 9.37945175170898 9.1685733795166 8.96963024139404 8.63733768463135 8.20639228820801 8.90601825714111 8.37444400787354 8.84563159942627 9.42205905914307 9.47685718536377 9.15308666229248 7.16714763641357 6.37649917602539 7.89786767959595 8.39368629455566 8.5811595916748 8.77825164794922 6.18143081665039 5.78385829925537 9.32480239868164 10.2918405532837 9.69208240509033 -3.4e+38 11.148341178894 10.8033962249756 10.6866636276245 11.7015066146851 11.9759292602539 11.4319000244141 10.6270437240601 10.0273532867432 9.79069423675537 9.72403430938721 9.88357162475586 11.5995235443115 10.9428806304932 10.5557346343994 9.62595462799072 9.87430000305176
7.94347286224365 8.50285530090332 8.69174385070801 9.21311378479004 9.28764057159424 8.6157283782959 9.44253063201904 9.67494964599609 9.63789081573486 9.84125900268555 9.24918746948242 8.86887264251709 8.17454719543457 8.20937156677246 8.55852031707764 8.5396203994751 9.47419929504395 9.50569820404053 8.81980609893799 8.42202472686768 8.40933227539062 8.58021068572998 8.5485954284668 8.69703578948975 8.75993347167969 7.98086595535278 8.95085906982422 9.2748327255249 10.7700099945068 12.5433359146118 9.4298267364502 9.80507278442383 9.86272621154785 11.5500764846802 11.9567565917969 11.3105087280273 10.8910551071167 10.5958738327026 9.92872714996338 9.72255897521973 10.01904296875 10.1693239212036 10.2785711288452 10.8510065078735 9.90525436401367 10.274790763855 10.5686416625977
8.53956317901611 8.55858612060547 8.81512260437012 8.8665828704834 9.24778270721436 8.61936473846436 9.33011913299561 9.69278430938721 9.79520034790039 10.0159616470337 9.41243457794189 8.90944862365723 8.66134262084961 8.50171089172363 8.30977249145508 8.21824741363525 8.11107635498047 8.97348690032959 8.97849178314209 8.40800476074219 9.36385917663574 9.22545623779297 9.42688751220703 9.33488273620605 9.07175540924072 8.41709899902344 7.71856117248535 9.22169780731201 9.35884571075439 10.5404624938965 13.0126619338989 10.8011999130249 9.6368408203125 10.1331453323364 11.166298866272 10.1020612716675 10.2319602966309 10.448805809021 10.1818065643311 9.8286600112915 10.5218954086304 9.9765796661377 10.4434032440186 10.9600830078125 10.9644031524658 10.8652257919312 10.5593690872192
8.61911964416504 9.20437812805176 9.46561813354492 9.41983413696289 9.20116329193115 9.40482711791992 8.80251598358154 8.97298431396484 9.84081172943115 9.47270774841309 9.51972579956055 9.20203590393066 9.34046268463135 8.97849369049072 8.04480171203613 8.20062732696533 7.83211278915405 8.54235458374023 9.17022037506104 9.77883052825928 8.49935150146484 9.17697906494141 9.28436183929443 10.2494850158691 8.87502861022949 8.38691902160645 7.66572999954224 9.6033763885498 9.27437591552734 9.7183895111084 9.45079040527344 9.4730920791626 10.1581106185913 10.4805679321289 10.2433004379272 10.2717342376709 10.6718873977661 10.0494232177734 10.2520027160645 10.2716627120972 10.8649873733521 10.709755897522 9.68152046203613 10.4687185287476 10.5920553207397 10.8107795715332 10.5532035827637
8.56872367858887 8.35438251495361 9.00653648376465 9.43081951141357 9.54355716705322 9.45603942871094 9.28151512145996 9.26041698455811 9.30172538757324 9.05863571166992 9.22532939910889 9.06960487365723 9.08369541168213 8.99770832061768 8.22702598571777 8.05903339385986 8.08614349365234 9.28227424621582 8.65926361083984 9.32328128814697 9.62359809875488 9.6195650100708 8.74037456512451 8.79487037658691 7.82935285568237 9.37098979949951 9.84741592407227 8.37596035003662 9.63109493255615 12.0069427490234 10.2992601394653 9.43367195129395 9.7822847366333 10.3843221664429 10.9741697311401 10.8607540130615 11.1186819076538 10.2298641204834 10.1334171295166 9.80253601074219 11.315993309021 10.7790861129761 9.79166126251221 10.5007457733154 10.3672695159912 10.3642473220825 10.1358079910278
9.0412769317627 9.28730869293213 8.98696041107178 9.92648792266846 9.63059902191162 10.3368167877197 9.6688289642334 9.26809310913086 9.2157678604126 8.96034717559814 9.03201580047607 8.94061756134033 8.88009071350098 8.58906936645508 8.31457901000977 8.01437568664551 8.38015174865723 8.66702938079834 8.21330451965332 6.57221794128418 7.15892887115479 10.0518445968628 8.21560287475586 8.27520656585693 8.23223495483398 8.96600246429443 7.08864545822144 7.0240159034729 10.0108766555786 9.46121788024902 9.26672840118408 10.1086759567261 9.77205085754395 10.1236610412598 11.3538255691528 11.6089477539062 10.5584993362427 10.6601848602295 10.6231365203857 10.5946245193481 10.5247459411621 9.97857189178467 9.8051872253418 9.82059860229492 10.1909952163696 10.7099189758301 10.4862289428711
9.32335662841797 9.54050064086914 9.2113790512085 9.7870569229126 9.63726615905762 9.80192852020264 9.51323509216309 9.3530912399292 9.11924171447754 8.88109683990479 9.03859424591064 9.10896396636963 9.05008697509766 8.40606689453125 8.10612297058105 6.49314785003662 5.42366981506348 6.88799047470093 6.60453128814697 7.0600848197937 5.53454732894897 8.66613292694092 8.38057804107666 8.8698263168335 8.79410934448242 8.75335788726807 8.38832664489746 7.45145797729492 8.29832744598389 8.16166877746582 9.33839797973633 10.214319229126 10.1818418502808 10.5208005905151 9.94905090332031 10.8054504394531 10.2599420547485 10.4244775772095 10.0913038253784 10.2312498092651 10.5862607955933 10.1358966827393 9.77509593963623 10.2739496231079 10.053542137146 10.5896863937378 10.6589813232422
9.18880081176758 9.13443851470947 8.98885536193848 9.21139049530029 9.55733489990234 8.91345691680908 8.91971492767334 8.86898517608643 9.10776710510254 9.44601249694824 9.83737754821777 9.26629638671875 7.90990495681763 8.04048728942871 8.52001571655273 7.88510274887085 9.65843677520752 8.27268886566162 7.80222177505493 6.81247091293335 6.11459922790527 7.68969392776489 7.11314344406128 7.89105701446533 9.44623851776123 8.21565723419189 9.12317085266113 9.63824081420898 8.58207321166992 9.10253620147705 9.50348281860352 9.89280796051025 9.71456432342529 9.69286060333252 10.5550451278687 11.0034532546997 10.4244518280029 10.7068843841553 10.3936605453491 10.2713584899902 10.0130548477173 10.3705081939697 11.6796770095825 10.6792144775391 10.0120964050293 10.4431629180908 10.7433080673218
9.12469005584717 9.05804634094238 9.27684497833252 8.98054885864258 10.1315450668335 9.49042320251465 9.02248096466064 8.70296382904053 8.87699317932129 9.11649703979492 9.97831249237061 9.49222946166992 8.3366174697876 9.02859973907471 9.08413887023926 8.47062301635742 8.90407752990723 8.73014068603516 9.71657180786133 9.09538173675537 9.15160179138184 8.18937873840332 5.80190134048462 5.93910789489746 6.63276433944702 7.60202598571777 9.20112323760986 9.92947673797607 8.56081867218018 9.62875175476074 9.51429557800293 9.68870067596436 8.89100551605225 9.79547691345215 11.0728158950806 10.8884992599487 10.4539775848389 10.1335687637329 9.78386974334717 9.32947635650635 9.91155052185059 9.82341957092285 10.4284334182739 10.2750205993652 10.2496747970581 9.89840888977051 10.0805139541626
9.11223220825195 9.2858362197876 8.91473293304443 9.34643936157227 9.31607723236084 8.81909275054932 8.83086967468262 8.73577213287354 8.80542087554932 8.86434173583984 8.93079280853271 8.98998165130615 8.72532558441162 8.89595317840576 9.20564937591553 8.65044403076172 9.03726005554199 9.06115818023682 8.87833976745605 8.4826774597168 8.33396911621094 8.51535129547119 8.84892559051514 8.18491649627686 7.75166273117065 6.90002012252808 6.88688850402832 8.95514869689941 8.4955358505249 9.01911067962646 9.83880519866943 10.565071105957 10.6870813369751 10.9495153427124 10.6543121337891 10.52659034729 10.1665258407593 10.2060260772705 9.78588199615479 10.1188364028931 9.67008209228516 9.94220638275146 10.3075380325317 9.78125095367432 10.0979824066162 9.89205074310303 9.12160301208496
9.61472797393799 9.17674350738525 8.6591625213623 8.87592029571533 9.73137950897217 9.6320972442627 8.59593486785889 8.87462139129639 8.79729843139648 9.18079090118408 9.15208721160889 9.39154720306396 8.91325378417969 9.11107444763184 8.91073989868164 8.864990234375 8.66153240203857 9.26391887664795 9.65751838684082 8.10304069519043 8.50503540039062 8.54873371124268 7.66267967224121 8.73304080963135 7.88900136947632 8.45535087585449 10.7371044158936 10.4572858810425 9.40122509002686 9.52208709716797 11.2918272018433 11.8795537948608 10.4742946624756 10.2635612487793 10.3643579483032 9.57276344299316 10.4883546829224 10.5866088867188 9.24295902252197 6.75403642654419 8.47669219970703 7.19326591491699 9.35175800323486 10.2369394302368 10.3056602478027 9.68562793731689 8.21584987640381
9.0267858505249 9.12433815002441 9.00847721099854 9.63629817962646 11.0212888717651 9.83371734619141 9.08372783660889 9.42902851104736 9.05882453918457 9.49465560913086 9.45767593383789 9.47541999816895 9.06405735015869 9.15056324005127 9.29510593414307 9.00551223754883 9.00250625610352 9.49146938323975 9.50906562805176 9.92309474945068 8.84865379333496 8.40315532684326 8.58542442321777 8.70822906494141 9.76851272583008 9.02631187438965 9.04605102539062 8.9251708984375 9.31134223937988 10.2332782745361 9.88492012023926 9.83766937255859 10.5322065353394 9.72265338897705 10.993968963623 10.239541053772 10.4524793624878 10.5845985412598 10.7331371307373 8.77902221679688 8.42632293701172 7.66921138763428 7.46768617630005 9.1676778793335 9.98709011077881 10.0650110244751 8.64508056640625
9.43183708190918 9.5306282043457 9.51279544830322 9.31822490692139 9.29312229156494 9.07837963104248 8.83753299713135 8.41382503509521 8.11257362365723 8.87731742858887 9.55471706390381 9.38752365112305 9.22232818603516 9.191819190979 9.39154529571533 9.24234580993652 8.83168792724609 5.04176616668701 9.07936382293701 9.20765209197998 8.23956203460693 8.53801155090332 8.96522808074951 8.9311056137085 9.07248878479004 8.68974208831787 8.24791812896729 8.37679767608643 9.66948986053467 9.95688247680664 10.4345731735229 9.32141971588135 9.18897533416748 9.85370922088623 9.84462928771973 11.1290073394775 10.7656698226929 11.407395362854 11.2122201919556 11.0501861572266 10.6254911422729 9.48534202575684 8.70038509368896 9.27964687347412 10.1886863708496 10.3638801574707 9.69660377502441
9.72025012969971 9.85446166992188 9.7933177947998 9.46946907043457 8.9719705581665 9.16589450836182 9.18856811523438 9.55251121520996 10.3221578598022 9.86474514007568 9.59112930297852 9.05822563171387 9.09072113037109 9.11621570587158 9.45797824859619 9.38111591339111 9.11085796356201 9.42394828796387 9.03254699707031 9.12092781066895 8.87280559539795 8.03791904449463 7.97500467300415 8.45591163635254 6.74902439117432 8.63282108306885 8.15219020843506 9.13326930999756 9.33357238769531 10.7273750305176 10.8083744049072 11.4354181289673 10.4490518569946 9.65283489227295 11.9862003326416 11.5010805130005 11.3078699111938 9.79153728485107 10.0453100204468 10.0880088806152 10.0371541976929 10.2256174087524 10.926628112793 10.078085899353 10.6380548477173 10.169490814209 10.4898996353149
