Ecospace-environmental-drivers/Outputs/ASCII-for-ecospace/ChlA/ChlA_X2011.10.asc
NCOLS 131 
NROWS 53 
XLLCORNER -98 
YLLCORNER 23.9265270233154 
CELLSIZE 0.133587792515755 
NODATA_value -3.4e+38 
[rows 21 to 41 of 53, columns 47 to 93 of 131]
9.65270614624023 9.66605091094971 9.51472091674805 9.23174285888672 9.44314193725586 9.66457843780518 9.54458522796631 9.68535709381104 10.3079099655151 11.4780597686768 11.0031147003174 10.4258575439453 10.5037908554077 10.3020839691162 9.37141990661621 9.33264923095703 9.30201625823975 9.19410610198975 9.5875997543335 9.87805652618408 9.3798189163208 9.52845478057861 9.35502243041992 9.03639125823975 8.85868453979492 9.0542573928833 8.95945835113525 8.9420108795166 8.99704360961914 9.05258369445801 8.95277786254883 9.09451675415039 9.19172477722168 8.98878192901611 9.18786334991455 9.13652324676514 9.22339057922363 9.31609725952148 9.47643852233887 9.36911392211914 9.28250122070312 9.2166051864624 9.70502090454102 10.274432182312 10.2887258529663 9.82530975341797 9.97761535644531
9.6455078125 9.63232231140137 9.40373992919922 9.28023910522461 8.95065116882324 9.19762134552002 9.27611923217773 9.15804767608643 9.28441429138184 9.4981632232666 9.4880952835083 9.45647716522217 9.35502815246582 9.43872451782227 8.80701637268066 8.86100673675537 9.03512287139893 9.39972114562988 9.52340316772461 9.64047336578369 9.44313144683838 9.29249000549316 9.548903465271 9.19783306121826 9.06619358062744 9.10507965087891 9.01745223999023 8.95474624633789 8.98220825195312 8.92601013183594 8.76953983306885 9.03482246398926 9.11707496643066 9.03386688232422 9.09189701080322 9.07933712005615 9.11840629577637 9.34062480926514 9.29372215270996 8.99575138092041 8.87667846679688 9.07216930389404 9.32947731018066 9.44693279266357 9.83006191253662 9.97933387756348 9.71005916595459
9.13936710357666 9.19102478027344 9.22428607940674 8.9762659072876 9.00454235076904 9.1022310256958 8.92969131469727 8.77393245697021 8.91537189483643 9.02058029174805 8.96187591552734 9.04118251800537 8.9223747253418 9.11664581298828 9.02422523498535 9.08574676513672 9.08231353759766 9.30876636505127 9.41583251953125 9.45818519592285 9.39937973022461 9.42772769927979 9.28133583068848 9.11532211303711 9.2390832901001 9.01915264129639 8.85569858551025 8.81911087036133 8.84618663787842 8.684401512146 8.55447006225586 8.86483287811279 9.10229110717773 8.81064987182617 8.91886043548584 8.85885906219482 8.88305854797363 9.11198711395264 9.12923622131348 8.97554969787598 8.76282691955566 8.86648178100586 9.0552864074707 9.24544525146484 9.56567287445068 9.80172634124756 9.92394828796387
8.72715473175049 9.0542688369751 8.93988704681396 8.91856956481934 9.00799751281738 9.08621215820312 8.76261043548584 8.55026626586914 8.55674934387207 8.71758937835693 8.83905029296875 8.94527530670166 8.91475486755371 8.83117771148682 8.92704010009766 9.21067237854004 9.3532247543335 9.49384307861328 9.51751041412354 9.302077293396 9.19928550720215 9.3377571105957 9.03775119781494 8.99837970733643 9.08282661437988 8.97397708892822 8.96378135681152 8.86556625366211 8.82882213592529 9.11790561676025 8.9152717590332 8.9122838973999 8.98649406433105 9.03009033203125 9.13892459869385 8.97509765625 8.97048664093018 9.08276653289795 8.75917625427246 8.60457324981689 8.97348976135254 8.94368839263916 8.83932590484619 9.17298316955566 9.23104381561279 9.46424007415771 10.0431718826294
8.71571350097656 8.93952655792236 8.96715831756592 8.89205551147461 8.87285041809082 9.14952945709229 9.10165119171143 8.72405052185059 8.57304191589355 8.5544261932373 8.9787654876709 8.97373008728027 8.85154342651367 8.84655570983887 8.78744983673096 9.18093299865723 9.52425479888916 9.63274097442627 9.37294387817383 9.3038501739502 9.12087154388428 9.25804138183594 9.1934175491333 9.04740524291992 9.05774879455566 9.07516860961914 9.34370231628418 9.01733493804932 8.88944911956787 9.13418960571289 9.11056613922119 9.12881278991699 9.05867576599121 9.18741512298584 9.25499725341797 8.97535037994385 8.78898334503174 8.78590106964111 8.79342269897461 8.91333961486816 9.02788639068604 8.9532995223999 9.09231662750244 9.15540790557861 8.93334197998047 9.12740135192871 9.75333118438721
8.8666467666626 8.85688591003418 8.60025787353516 8.89891529083252 9.33334636688232 9.09077835083008 9.23812675476074 9.06548404693604 8.82104587554932 8.47675514221191 8.72696971893311 8.64026546478271 8.73673629760742 8.87388324737549 8.98264789581299 9.40310955047607 9.54966831207275 9.6324405670166 9.50939083099365 9.03080272674561 9.02290916442871 9.21409130096436 9.29455089569092 9.14298629760742 9.02110576629639 9.1575174331665 9.0962381362915 9.21552276611328 9.26594543457031 9.52907466888428 9.40675067901611 9.34709930419922 9.20734882354736 9.0455904006958 9.20952320098877 8.65812683105469 8.47938442230225 8.54529476165771 8.29165267944336 8.54217624664307 8.6547679901123 8.87689876556396 9.1016902923584 8.86392021179199 8.89986515045166 9.04412174224854 9.52511882781982
8.96545124053955 8.88576221466064 8.67554569244385 8.88765239715576 8.86297035217285 8.82479476928711 8.63730525970459 8.76968479156494 8.70120620727539 8.54936027526855 8.48777103424072 8.51106548309326 8.68471240997314 9.22230815887451 9.29845237731934 9.4721508026123 9.46510791778564 9.42465972900391 9.37155532836914 9.12210845947266 9.17759990692139 9.40445709228516 9.12771129608154 9.10013771057129 9.06483364105225 9.28324031829834 9.42485237121582 9.32720565795898 9.42306613922119 9.61586380004883 9.45356559753418 9.41710186004639 9.49227142333984 9.36427879333496 9.22622203826904 9.28573322296143 8.75437927246094 8.45553112030029 8.29794120788574 8.23827266693115 8.41203117370605 8.66527652740479 9.02287197113037 8.92862415313721 8.92587375640869 8.62214660644531 9.22842597961426
9.23924255371094 9.03686809539795 9.1249885559082 9.09799957275391 8.70700645446777 8.54685497283936 8.74493980407715 8.8301248550415 8.72285175323486 8.74301528930664 8.63816738128662 8.62208652496338 8.87584590911865 9.25174808502197 9.54005908966064 9.47757244110107 9.38689613342285 9.31735706329346 9.37474536895752 9.36758804321289 9.19997978210449 9.57012462615967 9.52881240844727 9.40008163452148 9.34706115722656 9.37475395202637 9.51689052581787 9.41541957855225 9.55484962463379 9.45091915130615 9.60421752929688 9.71901702880859 9.26643657684326 9.62823486328125 9.79373359680176 9.17141628265381 9.03824424743652 8.4094181060791 8.22170162200928 7.77040195465088 8.48069953918457 8.86745452880859 9.17127227783203 8.95913124084473 8.90138149261475 8.9294319152832 9.35161209106445
9.16080760955811 8.94556427001953 9.07643413543701 9.31092548370361 8.9503927230835 8.75311756134033 8.78982925415039 8.92502307891846 9.00037670135498 8.90570259094238 9.02775859832764 9.11609363555908 9.18604183197021 9.42122268676758 9.58742141723633 9.4429407119751 9.30593204498291 9.40918254852295 9.34110927581787 8.88692951202393 8.98236560821533 9.26358127593994 9.19197463989258 9.07800579071045 9.19770336151123 9.30265998840332 9.37215995788574 9.56421947479248 9.36828708648682 9.22423362731934 9.34457588195801 9.60805511474609 9.59860134124756 9.69453239440918 9.39512920379639 8.99540615081787 8.87884712219238 9.12150382995605 8.41083908081055 8.58159446716309 8.6467170715332 8.88636779785156 9.47682857513428 9.26741218566895 9.13031768798828 9.11551666259766 9.25652885437012
8.91257572174072 8.9705171585083 9.12146759033203 9.18356418609619 9.12506771087646 9.17244529724121 8.87425804138184 9.14422607421875 9.27662754058838 9.30776786804199 9.36500358581543 8.96207618713379 9.04900932312012 9.14380645751953 9.19147491455078 9.31370162963867 9.19604873657227 9.12918758392334 9.15040493011475 9.07880687713623 8.99560928344727 9.02549362182617 8.64409351348877 8.98372840881348 9.01748943328857 9.15959644317627 9.25920677185059 9.19333267211914 9.23082160949707 9.05938148498535 9.35061836242676 9.60232830047607 9.92801856994629 9.75486850738525 9.67912197113037 9.89124584197998 9.73660755157471 8.92117881774902 8.72397899627686 8.33817958831787 7.42324304580688 8.25775814056396 9.09772872924805 8.80659770965576 8.97018623352051 8.92775440216064 9.41611862182617
8.73506355285645 8.76826667785645 8.83537578582764 9.33723258972168 9.39006233215332 9.31039810180664 9.10980033874512 8.89031600952148 8.93256187438965 8.93401718139648 8.950852394104 9.1887378692627 9.1755199432373 8.95076751708984 8.68350028991699 8.88113975524902 8.9236421585083 8.54650115966797 8.88058757781982 8.84719657897949 8.97550106048584 8.90585231781006 9.04831695556641 8.86301040649414 9.13606548309326 9.03790760040283 9.38516807556152 9.35505294799805 9.17615413665771 9.27005290985107 9.0714750289917 9.06724834442139 9.22839736938477 9.53729915618896 9.96918487548828 9.84907150268555 9.25368118286133 8.29710483551025 9.45404529571533 9.11375522613525 8.78693294525146 -3.4e+38 9.71218681335449 8.98846530914307 8.79085731506348 9.28667831420898 9.61667251586914
8.79323482513428 8.92993354797363 8.7651252746582 9.20090389251709 9.45090198516846 9.42232704162598 9.17098522186279 8.99528884887695 8.86350250244141 8.76896953582764 8.68548965454102 9.29098033905029 9.2503547668457 9.21984195709229 9.05177402496338 9.1934700012207 8.18148422241211 8.55727577209473 8.57797813415527 8.70698070526123 8.45956897735596 8.83026695251465 8.96104145050049 8.85573482513428 9.10902976989746 9.69065284729004 9.82095146179199 9.85627841949463 9.29971027374268 9.29216003417969 9.20310497283936 9.20346260070801 9.18698120117188 9.35851001739502 9.37705707550049 9.58423805236816 9.4238224029541 9.13698291778564 9.36055564880371 8.99597549438477 8.8815336227417 8.16887378692627 8.50973415374756 8.81253528594971 9.0605354309082 9.3152027130127 9.42779350280762
8.91833114624023 8.9797248840332 8.95960712432861 9.27206039428711 9.30349254608154 9.09610366821289 9.31949901580811 8.91876983642578 8.99516296386719 8.98282814025879 8.38017559051514 8.77293491363525 9.06805801391602 9.15901470184326 8.87343502044678 8.84345626831055 9.18523216247559 9.05480861663818 8.86240005493164 8.89285564422607 8.91555595397949 8.82121849060059 9.04264831542969 9.01125717163086 10.009991645813 9.51097393035889 9.33195972442627 9.82848072052002 9.60933399200439 9.34443283081055 9.31525897979736 9.27290344238281 9.26383781433105 9.43672561645508 9.28379058837891 9.2600564956665 9.38382434844971 9.80507278442383 9.33092975616455 9.24298286437988 8.98931980133057 9.0283031463623 8.69767570495605 9.21396255493164 9.09865856170654 9.29151725769043 9.70215892791748
8.78187465667725 8.69658851623535 8.74854850769043 8.9627103805542 9.01187515258789 9.0845193862915 9.12290000915527 9.02098274230957 8.98490142822266 9.02672576904297 9.23603630065918 9.19821262359619 8.91111373901367 9.23123550415039 9.19638633728027 9.28348922729492 9.41962242126465 9.61855792999268 9.09995555877686 8.92734813690186 9.03707027435303 9.10234546661377 8.85983085632324 9.11412811279297 9.03089809417725 9.31510162353516 9.29660701751709 10.072361946106 9.78113460540771 9.70013904571533 9.23246288299561 9.20459842681885 9.50044250488281 9.51248550415039 9.63415718078613 9.20839405059814 9.55728626251221 9.23879051208496 9.02658653259277 9.15797233581543 9.23922824859619 9.04198932647705 9.13333702087402 9.37655067443848 9.54583930969238 9.33884620666504 9.91698932647705
8.84329223632812 8.60241603851318 8.91074180603027 8.76195907592773 9.0632848739624 9.23918342590332 9.33819484710693 8.95903396606445 9.12015438079834 9.15205383300781 9.46863174438477 9.09513282775879 8.68197250366211 9.12068462371826 9.07392501831055 9.14876556396484 9.31107807159424 9.64824390411377 9.44895553588867 9.29838562011719 9.04214954376221 8.84194755554199 8.94403266906738 9.06339359283447 9.2180233001709 9.3883581161499 9.35041236877441 9.76031494140625 9.60215282440186 9.60012722015381 9.23041248321533 9.12633037567139 8.97975254058838 10.3229055404663 10.2844409942627 9.49265384674072 9.24243831634521 9.26118087768555 9.3423433303833 9.17822170257568 9.08262538909912 8.79583263397217 8.91204071044922 9.11904144287109 9.53511428833008 9.7982063293457 10.2610120773315
8.91923713684082 8.68672466278076 8.54665660858154 8.84823989868164 8.87122535705566 8.80855083465576 8.9719123840332 8.9200267791748 8.9969596862793 9.09612369537354 8.96062755584717 9.28823852539062 9.33698749542236 9.637770652771 9.50020217895508 9.15572357177734 8.96754455566406 9.674973487854 9.63797855377197 9.02410697937012 9.01307392120361 9.07740116119385 9.32035160064697 9.33642959594727 9.58010196685791 9.63517379760742 9.63107681274414 9.87355613708496 9.64403343200684 9.92830848693848 10.0095672607422 9.67549419403076 8.64175796508789 9.9194974899292 5.62534475326538 7.85455465316772 8.67623424530029 8.70009326934814 8.92451858520508 8.78048801422119 8.84551429748535 8.88177108764648 9.30045318603516 9.56454849243164 9.64710712432861 10.711540222168 10.415976524353
9.20525932312012 8.6997537612915 8.4688549041748 8.32263374328613 8.76199054718018 9.33568382263184 9.0962963104248 8.93585586547852 8.84128093719482 9.05341148376465 9.11732387542725 9.36412239074707 9.03024291992188 9.64914226531982 10.0471181869507 9.77017307281494 9.68270587921143 9.16351509094238 8.85235404968262 8.61102867126465 8.68058490753174 8.84038352966309 8.99358940124512 9.41551971435547 9.47398948669434 9.7196798324585 9.78026390075684 9.81871128082275 10.0690536499023 10.2216768264771 9.62625980377197 10.0240182876587 6.07788705825806 6.10119676589966 4.4973611831665 6.57946443557739 9.00895404815674 8.99626731872559 8.89981460571289 9.126220703125 9.33320999145508 9.43709850311279 9.4430046081543 9.19048404693604 10.0408039093018 10.6211214065552 9.98390960693359
9.11980438232422 8.51736640930176 8.00406551361084 8.25906848907471 8.35239791870117 9.03825283050537 8.87655544281006 9.04080200195312 9.15815162658691 9.15479946136475 9.14804840087891 8.94771766662598 8.96253776550293 9.95248031616211 10.1088409423828 10.0131416320801 9.27581691741943 9.3184232711792 9.70488834381104 9.32888221740723 8.68069648742676 8.86276435852051 9.26913833618164 9.10938167572021 9.5247278213501 9.53414154052734 9.69602108001709 10.0254545211792 10.1753902435303 10.7212285995483 10.9543323516846 7.7874608039856 6.34910678863525 5.31511545181274 5.94099283218384 8.63272285461426 9.41922569274902 9.61125469207764 9.19630527496338 8.94279479980469 9.29657649993896 9.38329982757568 9.42428112030029 9.7877140045166 10.6577081680298 10.2808055877686 9.90099620819092
8.88946628570557 7.87232732772827 8.23424339294434 8.45477199554443 9.13973331451416 8.65168476104736 8.52096652984619 9.18717575073242 9.25665473937988 9.67653751373291 8.37518119812012 8.51866149902344 8.54678440093994 8.64434146881104 9.04117298126221 8.39760875701904 8.53450012207031 8.9514217376709 8.99042701721191 9.46880054473877 9.13444328308105 8.6281909942627 9.47337436676025 9.35140419006348 8.99831581115723 9.11179351806641 10.1969919204712 10.3330707550049 10.7579479217529 10.951584815979 10.4368228912354 10.9047651290894 10.0515079498291 8.75325202941895 9.92101287841797 8.86225605010986 9.27772235870361 10.4443073272705 9.45674324035645 9.2275218963623 9.33076763153076 9.52504539489746 9.72825527191162 9.97620677947998 10.5634279251099 9.88360500335693 9.70901107788086
8.87751007080078 8.60541915893555 8.56337070465088 8.62716770172119 8.60044097900391 8.40202331542969 7.8532280921936 9.42509460449219 9.89387321472168 8.93495559692383 7.03939199447632 8.47491073608398 9.01594352722168 8.5074987411499 8.6549768447876 8.47676372528076 8.74570560455322 8.95346832275391 9.02827548980713 9.11845016479492 9.0027379989624 8.60239791870117 8.85419464111328 9.21063041687012 8.79670906066895 9.58542633056641 10.5963010787964 10.5887327194214 10.6127843856812 10.6367063522339 9.52650928497314 9.3426628112793 8.80201721191406 9.52789402008057 16.775671005249 14.5112600326538 9.32719802856445 9.14932441711426 9.79481983184814 9.50859069824219 9.3147497177124 9.60508728027344 9.32042121887207 10.1201820373535 9.73877620697021 9.66313743591309 9.63219261169434
8.77327537536621 8.68500709533691 8.49056720733643 8.8993501663208 8.52254867553711 8.11520099639893 7.53585433959961 9.21684837341309 8.04155921936035 7.97232627868652 8.72996139526367 8.0055627822876 8.74512481689453 8.82558631896973 8.40234565734863 8.80597114562988 8.92505741119385 9.23945140838623 9.33462142944336 9.2176628112793 9.02541351318359 8.8767204284668 9.34134387969971 9.12071418762207 9.01122570037842 10.4306879043579 10.6495113372803 10.5465421676636 11.6337928771973 10.2907009124756 11.5917415618896 8.64826107025146 8.42182731628418 6.78461074829102 10.743727684021 9.8149938583374 9.87514400482178 10.7872552871704 9.34391021728516 9.31646537780762 9.34573364257812 9.3672513961792 9.44233417510986 9.55214023590088 10.0246152877808 10.0559244155884 9.78570175170898
