Ecospace-environmental-drivers/Outputs/ASCII-for-ecospace/ChlA/ChlA_X2004.03.asc
NCOLS 131 
NROWS 53 
XLLCORNER -98 
YLLCORNER 23.9265270233154 
CELLSIZE 0.133587792515755 
NODATA_value -3.4e+38 
[rows 21 to 41 of 53, columns 0 to 46 of 131]
-3.4e+38 -3.4e+38 -3.4e+38 -3.4e+38 -3.4e+38 -3.4e+38 -3.4e+38 22.5030117034912 -3.4e+38 16.8765869140625 14.7436838150024 16.2481994628906 14.6101446151733 12.0767774581909 11.1277151107788 10.5200004577637 8.82555484771729 7.65054702758789 7.79417181015015 7.30048227310181 7.92147779464722 8.43612194061279 8.77487564086914 8.35062313079834 8.4762544631958 8.59392547607422 8.38112354278564 8.48845386505127 8.45876502990723 9.0420036315918 9.0569953918457 9.08288478851318 8.68685722351074 8.83056545257568 8.48127746582031 7.88147783279419 8.50830078125 8.44360065460205 8.40940856933594 8.34844493865967 8.27890205383301 8.49165344238281 8.64817523956299 8.65127944946289 8.46033000946045 8.69709300994873 8.65534687042236
-3.4e+38 -3.4e+38 -3.4e+38 -3.4e+38 -3.4e+38 -3.4e+38 -3.4e+38 21.7269630432129 18.9278240203857 13.7984447479248 14.4724493026733 13.1516513824463 11.3904991149902 9.56623649597168 8.41919708251953 8.41844272613525 7.64842367172241 7.81320762634277 7.6673378944397 7.47350215911865 8.31929588317871 8.20228958129883 8.01301956176758 8.32569789886475 8.49210166931152 8.35078620910645 8.50684833526611 8.41146183013916 8.45040607452393 8.8941478729248 8.90477085113525 8.50164318084717 8.19109725952148 7.69866704940796 7.68482685089111 7.65355491638184 8.40085601806641 8.47917366027832 7.83221530914307 7.21240854263306 8.02219200134277 7.9129695892334 8.43917846679688 8.2415771484375 8.01337718963623 8.17203521728516 8.27156352996826
-3.4e+38 -3.4e+38 -3.4e+38 -3.4e+38 20.6164474487305 19.8360328674316 -3.4e+38 18.6203498840332 16.9181957244873 13.3991594314575 12.4797887802124 11.255542755127 9.51343059539795 9.16949081420898 8.77697944641113 8.46901893615723 8.12947273254395 8.25952625274658 8.12477588653564 8.01276683807373 8.09892845153809 8.1706657409668 7.89073514938354 7.84378147125244 8.57596206665039 8.28406524658203 7.9787335395813 7.71567535400391 7.94153165817261 8.55664825439453 8.75254726409912 8.5988302230835 7.67204809188843 6.70918893814087 8.03883361816406 8.08980941772461 8.47826194763184 7.76724863052368 6.70099210739136 6.81541347503662 7.52020645141602 8.07555770874023 7.74206256866455 7.97863340377808 7.93063974380493 8.01196384429932 8.2512264251709
-3.4e+38 -3.4e+38 -3.4e+38 -3.4e+38 -3.4e+38 23.5618324279785 19.034948348999 17.2884178161621 15.8758172988892 13.4823522567749 11.5322771072388 10.2454376220703 9.95293998718262 10.0682306289673 8.96994686126709 7.99712753295898 7.33330154418945 7.69846820831299 7.82086229324341 7.77443170547485 7.74845743179321 7.45985221862793 7.41828536987305 7.84257793426514 8.11108779907227 7.53741407394409 7.54342222213745 7.74706697463989 7.90930080413818 7.89187526702881 7.8873872756958 8.10775375366211 7.75455856323242 6.74329948425293 7.03120899200439 7.24291086196899 7.22051620483398 7.46587133407593 8.09271240234375 8.32322692871094 7.22759294509888 7.61739778518677 7.84434223175049 7.94198036193848 7.99417972564697 8.02070331573486 8.11769104003906
-3.4e+38 -3.4e+38 -3.4e+38 -3.4e+38 -3.4e+38 17.7063541412354 17.6879806518555 15.3886079788208 14.0958805084229 11.3089437484741 10.0316886901855 9.77884387969971 9.92761611938477 9.74835395812988 9.06931304931641 7.96152877807617 7.53990602493286 7.19528388977051 7.17865419387817 7.21222448348999 7.32765531539917 7.65076875686646 7.77605295181274 7.89319944381714 7.86541223526001 7.48001384735107 7.26100587844849 7.43850326538086 7.37875413894653 7.15625524520874 7.58708095550537 8.11789131164551 7.80479049682617 6.81721496582031 7.17117929458618 7.48498916625977 7.51642417907715 8.389967918396 7.55523633956909 7.4975905418396 7.0577597618103 7.5816478729248 7.68975782394409 7.63623285293579 7.87231254577637 8.12870025634766 7.72915887832642
-3.4e+38 -3.4e+38 -3.4e+38 -3.4e+38 -3.4e+38 14.0525913238525 13.3359479904175 13.8310117721558 12.3804349899292 10.3364458084106 9.72556018829346 9.36868858337402 9.07594108581543 8.81138134002686 8.13096714019775 7.70788478851318 7.46089649200439 7.11273527145386 7.27171182632446 7.6475977897644 7.57672214508057 7.54575729370117 7.67136430740356 7.74977779388428 7.74887704849243 7.79464387893677 7.76013946533203 6.65768575668335 6.73350143432617 6.96005630493164 7.15014600753784 7.74550628662109 7.64423370361328 7.42892789840698 8.66551494598389 7.30170774459839 7.48801279067993 8.12939834594727 7.52405643463135 7.06129121780396 7.23310089111328 7.77908515930176 7.72956800460815 7.66135787963867 7.76966285705566 7.70297813415527 8.02030658721924
-3.4e+38 -3.4e+38 -3.4e+38 -3.4e+38 -3.4e+38 12.3928556442261 12.759069442749 12.4455156326294 11.1338529586792 11.1268339157104 10.2844638824463 9.54345893859863 8.72994804382324 7.96151638031006 7.83161211013794 7.67111682891846 7.56923246383667 7.75807571411133 7.69639301300049 7.22390079498291 7.48078584671021 7.7007269859314 7.82204341888428 7.75451850891113 7.86813926696777 7.50771760940552 7.23548650741577 6.64561891555786 6.51069116592407 6.69986438751221 7.05370903015137 7.36030769348145 7.72226667404175 7.26709651947021 6.85028553009033 7.88358449935913 8.6609354019165 8.10649013519287 7.10395908355713 6.85606098175049 7.13008165359497 6.96431684494019 7.13508081436157 7.53635215759277 7.61317205429077 7.51158809661865 7.94299030303955
-339999999999999996128486808808066248288.000000000000000 -3.4e+38 -3.4e+38 -3.4e+38 10.6700410842896 12.0590600967407 13.7880916595459 11.4146347045898 11.3138742446899 11.8768253326416 11.1353597640991 9.43744850158691 7.80865144729614 7.0194525718689 7.59157419204712 7.96875619888306 7.99804353713989 7.76465320587158 7.49871110916138 7.35473680496216 7.22276973724365 7.0133810043335 7.70687294006348 7.88612079620361 7.65034055709839 7.28935813903809 7.47389030456543 6.75145101547241 6.53462553024292 6.57886266708374 6.68776798248291 6.98265695571899 7.53363132476807 7.35213327407837 6.86870098114014 6.6645393371582 6.40198040008545 7.57245302200317 7.30628967285156 6.94856262207031 7.03329086303711 7.03025341033936 7.05457353591919 7.02104949951172 7.16908931732178 7.57106447219849 7.65126800537109
-3.4e+38 -3.4e+38 -3.4e+38 -3.4e+38 -3.4e+38 14.9160833358765 14.6323499679565 12.6506109237671 12.3697633743286 11.2421941757202 10.4383840560913 8.19403743743896 7.76477861404419 7.47205352783203 7.56969451904297 7.44131851196289 8.08144760131836 7.87139797210693 7.31471633911133 7.45745277404785 6.87338256835938 6.77318477630615 6.69811916351318 6.93152666091919 7.06067895889282 6.97622013092041 7.62962007522583 7.16525411605835 6.51743173599243 6.18625211715698 6.36764335632324 7.27111864089966 7.57605457305908 7.99413299560547 7.43575000762939 7.72958660125732 7.28742361068726 7.37969255447388 7.25097036361694 6.86412286758423 7.13795042037964 7.01332807540894 6.7044095993042 6.61480379104614 6.812744140625 6.99822521209717 6.88912439346313
-3.4e+38 -3.4e+38 -3.4e+38 -3.4e+38 13.7588119506836 15.6868715286255 14.9557418823242 13.244119644165 12.4796009063721 10.3140306472778 9.83104610443115 8.64798259735107 8.42369842529297 7.64195251464844 7.61993885040283 7.77765321731567 7.50018692016602 7.7400426864624 7.53280258178711 7.40618848800659 6.95931577682495 6.76545715332031 6.71228456497192 6.25229501724243 6.87963819503784 6.90084600448608 6.61340475082397 6.77753257751465 6.47954225540161 6.37430286407471 6.7201189994812 7.17628288269043 7.14654636383057 7.56301975250244 7.56748104095459 8.28731822967529 7.54579067230225 7.16760444641113 7.0807318687439 6.62692975997925 7.05429363250732 6.49307727813721 7.10777902603149 6.7105860710144 6.45102882385254 6.52698278427124 6.38056039810181
-3.4e+38 -3.4e+38 -3.4e+38 -3.4e+38 -3.4e+38 15.4806270599365 15.8589448928833 14.9374122619629 13.2884387969971 10.5655708312988 9.60082626342773 8.53034400939941 8.74366760253906 7.97829246520996 7.73571825027466 8.15593242645264 7.89370536804199 7.96005821228027 7.36497783660889 7.34636259078979 7.01355600357056 7.70313215255737 6.87916898727417 6.3350625038147 6.93116235733032 7.08491802215576 7.14274406433105 6.68713998794556 5.9966516494751 6.40773153305054 6.53680753707886 7.01150608062744 7.15146255493164 7.26128959655762 7.54355478286743 8.43095397949219 7.88218307495117 7.467444896698 7.08534908294678 6.98276805877686 7.12904930114746 6.89978218078613 7.20723724365234 7.248131275177 7.04817724227905 6.7726035118103 6.55581712722778
-3.4e+38 -3.4e+38 -3.4e+38 -3.4e+38 -3.4e+38 15.3895320892334 16.8233852386475 15.3228578567505 13.0050086975098 10.9801931381226 10.2968721389771 8.91628837585449 8.95864868164062 8.31711006164551 7.73305034637451 7.99351978302002 7.86754751205444 7.78953742980957 7.62879610061646 7.05090141296387 6.37511491775513 6.76937961578369 6.48365831375122 6.51166868209839 6.76992654800415 7.04477071762085 7.37711000442505 6.62390613555908 6.300048828125 6.37613105773926 6.48538637161255 6.44435930252075 7.05308532714844 7.34599542617798 7.55712604522705 7.92892074584961 7.91754531860352 7.83081579208374 7.56609439849854 7.10415601730347 6.74392747879028 6.55945682525635 6.39013242721558 6.62099742889404 6.63096046447754 6.51366281509399 6.48481464385986
-3.4e+38 -3.4e+38 -3.4e+38 -3.4e+38 -3.4e+38 14.1058216094971 16.8282775878906 14.7220249176025 12.9888544082642 11.1022481918335 10.8269128799438 10.4099140167236 9.1047248840332 8.19934940338135 7.44645595550537 7.88864803314209 7.57616806030273 7.65902948379517 7.84051752090454 7.52581357955933 6.46755075454712 5.94931840896606 5.63681221008301 6.15080738067627 6.44332599639893 7.06347227096558 6.72879123687744 7.42671394348145 6.42292499542236 5.75361585617065 6.4191370010376 6.36030960083008 6.3717474937439 6.65178775787354 7.00303363800049 7.45728302001953 7.88241910934448 7.44924545288086 7.87670278549194 7.29303646087646 7.03601789474487 6.72755479812622 6.35336112976074 6.36935043334961 5.87491750717163 6.17828321456909 6.52997779846191
-3.4e+38 -3.4e+38 -3.4e+38 -3.4e+38 -3.4e+38 14.3829250335693 14.922308921814 15.2042989730835 11.9154758453369 10.6166086196899 9.17536449432373 9.51919651031494 8.23125076293945 7.66684293746948 7.12313175201416 7.75976753234863 8.21026039123535 8.22169494628906 7.93654727935791 7.70465183258057 7.46161317825317 7.77215051651001 6.60215902328491 6.01214933395386 6.29335403442383 6.36816740036011 6.79099416732788 6.62993192672729 6.26503467559814 6.04004192352295 5.80718088150024 5.7281551361084 6.44204378128052 6.87069511413574 7.26234769821167 7.52488946914673 7.42067956924438 7.13543128967285 7.37978935241699 7.46144390106201 7.22330379486084 6.61355543136597 6.57159996032715 6.75613069534302 6.29377412796021 6.3938102722168 6.69143152236938
-3.4e+38 -3.4e+38 -3.4e+38 -3.4e+38 -3.4e+38 -3.4e+38 16.2728233337402 14.3359832763672 11.2864503860474 9.23874092102051 8.39183139801025 7.40442705154419 7.76067686080933 7.28714084625244 7.35856151580811 7.5529637336731 7.50575256347656 7.5797266960144 7.58038473129272 7.70626640319824 8.18315601348877 7.88158273696899 6.99744033813477 6.94856023788452 6.55527257919312 6.41494464874268 6.20847940444946 6.37233543395996 6.64275646209717 6.28374814987183 5.98308372497559 6.23116827011108 6.64950037002563 6.92256212234497 7.05097389221191 7.35211563110352 7.44703674316406 7.48787784576416 7.16282415390015 6.80989456176758 6.97518920898438 7.12292528152466 6.60915374755859 6.52069473266602 6.830979347229 6.08706426620483 6.12305307388306
-3.4e+38 -3.4e+38 -3.4e+38 -3.4e+38 -3.4e+38 -3.4e+38 12.2153177261353 13.2293100357056 11.8097791671753 11.163535118103 11.9928436279297 11.6870031356812 8.91752433776855 7.7893705368042 7.62951755523682 7.76262807846069 8.20692539215088 7.47824811935425 7.60977983474731 7.8824143409729 8.1318359375 8.15746974945068 7.49606227874756 7.14858388900757 5.70221042633057 6.87829780578613 6.65293502807617 6.12164974212646 6.44741344451904 6.09859657287598 6.13422441482544 6.41697454452515 6.67172336578369 7.01236772537231 6.78065633773804 7.12867403030396 7.3588719367981 7.48678016662598 7.14441156387329 7.08915567398071 7.33592319488525 6.84838056564331 6.64245176315308 6.64189052581787 6.92579936981201 6.60298585891724 6.4715461730957
-3.4e+38 -3.4e+38 -3.4e+38 -3.4e+38 -3.4e+38 -3.4e+38 -3.4e+38 12.7333288192749 11.2167615890503 10.4315795898438 10.898078918457 8.79404163360596 9.74090671539307 7.61451864242554 7.70985078811646 8.00414562225342 8.382493019104 8.05442047119141 8.09217643737793 7.80675363540649 8.05637550354004 7.97551250457764 8.05289649963379 7.61765432357788 7.19873952865601 6.43000030517578 6.7386999130249 6.49340438842773 6.6162223815918 6.22244930267334 5.83994579315186 5.98979187011719 6.48274755477905 6.70165109634399 6.67347860336304 6.84255695343018 7.02809381484985 7.15175867080688 7.22382736206055 7.12809896469116 7.14032745361328 6.92282819747925 6.73622560501099 6.73619174957275 6.75790882110596 6.18133163452148 5.8663330078125
-3.4e+38 -3.4e+38 -3.4e+38 -3.4e+38 -3.4e+38 -3.4e+38 -3.4e+38 14.9316749572754 11.8063316345215 9.95178890228271 9.5927095413208 8.39869785308838 9.77729320526123 8.64912891387939 7.7820611000061 7.72202014923096 8.61443901062012 8.25899219512939 8.37267303466797 8.57382965087891 8.94321346282959 8.88936901092529 7.7128791809082 7.62170600891113 6.96763324737549 6.61060667037964 6.16973781585693 5.85070943832397 4.93343210220337 6.18021965026855 6.48463487625122 5.4112377166748 5.58048677444458 6.32138586044312 6.1914176940918 6.80162286758423 6.59545469284058 7.09160232543945 7.0389232635498 7.00921058654785 7.37657308578491 6.71241092681885 6.66233491897583 6.59459924697876 6.69665575027466 6.1081371307373 5.74571466445923
-3.4e+38 -3.4e+38 -3.4e+38 -3.4e+38 -3.4e+38 -3.4e+38 11.2704677581787 11.6052017211914 12.9691743850708 10.959677696228 10.0875434875488 10.0781450271606 10.1634159088135 9.55375576019287 9.45308113098145 8.91179847717285 8.68867015838623 8.60113716125488 8.23219299316406 9.39932155609131 9.35201549530029 8.83297634124756 7.70612478256226 7.6203441619873 7.23771381378174 6.93927049636841 6.74445247650146 6.83983039855957 6.8824987411499 6.77067041397095 6.64274740219116 6.85704755783081 6.72827434539795 6.17704248428345 6.52395057678223 6.88397741317749 7.21030139923096 7.29574823379517 7.33896732330322 7.32838344573975 7.31526184082031 6.7889838218689 6.77306890487671 6.84766101837158 6.24602079391479 5.50236129760742 5.09996509552002
-3.4e+38 -3.4e+38 -3.4e+38 -3.4e+38 -3.4e+38 -3.4e+38 9.12355995178223 9.47592067718506 11.743842124939 9.45986747741699 9.00947666168213 9.37346458435059 9.95946311950684 9.95529174804688 10.5995721817017 9.82340526580811 8.70029544830322 8.79384422302246 8.79054641723633 8.9980525970459 8.75276565551758 8.13071155548096 7.68079614639282 7.29599285125732 7.09853601455688 6.88507699966431 6.96451377868652 7.05406713485718 7.140869140625 6.89901876449585 6.34632635116577 6.68790245056152 6.27926445007324 6.0441951751709 6.61316871643066 6.93977165222168 6.85717153549194 7.28895282745361 7.16969203948975 7.22906684875488 7.17090511322021 6.84297752380371 6.93401145935059 6.6358494758606 6.41010713577271 5.71516466140747 5.91555786132812
-3.4e+38 -3.4e+38 -3.4e+38 -3.4e+38 -3.4e+38 9.90023136138916 8.57303619384766 10.0034780502319 11.7384929656982 9.28520774841309 10.0215349197388 10.0866279602051 9.61913967132568 10.0570955276489 10.3435468673706 9.276291847229 8.49847412109375 8.71768856048584 8.9086446762085 9.10561752319336 8.86258697509766 8.26145172119141 7.18265008926392 7.14678764343262 6.49009799957275 7.33978986740112 7.04270172119141 7.00899600982666 6.90934085845947 6.95178270339966 6.36387920379639 5.88446569442749 5.90934038162231 6.08239984512329 6.7012243270874 6.08924531936646 6.44365739822388 6.97418117523193 7.22905540466309 7.46264028549194 7.19606971740723 7.34599876403809 7.18427610397339 7.02554130554199 6.5898962020874 5.92842197418213 6.21863508224487
