Ecospace-environmental-drivers/Outputs/ASCII-for-ecospace/ChlA/ChlA_X2008.09.asc
NCOLS 131 
NROWS 53 
XLLCORNER -98 
YLLCORNER 23.9265270233154 
CELLSIZE 0.133587792515755 
NODATA_value -3.4e+38 
[rows 0 to 20 of 53, columns 47 to 93 of 131]
-3.4e+38 -3.4e+38 -3.4e+38 -3.4e+38 -3.4e+38 -3.4e+38 -3.4e+38 -3.4e+38 -3.4e+38 -3.4e+38 -3.4e+38 -3.4e+38 -3.4e+38 -3.4e+38 -3.4e+38 -3.4e+38 -3.4e+38 -3.4e+38 -3.4e+38 -3.4e+38 -3.4e+38 -3.4e+38 -3.4e+38 -3.4e+38 -3.4e+38 -3.4e+38 -3.4e+38 -3.4e+38 -3.4e+38 -3.4e+38 -3.4e+38 -3.4e+38 -3.4e+38 -3.4e+38 -3.4e+38 -3.4e+38 -3.4e+38 -3.4e+38 -3.4e+38 -3.4e+38 -3.4e+38 -3.4e+38 -3.4e+38 -3.4e+38 -3.4e+38 -3.4e+38 -3.4e+38
-3.4e+38 -3.4e+38 -3.4e+38 -3.4e+38 -3.4e+38 -3.4e+38 -3.4e+38 -3.4e+38 -3.4e+38 -3.4e+38 -3.4e+38 -3.4e+38 -3.4e+38 -3.4e+38 -3.4e+38 -3.4e+38 -3.4e+38 -3.4e+38 -3.4e+38 -3.4e+38 -3.4e+38 -3.4e+38 -3.4e+38 -3.4e+38 -3.4e+38 -3.4e+38 -3.4e+38 -3.4e+38 -3.4e+38 -3.4e+38 -3.4e+38 -3.4e+38 -3.4e+38 -3.4e+38 -3.4e+38 -3.4e+38 -3.4e+38 -3.4e+38 -3.4e+38 -3.4e+38 -3.4e+38 -3.4e+38 -3.4e+38 -3.4e+38 -3.4e+38 -3.4e+38 -3.4e+38
-3.4e+38 -3.4e+38 -3.4e+38 -3.4e+38 -3.4e+38 -3.4e+38 -3.4e+38 -3.4e+38 -3.4e+38 -3.4e+38 -3.4e+38 -3.4e+38 -3.4e+38 -3.4e+38 -3.4e+38 -3.4e+38 -3.4e+38 -3.4e+38 -3.4e+38 -3.4e+38 -3.4e+38 -3.4e+38 -3.4e+38 -3.4e+38 -3.4e+38 -3.4e+38 -3.4e+38 -3.4e+38 -3.4e+38 -3.4e+38 -3.4e+38 -3.4e+38 -3.4e+38 -3.4e+38 -3.4e+38 -3.4e+38 -3.4e+38 -3.4e+38 -3.4e+38 -3.4e+38 -3.4e+38 -3.4e+38 -3.4e+38 -3.4e+38 -3.4e+38 -3.4e+38 -3.4e+38
-3.4e+38 -3.4e+38 -3.4e+38 -3.4e+38 -3.4e+38 -3.4e+38 -3.4e+38 -3.4e+38 -3.4e+38 -3.4e+38 -3.4e+38 -3.4e+38 -3.4e+38 -3.4e+38 -3.4e+38 -3.4e+38 -3.4e+38 -3.4e+38 -3.4e+38 -3.4e+38 -3.4e+38 -3.4e+38 -3.4e+38 -3.4e+38 -3.4e+38 -3.4e+38 -3.4e+38 207.013549804688 167.139129638672 -3.4e+38 -3.4e+38 -3.4e+38 -3.4e+38 -3.4e+38 -3.4e+38 -3.4e+38 -3.4e+38 -3.4e+38 -3.4e+38 -3.4e+38 -3.4e+38 -3.4e+38 -3.4e+38 -3.4e+38 -3.4e+38 -3.4e+38 -3.4e+38
-3.4e+38 -3.4e+38 -3.4e+38 -3.4e+38 -3.4e+38 -3.4e+38 -3.4e+38 -3.4e+38 -3.4e+38 -3.4e+38 -3.4e+38 223.427703857422 -3.4e+38 -3.4e+38 -3.4e+38 -3.4e+38 -3.4e+38 -3.4e+38 -3.4e+38 -3.4e+38 146.000595092773 127.180480957031 -3.4e+38 -3.4e+38 -3.4e+38 127.273918151855 -3.4e+38 135.32746887207 139.360015869141 -3.4e+38 -3.4e+38 -3.4e+38 -3.4e+38 -3.4e+38 -3.4e+38 87.7860870361328 33.9482307434082 28.4563903808594 41.0611038208008 38.9872169494629 40.2197380065918 -3.4e+38 -3.4e+38 -3.4e+38 -3.4e+38 -3.4e+38 -3.4e+38
-3.4e+38 -3.4e+38 -3.4e+38 -3.4e+38 -3.4e+38 -3.4e+38 -3.4e+38 -3.4e+38 163.290573120117 172.254577636719 151.354553222656 150.419052124023 158.420364379883 176.381530761719 -3.4e+38 -3.4e+38 -3.4e+38 -3.4e+38 148.867034912109 127.998611450195 112.753227233887 114.985427856445 110.843803405762 118.945625305176 112.005638122559 113.185089111328 106.690719604492 108.437919616699 114.819496154785 121.752914428711 66.3304824829102 71.9504547119141 64.6796646118164 44.0907363891602 36.2832298278809 31.8584537506104 27.6555557250977 25.7871589660645 26.9352416992188 32.0955696105957 39.6418838500977 62.5473594665527 61.9878311157227 80.9366607666016 -3.4e+38 -3.4e+38 -3.4e+38
-3.4e+38 -3.4e+38 -3.4e+38 -3.4e+38 -3.4e+38 -3.4e+38 -3.4e+38 -3.4e+38 -3.4e+38 170.466888427734 139.700805664062 133.70671081543 148.026870727539 170.509765625 -3.4e+38 151.162048339844 134.286102294922 122.837371826172 117.157440185547 98.4915390014648 89.3674850463867 78.8754196166992 71.3453674316406 78.5758590698242 74.7951202392578 65.9742736816406 64.9271469116211 60.3166961669922 48.3404502868652 45.3385009765625 39.4073715209961 29.5659217834473 28.1690807342529 27.5854740142822 27.0835132598877 24.1635780334473 22.4895362854004 22.9790229797363 24.0989055633545 24.2827644348145 25.2244472503662 30.202299118042 42.6845054626465 71.2069778442383 81.6607894897461 -3.4e+38 -3.4e+38
-3.4e+38 -3.4e+38 -3.4e+38 -3.4e+38 -3.4e+38 -3.4e+38 -3.4e+38 -3.4e+38 -3.4e+38 -3.4e+38 137.632675170898 131.762496948242 146.724212646484 152.547576904297 147.286712646484 131.818237304688 131.585510253906 129.328994750977 95.1588973999023 96.361701965332 85.7211380004883 74.1678466796875 62.7108879089355 64.1291656494141 63.2800521850586 57.528190612793 48.0297088623047 43.4041328430176 38.7109527587891 32.2278671264648 28.7377910614014 25.8095073699951 23.7688179016113 23.0055370330811 22.8227310180664 21.6834201812744 21.1638603210449 20.2658710479736 20.2285213470459 20.0233917236328 20.9809074401855 23.4248390197754 27.1068420410156 36.8193092346191 59.333137512207 109.736846923828 -3.4e+38
-3.4e+38 -3.4e+38 -3.4e+38 -3.4e+38 -3.4e+38 -3.4e+38 -3.4e+38 -3.4e+38 -3.4e+38 -3.4e+38 -3.4e+38 -3.4e+38 -3.4e+38 -3.4e+38 -3.4e+38 129.814254760742 -3.4e+38 -3.4e+38 104.235527038574 94.8585586547852 86.1326599121094 74.2968444824219 55.9007186889648 53.3990097045898 40.5964012145996 39.6940422058105 39.3239059448242 32.5022811889648 33.9349021911621 29.8304996490479 28.1065139770508 24.8061408996582 21.8793773651123 20.4080543518066 19.7849178314209 18.9875564575195 19.4674854278564 19.6778373718262 19.9986343383789 19.6785697937012 19.9760570526123 20.9406204223633 24.230073928833 26.3516864776611 40.4252738952637 55.5560455322266 103.095275878906
-3.4e+38 -3.4e+38 -3.4e+38 -3.4e+38 -3.4e+38 -3.4e+38 -3.4e+38 -3.4e+38 -3.4e+38 -3.4e+38 184.273834228516 -3.4e+38 -3.4e+38 -3.4e+38 -3.4e+38 -3.4e+38 121.432281494141 96.1231689453125 96.1899948120117 89.2602920532227 78.4088668823242 67.4105072021484 60.4725914001465 45.4791221618652 35.4689865112305 39.6695938110352 35.4276084899902 26.8681087493896 25.7603092193604 23.9870948791504 23.2881088256836 21.4234619140625 19.7199287414551 18.3554267883301 18.3140087127686 18.0240325927734 18.5999069213867 18.7783737182617 19.2994518280029 19.4312438964844 19.9745121002197 20.9426116943359 23.7245922088623 27.7219047546387 34.5364303588867 46.4404525756836 59.2221374511719
125.154800415039 -3.4e+38 -3.4e+38 -3.4e+38 -3.4e+38 -3.4e+38 -3.4e+38 -3.4e+38 -3.4e+38 -3.4e+38 -3.4e+38 -3.4e+38 -3.4e+38 -3.4e+38 -3.4e+38 149.007461547852 127.495742797852 107.00267791748 90.9501876831055 81.6811676025391 68.3819198608398 64.2815933227539 49.1363525390625 39.2752113342285 36.788158416748 34.5813674926758 32.3943901062012 25.9787445068359 23.5032520294189 21.4946575164795 20.3870830535889 19.5702018737793 18.5084323883057 17.8515949249268 17.3185749053955 17.8484840393066 18.6550064086914 18.6868267059326 19.4424457550049 19.737964630127 19.8901538848877 21.710865020752 23.9066162109375 28.8869514465332 36.6295127868652 44.5139350891113 60.8083763122559
128.278564453125 134.824996948242 -3.4e+38 -3.4e+38 -3.4e+38 -3.4e+38 -3.4e+38 -3.4e+38 -3.4e+38 -3.4e+38 -3.4e+38 -3.4e+38 -3.4e+38 112.406700134277 -3.4e+38 -3.4e+38 161.66487121582 127.662910461426 111.410133361816 86.502815246582 65.0648803710938 50.2378196716309 41.5690727233887 31.0412311553955 25.6883296966553 27.0346069335938 24.7358932495117 23.8697738647461 21.9055252075195 20.3731212615967 20.1986637115479 20.3534679412842 19.305004119873 17.9854259490967 17.2040729522705 18.1322269439697 18.6845302581787 18.7279396057129 19.1064891815186 19.1897125244141 20.0014610290527 21.6321201324463 22.6318778991699 25.9249515533447 32.3679008483887 39.2733840942383 48.3882637023926
108.688011169434 115.988616943359 115.944183349609 -3.4e+38 -3.4e+38 -3.4e+38 -3.4e+38 -3.4e+38 107.787208557129 107.899238586426 -3.4e+38 -3.4e+38 94.5666427612305 107.594169616699 116.596534729004 113.847373962402 -3.4e+38 -3.4e+38 -3.4e+38 104.044937133789 66.0576934814453 37.3509712219238 36.1654739379883 28.7825260162354 28.0364398956299 24.0122680664062 21.1359176635742 20.5804004669189 19.4501609802246 19.7983283996582 21.3246841430664 20.5582180023193 19.7936210632324 18.7033023834229 17.6628475189209 17.5979175567627 18.4047412872314 19.1181983947754 18.8743839263916 18.5484848022461 19.3848342895508 20.7120361328125 20.6008529663086 21.2063369750977 22.4022388458252 26.9811153411865 28.4664859771729
99.2063674926758 106.661888122559 104.458290100098 126.911643981934 110.49772644043 107.646873474121 110.025810241699 111.630165100098 103.01025390625 97.4217147827148 109.943832397461 84.23388671875 90.2619171142578 87.3559494018555 87.281852722168 103.855743408203 93.0143585205078 -3.4e+38 -3.4e+38 113.390563964844 96.6059188842773 46.1272888183594 31.5112857818604 24.4685554504395 24.1297035217285 20.4410285949707 19.6014022827148 19.6593589782715 16.3982620239258 18.9672565460205 19.6779136657715 19.9272804260254 18.9583282470703 18.1515426635742 17.206636428833 17.0260047912598 17.2711658477783 18.086669921875 18.440071105957 17.8064937591553 17.6857089996338 20.0629062652588 20.8071403503418 20.8204917907715 19.6124038696289 17.7754650115967 18.7058601379395
75.8161468505859 78.98779296875 85.6766891479492 88.0002975463867 89.6456909179688 92.6742706298828 98.46923828125 94.1511535644531 87.2387924194336 92.2593307495117 94.6608352661133 85.0045852661133 91.9953460693359 89.2167053222656 99.705207824707 96.5461349487305 94.1032867431641 98.2067642211914 -3.4e+38 122.025657653809 107.801490783691 46.6540718078613 24.4834575653076 20.6142177581787 18.92551612854 17.9249382019043 16.5794925689697 15.7743558883667 15.3092012405396 16.1368293762207 17.6274013519287 17.9504985809326 18.197546005249 16.995532989502 17.0638828277588 16.5377235412598 15.8083429336548 16.014856338501 16.4143543243408 16.6441516876221 16.2716884613037 16.6733703613281 19.4550380706787 19.1185188293457 17.6922168731689 17.013427734375 17.8307647705078
55.5466728210449 57.3820533752441 65.5256423950195 68.9784393310547 74.3084411621094 79.8783187866211 81.9145431518555 75.7712860107422 72.6976928710938 83.7932510375977 77.7341156005859 73.7307357788086 81.2865753173828 78.7170715332031 75.862922668457 81.2684020996094 90.8325424194336 102.398643493652 103.501335144043 123.596069335938 106.77326965332 59.1673583984375 25.9548110961914 17.7573375701904 17.1433849334717 16.3668155670166 15.6932621002197 15.0739393234253 14.3632040023804 14.8648481369019 15.636815071106 16.610860824585 16.7154197692871 15.9087514877319 15.852276802063 16.1944999694824 16.0159759521484 15.4602956771851 15.3273162841797 15.8637714385986 16.157922744751 16.5121479034424 17.2445335388184 17.3441982269287 17.4409065246582 17.0573558807373 17.4983921051025
51.6170959472656 53.536548614502 59.1207885742188 62.5709266662598 68.5680389404297 68.6618804931641 64.4560928344727 62.2850494384766 62.306583404541 68.4919586181641 58.6659088134766 53.2734527587891 55.0020408630371 65.6407775878906 80.9570159912109 78.1298141479492 87.601676940918 88.7550964355469 88.715202331543 66.9772720336914 74.9345169067383 51.0633201599121 22.1583938598633 18.2893733978271 17.3911991119385 16.36208152771 15.0836601257324 15.4538698196411 14.7899837493896 14.5424890518188 15.4987869262695 15.9124546051025 15.6010103225708 15.1659545898438 15.3035173416138 16.0961608886719 15.8701677322388 15.3538284301758 15.4386262893677 15.7065467834473 16.5560131072998 16.8575782775879 17.2167739868164 16.8030891418457 16.8442134857178 16.7159690856934 16.4186553955078
32.453498840332 44.3483963012695 54.0991897583008 59.4320297241211 60.5732154846191 62.7075538635254 61.2162551879883 55.3840980529785 54.8989067077637 55.5021057128906 55.1049041748047 42.361198425293 38.9910316467285 43.2880325317383 55.6970138549805 61.4195327758789 75.1153335571289 74.854736328125 49.4662895202637 42.6084365844727 47.636962890625 38.056396484375 22.8714008331299 17.8340377807617 17.1547451019287 15.8606510162354 15.6367292404175 15.042366027832 14.7093458175659 14.9633102416992 15.1188945770264 14.9589366912842 14.7922134399414 15.1866846084595 14.9893703460693 15.4493799209595 15.5741024017334 15.5442085266113 15.4221305847168 16.1765918731689 16.9644756317139 17.367696762085 17.3349018096924 16.5950088500977 16.671667098999 16.8881969451904 16.1592273712158
26.3466606140137 28.548698425293 36.703483581543 41.085620880127 39.0936431884766 39.8863525390625 36.732666015625 36.413932800293 38.4785423278809 39.6509017944336 37.9758949279785 38.4801368713379 34.9380531311035 34.250545501709 32.5132904052734 38.0261611938477 43.9620094299316 34.9864692687988 28.5479393005371 30.3577785491943 28.6464595794678 30.028959274292 21.6209506988525 17.3637390136719 16.301118850708 16.2583084106445 15.666205406189 15.3317909240723 15.006814956665 14.8866167068481 14.7034502029419 14.6985864639282 14.7545013427734 15.0034732818604 15.0708312988281 15.3311414718628 15.0316028594971 14.9422607421875 15.9298477172852 16.4443836212158 16.3917999267578 17.1485443115234 17.5194301605225 17.140531539917 17.0529117584229 17.1001605987549 15.837381362915
24.851188659668 28.9299411773682 30.2084007263184 28.3137474060059 27.7262935638428 28.7812404632568 27.9678916931152 27.6219615936279 26.8115863800049 27.5089664459229 30.1463718414307 34.4476318359375 30.8694858551025 29.9846000671387 32.8095245361328 29.1387920379639 25.9825325012207 22.5905933380127 25.1910743713379 24.2589988708496 23.580265045166 23.3091926574707 18.0487327575684 17.2561264038086 15.7735652923584 15.6369323730469 15.9802474975586 15.3389825820923 14.8151817321777 15.0000419616699 15.003568649292 14.7894649505615 15.0156536102295 15.1726093292236 14.9581699371338 14.8407516479492 14.6685667037964 15.353964805603 16.0639762878418 16.4975318908691 16.3215351104736 17.0783290863037 17.2288455963135 17.0451831817627 16.3921699523926 16.1890850067139 15.5576944351196
23.1533355712891 28.6185340881348 22.242733001709 31.4971923828125 27.2183818817139 30.0513229370117 32.7787284851074 32.8898010253906 32.3145027160645 35.3201103210449 36.5417785644531 36.4776916503906 30.7428569793701 23.9504776000977 20.6991195678711 22.5216121673584 20.2118530273438 21.2080955505371 23.1462326049805 21.5078811645508 18.5901069641113 17.1045894622803 17.259693145752 17.8141136169434 16.812801361084 16.1078338623047 15.9057302474976 15.3093881607056 15.488805770874 15.5702152252197 15.1243495941162 14.9515047073364 14.9144592285156 14.7889652252197 14.5011615753174 14.5206995010376 14.6813230514526 15.1961545944214 15.8032064437866 16.4229469299316 16.7854881286621 17.0997085571289 16.3109931945801 15.6912403106689 15.0952253341675 15.2719621658325 15.1028680801392
