Ecospace-environmental-drivers/Outputs/ASCII-for-ecospace/ChlA/ChlA_X2022.03.asc
NCOLS 131 
NROWS 53 
XLLCORNER -98 
YLLCORNER 23.9265270233154 
CELLSIZE 0.133587792515755 
NODATA_value -3.4e+38 
[rows 21 to 41 of 53, columns 0 to 46 of 131]
-3.4e+38 -3.4e+38 -3.4e+38 -3.4e+38 -3.4e+38 -3.4e+38 6.85072088241577 -3.4e+38 18.5502853393555 17.7809619903564 17.1434307098389 15.6852121353149 14.2451410293579 13.0740432739258 12.1168737411499 11.1196041107178 10.6416330337524 10.4212923049927 10.8189821243286 10.5664415359497 10.495454788208 10.2554550170898 10.0195283889771 9.63231754302979 9.87660503387451 9.3737154006958 9.40224456787109 9.66032695770264 9.56309700012207 10.6905736923218 10.7472457885742 10.253701210022 10.053882598877 9.77703094482422 10.1109743118286 10.1106367111206 10.1665363311768 10.248948097229 9.9697847366333 10.2823362350464 10.5131902694702 10.5757884979248 10.254940032959 9.76717758178711 10.3351726531982 10.4737863540649 10.1894845962524
-3.4e+38 -3.4e+38 -3.4e+38 -3.4e+38 -3.4e+38 -3.4e+38 -3.4e+38 -3.4e+38 18.1428928375244 15.9226789474487 14.4022645950317 13.4981575012207 12.0863351821899 11.4688768386841 10.7968244552612 10.8349466323853 10.9339666366577 10.657585144043 10.9700450897217 11.0788297653198 10.8711585998535 10.4488372802734 10.1076784133911 9.68684673309326 9.36177825927734 8.95090961456299 8.79908752441406 9.56652927398682 9.59147930145264 10.0138807296753 10.0117025375366 9.6198673248291 9.32282543182373 9.33825778961182 9.79696846008301 9.7067985534668 10.0333290100098 9.88872051239014 9.9522123336792 10.3917608261108 10.7414703369141 10.9538068771362 10.6139917373657 10.0684652328491 10.1749219894409 9.84591102600098 9.94392967224121
-3.4e+38 -3.4e+38 -3.4e+38 -3.4e+38 20.3960342407227 20.2364807128906 18.4190769195557 19.0614757537842 15.1462173461914 13.4289846420288 12.9007015228271 11.5583772659302 10.8898973464966 10.6666250228882 10.7145938873291 10.9972724914551 11.1530113220215 11.0614948272705 10.8066253662109 10.6999473571777 10.4326477050781 10.02184009552 9.96739673614502 9.61027050018311 9.46111488342285 8.47950077056885 8.03841209411621 8.80522346496582 9.26413631439209 10.0031795501709 10.5985774993896 10.8296976089478 9.6157808303833 9.48839092254639 9.57912731170654 9.41756534576416 9.57708740234375 9.35777568817139 9.63228893280029 10.1448707580566 10.4050178527832 10.823784828186 10.4424915313721 9.67601871490479 9.72866916656494 9.96279430389404 9.61624526977539
-3.4e+38 -3.4e+38 -3.4e+38 -3.4e+38 -3.4e+38 22.0964527130127 19.9003200531006 16.7416801452637 13.0925350189209 12.0151968002319 11.2367792129517 10.7733249664307 10.8301000595093 10.8549451828003 10.4711399078369 10.8315496444702 10.7803087234497 10.8008232116699 10.6324863433838 10.5353994369507 10.4863862991333 10.4204721450806 9.63668251037598 8.846022605896 7.15701723098755 7.21265840530396 7.20555973052979 8.30381393432617 9.55087757110596 9.92563724517822 10.1390552520752 9.90692615509033 9.76498508453369 9.58081722259521 9.73516750335693 9.55512142181396 9.51743316650391 9.63224220275879 9.9873046875 9.7878942489624 9.88328838348389 10.2011337280273 9.70683479309082 9.31204319000244 8.9360294342041 9.14217281341553 8.97585678100586
-3.4e+38 -3.4e+38 -3.4e+38 -3.4e+38 -3.4e+38 17.4045028686523 17.7363967895508 14.3207159042358 10.9729852676392 10.4893045425415 10.764217376709 10.7355375289917 10.8339958190918 10.4231700897217 9.51294422149658 10.4497041702271 10.4988965988159 10.1070623397827 9.8259449005127 9.45770835876465 9.35268306732178 10.0587377548218 9.53561878204346 8.70557022094727 7.51225519180298 7.93030595779419 7.65092658996582 9.16905879974365 9.38707256317139 9.96406078338623 9.60565567016602 9.14366245269775 8.95753002166748 9.28773498535156 9.37174034118652 9.54269790649414 9.75700664520264 10.0873746871948 10.1167459487915 9.79104709625244 9.65890979766846 9.67714214324951 9.81188488006592 9.48459053039551 9.07391166687012 8.74360084533691 8.90635299682617
-3.4e+38 -3.4e+38 -3.4e+38 -3.4e+38 -3.4e+38 19.8544578552246 16.0076599121094 12.9488306045532 11.0865468978882 10.6128740310669 10.457537651062 10.0605993270874 9.90482616424561 9.38311100006104 9.22811508178711 10.1216878890991 10.0474634170532 9.9514627456665 9.57244491577148 9.36491012573242 9.06978034973145 9.88272571563721 9.6461124420166 8.55154705047607 8.64491558074951 8.23640727996826 9.10212135314941 8.77006530761719 8.01590538024902 9.08432006835938 9.26485729217529 8.02754402160645 8.15646171569824 9.28240299224854 10.1611566543579 10.0892705917358 10.0383186340332 9.98183631896973 9.66245079040527 9.39678764343262 9.51778316497803 9.61486339569092 9.68099403381348 9.58093070983887 9.37842750549316 8.92330074310303 8.45345783233643
-3.4e+38 -3.4e+38 -3.4e+38 -3.4e+38 -3.4e+38 17.7332401275635 14.6241035461426 11.8528394699097 10.3960962295532 10.2131290435791 10.129771232605 9.63222408294678 9.50605773925781 8.98965835571289 9.38574981689453 9.86665534973145 9.32282638549805 8.89985370635986 8.71268939971924 9.01436042785645 8.87546730041504 9.38626766204834 9.15565490722656 8.55919075012207 8.5683069229126 7.58764934539795 9.08825778961182 9.13929748535156 8.94791698455811 8.59932136535645 8.52409839630127 8.29051971435547 8.88402366638184 9.64702892303467 9.96293640136719 9.94668769836426 9.62096786499023 9.35144710540771 9.06663227081299 8.78868770599365 8.95007991790771 9.09676837921143 9.03906154632568 9.02172470092773 8.76098346710205 8.53484630584717 8.75150871276855
-339999999999999996128486808808066248288.000000000000000 -3.4e+38 -3.4e+38 -3.4e+38 21.9183826446533 17.5417613983154 13.3119306564331 10.734676361084 10.2150888442993 10.179126739502 9.73137760162354 9.00027656555176 8.7241678237915 9.06442356109619 9.55060386657715 9.35306644439697 9.46393394470215 9.2455358505249 8.69320678710938 8.41221523284912 8.47736358642578 8.38569927215576 8.31555843353271 7.96512985229492 7.95851802825928 7.88469648361206 9.06489944458008 9.39059734344482 9.21255111694336 8.57774639129639 9.00262928009033 9.55052947998047 9.21443271636963 9.69586372375488 10.0300521850586 10.0712394714355 9.57261943817139 9.05859565734863 9.01124000549316 8.72882747650146 8.69989109039307 8.64213752746582 8.57888507843018 8.62827301025391 8.43528175354004 8.40153694152832 8.33024787902832
-3.4e+38 -3.4e+38 -3.4e+38 -3.4e+38 20.5344333648682 16.1732997894287 12.6602249145508 10.5297451019287 9.67702484130859 9.51980209350586 9.38894939422607 9.07702159881592 9.07547760009766 9.20211601257324 9.0507755279541 9.18960094451904 9.168776512146 9.25627899169922 9.02164649963379 8.87033271789551 8.55304145812988 8.14594078063965 7.4353985786438 7.27951955795288 6.65227317810059 8.20039558410645 8.86440563201904 9.32109260559082 9.29407691955566 9.28098583221436 9.14108085632324 8.85321807861328 9.35160732269287 9.58719539642334 9.60479831695557 9.53757953643799 9.14366626739502 8.78407764434814 8.70998764038086 8.6681079864502 8.58855152130127 8.42572784423828 8.32794952392578 8.40906047821045 8.53200912475586 7.81927967071533 8.06967735290527
-3.4e+38 -3.4e+38 -3.4e+38 -3.4e+38 18.0529518127441 14.9385738372803 12.0910625457764 10.7760953903198 9.86135864257812 9.38454055786133 9.25576972961426 9.28271007537842 9.2957592010498 9.13359832763672 9.08756160736084 9.20578861236572 9.18406677246094 9.37796115875244 9.29699516296387 9.25340461730957 9.13386058807373 9.18244934082031 8.73614406585693 8.02564239501953 7.64243459701538 8.51970958709717 8.71356964111328 8.90764808654785 9.11522102355957 9.15241241455078 8.81044101715088 8.95216083526611 9.2471981048584 9.24501705169678 9.11088180541992 8.69661235809326 8.67692852020264 8.1162748336792 7.46036386489868 8.30058765411377 8.1750659942627 8.26293659210205 8.31448268890381 8.49081516265869 8.31539058685303 7.81712341308594 7.53477096557617
-3.4e+38 -3.4e+38 -3.4e+38 -3.4e+38 -3.4e+38 14.8611631393433 11.7550315856934 11.0340089797974 9.83149242401123 8.88768863677979 9.49575424194336 10.2129878997803 9.71503734588623 9.11432456970215 9.07072925567627 9.44513416290283 9.17263984680176 9.16346740722656 9.02768135070801 9.19625282287598 9.29834175109863 9.29757785797119 9.16846179962158 8.06138896942139 8.39505195617676 8.4154224395752 8.4003438949585 8.57713413238525 8.83755970001221 8.3673849105835 8.3607177734375 8.8399772644043 9.00467681884766 8.48673820495605 8.50278949737549 8.57070159912109 8.10807800292969 7.71716117858887 7.70089721679688 7.97438287734985 7.84145402908325 8.02488613128662 8.47146224975586 8.31169986724854 8.14713001251221 7.99915361404419 7.68975877761841
-3.4e+38 -3.4e+38 -3.4e+38 -3.4e+38 -3.4e+38 15.1905088424683 12.7236785888672 11.6886692047119 9.62660598754883 8.46745586395264 8.05102634429932 8.15823268890381 9.54731750488281 9.61155986785889 9.28964042663574 9.31601238250732 9.35592079162598 9.39352893829346 9.6443977355957 9.44745445251465 9.565260887146 9.61487579345703 8.87282180786133 7.43032026290894 8.20762634277344 8.46414279937744 8.54830646514893 8.49978256225586 8.2889347076416 8.5761661529541 8.12914943695068 8.63353443145752 8.29882431030273 8.03057765960693 8.07301712036133 8.20194244384766 7.03949785232544 7.03147554397583 7.64065504074097 7.7750039100647 8.10328483581543 8.27880477905273 8.40019607543945 7.92094850540161 8.04502105712891 7.82067394256592 7.67542695999146
-3.4e+38 -3.4e+38 -3.4e+38 -3.4e+38 -3.4e+38 14.4169454574585 13.7302341461182 12.2821798324585 10.0958795547485 7.89528226852417 8.11149024963379 8.50156688690186 9.5617847442627 9.72891235351562 9.31892395019531 9.10087203979492 9.39830780029297 9.46835327148438 9.82433128356934 9.71571731567383 9.59119415283203 8.74192237854004 7.76190662384033 7.67117595672607 8.10976409912109 8.83594799041748 8.88452911376953 8.20673370361328 8.70206928253174 9.33200359344482 8.43099784851074 8.56055545806885 8.32189846038818 7.90037298202515 7.8198184967041 7.85291481018066 7.20776605606079 7.74012327194214 7.78954029083252 8.59959983825684 9.01513004302979 8.84165096282959 8.35882377624512 7.62115573883057 7.59825325012207 7.99603796005249 7.44699382781982
-3.4e+38 -3.4e+38 -3.4e+38 -3.4e+38 -3.4e+38 16.85569190979 14.9285354614258 12.7850952148438 10.9777088165283 9.13041114807129 9.92636299133301 9.93656635284424 9.15495491027832 9.61652374267578 9.57883930206299 9.28880310058594 9.26213932037354 9.82313823699951 9.93050479888916 9.68946266174316 9.34792232513428 8.66333198547363 8.07676601409912 8.43459510803223 8.55421161651611 8.63177108764648 8.83474063873291 8.84847736358643 9.08657741546631 9.25617599487305 8.98452758789062 8.54181575775146 8.43049335479736 8.20014381408691 7.84219551086426 7.64294958114624 6.88496923446655 6.77948045730591 7.15866374969482 7.40802145004272 9.05214500427246 8.88091468811035 8.26076507568359 7.92825269699097 7.4953875541687 7.29420471191406 7.49576091766357
-3.4e+38 -3.4e+38 -3.4e+38 -3.4e+38 -3.4e+38 -3.4e+38 16.2563514709473 12.5560007095337 11.4005298614502 10.4961652755737 10.2155342102051 10.1367883682251 10.1930055618286 9.86661815643311 9.44879817962646 9.63485813140869 9.48421859741211 9.35350513458252 9.61563873291016 9.39417171478271 9.36380481719971 8.62455177307129 8.36178398132324 8.60452461242676 8.91137886047363 8.82135486602783 9.04896926879883 9.10548686981201 9.03190612792969 8.95666027069092 8.720947265625 8.4693431854248 8.20861339569092 8.23026752471924 7.62944078445435 7.1669807434082 6.28371810913086 6.34219741821289 6.71732425689697 7.24738693237305 7.95138454437256 8.10630512237549 8.33117866516113 8.21425533294678 8.44590759277344 8.44876384735107 8.52158832550049
-3.4e+38 -3.4e+38 -3.4e+38 -3.4e+38 -3.4e+38 -3.4e+38 18.1956901550293 12.3995943069458 11.4153623580933 10.8158941268921 10.1636581420898 10.3545541763306 10.1436052322388 9.69634246826172 9.37553119659424 9.10724830627441 9.47251892089844 9.64361000061035 9.57270526885986 9.62398815155029 9.50487327575684 8.73679161071777 8.00735569000244 8.5651388168335 9.03746128082275 9.15374183654785 8.54113864898682 8.08426570892334 8.47518157958984 8.51193046569824 8.19575214385986 8.4834451675415 8.09204483032227 8.05668354034424 7.48049259185791 6.11076354980469 6.61260366439819 6.38111448287964 6.76368856430054 6.98428153991699 7.56712818145752 7.8983325958252 8.12924575805664 8.09055137634277 8.28557205200195 8.40725135803223 8.57112598419189
-3.4e+38 -3.4e+38 -3.4e+38 -3.4e+38 -3.4e+38 -3.4e+38 19.4941806793213 13.4476766586304 11.2718572616577 10.4929962158203 10.3094282150269 9.88522434234619 9.01967811584473 8.47446632385254 8.8866605758667 9.17188549041748 9.4105978012085 9.65955638885498 9.80802536010742 9.72786426544189 9.40248966217041 8.3133430480957 8.39340591430664 8.69118309020996 8.81373596191406 8.04717254638672 7.18667840957642 7.28465509414673 8.27973175048828 8.34793758392334 8.07519721984863 8.21605777740479 8.06588649749756 7.75092887878418 7.16131401062012 6.57514715194702 6.00439596176147 4.88008689880371 5.69276332855225 6.63800668716431 7.35825729370117 7.74463224411011 8.23687744140625 8.17924213409424 8.93231105804443 8.88099384307861 8.44565010070801
-3.4e+38 -3.4e+38 -3.4e+38 -3.4e+38 -3.4e+38 -3.4e+38 17.0419425964355 12.2583742141724 10.3662624359131 8.724289894104 9.4647741317749 8.85785961151123 7.62468528747559 7.38249254226685 7.35614824295044 8.81816482543945 9.56353378295898 9.73501014709473 9.73737812042236 9.21704769134521 8.78754043579102 8.17544937133789 8.9012975692749 8.13081932067871 7.52137470245361 6.90649366378784 6.89930868148804 7.51389789581299 8.09130477905273 8.18704605102539 8.38516235351562 8.30598068237305 8.37891674041748 8.21947765350342 8.50306987762451 8.11970806121826 5.79636096954346 4.79928731918335 4.83893823623657 6.30343723297119 6.28954267501831 7.10532093048096 8.018385887146 8.39893341064453 8.91275691986084 8.80123329162598 7.95782709121704
-3.4e+38 -3.4e+38 -3.4e+38 -3.4e+38 -3.4e+38 -3.4e+38 14.1709728240967 12.189751625061 10.8680620193481 9.48743343353271 9.1714973449707 7.42199850082397 6.76195764541626 7.86365175247192 7.41610527038574 9.03341102600098 9.78325176239014 9.59911727905273 9.18944072723389 8.83633136749268 8.80027103424072 7.09087705612183 7.58451414108276 5.74993896484375 5.58592367172241 5.63421201705933 6.68472766876221 7.37375497817993 8.27365875244141 8.30951976776123 8.45723056793213 8.62061309814453 8.6613826751709 8.7478551864624 9.30915927886963 8.77220439910889 7.16948270797729 6.03738880157471 5.1159520149231 5.03793334960938 6.50478506088257 6.57091379165649 7.1245641708374 7.12928533554077 8.22762298583984 8.75648212432861 8.68672943115234
-3.4e+38 -3.4e+38 -3.4e+38 -3.4e+38 -3.4e+38 14.3436546325684 13.9482469558716 11.3815364837646 10.6744546890259 9.15230751037598 9.38022994995117 7.74057722091675 7.45694923400879 7.74689674377441 7.84108972549438 9.61532592773438 9.41881370544434 9.34739971160889 9.04453086853027 8.8045482635498 7.9995813369751 7.17252445220947 7.75286293029785 6.45385456085205 5.85591220855713 4.99764108657837 5.23427724838257 7.39425468444824 8.53891277313232 8.3838005065918 8.2425708770752 8.56167507171631 8.40895748138428 9.3007116317749 9.66531944274902 9.00844287872314 7.66609334945679 5.85194444656372 4.94852924346924 4.50291061401367 6.31455612182617 6.57655048370361 7.36944103240967 8.20681190490723 8.89807415008545 9.17296695709229 8.7457160949707
-3.4e+38 -3.4e+38 -3.4e+38 -3.4e+38 -3.4e+38 13.4527311325073 12.1353216171265 11.6340608596802 10.7191753387451 9.27016258239746 9.12741851806641 7.43515300750732 7.69330310821533 8.60225391387939 9.1955680847168 9.65469551086426 9.40119171142578 9.23816776275635 9.04093742370605 8.70766353607178 8.53388500213623 7.84354591369629 8.03812503814697 7.15884828567505 5.08333444595337 4.66215848922729 5.08261108398438 6.90581846237183 8.14925098419189 8.61676216125488 8.36439323425293 8.50109481811523 8.65431785583496 9.83823204040527 9.65879917144775 8.98462295532227 8.02888011932373 6.14324760437012 4.69174385070801 4.4869909286499 5.96148920059204 6.97121286392212 7.57565069198608 8.48872566223145 9.10404872894287 8.99132347106934 8.55475616455078
