Ecospace-environmental-drivers/Outputs/ASCII-for-ecospace/ChlA/ChlA_X2003.05.asc
NCOLS 131 
NROWS 53 
XLLCORNER -98 
YLLCORNER 23.9265270233154 
CELLSIZE 0.133587792515755 
NODATA_value -3.4e+38 
[rows 21 to 41 of 53, columns 0 to 46 of 131]
-3.4e+38 -3.4e+38 -3.4e+38 -3.4e+38 -3.4e+38 -3.4e+38 -3.4e+38 -3.4e+38 -3.4e+38 61.1083450317383 51.8904342651367 35.0418128967285 28.5861644744873 26.8992195129395 27.0758838653564 27.3668670654297 26.905424118042 26.4059181213379 25.0858898162842 24.3797416687012 24.953426361084 23.7721405029297 23.8268737792969 25.3845882415771 25.4626655578613 24.667459487915 22.8626613616943 20.4456195831299 19.4637775421143 19.6022472381592 20.0352363586426 20.4214630126953 20.1166095733643 18.693078994751 17.3944854736328 16.722599029541 15.9202280044556 15.3690156936646 15.0166854858398 14.6913232803345 14.7112579345703 14.7769594192505 14.5004062652588 14.5105819702148 14.3598022460938 13.8993244171143 13.6868362426758
-3.4e+38 -3.4e+38 -3.4e+38 -3.4e+38 -3.4e+38 -3.4e+38 -3.4e+38 -3.4e+38 53.8986930847168 52.5730018615723 46.7966003417969 35.5968742370605 26.0911235809326 26.2272987365723 26.7391548156738 27.5794925689697 27.0468044281006 26.7821273803711 25.0749549865723 24.0583610534668 23.9646911621094 23.6525783538818 23.8359680175781 24.4472274780273 24.1384773254395 23.1489925384521 22.5364074707031 21.570650100708 19.9279117584229 19.6454792022705 19.8062934875488 19.8691349029541 19.9609642028809 18.9237174987793 17.4179286956787 15.8958578109741 15.3538188934326 14.822265625 14.274808883667 14.1756086349487 14.6255950927734 14.6933364868164 14.3188333511353 13.9672431945801 13.892707824707 13.8077526092529 13.4772911071777
-3.4e+38 -3.4e+38 -3.4e+38 -3.4e+38 -3.4e+38 -3.4e+38 -3.4e+38 53.037784576416 49.9741249084473 39.6595458984375 38.7991981506348 39.02001953125 25.1962814331055 23.4932041168213 21.4406547546387 24.7431316375732 22.3272819519043 23.0197868347168 24.8877239227295 25.0135078430176 23.4548873901367 22.2167739868164 21.9776878356934 21.6164245605469 21.0679340362549 21.673038482666 21.5228786468506 21.1004047393799 19.2879695892334 18.2205867767334 17.9301910400391 18.5745487213135 18.605001449585 17.2643527984619 15.8921270370483 15.2885103225708 14.3071603775024 13.45862865448 13.3616142272949 13.488076210022 13.907395362854 14.3725967407227 14.0598707199097 13.5057897567749 13.3665838241577 13.4678831100464 13.3532991409302
-3.4e+38 -3.4e+38 -3.4e+38 -3.4e+38 -3.4e+38 80.4110641479492 51.7841873168945 46.0631408691406 38.3115921020508 26.7995624542236 33.9762382507324 27.3140277862549 23.8722801208496 21.6478080749512 19.5787029266357 17.28342628479 14.0805883407593 17.1540641784668 18.8587894439697 19.7416896820068 20.7536430358887 18.7098655700684 16.9160842895508 17.9297008514404 18.2671813964844 19.7871112823486 21.0547294616699 20.013032913208 19.0167675018311 17.9089584350586 17.5091552734375 17.530912399292 17.3033123016357 16.3889465332031 15.1776828765869 14.2103986740112 13.4736976623535 13.4344902038574 13.7762327194214 13.7595367431641 13.6754264831543 13.5864753723145 13.5764150619507 13.4786739349365 13.4806680679321 13.507664680481 13.4119501113892
-3.4e+38 -3.4e+38 -3.4e+38 -3.4e+38 -3.4e+38 52.6960525512695 45.3079071044922 34.7805976867676 30.5512161254883 25.7876472473145 25.5551719665527 22.7180824279785 21.5101165771484 20.0687561035156 18.1947212219238 14.6568117141724 14.0415725708008 14.04123878479 15.6583099365234 16.0286560058594 16.0485706329346 16.011869430542 16.5651741027832 16.9461841583252 17.6232852935791 18.6387138366699 20.7333030700684 18.71120262146 17.6476421356201 16.9293231964111 17.0032997131348 16.8968505859375 16.0837230682373 14.83482837677 13.8692626953125 13.6660060882568 13.8189516067505 13.7693281173706 13.6312046051025 13.270076751709 12.9467811584473 13.0365438461304 13.2707090377808 13.3134098052979 13.3487071990967 13.2193956375122 12.9847936630249
-3.4e+38 -3.4e+38 -3.4e+38 -3.4e+38 -3.4e+38 53.5752754211426 41.6748962402344 37.2549171447754 29.28297996521 24.6105785369873 22.3151741027832 21.054557800293 20.0754337310791 18.6323928833008 14.9502239227295 13.7916975021362 14.2958345413208 14.189208984375 13.8610601425171 14.038556098938 14.3028039932251 14.3611602783203 14.9693403244019 16.2392292022705 16.4285049438477 19.0277462005615 20.748140335083 18.1421203613281 16.6149597167969 16.3628025054932 15.692497253418 14.1962537765503 13.9613380432129 13.5765476226807 14.2665233612061 14.0993852615356 13.9437808990479 13.6985282897949 13.8146514892578 13.433066368103 12.941822052002 12.6752614974976 13.1558828353882 13.312273979187 13.4047594070435 13.039852142334 12.9728727340698
-3.4e+38 -3.4e+38 -3.4e+38 -3.4e+38 -3.4e+38 51.3775215148926 37.7479705810547 37.7211608886719 30.2422199249268 23.8690929412842 21.7524452209473 19.3379650115967 18.4141750335693 18.1786785125732 14.2732925415039 14.0790395736694 14.1010589599609 13.322338104248 13.0121908187866 13.1297779083252 13.5402727127075 14.0153532028198 14.0802927017212 14.1233425140381 14.7174510955811 20.6389579772949 19.2307147979736 17.7112293243408 16.5839672088623 15.4600229263306 14.3114833831787 13.4152765274048 13.5779647827148 14.1191482543945 14.1584014892578 13.9864883422852 13.9671964645386 13.7865304946899 13.5304040908813 13.349853515625 13.1534633636475 13.1349458694458 13.2423601150513 13.4207754135132 13.1898765563965 12.9759588241577 12.9478359222412
-339999999999999996128486808808066248288.000000000000000 -3.4e+38 -3.4e+38 -3.4e+38 47.5919876098633 42.421688079834 36.5442771911621 33.3247146606445 27.8858089447021 25.3784637451172 20.2077522277832 18.3539199829102 16.8227882385254 14.4623908996582 13.618597984314 14.1480321884155 13.5691614151001 12.9283485412598 12.9420166015625 12.8773145675659 13.6215896606445 14.3985195159912 14.1175804138184 13.7268514633179 15.5027055740356 18.2772464752197 18.203161239624 17.8810787200928 15.9163990020752 14.8096828460693 13.7994709014893 13.3451871871948 13.3793659210205 13.6165723800659 13.8649072647095 13.8989944458008 13.8283462524414 13.4623727798462 12.9054136276245 12.6806402206421 12.7160558700562 12.4502086639404 13.0635795593262 13.4270696640015 13.1364889144897 13.114354133606 13.1225452423096
-3.4e+38 -3.4e+38 -3.4e+38 -3.4e+38 43.0575752258301 41.5615539550781 36.6369552612305 32.4460563659668 25.5865898132324 23.3114204406738 19.7287292480469 18.5489330291748 16.5148773193359 14.5712041854858 14.6146612167358 14.4236507415771 13.7082443237305 12.938775062561 12.5522232055664 12.7895622253418 13.1411590576172 13.4892196655273 13.5906438827515 13.8779315948486 14.8196201324463 16.5470447540283 16.8193874359131 16.5908069610596 16.009126663208 15.1347427368164 14.5001726150513 13.7263507843018 13.4387550354004 13.6665344238281 13.9565181732178 14.1611013412476 13.9317750930786 13.5647239685059 13.2242670059204 12.4342794418335 12.3649368286133 12.0936136245728 12.2204036712646 12.5062284469604 12.8025255203247 13.0562200546265 13.330117225647
-3.4e+38 -3.4e+38 -3.4e+38 -3.4e+38 47.539909362793 41.9121856689453 35.7622146606445 30.1207237243652 25.6819686889648 23.3830585479736 21.9569702148438 20.7988719940186 17.1415996551514 14.9835348129272 14.5545949935913 14.6380786895752 13.7584400177002 12.8280658721924 12.8444595336914 13.0716304779053 12.9890632629395 13.1295080184937 13.4228591918945 14.072060585022 15.6188859939575 16.0213375091553 15.8572387695312 15.5840539932251 15.0123348236084 15.0193510055542 14.5870599746704 13.9734449386597 13.5695304870605 13.6374225616455 14.0091676712036 14.2284908294678 13.9066276550293 13.6181335449219 13.1730003356934 12.6866016387939 12.3108358383179 12.1619482040405 12.0607376098633 12.2193441390991 12.6299390792847 13.0215816497803 13.1076517105103
-3.4e+38 -3.4e+38 -3.4e+38 -3.4e+38 -3.4e+38 43.9064750671387 32.9637184143066 26.7339515686035 25.5504112243652 23.7423725128174 22.0972652435303 20.9881649017334 16.2401657104492 14.8447866439819 15.1251449584961 13.6012468338013 13.3247337341309 13.1493272781372 13.0371837615967 12.5815496444702 12.7253103256226 13.0506467819214 13.8386278152466 14.6881465911865 16.411449432373 16.1182613372803 15.655613899231 14.9442405700684 14.7057485580444 14.2827463150024 13.8320875167847 13.6535835266113 13.4684219360352 13.524676322937 13.8362245559692 13.9328680038452 13.8863182067871 13.8583574295044 13.3262987136841 12.8638315200806 12.5643873214722 12.5329618453979 12.3240585327148 12.4019756317139 12.7235860824585 12.6428518295288 12.9259519577026
-3.4e+38 -3.4e+38 -3.4e+38 -3.4e+38 -3.4e+38 35.4017066955566 32.4472999572754 24.1793937683105 21.5729598999023 22.3220539093018 21.7137298583984 18.4595775604248 15.2522554397583 14.4299507141113 14.6595783233643 14.299036026001 14.0683832168579 13.2095050811768 13.0176086425781 13.1884050369263 13.1652374267578 13.5736265182495 14.5324459075928 15.4514083862305 15.9673309326172 14.7502145767212 14.2262544631958 14.1872959136963 14.0513200759888 13.7989091873169 13.6977167129517 13.5364446640015 13.4979610443115 13.6050682067871 13.7684555053711 13.9661102294922 14.2012357711792 14.2951812744141 13.5320692062378 12.701379776001 12.637414932251 12.7085857391357 12.444317817688 12.3764600753784 12.6239891052246 12.5823650360107 12.8662567138672
-3.4e+38 -3.4e+38 -3.4e+38 -3.4e+38 -3.4e+38 33.7958679199219 31.9870510101318 22.2539482116699 20.1691093444824 20.1468849182129 19.4208335876465 16.171932220459 14.6481580734253 13.9709978103638 14.4042959213257 14.938232421875 14.9824924468994 13.5206527709961 13.5540742874146 14.3481702804565 14.0993547439575 14.6346111297607 15.7890710830688 15.4836349487305 14.4500293731689 13.6606960296631 13.7391891479492 13.7831516265869 13.5732078552246 13.5172414779663 13.5459432601929 13.5731639862061 13.7797613143921 13.6055593490601 13.7245826721191 14.2468185424805 14.4591693878174 14.5589532852173 13.6960144042969 12.6460666656494 12.4480314254761 12.4726305007935 12.3689403533936 12.4164590835571 12.6060752868652 12.7615957260132 13.0599822998047
-3.4e+38 -3.4e+38 -3.4e+38 -3.4e+38 -3.4e+38 34.637451171875 29.9298973083496 22.4102764129639 19.5729904174805 18.0678100585938 16.9623031616211 16.076566696167 14.0610179901123 13.986011505127 14.8863868713379 15.6513509750366 16.0356826782227 14.2755374908447 15.1464786529541 15.0545501708984 15.0578317642212 15.6474313735962 15.5211982727051 15.1989974975586 14.1515951156616 13.7954006195068 13.8814716339111 13.9275913238525 13.908522605896 13.7010087966919 13.5784130096436 13.6498022079468 13.5010499954224 13.5818481445312 13.9257116317749 14.3018493652344 14.4569282531738 14.5346364974976 13.8782377243042 12.8375844955444 12.4852609634399 12.4068536758423 12.3563385009766 12.3713150024414 12.5296392440796 12.6585998535156 13.0502882003784
-3.4e+38 -3.4e+38 -3.4e+38 -3.4e+38 -3.4e+38 -3.4e+38 27.7772197723389 22.3044319152832 19.3506412506104 17.543628692627 16.8353519439697 15.6306400299072 13.6633367538452 14.1329326629639 15.1631708145142 15.6054382324219 16.5285930633545 16.2987537384033 16.3050937652588 16.0455074310303 15.79833984375 15.8070020675659 14.9707059860229 14.2777767181396 14.1287269592285 14.2881374359131 14.4040288925171 14.3410234451294 14.2370491027832 13.8506202697754 13.5960903167725 13.5006189346313 13.3963747024536 13.4698858261108 13.697793006897 13.9583101272583 13.9208793640137 13.8987121582031 13.4603614807129 12.905686378479 12.5287561416626 12.1940050125122 12.2653455734253 12.3531923294067 12.4205160140991 12.5647630691528 12.9050054550171
-3.4e+38 -3.4e+38 -3.4e+38 -3.4e+38 -3.4e+38 -3.4e+38 28.1015911102295 23.0089817047119 18.6908397674561 17.6772403717041 15.9861812591553 14.7735157012939 13.9420738220215 14.1277666091919 15.1590061187744 14.9849653244019 15.0336828231812 15.7049865722656 15.3592443466187 14.9619474411011 14.466869354248 14.1866760253906 14.0999698638916 14.1796340942383 14.4171743392944 14.5999040603638 14.9043645858765 14.5579099655151 14.4537324905396 13.9115896224976 13.6482191085815 13.534574508667 13.4664926528931 13.1677732467651 12.9273948669434 13.1814298629761 13.0759963989258 12.6114797592163 12.1709671020508 12.4671592712402 12.3706855773926 11.8947372436523 12.0155620574951 12.2340812683105 12.4592990875244 12.5899114608765 12.69606590271
-3.4e+38 -3.4e+38 -3.4e+38 -3.4e+38 -3.4e+38 -3.4e+38 -3.4e+38 23.8417587280273 18.990198135376 16.7343978881836 14.9562244415283 14.0098915100098 13.4199304580688 14.3047075271606 15.5926685333252 15.4575986862183 14.585241317749 15.0745544433594 15.2724227905273 14.6460380554199 14.5651054382324 14.371636390686 14.453441619873 14.5591154098511 14.645528793335 14.8210611343384 15.0296745300293 14.5946931838989 14.264965057373 13.7064571380615 13.205548286438 12.9544248580933 12.8053112030029 12.4682817459106 11.9551877975464 11.9033432006836 11.989164352417 11.819149017334 11.5716199874878 11.5834321975708 11.6330261230469 11.6367101669312 11.9445819854736 12.0504531860352 12.3028707504272 12.543909072876 12.7032680511475
-3.4e+38 -3.4e+38 -3.4e+38 -3.4e+38 -3.4e+38 -3.4e+38 -3.4e+38 26.5131187438965 19.6005554199219 16.1553821563721 14.2090692520142 13.5530338287354 13.6377420425415 14.2266826629639 15.3186645507812 15.3165006637573 14.8025341033936 14.4642000198364 14.5913286209106 14.62868309021 14.591835975647 14.5710458755493 14.4450798034668 14.5028829574585 14.4928302764893 14.467604637146 14.7538242340088 14.3580617904663 13.8106117248535 12.999192237854 12.5305395126343 12.4465503692627 12.051323890686 11.8466596603394 11.6838054656982 11.7567119598389 11.790548324585 11.5900068283081 11.4148569107056 11.473445892334 11.691219329834 11.6456890106201 11.9345855712891 12.1060934066772 12.425124168396 12.6476202011108 12.6887893676758
-3.4e+38 -3.4e+38 -3.4e+38 -3.4e+38 -3.4e+38 -3.4e+38 32.6103744506836 22.8489322662354 17.1326904296875 15.2341976165771 14.9664440155029 14.3606758117676 14.0655632019043 13.7923145294189 14.3010177612305 14.7860126495361 14.7857322692871 14.4733600616455 14.2892150878906 14.6005563735962 14.5122470855713 14.6661167144775 14.4990100860596 14.4717435836792 14.5926084518433 14.6816082000732 14.7544460296631 14.4414749145508 13.9728946685791 13.3417530059814 12.5087814331055 12.1328001022339 11.8075132369995 11.6627550125122 11.5003232955933 11.3864717483521 11.4118499755859 11.2821893692017 11.1634111404419 11.2176790237427 11.5591268539429 11.6717958450317 11.8069734573364 12.1356391906738 12.3295812606812 12.6361722946167 12.6269617080688
-3.4e+38 -3.4e+38 -3.4e+38 -3.4e+38 -3.4e+38 -3.4e+38 23.7706527709961 18.6555995941162 14.9240102767944 14.2747192382812 14.6379766464233 14.0495519638062 14.0002326965332 12.5309286117554 13.5019674301147 14.1992044448853 14.636004447937 14.261531829834 14.013466835022 14.2403583526611 14.3288488388062 14.246997833252 13.552077293396 13.6334381103516 14.1663284301758 15.015305519104 15.0195598602295 14.7710886001587 14.4143962860107 12.9792251586914 12.0872144699097 11.7438735961914 11.4934358596802 11.1998052597046 11.0336542129517 11.0808401107788 11.1710510253906 11.0968742370605 11.0185174942017 11.047568321228 11.2546110153198 11.5252847671509 11.5860471725464 11.9547920227051 12.2903900146484 12.4909029006958 12.5699138641357
-3.4e+38 -3.4e+38 -3.4e+38 -3.4e+38 -3.4e+38 22.8586921691895 20.5632228851318 15.9818658828735 14.3193168640137 14.2223176956177 14.2238864898682 14.1371803283691 12.8741474151611 12.6398897171021 12.7807731628418 13.167573928833 13.6471071243286 14.1286573410034 14.0500202178955 14.1285190582275 14.1929597854614 14.0483026504517 13.7713975906372 13.7358779907227 14.0718765258789 14.5978136062622 14.3542242050171 14.6243505477905 13.9510068893433 12.548394203186 11.7938184738159 11.5024042129517 11.2072439193726 11.2576999664307 11.4237976074219 11.3847017288208 11.1761541366577 11.0522985458374 11.0711870193481 10.9437389373779 10.9333066940308 11.3442573547363 11.5980367660522 11.8836965560913 12.3124160766602 12.2697782516479 12.3175144195557
