Ecospace-environmental-drivers/Outputs/ASCII-for-ecospace/ChlA/ChlA_X2011.12.asc
NCOLS 131 
NROWS 53 
XLLCORNER -98 
YLLCORNER 23.9265270233154 
CELLSIZE 0.133587792515755 
NODATA_value -3.4e+38 
[rows 21 to 41 of 53, columns 0 to 46 of 131]
-3.4e+38 -3.4e+38 -3.4e+38 -3.4e+38 -3.4e+38 -3.4e+38 92.8971710205078 136.111724853516 -3.4e+38 78.1920394897461 68.6733016967773 62.1622085571289 56.8910064697266 50.1399002075195 44.8474349975586 40.4916114807129 30.6103572845459 25.9680671691895 21.9064521789551 22.1935749053955 22.4060115814209 23.4018707275391 22.7197666168213 22.6421794891357 23.6788997650146 23.9281845092773 24.0069007873535 23.6046409606934 24.8764724731445 24.0940532684326 23.8771305084229 23.7111701965332 23.3929576873779 23.4382133483887 23.7581329345703 22.6132049560547 21.514310836792 20.9263610839844 20.3752593994141 20.6206703186035 20.8839530944824 21.0758152008057 21.7454471588135 21.7207984924316 20.9739246368408 21.0191059112549 21.067663192749
-3.4e+38 -3.4e+38 -3.4e+38 -3.4e+38 -3.4e+38 -3.4e+38 -3.4e+38 99.4538040161133 69.1152801513672 62.6302795410156 58.995288848877 47.8033027648926 39.0424690246582 33.805046081543 31.3199481964111 31.6971054077148 27.0406303405762 25.1332397460938 23.5766162872314 22.4032745361328 21.8762664794922 21.6175518035889 21.6460781097412 21.2660942077637 22.1957225799561 21.9864025115967 22.0556583404541 20.8675727844238 21.6455192565918 22.780969619751 22.2595462799072 22.4347381591797 21.7664356231689 21.4330825805664 21.9193096160889 20.7901554107666 21.1157608032227 20.261402130127 18.3888378143311 18.1894721984863 18.713306427002 19.815975189209 20.3090763092041 19.5621776580811 19.0071048736572 19.6969776153564 19.4203567504883
-3.4e+38 -3.4e+38 -3.4e+38 -3.4e+38 106.787574768066 96.2065048217773 -3.4e+38 61.8836975097656 63.060302734375 63.3010635375977 50.795036315918 37.0202865600586 28.3948135375977 26.9065017700195 26.1027946472168 25.3535327911377 25.5951519012451 24.2761478424072 23.2312316894531 22.1902637481689 21.1062431335449 20.4618892669678 20.3191699981689 19.7800750732422 20.0971069335938 19.8934803009033 19.8557014465332 19.9899578094482 19.5267219543457 20.7193183898926 19.8442859649658 21.3579654693604 20.0597095489502 20.1072731018066 20.2804012298584 19.7064399719238 19.1072444915771 19.1741809844971 18.8543930053711 18.9378471374512 18.4227867126465 18.6711101531982 19.5718173980713 19.3500194549561 18.9495239257812 18.8037090301514 18.697265625
-3.4e+38 -3.4e+38 -3.4e+38 -3.4e+38 -3.4e+38 102.463493347168 65.206413269043 57.4896125793457 54.4185066223145 39.0353012084961 29.6476440429688 27.074613571167 26.5046329498291 25.6743469238281 22.5041847229004 21.2596683502197 22.3188438415527 22.7128105163574 22.7833843231201 20.9034309387207 20.3771152496338 20.1366405487061 20.0493412017822 19.6461582183838 19.3634490966797 19.6091270446777 19.7870388031006 19.2416858673096 18.7587184906006 19.3150768280029 19.3555736541748 19.3584480285645 19.8991279602051 19.4444446563721 19.2982177734375 19.1223011016846 18.7572536468506 18.1824207305908 18.0920600891113 18.3214626312256 17.6969013214111 18.0060882568359 18.3694152832031 18.8218364715576 18.853006362915 19.120096206665 19.815092086792
-3.4e+38 -3.4e+38 -3.4e+38 -3.4e+38 -3.4e+38 73.2408599853516 64.7410278320312 54.542308807373 39.8398971557617 28.7865676879883 25.2667007446289 23.330078125 24.2456150054932 23.4634399414062 21.5316467285156 20.5484447479248 19.677339553833 20.229700088501 20.8700275421143 20.1006469726562 19.7150077819824 19.2755470275879 19.3942050933838 19.1239795684814 19.1963634490967 19.8849601745605 19.5466556549072 18.6798973083496 18.5354194641113 18.4216938018799 18.6068058013916 19.1487426757812 19.6070518493652 18.8495845794678 18.4466857910156 18.1562156677246 17.8865985870361 17.7796325683594 17.4298896789551 17.2477188110352 17.3893337249756 17.9279632568359 18.209508895874 18.3940467834473 18.9557361602783 19.0402278900146 19.0969886779785
-3.4e+38 -3.4e+38 -3.4e+38 -3.4e+38 -3.4e+38 84.1926727294922 60.9673042297363 46.2224197387695 31.0200500488281 27.8832664489746 24.4861450195312 23.3594436645508 22.0672378540039 20.8092651367188 20.9936370849609 19.0550842285156 19.1711902618408 19.3540439605713 19.7152690887451 19.335355758667 19.3108997344971 19.3137664794922 19.5942573547363 19.3076686859131 19.2433547973633 19.6720657348633 18.9717674255371 17.7724056243896 17.5604515075684 18.4595775604248 18.6280879974365 18.9405307769775 18.7129993438721 18.2519130706787 17.922721862793 17.7284927368164 17.5979633331299 17.3981876373291 17.5205974578857 17.2810592651367 17.5587692260742 17.8114910125732 17.3349838256836 18.4572410583496 19.2634410858154 18.5110702514648 18.762638092041
-3.4e+38 -3.4e+38 -3.4e+38 -3.4e+38 -3.4e+38 73.3379058837891 51.9298782348633 36.2280082702637 27.973669052124 26.3130130767822 24.9103832244873 21.7872467041016 22.0011539459229 21.7414283752441 21.2999210357666 18.9122734069824 19.276388168335 19.5179405212402 19.3527774810791 19.0605545043945 19.0771408081055 19.1419944763184 19.2265796661377 19.8926868438721 18.760705947876 18.531400680542 18.0818424224854 17.5084171295166 17.7436809539795 17.7431030273438 17.8759689331055 18.0422229766846 17.9016075134277 17.5566940307617 17.3647365570068 17.4793300628662 17.3495197296143 17.0348052978516 17.1378612518311 17.6262645721436 17.618465423584 18.4088325500488 19.0341262817383 18.0326099395752 17.7275295257568 18.0731678009033 18.2162551879883
-339999999999999996128486808808066248288.000000000000000 -3.4e+38 -3.4e+38 -3.4e+38 78.8760604858398 66.8351821899414 51.2212295532227 35.4212417602539 27.7781639099121 25.0036697387695 23.376932144165 20.9007625579834 22.0018692016602 22.6108932495117 21.9478492736816 20.0957126617432 20.1682472229004 20.3773899078369 19.1346054077148 19.149694442749 19.4038982391357 18.9420394897461 18.8594074249268 18.648904800415 18.2892684936523 17.6682434082031 17.8192844390869 18.1640357971191 17.9778461456299 17.7249412536621 17.6731567382812 17.6547374725342 17.4550457000732 16.8266487121582 16.7592391967773 16.8065204620361 16.9182052612305 16.4292869567871 16.6414642333984 16.9228668212891 17.309663772583 18.5976295471191 17.8414459228516 17.6711254119873 17.8696231842041 17.8910026550293 17.5871562957764
-3.4e+38 -3.4e+38 -3.4e+38 -3.4e+38 80.1201324462891 66.1400604248047 46.0397911071777 37.1085052490234 27.6541500091553 24.1893501281738 22.3682289123535 22.2006874084473 21.1431179046631 21.5050010681152 20.0151462554932 20.9441261291504 21.3265647888184 20.9246368408203 19.7836437225342 19.7795600891113 19.5566005706787 20.3607559204102 19.3731269836426 18.6432723999023 18.7648582458496 18.0593414306641 18.2126426696777 18.6845951080322 19.0179901123047 19.1837310791016 18.1192607879639 17.7603244781494 17.2509937286377 16.9030055999756 16.8995208740234 16.5403785705566 16.5341358184814 16.1761989593506 16.4042587280273 16.917236328125 17.275447845459 17.4672069549561 17.3450222015381 16.8161907196045 16.9868049621582 16.7337112426758 17.0993328094482
-3.4e+38 -3.4e+38 -3.4e+38 -3.4e+38 81.7016754150391 68.2436828613281 50.5604286193848 34.4657402038574 25.9994354248047 24.6968746185303 24.6403198242188 23.2882385253906 20.887845993042 19.9660453796387 19.3352947235107 20.4762878417969 21.0947284698486 20.8653583526611 20.992525100708 21.264331817627 21.0154647827148 21.1591911315918 19.9763660430908 20.03515625 20.087043762207 19.5448150634766 19.2276859283447 19.1191482543945 19.5228672027588 20.1906661987305 19.429370880127 17.6910743713379 16.8285598754883 16.8173389434814 16.7918014526367 16.6535530090332 16.6758270263672 16.1718139648438 16.4358749389648 16.4361152648926 16.5225601196289 16.4606418609619 16.3446102142334 16.2359180450439 16.2992782592773 16.5669689178467 16.7286682128906
-3.4e+38 -3.4e+38 -3.4e+38 -3.4e+38 -3.4e+38 70.5219268798828 51.9346580505371 39.6238288879395 26.316764831543 26.8262538909912 26.5469627380371 20.9635372161865 19.4238414764404 19.7676525115967 19.8382911682129 19.9979820251465 20.4971542358398 21.0890350341797 20.6365642547607 20.6909484863281 20.2628383636475 21.2254066467285 21.7383270263672 20.8175735473633 19.9686412811279 20.4594440460205 20.3374919891357 19.7717800140381 19.3919944763184 19.4481182098389 19.6330509185791 18.9151458740234 17.6923675537109 16.7418346405029 16.4722633361816 16.522274017334 16.780574798584 16.1558876037598 16.2147006988525 15.8830118179321 15.8725214004517 15.470103263855 15.9818181991577 15.849006652832 15.6440773010254 15.9285612106323 15.5909252166748
-3.4e+38 -3.4e+38 -3.4e+38 -3.4e+38 -3.4e+38 73.3642501831055 60.3327598571777 46.9503211975098 34.9362449645996 31.9197044372559 25.9049072265625 20.9454784393311 19.420166015625 19.5839462280273 19.706241607666 19.6615390777588 19.4600658416748 19.9695720672607 19.9570388793945 19.2347068786621 19.7487335205078 20.642406463623 21.3789405822754 21.0388145446777 20.6685695648193 21.0194625854492 20.2282199859619 20.1601009368896 19.3705043792725 19.7605648040771 19.8146915435791 18.7324085235596 18.371753692627 17.688570022583 16.8018245697021 16.413854598999 16.6831073760986 16.4217872619629 16.231071472168 16.23681640625 16.2153797149658 15.8525638580322 15.8423929214478 15.9881572723389 15.7985544204712 15.6443176269531 15.6181993484497
-3.4e+38 -3.4e+38 -3.4e+38 -3.4e+38 -3.4e+38 108.224594116211 66.4500732421875 54.4356536865234 46.153450012207 39.0494346618652 26.5031719207764 21.8862686157227 19.8713932037354 19.5632801055908 19.712272644043 19.6220741271973 19.1181926727295 19.522798538208 18.867151260376 18.4908332824707 19.1581974029541 18.8779964447021 19.7799224853516 20.1551952362061 19.607494354248 19.3455352783203 19.254753112793 18.1838798522949 16.9126167297363 17.7112255096436 18.044527053833 17.9374313354492 17.6843032836914 17.2344455718994 16.5658512115479 16.6181564331055 16.6684722900391 16.3531932830811 16.1377754211426 16.2638511657715 16.6038208007812 16.4265155792236 15.9303102493286 16.0451202392578 15.7213277816772 15.6608467102051 15.6542692184448
-3.4e+38 -3.4e+38 -3.4e+38 -3.4e+38 -3.4e+38 87.6936874389648 74.9297943115234 57.8430290222168 50.2000389099121 41.6260032653809 29.583776473999 23.2056999206543 20.8738098144531 20.6416149139404 20.2122039794922 19.6360263824463 19.689920425415 20.1034069061279 19.2588214874268 19.0624008178711 18.6947364807129 17.3535270690918 17.4484348297119 17.3673477172852 17.0406246185303 16.9583625793457 17.0200901031494 16.5312824249268 16.3402462005615 16.4469814300537 16.4591503143311 16.8780288696289 17.0450477600098 16.617546081543 16.4828319549561 16.7561874389648 16.4920978546143 16.4338245391846 16.3831539154053 16.4061412811279 16.5148410797119 16.3895473480225 16.2406177520752 16.0286121368408 15.5345916748047 15.2460660934448 15.5679750442505
-3.4e+38 -3.4e+38 -3.4e+38 -3.4e+38 -3.4e+38 -3.4e+38 66.7577438354492 59.1439170837402 51.9150772094727 47.088981628418 33.3934364318848 23.1541728973389 21.0449771881104 20.5206623077393 20.3551425933838 19.8102931976318 19.1518650054932 18.7094554901123 17.0543060302734 16.8575553894043 16.9297027587891 15.8756885528564 16.331506729126 16.7405567169189 16.8310546875 16.7683048248291 16.4206657409668 16.0985641479492 16.0768337249756 16.1425266265869 16.2366199493408 16.9204196929932 16.9839839935303 16.7498207092285 17.2126712799072 16.8663806915283 16.521656036377 16.3430862426758 16.3514308929443 16.1827583312988 16.3893356323242 16.3022365570068 16.2155570983887 15.8004808425903 15.2832689285278 15.3069849014282 15.4939126968384
-3.4e+38 -3.4e+38 -3.4e+38 -3.4e+38 -3.4e+38 -3.4e+38 67.5248260498047 57.7535858154297 55.1132965087891 51.1269683837891 41.9672012329102 23.6220626831055 22.1453590393066 20.7150554656982 18.7965602874756 17.8610286712646 17.1645812988281 16.7729244232178 15.9576873779297 16.0498447418213 16.7157955169678 15.9226493835449 16.7637023925781 16.6666736602783 16.6011238098145 16.8668937683105 16.3822650909424 16.0703392028809 15.7436151504517 15.7087268829346 16.0391159057617 16.6089363098145 16.8667068481445 16.9521255493164 17.7718334197998 17.5319271087646 16.2495403289795 16.2005996704102 16.2504463195801 16.2696323394775 16.2686710357666 15.9075708389282 15.9414339065552 15.8128118515015 15.3131132125854 15.4497165679932 15.3549203872681
-3.4e+38 -3.4e+38 -3.4e+38 -3.4e+38 -3.4e+38 -3.4e+38 79.3634490966797 59.674991607666 50.7300262451172 48.7038497924805 30.1826515197754 24.2091159820557 21.3418216705322 19.255916595459 18.5686855316162 17.9397315979004 17.0234718322754 16.0710697174072 15.6520576477051 15.7402248382568 15.7832651138306 16.0415439605713 16.1029472351074 16.5161933898926 16.9865818023682 16.8850193023682 16.4826755523682 16.0739097595215 16.0299396514893 15.8066387176514 15.6918649673462 16.1129627227783 16.4513645172119 16.6088809967041 16.8152084350586 17.0905742645264 16.4040699005127 16.2069072723389 16.4213752746582 16.60475730896 16.8860397338867 16.6577377319336 16.3099346160889 16.3957328796387 16.0714416503906 16.0754261016846 15.8293361663818
-3.4e+38 -3.4e+38 -3.4e+38 -3.4e+38 -3.4e+38 -3.4e+38 79.8651275634766 62.9857521057129 48.0965690612793 41.5045166015625 25.9966678619385 23.5672206878662 19.6884632110596 18.4486885070801 17.5405673980713 17.1331844329834 16.7336940765381 16.5013294219971 16.5924549102783 15.865517616272 16.3545265197754 16.6945285797119 16.2110996246338 16.3457736968994 17.2377338409424 17.4413986206055 16.9534759521484 16.3009605407715 16.0151329040527 15.8333415985107 15.6305227279663 15.7843341827393 16.0885047912598 16.5486164093018 16.79541015625 16.8256320953369 16.4932136535645 16.3710479736328 16.2670669555664 16.6627864837646 16.9750480651855 16.5000305175781 15.8334560394287 15.9411544799805 16.575288772583 16.852876663208 16.822925567627
-3.4e+38 -3.4e+38 -3.4e+38 -3.4e+38 -3.4e+38 -3.4e+38 93.4230041503906 61.4956016540527 50.8492164611816 36.309986114502 24.2859497070312 21.6797370910645 19.9018249511719 17.8883895874023 16.9620704650879 16.8993167877197 16.7437191009521 17.0052433013916 16.06614112854 15.5280475616455 15.9858961105347 15.9129943847656 16.1532421112061 16.7042789459229 17.2378673553467 17.2976036071777 16.2285652160645 15.8951263427734 15.9644575119019 15.9866952896118 15.5488004684448 15.6315622329712 15.9921236038208 16.5624141693115 16.5304145812988 16.6457462310791 16.5714740753174 16.8608074188232 16.4244041442871 16.4852104187012 16.9295101165771 16.7890548706055 16.3505630493164 16.4164924621582 16.4679508209229 16.5697708129883 16.6254749298096
-3.4e+38 -3.4e+38 -3.4e+38 -3.4e+38 -3.4e+38 85.8035507202148 81.1539916992188 55.7162857055664 43.5163116455078 24.0952949523926 20.5766983032227 20.2458038330078 19.1174144744873 17.9455013275146 17.9281253814697 17.4945182800293 17.1367816925049 17.0006427764893 16.4679660797119 16.1625633239746 16.1492938995361 16.2467575073242 16.2269325256348 16.8466110229492 16.9521427154541 17.0729961395264 16.2327976226807 15.7816543579102 16.0905456542969 16.0027046203613 15.4989385604858 15.4692087173462 16.059268951416 16.5238704681396 16.4655799865723 16.4670028686523 16.5185050964355 16.9261150360107 16.9985618591309 16.2839393615723 16.2424640655518 16.2800540924072 16.2608852386475 16.1808071136475 16.0427570343018 15.8581428527832 15.6532669067383
-3.4e+38 -3.4e+38 -3.4e+38 -3.4e+38 -3.4e+38 61.6498680114746 61.51513671875 52.7324485778809 41.2980690002441 22.5548686981201 19.2101173400879 18.4866104125977 18.1574115753174 18.1307239532471 18.1939392089844 18.2138938903809 17.9088935852051 17.5189838409424 15.9976930618286 15.666353225708 15.6696300506592 15.5407218933105 16.4663391113281 16.6293678283691 16.973690032959 16.5051918029785 15.4180698394775 15.8749446868896 15.5814666748047 15.4641599655151 15.3594512939453 15.4635906219482 15.9951877593994 16.5909652709961 16.2730960845947 16.1598815917969 16.2536792755127 16.9962882995605 16.9712066650391 17.1359348297119 15.9857034683228 16.1603527069092 16.1374588012695 16.0156955718994 15.5806798934937 15.6175708770752 15.4691476821899
