Ecospace-environmental-drivers/Outputs/ASCII-for-ecospace/ChlA/ChlA_X2006.01.asc
NCOLS 131 
NROWS 53 
XLLCORNER -98 
YLLCORNER 23.9265270233154 
CELLSIZE 0.133587792515755 
NODATA_value -3.4e+38 
[rows 0 to 20 of 53, columns 47 to 93 of 131]
-3.4e+38 -3.4e+38 -3.4e+38 -3.4e+38 -3.4e+38 -3.4e+38 -3.4e+38 -3.4e+38 -3.4e+38 -3.4e+38 -3.4e+38 -3.4e+38 -3.4e+38 -3.4e+38 -3.4e+38 -3.4e+38 -3.4e+38 -3.4e+38 -3.4e+38 -3.4e+38 -3.4e+38 -3.4e+38 -3.4e+38 -3.4e+38 -3.4e+38 -3.4e+38 -3.4e+38 -3.4e+38 -3.4e+38 -3.4e+38 -3.4e+38 -3.4e+38 -3.4e+38 -3.4e+38 -3.4e+38 -3.4e+38 -3.4e+38 -3.4e+38 -3.4e+38 -3.4e+38 -3.4e+38 -3.4e+38 -3.4e+38 -3.4e+38 -3.4e+38 -3.4e+38 -3.4e+38
-3.4e+38 -3.4e+38 -3.4e+38 -3.4e+38 -3.4e+38 -3.4e+38 -3.4e+38 -3.4e+38 -3.4e+38 -3.4e+38 -3.4e+38 -3.4e+38 -3.4e+38 -3.4e+38 -3.4e+38 -3.4e+38 -3.4e+38 -3.4e+38 -3.4e+38 -3.4e+38 -3.4e+38 -3.4e+38 -3.4e+38 -3.4e+38 -3.4e+38 -3.4e+38 -3.4e+38 -3.4e+38 -3.4e+38 -3.4e+38 -3.4e+38 -3.4e+38 -3.4e+38 -3.4e+38 -3.4e+38 -3.4e+38 -3.4e+38 -3.4e+38 -3.4e+38 -3.4e+38 -3.4e+38 -3.4e+38 -3.4e+38 -3.4e+38 -3.4e+38 -3.4e+38 -3.4e+38
-3.4e+38 -3.4e+38 -3.4e+38 -3.4e+38 -3.4e+38 -3.4e+38 -3.4e+38 -3.4e+38 -3.4e+38 -3.4e+38 -3.4e+38 -3.4e+38 -3.4e+38 -3.4e+38 -3.4e+38 -3.4e+38 -3.4e+38 -3.4e+38 -3.4e+38 -3.4e+38 -3.4e+38 -3.4e+38 -3.4e+38 -3.4e+38 -3.4e+38 -3.4e+38 -3.4e+38 -3.4e+38 -3.4e+38 -3.4e+38 -3.4e+38 -3.4e+38 -3.4e+38 -3.4e+38 -3.4e+38 -3.4e+38 -3.4e+38 -3.4e+38 -3.4e+38 -3.4e+38 -3.4e+38 -3.4e+38 -3.4e+38 -3.4e+38 -3.4e+38 -3.4e+38 -3.4e+38
-3.4e+38 -3.4e+38 -3.4e+38 -3.4e+38 -3.4e+38 -3.4e+38 -3.4e+38 -3.4e+38 -3.4e+38 -3.4e+38 -3.4e+38 -3.4e+38 -3.4e+38 -3.4e+38 -3.4e+38 -3.4e+38 -3.4e+38 -3.4e+38 -3.4e+38 -3.4e+38 -3.4e+38 -3.4e+38 -3.4e+38 -3.4e+38 -3.4e+38 -3.4e+38 -3.4e+38 220.342529296875 235.818466186523 -3.4e+38 -3.4e+38 -3.4e+38 -3.4e+38 -3.4e+38 132.520904541016 140.126907348633 -3.4e+38 -3.4e+38 -3.4e+38 235.481018066406 198.468841552734 -3.4e+38 -3.4e+38 -3.4e+38 -3.4e+38 -3.4e+38 -3.4e+38
-3.4e+38 -3.4e+38 -3.4e+38 -3.4e+38 -3.4e+38 -3.4e+38 -3.4e+38 -3.4e+38 -3.4e+38 -3.4e+38 -3.4e+38 147.864334106445 -3.4e+38 -3.4e+38 -3.4e+38 -3.4e+38 -3.4e+38 -3.4e+38 -3.4e+38 86.1239776611328 89.1552505493164 87.6515197753906 -3.4e+38 -3.4e+38 -3.4e+38 82.5691680908203 -3.4e+38 170.345779418945 185.270889282227 -3.4e+38 -3.4e+38 -3.4e+38 -3.4e+38 -3.4e+38 125.312164306641 93.0639266967773 38.0307846069336 39.3849143981934 102.669425964355 114.420074462891 100.263900756836 -3.4e+38 -3.4e+38 -3.4e+38 -3.4e+38 -3.4e+38 -3.4e+38
-3.4e+38 -3.4e+38 -3.4e+38 -3.4e+38 -3.4e+38 -3.4e+38 -3.4e+38 -3.4e+38 157.836318969727 153.357192993164 141.672622680664 150.243896484375 133.553451538086 116.459609985352 -3.4e+38 -3.4e+38 -3.4e+38 109.706390380859 98.9484100341797 85.6087646484375 80.8666915893555 83.6142959594727 88.0139770507812 95.1098861694336 89.1253967285156 86.8836898803711 104.384117126465 115.23804473877 147.664947509766 140.855270385742 81.0098571777344 69.5434417724609 65.2730560302734 51.4157447814941 37.2600746154785 34.0123291015625 31.6040840148926 31.0560512542725 33.224723815918 31.7782382965088 32.482536315918 40.1485176086426 40.8313522338867 49.3181228637695 -3.4e+38 -3.4e+38 -3.4e+38
-3.4e+38 -3.4e+38 -3.4e+38 -3.4e+38 -3.4e+38 -3.4e+38 -3.4e+38 -3.4e+38 -3.4e+38 141.231857299805 147.964126586914 143.784591674805 127.972938537598 118.833335876465 -3.4e+38 135.68132019043 121.21118927002 106.028335571289 86.6120910644531 74.544563293457 65.6048965454102 61.0443077087402 58.4377593994141 63.6959381103516 62.9441146850586 65.918327331543 74.0712509155273 73.5392608642578 59.5083503723145 53.780517578125 47.9023399353027 40.1600723266602 36.1026191711426 31.3953857421875 27.5118885040283 25.875825881958 25.8950099945068 25.6250514984131 27.0623741149902 27.0091514587402 28.1981067657471 27.793888092041 30.5178737640381 43.329761505127 50.3804473876953 -3.4e+38 -3.4e+38
-3.4e+38 -3.4e+38 -3.4e+38 -3.4e+38 -3.4e+38 -3.4e+38 -3.4e+38 -3.4e+38 -3.4e+38 -3.4e+38 135.824630737305 182.985092163086 135.923355102539 155.77409362793 132.829452514648 127.339752197266 114.027641296387 103.889656066895 84.8025512695312 77.166862487793 65.6462707519531 59.8684501647949 54.2180366516113 53.4220657348633 53.6247787475586 54.8042259216309 52.5896301269531 46.4925155639648 41.9391136169434 39.8810081481934 37.240306854248 30.3398189544678 27.6195907592773 25.6445350646973 25.3808364868164 24.383695602417 24.5026340484619 24.9481029510498 25.3781337738037 25.72243309021 25.811710357666 26.0888748168945 26.5681381225586 30.2353706359863 42.0265884399414 51.2664337158203 66.8909301757812
-3.4e+38 -3.4e+38 -3.4e+38 -3.4e+38 -3.4e+38 -3.4e+38 -3.4e+38 -3.4e+38 -3.4e+38 -3.4e+38 -3.4e+38 -3.4e+38 -3.4e+38 -3.4e+38 -3.4e+38 154.494812011719 -3.4e+38 84.4776000976562 87.449333190918 74.2682800292969 66.2509078979492 60.9058570861816 50.7511825561523 48.3675231933594 48.2160682678223 49.273983001709 44.992603302002 38.5762939453125 35.2763175964355 34.2497940063477 31.4025592803955 26.864185333252 25.8320198059082 23.8558502197266 24.9524307250977 24.8802490234375 24.2245063781738 23.418025970459 23.8274974822998 23.8387413024902 24.9340515136719 24.9327354431152 25.8907146453857 26.2155284881592 29.0919990539551 41.9819183349609 56.0424652099609
-3.4e+38 -3.4e+38 -3.4e+38 -3.4e+38 -3.4e+38 -3.4e+38 -3.4e+38 -3.4e+38 -3.4e+38 -3.4e+38 146.071655273438 138.62663269043 -3.4e+38 -3.4e+38 -3.4e+38 -3.4e+38 -3.4e+38 86.573616027832 84.2599182128906 77.0516967773438 66.8711547851562 54.9444122314453 47.7474327087402 47.729362487793 49.881893157959 47.0126686096191 41.9347763061523 36.9502868652344 30.4198532104492 28.2835578918457 27.6580486297607 26.3026599884033 23.975564956665 22.9503841400146 23.9053592681885 23.3561153411865 23.3462066650391 22.9619255065918 22.9074554443359 23.1239166259766 23.7466278076172 24.9009876251221 26.8978900909424 27.7207298278809 28.035587310791 38.0702667236328 49.3254241943359
-3.4e+38 -3.4e+38 -3.4e+38 -3.4e+38 -3.4e+38 -3.4e+38 -3.4e+38 -3.4e+38 -3.4e+38 -3.4e+38 -3.4e+38 -3.4e+38 -3.4e+38 -3.4e+38 -3.4e+38 132.086791992188 109.468414306641 96.7236785888672 97.9639434814453 84.1600112915039 64.7389450073242 56.2156982421875 49.8824348449707 48.6368026733398 47.3695030212402 41.9348564147949 37.510627746582 32.1838569641113 27.3988971710205 25.4248085021973 24.9737758636475 23.6948776245117 23.7394161224365 23.1141548156738 23.9702968597412 23.1550312042236 23.4242916107178 23.4410705566406 22.858226776123 23.5810966491699 23.5402755737305 24.7585010528564 26.2695007324219 28.2390918731689 28.1162624359131 36.4329223632812 48.9658203125
131.145797729492 98.8526077270508 -3.4e+38 -3.4e+38 -3.4e+38 -3.4e+38 -3.4e+38 -3.4e+38 -3.4e+38 -3.4e+38 -3.4e+38 -3.4e+38 -3.4e+38 126.02515411377 -3.4e+38 -3.4e+38 102.555435180664 109.416191101074 100.590309143066 85.3225784301758 69.2082672119141 63.5340118408203 53.4843597412109 45.4837875366211 41.0753326416016 37.7348747253418 33.7786903381348 28.6996917724609 25.6242809295654 24.6020908355713 23.6773014068604 23.1526908874512 23.3865833282471 23.7222995758057 23.8638973236084 23.3581619262695 23.0779342651367 23.208776473999 23.4235095977783 22.9933242797852 23.3538074493408 24.5569610595703 25.794246673584 26.7156200408936 27.7891731262207 35.946907043457 44.6620216369629
110.54020690918 106.023178100586 134.25798034668 -3.4e+38 -3.4e+38 -3.4e+38 -3.4e+38 -3.4e+38 120.855781555176 107.916770935059 -3.4e+38 -3.4e+38 121.886940002441 108.597648620605 103.790756225586 97.3346176147461 -3.4e+38 103.139442443848 110.560562133789 111.536270141602 76.8596801757812 63.3429298400879 53.3714714050293 43.5661735534668 32.748706817627 30.2202301025391 31.5627365112305 27.4975528717041 26.7084636688232 25.9005451202393 24.1941051483154 23.9892044067383 24.1840267181396 24.0700607299805 24.3934688568115 23.873462677002 23.5838317871094 23.2055187225342 23.3331832885742 23.5752468109131 23.4971828460693 23.9144611358643 24.4169025421143 24.5772724151611 25.0806140899658 25.6899166107178 29.6827983856201
95.8860473632812 98.3522262573242 107.174278259277 140.124862670898 99.5226593017578 135.965850830078 -3.4e+38 126.254447937012 102.164581298828 98.1074905395508 108.082542419434 90.2605438232422 101.541931152344 85.7681655883789 75.0591354370117 84.5261840820312 104.747421264648 -3.4e+38 -3.4e+38 114.781295776367 95.433479309082 63.6174964904785 45.9307403564453 40.4039497375488 36.1272964477539 26.7919502258301 28.4271469116211 31.3916683197021 29.1506080627441 26.8223571777344 24.8807563781738 25.2029285430908 25.7191486358643 23.419921875 24.3991451263428 24.2903747558594 24.1402626037598 23.7969799041748 23.7036533355713 24.4453907012939 24.3340511322021 23.5078678131104 23.9058609008789 23.9246196746826 24.2713623046875 24.1178970336914 24.1521873474121
80.9132766723633 90.6103286743164 100.247138977051 111.412902832031 124.332565307617 132.466796875 101.144424438477 83.277702331543 79.6074295043945 76.5432662963867 82.4136962890625 75.3781661987305 73.0685195922852 71.1901702880859 68.7222595214844 75.7084121704102 85.1205596923828 80.7252960205078 99.8856658935547 96.7720031738281 83.5542297363281 57.6967391967773 32.7603530883789 25.4601516723633 25.4048175811768 23.119197845459 23.037389755249 23.187292098999 23.344705581665 22.9673309326172 24.2390937805176 23.9632930755615 22.964822769165 22.5545425415039 23.6247520446777 23.6772727966309 23.6864337921143 23.1094722747803 22.8420543670654 23.9681911468506 23.5289707183838 23.407154083252 23.1978721618652 23.3398952484131 23.6703605651855 24.6895027160645 24.3573837280273
60.801342010498 70.5362854003906 84.2640533447266 94.6908264160156 101.238235473633 98.1899871826172 81.1312561035156 72.6950531005859 66.672477722168 63.5651664733887 60.93798828125 61.4030494689941 62.2321395874023 61.9534797668457 61.7685737609863 68.3805694580078 78.8275833129883 90.5827102661133 86.2770843505859 78.5947341918945 62.4082489013672 44.1669998168945 29.1928863525391 24.9417362213135 21.0097236633301 21.0552711486816 21.6656455993652 21.8032608032227 21.4646034240723 21.4585018157959 21.3572063446045 21.0166931152344 21.5803890228271 21.9107437133789 22.3207416534424 23.0844554901123 22.8767242431641 22.1883907318115 22.1011428833008 22.6693515777588 22.7692565917969 23.1749782562256 22.7781581878662 22.7744026184082 22.9040565490723 23.8353824615479 23.9706077575684
58.4013328552246 60.7255249023438 69.4467163085938 78.262580871582 80.1619644165039 75.0407104492188 66.0574417114258 59.1593627929688 55.5726623535156 51.0972366333008 45.5110397338867 43.2963027954102 46.2986907958984 49.5030746459961 60.7071342468262 65.0848846435547 66.9028091430664 71.6999816894531 63.8542671203613 56.6808395385742 46.2926445007324 28.5709114074707 24.6899681091309 22.0682220458984 20.1997680664062 20.5253601074219 20.9129085540771 20.5952262878418 20.4255199432373 20.6208057403564 20.9723567962646 21.0584716796875 21.2509174346924 21.3565483093262 21.027458190918 20.9839782714844 21.5000438690186 21.9903125762939 21.7326145172119 21.8917274475098 22.0443325042725 22.6855754852295 22.3429298400879 22.1561832427979 23.1831665039062 23.3854637145996 23.6590518951416
49.0472412109375 58.7856178283691 65.2230529785156 68.8274078369141 70.6630325317383 67.4527969360352 61.2169761657715 53.0090065002441 51.6045455932617 47.9608154296875 36.8984146118164 28.4029884338379 29.4505882263184 28.1084518432617 28.6285667419434 31.1285381317139 30.6697254180908 39.6599273681641 34.9824256896973 29.7189502716064 29.5044708251953 23.0105819702148 20.2981204986572 20.0480194091797 19.6694355010986 19.701904296875 19.9712619781494 20.0685157775879 19.6879634857178 19.795051574707 20.015115737915 20.1987113952637 19.8925151824951 19.8055877685547 19.5659332275391 19.6207046508789 19.8158740997314 21.0467548370361 21.4693183898926 22.0004425048828 22.1829605102539 22.5055541992188 22.0810279846191 21.898775100708 22.4591617584229 23.175235748291 23.7353229522705
38.7551078796387 43.3164215087891 49.7472648620605 54.5163879394531 56.9935646057129 57.6837043762207 57.6381072998047 52.7618827819824 45.6266479492188 36.8427886962891 27.4591121673584 25.0310516357422 23.6724681854248 22.6777782440186 22.2472438812256 21.5943546295166 20.3260116577148 21.2218475341797 21.409969329834 20.6350193023682 20.5016994476318 20.4394493103027 20.2567195892334 19.6226329803467 19.4048328399658 19.6465950012207 19.3162727355957 19.566520690918 19.2048397064209 19.1937675476074 18.5395336151123 18.7296943664551 18.7352199554443 18.7499561309814 18.5976963043213 18.5626811981201 19.349006652832 19.8535137176514 21.1987800598145 22.173454284668 22.557445526123 22.9342861175537 22.1066246032715 22.1316585540771 22.038501739502 22.2821598052979 22.4138660430908
27.4520092010498 28.1380920410156 30.7512073516846 32.6610298156738 38.0909194946289 43.4175682067871 44.2082328796387 42.3272018432617 33.0902900695801 27.596773147583 25.7172794342041 24.0814762115479 22.589391708374 22.4515438079834 21.6798992156982 20.3591976165771 19.9450588226318 19.7518463134766 20.09375 19.9844989776611 20.1925926208496 20.3908538818359 20.087589263916 19.616641998291 19.442476272583 19.4396324157715 19.5995388031006 19.6166019439697 19.3981246948242 18.9294490814209 18.6910934448242 18.7506656646729 18.7533054351807 18.8018665313721 18.743070602417 18.7683238983154 18.7017059326172 19.4067344665527 20.5567054748535 21.7013549804688 22.1886405944824 22.2904682159424 21.4459743499756 21.884147644043 22.2347869873047 22.2801322937012 21.9403285980225
21.8085041046143 23.5349674224854 22.9924697875977 22.9173793792725 24.8644828796387 25.7553291320801 25.8500061035156 27.5965309143066 26.4668064117432 24.7480716705322 23.7129344940186 23.0300331115723 21.8703842163086 21.3673286437988 20.579704284668 19.9166641235352 20.0249290466309 20.0346508026123 20.1656455993652 20.0580654144287 19.7525863647461 19.8010120391846 19.5827140808105 19.8465900421143 19.806999206543 20.1402568817139 19.8800449371338 19.8287391662598 19.5174980163574 19.4424953460693 19.3222789764404 18.8764247894287 18.970890045166 19.1297092437744 19.2462844848633 18.9035110473633 19.3067893981934 19.342752456665 20.0400810241699 20.6033191680908 21.1911754608154 22.0363121032715 22.0741195678711 21.373405456543 21.6888427734375 21.8750419616699 22.2316474914551
