Ecospace-environmental-drivers/Outputs/ASCII-for-ecospace/ChlA/ChlA_X2008.07.asc
NCOLS 131 
NROWS 53 
XLLCORNER -98 
YLLCORNER 23.9265270233154 
CELLSIZE 0.133587792515755 
NODATA_value -3.4e+38 
[rows 21 to 41 of 53, columns 0 to 46 of 131]
-3.4e+38 -3.4e+38 -3.4e+38 -3.4e+38 -3.4e+38 -3.4e+38 77.7431869506836 -3.4e+38 -3.4e+38 60.1728897094727 50.6283569335938 36.1170082092285 26.2316360473633 22.3894863128662 19.2889652252197 18.0044384002686 18.396800994873 16.424280166626 15.8117523193359 16.479549407959 15.6553707122803 13.919490814209 13.8479557037354 14.0189924240112 13.7686185836792 14.2155323028564 14.9219789505005 15.1280889511108 16.9205989837646 17.7759475708008 18.3559341430664 18.5262584686279 20.844087600708 18.8532009124756 18.015474319458 17.2301902770996 18.4512901306152 17.5857372283936 16.0965957641602 15.9209661483765 17.7327060699463 18.3091487884521 17.8331890106201 17.7931118011475 24.4132976531982 21.5533485412598 23.934383392334
-3.4e+38 -3.4e+38 -3.4e+38 -3.4e+38 -3.4e+38 -3.4e+38 -3.4e+38 -3.4e+38 56.5290565490723 44.0280952453613 32.4771728515625 24.7334594726562 19.5663108825684 16.3124752044678 15.7442235946655 15.7541589736938 16.1161098480225 15.2948198318481 14.2765941619873 14.0105562210083 14.7904043197632 14.3336477279663 13.9842548370361 14.1688222885132 13.7451725006104 13.9316253662109 15.1173725128174 16.9962902069092 18.2035636901855 17.7651882171631 16.8907432556152 15.7903699874878 15.4966077804565 15.1369380950928 15.3179063796997 15.1116523742676 13.3359966278076 13.5448312759399 12.7989559173584 13.0245838165283 13.5029020309448 13.0761642456055 12.7088956832886 13.7154932022095 15.2307252883911 15.3435134887695 15.1160659790039
-3.4e+38 -3.4e+38 -3.4e+38 -3.4e+38 -3.4e+38 87.3936614990234 -3.4e+38 49.621166229248 35.6922798156738 24.2877140045166 20.9430675506592 16.9848384857178 15.2251234054565 14.3742341995239 14.4656848907471 14.187798500061 14.4253330230713 14.4353551864624 14.0563621520996 13.8121337890625 13.5457897186279 13.8406744003296 14.3702182769775 14.2581443786621 13.5536470413208 14.2726335525513 14.9223585128784 15.9329128265381 16.554162979126 16.3366050720215 15.7444915771484 14.1334991455078 14.8947973251343 15.0119686126709 14.6818523406982 15.1484746932983 14.5580291748047 12.6932687759399 12.5453081130981 13.0777463912964 13.3019123077393 12.2609596252441 12.1272096633911 12.444561958313 12.9103517532349 12.9742307662964 13.9464979171753
-3.4e+38 -3.4e+38 -3.4e+38 -3.4e+38 -3.4e+38 88.6758651733398 44.9671859741211 32.6113014221191 23.0056324005127 19.0253734588623 16.6706829071045 15.1387205123901 14.5079345703125 14.0124845504761 13.5379467010498 13.4956178665161 13.4537897109985 13.4017715454102 14.2753372192383 14.3965148925781 14.1199207305908 14.4470911026001 13.7371349334717 13.6795101165771 13.7132120132446 13.787522315979 15.2772941589355 15.5513143539429 16.5889739990234 14.8451414108276 13.7394742965698 14.5146551132202 14.9903059005737 15.1412944793701 15.3962106704712 15.1460704803467 14.350679397583 13.1457834243774 12.6545705795288 12.284797668457 12.33567237854 12.0801515579224 11.7307024002075 11.8252048492432 11.913366317749 11.9368991851807 12.1748371124268
-3.4e+38 -3.4e+38 -3.4e+38 -3.4e+38 -3.4e+38 39.7821655273438 37.2142219543457 23.4189739227295 19.2454700469971 16.5562400817871 14.9835624694824 14.0903062820435 13.8437242507935 13.1760511398315 14.1535797119141 15.4561977386475 15.7728118896484 14.2412147521973 14.3609857559204 13.0355138778687 13.6987266540527 14.8766679763794 13.9627380371094 14.1307888031006 13.6912889480591 13.7238550186157 13.7114763259888 14.8513164520264 15.1939535140991 15.7246704101562 16.4314308166504 16.5012035369873 15.2272453308105 13.165472984314 14.2780151367188 14.7197160720825 13.1969270706177 12.6025047302246 12.1035013198853 11.9768114089966 11.8800201416016 11.8277578353882 11.9088087081909 11.9100399017334 11.7068271636963 11.6210699081421 11.4905853271484
-3.4e+38 -3.4e+38 -3.4e+38 -3.4e+38 -3.4e+38 43.7803268432617 32.6761360168457 19.555549621582 18.1392383575439 17.0818920135498 14.339581489563 13.100658416748 14.0839605331421 13.3345851898193 14.022912979126 15.9793882369995 15.0039148330688 12.544017791748 11.8217468261719 11.5873956680298 11.8523445129395 12.4304981231689 12.9497232437134 13.6604518890381 14.2930641174316 14.5704517364502 13.7325448989868 13.9488639831543 15.6435308456421 16.0599136352539 14.2743911743164 15.4824647903442 12.5376138687134 13.0862483978271 12.7905015945435 13.3146505355835 12.6959285736084 11.906364440918 11.9792070388794 12.0700960159302 11.7970085144043 11.5942554473877 11.5372638702393 11.584264755249 11.5077152252197 10.9947710037231 10.8105840682983
-3.4e+38 -3.4e+38 -3.4e+38 -3.4e+38 -3.4e+38 42.1158256530762 23.1053085327148 18.5290813446045 17.1664409637451 16.1579360961914 14.7498340606689 13.1697645187378 12.4093332290649 12.3156795501709 14.3848266601562 14.4583644866943 11.8976440429688 11.5677528381348 11.4639091491699 11.5124368667603 11.5139083862305 11.621997833252 12.6992816925049 13.0810642242432 13.9891738891602 13.9077014923096 13.0025510787964 13.252326965332 15.0302057266235 15.3686504364014 14.6965417861938 13.0657300949097 12.4593772888184 12.7488660812378 11.8209915161133 12.7500247955322 11.9825878143311 11.7446603775024 11.8101081848145 11.7592926025391 11.4395809173584 11.2120733261108 10.9727773666382 11.2672910690308 -3.4e+38 10.7451753616333 10.9333190917969
-339999999999999996128486808808066248288.000000000000000 -3.4e+38 -3.4e+38 -3.4e+38 48.1223640441895 37.3811645507812 24.6975421905518 18.0478000640869 17.1903533935547 15.9093942642212 12.7286338806152 12.309455871582 12.2861518859863 12.0412635803223 12.0783176422119 11.9031047821045 11.5959634780884 11.5078363418579 11.39417552948 11.4029235839844 11.3681783676147 11.5623188018799 12.7847366333008 13.6478729248047 13.5714673995972 13.5422925949097 12.7754564285278 12.7958431243896 14.0519237518311 14.7968187332153 14.4998264312744 12.998119354248 13.329062461853 12.0338830947876 11.469292640686 11.3034324645996 11.2900218963623 11.4484987258911 12.4580907821655 11.9983186721802 11.367636680603 10.8362169265747 10.6969709396362 10.9606523513794 11.4437026977539 12.0149412155151 11.0748920440674
-3.4e+38 -3.4e+38 -3.4e+38 -3.4e+38 46.952709197998 33.2632904052734 20.0582466125488 17.8236446380615 17.1428413391113 14.7444086074829 12.7136087417603 12.5203008651733 12.4200830459595 11.8272771835327 11.7817373275757 11.621223449707 11.560715675354 11.5447940826416 11.4551963806152 11.3948526382446 11.3222208023071 11.4031505584717 12.0457935333252 12.2076644897461 12.3101015090942 12.2268085479736 12.3175859451294 12.3869466781616 13.1392784118652 13.4692306518555 13.309889793396 12.2054204940796 13.882155418396 13.0137538909912 11.3719654083252 10.9042634963989 11.2202653884888 12.0846872329712 13.485369682312 11.8884258270264 11.3101959228516 10.5520906448364 10.2923603057861 10.1502895355225 11.0416259765625 10.796275138855 10.5899353027344
-3.4e+38 -3.4e+38 -3.4e+38 -3.4e+38 42.7048873901367 31.5786418914795 19.568733215332 18.6340942382812 16.7207946777344 15.2580337524414 13.3646154403687 13.771800994873 13.1181306838989 12.0333156585693 11.7353591918945 11.6573972702026 11.6965436935425 11.5200910568237 11.4269380569458 11.4076919555664 11.4145402908325 11.4969615936279 11.5883264541626 11.8418607711792 11.8294277191162 11.7538232803345 11.9311122894287 11.8222808837891 12.3822088241577 13.9550333023071 14.1324300765991 14.5005130767822 13.2895002365112 11.5055675506592 11.3386697769165 12.3031597137451 11.3318662643433 11.7418928146362 11.6470899581909 11.123101234436 10.4813852310181 10.6329212188721 9.53126239776611 9.3201379776001 9.99483489990234 10.3751392364502 10.403416633606
-3.4e+38 -3.4e+38 -3.4e+38 -3.4e+38 -3.4e+38 36.3608016967773 21.2087802886963 19.6710186004639 17.2692432403564 17.2974090576172 16.1232986450195 15.0886869430542 12.8701095581055 12.0019626617432 11.7682638168335 11.6658735275269 11.7033357620239 11.6128053665161 11.6617975234985 11.5516805648804 11.4870777130127 11.5501194000244 11.7071027755737 11.8161096572876 11.7786359786987 11.6623754501343 11.6390085220337 11.6735105514526 11.7296752929688 12.970290184021 13.4475498199463 14.2134742736816 13.6965379714966 11.6559829711914 11.8846864700317 12.0873565673828 11.402853012085 11.8292293548584 11.1610107421875 10.1636571884155 10.2194080352783 10.3649301528931 9.99472332000732 9.93270683288574 9.97734642028809 9.93013668060303 10.1893501281738
-3.4e+38 -3.4e+38 -3.4e+38 -3.4e+38 -3.4e+38 37.6612548828125 21.9829692840576 19.5989513397217 17.952392578125 17.5704517364502 17.2813968658447 16.5737113952637 13.65540599823 12.1393194198608 11.9607715606689 11.8179779052734 11.8219509124756 11.6295490264893 11.5276727676392 11.3376712799072 11.3383111953735 11.531099319458 11.6306610107422 11.4752721786499 11.3587331771851 11.4972591400146 11.5372514724731 11.5627546310425 11.4587631225586 11.5551986694336 11.9429721832275 12.1399583816528 11.667573928833 11.5640077590942 11.7009696960449 11.3220252990723 11.6768465042114 11.3714065551758 10.6609687805176 10.0878858566284 10.1481695175171 10.2279815673828 10.0400619506836 9.99663925170898 10.0064764022827 10.2223510742188 10.3858070373535
-3.4e+38 -3.4e+38 -3.4e+38 -3.4e+38 -3.4e+38 35.9315299987793 25.3904876708984 20.5569248199463 18.7078170776367 18.1595630645752 17.6342601776123 16.9967365264893 12.9755849838257 12.2516899108887 12.1416940689087 12.225884437561 12.1510639190674 11.7877349853516 11.7537965774536 11.3730602264404 11.2579679489136 11.4828195571899 11.4686212539673 11.5063018798828 11.4361238479614 11.4493637084961 11.3913354873657 11.3704414367676 11.3841505050659 11.4549436569214 11.5564012527466 11.5482711791992 11.6421556472778 11.9247608184814 11.3689880371094 11.220308303833 11.5774717330933 11.0448427200317 10.4323072433472 10.1130695343018 10.1809682846069 10.2353754043579 10.2180948257446 10.2293720245361 10.026219367981 10.2392749786377 10.5847311019897
-3.4e+38 -3.4e+38 -3.4e+38 -3.4e+38 -3.4e+38 33.5877494812012 29.0417575836182 20.5600299835205 18.1917629241943 17.4179077148438 17.7280788421631 17.9605045318604 13.8896265029907 12.2819938659668 12.1040239334106 12.2292041778564 12.0925569534302 11.9791889190674 11.8670415878296 11.7132444381714 11.5209484100342 11.5629625320435 11.4231986999512 11.3938627243042 11.1719360351562 11.1528797149658 11.3223505020142 11.3322296142578 11.1880788803101 12.2038469314575 11.7311725616455 11.6056652069092 11.6983013153076 11.8246021270752 11.6715974807739 11.5216760635376 11.0420427322388 10.8021059036255 10.4157428741455 10.7553853988647 10.2677516937256 10.2168321609497 10.232741355896 10.0990076065063 10.3332948684692 10.267653465271 10.7244443893433
-3.4e+38 -3.4e+38 -3.4e+38 -3.4e+38 -3.4e+38 -3.4e+38 31.0504360198975 22.1122550964355 17.6583805084229 16.9170970916748 17.1273708343506 17.08864402771 12.8770589828491 12.3820552825928 12.1799564361572 11.9491004943848 11.7740631103516 11.738600730896 11.6231269836426 11.5857362747192 11.729513168335 11.6719083786011 -3.4e+38 11.1554117202759 11.1160354614258 11.1815633773804 10.976902961731 11.6875305175781 13.0793123245239 12.9408931732178 12.5311813354492 11.4566698074341 11.4976758956909 11.52454662323 11.3413600921631 11.0202503204346 10.9073257446289 11.2782402038574 11.3943996429443 10.7420139312744 10.2674942016602 10.1127376556396 10.1867237091064 10.0775232315063 10.1169204711914 10.3660917282104 11.029411315918
-3.4e+38 -3.4e+38 -3.4e+38 -3.4e+38 -3.4e+38 -3.4e+38 39.6437568664551 22.8634510040283 19.415355682373 16.9050045013428 14.3561153411865 15.9459762573242 12.5972185134888 12.3183670043945 11.940806388855 11.8215913772583 11.7114152908325 11.7037410736084 11.6377811431885 11.5118684768677 11.5743703842163 11.4998722076416 11.1381244659424 11.0231962203979 11.1280565261841 11.0215520858765 10.9874143600464 11.9656705856323 12.8189506530762 12.3683423995972 11.7321081161499 11.8901071548462 12.083592414856 11.8609466552734 11.2341756820679 11.3131065368652 11.3113622665405 10.9836225509644 10.6550874710083 10.7077417373657 10.5144166946411 10.0204830169678 10.3037729263306 10.3773231506348 10.322003364563 10.5478439331055 11.2302703857422
-3.4e+38 -3.4e+38 -3.4e+38 -3.4e+38 -3.4e+38 -3.4e+38 39.9927787780762 23.6465435028076 19.1976490020752 15.7618494033813 13.6553192138672 12.4633111953735 11.9166698455811 11.6338176727295 11.6553630828857 11.6395120620728 11.5424900054932 11.5883026123047 11.6895771026611 11.5656261444092 11.6439199447632 11.6883354187012 11.2371129989624 11.1947679519653 11.1787986755371 -3.4e+38 -3.4e+38 11.5580196380615 -3.4e+38 11.1019582748413 11.5873413085938 12.6049718856812 12.2386465072632 11.686224937439 11.2937793731689 11.089280128479 10.8453989028931 10.8924427032471 10.7585039138794 10.5686283111572 9.87514114379883 10.1374750137329 10.208291053772 10.213005065918 10.2502393722534 10.2790699005127 10.9257287979126
-3.4e+38 -3.4e+38 -3.4e+38 -3.4e+38 -3.4e+38 -3.4e+38 51.426025390625 24.0963382720947 16.9799747467041 14.3915901184082 14.441047668457 12.3466014862061 11.9113159179688 11.6357069015503 11.5695524215698 11.5304517745972 11.5293951034546 11.5590381622314 11.5575504302979 11.5163288116455 11.7403182983398 11.3854322433472 11.013035774231 11.3181076049805 11.4985380172729 11.4747314453125 11.1659297943115 11.6996240615845 -3.4e+38 -3.4e+38 -3.4e+38 12.2111864089966 12.1523151397705 11.6419172286987 10.9221248626709 10.7683334350586 10.5165185928345 10.7753734588623 12.0636053085327 10.8201599121094 10.3290901184082 10.5278749465942 10.3667545318604 -3.4e+38 10.6063280105591 10.3956823348999 11.907509803772
-3.4e+38 -3.4e+38 -3.4e+38 -3.4e+38 -3.4e+38 -3.4e+38 36.3400077819824 20.7384471893311 15.6017293930054 14.3785991668701 14.9558525085449 12.1699676513672 11.7647285461426 11.8915586471558 11.6096820831299 11.6331310272217 11.3625173568726 11.3318777084351 11.4192819595337 11.4685049057007 11.5575923919678 11.4029312133789 11.0164136886597 11.2750806808472 11.3960189819336 11.506854057312 11.7249460220337 11.8313961029053 11.627064704895 11.9097547531128 -3.4e+38 -3.4e+38 -3.4e+38 14.3665409088135 11.5726509094238 -3.4e+38 11.853401184082 11.520453453064 12.3123016357422 11.4688100814819 10.773416519165 11.2255849838257 11.3633880615234 11.4225406646729 10.9838199615479 11.6220951080322 11.4312133789062
-3.4e+38 -3.4e+38 -3.4e+38 -3.4e+38 -3.4e+38 23.8801689147949 22.5245208740234 17.9987659454346 16.3312931060791 15.8542957305908 14.6142911911011 12.2363348007202 11.8306016921997 11.8317346572876 11.5567092895508 11.4385385513306 11.3291578292847 11.4295082092285 11.43226146698 11.4569416046143 11.3189744949341 11.1212663650513 11.0366945266724 11.0976161956787 11.1801090240479 11.4005479812622 11.5412464141846 11.4363670349121 11.61878490448 11.86008644104 11.6578760147095 12.2276020050049 12.2370653152466 12.5135183334351 -3.4e+38 11.8623828887939 11.9230194091797 11.7890567779541 11.4905252456665 11.4189519882202 11.3326730728149 11.3949909210205 12.610634803772 11.2604579925537 14.3108558654785 13.7517213821411 16.4320106506348
-3.4e+38 -3.4e+38 -3.4e+38 -3.4e+38 -3.4e+38 22.4492301940918 20.1706581115723 16.1313571929932 17.3764190673828 17.9305477142334 12.9789333343506 12.048791885376 12.9092845916748 12.2375831604004 11.3635911941528 -3.4e+38 11.5582485198975 11.5381565093994 11.5094375610352 11.4242782592773 11.410475730896 11.1990575790405 11.1449747085571 10.9577388763428 11.1025609970093 11.3008365631104 11.3475799560547 11.4529371261597 11.5522785186768 11.6972103118896 11.8317165374756 12.0251817703247 12.6916751861572 12.5620927810669 12.7373170852661 -3.4e+38 11.6943769454956 12.1685829162598 12.660608291626 11.6863327026367 12.5824041366577 12.0219345092773 12.5246343612671 12.3176136016846 14.3292589187622 15.5190477371216 16.5343894958496
