Ecospace-environmental-drivers/Outputs/ASCII-for-ecospace/ChlA/ChlA_X2014.01.asc
NCOLS 131 
NROWS 53 
XLLCORNER -98 
YLLCORNER 23.9265270233154 
CELLSIZE 0.133587792515755 
NODATA_value -3.4e+38 
[rows 0 to 20 of 53, columns 47 to 93 of 131]
-3.4e+38 -3.4e+38 -3.4e+38 -3.4e+38 -3.4e+38 -3.4e+38 -3.4e+38 -3.4e+38 -3.4e+38 -3.4e+38 -3.4e+38 -3.4e+38 -3.4e+38 -3.4e+38 -3.4e+38 -3.4e+38 -3.4e+38 -3.4e+38 -3.4e+38 -3.4e+38 -3.4e+38 -3.4e+38 -3.4e+38 -3.4e+38 -3.4e+38 -3.4e+38 -3.4e+38 -3.4e+38 -3.4e+38 -3.4e+38 -3.4e+38 -3.4e+38 -3.4e+38 -3.4e+38 -3.4e+38 -3.4e+38 -3.4e+38 -3.4e+38 -3.4e+38 -3.4e+38 -3.4e+38 -3.4e+38 -3.4e+38 -3.4e+38 -3.4e+38 -3.4e+38 -3.4e+38
-3.4e+38 -3.4e+38 -3.4e+38 -3.4e+38 -3.4e+38 -3.4e+38 -3.4e+38 -3.4e+38 -3.4e+38 -3.4e+38 -3.4e+38 -3.4e+38 -3.4e+38 -3.4e+38 -3.4e+38 -3.4e+38 -3.4e+38 -3.4e+38 -3.4e+38 -3.4e+38 -3.4e+38 -3.4e+38 -3.4e+38 -3.4e+38 -3.4e+38 -3.4e+38 -3.4e+38 -3.4e+38 -3.4e+38 -3.4e+38 -3.4e+38 -3.4e+38 -3.4e+38 -3.4e+38 -3.4e+38 -3.4e+38 -3.4e+38 -3.4e+38 -3.4e+38 -3.4e+38 -3.4e+38 -3.4e+38 -3.4e+38 -3.4e+38 -3.4e+38 -3.4e+38 -3.4e+38
-3.4e+38 -3.4e+38 -3.4e+38 -3.4e+38 -3.4e+38 -3.4e+38 -3.4e+38 -3.4e+38 -3.4e+38 -3.4e+38 -3.4e+38 -3.4e+38 -3.4e+38 -3.4e+38 -3.4e+38 -3.4e+38 -3.4e+38 -3.4e+38 -3.4e+38 -3.4e+38 -3.4e+38 -3.4e+38 -3.4e+38 -3.4e+38 -3.4e+38 -3.4e+38 -3.4e+38 -3.4e+38 -3.4e+38 -3.4e+38 -3.4e+38 -3.4e+38 -3.4e+38 -3.4e+38 -3.4e+38 -3.4e+38 -3.4e+38 -3.4e+38 -3.4e+38 -3.4e+38 -3.4e+38 -3.4e+38 -3.4e+38 -3.4e+38 -3.4e+38 -3.4e+38 -3.4e+38
-3.4e+38 -3.4e+38 -3.4e+38 -3.4e+38 -3.4e+38 -3.4e+38 -3.4e+38 -3.4e+38 -3.4e+38 -3.4e+38 -3.4e+38 -3.4e+38 -3.4e+38 -3.4e+38 -3.4e+38 -3.4e+38 -3.4e+38 -3.4e+38 -3.4e+38 -3.4e+38 -3.4e+38 -3.4e+38 -3.4e+38 -3.4e+38 -3.4e+38 -3.4e+38 -3.4e+38 40.214183807373 -3.4e+38 -3.4e+38 -3.4e+38 -3.4e+38 -3.4e+38 -3.4e+38 -3.4e+38 -3.4e+38 -3.4e+38 -3.4e+38 -3.4e+38 -3.4e+38 17.7945213317871 -3.4e+38 -3.4e+38 -3.4e+38 -3.4e+38 -3.4e+38 -3.4e+38
-3.4e+38 -3.4e+38 -3.4e+38 -3.4e+38 -3.4e+38 -3.4e+38 -3.4e+38 -3.4e+38 -3.4e+38 -3.4e+38 -3.4e+38 18.0469512939453 -3.4e+38 -3.4e+38 -3.4e+38 -3.4e+38 -3.4e+38 -3.4e+38 -3.4e+38 -3.4e+38 14.701605796814 14.6171159744263 -3.4e+38 -3.4e+38 21.0693454742432 16.6043739318848 -3.4e+38 22.0089282989502 19.4910736083984 -3.4e+38 -3.4e+38 -3.4e+38 -3.4e+38 13.9340190887451 15.1197834014893 10.6365642547607 10.3382158279419 10.24720287323 11.7578506469727 11.7018051147461 12.8182210922241 -3.4e+38 -3.4e+38 -3.4e+38 -3.4e+38 -3.4e+38 -3.4e+38
-3.4e+38 -3.4e+38 -3.4e+38 -3.4e+38 -3.4e+38 -3.4e+38 -3.4e+38 -3.4e+38 17.6869926452637 16.0543308258057 16.803295135498 19.1724872589111 19.0551128387451 19.7021503448486 -3.4e+38 -3.4e+38 -3.4e+38 18.8290386199951 16.5190124511719 17.7195129394531 17.2320899963379 16.7800884246826 16.8990421295166 17.1115093231201 15.5687093734741 15.8443727493286 15.779465675354 18.2227268218994 15.2306337356567 14.8173532485962 12.3491840362549 11.564905166626 11.4889011383057 11.1412878036499 10.4906520843506 10.5948371887207 10.9779958724976 11.4407739639282 11.1924695968628 10.7525100708008 10.4752168655396 10.8169116973877 10.8454322814941 11.2869100570679 -3.4e+38 -3.4e+38 -3.4e+38
-3.4e+38 -3.4e+38 -3.4e+38 -3.4e+38 -3.4e+38 -3.4e+38 -3.4e+38 -3.4e+38 18.0768241882324 16.9062194824219 17.4558982849121 20.216007232666 21.7615451812744 18.5495166778564 25.7838249206543 23.9725341796875 20.5225315093994 17.5800132751465 16.8498020172119 17.1363716125488 16.1699981689453 15.0690431594849 15.3784666061401 16.1782665252686 16.4802360534668 17.0036144256592 18.4813499450684 17.9992408752441 15.1978893280029 13.5325117111206 12.6042623519897 11.8272037506104 10.8214426040649 11.0833559036255 12.0191526412964 12.4662456512451 12.4342365264893 12.4105052947998 12.5056629180908 12.2299108505249 11.2631788253784 11.0243654251099 11.1348581314087 11.3167037963867 11.3329010009766 -3.4e+38 -3.4e+38
-3.4e+38 -3.4e+38 -3.4e+38 -3.4e+38 -3.4e+38 -3.4e+38 -3.4e+38 -3.4e+38 -3.4e+38 -3.4e+38 20.7104263305664 18.563533782959 19.867223739624 -3.4e+38 21.986385345459 19.1821670532227 16.4100284576416 16.0228214263916 16.3734111785889 18.4553146362305 17.6659526824951 15.8779001235962 14.9695339202881 15.0847826004028 15.7342443466187 15.5521936416626 15.841157913208 15.921365737915 14.2360467910767 13.2522706985474 12.7041959762573 12.1817321777344 12.6380462646484 12.6671714782715 12.5920419692993 12.4212789535522 12.2227516174316 12.1838102340698 12.4382219314575 12.7176322937012 12.5809898376465 12.3817558288574 12.1063404083252 11.4295301437378 11.2636365890503 11.3012418746948 12.823842048645
-3.4e+38 -3.4e+38 -3.4e+38 -3.4e+38 -3.4e+38 -3.4e+38 -3.4e+38 -3.4e+38 -3.4e+38 -3.4e+38 -3.4e+38 -3.4e+38 -3.4e+38 -3.4e+38 -3.4e+38 19.4830112457275 -3.4e+38 12.6341247558594 15.6520891189575 18.3662300109863 18.390905380249 16.5962867736816 15.4297790527344 16.0828342437744 16.2723941802979 16.2513484954834 15.4271039962769 13.8321237564087 13.2612924575806 13.1845941543579 12.5333080291748 11.6872777938843 12.1208238601685 11.8858499526978 11.7715311050415 11.6177310943604 11.7124900817871 11.7786197662354 11.8986377716064 12.0734424591064 12.4290742874146 12.618860244751 13.1381578445435 12.1683444976807 11.3540878295898 11.2063417434692 12.0686950683594
-3.4e+38 -3.4e+38 -3.4e+38 -3.4e+38 -3.4e+38 -3.4e+38 -3.4e+38 -3.4e+38 -3.4e+38 -3.4e+38 -3.4e+38 -3.4e+38 -3.4e+38 -3.4e+38 -3.4e+38 -3.4e+38 17.781457901001 17.4607219696045 18.6924915313721 21.0233421325684 20.4004878997803 17.6891098022461 16.4217262268066 17.822790145874 17.8951263427734 17.903018951416 17.4484386444092 15.5775814056396 13.1654005050659 13.0467386245728 12.5940895080566 12.2772006988525 12.5361061096191 12.6842727661133 12.1104679107666 11.7972145080566 11.6594905853271 11.4152336120605 11.619610786438 11.8802871704102 12.5183792114258 12.9140634536743 13.1808071136475 12.5432443618774 12.0292015075684 11.7447481155396 12.5879774093628
-3.4e+38 -3.4e+38 -3.4e+38 -3.4e+38 -3.4e+38 -3.4e+38 -3.4e+38 -3.4e+38 -3.4e+38 -3.4e+38 -3.4e+38 -3.4e+38 -3.4e+38 -3.4e+38 -3.4e+38 17.5362453460693 17.4126644134521 18.752836227417 19.841775894165 21.3018264770508 19.0542583465576 18.6467952728271 19.2658634185791 19.1988525390625 18.7254505157471 18.6197776794434 18.36452293396 17.2264671325684 15.0211992263794 13.3195552825928 12.9956588745117 12.2472009658813 12.6146173477173 12.7955417633057 12.5113687515259 11.8298215866089 11.6384811401367 11.5878067016602 11.5471792221069 11.6911191940308 12.4146699905396 12.6529006958008 13.0431003570557 13.5375232696533 12.5300054550171 12.4060297012329 13.4455947875977
42.6554527282715 -3.4e+38 -3.4e+38 -3.4e+38 -3.4e+38 -3.4e+38 -3.4e+38 -3.4e+38 -3.4e+38 -3.4e+38 -3.4e+38 -3.4e+38 15.9630737304688 10.7012014389038 -3.4e+38 -3.4e+38 20.0728149414062 25.0267238616943 21.2931785583496 22.2312774658203 19.37619972229 19.1777801513672 19.0982227325439 18.9562187194824 18.6859836578369 18.7881736755371 17.8826389312744 17.4553813934326 15.7657346725464 13.0665082931519 13.1535787582397 12.849681854248 13.5338897705078 13.5664806365967 13.0940885543823 12.0611944198608 11.8402166366577 11.4906406402588 11.5893230438232 11.5751428604126 11.9818305969238 12.2406158447266 12.8444004058838 13.3860673904419 13.2817268371582 13.1933689117432 13.7297105789185
32.6971130371094 23.3486442565918 17.2854633331299 -3.4e+38 -3.4e+38 -3.4e+38 -3.4e+38 -3.4e+38 15.7641353607178 17.2178134918213 -3.4e+38 -3.4e+38 14.7147855758667 16.9314632415771 19.335205078125 21.6933441162109 -3.4e+38 -3.4e+38 -3.4e+38 24.0653057098389 20.712516784668 19.0906810760498 18.7159214019775 19.2073574066162 19.3590641021729 19.3783760070801 18.7407093048096 18.3399791717529 16.800350189209 14.3324575424194 14.0784778594971 14.5947952270508 15.369140625 14.2853441238403 13.1109418869019 12.0563955307007 11.9436197280884 11.5998449325562 11.7574291229248 11.8177251815796 12.0816135406494 12.098669052124 12.1138076782227 13.0870141983032 13.281063079834 13.2274894714355 12.8839340209961
24.4774055480957 26.1633529663086 23.0253486633301 15.2894220352173 17.1520652770996 13.2514228820801 14.9681510925293 13.5407848358154 16.0844707489014 18.2422065734863 14.4058179855347 18.0557231903076 17.9813327789307 21.143424987793 21.2685718536377 21.5035953521729 25.4983806610107 -3.4e+38 -3.4e+38 26.2690372467041 23.9018993377686 19.1643123626709 18.2166690826416 18.0432243347168 18.0494499206543 19.0440101623535 18.8328723907471 18.2375621795654 18.302791595459 17.5277576446533 15.8199739456177 15.9279088973999 15.8077306747437 14.1232576370239 12.9881525039673 11.9902248382568 11.7860326766968 12.1371936798096 11.7560529708862 11.9164667129517 12.1009664535522 11.8533229827881 11.7600536346436 12.2162446975708 12.2927446365356 12.3947191238403 12.4057149887085
20.2473850250244 20.0358085632324 20.6926975250244 19.8530502319336 18.7712345123291 18.8287506103516 17.8293056488037 18.0759201049805 19.3800868988037 20.8490753173828 20.3425483703613 21.3933887481689 20.9561920166016 20.6100196838379 21.4202842712402 21.6387519836426 27.7016983032227 32.2716751098633 -3.4e+38 29.2672634124756 23.2949523925781 19.6329231262207 18.9585132598877 19.1625709533691 18.1792449951172 18.3869972229004 17.4746437072754 17.570463180542 16.8838977813721 16.5847110748291 15.8201065063477 14.9088449478149 13.9773197174072 13.6569652557373 12.8730459213257 12.0194883346558 11.7673902511597 11.6310682296753 11.7434797286987 11.8136959075928 11.5656805038452 11.754222869873 12.0079174041748 12.0087566375732 12.1192665100098 12.156364440918 12.2618503570557
19.8580646514893 19.7169132232666 19.949405670166 20.3033752441406 19.8089065551758 19.0440654754639 19.2518348693848 19.7942943572998 20.2964706420898 20.4427108764648 19.9461059570312 19.1833515167236 19.2925777435303 20.0716648101807 20.6841850280762 22.1320285797119 24.7429275512695 25.9665279388428 25.6419429779053 22.6307048797607 20.2430229187012 19.2852783203125 18.6319961547852 18.4930629730225 17.7024822235107 16.9799499511719 15.9263982772827 15.6251840591431 15.4758653640747 14.6786870956421 13.2939863204956 12.489465713501 12.6389923095703 12.7067270278931 11.8689832687378 11.724573135376 11.7514019012451 11.8442859649658 11.9699802398682 11.8407096862793 11.8566026687622 12.451470375061 12.4020519256592 12.0999174118042 12.0901784896851 12.1349582672119 12.2023048400879
19.2300834655762 20.1579856872559 20.4426364898682 20.1246871948242 19.6878814697266 18.5724601745605 18.4036731719971 19.1102542877197 19.0558586120605 18.9914703369141 18.9713020324707 19.1238918304443 19.4176807403564 19.8332767486572 20.2032814025879 22.3060989379883 23.4623584747314 20.5966701507568 20.7967987060547 18.72194480896 19.3238487243652 18.6535205841064 17.8253440856934 15.9442348480225 14.37375831604 13.5060882568359 13.5540266036987 13.3605136871338 12.7867069244385 11.937876701355 11.8066263198853 11.7960386276245 11.8186464309692 12.2220115661621 11.9815120697021 11.8471374511719 12.1814365386963 12.1478681564331 12.3061971664429 11.7816963195801 12.0547018051147 12.5268459320068 12.240439414978 12.0936498641968 12.2270956039429 12.2985601425171 12.3185005187988
17.4903545379639 18.2376842498779 18.828800201416 18.8017024993896 18.6785049438477 18.2214698791504 18.163595199585 18.4925708770752 19.5784950256348 19.2526359558105 19.1998958587646 19.7299499511719 19.0270538330078 19.1237297058105 19.3091678619385 19.9034423828125 19.8982925415039 19.5549354553223 19.063138961792 18.2719821929932 18.5042152404785 16.3421039581299 16.3074531555176 14.9629669189453 13.4582109451294 12.6587820053101 12.278507232666 12.1753568649292 11.9027996063232 11.8692216873169 11.7311515808105 11.7017679214478 11.4962158203125 11.7604446411133 11.8797197341919 11.7532148361206 11.9542217254639 11.9615163803101 12.1763191223145 12.1778440475464 12.248236656189 12.0800361633301 11.8094873428345 11.8606691360474 11.8421297073364 12.2902593612671 12.2246160507202
16.9466991424561 17.0153484344482 17.1269435882568 17.489013671875 18.1324462890625 17.8021831512451 17.7730026245117 18.8392372131348 19.9621734619141 19.942403793335 19.6284961700439 19.2566528320312 17.9938793182373 17.7086353302002 17.6142807006836 15.7237710952759 15.2414312362671 15.642297744751 16.6034317016602 17.0562191009521 16.4882164001465 14.9200077056885 15.7837324142456 14.875394821167 13.5522928237915 13.0496053695679 12.7114133834839 12.2514305114746 12.0543413162231 11.8819360733032 11.8257141113281 11.8126354217529 11.7075023651123 11.6674327850342 11.8330135345459 11.8558616638184 11.9552278518677 11.8471307754517 11.8313503265381 11.8625459671021 11.8739576339722 11.8852510452271 11.5741682052612 11.6989755630493 11.7161722183228 12.157958984375 12.0706624984741
14.8946981430054 14.9756288528442 15.1288986206055 16.1444339752197 16.674388885498 16.2306289672852 16.7810707092285 18.3115196228027 20.087947845459 20.5829429626465 19.5936737060547 18.0287609100342 16.2102699279785 14.4775352478027 13.9127550125122 12.9378690719604 12.455738067627 11.9244651794434 12.6318292617798 14.0820055007935 13.7371387481689 13.0964326858521 13.9000492095947 13.7027473449707 12.7472352981567 12.6640939712524 12.6239356994629 12.6032981872559 12.1306409835815 12.0563526153564 11.7302885055542 11.6868734359741 11.5407266616821 11.6255836486816 11.4258298873901 11.7099361419678 11.9020977020264 11.9281625747681 11.6551284790039 11.4934644699097 11.5241527557373 11.6691188812256 11.5119380950928 11.8119888305664 12.0590190887451 12.1439504623413 12.2209892272949
12.865683555603 13.5006332397461 13.9678182601929 13.7950382232666 14.0003547668457 14.8671836853027 15.6764335632324 16.89577293396 17.9699172973633 18.7559413909912 17.0607223510742 15.2256698608398 12.9036750793457 12.1735124588013 11.9134140014648 11.6488752365112 11.6291027069092 11.3853693008423 11.2721109390259 11.4980583190918 11.4032564163208 11.6050882339478 12.4677200317383 13.3560838699341 12.4306049346924 12.6328067779541 12.1734867095947 12.2432174682617 12.4689979553223 12.2285375595093 11.8385801315308 11.9280529022217 11.8000831604004 11.5643177032471 11.4008922576904 11.3638620376587 11.5549955368042 11.5428476333618 11.4762811660767 11.5036497116089 11.3668804168701 11.454195022583 11.6685209274292 11.8581619262695 11.8555908203125 11.9040384292603 11.9974336624146
