Ecospace-environmental-drivers/Outputs/ASCII-for-ecospace/ChlA/ChlA_X2021.06.asc
NCOLS 131 
NROWS 53 
XLLCORNER -98 
YLLCORNER 23.9265270233154 
CELLSIZE 0.133587792515755 
NODATA_value -3.4e+38 
[rows 21 to 41 of 53, columns 48 to 95 of 131]
8.42418766021729 8.32788562774658 8.45157527923584 8.57115840911865 8.42137145996094 8.6588830947876 9.02672004699707 9.45398998260498 10.0352697372437 9.78078746795654 7.75521898269653 6.89680910110474 8.21281433105469 6.51459074020386 7.38399600982666 5.79863452911377 6.93714618682861 5.85815715789795 6.98185777664185 8.99730777740479 11.7125787734985 12.1325378417969 10.7964382171631 8.47048091888428 7.87323617935181 8.08943271636963 7.03538513183594 8.28400230407715 8.69397830963135 8.06138706207275 8.09411144256592 8.24839878082275 4.92545080184937 6.8549861907959 6.46310138702393 8.13367557525635 7.86246156692505 7.27618169784546 5.76491022109985 7.03634834289551 7.60400152206421 9.41037654876709 9.5425386428833 9.52633476257324 9.47311305999756 8.92823791503906 8.73066234588623 8.65235233306885
8.54261684417725 8.42058277130127 8.56674194335938 8.89082336425781 8.57973766326904 9.45137977600098 8.66330528259277 8.82428169250488 8.42816734313965 8.15504741668701 8.43220615386963 7.70071411132812 7.09147071838379 5.25467014312744 5.08118152618408 7.24443292617798 7.86873960494995 7.04241609573364 7.20775032043457 6.57445764541626 7.1141095161438 10.4632577896118 9.11007785797119 6.03548812866211 8.26481437683105 8.4514627456665 8.2291145324707 8.25775241851807 7.92480230331421 8.31239128112793 8.10225868225098 8.53298091888428 6.96297693252563 7.16363191604614 8.03710842132568 7.63633918762207 7.85070085525513 6.93471622467041 6.79900884628296 8.21697235107422 9.34366035461426 9.38773250579834 9.611741065979 9.85202503204346 10.2638311386108 9.74603939056396 8.9859561920166 8.8400297164917
8.43136405944824 8.55335712432861 8.43520259857178 8.69643592834473 9.00872611999512 9.57742881774902 8.01438426971436 6.73505210876465 7.62467432022095 7.20647382736206 7.04869270324707 6.31669139862061 6.74697542190552 5.43097257614136 5.61263132095337 8.98058032989502 8.97168922424316 7.89223575592041 7.93023443222046 8.53871440887451 8.37682819366455 9.51681995391846 11.0879173278809 8.97758388519287 9.27673244476318 8.54560947418213 8.72630310058594 9.04006576538086 8.702073097229 8.6020393371582 8.76370048522949 8.49631881713867 8.32277393341064 6.81667709350586 8.05638122558594 5.89217042922974 7.63226747512817 7.35045433044434 5.73561716079712 5.70920562744141 9.80435085296631 10.3495321273804 10.5845775604248 10.1988201141357 9.94277095794678 9.43131065368652 9.11043167114258 9.49813747406006
8.99308109283447 8.99172019958496 8.92120170593262 8.17838954925537 8.29988956451416 8.27607536315918 7.71656942367554 8.63616561889648 8.20570850372314 8.03846645355225 7.39951610565186 6.42133760452271 5.14128971099854 6.48450613021851 6.55579471588135 7.08475208282471 8.92698860168457 8.53818416595459 8.33128929138184 7.89201021194458 8.44751453399658 8.53137493133545 8.31399536132812 8.76279544830322 8.7986307144165 8.83337116241455 8.74383926391602 9.04487705230713 8.6867151260376 7.78604507446289 8.79572105407715 9.00775241851807 7.80951309204102 7.57885980606079 6.55387878417969 5.69467639923096 7.83139324188232 6.56218338012695 7.42070484161377 6.84619569778442 8.828537940979 10.4772090911865 10.3134441375732 10.1741218566895 10.0106029510498 9.46432113647461 9.93879699707031 9.84043216705322
9.05392074584961 7.85836601257324 -3.4e+38 8.8930721282959 9.31220531463623 9.34668064117432 8.99196529388428 8.24485492706299 5.83535861968994 6.83779954910278 7.15887498855591 6.40811634063721 6.40974950790405 6.81475496292114 5.83404111862183 6.41315412521362 8.39654636383057 8.15760040283203 8.21574783325195 8.38646793365479 8.36526298522949 6.09431648254395 6.77029991149902 8.34342002868652 8.45935153961182 9.07582092285156 8.69320201873779 7.79097032546997 7.80486631393433 7.72193241119385 6.81753349304199 8.29833602905273 7.09737253189087 7.11327791213989 7.29306268692017 4.90706920623779 -3.4e+38 7.09919261932373 8.74019050598145 10.4237642288208 9.54509449005127 9.52097129821777 8.53187656402588 9.45921897888184 9.8513069152832 10.3576622009277 10.4571485519409 10.416356086731
9.22647953033447 5.61457967758179 7.708176612854 10.3220748901367 9.55222320556641 9.82521629333496 10.0900707244873 8.25 6.80940389633179 6.65972852706909 4.60112190246582 4.80380344390869 7.13065099716187 6.4874849319458 6.49792528152466 8.12057113647461 8.27092933654785 7.65164041519165 7.98289346694946 8.32857799530029 8.52663612365723 7.45538187026978 7.51228332519531 6.46701526641846 7.24093675613403 7.33253002166748 7.85547637939453 6.58777475357056 4.9245753288269 6.06990242004395 6.80220460891724 7.13685035705566 6.52717304229736 9.84664630889893 9.34144973754883 5.78515481948853 -3.4e+38 10.8575000762939 9.52111721038818 8.50855255126953 9.2175121307373 10.4254570007324 9.7758264541626 10.3790044784546 10.2078380584717 9.98749923706055 10.1075420379639 9.86863231658936
9.25661277770996 8.05918025970459 9.2385425567627 11.80726146698 9.88081073760986 10.4533853530884 10.4156112670898 7.9129433631897 4.84417629241943 5.08692121505737 5.85751581192017 3.8146505355835 6.61424589157104 4.63509559631348 7.39816188812256 7.81162118911743 6.809485912323 6.35550689697266 8.12264251708984 8.8629674911499 7.86706304550171 8.02956962585449 7.34712219238281 8.24117755889893 8.1196870803833 7.38946342468262 6.12090301513672 7.33893537521362 9.5169620513916 9.41627311706543 8.81952667236328 7.76380920410156 6.94023752212524 -3.4e+38 -3.4e+38 8.30252075195312 7.86003494262695 7.42345952987671 4.52743053436279 8.07400608062744 10.017840385437 9.08659839630127 10.3284940719604 10.6640119552612 9.2691822052002 8.27413368225098 9.04800128936768 8.27415752410889
9.7724781036377 9.20005321502686 8.98379516601562 11.1342525482178 10.2109432220459 9.04872798919678 7.55660963058472 7.50327634811401 6.79029130935669 4.67362213134766 4.7721266746521 5.21709823608398 5.9811544418335 6.31093740463257 8.16575813293457 6.92709827423096 7.03364133834839 7.03524160385132 8.23008632659912 8.99069309234619 6.1165885925293 9.29041767120361 8.80414485931396 8.04764175415039 8.57461547851562 7.55224609375 8.77149200439453 9.19903087615967 -3.4e+38 8.02050018310547 10.0435810089111 8.17228698730469 -3.4e+38 7.82742929458618 10.3024225234985 8.64412403106689 5.49104976654053 6.77505445480347 6.3106746673584 7.74182224273682 9.39445209503174 9.07882308959961 11.1276607513428 9.78249168395996 9.60684967041016 8.93992614746094 7.4818286895752 8.14737033843994
9.86083984375 9.18873500823975 8.4730978012085 10.1574735641479 9.2642240524292 7.48596382141113 7.45813322067261 5.40894985198975 5.60537528991699 5.90250205993652 5.78445100784302 4.58394384384155 5.5631308555603 6.69718217849731 7.57341718673706 6.16621398925781 7.42719650268555 6.47375249862671 7.17852401733398 8.71681880950928 8.54890823364258 10.2334394454956 7.25289821624756 10.5963287353516 8.91768836975098 6.93573904037476 9.44083404541016 8.74980068206787 -3.4e+38 9.20029926300049 9.13037300109863 -3.4e+38 -3.4e+38 -3.4e+38 -3.4e+38 10.2582883834839 7.13404703140259 7.15983486175537 -3.4e+38 -3.4e+38 9.47631931304932 -3.4e+38 10.9693088531494 9.88259220123291 7.82043170928955 10.3034009933472 8.86151027679443 8.16536140441895
5.77076101303101 7.39572048187256 8.01204490661621 7.76739978790283 8.52471160888672 8.42446708679199 7.73030138015747 7.04320955276489 7.18951416015625 7.11672782897949 7.01733160018921 5.81377792358398 6.28978824615479 6.37671327590942 6.40304899215698 7.45903301239014 -3.4e+38 9.85510635375977 7.74802017211914 5.04893589019775 8.26240730285645 12.0766038894653 13.4960556030273 12.0169315338135 9.74412059783936 8.2614574432373 -3.4e+38 -3.4e+38 -3.4e+38 -3.4e+38 8.8045654296875 -3.4e+38 -3.4e+38 7.65487384796143 9.00916290283203 -3.4e+38 -3.4e+38 -3.4e+38 -3.4e+38 -3.4e+38 -3.4e+38 9.44050979614258 11.3332490921021 8.89138698577881 9.11452484130859 9.15939331054688 -3.4e+38 10.0168762207031
7.49828767776489 8.4091215133667 7.7975492477417 7.81996822357178 7.96970701217651 7.62334775924683 8.13662719726562 9.70015239715576 8.71978282928467 7.50466203689575 6.54749631881714 7.25059175491333 5.83505439758301 6.08832263946533 7.14659070968628 6.30156421661377 -3.4e+38 11.191554069519 8.94237518310547 5.77018642425537 7.55426549911499 6.99485397338867 12.5313119888306 11.7099170684814 10.061131477356 8.52919769287109 7.90573310852051 -3.4e+38 -3.4e+38 -3.4e+38 -3.4e+38 -3.4e+38 -3.4e+38 7.53230237960815 7.9222617149353 3.47095036506653 -3.4e+38 -3.4e+38 -3.4e+38 -3.4e+38 -3.4e+38 -3.4e+38 11.7354555130005 11.0510416030884 9.4927396774292 9.56708908081055 8.70933246612549 9.56014251708984
9.16639614105225 6.82381772994995 7.64271974563599 8.97475337982178 7.86488914489746 7.09328699111938 3.96033930778503 -3.4e+38 -3.4e+38 5.52193450927734 5.64270210266113 6.735267162323 6.61127758026123 7.60254335403442 6.21465921401978 7.72540140151978 8.40999317169189 7.58579111099243 7.03980779647827 7.14104604721069 9.34371471405029 7.39126062393188 7.1849570274353 6.80271816253662 7.86252403259277 8.41863250732422 9.58703708648682 9.3007345199585 -3.4e+38 -3.4e+38 9.46951484680176 8.56937313079834 7.80583953857422 7.3751106262207 6.54335641860962 6.06419372558594 -3.4e+38 -3.4e+38 -3.4e+38 -3.4e+38 -3.4e+38 -3.4e+38 -3.4e+38 -3.4e+38 -3.4e+38 8.84502601623535 -3.4e+38 9.59059524536133
9.25749778747559 8.49513626098633 9.15374279022217 10.2011423110962 9.81449031829834 7.04847621917725 7.62796545028687 5.18579530715942 8.39395523071289 7.91635894775391 8.61299419403076 7.87294101715088 6.89696598052979 4.91162109375 6.25955152511597 3.98748111724854 4.87990713119507 4.04994201660156 6.41659545898438 -3.4e+38 9.865234375 7.10802125930786 7.22836017608643 7.69124937057495 6.53876066207886 6.94888734817505 9.7464075088501 9.17803955078125 3.67323708534241 6.97746133804321 6.759361743927 7.36577749252319 5.87893629074097 5.89805173873901 6.11739730834961 7.87256622314453 8.56756401062012 -3.4e+38 -3.4e+38 -3.4e+38 -3.4e+38 -3.4e+38 7.29797887802124 -3.4e+38 -3.4e+38 9.16220188140869 8.91799449920654 9.56208038330078
9.186354637146 8.23010349273682 8.0606575012207 11.5681409835815 9.34275531768799 7.74911499023438 7.94658184051514 6.88466882705688 8.0253849029541 8.62989521026611 7.60919237136841 10.3622179031372 8.99837303161621 8.43418407440186 8.00180339813232 6.90411424636841 9.51701259613037 9.70042133331299 8.97591876983643 -3.4e+38 12.6602153778076 11.1555004119873 8.26125907897949 6.82043027877808 7.92126989364624 7.48972368240356 7.84236001968384 8.02838230133057 7.28123569488525 8.40735340118408 -3.4e+38 7.33656454086304 5.63152503967285 6.22617149353027 7.32176065444946 6.09659385681152 9.17524433135986 -3.4e+38 -3.4e+38 -3.4e+38 -3.4e+38 7.72782707214355 7.37779331207275 7.12843894958496 8.46777057647705 8.54073619842529 8.54561996459961 9.59141159057617
8.76244258880615 7.59444999694824 6.35261106491089 10.9057579040527 9.26500129699707 7.830237865448 6.54214954376221 8.23541164398193 8.35299968719482 7.41294717788696 8.47487640380859 9.83496856689453 8.08075141906738 8.50426959991455 8.19651317596436 8.10349941253662 8.00160121917725 9.6584415435791 8.24576091766357 3.18155550956726 5.68335723876953 8.59299182891846 8.63031482696533 9.20870208740234 8.02535724639893 6.76009464263916 7.51566886901855 6.65730381011963 5.43450736999512 5.49365043640137 7.83990526199341 3.47082304954529 4.86029481887817 5.31532335281372 5.33864736557007 8.5116138458252 6.08825778961182 9.16365051269531 -3.4e+38 -3.4e+38 -3.4e+38 7.72782707214355 7.51810503005981 5.58568906784058 9.38758373260498 8.31014060974121 7.94755268096924 9.15410327911377
-3.4e+38 7.16217184066772 6.97304487228394 9.45638275146484 8.65738677978516 7.00945520401001 7.03242206573486 8.31370162963867 8.52190113067627 9.03227996826172 8.05865859985352 7.97249460220337 7.92722177505493 7.84670829772949 6.30251598358154 7.55939102172852 5.61166858673096 4.07833576202393 5.76408100128174 -3.4e+38 6.3589825630188 6.14009857177734 8.89653587341309 9.44675350189209 6.01211643218994 4.35102987289429 3.71891474723816 6.26639461517334 6.33316707611084 5.73063611984253 5.49732685089111 6.23411464691162 5.67938089370728 5.58586645126343 6.33927345275879 8.16596698760986 7.8068642616272 8.46525287628174 -3.4e+38 -3.4e+38 -3.4e+38 -3.4e+38 -3.4e+38 8.72629833221436 7.75611114501953 7.75773096084595 8.98504734039307 8.1126708984375
6.33999347686768 7.21332597732544 7.87671422958374 8.99289512634277 8.2332239151001 8.5123233795166 8.219313621521 9.40708446502686 7.22369050979614 7.72331094741821 6.91434049606323 9.04080772399902 7.26786422729492 5.85085964202881 5.32908296585083 6.46011352539062 3.43853163719177 5.67240047454834 -3.4e+38 4.6435432434082 5.50971174240112 5.94885206222534 7.66774559020996 6.62621545791626 5.93043088912964 6.56211948394775 6.36338043212891 6.91490459442139 6.75129508972168 6.68739032745361 5.41993618011475 5.83047533035278 6.12515544891357 6.39178323745728 7.63798809051514 7.27894926071167 8.01238346099854 7.72851085662842 11.1163892745972 7.24257755279541 -3.4e+38 5.63400030136108 9.88512802124023 8.86286544799805 8.06873512268066 -3.4e+38 -3.4e+38 -3.4e+38
7.70564031600952 6.2580041885376 7.28760194778442 7.26513004302979 7.4607138633728 7.3908748626709 9.35229396820068 9.94233322143555 8.66871547698975 7.77318334579468 5.96681499481201 6.09339189529419 5.90758371353149 6.05422973632812 4.74784994125366 6.74753952026367 7.06815195083618 7.14911508560181 8.70324897766113 7.37743043899536 7.48995161056519 7.5212287902832 7.68696069717407 9.25353336334229 7.13448619842529 8.63919830322266 8.1492977142334 7.32382249832153 7.06816959381104 7.06261491775513 6.26492023468018 6.06775140762329 7.86299324035645 9.97652244567871 -3.4e+38 -3.4e+38 9.18063163757324 8.99801540374756 8.3869686126709 6.15538549423218 5.75991296768188 5.65497493743896 -3.4e+38 -3.4e+38 -3.4e+38 -3.4e+38 -3.4e+38 -3.4e+38
9.24085998535156 6.55286693572998 8.23159503936768 8.78508949279785 6.70189666748047 5.66721630096436 4.72986221313477 -3.4e+38 8.90914249420166 7.62419700622559 5.65942525863647 5.61088418960571 5.99886560440063 5.8616042137146 6.09791278839111 6.63411283493042 6.74681091308594 7.09203767776489 7.86602258682251 6.14337205886841 7.87715911865234 9.29587268829346 11.3829898834229 11.2932271957397 10.3022804260254 9.3306303024292 7.21666383743286 6.62562036514282 7.16416120529175 7.24911689758301 7.67524433135986 7.09770965576172 7.87422513961792 10.0006284713745 -3.4e+38 6.68650054931641 8.65354061126709 8.46578121185303 9.15844821929932 8.28579521179199 7.94606065750122 8.53775501251221 10.9880142211914 10.9880142211914 -3.4e+38 -3.4e+38 -3.4e+38 -3.4e+38
8.37795543670654 7.7075662612915 9.62651348114014 7.29750299453735 7.97375392913818 6.50656700134277 8.78041744232178 7.62683916091919 6.99819374084473 5.21208095550537 6.35376119613647 -3.4e+38 5.51574993133545 5.54044580459595 6.93396711349487 6.48049116134644 6.21878576278687 6.98779964447021 7.22450923919678 7.913245677948 9.50504207611084 10.373893737793 10.4322843551636 9.27380561828613 8.8632698059082 8.05727005004883 7.74025917053223 7.42300987243652 7.39120006561279 8.12656116485596 8.12480163574219 7.60285711288452 8.03139305114746 10.0103378295898 8.35249423980713 7.09508800506592 6.21370029449463 6.87192583084106 6.21630525588989 6.38455152511597 8.57931232452393 7.13539028167725 5.78518676757812 -3.4e+38 -3.4e+38 -3.4e+38 -3.4e+38 8.46543121337891
11.0712270736694 10.8842916488647 8.90096092224121 7.21061325073242 7.74241065979004 8.20901870727539 9.13895225524902 8.02193832397461 6.8779149055481 6.01181221008301 7.32820224761963 5.65444850921631 -3.4e+38 4.64226484298706 4.5397367477417 6.01381158828735 5.75902032852173 6.46345329284668 6.77661609649658 7.97325086593628 7.92149353027344 9.10999965667725 7.9479775428772 4.46992588043213 7.6871771812439 6.25554418563843 8.62508106231689 9.03444671630859 6.58948183059692 6.67790174484253 8.13802337646484 7.06008148193359 8.37582969665527 11.6801710128784 10.8566074371338 10.9260244369507 7.01097917556763 6.6409797668457 8.1180944442749 8.93434429168701 8.5539436340332 6.38736867904663 5.78518676757812 -3.4e+38 -3.4e+38 -3.4e+38 -3.4e+38 -3.4e+38
