Ecospace-environmental-drivers/Outputs/ASCII-for-ecospace/ChlA/ChlA_X2008.02.asc
NCOLS 131 
NROWS 53 
XLLCORNER -98 
YLLCORNER 23.9265270233154 
CELLSIZE 0.133587792515755 
NODATA_value -3.4e+38 
[rows 21 to 41 of 53, columns 0 to 46 of 131]
-3.4e+38 -3.4e+38 -3.4e+38 -3.4e+38 -3.4e+38 -3.4e+38 -3.4e+38 7.48061418533325 -3.4e+38 18.5630512237549 18.6807155609131 17.383544921875 15.9974765777588 15.2036790847778 14.2548580169678 13.7123403549194 12.2338466644287 11.1670045852661 10.7397289276123 10.9439659118652 10.9885053634644 10.8389415740967 10.4544086456299 10.3356533050537 10.7238140106201 10.7789268493652 10.4760789871216 10.2631044387817 10.2268667221069 10.0604858398438 9.72816276550293 9.88459396362305 10.6525278091431 11.0779113769531 11.1590776443481 10.7425308227539 10.561842918396 10.4238739013672 10.7103509902954 10.9482202529907 11.0916156768799 10.9300136566162 11.0120143890381 10.4023399353027 10.4837799072266 10.6176013946533 9.75175952911377
-3.4e+38 -3.4e+38 -3.4e+38 -3.4e+38 -3.4e+38 -3.4e+38 -3.4e+38 13.8992118835449 20.2472667694092 18.1492443084717 16.4703178405762 15.1971054077148 14.2457752227783 13.0436191558838 11.9377794265747 11.4689950942993 11.5345087051392 11.0122632980347 10.9124555587769 10.2712516784668 10.2440929412842 10.4795770645142 10.5156049728394 10.5929861068726 10.6506061553955 10.5945835113525 10.932580947876 10.7904386520386 10.1169776916504 10.130651473999 9.70965385437012 10.1458568572998 10.5263290405273 10.7690486907959 10.6976308822632 10.8506574630737 11.23193359375 11.087797164917 10.4937973022461 10.2748737335205 10.5768213272095 10.4272928237915 9.94387245178223 9.74239349365234 9.91498279571533 9.48512744903564 9.28246974945068
-3.4e+38 -3.4e+38 -3.4e+38 -3.4e+38 18.4201183319092 16.9443778991699 -3.4e+38 19.1713047027588 18.2983722686768 15.4729948043823 13.7781276702881 12.1786479949951 11.3355045318604 11.3626089096069 10.9502401351929 10.8823137283325 10.9192752838135 10.5006818771362 9.64467906951904 10.27672290802 10.5088911056519 10.7999658584595 10.9626111984253 10.9077339172363 10.4545974731445 10.2921504974365 10.6865081787109 10.273624420166 9.80122375488281 9.3880090713501 9.46187019348145 9.666823387146 9.63663005828857 10.1019039154053 10.1182670593262 10.1459693908691 10.7374334335327 10.044620513916 9.80584239959717 9.36839485168457 9.9166431427002 10.1631870269775 9.52155876159668 9.21348571777344 9.36388111114502 9.03450393676758 9.25505256652832
-3.4e+38 -3.4e+38 -3.4e+38 -3.4e+38 -3.4e+38 20.5927143096924 20.394702911377 18.5187339782715 16.2795066833496 13.5616931915283 11.1919116973877 10.3499841690063 10.3733339309692 10.8053665161133 10.533055305481 10.6752901077271 10.8790826797485 10.4011726379395 10.4744739532471 10.6023225784302 10.6783075332642 10.888503074646 10.9812965393066 11.3179931640625 11.2307271957397 10.8204364776611 10.32177734375 10.0516834259033 9.79804801940918 9.53031063079834 9.66855907440186 9.48304271697998 9.47561264038086 9.71337127685547 9.87587451934814 10.1113233566284 9.8972749710083 9.87769508361816 9.47757720947266 9.37989807128906 9.96645355224609 9.95177268981934 9.98018932342529 9.26858711242676 9.1306209564209 9.20001411437988 9.58360576629639
-3.4e+38 -3.4e+38 -3.4e+38 -3.4e+38 -3.4e+38 19.6144332885742 19.0877876281738 16.3860015869141 13.736216545105 11.3296585083008 10.2342157363892 10.1550731658936 10.2655458450317 10.5132780075073 10.5086660385132 10.3967657089233 10.4723653793335 10.5786781311035 10.4606714248657 10.6024751663208 10.750205039978 10.8373794555664 11.204195022583 11.2353715896606 11.1996011734009 10.7444629669189 9.76869297027588 9.96452808380127 9.48218059539795 9.61127662658691 9.54344940185547 9.70606708526611 9.84248733520508 9.57605648040771 9.58879661560059 9.72562026977539 9.62307834625244 9.19492244720459 9.51266479492188 10.2938251495361 10.4652919769287 10.3221807479858 9.86720848083496 9.15917301177979 9.12735271453857 9.21330547332764 9.66823196411133
-3.4e+38 -3.4e+38 -3.4e+38 -3.4e+38 -3.4e+38 19.0365104675293 17.6144523620605 15.490348815918 12.3799486160278 10.5822267532349 10.162036895752 10.6913633346558 10.4895915985107 10.4578638076782 10.4314451217651 10.3567047119141 10.7299661636353 10.6952390670776 10.2973318099976 10.5189380645752 10.9952363967896 11.0718832015991 11.2846965789795 10.9646196365356 10.8838052749634 9.95164489746094 9.98169422149658 9.89875030517578 9.81104755401611 9.83859920501709 10.1271095275879 9.7221736907959 10.059455871582 10.1034440994263 9.73391914367676 9.86695575714111 9.83269786834717 9.20899391174316 9.47578907012939 10.0241985321045 10.267204284668 9.92797756195068 9.64065933227539 9.50438690185547 9.48299312591553 9.69112300872803 9.98317813873291
-3.4e+38 -3.4e+38 -3.4e+38 -3.4e+38 -3.4e+38 19.2708587646484 17.3802261352539 14.5949268341064 10.9611072540283 10.4430637359619 10.4743556976318 10.9339017868042 10.4400577545166 10.2365646362305 10.2763614654541 10.297287940979 10.4240064620972 10.6013565063477 10.4246778488159 10.477427482605 10.7305135726929 10.7966499328613 11.1059503555298 10.8562126159668 10.7445402145386 10.1698131561279 9.93104362487793 9.78458690643311 9.77355194091797 9.65265941619873 9.46787071228027 9.3451623916626 9.4403076171875 9.40536689758301 9.54880332946777 9.57033538818359 9.63828659057617 9.71919631958008 9.79208660125732 9.90193653106689 10.000147819519 9.73382186889648 9.40707397460938 9.43893241882324 9.70591640472412 10.1609001159668 10.2008714675903
-339999999999999996128486808808066248288.000000000000000 -3.4e+38 -3.4e+38 -3.4e+38 20.6434955596924 18.6423587799072 17.4656162261963 13.4468297958374 11.0462512969971 10.605767250061 10.5265760421753 10.589937210083 10.3959732055664 10.2605800628662 10.0931806564331 10.3119068145752 10.4030017852783 10.4439611434937 10.4489479064941 10.7414216995239 10.706714630127 10.6327991485596 10.5072870254517 10.5981702804565 10.6288185119629 10.070424079895 9.81379985809326 9.52973365783691 9.64219665527344 9.37085819244385 9.17454051971436 9.21223735809326 9.48726558685303 9.56555843353271 9.2962703704834 9.45885467529297 9.59114170074463 9.39707565307617 9.70809650421143 9.95568466186523 9.86786842346191 9.57084941864014 9.31375217437744 9.1160774230957 10.2111883163452 10.1813774108887 10.1857280731201
-3.4e+38 -3.4e+38 -3.4e+38 -3.4e+38 18.6606006622314 17.8811378479004 16.2903423309326 13.245099067688 11.3203039169312 10.5539312362671 10.0386028289795 10.1420202255249 10.4667911529541 9.90674877166748 9.87344169616699 10.0365657806396 10.2822294235229 10.4117727279663 10.4316825866699 10.3974180221558 10.4720134735107 10.2147464752197 10.4614696502686 10.688907623291 10.8350296020508 9.94795036315918 9.60995388031006 9.50281143188477 9.53993701934814 9.1752290725708 9.1289529800415 9.32980346679688 9.57897663116455 9.63016319274902 9.27919483184814 9.75512886047363 9.79224395751953 9.74318313598633 9.67841053009033 9.7925386428833 9.60562038421631 9.52643299102783 9.64415264129639 9.44470024108887 9.6467981338501 10.013729095459 10.0420951843262
-3.4e+38 -3.4e+38 -3.4e+38 -3.4e+38 17.9746437072754 17.9485950469971 16.573616027832 13.2524299621582 11.2186098098755 10.4583826065063 10.2363338470459 10.1560335159302 10.3211421966553 10.0149745941162 9.77807521820068 9.91009521484375 10.3135166168213 10.6813488006592 10.2415742874146 10.0865612030029 10.1811618804932 10.0799417495728 9.73513412475586 9.82006549835205 9.82903957366943 9.51293659210205 9.09865665435791 9.3547830581665 9.26714515686035 9.15500259399414 8.92074298858643 9.03462028503418 9.19533252716064 9.48081207275391 9.58057498931885 9.56808376312256 9.52234268188477 9.68108177185059 9.56276321411133 9.73538112640381 9.61617183685303 9.84268379211426 9.32987594604492 9.31608200073242 9.48399257659912 9.28701877593994 9.43865585327148
-3.4e+38 -3.4e+38 -3.4e+38 -3.4e+38 -3.4e+38 18.0948867797852 16.9654922485352 14.0799694061279 11.1796026229858 10.5969219207764 10.1162433624268 10.05051612854 10.2818183898926 10.2779273986816 10.2232799530029 10.0956211090088 10.3028564453125 10.1836843490601 10.065655708313 10.1421794891357 10.1410427093506 9.54797172546387 9.48481178283691 9.9734411239624 9.97366046905518 9.54683399200439 8.85425281524658 9.42435264587402 9.46624565124512 9.42174053192139 9.0469970703125 8.80399417877197 8.91650295257568 9.36621379852295 9.28637981414795 9.31053256988525 9.0160665512085 8.94533443450928 9.42711067199707 9.6724214553833 9.33153533935547 9.70053863525391 9.19441699981689 8.84929084777832 9.13176822662354 9.04826259613037 8.61285781860352
-3.4e+38 -3.4e+38 -3.4e+38 -3.4e+38 -3.4e+38 17.7146968841553 17.2007465362549 15.14049243927 11.7759675979614 11.0463390350342 10.3973617553711 10.3691129684448 10.4515523910522 9.91476440429688 10.0734252929688 10.1062698364258 10.6874494552612 10.302830696106 10.0041313171387 10.2362213134766 10.3455295562744 9.49410629272461 9.69398593902588 9.82209873199463 9.55436515808105 9.74804401397705 9.74745750427246 9.45892715454102 9.5162181854248 9.20558834075928 9.01357078552246 8.77009105682373 8.86039161682129 9.22218799591064 9.37224864959717 9.28152465820312 8.5125150680542 8.51614475250244 9.18705081939697 9.1696310043335 9.37753868103027 9.3993673324585 9.55976104736328 9.1168966293335 8.9113655090332 7.97973251342773 8.22542381286621
-3.4e+38 -3.4e+38 -3.4e+38 -3.4e+38 -3.4e+38 18.6190605163574 16.9730186462402 15.7219657897949 13.2073593139648 11.539439201355 10.5675029754639 10.2908782958984 10.3926410675049 9.99089908599854 10.2114477157593 10.5112609863281 10.5193405151367 10.299599647522 10.1730241775513 10.3507051467896 9.99252223968506 9.66085624694824 10.085506439209 9.77894496917725 10.0975475311279 9.71812915802002 9.89414215087891 9.23384475708008 9.22977352142334 8.61623001098633 8.72337245941162 8.88013935089111 8.89423561096191 8.76894474029541 9.07071781158447 9.34342288970947 7.73556089401245 9.23220348358154 9.58485984802246 8.7577428817749 9.39613151550293 9.68722629547119 9.35526084899902 8.90669250488281 8.80432891845703 8.10998153686523 7.8783802986145
-3.4e+38 -3.4e+38 -3.4e+38 -3.4e+38 -3.4e+38 16.4219131469727 16.6732940673828 16.2660999298096 14.4427928924561 11.5465030670166 10.4201354980469 10.3684244155884 10.3441867828369 10.4001235961914 10.4050664901733 10.4573278427124 10.5472135543823 10.1173391342163 10.2405834197998 10.0264596939087 9.65261554718018 10.1765985488892 9.8996410369873 9.61324310302734 9.71179962158203 9.43967533111572 9.65163516998291 9.20092868804932 8.80646228790283 8.01770305633545 7.89936256408691 8.48916625976562 8.52936363220215 8.9621753692627 9.10575389862061 9.39685440063477 10.0513210296631 10.337140083313 9.17474555969238 8.62882041931152 9.3049201965332 9.9179573059082 9.87312316894531 9.51566123962402 8.75405120849609 8.24935054779053 7.49846172332764
-3.4e+38 -3.4e+38 -3.4e+38 -3.4e+38 -3.4e+38 12.4624252319336 16.3509769439697 16.2867679595947 14.1038188934326 11.5614967346191 10.793888092041 10.4444408416748 10.4506740570068 10.3682222366333 10.2174234390259 10.3589725494385 10.171724319458 10.1060171127319 10.3028411865234 10.1585626602173 9.98124504089355 10.1969757080078 9.87271881103516 9.47177314758301 9.02565002441406 8.87050914764404 8.94949340820312 8.91363430023193 8.94477081298828 8.00998115539551 8.17460155487061 8.43862724304199 8.27357196807861 10.0927591323853 9.68449306488037 11.374737739563 11.17214012146 10.7128057479858 8.28441047668457 8.49455547332764 9.59843349456787 9.6053409576416 10.2046213150024 9.50490665435791 8.51099491119385 8.42760467529297 8.50559520721436
-3.4e+38 -3.4e+38 -3.4e+38 -3.4e+38 -3.4e+38 19.9733428955078 16.6532459259033 16.5618057250977 14.265495300293 11.5495290756226 10.8308191299438 10.5234041213989 10.3949871063232 10.4126834869385 10.2762975692749 10.4490785598755 10.3160047531128 10.6617069244385 10.4525117874146 10.2531318664551 9.98369884490967 10.1709327697754 10.0256090164185 9.71753406524658 9.17462062835693 8.81854248046875 9.23231887817383 8.78971672058105 8.64783000946045 7.95217895507812 8.33810615539551 8.06435871124268 8.20237731933594 8.76370239257812 9.60754013061523 10.6837015151978 10.8313131332397 10.5780353546143 9.72443580627441 9.64265823364258 9.79619693756104 10.1065673828125 9.80480670928955 9.9933032989502 9.3099422454834 7.97126054763794 8.4582986831665
-3.4e+38 -3.4e+38 -3.4e+38 -3.4e+38 -3.4e+38 -3.4e+38 17.1508159637451 16.8707504272461 14.311408996582 11.6565256118774 11.124566078186 10.708966255188 10.2960996627808 10.2469787597656 10.1985683441162 10.386528968811 10.4018335342407 10.7160520553589 10.7846546173096 10.7936496734619 10.645073890686 10.5444393157959 10.3459329605103 9.80886936187744 9.20145034790039 9.24030303955078 10.0565633773804 9.2143440246582 8.9307689666748 8.1069507598877 8.39953136444092 7.91582298278809 8.3168830871582 9.25681304931641 9.95013523101807 9.82785892486572 10.4558753967285 10.1217861175537 10.0455255508423 9.1498908996582 8.84411716461182 9.69435977935791 8.21525478363037 9.43065071105957 9.14480972290039 8.21725463867188 7.97707271575928
-3.4e+38 -3.4e+38 -3.4e+38 -3.4e+38 -3.4e+38 -3.4e+38 16.148157119751 16.5551509857178 13.0271606445312 11.6796636581421 11.0285768508911 10.6531190872192 10.2494144439697 10.1190137863159 10.3697509765625 10.4635276794434 10.4976854324341 10.4188833236694 11.0119476318359 10.4984903335571 10.1208038330078 9.92668056488037 9.87202644348145 9.59981822967529 9.44754886627197 9.31314182281494 9.5252799987793 9.27874374389648 8.70985221862793 8.37603950500488 8.24703025817871 8.38990020751953 8.35655784606934 8.66080856323242 9.79034423828125 9.7122688293457 9.5007209777832 9.22322177886963 10.2375392913818 9.37382793426514 8.12074279785156 7.93781137466431 12.0518417358398 7.92931175231934 8.55789947509766 8.32679462432861 8.19018840789795
-3.4e+38 -3.4e+38 -3.4e+38 -3.4e+38 -3.4e+38 -3.4e+38 17.2927188873291 15.8762826919556 13.6546449661255 11.8257665634155 10.682523727417 10.5840606689453 10.1165819168091 10.1124811172485 10.2004327774048 10.7789716720581 10.5523796081543 10.5176877975464 10.909969329834 10.2817659378052 9.81633949279785 9.58113861083984 9.51983165740967 9.49727916717529 9.19565582275391 9.45122337341309 8.97414875030518 9.47861480712891 8.82527256011963 8.33085250854492 8.06734943389893 8.17627429962158 8.3975248336792 9.34309387207031 9.95733165740967 9.63271617889404 9.48089504241943 9.54807662963867 9.75373363494873 9.63113403320312 10.7779169082642 9.58673572540283 10.1725158691406 8.69941902160645 8.25437164306641 8.365797996521 8.03694820404053
-3.4e+38 -3.4e+38 -3.4e+38 -3.4e+38 -3.4e+38 17.730188369751 16.9351081848145 14.5319986343384 12.6528673171997 10.9426984786987 10.1530818939209 10.331488609314 10.0752878189087 10.1192970275879 10.0429611206055 10.456280708313 10.2491149902344 10.3816661834717 10.4054155349731 10.5984897613525 10.5003480911255 10.0811166763306 9.927490234375 9.5361852645874 9.44303321838379 9.64695453643799 9.44161605834961 9.28037071228027 8.35440254211426 8.13714122772217 8.0576639175415 8.16012859344482 7.99697065353394 8.99395179748535 9.61508083343506 9.62799549102783 9.60626125335693 9.84317398071289 10.6181297302246 10.0749197006226 10.918309211731 9.19810676574707 9.49563789367676 9.07506275177002 7.6483268737793 7.66249322891235 8.33507919311523
-3.4e+38 -3.4e+38 -3.4e+38 -3.4e+38 -3.4e+38 14.6486597061157 15.9345636367798 13.0662593841553 11.7422704696655 10.9749393463135 9.68357467651367 9.31186485290527 9.74238586425781 9.76428699493408 10.077075958252 10.1843042373657 10.0921669006348 10.2153949737549 10.2911596298218 10.2536544799805 9.86721229553223 10.1271743774414 10.0895195007324 9.42627143859863 9.25456523895264 9.52997016906738 8.93485164642334 8.76939678192139 7.7984299659729 7.46295166015625 8.02674865722656 7.96115684509277 7.05827522277832 7.85430335998535 8.91347312927246 9.99268531799316 9.98247814178467 10.0490837097168 10.4442272186279 10.8467254638672 9.62097835540771 9.17467212677002 9.63823795318604 9.61498260498047 7.34070634841919 5.68365812301636 6.65716028213501
