Ecospace-environmental-drivers/Outputs/ASCII-for-ecospace/ChlA/ChlA_X1997_09_avg.asc
NCOLS 131 
NROWS 53 
XLLCORNER -98 
YLLCORNER 23.9265270233154 
CELLSIZE 0.133587792515755 
NODATA_value -9999 
[rows 0 to 20 of 53, columns 47 to 93 of 131]
-9999 -9999 -9999 -9999 -9999 -9999 -9999 -9999 -9999 -9999 -9999 -9999 -9999 -9999 -9999 -9999 -9999 -9999 -9999 -9999 -9999 -9999 -9999 -9999 -9999 -9999 -9999 -9999 -9999 -9999 -9999 -9999 -9999 -9999 -9999 -9999 -9999 -9999 -9999 -9999 -9999 -9999 -9999 -9999 -9999 -9999 -9999
-9999 -9999 -9999 -9999 -9999 -9999 -9999 -9999 -9999 -9999 -9999 -9999 -9999 -9999 -9999 -9999 -9999 -9999 -9999 -9999 -9999 -9999 -9999 -9999 -9999 -9999 -9999 -9999 -9999 -9999 -9999 -9999 -9999 -9999 -9999 -9999 -9999 -9999 -9999 -9999 -9999 -9999 -9999 -9999 -9999 -9999 -9999
-9999 -9999 -9999 -9999 -9999 -9999 -9999 -9999 -9999 -9999 -9999 -9999 -9999 -9999 -9999 -9999 -9999 -9999 -9999 -9999 -9999 -9999 -9999 -9999 -9999 -9999 -9999 22.6919895172119 21.604829788208 -9999 -9999 -9999 -9999 -9999 -9999 -9999 -9999 -9999 -9999 -9999 -9999 -9999 -9999 -9999 -9999 -9999 -9999
-9999 -9999 -9999 -9999 -9999 -9999 -9999 -9999 -9999 -9999 -9999 -9999 -9999 -9999 -9999 -9999 -9999 -9999 -9999 -9999 -9999 -9999 -9999 -9999 -9999 -9999 -9999 19.8304636101974 19.2050907346937 -9999 -9999 -9999 -9999 -9999 16.5543029573229 13.8513733545939 -9999 7.28789043426514 -9999 14.1457133293152 16.8075400352478 -9999 -9999 -9999 -9999 -9999 -9999
-9999 -9999 -9999 -9999 -9999 -9999 -9999 -9999 -9999 13.9429278373718 18.4682038625081 18.1661162095911 14.8599615097046 -9999 -9999 -9999 -9999 -9999 15.3459596633911 20.5165705680847 18.6862865247225 19.1355856845253 19.8371120452881 19.0650240580241 17.3690757751465 17.4271014332771 16.7443022727966 17.9094308050055 16.8730856577555 15.2110226949056 -9999 -9999 12.5903363227844 14.3456823825836 15.3731657663981 12.8907814025879 11.7357683181763 11.3270190891467 11.9240242305555 12.4429268084074 14.042932955424 19.3352067470551 -9999 -9999 -9999 -9999 -9999
-9999 -9999 -9999 -9999 -9999 -9999 -9999 -9999 18.1175355044278 18.4945484610165 20.8991384506226 19.9567570435373 18.0684085645174 18.8999559000919 23.797737121582 24.392186164856 20.025821685791 18.9825017235496 18.8048346168117 19.0855519144159 19.1303277266653 19.2337895443565 19.0994551809211 19.3171520233154 18.2130896417718 17.7380502600419 18.2476000032927 18.2114211634586 16.6445178483662 15.1539119921233 14.0038897865697 13.6139782855385 13.6290919655248 12.9444457104332 11.480320679514 10.9264274396394 10.5866172690141 10.3564791428415 10.7488105673539 10.9617191615858 11.3909849869578 11.6791281951101 12.0439095999065 11.3948370428646 -9999 -9999 -9999
-9999 -9999 -9999 -9999 -9999 -9999 -9999 -9999 -9999 21.1776007546319 20.9366793102688 20.178720323663 17.5795240402222 19.0105131550839 20.1802244186401 20.7163194355212 19.8909440291555 19.5942008871781 19.2956408450478 19.8123254274067 19.398675517032 18.0743040787546 16.7697151585629 16.6953893962659 16.2369628705476 15.7783186059249 16.5716344431827 16.7415971254048 14.3218584060669 13.2095889041298 12.5169084448563 11.6759630002474 11.1428838027151 11.0259753779361 10.4855054554186 10.0979265413786 10.0040519613969 10.263322027106 10.5256348660118 10.5837006317942 10.5324834522448 10.6729876367669 11.0517040804813 11.825663842653 12.8548229535421 18.9312384128571 -9999
-9999 -9999 -9999 -9999 -9999 -9999 -9999 -9999 -9999 21.0331093470256 21.1395161151886 21.0324058030781 18.3650016282734 18.7908959137766 20.1450632998818 19.1004687359459 18.5298978654962 18.6333830482081 19.435327630294 19.93237786544 19.4451012862356 18.3338777140567 15.6656789277729 13.8691328450253 12.9580497741699 12.6171029743395 12.5009902151007 12.427759270919 11.8366438715081 11.4855224207828 11.1115122343365 10.7386426925659 10.6065060464959 10.3693486765811 10.1540434987921 9.76889243878816 9.55460066544382 9.56216852288497 9.5934053220247 9.59438963940269 9.92520678670783 10.4215200825741 10.8492788013659 11.4634158987748 12.4154120495445 13.6981965868097 13.834549170274
-9999 -9999 -9999 -9999 -9999 -9999 -9999 -9999 -9999 -9999 -9999 -9999 -9999 -9999 17.0304279327393 18.9567162725661 -9999 14.7338546117147 19.5799564060412 20.333904467131 19.5242675982024 18.3331732498972 15.5386503119218 12.7727526112607 11.6720462096365 11.2629991832532 10.9550160357827 10.7180185317993 10.6052519647699 10.5210570285195 10.4586859251324 10.2138769752101 10.037823677063 9.8454619959781 9.64675516831247 9.41992049468191 9.348397405524 9.2554313007154 9.22745925501773 9.30054759979248 9.5963138279162 10.0648730428595 10.9059285113686 11.3092587119655 11.7399136392694 12.8148633555362 14.677749232242
19.4565765062968 -9999 -9999 -9999 -9999 -9999 -9999 -9999 -9999 -9999 20.0695083324726 19.6871969223022 -9999 -9999 -9999 17.851263999939 17.9204935346331 19.5992786005924 20.4184388110512 20.5243919774106 20.4336951406378 18.4821328112954 14.9090145512631 12.7741532576712 11.694421968962 11.0788612365723 10.814082547238 10.4450779463115 10.3423546238949 10.1273265135916 10.0587662144711 9.97860286110326 9.70540317736174 9.46575039311459 9.37137440631264 9.23637144189132 9.29909437581112 9.34716390308581 9.38916286669279 9.53103617617958 9.6469904749017 10.157958984375 10.8156500866539 11.5127746180484 11.7987954992997 12.4405192826924 14.606811975178
21.7002893818749 19.3078206380208 -9999 -9999 -9999 -9999 -9999 -9999 -9999 -9999 18.7802391052246 19.3122415542603 -9999 -9999 -9999 16.7950069563729 17.9404583479229 19.5631723403931 20.6006731736033 20.8234364359002 19.8340027457789 16.9522142410278 14.5077886079487 12.7380058388961 11.5687237287823 10.9803022083483 10.5528279354698 10.3197135423359 10.0515333225853 9.9348847238641 9.99626516041003 9.86411957991751 9.51570854688946 9.36335894936009 9.35025531367252 9.37512653752377 9.51050550059268 9.45927107961554 9.59266298695614 9.54497942171599 9.8018193495901 10.4029985729017 10.9019324654027 11.5694936451159 11.6986869008918 12.4626072331479 14.6635365737112
19.7505955445139 23.5834639337328 26.3360278265817 -9999 -9999 -9999 -9999 -9999 -9999 -9999 -9999 19.1591968536377 15.0069189071655 14.9957192625318 16.4327557427543 -9999 21.3750174840291 21.3702555204693 21.2685260772705 21.2778915606047 18.4598025773701 16.0400834334524 14.1863155866924 12.3573913574219 11.2316311284115 10.8035637203016 10.4310140107807 10.224769441705 10.0062974879616 9.95948984748439 9.90563678741455 9.7223801612854 9.74674084312037 9.56966352462769 9.441305687553 9.6886853920786 9.60628143109773 9.62341057626825 9.47959362833124 9.4694625954879 9.83830632661518 10.4712437077572 10.9346359152543 11.323296145389 11.4771534769159 12.3379706332558 13.2813074212325
19.3918594059191 19.3108829699065 19.3875687749762 19.2699411132119 -9999 -9999 -9999 -9999 11.6809815993676 13.1530241966248 13.576530456543 15.9477701187134 16.5241224115545 16.9499433417069 18.0940066889713 20.2074868338449 31.0264663696289 24.6760566417988 21.5538019292495 21.7470906910143 18.995817937349 15.3034923955014 13.2833890412983 11.6733056620548 10.8869159096166 10.7813744294016 10.4403061113859 10.3205223334463 9.97332593014366 9.83215590527183 9.83601346768831 9.73181679374293 9.47833332262541 9.45456183584113 9.34971096641139 9.52198284550717 9.58925427888569 9.63194967571058 9.43478508999473 9.47190989946064 9.78582362124794 10.2668435448094 10.820023386102 10.9934734545256 11.0843809529355 11.4899144423635 11.8802421469437
21.2191466281289 21.2287910862973 20.8909242529618 18.8030733309294 18.6468921962537 16.6582181328221 15.2539924474863 14.7662525706821 13.9664504904496 14.1849365736309 14.8362511584633 18.8831447254528 19.1404479177375 20.2604822861521 19.8934631347656 20.571774733694 20.1629577212864 18.6739178437453 -9999 22.0910094205071 20.9690398166054 16.2906163868151 12.9494323730469 11.2315761164615 10.731104198255 10.4761158792596 10.2489565799111 9.98205696909051 9.78124618530273 9.7297733206498 9.59439202358848 9.46519465195505 9.20552118201005 9.25891238764713 9.24433929041812 9.23787024146632 9.43688267155697 9.60244610435084 9.50348384756791 9.72920623578523 9.86505525990536 10.0359462436877 10.2999081360666 10.4372374885961 10.3488555205496 10.5548746711329 10.6249184859426
19.7083309073197 20.5051630923623 21.2538920954654 21.6014831944516 21.4018299705104 20.014240064119 19.5068955672415 18.9933795427021 20.4877503043727 20.4565881427966 19.5626324101498 19.2950633199591 19.1478811565198 19.2952281550357 19.6155237900583 20.1614295055992 20.71618893272 21.1938870078639 25.3503334738991 21.3820710712009 20.2757377624512 15.4604432457372 12.2428996939408 11.2266464233398 10.3928480399282 10.254638345618 9.82681256846378 9.60891342163086 9.38496853175916 9.28273981495907 9.51556880850541 9.49573102750276 9.32952346299824 9.42725909383673 9.14947401849847 9.44806603381508 9.5921741786756 9.54311315636886 9.56706498798571 9.71402750517193 9.71446697335494 9.93338077946713 10.0130987669292 9.83071869298031 9.86723859686601 9.98189885992753 10.1390216225072
16.8216651615344 17.8627091457969 20.0328587983784 20.7693475422106 20.393660394769 20.0425361834074 19.6700607099031 18.9494183188991 18.6144437287983 18.1565815273084 17.7347675624647 17.8071964665463 17.6206745348479 18.8190918470684 19.7019749691612 20.3972790366725 21.4693327452007 22.0779504274067 21.7414508395725 20.4057579040527 16.9608418816014 13.4570626208657 11.6359514939158 10.8531800822208 10.4184902090775 10.1227261894628 9.67415202291388 9.62108697389301 9.57962791543258 9.29176548907631 9.44572187724866 9.35060252641377 9.41052971388164 9.44787165993138 9.22767300354807 9.23934841156006 9.56311587283486 9.63044864252994 9.81971532420108 9.6398845220867 9.70114291341681 9.75636100769043 9.84365172135202 9.73013556630988 9.68014436019094 9.73532762025532 9.72337672584935
14.2964245645623 14.989643900018 17.0180210314299 17.8386232978419 17.8397772939582 17.7475921229312 17.0568372324893 16.2300380405627 15.9246914010299 15.8317792290135 15.5835031710173 15.31985328072 16.3330513301649 17.1107327812596 18.4290058236373 19.0658544741179 19.9934896167956 19.5742395300614 18.2725386870535 16.3090365058497 14.3900448648553 12.0549710424323 10.6608322796069 10.4739530713935 10.2175475421705 10.1476909235904 9.60593095578645 9.60045267406263 9.26854414688913 9.35383653640747 9.43834397667333 9.31067007466366 9.36351746007016 9.36145897915489 9.25511400323165 9.44240605203729 9.41665734742817 9.47764662692421 9.67298397264983 9.67370565314042 9.64913626721031 9.67306533612703 9.26387274892707 9.53632881766871 9.45819463227924 9.57428370024029 9.61077414060894
12.4047477621781 13.3971774452611 14.3046647122032 15.103896893953 15.5668420791626 15.9383249784771 16.0473245821501 15.4574112641184 14.7538837131701 14.7633705641094 14.336037083676 13.5636926952161 13.5445683127955 14.1358232498169 15.4114384902151 16.2202374809667 16.3076403768439 16.1914430919446 14.4970942045513 13.2094989575838 12.3730347031041 11.4038581095244 10.4939033357721 10.0066349380895 10.0060127408881 9.98250936207018 9.63977939204166 9.67749369771857 9.55132067830939 9.54080777419241 9.63279766785471 9.45279595726415 9.33049523202997 9.369898595308 9.22594283756457 9.36895857359234 9.30844618144788 9.18962754701313 9.45509243011475 9.60132337871351 9.60780618065282 9.25070539273714 9.1378446378206 9.33510135349474 9.21021002217343 9.42777046404387 9.23809540899176
10.9550025337621 11.680292832224 12.0910902023315 12.7000192341052 13.0608390005011 13.3726956718846 13.3183947111431 13.4595103514822 13.189222938136 12.9273337314003 12.6713304519653 12.2989735854299 12.2212132403725 12.1585386175858 12.1992264797813 12.631742477417 12.6369031103034 13.1881215948808 12.3802911356876 11.1483555091055 11.1222155972531 10.6968590083875 10.1270339112533 9.93538550326699 9.90149583314594 9.65383838352404 9.60791542794969 9.48582734002007 9.39146285308035 9.38641794522603 9.7087556939376 9.53539988869115 9.48857746626202 9.35999180141248 9.2367679947301 9.35127208107396 9.17640502829301 8.95737457275391 9.17963517339606 9.41399458835 9.20450835478933 9.1263266362642 9.1328777514006 8.99533362137644 9.25090373189826 9.13400870875308 9.21990924132498
9.75191347222579 10.0042224181326 10.3574960106298 10.7742851909838 11.1414885269968 11.7134389877319 11.7623371826975 11.7919749209755 11.6853106900265 12.2635003642032 12.2607393264771 11.8876040107326 11.3813167677985 11.5484703967446 11.3622438029239 11.1589909603721 11.0627193952862 11.0899338471262 10.4830147090711 9.96505596763209 10.1515253217597 10.2234621800874 10.0962272192303 9.77824775796187 9.75345255199232 9.60906769099988 9.75086096713417 9.73791865298623 9.49122129546272 9.64299181887978 9.4281284544203 9.595399806374 9.52303407066747 9.40954519573011 9.21274250432065 9.29130270606593 9.09335954565751 8.89273545616551 9.13084855832552 9.30121298840171 9.11739949176186 9.24471817518535 9.19078555860017 8.96245208539461 9.03394566084209 9.16975867120843 9.03294631054527
9.49939288591084 9.67297559035452 9.73371375234503 10.1017431710896 10.0290109232852 10.245929115697 10.1099336774726 10.1726450418171 10.6215986954538 10.6678568187513 11.6290932203594 11.4347796189158 10.9618401527405 10.4295488909671 9.69255005685907 10.0790700912476 9.86489200592041 9.71066459856535 9.58913421630859 9.60757268102545 9.40299799567775 9.43692824715062 9.51389478382311 9.35766498666061 9.65327729119195 9.73323951827155 9.37837733162774 9.56266455901297 9.89514928393894 9.60812498393812 9.52149724960327 9.62753464046278 9.39484106866937 9.37543028279355 9.28362971857974 9.3344450749849 9.3538502141049 9.25948042618601 9.17071043817621 9.37165942944978 9.39322835520694 9.35009647670545 9.49887933229145 9.18572689357557 8.96787354820653 9.24478834553769 9.07667175092195
