Ecospace-environmental-drivers/Outputs/ASCII-for-ecospace/ChlA/ChlA_X2015.04.asc
NCOLS 131 
NROWS 53 
XLLCORNER -98 
YLLCORNER 23.9265270233154 
CELLSIZE 0.133587792515755 
NODATA_value -3.4e+38 
[rows 22 to 43 of 53, columns 51 to 101 of 131]
7.33506727218628 8.08206367492676 7.68312883377075 7.02992820739746 7.19425058364868 8.90155410766602 8.83723163604736 8.88371562957764 8.94221782684326 9.32694435119629 9.85397911071777 8.07437610626221 -3.4e+38 -3.4e+38 -3.4e+38 -3.4e+38 9.82278823852539 7.94627952575684 7.68905305862427 8.43696594238281 8.06491184234619 6.37039661407471 7.34360456466675 7.48477792739868 7.63751363754272 7.67889547348022 7.50234174728394 7.43976497650146 7.33255958557129 7.18522167205811 6.63984441757202 6.58660221099854 6.81181716918945 6.30715656280518 6.38687753677368 6.37470293045044 6.68405342102051 6.71444416046143 6.4681568145752 6.64322757720947 6.71241903305054 6.68784761428833 6.36618804931641 6.80161952972412 6.75895214080811 7.59721374511719 8.05408668518066 6.96192455291748 6.89282512664795 8.26058578491211 8.05859661102295
7.54665946960449 7.06881332397461 7.23493909835815 7.37692308425903 7.84806823730469 8.70722007751465 7.89933013916016 7.58041572570801 6.62586545944214 8.9784460067749 8.14880657196045 -3.4e+38 -3.4e+38 -3.4e+38 -3.4e+38 -3.4e+38 -3.4e+38 -3.4e+38 7.5678277015686 8.47990131378174 8.62313365936279 7.12907075881958 8.3887767791748 8.20519161224365 7.66186428070068 7.60995864868164 7.47302341461182 7.62109041213989 7.36089754104614 7.11663198471069 6.66926622390747 6.67694044113159 6.44929599761963 6.43527460098267 6.55443668365479 6.3039698600769 6.16870355606079 6.28812026977539 6.55570983886719 6.52340030670166 6.64708423614502 6.92075300216675 6.93953466415405 7.21595811843872 6.92322301864624 7.05657720565796 7.50629138946533 7.43480587005615 7.14109945297241 7.7605447769165 8.03635501861572
6.63181829452515 6.19043588638306 6.69782543182373 7.43304491043091 7.57414531707764 7.13305139541626 6.46212244033813 5.07097578048706 4.86313104629517 8.30827808380127 7.52191400527954 -3.4e+38 -3.4e+38 -3.4e+38 -3.4e+38 -3.4e+38 -3.4e+38 -3.4e+38 7.66518974304199 7.63248062133789 8.46767616271973 7.55489253997803 7.88490295410156 8.18154716491699 7.58668327331543 7.54530906677246 7.61018657684326 7.61645650863647 7.27501392364502 7.11200571060181 6.87028694152832 6.98905467987061 6.82724046707153 6.65775632858276 6.68085098266602 6.57058668136597 6.17745304107666 6.08491134643555 6.03242015838623 6.67956209182739 6.412757396698 6.66196155548096 6.46760988235474 6.34584760665894 6.6393609046936 6.67440128326416 7.4941554069519 7.75432682037354 7.68247032165527 7.45580196380615 7.70903778076172
6.57727336883545 6.14774894714355 6.7779426574707 7.41833925247192 7.56743621826172 4.53777933120728 4.55429553985596 4.48424863815308 4.88221979141235 7.05288934707642 8.45774555206299 7.86818313598633 -3.4e+38 -3.4e+38 -3.4e+38 -3.4e+38 -3.4e+38 6.28403568267822 5.74241209030151 6.21822261810303 9.4156436920166 8.21641445159912 7.66896772384644 7.73542356491089 7.70568656921387 7.53215312957764 7.37740516662598 7.57263803482056 7.12874889373779 7.14676141738892 6.78057146072388 7.00357055664062 6.81391620635986 6.94715785980225 6.52709054946899 6.36243391036987 6.00037145614624 5.98246192932129 6.49763631820679 6.66302490234375 6.65110731124878 6.28948974609375 6.32531356811523 7.08496475219727 7.07100772857666 6.98956346511841 7.45637130737305 7.53332138061523 7.30299472808838 7.51410484313965 7.52152824401855
6.88334798812866 6.03795146942139 -3.4e+38 -3.4e+38 6.95586061477661 5.03527402877808 5.80976343154907 4.08611106872559 4.96638679504395 9.44142913818359 8.23980045318604 -3.4e+38 -3.4e+38 -3.4e+38 -3.4e+38 -3.4e+38 -3.4e+38 4.6663990020752 3.88814210891724 7.97989273071289 9.71131801605225 8.5207052230835 7.8532919883728 7.73020124435425 7.98438262939453 7.37519121170044 7.49955940246582 7.76760053634644 7.13297748565674 6.85874176025391 6.60583543777466 6.95172166824341 6.72301816940308 6.76631927490234 6.73301315307617 6.17497396469116 6.029128074646 6.29633522033691 6.4377703666687 6.37968444824219 6.46790647506714 6.55835342407227 6.62098455429077 6.4899263381958 7.01932668685913 7.07970237731934 7.46978664398193 7.71574020385742 7.44959306716919 7.0101466178894 7.53001642227173
-3.4e+38 8.93807220458984 8.12171268463135 5.29982233047485 6.37806415557861 -3.4e+38 4.70976734161377 5.33538150787354 -3.4e+38 -3.4e+38 -3.4e+38 -3.4e+38 -3.4e+38 -3.4e+38 -3.4e+38 -3.4e+38 -3.4e+38 6.88118267059326 6.66667175292969 7.72731113433838 -3.4e+38 8.8601245880127 8.36473369598389 8.22867774963379 7.92218971252441 7.83903360366821 7.8204665184021 7.66828203201294 7.33366346359253 6.9977707862854 6.9975848197937 7.01840877532959 6.98719882965088 7.21099042892456 6.71564340591431 6.30450010299683 6.29969120025635 5.90421772003174 6.1024923324585 6.28732204437256 6.38856410980225 6.43892574310303 6.60744428634644 6.6125602722168 6.9973783493042 7.37132453918457 7.60325765609741 7.52402925491333 7.31510829925537 7.57277631759644 7.77048444747925
9.9525842666626 8.52613925933838 7.94314098358154 -3.4e+38 -3.4e+38 -3.4e+38 -3.4e+38 -3.4e+38 6.12492561340332 7.51142835617065 10.2087707519531 -3.4e+38 -3.4e+38 -3.4e+38 -3.4e+38 -3.4e+38 -3.4e+38 -3.4e+38 9.76964282989502 -3.4e+38 -3.4e+38 9.86599254608154 8.54031944274902 8.98741436004639 8.58438110351562 8.16850280761719 7.48991298675537 7.56685161590576 7.40607976913452 7.09957981109619 7.03096580505371 6.85671377182007 6.78288316726685 7.16369533538818 6.89445304870605 6.51929712295532 6.46674680709839 6.02482318878174 5.9662036895752 6.01229333877563 6.25716686248779 6.58133459091187 6.59035491943359 6.67579793930054 7.17646932601929 7.71018886566162 7.53388929367065 7.80241394042969 7.67681884765625 7.76914262771606 8.30253887176514
4.61988210678101 6.44728326797485 -3.4e+38 -3.4e+38 -3.4e+38 -3.4e+38 -3.4e+38 -3.4e+38 -3.4e+38 4.42206001281738 -3.4e+38 -3.4e+38 -3.4e+38 -3.4e+38 -3.4e+38 -3.4e+38 -3.4e+38 -3.4e+38 -3.4e+38 8.6506872177124 -3.4e+38 9.56927394866943 8.27535820007324 8.72323703765869 8.32057189941406 8.38462734222412 7.97772598266602 7.8302001953125 7.67683553695679 7.4817943572998 7.26649904251099 6.80547189712524 6.48554468154907 6.45495939254761 6.61565256118774 6.75750541687012 6.35970544815063 6.10258531570435 5.97801399230957 6.08065271377563 6.32376098632812 6.46699094772339 6.47619199752808 6.96404933929443 7.24343252182007 7.55303812026978 7.77715301513672 7.89208078384399 7.87515163421631 8.04318714141846 8.55387878417969
-3.4e+38 -3.4e+38 -3.4e+38 -3.4e+38 -3.4e+38 -3.4e+38 -3.4e+38 -3.4e+38 -3.4e+38 -3.4e+38 -3.4e+38 -3.4e+38 -3.4e+38 -3.4e+38 -3.4e+38 -3.4e+38 -3.4e+38 -3.4e+38 8.53478336334229 7.47121953964233 8.43545246124268 9.03107357025146 8.08030891418457 9.48741722106934 8.67367649078369 8.40406703948975 7.96098947525024 7.85460424423218 7.73754644393921 7.61183738708496 7.45082235336304 7.07205724716187 6.66584253311157 6.57347822189331 6.55099487304688 6.44829893112183 6.26821041107178 6.12467670440674 5.90443134307861 6.08135223388672 6.43829154968262 6.35961389541626 6.55245113372803 7.33607196807861 7.64071941375732 7.47837924957275 7.56433200836182 7.83491039276123 7.86495399475098 8.2412805557251 8.04287147521973
-3.4e+38 -3.4e+38 -3.4e+38 -3.4e+38 -3.4e+38 -3.4e+38 -3.4e+38 -3.4e+38 7.41110801696777 7.96253728866577 7.73265409469604 -3.4e+38 -3.4e+38 6.19267559051514 6.19267559051514 -3.4e+38 -3.4e+38 5.96796321868896 7.38366365432739 6.69231510162354 7.35391521453857 8.44261646270752 8.11614418029785 8.89589881896973 8.433837890625 7.17725563049316 7.57656812667847 7.60883474349976 7.35406637191772 7.24116706848145 7.43497657775879 7.22470808029175 6.7465181350708 6.3457818031311 6.3160080909729 5.80057287216187 5.91932773590088 6.16289520263672 5.77163410186768 6.29702663421631 6.49343490600586 6.6027193069458 6.61546325683594 7.40861892700195 7.44692134857178 7.37893390655518 7.56330442428589 7.84669494628906 7.80114269256592 8.11902046203613 8.21472644805908
-3.4e+38 -3.4e+38 8.92814922332764 8.13402366638184 9.48681259155273 -3.4e+38 -3.4e+38 -3.4e+38 -3.4e+38 8.34715175628662 8.26154232025146 9.12717437744141 -3.4e+38 -3.4e+38 -3.4e+38 -3.4e+38 5.64385986328125 6.7274022102356 7.41158103942871 7.18826961517334 8.25852489471436 8.61438465118408 -3.4e+38 -3.4e+38 -3.4e+38 8.3015604019165 8.07042598724365 7.00577783584595 8.60307884216309 7.74943399429321 7.62191200256348 7.12144947052002 6.43063354492188 6.15792989730835 6.33198690414429 5.74086141586304 6.44815731048584 6.44077205657959 6.23261690139771 6.41094064712524 6.3738169670105 6.66102457046509 6.98670434951782 7.29228353500366 7.05608701705933 7.68566560745239 7.79542684555054 7.76912212371826 7.49043750762939 7.56890106201172 7.80295419692993
-3.4e+38 -3.4e+38 8.42187976837158 6.09751605987549 7.02187442779541 7.59123468399048 8.71461772918701 9.46854686737061 3.93305730819702 -3.4e+38 5.69235801696777 -3.4e+38 -3.4e+38 7.01505422592163 -3.4e+38 9.21631622314453 6.59842681884766 6.33929395675659 7.36029434204102 6.85481119155884 7.16620397567749 8.143385887146 -3.4e+38 7.04248094558716 8.02212333679199 8.94716739654541 9.54226684570312 10.804407119751 9.03666019439697 7.91916084289551 7.48066759109497 7.38469791412354 7.40605592727661 6.18482446670532 5.972252368927 5.44764423370361 6.33071184158325 6.38985776901245 6.09340620040894 6.2581787109375 6.27907609939575 6.51494216918945 6.75066471099854 6.9254322052002 6.93877220153809 7.52246618270874 7.20876407623291 7.30784559249878 7.05226802825928 6.88109683990479 6.95754861831665
-3.4e+38 -3.4e+38 8.12261962890625 7.84951496124268 7.28562116622925 7.81508255004883 8.66312217712402 8.77762699127197 3.78544640541077 -3.4e+38 -3.4e+38 -3.4e+38 -3.4e+38 -3.4e+38 -3.4e+38 9.45376300811768 4.49009990692139 5.06828022003174 6.23433828353882 6.29896593093872 -3.4e+38 6.73211240768433 6.18136405944824 8.12199020385742 8.74462795257568 8.38642311096191 7.92973136901855 8.29269123077393 8.28591346740723 8.31640911102295 7.85163068771362 7.24326944351196 7.06654691696167 6.71587181091309 6.44699144363403 5.99414396286011 5.84371995925903 6.07349491119385 6.09029150009155 6.00966691970825 6.24132394790649 6.55614805221558 6.35628890991211 6.53869771957397 6.42299938201904 7.00020313262939 6.91122770309448 6.81611156463623 6.86295223236084 6.96982860565186 7.20592594146729
-3.4e+38 7.01609563827515 9.82782459259033 9.2488317489624 7.63961029052734 8.34567070007324 7.06297779083252 6.75686120986938 6.3863959312439 -3.4e+38 -3.4e+38 -3.4e+38 -3.4e+38 -3.4e+38 -3.4e+38 10.036789894104 -3.4e+38 6.01852464675903 6.24970483779907 5.23795747756958 6.31221675872803 6.96917247772217 7.13653755187988 8.33790683746338 7.44150447845459 7.36176443099976 7.89696645736694 7.92213010787964 7.71180248260498 7.45487308502197 6.79229879379272 6.60215902328491 6.49232864379883 6.14811658859253 5.86261987686157 5.72926616668701 5.3076376914978 6.142005443573 6.26831960678101 6.29494524002075 6.26530694961548 6.5932149887085 6.59783935546875 6.81250476837158 6.9725341796875 7.54766035079956 7.2911205291748 6.49500131607056 6.71098613739014 6.63173055648804 6.93488550186157
6.84827756881714 -3.4e+38 -3.4e+38 -3.4e+38 9.66660308837891 10.3076143264771 7.47775745391846 5.94450759887695 6.30116701126099 -3.4e+38 -3.4e+38 -3.4e+38 -3.4e+38 -3.4e+38 -3.4e+38 -3.4e+38 -3.4e+38 6.45379734039307 7.0047779083252 7.5854287147522 7.29214954376221 6.29243659973145 6.12121772766113 7.76591491699219 7.63860654830933 7.48572540283203 9.20197296142578 8.64614582061768 6.89119338989258 6.92283058166504 6.85759496688843 7.06820917129517 7.18346500396729 6.9860668182373 5.91838788986206 6.25329685211182 5.86085605621338 6.66240835189819 6.4196982383728 6.28387117385864 6.40167713165283 6.55521059036255 6.8647346496582 7.29269456863403 6.96014165878296 7.26149082183838 6.85695934295654 6.89323902130127 6.413649559021 6.76782321929932 6.66059255599976
7.56366491317749 8.49593734741211 -3.4e+38 6.83233308792114 7.66361474990845 8.89526653289795 8.28963184356689 6.56296825408936 6.47184801101685 6.61147212982178 4.28959369659424 7.51350545883179 -3.4e+38 -3.4e+38 8.29920196533203 -3.4e+38 6.01469612121582 7.07513093948364 7.05389213562012 7.73564958572388 6.92937088012695 6.83779287338257 7.49938344955444 7.19030570983887 6.52111291885376 6.87345027923584 7.33600378036499 6.91162967681885 7.1351203918457 7.06963586807251 7.22262573242188 7.14636945724487 6.76718235015869 6.8121395111084 5.98674440383911 5.44000816345215 5.87025690078735 6.9178147315979 6.411376953125 6.52500057220459 6.43202352523804 6.56500911712646 6.62329006195068 6.69893741607666 6.75403118133545 7.20852994918823 6.95540142059326 7.20157384872437 7.14771127700806 6.33669710159302 6.26172399520874
7.2240424156189 5.60431623458862 6.51457738876343 5.94046306610107 6.50015830993652 8.00593185424805 7.58959579467773 6.43544673919678 6.79475879669189 7.04731750488281 5.2841329574585 6.62788057327271 7.55047988891602 5.74930858612061 -3.4e+38 -3.4e+38 8.45089244842529 6.1506462097168 5.50052499771118 6.87500429153442 6.94317531585693 6.64623117446899 6.77790689468384 6.94161701202393 7.21054315567017 6.21836709976196 6.00468969345093 7.35109376907349 7.68948459625244 7.32778072357178 6.77897787094116 6.75571203231812 6.99795913696289 5.84658670425415 6.85002422332764 6.43169212341309 6.25933837890625 5.75926876068115 6.3528618812561 6.73063468933105 7.35521364212036 6.42430973052979 6.69789600372314 6.85885715484619 7.4155969619751 7.55071783065796 7.36958503723145 7.47581243515015 7.04612016677856 6.49634790420532 6.44472312927246
6.83306121826172 4.08875226974487 10.6779375076294 9.79572105407715 8.25165367126465 6.93259954452515 7.224928855896 7.56446075439453 4.70208406448364 6.72085189819336 7.04905700683594 4.48214101791382 9.32439422607422 -3.4e+38 -3.4e+38 11.6874542236328 6.84539318084717 6.25815725326538 5.93670701980591 7.93263387680054 7.71356010437012 6.81477499008179 6.93425226211548 7.16832065582275 7.31614351272583 6.08134937286377 6.28922748565674 6.4447226524353 7.65134286880493 7.32006120681763 7.06297636032104 7.79909133911133 7.34644269943237 6.34016895294189 6.391432762146 6.04163646697998 6.1811261177063 6.0584716796875 6.23698282241821 6.76693248748779 6.95406246185303 7.19498825073242 6.73972129821777 7.04341316223145 7.39237976074219 7.34902000427246 7.2556209564209 7.15313243865967 6.93804502487183 6.80593156814575 6.86838436126709
6.50219297409058 6.23361206054688 -3.4e+38 -3.4e+38 9.18468189239502 -3.4e+38 9.39290618896484 8.70332336425781 9.09456825256348 7.363600730896 5.42549848556519 7.7727198600769 7.25517320632935 6.7573356628418 7.95281219482422 5.76165723800659 6.73587131500244 6.49101781845093 6.45492887496948 -3.4e+38 6.77968263626099 7.0364818572998 6.48772001266479 7.57794666290283 6.95189809799194 6.76588344573975 6.98207187652588 7.00765037536621 7.7937183380127 7.76711320877075 7.40776014328003 8.17100238800049 8.21249580383301 6.44672966003418 6.07633972167969 5.66279363632202 5.88786888122559 6.08052921295166 6.31538915634155 6.45822048187256 6.45827865600586 6.97106122970581 6.61148834228516 6.87852764129639 7.16629219055176 7.01238870620728 7.12233448028564 7.01141881942749 6.76950550079346 7.1643500328064 6.8435115814209
6.35840129852295 6.94632196426392 7.08594799041748 6.62217283248901 -3.4e+38 -3.4e+38 9.39290618896484 6.16056966781616 7.20100975036621 7.016676902771 3.90288019180298 5.34627532958984 6.8819260597229 6.99532222747803 6.63558340072632 6.4624924659729 6.1496148109436 5.896399974823 5.39565277099609 -3.4e+38 7.87132740020752 5.86869955062866 6.72136211395264 6.09765529632568 7.24242830276489 6.26298141479492 6.85795879364014 7.14302110671997 7.71473407745361 7.63219833374023 8.15077304840088 7.40574407577515 7.07748556137085 6.47856950759888 6.09554767608643 5.61918544769287 6.01108264923096 6.40681886672974 6.09385776519775 6.36382865905762 7.32912588119507 7.76214361190796 7.07976770401001 6.90728425979614 6.98722553253174 7.18329620361328 7.47277450561523 7.05088329315186 6.89594602584839 7.39025783538818 7.09851980209351
7.01111125946045 7.2833399772644 7.03907251358032 7.82948589324951 -3.4e+38 -3.4e+38 -3.4e+38 -3.4e+38 8.42927169799805 7.25966644287109 4.4999885559082 4.78449296951294 6.74124956130981 7.39627981185913 7.8050856590271 7.19082927703857 7.20433950424194 6.33256101608276 4.24813747406006 -3.4e+38 8.26247692108154 6.78387832641602 6.510169506073 6.80670595169067 6.97869205474854 6.87341165542603 6.77537727355957 6.71077537536621 8.15517520904541 8.17355728149414 7.54436683654785 7.26948022842407 6.64895153045654 6.88321924209595 6.39908933639526 6.34424304962158 5.65709018707275 6.76586055755615 6.56455564498901 6.84776020050049 7.66310548782349 8.57757377624512 7.85533857345581 6.54825448989868 6.95453834533691 6.83360576629639 7.01627969741821 6.91037702560425 7.0040454864502 7.19139862060547 7.20938634872437
7.53374576568604 6.70818758010864 7.23090839385986 7.91850614547729 6.66408252716064 -3.4e+38 -3.4e+38 -3.4e+38 -3.4e+38 7.96192359924316 5.38480997085571 5.82278966903687 6.77458238601685 7.88313245773315 7.93129348754883 8.08927345275879 6.94638824462891 6.83859348297119 5.10583591461182 5.87720632553101 -3.4e+38 6.36119842529297 6.97873878479004 6.76193284988403 6.35555505752563 6.30398035049438 6.74145174026489 7.38277816772461 8.33477878570557 7.63629579544067 6.63275814056396 6.19969797134399 5.54361581802368 5.95266246795654 6.03303527832031 5.57883214950562 5.72162485122681 6.37275838851929 6.84428548812866 7.00689935684204 7.26624727249146 3.36540770530701 6.0474591255188 6.75512266159058 6.90690803527832 6.75382423400879 7.02515935897827 6.81088066101074 6.978196144104 6.85289096832275 7.25244379043579
