Ecospace-environmental-drivers/Outputs/ASCII-for-ecospace/ChlA/ChlA_X2009.07.asc
NCOLS 131 
NROWS 53 
XLLCORNER -98 
YLLCORNER 23.9265270233154 
CELLSIZE 0.133587792515755 
NODATA_value -3.4e+38 
[rows 0 to 20 of 53, columns 47 to 93 of 131]
-3.4e+38 -3.4e+38 -3.4e+38 -3.4e+38 -3.4e+38 -3.4e+38 -3.4e+38 -3.4e+38 -3.4e+38 -3.4e+38 -3.4e+38 -3.4e+38 -3.4e+38 -3.4e+38 -3.4e+38 -3.4e+38 -3.4e+38 -3.4e+38 -3.4e+38 -3.4e+38 -3.4e+38 -3.4e+38 -3.4e+38 -3.4e+38 -3.4e+38 -3.4e+38 -3.4e+38 -3.4e+38 -3.4e+38 -3.4e+38 -3.4e+38 -3.4e+38 -3.4e+38 -3.4e+38 -3.4e+38 -3.4e+38 -3.4e+38 -3.4e+38 -3.4e+38 -3.4e+38 -3.4e+38 -3.4e+38 -3.4e+38 -3.4e+38 -3.4e+38 -3.4e+38 -3.4e+38
-3.4e+38 -3.4e+38 -3.4e+38 -3.4e+38 -3.4e+38 -3.4e+38 -3.4e+38 -3.4e+38 -3.4e+38 -3.4e+38 -3.4e+38 -3.4e+38 -3.4e+38 -3.4e+38 -3.4e+38 -3.4e+38 -3.4e+38 -3.4e+38 -3.4e+38 -3.4e+38 -3.4e+38 -3.4e+38 -3.4e+38 -3.4e+38 -3.4e+38 -3.4e+38 -3.4e+38 -3.4e+38 -3.4e+38 -3.4e+38 -3.4e+38 -3.4e+38 -3.4e+38 -3.4e+38 -3.4e+38 -3.4e+38 -3.4e+38 -3.4e+38 -3.4e+38 -3.4e+38 -3.4e+38 -3.4e+38 -3.4e+38 -3.4e+38 -3.4e+38 -3.4e+38 -3.4e+38
-3.4e+38 -3.4e+38 -3.4e+38 -3.4e+38 -3.4e+38 -3.4e+38 -3.4e+38 -3.4e+38 -3.4e+38 -3.4e+38 -3.4e+38 -3.4e+38 -3.4e+38 -3.4e+38 -3.4e+38 -3.4e+38 -3.4e+38 -3.4e+38 -3.4e+38 -3.4e+38 -3.4e+38 -3.4e+38 -3.4e+38 -3.4e+38 -3.4e+38 -3.4e+38 -3.4e+38 -3.4e+38 -3.4e+38 -3.4e+38 -3.4e+38 -3.4e+38 -3.4e+38 -3.4e+38 -3.4e+38 -3.4e+38 -3.4e+38 -3.4e+38 -3.4e+38 -3.4e+38 -3.4e+38 -3.4e+38 -3.4e+38 -3.4e+38 -3.4e+38 -3.4e+38 -3.4e+38
-3.4e+38 -3.4e+38 -3.4e+38 -3.4e+38 -3.4e+38 -3.4e+38 -3.4e+38 -3.4e+38 -3.4e+38 -3.4e+38 -3.4e+38 -3.4e+38 -3.4e+38 -3.4e+38 -3.4e+38 -3.4e+38 -3.4e+38 -3.4e+38 -3.4e+38 -3.4e+38 -3.4e+38 -3.4e+38 -3.4e+38 -3.4e+38 -3.4e+38 -3.4e+38 -3.4e+38 -3.4e+38 -3.4e+38 -3.4e+38 -3.4e+38 -3.4e+38 -3.4e+38 -3.4e+38 -3.4e+38 -3.4e+38 -3.4e+38 -3.4e+38 -3.4e+38 -3.4e+38 -3.4e+38 -3.4e+38 -3.4e+38 -3.4e+38 -3.4e+38 -3.4e+38 -3.4e+38
-3.4e+38 -3.4e+38 -3.4e+38 -3.4e+38 -3.4e+38 -3.4e+38 -3.4e+38 -3.4e+38 -3.4e+38 -3.4e+38 -3.4e+38 -3.4e+38 -3.4e+38 -3.4e+38 -3.4e+38 -3.4e+38 -3.4e+38 -3.4e+38 -3.4e+38 -3.4e+38 -3.4e+38 -3.4e+38 -3.4e+38 -3.4e+38 -3.4e+38 -3.4e+38 -3.4e+38 167.445114135742 -3.4e+38 -3.4e+38 -3.4e+38 -3.4e+38 -3.4e+38 -3.4e+38 -3.4e+38 22.7164115905762 22.8469104766846 22.8169479370117 33.4307518005371 29.0734577178955 -3.4e+38 -3.4e+38 -3.4e+38 -3.4e+38 -3.4e+38 -3.4e+38 -3.4e+38
-3.4e+38 -3.4e+38 -3.4e+38 -3.4e+38 -3.4e+38 -3.4e+38 -3.4e+38 -3.4e+38 -3.4e+38 -3.4e+38 151.807144165039 147.78630065918 153.558792114258 -3.4e+38 -3.4e+38 -3.4e+38 -3.4e+38 -3.4e+38 145.34587097168 -3.4e+38 -3.4e+38 61.0619201660156 -3.4e+38 100.70369720459 119.481414794922 117.483848571777 114.525039672852 155.240127563477 141.987747192383 48.1974754333496 47.0152168273926 40.5440101623535 50.6931381225586 43.3734741210938 22.4038925170898 21.0124988555908 21.0399398803711 21.2060642242432 22.4867744445801 22.223913192749 20.4676856994629 20.7673034667969 20.4689788818359 -3.4e+38 -3.4e+38 -3.4e+38 -3.4e+38
-3.4e+38 -3.4e+38 -3.4e+38 -3.4e+38 -3.4e+38 -3.4e+38 -3.4e+38 -3.4e+38 -3.4e+38 155.246063232422 150.225250244141 139.835189819336 134.766525268555 147.531478881836 -3.4e+38 -3.4e+38 -3.4e+38 141.773056030273 142.694274902344 125.618041992188 96.6742630004883 69.5693817138672 63.3619232177734 72.0602951049805 77.96728515625 60.8362464904785 54.7379951477051 70.785758972168 51.305721282959 41.1901054382324 35.5070571899414 29.7076034545898 28.5387668609619 25.1742191314697 23.0105953216553 22.6536159515381 22.3856201171875 21.1024990081787 19.4591941833496 19.3283176422119 19.3931503295898 19.5771903991699 19.2528305053711 21.3359336853027 44.8131446838379 -3.4e+38 -3.4e+38
-3.4e+38 -3.4e+38 -3.4e+38 -3.4e+38 -3.4e+38 -3.4e+38 -3.4e+38 -3.4e+38 -3.4e+38 -3.4e+38 -3.4e+38 161.782852172852 147.673751831055 -3.4e+38 -3.4e+38 168.639419555664 -3.4e+38 -3.4e+38 -3.4e+38 140.873168945312 129.9267578125 111.624809265137 83.0944213867188 59.1997909545898 48.6137046813965 35.3181419372559 30.4215354919434 38.1228485107422 41.7752685546875 37.268928527832 31.336841583252 29.0647621154785 29.2054576873779 26.9377613067627 24.7944984436035 25.736047744751 25.4042892456055 24.1120910644531 22.2652931213379 21.6513042449951 20.6150035858154 20.7081356048584 20.1806755065918 20.0838203430176 22.7778778076172 25.6711387634277 -3.4e+38
-3.4e+38 -3.4e+38 -3.4e+38 -3.4e+38 -3.4e+38 -3.4e+38 -3.4e+38 -3.4e+38 -3.4e+38 -3.4e+38 -3.4e+38 -3.4e+38 -3.4e+38 -3.4e+38 -3.4e+38 -3.4e+38 -3.4e+38 -3.4e+38 109.059715270996 81.1309509277344 110.356330871582 110.251510620117 69.8410949707031 57.7896995544434 43.968807220459 29.544246673584 27.669605255127 28.4468879699707 31.0121841430664 31.866813659668 28.8015727996826 25.7017192840576 25.9578971862793 29.8775634765625 29.311580657959 27.3907432556152 26.7837753295898 25.642219543457 21.8009262084961 21.0132331848145 20.3305740356445 20.520881652832 20.2729110717773 20.2814121246338 20.4598503112793 21.4689655303955 32.0452766418457
-3.4e+38 -3.4e+38 -3.4e+38 -3.4e+38 -3.4e+38 -3.4e+38 -3.4e+38 -3.4e+38 -3.4e+38 -3.4e+38 -3.4e+38 -3.4e+38 -3.4e+38 -3.4e+38 -3.4e+38 -3.4e+38 -3.4e+38 -3.4e+38 113.122230529785 80.4871597290039 94.0198287963867 77.1925354003906 62.556884765625 58.7283973693848 47.5496635437012 30.687931060791 28.938684463501 27.6183624267578 26.8315086364746 28.0519008636475 28.0649585723877 27.5064487457275 28.6207599639893 35.9317283630371 33.2299461364746 27.5938167572021 25.7285804748535 25.7125759124756 23.7290534973145 21.6356143951416 21.5484180450439 21.6790866851807 20.1668682098389 19.9323062896729 19.9749908447266 20.3285636901855 23.1164569854736
168.737701416016 -3.4e+38 -3.4e+38 -3.4e+38 -3.4e+38 -3.4e+38 -3.4e+38 -3.4e+38 -3.4e+38 -3.4e+38 -3.4e+38 -3.4e+38 -3.4e+38 -3.4e+38 -3.4e+38 -3.4e+38 166.863632202148 175.043731689453 163.336730957031 136.963943481445 99.9811553955078 77.2677459716797 63.9643630981445 54.5752334594727 44.0230445861816 37.8630065917969 34.3901557922363 28.2398662567139 27.0339546203613 28.0811557769775 31.115213394165 33.976016998291 36.8856887817383 38.5392036437988 37.7539710998535 29.9639492034912 26.2953472137451 26.3515567779541 24.7134990692139 23.3436336517334 23.0626544952393 22.0045051574707 20.8167037963867 19.8371028900146 19.8820056915283 20.5443992614746 24.6491737365723
197.705093383789 -3.4e+38 -3.4e+38 -3.4e+38 -3.4e+38 -3.4e+38 -3.4e+38 -3.4e+38 -3.4e+38 -3.4e+38 -3.4e+38 -3.4e+38 -3.4e+38 -3.4e+38 -3.4e+38 -3.4e+38 173.471115112305 218.910064697266 187.001815795898 142.288543701172 136.301788330078 116.821380615234 91.408073425293 75.7956314086914 78.6213073730469 72.0911483764648 58.3285675048828 48.2430686950684 35.9779586791992 35.6480178833008 42.1814155578613 44.4269638061523 43.2651786804199 42.0129585266113 42.1266593933105 30.620532989502 26.0101280212402 26.4918594360352 25.4960823059082 23.6561393737793 22.7090148925781 23.1564655303955 21.6831531524658 20.8925724029541 20.0891819000244 21.2498874664307 22.6985759735107
270.30712890625 -3.4e+38 -3.4e+38 -3.4e+38 -3.4e+38 -3.4e+38 -3.4e+38 -3.4e+38 -3.4e+38 -3.4e+38 -3.4e+38 -3.4e+38 -3.4e+38 161.008087158203 179.081893920898 293.538024902344 -3.4e+38 -3.4e+38 -3.4e+38 139.036376953125 181.399215698242 162.72834777832 127.032066345215 102.041770935059 99.4741439819336 102.838645935059 86.4048690795898 57.0679206848145 51.379581451416 46.7084426879883 56.5824928283691 48.2759132385254 59.9895973205566 42.5499649047852 39.6067543029785 30.9918594360352 25.4668445587158 25.2422618865967 24.8466529846191 24.2707710266113 23.5714130401611 23.5368213653564 23.7567081451416 22.5743408203125 20.1697692871094 19.7108287811279 19.3483562469482
167.633972167969 244.88232421875 153.663116455078 270.526947021484 225.014266967773 190.866958618164 -3.4e+38 -3.4e+38 162.894012451172 159.684936523438 122.204574584961 -3.4e+38 105.578636169434 131.285598754883 131.692825317383 176.351623535156 268.361663818359 -3.4e+38 -3.4e+38 271.620422363281 219.140380859375 177.886489868164 133.103240966797 108.203552246094 87.4465026855469 81.8365325927734 69.8430404663086 61.5080528259277 52.8849716186523 48.6564598083496 61.909236907959 49.0402870178223 38.6299629211426 35.4173736572266 29.887752532959 24.9883918762207 24.4125785827637 22.3949146270752 22.327657699585 22.4081802368164 22.775598526001 24.47483253479 26.6082515716553 21.4278812408447 20.2226829528809 19.9446754455566 19.3396186828613
83.3266143798828 102.720222473145 154.698059082031 230.231719970703 193.122329711914 184.934356689453 137.66943359375 142.396636962891 135.497467041016 121.13939666748 112.68531036377 99.5915145874023 93.9880905151367 85.8800354003906 91.7469329833984 135.336624145508 172.145889282227 220.441497802734 -3.4e+38 122.97029876709 180.818145751953 132.06689453125 113.803764343262 91.5279388427734 86.4050064086914 77.8179244995117 61.3219909667969 53.4761619567871 49.6751556396484 44.103458404541 46.8103675842285 45.0274391174316 44.0432205200195 32.8311500549316 26.8215370178223 23.677116394043 24.1908531188965 22.2951889038086 22.4400787353516 24.1237716674805 23.3409366607666 24.4626655578613 26.1515865325928 23.3790550231934 24.4290676116943 24.0128955841064 19.3024864196777
52.08154296875 58.0492286682129 91.9448089599609 125.366607666016 132.461730957031 136.194976806641 125.256896972656 118.011711120605 113.38304901123 104.877365112305 98.2817687988281 82.8364410400391 71.7617874145508 66.7314605712891 60.5872497558594 70.9694290161133 121.791450500488 149.388458251953 169.827728271484 133.678939819336 119.866516113281 105.768081665039 88.6816253662109 78.9388580322266 78.0061340332031 76.8974304199219 57.4396286010742 47.1649055480957 45.3587303161621 44.1798934936523 45.6864929199219 41.5339012145996 35.9407081604004 30.7260990142822 24.3671379089355 22.5566387176514 22.9304161071777 22.1198329925537 22.2998828887939 31.8842544555664 22.4859943389893 21.7437782287598 26.2781887054443 27.3775367736816 26.9357166290283 24.2175922393799 20.1606407165527
38.5842819213867 42.6647682189941 53.638988494873 74.6524429321289 86.9221878051758 96.4441146850586 102.288246154785 110.678009033203 108.798141479492 89.5864334106445 82.1569061279297 72.1763076782227 66.1664962768555 62.8581924438477 61.8861351013184 52.4891700744629 59.8982810974121 93.8220977783203 115.788772583008 109.629959106445 93.6411285400391 80.9767532348633 66.4187850952148 73.9995727539062 69.0725021362305 61.5850219726562 48.8043174743652 43.3618278503418 36.4815063476562 27.7952499389648 29.460823059082 28.754186630249 27.034948348999 25.2422409057617 22.1312713623047 23.9991092681885 22.1830501556396 26.4208984375 26.8915672302246 23.6699371337891 22.0818767547607 21.4700031280518 22.1023597717285 22.0855369567871 21.491096496582 20.5379238128662 20.5154495239258
32.0128860473633 32.7197456359863 35.6319999694824 44.9814834594727 59.5592422485352 81.8480682373047 93.1788940429688 94.166618347168 87.4237976074219 72.5001831054688 64.1721115112305 61.440357208252 62.3425369262695 65.4604721069336 60.4498863220215 52.6431083679199 59.9452857971191 62.8516998291016 76.0415344238281 74.2948913574219 77.9601593017578 57.9487266540527 54.1397933959961 62.1741943359375 55.8924331665039 44.008544921875 38.1572532653809 31.7034854888916 27.1469535827637 19.84202003479 16.1724872589111 19.6387271881104 19.7576007843018 19.1982307434082 20.447811126709 25.265323638916 22.7160224914551 23.8990707397461 23.3155765533447 22.257568359375 22.0786037445068 21.5758895874023 20.68674659729 20.908805847168 21.0892238616943 20.5552978515625 20.0127410888672
28.699146270752 32.5639343261719 35.519603729248 37.5438652038574 40.6104621887207 49.1804122924805 50.6055450439453 50.2220993041992 60.7680206298828 54.3530426025391 50.1427764892578 51.7914619445801 60.7011222839355 62.1148338317871 52.417121887207 50.6853103637695 66.1000213623047 53.3613510131836 51.419059753418 47.2731666564941 50.5045471191406 40.302318572998 65.8003005981445 76.8884124755859 60.0192985534668 39.3796577453613 29.5055828094482 28.5548686981201 22.6572132110596 24.9210815429688 19.1477489471436 17.1709442138672 16.6561832427979 18.3658332824707 19.3314323425293 19.3191604614258 20.5768356323242 21.4867095947266 21.0331611633301 21.3167533874512 22.0092697143555 20.5488147735596 19.2674121856689 19.5731678009033 20.0704383850098 19.740478515625 18.9207935333252
25.9299755096436 28.0331649780273 32.1741600036621 31.9763946533203 32.1295700073242 34.2441482543945 36.1655464172363 40.8688087463379 39.0920906066895 43.8022499084473 42.7842636108398 48.7194366455078 37.3371696472168 35.519905090332 47.7177429199219 50.309513092041 41.5739860534668 33.5406951904297 38.238826751709 36.6228942871094 42.0268096923828 50.7820358276367 54.815746307373 30.1703643798828 37.3986053466797 39.9413146972656 22.0775833129883 23.8577365875244 24.251838684082 24.9225063323975 20.939920425415 17.7907867431641 17.1843280792236 16.4931774139404 17.7261867523193 18.5978031158447 19.687406539917 20.2833938598633 20.3579788208008 20.9794960021973 20.6754493713379 19.207145690918 17.8201332092285 18.1024799346924 18.5049152374268 17.8914241790771 18.0110530853271
26.2371444702148 25.8212280273438 25.848819732666 29.9996337890625 32.6268882751465 31.1330814361572 31.6204490661621 32.0262908935547 32.0242042541504 40.9863967895508 37.0801620483398 40.8765335083008 51.6474876403809 39.4391746520996 31.5189018249512 66.4756240844727 66.1856689453125 42.127742767334 31.8864116668701 31.0859699249268 32.231632232666 33.3285255432129 32.9994506835938 47.0704002380371 49.2992134094238 46.2906951904297 43.3517951965332 34.4801788330078 25.8763980865479 20.2571506500244 19.1812229156494 17.2812480926514 16.1646480560303 15.8063497543335 16.5382423400879 17.818489074707 19.0651168823242 19.4698352813721 20.0511608123779 19.7323722839355 18.3251476287842 17.5793743133545 16.8104381561279 16.6054859161377 16.5374183654785 16.4429626464844 16.6543788909912
