Ecospace-environmental-drivers/Outputs/ASCII-for-ecospace/ChlA/ChlA_X2021.08.asc
NCOLS 131 
NROWS 53 
XLLCORNER -98 
YLLCORNER 23.9265270233154 
CELLSIZE 0.133587792515755 
NODATA_value -3.4e+38 
[rows 0 to 20 of 53, columns 47 to 93 of 131]
-3.4e+38 -3.4e+38 -3.4e+38 -3.4e+38 -3.4e+38 -3.4e+38 -3.4e+38 -3.4e+38 -3.4e+38 -3.4e+38 -3.4e+38 -3.4e+38 -3.4e+38 -3.4e+38 -3.4e+38 -3.4e+38 -3.4e+38 -3.4e+38 -3.4e+38 -3.4e+38 -3.4e+38 -3.4e+38 -3.4e+38 -3.4e+38 -3.4e+38 -3.4e+38 -3.4e+38 -3.4e+38 -3.4e+38 -3.4e+38 -3.4e+38 -3.4e+38 -3.4e+38 -3.4e+38 -3.4e+38 -3.4e+38 -3.4e+38 -3.4e+38 -3.4e+38 -3.4e+38 -3.4e+38 -3.4e+38 -3.4e+38 -3.4e+38 -3.4e+38 -3.4e+38 -3.4e+38
-3.4e+38 -3.4e+38 -3.4e+38 -3.4e+38 -3.4e+38 -3.4e+38 -3.4e+38 -3.4e+38 -3.4e+38 -3.4e+38 -3.4e+38 -3.4e+38 -3.4e+38 -3.4e+38 -3.4e+38 -3.4e+38 -3.4e+38 -3.4e+38 -3.4e+38 -3.4e+38 -3.4e+38 -3.4e+38 -3.4e+38 -3.4e+38 -3.4e+38 -3.4e+38 -3.4e+38 -3.4e+38 -3.4e+38 -3.4e+38 -3.4e+38 -3.4e+38 -3.4e+38 -3.4e+38 -3.4e+38 -3.4e+38 -3.4e+38 -3.4e+38 -3.4e+38 -3.4e+38 -3.4e+38 -3.4e+38 -3.4e+38 -3.4e+38 -3.4e+38 -3.4e+38 -3.4e+38
-3.4e+38 -3.4e+38 -3.4e+38 -3.4e+38 -3.4e+38 -3.4e+38 -3.4e+38 -3.4e+38 -3.4e+38 -3.4e+38 -3.4e+38 -3.4e+38 -3.4e+38 -3.4e+38 -3.4e+38 -3.4e+38 -3.4e+38 -3.4e+38 -3.4e+38 -3.4e+38 -3.4e+38 -3.4e+38 -3.4e+38 -3.4e+38 -3.4e+38 -3.4e+38 -3.4e+38 -3.4e+38 -3.4e+38 -3.4e+38 -3.4e+38 -3.4e+38 -3.4e+38 -3.4e+38 -3.4e+38 -3.4e+38 -3.4e+38 -3.4e+38 -3.4e+38 -3.4e+38 -3.4e+38 -3.4e+38 -3.4e+38 -3.4e+38 -3.4e+38 -3.4e+38 -3.4e+38
-3.4e+38 -3.4e+38 -3.4e+38 -3.4e+38 -3.4e+38 -3.4e+38 -3.4e+38 -3.4e+38 -3.4e+38 -3.4e+38 -3.4e+38 -3.4e+38 -3.4e+38 -3.4e+38 -3.4e+38 -3.4e+38 -3.4e+38 -3.4e+38 -3.4e+38 -3.4e+38 -3.4e+38 -3.4e+38 -3.4e+38 -3.4e+38 -3.4e+38 -3.4e+38 -3.4e+38 -3.4e+38 -3.4e+38 -3.4e+38 -3.4e+38 -3.4e+38 -3.4e+38 -3.4e+38 -3.4e+38 -3.4e+38 -3.4e+38 -3.4e+38 -3.4e+38 -3.4e+38 -3.4e+38 -3.4e+38 -3.4e+38 -3.4e+38 -3.4e+38 -3.4e+38 -3.4e+38
-3.4e+38 -3.4e+38 -3.4e+38 -3.4e+38 -3.4e+38 -3.4e+38 -3.4e+38 -3.4e+38 -3.4e+38 -3.4e+38 204.599914550781 296.375427246094 -3.4e+38 -3.4e+38 -3.4e+38 -3.4e+38 -3.4e+38 -3.4e+38 -3.4e+38 163.72021484375 166.642379760742 149.818344116211 203.957946777344 -3.4e+38 120.824989318848 199.351181030273 -3.4e+38 115.722274780273 221.047576904297 -3.4e+38 -3.4e+38 -3.4e+38 -3.4e+38 45.9969940185547 42.4771919250488 33.3910636901855 29.9949989318848 35.1672172546387 33.0570373535156 31.26247215271 27.409782409668 40.991325378418 -3.4e+38 -3.4e+38 -3.4e+38 -3.4e+38 -3.4e+38
-3.4e+38 -3.4e+38 -3.4e+38 -3.4e+38 -3.4e+38 -3.4e+38 -3.4e+38 -3.4e+38 315.375854492188 259.602264404297 208.34033203125 252.510467529297 223.463928222656 150.872222900391 -3.4e+38 -3.4e+38 125.349578857422 117.830116271973 132.115417480469 129.886840820312 112.822944641113 122.976066589355 149.186645507812 115.174911499023 110.207260131836 130.184432983398 137.921096801758 126.351821899414 204.903060913086 117.540031433105 144.630035400391 158.317230224609 66.4932632446289 53.3932151794434 41.7979774475098 36.5405387878418 35.8006324768066 35.5566749572754 31.6092128753662 27.2438831329346 26.9483795166016 31.6882610321045 30.6363201141357 43.3502731323242 -3.4e+38 -3.4e+38 -3.4e+38
-3.4e+38 -3.4e+38 -3.4e+38 -3.4e+38 -3.4e+38 -3.4e+38 -3.4e+38 -3.4e+38 -3.4e+38 265.188415527344 261.425933837891 232.038345336914 213.289199829102 178.61750793457 -3.4e+38 115.638229370117 124.590789794922 123.317268371582 126.875122070312 119.028457641602 104.803123474121 85.138786315918 74.3684463500977 71.4373779296875 71.8706741333008 73.861457824707 80.5802841186523 76.309326171875 76.0504150390625 68.3379364013672 58.3316116333008 52.197093963623 43.2954788208008 44.2671241760254 42.2999839782715 38.9751281738281 38.1366271972656 35.7875022888184 30.5789604187012 27.564977645874 26.6673126220703 26.420093536377 30.3446311950684 47.9408950805664 55.8245582580566 59.9796295166016 -3.4e+38
-3.4e+38 -3.4e+38 -3.4e+38 -3.4e+38 -3.4e+38 -3.4e+38 -3.4e+38 -3.4e+38 -3.4e+38 -3.4e+38 269.605926513672 257.303680419922 230.713668823242 162.92546081543 128.313125610352 130.812545776367 114.237777709961 140.237442016602 142.730392456055 136.47444152832 115.838447570801 96.9241561889648 69.1914443969727 50.2569580078125 49.3188514709473 49.859790802002 48.2692260742188 44.9306259155273 43.9040107727051 46.6219139099121 42.2184371948242 41.5694160461426 40.1218528747559 37.1717109680176 30.35910987854 29.9517688751221 32.2149353027344 33.7513275146484 31.9355487823486 28.9663238525391 30.8762664794922 25.8013401031494 26.386531829834 44.0032196044922 52.8108901977539 42.7360801696777 61.7533493041992
-3.4e+38 -3.4e+38 -3.4e+38 -3.4e+38 -3.4e+38 -3.4e+38 -3.4e+38 -3.4e+38 -3.4e+38 -3.4e+38 -3.4e+38 -3.4e+38 -3.4e+38 -3.4e+38 -3.4e+38 203.334564208984 -3.4e+38 -3.4e+38 149.427856445312 150.382843017578 111.765312194824 98.1955261230469 60.7448310852051 39.3542938232422 37.0586853027344 35.6574325561523 37.8815269470215 35.5313110351562 25.7859516143799 31.8276748657227 38.9029693603516 31.4551429748535 25.1915245056152 23.8158569335938 23.1805057525635 24.2781352996826 25.0880813598633 25.184154510498 27.3046131134033 26.2642421722412 28.9597415924072 25.3643035888672 21.3452701568604 24.0348434448242 41.7418594360352 39.633975982666 52.5190773010254
120.451110839844 -3.4e+38 -3.4e+38 -3.4e+38 -3.4e+38 -3.4e+38 -3.4e+38 -3.4e+38 -3.4e+38 -3.4e+38 -3.4e+38 -3.4e+38 -3.4e+38 -3.4e+38 -3.4e+38 -3.4e+38 -3.4e+38 191.968215942383 177.550369262695 140.092269897461 114.058319091797 84.453987121582 49.4284324645996 40.2559242248535 31.5607280731201 27.9721660614014 31.1682376861572 29.1739616394043 26.1951675415039 31.412525177002 32.5807609558105 24.2244319915771 22.9689311981201 22.5487747192383 22.533052444458 22.5451564788818 22.833158493042 23.7699794769287 26.4023113250732 27.2035465240479 27.3781070709229 22.6950607299805 20.4904403686523 22.5382499694824 29.709451675415 30.5896892547607 53.5536231994629
129.119522094727 139.040008544922 -3.4e+38 -3.4e+38 -3.4e+38 -3.4e+38 -3.4e+38 -3.4e+38 -3.4e+38 -3.4e+38 -3.4e+38 -3.4e+38 -3.4e+38 -3.4e+38 -3.4e+38 189.469955444336 216.848495483398 196.345672607422 170.540878295898 130.396011352539 96.2296829223633 58.5563163757324 42.5890121459961 39.6854515075684 30.0116214752197 25.3431835174561 25.33180809021 25.5428199768066 25.5011882781982 30.4331531524658 25.0739212036133 22.5068206787109 21.3131618499756 20.7148456573486 20.8982448577881 21.0659236907959 21.5320816040039 23.1442947387695 26.1891975402832 27.545690536499 24.0659885406494 21.4269618988037 20.6309299468994 23.3000354766846 34.8825340270996 44.4665031433105 58.6690254211426
165.983810424805 151.819366455078 129.056625366211 -3.4e+38 -3.4e+38 -3.4e+38 -3.4e+38 -3.4e+38 -3.4e+38 -3.4e+38 -3.4e+38 -3.4e+38 -3.4e+38 157.874847412109 272.883666992188 -3.4e+38 211.182907104492 177.902938842773 175.598388671875 115.143508911133 72.3917770385742 47.3577880859375 37.8848075866699 43.2576751708984 33.2080726623535 25.3240814208984 27.6662120819092 29.1771392822266 26.4106693267822 28.2855472564697 25.7293891906738 21.8826160430908 20.3833198547363 21.0562801361084 20.7194728851318 21.7845916748047 20.7261867523193 20.6604862213135 22.0806789398193 23.8289070129395 23.1173133850098 20.9623756408691 20.2143306732178 20.4869003295898 25.6711959838867 41.7830619812012 48.8821487426758
143.292037963867 153.468444824219 148.730575561523 160.571334838867 -3.4e+38 -3.4e+38 -3.4e+38 -3.4e+38 -3.4e+38 -3.4e+38 -3.4e+38 -3.4e+38 160.110092163086 167.778610229492 222.347732543945 250.117050170898 -3.4e+38 157.86540222168 179.909271240234 122.173484802246 66.2619247436523 28.8606872558594 31.6093559265137 25.3763866424561 25.0822105407715 23.72633934021 23.2204151153564 24.1494998931885 22.4167766571045 23.901782989502 24.7195148468018 21.9648303985596 21.2591152191162 21.2125968933105 20.7238006591797 20.5962409973145 21.5967674255371 21.1034736633301 20.4212188720703 20.8333683013916 20.4533882141113 20.5766429901123 21.1965007781982 20.3734111785889 20.1705112457275 23.1931056976318 32.793758392334
93.4750137329102 111.027816772461 136.755798339844 140.959045410156 148.845199584961 115.980583190918 -3.4e+38 111.246627807617 133.074859619141 137.363311767578 143.179351806641 109.104209899902 126.260101318359 136.020492553711 139.623443603516 167.024688720703 188.029052734375 177.244567871094 -3.4e+38 175.276397705078 133.970336914062 56.0092010498047 21.1912517547607 19.0474987030029 18.5889358520508 18.1854209899902 18.7795085906982 20.0386352539062 23.2597064971924 25.4988555908203 26.7488059997559 23.5359516143799 22.1628818511963 20.9363784790039 20.2051582336426 20.7062072753906 21.6415195465088 22.1989631652832 21.0294322967529 20.4538021087646 19.3258056640625 21.6888771057129 21.2281227111816 19.7639083862305 19.0122089385986 19.2548313140869 19.9468078613281
74.5082168579102 97.5489959716797 104.549911499023 115.262359619141 111.191299438477 114.278755187988 98.3923873901367 96.1096725463867 94.6633224487305 97.7689666748047 101.883178710938 98.4176406860352 93.4559020996094 94.5514907836914 89.1378784179688 98.9875411987305 146.005523681641 163.488906860352 -3.4e+38 177.40299987793 123.452217102051 78.2581329345703 25.6709499359131 18.0746173858643 37.5825843811035 44.6384162902832 23.3751010894775 18.695671081543 28.801155090332 29.6921920776367 31.2978534698486 26.4886264801025 21.9128742218018 21.0778465270996 21.4464015960693 21.2521152496338 20.4282093048096 21.1447925567627 20.4892120361328 19.6596240997314 18.5884113311768 19.8437576293945 18.8585376739502 18.9710865020752 18.5501346588135 18.5416870117188 17.7722263336182
59.2727851867676 67.150749206543 86.1343383789062 92.539436340332 92.1722030639648 89.221305847168 86.6502151489258 93.1155700683594 86.1703262329102 71.2666625976562 47.0586814880371 53.3597259521484 66.2089157104492 64.2854690551758 68.2941131591797 82.849235534668 116.457695007324 140.134643554688 147.592742919922 123.085220336914 58.7766876220703 22.2732200622559 17.4179992675781 25.6971588134766 22.3716449737549 39.1557922363281 20.0084419250488 18.6692161560059 20.260461807251 22.2357807159424 25.9068241119385 23.8878479003906 23.7278442382812 23.6981048583984 24.0664691925049 21.7385444641113 22.335111618042 21.6022300720215 21.6992435455322 19.2578449249268 19.1515884399414 18.892936706543 18.8982124328613 19.5943813323975 18.7363395690918 17.3064727783203 16.8460731506348
56.5650253295898 56.7152290344238 62.930736541748 76.5414962768555 82.6742935180664 79.3183975219727 70.9475784301758 65.0855865478516 58.5309562683105 60.1162528991699 34.5427322387695 29.4065418243408 30.4345893859863 38.5531959533691 48.3570175170898 78.6737670898438 85.0704650878906 135.257217407227 81.4919128417969 37.5834693908691 23.7732067108154 14.210334777832 14.2726984024048 15.2361326217651 13.6870498657227 13.4046087265015 23.3858680725098 14.4538164138794 15.3164110183716 22.1864681243896 20.6056613922119 22.2414455413818 23.1084041595459 22.2365303039551 21.0195465087891 20.6907596588135 22.2130870819092 23.8954601287842 21.205171585083 18.4813442230225 18.0034065246582 17.8501605987549 18.0988006591797 19.608470916748 19.9055156707764 18.6461277008057 17.8893127441406
47.5336151123047 53.4825401306152 55.2076759338379 61.8503227233887 71.8198852539062 70.66943359375 67.8584518432617 58.8191833496094 53.8396453857422 58.5025177001953 39.9532203674316 34.0844612121582 21.6789112091064 38.9722862243652 40.6366500854492 21.9463176727295 19.4857044219971 29.5506210327148 28.2688465118408 19.7372741699219 15.7137842178345 13.7329473495483 13.6972818374634 13.1528635025024 13.9473829269409 19.3042526245117 13.4489946365356 13.5041971206665 15.3720235824585 23.6970672607422 15.401707649231 15.31662940979 17.7049446105957 20.4533195495605 22.7366561889648 19.3675842285156 19.2860641479492 22.5029487609863 23.6499538421631 18.58327293396 17.9677543640137 17.5268325805664 18.9823818206787 19.7278079986572 19.5014247894287 19.0099086761475 18.3516788482666
38.664722442627 46.1830253601074 45.6175842285156 48.7798538208008 54.5674896240234 54.0142555236816 56.168083190918 63.5498428344727 64.8889694213867 90.8123016357422 63.6217079162598 42.7448310852051 16.3769683837891 27.7183170318604 20.2855739593506 15.7573432922363 14.5986070632935 15.7661991119385 15.130669593811 15.6404790878296 20.1555366516113 14.9057865142822 13.4769153594971 13.4286670684814 12.6722745895386 12.2608318328857 13.2990999221802 15.3898324966431 12.3498477935791 13.0639953613281 14.4833402633667 13.9790830612183 12.7572422027588 15.6112060546875 18.5604724884033 13.9363737106323 17.7796974182129 20.574893951416 24.6317806243896 19.0958118438721 17.4789447784424 17.9984550476074 18.2912635803223 18.9505252838135 19.156192779541 17.9205780029297 18.0139408111572
33.5501480102539 39.092170715332 43.5100746154785 44.6852836608887 50.1599540710449 48.7303123474121 46.3106651306152 50.8551177978516 61.0550918579102 88.1766967773438 66.2973480224609 43.2583656311035 15.1584806442261 19.9522323608398 15.8897037506104 14.7207927703857 16.9982376098633 17.8711795806885 19.0088710784912 31.0916767120361 37.5929412841797 13.8124179840088 11.3062543869019 11.2680902481079 11.0687246322632 11.5206861495972 12.4632635116577 11.5295991897583 12.1658945083618 14.4622106552124 15.9428234100342 15.6448640823364 14.3731632232666 13.2826137542725 13.5255460739136 13.6899929046631 18.7413959503174 23.4164638519287 24.1272048950195 19.6790580749512 18.8314762115479 17.6688041687012 17.2450504302979 18.1154956817627 17.6401481628418 17.9998111724854 18.074499130249
29.0123920440674 29.7407150268555 32.1541366577148 34.0183143615723 38.4317016601562 41.2152671813965 44.5807228088379 53.0799407958984 49.6972579956055 44.1687698364258 29.7649936676025 18.1987323760986 18.1207885742188 15.3991241455078 15.7859621047974 17.1137943267822 17.7402935028076 19.2350120544434 18.8790473937988 23.8543720245361 22.9903583526611 10.8670434951782 11.5633344650269 11.3368330001831 10.439923286438 11.263463973999 10.9598903656006 10.5211229324341 10.9836149215698 11.4077005386353 11.7874126434326 43.3154144287109 38.4163208007812 18.6317596435547 15.134804725647 15.8350276947021 26.8983745574951 29.0996112823486 25.1430149078369 30.0123977661133 19.9095649719238 17.9599475860596 17.0047016143799 16.3314456939697 16.6314640045166 17.0712852478027 17.6450805664062
