Ecospace-environmental-drivers/Outputs/ASCII-for-ecospace/ChlA/ChlA_X2017.12.asc
NCOLS 131 
NROWS 53 
XLLCORNER -98 
YLLCORNER 23.9265270233154 
CELLSIZE 0.133587792515755 
NODATA_value -3.4e+38 
[rows 21 to 41 of 53, columns 47 to 93 of 131]
12.2129831314087 12.7834510803223 12.7823715209961 13.1553649902344 12.349681854248 12.346794128418 12.5179195404053 11.8236227035522 12.3133745193481 12.8168029785156 12.3495941162109 11.9655447006226 11.8602886199951 11.1935453414917 11.0424909591675 10.751335144043 10.7581310272217 10.733736038208 10.2983827590942 10.2342805862427 10.5244054794312 9.9708251953125 9.99217700958252 9.98720836639404 10.4606981277466 9.95796298980713 10.3404960632324 10.6820182800293 10.2357120513916 10.2831325531006 10.2416725158691 10.3363056182861 10.3645038604736 10.4623823165894 10.5448093414307 10.2585592269897 10.0618057250977 10.2782649993896 10.4799814224243 10.4887781143188 10.5015382766724 10.5376100540161 10.5904092788696 10.2237558364868 10.0810079574585 10.215747833252 9.98508930206299
12.387806892395 12.0526533126831 11.5220069885254 11.5024423599243 11.5385427474976 11.624659538269 11.4625549316406 11.3448076248169 11.9716873168945 11.6227540969849 11.7208614349365 11.4190998077393 11.4987325668335 11.3331212997437 11.1438026428223 10.9117193222046 11.2101211547852 11.0725145339966 10.9160242080688 10.6167659759521 10.6383180618286 10.0537919998169 10.4529037475586 10.0450534820557 9.68442916870117 9.76233100891113 9.9588680267334 9.88507175445557 9.83996105194092 10.1725902557373 10.1983766555786 10.1908550262451 10.2707214355469 10.0399551391602 10.097243309021 10.0709142684937 10.0017709732056 10.3684301376343 10.5710601806641 10.5573482513428 10.3888788223267 10.4971570968628 10.6072683334351 10.2662963867188 10.1557846069336 9.77474784851074 9.68801689147949
11.2887315750122 11.5125112533569 11.1883630752563 10.9059543609619 10.8457431793213 10.8609685897827 11.3651714324951 11.9424104690552 12.0674295425415 11.8179883956909 12.0489196777344 12.147008895874 12.0373792648315 11.7412548065186 11.1929836273193 11.8347721099854 11.1781988143921 10.8000030517578 10.5998306274414 10.5272397994995 10.4051418304443 9.5705509185791 9.35443496704102 9.50814056396484 9.4998197555542 9.7593412399292 9.89052581787109 9.77241516113281 10.4175300598145 10.2762718200684 9.93603420257568 9.33390426635742 9.61996459960938 10.0228462219238 10.1720752716064 9.85861206054688 9.58272743225098 9.85956382751465 9.90838718414307 10.6225395202637 10.2561111450195 10.1212015151978 10.01979637146 10.0120048522949 9.97535991668701 10.2146987915039 9.72682857513428
10.984522819519 11.1669216156006 11.3651065826416 11.1432905197144 10.7268056869507 10.7901382446289 11.46812915802 11.7035579681396 11.9642906188965 12.3159627914429 11.6746072769165 12.1178874969482 11.8746910095215 11.4776058197021 12.2083187103271 11.7195081710815 10.9854230880737 10.2772035598755 10.2274265289307 10.098424911499 9.94163417816162 8.74367427825928 9.0593376159668 9.58906650543213 9.84212112426758 9.99921131134033 10.1168794631958 10.1192493438721 9.98705387115479 10.1549758911133 9.92645835876465 9.73194122314453 9.61027526855469 10.0465955734253 9.91501998901367 10.0256376266479 9.93321323394775 9.83302783966064 9.76317596435547 10.1415367126465 9.96528911590576 10.1810607910156 9.84156799316406 10.0770349502563 10.252423286438 9.86704444885254 9.71134853363037
11.0154390335083 11.5507316589355 11.6521806716919 11.1142654418945 10.8552503585815 10.8821821212769 10.949366569519 10.9181127548218 11.1176767349243 11.4279069900513 11.2179441452026 11.8573026657104 11.3704996109009 11.2804927825928 11.6020812988281 11.1021108627319 11.0767545700073 10.787938117981 10.5211849212646 9.94713497161865 9.97310543060303 9.70969486236572 9.22554302215576 9.84257316589355 9.85986328125 9.99584293365479 10.0078401565552 9.46493721008301 8.94113922119141 9.57020473480225 9.86890029907227 9.93807697296143 9.69143390655518 9.92629241943359 9.5689868927002 9.56882095336914 9.88337326049805 9.70968437194824 9.66368675231934 9.73312282562256 9.60913562774658 10.1932287216187 10.2642669677734 9.84974670410156 9.87976837158203 9.68822765350342 9.75535011291504
10.5651702880859 10.9066095352173 11.0633935928345 11.0016012191772 11.0894212722778 10.923041343689 10.5074806213379 10.2537755966187 10.6406574249268 10.6383037567139 11.0103511810303 10.5796575546265 10.5748815536499 10.9780197143555 11.3018293380737 10.7318420410156 11.1097717285156 10.9264335632324 10.0966577529907 9.9180736541748 9.74745273590088 9.76369285583496 9.27121162414551 9.83620548248291 9.73878479003906 9.78718852996826 10.0496664047241 9.04842853546143 9.05654335021973 9.53224849700928 9.72537231445312 9.88153839111328 9.76214981079102 9.42240142822266 9.35242652893066 9.38458347320557 9.68285369873047 9.58912563323975 9.72478771209717 9.78792285919189 9.84911060333252 10.1792182922363 10.3191576004028 9.57454681396484 9.5206241607666 9.43211269378662 9.71668434143066
10.3594369888306 10.2723617553711 10.4260015487671 10.3824462890625 10.5367593765259 10.3841524124146 9.63693046569824 9.44355869293213 9.0964879989624 9.6928243637085 9.65212059020996 9.8552188873291 10.498254776001 10.8498382568359 10.0933589935303 9.52770233154297 9.93788051605225 10.1997337341309 9.85226440429688 9.74752712249756 9.63018035888672 9.85870552062988 9.93711853027344 9.71648979187012 9.54841804504395 9.85707378387451 9.57881927490234 9.85532188415527 9.37539958953857 9.3841609954834 9.45209693908691 9.83102893829346 9.65942573547363 9.8445348739624 9.69739055633545 9.49600696563721 9.37702083587646 9.42606735229492 9.73112869262695 9.87450790405273 10.0242414474487 10.0503444671631 10.1260356903076 9.80905437469482 9.3529109954834 9.61356449127197 9.82575035095215
10.3902425765991 9.77778148651123 9.63569736480713 10.1293640136719 10.7357339859009 9.52517223358154 9.40244293212891 8.39384078979492 9.40033626556396 8.86889839172363 9.48211002349854 9.91011619567871 9.7829122543335 9.14757442474365 9.16906070709229 9.54254055023193 9.42752552032471 9.8120698928833 9.81628894805908 9.6373929977417 9.52387809753418 9.61903190612793 9.74184036254883 9.63466167449951 9.48701953887939 9.49542713165283 9.23408603668213 9.78315162658691 9.4624137878418 9.3018913269043 9.61263084411621 9.85020446777344 9.60433959960938 9.55913543701172 9.41648197174072 9.19342803955078 9.32564640045166 9.02611923217773 9.19107532501221 10.0309181213379 9.97080039978027 9.98204898834229 10.0735883712769 9.7837610244751 9.20808410644531 9.52422904968262 9.84451293945312
9.67928028106689 9.5780200958252 9.28348445892334 10.1553325653076 9.80650520324707 8.77459716796875 8.42446136474609 8.63231086730957 9.60226249694824 9.60650730133057 9.1589879989624 8.67489814758301 9.33697509765625 9.44999027252197 9.21708202362061 9.74936676025391 9.36870861053467 9.59734630584717 9.25121307373047 9.39285278320312 9.41270732879639 9.47559356689453 9.50253486633301 9.53650283813477 9.47882175445557 9.4429235458374 9.36554718017578 9.49003505706787 9.34875392913818 9.47561359405518 9.72647666931152 9.65955924987793 9.74084281921387 9.65847873687744 9.65124130249023 9.78671073913574 9.69388389587402 9.53174781799316 9.8166446685791 10.0019683837891 10.1894569396973 10.121940612793 10.0969858169556 9.6696252822876 9.45465087890625 9.73595237731934 9.82376289367676
9.54522037506104 9.12320518493652 8.8536491394043 8.95024967193604 8.719162940979 8.19977378845215 7.65686273574829 8.84458923339844 9.03661727905273 8.54053592681885 8.93280220031738 9.05087661743164 8.96318626403809 9.05996227264404 8.86906147003174 9.26622581481934 9.84148216247559 9.52290916442871 9.08927822113037 8.93916797637939 9.43163204193115 9.23435878753662 9.39713191986084 9.1798620223999 9.29996109008789 9.16884613037109 9.24140930175781 9.02426815032959 9.20812511444092 9.36012172698975 9.20616054534912 9.32386016845703 9.63382434844971 9.74694538116455 9.59801864624023 9.63067531585693 9.8386812210083 10.0264482498169 10.0501098632812 10.0709018707275 10.2519674301147 9.90064144134521 9.83579540252686 9.5641918182373 9.81461715698242 9.85262203216553 9.79755783081055
7.73567485809326 8.02608299255371 8.3789234161377 8.98496055603027 8.48132038116455 8.54014301300049 9.31397247314453 9.74794769287109 9.76799964904785 9.60170555114746 8.99063968658447 9.33590316772461 8.90566253662109 9.66191387176514 9.5794620513916 9.34433078765869 9.91690444946289 9.0976734161377 9.0071439743042 8.81970977783203 8.90023326873779 8.84787082672119 8.90274238586426 9.3513822555542 9.58305168151855 9.32438087463379 9.28288650512695 8.86367797851562 9.04145622253418 9.35285758972168 8.92895221710205 9.0689640045166 9.03105449676514 9.26074028015137 9.45559692382812 9.50572872161865 9.59195327758789 9.95643997192383 9.88077735900879 9.48595142364502 9.5825080871582 9.46432113647461 9.14983367919922 9.163818359375 9.23630619049072 9.64235591888428 9.67289638519287
7.77554607391357 7.93317890167236 8.33919048309326 8.86643981933594 9.05586624145508 8.97395038604736 9.36650562286377 9.15906047821045 9.03251647949219 9.30985832214355 8.11071300506592 8.69929599761963 9.53762340545654 9.86607456207275 9.65993881225586 9.59203720092773 9.10123348236084 9.02771854400635 8.9520320892334 8.72957515716553 8.52156829833984 8.54447364807129 9.24216938018799 9.26444721221924 9.09711170196533 9.11137962341309 9.18872165679932 9.12248802185059 9.11322689056396 8.96468639373779 9.15643978118896 9.3095006942749 9.44368839263916 9.37943840026855 9.41989898681641 9.37779521942139 9.62312698364258 9.65814876556396 9.67242336273193 9.67981052398682 9.62003612518311 9.41425514221191 8.80609130859375 9.01212692260742 9.00651264190674 9.52028274536133 9.35490703582764
8.12423419952393 7.94884967803955 8.79377365112305 8.7953052520752 8.86573696136475 8.73739814758301 8.99105072021484 9.27384281158447 8.72321891784668 8.76911067962646 8.49354934692383 8.54126262664795 8.95243453979492 9.43259239196777 8.81187152862549 8.37986183166504 8.94597625732422 8.91223049163818 8.7933292388916 8.11246681213379 8.45759773254395 8.64872741699219 9.22445583343506 8.9006290435791 8.86215209960938 9.09929656982422 9.1098690032959 9.01560878753662 8.98936080932617 8.96257400512695 8.69203948974609 8.89604473114014 9.24753379821777 9.59830188751221 9.41396617889404 9.78426456451416 9.77694511413574 9.61051177978516 9.4843921661377 9.72169971466064 9.74373531341553 9.71709728240967 9.46563053131104 9.19626808166504 9.40091800689697 9.19456768035889 8.8162727355957
9.17613887786865 8.42359161376953 8.14623928070068 8.28797435760498 8.81740283966064 7.8633337020874 8.6018238067627 9.10179901123047 8.82163333892822 8.78798580169678 8.53365135192871 8.50218200683594 8.47066593170166 8.72851848602295 8.6217794418335 8.34608840942383 8.74618339538574 8.91132164001465 8.81451416015625 8.58996677398682 8.56223964691162 9.01945304870605 9.18215942382812 9.0059232711792 9.48223304748535 9.28776931762695 9.06987190246582 8.82318687438965 8.88791370391846 8.81307792663574 9.24814414978027 8.99959564208984 9.36987113952637 9.45163059234619 9.82753086090088 9.67510604858398 9.61184215545654 9.42361259460449 9.44832706451416 9.66858577728271 9.61091327667236 9.46179008483887 9.26675796508789 9.28161907196045 9.79403781890869 9.57577514648438 8.98871040344238
8.62968730926514 7.82966089248657 7.48301267623901 8.19663047790527 7.79000949859619 7.98019313812256 7.91093826293945 8.96811866760254 8.53939342498779 8.23679637908936 8.50978088378906 8.40907096862793 8.51626968383789 8.64745426177979 8.57388114929199 8.66764736175537 9.01514720916748 8.73652458190918 8.68051719665527 8.80084228515625 8.84586620330811 8.83218765258789 8.92300510406494 8.71373748779297 9.14115810394287 9.0138635635376 9.19703960418701 8.79276847839355 9.12436771392822 9.31666278839111 9.20596313476562 9.16549587249756 9.15645790100098 9.46867275238037 9.49186229705811 9.64634418487549 8.91830635070801 9.4038553237915 9.7753210067749 9.96443843841553 9.8897705078125 10.0510482788086 9.25687217712402 9.56480026245117 9.94417476654053 9.72286128997803 9.24943351745605
7.85130167007446 7.62382078170776 7.84399795532227 7.80099058151245 7.99534606933594 8.23814105987549 8.88182830810547 9.57225608825684 7.97847700119019 7.8959493637085 8.09650707244873 8.18388938903809 8.28412914276123 8.40208911895752 8.70740127563477 8.88399791717529 8.62988185882568 8.557448387146 8.90676021575928 8.67950344085693 8.55792999267578 8.68016529083252 8.70025253295898 8.99612712860107 9.30604076385498 9.29849815368652 9.07108116149902 8.77169227600098 9.16891384124756 9.09729385375977 8.34570598602295 8.89574527740479 8.54584503173828 9.1234712600708 9.51694297790527 9.29323291778564 8.86260890960693 8.88887119293213 10.2113008499146 9.26005840301514 9.53598403930664 10.361424446106 9.96219730377197 9.13673114776611 9.93461322784424 9.69016265869141 9.38521385192871
8.61148834228516 8.88657855987549 8.48520469665527 8.99102210998535 8.4155969619751 8.87162017822266 8.67867279052734 8.90385723114014 7.82597208023071 7.54555940628052 7.14359617233276 8.18001079559326 8.87104988098145 8.63304710388184 8.57049179077148 8.58357620239258 8.65657997131348 8.76099872589111 8.60331916809082 8.55961227416992 8.48210048675537 7.98761034011841 8.55891799926758 8.58016777038574 8.8720235824585 9.12583923339844 9.38333511352539 9.35986995697021 8.79773235321045 9.16397476196289 9.10678482055664 9.38305187225342 9.37976551055908 9.7939510345459 9.3162784576416 8.79434108734131 9.00864696502686 9.1023473739624 9.37861347198486 9.4551362991333 9.75190448760986 9.77694892883301 10.8390684127808 10.1074876785278 9.45612907409668 9.23813247680664 9.64364719390869
8.94446659088135 9.49955940246582 8.55979251861572 8.40604400634766 8.79005908966064 9.06739711761475 9.14178085327148 8.95698833465576 7.44122266769409 6.73640727996826 8.23320770263672 8.46136856079102 8.70053100585938 8.91867733001709 8.87730026245117 8.53598976135254 8.619140625 8.34142398834229 8.71542644500732 8.15610218048096 8.8434476852417 9.15210628509521 8.51816177368164 8.95425796508789 8.59720420837402 8.7605562210083 9.26471996307373 9.11824035644531 9.02973175048828 9.45726299285889 9.41605186462402 9.61035346984863 10.4833450317383 9.62616157531738 9.25795555114746 8.82693576812744 8.96998500823975 8.94552326202393 9.30318450927734 9.99878692626953 9.86233806610107 9.75132751464844 9.84255886077881 9.09147644042969 8.48081970214844 9.54552364349365 9.68528175354004
8.6858024597168 8.53099632263184 8.62953758239746 8.61502933502197 8.15279197692871 8.17274475097656 8.79821109771729 8.54067897796631 8.24448299407959 8.4589376449585 8.60693073272705 8.56957817077637 8.80451202392578 8.64586067199707 8.37276649475098 7.96450233459473 8.37434196472168 8.48662090301514 8.84779644012451 9.07242393493652 8.56154346466064 8.56400585174561 8.03340339660645 8.1110725402832 8.58004665374756 8.69944477081299 8.92133808135986 9.42228603363037 9.57214069366455 9.89114189147949 9.56294918060303 9.6320858001709 9.55368995666504 9.32434177398682 9.33535385131836 10.1621837615967 8.67991256713867 8.7801628112793 8.86848831176758 9.65932559967041 9.78224182128906 9.7283353805542 9.73887634277344 9.52205181121826 9.22955799102783 9.39648532867432 9.67803382873535
9.06363296508789 9.17205238342285 8.76768207550049 8.4677734375 7.77019166946411 9.22594356536865 8.67879390716553 8.97150802612305 8.72189521789551 8.149094581604 8.04059314727783 8.3030834197998 8.56200504302979 8.32285594940186 8.43759250640869 7.9386100769043 8.57309913635254 8.8718843460083 8.94811916351318 8.13810157775879 8.2837610244751 8.54841709136963 8.83834743499756 8.33028125762939 8.59797859191895 8.82559108734131 8.87310409545898 9.00194931030273 9.66772747039795 9.47493839263916 9.38432788848877 9.19770526885986 8.93089771270752 9.30357933044434 9.2742223739624 10.013560295105 9.60171604156494 9.14300632476807 9.368821144104 9.09042739868164 9.40265083312988 9.27813911437988 9.1455078125 9.25480842590332 8.91985607147217 8.89918231964111 9.47043037414551
9.03806781768799 8.94122695922852 8.35355377197266 8.38209247589111 8.27363681793213 7.99528121948242 8.44904327392578 8.70083045959473 8.59510517120361 8.93087291717529 8.4696044921875 8.37755298614502 8.52650165557861 7.66793584823608 7.16507816314697 8.00573253631592 8.65363597869873 8.44155597686768 8.99127864837646 8.71572399139404 8.18326091766357 8.60157775878906 8.74380207061768 8.62539672851562 9.58706188201904 8.94846248626709 8.59517002105713 8.98918342590332 8.94823741912842 9.26163196563721 9.40912246704102 9.52441024780273 9.37740325927734 9.13896560668945 9.13407611846924 9.93179130554199 9.69492530822754 9.62176704406738 9.13907337188721 8.78111743927002 8.99632167816162 8.8008279800415 9.19370079040527 9.0562162399292 9.12341213226318 9.26322937011719 9.11773204803467
