Ecospace-environmental-drivers/Outputs/ASCII-for-ecospace/ChlA/ChlA_X2011.10.asc
NCOLS 131 
NROWS 53 
XLLCORNER -98 
YLLCORNER 23.9265270233154 
CELLSIZE 0.133587792515755 
NODATA_value -3.4e+38 
[rows 21 to 41 of 53, columns 47 to 93 of 131]
14.4437608718872 14.3720769882202 14.1887941360474 13.8692626953125 13.9444169998169 14.1620721817017 14.2041254043579 14.6433458328247 15.6723489761353 18.448450088501 17.5971794128418 16.4142303466797 16.2555751800537 16.1490211486816 14.6483774185181 14.7560710906982 14.9270629882812 15.1757259368896 15.9727487564087 16.1940479278564 15.8826236724854 15.9663648605347 15.8629150390625 15.5857086181641 15.3211050033569 15.2004728317261 15.3461799621582 15.4431533813477 15.1648292541504 15.3357181549072 15.6853332519531 15.6284742355347 15.6195096969604 15.8237590789795 16.2564163208008 16.3139495849609 16.4811706542969 16.7439575195312 16.8251171112061 16.5851917266846 16.0861129760742 16.4573841094971 16.7991275787354 17.5095767974854 18.4776382446289 18.3362808227539 18.3378314971924
14.2065401077271 14.1766843795776 13.8342027664185 13.4786376953125 13.435209274292 13.4820251464844 13.5223407745361 13.4347667694092 13.5453243255615 13.9318170547485 13.8732051849365 13.849479675293 13.6607418060303 13.9001932144165 13.9205150604248 14.4001293182373 14.7164621353149 15.5310468673706 15.9922552108765 15.9398231506348 15.6787004470825 15.3594465255737 15.2854900360107 15.2646818161011 15.0845489501953 15.100118637085 15.1242990493774 15.075400352478 15.0451040267944 14.8399105072021 15.0095767974854 15.0810117721558 15.0319404602051 15.4238634109497 15.6467084884644 15.6353235244751 15.7463417053223 15.8548927307129 15.7607936859131 15.4114942550659 15.07883644104 15.129264831543 15.7742462158203 16.9342555999756 18.1014842987061 18.2168254852295 18.3123531341553
13.2814569473267 13.3757648468018 13.2654294967651 13.1032571792603 13.0685615539551 13.0379695892334 12.9700517654419 13.006965637207 13.0413036346436 12.9108467102051 13.0109004974365 12.9109115600586 12.8650951385498 13.1127729415894 13.6286191940308 14.4728107452393 14.7612361907959 15.3715991973877 15.5557746887207 15.5136680603027 15.2808799743652 14.5841836929321 14.6545095443726 14.8534688949585 14.7821817398071 14.9879350662231 14.9502067565918 14.9756050109863 14.8284473419189 14.830883026123 14.8915710449219 15.1236190795898 15.1209077835083 15.3902320861816 15.6871185302734 15.5918550491333 15.5810327529907 15.0379848480225 14.4929304122925 14.4209184646606 14.2436904907227 14.6230745315552 15.2463407516479 16.7189865112305 17.1506786346436 17.4949970245361 18.1903686523438
13.0283432006836 13.1683864593506 12.8929262161255 13.0222597122192 13.116584777832 13.053279876709 12.9266328811646 12.8011474609375 12.6683368682861 12.7368068695068 12.7645826339722 12.8095445632935 12.7633190155029 12.839656829834 13.4684715270996 14.4650278091431 14.9505825042725 15.3212118148804 15.3894329071045 14.9551200866699 14.7075290679932 14.5455694198608 14.5038213729858 14.6079683303833 14.6450300216675 14.5974540710449 14.8489475250244 14.9020576477051 14.8527860641479 14.5459175109863 14.6069860458374 15.1204261779785 15.250958442688 15.4506616592407 15.7057828903198 15.6669988632202 15.275671005249 14.1448774337769 13.3969249725342 13.342921257019 13.3923025131226 13.8609142303467 14.8250093460083 15.6547155380249 16.1864471435547 17.0083675384521 18.2729644775391
12.962513923645 13.1153745651245 13.0276546478271 13.1880664825439 13.2425804138184 13.2381219863892 13.1485633850098 13.0230484008789 12.9873466491699 12.7963552474976 12.6139974594116 12.5905380249023 12.5181312561035 12.8016004562378 13.5359296798706 14.3618268966675 14.8184032440186 15.1417789459229 14.7084798812866 14.4100961685181 14.5298080444336 14.516095161438 14.4898099899292 14.5367622375488 14.5961561203003 14.7487134933472 14.8567199707031 14.8621606826782 14.5666542053223 14.3797817230225 14.3010654449463 14.5145664215088 14.8227834701538 15.1473236083984 15.1369094848633 14.9068012237549 14.3033618927002 13.2724857330322 13.2061033248901 13.318247795105 13.0568256378174 13.1358814239502 14.1943616867065 14.9430170059204 15.6663980484009 16.1987476348877 16.7916736602783
12.9568271636963 13.1954298019409 13.260461807251 13.3582992553711 13.3395919799805 13.131139755249 13.1543264389038 13.2861471176147 13.2283992767334 12.9253358840942 12.5878944396973 12.6956720352173 12.7665901184082 13.0300054550171 13.5120058059692 14.5442924499512 14.9928874969482 14.9580631256104 14.3663539886475 14.0615663528442 14.408106803894 14.6109800338745 14.6414756774902 14.5249719619751 14.746337890625 15.027494430542 14.9456148147583 14.7838106155396 14.6322393417358 14.3163270950317 13.9576835632324 13.9256906509399 14.3254413604736 14.6251840591431 14.7086610794067 14.1699323654175 13.3151950836182 12.6829090118408 12.9095087051392 12.8397026062012 13.1524314880371 13.140040397644 13.6378221511841 14.6011228561401 15.1998147964478 15.6633396148682 16.0444641113281
13.2117576599121 13.2846879959106 13.2729892730713 13.2409248352051 13.0109920501709 13.1541576385498 13.2163600921631 13.1620397567749 13.1122570037842 12.9335165023804 12.8896007537842 12.9881362915039 13.0722351074219 13.3296937942505 13.8848896026611 14.6032972335815 14.670991897583 14.531702041626 14.3881244659424 14.2468671798706 14.496337890625 14.625563621521 14.6726236343384 14.4451236724854 14.4229307174683 14.5748310089111 14.6374864578247 14.7437038421631 14.6278266906738 14.0235471725464 13.7248220443726 13.5608263015747 13.4876689910889 13.6078243255615 13.6062316894531 13.0941762924194 12.812840461731 12.825888633728 12.9364881515503 12.8763370513916 13.3700876235962 13.5613441467285 13.6561717987061 13.9811477661133 14.3986988067627 14.8720388412476 15.4241647720337
13.4799089431763 13.3389530181885 13.3847551345825 13.318886756897 13.2298936843872 13.3195085525513 13.2883424758911 13.3695163726807 13.599271774292 13.7238073348999 13.608247756958 13.5428247451782 13.502366065979 13.7804479598999 14.308572769165 14.6276817321777 14.7792081832886 14.4282579421997 14.4323635101318 14.3435735702515 14.5134353637695 14.5925798416138 14.6391925811768 14.2314777374268 14.1075410842896 14.0843858718872 14.1247711181641 14.2672863006592 14.0991773605347 13.7532520294189 13.5564517974854 13.3868093490601 13.1203460693359 12.8860445022583 12.9309234619141 12.3795547485352 12.5903062820435 12.8533525466919 12.6164388656616 12.4435977935791 12.5286064147949 12.5238170623779 12.7644958496094 12.8346996307373 13.6387434005737 13.9059343338013 13.9106588363647
13.601954460144 13.396861076355 13.2660112380981 13.508957862854 13.4359931945801 13.3994474411011 13.436182975769 13.4883394241333 13.6618947982788 13.637788772583 13.5472888946533 13.587121963501 13.8240957260132 14.2873764038086 14.5583810806274 14.763409614563 14.6206188201904 14.5942888259888 14.5231914520264 14.4751653671265 14.4386434555054 14.5830001831055 14.6613693237305 14.415319442749 14.079213142395 13.9782752990723 14.0604333877563 13.9211778640747 13.6637649536133 13.4442567825317 13.3388166427612 13.1762285232544 12.0569658279419 11.8807430267334 12.2041692733765 12.3057813644409 12.2227153778076 12.0596475601196 11.8131456375122 11.5992765426636 12.0052289962769 12.3262157440186 12.454080581665 12.4697608947754 13.0383577346802 13.4322881698608 13.6819581985474
13.3937196731567 13.5087337493896 13.3926563262939 13.4687166213989 13.5316867828369 13.4477987289429 13.2747030258179 13.4663801193237 13.6546764373779 13.6670513153076 13.2112007141113 13.2133340835571 13.2103567123413 13.4412231445312 13.7815723419189 13.9306802749634 14.0795707702637 14.2003593444824 14.5037174224854 14.4659776687622 14.5069437026978 14.5225305557251 14.4324913024902 14.1085023880005 13.8070030212402 13.9261150360107 13.9708871841431 13.8830099105835 13.5069570541382 13.1150941848755 12.7898502349854 12.3189287185669 11.5944747924805 11.6075439453125 12.2719459533691 12.3552350997925 12.2292737960815 12.0548219680786 11.726583480835 11.6537132263184 11.4615898132324 11.7439498901367 12.0593929290771 12.2775268554688 12.731143951416 13.421932220459 13.6498193740845
12.9407062530518 13.124979019165 13.1945095062256 13.4323949813843 13.5967483520508 13.5491361618042 13.4136438369751 13.4098892211914 13.5632019042969 13.5931196212769 13.7529048919678 13.5879554748535 13.139853477478 12.9230861663818 12.8526182174683 13.0863847732544 13.2374706268311 13.2173700332642 13.7398090362549 14.2664165496826 14.3426094055176 14.5204801559448 13.9720106124878 13.6587438583374 13.5595188140869 13.7265377044678 13.8147649765015 14.3380718231201 13.4824714660645 12.6023187637329 12.3755598068237 11.9435014724731 11.6670436859131 11.6913404464722 11.7387857437134 12.0060386657715 12.094913482666 12.1568851470947 12.0446128845215 11.8899936676025 11.5940895080566 11.7051887512207 12.1147212982178 12.1978845596313 12.736234664917 14.1389093399048 14.9887075424194
12.6103391647339 12.8400678634644 13.032338142395 13.3350019454956 13.4659242630005 13.421724319458 13.3454027175903 13.6009521484375 13.4744739532471 13.4356422424316 13.5760087966919 13.7561254501343 13.3829755783081 12.9532604217529 12.5918970108032 12.4555826187134 12.3113765716553 12.7226848602295 13.057731628418 13.1721868515015 13.7784700393677 13.7741937637329 13.6095638275146 13.6667232513428 13.5859699249268 13.5119676589966 13.3139667510986 13.2916822433472 12.6472225189209 12.1554155349731 12.051121711731 12.0155143737793 12.0537252426147 12.1497011184692 12.089165687561 11.9479866027832 11.8831958770752 11.7931957244873 11.892315864563 12.0166711807251 11.9929752349854 12.1585445404053 12.3528251647949 12.6449632644653 12.9747428894043 14.1539611816406 15.1587686538696
12.3438634872437 12.4565992355347 13.1153631210327 13.3604373931885 13.2043333053589 13.1729536056519 13.0660104751587 13.2519636154175 13.3298292160034 13.3983163833618 13.0807676315308 13.1353731155396 13.2451362609863 12.6679210662842 12.4004621505737 12.6652660369873 12.7123584747314 12.8090772628784 12.8498554229736 12.9967679977417 13.288444519043 13.5878915786743 13.8781766891479 13.7035541534424 13.528392791748 13.4042119979858 13.1619548797607 12.7607402801514 12.563440322876 12.2410898208618 11.9999961853027 11.9577264785767 12.1648263931274 12.0457439422607 11.7850217819214 11.5226268768311 11.3081026077271 12.1390962600708 12.5358238220215 12.5209188461304 12.3409795761108 12.3512582778931 12.3190841674805 12.4709911346436 13.2284421920776 15.0213298797607 14.8999834060669
11.623007774353 11.8883228302002 12.3802108764648 13.0170421600342 13.3402824401855 13.1201419830322 12.9868717193604 13.1020393371582 13.3003730773926 13.3423223495483 13.288387298584 13.0146522521973 12.7765035629272 12.5809183120728 12.438401222229 12.5510711669922 12.6499700546265 12.751220703125 12.8140268325806 12.7846403121948 13.3259630203247 13.7238283157349 13.9374122619629 13.9360551834106 13.8873128890991 13.2698450088501 12.9915180206299 12.8895425796509 12.599479675293 12.0443820953369 11.8806762695312 11.9683151245117 12.0355968475342 11.7293844223022 11.3580360412598 12.1482257843018 12.3012685775757 12.6489896774292 12.5215625762939 12.3246355056763 12.0863828659058 12.3205261230469 12.3000440597534 12.2507448196411 13.1717090606689 14.9407634735107 14.9163398742676
11.5842485427856 11.6302938461304 11.6763515472412 11.9083833694458 12.7236518859863 13.1572732925415 13.1922149658203 13.1485605239868 13.1706657409668 13.1373691558838 13.3930559158325 12.9550504684448 12.7283315658569 12.6565504074097 12.6613502502441 12.6689758300781 12.757040977478 12.9718255996704 12.9618816375732 13.2053852081299 13.5196647644043 13.9359445571899 14.0081958770752 13.7773590087891 13.436861038208 13.2154750823975 13.0249185562134 12.5721101760864 12.235330581665 11.9329738616943 11.6960554122925 11.9450559616089 11.8594007492065 11.6146945953369 11.7165412902832 12.3276166915894 12.4926347732544 12.4705438613892 12.3674392700195 12.2248544692993 12.0763778686523 12.2538032531738 12.3698844909668 12.5537366867065 13.6018333435059 15.4420461654663 15.4083261489868
11.6759433746338 11.6461353302002 11.6772356033325 11.7101879119873 12.0965509414673 12.1482839584351 12.7156400680542 12.753662109375 12.9106731414795 12.9729290008545 12.9641952514648 12.764946937561 12.7709302902222 12.9473247528076 12.9182014465332 12.8309030532837 13.1904773712158 13.1403121948242 13.1520490646362 13.5514459609985 13.8672523498535 14.1594476699829 14.2300615310669 13.5897130966187 13.6459808349609 13.2768030166626 12.929012298584 12.2971277236938 11.6517095565796 11.5181999206543 11.4427652359009 11.6214723587036 11.9142265319824 12.2458534240723 10.7163133621216 11.4027214050293 11.7740383148193 11.6611166000366 11.694748878479 11.5038757324219 11.642071723938 11.9141664505005 12.1839332580566 12.7937602996826 14.3048467636108 15.918080329895 15.4987125396729
11.7735824584961 11.7525520324707 11.5747442245483 11.5722646713257 11.7311944961548 11.9128293991089 12.0535306930542 12.1154890060425 12.3535356521606 12.8748970031738 12.7420587539673 12.695779800415 12.8594188690186 13.0514421463013 12.9513177871704 13.0975866317749 13.2861099243164 13.4138154983521 13.5594568252563 13.4059171676636 13.7734413146973 14.1459093093872 14.1400022506714 13.7629308700562 13.5148372650146 13.0960187911987 12.968355178833 12.1792497634888 11.588095664978 11.3798246383667 11.2182636260986 10.8069696426392 10.6368522644043 10.8035411834717 10.4667320251465 10.7992649078369 11.5268001556396 11.8786087036133 11.8354320526123 11.7943744659424 12.0064697265625 12.1987466812134 12.507176399231 12.7473630905151 14.8464126586914 16.3016204833984 15.0766305923462
11.89000415802 11.8542747497559 11.5827417373657 11.6675939559937 11.5327224731445 11.6165294647217 11.7730169296265 11.9343299865723 12.0065279006958 12.4156942367554 12.4221410751343 12.672456741333 13.0588407516479 13.1988668441772 13.2160272598267 13.3561334609985 13.5218229293823 13.6255197525024 13.6871633529663 13.5481672286987 13.6003484725952 13.7122421264648 13.5627841949463 13.6996841430664 13.3305511474609 13.0589771270752 12.8219594955444 11.8176574707031 11.2515697479248 10.9949359893799 11.2427940368652 10.8681802749634 11.1146955490112 10.6363439559937 10.3964538574219 11.7927293777466 11.9653406143188 11.8739891052246 12.0716867446899 11.8968982696533 12.3275661468506 12.2763710021973 12.6616525650024 13.0928497314453 16.243579864502 15.667537689209 14.4975929260254
11.7327575683594 11.6281070709229 11.5146713256836 11.5194520950317 11.5138921737671 11.508620262146 11.518123626709 11.6895818710327 12.1470499038696 12.16175365448 12.1054573059082 12.6020135879517 12.8943872451782 13.0465288162231 13.1353168487549 13.3521089553833 13.6597452163696 13.628270149231 13.6711006164551 13.6780910491943 13.5282049179077 13.531060218811 13.8888959884644 14.0734615325928 13.2906999588013 12.6673002243042 12.528223991394 12.6420068740845 11.8757982254028 11.3761053085327 11.3161096572876 11.2544813156128 11.6506986618042 11.4129447937012 10.9131698608398 12.6443967819214 11.9474439620972 11.5554313659668 11.8890180587769 12.0436162948608 12.3571376800537 12.2009944915771 12.5056076049805 14.411937713623 16.5420780181885 14.7771739959717 13.804573059082
11.5389270782471 11.553786277771 11.4433317184448 11.5163955688477 11.4418907165527 11.368595123291 11.4086885452271 11.6183423995972 12.0031251907349 12.152551651001 11.9661779403687 12.2148532867432 12.7629776000977 12.9275770187378 13.305645942688 13.6357955932617 13.7243556976318 13.7562007904053 13.6952962875366 13.7776689529419 13.6844110488892 13.8330984115601 14.2479858398438 13.9175386428833 13.2659511566162 12.816782951355 12.6431035995483 12.0251617431641 11.6146974563599 11.5610523223877 11.3891525268555 11.6945695877075 11.7640857696533 11.9611930847168 10.5102777481079 11.0073299407959 12.626106262207 12.5984439849854 12.1889896392822 11.9215688705444 12.1291036605835 12.1836290359497 12.2300205230713 14.5843553543091 14.8540983200073 14.0689640045166 13.6366720199585
11.1436834335327 11.2327404022217 11.2885465621948 11.2877178192139 11.1787977218628 11.2971963882446 11.4216890335083 11.6700162887573 12.0715160369873 12.4297742843628 12.4586000442505 12.2151927947998 12.7695922851562 12.9914436340332 13.4074668884277 13.7040700912476 13.8716478347778 13.9836158752441 13.9602394104004 13.9136028289795 13.8503179550171 13.9575004577637 13.9522075653076 13.6815147399902 12.9291715621948 12.8622989654541 12.906346321106 12.0550546646118 11.3977785110474 11.0865440368652 11.4527025222778 11.7200927734375 11.6894197463989 11.4168062210083 11.6552352905273 11.2379426956177 11.7437448501587 11.601637840271 11.9418840408325 12.0819416046143 12.1533050537109 12.1241416931152 12.0837869644165 12.9525537490845 14.576865196228 14.1073503494263 13.2620944976807
