Ecospace-environmental-drivers/Outputs/ASCII-for-ecospace/ChlA/ChlA_X2018.10.asc
NCOLS 131 
NROWS 53 
XLLCORNER -98 
YLLCORNER 23.9265270233154 
CELLSIZE 0.133587792515755 
NODATA_value -3.4e+38 
[rows 21 to 41 of 53, columns 47 to 93 of 131]
9.00737285614014 9.93730735778809 10.4423427581787 12.6928033828735 13.4807891845703 14.1849346160889 13.9111356735229 15.7273788452148 14.1508369445801 11.2179536819458 13.5797147750854 17.6262149810791 18.1978340148926 14.1531391143799 11.6411638259888 9.64086627960205 10.3215579986572 10.0630979537964 9.66050338745117 9.80687046051025 9.48504543304443 9.40974426269531 9.48939418792725 9.50693893432617 10.2002582550049 10.2719116210938 9.92771911621094 9.20946502685547 8.50782871246338 8.48705577850342 8.47729682922363 8.64298343658447 8.38416576385498 8.55123233795166 8.65916538238525 8.6386890411377 8.57757186889648 8.4043436050415 8.79751777648926 9.23171424865723 9.35078811645508 9.07684516906738 9.29908275604248 9.28067684173584 9.08171367645264 8.99710845947266 9.15646934509277
8.02452945709229 8.86179161071777 9.98871231079102 11.3711471557617 10.2402143478394 10.506085395813 12.918830871582 14.4157857894897 15.7154712677002 14.5883989334106 14.5107555389404 18.270565032959 13.5603294372559 12.8447380065918 12.5445337295532 11.34521484375 9.77582359313965 9.82851886749268 9.84897327423096 10.0080852508545 10.2353343963623 9.43900871276855 9.65288639068604 10.1323251724243 10.024040222168 10.4053354263306 10.2862844467163 9.2713041305542 8.63193607330322 8.56722736358643 8.62699127197266 8.42776679992676 8.41900253295898 8.45561218261719 8.62766170501709 8.55998039245605 8.42505836486816 8.38814163208008 8.44763469696045 8.57902717590332 8.95542526245117 9.16415691375732 9.18781089782715 9.26225757598877 9.09468650817871 9.11893081665039 8.98892593383789
7.83570623397827 9.19339847564697 9.19969654083252 8.85424041748047 8.90630722045898 9.19188022613525 10.9239406585693 12.3817701339722 15.9780397415161 16.6967754364014 19.5977382659912 19.5349292755127 12.8884353637695 13.1874017715454 11.2020635604858 12.1587648391724 10.1673755645752 9.76904678344727 8.4631233215332 9.7759313583374 9.94758701324463 9.56451416015625 9.91618919372559 10.0164766311646 10.4245805740356 10.4241628646851 10.1823205947876 9.42351245880127 8.95062828063965 8.54881477355957 8.58395290374756 8.68403244018555 8.43997859954834 8.47995662689209 8.53289222717285 8.49862480163574 8.82653331756592 8.80692005157471 8.22036552429199 8.32922077178955 8.85709857940674 8.94022941589355 9.15841579437256 9.00501728057861 8.78062057495117 8.62661743164062 9.02225780487061
8.75935840606689 8.80307292938232 9.21223545074463 8.64895915985107 9.10234832763672 9.35404491424561 9.70498561859131 10.9747257232666 11.856330871582 10.6248826980591 12.1594114303589 10.6106805801392 11.1360912322998 10.9630479812622 12.354305267334 14.5586271286011 11.2007350921631 9.54008769989014 8.99318790435791 9.90431499481201 9.79918384552002 10.0985956192017 9.98710346221924 9.64685916900635 10.1382007598877 10.0304183959961 9.86003017425537 9.99493598937988 8.92694568634033 8.50539875030518 8.71930313110352 8.73097038269043 8.76196765899658 8.34053993225098 8.58418464660645 8.61875057220459 8.35893821716309 8.01551246643066 8.05766582489014 8.35278797149658 8.95213222503662 9.25938320159912 9.12957191467285 8.8604154586792 9.31444072723389 9.22794914245605 9.15934085845947
8.33615207672119 8.87233543395996 9.33220863342285 9.27214908599854 9.11643600463867 7.55342054367065 7.9336314201355 8.36574935913086 8.72946453094482 8.70415019989014 9.45347309112549 10.5701370239258 11.9396343231201 11.7061424255371 10.7557315826416 13.0762977600098 10.2105407714844 9.35068130493164 9.74401092529297 9.7943172454834 9.69610786437988 10.0693979263306 10.1103096008301 9.82853317260742 9.9335241317749 10.157506942749 10.3115348815918 10.1737127304077 9.40476703643799 9.17255020141602 8.89921379089355 8.72686862945557 8.71874237060547 8.89469623565674 8.50665378570557 8.56341934204102 8.37487983703613 8.67321491241455 8.45207023620605 8.39990425109863 8.90449810028076 8.96165180206299 8.95516395568848 8.82447338104248 8.92836761474609 9.07567501068115 8.98802375793457
8.52581596374512 8.45731639862061 9.13035583496094 9.88673305511475 9.43394184112549 6.07556247711182 7.11065292358398 8.72677135467529 9.34397411346436 8.82647037506104 9.53641796112061 9.70391082763672 9.83519458770752 9.97837448120117 10.6430988311768 10.8430414199829 9.71639823913574 9.7062816619873 9.76576232910156 9.66278839111328 9.54805850982666 9.86192607879639 9.93991756439209 10.2233295440674 9.84573650360107 9.56078147888184 10.1415271759033 10.2308197021484 9.61535930633545 9.0232982635498 8.94651031494141 8.85285568237305 8.58824634552002 8.92414951324463 8.66857051849365 8.94128036499023 8.75243663787842 8.89896583557129 8.18045997619629 8.32681083679199 8.8687915802002 8.81574249267578 8.93812465667725 8.94203090667725 8.89757442474365 8.95303249359131 8.98888683319092
8.64988803863525 8.65857791900635 8.66318225860596 9.35316276550293 9.78337955474854 9.56825542449951 9.55155086517334 9.64713764190674 9.43421840667725 9.41667175292969 9.25834465026855 9.50188446044922 10.1529130935669 9.6175479888916 10.313681602478 10.6509113311768 9.78695869445801 8.78398036956787 8.70954513549805 8.9774112701416 9.25514316558838 9.59759521484375 9.84152412414551 9.9920825958252 9.49127674102783 9.60237693786621 10.0017871856689 9.91292095184326 9.79015159606934 9.10105419158936 8.85483932495117 8.76450824737549 8.94959545135498 8.90256786346436 8.38810062408447 8.06763648986816 8.56423473358154 8.42318916320801 7.84938621520996 8.16670703887939 8.77075290679932 8.77468204498291 9.02438640594482 8.84714508056641 8.61686611175537 8.87983512878418 9.10072040557861
8.52854251861572 8.12532329559326 8.40051746368408 9.01981925964355 9.42040252685547 9.96769237518311 9.98723888397217 9.83378028869629 10.0285739898682 10.1243171691895 9.47874736785889 9.41663265228271 9.77754783630371 9.58825016021729 9.76390647888184 9.97855854034424 9.33263969421387 8.86056518554688 9.25721168518066 9.33801937103271 9.19969367980957 9.24684238433838 9.17101383209229 9.07900142669678 8.92483901977539 9.42571449279785 10.2495098114014 10.0706167221069 9.7362756729126 9.29429340362549 8.85824680328369 8.59377574920654 8.39725494384766 8.23861217498779 8.51389312744141 8.67544555664062 8.40380477905273 6.95915269851685 8.58837890625 8.75014019012451 8.85465145111084 8.81653785705566 8.88333606719971 9.04833507537842 9.39703178405762 9.13622570037842 9.24810123443604
8.1462869644165 7.23544836044312 7.32739067077637 9.26323223114014 9.603759765625 9.14150810241699 9.65185451507568 10.0274791717529 9.81231117248535 9.89455890655518 9.96668815612793 9.35802936553955 9.60199069976807 9.71657657623291 9.59536838531494 9.70557498931885 9.40284633636475 9.50493907928467 9.35948181152344 8.78416633605957 8.87194728851318 9.01030921936035 9.032395362854 8.13944244384766 8.96639156341553 9.3906831741333 9.46703433990479 9.84591960906982 9.55292510986328 9.41678619384766 8.67726135253906 8.36003684997559 8.6423168182373 8.87402057647705 8.60662841796875 8.82313919067383 8.19348049163818 8.76903820037842 8.52115631103516 8.62819766998291 9.32638549804688 9.11275386810303 9.39252662658691 9.5706262588501 9.26382637023926 9.60593032836914 9.27344226837158
10.0086908340454 8.1342658996582 7.93460845947266 9.55017280578613 10.3146095275879 9.7704439163208 9.61120796203613 9.41600227355957 10.0724020004272 9.43418407440186 8.93800354003906 8.6970853805542 8.90082550048828 9.44970798492432 9.43516159057617 9.45548057556152 9.32491683959961 9.18582344055176 9.00500774383545 8.41308116912842 8.83518886566162 9.16963577270508 8.75643730163574 8.58281707763672 9.39086151123047 9.17411518096924 9.41958427429199 9.85804080963135 9.45624256134033 9.32284641265869 8.72555828094482 8.24572658538818 8.2263822555542 8.88035869598389 8.71900749206543 8.9186544418335 7.94494295120239 5.89168214797974 8.77181339263916 8.36677265167236 8.33205032348633 9.2505989074707 9.61784267425537 9.42386245727539 9.1710958480835 9.20166397094727 9.33589363098145
9.76635646820068 8.89104557037354 8.25533390045166 9.34769344329834 9.32499122619629 8.82698059082031 8.79658222198486 10.7734889984131 9.73928451538086 9.63441467285156 7.42203092575073 8.396653175354 10.2956562042236 10.5625972747803 9.05281162261963 9.44067096710205 9.14713573455811 9.06305027008057 8.84572410583496 9.34164810180664 9.14776992797852 8.84384441375732 8.61488628387451 8.73111915588379 9.08102416992188 9.53252029418945 9.64039421081543 9.9734582901001 9.7611026763916 9.34911823272705 8.97158241271973 8.21367931365967 6.73288583755493 7.68573141098022 9.47659969329834 9.79075622558594 9.80919456481934 8.82131004333496 9.5716667175293 7.47649955749512 8.686936378479 8.4983606338501 8.96895599365234 8.28235530853271 8.75267124176025 8.93454742431641 9.03088188171387
8.69715118408203 9.08213233947754 8.42849731445312 9.06890392303467 10.3669013977051 8.81680679321289 9.51222705841064 10.0536584854126 9.88033199310303 9.61007308959961 9.65661716461182 10.2586612701416 9.84749317169189 10.6675901412964 9.87701606750488 9.62401962280273 9.26810741424561 9.03579330444336 9.59942245483398 9.46522045135498 9.62877559661865 9.5500545501709 8.92420673370361 8.26793670654297 9.18387985229492 9.34266757965088 9.43245315551758 9.66128158569336 9.31221771240234 8.94400691986084 8.88704872131348 8.86081504821777 9.12343597412109 8.6068115234375 9.7611141204834 9.20822906494141 8.51241111755371 7.86535358428955 8.57940864562988 8.86954402923584 8.55007457733154 8.57830905914307 9.05288887023926 8.47810745239258 8.64990615844727 9.16834354400635 9.43993759155273
10.1201953887939 10.3044843673706 9.55818367004395 9.43869495391846 9.66212463378906 8.89458084106445 9.40278816223145 9.75066566467285 9.84662628173828 11.4853000640869 10.1950559616089 10.6069993972778 11.0348348617554 10.2666463851929 11.2550821304321 10.0142860412598 9.17796802520752 9.11420440673828 9.27388191223145 10.1067342758179 10.2391901016235 9.59723663330078 8.64700317382812 8.93210601806641 8.9551305770874 8.9759464263916 8.86885261535645 9.13828754425049 8.68819522857666 9.13639259338379 8.64960956573486 8.45946502685547 9.09768009185791 8.28622245788574 9.01795768737793 8.17322731018066 8.13459205627441 8.55892562866211 8.34905910491943 8.6867504119873 8.53127670288086 8.38753509521484 9.15477466583252 9.03422164916992 8.84994792938232 9.07804203033447 9.34493637084961
9.37459087371826 9.25845432281494 9.12021350860596 7.30895280838013 9.4157133102417 9.9766149520874 10.174973487854 9.46427631378174 9.91299247741699 9.08440113067627 9.84159851074219 8.83652019500732 8.5218677520752 9.29276371002197 12.0908193588257 10.1155738830566 8.95501613616943 9.25837898254395 10.1252107620239 10.7294750213623 10.2359008789062 9.06772708892822 7.85577297210693 8.61166572570801 9.15080833435059 8.76491260528564 8.89080715179443 8.5388822555542 8.39570331573486 8.35600280761719 8.11340141296387 8.44706058502197 9.22225379943848 8.98863506317139 9.1603536605835 8.58886528015137 7.57188701629639 8.57412719726562 7.87387704849243 7.9902138710022 9.05287075042725 9.12288570404053 8.87347412109375 8.89577102661133 9.01682090759277 9.38221645355225 9.53991603851318
8.79298210144043 8.33008670806885 7.85852098464966 8.09328651428223 8.70990371704102 10.084059715271 10.164213180542 9.50709915161133 9.71259021759033 9.38858795166016 9.29313564300537 10.0567235946655 8.64643383026123 7.95216655731201 6.48845386505127 8.38018989562988 8.64805316925049 8.98562717437744 10.0983476638794 9.78391933441162 9.35056018829346 8.66533088684082 5.13686943054199 8.42100238800049 8.47493362426758 9.11409950256348 8.84826469421387 8.51754951477051 8.53683280944824 9.33535480499268 10.1005001068115 8.09951877593994 8.88307952880859 7.92628479003906 8.4793758392334 8.70571327209473 7.99113607406616 7.74642848968506 9.36847114562988 8.32848072052002 8.62211894989014 8.68856430053711 8.85396194458008 9.08899688720703 9.38765811920166 9.35972595214844 9.47235584259033
8.80601406097412 8.326584815979 9.0062837600708 7.83490896224976 8.47993850708008 8.86300563812256 9.73642349243164 9.60134696960449 9.82204818725586 9.17861080169678 10.3802518844604 8.269606590271 8.14081192016602 8.4190092086792 8.57857322692871 8.59097099304199 9.24171924591064 9.04094982147217 9.59014511108398 9.20297145843506 8.45797252655029 8.47854804992676 8.33573436737061 9.64693737030029 8.06686305999756 8.6392068862915 6.4410548210144 8.8621940612793 8.26161670684814 6.31701850891113 13.374195098877 9.85108184814453 8.55910873413086 8.5707483291626 7.83022117614746 8.26900386810303 8.4589786529541 8.13314533233643 9.4821662902832 8.70618915557861 9.2810001373291 9.21352863311768 9.01871013641357 9.59853744506836 9.92184734344482 9.71130084991455 8.87621212005615
8.45969390869141 8.66862869262695 9.08783721923828 9.23582172393799 8.71429252624512 8.45578575134277 9.6896858215332 10.1312246322632 9.30908107757568 8.88782405853271 9.41982078552246 7.64946794509888 7.52192258834839 7.59535694122314 9.15007781982422 9.06525897979736 9.63046264648438 8.91523361206055 8.9309663772583 8.96455574035645 8.66333484649658 9.06879234313965 9.34429264068604 9.63125705718994 9.04112720489502 9.07240390777588 6.37283229827881 7.12019824981689 11.0024871826172 7.3962140083313 12.4495449066162 10.9820899963379 8.57189750671387 8.54665756225586 8.09345054626465 7.99190998077393 8.92251777648926 8.8430347442627 9.50746059417725 9.23992919921875 9.16219997406006 9.24038791656494 8.98653316497803 9.40368175506592 9.44947528839111 9.42078971862793 9.32234668731689
8.1057767868042 8.48513221740723 8.36357402801514 9.00374603271484 8.79052639007568 8.40451431274414 8.53529167175293 9.94237327575684 9.53083992004395 10.8724756240845 9.80379772186279 8.31197834014893 9.62923431396484 6.90956401824951 8.81309604644775 9.08042621612549 9.9796781539917 10.1435251235962 9.70831966400146 8.86387348175049 9.45737934112549 9.14853954315186 10.0506505966187 8.93124866485596 9.85442638397217 9.78272914886475 8.67337131500244 7.56206655502319 9.60480690002441 9.65431785583496 10.3526792526245 10.4208192825317 8.64735698699951 8.83068466186523 8.05309581756592 8.80199241638184 8.94529724121094 8.83163642883301 9.83271312713623 9.30853843688965 9.17031002044678 9.19950866699219 8.99357891082764 9.22491550445557 9.41797924041748 9.34255599975586 9.46381950378418
7.6368613243103 8.51246070861816 9.39481353759766 8.50629615783691 8.48323249816895 8.48271560668945 7.63235998153687 11.5571422576904 10.5418863296509 10.2744779586792 8.23443508148193 9.28348064422607 10.4160871505737 9.07605934143066 7.42016315460205 10.677303314209 10.5102739334106 9.32966804504395 9.65961074829102 8.21180152893066 8.68127346038818 8.93104076385498 9.0001745223999 8.57563877105713 8.81257057189941 10.1019334793091 10.3487682342529 8.31532192230225 7.95994853973389 8.10395812988281 8.98261737823486 9.50905799865723 8.91246795654297 8.30855941772461 7.50038814544678 8.24585628509521 8.86094188690186 8.60568523406982 9.54828548431396 9.12809085845947 9.19278049468994 9.34800434112549 9.38880825042725 9.39444541931152 9.56090545654297 9.12689876556396 9.16667747497559
7.4749755859375 8.40709686279297 9.44229602813721 9.89070606231689 9.67603206634521 8.78371334075928 8.84050941467285 12.4216213226318 10.2790899276733 9.47385025024414 8.5793399810791 7.09239912033081 8.56444358825684 7.99829196929932 8.7726936340332 7.03592109680176 7.27669715881348 9.08974647521973 8.52370834350586 5.79305934906006 8.95963764190674 9.32284259796143 9.29013919830322 9.88744354248047 9.34259128570557 9.99471855163574 8.66699981689453 11.7573337554932 9.15019035339355 8.61396980285645 8.85705280303955 10.1062049865723 9.00186252593994 8.23064708709717 8.5662841796875 7.68655633926392 8.41567230224609 8.39282512664795 9.17280769348145 9.20613670349121 9.29561233520508 9.46636199951172 9.3688907623291 9.43233871459961 9.38099384307861 8.9686393737793 9.26130390167236
8.77221298217773 8.36569118499756 8.57447528839111 13.6356010437012 10.3290729522705 9.67187595367432 9.95471286773682 10.0165529251099 9.04893207550049 8.47929954528809 8.34359836578369 8.86638832092285 8.18031787872314 8.50817584991455 9.47709274291992 10.0718088150024 11.0171136856079 9.36934089660645 9.00161075592041 10.4329633712769 8.76545429229736 9.10563659667969 9.12831783294678 9.55302906036377 9.39942169189453 8.83073329925537 6.05679798126221 8.76243782043457 8.3513355255127 7.64413356781006 9.13127899169922 8.16553401947021 7.777916431427 7.95358324050903 7.44588851928711 7.92120599746704 8.07223987579346 8.76229095458984 8.82457447052002 8.92056560516357 9.10838031768799 9.16805267333984 9.41714859008789 9.52848529815674 9.57738304138184 9.32076168060303 9.34685516357422
