Ecospace-environmental-drivers/Outputs/ASCII-for-ecospace/ChlA/ChlA_X2019.05.asc
NCOLS 131 
NROWS 53 
XLLCORNER -98 
YLLCORNER 23.9265270233154 
CELLSIZE 0.133587792515755 
NODATA_value -3.4e+38 
[rows 21 to 41 of 53, columns 47 to 93 of 131]
14.4099826812744 13.7009744644165 13.1077280044556 12.7410249710083 12.5631217956543 12.6441621780396 12.6302061080933 12.6756010055542 12.5945291519165 12.5630073547363 12.7111721038818 12.7635927200317 12.6294536590576 12.4172458648682 12.3871517181396 12.3510580062866 12.3801174163818 13.3132667541504 13.0732831954956 12.6642274856567 13.2244853973389 13.8190259933472 14.0012903213501 13.9181098937988 13.7574996948242 14.030442237854 13.9115715026855 13.6828165054321 13.7794284820557 13.804048538208 13.3647413253784 12.9693899154663 13.1524896621704 14.3556385040283 14.7833728790283 15.2667589187622 15.1058883666992 13.1085052490234 12.6614646911621 12.5258779525757 12.4966678619385 12.5750741958618 12.4271059036255 12.4632434844971 12.4433851242065 12.308144569397 12.5572595596313
12.9745798110962 12.6467599868774 12.6064376831055 12.6032629013062 12.6180372238159 12.7306623458862 12.5905714035034 12.1646480560303 12.1304912567139 12.3486490249634 12.6101322174072 12.5971393585205 12.7002782821655 12.4647369384766 12.4622631072998 12.282000541687 12.3312616348267 12.7583465576172 12.9717988967896 12.9702100753784 13.173285484314 13.277400970459 13.2886371612549 13.3109931945801 13.3635854721069 13.2561511993408 13.3098630905151 13.1151723861694 13.1250410079956 13.0851907730103 13.1691589355469 13.1614933013916 13.0771369934082 13.8230609893799 14.8168525695801 15.3560752868652 13.9993000030518 12.8181762695312 12.7464027404785 12.7364807128906 12.6769170761108 12.5958595275879 12.6063184738159 12.6735515594482 12.687388420105 12.4608840942383 12.4375867843628
12.6606311798096 12.7357091903687 12.7701873779297 12.7463893890381 12.9574861526489 12.9116325378418 12.604736328125 12.0820808410645 11.9540967941284 12.018533706665 12.1680383682251 12.0598030090332 12.306957244873 12.6072816848755 12.6153516769409 12.5788822174072 12.6180171966553 12.6575574874878 13.0136194229126 13.0484104156494 12.9071063995361 12.7942514419556 12.7952146530151 12.8583488464355 13.0802297592163 13.0441246032715 12.957911491394 12.7586193084717 12.4796667098999 12.1747455596924 12.2822971343994 12.5493249893188 12.6542510986328 13.9968519210815 14.4174518585205 15.3656358718872 13.7951240539551 12.8232727050781 12.803994178772 12.8116636276245 12.6899518966675 12.8999872207642 12.8164930343628 12.6877851486206 12.6718378067017 12.688045501709 12.5893669128418
12.6892051696777 12.7004327774048 12.7335062026978 12.8483648300171 13.0895748138428 12.8566904067993 12.4037666320801 12.2446632385254 12.055419921875 11.9160556793213 11.9766807556152 11.9798545837402 12.1485767364502 12.404974937439 12.5090656280518 12.6234474182129 12.6580982208252 12.4222459793091 12.1642541885376 12.3825101852417 12.701512336731 12.7186574935913 12.6938629150391 12.8104095458984 12.8778696060181 12.6521024703979 12.4826574325562 12.4868831634521 12.3150262832642 12.1343450546265 12.2496204376221 12.7074642181396 12.7289381027222 13.7031784057617 14.6188650131226 14.8608665466309 13.5781402587891 12.8826847076416 13.1199798583984 13.0992469787598 13.0220794677734 12.9339771270752 12.9451656341553 12.9783716201782 12.8253898620605 12.7490921020508 12.8536987304688
12.6845388412476 12.7222394943237 12.8140268325806 12.7863502502441 12.9684629440308 12.7822771072388 12.3705959320068 12.327075958252 12.0439519882202 11.9803771972656 11.9233779907227 12.0087633132935 12.0335330963135 12.4260301589966 12.8227691650391 12.8636608123779 12.581395149231 12.3326978683472 12.208420753479 12.3819484710693 12.7894706726074 12.815544128418 13.0130214691162 13.005841255188 12.7947950363159 12.3156595230103 12.2083740234375 12.2147693634033 12.0549421310425 12.218825340271 11.8929033279419 11.9195890426636 11.7061653137207 12.8959989547729 14.1550617218018 14.3810844421387 13.5852355957031 12.8912143707275 13.2604913711548 13.294150352478 13.079683303833 13.1731739044189 13.0433864593506 12.9556121826172 13.004355430603 12.9016990661621 12.727988243103
12.5607271194458 12.7385730743408 12.7445697784424 12.5770425796509 12.4794025421143 12.3306550979614 12.236349105835 12.4106473922729 12.2912654876709 12.2899932861328 12.304726600647 12.2607955932617 12.2342405319214 12.3664274215698 12.6733112335205 12.6517858505249 12.7165231704712 12.8163871765137 12.815411567688 12.818736076355 12.8361883163452 12.7596750259399 12.4746770858765 12.6725168228149 12.1938276290894 11.9208278656006 11.7770185470581 11.6493654251099 11.4910182952881 11.6384563446045 11.6119842529297 11.8885335922241 11.9904184341431 12.5550889968872 12.734206199646 14.1513271331787 13.3429698944092 12.7056074142456 13.0461483001709 13.425971031189 13.1594438552856 13.3412132263184 13.2267045974731 13.0444812774658 13.0135450363159 12.8285522460938 12.7999057769775
12.334454536438 12.7147722244263 12.6692056655884 12.5585384368896 12.5428133010864 12.4768495559692 12.2540493011475 12.5198640823364 12.4977760314941 12.2105007171631 12.2882013320923 12.4595327377319 12.5935611724854 12.6682825088501 12.7604455947876 12.8503913879395 13.030068397522 12.9428739547729 12.8018560409546 12.7569990158081 12.2339172363281 12.0057611465454 11.7636785507202 11.7663745880127 11.5891056060791 11.5909061431885 11.599778175354 11.5473108291626 11.5641241073608 11.5686683654785 11.7553377151489 12.0017385482788 12.3860492706299 12.3245859146118 12.5700540542603 13.9821271896362 13.4467754364014 12.8666524887085 13.1041679382324 13.5623693466187 13.0301628112793 13.034010887146 12.9693489074707 12.6879224777222 12.5585918426514 12.6785154342651 12.8011226654053
12.1733140945435 12.6025352478027 12.4482011795044 12.5646181106567 12.429913520813 12.3349809646606 12.3273134231567 12.4452142715454 12.7235345840454 12.6444339752197 12.3372259140015 12.7230701446533 12.5859327316284 12.577299118042 12.7561073303223 12.641713142395 12.7228107452393 12.6882619857788 12.2741632461548 11.9367599487305 12.0193634033203 11.87038230896 11.7102079391479 11.5016345977783 11.3347606658936 11.1558141708374 11.2945365905762 11.6332807540894 11.9993534088135 11.9122438430786 11.5903024673462 11.7348651885986 12.3301439285278 12.2867517471313 12.5749397277832 14.2150220870972 14.2446193695068 13.0744876861572 13.200647354126 13.3631916046143 12.9980344772339 13.0038776397705 12.9575281143188 12.7510852813721 12.7422552108765 12.9990034103394 13.1072158813477
12.3584537506104 12.4902095794678 12.5293769836426 12.5033960342407 12.1746368408203 12.1957416534424 12.1897745132446 12.393497467041 12.6622142791748 12.7864789962769 12.6895332336426 12.6696949005127 12.5681114196777 12.7443771362305 12.8649616241455 12.930269241333 12.7483205795288 12.4117736816406 12.5091762542725 12.2574071884155 11.9185800552368 11.656852722168 12.1507549285889 11.9630918502808 11.1530246734619 11.0799551010132 10.8867225646973 10.9510583877563 11.4280977249146 11.9611587524414 11.751519203186 11.5262069702148 11.9757347106934 11.8183069229126 11.92431640625 13.80246925354 13.9453372955322 12.9398422241211 13.2267475128174 13.2084045410156 13.072395324707 12.9993829727173 12.8506603240967 12.8945283889771 13.1314716339111 13.3085708618164 13.4885349273682
12.6781520843506 12.6328659057617 12.7355298995972 12.6197242736816 12.342080116272 12.1791610717773 12.2211284637451 12.3190383911133 12.4268960952759 12.7014322280884 12.8728151321411 12.9003248214722 13.0632467269897 12.8654413223267 13.0529041290283 13.045916557312 12.9040765762329 12.7285795211792 12.8223819732666 11.9661750793457 11.3620491027832 11.2806444168091 11.5625762939453 11.3793478012085 11.0608043670654 10.9688568115234 11.0349941253662 11.1333198547363 11.3593702316284 11.5559024810791 11.7608289718628 11.9069747924805 12.2940521240234 12.1986351013184 12.1026945114136 13.7005844116211 13.4359273910522 12.917407989502 13.1466121673584 13.0519227981567 13.1903162002563 13.0308904647827 12.8953313827515 12.9166650772095 12.9802646636963 13.0681495666504 13.5712404251099
12.6918525695801 12.5592842102051 12.6310110092163 12.6729440689087 12.5451803207397 12.2373743057251 12.4820442199707 12.5004186630249 12.4588222503662 12.609302520752 12.7429456710815 13.0419921875 13.0771780014038 13.0820407867432 13.0891418457031 12.8218774795532 12.8679628372192 12.7409257888794 12.4505453109741 11.9654655456543 11.5652418136597 11.6251163482666 11.4951229095459 11.5269870758057 10.8688879013062 11.0172777175903 11.3947162628174 11.8087167739868 11.4316272735596 11.2091178894043 11.5316438674927 11.5368156433105 11.5039262771606 11.5039043426514 11.9113683700562 13.570746421814 13.416576385498 13.6104717254639 13.1201486587524 12.9662475585938 12.9640951156616 12.7565021514893 12.8054389953613 12.8223342895508 12.9102125167847 13.0479555130005 13.1482467651367
12.7374572753906 12.499095916748 12.4902038574219 12.34401512146 12.4102506637573 12.3772649765015 12.6214351654053 12.7481021881104 12.9699277877808 13.1142988204956 13.0878381729126 13.07883644104 13.0946416854858 13.0846633911133 12.9163780212402 12.728949546814 12.6525840759277 12.3387413024902 12.3181715011597 12.3676910400391 11.7984733581543 11.4739789962769 11.5309429168701 11.8201627731323 11.8560791015625 11.4227485656738 11.2501440048218 11.3922300338745 11.3391036987305 11.3391513824463 11.1367273330688 11.2308588027954 11.9947719573975 11.6579341888428 12.0822782516479 13.2244606018066 12.6163177490234 13.07373046875 12.7912349700928 12.7358436584473 12.8099365234375 12.7698459625244 12.7173147201538 12.7248506546021 12.7322359085083 12.8634328842163 13.2422952651978
12.6435317993164 12.6378326416016 12.4862804412842 12.2432260513306 12.2133483886719 12.439037322998 12.8941106796265 13.283974647522 13.2313566207886 13.1038656234741 13.1600656509399 13.0812788009644 13.0470781326294 13.2159576416016 13.1880235671997 13.0767793655396 12.7889766693115 12.7327451705933 12.538990020752 12.6830930709839 11.373740196228 11.4032249450684 11.3779554367065 11.7701539993286 11.4080820083618 10.9432229995728 10.8883504867554 10.6243696212769 10.7853775024414 11.4732027053833 11.4763240814209 11.3292369842529 12.3336153030396 11.9358510971069 11.7993793487549 12.5173788070679 12.7160015106201 12.4957313537598 12.6214017868042 12.6310319900513 12.5715303421021 12.6695528030396 12.797664642334 12.8621969223022 12.8242845535278 12.9590587615967 13.4129505157471
12.557900428772 12.6531944274902 12.6885404586792 12.438307762146 12.4937219619751 12.6983547210693 13.0409755706787 13.2976884841919 13.1810970306396 13.0743951797485 13.096640586853 13.0521993637085 12.9319362640381 13.1448040008545 12.9802465438843 12.8559236526489 12.638334274292 12.7787809371948 12.5196552276611 12.913595199585 12.15611743927 11.3765001296997 11.2751331329346 11.2600049972534 10.880708694458 10.8955507278442 10.9510698318481 11.1424579620361 11.1907215118408 11.3790769577026 10.6398668289185 10.9046669006348 11.7026529312134 11.8125352859497 11.4068470001221 12.0328598022461 12.4433078765869 12.655198097229 12.7341976165771 12.4798154830933 12.6056470870972 12.7091302871704 12.8347816467285 12.9727535247803 12.9331970214844 13.084981918335 13.4144897460938
12.4189147949219 12.6338682174683 12.6533317565918 12.4953346252441 12.5792503356934 12.7018699645996 12.9468812942505 12.8712787628174 13.0691890716553 13.044303894043 13.1004734039307 12.9369583129883 12.9758176803589 13.1666460037231 13.1599540710449 12.9754390716553 13.0095539093018 12.8875551223755 12.5484418869019 12.3588981628418 11.9543170928955 11.6171054840088 11.4795942306519 11.2689056396484 11.1404056549072 11.010648727417 11.0818605422974 11.285457611084 10.8865947723389 10.7720851898193 11.6774740219116 12.2269010543823 11.2331523895264 11.3544836044312 11.3497467041016 11.7642793655396 12.3603248596191 12.6207504272461 12.6716117858887 12.2338771820068 12.582501411438 12.849588394165 12.8566656112671 12.9568300247192 12.9036464691162 13.0334882736206 13.3126859664917
12.2851533889771 12.1286773681641 12.4541187286377 12.3711700439453 12.6066589355469 12.8289480209351 12.9999055862427 12.974760055542 13.2188339233398 12.9030685424805 12.839168548584 13.0945262908936 13.2212333679199 13.4011116027832 13.1576957702637 13.1142311096191 13.171763420105 13.0241022109985 12.7073469161987 12.6427135467529 12.6966543197632 11.8161363601685 11.275634765625 11.2014122009277 10.9198398590088 10.7288465499878 10.6598320007324 11.2072219848633 10.9304370880127 10.7123308181763 11.0476598739624 11.2218036651611 10.6162891387939 10.4992704391479 11.139347076416 11.6627416610718 12.3790035247803 12.9576015472412 12.9115886688232 12.5413875579834 12.7368316650391 12.9201669692993 12.907078742981 12.8746471405029 13.1516408920288 13.3317394256592 13.5991868972778
12.2820081710815 12.1997728347778 12.21129322052 12.2745380401611 12.3514547348022 12.609733581543 12.7920198440552 12.882173538208 13.1162071228027 13.322639465332 12.9521751403809 13.5377044677734 13.4973201751709 13.6380233764648 13.1854915618896 13.2985324859619 13.161771774292 12.9069786071777 12.854380607605 13.2549266815186 13.3294076919556 12.3219146728516 11.4379053115845 11.1988143920898 10.9744453430176 10.717866897583 10.5370101928711 10.6425867080688 10.6997175216675 10.7007665634155 10.7579154968262 10.6087665557861 10.3129253387451 10.46861743927 10.6311454772949 11.2490606307983 12.0876264572144 12.7993507385254 12.7279710769653 12.6202850341797 12.6526851654053 12.8488063812256 12.9750108718872 13.0510711669922 13.2118864059448 13.1196851730347 12.9989786148071
12.7931842803955 12.5087957382202 12.0803861618042 12.0820140838623 12.1795291900635 12.3577175140381 12.6019639968872 12.9950876235962 13.1544666290283 12.9993448257446 13.1584968566895 13.058892250061 12.9774618148804 13.2494964599609 13.3369817733765 13.3174238204956 13.375111579895 13.1404619216919 12.937427520752 12.8651962280273 12.710823059082 11.9845266342163 11.4485673904419 11.4219799041748 11.1443357467651 10.8872175216675 10.5520267486572 10.510199546814 10.4120416641235 10.6526212692261 10.7452449798584 10.8078851699829 11.3371305465698 10.5863990783691 10.6319713592529 10.9128580093384 12.0444002151489 12.4103670120239 12.4465761184692 12.3367490768433 12.317066192627 12.3590269088745 12.5869798660278 12.9129848480225 13.2105894088745 13.2138891220093 13.3154859542847
12.9518995285034 12.7844877243042 12.0629749298096 12.0649614334106 12.1005859375 12.1642255783081 12.3630304336548 12.6981763839722 12.9883718490601 13.0171184539795 13.3399591445923 13.2422819137573 13.0924482345581 13.0595932006836 13.2454652786255 13.2497797012329 13.4193258285522 13.5209903717041 13.0119876861572 13.245189666748 13.252158164978 12.5599317550659 12.2061862945557 11.8875694274902 11.4034099578857 11.0418462753296 10.9639101028442 11.0002946853638 11.0644292831421 10.9636507034302 10.9968938827515 10.7882204055786 10.4118175506592 10.4129753112793 10.4823608398438 10.7327518463135 11.4732255935669 11.8216457366943 11.7998704910278 12.0885829925537 12.1203603744507 12.3097019195557 12.1187438964844 12.0639200210571 12.0456094741821 11.9496898651123 11.8749113082886
13.1386833190918 12.7409944534302 11.7990236282349 11.6146001815796 12.0982980728149 12.2403478622437 12.1132717132568 12.2547988891602 12.5529174804688 12.7685680389404 12.9392776489258 13.0472297668457 13.1297597885132 13.1203327178955 13.226110458374 13.1689987182617 13.3192310333252 13.5482187271118 13.1377248764038 13.2102870941162 13.3139057159424 12.6152286529541 12.3628597259521 12.1346206665039 11.6721391677856 11.2379703521729 11.0411071777344 11.0968399047852 11.105899810791 11.107253074646 11.048168182373 10.9870004653931 10.3998193740845 10.4411058425903 10.4478359222412 10.658763885498 11.1761875152588 11.5585479736328 11.1590967178345 11.4358291625977 11.6871194839478 11.4943428039551 11.3517608642578 11.3508930206299 11.3343935012817 11.2993106842041 11.2892379760742
13.189582824707 12.8097810745239 12.1665906906128 12.2845888137817 12.5007925033569 12.5030136108398 12.135856628418 12.0960426330566 12.2398262023926 12.4103670120239 12.4626760482788 12.7219295501709 12.9421110153198 13.1887617111206 13.3448696136475 12.9812831878662 12.9657049179077 13.1862812042236 12.9856185913086 13.3231019973755 13.4483823776245 12.5798559188843 12.2847585678101 12.3381547927856 11.8686962127686 11.5218439102173 11.1632699966431 10.7085657119751 10.9684448242188 11.087776184082 11.2299966812134 10.9242010116577 10.4911069869995 10.6631212234497 10.8019227981567 10.7933177947998 10.9045753479004 11.0048456192017 11.22718334198 11.0789222717285 11.1507139205933 11.0168428421021 11.0772380828857 11.2369012832642 11.3130264282227 11.3853635787964 11.1266307830811
