Ecospace-environmental-drivers/Outputs/ASCII-for-ecospace/ChlA/ChlA_X2019.01.asc
NCOLS 131 
NROWS 53 
XLLCORNER -98 
YLLCORNER 23.9265270233154 
CELLSIZE 0.133587792515755 
NODATA_value -3.4e+38 
[rows 0 to 20 of 53, columns 47 to 93 of 131]
-3.4e+38 -3.4e+38 -3.4e+38 -3.4e+38 -3.4e+38 -3.4e+38 -3.4e+38 -3.4e+38 -3.4e+38 -3.4e+38 -3.4e+38 -3.4e+38 -3.4e+38 -3.4e+38 -3.4e+38 -3.4e+38 -3.4e+38 -3.4e+38 -3.4e+38 -3.4e+38 -3.4e+38 -3.4e+38 -3.4e+38 -3.4e+38 -3.4e+38 -3.4e+38 -3.4e+38 -3.4e+38 -3.4e+38 -3.4e+38 -3.4e+38 -3.4e+38 -3.4e+38 -3.4e+38 -3.4e+38 -3.4e+38 -3.4e+38 -3.4e+38 -3.4e+38 -3.4e+38 -3.4e+38 -3.4e+38 -3.4e+38 -3.4e+38 -3.4e+38 -3.4e+38 -3.4e+38
-3.4e+38 -3.4e+38 -3.4e+38 -3.4e+38 -3.4e+38 -3.4e+38 -3.4e+38 -3.4e+38 -3.4e+38 -3.4e+38 -3.4e+38 -3.4e+38 -3.4e+38 -3.4e+38 -3.4e+38 -3.4e+38 -3.4e+38 -3.4e+38 -3.4e+38 -3.4e+38 -3.4e+38 -3.4e+38 -3.4e+38 -3.4e+38 -3.4e+38 -3.4e+38 -3.4e+38 -3.4e+38 -3.4e+38 -3.4e+38 -3.4e+38 -3.4e+38 -3.4e+38 -3.4e+38 -3.4e+38 -3.4e+38 -3.4e+38 -3.4e+38 -3.4e+38 -3.4e+38 -3.4e+38 -3.4e+38 -3.4e+38 -3.4e+38 -3.4e+38 -3.4e+38 -3.4e+38
-3.4e+38 -3.4e+38 -3.4e+38 -3.4e+38 -3.4e+38 -3.4e+38 -3.4e+38 -3.4e+38 -3.4e+38 -3.4e+38 -3.4e+38 -3.4e+38 -3.4e+38 -3.4e+38 -3.4e+38 -3.4e+38 -3.4e+38 -3.4e+38 -3.4e+38 -3.4e+38 -3.4e+38 -3.4e+38 -3.4e+38 -3.4e+38 -3.4e+38 -3.4e+38 -3.4e+38 -3.4e+38 -3.4e+38 -3.4e+38 -3.4e+38 -3.4e+38 -3.4e+38 -3.4e+38 -3.4e+38 -3.4e+38 -3.4e+38 -3.4e+38 -3.4e+38 -3.4e+38 -3.4e+38 -3.4e+38 -3.4e+38 -3.4e+38 -3.4e+38 -3.4e+38 -3.4e+38
-3.4e+38 -3.4e+38 -3.4e+38 -3.4e+38 -3.4e+38 -3.4e+38 -3.4e+38 -3.4e+38 -3.4e+38 -3.4e+38 -3.4e+38 -3.4e+38 -3.4e+38 -3.4e+38 -3.4e+38 -3.4e+38 -3.4e+38 -3.4e+38 -3.4e+38 -3.4e+38 -3.4e+38 -3.4e+38 -3.4e+38 -3.4e+38 -3.4e+38 -3.4e+38 -3.4e+38 86.3488311767578 86.6225433349609 -3.4e+38 -3.4e+38 -3.4e+38 -3.4e+38 -3.4e+38 126.40958404541 183.487396240234 -3.4e+38 -3.4e+38 -3.4e+38 192.858322143555 162.599639892578 -3.4e+38 -3.4e+38 -3.4e+38 -3.4e+38 -3.4e+38 -3.4e+38
-3.4e+38 -3.4e+38 -3.4e+38 -3.4e+38 -3.4e+38 -3.4e+38 -3.4e+38 -3.4e+38 -3.4e+38 -3.4e+38 -3.4e+38 128.156295776367 118.447540283203 -3.4e+38 -3.4e+38 -3.4e+38 -3.4e+38 -3.4e+38 -3.4e+38 153.422729492188 173.159301757812 140.166244506836 133.640502929688 -3.4e+38 126.520530700684 141.310241699219 95.1532669067383 91.6048355102539 90.5403137207031 -3.4e+38 -3.4e+38 -3.4e+38 167.284423828125 113.521018981934 128.366363525391 140.33235168457 66.1051025390625 61.029541015625 100.56810760498 159.111373901367 129.91423034668 101.286628723145 -3.4e+38 -3.4e+38 -3.4e+38 -3.4e+38 -3.4e+38
-3.4e+38 -3.4e+38 -3.4e+38 -3.4e+38 -3.4e+38 -3.4e+38 -3.4e+38 -3.4e+38 -3.4e+38 -3.4e+38 110.81526184082 108.606651306152 112.946914672852 104.775550842285 102.013412475586 91.1129989624023 106.659141540527 98.2257766723633 152.844116210938 145.490341186523 132.623260498047 132.185806274414 123.744941711426 118.559761047363 118.119621276855 116.267044067383 95.6955108642578 94.474479675293 94.4698333740234 106.538330078125 97.9877624511719 92.9440689086914 122.141540527344 99.3200225830078 75.3865509033203 70.4828567504883 64.5015029907227 55.823055267334 68.1120529174805 70.6726837158203 57.4445266723633 56.0507507324219 58.0958404541016 51.6698684692383 -3.4e+38 -3.4e+38 -3.4e+38
-3.4e+38 -3.4e+38 -3.4e+38 -3.4e+38 -3.4e+38 -3.4e+38 -3.4e+38 -3.4e+38 -3.4e+38 90.2526931762695 89.1710357666016 103.781066894531 108.577674865723 98.1527481079102 96.9121398925781 92.2915878295898 99.0016708374023 96.9627990722656 123.751670837402 114.346656799316 98.7139434814453 94.811279296875 97.5686111450195 100.945030212402 99.3563766479492 93.0214920043945 93.3479919433594 94.0306549072266 84.9581985473633 84.7192230224609 83.8717880249023 78.2627334594727 74.3246002197266 70.7567291259766 63.9319305419922 64.0058212280273 58.6728286743164 50.8040657043457 50.9536094665527 50.3596038818359 49.5356826782227 49.4172248840332 52.9579277038574 52.2127494812012 69.0264282226562 65.9150314331055 -3.4e+38
-3.4e+38 -3.4e+38 -3.4e+38 -3.4e+38 -3.4e+38 -3.4e+38 -3.4e+38 -3.4e+38 -3.4e+38 -3.4e+38 -3.4e+38 112.039207458496 102.710464477539 95.9385833740234 86.9350051879883 85.959831237793 95.7306518554688 122.581871032715 134.570281982422 110.010475158691 97.5826950073242 95.1420745849609 89.4873962402344 86.7994995117188 86.8579864501953 84.8891677856445 83.1347427368164 81.23876953125 77.1350021362305 75.3732070922852 68.9381332397461 64.2599258422852 59.7400321960449 56.0337715148926 50.363151550293 41.8986053466797 35.5770606994629 41.2409934997559 47.4812774658203 45.0012054443359 46.3984756469727 47.6900329589844 47.0569610595703 50.1958541870117 69.951301574707 62.5643501281738 74.4415969848633
-3.4e+38 -3.4e+38 -3.4e+38 -3.4e+38 -3.4e+38 -3.4e+38 -3.4e+38 -3.4e+38 -3.4e+38 -3.4e+38 -3.4e+38 -3.4e+38 -3.4e+38 -3.4e+38 -3.4e+38 -3.4e+38 -3.4e+38 142.635360717773 122.185699462891 111.157165527344 99.8492202758789 91.5460586547852 75.826286315918 65.8523025512695 74.4980010986328 72.6673736572266 71.180419921875 66.9255218505859 66.458625793457 65.8170928955078 62.6321640014648 58.3822174072266 53.1078872680664 48.506103515625 43.9874687194824 36.131534576416 28.6037998199463 39.688549041748 45.8668327331543 33.3022956848145 32.2706909179688 32.2123146057129 39.2115173339844 46.3319969177246 57.6856918334961 59.257438659668 67.8584976196289
-3.4e+38 -3.4e+38 -3.4e+38 -3.4e+38 -3.4e+38 -3.4e+38 -3.4e+38 -3.4e+38 -3.4e+38 -3.4e+38 -3.4e+38 -3.4e+38 -3.4e+38 -3.4e+38 -3.4e+38 160.434036254883 162.502655029297 128.097396850586 120.516151428223 103.140380859375 93.6537017822266 84.0741729736328 68.5042495727539 63.4798431396484 61.1093406677246 60.8104133605957 58.8446960449219 64.6850662231445 60.779052734375 56.925464630127 52.3383865356445 48.3293037414551 42.0238494873047 32.7760314941406 27.9158821105957 28.0460090637207 27.0448226928711 28.8655452728271 25.4846305847168 25.3674983978271 26.4448375701904 27.7924556732178 33.2021980285645 39.3659934997559 46.1536903381348 53.3094253540039 58.8709259033203
-3.4e+38 -3.4e+38 -3.4e+38 -3.4e+38 -3.4e+38 -3.4e+38 -3.4e+38 -3.4e+38 -3.4e+38 -3.4e+38 -3.4e+38 140.407638549805 -3.4e+38 -3.4e+38 -3.4e+38 100.688621520996 122.254173278809 120.819664001465 110.870315551758 106.072616577148 88.6597518920898 74.4177551269531 67.2678375244141 64.0913238525391 61.5224342346191 48.2873268127441 44.5148086547852 51.380069732666 45.3583869934082 42.7552299499512 40.736213684082 37.0235481262207 32.8103637695312 30.965015411377 26.964750289917 27.8009357452393 26.8932876586914 26.1748352050781 23.984992980957 24.2233486175537 25.4493083953857 26.5634918212891 29.7484912872314 35.1031227111816 42.1432266235352 49.8084831237793 55.3232269287109
-3.4e+38 -3.4e+38 -3.4e+38 -3.4e+38 -3.4e+38 -3.4e+38 -3.4e+38 -3.4e+38 -3.4e+38 -3.4e+38 -3.4e+38 140.407638549805 240.321548461914 154.799011230469 160.091400146484 -3.4e+38 99.3669586181641 92.4303741455078 94.1781539916992 91.6135025024414 78.0045318603516 69.5197906494141 63.9161720275879 63.811222076416 58.026668548584 44.4195938110352 37.3115158081055 35.8225746154785 37.2426681518555 36.348072052002 36.0612030029297 36.1632118225098 35.1675033569336 31.8696403503418 28.2975292205811 27.5652103424072 26.8303451538086 24.6430606842041 23.3768253326416 23.5207424163818 25.0618457794189 25.1155090332031 25.5317497253418 31.8059329986572 41.127742767334 47.6820678710938 50.9260673522949
107.68684387207 108.31224822998 120.600524902344 -3.4e+38 -3.4e+38 -3.4e+38 -3.4e+38 -3.4e+38 212.097106933594 155.127365112305 141.263870239258 210.487075805664 212.310287475586 167.959457397461 128.308227539062 111.88663482666 -3.4e+38 -3.4e+38 89.8994750976562 96.8544845581055 77.8086471557617 72.3064880371094 70.6485977172852 70.6631011962891 66.9497604370117 67.0985946655273 59.3942756652832 45.1060256958008 49.5436859130859 61.1704483032227 60.3893127441406 46.3823089599609 37.6661529541016 30.8078918457031 29.282787322998 25.9334659576416 24.6890525817871 23.4073944091797 22.764778137207 23.0967063903809 24.7197761535645 25.2232265472412 24.5115776062012 25.4162979125977 29.3539581298828 32.099494934082 35.0895881652832
106.555870056152 106.124961853027 123.86686706543 131.450866699219 147.886611938477 159.131851196289 187.104232788086 160.408660888672 157.070419311523 132.285858154297 143.954833984375 167.428573608398 158.3505859375 109.974395751953 104.473587036133 92.9673538208008 83.4327545166016 81.8544692993164 -3.4e+38 87.8828811645508 82.8870086669922 78.5642166137695 70.3126602172852 76.199333190918 73.928352355957 117.219932556152 98.4962997436523 83.8723220825195 81.7099456787109 87.0460968017578 86.6556015014648 64.4952545166016 45.6814727783203 35.9082069396973 29.3583431243896 24.8825359344482 23.4483757019043 22.5111465454102 23.3895893096924 24.9576568603516 26.1741752624512 25.2115364074707 24.5015869140625 23.9473152160645 23.9584674835205 23.0511608123779 23.3032112121582
100.466300964355 110.633949279785 114.15128326416 108.871543884277 117.812385559082 132.080520629883 149.124038696289 135.202194213867 110.248306274414 103.188751220703 115.769256591797 106.73477935791 109.708267211914 102.669464111328 100.031105041504 95.5676422119141 92.0602416992188 86.0654754638672 -3.4e+38 84.0524139404297 77.1376419067383 80.3467254638672 81.1652450561523 71.4393005371094 54.0057258605957 57.7007522583008 63.9560203552246 71.0573883056641 79.3708343505859 69.5648422241211 66.9667205810547 62.0328521728516 48.7006530761719 36.8432159423828 28.6370086669922 25.564245223999 24.0366382598877 23.900203704834 24.8279819488525 25.9051189422607 26.0208358764648 24.8447532653809 24.6669139862061 24.2269439697266 23.5875129699707 23.0677280426025 22.3923358917236
85.494987487793 88.1187973022461 90.2105484008789 89.5700607299805 95.1295318603516 102.021133422852 110.98168182373 109.706436157227 100.671661376953 98.4633407592773 100.021095275879 115.727630615234 106.643920898438 97.6540679931641 98.3523330688477 96.7910232543945 87.7285842895508 82.8059616088867 79.2032241821289 78.385383605957 75.2252731323242 78.8690338134766 79.7153930664062 58.764232635498 55.7649879455566 30.4724273681641 27.3758640289307 37.4247093200684 54.5534744262695 55.1377792358398 56.3177604675293 57.5670623779297 45.2865867614746 36.2401428222656 30.4230155944824 27.9314651489258 25.0543231964111 25.6564540863037 24.6991291046143 23.860424041748 22.5588150024414 22.3674640655518 23.0479888916016 23.4715709686279 22.8854236602783 22.4206638336182 22.0524921417236
69.5782165527344 73.3786315917969 77.3217926025391 82.5520782470703 84.5363311767578 85.9037780761719 90.838737487793 97.1401443481445 101.306632995605 119.635322570801 110.639678955078 101.483474731445 95.1528701782227 92.5279159545898 91.2655334472656 90.6605529785156 81.6184539794922 73.8653182983398 71.5035171508789 70.5678329467773 64.7141189575195 53.1979598999023 40.5914840698242 33.959285736084 30.5297946929932 24.6899127960205 27.3264255523682 31.9351387023926 44.920295715332 47.5411071777344 49.5276718139648 45.8045463562012 46.9122848510742 41.0036430358887 36.684440612793 26.277172088623 25.1635971069336 25.1131381988525 23.1343002319336 22.5724391937256 22.4435806274414 22.4576969146729 22.2301387786865 21.8419628143311 22.159948348999 21.8939151763916 21.6520614624023
56.3757514953613 56.8065452575684 63.0623321533203 68.8332977294922 72.9744644165039 73.442253112793 76.0908126831055 81.2217102050781 89.7891387939453 93.2554779052734 94.5143966674805 86.2494506835938 80.5289916992188 84.3566665649414 86.7006301879883 81.3484420776367 66.6912460327148 58.9969062805176 60.8865051269531 53.8311080932617 36.0062408447266 24.2294998168945 21.7068576812744 20.7166576385498 20.7968559265137 20.2660541534424 21.1558170318604 22.9105052947998 27.2977313995361 31.3196239471436 41.312442779541 41.3579368591309 46.4755058288574 40.2848091125488 36.1220893859863 27.2513084411621 25.2668075561523 23.7412776947021 22.7357921600342 22.4706840515137 22.4758949279785 22.01344871521 21.2065582275391 20.8259696960449 20.68479347229 21.2131423950195 20.6395072937012
46.4431991577148 46.6062202453613 52.0372276306152 59.2188148498535 63.0860214233398 65.1397933959961 66.8927001953125 62.9496650695801 65.9134216308594 63.5455207824707 67.880126953125 74.6965713500977 70.357536315918 71.6729736328125 75.6310806274414 67.4710311889648 60.8653602600098 56.550838470459 40.2446975708008 24.5405521392822 20.210277557373 18.5808391571045 18.5128040313721 18.2716674804688 18.6993732452393 19.0047626495361 19.1265697479248 19.6678314208984 21.0085048675537 23.5372676849365 27.3136005401611 28.2528495788574 33.9159393310547 28.435941696167 26.206428527832 27.8366222381592 23.7735271453857 21.9986763000488 21.56862449646 21.9679050445557 21.5397300720215 20.7703075408936 20.6796379089355 20.3786849975586 20.2770195007324 20.4608554840088 20.1954803466797
42.5638275146484 44.2499084472656 44.7915802001953 49.9360237121582 52.8731689453125 50.3417320251465 53.7862777709961 52.907844543457 52.3730545043945 53.0819511413574 48.0953712463379 45.4045219421387 49.2042808532715 50.9152221679688 59.7580909729004 57.0436668395996 43.2475891113281 30.0280456542969 21.3148040771484 18.3798446655273 18.0537605285645 18.0768508911133 17.973445892334 18.1118469238281 18.6292705535889 19.6558532714844 20.3841114044189 20.6540012359619 21.3628597259521 23.1397933959961 25.5136127471924 29.1065635681152 26.9737491607666 27.1553554534912 25.575855255127 24.5099811553955 21.8712482452393 21.6230545043945 21.5518646240234 21.0272731781006 20.3642902374268 20.0148792266846 20.0109558105469 19.9369029998779 19.7763156890869 19.8966884613037 20.3058052062988
35.9952087402344 39.3529090881348 35.9374351501465 35.9816284179688 36.2491493225098 38.7185211181641 41.2212562561035 41.0064888000488 40.423095703125 38.3271331787109 31.64626121521 26.3231182098389 34.6224136352539 39.2073516845703 39.2314262390137 29.699047088623 20.5122337341309 18.900972366333 18.2997131347656 18.0214538574219 17.7525615692139 17.7925662994385 17.8139171600342 17.5569438934326 17.9439697265625 18.2001895904541 20.5195846557617 22.6373348236084 22.5556869506836 24.8702030181885 24.9772567749023 24.7518005371094 24.4545059204102 24.2391376495361 23.5894584655762 23.1428985595703 20.7038993835449 20.5974388122559 20.4187717437744 20.0337734222412 20.0019817352295 19.9612636566162 19.8837985992432 19.7850894927979 19.5670890808105 19.6494102478027 20.1153144836426
