Ecospace-environmental-drivers/Outputs/ASCII-for-ecospace/ChlA/ChlA_X2004.05.asc
NCOLS 131 
NROWS 53 
XLLCORNER -98 
YLLCORNER 23.9265270233154 
CELLSIZE 0.133587792515755 
NODATA_value -3.4e+38 
[rows 21 to 41 of 53, columns 0 to 46 of 131]
-3.4e+38 -3.4e+38 -3.4e+38 -3.4e+38 -3.4e+38 -3.4e+38 -3.4e+38 -3.4e+38 -3.4e+38 19.7692451477051 16.0635375976562 19.5089454650879 17.7951221466064 14.495849609375 10.6061954498291 8.84128284454346 9.80165195465088 8.6596155166626 7.35585403442383 7.86834001541138 8.84536743164062 5.61545753479004 5.64291191101074 -3.4e+38 7.74154138565063 10.9606046676636 8.33506393432617 6.919762134552 7.82075643539429 8.08660221099854 8.66897964477539 8.74506378173828 8.73038482666016 6.82043361663818 6.2755970954895 6.8270697593689 5.52998971939087 7.64907169342041 8.78041076660156 8.24832248687744 8.71828556060791 9.87910270690918 -3.4e+38 7.32905006408691 5.96135139465332 8.50011348724365 8.45274925231934
-3.4e+38 -3.4e+38 -3.4e+38 -3.4e+38 -3.4e+38 -3.4e+38 -3.4e+38 -3.4e+38 15.9575319290161 16.5541763305664 15.9822559356689 12.8577136993408 13.4573726654053 11.5574007034302 7.99409961700439 6.07766962051392 7.56369590759277 6.62563419342041 8.27602863311768 10.5812826156616 7.01264095306396 4.32059335708618 5.28299427032471 -3.4e+38 7.05142402648926 7.35115098953247 8.84722805023193 8.95988178253174 8.21604156494141 8.60037326812744 9.22154712677002 9.48393535614014 9.44006729125977 8.65388107299805 6.52074432373047 6.16081237792969 5.8773307800293 6.25315141677856 7.76458549499512 8.07107067108154 8.06144523620605 6.96114873886108 7.4791374206543 5.75702667236328 6.89726305007935 7.07049703598022 6.60272169113159
-3.4e+38 -3.4e+38 -3.4e+38 -3.4e+38 -3.4e+38 -3.4e+38 -3.4e+38 13.0823621749878 12.5451583862305 14.6446056365967 15.860164642334 14.1262359619141 13.1032686233521 -3.4e+38 6.4753360748291 -3.4e+38 -3.4e+38 -3.4e+38 -3.4e+38 -3.4e+38 -3.4e+38 -3.4e+38 -3.4e+38 -3.4e+38 -3.4e+38 -3.4e+38 7.7334189414978 7.53762531280518 8.01529884338379 8.66576099395752 9.13959503173828 7.94601583480835 7.07160329818726 7.07560396194458 5.80894613265991 6.01925325393677 6.12343502044678 6.43147277832031 6.88365840911865 7.78978443145752 7.39244985580444 6.64677238464355 6.68060874938965 6.28273248672485 -3.4e+38 5.65685415267944 6.77347040176392
-3.4e+38 -3.4e+38 -3.4e+38 -3.4e+38 -3.4e+38 -3.4e+38 14.8763704299927 13.6055936813354 12.5676736831665 11.962869644165 12.9010772705078 13.2785215377808 8.11556911468506 -3.4e+38 -3.4e+38 7.93987941741943 9.08189868927002 9.10654544830322 6.23279333114624 9.72642421722412 8.86619758605957 -3.4e+38 -3.4e+38 -3.4e+38 -3.4e+38 8.24468231201172 8.05581474304199 7.4571967124939 8.31411075592041 8.49533653259277 8.16449165344238 7.34476518630981 7.06700134277344 6.25613737106323 5.76889324188232 5.51089572906494 6.63207006454468 7.17530870437622 7.2837986946106 7.49985599517822 6.99378395080566 5.14220476150513 4.94294738769531 5.02883672714233 6.95808506011963 6.6487078666687 6.08906126022339
-3.4e+38 -3.4e+38 -3.4e+38 -3.4e+38 -3.4e+38 15.3383178710938 15.8544244766235 13.6468706130981 12.179425239563 10.8013019561768 11.1856184005737 9.09719944000244 7.37957811355591 -3.4e+38 8.92063331604004 7.89263677597046 8.19274234771729 8.05415058135986 11.7658367156982 10.4376859664917 10.0219411849976 8.92903137207031 9.55018901824951 -3.4e+38 -3.4e+38 7.85294675827026 7.9591817855835 7.56823968887329 7.5255298614502 8.37517738342285 8.82314109802246 7.96317577362061 8.26673126220703 7.16913795471191 8.34967041015625 7.19160890579224 6.00817346572876 6.52128171920776 6.92897748947144 8.03855895996094 7.52489137649536 6.43074798583984 6.08977508544922 -3.4e+38 -3.4e+38 5.30136299133301 7.26137828826904
-3.4e+38 -3.4e+38 -3.4e+38 -3.4e+38 -3.4e+38 15.2384119033813 15.5548658370972 13.1716709136963 11.6480026245117 11.3982391357422 9.94172382354736 7.15328454971313 5.67927408218384 9.24593162536621 8.77308464050293 7.77684259414673 7.59960508346558 8.99256134033203 9.69717311859131 9.04797458648682 8.88959503173828 8.80731201171875 9.36257266998291 9.00669765472412 8.26829147338867 6.80947780609131 7.78202629089355 7.24623680114746 7.65987777709961 8.17957973480225 8.47238159179688 8.99499797821045 8.53024005889893 7.50482606887817 7.7568359375 8.9124698638916 5.74704456329346 5.65649509429932 7.81227397918701 8.77866268157959 7.68076801300049 4.98914384841919 6.12858724594116 6.28710031509399 4.67666864395142 7.22177171707153 7.62227964401245
-3.4e+38 -3.4e+38 -3.4e+38 -3.4e+38 -3.4e+38 15.4819574356079 12.622239112854 12.3013353347778 10.4537363052368 9.20242500305176 5.39777374267578 6.45335674285889 7.39337110519409 8.0310525894165 8.43749332427979 8.06660938262939 7.79614448547363 8.90887260437012 9.56429481506348 9.26628875732422 9.41549110412598 8.6553430557251 9.221266746521 7.05962562561035 7.37777090072632 8.23478221893311 7.15308856964111 7.68981790542603 8.04538440704346 7.87871551513672 7.74385786056519 8.1242847442627 9.07351493835449 8.46908092498779 7.84899187088013 10.5148401260376 7.5392746925354 6.29983377456665 6.77892017364502 7.89661645889282 8.78677272796631 7.14867448806763 5.57484483718872 6.41005897521973 5.8885760307312 6.85350370407104 6.89832353591919
-339999999999999996128486808808066248288.000000000000000 -3.4e+38 -3.4e+38 -3.4e+38 -3.4e+38 13.5514078140259 11.994101524353 11.6194639205933 9.98327159881592 8.76134777069092 4.64807367324829 5.39675521850586 7.44683408737183 7.40311098098755 8.52822875976562 7.15077495574951 6.92546367645264 7.86821699142456 9.57394218444824 9.72975444793701 9.47982215881348 8.70348453521729 8.51136779785156 6.92814445495605 8.15810871124268 8.34242725372314 7.58244752883911 7.11567258834839 7.49703693389893 7.16607904434204 8.63839149475098 7.48917388916016 8.46625328063965 -3.4e+38 11.1089296340942 11.3813371658325 7.50845193862915 7.48940277099609 7.36979055404663 10.1779050827026 10.075569152832 7.28867292404175 7.1364574432373 6.21215915679932 6.15455293655396 6.46773719787598 6.15987157821655
-3.4e+38 -3.4e+38 -3.4e+38 -3.4e+38 -3.4e+38 13.9787569046021 11.0579280853271 10.8059949874878 9.65190124511719 6.94650793075562 6.06037664413452 6.25064420700073 7.18901920318604 7.56761980056763 8.04288291931152 7.7083158493042 7.41007995605469 7.8352689743042 8.53713893890381 10.3022480010986 9.35825157165527 9.28174495697021 7.64538335800171 8.8687572479248 8.28258419036865 7.50637865066528 7.68013954162598 6.72371101379395 6.26364850997925 7.58342266082764 -3.4e+38 9.94179630279541 8.52042198181152 7.34039115905762 9.26924991607666 9.88861274719238 8.37151622772217 6.64315509796143 7.70763683319092 9.46978855133057 9.37830638885498 7.72225046157837 7.43448686599731 7.29099607467651 6.52252101898193 8.39979839324951 5.07975769042969
-3.4e+38 -3.4e+38 -3.4e+38 -3.4e+38 18.0705947875977 15.4058065414429 11.7956237792969 11.1496820449829 9.8472900390625 6.38708353042603 5.78507995605469 6.56960439682007 7.36895132064819 7.42525148391724 7.51961278915405 7.63506507873535 6.86545181274414 8.02718448638916 8.04209041595459 9.24468517303467 9.81435203552246 9.28363037109375 9.31914043426514 7.52180957794189 6.50199556350708 -3.4e+38 7.44670867919922 6.61388635635376 6.18796682357788 6.22213459014893 6.0575737953186 -3.4e+38 8.6826810836792 6.64875268936157 10.9965744018555 9.16914558410645 8.46157741546631 7.29135704040527 7.51770544052124 9.06613445281982 8.71159839630127 7.92071104049683 7.60077047348022 7.49819374084473 6.97311162948608 8.22720718383789 12.7637710571289
-3.4e+38 -3.4e+38 -3.4e+38 -3.4e+38 -3.4e+38 15.4226217269897 11.5462369918823 10.3493642807007 8.92110824584961 6.04176664352417 6.14005088806152 5.7405252456665 6.54907608032227 7.67656326293945 7.85283041000366 7.84950733184814 7.17534255981445 6.43091821670532 5.30266761779785 7.28061294555664 9.70522499084473 10.5748462677002 9.06696128845215 6.86622619628906 5.86290550231934 -3.4e+38 8.17469596862793 7.33346462249756 5.58363246917725 8.50329685211182 9.03664207458496 -3.4e+38 -3.4e+38 6.61100053787231 11.1692419052124 9.26677989959717 7.59242343902588 7.51965713500977 10.3089485168457 8.5259838104248 8.19618988037109 8.34463787078857 7.62241840362549 7.60323619842529 7.7854151725769 8.09396171569824 7.88226509094238
-3.4e+38 -3.4e+38 -3.4e+38 -3.4e+38 -3.4e+38 13.4049072265625 11.8740482330322 10.3691139221191 9.6571569442749 8.36393737792969 5.7846040725708 6.11850786209106 6.34100484848022 6.79652500152588 8.45423889160156 8.38533496856689 7.81956386566162 8.02313041687012 9.27754592895508 9.41097164154053 8.52684497833252 10.0430574417114 8.6103982925415 7.67047882080078 9.88732051849365 -3.4e+38 -3.4e+38 8.60098266601562 8.50987911224365 -3.4e+38 8.91365814208984 9.74713134765625 9.03550815582275 9.85593318939209 10.9459991455078 9.16362380981445 7.55355787277222 7.19413423538208 8.5856466293335 8.73791694641113 8.21134090423584 7.96037435531616 7.63532257080078 7.33337783813477 7.63930654525757 8.12662410736084 7.66678237915039
-3.4e+38 -3.4e+38 -3.4e+38 -3.4e+38 -3.4e+38 12.6590633392334 11.5815105438232 10.6526165008545 11.9126462936401 10.9432106018066 7.8654317855835 7.66865730285645 6.32336616516113 -3.4e+38 9.03663730621338 8.12436676025391 8.22819709777832 9.79920959472656 10.0734806060791 7.6049690246582 8.50049114227295 8.51004886627197 8.92881488800049 8.65793609619141 9.67448997497559 8.64080905914307 9.27285289764404 -3.4e+38 6.90684032440186 -3.4e+38 7.41644811630249 9.08247089385986 10.0200252532959 10.1457815170288 10.6983203887939 8.94589710235596 6.93450450897217 7.49267196655273 8.56762027740479 8.28741455078125 7.83664751052856 7.00130462646484 6.83488321304321 6.84273910522461 7.68796491622925 7.66811084747314 7.91153573989868
-3.4e+38 -3.4e+38 -3.4e+38 -3.4e+38 -3.4e+38 -3.4e+38 11.9853382110596 11.2854518890381 11.4534893035889 11.5213403701782 8.6129322052002 10.1086072921753 -3.4e+38 -3.4e+38 8.33728790283203 9.03026103973389 9.63898086547852 9.83199405670166 9.79926586151123 9.762619972229 9.22384548187256 9.61940670013428 9.48922061920166 10.0208902359009 9.58502578735352 9.0773286819458 9.03384971618652 8.260498046875 7.74677324295044 6.44512367248535 6.60439538955688 8.52222633361816 9.29970550537109 10.4815502166748 10.8973894119263 7.51409244537354 8.85832023620605 7.62072134017944 7.1264533996582 7.3983907699585 7.69247245788574 7.09311819076538 6.38043594360352 6.22834300994873 6.5007438659668 7.15890836715698 7.84294176101685
-3.4e+38 -3.4e+38 -3.4e+38 -3.4e+38 -3.4e+38 -3.4e+38 10.937047958374 10.845344543457 10.3856401443481 10.1770849227905 8.60065269470215 9.07951641082764 7.75230264663696 7.87254428863525 8.44443321228027 8.97474193572998 9.23369979858398 9.47460651397705 9.60445594787598 10.2592849731445 9.66117572784424 9.7567720413208 9.4346752166748 10.06067943573 10.2126512527466 9.65150928497314 9.43024253845215 8.79630374908447 7.52604055404663 6.27988862991333 7.64973163604736 8.651291847229 8.15474128723145 9.01642894744873 11.5418310165405 7.2670316696167 7.37928581237793 8.12722396850586 8.45373058319092 8.76624584197998 8.26201152801514 7.82010221481323 7.40321826934814 7.33931875228882 7.70789957046509 7.60343790054321 7.38459396362305
-3.4e+38 -3.4e+38 -3.4e+38 -3.4e+38 -3.4e+38 -3.4e+38 11.9995832443237 10.3615283966064 10.79665184021 10.2860813140869 8.22995376586914 7.16378211975098 8.31421566009521 8.12594413757324 8.16306686401367 9.08394336700439 9.23667335510254 9.10732936859131 9.20876884460449 10.0707664489746 9.56333160400391 9.57293510437012 9.77329635620117 10.1600484848022 10.3647842407227 9.89287376403809 9.34972286224365 8.55573272705078 6.81277799606323 6.11637401580811 7.46902227401733 8.34961414337158 8.38807582855225 7.64839315414429 10.0277671813965 8.73426818847656 7.11397075653076 7.92709350585938 9.15157222747803 9.1107234954834 7.55724620819092 7.4649863243103 6.73776531219482 6.8438982963562 7.3900294303894 7.13960218429565 6.54875755310059
-3.4e+38 -3.4e+38 -3.4e+38 -3.4e+38 -3.4e+38 -3.4e+38 -3.4e+38 11.5081005096436 11.1252727508545 10.1410284042358 7.79457998275757 8.52286434173584 8.33667945861816 8.5306568145752 8.08555889129639 8.43970775604248 8.84340000152588 9.05017471313477 9.56341934204102 9.74165153503418 9.83048057556152 9.62387084960938 9.9126091003418 10.5438041687012 10.2965707778931 9.98396110534668 9.65794563293457 9.07513046264648 7.25713205337524 5.42701387405396 7.64423799514771 8.65555286407471 8.42800521850586 7.38621759414673 7.62419366836548 6.70091009140015 8.11283683776855 8.56360626220703 8.79952907562256 7.79760313034058 7.72777700424194 7.79945278167725 7.39728593826294 7.47211647033691 7.42466354370117 7.40906715393066 7.31360721588135
-3.4e+38 -3.4e+38 -3.4e+38 -3.4e+38 -3.4e+38 -3.4e+38 -3.4e+38 11.2836360931396 9.82208251953125 8.89044189453125 8.27037811279297 8.02322483062744 8.70139122009277 8.70313453674316 8.05757808685303 8.29359245300293 8.80214309692383 8.43278980255127 8.85851669311523 9.14923858642578 9.69540309906006 9.72351932525635 9.64622020721436 8.53114128112793 10.0058364868164 9.92406368255615 9.50076484680176 8.72204971313477 8.77795314788818 -3.4e+38 -3.4e+38 7.60944557189941 8.01521301269531 7.63767385482788 8.86019611358643 6.20583820343018 8.03828144073486 8.85567283630371 8.51159477233887 8.95311164855957 10.4713726043701 9.0633659362793 7.82734346389771 7.56609773635864 7.54376029968262 7.19219255447388 7.86448955535889
-3.4e+38 -3.4e+38 -3.4e+38 -3.4e+38 -3.4e+38 -3.4e+38 12.7335939407349 11.0956621170044 8.79445934295654 7.20416688919067 7.40277719497681 7.87192153930664 9.0348653793335 8.58849334716797 8.08803653717041 7.97360754013062 8.29802989959717 8.21560573577881 8.43033313751221 9.08768749237061 9.58737087249756 9.46279907226562 9.90469837188721 8.41314506530762 6.5381007194519 -3.4e+38 9.58705234527588 7.86885070800781 -3.4e+38 8.94302463531494 8.24649810791016 8.03209018707275 8.68090724945068 7.69875717163086 4.83389568328857 6.72473907470703 7.88309812545776 10.0869264602661 10.7917442321777 11.8619165420532 11.3571186065674 11.1689291000366 6.70880460739136 6.39754962921143 7.28786039352417 7.43451261520386 7.63456678390503
-3.4e+38 -3.4e+38 -3.4e+38 -3.4e+38 -3.4e+38 -3.4e+38 11.8067598342896 10.5649356842041 7.46914768218994 6.52268648147583 7.97184276580811 8.44116401672363 9.15675640106201 8.87102603912354 8.22151184082031 7.88642692565918 8.07552909851074 7.82127380371094 8.21256065368652 8.81641864776611 8.82152652740479 8.90689277648926 8.69803142547607 7.58024644851685 9.59552955627441 6.81819152832031 8.38981056213379 -3.4e+38 -3.4e+38 -3.4e+38 7.72822380065918 7.42194080352783 7.48466062545776 8.22679805755615 7.74661636352539 7.93255043029785 8.69014358520508 10.5304832458496 10.9576930999756 10.8603363037109 11.1480741500854 9.88767910003662 7.53328609466553 7.46877002716064 7.7594199180603 7.49728441238403 7.86264705657959
-3.4e+38 -3.4e+38 -3.4e+38 -3.4e+38 -3.4e+38 11.8786373138428 10.8210325241089 8.94628143310547 6.16784238815308 6.02189683914185 7.92366647720337 9.4586238861084 9.36936855316162 9.27424716949463 8.29714202880859 7.73322343826294 7.56491851806641 6.75600862503052 7.56504440307617 7.90485191345215 7.4563159942627 7.6917519569397 8.30577182769775 8.81863689422607 9.65440082550049 8.75597381591797 5.41802263259888 -3.4e+38 -3.4e+38 -3.4e+38 8.29927253723145 6.41116809844971 5.40897369384766 8.17687034606934 8.2474193572998 10.6334934234619 8.70206356048584 9.04928874969482 9.92109203338623 10.4880905151367 9.76386833190918 8.13402557373047 7.89252662658691 8.30488395690918 7.70788049697876 7.26128721237183 7.61473655700684
