Ecospace-environmental-drivers/Outputs/ASCII-for-ecospace/ChlA/ChlA_X2014.11.asc
NCOLS 131 
NROWS 53 
XLLCORNER -98 
YLLCORNER 23.9265270233154 
CELLSIZE 0.133587792515755 
NODATA_value -3.4e+38 
[rows 21 to 41 of 53, columns 47 to 93 of 131]
18.8424377441406 19.4167919158936 19.2157154083252 19.4342269897461 19.8260898590088 19.9322662353516 21.3143825531006 20.4345951080322 20.5000991821289 21.5693130493164 22.9087142944336 26.0320606231689 27.7177848815918 27.2996826171875 24.5068645477295 22.670539855957 22.1781558990479 21.1587581634521 20.2391967773438 20.2673416137695 19.9251651763916 19.4066677093506 18.2907543182373 17.8012962341309 17.9755115509033 17.894193649292 17.7396621704102 17.1195964813232 17.3675746917725 17.5519161224365 18.0451278686523 18.7758388519287 18.8194198608398 19.005859375 19.0348320007324 19.2859687805176 19.1546897888184 18.9091167449951 18.8089351654053 18.9506092071533 18.7679977416992 18.2622413635254 18.3283729553223 18.140739440918 18.2367305755615 18.1959686279297 18.1421718597412
16.9057693481445 17.8126754760742 18.6871738433838 18.4346237182617 19.1523456573486 19.474946975708 19.7822666168213 20.3061752319336 20.1807079315186 20.3539199829102 21.7148838043213 23.081184387207 24.5695476531982 23.7825508117676 21.7239112854004 20.8996601104736 20.8301258087158 19.8668518066406 19.3825073242188 19.3869953155518 19.9979496002197 19.5414199829102 17.9830055236816 18.1298828125 18.4049682617188 17.3315715789795 16.365406036377 16.3205299377441 16.3259754180908 16.5954265594482 17.2206726074219 18.2382488250732 18.8053073883057 18.516429901123 18.569465637207 18.8581962585449 18.7176723480225 19.0655364990234 19.1484718322754 19.0770988464355 19.0568790435791 18.6696243286133 18.2133941650391 18.286075592041 18.5179958343506 18.521484375 18.290433883667
16.8191871643066 17.1339435577393 17.2586250305176 17.857738494873 18.0370235443115 18.9219875335693 18.6740417480469 19.602258682251 20.5050678253174 20.9674167633057 20.055456161499 19.7516937255859 20.5868530273438 20.2192192077637 19.4824256896973 18.8826541900635 18.8583374023438 19.0698070526123 18.8160305023193 19.2886791229248 19.2193126678467 18.3470096588135 16.6775894165039 16.9878368377686 17.0229682922363 16.4978828430176 16.0043621063232 16.495626449585 16.3751411437988 16.1984329223633 15.8875932693481 15.985897064209 17.1993503570557 17.8807735443115 18.109073638916 18.2809753417969 18.6883029937744 19.3534736633301 19.5485458374023 19.1820411682129 18.7458477020264 17.9836387634277 17.2999935150146 17.7095031738281 18.0058612823486 18.3475971221924 18.3407897949219
16.4053192138672 16.6506423950195 16.6996765136719 16.9419174194336 17.4955463409424 18.5935688018799 18.9908809661865 18.9483509063721 19.748441696167 19.5024433135986 19.0320835113525 18.4686889648438 18.313892364502 19.387056350708 19.0130424499512 19.3002777099609 19.0788059234619 19.0984935760498 19.0372409820557 19.3385334014893 19.6550903320312 17.2935523986816 15.8666791915894 16.0343379974365 15.9710454940796 16.0278644561768 16.2480049133301 16.2299652099609 16.5851860046387 16.7134971618652 16.1566333770752 15.9499320983887 16.0344371795654 16.7943630218506 17.4571266174316 18.1160411834717 17.9383373260498 18.1925411224365 18.6460838317871 18.924991607666 18.3536472320557 18.0724449157715 17.0784778594971 17.0337142944336 17.3496246337891 17.6971607208252 17.9958190917969
16.3501720428467 16.2582416534424 16.5398445129395 16.7390422821045 17.5297775268555 18.1932945251465 18.9177665710449 18.8727283477783 18.7086448669434 18.7906799316406 18.2896499633789 17.5531215667725 17.462495803833 17.7417297363281 18.569953918457 18.3058795928955 17.844705581665 17.7261085510254 18.8278293609619 19.3276844024658 19.0365886688232 16.692081451416 15.9669103622437 16.0004844665527 15.9004058837891 16.0728282928467 16.1353225708008 16.0506439208984 16.4554080963135 15.7704019546509 15.7918004989624 15.8202857971191 15.7884559631348 15.8289756774902 16.2169303894043 16.5832538604736 16.529857635498 17.0816860198975 17.9879951477051 18.2735176086426 18.1948947906494 17.9490375518799 17.6381568908691 17.2679252624512 17.2313766479492 17.3791332244873 17.2373447418213
16.2937488555908 16.2803936004639 16.4787521362305 16.6263122558594 17.0856819152832 17.5647926330566 18.5980491638184 18.8384456634521 18.37233543396 17.6510524749756 18.1058712005615 17.358003616333 17.0351905822754 17.0745334625244 17.7630367279053 17.3584880828857 16.6668472290039 16.26881980896 16.4134483337402 19.289852142334 17.6536827087402 16.0870094299316 15.9532699584961 16.0254859924316 16.0279922485352 16.0899791717529 16.0000095367432 16.1349143981934 16.1330852508545 16.1228523254395 15.8378505706787 15.7816495895386 15.7551736831665 15.7925691604614 15.8676290512085 15.859673500061 16.2578411102295 16.7029476165771 16.7027473449707 17.7157726287842 18.1403465270996 18.0393943786621 18.0215225219727 17.1433525085449 16.1856174468994 16.0559368133545 16.4700527191162
16.6682205200195 16.3622989654541 16.5406436920166 16.693338394165 16.7872009277344 17.497989654541 19.0420036315918 18.3366394042969 17.4885673522949 16.6257038116455 16.5303173065186 16.2549839019775 15.7427091598511 16.3142604827881 16.3042602539062 16.2567539215088 16.4594211578369 16.3446960449219 15.9760408401489 16.2481021881104 16.1149463653564 15.9148616790771 16.0138378143311 16.0092601776123 16.1507835388184 15.8966159820557 15.9003171920776 15.8863668441772 16.0519618988037 16.1764965057373 16.2404537200928 15.8185081481934 15.519907951355 15.5322961807251 15.6177129745483 15.7217893600464 16.2756500244141 17.1246204376221 16.8048801422119 17.4741592407227 18.6923961639404 18.6746883392334 18.1426467895508 16.6460208892822 16.0674381256104 15.9363145828247 15.9022054672241
16.2427101135254 16.3431625366211 16.4633102416992 16.5839080810547 16.837194442749 18.0064792633057 19.5276641845703 17.3592357635498 16.5907726287842 16.4137020111084 16.6154537200928 15.7979698181152 15.5430555343628 15.7378559112549 16.1944980621338 16.467098236084 16.7753124237061 16.0699634552002 15.7475309371948 15.7041063308716 15.9645853042603 16.1091938018799 16.4041442871094 15.956244468689 15.8328285217285 15.6708917617798 16.065242767334 16.021240234375 16.2746982574463 16.2761688232422 16.3635234832764 15.7854661941528 15.7098302841187 15.4894561767578 15.5593366622925 15.818920135498 16.1896839141846 16.1692314147949 16.0362148284912 16.5146560668945 18.3476104736328 18.4464130401611 18.1075592041016 16.835657119751 16.2170009613037 15.8080635070801 15.5238990783691
16.4118957519531 16.5129528045654 16.6134719848633 16.5774269104004 17.0843772888184 19.0356044769287 20.4017772674561 17.1726989746094 16.3906688690186 16.6717624664307 17.1688632965088 16.6014823913574 16.0448474884033 15.8662824630737 17.0617790222168 17.0810050964355 16.4471321105957 15.9272022247314 15.8228845596313 15.9459743499756 16.2074546813965 15.9987602233887 15.7633790969849 15.7183494567871 15.8829069137573 15.7718687057495 15.7632665634155 15.9339256286621 16.2426795959473 16.3221340179443 16.3691139221191 15.8692407608032 15.8126440048218 15.7716016769409 15.5629768371582 15.3799180984497 15.3667268753052 15.5788459777832 15.8258390426636 15.9057350158691 16.9476928710938 18.2689800262451 17.8698062896729 16.4961318969727 15.5693912506104 15.4943284988403 15.4038066864014
16.6544933319092 16.6717472076416 16.9545021057129 16.8191509246826 17.2753505706787 19.6806411743164 19.1998596191406 17.9643821716309 16.7880897521973 16.7688083648682 17.2288093566895 17.6456203460693 16.9363441467285 16.1189002990723 17.0080242156982 17.3024101257324 16.8874053955078 16.2116813659668 16.0154571533203 16.0512561798096 15.8794898986816 15.5900974273682 15.6480369567871 15.5871419906616 15.7835235595703 16.0658950805664 16.1373958587646 16.2726440429688 16.1923522949219 16.247142791748 16.3445415496826 16.0949840545654 16.11545753479 15.7923469543457 15.8304128646851 15.6137580871582 15.363242149353 15.4688234329224 15.4156293869019 15.3613357543945 15.4605627059937 16.0771942138672 16.4811153411865 16.4779319763184 15.9806613922119 15.3968029022217 15.2989110946655
16.8214473724365 16.6736125946045 16.957555770874 17.3593082427979 18.039608001709 18.6512107849121 18.0235061645508 17.4163436889648 16.7845687866211 16.678014755249 17.0648384094238 17.3632736206055 16.7426643371582 15.9345607757568 16.0355110168457 16.842378616333 17.4040012359619 16.8659820556641 16.981351852417 16.4375381469727 15.9208173751831 15.4801177978516 15.3467149734497 15.6172914505005 15.7073917388916 15.8226099014282 15.8294630050659 16.0037117004395 15.8429851531982 15.8070640563965 16.2069530487061 16.111852645874 15.9250526428223 15.7643938064575 15.8732814788818 15.63525390625 15.5003623962402 15.495719909668 15.4064617156982 15.2456150054932 15.1133060455322 14.8228626251221 14.8988189697266 15.6993560791016 15.8280267715454 15.6473779678345 15.7381649017334
16.3625526428223 16.6761856079102 16.8991756439209 17.3934650421143 18.6234703063965 18.1904830932617 18.0206260681152 17.0262584686279 16.7177925109863 16.7493553161621 17.165735244751 17.2661838531494 16.9647731781006 15.6786422729492 15.7385625839233 16.5668487548828 17.3343372344971 17.1336231231689 17.4223747253418 17.4210758209229 16.3025398254395 15.9173936843872 15.4769830703735 15.3923149108887 15.7717781066895 15.7254867553711 15.526759147644 15.7701454162598 15.736909866333 15.9142379760742 15.8549842834473 15.7800264358521 15.6960697174072 15.7048807144165 15.7746391296387 15.7874250411987 15.8096323013306 15.9093990325928 15.6117343902588 15.9669370651245 15.7991313934326 15.0425624847412 14.7109279632568 15.4602890014648 15.5326910018921 15.8150901794434 16.0689964294434
17.003833770752 17.0366516113281 17.5833263397217 17.9525775909424 18.0107803344727 17.9980659484863 17.8405818939209 17.6023654937744 17.6606941223145 17.9432373046875 17.4299030303955 16.8650035858154 16.1586360931396 15.5586986541748 15.4507637023926 16.1013927459717 17.2579002380371 17.4738941192627 17.9573574066162 17.7017955780029 16.2684097290039 16.0557270050049 15.5871438980103 15.5091314315796 15.8154954910278 15.4150218963623 15.2006092071533 15.3388748168945 15.3340940475464 15.4442090988159 15.6615076065063 15.7474899291992 15.4616584777832 15.7303867340088 15.7612562179565 15.839940071106 15.6848001480103 15.4815454483032 15.4339141845703 16.9385604858398 16.5976829528809 14.5765285491943 15.544397354126 15.5350971221924 15.4663906097412 15.5088672637939 15.7115030288696
17.4011936187744 17.7256317138672 17.9047145843506 17.7508010864258 17.6006717681885 17.8316974639893 18.4085083007812 17.8789482116699 17.6968269348145 17.2648315429688 17.0985774993896 16.6754322052002 15.6584224700928 15.6061925888062 15.403902053833 15.5953397750854 16.1589584350586 16.6343669891357 16.7395896911621 16.8934993743896 16.5196857452393 15.6120023727417 15.4196710586548 16.0506248474121 16.8882007598877 16.6176605224609 15.8873052597046 15.3520927429199 15.3724536895752 15.1915760040283 15.249683380127 15.1244564056396 15.301043510437 15.5613250732422 15.5686025619507 15.1035118103027 14.8712339401245 14.6702766418457 16.1959667205811 16.7343502044678 16.4444160461426 15.9443206787109 15.4114866256714 15.2049674987793 15.2474536895752 15.8603754043579 16.0963649749756
17.4433650970459 17.4678287506104 17.6446990966797 17.476354598999 17.6472568511963 18.177074432373 18.0775413513184 17.5214176177979 17.0505313873291 16.8748474121094 16.7480888366699 16.1376266479492 15.7117252349854 15.5166292190552 15.440601348877 15.4900236129761 16.3529682159424 17.4922161102295 16.6920413970947 16.5293083190918 16.5213413238525 15.7436780929565 14.988657951355 15.3888731002808 16.0054550170898 16.8770580291748 17.7133121490479 17.131441116333 15.9914445877075 15.5649461746216 15.1512870788574 15.0316190719604 15.0294523239136 15.0595188140869 14.7650604248047 14.6415023803711 14.5197639465332 15.1677026748657 16.0565090179443 16.1241416931152 15.1589765548706 15.6623735427856 14.757740020752 15.4005184173584 15.9409589767456 16.4883937835693 16.4739189147949
17.1089153289795 17.2238330841064 17.1464252471924 17.0695934295654 17.924768447876 17.9413795471191 17.4509429931641 17.1029644012451 16.4788551330566 16.0524101257324 15.7308874130249 15.7059965133667 15.8210535049438 15.8664083480835 15.6979179382324 15.5748195648193 16.0737552642822 16.1318740844727 16.4103202819824 16.9335956573486 17.1129302978516 16.5871067047119 15.0779151916504 15.1798391342163 15.4669704437256 15.8881978988647 17.3040523529053 19.99778175354 16.2423191070557 15.5325746536255 14.910099029541 14.8954963684082 14.9054737091064 14.7720251083374 14.7117605209351 14.6242113113403 14.6432323455811 16.1889839172363 16.5070495605469 15.7267293930054 15.5688819885254 15.1188116073608 15.500129699707 16.1250705718994 16.7830448150635 17.065601348877 16.8081874847412
16.2137470245361 16.3468170166016 16.5919971466064 16.7113609313965 16.9689311981201 17.354024887085 16.5695571899414 16.482006072998 15.9055786132812 15.4938917160034 15.5406923294067 15.5363674163818 15.5684576034546 15.4764404296875 15.4252767562866 15.4624471664429 15.6041383743286 15.5448808670044 15.8769578933716 17.3167552947998 17.9042491912842 17.2458763122559 15.7983627319336 14.9769239425659 15.2159938812256 15.4416742324829 16.6253623962402 16.7719345092773 16.1950950622559 15.5246820449829 14.7880258560181 14.6878423690796 14.673451423645 14.75168800354 14.7246618270874 14.6844272613525 15.1687421798706 15.7756099700928 16.333963394165 16.5752544403076 15.8039979934692 15.7656965255737 16.2385234832764 16.647497177124 16.7905864715576 16.8720283508301 16.5968818664551
16.1960754394531 15.9162216186523 15.7570018768311 15.8036136627197 15.8217887878418 15.8181934356689 15.827299118042 16.3496570587158 16.3728637695312 16.1565246582031 15.7753868103027 15.5216064453125 15.2512540817261 15.4312295913696 15.6073837280273 15.7978763580322 16.2304592132568 15.570182800293 15.5264835357666 16.0794868469238 17.1426391601562 16.7569828033447 16.4915733337402 14.9410810470581 14.9807615280151 14.9375705718994 14.906702041626 15.6638917922974 15.5880756378174 15.1093940734863 14.6682834625244 14.5970058441162 14.678409576416 14.6178331375122 14.6686239242554 14.7844858169556 14.8866119384766 15.2281055450439 15.8963279724121 16.2876853942871 15.773886680603 16.031005859375 16.7368907928467 16.7616214752197 16.5417079925537 16.3676719665527 16.2140579223633
15.8541116714478 15.6852884292603 15.7836294174194 15.7566947937012 15.5140829086304 15.5487766265869 15.775128364563 15.7653198242188 16.1260967254639 16.0302600860596 15.8266363143921 15.4088640213013 15.5515279769897 15.4245319366455 15.5689258575439 15.4035701751709 15.8418941497803 16.039701461792 15.6767988204956 15.464243888855 15.6084356307983 15.4909420013428 15.6299486160278 15.0344924926758 14.9601078033447 14.7453126907349 14.7338695526123 14.638484954834 14.7386016845703 14.7592802047729 14.5342979431152 14.4661493301392 14.6620845794678 14.6918258666992 14.3874387741089 15.049542427063 15.2872123718262 15.3061361312866 15.4817667007446 15.38978099823 15.2864151000977 15.8041410446167 16.1585388183594 15.7122344970703 15.6950521469116 15.5628604888916 15.3859310150146
15.7828807830811 15.7639808654785 15.7810697555542 15.8849649429321 15.5779180526733 15.7691526412964 15.9317932128906 16.1455688476562 16.4343433380127 16.2342739105225 15.9889106750488 15.5693817138672 15.5783567428589 15.5707015991211 15.3588829040527 15.2784795761108 15.3163566589355 15.8608140945435 16.3186016082764 15.8232221603394 15.4587726593018 15.0238018035889 15.4094009399414 15.1680164337158 14.7826452255249 14.6711921691895 14.5176973342896 14.6814403533936 14.6525087356567 14.9197015762329 14.7058620452881 14.4087409973145 14.5435495376587 14.6202297210693 14.7998180389404 15.4287214279175 15.2496652603149 15.2408809661865 14.9445943832397 15.2199459075928 15.212043762207 15.5149955749512 15.6321563720703 15.2460269927979 15.1692781448364 15.1713981628418 15.152606010437
15.5183744430542 15.5697259902954 16.0116806030273 16.0187206268311 15.7552547454834 15.8153505325317 15.6957178115845 15.8989276885986 16.0828609466553 15.8207721710205 15.7213497161865 16.0655879974365 16.013708114624 15.6842927932739 15.2895441055298 15.0645313262939 14.9071168899536 14.9869823455811 15.8591651916504 16.3479671478271 16.3851089477539 14.9504852294922 15.2096920013428 15.3761310577393 15.1149883270264 14.9008092880249 14.7457132339478 15.0269212722778 14.6315574645996 14.4494762420654 14.4093255996704 14.5029315948486 14.3699140548706 14.7879610061646 14.979923248291 15.3231344223022 14.9742984771729 15.0397806167603 15.0923833847046 15.1695489883423 15.0569305419922 15.0674953460693 14.9924154281616 15.0886602401733 15.0897531509399 14.9415912628174 14.8570461273193
