Ecospace-environmental-drivers/Outputs/ASCII-for-ecospace/ChlA/ChlA_X2012.10.asc
NCOLS 131 
NROWS 53 
XLLCORNER -98 
YLLCORNER 23.9265270233154 
CELLSIZE 0.133587792515755 
NODATA_value -3.4e+38 
[rows 21 to 41 of 53, columns 0 to 46 of 131]
-3.4e+38 -3.4e+38 -3.4e+38 -3.4e+38 -3.4e+38 -3.4e+38 20.0808753967285 17.1087760925293 -3.4e+38 19.2473278045654 19.3948249816895 16.3328628540039 15.9107103347778 14.7155618667603 12.9098033905029 12.202977180481 12.3808717727661 11.2635860443115 9.81631946563721 9.42478370666504 9.56125831604004 9.51066398620605 9.82052707672119 9.56407642364502 9.51607513427734 9.40494918823242 9.5156307220459 9.28490829467773 9.04047679901123 8.59928417205811 8.6659574508667 8.26559257507324 8.54958820343018 8.60459518432617 8.78089332580566 9.00598526000977 8.78784847259521 8.95137786865234 9.02464199066162 9.03244495391846 9.39630031585693 9.20285701751709 9.27002048492432 9.13126850128174 8.97857189178467 8.86856460571289 8.97742938995361
-3.4e+38 -3.4e+38 -3.4e+38 -3.4e+38 -3.4e+38 -3.4e+38 -3.4e+38 17.7834320068359 19.8254070281982 17.922721862793 15.9500827789307 14.4149389266968 13.6774806976318 13.189642906189 11.7240695953369 10.8683967590332 10.7596426010132 10.8273696899414 10.5040740966797 9.62904357910156 9.25899124145508 8.7509126663208 8.61068153381348 8.77493190765381 8.86006832122803 8.94567966461182 8.92447185516357 8.69024562835693 8.59802627563477 8.56605339050293 8.51507186889648 8.38875389099121 8.5414457321167 8.75090217590332 8.60268783569336 8.72040367126465 8.93191146850586 8.70062160491943 8.67731666564941 8.69756889343262 8.82765197753906 8.86435508728027 8.83488464355469 8.88047027587891 8.81384658813477 8.82180023193359 9.02812194824219
-3.4e+38 -3.4e+38 -3.4e+38 -3.4e+38 18.4663467407227 17.9282054901123 -3.4e+38 19.5644302368164 18.3286933898926 16.1972789764404 14.0987215042114 12.8767442703247 11.1297473907471 10.7008857727051 10.8804931640625 10.6235780715942 10.9212970733643 10.6725616455078 10.4405469894409 9.53579330444336 8.70173740386963 8.4264440536499 8.19913291931152 8.23388957977295 8.43735027313232 8.37594985961914 8.27427101135254 8.28711032867432 8.43581390380859 8.36333560943604 8.12585639953613 8.23963737487793 8.46892738342285 8.71463584899902 8.77847957611084 8.68447494506836 8.62718868255615 8.46354961395264 8.60601711273193 8.69428730010986 8.62099361419678 8.73291206359863 8.71240615844727 8.69691276550293 8.79859256744385 8.9649486541748 8.65530395507812
-3.4e+38 -3.4e+38 -3.4e+38 -3.4e+38 -3.4e+38 17.7033386230469 18.3680267333984 17.771728515625 16.0269336700439 15.2477416992188 12.871244430542 10.8548011779785 9.65392875671387 9.40166091918945 9.68144130706787 9.48663425445557 8.89296627044678 8.84855937957764 8.56725978851318 8.63337802886963 8.14420223236084 8.38253116607666 8.5873441696167 8.30842971801758 8.24732208251953 8.0587682723999 8.07670116424561 8.14417171478271 8.18906307220459 8.31443786621094 8.06918239593506 8.05468845367432 8.3476676940918 8.5016393661499 8.42359828948975 8.59084606170654 8.58574295043945 8.58050441741943 8.6173267364502 8.60179042816162 8.75582122802734 8.55190277099609 8.78547477722168 8.53968524932861 8.514817237854 8.39554309844971 8.70889759063721
-3.4e+38 -3.4e+38 -3.4e+38 -3.4e+38 -3.4e+38 17.6194705963135 17.7940921783447 15.2278804779053 14.1040287017822 12.7089109420776 11.3761024475098 9.59649085998535 9.6338939666748 9.61526966094971 9.44129657745361 8.51524925231934 7.83199739456177 7.95185470581055 8.47120952606201 8.458984375 8.09020137786865 8.15830135345459 8.07539367675781 8.08133792877197 8.08212661743164 7.97444438934326 7.94675922393799 7.8611273765564 8.23082256317139 8.03786373138428 8.18392276763916 8.19268131256104 8.48717308044434 8.62557601928711 8.52165985107422 8.65747547149658 8.69821071624756 8.71222591400146 8.67644882202148 8.63971710205078 8.35625457763672 8.62726974487305 8.53210258483887 8.49805355072021 8.69067764282227 8.09212684631348 8.44761276245117
-3.4e+38 -3.4e+38 -3.4e+38 -3.4e+38 -3.4e+38 17.5260791778564 16.2116794586182 14.1484203338623 12.7170066833496 10.8293390274048 9.97790241241455 9.39727973937988 9.4517650604248 9.03040790557861 8.61572933197021 7.60162019729614 7.69577217102051 8.17717170715332 8.06174468994141 8.12424278259277 7.94529867172241 8.13492488861084 8.11056232452393 8.15412425994873 8.25041103363037 8.11192321777344 7.99096298217773 8.2379674911499 8.14377593994141 8.03436088562012 8.26455020904541 8.32568836212158 8.82506561279297 9.15105533599854 8.33846282958984 8.50296878814697 8.7040491104126 8.82466793060303 8.64951610565186 8.56084156036377 8.56125068664551 8.41577625274658 8.50475692749023 8.52447605133057 8.79400825500488 8.27702713012695 7.83412885665894
-3.4e+38 -3.4e+38 -3.4e+38 -3.4e+38 -3.4e+38 17.0989418029785 16.6041088104248 13.5075187683105 10.7746820449829 10.0959358215332 9.16734886169434 8.91127586364746 8.86025333404541 8.17461681365967 7.96101474761963 7.42318153381348 7.23896455764771 7.66009521484375 7.42945098876953 7.91367530822754 8.18408489227295 8.25377655029297 8.23603343963623 8.17081737518311 8.23948669433594 8.16874599456787 8.20278263092041 8.24733638763428 8.1382999420166 8.39412021636963 8.45694541931152 8.27292060852051 8.65307235717773 8.75976753234863 8.7745885848999 8.56196880340576 8.67202472686768 8.92702960968018 8.45858860015869 8.58971977233887 8.71845626831055 8.62546539306641 8.69925212860107 8.55254650115967 8.41921329498291 8.33099937438965 8.29431819915771
-339999999999999996128486808808066248288.000000000000000 -3.4e+38 -3.4e+38 -3.4e+38 15.8932218551636 17.6042747497559 15.9109506607056 12.0664319992065 10.638014793396 9.91678714752197 9.53718852996826 9.04010772705078 8.53708648681641 8.12991619110107 7.76904726028442 7.40400695800781 7.10832595825195 7.40570020675659 7.39237642288208 7.27572059631348 7.94219446182251 8.27510070800781 8.31158828735352 8.144211769104 8.18282890319824 8.32888889312744 8.54742622375488 8.31378841400146 8.20086479187012 8.58487701416016 8.39426326751709 8.57513523101807 8.38999557495117 8.66771411895752 8.48605251312256 8.61821460723877 8.67666435241699 8.8901195526123 8.74394512176514 8.76562309265137 8.64012718200684 8.6256275177002 8.79273700714111 8.69090843200684 8.54956340789795 8.46335983276367 8.45083808898926
-3.4e+38 -3.4e+38 -3.4e+38 -3.4e+38 15.277250289917 15.6041345596313 14.8402938842773 10.8513498306274 10.2415580749512 9.74296379089355 8.84616661071777 8.69369888305664 8.33428955078125 8.00505256652832 7.80925369262695 7.2886962890625 7.22482061386108 7.32319831848145 7.35906028747559 6.66034507751465 7.43898391723633 8.15106296539307 8.41678428649902 8.14859008789062 8.12387847900391 8.10441207885742 8.47993659973145 8.59308624267578 8.63423633575439 8.7221097946167 8.53872013092041 8.82808780670166 8.403564453125 8.38587474822998 8.87761688232422 8.65336227416992 8.51081848144531 8.79635334014893 8.88906574249268 8.87251472473145 8.96521663665771 8.58689880371094 8.93887424468994 8.76969909667969 8.63705444335938 8.80582427978516 8.69284915924072
-3.4e+38 -3.4e+38 -3.4e+38 -3.4e+38 15.6723966598511 15.8502502441406 12.8343200683594 11.1037397384644 9.56929588317871 8.98605728149414 8.92389678955078 8.39289951324463 7.7214503288269 7.47325229644775 7.34722852706909 7.43580389022827 7.34503078460693 7.16573429107666 6.93846321105957 7.52172660827637 7.72276306152344 7.47266483306885 7.75812578201294 7.97387266159058 7.77880525588989 7.99101972579956 8.421462059021 8.63076972961426 8.54065895080566 8.59933376312256 8.64693450927734 8.62465381622314 8.50090217590332 8.35736179351807 8.60778713226318 8.51743125915527 8.72225093841553 8.95435619354248 9.10304546356201 9.21368312835693 9.21104049682617 8.32180881500244 8.54701900482178 9.04049110412598 8.85138320922852 8.66336345672607 8.83307075500488
-3.4e+38 -3.4e+38 -3.4e+38 -3.4e+38 -3.4e+38 15.3437490463257 13.0496587753296 11.5305032730103 10.3846607208252 9.33354091644287 8.76514625549316 8.20040416717529 7.53347063064575 7.63813495635986 7.61822605133057 7.35865211486816 7.49312257766724 7.70697355270386 7.37976169586182 7.80898523330688 7.57455968856812 7.60137844085693 7.78482961654663 7.53659772872925 7.05821371078491 7.71109437942505 8.42581844329834 8.50735378265381 8.55186748504639 8.5601634979248 8.57423686981201 8.68053722381592 8.45790386199951 8.46462535858154 8.57532691955566 8.70996475219727 9.15663051605225 9.10418033599854 9.24776077270508 9.15920639038086 9.02716732025146 8.94693183898926 8.85573768615723 9.11823177337646 9.33947563171387 9.16644954681396 8.81343078613281
-3.4e+38 -3.4e+38 -3.4e+38 -3.4e+38 -3.4e+38 13.5363683700562 13.1256313323975 11.5247383117676 10.2354202270508 9.1789436340332 8.57607460021973 8.59562873840332 8.12929534912109 7.49453449249268 7.7119345664978 7.60562086105347 7.53104400634766 8.05887889862061 7.30399036407471 8.08580112457275 7.80649662017822 7.3516149520874 7.30427742004395 7.6721339225769 7.2393913269043 8.06126117706299 8.18270111083984 8.20721817016602 8.35177993774414 8.2703218460083 8.43830108642578 8.35644912719727 8.55394554138184 8.57081985473633 8.63154888153076 8.70436668395996 8.86845111846924 8.93297863006592 9.13609313964844 9.00149917602539 9.1359281539917 9.21182918548584 9.12198162078857 8.9902515411377 8.94288730621338 9.11619186401367 9.15457534790039
-3.4e+38 -3.4e+38 -3.4e+38 -3.4e+38 -3.4e+38 12.7297630310059 12.9748363494873 11.2947330474854 10.5693740844727 9.85163879394531 9.05539894104004 8.7605619430542 8.32670974731445 7.95244741439819 7.55678033828735 7.58272933959961 7.45978355407715 8.22204685211182 8.19455909729004 8.2418966293335 8.29320907592773 6.9873046875 7.21130609512329 7.66860485076904 7.29175138473511 7.62357521057129 8.03426170349121 8.24346542358398 7.96556663513184 8.13344955444336 8.43476104736328 8.65221118927002 8.7011661529541 8.19649124145508 8.62797164916992 8.96073818206787 8.81376457214355 8.90935516357422 8.99230003356934 9.05513477325439 8.95280265808105 9.22267055511475 9.10141277313232 8.98313903808594 9.00270462036133 8.75994300842285 8.88782787322998
-3.4e+38 -3.4e+38 -3.4e+38 -3.4e+38 -3.4e+38 12.3731861114502 11.5553684234619 10.7508726119995 9.86576557159424 9.54728317260742 8.6949520111084 7.74630165100098 7.75347661972046 7.35147380828857 7.84922409057617 7.78207778930664 7.66587352752686 7.76822662353516 8.0052490234375 8.09698104858398 7.83643817901611 7.44182729721069 7.68688440322876 7.59166049957275 7.16393804550171 7.19354391098022 7.45743083953857 7.8879017829895 7.95840215682983 8.41617107391357 8.40460777282715 8.58439254760742 8.65388202667236 8.52312469482422 8.94605827331543 8.94779396057129 8.92943954467773 9.07222843170166 9.07159614562988 8.95952987670898 9.27604293823242 9.46715259552002 9.27524185180664 9.50466918945312 9.17710399627686 9.01042175292969 8.98278713226318
-3.4e+38 -3.4e+38 -3.4e+38 -3.4e+38 -3.4e+38 20.9976081848145 12.2415323257446 11.325364112854 10.2316703796387 8.33756446838379 7.01917791366577 6.77009296417236 7.69947528839111 7.56381845474243 7.27612733840942 7.59528684616089 7.51904487609863 7.84950685501099 7.7302508354187 8.04878234863281 7.95358991622925 8.12479686737061 7.89171075820923 7.67348527908325 7.46222734451294 7.58375310897827 7.48945713043213 7.79523468017578 8.17321491241455 8.03991794586182 8.21599388122559 8.36201190948486 8.49387741088867 8.67586517333984 8.82034778594971 9.31188869476318 9.22570896148682 9.21285343170166 9.37803840637207 9.43396854400635 9.26124477386475 9.12357330322266 9.28241920471191 9.40735340118408 9.18805503845215 9.02339458465576 8.84853649139404
-3.4e+38 -3.4e+38 -3.4e+38 -3.4e+38 -3.4e+38 25.9414081573486 14.3091983795166 11.5619831085205 10.265721321106 8.59431457519531 6.70134973526001 7.22971820831299 7.97988653182983 8.30320739746094 7.70755338668823 7.4631609916687 7.80821800231934 8.22185134887695 7.73004817962646 8.29920482635498 8.67356014251709 8.16038799285889 7.96656084060669 8.01216125488281 8.13270950317383 7.56629276275635 8.2045783996582 7.73922348022461 7.82866048812866 8.20782089233398 8.33993530273438 8.50594329833984 8.50873279571533 8.54912567138672 8.71352386474609 9.14165592193604 9.56579780578613 9.58548259735107 9.39913940429688 9.31543636322021 9.47512531280518 9.3317699432373 9.18753814697266 9.56808567047119 9.57064819335938 9.152174949646 9.04332637786865
-3.4e+38 -3.4e+38 -3.4e+38 -3.4e+38 -3.4e+38 -3.4e+38 15.9970207214355 12.0499582290649 9.58155822753906 7.48862218856812 6.63659238815308 6.63733005523682 7.57830286026001 8.08737754821777 7.57304048538208 7.55191707611084 7.80982112884521 8.04001045227051 7.83312225341797 7.93587493896484 7.99199533462524 8.00676822662354 8.11844158172607 7.96277856826782 7.82095050811768 7.78225469589233 8.5833158493042 8.21867084503174 8.22458553314209 8.17491245269775 8.34627246856689 8.56957626342773 8.78078079223633 8.70199680328369 8.77090454101562 9.11884880065918 9.6419792175293 9.01303577423096 9.21658039093018 9.74211978912354 9.38359355926514 9.3246898651123 9.35346126556396 9.61240100860596 9.55581188201904 9.15044403076172 8.74315357208252
-3.4e+38 -3.4e+38 -3.4e+38 -3.4e+38 -3.4e+38 -3.4e+38 17.3026485443115 11.7675914764404 9.99245262145996 6.85335397720337 7.13367319107056 7.3617730140686 7.97295522689819 8.01282691955566 7.69363975524902 7.94462060928345 7.90590000152588 7.83843564987183 7.8042778968811 7.2262716293335 7.96954250335693 7.97644424438477 8.25458717346191 8.42637252807617 8.74292945861816 8.07882595062256 8.62366676330566 8.38419628143311 8.00739765167236 8.23018264770508 8.61275386810303 9.00828552246094 9.1254301071167 8.89078903198242 8.84809303283691 8.94570732116699 9.062424659729 9.18340969085693 9.48406887054443 9.38993453979492 9.7327995300293 9.32839584350586 9.22123146057129 9.53024196624756 9.13505840301514 9.11972045898438 8.96717643737793
-3.4e+38 -3.4e+38 -3.4e+38 -3.4e+38 -3.4e+38 -3.4e+38 11.6354970932007 9.97472858428955 7.76038265228271 7.18711948394775 6.9441123008728 5.92123746871948 7.13731813430786 7.83643436431885 7.88421821594238 8.03006744384766 8.44432735443115 8.07900047302246 6.95392465591431 6.81425046920776 7.42580223083496 8.52605819702148 8.0574951171875 8.17947959899902 8.85455322265625 8.58753108978271 8.42665100097656 7.7141170501709 8.01570987701416 8.18253421783447 8.44442462921143 8.60188293457031 8.80303764343262 8.983473777771 9.03673362731934 8.62409210205078 8.81145668029785 9.3057804107666 9.24987888336182 8.98899269104004 9.02398872375488 9.35211849212646 8.95076274871826 9.2415885925293 9.26102066040039 9.30012607574463 8.93713474273682
-3.4e+38 -3.4e+38 -3.4e+38 -3.4e+38 -3.4e+38 -3.4e+38 11.5199995040894 8.17575168609619 6.95798063278198 7.44814491271973 7.25101518630981 6.74064064025879 7.31766939163208 7.83997964859009 7.65749931335449 7.82703733444214 8.09229373931885 7.71229362487793 7.30611133575439 7.83123588562012 7.22111511230469 8.18768978118896 8.2737340927124 8.05623435974121 8.71230602264404 8.41059970855713 8.48444557189941 8.09568881988525 8.15400218963623 8.34399890899658 8.44576549530029 8.58258438110352 8.76289939880371 8.64257526397705 8.9013032913208 8.73360252380371 8.32523345947266 8.98704242706299 9.11399745941162 8.63471031188965 8.93731498718262 8.81405162811279 8.8430347442627 9.0101490020752 9.01242828369141 8.92664337158203 9.09796714782715
-3.4e+38 -3.4e+38 -3.4e+38 -3.4e+38 -3.4e+38 -3.4e+38 10.6222372055054 7.74616432189941 8.17656707763672 7.53690052032471 7.76622200012207 7.37807083129883 7.65892601013184 8.35118293762207 8.07850551605225 7.88592529296875 7.89334154129028 7.58667707443237 7.97588777542114 7.0925760269165 7.62719106674194 8.86122894287109 8.85320472717285 8.18756675720215 8.17504024505615 8.03811359405518 8.11220169067383 8.09421348571777 8.39846992492676 8.31544303894043 8.58574295043945 8.95852088928223 8.78800868988037 8.80368709564209 8.78499221801758 8.76269435882568 8.60613822937012 8.74032497406006 8.92436695098877 8.7840404510498 9.07764720916748 8.7296085357666 8.8386344909668 8.92690658569336 9.17437839508057 9.06280136108398 9.02981090545654
