Ecospace-environmental-drivers/Outputs/ASCII-for-ecospace/ChlA/ChlA_X2005.11.asc
NCOLS 131 
NROWS 53 
XLLCORNER -98 
YLLCORNER 23.9265270233154 
CELLSIZE 0.133587792515755 
NODATA_value -3.4e+38 
[rows 21 to 41 of 53, columns 47 to 93 of 131]
12.0857458114624 11.7064895629883 11.4235515594482 11.1065368652344 10.9278125762939 10.6399602890015 10.6278238296509 10.700156211853 10.7277393341064 10.8458986282349 11.0178785324097 11.0896902084351 10.7698602676392 10.1726894378662 10.1380195617676 10.1095705032349 10.0961484909058 10.2015333175659 10.2966909408569 10.1701469421387 10.2199974060059 10.4602165222168 10.8711462020874 10.6243467330933 10.7855615615845 10.6806564331055 10.5124464035034 10.4697303771973 10.6200008392334 10.8340854644775 11.017523765564 10.7189998626709 10.7115278244019 10.4452295303345 10.3436222076416 10.4165191650391 10.3853178024292 10.8721923828125 11.0619602203369 10.4129505157471 10.2133274078369 10.6392259597778 10.8695163726807 11.5307693481445 11.6120948791504 11.7390623092651 11.8502979278564
10.9624195098877 11.1047353744507 10.947301864624 10.912709236145 10.6233806610107 10.4813327789307 10.4707984924316 10.7103786468506 10.5893707275391 10.6331443786621 10.5375604629517 10.4213981628418 10.1358709335327 10.091724395752 9.96921539306641 10.0598411560059 10.2111349105835 10.1887636184692 10.2481813430786 9.8822603225708 10.0794906616211 10.1258659362793 10.756085395813 10.9038991928101 11.0289096832275 10.685643196106 10.6729621887207 10.6551351547241 10.7318325042725 10.9017629623413 10.652569770813 10.2460021972656 10.5139083862305 10.5073528289795 10.4276866912842 10.3710012435913 10.6238088607788 10.6602096557617 10.7608823776245 10.4669361114502 10.3778247833252 10.1397829055786 10.316291809082 10.8298635482788 11.0105247497559 11.429235458374 11.4374446868896
10.5181550979614 10.7650051116943 10.7463932037354 10.6095495223999 10.7609663009644 10.3834018707275 10.1113204956055 10.279224395752 10.435266494751 10.3290634155273 10.4108552932739 10.2504749298096 10.19118309021 10.4121809005737 10.1471366882324 10.0424938201904 9.98342990875244 10.2203674316406 10.3096046447754 10.2018070220947 10.0674619674683 10.180380821228 10.5811347961426 11.0472631454468 10.7806701660156 10.37255859375 10.5599298477173 10.9570217132568 10.9306106567383 10.9323043823242 10.9508419036865 10.4465818405151 10.4712476730347 10.5352935791016 10.5401172637939 10.4913005828857 10.4570026397705 10.4014692306519 10.7680425643921 10.7077598571777 10.7695035934448 10.2291116714478 10.5360336303711 10.8725214004517 11.2296743392944 11.5915479660034 11.041431427002
10.4095964431763 10.222264289856 10.2732315063477 10.3752737045288 10.2395753860474 10.2589588165283 10.163969039917 10.3661794662476 10.4434747695923 10.4216480255127 10.2922334671021 10.1063299179077 10.2461547851562 10.1979818344116 10.0087842941284 9.95305347442627 10.0847606658936 10.3573904037476 10.4414691925049 10.3863534927368 10.0232715606689 10.1525983810425 10.4287099838257 10.2668981552124 10.5868873596191 10.552173614502 10.6487150192261 11.0767059326172 11.0200119018555 10.7722749710083 10.4472570419312 10.274790763855 10.4866724014282 10.609338760376 10.5926342010498 10.6615161895752 10.6825408935547 10.7353162765503 10.6196231842041 10.8398160934448 10.4326238632202 10.3532304763794 10.8340034484863 11.8439846038818 12.1366424560547 10.5173349380493 11.7383718490601
10.1248874664307 9.8164234161377 9.84935092926025 10.0373468399048 10.0476980209351 10.2795248031616 10.2927274703979 10.422025680542 10.4953489303589 10.3906917572021 10.2214517593384 10.2028255462646 10.2024831771851 10.1162872314453 10.1085233688354 10.0602951049805 10.1438274383545 10.1670227050781 10.2242860794067 9.96125507354736 10.073634147644 10.3191347122192 10.1110286712646 10.2723083496094 10.2452821731567 10.24280834198 10.2492761611938 10.5018014907837 10.6271142959595 10.6329565048218 10.5039129257202 10.5005683898926 10.4565382003784 10.5610389709473 10.9892444610596 10.9212989807129 10.99964427948 11.0434532165527 10.7953424453735 10.990255355835 10.7531070709229 10.1096067428589 10.3589200973511 11.4386873245239 11.6167230606079 11.2573719024658 10.0475177764893
9.69143676757812 9.73064231872559 9.82410526275635 10.3037748336792 10.0886344909668 10.3101739883423 10.2865810394287 10.2734708786011 10.2271404266357 10.2423610687256 10.3383693695068 10.1663064956665 10.1683359146118 10.060733795166 9.86983394622803 10.1603412628174 10.0017404556274 10.0164546966553 9.787278175354 10.2302513122559 10.2357015609741 10.5368356704712 10.3279495239258 10.5855417251587 10.4004049301147 10.6345977783203 9.92448902130127 10.1377944946289 10.0293836593628 10.1076145172119 10.5271902084351 10.6054582595825 10.5023851394653 10.5339689254761 11.1911954879761 11.0674571990967 10.9455327987671 11.0398950576782 10.5403928756714 10.3630018234253 10.25461769104 10.2798652648926 10.5929155349731 11.0314664840698 11.0305919647217 10.4158868789673 10.955192565918
9.93588924407959 9.87841415405273 9.9486255645752 10.2203636169434 10.1901998519897 10.2616539001465 10.2627305984497 10.3407382965088 10.3894357681274 10.5820903778076 10.4756660461426 9.99315166473389 9.91382598876953 9.95463848114014 10.0758962631226 10.28040599823 10.1179580688477 9.99016857147217 9.95313930511475 10.1361885070801 10.3047552108765 10.5157661437988 10.5632019042969 10.6695423126221 10.1368217468262 10.1259593963623 10.1251974105835 9.95995235443115 9.77175998687744 9.85554790496826 10.4688444137573 10.5993127822876 10.6006603240967 10.4307832717896 10.6265449523926 10.8335609436035 10.6257991790771 9.99211978912354 10.15589427948 10.4109649658203 10.1591625213623 9.91200160980225 10.0005149841309 10.0907869338989 10.1607284545898 10.3586559295654 10.2084302902222
10.0045013427734 10.1367216110229 9.99684715270996 9.95231056213379 10.1170673370361 10.2156438827515 10.0727224349976 10.2548141479492 10.5072469711304 10.3280019760132 10.137866973877 10.0327005386353 9.93848705291748 10.1660070419312 10.0019931793213 9.99060440063477 10.0221033096313 9.96010875701904 10.0323905944824 10.0297012329102 10.5434083938599 10.7182855606079 10.8193960189819 10.8011102676392 10.7602653503418 10.4239063262939 10.6766967773438 10.6712856292725 10.4018154144287 10.1113929748535 10.3194351196289 10.4040489196777 10.6377639770508 10.5026454925537 9.96471405029297 10.3843069076538 10.1645650863647 9.77596092224121 10.0212936401367 9.88415813446045 9.65429210662842 9.56196880340576 9.19533252716064 9.61583805084229 9.92791938781738 10.2263154983521 10.6420259475708
9.76174831390381 9.85982704162598 10.0089416503906 10.2416429519653 10.401535987854 10.2021827697754 9.87167930603027 9.9216890335083 10.1416959762573 10.2904119491577 9.7927188873291 9.89900302886963 10.0634803771973 10.1258592605591 9.77758693695068 9.95233154296875 9.95687580108643 9.95358848571777 9.77158737182617 10.1437950134277 10.090690612793 10.7617359161377 11.07688331604 11.2451629638672 10.4978256225586 9.44819259643555 9.92997360229492 10.6350402832031 11.1421813964844 11.0762662887573 9.89659214019775 9.41598129272461 9.47479724884033 10.0741567611694 9.97391605377197 10.2123975753784 10.1606340408325 9.58774280548096 9.68115425109863 10.0809183120728 9.28314971923828 9.59594821929932 9.37711524963379 9.21299171447754 9.41880130767822 9.59844303131104 9.96735286712646
10.0095348358154 10.2376461029053 10.473484992981 10.3435611724854 10.3897542953491 10.3227977752686 10.3918209075928 10.1560029983521 9.67252063751221 9.68290233612061 9.854416847229 9.94066619873047 10.1661052703857 9.78592872619629 9.61827850341797 9.63487243652344 9.66422939300537 9.86497497558594 9.65696430206299 9.89392375946045 10.4200839996338 10.6240043640137 10.6029558181763 9.88158988952637 9.89470386505127 10.4326467514038 10.5895318984985 10.4453020095825 11.190559387207 11.4715442657471 10.6217861175537 10.5173330307007 9.62616729736328 8.78474617004395 8.95213222503662 9.46013450622559 9.91721630096436 10.0059947967529 10.590747833252 10.3806457519531 9.98523902893066 9.50561809539795 9.73891639709473 9.41960048675537 9.42137050628662 9.35173797607422 9.8278636932373
10.1552267074585 10.3181352615356 10.3456649780273 10.3194618225098 10.3405933380127 10.4030599594116 10.2191324234009 10.1581296920776 9.84061336517334 9.89522075653076 9.93714427947998 10.0427513122559 9.94428157806396 9.66606998443604 9.51152420043945 9.51436328887939 9.55510425567627 9.60339164733887 9.66429710388184 10.0329437255859 10.3135089874268 10.2001848220825 10.0489521026611 10.3677310943604 10.2349309921265 11.1559934616089 11.062596321106 10.8052463531494 11.1356821060181 10.7929258346558 10.7572050094604 10.8593521118164 10.015664100647 7.86370754241943 9.39994430541992 10.093448638916 9.93944835662842 10.3553838729858 10.9339265823364 10.7058038711548 10.2539234161377 9.78825283050537 9.28772640228271 9.36910724639893 9.39320087432861 8.92970657348633 9.38123512268066
10.1789646148682 10.3687601089478 10.3454694747925 10.4360456466675 10.2469434738159 10.1987361907959 10.4197511672974 10.5310401916504 10.2776384353638 10.6002788543701 10.2631177902222 9.76546764373779 9.52485084533691 9.43833160400391 9.53785991668701 9.51282501220703 9.49979305267334 9.54385471343994 9.98652362823486 10.1601505279541 10.346097946167 9.58554935455322 9.19642543792725 9.82397079467773 11.4004096984863 11.1660585403442 10.9105453491211 10.7307062149048 10.9992589950562 10.8520965576172 10.5038576126099 10.2687101364136 11.053318977356 10.2485160827637 9.14929485321045 9.02167224884033 8.91341972351074 10.1422681808472 10.9403324127197 10.7411918640137 10.0275774002075 9.62732601165771 9.50336837768555 9.38311958312988 9.01203060150146 8.78935241699219 8.97035503387451
10.266092300415 10.498330116272 10.4586820602417 10.3274354934692 10.2812786102295 10.2440986633301 10.5979042053223 10.7001037597656 10.2795963287354 9.91528511047363 9.95544338226318 9.7206563949585 9.44617462158203 9.39936923980713 9.40365028381348 9.40584373474121 9.52298545837402 9.71901798248291 10.0600652694702 10.226655960083 10.2855224609375 8.77849197387695 9.68727016448975 9.79397869110107 9.3910608291626 10.26793384552 10.3608379364014 10.8679370880127 10.866114616394 10.6611280441284 10.8539800643921 10.5409889221191 11.8418102264404 11.0875511169434 8.39581775665283 8.29062557220459 9.01819229125977 9.41667079925537 10.2275609970093 10.529990196228 10.1249399185181 9.9725341796875 9.43198490142822 9.42945957183838 9.08566665649414 8.47854804992676 8.59920978546143
10.2478094100952 10.5677347183228 10.2206869125366 10.0897579193115 10.2142572402954 10.2377634048462 10.8828220367432 11.2178802490234 10.6188917160034 10.6921243667603 10.6618852615356 10.2970285415649 9.47866630554199 9.24627685546875 9.33417701721191 9.65211200714111 9.55555248260498 9.82619285583496 9.65886974334717 9.85801601409912 9.92146110534668 9.73515033721924 9.83577442169189 9.76350784301758 9.5299825668335 10.4575204849243 10.9284353256226 10.9546813964844 10.8921394348145 10.7975549697876 11.0580081939697 11.6117477416992 12.0459280014038 12.2645101547241 11.5238962173462 11.5017795562744 11.2168741226196 9.27766895294189 9.56686592102051 10.2485074996948 9.55570888519287 9.48293304443359 9.3164529800415 9.22266006469727 9.15218734741211 8.61686897277832 9.18211555480957
10.1223154067993 9.97712993621826 10.0196647644043 10.2202644348145 10.4683742523193 10.2804040908813 10.6515340805054 11.1539974212646 11.008602142334 10.7142124176025 10.6415405273438 10.2999181747437 9.866379737854 9.70760726928711 10.0200519561768 9.92419242858887 9.53498268127441 9.39349746704102 9.5977029800415 9.4425687789917 9.61906719207764 9.61635971069336 9.7980375289917 9.80459117889404 10.4049310684204 10.169958114624 10.7623682022095 10.9972581863403 10.9393167495728 10.7657613754272 9.97981262207031 10.4269094467163 11.8464460372925 11.5429725646973 10.8760671615601 10.6386280059814 10.5163164138794 10.1041984558105 9.885986328125 9.86122989654541 9.30993270874023 9.03383731842041 9.05475234985352 9.13184547424316 9.22589874267578 9.1568489074707 9.82427406311035
9.87636375427246 9.36029815673828 10.0875339508057 10.3555955886841 10.4690465927124 10.3137083053589 10.4414310455322 10.9261236190796 10.5647993087769 9.61414813995361 9.90854549407959 10.5089092254639 10.4182004928589 10.3480253219604 10.6628036499023 9.89298057556152 9.44840812683105 9.56280612945557 8.97676181793213 9.22139263153076 9.68408584594727 9.68173027038574 9.87464046478271 9.89654922485352 9.98161220550537 9.88355827331543 10.5780372619629 10.8758554458618 10.7208633422852 10.3046083450317 10.213568687439 10.1371002197266 10.8697166442871 10.7445230484009 10.5558547973633 10.7670364379883 11.3782444000244 11.9462947845459 11.4282445907593 10.5436172485352 9.68467712402344 8.6917667388916 8.8589334487915 8.95265865325928 9.7465877532959 9.80128574371338 9.94425106048584
9.74001789093018 9.379638671875 10.0472593307495 10.5935649871826 10.2626857757568 10.1957883834839 10.0916814804077 10.1062841415405 10.0216426849365 9.6664867401123 10.0373554229736 10.5300397872925 10.6307964324951 10.420184135437 10.2286005020142 9.7243070602417 9.49952793121338 9.43851089477539 9.2075891494751 9.44752883911133 9.86533069610596 10.0469665527344 10.2195873260498 10.0423746109009 10.0413227081299 10.1532859802246 10.5338954925537 10.5775556564331 10.4603891372681 9.5408821105957 9.59806537628174 10.5967216491699 10.6661806106567 10.8108406066895 10.978816986084 11.1739864349365 11.3501787185669 11.4831247329712 11.0690135955811 10.6469039916992 10.0911102294922 9.36196327209473 9.33922290802002 9.44248485565186 9.72036838531494 9.81508159637451 9.9232292175293
9.64210987091064 9.46293067932129 10.1896209716797 10.7893085479736 10.2598266601562 9.70215225219727 10.6655206680298 10.1279544830322 9.97513484954834 10.2720861434937 10.1380128860474 10.4654865264893 10.862250328064 10.6230792999268 10.3397655487061 9.67321586608887 9.87517356872559 9.75844669342041 9.34144687652588 9.56101417541504 9.69321918487549 10.4606819152832 9.94278621673584 9.97697257995605 10.0344123840332 9.88239002227783 10.0105686187744 9.84628772735596 9.86921977996826 9.83947467803955 10.0445642471313 10.8616027832031 10.9789962768555 11.2809944152832 11.2685813903809 11.3304281234741 11.4371099472046 10.9229440689087 10.1952066421509 10.3140392303467 9.56672286987305 9.3901309967041 9.42937564849854 9.34773731231689 9.78921508789062 9.5985631942749 9.85816287994385
9.70683002471924 10.2321519851685 10.7481622695923 11.3790225982666 10.1959095001221 10.3425321578979 10.3680219650269 10.4507999420166 10.2644891738892 10.43967628479 10.4404916763306 10.5517673492432 10.590181350708 10.5735864639282 10.7301015853882 10.2166156768799 10.144829750061 9.77035331726074 9.15373420715332 9.46605205535889 9.59125804901123 11.0145587921143 10.3171968460083 10.2263975143433 10.1659526824951 10.0505447387695 10.1580286026001 10.4112186431885 10.2931871414185 10.3532619476318 10.8422918319702 11.2902326583862 11.0272245407104 11.3040418624878 11.238338470459 11.2115240097046 11.308032989502 11.081316947937 10.5676879882812 10.0153713226318 9.85397529602051 9.23269081115723 9.22634315490723 9.41966247558594 9.54061412811279 9.78025245666504 9.78152751922607
9.79186248779297 10.1032381057739 9.99118423461914 10.5447559356689 10.696346282959 10.7888660430908 10.5538902282715 10.0942487716675 10.4621381759644 10.8161487579346 10.5451707839966 10.2962102890015 10.3701095581055 10.2402658462524 10.4977722167969 10.5308666229248 10.7618455886841 10.3416738510132 9.16847038269043 9.14779376983643 10.60804271698 11.4097528457642 10.3798398971558 10.4436120986938 10.0584535598755 10.0999212265015 10.056450843811 9.86009502410889 9.96694469451904 10.262357711792 10.6520328521729 10.6869888305664 11.2539710998535 11.2099771499634 11.1228799819946 11.2687034606934 11.4460544586182 10.7698593139648 9.82064151763916 9.62893772125244 9.41243267059326 9.57092761993408 9.96774578094482 10.000846862793 9.65245532989502 9.85277462005615 10.073392868042
9.03616523742676 9.25786685943604 9.76981449127197 10.5953311920166 10.8283100128174 10.838475227356 10.8414735794067 10.550106048584 10.7661752700806 10.7662963867188 10.4314489364624 10.483172416687 10.3671503067017 10.135311126709 10.0032949447632 10.3263378143311 10.4374828338623 10.9259939193726 9.79932594299316 9.83350276947021 11.581428527832 10.5517845153809 10.5052309036255 10.5577974319458 10.1356592178345 10.2192964553833 10.2623300552368 9.67970752716064 9.89229869842529 10.501353263855 10.7923431396484 10.8778238296509 10.9932069778442 11.1871900558472 11.0864973068237 11.2326669692993 11.2019472122192 10.6643953323364 10.3860216140747 10.0903100967407 9.6477108001709 10.314022064209 10.5161647796631 9.94867992401123 9.31032466888428 9.76744937896729 9.91765308380127
