Ecospace-environmental-drivers/Outputs/ASCII-for-ecospace/ChlA/ChlA_X2007.10.asc
NCOLS 131 
NROWS 53 
XLLCORNER -98 
YLLCORNER 23.9265270233154 
CELLSIZE 0.133587792515755 
NODATA_value -3.4e+38 
[rows 21 to 41 of 53, columns 47 to 93 of 131]
10.6752796173096 10.2687692642212 10.3960752487183 10.3967895507812 10.8568468093872 10.9940309524536 10.2807464599609 10.6198511123657 10.7561779022217 11.0060615539551 9.74926853179932 10.3111524581909 10.2126808166504 10.6014728546143 11.5663728713989 11.4590587615967 10.4425706863403 10.2928123474121 10.9348163604736 10.8419036865234 10.2186517715454 9.76065540313721 10.0028553009033 10.3188753128052 10.2249002456665 10.6277513504028 10.7422771453857 10.5530405044556 10.3226337432861 10.31174659729 10.6497211456299 10.0684728622437 10.0104885101318 10.1017637252808 9.8687915802002 9.40459251403809 9.49249267578125 9.60540676116943 9.3036937713623 9.36646938323975 9.13922786712646 8.57450389862061 8.95870876312256 9.13568496704102 9.50899505615234 9.58864402770996 9.45471954345703
9.86015319824219 10.9068031311035 10.2595586776733 10.0376348495483 9.96488285064697 10.0071592330933 10.0949392318726 10.1268835067749 9.61536693572998 9.58929538726807 9.22891426086426 9.54904937744141 10.1013431549072 10.1029443740845 10.228928565979 10.4936485290527 10.3856754302979 10.509895324707 10.5395984649658 10.4279375076294 10.1305828094482 10.0941467285156 10.1645536422729 10.2374544143677 10.4800395965576 10.1886987686157 9.97480487823486 10.0768413543701 10.2955369949341 10.2585783004761 9.79328155517578 9.63160133361816 9.39723587036133 9.39012908935547 9.24392318725586 9.24493026733398 9.12431812286377 9.24031162261963 9.32918453216553 9.11828899383545 9.23526477813721 9.18592834472656 9.32485866546631 9.26304340362549 9.294921875 9.4799337387085 9.51757144927979
9.49414920806885 9.71417999267578 10.5601139068604 10.3630266189575 10.210638999939 10.0767450332642 9.82821178436279 9.74074840545654 9.57298374176025 9.36176586151123 9.08993911743164 9.46582412719727 10.1835174560547 9.87355709075928 10.1077718734741 10.1254997253418 9.73254108428955 9.63703632354736 9.85955333709717 9.35085391998291 9.44100761413574 9.68391609191895 10.5191440582275 10.5506391525269 10.4157857894897 9.09775638580322 9.09474945068359 9.12300872802734 9.49364948272705 9.91795253753662 9.65192985534668 9.54445362091064 9.2042760848999 9.05998420715332 9.04622745513916 9.4422779083252 9.37899208068848 9.24778175354004 9.29484367370605 9.37656021118164 9.36371612548828 9.36112117767334 9.44833564758301 9.49453926086426 9.82266139984131 9.76254367828369 9.73150444030762
9.51279735565186 10.0350580215454 10.3226661682129 10.1986274719238 9.92799663543701 9.93955230712891 10.0193405151367 9.84905433654785 9.54137420654297 9.50902652740479 8.93656444549561 8.66097259521484 8.988844871521 9.11346530914307 9.27139186859131 9.28994083404541 9.47366905212402 9.60536766052246 9.7900915145874 9.57158470153809 9.55553913116455 9.69670963287354 10.1188411712646 10.1022024154663 10.4271202087402 9.48048877716064 9.17619037628174 9.35228443145752 9.8513069152832 9.33429336547852 9.28590106964111 9.65338039398193 8.89557647705078 9.12321472167969 9.30685520172119 9.22269058227539 9.19503307342529 9.36630153656006 9.50946807861328 9.63976192474365 9.64886379241943 9.62978553771973 9.11046028137207 9.43311882019043 9.8696928024292 9.72728824615479 9.097825050354
9.76131820678711 10.1560859680176 10.0625476837158 9.95842361450195 9.79029941558838 9.69086360931396 9.63653945922852 9.39042854309082 9.4613676071167 9.48052215576172 9.10459136962891 8.7993335723877 8.95108985900879 8.9351806640625 9.25681018829346 9.48904800415039 9.75448226928711 9.68621730804443 9.51523685455322 9.6638298034668 9.50521564483643 9.59952735900879 9.73863124847412 9.68082046508789 10.06787109375 9.59930992126465 9.39511775970459 9.55995559692383 9.83852386474609 9.90209770202637 9.71981239318848 9.55306625366211 9.73700428009033 10.0005970001221 9.76177501678467 9.5260181427002 9.57347297668457 9.74503326416016 9.80235862731934 9.92371082305908 9.83667373657227 9.83013534545898 9.63751888275146 9.65056228637695 8.86776638031006 8.46916484832764 7.87657690048218
8.75592613220215 9.48670482635498 9.6372184753418 9.1390962600708 9.14346313476562 9.31548976898193 9.38450145721436 9.2968111038208 9.41063976287842 9.46285057067871 9.51542186737061 9.41457653045654 9.18085193634033 9.03319263458252 9.12762355804443 9.39954090118408 9.59602355957031 9.86611557006836 9.61611652374268 9.54455471038818 9.66604137420654 9.70266342163086 9.45572662353516 9.47356510162354 9.34217739105225 9.49572277069092 9.3866491317749 9.5121898651123 9.77837753295898 9.929368019104 9.67485523223877 9.90688228607178 9.83515453338623 9.8052339553833 9.63855457305908 9.92784023284912 9.93035316467285 9.80871295928955 9.94098567962646 10.0016031265259 9.99059772491455 9.70783996582031 10.3222885131836 9.65927791595459 8.68829345703125 8.36280918121338 7.47172784805298
9.19774150848389 9.23840522766113 9.15097236633301 9.23113632202148 9.32723999023438 9.14559841156006 9.26766490936279 9.65488147735596 9.94782447814941 10.0893201828003 9.82922458648682 9.75704860687256 9.52628803253174 9.0231466293335 8.93190479278564 9.43984603881836 9.43985080718994 9.60618686676025 9.53464031219482 9.72994136810303 9.81313705444336 9.80204772949219 9.51513957977295 9.60550403594971 9.36992263793945 9.30443572998047 9.40519618988037 9.55306625366211 9.33273792266846 9.64361095428467 9.4863224029541 9.20153999328613 9.294677734375 9.40813159942627 9.38024616241455 9.43621826171875 9.45440196990967 9.84767627716064 10.0526695251465 10.0444307327271 10.4451503753662 10.7366495132446 10.4831409454346 9.01650428771973 8.90467834472656 8.26432418823242 8.26302528381348
10.1383781433105 9.16881942749023 8.40558910369873 9.21798133850098 9.25607776641846 9.33540630340576 9.36104202270508 9.62135982513428 9.57403087615967 9.5400857925415 9.81497192382812 9.90247249603271 9.77814674377441 9.26660346984863 9.13871574401855 9.37181377410889 9.35436725616455 9.14091873168945 9.50196933746338 9.46289825439453 9.43169212341309 9.34484958648682 9.468337059021 9.59070110321045 9.15402317047119 9.22337055206299 9.13996696472168 9.17074298858643 8.89292335510254 9.2695198059082 9.43086910247803 9.17399406433105 9.2901554107666 9.42589855194092 8.9850435256958 9.20460891723633 9.33833694458008 9.76572322845459 9.82812881469727 9.98396682739258 9.93531513214111 10.3804330825806 9.56547069549561 9.02237510681152 8.04894161224365 7.8192286491394 8.88496017456055
8.58088493347168 8.40552711486816 8.50175094604492 8.91777610778809 9.39242458343506 9.46162605285645 9.79736995697021 9.75593662261963 9.54042053222656 9.50459575653076 9.72406101226807 9.71584796905518 9.56720924377441 9.43839073181152 9.7925443649292 9.49372482299805 9.28024578094482 9.33757591247559 9.31317138671875 9.15857696533203 9.40192413330078 9.38134002685547 9.14055442810059 10.0969953536987 9.20091533660889 9.10839366912842 8.90068626403809 8.9740629196167 9.03012180328369 8.80340003967285 9.26368618011475 9.3048267364502 9.18361473083496 9.00094413757324 9.18885707855225 9.37223434448242 9.65098094940186 9.68097591400146 10.1000175476074 10.3905267715454 9.57983303070068 9.16742038726807 9.33491897583008 8.97689056396484 8.45893669128418 8.15815258026123 9.39752578735352
7.8755464553833 8.17395877838135 8.65299129486084 8.4777307510376 9.39674758911133 10.139687538147 10.3548164367676 10.1545352935791 9.77672958374023 9.85843563079834 9.76566410064697 9.81791400909424 9.42333221435547 9.329270362854 9.60075664520264 9.81981182098389 9.39595317840576 9.3197193145752 9.2647590637207 9.34745407104492 9.65620803833008 9.53428840637207 9.12277126312256 9.01577472686768 9.12010478973389 9.11443138122559 9.05263614654541 9.01884651184082 9.10260105133057 9.17216110229492 9.137038230896 9.01874160766602 9.25629901885986 9.44579601287842 9.51905345916748 9.5965404510498 9.67539119720459 9.99319458007812 9.90969181060791 10.2814388275146 9.30104160308838 9.11082458496094 9.14209651947021 8.75485610961914 8.56094360351562 8.39701080322266 9.0278263092041
7.93581867218018 8.05042743682861 8.63815975189209 8.51265430450439 9.47941398620605 10.1474952697754 10.1092176437378 9.95655632019043 10.0744400024414 10.0742101669312 9.92651271820068 9.50576591491699 9.37478542327881 8.68753814697266 9.5775089263916 9.81637001037598 9.43699932098389 9.73763656616211 9.59715557098389 9.23800277709961 9.22668838500977 9.39901161193848 9.19791507720947 9.26605319976807 9.70617294311523 9.21105003356934 8.906081199646 9.32597160339355 8.77636432647705 8.83585929870605 8.98316955566406 8.95072269439697 9.11248683929443 9.46722984313965 9.50176811218262 9.56564044952393 9.83548736572266 10.0486392974854 9.99953651428223 10.1140308380127 9.81350994110107 9.48365688323975 9.1436767578125 8.68995189666748 8.38597869873047 8.83139038085938 8.54089546203613
8.07551670074463 8.22729206085205 8.69082641601562 8.81767749786377 8.9389066696167 9.43276882171631 9.43541812896729 10.0539073944092 10.1054582595825 10.0704727172852 8.63919258117676 9.25920677185059 9.79531955718994 9.64700126647949 9.75736618041992 9.65622901916504 9.72082901000977 10.0535840988159 9.55186939239502 9.41568374633789 9.1603832244873 9.3045015335083 9.34738826751709 9.24012470245361 9.78339004516602 9.33828258514404 9.25198268890381 9.6655969619751 8.93476676940918 8.90208911895752 8.92252826690674 8.86429500579834 9.09838104248047 9.65146827697754 9.67665672302246 9.65079879760742 9.83692646026611 9.86379909515381 10.1539735794067 9.45137405395508 9.56144142150879 9.56466388702393 10.1582498550415 8.96739673614502 8.50440502166748 9.04811382293701 9.60530567169189
8.34422302246094 8.33966255187988 8.85458755493164 8.87235832214355 8.58312034606934 9.03384017944336 9.5070276260376 9.46761608123779 10.5039854049683 10.5009059906006 10.0279684066772 9.7841100692749 9.11613655090332 9.21769046783447 9.20640754699707 9.25133228302002 9.07144355773926 9.12841892242432 9.05935382843018 9.29078102111816 9.12316513061523 9.25056838989258 9.10909748077393 9.14772891998291 9.23154067993164 9.02811813354492 9.08688163757324 9.25801658630371 9.23648738861084 8.84737682342529 8.73731136322021 8.99716758728027 9.12755680084229 9.51532077789307 9.88488864898682 9.68429470062256 9.64002323150635 10.2942018508911 9.50874805450439 9.12320709228516 9.36524677276611 9.19511032104492 9.82558631896973 9.54890727996826 9.45533847808838 9.53020668029785 9.46338272094727
7.53526878356934 7.68055868148804 8.25997829437256 8.42320251464844 9.54195880889893 9.00632286071777 9.28853225708008 9.30400943756104 9.7518835067749 9.78226566314697 9.45429420471191 9.28017234802246 9.37301349639893 9.38036060333252 9.50329780578613 9.12173843383789 8.98465061187744 9.64655303955078 9.16798210144043 8.96289539337158 9.38199234008789 9.68468952178955 8.87891387939453 9.27183055877686 9.63500499725342 9.210618019104 8.58141136169434 9.0792179107666 8.99330997467041 8.70839023590088 8.8885498046875 9.01016139984131 9.14497184753418 8.98613357543945 9.02352523803711 9.39618873596191 9.13669872283936 9.33542823791504 9.27604103088379 8.95890998840332 9.10594367980957 9.53027534484863 9.56113338470459 9.44277381896973 8.03958129882812 8.4780158996582 9.89760112762451
7.96466302871704 8.94598960876465 7.33044004440308 7.78921175003052 8.11788177490234 7.77560758590698 8.87958526611328 9.50824737548828 9.48470973968506 9.69088077545166 9.7009220123291 9.58066940307617 9.66136360168457 9.40618419647217 8.82137966156006 8.85530948638916 9.12915802001953 9.36752986907959 9.08127975463867 8.78076839447021 9.156418800354 9.34740257263184 9.65149116516113 8.99995613098145 9.18093204498291 9.66137599945068 8.62695407867432 8.91778087615967 8.8844575881958 8.9776439666748 8.99165153503418 8.85685634613037 8.79004001617432 8.85826778411865 8.71190357208252 8.91551971435547 9.36225986480713 9.32957363128662 8.95504283905029 8.71944236755371 9.23128986358643 9.11018657684326 8.77835559844971 9.73489952087402 8.61281204223633 9.00859451293945 10.6502990722656
9.17053031921387 8.79146862030029 7.53447198867798 7.43043851852417 7.55673503875732 7.99619054794312 8.50007915496826 9.37518310546875 9.45431423187256 10.5193824768066 10.3066720962524 9.79402446746826 9.61015605926514 9.23753452301025 9.19270420074463 8.4353494644165 8.94511222839355 8.65995502471924 9.1283483505249 9.05755519866943 9.14401054382324 9.74898910522461 9.74286365509033 9.56177616119385 9.28567409515381 8.79911231994629 8.74911022186279 8.43454360961914 8.64998722076416 8.4240608215332 9.00602436065674 8.73062419891357 8.80548572540283 8.82140350341797 8.72081089019775 8.86271286010742 9.77298069000244 8.98147869110107 10.0837087631226 8.91404247283936 9.35338497161865 9.9147891998291 9.60335350036621 9.51063632965088 9.34390354156494 9.32109069824219 9.8570032119751
8.80741024017334 8.68835544586182 7.17638635635376 7.83200454711914 7.47024011611938 8.16244602203369 8.53995418548584 9.47017955780029 10.4257745742798 10.6897439956665 10.406268119812 9.95003318786621 9.47477436065674 9.30596923828125 9.23463726043701 8.51510429382324 9.19649314880371 9.0405445098877 8.9230489730835 9.16735363006592 9.38116073608398 10.1256113052368 9.79940032958984 8.30830955505371 8.28449058532715 8.85051441192627 8.95258808135986 8.64481925964355 8.44347286224365 8.43987274169922 8.64824676513672 8.81916999816895 8.91013431549072 8.86197948455811 8.83177280426025 8.64437961578369 8.94004154205322 9.27583503723145 9.40230083465576 9.8093900680542 9.4876708984375 9.76197624206543 9.86203384399414 9.54004096984863 9.25538349151611 9.08013153076172 9.72941398620605
10.1662321090698 9.94626712799072 8.28215885162354 7.12555646896362 6.15997409820557 6.15461444854736 6.1728687286377 10.007960319519 10.7466154098511 10.9107522964478 10.5430755615234 9.88814067840576 9.71664428710938 9.19881343841553 8.95757293701172 8.59838771820068 8.6625280380249 9.10777568817139 8.76566982269287 9.75074005126953 9.18369007110596 9.50064373016357 9.16135692596436 7.6355357170105 7.77735710144043 8.81061935424805 8.98092174530029 9.16179752349854 8.401611328125 8.61039352416992 8.79254341125488 8.93029880523682 8.75958442687988 8.44188690185547 8.10961437225342 8.30535411834717 8.35994338989258 8.87446689605713 9.42130947113037 9.4020528793335 10.1281671524048 10.1769094467163 10.8595533370972 9.92921352386475 9.16731643676758 8.51681613922119 10.4934301376343
9.39375972747803 9.87976837158203 7.81305456161499 8.53470230102539 6.30588483810425 7.58892726898193 8.39552402496338 10.6017694473267 10.8376035690308 10.7005128860474 10.3212566375732 9.92200469970703 9.08867740631104 8.40421485900879 9.10110282897949 8.97826194763184 8.79644393920898 9.36281681060791 9.31941604614258 9.43094062805176 8.60517883300781 9.15618991851807 7.93999862670898 7.76508188247681 7.74324083328247 8.75707912445068 9.32874202728271 9.22328567504883 8.65693759918213 8.59520530700684 9.12011241912842 8.71057987213135 8.27422714233398 8.24438190460205 8.15144443511963 8.44982147216797 10.0953035354614 10.1568584442139 10.7586278915405 10.6008701324463 10.2729187011719 10.2214593887329 10.4106159210205 10.3859987258911 9.99654197692871 11.3869228363037 11.5456056594849
9.102614402771 9.56952476501465 9.57868766784668 8.50983428955078 4.21191835403442 6.16541624069214 9.04360389709473 9.51710319519043 10.6613969802856 10.4432964324951 10.2896928787231 9.86859130859375 9.40086936950684 9.3389949798584 8.9790563583374 8.62549114227295 9.03009986877441 9.23346710205078 9.64697456359863 9.89509010314941 11.2064790725708 8.11490249633789 8.52292156219482 9.00759315490723 8.06208801269531 8.54943561553955 9.57265186309814 9.07605171203613 8.90003681182861 8.51767539978027 8.34135627746582 8.25073528289795 8.56615734100342 8.86479949951172 8.28968143463135 7.98859834671021 9.7807445526123 10.0577878952026 10.3785448074341 10.8951463699341 10.4329977035522 9.73318576812744 10.0632801055908 10.2154369354248 10.8920249938965 11.3517379760742 11.0078077316284
8.43995952606201 9.59779453277588 7.70156192779541 8.80917167663574 9.63052940368652 9.93344783782959 9.1385326385498 9.75439739227295 10.3453989028931 10.5709314346313 10.4746627807617 10.1384582519531 9.68445587158203 9.44768238067627 8.8302526473999 9.23694896697998 6.69627809524536 9.30696773529053 9.60432529449463 10.8083934783936 11.4345188140869 6.88686752319336 7.89245176315308 8.32412147521973 8.56460571289062 9.59391117095947 9.38430881500244 8.91250419616699 8.93924713134766 8.31030368804932 8.40346813201904 8.1935510635376 8.52405643463135 9.11512660980225 8.87393283843994 7.99435520172119 8.9686222076416 10.372142791748 10.4157485961914 11.1231355667114 9.85982894897461 9.92724227905273 9.71130084991455 9.50700950622559 11.7014274597168 10.9352426528931 11.3126821517944
