Ecospace-environmental-drivers/Outputs/ASCII-for-ecospace/ChlA/ChlA_X2022.06.asc
NCOLS 131 
NROWS 53 
XLLCORNER -98 
YLLCORNER 23.9265270233154 
CELLSIZE 0.133587792515755 
NODATA_value -3.4e+38 
[rows 0 to 21 of 53, columns 50 to 99 of 131]
-3.4e+38 -3.4e+38 -3.4e+38 -3.4e+38 -3.4e+38 -3.4e+38 -3.4e+38 -3.4e+38 -3.4e+38 -3.4e+38 -3.4e+38 -3.4e+38 -3.4e+38 -3.4e+38 -3.4e+38 -3.4e+38 -3.4e+38 -3.4e+38 -3.4e+38 -3.4e+38 -3.4e+38 -3.4e+38 -3.4e+38 -3.4e+38 -3.4e+38 -3.4e+38 -3.4e+38 -3.4e+38 -3.4e+38 -3.4e+38 -3.4e+38 -3.4e+38 -3.4e+38 -3.4e+38 -3.4e+38 -3.4e+38 -3.4e+38 -3.4e+38 -3.4e+38 -3.4e+38 -3.4e+38 -3.4e+38 -3.4e+38 -3.4e+38 -3.4e+38 -3.4e+38 -3.4e+38 -3.4e+38 -3.4e+38 -3.4e+38
-3.4e+38 -3.4e+38 -3.4e+38 -3.4e+38 -3.4e+38 -3.4e+38 -3.4e+38 -3.4e+38 -3.4e+38 -3.4e+38 -3.4e+38 -3.4e+38 -3.4e+38 -3.4e+38 -3.4e+38 -3.4e+38 -3.4e+38 -3.4e+38 -3.4e+38 -3.4e+38 -3.4e+38 -3.4e+38 -3.4e+38 -3.4e+38 -3.4e+38 -3.4e+38 -3.4e+38 -3.4e+38 -3.4e+38 -3.4e+38 -3.4e+38 -3.4e+38 -3.4e+38 -3.4e+38 -3.4e+38 -3.4e+38 -3.4e+38 -3.4e+38 -3.4e+38 -3.4e+38 -3.4e+38 -3.4e+38 -3.4e+38 -3.4e+38 -3.4e+38 -3.4e+38 -3.4e+38 -3.4e+38 -3.4e+38 -3.4e+38
-3.4e+38 -3.4e+38 -3.4e+38 -3.4e+38 -3.4e+38 -3.4e+38 -3.4e+38 -3.4e+38 -3.4e+38 -3.4e+38 -3.4e+38 -3.4e+38 -3.4e+38 -3.4e+38 -3.4e+38 -3.4e+38 -3.4e+38 -3.4e+38 -3.4e+38 -3.4e+38 -3.4e+38 -3.4e+38 -3.4e+38 -3.4e+38 -3.4e+38 -3.4e+38 -3.4e+38 -3.4e+38 -3.4e+38 -3.4e+38 -3.4e+38 -3.4e+38 -3.4e+38 -3.4e+38 -3.4e+38 -3.4e+38 -3.4e+38 -3.4e+38 -3.4e+38 -3.4e+38 -3.4e+38 -3.4e+38 -3.4e+38 -3.4e+38 -3.4e+38 -3.4e+38 -3.4e+38 -3.4e+38 -3.4e+38 -3.4e+38
-3.4e+38 -3.4e+38 -3.4e+38 -3.4e+38 -3.4e+38 -3.4e+38 -3.4e+38 -3.4e+38 -3.4e+38 -3.4e+38 -3.4e+38 -3.4e+38 -3.4e+38 -3.4e+38 -3.4e+38 -3.4e+38 -3.4e+38 -3.4e+38 -3.4e+38 -3.4e+38 -3.4e+38 -3.4e+38 -3.4e+38 -3.4e+38 13.2732000350952 17.1884021759033 -3.4e+38 -3.4e+38 -3.4e+38 -3.4e+38 -3.4e+38 -3.4e+38 -3.4e+38 -3.4e+38 -3.4e+38 -3.4e+38 -3.4e+38 -3.4e+38 -3.4e+38 -3.4e+38 -3.4e+38 -3.4e+38 -3.4e+38 -3.4e+38 -3.4e+38 -3.4e+38 -3.4e+38 -3.4e+38 -3.4e+38 -3.4e+38
-3.4e+38 -3.4e+38 -3.4e+38 -3.4e+38 -3.4e+38 -3.4e+38 -3.4e+38 -3.4e+38 10.8669443130493 16.8868770599365 -3.4e+38 -3.4e+38 -3.4e+38 -3.4e+38 -3.4e+38 -3.4e+38 18.3625202178955 17.2890491485596 17.1289196014404 17.5214786529541 15.3297662734985 16.2861366271973 17.8353118896484 -3.4e+38 15.452130317688 16.3149833679199 14.6009178161621 -3.4e+38 -3.4e+38 -3.4e+38 -3.4e+38 -3.4e+38 -3.4e+38 -3.4e+38 -3.4e+38 -3.4e+38 -3.4e+38 7.83779287338257 -3.4e+38 -3.4e+38 -3.4e+38 -3.4e+38 -3.4e+38 -3.4e+38 -3.4e+38 -3.4e+38 -3.4e+38 -3.4e+38 -3.4e+38 -3.4e+38
-3.4e+38 -3.4e+38 -3.4e+38 -3.4e+38 -3.4e+38 21.0107879638672 21.319974899292 18.1810169219971 16.055965423584 13.7006597518921 15.7721662521362 -3.4e+38 -3.4e+38 16.0934658050537 17.9396438598633 18.0986747741699 18.5573101043701 16.9812602996826 16.802619934082 16.6273593902588 17.0221405029297 16.5527515411377 17.0790271759033 19.1264915466309 14.5590467453003 12.9879207611084 11.7655363082886 -3.4e+38 -3.4e+38 -3.4e+38 6.19744729995728 6.00541162490845 -3.4e+38 -3.4e+38 -3.4e+38 -3.4e+38 -3.4e+38 -3.4e+38 -3.4e+38 -3.4e+38 -3.4e+38 -3.4e+38 -3.4e+38 -3.4e+38 -3.4e+38 -3.4e+38 -3.4e+38 -3.4e+38 -3.4e+38 -3.4e+38
-3.4e+38 -3.4e+38 -3.4e+38 -3.4e+38 -3.4e+38 -3.4e+38 24.1645641326904 16.9465045928955 18.3667697906494 16.4710788726807 16.532320022583 -3.4e+38 21.59765625 17.5028533935547 15.5662822723389 16.3876609802246 18.2313632965088 16.4806346893311 15.0054788589478 14.0769853591919 13.9344272613525 13.7417812347412 14.1525955200195 13.8377342224121 12.4394035339355 9.43924427032471 7.16372871398926 7.04393863677979 7.23552322387695 -3.4e+38 4.16615104675293 -3.4e+38 -3.4e+38 -3.4e+38 -3.4e+38 -3.4e+38 -3.4e+38 -3.4e+38 -3.4e+38 -3.4e+38 4.88577032089233 6.57032537460327 -3.4e+38 -3.4e+38 -3.4e+38 -3.4e+38 -3.4e+38 -3.4e+38 -3.4e+38 -3.4e+38
-3.4e+38 -3.4e+38 -3.4e+38 -3.4e+38 -3.4e+38 -3.4e+38 -3.4e+38 17.6195869445801 17.6160507202148 16.5354251861572 17.8335361480713 13.018253326416 16.72389793396 20.4308795928955 15.3621730804443 16.6700668334961 20.884256362915 19.1303977966309 15.4613409042358 12.8013687133789 12.7076053619385 10.4713773727417 11.4712533950806 11.1152811050415 11.0305547714233 9.06384468078613 7.34844350814819 7.3486795425415 7.27810382843018 6.62295722961426 6.98026323318481 -3.4e+38 -3.4e+38 -3.4e+38 -3.4e+38 -3.4e+38 -3.4e+38 -3.4e+38 -3.4e+38 -3.4e+38 -3.4e+38 5.85126161575317 5.03531265258789 7.28794050216675 -3.4e+38 -3.4e+38 -3.4e+38 -3.4e+38 -3.4e+38 -3.4e+38
-3.4e+38 -3.4e+38 -3.4e+38 -3.4e+38 -3.4e+38 -3.4e+38 -3.4e+38 -3.4e+38 -3.4e+38 -3.4e+38 -3.4e+38 -3.4e+38 15.2894659042358 -3.4e+38 -3.4e+38 16.0135498046875 21.7281761169434 19.5293102264404 16.4608192443848 13.4569330215454 13.2756500244141 10.1541681289673 9.77464962005615 9.11943817138672 9.09581851959229 9.1019811630249 7.33282899856567 6.97294330596924 7.48601102828979 9.37748527526855 8.44795703887939 6.28311967849731 -3.4e+38 -3.4e+38 -3.4e+38 -3.4e+38 -3.4e+38 -3.4e+38 -3.4e+38 -3.4e+38 -3.4e+38 -3.4e+38 5.4557957649231 5.47411203384399 5.9479513168335 -3.4e+38 -3.4e+38 -3.4e+38 -3.4e+38 5.14174938201904
-3.4e+38 -3.4e+38 -3.4e+38 -3.4e+38 -3.4e+38 -3.4e+38 -3.4e+38 -3.4e+38 -3.4e+38 -3.4e+38 -3.4e+38 -3.4e+38 -3.4e+38 -3.4e+38 19.4291286468506 19.8866596221924 21.0080757141113 18.5535469055176 16.2271461486816 14.943642616272 13.8447484970093 9.59442043304443 8.35891056060791 8.7057638168335 9.34722328186035 8.12106037139893 5.79790353775024 5.24275016784668 7.84286308288574 7.53556299209595 6.66158485412598 6.31721496582031 -3.4e+38 -3.4e+38 -3.4e+38 -3.4e+38 -3.4e+38 -3.4e+38 -3.4e+38 -3.4e+38 -3.4e+38 -3.4e+38 -3.4e+38 5.70099401473999 12.5022611618042 12.7155351638794 8.23809146881104 8.63017463684082 9.34138774871826 6.6880087852478
-3.4e+38 -3.4e+38 -3.4e+38 -3.4e+38 -3.4e+38 -3.4e+38 -3.4e+38 -3.4e+38 -3.4e+38 -3.4e+38 -3.4e+38 -3.4e+38 -3.4e+38 15.275595664978 20.0178165435791 22.1174774169922 20.7383804321289 18.3450126647949 16.262638092041 15.6425485610962 12.7344274520874 10.873815536499 10.0033845901489 9.57209396362305 9.84872341156006 9.1691255569458 6.15868806838989 7.15982341766357 6.84057092666626 5.67304468154907 -3.4e+38 -3.4e+38 -3.4e+38 -3.4e+38 -3.4e+38 -3.4e+38 -3.4e+38 -3.4e+38 -3.4e+38 -3.4e+38 -3.4e+38 -3.4e+38 -3.4e+38 6.81674528121948 10.6866083145142 10.5010671615601 10.1429214477539 10.9888668060303 8.87162017822266 7.9806809425354
-3.4e+38 -3.4e+38 -3.4e+38 -3.4e+38 -3.4e+38 -3.4e+38 -3.4e+38 -3.4e+38 -3.4e+38 20.5864009857178 19.0504417419434 13.2929973602295 -3.4e+38 14.8844060897827 22.1561412811279 22.6947402954102 20.8467922210693 18.0375442504883 15.3054990768433 14.0575695037842 10.9179277420044 10.089503288269 9.18891620635986 9.82816886901855 8.29690551757812 8.94792652130127 8.2637767791748 6.56133317947388 6.10698127746582 4.58318853378296 -3.4e+38 -3.4e+38 -3.4e+38 -3.4e+38 5.78447866439819 -3.4e+38 -3.4e+38 -3.4e+38 -3.4e+38 -3.4e+38 -3.4e+38 -3.4e+38 -3.4e+38 4.97692108154297 7.75035762786865 8.12483787536621 9.54966449737549 9.66085910797119 7.91995429992676 7.46530103683472
-3.4e+38 -3.4e+38 -3.4e+38 -3.4e+38 -3.4e+38 18.3821048736572 18.9581413269043 19.0717926025391 -3.4e+38 19.0895557403564 16.8481693267822 12.7597856521606 -3.4e+38 -3.4e+38 -3.4e+38 24.445728302002 20.3988018035889 17.6945552825928 13.1521492004395 10.8915071487427 10.5343284606934 10.1274223327637 10.6851930618286 10.5190916061401 8.57946395874023 7.65017175674438 5.89265584945679 4.61766719818115 5.43013715744019 6.04143810272217 4.24746704101562 4.19421577453613 4.75793123245239 -3.4e+38 -3.4e+38 4.332763671875 -3.4e+38 -3.4e+38 -3.4e+38 -3.4e+38 -3.4e+38 -3.4e+38 -3.4e+38 4.62052822113037 7.21083164215088 7.54491138458252 8.17451858520508 7.99376821517944 7.21850395202637 7.42696762084961
19.6795673370361 17.8283767700195 20.5144481658936 19.1690139770508 22.4681968688965 20.249547958374 19.2955837249756 17.8127479553223 17.8897266387939 16.5668277740479 14.0546884536743 14.0183620452881 15.2807722091675 14.3457612991333 13.6549272537231 -3.4e+38 21.4806308746338 18.9749145507812 10.9250297546387 8.61007022857666 9.81863307952881 9.4473237991333 8.33320140838623 9.58219146728516 8.82171249389648 7.36542367935181 5.37066030502319 3.1118745803833 5.98626518249512 2.43635296821594 5.96108245849609 6.79488182067871 6.38616895675659 4.58245658874512 1.90868818759918 -3.4e+38 -3.4e+38 -3.4e+38 -3.4e+38 -3.4e+38 -3.4e+38 -3.4e+38 -3.4e+38 -3.4e+38 5.63228416442871 7.11643028259277 8.13616847991943 7.75456619262695 5.0209789276123 6.72009372711182
17.0100479125977 18.478385925293 19.5003299713135 19.2963943481445 19.5933036804199 18.7950210571289 17.5769367218018 17.3160743713379 18.6437015533447 18.0005798339844 16.8049144744873 17.3500156402588 16.6345863342285 15.2575578689575 10.9251575469971 -3.4e+38 18.1546287536621 16.507640838623 11.1203098297119 10.470419883728 11.5984392166138 9.4854040145874 7.61219310760498 7.7928261756897 6.61316061019897 5.54218578338623 2.78580117225647 5.68476295471191 6.0159592628479 5.96426630020142 7.43286371231079 5.52158212661743 6.6482048034668 5.33613395690918 3.90628337860107 -3.4e+38 -3.4e+38 -3.4e+38 -3.4e+38 -3.4e+38 -3.4e+38 -3.4e+38 -3.4e+38 -3.4e+38 -3.4e+38 5.5570502281189 6.55974960327148 6.94626951217651 5.18147897720337 4.42995405197144
15.3207139968872 16.7934551239014 17.6904125213623 18.1842498779297 14.3290729522705 14.1734075546265 14.5055665969849 16.3982563018799 17.6297607421875 19.046537399292 18.4435234069824 18.4541435241699 19.2997798919678 18.9611911773682 19.6602115631104 19.9180793762207 19.247953414917 16.9754848480225 14.4382848739624 13.5624685287476 13.9110116958618 11.5097541809082 8.29112815856934 7.60281658172607 5.8681788444519 6.4845986366272 6.74834728240967 7.30673789978027 6.80488586425781 5.90091609954834 6.96169424057007 7.07995367050171 5.98132610321045 5.86704874038696 5.33030414581299 5.12457084655762 5.99420356750488 -3.4e+38 -3.4e+38 -3.4e+38 -3.4e+38 -3.4e+38 -3.4e+38 -3.4e+38 -3.4e+38 -3.4e+38 5.39811325073242 5.65354824066162 6.82301998138428 6.61935567855835
11.9716558456421 13.1859483718872 13.9887437820435 13.6357860565186 11.9594488143921 12.0025224685669 12.0793991088867 15.5509462356567 17.615535736084 18.4941082000732 17.7769756317139 17.3711433410645 19.5103092193604 20.5815277099609 20.2514362335205 18.611255645752 18.6484508514404 16.0566959381104 14.6496887207031 13.2300891876221 11.7279529571533 10.043628692627 7.25263643264771 6.66294860839844 5.84191656112671 -3.4e+38 6.97183704376221 6.12685394287109 5.22115659713745 8.05096626281738 6.40514278411865 5.95672988891602 6.49346780776978 5.81316089630127 3.53043651580811 4.34221220016479 6.39197111129761 -3.4e+38 -3.4e+38 4.27810382843018 -3.4e+38 -3.4e+38 -3.4e+38 5.44875049591064 -3.4e+38 -3.4e+38 -3.4e+38 -3.4e+38 6.83145952224731 7.11713218688965
11.2990684509277 11.8183221817017 12.321982383728 12.101598739624 11.7855491638184 11.4026031494141 11.2839784622192 13.6878252029419 14.8154067993164 13.7976179122925 14.9977188110352 14.7237710952759 15.1914291381836 16.6204395294189 18.3982963562012 15.5144805908203 13.6095533370972 14.6314544677734 11.8333415985107 9.96982765197754 10.1738395690918 10.0523433685303 7.68176460266113 6.25520753860474 4.42994737625122 5.79792928695679 6.70610666275024 6.99765396118164 6.8802752494812 6.73505878448486 8.38660907745361 8.19571018218994 7.57391262054443 7.11868858337402 5.90195941925049 4.93204355239868 3.37053084373474 5.10930442810059 -3.4e+38 -3.4e+38 5.94887161254883 -3.4e+38 5.47514724731445 5.63823461532593 -3.4e+38 -3.4e+38 -3.4e+38 6.36286783218384 5.50760269165039 4.54524087905884
9.23739337921143 10.4267892837524 11.0300846099854 10.4892740249634 11.2732105255127 11.7839031219482 11.6267204284668 11.5214128494263 9.59349155426025 7.66217613220215 10.8072385787964 12.3670196533203 9.63595676422119 9.67680549621582 10.5933275222778 13.0601100921631 12.5666732788086 13.6035308837891 11.1369466781616 10.0279846191406 9.30032157897949 9.18418979644775 9.09140777587891 7.21842861175537 7.25005435943604 5.77552556991577 9.047119140625 9.80514240264893 8.26634502410889 8.60525226593018 8.90503311157227 9.04233551025391 6.96188831329346 7.59939193725586 8.18094253540039 6.60481977462769 5.48567390441895 -3.4e+38 -3.4e+38 3.90837740898132 5.11135864257812 4.93453550338745 5.98765563964844 5.55124759674072 3.80156087875366 -3.4e+38 -3.4e+38 4.43488931655884 4.60536527633667 -3.4e+38
5.43201923370361 8.2118968963623 10.1003389358521 10.1877632141113 10.3482713699341 11.0446043014526 9.499831199646 10.243106842041 8.10488605499268 7.84504222869873 6.5328197479248 9.15996265411377 7.23861980438232 9.11839294433594 10.4821548461914 11.4577178955078 11.6744499206543 12.1110982894897 10.021803855896 9.26218891143799 8.92526054382324 9.20430850982666 8.46161556243896 8.06482791900635 8.03149223327637 9.01911067962646 9.94014644622803 9.86362838745117 8.86868953704834 8.76026821136475 8.30352115631104 8.13052082061768 6.88003253936768 7.11622190475464 6.02947950363159 4.52831172943115 4.14491701126099 3.83343386650085 3.71499085426331 -3.4e+38 -3.4e+38 -3.4e+38 6.53008031845093 6.71097612380981 6.00628805160522 7.31786108016968 5.44232225418091 -3.4e+38 4.76271486282349 4.96924257278442
-3.4e+38 6.10176992416382 7.97688388824463 8.95049953460693 8.36137390136719 9.08613872528076 9.31457805633545 8.53550815582275 6.83257389068604 7.53649997711182 6.99129056930542 8.41634273529053 -3.4e+38 8.89800930023193 10.0000352859497 9.68906021118164 10.8089122772217 12.4207668304443 10.9026832580566 9.62656116485596 9.5589542388916 9.45718574523926 8.19632720947266 9.05206775665283 9.87656784057617 10.1266317367554 9.9866247177124 8.42022323608398 8.64222240447998 9.47208118438721 9.00937938690186 8.17719554901123 6.96978998184204 7.73967170715332 5.09986257553101 6.57629871368408 5.78081274032593 6.22450876235962 -3.4e+38 -3.4e+38 -3.4e+38 6.29035663604736 6.43108463287354 6.06735038757324 7.40635013580322 5.63701820373535 6.86100816726685 5.89795827865601 -3.4e+38 -3.4e+38
4.10586452484131 -3.4e+38 -3.4e+38 5.25410556793213 4.54328203201294 5.11276817321777 6.69331884384155 7.51995325088501 -3.4e+38 6.86835432052612 6.85647439956665 7.42572021484375 9.4088134765625 11.2564172744751 11.2210340499878 11.108998298645 11.2706480026245 11.4163131713867 11.1717700958252 8.910964012146 8.99285411834717 8.11321449279785 7.98316335678101 8.43093109130859 9.77191543579102 9.98654460906982 8.52847099304199 7.18061923980713 8.80316925048828 8.43641471862793 7.71625947952271 5.45776796340942 7.71750926971436 7.66409587860107 6.19650268554688 6.35846614837646 6.35941076278687 5.52531337738037 6.29319286346436 -3.4e+38 -3.4e+38 5.9807710647583 -3.4e+38 -3.4e+38 6.36592531204224 4.97531318664551 5.86154222488403 6.28707027435303 4.07496166229248 -3.4e+38
