Ecospace-environmental-drivers/Outputs/ASCII-for-ecospace/ChlA/ChlA_X2020.01.asc
NCOLS 131 
NROWS 53 
XLLCORNER -98 
YLLCORNER 23.9265270233154 
CELLSIZE 0.133587792515755 
NODATA_value -3.4e+38 
[rows 0 to 20 of 53, columns 47 to 93 of 131]
-3.4e+38 -3.4e+38 -3.4e+38 -3.4e+38 -3.4e+38 -3.4e+38 -3.4e+38 -3.4e+38 -3.4e+38 -3.4e+38 -3.4e+38 -3.4e+38 -3.4e+38 -3.4e+38 -3.4e+38 -3.4e+38 -3.4e+38 -3.4e+38 -3.4e+38 -3.4e+38 -3.4e+38 -3.4e+38 -3.4e+38 -3.4e+38 -3.4e+38 -3.4e+38 -3.4e+38 -3.4e+38 -3.4e+38 -3.4e+38 -3.4e+38 -3.4e+38 -3.4e+38 -3.4e+38 -3.4e+38 -3.4e+38 -3.4e+38 -3.4e+38 -3.4e+38 -3.4e+38 -3.4e+38 -3.4e+38 -3.4e+38 -3.4e+38 -3.4e+38 -3.4e+38 -3.4e+38
-3.4e+38 -3.4e+38 -3.4e+38 -3.4e+38 -3.4e+38 -3.4e+38 -3.4e+38 -3.4e+38 -3.4e+38 -3.4e+38 -3.4e+38 -3.4e+38 -3.4e+38 -3.4e+38 -3.4e+38 -3.4e+38 -3.4e+38 -3.4e+38 -3.4e+38 -3.4e+38 -3.4e+38 -3.4e+38 -3.4e+38 -3.4e+38 -3.4e+38 -3.4e+38 -3.4e+38 -3.4e+38 -3.4e+38 -3.4e+38 -3.4e+38 -3.4e+38 -3.4e+38 -3.4e+38 -3.4e+38 -3.4e+38 -3.4e+38 -3.4e+38 -3.4e+38 -3.4e+38 -3.4e+38 -3.4e+38 -3.4e+38 -3.4e+38 -3.4e+38 -3.4e+38 -3.4e+38
-3.4e+38 -3.4e+38 -3.4e+38 -3.4e+38 -3.4e+38 -3.4e+38 -3.4e+38 -3.4e+38 -3.4e+38 -3.4e+38 -3.4e+38 -3.4e+38 -3.4e+38 -3.4e+38 -3.4e+38 -3.4e+38 -3.4e+38 -3.4e+38 -3.4e+38 -3.4e+38 -3.4e+38 -3.4e+38 -3.4e+38 -3.4e+38 -3.4e+38 -3.4e+38 -3.4e+38 -3.4e+38 -3.4e+38 -3.4e+38 -3.4e+38 -3.4e+38 -3.4e+38 -3.4e+38 -3.4e+38 -3.4e+38 -3.4e+38 -3.4e+38 -3.4e+38 -3.4e+38 -3.4e+38 -3.4e+38 -3.4e+38 -3.4e+38 -3.4e+38 -3.4e+38 -3.4e+38
-3.4e+38 -3.4e+38 -3.4e+38 -3.4e+38 -3.4e+38 -3.4e+38 -3.4e+38 -3.4e+38 -3.4e+38 -3.4e+38 -3.4e+38 -3.4e+38 -3.4e+38 -3.4e+38 -3.4e+38 -3.4e+38 -3.4e+38 -3.4e+38 -3.4e+38 -3.4e+38 -3.4e+38 -3.4e+38 -3.4e+38 -3.4e+38 -3.4e+38 -3.4e+38 -3.4e+38 111.047561645508 113.613296508789 -3.4e+38 -3.4e+38 -3.4e+38 -3.4e+38 -3.4e+38 156.847885131836 213.26643371582 -3.4e+38 -3.4e+38 -3.4e+38 -3.4e+38 198.661590576172 -3.4e+38 -3.4e+38 -3.4e+38 -3.4e+38 -3.4e+38 -3.4e+38
-3.4e+38 -3.4e+38 -3.4e+38 -3.4e+38 -3.4e+38 -3.4e+38 -3.4e+38 -3.4e+38 -3.4e+38 141.990081787109 125.052001953125 107.278617858887 91.8862762451172 -3.4e+38 -3.4e+38 -3.4e+38 -3.4e+38 -3.4e+38 -3.4e+38 139.952346801758 132.06591796875 130.387802124023 128.313339233398 137.745864868164 132.610794067383 134.345184326172 118.165863037109 97.4850387573242 108.676704406738 117.61100769043 -3.4e+38 -3.4e+38 -3.4e+38 52.7202606201172 120.146354675293 143.071304321289 34.5027694702148 35.7616920471191 49.5783767700195 66.5756225585938 134.300537109375 93.8675765991211 -3.4e+38 -3.4e+38 -3.4e+38 -3.4e+38 -3.4e+38
-3.4e+38 -3.4e+38 -3.4e+38 -3.4e+38 -3.4e+38 -3.4e+38 -3.4e+38 -3.4e+38 -3.4e+38 129.920745849609 117.668655395508 107.430824279785 89.8943252563477 90.2932205200195 -3.4e+38 -3.4e+38 122.525596618652 136.560333251953 145.037551879883 129.875549316406 114.739883422852 119.327621459961 115.110572814941 125.218688964844 124.253868103027 116.603858947754 108.109794616699 98.8923645019531 107.58519744873 105.046981811523 78.1710052490234 73.5454406738281 104.998985290527 68.7109298706055 36.0949478149414 28.9259490966797 27.0037937164307 27.7408218383789 33.1132774353027 36.1197242736816 30.9863014221191 31.3406772613525 35.9253692626953 37.3377838134766 -3.4e+38 -3.4e+38 -3.4e+38
-3.4e+38 -3.4e+38 -3.4e+38 -3.4e+38 -3.4e+38 -3.4e+38 -3.4e+38 -3.4e+38 -3.4e+38 111.550567626953 111.544418334961 86.999153137207 75.3514251708984 87.6591262817383 114.295829772949 115.421432495117 124.359222412109 123.656631469727 118.470916748047 110.636001586914 98.3273010253906 93.0235748291016 86.7283782958984 91.1020355224609 91.7243499755859 89.9908294677734 91.6788024902344 89.3134460449219 65.0671691894531 55.6427803039551 57.9817504882812 48.8384666442871 40.7156982421875 30.2226085662842 24.3092041015625 23.6369323730469 23.1270751953125 23.8046169281006 24.0073432922363 24.804271697998 25.653938293457 26.5787563323975 30.2685146331787 34.9640846252441 43.7351493835449 38.5519027709961 -3.4e+38
-3.4e+38 -3.4e+38 -3.4e+38 -3.4e+38 -3.4e+38 -3.4e+38 -3.4e+38 -3.4e+38 -3.4e+38 -3.4e+38 -3.4e+38 77.0763168334961 -3.4e+38 -3.4e+38 120.495887756348 125.054161071777 130.902267456055 124.371246337891 114.592727661133 109.292274475098 95.4061584472656 78.5282363891602 68.5727310180664 70.2683639526367 74.0669021606445 79.5141220092773 76.8283386230469 66.3152465820312 48.9740829467773 39.7041854858398 31.2181072235107 28.1871337890625 23.1768569946289 22.6418228149414 23.2055320739746 22.6868228912354 21.5881977081299 22.0046882629395 22.8447971343994 23.3541030883789 23.5576095581055 23.5604782104492 24.9652557373047 27.8200950622559 35.5343170166016 38.0197486877441 51.083438873291
-3.4e+38 -3.4e+38 -3.4e+38 -3.4e+38 -3.4e+38 -3.4e+38 -3.4e+38 -3.4e+38 -3.4e+38 -3.4e+38 -3.4e+38 -3.4e+38 -3.4e+38 -3.4e+38 146.227172851562 137.522521972656 -3.4e+38 113.644119262695 110.412155151367 101.404922485352 81.8315963745117 73.1042556762695 62.728702545166 56.6724319458008 52.0769996643066 53.3816947937012 52.7893295288086 51.2429008483887 49.539478302002 38.8291816711426 23.1039524078369 22.1289443969727 22.5284461975098 21.8568267822266 21.6428165435791 21.4654350280762 21.3973140716553 21.1744003295898 21.4141979217529 22.750020980835 22.9976825714111 23.716869354248 23.8439044952393 26.1681900024414 28.2728233337402 35.062427520752 47.609935760498
-3.4e+38 -3.4e+38 -3.4e+38 -3.4e+38 -3.4e+38 -3.4e+38 -3.4e+38 -3.4e+38 -3.4e+38 -3.4e+38 -3.4e+38 -3.4e+38 -3.4e+38 -3.4e+38 -3.4e+38 164.172500610352 147.440338134766 127.640556335449 112.478706359863 90.4511413574219 76.9342498779297 69.2503356933594 56.2072067260742 45.0356597900391 36.3003845214844 35.3059120178223 35.1768646240234 42.0216979980469 31.9830856323242 23.8701686859131 22.4713649749756 22.2260627746582 21.8693447113037 20.923864364624 20.8744335174561 20.6984004974365 20.8810520172119 21.2168254852295 21.3552284240723 21.692195892334 22.4898052215576 22.9746437072754 22.9950122833252 24.506872177124 27.230297088623 32.1635398864746 43.5160598754883
-3.4e+38 -3.4e+38 -3.4e+38 -3.4e+38 -3.4e+38 -3.4e+38 -3.4e+38 -3.4e+38 -3.4e+38 -3.4e+38 -3.4e+38 -3.4e+38 -3.4e+38 -3.4e+38 -3.4e+38 108.134460449219 146.76416015625 126.416702270508 108.271644592285 97.8779907226562 79.1894073486328 67.5726928710938 54.1524925231934 40.6504364013672 31.6315937042236 28.3811836242676 26.2358894348145 24.3054313659668 23.0580635070801 22.1474285125732 21.9241638183594 21.6116752624512 21.3749103546143 20.964635848999 20.5168323516846 20.7624568939209 20.6816577911377 21.2598094940186 21.2265701293945 21.2129325866699 21.7366523742676 22.4794406890869 22.1062450408936 21.8826236724854 24.0950965881348 27.0332088470459 41.9799499511719
-3.4e+38 -3.4e+38 -3.4e+38 -3.4e+38 -3.4e+38 -3.4e+38 -3.4e+38 -3.4e+38 -3.4e+38 -3.4e+38 -3.4e+38 -3.4e+38 -3.4e+38 171.298049926758 143.959732055664 -3.4e+38 109.719985961914 99.8641510009766 100.588005065918 93.7490615844727 81.5321884155273 71.0425186157227 56.3830070495605 40.1067008972168 32.5319480895996 25.9423866271973 25.1551551818848 24.5042095184326 22.4589862823486 21.4804973602295 21.1802864074707 20.947998046875 20.8555545806885 20.9795913696289 20.4881381988525 20.6993141174316 20.759334564209 21.2595233917236 21.2329559326172 21.2015361785889 21.3027267456055 21.4099922180176 21.6407260894775 21.1333885192871 22.0318641662598 24.8549251556396 34.6153831481934
102.347717285156 99.5711517333984 99.7974395751953 -3.4e+38 -3.4e+38 -3.4e+38 -3.4e+38 -3.4e+38 143.556594848633 133.041534423828 165.537322998047 189.231964111328 146.808746337891 140.662826538086 125.690673828125 95.3891830444336 -3.4e+38 -3.4e+38 93.7949905395508 90.8653030395508 80.3781051635742 67.1225509643555 54.5496864318848 45.1547660827637 37.8554801940918 31.2717666625977 24.8515777587891 23.0767421722412 21.9712333679199 21.456075668335 21.1834659576416 20.6992683410645 20.6230621337891 20.7259731292725 20.5845584869385 20.6897792816162 20.9069232940674 20.8654079437256 20.9423294067383 20.6586093902588 20.7319679260254 20.3681201934814 20.7970008850098 21.3430957794189 21.2832717895508 21.3122997283936 22.1020164489746
97.4991455078125 97.5037612915039 103.455612182617 117.498741149902 127.364303588867 147.165222167969 146.371139526367 163.556594848633 137.943344116211 99.4166488647461 126.119010925293 138.247955322266 120.398750305176 104.734375 98.1603164672852 87.9575119018555 84.315299987793 90.1468734741211 -3.4e+38 85.387825012207 82.8465957641602 68.2824401855469 49.6514930725098 38.943244934082 28.6787414550781 24.7998313903809 23.4828567504883 22.3106861114502 21.5319366455078 21.1962013244629 20.885082244873 20.3616027832031 20.437744140625 20.7141571044922 20.4297485351562 20.527889251709 20.7510566711426 20.2748222351074 20.5485649108887 20.2674598693848 20.1249370574951 20.1178245544434 20.2586421966553 20.4334888458252 21.1199531555176 20.9247665405273 21.2821598052979
98.4208908081055 98.8886947631836 103.053367614746 104.972671508789 112.145492553711 114.324981689453 123.251823425293 104.366714477539 92.266716003418 89.4839782714844 94.0418395996094 101.477882385254 105.86905670166 98.4192428588867 94.7340545654297 91.6896133422852 81.4834213256836 80.8660354614258 -3.4e+38 79.8068923950195 82.7875289916992 65.3057861328125 46.1521873474121 28.3878364562988 22.9582366943359 21.9895114898682 21.0988693237305 21.0100727081299 20.8083648681641 20.654411315918 20.4356861114502 20.5532207489014 20.0518035888672 20.1749954223633 19.6977157592773 19.7232189178467 20.2552547454834 19.679557800293 19.8732128143311 19.933048248291 19.7462635040283 20.0578155517578 20.4845581054688 20.8041000366211 20.8293342590332 20.8211307525635 21.2852878570557
96.461181640625 98.4811630249023 96.3862228393555 97.0975646972656 96.5969924926758 91.9397048950195 88.6942672729492 88.4181213378906 90.3978652954102 93.1588516235352 98.63818359375 105.004661560059 94.2709121704102 85.7340087890625 87.5174865722656 87.457649230957 86.9256210327148 81.3743057250977 82.7656021118164 80.4549560546875 69.9169692993164 49.1345176696777 40.1154403686523 24.3707256317139 20.7666893005371 20.952938079834 20.6836757659912 20.2702445983887 20.2472953796387 20.5293674468994 20.2733898162842 20.080659866333 20.047664642334 19.9796161651611 20.38649559021 19.994779586792 19.8553218841553 19.4271297454834 19.4270343780518 19.5260238647461 19.3303451538086 19.3941478729248 20.3097324371338 20.52099609375 20.4449062347412 20.4145317077637 20.6713447570801
84.9147338867188 85.3757247924805 83.8204956054688 85.9370269775391 89.3994674682617 87.0929870605469 85.9888381958008 83.4569091796875 86.7560653686523 94.0443725585938 101.249954223633 91.3151321411133 87.7610397338867 92.7339859008789 89.5643768310547 88.4494247436523 87.3778762817383 76.516487121582 72.0053405761719 69.723747253418 48.1155204772949 36.924015045166 26.9587001800537 20.9665927886963 20.2866172790527 20.7961769104004 21.0267925262451 20.6239719390869 20.7577152252197 20.4781799316406 19.9174842834473 19.7971076965332 19.8853454589844 20.0090579986572 19.8803997039795 19.6274185180664 18.9906673431396 18.7104969024658 18.9354820251465 19.1967658996582 18.7326049804688 17.9259605407715 18.0765342712402 18.7270755767822 19.29563331604 19.9211826324463 20.167631149292
81.8851776123047 83.1102981567383 80.4043579101562 79.1002502441406 80.4636383056641 81.1801376342773 77.5380630493164 75.6083984375 74.7917022705078 83.220817565918 86.9155654907227 89.1915664672852 89.0420989990234 88.1670684814453 83.2758865356445 78.5829010009766 70.8542633056641 53.2893142700195 45.7383651733398 41.764892578125 30.7637481689453 23.5049705505371 20.5023403167725 20.3441505432129 20.7813968658447 21.1546821594238 21.1890316009521 20.9353485107422 20.5698127746582 20.148099899292 19.8863487243652 19.5566749572754 18.9938545227051 19.2043876647949 19.6313323974609 19.1811428070068 18.5331859588623 18.2995109558105 18.8015956878662 19.5388202667236 18.313850402832 17.7633304595947 18.1746273040771 17.7279891967773 17.662633895874 18.8915405273438 19.0714836120605
84.6999053955078 82.2582473754883 72.8369293212891 72.0499114990234 72.8941116333008 71.0428695678711 62.4197731018066 63.8782157897949 68.2755432128906 80.038948059082 83.4670944213867 84.812255859375 80.5313949584961 80.3395690917969 70.9804077148438 66.7128143310547 49.2721977233887 32.9793586730957 26.3288803100586 21.8616523742676 20.2556533813477 19.9121913909912 20.1741676330566 19.983907699585 20.4978275299072 20.8467178344727 20.9802074432373 20.9311714172363 20.3300590515137 20.0155715942383 19.7499084472656 19.499002456665 18.9821796417236 19.6933269500732 20.1244354248047 19.5711269378662 18.936315536499 18.579833984375 17.6834468841553 18.2533359527588 18.1685314178467 17.5129222869873 18.7032985687256 17.9546413421631 17.7421970367432 17.8980140686035 17.8388080596924
64.1007766723633 69.910774230957 70.9931640625 69.6988220214844 67.9822692871094 61.4350509643555 57.6807022094727 60.4013404846191 69.1274795532227 78.1028518676758 77.9937973022461 75.0336227416992 65.516960144043 65.0973205566406 58.9963569641113 48.5721397399902 30.0741939544678 24.9798069000244 21.1832675933838 20.288013458252 20.2685089111328 20.0606155395508 19.9780349731445 19.8092975616455 20.4188270568848 20.5684070587158 21.2723999023438 20.149019241333 19.9693984985352 19.4688129425049 19.8071746826172 20.2539310455322 19.6724967956543 19.7732601165771 19.4131717681885 19.6923866271973 19.388786315918 19.2014255523682 18.6256160736084 18.5258255004883 18.8850002288818 17.8714828491211 18.4645805358887 18.5490913391113 18.1461849212646 18.2194976806641 17.7372951507568
39.4690780639648 54.5330429077148 62.9672927856445 61.0095863342285 53.2871475219727 53.0877914428711 53.8109283447266 60.5307846069336 62.6352272033691 70.1323165893555 65.2097320556641 62.966552734375 63.5267868041992 60.8225250244141 53.148365020752 25.9756469726562 20.1287078857422 19.4095096588135 19.7705974578857 19.787727355957 19.546049118042 20.555212020874 20.4418964385986 20.2241973876953 20.2996997833252 20.7677917480469 20.4786815643311 19.7598628997803 20.2047576904297 19.4794063568115 19.4413909912109 20.0129566192627 20.1379547119141 19.3136558532715 18.4312076568604 18.8431758880615 18.429256439209 19.4758625030518 19.2162418365479 19.3788738250732 19.2856025695801 18.9739246368408 18.9658393859863 18.4609699249268 18.0802879333496 18.2710304260254 18.0166816711426
