Ecospace-environmental-drivers/Outputs/ASCII-for-ecospace/ChlA/ChlA_X1989_11_avg.asc
NCOLS 131 
NROWS 53 
XLLCORNER -98 
YLLCORNER 23.9265270233154 
CELLSIZE 0.133587792515755 
NODATA_value -9999 
[rows 21 to 41 of 53, columns 47 to 93 of 131]
17.8802235251979 17.9988868111058 18.247991612083 18.7516977410567 19.4297460756804 20.0333018553884 20.8853935442473 20.3194635290849 20.7885901802465 22.22086801027 22.6599985925775 22.5860285508005 22.2143769515188 21.4376902329294 21.2833083805285 20.3894500732422 20.1172998829892 19.9259349421451 18.8471338874415 17.7202527397557 16.8040918049059 16.5708574997751 16.4171612388209 16.1133799803884 16.1512426075182 16.144125085128 16.2325788799085 16.4319331520482 16.1712499417757 16.1031322981182 16.0807473032098 16.0781918575889 16.1686994151065 16.1568900158531 16.1418685411152 16.1588437431737 16.09244040439 15.9632585425126 15.9791062003688 16.0361180054514 16.0676077290585 16.1024149844521 16.0793112704628 16.1101881328382 16.1037233754208 16.227068248548 16.2398344843011
16.5431716818559 16.6723681500084 17.2196284344322 17.8046148199784 18.1495389938354 18.6154104533948 18.3285058172126 18.1325554094817 18.6686815964548 19.1719516954924 20.0167934016178 20.4284375843249 20.0964425739489 19.6533355210957 19.3739282708419 18.4122202521876 18.3010942559493 18.4156917270861 18.1666723552503 17.65510528966 16.4533507196527 16.2351154528166 16.2002339112131 16.1010642302664 16.1502812536139 16.1465251822221 16.0561360810932 16.1561950884367 16.1260179218493 15.9573842600772 15.9418824346442 15.9031805239226 16.0597611533271 15.9435214996338 15.9541178251568 15.9146109129253 15.8058132372404 15.7727638043855 15.8542812748959 15.8929679770219 15.8659424530832 15.9503716418618 15.900677128842 15.9171091882806 15.9552583694458 15.9352963096217 15.972687269512
16.3152095895065 16.52853368458 16.9976072311401 17.0364700116609 17.2763286891736 17.1284125980578 17.1525907014546 17.4896796377082 18.1751091605739 19.1021960910998 18.4471466666774 18.4867635024221 18.7822137129934 17.9761602000186 17.7736791811491 17.5008662374396 17.5550220891049 17.656851166173 17.7583896235416 17.5031581677889 16.5221765919736 16.2344137492933 16.2849449860422 16.0995868883635 16.0344584615607 16.0612281498156 15.9406915463899 16.0390788630435 15.8613029279207 15.7529234635203 15.7001343777305 15.6904085058915 15.7969862285413 15.9020374197709 15.8601786462884 15.7652888549002 15.7350189811305 15.6949320341411 15.6981915925678 15.7431582400673 15.8057708740234 15.7246773368434 15.7127278478522 15.6598423405697 15.7737840351306 15.8735421833239 15.7521075198525
16.2367464366712 16.2320928573608 16.5586761173449 16.4710795251947 16.196005168714 16.4905390488474 16.6877684342234 16.965067813271 16.7236844614932 16.8024339173969 17.5707647925929 18.1663004724603 18.3164732079757 18.1070575212177 17.7295499600862 17.9624782361482 17.197952170121 17.1304777044999 17.3191358666671 17.3095031537508 16.6853833449514 16.2794120186254 15.9937738619353 15.7502417313425 15.7864957106741 15.8667733543798 15.8262250297948 15.7978280719958 15.6604853680259 15.7730785671033 15.5763263702393 15.5883716784025 15.5532730504086 15.543648117467 15.6015532644171 15.6051790839747 15.6335292113455 15.6312292500546 15.6026036613866 15.6009197737041 15.5648721393786 15.6099988033897 15.5675936247173 15.6070152583875 15.674962144149 15.6999040402864 15.725632868315
16.4104974646317 16.2963476682964 15.992933223122 15.5552588011089 16.1551005714818 17.1548744000887 17.0714088239168 16.3368279808446 16.0484537325407 16.9180293334158 17.5241152110853 18.8277694802535 18.154693001195 17.7382325624165 17.5669808638723 17.2252199775294 17.1834710773669 16.6713736182765 16.7456409052799 17.0394626416658 16.7183675264057 16.1402011168631 15.7043379231503 15.5694450077258 15.6161004618595 15.5921274486341 15.7022261368601 15.6699442612497 15.5932268845408 15.6089962909096 15.55365918812 15.4863633579678 15.4110083580017 15.3888412776746 15.3577376415855 15.3601257424606 15.3506615789313 15.4193572998047 15.5346561733045 15.5408665506463 15.5581229862414 15.5094097037064 15.5301782708419 15.4092837885806 15.389195090846 15.4714365507427 15.5821678262008
15.7341356277466 16.0625205290945 16.7034205386513 16.503507262782 17.2078586377596 17.5975357858758 17.7645811281706 16.6554475081594 16.948632441069 16.9906289953935 17.2218049701891 17.4753605190076 18.9976968263325 18.1240732795314 17.6927260850605 17.5111391669825 17.6729445206492 16.461462924355 16.42362439005 16.3658259542365 16.4541114004035 16.0202341079712 15.7724979802182 15.6025433289377 15.5630565944471 15.4283622942473 15.5441038734034 15.5400175797312 15.3892977363185 15.4133619007311 15.408649695547 15.3826275875694 15.3306794417532 15.186400915447 15.2206425917776 15.150725615652 15.1635453073602 15.2304353212055 15.302074432373 15.4688417033145 15.5429651862697 15.5486398496126 15.525328585976 15.3199179297999 15.286337852478 15.2777064975939 15.2876669733148
15.6783392554835 16.7114713568436 16.2234494560643 16.2453869769448 16.6176863720543 17.3593946758069 17.2311260825709 17.0288625014456 16.941191823859 17.3047638441387 17.5928742258172 18.8120566418296 18.3406357012297 18.0072363803261 18.3120538310001 17.0839056717722 16.0811078924882 15.9748700292487 15.8759560835989 16.1228971481323 15.9074462589465 15.6985602127878 15.6883073104055 15.5641558797736 15.4714331877859 15.4234654777928 15.5916553798475 15.5543745442441 15.297325485631 15.3029675734671 15.3603818793046 15.5175982581245 15.4265231556363 15.29612048467 15.1061951486688 15.1944561004639 15.2322165338617 15.1987679130153 15.2444786774485 15.3896324258102 15.4771993034764 15.4888349834241 15.3914712604723 15.2199780313592 15.1838423076429 15.1507278743543 15.1626672744751
15.4407024885479 15.6068821455303 15.4696545349924 15.2802257035908 15.2624141291568 15.8612641786274 16.2120966158415 16.7577784186915 18.1602526714927 17.7632822237517 18.6536550019917 16.3625040556255 17.1449337507549 17.8615760803223 15.8563429179944 15.7842273210224 15.6988060599879 15.6156565515619 15.8675049229672 16.2257450003373 15.8001438943963 15.6643899616442 15.7575701663369 15.4209569127936 15.3872769506354 15.4037241182829 15.5182923266762 15.4417443526419 15.2679759577701 15.3469974116275 15.4683970401162 15.364275279798 15.382110445123 15.2525803917333 15.2377351459704 15.0385911841142 15.0390990407843 15.1338064796046 15.2682304382324 15.2182239733244 15.3388405348125 15.1946191285786 15.1725746455945 15.1117189808896 15.1072537773534 15.1336943475824 15.1608532855385
15.0831775665283 15.1737190045808 15.229926510861 15.1846237182617 15.1535667620207 15.195909098575 15.3200279537 15.3709861855758 15.923238955046 16.226070303666 16.096215649655 16.0171782343011 15.9246523505763 15.679057271857 15.5526799151772 15.5452830164056 15.4023600126568 15.6110936716983 15.684623366908 15.837221547177 15.8802506798192 15.7296214354666 15.708013936093 15.5156856838026 15.3924188111958 15.3102793944509 15.3377669986926 15.4125691966007 15.3822087739643 15.4400649823641 15.4185847232216 15.2714331275538 15.2444950906854 15.1931057478252 15.2303890930979 15.0861626173321 15.0986038509168 15.0591640472412 15.1091597707648 15.1152704640439 15.1898039767617 15.0436651832179 14.9656058361656 15.0846680089047 15.0992574691772 15.0106403451217 14.9575743424265
15.0135917663574 15.1433032883538 15.126296043396 15.0111471477308 15.0115223934776 15.1328226390638 15.1894597505268 15.2662144209209 15.4874651167128 15.6510339536165 15.811603345369 15.7762337734825 15.4847373962402 15.2265487470125 15.3289886273836 15.2458563352886 15.2085597891557 15.3275951084338 15.4877947255185 15.6003441559641 15.7872373179386 15.767699743572 15.5289405521594 15.4951917246768 15.3180288515593 15.2578639482197 15.2146830809744 15.2799570184005 15.3496573096827 15.3610884515863 15.4418217508416 15.3419820885909 15.2664054067511 15.2050080550344 15.1205607966373 15.0657175967568 15.1486550883243 15.1418261778982 15.1331176757812 15.1131672106291 14.8917504360801 14.9036904887149 14.8325781571238 14.9859263771459 15.0713285646941 14.9801661842748 14.9521405571385
14.9419215854846 14.9066718754015 14.8615492268613 14.8328695297241 14.9874173214561 15.075074095475 15.0921692597239 15.1959855932938 15.2511643833584 15.4413012928433 15.4578606287638 15.4033650292291 15.3056424793444 15.0269634849147 14.9876833965904 15.268979624698 15.5105040198878 15.5279566112318 15.4834370864065 15.3554283248054 15.4853212958888 15.7939453626934 15.5166060297113 15.3442943974545 15.2384084902312 15.1319396872269 15.0920188803422 15.1254552038092 15.279140070865 15.2771049800672 15.4615039323506 15.2900888041446 15.2815999482807 15.136939952248 14.9888026086908 14.9967981137727 15.12915847176 15.2081411261308 15.2055294639186 15.0190880424098 14.8423539211876 14.77369298433 14.7898213737889 14.9496951354177 14.9811632256759 14.962988251134 14.9092486532111
14.9453468824688 14.9847293652986 14.9692549454538 14.8258684057938 14.9620894381874 14.9989496030306 14.9279269168251 14.9504742873342 15.082407951355 15.1203546524048 15.1199317508274 15.1762726934333 15.1966556247912 14.9803882900037 14.9173435411955 14.9989305295442 15.2305776194522 15.3159093856812 15.2328722602443 15.1244872243781 15.0678399236579 15.5417362012361 15.3850177965666 15.2304765299747 15.1482681475188 15.1289308949521 15.0519868449161 15.2047140221847 15.0932218150089 15.1558110588475 15.3056623559249 15.2775599831029 15.1768649251837 15.0795239398354 15.0546701330888 15.1161548714889 15.0520264474969 15.1909084320068 15.2090351707057 15.0922922837107 14.8250702305844 14.7400969957051 14.7880656593724 14.9015732815391 14.8892036237215 14.953601285031 15.0223404231824
15.0965489839253 15.1098272423995 15.0060096038015 14.9047827469675 14.8189737922267 14.8953641590319 14.8187401922126 14.8871984983745 15.0770800741095 15.1091879738702 14.983362197876 14.9210578014976 14.9580441023174 14.8805093765259 14.7862613466051 14.7056816502621 14.7440152419241 14.8298882936176 14.8699996345922 14.7473062716032 14.847068385074 15.0789100747359 15.2627181504902 14.9771453957809 15.0026577397397 15.079536136828 15.2505343085841 15.2765401037116 15.0710486361855 15.0938290545815 15.1925391147011 15.1582612489399 15.0286369825664 15.058152650532 15.0778213802137 15.0398743780036 14.9748804694728 15.116678488882 15.0054709283929 14.9349725120946 14.7798708865517 14.6819280825163 14.7349694904528 14.7568754898874 14.7831884183382 14.8827042328684 15.0012386221635
15.0369649184378 14.9968831413671 14.8635526456331 14.824324206302 14.6737186532272 14.6621485258404 14.838474976389 14.950324359693 14.9329812401219 14.9548110961914 14.8338884554411 14.8278725272731 14.7884832181429 14.7535515361362 14.6068520545959 14.4751411739149 14.5508866059153 14.6217181557103 14.6184467516447 14.5809845171477 14.7329655697471 14.7876969889591 14.7463958137914 14.7908832148502 15.0954420190108 15.1482857653969 14.9661476235641 14.8630208467182 15.089694374486 15.0350456739727 14.9190527765374 14.8227546591508 14.8728618621826 14.8486116308915 14.758650378177 14.7934633054231 14.7855915772287 14.7351382406134 14.8224482787283 14.717641529284 14.7108756115562 14.6604497809159 14.5934635463514 14.6515119954159 14.6543814508538 14.7835880078767 15.0281687786705
14.9325610211021 14.8605110770778 14.7586676447015 14.6439283270585 14.5601819690905 14.5757084394756 14.6547921833239 14.8442924399125 14.8568319521452 14.7119028693751 14.664813041687 14.6374059253269 14.6371632681953 14.6546834142585 14.5394381974873 14.5520753860474 14.5640357168097 14.6259136199951 14.5546361019737 14.5316495393452 14.6926616869475 14.6696977615356 14.6062093032034 14.7270959051032 14.9411027807938 14.9907697376452 14.8475570176777 14.7563010767887 14.6758416828356 14.634952545166 14.5746759113513 14.5990470083136 14.7762308120728 14.758407141033 14.6735644089548 14.6808676468699 14.6294287129452 14.5411659541883 14.5912866592407 14.6202801654213 14.5619251351607 14.5559762653552 14.5244036222759 14.6253198322497 14.7222292548732 14.8110335500617 14.9284945036236
14.7236395384136 14.811493321469 14.8179181751452 14.6911257693642 14.5952218206305 14.5292200289275 14.6196702851189 14.6766028934055 14.7309825685289 14.6087791041324 14.5565980610095 14.6236679679469 14.5246862612273 14.5438523543508 14.496048124213 14.4912253931949 14.4514669619108 14.3807188335218 14.3945111224526 14.5428088840685 14.6769494508442 14.5867780886198 14.558851844386 14.5676547602603 14.5694310539647 14.5582104231182 14.5910223408749 14.5554565630461 14.4824407979062 14.4034216529445 14.4275744588752 14.493539860374 14.6250912013807 14.5728782352648 14.4927879634656 14.4913637763576 14.5151302939967 14.495979309082 14.5668930756418 14.4627035542538 14.432418020148 14.3875937210886 14.4018549668161 14.5230644125687 14.666040520919 14.7676902570223 14.834384014732
14.5137884240401 14.5243014787373 14.5176687240601 14.5433549379048 14.5604437275937 14.550646079214 14.5434870970877 14.5350296120895 14.5418902949283 14.5115379032336 14.5377008538497 14.5836566623889 14.5578436600535 14.4808728569432 14.5472069790489 14.490707146494 14.4023940939652 14.3330141870599 14.3600086412932 14.490150953594 14.571840436835 14.5043974926597 14.4403588646337 14.3155783101132 14.4048001138788 14.4345434088456 14.4441758206016 14.4696096119128 14.513272486235 14.4193397321199 14.3964149073551 14.4669274279946 14.4753077155665 14.4214877580342 14.3838548660278 14.4695032019364 14.4998888216521 14.415684800399 14.4410303517392 14.4491198690314 14.4381960316708 14.4821754254793 14.5134178462781 14.5014032564665 14.5462730809262 14.6247197703311 14.6604883294356
14.52605031666 14.3977356458965 14.4889633781032 14.4448258249383 14.3678566280164 14.4025392532349 14.4323922207481 14.363275778921 14.4141656474063 14.3778842122931 14.4164167203401 14.5464163830406 14.5386881075407 14.6240772141351 14.5394357882048 14.4796366942556 14.4616322266428 14.366765825372 14.3110675309834 14.4288999657882 14.5575540442216 14.4528781991256 14.3279821998195 14.2422053688451 14.3934998261301 14.4438965446071 14.3816036927073 14.377536823875 14.3987223976537 14.3702302731966 14.3938422454031 14.3579671257421 14.3594677573756 14.3299283479389 14.3198630182367 14.293605101736 14.2772903944317 14.271875030116 14.2659772571765 14.3761770850734 14.4184029227809 14.4156458001388 14.5282940613596 14.3723758396349 14.4966032128585 14.5259164007087 14.5442358318128
14.4269810224834 14.3930735839041 14.4064480630975 14.5155168834485 14.4381074905396 14.4031290478177 14.3477896584405 14.1712382969103 14.239652633667 14.2517574209916 14.2800394359388 14.3742211492438 14.434070035031 14.4622428793656 14.4334515521401 14.4589248456453 14.4158702649568 14.4075016724436 14.3823993080541 14.3519436183729 14.3571167996055 14.3302602767944 14.2991158836766 14.307951525638 14.3634357954326 14.3578877198069 14.3510594117014 14.2151100259078 14.2245131542808 14.2219944502178 14.3190759357653 14.264689495689 14.2477150465313 14.3071504392122 14.2382375315616 14.1907496703298 14.2049679505198 14.2393171410812 14.2219060596667 14.3450258656552 14.3691050880834 14.4076892451236 14.400107383728 14.2488199033235 14.3748925359626 14.4035632484838 14.5019262213456
14.4205753426803 14.3750684135839 14.3716375953273 14.4609713303415 14.4109115600586 14.2278537750244 14.1708125064248 14.1158641012091 14.1697768161171 14.1937951037758 14.1540974566811 14.2713695827283 14.3266930329172 14.3373285594739 14.3220398551539 14.4354386580618 14.4343619095652 14.3569422270122 14.4098630704378 14.303567685579 14.3832439121447 14.3437265094958 14.3837983984696 14.3369623987298 14.2326049804688 14.3091892945139 14.3040924072266 14.1775703430176 14.1464662049946 14.1468796981008 14.2235528042442 14.2314546484696 14.2297191619873 14.2150001525879 14.187620966058 14.2318452031989 14.1757529911242 14.1382568258988 14.1836419356497 14.2510921578658 14.3046595924779 14.2943570488378 14.2924240011918 14.2122349990042 14.254771232605 14.3619186501754 14.4013392799779
14.3019997948094 14.3060505515651 14.3013675087377 14.348120940359 14.3100608524523 14.1670671262239 14.1623785119308 14.159084922389 14.2027742988185 14.1420174648887 14.0761757398907 14.1939822749088 14.2097474650333 14.2236374302914 14.265051339802 14.3142648496126 14.2752414000662 14.2230832451268 14.2881413008037 14.2809969249525 14.3352748469303 14.328450353522 14.4956501910561 14.3855923100522 14.2381245964452 14.2081819333528 14.1441075174432 14.126315468236 14.0830421949688 14.1398466511777 14.1673886148553 14.17210779692 14.1770048643413 14.1617619865819 14.1518633491115 14.139342508818 14.0567571740401 14.0609668932463 14.110430165341 14.1853433408235 14.1979898151598 14.1752277675428 14.0501406820197 14.0833604210301 14.2623175570839 14.2591949764051 14.3138751983643
