Ecospace-environmental-drivers/Outputs/ASCII-for-ecospace/ChlA/ChlA_X2012.01.asc
NCOLS 131 
NROWS 53 
XLLCORNER -98 
YLLCORNER 23.9265270233154 
CELLSIZE 0.133587792515755 
NODATA_value -3.4e+38 
[rows 21 to 41 of 53, columns 47 to 93 of 131]
20.6955814361572 20.1371955871582 19.8598461151123 20.534008026123 21.2763729095459 21.5660877227783 22.3407402038574 21.6504402160645 21.7922039031982 23.6922035217285 26.6524772644043 26.1386528015137 23.4781951904297 19.7946014404297 20.0175304412842 23.6567153930664 26.0267791748047 23.6815452575684 19.9148464202881 18.5420818328857 18.5687446594238 18.9338130950928 19.2201480865479 19.1764621734619 18.6753253936768 18.979772567749 19.613130569458 18.3412666320801 17.8674068450928 17.1355533599854 16.4851894378662 16.3521347045898 16.6119365692139 16.6088676452637 17.2204151153564 17.0871639251709 16.8594608306885 17.0514984130859 17.6184883117676 17.12717628479 16.2853221893311 16.1964359283447 16.4546375274658 17.4550361633301 17.9767990112305 18.4907817840576 18.3928279876709
19.6311454772949 19.9301872253418 19.716968536377 19.8546485900879 20.317554473877 21.0378589630127 21.0480442047119 20.9398403167725 20.3191318511963 19.515230178833 20.1514530181885 19.0983695983887 18.3268756866455 18.3980484008789 19.0839462280273 19.4744777679443 20.4727458953857 19.6716117858887 19.084436416626 17.9641532897949 17.8186511993408 18.0593070983887 18.1970539093018 18.727352142334 18.3267669677734 18.2488269805908 18.5957431793213 18.1616344451904 16.7828483581543 15.9301509857178 15.815824508667 15.6952610015869 15.8883762359619 16.0092887878418 16.4190979003906 16.5841388702393 16.538890838623 16.4240322113037 16.5220718383789 16.2467041015625 15.6971340179443 15.793511390686 16.1084594726562 16.0756893157959 16.0656127929688 16.4120616912842 16.6584625244141
19.8557033538818 19.7380428314209 19.666820526123 20.4898834228516 21.2181167602539 21.2752075195312 20.5614547729492 20.3492164611816 19.4300479888916 18.7093200683594 18.4379940032959 17.9473915100098 17.1376514434814 17.01194190979 16.8791275024414 16.9078960418701 17.43239402771 18.0175075531006 18.1703987121582 17.2193450927734 17.2816276550293 17.3496875762939 17.891056060791 18.5346908569336 18.8541603088379 18.6489582061768 17.8965682983398 17.2916202545166 16.1521587371826 15.5242433547974 15.8231840133667 16.2299156188965 16.3930931091309 15.6375637054443 15.6191415786743 15.8710927963257 15.5876340866089 15.6510581970215 15.2432737350464 15.4708242416382 15.3980655670166 15.4176826477051 15.8873825073242 15.4781703948975 15.1443433761597 15.4928722381592 15.8807458877563
20.0754013061523 19.8674068450928 19.7783031463623 20.3981399536133 21.0691680908203 20.6419811248779 19.4298648834229 19.1391353607178 17.5689220428467 16.5959091186523 16.947826385498 16.6192378997803 16.3175029754639 16.5133953094482 16.2385597229004 16.1179428100586 16.5550365447998 17.6464233398438 17.8070869445801 17.4208946228027 17.5167236328125 17.5741062164307 17.7749443054199 18.0003871917725 18.3894271850586 18.3256244659424 17.4401798248291 17.3347244262695 16.6283760070801 16.1716041564941 16.2053413391113 16.0301704406738 16.2961902618408 16.6393871307373 16.3916931152344 15.7655878067017 15.5056858062744 15.3736228942871 14.926887512207 14.9859609603882 15.1126432418823 15.1269931793213 14.9570140838623 14.9934711456299 15.0203905105591 15.2407350540161 15.4110870361328
18.789400100708 19.2219505310059 20.2785339355469 20.9527072906494 21.005838394165 19.9576873779297 19.303394317627 19.6478939056396 20.4581489562988 18.5844802856445 16.7173309326172 15.8928670883179 15.7974834442139 15.9719820022583 16.0464267730713 16.0765972137451 15.8598976135254 16.0227127075195 16.6543769836426 17.1474647521973 17.5023860931396 17.5833415985107 17.7371616363525 17.4841136932373 17.1036357879639 17.4101142883301 17.1922225952148 17.0652618408203 16.7076244354248 16.4901027679443 16.4072818756104 16.5805282592773 16.7462825775146 17.142614364624 17.0780563354492 16.8470706939697 16.0373706817627 15.5019903182983 15.0600633621216 15.0755815505981 14.8597354888916 14.855845451355 14.920973777771 14.9870014190674 15.2047138214111 15.4091711044312 15.5073251724243
19.8182315826416 20.3548336029053 20.3128604888916 20.7315921783447 20.2669124603271 19.1787967681885 19.4208469390869 19.1097583770752 20.0450592041016 18.635856628418 16.28005027771 15.6812257766724 15.4379482269287 15.6748743057251 15.4547424316406 15.7344779968262 16.405818939209 16.4075984954834 16.5458450317383 16.5768585205078 16.9114856719971 17.3688888549805 17.5897731781006 17.2758007049561 17.1813869476318 16.7997627258301 16.5305271148682 16.3807849884033 16.6120719909668 16.5223255157471 16.49294090271 16.2927856445312 16.8961353302002 17.1779079437256 17.5208759307861 17.3962917327881 16.7071399688721 16.094654083252 15.3841571807861 15.2095251083374 15.0655384063721 14.9881277084351 14.9587593078613 14.8259229660034 15.257550239563 15.7482509613037 15.8885898590088
19.0003623962402 18.7455024719238 19.1701145172119 19.0263481140137 18.593412399292 18.2762508392334 18.3262882232666 17.7299404144287 16.6257934570312 15.8812160491943 15.7850399017334 15.5264253616333 15.4486799240112 15.4699001312256 15.6207485198975 15.4165773391724 15.392165184021 15.7077045440674 15.8312816619873 16.3989944458008 16.8090667724609 16.5868892669678 16.587007522583 16.6781311035156 16.9892692565918 16.3570880889893 16.4755592346191 16.6119174957275 16.5061893463135 16.2563915252686 16.0008144378662 16.3769912719727 17.0418701171875 17.1077613830566 17.3528957366943 17.2494316101074 16.6449851989746 15.9970474243164 15.6481809616089 15.3532552719116 15.2136869430542 15.1985197067261 15.0299186706543 14.9587345123291 15.4356241226196 15.7560844421387 15.7800092697144
17.2711811065674 17.9814834594727 17.4121131896973 16.7218341827393 16.057222366333 16.8550510406494 16.936767578125 16.5802192687988 16.3754253387451 16.4090557098389 16.2015686035156 15.7381563186646 15.8674468994141 15.8031883239746 15.9157943725586 15.8830585479736 15.6465435028076 15.6290645599365 15.8169755935669 16.0612163543701 16.56809425354 16.3522624969482 16.0641956329346 16.1313133239746 15.8093156814575 15.3960599899292 15.2581605911255 15.6332693099976 15.8569622039795 16.0646858215332 15.976490020752 16.760274887085 17.2544860839844 17.2281131744385 17.0996723175049 16.7955989837646 15.7904663085938 15.9082899093628 15.7055253982544 15.1757783889771 15.431001663208 15.1898155212402 14.9686985015869 15.2895421981812 15.3934268951416 15.7787685394287 15.9363784790039
17.4253826141357 17.222677230835 16.8775825500488 16.7494029998779 16.7368907928467 16.8565540313721 17.0709381103516 16.7502384185791 16.3754806518555 16.3262042999268 16.0594520568848 16.2744293212891 16.5511264801025 16.5117931365967 16.3927135467529 15.912989616394 15.9481630325317 15.9523372650146 16.1026916503906 16.3279151916504 16.3908405303955 16.4868144989014 16.4592914581299 16.0593299865723 16.3828392028809 15.5957117080688 15.4220952987671 15.5178813934326 15.5106287002563 15.6649131774902 16.0627975463867 16.5164375305176 16.8254299163818 16.7967128753662 16.6403102874756 16.1606922149658 15.9208850860596 16.1432590484619 15.4478597640991 15.3927326202393 14.9227523803711 15.1382026672363 14.9243898391724 15.4105663299561 15.5495309829712 15.6663455963135 15.7956981658936
16.9125499725342 16.5876922607422 16.3938293457031 16.4321823120117 16.1517372131348 16.7509498596191 16.8572044372559 16.5531616210938 16.3634586334229 16.3057308197021 15.7615852355957 16.0768527984619 16.6672763824463 16.5494022369385 16.0311431884766 16.0337409973145 15.9052057266235 16.0833854675293 16.3022804260254 16.1302394866943 16.0278167724609 15.9227514266968 15.8046684265137 16.1422119140625 16.0119476318359 15.8934173583984 15.5735816955566 15.4068565368652 15.4648008346558 15.76575756073 16.353702545166 16.4897003173828 16.6075019836426 16.561128616333 15.8835124969482 15.6487512588501 15.8959302902222 15.8618173599243 15.1871480941772 15.1907720565796 15.0035676956177 14.9877777099609 14.8061952590942 15.351469039917 15.7452411651611 15.9454278945923 15.7424659729004
16.6551342010498 16.2489013671875 16.8918590545654 17.0134792327881 16.7786293029785 16.9754123687744 16.8405628204346 16.3272323608398 16.0861625671387 16.2878704071045 15.7090816497803 15.4562845230103 15.6392488479614 15.8804845809937 15.8094720840454 15.837420463562 15.4716033935547 15.6787166595459 15.6781377792358 15.584888458252 15.491720199585 15.1602258682251 15.1618041992188 15.6229124069214 15.7769660949707 15.6748867034912 15.5733709335327 15.4441890716553 15.5504732131958 15.6210517883301 15.7496948242188 16.0708999633789 15.9309797286987 16.0544757843018 15.7075157165527 15.4691743850708 15.652195930481 14.9558267593384 15.0569915771484 15.1645946502686 14.8980560302734 14.5552377700806 14.6120090484619 15.1671514511108 15.8454751968384 16.2516593933105 16.01584815979
16.789794921875 17.0015163421631 16.9522743225098 17.2406024932861 16.8579883575439 16.6914386749268 16.543794631958 16.2983798980713 16.3523998260498 16.2905101776123 16.1331825256348 15.4681444168091 15.4029293060303 15.3709964752197 15.3153047561646 15.1909914016724 15.1595449447632 15.6371212005615 15.821720123291 15.3202724456787 15.3660011291504 15.1911611557007 15.0404863357544 14.7511434555054 15.0022087097168 15.2785873413086 15.4877595901489 15.516884803772 15.5569372177124 15.7409191131592 15.8394594192505 15.4201936721802 15.5692949295044 15.5290756225586 15.4184694290161 15.2079601287842 15.1526536941528 14.9171571731567 14.9932308197021 15.0838422775269 15.2011432647705 14.8551874160767 14.8334646224976 15.2047891616821 15.7151985168457 15.5999441146851 15.6700649261475
17.0137119293213 16.791145324707 16.6878566741943 16.9870452880859 16.8274803161621 16.7605590820312 16.1286315917969 16.0805244445801 16.6818981170654 16.7766056060791 16.671314239502 16.0533390045166 15.5370388031006 15.4159107208252 15.2567281723022 14.9295206069946 14.7165966033936 14.7198505401611 15.1997728347778 15.0845355987549 15.0813112258911 15.3762454986572 15.2036790847778 15.1981954574585 14.8836660385132 15.0652761459351 15.1925287246704 15.4379301071167 15.3684396743774 15.6883897781372 15.7796821594238 15.4361486434937 15.1926832199097 15.0884017944336 15.2099676132202 15.2139301300049 15.2537956237793 14.9270505905151 15.144492149353 15.164626121521 15.0046558380127 14.9736003875732 15.0026254653931 15.0239896774292 15.1772794723511 15.3007640838623 15.4496612548828
16.8312129974365 16.6975002288818 16.7357158660889 16.8885765075684 16.9106731414795 16.7077655792236 16.3456916809082 16.6329212188721 16.4943065643311 16.3646221160889 16.1789436340332 15.8719911575317 15.5589370727539 15.3762321472168 14.9844665527344 14.7583770751953 14.5631408691406 14.7221097946167 15.5715017318726 15.1253347396851 15.3612508773804 15.1576147079468 14.9166831970215 15.4190816879272 15.0200023651123 14.8258771896362 14.9891424179077 15.0850763320923 14.9990844726562 15.1112079620361 15.4545783996582 15.3936586380005 15.0431661605835 15.1641664505005 15.5802402496338 15.5609292984009 15.3511075973511 15.2359619140625 15.3727111816406 15.3060111999512 15.1809415817261 14.8463573455811 14.5719957351685 14.6764087677002 14.8552284240723 15.3199872970581 15.3489685058594
17.0865535736084 17.0185432434082 16.8422412872314 16.7978992462158 16.9539203643799 16.8990993499756 16.8160343170166 16.9510898590088 16.5418357849121 16.2342300415039 15.3760433197021 15.1903820037842 15.2803544998169 14.8906116485596 14.5041275024414 14.6487646102905 14.9261608123779 14.8177118301392 14.8825788497925 15.1010656356812 15.2929592132568 15.1810054779053 15.0769357681274 15.0511255264282 14.8376970291138 14.8933210372925 14.942795753479 15.0552921295166 15.0451231002808 15.1215887069702 15.2531042098999 15.130407333374 15.0293798446655 15.1585388183594 15.2921161651611 15.4851961135864 15.45139503479 15.3865394592285 15.5548582077026 15.5007333755493 15.2411441802979 15.1802530288696 14.6244516372681 14.9115161895752 14.8406047821045 15.0522050857544 15.2535228729248
16.9950675964355 17.2288990020752 17.1483097076416 16.6149024963379 16.7359161376953 16.6610622406006 16.7703609466553 16.7448062896729 16.6799488067627 17.0689163208008 15.5297737121582 15.2016658782959 15.3901968002319 14.8556995391846 14.5832080841064 14.897837638855 15.0227527618408 14.7335596084595 14.6085147857666 14.4075593948364 14.7085742950439 15.1155757904053 15.006160736084 15.1022233963013 14.9038553237915 14.9656009674072 14.8274955749512 14.7996139526367 14.8618850708008 14.9782152175903 15.1113538742065 15.1963424682617 15.0188474655151 15.2416944503784 15.1847267150879 15.2753505706787 15.474645614624 15.6325454711914 15.2501659393311 15.1212100982666 15.4014310836792 15.1349592208862 14.6492748260498 14.6224708557129 15.3462295532227 14.8138914108276 15.0705900192261
16.9773559570312 17.1089038848877 17.2930793762207 17.1755332946777 17.1559867858887 16.8899593353271 16.9182586669922 16.690013885498 16.0305080413818 15.6787548065186 15.3491888046265 15.015154838562 14.708366394043 14.6484861373901 14.5298681259155 14.6004867553711 14.8775844573975 14.9155254364014 14.685718536377 14.5932273864746 14.7249774932861 14.9944257736206 15.1413345336914 15.0986032485962 14.9096183776855 15.0016136169434 14.9410791397095 14.6394691467285 14.7702884674072 14.7748765945435 14.9166660308838 15.1448411941528 15.0262756347656 14.9270458221436 15.1183519363403 14.9854669570923 15.1989440917969 15.3271837234497 15.3519840240479 15.2821893692017 15.3961877822876 15.3076868057251 15.2392530441284 14.9621276855469 14.8280477523804 14.8969278335571 15.0465335845947
17.4068965911865 17.5819187164307 17.5219173431396 17.4650268554688 16.867073059082 16.7618427276611 17.3263854980469 17.0508804321289 15.4534816741943 15.6798391342163 14.7892618179321 14.8140516281128 14.6102457046509 14.9123296737671 14.6344175338745 14.638503074646 14.7864227294922 14.8052053451538 15.1444034576416 15.0640802383423 14.7503080368042 14.2002792358398 15.0428018569946 15.0059843063354 15.0388898849487 15.2829170227051 15.2155752182007 14.8969841003418 14.7745418548584 14.8053998947144 14.8727502822876 14.9703979492188 14.8456516265869 14.7966680526733 14.9457483291626 15.0965957641602 15.2932624816895 15.2589826583862 15.5237216949463 15.3303413391113 15.4859199523926 15.3342800140381 15.5854120254517 15.4668016433716 15.3029499053955 15.2753925323486 15.2114133834839
16.5680370330811 16.5822696685791 16.7599506378174 16.7419757843018 16.5530128479004 16.2739658355713 16.3746891021729 16.2734909057617 15.3645057678223 15.2222414016724 15.1727924346924 15.0164670944214 14.9135417938232 14.969388961792 14.6704139709473 14.8362436294556 15.0257978439331 14.8763628005981 15.0874757766724 15.2400770187378 15.0761413574219 14.7749433517456 14.8756790161133 15.0474815368652 15.0723552703857 15.1614665985107 15.089243888855 14.9991436004639 14.9247980117798 14.8747425079346 14.830228805542 15.0306396484375 15.1095561981201 15.2069540023804 15.1351270675659 15.2662010192871 15.3885459899902 15.5547590255737 15.8362741470337 15.8917093276978 15.7361307144165 15.4239253997803 15.2711353302002 15.2518110275269 15.4091911315918 15.0530776977539 14.8816080093384
16.5300273895264 16.2228622436523 16.0779876708984 16.1476058959961 16.0116500854492 15.4253549575806 15.2616214752197 15.1034984588623 14.9422616958618 15.3377237319946 15.1718120574951 15.0172643661499 15.0535535812378 15.0391139984131 14.5642318725586 14.6911306381226 14.7970342636108 15.0077629089355 15.2038040161133 15.1897010803223 15.0132503509521 14.9736881256104 15.0521841049194 15.073522567749 15.0118341445923 15.1148834228516 15.115216255188 15.1125411987305 15.1065320968628 15.0056705474854 15.0208988189697 15.0050897598267 15.0695171356201 15.2175788879395 15.3037929534912 15.3126649856567 15.4270181655884 15.6406450271606 15.7339544296265 15.6857862472534 15.3590965270996 15.2424421310425 15.2316789627075 15.3257923126221 15.5023221969604 15.400447845459 15.3193645477295
16.3522548675537 16.3149795532227 16.2917556762695 16.2390232086182 16.0548000335693 15.219202041626 14.7084856033325 15.1809749603271 15.2794818878174 15.286660194397 15.2960987091064 15.0320949554443 14.9712142944336 14.6016569137573 14.7824697494507 14.9182205200195 15.0587453842163 15.0026054382324 14.9842653274536 15.2654457092285 14.9518852233887 15.1763877868652 15.0732574462891 15.2128133773804 15.2835102081299 15.2773628234863 15.2668361663818 15.0665521621704 15.0514154434204 15.2250747680664 15.0590877532959 14.9953565597534 14.8185434341431 14.9573945999146 15.0302276611328 15.3479604721069 15.5280351638794 15.8476705551147 15.623104095459 15.4708003997803 15.1957015991211 14.8517351150513 14.9163770675659 15.024959564209 15.15198802948 15.4216213226318 15.5248985290527
