Ecospace-environmental-drivers/Outputs/ASCII-for-ecospace/ChlA/ChlA_X2009.06.asc
NCOLS 131 
NROWS 53 
XLLCORNER -98 
YLLCORNER 23.9265270233154 
CELLSIZE 0.133587792515755 
NODATA_value -3.4e+38 
[rows 21 to 41 of 53, columns 0 to 46 of 131]
-3.4e+38 -3.4e+38 -3.4e+38 -3.4e+38 -3.4e+38 -3.4e+38 -3.4e+38 -3.4e+38 -3.4e+38 14.1434450149536 13.378101348877 11.9930391311646 11.2229976654053 10.5266876220703 10.5945167541504 10.5138101577759 10.5349931716919 10.5630416870117 10.5470066070557 9.93777370452881 9.93062591552734 10.2863025665283 10.1816654205322 10.0224514007568 9.74079990386963 9.69659519195557 9.58069038391113 9.96510887145996 9.96740531921387 9.9490270614624 9.858078956604 9.51493167877197 9.36318588256836 9.86326694488525 9.50705623626709 9.13741970062256 8.75125885009766 8.6865234375 8.39340877532959 8.60073566436768 8.55241584777832 8.66619110107422 8.71856117248535 9.24732685089111 9.1179313659668 8.47135543823242 8.44195175170898
-3.4e+38 -3.4e+38 -3.4e+38 -3.4e+38 -3.4e+38 -3.4e+38 -3.4e+38 -3.4e+38 13.8718490600586 11.9428482055664 10.5484981536865 10.655161857605 10.4867897033691 10.1031131744385 10.2077236175537 9.87026214599609 9.66376209259033 9.80248546600342 9.94350051879883 9.87453269958496 10.0146780014038 9.64486694335938 9.9466028213501 10.1230297088623 10.2659187316895 10.2798357009888 9.9014196395874 9.74674797058105 9.78327465057373 9.78998947143555 9.97602367401123 9.9020471572876 9.34281063079834 8.74043846130371 8.3267650604248 9.15317726135254 8.964919090271 8.59572792053223 8.31431102752686 8.84385585784912 8.92807292938232 8.66170120239258 8.66497135162354 8.80722522735596 8.12277603149414 8.47670078277588 8.48957252502441
-3.4e+38 -3.4e+38 -3.4e+38 -3.4e+38 -3.4e+38 25.3910808563232 -3.4e+38 14.3136892318726 12.0523948669434 10.4055767059326 10.2832679748535 10.2715797424316 9.79833126068115 9.7652587890625 10.2466335296631 9.83254528045654 9.26667308807373 10.0930852890015 10.3779945373535 10.1392641067505 9.57515811920166 9.67985820770264 9.36870002746582 9.61198234558105 9.68987369537354 9.74168872833252 9.74704456329346 9.47859573364258 9.13965320587158 9.359130859375 10.0613574981689 9.89203071594238 9.43207550048828 8.93204402923584 9.12769508361816 9.66112899780273 9.38058853149414 8.95766639709473 8.67544937133789 9.18790435791016 8.97902488708496 8.92915916442871 8.37169361114502 8.60190582275391 7.99937629699707 8.2333288192749 8.57612991333008
-3.4e+38 -3.4e+38 -3.4e+38 -3.4e+38 -3.4e+38 23.972562789917 14.8338842391968 13.5732927322388 11.0579805374146 10.4417018890381 10.182933807373 10.3606147766113 9.81591796875 9.90742206573486 9.37744331359863 8.7570972442627 9.09768581390381 9.55335998535156 9.93596363067627 9.53460597991943 8.90893268585205 9.23537158966064 9.04470634460449 8.64313507080078 8.73416519165039 8.87817573547363 8.93062877655029 8.71214389801025 8.77588844299316 9.26196384429932 9.73757553100586 9.16214179992676 9.7499361038208 9.49511623382568 9.3420352935791 9.88693809509277 9.82336521148682 8.33096790313721 8.87316226959229 9.12860488891602 8.90875625610352 8.86779975891113 8.69624614715576 8.60355567932129 8.37845325469971 8.42653656005859 8.10763168334961
-3.4e+38 -3.4e+38 -3.4e+38 -3.4e+38 -3.4e+38 11.4917087554932 11.3617248535156 10.4155712127686 9.92432117462158 9.93499374389648 9.81392383575439 9.48815155029297 9.12561702728271 8.49865627288818 7.84006547927856 7.18984460830688 7.60994911193848 8.20898628234863 8.18020820617676 7.86833524703979 7.68938493728638 8.21615695953369 8.28486251831055 8.24325275421143 8.75918865203857 8.47252559661865 8.31735610961914 8.47343635559082 8.51161098480225 8.2224817276001 8.29362964630127 8.47111225128174 9.35144710540771 9.15412521362305 9.25020885467529 9.33549785614014 8.87725925445557 9.57394218444824 9.35184764862061 9.42098999023438 8.93428325653076 8.73563480377197 8.10803031921387 7.85257434844971 7.75155067443848 7.85755109786987 8.09256649017334
-3.4e+38 -3.4e+38 -3.4e+38 -3.4e+38 -3.4e+38 11.5161094665527 9.99345588684082 9.67309951782227 9.44621849060059 9.45162010192871 9.45893001556396 9.34944534301758 9.23794841766357 9.11616897583008 8.67125511169434 7.85955381393433 7.34257793426514 7.30162334442139 6.74544906616211 7.33764362335205 8.04037284851074 7.73818349838257 7.74041271209717 8.50120544433594 8.89896869659424 8.37358283996582 8.50696086883545 7.81165838241577 8.35369682312012 8.1983757019043 8.19383144378662 8.10330009460449 8.80392551422119 8.38534164428711 8.34509658813477 8.63665676116943 8.61409378051758 8.73837566375732 7.46594095230103 7.11286926269531 7.56923627853394 7.6082649230957 7.46175861358643 7.30759334564209 7.89219427108765 8.37481212615967 7.86113357543945
-3.4e+38 -3.4e+38 -3.4e+38 -3.4e+38 -3.4e+38 10.8379154205322 9.50012302398682 9.43480587005615 8.95157527923584 8.82268905639648 8.86460494995117 8.79921245574951 8.344407081604 8.5080738067627 8.31620502471924 7.1541314125061 6.96124410629272 6.40161275863647 6.95967149734497 7.64692640304565 7.75811433792114 8.29956722259521 8.47150707244873 8.37425422668457 8.39077377319336 8.31186485290527 8.19889545440674 8.39339828491211 8.372314453125 8.56036567687988 8.17717933654785 8.39322566986084 8.57716274261475 8.8021183013916 8.63211154937744 8.5068359375 8.21669864654541 7.56455564498901 7.31837368011475 7.55904626846313 7.33360815048218 6.92088460922241 6.37079620361328 6.47127866744995 7.21811294555664 6.97388601303101 6.23504257202148
-339999999999999996128486808808066248288.000000000000000 -3.4e+38 -3.4e+38 -3.4e+38 11.8396654129028 10.4446239471436 9.03640270233154 9.2028980255127 8.8781795501709 8.91615104675293 8.85579967498779 8.42491340637207 7.91225385665894 7.67439794540405 7.70164012908936 7.05553436279297 6.28145313262939 7.83373546600342 8.0492057800293 7.91338109970093 7.66496229171753 8.35833549499512 8.60174369812012 8.27340698242188 8.24599838256836 8.8222713470459 8.29130458831787 8.1235294342041 8.03326320648193 8.1786994934082 8.23331260681152 8.27226161956787 8.20145416259766 8.94335269927979 8.60070705413818 8.37619876861572 8.25598335266113 8.36994743347168 8.13223457336426 7.93696546554565 7.46570444107056 7.40078449249268 5.03528213500977 5.28362703323364 6.44801712036133 5.84472179412842 5.97607612609863
-3.4e+38 -3.4e+38 -3.4e+38 -3.4e+38 12.7483758926392 11.2990570068359 9.95206832885742 9.15981483459473 9.20117282867432 9.09635734558105 8.79685306549072 8.32978534698486 8.15492725372314 7.85064315795898 7.37518692016602 7.51990413665771 6.73288011550903 7.29603338241577 8.12417030334473 7.84538793563843 7.72452259063721 7.32057762145996 7.94750690460205 8.10794067382812 8.15277862548828 8.50512981414795 7.50339221954346 7.23657178878784 6.4400749206543 6.91103601455688 7.9136176109314 7.93953323364258 8.48211097717285 8.34506893157959 8.19202709197998 7.84033679962158 7.74910974502563 7.69896364212036 6.72011137008667 8.3382043838501 8.3821496963501 6.31905889511108 7.93287086486816 7.13467121124268 5.7438383102417 7.30150175094604 8.42594051361084
-3.4e+38 -3.4e+38 -3.4e+38 -3.4e+38 14.3985567092896 12.2773132324219 9.31613636016846 8.67170333862305 8.99026489257812 9.13706016540527 8.83100700378418 8.41684436798096 8.12685585021973 7.96071147918701 7.41234111785889 7.68200159072876 7.8165807723999 7.8251314163208 7.52644491195679 7.9724702835083 7.98340177536011 7.47484159469604 6.8190541267395 6.87789106369019 7.35563087463379 8.25714111328125 7.88721942901611 7.69332790374756 7.31873607635498 8.8387622833252 8.71832084655762 8.56045150756836 7.94176387786865 8.37350559234619 8.27483177185059 7.79197359085083 8.78365707397461 8.62163925170898 8.4857063293457 9.46883392333984 9.86220550537109 8.63558864593506 9.70588302612305 7.8032603263855 7.5594220161438 7.19904947280884 8.52300930023193
-3.4e+38 -3.4e+38 -3.4e+38 -3.4e+38 -3.4e+38 11.6557970046997 9.3786506652832 8.62294006347656 8.94479084014893 9.08646297454834 8.76740837097168 8.56985092163086 7.8724889755249 7.81855535507202 7.83179521560669 7.69708633422852 7.83022403717041 7.77687644958496 7.35662126541138 7.46778392791748 7.9996132850647 7.80505323410034 7.44534206390381 7.43213510513306 8.20342445373535 8.08920288085938 7.72264814376831 8.7128438949585 8.93596363067627 8.70855045318604 8.8746976852417 8.61737060546875 8.49266242980957 8.52794456481934 7.57430171966553 7.74198865890503 7.37767267227173 8.23448181152344 8.37423133850098 8.96198463439941 8.13111019134521 11.7709865570068 7.55201053619385 7.78747606277466 7.65595483779907 8.12867164611816 7.89108610153198
-3.4e+38 -3.4e+38 -3.4e+38 -3.4e+38 -3.4e+38 12.1914777755737 10.0804662704468 8.75942230224609 8.87519645690918 8.97598266601562 8.91533851623535 8.61587333679199 7.99868059158325 7.84514188766479 8.08691215515137 7.52781963348389 7.72035121917725 7.59084129333496 7.6425256729126 7.35346508026123 7.70032739639282 8.06593990325928 7.93434047698975 8.33167362213135 8.29686737060547 8.52191162109375 8.92675399780273 8.73389339447021 8.34761714935303 8.54331493377686 8.45388889312744 8.19255256652832 10.1018314361572 8.68854808807373 7.53993082046509 7.18233299255371 7.99107837677002 8.10118579864502 8.39420986175537 8.55240726470947 8.1724100112915 9.68951797485352 8.63577175140381 9.05432033538818 8.6199369430542 8.53551959991455 8.1737585067749
-3.4e+38 -3.4e+38 -3.4e+38 -3.4e+38 -3.4e+38 13.8214864730835 11.1544761657715 9.02883529663086 8.59072494506836 8.86970806121826 9.23331546783447 8.78415298461914 7.92329597473145 8.02640151977539 8.14971542358398 8.03661060333252 7.92047023773193 6.90782928466797 7.25834226608276 7.65356826782227 8.05793380737305 8.32903575897217 8.19561386108398 8.19320583343506 7.60667610168457 8.51065349578857 8.6636438369751 8.64150905609131 8.26510047912598 8.06423950195312 7.95292520523071 8.78755474090576 8.22683811187744 7.86455869674683 10.0914077758789 9.41069316864014 7.81908178329468 8.10376739501953 8.03858375549316 8.17084693908691 8.15500164031982 8.58767032623291 8.4721851348877 8.2304515838623 8.57798385620117 8.78614234924316 8.53388786315918
-3.4e+38 -3.4e+38 -3.4e+38 -3.4e+38 -3.4e+38 14.512882232666 11.5824975967407 9.39944267272949 8.60421085357666 8.89539623260498 8.97439384460449 8.70041465759277 8.30103492736816 8.18793773651123 8.21048831939697 7.98998165130615 8.59540939331055 8.40548324584961 8.14164257049561 7.9090723991394 7.90118408203125 8.52728080749512 8.42322254180908 7.79407978057861 8.16906261444092 8.89712619781494 8.96271324157715 8.87815570831299 8.14543437957764 7.79864168167114 8.60276031494141 8.52785491943359 9.16819190979004 7.33534955978394 7.84281492233276 7.6811318397522 8.00507926940918 7.74705123901367 8.4318675994873 7.70193862915039 8.77490711212158 8.89501285552979 8.53028964996338 8.0793981552124 8.11810207366943 8.18460941314697 8.68980979919434
-3.4e+38 -3.4e+38 -3.4e+38 -3.4e+38 -3.4e+38 -3.4e+38 11.0680522918701 9.43227195739746 8.78872585296631 8.99094486236572 8.91360282897949 8.79359436035156 8.35800647735596 8.42851543426514 8.43037891387939 8.47285938262939 8.78055667877197 8.27923202514648 8.21370983123779 8.00418853759766 8.0230598449707 7.9254469871521 8.09372043609619 8.1086950302124 8.46467876434326 8.02163505554199 8.40236377716064 8.52057552337646 8.50705718994141 8.54390239715576 8.81896781921387 8.55812931060791 9.09359455108643 8.60473728179932 8.33049201965332 8.09575080871582 7.09892416000366 7.35658311843872 7.96098327636719 8.02482032775879 9.40451431274414 9.19891834259033 7.77040529251099 7.79739141464233 8.13172912597656 7.96207141876221 8.13411331176758
-3.4e+38 -3.4e+38 -3.4e+38 -3.4e+38 -3.4e+38 -3.4e+38 11.5285816192627 9.29282379150391 8.86812019348145 8.90388679504395 8.85126209259033 8.62324523925781 8.33688259124756 8.6716365814209 8.47542476654053 8.01053524017334 7.23951578140259 7.85668087005615 7.67682886123657 8.43712615966797 8.40423107147217 7.59322595596313 7.78443241119385 8.27591228485107 8.47748947143555 8.52953624725342 8.78470706939697 9.04151821136475 9.01720905303955 8.90940093994141 9.14754486083984 8.69337368011475 8.79092216491699 8.61840724945068 8.38212490081787 8.03587341308594 8.22684097290039 7.50958251953125 7.26215124130249 7.62592840194702 8.6717586517334 9.04113864898682 8.54230880737305 8.33187484741211 8.02650260925293 7.27667331695557 7.59146595001221
-3.4e+38 -3.4e+38 -3.4e+38 -3.4e+38 -3.4e+38 -3.4e+38 11.1007261276245 9.59459686279297 8.88314342498779 8.98485946655273 8.613844871521 8.27326393127441 8.1299877166748 8.08916282653809 8.38136959075928 8.23882484436035 7.723464012146 7.9425196647644 7.87386560440063 7.83488988876343 8.58143043518066 8.58421325683594 8.8192777633667 8.82858180999756 8.71208572387695 8.4847526550293 8.62414360046387 8.94845676422119 9.47891998291016 9.51624584197998 9.76409912109375 9.53073120117188 9.00155067443848 7.73364448547363 7.4868278503418 7.2341628074646 8.78827476501465 8.43095684051514 8.13591861724854 8.14226531982422 8.31372833251953 8.14129257202148 8.22600936889648 8.37498950958252 8.41009902954102 8.09082126617432 7.7584433555603
-3.4e+38 -3.4e+38 -3.4e+38 -3.4e+38 -3.4e+38 -3.4e+38 12.5272693634033 10.217547416687 8.96872997283936 8.72857093811035 8.41187953948975 8.39140510559082 8.22489929199219 8.30293750762939 8.17672824859619 8.05011558532715 7.81895303726196 7.7020583152771 8.22245311737061 7.89300584793091 8.11770153045654 8.47794055938721 8.80990219116211 8.84580135345459 8.52285480499268 8.40382862091064 8.45944595336914 9.05687618255615 9.59594249725342 9.30522918701172 9.46970272064209 9.93796253204346 9.56347846984863 9.01390171051025 8.61720275878906 8.41695690155029 8.06145191192627 8.21401405334473 7.97977447509766 7.84910345077515 8.37821102142334 8.35207939147949 8.64849662780762 8.67237663269043 8.22880363464355 8.2434778213501 8.46802139282227
-3.4e+38 -3.4e+38 -3.4e+38 -3.4e+38 -3.4e+38 -3.4e+38 12.7657384872437 10.0071144104004 8.88638114929199 8.43653583526611 7.63707876205444 8.19226264953613 8.36289691925049 8.3308162689209 8.98476696014404 8.58148002624512 8.19533252716064 7.85223531723022 8.18806076049805 7.98365306854248 8.57917785644531 8.68099880218506 8.39762496948242 8.57273101806641 8.21748542785645 8.68395233154297 8.77417945861816 9.14282894134521 9.06400585174561 9.47925090789795 9.47069644927979 9.23844909667969 9.37197208404541 9.33279418945312 9.71247959136963 9.09399032592773 8.49484062194824 7.7046914100647 8.12224006652832 8.16616535186768 8.35748481750488 8.35344505310059 8.45623111724854 8.63313293457031 8.86503314971924 8.93134593963623 8.75153923034668
-3.4e+38 -3.4e+38 -3.4e+38 -3.4e+38 -3.4e+38 13.9206275939941 11.6428442001343 9.19484424591064 8.56656455993652 8.13712215423584 7.59460878372192 7.63809299468994 7.94947528839111 8.15883922576904 8.63672637939453 8.26703929901123 8.17181491851807 8.62210559844971 8.15088081359863 8.51302814483643 8.59080982208252 8.44278049468994 7.96473932266235 8.46230792999268 7.96510219573975 8.89783191680908 8.94680786132812 9.01075077056885 8.87742042541504 9.41732501983643 9.68508911132812 9.58515930175781 9.56496047973633 9.36479377746582 9.10853672027588 8.82318687438965 8.6195764541626 8.37258815765381 8.32435989379883 8.10321712493896 8.05795192718506 8.45292663574219 8.70762920379639 8.28082847595215 8.11178588867188 8.60530948638916 8.60731601715088
-3.4e+38 -3.4e+38 -3.4e+38 -3.4e+38 -3.4e+38 11.6301870346069 9.8147439956665 8.82349491119385 8.61140155792236 8.01360607147217 6.58374547958374 7.37602615356445 8.25221252441406 8.55220317840576 8.04942035675049 8.43286609649658 9.17131423950195 8.4434814453125 8.5631046295166 7.98559284210205 8.50260639190674 8.21165466308594 8.20471477508545 8.33547878265381 7.92904138565063 7.85450506210327 9.78569793701172 8.9221076965332 8.77767276763916 9.69066143035889 10.1095762252808 9.23807525634766 9.1183443069458 9.01884746551514 8.97677421569824 9.09663581848145 8.90110015869141 8.58190250396729 8.77054691314697 8.93240070343018 8.71478652954102 8.64655208587646 8.09249019622803 8.4600715637207 8.03115177154541 7.99523687362671 7.50874853134155
