Ecospace-environmental-drivers/Outputs/ASCII-for-ecospace/ChlA/ChlA_X2007.04.asc
NCOLS 131 
NROWS 53 
XLLCORNER -98 
YLLCORNER 23.9265270233154 
CELLSIZE 0.133587792515755 
NODATA_value -3.4e+38 
[rows 21 to 41 of 53, columns 48 to 95 of 131]
7.97068166732788 7.5290904045105 6.92862129211426 7.92264461517334 8.86166954040527 9.1194486618042 9.0926685333252 8.85403442382812 8.76999664306641 9.36859512329102 9.66723346710205 10.4021520614624 12.7150573730469 14.6375942230225 12.9736738204956 10.2530746459961 8.49719047546387 7.67355346679688 7.28469657897949 6.91886234283447 6.80231952667236 7.5501651763916 8.30124282836914 8.33130550384521 8.56900978088379 8.21362113952637 8.33280277252197 8.45606517791748 8.32297706604004 7.77005338668823 7.53120565414429 7.25657033920288 6.80201435089111 6.80652618408203 6.76597929000854 6.65906572341919 6.7106785774231 6.84515953063965 7.15026426315308 7.37785911560059 7.46317768096924 7.24314546585083 6.9399356842041 7.15693616867065 7.11563730239868 7.71125364303589 8.61859893798828 8.60609817504883
7.72979879379272 7.15011119842529 7.28883123397827 7.29919767379761 8.27776432037354 9.15551471710205 9.32268142700195 9.02758312225342 8.68221759796143 8.93355369567871 9.49191379547119 9.72030830383301 10.713038444519 12.0488758087158 11.0831451416016 10.0956888198853 8.71741485595703 8.09564876556396 7.82615804672241 7.51338624954224 7.31354093551636 7.20868158340454 7.68253040313721 8.25947284698486 8.36065578460693 8.40834903717041 8.87812423706055 8.40019702911377 8.14294528961182 7.68803262710571 7.34559965133667 7.00537490844727 6.98192262649536 6.41368293762207 6.13398456573486 6.42639970779419 6.73698759078979 6.6453537940979 6.76381826400757 6.92472887039185 7.2027792930603 6.89551639556885 6.69453382492065 6.82686471939087 6.80936145782471 7.18457126617432 8.60309219360352 8.72161960601807
7.16133308410645 7.50442457199097 7.87340688705444 7.52281808853149 7.69886922836304 9.1485710144043 9.05580615997314 8.94633007049561 8.52087211608887 7.83436441421509 7.61400842666626 8.96596717834473 10.0199556350708 10.7677526473999 10.3671350479126 10.182788848877 8.92753219604492 9.5513219833374 8.99260234832764 7.51013422012329 7.21604061126709 7.00575923919678 6.8751654624939 7.13601350784302 7.23754739761353 8.06425189971924 8.75355815887451 8.6944522857666 8.13110446929932 7.47893238067627 6.9847731590271 6.49775886535645 6.18394947052002 5.85305547714233 5.8565239906311 6.33542442321777 6.67413473129272 6.755295753479 6.44842433929443 6.69687080383301 6.92264461517334 6.8195366859436 6.78763961791992 6.99115610122681 6.83079099655151 6.77621364593506 8.38127899169922 8.90380764007568
7.4007830619812 8.03442478179932 7.9074878692627 7.18727111816406 7.15533018112183 7.73319339752197 8.06719303131104 7.78143072128296 7.45009756088257 7.40349626541138 7.7854437828064 8.14004802703857 8.90272235870361 9.43180084228516 9.28014278411865 8.71091747283936 9.22495269775391 9.21277713775635 8.66773414611816 8.04843521118164 7.31271648406982 6.92612314224243 6.86078214645386 7.57026290893555 8.15007877349854 7.82955503463745 7.51347351074219 8.3194580078125 8.10208988189697 7.65051126480103 7.07285690307617 6.6350040435791 6.04585933685303 5.6658763885498 5.58688926696777 6.02965402603149 6.72485160827637 6.98911190032959 6.928053855896 6.76174306869507 6.61148405075073 6.32605314254761 6.36730432510376 6.47353172302246 6.61845207214355 7.06163597106934 8.07422733306885 9.05044746398926
7.26919794082642 8.1023588180542 7.70476961135864 7.29289388656616 6.82539653778076 7.11056137084961 7.75269937515259 7.38623428344727 7.0081672668457 6.93696165084839 7.37562036514282 7.55357599258423 7.86860322952271 8.59846687316895 9.05522918701172 8.77308940887451 8.44808769226074 7.99125814437866 7.86441230773926 7.32026195526123 7.38900089263916 7.47863101959229 7.88515281677246 7.64001560211182 7.91174411773682 7.99858283996582 8.20422172546387 8.89912605285645 8.42830753326416 7.93948841094971 7.06631803512573 6.55153512954712 6.12158107757568 5.66700506210327 5.83389043807983 5.72595167160034 6.62164640426636 6.71370124816895 6.40721082687378 6.57044982910156 6.56475639343262 6.74252080917358 6.60632848739624 6.44365501403809 6.65470218658447 7.04755687713623 6.76769256591797 8.32723426818848
7.20051288604736 7.88018226623535 7.88581466674805 7.39327716827393 6.98857450485229 6.69508504867554 7.18135118484497 7.18269872665405 7.22338008880615 7.05733442306519 7.35345792770386 6.73580265045166 7.43569040298462 8.15259552001953 8.31090545654297 9.29179000854492 8.3314790725708 7.73935461044312 7.60764122009277 7.88378429412842 8.45851993560791 8.43881130218506 6.48306846618652 8.40414810180664 8.77484130859375 9.07442378997803 7.87610340118408 7.73822736740112 6.20826816558838 7.51069021224976 7.03902959823608 6.71121597290039 6.31228876113892 6.2146897315979 5.67271518707275 5.87804651260376 6.68983221054077 6.91358757019043 6.77055740356445 6.08341073989868 6.17705392837524 6.4944486618042 6.51231718063354 6.47976398468018 6.8006329536438 6.71291303634644 6.41084861755371 7.46825838088989
7.03025436401367 7.32740020751953 6.91889333724976 7.11499929428101 7.15903425216675 6.83766460418701 6.0283842086792 7.58834981918335 7.32675218582153 7.21996355056763 6.98382711410522 7.321213722229 7.51136350631714 8.01814079284668 8.39151763916016 9.07269382476807 8.11737537384033 8.49042510986328 8.45513820648193 8.93759822845459 8.35134315490723 7.08631038665771 7.01293849945068 6.77280426025391 7.7713189125061 8.46384811401367 7.86126375198364 8.13795852661133 7.3530855178833 7.1980504989624 7.54415893554688 7.08405256271362 6.21378517150879 6.15651988983154 5.20211839675903 4.67104434967041 5.10904264450073 7.09289407730103 6.70778942108154 6.51168537139893 6.30333757400513 6.39539098739624 6.7544846534729 6.95246124267578 7.06777954101562 6.80585908889771 6.41029930114746 6.49383640289307
7.56010675430298 7.32320880889893 6.78585386276245 7.13814687728882 6.97543525695801 6.79804277420044 7.13848447799683 7.40685129165649 7.60008955001831 7.26220893859863 7.27400970458984 7.52006864547729 7.45645475387573 7.91454792022705 9.24736499786377 9.76374912261963 9.47347354888916 9.43920803070068 8.61535263061523 9.2368106842041 7.7450122833252 7.54798603057861 7.07534742355347 7.98883438110352 8.17489528656006 7.64237546920776 7.14425134658813 6.62550258636475 7.38319873809814 8.07963562011719 7.69897747039795 7.31438064575195 6.59906101226807 5.72342205047607 4.3745698928833 4.12160015106201 4.61824893951416 7.14633560180664 6.76220846176147 6.73906850814819 6.68596267700195 6.9340181350708 6.89415884017944 7.28699922561646 6.9185471534729 6.71878719329834 6.68869209289551 6.54328966140747
7.36243677139282 6.85376501083374 7.07712888717651 6.94348573684692 6.69122695922852 6.53636884689331 7.37744998931885 7.4633960723877 8.51587390899658 7.54852676391602 7.18651008605957 7.53522634506226 7.70034027099609 8.50292873382568 9.70576572418213 10.4004716873169 10.3867273330688 9.03782939910889 8.313232421875 8.51144409179688 7.62124395370483 7.1310920715332 7.04041337966919 6.99226760864258 6.65940427780151 5.31827688217163 7.2607741355896 6.97824287414551 6.74175357818604 7.36950588226318 7.33197116851807 7.15583086013794 6.45808744430542 5.98012351989746 5.01334857940674 3.93048048019409 4.26028299331665 6.41243934631348 6.79737615585327 7.3541579246521 7.30271244049072 7.38538932800293 7.29217624664307 6.89469051361084 6.21835327148438 6.05164575576782 7.59270334243774 6.55446195602417
7.51945829391479 6.88539028167725 6.77466726303101 6.7628002166748 6.19405508041382 6.4315619468689 7.13041687011719 6.65424728393555 7.50885915756226 7.59448575973511 6.64258193969727 6.36106586456299 7.54287052154541 8.51143360137939 9.15017127990723 9.70823287963867 9.76455497741699 9.8720006942749 9.62302398681641 8.51770782470703 7.81367683410645 7.17650890350342 7.04659461975098 7.28229236602783 6.48431730270386 6.96093273162842 6.30604124069214 6.82302761077881 6.20990037918091 6.16823577880859 6.46593809127808 6.96119260787964 6.307044506073 5.47486114501953 4.89380693435669 4.69918298721313 4.86836290359497 5.90074157714844 7.40553283691406 7.74507713317871 7.60127925872803 7.49472093582153 6.31390523910522 6.2981333732605 5.93648815155029 5.13631963729858 5.60285329818726 6.40248823165894
7.77512359619141 6.95845603942871 6.79775238037109 7.54841661453247 7.1625509262085 7.29509305953979 7.33634662628174 7.0612006187439 6.58218479156494 7.09869527816772 5.92160606384277 5.30187320709229 6.91470718383789 7.81114387512207 8.26805305480957 8.34808921813965 8.70676612854004 9.0124626159668 8.41375923156738 8.21625137329102 8.43891620635986 7.71100234985352 7.47042179107666 6.68845319747925 7.60759353637695 8.04487895965576 7.48973941802979 7.62879800796509 6.89769983291626 6.39045572280884 5.96395826339722 6.31907558441162 6.56652355194092 6.39063310623169 6.33637666702271 4.09218692779541 4.09602165222168 4.85053443908691 7.94620037078857 7.8708963394165 7.62845754623413 7.40305662155151 7.04772663116455 6.62853193283081 5.90697288513184 5.54207897186279 5.86669206619263 6.3699312210083
6.16664123535156 6.17570018768311 7.13881540298462 8.39219665527344 7.80224895477295 7.2096529006958 6.4197793006897 6.87539529800415 6.50097131729126 6.61104488372803 5.95024347305298 7.66126108169556 8.71612644195557 8.11429023742676 8.2624340057373 7.95601749420166 7.75208044052124 7.52067899703979 7.70230197906494 7.31390571594238 7.70550489425659 7.75158739089966 8.08555316925049 7.8723669052124 7.69019508361816 7.39917325973511 7.8983416557312 7.60127449035645 7.5305061340332 6.99143552780151 5.7064790725708 5.76976680755615 5.65668916702271 5.91130352020264 6.26369190216064 4.38619184494019 3.99760270118713 4.12251424789429 7.84409189224243 7.71620941162109 7.3687915802002 7.02951574325562 6.33947610855103 6.53094434738159 6.19311285018921 5.94501399993896 5.72482252120972 6.06439542770386
-3.4e+38 -3.4e+38 -3.4e+38 5.87018585205078 8.37079906463623 5.57343769073486 7.19875192642212 6.61167097091675 6.06570100784302 5.94834995269775 6.73317289352417 7.59267997741699 8.37575244903564 8.49788761138916 7.33920812606812 7.29631567001343 7.00175857543945 7.51314544677734 7.141188621521 7.50109624862671 8.17362976074219 7.69071006774902 7.59981822967529 7.19537353515625 7.68699884414673 7.99652528762817 8.20283985137939 7.35889482498169 7.59776306152344 7.56330919265747 6.27104377746582 5.51616239547729 5.04385375976562 5.78995323181152 4.3020396232605 3.65334510803223 3.27752804756165 3.61693596839905 7.25706958770752 7.33330583572388 7.25498199462891 5.95828151702881 5.91872882843018 6.55621385574341 6.75455570220947 6.22143411636353 5.65410470962524 6.00819158554077
-3.4e+38 -3.4e+38 4.77759122848511 5.6571307182312 7.17012071609497 6.53038501739502 6.02764558792114 5.80209684371948 5.83598232269287 5.77926731109619 5.73688411712646 7.29183149337769 8.42567443847656 8.8205509185791 8.25162124633789 7.41354179382324 7.54738092422485 7.93448925018311 7.39354372024536 7.54698371887207 7.40549468994141 6.81295824050903 7.06432771682739 7.49788188934326 8.38533306121826 8.65873241424561 8.58432865142822 8.5090503692627 8.41400718688965 7.35462760925293 7.39827871322632 6.69433689117432 5.79720878601074 6.85300302505493 6.20700216293335 3.71973252296448 2.26390624046326 2.16258406639099 5.8718729019165 6.92437362670898 6.9810357093811 6.0941367149353 6.02007436752319 6.215416431427 6.11389064788818 5.77060556411743 5.77690362930298 5.85966348648071
6.72592306137085 5.57301092147827 4.6535120010376 5.54959726333618 5.11951637268066 5.95631647109985 6.38122367858887 6.16255235671997 5.47473382949829 5.58637428283691 5.54839324951172 5.5604681968689 5.5389461517334 6.66360902786255 7.20105743408203 6.47892045974731 8.25926494598389 8.73076915740967 8.04021263122559 7.06085920333862 7.43738508224487 6.65819787979126 7.26521778106689 7.39224863052368 7.56472730636597 8.62127780914307 9.12374591827393 9.35699939727783 9.00487232208252 8.11369609832764 7.42205619812012 8.81075763702393 8.14358043670654 6.95283317565918 5.73733997344971 3.08713960647583 2.71735811233521 5.82456970214844 5.0032753944397 6.98367023468018 7.08999109268188 6.25693464279175 5.93195533752441 6.39572906494141 6.55394077301025 5.97839164733887 6.00873279571533 5.98444938659668
4.81633186340332 4.50517416000366 4.15475368499756 4.82476806640625 4.80910968780518 5.97092199325562 5.73990917205811 5.6862621307373 4.57113218307495 4.92901134490967 5.13773822784424 5.05939435958862 5.87785577774048 6.24597549438477 6.49512481689453 6.09727096557617 7.48316812515259 7.81848049163818 7.69568681716919 6.21981525421143 7.88170003890991 7.37143421173096 6.76224327087402 7.34113359451294 7.16458415985107 7.71056842803955 8.35136890411377 8.17488479614258 8.33061027526855 8.72962665557861 8.73580074310303 9.15934753417969 9.16024208068848 8.20512390136719 7.13344287872314 6.05918073654175 4.99216604232788 5.04661130905151 6.21448230743408 6.98840188980103 7.29331302642822 6.95357799530029 6.93894481658936 6.51732873916626 6.5387020111084 6.10920524597168 7.29415702819824 6.50822830200195
6.43273496627808 5.56324481964111 4.65062189102173 4.12396860122681 4.41856241226196 4.21077680587769 4.61148834228516 4.5727105140686 5.08395862579346 5.90700721740723 5.69119596481323 5.80784463882446 6.05963373184204 5.98419046401978 6.71982097625732 6.49377965927124 7.4002890586853 7.85216331481934 6.54915761947632 7.87983083724976 7.93081378936768 6.74863576889038 6.85807228088379 7.43512916564941 7.44748306274414 8.18473625183105 8.04419803619385 8.29563903808594 8.38317966461182 8.38422584533691 8.5426025390625 8.69219493865967 7.9366512298584 7.61826229095459 7.78318309783936 6.66046285629272 6.19760704040527 6.36523866653442 6.84894895553589 7.21669673919678 7.30943918228149 7.45768117904663 7.55235433578491 7.06302213668823 6.6523380279541 6.62395191192627 7.15372133255005 6.77705812454224
-3.4e+38 9.15160083770752 6.55710792541504 6.05948877334595 5.68037557601929 4.40018892288208 5.03787612915039 5.17398309707642 4.52378177642822 5.60554885864258 5.89556646347046 5.75082111358643 6.59283065795898 6.5082426071167 6.8158073425293 6.55031061172485 6.94972944259644 7.18501853942871 7.40954399108887 7.93042325973511 8.17131423950195 6.71610307693481 7.18081045150757 7.46740484237671 6.93841409683228 7.94494009017944 8.3857946395874 8.53505706787109 8.70881080627441 8.41836738586426 8.30050754547119 8.15596389770508 7.52214622497559 7.56820726394653 8.1473274230957 7.8489875793457 6.91687059402466 6.61638736724854 6.83332967758179 6.87824106216431 7.46106147766113 7.33964824676514 7.66353034973145 7.35854148864746 7.08865880966187 7.14251756668091 6.64471626281738 7.05369997024536
-3.4e+38 9.14208221435547 6.37520360946655 4.53336572647095 3.27259802818298 4.2712230682373 4.9474720954895 4.94891500473022 4.71888256072998 5.52998733520508 6.21245384216309 6.53569746017456 7.36576366424561 7.68438291549683 7.06977796554565 7.29748296737671 7.37681770324707 9.50008678436279 9.23801898956299 7.776930809021 9.66713714599609 8.17076778411865 7.19441080093384 7.30709171295166 7.53834533691406 7.58706188201904 8.06472873687744 8.17119216918945 8.61287593841553 8.45422077178955 7.90027666091919 7.92609977722168 8.12685394287109 8.0020866394043 8.14843559265137 7.85069704055786 6.67217588424683 5.98413944244385 6.40732002258301 6.30193614959717 5.98512744903564 7.35236883163452 7.31165504455566 7.03288984298706 6.63631772994995 7.02158117294312 7.46460485458374 7.57424831390381
2.79810237884521 7.17563629150391 4.22592163085938 3.00606608390808 3.20204854011536 4.9172797203064 5.78246259689331 5.37503623962402 5.39925003051758 5.76494026184082 6.34183311462402 6.79803991317749 6.68461656570435 6.07093238830566 6.26584339141846 7.22109222412109 7.23399591445923 8.35881996154785 8.66449546813965 8.43805599212646 9.88748931884766 8.53182601928711 8.19067573547363 7.97965431213379 7.59212446212769 8.19047069549561 8.85075759887695 8.8689603805542 8.53488159179688 7.76807355880737 7.11546564102173 8.23087501525879 8.94042110443115 9.12891578674316 8.08113098144531 8.10041618347168 8.21185779571533 7.01947498321533 6.81568050384521 6.01391935348511 5.84664869308472 6.01589155197144 6.40399551391602 6.01248645782471 6.38216543197632 7.21807765960693 7.26457118988037 7.15972280502319
5.30652809143066 4.21609830856323 3.04581427574158 3.41262912750244 4.0535831451416 4.31661558151245 3.34726691246033 4.25143623352051 5.42891693115234 5.4890308380127 6.66038227081299 6.83679676055908 6.07148933410645 6.32149505615234 6.30637502670288 6.71487140655518 7.8194317817688 7.87758684158325 8.23705673217773 7.81686401367188 7.75798082351685 7.37286472320557 7.28975343704224 6.98405694961548 7.05409145355225 8.1712007522583 9.0696268081665 9.20108413696289 8.86106014251709 8.92682838439941 8.62805938720703 9.29890060424805 9.96517372131348 9.56088733673096 8.22141933441162 7.79515266418457 7.71070289611816 7.28873062133789 6.69078779220581 6.25330972671509 6.04851341247559 5.66330671310425 5.75004816055298 4.189866065979 5.76062250137329 6.37268114089966 6.67885398864746 6.61550569534302
