Ecospace-environmental-drivers/Outputs/ASCII-for-ecospace/ChlA/ChlA_X2014.02.asc
NCOLS 131 
NROWS 53 
XLLCORNER -98 
YLLCORNER 23.9265270233154 
CELLSIZE 0.133587792515755 
NODATA_value -3.4e+38 
[rows 21 to 41 of 53, columns 0 to 46 of 131]
-3.4e+38 -3.4e+38 -3.4e+38 -3.4e+38 -3.4e+38 -3.4e+38 72.1395034790039 75.6294631958008 -3.4e+38 70.4131469726562 62.4968414306641 49.290843963623 38.3715057373047 34.1041526794434 24.6571102142334 21.5455360412598 21.2070960998535 21.424783706665 20.5704288482666 19.7060546875 19.9541835784912 20.1423816680908 20.6681995391846 20.1654396057129 19.5344696044922 17.9531021118164 19.7464694976807 22.4571743011475 22.537727355957 21.2574558258057 21.0876312255859 21.1414852142334 21.3740692138672 22.0360469818115 21.357349395752 21.4153022766113 21.4418067932129 20.6891536712646 20.5754547119141 21.6190967559814 21.8236141204834 21.5403442382812 21.1883125305176 20.4543704986572 20.4738864898682 21.9866676330566 21.4056491851807
-3.4e+38 -3.4e+38 -3.4e+38 -3.4e+38 -3.4e+38 -3.4e+38 -3.4e+38 73.1201095581055 69.8953170776367 58.7237205505371 46.0687446594238 31.2479724884033 23.2703533172607 21.5331344604492 21.0315647125244 20.3848190307617 20.5287475585938 20.9650020599365 19.2958908081055 19.7036151885986 19.775218963623 20.00612449646 20.1879692077637 19.3251190185547 18.8943557739258 19.0756454467773 19.9496650695801 22.098804473877 22.1490802764893 21.2733936309814 20.3729553222656 20.9316253662109 20.614128112793 20.9595680236816 20.2110137939453 19.8825359344482 19.6108856201172 20.2877502441406 20.7571392059326 21.0308036804199 21.0054340362549 21.1012287139893 21.737003326416 20.3329124450684 20.1108055114746 21.3983612060547 20.8463802337646
-3.4e+38 -3.4e+38 -3.4e+38 -3.4e+38 87.7978897094727 85.0231246948242 -3.4e+38 68.5448837280273 56.4661903381348 41.473876953125 26.4683856964111 21.0438747406006 20.4189872741699 21.0606536865234 21.3854541778564 20.4719276428223 20.2411670684814 19.0921173095703 19.0170593261719 19.5840167999268 19.451639175415 19.7689094543457 19.1762237548828 19.1894512176514 18.8883647918701 19.9811267852783 18.9912452697754 18.9504203796387 19.9219207763672 21.3039512634277 21.0052261352539 21.4063549041748 20.8293762207031 20.0976257324219 19.8190574645996 20.2423915863037 20.9008827209473 21.2518672943115 21.3833599090576 21.4510936737061 20.9977188110352 21.3291339874268 21.8847122192383 21.1871566772461 21.6930923461914 21.6170406341553 21.4203243255615
-3.4e+38 -3.4e+38 -3.4e+38 -3.4e+38 -3.4e+38 84.5811614990234 69.1833343505859 60.5869979858398 45.5563545227051 27.9582290649414 20.3611335754395 20.2822914123535 20.4139270782471 21.1247100830078 19.7523288726807 20.2159042358398 18.6153469085693 18.4534587860107 19.3007411956787 19.1003131866455 19.11252784729 20.6459941864014 19.5614223480225 19.1096229553223 18.4709548950195 18.0685615539551 17.7113265991211 17.5777912139893 18.9317722320557 19.8690338134766 21.3420829772949 22.9005813598633 22.6288089752197 20.8679256439209 20.3858795166016 21.1310729980469 22.1406116485596 22.6617450714111 21.9911575317383 21.3842029571533 20.8314838409424 20.2977848052979 20.7914924621582 19.8786964416504 20.7883625030518 21.3805236816406 21.0203533172607
-3.4e+38 -3.4e+38 -3.4e+38 -3.4e+38 -3.4e+38 63.8808975219727 64.150016784668 49.4749488830566 30.5278587341309 21.9010429382324 20.8735256195068 20.8371238708496 20.1992835998535 19.5124588012695 19.3820648193359 19.742618560791 18.0351810455322 18.2224445343018 19.7983722686768 18.985969543457 19.8502883911133 19.9986705780029 19.8192253112793 19.2664813995361 18.097936630249 17.9272136688232 19.395357131958 18.5965957641602 19.0075721740723 19.363597869873 21.0014038085938 22.2611789703369 22.1488761901855 20.9509201049805 20.7373905181885 21.3719997406006 21.973949432373 21.2459697723389 21.2309474945068 21.2567138671875 20.2488670349121 19.3866882324219 19.9066410064697 19.7866687774658 19.7298412322998 18.9116249084473 18.243724822998
-3.4e+38 -3.4e+38 -3.4e+38 -3.4e+38 -3.4e+38 66.6998291015625 57.2717514038086 36.9577331542969 23.8672351837158 22.1657676696777 21.2683544158936 20.6560764312744 19.545560836792 19.382755279541 19.5403022766113 19.5258178710938 18.8102149963379 19.7177295684814 19.5891227722168 19.4246807098389 18.5460624694824 18.1117916107178 18.5549545288086 18.5881767272949 17.7332057952881 18.1349353790283 20.1013698577881 20.5418090820312 19.6769313812256 19.5448017120361 20.4239902496338 21.8138084411621 21.6779460906982 21.2506008148193 20.8674983978271 20.7282009124756 20.9746208190918 20.51296043396 20.3243465423584 20.4570732116699 19.7358283996582 19.3626918792725 19.4851150512695 19.3761940002441 19.0927391052246 18.8131504058838 18.4691963195801
-3.4e+38 -3.4e+38 -3.4e+38 129.60986328125 -3.4e+38 61.8964881896973 50.446231842041 31.5159111022949 24.1809959411621 22.0078620910645 21.1624526977539 20.073127746582 20.4040107727051 20.3911018371582 19.1687793731689 19.1770439147949 19.9296531677246 20.0896987915039 19.4607582092285 19.4569416046143 18.6935806274414 19.0098743438721 18.9101715087891 18.7093029022217 18.4611148834229 19.3499660491943 19.0031585693359 20.9976367950439 21.1453914642334 20.7408294677734 20.0213737487793 20.1083583831787 20.9289588928223 20.28981590271 20.5804634094238 20.3433208465576 20.31614112854 19.8397789001465 19.6599349975586 19.4187126159668 18.9744167327881 18.3932666778564 18.4652996063232 18.4322357177734 18.8354263305664 18.8052787780762 18.3079624176025
-339999999999999996128486808808066248288.000000000000000 -3.4e+38 -3.4e+38 -3.4e+38 62.7964210510254 54.8159141540527 41.017936706543 26.2681369781494 22.9679260253906 22.1697216033936 20.4268398284912 19.8048572540283 20.4092979431152 20.1100292205811 18.4370079040527 18.5118446350098 19.3930072784424 19.253360748291 18.7697772979736 19.0061702728271 19.2073364257812 20.6151218414307 19.5475482940674 19.0194530487061 19.411075592041 19.3115921020508 18.5352230072021 19.5773086547852 20.8652000427246 20.0503120422363 19.764799118042 19.408878326416 20.0620079040527 20.0752258300781 21.1527824401855 20.4191226959229 20.3200645446777 19.9450073242188 19.8742275238037 19.796854019165 19.151252746582 18.620512008667 18.5516204833984 18.2648334503174 18.4577236175537 18.2099266052246 17.9507331848145
-3.4e+38 -3.4e+38 -3.4e+38 -3.4e+38 62.2326927185059 53.5720710754395 41.8225555419922 25.4758930206299 22.9070930480957 20.5232887268066 19.0976638793945 19.1480655670166 19.5791282653809 19.9193439483643 19.3890800476074 19.0945625305176 19.3754062652588 19.4320392608643 19.4059581756592 18.3199882507324 18.8995609283447 19.2604236602783 19.5807037353516 19.5207576751709 19.9449729919434 19.9256820678711 19.2762928009033 20.4257030487061 20.9929599761963 20.3788223266602 19.9599189758301 20.2229118347168 20.2919425964355 20.2550086975098 21.7951812744141 21.0911903381348 20.5134105682373 20.2487812042236 19.8819847106934 19.4229984283447 18.3453197479248 18.0490608215332 18.2747707366943 18.2327098846436 18.3261814117432 18.1824150085449 17.8672676086426
-3.4e+38 -3.4e+38 -3.4e+38 -3.4e+38 60.1483726501465 53.3728942871094 40.257381439209 26.2366924285889 22.4801979064941 19.5846271514893 18.8269901275635 19.2663650512695 19.6649398803711 20.2643089294434 19.5659141540527 19.289924621582 19.4818229675293 19.406322479248 18.9049758911133 17.6841831207275 18.7523670196533 19.4620399475098 20.4190368652344 21.0740604400635 20.5622615814209 19.8709449768066 18.8164501190186 19.8618278503418 20.7720241546631 20.3690071105957 20.1322021484375 19.5815734863281 19.849292755127 20.1608600616455 21.0317649841309 20.7335586547852 20.4519367218018 20.4774131774902 19.9193210601807 18.6172943115234 18.0326347351074 18.0554103851318 18.5164222717285 18.6907424926758 18.7113494873047 18.8508529663086 18.5041980743408
-3.4e+38 -3.4e+38 -3.4e+38 -3.4e+38 -3.4e+38 56.3895149230957 41.7024345397949 28.9781112670898 22.361234664917 19.96484375 19.7378959655762 20.1754341125488 20.3892574310303 19.7982501983643 19.0968456268311 19.4053745269775 19.9615879058838 19.8600006103516 19.4282932281494 19.4308700561523 19.9485340118408 20.1333408355713 19.7750110626221 18.4555702209473 19.665584564209 20.4353866577148 19.5889358520508 19.1135349273682 19.0796699523926 19.2525730133057 19.6137027740479 19.7430992126465 20.359489440918 20.7220897674561 20.8398666381836 20.6054210662842 20.7267570495605 20.2578029632568 19.7012710571289 18.6600074768066 18.5626049041748 18.5851650238037 18.6673469543457 18.7986011505127 18.9580688476562 19.0168361663818 19.3476009368896
-3.4e+38 -3.4e+38 -3.4e+38 -3.4e+38 -3.4e+38 59.2463569641113 48.5727272033691 32.7214622497559 22.8140277862549 21.2502288818359 20.843879699707 20.7289257049561 20.0542869567871 19.7587299346924 19.9606819152832 19.635835647583 18.8659954071045 18.8727245330811 18.6186084747314 18.9120101928711 19.3673133850098 19.5960807800293 18.407190322876 17.8996315002441 17.982364654541 18.930326461792 18.7191467285156 18.9555149078369 18.3827457427979 18.4690589904785 19.0873565673828 19.897819519043 19.9602642059326 20.4963531494141 19.7728118896484 19.8231239318848 19.8511905670166 20.0208549499512 19.6098403930664 19.0410442352295 18.6923179626465 18.7335090637207 18.2439212799072 18.6957588195801 18.7765045166016 18.454174041748 17.9895992279053
-3.4e+38 -3.4e+38 -3.4e+38 -3.4e+38 -3.4e+38 59.4349746704102 53.0130004882812 33.1416511535645 23.5408763885498 22.470251083374 21.1649475097656 19.9688682556152 20.2323226928711 21.5106906890869 21.0303630828857 19.5440196990967 17.7131156921387 17.8876323699951 17.6393775939941 17.7119140625 16.6109237670898 16.8505764007568 16.7492446899414 17.5572032928467 17.895580291748 18.3710174560547 18.1054191589355 17.3040199279785 16.8545913696289 17.0078392028809 18.1098442077637 19.6757335662842 19.8112678527832 19.4321193695068 19.214527130127 19.4083805084229 19.6272773742676 19.6406230926514 18.8570728302002 18.1087837219238 18.132884979248 18.0279731750488 18.3774471282959 18.5941219329834 18.5908985137939 18.0938053131104 17.6570453643799
-3.4e+38 -3.4e+38 -3.4e+38 -3.4e+38 -3.4e+38 58.1577911376953 55.436840057373 38.8101921081543 26.5260620117188 24.8975067138672 21.8113441467285 20.1517505645752 20.1498165130615 21.2408771514893 19.202241897583 17.7451362609863 17.6877784729004 17.7886657714844 17.2769832611084 17.2512187957764 16.5153579711914 16.1641883850098 16.175802230835 16.6830463409424 16.6315250396729 16.0831203460693 16.2803649902344 16.1246662139893 16.2539978027344 16.8786163330078 18.099292755127 19.183650970459 19.1249504089355 19.1110496520996 19.2227573394775 19.2897796630859 19.5901660919189 19.1070995330811 17.867073059082 17.4548721313477 17.7667274475098 17.5016937255859 18.1349010467529 18.4330101013184 18.5175132751465 18.1921691894531 17.9013042449951
-3.4e+38 -3.4e+38 -3.4e+38 -3.4e+38 -3.4e+38 150.325134277344 62.1597099304199 47.6746597290039 36.3017730712891 27.3383045196533 23.3195323944092 20.8049564361572 20.9962882995605 20.2345790863037 17.6756362915039 16.7031936645508 16.6447505950928 16.7035694122314 16.4401226043701 16.1151256561279 15.5057811737061 15.6804304122925 15.815203666687 16.4643745422363 15.9124755859375 15.9500179290771 16.1368980407715 16.562837600708 16.1163959503174 16.4543514251709 17.8102931976318 18.9959049224854 19.1285934448242 18.4978256225586 18.9277324676514 19.3087348937988 19.2890777587891 18.4398174285889 17.3846607208252 17.0310649871826 17.3855991363525 17.783842086792 18.0729427337646 18.2831630706787 18.2800331115723 18.185546875 18.2210693359375
-3.4e+38 -3.4e+38 -3.4e+38 -3.4e+38 -3.4e+38 -3.4e+38 75.371467590332 51.4865913391113 44.922679901123 29.8932113647461 22.6417655944824 21.6316528320312 20.6544723510742 17.7363758087158 16.5353298187256 16.0687294006348 15.8425807952881 15.8922071456909 15.7272138595581 15.4505081176758 15.0591497421265 15.7839975357056 15.3168258666992 16.1442375183105 15.8132352828979 15.7304134368896 15.6429567337036 15.3436870574951 15.7069139480591 16.4435234069824 17.0879039764404 18.3115882873535 18.5215473175049 17.7380867004395 18.5878295898438 19.8456554412842 19.1704349517822 17.943021774292 17.5789451599121 16.9371509552002 17.1703796386719 17.5163516998291 17.4915828704834 17.3664779663086 17.2039928436279 17.8810081481934 18.4135875701904
-3.4e+38 -3.4e+38 -3.4e+38 -3.4e+38 -3.4e+38 -3.4e+38 60.9370307922363 51.1692276000977 46.3789024353027 33.1744194030762 22.6448802947998 23.0103530883789 19.8865489959717 16.56516456604 16.6288299560547 15.9100914001465 15.6019639968872 15.5654392242432 15.3964691162109 15.3961229324341 15.0166149139404 15.18226146698 15.4261569976807 15.4222717285156 15.5507383346558 15.5730743408203 15.3079805374146 15.4640626907349 15.6220798492432 16.0278854370117 16.8916530609131 18.0076274871826 17.4588298797607 16.6891441345215 17.6363162994385 18.921142578125 18.7816581726074 18.8754100799561 16.6291580200195 16.7547721862793 17.1315174102783 17.4367637634277 17.3896598815918 17.183422088623 17.3080558776855 17.9977359771729 18.5792865753174
-3.4e+38 -3.4e+38 -3.4e+38 -3.4e+38 -3.4e+38 -3.4e+38 56.9117698669434 49.6461334228516 41.1820220947266 26.8312358856201 22.9310531616211 22.2604389190674 17.4034290313721 16.6107540130615 16.7884159088135 16.2769107818604 15.5784568786621 15.3960342407227 15.1485004425049 15.1926307678223 15.1117887496948 15.4125108718872 15.2924757003784 15.3077716827393 15.6114940643311 15.547999382019 15.8484983444214 15.9012241363525 15.8851928710938 15.9609632492065 16.5041790008545 17.2989387512207 17.1149806976318 16.7091026306152 17.2237396240234 18.674352645874 19.78662109375 19.4709396362305 17.759838104248 17.6983165740967 17.5297050476074 17.5202159881592 17.4368228912354 17.2409591674805 17.0415592193604 17.0594635009766 17.5468578338623
-3.4e+38 -3.4e+38 -3.4e+38 -3.4e+38 -3.4e+38 -3.4e+38 55.8646659851074 47.1284866333008 27.4604778289795 25.2210750579834 24.7249317169189 18.9905414581299 16.6926174163818 16.6386432647705 16.2915172576904 15.8413047790527 15.408242225647 15.5178127288818 15.3624982833862 15.0181884765625 15.0191698074341 14.8604116439819 15.2722549438477 15.3908443450928 15.437536239624 15.4988994598389 15.7300405502319 15.6436319351196 15.8002023696899 15.9340887069702 15.8664855957031 17.5082836151123 17.702522277832 17.3691806793213 17.3000316619873 19.3980197906494 20.0054416656494 19.0312519073486 17.6616973876953 17.38796043396 17.6267395019531 17.7436809539795 17.3010883331299 16.8734912872314 16.5546913146973 16.44162940979 17.0372791290283
-3.4e+38 -3.4e+38 -3.4e+38 -3.4e+38 -3.4e+38 57.9947776794434 52.6892890930176 43.3984832763672 29.2282600402832 27.2605113983154 23.5334720611572 18.7562160491943 16.6695442199707 16.4310417175293 15.8301439285278 15.2948331832886 15.3573713302612 15.2015190124512 15.0540323257446 14.9653463363647 14.9655809402466 15.1149454116821 15.5551776885986 15.4903469085693 15.5793533325195 15.6780681610107 15.7952194213867 15.5167036056519 15.4277601242065 15.4097290039062 15.5209197998047 17.2350902557373 17.9273281097412 17.8178653717041 17.9175853729248 18.8613471984863 19.2467174530029 18.3060760498047 17.8403720855713 18.1190586090088 18.3968238830566 18.4346256256104 17.3327312469482 16.9262924194336 16.5954036712646 16.8625164031982 17.197790145874
-3.4e+38 -3.4e+38 -3.4e+38 -3.4e+38 -3.4e+38 57.0774345397949 48.537296295166 40.8445243835449 32.7636032104492 26.0191440582275 21.899772644043 17.2010593414307 16.3560047149658 16.1846103668213 15.7092514038086 15.2672882080078 15.3071031570435 15.3622817993164 15.3300457000732 15.2134246826172 15.0676822662354 15.0790929794312 15.3402967453003 15.6383466720581 15.6829118728638 15.5800294876099 15.4170808792114 15.5836963653564 15.5166540145874 15.5445413589478 16.046480178833 17.3954448699951 17.4041938781738 18.0835266113281 18.1279640197754 18.1271476745605 18.9662685394287 18.5121173858643 18.0194053649902 18.7943687438965 18.944206237793 19.0422039031982 18.0717678070068 17.5577373504639 16.9410343170166 16.9593257904053 17.347972869873
