Ecospace-environmental-drivers/Outputs/ASCII-for-ecospace/ChlA/ChlA_X2004.06.asc
NCOLS 131 
NROWS 53 
XLLCORNER -98 
YLLCORNER 23.9265270233154 
CELLSIZE 0.133587792515755 
NODATA_value -3.4e+38 
[rows 0 to 20 of 53, columns 47 to 93 of 131]
-3.4e+38 -3.4e+38 -3.4e+38 -3.4e+38 -3.4e+38 -3.4e+38 -3.4e+38 -3.4e+38 -3.4e+38 -3.4e+38 -3.4e+38 -3.4e+38 -3.4e+38 -3.4e+38 -3.4e+38 -3.4e+38 -3.4e+38 -3.4e+38 -3.4e+38 -3.4e+38 -3.4e+38 -3.4e+38 -3.4e+38 -3.4e+38 -3.4e+38 -3.4e+38 -3.4e+38 -3.4e+38 -3.4e+38 -3.4e+38 -3.4e+38 -3.4e+38 -3.4e+38 -3.4e+38 -3.4e+38 -3.4e+38 -3.4e+38 -3.4e+38 -3.4e+38 -3.4e+38 -3.4e+38 -3.4e+38 -3.4e+38 -3.4e+38 -3.4e+38 -3.4e+38 -3.4e+38
-3.4e+38 -3.4e+38 -3.4e+38 -3.4e+38 -3.4e+38 -3.4e+38 -3.4e+38 -3.4e+38 -3.4e+38 -3.4e+38 -3.4e+38 -3.4e+38 -3.4e+38 -3.4e+38 -3.4e+38 -3.4e+38 -3.4e+38 -3.4e+38 -3.4e+38 -3.4e+38 -3.4e+38 -3.4e+38 -3.4e+38 -3.4e+38 -3.4e+38 -3.4e+38 -3.4e+38 -3.4e+38 -3.4e+38 -3.4e+38 -3.4e+38 -3.4e+38 -3.4e+38 -3.4e+38 -3.4e+38 -3.4e+38 -3.4e+38 -3.4e+38 -3.4e+38 -3.4e+38 -3.4e+38 -3.4e+38 -3.4e+38 -3.4e+38 -3.4e+38 -3.4e+38 -3.4e+38
-3.4e+38 -3.4e+38 -3.4e+38 -3.4e+38 -3.4e+38 -3.4e+38 -3.4e+38 -3.4e+38 -3.4e+38 -3.4e+38 -3.4e+38 -3.4e+38 -3.4e+38 -3.4e+38 -3.4e+38 -3.4e+38 -3.4e+38 -3.4e+38 -3.4e+38 -3.4e+38 -3.4e+38 -3.4e+38 -3.4e+38 -3.4e+38 -3.4e+38 -3.4e+38 -3.4e+38 -3.4e+38 -3.4e+38 -3.4e+38 -3.4e+38 -3.4e+38 -3.4e+38 -3.4e+38 -3.4e+38 -3.4e+38 -3.4e+38 -3.4e+38 -3.4e+38 -3.4e+38 -3.4e+38 -3.4e+38 -3.4e+38 -3.4e+38 -3.4e+38 -3.4e+38 -3.4e+38
-3.4e+38 -3.4e+38 -3.4e+38 -3.4e+38 -3.4e+38 -3.4e+38 -3.4e+38 -3.4e+38 -3.4e+38 -3.4e+38 -3.4e+38 -3.4e+38 -3.4e+38 -3.4e+38 -3.4e+38 -3.4e+38 -3.4e+38 -3.4e+38 -3.4e+38 -3.4e+38 -3.4e+38 -3.4e+38 -3.4e+38 -3.4e+38 -3.4e+38 -3.4e+38 -3.4e+38 11.968843460083 8.57645225524902 -3.4e+38 -3.4e+38 -3.4e+38 -3.4e+38 -3.4e+38 -3.4e+38 -3.4e+38 -3.4e+38 -3.4e+38 -3.4e+38 -3.4e+38 -3.4e+38 -3.4e+38 -3.4e+38 -3.4e+38 -3.4e+38 -3.4e+38 -3.4e+38
-3.4e+38 -3.4e+38 -3.4e+38 -3.4e+38 -3.4e+38 -3.4e+38 -3.4e+38 -3.4e+38 -3.4e+38 -3.4e+38 -3.4e+38 -3.4e+38 -3.4e+38 -3.4e+38 -3.4e+38 -3.4e+38 -3.4e+38 -3.4e+38 -3.4e+38 -3.4e+38 18.1180610656738 17.8551559448242 -3.4e+38 -3.4e+38 -3.4e+38 11.2970695495605 -3.4e+38 13.5500068664551 13.28586769104 -3.4e+38 -3.4e+38 -3.4e+38 -3.4e+38 -3.4e+38 -3.4e+38 3.84465479850769 7.90861225128174 8.87381649017334 9.03243923187256 9.89407348632812 -3.4e+38 -3.4e+38 -3.4e+38 -3.4e+38 -3.4e+38 -3.4e+38 -3.4e+38
-3.4e+38 -3.4e+38 -3.4e+38 -3.4e+38 -3.4e+38 -3.4e+38 -3.4e+38 -3.4e+38 35.6296005249023 33.2061424255371 15.1932992935181 19.8087730407715 19.9359798431396 21.1556510925293 -3.4e+38 -3.4e+38 -3.4e+38 -3.4e+38 20.0130443572998 20.27099609375 18.0072956085205 16.7341442108154 17.6700096130371 18.0191631317139 15.8080005645752 15.1106605529785 16.8386497497559 15.7908058166504 14.4135885238647 12.7283592224121 9.01902198791504 8.88438510894775 8.19548892974854 8.87128829956055 9.30490112304688 8.96939373016357 8.7875337600708 9.01879596710205 9.31011295318604 9.60379695892334 9.02536869049072 8.75390529632568 -3.4e+38 -3.4e+38 -3.4e+38 -3.4e+38 -3.4e+38
-3.4e+38 -3.4e+38 -3.4e+38 -3.4e+38 -3.4e+38 -3.4e+38 -3.4e+38 -3.4e+38 -3.4e+38 13.6495771408081 13.3488807678223 17.385160446167 15.4139633178711 20.3557033538818 -3.4e+38 26.3981704711914 25.6645412445068 21.7698287963867 20.9171886444092 20.8414497375488 18.4392910003662 15.8701658248901 13.7214384078979 12.6335296630859 12.1353311538696 13.9244003295898 14.2623329162598 14.0786275863647 12.4048566818237 12.1109790802002 11.0983371734619 10.3339824676514 10.1858291625977 10.9630079269409 10.0293979644775 10.3793830871582 10.377103805542 10.6690979003906 10.2990951538086 9.48048877716064 8.8486385345459 8.65594673156738 9.13399219512939 -3.4e+38 -3.4e+38 -3.4e+38 -3.4e+38
-3.4e+38 -3.4e+38 -3.4e+38 -3.4e+38 -3.4e+38 -3.4e+38 -3.4e+38 -3.4e+38 -3.4e+38 -3.4e+38 -3.4e+38 -3.4e+38 13.9174814224243 -3.4e+38 -3.4e+38 21.3886585235596 24.9843978881836 -3.4e+38 -3.4e+38 21.0589561462402 19.8803443908691 16.2176628112793 12.8511409759521 12.4750022888184 12.043288230896 11.795392036438 11.8432302474976 11.6663856506348 11.5609216690063 12.46226978302 12.3056259155273 11.3768873214722 11.4214744567871 11.5882806777954 11.2963676452637 11.0148258209229 10.640212059021 10.3360795974731 10.1077346801758 10.0342264175415 9.08019256591797 8.35174369812012 8.1655855178833 6.81453514099121 4.96540403366089 4.89351654052734 -3.4e+38
-3.4e+38 -3.4e+38 -3.4e+38 -3.4e+38 -3.4e+38 -3.4e+38 -3.4e+38 -3.4e+38 -3.4e+38 -3.4e+38 -3.4e+38 -3.4e+38 -3.4e+38 -3.4e+38 -3.4e+38 -3.4e+38 -3.4e+38 -3.4e+38 21.8898124694824 20.0883102416992 17.5637130737305 15.1816682815552 12.3159208297729 11.2792558670044 11.2226076126099 11.8982486724854 10.8525381088257 10.7382802963257 11.1004009246826 11.1380863189697 11.2059345245361 11.472243309021 11.7912254333496 12.0974092483521 11.9391250610352 11.1746759414673 10.0170221328735 10.1680192947388 10.0040941238403 10.2275915145874 10.2890367507935 9.25215148925781 8.69282341003418 8.19216251373291 7.38974523544312 8.10560131072998 8.37375736236572
-3.4e+38 -3.4e+38 -3.4e+38 -3.4e+38 -3.4e+38 -3.4e+38 -3.4e+38 -3.4e+38 -3.4e+38 -3.4e+38 -3.4e+38 -3.4e+38 -3.4e+38 -3.4e+38 -3.4e+38 -3.4e+38 -3.4e+38 23.6349983215332 21.8645877838135 19.5856132507324 17.8997039794922 13.499436378479 12.3034858703613 11.244969367981 11.4576988220215 14.3570671081543 11.2042350769043 10.7165536880493 10.1262292861938 10.1334009170532 10.4715604782104 11.1045475006104 10.9682359695435 10.7077150344849 10.3036947250366 10.4228811264038 9.77039527893066 9.56611061096191 9.94438552856445 10.313551902771 10.4296436309814 9.60705280303955 8.66354656219482 8.57728958129883 8.43555450439453 8.16399097442627 8.54402256011963
-3.4e+38 -3.4e+38 -3.4e+38 -3.4e+38 -3.4e+38 -3.4e+38 -3.4e+38 -3.4e+38 -3.4e+38 -3.4e+38 -3.4e+38 -3.4e+38 -3.4e+38 -3.4e+38 -3.4e+38 -3.4e+38 25.1313304901123 21.8916702270508 19.6692085266113 18.3006210327148 15.422625541687 12.2536563873291 11.5630207061768 12.0743970870972 12.9434289932251 12.9660472869873 11.0635986328125 11.3436155319214 10.8643732070923 10.3353090286255 9.89891338348389 10.2441844940186 9.60257720947266 9.69583415985107 10.3807277679443 9.51887226104736 9.49715518951416 9.72622203826904 9.78457641601562 10.3027801513672 10.199803352356 9.53330421447754 9.30600833892822 8.93135166168213 8.6171703338623 8.73044109344482 9.17619800567627
-3.4e+38 -3.4e+38 -3.4e+38 -3.4e+38 -3.4e+38 -3.4e+38 -3.4e+38 -3.4e+38 -3.4e+38 -3.4e+38 -3.4e+38 -3.4e+38 -3.4e+38 -3.4e+38 -3.4e+38 -3.4e+38 26.6579132080078 23.922664642334 20.792350769043 18.2139167785645 15.4102563858032 14.5334806442261 12.4983358383179 15.0253219604492 14.9187927246094 13.8947763442993 11.0587615966797 10.6670427322388 10.6557130813599 10.0844058990479 10.1724967956543 9.5771369934082 9.36792278289795 9.16496086120605 8.484543800354 8.74914646148682 9.34677696228027 9.55142974853516 9.39787483215332 9.57951354980469 9.72343826293945 9.82704830169678 9.46537971496582 9.10105991363525 8.71907234191895 8.8007698059082 9.38064956665039
-3.4e+38 -3.4e+38 -3.4e+38 -3.4e+38 -3.4e+38 -3.4e+38 -3.4e+38 -3.4e+38 20.8355522155762 -3.4e+38 -3.4e+38 -3.4e+38 -3.4e+38 20.6816329956055 -3.4e+38 -3.4e+38 -3.4e+38 -3.4e+38 -3.4e+38 18.8776206970215 19.367000579834 20.2031936645508 15.4033632278442 15.4460248947144 14.0598030090332 13.1784982681274 10.5803966522217 9.86855125427246 9.92032337188721 9.82536029815674 10.3838577270508 10.484561920166 10.3623037338257 8.94761848449707 9.01461791992188 9.6026554107666 9.61400413513184 9.92387771606445 9.60255813598633 9.65927410125732 9.7997579574585 10.0153684616089 9.34098434448242 9.17468452453613 8.87430953979492 9.13706207275391 8.93563365936279
20.5763854980469 -3.4e+38 20.1973171234131 20.202054977417 21.4489440917969 22.334451675415 22.5260372161865 21.6963901519775 21.8576583862305 21.2510986328125 21.6745471954346 -3.4e+38 18.8336887359619 17.2321033477783 15.1472625732422 16.0401496887207 -3.4e+38 -3.4e+38 -3.4e+38 19.8463134765625 21.301383972168 22.1353149414062 19.34055519104 14.576075553894 11.8715505599976 10.2314405441284 9.21201610565186 9.38993167877197 9.42271518707275 9.8742561340332 9.07738018035889 9.75705909729004 9.48177909851074 9.06321048736572 9.11375999450684 9.75327301025391 9.49982166290283 10.3808965682983 9.92046928405762 9.48501110076904 9.98191261291504 10.3056669235229 10.2007036209106 10.1000719070435 9.41137409210205 9.08391094207764 9.30853271484375
19.3769149780273 19.0733890533447 21.680736541748 20.903865814209 20.969575881958 21.6990280151367 21.6357021331787 20.9144687652588 20.1429195404053 19.6160106658936 20.1840667724609 19.2227630615234 18.5949363708496 20.0567817687988 19.0003757476807 19.8347835540771 18.8288555145264 -3.4e+38 -3.4e+38 23.4863243103027 22.448429107666 20.9256896972656 15.3296852111816 10.5655212402344 11.0455436706543 9.2905445098877 9.30086326599121 9.93444919586182 9.4569091796875 9.36172866821289 9.05213832855225 10.12428855896 10.1405439376831 10.3868379592896 10.6651039123535 9.96952342987061 9.4776554107666 9.79346561431885 9.27110481262207 9.59440326690674 9.95987319946289 10.0840177536011 10.1752128601074 9.76184558868408 10.0983734130859 9.90053844451904 9.61696147918701
17.0192565917969 17.6742572784424 19.7763156890869 20.0330753326416 19.8385181427002 19.8466701507568 18.1210746765137 17.7521419525146 16.8273830413818 16.3681335449219 17.5240650177002 17.076135635376 19.1181411743164 19.3747081756592 18.4499588012695 20.7320823669434 20.8632278442383 -3.4e+38 19.1564598083496 19.1317520141602 19.7014217376709 15.319803237915 12.7655038833618 10.5759935379028 8.90740871429443 8.37316131591797 8.94836330413818 9.51538944244385 9.07874965667725 8.9964656829834 9.01373481750488 8.71605396270752 9.24994659423828 9.91020774841309 9.6705265045166 9.91627502441406 9.59463310241699 9.47542285919189 9.29732704162598 9.5560941696167 9.61485195159912 9.52994632720947 9.33832931518555 8.7705545425415 9.44278240203857 9.57662200927734 9.41184329986572
15.5482721328735 12.9852905273438 16.3382015228271 17.4218044281006 18.106725692749 17.9795684814453 16.3463077545166 14.0925388336182 13.5631513595581 13.9379291534424 14.8917798995972 15.8020830154419 18.3751449584961 18.9804458618164 19.7317428588867 21.1827983856201 20.8429183959961 16.0935611724854 15.5338411331177 19.479133605957 19.3950023651123 15.6557674407959 11.2455596923828 10.3936758041382 9.40970993041992 9.29572200775146 8.95104503631592 9.96652221679688 8.52583599090576 8.04173469543457 8.51354789733887 8.64707851409912 8.42239475250244 9.76404571533203 9.69340705871582 10.0324659347534 9.82905864715576 9.79636573791504 9.78307819366455 9.32659435272217 9.10372543334961 9.16145515441895 8.89063262939453 8.51319026947021 9.28970050811768 8.96969509124756 9.54205226898193
11.7579822540283 12.0853939056396 13.0300722122192 12.4024181365967 16.395751953125 15.708104133606 14.2433652877808 11.7235565185547 11.2297143936157 11.4095430374146 12.5462226867676 12.9664630889893 13.6335773468018 16.9670505523682 19.5508804321289 19.2306156158447 16.2709140777588 15.560399055481 16.4786243438721 14.5311307907104 16.0085525512695 13.3723583221436 10.3312797546387 9.60304355621338 9.43991088867188 9.007981300354 8.69777202606201 8.43239212036133 8.73295497894287 8.49447822570801 8.61021900177002 8.79484176635742 8.9727668762207 9.10280799865723 9.93729114532471 9.47186088562012 9.94111919403076 10.0482273101807 9.76655960083008 9.5913667678833 8.7849588394165 8.9826602935791 9.1719970703125 9.56650638580322 9.5088062286377 9.32927513122559 9.29386234283447
11.4520053863525 11.1979169845581 12.8452558517456 10.3518800735474 10.5673837661743 10.2999897003174 9.8733959197998 9.89473056793213 9.86725234985352 9.58567714691162 9.41340923309326 9.9285306930542 10.9044246673584 11.6533393859863 15.2159738540649 16.2002296447754 11.5719575881958 10.8111686706543 11.162636756897 12.7157945632935 12.0112295150757 12.1651344299316 10.5316171646118 -3.4e+38 9.78938579559326 9.43816184997559 8.76420974731445 10.8625164031982 10.8904876708984 8.60413551330566 8.64674472808838 8.68876838684082 8.29332828521729 8.30442237854004 8.26521015167236 8.75445079803467 9.50735950469971 9.75422668457031 9.11550521850586 8.97466659545898 9.60376739501953 9.31438064575195 9.59612941741943 9.06788921356201 9.04916191101074 8.65654850006104 8.23014450073242
8.87815189361572 9.47677803039551 10.4808673858643 10.2555437088013 8.80168151855469 8.8934154510498 9.0070104598999 9.18323993682861 10.8809757232666 9.80258655548096 8.8797435760498 8.01925086975098 8.41684913635254 12.5757637023926 12.1856288909912 10.7984533309937 10.1669692993164 10.4151668548584 10.6985378265381 11.4173278808594 10.7770175933838 9.75877571105957 10.5962028503418 10.8479404449463 10.3365631103516 10.0616674423218 9.48668003082275 8.49096965789795 11.4805459976196 8.15839862823486 9.83443641662598 9.58374309539795 8.95179843902588 8.39358234405518 8.45166873931885 8.72895431518555 9.29657459259033 9.36555767059326 9.43290710449219 8.67781639099121 8.7109899520874 8.82118892669678 9.14358806610107 8.24024772644043 7.805016040802 7.69900465011597 7.74036693572998
8.86673164367676 9.26368618011475 9.48024940490723 9.66565990447998 8.73796844482422 9.12089252471924 9.00448989868164 9.0162353515625 10.2209749221802 9.54504776000977 8.6375904083252 9.72762489318848 8.90080642700195 8.72142028808594 9.4497537612915 9.72848796844482 10.0957183837891 10.4126558303833 10.7057371139526 10.2686567306519 9.87995624542236 9.4688138961792 9.49943733215332 9.8818826675415 9.8684549331665 9.40682411193848 9.3279504776001 9.40681552886963 9.08661842346191 8.31709766387939 9.26087093353271 8.84079742431641 8.68627071380615 8.73323440551758 8.79168796539307 8.71222305297852 8.74502182006836 9.31824111938477 9.60843181610107 9.24483203887939 8.89230060577393 8.31265640258789 8.0302038192749 8.37535190582275 7.81542825698853 7.46862506866455 7.46986961364746
