Ecospace-environmental-drivers/Outputs/ASCII-for-ecospace/ChlA/ChlA_X2020.02.asc
NCOLS 131 
NROWS 53 
XLLCORNER -98 
YLLCORNER 23.9265270233154 
CELLSIZE 0.133587792515755 
NODATA_value -3.4e+38 
[rows 0 to 20 of 53, columns 47 to 93 of 131]
-3.4e+38 -3.4e+38 -3.4e+38 -3.4e+38 -3.4e+38 -3.4e+38 -3.4e+38 -3.4e+38 -3.4e+38 -3.4e+38 -3.4e+38 -3.4e+38 -3.4e+38 -3.4e+38 -3.4e+38 -3.4e+38 -3.4e+38 -3.4e+38 -3.4e+38 -3.4e+38 -3.4e+38 -3.4e+38 -3.4e+38 -3.4e+38 -3.4e+38 -3.4e+38 -3.4e+38 -3.4e+38 -3.4e+38 -3.4e+38 -3.4e+38 -3.4e+38 -3.4e+38 -3.4e+38 -3.4e+38 -3.4e+38 -3.4e+38 -3.4e+38 -3.4e+38 -3.4e+38 -3.4e+38 -3.4e+38 -3.4e+38 -3.4e+38 -3.4e+38 -3.4e+38 -3.4e+38
-3.4e+38 -3.4e+38 -3.4e+38 -3.4e+38 -3.4e+38 -3.4e+38 -3.4e+38 -3.4e+38 -3.4e+38 -3.4e+38 -3.4e+38 -3.4e+38 -3.4e+38 -3.4e+38 -3.4e+38 -3.4e+38 -3.4e+38 -3.4e+38 -3.4e+38 -3.4e+38 -3.4e+38 -3.4e+38 -3.4e+38 -3.4e+38 -3.4e+38 -3.4e+38 -3.4e+38 -3.4e+38 -3.4e+38 -3.4e+38 -3.4e+38 -3.4e+38 -3.4e+38 -3.4e+38 -3.4e+38 -3.4e+38 -3.4e+38 -3.4e+38 -3.4e+38 -3.4e+38 -3.4e+38 -3.4e+38 -3.4e+38 -3.4e+38 -3.4e+38 -3.4e+38 -3.4e+38
-3.4e+38 -3.4e+38 -3.4e+38 -3.4e+38 -3.4e+38 -3.4e+38 -3.4e+38 -3.4e+38 -3.4e+38 -3.4e+38 -3.4e+38 -3.4e+38 -3.4e+38 -3.4e+38 -3.4e+38 -3.4e+38 -3.4e+38 -3.4e+38 -3.4e+38 -3.4e+38 -3.4e+38 -3.4e+38 -3.4e+38 -3.4e+38 -3.4e+38 -3.4e+38 -3.4e+38 -3.4e+38 -3.4e+38 -3.4e+38 -3.4e+38 -3.4e+38 -3.4e+38 -3.4e+38 -3.4e+38 -3.4e+38 -3.4e+38 -3.4e+38 -3.4e+38 -3.4e+38 -3.4e+38 -3.4e+38 -3.4e+38 -3.4e+38 -3.4e+38 -3.4e+38 -3.4e+38
-3.4e+38 -3.4e+38 -3.4e+38 -3.4e+38 -3.4e+38 -3.4e+38 -3.4e+38 -3.4e+38 -3.4e+38 -3.4e+38 -3.4e+38 -3.4e+38 -3.4e+38 -3.4e+38 -3.4e+38 -3.4e+38 -3.4e+38 -3.4e+38 -3.4e+38 -3.4e+38 -3.4e+38 -3.4e+38 -3.4e+38 -3.4e+38 -3.4e+38 -3.4e+38 -3.4e+38 103.328750610352 108.096092224121 -3.4e+38 -3.4e+38 -3.4e+38 -3.4e+38 -3.4e+38 191.671401977539 157.757415771484 -3.4e+38 27.5594463348389 129.378875732422 181.046463012695 154.747665405273 -3.4e+38 -3.4e+38 -3.4e+38 -3.4e+38 -3.4e+38 -3.4e+38
-3.4e+38 -3.4e+38 -3.4e+38 -3.4e+38 -3.4e+38 -3.4e+38 -3.4e+38 -3.4e+38 -3.4e+38 -3.4e+38 121.146087646484 102.111053466797 -3.4e+38 -3.4e+38 -3.4e+38 -3.4e+38 -3.4e+38 -3.4e+38 -3.4e+38 157.914047241211 163.798629760742 150.419631958008 130.633285522461 122.419395446777 122.16529083252 128.936889648438 114.992576599121 111.241271972656 127.091110229492 -3.4e+38 -3.4e+38 -3.4e+38 57.3981552124023 96.8544692993164 133.986190795898 109.123138427734 35.5661468505859 31.9439830780029 94.1958389282227 138.880477905273 119.683822631836 88.828010559082 -3.4e+38 -3.4e+38 -3.4e+38 -3.4e+38 -3.4e+38
-3.4e+38 -3.4e+38 -3.4e+38 -3.4e+38 -3.4e+38 -3.4e+38 -3.4e+38 -3.4e+38 -3.4e+38 -3.4e+38 111.02693939209 103.139625549316 93.1973571777344 94.0425720214844 -3.4e+38 -3.4e+38 -3.4e+38 137.615921020508 138.74592590332 138.096405029297 128.955718994141 126.305679321289 125.769493103027 117.257690429688 117.430297851562 120.937660217285 111.582572937012 110.38395690918 112.069816589355 114.259742736816 76.6286849975586 82.376106262207 69.8852386474609 53.8199996948242 34.4822998046875 30.151180267334 28.8822040557861 29.4051818847656 31.9129009246826 39.101203918457 36.665096282959 39.3858795166016 46.3574447631836 46.5914573669434 -3.4e+38 -3.4e+38 -3.4e+38
-3.4e+38 -3.4e+38 -3.4e+38 -3.4e+38 -3.4e+38 -3.4e+38 -3.4e+38 -3.4e+38 -3.4e+38 104.628433227539 103.198684692383 106.414649963379 106.038955688477 91.7943954467773 -3.4e+38 -3.4e+38 -3.4e+38 133.975845336914 129.368026733398 112.368423461914 99.4669342041016 94.0182418823242 93.4684982299805 93.4409255981445 97.1004257202148 97.0568466186523 93.0393981933594 88.9656219482422 79.6291275024414 70.0740509033203 63.0282974243164 48.1621971130371 41.5515747070312 37.1814575195312 26.8959407806396 24.5694942474365 22.1172275543213 21.8003120422363 23.9491958618164 26.2998886108398 28.2256927490234 28.7136459350586 33.7935409545898 42.3454551696777 54.2271347045898 53.956859588623 -3.4e+38
-3.4e+38 -3.4e+38 -3.4e+38 -3.4e+38 -3.4e+38 -3.4e+38 -3.4e+38 -3.4e+38 -3.4e+38 -3.4e+38 -3.4e+38 -3.4e+38 -3.4e+38 -3.4e+38 -3.4e+38 -3.4e+38 -3.4e+38 137.142288208008 136.673645019531 118.043182373047 102.13355255127 96.605583190918 86.2180328369141 83.1621322631836 84.2239685058594 81.7162399291992 79.5639038085938 76.1731262207031 69.4817733764648 58.6947059631348 43.4959373474121 33.6978416442871 29.0495414733887 26.9806575775146 24.3738231658936 22.8429927825928 21.3174419403076 20.8986415863037 21.8676738739014 23.0055503845215 23.832067489624 26.0261516571045 28.537691116333 34.5082550048828 42.777286529541 48.85205078125 60.8341255187988
-3.4e+38 -3.4e+38 -3.4e+38 -3.4e+38 -3.4e+38 -3.4e+38 -3.4e+38 -3.4e+38 -3.4e+38 -3.4e+38 -3.4e+38 -3.4e+38 -3.4e+38 -3.4e+38 -3.4e+38 -3.4e+38 -3.4e+38 137.224029541016 119.077842712402 119.095245361328 104.63809967041 98.6387939453125 81.6198425292969 73.1320114135742 72.8022994995117 70.577751159668 68.4891052246094 63.446346282959 56.9656410217285 40.6139945983887 28.3534374237061 25.4371738433838 25.5138263702393 23.7259140014648 21.280704498291 20.9868850708008 20.2971973419189 20.4820575714111 21.2876720428467 21.5000381469727 22.0246982574463 23.1694984436035 27.4360656738281 33.6215934753418 39.3658752441406 42.8187637329102 54.9610710144043
-3.4e+38 -3.4e+38 -3.4e+38 -3.4e+38 -3.4e+38 -3.4e+38 -3.4e+38 -3.4e+38 -3.4e+38 -3.4e+38 -3.4e+38 -3.4e+38 -3.4e+38 -3.4e+38 -3.4e+38 -3.4e+38 161.510391235352 135.245529174805 118.612731933594 115.50138092041 106.064315795898 91.5580291748047 79.9699020385742 69.486701965332 66.0324401855469 66.4431228637695 58.6021842956543 54.4363670349121 44.4280891418457 30.6730575561523 25.8169860839844 23.6803035736084 22.5745544433594 21.2320346832275 20.5696620941162 20.6620349884033 20.4101219177246 20.3375358581543 20.5163650512695 20.7881965637207 21.0014152526855 22.3395862579346 26.0369892120361 31.284158706665 39.0064010620117 42.4430656433105 48.6757202148438
-3.4e+38 -3.4e+38 -3.4e+38 -3.4e+38 -3.4e+38 -3.4e+38 -3.4e+38 -3.4e+38 -3.4e+38 -3.4e+38 -3.4e+38 -3.4e+38 -3.4e+38 -3.4e+38 -3.4e+38 -3.4e+38 154.366088867188 105.597450256348 108.904273986816 106.140113830566 95.3778610229492 95.8561096191406 87.1604843139648 74.7936019897461 66.849006652832 54.2083435058594 43.7058982849121 40.4950561523438 33.1828155517578 27.7171783447266 25.3797931671143 22.5815467834473 21.2637767791748 20.893383026123 20.5844345092773 20.5495681762695 20.5715847015381 20.3060550689697 20.2864017486572 20.0202217102051 20.3309459686279 21.6131381988525 23.5396537780762 27.0593872070312 36.1026344299316 42.231517791748 47.8529739379883
86.065055847168 -3.4e+38 -3.4e+38 -3.4e+38 -3.4e+38 -3.4e+38 -3.4e+38 -3.4e+38 -3.4e+38 -3.4e+38 -3.4e+38 -3.4e+38 -3.4e+38 151.061660766602 150.199264526367 -3.4e+38 -3.4e+38 90.6522598266602 104.728477478027 91.178108215332 90.3779678344727 91.2853698730469 90.0225143432617 76.4977111816406 66.8636856079102 53.4247245788574 38.4243545532227 30.4236602783203 27.2470149993896 25.4517230987549 23.908411026001 21.1511516571045 20.5261573791504 20.6234683990479 20.4703121185303 20.7245941162109 20.6911792755127 20.3599300384521 20.3949661254883 20.1311893463135 20.275899887085 20.93381690979 21.7806186676025 24.2263202667236 28.4338455200195 38.574462890625 47.2600555419922
88.0605316162109 98.2172470092773 -3.4e+38 -3.4e+38 -3.4e+38 -3.4e+38 -3.4e+38 -3.4e+38 126.324394226074 108.24097442627 111.804725646973 205.125518798828 222.596435546875 127.681022644043 122.844993591309 107.667831420898 -3.4e+38 -3.4e+38 -3.4e+38 88.6577835083008 85.918212890625 82.6151657104492 78.42578125 67.9677352905273 55.1104431152344 49.5538215637207 41.326171875 30.6019630432129 25.4056224822998 22.9417419433594 21.5950946807861 20.1703681945801 20.2979183197021 20.3494739532471 20.2240772247314 20.4691314697266 20.5012950897217 20.574010848999 20.6247215270996 20.5927028656006 20.4045677185059 20.5071620941162 20.4675350189209 21.9543018341064 24.5244884490967 27.2064571380615 31.8256435394287
96.7604217529297 99.8451156616211 109.280456542969 100.431365966797 105.398788452148 124.148750305176 121.464431762695 138.251876831055 128.69157409668 120.936309814453 111.374603271484 117.38240814209 108.254936218262 89.5232315063477 89.2358169555664 83.3742141723633 77.6072311401367 77.6504898071289 -3.4e+38 73.5552978515625 82.2922515869141 72.0251846313477 77.162971496582 60.8430671691895 44.9492073059082 43.1464309692383 39.0669746398926 34.3581008911133 25.8713302612305 21.8941669464111 20.6010227203369 20.2375907897949 20.3570079803467 20.3007907867432 20.0511016845703 19.7531032562256 19.9691047668457 20.3288898468018 20.4500198364258 20.3323345184326 20.1199436187744 20.1103382110596 20.1393585205078 20.3764629364014 20.8635215759277 21.5088558197021 21.675666809082
101.651466369629 99.3085784912109 105.627601623535 106.053398132324 109.726921081543 112.912055969238 110.787300109863 117.843902587891 105.469169616699 101.456382751465 100.497741699219 99.0023193359375 94.0567398071289 93.6152114868164 93.5109634399414 95.9261093139648 101.454071044922 180.302062988281 -3.4e+38 74.5456161499023 101.577346801758 90.1970901489258 60.2592277526855 48.484748840332 43.7520790100098 40.9301834106445 36.0319786071777 30.3274421691895 25.506929397583 21.3995800018311 19.8693790435791 20.0858898162842 20.1436862945557 19.7350215911865 19.6541881561279 19.5387744903564 19.8338642120361 19.6357765197754 19.758243560791 19.7413330078125 19.9995250701904 19.8509521484375 19.8385143280029 19.9178943634033 19.9820384979248 19.8011894226074 20.3255252838135
93.3444671630859 95.5768127441406 100.864326477051 104.232566833496 104.130561828613 107.501197814941 106.914169311523 106.600578308105 101.573844909668 96.6802749633789 92.1974487304688 91.1221542358398 92.2255935668945 97.122314453125 101.287010192871 106.154724121094 117.80835723877 102.32502746582 108.363098144531 97.5141296386719 89.2982864379883 67.7877426147461 54.4143524169922 44.5011329650879 40.124813079834 34.241527557373 27.6626205444336 28.4589862823486 25.0910987854004 21.5086822509766 20.0290374755859 19.9737529754639 19.9945774078369 19.7140083312988 19.4457416534424 19.3640766143799 19.5529117584229 19.3424701690674 19.3610095977783 19.3721961975098 19.6230297088623 19.6430702209473 19.7879276275635 19.5496234893799 19.1507110595703 19.530933380127 19.9203586578369
86.9455795288086 89.0800476074219 89.4704284667969 92.4687805175781 96.4047164916992 91.2666397094727 88.1930236816406 90.2277297973633 95.5411605834961 98.7455444335938 95.4126815795898 90.3377914428711 93.4677581787109 94.5342330932617 94.9100646972656 106.697143554688 100.073280334473 85.5280380249023 102.23291015625 95.7276992797852 83.0924224853516 62.9354782104492 53.6601524353027 39.3535652160645 35.4474563598633 32.7477798461914 24.2742691040039 23.6851215362549 24.1929187774658 21.6334629058838 20.3725662231445 20.1713600158691 19.5971031188965 19.8029537200928 20.2255992889404 19.9737167358398 19.8085289001465 19.5883159637451 19.3906192779541 19.3750858306885 19.3653793334961 19.6354885101318 19.6353435516357 18.918004989624 18.9101543426514 18.8740539550781 19.3025398254395
79.4337692260742 82.5410537719727 85.6939926147461 86.4399261474609 95.3290252685547 89.2967910766602 84.9233779907227 93.4444122314453 95.3328628540039 91.7829513549805 86.5818405151367 87.1058197021484 95.1290283203125 93.4569473266602 93.2210083007812 101.055809020996 98.5168914794922 88.240364074707 83.0646133422852 84.8181838989258 65.9406280517578 48.2844200134277 43.1240921020508 36.6398963928223 38.5680046081543 31.9865589141846 23.6504764556885 22.2835445404053 21.4585609436035 20.9956665039062 20.1695575714111 19.9250354766846 19.7848796844482 20.3384952545166 20.1727924346924 19.6090068817139 19.8670234680176 19.9107894897461 19.300666809082 19.3265018463135 19.223180770874 19.2262573242188 19.3648166656494 18.906982421875 18.9452056884766 19.0867557525635 19.2454681396484
81.4044876098633 89.2880554199219 88.8758163452148 81.8549575805664 86.632682800293 86.8484191894531 88.105827331543 96.1151809692383 89.6581115722656 86.6296539306641 81.9284820556641 86.7852554321289 99.5106964111328 95.1569747924805 88.304313659668 91.8136444091797 87.3779907226562 83.1320495605469 73.369514465332 65.0302734375 49.9743003845215 40.5546493530273 35.2712593078613 34.7258987426758 29.9035682678223 28.6410236358643 23.2615566253662 22.4644336700439 22.5958709716797 21.5982551574707 20.1934757232666 20.1955718994141 21.0012245178223 20.6462650299072 19.8785343170166 19.0699348449707 19.4027938842773 19.9237213134766 19.6368942260742 19.6383304595947 19.339879989624 18.9560050964355 18.8328399658203 18.7741813659668 19.0479736328125 18.8403930664062 19.1232032775879
62.7386054992676 83.4075698852539 86.909553527832 84.969123840332 83.8874206542969 82.6948013305664 87.6782608032227 91.1017227172852 86.3838729858398 76.8043670654297 78.9013595581055 92.5011596679688 97.5170135498047 90.7825393676758 83.5229873657227 74.9988403320312 74.0358200073242 69.7873306274414 47.6083602905273 37.6352691650391 29.6243057250977 26.1168994903564 29.4185733795166 28.3876152038574 27.0686225891113 26.1382217407227 23.6187343597412 21.3842964172363 21.6992492675781 21.7066631317139 20.3309078216553 19.9978370666504 20.4695949554443 20.3623237609863 19.9538021087646 20.1299648284912 20.024471282959 19.9252414703369 19.7691421508789 19.9287815093994 19.4704151153564 19.2448291778564 18.7658405303955 18.4794178009033 18.5789661407471 19.0259857177734 19.2266712188721
65.5050430297852 84.9513549804688 89.8285522460938 85.0676803588867 84.4126892089844 87.5523910522461 91.3940277099609 87.4400024414062 86.1611785888672 73.0166320800781 73.6071624755859 82.7914276123047 87.7392807006836 85.3470687866211 72.0800323486328 62.9891014099121 58.1506004333496 56.7707290649414 49.3733711242676 38.6610908508301 24.2389736175537 21.3151359558105 24.6100368499756 26.571268081665 25.9134864807129 24.8920402526855 22.6326465606689 20.2510204315186 20.7828521728516 21.6968421936035 20.5042152404785 19.886890411377 19.8286743164062 20.091100692749 20.2166919708252 20.3599853515625 19.9986972808838 19.8312587738037 20.0584812164307 20.3291835784912 20.3225517272949 19.9601974487305 19.0295925140381 18.5319194793701 18.6026554107666 18.8079490661621 18.861852645874
