Ecospace-environmental-drivers/Outputs/ASCII-for-ecospace/ChlA/ChlA_X2013.05.asc
NCOLS 131 
NROWS 53 
XLLCORNER -98 
YLLCORNER 23.9265270233154 
CELLSIZE 0.133587792515755 
NODATA_value -3.4e+38 
[rows 21 to 41 of 53, columns 0 to 46 of 131]
-3.4e+38 -3.4e+38 -3.4e+38 -3.4e+38 -3.4e+38 -3.4e+38 -3.4e+38 -3.4e+38 -3.4e+38 11.0770826339722 11.1189823150635 10.9832448959351 10.6848306655884 10.1463356018066 9.07812213897705 7.93563175201416 9.18063926696777 9.80287933349609 8.76085567474365 6.31098031997681 4.64601469039917 4.80068683624268 2.91960287094116 2.23345875740051 1.96812152862549 6.20682287216187 6.60390615463257 6.63927316665649 5.98216104507446 5.29546499252319 6.07338905334473 5.53679752349854 6.27550220489502 6.02062273025513 6.24946212768555 6.82419967651367 8.88126659393311 9.06644916534424 8.74462509155273 8.46157360076904 8.43098545074463 8.47601985931396 8.05893135070801 7.9660210609436 7.77835655212402 7.63588857650757 7.87419271469116
-3.4e+38 -3.4e+38 -3.4e+38 -3.4e+38 -3.4e+38 -3.4e+38 -3.4e+38 -3.4e+38 11.1445903778076 11.3233976364136 12.0271129608154 10.5952997207642 8.82229709625244 7.96511650085449 6.94368457794189 8.32467746734619 9.209641456604 7.81655311584473 7.00523519515991 6.28399658203125 4.85577249526978 4.63156843185425 3.78601622581482 3.72816324234009 3.12643504142761 -3.4e+38 6.4147310256958 4.89872312545776 5.95926284790039 4.68688344955444 5.1792516708374 5.52017641067505 5.99232006072998 5.80812501907349 6.00865602493286 7.63652515411377 9.23094940185547 9.13167095184326 8.92284107208252 8.27350902557373 8.08383178710938 8.36261367797852 7.99540662765503 8.06653499603271 7.82714414596558 7.75807809829712 7.79724359512329
-3.4e+38 -3.4e+38 -3.4e+38 -3.4e+38 -3.4e+38 -3.4e+38 -3.4e+38 7.23475742340088 12.0712938308716 11.1920557022095 10.7357654571533 10.1074676513672 7.62539672851562 6.57801914215088 4.9842324256897 5.29087352752686 8.76196002960205 8.66905403137207 7.54960966110229 6.14566659927368 5.12806797027588 4.68936538696289 3.09618878364563 3.16916680335999 3.29473376274109 2.84150648117065 1.81604409217834 6.52579069137573 6.68446350097656 5.63206577301025 3.74361157417297 6.65697717666626 4.78831434249878 3.8320140838623 6.1601128578186 9.09858798980713 9.27623271942139 8.93935203552246 9.17171955108643 8.66408634185791 8.17003440856934 8.30264186859131 8.13156318664551 7.80609130859375 7.88077878952026 7.91675567626953 7.44074392318726
-3.4e+38 -3.4e+38 -3.4e+38 -3.4e+38 -3.4e+38 -3.4e+38 9.49203586578369 11.3545551300049 12.3719749450684 9.60474681854248 8.50963401794434 7.43797063827515 6.7091007232666 7.00351905822754 5.9216570854187 4.82755851745605 6.0542688369751 8.09264183044434 6.77507162094116 5.79928064346313 4.99942302703857 4.06641483306885 4.51628494262695 3.23300194740295 2.17290616035461 3.45812225341797 7.38286304473877 6.15843057632446 5.1435546875 5.72462463378906 5.34233093261719 2.61531925201416 3.65152144432068 5.51907539367676 8.83618545532227 9.10262966156006 8.89667224884033 8.61396026611328 8.36070537567139 8.56221294403076 8.07433986663818 8.30984878540039 8.15135192871094 7.87998962402344 7.90265703201294 7.71756744384766 7.79731035232544
-3.4e+38 -3.4e+38 -3.4e+38 -3.4e+38 -3.4e+38 10.7501277923584 13.4602947235107 13.346736907959 9.98086071014404 8.62942028045654 6.82330513000488 5.95825576782227 5.76089382171631 5.7852029800415 5.19628047943115 6.137122631073 5.89377641677856 5.48882865905762 6.13632774353027 5.5507345199585 4.53716373443604 4.08728742599487 4.39953184127808 3.05474019050598 3.7453510761261 3.11294150352478 4.56271886825562 6.60455083847046 5.78134155273438 5.45244312286377 5.03212594985962 5.33432197570801 4.65511083602905 7.70339775085449 8.60113525390625 8.90630340576172 8.70204734802246 8.07149219512939 7.63769102096558 7.79480314254761 7.86175584793091 8.42352962493896 8.30398368835449 8.07614803314209 8.21426582336426 8.37250709533691 8.38546276092529
-3.4e+38 -3.4e+38 -3.4e+38 -3.4e+38 -3.4e+38 11.7060480117798 15.0992488861084 10.5307397842407 9.1239185333252 8.33051872253418 7.59392023086548 6.20707225799561 6.75310659408569 5.82863473892212 5.00395822525024 5.67427492141724 5.40277433395386 4.26101207733154 6.17625284194946 4.84810733795166 4.56975555419922 4.15639209747314 3.85018706321716 2.99720668792725 3.51625204086304 3.43710112571716 4.01321458816528 7.14740085601807 6.89855003356934 6.48878860473633 5.55617046356201 5.06859159469604 7.10023021697998 8.59381103515625 8.63336849212646 8.72775840759277 9.57019138336182 8.90977191925049 8.17912673950195 8.00594997406006 8.69794750213623 9.01762199401855 8.40790462493896 8.42537403106689 8.55028247833252 8.81689357757568 8.64852046966553
-3.4e+38 -3.4e+38 -3.4e+38 -3.4e+38 -3.4e+38 16.9182395935059 13.4282112121582 9.24411010742188 7.51594066619873 7.84067678451538 6.6723313331604 7.12882661819458 7.14820718765259 7.15348434448242 6.34330415725708 5.74530935287476 4.57426071166992 4.03165245056152 4.45574760437012 -3.4e+38 -3.4e+38 4.26080989837646 7.72732973098755 5.38499212265015 4.50093698501587 5.22976922988892 6.96709585189819 8.6078405380249 7.2135124206543 7.20954942703247 6.3305025100708 4.90086555480957 6.79352951049805 8.11128711700439 8.28494358062744 8.79962539672852 9.05114650726318 8.76552200317383 8.25217247009277 8.46996784210205 8.94022941589355 8.81283760070801 9.01020336151123 9.03676986694336 8.84286308288574 8.92212677001953 8.60576248168945
-339999999999999996128486808808066248288.000000000000000 -3.4e+38 -3.4e+38 -3.4e+38 -3.4e+38 15.3740997314453 11.6818714141846 9.58519840240479 8.73972415924072 8.32440757751465 6.61484289169312 6.8535737991333 6.89335870742798 7.42698526382446 7.33562135696411 5.31871938705444 3.46679258346558 4.45515251159668 5.27921772003174 -3.4e+38 -3.4e+38 -3.4e+38 8.03316497802734 7.23101806640625 6.73640632629395 6.23705911636353 5.44988536834717 7.95929431915283 7.4116382598877 7.29984426498413 6.78234577178955 6.02855920791626 6.53970670700073 8.08930587768555 8.99098014831543 8.96724224090576 8.98740386962891 8.75721836090088 8.27020740509033 8.36361694335938 8.37068367004395 8.39832878112793 9.33253574371338 9.99559020996094 9.66738986968994 9.41689872741699 8.86153888702393
-3.4e+38 -3.4e+38 -3.4e+38 -3.4e+38 -3.4e+38 14.1471004486084 11.1445693969727 9.14272499084473 8.70823001861572 7.34018278121948 7.18825531005859 7.03132343292236 7.08228349685669 8.00278568267822 7.85199069976807 6.96352958679199 6.37223672866821 5.49894237518311 6.72378492355347 -3.4e+38 -3.4e+38 -3.4e+38 -3.4e+38 5.94160747528076 5.22029399871826 5.10588026046753 -3.4e+38 8.89395332336426 8.95675849914551 8.02542972564697 7.31560134887695 6.73846769332886 6.91575336456299 8.01016139984131 9.85337162017822 9.52819347381592 9.32845401763916 8.89706039428711 8.52946186065674 8.79713249206543 8.75251007080078 8.72103500366211 9.30800342559814 9.79850101470947 10.1684598922729 9.30456256866455 8.76417636871338
-3.4e+38 -3.4e+38 -3.4e+38 -3.4e+38 17.4747009277344 15.3276920318604 11.3588743209839 9.6540699005127 9.18065071105957 6.15512228012085 5.55117177963257 6.76002359390259 6.31560468673706 7.11878490447998 7.12403202056885 6.99063014984131 6.78628730773926 6.03547859191895 4.63303709030151 5.32849550247192 -3.4e+38 7.68101835250854 7.09203481674194 5.89146184921265 -3.4e+38 -3.4e+38 -3.4e+38 9.33183860778809 8.77161693572998 7.90855693817139 7.45661926269531 6.86960697174072 7.04386234283447 8.39616870880127 9.65790176391602 9.43739414215088 9.00067329406738 9.15584659576416 9.20732975006104 9.42395877838135 9.32986164093018 9.04936027526855 9.22209548950195 9.26085186004639 9.60541439056396 9.02608013153076 9.12299156188965
-3.4e+38 -3.4e+38 -3.4e+38 -3.4e+38 -3.4e+38 15.4946060180664 11.8168172836304 9.77930068969727 8.77880764007568 6.96218109130859 6.13321924209595 6.46957969665527 5.56995344161987 5.40759325027466 5.74613475799561 6.52715444564819 7.68903493881226 6.7299280166626 6.38548278808594 -3.4e+38 -3.4e+38 9.2840461730957 8.08879280090332 8.3356294631958 -3.4e+38 8.9535665512085 -3.4e+38 5.70613241195679 7.31648540496826 7.43765258789062 7.4178900718689 6.61127614974976 6.44830083847046 7.12814569473267 8.82595062255859 9.44912052154541 9.35992622375488 9.70328807830811 10.0049514770508 9.25646495819092 9.38942241668701 9.2679443359375 9.62409687042236 9.55937671661377 9.38710975646973 8.80263519287109 8.93703079223633
-3.4e+38 -3.4e+38 -3.4e+38 -3.4e+38 -3.4e+38 16.6774940490723 12.388355255127 10.4699745178223 9.01610851287842 7.03144931793213 6.47807359695435 6.65675115585327 6.56931495666504 6.26946783065796 4.63227128982544 5.82302379608154 8.17763423919678 8.63307952880859 7.46774244308472 8.07277679443359 -3.4e+38 10.4098320007324 9.50069332122803 9.97337627410889 7.79983186721802 7.26220369338989 6.15913867950439 5.86833429336548 5.46335887908936 5.52208280563354 5.68001985549927 6.66561985015869 6.64409303665161 6.81821584701538 8.64058017730713 8.91572284698486 9.5894660949707 10.3614988327026 10.0723171234131 9.46236801147461 9.34270477294922 9.40508842468262 9.20502281188965 9.40807342529297 9.49851512908936 9.27919387817383 8.96020603179932
-3.4e+38 -3.4e+38 -3.4e+38 -3.4e+38 -3.4e+38 14.7454319000244 12.6296472549438 10.3612670898438 8.86494636535645 7.54599952697754 7.05601167678833 7.06017732620239 6.97927904129028 6.440110206604 6.45872831344604 7.37930297851562 8.32297325134277 8.46682643890381 8.16389083862305 8.29135704040527 8.06435203552246 7.69523096084595 9.15723419189453 10.0075244903564 9.44661235809326 6.18064641952515 6.94602680206299 5.55306243896484 4.33572626113892 6.06153059005737 6.25309705734253 6.68014287948608 6.35688400268555 6.59951210021973 7.98030281066895 8.93281745910645 9.61469173431396 10.0354681015015 9.84012985229492 9.57338905334473 9.62470817565918 9.76341247558594 9.03825283050537 9.42991352081299 9.35358619689941 9.0784740447998 9.23731994628906
-3.4e+38 -3.4e+38 -3.4e+38 -3.4e+38 -3.4e+38 14.72105884552 12.6962871551514 10.4195032119751 9.17530918121338 8.69304370880127 8.18007659912109 7.32508087158203 6.60525226593018 6.4345850944519 6.74503326416016 6.70028066635132 8.13096141815186 8.86985301971436 8.57050514221191 7.72050714492798 7.7525954246521 7.66696357727051 9.05277919769287 10.3308849334717 9.93866157531738 7.07024240493774 8.55396556854248 6.45178651809692 5.91102933883667 7.77370738983154 7.47928476333618 5.937415599823 6.30085515975952 7.00681781768799 8.37191200256348 9.09128284454346 9.69527721405029 10.680926322937 10.7789506912231 10.384955406189 9.81498432159424 9.3873987197876 8.8694896697998 9.20361709594727 9.43496417999268 9.27078151702881 9.5109920501709
-3.4e+38 -3.4e+38 -3.4e+38 -3.4e+38 -3.4e+38 -3.4e+38 13.2362356185913 10.9734210968018 9.34273529052734 9.03794956207275 8.44798564910889 6.97346544265747 6.78030443191528 6.24072170257568 5.70486259460449 5.8121542930603 6.81810712814331 7.51882839202881 7.66567182540894 7.49608850479126 6.76538133621216 6.62189102172852 -3.4e+38 -3.4e+38 -3.4e+38 6.91252326965332 6.90689277648926 8.99132347106934 8.32113456726074 8.06052589416504 7.44326448440552 6.85898065567017 6.36422443389893 7.38507556915283 8.54437923431396 9.59931659698486 10.1761598587036 10.4967679977417 10.4270420074463 9.43087959289551 9.35576725006104 9.40031242370605 9.77179336547852 9.99332237243652 9.67928218841553 9.76837062835693 9.7203426361084
-3.4e+38 -3.4e+38 -3.4e+38 -3.4e+38 -3.4e+38 -3.4e+38 11.6236820220947 10.9626893997192 9.78172302246094 9.43229961395264 10.1685104370117 9.63890647888184 6.98056554794312 7.12326860427856 6.17069959640503 7.10897874832153 5.88362884521484 6.28541135787964 6.6481990814209 4.19162225723267 6.16202306747437 -3.4e+38 -3.4e+38 -3.4e+38 -3.4e+38 -3.4e+38 9.09039974212646 9.9179515838623 8.92961120605469 9.57366275787354 7.49988317489624 5.94471549987793 6.36431407928467 7.33492374420166 8.51590251922607 9.45324325561523 10.3443450927734 10.6889066696167 10.5160760879517 9.9546537399292 9.77501487731934 9.4154577255249 9.61852073669434 9.94776153564453 9.92800235748291 10.1159629821777 9.86719417572021
-3.4e+38 -3.4e+38 -3.4e+38 -3.4e+38 -3.4e+38 -3.4e+38 -3.4e+38 11.5941953659058 9.66532135009766 8.86057949066162 8.57309150695801 9.24710655212402 7.35753345489502 6.970055103302 5.71800899505615 5.74960088729858 5.22759342193604 7.43267679214478 5.37930250167847 2.91575932502747 -3.4e+38 -3.4e+38 -3.4e+38 8.77808284759521 7.95709562301636 -3.4e+38 -3.4e+38 9.98996829986572 9.44166278839111 8.25496482849121 8.20334529876709 6.21457576751709 5.12323474884033 5.64367008209229 6.32015419006348 5.80334377288818 7.73198223114014 8.30397129058838 7.52254104614258 10.3016386032104 10.4792366027832 9.90169715881348 9.62594032287598 10.0777397155762 10.1060943603516 10.1738386154175 9.79342460632324
-3.4e+38 -3.4e+38 -3.4e+38 -3.4e+38 -3.4e+38 -3.4e+38 -3.4e+38 11.83580493927 7.95794868469238 7.76793432235718 7.86264181137085 8.10492706298828 -3.4e+38 -3.4e+38 -3.4e+38 7.06749629974365 -3.4e+38 8.79019832611084 9.09786415100098 -3.4e+38 -3.4e+38 -3.4e+38 9.49186706542969 9.59476280212402 8.75392246246338 -3.4e+38 -3.4e+38 8.83396530151367 9.72480773925781 9.85590744018555 8.23569965362549 3.87136888504028 5.03914403915405 3.04649424552917 3.9998733997345 4.08973407745361 4.05599403381348 3.56210947036743 5.59116649627686 6.92151117324829 8.38639068603516 9.96424770355225 9.70217895507812 9.36173534393311 10.2193193435669 10.2694473266602 9.62264251708984
-3.4e+38 -3.4e+38 -3.4e+38 -3.4e+38 -3.4e+38 -3.4e+38 14.8288450241089 11.3180494308472 8.70344543457031 7.79890918731689 7.40069675445557 8.300705909729 -3.4e+38 -3.4e+38 -3.4e+38 8.57490158081055 5.82988023757935 -3.4e+38 -3.4e+38 -3.4e+38 -3.4e+38 -3.4e+38 -3.4e+38 -3.4e+38 -3.4e+38 -3.4e+38 -3.4e+38 10.3075017929077 10.0360116958618 8.66161346435547 8.19194984436035 5.13436841964722 6.00295877456665 6.59031820297241 5.97097587585449 5.76173877716064 4.07187271118164 4.74759435653687 6.25774145126343 6.28709506988525 6.88129949569702 7.53579187393188 8.54851627349854 8.71094799041748 9.45741748809814 10.1898727416992 9.72184562683105
-3.4e+38 -3.4e+38 -3.4e+38 -3.4e+38 -3.4e+38 -3.4e+38 11.6346855163574 10.2572288513184 8.76534366607666 8.09823036193848 8.57806015014648 8.53950119018555 8.3919563293457 -3.4e+38 -3.4e+38 -3.4e+38 -3.4e+38 -3.4e+38 -3.4e+38 -3.4e+38 -3.4e+38 -3.4e+38 -3.4e+38 -3.4e+38 -3.4e+38 8.50651550292969 10.5942420959473 9.2827615737915 9.43390941619873 9.32967281341553 8.38789939880371 7.89871597290039 6.67537403106689 6.0124044418335 6.05489253997803 6.21236610412598 5.41518926620483 6.18864059448242 6.1735725402832 6.68243885040283 7.01610040664673 7.22757339477539 6.92897367477417 7.37464761734009 8.74648189544678 9.69827747344971 9.45239543914795
-3.4e+38 -3.4e+38 -3.4e+38 -3.4e+38 -3.4e+38 11.8767728805542 11.7984504699707 9.59921646118164 8.6707067489624 8.29491710662842 8.01012802124023 7.92284774780273 7.72956085205078 8.23803997039795 -3.4e+38 -3.4e+38 -3.4e+38 -3.4e+38 -3.4e+38 -3.4e+38 -3.4e+38 -3.4e+38 -3.4e+38 -3.4e+38 10.1289529800415 8.11748218536377 11.0285921096802 9.0355281829834 8.79171276092529 9.15393924713135 8.0248441696167 7.92850160598755 6.91006183624268 5.70209121704102 5.35361576080322 6.14391708374023 6.15618515014648 6.07454347610474 5.51101016998291 6.28512144088745 6.91428565979004 6.90442943572998 6.96918916702271 7.24166440963745 7.11987829208374 8.35546970367432 9.23579120635986
