Ecospace-environmental-drivers/Outputs/ASCII-for-ecospace/ChlA/ChlA_X2005.03.asc
NCOLS 131 
NROWS 53 
XLLCORNER -98 
YLLCORNER 23.9265270233154 
CELLSIZE 0.133587792515755 
NODATA_value -3.4e+38 
[rows 0 to 20 of 53, columns 47 to 93 of 131]
-3.4e+38 -3.4e+38 -3.4e+38 -3.4e+38 -3.4e+38 -3.4e+38 -3.4e+38 -3.4e+38 -3.4e+38 -3.4e+38 -3.4e+38 -3.4e+38 -3.4e+38 -3.4e+38 -3.4e+38 -3.4e+38 -3.4e+38 -3.4e+38 -3.4e+38 -3.4e+38 -3.4e+38 -3.4e+38 -3.4e+38 -3.4e+38 -3.4e+38 -3.4e+38 -3.4e+38 -3.4e+38 -3.4e+38 -3.4e+38 -3.4e+38 -3.4e+38 -3.4e+38 -3.4e+38 -3.4e+38 -3.4e+38 -3.4e+38 -3.4e+38 -3.4e+38 -3.4e+38 -3.4e+38 -3.4e+38 -3.4e+38 -3.4e+38 -3.4e+38 -3.4e+38 -3.4e+38
-3.4e+38 -3.4e+38 -3.4e+38 -3.4e+38 -3.4e+38 -3.4e+38 -3.4e+38 -3.4e+38 -3.4e+38 -3.4e+38 -3.4e+38 -3.4e+38 -3.4e+38 -3.4e+38 -3.4e+38 -3.4e+38 -3.4e+38 -3.4e+38 -3.4e+38 -3.4e+38 -3.4e+38 -3.4e+38 -3.4e+38 -3.4e+38 -3.4e+38 -3.4e+38 -3.4e+38 -3.4e+38 -3.4e+38 -3.4e+38 -3.4e+38 -3.4e+38 -3.4e+38 -3.4e+38 -3.4e+38 -3.4e+38 -3.4e+38 -3.4e+38 -3.4e+38 -3.4e+38 -3.4e+38 -3.4e+38 -3.4e+38 -3.4e+38 -3.4e+38 -3.4e+38 -3.4e+38
-3.4e+38 -3.4e+38 -3.4e+38 -3.4e+38 -3.4e+38 -3.4e+38 -3.4e+38 -3.4e+38 -3.4e+38 -3.4e+38 -3.4e+38 -3.4e+38 -3.4e+38 -3.4e+38 -3.4e+38 -3.4e+38 -3.4e+38 -3.4e+38 -3.4e+38 -3.4e+38 -3.4e+38 -3.4e+38 -3.4e+38 -3.4e+38 -3.4e+38 -3.4e+38 -3.4e+38 -3.4e+38 -3.4e+38 -3.4e+38 -3.4e+38 -3.4e+38 -3.4e+38 -3.4e+38 -3.4e+38 -3.4e+38 -3.4e+38 -3.4e+38 -3.4e+38 -3.4e+38 -3.4e+38 -3.4e+38 -3.4e+38 -3.4e+38 -3.4e+38 -3.4e+38 -3.4e+38
-3.4e+38 -3.4e+38 -3.4e+38 -3.4e+38 -3.4e+38 -3.4e+38 -3.4e+38 -3.4e+38 -3.4e+38 -3.4e+38 -3.4e+38 -3.4e+38 -3.4e+38 -3.4e+38 -3.4e+38 -3.4e+38 -3.4e+38 -3.4e+38 -3.4e+38 -3.4e+38 -3.4e+38 -3.4e+38 -3.4e+38 -3.4e+38 -3.4e+38 -3.4e+38 -3.4e+38 23.7989749908447 23.3352966308594 -3.4e+38 -3.4e+38 -3.4e+38 -3.4e+38 -3.4e+38 15.7982501983643 -3.4e+38 -3.4e+38 -3.4e+38 -3.4e+38 13.2308759689331 11.9427642822266 -3.4e+38 -3.4e+38 -3.4e+38 -3.4e+38 -3.4e+38 -3.4e+38
-3.4e+38 -3.4e+38 -3.4e+38 -3.4e+38 -3.4e+38 -3.4e+38 -3.4e+38 -3.4e+38 -3.4e+38 -3.4e+38 -3.4e+38 22.7609920501709 -3.4e+38 -3.4e+38 -3.4e+38 -3.4e+38 -3.4e+38 -3.4e+38 -3.4e+38 17.3086414337158 18.9849128723145 20.3537979125977 -3.4e+38 -3.4e+38 -3.4e+38 14.644082069397 -3.4e+38 18.0798168182373 17.8752708435059 -3.4e+38 -3.4e+38 -3.4e+38 -3.4e+38 -3.4e+38 15.7982501983643 13.7505750656128 10.9001598358154 10.0064611434937 10.1398105621338 11.214282989502 11.221718788147 -3.4e+38 -3.4e+38 -3.4e+38 -3.4e+38 -3.4e+38 -3.4e+38
-3.4e+38 -3.4e+38 -3.4e+38 -3.4e+38 -3.4e+38 -3.4e+38 -3.4e+38 -3.4e+38 26.2111701965332 25.9427433013916 27.5816211700439 21.7468223571777 18.8410472869873 20.1103496551514 -3.4e+38 -3.4e+38 -3.4e+38 -3.4e+38 18.8527793884277 18.2453384399414 17.3098068237305 17.8286190032959 17.6685600280762 17.8489418029785 17.3582019805908 18.5169944763184 18.9858264923096 18.1872138977051 17.9001178741455 16.4322280883789 14.4813995361328 12.5521459579468 12.2310733795166 9.82437705993652 8.04086589813232 8.34390544891357 8.3355770111084 8.98731994628906 9.55437278747559 9.47591114044189 10.1563472747803 9.14823055267334 9.00886726379395 10.945107460022 -3.4e+38 -3.4e+38 -3.4e+38
-3.4e+38 -3.4e+38 -3.4e+38 -3.4e+38 -3.4e+38 -3.4e+38 -3.4e+38 -3.4e+38 -3.4e+38 33.4391555786133 28.6340103149414 22.8210563659668 20.4582500457764 23.9539337158203 -3.4e+38 24.467077255249 21.6426639556885 18.5002861022949 18.1089572906494 17.2046813964844 16.2280807495117 14.8834629058838 13.3615159988403 14.1024522781372 14.339527130127 15.1569843292236 15.5058174133301 16.1412239074707 15.5481519699097 13.9036512374878 12.7996873855591 11.8157215118408 10.3620929718018 9.04506969451904 8.51863193511963 9.37059020996094 9.91615295410156 10.4207468032837 10.1208877563477 10.4172143936157 11.3039426803589 10.9900512695312 9.96969699859619 10.795223236084 13.4694585800171 -3.4e+38 -3.4e+38
-3.4e+38 -3.4e+38 -3.4e+38 -3.4e+38 -3.4e+38 -3.4e+38 -3.4e+38 -3.4e+38 -3.4e+38 -3.4e+38 27.2039756774902 26.0358543395996 22.1340312957764 19.9076442718506 23.5529556274414 21.7574424743652 19.1115226745605 19.3706092834473 19.2947273254395 18.3463611602783 16.4119606018066 15.6005830764771 14.106559753418 13.5040483474731 13.3989086151123 13.4608993530273 14.2545108795166 13.2736406326294 13.6226186752319 13.45973777771 11.9363584518433 11.1039085388184 10.7020063400269 10.0818462371826 9.990647315979 10.1047172546387 10.1839551925659 10.2762269973755 10.3093070983887 10.9514532089233 11.3920936584473 12.335394859314 12.2440690994263 10.7205018997192 11.1113662719727 13.394172668457 12.8979454040527
-3.4e+38 -3.4e+38 -3.4e+38 -3.4e+38 -3.4e+38 -3.4e+38 -3.4e+38 -3.4e+38 -3.4e+38 -3.4e+38 -3.4e+38 -3.4e+38 -3.4e+38 -3.4e+38 -3.4e+38 20.389331817627 -3.4e+38 -3.4e+38 20.6144332885742 17.8767719268799 16.0793724060059 17.7596340179443 15.6080389022827 14.7211008071899 15.6598463058472 16.0103454589844 16.7588901519775 17.2032852172852 15.782772064209 13.0717353820801 11.4185171127319 11.057448387146 11.2670698165894 10.3917961120605 10.2210998535156 10.1211042404175 10.1671285629272 10.1190547943115 10.6540374755859 11.1159048080444 12.1245880126953 12.2905254364014 13.0830516815186 11.1807918548584 10.3456192016602 10.6752071380615 12.8460912704468
-3.4e+38 -3.4e+38 -3.4e+38 -3.4e+38 -3.4e+38 -3.4e+38 -3.4e+38 -3.4e+38 -3.4e+38 -3.4e+38 -3.4e+38 -3.4e+38 -3.4e+38 -3.4e+38 -3.4e+38 -3.4e+38 -3.4e+38 23.0905284881592 20.646032333374 18.9260120391846 20.5876636505127 18.5407447814941 16.2935028076172 16.0641784667969 17.3449020385742 18.163459777832 18.4258995056152 17.4864196777344 15.6027565002441 13.4421129226685 11.7932186126709 11.8270235061646 11.2842416763306 10.44677734375 10.1637907028198 10.6917524337769 10.4568634033203 10.3292760848999 10.7371215820312 11.2609758377075 11.7753047943115 11.965142250061 11.7604894638062 10.9898586273193 10.0873737335205 10.7444467544556 14.1137475967407
-3.4e+38 -3.4e+38 -3.4e+38 -3.4e+38 -3.4e+38 -3.4e+38 -3.4e+38 -3.4e+38 -3.4e+38 -3.4e+38 -3.4e+38 -3.4e+38 -3.4e+38 -3.4e+38 -3.4e+38 21.5954704284668 20.6513710021973 21.8836917877197 22.0745315551758 20.5735054016113 19.2763977050781 18.2855968475342 17.9421291351318 18.9682941436768 18.9119491577148 18.6858177185059 18.6562194824219 17.1661682128906 14.8949041366577 12.9615755081177 12.0046586990356 11.6285820007324 11.0490341186523 10.4194364547729 10.501293182373 10.6045656204224 10.6048059463501 10.5250568389893 10.6015319824219 10.5449819564819 10.8709211349487 10.9807891845703 11.408483505249 10.8249559402466 10.2108030319214 10.4797058105469 12.9279317855835
-3.4e+38 -3.4e+38 -3.4e+38 -3.4e+38 -3.4e+38 -3.4e+38 -3.4e+38 -3.4e+38 -3.4e+38 -3.4e+38 -3.4e+38 -3.4e+38 -3.4e+38 -3.4e+38 -3.4e+38 -3.4e+38 30.4727001190186 24.8303413391113 25.6769828796387 22.490327835083 18.7890739440918 18.05517578125 18.7095375061035 18.8539562225342 18.6438274383545 18.9815349578857 18.2613010406494 17.617057800293 15.3600416183472 13.7605962753296 12.1786947250366 11.2064123153687 10.3639154434204 10.4310522079468 10.5781240463257 10.1279249191284 10.2119359970093 10.5198593139648 10.7003173828125 10.6062269210815 10.5113515853882 10.7948894500732 10.7833395004272 10.4708375930786 10.2809944152832 10.6420097351074 11.7999391555786
31.5630855560303 36.4121017456055 -3.4e+38 -3.4e+38 -3.4e+38 -3.4e+38 -3.4e+38 -3.4e+38 18.108959197998 20.4690551757812 -3.4e+38 -3.4e+38 -3.4e+38 22.6021938323975 21.8885517120361 23.3388423919678 -3.4e+38 -3.4e+38 27.1253566741943 27.7866077423096 21.9971199035645 19.0553073883057 19.6501045227051 18.7320957183838 17.8901481628418 17.4496612548828 17.5946044921875 17.3898010253906 16.3571434020996 16.0832691192627 13.5350494384766 11.66002368927 10.6230010986328 10.500171661377 10.8196153640747 9.9600715637207 10.1629772186279 10.3536462783813 10.7138700485229 10.7800035476685 11.2951602935791 11.2753210067749 11.132981300354 10.9784440994263 11.0818223953247 11.3203096389771 11.5542030334473
23.9229145050049 24.6612949371338 25.5628108978271 24.6112937927246 23.5817565917969 24.1739864349365 22.0801486968994 31.9226398468018 24.6204853057861 20.3955593109131 21.2728996276855 -3.4e+38 23.7571678161621 21.2039585113525 21.3705673217773 21.8854732513428 24.7034969329834 -3.4e+38 -3.4e+38 27.079948425293 23.7298202514648 19.1172428131104 19.631649017334 19.504753112793 18.3813304901123 16.1497001647949 16.1948642730713 16.3151206970215 17.4271926879883 16.9966621398926 13.1986789703369 10.9179821014404 10.8693790435791 10.6859674453735 10.5754833221436 10.8474702835083 10.9801950454712 10.1264972686768 10.5852355957031 11.1173219680786 11.24973487854 11.4055633544922 11.0901412963867 11.0555858612061 11.213321685791 11.2862682342529 11.443172454834
20.621862411499 20.5082321166992 20.2130603790283 21.4263458251953 21.3761787414551 21.750940322876 20.4300594329834 20.444938659668 20.3523616790771 19.6983242034912 21.5632476806641 20.9377956390381 20.8445205688477 21.2765808105469 20.9863548278809 20.9488372802734 21.6070690155029 20.4849262237549 28.8204174041748 25.2517948150635 23.9219417572021 19.7693767547607 18.2844676971436 20.1655750274658 19.0201263427734 16.8982448577881 14.0678997039795 14.7151384353638 15.4401626586914 14.5962047576904 12.6788110733032 11.0749387741089 10.8486251831055 10.8422956466675 10.5393705368042 10.8168048858643 11.077672958374 10.6267566680908 10.7633171081543 10.5482311248779 10.4164276123047 9.80213165283203 9.77952861785889 10.1954469680786 11.1401462554932 11.3685922622681 11.3297424316406
20.2397212982178 18.8956336975098 18.6475009918213 19.6865634918213 19.6091423034668 19.4114799499512 19.278621673584 19.0757789611816 18.6928977966309 19.2403678894043 20.7465572357178 21.2900333404541 20.4077186584473 20.658260345459 21.5788326263428 22.7982273101807 23.2417984008789 23.7337760925293 23.4538154602051 23.8772258758545 20.5839729309082 17.9950199127197 17.380973815918 18.5452003479004 19.5143699645996 16.7679748535156 13.5376529693604 13.8313274383545 14.6865835189819 13.0249872207642 11.1546230316162 10.4685192108154 10.7255010604858 10.2170705795288 10.6253290176392 10.8310251235962 10.0738134384155 9.31049728393555 9.27268695831299 9.42344284057617 9.65736198425293 9.69328689575195 9.61535167694092 10.0908260345459 10.4674520492554 10.8303680419922 11.1977319717407
18.8127269744873 18.4916381835938 19.3286552429199 20.0579261779785 19.1047534942627 18.9597644805908 18.5186367034912 18.571704864502 19.0790920257568 20.2904109954834 20.6651458740234 20.461332321167 20.3878040313721 21.1332855224609 21.9991226196289 22.9250354766846 24.4806118011475 22.1966800689697 21.3275985717773 19.8133506774902 18.3449440002441 17.2345104217529 17.9270515441895 17.8960838317871 17.1976337432861 16.312671661377 14.8617668151855 14.0716428756714 12.3084325790405 11.3043212890625 10.4925670623779 10.0193653106689 9.90674686431885 9.83865451812744 10.2099952697754 10.2560749053955 9.61035537719727 9.14471912384033 9.03230953216553 9.40546417236328 9.80698204040527 10.0916242599487 9.90587329864502 9.95040225982666 9.93338680267334 10.0446834564209 10.801399230957
17.9776096343994 18.7174434661865 18.698543548584 18.632532119751 18.735445022583 18.2357521057129 18.6151218414307 18.9578304290771 19.7125148773193 19.2209072113037 18.9996566772461 19.1759872436523 18.6283531188965 19.1752681732178 20.3076190948486 20.5572834014893 21.1622524261475 19.3836994171143 18.9231262207031 17.8615379333496 17.1022605895996 17.1374397277832 16.8976669311523 17.8520565032959 18.017068862915 14.8627347946167 14.3257894515991 12.2386322021484 10.8160247802734 10.6103248596191 10.199122428894 9.34748935699463 9.47715377807617 9.59273147583008 9.36508941650391 9.20455265045166 9.14399719238281 9.3389310836792 9.51095867156982 9.70791625976562 9.9730978012085 9.64420318603516 9.99961090087891 9.64505481719971 9.56717681884766 10.337498664856 10.5574178695679
17.2734127044678 17.7849044799805 18.3932704925537 18.235652923584 18.2126197814941 18.0445880889893 18.2682342529297 18.7790451049805 19.1260738372803 17.5965614318848 16.2252521514893 17.8575325012207 17.0651760101318 17.359992980957 16.7443332672119 14.2319669723511 15.6162853240967 14.9429788589478 14.195969581604 14.1031341552734 13.3288974761963 14.527304649353 15.0738277435303 16.7555236816406 17.0514907836914 13.6548337936401 13.3448152542114 13.4039011001587 11.4771118164062 10.8604097366333 9.97981929779053 9.35127544403076 9.46621131896973 9.55036640167236 9.54529762268066 9.09392356872559 9.76492404937744 9.93408012390137 9.93111133575439 9.77887630462646 9.43462371826172 9.61994171142578 10.0148687362671 9.65428733825684 9.69335556030273 10.2787380218506 10.5787391662598
15.6721620559692 15.9991912841797 17.146951675415 17.0078525543213 17.2756690979004 16.7653942108154 16.9593887329102 17.2150096893311 16.6832809448242 15.6703443527222 14.6600303649902 14.4257726669312 14.0629978179932 14.1279220581055 12.3038711547852 11.0852890014648 10.8136396408081 9.90397357940674 9.81194019317627 10.1894044876099 10.8963432312012 12.3336763381958 14.6041631698608 14.2637510299683 15.0923652648926 13.2844886779785 13.0100536346436 14.5545234680176 12.0037384033203 10.7595176696777 10.249002456665 9.33761405944824 9.3001823425293 9.66673851013184 9.7178316116333 9.62313747406006 9.79637908935547 9.90217113494873 9.88114738464355 9.69960021972656 8.87792110443115 9.06892108917236 8.95407390594482 8.45942115783691 8.1416482925415 9.95989894866943 10.2261085510254
11.3216104507446 12.0957565307617 13.272442817688 14.6256227493286 14.2664127349854 14.2639961242676 14.9288835525513 14.5148839950562 13.7422771453857 13.6067504882812 13.33935546875 12.2000141143799 11.3590974807739 10.6448993682861 9.89820766448975 9.50046348571777 9.29152393341064 8.66129112243652 8.74910736083984 8.9616117477417 9.28127384185791 9.36494159698486 13.6019191741943 15.9712142944336 15.459698677063 11.9876184463501 12.9994792938232 13.4802465438843 12.4675264358521 10.5633983612061 10.3837928771973 9.87551116943359 9.68882083892822 9.81073093414307 10.0232725143433 9.80922317504883 9.46990966796875 9.65335464477539 10.0240659713745 8.76403427124023 9.01249217987061 8.8937931060791 8.8065357208252 8.51943969726562 8.36378860473633 8.85651683807373 9.14032173156738
