Ecospace-environmental-drivers/Outputs/ASCII-for-ecospace/ChlA/ChlA_X2020.06.asc
NCOLS 131 
NROWS 53 
XLLCORNER -98 
YLLCORNER 23.9265270233154 
CELLSIZE 0.133587792515755 
NODATA_value -3.4e+38 
[rows 21 to 41 of 53, columns 0 to 47 of 131]
-3.4e+38 -3.4e+38 -3.4e+38 -3.4e+38 -3.4e+38 -3.4e+38 -3.4e+38 -3.4e+38 -3.4e+38 13.6091003417969 12.7054147720337 9.82407760620117 9.83929252624512 10.3553867340088 11.1330604553223 11.3275108337402 10.7109832763672 10.188684463501 9.10962772369385 8.9971923828125 8.65517807006836 8.22960090637207 7.66149520874023 7.47126722335815 8.84270763397217 9.33885288238525 9.3669261932373 9.22655963897705 8.44826507568359 8.56303119659424 8.22829151153564 8.39484786987305 8.50931739807129 8.40462589263916 8.15559673309326 6.61514043807983 7.75573587417603 5.82140111923218 4.17199039459229 5.06158685684204 6.076988697052 7.08949851989746 7.47187995910645 7.97432088851929 6.95217895507812 5.97098970413208 4.52817106246948 4.8585901260376
-3.4e+38 -3.4e+38 -3.4e+38 -3.4e+38 -3.4e+38 -3.4e+38 -3.4e+38 -3.4e+38 14.2421245574951 12.9604864120483 11.1732835769653 10.179539680481 9.81527614593506 10.4574537277222 11.2127141952515 10.8622999191284 10.6069641113281 9.48818969726562 8.89481544494629 7.85424757003784 8.23491954803467 7.54796934127808 6.76301193237305 5.69217920303345 6.24089431762695 7.08203935623169 6.53414106369019 7.65421676635742 7.99379014968872 8.03878784179688 8.18730449676514 7.94960069656372 8.20510005950928 8.63178539276123 7.92480230331421 7.58078908920288 6.39361953735352 6.48657417297363 7.04649543762207 7.48315715789795 5.92071676254272 4.8545618057251 5.57422018051147 6.04113292694092 5.14753198623657 5.14305877685547 5.25853395462036 4.07608079910278
-3.4e+38 -3.4e+38 -3.4e+38 -3.4e+38 21.506721496582 22.1105804443359 -3.4e+38 14.3900470733643 12.7321901321411 11.1003866195679 10.5180931091309 9.39431762695312 9.86325550079346 10.4556722640991 10.4947080612183 10.6087532043457 10.1018648147583 9.01186370849609 8.03443908691406 5.00979852676392 6.63309860229492 6.49755096435547 3.79192996025085 5.65046977996826 5.58849048614502 6.4282283782959 6.72381925582886 5.89512634277344 7.18419790267944 7.63241004943848 7.67958545684814 7.16499137878418 8.33793640136719 8.44114875793457 8.22957229614258 7.38333225250244 6.97226285934448 6.2996997833252 6.07238292694092 6.28193759918213 5.57574510574341 6.43485069274902 6.97907066345215 6.49407863616943 4.58536720275879 3.66419291496277 -3.4e+38 -3.4e+38
-3.4e+38 -3.4e+38 -3.4e+38 -3.4e+38 -3.4e+38 22.0190143585205 14.7594051361084 12.1271095275879 10.6191282272339 11.1490278244019 11.1041536331177 9.5618314743042 10.1902837753296 10.0887680053711 10.6005973815918 10.2808380126953 9.3107271194458 8.3119535446167 6.17970132827759 8.08767223358154 7.21902561187744 7.43075370788574 6.55462026596069 4.02680397033691 6.16270303726196 4.94524669647217 5.34889793395996 7.48412036895752 6.92631864547729 6.91315269470215 7.47842741012573 6.36086654663086 7.13929557800293 8.49477958679199 8.70100212097168 8.02508449554443 6.67302131652832 5.40799808502197 7.22141790390015 4.72711515426636 4.74664115905762 3.85493683815002 6.69881296157837 7.14538335800171 5.5011248588562 2.83049345016479 -3.4e+38 -3.4e+38
-3.4e+38 -3.4e+38 -3.4e+38 -3.4e+38 -3.4e+38 13.9081697463989 12.8621988296509 10.6398134231567 10.531907081604 11.846263885498 10.8283643722534 10.3383846282959 10.4649362564087 10.4143190383911 10.4535112380981 8.36830520629883 6.80135631561279 6.44984674453735 5.45863676071167 6.78979063034058 7.48575067520142 8.23130416870117 8.06908893585205 7.74208688735962 6.99993515014648 7.07313442230225 7.56671619415283 7.84417486190796 6.3570671081543 6.07415866851807 6.7921781539917 5.97789478302002 8.21463298797607 8.16693305969238 8.45918655395508 8.15355205535889 6.65153169631958 5.80962133407593 7.88128519058228 6.49883556365967 6.70614051818848 5.28275966644287 7.17364597320557 7.58095073699951 6.00413084030151 4.99374532699585 3.63340973854065 -3.4e+38
-3.4e+38 -3.4e+38 -3.4e+38 -3.4e+38 -3.4e+38 14.6697463989258 11.6996841430664 10.322642326355 9.74627113342285 10.1724624633789 10.4715404510498 11.0395107269287 10.8182983398438 10.7636747360229 9.86997222900391 8.848464012146 7.4919056892395 6.53229808807373 8.43453025817871 7.0877537727356 7.73441886901855 8.351975440979 7.87358379364014 8.03273963928223 5.93309926986694 5.92691516876221 6.31329488754272 6.68757104873657 5.47981595993042 6.05569458007812 7.25530338287354 8.90080451965332 7.77460861206055 8.0148754119873 8.24165153503418 7.2623291015625 6.77664852142334 6.34335279464722 6.59704780578613 5.21563625335693 6.50361251831055 5.9828929901123 7.63415479660034 7.30600452423096 5.87446880340576 4.48799133300781 -3.4e+38 -3.4e+38
-3.4e+38 -3.4e+38 -3.4e+38 -3.4e+38 -3.4e+38 13.0369234085083 9.46340370178223 8.60609149932861 8.5079870223999 9.52519226074219 10.9695644378662 10.771050453186 10.6784820556641 10.4174938201904 8.84806823730469 8.89059829711914 8.89653491973877 8.93372821807861 8.2507266998291 7.85556650161743 8.55783176422119 8.21007442474365 8.34433269500732 8.00250816345215 6.74004316329956 6.66985177993774 6.04374217987061 6.60908079147339 7.28378534317017 6.37770318984985 6.84216356277466 7.59783887863159 6.37279796600342 6.19364881515503 6.96178102493286 7.33770990371704 7.84648990631104 7.058189868927 7.12253999710083 5.77884387969971 5.8482551574707 5.75659465789795 7.33622217178345 8.20065116882324 6.72103500366211 5.25187587738037 5.26134061813354 -3.4e+38
-339999999999999996128486808808066248288.000000000000000 -3.4e+38 -3.4e+38 -3.4e+38 -3.4e+38 13.1612815856934 9.8510103225708 9.59540367126465 9.10291004180908 9.28409099578857 11.153660774231 11.6388854980469 11.1763973236084 9.62624454498291 9.11712169647217 7.33484554290771 6.39123582839966 9.22140407562256 8.32595729827881 4.79791355133057 5.41869354248047 7.42850208282471 8.49895286560059 7.85924386978149 7.29753065109253 7.38699197769165 8.34904766082764 7.2650351524353 7.53983688354492 7.06248235702515 7.32298040390015 6.79959392547607 6.171950340271 7.45790004730225 7.30572652816772 7.69617605209351 7.65147113800049 7.4486837387085 8.31155586242676 6.86226367950439 6.33634757995605 5.45161533355713 6.0604567527771 6.8948450088501 7.07795381546021 5.8544807434082 4.59011363983154 3.78243780136108
-3.4e+38 -3.4e+38 -3.4e+38 -3.4e+38 13.5627489089966 11.7478342056274 8.81798934936523 9.84880352020264 9.65392112731934 9.36233425140381 11.6775331497192 11.5062227249146 10.1160459518433 9.45134162902832 8.74754524230957 8.19304656982422 8.81709480285645 8.01906585693359 8.25955295562744 7.64474964141846 8.32258701324463 9.0455846786499 8.89615154266357 8.07240581512451 7.52666568756104 7.46653938293457 8.17940998077393 8.01485061645508 8.63352680206299 8.61220455169678 7.81884145736694 4.88135290145874 7.37002038955688 7.77997207641602 8.04653358459473 7.55392360687256 7.72738075256348 7.70865345001221 8.18717002868652 7.3699164390564 6.98910188674927 6.03178119659424 6.84322214126587 6.07924890518188 4.68587446212769 6.38254261016846 6.7164249420166 6.62246513366699
-3.4e+38 -3.4e+38 -3.4e+38 -3.4e+38 14.4101781845093 13.6935615539551 9.12879276275635 9.14078807830811 9.41327095031738 9.30737495422363 10.9803771972656 13.9934053421021 13.7708101272583 10.1914615631104 8.73238182067871 8.00466060638428 7.73190069198608 8.07869052886963 8.56084632873535 8.6165714263916 8.71458721160889 9.00112533569336 8.49637222290039 7.65678262710571 6.96498012542725 7.54939317703247 8.17159652709961 8.10219955444336 8.44911766052246 8.65684509277344 8.08003425598145 6.82162380218506 8.05325222015381 7.93917179107666 7.60900354385376 8.11944198608398 8.14510345458984 8.20655250549316 7.3345947265625 7.15567588806152 7.0014009475708 5.72352981567383 5.98463201522827 5.73293256759644 7.12547302246094 7.58893632888794 3.69854617118835 -3.4e+38
-3.4e+38 -3.4e+38 -3.4e+38 -3.4e+38 -3.4e+38 11.2657270431519 8.64788627624512 7.59208154678345 8.92702960968018 8.95819091796875 8.94560623168945 9.90422344207764 9.30357074737549 9.27591705322266 9.49765110015869 8.6275634765625 7.65337944030762 7.94870185852051 8.08005046844482 8.54756736755371 8.69194221496582 8.60325336456299 8.29667568206787 6.54839038848877 7.51065158843994 7.31464195251465 8.27053451538086 8.20388317108154 8.27483081817627 8.86336803436279 8.65201473236084 8.28505611419678 8.37560653686523 8.83708763122559 8.07763385772705 7.9042534828186 7.9769229888916 7.27238607406616 7.36714315414429 6.24456262588501 6.0946364402771 4.1327109336853 5.40327072143555 6.17134523391724 7.2205924987793 8.59311771392822 8.34986209869385 -3.4e+38
-3.4e+38 -3.4e+38 -3.4e+38 -3.4e+38 -3.4e+38 11.7685918807983 8.27577495574951 5.74824142456055 6.6336030960083 8.39514255523682 9.06184482574463 8.51338768005371 9.38877582550049 9.36643886566162 9.38583183288574 8.24478912353516 8.03689670562744 7.94060707092285 8.08079624176025 8.33962249755859 8.65453243255615 7.85803842544556 7.9618444442749 7.05125856399536 7.15934610366821 7.6744818687439 8.21561050415039 8.163405418396 8.00323963165283 8.3034839630127 8.23451137542725 7.92244338989258 8.14470195770264 8.35612106323242 8.08514881134033 7.94761991500854 8.09635448455811 5.69866943359375 3.50393676757812 4.57123565673828 6.37481594085693 5.65533399581909 5.33300590515137 6.74744749069214 8.77105236053467 8.92221164703369 8.45614051818848 8.31228160858154
-3.4e+38 -3.4e+38 -3.4e+38 -3.4e+38 -3.4e+38 11.2154903411865 11.3155145645142 8.39488315582275 6.62713623046875 8.5589542388916 8.9246072769165 8.98161220550537 9.07424640655518 9.2350378036499 9.01176643371582 7.59173727035522 5.07555341720581 5.43868255615234 5.51901340484619 7.46668672561646 7.93660879135132 7.12168073654175 3.49363780021667 5.1334023475647 6.44006204605103 6.95039796829224 8.03976917266846 7.48712539672852 7.64278507232666 6.86123132705688 7.40622997283936 7.80785179138184 8.08548831939697 7.24221038818359 6.88834810256958 5.43040227890015 6.04351949691772 7.09811401367188 6.20377731323242 6.95039033889771 5.15479373931885 5.16264295578003 6.22437143325806 7.38834142684937 10.063307762146 9.58359527587891 9.2077112197876 8.29265403747559
-3.4e+38 -3.4e+38 -3.4e+38 -3.4e+38 -3.4e+38 10.7801322937012 9.56369686126709 7.75625562667847 7.58498239517212 7.71151161193848 7.42550373077393 9.43290996551514 8.66342353820801 8.05973052978516 7.65598297119141 7.32201528549194 6.97738599777222 6.94226789474487 6.76633882522583 6.08166790008545 5.46728420257568 -3.4e+38 5.79642820358276 8.54251289367676 7.33976173400879 7.08631181716919 6.66005706787109 7.17388105392456 7.47920513153076 7.50777959823608 7.22149801254272 7.72172403335571 6.08382415771484 6.06983041763306 5.76833009719849 6.05301570892334 5.05240774154663 6.32770299911499 6.44827318191528 4.6554970741272 4.14941883087158 6.02670907974243 7.08640146255493 8.54784107208252 9.67619514465332 9.60409927368164 9.89451789855957 8.97482109069824
-3.4e+38 -3.4e+38 -3.4e+38 -3.4e+38 -3.4e+38 -3.4e+38 10.6585664749146 5.66643714904785 6.52714252471924 6.87889671325684 8.45597457885742 9.22287845611572 8.18338108062744 8.22382831573486 7.03898811340332 7.81622982025146 6.88109493255615 6.57670307159424 5.52039909362793 -3.4e+38 -3.4e+38 -3.4e+38 -3.4e+38 6.16585874557495 7.43508291244507 5.89206647872925 6.04782199859619 6.61716222763062 6.48480319976807 6.41908264160156 8.17628192901611 6.34215307235718 6.94823551177979 7.02440452575684 3.84014201164246 4.86195850372314 7.06018400192261 6.99756145477295 6.48168992996216 5.7278356552124 4.91300249099731 4.81879043579102 5.80744695663452 8.46496868133545 9.57084465026855 9.78945732116699 9.6480131149292 9.00618171691895
-3.4e+38 -3.4e+38 -3.4e+38 -3.4e+38 -3.4e+38 -3.4e+38 13.0734367370605 12.1237964630127 10.230152130127 10.3688135147095 9.99363136291504 9.47542762756348 8.79762268066406 7.83427238464355 5.98198652267456 6.87337732315063 5.99632024765015 6.54333400726318 -3.4e+38 -3.4e+38 -3.4e+38 -3.4e+38 -3.4e+38 6.86213970184326 6.07091951370239 6.62436056137085 6.19244766235352 6.65966796875 6.54683685302734 4.08368682861328 6.79193687438965 7.04242086410522 7.40947341918945 7.36935663223267 6.94538545608521 6.86485624313354 3.93690252304077 6.06081628799438 6.7217378616333 7.05802917480469 6.18219327926636 7.22758102416992 6.64119291305542 7.25383996963501 8.5506591796875 10.8543462753296 10.3127822875977 9.33359527587891
-3.4e+38 -3.4e+38 -3.4e+38 -3.4e+38 -3.4e+38 -3.4e+38 18.1940231323242 11.8199787139893 10.4066772460938 10.8544721603394 8.79698085784912 9.39594650268555 9.38002586364746 8.92446422576904 6.41483592987061 6.02130937576294 5.13095569610596 6.52913570404053 5.66261863708496 -3.4e+38 -3.4e+38 -3.4e+38 -3.4e+38 7.82596254348755 5.58307981491089 6.35113000869751 6.6150803565979 -3.4e+38 -3.4e+38 6.07390260696411 6.50765085220337 6.75878381729126 7.20874738693237 6.50603342056274 3.77935075759888 5.72696256637573 4.81683397293091 7.5222315788269 7.8006649017334 7.50903749465942 7.12611865997314 6.16986703872681 5.69177389144897 5.58967924118042 7.55272388458252 9.60194683074951 9.15332412719727 10.0884561538696
-3.4e+38 -3.4e+38 -3.4e+38 -3.4e+38 -3.4e+38 -3.4e+38 12.9052457809448 11.2929563522339 9.48024082183838 8.02771377563477 8.59918308258057 9.97274303436279 8.65127086639404 6.81763362884521 -3.4e+38 -3.4e+38 5.44185161590576 7.33360385894775 6.57216501235962 4.30280447006226 -3.4e+38 -3.4e+38 -3.4e+38 4.50315809249878 -3.4e+38 2.3916347026825 5.91415977478027 -3.4e+38 5.19499778747559 5.08655691146851 5.63989734649658 5.66980266571045 5.88634586334229 5.14534425735474 4.86226749420166 6.51593828201294 6.61559247970581 6.90574264526367 8.21582221984863 8.37550258636475 7.67096281051636 7.18260717391968 6.05598783493042 7.35828924179077 9.72495555877686 9.09675598144531 8.27802181243896 7.83717346191406
-3.4e+38 -3.4e+38 -3.4e+38 -3.4e+38 -3.4e+38 -3.4e+38 12.3658037185669 11.1526870727539 10.2753772735596 8.02771377563477 8.83804702758789 10.0307474136353 -3.4e+38 -3.4e+38 -3.4e+38 -3.4e+38 -3.4e+38 7.37653350830078 5.48478984832764 3.98685145378113 4.2407751083374 -3.4e+38 -3.4e+38 -3.4e+38 -3.4e+38 -3.4e+38 5.97504186630249 5.40747261047363 5.82671022415161 5.93710088729858 6.68452787399292 8.41224670410156 7.7773289680481 7.92631149291992 8.09804821014404 8.47987461090088 8.30343914031982 8.02057647705078 8.14065074920654 8.49294471740723 8.41842842102051 8.83927440643311 7.47715282440186 9.34295654296875 8.10615634918213 10.3704872131348 7.12285137176514 5.95296859741211
-3.4e+38 -3.4e+38 -3.4e+38 -3.4e+38 -3.4e+38 15.0078153610229 12.8003883361816 10.6353988647461 10.32213306427 10.4023971557617 -3.4e+38 -3.4e+38 -3.4e+38 10.849986076355 10.712007522583 -3.4e+38 -3.4e+38 7.14617919921875 6.1825213432312 5.61372661590576 4.25076246261597 4.36066007614136 -3.4e+38 -3.4e+38 -3.4e+38 7.64389657974243 6.19168710708618 5.68151092529297 4.75115394592285 5.79981708526611 6.93957138061523 8.58477210998535 9.31198024749756 10.0847177505493 9.99889850616455 9.4470157623291 8.96767711639404 8.61896896362305 7.5875883102417 8.23780632019043 8.22446346282959 9.17350769042969 -3.4e+38 -3.4e+38 6.34328651428223 -3.4e+38 7.74467372894287 7.2271900177002
-3.4e+38 -3.4e+38 -3.4e+38 -3.4e+38 -3.4e+38 11.2551231384277 10.9870090484619 10.5264339447021 9.82068729400635 9.67745685577393 10.6432847976685 -3.4e+38 -3.4e+38 10.0495872497559 9.84422016143799 8.75625896453857 7.60008573532104 7.46930503845215 6.57384014129639 7.14779615402222 6.20751094818115 5.87901210784912 -3.4e+38 6.31046915054321 7.59327411651611 8.40869808197021 8.12831497192383 6.69783926010132 6.4129900932312 7.05452394485474 7.13076066970825 7.93764066696167 10.0918922424316 10.0760765075684 9.84170246124268 10.1945095062256 9.25161361694336 8.46258068084717 8.55810356140137 9.38114929199219 8.33370876312256 -3.4e+38 -3.4e+38 -3.4e+38 8.65525436401367 10.0960540771484 -3.4e+38 -3.4e+38
