Ecospace-environmental-drivers/Outputs/ASCII-for-ecospace/ChlA/ChlA_X2014.07.asc
NCOLS 131 
NROWS 53 
XLLCORNER -98 
YLLCORNER 23.9265270233154 
CELLSIZE 0.133587792515755 
NODATA_value -3.4e+38 
[rows 21 to 41 of 53, columns 0 to 46 of 131]
-3.4e+38 -3.4e+38 -3.4e+38 -3.4e+38 -3.4e+38 -3.4e+38 87.3321228027344 -3.4e+38 72.8720474243164 49.9831657409668 36.7205963134766 25.0418319702148 20.3811511993408 19.5383892059326 18.6401844024658 16.7761173248291 15.2943296432495 14.9365606307983 14.9148530960083 15.4889497756958 14.8763771057129 14.7848062515259 15.0208587646484 16.3843555450439 17.69189453125 16.9621257781982 16.5426406860352 15.9427480697632 16.0142555236816 15.5189990997314 14.9104156494141 15.1675233840942 16.9717388153076 17.8789501190186 18.4964084625244 17.392463684082 17.3111972808838 16.918285369873 16.5172843933105 17.8772087097168 20.1742401123047 24.6045742034912 19.5718860626221 20.3311862945557 19.5464305877686 17.3359470367432 17.7273616790771
-3.4e+38 -3.4e+38 -3.4e+38 -3.4e+38 -3.4e+38 -3.4e+38 87.3321228027344 61.3418731689453 40.9689788818359 30.9541530609131 23.3920783996582 18.7661972045898 17.8178749084473 18.0423774719238 17.1156330108643 16.1952075958252 14.8125333786011 15.1338138580322 16.2007713317871 16.1364612579346 14.3908128738403 14.243537902832 14.3307428359985 14.3347101211548 14.6074676513672 15.0727405548096 14.9689130783081 15.2077121734619 14.630054473877 15.1989774703979 14.5939149856567 14.8868722915649 16.3241424560547 17.266695022583 15.9097423553467 14.9252033233643 14.877272605896 14.709774017334 15.0750331878662 15.5623435974121 17.6702327728271 18.7702178955078 17.2042274475098 18.3119297027588 17.8964080810547 15.299765586853 14.3683319091797
-3.4e+38 -3.4e+38 -3.4e+38 -3.4e+38 82.7223358154297 90.0131759643555 -3.4e+38 42.3075408935547 28.741340637207 22.0365543365479 18.1179618835449 15.418773651123 15.6992635726929 15.7671909332275 14.5079164505005 13.9670085906982 13.9939756393433 14.1991348266602 13.9993648529053 14.1626739501953 14.1071109771729 13.7979679107666 14.1761388778687 13.9524431228638 13.9757585525513 14.1153326034546 14.2528133392334 16.3205432891846 15.8481874465942 14.7662391662598 14.7282190322876 15.2270460128784 16.7202186584473 15.2240571975708 16.2609958648682 15.0398502349854 13.9986906051636 14.1352691650391 14.1190013885498 14.270073890686 15.1383304595947 15.6773262023926 15.165867805481 14.759202003479 17.5671463012695 15.1474447250366 13.6811666488647
-3.4e+38 -3.4e+38 -3.4e+38 -3.4e+38 -3.4e+38 105.704536437988 45.4873580932617 29.0393047332764 20.1242656707764 16.8501853942871 15.1612749099731 14.4867572784424 14.6136493682861 14.1543025970459 13.8436594009399 13.6337251663208 13.7720108032227 13.6826639175415 14.0334167480469 14.1185207366943 14.0584573745728 13.2809772491455 13.6094617843628 13.569769859314 13.8040180206299 13.8311014175415 14.2820539474487 15.0990953445435 14.8834533691406 14.506196975708 14.4899225234985 14.2657556533813 14.432861328125 14.3995027542114 14.5542392730713 13.9529438018799 13.4753923416138 13.3812084197998 13.6109647750854 13.3960886001587 13.6464729309082 13.8116693496704 13.69713306427 13.096474647522 13.1188707351685 13.1738014221191 13.2708110809326
-3.4e+38 -3.4e+38 -3.4e+38 -3.4e+38 -3.4e+38 38.6397590637207 32.245433807373 20.9077758789062 16.6838874816895 14.9987945556641 14.5532360076904 14.2055015563965 13.9054355621338 13.6470670700073 13.5903911590576 13.6461124420166 14.103627204895 13.9099607467651 14.2582931518555 14.3353176116943 14.0972137451172 13.1710968017578 13.5658016204834 13.5626230239868 13.4698028564453 13.6589870452881 13.7813291549683 14.3031778335571 14.8246335983276 14.6109933853149 14.1471977233887 14.0907220840454 13.841459274292 14.1010036468506 14.3378734588623 14.5060863494873 13.9665269851685 13.888466835022 13.5253601074219 12.8937835693359 12.3463926315308 12.8958854675293 13.066068649292 13.2105016708374 13.3213386535645 13.5405349731445 14.8322381973267
-3.4e+38 -3.4e+38 -3.4e+38 -3.4e+38 -3.4e+38 31.0912170410156 22.6459636688232 17.4034214019775 15.5237169265747 14.5163078308105 14.0684223175049 13.6643571853638 13.4859657287598 13.5133991241455 13.758508682251 13.5802850723267 13.8788938522339 13.6886444091797 14.0888948440552 14.177357673645 14.0915441513062 13.0203065872192 13.2048902511597 13.3025722503662 13.5091915130615 13.7476463317871 13.7294540405273 13.7844295501709 13.7540998458862 14.041802406311 14.040415763855 13.8660850524902 13.7150135040283 13.7290334701538 14.1663980484009 14.691801071167 13.3812971115112 13.2765874862671 13.1236886978149 12.7720327377319 12.6124897003174 12.8555688858032 13.1243476867676 12.9870929718018 14.8823175430298 15.9548425674438 14.6511011123657
-3.4e+38 -3.4e+38 -3.4e+38 -3.4e+38 -3.4e+38 26.6479053497314 20.1713771820068 16.935791015625 15.3197975158691 14.376482963562 13.9777803421021 13.6891460418701 13.6479873657227 13.7362604141235 13.7261877059937 13.5052270889282 13.4111042022705 13.5961351394653 13.7652454376221 13.9200859069824 13.8230075836182 13.2629699707031 13.1938734054565 13.488353729248 13.6224565505981 13.6139345169067 13.6713924407959 13.6918449401855 13.947582244873 13.7447576522827 13.4925804138184 13.8832550048828 13.7012939453125 13.649001121521 13.476056098938 13.3497591018677 13.0748710632324 12.8759279251099 12.9347305297852 12.9820022583008 12.9053955078125 12.7920761108398 12.4061403274536 12.5075902938843 13.4950733184814 15.0979661941528 15.8716335296631
-339999999999999996128486808808066248288.000000000000000 -3.4e+38 -3.4e+38 -3.4e+38 27.2001285552979 24.3071708679199 18.561939239502 16.2990474700928 14.8188495635986 14.4528093338013 13.9478845596313 13.7408065795898 13.9146738052368 13.9233055114746 13.940357208252 13.6044731140137 13.4448547363281 13.532919883728 13.4605808258057 13.5508394241333 13.9039630889893 14.0451526641846 13.4382772445679 13.6391916275024 13.7465124130249 13.8639335632324 13.7525062561035 13.8702611923218 14.066780090332 14.0851287841797 13.9109153747559 13.4587469100952 13.2677755355835 13.4031648635864 13.2999706268311 12.5995960235596 12.1564950942993 12.2514734268188 12.866039276123 12.910231590271 12.7113904953003 12.3283195495605 12.1835632324219 12.5081090927124 12.0709104537964 13.5082054138184 16.6724185943604
-3.4e+38 -3.4e+38 -3.4e+38 -3.4e+38 27.3316192626953 23.7186813354492 18.4519824981689 16.1017360687256 14.6639671325684 14.4383382797241 13.8952913284302 13.783634185791 13.932806968689 13.9706449508667 13.8516988754272 13.68190574646 13.4649591445923 13.7118835449219 13.5609197616577 13.7963905334473 14.0669536590576 14.0144987106323 13.3736705780029 13.6961250305176 13.9440479278564 13.9662218093872 13.8813781738281 13.8487844467163 13.9914665222168 13.8497762680054 13.588152885437 13.5088567733765 13.4194364547729 13.1773881912231 13.0056228637695 12.7215042114258 12.4956684112549 12.506667137146 12.5764350891113 12.3278789520264 12.295072555542 12.3692855834961 12.1401634216309 12.4002857208252 12.3740949630737 12.911524772644 12.0267543792725
-3.4e+38 -3.4e+38 -3.4e+38 -3.4e+38 27.3390312194824 23.5844478607178 18.8173007965088 16.3999843597412 14.7386350631714 14.6122884750366 14.0012550354004 13.6921396255493 13.7861375808716 14.0383195877075 13.7697114944458 13.5987758636475 13.6016798019409 13.699239730835 13.8641204833984 13.5730047225952 13.7121992111206 14.2515897750854 13.2253522872925 14.3702611923218 14.0863847732544 14.0781698226929 13.84241771698 13.9100322723389 13.9308052062988 13.6478672027588 13.5255842208862 13.549259185791 13.1566438674927 12.5569190979004 12.6803827285767 12.5751647949219 12.6157722473145 12.4402656555176 12.260326385498 11.9456491470337 12.0193700790405 11.9370222091675 12.4321298599243 12.6916122436523 12.5335712432861 12.7763891220093 11.9730710983276
-3.4e+38 -3.4e+38 -3.4e+38 -3.4e+38 -3.4e+38 24.1144676208496 19.7644290924072 16.943359375 15.1613893508911 14.9704132080078 14.2452630996704 13.6007127761841 13.7768831253052 14.0142698287964 13.8917856216431 13.5992069244385 13.9261541366577 13.9176616668701 13.5231027603149 13.0736961364746 13.4299821853638 14.1843357086182 14.1225557327271 14.3340768814087 14.3979291915894 14.1901321411133 13.9584197998047 13.8935375213623 13.5694694519043 13.3558044433594 13.1967601776123 13.591025352478 13.3572378158569 13.4289255142212 13.2421941757202 12.3894863128662 11.9654998779297 12.1582660675049 11.9276657104492 11.8017158508301 12.110369682312 11.6056232452393 12.1054430007935 12.5527362823486 12.4439573287964 12.3893918991089 12.3625822067261
-3.4e+38 -3.4e+38 -3.4e+38 -3.4e+38 -3.4e+38 27.0786476135254 21.9935722351074 17.7712154388428 15.4176979064941 15.2975912094116 14.4671411514282 13.5249853134155 13.4867057800293 13.7669658660889 13.9351091384888 13.8422269821167 13.8925504684448 13.7669372558594 13.7402257919312 13.8003673553467 14.0197887420654 13.7613258361816 13.760573387146 13.9553985595703 14.0353698730469 13.9031219482422 14.1511240005493 13.589056968689 13.4433012008667 13.4325752258301 13.6607065200806 13.6589584350586 13.2292671203613 13.1609172821045 12.6290264129639 12.0189189910889 11.7966356277466 11.8674764633179 11.7570457458496 11.8403902053833 12.1239728927612 11.7782182693481 11.4016380310059 11.6804056167603 11.9485263824463 11.964469909668 12.1173696517944
-3.4e+38 -3.4e+38 -3.4e+38 -3.4e+38 -3.4e+38 28.2831516265869 23.5894412994385 18.4493103027344 16.0840930938721 15.5039539337158 14.7679567337036 13.9914121627808 13.5931510925293 13.9025716781616 13.8621006011963 13.971510887146 13.9651479721069 13.8262786865234 14.0352382659912 14.0202236175537 14.0123071670532 13.8353652954102 13.990406036377 13.8679971694946 13.776535987854 13.5759029388428 13.2199878692627 13.4120941162109 13.5716285705566 13.3307180404663 12.9821004867554 11.6900625228882 12.7886571884155 12.8556079864502 12.8636770248413 12.1390419006348 12.2842273712158 12.0266819000244 11.5396108627319 11.5432405471802 11.6460227966309 11.4789228439331 11.4303998947144 11.6956167221069 11.4277505874634 11.4221839904785 11.7895755767822
-3.4e+38 -3.4e+38 -3.4e+38 -3.4e+38 -3.4e+38 29.1239070892334 26.528528213501 20.1786022186279 16.5323314666748 15.4808368682861 14.8698225021362 14.2612934112549 13.6572904586792 13.5724220275879 13.6174297332764 13.7933006286621 13.928599357605 14.0403032302856 13.8615503311157 13.895133972168 14.0980348587036 13.6735858917236 13.7219228744507 13.9186677932739 13.9296035766602 13.6353015899658 13.501503944397 13.7484226226807 13.7641592025757 13.5936088562012 13.0636014938354 12.5377988815308 13.3543539047241 13.4828443527222 13.2796640396118 12.9476680755615 12.4826259613037 12.2073602676392 11.5326442718506 11.3372020721436 11.5548801422119 11.3387584686279 11.4761362075806 11.7061405181885 11.5266647338867 11.5206270217896 11.6858329772949
-3.4e+38 -3.4e+38 -3.4e+38 -3.4e+38 -3.4e+38 -3.4e+38 28.0886383056641 21.0316181182861 17.080249786377 15.8978080749512 15.2415962219238 14.374683380127 13.8380012512207 13.2867641448975 13.3110361099243 13.549596786499 13.7953023910522 14.0690650939941 13.9865598678589 13.7191867828369 13.6266212463379 13.5361824035645 13.4948444366455 13.704442024231 13.8635492324829 13.9348907470703 14.0057001113892 14.1007518768311 13.8694486618042 13.6212291717529 13.5118169784546 12.9086647033691 12.3956937789917 12.255392074585 12.4734382629395 12.4890003204346 12.453911781311 12.1477746963501 11.6722536087036 11.4158086776733 11.5948400497437 11.6922912597656 12.0777921676636 12.0716896057129 11.6485986709595 11.6587047576904 11.8316602706909
-3.4e+38 -3.4e+38 -3.4e+38 -3.4e+38 -3.4e+38 -3.4e+38 31.0716323852539 22.2503890991211 18.5860652923584 16.7712821960449 15.1704702377319 14.603702545166 14.0787382125854 13.6319160461426 13.4502630233765 13.6575403213501 13.6246213912964 13.8235855102539 13.704701423645 13.700119972229 13.6864023208618 13.5108289718628 13.4374542236328 13.5261716842651 13.5672979354858 13.9600648880005 14.2272577285767 14.1588459014893 13.7595882415771 13.8643131256104 14.4276437759399 13.5334901809692 13.4148302078247 13.3658590316772 12.2243194580078 12.1435289382935 12.2979536056519 11.9617490768433 11.5937385559082 11.3726224899292 11.3718948364258 12.0363740921021 12.3359031677246 12.4020414352417 11.6944923400879 11.3095989227295 11.8185997009277
-3.4e+38 -3.4e+38 -3.4e+38 -3.4e+38 -3.4e+38 -3.4e+38 30.3993186950684 22.9233341217041 19.1490249633789 15.8406066894531 14.8370771408081 15.2400064468384 14.6101560592651 13.8629283905029 13.5707321166992 13.6630229949951 13.6548156738281 13.6034851074219 13.555739402771 13.6128253936768 13.5546932220459 13.5905342102051 13.5178422927856 13.6442222595215 13.5824279785156 13.8291902542114 14.1611919403076 13.8771390914917 13.5631675720215 13.5463771820068 14.1067361831665 13.775764465332 13.0266609191895 12.8278846740723 12.1007785797119 11.6716213226318 11.5801486968994 11.894190788269 11.6439056396484 11.2626295089722 11.2366828918457 11.5527839660645 12.2391910552979 12.1905269622803 11.8865261077881 12.0499305725098 12.4903573989868
-3.4e+38 -3.4e+38 -3.4e+38 -3.4e+38 -3.4e+38 -3.4e+38 32.9186401367188 21.9357872009277 16.8058300018311 15.2175664901733 15.5055875778198 15.4348649978638 14.8664636611938 14.2285757064819 13.6778402328491 13.4711017608643 13.4907693862915 13.572193145752 13.6058616638184 13.6585378646851 13.6563186645508 13.7452936172485 13.7043075561523 13.9728679656982 13.884913444519 14.063570022583 14.2261753082275 13.8678388595581 13.7835350036621 14.0370635986328 14.0796375274658 14.2768802642822 13.874888420105 12.788462638855 12.2143602371216 11.735050201416 11.1765356063843 12.031608581543 11.9608688354492 11.2283048629761 11.2435188293457 11.4962520599365 11.5046119689941 11.7019643783569 12.136025428772 12.2998456954956 12.684063911438
-3.4e+38 -3.4e+38 -3.4e+38 -3.4e+38 -3.4e+38 -3.4e+38 27.273006439209 19.2437534332275 15.8825616836548 15.1651678085327 15.8008651733398 15.5180807113647 15.2339544296265 14.6756763458252 13.8232097625732 13.5423355102539 13.5608472824097 13.6965198516846 13.7869386672974 13.8027315139771 13.8421125411987 13.8401317596436 13.8300771713257 13.6995849609375 13.7799673080444 14.0390357971191 14.179030418396 13.8657236099243 13.8177375793457 13.9130764007568 13.8463745117188 14.0679636001587 14.9004211425781 13.8438291549683 12.7169179916382 11.8135871887207 12.198070526123 12.1520290374756 11.7679424285889 11.5099096298218 11.1847324371338 11.2510290145874 11.3997058868408 11.6152849197388 12.3687629699707 12.5644044876099 12.8615846633911
-3.4e+38 -3.4e+38 -3.4e+38 -3.4e+38 -3.4e+38 26.3007144927979 23.1941890716553 17.3611125946045 15.8317756652832 15.1904621124268 15.9171314239502 15.582558631897 15.3677501678467 15.0076780319214 13.9928407669067 13.5487880706787 13.6409549713135 13.6004543304443 13.6516590118408 13.6902914047241 13.7927198410034 13.8917207717896 13.6499719619751 13.4742908477783 13.4991264343262 13.9469909667969 14.224142074585 14.0656909942627 14.0206422805786 14.3070993423462 14.2852039337158 14.066312789917 13.8898048400879 13.6181182861328 13.2097063064575 12.7729206085205 12.0237236022949 11.8016767501831 11.5305795669556 11.4093618392944 11.2963218688965 11.5899591445923 11.6983184814453 11.945611000061 12.6223621368408 12.9255409240723 13.6196756362915
-3.4e+38 -3.4e+38 -3.4e+38 -3.4e+38 -3.4e+38 26.1937274932861 21.0616703033447 17.4215259552002 16.0459232330322 15.3362731933594 15.8225183486938 15.7204818725586 15.5385675430298 14.816535949707 13.7488784790039 13.5302019119263 13.6808519363403 13.7311172485352 13.6295709609985 13.6127672195435 13.6786098480225 13.7618894577026 13.6108655929565 13.5747833251953 13.5077276229858 13.8376188278198 14.0388154983521 14.2073888778687 14.0876235961914 14.1936874389648 14.0773687362671 14.0658254623413 13.6415758132935 13.2535552978516 13.2693090438843 12.5963916778564 12.1241292953491 11.756121635437 11.2260971069336 11.3227415084839 11.6525735855103 12.1298599243164 11.9078140258789 11.8410930633545 12.495641708374 13.1820278167725 14.2235660552979
