Ecospace-environmental-drivers/Outputs/ASCII-for-ecospace/ChlA/ChlA_X2005.04.asc
NCOLS 131 
NROWS 53 
XLLCORNER -98 
YLLCORNER 23.9265270233154 
CELLSIZE 0.133587792515755 
NODATA_value -3.4e+38 
[rows 21 to 41 of 53, columns 0 to 46 of 131]
-3.4e+38 -3.4e+38 -3.4e+38 -3.4e+38 -3.4e+38 -3.4e+38 -3.4e+38 -3.4e+38 -3.4e+38 70.3940582275391 62.7266807556152 51.3108825683594 45.7043685913086 43.703483581543 41.2601356506348 38.853141784668 41.0876617431641 41.6669845581055 38.276683807373 33.1388816833496 29.9395561218262 27.3547840118408 26.6149272918701 25.326244354248 25.5972785949707 24.4802322387695 23.7182788848877 23.7197284698486 22.7008113861084 21.0354423522949 20.6072463989258 19.8978538513184 20.2269382476807 21.5065021514893 20.174783706665 18.8946304321289 18.5397834777832 18.261926651001 18.2506999969482 17.7176704406738 16.6649150848389 16.4918193817139 16.6576499938965 17.3108425140381 17.2616119384766 16.3485622406006 16.774730682373
-3.4e+38 -3.4e+38 -3.4e+38 -3.4e+38 -3.4e+38 -3.4e+38 -3.4e+38 -3.4e+38 66.4421005249023 54.827075958252 44.240535736084 40.3058166503906 38.9536437988281 40.2811088562012 36.2811698913574 32.5891990661621 34.7729301452637 34.7203903198242 33.5594825744629 29.063455581665 24.9644603729248 23.0419254302979 20.6201725006104 19.8005638122559 20.4028701782227 20.9733963012695 21.2302913665771 20.6391525268555 20.5210227966309 19.9555339813232 19.3217353820801 18.4860801696777 18.3399314880371 19.5652160644531 19.0392742156982 17.8396968841553 16.6061573028564 16.49342918396 16.7343616485596 16.7714233398438 16.6288280487061 16.021032333374 15.6674861907959 15.5350751876831 15.982985496521 15.4108896255493 15.3714656829834
-3.4e+38 -3.4e+38 -3.4e+38 -3.4e+38 78.3769683837891 82.4634017944336 -3.4e+38 66.4065628051758 53.8001365661621 41.0789184570312 36.2731132507324 32.6943397521973 31.8143672943115 31.9503116607666 27.8005027770996 26.6534595489502 24.671854019165 23.14284324646 25.5790157318115 24.0732803344727 20.4265632629395 17.9912071228027 17.3522281646729 17.0718288421631 16.7319049835205 16.7020492553711 16.9763641357422 17.4079551696777 17.5497970581055 18.2053337097168 17.4142379760742 16.9124202728271 16.7110729217529 16.6880836486816 16.6482849121094 16.3209419250488 14.6818447113037 14.8763980865479 15.4843168258667 15.2909955978394 15.4007272720337 15.2246551513672 14.8847827911377 14.5490312576294 15.0035982131958 14.8090505599976 15.08837890625
-3.4e+38 -3.4e+38 -3.4e+38 -3.4e+38 -3.4e+38 82.4634017944336 65.1381454467773 57.7194709777832 40.4505043029785 36.7254676818848 35.1781616210938 28.205904006958 25.3997631072998 23.5347805023193 22.3351135253906 20.088508605957 18.3501262664795 18.0170745849609 18.0769557952881 17.8107509613037 16.9137096405029 16.8451976776123 16.692268371582 16.2395114898682 16.2053661346436 15.9809732437134 15.9303064346313 16.0031509399414 15.8018856048584 15.9719314575195 16.4352855682373 15.9803190231323 15.4118738174438 15.193678855896 16.013463973999 15.1084814071655 14.4943447113037 14.4627180099487 14.3275146484375 14.500636100769 14.6204805374146 14.5642709732056 14.440526008606 14.3570413589478 14.5776500701904 14.4905052185059 14.3232402801514
-3.4e+38 -3.4e+38 -3.4e+38 -3.4e+38 -3.4e+38 61.094612121582 56.3465805053711 42.0546760559082 35.9422378540039 35.2284355163574 30.6743755340576 25.1281967163086 20.5229434967041 19.6133098602295 19.8625774383545 19.4803009033203 19.0015106201172 18.4809036254883 16.4647312164307 16.7151832580566 16.6313323974609 16.5147247314453 16.543924331665 15.6859226226807 15.5792369842529 15.9528799057007 15.8622922897339 16.0628490447998 15.6555986404419 14.9411678314209 15.2885770797729 14.8357410430908 14.793683052063 14.9578971862793 15.5188827514648 15.2860155105591 15.0678644180298 14.479640007019 14.1645069122314 14.4239454269409 14.419114112854 14.199462890625 14.378210067749 14.4227390289307 14.3419790267944 14.2407894134521 14.1025714874268
-3.4e+38 -3.4e+38 -3.4e+38 -3.4e+38 -3.4e+38 61.7954635620117 45.0239753723145 38.5492401123047 36.3747863769531 34.0012359619141 27.0906963348389 23.8738632202148 20.1915168762207 19.0748996734619 18.5777740478516 18.7828845977783 20.9165115356445 20.6644268035889 16.8670825958252 18.1277751922607 18.0800590515137 18.2756938934326 17.9268112182617 16.9867401123047 16.1022510528564 16.4217281341553 16.5967864990234 16.3426456451416 16.0898971557617 15.1397132873535 15.0429553985596 14.8728694915771 15.0040483474731 14.6997394561768 15.0208826065063 15.3172445297241 15.0345296859741 14.6841049194336 14.4956760406494 14.3226795196533 14.3764791488647 14.2802696228027 14.382513999939 14.4085807800293 14.5293483734131 14.1971502304077 13.8623952865601
-3.4e+38 -3.4e+38 -3.4e+38 -3.4e+38 -3.4e+38 59.4976196289062 41.813346862793 37.5201606750488 36.0101852416992 28.1412086486816 23.3412265777588 19.9060573577881 18.6522426605225 19.3763542175293 19.861629486084 20.407413482666 22.1288661956787 20.2037467956543 17.5838241577148 17.5505027770996 17.9812164306641 19.1956100463867 18.7097663879395 17.312479019165 16.1219139099121 16.1750240325928 16.6144618988037 15.6750164031982 15.5459289550781 15.1052293777466 14.7911462783813 14.3303871154785 14.3544454574585 14.5875358581543 14.7370977401733 14.9978742599487 14.6652231216431 14.596022605896 14.5787782669067 14.3214864730835 14.1201877593994 14.0699672698975 14.0788764953613 14.2120923995972 14.152774810791 13.9742488861084 13.8602905273438
-339999999999999996128486808808066248288.000000000000000 -3.4e+38 -3.4e+38 -3.4e+38 62.6371269226074 51.6405029296875 39.3091812133789 37.0966606140137 31.934289932251 24.312520980835 22.1782073974609 19.5320434570312 20.2077350616455 21.9414825439453 22.4963207244873 22.5071716308594 22.1859092712402 19.6046352386475 18.6966114044189 18.6520957946777 18.8567562103271 19.1297988891602 18.2673778533936 17.5687961578369 15.9439535140991 15.7650308609009 15.8916940689087 15.438362121582 15.1597814559937 14.9095649719238 14.5159568786621 14.5129165649414 14.4216556549072 14.3613042831421 14.3201427459717 14.5694370269775 14.6045598983765 14.6820583343506 14.7016506195068 14.2372264862061 13.954249382019 13.959587097168 13.9370718002319 14.0113735198975 14.1085691452026 13.8469200134277 13.9121313095093
-3.4e+38 -3.4e+38 -3.4e+38 -3.4e+38 58.5342292785645 51.6758041381836 38.9667358398438 36.5966186523438 29.6046180725098 25.2537498474121 24.0897159576416 22.678092956543 22.3816318511963 22.6267719268799 23.9854602813721 23.4805660247803 20.7997760772705 19.3537006378174 20.4013290405273 20.692455291748 19.7665176391602 18.231840133667 16.811954498291 16.9166221618652 16.3257865905762 15.6553478240967 15.8014392852783 15.4692888259888 15.2407608032227 15.0134983062744 14.6658382415771 14.3867864608765 14.3595247268677 14.3385562896729 14.0868692398071 14.0152387619019 14.1591367721558 14.3385124206543 14.4752511978149 14.509204864502 14.1848335266113 13.8808822631836 13.9393014907837 14.1635618209839 14.2558689117432 14.0501499176025 14.1006994247437
-3.4e+38 -3.4e+38 -3.4e+38 -3.4e+38 55.7036895751953 50.6682777404785 39.6529808044434 36.2968597412109 31.922571182251 29.4625339508057 27.7410850524902 24.5269622802734 23.1152400970459 23.4990005493164 22.9822273254395 19.8530216217041 19.2987289428711 19.2826538085938 20.6536254882812 20.452220916748 20.398063659668 19.1218566894531 17.8231525421143 16.6180477142334 16.2260761260986 15.8622159957886 15.3562040328979 15.1725654602051 15.0888748168945 14.8739604949951 14.5627889633179 14.2146663665771 14.2568387985229 14.3414096832275 14.10715675354 13.8808488845825 13.7764587402344 13.6107921600342 13.8073081970215 13.8197040557861 13.9809732437134 13.8384981155396 13.9303016662598 13.9517049789429 13.8330583572388 13.7671241760254 13.8688621520996
-3.4e+38 -3.4e+38 -3.4e+38 -3.4e+38 -3.4e+38 51.7974472045898 38.1999168395996 35.5665588378906 30.5843772888184 30.4269943237305 31.5673847198486 26.7757930755615 26.7042598724365 25.5787296295166 21.8906288146973 21.3752021789551 20.9514713287354 20.703197479248 20.6194095611572 20.4605369567871 18.7816867828369 16.8710536956787 17.4854736328125 17.8629493713379 16.2096576690674 15.9965915679932 15.4911937713623 15.3376188278198 15.4113988876343 14.9050559997559 14.5338153839111 14.2819986343384 14.3526639938354 14.531436920166 14.2997465133667 13.6740856170654 13.2439155578613 13.3361377716064 13.3620166778564 13.3520622253418 13.6054363250732 13.6492691040039 13.6247634887695 13.6836519241333 13.7907085418701 13.5924062728882 13.4156408309937
-3.4e+38 -3.4e+38 -3.4e+38 -3.4e+38 -3.4e+38 56.5548667907715 39.953441619873 36.4248886108398 35.5302391052246 31.4571228027344 29.298999786377 28.4774494171143 27.3478145599365 24.0793704986572 23.3999214172363 21.2745265960693 19.3683853149414 19.6753559112549 18.9178047180176 16.3425750732422 15.8005390167236 14.9278059005737 16.0990734100342 16.4309349060059 16.4137077331543 16.3490734100342 16.1662368774414 15.4698686599731 15.0963354110718 14.9176340103149 14.7045269012451 14.463583946228 14.4067993164062 14.745867729187 14.5069026947021 13.7465209960938 13.2416343688965 13.2868995666504 13.2746849060059 13.25071144104 13.168646812439 13.225438117981 13.5060720443726 13.6491441726685 13.4586582183838 13.2347593307495 13.1923456192017
-3.4e+38 -3.4e+38 -3.4e+38 -3.4e+38 -3.4e+38 63.7706985473633 45.9449996948242 36.2916603088379 35.0646553039551 31.7572860717773 30.8117828369141 32.2534065246582 27.7356853485107 25.0812282562256 22.1134433746338 18.8573246002197 16.5760459899902 15.7773952484131 14.3746156692505 15.0391235351562 14.9109792709351 13.94504737854 13.7448625564575 13.9182424545288 14.0694627761841 15.0160980224609 15.4271717071533 16.089391708374 15.435996055603 14.9943342208862 14.7389078140259 14.5393075942993 14.8775987625122 15.3420038223267 14.7779693603516 13.9073247909546 13.1312112808228 13.1189870834351 13.3225107192993 13.1404705047607 13.0711059570312 13.3838224411011 13.4876337051392 13.386887550354 13.1751976013184 13.2186241149902 13.0808248519897
-3.4e+38 -3.4e+38 -3.4e+38 -3.4e+38 -3.4e+38 -3.4e+38 50.6360359191895 35.1653518676758 32.188362121582 29.1517467498779 28.9795227050781 28.6373748779297 26.4039363861084 23.7221908569336 20.0286273956299 17.5366744995117 16.1906051635742 14.9549608230591 14.1348743438721 14.5965423583984 14.4903240203857 13.6130714416504 13.8897151947021 14.1947116851807 14.4711256027222 15.0146198272705 15.1597146987915 15.8568849563599 15.5974597930908 14.945291519165 14.4721260070801 15.6883401870728 15.9465751647949 15.6088190078735 15.2661390304565 14.439754486084 13.2717142105103 13.1410293579102 13.3198232650757 13.3108329772949 13.2447872161865 13.1853094100952 13.1915607452393 13.3626899719238 13.4244537353516 13.4157619476318 13.1363248825073
-3.4e+38 -3.4e+38 -3.4e+38 -3.4e+38 -3.4e+38 -3.4e+38 47.9702415466309 34.299388885498 30.1300106048584 32.0244903564453 33.0316619873047 28.6874084472656 24.1832904815674 19.7286071777344 18.2317771911621 16.8899593353271 15.7125129699707 14.9211845397949 14.1137504577637 14.4391231536865 14.1176223754883 13.3578596115112 13.9781341552734 14.3726053237915 14.2839221954346 14.8229970932007 14.65114402771 15.3319673538208 16.7130146026611 15.6719751358032 15.1111545562744 -3.4e+38 14.9569759368896 15.4647569656372 15.1453161239624 14.5022974014282 13.5282697677612 13.0141315460205 12.9803266525269 13.0688400268555 13.0244016647339 13.0098428726196 13.2860593795776 13.6381845474243 13.6888036727905 13.5782423019409 13.3643484115601
-3.4e+38 -3.4e+38 -3.4e+38 -3.4e+38 -3.4e+38 -3.4e+38 43.5453872680664 35.2227249145508 28.3532161712646 28.9214992523193 28.678747177124 25.3642807006836 20.707592010498 18.7199115753174 17.921459197998 17.1934909820557 17.116792678833 16.4861602783203 14.1460723876953 14.2984981536865 14.4191560745239 14.3989877700806 14.3639440536499 14.182541847229 14.0911111831665 14.387547492981 14.2300930023193 14.755859375 16.0396499633789 15.7208976745605 -3.4e+38 -3.4e+38 14.6620016098022 15.3104848861694 15.1289367675781 14.6529235839844 14.0744132995605 13.3216485977173 13.0114698410034 13.0162239074707 13.0708341598511 13.0523176193237 13.2882966995239 13.6486301422119 13.7390413284302 13.6519470214844 13.6069259643555
-3.4e+38 -3.4e+38 -3.4e+38 -3.4e+38 -3.4e+38 -3.4e+38 -3.4e+38 34.9851875305176 27.9080638885498 27.832483291626 26.5744113922119 23.2087020874023 19.2472591400146 18.2002487182617 18.0004997253418 18.0816040039062 17.1798000335693 15.8546314239502 14.6046962738037 14.2235956192017 14.2992286682129 14.5437870025635 14.4818410873413 14.2440338134766 14.1506233215332 14.3293485641479 14.0483798980713 14.6806840896606 15.1649971008301 16.8500785827637 18.4416618347168 18.0821628570557 17.1334629058838 16.1689472198486 15.7614889144897 14.9523229598999 14.2019901275635 13.8775329589844 12.9986896514893 13.0985879898071 12.9911527633667 13.0090398788452 12.9776582717896 13.1660079956055 13.6494903564453 13.7382373809814 13.6834001541138
-3.4e+38 -3.4e+38 -3.4e+38 -3.4e+38 -3.4e+38 -3.4e+38 48.2645492553711 38.5493850708008 28.4383125305176 26.6589317321777 25.2701854705811 19.8161544799805 18.1072387695312 18.2690010070801 18.5853061676025 18.7297306060791 17.022087097168 15.4396133422852 15.1532068252563 14.3769302368164 14.1532974243164 14.4676094055176 14.1261291503906 14.2455348968506 14.3841600418091 14.1879367828369 13.8330574035645 13.6251840591431 14.121072769165 16.9497203826904 18.1517353057861 17.3403911590576 16.997091293335 16.240270614624 16.0434799194336 15.4280624389648 14.4125423431396 13.8381938934326 13.0823354721069 12.9748344421387 12.9981212615967 13.1774168014526 12.9528913497925 12.8125686645508 13.2741384506226 13.7633199691772 13.8794212341309
-3.4e+38 -3.4e+38 -3.4e+38 -3.4e+38 -3.4e+38 -3.4e+38 47.8850135803223 35.7862815856934 25.7928009033203 24.6270141601562 22.3211898803711 18.3331546783447 17.817741394043 18.7026176452637 18.6300773620605 18.800989151001 17.4568119049072 15.6063299179077 14.4121932983398 14.3569688796997 14.1835784912109 14.2662525177002 13.9940004348755 13.9255342483521 14.5718812942505 13.6532821655273 13.9518737792969 13.475079536438 13.4573030471802 14.094708442688 15.8560009002686 16.1698818206787 15.4512977600098 15.2272214889526 15.1042947769165 15.3714818954468 14.8797168731689 14.4869632720947 13.684515953064 12.9221258163452 12.910530090332 13.0951061248779 13.1823863983154 13.0574426651001 13.1123418807983 13.7288665771484 13.8529195785522
-3.4e+38 -3.4e+38 -3.4e+38 -3.4e+38 -3.4e+38 53.2496109008789 45.6166801452637 30.7269992828369 24.7204093933105 23.3680782318115 20.5050029754639 17.6773738861084 17.7881259918213 18.1179656982422 18.1810245513916 18.8091697692871 19.486967086792 17.0187931060791 14.4785213470459 14.1881914138794 14.1419477462769 -3.4e+38 14.3342781066895 14.229022026062 -3.4e+38 13.7454719543457 13.5982608795166 13.6115493774414 13.5405244827271 13.5784883499146 13.336501121521 13.7633953094482 14.5091791152954 15.4241561889648 15.1013031005859 15.3594532012939 15.5115327835083 15.2208776473999 14.7723922729492 13.4918098449707 12.8693084716797 12.9071359634399 13.0816354751587 13.2115850448608 13.2229299545288 13.6984539031982 13.8984775543213
-3.4e+38 -3.4e+38 -3.4e+38 -3.4e+38 -3.4e+38 51.7305107116699 41.0365791320801 26.0494117736816 23.1112995147705 21.6941986083984 19.1422500610352 17.7273998260498 17.684398651123 18.2131309509277 18.5354099273682 19.426887512207 20.5316562652588 18.8132934570312 15.1165447235107 14.2276096343994 13.7070951461792 -3.4e+38 12.3805541992188 11.9005031585693 -3.4e+38 13.5814580917358 13.6636695861816 13.3595523834229 13.4076623916626 13.7594614028931 13.322642326355 13.4750165939331 14.5168056488037 15.3121786117554 15.4734888076782 15.3101367950439 15.6914052963257 15.8103132247925 15.4121923446655 14.6641864776611 13.5291919708252 12.8429222106934 12.9942398071289 13.2714853286743 13.1773223876953 13.699257850647 13.9576320648193
