Ecospace-environmental-drivers/Outputs/ASCII-for-ecospace/ChlA/ChlA_X2018.06.asc
NCOLS 131 
NROWS 53 
XLLCORNER -98 
YLLCORNER 23.9265270233154 
CELLSIZE 0.133587792515755 
NODATA_value -3.4e+38 
[rows 0 to 20 of 53, columns 47 to 93 of 131]
-3.4e+38 -3.4e+38 -3.4e+38 -3.4e+38 -3.4e+38 -3.4e+38 -3.4e+38 -3.4e+38 -3.4e+38 -3.4e+38 -3.4e+38 -3.4e+38 -3.4e+38 -3.4e+38 -3.4e+38 -3.4e+38 -3.4e+38 -3.4e+38 -3.4e+38 -3.4e+38 -3.4e+38 -3.4e+38 -3.4e+38 -3.4e+38 -3.4e+38 -3.4e+38 -3.4e+38 -3.4e+38 -3.4e+38 -3.4e+38 -3.4e+38 -3.4e+38 -3.4e+38 -3.4e+38 -3.4e+38 -3.4e+38 -3.4e+38 -3.4e+38 -3.4e+38 -3.4e+38 -3.4e+38 -3.4e+38 -3.4e+38 -3.4e+38 -3.4e+38 -3.4e+38 -3.4e+38
-3.4e+38 -3.4e+38 -3.4e+38 -3.4e+38 -3.4e+38 -3.4e+38 -3.4e+38 -3.4e+38 -3.4e+38 -3.4e+38 -3.4e+38 -3.4e+38 -3.4e+38 -3.4e+38 -3.4e+38 -3.4e+38 -3.4e+38 -3.4e+38 -3.4e+38 -3.4e+38 -3.4e+38 -3.4e+38 -3.4e+38 -3.4e+38 -3.4e+38 -3.4e+38 -3.4e+38 -3.4e+38 -3.4e+38 -3.4e+38 -3.4e+38 -3.4e+38 -3.4e+38 -3.4e+38 -3.4e+38 -3.4e+38 -3.4e+38 -3.4e+38 -3.4e+38 -3.4e+38 -3.4e+38 -3.4e+38 -3.4e+38 -3.4e+38 -3.4e+38 -3.4e+38 -3.4e+38
-3.4e+38 -3.4e+38 -3.4e+38 -3.4e+38 -3.4e+38 -3.4e+38 -3.4e+38 -3.4e+38 -3.4e+38 -3.4e+38 -3.4e+38 -3.4e+38 -3.4e+38 -3.4e+38 -3.4e+38 -3.4e+38 -3.4e+38 -3.4e+38 -3.4e+38 -3.4e+38 -3.4e+38 -3.4e+38 -3.4e+38 -3.4e+38 -3.4e+38 -3.4e+38 -3.4e+38 -3.4e+38 -3.4e+38 -3.4e+38 -3.4e+38 -3.4e+38 -3.4e+38 -3.4e+38 -3.4e+38 -3.4e+38 -3.4e+38 -3.4e+38 -3.4e+38 -3.4e+38 -3.4e+38 -3.4e+38 -3.4e+38 -3.4e+38 -3.4e+38 -3.4e+38 -3.4e+38
-3.4e+38 -3.4e+38 -3.4e+38 -3.4e+38 -3.4e+38 -3.4e+38 -3.4e+38 -3.4e+38 -3.4e+38 -3.4e+38 -3.4e+38 -3.4e+38 -3.4e+38 -3.4e+38 -3.4e+38 -3.4e+38 -3.4e+38 -3.4e+38 -3.4e+38 -3.4e+38 -3.4e+38 -3.4e+38 -3.4e+38 -3.4e+38 -3.4e+38 -3.4e+38 -3.4e+38 -3.4e+38 -3.4e+38 -3.4e+38 -3.4e+38 -3.4e+38 -3.4e+38 -3.4e+38 -3.4e+38 207.749725341797 -3.4e+38 -3.4e+38 -3.4e+38 242.772537231445 160.431793212891 -3.4e+38 -3.4e+38 -3.4e+38 -3.4e+38 -3.4e+38 -3.4e+38
-3.4e+38 -3.4e+38 -3.4e+38 -3.4e+38 -3.4e+38 -3.4e+38 -3.4e+38 -3.4e+38 -3.4e+38 -3.4e+38 107.208648681641 107.146377563477 117.816566467285 -3.4e+38 -3.4e+38 -3.4e+38 -3.4e+38 -3.4e+38 -3.4e+38 140.429183959961 130.795394897461 121.813079833984 126.100959777832 134.892364501953 125.296409606934 122.04175567627 130.701019287109 156.668899536133 158.250732421875 137.973587036133 -3.4e+38 -3.4e+38 -3.4e+38 45.3535346984863 57.7583084106445 139.374038696289 35.2463569641113 34.5336685180664 34.4785614013672 159.109924316406 122.607780456543 82.5212936401367 -3.4e+38 -3.4e+38 -3.4e+38 -3.4e+38 -3.4e+38
-3.4e+38 -3.4e+38 -3.4e+38 -3.4e+38 -3.4e+38 -3.4e+38 -3.4e+38 -3.4e+38 116.391891479492 118.345016479492 108.776336669922 105.85188293457 108.532279968262 92.7259674072266 -3.4e+38 -3.4e+38 129.922775268555 142.1005859375 140.678573608398 125.873710632324 117.797073364258 119.333641052246 112.652114868164 117.222557067871 116.881294250488 110.70539855957 117.830772399902 128.464279174805 119.459197998047 114.178009033203 85.2278823852539 74.7072525024414 58.4463195800781 52.6344337463379 42.8591461181641 35.0491714477539 37.0173988342285 35.9425048828125 28.6578197479248 28.7308940887451 29.36376953125 27.8843765258789 26.8706188201904 25.6267223358154 -3.4e+38 -3.4e+38 -3.4e+38
-3.4e+38 -3.4e+38 -3.4e+38 -3.4e+38 -3.4e+38 -3.4e+38 -3.4e+38 -3.4e+38 113.255561828613 109.570343017578 102.271606445312 93.837890625 96.7972106933594 90.8986892700195 100.250869750977 130.44140625 128.698791503906 125.105819702148 126.32991027832 132.90495300293 107.929679870605 93.11376953125 78.1842575073242 75.3937149047852 71.611946105957 78.2294387817383 79.5457992553711 79.1599807739258 71.7605285644531 74.4137496948242 59.4027328491211 51.0824356079102 46.2206878662109 43.0136260986328 41.465389251709 37.6992301940918 38.812572479248 46.2734756469727 35.1175804138184 28.2790927886963 27.2063369750977 26.5667572021484 25.5540313720703 24.8132724761963 24.4736671447754 -3.4e+38 -3.4e+38
-3.4e+38 -3.4e+38 -3.4e+38 -3.4e+38 -3.4e+38 -3.4e+38 -3.4e+38 -3.4e+38 -3.4e+38 104.594833374023 104.46459197998 108.508209228516 101.827499389648 93.9205932617188 127.579956054688 124.609375 129.114624023438 130.441879272461 141.600997924805 150.331024169922 125.85514831543 103.376068115234 76.7702560424805 63.9591217041016 55.6795387268066 56.8102493286133 59.1224746704102 51.0763816833496 51.8204345703125 52.818286895752 48.8056182861328 46.4886436462402 42.1365203857422 36.9607429504395 34.1836967468262 31.32688331604 32.4898109436035 37.3512840270996 37.2140617370605 27.882698059082 26.7774982452393 25.8203277587891 25.6461544036865 28.2995052337646 27.5271091461182 26.8196582794189 77.3605804443359
-3.4e+38 -3.4e+38 -3.4e+38 -3.4e+38 -3.4e+38 -3.4e+38 -3.4e+38 -3.4e+38 -3.4e+38 -3.4e+38 -3.4e+38 -3.4e+38 -3.4e+38 -3.4e+38 -3.4e+38 125.247520446777 -3.4e+38 -3.4e+38 144.103851318359 161.594421386719 148.104858398438 106.644317626953 58.3603210449219 58.0398025512695 58.1967163085938 57.4367294311523 54.060131072998 51.0345802307129 41.5599746704102 41.8717193603516 44.1643524169922 42.1823348999023 35.8015213012695 33.3575973510742 31.6744480133057 38.2759742736816 36.2411041259766 39.9320259094238 30.9208641052246 27.1138515472412 25.7550411224365 23.9281711578369 23.8263740539551 23.7353343963623 24.3433074951172 24.7271213531494 50.7131881713867
114.066177368164 -3.4e+38 -3.4e+38 -3.4e+38 -3.4e+38 -3.4e+38 -3.4e+38 -3.4e+38 -3.4e+38 -3.4e+38 123.916152954102 121.348831176758 -3.4e+38 -3.4e+38 -3.4e+38 -3.4e+38 -3.4e+38 133.531219482422 128.645111083984 125.318229675293 133.344467163086 102.789810180664 63.2087783813477 56.288028717041 63.7812995910645 55.3876075744629 56.3775787353516 44.7973556518555 42.121452331543 45.6217613220215 44.2519187927246 42.020191192627 41.2273216247559 41.022819519043 40.3684768676758 48.012092590332 48.6102638244629 42.9880676269531 29.7512683868408 27.3102436065674 27.3956203460693 24.6525058746338 22.7010707855225 22.4444389343262 23.4968662261963 24.8105373382568 31.1034107208252
116.520805358887 120.963287353516 -3.4e+38 -3.4e+38 -3.4e+38 -3.4e+38 -3.4e+38 -3.4e+38 -3.4e+38 -3.4e+38 123.588348388672 119.369476318359 -3.4e+38 -3.4e+38 -3.4e+38 -3.4e+38 206.729400634766 147.502334594727 152.672348022461 130.349594116211 87.9235916137695 90.3160552978516 83.5508117675781 64.4239273071289 62.6603126525879 61.510814666748 46.03076171875 50.5370407104492 56.8934059143066 47.119270324707 42.6345672607422 37.1048851013184 37.2426719665527 38.3879508972168 38.1905250549316 44.2981185913086 48.3017425537109 44.6139831542969 32.7024116516113 27.9211654663086 29.3725490570068 26.6539249420166 23.1396007537842 21.4070873260498 21.7391147613525 23.7230110168457 29.0908432006836
246.44010925293 139.560317993164 110.456924438477 -3.4e+38 -3.4e+38 -3.4e+38 -3.4e+38 -3.4e+38 -3.4e+38 -3.4e+38 -3.4e+38 -3.4e+38 -3.4e+38 168.780395507812 305.689392089844 -3.4e+38 193.794128417969 156.017288208008 139.555053710938 98.829719543457 72.5360412597656 72.6208267211914 93.4151153564453 88.0364990234375 82.7576217651367 73.5153427124023 64.9876480102539 62.9971313476562 64.2157440185547 55.280574798584 38.092041015625 31.3322734832764 27.5281620025635 34.3699417114258 36.3805465698242 39.107349395752 41.8675651550293 49.8561592102051 38.5745735168457 37.4305801391602 46.2231941223145 41.2196960449219 28.0098628997803 21.7168636322021 21.5378322601318 23.2282009124756 24.8792266845703
273.28857421875 237.011505126953 166.400451660156 156.027603149414 -3.4e+38 -3.4e+38 -3.4e+38 -3.4e+38 123.235610961914 135.466064453125 -3.4e+38 -3.4e+38 -3.4e+38 158.831619262695 236.530792236328 -3.4e+38 -3.4e+38 -3.4e+38 125.056655883789 120.994445800781 101.506858825684 76.5471572875977 87.0246124267578 111.151802062988 106.978233337402 82.6835632324219 91.6551132202148 90.0920639038086 64.173583984375 50.2147178649902 44.7053642272949 31.6546382904053 31.9515190124512 33.7841529846191 36.5462875366211 30.6102066040039 29.3980407714844 41.3596534729004 53.0509338378906 63.691722869873 71.0465927124023 53.3481636047363 27.9586620330811 23.4928741455078 21.2512073516846 21.4511241912842 21.936559677124
146.203704833984 206.653945922852 166.425399780273 143.832611083984 190.956329345703 118.928901672363 118.443382263184 120.404098510742 104.482093811035 123.898803710938 113.536949157715 108.427886962891 125.684471130371 111.900726318359 138.157485961914 166.121276855469 260.246826171875 -3.4e+38 -3.4e+38 156.509078979492 134.749893188477 148.292221069336 156.841018676758 184.270797729492 141.52131652832 114.036819458008 95.9373931884766 75.5095138549805 53.2720069885254 37.3247756958008 27.5641860961914 34.4852981567383 40.6911430358887 34.8548202514648 28.1332149505615 24.4675769805908 25.3351783752441 38.4839363098145 62.245792388916 70.0804748535156 74.8542251586914 64.0980987548828 29.0187587738037 26.0115814208984 21.5994739532471 19.9008731842041 19.1190586090088
87.7814559936523 95.8417587280273 100.421730041504 109.923385620117 119.628570556641 110.855323791504 106.774490356445 104.422004699707 102.811782836914 97.3125762939453 97.7697143554688 98.1355590820312 98.930534362793 91.4621276855469 93.7076034545898 123.42448425293 196.446228027344 261.740112304688 -3.4e+38 192.860290527344 155.656127929688 145.456237792969 130.669326782227 94.966194152832 85.8107757568359 63.5346832275391 75.8982086181641 38.5942726135254 27.2139282226562 33.5255661010742 33.2138252258301 35.1432228088379 38.7675819396973 35.2449569702148 26.7788105010986 25.11985206604 24.3360061645508 29.0916137695312 43.461784362793 62.6484413146973 67.8564605712891 42.6397285461426 26.3638134002686 24.0301475524902 22.7390460968018 20.0846767425537 17.9197654724121
52.5701637268066 62.0665130615234 62.7479095458984 75.2546844482422 79.1381988525391 72.3624496459961 79.1130752563477 67.9655227661133 70.723747253418 84.7815399169922 69.8211975097656 67.8759307861328 59.6261520385742 58.5224990844727 59.514949798584 85.177375793457 110.132125854492 152.42578125 188.403457641602 125.107299804688 113.496154785156 55.3137512207031 31.7556304931641 32.1328392028809 36.960865020752 41.4518051147461 32.4230117797852 21.5273418426514 24.6587982177734 30.0041236877441 27.4531440734863 30.0701236724854 28.8340148925781 31.9434375762939 25.838098526001 22.929220199585 22.6134281158447 26.2564506530762 27.1330375671387 25.5157566070557 26.1661548614502 28.3742027282715 24.6651744842529 21.2768707275391 19.1472988128662 18.5975360870361 19.0229167938232
36.9828796386719 38.222713470459 40.9357566833496 53.4993515014648 58.1102905273438 52.8860244750977 61.1254425048828 41.8247489929199 41.5955619812012 45.9111442565918 50.1990432739258 54.2963981628418 63.2827529907227 58.7945404052734 48.6000900268555 47.659984588623 55.4724388122559 113.632225036621 103.891487121582 56.4482154846191 79.9222717285156 34.5815086364746 19.6555500030518 20.6361408233643 19.8462352752686 19.223424911499 18.6374816894531 16.7710933685303 22.0953502655029 25.1016712188721 22.3272762298584 22.2921390533447 21.0674495697021 21.6579170227051 22.39990234375 21.7592430114746 21.2117652893066 20.7968215942383 20.3516998291016 22.2995853424072 21.8007907867432 19.134651184082 18.903715133667 17.5947761535645 16.4048385620117 16.6201419830322 18.0200481414795
30.6486911773682 28.5610084533691 31.0414237976074 47.3463363647461 42.3683280944824 48.2221450805664 47.5600891113281 40.8308486938477 37.8103790283203 47.9363021850586 51.1032524108887 41.9221458435059 27.0275077819824 32.4630584716797 40.0391883850098 36.6492309570312 36.8180885314941 36.4802551269531 21.9545555114746 22.8044757843018 30.9429302215576 18.8931903839111 16.8593368530273 19.6495513916016 16.0705509185791 16.7631702423096 17.3289356231689 17.9433002471924 19.8477630615234 27.233585357666 25.7900619506836 20.5904178619385 23.1664924621582 23.6515884399414 21.9580421447754 20.7491283416748 21.0413818359375 21.0121231079102 19.5678539276123 18.6411609649658 17.7890586853027 21.1305732727051 19.7042579650879 19.2842330932617 18.661169052124 17.6253566741943 16.8694686889648
24.5702495574951 25.6010189056396 33.6260261535645 46.3472175598145 46.9247550964355 30.6540222167969 32.269603729248 34.4816627502441 37.9788932800293 46.4654273986816 46.1495895385742 56.1836166381836 37.3345756530762 37.8422012329102 41.4995002746582 28.2116756439209 18.811897277832 16.9841957092285 15.2681484222412 13.7311658859253 21.5193424224854 19.6796493530273 16.6379261016846 17.1722507476807 17.1444206237793 16.3843059539795 14.614164352417 15.9851055145264 19.8319053649902 32.7166023254395 20.5822772979736 20.6048812866211 21.3762798309326 19.563419342041 22.723503112793 20.9568996429443 17.9580783843994 17.3098011016846 17.311918258667 17.1266307830811 18.1709823608398 18.1026191711426 17.43821144104 18.1939468383789 17.6522808074951 16.239725112915 16.0126457214355
21.7162055969238 20.1824398040771 24.4165725708008 28.1729869842529 27.1353015899658 25.9886150360107 23.3679618835449 28.0823211669922 31.6958255767822 34.9271469116211 32.1720809936523 35.6125373840332 31.4690647125244 23.9182262420654 21.6475048065186 13.669261932373 14.0294151306152 13.7586030960083 54.3363647460938 19.5783920288086 18.6110496520996 17.4255390167236 16.1325740814209 16.5952434539795 17.6347980499268 18.2956085205078 16.345666885376 15.7294139862061 18.2972526550293 22.6267700195312 20.4063358306885 20.1844310760498 20.7749156951904 19.9709415435791 22.0116348266602 21.3705196380615 18.1352291107178 17.6337718963623 17.8051948547363 17.9878349304199 18.0074348449707 17.6240501403809 16.7567176818848 15.978702545166 15.7663259506226 16.4075546264648 17.4478645324707
17.6948909759521 18.6311931610107 17.8920822143555 19.0829086303711 19.7159996032715 23.7695560455322 21.7457160949707 22.8686237335205 33.1519508361816 39.4383735656738 31.4810581207275 22.6261138916016 20.5397090911865 15.9294500350952 16.8012638092041 13.7454147338867 12.9271459579468 13.1070594787598 60.0941314697266 38.991756439209 21.7418346405029 18.3306865692139 15.6342611312866 16.4082069396973 17.3638019561768 15.4442491531372 16.7129306793213 18.6071605682373 19.7002944946289 19.0483665466309 18.5163516998291 19.1375160217285 20.0265064239502 19.2958545684814 19.018611907959 20.3801174163818 19.6880683898926 18.5272903442383 18.5928707122803 18.0264625549316 17.0940361022949 16.8029823303223 16.4619464874268 16.0906047821045 15.9666786193848 17.9487171173096 18.5029640197754
