Ecospace-environmental-drivers/Outputs/ASCII-for-ecospace/ChlA/ChlA_X2018.12.asc
NCOLS 131 
NROWS 53 
XLLCORNER -98 
YLLCORNER 23.9265270233154 
CELLSIZE 0.133587792515755 
NODATA_value -3.4e+38 
[rows 21 to 41 of 53, columns 47 to 93 of 131]
14.8737649917603 16.0844383239746 13.9751777648926 13.6474018096924 14.7424631118774 14.8128356933594 14.307201385498 15.6112203598022 16.6303329467773 16.9497871398926 16.3389949798584 16.5390110015869 13.9861307144165 13.6315412521362 12.3847694396973 11.6894216537476 11.6687078475952 12.0129594802856 11.2080669403076 10.5873546600342 11.9045372009277 12.8112077713013 12.2625694274902 14.1258344650269 13.5768985748291 12.2713718414307 13.2778577804565 14.5704393386841 12.9042282104492 12.7118768692017 12.1931619644165 11.7889013290405 11.4815769195557 11.6119709014893 10.7743158340454 10.4234466552734 10.7516946792603 12.03271484375 10.4517116546631 11.7557954788208 11.923243522644 11.6733427047729 11.5657968521118 10.576075553894 10.8493556976318 11.2219533920288 11.1975727081299
14.4624280929565 13.7162218093872 11.9456405639648 12.4455919265747 12.9946432113647 13.0587530136108 14.7708024978638 16.4235706329346 16.2192325592041 13.9364032745361 13.3625993728638 14.1427898406982 14.714898109436 13.7363367080688 11.8343553543091 11.6791534423828 11.4451150894165 11.5129880905151 10.7899742126465 11.3919115066528 12.2502880096436 12.3799495697021 12.3561019897461 13.5538101196289 12.8225002288818 12.7092084884644 13.3710412979126 14.2347145080566 13.0030841827393 12.6357698440552 12.7650575637817 13.5580196380615 12.329044342041 11.7594947814941 11.0669937133789 10.4147367477417 10.4327926635742 11.4686079025269 11.3677682876587 12.0074844360352 11.9769659042358 11.5223598480225 11.8346881866455 10.9098091125488 10.5774126052856 11.4918909072876 11.3427591323853
12.957124710083 13.1695461273193 11.5355472564697 12.4613170623779 14.4619121551514 15.3005332946777 16.0941143035889 14.2851915359497 12.3688850402832 11.8049669265747 11.5518159866333 11.9910154342651 12.3741807937622 12.6368560791016 11.5836811065674 12.0427112579346 11.2928190231323 11.4920959472656 11.1446962356567 11.080677986145 10.9492416381836 12.0157604217529 12.1137752532959 11.9004945755005 12.7635736465454 13.0895977020264 13.4259376525879 12.9170360565186 13.4618835449219 14.0303535461426 14.466775894165 14.0401878356934 13.828989982605 12.2464227676392 11.8730182647705 10.7978096008301 11.0290899276733 12.7493543624878 11.4996786117554 11.671558380127 11.5569772720337 11.2363653182983 10.8862590789795 11.3210020065308 10.8328704833984 11.199821472168 10.5818109512329
12.8254899978638 11.9418678283691 11.7909526824951 12.4000577926636 12.2959585189819 13.4774055480957 13.4242238998413 12.895191192627 12.1198272705078 11.8950834274292 11.6511507034302 11.9208059310913 12.2318735122681 12.0428028106689 12.063325881958 11.6351156234741 11.0313148498535 11.0178747177124 11.009446144104 10.8202667236328 10.701075553894 10.711986541748 11.4284191131592 11.8285760879517 12.7873430252075 13.5260009765625 12.4618539810181 12.9448022842407 14.213752746582 12.9325304031372 12.3806753158569 13.256311416626 13.2664194107056 11.4768686294556 10.946270942688 11.063455581665 11.6118450164795 11.8882446289062 10.7727479934692 10.8413820266724 10.7251281738281 10.6609535217285 10.3704137802124 10.9968318939209 11.1354761123657 11.4690341949463 10.9178552627563
12.424521446228 11.7210464477539 11.4005355834961 12.0576314926147 12.1205291748047 13.6832408905029 13.9476871490479 12.602123260498 12.4066219329834 12.3323793411255 11.9444494247437 11.7152214050293 12.1412916183472 12.1079483032227 11.7574253082275 11.3056087493896 11.1435127258301 11.0677614212036 10.930046081543 10.5766668319702 10.4546003341675 9.98672676086426 10.5940446853638 11.0853881835938 10.7736940383911 12.1702108383179 10.3255233764648 10.3094272613525 13.5645971298218 14.5830821990967 13.0789775848389 12.4320726394653 12.0736455917358 11.3331317901611 11.4202938079834 11.5549459457397 11.4161949157715 11.5988025665283 10.7845525741577 10.1231441497803 11.1033868789673 11.7058954238892 11.5081367492676 11.1642160415649 11.1071615219116 11.1780223846436 10.9307126998901
11.3224229812622 11.3141241073608 11.1747560501099 11.3444499969482 11.600902557373 12.1409492492676 12.5395269393921 12.4757204055786 12.1383457183838 11.9334478378296 11.7294788360596 11.4123916625977 12.1904907226562 11.9198999404907 11.0353107452393 10.4794282913208 12.0043792724609 10.7210712432861 10.7862615585327 10.7463245391846 10.2162685394287 10.30735206604 9.33794498443604 9.67388820648193 9.60579681396484 9.80321311950684 9.85922908782959 9.69282341003418 10.3341102600098 10.690731048584 11.3974180221558 11.5373773574829 11.1853637695312 12.5204200744629 12.0247554779053 11.6295881271362 11.5325880050659 11.4972620010376 11.3404054641724 11.136251449585 11.0617237091064 11.2700300216675 11.0033445358276 10.9799928665161 10.8061895370483 11.2831544876099 11.936562538147
11.2593784332275 11.0824317932129 10.9045295715332 11.1150856018066 11.247730255127 11.5694627761841 11.5521364212036 11.8124933242798 11.7479963302612 11.1332912445068 11.8698902130127 11.6984739303589 11.6585865020752 11.7759103775024 11.1356544494629 11.3686628341675 11.6846227645874 11.2410125732422 10.735053062439 10.3567867279053 10.5649223327637 10.1413192749023 9.83211040496826 9.7389965057373 10.0761051177979 10.3799457550049 10.3060941696167 9.88222217559814 9.96772956848145 10.7905311584473 10.6639423370361 10.1520185470581 11.7458620071411 12.2690658569336 11.7711915969849 11.4365739822388 11.8242483139038 11.2676477432251 10.6557006835938 10.4665145874023 10.5174884796143 10.3984804153442 10.2721910476685 10.4714965820312 10.5239601135254 10.7001724243164 11.2757005691528
11.2141857147217 11.1640949249268 11.0970525741577 10.7088203430176 10.7933664321899 11.298565864563 11.6902847290039 11.0876264572144 11.8272228240967 11.551139831543 12.0712070465088 11.2419414520264 11.598331451416 12.0263357162476 11.6939868927002 11.9582586288452 11.4725828170776 10.8304023742676 10.9976453781128 10.7306594848633 10.341438293457 10.1788768768311 9.87157821655273 10.0163469314575 9.9536304473877 10.2604398727417 10.2826499938965 10.4899139404297 9.7501974105835 10.1316480636597 9.6005687713623 10.1441650390625 10.5478744506836 10.4720582962036 11.512993812561 11.4830436706543 11.1354951858521 11.2427768707275 10.99245262146 10.8980140686035 10.4065294265747 10.5706043243408 10.3306007385254 10.6349058151245 10.3539695739746 11.0411443710327 10.6192274093628
11.2578773498535 11.2701740264893 10.959095954895 10.5337610244751 10.4981889724731 10.8910694122314 10.9132595062256 11.1916522979736 11.6821899414062 11.8944263458252 11.3882112503052 11.1318998336792 11.5763244628906 11.5790729522705 11.660964012146 11.8000993728638 11.9875707626343 12.0789775848389 10.7491960525513 10.6748275756836 10.6510944366455 10.4470138549805 10.4469537734985 9.99227237701416 9.65065956115723 9.55930423736572 10.5415945053101 10.3366765975952 10.1632804870605 10.7797880172729 9.970290184021 9.60493469238281 11.0638971328735 10.8086881637573 11.349534034729 11.1344652175903 10.3656778335571 10.8689813613892 11.1761569976807 10.8040294647217 9.28286075592041 9.81811237335205 9.99561786651611 10.6856451034546 10.7417392730713 10.6948280334473 10.4799032211304
10.8210849761963 11.1977739334106 11.0856609344482 10.7338361740112 10.5090227127075 10.8900127410889 11.0607624053955 11.2276411056519 11.1221008300781 11.1599216461182 10.6076221466064 10.2623271942139 10.6439647674561 11.2685422897339 11.6975421905518 11.2459573745728 11.7760381698608 11.9662075042725 11.1466083526611 10.7736101150513 10.7318201065063 10.6799974441528 10.6616020202637 9.84131526947021 9.56953716278076 9.51812744140625 10.0449047088623 10.1540794372559 10.2502574920654 10.4068574905396 10.5490779876709 9.95427417755127 10.0032777786255 9.96905899047852 10.2914752960205 10.4569664001465 10.2665548324585 9.7658224105835 10.3761501312256 10.5270566940308 9.36292552947998 9.68657207489014 10.3153791427612 10.6150531768799 10.5324678421021 10.6523876190186 10.4615488052368
10.2661237716675 11.0403232574463 11.0242547988892 10.8667211532593 10.8315420150757 10.8155632019043 11.0079641342163 11.0108413696289 10.5780191421509 10.5893335342407 10.3197250366211 10.7402763366699 10.8790788650513 10.7177486419678 11.1799802780151 10.4313688278198 11.2571096420288 11.2817468643188 11.0983171463013 11.0940599441528 10.9828414916992 10.6550531387329 10.264720916748 9.69750022888184 9.65735816955566 9.90523624420166 9.9430570602417 9.86039638519287 9.73012447357178 9.92927932739258 9.94692420959473 10.3369379043579 9.50233840942383 9.20566749572754 9.0669469833374 9.40157222747803 9.97831249237061 10.0287914276123 10.05029296875 10.3039045333862 9.67543792724609 10.2502918243408 10.1984014511108 10.4191942214966 10.2167043685913 10.5454893112183 10.4242849349976
10.8973331451416 10.9966650009155 10.883002281189 10.768744468689 10.5668659210205 10.5255527496338 10.3819580078125 10.4633798599243 10.6589527130127 10.2642889022827 10.4089641571045 10.9591522216797 11.306378364563 10.7509260177612 11.3352966308594 10.4940967559814 10.8509702682495 10.544545173645 11.2648553848267 11.1715536117554 10.9208765029907 10.6389989852905 10.5302352905273 10.2177867889404 9.67012596130371 9.74342918395996 9.91151237487793 9.75906085968018 9.72886562347412 9.90969562530518 9.85415172576904 9.70814609527588 9.74033641815186 9.26620197296143 8.95582485198975 8.98877906799316 9.67845630645752 10.2500104904175 10.1736860275269 10.367790222168 10.3300790786743 10.4163656234741 10.4470100402832 10.6856555938721 10.5498275756836 10.7870254516602 10.5104675292969
10.5219745635986 11.5749320983887 10.7715740203857 10.6498966217041 10.2634773254395 10.5407295227051 10.8327903747559 10.7497663497925 10.5360412597656 10.8387231826782 10.5260524749756 10.1668071746826 10.2479391098022 10.4031591415405 10.7037630081177 10.4001808166504 10.1613826751709 11.137318611145 11.4152679443359 11.0536575317383 10.8606109619141 10.6438255310059 10.5001926422119 9.69738006591797 9.2122974395752 9.35842323303223 9.93981742858887 9.71489334106445 10.084324836731 10.3889322280884 10.121636390686 9.68258094787598 9.43964290618896 9.13883495330811 8.52093410491943 8.25259017944336 9.58256149291992 10.3702402114868 10.0583047866821 10.4267377853394 10.666407585144 10.3064823150635 10.2429227828979 10.5436153411865 10.5230484008789 10.7253608703613 10.3136940002441
10.4398756027222 11.108980178833 10.8100099563599 10.4711036682129 10.4205303192139 10.2752065658569 9.89817333221436 10.7962522506714 10.5982885360718 10.6877908706665 10.8246307373047 10.4130916595459 11.1601896286011 11.5704259872437 11.7932920455933 10.7478275299072 10.2511224746704 11.0043687820435 11.1910781860352 11.0735540390015 10.9667854309082 10.7290201187134 10.0313777923584 9.90510368347168 9.74275493621826 9.95114135742188 10.1154155731201 9.99342250823975 9.84536170959473 9.9094409942627 10.4384965896606 10.3779525756836 9.94519710540771 9.39168739318848 9.03562927246094 7.99127149581909 9.6022891998291 10.4256076812744 10.2581043243408 9.96108055114746 10.3068475723267 10.4428720474243 10.4717378616333 10.4591293334961 10.25315284729 10.9038648605347 11.053638458252
9.77815723419189 9.56060409545898 9.06059265136719 9.79380893707275 9.9698486328125 10.2596454620361 10.2833557128906 9.47941303253174 10.5687713623047 10.4399900436401 10.562403678894 10.0935487747192 10.3665504455566 10.9650802612305 10.1760768890381 9.60200691223145 10.0375852584839 11.0967092514038 11.1357898712158 10.9484910964966 10.7962999343872 10.4555034637451 10.0920782089233 9.91372489929199 9.86859130859375 9.76487636566162 9.92996025085449 10.1917409896851 9.8261661529541 9.78793144226074 9.57450866699219 10.0313358306885 9.8795108795166 9.73888206481934 9.37720108032227 9.15343475341797 9.15131759643555 10.3350887298584 10.3753719329834 9.83027172088623 10.1938924789429 10.0388088226318 10.3262825012207 10.4518060684204 10.268874168396 10.0952367782593 9.86044597625732
9.36282730102539 9.3391227722168 9.95228862762451 10.7665233612061 10.1417608261108 10.4508495330811 11.5011968612671 10.0772428512573 10.259859085083 10.2024841308594 10.4029588699341 10.2898960113525 10.1766872406006 10.3562612533569 10.2251405715942 9.1587381362915 10.1592311859131 10.4586448669434 10.8581495285034 10.8580379486084 10.9892253875732 11.0747337341309 10.6919822692871 10.3243007659912 9.79691314697266 9.88472175598145 9.86760520935059 9.7085428237915 9.84117698669434 9.95884704589844 9.64150714874268 9.6591100692749 10.1848039627075 10.1156387329102 9.56051731109619 9.36995887756348 8.79415607452393 9.26384162902832 8.8474006652832 8.20878601074219 9.061598777771 9.3453254699707 9.5946216583252 9.62349033355713 9.728271484375 10.2423419952393 9.91349220275879
9.66908550262451 9.70245552062988 9.42449569702148 10.2765626907349 10.2948656082153 10.1797189712524 8.98290252685547 10.1541957855225 7.6928768157959 9.56539630889893 9.26457595825195 11.1648941040039 9.77374458312988 9.29857349395752 9.67027187347412 10.0268726348877 9.94554233551025 10.2701873779297 10.5478057861328 10.7343444824219 10.7634201049805 10.8439817428589 10.8060445785522 10.2983884811401 9.81965255737305 9.93693923950195 9.9113073348999 9.7078104019165 10.0503721237183 9.79708766937256 9.74658393859863 9.74031352996826 10.0395393371582 10.4449005126953 10.0596532821655 9.45344161987305 8.99434757232666 8.88136768341064 8.96351432800293 8.96163845062256 9.45985412597656 9.52635955810547 9.54522132873535 9.8498592376709 10.2391967773438 10.4622192382812 10.4413461685181
9.67696571350098 10.2571620941162 10.1654558181763 10.4159622192383 10.2500486373901 9.9515438079834 9.57559967041016 12.3620071411133 10.9233179092407 10.2352323532104 9.02035522460938 10.6536474227905 9.51266956329346 8.05154705047607 8.9827938079834 8.9663257598877 9.23413944244385 9.69834613800049 10.2494430541992 10.6267070770264 10.9778089523315 10.6579971313477 10.4921588897705 10.1835765838623 10.1095066070557 9.74960613250732 9.78514766693115 9.81806659698486 9.88868618011475 9.8971004486084 9.87141895294189 9.86094951629639 9.85635852813721 10.0620813369751 10.2241706848145 9.83664131164551 9.23829364776611 9.13796329498291 9.52307510375977 9.76531028747559 9.8632869720459 9.67913246154785 9.69235801696777 10.1177005767822 10.4281454086304 11.1499738693237 10.8979682922363
9.86837005615234 9.80018043518066 10.0760345458984 10.3163805007935 10.6607418060303 10.3207426071167 10.4669771194458 10.1211643218994 10.1844272613525 10.5879182815552 8.89373970031738 9.65954113006592 8.59513378143311 9.23710346221924 8.71313667297363 8.9708948135376 9.18601322174072 9.92408847808838 10.2306814193726 10.0226230621338 10.186710357666 9.77853584289551 10.3021020889282 9.89825057983398 10.0665054321289 9.70785045623779 9.75455379486084 9.89212036132812 9.97182846069336 10.0158081054688 10.166332244873 9.77165603637695 9.87131500244141 9.50846195220947 9.28876781463623 9.50530242919922 9.60535144805908 9.62759590148926 9.96132946014404 9.89379215240479 9.48159694671631 9.66636276245117 9.15681648254395 9.84673023223877 10.137903213501 10.6822986602783 11.0888051986694
9.36443614959717 9.97352600097656 10.7196254730225 10.576958656311 10.9344396591187 10.9374761581421 10.1425476074219 10.1819496154785 10.02308177948 9.47629737854004 9.64909839630127 9.21962261199951 8.20761299133301 7.29473257064819 8.50946140289307 8.97050476074219 9.40939331054688 9.98328876495361 9.41506576538086 8.94957160949707 9.25061416625977 9.62947273254395 9.62464618682861 9.78284740447998 9.98957061767578 10.0496759414673 9.84233951568604 9.63578701019287 9.52623844146729 9.77922916412354 9.92458820343018 9.30917072296143 9.52956867218018 9.5412130355835 9.37160778045654 9.20562076568604 9.57621097564697 9.46609306335449 9.48693752288818 9.83865070343018 9.31008434295654 9.38057136535645 8.95289516448975 8.73348903656006 8.99917697906494 10.4768476486206 10.4281730651855
8.97254753112793 9.61520099639893 10.8204393386841 10.4380369186401 10.8587980270386 11.119891166687 10.6723566055298 10.2686367034912 9.82928562164307 10.2853860855103 11.4561882019043 8.95635223388672 7.50034761428833 7.68458271026611 7.55741262435913 10.0421705245972 9.74468612670898 9.95725345611572 9.22764492034912 8.63682270050049 8.66329956054688 9.28353118896484 9.384521484375 9.71980953216553 10.0916976928711 9.61777973175049 9.66788673400879 9.76022052764893 9.70236396789551 9.41032791137695 9.74281978607178 9.78480052947998 9.87631416320801 9.76813125610352 9.27804946899414 9.39214134216309 9.76504993438721 9.19221115112305 9.39801979064941 9.0176305770874 9.27543830871582 8.6615514755249 8.46181678771973 8.43752956390381 8.62648010253906 9.84132289886475 9.71026039123535
