Ecospace-environmental-drivers/Outputs/ASCII-for-ecospace/ChlA/ChlA_X2012.07.asc
NCOLS 131 
NROWS 53 
XLLCORNER -98 
YLLCORNER 23.9265270233154 
CELLSIZE 0.133587792515755 
NODATA_value -3.4e+38 
[rows 21 to 41 of 53, columns 47 to 93 of 131]
13.1719160079956 13.3220348358154 13.6324701309204 13.835973739624 14.8005638122559 16.1423435211182 17.7504062652588 18.7067737579346 17.7917156219482 17.458553314209 17.410680770874 17.5663585662842 15.7557315826416 14.5243644714355 13.6309022903442 12.7659826278687 13.0145616531372 13.8308868408203 12.7087898254395 12.6457595825195 12.8223524093628 11.8769912719727 11.603720664978 11.2335577011108 11.8061666488647 12.6557836532593 12.4201936721802 12.0729627609253 12.9719762802124 13.0548887252808 12.5897836685181 12.9456062316895 15.5107069015503 14.8087797164917 14.318305015564 13.0996522903442 12.9666585922241 12.2389812469482 13.090518951416 13.2218656539917 13.1744985580444 13.4492616653442 12.6143789291382 12.2183694839478 12.2422885894775 12.4456691741943 13.0562582015991
13.2462949752808 12.9833917617798 12.8725347518921 13.0965337753296 13.3332386016846 14.5337657928467 15.1948204040527 15.0986585617065 15.3798761367798 15.1468000411987 15.8536891937256 14.8918752670288 14.5112962722778 14.9801874160767 12.7013311386108 12.5468626022339 12.5593681335449 12.8149003982544 12.6828784942627 12.9633703231812 12.8321599960327 11.8821468353271 11.6043605804443 11.5011186599731 12.0039472579956 12.1621561050415 11.9671468734741 11.7332572937012 12.2157964706421 12.6455688476562 12.1845874786377 12.2651062011719 13.7264537811279 14.8583822250366 14.452898979187 13.5006856918335 12.7890281677246 12.4631204605103 13.2986011505127 13.1176376342773 13.059344291687 13.1161699295044 12.8854970932007 12.4943819046021 12.5990648269653 13.2764854431152 13.3730058670044
12.8343677520752 12.7429819107056 12.4966039657593 12.3954925537109 12.4457921981812 12.8717794418335 13.1989145278931 13.7081718444824 13.9093866348267 13.3531942367554 13.9219570159912 13.7375431060791 13.3671503067017 13.1889019012451 12.5232353210449 12.3844013214111 12.5498056411743 13.2799396514893 12.8184776306152 12.7976865768433 12.7053956985474 12.3128566741943 11.6392192840576 11.5919790267944 11.3491306304932 11.9203615188599 12.0849313735962 11.314079284668 11.3543796539307 11.6010360717773 11.727912902832 12.1783170700073 12.0456085205078 12.9933004379272 13.7788600921631 13.8190174102783 12.5090532302856 12.7009840011597 13.4263877868652 13.2337169647217 13.0635433197021 13.0392990112305 13.1578168869019 13.3238668441772 13.4629726409912 13.5411920547485 13.4426584243774
12.4909744262695 12.4937763214111 12.4429836273193 12.5329484939575 12.7170524597168 12.615761756897 12.3623952865601 12.8324003219604 14.2363653182983 14.2714185714722 14.1822643280029 14.3701753616333 14.1113138198853 13.8985242843628 12.4946575164795 12.9373941421509 13.0033874511719 12.9038286209106 12.7801599502563 13.0828332901001 12.9563875198364 12.2830047607422 11.5550775527954 11.2765865325928 11.3539028167725 11.6223278045654 11.0177803039551 10.9771814346313 11.0360260009766 10.9449005126953 11.5829200744629 11.7603769302368 11.7536745071411 12.1896810531616 13.4096899032593 13.5058889389038 13.0786390304565 12.7417783737183 12.9062118530273 12.9990215301514 13.0693864822388 13.227837562561 13.411452293396 13.3277893066406 13.4671621322632 13.5466337203979 13.3871231079102
12.203296661377 12.3486089706421 12.49462890625 12.7618417739868 12.6418628692627 12.5115852355957 12.2050828933716 12.1340560913086 12.3791189193726 13.2201948165894 13.6426496505737 13.5780944824219 14.0704574584961 13.9275426864624 12.947455406189 13.7038135528564 13.9219627380371 13.1353120803833 12.7988243103027 13.0364284515381 12.3343896865845 12.1338729858398 11.4343404769897 11.058331489563 10.997049331665 10.8286733627319 10.6273164749146 10.5819025039673 10.7231321334839 10.7270669937134 11.1239042282104 11.7493181228638 12.0876293182373 11.8277606964111 13.0036535263062 13.8999128341675 13.3473682403564 13.2028398513794 13.0048513412476 12.9777526855469 13.4801769256592 13.5658674240112 13.2580299377441 12.8627986907959 12.9523706436157 13.2728796005249 13.2040500640869
12.0448598861694 12.3207597732544 12.983772277832 13.2481117248535 13.2562217712402 12.8045673370361 12.5266714096069 12.3532123565674 12.6474523544312 12.8601140975952 13.7207269668579 13.4759187698364 13.0211658477783 13.054087638855 12.7579593658447 12.9950456619263 12.796745300293 12.8244018554688 12.9238195419312 12.6296167373657 12.1372489929199 12.2407197952271 11.5929803848267 10.9462661743164 10.7388124465942 10.7748737335205 10.858678817749 10.487283706665 10.5319347381592 10.5678091049194 10.70592212677 11.3708381652832 11.5632944107056 12.0335788726807 12.3736181259155 13.4800605773926 13.5603866577148 13.1027822494507 13.0638074874878 13.2875242233276 13.2894916534424 13.008113861084 12.9934434890747 12.3898029327393 12.9045886993408 13.5235710144043 12.9509572982788
12.1943159103394 12.8837823867798 12.8475131988525 12.9640283584595 12.7486333847046 12.7179546356201 12.7720928192139 12.7402448654175 12.9717874526978 12.7431993484497 12.8509731292725 13.097728729248 12.566029548645 12.6914196014404 12.8236618041992 12.4429588317871 12.7105922698975 12.4052820205688 12.2879552841187 12.1554317474365 12.4426259994507 12.4720468521118 11.1336946487427 10.5392370223999 10.5528345108032 10.6177463531494 10.3443012237549 10.0702753067017 10.2193689346313 10.3106575012207 10.4697065353394 10.5565557479858 10.9937086105347 11.4294357299805 11.6869173049927 12.6113176345825 13.1189041137695 13.1317520141602 12.9941711425781 13.018367767334 12.942928314209 12.9190692901611 12.2816400527954 12.4463005065918 13.1189298629761 13.1205234527588 13.0285358428955
12.2129096984863 12.4697790145874 12.7503690719604 12.6296281814575 12.4431428909302 12.3628358840942 13.1098947525024 12.9834623336792 12.9320096969604 12.6900119781494 12.7251567840576 12.8094272613525 12.7522573471069 12.7099924087524 12.4814825057983 12.8567895889282 13.0804328918457 12.9533615112305 12.1353845596313 11.1616382598877 11.5912742614746 12.1774034500122 10.1151714324951 9.80427646636963 10.2308645248413 10.0560903549194 9.79787731170654 9.65239238739014 10.0956077575684 10.283655166626 10.5079689025879 10.4160461425781 10.4126605987549 11.1241569519043 11.1215362548828 12.2220811843872 12.6587381362915 13.1039619445801 12.911675453186 13.2690353393555 13.1902379989624 12.7717227935791 12.946084022522 13.4530000686646 14.0010938644409 13.6344003677368 13.7045831680298
12.5227127075195 12.2350177764893 12.3396482467651 12.8458414077759 12.3866510391235 11.9784555435181 12.0478286743164 12.6084899902344 12.7265024185181 13.1895294189453 12.9457607269287 12.6777057647705 12.7739667892456 12.7212982177734 12.7309732437134 12.8011283874512 12.5446548461914 12.5953493118286 12.0342273712158 11.4861268997192 11.34690284729 10.4087934494019 9.90384483337402 9.63841915130615 9.6566104888916 9.77963638305664 9.79746627807617 10.0345993041992 10.3520479202271 10.4028968811035 10.5804452896118 10.6751470565796 10.7250347137451 10.8084878921509 11.0547580718994 12.1886768341064 13.6637144088745 12.7423858642578 13.2379770278931 13.0490207672119 13.2908601760864 13.5073757171631 13.7187833786011 12.8255033493042 12.7269945144653 13.6232318878174 13.3315706253052
12.8969898223877 12.9652671813965 12.806396484375 12.7658138275146 12.9447994232178 12.9761962890625 12.9475049972534 12.9563837051392 12.4881010055542 12.8194923400879 12.7306795120239 12.3395843505859 12.68821144104 12.6464738845825 12.7831735610962 12.7272005081177 12.1600513458252 11.9466724395752 11.7106761932373 11.4845724105835 10.8485155105591 10.3124399185181 10.0938196182251 9.8934154510498 9.77664375305176 9.65280818939209 9.72726821899414 10.2453460693359 10.2416191101074 10.3740644454956 10.1453742980957 10.4274616241455 10.3806505203247 10.727611541748 10.9576539993286 12.0127258300781 13.0064010620117 13.0167846679688 13.1295595169067 13.154953956604 13.328332901001 13.5097923278809 13.6361894607544 12.5299854278564 13.0463876724243 13.4264850616455 13.7273302078247
12.8299541473389 13.3125009536743 13.1666631698608 13.6222972869873 13.55198097229 13.3813247680664 13.5567569732666 13.3860702514648 13.396222114563 13.2444467544556 12.8673000335693 12.8596134185791 12.6986694335938 11.4246511459351 11.1464900970459 11.3827857971191 11.2355604171753 10.9297580718994 10.7104845046997 10.463963508606 10.1251745223999 10.2023286819458 9.77304744720459 9.74448204040527 9.55348587036133 9.76974105834961 9.79390716552734 9.9245023727417 9.81473159790039 9.93849563598633 10.1363687515259 10.3643426895142 10.2851705551147 10.5278072357178 10.8392543792725 12.2462663650513 14.0324907302856 13.2369403839111 12.7613019943237 13.1272821426392 13.1459169387817 13.4606027603149 12.7929267883301 12.8824605941772 13.2007093429565 13.4883031845093 13.6942672729492
13.2503995895386 13.4614992141724 13.6979446411133 13.7572164535522 13.547887802124 13.5884037017822 13.6329774856567 13.5857391357422 13.4947671890259 13.3592290878296 13.0046281814575 12.6861572265625 12.1885948181152 11.7650079727173 11.6496820449829 11.3071460723877 11.153302192688 10.7627954483032 10.0902490615845 10.077241897583 10.0300998687744 9.86683940887451 9.68397426605225 9.66908836364746 9.58766746520996 9.88216209411621 9.69848823547363 9.55348682403564 9.55985736846924 9.70657634735107 9.95033740997314 10.0597581863403 10.2386684417725 10.3426370620728 10.6606569290161 11.1523656845093 12.6709985733032 13.1293296813965 12.5162324905396 12.7132358551025 13.1644668579102 13.3066625595093 12.5235252380371 13.1251173019409 13.9901075363159 13.0585956573486 13.6490802764893
13.219952583313 13.5847301483154 13.7833032608032 13.8032636642456 13.7297945022583 13.8262720108032 13.5486316680908 13.2568893432617 13.4783868789673 13.9803819656372 12.6871814727783 12.46803855896 12.3305501937866 11.9519786834717 11.4689197540283 11.151834487915 11.2025394439697 10.8335189819336 10.4217195510864 10.2526884078979 10.1218032836914 9.9422721862793 9.73110294342041 9.77675819396973 9.52675247192383 9.56349468231201 9.69520378112793 9.63186073303223 9.79460334777832 9.85585498809814 10.0790414810181 9.90307426452637 10.1333637237549 10.2757921218872 10.6189908981323 10.9509630203247 12.72776222229 12.0976791381836 12.2475814819336 12.8233222961426 12.8055105209351 13.247875213623 12.1568441390991 13.7035703659058 14.182014465332 12.1773729324341 12.7704448699951
13.126293182373 13.3962392807007 13.9524784088135 13.8630533218384 13.5856647491455 13.7519817352295 13.8331804275513 13.6779441833496 13.3965549468994 12.8954591751099 12.6035842895508 12.2423696517944 12.1041793823242 11.7199048995972 11.6033363342285 11.5650281906128 11.2832260131836 11.0570068359375 10.8635139465332 10.4265012741089 10.2296524047852 10.0001087188721 9.863037109375 9.76600551605225 9.47314071655273 9.44263076782227 9.56176567077637 9.54960060119629 9.70895195007324 9.89458179473877 10.0412759780884 10.0880165100098 10.0177068710327 10.1840353012085 10.7724123001099 10.7734756469727 11.2179584503174 11.393274307251 11.9951009750366 12.8184394836426 12.8346691131592 13.1881141662598 13.5411443710327 10.2903671264648 11.4205465316772 11.0814990997314 11.4006900787354
13.0643844604492 13.2091674804688 13.1102695465088 13.3391380310059 13.7018890380859 13.7538166046143 13.6306085586548 13.4326848983765 12.908712387085 12.0373983383179 12.2764921188354 12.1597442626953 12.0085144042969 11.8255577087402 11.8725738525391 11.6176099777222 11.3520736694336 11.0412750244141 10.9749784469604 10.5013227462769 10.2525777816772 10.0960845947266 9.87354755401611 9.8325023651123 9.84489631652832 9.66984558105469 9.70945739746094 9.88492012023926 9.92356491088867 10.2048807144165 10.1647624969482 9.9373950958252 9.88438129425049 10.088662147522 10.8670558929443 11.5753602981567 11.7891712188721 11.1552095413208 11.7791433334351 11.7852878570557 12.1641960144043 11.6940145492554 11.3572950363159 10.5646820068359 11.851469039917 11.2388305664062 10.9952993392944
13.6031341552734 13.3351535797119 13.1890420913696 13.4293527603149 13.6791887283325 13.6538152694702 13.4856081008911 13.0456037521362 12.9286851882935 12.7459402084351 12.1399927139282 12.0290775299072 12.3663749694824 12.1769323348999 11.8466663360596 11.4753170013428 11.1565456390381 10.9294929504395 10.8585157394409 10.3446216583252 10.0136013031006 9.92470169067383 9.70431518554688 9.7509651184082 9.88267707824707 10.1067819595337 9.99899101257324 9.91315937042236 10.2454395294189 9.8931999206543 9.86095142364502 9.81541442871094 10.1372337341309 10.3587350845337 10.799614906311 11.1215019226074 11.7133140563965 11.7153911590576 11.2262744903564 11.2414398193359 11.2828693389893 11.0749053955078 11.4009275436401 10.8616733551025 11.7011203765869 10.8735551834106 10.7496395111084
13.2954454421997 13.2049903869629 13.0285711288452 13.4267654418945 13.4646711349487 12.9972486495972 12.9000682830811 13.2390794754028 13.0357103347778 12.5626754760742 12.1873073577881 12.0205183029175 12.274432182312 12.2567338943481 12.3491907119751 12.0886135101318 11.3083744049072 10.6366262435913 10.4199810028076 10.0596141815186 10.0506601333618 9.93203830718994 9.86280059814453 10.0974264144897 10.2963562011719 10.2880353927612 10.0159692764282 9.85217189788818 10.0294361114502 9.92272853851318 9.804518699646 9.95375823974609 10.1080665588379 10.3026723861694 11.7583904266357 12.9448699951172 12.7771711349487 12.3666610717773 11.7867259979248 12.0563125610352 12.3788566589355 11.3808736801147 10.6809043884277 11.6530704498291 11.0368709564209 10.6634798049927 10.9264707565308
13.0624933242798 12.9814710617065 12.9204912185669 13.0798311233521 13.5457925796509 12.9657068252563 12.2145252227783 12.8160543441772 12.6775331497192 12.9099721908569 12.8904371261597 12.8080492019653 12.4420490264893 12.067850112915 12.2453737258911 11.1111335754395 10.8116960525513 10.6855449676514 10.1951837539673 10.1323461532593 10.2475452423096 10.2813520431519 10.1276512145996 10.0938310623169 10.3959474563599 10.1152486801147 9.79437160491943 9.43183326721191 9.74416065216064 10.0918531417847 9.96083831787109 10.1585559844971 10.0289630889893 11.1592884063721 13.0660972595215 13.3952980041504 13.1866722106934 12.041748046875 12.8057851791382 12.4559726715088 11.4254331588745 10.9119825363159 11.225399017334 11.5184164047241 10.7674674987793 10.8351259231567 10.9552869796753
12.9053106307983 12.8910236358643 12.8077459335327 13.0047883987427 13.025616645813 12.7368640899658 11.4392309188843 11.7017755508423 12.1370887756348 12.204026222229 12.6151399612427 12.6391887664795 12.4661903381348 12.0474376678467 11.9402828216553 11.7796859741211 12.1591339111328 11.2738599777222 10.8078269958496 10.6015424728394 10.4544057846069 10.5021924972534 10.2639017105103 10.0539274215698 9.92970943450928 9.6179370880127 9.50445747375488 9.26626014709473 9.42448997497559 9.28766536712646 9.57371044158936 9.84383201599121 10.3771257400513 10.5407943725586 10.460319519043 11.4980926513672 11.9919853210449 11.9146356582642 13.3082437515259 13.4534492492676 11.7853841781616 11.2795181274414 11.2508306503296 11.1759386062622 10.9687490463257 10.8298845291138 10.9659128189087
12.9059810638428 12.8495178222656 12.9077472686768 12.5896120071411 12.7610387802124 12.1917238235474 11.5890617370605 11.5505714416504 12.0302639007568 12.4589853286743 12.439549446106 12.7102079391479 12.5882720947266 12.3512449264526 12.0415515899658 12.3509931564331 12.372652053833 11.922417640686 11.2120180130005 10.3996076583862 10.2158012390137 10.390061378479 10.0197343826294 9.92634010314941 9.93650531768799 9.88620376586914 9.61299610137939 9.41146183013916 9.44188594818115 9.48749923706055 9.67007637023926 9.64744091033936 9.70101261138916 9.77644824981689 9.93488597869873 11.5702934265137 12.1204128265381 11.515645980835 12.1614646911621 12.366792678833 12.1373481750488 11.0761556625366 11.1463813781738 11.424599647522 10.9185209274292 11.0469379425049 11.31081199646
12.9721031188965 12.6421499252319 12.6414289474487 12.0772247314453 12.0207586288452 11.8620557785034 11.4751377105713 11.4869985580444 12.2224969863892 12.3083772659302 12.4150152206421 12.8903150558472 12.6513223648071 12.6363458633423 12.6796398162842 12.8042106628418 12.3987474441528 11.1903820037842 11.2763910293579 10.4307956695557 10.3119125366211 10.146785736084 9.95140933990479 9.89259243011475 9.78682994842529 9.78995704650879 9.67133140563965 9.70183277130127 9.86086750030518 9.84963417053223 9.5263671875 9.86433124542236 10.0416660308838 9.85349464416504 10.0111122131348 10.9209766387939 11.6702976226807 12.6455945968628 13.60276222229 12.0820512771606 11.4682216644287 11.7915878295898 11.4619722366333 11.8192834854126 10.6217555999756 10.706750869751 11.7914361953735
