Ecospace-environmental-drivers/Outputs/ASCII-for-ecospace/ChlA/ChlA_X2018.09.asc
NCOLS 131 
NROWS 53 
XLLCORNER -98 
YLLCORNER 23.9265270233154 
CELLSIZE 0.133587792515755 
NODATA_value -3.4e+38 
[rows 21 to 41 of 53, columns 0 to 46 of 131]
-3.4e+38 -3.4e+38 -3.4e+38 -3.4e+38 -3.4e+38 -3.4e+38 -3.4e+38 -3.4e+38 -3.4e+38 112.874549865723 125.552856445312 109.482025146484 99.8163681030273 88.1043243408203 47.9832344055176 29.4943923950195 18.0803604125977 18.5725288391113 18.1033210754395 17.2703075408936 16.7704925537109 16.3142776489258 15.3000946044922 15.0629663467407 15.159912109375 14.7211961746216 14.404468536377 14.9250917434692 14.696629524231 14.5707502365112 14.2324323654175 13.6928386688232 13.4696216583252 13.2494039535522 12.7456245422363 12.4285116195679 12.5039100646973 12.6470899581909 13.3310823440552 13.4503698348999 13.3710250854492 13.2980699539185 13.5718259811401 14.6380214691162 16.496057510376 15.4477081298828 15.4783039093018
-3.4e+38 -3.4e+38 -3.4e+38 -3.4e+38 -3.4e+38 -3.4e+38 -3.4e+38 -3.4e+38 105.085487365723 97.968620300293 107.259429931641 112.378494262695 88.7500839233398 69.5667190551758 43.3075065612793 24.8596153259277 19.1858749389648 17.7785758972168 15.0380716323853 14.4286394119263 14.0227670669556 14.2476654052734 13.6762676239014 13.6184854507446 13.7424459457397 13.7293672561646 14.003363609314 14.7119359970093 14.4809989929199 14.4854393005371 14.2332849502563 13.479079246521 13.0934066772461 12.7365560531616 12.5800132751465 12.4001340866089 12.3941192626953 12.8693008422852 12.9412403106689 13.0823583602905 13.137243270874 13.3500566482544 13.1149463653564 13.1547899246216 13.9547090530396 14.5029106140137 14.4294776916504
-3.4e+38 -3.4e+38 -3.4e+38 -3.4e+38 -3.4e+38 86.548713684082 -3.4e+38 72.3848419189453 74.3653869628906 103.781394958496 130.09391784668 82.5510406494141 34.761531829834 22.0788097381592 25.2692642211914 25.0879421234131 20.197925567627 18.4033832550049 13.7155485153198 11.9325046539307 11.7432909011841 11.8393840789795 12.2240943908691 12.8090105056763 12.216760635376 13.1971225738525 13.6143474578857 14.047721862793 14.7083168029785 14.3793916702271 14.0019683837891 13.4331521987915 13.0873174667358 12.792254447937 12.7780132293701 12.8923597335815 12.8937654495239 12.5734252929688 12.763599395752 12.8734540939331 12.8100528717041 12.8451986312866 12.6238927841187 12.5114307403564 12.7079315185547 13.2698926925659 13.628490447998
-3.4e+38 -3.4e+38 -3.4e+38 -3.4e+38 -3.4e+38 113.300712585449 55.4431800842285 60.7482109069824 90.1595001220703 58.6597557067871 56.3725776672363 37.734935760498 26.1437435150146 22.305103302002 18.5336055755615 18.945198059082 17.5634059906006 16.715970993042 12.2258338928223 11.605052947998 11.6614780426025 11.5987396240234 12.3343639373779 12.4365634918213 12.4723052978516 12.758581161499 13.1752481460571 13.4900054931641 13.7170782089233 14.7312612533569 14.2204828262329 13.6494779586792 13.6893606185913 13.4751892089844 12.8985557556152 12.9559049606323 12.6401071548462 12.4822988510132 13.0334911346436 12.844747543335 12.5122013092041 12.2567863464355 12.3823623657227 12.3246078491211 12.5920190811157 13.0603704452515 13.5841617584229
-3.4e+38 -3.4e+38 -3.4e+38 -3.4e+38 -3.4e+38 47.6803588867188 43.8358955383301 45.4825134277344 56.8490257263184 45.4159545898438 23.2304210662842 20.7800045013428 16.0545063018799 14.2185401916504 13.0454950332642 12.9083242416382 13.0844631195068 11.8526840209961 11.6499938964844 11.4795064926147 11.3326225280762 11.4317855834961 11.7645330429077 12.2533493041992 12.3814058303833 12.5903816223145 12.5269594192505 12.6301603317261 12.6701002120972 13.9093990325928 14.3612232208252 14.0203819274902 14.0574169158936 13.7163648605347 13.2661113739014 12.7263345718384 12.824291229248 13.0139312744141 13.5694808959961 13.6249494552612 12.3074150085449 11.6590518951416 12.1160650253296 12.2381315231323 12.4932136535645 13.2075328826904 13.2122507095337
-3.4e+38 -3.4e+38 -3.4e+38 -3.4e+38 -3.4e+38 43.5564460754395 39.3597030639648 28.7307929992676 28.6916618347168 32.9709205627441 17.4227333068848 16.2591381072998 13.8244724273682 12.6955003738403 12.5536775588989 11.9615020751953 10.9557991027832 11.2484893798828 11.438850402832 11.369215965271 11.2962579727173 11.228536605835 11.2140102386475 11.9632911682129 12.2170667648315 12.0417184829712 12.0354290008545 12.3324298858643 12.4182071685791 12.8879861831665 14.1327905654907 14.0305986404419 13.9119062423706 13.3393182754517 13.1648187637329 12.609375 12.4740839004517 12.9599781036377 13.0761613845825 13.0635662078857 12.4921169281006 12.4890222549438 12.4078664779663 12.1030025482178 12.1555318832397 12.4262886047363 12.909161567688
-3.4e+38 -3.4e+38 -3.4e+38 -3.4e+38 -3.4e+38 43.3732299804688 28.168607711792 26.9124126434326 25.4356479644775 19.8980960845947 17.3288040161133 14.2693376541138 12.8904628753662 12.6220693588257 12.1552953720093 11.771294593811 11.4802942276001 11.3020248413086 11.301739692688 11.4017362594604 11.4544868469238 11.4541435241699 11.3606796264648 11.9875802993774 12.1732568740845 12.0128412246704 11.8698301315308 12.0007877349854 12.1044683456421 12.2649536132812 13.3941850662231 13.7063245773315 13.4512882232666 13.0709667205811 13.2395753860474 12.8542671203613 12.9951362609863 13.1208057403564 12.9037199020386 12.8147592544556 12.8851871490479 12.8364171981812 12.5250358581543 12.0236034393311 12.1905241012573 12.7652406692505 13.5954914093018
-339999999999999996128486808808066248288.000000000000000 -3.4e+38 -3.4e+38 -3.4e+38 32.986629486084 33.673713684082 22.7552452087402 18.1570110321045 14.9874811172485 16.530065536499 13.7948226928711 12.7962999343872 12.8780717849731 12.4760437011719 12.1072368621826 12.7319679260254 11.7825202941895 12.059983253479 11.535346031189 11.7506456375122 11.9282331466675 11.8484315872192 11.6401138305664 11.809229850769 13.1514339447021 11.6848430633545 12.2789287567139 12.1489505767822 12.1764698028564 12.0100116729736 12.5755195617676 13.1836996078491 12.9998140335083 13.345477104187 13.2568511962891 12.7125310897827 12.8637704849243 13.0209712982178 12.5989637374878 12.9628105163574 13.0611352920532 12.6852598190308 12.3241243362427 12.3359365463257 12.9483795166016 13.2058753967285 14.7959976196289
-3.4e+38 -3.4e+38 -3.4e+38 -3.4e+38 40.6518211364746 30.6562175750732 20.2577991485596 16.2100849151611 15.489501953125 15.9816741943359 14.0975914001465 13.1221933364868 12.7827520370483 12.6273632049561 12.4785528182983 12.573317527771 11.9272775650024 12.1217365264893 12.353419303894 12.4437522888184 12.7088985443115 12.7025470733643 12.5294923782349 12.3994522094727 13.1514616012573 12.7229909896851 12.7356548309326 12.5465888977051 12.3307790756226 11.7598009109497 12.0542936325073 12.8151273727417 12.9042825698853 13.2909374237061 13.4365377426147 12.9985103607178 12.7759943008423 12.3185214996338 11.5993165969849 12.5092916488647 12.9008941650391 12.8699712753296 13.3746366500854 14.5752553939819 14.8854875564575 14.5246953964233 14.8819913864136
-3.4e+38 -3.4e+38 -3.4e+38 -3.4e+38 30.6447048187256 26.0561637878418 20.1535892486572 16.2696647644043 15.0540018081665 15.6186351776123 12.9944972991943 12.7316389083862 13.3196325302124 13.1988554000854 13.0159873962402 12.485785484314 12.3218231201172 12.6885118484497 12.5367002487183 12.9160804748535 12.9413089752197 12.9634370803833 12.8976459503174 12.6355218887329 13.2454490661621 13.5847730636597 11.4973630905151 12.5644187927246 12.9467878341675 12.2087917327881 11.8113222122192 12.0845489501953 12.3786096572876 12.9705610275269 12.7933597564697 12.9044513702393 12.5300531387329 12.4326238632202 12.3032941818237 12.1699504852295 13.6320867538452 14.2472810745239 14.2874298095703 14.6190948486328 14.4955615997314 14.3712863922119 14.9543056488037
-3.4e+38 -3.4e+38 -3.4e+38 -3.4e+38 35.0228538513184 27.9479064941406 20.154333114624 17.5862274169922 15.4521369934082 15.7383995056152 14.3719282150269 11.7990140914917 13.1972732543945 13.5114068984985 12.9436817169189 12.3933048248291 12.4739456176758 13.2876434326172 13.2869920730591 12.5372219085693 12.8945083618164 13.0776138305664 13.2188873291016 13.0670614242554 12.912672996521 13.3887901306152 12.8071594238281 11.7654886245728 12.8359842300415 12.1757802963257 12.3345994949341 12.0405511856079 12.4593496322632 13.4224195480347 12.4218235015869 12.2160444259644 12.4993724822998 12.3612298965454 13.167573928833 13.8545513153076 15.3548316955566 13.5600261688232 14.5875568389893 15.0457410812378 14.309775352478 13.6918020248413 14.4318571090698
-3.4e+38 -3.4e+38 -3.4e+38 -3.4e+38 -3.4e+38 30.0815830230713 23.0644645690918 17.7094650268555 15.3237686157227 14.7157030105591 15.4420700073242 12.510103225708 12.6378774642944 13.6382818222046 13.8656444549561 13.6244621276855 12.6422681808472 12.5845232009888 13.3649787902832 12.7124061584473 12.6750478744507 13.0335388183594 13.2642660140991 12.9618062973022 13.225980758667 13.4739427566528 13.3644361495972 12.5520267486572 12.3207216262817 12.265736579895 12.2238235473633 12.0205173492432 12.2334280014038 12.8019685745239 11.8775577545166 11.5812311172485 11.9553985595703 12.0763683319092 12.4778575897217 13.1462001800537 12.3447647094727 12.4173564910889 13.0830869674683 14.012993812561 14.5889711380005 13.9282789230347 14.7813320159912
-3.4e+38 -3.4e+38 -3.4e+38 -3.4e+38 -3.4e+38 28.3316040039062 25.7508296966553 17.5908317565918 14.387336730957 15.7116689682007 17.1520290374756 13.0715208053589 12.1991090774536 12.8852910995483 12.8268156051636 12.7719678878784 12.59401512146 12.2592554092407 13.2945203781128 13.114631652832 12.8975391387939 12.8196516036987 13.0894269943237 12.9214525222778 12.7635402679443 12.1924085617065 12.3355474472046 12.2471494674683 11.8992929458618 12.1146717071533 11.6374864578247 12.0025997161865 11.8311061859131 12.1477851867676 11.820426940918 11.8843832015991 11.8802976608276 12.3224010467529 12.4415922164917 13.0428514480591 12.6731185913086 12.2221431732178 12.1107149124146 12.8559446334839 14.6498527526855 14.0527849197388 14.9663105010986
-3.4e+38 -3.4e+38 -3.4e+38 -3.4e+38 -3.4e+38 29.9328231811523 27.1798553466797 18.6730995178223 14.1537675857544 13.2684001922607 13.7314720153809 13.1665945053101 12.5781307220459 13.3391237258911 12.1314744949341 11.736912727356 11.8696260452271 12.0871992111206 12.6653604507446 11.9501142501831 12.2740058898926 12.2775068283081 12.5473394393921 13.0431699752808 12.388973236084 11.6066341400146 11.7811431884766 11.8801584243774 11.5009984970093 11.6299676895142 11.6409091949463 12.0182008743286 11.2255363464355 11.5608806610107 11.591139793396 11.73987865448 11.3949918746948 11.7754697799683 11.9601211547852 12.9083738327026 13.3451137542725 12.1810998916626 11.9117450714111 12.3387613296509 13.0152702331543 12.8501091003418 13.6537590026855
-3.4e+38 -3.4e+38 -3.4e+38 -3.4e+38 -3.4e+38 41.5331954956055 31.097972869873 20.1744823455811 15.3817405700684 14.0903062820435 13.7082452774048 14.0838308334351 13.65807056427 13.0941905975342 12.6083364486694 11.9145212173462 11.6754236221313 11.8826351165771 12.1264038085938 11.8712453842163 11.9556827545166 11.1356372833252 11.3615627288818 11.6413421630859 12.1789627075195 11.9848003387451 11.0364904403687 11.524341583252 11.3921699523926 11.4547147750854 11.2932891845703 11.1632080078125 11.5724239349365 12.0392818450928 12.0515975952148 12.1455926895142 11.9153642654419 11.9042387008667 12.4315767288208 12.4678859710693 12.658224105835 12.4151039123535 12.2689304351807 11.8332462310791 12.3347539901733 12.8252973556519 13.22962474823
-3.4e+38 -3.4e+38 -3.4e+38 -3.4e+38 -3.4e+38 60.0100517272949 37.5804328918457 20.5987873077393 16.8045692443848 16.7866172790527 16.0728492736816 15.1024074554443 13.6629161834717 13.3155269622803 13.0103912353516 12.3843278884888 12.1616487503052 12.3010234832764 12.3300189971924 11.7230405807495 11.8923873901367 10.589937210083 10.3609857559204 11.2037076950073 12.0597772598267 11.8834848403931 10.5477733612061 10.9377164840698 11.0896902084351 11.3242053985596 11.2948522567749 11.1362075805664 11.491641998291 12.1023778915405 11.8151159286499 11.9770774841309 12.0408725738525 12.0312643051147 12.0003156661987 11.7235345840454 11.760293006897 11.8631429672241 11.6608419418335 10.9644002914429 11.6371479034424 12.4318475723267 13.4846363067627
-3.4e+38 -3.4e+38 -3.4e+38 -3.4e+38 -3.4e+38 -3.4e+38 33.0523147583008 20.8004970550537 17.7845363616943 15.0077676773071 14.1485786437988 13.6330852508545 13.4260864257812 13.162181854248 13.1490097045898 12.6630907058716 12.0762691497803 11.381947517395 11.4444198608398 11.4218072891235 11.7313461303711 10.5749368667603 10.4177331924438 10.248423576355 10.6209478378296 11.0282649993896 10.3798570632935 10.8556299209595 10.7855062484741 10.7905149459839 11.0021839141846 11.1781768798828 11.4302701950073 11.5223455429077 11.5765972137451 12.1104345321655 12.1700000762939 12.1972379684448 11.869607925415 11.7935495376587 11.5279130935669 11.6275796890259 11.5695362091064 11.4302730560303 13.6111478805542 12.8802223205566 12.9343519210815
-3.4e+38 -3.4e+38 -3.4e+38 -3.4e+38 -3.4e+38 -3.4e+38 23.1821670532227 17.3037071228027 14.5164451599121 13.9777355194092 13.1210927963257 12.702317237854 12.9229230880737 13.3197765350342 12.9550018310547 12.5678110122681 11.9404458999634 11.3078126907349 11.0121545791626 11.1018657684326 10.8854990005493 10.5084676742554 10.4274816513062 10.4157791137695 10.0749673843384 10.6347417831421 10.5089626312256 10.9070177078247 11.0064744949341 10.9892139434814 10.8459444046021 11.0808362960815 11.4291868209839 11.512825012207 12.1430625915527 11.9142646789551 11.7060918807983 11.80885887146 11.6814947128296 11.4359712600708 11.3622274398804 11.2703342437744 11.5378713607788 11.6866292953491 12.1301755905151 12.6605358123779 12.9616718292236
-3.4e+38 -3.4e+38 -3.4e+38 -3.4e+38 -3.4e+38 -3.4e+38 21.8230209350586 15.7093877792358 14.5949764251709 13.9285755157471 13.1173572540283 12.6694974899292 12.4643754959106 12.2603588104248 12.6609792709351 12.1445465087891 11.9031219482422 11.830192565918 11.2088470458984 11.2044849395752 10.5916719436646 10.6153125762939 10.4314365386963 10.3051338195801 10.0431327819824 10.103066444397 10.1858043670654 10.5651903152466 10.898585319519 10.9292850494385 10.707859992981 11.0587005615234 11.3852453231812 11.8914575576782 12.2168769836426 12.1980676651001 11.6133575439453 11.8549976348877 11.3488702774048 11.5918474197388 11.8321514129639 11.5953512191772 11.3306179046631 11.4134817123413 11.5380487442017 11.9872179031372 11.7599620819092
-3.4e+38 -3.4e+38 -3.4e+38 -3.4e+38 -3.4e+38 21.3045921325684 19.5019798278809 15.745304107666 13.5358390808105 13.3201026916504 13.0611400604248 12.4850702285767 11.6841039657593 12.3459167480469 12.7674703598022 12.446364402771 11.878490447998 11.893931388855 11.3834562301636 10.6851930618286 10.5286664962769 10.3940267562866 10.2090358734131 9.91208267211914 9.87542629241943 9.99698543548584 10.333517074585 10.6060943603516 10.6192483901978 10.5947418212891 10.6463489532471 11.1689567565918 11.2623491287231 11.6929483413696 11.8393640518188 11.7983808517456 11.6534395217896 11.75865650177 11.6588459014893 11.974684715271 12.2657127380371 12.1615180969238 12.1486349105835 11.2370529174805 11.2048597335815 11.3396453857422 11.6541719436646
-3.4e+38 -3.4e+38 -3.4e+38 -3.4e+38 -3.4e+38 19.9646587371826 16.4072322845459 14.8886775970459 13.6761751174927 13.0531558990479 12.1615829467773 12.0445737838745 12.624828338623 12.2223024368286 12.2705307006836 12.1379976272583 12.0668983459473 11.7575311660767 11.2033882141113 10.3942279815674 10.7378787994385 10.2359056472778 10.1864166259766 9.97699451446533 10.0825977325439 10.1697111129761 10.357385635376 10.7583208084106 10.8319234848022 10.6245098114014 10.5585536956787 10.9803953170776 11.0742101669312 11.5226020812988 11.6281976699829 11.605788230896 11.6399240493774 11.6065340042114 11.6594591140747 11.3305835723877 11.8166255950928 11.4257106781006 11.4800405502319 11.0599231719971 10.7291402816772 10.9601984024048 11.5350904464722
