Ecospace-environmental-drivers/Outputs/ASCII-for-ecospace/ChlA/ChlA_X2015.01.asc
NCOLS 131 
NROWS 53 
XLLCORNER -98 
YLLCORNER 23.9265270233154 
CELLSIZE 0.133587792515755 
NODATA_value -3.4e+38 
[rows 21 to 41 of 53, columns 47 to 93 of 131]
22.9417362213135 24.2362957000732 30.6719608306885 36.0585174560547 33.1227188110352 31.9421672821045 31.0197486877441 29.4965171813965 25.3454780578613 24.1534729003906 24.5164985656738 26.1381244659424 42.454418182373 55.0608825683594 44.9060134887695 31.3420009613037 33.6521415710449 20.4687786102295 20.4701232910156 25.0725994110107 23.4175891876221 23.3886756896973 22.0541248321533 29.3334445953369 27.0453433990479 18.3383483886719 17.0273590087891 16.5704879760742 17.698751449585 18.5654544830322 18.5279407501221 18.3508567810059 19.2753429412842 20.1235790252686 20.5583076477051 21.4553756713867 21.4442195892334 21.069465637207 20.5006809234619 20.0157432556152 20.1371650695801 18.5557498931885 18.0041198730469 18.0791873931885 17.555778503418 17.7597332000732 18.0436458587646
23.0867748260498 24.8357563018799 25.1471538543701 22.2216911315918 22.1726455688477 22.6012287139893 22.1125144958496 21.5746192932129 21.64621925354 22.6667327880859 23.8146057128906 29.9357051849365 46.2273063659668 44.6853904724121 22.7790489196777 22.0398998260498 26.8490295410156 28.2787456512451 20.1848182678223 21.8970413208008 25.595043182373 28.5885677337646 28.2689971923828 20.561222076416 17.3178749084473 17.4362144470215 17.6073741912842 17.3725814819336 17.3354969024658 18.2118511199951 19.3096485137939 19.0322189331055 19.3120498657227 20.1017627716064 20.3425159454346 20.8396472930908 21.0338611602783 20.7583980560303 20.1954326629639 19.9118003845215 20.0475311279297 19.3314037322998 18.5434627532959 17.6782779693604 16.87744140625 17.6766662597656 18.8185443878174
24.0470409393311 24.929874420166 24.8657913208008 24.0715065002441 23.0135593414307 22.524320602417 23.1910076141357 22.0500259399414 21.4773292541504 21.3640785217285 26.0597972869873 35.0896530151367 40.0150184631348 40.0199165344238 22.2197132110596 22.334135055542 20.7782783508301 27.0479621887207 33.7469291687012 31.0213966369629 28.6860580444336 22.951135635376 17.5553607940674 16.7263984680176 17.0260238647461 16.9708576202393 17.0597476959229 17.1188259124756 17.5345706939697 17.6878700256348 18.3257884979248 19.4207077026367 18.8831043243408 18.7436180114746 20.1350612640381 20.4791049957275 20.3326892852783 20.744234085083 20.670223236084 20.4921073913574 19.9480628967285 18.8734855651855 17.3684883117676 16.5825672149658 16.4178943634033 17.310037612915 18.2338714599609
23.1127910614014 23.3519096374512 23.4013729095459 23.2241077423096 22.753303527832 22.6158046722412 21.4073448181152 20.1777153015137 19.1434593200684 19.2954006195068 20.3491191864014 22.6967277526855 27.9269218444824 36.2440452575684 30.0427761077881 24.1727848052979 23.3273906707764 24.127815246582 25.7218914031982 24.6262264251709 19.7236270904541 17.5413684844971 16.9397830963135 16.4338436126709 16.2242527008057 16.2863349914551 16.6679668426514 16.8702201843262 17.0476875305176 17.2911529541016 17.7976779937744 18.1980876922607 19.3082046508789 18.7895793914795 18.8283309936523 18.870756149292 19.6308059692383 20.2978649139404 20.0880146026611 20.0207233428955 18.8042049407959 16.8354930877686 16.2684364318848 16.1887512207031 16.2256813049316 18.3133277893066 19.4345226287842
21.8956756591797 22.2005558013916 21.8867263793945 21.6084995269775 21.6083717346191 20.5631122589111 19.4066143035889 18.7860698699951 18.5809421539307 19.0308513641357 18.7982025146484 24.5021705627441 19.5880031585693 18.8518848419189 18.2238273620605 17.9992656707764 18.3010883331299 18.5697002410889 18.1979198455811 17.7615203857422 17.095178604126 16.7660789489746 16.6316909790039 16.4106254577637 16.0603733062744 16.2048397064209 16.4061717987061 17.1620082855225 16.4806365966797 16.5425205230713 16.8853034973145 17.3706741333008 18.2646217346191 19.0995197296143 18.9813060760498 18.1992530822754 17.8425445556641 18.3129749298096 18.1523303985596 17.977294921875 17.0639190673828 16.0391616821289 16.2918300628662 15.851466178894 16.2000675201416 18.3485679626465 19.4467105865479
21.244176864624 20.9209156036377 19.8201065063477 19.0810012817383 19.5087738037109 19.2503795623779 18.8472061157227 18.5958404541016 18.3879547119141 18.6787300109863 18.6415710449219 18.6756687164307 18.1392784118652 17.966329574585 17.9624576568604 17.7061634063721 17.6974639892578 17.7212390899658 17.260570526123 17.0568084716797 16.8134841918945 16.9215908050537 16.8179607391357 16.6167755126953 16.4630336761475 16.3061294555664 16.7273654937744 16.8411178588867 16.4781913757324 16.5256290435791 16.8812313079834 17.3809223175049 18.0727958679199 18.1594905853271 18.8246021270752 18.2076950073242 17.4098243713379 17.4588794708252 17.2778873443604 17.2266693115234 16.9129695892334 17.0788516998291 16.8943004608154 16.4720802307129 17.137767791748 19.4352989196777 19.5352973937988
19.6099624633789 19.2657127380371 19.3346176147461 18.4861660003662 17.5524253845215 17.183069229126 17.3361549377441 17.7965927124023 17.6935596466064 17.8923625946045 17.9398536682129 17.7273368835449 17.4882698059082 17.5965061187744 17.3584060668945 17.3624725341797 17.0188369750977 16.9993762969971 16.6463451385498 16.5979518890381 16.5924434661865 16.5691776275635 16.5280666351318 16.7325668334961 16.7081489562988 16.3968944549561 16.6524467468262 16.6359519958496 16.4078998565674 16.4866809844971 16.695240020752 17.3192749023438 17.6455955505371 17.1678466796875 18.3035621643066 17.9270629882812 16.9260845184326 16.7179336547852 16.4882678985596 16.8328304290771 17.0312538146973 17.0347137451172 17.0346908569336 16.590446472168 16.6190433502197 18.6072807312012 19.367359161377
19.6916370391846 21.0323104858398 20.3776187896729 16.836389541626 16.9857177734375 17.1497364044189 17.1581592559814 16.9625129699707 17.2063999176025 17.10986328125 17.1067733764648 17.2352066040039 17.3306636810303 17.1003170013428 16.9168643951416 16.8254642486572 16.5270137786865 16.6201286315918 16.802562713623 16.5485534667969 16.7208805084229 16.5803413391113 16.7042293548584 16.8406181335449 16.6837635040283 16.5658836364746 16.6923999786377 16.4660015106201 16.3907070159912 16.4617748260498 16.8563480377197 16.9558753967285 17.1988430023193 16.9647254943848 17.9194774627686 17.796630859375 16.6700649261475 16.9058017730713 16.6572303771973 16.7246685028076 17.180456161499 17.176887512207 17.0047016143799 16.3556976318359 16.8831253051758 18.8498039245605 19.3613357543945
19.1920700073242 18.5970649719238 16.9549388885498 16.5288906097412 16.6926212310791 16.8316059112549 16.9261512756348 17.2886066436768 16.7971496582031 16.3307285308838 17.2357196807861 17.3549861907959 16.7580661773682 16.8121433258057 16.6223678588867 16.2152576446533 16.0593070983887 16.1982650756836 16.6220054626465 16.6179370880127 16.8872718811035 16.8420829772949 16.8608512878418 16.493688583374 16.187255859375 16.4742679595947 16.4972038269043 16.2579307556152 16.191162109375 16.2845783233643 16.4331226348877 16.638599395752 17.3153705596924 17.2375030517578 16.9903907775879 17.384349822998 17.1217708587646 16.621997833252 16.5610790252686 16.8278999328613 17.6451225280762 17.3473873138428 16.9918060302734 16.5411472320557 16.8575286865234 18.632474899292 18.3515663146973
17.1993370056152 16.8931179046631 17.3908805847168 17.0781192779541 17.273962020874 16.9312553405762 16.9930210113525 17.0187397003174 17.2064113616943 17.0088043212891 16.901086807251 17.4159030914307 17.0850868225098 16.7801570892334 16.2069854736328 16.1448364257812 15.9874134063721 15.9455299377441 16.525764465332 16.7354946136475 16.836217880249 16.8118457794189 16.755729675293 16.333517074585 16.0993461608887 16.1313323974609 16.4212512969971 16.3045959472656 16.236083984375 16.1758441925049 16.2310943603516 16.5436344146729 17.0888824462891 17.2298164367676 16.8853931427002 17.4965591430664 17.2256736755371 16.4593715667725 16.3066005706787 17.228120803833 17.3764762878418 16.9788284301758 16.7648258209229 16.5615577697754 16.927562713623 17.8803043365479 18.0395488739014
17.452262878418 17.5740718841553 17.3304710388184 16.8665580749512 17.0563011169434 16.4246006011963 17.1037540435791 16.889196395874 17.078405380249 17.0994510650635 16.9186916351318 17.7224655151367 17.0983009338379 16.4572010040283 16.1858806610107 16.178394317627 16.0805168151855 16.0295848846436 16.4205913543701 16.5453777313232 16.6394538879395 16.6425342559814 16.4993476867676 16.140832901001 16.1717014312744 16.2825794219971 16.182918548584 16.2303924560547 16.1492023468018 16.2499294281006 16.2922096252441 16.6792106628418 16.9028568267822 17.0537281036377 16.9442291259766 17.1688594818115 16.711540222168 16.0128707885742 16.1786231994629 17.1959342956543 16.5644855499268 16.3014736175537 16.2062435150146 16.7094135284424 17.2878379821777 17.9859313964844 18.1934795379639
16.8469867706299 16.4595947265625 16.6070251464844 17.3817157745361 17.6724796295166 17.7347259521484 17.3587532043457 16.9758529663086 17.3735885620117 17.2219142913818 16.9015274047852 16.8708686828613 17.0099563598633 16.7912979125977 16.6961250305176 16.5292186737061 16.6901988983154 16.3631401062012 16.3351707458496 16.319149017334 16.3556537628174 16.351957321167 16.28098487854 16.1500053405762 16.1378707885742 16.1673011779785 16.2379016876221 16.097469329834 16.1549816131592 16.3809700012207 16.3461742401123 16.5272159576416 16.4637985229492 16.9252243041992 17.6075477600098 17.7597827911377 16.5784168243408 16.0526123046875 16.3008594512939 16.6101570129395 16.2695827484131 16.0969390869141 16.4987754821777 17.1104431152344 17.5410251617432 17.8181438446045 18.0132846832275
17.0932312011719 16.6830081939697 17.2609386444092 17.967077255249 17.2508354187012 16.4186305999756 16.3545398712158 16.5033645629883 16.5353679656982 16.7264556884766 16.7345447540283 17.0613460540771 17.1787300109863 17.1124572753906 17.1073188781738 17.460090637207 17.4467811584473 16.8691787719727 16.3617305755615 16.0550117492676 16.1408939361572 16.2303581237793 16.2401332855225 16.365198135376 16.4792156219482 16.2986431121826 16.3749732971191 16.1774406433105 16.0837173461914 16.295503616333 16.6746120452881 16.7628650665283 16.7661800384521 16.942102432251 17.1730575561523 17.4759769439697 16.5822525024414 16.3276062011719 16.3216419219971 15.8399600982666 16.437671661377 17.5951843261719 17.2361679077148 18.0907192230225 18.2037105560303 18.02858543396 17.9359321594238
17.5581741333008 17.3267154693604 17.0276069641113 16.954252243042 16.9528942108154 16.5847434997559 16.4504566192627 16.3354549407959 16.0898456573486 15.8589715957642 15.7216577529907 15.9255819320679 16.4180088043213 16.9152908325195 17.3459644317627 17.8307991027832 17.4713497161865 16.5526466369629 16.1897621154785 16.3831768035889 16.2123222351074 16.0508098602295 16.0927181243896 16.1896915435791 16.2790470123291 16.4372692108154 16.3362712860107 16.1500778198242 16.3045749664307 16.1002674102783 16.5516796112061 16.4607315063477 16.5424633026123 16.9209537506104 16.9967823028564 17.3460216522217 16.8978252410889 16.5532398223877 16.1947555541992 15.8527021408081 17.8285484313965 18.0492420196533 17.5253047943115 16.8838081359863 16.4502487182617 16.0251789093018 15.6166906356812
17.0662231445312 16.8168449401855 16.5769424438477 16.9990367889404 17.3727550506592 17.0194435119629 16.8162994384766 17.0395126342773 17.1553344726562 16.1835441589355 15.660795211792 15.6506881713867 15.7641592025757 16.5063133239746 16.8464431762695 17.256534576416 17.3098106384277 16.8398342132568 16.4772491455078 16.427791595459 16.3310432434082 16.0478744506836 16.0423908233643 15.9882688522339 16.048412322998 16.2901496887207 16.2870979309082 16.2400150299072 16.2737789154053 16.1061019897461 16.2915420532227 16.5956344604492 16.8380088806152 17.208137512207 17.2751789093018 17.9298820495605 17.3555316925049 16.5771923065186 16.2958564758301 16.9336223602295 17.8587188720703 17.4537220001221 17.5918598175049 17.0261878967285 16.5492820739746 16.3271751403809 15.5782279968262
16.3872375488281 16.3482837677002 17.3404121398926 17.7452373504639 17.6438999176025 17.4740943908691 17.5485782623291 17.8557777404785 17.7792568206787 17.5106430053711 17.3645668029785 16.4892024993896 16.5002574920654 16.3643074035645 16.3241691589355 17.032262802124 17.6335697174072 17.1436042785645 16.8710918426514 16.4475879669189 16.3071098327637 16.1684474945068 16.2181434631348 15.8718309402466 16.3138313293457 16.4669876098633 16.6461601257324 16.7419776916504 16.659423828125 16.7151012420654 16.7440872192383 16.9842834472656 17.3530826568604 17.1575164794922 17.2202434539795 17.3473720550537 16.8862838745117 16.1865711212158 16.9257850646973 17.4135971069336 17.072322845459 17.3654251098633 17.4297676086426 17.1625785827637 16.9171485900879 16.3868408203125 16.2282524108887
16.5134716033936 16.5220775604248 17.0290298461914 17.4344425201416 17.5262641906738 17.2345428466797 16.2991771697998 16.8947734832764 17.6519947052002 18.0258178710938 17.1865863800049 16.7288150787354 16.1871757507324 15.9350051879883 15.779655456543 16.4690647125244 17.1352100372314 17.6812477111816 17.5293197631836 17.0095882415771 16.5780563354492 16.6201686859131 16.2786388397217 16.4522666931152 16.3228092193604 16.6961879730225 17.0827579498291 16.77610206604 16.95774269104 17.2038173675537 17.4677696228027 17.5747928619385 17.7852363586426 17.1127796173096 17.6125354766846 17.7925662994385 17.1441974639893 16.3259410858154 16.8650856018066 17.1550235748291 16.6088027954102 16.958890914917 17.2355079650879 16.9305362701416 16.365177154541 16.5226554870605 16.5896434783936
16.7313995361328 16.5198364257812 16.2644157409668 17.1097450256348 17.0281562805176 16.5867462158203 16.5842399597168 16.4690170288086 17.1257839202881 17.9263362884521 17.3273887634277 16.5197315216064 15.9979286193848 15.96803855896 15.8155689239502 16.1002922058105 16.3629913330078 17.5148830413818 17.0222129821777 17.3875122070312 17.7605133056641 17.1212673187256 16.6709632873535 16.1477432250977 15.9696407318115 16.8858737945557 17.1528339385986 17.1818504333496 17.6576328277588 17.7825679779053 17.7577972412109 17.8459892272949 17.6225490570068 17.5831146240234 17.8331317901611 17.1028957366943 16.9200286865234 16.7059497833252 16.6260948181152 16.3760089874268 16.4713611602783 17.0734729766846 17.0691947937012 16.7985668182373 16.3211975097656 16.3273830413818 16.3786678314209
16.1543407440186 15.7811460494995 15.6092319488525 16.1743202209473 15.9492607116699 16.0062236785889 16.2315235137939 16.6422214508057 17.2200717926025 17.8660488128662 17.1733436584473 16.097448348999 15.6850166320801 15.5495500564575 16.1483707427979 16.2542114257812 15.6332054138184 16.0372085571289 16.2479076385498 16.1093673706055 17.4819240570068 17.9429206848145 17.4245758056641 17.3168506622314 17.1109142303467 17.2876796722412 17.2781047821045 17.373025894165 17.6259384155273 17.8124618530273 17.8580513000488 17.8162994384766 17.7645454406738 17.5774803161621 17.1542377471924 16.6968898773193 16.589168548584 16.9807987213135 16.128475189209 15.7217969894409 15.5313329696655 16.0566749572754 16.1156139373779 15.9786386489868 16.0426235198975 16.6593265533447 16.5822048187256
15.1982192993164 15.7074975967407 15.5542011260986 15.6318101882935 15.4896402359009 15.5977153778076 15.7001295089722 16.2850971221924 16.7989883422852 16.9390201568604 16.7987155914307 16.4619541168213 15.7105102539062 15.4804105758667 16.2434329986572 16.2267246246338 15.8416090011597 15.4424886703491 15.4255666732788 15.7383584976196 16.4839649200439 16.5918197631836 16.2855529785156 16.3129692077637 16.6592445373535 16.9870548248291 16.8240699768066 17.229305267334 17.4869861602783 17.2998065948486 17.4549655914307 17.5293102264404 17.4637451171875 17.2479591369629 16.9050827026367 16.8998985290527 16.9683055877686 16.8862972259521 16.6504287719727 16.3089218139648 15.8844423294067 15.9242639541626 15.6317939758301 15.5993185043335 16.1566524505615 16.2898845672607 16.3226261138916
14.9991493225098 15.2000741958618 15.6200637817383 15.404595375061 15.3622894287109 16.0712490081787 15.9666118621826 15.7323741912842 15.8883285522461 16.025972366333 16.0643405914307 16.3627681732178 16.044994354248 15.3232736587524 15.0343332290649 15.6571350097656 15.5970363616943 15.4920120239258 15.3734083175659 15.7063484191895 15.6338548660278 15.7415342330933 15.917649269104 16.6099262237549 16.4622840881348 16.5124912261963 16.4380130767822 16.3316059112549 16.4147033691406 16.9471893310547 17.0344047546387 16.6907863616943 17.0937309265137 17.5473117828369 16.1728420257568 15.928092956543 16.1991882324219 16.059944152832 15.6216125488281 15.5589513778687 15.4929580688477 15.6520719528198 15.7716388702393 15.4692115783691 15.3487005233765 16.1455955505371 16.3006286621094
