Ecospace-environmental-drivers/Outputs/ASCII-for-ecospace/ChlA/ChlA_X2018.04.asc
NCOLS 131 
NROWS 53 
XLLCORNER -98 
YLLCORNER 23.9265270233154 
CELLSIZE 0.133587792515755 
NODATA_value -3.4e+38 
[rows 0 to 20 of 53, columns 47 to 93 of 131]
-3.4e+38 -3.4e+38 -3.4e+38 -3.4e+38 -3.4e+38 -3.4e+38 -3.4e+38 -3.4e+38 -3.4e+38 -3.4e+38 -3.4e+38 -3.4e+38 -3.4e+38 -3.4e+38 -3.4e+38 -3.4e+38 -3.4e+38 -3.4e+38 -3.4e+38 -3.4e+38 -3.4e+38 -3.4e+38 -3.4e+38 -3.4e+38 -3.4e+38 -3.4e+38 -3.4e+38 -3.4e+38 -3.4e+38 -3.4e+38 -3.4e+38 -3.4e+38 -3.4e+38 -3.4e+38 -3.4e+38 -3.4e+38 -3.4e+38 -3.4e+38 -3.4e+38 -3.4e+38 -3.4e+38 -3.4e+38 -3.4e+38 -3.4e+38 -3.4e+38 -3.4e+38 -3.4e+38
-3.4e+38 -3.4e+38 -3.4e+38 -3.4e+38 -3.4e+38 -3.4e+38 -3.4e+38 -3.4e+38 -3.4e+38 -3.4e+38 -3.4e+38 -3.4e+38 -3.4e+38 -3.4e+38 -3.4e+38 -3.4e+38 -3.4e+38 -3.4e+38 -3.4e+38 -3.4e+38 -3.4e+38 -3.4e+38 -3.4e+38 -3.4e+38 -3.4e+38 -3.4e+38 -3.4e+38 -3.4e+38 -3.4e+38 -3.4e+38 -3.4e+38 -3.4e+38 -3.4e+38 -3.4e+38 -3.4e+38 -3.4e+38 -3.4e+38 -3.4e+38 -3.4e+38 -3.4e+38 -3.4e+38 -3.4e+38 -3.4e+38 -3.4e+38 -3.4e+38 -3.4e+38 -3.4e+38
-3.4e+38 -3.4e+38 -3.4e+38 -3.4e+38 -3.4e+38 -3.4e+38 -3.4e+38 -3.4e+38 -3.4e+38 -3.4e+38 -3.4e+38 -3.4e+38 -3.4e+38 -3.4e+38 -3.4e+38 -3.4e+38 -3.4e+38 -3.4e+38 -3.4e+38 -3.4e+38 -3.4e+38 -3.4e+38 -3.4e+38 -3.4e+38 -3.4e+38 -3.4e+38 -3.4e+38 155.773712158203 150.39599609375 -3.4e+38 -3.4e+38 -3.4e+38 -3.4e+38 -3.4e+38 -3.4e+38 -3.4e+38 -3.4e+38 -3.4e+38 -3.4e+38 -3.4e+38 -3.4e+38 -3.4e+38 -3.4e+38 -3.4e+38 -3.4e+38 -3.4e+38 -3.4e+38
-3.4e+38 -3.4e+38 -3.4e+38 -3.4e+38 -3.4e+38 -3.4e+38 -3.4e+38 -3.4e+38 -3.4e+38 -3.4e+38 -3.4e+38 -3.4e+38 -3.4e+38 -3.4e+38 -3.4e+38 -3.4e+38 -3.4e+38 -3.4e+38 -3.4e+38 -3.4e+38 -3.4e+38 -3.4e+38 -3.4e+38 -3.4e+38 -3.4e+38 -3.4e+38 -3.4e+38 186.957733154297 175.143737792969 -3.4e+38 -3.4e+38 -3.4e+38 -3.4e+38 -3.4e+38 180.9384765625 168.087387084961 -3.4e+38 -3.4e+38 -3.4e+38 -3.4e+38 274.048309326172 -3.4e+38 -3.4e+38 -3.4e+38 -3.4e+38 -3.4e+38 -3.4e+38
-3.4e+38 -3.4e+38 -3.4e+38 -3.4e+38 -3.4e+38 -3.4e+38 -3.4e+38 -3.4e+38 -3.4e+38 -3.4e+38 -3.4e+38 274.589263916016 161.895355224609 -3.4e+38 -3.4e+38 -3.4e+38 -3.4e+38 -3.4e+38 220.602447509766 167.842498779297 139.428863525391 129.0986328125 133.392929077148 151.802093505859 120.400657653809 111.488876342773 130.238555908203 162.405639648438 176.833724975586 166.324462890625 -3.4e+38 -3.4e+38 59.9437026977539 43.5967750549316 134.326507568359 112.802764892578 27.3551216125488 36.2705230712891 33.4856872558594 49.0355758666992 195.209976196289 166.656509399414 -3.4e+38 -3.4e+38 -3.4e+38 -3.4e+38 -3.4e+38
-3.4e+38 -3.4e+38 -3.4e+38 -3.4e+38 -3.4e+38 -3.4e+38 -3.4e+38 -3.4e+38 172.112091064453 187.028030395508 142.813323974609 153.415054321289 138.181274414062 127.158096313477 -3.4e+38 -3.4e+38 104.696426391602 208.481262207031 194.340682983398 153.331558227539 123.062538146973 117.56143951416 119.516731262207 119.314277648926 118.675430297852 115.026977539062 119.652877807617 128.19465637207 134.202667236328 128.89729309082 61.1937026977539 59.9103393554688 55.561351776123 39.8922691345215 30.3943729400635 26.8374195098877 25.5811824798584 25.0907173156738 25.69997215271 25.2887916564941 24.2287178039551 24.4832420349121 26.4028091430664 26.2564353942871 -3.4e+38 -3.4e+38 -3.4e+38
-3.4e+38 -3.4e+38 -3.4e+38 -3.4e+38 -3.4e+38 -3.4e+38 -3.4e+38 -3.4e+38 -3.4e+38 165.519332885742 124.846115112305 133.756408691406 135.636413574219 119.034088134766 93.7230987548828 90.008171081543 104.382095336914 130.00700378418 133.606689453125 113.797119140625 103.831939697266 91.7704467773438 81.0816345214844 77.7895050048828 77.9832153320312 82.1586456298828 84.3615341186523 89.5880813598633 75.3961639404297 62.8945465087891 51.6075897216797 41.2250938415527 35.9497871398926 30.2778301239014 27.0678482055664 24.9224090576172 22.5085678100586 21.424524307251 21.4888496398926 21.3049411773682 21.5879898071289 22.0491790771484 23.0790538787842 25.6541767120361 30.7350902557373 28.080696105957 -3.4e+38
-3.4e+38 -3.4e+38 -3.4e+38 -3.4e+38 -3.4e+38 -3.4e+38 -3.4e+38 -3.4e+38 -3.4e+38 -3.4e+38 -3.4e+38 -3.4e+38 -3.4e+38 -3.4e+38 -3.4e+38 95.8650588989258 95.6839294433594 116.05297088623 109.750610351562 109.625457763672 102.21842956543 95.6403961181641 73.1767501831055 57.7613067626953 54.5527496337891 54.7686195373535 58.3087158203125 57.707347869873 60.3279037475586 60.797435760498 49.2986602783203 40.7985076904297 36.0136451721191 29.4636516571045 24.5751209259033 21.1425857543945 18.7496013641357 18.2929039001465 18.7431087493896 19.4332180023193 20.12770652771 20.5177974700928 20.9965400695801 22.321081161499 26.4002170562744 28.5633945465088 44.2253456115723
-3.4e+38 -3.4e+38 -3.4e+38 -3.4e+38 -3.4e+38 -3.4e+38 -3.4e+38 -3.4e+38 -3.4e+38 -3.4e+38 -3.4e+38 -3.4e+38 -3.4e+38 -3.4e+38 -3.4e+38 96.1143341064453 -3.4e+38 126.654899597168 111.38395690918 116.112258911133 111.814849853516 101.75399017334 70.0424041748047 57.2691688537598 51.2826766967773 46.0297660827637 43.5429916381836 42.238353729248 45.9679870605469 40.4572410583496 31.381591796875 28.9908008575439 31.3451957702637 23.0112590789795 19.2551078796387 16.8091983795166 16.1978397369385 16.2185764312744 16.4217357635498 17.3545246124268 18.245304107666 18.7115631103516 19.6020946502686 20.0800685882568 22.2252750396729 26.4826812744141 38.1761512756348
-3.4e+38 -3.4e+38 -3.4e+38 -3.4e+38 -3.4e+38 -3.4e+38 -3.4e+38 -3.4e+38 -3.4e+38 -3.4e+38 180.812759399414 193.161346435547 -3.4e+38 -3.4e+38 -3.4e+38 -3.4e+38 153.219085693359 133.970108032227 135.15544128418 120.088523864746 118.691032409668 90.2866897583008 75.7069778442383 63.017879486084 47.9617614746094 40.8165092468262 29.8023643493652 27.1107368469238 26.9483032226562 26.3092403411865 23.7935333251953 21.5365371704102 19.3984832763672 17.1648178100586 15.3784217834473 14.6691904067993 14.8638706207275 15.2338981628418 15.7792644500732 16.4551334381104 16.7842254638672 17.2770500183105 18.4849147796631 19.2017402648926 20.6347351074219 24.1527881622314 30.5141334533691
-3.4e+38 -3.4e+38 -3.4e+38 -3.4e+38 -3.4e+38 -3.4e+38 -3.4e+38 -3.4e+38 -3.4e+38 -3.4e+38 198.716003417969 193.603179931641 -3.4e+38 -3.4e+38 -3.4e+38 127.696960449219 149.711013793945 158.807373046875 145.077041625977 136.660507202148 109.814399719238 86.193244934082 81.5984344482422 68.4111557006836 50.6703987121582 35.430721282959 24.5055904388428 22.4581890106201 22.4429302215576 22.5142612457275 19.7319469451904 17.6242198944092 16.2204627990723 15.0719232559204 14.4312505722046 14.3467683792114 14.2410650253296 14.3526697158813 14.6205768585205 15.0046072006226 16.0946941375732 17.0160217285156 17.7688465118408 18.6758079528809 19.8725757598877 22.6808471679688 30.4467353820801
-3.4e+38 -3.4e+38 -3.4e+38 -3.4e+38 -3.4e+38 -3.4e+38 -3.4e+38 -3.4e+38 -3.4e+38 -3.4e+38 -3.4e+38 149.871719360352 144.807586669922 130.832717895508 144.352676391602 -3.4e+38 131.076187133789 140.520721435547 137.919937133789 139.663833618164 106.556121826172 92.0756454467773 70.9168548583984 53.728702545166 38.4839172363281 27.8238182067871 24.3843364715576 21.3541316986084 20.2072830200195 20.2130279541016 18.0028266906738 16.0855617523193 16.523754119873 15.5694828033447 14.7919826507568 14.7677192687988 14.7343482971191 14.5137901306152 14.2256193161011 14.3587026596069 15.5460147857666 16.2964534759521 17.2434253692627 18.2888870239258 19.1591777801514 21.6679172515869 26.2788944244385
94.2328338623047 -3.4e+38 -3.4e+38 -3.4e+38 -3.4e+38 -3.4e+38 -3.4e+38 -3.4e+38 138.374053955078 111.310752868652 110.15771484375 141.169357299805 140.426666259766 159.144088745117 159.322235107422 176.111465454102 -3.4e+38 -3.4e+38 -3.4e+38 133.301177978516 116.120063781738 87.3458709716797 70.2667007446289 52.3481483459473 38.7931251525879 28.2731323242188 24.4309253692627 20.8179779052734 18.4967632293701 18.1015815734863 16.6475391387939 15.2118043899536 15.2669515609741 15.4517469406128 15.1688537597656 15.3402252197266 15.1901884078979 14.6916551589966 14.3210439682007 14.2666845321655 14.4119558334351 14.6925287246704 15.8105783462524 16.8075008392334 17.9073657989502 18.9874629974365 20.24928855896
101.508148193359 92.5136947631836 86.5558776855469 93.7364273071289 98.7263107299805 107.636909484863 111.551048278809 137.850204467773 109.864311218262 105.163986206055 114.443954467773 172.508239746094 175.2685546875 165.695922851562 143.239685058594 139.648498535156 128.72834777832 122.117225646973 -3.4e+38 -3.4e+38 110.681289672852 92.4420166015625 79.1835327148438 50.0798606872559 41.5315322875977 30.7186126708984 22.5061626434326 21.1806030273438 19.7493305206299 17.6587600708008 16.236234664917 15.7803030014038 15.4353303909302 15.0892066955566 15.0875482559204 15.2404708862305 15.1982078552246 14.4683256149292 14.1385250091553 14.0855884552002 14.0357894897461 14.0049734115601 14.4644002914429 15.5614967346191 16.3760738372803 16.676082611084 17.5127696990967
106.545989990234 105.658966064453 105.538398742676 107.44361114502 111.439765930176 109.559844970703 112.898567199707 108.904357910156 111.562156677246 111.230888366699 119.77278137207 128.864074707031 127.208618164062 123.301239013672 123.480758666992 118.814567565918 111.140762329102 96.5353317260742 -3.4e+38 96.6424026489258 95.6716079711914 85.1877212524414 76.774055480957 65.4412155151367 41.1221656799316 30.5142383575439 22.001485824585 20.9514713287354 20.4676971435547 19.0154228210449 17.4452381134033 16.4440383911133 15.4064712524414 15.0515069961548 14.7938556671143 14.9109001159668 14.6071491241455 14.2867078781128 13.9068288803101 13.8511791229248 13.7665958404541 13.8805646896362 13.9404754638672 14.3694486618042 14.7557811737061 15.4850120544434 15.8567371368408
102.024070739746 106.526664733887 105.65015411377 106.171089172363 109.765632629395 109.681022644043 119.901611328125 122.208457946777 120.746513366699 108.183219909668 105.449462890625 112.656723022461 108.74471282959 103.711204528809 108.007705688477 108.050453186035 94.5966644287109 86.270622253418 91.0652694702148 95.1703643798828 93.8779525756836 78.2663269042969 75.1310577392578 62.0533103942871 40.018196105957 28.1564712524414 20.1200046539307 19.41064453125 19.546257019043 18.8310108184814 17.4479484558105 16.1859855651855 15.2834615707397 14.8472967147827 14.7937211990356 14.7671985626221 14.5511226654053 13.9764013290405 13.7223415374756 13.741886138916 13.6885280609131 13.7824897766113 13.7765293121338 13.9180364608765 14.2024765014648 14.5361461639404 14.7449064254761
93.8544540405273 101.789962768555 104.593933105469 108.428024291992 108.35733795166 110.533790588379 116.85417175293 126.35205078125 123.374694824219 112.662628173828 117.025047302246 116.096313476562 118.986152648926 110.762428283691 109.933525085449 107.410209655762 85.8042449951172 85.7111434936523 96.0136489868164 96.2105712890625 78.4949417114258 70.4022827148438 64.5977478027344 48.0239334106445 29.1711597442627 20.0968856811523 16.3821086883545 17.3849964141846 18.7338466644287 18.7341270446777 17.6219749450684 16.6313896179199 15.1948108673096 14.7486515045166 14.708703994751 14.379451751709 14.2126922607422 13.8893089294434 13.6103286743164 13.497371673584 13.6363191604614 13.7947053909302 13.6245965957642 13.5900745391846 13.8246927261353 13.9721126556396 14.3030881881714
84.2113876342773 88.9836349487305 88.7810592651367 98.2889022827148 103.59992980957 104.79322052002 96.2348937988281 92.6958923339844 94.0640640258789 102.957939147949 115.948707580566 115.235679626465 107.820686340332 105.766471862793 107.345970153809 102.761642456055 90.6563415527344 86.6236038208008 99.1469879150391 85.2571868896484 52.1429328918457 47.2044067382812 31.3329753875732 22.0657997131348 17.2498455047607 15.5306234359741 16.544225692749 17.1229362487793 17.4828662872314 17.5301265716553 17.0897064208984 16.3685092926025 14.8754816055298 14.7110986709595 14.3169946670532 13.6993789672852 13.6571807861328 13.5721378326416 13.2792234420776 13.2304363250732 13.468710899353 13.646430015564 13.5323314666748 13.5304946899414 13.6360673904419 13.7466144561768 14.020975112915
55.5224533081055 66.4317855834961 75.5358810424805 83.6208267211914 94.8914184570312 88.7359161376953 84.2077713012695 78.9773330688477 76.3120956420898 78.9329147338867 103.313049316406 115.123100280762 99.1919631958008 96.5309295654297 97.926139831543 90.9143905639648 86.9460754394531 85.0184555053711 80.3055038452148 54.5627555847168 26.7430820465088 23.4286727905273 16.3350849151611 14.3843879699707 14.0417308807373 14.9764032363892 15.8337831497192 14.5257911682129 14.9095392227173 15.7606430053711 15.123851776123 14.6365232467651 13.8669395446777 13.4162616729736 13.3391389846802 13.4515399932861 13.4849796295166 13.2633104324341 13.0971727371216 13.1949615478516 13.5336599349976 13.4618721008301 13.3843908309937 13.6849737167358 13.7374753952026 13.5972051620483 13.8293800354004
47.3999404907227 55.024585723877 75.3424530029297 78.7992858886719 72.369499206543 71.6221389770508 71.5810317993164 65.9688186645508 61.1905059814453 69.7697219848633 96.2951126098633 126.353424072266 112.049926757812 102.070205688477 97.670768737793 88.59912109375 87.8642044067383 84.2311706542969 58.8956642150879 30.7860889434814 20.0829257965088 16.917724609375 14.71311378479 13.8353872299194 13.7934436798096 13.8528728485107 13.8711700439453 13.5247888565063 13.5196285247803 13.4759426116943 13.4791269302368 13.4360418319702 13.1031150817871 13.0107345581055 13.1357135772705 13.144268989563 13.2591152191162 13.2923278808594 13.1225852966309 13.3297557830811 13.4232177734375 13.2857866287231 13.4474716186523 13.5523843765259 13.5524578094482 13.5949220657349 13.8959188461304
23.917179107666 29.6082954406738 34.7597312927246 42.1162033081055 41.0529174804688 39.842903137207 32.0796127319336 27.9706783294678 29.0859680175781 36.329891204834 63.4149322509766 97.4196014404297 106.298393249512 103.164474487305 98.5013580322266 94.79833984375 87.4623031616211 79.5393676757812 50.6895294189453 27.9585876464844 18.1090221405029 15.5417861938477 14.7990808486938 14.3070831298828 13.7673692703247 13.6140975952148 13.5253629684448 13.7465181350708 13.4853677749634 13.0292825698853 13.0920696258545 13.1636161804199 13.0997123718262 13.1074323654175 13.265983581543 13.234504699707 13.247200012207 13.5982475280762 13.4171485900879 13.6014060974121 13.4325046539307 13.3924360275269 13.6426048278809 13.5677471160889 13.5364437103271 13.7654752731323 13.8409662246704
