Ecospace-environmental-drivers/Outputs/ASCII-for-ecospace/ChlA/ChlA_X2014.04.asc
NCOLS 131 
NROWS 53 
XLLCORNER -98 
YLLCORNER 23.9265270233154 
CELLSIZE 0.133587792515755 
NODATA_value -3.4e+38 
[rows 0 to 20 of 53, columns 47 to 93 of 131]
-3.4e+38 -3.4e+38 -3.4e+38 -3.4e+38 -3.4e+38 -3.4e+38 -3.4e+38 -3.4e+38 -3.4e+38 -3.4e+38 -3.4e+38 -3.4e+38 -3.4e+38 -3.4e+38 -3.4e+38 -3.4e+38 -3.4e+38 -3.4e+38 -3.4e+38 -3.4e+38 -3.4e+38 -3.4e+38 -3.4e+38 -3.4e+38 -3.4e+38 -3.4e+38 -3.4e+38 -3.4e+38 -3.4e+38 -3.4e+38 -3.4e+38 -3.4e+38 -3.4e+38 -3.4e+38 -3.4e+38 -3.4e+38 -3.4e+38 -3.4e+38 -3.4e+38 -3.4e+38 -3.4e+38 -3.4e+38 -3.4e+38 -3.4e+38 -3.4e+38 -3.4e+38 -3.4e+38
-3.4e+38 -3.4e+38 -3.4e+38 -3.4e+38 -3.4e+38 -3.4e+38 -3.4e+38 -3.4e+38 -3.4e+38 -3.4e+38 -3.4e+38 -3.4e+38 -3.4e+38 -3.4e+38 -3.4e+38 -3.4e+38 -3.4e+38 -3.4e+38 -3.4e+38 -3.4e+38 -3.4e+38 -3.4e+38 -3.4e+38 -3.4e+38 -3.4e+38 -3.4e+38 -3.4e+38 -3.4e+38 -3.4e+38 -3.4e+38 -3.4e+38 -3.4e+38 -3.4e+38 -3.4e+38 -3.4e+38 -3.4e+38 -3.4e+38 -3.4e+38 -3.4e+38 -3.4e+38 -3.4e+38 -3.4e+38 -3.4e+38 -3.4e+38 -3.4e+38 -3.4e+38 -3.4e+38
-3.4e+38 -3.4e+38 -3.4e+38 -3.4e+38 -3.4e+38 -3.4e+38 -3.4e+38 -3.4e+38 -3.4e+38 -3.4e+38 -3.4e+38 -3.4e+38 -3.4e+38 -3.4e+38 -3.4e+38 -3.4e+38 -3.4e+38 -3.4e+38 -3.4e+38 -3.4e+38 -3.4e+38 -3.4e+38 -3.4e+38 -3.4e+38 -3.4e+38 -3.4e+38 -3.4e+38 -3.4e+38 -3.4e+38 -3.4e+38 -3.4e+38 -3.4e+38 -3.4e+38 -3.4e+38 -3.4e+38 -3.4e+38 -3.4e+38 -3.4e+38 -3.4e+38 -3.4e+38 -3.4e+38 -3.4e+38 -3.4e+38 -3.4e+38 -3.4e+38 -3.4e+38 -3.4e+38
-3.4e+38 -3.4e+38 -3.4e+38 -3.4e+38 -3.4e+38 -3.4e+38 -3.4e+38 -3.4e+38 -3.4e+38 -3.4e+38 -3.4e+38 -3.4e+38 -3.4e+38 -3.4e+38 -3.4e+38 -3.4e+38 -3.4e+38 -3.4e+38 -3.4e+38 -3.4e+38 -3.4e+38 -3.4e+38 -3.4e+38 -3.4e+38 -3.4e+38 -3.4e+38 -3.4e+38 127.460960388184 -3.4e+38 -3.4e+38 -3.4e+38 -3.4e+38 -3.4e+38 -3.4e+38 171.719985961914 -3.4e+38 -3.4e+38 -3.4e+38 -3.4e+38 -3.4e+38 -3.4e+38 -3.4e+38 -3.4e+38 -3.4e+38 -3.4e+38 -3.4e+38 -3.4e+38
-3.4e+38 -3.4e+38 -3.4e+38 -3.4e+38 -3.4e+38 -3.4e+38 -3.4e+38 -3.4e+38 -3.4e+38 -3.4e+38 -3.4e+38 132.395004272461 -3.4e+38 -3.4e+38 -3.4e+38 -3.4e+38 -3.4e+38 -3.4e+38 -3.4e+38 -3.4e+38 141.031204223633 140.046417236328 -3.4e+38 -3.4e+38 -3.4e+38 127.092094421387 -3.4e+38 -3.4e+38 -3.4e+38 -3.4e+38 -3.4e+38 -3.4e+38 -3.4e+38 -3.4e+38 153.580474853516 69.1862258911133 57.5760192871094 52.9609642028809 88.4381790161133 110.479301452637 81.0050354003906 -3.4e+38 -3.4e+38 -3.4e+38 -3.4e+38 -3.4e+38 -3.4e+38
-3.4e+38 -3.4e+38 -3.4e+38 -3.4e+38 -3.4e+38 -3.4e+38 -3.4e+38 -3.4e+38 -3.4e+38 -3.4e+38 107.939056396484 108.851135253906 105.647880554199 110.612182617188 -3.4e+38 -3.4e+38 -3.4e+38 -3.4e+38 145.248382568359 133.215530395508 127.45531463623 130.855621337891 132.608657836914 135.779266357422 134.872314453125 137.827865600586 125.972526550293 199.752136230469 147.906036376953 142.070434570312 131.132904052734 130.345596313477 144.543441772461 108.915473937988 79.5571975708008 71.3017044067383 59.7710609436035 43.2514953613281 53.623908996582 56.193058013916 52.4885711669922 57.8558235168457 39.1387329101562 132.809814453125 -3.4e+38 -3.4e+38 -3.4e+38
-3.4e+38 -3.4e+38 -3.4e+38 -3.4e+38 -3.4e+38 -3.4e+38 -3.4e+38 -3.4e+38 -3.4e+38 103.097747802734 99.4338760375977 98.0585556030273 99.4431762695312 108.151306152344 -3.4e+38 -3.4e+38 -3.4e+38 121.333808898926 120.279472351074 119.545097351074 121.286712646484 119.788688659668 122.517082214355 121.388732910156 123.299522399902 123.632972717285 121.894554138184 117.86678314209 109.060997009277 93.1849517822266 88.1482849121094 78.2715835571289 71.4746017456055 64.2947692871094 56.2855529785156 43.3109817504883 31.8709487915039 29.197961807251 30.3407974243164 33.3520736694336 32.5221366882324 32.5845832824707 38.1136207580566 73.0122680664062 58.1952171325684 -3.4e+38 -3.4e+38
-3.4e+38 -3.4e+38 -3.4e+38 -3.4e+38 -3.4e+38 -3.4e+38 -3.4e+38 -3.4e+38 -3.4e+38 -3.4e+38 97.335205078125 94.9113845825195 101.990417480469 108.460289001465 103.932929992676 96.4280700683594 98.362678527832 123.7421875 111.960456848145 120.994018554688 120.044708251953 121.927627563477 114.61449432373 100.670097351074 95.0676422119141 96.9520797729492 106.317604064941 112.00732421875 101.048980712891 85.6812438964844 68.1580123901367 59.9605178833008 51.5457458496094 44.4964904785156 36.4565925598145 27.8538837432861 23.080265045166 21.6033267974854 22.2139186859131 22.6277198791504 23.8674812316895 25.5773544311523 31.1830940246582 37.9940147399902 55.9150886535645 64.0627746582031 -3.4e+38
-3.4e+38 -3.4e+38 -3.4e+38 -3.4e+38 -3.4e+38 -3.4e+38 -3.4e+38 -3.4e+38 -3.4e+38 -3.4e+38 -3.4e+38 -3.4e+38 -3.4e+38 -3.4e+38 -3.4e+38 132.435150146484 -3.4e+38 104.241355895996 110.102684020996 125.969352722168 115.557548522949 107.090957641602 93.4675064086914 79.0209045410156 79.2546615600586 85.5409088134766 92.8591690063477 93.310920715332 87.0191345214844 80.0735168457031 63.2485084533691 48.398365020752 33.4701995849609 23.9647922515869 22.0292301177979 21.2121734619141 22.1819744110107 19.1119956970215 19.2041893005371 19.5028858184814 21.3408527374268 22.8141670227051 26.8378639221191 34.9263076782227 40.0420684814453 48.6125030517578 68.6450500488281
-3.4e+38 -3.4e+38 -3.4e+38 -3.4e+38 -3.4e+38 -3.4e+38 -3.4e+38 -3.4e+38 -3.4e+38 -3.4e+38 -3.4e+38 -3.4e+38 -3.4e+38 -3.4e+38 -3.4e+38 -3.4e+38 -3.4e+38 120.353881835938 112.972595214844 119.696914672852 113.354598999023 95.1257171630859 85.4418029785156 73.4030075073242 68.4578094482422 74.0733642578125 76.2223434448242 75.9548492431641 66.3397979736328 57.2220306396484 34.8848876953125 22.2402458190918 19.7478904724121 18.8560085296631 18.7117347717285 18.7297248840332 18.9697399139404 19.2909374237061 19.2541828155518 19.3139667510986 20.2087211608887 23.0334205627441 26.9281539916992 40.1362380981445 48.8278541564941 49.2252883911133 53.0324058532715
-3.4e+38 -3.4e+38 -3.4e+38 -3.4e+38 -3.4e+38 -3.4e+38 -3.4e+38 -3.4e+38 -3.4e+38 -3.4e+38 -3.4e+38 -3.4e+38 -3.4e+38 -3.4e+38 -3.4e+38 136.708877563477 123.113311767578 115.755577087402 122.355659484863 120.683616638184 101.440658569336 91.9873199462891 76.1131057739258 59.1949157714844 47.7401084899902 53.4799575805664 57.9829902648926 51.8113479614258 36.3376579284668 25.9914588928223 20.6905841827393 19.1667633056641 18.7761650085449 18.4224662780762 18.1718311309814 18.2027626037598 18.1970691680908 18.8091526031494 18.7782173156738 18.6949253082275 19.0708084106445 21.3136291503906 24.8048229217529 37.3908233642578 45.0661239624023 49.2216758728027 53.3078117370605
-3.4e+38 -3.4e+38 -3.4e+38 -3.4e+38 -3.4e+38 -3.4e+38 -3.4e+38 -3.4e+38 -3.4e+38 -3.4e+38 -3.4e+38 -3.4e+38 -3.4e+38 -3.4e+38 -3.4e+38 -3.4e+38 95.5280990600586 98.1872711181641 126.41251373291 136.987838745117 109.172607421875 95.1533050537109 68.6859130859375 55.2258071899414 35.734676361084 35.4800491333008 36.8202247619629 36.6327590942383 26.4030208587646 21.4897003173828 19.831916809082 18.4380187988281 19.2100677490234 19.1450080871582 18.729679107666 17.9496059417725 17.9682846069336 18.8111171722412 18.8977832794189 18.7941989898682 18.0726070404053 19.1424903869629 22.0028381347656 30.6483364105225 38.4049263000488 44.8244895935059 47.3681488037109
122.825698852539 -3.4e+38 -3.4e+38 -3.4e+38 -3.4e+38 -3.4e+38 -3.4e+38 -3.4e+38 117.208694458008 -3.4e+38 -3.4e+38 -3.4e+38 -3.4e+38 134.813705444336 131.461318969727 127.242530822754 -3.4e+38 -3.4e+38 -3.4e+38 152.638244628906 118.839736938477 62.9654388427734 62.7380180358887 56.9684677124023 24.0830497741699 25.5796279907227 24.7309341430664 24.4129123687744 21.2027950286865 19.4469814300537 19.3345565795898 18.3926868438721 19.3614711761475 19.283390045166 18.7549419403076 18.2176284790039 17.8233127593994 18.6354579925537 18.7615089416504 19.189302444458 18.3636302947998 18.0835704803467 18.3988285064697 22.9182167053223 25.7632637023926 29.5699138641357 32.6202697753906
135.438980102539 132.053375244141 149.634384155273 128.110626220703 115.002624511719 116.002822875977 105.923011779785 113.592781066895 109.966766357422 102.602813720703 103.864433288574 -3.4e+38 130.356506347656 128.707427978516 125.991279602051 110.076927185059 -3.4e+38 -3.4e+38 -3.4e+38 -3.4e+38 132.935821533203 64.5862274169922 26.5004196166992 23.0274200439453 17.1462745666504 17.1435413360596 16.455493927002 16.603307723999 17.2618560791016 17.4393367767334 17.4560241699219 17.517505645752 17.9088153839111 19.8389835357666 19.2714920043945 17.900182723999 17.9771633148193 18.398609161377 18.3747444152832 18.4586334228516 17.9395484924316 18.075984954834 17.5268669128418 17.7652473449707 18.9387493133545 19.5641345977783 21.387170791626
126.656600952148 108.852493286133 106.412124633789 117.293426513672 120.656021118164 114.837982177734 103.614624023438 101.671325683594 99.0498504638672 104.858840942383 124.481056213379 126.073097229004 156.18229675293 165.796173095703 148.285507202148 130.161514282227 136.817291259766 -3.4e+38 -3.4e+38 -3.4e+38 107.38166809082 85.6016311645508 29.5527324676514 16.8183460235596 16.848258972168 16.2271957397461 15.9388628005981 15.5928735733032 15.6268148422241 16.1270885467529 16.4005260467529 16.4180450439453 17.418062210083 19.4052295684814 18.6186275482178 17.2019786834717 17.3207588195801 18.1361541748047 18.1604270935059 18.5175380706787 18.593147277832 17.660270690918 17.9806671142578 17.5990619659424 17.0975475311279 17.7593975067139 19.2635364532471
107.409339904785 107.765823364258 103.121406555176 120.970710754395 119.317321777344 111.289978027344 113.842803955078 95.2535934448242 106.97966003418 136.586517333984 126.54451751709 110.808395385742 146.214996337891 149.980392456055 146.603713989258 125.166481018066 129.58984375 119.436614990234 168.660415649414 162.58235168457 91.7096099853516 94.5502090454102 34.2675476074219 17.0134181976318 16.6767063140869 15.9404468536377 15.3433504104614 15.0136384963989 14.9137706756592 15.3020515441895 16.1067962646484 16.4993457794189 16.1340312957764 18.1557941436768 19.1984786987305 18.0089797973633 17.3338794708252 17.5195350646973 18.0481262207031 18.6361961364746 19.1189861297607 18.6629371643066 18.2470092773438 17.8695430755615 17.0396575927734 16.8955974578857 17.5944042205811
71.8515472412109 83.9395523071289 95.7637329101562 109.98274230957 95.4723739624023 107.950958251953 131.836853027344 101.143249511719 116.771537780762 112.73184967041 122.109100341797 115.617530822754 115.65958404541 128.599472045898 145.787826538086 123.105445861816 130.350082397461 139.857177734375 130.851318359375 106.485862731934 96.6711883544922 75.6055068969727 26.1574096679688 15.6769008636475 16.0908317565918 15.7400817871094 15.3794460296631 15.1634578704834 15.2229442596436 15.1562042236328 15.3960332870483 15.7931852340698 15.066388130188 16.074031829834 18.4134731292725 17.6961460113525 17.3279876708984 17.5383453369141 17.5517101287842 17.3758182525635 18.2282028198242 18.6676406860352 18.345386505127 17.9287395477295 17.5370273590088 17.2241020202637 17.3980903625488
40.1424865722656 44.0219078063965 55.1357612609863 73.5453186035156 88.8416900634766 99.3184432983398 94.7704391479492 97.4658660888672 104.088737487793 83.6750411987305 85.1328506469727 82.4539947509766 88.6125030517578 97.1258773803711 111.8984375 100.207817077637 96.3146820068359 123.753616333008 85.2581481933594 64.8372268676758 85.3500289916992 73.5791244506836 38.2816314697266 17.6711387634277 15.6447525024414 15.6027612686157 15.3751087188721 15.2747325897217 15.2285556793213 15.0332565307617 14.8987636566162 15.0824413299561 15.4961404800415 15.8096714019775 17.564697265625 17.675365447998 16.9485206604004 16.2271957397461 15.9637413024902 15.8693952560425 16.9299736022949 17.6068134307861 17.6091156005859 16.6779022216797 16.4961185455322 16.8317413330078 16.8932552337646
26.9069919586182 29.8559989929199 44.7334671020508 57.4491653442383 72.0534057617188 77.2925033569336 81.7248382568359 75.0305862426758 72.5078582763672 62.7739028930664 48.3037872314453 42.4367713928223 40.9324798583984 68.0262832641602 91.0070266723633 96.2169952392578 83.2402725219727 68.4611968994141 63.1410484313965 64.6738052368164 73.8569030761719 70.1407852172852 50.1697044372559 22.1961307525635 15.9179029464722 14.8271360397339 15.4439363479614 15.2858171463013 15.114200592041 14.9961137771606 15.080512046814 15.1835203170776 15.8955593109131 16.4583225250244 16.6337642669678 16.4044952392578 15.0512742996216 15.3325605392456 15.5075092315674 15.313946723938 16.2755107879639 17.2391033172607 17.59157371521 16.3090324401855 15.3819828033447 16.1489734649658 16.5261650085449
21.2412395477295 20.1816539764404 21.8335704803467 27.2208557128906 35.8365097045898 37.5230712890625 42.0282402038574 38.8245849609375 42.5875511169434 42.0801239013672 30.8915748596191 26.8318042755127 28.1011962890625 45.6088790893555 75.6214981079102 71.8041687011719 58.4902229309082 45.5702743530273 48.4656028747559 77.7475891113281 88.4498901367188 36.945858001709 30.2991981506348 16.8635540008545 14.1339797973633 13.8808612823486 14.3888883590698 15.0839509963989 15.3761882781982 15.4668617248535 15.5531415939331 15.3903865814209 16.4734516143799 16.2825012207031 16.0205154418945 15.1938543319702 14.2817220687866 15.592170715332 15.7807292938232 15.9262399673462 16.2695560455322 16.831729888916 17.7457542419434 16.4627094268799 15.475040435791 15.0307769775391 15.6369400024414
15.5907182693481 14.9690341949463 15.3830137252808 16.0901699066162 16.5252342224121 18.0219116210938 18.8808631896973 18.6705169677734 19.2499675750732 22.8962574005127 19.7368640899658 18.4681873321533 20.2612075805664 21.5278053283691 26.4471778869629 25.7479724884033 23.620174407959 28.7821750640869 28.2226467132568 73.0303421020508 46.0528526306152 43.6572418212891 38.8798027038574 14.293664932251 13.5926399230957 13.7184591293335 14.104681968689 14.8037576675415 15.562554359436 15.5410833358765 15.1041746139526 15.3823757171631 15.7559947967529 15.5958766937256 15.0370121002197 15.7274255752563 15.4460792541504 14.6108436584473 15.0098028182983 15.2763385772705 15.6379070281982 16.2325172424316 16.8437728881836 16.3787155151367 16.241153717041 14.8250570297241 15.0939722061157
