Ecospace-environmental-drivers/Outputs/ASCII-for-ecospace/ChlA/ChlA_X2005.05.asc
NCOLS 131 
NROWS 53 
XLLCORNER -98 
YLLCORNER 23.9265270233154 
CELLSIZE 0.133587792515755 
NODATA_value -3.4e+38 
[rows 0 to 20 of 53, columns 47 to 93 of 131]
-3.4e+38 -3.4e+38 -3.4e+38 -3.4e+38 -3.4e+38 -3.4e+38 -3.4e+38 -3.4e+38 -3.4e+38 -3.4e+38 -3.4e+38 -3.4e+38 -3.4e+38 -3.4e+38 -3.4e+38 -3.4e+38 -3.4e+38 -3.4e+38 -3.4e+38 -3.4e+38 -3.4e+38 -3.4e+38 -3.4e+38 -3.4e+38 -3.4e+38 -3.4e+38 -3.4e+38 -3.4e+38 -3.4e+38 -3.4e+38 -3.4e+38 -3.4e+38 -3.4e+38 -3.4e+38 -3.4e+38 -3.4e+38 -3.4e+38 -3.4e+38 -3.4e+38 -3.4e+38 -3.4e+38 -3.4e+38 -3.4e+38 -3.4e+38 -3.4e+38 -3.4e+38 -3.4e+38
-3.4e+38 -3.4e+38 -3.4e+38 -3.4e+38 -3.4e+38 -3.4e+38 -3.4e+38 -3.4e+38 -3.4e+38 -3.4e+38 -3.4e+38 -3.4e+38 -3.4e+38 -3.4e+38 -3.4e+38 -3.4e+38 -3.4e+38 -3.4e+38 -3.4e+38 -3.4e+38 -3.4e+38 -3.4e+38 -3.4e+38 -3.4e+38 -3.4e+38 -3.4e+38 -3.4e+38 -3.4e+38 -3.4e+38 -3.4e+38 -3.4e+38 -3.4e+38 -3.4e+38 -3.4e+38 -3.4e+38 -3.4e+38 -3.4e+38 -3.4e+38 -3.4e+38 -3.4e+38 -3.4e+38 -3.4e+38 -3.4e+38 -3.4e+38 -3.4e+38 -3.4e+38 -3.4e+38
-3.4e+38 -3.4e+38 -3.4e+38 -3.4e+38 -3.4e+38 -3.4e+38 -3.4e+38 -3.4e+38 -3.4e+38 -3.4e+38 -3.4e+38 -3.4e+38 -3.4e+38 -3.4e+38 -3.4e+38 -3.4e+38 -3.4e+38 -3.4e+38 -3.4e+38 -3.4e+38 -3.4e+38 -3.4e+38 -3.4e+38 -3.4e+38 -3.4e+38 -3.4e+38 -3.4e+38 -3.4e+38 -3.4e+38 -3.4e+38 -3.4e+38 -3.4e+38 -3.4e+38 -3.4e+38 -3.4e+38 -3.4e+38 -3.4e+38 -3.4e+38 -3.4e+38 -3.4e+38 -3.4e+38 -3.4e+38 -3.4e+38 -3.4e+38 -3.4e+38 -3.4e+38 -3.4e+38
-3.4e+38 -3.4e+38 -3.4e+38 -3.4e+38 -3.4e+38 -3.4e+38 -3.4e+38 -3.4e+38 -3.4e+38 -3.4e+38 -3.4e+38 -3.4e+38 -3.4e+38 -3.4e+38 -3.4e+38 -3.4e+38 -3.4e+38 -3.4e+38 -3.4e+38 -3.4e+38 -3.4e+38 -3.4e+38 -3.4e+38 -3.4e+38 -3.4e+38 -3.4e+38 -3.4e+38 15.005805015564 16.4543724060059 -3.4e+38 -3.4e+38 -3.4e+38 -3.4e+38 -3.4e+38 -3.4e+38 -3.4e+38 -3.4e+38 -3.4e+38 -3.4e+38 -3.4e+38 -3.4e+38 -3.4e+38 -3.4e+38 -3.4e+38 -3.4e+38 -3.4e+38 -3.4e+38
-3.4e+38 -3.4e+38 -3.4e+38 -3.4e+38 -3.4e+38 -3.4e+38 -3.4e+38 -3.4e+38 -3.4e+38 -3.4e+38 -3.4e+38 17.8332405090332 -3.4e+38 -3.4e+38 -3.4e+38 -3.4e+38 -3.4e+38 -3.4e+38 -3.4e+38 -3.4e+38 16.7188568115234 15.0228643417358 -3.4e+38 -3.4e+38 -3.4e+38 -3.4e+38 -3.4e+38 14.7942209243774 15.6933240890503 -3.4e+38 -3.4e+38 -3.4e+38 -3.4e+38 -3.4e+38 -3.4e+38 9.30073261260986 11.6891841888428 11.595609664917 9.81441020965576 9.26396465301514 -3.4e+38 -3.4e+38 -3.4e+38 -3.4e+38 -3.4e+38 -3.4e+38 -3.4e+38
-3.4e+38 -3.4e+38 -3.4e+38 -3.4e+38 -3.4e+38 -3.4e+38 -3.4e+38 -3.4e+38 19.3541660308838 18.1458168029785 23.2977428436279 20.4918518066406 18.5477256774902 17.8025245666504 -3.4e+38 -3.4e+38 -3.4e+38 -3.4e+38 18.0522232055664 17.6704921722412 15.7863187789917 15.1101627349854 15.9979066848755 16.3019714355469 14.8786239624023 15.2829055786133 16.0068359375 14.3773279190063 14.7589197158813 13.7584867477417 13.0024690628052 10.6818017959595 8.8007869720459 8.69540882110596 7.89032411575317 7.89810180664062 9.20894241333008 9.97067356109619 8.18686580657959 8.31515693664551 8.25059986114502 7.8902702331543 8.39204978942871 7.80236005783081 -3.4e+38 -3.4e+38 -3.4e+38
-3.4e+38 -3.4e+38 -3.4e+38 -3.4e+38 -3.4e+38 -3.4e+38 -3.4e+38 -3.4e+38 -3.4e+38 32.9521446228027 25.9215698242188 22.6973514556885 21.4771022796631 18.8675212860107 -3.4e+38 30.8010654449463 25.6729907989502 19.4833240509033 19.0231151580811 16.7648849487305 13.1559743881226 11.6309642791748 11.2251081466675 11.6613073348999 11.6067676544189 11.9612693786621 12.6931819915771 12.4623374938965 11.0162734985352 11.1361150741577 10.8232841491699 10.1327333450317 8.51973533630371 8.21187973022461 6.78708124160767 7.30877304077148 8.17911052703857 7.62480401992798 6.93616914749146 6.6419825553894 7.21668148040771 8.91094970703125 9.19747161865234 9.06560516357422 8.02099514007568 -3.4e+38 -3.4e+38
-3.4e+38 -3.4e+38 -3.4e+38 -3.4e+38 -3.4e+38 -3.4e+38 -3.4e+38 -3.4e+38 -3.4e+38 -3.4e+38 41.3979721069336 25.1427230834961 21.6630687713623 20.2546539306641 28.3846759796143 27.1416034698486 26.4816932678223 20.852912902832 20.9921054840088 18.8481330871582 15.2057456970215 13.5486211776733 11.5476045608521 9.86233425140381 9.63105583190918 10.6845550537109 10.3811435699463 10.1308355331421 9.93775367736816 9.77867794036865 9.42381858825684 9.42149066925049 7.79933595657349 7.70300769805908 6.48792839050293 6.24948263168335 6.48793745040894 6.97466707229614 6.9366626739502 6.34803199768066 6.52157211303711 7.72964477539062 7.38668584823608 8.3439245223999 8.95776081085205 8.92026424407959 10.9185018539429
-3.4e+38 -3.4e+38 -3.4e+38 -3.4e+38 -3.4e+38 -3.4e+38 -3.4e+38 -3.4e+38 -3.4e+38 -3.4e+38 -3.4e+38 -3.4e+38 -3.4e+38 -3.4e+38 -3.4e+38 17.7023658752441 -3.4e+38 -3.4e+38 17.6335926055908 18.7969131469727 17.754093170166 16.3378562927246 11.3909969329834 8.96315670013428 8.30048751831055 9.86593341827393 9.00294589996338 8.81945896148682 9.13987159729004 9.17300701141357 8.97663402557373 8.66982555389404 7.47137784957886 7.09987497329712 6.72200965881348 6.28068161010742 5.90729570388794 6.93738508224487 7.31523847579956 7.17379331588745 7.11785173416138 6.69060516357422 6.59766340255737 7.52222871780396 8.22589492797852 9.3495044708252 9.90792369842529
-3.4e+38 -3.4e+38 -3.4e+38 -3.4e+38 -3.4e+38 -3.4e+38 -3.4e+38 -3.4e+38 -3.4e+38 -3.4e+38 -3.4e+38 -3.4e+38 -3.4e+38 -3.4e+38 -3.4e+38 -3.4e+38 -3.4e+38 19.7291831970215 19.4968376159668 20.7800617218018 20.0625686645508 14.9708557128906 9.99961090087891 8.15935134887695 8.22593593597412 8.73912334442139 8.25018405914307 8.58009243011475 8.57689189910889 8.05091381072998 8.05308818817139 8.47528553009033 7.65931463241577 7.02765941619873 6.66899871826172 6.07329559326172 5.78092956542969 6.51908445358276 6.87121438980103 6.49782800674438 7.02473735809326 6.70135116577148 6.71272373199463 7.09718608856201 7.9380521774292 8.94288349151611 9.71409702301025
-3.4e+38 -3.4e+38 -3.4e+38 -3.4e+38 -3.4e+38 -3.4e+38 -3.4e+38 -3.4e+38 -3.4e+38 -3.4e+38 -3.4e+38 -3.4e+38 -3.4e+38 -3.4e+38 -3.4e+38 -3.4e+38 17.8432655334473 18.3999729156494 20.3699569702148 21.3292179107666 17.8716220855713 12.9264698028564 9.58325386047363 8.49064826965332 8.47356224060059 7.97587585449219 8.12666893005371 8.36223602294922 8.33593559265137 8.02057266235352 7.93094348907471 7.940993309021 6.80081796646118 6.98273706436157 6.82104921340942 6.53549242019653 5.93039560317993 6.66237545013428 6.62362051010132 6.9329080581665 6.79188013076782 6.16215324401855 5.93387794494629 6.67356777191162 7.09092235565186 8.37211608886719 9.55891799926758
19.1319789886475 -3.4e+38 -3.4e+38 -3.4e+38 -3.4e+38 -3.4e+38 -3.4e+38 -3.4e+38 -3.4e+38 -3.4e+38 -3.4e+38 -3.4e+38 -3.4e+38 -3.4e+38 -3.4e+38 -3.4e+38 22.8824787139893 21.9897441864014 19.6085777282715 20.4490261077881 16.7785034179688 12.0815181732178 9.91905975341797 9.60540199279785 9.16625213623047 8.35801696777344 8.44878101348877 8.37007999420166 8.09098434448242 7.60861873626709 7.63039493560791 6.65376377105713 6.37592124938965 5.74826097488403 5.41297769546509 6.48010730743408 5.83295965194702 6.35422563552856 6.35077714920044 7.20913553237915 7.30147314071655 6.75459861755371 6.50402688980103 6.42047262191772 6.64473390579224 8.45550346374512 10.3558444976807
18.8735427856445 21.851095199585 21.3450050354004 -3.4e+38 -3.4e+38 -3.4e+38 -3.4e+38 -3.4e+38 23.1658363342285 -3.4e+38 -3.4e+38 -3.4e+38 -3.4e+38 23.2811012268066 22.923900604248 -3.4e+38 -3.4e+38 -3.4e+38 24.0216732025146 21.9109268188477 17.6478061676025 13.4089193344116 11.0590524673462 10.607816696167 9.54000759124756 8.85256862640381 8.56926345825195 6.99159002304077 7.32950162887573 7.12477684020996 7.38129234313965 6.81194019317627 6.20123958587646 5.9398832321167 4.60018825531006 5.57182359695435 6.08450794219971 6.15418386459351 6.30899620056152 7.46470928192139 7.49338674545288 6.91805744171143 7.23959064483643 7.5464882850647 8.33178329467773 9.88122844696045 9.95656776428223
20.2731285095215 20.3856544494629 20.3908004760742 20.9427814483643 24.3300151824951 21.4693698883057 -3.4e+38 -3.4e+38 24.1405658721924 23.2902050018311 25.6802845001221 -3.4e+38 22.2989196777344 21.6705474853516 22.5507164001465 22.1368026733398 23.0675888061523 -3.4e+38 -3.4e+38 21.4184989929199 19.8361511230469 15.630428314209 13.381233215332 12.9244518280029 14.7058181762695 12.3592643737793 12.1420745849609 6.84397840499878 6.96652841567993 6.37943458557129 7.57271957397461 6.41221332550049 6.16986560821533 6.04861879348755 5.6167368888855 5.96641159057617 5.85415744781494 6.31190633773804 6.23706197738647 5.95407962799072 6.59666538238525 7.06718254089355 7.70697116851807 8.92938899993896 9.59564971923828 9.64432239532471 9.34037017822266
18.2410507202148 17.6137962341309 19.9564075469971 22.4165153503418 23.9733963012695 22.3966903686523 21.4134654998779 24.1584300994873 22.2289524078369 22.036808013916 24.4402275085449 22.888650894165 21.4190940856934 20.3316059112549 20.372278213501 21.143045425415 23.8173332214355 26.2965412139893 -3.4e+38 20.1006889343262 20.1415519714355 16.4534664154053 12.6156883239746 11.8635873794556 12.2770748138428 9.47833156585693 9.62406158447266 7.66369009017944 6.00273895263672 6.91301441192627 7.89663028717041 6.93873739242554 5.96417188644409 6.17636632919312 5.67428159713745 5.26423168182373 5.19875383377075 5.75990867614746 6.36226320266724 6.96097183227539 7.55291509628296 7.74620628356934 8.15037727355957 8.08597373962402 8.53532218933105 8.79102325439453 9.06588268280029
17.697286605835 16.9509468078613 17.6252670288086 18.5650119781494 18.5379848480225 20.4089908599854 20.8864593505859 22.3331909179688 22.9507579803467 21.9488849639893 20.9645023345947 20.6181907653809 19.5952167510986 19.488826751709 20.3026447296143 22.209358215332 22.0528831481934 22.4808177947998 22.6584930419922 20.0224742889404 17.6762866973877 13.9702262878418 10.3363170623779 9.28709030151367 10.7890243530273 10.575662612915 9.70144176483154 8.8503532409668 8.09364795684814 6.86619329452515 7.4346284866333 6.66710329055786 6.29348182678223 5.8470458984375 5.55540180206299 5.71628570556641 5.43819856643677 5.67309904098511 5.96777534484863 7.49563932418823 8.11020851135254 7.79827117919922 8.13295841217041 8.02746200561523 7.8429102897644 8.20123195648193 8.43933200836182
16.2492122650146 16.1180934906006 16.48801612854 16.8865013122559 19.579797744751 21.1029853820801 22.5661525726318 21.3471698760986 21.2333374023438 20.0958442687988 18.721866607666 18.5276546478271 18.3677558898926 17.8490104675293 17.7000465393066 21.0647659301758 22.488410949707 22.152774810791 19.2396488189697 17.4901256561279 13.2317371368408 10.2242612838745 9.19712924957275 8.1956615447998 9.24038124084473 11.3905878067017 13.463698387146 13.2054824829102 12.0243110656738 9.14602661132812 7.42163038253784 6.85517024993896 6.37748146057129 5.88507747650146 6.54155921936035 6.95880460739136 6.26196336746216 5.50317907333374 5.56942653656006 6.89499568939209 7.75568294525146 8.31556797027588 8.68935680389404 8.29660987854004 7.98077821731567 8.34700298309326 8.40739822387695
15.31422996521 16.0561294555664 17.2248477935791 18.5212097167969 20.0278701782227 22.4226665496826 23.5102138519287 19.4967136383057 20.0172233581543 19.1139831542969 18.7093353271484 16.4649620056152 14.1644458770752 12.7354030609131 10.3869504928589 9.39998626708984 10.5077810287476 11.5089025497437 11.9046106338501 12.1016311645508 10.3904447555542 7.70062780380249 7.00838613510132 7.94919967651367 8.29335308074951 9.2234001159668 10.4877576828003 11.1862449645996 13.45618724823 13.3340282440186 8.38778972625732 6.48531198501587 6.25455856323242 6.69767045974731 6.33578443527222 6.82709932327271 6.73588800430298 6.13362455368042 6.37847423553467 6.61390161514282 7.621497631073 8.37368869781494 8.30547046661377 9.07695388793945 8.80826377868652 8.67150020599365 8.44718170166016
13.2121133804321 15.5459623336792 17.5323448181152 18.8384590148926 19.5549430847168 20.4552211761475 21.6543769836426 21.4623985290527 19.2646446228027 17.6292839050293 16.8098640441895 15.034197807312 12.0008497238159 10.241340637207 8.3032865524292 6.57991313934326 5.86319541931152 5.71479272842407 5.98420190811157 6.59061479568481 6.71151971817017 5.92696571350098 6.48609590530396 5.87595796585083 6.05325126647949 6.64623737335205 6.90798282623291 5.88512706756592 7.62772178649902 9.63210964202881 8.73427200317383 6.51416254043579 7.64106035232544 7.97668170928955 7.63620376586914 6.796799659729 6.67822074890137 7.00749111175537 7.08120059967041 7.51284503936768 7.50569248199463 8.35631942749023 8.29197692871094 9.33535194396973 8.53581237792969 8.21408271789551 8.37626552581787
11.0774583816528 12.8462200164795 14.0196218490601 14.1572713851929 14.2270317077637 16.7472305297852 17.4959697723389 17.0423851013184 14.7892923355103 12.9487791061401 13.2677392959595 12.2267169952393 10.3329286575317 8.97311019897461 7.35769891738892 6.81626319885254 6.69970178604126 6.16863918304443 6.63316011428833 6.39383125305176 6.29547595977783 6.67229175567627 6.38077163696289 5.66148614883423 5.31666898727417 5.38782596588135 6.39185190200806 6.50524806976318 6.57209777832031 6.4486289024353 8.07015895843506 5.2862696647644 7.66414928436279 7.96369361877441 8.54603099822998 8.03133583068848 7.78984260559082 6.87567758560181 7.04964637756348 7.56809997558594 6.68337726593018 7.37690591812134 7.69208335876465 8.48221969604492 8.61440753936768 8.4275426864624 7.62223768234253
7.50305986404419 7.025315284729 9.24017906188965 10.1699781417847 10.3326854705811 12.0491466522217 12.6208524703979 13.5719480514526 12.8296756744385 11.9073066711426 11.4149227142334 10.316180229187 9.2193546295166 7.68128252029419 7.26408290863037 6.85902786254883 6.62942457199097 6.40840101242065 6.26514577865601 6.13570833206177 6.94091272354126 6.57639217376709 6.17099952697754 6.04808044433594 5.55226945877075 4.74691963195801 5.78867816925049 6.4674334526062 5.75078439712524 6.54975605010986 6.77131700515747 9.5389347076416 8.75933265686035 8.39769172668457 8.79362106323242 8.24403476715088 8.3095645904541 7.72946500778198 7.19847822189331 6.80602025985718 7.14259576797485 7.32162570953369 7.24634647369385 7.84916543960571 8.55434322357178 8.55820465087891 7.37736225128174
