Ecospace-environmental-drivers/Outputs/ASCII-for-ecospace/ChlA/ChlA_X2016.02.asc
NCOLS 131 
NROWS 53 
XLLCORNER -98 
YLLCORNER 23.9265270233154 
CELLSIZE 0.133587792515755 
NODATA_value -3.4e+38 
[rows 21 to 41 of 53, columns 0 to 46 of 131]
-3.4e+38 -3.4e+38 -3.4e+38 -3.4e+38 -3.4e+38 -3.4e+38 28.2061252593994 18.7667503356934 29.585786819458 20.9002323150635 17.4994163513184 15.9711132049561 15.4166250228882 14.501293182373 13.9384441375732 13.7437477111816 13.6164989471436 13.0318517684937 11.7733373641968 11.4650535583496 11.5513486862183 11.2027740478516 11.3047046661377 11.3960819244385 11.3609457015991 11.119119644165 11.1814527511597 11.0767889022827 11.2507104873657 11.6391553878784 11.7472267150879 11.7029581069946 12.4219884872437 12.4168119430542 11.9922952651978 11.9235963821411 12.172158241272 12.4636831283569 12.6452198028564 12.4679040908813 12.4152412414551 11.9790048599243 11.8876657485962 12.0194759368896 11.8894815444946 11.487096786499 11.4773416519165
-3.4e+38 -3.4e+38 -3.4e+38 -3.4e+38 -3.4e+38 -3.4e+38 28.2061252593994 19.4642944335938 20.0556411743164 16.8602390289307 15.5928659439087 15.5325632095337 14.3125734329224 13.4863996505737 13.3262252807617 13.1611919403076 12.7519645690918 12.2402286529541 11.7105255126953 11.6430997848511 11.2623567581177 11.0908288955688 11.2000417709351 11.3460216522217 11.3913440704346 11.3998327255249 11.4543027877808 11.4701442718506 11.7042446136475 11.6678266525269 11.9110927581787 11.9042110443115 11.9800310134888 12.2000856399536 12.3454236984253 12.1260061264038 12.0014209747314 11.7978515625 11.8888835906982 12.1130323410034 12.0679483413696 11.7285661697388 11.5058498382568 11.415096282959 11.7588167190552 11.5105123519897 10.8282918930054
-3.4e+38 -3.4e+38 -3.4e+38 -3.4e+38 21.6901473999023 20.5643749237061 21.8451709747314 18.9260120391846 16.1240482330322 15.2976789474487 14.9581718444824 13.9009761810303 13.0251817703247 12.3048048019409 12.0179681777954 11.9506855010986 11.8667573928833 12.3013410568237 12.7734937667847 12.0881118774414 11.7946672439575 11.4095773696899 11.3994655609131 11.3436765670776 11.7305126190186 11.4352159500122 11.4177646636963 11.5773868560791 11.924560546875 11.8583564758301 11.8728561401367 11.6873121261597 11.5680456161499 11.5488309860229 11.7634325027466 11.8210573196411 11.7221994400024 11.6740369796753 11.6697912216187 11.5727319717407 11.8155918121338 11.7880325317383 11.3898944854736 11.2447071075439 11.3504905700684 10.9876251220703 10.6517791748047
-3.4e+38 -3.4e+38 -3.4e+38 -3.4e+38 32.0610580444336 25.2023754119873 19.064395904541 16.4584617614746 14.877064704895 14.2334356307983 13.4102163314819 12.2709741592407 12.1721563339233 12.0869121551514 11.7595548629761 11.6345491409302 11.7008790969849 11.7182636260986 11.6293249130249 11.6085262298584 11.5475740432739 11.5185546875 11.4636611938477 11.3871660232544 11.4800357818604 11.5049886703491 11.4166221618652 11.6785373687744 11.8575496673584 11.7131652832031 11.835865020752 11.6405715942383 11.5985727310181 11.6966037750244 11.726411819458 11.4640798568726 11.3148431777954 11.2968969345093 11.3385047912598 11.3168792724609 11.4191160202026 11.4254961013794 11.1212301254272 10.916482925415 10.9282121658325 10.6973390579224 9.97785568237305
-3.4e+38 -3.4e+38 -3.4e+38 -3.4e+38 -3.4e+38 17.4652366638184 16.9529552459717 14.4148683547974 14.0189962387085 12.5700273513794 12.1410055160522 11.8434972763062 11.6799116134644 11.3445310592651 11.2028541564941 11.1536703109741 11.1475648880005 11.1558303833008 11.1585092544556 11.4258012771606 11.4911556243896 11.7219972610474 11.6589393615723 11.8714256286621 11.6454086303711 11.4018955230713 11.4885301589966 11.7299175262451 11.5229177474976 11.4091424942017 11.5750522613525 11.580659866333 11.7169828414917 11.9913530349731 11.7706661224365 11.681321144104 11.379340171814 11.1892156600952 11.0266771316528 10.9103651046753 11.024242401123 11.0209293365479 10.1930589675903 10.3108997344971 10.5350351333618 10.3316087722778 10.4234590530396
-3.4e+38 -3.4e+38 -3.4e+38 -3.4e+38 -3.4e+38 16.1606788635254 14.5800256729126 13.5408582687378 12.5653438568115 11.8020486831665 11.2161340713501 11.2878103256226 11.1986665725708 11.2156038284302 11.1853847503662 11.0292730331421 11.0424194335938 11.1584539413452 11.5788688659668 12.0953063964844 11.8735942840576 11.8941478729248 11.6459169387817 11.5740251541138 11.650200843811 11.5289707183838 11.3018941879272 11.3298177719116 11.3054218292236 11.3285818099976 11.5295162200928 11.5322694778442 11.6441698074341 11.6981382369995 11.5949258804321 11.2032871246338 10.9910039901733 10.8332252502441 10.6253643035889 10.737398147583 10.9203567504883 10.7582950592041 10.413182258606 10.3602752685547 10.2868499755859 10.1845645904541 9.96004390716553
-3.4e+38 -3.4e+38 -3.4e+38 -3.4e+38 -3.4e+38 14.3110761642456 12.7907485961914 12.7557888031006 11.8603506088257 11.2661867141724 10.9966497421265 11.0196504592896 10.9235572814941 11.0517129898071 11.0940103530884 11.2667064666748 11.1917562484741 11.365195274353 11.9060430526733 12.1364850997925 11.8297634124756 11.7945852279663 11.5544900894165 11.4780206680298 11.412184715271 11.2741022109985 11.392972946167 11.1627044677734 11.4097518920898 11.3699197769165 11.3567028045654 11.437539100647 11.490611076355 11.1661224365234 10.9130735397339 10.6550235748291 10.9180545806885 10.7825527191162 10.5120782852173 10.7683658599854 10.6118621826172 10.5679521560669 10.5378532409668 10.4284944534302 10.8257455825806 10.7805271148682 10.206657409668
-339999999999999996128486808808066248288.000000000000000 -3.4e+38 -3.4e+38 -3.4e+38 14.7923936843872 13.8856372833252 12.3756275177002 11.9378204345703 11.6403589248657 11.2846183776855 10.8311958312988 10.6080627441406 10.6714181900024 10.7487716674805 11.0263576507568 11.2048416137695 11.6769914627075 11.4296493530273 11.4610977172852 11.6034059524536 11.8375453948975 11.4982938766479 11.3327875137329 11.4549436569214 11.5489654541016 11.3793296813965 11.3264665603638 11.2650022506714 11.4274301528931 11.4407167434692 11.2948741912842 11.439715385437 11.3146066665649 10.7816677093506 10.9619989395142 11.1728105545044 10.8721714019775 10.7627811431885 10.4400959014893 10.2341356277466 10.1478881835938 10.1843233108521 10.107629776001 10.4397354125977 10.8842096328735 11.3246278762817 11.0448026657104
-3.4e+38 -3.4e+38 -3.4e+38 -3.4e+38 15.6670227050781 13.9932413101196 12.0492391586304 11.6084842681885 11.4876775741577 11.2182168960571 10.6043310165405 10.5579929351807 10.8752956390381 10.7236089706421 10.7920713424683 10.9475078582764 11.1512393951416 11.2020015716553 10.9668846130371 11.2579431533813 11.0997085571289 10.9718532562256 11.0280570983887 11.2847061157227 11.2617778778076 11.4213705062866 11.2885780334473 11.2338523864746 11.3075313568115 11.4581127166748 11.402548789978 11.4590482711792 10.9466390609741 10.7902050018311 11.1635303497314 11.5149326324463 11.0500288009644 10.9078178405762 10.1832151412964 10.0179386138916 9.77091312408447 9.66899108886719 9.94302749633789 9.76247978210449 10.5298585891724 10.9859809875488 11.2288913726807
-3.4e+38 -3.4e+38 -3.4e+38 -3.4e+38 14.9509115219116 13.8476963043213 11.8279151916504 11.4819345474243 11.4315719604492 11.1160001754761 10.9317150115967 10.9609489440918 11.0725135803223 10.6927995681763 10.5801372528076 10.5915393829346 10.6180515289307 10.7801580429077 10.8654117584229 11.0952205657959 10.8841314315796 10.7109403610229 10.7464752197266 11.0267133712769 11.1162586212158 11.3709306716919 11.4417686462402 11.3007192611694 10.9863929748535 11.1420116424561 11.2583456039429 11.4685115814209 11.3781909942627 11.0877838134766 11.1373109817505 11.5876846313477 11.390118598938 10.7786178588867 9.959059715271 9.91030120849609 9.49708938598633 9.71764945983887 10.3270969390869 9.71991539001465 10.0043811798096 10.5856790542603 10.6420516967773
-3.4e+38 -3.4e+38 -3.4e+38 -3.4e+38 -3.4e+38 14.0337982177734 11.6544599533081 11.4801502227783 11.4969797134399 10.942253112793 11.1367883682251 10.912257194519 11.1458473205566 10.9150838851929 11.0437250137329 10.7929124832153 10.4225625991821 10.3541374206543 10.8851432800293 11.3143587112427 11.0929498672485 10.9862861633301 10.9810781478882 11.1660251617432 11.4676809310913 11.3883724212646 11.2694711685181 11.3802032470703 11.1795282363892 11.207706451416 11.1917848587036 11.3725509643555 11.5308628082275 10.6292896270752 10.8975076675415 10.9409351348877 10.7933368682861 10.3455104827881 9.83641624450684 9.52683925628662 9.9122142791748 9.91803550720215 10.3895931243896 10.451210975647 9.43935108184814 9.09682655334473 9.81460762023926
-3.4e+38 -3.4e+38 -3.4e+38 -3.4e+38 -3.4e+38 15.1536407470703 12.1453199386597 11.5697021484375 11.4510173797607 11.1194381713867 11.1541728973389 11.2273578643799 10.9284858703613 10.8701028823853 10.9073333740234 10.747597694397 10.4785270690918 10.5509147644043 10.9964609146118 11.3557415008545 11.47438621521 11.2188301086426 11.2635593414307 11.2568473815918 11.4483194351196 11.1827697753906 11.3372478485107 11.5638027191162 11.4497785568237 11.355489730835 11.3100395202637 11.286057472229 11.3201179504395 10.9069452285767 10.8663902282715 10.7281646728516 10.5356721878052 10.2012042999268 9.65428733825684 9.36917495727539 9.63004207611084 10.5138750076294 9.6859073638916 10.493782043457 9.88062191009521 9.29941844940186 8.99153900146484
-3.4e+38 -3.4e+38 -3.4e+38 -3.4e+38 -3.4e+38 16.4035472869873 13.385196685791 11.7380151748657 11.2048425674438 11.1894521713257 11.3187265396118 11.3205966949463 10.6712331771851 11.1117219924927 11.2107391357422 10.6509571075439 10.3951053619385 10.2154893875122 10.2896976470947 10.5760402679443 10.9128332138062 10.9329128265381 10.9500207901001 11.0918893814087 10.9494152069092 11.2307796478271 11.2675828933716 11.3805103302002 11.4848670959473 11.5078296661377 11.4262132644653 11.3961057662964 11.4478406906128 11.3667526245117 11.2550058364868 10.9325876235962 10.4776058197021 9.50938701629639 9.4694299697876 9.00855541229248 9.59269332885742 10.4687280654907 10.4467802047729 10.5968885421753 9.76441383361816 8.91683959960938 9.24413108825684
-3.4e+38 -3.4e+38 -3.4e+38 -3.4e+38 -3.4e+38 13.8569583892822 12.9171800613403 11.5386447906494 10.9621534347534 11.124568939209 11.2101745605469 11.0418558120728 11.0145883560181 11.0850534439087 10.997763633728 10.7547779083252 10.6270189285278 10.5394086837769 10.4995784759521 10.6226205825806 10.8900327682495 10.8839492797852 10.8571271896362 10.626392364502 10.514199256897 10.7106409072876 11.0243911743164 11.2457275390625 10.975284576416 10.9960021972656 11.2173662185669 11.2349100112915 11.3263530731201 11.3463678359985 11.4105787277222 11.1883563995361 10.5715713500977 9.19476318359375 9.37671756744385 9.77925205230713 9.82276248931885 10.6753721237183 10.4363431930542 10.6497097015381 10.2904243469238 9.50915908813477 9.68888568878174
-3.4e+38 -3.4e+38 -3.4e+38 -3.4e+38 -3.4e+38 13.9723958969116 13.1712894439697 11.5509328842163 11.0946702957153 10.9254608154297 10.9124965667725 11.1095085144043 11.1121654510498 11.0675144195557 11.0560550689697 10.6258783340454 10.5990772247314 10.5865030288696 10.6947145462036 10.7641172409058 11.0189218521118 10.7784051895142 10.4976997375488 10.3965291976929 10.5677108764648 10.8456249237061 10.7949676513672 10.8388605117798 10.7673826217651 10.9528589248657 11.2723531723022 11.1936960220337 10.8930740356445 10.8686933517456 10.721170425415 10.7806358337402 10.0579595565796 9.18648719787598 9.1267204284668 9.39431381225586 9.99111652374268 10.2185382843018 10.4502954483032 10.9975872039795 10.684401512146 10.1167507171631 10.2687072753906
-3.4e+38 -3.4e+38 -3.4e+38 -3.4e+38 -3.4e+38 -3.4e+38 13.3944101333618 11.3157377243042 10.8307371139526 10.7497634887695 11.0293302536011 10.98415184021 10.8537874221802 10.815486907959 10.7638282775879 10.668553352356 10.7629728317261 10.6221141815186 10.6274280548096 10.7919149398804 10.8678274154663 10.7555131912231 10.355507850647 10.3918514251709 9.99050807952881 10.2457103729248 10.4351663589478 10.6744661331177 10.3001832962036 10.4643325805664 10.6819791793823 11.0084228515625 11.008936882019 10.6411437988281 10.4656543731689 10.0697679519653 9.24772644042969 8.83355331420898 9.19875431060791 9.52231597900391 10.5061416625977 11.1188335418701 10.8222637176514 11.2563161849976 10.6686935424805 10.9878492355347 11.1706867218018
-3.4e+38 -3.4e+38 -3.4e+38 -3.4e+38 -3.4e+38 -3.4e+38 14.5726795196533 11.9959106445312 10.5312509536743 10.5584630966187 10.6423263549805 10.8910894393921 10.6560983657837 10.4468269348145 10.5616664886475 10.6179437637329 10.815357208252 10.6787366867065 10.5078716278076 10.7471494674683 10.3215684890747 10.3059701919556 9.77682304382324 9.56109046936035 9.46219444274902 10.0229988098145 10.3405961990356 10.251049041748 9.86403751373291 9.59084129333496 9.84961605072021 10.3421268463135 10.3619613647461 10.1488170623779 10.2423629760742 9.64033794403076 9.27053833007812 9.26707935333252 9.47239780426025 9.92167949676514 10.4037952423096 10.8061399459839 10.8663568496704 10.4829683303833 9.47036361694336 10.9102582931519 10.3490257263184
-3.4e+38 -3.4e+38 -3.4e+38 -3.4e+38 -3.4e+38 -3.4e+38 15.3300819396973 12.6201133728027 10.6967906951904 10.5062160491943 10.6066408157349 10.7395315170288 10.4393949508667 10.5361051559448 10.6805477142334 10.5126819610596 10.6900110244751 10.4938983917236 10.5031147003174 10.8472509384155 10.8787908554077 10.101634979248 9.87630653381348 9.58152294158936 10.3393287658691 10.1489706039429 10.4673109054565 10.4223928451538 10.25257396698 9.85043430328369 9.48478698730469 9.02778911590576 9.3325834274292 9.46018505096436 9.78770732879639 9.73127460479736 9.27761173248291 8.84124279022217 9.1935863494873 9.09821319580078 9.83075141906738 10.4954786300659 10.6618509292603 10.1057758331299 9.72022819519043 12.1096239089966 8.21542549133301
-3.4e+38 -3.4e+38 -3.4e+38 -3.4e+38 -3.4e+38 -3.4e+38 15.184513092041 12.1447992324829 10.8106517791748 10.7863388061523 10.8390607833862 10.743106842041 10.4958629608154 10.5072727203369 10.4767084121704 10.3153963088989 10.5647258758545 10.4103050231934 9.96923828125 9.69116401672363 10.2313499450684 10.223669052124 10.3436689376831 10.1679153442383 10.3637342453003 10.5456829071045 10.9725790023804 10.8166084289551 10.3521213531494 10.4370584487915 10.0860109329224 9.07488918304443 9.18903923034668 9.59355640411377 9.01291751861572 9.08618545532227 8.76985549926758 8.27907943725586 8.979416847229 9.1396484375 9.47725963592529 9.73959255218506 10.1267566680908 9.47379970550537 9.81614017486572 8.53818798065186 7.56409168243408
-3.4e+38 -3.4e+38 -3.4e+38 -3.4e+38 -3.4e+38 18.570011138916 14.360013961792 11.5217123031616 10.792932510376 10.8936758041382 10.871771812439 10.5832614898682 10.6160888671875 10.3906307220459 10.3116159439087 10.4401798248291 10.4637212753296 9.96706295013428 9.55967330932617 9.67609882354736 9.98358821868896 10.3072967529297 10.6160202026367 10.7283010482788 10.4794874191284 10.4172821044922 11.0664682388306 10.8173236846924 10.5205211639404 10.0249948501587 10.1441135406494 9.9944486618042 9.48434257507324 9.94637203216553 9.39256858825684 8.69980144500732 8.15936851501465 8.46644878387451 8.50321674346924 8.73466110229492 8.9114351272583 9.30879878997803 9.75583362579346 8.69108772277832 7.89118957519531 6.85327196121216 7.61069345474243
-3.4e+38 -3.4e+38 -3.4e+38 -3.4e+38 -3.4e+38 14.255069732666 12.4271640777588 10.7941856384277 10.6389951705933 10.9908266067505 10.9895210266113 10.5870962142944 10.5823488235474 10.3057727813721 10.6505212783813 10.3624067306519 10.3888216018677 10.1164627075195 9.54265594482422 9.90434265136719 10.2695922851562 10.6170091629028 10.7600898742676 10.581166267395 10.670841217041 10.7042417526245 10.9488725662231 10.8539323806763 10.4638833999634 10.4125328063965 10.4607048034668 10.2975645065308 9.11423015594482 8.88170719146729 9.01311016082764 9.1241512298584 8.83838272094727 8.57128524780273 8.46166515350342 8.67010307312012 8.8924036026001 8.95150661468506 9.48296070098877 8.89851665496826 8.44292163848877 8.58350372314453 6.51194143295288
