Ecospace-environmental-drivers/Outputs/ASCII-for-ecospace/ChlA/ChlA_X2012.04.asc
NCOLS 131 
NROWS 53 
XLLCORNER -98 
YLLCORNER 23.9265270233154 
CELLSIZE 0.133587792515755 
NODATA_value -3.4e+38 
[rows 0 to 20 of 53, columns 47 to 93 of 131]
-3.4e+38 -3.4e+38 -3.4e+38 -3.4e+38 -3.4e+38 -3.4e+38 -3.4e+38 -3.4e+38 -3.4e+38 -3.4e+38 -3.4e+38 -3.4e+38 -3.4e+38 -3.4e+38 -3.4e+38 -3.4e+38 -3.4e+38 -3.4e+38 -3.4e+38 -3.4e+38 -3.4e+38 -3.4e+38 -3.4e+38 -3.4e+38 -3.4e+38 -3.4e+38 -3.4e+38 -3.4e+38 -3.4e+38 -3.4e+38 -3.4e+38 -3.4e+38 -3.4e+38 -3.4e+38 -3.4e+38 -3.4e+38 -3.4e+38 -3.4e+38 -3.4e+38 -3.4e+38 -3.4e+38 -3.4e+38 -3.4e+38 -3.4e+38 -3.4e+38 -3.4e+38 -3.4e+38
-3.4e+38 -3.4e+38 -3.4e+38 -3.4e+38 -3.4e+38 -3.4e+38 -3.4e+38 -3.4e+38 -3.4e+38 -3.4e+38 -3.4e+38 -3.4e+38 -3.4e+38 -3.4e+38 -3.4e+38 -3.4e+38 -3.4e+38 -3.4e+38 -3.4e+38 -3.4e+38 -3.4e+38 -3.4e+38 -3.4e+38 -3.4e+38 -3.4e+38 -3.4e+38 -3.4e+38 -3.4e+38 -3.4e+38 -3.4e+38 -3.4e+38 -3.4e+38 -3.4e+38 -3.4e+38 -3.4e+38 -3.4e+38 -3.4e+38 -3.4e+38 -3.4e+38 -3.4e+38 -3.4e+38 -3.4e+38 -3.4e+38 -3.4e+38 -3.4e+38 -3.4e+38 -3.4e+38
-3.4e+38 -3.4e+38 -3.4e+38 -3.4e+38 -3.4e+38 -3.4e+38 -3.4e+38 -3.4e+38 -3.4e+38 -3.4e+38 -3.4e+38 -3.4e+38 -3.4e+38 -3.4e+38 -3.4e+38 -3.4e+38 -3.4e+38 -3.4e+38 -3.4e+38 -3.4e+38 -3.4e+38 -3.4e+38 -3.4e+38 -3.4e+38 -3.4e+38 -3.4e+38 -3.4e+38 -3.4e+38 -3.4e+38 -3.4e+38 -3.4e+38 -3.4e+38 -3.4e+38 -3.4e+38 -3.4e+38 -3.4e+38 -3.4e+38 -3.4e+38 -3.4e+38 -3.4e+38 -3.4e+38 -3.4e+38 -3.4e+38 -3.4e+38 -3.4e+38 -3.4e+38 -3.4e+38
-3.4e+38 -3.4e+38 -3.4e+38 -3.4e+38 -3.4e+38 -3.4e+38 -3.4e+38 -3.4e+38 -3.4e+38 -3.4e+38 -3.4e+38 -3.4e+38 -3.4e+38 -3.4e+38 -3.4e+38 -3.4e+38 -3.4e+38 -3.4e+38 -3.4e+38 -3.4e+38 -3.4e+38 -3.4e+38 -3.4e+38 -3.4e+38 -3.4e+38 -3.4e+38 -3.4e+38 155.117645263672 165.030349731445 -3.4e+38 -3.4e+38 -3.4e+38 -3.4e+38 -3.4e+38 -3.4e+38 -3.4e+38 -3.4e+38 -3.4e+38 -3.4e+38 -3.4e+38 -3.4e+38 -3.4e+38 -3.4e+38 -3.4e+38 -3.4e+38 -3.4e+38 -3.4e+38
-3.4e+38 -3.4e+38 -3.4e+38 -3.4e+38 -3.4e+38 -3.4e+38 -3.4e+38 -3.4e+38 -3.4e+38 -3.4e+38 -3.4e+38 179.077362060547 -3.4e+38 -3.4e+38 -3.4e+38 -3.4e+38 -3.4e+38 -3.4e+38 -3.4e+38 255.762100219727 204.379806518555 171.024353027344 -3.4e+38 -3.4e+38 -3.4e+38 165.713928222656 -3.4e+38 161.664703369141 184.222839355469 -3.4e+38 -3.4e+38 -3.4e+38 -3.4e+38 -3.4e+38 162.498031616211 54.0723991394043 27.1005210876465 27.7892913818359 26.7651424407959 25.2209167480469 -3.4e+38 -3.4e+38 -3.4e+38 -3.4e+38 -3.4e+38 -3.4e+38 -3.4e+38
-3.4e+38 -3.4e+38 -3.4e+38 -3.4e+38 -3.4e+38 -3.4e+38 -3.4e+38 -3.4e+38 194.514282226562 217.621566772461 130.464782714844 141.887481689453 122.64094543457 117.330215454102 -3.4e+38 -3.4e+38 -3.4e+38 -3.4e+38 160.0078125 163.801376342773 156.245513916016 154.922073364258 158.832168579102 142.57112121582 131.988052368164 120.812835693359 121.190551757812 132.955261230469 153.383605957031 152.973037719727 79.7063522338867 74.7247543334961 64.4468231201172 42.8747024536133 27.8339157104492 24.1040668487549 23.1604614257812 22.7748737335205 23.2023735046387 22.8642024993896 22.6615867614746 23.4217491149902 22.5717926025391 24.4790477752686 -3.4e+38 -3.4e+38 -3.4e+38
-3.4e+38 -3.4e+38 -3.4e+38 -3.4e+38 -3.4e+38 -3.4e+38 -3.4e+38 -3.4e+38 -3.4e+38 128.333801269531 122.702476501465 114.038154602051 117.017059326172 119.768745422363 -3.4e+38 147.760604858398 147.653884887695 135.663772583008 133.313323974609 124.225700378418 120.087867736816 112.951759338379 108.450996398926 104.963264465332 92.4528121948242 96.5659713745117 95.2846984863281 100.232398986816 84.0309448242188 76.7042846679688 58.0051689147949 43.8711433410645 34.3161506652832 26.0713214874268 21.9684448242188 20.6954212188721 19.6018772125244 18.5643978118896 19.0866470336914 19.6293029785156 20.2004356384277 20.5298824310303 21.0638046264648 25.029333114624 27.9319381713867 -3.4e+38 -3.4e+38
-3.4e+38 -3.4e+38 -3.4e+38 -3.4e+38 -3.4e+38 -3.4e+38 -3.4e+38 -3.4e+38 -3.4e+38 -3.4e+38 -3.4e+38 113.204360961914 131.939514160156 131.871704101562 130.666595458984 122.805541992188 126.728591918945 118.922462463379 118.050590515137 117.57201385498 113.678482055664 103.948631286621 87.7889709472656 82.0038681030273 71.8584671020508 72.351188659668 75.9510650634766 81.5843124389648 69.2870559692383 57.9754829406738 43.406494140625 31.9028797149658 26.7261695861816 24.4138832092285 21.4686450958252 20.5288963317871 18.3381748199463 17.0227661132812 16.8469486236572 17.7427291870117 18.6008682250977 18.8565731048584 19.5190029144287 21.1368980407715 25.4184722900391 28.6731376647949 49.1688652038574
-3.4e+38 -3.4e+38 -3.4e+38 -3.4e+38 -3.4e+38 -3.4e+38 -3.4e+38 -3.4e+38 -3.4e+38 -3.4e+38 -3.4e+38 -3.4e+38 -3.4e+38 -3.4e+38 -3.4e+38 121.45979309082 -3.4e+38 -3.4e+38 127.140426635742 131.589935302734 111.727684020996 100.883117675781 82.2007293701172 68.8657760620117 59.6986274719238 58.0750885009766 59.5723190307617 62.7758445739746 59.341423034668 49.5851593017578 39.2083740234375 27.0446338653564 25.6005535125732 21.6858196258545 20.0184459686279 19.1303558349609 17.6826362609863 16.9476451873779 16.0255699157715 16.5000095367432 16.4004154205322 17.2689399719238 17.9596519470215 18.8697414398193 20.9564323425293 24.6638679504395 39.1431121826172
-3.4e+38 -3.4e+38 -3.4e+38 -3.4e+38 -3.4e+38 -3.4e+38 -3.4e+38 -3.4e+38 -3.4e+38 -3.4e+38 306.222290039062 266.609313964844 -3.4e+38 -3.4e+38 -3.4e+38 -3.4e+38 -3.4e+38 156.963317871094 163.957534790039 139.113876342773 114.116920471191 95.0443572998047 80.6669235229492 65.1001968383789 53.2447738647461 54.1325645446777 57.8351211547852 56.0166168212891 52.2441673278809 46.9569396972656 37.1160430908203 25.9438095092773 22.2408199310303 20.4206848144531 18.4039878845215 18.0454063415527 17.2500762939453 16.9920139312744 16.2875213623047 15.6080265045166 15.6194953918457 15.9588584899902 16.8164520263672 17.8617076873779 19.9368743896484 23.1614513397217 30.0384254455566
-3.4e+38 -3.4e+38 -3.4e+38 -3.4e+38 -3.4e+38 -3.4e+38 -3.4e+38 -3.4e+38 -3.4e+38 -3.4e+38 -3.4e+38 -3.4e+38 -3.4e+38 -3.4e+38 -3.4e+38 142.856948852539 157.066055297852 175.079879760742 148.28596496582 121.614624023438 103.422454833984 94.1638641357422 82.3497009277344 70.0643539428711 54.2032775878906 46.7734298706055 54.2420425415039 54.0194396972656 48.6775093078613 37.4971084594727 28.6073169708252 24.7962875366211 22.544225692749 19.9577445983887 17.0752429962158 16.5289344787598 16.2378959655762 16.2994384765625 15.5109825134277 14.5480575561523 14.7752981185913 15.3110437393188 16.1447715759277 17.0748023986816 19.5766754150391 21.6870822906494 29.2347717285156
-3.4e+38 -3.4e+38 -3.4e+38 -3.4e+38 -3.4e+38 -3.4e+38 -3.4e+38 -3.4e+38 -3.4e+38 -3.4e+38 -3.4e+38 -3.4e+38 -3.4e+38 -3.4e+38 -3.4e+38 -3.4e+38 126.320976257324 106.578681945801 123.962287902832 110.637641906738 99.6038131713867 87.4745788574219 78.4107513427734 65.5758209228516 53.6576347351074 41.3142395019531 40.9253807067871 41.313835144043 34.9119682312012 27.7793827056885 25.685432434082 22.2435283660889 19.6946353912354 18.6750640869141 15.7199535369873 15.8101396560669 16.1852970123291 16.0544033050537 15.102029800415 14.3775806427002 14.3241987228394 14.5034809112549 15.0432691574097 17.0201988220215 20.022533416748 21.9316959381104 25.136739730835
121.343223571777 119.403205871582 111.611526489258 -3.4e+38 -3.4e+38 -3.4e+38 -3.4e+38 -3.4e+38 121.937347412109 -3.4e+38 -3.4e+38 -3.4e+38 135.724884033203 149.511581420898 143.563293457031 127.519676208496 -3.4e+38 -3.4e+38 -3.4e+38 113.249610900879 97.7810821533203 75.1071853637695 59.8210144042969 54.5201148986816 49.9746475219727 48.8319931030273 43.5559768676758 28.7436103820801 27.2136306762695 25.8764038085938 23.3477020263672 19.9322471618652 18.1357975006104 17.4494495391846 15.706226348877 15.6701679229736 15.2806596755981 14.953763961792 14.5954704284668 14.3063306808472 14.094575881958 14.1248092651367 14.392617225647 15.4718809127808 17.023380279541 18.039457321167 19.0724334716797
107.939437866211 110.297958374023 112.279853820801 119.085479736328 144.675552368164 115.777755737305 117.402481079102 122.660026550293 114.448951721191 104.018753051758 115.305801391602 107.616554260254 128.757354736328 117.548789978027 109.415649414062 125.465858459473 134.137481689453 -3.4e+38 -3.4e+38 107.685813903809 99.30419921875 65.5737686157227 44.291431427002 30.0302238464355 29.8996467590332 30.1123027801514 26.9354877471924 25.2896671295166 26.795919418335 24.7730560302734 22.0732898712158 21.1900291442871 17.8529891967773 16.7216014862061 15.7399206161499 15.2206697463989 14.66175365448 14.3648061752319 14.2445268630981 14.1453647613525 13.949161529541 13.9787397384644 14.105354309082 14.5952768325806 15.0769195556641 15.6118135452271 15.7813730239868
100.2724609375 102.832855224609 107.57975769043 107.665374755859 110.344795227051 109.297073364258 110.717193603516 115.208724975586 109.852294921875 101.477012634277 111.130905151367 111.531707763672 110.227485656738 106.591430664062 101.809303283691 106.975784301758 106.780708312988 110.415168762207 109.469612121582 113.975761413574 101.976806640625 51.1159782409668 28.6506385803223 19.2869434356689 17.0940952301025 17.1970977783203 18.5324039459229 17.2435817718506 17.8987674713135 17.9529666900635 18.4902095794678 19.586067199707 18.7747116088867 18.017614364624 15.4158124923706 14.777117729187 14.5134792327881 14.4332227706909 14.16162109375 13.9746379852295 13.9307432174683 13.869457244873 13.9328622817993 14.0250396728516 14.1380338668823 14.0879745483398 14.2840871810913
79.5770492553711 86.3186950683594 93.6639404296875 95.0908508300781 91.2126312255859 92.5499954223633 98.4086837768555 107.355056762695 111.903045654297 117.667892456055 119.743988037109 127.953536987305 110.816864013672 107.983985900879 105.661323547363 102.789199829102 103.700874328613 92.3360824584961 97.9612197875977 88.2355422973633 68.1737747192383 36.955738067627 17.9843883514404 14.822226524353 14.0247707366943 13.8873090744019 14.125415802002 13.8481702804565 14.5390157699585 15.0736923217773 14.6467256546021 15.4879598617554 16.1012954711914 16.9092273712158 15.5246610641479 15.1675567626953 15.0031127929688 15.0576734542847 14.7809400558472 14.3176116943359 13.9657869338989 13.894383430481 13.9265146255493 13.8905620574951 14.0129318237305 13.8093318939209 13.8830242156982
55.2257919311523 62.1796264648438 69.2585144042969 73.4640426635742 76.2304306030273 77.1249008178711 81.1961898803711 86.0599670410156 83.3406219482422 81.7902526855469 87.4965896606445 100.905487060547 103.20694732666 100.501922607422 94.3378753662109 87.2908096313477 80.9277267456055 76.8938369750977 62.6093597412109 42.3007049560547 26.0648555755615 17.3819179534912 13.5212488174438 12.9999732971191 12.7847871780396 12.7233381271362 12.6750411987305 12.6949348449707 13.2248754501343 13.7419948577881 13.8380508422852 14.4156408309937 14.9136734008789 16.0340995788574 16.1392154693604 17.0720462799072 16.5907535552979 15.9192333221436 15.6363544464111 15.1172008514404 15.0007247924805 14.679801940918 14.0458507537842 13.9875516891479 13.9863624572754 13.7024068832397 13.5533638000488
35.5572738647461 40.0966186523438 46.0050010681152 50.2661514282227 52.5666465759277 56.9262237548828 59.8324584960938 60.4288597106934 57.6935157775879 45.7760734558105 48.3036117553711 64.5796432495117 82.7851638793945 82.4443359375 73.949462890625 66.557014465332 50.8981513977051 35.4409408569336 22.0462856292725 16.5781898498535 14.1177892684937 13.1395778656006 12.7485885620117 12.5911512374878 12.5065841674805 12.3983774185181 12.2762641906738 12.1431131362915 12.3323917388916 12.8333110809326 13.3199892044067 13.8055067062378 14.1406574249268 15.1885957717896 15.9443235397339 16.3908061981201 17.2368793487549 16.4724216461182 15.5186710357666 14.1040544509888 14.2596311569214 14.4851322174072 14.7167863845825 14.766583442688 14.4413528442383 13.8544216156006 13.4899215698242
22.5691585540771 23.8063945770264 25.734956741333 29.0784568786621 29.4980869293213 31.463903427124 30.3925266265869 30.1146202087402 32.3590698242188 35.5623817443848 35.0524139404297 38.4975700378418 47.1087913513184 46.5839347839355 37.0724182128906 26.3837623596191 19.8432273864746 14.0629272460938 13.5351152420044 13.4890995025635 13.0026779174805 12.925464630127 12.9346618652344 12.6800308227539 12.529559135437 12.2861738204956 11.8942804336548 11.6528768539429 11.7575178146362 12.1785497665405 12.8234434127808 13.3337144851685 13.4044427871704 14.6618986129761 15.289571762085 15.3830690383911 16.4438152313232 16.5170307159424 15.6753454208374 13.9943523406982 13.2883167266846 13.4405899047852 13.5185136795044 13.8953542709351 14.3717918395996 14.0813751220703 13.6400022506714
16.0058937072754 16.5114860534668 17.1501388549805 18.2774677276611 18.2781677246094 17.2262420654297 16.935115814209 16.4895629882812 16.8586807250977 18.532018661499 24.3995704650879 25.1646022796631 23.4806785583496 17.3860893249512 14.3305559158325 13.419472694397 13.1906433105469 13.0976076126099 13.5688247680664 13.2901334762573 13.3195505142212 13.4072780609131 13.331374168396 12.9286098480225 12.5765027999878 12.2258806228638 11.8395280838013 11.6400241851807 11.6385660171509 11.6855134963989 12.0255346298218 12.5773725509644 13.1591138839722 14.0958375930786 14.9003849029541 14.6797466278076 15.7703857421875 15.9629240036011 15.2729997634888 14.173713684082 13.4860124588013 13.2001123428345 13.1940593719482 13.4331026077271 13.5653238296509 13.7199621200562 13.6524753570557
12.9891748428345 13.1180105209351 13.4931478500366 13.5642318725586 13.5246448516846 13.4582424163818 12.9909648895264 13.2485656738281 13.3778886795044 13.3894939422607 14.6866855621338 15.8967838287354 13.869158744812 12.8915929794312 12.7203550338745 12.7904958724976 13.3556690216064 14.2597131729126 13.8161916732788 14.0182228088379 14.1566581726074 13.8015098571777 13.4853706359863 13.4946756362915 12.7891216278076 12.1195411682129 11.928936958313 11.695858001709 11.6327238082886 11.6194839477539 11.8611764907837 12.4078845977783 13.0872383117676 13.677677154541 14.2500190734863 14.4729080200195 15.3566064834595 15.7064037322998 14.8965110778809 14.3228759765625 13.853364944458 13.447117805481 13.1471061706543 13.1148977279663 13.4322242736816 13.3906364440918 13.410756111145
