Ecospace-environmental-drivers/Outputs/ASCII-for-ecospace/ChlA/ChlA_X2012.06.asc
NCOLS 131 
NROWS 53 
XLLCORNER -98 
YLLCORNER 23.9265270233154 
CELLSIZE 0.133587792515755 
NODATA_value -3.4e+38 
[rows 21 to 41 of 53, columns 0 to 46 of 131]
-3.4e+38 -3.4e+38 -3.4e+38 -3.4e+38 -3.4e+38 -3.4e+38 -3.4e+38 -3.4e+38 -3.4e+38 17.6781902313232 17.1683082580566 13.2420177459717 10.8440437316895 7.75206184387207 5.9026050567627 5.67674541473389 9.2036600112915 9.9606876373291 9.60011672973633 9.339111328125 9.30876636505127 8.75715446472168 7.67025136947632 8.74074554443359 9.81233596801758 7.45645618438721 9.08714580535889 8.47062873840332 6.49619436264038 6.71947479248047 5.74681758880615 8.45603466033936 6.56997394561768 6.56310319900513 6.50735330581665 6.63669013977051 7.27334785461426 6.84423017501831 5.34746932983398 5.39722776412964 8.16534805297852 8.50377559661865 6.88610553741455 -3.4e+38 -3.4e+38 -3.4e+38 -3.4e+38
-3.4e+38 -3.4e+38 -3.4e+38 -3.4e+38 -3.4e+38 -3.4e+38 -3.4e+38 -3.4e+38 16.9278469085693 17.6877021789551 13.2041435241699 11.2125015258789 8.60715007781982 7.48236036300659 7.25219583511353 8.66009426116943 8.25899696350098 8.64632606506348 8.73333549499512 8.89377593994141 9.04197025299072 8.619553565979 8.79448795318604 9.70093536376953 9.26271343231201 8.66150665283203 8.10361480712891 8.55961418151855 -3.4e+38 -3.4e+38 -3.4e+38 6.52929353713989 7.2536039352417 9.19365882873535 7.74192380905151 7.23485088348389 9.42318248748779 6.4970440864563 6.18084383010864 5.82047939300537 8.26557540893555 8.70144271850586 10.5079460144043 -3.4e+38 9.26670551300049 6.64014911651611 4.54470729827881
-3.4e+38 -3.4e+38 -3.4e+38 -3.4e+38 -3.4e+38 -3.4e+38 -3.4e+38 13.5459041595459 13.8721618652344 11.2634420394897 11.033166885376 8.42707824707031 7.70100021362305 7.08131551742554 7.83220148086548 8.38909149169922 8.52668285369873 8.71548175811768 8.84705638885498 8.95341396331787 9.02484035491943 7.84798383712769 9.89864635467529 9.40518856048584 10.2247467041016 10.0532064437866 5.42915725708008 6.36116933822632 10.0138216018677 10.3473987579346 11.770227432251 14.5233850479126 12.6051893234253 11.381441116333 10.8176126480103 9.74822521209717 8.36070442199707 7.49065065383911 9.58730602264404 12.118522644043 8.15019035339355 6.78763866424561 7.98707246780396 9.01210975646973 9.67023944854736 -3.4e+38 4.50836753845215
-3.4e+38 -3.4e+38 -3.4e+38 -3.4e+38 -3.4e+38 20.4236259460449 9.79776382446289 13.4269437789917 13.730094909668 10.1808528900146 7.48815059661865 7.73978137969971 8.03978824615479 7.6872730255127 7.80388975143433 8.1086597442627 7.97647094726562 8.87828731536865 8.68721961975098 10.0381698608398 7.90974760055542 8.32911396026611 9.73427581787109 9.11906909942627 9.57191371917725 10.1171169281006 9.43802452087402 5.50008964538574 -3.4e+38 8.527907371521 8.40267372131348 -3.4e+38 11.8332109451294 10.8300657272339 9.82434368133545 8.41016674041748 7.47840881347656 7.69665813446045 -3.4e+38 -3.4e+38 8.52120304107666 5.27152442932129 7.04223108291626 6.99029588699341 6.49556922912598 5.65829229354858 4.27933406829834
-3.4e+38 -3.4e+38 -3.4e+38 -3.4e+38 -3.4e+38 -3.4e+38 12.9872179031372 12.2792530059814 12.4140386581421 10.0034036636353 6.72793436050415 7.10847663879395 8.2429723739624 7.70387506484985 8.20890426635742 8.24196243286133 8.35618782043457 8.33766078948975 7.3467812538147 7.84161329269409 7.1138334274292 8.64062023162842 9.32535552978516 8.87732982635498 7.76467180252075 6.66674613952637 5.44732332229614 -3.4e+38 7.11887741088867 7.28956127166748 9.00192737579346 8.34072113037109 10.6451387405396 9.50081253051758 9.07373237609863 7.10817956924438 8.06224346160889 8.03181076049805 9.10857105255127 8.44584941864014 7.00645875930786 7.85574197769165 7.36525821685791 6.09186553955078 4.72364902496338 3.97388625144958 5.51692914962769
-3.4e+38 -3.4e+38 -3.4e+38 -3.4e+38 -3.4e+38 -3.4e+38 11.2284288406372 11.858377456665 11.4865102767944 11.9163255691528 8.07154273986816 7.44046688079834 7.01254463195801 7.92959403991699 9.0166540145874 6.3613109588623 7.62585353851318 9.26973724365234 6.38837909698486 9.05536270141602 8.00588893890381 8.94593906402588 9.10024261474609 8.49756336212158 7.60643482208252 7.54868078231812 -3.4e+38 -3.4e+38 8.32569217681885 8.07526397705078 8.03763484954834 8.73479270935059 7.65707492828369 7.88883495330811 8.24318027496338 10.2311916351318 8.16468048095703 7.80658102035522 6.99628257751465 7.76150941848755 9.87175559997559 9.00372982025146 7.04319381713867 6.3759241104126 4.76523494720459 3.59545922279358 3.8981032371521
-3.4e+38 -3.4e+38 -3.4e+38 -3.4e+38 -3.4e+38 17.0031070709229 9.56771850585938 10.2056312561035 10.7293167114258 12.027153968811 10.2325439453125 6.69784736633301 6.88443565368652 8.36782169342041 9.05846405029297 7.70014810562134 7.92722702026367 8.43966388702393 9.11010074615479 9.6110315322876 9.4269380569458 10.2615070343018 9.31004238128662 8.42303276062012 9.5378589630127 9.36825752258301 12.0167217254639 10.1325283050537 8.52788066864014 9.06554698944092 8.89225292205811 9.18751239776611 7.34857749938965 6.69397830963135 10.0728330612183 8.14158821105957 8.08317565917969 9.14136219024658 -3.4e+38 10.62060546875 9.18328952789307 8.8556547164917 5.91297435760498 4.83518409729004 4.17461156845093 5.4080023765564 3.51018857955933
-339999999999999996128486808808066248288.000000000000000 -3.4e+38 -3.4e+38 -3.4e+38 -3.4e+38 15.5426607131958 11.3862829208374 10.7782182693481 10.5169630050659 10.9988851547241 10.1258659362793 6.94732713699341 7.57862854003906 5.0696816444397 -3.4e+38 6.92011833190918 7.03282499313354 7.72202920913696 8.51888370513916 9.223313331604 9.68796253204346 10.8127517700195 11.2280178070068 10.8707485198975 10.4416179656982 10.5477266311646 8.25146961212158 8.51149559020996 10.0032072067261 9.33140182495117 9.79012107849121 8.71786403656006 9.97996616363525 10.4045190811157 9.83970737457275 9.49228191375732 9.03332424163818 9.48409175872803 -3.4e+38 11.67578125 9.26014232635498 8.49215126037598 6.8558087348938 6.5786190032959 6.42640447616577 5.92820310592651 4.23068237304688
-3.4e+38 -3.4e+38 -3.4e+38 -3.4e+38 -3.4e+38 13.5198183059692 11.9559288024902 10.5866889953613 10.4128913879395 10.3901338577271 9.8939380645752 8.67589664459229 7.7843861579895 6.17687463760376 8.20823955535889 8.1444616317749 7.55880737304688 6.91437816619873 8.6572380065918 9.01342582702637 9.97808742523193 10.7473573684692 11.8338661193848 11.3680744171143 10.7192649841309 8.98897266387939 6.54108095169067 6.37123727798462 8.39876174926758 10.062611579895 10.4779996871948 8.72100448608398 -3.4e+38 10.6210508346558 9.49076271057129 9.29932403564453 8.79858303070068 9.15496730804443 8.24492931365967 8.29837036132812 7.96233701705933 10.7971143722534 8.60454845428467 7.90542602539062 7.13096761703491 6.66799354553223 7.48978662490845
-3.4e+38 -3.4e+38 -3.4e+38 -3.4e+38 -3.4e+38 12.7688941955566 10.1221513748169 10.090461730957 10.4092035293579 9.78066921234131 9.24029541015625 6.80792999267578 8.09735870361328 6.92976045608521 7.96081304550171 8.9509220123291 9.01028633117676 8.90162372589111 8.70886993408203 9.02781772613525 9.76650047302246 10.192774772644 11.4314575195312 11.2579021453857 10.4753656387329 9.05065059661865 7.39582109451294 9.78346347808838 9.09657859802246 11.4725961685181 9.70861911773682 -3.4e+38 10.3106250762939 8.86077308654785 7.77745485305786 7.22146224975586 7.13845491409302 8.03888034820557 8.47784328460693 7.80344390869141 7.92878818511963 7.6055793762207 9.97510242462158 8.59879207611084 7.35068225860596 7.19418334960938 6.40824365615845
-3.4e+38 -3.4e+38 -3.4e+38 -3.4e+38 -3.4e+38 12.1179599761963 10.1149272918701 9.89566898345947 10.4344730377197 10.4340677261353 9.52221488952637 7.75774717330933 7.02174472808838 6.12537956237793 8.66499996185303 8.5767993927002 8.21599960327148 7.95453310012817 7.81430864334106 8.82022380828857 9.08127212524414 10.4053764343262 11.0863571166992 11.62047290802 10.0427112579346 10.0599365234375 8.67905521392822 8.72166347503662 8.3203182220459 9.15983581542969 8.74514961242676 9.09800910949707 8.128737449646 7.03635597229004 9.05924606323242 7.96343278884888 8.14862155914307 8.67311382293701 9.08427715301514 8.01698207855225 8.54697799682617 8.54511737823486 8.43059062957764 7.29886865615845 8.34573459625244 8.45840072631836 6.29901647567749
-3.4e+38 -3.4e+38 -3.4e+38 -3.4e+38 -3.4e+38 14.102108001709 11.1769390106201 10.6107892990112 10.4403238296509 10.688515663147 8.98820495605469 7.71834182739258 6.99975490570068 8.29557228088379 6.89189720153809 9.80336380004883 7.72239780426025 7.6484522819519 7.75441884994507 8.34815883636475 9.03085994720459 10.6266746520996 10.9425487518311 11.4174528121948 10.4019508361816 7.97381639480591 8.83189010620117 8.62644004821777 8.69329738616943 8.92509651184082 7.96757745742798 8.21453094482422 7.85689115524292 8.18313407897949 7.46710157394409 7.7088942527771 8.11731243133545 7.7567892074585 8.22653865814209 7.27295351028442 6.99050617218018 10.0641670227051 9.48794078826904 7.85010242462158 3.91595315933228 6.29783630371094 5.19922304153442
-3.4e+38 -3.4e+38 -3.4e+38 -3.4e+38 -3.4e+38 13.6202363967896 12.2830877304077 9.49798107147217 10.0742664337158 10.2775774002075 8.95612525939941 6.90258741378784 8.38420867919922 9.27919292449951 8.52096271514893 10.0791149139404 7.65233325958252 6.43407773971558 7.69186210632324 8.4673376083374 9.18163871765137 10.429539680481 10.389946937561 11.2408971786499 11.1062688827515 9.00594425201416 8.95045852661133 8.81625270843506 8.78701114654541 8.22692108154297 8.87734317779541 8.05566787719727 8.00137329101562 8.11050415039062 8.1390495300293 8.32148361206055 9.26390933990479 7.53902149200439 7.07630681991577 7.33760595321655 10.656759262085 11.5262451171875 10.7280158996582 7.93820476531982 7.43539428710938 7.95458269119263 7.64835071563721
-3.4e+38 -3.4e+38 -3.4e+38 -3.4e+38 -3.4e+38 -3.4e+38 13.4322004318237 10.1845197677612 9.65533256530762 10.346830368042 9.57499980926514 9.18549060821533 9.65962886810303 7.98331928253174 8.13087463378906 8.20317268371582 7.92961883544922 6.5803337097168 6.20526695251465 8.28701686859131 9.35988521575928 10.6036233901978 10.6269817352295 11.1915054321289 10.8673639297485 9.75795459747314 9.87819576263428 8.641526222229 8.84992408752441 8.59653854370117 7.81160116195679 7.591628074646 6.561363697052 8.48221874237061 7.53195333480835 8.33892345428467 7.13191509246826 7.6573748588562 6.92182636260986 7.4379825592041 8.69093608856201 9.43751811981201 10.2562828063965 8.63973903656006 7.00435400009155 6.96376657485962 8.24689388275146
-3.4e+38 -3.4e+38 -3.4e+38 -3.4e+38 -3.4e+38 -3.4e+38 14.3125038146973 9.58627700805664 7.94083213806152 7.76605796813965 8.86701107025146 9.21518802642822 9.08183479309082 8.29866313934326 8.39578914642334 8.42395210266113 9.09907627105713 7.3023419380188 7.96646976470947 8.2578649520874 8.90495681762695 10.3243341445923 10.7324562072754 10.6264581680298 8.99876308441162 9.18095397949219 8.21604919433594 8.71001720428467 8.47848796844482 8.50662422180176 8.16737174987793 7.65989303588867 7.94014978408813 8.45402336120605 7.98758411407471 7.75419759750366 7.64251947402954 7.86799669265747 7.41595458984375 7.61463499069214 7.60019493103027 8.05220031738281 6.64786195755005 7.27578258514404 6.83359861373901 7.66934156417847 6.69640874862671
-3.4e+38 -3.4e+38 -3.4e+38 -3.4e+38 -3.4e+38 -3.4e+38 13.5011444091797 9.77561187744141 7.6294059753418 8.20243549346924 9.2798376083374 8.93411064147949 8.48883152008057 8.41580581665039 8.3861665725708 8.87823867797852 8.35741424560547 8.70785140991211 8.2585277557373 8.04185962677002 8.2399263381958 10.8516817092896 10.9583072662354 10.6450366973877 9.13585567474365 9.38657665252686 10.1312026977539 7.71154499053955 7.3804178237915 8.2009391784668 8.3065938949585 9.01637077331543 9.17088222503662 8.37147045135498 8.10269451141357 9.40037441253662 8.47920513153076 8.96389007568359 8.12022972106934 7.56514024734497 7.13209915161133 7.87934255599976 7.27324724197388 7.25158214569092 5.88958263397217 6.5666127204895 5.73074674606323
-3.4e+38 -3.4e+38 -3.4e+38 -3.4e+38 -3.4e+38 -3.4e+38 -3.4e+38 10.0409250259399 7.59943532943726 7.05289173126221 8.27943801879883 8.60426139831543 8.27796936035156 8.24507236480713 8.1062183380127 8.42072868347168 8.02556419372559 8.48323726654053 8.73549270629883 7.80413246154785 8.52082443237305 9.75329875946045 10.0605030059814 9.3293342590332 9.29190158843994 10.8851680755615 7.80833578109741 8.67391109466553 7.61711072921753 7.6254448890686 8.10371208190918 8.31707668304443 8.64592933654785 8.64216613769531 8.84009265899658 8.12933254241943 7.80325269699097 8.16164684295654 8.02164649963379 7.51338005065918 7.54403972625732 7.96894550323486 7.8817343711853 7.42674350738525 7.78038454055786 7.09093618392944 7.42696332931519
-3.4e+38 -3.4e+38 -3.4e+38 -3.4e+38 -3.4e+38 -3.4e+38 -3.4e+38 9.6112642288208 6.72743368148804 7.96856498718262 8.35109424591064 8.11075401306152 7.76220560073853 7.79026412963867 7.81099319458008 7.97603368759155 8.59149074554443 8.32475471496582 8.44779491424561 8.88808536529541 9.51493835449219 9.36283111572266 9.60944747924805 8.7155294418335 8.54144668579102 8.74363231658936 8.86838340759277 8.80989074707031 9.08797550201416 7.92374277114868 8.02870655059814 8.16487503051758 8.03564739227295 8.66194725036621 9.15004730224609 8.52705192565918 7.94286060333252 7.36095905303955 8.40055751800537 8.84566783905029 8.30786228179932 8.23318195343018 7.77278137207031 7.92505502700806 7.29627227783203 6.89478969573975 7.85577440261841
-3.4e+38 -3.4e+38 -3.4e+38 -3.4e+38 -3.4e+38 -3.4e+38 -3.4e+38 9.92410469055176 6.4212818145752 7.4467453956604 7.38566303253174 6.84584474563599 7.40790557861328 7.72654294967651 8.10315799713135 7.78046751022339 7.88522911071777 8.47828197479248 8.54648971557617 8.8063793182373 9.10311698913574 8.10089683532715 8.67770957946777 8.8231086730957 8.58170509338379 9.09674263000488 8.65275955200195 8.13730049133301 8.26900768280029 9.05918312072754 9.38457107543945 7.96490621566772 8.75405883789062 8.39354991912842 8.68188762664795 8.2142915725708 8.51487064361572 8.23313999176025 8.06604480743408 8.31365776062012 8.29795265197754 8.14129734039307 7.17197179794312 7.78222560882568 8.05985641479492 8.01991844177246 8.50916481018066
-3.4e+38 -3.4e+38 -3.4e+38 -3.4e+38 -3.4e+38 -3.4e+38 11.7919807434082 8.51414775848389 7.02201175689697 8.068528175354 7.2545747756958 7.83625268936157 8.21994876861572 8.13928413391113 7.22851848602295 7.10026979446411 7.32639837265015 8.21234035491943 8.4860954284668 8.51759338378906 8.70763397216797 8.32694149017334 8.33409118652344 8.0662784576416 8.91252326965332 8.71491527557373 9.79521751403809 8.60758495330811 9.64979457855225 9.96341800689697 9.69619941711426 9.28275394439697 9.00239753723145 8.58805274963379 8.75509643554688 8.47783184051514 8.26986885070801 8.00306224822998 7.80021905899048 7.61324787139893 7.80332517623901 8.03719234466553 7.31525945663452 8.16010570526123 7.58517789840698 7.80961418151855 8.26217842102051
-3.4e+38 -3.4e+38 -3.4e+38 -3.4e+38 -3.4e+38 -3.4e+38 8.05692768096924 7.68393039703369 7.94845771789551 7.02229070663452 8.20311832427979 8.19812297821045 8.29936504364014 6.30209159851074 7.48233890533447 7.40095615386963 8.11698627471924 8.49902153015137 8.7716121673584 8.92051982879639 8.2444019317627 7.94517850875854 8.56282615661621 8.69654560089111 9.43889045715332 8.10978603363037 8.83092880249023 9.20838928222656 10.3713121414185 8.38910007476807 8.86253070831299 8.49773502349854 9.16031646728516 8.74840545654297 8.6142578125 8.06734180450439 9.36847686767578 8.5148754119873 7.94701719284058 7.30688524246216 7.28291368484497 7.98643159866333 7.33000183105469 8.01671314239502 8.3157958984375 7.0225830078125 7.42825412750244
