Ecospace-environmental-drivers/Outputs/ASCII-for-ecospace/ChlA/ChlA_X2008.03.asc
NCOLS 131 
NROWS 53 
XLLCORNER -98 
YLLCORNER 23.9265270233154 
CELLSIZE 0.133587792515755 
NODATA_value -3.4e+38 
[rows 21 to 41 of 53, columns 0 to 46 of 131]
-3.4e+38 -3.4e+38 -3.4e+38 -3.4e+38 -3.4e+38 -3.4e+38 17.8110046386719 -3.4e+38 -3.4e+38 21.2950382232666 18.2653331756592 15.7450294494629 14.571403503418 13.6063766479492 13.0355272293091 12.0842819213867 11.2909212112427 10.7231512069702 10.7859582901001 10.4799966812134 10.5457420349121 10.7680416107178 10.7471418380737 11.1124792098999 10.8791847229004 10.4242086410522 11.1983251571655 11.2128686904907 10.8049983978271 10.628833770752 10.7852163314819 10.5948181152344 11.0114116668701 11.4724559783936 11.2086849212646 10.8562622070312 10.5376119613647 10.3481407165527 11.0231323242188 11.3307905197144 11.0685911178589 11.2409505844116 11.3239917755127 11.1657781600952 11.2280197143555 10.774151802063 10.5924339294434
-3.4e+38 -3.4e+38 -3.4e+38 -3.4e+38 -3.4e+38 -3.4e+38 -3.4e+38 -3.4e+38 20.2192802429199 17.7709541320801 15.1568775177002 13.5146675109863 12.0845813751221 11.0096845626831 11.0037021636963 10.9825439453125 10.7318620681763 10.3306636810303 10.232479095459 10.3105630874634 10.4951648712158 10.8947792053223 10.8470754623413 11.1577482223511 11.3539638519287 11.2515916824341 10.977653503418 10.6682863235474 10.0013675689697 9.75060653686523 10.702618598938 10.92014503479 10.9578971862793 10.8569002151489 10.8413496017456 10.377703666687 10.2198638916016 10.0397024154663 10.2028980255127 11.0297002792358 10.7479591369629 10.1517305374146 10.3029956817627 10.6173114776611 10.3178224563599 10.0946502685547 10.7960729598999
-3.4e+38 -3.4e+38 -3.4e+38 -3.4e+38 23.3372116088867 24.059700012207 -3.4e+38 20.940938949585 18.3041248321533 15.6544628143311 12.688549041748 11.5479431152344 10.8554792404175 10.5511274337769 10.4912395477295 10.5561780929565 10.2729816436768 10.5572233200073 10.7298173904419 11.0483274459839 10.7936935424805 10.8134956359863 10.7154035568237 10.4792461395264 10.8436098098755 11.0122699737549 10.4358425140381 10.1104621887207 10.2238616943359 9.27473068237305 9.88423919677734 10.4420347213745 9.89934539794922 10.5892772674561 10.4628229141235 10.2451086044312 10.0169687271118 9.70070171356201 10.1246356964111 10.5493659973145 10.5338096618652 9.94039058685303 9.91392803192139 10.0264902114868 9.4118709564209 9.30018043518066 10.3646850585938
-3.4e+38 -3.4e+38 -3.4e+38 -3.4e+38 -3.4e+38 23.1212253570557 21.1616020202637 18.1938323974609 15.954647064209 13.3318061828613 11.598653793335 11.0144844055176 10.405933380127 10.1826324462891 9.96683216094971 10.1464757919312 10.3049440383911 10.3868284225464 10.865327835083 10.7819786071777 10.7586984634399 10.5898942947388 10.6481304168701 10.1473617553711 10.331859588623 9.87840175628662 9.73961353302002 9.5784912109375 10.6527137756348 10.1886053085327 9.82661628723145 10.1731367111206 9.86902618408203 9.87160396575928 10.0184001922607 10.1390380859375 10.2855978012085 9.49271583557129 9.44773960113525 10.0645017623901 10.2240428924561 9.59537792205811 9.77019786834717 9.34192848205566 9.12148189544678 9.24250602722168 9.32450580596924
-3.4e+38 -3.4e+38 -3.4e+38 -3.4e+38 -3.4e+38 20.735652923584 19.6019058227539 16.0322074890137 13.8816051483154 11.3273811340332 10.6211376190186 10.162917137146 10.00537109375 9.74099063873291 9.64408206939697 9.81018352508545 9.83219814300537 10.2643175125122 10.7947101593018 10.8255634307861 10.8296451568604 10.7193918228149 10.7629051208496 10.2911958694458 10.2514734268188 10.0981311798096 9.96021175384521 9.75366497039795 9.90954780578613 9.92892742156982 9.86007118225098 9.97045421600342 9.88969421386719 9.89303874969482 9.4229850769043 9.39400577545166 9.64472675323486 9.456711769104 9.05977249145508 9.16020393371582 9.47696971893311 9.46428489685059 9.66506958007812 9.19762229919434 8.70011806488037 9.10940837860107 9.33995246887207
-3.4e+38 -3.4e+38 -3.4e+38 -3.4e+38 -3.4e+38 21.0889434814453 17.2593460083008 14.6490573883057 12.7806644439697 10.7973289489746 10.4431190490723 10.283935546875 9.71533679962158 9.58380889892578 9.6608715057373 9.68776226043701 9.73407173156738 10.0819959640503 10.6917181015015 10.4252862930298 10.4012861251831 10.4243478775024 10.3801803588867 10.6629705429077 10.6983890533447 10.6709089279175 10.3619956970215 9.8162956237793 10.2390289306641 10.4740390777588 9.91388416290283 10.1224527359009 9.78774547576904 9.87382125854492 9.5400857925415 9.10423374176025 8.95195579528809 9.01277637481689 8.91913890838623 9.14616775512695 9.64159965515137 9.95793914794922 10.1165781021118 9.4967155456543 9.00286197662354 9.09020137786865 10.2341260910034
-3.4e+38 -3.4e+38 -3.4e+38 -3.4e+38 -3.4e+38 18.930965423584 15.9190263748169 13.4950618743896 11.4661712646484 10.8000326156616 10.172248840332 9.90032196044922 9.68456840515137 9.60867595672607 9.84267520904541 9.9665412902832 9.86546993255615 10.104926109314 10.389066696167 10.5029907226562 10.3872146606445 10.3571214675903 10.9765634536743 10.6930255889893 10.8675699234009 10.8091077804565 10.2839593887329 10.0498905181885 10.0856580734253 10.0737085342407 10.2168798446655 10.2745485305786 9.95459175109863 9.72092723846436 9.68120670318604 9.20913600921631 9.04903602600098 9.27362442016602 9.11508560180664 9.13412857055664 9.36266422271729 9.43526649475098 9.35304832458496 9.64227867126465 9.05794334411621 9.85833263397217 10.66676902771
-339999999999999996128486808808066248288.000000000000000 -3.4e+38 -3.4e+38 -3.4e+38 18.748254776001 17.2785320281982 14.5415725708008 12.5872201919556 11.2764358520508 10.9570903778076 10.1591682434082 10.1074295043945 9.86830902099609 9.8004903793335 9.9318151473999 10.0053510665894 9.54075050354004 9.89633750915527 10.097204208374 10.5393390655518 10.4011840820312 10.1919384002686 10.4401226043701 10.3457298278809 10.5698432922363 10.4551916122437 10.2516689300537 10.2746601104736 9.76755714416504 9.67583179473877 9.83424949645996 10.150731086731 10.2505073547363 9.96689796447754 9.52198791503906 9.63744640350342 9.22178268432617 9.18921279907227 9.2883243560791 8.91658496856689 8.93063831329346 8.84114074707031 9.48799705505371 10.3047637939453 9.30995655059814 9.57901668548584 10.1167774200439
-3.4e+38 -3.4e+38 -3.4e+38 -3.4e+38 17.4777870178223 15.9160833358765 13.6154880523682 11.9052619934082 11.3775539398193 10.4136276245117 10.1728487014771 9.93432235717773 9.93435096740723 9.64769268035889 9.86357116699219 10.0067987442017 9.62265396118164 9.7644100189209 9.97125434875488 10.2251806259155 10.0750150680542 9.91513824462891 10.2693252563477 10.2301273345947 9.6974401473999 9.78889751434326 9.87612533569336 10.200140953064 10.1426706314087 10.2004442214966 10.1211175918579 9.68352890014648 10.0046472549438 9.76741600036621 9.76192760467529 9.45865058898926 9.2501974105835 8.98142242431641 9.30027389526367 8.74545478820801 8.29723453521729 8.98927211761475 9.04931545257568 8.98914623260498 9.15733623504639 9.37807559967041 9.45217418670654
-3.4e+38 -3.4e+38 -3.4e+38 -3.4e+38 17.40163230896 15.9779405593872 13.2249383926392 11.9989242553711 11.916467666626 10.3158149719238 9.77602863311768 9.97267532348633 9.65795040130615 9.09043788909912 9.31253433227539 9.65406131744385 9.94356918334961 9.98451900482178 10.1175193786621 10.1533241271973 10.1940107345581 10.3947448730469 10.3641319274902 10.1725883483887 9.63501071929932 9.63490390777588 9.88368606567383 10.1797981262207 10.2009019851685 10.2468395233154 9.94173145294189 9.96677684783936 9.45292472839355 8.98160171508789 8.9437780380249 9.06394386291504 8.93356609344482 9.15963268280029 9.47064208984375 8.38701343536377 8.46600818634033 8.96899127960205 8.88184070587158 9.15046501159668 10.1007385253906 10.0221576690674 9.58682155609131
-3.4e+38 -3.4e+38 -3.4e+38 -3.4e+38 -3.4e+38 16.9746322631836 13.76247215271 12.1929407119751 12.3463859558105 11.4773979187012 9.82847690582275 10.0441665649414 9.443359375 9.03248882293701 9.23899364471436 9.74475193023682 9.93102836608887 10.1523675918579 10.3993835449219 10.6380300521851 10.5164251327515 10.5447597503662 10.3100652694702 10.1174077987671 9.77859592437744 9.67244338989258 9.989426612854 9.72140979766846 9.33060836791992 9.83799266815186 10.0732231140137 9.48003101348877 8.5862455368042 8.62506198883057 8.54023265838623 9.14513111114502 8.67167949676514 9.68292903900146 9.87844848632812 8.17655658721924 8.7038745880127 8.88667392730713 8.63985061645508 9.36693668365479 10.1145238876343 10.5199203491211 9.93173217773438
-3.4e+38 -3.4e+38 -3.4e+38 -3.4e+38 -3.4e+38 16.7641220092773 14.6360139846802 12.6341953277588 12.393536567688 11.6543235778809 9.94508171081543 9.91596794128418 9.78954315185547 9.45408821105957 9.7814826965332 9.71660900115967 9.62882423400879 9.51023197174072 9.52724647521973 10.1861410140991 10.4685373306274 10.481671333313 10.5235643386841 10.6640062332153 10.2888622283936 10.3493919372559 10.0344362258911 9.9216194152832 9.90562343597412 9.67948150634766 8.9150390625 8.40859603881836 8.43341732025146 9.07475852966309 9.51065731048584 9.72786617279053 9.17953681945801 9.79072666168213 9.41938018798828 8.47275066375732 8.70970630645752 8.95456504821777 8.89740371704102 9.27043342590332 10.1880521774292 10.8105192184448 10.7918081283569
-3.4e+38 -3.4e+38 -3.4e+38 -3.4e+38 -3.4e+38 16.7066555023193 15.4971408843994 13.4474353790283 12.9367923736572 12.3623313903809 10.1234016418457 9.92461013793945 10.4686059951782 10.6466274261475 10.7043170928955 10.1567707061768 9.68915557861328 9.69419288635254 9.63926029205322 10.0383234024048 10.4782285690308 11.0800590515137 11.0074043273926 10.8982496261597 10.8417196273804 10.3849935531616 9.87209224700928 9.83705997467041 10.2068328857422 10.1028690338135 9.1602783203125 8.47394943237305 6.64575004577637 6.57083797454834 7.52170419692993 9.36174011230469 7.01842880249023 8.90574550628662 9.49411201477051 8.83708000183105 9.12402153015137 9.67349529266357 8.32424736022949 9.56395721435547 10.6742658615112 9.79805755615234 10.3313121795654
-3.4e+38 -3.4e+38 -3.4e+38 -3.4e+38 -3.4e+38 16.2871475219727 15.7222871780396 14.3326416015625 12.9987001419067 12.4673166275024 10.6471109390259 10.1029148101807 10.1761703491211 10.4085083007812 10.2398443222046 9.73012161254883 9.87283611297607 9.87454414367676 10.322961807251 10.2806606292725 10.2892227172852 10.2715349197388 10.0959196090698 9.88751029968262 10.2697315216064 9.92353343963623 9.92445755004883 9.97100067138672 9.83182525634766 9.52232933044434 9.71903228759766 9.87956523895264 9.43190860748291 8.86149787902832 9.1118631362915 8.5842342376709 10.2116680145264 8.13149070739746 8.71892261505127 9.24286842346191 8.36075878143311 10.0675001144409 9.53355312347412 9.7847204208374 10.55064868927 10.1939344406128 10.0379314422607
-3.4e+38 -3.4e+38 -3.4e+38 -3.4e+38 -3.4e+38 -3.4e+38 16.5324993133545 14.939302444458 13.65198802948 12.6840028762817 11.1340017318726 10.5898466110229 10.5945806503296 10.4682426452637 9.81661796569824 9.33426189422607 9.86753368377686 9.70816993713379 10.0368976593018 10.2347650527954 10.4554119110107 11.3704872131348 11.105263710022 10.8629741668701 10.8205318450928 10.4347333908081 10.3084745407104 9.95621681213379 10.1860494613647 9.86013889312744 9.71459007263184 9.93672466278076 8.70944595336914 8.18240737915039 7.78233814239502 9.46572589874268 9.3257417678833 8.1168270111084 7.84573364257812 9.52612400054932 8.2734203338623 8.99093532562256 9.66327953338623 10.1156969070435 10.416540145874 10.3472833633423 10.0342512130737
-3.4e+38 -3.4e+38 -3.4e+38 -3.4e+38 -3.4e+38 -3.4e+38 17.5317249298096 15.434271812439 14.3345537185669 13.057014465332 12.0191955566406 11.2772445678711 11.2079610824585 10.4751243591309 9.4173526763916 9.14086246490479 9.33207321166992 9.17452335357666 9.08207035064697 9.687575340271 9.26515960693359 10.0521831512451 10.4457149505615 10.39808177948 10.4896955490112 10.8238964080811 10.8379392623901 10.6117706298828 10.5743141174316 10.269362449646 9.46870994567871 9.32135486602783 8.98629283905029 9.33380603790283 9.59432411193848 9.99270915985107 8.89877033233643 9.36067962646484 8.89406394958496 9.75933647155762 9.67439079284668 9.08074569702148 9.58444118499756 10.6198101043701 10.0016059875488 9.35453033447266 8.93216514587402
-3.4e+38 -3.4e+38 -3.4e+38 -3.4e+38 -3.4e+38 -3.4e+38 20.0913829803467 16.4447002410889 14.5499563217163 13.2931518554688 11.7449359893799 10.7389011383057 10.2409601211548 10.0440969467163 9.09488964080811 8.8472843170166 8.96077251434326 8.90837860107422 8.99787425994873 8.70948791503906 9.31143379211426 9.46334552764893 10.7827253341675 11.1334810256958 11.1186790466309 10.9362020492554 10.699517250061 10.3812770843506 9.94694519042969 9.2286262512207 9.18362903594971 9.30198669433594 8.81735134124756 9.18423175811768 9.18163681030273 8.34045314788818 9.97922039031982 9.47761917114258 9.05535793304443 9.39736747741699 10.2354688644409 7.97738218307495 8.25363159179688 10.1363162994385 9.49884796142578 8.78568840026855 8.28146362304688
-3.4e+38 -3.4e+38 -3.4e+38 -3.4e+38 -3.4e+38 -3.4e+38 18.5493793487549 15.8286657333374 14.4267425537109 13.1436262130737 11.3931159973145 10.2758722305298 10.0605297088623 9.70169448852539 9.12869834899902 8.97508239746094 9.05873775482178 9.14550113677979 9.65676879882812 9.95193195343018 10.1419010162354 9.89445972442627 10.7154359817505 10.6438264846802 9.63832664489746 10.0695829391479 10.2074794769287 9.52586936950684 9.26655197143555 9.2742166519165 9.03909015655518 8.3241605758667 8.45774555206299 8.91065979003906 9.15938472747803 10.1054964065552 9.97807312011719 9.61051082611084 9.69104194641113 8.95016765594482 10.9556226730347 9.43415069580078 6.56434869766235 9.73324966430664 9.38787078857422 7.96264028549194 8.79664039611816
-3.4e+38 -3.4e+38 -3.4e+38 -3.4e+38 -3.4e+38 -3.4e+38 18.5108737945557 15.5181589126587 13.8316059112549 11.9544067382812 10.8218259811401 10.3504867553711 10.0652418136597 9.7051305770874 9.26091480255127 9.58995819091797 9.55427360534668 9.96883583068848 9.87606430053711 9.76690196990967 9.73513889312744 9.51853847503662 10.3530082702637 9.42983341217041 8.64531707763672 8.65069103240967 8.32236003875732 7.51448202133179 7.31881046295166 7.8953332901001 8.0042667388916 7.22372150421143 7.70576810836792 8.96840381622314 9.76354026794434 9.91816139221191 9.50890445709229 10.3454370498657 10.1871004104614 10.9275512695312 10.7592477798462 9.46146678924561 8.95898246765137 9.12343215942383 9.41176319122314 7.70467185974121 8.40679836273193
-3.4e+38 -3.4e+38 -3.4e+38 -3.4e+38 -3.4e+38 -3.4e+38 18.9164409637451 13.860426902771 12.1997060775757 11.5628633499146 11.0558996200562 10.863790512085 10.3514184951782 9.80750370025635 9.92949676513672 10.2411699295044 9.75195598602295 10.2635841369629 9.85807228088379 9.25881958007812 9.27328205108643 9.46564483642578 8.67049598693848 7.91945457458496 8.57359409332275 8.31312370300293 7.5192756652832 6.0548095703125 5.0656213760376 8.18584823608398 8.07315349578857 7.94081258773804 8.11183834075928 8.87208843231201 9.33023452758789 9.85922336578369 9.74176597595215 9.84286975860596 9.53932189941406 10.4650955200195 10.3951406478882 9.38886165618896 8.87508201599121 7.7268648147583 8.91613578796387 7.7216215133667 8.54592132568359
-3.4e+38 -3.4e+38 -3.4e+38 -3.4e+38 -3.4e+38 19.9233493804932 16.3033447265625 12.4329204559326 10.7238121032715 11.0482902526855 11.1028394699097 10.8623905181885 10.8186855316162 9.94084644317627 10.0170288085938 10.2659139633179 10.3863821029663 10.2816610336304 10.0065603256226 9.50957202911377 9.04682731628418 9.07745456695557 8.4427433013916 7.58932209014893 7.27176666259766 7.810631275177 6.8114128112793 7.3127179145813 7.74340629577637 7.22711896896362 6.95417881011963 7.50096225738525 7.95619249343872 8.75277423858643 9.18429565429688 9.62655067443848 9.92558670043945 9.43688488006592 9.76093578338623 10.3109426498413 10.4586563110352 9.77349948883057 9.75008201599121 9.18149280548096 8.55214405059814 8.95597457885742 9.61683940887451
