Ecospace-environmental-drivers/Outputs/ASCII-for-ecospace/ChlA/ChlA_X2009.09.asc
NCOLS 131 
NROWS 53 
XLLCORNER -98 
YLLCORNER 23.9265270233154 
CELLSIZE 0.133587792515755 
NODATA_value -3.4e+38 
[rows 21 to 41 of 53, columns 0 to 46 of 131]
-3.4e+38 -3.4e+38 -3.4e+38 -3.4e+38 -3.4e+38 -3.4e+38 22.1938304901123 -3.4e+38 -3.4e+38 17.5571727752686 16.27809715271 16.2630767822266 15.0741519927979 14.236626625061 12.457670211792 11.9317617416382 12.0128412246704 11.5810279846191 10.1679677963257 9.44792079925537 9.6700611114502 9.9130859375 9.61567783355713 8.87478160858154 8.83597469329834 8.77690696716309 9.79110431671143 9.84160423278809 8.88841819763184 9.24289417266846 8.25702857971191 8.95255088806152 9.53676605224609 10.3528261184692 9.67847156524658 7.75720739364624 9.59608268737793 9.16809463500977 9.7571325302124 8.41033172607422 9.48869323730469 9.17690086364746 9.15074253082275 9.01319217681885 9.02254486083984 8.64426898956299 8.94594764709473
-3.4e+38 -3.4e+38 -3.4e+38 -3.4e+38 -3.4e+38 -3.4e+38 -3.4e+38 -3.4e+38 18.5403842926025 16.3088512420654 15.1192922592163 14.137110710144 13.5661087036133 11.9708518981934 10.5149745941162 10.5680828094482 10.4017372131348 9.8981466293335 9.23624420166016 9.63493919372559 9.65616035461426 9.77479934692383 9.4083366394043 8.80082702636719 8.70516395568848 8.67214965820312 8.60949420928955 8.33716297149658 8.3665657043457 8.36303043365479 8.48640060424805 10.1166553497314 9.92270755767822 9.91139507293701 9.82556819915771 9.7685375213623 9.77687454223633 9.01662731170654 8.79791450500488 8.54800605773926 8.82768440246582 9.3254861831665 9.01613330841064 9.11838626861572 9.2450008392334 9.02090644836426 8.86216735839844
-3.4e+38 -3.4e+38 -3.4e+38 -3.4e+38 18.0499019622803 19.2810859680176 -3.4e+38 19.7868881225586 17.5991439819336 14.7519025802612 13.6264305114746 12.2328815460205 10.0541620254517 9.20104122161865 9.31785202026367 9.46229934692383 9.76624584197998 9.69216156005859 9.37277030944824 9.46923923492432 10.1081266403198 9.98609256744385 9.84977245330811 10.0108489990234 9.47617626190186 9.0369873046875 9.28715419769287 8.77299976348877 7.80244874954224 7.83428907394409 7.20102071762085 9.58542823791504 9.89911079406738 9.97590255737305 9.67434883117676 9.35284805297852 9.4566125869751 8.56879138946533 7.46065473556519 8.65482139587402 8.84016990661621 9.33337020874023 9.17772197723389 9.36390495300293 9.31761360168457 9.04693984985352 9.2092399597168
-3.4e+38 -3.4e+38 -3.4e+38 -3.4e+38 -3.4e+38 19.4971332550049 18.9595184326172 17.8107395172119 15.5087146759033 13.0591306686401 11.0685377120972 9.91026496887207 9.14844989776611 8.8704891204834 9.20222854614258 9.12140369415283 9.25448322296143 9.34682559967041 9.2298526763916 9.71261119842529 9.97116565704346 10.0872993469238 10.0802364349365 9.97667503356934 9.6834545135498 9.80153369903564 8.64492797851562 9.07213497161865 8.43796348571777 8.38388156890869 8.55262088775635 9.22693538665771 9.56531524658203 9.92171478271484 9.34670734405518 9.15857982635498 9.24627494812012 8.33848285675049 8.75669574737549 9.36473655700684 9.57009696960449 9.44074249267578 9.44340229034424 8.98824787139893 9.29884433746338 9.55332851409912 9.40899467468262
-3.4e+38 -3.4e+38 -3.4e+38 -3.4e+38 -3.4e+38 20.1901321411133 19.2314071655273 16.5216617584229 14.7653112411499 11.7326946258545 9.662034034729 9.11037445068359 9.07877159118652 9.13354015350342 9.31298732757568 9.049147605896 8.70888137817383 8.468994140625 8.7786340713501 9.39221477508545 10.2888813018799 9.80893611907959 10.028190612793 9.9188232421875 9.56564140319824 9.50125598907471 9.39809608459473 9.26126384735107 8.55364036560059 8.28781604766846 8.53730869293213 9.07136535644531 9.58917713165283 10.159740447998 9.78382110595703 8.90575122833252 8.20487689971924 9.15382671356201 9.6510124206543 9.4444751739502 9.23069381713867 9.42899513244629 9.87998008728027 9.61680889129639 8.86460876464844 8.90816116333008 9.39205741882324
-3.4e+38 -3.4e+38 -3.4e+38 -3.4e+38 -3.4e+38 19.4519271850586 17.71457862854 15.5876731872559 13.3940200805664 9.88547515869141 9.40445041656494 9.11951446533203 9.15580558776855 9.60699462890625 9.35952472686768 9.1301441192627 8.758056640625 8.32592296600342 8.07363700866699 8.95648670196533 9.43141937255859 9.79086780548096 9.99695587158203 9.95322704315186 9.26167392730713 9.38461971282959 9.05393695831299 9.26748943328857 9.48412609100342 8.16915225982666 8.39228916168213 9.13305473327637 9.65606784820557 9.81451988220215 9.54135894775391 8.10967254638672 8.08920192718506 7.92493581771851 9.23928737640381 9.44759082794189 9.414231300354 9.22915935516357 9.42217636108398 9.35091400146484 9.12780380249023 8.66621589660645 8.81315994262695
-3.4e+38 -3.4e+38 -3.4e+38 -3.4e+38 -3.4e+38 18.5228481292725 15.9237680435181 13.9741353988647 11.2013578414917 9.70661354064941 9.43280220031738 9.1758279800415 9.03901958465576 9.1605749130249 9.06625270843506 9.29214000701904 8.89576435089111 9.19262886047363 7.32479095458984 7.96828746795654 8.72751998901367 9.09362506866455 9.40811157226562 8.3320426940918 9.05620193481445 9.13902187347412 9.05304431915283 9.68387985229492 8.77773761749268 8.54765510559082 8.913254737854 9.47867679595947 9.3346996307373 9.19216060638428 8.64823913574219 8.05746746063232 8.40936279296875 8.23609161376953 8.99474239349365 9.0684814453125 9.12443828582764 9.18027591705322 9.19326496124268 8.59990119934082 8.80366039276123 8.36278057098389 8.22492980957031
-339999999999999996128486808808066248288.000000000000000 -3.4e+38 -3.4e+38 -3.4e+38 19.5086326599121 17.0391731262207 14.4885578155518 11.5268135070801 10.3553657531738 9.73545360565186 9.82223415374756 9.48662281036377 9.01588344573975 9.22710704803467 9.12255859375 8.92651462554932 8.39987564086914 8.58978271484375 7.35666513442993 6.78858423233032 6.96440458297729 8.23569202423096 8.7935619354248 8.04752159118652 8.77340221405029 9.26936435699463 9.69378757476807 9.25148868560791 8.79645252227783 8.335205078125 8.8163890838623 9.6172456741333 9.22359085083008 9.36379337310791 8.93366527557373 7.61896848678589 8.58996677398682 8.57440185546875 8.40854167938232 8.13176155090332 8.90627956390381 9.491455078125 9.56423759460449 8.94215488433838 9.05771255493164 8.83469390869141 9.26018810272217
-3.4e+38 -3.4e+38 -3.4e+38 -3.4e+38 18.8954181671143 16.1320266723633 12.4914989471436 11.0360727310181 11.4349040985107 10.3507690429688 10.0258989334106 9.84281063079834 9.44990348815918 9.06280517578125 8.54119777679443 8.57891464233398 9.00743961334229 8.82203960418701 8.66929817199707 8.86095905303955 8.81215572357178 8.72531604766846 8.94007015228271 8.25937366485596 8.53339004516602 8.8382682800293 8.97860240936279 9.13795757293701 9.29525184631348 9.11178016662598 9.52629375457764 9.50797367095947 8.84200382232666 8.59352207183838 9.79819869995117 9.11118793487549 8.70494270324707 9.17963409423828 9.75784492492676 9.26975727081299 9.50077342987061 8.96972370147705 9.31130981445312 9.46570014953613 9.14436912536621 9.00181007385254 8.42775726318359
-3.4e+38 -3.4e+38 -3.4e+38 -3.4e+38 18.7557048797607 15.6325740814209 11.0714683532715 11.027774810791 11.1135139465332 10.3591327667236 9.85594749450684 9.88647937774658 9.29348182678223 8.5931510925293 8.50039958953857 8.31546688079834 8.91652965545654 9.32807731628418 9.16188716888428 8.91871356964111 9.78024291992188 8.84405612945557 8.69346141815186 8.55740261077881 7.82883977890015 8.12080574035645 8.69890975952148 9.52204990386963 9.24041175842285 9.4910774230957 9.11322116851807 8.72402763366699 8.84248542785645 9.27361965179443 10.0278797149658 9.7270450592041 9.95000171661377 9.56892585754395 9.99794292449951 9.64986515045166 9.1455192565918 8.63964080810547 9.07115650177002 8.9759407043457 8.74034786224365 8.85131549835205 8.55089378356934
-3.4e+38 -3.4e+38 -3.4e+38 -3.4e+38 -3.4e+38 14.1626710891724 10.7225656509399 10.9795389175415 11.620174407959 10.2548322677612 9.4916467666626 9.49249458312988 8.70362567901611 8.17431545257568 8.2663106918335 8.4266242980957 8.40691471099854 9.29894351959229 6.47833251953125 9.44498825073242 9.578782081604 9.00073432922363 8.21442317962646 8.34303283691406 7.95878839492798 8.69146060943604 9.23140239715576 9.98148727416992 9.42934799194336 8.88722229003906 7.73864889144897 8.362060546875 8.87541389465332 8.11600303649902 8.46925258636475 9.73703956604004 10.386815071106 9.83047199249268 9.88978099822998 9.52171421051025 9.34833812713623 8.51931285858154 8.4710578918457 8.87744331359863 8.55253028869629 8.66149711608887 8.2853364944458
-3.4e+38 -3.4e+38 -3.4e+38 -3.4e+38 -3.4e+38 14.703516960144 12.7787246704102 10.5832595825195 11.4825134277344 10.7150478363037 9.81682872772217 8.97167587280273 8.45963668823242 8.1352710723877 7.9699444770813 8.24628257751465 8.45375728607178 8.10644245147705 9.27268218994141 10.4949493408203 9.81123828887939 9.67703342437744 8.55586433410645 8.53819370269775 8.51386260986328 8.60083675384521 9.48050975799561 9.73690891265869 5.00605344772339 5.21637630462646 6.63498449325562 8.34797859191895 9.26433181762695 8.9787483215332 9.05671691894531 9.91167831420898 10.0561389923096 9.33834362030029 8.97333145141602 8.53800010681152 8.59144115447998 8.75396919250488 8.77568340301514 8.79494571685791 8.94992923736572 8.34855365753174 8.17370319366455
-3.4e+38 -3.4e+38 -3.4e+38 -3.4e+38 -3.4e+38 15.1279163360596 14.0721616744995 11.736439704895 10.9456882476807 10.7274036407471 10.7227230072021 9.74448490142822 9.04089450836182 8.69189834594727 8.50087547302246 8.69428730010986 8.21567440032959 7.83431768417358 9.80449295043945 9.88695240020752 10.3802547454834 9.73984813690186 8.19633483886719 6.62631988525391 8.51982021331787 10.0984888076782 9.11349678039551 9.66545009613037 7.69915580749512 8.39294624328613 8.24184608459473 9.17786979675293 9.20136547088623 9.37596225738525 8.78016567230225 9.86401653289795 9.73193740844727 9.56250667572021 9.3309268951416 9.50816059112549 8.9643497467041 9.13168621063232 9.10524368286133 8.78973388671875 8.25044918060303 8.57843208312988 8.04591751098633
-3.4e+38 -3.4e+38 -3.4e+38 -3.4e+38 -3.4e+38 -3.4e+38 14.0093727111816 11.541033744812 10.6528387069702 10.1898746490479 10.6626234054565 10.4466924667358 9.05033683776855 8.18361663818359 8.25801753997803 -3.4e+38 9.82155418395996 7.86128044128418 9.05483818054199 9.25177097320557 9.71281051635742 9.15262508392334 7.70749664306641 6.7069354057312 7.64775705337524 10.246262550354 9.02320957183838 9.18907642364502 5.55831003189087 7.36812591552734 7.3854923248291 8.76381015777588 8.4540491104126 8.73410224914551 9.14300727844238 9.60325622558594 9.63964462280273 9.45120716094971 9.45930957794189 9.45093250274658 9.30670547485352 9.30828857421875 9.04564666748047 8.82936668395996 8.49096488952637 8.31615447998047 8.33267593383789
-3.4e+38 -3.4e+38 -3.4e+38 -3.4e+38 -3.4e+38 -3.4e+38 12.0816402435303 10.7437791824341 10.8197908401489 10.3395071029663 10.2829818725586 9.66962718963623 8.87667942047119 8.45455646514893 8.87179183959961 8.54370975494385 8.55532169342041 9.01524925231934 9.19751834869385 9.37899494171143 10.1204996109009 9.98870372772217 8.1926212310791 9.88877391815186 8.12818813323975 8.3358211517334 9.11105442047119 8.59117603302002 6.36812353134155 6.9891037940979 8.10029888153076 8.4236307144165 8.021559715271 8.34988784790039 9.02677345275879 9.50673198699951 9.55574321746826 9.30850505828857 9.25473403930664 9.15468406677246 9.15279197692871 9.19021320343018 8.85940265655518 8.66821670532227 8.44385623931885 8.27934169769287 9.0607213973999
-3.4e+38 -3.4e+38 -3.4e+38 -3.4e+38 -3.4e+38 -3.4e+38 12.3379077911377 10.3051071166992 10.6513471603394 9.95761489868164 9.3692102432251 9.81726837158203 10.1956548690796 8.96053504943848 7.99722814559937 8.76249599456787 7.96923780441284 8.42281055450439 8.93469429016113 9.13771152496338 9.07940673828125 9.07731533050537 8.6605920791626 9.08343410491943 8.49675941467285 8.25627326965332 8.71134376525879 8.56866359710693 7.82793092727661 7.45759868621826 8.00836277008057 7.98792743682861 7.22341680526733 7.67495012283325 8.76520729064941 9.05494403839111 9.22743892669678 9.54171848297119 9.33657169342041 9.00654888153076 9.24202442169189 8.79214382171631 8.96489429473877 8.77442646026611 8.68765258789062 8.59268951416016 9.08406066894531
-3.4e+38 -3.4e+38 -3.4e+38 -3.4e+38 -3.4e+38 -3.4e+38 14.0834627151489 11.3649024963379 9.78357696533203 9.45540142059326 9.75566959381104 9.46789932250977 9.60219764709473 8.73721122741699 8.17066287994385 8.07340621948242 8.16929244995117 8.31211566925049 8.49370002746582 8.65867710113525 8.99591541290283 8.17998600006104 8.04549884796143 8.08760738372803 8.34519672393799 8.50109577178955 8.38052272796631 8.30925273895264 8.24395561218262 7.5021276473999 6.90253448486328 5.97267198562622 7.10309219360352 8.04449939727783 8.2905445098877 8.80430603027344 9.05549716949463 9.14345359802246 8.54378414154053 8.50915813446045 7.68328142166138 8.2842378616333 8.87184238433838 8.54873085021973 8.88565063476562 9.13846492767334 8.67996883392334
-3.4e+38 -3.4e+38 -3.4e+38 -3.4e+38 -3.4e+38 -3.4e+38 14.926417350769 11.2432126998901 9.36402606964111 9.24386310577393 9.80972385406494 8.78565120697021 9.24765872955322 8.05721950531006 7.97527694702148 8.18318557739258 8.20635509490967 8.44563865661621 8.84474563598633 8.99579429626465 8.7250509262085 7.94160795211792 8.73316192626953 9.21281814575195 9.07723617553711 8.47276782989502 8.63796043395996 8.75789356231689 7.28036451339722 7.97779941558838 7.381422996521 7.77874803543091 7.77350521087646 8.26465129852295 8.27139568328857 9.09003353118896 8.79480075836182 8.01112079620361 6.87008190155029 7.88554334640503 8.14408779144287 7.94764041900635 8.53402805328369 8.77321338653564 8.46610450744629 9.05399894714355 8.67075538635254
-3.4e+38 -3.4e+38 -3.4e+38 -3.4e+38 -3.4e+38 -3.4e+38 14.1908159255981 10.4556312561035 9.14823246002197 9.22778701782227 9.48481178283691 9.51433372497559 8.88538360595703 8.43650722503662 8.32870483398438 8.40313339233398 8.40313911437988 8.60688400268555 9.04053497314453 8.70181751251221 8.61822986602783 8.72714424133301 8.26569747924805 8.69918537139893 9.10255908966064 8.71761798858643 8.65070724487305 8.76839828491211 9.39535045623779 8.46644020080566 7.63701105117798 8.20217227935791 7.41007089614868 8.50011539459229 8.58341979980469 9.07154560089111 8.5012845993042 8.32858562469482 8.58315086364746 8.86189651489258 8.52367973327637 7.94086790084839 8.09275436401367 8.92789077758789 8.42136001586914 8.70872402191162 9.20971775054932
-3.4e+38 -3.4e+38 -3.4e+38 -3.4e+38 -3.4e+38 14.4579076766968 12.7033853530884 9.41938877105713 8.94262027740479 9.12814521789551 8.95226001739502 8.96622562408447 8.75895595550537 8.2682933807373 8.38539505004883 8.45019054412842 8.29349327087402 8.57913970947266 8.68253803253174 8.58420181274414 8.59118175506592 8.30757141113281 8.17219257354736 8.44771766662598 8.75288105010986 8.93306636810303 8.89521884918213 8.96102809906006 8.95510768890381 8.47063636779785 7.37599849700928 8.01610374450684 7.04589223861694 7.52726364135742 8.03152942657471 8.74113750457764 8.76681804656982 8.90195941925049 9.27362823486328 9.29097175598145 9.23433208465576 9.19513130187988 9.03060245513916 8.97897815704346 8.867356300354 8.94997024536133 9.23605918884277
-3.4e+38 -3.4e+38 -3.4e+38 -3.4e+38 -3.4e+38 16.2398109436035 9.33154487609863 8.81084251403809 8.83951854705811 8.90116119384766 8.46774768829346 8.70342063903809 9.27701282501221 8.17357063293457 8.59717082977295 8.51139354705811 8.26035976409912 8.02511596679688 8.27431869506836 8.78198432922363 8.5983362197876 8.15435409545898 8.54904460906982 8.53086280822754 9.24074172973633 9.35699558258057 8.95338439941406 8.98797035217285 8.72282695770264 8.28968811035156 7.47934246063232 7.97926092147827 8.4094295501709 8.1034460067749 8.402024269104 8.83320045471191 9.11098861694336 9.20841979980469 9.43278312683105 9.75093078613281 9.38838005065918 9.24713802337646 9.53243923187256 9.44034099578857 9.59389209747314 9.56305503845215 9.53948020935059
