Ecospace-environmental-drivers/Outputs/ASCII-for-ecospace/ChlA/ChlA_X2008.10.asc
NCOLS 131 
NROWS 53 
XLLCORNER -98 
YLLCORNER 23.9265270233154 
CELLSIZE 0.133587792515755 
NODATA_value -3.4e+38 
[rows 0 to 20 of 53, columns 47 to 93 of 131]
-3.4e+38 -3.4e+38 -3.4e+38 -3.4e+38 -3.4e+38 -3.4e+38 -3.4e+38 -3.4e+38 -3.4e+38 -3.4e+38 -3.4e+38 -3.4e+38 -3.4e+38 -3.4e+38 -3.4e+38 -3.4e+38 -3.4e+38 -3.4e+38 -3.4e+38 -3.4e+38 -3.4e+38 -3.4e+38 -3.4e+38 -3.4e+38 -3.4e+38 -3.4e+38 -3.4e+38 -3.4e+38 -3.4e+38 -3.4e+38 -3.4e+38 -3.4e+38 -3.4e+38 -3.4e+38 -3.4e+38 -3.4e+38 -3.4e+38 -3.4e+38 -3.4e+38 -3.4e+38 -3.4e+38 -3.4e+38 -3.4e+38 -3.4e+38 -3.4e+38 -3.4e+38 -3.4e+38
-3.4e+38 -3.4e+38 -3.4e+38 -3.4e+38 -3.4e+38 -3.4e+38 -3.4e+38 -3.4e+38 -3.4e+38 -3.4e+38 -3.4e+38 -3.4e+38 -3.4e+38 -3.4e+38 -3.4e+38 -3.4e+38 -3.4e+38 -3.4e+38 -3.4e+38 -3.4e+38 -3.4e+38 -3.4e+38 -3.4e+38 -3.4e+38 -3.4e+38 -3.4e+38 -3.4e+38 -3.4e+38 -3.4e+38 -3.4e+38 -3.4e+38 -3.4e+38 -3.4e+38 -3.4e+38 -3.4e+38 -3.4e+38 -3.4e+38 -3.4e+38 -3.4e+38 -3.4e+38 -3.4e+38 -3.4e+38 -3.4e+38 -3.4e+38 -3.4e+38 -3.4e+38 -3.4e+38
-3.4e+38 -3.4e+38 -3.4e+38 -3.4e+38 -3.4e+38 -3.4e+38 -3.4e+38 -3.4e+38 -3.4e+38 -3.4e+38 -3.4e+38 -3.4e+38 -3.4e+38 -3.4e+38 -3.4e+38 -3.4e+38 -3.4e+38 -3.4e+38 -3.4e+38 -3.4e+38 -3.4e+38 -3.4e+38 -3.4e+38 -3.4e+38 -3.4e+38 -3.4e+38 -3.4e+38 -3.4e+38 -3.4e+38 -3.4e+38 -3.4e+38 -3.4e+38 -3.4e+38 -3.4e+38 -3.4e+38 -3.4e+38 -3.4e+38 -3.4e+38 -3.4e+38 -3.4e+38 -3.4e+38 -3.4e+38 -3.4e+38 -3.4e+38 -3.4e+38 -3.4e+38 -3.4e+38
-3.4e+38 -3.4e+38 -3.4e+38 -3.4e+38 -3.4e+38 -3.4e+38 -3.4e+38 -3.4e+38 -3.4e+38 -3.4e+38 -3.4e+38 -3.4e+38 -3.4e+38 -3.4e+38 -3.4e+38 -3.4e+38 -3.4e+38 -3.4e+38 -3.4e+38 -3.4e+38 -3.4e+38 -3.4e+38 -3.4e+38 -3.4e+38 -3.4e+38 -3.4e+38 -3.4e+38 18.9868450164795 17.98415184021 -3.4e+38 -3.4e+38 -3.4e+38 -3.4e+38 -3.4e+38 17.427433013916 13.7023181915283 -3.4e+38 -3.4e+38 -3.4e+38 14.2092981338501 14.535945892334 -3.4e+38 -3.4e+38 -3.4e+38 -3.4e+38 -3.4e+38 -3.4e+38
-3.4e+38 -3.4e+38 -3.4e+38 -3.4e+38 -3.4e+38 -3.4e+38 -3.4e+38 -3.4e+38 -3.4e+38 -3.4e+38 -3.4e+38 17.7125015258789 -3.4e+38 -3.4e+38 -3.4e+38 -3.4e+38 -3.4e+38 -3.4e+38 -3.4e+38 15.8135375976562 18.9469394683838 19.4298896789551 18.3073387145996 -3.4e+38 -3.4e+38 19.512487411499 -3.4e+38 18.351375579834 18.6080513000488 -3.4e+38 -3.4e+38 -3.4e+38 -3.4e+38 14.6666774749756 15.2288150787354 12.2301158905029 11.0333938598633 10.87770652771 11.6489477157593 13.0848407745361 13.4944019317627 -3.4e+38 -3.4e+38 -3.4e+38 -3.4e+38 -3.4e+38 -3.4e+38
-3.4e+38 -3.4e+38 -3.4e+38 -3.4e+38 -3.4e+38 -3.4e+38 -3.4e+38 -3.4e+38 20.9563598632812 20.7728328704834 20.1864624023438 17.1027908325195 16.0999641418457 17.3345794677734 -3.4e+38 -3.4e+38 -3.4e+38 19.0974655151367 19.1175842285156 19.3806610107422 19.8917369842529 20.6416625976562 19.8411502838135 20.445951461792 20.3428287506104 20.0015316009521 19.7639827728271 18.7610836029053 17.3456954956055 16.0937252044678 13.4323120117188 13.5199279785156 13.21923828125 11.9369134902954 11.1603679656982 10.7052564620972 10.0890922546387 10.3036136627197 10.6907558441162 11.1299457550049 11.2036542892456 11.4567289352417 13.1675367355347 12.9409685134888 -3.4e+38 -3.4e+38 -3.4e+38
-3.4e+38 -3.4e+38 -3.4e+38 -3.4e+38 -3.4e+38 -3.4e+38 -3.4e+38 -3.4e+38 -3.4e+38 19.1615371704102 17.9575347900391 16.2837104797363 14.7459096908569 17.2512645721436 15.8737735748291 19.8468532562256 18.8326511383057 20.0125694274902 19.8553924560547 21.1082248687744 21.7093143463135 21.0977916717529 19.8955879211426 19.2545948028564 18.4650497436523 17.6035575866699 17.5317764282227 16.9814205169678 14.9082527160645 13.0721206665039 12.1148958206177 11.6405820846558 11.2191934585571 10.8770542144775 10.5703916549683 10.7057256698608 10.7450637817383 11.4467115402222 11.9237298965454 12.0104351043701 12.1607208251953 11.8640851974487 11.5641174316406 12.3431739807129 14.2814788818359 -3.4e+38 -3.4e+38
-3.4e+38 -3.4e+38 -3.4e+38 -3.4e+38 -3.4e+38 -3.4e+38 -3.4e+38 -3.4e+38 -3.4e+38 -3.4e+38 18.4411735534668 18.7142333984375 13.5289812088013 14.8968715667725 17.5678634643555 17.9750175476074 17.0799388885498 18.9300670623779 20.3341484069824 22.8923606872559 22.270881652832 21.5222301483154 19.6459808349609 17.623197555542 16.1615200042725 14.8206844329834 14.3491239547729 14.2355909347534 13.7557716369629 12.7340621948242 12.1311120986938 11.2741985321045 10.7706918716431 10.7302742004395 10.7873983383179 11.0036573410034 11.4556379318237 11.7678632736206 12.0239171981812 12.3204431533813 12.7503709793091 13.3577337265015 12.9192523956299 12.0148372650146 12.6913042068481 13.7748441696167 -3.4e+38
-3.4e+38 -3.4e+38 -3.4e+38 -3.4e+38 -3.4e+38 -3.4e+38 -3.4e+38 -3.4e+38 -3.4e+38 -3.4e+38 -3.4e+38 -3.4e+38 -3.4e+38 -3.4e+38 -3.4e+38 17.8993816375732 -3.4e+38 19.4058456420898 21.1687355041504 22.3371429443359 21.3784866333008 21.0286560058594 20.3283214569092 17.2077808380127 15.3555994033813 14.6813936233521 13.3836870193481 12.0454788208008 12.3062324523926 11.9016180038452 11.5153217315674 10.4274244308472 10.4342813491821 9.96939563751221 10.9825420379639 11.5777235031128 11.5544404983521 11.4322957992554 11.3974075317383 11.9697666168213 12.2541475296021 13.1005001068115 13.8332147598267 13.3656778335571 13.1094741821289 13.1935377120972 14.4226083755493
-3.4e+38 -3.4e+38 -3.4e+38 -3.4e+38 -3.4e+38 -3.4e+38 -3.4e+38 -3.4e+38 -3.4e+38 -3.4e+38 19.2168502807617 21.8258686065674 -3.4e+38 -3.4e+38 -3.4e+38 -3.4e+38 -3.4e+38 21.7734565734863 22.3707599639893 22.3002338409424 23.1320724487305 22.1756477355957 18.9575748443604 16.6121101379395 14.9157037734985 14.4444236755371 12.6129140853882 11.6405048370361 11.2290925979614 11.0625972747803 11.2183036804199 10.156665802002 9.67119026184082 10.476450920105 11.1616163253784 11.1788549423218 11.1796979904175 11.1263761520386 10.7811422348022 11.1112070083618 11.913067817688 12.8007640838623 13.5237321853638 13.9472513198853 14.3354806900024 14.4922523498535 15.2497100830078
18.7167930603027 -3.4e+38 -3.4e+38 -3.4e+38 -3.4e+38 -3.4e+38 -3.4e+38 -3.4e+38 -3.4e+38 -3.4e+38 -3.4e+38 -3.4e+38 -3.4e+38 -3.4e+38 -3.4e+38 14.2529268264771 19.0284023284912 21.0909862518311 21.8854904174805 21.6320552825928 23.1043491363525 21.0740699768066 19.6063671112061 15.6605014801025 13.5100812911987 13.554048538208 12.4924478530884 10.6936187744141 11.0948438644409 11.2623682022095 10.5649795532227 10.3664875030518 10.5785217285156 11.0348739624023 11.4361639022827 11.0961780548096 10.929027557373 10.7732572555542 10.6166000366211 10.1717185974121 10.9110651016235 11.7684240341187 12.3566999435425 12.887674331665 14.5730304718018 15.3768444061279 16.3739719390869
24.7250385284424 29.1064891815186 -3.4e+38 -3.4e+38 -3.4e+38 -3.4e+38 -3.4e+38 -3.4e+38 -3.4e+38 -3.4e+38 -3.4e+38 -3.4e+38 -3.4e+38 12.1548156738281 -3.4e+38 -3.4e+38 18.7026386260986 21.4379692077637 21.8947067260742 22.8397922515869 22.3647727966309 19.6303672790527 15.6937885284424 13.4875802993774 12.1887702941895 11.4211101531982 11.3956890106201 11.0441627502441 11.4178562164307 11.6198997497559 10.7960710525513 10.4460315704346 10.53493309021 10.9793701171875 10.9908666610718 10.7741956710815 10.6954717636108 10.5396280288696 10.3315467834473 9.91970348358154 10.1230068206787 11.2194366455078 11.5351209640503 12.6198654174805 13.2258234024048 14.2962446212769 15.0755043029785
23.439115524292 24.308521270752 20.6788387298584 22.7612533569336 -3.4e+38 -3.4e+38 -3.4e+38 -3.4e+38 19.0594348907471 22.5751361846924 -3.4e+38 18.0885066986084 16.5712928771973 18.2637996673584 20.971321105957 20.6078720092773 -3.4e+38 25.8875999450684 22.3789043426514 21.9897537231445 20.88942527771 17.7599143981934 13.6413564682007 11.4873819351196 10.7503795623779 10.3075590133667 10.2948093414307 10.0625114440918 9.96335124969482 10.3560600280762 10.4814863204956 10.5421810150146 10.5884056091309 10.6567974090576 10.5314121246338 10.3322429656982 10.4860763549805 10.5449495315552 10.6199808120728 10.3709230422974 9.5956335067749 10.0275802612305 10.7778778076172 11.5013771057129 11.8787813186646 12.2579765319824 12.197940826416
24.6253700256348 25.2940940856934 24.2598972320557 22.9320888519287 21.4840412139893 20.1190223693848 18.2556762695312 17.1917285919189 19.9844093322754 20.9354019165039 18.6358966827393 19.2377166748047 21.3775672912598 21.3817920684814 20.4895629882812 22.058521270752 23.9124221801758 21.1818885803223 -3.4e+38 20.0975227355957 22.023401260376 16.9330215454102 11.7136745452881 11.5079307556152 11.1088752746582 9.9577579498291 9.31233310699463 9.49924850463867 9.79328346252441 10.5357513427734 10.4925298690796 10.5607223510742 10.352765083313 10.243613243103 10.2381467819214 10.4088096618652 10.3583469390869 10.4497013092041 10.2781848907471 10.2015380859375 9.82682704925537 9.80200862884521 10.1171531677246 10.1439437866211 10.2030000686646 10.6195936203003 10.7546062469482
21.537483215332 22.1394367218018 22.51194190979 21.6386890411377 22.0629653930664 21.3783435821533 20.9837379455566 20.8115768432617 21.2119636535645 20.7943096160889 21.1642627716064 21.0090599060059 21.7777080535889 21.8375797271729 21.3627510070801 21.3227920532227 22.2622413635254 21.20094871521 21.9495544433594 21.1544055938721 21.0036087036133 16.194766998291 13.0959644317627 11.587532043457 10.502345085144 9.47306251525879 9.62517166137695 9.63117694854736 9.96032619476318 10.0589504241943 10.2070541381836 10.4086503982544 10.2522325515747 10.2736339569092 10.258412361145 10.3517160415649 10.5279235839844 10.4792938232422 10.1750288009644 9.8219747543335 9.79766178131104 9.46875 9.40948581695557 9.87664985656738 9.69228649139404 10.0169382095337 10.4399814605713
17.0948677062988 18.4197235107422 20.3005905151367 20.9642028808594 21.6484832763672 22.4460716247559 22.6032676696777 21.0753879547119 20.2610359191895 19.7211132049561 20.228084564209 21.9121322631836 22.2216453552246 22.2155380249023 22.5329284667969 21.8859729766846 22.3322715759277 26.9307689666748 25.1691341400146 21.6723003387451 18.209098815918 13.2614908218384 11.3584222793579 10.6178693771362 9.47069644927979 9.23480415344238 9.60273361206055 9.69851684570312 10.0272092819214 10.0075998306274 10.2243137359619 10.2066316604614 10.1729507446289 9.96631813049316 9.95987510681152 10.4058332443237 10.2543268203735 10.1387252807617 10.1562604904175 9.88039875030518 9.48739624023438 9.1983003616333 9.17645454406738 9.7596607208252 9.79133701324463 9.68532943725586 10.2946310043335
17.0533332824707 17.5368957519531 17.9539318084717 19.0857849121094 19.3001956939697 18.9820804595947 18.9666156768799 18.1003513336182 18.3087501525879 18.2737216949463 18.2416572570801 20.4486713409424 20.7320690155029 20.636194229126 21.0477695465088 21.4094715118408 21.9536743164062 21.3547649383545 20.9120044708252 18.1906414031982 13.6513452529907 11.66663646698 10.5291986465454 9.86516094207764 9.2081880569458 9.31455516815186 9.39737129211426 9.24273204803467 9.7389554977417 9.78885936737061 10.0290536880493 10.1404581069946 9.84779834747314 9.98300838470459 9.85122394561768 9.95923614501953 10.1207876205444 9.7277307510376 9.78249645233154 9.62724304199219 9.5290699005127 9.4940299987793 9.32603645324707 9.35308170318604 9.12018871307373 9.27621269226074 9.75246524810791
16.4153175354004 17.5088748931885 17.7851333618164 18.0892295837402 18.6975173950195 18.9006633758545 18.8904685974121 18.1723709106445 18.2434024810791 17.8587532043457 17.7766742706299 18.1788520812988 18.4769649505615 17.9901428222656 17.8360633850098 18.8117027282715 19.4347858428955 18.6096591949463 17.6875782012939 14.139048576355 11.834942817688 10.8209190368652 9.85365390777588 9.60321235656738 9.38205242156982 9.31494045257568 9.24186325073242 9.49942302703857 9.51805591583252 9.98128700256348 10.0128192901611 9.81742763519287 9.89939880371094 9.89571571350098 9.45915603637695 9.40214920043945 9.45437145233154 9.03501605987549 8.84230709075928 9.04403305053711 9.28881931304932 9.3829870223999 9.48934841156006 9.24442386627197 9.35377216339111 9.46882629394531 9.74201488494873
14.535662651062 15.9105939865112 16.683048248291 16.7578125 17.1782321929932 18.5966930389404 18.8443489074707 18.6743068695068 18.2550220489502 17.6416625976562 17.0270442962646 15.9847955703735 15.0888929367065 15.6638746261597 15.6901111602783 14.8261651992798 14.3299608230591 14.0557479858398 12.0609426498413 10.5543365478516 10.4552974700928 10.7471761703491 9.86289882659912 9.66153049468994 9.56163120269775 9.42753601074219 9.45418167114258 9.50841236114502 9.77893733978271 9.81093406677246 9.90242290496826 9.65997505187988 9.33095550537109 9.13701057434082 9.07515907287598 9.24472522735596 8.81546115875244 8.64541530609131 8.85382652282715 8.85446929931641 8.82680988311768 8.99645519256592 9.27273845672607 9.40321636199951 9.39231300354004 9.00074481964111 9.40438365936279
11.171404838562 12.0799942016602 12.275089263916 13.0575647354126 14.3232679367065 15.6045751571655 15.5120458602905 15.2788362503052 13.8415670394897 14.6512594223022 14.1540536880493 12.9345245361328 11.9702215194702 11.3356828689575 11.7186765670776 11.4892139434814 11.1771631240845 10.9830017089844 10.3566761016846 9.67584705352783 10.0191297531128 10.0795946121216 9.60889911651611 9.60950946807861 9.60139274597168 9.68015766143799 9.66716861724854 9.57501411437988 9.7013635635376 9.56269359588623 9.80167865753174 9.75413703918457 8.8322286605835 8.32963752746582 8.27636814117432 8.65332317352295 8.54322624206543 8.7654333114624 9.02689743041992 8.89364719390869 8.88510036468506 8.87049961090088 8.59479713439941 8.78744983673096 9.01644802093506 9.09277629852295 9.02774906158447
10.9715805053711 11.1303358078003 10.8196258544922 11.1456489562988 11.9831485748291 11.9274797439575 11.63649559021 11.576789855957 11.9153528213501 13.3851795196533 12.6359481811523 11.4348335266113 10.6299304962158 10.1871280670166 10.2030305862427 10.3911190032959 10.3043813705444 10.0722045898438 10.0582695007324 9.37366390228271 9.26706409454346 9.26700687408447 9.08529090881348 9.06381130218506 9.5756778717041 9.33940505981445 9.49784564971924 9.51721954345703 9.18508243560791 9.17720603942871 9.30673027038574 8.911789894104 8.64452266693115 8.1649284362793 7.94110059738159 8.27617740631104 8.78374195098877 8.66030883789062 8.94279098510742 8.89782619476318 8.99055004119873 9.03999423980713 9.12302875518799 9.13999938964844 8.99687671661377 9.17835712432861 9.25906848907471
