Ecospace-environmental-drivers/Outputs/ASCII-for-ecospace/ChlA/ChlA_X2019.06.asc
NCOLS 131 
NROWS 53 
XLLCORNER -98 
YLLCORNER 23.9265270233154 
CELLSIZE 0.133587792515755 
NODATA_value -3.4e+38 
[rows 21 to 41 of 53, columns 47 to 93 of 131]
15.6006174087524 15.71337890625 15.974630355835 16.1995010375977 17.3042449951172 18.5688991546631 18.9113006591797 17.353874206543 16.5316410064697 15.1848344802856 13.5452480316162 13.1578273773193 13.0052518844604 15.7756814956665 32.8435478210449 46.6129493713379 34.6230506896973 25.6346569061279 18.6742134094238 14.7879800796509 14.4457960128784 13.3113222122192 12.7210054397583 12.5040769577026 12.6201677322388 12.9466571807861 12.6638097763062 12.012243270874 11.8430528640747 12.0499000549316 12.2521438598633 12.4256677627563 12.6975650787354 13.6390256881714 12.4281187057495 12.1414556503296 12.815749168396 12.4120025634766 12.2345561981201 12.0517644882202 11.8706579208374 11.7465353012085 11.8233261108398 11.6770372390747 11.6390342712402 11.5111389160156 11.7925262451172
15.1901178359985 14.8072185516357 15.3383207321167 15.4675188064575 15.0254392623901 14.8050050735474 14.0515613555908 13.6787881851196 13.6573362350464 13.436107635498 13.2643814086914 13.1037273406982 14.0084018707275 20.6691837310791 22.9251308441162 17.47096824646 15.1883869171143 13.6688060760498 12.533670425415 12.3919620513916 12.1991167068481 12.2726402282715 12.3243865966797 12.3983364105225 12.4009037017822 12.4103374481201 12.0622882843018 11.8644847869873 11.5410451889038 11.9009733200073 12.026385307312 12.1535816192627 12.3057346343994 12.1504182815552 12.319188117981 13.7834005355835 12.4658765792847 12.8087911605835 12.0866174697876 11.9951257705688 11.8502025604248 11.9327182769775 11.7433481216431 11.6612167358398 11.7451848983765 12.7104177474976 13.4198980331421
15.8404903411865 14.4979572296143 14.7615213394165 14.43519115448 13.1897430419922 12.8834295272827 12.9186153411865 13.0186700820923 12.9947271347046 13.1659240722656 13.095458984375 12.8868627548218 12.7565650939941 13.1041021347046 12.9618539810181 12.7028589248657 12.7319936752319 12.6101007461548 12.4627494812012 11.9358444213867 11.9876518249512 12.2090454101562 11.9549331665039 12.1714496612549 12.3228416442871 12.491286277771 12.2967910766602 11.8005933761597 11.4865703582764 11.736120223999 11.6961612701416 12.0092754364014 12.1376886367798 12.4447641372681 12.8997611999512 16.4819736480713 13.8422050476074 12.3093776702881 11.9788236618042 12.0662069320679 11.9869546890259 12.0096960067749 11.7933483123779 11.6994771957397 11.7235145568848 12.1873168945312 12.1921873092651
14.8314075469971 14.9452781677246 13.9622650146484 13.2144470214844 12.799147605896 12.7742261886597 12.790210723877 12.8914098739624 12.9720411300659 12.8222541809082 13.025369644165 12.820200920105 12.340311050415 12.5562553405762 12.7782135009766 12.7393617630005 12.9508657455444 12.7620296478271 12.7685089111328 12.9317922592163 12.6008234024048 12.2880096435547 11.7100076675415 12.0215892791748 12.0399074554443 12.2031135559082 12.3825492858887 12.3717613220215 12.025279045105 12.1273488998413 12.0011835098267 12.0650005340576 12.0211296081543 12.0588350296021 12.5746726989746 12.3905811309814 12.1206378936768 12.3598308563232 11.9263114929199 11.6909351348877 11.9179363250732 11.7497215270996 11.6691160202026 11.9768772125244 12.2327661514282 12.023756980896 11.9626598358154
13.8361406326294 13.696681022644 13.0983552932739 12.7502765655518 12.4886093139648 12.4970369338989 12.4927358627319 12.7515153884888 12.7725868225098 12.4937267303467 12.8545255661011 12.814769744873 12.6630020141602 12.7304801940918 12.5894651412964 12.5173311233521 12.7018337249756 13.0323696136475 13.2815437316895 13.3687515258789 12.0447425842285 11.9173421859741 11.7625970840454 12.0998420715332 11.7993354797363 12.2574253082275 12.2041568756104 12.0603532791138 11.9834728240967 11.9261846542358 11.9695949554443 12.4337520599365 12.1508255004883 11.985203742981 12.114294052124 12.2893552780151 12.1244173049927 12.0616998672485 11.940655708313 11.7692785263062 11.7752275466919 11.7990951538086 11.7462768554688 11.8734092712402 11.6710653305054 11.7087144851685 11.7987518310547
13.4758129119873 13.1811065673828 13.1346483230591 12.9030609130859 12.5989217758179 12.3824787139893 12.3300275802612 12.681001663208 12.9402923583984 12.8138933181763 12.5706691741943 12.9167919158936 13.1703929901123 12.9647035598755 12.5782403945923 12.874059677124 12.9921045303345 13.2341785430908 13.7303524017334 13.4499425888062 12.7480058670044 12.2021074295044 11.4325170516968 11.3260488510132 10.9103307723999 11.1885137557983 11.468674659729 12.1256856918335 11.6453046798706 11.6366310119629 11.7339744567871 11.8589887619019 11.9708642959595 12.0030946731567 11.9794464111328 12.1503324508667 12.0993986129761 12.0781965255737 12.1434230804443 12.0337114334106 11.929518699646 12.0408248901367 12.0692367553711 11.9424333572388 11.7062349319458 11.7000408172607 11.9986019134521
12.802752494812 13.1051635742188 13.196813583374 13.2253875732422 13.0830526351929 12.7715406417847 12.91197681427 12.9146060943604 13.0272483825684 12.9201688766479 12.7900247573853 13.0934267044067 13.3132266998291 13.2104091644287 13.315731048584 13.2362241744995 13.2048625946045 13.2166404724121 13.3973045349121 13.5247888565063 13.0128231048584 12.3332357406616 11.5841665267944 10.8575134277344 10.2375965118408 11.0810308456421 11.4521856307983 10.8635063171387 10.7413930892944 11.0468397140503 11.4173936843872 11.3252067565918 11.4431924819946 11.627140045166 11.9211616516113 12.0077047348022 12.0950765609741 12.1266069412231 11.9855966567993 12.0839490890503 11.8733406066895 11.8095083236694 11.7594356536865 11.8148031234741 11.7207975387573 11.8541917800903 12.0922479629517
12.8936910629272 12.9787073135376 13.1625032424927 12.8724975585938 13.1579647064209 12.7499122619629 12.9494476318359 12.9465217590332 12.921142578125 12.7210474014282 13.2389011383057 13.3024883270264 12.8406801223755 13.1079378128052 13.1639471054077 12.6302146911621 12.3185243606567 12.7480487823486 12.7233285903931 12.1653480529785 11.7407388687134 11.4455318450928 11.3269453048706 10.9464998245239 10.9527940750122 11.2230548858643 11.8226079940796 11.0706434249878 10.858959197998 10.9655275344849 11.2716217041016 11.4212627410889 11.3355407714844 11.3458986282349 12.0195188522339 11.9431562423706 12.0622777938843 12.1259880065918 11.9504890441895 12.0196847915649 12.0038633346558 11.9734840393066 12.0323963165283 12.1057386398315 12.0393962860107 11.8581199645996 11.8249807357788
12.8511323928833 12.8612403869629 12.9188222885132 12.8848142623901 12.8394155502319 12.5388383865356 12.7082595825195 12.8406991958618 12.6776647567749 12.8618698120117 13.5175266265869 12.6429691314697 12.6036434173584 12.5840663909912 12.2007274627686 12.2617664337158 12.3440542221069 12.9587564468384 12.7079257965088 12.6103954315186 11.8691530227661 11.5126934051514 11.1321487426758 11.0609903335571 10.8545751571655 10.8087167739868 11.2697658538818 11.4620742797852 11.2382402420044 10.9724416732788 10.7353639602661 10.6561737060547 11.4294023513794 11.4695692062378 11.4862871170044 11.6722373962402 12.2588367462158 12.1724252700806 11.9348697662354 11.8942403793335 11.9995222091675 12.0468072891235 12.1384630203247 12.2245759963989 12.2838716506958 12.1795358657837 12.0518760681152
12.4349431991577 12.7627172470093 12.8801164627075 12.9372081756592 12.7895679473877 12.4726514816284 12.5573263168335 12.324914932251 12.1714344024658 12.1655378341675 12.6573963165283 12.8770265579224 12.6005859375 12.3627443313599 12.465838432312 12.3171672821045 12.5001258850098 12.7647132873535 12.4254961013794 12.6428604125977 11.9792146682739 11.2773733139038 11.2024030685425 10.7923488616943 10.2932462692261 10.3218479156494 10.2890396118164 11.0788173675537 11.2289028167725 11.6385765075684 10.9450531005859 11.1175565719604 10.7929153442383 10.9688282012939 11.3476467132568 11.6782283782959 12.2909736633301 12.185604095459 12.0757074356079 11.9912147521973 12.1341028213501 12.0019845962524 12.0351848602295 12.1511259078979 12.2581434249878 12.3383560180664 12.1958541870117
12.5335655212402 12.8429574966431 12.7951221466064 12.7032699584961 12.728325843811 12.4476299285889 12.3850479125977 12.1291952133179 12.3566436767578 12.4206295013428 12.4856719970703 12.3917932510376 12.5001344680786 12.288948059082 12.1549415588379 12.5054216384888 12.3588790893555 12.5139760971069 12.1104612350464 12.0825958251953 11.9867467880249 11.4176406860352 11.2678527832031 11.2015056610107 10.3009557723999 9.84675312042236 10.2432994842529 10.5330791473389 10.8723182678223 10.8917140960693 11.0380229949951 10.7125930786133 10.7529039382935 10.7743244171143 10.9691753387451 11.1361064910889 11.8517665863037 11.958399772644 12.0376291275024 11.9270219802856 12.1733407974243 12.0628032684326 12.0908670425415 12.0774230957031 12.2058448791504 12.0962858200073 12.1382989883423
12.5977382659912 12.6004161834717 12.7436866760254 12.4606189727783 12.3865013122559 12.1954431533813 12.2080841064453 12.5555610656738 13.2103805541992 13.0473728179932 -3.4e+38 12.2772302627563 12.4696884155273 12.3312101364136 12.3475561141968 11.9709587097168 11.7870922088623 11.95485496521 12.211971282959 12.3110275268555 11.8013305664062 11.501522064209 11.2694444656372 10.8710966110229 10.3636255264282 10.4065589904785 10.7517929077148 10.5057172775269 10.6124210357666 10.7749013900757 10.834587097168 10.7236833572388 10.4914121627808 10.7180070877075 10.9587888717651 11.2233104705811 11.5330448150635 11.6286191940308 11.8774557113647 11.9159440994263 11.8990612030029 12.1780767440796 12.1264114379883 12.1456985473633 12.1187229156494 11.8650808334351 12.0851459503174
12.5366258621216 12.4579124450684 12.4662609100342 12.3607015609741 12.1849679946899 11.989559173584 12.4258308410645 12.8821249008179 13.5584983825684 13.6362943649292 12.6055278778076 12.1031980514526 12.3184213638306 12.3523931503296 12.3672285079956 12.5123796463013 12.3986015319824 11.757640838623 12.3870182037354 12.8125143051147 12.4984683990479 11.9732084274292 10.9283390045166 10.601505279541 9.88675785064697 9.97402381896973 10.3975677490234 10.6306142807007 10.6138134002686 10.723614692688 10.7611885070801 10.4624423980713 10.4429864883423 10.6351451873779 10.829478263855 10.8344926834106 10.84547996521 11.4026880264282 11.5442705154419 11.8584508895874 11.9674339294434 12.1883659362793 12.075174331665 12.2638368606567 11.9510145187378 11.9283046722412 12.096791267395
12.5030250549316 12.3101005554199 12.4757280349731 12.2310009002686 12.069164276123 12.1531496047974 12.2964849472046 12.9707632064819 13.5137033462524 13.8279275894165 12.9214038848877 13.0514526367188 12.7851390838623 12.4486961364746 12.6489925384521 12.7759742736816 12.3604583740234 12.1275205612183 12.9639921188354 12.6572151184082 12.4551067352295 12.607084274292 11.4761714935303 10.7970933914185 10.0153617858887 9.23562622070312 9.5776309967041 10.5491514205933 10.4070510864258 10.3969669342041 10.350549697876 10.3214693069458 10.4333410263062 10.5653457641602 10.7092323303223 10.5742511749268 11.0135879516602 11.4331607818604 11.7549686431885 12.009183883667 11.953519821167 12.0597219467163 12.3414745330811 12.2650575637817 12.1299333572388 11.8718538284302 12.0763206481934
12.3554849624634 12.4930400848389 12.5653858184814 12.3991785049438 12.3215160369873 12.2842359542847 12.4869832992554 12.9893417358398 13.5723428726196 13.5413274765015 13.560474395752 13.336968421936 12.8717317581177 12.5990314483643 12.3212051391602 12.4224290847778 12.1581678390503 11.898946762085 12.3093004226685 12.3886890411377 12.3631916046143 12.5054559707642 11.9770622253418 11.3061866760254 10.4234762191772 9.60866165161133 10.3676614761353 10.4950485229492 10.3197317123413 10.3707046508789 10.1483840942383 10.380274772644 10.4288530349731 10.3645009994507 10.3444919586182 10.4688272476196 10.7502841949463 11.0279130935669 11.7703151702881 11.8464756011963 12.0072326660156 11.9499263763428 12.1583576202393 12.2050971984863 12.1917953491211 12.0102281570435 12.165153503418
12.4706335067749 12.924614906311 12.4995393753052 12.3511981964111 12.3985261917114 12.2715148925781 12.6808671951294 12.4544868469238 13.3189191818237 13.7211465835571 13.6427459716797 12.5900344848633 12.199423789978 12.5097379684448 12.4719934463501 12.5444755554199 11.9857482910156 11.9468812942505 12.289475440979 11.9866418838501 11.6984128952026 11.1222286224365 11.1223077774048 10.7374725341797 11.0533924102783 10.2533483505249 10.4780292510986 9.88536071777344 9.82595539093018 10.2821950912476 9.43004131317139 10.5338668823242 10.5010843276978 10.4937324523926 10.3422765731812 10.6037788391113 10.7363796234131 11.3642711639404 11.6823139190674 11.7519731521606 11.7726488113403 11.7460918426514 12.0067720413208 12.276873588562 12.203761100769 12.1172981262207 12.2260332107544
11.9955396652222 12.7592067718506 12.648473739624 12.3950929641724 12.4225883483887 12.1633157730103 11.8957548141479 12.332802772522 13.0202970504761 13.2715740203857 12.6405000686646 12.5806407928467 12.4603233337402 12.5473108291626 12.7938737869263 12.4801063537598 12.0308103561401 11.7585639953613 11.8055143356323 11.6211166381836 12.0104522705078 11.1337404251099 10.779091835022 10.9048299789429 11.0193147659302 10.5321378707886 10.6101007461548 10.1937322616577 10.3717746734619 10.3671178817749 10.3326425552368 10.2943449020386 10.2498188018799 10.3723096847534 10.3605422973633 10.3965759277344 10.4737434387207 10.4607048034668 11.5758390426636 11.7085418701172 11.8339462280273 12.0789270401001 11.9665403366089 12.2829141616821 12.4006481170654 12.1911239624023 12.0070896148682
12.6132068634033 12.3597841262817 12.2846307754517 12.0243797302246 11.7160625457764 11.3693466186523 12.0472526550293 12.2597732543945 12.7219409942627 12.8039083480835 12.5964698791504 12.8722248077393 12.8055038452148 12.9877233505249 12.8150835037231 12.6287651062012 12.4673233032227 11.6877660751343 11.8164281845093 11.3728666305542 11.8231563568115 11.7673177719116 11.278712272644 11.5956125259399 11.1775999069214 10.949462890625 10.7633800506592 10.5622386932373 10.4820766448975 10.3397340774536 10.2012567520142 10.3640508651733 10.5030450820923 10.4844064712524 10.3564195632935 10.2126760482788 10.6020765304565 11.3651924133301 11.6106548309326 11.5881824493408 11.7393016815186 11.9697456359863 11.9379034042358 12.3463859558105 12.2148790359497 12.0854625701904 11.9227085113525
13.1148147583008 12.721866607666 12.1585102081299 11.6105060577393 11.8838539123535 12.0222454071045 12.4330186843872 11.887170791626 12.120044708252 12.756814956665 12.5191736221313 12.6064395904541 12.6261119842529 12.936731338501 12.4605283737183 12.6313161849976 12.5007352828979 11.6997289657593 11.4716701507568 11.1389083862305 11.2605266571045 11.6123905181885 11.3690805435181 11.6158571243286 10.6436576843262 10.7739810943604 10.7129364013672 10.606894493103 10.2449207305908 10.2625999450684 10.3034791946411 10.5897388458252 10.4109754562378 10.4877920150757 10.2870969772339 10.3389616012573 10.1781244277954 10.9222536087036 11.5321235656738 11.7662382125854 11.2442245483398 11.5407972335815 11.9051990509033 12.082070350647 12.0563106536865 11.6968612670898 12.0885353088379
13.3035774230957 13.4152479171753 13.0458068847656 12.5676918029785 12.3753213882446 12.2598524093628 12.3134422302246 12.2796297073364 12.3939323425293 -3.4e+38 12.3942852020264 12.5337514877319 12.9788379669189 12.7339315414429 12.049877166748 12.2490701675415 12.1716375350952 11.9754228591919 11.898175239563 11.8661203384399 11.5834522247314 11.241623878479 11.4251012802124 12.137975692749 10.5244054794312 10.64195728302 10.5656824111938 10.4941987991333 10.7027053833008 10.5081062316895 10.4807815551758 10.5991907119751 10.3202495574951 10.3036670684814 10.4724769592285 9.9982328414917 10.1423311233521 10.813042640686 11.3990621566772 11.8379926681519 11.6783113479614 11.537579536438 11.7094287872314 11.8751211166382 11.9744691848755 11.7164278030396 11.7509298324585
13.1686677932739 13.6623735427856 13.4631595611572 13.4415283203125 13.4414014816284 12.4586982727051 12.2386713027954 12.6260871887207 12.5102081298828 -3.4e+38 13.0949516296387 12.862645149231 12.7333526611328 12.339674949646 12.5205316543579 12.4485654830933 12.4067220687866 12.5510959625244 12.2726984024048 12.0092420578003 11.3232622146606 -3.4e+38 10.2812519073486 10.8670358657837 11.3083276748657 10.9740476608276 10.5739631652832 11.0430660247803 10.70924949646 10.5014314651489 10.6791095733643 10.8314695358276 10.7619380950928 10.2666397094727 -3.4e+38 10.0464496612549 10.3991680145264 10.3082056045532 10.9637908935547 11.4456872940063 11.3768634796143 11.4151420593262 11.2439050674438 11.6457662582397 11.7546586990356 11.5090618133545 11.4693384170532
