Ecospace-environmental-drivers/Outputs/ASCII-for-ecospace/ChlA/ChlA_X2004.03.asc
NCOLS 131 
NROWS 53 
XLLCORNER -98 
YLLCORNER 23.9265270233154 
CELLSIZE 0.133587792515755 
NODATA_value -3.4e+38 
[rows 21 to 41 of 53, columns 47 to 93 of 131]
16.7419395446777 16.9184017181396 16.4478302001953 16.7354316711426 17.2550144195557 17.4144458770752 18.1594772338867 17.5521183013916 17.7767391204834 17.527063369751 17.0738296508789 16.4338760375977 16.2757778167725 16.06077003479 15.3522443771362 15.281060218811 15.1821174621582 15.1005830764771 15.3317584991455 15.5253658294678 15.3543033599854 14.9017915725708 14.847095489502 14.8161754608154 14.8984146118164 15.2571134567261 15.562686920166 14.9929046630859 14.9419565200806 15.098916053772 15.1682205200195 15.141505241394 15.475643157959 15.4235534667969 15.506293296814 16.2392253875732 16.3647384643555 16.2607841491699 16.3240184783936 16.8014602661133 17.6928482055664 18.4417896270752 18.9850673675537 18.5639057159424 18.4425888061523 18.325756072998 17.3528995513916
16.0469150543213 16.4589233398438 16.4680767059326 16.4780502319336 17.275182723999 17.6877765655518 17.8538398742676 17.1268177032471 17.2948226928711 17.1470127105713 16.8860816955566 16.8100566864014 16.4168643951416 15.9383888244629 15.868631362915 16.0166015625 15.8992691040039 15.5253953933716 15.7701091766357 15.5867013931274 14.8883857727051 14.7913513183594 14.9764537811279 14.9108648300171 14.9523553848267 15.199315071106 15.3782777786255 15.3305702209473 15.5160684585571 15.7569742202759 15.3992805480957 15.3564605712891 15.3918704986572 15.3907871246338 15.4175844192505 15.9801406860352 15.9577541351318 16.107479095459 16.3749675750732 16.7971343994141 17.2572612762451 17.5053749084473 18.05126953125 18.1642322540283 17.6491661071777 17.2185325622559 16.6628093719482
16.5149021148682 16.8927192687988 16.4252662658691 16.1103572845459 16.9166564941406 17.0810832977295 17.1216678619385 16.6730155944824 16.8950634002686 16.5295543670654 16.1453380584717 16.5516338348389 16.5944271087646 16.4506244659424 16.8085708618164 17.3563995361328 17.1803684234619 16.4824542999268 15.6033020019531 15.5414867401123 15.1808319091797 15.0442714691162 15.2914552688599 15.1245193481445 15.1432123184204 15.1975145339966 15.2989368438721 15.3504829406738 15.4190664291382 15.8867292404175 15.1171083450317 15.0868873596191 15.2248640060425 15.4420957565308 15.6574106216431 15.7899703979492 15.7543811798096 16.1303329467773 16.3468914031982 16.196008682251 16.0231685638428 16.4681930541992 17.4919986724854 17.6552848815918 17.2573776245117 17.1498928070068 17.1995868682861
18.0191669464111 18.4560356140137 17.9133338928223 17.0615978240967 16.4773559570312 16.3449440002441 16.429027557373 16.2084178924561 16.6420078277588 16.7862129211426 16.3234367370605 16.2086849212646 16.6259613037109 17.1684722900391 17.0720596313477 17.1410655975342 16.7097473144531 16.3183650970459 15.2973165512085 15.4142770767212 15.294002532959 15.1825590133667 15.3266458511353 15.1697244644165 14.9391651153564 14.9791612625122 15.3231573104858 15.2728986740112 15.3187484741211 15.3204116821289 14.9753341674805 15.0106344223022 15.3092880249023 15.4684686660767 15.629264831543 16.1099491119385 16.2869682312012 16.0621509552002 16.9581508636475 16.9044437408447 17.1273880004883 17.2621326446533 17.4479675292969 17.6141719818115 17.568531036377 17.3349857330322 17.3932685852051
17.2786159515381 17.7310752868652 17.6033744812012 16.7347240447998 16.558931350708 16.902416229248 17.0842742919922 16.335412979126 16.9053478240967 17.1624221801758 16.9431915283203 16.3277969360352 16.1114692687988 17.3143081665039 17.2994117736816 17.5191707611084 16.5131301879883 15.4641056060791 15.2197456359863 15.1347532272339 15.3172225952148 15.4199695587158 15.3718385696411 15.4973831176758 15.2467136383057 14.8408317565918 14.9786462783813 15.208402633667 15.3583507537842 15.3840055465698 15.6513452529907 15.8225383758545 15.6737670898438 15.8988056182861 16.1239471435547 16.0234489440918 15.9252882003784 16.0609340667725 16.2310543060303 16.0182609558105 16.1903533935547 16.3847618103027 16.1646327972412 16.2731399536133 16.5020503997803 16.3696136474609 16.5517559051514
17.1029415130615 16.8844032287598 16.6210918426514 16.5344753265381 17.1241474151611 17.2360420227051 17.1085357666016 17.0167655944824 16.5154037475586 16.3829193115234 17.381254196167 17.4996299743652 15.7380399703979 15.4696102142334 15.6068305969238 15.587345123291 15.421703338623 15.3649711608887 15.4076833724976 15.0364933013916 15.0159616470337 15.3606882095337 15.6242933273315 15.5799036026001 15.6324214935303 15.2596349716187 15.0486621856689 15.0764513015747 15.3305397033691 15.3202266693115 15.7828302383423 15.8483963012695 15.5123596191406 15.8001546859741 15.9511108398438 15.9223747253418 16.2893810272217 16.72287940979 16.6333885192871 15.8606805801392 16.1523036956787 16.0437030792236 16.0229167938232 16.2677345275879 16.8236598968506 16.6199588775635 16.3401355743408
16.7383460998535 17.0520210266113 17.2016086578369 17.3808422088623 17.2490978240967 16.7883930206299 16.7536907196045 16.2886238098145 16.5247249603271 16.2253551483154 16.5656242370605 16.9156589508057 15.1927585601807 14.980658531189 15.0219488143921 15.137318611145 15.1024303436279 15.1473274230957 15.1049118041992 15.1419496536255 15.1215372085571 15.1317873001099 15.2579431533813 15.0949115753174 15.0126476287842 15.4445304870605 15.0382146835327 15.1179676055908 15.5039148330688 15.2722177505493 15.5241613388062 15.6045989990234 15.5685529708862 15.4059743881226 15.3204107284546 15.5265035629272 15.7762641906738 16.3230876922607 16.2867889404297 15.9310913085938 16.0932445526123 16.2465553283691 15.8913717269897 16.4431610107422 16.5823917388916 16.5853042602539 16.4243679046631
16.9549655914307 17.3275699615479 17.5109729766846 17.3664207458496 17.3891201019287 16.7860145568848 16.2221126556396 15.9025993347168 16.1920833587646 15.8228406906128 15.733847618103 15.0006761550903 14.825478553772 14.9275207519531 14.8448219299316 14.8207492828369 14.9232921600342 14.9389715194702 14.9775991439819 14.987832069397 15.1228151321411 15.1647109985352 15.3106622695923 15.1879768371582 15.1506767272949 15.6902170181274 15.1339044570923 14.73366355896 15.2953090667725 15.3351573944092 15.4852628707886 15.237099647522 15.3118572235107 15.3921966552734 14.9210090637207 15.1829013824463 15.2353048324585 15.5240535736084 15.4431676864624 15.6757745742798 16.0906829833984 15.9370527267456 15.8302564620972 15.9472522735596 15.9041938781738 15.9798603057861 15.7915315628052
15.8693265914917 16.7405319213867 17.240026473999 16.9304714202881 16.4703121185303 16.6317768096924 16.3318710327148 16.2528877258301 15.7199478149414 15.1998481750488 15.5334815979004 15.3782873153687 15.5667448043823 15.0805339813232 14.9796667098999 14.9754190444946 14.9910907745361 14.9684963226318 14.8545570373535 14.8721876144409 14.9371604919434 14.9272403717041 14.8006410598755 14.9616680145264 15.2585477828979 15.5957317352295 15.1451330184937 15.0504589080811 15.4772596359253 15.15562915802 15.1174583435059 15.1499395370483 15.6548252105713 15.2844438552856 15.0057191848755 15.4479761123657 15.5478839874268 15.3636951446533 15.2688608169556 15.1970300674438 15.2260732650757 15.3575630187988 15.8327560424805 16.5584297180176 15.9414339065552 15.8937950134277 16.0645694732666
15.2849407196045 15.5926103591919 16.3638820648193 16.6669273376465 16.2639198303223 16.2788124084473 16.2935123443604 16.9215927124023 16.438892364502 15.281512260437 15.4011745452881 15.6374435424805 15.2738904953003 15.1244306564331 15.1283884048462 15.1050491333008 14.8427305221558 14.8160314559937 14.8470392227173 14.8104820251465 14.7283067703247 14.7681789398193 14.661395072937 14.517505645752 14.7977504730225 15.0736312866211 14.8008937835693 15.0010051727295 15.7998275756836 15.1630907058716 14.9857521057129 15.0564641952515 15.1027936935425 15.296311378479 15.2593154907227 15.0423383712769 15.057502746582 15.4772319793701 15.5103759765625 15.5529375076294 15.3083972930908 14.9666433334351 15.3187093734741 15.1908226013184 14.9428262710571 14.952223777771 15.1284427642822
15.2170009613037 15.190318107605 15.3583192825317 16.0806331634521 16.2078800201416 16.1978645324707 16.5207061767578 17.071439743042 16.6781730651855 15.9632043838501 15.4556531906128 15.4752550125122 15.3893594741821 15.1628646850586 14.9863557815552 15.1255435943604 15.0091180801392 14.6989030838013 14.5449056625366 14.6172466278076 14.6937618255615 14.903208732605 14.5997648239136 14.3506488800049 14.3986349105835 14.6250448226929 15.0359678268433 15.4115324020386 15.9560985565186 16.0162296295166 15.2662324905396 15.0938653945923 15.0779933929443 15.1323356628418 14.9137315750122 14.7155351638794 14.6627721786499 14.6889419555664 15.1585941314697 15.1881399154663 15.3981475830078 15.2023468017578 14.890115737915 14.6261920928955 14.6108245849609 14.710337638855 14.6915559768677
15.0353097915649 15.041540145874 14.9811983108521 15.4136772155762 15.6362590789795 15.662223815918 15.9179878234863 16.3812580108643 16.1942138671875 15.4533653259277 15.1799917221069 15.2336101531982 15.3962802886963 15.2632846832275 15.0883388519287 15.1940469741821 15.0308790206909 14.7761640548706 14.4113874435425 14.5700092315674 14.7712564468384 14.5749664306641 14.2375831604004 14.3233232498169 14.4069786071777 14.7711420059204 15.3255729675293 15.2466421127319 14.9761753082275 14.8783760070801 14.7901792526245 14.7634449005127 14.722713470459 14.5886144638062 14.6054630279541 14.678295135498 14.6310844421387 14.334641456604 14.5254211425781 14.7640047073364 14.6779193878174 14.5596303939819 14.692289352417 14.7240076065063 14.876880645752 14.7872018814087 14.8648662567139
14.7887001037598 14.7562303543091 14.839991569519 14.8975400924683 14.9352178573608 15.3334465026855 15.6193742752075 15.775013923645 15.6458473205566 15.2902908325195 14.9812231063843 15.0130996704102 15.0649194717407 15.1062717437744 14.8679695129395 14.9531936645508 14.5551338195801 14.4301156997681 14.2985410690308 14.4491882324219 14.6768064498901 14.3027467727661 13.9645519256592 14.0363416671753 14.4555959701538 14.4337882995605 14.9848623275757 14.9886865615845 14.9973487854004 14.451244354248 13.9914484024048 14.1438808441162 14.2747831344604 14.2865571975708 14.2676658630371 14.4657611846924 14.5920429229736 14.410758972168 14.5003795623779 14.4736824035645 14.3137092590332 14.1455297470093 14.5364322662354 14.7283992767334 14.9266471862793 14.7713413238525 15.0160102844238
14.8489751815796 14.8738164901733 15.0451393127441 14.7569942474365 14.763466835022 14.5893096923828 14.884370803833 15.2738552093506 15.1960735321045 14.9604368209839 14.8441114425659 14.8164758682251 14.8662958145142 15.0023107528687 15.2268238067627 14.5748462677002 14.2410659790039 13.8425121307373 13.9076976776123 13.984766960144 14.135181427002 14.4936876296997 14.5219440460205 14.5190296173096 14.1253652572632 14.5526475906372 14.9450254440308 14.4891166687012 14.4436941146851 13.8422422409058 13.4748840332031 13.7512063980103 14.1021127700806 14.1830759048462 14.2674560546875 14.3575868606567 14.2175445556641 14.0676393508911 14.1325960159302 13.8779468536377 13.8898372650146 13.7069358825684 13.9673480987549 14.4031963348389 14.7041492462158 14.815845489502 14.9202690124512
14.835657119751 14.9368934631348 14.9274082183838 14.559401512146 14.3688974380493 14.3085050582886 14.4013328552246 14.8411836624146 14.8459644317627 14.868408203125 14.6612529754639 14.6763944625854 14.7659273147583 14.9780902862549 15.1663513183594 14.3524980545044 14.1189346313477 13.6046257019043 13.9569978713989 14.5534772872925 14.3293008804321 14.4090614318848 14.2466859817505 14.4874877929688 14.445426940918 14.2348213195801 13.9551181793213 14.1668844223022 13.8466482162476 13.9361686706543 14.0700311660767 13.9843444824219 14.1262731552124 14.2162132263184 14.2933778762817 14.5554265975952 14.6378707885742 13.5092668533325 13.4798364639282 14.1608266830444 14.3397579193115 13.5715370178223 13.5454139709473 13.6101312637329 14.0184354782104 14.8568496704102 14.9717617034912
14.7027406692505 14.7505054473877 14.6387453079224 14.3546876907349 14.351354598999 14.2321615219116 14.2499370574951 14.3521432876587 14.3253345489502 14.497109413147 14.8705434799194 14.6912469863892 14.6852216720581 14.6965494155884 14.6724214553833 14.0253677368164 13.8588647842407 13.9988641738892 14.0409517288208 14.6968040466309 14.9935941696167 14.6309442520142 14.388466835022 14.4555759429932 14.8235988616943 14.7384796142578 14.6826934814453 15.9837713241577 14.6864213943481 14.2991380691528 14.1499824523926 13.9870338439941 13.8159818649292 14.2519969940186 15.0549411773682 15.4782857894897 15.0037870407104 12.5435132980347 12.1913394927979 12.972957611084 13.6293907165527 13.1522207260132 13.0151643753052 13.0084037780762 13.0225038528442 13.665545463562 14.3861179351807
14.4587936401367 14.5136804580688 14.4209403991699 14.2040596008301 14.3747310638428 14.4655504226685 14.2456741333008 14.1274499893188 14.1046457290649 14.1877498626709 14.4308748245239 14.5602893829346 14.2201719284058 14.125638961792 14.1816482543945 13.9529209136963 13.8333892822266 14.1989593505859 14.6242189407349 15.0398635864258 15.0089673995972 14.7846727371216 14.6203479766846 14.4891691207886 14.7371730804443 14.6480827331543 14.7565956115723 15.0110740661621 14.3354892730713 13.9045991897583 13.7334718704224 13.5257978439331 13.2543716430664 13.523850440979 14.0873680114746 13.8346681594849 13.5386323928833 12.8917808532715 12.1786432266235 12.4562215805054 13.0373067855835 13.0340003967285 12.6804876327515 12.950984954834 12.5646066665649 12.564884185791 13.3400859832764
13.657919883728 13.7521867752075 13.776159286499 14.0589504241943 13.9847507476807 13.9503555297852 13.9416208267212 13.6929473876953 13.6731719970703 13.7403678894043 14.1246538162231 14.2002849578857 14.0346403121948 14.0492086410522 14.1638689041138 14.1004238128662 14.1987400054932 14.5301074981689 14.429274559021 14.5307922363281 14.6098642349243 14.7458915710449 14.612003326416 14.7686157226562 14.4513607025146 14.4046478271484 14.3038721084595 14.0920085906982 14.2022161483765 13.6259088516235 13.4697093963623 13.2887449264526 12.9330043792725 12.6400566101074 13.1944389343262 13.4541931152344 13.2522773742676 12.999659538269 12.3886260986328 12.4555444717407 13.015718460083 13.1291427612305 13.4397134780884 13.0242404937744 12.4510984420776 12.1302719116211 12.9158000946045
13.2318878173828 13.5292701721191 13.5193252563477 13.5423173904419 13.5319967269897 13.6026592254639 13.5444059371948 13.6185092926025 13.4865875244141 13.5951261520386 13.8092441558838 13.9534606933594 13.8558835983276 14.056715965271 14.1508483886719 14.0372009277344 14.0502147674561 14.4199266433716 14.523491859436 14.608606338501 14.5388793945312 14.5992670059204 14.5836925506592 14.5113582611084 14.401629447937 14.2281589508057 15.0969800949097 14.0001955032349 13.597095489502 13.430739402771 13.1853866577148 13.3562259674072 12.760217666626 12.8565053939819 12.8195028305054 12.9046440124512 12.9976215362549 12.8935279846191 13.0448274612427 12.9205589294434 13.2101736068726 13.409592628479 13.246844291687 13.2102403640747 13.1754302978516 12.764609336853 13.2376003265381
13.023455619812 13.2730159759521 13.2173023223877 13.1317567825317 13.2318849563599 13.226508140564 13.1341390609741 13.350248336792 13.6086120605469 13.7123613357544 13.6527614593506 13.9007883071899 13.8137340545654 14.1037521362305 14.0298671722412 14.0171518325806 14.1221771240234 14.4085721969604 14.4427528381348 14.4798002243042 14.4809827804565 14.4314041137695 14.9336071014404 14.8180446624756 14.5866565704346 14.2782564163208 14.5207939147949 13.8198661804199 13.8134813308716 13.2497339248657 12.8579807281494 12.6828050613403 12.5986299514771 12.8063678741455 12.6977519989014 12.8312339782715 12.8743696212769 12.8432998657227 12.9501047134399 13.0297136306763 13.0667295455933 13.0203514099121 12.8647317886353 13.2520275115967 13.1495037078857 12.708176612854 12.9794912338257
12.7193174362183 12.9654455184937 12.9757385253906 13.1297931671143 13.2614345550537 13.258448600769 13.1791982650757 13.1290836334229 13.4309883117676 13.6508855819702 13.5962409973145 13.6220512390137 13.8434982299805 13.8403015136719 13.909478187561 13.7975769042969 14.0312280654907 14.2100563049316 14.0265464782715 13.9458780288696 14.0382242202759 14.0987281799316 14.6854772567749 15.1964273452759 14.7178926467896 14.3525514602661 14.4050054550171 13.8718824386597 14.0284337997437 13.6568117141724 12.711651802063 12.5195083618164 12.1312789916992 12.7223634719849 12.7077035903931 12.7699918746948 12.8490676879883 12.7952747344971 12.9767456054688 12.8300094604492 12.8264665603638 12.7253160476685 12.6858787536621 12.7969312667847 12.8782691955566 12.7619161605835 13.0385160446167
