Ecospace-environmental-drivers/Outputs/ASCII-for-ecospace/ChlA/ChlA_X2021.12.asc
NCOLS 131 
NROWS 53 
XLLCORNER -98 
YLLCORNER 23.9265270233154 
CELLSIZE 0.133587792515755 
NODATA_value -3.4e+38 
[rows 0 to 20 of 53, columns 47 to 93 of 131]
-3.4e+38 -3.4e+38 -3.4e+38 -3.4e+38 -3.4e+38 -3.4e+38 -3.4e+38 -3.4e+38 -3.4e+38 -3.4e+38 -3.4e+38 -3.4e+38 -3.4e+38 -3.4e+38 -3.4e+38 -3.4e+38 -3.4e+38 -3.4e+38 -3.4e+38 -3.4e+38 -3.4e+38 -3.4e+38 -3.4e+38 -3.4e+38 -3.4e+38 -3.4e+38 -3.4e+38 -3.4e+38 -3.4e+38 -3.4e+38 -3.4e+38 -3.4e+38 -3.4e+38 -3.4e+38 -3.4e+38 -3.4e+38 -3.4e+38 -3.4e+38 -3.4e+38 -3.4e+38 -3.4e+38 -3.4e+38 -3.4e+38 -3.4e+38 -3.4e+38 -3.4e+38 -3.4e+38
-3.4e+38 -3.4e+38 -3.4e+38 -3.4e+38 -3.4e+38 -3.4e+38 -3.4e+38 -3.4e+38 -3.4e+38 -3.4e+38 -3.4e+38 -3.4e+38 -3.4e+38 -3.4e+38 -3.4e+38 -3.4e+38 -3.4e+38 -3.4e+38 -3.4e+38 -3.4e+38 -3.4e+38 -3.4e+38 -3.4e+38 -3.4e+38 -3.4e+38 -3.4e+38 -3.4e+38 -3.4e+38 -3.4e+38 -3.4e+38 -3.4e+38 -3.4e+38 -3.4e+38 -3.4e+38 -3.4e+38 -3.4e+38 -3.4e+38 -3.4e+38 -3.4e+38 -3.4e+38 -3.4e+38 -3.4e+38 -3.4e+38 -3.4e+38 -3.4e+38 -3.4e+38 -3.4e+38
-3.4e+38 -3.4e+38 -3.4e+38 -3.4e+38 -3.4e+38 -3.4e+38 -3.4e+38 -3.4e+38 -3.4e+38 -3.4e+38 -3.4e+38 -3.4e+38 -3.4e+38 -3.4e+38 -3.4e+38 -3.4e+38 -3.4e+38 -3.4e+38 -3.4e+38 -3.4e+38 -3.4e+38 -3.4e+38 -3.4e+38 -3.4e+38 -3.4e+38 -3.4e+38 -3.4e+38 23.9215106964111 25.6264553070068 -3.4e+38 -3.4e+38 -3.4e+38 -3.4e+38 -3.4e+38 -3.4e+38 -3.4e+38 -3.4e+38 -3.4e+38 -3.4e+38 -3.4e+38 -3.4e+38 -3.4e+38 -3.4e+38 -3.4e+38 -3.4e+38 -3.4e+38 -3.4e+38
-3.4e+38 -3.4e+38 -3.4e+38 -3.4e+38 -3.4e+38 -3.4e+38 -3.4e+38 -3.4e+38 -3.4e+38 -3.4e+38 -3.4e+38 -3.4e+38 -3.4e+38 -3.4e+38 -3.4e+38 -3.4e+38 -3.4e+38 -3.4e+38 -3.4e+38 -3.4e+38 -3.4e+38 -3.4e+38 -3.4e+38 -3.4e+38 -3.4e+38 -3.4e+38 -3.4e+38 21.9579849243164 20.8707733154297 -3.4e+38 -3.4e+38 -3.4e+38 -3.4e+38 -3.4e+38 12.6460952758789 -3.4e+38 -3.4e+38 -3.4e+38 -3.4e+38 -3.4e+38 17.8710994720459 -3.4e+38 -3.4e+38 -3.4e+38 -3.4e+38 -3.4e+38 -3.4e+38
-3.4e+38 -3.4e+38 -3.4e+38 -3.4e+38 -3.4e+38 -3.4e+38 -3.4e+38 -3.4e+38 -3.4e+38 -3.4e+38 17.4619655609131 14.7392616271973 15.2799015045166 -3.4e+38 -3.4e+38 -3.4e+38 -3.4e+38 -3.4e+38 -3.4e+38 17.2381210327148 17.6946392059326 16.9949550628662 21.2828159332275 19.2624530792236 16.434591293335 15.2232370376587 18.4264430999756 18.2681655883789 18.2369174957275 18.7223243713379 -3.4e+38 -3.4e+38 13.8309774398804 12.4725589752197 13.5519762039185 13.8893184661865 12.2542867660522 11.2085466384888 11.4755029678345 12.0493974685669 16.0169105529785 14.7221994400024 -3.4e+38 -3.4e+38 -3.4e+38 -3.4e+38 -3.4e+38
-3.4e+38 -3.4e+38 -3.4e+38 -3.4e+38 -3.4e+38 -3.4e+38 -3.4e+38 -3.4e+38 -3.4e+38 26.2078514099121 21.1318893432617 16.1867942810059 17.9688758850098 22.4417495727539 -3.4e+38 -3.4e+38 21.7923030853271 16.1174736022949 16.4270572662354 17.0998229980469 17.9905853271484 17.0306949615479 18.0061454772949 17.8074817657471 16.8015689849854 16.9810581207275 17.8830146789551 17.5663013458252 17.3597145080566 17.437915802002 13.3290748596191 12.8979377746582 13.5988960266113 12.714916229248 11.8059110641479 11.4702138900757 11.0307588577271 10.8341913223267 11.0362157821655 11.1284894943237 11.4236145019531 11.5022211074829 11.5812454223633 12.0874834060669 -3.4e+38 -3.4e+38 -3.4e+38
-3.4e+38 -3.4e+38 -3.4e+38 -3.4e+38 -3.4e+38 -3.4e+38 -3.4e+38 -3.4e+38 -3.4e+38 24.4652976989746 25.3052043914795 27.6216602325439 23.6266441345215 25.3366794586182 28.3869667053223 20.4078235626221 21.0976161956787 18.7449321746826 17.6949195861816 17.6963310241699 17.8382301330566 17.0916194915771 15.9793338775635 16.1420021057129 15.7844867706299 15.0253572463989 16.9107131958008 17.6993236541748 15.0492820739746 13.7569189071655 12.9736480712891 12.3874025344849 11.9847612380981 11.2864789962769 11.0377254486084 11.0886688232422 11.0556650161743 10.9704446792603 10.9913806915283 11.0085201263428 10.9896717071533 11.2211542129517 11.9923858642578 12.2818145751953 13.0921955108643 12.8671197891235 -3.4e+38
-3.4e+38 -3.4e+38 -3.4e+38 -3.4e+38 -3.4e+38 -3.4e+38 -3.4e+38 -3.4e+38 -3.4e+38 -3.4e+38 31.1742477416992 32.892162322998 25.9192600250244 14.6835088729858 22.0499076843262 20.192684173584 19.2439785003662 18.1915664672852 18.4100341796875 18.2910003662109 17.7221431732178 17.4257354736328 16.3967914581299 15.4309530258179 14.7167129516602 14.2025165557861 14.6735534667969 14.2825317382812 13.8675470352173 13.5769062042236 12.9193773269653 12.5036106109619 11.8025245666504 11.0908584594727 10.7342748641968 11.1184520721436 10.6992263793945 10.8535604476929 11.3276643753052 11.4771518707275 11.3735132217407 11.4854364395142 12.0079917907715 12.5779972076416 12.3568773269653 13.1012849807739 13.6376028060913
-3.4e+38 -3.4e+38 -3.4e+38 -3.4e+38 -3.4e+38 -3.4e+38 -3.4e+38 -3.4e+38 -3.4e+38 -3.4e+38 -3.4e+38 -3.4e+38 -3.4e+38 -3.4e+38 22.9732265472412 22.9672260284424 -3.4e+38 18.0573902130127 17.9473114013672 18.4828224182129 17.1222648620605 15.9632968902588 16.3637828826904 15.8720455169678 15.0734062194824 13.9848489761353 13.8917789459229 14.0895500183105 13.6960973739624 13.5082693099976 12.6869268417358 12.3924388885498 11.7257900238037 11.122278213501 10.6804704666138 10.757550239563 11.0059633255005 11.0543832778931 11.1655683517456 11.0669660568237 11.303731918335 11.5357570648193 11.6283397674561 12.6857252120972 13.0219135284424 12.6362686157227 12.9726104736328
-3.4e+38 -3.4e+38 -3.4e+38 -3.4e+38 -3.4e+38 -3.4e+38 -3.4e+38 -3.4e+38 -3.4e+38 -3.4e+38 -3.4e+38 -3.4e+38 -3.4e+38 -3.4e+38 -3.4e+38 -3.4e+38 17.084602355957 17.35693359375 17.9335136413574 19.0280380249023 18.9796276092529 18.1415424346924 17.1875877380371 15.9127588272095 14.739128112793 13.545202255249 13.6608943939209 13.6903982162476 13.4433765411377 12.6386270523071 12.2719821929932 12.1068992614746 11.1845407485962 10.8086729049683 10.471266746521 10.5087194442749 10.8225688934326 11.1544179916382 11.3257207870483 11.3731269836426 11.6423807144165 12.0789546966553 12.1562366485596 12.6407985687256 13.576943397522 13.3254356384277 13.900408744812
18.7499961853027 -3.4e+38 -3.4e+38 -3.4e+38 -3.4e+38 -3.4e+38 -3.4e+38 -3.4e+38 -3.4e+38 -3.4e+38 -3.4e+38 -3.4e+38 -3.4e+38 -3.4e+38 -3.4e+38 -3.4e+38 14.3906869888306 19.6689910888672 20.3681907653809 21.0611686706543 20.2037143707275 18.0156059265137 17.7769660949707 16.201997756958 15.1878099441528 15.2788381576538 14.6130590438843 14.002498626709 12.8568344116211 12.2275638580322 11.6426048278809 11.2924060821533 10.7402801513672 10.3994989395142 10.1148452758789 10.252402305603 10.5952987670898 11.0766448974609 11.3937082290649 11.4973087310791 11.6459999084473 12.1253309249878 12.3931255340576 13.2463636398315 13.8367128372192 13.7540636062622 14.1757354736328
19.1718692779541 22.9577903747559 27.9035701751709 -3.4e+38 -3.4e+38 -3.4e+38 -3.4e+38 -3.4e+38 -3.4e+38 -3.4e+38 -3.4e+38 -3.4e+38 12.9368629455566 14.0782556533813 16.8888549804688 -3.4e+38 27.2736854553223 26.8803272247314 22.5866813659668 21.2454776763916 21.0275230407715 21.5963287353516 21.1561107635498 19.3092746734619 17.2182312011719 16.5426006317139 13.9030084609985 13.2246627807617 12.1941051483154 11.7921257019043 11.3933391571045 10.8949699401855 10.6735029220581 10.3800706863403 9.90236568450928 10.0360994338989 10.6253290176392 10.9879674911499 10.9217185974121 11.2151041030884 11.4201364517212 11.4466590881348 11.5498542785645 13.0167865753174 13.8562955856323 14.0227460861206 14.7320899963379
21.2075004577637 23.0961170196533 26.1848983764648 23.7579288482666 -3.4e+38 -3.4e+38 -3.4e+38 -3.4e+38 9.54874038696289 19.9826068878174 13.2551469802856 17.6326961517334 17.6933917999268 20.2718048095703 22.054536819458 20.6728801727295 29.3816299438477 27.8582859039307 21.9428539276123 22.0786228179932 22.3030872344971 23.0761165618896 23.1212615966797 20.4672203063965 17.8357944488525 15.750075340271 13.5348320007324 13.1712646484375 12.135293006897 11.6765413284302 11.4620962142944 11.2225742340088 10.7763652801514 10.7880935668945 10.4836912155151 10.4113597869873 10.3158016204834 10.6710538864136 10.4195079803467 10.5330677032471 10.6927528381348 11.075270652771 11.7114553451538 12.5471887588501 12.9788064956665 12.7250623703003 12.786229133606
24.1642990112305 25.5214748382568 24.9302387237549 21.3299350738525 19.5458374023438 21.2827587127686 14.6978063583374 12.8832416534424 18.6970348358154 19.3744373321533 18.8530521392822 21.9589099884033 21.7912578582764 24.4567470550537 25.2347621917725 24.9509677886963 22.7081432342529 22.3394908905029 19.804988861084 22.625072479248 22.2331638336182 23.3366813659668 23.6649723052979 21.5031585693359 18.1193389892578 15.3765029907227 13.2832040786743 12.9415988922119 12.1415424346924 11.8221836090088 11.2957830429077 10.8823490142822 10.7262945175171 10.8541736602783 10.7985887527466 10.7837553024292 10.1999168395996 10.5005970001221 10.3954048156738 10.4955949783325 10.7634038925171 11.0308513641357 11.073450088501 11.1762237548828 11.985294342041 11.8796291351318 11.563796043396
21.819221496582 22.3759994506836 22.7227020263672 23.0342540740967 22.3326435089111 23.2719783782959 20.5818042755127 20.0251350402832 22.4537696838379 22.2048645019531 23.3788909912109 24.9720001220703 25.4349060058594 26.053316116333 26.5217266082764 26.7454948425293 25.8907871246338 23.4847412109375 20.7490367889404 22.464111328125 23.5053005218506 23.4812641143799 22.4097709655762 19.256778717041 14.8270616531372 12.5102615356445 11.7218246459961 11.8788576126099 11.6284341812134 11.520076751709 10.9944429397583 10.8644180297852 10.6359024047852 10.8718891143799 10.7679681777954 10.5985641479492 10.2366380691528 10.2211208343506 10.4612874984741 10.6797704696655 10.7274599075317 10.941722869873 11.0284833908081 10.7316732406616 10.7113790512085 10.8598031997681 11.3284273147583
19.4191856384277 19.1570835113525 20.8416194915771 22.6574554443359 22.5347881317139 22.2893466949463 22.2459259033203 22.6160335540771 22.9669704437256 23.7776260375977 23.8658237457275 22.9693908691406 23.8397808074951 24.8079452514648 26.5436706542969 27.3985595703125 26.4268627166748 24.3115863800049 24.3028354644775 24.0021209716797 22.2279815673828 18.2955932617188 16.3766307830811 13.6476497650146 12.1585941314697 11.5022554397583 11.3303031921387 11.1863441467285 11.1864376068115 11.2613182067871 11.0648555755615 11.1182374954224 11.0557861328125 11.5706157684326 10.9522838592529 10.5198802947998 10.2893829345703 10.0193567276001 10.3449821472168 10.5558280944824 10.601731300354 10.6825380325317 10.7787485122681 10.8076963424683 10.8744077682495 10.8706569671631 11.1803131103516
18.9990177154541 19.6966228485107 20.1390552520752 20.9291000366211 21.90456199646 22.0016613006592 22.8649024963379 22.455265045166 22.4434757232666 21.9874954223633 19.4864044189453 17.8446979522705 17.4276847839355 18.0214233398438 19.405345916748 21.8555183410645 23.7693023681641 23.0623416900635 22.2150802612305 19.7114124298096 17.5734710693359 13.0863609313965 12.1925039291382 11.6851367950439 11.2564516067505 10.8713178634644 10.8902235031128 10.8716201782227 11.1364526748657 10.9381790161133 10.8208408355713 11.0848655700684 11.4164400100708 11.564564704895 11.0219287872314 10.2862987518311 10.0251989364624 10.1899509429932 10.13694190979 10.2671842575073 10.4100379943848 10.3021545410156 11.0159330368042 11.0608787536621 11.0346193313599 10.9107685089111 11.0117645263672
15.4084348678589 16.7351245880127 18.1183452606201 19.0233821868896 19.9472274780273 20.0821933746338 19.5729179382324 19.4861316680908 19.4278049468994 18.4396476745605 15.8358030319214 14.054274559021 13.8594589233398 14.9886274337769 17.7919292449951 18.9828605651855 21.2182197570801 21.1811542510986 19.0191268920898 14.4612674713135 12.111852645874 10.8393507003784 10.9260959625244 11.1932935714722 10.82204246521 10.8648643493652 10.7465677261353 10.5670642852783 10.7614860534668 10.8144130706787 10.9467906951904 11.2744579315186 11.2716093063354 11.1120662689209 10.6584501266479 10.274561882019 10.1401510238647 10.2205142974854 10.0874300003052 10.1725196838379 10.2385587692261 10.3213701248169 10.7235469818115 10.6437406539917 10.6204385757446 10.5487222671509 10.6846761703491
12.2300252914429 12.810037612915 12.8214111328125 15.6971454620361 17.0959014892578 17.2568817138672 16.2642192840576 14.4812078475952 13.5306978225708 13.1451234817505 13.554051399231 12.6969137191772 12.8660097122192 14.6931600570679 16.9280414581299 17.9420280456543 19.3478584289551 19.2867488861084 14.3428287506104 10.7361040115356 11.0361652374268 10.0674076080322 10.1278657913208 10.839768409729 10.8508825302124 10.5979766845703 10.5513944625854 10.7110662460327 10.7058134078979 10.49853515625 11.1089019775391 11.0043640136719 11.105619430542 10.7824802398682 10.2885847091675 9.97633075714111 9.88672256469727 9.93312454223633 10.0844984054565 10.1075096130371 9.93186855316162 9.90081691741943 10.129246711731 10.3020029067993 10.5515985488892 10.6554164886475 10.8378534317017
12.318865776062 12.6022748947144 12.9564428329468 14.1464910507202 13.3166379928589 13.2513065338135 12.7823629379272 12.1447858810425 11.8821458816528 12.568585395813 12.6398506164551 12.2339506149292 12.0584306716919 12.5361471176147 14.1092557907104 16.566987991333 17.687557220459 15.2768049240112 11.8544044494629 11.0218238830566 10.31507396698 10.1359996795654 9.89670276641846 10.1956949234009 10.5146989822388 10.2293882369995 10.4060487747192 10.6742000579834 10.4705085754395 10.5062303543091 10.9724245071411 10.9758520126343 10.8074731826782 10.6024160385132 10.0695848464966 10.0092668533325 10.0618438720703 9.94417095184326 10.0923185348511 10.0396327972412 9.85798072814941 9.94124889373779 10.0729703903198 10.1868391036987 10.3713064193726 10.4127082824707 10.7293615341187
12.0478677749634 11.8687467575073 11.7793130874634 12.3412714004517 11.5780878067017 11.706934928894 12.1675100326538 11.5935945510864 11.4815225601196 11.7527494430542 11.8126058578491 11.4439525604248 11.4314908981323 11.556661605835 12.4317808151245 14.3065528869629 14.9964113235474 13.3999109268188 11.3179130554199 11.0562114715576 10.4637613296509 10.0293407440186 9.84174728393555 10.0399675369263 10.1106081008911 10.1400804519653 10.2344017028809 10.2659511566162 9.88542175292969 9.9914665222168 10.4030752182007 10.5547790527344 10.3064765930176 10.379433631897 10.0827569961548 10.1030492782593 10.1541337966919 10.1281576156616 10.0763492584229 9.98127841949463 9.82049083709717 9.76651668548584 9.85138034820557 9.90560245513916 10.2077836990356 10.2086811065674 10.4988098144531
