Ecospace-environmental-drivers/Outputs/ASCII-for-ecospace/ChlA/ChlA_X2010.10.asc
NCOLS 131 
NROWS 53 
XLLCORNER -98 
YLLCORNER 23.9265270233154 
CELLSIZE 0.133587792515755 
NODATA_value -3.4e+38 
[rows 21 to 41 of 53, columns 47 to 93 of 131]
20.298059463501 20.1646327972412 22.7373847961426 24.8519973754883 24.3060455322266 21.9538192749023 18.7117919921875 16.257043838501 15.1314792633057 15.0856075286865 14.7093725204468 14.9389400482178 14.9006443023682 15.2560501098633 15.6293773651123 15.4812717437744 15.2942161560059 15.7832460403442 16.8740119934082 17.8454914093018 18.8218364715576 18.8014621734619 18.3266658782959 18.0076427459717 17.6783714294434 15.8064441680908 14.7657861709595 13.9420700073242 13.2267332077026 13.070704460144 12.861424446106 12.6760454177856 12.6082916259766 12.6002540588379 12.7668333053589 12.9742183685303 13.1339244842529 13.0177669525146 12.9950981140137 13.1925506591797 13.5287637710571 13.9260692596436 14.2682809829712 14.9856224060059 15.4215250015259 15.1108837127686 14.999626159668
18.5164680480957 19.9627532958984 21.4146213531494 22.0107250213623 20.94407081604 19.4776954650879 17.8938083648682 15.9411878585815 14.9258689880371 14.5824975967407 14.8120031356812 15.3076066970825 14.8544054031372 14.8954849243164 15.075945854187 15.2074165344238 14.9714651107788 15.755051612854 16.2293395996094 16.690580368042 17.7884006500244 18.4374446868896 17.9311580657959 17.6975898742676 17.7459335327148 15.8996753692627 14.0596580505371 13.4548063278198 12.9706735610962 12.927303314209 12.9104719161987 12.7099914550781 12.6715278625488 12.6227073669434 12.6551656723022 12.7366523742676 12.8550701141357 12.9142875671387 13.0834169387817 13.3068399429321 13.5336141586304 13.8146982192993 14.2703142166138 14.8751182556152 15.1986598968506 14.8629817962646 14.7571268081665
17.2578105926514 19.0540752410889 20.6674385070801 19.4215145111084 18.6170063018799 18.2030239105225 16.5651702880859 15.4801769256592 14.7439823150635 14.6125001907349 14.8993463516235 14.5995006561279 14.38427734375 14.1950273513794 14.7121095657349 15.1140975952148 14.8345947265625 14.8926916122437 15.614089012146 16.0652313232422 16.3682975769043 16.5462856292725 16.8262042999268 16.5136222839355 16.1807689666748 14.8636770248413 13.4067153930664 12.9725713729858 12.7946481704712 12.8662014007568 12.9107236862183 12.8450622558594 12.8089351654053 12.7463083267212 12.7663564682007 12.602707862854 12.6346349716187 12.6446142196655 12.8811779022217 13.2515525817871 13.2102003097534 13.2793636322021 13.6375274658203 14.242639541626 14.7297496795654 14.458911895752 14.4783935546875
16.0324573516846 17.5587100982666 19.4341602325439 18.7623596191406 18.0135517120361 16.6814498901367 15.259916305542 14.7421550750732 14.4119100570679 14.4618701934814 14.5874910354614 14.2825374603271 14.1060962677002 14.2231216430664 14.6553049087524 14.9847822189331 15.370924949646 15.7011919021606 15.6583824157715 15.2304430007935 15.2872276306152 15.3954000473022 16.2206707000732 16.0935363769531 14.939567565918 13.9061088562012 13.0492429733276 12.7682294845581 12.7367315292358 12.8013858795166 12.9337091445923 12.9779930114746 12.9562845230103 12.9913749694824 13.0110931396484 12.9139976501465 12.5790739059448 12.5145244598389 12.5387477874756 12.8242492675781 13.0839824676514 13.1271438598633 13.3418998718262 13.6781167984009 14.0236845016479 14.3408546447754 14.4487075805664
15.5707139968872 16.4384727478027 17.3668270111084 17.4992332458496 16.3959827423096 15.2714672088623 14.7549114227295 14.3731327056885 14.0084495544434 14.0161619186401 14.1608848571777 14.201416015625 14.0854597091675 14.1575689315796 14.1583833694458 14.3021745681763 14.6032009124756 15.2365121841431 15.1164798736572 14.3881177902222 14.348952293396 14.6197643280029 14.6588163375854 14.3410739898682 13.8163480758667 13.4960842132568 13.0749711990356 12.6861743927002 12.624945640564 12.6895189285278 12.758996963501 12.8190965652466 12.9151744842529 12.9519004821777 13.0888576507568 13.0854578018188 12.7649364471436 12.4254379272461 12.3976421356201 12.4503574371338 12.6754951477051 13.0199375152588 13.221866607666 13.329761505127 13.3576726913452 13.4682674407959 13.526930809021
15.1002063751221 15.9533729553223 16.2995223999023 15.967399597168 15.3507480621338 14.6853199005127 14.6240329742432 14.3772068023682 13.9834909439087 13.896279335022 13.7892713546753 13.9083976745605 13.9705810546875 14.032190322876 13.9490623474121 14.0932149887085 14.2927389144897 14.698016166687 14.4981079101562 13.6795339584351 13.4436368942261 13.3826684951782 13.0720520019531 12.9789819717407 12.9689054489136 13.055835723877 12.7099151611328 12.3784494400024 12.3813467025757 12.444580078125 12.4869346618652 12.576605796814 12.8078451156616 12.7853155136108 13.0488662719727 13.1757774353027 12.9749565124512 12.5451097488403 12.3308639526367 12.4101009368896 12.5372333526611 12.825174331665 13.0929679870605 13.1543464660645 13.1964178085327 13.0561456680298 12.9951639175415
14.4003934860229 14.6891660690308 15.1140909194946 15.3746175765991 15.0080709457397 14.4917297363281 14.2357311248779 14.1144247055054 13.9025220870972 13.6868915557861 13.6609678268433 13.8285417556763 13.9636468887329 13.8685235977173 13.666841506958 13.8331136703491 13.9168996810913 13.9302434921265 13.9165620803833 13.4608192443848 13.0392513275146 12.8695621490479 12.7314701080322 12.5801010131836 12.6137008666992 12.4863710403442 12.1968126296997 12.2403917312622 12.3161888122559 12.3326082229614 12.3081007003784 12.4031219482422 12.5683288574219 12.8238716125488 12.9693670272827 12.9416160583496 12.8043489456177 12.4638805389404 12.3044605255127 12.3466033935547 12.4919891357422 12.8161964416504 12.9360389709473 13.0383672714233 13.0053224563599 12.789421081543 12.9755382537842
14.0924129486084 14.3808622360229 14.1808843612671 14.5467519760132 14.7299327850342 14.2360191345215 13.989782333374 14.0896072387695 13.9183006286621 13.5604467391968 13.6340169906616 13.7115478515625 13.6779537200928 13.5910320281982 13.3580646514893 13.5653162002563 13.6160144805908 13.7249088287354 13.2545251846313 13.073016166687 12.7476596832275 12.6047601699829 12.509126663208 12.3459796905518 12.4050760269165 12.2948570251465 12.1746597290039 12.2011117935181 12.2640066146851 12.3582286834717 12.3163070678711 12.3640375137329 12.4282894134521 12.6185598373413 12.7111549377441 12.6496667861938 12.4761962890625 12.3948526382446 12.257622718811 12.2854928970337 12.4803848266602 12.706298828125 12.8352632522583 12.8967084884644 12.8376607894897 12.7901830673218 12.8613891601562
13.3342409133911 13.6112766265869 14.0616769790649 14.3219728469849 14.351095199585 14.1332874298096 13.8410472869873 14.1415119171143 14.1221733093262 13.826623916626 13.8341331481934 13.7058486938477 13.5458145141602 13.1447563171387 12.9351930618286 12.9226551055908 12.9316329956055 12.9870710372925 12.9215822219849 12.8824644088745 12.7651519775391 12.602276802063 12.4667682647705 12.3308620452881 12.2186603546143 12.3157291412354 12.3173809051514 12.2770938873291 12.2448825836182 12.2982931137085 12.3432168960571 12.3499412536621 12.4173765182495 12.4721202850342 12.4523706436157 12.4563436508179 12.3143262863159 12.3955507278442 12.4235486984253 12.308985710144 12.3779525756836 12.6721935272217 12.730975151062 12.6738338470459 12.5350904464722 12.580810546875 12.5733823776245
12.9183731079102 12.7693004608154 13.0949211120605 13.5362157821655 14.1014442443848 14.0716409683228 13.5434141159058 13.7995805740356 14.0445032119751 13.7319955825806 13.7219514846802 13.3689594268799 13.3762836456299 13.1496229171753 12.7219524383545 12.8145227432251 12.8432540893555 12.8327789306641 12.8745832443237 12.7771778106689 12.6618824005127 12.6262741088867 12.6454515457153 12.4506416320801 12.3387813568115 12.4624071121216 12.4842901229858 12.4368782043457 12.3508653640747 12.3198728561401 12.333420753479 12.4328126907349 12.4995145797729 12.472149848938 12.4444608688354 12.3578815460205 12.3502798080444 12.393180847168 12.5252161026001 12.4861621856689 12.4153280258179 12.4865007400513 12.555739402771 12.5689725875854 12.5977611541748 12.7155952453613 12.7165679931641
12.803973197937 12.5682516098022 12.5296573638916 12.3881492614746 12.698543548584 13.0536460876465 13.2185754776001 13.5634117126465 13.5695657730103 13.5313272476196 13.3844242095947 13.1915826797485 13.2825193405151 13.1608867645264 12.7657146453857 12.8118209838867 12.9379014968872 12.995044708252 12.9173450469971 12.7284679412842 12.7689790725708 12.8126316070557 12.7425918579102 12.6491889953613 12.4926862716675 12.5527601242065 12.5922536849976 12.5515737533569 12.4198474884033 12.29283618927 12.3043098449707 12.4041614532471 12.4816751480103 12.4920597076416 12.3070602416992 12.2347192764282 12.3628940582275 12.4939088821411 12.5295867919922 12.5432357788086 12.5233821868896 12.482081413269 12.4896621704102 12.5190000534058 12.7020616531372 12.7784376144409 12.7468967437744
12.5899019241333 12.4748907089233 12.2424144744873 12.1052751541138 12.3069019317627 12.5695247650146 13.0241851806641 13.4389057159424 13.4759254455566 13.3967657089233 13.3885793685913 13.2329874038696 13.0536613464355 12.8554515838623 12.7253875732422 12.8849382400513 12.9334316253662 12.9110193252563 12.9835891723633 12.9416618347168 12.8199367523193 12.8198375701904 12.7422513961792 12.6056041717529 12.5354652404785 12.6492862701416 12.6756772994995 12.616138458252 12.5676765441895 12.5572748184204 12.4706430435181 12.4593057632446 12.5063066482544 12.3543519973755 12.2500047683716 12.3408823013306 12.4610929489136 12.4693126678467 12.5237770080566 12.5388870239258 12.5178413391113 12.5799789428711 12.6018342971802 12.6499662399292 12.7924270629883 12.8930587768555 12.9598264694214
12.5875434875488 12.357349395752 12.0249881744385 11.9246273040771 11.9223203659058 12.3152379989624 12.9249353408813 13.275218963623 13.3664073944092 13.2049884796143 13.4587001800537 13.5384035110474 13.244197845459 12.7913208007812 12.7262849807739 12.7660217285156 12.8032255172729 12.7982215881348 13.1568298339844 13.277928352356 12.8165588378906 12.7199420928955 12.5819025039673 12.4168300628662 12.4054803848267 12.4637079238892 12.6217050552368 12.544454574585 12.5470275878906 12.5903482437134 12.5042448043823 12.5200147628784 12.4954223632812 12.481014251709 12.4721765518188 12.4129114151001 12.301661491394 12.3795776367188 12.4027738571167 12.4495525360107 12.5725622177124 12.6524991989136 12.7095651626587 12.7502031326294 12.8991794586182 12.9170207977295 13.0193281173706
12.5239410400391 12.2677068710327 12.0222425460815 11.8334674835205 11.8438711166382 11.9487771987915 12.3491220474243 12.8392353057861 13.2385606765747 13.2172651290894 13.2794799804688 13.6012334823608 13.2930822372437 12.9137573242188 12.8262100219727 12.7350006103516 12.7972621917725 12.8904447555542 13.0107526779175 12.8168592453003 12.5633344650269 12.4368085861206 12.3441076278687 12.3897066116333 12.3665971755981 12.3570156097412 12.4251337051392 12.5785207748413 12.4950113296509 12.4386863708496 12.3891229629517 12.4097490310669 12.4378700256348 12.5560617446899 12.5400733947754 12.5133209228516 12.4055290222168 12.2258996963501 12.3071031570435 12.4230709075928 12.528980255127 12.5935468673706 12.7163057327271 12.8480701446533 12.8598947525024 12.9016485214233 13.000114440918
12.472617149353 11.9948654174805 11.8402891159058 11.7779808044434 11.7664918899536 11.9717559814453 12.1963195800781 12.7675743103027 13.0294456481934 13.3353576660156 13.3016538619995 13.4922466278076 13.3699960708618 13.0542697906494 12.9437389373779 12.8747663497925 12.9219675064087 12.8985872268677 12.7432231903076 12.4501819610596 12.4551916122437 12.2941484451294 12.2146167755127 12.1992588043213 12.351354598999 12.4803686141968 12.5480098724365 12.6432275772095 12.3983488082886 12.4092035293579 12.3750896453857 12.4420185089111 12.4320383071899 12.463475227356 12.4507732391357 12.4277391433716 12.412425994873 12.315990447998 12.3829183578491 12.4204940795898 12.5421705245972 12.6316890716553 12.7874631881714 12.8664054870605 12.9107961654663 12.9718599319458 13.2009019851685
12.3840951919556 11.813440322876 11.6819038391113 11.542179107666 11.6495141983032 11.949969291687 12.1020221710205 12.4451732635498 13.0282487869263 13.1599788665771 12.8526649475098 13.0508279800415 13.3735008239746 13.1265649795532 12.6918954849243 12.7876825332642 12.6435804367065 12.7155151367188 12.6408176422119 12.4407844543457 12.2656106948853 12.1102800369263 12.1730289459229 12.139500617981 12.1407432556152 12.2700414657593 12.3993244171143 12.5554208755493 12.4928493499756 12.5229558944702 12.5187568664551 12.4697074890137 12.3993101119995 12.4317502975464 12.4431428909302 12.4656858444214 12.4244003295898 12.3665084838867 12.6156244277954 12.607741355896 12.7385683059692 13.0316133499146 13.1624841690063 13.24534034729 13.1012325286865 13.0673522949219 13.2203760147095
12.432315826416 11.9531946182251 11.6213960647583 11.5202741622925 11.5669784545898 11.9022960662842 12.018837928772 12.0942125320435 12.6153545379639 12.9375400543213 12.993953704834 13.1752185821533 13.1342859268188 13.1098899841309 12.7353506088257 12.5619840621948 12.6654291152954 12.7893581390381 12.6540393829346 12.6882696151733 12.7691879272461 12.7749586105347 12.4107913970947 12.2423906326294 12.0999746322632 12.1571884155273 12.3102512359619 12.4822559356689 12.2735033035278 12.5760087966919 12.4427442550659 12.3959541320801 12.414174079895 12.3454818725586 12.4173097610474 12.448826789856 12.5153217315674 12.6179571151733 12.7626581192017 12.8364534378052 13.0090179443359 13.2540130615234 13.4444169998169 13.441722869873 13.2819414138794 13.1583032608032 13.1364793777466
12.1479244232178 12.0247964859009 11.8462924957275 11.7556638717651 11.5791711807251 11.587308883667 11.9394702911377 12.1727657318115 12.3771686553955 12.7592906951904 12.8213558197021 13.0046606063843 13.0998630523682 12.9884929656982 12.7980909347534 12.5881538391113 12.8472204208374 12.9575662612915 12.7160701751709 12.8347454071045 12.9583730697632 12.7971649169922 12.3770265579224 12.2197914123535 11.8794174194336 11.9579467773438 12.1755990982056 12.2842216491699 12.2743234634399 12.6571836471558 12.5716981887817 12.418116569519 12.2581644058228 12.3228073120117 12.3965539932251 12.4947624206543 12.5300388336182 12.4841642379761 12.6593132019043 12.9632940292358 13.1242752075195 13.2739410400391 13.4663066864014 13.3751888275146 13.1509017944336 13.3089056015015 13.2485876083374
11.9469566345215 11.9844989776611 11.8694896697998 11.7747135162354 11.674373626709 11.7162084579468 11.7722597122192 12.0592679977417 12.3529014587402 12.6224536895752 12.7336101531982 12.7126703262329 12.7690629959106 12.7957143783569 12.5481958389282 12.6118297576904 12.663857460022 13.1994113922119 12.670557975769 12.311785697937 12.339409828186 12.2110366821289 11.9245367050171 11.7805242538452 11.6089916229248 11.5650196075439 11.7050037384033 12.0626907348633 12.3334617614746 12.7361326217651 12.7236814498901 12.4432001113892 12.4272384643555 12.3591194152832 12.387396812439 12.4411849975586 12.4676094055176 12.660306930542 12.7109298706055 12.7246503829956 13.155366897583 13.5529012680054 13.606837272644 13.4544763565063 13.4618339538574 13.5602998733521 13.6307382583618
11.6920166015625 11.844614982605 11.738618850708 11.6536169052124 11.702187538147 11.8075580596924 11.9915170669556 12.0300149917603 12.2254543304443 12.5615530014038 12.6150369644165 12.4995021820068 12.789101600647 12.6615409851074 12.665696144104 12.7136192321777 12.49232006073 12.6280288696289 12.3844480514526 12.2596597671509 12.3976402282715 12.0748949050903 11.365119934082 11.5208234786987 11.3897590637207 11.3971748352051 11.4202527999878 11.6955528259277 12.0074901580811 12.6521911621094 12.7277584075928 12.5000791549683 12.5422086715698 12.3805446624756 12.4807119369507 12.4682483673096 12.4637870788574 12.5058078765869 12.5105381011963 12.8435029983521 13.4288568496704 13.7296237945557 13.7371292114258 13.5760869979858 13.5611524581909 13.5461721420288 13.7092618942261
11.5280017852783 11.5477638244629 11.5816488265991 11.5027675628662 11.5054035186768 11.7685194015503 12.2413158416748 12.3343591690063 12.2013397216797 12.2644653320312 12.2792224884033 12.4438362121582 12.5290994644165 12.4784936904907 12.7432174682617 12.7796535491943 12.5416307449341 12.3346509933472 12.2099781036377 11.7346153259277 11.8747339248657 11.7458410263062 11.2677097320557 10.9710321426392 10.9976606369019 11.0925331115723 10.9028301239014 10.8105669021606 11.3818473815918 12.2559852600098 12.7641515731812 12.6890296936035 12.6489887237549 12.4931735992432 12.4070043563843 12.429388999939 12.3696346282959 12.4127082824707 12.6536951065063 13.306266784668 13.7080993652344 13.8349895477295 13.9144315719604 13.5005588531494 13.2650680541992 13.4253664016724 13.8660192489624
