Ecospace-environmental-drivers/Outputs/ASCII-for-ecospace/ChlA/ChlA_X2005.12.asc
NCOLS 131 
NROWS 53 
XLLCORNER -98 
YLLCORNER 23.9265270233154 
CELLSIZE 0.133587792515755 
NODATA_value -3.4e+38 
[rows 0 to 20 of 53, columns 47 to 93 of 131]
-3.4e+38 -3.4e+38 -3.4e+38 -3.4e+38 -3.4e+38 -3.4e+38 -3.4e+38 -3.4e+38 -3.4e+38 -3.4e+38 -3.4e+38 -3.4e+38 -3.4e+38 -3.4e+38 -3.4e+38 -3.4e+38 -3.4e+38 -3.4e+38 -3.4e+38 -3.4e+38 -3.4e+38 -3.4e+38 -3.4e+38 -3.4e+38 -3.4e+38 -3.4e+38 -3.4e+38 -3.4e+38 -3.4e+38 -3.4e+38 -3.4e+38 -3.4e+38 -3.4e+38 -3.4e+38 -3.4e+38 -3.4e+38 -3.4e+38 -3.4e+38 -3.4e+38 -3.4e+38 -3.4e+38 -3.4e+38 -3.4e+38 -3.4e+38 -3.4e+38 -3.4e+38 -3.4e+38
-3.4e+38 -3.4e+38 -3.4e+38 -3.4e+38 -3.4e+38 -3.4e+38 -3.4e+38 -3.4e+38 -3.4e+38 -3.4e+38 -3.4e+38 -3.4e+38 -3.4e+38 -3.4e+38 -3.4e+38 -3.4e+38 -3.4e+38 -3.4e+38 -3.4e+38 -3.4e+38 -3.4e+38 -3.4e+38 -3.4e+38 -3.4e+38 -3.4e+38 -3.4e+38 -3.4e+38 -3.4e+38 -3.4e+38 -3.4e+38 -3.4e+38 -3.4e+38 -3.4e+38 -3.4e+38 -3.4e+38 -3.4e+38 -3.4e+38 -3.4e+38 -3.4e+38 -3.4e+38 -3.4e+38 -3.4e+38 -3.4e+38 -3.4e+38 -3.4e+38 -3.4e+38 -3.4e+38
-3.4e+38 -3.4e+38 -3.4e+38 -3.4e+38 -3.4e+38 -3.4e+38 -3.4e+38 -3.4e+38 -3.4e+38 -3.4e+38 -3.4e+38 -3.4e+38 -3.4e+38 -3.4e+38 -3.4e+38 -3.4e+38 -3.4e+38 -3.4e+38 -3.4e+38 -3.4e+38 -3.4e+38 -3.4e+38 -3.4e+38 -3.4e+38 -3.4e+38 -3.4e+38 -3.4e+38 -3.4e+38 -3.4e+38 -3.4e+38 -3.4e+38 -3.4e+38 -3.4e+38 -3.4e+38 -3.4e+38 -3.4e+38 -3.4e+38 -3.4e+38 -3.4e+38 -3.4e+38 -3.4e+38 -3.4e+38 -3.4e+38 -3.4e+38 -3.4e+38 -3.4e+38 -3.4e+38
-3.4e+38 -3.4e+38 -3.4e+38 -3.4e+38 -3.4e+38 -3.4e+38 -3.4e+38 -3.4e+38 -3.4e+38 -3.4e+38 -3.4e+38 -3.4e+38 -3.4e+38 -3.4e+38 -3.4e+38 -3.4e+38 -3.4e+38 -3.4e+38 -3.4e+38 -3.4e+38 -3.4e+38 -3.4e+38 -3.4e+38 -3.4e+38 -3.4e+38 -3.4e+38 -3.4e+38 18.0027389526367 20.2816562652588 -3.4e+38 -3.4e+38 -3.4e+38 -3.4e+38 -3.4e+38 14.9573259353638 14.6111440658569 -3.4e+38 -3.4e+38 -3.4e+38 -3.4e+38 14.9707002639771 -3.4e+38 -3.4e+38 -3.4e+38 -3.4e+38 -3.4e+38 -3.4e+38
-3.4e+38 -3.4e+38 -3.4e+38 -3.4e+38 -3.4e+38 -3.4e+38 -3.4e+38 -3.4e+38 -3.4e+38 -3.4e+38 -3.4e+38 13.9737958908081 -3.4e+38 -3.4e+38 -3.4e+38 -3.4e+38 -3.4e+38 -3.4e+38 -3.4e+38 -3.4e+38 20.8567810058594 19.4617710113525 -3.4e+38 -3.4e+38 -3.4e+38 12.0753078460693 -3.4e+38 13.3852691650391 9.08484172821045 -3.4e+38 -3.4e+38 -3.4e+38 -3.4e+38 -3.4e+38 15.9251823425293 13.796049118042 15.920636177063 15.0989780426025 12.6264705657959 12.0666408538818 13.7581281661987 -3.4e+38 -3.4e+38 -3.4e+38 -3.4e+38 -3.4e+38 -3.4e+38
-3.4e+38 -3.4e+38 -3.4e+38 -3.4e+38 -3.4e+38 -3.4e+38 -3.4e+38 -3.4e+38 15.8497409820557 14.8704490661621 16.6336727142334 14.2656526565552 10.8992719650269 14.3690395355225 -3.4e+38 -3.4e+38 -3.4e+38 15.8108177185059 19.0978908538818 19.7454319000244 18.9320621490479 18.8125019073486 19.1497745513916 19.5777835845947 18.7284145355225 17.9721202850342 14.7005453109741 16.152904510498 12.0385465621948 12.6496810913086 13.4452056884766 12.9786748886108 13.7802753448486 13.2465772628784 12.8262710571289 12.4441404342651 12.143967628479 11.6661348342896 11.5935525894165 11.5219717025757 11.4342021942139 11.5304660797119 12.0905799865723 13.531397819519 -3.4e+38 -3.4e+38 -3.4e+38
-3.4e+38 -3.4e+38 -3.4e+38 -3.4e+38 -3.4e+38 -3.4e+38 -3.4e+38 -3.4e+38 -3.4e+38 15.4427757263184 16.6916160583496 14.4756765365601 13.3234663009644 19.381368637085 23.4264965057373 19.6008033752441 20.1539306640625 19.515962600708 20.6268978118896 20.7307109832764 21.1921234130859 21.4207744598389 20.2296676635742 19.3036994934082 18.4610176086426 17.1376209259033 17.7911014556885 18.041088104248 15.2323274612427 13.8558750152588 12.8110084533691 12.4232244491577 12.9555110931396 12.7482404708862 13.2925758361816 13.9323053359985 13.9168395996094 13.5455904006958 13.0466108322144 13.1109018325806 12.9548511505127 12.4206590652466 11.8027238845825 13.3648662567139 14.5614528656006 -3.4e+38 -3.4e+38
-3.4e+38 -3.4e+38 -3.4e+38 -3.4e+38 -3.4e+38 -3.4e+38 -3.4e+38 -3.4e+38 -3.4e+38 -3.4e+38 17.4681797027588 15.4120225906372 13.6605157852173 13.9563102722168 17.5672721862793 19.1663627624512 18.250617980957 19.7870464324951 23.1053276062012 21.8279800415039 21.1197662353516 21.2223320007324 22.5048294067383 20.9786014556885 18.5602760314941 16.9423885345459 15.0371875762939 14.5736389160156 13.6201658248901 12.664098739624 12.4621105194092 12.2314586639404 12.4853258132935 13.0840721130371 13.5265645980835 13.4209251403809 13.4120302200317 13.0716600418091 13.3547601699829 13.9459199905396 14.2029466629028 14.3388614654541 12.7442798614502 12.4048862457275 13.9211540222168 15.285041809082 16.9683303833008
-3.4e+38 -3.4e+38 -3.4e+38 -3.4e+38 -3.4e+38 -3.4e+38 -3.4e+38 -3.4e+38 -3.4e+38 -3.4e+38 -3.4e+38 -3.4e+38 -3.4e+38 -3.4e+38 -3.4e+38 22.6690559387207 -3.4e+38 -3.4e+38 24.8985061645508 21.3126602172852 20.8246669769287 19.8768711090088 23.0880584716797 22.2272300720215 18.8636798858643 18.3523216247559 15.5720462799072 14.2771091461182 12.683723449707 11.9802722930908 12.5452642440796 13.4854173660278 13.6658906936646 13.6432313919067 13.2476787567139 13.0848684310913 13.1622896194458 12.7814083099365 12.7318000793457 13.1211833953857 14.1791830062866 14.9023418426514 13.6347761154175 12.6478023529053 12.583869934082 14.3610754013062 16.2826557159424
-3.4e+38 -3.4e+38 -3.4e+38 -3.4e+38 -3.4e+38 -3.4e+38 -3.4e+38 -3.4e+38 -3.4e+38 -3.4e+38 24.247730255127 24.3013343811035 -3.4e+38 -3.4e+38 -3.4e+38 -3.4e+38 -3.4e+38 23.4524917602539 21.7414112091064 22.2495403289795 23.8785858154297 21.7540168762207 20.8898582458496 18.8661670684814 18.3889312744141 17.1209087371826 15.6610078811646 14.6977519989014 13.1872959136963 12.5641775131226 13.0662384033203 13.8158321380615 13.8303813934326 13.4929895401001 13.2475452423096 12.992488861084 12.9079418182373 12.8990201950073 12.8155965805054 12.9688529968262 13.9488840103149 14.355863571167 14.0001163482666 13.1916599273682 13.0133438110352 14.6370258331299 16.4078960418701
39.9762649536133 -3.4e+38 -3.4e+38 -3.4e+38 -3.4e+38 -3.4e+38 -3.4e+38 -3.4e+38 -3.4e+38 -3.4e+38 -3.4e+38 -3.4e+38 -3.4e+38 -3.4e+38 -3.4e+38 15.4144983291626 22.9245090484619 23.2340679168701 22.4332885742188 23.5993480682373 25.3640880584717 22.6206912994385 20.3303623199463 18.5772342681885 18.4790287017822 16.3876438140869 16.348539352417 14.317232131958 13.7150611877441 14.3364667892456 14.337456703186 14.119086265564 13.5461292266846 13.5391788482666 13.2091016769409 12.9711828231812 12.8644313812256 13.0286664962769 13.0176486968994 12.9527025222778 13.3669748306274 14.0338554382324 14.1352214813232 13.0334224700928 13.1597537994385 14.8576831817627 16.7633495330811
28.7537517547607 34.0854187011719 -3.4e+38 -3.4e+38 -3.4e+38 -3.4e+38 -3.4e+38 -3.4e+38 -3.4e+38 -3.4e+38 -3.4e+38 -3.4e+38 -3.4e+38 23.5938148498535 -3.4e+38 -3.4e+38 21.1849842071533 22.7377281188965 21.376350402832 21.3861408233643 21.4049110412598 18.7116603851318 17.3489189147949 16.6335506439209 16.2889785766602 15.2752151489258 15.5251445770264 14.7201662063599 14.5029439926147 14.1659030914307 14.3926782608032 14.4691972732544 14.3047494888306 13.9580602645874 13.5871744155884 13.4688510894775 13.2006101608276 13.375922203064 13.1427841186523 13.0405015945435 12.8697900772095 13.3135375976562 13.5364103317261 13.4625329971313 14.4328603744507 15.6112203598022 16.9124393463135
23.2501392364502 28.9065322875977 31.1286716461182 -3.4e+38 -3.4e+38 -3.4e+38 -3.4e+38 -3.4e+38 22.8554821014404 20.3919010162354 -3.4e+38 -3.4e+38 18.6573123931885 22.3937072753906 23.6215209960938 25.3810844421387 -3.4e+38 21.0459098815918 22.636568069458 22.8738708496094 20.2067089080811 17.5485725402832 15.6588668823242 15.1278591156006 15.2216510772705 15.3634271621704 14.7076177597046 14.1850738525391 14.0769014358521 13.5869665145874 14.1039667129517 14.1412172317505 14.3799657821655 14.1567001342773 14.0978221893311 13.9742431640625 13.3411378860474 13.1206369400024 13.1498203277588 12.9578762054443 12.949273109436 13.3645582199097 13.3055772781372 13.5095462799072 14.1109275817871 14.4969434738159 14.8489179611206
20.0597496032715 19.4408416748047 19.1297454833984 18.8449172973633 18.5871925354004 18.6409225463867 17.778284072876 17.6024017333984 20.2915878295898 23.3177528381348 19.0829467773438 -3.4e+38 23.1061973571777 25.1392822265625 22.7330360412598 22.6855907440186 20.2830715179443 20.6340007781982 -3.4e+38 23.5572147369385 20.6156826019287 18.2658271789551 16.6581401824951 14.4908075332642 14.2349443435669 14.4509992599487 13.8062887191772 14.2247285842896 14.3800573348999 13.9331655502319 13.7857322692871 13.7934808731079 14.068564414978 13.666576385498 13.8594665527344 13.7353458404541 13.4646406173706 13.1608114242554 13.1165113449097 12.8722953796387 12.832218170166 13.4543561935425 13.5133609771729 13.2584791183472 13.7192831039429 14.188136100769 14.2017803192139
22.3296852111816 22.0261688232422 21.006196975708 20.688606262207 20.7413444519043 21.1787376403809 20.4803237915039 24.1997203826904 27.0399265289307 26.7223434448242 25.1330013275146 24.5584583282471 23.411096572876 19.9352130889893 19.2350234985352 20.4035224914551 22.0455474853516 20.5819759368896 26.5220794677734 21.9105339050293 20.7629432678223 17.5687522888184 16.6177501678467 14.4871063232422 14.0747556686401 13.3942813873291 13.3574523925781 14.9082527160645 16.4647693634033 16.4287662506104 14.9797477722168 14.2467422485352 14.6807308197021 14.0914449691772 13.4679002761841 13.6173105239868 13.5888500213623 13.8632860183716 13.7272348403931 13.2518873214722 13.302848815918 13.3099184036255 13.5485458374023 13.0372848510742 13.050669670105 13.1835861206055 13.7537355422974
22.0242519378662 22.4943408966064 23.7421817779541 23.8863334655762 22.4237976074219 21.5071144104004 21.5033874511719 22.5581283569336 23.1782474517822 24.4526195526123 22.4215145111084 20.1417751312256 18.0073699951172 17.4561309814453 18.9823551177979 19.9508075714111 20.5834255218506 20.2220268249512 20.414436340332 20.5705261230469 17.6319007873535 15.9525547027588 15.0606288909912 12.8458766937256 12.4148120880127 12.2847557067871 11.8279180526733 11.3201017379761 14.3651390075684 15.8855857849121 15.3677377700806 13.6619634628296 13.28932762146 12.8869934082031 12.8416624069214 12.9316864013672 12.9642095565796 13.0301141738892 13.3326845169067 13.2778100967407 13.5152320861816 13.4163484573364 13.2585468292236 13.0652952194214 13.1179084777832 13.4833602905273 13.8429040908813
19.8137245178223 21.6590251922607 23.3698234558105 23.4084625244141 21.3839435577393 20.2176895141602 21.149393081665 22.1935615539551 19.6441116333008 19.4656066894531 19.0874404907227 18.6650238037109 19.3349552154541 19.110034942627 19.6918354034424 18.4950256347656 18.4234752655029 18.9022922515869 18.1223411560059 15.5882797241211 14.6271266937256 14.1292123794556 11.8852806091309 11.1070852279663 11.2707586288452 11.4192399978638 11.2046785354614 11.1610250473022 12.7238683700562 14.4886207580566 12.9547204971313 12.5011463165283 11.7325496673584 11.7319688796997 13.3086137771606 13.0047607421875 13.2019691467285 12.9683094024658 13.5598468780518 13.1180553436279 13.3131198883057 13.370059967041 13.4043645858765 12.8747892379761 13.0877552032471 13.4637956619263 13.7094678878784
18.7003002166748 19.0067195892334 20.3339195251465 21.2272186279297 21.6472721099854 20.672233581543 20.4784164428711 19.7092342376709 17.9309368133545 17.2940540313721 18.2304267883301 17.5744647979736 15.875075340271 16.2575263977051 16.1969566345215 15.1589288711548 15.6251668930054 16.3655300140381 14.9426832199097 13.8483600616455 13.0241107940674 11.8712186813354 11.0020189285278 10.7774477005005 11.3782978057861 11.5166187286377 11.2692546844482 11.8066186904907 12.2863292694092 11.979344367981 11.5602321624756 11.6344242095947 11.4788303375244 11.38148021698 11.5270090103149 12.1036748886108 12.6386671066284 13.3726501464844 13.1956739425659 12.5929937362671 13.1842975616455 13.4012413024902 13.5704526901245 13.115161895752 13.1068162918091 13.4580965042114 14.0006265640259
15.4298038482666 15.8848314285278 16.3433647155762 16.4272003173828 16.9064979553223 17.7720355987549 17.4917068481445 17.8068714141846 15.6566028594971 15.1421813964844 15.967830657959 15.2036437988281 14.10910987854 13.2055168151855 13.0415935516357 13.7043771743774 13.5627450942993 13.3306179046631 12.0184516906738 11.3000078201294 11.1405878067017 10.9709796905518 11.1658306121826 11.1393299102783 11.5182189941406 11.7934598922729 11.4931650161743 11.6158046722412 11.4910774230957 11.2666893005371 11.2834444046021 11.2431497573853 11.5736093521118 10.9229717254639 11.1331481933594 11.0668992996216 12.001522064209 13.4281644821167 13.0017766952515 12.5875024795532 12.9612903594971 12.8972406387329 13.1396799087524 13.1872129440308 13.2224769592285 13.19202709198 13.7412376403809
14.2817087173462 13.7501096725464 14.1778173446655 15.1721258163452 15.8308362960815 16.1366596221924 14.8546466827393 14.8455257415771 15.8807344436646 14.9569826126099 14.5908260345459 14.2676839828491 13.7022533416748 12.9193239212036 12.1998920440674 11.9657602310181 11.6578197479248 11.8622608184814 11.2988939285278 10.8878021240234 10.3678283691406 10.6331491470337 10.8636064529419 11.2816343307495 11.4865646362305 12.1230363845825 12.0427646636963 11.9404640197754 10.8941984176636 10.7215757369995 10.9559507369995 11.2883358001709 11.4527587890625 11.3126277923584 10.8915014266968 10.7576484680176 11.0348291397095 11.8655347824097 11.762378692627 11.7273378372192 12.2183675765991 12.3140811920166 12.4730243682861 12.877872467041 13.1355676651001 13.2810764312744 13.5020198822021
13.9235229492188 13.7658777236938 14.1244382858276 13.8589735031128 14.1882829666138 14.1747541427612 13.750319480896 13.5191659927368 14.2339324951172 14.3910026550293 14.6518335342407 14.2653951644897 13.1258773803711 12.2148962020874 11.9784078598022 11.5954828262329 11.3644075393677 11.3851003646851 10.8097448348999 10.3787784576416 10.266697883606 10.5221500396729 10.6870670318604 11.3456230163574 11.367636680603 11.7410564422607 12.2463970184326 11.6225643157959 10.6778650283813 10.6457509994507 11.6764984130859 12.140832901001 12.1647233963013 12.0035047531128 11.6131210327148 11.0033273696899 11.0794258117676 10.5690717697144 10.620922088623 10.84681224823 11.3071537017822 11.647705078125 12.4271717071533 12.8050565719604 12.9982852935791 13.0867967605591 13.139856338501
