Ecospace-environmental-drivers/Outputs/ASCII-for-ecospace/ChlA/ChlA_X2014.04.asc
NCOLS 131 
NROWS 53 
XLLCORNER -98 
YLLCORNER 23.9265270233154 
CELLSIZE 0.133587792515755 
NODATA_value -3.4e+38 
[rows 21 to 41 of 53, columns 47 to 93 of 131]
7.39214038848877 5.71164894104004 5.15039348602295 4.98398876190186 5.15309190750122 5.15055561065674 5.84527063369751 6.6056170463562 7.18380212783813 7.21146488189697 6.34245634078979 4.6714506149292 6.07303380966187 6.42811441421509 7.47386693954468 7.58496236801147 7.27730989456177 8.07001399993896 8.73315906524658 9.7726411819458 8.95519828796387 8.56319141387939 8.00605869293213 6.53553295135498 6.90092897415161 6.96022033691406 7.41184377670288 7.56741189956665 8.1694450378418 7.71603107452393 7.49287891387939 7.26606607437134 6.73334741592407 7.91488456726074 6.85879755020142 7.75762319564819 8.2199764251709 7.8793158531189 7.5376615524292 8.01992893218994 7.85358047485352 7.89665365219116 7.88166904449463 7.98276567459106 8.11636734008789 7.81836891174316 7.84468555450439
6.49302864074707 6.42102479934692 5.66032266616821 6.36668395996094 5.30293369293213 4.89877080917358 5.25222969055176 5.30052089691162 5.55463790893555 6.0371470451355 4.50906801223755 4.25622940063477 5.20227766036987 4.66947650909424 5.10799598693848 6.01047086715698 6.71424531936646 6.93768310546875 7.9364767074585 8.69158363342285 7.68297433853149 7.13760709762573 6.87077474594116 6.84998941421509 7.28515434265137 7.34397172927856 7.1753044128418 7.39136648178101 7.64661693572998 7.59409952163696 7.07103109359741 6.645179271698 6.50035524368286 6.47153377532959 7.60459899902344 7.8953800201416 7.82168245315552 7.38271951675415 7.24707126617432 7.39063167572021 7.51415824890137 7.73488140106201 7.46565580368042 8.00291156768799 8.27827930450439 8.33812236785889 7.62484645843506
6.61458492279053 6.14827346801758 6.99724340438843 7.05526304244995 5.8344292640686 5.44244861602783 5.20003175735474 5.8947548866272 4.77853918075562 5.37871551513672 4.99569225311279 5.81279754638672 5.32208967208862 3.8155825138092 4.54290151596069 4.49115180969238 4.48408889770508 6.79379653930664 7.50409460067749 6.89911842346191 6.70117378234863 6.13836002349854 6.95906782150269 7.27925682067871 7.4955039024353 7.21172904968262 7.29728889465332 7.08717107772827 7.09101724624634 6.87098932266235 7.0768518447876 7.00327634811401 6.58264923095703 7.05306243896484 7.65382099151611 7.80421304702759 7.62319564819336 7.16630601882935 7.41655921936035 7.42519187927246 7.17078351974487 7.76632881164551 7.79752206802368 7.92674446105957 7.71124839782715 9.37532329559326 8.64828395843506
4.31044101715088 5.60516881942749 6.50899934768677 7.17527914047241 5.84818077087402 6.48652315139771 5.84663724899292 5.09010457992554 4.74537563323975 5.05803823471069 5.03993368148804 4.96449041366577 3.3819682598114 3.59043860435486 5.62695598602295 4.27865600585938 3.89352679252625 5.45849180221558 6.26035070419312 6.78009700775146 6.67554378509521 6.72101259231567 7.15373516082764 7.66864967346191 7.71198987960815 7.78123617172241 7.84255409240723 8.11847877502441 7.31395626068115 7.16928100585938 6.91596078872681 7.21524572372437 7.30962228775024 7.26606559753418 7.37612152099609 7.6598105430603 7.33120536804199 7.85787439346313 8.1301965713501 8.10433483123779 7.63472652435303 7.55917501449585 8.0136890411377 7.60507869720459 7.23753452301025 7.83037281036377 7.37848281860352
4.44873476028442 5.82418298721313 7.06623125076294 5.97425651550293 5.12141370773315 6.38033676147461 6.49029541015625 5.78507041931152 5.32049560546875 6.33248233795166 5.9147310256958 5.00575590133667 4.34709453582764 4.59636259078979 4.11668109893799 3.4319052696228 4.01866102218628 5.24283695220947 6.35914659500122 7.33771419525146 7.29062843322754 7.38651084899902 7.39199256896973 7.90984010696411 7.92257595062256 7.82783842086792 7.74514579772949 7.36287927627563 7.61282777786255 7.50989532470703 7.62920522689819 7.42090940475464 7.14812231063843 6.93353939056396 7.50657081604004 7.41096353530884 7.73191452026367 8.11034107208252 8.02645778656006 8.16980457305908 7.14232778549194 7.3025598526001 7.71197652816772 7.55771350860596 7.75714874267578 8.30672168731689 7.22376489639282
4.86807346343994 6.04736185073853 6.77026462554932 5.77818822860718 5.24333620071411 5.60631561279297 5.80866241455078 5.35912466049194 5.28069972991943 4.58419370651245 3.59974598884583 2.27548217773438 4.65785646438599 6.00357484817505 5.98241853713989 3.86827826499939 4.76970624923706 5.87419033050537 5.51798105239868 6.70995712280273 6.75167608261108 7.28638982772827 7.79398918151855 7.927490234375 7.73216247558594 7.92563390731812 7.92418670654297 7.52433919906616 7.37941884994507 7.63556241989136 7.94148969650269 7.41668462753296 7.11261558532715 7.30884981155396 7.82319736480713 8.3205623626709 8.84083366394043 8.90635967254639 8.14612579345703 7.37255620956421 7.51582908630371 7.4459810256958 6.60501337051392 7.64703321456909 8.08752536773682 8.10263156890869 7.49097728729248
5.28354644775391 5.81058073043823 6.10180521011353 6.08583784103394 5.86793088912964 5.61550569534302 5.1083779335022 4.90918016433716 5.07703161239624 4.87108421325684 4.57773733139038 4.80308485031128 4.69475650787354 5.55521488189697 5.45990228652954 5.61789035797119 5.29061555862427 5.20264482498169 5.33455467224121 6.35228443145752 7.37224864959717 7.35145854949951 8.25575160980225 8.22298145294189 7.66609716415405 7.57850742340088 7.69946098327637 7.72161245346069 7.33765411376953 7.55671310424805 7.70114660263062 7.68248081207275 7.61309194564819 7.86977672576904 8.03042984008789 8.69808483123779 9.28217506408691 9.48162174224854 9.87568092346191 8.90229797363281 6.54396152496338 7.49672985076904 8.07230186462402 6.63574504852295 6.8019552230835 -3.4e+38 -3.4e+38
5.18909883499146 5.80113792419434 4.99085187911987 5.67617034912109 4.98669862747192 4.41018295288086 5.53675746917725 6.09834766387939 6.04370498657227 6.15145921707153 5.56573343276978 5.65837335586548 5.96166753768921 6.14748954772949 6.13670635223389 6.11754035949707 6.11577701568604 5.67043304443359 5.62376832962036 5.78291463851929 7.49669122695923 7.78799676895142 8.47538089752197 8.78493595123291 8.16537666320801 7.83699703216553 7.61021947860718 8.11287975311279 6.99340534210205 7.01223134994507 7.46282291412354 7.64066791534424 8.05521011352539 7.79993200302124 8.29812335968018 8.61321926116943 8.67885780334473 8.34462356567383 8.32801914215088 9.34679412841797 6.68610715866089 5.89230537414551 7.51552152633667 6.43143224716187 6.05504608154297 7.2673921585083 7.59665155410767
5.03417158126831 5.38286542892456 6.20138692855835 5.62783622741699 5.80481910705566 5.4031777381897 4.97006225585938 5.34644031524658 6.13161373138428 6.36066579818726 5.69017362594604 4.85646486282349 5.2263879776001 5.82147169113159 5.8194637298584 6.13508415222168 6.46133947372437 5.51629543304443 6.82375574111938 6.69622802734375 7.15253782272339 7.46256017684937 7.3755202293396 7.83011102676392 8.22120094299316 8.20871734619141 8.4085521697998 8.59305572509766 7.55745792388916 7.5783486366272 7.10816097259521 7.39333057403564 7.77525949478149 8.34839248657227 7.72208452224731 7.04733085632324 5.89759492874146 6.61389017105103 8.30217361450195 9.29925060272217 9.28650188446045 6.91217422485352 7.29400491714478 7.44461059570312 6.54741668701172 7.63401317596436 7.63159990310669
5.31947994232178 5.53675222396851 5.15927505493164 5.31892061233521 5.26624774932861 5.5897855758667 5.75747585296631 6.0421314239502 6.1420202255249 5.80572128295898 5.97769927978516 4.63793849945068 5.78829383850098 6.51364040374756 5.94625568389893 5.53051519393921 6.24230432510376 5.99560070037842 6.18748378753662 6.66367435455322 7.26096725463867 7.06985378265381 7.31706428527832 7.76743793487549 7.28935670852661 7.9637451171875 8.2098274230957 7.30754041671753 7.06480884552002 7.50160598754883 6.92306709289551 7.44410276412964 7.34227514266968 7.41507768630981 6.97987079620361 6.11829042434692 6.05595016479492 6.55107831954956 8.52986526489258 8.85319423675537 8.76148891448975 7.90537929534912 7.33085060119629 7.48714733123779 7.2314887046814 7.46689796447754 7.40996599197388
6.15056562423706 5.69616842269897 5.59172201156616 5.88516712188721 5.67157745361328 5.63880491256714 6.08255338668823 6.10490560531616 5.95398807525635 6.15160846710205 5.88531541824341 5.48720979690552 5.26073980331421 6.03763723373413 6.12888765335083 5.95801019668579 5.83134984970093 6.07703685760498 6.06394910812378 6.5638313293457 7.01028728485107 6.8852653503418 7.65516996383667 7.25676488876343 7.73782205581665 7.65571212768555 8.23130035400391 7.89802503585815 -3.4e+38 9.40912246704102 8.56502246856689 7.61270999908447 6.84573316574097 6.56591367721558 6.49436712265015 6.73349714279175 6.57611131668091 7.28400087356567 9.10179233551025 8.59792232513428 8.48020935058594 7.82761430740356 7.22924089431763 7.588303565979 7.75518274307251 7.86707925796509 7.55716609954834
5.67981672286987 5.56721925735474 5.34920310974121 5.73635578155518 5.64366865158081 5.79487657546997 5.65707349777222 5.40161561965942 5.56045389175415 6.0599422454834 5.89410352706909 6.1525182723999 5.78121471405029 5.90694665908813 6.09732532501221 5.59675359725952 5.83029460906982 5.35523223876953 6.19731855392456 6.35154724121094 6.80333662033081 7.15711688995361 7.26227045059204 7.57912826538086 7.91550540924072 9.20636749267578 10.2791757583618 8.26482391357422 8.48798179626465 8.02234935760498 7.75243759155273 7.04277467727661 6.38430404663086 6.31070041656494 6.48415946960449 6.49219131469727 7.04145908355713 7.11114931106567 8.18605422973633 8.60204792022705 9.11358642578125 8.24034118652344 7.48974609375 7.75452899932861 7.72253942489624 -3.4e+38 8.01422595977783
5.40699148178101 5.5294771194458 6.18973302841187 6.31072854995728 6.05535697937012 5.63435459136963 5.05392837524414 5.29694271087646 5.93628931045532 6.14073991775513 6.16794061660767 6.41401386260986 6.35561847686768 6.14627647399902 5.98872423171997 5.83152294158936 5.73665952682495 5.62646484375 5.79585456848145 6.33491086959839 6.72963619232178 6.91646766662598 7.32942152023315 7.7492413520813 8.50355529785156 9.88333320617676 9.20052719116211 7.7591986656189 7.74891471862793 7.94715547561646 7.87936305999756 6.22719383239746 6.29042720794678 6.70798301696777 6.67732286453247 6.76660251617432 6.53285789489746 6.71931791305542 7.31068229675293 8.2255973815918 8.37669086456299 8.17800235748291 7.36221361160278 7.74087524414062 8.25332736968994 8.25632381439209 7.60444259643555
5.35957098007202 4.7004132270813 5.49654769897461 5.60271453857422 5.06113767623901 5.56591653823853 5.43260192871094 5.45246696472168 5.90340900421143 6.12571096420288 6.34526634216309 6.47271776199341 5.94928646087646 5.86915349960327 5.46296787261963 5.96499729156494 5.74965333938599 5.88107347488403 5.99605751037598 5.92888450622559 6.55964660644531 7.45995473861694 7.69369888305664 8.65737056732178 9.06027507781982 8.75297451019287 8.03982639312744 7.43771934509277 7.77305269241333 7.99952983856201 8.60439491271973 6.74379873275757 6.62920331954956 6.82241010665894 6.65126323699951 6.56168222427368 6.38316011428833 7.01661252975464 7.39188718795776 7.53386926651001 7.67151784896851 7.6987361907959 6.84090089797974 7.44168186187744 7.3980541229248 7.616126537323 7.55615234375
5.53603172302246 4.59807252883911 5.20486497879028 5.70176935195923 7.54750299453735 5.86594390869141 5.9047417640686 5.87759590148926 6.04653167724609 6.11747121810913 6.33811378479004 6.61232042312622 6.5233359336853 6.44515752792358 5.93948841094971 6.09157466888428 6.25815916061401 6.19631958007812 6.01621246337891 6.37033176422119 6.62349653244019 7.57030630111694 8.25778102874756 8.48846435546875 8.57534217834473 8.61961555480957 8.76536655426025 5.92562580108643 -3.4e+38 7.90603590011597 7.16526508331299 6.61269617080688 6.87210941314697 6.50327920913696 6.86040115356445 6.73734664916992 6.48374605178833 6.68293523788452 7.32584285736084 7.36035490036011 8.01589488983154 7.91663217544556 7.5396089553833 7.28949737548828 7.25293684005737 7.75236654281616 7.6532187461853
6.57147073745728 6.66003561019897 7.3431830406189 7.81704807281494 6.78284072875977 5.44439315795898 5.20463848114014 5.61907720565796 6.1352858543396 5.92794990539551 5.91823768615723 6.50556135177612 6.50017356872559 6.24951219558716 6.19879961013794 5.90812540054321 6.70588541030884 6.3147120475769 6.65920782089233 7.06160116195679 7.34087753295898 7.23583555221558 8.06571006774902 7.32627058029175 8.66368103027344 9.06539821624756 8.97075653076172 7.95707130432129 8.29676818847656 8.83888626098633 7.84668302536011 6.64782476425171 7.75534963607788 6.63996696472168 6.50827693939209 6.77939367294312 6.35006380081177 6.3516902923584 7.47193288803101 7.4818286895752 8.10147380828857 7.86618232727051 7.4431586265564 7.45225858688354 7.64344120025635 7.53002691268921 7.79469156265259
6.85647821426392 -3.4e+38 7.9951024055481 6.08941555023193 5.97396278381348 5.68453598022461 5.52289247512817 5.44166469573975 6.0849232673645 5.87013816833496 6.04561376571655 6.46909856796265 6.63808155059814 6.50353717803955 6.51094961166382 6.54507637023926 6.74734306335449 6.81927537918091 7.01854038238525 6.95412588119507 6.92247104644775 7.28918647766113 6.77024126052856 8.1943416595459 8.22337245941162 8.21215152740479 9.13757610321045 8.65796279907227 9.15381813049316 8.37717151641846 7.40910625457764 7.43088006973267 7.4726676940918 6.98992300033569 6.49525022506714 6.22106790542603 6.27521467208862 6.29765892028809 6.68502283096313 7.34627151489258 7.78575277328491 7.86979532241821 7.47338533401489 7.19294834136963 7.74046611785889 8.17697715759277 8.00325298309326
-3.4e+38 -3.4e+38 -3.4e+38 5.01930856704712 5.83466577529907 5.3299617767334 5.992347240448 5.51847076416016 5.99948644638062 5.95702600479126 6.61676692962646 6.45305871963501 6.84084844589233 6.13291501998901 6.0546875 6.04793643951416 6.94467401504517 7.25680303573608 7.39732122421265 6.48173093795776 6.37467050552368 7.53416299819946 9.16734504699707 8.62379550933838 8.46272373199463 8.76714134216309 8.16015434265137 7.85775136947632 6.96818256378174 7.61912775039673 7.76615476608276 7.55123233795166 7.30217885971069 6.86838436126709 6.68179178237915 6.33561754226685 6.40633058547974 6.65648889541626 6.73724174499512 6.35016632080078 6.95052719116211 6.91279602050781 7.20069789886475 7.51734495162964 7.53693294525146 7.73452043533325 8.40820503234863
6.12520456314087 3.85307216644287 3.27809715270996 4.14799451828003 5.22845888137817 5.80563449859619 5.80449867248535 6.01263046264648 5.91221952438354 6.11121511459351 6.15757465362549 6.49112987518311 6.95311737060547 6.9181022644043 6.93077898025513 7.08559322357178 6.88022136688232 7.23803043365479 7.13326597213745 6.68054056167603 7.06078433990479 7.48613166809082 8.78972911834717 8.98481273651123 8.56789779663086 8.79465770721436 8.05290126800537 7.71602630615234 7.90228271484375 7.82720422744751 7.69546270370483 7.32270669937134 6.87542009353638 6.96120548248291 7.35602617263794 6.84366941452026 6.72642087936401 6.58342742919922 6.84285402297974 6.87152910232544 7.00838804244995 5.76292943954468 6.81335639953613 7.76821756362915 7.57759046554565 6.81208658218384 7.39822340011597
4.79433059692383 5.0056676864624 4.52954244613647 6.66237497329712 7.75827932357788 7.30394840240479 5.5052924156189 5.53629779815674 5.9529767036438 6.77723598480225 6.22934007644653 6.27610492706299 7.17443799972534 7.12916660308838 7.11949872970581 6.86934375762939 6.96915531158447 6.53396606445312 6.62542533874512 6.57697820663452 7.02957487106323 7.03816890716553 9.10077571868896 9.09386444091797 8.21077919006348 8.29802227020264 8.62386703491211 7.98783588409424 7.92049598693848 7.67917060852051 7.59492158889771 7.25889778137207 7.0254955291748 6.9427809715271 7.03048896789551 6.80551433563232 6.82598543167114 6.69194030761719 6.67132616043091 7.36438417434692 7.819167137146 7.07175159454346 8.1553373336792 7.5937647819519 7.22835397720337 6.90631008148193 6.99019145965576
-3.4e+38 -3.4e+38 -3.4e+38 -3.4e+38 7.45971441268921 6.47607088088989 6.24760723114014 6.33485746383667 6.61294031143188 5.83486461639404 5.87949752807617 5.54551315307617 6.08853101730347 7.69724416732788 7.49929714202881 7.16540622711182 6.64688968658447 6.18592882156372 6.22224044799805 6.67755460739136 6.78751993179321 7.16375780105591 8.12335395812988 9.12862968444824 8.51664352416992 8.57333469390869 9.02063083648682 8.75262832641602 8.48490715026855 8.22365283966064 7.98548984527588 7.82901573181152 6.84748220443726 6.56323719024658 6.82089185714722 7.19060039520264 6.8183445930481 6.6632022857666 7.24724721908569 7.79824066162109 7.5774393081665 7.99741983413696 7.93569231033325 7.90830659866333 7.83252286911011 7.80206060409546 7.86624813079834
