Ecospace-environmental-drivers/Outputs/ASCII-for-ecospace/ChlA/ChlA_X2022.04.asc
NCOLS 131 
NROWS 53 
XLLCORNER -98 
YLLCORNER 23.9265270233154 
CELLSIZE 0.133587792515755 
NODATA_value -3.4e+38 
[rows 21 to 41 of 53, columns 47 to 93 of 131]
13.1080150604248 13.2968130111694 13.2673368453979 13.1037406921387 13.1399526596069 13.1728200912476 13.3891172409058 13.3535070419312 13.4969873428345 13.8652296066284 13.6464824676514 13.5173091888428 13.9705610275269 13.2989387512207 13.0494909286499 12.9180431365967 12.3162097930908 12.4194936752319 14.1947546005249 15.1753711700439 13.7024030685425 14.1992530822754 15.0443773269653 13.9290285110474 14.9144763946533 17.159236907959 16.1392383575439 15.0607004165649 14.1143789291382 12.9344282150269 12.7386360168457 12.5404062271118 12.2853708267212 12.0624170303345 11.8878393173218 -3.4e+38 -3.4e+38 -3.4e+38 -3.4e+38 -3.4e+38 -3.4e+38 13.0032291412354 13.0882368087769 14.4122266769409 17.4457206726074 14.8061971664429 17.7637767791748
12.8692359924316 12.9981298446655 12.8556718826294 12.9317359924316 13.1431083679199 13.2942390441895 13.2575254440308 13.2787771224976 13.496132850647 13.3868179321289 13.2297029495239 13.1168632507324 13.2289485931396 13.1013193130493 13.1035242080688 13.0649690628052 13.1781520843506 13.8869047164917 18.0638465881348 18.2369575500488 15.1949338912964 14.4262790679932 16.1763000488281 13.4707775115967 13.3250102996826 13.9147939682007 13.9957876205444 13.5956687927246 12.8608446121216 12.5468502044678 12.7998752593994 12.8218717575073 12.6611967086792 12.0671339035034 11.5595941543579 -3.4e+38 -3.4e+38 -3.4e+38 -3.4e+38 11.3811635971069 11.5131826400757 12.5342426300049 12.8625335693359 14.9248313903809 16.9491672515869 17.3004722595215 17.6391468048096
12.722020149231 12.9462928771973 12.7288341522217 12.7142791748047 12.7814064025879 12.7842664718628 12.9743690490723 13.1197185516357 13.1115322113037 13.4317607879639 13.5816602706909 13.26096534729 12.9486389160156 12.7651567459106 13.2440271377563 16.0467376708984 17.4778614044189 17.7198848724365 19.6253719329834 18.0989227294922 15.1330757141113 14.8569250106812 15.1601858139038 14.0860939025879 13.1978387832642 13.1499586105347 12.8463935852051 12.6770486831665 12.7389011383057 12.6956720352173 12.3366594314575 12.3791971206665 12.7173309326172 12.0311937332153 11.3678169250488 11.1165761947632 -3.4e+38 -3.4e+38 11.4162759780884 11.4608783721924 11.7308874130249 11.9938154220581 12.3247871398926 13.4580707550049 15.905442237854 15.8635940551758 15.2893323898315
12.7635688781738 12.9145317077637 12.7705841064453 12.5241870880127 12.5607814788818 12.5689630508423 12.6031742095947 12.825737953186 12.958233833313 12.8636569976807 13.0134353637695 12.9409990310669 12.904688835144 12.7248067855835 13.380051612854 18.1758117675781 15.8553829193115 16.1014251708984 17.1300182342529 16.1800899505615 13.9330282211304 13.3830642700195 13.9173641204834 13.0566339492798 12.6652202606201 12.5792779922485 12.4798717498779 12.5586385726929 12.8379020690918 13.1864356994629 12.9503240585327 12.5626611709595 12.3497142791748 11.8826665878296 11.4447059631348 11.2384004592896 11.0851697921753 11.2842044830322 11.4075012207031 11.6543846130371 11.852147102356 12.1455297470093 12.2574729919434 12.9522790908813 14.6934366226196 16.7263774871826 15.5716991424561
12.8201417922974 12.8381071090698 12.8701820373535 12.6593971252441 12.6225271224976 12.4634695053101 12.2689847946167 12.5173425674438 12.8416709899902 12.7886943817139 12.8058052062988 12.8936548233032 12.9176683425903 12.8817653656006 12.4718999862671 14.1783809661865 15.7585010528564 15.6678218841553 16.4555015563965 15.2019128799438 13.169695854187 12.7107028961182 13.2817516326904 12.4223308563232 12.3565807342529 12.3454446792603 12.405574798584 12.3238925933838 12.5447158813477 12.835015296936 12.7495574951172 12.4917640686035 12.266863822937 12.0023965835571 11.474217414856 11.3742647171021 11.1304426193237 11.2599363327026 11.2552480697632 11.4811639785767 11.8238162994385 12.0812158584595 12.3603210449219 12.6858987808228 13.4929599761963 16.7818717956543 15.8602781295776
12.6603469848633 12.7691812515259 12.6917190551758 12.61643409729 12.5884828567505 12.3941144943237 12.264289855957 12.3716945648193 12.5337495803833 12.6877813339233 12.7779684066772 12.9161510467529 13.0316524505615 13.1100664138794 12.7248458862305 12.8056354522705 14.0253810882568 15.5418939590454 15.2247381210327 13.6286659240723 12.8486337661743 12.7080097198486 12.9116172790527 12.6517353057861 12.2643184661865 12.0743722915649 12.1387071609497 12.0559787750244 12.1314487457275 12.2952289581299 12.3414354324341 12.471734046936 12.2721815109253 11.578857421875 11.3846893310547 11.2109136581421 11.1658754348755 11.2926607131958 -3.4e+38 11.1978607177734 11.747368812561 12.0858163833618 12.181529045105 12.4117565155029 12.7620515823364 17.3096504211426 16.2961597442627
12.6385879516602 12.7578678131104 12.6943988800049 12.540563583374 12.5669097900391 12.4581089019775 12.2636260986328 12.1133375167847 12.4816522598267 12.7473592758179 12.8814840316772 13.1426115036011 13.045018196106 13.1313562393188 13.0418558120728 13.010498046875 13.1548166275024 13.0250806808472 14.2254686355591 13.7426223754883 13.3155784606934 13.3675765991211 12.6618423461914 12.4104614257812 12.3573551177979 11.9629154205322 11.8505325317383 11.9424285888672 12.2903499603271 12.3106575012207 12.2910270690918 12.4601345062256 11.9336757659912 11.3351764678955 11.1528263092041 11.2125024795532 11.2446565628052 11.1817169189453 -3.4e+38 -3.4e+38 11.6038846969604 11.8996229171753 12.1724443435669 12.2973937988281 12.5117826461792 15.8948564529419 15.7559995651245
12.3138008117676 12.5332984924316 12.6770162582397 12.6212034225464 12.7984800338745 12.7723894119263 12.4334163665771 12.0974550247192 12.0602521896362 12.5548524856567 12.9006242752075 13.1069822311401 13.297324180603 13.3290319442749 13.3226480484009 13.2687864303589 13.240777015686 13.2311582565308 13.189847946167 13.6336164474487 13.4387187957764 12.9487352371216 12.2593660354614 12.4758787155151 12.2828254699707 11.8505439758301 11.8610458374023 11.7783908843994 12.1838064193726 12.4420394897461 12.2990751266479 12.1579713821411 11.7364587783813 11.451192855835 11.1733961105347 11.5132122039795 11.5804748535156 11.130690574646 11.017894744873 11.0608339309692 11.1638603210449 11.6060047149658 12.0538244247437 12.0641803741455 12.3845014572144 14.9426460266113 14.8064346313477
11.9899559020996 12.2490949630737 12.3453617095947 12.3894386291504 12.4667644500732 12.6404066085815 12.6036729812622 12.3120946884155 12.2431983947754 12.7486734390259 12.8604030609131 13.1936817169189 13.4829435348511 13.4079132080078 13.5213804244995 13.4190053939819 13.2561407089233 13.1524295806885 12.8414325714111 12.8227243423462 12.9424333572388 12.8360681533813 12.3012456893921 12.1823577880859 11.9338121414185 12.040678024292 12.5232954025269 12.9187135696411 12.3230381011963 12.1225252151489 12.0510721206665 11.8995237350464 11.3677444458008 10.9608783721924 11.527946472168 11.5390815734863 11.3801956176758 11.1200265884399 11.0712490081787 11.051495552063 11.1356449127197 11.3160715103149 11.6878604888916 11.9217262268066 11.8303813934326 14.8488712310791 14.7704238891602
11.7444429397583 12.0133762359619 12.3195543289185 12.597451210022 12.531888961792 12.6721382141113 12.616494178772 12.264196395874 12.1636877059937 12.6939353942871 12.9072065353394 13.2354745864868 13.3016767501831 13.2730798721313 13.3671541213989 13.5173654556274 13.1882371902466 13.0058403015137 12.9846477508545 12.9733200073242 12.9135894775391 13.0663280487061 13.1081562042236 13.0868425369263 13.2871189117432 13.1349449157715 12.8917436599731 12.8258857727051 12.83726978302 12.2592792510986 11.8976564407349 11.3935565948486 -3.4e+38 -3.4e+38 10.8721513748169 10.8575668334961 11.1354522705078 11.2893981933594 11.0770950317383 11.0741834640503 10.9939365386963 11.1336231231689 11.2675285339355 -3.4e+38 -3.4e+38 -3.4e+38 15.7602109909058
11.7603187561035 12.0611877441406 12.4456377029419 12.7501659393311 12.7970447540283 12.8599281311035 12.4703569412231 12.1408758163452 12.2399406433105 12.6729555130005 12.9408483505249 12.9613828659058 12.9508676528931 13.1828889846802 13.0984830856323 13.3801574707031 13.5512571334839 13.366304397583 13.0529584884644 12.9534664154053 12.8403606414795 13.0187921524048 13.083475112915 13.3891429901123 13.4289646148682 13.193341255188 13.1132202148438 12.3870658874512 13.1941957473755 13.1559152603149 12.086296081543 11.5098867416382 -3.4e+38 -3.4e+38 10.8313455581665 10.7486734390259 10.917046546936 11.3138446807861 11.1204195022583 11.0818347930908 10.887713432312 11.005181312561 11.0043458938599 -3.4e+38 -3.4e+38 -3.4e+38 14.9226779937744
11.7076148986816 11.9784536361694 12.3494386672974 12.6613006591797 12.743504524231 12.5844669342041 12.2935724258423 12.1461343765259 12.3123540878296 12.6501817703247 12.8225250244141 12.9306192398071 12.985053062439 13.0702104568481 13.0879364013672 13.2620344161987 13.3077201843262 13.1947898864746 12.9882211685181 12.7646484375 12.8176107406616 13.1619987487793 13.2305908203125 13.0726451873779 13.0252828598022 13.1389122009277 13.180980682373 12.8546485900879 13.260871887207 13.8545169830322 -3.4e+38 -3.4e+38 10.7982711791992 10.9949111938477 11.2103128433228 10.9081344604492 10.8845386505127 11.0379934310913 11.1379718780518 11.05894947052 10.750111579895 -3.4e+38 -3.4e+38 -3.4e+38 -3.4e+38 -3.4e+38 11.2211513519287
11.5221662521362 11.7824010848999 12.1650161743164 12.4896974563599 12.5734272003174 12.1440763473511 12.1211528778076 12.2141923904419 12.4390983581543 12.5420036315918 12.6674890518188 12.7712030410767 13.0116348266602 13.0970230102539 13.2089166641235 13.1067180633545 13.2713499069214 13.3468980789185 13.2791700363159 12.65940284729 12.5084066390991 12.7195014953613 13.0308494567871 12.9536428451538 13.5434436798096 13.1336736679077 12.8705396652222 12.7930555343628 12.8623046875 13.4546613693237 -3.4e+38 11.2953815460205 10.7281808853149 10.8891086578369 11.0893268585205 10.9080505371094 11.0484647750854 11.0046606063843 10.9616537094116 10.923318862915 -3.4e+38 -3.4e+38 -3.4e+38 -3.4e+38 -3.4e+38 -3.4e+38 10.8466014862061
11.5402727127075 11.6294031143188 11.8639984130859 12.0257625579834 12.0970306396484 12.1212644577026 12.1496877670288 12.2438325881958 12.3550577163696 12.4528217315674 12.6485605239868 12.8668737411499 12.9392986297607 12.8795566558838 13.0111885070801 13.2468862533569 13.0077495574951 13.1049451828003 13.067533493042 12.968056678772 13.1316080093384 12.9101829528809 13.4690046310425 13.6342239379883 13.6354112625122 13.0459566116333 12.7901201248169 -3.4e+38 12.7470064163208 12.7550077438354 11.0372610092163 11.285943031311 10.890115737915 10.7707576751709 10.8732500076294 10.8941192626953 10.8973731994629 10.8472738265991 10.8605031967163 10.6375036239624 -3.4e+38 -3.4e+38 -3.4e+38 -3.4e+38 -3.4e+38 11.2457408905029 11.2669773101807
11.4897365570068 11.5781660079956 11.7183513641357 11.9320468902588 12.0480823516846 12.1350736618042 12.2178497314453 12.2400646209717 12.2391681671143 12.3184366226196 12.4722280502319 12.4221715927124 12.4944400787354 12.4463415145874 12.5135164260864 12.4823055267334 12.6555185317993 12.7154922485352 12.9096841812134 12.7337322235107 12.8861284255981 12.970911026001 13.4169158935547 13.0623331069946 13.3656425476074 13.0972175598145 12.2419185638428 11.4572629928589 12.1629877090454 12.3845338821411 11.2835903167725 11.1871747970581 10.9798574447632 10.8333311080933 10.7968120574951 10.7868328094482 10.7196531295776 10.8348035812378 10.9425706863403 10.7031917572021 10.66712474823 11.1162233352661 11.5704917907715 -3.4e+38 -3.4e+38 11.2547283172607 11.2795419692993
11.4494104385376 11.5947914123535 11.8025989532471 11.9539928436279 12.2629060745239 12.3941793441772 12.4901361465454 12.4219942092896 12.1441335678101 12.0341987609863 12.0167026519775 11.9105424880981 11.8202953338623 11.7649078369141 12.0014638900757 12.0047197341919 12.1732578277588 12.0278511047363 13.2485980987549 12.7781019210815 12.6191844940186 13.0280323028564 13.0933694839478 13.0697975158691 13.1643571853638 13.1649055480957 12.2963275909424 11.8013410568237 11.9752464294434 11.5449457168579 11.1434001922607 11.0246162414551 10.8665533065796 10.5963439941406 10.856369972229 10.696231842041 10.4896421432495 10.4227380752563 10.6580171585083 10.799768447876 10.7406206130981 11.2332773208618 11.4967346191406 -3.4e+38 -3.4e+38 -3.4e+38 11.6607418060303
11.5459775924683 11.759181022644 11.963418006897 12.1372003555298 12.2526540756226 12.2411041259766 12.2847757339478 12.1647176742554 12.0022315979004 11.9042186737061 11.8454627990723 11.7182741165161 11.4510345458984 11.5235834121704 11.6778793334961 11.7886161804199 11.8570175170898 12.3036375045776 12.6037263870239 12.9916353225708 13.5003490447998 13.4115381240845 13.1495332717896 13.0532903671265 13.4585523605347 12.9883708953857 12.7110223770142 12.8534526824951 12.4824409484863 11.2948131561279 11.1353721618652 10.9807786941528 10.7978057861328 10.5989427566528 10.5904121398926 10.598729133606 10.4966554641724 10.1208620071411 10.524676322937 10.8524227142334 11.2556552886963 11.1784896850586 11.0286502838135 10.8429489135742 10.6864519119263 10.5658159255981 11.4985818862915
11.7171592712402 11.9272212982178 12.1085643768311 12.2107639312744 12.063494682312 11.9191408157349 11.9116363525391 11.9918546676636 11.9839134216309 11.9550819396973 11.9798107147217 12.0143356323242 11.6948232650757 11.6480188369751 11.6565036773682 11.746603012085 11.8040723800659 11.7239637374878 12.2375841140747 13.0403642654419 13.6367979049683 13.337574005127 13.0644788742065 13.1413288116455 13.5223789215088 12.7969417572021 12.2497406005859 12.453631401062 12.2446336746216 11.0991458892822 10.7143793106079 10.8704862594604 10.4708557128906 10.4462394714355 10.8374519348145 10.5932931900024 10.7003707885742 11.0694627761841 10.8769483566284 10.9078483581543 11.0789937973022 11.1109294891357 11.3690223693848 -3.4e+38 10.5823545455933 10.727840423584 11.1623640060425
12.0175762176514 12.1343383789062 12.2183465957642 12.0938282012939 11.9327402114868 11.9783773422241 12.0516958236694 12.0014657974243 12.0808362960815 12.118091583252 12.0744218826294 12.2122659683228 11.9259490966797 11.8383255004883 11.7680826187134 11.5343360900879 11.4874048233032 11.5332946777344 12.08629322052 13.1500520706177 13.4240913391113 13.3716325759888 12.911678314209 12.8122844696045 12.8144607543945 12.8857507705688 12.340784072876 12.1705741882324 11.7255926132202 10.8791828155518 10.5640478134155 10.5559539794922 10.7114572525024 10.8248386383057 10.7123050689697 10.5975093841553 10.6443166732788 11.1906118392944 11.371000289917 11.3226289749146 11.4259586334229 11.5006866455078 -3.4e+38 -3.4e+38 10.9109706878662 11.0385255813599 11.3036212921143
12.1617822647095 12.2112531661987 12.2189798355103 12.1030721664429 12.0498447418213 12.0494804382324 12.053370475769 12.1344795227051 12.1215620040894 12.01282787323 11.9927043914795 11.927173614502 12.0178194046021 11.8216142654419 11.5188360214233 11.3755302429199 11.4917497634888 11.6497898101807 12.1195917129517 12.7083215713501 12.4669027328491 13.232889175415 12.7770051956177 12.6559686660767 12.7028980255127 12.9464483261108 12.5163612365723 12.435112953186 11.433780670166 10.8439340591431 10.7191915512085 10.551643371582 10.6291980743408 10.6217031478882 10.7525262832642 10.7386722564697 10.748119354248 10.9715738296509 11.1096248626709 11.0012130737305 -3.4e+38 10.3757886886597 10.3842239379883 10.4964427947998 10.5674200057983 10.9806089401245 11.5850782394409
11.7716846466064 11.7977161407471 11.9532108306885 12.00168800354 11.9784059524536 11.9630708694458 11.9792070388794 12.0989942550659 12.0995855331421 11.8943204879761 11.7671766281128 11.6745443344116 11.7468223571777 11.5837726593018 11.4787673950195 11.3625040054321 11.3870391845703 11.6336936950684 12.1690912246704 12.3851156234741 12.277530670166 12.6529741287231 12.5055713653564 12.6404638290405 12.5134267807007 12.5505800247192 12.256199836731 12.2343378067017 11.4108419418335 10.9312953948975 10.7637786865234 10.8478984832764 10.8660707473755 10.6133127212524 10.6489315032959 10.6550064086914 10.8832759857178 10.8969373703003 10.915340423584 10.5247659683228 -3.4e+38 10.5080909729004 10.4217309951782 10.4304332733154 10.3523178100586 11.2899560928345 11.4575567245483
