Ecospace-environmental-drivers/Outputs/ASCII-for-ecospace/ChlA/ChlA_X2015.08.asc
NCOLS 131 
NROWS 53 
XLLCORNER -98 
YLLCORNER 23.9265270233154 
CELLSIZE 0.133587792515755 
NODATA_value -3.4e+38 
[rows 21 to 41 of 53, columns 0 to 46 of 131]
-3.4e+38 -3.4e+38 -3.4e+38 -3.4e+38 -3.4e+38 -3.4e+38 -3.4e+38 -3.4e+38 -3.4e+38 51.1819343566895 39.6489639282227 27.63254737854 22.0452251434326 19.3135681152344 18.0765743255615 17.1780796051025 16.2332878112793 15.9084587097168 15.9601802825928 15.3678455352783 15.1279697418213 14.5028610229492 14.0657835006714 13.7870321273804 13.7381410598755 13.9616279602051 14.7469205856323 14.9435358047485 14.9874639511108 14.7917413711548 15.5641775131226 16.4751529693604 18.3943042755127 18.8781394958496 17.7966804504395 18.028902053833 20.0896320343018 20.9695663452148 23.1965503692627 22.5846366882324 22.7703514099121 22.2001705169678 21.0593509674072 19.6077938079834 20.8322734832764 20.2000713348389 21.5470161437988
-3.4e+38 -3.4e+38 -3.4e+38 -3.4e+38 -3.4e+38 -3.4e+38 -3.4e+38 90.7353897094727 51.9361877441406 34.4908103942871 24.1966114044189 20.8004913330078 18.3185329437256 16.9023723602295 16.4260559082031 15.7592859268188 15.0472993850708 14.4136343002319 14.3541221618652 14.4049654006958 14.0397911071777 13.6795806884766 13.7062816619873 13.8192739486694 14.0244359970093 14.2561922073364 14.4394941329956 14.3266716003418 14.3556461334229 14.3039026260376 14.7434530258179 15.132866859436 14.5239191055298 14.6779546737671 14.5612363815308 14.6639413833618 16.2217044830322 19.1847877502441 20.0675029754639 18.3354988098145 19.4028186798096 20.1909141540527 19.4312210083008 19.435583114624 18.6108703613281 17.3785076141357 17.2680339813232
-3.4e+38 -3.4e+38 -3.4e+38 -3.4e+38 114.114692687988 115.878112792969 -3.4e+38 46.0375747680664 32.6576538085938 21.3668098449707 17.9044399261475 16.1356639862061 15.3652086257935 14.8967819213867 14.1144361495972 14.0792427062988 14.226806640625 14.2345933914185 13.9638671875 13.8986387252808 13.5083513259888 13.3185586929321 13.7578134536743 14.070125579834 14.4114904403687 14.5523223876953 14.451171875 14.1943283081055 13.9562683105469 13.9089345932007 13.7647523880005 13.3885688781738 13.6438961029053 13.6832523345947 13.9050302505493 14.0966415405273 14.7662515640259 16.770149230957 18.8456344604492 17.3177738189697 17.0118961334229 17.0760498046875 17.4484272003174 17.8173446655273 17.4330348968506 18.5106887817383 16.054386138916
-3.4e+38 -3.4e+38 -3.4e+38 -3.4e+38 109.734115600586 116.751953125 48.0704574584961 34.1800804138184 21.0959529876709 17.6801872253418 15.565767288208 14.4202756881714 14.178277015686 14.1514387130737 14.0039377212524 14.1716060638428 14.32506275177 13.6341104507446 13.4628667831421 13.5567235946655 13.2742185592651 13.3423776626587 13.8746891021729 14.1268749237061 14.1599044799805 14.4258890151978 14.4929542541504 14.1985187530518 14.50621509552 13.7923030853271 13.8849563598633 13.5058040618896 13.8621683120728 13.8496503829956 13.9361219406128 13.7889213562012 14.2380800247192 15.0490112304688 16.525411605835 17.9358139038086 17.9097156524658 16.6195907592773 17.6723880767822 17.8101711273193 17.9023952484131 15.3027849197388 17.7713375091553
-3.4e+38 -3.4e+38 -3.4e+38 -3.4e+38 -3.4e+38 42.1844749450684 35.161735534668 22.1089973449707 17.8464126586914 15.5191526412964 14.5748281478882 14.2971839904785 14.1286964416504 13.9778528213501 13.4358692169189 13.9220819473267 14.7247714996338 13.9320182800293 13.7834539413452 13.6233434677124 13.5581960678101 13.73450756073 14.1181678771973 14.2676477432251 14.0866241455078 14.2982368469238 14.5867872238159 14.6481895446777 14.4711008071899 13.8495683670044 13.9984645843506 13.9957323074341 13.9907464981079 13.4502220153809 13.503625869751 13.7548265457153 13.6148452758789 13.8986654281616 15.1127834320068 16.9842395782471 17.6408233642578 17.9103050231934 17.2440280914307 17.1858501434326 16.0438423156738 16.0855941772461 19.9366588592529
-3.4e+38 -3.4e+38 -3.4e+38 -3.4e+38 -3.4e+38 35.7074508666992 25.5363254547119 18.6531867980957 16.282398223877 15.0641794204712 14.6418418884277 14.6869039535522 14.3251304626465 14.1499710083008 14.1662883758545 14.2002372741699 14.4224233627319 13.9878101348877 13.4682998657227 13.9400062561035 14.2265100479126 14.1674461364746 14.5725898742676 14.7739334106445 14.4017066955566 14.2485275268555 14.4785823822021 14.4042844772339 13.9916753768921 13.6760492324829 13.4728155136108 13.3545331954956 13.2025203704834 12.8841276168823 12.8304214477539 13.3047904968262 13.3102674484253 13.5321950912476 14.1983613967896 15.7512493133545 16.2664527893066 16.6314163208008 16.1563282012939 16.6741504669189 15.1857795715332 13.9908180236816 17.1688957214355
-3.4e+38 -3.4e+38 -3.4e+38 -3.4e+38 -3.4e+38 28.1753768920898 20.6527061462402 16.8766651153564 15.9533052444458 15.0743236541748 14.9407529830933 14.5619134902954 14.4239053726196 14.5978755950928 14.8342685699463 14.5057010650635 14.4090089797974 13.7379188537598 13.5535402297974 13.6656742095947 14.1554107666016 14.2933225631714 14.5670528411865 14.7136726379395 14.5792989730835 14.3730449676514 13.8889751434326 13.2612447738647 12.7321796417236 12.5383501052856 12.460262298584 12.548565864563 12.1578798294067 12.0798101425171 12.154465675354 12.3849773406982 12.573657989502 12.969069480896 13.524453163147 14.9635753631592 16.0084495544434 16.0962390899658 15.6723299026489 16.3217391967773 15.523097038269 13.4971332550049 13.1676969528198
-339999999999999996128486808808066248288.000000000000000 -3.4e+38 -3.4e+38 -3.4e+38 31.6468238830566 26.2281684875488 18.4708881378174 16.4626560211182 15.5187768936157 14.9646768569946 14.959659576416 14.4911050796509 14.2798404693604 14.8182096481323 14.9823331832886 14.8994579315186 14.4705953598022 14.2228288650513 13.9504766464233 14.0195255279541 14.0423040390015 14.1557588577271 14.3404426574707 14.479642868042 14.4409713745117 13.7434215545654 12.9348258972168 12.3928184509277 12.2294311523438 11.6151876449585 11.3680725097656 11.5487785339355 11.258448600769 11.3845357894897 11.5006628036499 11.568169593811 12.1142826080322 12.4734382629395 12.7580814361572 13.6256656646729 15.0678777694702 15.8420171737671 15.8127899169922 15.50905418396 15.8332376480103 14.3219156265259 12.9102210998535
-3.4e+38 -3.4e+38 -3.4e+38 -3.4e+38 27.5895347595215 23.5881900787354 17.9233360290527 16.5759506225586 15.5240116119385 14.8448047637939 14.6430730819702 14.3909301757812 14.2854337692261 14.812949180603 15.0693950653076 14.8275814056396 14.428183555603 14.0802345275879 13.8264303207397 13.816746711731 13.8271255493164 14.0979042053223 13.8954820632935 13.4858331680298 13.1351137161255 12.4688806533813 11.8754100799561 11.4760208129883 11.5080642700195 11.5693235397339 11.2801723480225 11.0363664627075 11.0531949996948 11.1378211975098 11.1284151077271 11.0676746368408 11.5233402252197 12.1999578475952 12.4807462692261 12.9926786422729 13.8785982131958 15.2033729553223 16.4578552246094 15.8098592758179 14.5396862030029 15.2617597579956 13.8356084823608
-3.4e+38 -3.4e+38 -3.4e+38 -3.4e+38 26.9127998352051 23.1492080688477 18.168270111084 16.8714275360107 15.8314657211304 14.859471321106 14.7499656677246 14.9174137115479 14.763222694397 14.6906890869141 14.3966875076294 14.3581075668335 14.0642890930176 14.0557641983032 14.1774787902832 13.8940172195435 13.6716985702515 13.5607452392578 12.8617877960205 12.4283905029297 11.7105770111084 11.5243139266968 11.284158706665 11.0743618011475 11.1234340667725 11.3124895095825 11.1818828582764 11.0962285995483 10.9423952102661 11.1632051467896 11.2286996841431 11.1956663131714 11.448224067688 11.7788505554199 12.1835432052612 12.3241262435913 12.8273687362671 14.3645639419556 15.6675128936768 15.1704111099243 13.8506259918213 13.9039993286133 13.9185447692871
-3.4e+38 -3.4e+38 -3.4e+38 -3.4e+38 -3.4e+38 23.6044979095459 19.4077281951904 17.3026580810547 15.9700469970703 15.0542764663696 15.214373588562 15.5295333862305 15.372784614563 14.6650390625 14.4930582046509 14.4079246520996 14.3643016815186 14.490291595459 14.434362411499 14.127760887146 13.5208206176758 13.692702293396 12.7468175888062 11.895920753479 11.4101247787476 11.1187410354614 10.9101076126099 10.6467027664185 10.8651266098022 11.0457057952881 10.8697309494019 10.5677175521851 10.7635536193848 10.977650642395 11.0889711380005 11.0961818695068 11.2624092102051 11.0630531311035 11.2690401077271 11.7957162857056 12.5199003219604 13.2950944900513 14.3380680084229 14.9881830215454 14.1158037185669 13.3860683441162 13.9359502792358
-3.4e+38 -3.4e+38 -3.4e+38 -3.4e+38 -3.4e+38 26.2445640563965 21.0400409698486 18.216100692749 16.7565364837646 15.5764513015747 15.5495357513428 15.9935398101807 15.4386787414551 14.5855751037598 14.2897186279297 14.0771360397339 13.9001932144165 14.3777494430542 14.0014810562134 14.2741317749023 13.7418155670166 12.8850765228271 12.232834815979 11.6208801269531 11.1886043548584 10.923300743103 10.7181453704834 10.3010473251343 10.6009740829468 10.4386320114136 10.1328744888306 9.99351692199707 10.0972270965576 10.2945280075073 10.6302585601807 11.1033201217651 11.3991832733154 11.1166019439697 11.0000972747803 11.5081462860107 12.0535573959351 12.6202030181885 13.7566175460815 14.3039216995239 13.6530914306641 13.2840785980225 14.0379257202148
-3.4e+38 -3.4e+38 -3.4e+38 -3.4e+38 -3.4e+38 25.6087856292725 23.1453227996826 19.5128726959229 17.3649749755859 16.1364250183105 15.850715637207 15.7934503555298 15.0995397567749 14.211669921875 14.296802520752 14.0186700820923 13.8266916275024 13.5881433486938 13.5217914581299 13.8115158081055 13.0035371780396 11.6183595657349 11.4489402770996 11.1901664733887 10.7667646408081 10.7003831863403 10.6246423721313 10.4919910430908 9.95284175872803 10.0153980255127 9.89563369750977 9.94082069396973 9.90384960174561 10.0552892684937 10.0558624267578 10.4968004226685 10.9054918289185 11.135684967041 11.2220659255981 11.3187055587769 11.7882623672485 12.3327217102051 12.9124307632446 13.6013202667236 13.1763610839844 12.8373804092407 13.4608335494995
-3.4e+38 -3.4e+38 -3.4e+38 -3.4e+38 -3.4e+38 25.2704105377197 24.3979377746582 20.7274551391602 18.0499210357666 16.5019798278809 16.0662212371826 16.0557441711426 14.9637966156006 14.0531253814697 14.4958333969116 14.2531805038452 14.3449373245239 12.9161443710327 13.692421913147 13.4626188278198 12.3632221221924 11.4297256469727 11.1836757659912 10.6411285400391 10.2312755584717 10.6549596786499 10.8304996490479 10.1218767166138 9.86422157287598 9.92289638519287 9.97979068756104 9.98379135131836 9.87410926818848 9.81381702423096 10.0363512039185 10.1691608428955 10.3719272613525 10.8516826629639 10.9873352050781 10.9633226394653 11.3684349060059 11.7969379425049 12.382152557373 12.8394842147827 12.5612745285034 12.4392652511597 13.1546802520752
-3.4e+38 -3.4e+38 -3.4e+38 -3.4e+38 -3.4e+38 29.1122875213623 26.4793720245361 21.8745346069336 17.9099540710449 15.8534898757935 16.2127647399902 15.6304521560669 14.6665153503418 14.0502872467041 13.9094591140747 14.0415849685669 13.6913318634033 14.1872825622559 12.9551496505737 12.3549947738647 11.9572095870972 11.5978174209595 10.8555002212524 10.2487964630127 10.2703685760498 10.4426612854004 10.5354433059692 10.071515083313 9.83957862854004 9.9021692276001 9.9593505859375 10.0310487747192 9.86217594146729 9.74102210998535 9.86828136444092 9.93689155578613 10.1550674438477 10.8243274688721 10.9617795944214 11.0034399032593 11.424337387085 11.5246248245239 12.1186552047729 12.3084287643433 12.6151237487793 12.330883026123 13.1593751907349
-3.4e+38 -3.4e+38 -3.4e+38 -3.4e+38 -3.4e+38 -3.4e+38 28.0250816345215 22.2913513183594 17.5027446746826 16.0850448608398 16.1021366119385 15.7730646133423 15.3350496292114 14.9130964279175 14.7983722686768 13.9448843002319 13.6163511276245 13.4727611541748 12.848334312439 12.8636169433594 12.4368076324463 11.4307699203491 10.4375896453857 9.97340679168701 9.96310806274414 10.3522968292236 10.695143699646 10.3471651077271 9.88121891021729 9.89762401580811 9.94561004638672 9.88444995880127 9.80855751037598 9.68967247009277 9.70690441131592 9.89454936981201 10.1413450241089 10.6410570144653 10.9947185516357 11.1263360977173 11.3836326599121 11.4233989715576 11.6226415634155 11.9265518188477 12.4371242523193 12.1645259857178 12.8883762359619
-3.4e+38 -3.4e+38 -3.4e+38 -3.4e+38 -3.4e+38 -3.4e+38 27.8565559387207 22.3445606231689 16.9329833984375 16.2381324768066 16.4975681304932 16.5005931854248 15.8563089370728 14.6491060256958 13.6365251541138 13.3146781921387 13.2076034545898 12.9628572463989 12.5346508026123 13.2173414230347 12.112530708313 11.5863676071167 11.3447170257568 10.45481300354 10.8238201141357 10.7416009902954 10.8560981750488 10.6843290328979 10.1892309188843 9.99052429199219 9.93013000488281 10.0192384719849 9.9540548324585 9.7644739151001 9.88490200042725 9.98494338989258 10.0558032989502 10.353497505188 10.9185914993286 11.2241811752319 11.1982364654541 11.3840360641479 11.6682529449463 12.0630140304565 11.9586153030396 12.0242033004761 12.3963193893433
-3.4e+38 -3.4e+38 -3.4e+38 -3.4e+38 -3.4e+38 -3.4e+38 30.3113651275635 20.0538444519043 16.6328525543213 16.8065643310547 17.0664806365967 16.4489669799805 15.38050365448 14.1809844970703 13.0701551437378 12.8333444595337 12.8818092346191 12.7833700180054 12.3202877044678 11.7381858825684 11.6643333435059 11.9289779663086 12.0583562850952 11.972508430481 11.2916526794434 11.1679134368896 11.1032028198242 10.8841743469238 10.6272964477539 10.3351917266846 10.2056264877319 10.0758056640625 10.1602869033813 9.99918365478516 10.1470937728882 10.0758190155029 10.2267074584961 10.4980049133301 11.1282091140747 11.1394309997559 11.1071996688843 11.1588916778564 11.7385749816895 11.9246959686279 11.9115762710571 12.1583194732666 12.6925945281982
-3.4e+38 -3.4e+38 -3.4e+38 -3.4e+38 -3.4e+38 -3.4e+38 24.2906837463379 18.6325225830078 16.7185974121094 17.3870792388916 17.5424213409424 15.9981288909912 15.2376317977905 14.2182540893555 13.0214185714722 12.9389514923096 12.6870021820068 12.0819835662842 11.8477869033813 11.5139827728271 11.4509553909302 11.7740335464478 11.9708738327026 11.7129907608032 11.8584136962891 11.9323825836182 11.9846019744873 11.3153476715088 10.9473924636841 10.7690372467041 10.5991296768188 10.1794414520264 10.580267906189 10.5692729949951 10.710768699646 10.3929710388184 10.209361076355 10.8373641967773 10.9658174514771 11.0340375900269 11.1727724075317 11.4241170883179 11.8682537078857 12.1469287872314 12.4759931564331 12.755542755127 13.2153005599976
-3.4e+38 -3.4e+38 -3.4e+38 -3.4e+38 -3.4e+38 25.4473838806152 22.940013885498 17.4657974243164 16.8789291381836 17.528169631958 17.2064781188965 16.716775894165 16.1413307189941 14.4617223739624 12.846508026123 12.661301612854 12.2323179244995 11.8790254592896 11.411792755127 11.2249708175659 11.480094909668 11.4440088272095 11.5404262542725 11.7790231704712 12.1358880996704 12.0921106338501 11.9459924697876 11.7069702148438 11.6344909667969 11.3308658599854 10.8529558181763 10.4569578170776 10.6833600997925 10.6940326690674 10.8454008102417 10.7956380844116 10.6743507385254 10.9310569763184 11.0454730987549 11.3048868179321 11.6059989929199 12.0769233703613 12.620662689209 12.8851766586304 13.1525297164917 13.0510416030884 13.1933012008667
-3.4e+38 -3.4e+38 -3.4e+38 -3.4e+38 -3.4e+38 24.8855476379395 19.0155735015869 17.1985626220703 17.2990341186523 17.2699241638184 15.4072189331055 15.1464519500732 13.5614624023438 11.7551183700562 11.9873857498169 11.4941806793213 11.4207973480225 11.420467376709 11.2140035629272 10.9156847000122 11.5311670303345 11.5154027938843 11.9463539123535 12.2775554656982 12.4190654754639 12.4183540344238 12.4128170013428 12.2122478485107 11.7393560409546 11.4345788955688 11.1277122497559 11.1497478485107 10.976411819458 11.0762062072754 11.1407709121704 11.16921043396 11.1627216339111 11.2036170959473 11.4985847473145 11.8514375686646 12.4041042327881 12.5230598449707 12.9092264175415 13.5397653579712 13.6835765838623 13.5237283706665 13.0088310241699
