Ecospace-environmental-drivers/Outputs/ASCII-for-ecospace/ChlA/ChlA_X2013.03.asc
NCOLS 131 
NROWS 53 
XLLCORNER -98 
YLLCORNER 23.9265270233154 
CELLSIZE 0.133587792515755 
NODATA_value -3.4e+38 
[rows 0 to 20 of 53, columns 47 to 93 of 131]
-3.4e+38 -3.4e+38 -3.4e+38 -3.4e+38 -3.4e+38 -3.4e+38 -3.4e+38 -3.4e+38 -3.4e+38 -3.4e+38 -3.4e+38 -3.4e+38 -3.4e+38 -3.4e+38 -3.4e+38 -3.4e+38 -3.4e+38 -3.4e+38 -3.4e+38 -3.4e+38 -3.4e+38 -3.4e+38 -3.4e+38 -3.4e+38 -3.4e+38 -3.4e+38 -3.4e+38 -3.4e+38 -3.4e+38 -3.4e+38 -3.4e+38 -3.4e+38 -3.4e+38 -3.4e+38 -3.4e+38 -3.4e+38 -3.4e+38 -3.4e+38 -3.4e+38 -3.4e+38 -3.4e+38 -3.4e+38 -3.4e+38 -3.4e+38 -3.4e+38 -3.4e+38 -3.4e+38
-3.4e+38 -3.4e+38 -3.4e+38 -3.4e+38 -3.4e+38 -3.4e+38 -3.4e+38 -3.4e+38 -3.4e+38 -3.4e+38 -3.4e+38 -3.4e+38 -3.4e+38 -3.4e+38 -3.4e+38 -3.4e+38 -3.4e+38 -3.4e+38 -3.4e+38 -3.4e+38 -3.4e+38 -3.4e+38 -3.4e+38 -3.4e+38 -3.4e+38 -3.4e+38 -3.4e+38 -3.4e+38 -3.4e+38 -3.4e+38 -3.4e+38 -3.4e+38 -3.4e+38 -3.4e+38 -3.4e+38 -3.4e+38 -3.4e+38 -3.4e+38 -3.4e+38 -3.4e+38 -3.4e+38 -3.4e+38 -3.4e+38 -3.4e+38 -3.4e+38 -3.4e+38 -3.4e+38
-3.4e+38 -3.4e+38 -3.4e+38 -3.4e+38 -3.4e+38 -3.4e+38 -3.4e+38 -3.4e+38 -3.4e+38 -3.4e+38 -3.4e+38 -3.4e+38 -3.4e+38 -3.4e+38 -3.4e+38 -3.4e+38 -3.4e+38 -3.4e+38 -3.4e+38 -3.4e+38 -3.4e+38 -3.4e+38 -3.4e+38 -3.4e+38 -3.4e+38 -3.4e+38 -3.4e+38 -3.4e+38 -3.4e+38 -3.4e+38 -3.4e+38 -3.4e+38 -3.4e+38 -3.4e+38 -3.4e+38 -3.4e+38 -3.4e+38 -3.4e+38 -3.4e+38 -3.4e+38 -3.4e+38 -3.4e+38 -3.4e+38 -3.4e+38 -3.4e+38 -3.4e+38 -3.4e+38
-3.4e+38 -3.4e+38 -3.4e+38 -3.4e+38 -3.4e+38 -3.4e+38 -3.4e+38 -3.4e+38 -3.4e+38 -3.4e+38 -3.4e+38 -3.4e+38 -3.4e+38 -3.4e+38 -3.4e+38 -3.4e+38 -3.4e+38 -3.4e+38 -3.4e+38 -3.4e+38 -3.4e+38 -3.4e+38 -3.4e+38 -3.4e+38 -3.4e+38 -3.4e+38 -3.4e+38 117.735939025879 131.669143676758 -3.4e+38 -3.4e+38 -3.4e+38 -3.4e+38 -3.4e+38 -3.4e+38 -3.4e+38 -3.4e+38 -3.4e+38 -3.4e+38 174.81005859375 359.064849853516 -3.4e+38 -3.4e+38 -3.4e+38 -3.4e+38 -3.4e+38 -3.4e+38
-3.4e+38 -3.4e+38 -3.4e+38 -3.4e+38 -3.4e+38 -3.4e+38 -3.4e+38 -3.4e+38 -3.4e+38 -3.4e+38 -3.4e+38 130.926666259766 -3.4e+38 -3.4e+38 -3.4e+38 -3.4e+38 -3.4e+38 -3.4e+38 -3.4e+38 354.653961181641 142.701446533203 137.524612426758 -3.4e+38 -3.4e+38 -3.4e+38 156.344970703125 127.914710998535 149.845306396484 153.14794921875 -3.4e+38 -3.4e+38 -3.4e+38 -3.4e+38 -3.4e+38 51.7387237548828 75.6173782348633 65.909538269043 57.410961151123 89.4183120727539 108.165626525879 171.369583129883 -3.4e+38 -3.4e+38 -3.4e+38 -3.4e+38 -3.4e+38 -3.4e+38
-3.4e+38 -3.4e+38 -3.4e+38 -3.4e+38 -3.4e+38 -3.4e+38 -3.4e+38 -3.4e+38 -3.4e+38 -3.4e+38 -3.4e+38 116.599311828613 117.494537353516 111.747512817383 -3.4e+38 -3.4e+38 -3.4e+38 -3.4e+38 140.997680664062 127.53385925293 122.541412353516 127.92472076416 133.893661499023 133.876708984375 138.200454711914 130.53727722168 127.116882324219 125.558059692383 130.514831542969 132.310684204102 109.686569213867 121.387001037598 121.192832946777 110.580261230469 76.6096954345703 75.1633071899414 68.2793960571289 63.3778076171875 67.3978729248047 61.5766677856445 53.5848846435547 55.4064178466797 50.748477935791 51.0767784118652 -3.4e+38 -3.4e+38 -3.4e+38
-3.4e+38 -3.4e+38 -3.4e+38 -3.4e+38 -3.4e+38 -3.4e+38 -3.4e+38 -3.4e+38 -3.4e+38 -3.4e+38 -3.4e+38 114.03035736084 115.371002197266 113.776527404785 -3.4e+38 123.23560333252 124.657043457031 120.937866210938 113.16828918457 108.055297851562 103.495506286621 99.5907363891602 99.4079284667969 106.368232727051 109.18856048584 107.063842773438 106.327568054199 111.173812866211 100.896827697754 91.7385864257812 95.5642318725586 91.8197479248047 84.9621276855469 78.8662948608398 59.5149917602539 50.4110717773438 50.5900421142578 53.8118591308594 58.0838203430176 57.1434020996094 51.4532661437988 48.355884552002 50.4599876403809 51.6882667541504 70.5302200317383 -3.4e+38 -3.4e+38
-3.4e+38 -3.4e+38 -3.4e+38 -3.4e+38 -3.4e+38 -3.4e+38 -3.4e+38 -3.4e+38 -3.4e+38 -3.4e+38 -3.4e+38 -3.4e+38 115.279716491699 115.279716491699 147.400833129883 127.232238769531 120.100860595703 117.373565673828 107.636039733887 97.3760223388672 94.2830200195312 89.9951858520508 80.4624557495117 84.4904861450195 93.3706970214844 95.9844131469727 96.3036346435547 95.4698104858398 89.2157211303711 76.3600082397461 70.7769470214844 67.5347442626953 64.8597640991211 59.0752449035645 48.6168556213379 40.6210708618164 37.4484329223633 42.1540222167969 44.0216255187988 45.5060272216797 45.9057693481445 43.7694435119629 45.8285293579102 53.7422142028809 66.8361282348633 72.8148193359375 91.0748672485352
-3.4e+38 -3.4e+38 -3.4e+38 -3.4e+38 -3.4e+38 -3.4e+38 -3.4e+38 -3.4e+38 -3.4e+38 -3.4e+38 -3.4e+38 -3.4e+38 -3.4e+38 -3.4e+38 -3.4e+38 141.733291625977 -3.4e+38 104.680198669434 102.616111755371 100.709686279297 98.7529830932617 95.2715225219727 84.7433624267578 75.0207366943359 77.328239440918 82.6028442382812 78.1394577026367 83.5583572387695 75.2835845947266 66.1613922119141 62.2444648742676 60.190673828125 59.4794540405273 49.7542495727539 45.7312545776367 34.1156005859375 27.3950862884521 26.2716464996338 25.7692070007324 26.807430267334 27.1651725769043 30.6316337585449 43.733024597168 51.4680786132812 46.7307891845703 56.7861747741699 90.9818420410156
-3.4e+38 -3.4e+38 -3.4e+38 -3.4e+38 -3.4e+38 -3.4e+38 -3.4e+38 -3.4e+38 -3.4e+38 -3.4e+38 -3.4e+38 -3.4e+38 -3.4e+38 -3.4e+38 -3.4e+38 -3.4e+38 -3.4e+38 113.464630126953 111.090782165527 107.79573059082 94.9068756103516 90.5511016845703 85.3308563232422 82.420768737793 75.2807083129883 70.5304412841797 70.3063278198242 70.273567199707 68.8408279418945 65.8006820678711 61.0524101257324 58.0509414672852 49.3313293457031 44.0728187561035 33.9883193969727 25.2563724517822 23.5787582397461 23.3008117675781 23.8527145385742 24.1103420257568 25.3990383148193 28.2593822479248 39.8314361572266 45.2930717468262 39.7005348205566 45.4456176757812 64.5134811401367
97.2738723754883 -3.4e+38 -3.4e+38 -3.4e+38 -3.4e+38 -3.4e+38 -3.4e+38 -3.4e+38 -3.4e+38 -3.4e+38 -3.4e+38 -3.4e+38 -3.4e+38 -3.4e+38 -3.4e+38 131.945251464844 132.764114379883 118.739883422852 115.615692138672 106.154365539551 93.1577453613281 93.2751083374023 90.7011260986328 90.2292251586914 80.1867446899414 73.7339706420898 74.5526428222656 58.7754249572754 53.3352546691895 50.2321319580078 45.5789413452148 40.3012733459473 35.1618003845215 28.5507469177246 23.7175693511963 22.9165802001953 22.5491695404053 22.8314723968506 22.7313079833984 24.2162170410156 25.5694751739502 26.9360656738281 35.3137893676758 38.891170501709 36.9596900939941 39.9323577880859 55.9017791748047
92.4538345336914 -3.4e+38 -3.4e+38 -3.4e+38 -3.4e+38 -3.4e+38 -3.4e+38 -3.4e+38 -3.4e+38 -3.4e+38 -3.4e+38 -3.4e+38 117.314682006836 138.331680297852 -3.4e+38 -3.4e+38 127.165344238281 138.296432495117 111.994064331055 102.544563293457 95.8820953369141 96.6323013305664 95.2597808837891 84.8159027099609 82.3857879638672 72.1667175292969 67.7027587890625 47.2561988830566 42.5416984558105 35.758472442627 34.7758560180664 31.9325485229492 27.9741172790527 25.4716682434082 24.2155590057373 22.592887878418 22.3157997131348 22.532398223877 22.7737236022949 22.8907527923584 23.0446071624756 24.5513305664062 26.7246551513672 33.8702125549316 32.5787620544434 42.4890327453613 50.9273147583008
104.594604492188 90.7045822143555 -3.4e+38 -3.4e+38 -3.4e+38 -3.4e+38 -3.4e+38 -3.4e+38 133.880081176758 109.388069152832 -3.4e+38 -3.4e+38 143.300933837891 137.575790405273 133.512466430664 106.806190490723 -3.4e+38 -3.4e+38 -3.4e+38 102.850082397461 100.298118591309 94.8987045288086 86.6774978637695 76.5202255249023 64.0678939819336 67.5384826660156 78.4811935424805 73.81201171875 54.1901016235352 38.4476585388184 31.5584354400635 26.9960117340088 24.8917865753174 24.0391502380371 23.1604652404785 22.6311187744141 22.4148864746094 22.5728149414062 22.5055904388428 22.7414417266846 22.1317653656006 22.4892425537109 24.5247020721436 27.7306613922119 29.83766746521 34.6438980102539 37.4801788330078
118.714408874512 105.652381896973 134.477554321289 126.046043395996 114.274711608887 108.697845458984 110.441467285156 134.922760009766 109.682968139648 107.702606201172 118.355804443359 -3.4e+38 137.533706665039 129.107925415039 132.086715698242 107.097503662109 84.4150848388672 -3.4e+38 -3.4e+38 102.211654663086 102.343605041504 100.945976257324 84.3278884887695 67.1544876098633 63.2387237548828 68.8269500732422 65.3799514770508 84.3444442749023 64.134651184082 32.4623527526855 25.9364414215088 25.171802520752 22.4782390594482 22.1615028381348 21.89426612854 22.2062892913818 21.8588371276855 21.5536327362061 21.5775260925293 21.4617328643799 21.501522064209 21.6283054351807 22.2999267578125 24.0456256866455 25.4591598510742 27.5443286895752 27.7581329345703
125.215606689453 117.761619567871 114.573081970215 112.236930847168 102.729934692383 99.1702728271484 104.611541748047 101.772430419922 104.542282104492 104.239471435547 126.834777832031 160.64778137207 134.858352661133 136.367309570312 136.673858642578 131.208251953125 106.016021728516 94.1263122558594 -3.4e+38 95.4203414916992 93.9568634033203 86.6396408081055 76.7209396362305 75.3009414672852 73.0971145629883 56.4552612304688 40.5008010864258 42.7925148010254 38.3561515808105 30.7288455963135 23.942699432373 22.9735527038574 22.9577884674072 22.6334857940674 23.0410976409912 22.1975040435791 21.4035453796387 21.8743534088135 21.6827049255371 21.810525894165 22.0707912445068 22.4763298034668 22.5763492584229 22.6894340515137 23.2289218902588 23.4700317382812 24.3123741149902
104.201461791992 103.786506652832 97.8578796386719 95.0506286621094 97.9722061157227 98.424430847168 101.52562713623 110.847274780273 118.087005615234 126.35408782959 142.209442138672 155.971496582031 129.132720947266 123.353401184082 110.990524291992 118.551811218262 109.061393737793 93.3813781738281 89.7213897705078 89.5322189331055 78.4424362182617 77.4257125854492 80.2300872802734 78.6375961303711 62.3031768798828 36.2317657470703 24.4577331542969 23.2052459716797 22.3118801116943 22.4299564361572 21.5508670806885 21.6462116241455 23.1770648956299 22.3765602111816 22.8023223876953 23.5705280303955 22.3142013549805 20.8907012939453 20.9271965026855 22.1000022888184 22.3692722320557 22.8238677978516 22.2416706085205 22.8601589202881 23.2342967987061 22.9348487854004 22.9827079772949
87.5782318115234 92.8515396118164 95.8577423095703 94.035285949707 101.530776977539 102.374244689941 108.344856262207 116.703880310059 121.485664367676 139.178314208984 153.02392578125 150.513061523438 128.087341308594 110.819313049316 106.393630981445 112.092597961426 102.266571044922 90.3588943481445 79.7023620605469 60.7074089050293 60.795970916748 63.9970245361328 69.3036499023438 63.0270080566406 31.3259735107422 21.2377986907959 18.4877052307129 18.73876953125 20.3253879547119 19.930212020874 21.4211101531982 21.2201671600342 22.3895034790039 21.4453315734863 21.0031814575195 20.1011753082275 20.6425533294678 19.2223339080811 19.0304698944092 20.2250747680664 20.870454788208 21.7853698730469 21.6859073638916 21.8587417602539 22.134765625 21.2971572875977 22.4457035064697
90.6594696044922 88.9958038330078 91.3770370483398 97.4719314575195 110.138336181641 105.985565185547 102.732925415039 109.926902770996 126.602104187012 144.866760253906 144.302764892578 115.340515136719 108.870735168457 106.408096313477 106.292022705078 97.3068008422852 86.4944152832031 68.0635681152344 52.7610473632812 40.7403831481934 30.2514266967773 31.0711631774902 30.7517890930176 26.3432769775391 19.0024242401123 18.9514274597168 18.2018527984619 17.1676292419434 18.2919731140137 19.2784614562988 20.0582714080811 19.9774971008301 20.3155479431152 20.742696762085 19.6777667999268 18.8528728485107 19.1324348449707 18.9757423400879 18.8814277648926 19.5850391387939 20.3395042419434 20.7698059082031 20.8806056976318 21.0868949890137 21.7660236358643 21.3895378112793 21.5052070617676
79.8579254150391 82.9341354370117 84.9796905517578 95.191520690918 105.669471740723 95.6173248291016 96.3854217529297 95.8838729858398 94.999137878418 106.073516845703 96.7319183349609 86.9895401000977 77.5244445800781 63.3053245544434 63.950366973877 55.556266784668 52.2788887023926 47.1256980895996 36.328067779541 28.2911434173584 21.8228454589844 19.9379386901855 19.9223899841309 21.7050895690918 20.318338394165 18.9399452209473 18.1858787536621 17.4197654724121 16.6948642730713 17.5955696105957 17.9990730285645 18.0119342803955 17.813892364502 17.9666652679443 17.819149017334 19.1731929779053 19.0090732574463 19.8732757568359 19.3262691497803 19.3265914916992 18.5557594299316 18.5221042633057 19.8537178039551 19.955680847168 20.5691947937012 20.9792823791504 20.9686794281006
61.1810913085938 65.4396133422852 64.8870620727539 66.5040740966797 74.2658462524414 83.1615753173828 81.3209381103516 78.6787719726562 69.34912109375 70.3017730712891 68.0580902099609 53.3479461669922 36.0320816040039 31.279727935791 39.9086380004883 40.521598815918 35.2214775085449 34.0486259460449 27.4996490478516 20.5878257751465 18.9363842010498 18.817325592041 18.9672565460205 20.8624076843262 20.3995895385742 18.4993495941162 18.289083480835 17.7931880950928 16.076358795166 16.1331939697266 16.5563125610352 17.7742309570312 17.4937343597412 17.0812187194824 17.0258274078369 17.5720081329346 18.6732749938965 18.9107818603516 18.144193649292 17.668306350708 18.2981472015381 17.8181037902832 18.63743019104 19.0204086303711 19.4568214416504 20.4533405303955 21.225736618042
30.1418342590332 36.040901184082 42.2039260864258 44.840503692627 48.6183853149414 55.4298629760742 52.9611206054688 48.5947494506836 47.6092987060547 43.2530174255371 42.0440292358398 36.0108184814453 24.1643505096436 22.2371463775635 24.96630859375 24.740665435791 22.4997940063477 20.024621963501 18.9474582672119 19.2978324890137 18.2848777770996 18.2900924682617 18.4120559692383 18.6231632232666 18.4907703399658 18.3391418457031 17.7693271636963 17.4550895690918 17.0661315917969 17.7054405212402 18.2603321075439 18.0622730255127 17.3233299255371 16.5287170410156 16.1935386657715 17.0428733825684 17.8114395141602 16.8789043426514 17.1356887817383 16.9238262176514 17.2539577484131 17.3827838897705 17.607234954834 18.0971126556396 18.6631488800049 19.1645450592041 20.7042827606201
