Ecospace-environmental-drivers/Outputs/ASCII-for-ecospace/ChlA/ChlA_X2008.04.asc
NCOLS 131 
NROWS 53 
XLLCORNER -98 
YLLCORNER 23.9265270233154 
CELLSIZE 0.133587792515755 
NODATA_value -3.4e+38 
[rows 21 to 41 of 53, columns 47 to 93 of 131]
14.5436534881592 14.4797372817993 14.4996280670166 14.4231843948364 14.4051399230957 14.4177732467651 14.3984231948853 14.645977973938 15.8564186096191 19.4841251373291 18.7809734344482 21.8586502075195 34.4950256347656 35.8871841430664 29.3545303344727 30.004997253418 24.1724185943604 19.1740703582764 19.1150665283203 17.0279159545898 21.543664932251 25.7470836639404 23.3893260955811 22.1613788604736 17.3500423431396 14.82643699646 13.9415073394775 13.6770849227905 13.5576448440552 13.362998008728 13.1834354400635 13.3007841110229 13.4722127914429 13.4468765258789 13.4928827285767 14.0564451217651 14.3046407699585 14.1110925674438 14.0356903076172 14.4369211196899 14.1893243789673 13.846791267395 13.8612365722656 13.7275066375732 13.4480838775635 13.5028409957886 13.6406946182251
14.4442663192749 14.3617925643921 14.355037689209 14.3190679550171 14.3166599273682 14.3205585479736 14.3605918884277 14.4133596420288 14.3805170059204 14.7501134872437 15.8174390792847 15.1386756896973 17.7729339599609 24.7012100219727 32.7074775695801 37.5822410583496 29.2586517333984 24.6002216339111 21.1115856170654 16.1588172912598 14.8202648162842 15.9566287994385 15.9610061645508 17.441650390625 15.2295236587524 14.4154100418091 13.8652257919312 13.7132959365845 13.5367107391357 13.2650279998779 13.1786184310913 13.1500034332275 13.2991027832031 13.7105398178101 13.5270395278931 13.8829412460327 14.113452911377 13.8753604888916 14.201753616333 14.4768562316895 13.7895660400391 13.767915725708 13.7052946090698 13.5365934371948 13.3615684509277 13.4882192611694 13.4913673400879
14.4014644622803 14.2819585800171 14.188720703125 14.1799945831299 14.1012306213379 14.1151123046875 14.0641870498657 14.0267448425293 14.2256774902344 14.2439289093018 14.2621335983276 14.6623659133911 14.254846572876 13.9811201095581 14.7769117355347 23.0431270599365 28.7180233001709 27.1728496551514 21.7117748260498 15.8243045806885 14.2613744735718 14.0516204833984 13.8908929824829 13.9955043792725 14.3909063339233 14.0215759277344 13.670503616333 13.6206588745117 13.2813491821289 13.1365089416504 13.1110687255859 13.2008676528931 13.18834400177 13.3614721298218 13.3849182128906 13.9192552566528 13.8042402267456 13.9442949295044 14.221381187439 14.1778593063354 13.7116346359253 13.800404548645 13.7078266143799 13.5229482650757 13.3409566879272 13.369086265564 13.4408435821533
14.4082040786743 14.2526807785034 14.1066036224365 13.9642362594604 13.9063777923584 13.9079027175903 13.8801012039185 14.0410413742065 13.8783884048462 13.8391580581665 13.8172483444214 13.6490669250488 13.4387235641479 13.26904296875 13.3651456832886 14.087926864624 17.9449691772461 24.470775604248 23.8922367095947 18.6650638580322 16.6419410705566 13.9749193191528 13.6614112854004 13.643238067627 13.9753322601318 14.0165147781372 13.3506669998169 13.3262758255005 13.0325784683228 12.8221015930176 12.9415006637573 13.0514268875122 13.03187084198 13.1025314331055 13.4068822860718 13.5234680175781 13.7678174972534 13.8891172409058 13.8771371841431 13.8086204528809 13.8420763015747 13.6725654602051 13.7262878417969 13.532208442688 13.2372970581055 13.1113224029541 13.3573541641235
14.2305221557617 14.0254421234131 13.8566207885742 13.7527837753296 13.6504526138306 13.6519603729248 13.5460557937622 13.3950281143188 13.5317430496216 13.3311824798584 13.1633224487305 13.0888137817383 12.8236265182495 12.7028760910034 12.857084274292 13.1229438781738 13.3774671554565 14.8581819534302 17.2846412658691 16.6325225830078 16.1645927429199 14.3740663528442 13.3289737701416 13.3616132736206 13.5196323394775 13.293776512146 13.1303424835205 13.0807056427002 12.8655090332031 12.651650428772 12.6796026229858 12.7249898910522 12.765811920166 12.9840040206909 13.4780645370483 13.3160619735718 13.3536510467529 13.8179979324341 13.7217588424683 13.6718549728394 13.8115634918213 13.5704202651978 13.8342981338501 13.6193542480469 13.4465179443359 13.1348991394043 13.3109674453735
13.8658885955811 13.6408472061157 13.5353231430054 13.3178663253784 13.3936614990234 13.2591133117676 13.1607341766357 13.6084871292114 13.5342359542847 12.8698768615723 12.7604312896729 12.8211431503296 12.6549682617188 12.5644998550415 12.7086715698242 12.9894380569458 13.0855045318604 13.2006797790527 13.431079864502 13.5568256378174 13.7661542892456 14.2457513809204 13.3530178070068 13.054388999939 12.977783203125 12.9456806182861 12.9526748657227 12.8659229278564 12.8106327056885 12.6294422149658 12.6896104812622 12.6496963500977 12.5535869598389 12.7895879745483 13.0039014816284 13.1780643463135 13.2407751083374 13.4145421981812 13.6070518493652 13.3993625640869 13.5876913070679 13.7545652389526 13.9654960632324 13.6480112075806 13.3996992111206 13.2362232208252 13.4705324172974
13.607458114624 13.321590423584 13.1059913635254 13.2071123123169 13.3304214477539 13.2436666488647 13.4140338897705 13.360203742981 12.932596206665 12.5898847579956 12.7214965820312 12.851957321167 12.6530933380127 12.6113805770874 12.7684516906738 12.824197769165 12.8292064666748 12.8683557510376 13.0167245864868 13.2241764068604 13.2684488296509 13.6814870834351 13.0275077819824 12.5662822723389 12.3866147994995 12.5088577270508 12.720814704895 12.8579406738281 12.8034191131592 12.7263679504395 12.7083559036255 12.6324672698975 12.7076063156128 12.8555040359497 12.8304605484009 13.0973310470581 13.1868715286255 13.243992805481 13.3171920776367 13.3630771636963 13.5757865905762 13.7509937286377 13.9496097564697 13.6381931304932 13.3632202148438 13.3461246490479 13.4635829925537
13.3760929107666 13.2265787124634 13.2129602432251 13.1832132339478 13.3734607696533 13.2955417633057 13.2762784957886 12.8858966827393 12.536657333374 12.4035215377808 12.4879512786865 12.6787433624268 12.6234483718872 12.63671875 12.7715749740601 12.9832077026367 12.9370775222778 12.8969478607178 12.9622526168823 13.2776050567627 13.1157417297363 13.1031494140625 13.0278272628784 12.4494581222534 12.4868116378784 12.5403099060059 12.6916179656982 12.8639039993286 12.9785099029541 12.9280338287354 12.7960987091064 12.6182298660278 12.5848932266235 12.6273136138916 12.753830909729 12.9757041931152 13.0338582992554 13.1392383575439 13.2956666946411 13.2913513183594 13.3470363616943 13.5669164657593 13.6311340332031 13.5184688568115 13.4286518096924 13.5224456787109 13.4112014770508
13.6512804031372 13.4015779495239 13.2268228530884 13.4236297607422 13.0706758499146 12.7737064361572 12.8906335830688 12.5307626724243 12.3916625976562 12.3592596054077 12.4234237670898 12.4782133102417 12.4253749847412 12.6214122772217 12.7314748764038 12.7895851135254 12.8721532821655 12.9601650238037 12.9410924911499 13.0332622528076 13.1104011535645 12.9954233169556 12.8397979736328 12.6500358581543 12.8805341720581 12.5350675582886 13.0175685882568 13.16579246521 13.1730947494507 13.0144777297974 12.7425079345703 12.5711765289307 12.5868978500366 12.4304084777832 12.4836692810059 12.7111005783081 12.8687477111816 12.986930847168 13.21852684021 13.347731590271 13.2533960342407 13.1494750976562 13.1806192398071 13.2081203460693 13.203574180603 13.2557544708252 13.4234466552734
13.4858236312866 13.3530759811401 13.476318359375 13.5105171203613 13.0050773620605 12.7384901046753 12.6284246444702 12.2957248687744 12.4514808654785 12.4591331481934 12.3075933456421 12.130316734314 12.1396293640137 12.4335412979126 12.663179397583 12.7863426208496 12.7437229156494 12.6743068695068 12.6144313812256 12.6432704925537 12.8287410736084 12.5916872024536 12.2417840957642 12.5097885131836 12.7733459472656 12.9649953842163 13.1538934707642 13.2746057510376 13.3434982299805 13.2972097396851 12.9911966323853 12.8012456893921 12.4251947402954 12.3843641281128 12.5266189575195 12.7479934692383 12.7223138809204 12.8745489120483 13.0832138061523 13.21875 13.2261877059937 13.2658967971802 13.0610618591309 13.0894641876221 13.0919780731201 13.2758693695068 13.3125953674316
13.8029804229736 13.7041473388672 13.8605213165283 13.4553050994873 13.1829223632812 13.013222694397 12.7273530960083 12.4400081634521 12.5027084350586 12.5818557739258 12.4520330429077 12.2003507614136 12.503267288208 12.5619869232178 12.5428428649902 12.707555770874 12.7298431396484 12.5448265075684 12.4697532653809 12.509370803833 12.7200088500977 12.3613224029541 12.2416296005249 12.5644245147705 12.6940898895264 12.9473133087158 13.0338144302368 13.5310029983521 13.3852519989014 13.0737428665161 13.1811103820801 13.1066904067993 12.5228118896484 12.4198579788208 12.5987005233765 12.8914918899536 12.9900102615356 12.7164726257324 13.1350650787354 13.2176151275635 13.4259767532349 13.5019969940186 13.0656118392944 12.9212427139282 12.94580078125 12.9350290298462 12.9944067001343
13.9721994400024 14.0287570953369 13.9276533126831 13.5030498504639 13.3600025177002 12.9095697402954 12.9486932754517 12.7832498550415 12.5013236999512 12.7325391769409 12.6923751831055 12.3289461135864 12.6051435470581 12.5919771194458 12.6171045303345 12.5856952667236 12.566704750061 12.4990816116333 12.3949785232544 12.4692335128784 12.3506937026978 12.201699256897 12.4283332824707 12.7870216369629 13.0496625900269 13.3671207427979 13.3032655715942 13.6922254562378 13.6014385223389 13.2914381027222 13.393871307373 12.8152866363525 12.3065843582153 12.3378820419312 12.6412973403931 12.677170753479 12.5208835601807 12.429009437561 12.6452913284302 12.9430208206177 13.0868253707886 13.38489818573 13.2214708328247 13.2376346588135 13.0861253738403 12.879077911377 12.8907890319824
14.071533203125 14.2447271347046 13.8756952285767 13.6859369277954 13.7944211959839 13.0801391601562 13.2267475128174 13.0105876922607 12.5532751083374 12.6126670837402 12.5019550323486 12.2569789886475 12.5314722061157 12.4179887771606 12.4640531539917 12.458948135376 12.2782430648804 12.1535472869873 12.2761726379395 12.5456800460815 12.3461532592773 12.4873132705688 12.6471691131592 13.0704507827759 13.1812477111816 13.1906604766846 13.2590999603271 13.5028133392334 13.3410062789917 13.1833295822144 13.5553531646729 12.9297666549683 12.0179100036621 12.2730283737183 13.6126518249512 12.6419401168823 12.3554286956787 12.0248785018921 11.9118986129761 12.2105741500854 13.2247638702393 13.2802047729492 13.1610803604126 12.9496698379517 13.2684364318848 13.0797138214111 13.0139188766479
13.9927864074707 14.1430540084839 14.0040445327759 13.9358367919922 13.5128602981567 13.3416929244995 13.3592290878296 12.9660301208496 12.5714740753174 12.371636390686 12.1855096817017 12.158561706543 12.3301458358765 12.3461246490479 12.4848003387451 12.6592741012573 12.514760017395 12.3364667892456 12.2673301696777 12.3458309173584 12.4719324111938 12.682635307312 13.0909652709961 12.9191370010376 12.8692140579224 12.950644493103 13.1541786193848 13.0304574966431 13.1383285522461 13.5135107040405 12.8576364517212 12.4499788284302 11.8722467422485 11.4373950958252 11.3584356307983 11.8338327407837 11.8405332565308 11.6749773025513 11.7556381225586 11.9335231781006 12.2288503646851 12.8707008361816 13.670654296875 13.8793001174927 13.6589117050171 13.3776187896729 13.3623657226562
13.9076614379883 14.0059356689453 13.8683652877808 14.0117607116699 14.0423879623413 13.7139930725098 13.4328317642212 13.2046909332275 12.984148979187 12.6214952468872 12.2944822311401 12.2102212905884 12.2268047332764 12.2999515533447 12.5332460403442 12.4592514038086 12.4676427841187 12.5622291564941 12.5975532531738 12.5848846435547 12.7520208358765 12.9022417068481 12.9102191925049 12.8582782745361 13.2923707962036 13.3681306838989 13.2529945373535 13.3755683898926 13.5832796096802 13.288423538208 12.5507364273071 12.6164236068726 11.8881502151489 11.3726863861084 11.3556861877441 11.5109930038452 11.4938802719116 11.7372751235962 11.6912546157837 11.6730995178223 11.7057962417603 11.8529596328735 12.3414487838745 13.5269231796265 14.1606645584106 13.4824256896973 13.603684425354
14.0534715652466 13.8008089065552 13.7091445922852 13.8446235656738 14.0664558410645 13.9042854309082 13.8207769393921 13.6527051925659 13.2570133209229 13.0838451385498 12.5449781417847 12.3097763061523 12.3818435668945 12.3248853683472 12.7158470153809 12.8056974411011 12.8532037734985 12.8305206298828 12.9844875335693 13.0670394897461 13.2238388061523 13.3823928833008 13.2816848754883 13.4108896255493 13.6309604644775 13.6357507705688 13.8649234771729 13.7824745178223 13.7839946746826 12.8428535461426 12.4807596206665 11.88099193573 11.3892383575439 11.3412170410156 11.355655670166 11.380729675293 11.3691072463989 11.7115859985352 11.7257213592529 11.6163063049316 11.6369342803955 11.7080068588257 11.8773927688599 12.2211036682129 12.8364248275757 14.1135568618774 13.6945352554321
13.9262590408325 13.86851978302 13.7687253952026 13.6450128555298 13.836163520813 13.854058265686 13.7920150756836 13.7123708724976 13.6402549743652 13.4744892120361 13.3208827972412 13.0368900299072 13.0444431304932 13.0888385772705 13.2704982757568 13.4767351150513 13.3146858215332 13.4452457427979 13.5364351272583 13.7005815505981 13.5260496139526 13.4780120849609 13.6247711181641 13.7961854934692 13.5190334320068 13.8885316848755 13.810622215271 13.3897399902344 13.2369747161865 12.2490692138672 11.8784379959106 11.4716281890869 11.4213304519653 11.2519702911377 11.2956275939941 11.3122577667236 11.5189838409424 11.4651250839233 11.5660238265991 11.5037212371826 11.6162757873535 11.6443824768066 11.7784080505371 11.9338569641113 11.9776964187622 12.2142000198364 12.6164398193359
13.8050832748413 13.8929147720337 13.9300308227539 13.6510019302368 13.485089302063 13.7079668045044 13.8364028930664 13.9948329925537 14.0604619979858 14.065318107605 13.8826360702515 13.8009948730469 13.6378030776978 13.5194931030273 13.1780843734741 13.3958196640015 13.3790740966797 13.4005508422852 13.4178628921509 13.6804227828979 13.4285459518433 13.3284378051758 13.7204599380493 13.7519702911377 13.8344039916992 13.735728263855 13.4200315475464 13.6977777481079 12.8659000396729 11.8096532821655 11.3004608154297 11.2720718383789 11.4032688140869 11.3433456420898 11.3764600753784 11.3939037322998 11.4381065368652 11.4335336685181 11.5183744430542 11.4925184249878 11.5570917129517 11.5916080474854 11.6619062423706 11.8345594406128 12.0497550964355 12.2801475524902 12.2355298995972
13.6419162750244 13.767972946167 13.9368333816528 13.7633142471313 13.5013198852539 13.5146160125732 13.6186351776123 13.9571924209595 14.1174087524414 13.9626741409302 13.7216911315918 13.7691612243652 13.6352844238281 13.5767726898193 13.4986438751221 13.4876775741577 13.5897064208984 13.6752376556396 13.48703956604 13.3748941421509 13.2587623596191 13.4582691192627 13.5156478881836 13.5715236663818 13.504077911377 13.5339679718018 13.6226062774658 13.7690296173096 13.0666303634644 12.3705959320068 11.6611957550049 11.3803768157959 11.5354013442993 11.4693670272827 11.3705110549927 11.2984476089478 11.3335256576538 11.4799528121948 11.6474294662476 11.6073665618896 11.59339427948 11.572172164917 11.6198711395264 11.7062540054321 12.019889831543 12.0576734542847 12.3203344345093
13.5542993545532 13.582239151001 13.7378339767456 13.6765871047974 13.7326183319092 13.6306552886963 13.5573749542236 13.6203651428223 13.7164945602417 13.550633430481 13.5566291809082 13.6187334060669 13.6339750289917 13.6726408004761 13.6840019226074 13.537522315979 13.644850730896 13.6806287765503 13.5238914489746 13.2114391326904 13.3397531509399 13.4801263809204 13.5963335037231 13.4953575134277 13.5268468856812 13.5317525863647 14.054741859436 14.0208826065063 13.2020072937012 12.4892234802246 11.7780914306641 11.2648553848267 11.3034210205078 11.32994556427 11.2922668457031 11.1994657516479 11.2954187393188 11.3530435562134 11.4584121704102 11.5179290771484 11.5680141448975 11.551025390625 11.6526870727539 11.7382764816284 12.0618963241577 12.01416015625 12.1196479797363
13.5234270095825 13.6298913955688 13.967246055603 13.7934265136719 13.8457374572754 13.6440391540527 13.6909761428833 13.6177072525024 13.5712232589722 13.5302209854126 13.5661478042603 13.6658325195312 13.728946685791 13.6330213546753 13.7435264587402 13.6587419509888 13.6832590103149 13.7400026321411 13.6169147491455 13.331093788147 13.2714157104492 13.5046825408936 13.7712955474854 13.8321390151978 13.6884851455688 13.4069414138794 14.2418441772461 13.9079666137695 13.1644773483276 13.002269744873 12.1031036376953 11.3603067398071 11.0913610458374 11.130895614624 11.0506401062012 11.1153078079224 11.3496627807617 11.3447542190552 11.4211883544922 11.6309518814087 11.6971559524536 11.6698179244995 11.5350656509399 11.6206512451172 11.9364147186279 12.0653591156006 11.881365776062
