Ecospace-environmental-drivers/Outputs/ASCII-for-ecospace/ChlA/ChlA_X2008.06.asc
NCOLS 131 
NROWS 53 
XLLCORNER -98 
YLLCORNER 23.9265270233154 
CELLSIZE 0.133587792515755 
NODATA_value -3.4e+38 
[rows 21 to 41 of 53, columns 0 to 46 of 131]
-3.4e+38 -3.4e+38 -3.4e+38 -3.4e+38 -3.4e+38 -3.4e+38 -3.4e+38 -3.4e+38 -3.4e+38 17.2484340667725 14.6483812332153 11.3181304931641 11.2954406738281 10.4700117111206 10.4985780715942 10.4817142486572 10.2892017364502 10.1375818252563 10.4273099899292 10.1179761886597 9.56232738494873 10.4101963043213 9.88736438751221 10.8382339477539 10.0550289154053 10.0958375930786 10.7283983230591 10.5551137924194 10.482705116272 11.547963142395 11.4771099090576 11.3840179443359 10.1052093505859 8.14190673828125 9.68893432617188 10.7365884780884 11.4685430526733 10.3426666259766 8.61817932128906 9.45541286468506 9.50317192077637 9.12936210632324 9.33745574951172 10.1165571212769 9.84952640533447 9.93032455444336 10.3278532028198
-3.4e+38 -3.4e+38 -3.4e+38 -3.4e+38 -3.4e+38 -3.4e+38 -3.4e+38 -3.4e+38 18.1097106933594 14.7865304946899 10.8564252853394 10.2722091674805 10.0911893844604 10.5710210800171 10.3423824310303 10.1160221099854 9.7006950378418 9.75832271575928 9.75152015686035 9.5211935043335 8.97677707672119 8.51962757110596 8.81031894683838 9.19043731689453 9.22050857543945 9.74299430847168 11.1084432601929 11.1112604141235 11.118613243103 11.1105327606201 11.0487871170044 10.0514717102051 9.74296569824219 8.91731452941895 7.91213989257812 9.56742763519287 10.5546875 9.87318420410156 9.20982456207275 9.18545246124268 9.18783855438232 9.6545524597168 9.461669921875 9.52725982666016 9.66961574554443 10.0640554428101 9.01116371154785
-3.4e+38 -3.4e+38 -3.4e+38 -3.4e+38 -3.4e+38 26.1165103912354 -3.4e+38 16.3991680145264 13.0024280548096 11.6349840164185 10.5363101959229 9.58148860931396 8.72982883453369 8.07794666290283 9.35916996002197 8.99786472320557 9.40609836578369 9.33915328979492 9.69993877410889 8.97316455841064 8.54834461212158 6.98634195327759 9.3016414642334 8.91746711730957 8.75952339172363 8.92111778259277 9.11775016784668 9.73964405059814 10.1758193969727 9.89971351623535 10.7296705245972 9.97421264648438 10.4279270172119 8.68921661376953 9.13699340820312 9.25452709197998 9.56526184082031 9.28374195098877 9.25133991241455 9.26931190490723 9.90622138977051 9.5963306427002 9.28697109222412 9.23715782165527 9.38309860229492 9.80765247344971 9.01709651947021
-3.4e+38 -3.4e+38 -3.4e+38 -3.4e+38 -3.4e+38 24.3993682861328 18.5391788482666 13.6801242828369 11.8669023513794 11.0180263519287 10.4838361740112 8.9191837310791 8.46154117584229 8.27214527130127 8.70330047607422 8.78968143463135 9.12998485565186 9.47158622741699 9.40850448608398 8.59554672241211 7.6540355682373 8.0138053894043 8.66731739044189 8.62325477600098 8.77147579193115 8.64588928222656 7.85606575012207 8.85281085968018 8.66708564758301 9.68303775787354 10.4121656417847 9.33788681030273 10.0699338912964 9.2011137008667 8.80634880065918 9.21938228607178 8.49075698852539 8.94434070587158 9.34691619873047 9.61299133300781 9.51806354522705 9.42084217071533 9.31396389007568 9.01928329467773 9.28584003448486 9.65737152099609 9.26742935180664
-3.4e+38 -3.4e+38 -3.4e+38 -3.4e+38 -3.4e+38 14.4760932922363 13.5384073257446 11.9354209899902 11.0425176620483 10.2590560913086 9.59602832794189 8.82135677337646 8.15775585174561 8.52060413360596 8.80936622619629 8.73220443725586 8.41262149810791 9.46790504455566 8.41580772399902 7.50095415115356 7.46865129470825 8.10004043579102 8.14355087280273 8.39822387695312 9.03843307495117 8.36565017700195 7.63804531097412 7.64040184020996 8.28873157501221 8.5927791595459 8.54199314117432 8.96327686309814 11.1794443130493 9.94385814666748 -3.4e+38 8.89668560028076 8.76710796356201 8.59696960449219 8.93322372436523 9.12906837463379 9.11461639404297 9.02419185638428 9.10668849945068 9.1414737701416 8.95188808441162 9.10990524291992 9.3085880279541
-3.4e+38 -3.4e+38 -3.4e+38 -3.4e+38 -3.4e+38 16.2541427612305 12.7727031707764 11.3966617584229 10.5586471557617 10.05544090271 9.75725555419922 8.73396587371826 8.46681690216064 8.48384475708008 8.19346237182617 9.00874137878418 9.12137985229492 9.00768947601318 8.63394641876221 7.65974998474121 8.22363662719727 8.49283885955811 8.39355659484863 8.53862476348877 8.03947639465332 8.51846122741699 7.74700784683228 7.87865447998047 7.77942180633545 6.80433797836304 7.08157444000244 9.57645893096924 12.1022748947144 9.16354846954346 9.4860954284668 8.99533557891846 8.69618892669678 9.16840171813965 8.51252365112305 8.41654205322266 8.53768348693848 8.92690753936768 9.03886413574219 8.9150218963623 9.23936176300049 8.77056312561035 8.70552253723145
-3.4e+38 -3.4e+38 -3.4e+38 -3.4e+38 -3.4e+38 14.8207235336304 12.2005224227905 10.3345022201538 9.2502555847168 9.10797595977783 9.33144950866699 8.34505558013916 8.319899559021 8.63405323028564 8.44228839874268 8.61049842834473 8.22297477722168 8.55753040313721 8.62007522583008 7.80664491653442 8.18623924255371 8.88071441650391 8.75253391265869 8.24148845672607 8.33409118652344 8.37377834320068 8.05190372467041 8.66893577575684 10.0775699615479 9.22173595428467 9.47199726104736 9.16696834564209 10.7681894302368 10.5228319168091 9.52218055725098 8.57384872436523 8.41479682922363 9.03145599365234 8.83404636383057 8.86225891113281 8.60677337646484 8.83354091644287 8.95657348632812 8.20817565917969 6.46854972839355 7.22122859954834 8.40887260437012
-339999999999999996128486808808066248288.000000000000000 -3.4e+38 -3.4e+38 -3.4e+38 13.7896842956543 13.9273719787598 12.1197776794434 8.96971988677979 7.96993255615234 8.27850723266602 8.99931716918945 8.39072799682617 8.12078285217285 8.54051494598389 7.91490983963013 8.02434635162354 9.17126846313477 8.60265445709229 7.26185655593872 7.76197385787964 8.90782260894775 8.42965984344482 8.09361457824707 8.48503398895264 8.00105571746826 8.84816455841064 9.56903553009033 8.82343006134033 8.93352603912354 8.95370674133301 8.86594200134277 8.85286331176758 8.86776542663574 10.4255361557007 9.82151317596436 8.72426986694336 9.3871545791626 8.86764430999756 8.58425045013428 8.37212753295898 8.7271203994751 9.02054023742676 9.47650718688965 7.61646223068237 5.79888010025024 7.43700456619263 7.81441831588745
-3.4e+38 -3.4e+38 -3.4e+38 -3.4e+38 15.5262250900269 13.2280731201172 10.4110908508301 9.26277256011963 8.21598052978516 8.18658447265625 8.78589820861816 8.42969417572021 8.50649166107178 8.32878017425537 7.53506326675415 7.54444980621338 9.71330738067627 8.95099449157715 8.697190284729 8.88128852844238 9.17902851104736 8.8142261505127 8.15095138549805 8.64978504180908 9.04680442810059 8.78007411956787 7.92655658721924 9.26989650726318 8.98499774932861 8.12280750274658 8.67833423614502 8.68978691101074 10.128475189209 9.91483211517334 9.66481971740723 9.46168804168701 9.28089904785156 8.7691535949707 9.12954998016357 8.34927177429199 8.3534460067749 8.14386367797852 9.4578161239624 8.80358600616455 7.38031482696533 6.74546003341675 6.36831092834473
-3.4e+38 -3.4e+38 -3.4e+38 -3.4e+38 14.3548145294189 12.5322322845459 9.85776996612549 9.05117607116699 8.31616020202637 8.35317707061768 8.68047332763672 8.63093852996826 8.34825611114502 8.44924163818359 8.89522933959961 7.78765535354614 8.54955768585205 8.68387222290039 8.51668834686279 9.32934284210205 8.98119449615479 8.25083351135254 8.14851951599121 8.01820468902588 8.9623851776123 7.66936445236206 8.93939208984375 9.06434440612793 8.91059970855713 9.38338375091553 8.15396308898926 10.2053098678589 9.62703514099121 9.63375568389893 9.6856107711792 9.55313396453857 10.5766487121582 9.58552169799805 8.64397716522217 8.40955638885498 8.37453556060791 8.56053638458252 9.05689334869385 9.35248565673828 7.76718521118164 6.48517465591431 6.72892141342163
-3.4e+38 -3.4e+38 -3.4e+38 -3.4e+38 -3.4e+38 12.9234924316406 9.69508743286133 9.08261871337891 8.33837127685547 8.5047550201416 8.7452507019043 8.77002239227295 8.32846355438232 7.59068202972412 8.75602245330811 8.9194278717041 8.97047233581543 9.50891590118408 8.55058193206787 9.53033447265625 9.75054836273193 9.58871173858643 8.98886108398438 8.7355375289917 10.5454063415527 10.3315324783325 7.83048009872437 7.57214641571045 7.46936511993408 8.85885334014893 8.64019775390625 8.79366016387939 10.310920715332 10.9226837158203 9.69276237487793 9.49232578277588 10.3656349182129 9.83301258087158 10.2097187042236 10.020866394043 9.72675800323486 8.65318202972412 9.4127893447876 9.01585292816162 8.465087890625 7.46136903762817 6.95820236206055
-3.4e+38 -3.4e+38 -3.4e+38 -3.4e+38 -3.4e+38 14.0873374938965 10.7195329666138 9.0526704788208 8.17517280578613 8.45680713653564 8.81406211853027 8.66814422607422 8.50074005126953 8.29610824584961 7.60764074325562 8.54479789733887 8.85310077667236 9.35633754730225 8.77480602264404 9.35988903045654 9.42655467987061 9.01291465759277 9.21488189697266 9.50705909729004 10.2919054031372 9.39537334442139 9.10866832733154 8.27302360534668 8.4999303817749 9.47064113616943 8.30654048919678 8.77677726745605 9.67632675170898 9.25317478179932 9.13429164886475 10.1616220474243 10.0681772232056 10.2866230010986 10.0526552200317 9.80818748474121 9.08798694610596 8.01933288574219 6.83932638168335 6.85219764709473 7.88615655899048 8.0308198928833 7.44015026092529
-3.4e+38 -3.4e+38 -3.4e+38 -3.4e+38 -3.4e+38 14.4475393295288 12.6090517044067 8.98741149902344 8.51937770843506 9.13407611846924 8.7857837677002 8.75222206115723 8.88499164581299 8.27239990234375 6.61180257797241 7.23428344726562 8.87979125976562 8.63202381134033 8.5426139831543 8.69386291503906 8.88050365447998 9.00768661499023 8.67753124237061 8.73240661621094 9.49426460266113 9.90318298339844 8.92715549468994 8.41863632202148 8.35255336761475 9.04665470123291 8.89924716949463 9.27759075164795 10.4112348556519 9.87123012542725 10.4723596572876 10.2416133880615 10.3966798782349 9.76697540283203 8.87060356140137 8.74317836761475 9.53820610046387 7.46750974655151 6.56036853790283 6.86551332473755 7.85711812973022 8.22328281402588 9.1158390045166
-3.4e+38 -3.4e+38 -3.4e+38 -3.4e+38 -3.4e+38 14.4411115646362 13.793662071228 10.5420522689819 8.60563468933105 8.75770378112793 8.82932376861572 8.45633316040039 8.59686088562012 8.44143104553223 7.0315260887146 7.20131492614746 8.48331928253174 8.4823751449585 8.40719985961914 8.39024829864502 8.82647132873535 9.06327438354492 8.94451141357422 8.83442211151123 9.04372787475586 9.88661003112793 9.85199642181396 9.06834888458252 8.15229511260986 8.71719360351562 8.69410991668701 9.19576644897461 10.1080980300903 10.2845411300659 10.1238565444946 10.2971067428589 10.1456899642944 10.1293611526489 8.84485054016113 8.84203433990479 9.23761177062988 8.84817218780518 8.89606189727783 8.6252326965332 8.95202732086182 9.29010963439941 8.91458225250244
-3.4e+38 -3.4e+38 -3.4e+38 -3.4e+38 -3.4e+38 -3.4e+38 12.7268199920654 10.4217252731323 8.17045879364014 9.07290458679199 8.93868732452393 8.26944065093994 8.58755493164062 8.87346839904785 8.44842147827148 7.828857421875 8.49464511871338 8.42900848388672 8.46700572967529 8.4087495803833 8.72900009155273 9.00026321411133 9.52739238739014 9.4948844909668 9.08181095123291 8.99215984344482 9.25275325775146 9.90919971466064 8.12730312347412 8.80762100219727 8.97203636169434 9.82773780822754 8.86198329925537 9.07362365722656 9.10565090179443 9.87348175048828 9.6875581741333 9.47758388519287 9.15421295166016 9.5396728515625 9.39865684509277 9.37463188171387 9.36471176147461 8.93293762207031 9.10187816619873 9.3509693145752 9.19689464569092
-3.4e+38 -3.4e+38 -3.4e+38 -3.4e+38 -3.4e+38 -3.4e+38 -3.4e+38 10.1208028793335 6.17920970916748 8.07762622833252 8.77682018280029 8.04384803771973 8.62741565704346 8.84593963623047 8.31342124938965 8.14416694641113 8.30370807647705 8.03549003601074 8.42495536804199 8.07208251953125 8.10446357727051 8.78602313995361 9.02521324157715 9.15462875366211 9.30741119384766 8.93898582458496 9.17516422271729 9.02643013000488 8.02224826812744 8.75045585632324 8.61807918548584 9.04238319396973 8.79916477203369 8.77091121673584 9.2448091506958 9.35147762298584 9.22927284240723 9.44261264801025 9.51099014282227 8.97484111785889 8.93758296966553 9.35138893127441 9.54959964752197 9.61022567749023 9.39552879333496 8.5639009475708 8.00192642211914
-3.4e+38 -3.4e+38 -3.4e+38 -3.4e+38 -3.4e+38 -3.4e+38 12.5460748672485 9.93307113647461 8.04347991943359 7.67899131774902 8.57188320159912 8.50594139099121 8.32305908203125 8.34546947479248 8.076979637146 8.22427940368652 8.65551090240479 8.25168800354004 7.84335470199585 8.46909332275391 8.08927154541016 8.4950532913208 9.49285697937012 9.36047554016113 9.12860774993896 9.13898754119873 9.78712177276611 9.47845363616943 8.87582302093506 8.6760139465332 9.23814487457275 9.66270351409912 9.40377807617188 8.65715980529785 8.47331523895264 9.33766555786133 10.1614675521851 10.2718868255615 9.46016025543213 8.70135402679443 8.87821197509766 9.08176708221436 9.52694416046143 8.36647033691406 9.05911159515381 8.46064186096191 -3.4e+38
-3.4e+38 -3.4e+38 -3.4e+38 -3.4e+38 -3.4e+38 -3.4e+38 -3.4e+38 10.3323354721069 7.76867389678955 7.69632625579834 8.34127712249756 8.81692123413086 9.0724925994873 8.52480697631836 7.94073820114136 7.87040185928345 8.41826629638672 8.69060897827148 8.50874996185303 7.98917055130005 8.34068775177002 8.43143939971924 9.26559829711914 9.13563442230225 9.23375701904297 9.0683765411377 9.39757347106934 9.31438064575195 9.37484359741211 9.65953636169434 9.6385669708252 9.10230350494385 9.79451560974121 10.5296573638916 9.24086570739746 10.5763969421387 9.94560718536377 9.95921421051025 9.41958999633789 9.24325084686279 9.47784996032715 9.7794132232666 9.21884346008301 7.98614835739136 7.68148851394653 7.66373491287231 8.88830089569092
-3.4e+38 -3.4e+38 -3.4e+38 -3.4e+38 -3.4e+38 -3.4e+38 12.5916538238525 9.59296417236328 7.18217420578003 7.4809398651123 8.68301105499268 9.46243762969971 8.963791847229 8.74267768859863 8.51026821136475 9.09674167633057 9.06526279449463 8.26387786865234 8.24700927734375 8.32026481628418 9.12685489654541 9.18790340423584 9.12472152709961 9.06948375701904 8.9340877532959 9.14776420593262 8.80956363677979 9.1629056930542 9.28480815887451 9.40179252624512 9.77570915222168 9.81142902374268 9.73797702789307 9.92327213287354 10.7424535751343 11.4191074371338 10.8708381652832 10.8748550415039 9.62929630279541 9.02773761749268 8.83443450927734 9.23031139373779 9.01850414276123 8.83828830718994 9.33395957946777 7.77699375152588 6.49537706375122
-3.4e+38 -3.4e+38 -3.4e+38 -3.4e+38 -3.4e+38 -3.4e+38 11.1924352645874 8.85758113861084 8.1999568939209 8.47809505462646 8.67128849029541 8.05960178375244 8.89616012573242 8.22442436218262 8.65341186523438 9.22473526000977 8.4516019821167 8.69944477081299 8.45098781585693 8.21452903747559 9.19954681396484 9.54454326629639 9.07123470306396 8.90179538726807 8.70603179931641 9.01580047607422 9.42803764343262 9.03537178039551 7.4333119392395 9.02450942993164 9.23029327392578 9.80227661132812 10.2335157394409 10.3842363357544 10.7534646987915 11.1602659225464 10.3951864242554 9.68473529815674 9.46655750274658 8.59752368927002 9.03309726715088 9.33409118652344 8.75543022155762 8.6102180480957 9.15021705627441 9.75096797943115 8.86492824554443
-3.4e+38 -3.4e+38 -3.4e+38 -3.4e+38 -3.4e+38 12.1668329238892 10.0396823883057 8.22729015350342 8.14236640930176 8.66230201721191 8.96779632568359 8.79973125457764 8.50403881072998 8.01005554199219 8.52798271179199 8.7634220123291 8.216233253479 8.53402328491211 7.89490270614624 8.55842876434326 8.44756126403809 9.54541683197021 9.86498165130615 8.58561515808105 9.03613185882568 9.20047760009766 9.08799934387207 8.42136573791504 8.9248743057251 9.29431438446045 9.45475578308105 9.71490669250488 9.74797630310059 10.2725706100464 10.5704097747803 10.5759038925171 10.9876737594604 10.5202865600586 9.97219753265381 9.90044689178467 9.28091526031494 9.05514812469482 9.07373046875 9.13680744171143 8.36404037475586 9.15597152709961 9.03192043304443
