Ecospace-environmental-drivers/Outputs/ASCII-for-ecospace/ChlA/ChlA_X2003.11.asc
NCOLS 131 
NROWS 53 
XLLCORNER -98 
YLLCORNER 23.9265270233154 
CELLSIZE 0.133587792515755 
NODATA_value -3.4e+38 
[rows 0 to 20 of 53, columns 47 to 93 of 131]
-3.4e+38 -3.4e+38 -3.4e+38 -3.4e+38 -3.4e+38 -3.4e+38 -3.4e+38 -3.4e+38 -3.4e+38 -3.4e+38 -3.4e+38 -3.4e+38 -3.4e+38 -3.4e+38 -3.4e+38 -3.4e+38 -3.4e+38 -3.4e+38 -3.4e+38 -3.4e+38 -3.4e+38 -3.4e+38 -3.4e+38 -3.4e+38 -3.4e+38 -3.4e+38 -3.4e+38 -3.4e+38 -3.4e+38 -3.4e+38 -3.4e+38 -3.4e+38 -3.4e+38 -3.4e+38 -3.4e+38 -3.4e+38 -3.4e+38 -3.4e+38 -3.4e+38 -3.4e+38 -3.4e+38 -3.4e+38 -3.4e+38 -3.4e+38 -3.4e+38 -3.4e+38 -3.4e+38
-3.4e+38 -3.4e+38 -3.4e+38 -3.4e+38 -3.4e+38 -3.4e+38 -3.4e+38 -3.4e+38 -3.4e+38 -3.4e+38 -3.4e+38 -3.4e+38 -3.4e+38 -3.4e+38 -3.4e+38 -3.4e+38 -3.4e+38 -3.4e+38 -3.4e+38 -3.4e+38 -3.4e+38 -3.4e+38 -3.4e+38 -3.4e+38 -3.4e+38 -3.4e+38 -3.4e+38 -3.4e+38 -3.4e+38 -3.4e+38 -3.4e+38 -3.4e+38 -3.4e+38 -3.4e+38 -3.4e+38 -3.4e+38 -3.4e+38 -3.4e+38 -3.4e+38 -3.4e+38 -3.4e+38 -3.4e+38 -3.4e+38 -3.4e+38 -3.4e+38 -3.4e+38 -3.4e+38
-3.4e+38 -3.4e+38 -3.4e+38 -3.4e+38 -3.4e+38 -3.4e+38 -3.4e+38 -3.4e+38 -3.4e+38 -3.4e+38 -3.4e+38 -3.4e+38 -3.4e+38 -3.4e+38 -3.4e+38 -3.4e+38 -3.4e+38 -3.4e+38 -3.4e+38 -3.4e+38 -3.4e+38 -3.4e+38 -3.4e+38 -3.4e+38 -3.4e+38 -3.4e+38 -3.4e+38 -3.4e+38 -3.4e+38 -3.4e+38 -3.4e+38 -3.4e+38 -3.4e+38 -3.4e+38 -3.4e+38 -3.4e+38 -3.4e+38 -3.4e+38 -3.4e+38 -3.4e+38 -3.4e+38 -3.4e+38 -3.4e+38 -3.4e+38 -3.4e+38 -3.4e+38 -3.4e+38
-3.4e+38 -3.4e+38 -3.4e+38 -3.4e+38 -3.4e+38 -3.4e+38 -3.4e+38 -3.4e+38 -3.4e+38 -3.4e+38 -3.4e+38 -3.4e+38 -3.4e+38 -3.4e+38 -3.4e+38 -3.4e+38 -3.4e+38 -3.4e+38 -3.4e+38 -3.4e+38 -3.4e+38 -3.4e+38 -3.4e+38 -3.4e+38 -3.4e+38 -3.4e+38 -3.4e+38 22.8567848205566 21.0995864868164 -3.4e+38 -3.4e+38 -3.4e+38 -3.4e+38 -3.4e+38 16.9428157806396 16.9189224243164 -3.4e+38 -3.4e+38 -3.4e+38 15.5007638931274 14.5937051773071 -3.4e+38 -3.4e+38 -3.4e+38 -3.4e+38 -3.4e+38 -3.4e+38
-3.4e+38 -3.4e+38 -3.4e+38 -3.4e+38 -3.4e+38 -3.4e+38 -3.4e+38 -3.4e+38 -3.4e+38 -3.4e+38 -3.4e+38 18.4917488098145 -3.4e+38 -3.4e+38 -3.4e+38 -3.4e+38 -3.4e+38 -3.4e+38 -3.4e+38 18.3397274017334 17.806812286377 18.347261428833 -3.4e+38 -3.4e+38 -3.4e+38 15.4313230514526 -3.4e+38 19.3461475372314 18.3706378936768 -3.4e+38 -3.4e+38 -3.4e+38 -3.4e+38 14.0944814682007 15.5017004013062 12.9804744720459 11.0732479095459 11.0599927902222 11.3598976135254 13.1117687225342 14.3068284988403 -3.4e+38 -3.4e+38 -3.4e+38 -3.4e+38 -3.4e+38 -3.4e+38
-3.4e+38 -3.4e+38 -3.4e+38 -3.4e+38 -3.4e+38 -3.4e+38 -3.4e+38 -3.4e+38 18.7987747192383 19.6951789855957 20.5952682495117 19.706111907959 18.4910430908203 18.983959197998 -3.4e+38 -3.4e+38 -3.4e+38 20.2856540679932 18.3533000946045 19.8973922729492 19.1479835510254 19.5314388275146 19.5702037811279 19.4031581878662 18.4581832885742 18.1524295806885 18.4342155456543 20.1256465911865 18.4501419067383 17.6979274749756 16.9358005523682 12.5712146759033 13.8854198455811 12.5911750793457 11.1728210449219 10.735463142395 10.4949331283569 10.4972229003906 11.0435094833374 11.2183799743652 11.0371341705322 10.9628896713257 10.9597139358521 11.4724349975586 -3.4e+38 -3.4e+38 -3.4e+38
-3.4e+38 -3.4e+38 -3.4e+38 -3.4e+38 -3.4e+38 -3.4e+38 -3.4e+38 -3.4e+38 -3.4e+38 19.6521129608154 19.7535343170166 20.1941795349121 18.5726928710938 19.3475227355957 20.8921985626221 22.8560333251953 21.0066223144531 20.9025020599365 20.8648796081543 20.9981002807617 21.6197071075439 21.3726844787598 19.7678356170654 18.3860492706299 17.7879886627197 17.0613536834717 18.7600040435791 18.7106323242188 16.3674869537354 14.8423309326172 13.2756671905518 12.2122097015381 11.907280921936 11.3771600723267 11.1343612670898 10.8476486206055 10.8935499191284 10.8280849456787 11.109395980835 11.1024227142334 10.9119997024536 10.7388820648193 10.9814805984497 11.496470451355 12.9751720428467 -3.4e+38 -3.4e+38
-3.4e+38 -3.4e+38 -3.4e+38 -3.4e+38 -3.4e+38 -3.4e+38 -3.4e+38 -3.4e+38 -3.4e+38 -3.4e+38 23.8508319854736 23.2933311462402 23.2214450836182 23.3752708435059 19.6898536682129 20.6513347625732 20.611177444458 20.6584491729736 22.3370819091797 21.9365673065186 20.457612991333 20.6496257781982 20.1291751861572 15.4884767532349 14.587119102478 14.4741048812866 14.6779680252075 14.5590944290161 14.2312154769897 13.8463306427002 12.8213577270508 11.9760551452637 11.2640838623047 11.1173114776611 11.0690002441406 10.777138710022 10.5932970046997 10.4547491073608 10.9179716110229 11.1774187088013 11.1291828155518 11.0746364593506 11.3941078186035 11.3620338439941 13.1332378387451 16.9418716430664 16.2289447784424
-3.4e+38 -3.4e+38 -3.4e+38 -3.4e+38 -3.4e+38 -3.4e+38 -3.4e+38 -3.4e+38 -3.4e+38 -3.4e+38 -3.4e+38 -3.4e+38 -3.4e+38 -3.4e+38 -3.4e+38 20.153434753418 -3.4e+38 -3.4e+38 23.1922855377197 22.252233505249 20.4030933380127 20.3787899017334 21.1916427612305 15.8052759170532 12.7105722427368 12.9971532821655 13.7094230651855 13.5139713287354 13.2954292297363 13.2178134918213 12.0862417221069 11.1314268112183 10.716570854187 10.8682222366333 10.587007522583 10.6746377944946 10.2914934158325 10.4847049713135 10.7684316635132 10.6761703491211 10.8411464691162 11.1948623657227 11.4146995544434 11.2998828887939 11.9914331436157 15.1556930541992 17.9756050109863
18.7283477783203 -3.4e+38 -3.4e+38 -3.4e+38 -3.4e+38 -3.4e+38 -3.4e+38 -3.4e+38 -3.4e+38 -3.4e+38 18.8977012634277 16.4142284393311 -3.4e+38 -3.4e+38 -3.4e+38 -3.4e+38 -3.4e+38 21.2813014984131 22.9788227081299 23.0585327148438 24.3803634643555 23.0771255493164 22.5725479125977 16.0755653381348 12.8286066055298 13.5725841522217 13.7466478347778 13.2044820785522 12.4437236785889 12.0085372924805 11.3129692077637 10.8951864242554 11.1406087875366 10.8632726669312 10.8204965591431 10.8125848770142 10.3503904342651 10.2762537002563 10.5272226333618 10.87668800354 10.8621492385864 11.1186552047729 10.9492807388306 11.0852899551392 12.0946893692017 15.5200386047363 18.9814891815186
21.0147457122803 -3.4e+38 -3.4e+38 -3.4e+38 -3.4e+38 -3.4e+38 -3.4e+38 -3.4e+38 -3.4e+38 -3.4e+38 -3.4e+38 -3.4e+38 -3.4e+38 -3.4e+38 -3.4e+38 22.8489952087402 21.7136554718018 23.1708869934082 23.9543991088867 24.4303073883057 23.0883197784424 22.2272987365723 21.1519031524658 14.370304107666 12.8736095428467 12.9020586013794 13.4595718383789 12.9158306121826 12.4425077438354 11.6328859329224 11.4101276397705 11.0883140563965 10.8703832626343 11.0852060317993 10.9692525863647 10.6914319992065 10.5819664001465 10.2848749160767 10.4550886154175 10.6869564056396 10.8800830841064 11.1807727813721 11.2954444885254 11.4210529327393 12.5186672210693 15.5422773361206 19.2286052703857
20.9367332458496 23.2109413146973 24.4553356170654 -3.4e+38 -3.4e+38 -3.4e+38 -3.4e+38 -3.4e+38 -3.4e+38 -3.4e+38 -3.4e+38 14.7626914978027 14.7769460678101 21.2233753204346 -3.4e+38 -3.4e+38 21.728910446167 24.8206920623779 25.0407257080078 24.8687305450439 22.3674812316895 19.817195892334 14.0764799118042 12.3742122650146 12.5772829055786 11.9240484237671 12.1698303222656 11.5275850296021 11.5596361160278 11.379150390625 11.1779699325562 10.8410768508911 10.5364627838135 10.6296625137329 10.7024440765381 10.7062587738037 10.7584495544434 10.5103664398193 10.5413208007812 10.4005851745605 10.7564668655396 11.0657548904419 11.3179721832275 12.2998151779175 13.8775758743286 17.0983486175537 17.961971282959
21.4222145080566 21.0568618774414 21.2643814086914 22.734037399292 -3.4e+38 -3.4e+38 -3.4e+38 -3.4e+38 17.7110080718994 16.9810047149658 -3.4e+38 -3.4e+38 19.8842582702637 21.5556621551514 21.564525604248 22.9745121002197 -3.4e+38 22.859395980835 25.0965919494629 24.8400764465332 20.8815460205078 15.2801113128662 12.5249071121216 11.6897764205933 10.9648532867432 10.8403310775757 10.9648838043213 10.6634244918823 10.6908521652222 10.7561464309692 10.5731649398804 10.3580598831177 10.1606979370117 10.2636346817017 10.5846290588379 10.7189178466797 10.7165899276733 10.4902582168579 10.2534303665161 10.500337600708 10.564845085144 10.6471509933472 10.9923505783081 12.0359573364258 12.8702821731567 14.7852821350098 15.6388597488403
22.018274307251 23.9477291107178 23.3399219512939 20.9933624267578 21.1998157501221 21.8421306610107 21.3199920654297 19.9812202453613 20.6691722869873 20.7670822143555 20.4520664215088 22.1436367034912 21.3173084259033 21.5121879577637 20.1584987640381 21.6129970550537 23.5140972137451 22.361026763916 -3.4e+38 23.7749214172363 22.6764087677002 16.5432052612305 12.5274105072021 11.2449073791504 10.5153751373291 10.2069253921509 10.0923700332642 10.202862739563 10.0366115570068 10.1755647659302 10.2146911621094 9.9970874786377 9.84707260131836 10.0767841339111 10.4002704620361 10.6726694107056 10.4015588760376 10.3473453521729 10.2435388565063 10.4986352920532 10.416787147522 10.3830652236938 10.4236650466919 10.835898399353 11.1661233901978 12.3498802185059 12.9463920593262
20.9971866607666 21.0844669342041 22.0405330657959 22.7241897583008 23.6704692840576 23.0245113372803 22.8021373748779 21.8907585144043 22.8668384552002 22.1272487640381 22.197021484375 22.1677093505859 21.3138294219971 21.3430995941162 21.6492443084717 22.528133392334 23.4992504119873 23.449764251709 21.781042098999 23.2406711578369 22.6184730529785 17.2986965179443 10.9851312637329 10.1608123779297 9.88027667999268 9.81609058380127 10.0651550292969 9.88705253601074 9.9722375869751 9.8571605682373 9.92501831054688 9.82284259796143 9.96593475341797 10.0977487564087 10.3320541381836 10.4540119171143 10.0352897644043 10.1491289138794 10.0872735977173 10.3516426086426 10.4394407272339 10.5457792282104 10.6413297653198 10.6079902648926 10.7361145019531 10.9014282226562 11.2209253311157
21.220703125 20.728006362915 21.4257831573486 22.4451694488525 22.0737361907959 23.2251205444336 23.8297843933105 24.9044342041016 23.5421524047852 21.2506160736084 20.4261264801025 19.8406677246094 19.9140071868896 19.600212097168 19.7062549591064 21.3093090057373 23.4586410522461 22.0420818328857 21.8544216156006 20.2189521789551 17.0072078704834 14.65735912323 10.3130397796631 9.74171543121338 9.61392402648926 9.8535852432251 9.91330623626709 10.0018186569214 10.0180063247681 10.0116243362427 9.85861396789551 9.87308692932129 9.95396518707275 9.9048547744751 9.9960765838623 10.1762132644653 9.84922885894775 10.0393085479736 10.0618772506714 10.2218799591064 10.4668092727661 10.5922555923462 10.2896156311035 10.3444519042969 10.3909749984741 10.6604957580566 10.7045335769653
18.9621562957764 21.5249710083008 20.0122871398926 19.7221622467041 20.5150260925293 23.3744697570801 23.589282989502 20.9315509796143 19.0482845306396 18.0688076019287 17.3247165679932 17.9674835205078 18.6388626098633 18.6299896240234 18.1248607635498 18.6000823974609 20.3755054473877 19.727029800415 17.2577838897705 15.4572563171387 13.0264692306519 11.1605806350708 9.92522621154785 9.4885835647583 9.47661113739014 9.73936557769775 9.87890815734863 10.0110330581665 10.0096168518066 10.0018653869629 9.71972942352295 9.9106912612915 9.84165382385254 9.78637504577637 9.94878196716309 9.86144351959229 9.59946250915527 9.78605175018311 9.82955741882324 10.0363903045654 10.2553043365479 10.1820878982544 10.4418840408325 10.1164617538452 10.1678504943848 10.3749170303345 10.3605060577393
15.6361150741577 18.5919456481934 20.340461730957 20.4697818756104 20.1550426483154 21.2383689880371 22.228401184082 19.7117481231689 18.5157051086426 16.6050224304199 16.374153137207 17.1460609436035 17.278491973877 16.8692760467529 17.2636489868164 17.1202850341797 17.193323135376 16.6680145263672 15.2129096984863 12.6858673095703 11.9561061859131 10.3959894180298 9.50060653686523 9.39211368560791 9.55569648742676 9.73471736907959 9.79637432098389 9.79899215698242 9.87749099731445 9.7276611328125 9.6966667175293 9.71408939361572 9.76722812652588 9.88467693328857 9.83868789672852 9.85139751434326 9.6259765625 9.99836254119873 9.85450172424316 9.89062023162842 10.3491506576538 10.1392631530762 10.1598711013794 9.96497058868408 10.2502460479736 10.3592586517334 10.4029903411865
14.1855659484863 14.5062313079834 14.6673383712769 15.290623664856 15.1314640045166 15.3667125701904 17.7509059906006 18.6879806518555 18.0491714477539 15.0016775131226 14.8947839736938 15.0469627380371 15.1619644165039 14.7475490570068 14.6295442581177 15.2250995635986 15.9841709136963 15.6547393798828 13.9907236099243 11.7183389663696 10.48508644104 10.007758140564 9.6928129196167 9.40830707550049 9.19888305664062 9.42820167541504 9.60645389556885 9.47965145111084 9.9739351272583 10.1069822311401 9.95039653778076 9.81241321563721 9.87317085266113 9.77773761749268 10.0106563568115 10.3468456268311 10.4565296173096 10.5743207931519 10.7222566604614 10.7842321395874 10.467342376709 10.3787536621094 10.3809938430786 10.3015832901001 10.279990196228 10.2291641235352 10.323618888855
12.3149547576904 12.3559474945068 12.448751449585 12.8359699249268 13.8851451873779 13.1427917480469 13.2922372817993 14.3163480758667 15.7032403945923 14.1660776138306 13.4462299346924 12.4583883285522 13.3554391860962 13.3589458465576 11.7755546569824 12.1216316223145 13.5813541412354 12.5059642791748 11.708327293396 10.780219078064 10.0931606292725 10.0607004165649 9.57173728942871 9.69039916992188 9.84780502319336 9.82272148132324 9.88579177856445 9.41638374328613 9.57574367523193 9.93102264404297 9.73105049133301 9.83909130096436 10.1005878448486 10.1771554946899 10.1206588745117 10.3203821182251 10.7379007339478 10.6162185668945 10.6854982376099 10.6946277618408 10.6104259490967 10.5198307037354 10.2797555923462 10.5227642059326 10.5050392150879 10.4228010177612 10.5567398071289
11.3172817230225 11.5375528335571 11.4443912506104 12.0791492462158 12.267502784729 12.6799421310425 12.3220701217651 11.6915254592896 13.4002122879028 13.8347749710083 13.2422962188721 12.022873878479 11.975640296936 11.5880918502808 10.2866744995117 10.2924928665161 10.5968866348267 10.6582956314087 10.4796085357666 10.0170860290527 9.86943435668945 9.96857643127441 9.72460079193115 9.91965484619141 9.96376705169678 9.89792919158936 9.91317558288574 9.31743144989014 9.53986358642578 9.67865371704102 9.87754344940186 10.0188941955566 10.1674089431763 10.136474609375 10.0679817199707 10.3713684082031 10.5229539871216 10.3159704208374 10.4058933258057 10.4366264343262 10.6785697937012 10.5198917388916 10.5156850814819 10.5808620452881 10.4813499450684 10.5116682052612 10.616720199585
