Ecospace-environmental-drivers/Outputs/ASCII-for-ecospace/ChlA/ChlA_X2012.08.asc
NCOLS 131 
NROWS 53 
XLLCORNER -98 
YLLCORNER 23.9265270233154 
CELLSIZE 0.133587792515755 
NODATA_value -3.4e+38 
[rows 21 to 41 of 53, columns 0 to 46 of 131]
-3.4e+38 -3.4e+38 -3.4e+38 -3.4e+38 -3.4e+38 -3.4e+38 -3.4e+38 -3.4e+38 -3.4e+38 11.4503269195557 10.3734588623047 8.96165370941162 8.3266429901123 8.61471080780029 9.41374015808105 9.22688579559326 8.15371894836426 8.59093761444092 7.84033918380737 8.71470832824707 8.92358016967773 8.3368616104126 6.32273721694946 6.76795148849487 7.49044895172119 8.00738525390625 7.87514972686768 7.94151258468628 8.00616264343262 7.6334867477417 8.68649578094482 7.90140676498413 7.73530960083008 8.34662818908691 7.58876466751099 8.31433868408203 8.03038120269775 8.21027660369873 7.61477375030518 8.13184356689453 9.0381031036377 9.45826816558838 10.6216764450073 10.9978370666504 8.07368564605713 9.6994161605835 9.60538482666016
-3.4e+38 -3.4e+38 -3.4e+38 -3.4e+38 -3.4e+38 -3.4e+38 -3.4e+38 -3.4e+38 12.233452796936 9.96657562255859 8.24473476409912 7.40417194366455 7.61384296417236 8.19664859771729 8.51762676239014 8.20049953460693 8.98241806030273 8.88666152954102 8.5359582901001 8.45286750793457 9.71868228912354 9.03531646728516 9.0303258895874 8.38686084747314 7.59040594100952 7.42548561096191 8.70718383789062 8.04999256134033 8.03918361663818 7.48211574554443 7.91651725769043 8.36836719512939 8.09146595001221 8.41656684875488 8.0529613494873 7.90281629562378 8.30074596405029 8.45705413818359 8.28710556030273 8.79784393310547 9.20656490325928 9.0646390914917 9.10655307769775 9.56945037841797 10.0897483825684 10.3150367736816 9.20410823822021
-3.4e+38 -3.4e+38 -3.4e+38 -3.4e+38 23.3255176544189 -3.4e+38 -3.4e+38 13.8447790145874 11.8628358840942 8.64340019226074 7.5933141708374 7.21856355667114 6.94455671310425 7.80628490447998 7.8364109992981 7.96649789810181 8.57134437561035 8.46894073486328 8.11791896820068 8.6064338684082 8.96305561065674 8.80338954925537 8.9019889831543 7.75825548171997 7.57647085189819 7.72727727890015 7.47189998626709 8.61547660827637 7.75918483734131 8.51443576812744 8.55809497833252 8.40066051483154 8.5253210067749 7.79743099212646 7.10266542434692 7.75670957565308 8.02371597290039 7.40694522857666 7.72819709777832 8.46872615814209 9.17930603027344 8.38280200958252 9.13587284088135 8.91771411895752 7.76853704452515 8.87379741668701 9.81279754638672
-3.4e+38 -3.4e+38 -3.4e+38 -3.4e+38 -3.4e+38 22.1520938873291 11.7102766036987 10.2166185379028 8.45175647735596 8.01487827301025 7.42390251159668 7.52068281173706 7.54511260986328 7.6796612739563 7.94816303253174 7.88808488845825 8.45245742797852 8.69941902160645 8.32768154144287 8.02380847930908 7.89146947860718 7.43213653564453 7.8377947807312 7.90307474136353 8.01458358764648 8.12599945068359 8.49911499023438 8.06718826293945 8.34975624084473 9.15510749816895 8.59069061279297 8.94560146331787 8.43398284912109 8.11793327331543 8.64162826538086 7.99573659896851 8.05445003509521 7.50167274475098 8.04046630859375 8.2641019821167 7.96989583969116 8.46777153015137 9.03934001922607 9.80531406402588 8.47717475891113 8.46124649047852 9.01290893554688
-3.4e+38 -3.4e+38 -3.4e+38 -3.4e+38 -3.4e+38 12.0824699401855 11.4363040924072 9.02915668487549 8.13751697540283 7.68077230453491 7.40923976898193 7.40507078170776 7.63514518737793 7.47633457183838 7.81824111938477 7.72204256057739 8.03681182861328 8.18129253387451 8.48400592803955 7.98877048492432 7.59731578826904 7.93722581863403 7.28096866607666 7.9755597114563 8.4813289642334 7.41588115692139 7.99935531616211 8.69933032989502 6.90450191497803 7.45242071151733 7.65974569320679 8.11463642120361 7.88456439971924 7.31588792800903 7.53608226776123 7.91401481628418 7.81482410430908 7.37813234329224 8.13395118713379 7.35443162918091 7.97388553619385 7.88668346405029 8.04053497314453 8.53759574890137 8.51513385772705 8.4101448059082 9.50128173828125
-3.4e+38 -3.4e+38 -3.4e+38 -3.4e+38 -3.4e+38 11.7355365753174 9.73709487915039 7.61452198028564 7.74544525146484 7.6279182434082 7.38513374328613 7.89930772781372 8.09856700897217 6.91224813461304 7.82727098464966 7.61488628387451 8.5449857711792 8.39662551879883 8.1191520690918 7.91319417953491 7.86930704116821 5.63827800750732 7.10774517059326 6.55391979217529 7.54827928543091 8.26356410980225 6.75911951065063 7.57870054244995 6.48698425292969 7.36120414733887 7.97374296188354 7.82971048355103 7.70124626159668 8.18150424957275 7.86001539230347 8.26699447631836 7.86796045303345 7.62042140960693 7.90045595169067 7.28362512588501 7.27393865585327 7.19872522354126 7.86363935470581 8.27815723419189 9.13916110992432 8.17776203155518 8.29336071014404
-3.4e+38 -3.4e+38 -3.4e+38 -3.4e+38 -3.4e+38 11.0510673522949 8.59422779083252 7.56114816665649 7.67123508453369 7.48256826400757 7.49324226379395 7.55845594406128 7.37856292724609 6.92407751083374 7.99329376220703 7.91390800476074 8.18728733062744 8.48712158203125 8.25156497955322 7.71740627288818 7.32506608963013 7.41740655899048 6.40524816513062 6.85613870620728 6.96188926696777 7.38325214385986 7.57812166213989 7.39477634429932 7.76721715927124 7.30163717269897 7.06786394119263 7.38375329971313 7.8044695854187 7.66507339477539 7.18707704544067 7.4063549041748 7.65833568572998 7.40492153167725 7.050217628479 6.08473205566406 7.29621124267578 6.79918766021729 7.60375452041626 7.77594518661499 7.69187545776367 7.3850154876709 7.48677110671997
-339999999999999996128486808808066248288.000000000000000 -3.4e+38 -3.4e+38 -3.4e+38 11.8467807769775 10.1033563613892 7.83167266845703 7.638099193573 7.87027168273926 7.48917150497437 7.8816556930542 7.98246574401855 7.08424234390259 7.90801477432251 7.9853630065918 7.93496656417847 7.22986698150635 8.19584083557129 8.36593914031982 8.17290878295898 7.78727960586548 7.4488844871521 6.95000028610229 6.9346809387207 7.15141344070435 7.17125654220581 7.21867084503174 7.56924629211426 7.45714998245239 6.39304637908936 7.11407947540283 7.26992845535278 7.90075159072876 7.97586727142334 7.09783983230591 6.84647846221924 8.10536289215088 7.0191822052002 7.06868553161621 7.46281814575195 7.83808517456055 7.43101596832275 7.53780317306519 8.96017074584961 7.54218673706055 7.48151874542236 8.11397171020508
-3.4e+38 -3.4e+38 -3.4e+38 -3.4e+38 12.0478477478027 10.8219108581543 8.08872032165527 7.83605337142944 7.67859649658203 7.27407121658325 7.10436630249023 7.15973997116089 6.99083232879639 7.19108200073242 7.47201061248779 7.49451351165771 7.73024940490723 7.45565366744995 7.46184015274048 7.6997275352478 8.07860088348389 7.6613073348999 6.72176551818848 8.07525730133057 7.47691822052002 7.73194789886475 7.72706413269043 8.16472816467285 8.67780590057373 7.95395088195801 6.46793508529663 7.51058626174927 7.31310415267944 7.30484914779663 6.88973999023438 6.77414083480835 7.15182685852051 7.82988309860229 7.40563201904297 5.24851226806641 6.40553760528564 7.67413330078125 8.29488563537598 8.54023838043213 9.8204460144043 7.04162788391113 10.5983581542969
-3.4e+38 -3.4e+38 -3.4e+38 -3.4e+38 13.0208339691162 11.4336271286011 8.38171577453613 7.65552091598511 7.95513582229614 7.82011985778809 8.01627159118652 7.83773279190063 7.4214973449707 7.78655099868774 7.19940280914307 7.70194101333618 7.40278291702271 7.55760049819946 7.80180644989014 8.06820869445801 8.23764038085938 8.02495765686035 7.92775726318359 7.90095949172974 8.09853172302246 8.05770587921143 8.21920108795166 8.26527690887451 7.89498996734619 7.20340871810913 8.31956577301025 7.81479263305664 7.57759284973145 7.98262882232666 6.96587038040161 7.0308690071106 6.20543718338013 6.11089181900024 7.31030416488647 6.0015926361084 5.93269014358521 7.07870769500732 8.37638092041016 8.62938690185547 8.27382946014404 7.28745698928833 8.26482200622559
-3.4e+38 -3.4e+38 -3.4e+38 -3.4e+38 -3.4e+38 11.7903614044189 9.00010395050049 7.8663158416748 8.04771995544434 7.91582632064819 7.76771974563599 8.66425323486328 8.54624366760254 8.47158241271973 7.74516153335571 7.6402416229248 7.57933950424194 7.97678995132446 8.32892799377441 9.10107135772705 8.35862922668457 8.84482097625732 8.19602108001709 9.23783588409424 9.25414657592773 8.89981842041016 8.09271812438965 8.04525756835938 7.13919448852539 7.10440444946289 7.02783346176147 9.94615936279297 8.30215644836426 9.25956535339355 7.72079133987427 7.88520812988281 7.12400913238525 6.38663625717163 6.63029050827026 6.79673671722412 6.84463500976562 7.49589395523071 7.86480617523193 8.29627990722656 8.46423053741455 5.83607292175293 7.66441631317139
-3.4e+38 -3.4e+38 -3.4e+38 -3.4e+38 -3.4e+38 13.0288925170898 9.35260105133057 8.09438323974609 8.23134708404541 8.045973777771 7.67542171478271 8.03058338165283 8.4032154083252 8.08173751831055 8.35774898529053 8.35544395446777 7.86196041107178 8.04612827301025 8.30024242401123 8.74270343780518 8.7163028717041 8.93916893005371 9.48275470733643 9.24319076538086 8.34953022003174 8.12758827209473 8.27911281585693 7.95951080322266 7.58323574066162 8.82662487030029 7.74815273284912 7.25433254241943 9.27072143554688 8.68365859985352 6.26122188568115 6.68549680709839 6.88781499862671 6.74506139755249 6.09477281570435 5.37204837799072 5.8350076675415 7.1144061088562 7.41357851028442 7.4300971031189 7.05228233337402 7.30964183807373 7.43179607391357
-3.4e+38 -3.4e+38 -3.4e+38 -3.4e+38 -3.4e+38 11.7469253540039 9.96587181091309 8.25418376922607 8.15474700927734 8.1022424697876 7.33151817321777 7.78519201278687 7.77031135559082 7.86188888549805 7.74485492706299 7.74491786956787 8.09052658081055 8.27301120758057 8.59677791595459 8.88965034484863 8.8435697555542 8.70932197570801 9.25108909606934 8.45794010162354 8.45308017730713 8.04655742645264 7.89089918136597 7.71318340301514 6.71518754959106 7.98373126983643 7.05728387832642 7.49366855621338 7.44915676116943 6.97247838973999 6.09314441680908 7.06935548782349 6.61409664154053 7.53066730499268 5.90423631668091 6.25133943557739 7.40722227096558 7.04475879669189 6.84099817276001 9.05311489105225 7.40248155593872 6.85335302352905 6.64986515045166
-3.4e+38 -3.4e+38 -3.4e+38 -3.4e+38 -3.4e+38 12.3790941238403 11.3388872146606 8.80477523803711 8.18932437896729 7.91086053848267 7.80022382736206 8.0400972366333 7.77320003509521 7.5286750793457 7.41309976577759 7.33421325683594 7.77412366867065 8.08358860015869 8.62299060821533 8.90115165710449 9.1828727722168 8.05802726745605 7.97199535369873 8.23102569580078 8.90681457519531 8.52199935913086 7.61537408828735 8.19729995727539 6.64434909820557 7.05066776275635 7.88744688034058 7.44823169708252 7.69608783721924 7.27561664581299 7.39696788787842 7.2798023223877 8.18289566040039 7.5862340927124 7.43410873413086 6.96670627593994 6.58141136169434 6.00553798675537 6.87086534500122 7.49125623703003 7.96189641952515 7.91598081588745 8.4808464050293
-3.4e+38 -3.4e+38 -3.4e+38 -3.4e+38 -3.4e+38 -3.4e+38 11.5594673156738 9.30305957794189 8.20258617401123 7.93228769302368 8.00785446166992 8.01742458343506 7.70256519317627 7.62153100967407 7.69472026824951 8.20817470550537 7.37971353530884 8.33497142791748 8.264723777771 7.71690130233765 8.00158977508545 7.86719608306885 8.42923927307129 8.64944553375244 8.78827857971191 9.18344974517822 8.49212265014648 8.24581813812256 8.23578548431396 9.1441125869751 8.28450393676758 7.93902969360352 7.56905078887939 7.41469240188599 7.88529253005981 7.43868541717529 7.81811475753784 7.91522836685181 7.89899587631226 7.62842559814453 7.57719898223877 6.3383960723877 7.07264423370361 7.38072729110718 7.41094970703125 7.88449096679688 8.34963035583496
-3.4e+38 -3.4e+38 -3.4e+38 -3.4e+38 -3.4e+38 -3.4e+38 14.2756299972534 9.5571117401123 8.61147308349609 8.24691867828369 8.21726894378662 7.90397310256958 7.8942756652832 7.51571607589722 8.11938762664795 7.47031259536743 5.58909273147583 7.26647186279297 8.18587970733643 7.64088535308838 8.06777763366699 8.16024780273438 8.82559299468994 9.13529968261719 9.57823085784912 9.01636123657227 8.80743789672852 8.41782855987549 8.50126934051514 8.24542999267578 7.58359909057617 6.77400684356689 7.69793558120728 6.86969423294067 7.13531303405762 7.84346485137939 7.24462413787842 7.4402289390564 7.32150506973267 8.61777019500732 8.55587577819824 8.98161220550537 8.08891773223877 7.4617657661438 7.57437753677368 8.07232284545898 8.27510929107666
-3.4e+38 -3.4e+38 -3.4e+38 -3.4e+38 -3.4e+38 -3.4e+38 13.7831583023071 9.78200435638428 8.72416496276855 8.45273208618164 8.27900981903076 8.03705215454102 8.06355571746826 7.78725481033325 7.58040142059326 7.04582738876343 6.03629732131958 6.92894840240479 7.40881156921387 7.82159614562988 7.89852857589722 7.68524742126465 9.23116397857666 9.01516342163086 9.11317253112793 8.57770538330078 9.20638847351074 8.56898403167725 7.97932100296021 7.55117273330688 7.30082368850708 7.03164291381836 7.47874402999878 8.02168941497803 8.54394721984863 7.38564872741699 7.30839014053345 7.19416809082031 6.62824869155884 7.79189586639404 8.91853141784668 8.98275756835938 8.91078186035156 8.8954496383667 8.22507190704346 8.13330841064453 8.29296970367432
-3.4e+38 -3.4e+38 -3.4e+38 -3.4e+38 -3.4e+38 -3.4e+38 13.3951759338379 9.89433193206787 8.63004589080811 8.62957286834717 8.93578147888184 9.4901180267334 8.16367244720459 8.31352043151855 8.67322063446045 6.60181140899658 7.04496765136719 6.67558813095093 5.02073097229004 8.2252311706543 7.65418863296509 7.43338060379028 7.94352054595947 7.62845134735107 8.37856960296631 8.87376499176025 8.80186557769775 8.87234973907471 8.30258369445801 8.4045352935791 7.8145899772644 7.37267351150513 6.54432392120361 7.22441244125366 8.42966461181641 8.06023502349854 8.79689788818359 7.97411203384399 7.2457127571106 8.36331462860107 9.41151905059814 9.66939163208008 9.58223152160645 8.84993839263916 8.34191226959229 8.65258598327637 7.95115804672241
-3.4e+38 -3.4e+38 -3.4e+38 -3.4e+38 -3.4e+38 -3.4e+38 12.1898078918457 9.60093975067139 8.163330078125 8.685302734375 9.346022605896 9.75282287597656 8.78571128845215 8.41579437255859 8.61453819274902 8.04374408721924 6.73570919036865 5.27318906784058 7.2031774520874 9.02994728088379 7.72292041778564 7.69464540481567 8.80827903747559 7.56310892105103 8.26155281066895 8.82944202423096 9.55119609832764 9.34989261627197 10.4615125656128 9.52482986450195 8.36983585357666 7.93760681152344 6.4543194770813 6.19252443313599 7.32566261291504 7.15927362442017 7.31308174133301 8.17382049560547 7.99556493759155 8.82894706726074 8.8262357711792 8.89451694488525 8.87297344207764 8.8021240234375 8.24204349517822 8.67949676513672 8.44687652587891
-3.4e+38 -3.4e+38 -3.4e+38 -3.4e+38 -3.4e+38 10.7510557174683 10.5970811843872 8.41479301452637 8.53288745880127 7.89505863189697 8.29302406311035 8.70614719390869 8.69485092163086 9.54641914367676 8.70687294006348 8.36248874664307 7.20274543762207 7.12901306152344 8.41588687896729 8.40236473083496 7.80746603012085 8.64408874511719 8.04276466369629 8.30482196807861 9.20776748657227 9.9348201751709 9.67477798461914 9.86795806884766 8.60700607299805 4.96496915817261 8.04533958435059 7.97288751602173 6.78787469863892 6.99024438858032 8.2124605178833 9.28101825714111 8.07565975189209 7.97395038604736 8.30453968048096 9.63394451141357 9.6316967010498 9.46189308166504 8.40057849884033 8.09106254577637 7.7261209487915 8.00827407836914 8.56715393066406
-3.4e+38 -3.4e+38 -3.4e+38 -3.4e+38 -3.4e+38 10.7803010940552 9.12145328521729 8.28816890716553 8.47046089172363 8.87846851348877 10.0983419418335 8.74070453643799 8.79574012756348 8.43521308898926 8.64696407318115 8.34549713134766 6.52019309997559 4.28479385375977 7.19315719604492 7.93548154830933 7.92671632766724 7.74252700805664 8.84703254699707 9.04630851745605 8.39615345001221 10.3333797454834 10.2244834899902 9.34214782714844 6.26331806182861 3.30272650718689 8.1203031539917 5.71979331970215 6.46799278259277 8.60518932342529 7.2681713104248 7.59919118881226 8.15082836151123 8.28125762939453 8.80505752563477 8.95065116882324 9.21775722503662 7.2726354598999 7.15136909484863 6.47054433822632 7.22313737869263 8.72095108032227 8.11647891998291
