Ecospace-environmental-drivers/Outputs/ASCII-for-ecospace/ChlA/ChlA_X2006.03.asc
NCOLS 131 
NROWS 53 
XLLCORNER -98 
YLLCORNER 23.9265270233154 
CELLSIZE 0.133587792515755 
NODATA_value -3.4e+38 
[rows 21 to 41 of 53, columns 0 to 46 of 131]
-3.4e+38 -3.4e+38 -3.4e+38 -3.4e+38 -3.4e+38 -3.4e+38 68.3130569458008 70.7160034179688 -3.4e+38 65.7908630371094 62.7272186279297 57.4281616210938 47.827995300293 33.8017807006836 27.5777778625488 24.7213840484619 22.4755725860596 20.5536651611328 19.669921875 19.296049118042 18.5072479248047 17.1829204559326 16.704948425293 17.8523368835449 18.1805953979492 17.9881782531738 17.4457874298096 16.9988231658936 16.4660720825195 15.7206153869629 15.6008777618408 15.6793746948242 16.5797386169434 16.9395065307617 16.9486045837402 16.8620738983154 16.9536476135254 17.0490493774414 16.655424118042 16.0574474334717 15.8569269180298 15.9426651000977 15.6929903030396 15.2655019760132 14.9080724716187 14.7721042633057 14.7973442077637
-3.4e+38 -3.4e+38 -3.4e+38 -3.4e+38 -3.4e+38 -3.4e+38 -3.4e+38 67.5153427124023 64.7439804077148 57.420597076416 48.5448226928711 42.9856414794922 31.9093074798584 24.5197849273682 22.6407165527344 21.4255409240723 20.9639625549316 19.2956809997559 18.6946105957031 18.2019062042236 17.2226963043213 16.9249439239502 16.9020500183105 17.1702651977539 16.4553089141846 16.6428642272949 17.0008354187012 16.4250640869141 16.2740631103516 15.8010702133179 15.6813430786133 15.7357778549194 15.2959222793579 15.514799118042 16.289623260498 16.0742111206055 16.1535739898682 16.0181655883789 16.1900596618652 16.8972492218018 16.7822341918945 15.8806600570679 15.4943876266479 15.0979824066162 14.7340869903564 14.5972452163696 14.4872903823853
-3.4e+38 -3.4e+38 -3.4e+38 -3.4e+38 68.3683090209961 67.954345703125 -3.4e+38 61.3392333984375 60.1866836547852 44.7134590148926 30.5704917907715 23.7781772613525 21.3322257995605 20.886022567749 20.4603805541992 20.46044921875 20.4601726531982 18.9633769989014 17.794340133667 17.455286026001 16.5176296234131 16.0693454742432 16.1187000274658 16.4718189239502 15.9003734588623 15.1945009231567 15.6781616210938 15.8922748565674 16.1081848144531 16.1382026672363 15.9661483764648 15.7292003631592 15.3030681610107 14.9230737686157 15.295919418335 15.4142932891846 15.1947717666626 15.0085849761963 14.8768272399902 15.6810140609741 16.9666709899902 16.0858287811279 15.3229942321777 15.1516084671021 14.6615715026855 14.4463214874268 14.4674415588379
-3.4e+38 -3.4e+38 -3.4e+38 -3.4e+38 -3.4e+38 67.8314361572266 62.1908226013184 57.5997352600098 47.8692016601562 30.8012275695801 23.3897819519043 21.6975536346436 19.9210548400879 19.1600646972656 19.028564453125 19.2550163269043 19.4583415985107 18.6809177398682 17.9540557861328 16.8978137969971 16.3656406402588 15.7862749099731 15.5695400238037 15.6571369171143 15.4338083267212 15.4071407318115 15.8985195159912 15.727391242981 15.6894693374634 15.6430425643921 15.6293039321899 15.7219400405884 14.9039268493652 14.4445104598999 14.7529287338257 14.7290897369385 14.8275327682495 14.5257759094238 14.9052095413208 15.0156688690186 15.3669652938843 15.2558641433716 15.0478420257568 14.682918548584 14.4695854187012 14.409236907959 14.389045715332
-3.4e+38 -3.4e+38 -3.4e+38 -3.4e+38 -3.4e+38 61.4318580627441 60.0880241394043 49.6098899841309 37.1559181213379 28.1411724090576 23.653636932373 21.0739402770996 19.3800621032715 18.884485244751 18.6824836730957 18.7676277160645 18.838830947876 18.0117473602295 17.3728313446045 17.4061737060547 16.9332122802734 16.0108375549316 15.6289072036743 15.3513021469116 15.3134298324585 15.5176191329956 15.9700689315796 15.6974477767944 15.578667640686 15.49866771698 15.5073518753052 15.3409910202026 14.5124473571777 14.3899049758911 14.6524353027344 14.5847043991089 14.6160068511963 14.4604721069336 14.3802509307861 14.6010160446167 14.6694679260254 14.7044544219971 15.1874656677246 15.138162612915 15.0041131973267 14.3215198516846 14.2145900726318
-3.4e+38 -3.4e+38 -3.4e+38 -3.4e+38 -3.4e+38 58.1486854553223 53.1612739562988 40.9741973876953 32.8329391479492 24.9515819549561 21.5999584197998 20.3336315155029 19.2316970825195 17.520694732666 17.7771244049072 18.0235996246338 18.3561420440674 17.557746887207 17.9025421142578 17.8185653686523 17.1540355682373 16.7286071777344 16.8694591522217 15.7241039276123 15.1168966293335 15.5450077056885 15.9086275100708 15.5366907119751 15.4260549545288 15.329833984375 15.3173570632935 14.7060317993164 14.5811176300049 14.4249925613403 14.6324806213379 14.6090021133423 14.4445943832397 14.3752212524414 14.5872011184692 14.6481618881226 14.4564895629883 14.4307765960693 15.1766128540039 15.8512268066406 15.1541452407837 14.5075235366821 14.3684015274048
-3.4e+38 -3.4e+38 -3.4e+38 -3.4e+38 -3.4e+38 57.1688194274902 45.7702980041504 32.6991577148438 25.5787315368652 23.015645980835 21.0608062744141 18.8981876373291 18.2366600036621 17.9307613372803 17.3609924316406 16.7027740478516 17.2246131896973 16.7470760345459 17.5047416687012 17.2986850738525 17.2893619537354 16.9362030029297 17.0581684112549 17.2184886932373 16.4483604431152 15.7963266372681 15.9817476272583 15.7370901107788 15.593282699585 15.4317474365234 15.196572303772 15.1908092498779 15.1780281066895 15.0634145736694 14.5850086212158 14.5383911132812 14.5266170501709 14.7450141906738 14.7995319366455 14.8259248733521 14.5471820831299 14.3755655288696 14.7692422866821 15.1114530563354 14.8053951263428 14.4306058883667 14.2602863311768
-339999999999999996128486808808066248288.000000000000000 -3.4e+38 -3.4e+38 -3.4e+38 56.0023231506348 55.1132469177246 40.0487022399902 28.4042854309082 25.5168514251709 21.7438106536865 18.9441928863525 17.4511432647705 17.4366436004639 16.5117473602295 16.3106708526611 15.9626398086548 15.8340616226196 15.6785888671875 16.0230445861816 17.1395816802979 17.1632919311523 16.9286861419678 16.3739566802979 16.6057510375977 16.9956111907959 16.4106769561768 16.0730972290039 15.3909549713135 15.3596181869507 15.5714130401611 15.1998643875122 15.2011671066284 15.1767644882202 15.0431241989136 14.9913167953491 14.6573791503906 14.4601974487305 14.5070734024048 14.8839168548584 14.9591360092163 14.5995121002197 14.3673715591431 14.6365652084351 14.5964870452881 14.5619564056396 14.3025770187378 14.3014440536499
-3.4e+38 -3.4e+38 -3.4e+38 -3.4e+38 53.3328704833984 53.1849517822266 40.2175750732422 30.957103729248 25.2186813354492 21.675163269043 18.2326431274414 16.9891128540039 16.8504104614258 16.1935729980469 15.6311378479004 15.1913232803345 15.0454139709473 15.3881826400757 15.6775217056274 16.200496673584 16.576639175415 16.5154933929443 16.4937305450439 15.9201145172119 16.3739452362061 16.237377166748 15.757999420166 15.3278923034668 15.6096649169922 15.5226545333862 15.6576652526855 14.9240102767944 14.9123563766479 15.0325984954834 15.072925567627 14.6443490982056 14.5217351913452 14.5945854187012 14.7953243255615 14.9034633636475 14.7315397262573 14.3676042556763 14.308144569397 14.5025405883789 14.4938488006592 14.2955465316772 14.3882551193237
-3.4e+38 -3.4e+38 -3.4e+38 -3.4e+38 51.4320678710938 50.5890960693359 40.5123405456543 32.4582481384277 22.9058055877686 20.4162292480469 18.4424076080322 17.4315319061279 16.7193031311035 15.8487405776978 15.6431217193604 16.0900173187256 15.8830156326294 15.7633180618286 15.9304466247559 16.3799533843994 15.7278614044189 16.3193321228027 16.4033870697021 15.7437267303467 15.9185838699341 15.5159788131714 15.0672922134399 14.5243453979492 14.611873626709 14.8506755828857 15.1403827667236 15.3693046569824 15.1994476318359 15.1202630996704 15.043646812439 14.80726146698 14.5997123718262 14.5709075927734 14.776198387146 14.9589166641235 14.6313333511353 14.2980976104736 14.2740478515625 14.3109893798828 14.2476015090942 14.1756029129028 14.2530107498169
-3.4e+38 -3.4e+38 -3.4e+38 -3.4e+38 -3.4e+38 50.4926872253418 42.2782821655273 30.0498580932617 23.3650188446045 21.0435943603516 19.8951282501221 17.2042560577393 16.8281269073486 16.0833435058594 16.0146923065186 15.8069400787354 16.1209907531738 16.1583118438721 15.8535871505737 15.5422430038452 15.3397350311279 16.1543998718262 16.3298969268799 15.9698095321655 15.4665384292603 15.3196172714233 15.1930751800537 14.7207155227661 14.3058795928955 14.2651376724243 14.6887359619141 15.0976123809814 15.5459156036377 15.3558301925659 15.1664667129517 14.8052453994751 14.5135488510132 14.5729866027832 14.8880624771118 14.8382425308228 14.6177635192871 14.4137678146362 14.362265586853 14.3317623138428 14.3190221786499 14.3994016647339 14.3991441726685
-3.4e+38 -3.4e+38 -3.4e+38 -3.4e+38 -3.4e+38 45.9013710021973 45.5820655822754 35.4670906066895 25.656665802002 20.7196502685547 19.6772403717041 17.3362045288086 16.9168491363525 16.4705448150635 16.2071380615234 16.0721645355225 16.5012645721436 16.0288276672363 15.8986749649048 15.4447021484375 15.3213195800781 16.2513008117676 16.5618724822998 16.5165710449219 15.5985698699951 15.2488794326782 15.0136880874634 14.9286489486694 14.6834239959717 14.5558290481567 14.9324684143066 15.3954639434814 15.2446069717407 14.9746837615967 14.8276481628418 14.8797273635864 14.6485481262207 14.7104921340942 14.8223171234131 14.8468503952026 14.8370018005371 14.6927127838135 14.3657836914062 14.4778108596802 14.4745359420776 14.283842086792 14.1587085723877
-3.4e+38 -3.4e+38 -3.4e+38 -3.4e+38 -3.4e+38 41.9308662414551 47.9526405334473 41.8367156982422 28.5809345245361 21.7170124053955 19.2350902557373 17.8008842468262 17.0603160858154 16.627384185791 16.1329555511475 15.7266998291016 16.133602142334 16.4237194061279 15.9807176589966 15.3527774810791 15.4764375686646 16.397159576416 16.1779384613037 16.4415130615234 15.9214944839478 15.2160787582397 15.1388702392578 14.8005847930908 14.7171726226807 14.5502166748047 14.782021522522 14.697060585022 14.8913860321045 14.8644008636475 14.6651372909546 14.5728931427002 14.6213731765747 14.7863836288452 14.8651857376099 14.8890705108643 14.8596658706665 14.6753978729248 14.346116065979 14.1965665817261 14.2352104187012 14.1479482650757 14.1256895065308
-3.4e+38 -3.4e+38 -3.4e+38 -3.4e+38 -3.4e+38 44.0605125427246 47.5860786437988 41.2912712097168 28.2507095336914 23.1660823822021 19.655782699585 18.386510848999 17.6633148193359 16.853235244751 16.0787982940674 15.6581678390503 15.581976890564 16.5336303710938 16.0645542144775 15.7904462814331 15.6100473403931 15.2241830825806 15.2525081634521 15.5766429901123 15.9934415817261 15.5328254699707 14.8346748352051 14.5802822113037 14.5811614990234 14.4160995483398 14.3015012741089 14.2625999450684 14.2862148284912 14.3789968490601 14.4687385559082 14.464807510376 14.610408782959 14.6807432174683 14.6713647842407 14.6321306228638 14.9139003753662 14.8573598861694 14.494818687439 14.1999530792236 14.1391382217407 14.1215171813965 14.1719932556152
-3.4e+38 -3.4e+38 -3.4e+38 -3.4e+38 -3.4e+38 -3.4e+38 44.3281517028809 42.360652923584 32.3863945007324 26.014928817749 20.0682621002197 17.8616504669189 17.5685253143311 17.2305240631104 16.552942276001 15.4751129150391 14.5321636199951 15.1700448989868 15.6947259902954 16.0142879486084 15.7772436141968 15.1400594711304 15.37144947052 15.4060392379761 15.6005792617798 15.4742479324341 14.6263046264648 14.4698390960693 14.4730672836304 14.1821136474609 14.0866088867188 14.0108394622803 14.0923204421997 14.130784034729 14.1705045700073 14.3588495254517 14.6159343719482 14.6690950393677 14.6919784545898 14.7623834609985 14.8508777618408 14.6778697967529 14.455189704895 14.2916536331177 14.2543134689331 14.1121044158936 14.2007522583008
-3.4e+38 -3.4e+38 -3.4e+38 -3.4e+38 -3.4e+38 -3.4e+38 41.9653282165527 39.6062889099121 37.2655029296875 26.8906192779541 19.5247287750244 17.7301788330078 17.6280193328857 18.0533981323242 16.5473766326904 15.6091804504395 15.3361377716064 15.1199970245361 15.9124965667725 17.1298484802246 17.3687286376953 17.0793018341064 16.08522605896 15.8683071136475 16.3989906311035 15.9763803482056 14.9587306976318 14.3215599060059 14.391019821167 14.4245834350586 14.2234992980957 14.0388221740723 14.0880680084229 14.013765335083 13.9686460494995 14.0285615921021 14.2066535949707 14.3422346115112 14.298436164856 14.4462652206421 14.6996059417725 14.7384834289551 14.4073867797852 14.3264055252075 14.4012727737427 14.2806806564331 14.2826738357544
-3.4e+38 -3.4e+38 -3.4e+38 -3.4e+38 -3.4e+38 -3.4e+38 46.9519081115723 38.0636825561523 33.6076316833496 26.3331184387207 18.0949192047119 17.9645309448242 18.0397605895996 18.3158473968506 17.4472904205322 16.1598243713379 15.3540716171265 15.3872003555298 16.4082279205322 17.1734199523926 16.9401988983154 15.8069190979004 15.7952146530151 16.1218528747559 15.5539236068726 15.3694200515747 14.7158117294312 14.4207983016968 14.2795715332031 14.2818927764893 14.2791957855225 14.0900640487671 14.108362197876 14.1367721557617 13.9320087432861 13.9810180664062 13.9811267852783 14.1146154403687 14.294059753418 14.3022136688232 14.460654258728 14.5664081573486 14.4072952270508 14.1760158538818 14.2060470581055 14.266092300415 14.2369794845581
-3.4e+38 -3.4e+38 -3.4e+38 -3.4e+38 -3.4e+38 -3.4e+38 42.7350730895996 38.116771697998 27.7229690551758 21.1790866851807 17.9610767364502 16.9558143615723 16.8576011657715 18.341028213501 18.4872932434082 17.7120304107666 16.2474937438965 15.104079246521 15.4270477294922 16.6722602844238 16.7078914642334 15.6389608383179 14.9004468917847 15.1487264633179 14.8228178024292 14.7633285522461 14.7381496429443 14.6686086654663 14.4155035018921 14.2044763565063 14.1784944534302 14.2371807098389 14.1444826126099 14.0832443237305 13.9900426864624 13.8291149139404 13.9517164230347 14.0058546066284 14.0876188278198 14.1917476654053 14.2645530700684 14.2577075958252 14.3481254577637 14.1273994445801 14.1472015380859 14.1553573608398 14.0803174972534
-3.4e+38 -3.4e+38 -3.4e+38 -3.4e+38 -3.4e+38 -3.4e+38 43.0689163208008 37.0900497436523 24.1373176574707 18.6231632232666 18.559455871582 17.6414337158203 17.2517566680908 18.5700035095215 18.8477687835693 17.8600482940674 17.2386817932129 15.405345916748 15.2574501037598 15.1637668609619 15.3655281066895 15.0197677612305 14.9528894424438 14.916955947876 14.8459711074829 14.8389463424683 14.5975036621094 14.3874073028564 14.4491586685181 14.3886632919312 14.2354364395142 14.3798723220825 14.1253490447998 13.962776184082 14.0282125473022 13.9192705154419 13.9263610839844 13.9520816802979 13.9417181015015 13.9603509902954 13.9355735778809 14.1119594573975 14.1283884048462 14.0215148925781 14.0141773223877 13.9771089553833 13.9633703231812
-3.4e+38 -3.4e+38 -3.4e+38 -3.4e+38 -3.4e+38 -3.4e+38 45.7311058044434 35.1532859802246 22.4182033538818 17.3077182769775 17.1450157165527 16.9535713195801 17.6356391906738 18.4870357513428 19.4170932769775 18.8659591674805 17.865650177002 15.6490306854248 14.488564491272 14.8765830993652 15.133246421814 15.002799987793 14.6900367736816 14.7489337921143 14.8675832748413 14.960786819458 14.7993154525757 14.3259077072144 14.5003910064697 14.5163555145264 14.252269744873 14.4082345962524 14.2206840515137 13.9664916992188 13.9371509552002 14.0634632110596 13.8850545883179 13.8829374313354 13.9384708404541 13.9081201553345 13.6894655227661 13.8395500183105 13.9504957199097 13.8921499252319 13.9418306350708 13.9491691589355 13.8762197494507
-3.4e+38 -3.4e+38 -3.4e+38 -3.4e+38 -3.4e+38 45.1377258300781 45.0692443847656 31.2076568603516 19.0817489624023 17.788703918457 17.8411502838135 18.4596481323242 17.5502586364746 18.6611709594727 18.6955451965332 18.8376178741455 16.9031581878662 15.0594663619995 14.5127582550049 14.8472509384155 14.8647537231445 15.1198949813843 14.2596015930176 14.4487085342407 14.6591014862061 14.7698526382446 14.6273508071899 14.4556274414062 14.5082187652588 14.6015071868896 14.4133224487305 14.3982095718384 14.4156198501587 14.2531623840332 14.0551319122314 14.0829524993896 14.0867719650269 13.9580497741699 14.0757369995117 14.0765781402588 13.9419145584106 13.9115619659424 13.6748695373535 13.6914539337158 13.6102266311646 13.7194738388062 13.8751792907715
