Ecospace-environmental-drivers/Outputs/ASCII-for-ecospace/MOM6-ISIMIP3a/o2-surf/1980-06_o2-surf_MOM6-ISIMIP3a.asc
NCOLS 131 
NROWS 53 
XLLCORNER -98 
YLLCORNER 23.9265270233154 
CELLSIZE 0.133587792515755 
NODATA_value -9999 
[rows 21 to 41 of 53, columns 46 to 91 of 131]
0.207369700074196 0.207469210028648 0.207587882876396 0.207712024450302 0.207843109965324 0.207971915602684 0.208019733428955 0.208056062459946 0.208034038543701 0.208014667034149 0.208001703023911 0.208003148436546 0.208024382591248 0.208010479807854 0.207967787981033 0.207903146743774 0.207828104496002 0.207729145884514 0.207624480128288 0.207586959004402 0.207572743296623 0.207830563187599 0.208119839429855 0.208540722727776 0.208898097276688 0.2091214209795 0.209219336509705 0.209163963794708 0.208963632583618 0.208657711744308 0.208402380347252 0.208167999982834 0.208292677998543 0.208487942814827 0.208755761384964 0.209033951163292 0.209387078881264 0.209786459803581 0.210348457098007 0.210873797535896 0.211331054568291 0.211780399084091 0.212221100926399 0.212516263127327 0.21271724998951 0.212686195969582
0.206563875079155 0.206664606928825 0.206766948103905 0.206869721412659 0.206972196698189 0.207072108983994 0.207103803753853 0.207122445106506 0.207074671983719 0.207019254565239 0.206945344805717 0.206880912184715 0.206829488277435 0.20676252245903 0.206682816147804 0.206594780087471 0.206502810120583 0.206404030323029 0.206303626298904 0.206266209483147 0.206246644258499 0.206423804163933 0.206640958786011 0.207025483250618 0.207398295402527 0.207746386528015 0.207990944385529 0.208108976483345 0.208084464073181 0.207956120371819 0.207839161157608 0.207726910710335 0.2079017162323 0.208132937550545 0.208397567272186 0.208664119243622 0.208937495946884 0.209242939949036 0.209661155939102 0.210075229406357 0.210481628775597 0.210906207561493 0.211350589990616 0.211726576089859 0.212058320641518 0.212236940860748
0.205768138170242 0.205868065357208 0.20595221221447 0.206031873822212 0.206104785203934 0.206175073981285 0.206193804740906 0.20619909465313 0.206135988235474 0.206056624650955 0.205937951803207 0.205817893147469 0.205695927143097 0.205571845173836 0.205446049571037 0.205327212810516 0.205211669206619 0.205112174153328 0.205016493797302 0.204989641904831 0.204975664615631 0.20508049428463 0.205229297280312 0.205562174320221 0.205932572484016 0.206382170319557 0.206757962703705 0.207043558359146 0.20719750225544 0.207255572080612 0.207286104559898 0.207305237650871 0.207529857754707 0.207794860005379 0.208053007721901 0.208304867148399 0.20849771797657 0.208707511425018 0.208976835012436 0.209273040294647 0.209619179368019 0.210007831454277 0.210442766547203 0.210889786481857 0.211344614624977 0.211731985211372
0.205355748534203 0.20541587471962 0.205452188849449 0.205481737852097 0.205495238304138 0.205505609512329 0.205476224422455 0.205437242984772 0.205349385738373 0.205246493220329 0.205107271671295 0.204961746931076 0.204807579517365 0.20464850962162 0.204485461115837 0.204342022538185 0.204207882285118 0.204105287790298 0.204010233283043 0.204002216458321 0.20400707423687 0.204112485051155 0.204249918460846 0.204521328210831 0.204843431711197 0.205272540450096 0.205682262778282 0.206068322062492 0.20636411011219 0.206594124436378 0.206777259707451 0.206940963864326 0.207215130329132 0.207511022686958 0.207765743136406 0.20800606906414 0.208120793104172 0.208241805434227 0.208384901285172 0.20855738222599 0.20878441631794 0.209069028496742 0.209416389465332 0.209836393594742 0.210303395986557 0.210821077227592
0.204939514398575 0.204964429140091 0.204958662390709 0.204944163560867 0.204906016588211 0.204864397644997 0.204794734716415 0.204718396067619 0.204608052968979 0.204481363296509 0.204315170645714 0.204138353466988 0.20394691824913 0.203753158450127 0.20355749130249 0.203395903110504 0.20325043797493 0.203152596950531 0.203066140413284 0.203079268336296 0.203105106949806 0.203216284513474 0.203348159790039 0.203566655516624 0.203843250870705 0.204242512583733 0.204673111438751 0.205142021179199 0.205564051866531 0.20595195889473 0.206277638673782 0.20657753944397 0.206901058554649 0.207229197025299 0.207482397556305 0.207713469862938 0.207755595445633 0.207793116569519 0.207814484834671 0.207865878939629 0.207973033189774 0.208153054118156 0.208412453532219 0.208806425333023 0.209287449717522 0.209916949272156
0.204506456851959 0.204516246914864 0.204493567347527 0.204461649060249 0.204405888915062 0.20434707403183 0.204271450638771 0.204188078641891 0.204065188765526 0.203913524746895 0.203692317008972 0.203458592295647 0.203207671642303 0.20298045873642 0.20277264714241 0.202621102333069 0.202496230602264 0.202437520027161 0.202394619584084 0.202439099550247 0.20249530673027 0.202634930610657 0.202786788344383 0.202989757061005 0.203233078122139 0.203561559319496 0.203955739736557 0.20443020761013 0.204910218715668 0.205394238233566 0.205818474292755 0.206217929720879 0.20658977329731 0.206956192851067 0.207216262817383 0.207448035478592 0.207441791892052 0.207419067621231 0.207338407635689 0.207280352711678 0.207264274358749 0.207337155938148 0.207506939768791 0.207879140973091 0.208382323384285 0.209042608737946
0.204138457775116 0.204139947891235 0.204107388854027 0.204065144062042 0.203996002674103 0.203923165798187 0.203825265169144 0.203715696930885 0.203546836972237 0.203347980976105 0.203076720237732 0.202805802226067 0.202535346150398 0.202310398221016 0.202122703194618 0.202000766992569 0.201909989118576 0.201885610818863 0.201877102255821 0.201939672231674 0.202012732625008 0.202167615294456 0.202328592538834 0.202515125274658 0.202726781368256 0.202991455793381 0.203343242406845 0.203801482915878 0.204315692186356 0.204870641231537 0.205370560288429 0.205847680568695 0.20625701546669 0.206653043627739 0.206922441720963 0.207159832119942 0.2071303576231 0.207074090838432 0.206923648715019 0.206783652305603 0.206663087010384 0.206633061170578 0.206701710820198 0.207024067640305 0.207510590553284 0.20818917453289
0.203912451863289 0.203920513391495 0.203893423080444 0.203856334090233 0.203782975673676 0.203703090548515 0.203547284007072 0.20336976647377 0.203081905841827 0.202787414193153 0.20247694849968 0.202211856842041 0.202009066939354 0.201864346861839 0.201767131686211 0.201717406511307 0.201690182089806 0.201689690351486 0.201695591211319 0.201747342944145 0.201807782053947 0.201949045062065 0.202095493674278 0.202263578772545 0.202447086572647 0.202663168311119 0.202959537506104 0.203354045748711 0.203850582242012 0.204421445727348 0.20494718849659 0.205454260110855 0.205877423286438 0.20628410577774 0.20656818151474 0.206821963191032 0.206824079155922 0.206792533397675 0.206642672419548 0.206480786204338 0.206296592950821 0.206172958016396 0.206115305423737 0.206326529383659 0.206711739301682 0.207381397485733
0.203755989670753 0.203757300972939 0.203732416033745 0.203700065612793 0.203621968626976 0.203534618020058 0.203323408961296 0.203089237213135 0.202738240361214 0.202399179339409 0.202088952064514 0.201845839619637 0.201694846153259 0.201604589819908 0.201564028859138 0.201556771993637 0.201565280556679 0.201577842235565 0.20159138739109 0.201629117131233 0.20167350769043 0.201790675520897 0.201913252472878 0.20205856859684 0.202214375138283 0.202392354607582 0.202639698982239 0.202971830964088 0.203441724181175 0.204011961817741 0.204547867178917 0.205069556832314 0.205493122339249 0.205897405743599 0.20617900788784 0.206432834267616 0.20645971596241 0.206451237201691 0.20631842315197 0.206161007285118 0.205957934260368 0.205786377191544 0.205649167299271 0.20574714243412 0.205997288227081 0.206619769334793
0.203686997294426 0.203664854168892 0.203638046979904 0.20360991358757 0.203526437282562 0.203431069850922 0.203167647123337 0.202890992164612 0.202547132968903 0.202227726578712 0.201967403292656 0.201766565442085 0.201647400856018 0.201579213142395 0.201552763581276 0.201550528407097 0.201559767127037 0.201571777462959 0.201584428548813 0.201604142785072 0.201628163456917 0.201708003878593 0.201795026659966 0.201912134885788 0.202040806412697 0.20219387114048 0.202400222420692 0.202671706676483 0.203103631734848 0.203652426600456 0.204178780317307 0.204695820808411 0.205102890729904 0.205488324165344 0.205745875835419 0.205979228019714 0.206022292375565 0.206034779548645 0.205939725041389 0.205819949507713 0.205654293298721 0.205492317676544 0.205334350466728 0.205316379666328 0.205388978123665 0.205916225910187
0.203603953123093 0.203581109642982 0.203570961952209 0.203564435243607 0.203488022089005 0.203397810459137 0.203128218650818 0.202846840023994 0.202505454421043 0.202187031507492 0.201924070715904 0.20172718167305 0.201621010899544 0.201564133167267 0.201547563076019 0.201550632715225 0.201563000679016 0.201577976346016 0.201593562960625 0.201607957482338 0.201624631881714 0.201675847172737 0.201734572649002 0.201824814081192 0.201928436756134 0.202060341835022 0.202232718467712 0.202454537153244 0.202842622995377 0.203351825475693 0.203854784369469 0.204355180263519 0.20473675429821 0.20509497821331 0.205315962433815 0.205514848232269 0.205547571182251 0.205553516745567 0.205465346574783 0.205355778336525 0.205206453800201 0.205063059926033 0.204926118254662 0.204872846603394 0.204873725771904 0.205314308404922
0.203510373830795 0.203503906726837 0.203524366021156 0.203552469611168 0.203492447733879 0.203417256474495 0.203176066279411 0.202918261289597 0.202575862407684 0.20224441587925 0.201939389109612 0.201717704534531 0.201610431075096 0.201556757092476 0.201546922326088 0.201555490493774 0.201572775840759 0.20159338414669 0.201614782214165 0.201633378863335 0.201652467250824 0.201681569218636 0.201717466115952 0.201781824231148 0.201861977577209 0.201975539326668 0.202119171619415 0.202299579977989 0.202639430761337 0.203095406293869 0.203564628958702 0.204039320349693 0.204388692975044 0.204713433980942 0.204888433218002 0.205042392015457 0.205044865608215 0.205023676156998 0.204919204115868 0.204799234867096 0.204650461673737 0.204532399773598 0.2044478058815 0.204419746994972 0.204428270459175 0.204788625240326
0.20342555642128 0.203439220786095 0.203480422496796 0.203529432415962 0.203479647636414 0.203413367271423 0.203175291419029 0.202916190028191 0.202550157904625 0.202200785279274 0.201891675591469 0.201677650213242 0.201594144105911 0.201557859778404 0.20156018435955 0.201575741171837 0.201597541570663 0.201620444655418 0.201643601059914 0.201663240790367 0.201682731509209 0.201703667640686 0.201729997992516 0.20177897810936 0.201840877532959 0.201930090785027 0.202046275138855 0.202195420861244 0.202488616108894 0.202886775135994 0.203322321176529 0.203773364424706 0.204091086983681 0.204382598400116 0.204477220773697 0.204550594091415 0.204487770795822 0.204407751560211 0.204267278313637 0.204123973846436 0.203975364565849 0.203878983855247 0.203839495778084 0.203868478536606 0.20394179224968 0.204290494322777
0.203344494104385 0.203379899263382 0.203437611460686 0.203501656651497 0.203459456562996 0.203399479389191 0.203153669834137 0.202882617712021 0.202483236789703 0.20211386680603 0.201816946268082 0.201624482870102 0.201575428247452 0.201562598347664 0.201579421758652 0.201602578163147 0.201628759503365 0.201652497053146 0.201675668358803 0.201694995164871 0.201714038848877 0.201732769608498 0.201755240559578 0.201793342828751 0.201839223504066 0.201901540160179 0.201990813016891 0.202113017439842 0.202360272407532 0.202698618173599 0.20310053229332 0.20352877676487 0.203815087676048 0.204073503613472 0.20407298207283 0.20405051112175 0.203907340764999 0.203754931688309 0.203570023179054 0.203397825360298 0.203249230980873 0.203172951936722 0.203175455331802 0.20327515900135 0.203437745571136 0.203804150223732
0.203246757388115 0.203277960419655 0.203316450119019 0.203357011079788 0.203306376934052 0.203239515423775 0.202986270189285 0.20271161198616 0.20232792198658 0.201985836029053 0.20174415409565 0.201596856117249 0.201579093933105 0.201584205031395 0.201608046889305 0.201633185148239 0.201658934354782 0.201681360602379 0.201703011989594 0.201720952987671 0.20173867046833 0.201756536960602 0.201777964830399 0.20181430876255 0.201854735612869 0.201903790235519 0.20197406411171 0.202070295810699 0.202274993062019 0.202558696269989 0.202916786074638 0.203305676579475 0.203521549701691 0.203703433275223 0.203590080142021 0.203459486365318 0.20326729118824 0.203079327940941 0.202906250953674 0.202757716178894 0.202654764056206 0.202618941664696 0.202656283974648 0.202787086367607 0.20297834277153 0.203351855278015
0.20314559340477 0.203167200088501 0.203179061412811 0.203188166022301 0.203125819563866 0.203049331903458 0.202788725495338 0.202512159943581 0.20215430855751 0.201849281787872 0.201671779155731 0.201574504375458 0.20158739387989 0.201609313488007 0.201638638973236 0.201664566993713 0.201688915491104 0.201709568500519 0.201729357242584 0.201745718717575 0.201761931180954 0.201779201626778 0.201800182461739 0.201836660504341 0.201873809099197 0.201912418007851 0.201965346932411 0.202035784721375 0.202198624610901 0.20242877304554 0.202740922570229 0.203087016940117 0.203224390745163 0.203320741653442 0.203090906143188 0.20284965634346 0.202614903450012 0.202399015426636 0.202249392867088 0.202135398983955 0.20208752155304 0.20209638774395 0.202167093753815 0.202320784330368 0.202528178691864 0.202906608581543
0.202993854880333 0.202987194061279 0.202964425086975 0.202937081456184 0.2028638869524 0.20278088748455 0.202559754252434 0.202325895428658 0.202027291059494 0.201777562499046 0.201645880937576 0.201578423380852 0.201599150896072 0.201621532440186 0.201645284891129 0.201670080423355 0.201695367693901 0.201717182993889 0.201738178730011 0.201762050390244 0.201784819364548 0.201788723468781 0.20179945230484 0.201838821172714 0.201879590749741 0.201923280954361 0.201975017786026 0.202036589384079 0.202178686857224 0.202379465103149 0.202640533447266 0.20292654633522 0.202915698289871 0.202846467494965 0.202595427632332 0.20234327018261 0.202145919203758 0.201969936490059 0.201869085431099 0.201799109578133 0.201786488294601 0.201814159750938 0.201885744929314 0.202020660042763 0.202196553349495 0.202518925070763
0.202838703989983 0.202804639935493 0.202748954296112 0.202687129378319 0.202603876590729 0.202515065670013 0.202335149049759 0.202145546674728 0.201906710863113 0.201711729168892 0.201622664928436 0.201582446694374 0.201609298586845 0.201631546020508 0.201650038361549 0.201674148440361 0.201700940728188 0.201724320650101 0.201746866106987 0.20177786052227 0.201806798577309 0.201797410845757 0.201797991991043 0.201840236783028 0.201884835958481 0.201934397220612 0.20198667049408 0.202042281627655 0.202165931463242 0.20233915746212 0.202543407678604 0.202760487794876 0.202607214450836 0.202381134033203 0.202117651700974 0.201862797141075 0.201705634593964 0.201571479439735 0.201518177986145 0.201490134000778 0.201509013772011 0.201552495360374 0.201622813940048 0.201736971735954 0.201879501342773 0.202142313122749
0.20267128944397 0.202627792954445 0.20256145298481 0.202488645911217 0.202403202652931 0.202314481139183 0.202172040939331 0.202021911740303 0.201832622289658 0.201677709817886 0.201605826616287 0.201575011014938 0.201600596308708 0.201624095439911 0.201645895838737 0.201675266027451 0.201708242297173 0.201736092567444 0.201762720942497 0.201792180538177 0.201818957924843 0.201803684234619 0.201799720525742 0.201843172311783 0.201890721917152 0.201946929097176 0.202010557055473 0.202083230018616 0.202202677726746 0.202356189489365 0.202445015311241 0.202507048845291 0.202306658029556 0.20205469429493 0.201826795935631 0.201609238982201 0.201483905315399 0.20137956738472 0.201349020004272 0.201336055994034 0.201355740427971 0.201395407319069 0.201456844806671 0.201549023389816 0.201661080121994 0.201856255531311
0.202514961361885 0.202463209629059 0.20238895714283 0.202308297157288 0.202221766114235 0.202133879065514 0.202025592327118 0.201911300420761 0.201766401529312 0.201647073030472 0.201589465141296 0.201566711068153 0.201591804623604 0.201617389917374 0.201643377542496 0.201677724719048 0.201716035604477 0.201748356223106 0.2017792314291 0.20180656015873 0.20183077454567 0.201813265681267 0.201807841658592 0.20185299217701 0.201904773712158 0.20197057723999 0.202044442296028 0.202128142118454 0.202230393886566 0.20234614610672 0.202323406934738 0.20224329829216 0.202011972665787 0.201750919222832 0.201558604836464 0.20137782394886 0.201285019516945 0.201210498809814 0.201200261712074 0.201201468706131 0.201223939657211 0.201261028647423 0.201314017176628 0.201384946703911 0.201467499136925 0.201600044965744
0.202399268746376 0.202343627810478 0.202271401882172 0.202194452285767 0.20211087167263 0.202026531100273 0.201940178871155 0.201848417520523 0.201729044318199 0.201628819108009 0.201574832201004 0.201555192470551 0.201582700014114 0.201613426208496 0.20164680480957 0.201685070991516 0.201725661754608 0.201762348413467 0.201798126101494 0.201821088790894 0.201841339468956 0.201835080981255 0.201839417219162 0.201888039708138 0.201948747038841 0.202034965157509 0.202115043997765 0.20218762755394 0.202225029468536 0.202236816287041 0.202116623520851 0.201941773295403 0.201738819479942 0.201530337333679 0.201373502612114 0.201227620244026 0.201169908046722 0.201125219464302 0.201126337051392 0.201138436794281 0.201170891523361 0.201209872961044 0.201255992054939 0.201308459043503 0.201365008950233 0.201453328132629
