Ecospace-environmental-drivers/Outputs/ASCII-for-ecospace/MOM6-ISIMIP3a/o2-surf/1981-08_o2-surf_MOM6-ISIMIP3a.asc
NCOLS 131 
NROWS 53 
XLLCORNER -98 
YLLCORNER 23.9265270233154 
CELLSIZE 0.133587792515755 
NODATA_value -9999 
[rows 0 to 20 of 53, columns 46 to 91 of 131]
-9999 -9999 -9999 -9999 -9999 -9999 -9999 -9999 -9999 -9999 -9999 -9999 -9999 -9999 -9999 -9999 -9999 -9999 -9999 -9999 -9999 -9999 -9999 -9999 -9999 -9999 -9999 -9999 -9999 -9999 -9999 -9999 -9999 -9999 -9999 -9999 -9999 -9999 -9999 -9999 -9999 -9999 -9999 -9999 -9999 -9999
-9999 -9999 -9999 -9999 -9999 -9999 -9999 -9999 -9999 -9999 -9999 -9999 -9999 -9999 -9999 -9999 -9999 -9999 -9999 -9999 -9999 -9999 -9999 -9999 -9999 -9999 -9999 -9999 -9999 -9999 -9999 -9999 -9999 -9999 -9999 -9999 -9999 -9999 -9999 -9999 -9999 -9999 -9999 -9999 -9999 -9999
-9999 -9999 -9999 -9999 -9999 -9999 -9999 -9999 -9999 -9999 -9999 -9999 -9999 -9999 -9999 -9999 -9999 -9999 -9999 -9999 -9999 -9999 -9999 -9999 -9999 -9999 -9999 -9999 0.21234692633152 0.211579918861389 -9999 -9999 -9999 -9999 -9999 -9999 -9999 -9999 -9999 -9999 -9999 -9999 -9999 -9999 -9999 -9999
-9999 -9999 -9999 -9999 -9999 -9999 -9999 -9999 -9999 -9999 -9999 -9999 -9999 -9999 -9999 -9999 -9999 -9999 -9999 -9999 -9999 -9999 -9999 -9999 -9999 -9999 -9999 -9999 0.212223738431931 0.211282923817635 -9999 -9999 -9999 -9999 -9999 -9999 -9999 -9999 -9999 -9999 -9999 -9999 -9999 -9999 -9999 -9999
-9999 -9999 -9999 -9999 -9999 -9999 -9999 -9999 -9999 -9999 -9999 -9999 -9999 -9999 -9999 -9999 -9999 -9999 -9999 0.196421220898628 0.197493523359299 0.198351353406906 0.203355342149734 0.207352384924889 0.213220775127411 0.215578138828278 0.214968964457512 0.213626369833946 0.212007001042366 0.211037859320641 0.210803911089897 -9999 -9999 0.216043293476105 0.217525765299797 0.215879157185555 0.211980134248734 0.207164123654366 0.203859865665436 0.201995357871056 0.200556963682175 0.199489071965218 0.19859054684639 -9999 -9999 -9999
-9999 -9999 -9999 -9999 -9999 -9999 -9999 -9999 -9999 -9999 -9999 -9999 -9999 -9999 -9999 0.163620129227638 -9999 0.166216164827347 0.168422445654869 0.182853654026985 0.196421220898628 0.197707980871201 0.198351353406906 0.208359315991402 0.215346470475197 0.215956524014473 0.215431421995163 0.213518932461739 0.211928755044937 0.210573315620422 0.210611522197723 0.211226880550385 0.213734105229378 0.216613218188286 0.217782557010651 0.218181520700455 0.211673378944397 0.20608551800251 0.20373347401619 0.201760619878769 0.20049199461937 0.199418276548386 0.198556929826736 0.197796419262886 0.197101131081581 -9999
-9999 -9999 -9999 -9999 -9999 -9999 -9999 -9999 -9999 -9999 -9999 0.140104368329048 0.139917939901352 0.139917552471161 0.140256941318512 0.152315303683281 0.163397803902626 0.16384245455265 0.166383594274521 0.168422445654869 0.183717280626297 0.196421220898628 0.198351353406906 0.208359315991402 0.215346470475197 0.215956524014473 0.215431421995163 0.213518932461739 0.211928755044937 0.210573315620422 0.210611522197723 0.211226880550385 0.213734105229378 0.216613218188286 0.217782557010651 0.218181520700455 0.211673378944397 0.20608551800251 0.20373347401619 0.201760619878769 0.20049199461937 0.199418276548386 0.198556929826736 0.197796419262886 0.197101131081581 0.1969173848629
-9999 -9999 -9999 -9999 -9999 -9999 -9999 -9999 -9999 -9999 -9999 0.141103893518448 0.140104368329048 0.139731526374817 -9999 0.14112251996994 0.15329697728157 0.162953153252602 0.16384245455265 0.166885867714882 0.168422445654869 0.186308175325394 0.203101620078087 0.215323761105537 0.223862200975418 0.224624022841454 0.224391296505928 0.222943007946014 0.221693798899651 0.220589622855186 0.219987317919731 0.21959288418293 0.219161719083786 0.218723356723785 0.217409506440163 0.215759009122849 0.211136817932129 0.20711475610733 0.205202788114548 0.203398749232292 0.20179508626461 0.20034496486187 0.199062094092369 0.198155358433723 0.197492018342018 0.197291627526283
-9999 -9999 -9999 -9999 -9999 -9999 -9999 -9999 -9999 -9999 -9999 -9999 -9999 -9999 -9999 0.140287265181541 0.143721625208855 0.15568034350872 0.162063851952553 0.16384245455265 0.168392717838287 0.188977375626564 0.208398371934891 0.222949355840683 0.233110070228577 0.234002590179443 0.234068661928177 0.233124643564224 0.232248619198799 0.231422126293182 0.230129316449165 0.228643387556076 0.225047588348389 0.221037030220032 0.217055141925812 0.213205516338348 0.210637629032135 0.208318591117859 0.206874564290047 0.205241158604622 0.203256040811539 0.20138518512249 0.199638783931732 0.19856396317482 0.197923675179482 0.197560459375381
0.198206514120102 0.1984793394804 -9999 -9999 -9999 -9999 -9999 -9999 -9999 -9999 -9999 0.183200731873512 0.142128393054008 -9999 -9999 -9999 0.142144441604614 0.150407448410988 0.159943535923958 0.160285249352455 0.161740645766258 0.189516752958298 0.214329689741135 0.226741433143616 0.235077723860741 0.234810441732407 0.234289526939392 0.23345859348774 0.232761710882187 0.232162460684776 0.230898588895798 0.229359447956085 0.226007401943207 0.222298964858055 0.218746334314346 0.215351045131683 0.213436350226402 0.211570918560028 0.209878623485565 0.207840740680695 0.205161064863205 0.202784910798073 0.200739428400993 0.199304595589638 0.198264852166176 0.197814583778381
0.198060616850853 0.198898062109947 0.198959872126579 -9999 -9999 -9999 -9999 -9999 -9999 -9999 -9999 0.204120218753815 0.180303767323494 0.142128393054008 -9999 -9999 0.137121617794037 0.149207338690758 0.16489340364933 0.161489248275757 0.159200757741928 0.192238718271255 0.220779627561569 0.230499923229218 0.236614018678665 0.235115081071854 0.233837440609932 0.23283027112484 0.232127636671066 0.231646820902824 0.230505734682083 0.229091212153435 0.22623385488987 0.223092883825302 0.220126748085022 0.217319682240486 0.216003209352493 0.214553639292717 0.21263612806797 0.210237681865692 0.206946074962616 0.204116120934486 0.201789125800133 0.200016811490059 0.198603391647339 0.198074966669083
0.198060616850853 0.198898062109947 0.199083492159843 0.201503783464432 0.203710228204727 -9999 -9999 -9999 -9999 -9999 -9999 -9999 0.199589341878891 0.173340350389481 0.142128393054008 0.140104368329048 0.137121617794037 0.149207338690758 0.16489340364933 0.171411424875259 0.1787179261446 0.206667631864548 0.230011314153671 0.234078332781792 0.235836505889893 0.232720509171486 0.229775831103325 0.227040499448776 0.225340366363525 0.224394261837006 0.223879516124725 0.223543420433998 0.222526773810387 0.221376359462738 0.219840168952942 0.218339562416077 0.217326328158379 0.216090336441994 0.21407113969326 0.211547583341599 0.208087354898453 0.205079823732376 0.202565506100655 0.200576677918434 0.198927849531174 0.198369011282921
0.198118284344673 0.198968142271042 0.200640007853508 0.202545642852783 0.203745990991592 -9999 -9999 -9999 -9999 0.205593675374985 0.207237228751183 0.207012116909027 0.204221591353416 0.187534317374229 0.159477084875107 0.148490950465202 0.145591020584106 0.155982583761215 0.169549912214279 0.181723088026047 0.19451978802681 0.217786073684692 0.236509993672371 0.236223638057709 0.234659716486931 0.230398759245872 0.226245447993279 0.222223699092865 0.219675064086914 0.218199446797371 0.217871069908142 0.21801783144474 0.218165412545204 0.218313157558441 0.217905819416046 0.217465683817863 0.216905787587166 0.216080442070961 0.214321747422218 0.212038606405258 0.208781510591507 0.205836728215218 0.203232184052467 0.201088562607765 0.199243173003197 0.198620930314064
0.198320120573044 0.199213445186615 0.200788870453835 0.202558293938637 0.203745990991592 0.204839035868645 0.204984664916992 0.205106884241104 0.205110087990761 0.205593675374985 0.207237228751183 0.207012116909027 0.204221591353416 0.19610333442688 0.183626055717468 0.177844405174255 0.175234347581863 0.179696276783943 0.185847952961922 0.193008452653885 0.20103320479393 0.220628172159195 0.236175999045372 0.234786093235016 0.232484698295593 0.228259056806564 0.224043190479279 0.219839304685593 0.216814681887627 0.214649021625519 0.213407129049301 0.212547793984413 0.212168321013451 0.211883172392845 0.21185202896595 0.21185727417469 0.21212600171566 0.212203979492188 0.211611226201057 0.210482358932495 0.208357870578766 0.206076636910439 0.203624606132507 0.201480507850647 0.199535667896271 0.19876754283905
0.199102520942688 0.200153261423111 0.20169386267662 0.203373774886131 0.20439039170742 0.205319002270699 0.205704182386398 0.206108257174492 0.206608504056931 0.207646429538727 0.209982648491859 0.210357263684273 0.208038851618767 0.205462366342545 0.202674716711044 0.20048551261425 0.198579773306847 0.199410259723663 0.200894519686699 0.204331770539284 0.208572596311569 0.222556471824646 0.233432561159134 0.231302231550217 0.228594079613686 0.224666103720665 0.220740929245949 0.21681921184063 0.213786602020264 0.211401611566544 0.209715992212296 0.208320006728172 0.207571059465408 0.206949323415756 0.20701976120472 0.207170695066452 0.207857459783554 0.208467662334442 0.208808749914169 0.208649635314941 0.207561612129211 0.205952346324921 0.20377516746521 0.201727092266083 0.199762538075447 0.198914960026741
0.200705707073212 0.202075004577637 0.203667864203453 0.205324307084084 0.205945894122124 0.206477537751198 0.207440957427025 0.208525404334068 0.210225403308868 0.212601378560066 0.216609582304955 0.218431815505028 0.217253014445305 0.215938344597816 0.214512497186661 0.213636547327042 0.213021084666252 0.213469326496124 0.21417173743248 0.21570873260498 0.217562541365623 0.22319284081459 0.227282643318176 0.224925234913826 0.222277909517288 0.219018548727036 0.215883478522301 0.212900340557098 0.210521429777145 0.20858259499073 0.207117468118668 0.205848515033722 0.204952925443649 0.204130738973618 0.203914523124695 0.203787431120872 0.204311683773994 0.204929485917091 0.205876231193542 0.206425994634628 0.20623853802681 0.205313161015511 0.203583836555481 0.201768144965172 0.199896588921547 0.199063524603844
0.201399326324463 0.202665388584137 0.204063177108765 0.205498412251472 0.206158578395844 0.206780269742012 0.208504751324654 0.210358038544655 0.212866589426994 0.215771153569221 0.219631999731064 0.221550732851028 0.220803201198578 0.219914764165878 0.218911051750183 0.218234464526176 0.217712819576263 0.217466369271278 0.217285662889481 0.217522814869881 0.217848241329193 0.219040796160698 0.219586953520775 0.21742781996727 0.215165555477142 0.212685570120811 0.210439071059227 0.208477959036827 0.206895500421524 0.205588847398758 0.204553171992302 0.203629717230797 0.202894255518913 0.202195733785629 0.201930791139603 0.201745301485062 0.202179059386253 0.202781900763512 0.203979283571243 0.204864218831062 0.205168858170509 0.204650223255157 0.203234598040581 0.201653569936752 0.199965506792068 0.199231430888176
0.201326981186867 0.202134609222412 0.203129023313522 0.204176545143127 0.205240458250046 0.206362277269363 0.209001779556274 0.211698472499847 0.214686095714569 0.217437610030174 0.219618991017342 0.220496401190758 0.21958364546299 0.218417808413506 0.217044919729233 0.215629622340202 0.214194238185883 0.212989956140518 0.211840882897377 0.211283788084984 0.21080394089222 0.210856348276138 0.210589542984962 0.208986878395081 0.207382708787918 0.205775380134583 0.204500377178192 0.203631550073624 0.202965795993805 0.202447965741158 0.202017709612846 0.201623722910881 0.201306700706482 0.201004803180695 0.200891494750977 0.200832560658455 0.201236456632614 0.201805353164673 0.202954411506653 0.203859776258469 0.204312592744827 0.203967288136482 0.202752411365509 0.201407924294472 0.199979588389397 0.199415624141693
0.200729548931122 0.201151192188263 0.201756149530411 0.202413231134415 0.203389555215836 0.204444751143456 0.206746682524681 0.20909121632576 0.211652413010597 0.213930994272232 0.215527206659317 0.216178700327873 0.215533226728439 0.214582413434982 0.21338178217411 0.211900547146797 0.210286393761635 0.208739429712296 0.207208514213562 0.206297487020493 0.205458968877792 0.205055966973305 0.204529032111168 0.203483432531357 0.20250740647316 0.201678261160851 0.201145902276039 0.200976267457008 0.200880318880081 0.200838044285774 0.200776755809784 0.200707599520683 0.200640380382538 0.200573518872261 0.200596198439598 0.200660362839699 0.201097428798676 0.201650187373161 0.202609688043594 0.203349992632866 0.203683242201805 0.203352779150009 0.202299147844315 0.201182886958122 0.200026124715805 0.199588447809219
0.199875146150589 0.199946269392967 0.200168564915657 0.200433880090714 0.201082170009613 0.201793372631073 0.203144788742065 0.204552099108696 0.206243708729744 0.207892835140228 0.209439381957054 0.210263982415199 0.210097461938858 0.209602653980255 0.208839252591133 0.207621306180954 0.206188052892685 0.20459945499897 0.202973738312721 0.201924219727516 0.20094558596611 0.200422286987305 0.199905753135681 0.199417516589165 0.199054971337318 0.198957771062851 0.199056059122086 0.19939324259758 0.199697330594063 0.199977323412895 0.200169309973717 0.200324848294258 0.200424879789352 0.200514003634453 0.200664982199669 0.200850561261177 0.201351672410965 0.201897010207176 0.202597811818123 0.203082278370857 0.203164950013161 0.202771738171577 0.201860040426254 0.200967937707901 0.200088530778885 0.199755683541298
0.199696928262711 0.199692189693451 0.199764356017113 0.199858412146568 0.200221866369247 0.200625389814377 0.201366171240807 0.202149614691734 0.203150182962418 0.204179033637047 0.205276235938072 0.20592001080513 0.205941259860992 0.20572404563427 0.205311730504036 0.204506084322929 0.203514114022255 0.202314361929893 0.201064959168434 0.200178578495979 0.199340388178825 0.198840737342834 0.198379665613174 0.198079973459244 0.197933062911034 0.198108658194542 0.198446497321129 0.198982611298561 0.199438914656639 0.199837073683739 0.200085550546646 0.200272038578987 0.200419336557388 0.200558915734291 0.200758919119835 0.200980365276337 0.201389536261559 0.201802715659142 0.202229991555214 0.202491849660873 0.202446460723877 0.202090457081795 0.201396018266678 0.200741574168205 0.200113013386726 0.199858888983727
