Ecospace-environmental-drivers/Outputs/ASCII-for-ecospace/MOM6-ISIMIP3a/o2-surf/1982-01_o2-surf_MOM6-ISIMIP3a.asc
NCOLS 131 
NROWS 53 
XLLCORNER -98 
YLLCORNER 23.9265270233154 
CELLSIZE 0.133587792515755 
NODATA_value -9999 
[rows 21 to 41 of 53, columns 46 to 91 of 131]
0.221609607338905 0.220943748950958 0.220582947134972 0.220308899879456 0.221386030316353 0.222602963447571 0.223860055208206 0.224935635924339 0.225087895989418 0.225313782691956 0.225717395544052 0.226201340556145 0.226795554161072 0.227338373661041 0.227839171886444 0.228130787611008 0.228323325514793 0.228408083319664 0.22846707701683 0.228483721613884 0.228468641638756 0.228034064173698 0.227577179670334 0.227026969194412 0.226441368460655 0.225781038403511 0.225195363163948 0.224700897932053 0.224325716495514 0.224037423729897 0.223525419831276 0.222920790314674 0.222285956144333 0.221645191311836 0.220795884728432 0.219960197806358 0.21933288872242 0.218782812356949 0.218504190444946 0.218365341424942 0.218486115336418 0.218624994158745 0.218783617019653 0.218922734260559 0.219049245119095 0.219148769974709
0.218774914741516 0.218415066599846 0.218174755573273 0.217968448996544 0.218556389212608 0.219236761331558 0.220217674970627 0.221091568470001 0.221421152353287 0.221750169992447 0.222077861428261 0.222496077418327 0.223038583993912 0.223605081439018 0.224191188812256 0.224661633372307 0.225077286362648 0.225550562143326 0.226037606596947 0.226291984319687 0.226488023996353 0.226067662239075 0.225591316819191 0.224880710244179 0.224206984043121 0.223611131310463 0.223108783364296 0.222720742225647 0.222373336553574 0.222055539488792 0.221566915512085 0.221007540822029 0.220290720462799 0.219542965292931 0.218689486384392 0.217876210808754 0.21749384701252 0.217192381620407 0.217175275087357 0.217252090573311 0.2175033390522 0.217726111412048 0.21791784465313 0.218084946274757 0.21823613345623 0.218368589878082
0.21615406870842 0.216112554073334 0.216033473610878 0.215943723917007 0.2160584628582 0.216212198138237 0.216853275895119 0.217468038201332 0.217948868870735 0.218353718519211 0.218575105071068 0.218889862298965 0.219332784414291 0.219875991344452 0.220501244068146 0.221140027046204 0.221785247325897 0.222661137580872 0.223592162132263 0.224078759551048 0.224477857351303 0.22404782474041 0.223529815673828 0.222643598914146 0.221875920891762 0.221358478069305 0.220953777432442 0.22068689763546 0.220370128750801 0.220017030835152 0.219554618000984 0.21904693543911 0.218260496854782 0.217419281601906 0.216591954231262 0.215830117464066 0.215703040361404 0.215661093592644 0.215918406844139 0.216220125555992 0.216604247689247 0.216908901929855 0.21712701022625 0.217318624258041 0.217493131756783 0.217650040984154
0.215417012572289 0.21544523537159 0.215463742613792 0.215479493141174 0.215583026409149 0.215703725814819 0.216045677661896 0.216372177004814 0.216620147228241 0.216831281781197 0.216953486204147 0.217125609517097 0.217366307973862 0.217767104506493 0.218298882246017 0.21893498301506 0.219620496034622 0.22072471678257 0.221928969025612 0.222323909401894 0.222598910331726 0.221937596797943 0.221228808164597 0.220321267843246 0.219610348343849 0.219314530491829 0.219087198376656 0.218943580985069 0.218721777200699 0.218443021178246 0.218062743544579 0.217640414834023 0.217084944248199 0.21650330722332 0.216027140617371 0.215598255395889 0.215593159198761 0.215645611286163 0.215900480747223 0.216169208288193 0.216463714838028 0.216692268848419 0.216849014163017 0.217022687196732 0.217207327485085 0.217322424054146
0.214836642146111 0.214921578764915 0.21501436829567 0.215109393000603 0.215196534991264 0.215283021330833 0.215373650193214 0.215458333492279 0.215512722730637 0.215560540556908 0.215592458844185 0.215637698769569 0.215701192617416 0.215959161520004 0.21637624502182 0.216969877481461 0.217647150158882 0.21887032687664 0.220223948359489 0.220527485013008 0.220691576600075 0.219875976443291 0.219056636095047 0.218221604824066 0.217626377940178 0.217537388205528 0.21747113764286 0.21743269264698 0.217294842004776 0.21708457171917 0.216782465577126 0.216442331671715 0.216090023517609 0.215735331177711 0.21555033326149 0.215396553277969 0.215486451983452 0.215611279010773 0.215858891606331 0.216093719005585 0.216304793953896 0.216465935111046 0.216572642326355 0.216730028390884 0.216920226812363 0.217006757855415
0.214943334460258 0.215027838945389 0.215092688798904 0.215151935815811 0.215200036764145 0.215247079730034 0.2152960896492 0.215342491865158 0.21537558734417 0.215393349528313 0.21537409722805 0.215361356735229 0.215357542037964 0.215470880270004 0.215680062770844 0.21605683863163 0.216513007879257 0.217375710606575 0.218335554003716 0.218548834323883 0.21865975856781 0.218027427792549 0.217449337244034 0.21709831058979 0.21687713265419 0.216930121183395 0.216953605413437 0.216941013932228 0.216838821768761 0.216671332716942 0.216430008411407 0.216158106923103 0.215887099504471 0.215616270899773 0.21545934677124 0.215327024459839 0.215393722057343 0.215494215488434 0.215713545680046 0.215910345315933 0.216065317392349 0.216197028756142 0.216303363442421 0.216451779007912 0.216627433896065 0.216743424534798
0.215011030435562 0.215088680386543 0.215136930346489 0.215176835656166 0.215193629264832 0.215208232402802 0.215227410197258 0.21524678170681 0.21526712179184 0.215267226099968 0.215218484401703 0.215172961354256 0.215131849050522 0.21514430642128 0.215200573205948 0.215404912829399 0.215679377317429 0.216215372085571 0.2168138474226 0.216938689351082 0.216998144984245 0.216579422354698 0.216243207454681 0.216252267360687 0.216298937797546 0.216425031423569 0.216495677828789 0.21649856865406 0.216415822505951 0.216270714998245 0.216075375676155 0.2158592492342 0.215652912855148 0.215448498725891 0.215305730700493 0.21518275141716 0.215230792760849 0.215309992432594 0.215498700737953 0.215655848383904 0.21575440466404 0.215863168239594 0.215983048081398 0.216132178902626 0.21630023419857 0.216443285346031
0.214993700385094 0.215050399303436 0.215106844902039 0.215163215994835 0.215165585279465 0.215163066983223 0.215178117156029 0.2151949852705 0.215221226215363 0.215230718255043 0.215199783444405 0.215176448225975 0.215163573622704 0.215170577168465 0.215193837881088 0.215322643518448 0.215501427650452 0.2157843708992 0.216092213988304 0.216132596135139 0.216144263744354 0.216005384922028 0.215912356972694 0.216011166572571 0.216093942523003 0.216142892837524 0.216167852282524 0.216163530945778 0.216064915060997 0.215897619724274 0.215715989470482 0.215528428554535 0.215350493788719 0.215174466371536 0.215015456080437 0.214875429868698 0.214914709329605 0.21497917175293 0.215132191777229 0.215246170759201 0.21528759598732 0.215387582778931 0.215551376342773 0.215722352266312 0.215897962450981 0.216062813997269
0.214964434504509 0.214994296431541 0.215045303106308 0.215102329850197 0.215099141001701 0.215090915560722 0.215113282203674 0.215137228369713 0.215169295668602 0.215188026428223 0.215174540877342 0.215168431401253 0.215172439813614 0.215171784162521 0.215167343616486 0.215244576334953 0.21536049246788 0.215485915541649 0.215613603591919 0.215611442923546 0.215602159500122 0.215619191527367 0.215659201145172 0.215795323252678 0.215880587697029 0.215858489274979 0.215840101242065 0.215826228260994 0.215720891952515 0.215548902750015 0.215382382273674 0.215218126773834 0.215047165751457 0.214874878525734 0.214690536260605 0.214525908231735 0.214558184146881 0.214611813426018 0.214740574359894 0.214822977781296 0.214819312095642 0.214917361736298 0.215126246213913 0.215302437543869 0.215457484126091 0.215609952807426
0.214920178055763 0.21491576731205 0.214944183826447 0.214981958270073 0.214984387159348 0.214984819293022 0.215028911828995 0.215071976184845 0.215109780430794 0.215137556195259 0.215141102671623 0.21514593064785 0.215152516961098 0.215141445398331 0.215115949511528 0.215171799063683 0.215266168117523 0.215354204177856 0.21544075012207 0.215448766946793 0.215452313423157 0.215469315648079 0.215503767132759 0.21561124920845 0.215656727552414 0.215571269392967 0.215512409806252 0.215486079454422 0.215385511517525 0.215230867266655 0.215081214904785 0.214933648705482 0.214742660522461 0.214543133974075 0.214322060346603 0.214123323559761 0.214150786399841 0.214198470115662 0.214317321777344 0.21438279747963 0.214349165558815 0.214453876018524 0.21470932662487 0.21486984193325 0.214968919754028 0.21506604552269
0.214825302362442 0.214799851179123 0.21480305492878 0.214814379811287 0.21481728553772 0.214821472764015 0.214883506298065 0.214942410588264 0.214985325932503 0.21502348780632 0.215050160884857 0.215077444911003 0.215105563402176 0.215106561779976 0.215085342526436 0.215136364102364 0.215221598744392 0.215285629034042 0.215344578027725 0.215340748429298 0.215333119034767 0.215332850813866 0.215345337986946 0.215411126613617 0.215413957834244 0.215283915400505 0.215172544121742 0.215083986520767 0.214952379465103 0.214789420366287 0.214651241898537 0.214523300528526 0.214322954416275 0.214108362793922 0.213854551315308 0.213626280426979 0.213661685585976 0.213709950447083 0.213803485035896 0.213850170373917 0.213809862732887 0.213925138115883 0.214209944009781 0.214358478784561 0.214418828487396 0.214482307434082
0.214692488312721 0.214655935764313 0.214631885290146 0.214611411094666 0.214610919356346 0.214615181088448 0.214692324399948 0.214764609932899 0.214812159538269 0.214861690998077 0.214916065335274 0.214974462985992 0.215038359165192 0.215068250894547 0.215070307254791 0.215128928422928 0.215214356780052 0.21526437997818 0.215305954217911 0.21527373790741 0.215236902236938 0.215206459164619 0.215184658765793 0.215198948979378 0.215157032012939 0.214996457099915 0.214823514223099 0.214635446667671 0.214445948600769 0.214255437254906 0.214124634861946 0.214018568396568 0.213816836476326 0.213596314191818 0.213312789797783 0.213058412075043 0.213111311197281 0.213165059685707 0.213221713900566 0.21324822306633 0.213218688964844 0.213347464799881 0.213648706674576 0.213788032531738 0.213822588324547 0.213868722319603
0.214508026838303 0.214453294873238 0.214400634169579 0.214348569512367 0.214327067136765 0.214311897754669 0.214383319020271 0.214453458786011 0.214517027139664 0.21458637714386 0.214669719338417 0.214760288596153 0.214860796928406 0.214932024478912 0.21497930586338 0.215054899454117 0.215143918991089 0.215181455016136 0.215206697583199 0.215143993496895 0.21507540345192 0.215008959174156 0.214948415756226 0.214912503957748 0.214831322431564 0.214654549956322 0.214436575770378 0.214168205857277 0.213924258947372 0.213698133826256 0.213587820529938 0.213525474071503 0.213345155119896 0.213141664862633 0.212813422083855 0.212516814470291 0.212574392557144 0.212617412209511 0.212609216570854 0.212592124938965 0.212558507919312 0.212661355733871 0.212912887334824 0.213038831949234 0.213083505630493 0.213157221674919
0.21430142223835 0.214225515723228 0.214143648743629 0.214060083031654 0.214010000228882 0.21396704018116 0.214023813605309 0.214085146784782 0.214169636368752 0.214262425899506 0.214375227689743 0.214498445391655 0.214635938405991 0.214753851294518 0.214855745434761 0.214952319860458 0.215046390891075 0.215072095394135 0.215081468224525 0.214987367391586 0.21488593518734 0.214780986309052 0.214679777622223 0.214594230055809 0.214476123452187 0.214289322495461 0.214033380150795 0.21369294822216 0.213396042585373 0.213130831718445 0.213046625256538 0.213037356734276 0.212888240814209 0.21271163225174 0.212332218885422 0.211986497044563 0.212043240666389 0.21206858754158 0.211983531713486 0.211912825703621 0.211868733167648 0.211928769946098 0.212102234363556 0.212213009595871 0.212283223867416 0.212403774261475
0.213961482048035 0.21381801366806 0.213674619793892 0.213531225919724 0.213432654738426 0.21334420144558 0.213405296206474 0.213480621576309 0.213628381490707 0.213782623410225 0.213952541351318 0.214127361774445 0.214308902621269 0.214478403329849 0.21463805437088 0.214773148298264 0.214896619319916 0.214910700917244 0.214898645877838 0.214768454432487 0.214630424976349 0.214496776461601 0.214366540312767 0.214250639081001 0.214108631014824 0.213911488652229 0.213629990816116 0.213245376944542 0.212898969650269 0.212580397725105 0.21248459815979 0.212481051683426 0.212383359670639 0.212267160415649 0.211843132972717 0.21145161986351 0.211489111185074 0.211486771702766 0.211344450712204 0.21123631298542 0.211191713809967 0.211217910051346 0.211321249604225 0.211425930261612 0.211531445384026 0.21170537173748
0.213593944907188 0.213373348116875 0.213161706924438 0.212952628731728 0.212801456451416 0.212663874030113 0.212733179330826 0.21282722055912 0.213046997785568 0.213270589709282 0.213503316044807 0.213733658194542 0.213960722088814 0.214182838797569 0.214400887489319 0.214578121900558 0.214736044406891 0.214738547801971 0.214703917503357 0.214536637067795 0.214361265301704 0.214200913906097 0.214044064283371 0.213901802897453 0.213738575577736 0.21353106200695 0.213226571679115 0.212803527712822 0.2124083340168 0.212033435702324 0.211918264627457 0.211910635232925 0.211868569254875 0.211819723248482 0.211352422833443 0.210915803909302 0.210930228233337 0.210898146033287 0.210702583193779 0.210560381412506 0.210517317056656 0.210511550307274 0.210546419024467 0.210646852850914 0.210789710283279 0.211018368601799
0.21305450797081 0.21274209022522 0.212431624531746 0.212121725082397 0.211902275681496 0.211702212691307 0.211775183677673 0.211881533265114 0.212157770991325 0.212456226348877 0.212808310985565 0.213143184781075 0.21345442533493 0.213755577802658 0.214048489928246 0.21430566906929 0.214545905590057 0.214576408267021 0.21455679833889 0.214361414313316 0.21415413916111 0.213949233293533 0.2137441188097 0.213538154959679 0.21331200003624 0.213043212890625 0.212709873914719 0.21229761838913 0.211896941065788 0.211504697799683 0.211315259337425 0.211209788918495 0.211125940084457 0.211046323180199 0.210666865110397 0.210309222340584 0.210273191332817 0.210208028554916 0.210040405392647 0.209910944104195 0.20985235273838 0.20984859764576 0.209904626011848 0.21001598238945 0.210163131356239 0.210369855165482
0.21251405775547 0.212115347385406 0.211702525615692 0.211285695433617 0.211000099778175 0.210740461945534 0.210818484425545 0.210937067866325 0.211261838674545 0.211628630757332 0.212096855044365 0.212536379694939 0.212936490774155 0.213318780064583 0.213686510920525 0.214024901390076 0.214349418878555 0.214410915970802 0.214409559965134 0.214187681674957 0.213949859142303 0.213700324296951 0.213445976376534 0.213171437382698 0.21287702023983 0.21254064142704 0.21217642724514 0.211778193712234 0.211378484964371 0.210977718234062 0.210717856884003 0.210516363382339 0.210386350750923 0.210270375013351 0.209978759288788 0.209700524806976 0.209616437554359 0.209520533680916 0.209383144974709 0.209268182516098 0.209194913506508 0.209194228053093 0.209272623062134 0.209394052624702 0.209543332457542 0.209725856781006
0.212044760584831 0.211625844240189 0.211087673902512 0.210515573620796 0.210193857550621 0.209911927580833 0.21001236140728 0.210144996643066 0.210441425442696 0.210804209113121 0.211327284574509 0.211849391460419 0.21237014234066 0.212843164801598 0.213277131319046 0.213692635297775 0.214099377393723 0.214204877614975 0.214238405227661 0.214002698659897 0.213746428489685 0.21346016228199 0.213156372308731 0.21277916431427 0.212379455566406 0.211932256817818 0.211518302559853 0.211144998669624 0.210794553160667 0.210460767149925 0.210197865962982 0.209964320063591 0.209787964820862 0.209622845053673 0.209356680512428 0.209103122353554 0.209009349346161 0.208909407258034 0.208787769079208 0.208683997392654 0.208613395690918 0.208610534667969 0.208681479096413 0.208796843886375 0.20894093811512 0.209111645817757
0.211639553308487 0.211215883493423 0.210536733269691 0.209784924983978 0.209442153573036 0.209156706929207 0.20928880572319 0.209444940090179 0.209723278880119 0.210080727934837 0.210629150271416 0.211209133267403 0.211832493543625 0.212386012077332 0.21288238465786 0.213368952274323 0.213850855827332 0.213995978236198 0.21406064927578 0.213810041546822 0.21353480219841 0.213216155767441 0.212866231799126 0.212385386228561 0.211889505386353 0.211361944675446 0.210910350084305 0.210551604628563 0.210236713290215 0.209953755140305 0.209687307476997 0.209427699446678 0.209207817912102 0.208995744585991 0.208755299448967 0.208526849746704 0.208425596356392 0.208322912454605 0.20821513235569 0.208123281598091 0.208060994744301 0.208057925105095 0.208119407296181 0.208225235342979 0.20835979282856 0.208518996834755
0.211469322443008 0.211097583174706 0.210220217704773 0.209199070930481 0.208890452980995 0.208670258522034 0.208867982029915 0.209082186222076 0.209380209445953 0.209727302193642 0.210192874073982 0.210740268230438 0.211400017142296 0.211996525526047 0.212541282176971 0.213076770305634 0.213607862591743 0.213776558637619 0.213858664035797 0.213589325547218 0.213293150067329 0.212958067655563 0.212574169039726 0.211986050009727 0.211427450180054 0.210931196808815 0.21048629283905 0.210104167461395 0.209774553775787 0.209483221173286 0.209211379289627 0.208947613835335 0.208694487810135 0.208443477749825 0.208229869604111 0.208028003573418 0.207927361130714 0.207826673984528 0.207725808024406 0.2076485902071 0.20761527121067 0.20761926472187 0.207663878798485 0.207747578620911 0.207856580615044 0.208005428314209
