Ecospace-environmental-drivers/Outputs/ASCII-for-ecospace/MOM6-ISIMIP3a/o2-surf/1984-02_o2-surf_MOM6-ISIMIP3a.asc
NCOLS 131 
NROWS 53 
XLLCORNER -98 
YLLCORNER 23.9265270233154 
CELLSIZE 0.133587792515755 
NODATA_value -9999 
[rows 21 to 41 of 53, columns 0 to 45 of 131]
-9999 -9999 -9999 -9999 -9999 -9999 0.255872637033463 0.256616950035095 0.258481234312057 0.261516273021698 0.262311100959778 0.264822125434875 0.264370232820511 0.263024151325226 0.261241972446442 0.258956670761108 0.255818992853165 0.252095967531204 0.248243093490601 0.244340106844902 0.241219997406006 0.238238036632538 0.236275896430016 0.23444901406765 0.233563274145126 0.232827246189117 0.232576712965965 0.232405245304108 0.232371732592583 0.232219889760017 0.231946274638176 0.23163677752018 0.231305420398712 0.231123670935631 0.230991780757904 0.231613889336586 0.232346057891846 0.233890697360039 0.23520864546299 0.235082983970642 0.234856188297272 0.234347850084305 0.233828976750374 0.233293831348419 0.232972145080566 0.232846349477768
-9999 -9999 -9999 -9999 -9999 -9999 0.255728125572205 0.255872637033463 0.25736129283905 0.259174764156342 0.261516273021698 0.26059490442276 0.258740156888962 0.255038559436798 0.251676976680756 0.248707696795464 0.245314076542854 0.241629034280777 0.238424465060234 0.235405430197716 0.233191803097725 0.231120303273201 0.229972898960114 0.228921219706535 0.228498548269272 0.228175327181816 0.228174552321434 0.228213056921959 0.228320077061653 0.228314116597176 0.228191927075386 0.228050008416176 0.227896049618721 0.227763935923576 0.227639108896255 0.228121623396873 0.228699713945389 0.230894565582275 0.232860743999481 0.233370706439018 0.233782351016998 0.233920276165009 0.234067976474762 0.234230771660805 0.23433355987072 0.234381288290024
-9999 -9999 -9999 -9999 0.255509257316589 0.255487084388733 0.255638718605042 0.25567302107811 0.255872637033463 0.258849918842316 0.260460168123245 0.256837904453278 0.252423763275146 0.246442764997482 0.241629168391228 0.23816254734993 0.23471337556839 0.231276199221611 0.228859424591064 0.226836666464806 0.22557358443737 0.224444568157196 0.224113792181015 0.223838478326797 0.223879784345627 0.223965167999268 0.22419348359108 0.224415704607964 0.224627301096916 0.224740549921989 0.224752619862556 0.224773555994034 0.224799916148186 0.224733382463455 0.224635884165764 0.224973857402802 0.225388824939728 0.228138223290443 0.230667367577553 0.231793805956841 0.232829973101616 0.233614832162857 0.234427645802498 0.235283628106117 0.235800325870514 0.23600560426712
-9999 -9999 -9999 -9999 0.255629599094391 0.255281627178192 0.255335450172424 0.255638718605042 0.255507737398148 0.253840506076813 0.251495718955994 0.246557369828224 0.241621747612953 0.236691504716873 0.232841745018959 0.230238661170006 0.228007256984711 0.226031094789505 0.224723070859909 0.223673060536385 0.222955152392387 0.222295850515366 0.222263172268867 0.22227044403553 0.222496256232262 0.222749814391136 0.223093241453171 0.223397433757782 0.223633095622063 0.223772972822189 0.223814278841019 0.223849967122078 0.223882257938385 0.223873764276505 0.223851695656776 0.22416952252388 0.224547043442726 0.226690888404846 0.228709131479263 0.229927599430084 0.231064558029175 0.231974631547928 0.232967153191566 0.234087109565735 0.234910115599632 0.235460579395294
-9999 -9999 -9999 -9999 -9999 0.255629599094391 0.254522711038589 0.255032181739807 0.254017114639282 0.248472899198532 0.242885038256645 0.237130150198936 0.232014656066895 0.228164300322533 0.225238114595413 0.223378255963326 0.222153753042221 0.221365585923195 0.220966175198555 0.220716878771782 0.220483377575874 0.22025266289711 0.220485284924507 0.220744624733925 0.221142157912254 0.22155424952507 0.222013503313065 0.222409710288048 0.222695916891098 0.2228874117136 0.222981467843056 0.223041146993637 0.22307987511158 0.223104566335678 0.223124578595161 0.223386198282242 0.22368997335434 0.225211799144745 0.226702809333801 0.227997466921806 0.229220435023308 0.23024383187294 0.231393992900848 0.23274002969265 0.233840242028236 0.234714850783348
-9999 -9999 -9999 -9999 -9999 0.254791706800461 0.255629599094391 0.251790314912796 0.247590661048889 0.241534620523453 0.235825538635254 0.231444448232651 0.227646961808205 0.225004240870476 0.222825109958649 0.221180886030197 0.220038786530495 0.21924152970314 0.2188730686903 0.218670174479485 0.218654632568359 0.218672171235085 0.219026282429695 0.219404026865959 0.219917103648186 0.220445513725281 0.221023619174957 0.221556037664413 0.22200870513916 0.222361460328102 0.222611382603645 0.22273550927639 0.222782984375954 0.22273176908493 0.222647666931152 0.222694963216782 0.222765862941742 0.223593577742577 0.224485576152802 0.22578701376915 0.227031156420708 0.228115797042847 0.229326725006104 0.230732813477516 0.231982618570328 0.233088985085487
-9999 -9999 0.252979278564453 0.253186702728271 0.253397703170776 0.25395280122757 0.2547926902771 0.248733699321747 0.242330849170685 0.236153423786163 0.230559900403023 0.227201342582703 0.224341154098511 0.222467094659805 0.220765665173531 0.219263419508934 0.218221411108971 0.217495486140251 0.217211917042732 0.21709917485714 0.217255502939224 0.217459321022034 0.217868372797966 0.2182986587286 0.218868523836136 0.219460055232048 0.220121905207634 0.220761626958847 0.221362739801407 0.221862643957138 0.222258403897285 0.222444951534271 0.222504064440727 0.222396016120911 0.222232267260551 0.222123503684998 0.222025081515312 0.2223070114851 0.222705110907555 0.223843187093735 0.224968448281288 0.226058065891266 0.227256089448929 0.228621616959572 0.22993378341198 0.231196999549866
-9999.000000000000000 -9999 -9999 -9999 0.252209603786469 0.252842605113983 0.252330929040909 0.246081307530403 0.239616483449936 0.234169527888298 0.22920823097229 0.226105764508247 0.22335222363472 0.221289053559303 0.219477623701096 0.217956647276878 0.217053338885307 0.216574192047119 0.216493263840675 0.216566100716591 0.216793701052666 0.217048615217209 0.217367351055145 0.217706590890884 0.218204990029335 0.218743592500687 0.21941252052784 0.220096483826637 0.220806702971458 0.221423029899597 0.221942722797394 0.222187340259552 0.222264379262924 0.222141087055206 0.221951022744179 0.22181336581707 0.22168430685997 0.221744060516357 0.221877604722977 0.222481071949005 0.223181903362274 0.224153757095337 0.225178077816963 0.226283505558968 0.227467745542526 0.228724330663681
-9999 -9999 -9999 -9999 0.250620365142822 0.249833449721336 0.250222504138947 0.244244813919067 0.238041162490845 0.233117029070854 0.228550836443901 0.225354686379433 0.222466066479683 0.220185965299606 0.218306481838226 0.216889232397079 0.216223567724228 0.216074019670486 0.216230794787407 0.216505855321884 0.216774314641953 0.217041611671448 0.217241525650024 0.217459410429001 0.217839404940605 0.218280091881752 0.21891762316227 0.219601288437843 0.220365479588509 0.221044734120369 0.221636578440666 0.221906498074532 0.221980303525925 0.221848398447037 0.221647933125496 0.221495628356934 0.221350520849228 0.221279963850975 0.22125469148159 0.221517726778984 0.221917867660522 0.222699671983719 0.223493084311485 0.224304422736168 0.225227192044258 0.226252257823944
-9999 -9999 -9999 -9999 0.249509245157242 0.249185025691986 0.248784705996513 0.24343478679657 0.237898841500282 0.233236283063889 0.228766918182373 0.22503699362278 0.221709206700325 0.219177171587944 0.217282399535179 0.216122955083847 0.215819418430328 0.216103658080101 0.216542258858681 0.217040464282036 0.217311531305313 0.217542499303818 0.21758770942688 0.217646136879921 0.217848628759384 0.218134865164757 0.218692570924759 0.219319894909859 0.22006867825985 0.22074356675148 0.2213424295187 0.221596449613571 0.221640378236771 0.221508204936981 0.221317321062088 0.221168324351311 0.22102552652359 0.220940232276917 0.220889165997505 0.221056029200554 0.221311181783676 0.221812054514885 0.222302556037903 0.222777023911476 0.22327034175396 0.223780944943428
-9999 -9999 -9999 -9999 0.249185025691986 0.248700439929962 0.248131573200226 0.243186190724373 0.238033682107925 0.233504503965378 0.229024231433868 0.224731087684631 0.220982074737549 0.218309730291367 0.216491132974625 0.215657621622086 0.215685859322548 0.216305866837502 0.216923862695694 0.217541053891182 0.217787221074104 0.217967912554741 0.217944994568825 0.217928439378738 0.218002036213875 0.218178823590279 0.218690276145935 0.219282135367393 0.220014303922653 0.220630437135696 0.221127182245255 0.22130224108696 0.221281349658966 0.221136152744293 0.22094951570034 0.22080135345459 0.220658853650093 0.220566064119339 0.220504879951477 0.220645025372505 0.220852330327034 0.221246629953384 0.221632450819016 0.222005143761635 0.222301915287971 0.222528964281082
-9999 -9999 -9999 -9999 0.248672351241112 0.248131573200226 0.243483439087868 0.243358671665192 0.238376393914223 0.233884453773499 0.22931244969368 0.224434018135071 0.220277205109596 0.217548310756683 0.21587447822094 0.21541802585125 0.215755239129066 0.216637521982193 0.21735805273056 0.218016132712364 0.218216791749001 0.218336716294289 0.218310624361038 0.218282446265221 0.218263566493988 0.218364715576172 0.218855038285255 0.219427093863487 0.220141753554344 0.220658332109451 0.220971092581749 0.221019923686981 0.220907971262932 0.220740213990211 0.220553830265999 0.220404624938965 0.220260918140411 0.220166057348251 0.220106527209282 0.22027200460434 0.220504358410835 0.220922872424126 0.22135266661644 0.221799924969673 0.222074806690216 0.222191497683525
-9999 -9999 -9999 -9999 0.248131573200226 0.242885828018188 0.24071279168129 0.239257335662842 0.238800078630447 0.2337516695261 0.228722155094147 0.223764955997467 0.219612777233124 0.21705350279808 0.21559739112854 0.215414136648178 0.215960443019867 0.217007756233215 0.217818960547447 0.218538999557495 0.218724131584167 0.218814849853516 0.218788728117943 0.218758791685104 0.21871854364872 0.218797624111176 0.219263598322868 0.219771072268486 0.220350950956345 0.220695465803146 0.220797792077065 0.220722436904907 0.220538854598999 0.220353111624718 0.220166653394699 0.220016792416573 0.219872251152992 0.219763487577438 0.219695210456848 0.219884619116783 0.22013632953167 0.220561414957047 0.22103950381279 0.221599504351616 0.221958443522453 0.222132816910744
-9999 -9999 -9999 -9999 -9999 0.239610970020294 0.239215523004532 0.239522382616997 0.239258483052254 0.233399137854576 0.227755337953568 0.22293646633625 0.218965664505959 0.216672956943512 0.21546582877636 0.215511277318001 0.216223835945129 0.217394530773163 0.218291327357292 0.219082355499268 0.219264805316925 0.219339847564697 0.21931503713131 0.21928758919239 0.219256430864334 0.219336405396461 0.219776630401611 0.220200344920158 0.220595180988312 0.220736548304558 0.220617115497589 0.220418453216553 0.220171540975571 0.219969794154167 0.219783112406731 0.219632759690285 0.219487547874451 0.219359830021858 0.219278320670128 0.219491079449654 0.219759687781334 0.220183804631233 0.220712035894394 0.221401169896126 0.221889525651932 0.222193613648415
-9999 -9999 -9999 -9999 -9999 0.238488078117371 0.2389045804739 0.238866835832596 0.238418206572533 0.231991067528725 0.226047560572624 0.221955239772797 0.218591630458832 0.216669917106628 0.215700775384903 0.215830713510513 0.216562703251839 0.217708125710487 0.218614429235458 0.219428405165672 0.219643384218216 0.21975265443325 0.219743773341179 0.219736814498901 0.219767495989799 0.219873830676079 0.22022545337677 0.220531150698662 0.220756739377975 0.220747217535973 0.220495775341988 0.220208451151848 0.219899281859398 0.219679594039917 0.219489738345146 0.219304293394089 0.219119921326637 0.219000473618507 0.218927428126335 0.219149902462959 0.219428464770317 0.219863191246986 0.220403984189034 0.221108689904213 0.221634343266487 0.221995651721954
-9999 -9999 -9999 -9999 -9999 0.236918553709984 0.237344115972519 0.238324537873268 0.237309247255325 0.230364590883255 0.22418649494648 0.220942422747612 0.218274086713791 0.216744989156723 0.216011539101601 0.216196149587631 0.216917172074318 0.218006566166878 0.218906655907631 0.219733655452728 0.219988435506821 0.220142245292664 0.220152318477631 0.220169574022293 0.220273017883301 0.220410987734795 0.220660969614983 0.220841586589813 0.220901176333427 0.220751568675041 0.220386698842049 0.22001788020134 0.21964667737484 0.21940866112709 0.219215020537376 0.218987330794334 0.218755841255188 0.218650296330452 0.218590199947357 0.218819573521614 0.219106644392014 0.219554364681244 0.220099940896034 0.220796748995781 0.221340626478195 0.221744149923325
-9999 -9999 -9999 -9999 -9999 -9999 0.234506979584694 0.234840959310532 0.234339654445648 0.228380292654037 0.223096027970314 0.220395803451538 0.218189209699631 0.216959357261658 0.216328695416451 0.216389372944832 0.216984331607819 0.21794618666172 0.218817010521889 0.21965266764164 0.220031514763832 0.220329731702805 0.220396563410759 0.220458954572678 0.220526471734047 0.220600306987762 0.220694571733475 0.220755964517593 0.220759972929955 0.220597714185715 0.220264375209808 0.219887226819992 0.219483405351639 0.219225153326988 0.219015419483185 0.218729674816132 0.218435615301132 0.218447744846344 0.218497291207314 0.218785062432289 0.219104543328285 0.219512298703194 0.2199766933918 0.220528647303581 0.220993146300316 0.22137738764286
-9999 -9999 -9999 -9999 -9999 -9999 0.23131850361824 0.230355426669121 0.231287255883217 0.226396888494492 0.222067251801491 0.219883859157562 0.21811506152153 0.217166617512703 0.21662138402462 0.216541439294815 0.217006236314774 0.217845171689987 0.218689784407616 0.219536572694778 0.220038548111916 0.220479682087898 0.220603182911873 0.220710530877113 0.220741122961044 0.220752954483032 0.220703974366188 0.220656648278236 0.220612168312073 0.22044150531292 0.220140963792801 0.219758331775665 0.219325676560402 0.219049885869026 0.218826353549957 0.218497559428215 0.2181576192379 0.218291863799095 0.21845418214798 0.218795359134674 0.219141766428947 0.219502687454224 0.219879627227783 0.220281317830086 0.220659121870995 0.221014976501465
-9999 -9999 -9999 -9999 -9999 -9999 0.228793606162071 0.228759109973907 0.228240370750427 0.224593997001648 0.22132819890976 0.219519004225731 0.218044266104698 0.217231303453445 0.216650158166885 0.216336488723755 0.216682717204094 0.217482089996338 0.218344122171402 0.219230324029922 0.219805553555489 0.220325902104378 0.220486924052238 0.220627382397652 0.22066205739975 0.220680683851242 0.220647260546684 0.220600515604019 0.22053050994873 0.22033566236496 0.220012351870537 0.219619616866112 0.219184577465057 0.218920648097992 0.218713745474815 0.218509659171104 0.218309223651886 0.218563139438629 0.218825608491898 0.219142466783524 0.219445884227753 0.21971195936203 0.219975396990776 0.220234751701355 0.220494285225868 0.220753967761993
-9999 -9999 -9999 -9999 -9999 0.228979021310806 0.227800562977791 0.227266296744347 0.225407347083092 0.222890853881836 0.220592647790909 0.219129994511604 0.217925384640694 0.217231318354607 0.216614052653313 0.216085404157639 0.21631683409214 0.21707022190094 0.217945322394371 0.218867406249046 0.21952685713768 0.22013995051384 0.220347464084625 0.220529094338417 0.220568969845772 0.220594093203545 0.220571383833885 0.220520928502083 0.2204220443964 0.220204100012779 0.219863653182983 0.219477504491806 0.219063505530357 0.218837320804596 0.218673750758171 0.218594253063202 0.218529313802719 0.218872532248497 0.21920782327652 0.219492688775063 0.219748362898827 0.219922810792923 0.220078691840172 0.220205873250961 0.220352619886398 0.220517322421074
-9999 -9999 -9999 -9999 0.231051743030548 0.229390993714333 0.228979021310806 0.226197838783264 0.223358482122421 0.22155337035656 0.21986997127533 0.218652456998825 0.217630162835121 0.216994166374207 0.216340065002441 0.215665087103844 0.215795665979385 0.216479435563087 0.217351675033569 0.218296691775322 0.219080552458763 0.219835996627808 0.220122948288918 0.220375269651413 0.220424428582191 0.2204549908638 0.220425248146057 0.220355316996574 0.220215260982513 0.219978168606758 0.219641223549843 0.21932290494442 0.219015926122665 0.218922391533852 0.218899980187416 0.21894471347332 0.219000622630119 0.219321608543396 0.219629541039467 0.219854384660721 0.220044806599617 0.220139428973198 0.220209553837776 0.2202417999506 0.220295891165733 0.220370039343834
