Ecospace-environmental-drivers/Outputs/ASCII-for-ecospace/MOM6-ISIMIP3a/o2-surf/1985-05_o2-surf_MOM6-ISIMIP3a.asc
NCOLS 131 
NROWS 53 
XLLCORNER -98 
YLLCORNER 23.9265270233154 
CELLSIZE 0.133587792515755 
NODATA_value -9999 
[rows 21 to 41 of 53, columns 0 to 45 of 131]
-9999 -9999 -9999 -9999 -9999 -9999 0.220597311854362 0.220311462879181 0.219632178544998 0.2185929864645 0.218901976943016 0.219182908535004 0.219398945569992 0.220042482018471 0.220431298017502 0.22052626311779 0.220553949475288 0.220535442233086 0.219906866550446 0.219042718410492 0.218375131487846 0.21774223446846 0.217712447047234 0.217689916491508 0.217617943882942 0.21752755343914 0.217377543449402 0.217223986983299 0.217064261436462 0.216903790831566 0.216742560267448 0.216545417904854 0.216326415538788 0.21611288189888 0.215901166200638 0.215797945857048 0.21570996940136 0.215657770633698 0.215604990720749 0.215548485517502 0.215510740876198 0.215525165200233 0.21550752222538 0.215440303087234 0.215385437011719 0.215341880917549
-9999 -9999 -9999 -9999 -9999 -9999 0.220639228820801 0.220597311854362 0.220025628805161 0.219312772154808 0.2185929864645 0.218930050730705 0.219222530722618 0.219426795840263 0.219408437609673 0.219133228063583 0.218923136591911 0.218757748603821 0.218313232064247 0.217760920524597 0.217373535037041 0.217015251517296 0.217029616236687 0.217047810554504 0.217030018568039 0.216994717717171 0.216902613639832 0.216791838407516 0.216648504137993 0.216500118374825 0.216346561908722 0.216178640723228 0.216002002358437 0.215825498104095 0.215649053454399 0.215534821152687 0.215429365634918 0.215346798300743 0.215264812111855 0.215186461806297 0.215125352144241 0.215112239122391 0.215071067214012 0.214986577630043 0.214913368225098 0.214850530028343
-9999 -9999 -9999 -9999 0.223132446408272 0.221498280763626 0.2206871509552 0.220633208751678 0.220597311854362 0.219453945755959 0.218606859445572 0.218893751502037 0.218984767794609 0.218688204884529 0.218273267149925 0.217721775174141 0.217352226376534 0.217107623815536 0.216865360736847 0.216623991727829 0.2164546251297 0.216297969222069 0.216336250305176 0.21637861430645 0.216419517993927 0.21644552052021 0.216423213481903 0.216366782784462 0.216250762343407 0.216123521327972 0.215984746813774 0.215851455926895 0.215721502900124 0.215585425496101 0.215447306632996 0.215322181582451 0.215198919177055 0.215083986520767 0.214970782399178 0.214868679642677 0.214781075716019 0.214733779430389 0.214664295315742 0.214560493826866 0.214465275406837 0.214377924799919
-9999 -9999 -9999 -9999 0.226849511265755 0.223494842648506 0.222309425473213 0.2206871509552 0.220615148544312 0.219698742032051 0.21890664100647 0.21859036386013 0.218188479542732 0.217617183923721 0.217052340507507 0.216494962573051 0.216098889708519 0.215813606977463 0.215633273124695 0.215493455529213 0.215415969491005 0.215349480509758 0.215406805276871 0.215470731258392 0.215567022562027 0.215661808848381 0.215751647949219 0.215813204646111 0.215825438499451 0.21580670773983 0.215756133198738 0.215688094496727 0.215609416365623 0.215515494346619 0.215416491031647 0.21530881524086 0.215199917554855 0.215089082717896 0.214979663491249 0.214879244565964 0.214784398674965 0.214705064892769 0.214613884687424 0.214504435658455 0.214380279183388 0.214242652058601
-9999 -9999 -9999 -9999 -9999 0.226849511265755 0.224133282899857 0.223931699991226 0.22103363275528 0.220167934894562 0.219291895627975 0.218376249074936 0.217487752437592 0.216652944684029 0.215944990515709 0.215383410453796 0.214964047074318 0.214642345905304 0.214507892727852 0.214445739984512 0.214439764618874 0.214443728327751 0.214518561959267 0.214602455496788 0.214748859405518 0.214905098080635 0.215093240141869 0.215259075164795 0.215385973453522 0.215467125177383 0.215501219034195 0.215495362877846 0.215465173125267 0.215407893061638 0.215341567993164 0.215248361229897 0.215151384472847 0.215046525001526 0.2149428576231 0.21484686434269 0.214749202132225 0.214646831154823 0.214538648724556 0.214421465992928 0.214263722300529 0.214068725705147
-9999 -9999 -9999 -9999 -9999 0.226974189281464 0.226849511265755 0.225064739584923 0.223208904266357 0.221621081233025 0.220051810145378 0.218553528189659 0.217206016182899 0.216156870126724 0.215335592627525 0.214777231216431 0.21434873342514 0.214009389281273 0.213850423693657 0.213761121034622 0.213737428188324 0.213725328445435 0.213810935616493 0.213907867670059 0.214081138372421 0.214266791939735 0.214492589235306 0.214702442288399 0.214884489774704 0.215027719736099 0.215130999684334 0.215173870325089 0.215179920196533 0.21513506770134 0.215073257684708 0.214981481432915 0.214885607361794 0.21479494869709 0.214705780148506 0.214626237750053 0.214545041322708 0.21445919573307 0.2143544703722 0.214220553636551 0.21400873363018 0.213725432753563
-9999 -9999 0.227128744125366 0.227138087153435 0.22718158364296 0.227099001407623 0.226974040269852 0.225937873125076 0.22475902736187 0.222469180822372 0.220259368419647 0.218355849385262 0.216693267226219 0.21550740301609 0.214602306485176 0.214021131396294 0.213571518659592 0.213212251663208 0.213066846132278 0.213004007935524 0.212990090250969 0.212984815239906 0.213091298937798 0.213210508227348 0.213415399193764 0.213636294007301 0.213909029960632 0.214169338345528 0.214407965540886 0.214608415961266 0.214769586920738 0.214854866266251 0.214893907308578 0.214856594800949 0.214793831110001 0.21469059586525 0.214581891894341 0.214490056037903 0.214401587843895 0.214334666728973 0.214265167713165 0.214188486337662 0.214080974459648 0.213925793766975 0.213658347725868 0.213287860155106
-9999.000000000000000 -9999 -9999 -9999 0.227133676409721 0.227264180779457 0.227340310811996 0.226243913173676 0.224945157766342 0.221997171640396 0.219261765480042 0.217340096831322 0.215676426887512 0.214523255825043 0.213598698377609 0.21293793618679 0.212441116571426 0.212056875228882 0.212008059024811 0.212088733911514 0.212144583463669 0.212196066975594 0.21234542131424 0.212507128715515 0.212753996253014 0.213022798299789 0.213362723588943 0.213687524199486 0.21398589015007 0.214233011007309 0.214427381753922 0.214541301131248 0.214606210589409 0.214565753936768 0.214490175247192 0.214347332715988 0.214195385575294 0.214068844914436 0.213950976729393 0.213888317346573 0.213820114731789 0.213736489415169 0.21361255645752 0.213426306843758 0.213099822402 0.212644636631012
-9999 -9999 -9999 -9999 0.22700834274292 0.227037832140923 0.227226719260216 0.226259887218475 0.225047364830971 0.221667021512985 0.218565359711647 0.216530308127403 0.214765965938568 0.213537231087685 0.212535113096237 0.211794450879097 0.211290597915649 0.210949376225471 0.210999101400375 0.211199775338173 0.211332350969315 0.211452886462212 0.21164807677269 0.211854755878448 0.21214359998703 0.212459281086922 0.212861984968185 0.213249355554581 0.213609948754311 0.213902160525322 0.214124023914337 0.214254900813103 0.214330360293388 0.214276149868965 0.214178711175919 0.213985830545425 0.213780030608177 0.213613942265511 0.213462471961975 0.213404148817062 0.21333484351635 0.213234886527061 0.213083833456039 0.212853819131851 0.212476849555969 0.211965024471283
-9999 -9999 -9999 -9999 0.226880431175232 0.22672301530838 0.226528659462929 0.225910931825638 0.225043967366219 0.221515387296677 0.218247875571251 0.215979650616646 0.213989332318306 0.212548866868019 0.211396053433418 0.21057516336441 0.210114806890488 0.209902063012123 0.210052832961082 0.210343956947327 0.210561946034431 0.210767015814781 0.211011812090874 0.211266592144966 0.211597412824631 0.211958646774292 0.212418556213379 0.212866082787514 0.213292047381401 0.21362741291523 0.213869541883469 0.214002668857574 0.214069411158562 0.213988080620766 0.213857382535934 0.213601350784302 0.213328421115875 0.213116630911827 0.212926283478737 0.212872430682182 0.212798967957497 0.212670862674713 0.212479248642921 0.212189495563507 0.211772814393044 0.211239621043205
-9999 -9999 -9999 -9999 0.22672301530838 0.22648774087429 0.226211562752724 0.22589847445488 0.22528512775898 0.221343964338303 0.217697709798813 0.215180262923241 0.213041961193085 0.211653858423233 0.210576236248016 0.209856882691383 0.209478944540024 0.209335476160049 0.209517687559128 0.209825649857521 0.210086613893509 0.210339292883873 0.210602179169655 0.210875317454338 0.211231872439384 0.21162086725235 0.212115079164505 0.212594121694565 0.213046684861183 0.213391035795212 0.2136240452528 0.213749542832375 0.213809549808502 0.213684469461441 0.213497698307037 0.213171556591988 0.212826907634735 0.212586730718613 0.21237376332283 0.212334081530571 0.212268829345703 0.21213236451149 0.211926698684692 0.211614072322845 0.211207091808319 0.210713490843773
-9999 -9999 -9999 -9999 0.226474106311798 0.226211562752724 0.225796043872833 0.22613836824894 0.225709706544876 0.22115769982338 0.216973021626472 0.21419432759285 0.211966544389725 0.210828855633736 0.209995850920677 0.209514394402504 0.209248051047325 0.209129422903061 0.209290876984596 0.209560483694077 0.209832593798637 0.210105150938034 0.210362538695335 0.210631713271141 0.211001813411713 0.211405217647552 0.211916595697403 0.212405651807785 0.212855726480484 0.213183462619781 0.213385298848152 0.213495746254921 0.21355052292347 0.213369235396385 0.213109239935875 0.212707787752151 0.212287962436676 0.212032362818718 0.211808994412422 0.211790755391121 0.211742982268333 0.211613029241562 0.211413189768791 0.211105316877365 0.210745096206665 0.210336804389954
-9999 -9999 -9999 -9999 0.226211562752724 0.225045412778854 0.225072592496872 0.22493577003479 0.224732488393784 0.21984027326107 0.215455412864685 0.213012412190437 0.211117297410965 0.210306286811829 0.209697902202606 0.209323287010193 0.209104418754578 0.208992496132851 0.209157392382622 0.209429174661636 0.209750890731812 0.210081413388252 0.210333541035652 0.210595175623894 0.210950419306755 0.211333766579628 0.211808279156685 0.212255835533142 0.212656378746033 0.212938606739044 0.213099092245102 0.213168039917946 0.213181227445602 0.212940990924835 0.212616294622421 0.212192639708519 0.211756885051727 0.211541250348091 0.21135525405407 0.211357995867729 0.211330115795135 0.211216956377029 0.211040750145912 0.210767135024071 0.210453063249588 0.21010185778141
-9999 -9999 -9999 -9999 -9999 0.223038986325264 0.22310146689415 0.224143654108047 0.223154470324516 0.218038067221642 0.213597968220711 0.211746498942375 0.210364982485771 0.209913343191147 0.209520995616913 0.20919705927372 0.208998188376427 0.208885177969933 0.20906388759613 0.209355250000954 0.209743037819862 0.210147827863693 0.21039479970932 0.210647389292717 0.210975587368011 0.211324125528336 0.211738601326942 0.212122604250908 0.212453439831734 0.212677776813507 0.212792545557022 0.212808653712273 0.212764650583267 0.212464332580566 0.21207857131958 0.211655482649803 0.21122919023037 0.211077243089676 0.210949093103409 0.210972636938095 0.210965648293495 0.210873693227768 0.210728794336319 0.210502043366432 0.210233867168427 0.209927663207054
-9999 -9999 -9999 -9999 -9999 0.220574095845222 0.220942914485931 0.220224961638451 0.22008204460144 0.215928912162781 0.212368249893188 0.211075380444527 0.210097134113312 0.209741473197937 0.209402173757553 0.209081768989563 0.208878919482231 0.208756774663925 0.208914086222649 0.209179311990738 0.209598213434219 0.210044249892235 0.210349187254906 0.21065092086792 0.21095173060894 0.211264863610268 0.211617961525917 0.21193653345108 0.212194830179214 0.212356418371201 0.212418511509895 0.212348982691765 0.21219927072525 0.211876273155212 0.211495533585548 0.211183279752731 0.210882171988487 0.210811674594879 0.210751608014107 0.21075801551342 0.21074166893959 0.210661947727203 0.210539907217026 0.210352435708046 0.21012918651104 0.209873139858246
-9999 -9999 -9999 -9999 -9999 0.217816859483719 0.217677891254425 0.218460127711296 0.216700434684753 0.213756248354912 0.211268410086632 0.210527300834656 0.209929525852203 0.209615349769592 0.209295392036438 0.208968743681908 0.208756953477859 0.208624020218849 0.208752647042274 0.20898225903511 0.209425076842308 0.209905505180359 0.21028146147728 0.210644394159317 0.210917726159096 0.211195334792137 0.211486786603928 0.211739510297775 0.211924687027931 0.21202252805233 0.212030500173569 0.211868554353714 0.211603090167046 0.211265176534653 0.210903108119965 0.210724532604218 0.210572510957718 0.210587158799171 0.210597291588783 0.210578724741936 0.210546746850014 0.210477411746979 0.210376486182213 0.210226714611053 0.210048213601112 0.209843367338181
-9999 -9999 -9999 -9999 -9999 -9999 0.214829787611961 0.214348584413528 0.21417760848999 0.212346732616425 0.210784301161766 0.210249394178391 0.209792479872704 0.20948988199234 0.20917521417141 0.20884658396244 0.208638846874237 0.208514153957367 0.208610013127327 0.20879103243351 0.209190055727959 0.209627538919449 0.210030421614647 0.210415691137314 0.210660427808762 0.210905984044075 0.211154252290726 0.211355626583099 0.21147520840168 0.211511716246605 0.211462736129761 0.211266338825226 0.210980162024498 0.210716977715492 0.21046145260334 0.210416123270988 0.210400462150574 0.210473224520683 0.210528925061226 0.210475951433182 0.21042038500309 0.210357680916786 0.210273563861847 0.210156410932541 0.210011124610901 0.209840059280396
-9999 -9999 -9999 -9999 -9999 -9999 0.212472721934319 0.211680635809898 0.211858242750168 0.211058229207993 0.210350036621094 0.209993362426758 0.209658190608025 0.209365621209145 0.209055438637733 0.208724901080132 0.208521962165833 0.208406642079353 0.208472833037376 0.208609104156494 0.20896078646183 0.209350496530533 0.209765553474426 0.210159584879875 0.210373818874359 0.210586354136467 0.210793316364288 0.210946530103683 0.211005970835686 0.210985764861107 0.210883587598801 0.210662797093391 0.210369735956192 0.210187003016472 0.210041061043739 0.21012319624424 0.210236966609955 0.210365325212479 0.21046470105648 0.210379585623741 0.210301786661148 0.210244342684746 0.210173517465591 0.210082039237022 0.209966331720352 0.209828391671181
-9999 -9999 -9999 -9999 -9999 -9999 0.211253568530083 0.21138896048069 0.211299136281013 0.210696041584015 0.210153296589851 0.209841564297676 0.209538802504539 0.209253832697868 0.208946332335472 0.208612814545631 0.208416163921356 0.208313509821892 0.208384960889816 0.208523645997047 0.208822533488274 0.209149688482285 0.209440633654594 0.209717288613319 0.209881454706192 0.210048615932465 0.210225492715836 0.210357621312141 0.210411712527275 0.210382968187332 0.210269019007683 0.210103109478951 0.20990552008152 0.20982152223587 0.209775388240814 0.209923774003983 0.210098996758461 0.210268884897232 0.210403710603714 0.210315242409706 0.210233077406883 0.210168421268463 0.210075214505196 0.209937870502472 0.209818258881569 0.20971491932869
-9999 -9999 -9999 -9999 -9999 0.210546553134918 0.210791647434235 0.210691094398499 0.210797533392906 0.210367918014526 0.209970355033875 0.209695503115654 0.209418460726738 0.209137067198753 0.208832442760468 0.208501011133194 0.208312541246414 0.208222255110741 0.208295315504074 0.208431452512741 0.208668395876884 0.208923116326332 0.20910419523716 0.209277734160423 0.209401801228523 0.209531590342522 0.209679886698723 0.209792837500572 0.209844142198563 0.209815844893456 0.209705680608749 0.209599107503891 0.209494709968567 0.209500893950462 0.209543958306313 0.209751054644585 0.209980681538582 0.210188120603561 0.210354492068291 0.210259214043617 0.210167735815048 0.210086807608604 0.209962368011475 0.209770694375038 0.209641203284264 0.2095687687397
-9999 -9999 -9999 -9999 0.20964127779007 0.210236415266991 0.210546553134918 0.210539966821671 0.210506692528725 0.210164621472359 0.20983798801899 0.20957051217556 0.209294617176056 0.209002092480659 0.208701074123383 0.208390265703201 0.208216890692711 0.208137914538383 0.208199143409729 0.208314523100853 0.208455994725227 0.208602085709572 0.208725526928902 0.208848223090172 0.20896877348423 0.209090441465378 0.209215760231018 0.209316521883011 0.209374442696571 0.209379509091377 0.209330186247826 0.209299311041832 0.20927968621254 0.209344729781151 0.209438025951385 0.209676325321198 0.20993447303772 0.21016488969326 0.210348457098007 0.210233688354492 0.210114762187004 0.209984257817268 0.20979617536068 0.209519132971764 0.209357842803001 0.20930278301239
