Ecospace-environmental-drivers/Outputs/ASCII-for-ecospace/MOM6-ISIMIP3a/o2-surf/1985-11_o2-surf_MOM6-ISIMIP3a.asc
NCOLS 131 
NROWS 53 
XLLCORNER -98 
YLLCORNER 23.9265270233154 
CELLSIZE 0.133587792515755 
NODATA_value -9999 
[rows 21 to 41 of 53, columns 46 to 91 of 131]
0.223093628883362 0.223568320274353 0.224157020449638 0.224778145551682 0.225322753190994 0.225861832499504 0.226463466882706 0.227055668830872 0.227599829435349 0.228035092353821 0.228207439184189 0.228201314806938 0.227950215339661 0.227580890059471 0.227114841341972 0.226467072963715 0.22573322057724 0.224551498889923 0.223262757062912 0.222037583589554 0.220820382237434 0.219655558466911 0.218470886349678 0.217203080654144 0.216101810336113 0.215352162718773 0.21467413008213 0.214083641767502 0.213524252176285 0.212987527251244 0.212555676698685 0.212167248129845 0.211919650435448 0.211699739098549 0.211577400565147 0.211459115147591 0.211344957351685 0.211218789219856 0.211050391197205 0.21083465218544 0.210531070828438 0.210177317261696 0.209768921136856 0.209405094385147 0.209070116281509 0.208850294351578
0.221599966287613 0.221942007541656 0.22240637242794 0.222905531525612 0.223403126001358 0.223901033401489 0.224411830306053 0.224910691380501 0.2253487855196 0.225685641169548 0.225778102874756 0.225652724504471 0.225228309631348 0.224795386195183 0.22435550391674 0.223748669028282 0.223062753677368 0.222006797790527 0.220862403512001 0.219819620251656 0.218779370188713 0.217674657702446 0.216558307409286 0.215393289923668 0.214479848742485 0.214097499847412 0.213765844702721 0.213496163487434 0.213140308856964 0.212721705436707 0.212298020720482 0.211872234940529 0.211571127176285 0.211294516921043 0.211131736636162 0.210977464914322 0.210865139961243 0.210748687386513 0.21061772108078 0.210451662540436 0.210220441222191 0.209943071007729 0.209615394473076 0.20930278301239 0.208999887108803 0.208792567253113
0.22008866071701 0.220303699374199 0.220634371042252 0.220997929573059 0.22143180668354 0.22187177836895 0.222282037138939 0.222677871584892 0.223000288009644 0.223232463002205 0.223246738314629 0.223003566265106 0.222406953573227 0.221909165382385 0.221492245793343 0.220932483673096 0.220305055379868 0.219405367970467 0.218440622091293 0.217593789100647 0.216743409633636 0.215723559260368 0.214700445532799 0.213663652539253 0.212948605418205 0.212912768125534 0.212909758090973 0.212946891784668 0.212787359952927 0.212484613060951 0.212065532803535 0.21159827709198 0.211238548159599 0.210899978876114 0.2106903642416 0.21049365401268 0.210376471281052 0.210263714194298 0.210166499018669 0.210047572851181 0.209888324141502 0.209688350558281 0.209444001317024 0.209185689687729 0.208918362855911 0.208726093173027
0.218691170215607 0.218856170773506 0.219011172652245 0.219163313508034 0.219377160072327 0.219598665833473 0.219856157898903 0.22009240090847 0.22022058069706 0.220291256904602 0.22022308409214 0.219931289553642 0.219332486391068 0.218850746750832 0.21846479177475 0.217995777726173 0.217487409710884 0.216830804944038 0.216138780117035 0.215482026338577 0.21482390165329 0.214110404253006 0.213388368487358 0.212630614638329 0.212139502167702 0.212211310863495 0.212339520454407 0.212536662817001 0.212533712387085 0.212385013699532 0.212004855275154 0.211528852581978 0.211110174655914 0.210702776908875 0.21042488515377 0.210160613059998 0.209982559084892 0.209821730852127 0.209721505641937 0.209617763757706 0.209507539868355 0.209364503622055 0.209185734391212 0.208976954221725 0.208748757839203 0.20858146250248
0.217281877994537 0.217386305332184 0.217384189367294 0.217351764440536 0.217365831136703 0.217387527227402 0.217486530542374 0.217562109231949 0.217518523335457 0.21744991838932 0.217320963740349 0.217005535960197 0.216434121131897 0.215985223650932 0.215636566281319 0.215255960822105 0.214860200881958 0.214415982365608 0.21396017074585 0.213485717773438 0.21301294863224 0.212583139538765 0.2121402323246 0.211642488837242 0.211358591914177 0.211526200175285 0.211771219968796 0.212110906839371 0.212255150079727 0.21225705742836 0.211933061480522 0.211474105715752 0.211014285683632 0.2105543166399 0.210212573409081 0.209883883595467 0.209639966487885 0.209424406290054 0.209308594465256 0.209208235144615 0.209136605262756 0.209039658308029 0.208915129303932 0.208747893571854 0.208553045988083 0.208407983183861
0.215820759534836 0.215818494558334 0.21574068069458 0.215641394257545 0.215544462203979 0.215448200702667 0.215363636612892 0.215273782610893 0.21515691280365 0.215046495199203 0.214951664209366 0.214722216129303 0.214307934045792 0.213965520262718 0.213681906461716 0.213379442691803 0.213068053126335 0.212701514363289 0.212321802973747 0.211995616555214 0.211678043007851 0.211432561278343 0.211172461509705 0.210851266980171 0.210701271891594 0.210912689566612 0.21121147274971 0.211617037653923 0.211867392063141 0.212004691362381 0.211812451481819 0.211483731865883 0.211060881614685 0.210619524121284 0.210233330726624 0.209854066371918 0.209522441029549 0.209222942590714 0.209036380052567 0.208887577056885 0.208808943629265 0.208710491657257 0.208590477705002 0.208429828286171 0.208242893218994 0.208108007907867
0.214712098240852 0.214595273137093 0.214439168572426 0.214271903038025 0.214075788855553 0.213876113295555 0.213659569621086 0.213448017835617 0.213261887431145 0.213100925087929 0.2130007147789 0.212823688983917 0.212541237473488 0.212293401360512 0.212073862552643 0.21183568239212 0.21158866584301 0.211277261376381 0.210950449109077 0.210713908076286 0.210489585995674 0.210353001952171 0.210208088159561 0.210028409957886 0.209983542561531 0.210223272442818 0.210568249225616 0.211041852831841 0.211393922567368 0.211657479405403 0.211607530713081 0.211427763104439 0.211073115468025 0.210684105753899 0.210278540849686 0.209872484207153 0.209467425942421 0.209095403552055 0.208839491009712 0.208635941147804 0.208529651165009 0.208409801125526 0.208275154232979 0.2081089168787 0.207922250032425 0.207791596651077
0.214372411370277 0.214123919606209 0.213883846998215 0.213646158576012 0.213376715779305 0.213105320930481 0.212869301438332 0.212631538510323 0.212384894490242 0.212154299020767 0.211962476372719 0.211764752864838 0.211558923125267 0.211379647254944 0.211222112178802 0.211017951369286 0.210791721940041 0.210486173629761 0.210161671042442 0.209886938333511 0.209620699286461 0.209428429603577 0.209251135587692 0.209136486053467 0.209133997559547 0.209368258714676 0.209742933511734 0.210289180278778 0.210733398795128 0.211103290319443 0.211218684911728 0.211228683590889 0.211010456085205 0.210747346282005 0.210377126932144 0.20999613404274 0.209548756480217 0.209129109978676 0.208806946873665 0.20853491127491 0.208355948328972 0.208171203732491 0.207980155944824 0.207781806588173 0.207578718662262 0.207439348101616
0.214311987161636 0.213966473937035 0.213650494813919 0.213342905044556 0.21300220489502 0.212660938501358 0.212395697832108 0.212124973535538 0.211826279759407 0.21153835952282 0.211276412010193 0.211042389273643 0.210846677422523 0.210663586854935 0.210490807890892 0.210245668888092 0.209966242313385 0.209616422653198 0.209249794483185 0.208951413631439 0.208662509918213 0.208442911505699 0.208248794078827 0.208161249756813 0.208164751529694 0.208360493183136 0.208705291152 0.209232240915298 0.209723249077797 0.210188075900078 0.21048778295517 0.210719123482704 0.210689917206764 0.21060948073864 0.210339933633804 0.210048705339432 0.209614336490631 0.209194898605347 0.208828046917915 0.208497002720833 0.208232462406158 0.20796911418438 0.207707062363625 0.207474395632744 0.207260742783546 0.207114592194557
0.214602902531624 0.21420393884182 0.213822215795517 0.213445395231247 0.213036060333252 0.212627172470093 0.212320476770401 0.21200829744339 0.211668223142624 0.211338430643082 0.211033403873444 0.210743471980095 0.210474252700806 0.210196241736412 0.209911048412323 0.209530517458916 0.209104850888252 0.208647713065147 0.20818305015564 0.207879364490509 0.207591950893402 0.207380741834641 0.207189381122589 0.207081183791161 0.207044929265976 0.207160547375679 0.207400530576706 0.20779250562191 0.208273246884346 0.208818644285202 0.209326565265656 0.209818959236145 0.210044965147972 0.210218623280525 0.210131913423538 0.210011854767799 0.209660068154335 0.209301054477692 0.208916619420052 0.208538502454758 0.208172157406807 0.207812950015068 0.207461550831795 0.207191810011864 0.206974908709526 0.206824436783791
0.214632987976074 0.214202463626862 0.213780447840691 0.213360860943794 0.212919771671295 0.212480396032333 0.212146624922752 0.211809650063515 0.211456447839737 0.21110725402832 0.210767686367035 0.21042837202549 0.210089415311813 0.209706887602806 0.209288716316223 0.20879040658474 0.208254113793373 0.207775413990021 0.20731046795845 0.207036808133125 0.206780552864075 0.206586599349976 0.206406563520432 0.206284821033478 0.206213429570198 0.206248342990875 0.206375509500504 0.206615418195724 0.20698519051075 0.207449585199356 0.207982122898102 0.208542883396149 0.208970606327057 0.209372147917747 0.209539294242859 0.209665864706039 0.209480911493301 0.209263637661934 0.208932712674141 0.20856074988842 0.20811253786087 0.207668647170067 0.207229465246201 0.206924811005592 0.20670722424984 0.206555157899857
0.214467436075211 0.214021772146225 0.213578566908836 0.213136076927185 0.212690889835358 0.212248846888542 0.211898788809776 0.211549520492554 0.211204394698143 0.210852637887001 0.210484936833382 0.210101142525673 0.209695264697075 0.209201022982597 0.208634480834007 0.208031535148621 0.207411363720894 0.206975430250168 0.206583514809608 0.206366375088692 0.206163495779037 0.205993488430977 0.205831199884415 0.205701231956482 0.205598160624504 0.205551937222481 0.205560266971588 0.205635294318199 0.205818608403206 0.206080794334412 0.20650027692318 0.206984892487526 0.207574158906937 0.208183988928795 0.20865823328495 0.209088057279587 0.209133073687553 0.209118515253067 0.208894461393356 0.208568543195724 0.208053439855576 0.207533225417137 0.207007452845573 0.206669524312019 0.206453144550323 0.20630156993866
0.214056059718132 0.213594362139702 0.21315161883831 0.21271425485611 0.212302818894386 0.211896702647209 0.211562469601631 0.211225986480713 0.210877999663353 0.21050800383091 0.210084900259972 0.209644570946693 0.209180578589439 0.208631902933121 0.208013921976089 0.207409664988518 0.206811904907227 0.206440627574921 0.206123471260071 0.205933302640915 0.205752521753311 0.205581575632095 0.205419197678566 0.205292582511902 0.205184862017632 0.205117046833038 0.205079361796379 0.20507849752903 0.205152004957199 0.205279693007469 0.205560579895973 0.205904930830002 0.206442296504974 0.207017615437508 0.207634463906288 0.208222642540932 0.208515554666519 0.208728954195976 0.208662807941437 0.208441868424416 0.207933470606804 0.207382246851921 0.206784382462502 0.206416472792625 0.20619735121727 0.206045493483543
0.213539317250252 0.213061228394508 0.212628200650215 0.212207987904549 0.211846515536308 0.211492881178856 0.211188241839409 0.210875257849693 0.21051974594593 0.210124790668488 0.209634587168694 0.20913253724575 0.208614230155945 0.208035662770271 0.207407802343369 0.206846490502357 0.206316709518433 0.20601949095726 0.20577783882618 0.205601945519447 0.205429837107658 0.205247327685356 0.205077186226845 0.204958915710449 0.204858124256134 0.204794242978096 0.204741731286049 0.204703092575073 0.204699665307999 0.204721882939339 0.204853251576424 0.205029830336571 0.205423831939697 0.205860570073128 0.206549555063248 0.207233965396881 0.207782447338104 0.208234637975693 0.208348259329796 0.208257555961609 0.207787409424782 0.207224607467651 0.206560850143433 0.206164374947548 0.205940827727318 0.205788373947144
0.212919980287552 0.212480202317238 0.212099686264992 0.211736038327217 0.211424589157104 0.21111772954464 0.210790514945984 0.210447087883949 0.210021123290062 0.209578827023506 0.209097102284431 0.208620101213455 0.208149597048759 0.207614824175835 0.207027494907379 0.206507161259651 0.206018596887589 0.20574589073658 0.205524757504463 0.205345794558525 0.20517136156559 0.205020979046822 0.204884558916092 0.204806625843048 0.204736784100533 0.204684048891068 0.204631134867668 0.204577967524529 0.20454452931881 0.20452544093132 0.204574674367905 0.204652205109596 0.204900786280632 0.205182999372482 0.205770179629326 0.206373482942581 0.207024052739143 0.207597762346268 0.207901284098625 0.207953363656998 0.207538455724716 0.206992447376251 0.206303611397743 0.205892011523247 0.205659806728363 0.205507591366768
0.212279409170151 0.211889266967773 0.211570128798485 0.211271196603775 0.211009785532951 0.21074852347374 0.21038793027401 0.210002884268761 0.209493458271027 0.208999201655388 0.208541586995125 0.208107590675354 0.207706019282341 0.207230284810066 0.206693902611732 0.206214159727097 0.205761253833771 0.205502808094025 0.205290839076042 0.205105200409889 0.204926177859306 0.204816952347755 0.204722821712494 0.204691857099533 0.204657942056656 0.204617843031883 0.204567492008209 0.204504609107971 0.204450860619545 0.204403772950172 0.204384818673134 0.204377502202988 0.204480245709419 0.204604640603065 0.205054014921188 0.205539524555206 0.206260412931442 0.20693139731884 0.20742692053318 0.207624360918999 0.207268193364143 0.206744864583015 0.206039398908615 0.205615475773811 0.205373734235764 0.205221936106682
0.2117730230093 0.211441725492477 0.211145579814911 0.210859403014183 0.210543006658554 0.210219755768776 0.209794938564301 0.209364011883736 0.20890200138092 0.208474442362785 0.208130091428757 0.207800477743149 0.207491114735603 0.20704810321331 0.206495746970177 0.206032693386078 0.20561195909977 0.205357521772385 0.205142810940742 0.204986557364464 0.204839706420898 0.20477120578289 0.20471066236496 0.204683482646942 0.204650416970253 0.204604938626289 0.204552635550499 0.204492017626762 0.204438060522079 0.204388946294785 0.204355388879776 0.204328283667564 0.204354777932167 0.204391792416573 0.204714566469193 0.205077111721039 0.205724686384201 0.206359460949898 0.206949189305305 0.207218244671822 0.206891819834709 0.206400126218796 0.205728396773338 0.205311968922615 0.205060720443726 0.204906940460205
0.211279287934303 0.211000204086304 0.210716739296913 0.210432022809982 0.210056990385056 0.20966936647892 0.209191679954529 0.208726301789284 0.20832347869873 0.207971692085266 0.207743108272552 0.207517564296722 0.207296177744865 0.206882119178772 0.20631043612957 0.205862581729889 0.205473378300667 0.205223217606544 0.205006301403046 0.204879999160767 0.204765573143959 0.204733416438103 0.204702138900757 0.204674512147903 0.204638719558716 0.204585671424866 0.204530149698257 0.204471603035927 0.204418808221817 0.204370230436325 0.204327672719955 0.204287588596344 0.204247891902924 0.204208254814148 0.204410895705223 0.204655453562737 0.205221772193909 0.205810740590096 0.206479355692863 0.206807896494865 0.206504911184311 0.206044703722 0.205413192510605 0.205007582902908 0.204748138785362 0.204592078924179
0.210856422781944 0.210554271936417 0.210192158818245 0.209812983870506 0.2093905210495 0.20896477997303 0.208569839596748 0.208193734288216 0.207913354039192 0.207677438855171 0.207548841834068 0.207394495606422 0.207204759120941 0.206792250275612 0.206197440624237 0.205760136246681 0.205397412180901 0.205159559845924 0.204951539635658 0.204844117164612 0.204747349023819 0.204705104231834 0.204660877585411 0.204608395695686 0.204548612236977 0.204473376274109 0.204403012990952 0.204338565468788 0.204292237758636 0.204259097576141 0.204241380095482 0.204230055212975 0.204198405146599 0.204162761569023 0.2043087631464 0.204490855336189 0.204959869384766 0.205464690923691 0.206095457077026 0.206389039754868 0.206056416034698 0.205621615052223 0.205075487494469 0.204706788063049 0.20445291697979 0.204292669892311
0.210399746894836 0.210060626268387 0.209633350372314 0.209180995821953 0.208742067217827 0.208309173583984 0.208002090454102 0.207718133926392 0.207551777362823 0.207422643899918 0.207383349537849 0.207288175821304 0.207116290926933 0.206702247262001 0.206090062856674 0.205663815140724 0.20532563328743 0.205102518200874 0.20490688085556 0.204809635877609 0.20472152531147 0.204667627811432 0.204609215259552 0.204531982541084 0.204449057579041 0.204354122281075 0.204270929098129 0.204202085733414 0.204163029789925 0.204145699739456 0.204153552651405 0.20417183637619 0.204149529337883 0.204119220376015 0.204220205545425 0.204352408647537 0.20474199950695 0.205171838402748 0.205743253231049 0.205982863903046 0.205606266856194 0.205193012952805 0.204739823937416 0.204412162303925 0.204165726900101 0.204002887010574
0.209819048643112 0.209392085671425 0.208949074149132 0.208501502871513 0.208159595727921 0.207833185791969 0.207632660865784 0.207451418042183 0.207368209958076 0.207312524318695 0.207323327660561 0.207243293523788 0.207038581371307 0.206611752510071 0.206003218889236 0.205589979887009 0.205269247293472 0.20506976544857 0.204899251461029 0.204780340194702 0.204667806625366 0.204596564173698 0.20451945066452 0.204417765140533 0.204314857721329 0.204209327697754 0.204120755195618 0.20405288040638 0.204024195671082 0.20402404665947 0.204060107469559 0.20411117374897 0.204102829098701 0.204082816839218 0.204181417822838 0.2043097615242 0.204685613512993 0.2050741314888 0.205507233738899 0.205623164772987 0.205150097608566 0.204744249582291 0.204411670565605 0.20414012670517 0.203908056020737 0.203748390078545
