Ecospace-environmental-drivers/Outputs/ASCII-for-ecospace/MOM6-ISIMIP3a/o2-surf/1986-02_o2-surf_MOM6-ISIMIP3a.asc
NCOLS 131 
NROWS 53 
XLLCORNER -98 
YLLCORNER 23.9265270233154 
CELLSIZE 0.133587792515755 
NODATA_value -9999 
[rows 21 to 41 of 53, columns 46 to 91 of 131]
0.229619666934013 0.229170575737953 0.228967174887657 0.228833630681038 0.229158222675323 0.229512766003609 0.229409962892532 0.229338020086288 0.229422986507416 0.229688614606857 0.230390414595604 0.231296196579933 0.232481971383095 0.233680158853531 0.234888479113579 0.235275790095329 0.235274195671082 0.235773012042046 0.236391380429268 0.237065821886063 0.237684980034828 0.237443536520004 0.237173110246658 0.236781373620033 0.236413732171059 0.236096888780594 0.235951542854309 0.236015796661377 0.236070916056633 0.236119404435158 0.236154705286026 0.236184552311897 0.235850304365158 0.235444471240044 0.234660133719444 0.23383754491806 0.232778489589691 0.231706917285919 0.230591371655464 0.229227945208549 0.227404147386551 0.226137652993202 0.225478395819664 0.224909231066704 0.224398359656334 0.224172607064247
0.226313188672066 0.226049050688744 0.225937992334366 0.225870490074158 0.226119324564934 0.226392552256584 0.226449564099312 0.226552322506905 0.226887807250023 0.227343156933784 0.228087931871414 0.229018166661263 0.23020301759243 0.231395199894905 0.232593402266502 0.23315991461277 0.233427226543427 0.23424731194973 0.235199481248856 0.235958263278008 0.236616507172585 0.236004933714867 0.235369965434074 0.234637051820755 0.234110608696938 0.23402002453804 0.23393340408802 0.233851626515388 0.233643993735313 0.233344659209251 0.233028411865234 0.232705160975456 0.232174172997475 0.231602370738983 0.231050044298172 0.230466708540916 0.229573205113411 0.228609204292297 0.227397367358208 0.226022452116013 0.224344685673714 0.22320619225502 0.2226552516222 0.222239419817924 0.221911028027534 0.221789762377739
0.22329093515873 0.223234251141548 0.223229199647903 0.223238840699196 0.223394095897675 0.223566010594368 0.223785519599915 0.224066108465195 0.224657326936722 0.225299566984177 0.226064950227737 0.226991787552834 0.228140249848366 0.229270935058594 0.230387091636658 0.231118932366371 0.231668755412102 0.232806921005249 0.234085649251938 0.234890624880791 0.235549226403236 0.234551131725311 0.2335364818573 0.232452571392059 0.231754004955292 0.231868892908096 0.231813937425613 0.231551393866539 0.231053128838539 0.230383172631264 0.229698181152344 0.229006960988045 0.228272184729576 0.22752882540226 0.227208480238914 0.226864844560623 0.22614061832428 0.225292533636093 0.224008947610855 0.222671866416931 0.221235424280167 0.220287889242172 0.219873011112213 0.219632089138031 0.219503715634346 0.219493091106415
0.222469881176949 0.222580835223198 0.222698524594307 0.22281813621521 0.222940891981125 0.22307400405407 0.223477780818939 0.223948314785957 0.2247584015131 0.225591570138931 0.226480484008789 0.227435976266861 0.228482857346535 0.229313835501671 0.229968145489693 0.23067831993103 0.231414943933487 0.232552707195282 0.233786329627037 0.234265983104706 0.234584391117096 0.233309790492058 0.232039406895638 0.230786666274071 0.229787334799767 0.229322999715805 0.228754848241806 0.228059783577919 0.227197423577309 0.226213216781616 0.225354090332985 0.224546745419502 0.223965227603912 0.223428100347519 0.223337635397911 0.223217219114304 0.222642779350281 0.221988216042519 0.22105199098587 0.220205187797546 0.219524398446083 0.219016894698143 0.218698158860207 0.218512490391731 0.218412920832634 0.218390733003616
0.221693262457848 0.221958696842194 0.222191661596298 0.222415387630463 0.222535207867622 0.222661852836609 0.2232596129179 0.223935067653656 0.225005701184273 0.22605536878109 0.227054476737976 0.228017225861549 0.228930041193962 0.229479223489761 0.229730904102325 0.23040783405304 0.231286182999611 0.23238717019558 0.23354135453701 0.233714580535889 0.233719542622566 0.232256352901459 0.230795830488205 0.229346483945847 0.228042542934418 0.22704553604126 0.225998088717461 0.224889010190964 0.223708808422089 0.222476810216904 0.221524059772491 0.220686972141266 0.220255553722382 0.219903901219368 0.219980776309967 0.220023959875107 0.219583004713058 0.21910385787487 0.218490391969681 0.218067049980164 0.217996791005135 0.217847436666489 0.217611894011497 0.217476412653923 0.217405676841736 0.217366680502892
0.221111461520195 0.221473708748817 0.221789196133614 0.222091406583786 0.222337827086449 0.222599744796753 0.223434165120125 0.224380224943161 0.225894153118134 0.22727245092392 0.228323251008987 0.229199394583702 0.229835718870163 0.230181813240051 0.230290427803993 0.230883345007896 0.23170568048954 0.232610359787941 0.233534693717957 0.233484297990799 0.233293086290359 0.232026770710945 0.230663761496544 0.228896096348763 0.227270558476448 0.225945025682449 0.224567085504532 0.223125085234642 0.221829801797867 0.220641404390335 0.219948127865791 0.219459921121597 0.219164803624153 0.218907669186592 0.218877673149109 0.218822926282883 0.218444123864174 0.218060910701752 0.217662245035172 0.217369481921196 0.217273414134979 0.217123255133629 0.216914162039757 0.21680660545826 0.216764748096466 0.216685935854912
0.220565274357796 0.220964208245277 0.221334367990494 0.221696332097054 0.222041577100754 0.222407549619675 0.223379403352737 0.224496558308601 0.226352840662003 0.228002861142159 0.229154840111732 0.230026304721832 0.230512648820877 0.230744853615761 0.230769112706184 0.231274947524071 0.232008889317513 0.232748746871948 0.233490020036697 0.233308255672455 0.23300501704216 0.231856510043144 0.230538234114647 0.228509485721588 0.226594492793083 0.224919646978378 0.223241165280342 0.221558257937431 0.22025203704834 0.219220221042633 0.218751519918442 0.218516021966934 0.21828955411911 0.218064874410629 0.21793569624424 0.217788100242615 0.217425972223282 0.217087954282761 0.216834723949432 0.216630533337593 0.216517388820648 0.216372013092041 0.216191545128822 0.21609964966774 0.216065034270287 0.21597994863987
0.220096811652184 0.220401287078857 0.220765262842178 0.221146151423454 0.221529588103294 0.221931472420692 0.222824305295944 0.223895490169525 0.225873857736588 0.227671444416046 0.229032516479492 0.23007807135582 0.230690464377403 0.231003433465958 0.231071427464485 0.231483414769173 0.232058331370354 0.232702136039734 0.233362376689911 0.233250513672829 0.233018845319748 0.231815665960312 0.230426996946335 0.228262007236481 0.226127713918686 0.224058195948601 0.222144573926926 0.220421463251114 0.219331532716751 0.218702808022499 0.218382492661476 0.218189924955368 0.217884495854378 0.21755687892437 0.217345267534256 0.21711590886116 0.216671258211136 0.216267690062523 0.216008618474007 0.215801298618317 0.215690106153488 0.215561732649803 0.215414643287659 0.215311616659164 0.215237110853195 0.215218886733055
0.219690054655075 0.21986348927021 0.220175534486771 0.22052700817585 0.22088335454464 0.221252650022507 0.221958518028259 0.222852513194084 0.224703565239906 0.226486086845398 0.228103131055832 0.229374408721924 0.230171024799347 0.230655089020729 0.230883434414864 0.231331065297127 0.231882557272911 0.232449293136597 0.233019664883614 0.232758417725563 0.232366368174553 0.230902329087257 0.229291588068008 0.227066859602928 0.22487673163414 0.222759634256363 0.220919892191887 0.219419181346893 0.218579396605492 0.218221038579941 0.217975243926048 0.217776075005531 0.217392280697823 0.216972216963768 0.216692849993706 0.216396525502205 0.215883702039719 0.215436086058617 0.21521782875061 0.215040072798729 0.214937508106232 0.214817702770233 0.21467912197113 0.214556157588959 0.214443296194077 0.21447716653347
0.219360917806625 0.219357296824455 0.219559893012047 0.219821125268936 0.220068216323853 0.220318779349327 0.220701828598976 0.221253588795662 0.222663581371307 0.224226430058479 0.226158380508423 0.227720350027084 0.228774383664131 0.229543179273605 0.230078607797623 0.230724796652794 0.231423452496529 0.231937021017075 0.232406362891197 0.231719866394997 0.230875641107559 0.228891313076019 0.226867660880089 0.224679484963417 0.222639203071594 0.220911130309105 0.21953409910202 0.21858611702919 0.218039095401764 0.217784136533737 0.217519894242287 0.217251807451248 0.216790452599525 0.216291084885597 0.215962454676628 0.215617805719376 0.21505481004715 0.214590206742287 0.214471489191055 0.214364379644394 0.214278876781464 0.214157059788704 0.213995680212975 0.213841676712036 0.213692426681519 0.213759779930115
0.219088673591614 0.219005271792412 0.219107687473297 0.219262942671776 0.219412341713905 0.219562381505966 0.21974603831768 0.220049753785133 0.220964208245277 0.222105175256729 0.223793089389801 0.225254863500595 0.226406171917915 0.227338016033173 0.228090301156044 0.228995323181152 0.229972705245018 0.230343878269196 0.230570197105408 0.229417309165001 0.228120446205139 0.226107180118561 0.224140137434006 0.222366601228714 0.220758527517319 0.219499796628952 0.218538075685501 0.217939376831055 0.217560708522797 0.217342287302017 0.217030614614487 0.216680333018303 0.216156408190727 0.215598374605179 0.215237215161324 0.214862272143364 0.214281380176544 0.213815599679947 0.21375447511673 0.213691875338554 0.213626548647881 0.213508889079094 0.213334202766418 0.21317820250988 0.213034272193909 0.213174998760223
0.2188590914011 0.218768864870071 0.218778058886528 0.218815535306931 0.218875899910927 0.218939110636711 0.219015926122665 0.219142228364944 0.219520315527916 0.220087751746178 0.221112385392189 0.222180798649788 0.223309278488159 0.224312916398048 0.225214391946793 0.2264234572649 0.227778226137161 0.227940082550049 0.22781690955162 0.226166725158691 0.224416866898537 0.222743183374405 0.221184909343719 0.220109581947327 0.219145521521568 0.218416333198547 0.217834368348122 0.217432364821434 0.217128723859787 0.216896742582321 0.21651591360569 0.216073423624039 0.215498238801956 0.214896962046623 0.214515835046768 0.214124143123627 0.213549554347992 0.213094443082809 0.213059470057487 0.213021755218506 0.212978944182396 0.212870061397552 0.212689191102982 0.212552979588509 0.212445646524429 0.21268966794014
0.218659088015556 0.218572288751602 0.21855141222477 0.218549266457558 0.218578055500984 0.218610256910324 0.218648567795753 0.218707203865051 0.218869209289551 0.219152241945267 0.219727486371994 0.220372274518013 0.221112549304962 0.221884876489639 0.222683414816856 0.223712086677551 0.22484977543354 0.224806070327759 0.224480107426643 0.223040640354156 0.221552267670631 0.220465332269669 0.219469606876373 0.21885558962822 0.218276888132095 0.217772796750069 0.21733470261097 0.216977268457413 0.216669678688049 0.216398432850838 0.215998291969299 0.215544790029526 0.214957252144814 0.214343369007111 0.213901862502098 0.213457405567169 0.212921679019928 0.212496697902679 0.212461099028587 0.212422326207161 0.212377637624741 0.212271139025688 0.21209728717804 0.212021961808205 0.212010368704796 0.212428942322731
0.21847178041935 0.218392804265022 0.218368887901306 0.218360617756844 0.218382492661476 0.218407586216927 0.218436688184738 0.218474686145782 0.218557879328728 0.218680411577225 0.218897923827171 0.219106152653694 0.219301611185074 0.219712734222412 0.220300287008286 0.220940947532654 0.221606746315956 0.221359103918076 0.220893234014511 0.219967916607857 0.219047218561172 0.218652978539467 0.218285724520683 0.218031451106071 0.217727288603783 0.217317804694176 0.216922476887703 0.216544404625893 0.216199040412903 0.215877488255501 0.21547943353653 0.215049713850021 0.214466497302055 0.213853135704994 0.213333919644356 0.212821260094643 0.212338358163834 0.211951836943626 0.211904138326645 0.211853191256523 0.211796164512634 0.211689308285713 0.211528152227402 0.211531311273575 0.211640790104866 0.212264478206635
0.218457221984863 0.218365788459778 0.218311324715614 0.218267381191254 0.218261912465096 0.21826109290123 0.218279778957367 0.218302205204964 0.218343645334244 0.218414917588234 0.218558207154274 0.218672499060631 0.218746975064278 0.219021305441856 0.219459116458893 0.2197654992342 0.220009624958038 0.219747245311737 0.219363838434219 0.218772366642952 0.218193277716637 0.218002259731293 0.217809274792671 0.217608138918877 0.217333897948265 0.216905370354652 0.216490745544434 0.216093137860298 0.215732499957085 0.21539880335331 0.215025216341019 0.214635118842125 0.214070349931717 0.213471263647079 0.212824523448944 0.212196618318558 0.2117700278759 0.211439117789268 0.211444616317749 0.211421236395836 0.211344167590141 0.211222693324089 0.211052820086479 0.211092084646225 0.211266681551933 0.211883366107941
0.218478411436081 0.218370318412781 0.218279629945755 0.218193888664246 0.218156859278679 0.218126237392426 0.218134239315987 0.218142136931419 0.218149498105049 0.218192115426064 0.218319833278656 0.218411087989807 0.218452289700508 0.218636229634285 0.218936964869499 0.218920215964317 0.218753054738045 0.218515053391457 0.218260139226913 0.217965215444565 0.21768094599247 0.217591881752014 0.217479199171066 0.217267736792564 0.216972827911377 0.216501727700233 0.216055005788803 0.215638041496277 0.215266808867455 0.214928850531578 0.214584365487099 0.214237183332443 0.213693782687187 0.213111817836761 0.212327226996422 0.211574375629425 0.211204782128334 0.210933029651642 0.211005255579948 0.211017668247223 0.210918977856636 0.210779920220375 0.210596904158592 0.210663512349129 0.210891619324684 0.211457446217537
0.21856863796711 0.218424960970879 0.21827994287014 0.218134537339211 0.218083724379539 0.218045592308044 0.21808834373951 0.218126699328423 0.218142673373222 0.218179166316986 0.218265205621719 0.218314349651337 0.218312844634056 0.218414083123207 0.218599379062653 0.2184769064188 0.21820867061615 0.218044325709343 0.217904821038246 0.217646762728691 0.217392221093178 0.217307388782501 0.217190086841583 0.216936931014061 0.216600805521011 0.216089516878128 0.215623930096626 0.215214177966118 0.214850902557373 0.214521467685699 0.214154303073883 0.213771522045135 0.213254377245903 0.212710827589035 0.211899921298027 0.211122050881386 0.210763543844223 0.210509017109871 0.210620075464249 0.210648611187935 0.210523888468742 0.210386618971825 0.210235670208931 0.210373252630234 0.210697546601295 0.211186230182648
0.218648239970207 0.218469560146332 0.218274340033531 0.218074426054955 0.218017086386681 0.217978730797768 0.218058958649635 0.218130469322205 0.218157663941383 0.218189507722855 0.218232497572899 0.218233972787857 0.218178451061249 0.218186587095261 0.218246817588806 0.218034043908119 0.217691972851753 0.217598855495453 0.217565223574638 0.217339739203453 0.217110902070999 0.217024952173233 0.216898918151855 0.216605126857758 0.216230019927025 0.215683236718178 0.215198665857315 0.214790135622025 0.21443335711956 0.214114293456078 0.213723957538605 0.213304102420807 0.212825357913971 0.212335035204887 0.21149854362011 0.21069510281086 0.210339903831482 0.210095122456551 0.210238605737686 0.210280284285545 0.210132911801338 0.210000798106194 0.209885314106941 0.210091158747673 0.210504934191704 0.210916846990585
0.218581736087799 0.218382939696312 0.218190342187881 0.217999503016472 0.218004420399666 0.218032956123352 0.218157976865768 0.218269988894463 0.218315929174423 0.218347862362862 0.21834596991539 0.218249633908272 0.218023657798767 0.217824220657349 0.217646479606628 0.217403873801231 0.217130526900291 0.217058956623077 0.217035606503487 0.216921046376228 0.216801717877388 0.216704174876213 0.21656608581543 0.21625828742981 0.215877905488014 0.215344309806824 0.214833125472069 0.214349329471588 0.21397465467453 0.21367946267128 0.21328541636467 0.212850406765938 0.212537124752998 0.212247759103775 0.211340218782425 0.210457816720009 0.210044711828232 0.209749862551689 0.209870830178261 0.209903240203857 0.20977121591568 0.209671080112457 0.2096057087183 0.209829896688461 0.210241466760635 0.210592910647392
0.218459025025368 0.21822589635849 0.218059957027435 0.217913135886192 0.217994138598442 0.218099996447563 0.218247026205063 0.218377649784088 0.218424886465073 0.218437179923058 0.218365147709846 0.218170195817947 0.217806532979012 0.21744841337204 0.217094823718071 0.216832846403122 0.216614246368408 0.216550603508949 0.216523960232735 0.216499343514442 0.216470316052437 0.216375008225441 0.216236859560013 0.215919464826584 0.215528249740601 0.214981243014336 0.214441403746605 0.213910326361656 0.213526532053947 0.213250026106834 0.212837174534798 0.212367847561836 0.212183430790901 0.212055042386055 0.211127743124962 0.21021693944931 0.209756225347519 0.209417521953583 0.209507808089256 0.209527999162674 0.209417954087257 0.209352150559425 0.209334537386894 0.209557354450226 0.209935739636421 0.210229247808456
0.21813029050827 0.217810675501823 0.217759549617767 0.217784777283669 0.217992544174194 0.218213960528374 0.218299522995949 0.218368485569954 0.218353018164635 0.218273356556892 0.218038618564606 0.217742130160332 0.217360883951187 0.217023357748985 0.216721624135971 0.216478690505028 0.216263607144356 0.216157823801041 0.216078147292137 0.216066598892212 0.216057449579239 0.216015011072159 0.215920820832253 0.215610027313232 0.215187653899193 0.214529678225517 0.21395368874073 0.213477864861488 0.213117152452469 0.212840288877487 0.212353348731995 0.211779400706291 0.211589753627777 0.211475655436516 0.210716724395752 0.209962904453278 0.209492340683937 0.209132552146912 0.209162294864655 0.209159314632416 0.209095597267151 0.209072709083557 0.209094285964966 0.209243431687355 0.209475100040436 0.209719955921173
