Ecospace-environmental-drivers/Outputs/ASCII-for-ecospace/MOM6-ISIMIP3a/o2-surf/1986-01_o2-surf_MOM6-ISIMIP3a.asc
NCOLS 131 
NROWS 53 
XLLCORNER -98 
YLLCORNER 23.9265270233154 
CELLSIZE 0.133587792515755 
NODATA_value -9999 
[rows 21 to 41 of 53, columns 46 to 91 of 131]
0.226063281297684 0.227673798799515 0.230897858738899 0.234580799937248 0.235959842801094 0.237068116664886 0.237232267856598 0.237345963716507 0.237202972173691 0.23699477314949 0.236629113554955 0.236213728785515 0.235730081796646 0.235568001866341 0.235669031739235 0.236634999513626 0.23801064491272 0.238993242383003 0.239881917834282 0.239290282130241 0.238628432154655 0.238424926996231 0.238226443529129 0.238049030303955 0.237475961446762 0.236067652702332 0.234780550003052 0.233641594648361 0.232616662979126 0.231674775481224 0.230540469288826 0.229326456785202 0.227605327963829 0.225784510374069 0.224457457661629 0.223173901438713 0.222136572003365 0.221228629350662 0.220775544643402 0.220291167497635 0.219748690724373 0.219419583678246 0.219322964549065 0.219357416033745 0.219476699829102 0.219667807221413
0.223576292395592 0.225327670574188 0.228592038154602 0.232286721467972 0.233710274100304 0.234874725341797 0.235320195555687 0.235652357339859 0.235408276319504 0.234880313277245 0.233666881918907 0.233032733201981 0.233193844556808 0.233595013618469 0.234192609786987 0.235452145338058 0.237025231122971 0.238058596849442 0.23896299302578 0.238745510578156 0.238436579704285 0.237918570637703 0.237403824925423 0.236902758479118 0.235995024442673 0.234228745102882 0.232853680849075 0.231956750154495 0.230736538767815 0.229280859231949 0.227749511599541 0.226186841726303 0.224395588040352 0.222559407353401 0.221469640731812 0.220446646213531 0.219805791974068 0.219253957271576 0.219015091657639 0.218760833144188 0.218477994203568 0.218354359269142 0.218404173851013 0.218547165393829 0.218750461935997 0.219019889831543
0.221148282289505 0.223041042685509 0.226295813918114 0.229937925934792 0.23134957253933 0.232516407966614 0.233237907290459 0.233777537941933 0.233392030000687 0.232535541057587 0.230541869997978 0.22975167632103 0.230613708496094 0.231606021523476 0.232704922556877 0.234213039278984 0.235914975404739 0.237004414200783 0.23794749379158 0.238133177161217 0.238204270601273 0.237364992499352 0.236524760723114 0.235680595040321 0.234436303377151 0.232347369194031 0.23089824616909 0.230231121182442 0.228816479444504 0.226857379078865 0.224939718842506 0.223039209842682 0.221200883388519 0.219374790787697 0.218550443649292 0.217814087867737 0.217574864625931 0.217378959059715 0.217335447669029 0.217296257615089 0.217265143990517 0.217337742447853 0.217523351311684 0.217764884233475 0.218042582273483 0.218379661440849
0.218052566051483 0.219914942979813 0.223013922572136 0.226464599370956 0.227599620819092 0.228508427739143 0.229709044098854 0.230610802769661 0.22999219596386 0.229318961501122 0.228513777256012 0.2284936606884 0.22955134510994 0.230572953820229 0.231565058231354 0.232901439070702 0.234400913119316 0.235626444220543 0.236786529421806 0.237118259072304 0.237316966056824 0.236407935619354 0.235423251986504 0.234121903777122 0.232722952961922 0.231117948889732 0.229760721325874 0.22870634496212 0.226982429623604 0.224770843982697 0.222694337368011 0.220673784613609 0.218983426690102 0.217357993125916 0.216839969158173 0.216404154896736 0.216370865702629 0.216368392109871 0.216474309563637 0.216571763157845 0.216653510928154 0.216808453202248 0.217043116688728 0.217317551374435 0.217617690563202 0.217937782406807
0.215157076716423 0.217077985405922 0.22000178694725 0.223210826516151 0.224184632301331 0.224957749247551 0.226488947868347 0.227652356028557 0.22694493830204 0.226505726575851 0.22671414911747 0.2273288667202 0.228501379489899 0.229517698287964 0.230406224727631 0.231582954525948 0.232896208763123 0.234207436442375 0.235518172383308 0.235994294285774 0.236324682831764 0.235368773341179 0.234280005097389 0.232635214924812 0.23111791908741 0.229869797825813 0.228563830256462 0.22718720138073 0.225237965583801 0.222871661186218 0.220706671476364 0.21862505376339 0.21710230410099 0.215689405798912 0.215433031320572 0.21525014936924 0.215366691350937 0.215503290295601 0.215710386633873 0.215902298688889 0.216066002845764 0.216280683875084 0.216550931334496 0.216853380203247 0.217176645994186 0.217481151223183
0.213139623403549 0.21550889313221 0.218172430992126 0.220919653773308 0.222238376736641 0.223412245512009 0.224622666835785 0.225607335567474 0.225443586707115 0.225461080670357 0.225916191935539 0.226572722196579 0.227505803108215 0.228365167975426 0.229164227843285 0.23023422062397 0.231432542204857 0.232608452439308 0.23377899825573 0.234392210841179 0.23487214744091 0.233969613909721 0.232953861355782 0.231464236974716 0.229987889528275 0.228539541363716 0.227106675505638 0.225692719221115 0.223886325955391 0.221794068813324 0.219849035143852 0.217964962124825 0.216695860028267 0.215547665953636 0.215357109904289 0.21521832048893 0.215238705277443 0.21527598798275 0.215372666716576 0.215474054217339 0.215584173798561 0.21575964987278 0.21600629389286 0.216315343976021 0.216664761304855 0.216959819197655
0.211872354149818 0.214594289660454 0.216994047164917 0.219302162528038 0.220794007182121 0.222185328602791 0.223118335008621 0.223930031061172 0.224124595522881 0.224429279565811 0.224999859929085 0.225586265325546 0.226194351911545 0.226818025112152 0.227454453706741 0.228364184498787 0.229403391480446 0.230453282594681 0.23150572180748 0.232101142406464 0.232575193047523 0.231739744544029 0.230816230177879 0.229524090886116 0.228184312582016 0.226743921637535 0.225342243909836 0.223987877368927 0.222399458289146 0.220640584826469 0.218995615839958 0.217397809028625 0.216400146484375 0.215520441532135 0.215359136462212 0.215230375528336 0.21515965461731 0.215103432536125 0.21509824693203 0.215113282203674 0.215165853500366 0.215284734964371 0.215475901961327 0.215757191181183 0.216096818447113 0.216391891241074
0.212241858243942 0.215107649564743 0.217235952615738 0.219154506921768 0.220444664359093 0.221653506159782 0.222403705120087 0.22305503487587 0.22320345044136 0.223425477743149 0.22382527589798 0.22409725189209 0.224193722009659 0.224409908056259 0.224724039435387 0.225356787443161 0.226140454411507 0.227084636688232 0.228067144751549 0.228306785225868 0.228435784578323 0.227697372436523 0.226908057928085 0.225905731320381 0.224911153316498 0.223932951688766 0.222907409071922 0.221824049949646 0.220617607235909 0.219321519136429 0.218151405453682 0.217033460736275 0.216345980763435 0.215743124485016 0.215531244874001 0.215338170528412 0.215187326073647 0.21505032479763 0.214961931109428 0.214899703860283 0.214886039495468 0.21491052210331 0.214976564049721 0.215155139565468 0.215406507253647 0.215722247958183
0.212725877761841 0.215274378657341 0.217032998800278 0.218566969037056 0.219600483775139 0.220565468072891 0.221063151955605 0.22148959338665 0.221553698182106 0.221684604883194 0.221976771950722 0.222105294466019 0.222009167075157 0.2220578789711 0.222225099802017 0.222678542137146 0.223267555236816 0.224059790372849 0.224900603294373 0.224890202283859 0.224787086248398 0.224185571074486 0.223556682467461 0.222813218832016 0.222114950418472 0.221512123942375 0.220801115036011 0.219957932829857 0.219065889716148 0.21813827753067 0.217328295111656 0.216567024588585 0.216096237301826 0.215682566165924 0.215469032526016 0.21526575088501 0.215090185403824 0.214930981397629 0.214829325675964 0.214738875627518 0.214669272303581 0.214615151286125 0.214577943086624 0.21465776860714 0.214813321828842 0.215103015303612
0.213353931903839 0.215005025267601 0.216270372271538 0.217426016926765 0.21813377737999 0.218777656555176 0.218935132026672 0.219055518507957 0.218987315893173 0.219016417860985 0.219280421733856 0.219480603933334 0.219593197107315 0.219776406884193 0.22001738846302 0.220414400100708 0.220885321497917 0.221467509865761 0.222076296806335 0.221948891878128 0.22175569832325 0.221341282129288 0.22090582549572 0.220382273197174 0.219918787479401 0.219582110643387 0.219108149409294 0.218466371297836 0.217803731560707 0.217125877737999 0.216531708836555 0.215972170233727 0.215600445866585 0.215265646576881 0.215112015604973 0.214966610074043 0.214835971593857 0.214728310704231 0.214701369404793 0.214644432067871 0.214531809091568 0.214419022202492 0.214306026697159 0.214292138814926 0.214342340826988 0.214547172188759
0.213992357254028 0.214993849396706 0.215785309672356 0.216517060995102 0.216927975416183 0.217291250824928 0.217254996299744 0.217213839292526 0.217147678136826 0.217186540365219 0.217479035258293 0.217731148004532 0.217927783727646 0.218159139156342 0.21841886639595 0.21878057718277 0.219190612435341 0.219604521989822 0.220019370317459 0.219831064343452 0.219599157571793 0.219335451722145 0.219057753682137 0.21872153878212 0.218423396348953 0.218205705285072 0.217868685722351 0.217385828495026 0.216889902949333 0.216384455561638 0.21591529250145 0.215461164712906 0.215164765715599 0.214899390935898 0.214760556817055 0.214627251029015 0.214502170681953 0.214402288198471 0.214390963315964 0.214328423142433 0.21417073905468 0.214035451412201 0.213924527168274 0.213884800672531 0.213891133666039 0.214060321450233
0.214638561010361 0.215176314115524 0.215508446097374 0.215782091021538 0.215917855501175 0.21603088080883 0.215910792350769 0.215816468000412 0.215853080153465 0.215985417366028 0.216348916292191 0.21663810312748 0.216825321316719 0.217040032148361 0.217277228832245 0.217619508504868 0.218011528253555 0.218288496136665 0.218537971377373 0.218330889940262 0.218098744750023 0.217958465218544 0.217811807990074 0.217638447880745 0.217453598976135 0.217244476079941 0.216969355940819 0.216613546013832 0.216237336397171 0.215846240520477 0.215434014797211 0.215013027191162 0.214774161577225 0.214571103453636 0.21441325545311 0.21425773203373 0.214108660817146 0.213983744382858 0.213943734765053 0.213846236467361 0.213641971349716 0.213511303067207 0.213460817933083 0.213446199893951 0.213454768061638 0.213625207543373
0.21498915553093 0.215219289064407 0.215297430753708 0.215332373976707 0.215330213308334 0.215320393443108 0.215205922722816 0.21511846780777 0.21516852080822 0.215279430150986 0.215537264943123 0.215743079781532 0.215877443552017 0.216065958142281 0.216298773884773 0.216607078909874 0.21695114672184 0.217149987816811 0.2173141092062 0.21720016002655 0.217072382569313 0.217021331191063 0.216968759894371 0.216909810900688 0.216814815998077 0.216643735766411 0.216405108571053 0.21608392894268 0.215739980340004 0.21537946164608 0.214996337890625 0.214603826403618 0.214378997683525 0.214187115430832 0.213991016149521 0.213798135519028 0.213638290762901 0.213497653603554 0.213424563407898 0.213282898068428 0.213013857603073 0.212865903973579 0.212849855422974 0.212873741984367 0.212923467159271 0.213152855634689
0.215213060379028 0.215202465653419 0.215114653110504 0.21500489115715 0.21492363512516 0.214845567941666 0.214775025844574 0.214720219373703 0.214745417237282 0.214785620570183 0.214862108230591 0.214932903647423 0.214995846152306 0.215154051780701 0.215390235185623 0.215658366680145 0.215941652655602 0.21608754992485 0.216200634837151 0.216227784752846 0.216249167919159 0.216272711753845 0.216298401355743 0.216333076357841 0.216317892074585 0.216197475790977 0.215984463691711 0.2156583070755 0.215309172868729 0.214943289756775 0.214577332139015 0.214211329817772 0.213981866836548 0.213779240846634 0.213536664843559 0.213299959897995 0.213134989142418 0.212982624769211 0.212874561548233 0.212684765458107 0.212343171238899 0.212168529629707 0.212175771594048 0.212243929505348 0.212351500988007 0.212664559483528
0.215188965201378 0.215047150850296 0.214920043945312 0.214797109365463 0.214755475521088 0.214722320437431 0.214693173766136 0.214662373065948 0.214623034000397 0.214587286114693 0.21456016600132 0.214541137218475 0.214533179998398 0.214630350470543 0.21481354534626 0.21498991549015 0.215163052082062 0.215276017785072 0.215374603867531 0.215478673577309 0.215583235025406 0.215689495205879 0.215795382857323 0.21589957177639 0.215941250324249 0.215850949287415 0.215656235814095 0.21533390879631 0.214958176016808 0.214543521404266 0.214157342910767 0.213782966136932 0.213526606559753 0.213293448090553 0.213034868240356 0.212786003947258 0.212641194462776 0.212503597140312 0.212391406297684 0.212221339344978 0.211943790316582 0.211776912212372 0.211730614304543 0.21178212761879 0.211896955966949 0.212218448519707
0.215113550424576 0.214863181114197 0.214722976088524 0.21461409330368 0.214636653661728 0.214671820402145 0.214683547616005 0.214674934744835 0.214562878012657 0.214450061321259 0.214335441589355 0.214235931634903 0.214157193899155 0.21418696641922 0.214305534958839 0.214379459619522 0.214432239532471 0.214516401290894 0.214608058333397 0.214775756001472 0.214949816465378 0.215140521526337 0.215326979756355 0.215495705604553 0.215589493513107 0.215525060892105 0.215347126126289 0.215030461549759 0.214623689651489 0.214151278138161 0.213737159967422 0.213347181677818 0.213059321045876 0.2127915173769 0.212523236870766 0.212268769741058 0.212149351835251 0.21203202009201 0.211922079324722 0.211785778403282 0.211600542068481 0.211448565125465 0.211332812905312 0.211355105042458 0.211466714739799 0.211781069636345
0.214970320463181 0.214768961071968 0.214683294296265 0.214630529284477 0.21468460559845 0.214745208621025 0.21468710899353 0.214599654078484 0.214362874627113 0.214131817221642 0.213914602994919 0.213735729455948 0.213609457015991 0.213576063513756 0.213618651032448 0.213641926646233 0.213656038045883 0.21374748647213 0.213857412338257 0.214072331786156 0.214301958680153 0.214640900492668 0.214958161115646 0.215184658765793 0.215334758162498 0.215323626995087 0.215173304080963 0.214852869510651 0.214398100972176 0.213845491409302 0.213384881615639 0.212962359189987 0.212639778852463 0.212336853146553 0.212067112326622 0.2118129581213 0.21169900894165 0.211590677499771 0.211502104997635 0.211414977908134 0.211330488324165 0.211200073361397 0.211019650101662 0.210960626602173 0.210980176925659 0.21116042137146
0.214847072958946 0.21469821035862 0.214665949344635 0.214666828513145 0.214740321040154 0.214813441038132 0.214675918221474 0.214501619338989 0.214140206575394 0.21379117667675 0.213472053408623 0.213216230273247 0.213047295808792 0.212955623865128 0.212927147746086 0.212905153632164 0.212886244058609 0.212983071804047 0.21310755610466 0.213364884257317 0.21364526450634 0.214128643274307 0.214574560523033 0.214863777160645 0.215076059103012 0.215125933289528 0.215007320046425 0.214682787656784 0.214180499315262 0.213548734784126 0.213044017553329 0.212591916322708 0.212234765291214 0.211896270513535 0.211622178554535 0.211365401744843 0.211254343390465 0.211152940988541 0.211085513234138 0.211045399308205 0.211056023836136 0.210946395993233 0.210705772042274 0.210561245679855 0.210478916764259 0.210518807172775
0.214969426393509 0.214835003018379 0.214811593294144 0.214819744229317 0.214799404144287 0.214767456054688 0.214501067996025 0.214202851057053 0.213742762804031 0.213298261165619 0.212891414761543 0.212584018707275 0.212413191795349 0.212313398718834 0.212271705269814 0.212237358093262 0.212206482887268 0.212271049618721 0.212358430027962 0.212614700198174 0.212901130318642 0.213457837700844 0.213985845446587 0.214393734931946 0.214728489518166 0.214908853173256 0.214860573410988 0.214532852172852 0.213996067643166 0.213306978344917 0.212792560458183 0.212350487709045 0.211961641907692 0.211583241820335 0.211270198225975 0.210976675152779 0.210850417613983 0.210739240050316 0.210681170225143 0.210658013820648 0.210699707269669 0.2105992436409 0.210343912243843 0.210094019770622 0.209847614169121 0.209740877151489
0.215141206979752 0.215006783604622 0.214966252446175 0.214952424168587 0.214829161763191 0.21468585729599 0.214304000139236 0.213895320892334 0.213350266218185 0.212821826338768 0.212333500385284 0.211978644132614 0.211807057261467 0.211711585521698 0.211678370833397 0.211645424365997 0.21161262691021 0.211643531918526 0.211689665913582 0.211935773491859 0.212217703461647 0.212821334600449 0.213409528136253 0.213933140039444 0.214383825659752 0.214680582284927 0.214694365859032 0.214362308382988 0.213798299431801 0.21306537091732 0.212542355060577 0.212106257677078 0.211690083146095 0.211277812719345 0.210930928587914 0.210604622960091 0.210455626249313 0.210325971245766 0.210264325141907 0.210244178771973 0.210301145911217 0.210214912891388 0.209972679615021 0.209633827209473 0.209232464432716 0.20899011194706
0.215494319796562 0.215306863188744 0.215153977274895 0.215010911226273 0.214751422405243 0.214473724365234 0.214025512337685 0.213555693626404 0.212975978851318 0.212405860424042 0.211858928203583 0.211471632122993 0.211303472518921 0.211257949471474 0.211312770843506 0.211331769824028 0.21133379638195 0.211325913667679 0.211315661668777 0.211518108844757 0.211756825447083 0.212310597300529 0.21287876367569 0.213507175445557 0.214049801230431 0.214411333203316 0.214456856250763 0.214116111397743 0.213551685214043 0.212824299931526 0.212296649813652 0.211851730942726 0.211424246430397 0.211000204086304 0.210638359189034 0.21029369533062 0.210094332695007 0.209914177656174 0.209801539778709 0.209733352065086 0.209747701883316 0.209694266319275 0.209566995501518 0.209199473261833 0.208676502108574 0.208338961005211
