Ecospace-environmental-drivers/Outputs/ASCII-for-ecospace/MOM6-ISIMIP3a/o2-surf/1988-07_o2-surf_MOM6-ISIMIP3a.asc
NCOLS 131 
NROWS 53 
XLLCORNER -98 
YLLCORNER 23.9265270233154 
CELLSIZE 0.133587792515755 
NODATA_value -9999 
[rows 0 to 20 of 53, columns 46 to 91 of 131]
-9999 -9999 -9999 -9999 -9999 -9999 -9999 -9999 -9999 -9999 -9999 -9999 -9999 -9999 -9999 -9999 -9999 -9999 -9999 -9999 -9999 -9999 -9999 -9999 -9999 -9999 -9999 -9999 -9999 -9999 -9999 -9999 -9999 -9999 -9999 -9999 -9999 -9999 -9999 -9999 -9999 -9999 -9999 -9999 -9999 -9999
-9999 -9999 -9999 -9999 -9999 -9999 -9999 -9999 -9999 -9999 -9999 -9999 -9999 -9999 -9999 -9999 -9999 -9999 -9999 -9999 -9999 -9999 -9999 -9999 -9999 -9999 -9999 -9999 -9999 -9999 -9999 -9999 -9999 -9999 -9999 -9999 -9999 -9999 -9999 -9999 -9999 -9999 -9999 -9999 -9999 -9999
-9999 -9999 -9999 -9999 -9999 -9999 -9999 -9999 -9999 -9999 -9999 -9999 -9999 -9999 -9999 -9999 -9999 -9999 -9999 -9999 -9999 -9999 -9999 -9999 -9999 -9999 -9999 -9999 0.218552440404892 0.217538312077522 -9999 -9999 -9999 -9999 -9999 -9999 -9999 -9999 -9999 -9999 -9999 -9999 -9999 -9999 -9999 -9999
-9999 -9999 -9999 -9999 -9999 -9999 -9999 -9999 -9999 -9999 -9999 -9999 -9999 -9999 -9999 -9999 -9999 -9999 -9999 -9999 -9999 -9999 -9999 -9999 -9999 -9999 -9999 -9999 0.218705758452415 0.217627093195915 -9999 -9999 -9999 -9999 -9999 -9999 -9999 -9999 -9999 -9999 -9999 -9999 -9999 -9999 -9999 -9999
-9999 -9999 -9999 -9999 -9999 -9999 -9999 -9999 -9999 -9999 -9999 -9999 -9999 -9999 -9999 -9999 -9999 -9999 -9999 0.20630855858326 0.20691604912281 0.207402050495148 0.210236966609955 0.212626397609711 0.216464787721634 0.218704268336296 0.219530060887337 0.219583541154861 0.21885983645916 0.217673912644386 0.2163475304842 -9999 -9999 0.211088538169861 0.209390640258789 0.20804800093174 0.20686636865139 0.206010103225708 0.205429822206497 0.205150082707405 0.204963877797127 0.204803660511971 0.204507097601891 -9999 -9999 -9999
-9999 -9999 -9999 -9999 -9999 -9999 -9999 -9999 -9999 -9999 -9999 -9999 -9999 -9999 -9999 0.183008953928947 -9999 0.182914569973946 0.182876065373421 0.194851368665695 0.20630855858326 0.207037553191185 0.207402050495148 0.213071882724762 0.217405244708061 0.218917220830917 0.21979033946991 0.219882622361183 0.219077676534653 0.217619195580482 0.216324865818024 0.215098530054092 0.213051110506058 0.21084226667881 0.209372237324715 0.207957401871681 0.206814378499985 0.205827310681343 0.205388620495796 0.205073550343513 0.204988077282906 0.204830020666122 0.204592883586884 0.204098403453827 0.203437432646751 -9999
-9999 -9999 -9999 -9999 -9999 -9999 -9999 -9999 -9999 -9999 -9999 0.191469237208366 0.191105723381042 0.190857872366905 0.190225183963776 0.186452493071556 0.18307201564312 0.182945892214775 0.18292173743248 0.182876065373421 0.195369496941566 0.20630855858326 0.207402050495148 0.213071882724762 0.217405244708061 0.218917220830917 0.21979033946991 0.219882622361183 0.219077676534653 0.217619195580482 0.216324865818024 0.215098530054092 0.213051110506058 0.21084226667881 0.209372237324715 0.207957401871681 0.206814378499985 0.205827310681343 0.205388620495796 0.205073550343513 0.204988077282906 0.204830020666122 0.204592883586884 0.204098403453827 0.203437432646751 0.203262746334076
-9999 -9999 -9999 -9999 -9999 -9999 -9999 -9999 -9999 -9999 -9999 0.193418234586716 0.191469237208366 0.190742209553719 -9999 0.189571171998978 0.186311230063438 0.183198139071465 0.182945892214775 0.182943254709244 0.182876065373421 0.196923851966858 0.209720954298973 0.217283815145493 0.222800880670547 0.223999097943306 0.224381327629089 0.223766267299652 0.222505137324333 0.220773428678513 0.218775659799576 0.216667711734772 0.213917270302773 0.211040526628494 0.209213376045227 0.207498908042908 0.206505551934242 0.205675765872002 0.205421164631844 0.205232352018356 0.205165728926659 0.205020189285278 0.20478866994381 0.204380542039871 0.203858152031898 0.203899517655373
-9999 -9999 -9999 -9999 -9999 -9999 -9999 -9999 -9999 -9999 -9999 -9999 -9999 -9999 -9999 0.189602106809616 0.189096212387085 0.18671378493309 0.183450385928154 0.182945892214775 0.183007821440697 0.198208346962929 0.212322697043419 0.221891239285469 0.228652209043503 0.229486152529716 0.229320392012596 0.227932795882225 0.226166293025017 0.224123775959015 0.221362069249153 0.21830253303051 0.214803442358971 0.211217954754829 0.209018230438232 0.206992879509926 0.206169471144676 0.205516681075096 0.205463841557503 0.20541325211525 0.20536682009697 0.205234333872795 0.205008074641228 0.204693123698235 0.204320773482323 0.20420378446579
0.205714792013168 0.206036120653152 -9999 -9999 -9999 -9999 -9999 -9999 -9999 -9999 -9999 0.208242401480675 0.195415943861008 -9999 -9999 -9999 0.188775911927223 0.189951598644257 0.188445165753365 0.183954879641533 0.185083955526352 0.201189205050468 0.215779975056648 0.224032461643219 0.229612156748772 0.229549378156662 0.228748261928558 0.227044731378555 0.224823325872421 0.222224727272987 0.219299718737602 0.216239526867867 0.213096991181374 0.209938257932663 0.208190217614174 0.20660275220871 0.206073567271233 0.205673694610596 0.205728486180305 0.205745965242386 0.205694139003754 0.205545276403427 0.205290704965591 0.20497465133667 0.204618826508522 0.204367965459824
0.205692738294601 0.206379517912865 0.206430211663246 -9999 -9999 -9999 -9999 -9999 -9999 -9999 -9999 0.215142756700516 0.20837140083313 0.195415943861008 -9999 -9999 0.185653060674667 0.189205437898636 0.194996282458305 0.191123351454735 0.187949568033218 0.204614251852036 0.219356283545494 0.226051762700081 0.230296909809113 0.229369178414345 0.227965340018272 0.225979596376419 0.223389491438866 0.220359176397324 0.217341780662537 0.214329749345779 0.211562588810921 0.208843573927879 0.207501381635666 0.206303313374519 0.206015110015869 0.205822363495827 0.205965295433998 0.206043809652328 0.206002697348595 0.205852627754211 0.205583870410919 0.205274417996407 0.204938620328903 0.204577401280403
0.205692738294601 0.206379517912865 0.206531584262848 0.207797065377235 0.20905676484108 -9999 -9999 -9999 -9999 -9999 -9999 -9999 0.215346321463585 0.206673920154572 0.195415943861008 0.191469237208366 0.185653060674667 0.189205437898636 0.194996282458305 0.194715052843094 0.195049837231636 0.210421875119209 0.223571047186852 0.227417215704918 0.229505628347397 0.2278833091259 0.226051837205887 0.223964750766754 0.221468150615692 0.218673288822174 0.215943977236748 0.213241830468178 0.210951074957848 0.208741188049316 0.207559019327164 0.206490248441696 0.206157431006432 0.205926328897476 0.206052869558334 0.206154689192772 0.20621058344841 0.206140667200089 0.205933675169945 0.205672025680542 0.205374985933304 0.20502957701683
0.205784976482391 0.206466302275658 0.207333862781525 0.208254396915436 0.209068402647972 -9999 -9999 -9999 -9999 0.21142752468586 0.214280322194099 0.216389670968056 0.217478349804878 0.212170943617821 0.201630443334579 0.194700136780739 0.189479917287827 0.192227482795715 0.19687882065773 0.198691979050636 0.201088905334473 0.21482016146183 0.226208627223969 0.227792218327522 0.228191912174225 0.226092353463173 0.223949864506721 0.221754938364029 0.219382464885712 0.216880679130554 0.214510381221771 0.212194532155991 0.210392326116562 0.208691090345383 0.20769689977169 0.206783130764961 0.206399291753769 0.206115916371346 0.206185773015022 0.206275656819344 0.206402748823166 0.206406086683273 0.206274569034576 0.206066250801086 0.205808237195015 0.205493316054344
0.206107825040817 0.206770077347755 0.20750880241394 0.208269253373146 0.209068402647972 0.209847509860992 0.209978684782982 0.210132524371147 0.210401698946953 0.21142752468586 0.214280322194099 0.216389670968056 0.217478349804878 0.215078428387642 0.209824234247208 0.206008478999138 0.202874094247818 0.202804774045944 0.203467801213264 0.203631997108459 0.204474896192551 0.215695008635521 0.224903166294098 0.225691080093384 0.225572109222412 0.2235386967659 0.221376746892929 0.219057679176331 0.21688586473465 0.214821293950081 0.212987288832664 0.211248755455017 0.209965497255325 0.208771720528603 0.208035364747047 0.207340896129608 0.206890061497688 0.20651963353157 0.206431955099106 0.206421807408333 0.206555634737015 0.20661498606205 0.206593200564384 0.206452041864395 0.206233650445938 0.205985993146896
0.206594347953796 0.207351595163345 0.208099812269211 0.20884545147419 0.209376752376556 0.209874078631401 0.21004655957222 0.210234060883522 0.210498005151749 0.211363315582275 0.213680654764175 0.215296849608421 0.215950444340706 0.215390652418137 0.213838130235672 0.212668523192406 0.211680293083191 0.210694998502731 0.209710419178009 0.209048599004745 0.208947151899338 0.216679155826569 0.222939863801003 0.223043084144592 0.222492292523384 0.220560878515244 0.218500465154648 0.216282397508621 0.214412420988083 0.212795972824097 0.211446911096573 0.210208579897881 0.209355369210243 0.208577856421471 0.208111837506294 0.207660228013992 0.207236871123314 0.206864565610886 0.206671759486198 0.206587940454483 0.206706494092941 0.20680370926857 0.206877648830414 0.206814393401146 0.206662341952324 0.206479638814926
0.207312315702438 0.208325758576393 0.209279075264931 0.210215285420418 0.210121050477028 0.209938198328018 0.210210412740707 0.210479170084 0.210730478167534 0.211208313703537 0.212233185768127 0.21265897154808 0.212262332439423 0.212033674120903 0.211942419409752 0.212756708264351 0.213999941945076 0.214786231517792 0.21546334028244 0.215139016509056 0.214955180883408 0.217817828059196 0.220046505331993 0.219621926546097 0.218762084841728 0.216983363032341 0.215195596218109 0.213396772742271 0.211971700191498 0.210818842053413 0.209882125258446 0.209034934639931 0.208486109972 0.207995936274529 0.207817882299423 0.20764248073101 0.207380160689354 0.207126379013062 0.206902548670769 0.206782326102257 0.206854522228241 0.206963896751404 0.207113772630692 0.207143574953079 0.20709565281868 0.206974670290947
0.20712673664093 0.208060905337334 0.208938032388687 0.209798946976662 0.209553420543671 0.209213897585869 0.209394708275795 0.209563046693802 0.209667906165123 0.209820002317429 0.210086211562157 0.210017204284668 0.20948800444603 0.209569811820984 0.210151523351669 0.211664125323296 0.213617667555809 0.215061128139496 0.216382697224617 0.216262862086296 0.216076105833054 0.21635690331459 0.216450646519661 0.215761542320251 0.21482740342617 0.213376000523567 0.21201379597187 0.210760593414307 0.209820941090584 0.209109663963318 0.208512485027313 0.207962542772293 0.207637876272202 0.207357496023178 0.207431629300117 0.207501322031021 0.207399517297745 0.207273840904236 0.207064256072044 0.206940397620201 0.206975743174553 0.207081645727158 0.207264423370361 0.207353100180626 0.207380875945091 0.207316398620605
0.206180259585381 0.206752628087997 0.207316726446152 0.207878470420837 0.207880973815918 0.207825630903244 0.207754135131836 0.207669034600258 0.207514747977257 0.207393079996109 0.207350194454193 0.207372158765793 0.207483172416687 0.207858070731163 0.208448871970177 0.209577158093452 0.210960060358047 0.212122216820717 0.21323162317276 0.213204264640808 0.213081493973732 0.212706819176674 0.212263226509094 0.21153125166893 0.210720509290695 0.209743514657021 0.208935633301735 0.20833446085453 0.207914367318153 0.207626149058342 0.207307159900665 0.206975415349007 0.206807345151901 0.206671461462975 0.206967651844025 0.207256257534027 0.207314476370811 0.207324996590614 0.207167789340019 0.207067891955376 0.207074403762817 0.20716367661953 0.207343086600304 0.207461848855019 0.207541391253471 0.207529067993164
0.205198898911476 0.205544546246529 0.205905899405479 0.206271708011627 0.206357300281525 0.206407472491264 0.206275448203087 0.206135615706444 0.205956101417542 0.205809891223907 0.205744117498398 0.205826237797737 0.206111416220665 0.206488534808159 0.206940904259682 0.207668870687485 0.208527371287346 0.209267571568489 0.209979489445686 0.209983304142952 0.209911793470383 0.209452107548714 0.208970949053764 0.208400025963783 0.20784567296505 0.207326367497444 0.20694787800312 0.206741496920586 0.206607133150101 0.206525206565857 0.206356421113014 0.206151649355888 0.206089660525322 0.206055745482445 0.206504285335541 0.2069471180439 0.207159787416458 0.20730547606945 0.207215741276741 0.207160979509354 0.207171216607094 0.207253322005272 0.207413703203201 0.207530006766319 0.207617774605751 0.207620516419411
0.204200446605682 0.204385504126549 0.20459808409214 0.204818487167358 0.204906448721886 0.204974666237831 0.204875975847244 0.204778671264648 0.204688385128975 0.204639613628387 0.204691007733345 0.204818204045296 0.205049470067024 0.205286473035812 0.20552821457386 0.20584799349308 0.206204771995544 0.206454157829285 0.20667789876461 0.206682875752449 0.206656411290169 0.206390872597694 0.206116750836372 0.205806627869606 0.20557376742363 0.205503970384598 0.205493733286858 0.205556243658066 0.205593183636665 0.205611482262611 0.205530256032944 0.205407842993736 0.205427199602127 0.205474436283112 0.20604120194912 0.20660662651062 0.206971004605293 0.207251384854317 0.207236483693123 0.207237258553505 0.207267120480537 0.207346692681313 0.207480400800705 0.207578286528587 0.207652986049652 0.207652673125267
0.203467160463333 0.203552260994911 0.203671813011169 0.203801155090332 0.203882768750191 0.20395539700985 0.203917130827904 0.203878477215767 0.203837782144547 0.2038254737854 0.203881725668907 0.203981086611748 0.204139605164528 0.204291775822639 0.204438731074333 0.204600885510445 0.204770237207413 0.204855039715767 0.204919651150703 0.204914510250092 0.204896628856659 0.204763114452362 0.204630151391029 0.204499587416649 0.204440906643867 0.204533994197845 0.204661324620247 0.204830527305603 0.20494370162487 0.20501609146595 0.204980194568634 0.204899460077286 0.204947575926781 0.205021023750305 0.205619096755981 0.206224367022514 0.20671021938324 0.207107022404671 0.20719076693058 0.207270935177803 0.207344487309456 0.207432642579079 0.207536727190018 0.207595303654671 0.207624450325966 0.207598924636841
