Ecospace-environmental-drivers/Outputs/ASCII-for-ecospace/MOM6-ISIMIP3a/o2-surf/1988-03_o2-surf_MOM6-ISIMIP3a.asc
NCOLS 131 
NROWS 53 
XLLCORNER -98 
YLLCORNER 23.9265270233154 
CELLSIZE 0.133587792515755 
NODATA_value -9999 
[rows 0 to 20 of 53, columns 46 to 91 of 131]
-9999 -9999 -9999 -9999 -9999 -9999 -9999 -9999 -9999 -9999 -9999 -9999 -9999 -9999 -9999 -9999 -9999 -9999 -9999 -9999 -9999 -9999 -9999 -9999 -9999 -9999 -9999 -9999 -9999 -9999 -9999 -9999 -9999 -9999 -9999 -9999 -9999 -9999 -9999 -9999 -9999 -9999 -9999 -9999 -9999 -9999
-9999 -9999 -9999 -9999 -9999 -9999 -9999 -9999 -9999 -9999 -9999 -9999 -9999 -9999 -9999 -9999 -9999 -9999 -9999 -9999 -9999 -9999 -9999 -9999 -9999 -9999 -9999 -9999 -9999 -9999 -9999 -9999 -9999 -9999 -9999 -9999 -9999 -9999 -9999 -9999 -9999 -9999 -9999 -9999 -9999 -9999
-9999 -9999 -9999 -9999 -9999 -9999 -9999 -9999 -9999 -9999 -9999 -9999 -9999 -9999 -9999 -9999 -9999 -9999 -9999 -9999 -9999 -9999 -9999 -9999 -9999 -9999 -9999 -9999 0.256411254405975 0.257576495409012 -9999 -9999 -9999 -9999 -9999 -9999 -9999 -9999 -9999 -9999 -9999 -9999 -9999 -9999 -9999 -9999
-9999 -9999 -9999 -9999 -9999 -9999 -9999 -9999 -9999 -9999 -9999 -9999 -9999 -9999 -9999 -9999 -9999 -9999 -9999 -9999 -9999 -9999 -9999 -9999 -9999 -9999 -9999 -9999 0.256138652563095 0.257558137178421 -9999 -9999 -9999 -9999 -9999 -9999 -9999 -9999 -9999 -9999 -9999 -9999 -9999 -9999 -9999 -9999
-9999 -9999 -9999 -9999 -9999 -9999 -9999 -9999 -9999 -9999 -9999 -9999 -9999 -9999 -9999 -9999 -9999 -9999 -9999 0.263363510370255 0.263154298067093 0.262986928224564 0.262010633945465 0.261025458574295 0.259036421775818 0.257180839776993 0.255664438009262 0.255118489265442 0.255828112363815 0.257469326257706 0.259376972913742 -9999 -9999 0.258566349744797 0.256646990776062 0.254584044218063 0.25279027223587 0.251774430274963 0.251346528530121 0.25123342871666 0.251059055328369 0.251039445400238 0.251421242952347 -9999 -9999 -9999
-9999 -9999 -9999 -9999 -9999 -9999 -9999 -9999 -9999 -9999 -9999 -9999 -9999 -9999 -9999 0.221838638186455 -9999 0.223829701542854 0.225558221340179 0.244329690933228 0.263363510370255 0.263112455606461 0.262986928224564 0.261034339666367 0.259055137634277 0.25701978802681 0.255467593669891 0.254505932331085 0.255381941795349 0.257596433162689 0.259429633617401 0.261104881763458 0.260220855474472 0.258833706378937 0.256644487380981 0.25446280837059 0.252644866704941 0.251263171434402 0.251415282487869 0.251361101865768 0.250923901796341 0.250892162322998 0.251302242279053 0.25206932425499 0.253067404031754 -9999
-9999 -9999 -9999 -9999 -9999 -9999 -9999 -9999 -9999 -9999 -9999 0.21981905400753 0.219589591026306 0.219415828585625 0.21892574429512 0.220172375440598 0.221681579947472 0.221995696425438 0.223935171961784 0.225558221340179 0.24406735599041 0.263363510370255 0.262986928224564 0.261034339666367 0.259055137634277 0.25701978802681 0.255467593669891 0.254505932331085 0.255381941795349 0.257596433162689 0.259429633617401 0.261104881763458 0.260220855474472 0.258833706378937 0.256644487380981 0.25446280837059 0.252644866704941 0.251263171434402 0.251415282487869 0.251361101865768 0.250923901796341 0.250892162322998 0.251302242279053 0.25206932425499 0.253067404031754 0.253331184387207
-9999 -9999 -9999 -9999 -9999 -9999 -9999 -9999 -9999 -9999 -9999 0.221049293875694 0.21981905400753 0.219360142946243 -9999 0.218348801136017 0.219767481088638 0.221367448568344 0.221995696425438 0.224251583218575 0.225558221340179 0.243280351161957 0.257518947124481 0.257178574800491 0.256484508514404 0.255043745040894 0.253809601068497 0.252828001976013 0.253516763448715 0.255422204732895 0.257438600063324 0.259500980377197 0.259126484394073 0.25827294588089 0.255981981754303 0.253643542528152 0.251361072063446 0.24963191151619 0.249848231673241 0.249863758683205 0.249506384134293 0.249482363462448 0.249821543693542 0.250590354204178 0.251637101173401 0.251847743988037
-9999 -9999 -9999 -9999 -9999 -9999 -9999 -9999 -9999 -9999 -9999 -9999 -9999 -9999 -9999 0.218484625220299 0.217660546302795 0.219329088926315 0.220739215612411 0.221995696425438 0.225200846791267 0.239597171545029 0.251491516828537 0.252914875745773 0.253626465797424 0.252835541963577 0.251949995756149 0.250948816537857 0.251422762870789 0.252971142530441 0.255165785551071 0.257628053426743 0.257813185453415 0.257550656795502 0.255164325237274 0.252670496702194 0.249894976615906 0.247795268893242 0.248071730136871 0.248163118958473 0.247910842299461 0.247912153601646 0.248189777135849 0.248963579535484 0.250058442354202 0.250875890254974
0.258238226175308 0.258513867855072 -9999 -9999 -9999 -9999 -9999 -9999 -9999 -9999 -9999 0.241038784384727 0.222310304641724 -9999 -9999 -9999 0.217651441693306 0.217346802353859 0.218912318348885 0.219482719898224 0.220191314816475 0.234842926263809 0.247102081775665 0.249348625540733 0.250708967447281 0.250198483467102 0.249498575925827 0.248567149043083 0.248595282435417 0.249322354793549 0.250832676887512 0.252667337656021 0.253189891576767 0.253454506397247 0.251573204994202 0.249564006924629 0.247081533074379 0.245138689875603 0.245093286037445 0.245207220315933 0.245617091655731 0.246214091777802 0.247014984488487 0.247899457812309 0.248838037252426 0.249357253313065
0.25806599855423 0.258961737155914 0.25902783870697 -9999 -9999 -9999 -9999 -9999 -9999 -9999 -9999 0.250088214874268 0.238380834460258 0.222310304641724 -9999 -9999 0.216147735714912 0.216987520456314 0.218905165791512 0.217190474271774 0.216282576322556 0.230749607086182 0.243004247546196 0.245999813079834 0.24795837700367 0.247727736830711 0.247230142354965 0.24640628695488 0.246057659387589 0.24605518579483 0.246915638446808 0.248133465647697 0.248822584748268 0.249407783150673 0.247978180646896 0.246415242552757 0.244278848171234 0.242550328373909 0.242255941033363 0.242412328720093 0.243405848741531 0.244536861777306 0.245817646384239 0.246823817491531 0.247652307152748 0.247827649116516
0.25806599855423 0.258961737155914 0.259160071611404 0.259061396121979 0.259771227836609 -9999 -9999 -9999 -9999 -9999 -9999 -9999 0.246154814958572 0.234402418136597 0.222310304641724 0.21981905400753 0.216147735714912 0.216987520456314 0.218905165791512 0.218270048499107 0.218278184533119 0.230201408267021 0.240470558404922 0.243817254900932 0.246103003621101 0.246148988604546 0.245943263173103 0.245429858565331 0.245074719190598 0.244834870100021 0.245230451226234 0.24588917195797 0.245828405022621 0.245626196265221 0.244362011551857 0.243039697408676 0.241533890366554 0.240327775478363 0.24017545580864 0.240481093525887 0.241637155413628 0.242971286177635 0.244499385356903 0.245686292648315 0.24665242433548 0.246239274740219
0.257703334093094 0.258525818586349 0.258682698011398 0.258650273084641 0.259752541780472 -9999 -9999 -9999 -9999 0.256352722644806 0.253411620855331 0.250597655773163 0.247958183288574 0.23990860581398 0.22743259370327 0.220925241708755 0.217245116829872 0.217741504311562 0.219235777854919 0.219191327691078 0.219688907265663 0.229614421725273 0.238306298851967 0.241835325956345 0.244362115859985 0.244773134589195 0.244837820529938 0.244479224085808 0.243931964039803 0.243247285485268 0.24315781891346 0.243314862251282 0.242872044444084 0.24231131374836 0.241229310631752 0.240145921707153 0.239237457513809 0.238546803593636 0.238621979951859 0.239101946353912 0.240333661437035 0.241773530840874 0.243440195918083 0.244735226035118 0.245789811015129 0.245025768876076
0.256433993577957 0.257000088691711 0.257758557796478 0.258571743965149 0.259752541780472 0.260910838842392 0.260446012020111 0.259807914495468 0.258288472890854 0.256352722644806 0.253411620855331 0.250597655773163 0.247958183288574 0.241052642464638 0.230656698346138 0.224796995520592 0.221086025238037 0.220380440354347 0.220392942428589 0.21971683204174 0.219637364149094 0.228930458426476 0.237065657973289 0.240354970097542 0.242907479405403 0.243904516100883 0.244186043739319 0.243593096733093 0.242389649152756 0.240741521120071 0.240116611123085 0.239915460348129 0.240010246634483 0.240163192152977 0.239305317401886 0.238456547260284 0.238062381744385 0.237869799137115 0.238386005163193 0.239103078842163 0.240193173289299 0.241495370864868 0.24302864074707 0.244250312447548 0.245270371437073 0.244749426841736
0.255118638277054 0.255331099033356 0.256196111440659 0.257246732711792 0.258271396160126 0.259241282939911 0.258804768323898 0.258194357156754 0.256699323654175 0.254868984222412 0.252229064702988 0.2497888058424 0.247622594237328 0.242382183670998 0.234626546502113 0.229974374175072 0.226792246103287 0.225409716367722 0.224457189440727 0.223552092909813 0.223166137933731 0.230289027094841 0.236583486199379 0.239410847425461 0.241756945848465 0.24308705329895 0.243474662303925 0.24271035194397 0.241174161434174 0.239075750112534 0.23815755546093 0.237728133797646 0.238013535737991 0.238439455628395 0.237869739532471 0.237332731485367 0.237475544214249 0.23778261244297 0.238667249679565 0.239532738924026 0.24036268889904 0.241406664252281 0.242683798074722 0.243768617510796 0.2447290122509 0.244441270828247
0.253738254308701 0.253459483385086 0.253731161355972 0.254159361124039 0.254696160554886 0.25521132349968 0.254843175411224 0.25429955124855 0.252863347530365 0.251287519931793 0.249374628067017 0.247836396098137 0.246812522411346 0.24397400021553 0.239650771021843 0.236997663974762 0.235135659575462 0.233818516135216 0.232631534337997 0.232066705822945 0.231756821274757 0.234535396099091 0.237173691391945 0.2392248660326 0.241036385297775 0.242341950535774 0.242679014801979 0.241832375526428 0.240420743823051 0.238597586750984 0.237728461623192 0.237254440784454 0.23723991215229 0.237315714359283 0.237124666571617 0.23700849711895 0.237720370292664 0.238529354333878 0.239679753780365 0.240568280220032 0.240970492362976 0.241585791110992 0.242433235049248 0.243291452527046 0.244156658649445 0.244088128209114
0.252588421106339 0.251990348100662 0.251806020736694 0.251739382743835 0.251851260662079 0.251963764429092 0.251600235700607 0.251095145940781 0.249870032072067 0.24861653149128 0.247294440865517 0.24638956785202 0.246057450771332 0.244773551821709 0.242710933089256 0.24117286503315 0.239883273839951 0.238880813121796 0.237946972250938 0.23769249022007 0.237529069185257 0.238011598587036 0.238619357347488 0.239751219749451 0.240824580192566 0.241774439811707 0.241914004087448 0.241063252091408 0.239896610379219 0.238499894738197 0.237731277942657 0.237222775816917 0.237067341804504 0.236981317400932 0.236961409449577 0.237037509679794 0.238027393817902 0.239050224423409 0.240188956260681 0.240979373455048 0.24112294614315 0.241451233625412 0.241980776190758 0.242575705051422 0.243212953209877 0.243171766400337
0.251632779836655 0.250860154628754 0.250335514545441 0.249881386756897 0.249621376395226 0.249375090003014 0.248962476849556 0.248472139239311 0.247586369514465 0.246712252497673 0.245866268873215 0.245368465781212 0.245348691940308 0.244905933737755 0.244117110967636 0.242949619889259 0.241602763533592 0.241124987602234 0.240854874253273 0.24088554084301 0.240927889943123 0.240839213132858 0.240785390138626 0.240877419710159 0.241041213274002 0.24135647714138 0.241174802184105 0.240385785698891 0.239565566182137 0.238722607493401 0.238097801804543 0.237563356757164 0.237400934100151 0.237311646342278 0.237288132309914 0.237363994121552 0.238386765122414 0.239380896091461 0.240274339914322 0.240864634513855 0.240891933441162 0.241052508354187 0.241358309984207 0.241659045219421 0.241956532001495 0.24178110063076
0.249672010540962 0.248771697282791 0.248116970062256 0.247532084584236 0.247177466750145 0.246834561228752 0.246171295642853 0.245476022362709 0.244617953896523 0.243875503540039 0.243412226438522 0.243253692984581 0.243513554334641 0.243777468800545 0.244044721126556 0.243285238742828 0.242039427161217 0.241934955120087 0.242103204131126 0.242272540926933 0.242413222789764 0.242135643959045 0.241805329918861 0.241254284977913 0.240881636738777 0.240885570645332 0.240610003471375 0.239992782473564 0.239440873265266 0.238936513662338 0.238497659564018 0.238085925579071 0.237878367304802 0.237710952758789 0.237601965665817 0.237580835819244 0.238397002220154 0.239175528287888 0.239821702241898 0.240265712141991 0.240334331989288 0.240439534187317 0.240584567189217 0.240698486566544 0.240792289376259 0.24046066403389
0.247219383716583 0.246214345097542 0.245532393455505 0.244942337274551 0.244628801941872 0.244317606091499 0.243305012583733 0.242297306656837 0.241314440965652 0.240582436323166 0.240456148982048 0.24060370028019 0.241127178072929 0.24203197658062 0.243248760700226 0.242915615439415 0.241848304867744 0.242043077945709 0.242539405822754 0.242775723338127 0.242962166666985 0.242682754993439 0.242264375090599 0.241264417767525 0.240537941455841 0.240388765931129 0.24013052880764 0.239739000797272 0.239417180418968 0.239146128296852 0.23891381919384 0.238697573542595 0.238426208496094 0.238144025206566 0.237909480929375 0.237744033336639 0.238236397504807 0.238707840442657 0.239105746150017 0.239429861307144 0.239616930484772 0.239721700549126 0.239736810326576 0.239716455340385 0.239673152565956 0.239174589514732
0.242111191153526 0.24124301970005 0.24071192741394 0.240276709198952 0.240032821893692 0.2397740483284 0.238584890961647 0.237415984272957 0.236350148916245 0.235642597079277 0.235800161957741 0.236334711313248 0.237386852502823 0.238869816064835 0.240705251693726 0.240900948643684 0.240319907665253 0.240871593356133 0.241693899035454 0.24194809794426 0.242154270410538 0.242229655385017 0.242061734199524 0.240875571966171 0.240021705627441 0.239869356155396 0.239715963602066 0.239561289548874 0.239413574337959 0.239270940423012 0.239093601703644 0.238901898264885 0.238504692912102 0.238067105412483 0.237828254699707 0.237654909491539 0.238049611449242 0.238394409418106 0.238563790917397 0.23867379128933 0.238673478364944 0.238585814833641 0.238402992486954 0.23830509185791 0.238262116909027 0.237876936793327
