Ecospace-environmental-drivers/Outputs/ASCII-for-ecospace/MOM6-ISIMIP3a/o2-surf/1988-10_o2-surf_MOM6-ISIMIP3a.asc
NCOLS 131 
NROWS 53 
XLLCORNER -98 
YLLCORNER 23.9265270233154 
CELLSIZE 0.133587792515755 
NODATA_value -9999 
[rows 21 to 41 of 53, columns 0 to 45 of 131]
-9999 -9999 -9999 -9999 -9999 -9999 0.207178771495819 0.207062155008316 0.206778064370155 0.206359192728996 0.206644833087921 0.20719487965107 0.207091331481934 0.20678286254406 0.206702172756195 0.206884279847145 0.207108095288277 0.207360550761223 0.207678884267807 0.208022654056549 0.208446845412254 0.208885237574577 0.208921492099762 0.208917140960693 0.208647936582565 0.208388492465019 0.208160772919655 0.208058074116707 0.20817357301712 0.208098128437996 0.207826212048531 0.207601279020309 0.207404986023903 0.207519769668579 0.207738235592842 0.208044245839119 0.2083630412817 0.208778843283653 0.20919942855835 0.20965039730072 0.210125282406807 0.210666686296463 0.211189568042755 0.211683809757233 0.211966648697853 0.21205547451973
-9999 -9999 -9999 -9999 -9999 -9999 0.207194060087204 0.207178771495819 0.206945553421974 0.206628739833832 0.206359192728996 0.206380411982536 0.206452637910843 0.206625789403915 0.206781253218651 0.206916272640228 0.207119077444077 0.207368433475494 0.207703366875648 0.208071365952492 0.208371534943581 0.208659708499908 0.208689838647842 0.208689734339714 0.208484798669815 0.208269774913788 0.208022117614746 0.207864806056023 0.207865163683891 0.207813590764999 0.207708582282066 0.207589030265808 0.20746061205864 0.207530736923218 0.207667052745819 0.207926675677299 0.208203509449959 0.208501040935516 0.208796694874763 0.209080457687378 0.209378063678741 0.20971417427063 0.210055932402611 0.210406467318535 0.210586369037628 0.210609659552574
-9999 -9999 -9999 -9999 0.20686961710453 0.20709440112114 0.207215413451195 0.207187980413437 0.207178771495819 0.206712335348129 0.206264644861221 0.205888673663139 0.205876633524895 0.206584677100182 0.206986144185066 0.207033857703209 0.207180485129356 0.207395046949387 0.207718327641487 0.208083599805832 0.208253905177116 0.208389803767204 0.208414509892464 0.20842057466507 0.208291709423065 0.208134442567825 0.207885071635246 0.207686766982079 0.207577556371689 0.207549646496773 0.207605361938477 0.207584500312805 0.207516968250275 0.207537576556206 0.207587569952011 0.207791566848755 0.208016574382782 0.208201512694359 0.208379551768303 0.208513647317886 0.20865336060524 0.208808690309525 0.208990171551704 0.209212079644203 0.209295243024826 0.209251075983047
-9999 -9999 -9999 -9999 0.206362426280975 0.206806257367134 0.206973373889923 0.207215413451195 0.207169741392136 0.20658852159977 0.206184238195419 0.206457212567329 0.206809356808662 0.207318171858788 0.207549214363098 0.207459717988968 0.207461908459663 0.207527056336403 0.207690477371216 0.207891866564751 0.207999780774117 0.208091214299202 0.208130851387978 0.208155006170273 0.208059549331665 0.207937151193619 0.207727342844009 0.207551404833794 0.207434564828873 0.207375198602676 0.207374945282936 0.207345113158226 0.207297265529633 0.207243457436562 0.207187667489052 0.207296162843704 0.207427904009819 0.207635641098022 0.207833960652351 0.207972377538681 0.208109498023987 0.208242982625961 0.208402261137962 0.208601400256157 0.208661019802094 0.208592563867569
-9999 -9999 -9999 -9999 -9999 0.206362426280975 0.206673830747604 0.206731334328651 0.207046940922737 0.206509828567505 0.206254824995995 0.207079574465752 0.207722157239914 0.208004280924797 0.208043217658997 0.207801520824432 0.207657366991043 0.207580223679543 0.207603096961975 0.207664623856544 0.207719594240189 0.207773417234421 0.207827538251877 0.207870051264763 0.207815825939178 0.207736015319824 0.207573235034943 0.207427129149437 0.20731009542942 0.207226693630219 0.207177862524986 0.2071353495121 0.207096695899963 0.206979542970657 0.206836238503456 0.206853911280632 0.206895008683205 0.207100093364716 0.207294926047325 0.207424536347389 0.207549959421158 0.207663670182228 0.207806617021561 0.207994744181633 0.208046048879623 0.207971781492233
-9999 -9999 -9999 -9999 -9999 0.206137865781784 0.206362426280975 0.206386178731918 0.206425219774246 0.206629008054733 0.206987470388412 0.207937926054001 0.20854751765728 0.208482623100281 0.208234429359436 0.207774743437767 0.207475990056992 0.20728774368763 0.207254737615585 0.207281678915024 0.207325100898743 0.207371413707733 0.207437977194786 0.207500085234642 0.207521334290504 0.207518011331558 0.207435041666031 0.207351475954056 0.20726689696312 0.207191959023476 0.207126975059509 0.207055479288101 0.206980034708977 0.206848114728928 0.206697359681129 0.206644788384438 0.206606715917587 0.206697538495064 0.206784605979919 0.20684789121151 0.20692166686058 0.207024678587914 0.207177057862282 0.207405686378479 0.207515567541122 0.207516461610794
-9999 -9999 0.205617427825928 0.205685138702393 0.205764293670654 0.205913051962852 0.206138134002686 0.206015333533287 0.2059535831213 0.206822514533997 0.207700714468956 0.208614349365234 0.209093794226646 0.208714082837105 0.208232030272484 0.207631915807724 0.20722071826458 0.206939250230789 0.206862285733223 0.206864282488823 0.206909999251366 0.206963434815407 0.207045555114746 0.207127571105957 0.207203611731529 0.207258686423302 0.207245826721191 0.207219481468201 0.207169637084007 0.207105442881584 0.207026481628418 0.206921890377998 0.206801697611809 0.206652671098709 0.206494033336639 0.206389889121056 0.206294015049934 0.206298992037773 0.206305384635925 0.206320732831955 0.206353440880775 0.206434428691864 0.206575855612755 0.206810683012009 0.206955134868622 0.207016676664352
-9999.000000000000000 -9999 -9999 -9999 0.205378085374832 0.205615520477295 0.205478399991989 0.205588445067406 0.205809384584427 0.207178220152855 0.208371669054031 0.208893850445747 0.209031164646149 0.208406895399094 0.207807198166847 0.207235872745514 0.206804215908051 0.206468507647514 0.206373602151871 0.206371679902077 0.206449970602989 0.206542402505875 0.206646844744682 0.206749528646469 0.206835180521011 0.206909164786339 0.206945300102234 0.206964582204819 0.206954434514046 0.206905871629715 0.206817761063576 0.206671103835106 0.206488788127899 0.206317573785782 0.206150054931641 0.206035107374191 0.205928072333336 0.205909222364426 0.205893978476524 0.205901622772217 0.205916285514832 0.205950498580933 0.206036552786827 0.2062027156353 0.206329390406609 0.206419810652733
-9999 -9999 -9999 -9999 0.204842999577522 0.204605683684349 0.204784423112869 0.205160140991211 0.205651327967644 0.207375004887581 0.208780825138092 0.208969980478287 0.208837822079659 0.208069875836372 0.207394540309906 0.206826016306877 0.206377848982811 0.206012308597565 0.205902010202408 0.205890238285065 0.205989599227905 0.206108570098877 0.206240966916084 0.206370487809181 0.206473469734192 0.206568777561188 0.206639230251312 0.206684812903404 0.206686973571777 0.206639617681503 0.206541314721107 0.206375166773796 0.206167683005333 0.205989167094231 0.205820307135582 0.20570096373558 0.205589056015015 0.205560341477394 0.205536529421806 0.205543890595436 0.205550849437714 0.205556690692902 0.205602824687958 0.205711185932159 0.205812588334084 0.205907583236694
-9999 -9999 -9999 -9999 0.204456746578217 0.204307809472084 0.204123914241791 0.204730048775673 0.205475866794586 0.207371890544891 0.208860576152802 0.208790212869644 0.208480030298233 0.207695350050926 0.20699717104435 0.206398829817772 0.205939039587975 0.2055743932724 0.205451875925064 0.205422848463058 0.205528810620308 0.205658614635468 0.205826058983803 0.205990225076675 0.206120207905769 0.206239879131317 0.206326171755791 0.206373751163483 0.206353753805161 0.206289485096931 0.206179663538933 0.206022411584854 0.205836251378059 0.205669194459915 0.20550848543644 0.205392763018608 0.205283895134926 0.205262884497643 0.205246955156326 0.205263406038284 0.205275684595108 0.205276295542717 0.205301910638809 0.205366149544716 0.205432862043381 0.205501854419708
-9999 -9999 -9999 -9999 0.204307809472084 0.204085201025009 0.203823864459991 0.204498961567879 0.205315917730331 0.207379877567291 0.208976179361343 0.208782479166985 0.208361819386482 0.20749206840992 0.206726208329201 0.206080257892609 0.205604717135429 0.205246224999428 0.205128371715546 0.205103442072868 0.205204591155052 0.205328017473221 0.205501526594162 0.20567212998867 0.205809265375137 0.205931663513184 0.206006303429604 0.206037476658821 0.205992817878723 0.205915868282318 0.205805703997612 0.205661669373512 0.205497041344643 0.205355420708656 0.205221489071846 0.205133244395256 0.20505191385746 0.2050551623106 0.205061584711075 0.205088272690773 0.205106019973755 0.205098912119865 0.205102011561394 0.205120906233788 0.205150529742241 0.20518995821476
-9999 -9999 -9999 -9999 0.204072296619415 0.203823864459991 0.204455867409706 0.204417109489441 0.20516762137413 0.20739620923996 0.209118649363518 0.208903774619102 0.208423286676407 0.207417219877243 0.206550046801567 0.205843150615692 0.205348774790764 0.205000370740891 0.204899832606316 0.204895034432411 0.204982802271843 0.205086916685104 0.205244794487953 0.205400660634041 0.205530077219009 0.205638960003853 0.205681294202805 0.205682277679443 0.20561109483242 0.205524638295174 0.20542249083519 0.205294966697693 0.205151990056038 0.205046325922012 0.204953104257584 0.204910203814507 0.20487479865551 0.204914733767509 0.204954370856285 0.204992145299911 0.205015510320663 0.204998791217804 0.204977884888649 0.204950526356697 0.204941213130951 0.20494844019413
-9999 -9999 -9999 -9999 0.203823864459991 0.204589128494263 0.204890310764313 0.205083549022675 0.205235853791237 0.207426697015762 0.209110900759697 0.208855867385864 0.208335250616074 0.20728911459446 0.206396594643593 0.205681279301643 0.205195099115372 0.204866260290146 0.204771548509598 0.204767227172852 0.204840898513794 0.204928353428841 0.205058678984642 0.205186948180199 0.205290153622627 0.205371841788292 0.205383732914925 0.205360606312752 0.205276384949684 0.205184325575829 0.205084219574928 0.204981222748756 0.204876467585564 0.204822108149529 0.204784527420998 0.204784989356995 0.204791039228439 0.204843237996101 0.204891577363014 0.204915300011635 0.204922020435333 0.204881370067596 0.204834192991257 0.204776927828789 0.204734846949577 0.204706713557243
-9999 -9999 -9999 -9999 -9999 0.205115109682083 0.205186486244202 0.205170258879662 0.20539690554142 0.207463279366493 0.209038779139519 0.208735436201096 0.208183124661446 0.207138195633888 0.206252858042717 0.205551669001579 0.205085247755051 0.204780057072639 0.204686209559441 0.204673960804939 0.204733237624168 0.204805135726929 0.204902827739716 0.204997971653938 0.205067068338394 0.205115675926208 0.205097913742065 0.205053299665451 0.204961821436882 0.204865843057632 0.204765200614929 0.204690188169479 0.204630762338638 0.204634264111519 0.204658716917038 0.204701691865921 0.204747289419174 0.204801291227341 0.204847812652588 0.204846724867821 0.20482724905014 0.204756543040276 0.204682111740112 0.204601943492889 0.204529747366905 0.204464882612228
-9999 -9999 -9999 -9999 -9999 0.205246105790138 0.205268546938896 0.205305650830269 0.205445870757103 0.207262367010117 0.208652168512344 0.208408683538437 0.207931742072105 0.20699280500412 0.206180766224861 0.205515131354332 0.205061540007591 0.204753577709198 0.204639554023743 0.204600423574448 0.204635843634605 0.204684436321259 0.204755544662476 0.204823851585388 0.20486456155777 0.204887375235558 0.20485220849514 0.20479691028595 0.204706519842148 0.204621866345406 0.204543128609657 0.204508006572723 0.204499423503876 0.204535290598869 0.20458596944809 0.204627141356468 0.204666882753372 0.204691410064697 0.204706966876984 0.204665347933769 0.204611644148827 0.204524353146553 0.204434141516685 0.204339444637299 0.204247638583183 0.204158499836922
-9999 -9999 -9999 -9999 -9999 0.205212578177452 0.205283269286156 0.205329731106758 0.205471649765968 0.207012340426445 0.208200484514236 0.20803926885128 0.207659810781479 0.206848561763763 0.206123486161232 0.205497875809669 0.205055668950081 0.204739436507225 0.204600885510445 0.204530954360962 0.204540580511093 0.204564243555069 0.204610049724579 0.204652816057205 0.204666316509247 0.204664841294289 0.204614788293839 0.204551070928574 0.204463467001915 0.204393312335014 0.204341113567352 0.204348340630531 0.20439176261425 0.204454720020294 0.204524204134941 0.204554378986359 0.204578876495361 0.204567477107048 0.20454603433609 0.204460620880127 0.204371050000191 0.204269960522652 0.20416633784771 0.204058825969696 0.203949585556984 0.203838765621185
-9999 -9999 -9999 -9999 -9999 -9999 0.205085948109627 0.205214411020279 0.205319687724113 0.206679105758667 0.207748785614967 0.207709461450577 0.207441329956055 0.206720501184464 0.206074252724648 0.205514088273048 0.205097824335098 0.204780384898186 0.204618155956268 0.204515874385834 0.204496055841446 0.204490780830383 0.204516410827637 0.204538568854332 0.204526171088219 0.204503268003464 0.204446256160736 0.204380095005035 0.204297974705696 0.204243078827858 0.204216167330742 0.204238951206207 0.204292014241219 0.204352498054504 0.204415455460548 0.204432770609856 0.20444343984127 0.204406499862671 0.204359352588654 0.204247057437897 0.204134121537209 0.2040194272995 0.203902944922447 0.203783690929413 0.203671783208847 0.203566581010818
-9999 -9999 -9999 -9999 -9999 -9999 0.204757884144783 0.204713687300682 0.205113798379898 0.206343159079552 0.207330033183098 0.20738872885704 0.207216545939445 0.206587538123131 0.206023395061493 0.205534085631371 0.205146998167038 0.204830080270767 0.204644918441772 0.204510599374771 0.204460799694061 0.204425901174545 0.204430788755417 0.204431906342506 0.204394206404686 0.20435032248497 0.20428641140461 0.204218059778214 0.204141944646835 0.204101324081421 0.20409719645977 0.204131945967674 0.204190373420715 0.204246699810028 0.204302325844765 0.204307734966278 0.204305768013 0.204245716333389 0.204175308346748 0.20403890311718 0.203905150294304 0.203778833150864 0.203651905059814 0.203524082899094 0.203412026166916 0.20331446826458
-9999 -9999 -9999 -9999 -9999 -9999 0.204472541809082 0.204345539212227 0.204417705535889 0.206018000841141 0.207262620329857 0.207145914435387 0.206899076700211 0.20639468729496 0.205951318144798 0.205578342080116 0.205248028039932 0.204947009682655 0.204746186733246 0.204584047198296 0.204500213265419 0.204430192708969 0.204405918717384 0.204379007220268 0.204321756958961 0.204260528087616 0.204186424612999 0.204115405678749 0.20404976606369 0.204012751579285 0.204005226492882 0.204026266932487 0.204064682126045 0.204113155603409 0.20416496694088 0.204169511795044 0.204167068004608 0.204104602336884 0.204031735658646 0.203892558813095 0.203759282827377 0.203642338514328 0.203530699014664 0.203427255153656 0.203335225582123 0.203253671526909
-9999 -9999 -9999 -9999 -9999 0.205066964030266 0.204502135515213 0.204358413815498 0.203820317983627 0.2057184278965 0.207171007990837 0.206918284296989 0.206617668271065 0.206222340464592 0.205883949995041 0.205611288547516 0.205336198210716 0.205059424042702 0.204848110675812 0.204662069678307 0.204548209905624 0.204447090625763 0.204393208026886 0.204337656497955 0.204259648919106 0.204180270433426 0.204096451401711 0.204022839665413 0.203967079520226 0.203933611512184 0.203923121094704 0.203932538628578 0.203954085707664 0.203993961215019 0.204039946198463 0.204043924808502 0.204041630029678 0.203975960612297 0.203900247812271 0.203760638833046 0.203629866242409 0.203523725271225 0.203428328037262 0.203349500894547 0.203278779983521 0.203215479850769
-9999 -9999 -9999 -9999 0.205281183123589 0.205042541027069 0.205066964030266 0.204237654805183 0.203584760427475 0.20551273226738 0.206990703940392 0.206746235489845 0.206468567252159 0.206125169992447 0.205833896994591 0.205602765083313 0.205377131700516 0.205155283212662 0.204952374100685 0.204756796360016 0.204627603292465 0.204510122537613 0.204425051808357 0.204338684678078 0.204235523939133 0.204135030508041 0.204043179750443 0.203967288136482 0.203919231891632 0.203889012336731 0.203877151012421 0.203882679343224 0.203898817300797 0.203927397727966 0.203960120677948 0.203964695334435 0.203964859247208 0.203893035650253 0.203813090920448 0.203681498765945 0.20356085896492 0.203470721840858 0.203395053744316 0.203341707587242 0.203296959400177 0.203260108828545
