Ecospace-environmental-drivers/Outputs/ASCII-for-ecospace/MOM6-ISIMIP3a/o2-surf/1990-09_o2-surf_MOM6-ISIMIP3a.asc
NCOLS 131 
NROWS 53 
XLLCORNER -98 
YLLCORNER 23.9265270233154 
CELLSIZE 0.133587792515755 
NODATA_value -9999 
[rows 0 to 20 of 53, columns 46 to 91 of 131]
-9999 -9999 -9999 -9999 -9999 -9999 -9999 -9999 -9999 -9999 -9999 -9999 -9999 -9999 -9999 -9999 -9999 -9999 -9999 -9999 -9999 -9999 -9999 -9999 -9999 -9999 -9999 -9999 -9999 -9999 -9999 -9999 -9999 -9999 -9999 -9999 -9999 -9999 -9999 -9999 -9999 -9999 -9999 -9999 -9999 -9999
-9999 -9999 -9999 -9999 -9999 -9999 -9999 -9999 -9999 -9999 -9999 -9999 -9999 -9999 -9999 -9999 -9999 -9999 -9999 -9999 -9999 -9999 -9999 -9999 -9999 -9999 -9999 -9999 -9999 -9999 -9999 -9999 -9999 -9999 -9999 -9999 -9999 -9999 -9999 -9999 -9999 -9999 -9999 -9999 -9999 -9999
-9999 -9999 -9999 -9999 -9999 -9999 -9999 -9999 -9999 -9999 -9999 -9999 -9999 -9999 -9999 -9999 -9999 -9999 -9999 -9999 -9999 -9999 -9999 -9999 -9999 -9999 -9999 -9999 0.206329703330994 0.204139605164528 -9999 -9999 -9999 -9999 -9999 -9999 -9999 -9999 -9999 -9999 -9999 -9999 -9999 -9999 -9999 -9999
-9999 -9999 -9999 -9999 -9999 -9999 -9999 -9999 -9999 -9999 -9999 -9999 -9999 -9999 -9999 -9999 -9999 -9999 -9999 -9999 -9999 -9999 -9999 -9999 -9999 -9999 -9999 -9999 0.20617051422596 0.203863501548767 -9999 -9999 -9999 -9999 -9999 -9999 -9999 -9999 -9999 -9999 -9999 -9999 -9999 -9999 -9999 -9999
-9999 -9999 -9999 -9999 -9999 -9999 -9999 -9999 -9999 -9999 -9999 -9999 -9999 -9999 -9999 -9999 -9999 -9999 -9999 0.207112058997154 0.207719698548317 0.208205819129944 0.211041450500488 0.213050454854965 0.215323343873024 0.214793905615807 0.212006911635399 0.208924174308777 0.205934166908264 0.203653231263161 0.202003136277199 -9999 -9999 0.203179076313972 0.20444755256176 0.204535901546478 0.203535541892052 0.201885968446732 0.200735822319984 0.200132101774216 0.199708044528961 0.199347600340843 0.198868751525879 -9999 -9999 -9999
-9999 -9999 -9999 -9999 -9999 -9999 -9999 -9999 -9999 -9999 -9999 -9999 -9999 -9999 -9999 0.190040022134781 -9999 0.192487925291061 0.19454500079155 0.201061949133873 0.207112058997154 0.207841232419014 0.208205819129944 0.213877081871033 0.217068448662758 0.215024515986443 0.21228876709938 0.208707436919212 0.205776304006577 0.203318759799004 0.201864615082741 0.200826019048691 0.201803237199783 0.203176692128181 0.204557284712791 0.205608695745468 0.203441739082336 0.201556175947189 0.20066000521183 0.199991285800934 0.199744999408722 0.199387863278389 0.19890995323658 0.198308452963829 0.197626978158951 -9999
-9999 -9999 -9999 -9999 -9999 -9999 -9999 -9999 -9999 -9999 -9999 0.1687201410532 0.168677896261215 0.168717548251152 0.169002667069435 0.179730072617531 0.189798623323441 0.190281435847282 0.192637339234352 0.19454500079155 0.201528787612915 0.207112058997154 0.208205819129944 0.213877081871033 0.217068448662758 0.215024515986443 0.21228876709938 0.208707436919212 0.205776304006577 0.203318759799004 0.201864615082741 0.200826019048691 0.201803237199783 0.203176692128181 0.204557284712791 0.205608695745468 0.203441739082336 0.201556175947189 0.20066000521183 0.199991285800934 0.199744999408722 0.199387863278389 0.19890995323658 0.198308452963829 0.197626978158951 0.197446882724762
-9999 -9999 -9999 -9999 -9999 -9999 -9999 -9999 -9999 -9999 -9999 0.168946653604507 0.1687201410532 0.168635636568069 -9999 0.16957551240921 0.180197954177856 0.189315795898438 0.190281435847282 0.193085581064224 0.19454500079155 0.202929317951202 0.211054652929306 0.218096137046814 0.222163826227188 0.219953641295433 0.217402711510658 0.214435338973999 0.211388751864433 0.208284482359886 0.206331104040146 0.204854354262352 0.204648047685623 0.204691469669342 0.20459258556366 0.204338535666466 0.202620074152946 0.201132133603096 0.200454711914062 0.199942126870155 0.19973561167717 0.199471220374107 0.199143752455711 0.198695868253708 0.198170065879822 0.19783790409565
-9999 -9999 -9999 -9999 -9999 -9999 -9999 -9999 -9999 -9999 -9999 -9999 -9999 -9999 -9999 0.169119268655777 0.171056106686592 0.181217178702354 0.188350170850754 0.190281435847282 0.194430306553841 0.204463332891464 0.214203059673309 0.222715318202972 0.227718040347099 0.225311830639839 0.222935944795609 0.220597073435783 0.217412874102592 0.213612958788872 0.211123213171959 0.209176048636436 0.207692638039589 0.206300377845764 0.204613104462624 0.202958852052689 0.201733961701393 0.20068247616291 0.200240701436996 0.199894905090332 0.199727386236191 0.199561059474945 0.199396058917046 0.199116200208664 0.198762029409409 0.198229745030403
0.203580766916275 0.203742310404778 -9999 -9999 -9999 -9999 -9999 -9999 -9999 -9999 -9999 0.195062130689621 0.16917884349823 -9999 -9999 -9999 0.170255526900291 0.174530655145645 0.182668089866638 0.186418905854225 0.187060847878456 0.202624753117561 0.216773465275764 0.22499942779541 0.229621708393097 0.226636365056038 0.223403453826904 0.21986797451973 0.216228723526001 0.212513878941536 0.210111483931541 0.208252623677254 0.206781625747681 0.205386877059937 0.203997224569321 0.202653825283051 0.201760411262512 0.200963333249092 0.200505033135414 0.200099959969521 0.199793756008148 0.199556291103363 0.199393689632416 0.19919154047966 0.198963806033134 0.198549747467041
0.20354063808918 0.203943982720375 0.20397375524044 -9999 -9999 -9999 -9999 -9999 -9999 -9999 -9999 0.208300039172173 0.193925052881241 0.16917884349823 -9999 -9999 0.168044149875641 0.174002274870872 0.181545525789261 0.181092277169228 0.181461215019226 0.201792523264885 0.219659030437469 0.227210149168968 0.231172010302544 0.227556630969048 0.223490312695503 0.218872845172882 0.214875593781471 0.211330100893974 0.209070473909378 0.207343369722366 0.205944702029228 0.204610601067543 0.203530102968216 0.202503472566605 0.201911330223083 0.201342791318893 0.200857266783714 0.200381189584732 0.19992271065712 0.199591264128685 0.199398204684258 0.199250653386116 0.199132531881332 0.198837861418724
0.20354063808918 0.203943982720375 0.204033300280571 0.20447926223278 0.205477610230446 -9999 -9999 -9999 -9999 -9999 -9999 -9999 0.206763863563538 0.190329670906067 0.16917884349823 0.1687201410532 0.168044149875641 0.174002274870872 0.181545525789261 0.183017387986183 0.185354635119438 0.206358090043068 0.224235042929649 0.22902724146843 0.230826765298843 0.22630849480629 0.221535369753838 0.216450795531273 0.212616145610809 0.209691926836967 0.207872316241264 0.206510156393051 0.205505162477493 0.20457036793232 0.203860804438591 0.203182652592659 0.2027298361063 0.202251046895981 0.201680943369865 0.201071068644524 0.200387328863144 0.199839442968369 0.199439570307732 0.199222654104233 0.199124097824097 0.198954924941063
0.203397154808044 0.203751862049103 0.20406386256218 0.204363733530045 0.205456167459488 -9999 -9999 -9999 -9999 0.208447426557541 0.208515226840973 0.209162622690201 0.210605710744858 0.200523242354393 0.181010857224464 0.174226045608521 0.173470020294189 0.17850387096405 0.184921130537987 0.187169775366783 0.190337523818016 0.211051017045975 0.228191256523132 0.230377107858658 0.230201095342636 0.225039005279541 0.219880983233452 0.21472792327404 0.21111673116684 0.208628609776497 0.20710401237011 0.205978438258171 0.205259189009666 0.204619809985161 0.204200878739357 0.203797951340675 0.203471690416336 0.203083589673042 0.202478066086769 0.201780840754509 0.200913310050964 0.2001733481884 0.199572339653969 0.199264526367188 0.199146404862404 0.199061468243599
0.202895000576973 0.203079402446747 0.203649148344994 0.204328507184982 0.205456167459488 0.206612914800644 0.207315996289253 0.207949563860893 0.208229571580887 0.208447426557541 0.208515226840973 0.209162622690201 0.210605710744858 0.206242755055428 0.197129428386688 0.19349704682827 0.192460849881172 0.194259703159332 0.196735948324203 0.196890443563461 0.198044136166573 0.216062307357788 0.230597957968712 0.2305588722229 0.228874340653419 0.223716154694557 0.218977943062782 0.214753031730652 0.211517453193665 0.209002509713173 0.207410395145416 0.206200450658798 0.205497145652771 0.204893454909325 0.204564362764359 0.204253539443016 0.20402193069458 0.203726887702942 0.203208804130554 0.202540367841721 0.201592713594437 0.2007215321064 0.199933648109436 0.19948111474514 0.199245557188988 0.199141696095467
0.202205121517181 0.202353209257126 0.20306396484375 0.203934758901596 0.20502570271492 0.206130594015121 0.207003712654114 0.207841485738754 0.208499535918236 0.209260284900665 0.210269033908844 0.211346879601479 0.212519586086273 0.211738809943199 0.209359735250473 0.208119630813599 0.207419037818909 0.207660585641861 0.20812726020813 0.207767874002457 0.208231568336487 0.221501097083092 0.231899231672287 0.230280309915543 0.2276401668787 0.222844123840332 0.218625202775002 0.215111657977104 0.21210952103138 0.20947989821434 0.207737296819687 0.206362023949623 0.205577209591866 0.204908460378647 0.204619944095612 0.204360097646713 0.204242780804634 0.204065412282944 0.203676864504814 0.203097015619278 0.202161833643913 0.201241165399551 0.200336307287216 0.199764773249626 0.199408918619156 0.199269682168961
0.201249852776527 0.2015510648489 0.202237784862518 0.203034147620201 0.203986629843712 0.204966351389885 0.206249907612801 0.207580611109734 0.209151193499565 0.211222395300865 0.21450237929821 0.216619253158569 0.217139333486557 0.2169189453125 0.216092720627785 0.216170221567154 0.216675788164139 0.217732012271881 0.218919798731804 0.220280721783638 0.221926435828209 0.227544263005257 0.231637626886368 0.229350939393044 0.226536870002747 0.222609475255013 0.219050511717796 0.215941816568375 0.212972104549408 0.210103631019592 0.208093225955963 0.206438183784485 0.205434009432793 0.204557806253433 0.204240202903748 0.203973159193993 0.203997910022736 0.203973010182381 0.203773587942123 0.203366830945015 0.202575042843819 0.201720461249352 0.200797453522682 0.200143277645111 0.199663043022156 0.199465185403824
0.200964406132698 0.201331436634064 0.20195709168911 0.20265631377697 0.20345550775528 0.204298362135887 0.20604382455349 0.207804426550865 0.209642082452774 0.211927250027657 0.215292945504189 0.217331945896149 0.217549607157707 0.217633262276649 0.217607274651527 0.218212977051735 0.219117894768715 0.220492526888847 0.221979379653931 0.224136918783188 0.226319834589958 0.228201448917389 0.229291632771492 0.227069646120071 0.224585980176926 0.221549898386002 0.218598216772079 0.215749710798264 0.212849363684654 0.209911286830902 0.207772716879845 0.205965250730515 0.204817816615105 0.203800112009048 0.203437119722366 0.203140303492546 0.203253090381622 0.203342631459236 0.203350469470024 0.203167721629143 0.202631071209908 0.201955541968346 0.201128721237183 0.200487717986107 0.199966952204704 0.199740633368492
0.201243072748184 0.20160236954689 0.202135786414146 0.202718734741211 0.203352123498917 0.20404826104641 0.206298977136612 0.208436414599419 0.209997594356537 0.211573347449303 0.213184267282486 0.214204862713814 0.214415013790131 0.214586824178696 0.214727282524109 0.215196415781975 0.215821266174316 0.217096388339996 0.218526870012283 0.220703199505806 0.222880318760872 0.224322989583015 0.225190326571465 0.223649874329567 0.221921309828758 0.219795614480972 0.217406913638115 0.214696750044823 0.211896881461143 0.20903168618679 0.206882551312447 0.205029964447021 0.203803285956383 0.202699646353722 0.202277511358261 0.201931908726692 0.202087238430977 0.202259197831154 0.202489584684372 0.202573731541634 0.202386304736137 0.201984986662865 0.20135061442852 0.200803488492966 0.200312793254852 0.200083404779434
0.201581090688705 0.201744794845581 0.202002570033073 0.202287077903748 0.202763631939888 0.203306123614311 0.205098241567612 0.206807807087898 0.20809742808342 0.209284201264381 0.210222616791725 0.210935071110725 0.211337327957153 0.211630254983902 0.211833730340004 0.212105631828308 0.212409928441048 0.213331326842308 0.214400172233582 0.216212466359138 0.218035042285919 0.219263508915901 0.220109179615974 0.219352826476097 0.218396306037903 0.217017203569412 0.215219900012016 0.212911501526833 0.210447013378143 0.207868829369545 0.205855295062065 0.2040756046772 0.20287811756134 0.20179508626461 0.201329186558723 0.200936168432236 0.201031714677811 0.201180532574654 0.201516687870026 0.201776087284088 0.201892897486687 0.201769068837166 0.201383054256439 0.200985357165337 0.200580105185509 0.200373455882072
0.201948165893555 0.201824352145195 0.201716691255569 0.201613634824753 0.201937735080719 0.202323198318481 0.20318503677845 0.204072937369347 0.205093398690224 0.206047981977463 0.206843540072441 0.207595467567444 0.208287507295609 0.208717659115791 0.208933562040329 0.20897850394249 0.208942472934723 0.209385737776756 0.209943547844887 0.211204469203949 0.212501809000969 0.213626056909561 0.214548528194427 0.214626476168633 0.214450284838676 0.213737592101097 0.21254563331604 0.210767909884453 0.208753734827042 0.206567317247391 0.204760938882828 0.203111916780472 0.201996684074402 0.200986385345459 0.20048426091671 0.200044512748718 0.200030162930489 0.2001041918993 0.20048899948597 0.200878769159317 0.201277822256088 0.201433092355728 0.201322764158249 0.201101705431938 0.200808972120285 0.200637698173523
0.201645419001579 0.201587691903114 0.201528266072273 0.201468333601952 0.201739192008972 0.202051267027855 0.20256195962429 0.203094720840454 0.203739851713181 0.204344496130943 0.204851388931274 0.205373927950859 0.205917954444885 0.206261292099953 0.206440448760986 0.206414043903351 0.206290259957314 0.206549659371376 0.206900626420975 0.207808136940002 0.208753705024719 0.209696739912033 0.210535690188408 0.210938975214958 0.211118683218956 0.2108264118433 0.210131391882896 0.208944141864777 0.207444831728935 0.205718204379082 0.204165861010551 0.202685698866844 0.2016361951828 0.200671374797821 0.200126349925995 0.19963464140892 0.199511811137199 0.199489086866379 0.199818357825279 0.200191631913185 0.200646638870239 0.200908839702606 0.200960949063301 0.200879141688347 0.200710669159889 0.200605139136314
