Ecospace-environmental-drivers/Outputs/ASCII-for-ecospace/MOM6-ISIMIP3a/o2-surf/1991-03_o2-surf_MOM6-ISIMIP3a.asc
NCOLS 131 
NROWS 53 
XLLCORNER -98 
YLLCORNER 23.9265270233154 
CELLSIZE 0.133587792515755 
NODATA_value -9999 
[rows 0 to 20 of 53, columns 46 to 91 of 131]
-9999 -9999 -9999 -9999 -9999 -9999 -9999 -9999 -9999 -9999 -9999 -9999 -9999 -9999 -9999 -9999 -9999 -9999 -9999 -9999 -9999 -9999 -9999 -9999 -9999 -9999 -9999 -9999 -9999 -9999 -9999 -9999 -9999 -9999 -9999 -9999 -9999 -9999 -9999 -9999 -9999 -9999 -9999 -9999 -9999 -9999
-9999 -9999 -9999 -9999 -9999 -9999 -9999 -9999 -9999 -9999 -9999 -9999 -9999 -9999 -9999 -9999 -9999 -9999 -9999 -9999 -9999 -9999 -9999 -9999 -9999 -9999 -9999 -9999 -9999 -9999 -9999 -9999 -9999 -9999 -9999 -9999 -9999 -9999 -9999 -9999 -9999 -9999 -9999 -9999 -9999 -9999
-9999 -9999 -9999 -9999 -9999 -9999 -9999 -9999 -9999 -9999 -9999 -9999 -9999 -9999 -9999 -9999 -9999 -9999 -9999 -9999 -9999 -9999 -9999 -9999 -9999 -9999 -9999 -9999 0.24864487349987 0.248555555939674 -9999 -9999 -9999 -9999 -9999 -9999 -9999 -9999 -9999 -9999 -9999 -9999 -9999 -9999 -9999 -9999
-9999 -9999 -9999 -9999 -9999 -9999 -9999 -9999 -9999 -9999 -9999 -9999 -9999 -9999 -9999 -9999 -9999 -9999 -9999 -9999 -9999 -9999 -9999 -9999 -9999 -9999 -9999 -9999 0.248515799641609 0.248485445976257 -9999 -9999 -9999 -9999 -9999 -9999 -9999 -9999 -9999 -9999 -9999 -9999 -9999 -9999 -9999 -9999
-9999 -9999 -9999 -9999 -9999 -9999 -9999 -9999 -9999 -9999 -9999 -9999 -9999 -9999 -9999 -9999 -9999 -9999 -9999 0.259112149477005 0.258773624897003 0.258502811193466 0.256923079490662 0.255488336086273 0.252924859523773 0.250960975885391 0.249633237719536 0.248786106705666 0.248380735516548 0.248380541801453 0.248695060610771 -9999 -9999 0.248503521084785 0.248161226511002 0.247864171862602 0.247595712542534 0.247530445456505 0.247613117098808 0.247651591897011 0.247380450367928 0.246777638792992 0.246094182133675 -9999 -9999 -9999
-9999 -9999 -9999 -9999 -9999 -9999 -9999 -9999 -9999 -9999 -9999 -9999 -9999 -9999 -9999 0.23190501332283 -9999 0.234192878007889 0.236140742897987 0.24750928580761 0.259112149477005 0.258705914020538 0.258502811193466 0.255343347787857 0.252618819475174 0.250812441110611 0.249451696872711 0.248635560274124 0.248271077871323 0.248235553503036 0.24863500893116 0.249214604496956 0.248912513256073 0.248437106609344 0.2481609582901 0.247885599732399 0.247545972466469 0.247355565428734 0.247689783573151 0.247793987393379 0.247471019625664 0.246876329183578 0.245985582470894 0.245420649647713 0.245066523551941 -9999
-9999 -9999 -9999 -9999 -9999 -9999 -9999 -9999 -9999 -9999 -9999 0.217340096831322 0.217261537909508 0.217225879430771 0.217183023691177 0.224537149071693 0.231687992811203 0.232122018933296 0.234315887093544 0.236140742897987 0.247274979948997 0.259112149477005 0.258502811193466 0.255343347787857 0.252618819475174 0.250812441110611 0.249451696872711 0.248635560274124 0.248271077871323 0.248235553503036 0.24863500893116 0.249214604496956 0.248912513256073 0.248437106609344 0.2481609582901 0.247885599732399 0.247545972466469 0.247355565428734 0.247689783573151 0.247793987393379 0.247471019625664 0.246876329183578 0.245985582470894 0.245420649647713 0.245066523551941 0.244972929358482
-9999 -9999 -9999 -9999 -9999 -9999 -9999 -9999 -9999 -9999 -9999 0.217761322855949 0.217340096831322 0.217182964086533 -9999 0.217211529612541 0.224509626626968 0.231253981590271 0.232122018933296 0.234684899449348 0.236140742897987 0.246572047472 0.25457900762558 0.252439826726913 0.250547230243683 0.249175190925598 0.248108372092247 0.247414618730545 0.247013404965401 0.24682529270649 0.247008875012398 0.247346356511116 0.246807351708412 0.246096044778824 0.246100559830666 0.246120572090149 0.246033117175102 0.246010050177574 0.246213421225548 0.246433436870575 0.246684402227402 0.246579334139824 0.246086359024048 0.245460242033005 0.244748011231422 0.24407596886158
-9999 -9999 -9999 -9999 -9999 -9999 -9999 -9999 -9999 -9999 -9999 -9999 -9999 -9999 -9999 0.217097848653793 0.217510879039764 0.224563434720039 0.230385944247246 0.232122018933296 0.235791951417923 0.243883550167084 0.250220745801926 0.249215498566628 0.248246714472771 0.247354924678802 0.246613815426826 0.246056869626045 0.245617136359215 0.245262786746025 0.245210155844688 0.245282471179962 0.244489625096321 0.243526712059975 0.243828192353249 0.244160130620003 0.244332134723663 0.24447862803936 0.244535386562347 0.244883179664612 0.245771467685699 0.246217593550682 0.246181979775429 0.245501577854156 0.24440398812294 0.243794620037079
0.251723200082779 0.25197896361351 -9999 -9999 -9999 -9999 -9999 -9999 -9999 -9999 -9999 0.237091407179832 0.21819306910038 -9999 -9999 -9999 0.217241838574409 0.218579232692719 0.224488124251366 0.228649869561195 0.228930756449699 0.238314732909203 0.245915487408638 0.246053323149681 0.245989039540291 0.24549812078476 0.245052069425583 0.244660869240761 0.244259774684906 0.243851453065872 0.24368742108345 0.243624553084373 0.242897838354111 0.242040649056435 0.242132902145386 0.242223173379898 0.241950482130051 0.241709247231483 0.241578623652458 0.242022857069969 0.243534669280052 0.244775846600533 0.245722159743309 0.245452374219894 0.244395717978477 0.243419378995895
0.251575887203217 0.252382040023804 0.25244152545929 -9999 -9999 -9999 -9999 -9999 -9999 -9999 -9999 0.24641640484333 0.234595119953156 0.21819306910038 -9999 -9999 0.216083079576492 0.218302354216576 0.221352249383926 0.222014114260674 0.223137781023979 0.233370617032051 0.241857752203941 0.243038937449455 0.243806347250938 0.243700250983238 0.243535593152046 0.243299350142479 0.242923349142075 0.242445528507233 0.242161840200424 0.241958558559418 0.241313263773918 0.240581080317497 0.24046403169632 0.240319952368736 0.239689230918884 0.239137381315231 0.238862812519073 0.239390403032303 0.241407707333565 0.243328019976616 0.245142698287964 0.245301857590675 0.244389817118645 0.243108287453651
0.251575887203217 0.252382040023804 0.252560526132584 0.251542806625366 0.251534789800644 -9999 -9999 -9999 -9999 -9999 -9999 -9999 0.242559239268303 0.230408042669296 0.21819306910038 0.217340096831322 0.216083079576492 0.218302354216576 0.221352249383926 0.222031638026237 0.223074451088905 0.231777340173721 0.239127650856972 0.240817338228226 0.242025852203369 0.242218568921089 0.242261946201324 0.242122799158096 0.241699263453484 0.241068571805954 0.240620985627174 0.24024923145771 0.239767268300056 0.239263638854027 0.238936826586723 0.238597646355629 0.238073796033859 0.237624853849411 0.237439393997192 0.237980216741562 0.239869877696037 0.241847649216652 0.243921428918839 0.244607836008072 0.244396552443504 0.243141308426857
0.250916928052902 0.251701861619949 0.251376569271088 0.250735551118851 0.251498520374298 -9999 -9999 -9999 -9999 0.250940978527069 0.249798014760017 0.247670620679855 0.244191735982895 0.235815361142159 0.223431974649429 0.218449980020523 0.216973885893822 0.218816578388214 0.221452265977859 0.222033306956291 0.222937300801277 0.230595991015434 0.237169146537781 0.239199236035347 0.240673303604126 0.240973621606827 0.241041153669357 0.240824192762375 0.240207180380821 0.239298760890961 0.23869813978672 0.238224968314171 0.237959444522858 0.237734749913216 0.237286806106567 0.236837029457092 0.236450061202049 0.236123576760292 0.236009806394577 0.236552521586418 0.23831444978714 0.240305811166763 0.242547169327736 0.243672773241997 0.244076430797577 0.243041142821312
0.248610585927963 0.249321207404137 0.249976754188538 0.250616610050201 0.251498520374298 0.252370268106461 0.252299606800079 0.252155870199203 0.251640290021896 0.250940978527069 0.249798014760017 0.247670620679855 0.244191735982895 0.23710997402668 0.227080419659615 0.222334682941437 0.2200917750597 0.220616400241852 0.221802294254303 0.221995368599892 0.222615525126457 0.230444520711899 0.237139731645584 0.239089876413345 0.24039064347744 0.2403205037117 0.239952504634857 0.239220425486565 0.238045051693916 0.23654679954052 0.235820278525352 0.235413357615471 0.235497057437897 0.235677197575569 0.235329747200012 0.234980583190918 0.234805569052696 0.234650358557701 0.234564810991287 0.235081076622009 0.236714988946915 0.238610312342644 0.240790411829948 0.242135062813759 0.242939129471779 0.242607980966568
0.245950922369957 0.246487811207771 0.247551262378693 0.248764485120773 0.249726235866547 0.250628083944321 0.250607371330261 0.250503182411194 0.249974206089973 0.249285012483597 0.248208925127983 0.246317401528358 0.243306398391724 0.237992644309998 0.230794802308083 0.226952224969864 0.224698945879936 0.224510788917542 0.224816039204597 0.224789097905159 0.225164145231247 0.231722086668015 0.237327218055725 0.238944783806801 0.239902809262276 0.239468529820442 0.23873969912529 0.237650871276855 0.236224472522736 0.234552204608917 0.233663186430931 0.233098521828651 0.233407855033875 0.233888983726501 0.233430400490761 0.232994690537453 0.233122512698174 0.233263924717903 0.233453169465065 0.234098166227341 0.235589593648911 0.237299531698227 0.239247545599937 0.24060095846653 0.241569638252258 0.241726085543633
0.242791786789894 0.243014290928841 0.243675693869591 0.244461908936501 0.245448276400566 0.246422722935677 0.246522605419159 0.246513858437538 0.245952591300011 0.24528780579567 0.244373127818108 0.243050962686539 0.241169363260269 0.238292887806892 0.234602436423302 0.232605889439583 0.231411725282669 0.231366485357285 0.231595754623413 0.231586292386055 0.231770977377892 0.235020011663437 0.237821355462074 0.238749131560326 0.239124909043312 0.238335371017456 0.237351357936859 0.23612967133522 0.234886780381203 0.233628436923027 0.232525154948235 0.231486082077026 0.231846302747726 0.232481583952904 0.231612652540207 0.230825796723366 0.23138490319252 0.232000172138214 0.232812821865082 0.233805999159813 0.235134437680244 0.236532717943192 0.238007068634033 0.239071950316429 0.239871874451637 0.240209728479385
0.240040704607964 0.240021377801895 0.240314468741417 0.240696385502815 0.241528421640396 0.242381706833839 0.2425646930933 0.242638021707535 0.242153659462929 0.241633042693138 0.24102495610714 0.240323677659035 0.239494457840919 0.238265573978424 0.236709669232368 0.235770583152771 0.235123664140701 0.235115826129913 0.235260680317879 0.235290348529816 0.235396459698677 0.236730366945267 0.237870439887047 0.23819924890995 0.238073602318764 0.236988604068756 0.235835283994675 0.234598472714424 0.233489707112312 0.232474237680435 0.231398954987526 0.23029887676239 0.230679214000702 0.23135057091713 0.230116203427315 0.22901363670826 0.229887962341309 0.230854362249374 0.232144474983215 0.233421519398689 0.23467430472374 0.235904708504677 0.237110733985901 0.237962111830711 0.238583996891975 0.23889584839344
0.237633243203163 0.237433210015297 0.237386390566826 0.237383127212524 0.23791016638279 0.238479107618332 0.238713607192039 0.238857746124268 0.238542258739471 0.238266661763191 0.23808741569519 0.238050416111946 0.238208711147308 0.237962380051613 0.237384989857674 0.236839264631271 0.236308544874191 0.23624923825264 0.236302569508553 0.236389607191086 0.236511304974556 0.237103834748268 0.237544730305672 0.237351030111313 0.236792042851448 0.235461965203285 0.234211653470993 0.233058840036392 0.232042670249939 0.231126025319099 0.230282709002495 0.229469776153564 0.229844331741333 0.230452328920364 0.228890344500542 0.227501899003983 0.228593677282333 0.229807883501053 0.231452539563179 0.232959300279617 0.234209969639778 0.235393598675728 0.236504182219505 0.237205237150192 0.237641304731369 0.237752467393875
0.234653398394585 0.234496906399727 0.23444040119648 0.234412327408791 0.234726846218109 0.235072135925293 0.235301375389099 0.235485538840294 0.235440418124199 0.23548498749733 0.235746145248413 0.23616324365139 0.236794397234917 0.237076684832573 0.237073555588722 0.236754104495049 0.236284807324409 0.236083567142487 0.235946387052536 0.235949978232384 0.23597639799118 0.236194491386414 0.236289009451866 0.235866382718086 0.235164687037468 0.233873844146729 0.232715636491776 0.231719523668289 0.230877965688705 0.230148985981941 0.22945861518383 0.228784218430519 0.229144841432571 0.229708909988403 0.228526771068573 0.22747465968132 0.228324398398399 0.229322001338005 0.230839490890503 0.232253193855286 0.233474209904671 0.234622746706009 0.235692322254181 0.236343041062355 0.236722722649574 0.236762836575508
0.231393456459045 0.231390237808228 0.231485649943352 0.231609120965004 0.231756374239922 0.231907710433006 0.232103914022446 0.232313051819801 0.232587933540344 0.232989445328712 0.233696684241295 0.234465003013611 0.235317155718803 0.235905945301056 0.236279234290123 0.236104264855385 0.235669627785683 0.23528216779232 0.234906002879143 0.234757244586945 0.234634160995483 0.234657377004623 0.234578147530556 0.234070301055908 0.233368098735809 0.232255637645721 0.23128205537796 0.230478227138519 0.229851439595222 0.229353591799736 0.228777468204498 0.228168919682503 0.228511586785316 0.229041248559952 0.228585168719292 0.228173866868019 0.228556737303734 0.229110479354858 0.230265036225319 0.231427744030952 0.23260560631752 0.233724772930145 0.234779998660088 0.235429301857948 0.235815957188606 0.235848426818848
0.228338956832886 0.228326141834259 0.228466793894768 0.228651076555252 0.228760078549385 0.228862270712852 0.228988647460938 0.229193836450577 0.229799970984459 0.230601280927658 0.23187381029129 0.23298878967762 0.23388746380806 0.234470635652542 0.234795689582825 0.234745875000954 0.234518483281136 0.234207525849342 0.233876615762711 0.23357780277729 0.23329596221447 0.233229145407677 0.233082145452499 0.232599541544914 0.232024610042572 0.231254756450653 0.230479598045349 0.229697957634926 0.229167848825455 0.228820949792862 0.228401064872742 0.227950945496559 0.22831566631794 0.228840574622154 0.228646099567413 0.22845384478569 0.228543519973755 0.228768110275269 0.229467034339905 0.230293288826942 0.231355994939804 0.232403710484505 0.233435124158859 0.234086498618126 0.234491974115372 0.234623491764069
