Ecospace-environmental-drivers/Outputs/ASCII-for-ecospace/MOM6-ISIMIP3a/o2-surf/1991-08_o2-surf_MOM6-ISIMIP3a.asc
NCOLS 131 
NROWS 53 
XLLCORNER -98 
YLLCORNER 23.9265270233154 
CELLSIZE 0.133587792515755 
NODATA_value -9999 
[rows 21 to 41 of 53, columns 46 to 91 of 131]
0.20099213719368 0.200988560914993 0.201053529977798 0.201137974858284 0.201184064149857 0.201223582029343 0.201191961765289 0.201150223612785 0.201057061553001 0.200944766402245 0.200786218047142 0.200605019927025 0.200392693281174 0.200158953666687 0.199907705187798 0.199649944901466 0.199389100074768 0.199143052101135 0.198900550603867 0.198730453848839 0.198575258255005 0.198564514517784 0.198584392666817 0.198732420802116 0.198901027441025 0.199113011360168 0.19929526746273 0.199441164731979 0.199860244989395 0.200478315353394 0.201667308807373 0.203092724084854 0.204137161374092 0.205106690526009 0.205899432301521 0.206694155931473 0.207572251558304 0.208286225795746 0.208423137664795 0.208259910345078 0.207539260387421 0.206817120313644 0.206093326210976 0.20543897151947 0.204829558730125 0.204247459769249
0.200456559658051 0.20041860640049 0.200416073203087 0.200423628091812 0.200402855873108 0.200378283858299 0.20032924413681 0.200267776846886 0.200143173336983 0.200004294514656 0.199830949306488 0.199650838971138 0.199461445212364 0.199260905385017 0.199051275849342 0.198846027255058 0.198642864823341 0.198465198278427 0.19829361140728 0.198193147778511 0.198105052113533 0.198125764727592 0.19817091524601 0.198318317532539 0.198482543230057 0.198682308197021 0.198878660798073 0.199070855975151 0.1996139138937 0.200412526726723 0.201825112104416 0.203491985797882 0.204736992716789 0.20589904487133 0.206529557704926 0.207144275307655 0.207797005772591 0.208290308713913 0.208223044872284 0.207929313182831 0.207215026021004 0.206517785787582 0.205839112401009 0.205235481262207 0.204680398106575 0.204192698001862
0.199956730008125 0.199882119894028 0.19980400800705 0.199724897742271 0.199628114700317 0.19953054189682 0.199460059404373 0.199376448988914 0.199226006865501 0.199066683650017 0.198885902762413 0.198709636926651 0.198539584875107 0.198370367288589 0.198201850056648 0.19805021584034 0.197906568646431 0.19779908657074 0.197700247168541 0.197670266032219 0.197650104761124 0.197704046964645 0.197776228189468 0.197924822568893 0.198086962103844 0.198277711868286 0.198489263653755 0.198726251721382 0.199382737278938 0.200344771146774 0.201959669589996 0.203844964504242 0.205287292599678 0.206642538309097 0.207111984491348 0.207548424601555 0.207982838153839 0.208261430263519 0.207992121577263 0.207569032907486 0.206860348582268 0.206182107329369 0.205537036061287 0.204974144697189 0.204464390873909 0.204074874520302
0.199473679065704 0.199300587177277 0.19913338124752 0.198967844247818 0.198828041553497 0.198692232370377 0.198592841625214 0.198486775159836 0.198346599936485 0.198204666376114 0.198058485984802 0.197922393679619 0.197800174355507 0.197687745094299 0.197583332657814 0.197495922446251 0.197416573762894 0.197368949651718 0.197328925132751 0.19734226167202 0.197363182902336 0.197441235184669 0.197533428668976 0.197684809565544 0.197848245501518 0.198037132620811 0.198257774114609 0.198517248034477 0.199167355895042 0.200101986527443 0.201725319027901 0.203633844852448 0.205242022871971 0.206791147589684 0.207150831818581 0.207460731267929 0.207714647054672 0.20781697332859 0.207386255264282 0.206840664148331 0.206081688404083 0.20533911883831 0.204614415764809 0.203986093401909 0.203420147299767 0.203098252415657
0.198892250657082 0.198648035526276 0.198422268033028 0.19820174574852 0.198039829730988 0.197885453701019 0.197772517800331 0.197658374905586 0.197538033127785 0.197421491146088 0.197314098477364 0.197220236063004 0.19714492559433 0.197086051106453 0.197040602564812 0.19701161980629 0.196990430355072 0.196995660662651 0.197007209062576 0.197057455778122 0.197113245725632 0.197210982441902 0.197319552302361 0.197473511099815 0.197638541460037 0.197826951742172 0.198053792119026 0.198327586054802 0.198955252766609 0.199840679764748 0.201438039541245 0.203330218791962 0.205086588859558 0.206816256046295 0.207115828990936 0.207345843315125 0.207413703203201 0.20733717083931 0.206752955913544 0.20608825981617 0.205274060368538 0.204465180635452 0.203662097454071 0.202978536486626 0.202372327446938 0.20211161673069
0.197879478335381 0.197684079408646 0.197533681988716 0.197396069765091 0.197303667664528 0.197216913104057 0.197157800197601 0.197098761796951 0.197040155529976 0.196984022855759 0.196933880448341 0.196891188621521 0.19685871899128 0.196839198470116 0.196830227971077 0.196834206581116 0.196844324469566 0.196871608495712 0.196903020143509 0.196962103247643 0.197025462985039 0.197123423218727 0.197232499718666 0.197388082742691 0.197556033730507 0.197750076651573 0.197970375418663 0.198222801089287 0.198757588863373 0.199498072266579 0.200918734073639 0.202621087431908 0.204448148608208 0.206299722194672 0.206757009029388 0.20711176097393 0.206969127058983 0.206702411174774 0.20599938929081 0.205230534076691 0.204339370131493 0.20345550775528 0.202579587697983 0.20188544690609 0.2013089209795 0.201081037521362
0.197064563632011 0.196924328804016 0.196843087673187 0.196778625249863 0.196745082736015 0.196715161204338 0.19669745862484 0.196680396795273 0.19666662812233 0.19665452837944 0.196646451950073 0.196642532944679 0.196644306182861 0.196657046675682 0.196678727865219 0.196711137890816 0.196748629212379 0.196795374155045 0.196844324469566 0.196908161044121 0.196974843740463 0.197068184614182 0.197172492742538 0.19732266664505 0.197485446929932 0.197674855589867 0.197881773114204 0.198110073804855 0.198552325367928 0.199150413274765 0.200368836522102 0.201844155788422 0.203681737184525 0.205590546131134 0.206245869398117 0.206774681806564 0.206521049141884 0.206149786710739 0.205364972352982 0.204516261816025 0.203548893332481 0.20259815454483 0.201665535569191 0.200966104865074 0.200417563319206 0.200222223997116
0.19668136537075 0.196610108017921 0.196584522724152 0.196571916341782 0.196573987603188 0.196577310562134 0.196573987603188 0.196570247411728 0.196564435958862 0.196560606360435 0.19656153023243 0.196569323539734 0.196586549282074 0.19661608338356 0.196655675768852 0.196706637740135 0.196762979030609 0.196823433041573 0.196884885430336 0.196944519877434 0.197005242109299 0.197083443403244 0.197171524167061 0.197300896048546 0.197440877556801 0.197603270411491 0.197781816124916 0.1979800760746 0.198330491781235 0.198791727423668 0.199752151966095 0.200919315218925 0.202636152505875 0.204461023211479 0.205402374267578 0.206212922930717 0.206065326929092 0.205776393413544 0.20499050617218 0.204115003347397 0.203073039650917 0.202073112130165 0.201119020581245 0.200425878167152 0.199901610612869 0.199738174676895
0.196451514959335 0.196448430418968 0.196470618247986 0.19650000333786 0.196524456143379 0.196547508239746 0.196545973420143 0.196543306112289 0.196534782648087 0.196530163288116 0.19653494656086 0.196549206972122 0.196576490998268 0.196612134575844 0.196654587984085 0.196706682443619 0.1967633664608 0.19682189822197 0.196880877017975 0.196932166814804 0.19698378443718 0.197047784924507 0.197120279073715 0.197228342294693 0.197345018386841 0.197479858994484 0.197627812623978 0.197791770100594 0.198065280914307 0.198418587446213 0.19915883243084 0.200059324502945 0.20161235332489 0.203293651342392 0.204433366656303 0.205449625849724 0.205455675721169 0.205299273133278 0.204571664333344 0.203718841075897 0.20263347029686 0.201607123017311 0.200645089149475 0.199975356459618 0.199494749307632 0.199389830231667
0.196414574980736 0.196478635072708 0.196538731455803 0.196597710251808 0.196627900004387 0.196653619408607 0.196638062596321 0.196621030569077 0.196596369147301 0.196579575538635 0.19658175110817 0.196595892310143 0.196626484394073 0.196654751896858 0.196681141853333 0.196712493896484 0.196746185421944 0.196783125400543 0.196820825338364 0.196858525276184 0.196897074580193 0.196948036551476 0.197005793452263 0.197091907262802 0.19718462228775 0.197291254997253 0.197405830025673 0.197530090808868 0.197745487093925 0.198027268052101 0.198594897985458 0.199280917644501 0.200616002082825 0.20207867026329 0.203306496143341 0.204432800412178 0.204652369022369 0.204691648483276 0.204096987843513 0.203329116106033 0.202239543199539 0.201215386390686 0.200262486934662 0.199637651443481 0.199225097894669 0.199212208390236
0.196419879794121 0.196516126394272 0.196585923433304 0.196648210287094 0.196678921580315 0.196704611182213 0.196682080626488 0.196658104658127 0.196626707911491 0.196601122617722 0.196589559316635 0.196589693427086 0.196605876088142 0.196620941162109 0.196635097265244 0.196655377745628 0.196678549051285 0.196707218885422 0.196737214922905 0.196775525808334 0.196815177798271 0.196866005659103 0.196920543909073 0.196990579366684 0.197063654661179 0.197143167257309 0.197226583957672 0.197314813733101 0.197472885251045 0.197681829333305 0.198100239038467 0.1986054033041 0.199699968099594 0.200910404324532 0.202142432332039 0.203301280736923 0.203737542033195 0.203977018594742 0.203524604439735 0.202865108847618 0.201821029186249 0.2008336186409 0.199907943606377 0.199351787567139 0.199034735560417 0.199125751852989
0.196456894278526 0.196559071540833 0.196617439389229 0.196663334965706 0.196690633893013 0.196714252233505 0.196690037846565 0.196664690971375 0.196633592247963 0.196601748466492 0.196568131446838 0.196543842554092 0.19653232395649 0.196529790759087 0.196534603834152 0.196551069617271 0.196573048830032 0.196603491902351 0.196635946631432 0.196685522794724 0.19673690199852 0.196797251701355 0.19685722887516 0.196915566921234 0.196972250938416 0.197025462985039 0.197079420089722 0.197134330868721 0.197235658764839 0.197370827198029 0.197657555341721 0.198007047176361 0.19884417951107 0.199777185916901 0.200950488448143 0.202083766460419 0.202739074826241 0.203182131052017 0.202878922224045 0.202345386147499 0.201384082436562 0.200459346175194 0.199574455618858 0.199104800820351 0.198903828859329 0.1991076618433
0.196427151560783 0.196517691016197 0.196569070219994 0.196609303355217 0.196636185050011 0.196659877896309 0.196634262800217 0.196607261896133 0.19657327234745 0.196537047624588 0.196495413780212 0.196463972330093 0.196446493268013 0.196450382471085 0.196471750736237 0.196511536836624 0.196560069918633 0.196621984243393 0.19668710231781 0.196763947606087 0.196840763092041 0.196905061602592 0.196965113282204 0.197007387876511 0.197044745087624 0.197071716189384 0.197096839547157 0.197119697928429 0.197169780731201 0.197239696979523 0.197423323988914 0.197654038667679 0.198261022567749 0.198941960930824 0.199966132640839 0.200979173183441 0.201759606599808 0.202332332730293 0.202174827456474 0.201772958040237 0.200917258858681 0.200079694390297 0.199261888861656 0.198881924152374 0.198785275220871 0.199076235294342
0.196368813514709 0.196440175175667 0.196486458182335 0.196525618433952 0.196553379297256 0.196578055620193 0.196551159024239 0.196522384881973 0.196484163403511 0.196444347500801 0.196400731801987 0.196369528770447 0.196355417370796 0.196376010775566 0.196425020694733 0.196499779820442 0.196586728096008 0.196692854166031 0.196803584694862 0.196914568543434 0.197022676467896 0.197088539600372 0.197146385908127 0.197170719504356 0.197187468409538 0.197188273072243 0.197184801101685 0.197176143527031 0.197177305817604 0.197185650467873 0.197278425097466 0.19740617275238 0.197794690728188 0.198234483599663 0.199070736765862 0.199923008680344 0.200788289308548 0.201459020376205 0.201445698738098 0.201177939772606 0.200437635183334 0.199697732925415 0.198958277702332 0.198669388890266 0.198672041296959 0.199039086699486
0.196299701929092 0.196354076266289 0.196395233273506 0.196432620286942 0.196461290121078 0.196487411856651 0.196468457579613 0.1964460760355 0.196406215429306 0.196366757154465 0.196328267455101 0.19630540907383 0.196303993463516 0.196352407336235 0.196441575884819 0.196561977267265 0.196697145700455 0.196841105818748 0.196987181901932 0.197094202041626 0.197194263339043 0.197231814265251 0.197261661291122 0.197259202599525 0.197252824902534 0.197238191962242 0.197224229574203 0.197211056947708 0.197202950716019 0.197198539972305 0.197253882884979 0.197333991527557 0.197609081864357 0.197922497987747 0.198553785681725 0.19921350479126 0.200035989284515 0.20069594681263 0.200784504413605 0.200615406036377 0.199967801570892 0.199322104454041 0.198678463697433 0.198457971215248 0.198511257767677 0.19890558719635
0.196228370070457 0.196266204118729 0.196302205324173 0.196337684988976 0.196367293596268 0.196394920349121 0.196385860443115 0.196371540427208 0.196330592036247 0.196292281150818 0.196260422468185 0.196247547864914 0.196260780096054 0.196339294314384 0.196471229195595 0.196639478206635 0.196824908256531 0.197005376219749 0.197184652090073 0.19727985560894 0.197363704442978 0.197366774082184 0.197363257408142 0.197332203388214 0.197302177548409 0.197274342179298 0.197253599762917 0.19724152982235 0.197232335805893 0.197225257754326 0.197254240512848 0.197298154234886 0.197481542825699 0.197692349553108 0.198115140199661 0.198575735092163 0.199329003691673 0.199955701828003 0.200137376785278 0.200059607625008 0.199499994516373 0.19894777238369 0.198403581976891 0.198246791958809 0.198340654373169 0.198752149939537
0.196210369467735 0.196234703063965 0.196258246898651 0.196281567215919 0.196299150586128 0.196315482258797 0.196314439177513 0.196308180689812 0.196275442838669 0.196247726678848 0.196232184767723 0.196240946650505 0.196283057332039 0.196395173668861 0.196564570069313 0.196763053536415 0.196975320577621 0.197140991687775 0.197295546531677 0.197340697050095 0.197373360395432 0.197333469986916 0.197291120886803 0.197238460183144 0.197192430496216 0.197160392999649 0.197141110897064 0.197137430310249 0.197142541408539 0.197154030203819 0.197194218635559 0.197246298193932 0.19741502404213 0.197606697678566 0.197939068078995 0.198303401470184 0.198928967118263 0.199461594223976 0.199667498469353 0.199628204107285 0.199133545160294 0.198660477995872 0.198210924863815 0.198084518313408 0.198167189955711 0.198520496487617
0.196200981736183 0.196214482188225 0.196227163076401 0.196239590644836 0.196244195103645 0.19624799489975 0.196251928806305 0.196251139044762 0.19622640311718 0.196209326386452 0.196210712194443 0.196241647005081 0.196313142776489 0.196458101272583 0.196663171052933 0.196888163685799 0.197122618556023 0.197269275784492 0.197394952178001 0.197389200329781 0.197370126843452 0.197288796305656 0.197209000587463 0.197135552763939 0.197074398398399 0.197039186954498 0.197022020816803 0.197026923298836 0.197046533226967 0.197076871991158 0.197129458189011 0.197191253304482 0.197350561618805 0.197529032826424 0.197781965136528 0.198060140013695 0.198558017611504 0.198995262384415 0.199219271540642 0.199214100837708 0.198783308267593 0.198388159275055 0.198031827807426 0.197933405637741 0.198001876473427 0.19829273223877
0.196258038282394 0.196287781000137 0.196309879422188 0.196329817175865 0.196317553520203 0.196301743388176 0.196278914809227 0.196256041526794 0.19623290002346 0.196222379803658 0.196242332458496 0.196295708417892 0.196395009756088 0.196563109755516 0.196787536144257 0.197007656097412 0.197225719690323 0.197332829236984 0.197413444519043 0.197365567088127 0.197305917739868 0.19720321893692 0.197103217244148 0.197014525532722 0.196944162249565 0.196912512183189 0.196900427341461 0.19691227376461 0.196941390633583 0.196983069181442 0.197042807936668 0.197110012173653 0.197278916835785 0.197467818856239 0.197701707482338 0.197952374815941 0.198350787162781 0.198707476258278 0.198917403817177 0.198925197124481 0.198557585477829 0.198233872652054 0.197957992553711 0.197878003120422 0.197924748063087 0.198143795132637
0.196320533752441 0.196364715695381 0.196404129266739 0.196442171931267 0.196426406502724 0.196404203772545 0.196357145905495 0.196312621235847 0.196281015872955 0.196266815066338 0.196294695138931 0.196361288428307 0.19648103415966 0.196665912866592 0.196904107928276 0.197116583585739 0.197316884994507 0.197387456893921 0.197427049279213 0.197342902421951 0.197248458862305 0.197127819061279 0.197010576725006 0.196907564997673 0.19682839512825 0.196799546480179 0.19679220020771 0.196811124682426 0.19684873521328 0.196899950504303 0.196965202689171 0.197036251425743 0.197212994098663 0.197410508990288 0.197627872228622 0.197854280471802 0.198161870241165 0.198444187641144 0.198637664318085 0.198660627007484 0.198366895318031 0.198116526007652 0.197913393378258 0.197843357920647 0.197859421372414 0.198003992438316
0.19640289247036 0.196455031633377 0.196540623903275 0.196635708212852 0.196665316820145 0.196685194969177 0.196623206138611 0.196558743715286 0.196481719613075 0.196426302194595 0.196423098444939 0.196468994021416 0.196582302451134 0.196760579943657 0.19699202477932 0.197186842560768 0.197364285588264 0.197409346699715 0.19742277264595 0.197323769330978 0.197215780615807 0.197089746594429 0.196966052055359 0.196852222084999 0.196765720844269 0.196736931800842 0.196732997894287 0.196759462356567 0.196801900863647 0.196855992078781 0.196920782327652 0.196989998221397 0.197168067097664 0.197367534041405 0.19757767021656 0.197791710495949 0.198040053248405 0.198270678520203 0.198439031839371 0.198485255241394 0.198304668068886 0.198134586215019 0.197975933551788 0.197884812951088 0.197837367653847 0.197897732257843
