Ecospace-environmental-drivers/Outputs/ASCII-for-ecospace/MOM6-ISIMIP3a/o2-surf/1992-11_o2-surf_MOM6-ISIMIP3a.asc
NCOLS 131 
NROWS 53 
XLLCORNER -98 
YLLCORNER 23.9265270233154 
CELLSIZE 0.133587792515755 
NODATA_value -9999 
[rows 21 to 41 of 53, columns 0 to 45 of 131]
-9999 -9999 -9999 -9999 -9999 -9999 0.215970158576965 0.215963914990425 0.215932801365852 0.21598145365715 0.216748207807541 0.218839541077614 0.218309640884399 0.216731250286102 0.215343818068504 0.21417672932148 0.213389426469803 0.212862923741341 0.212431848049164 0.212037622928619 0.211860328912735 0.211721315979958 0.211045518517494 0.210329934954643 0.209380626678467 0.208513990044594 0.207915365695953 0.207323893904686 0.206744953989983 0.206326320767403 0.2060726583004 0.206197559833527 0.206553086638451 0.207142680883408 0.207810282707214 0.207920014858246 0.207952693104744 0.207993432879448 0.207952633500099 0.207392498850822 0.206936374306679 0.206769838929176 0.207081824541092 0.208133354783058 0.209268569946289 0.210480615496635
-9999 -9999 -9999 -9999 -9999 -9999 0.215957015752792 0.215970158576965 0.215957671403885 0.215821951627731 0.21598145365715 0.215423628687859 0.21463830769062 0.213402807712555 0.212549462914467 0.212137028574944 0.211878672242165 0.211726129055023 0.211348682641983 0.210884407162666 0.210914865136147 0.211032629013062 0.210650205612183 0.210232511162758 0.209612160921097 0.208974629640579 0.208281382918358 0.207685872912407 0.207260891795158 0.206735372543335 0.206106409430504 0.205938577651978 0.206051662564278 0.206548362970352 0.207172930240631 0.207462981343269 0.207706287503242 0.207876145839691 0.20796300470829 0.207521334290504 0.207106277346611 0.206765294075012 0.206923723220825 0.207854017615318 0.208788216114044 0.209726005792618
-9999 -9999 -9999 -9999 0.216384142637253 0.216059327125549 0.215972125530243 0.21592877805233 0.215970158576965 0.215945169329643 0.215391010046005 0.212811410427094 0.210860192775726 0.210152342915535 0.209929525852203 0.210266351699829 0.210518568754196 0.210712656378746 0.210386469960213 0.209859386086464 0.210088700056076 0.210451498627663 0.210373908281326 0.210267767310143 0.210004150867462 0.209621623158455 0.208853453397751 0.208271637558937 0.208014979958534 0.207396402955055 0.20640541613102 0.205946207046509 0.205810949206352 0.206181794404984 0.20672133564949 0.207180753350258 0.207628011703491 0.207927450537682 0.208147063851357 0.207858249545097 0.207515180110931 0.207021042704582 0.207025289535522 0.20779974758625 0.208503380417824 0.20914201438427
-9999 -9999 -9999 -9999 0.217154815793037 0.216350317001343 0.216146513819695 0.215972125530243 0.215844050049782 0.21421392261982 0.212505534291267 0.21049764752388 0.209099739789963 0.208908811211586 0.209076270461082 0.209657236933708 0.210096344351768 0.210438057780266 0.210346445441246 0.210087507963181 0.21026785671711 0.210525721311569 0.210566088557243 0.210582554340363 0.210439518094063 0.210200726985931 0.20965151488781 0.209216833114624 0.20898200571537 0.208460167050362 0.20764297246933 0.207161605358124 0.206884801387787 0.207000851631165 0.207247868180275 0.207559958100319 0.207881525158882 0.208267241716385 0.208593904972076 0.208544418215752 0.208461344242096 0.208284765481949 0.208395317196846 0.208949610590935 0.209420502185822 0.209814861416817
-9999 -9999 -9999 -9999 -9999 0.217154815793037 0.216127783060074 0.216320902109146 0.215284705162048 0.212391152977943 0.209809318184853 0.208420634269714 0.207596585154533 0.207889840006828 0.208398386836052 0.209155350923538 0.209731936454773 0.210184663534164 0.210296824574471 0.210277482867241 0.210423797369003 0.210599347949028 0.210734203457832 0.210849925875664 0.210813671350479 0.210704758763313 0.210360273718834 0.210065633058548 0.209857955574989 0.209435775876045 0.208792880177498 0.208309054374695 0.207922115921974 0.20781546831131 0.207802250981331 0.207979053258896 0.208183705806732 0.208611369132996 0.209000140428543 0.20914126932621 0.2092674523592 0.209351986646652 0.209539368748665 0.209885716438293 0.210145771503448 0.210326611995697
-9999 -9999 -9999 -9999 -9999 0.216832026839256 0.217154815793037 0.215063318610191 0.212825834751129 0.210167169570923 0.207942947745323 0.207381650805473 0.207221582531929 0.207855463027954 0.20848947763443 0.209123656153679 0.209620967507362 0.210024297237396 0.210205212235451 0.210300266742706 0.210478007793427 0.210670337080956 0.210796713829041 0.210909351706505 0.210919469594955 0.21087957918644 0.210677474737167 0.210491716861725 0.210334524512291 0.210024923086166 0.209558501839638 0.20915861427784 0.208799242973328 0.208610594272614 0.208478838205338 0.208572939038277 0.208699330687523 0.208974480628967 0.209228321909904 0.209346503019333 0.209459379315376 0.20955753326416 0.20969258248806 0.20988467335701 0.210029855370522 0.210131987929344
-9999 -9999 0.216148942708969 0.216223567724228 0.216295003890991 0.216508850455284 0.216832399368286 0.213843256235123 0.210739612579346 0.208337843418121 0.206466197967529 0.206623584032059 0.206999599933624 0.207808181643486 0.208479180932045 0.208991438150406 0.209400027990341 0.209737434983253 0.209967717528343 0.21015664935112 0.210382923483849 0.210615783929825 0.210759937763214 0.210893422365189 0.210954204201698 0.210982173681259 0.210903733968735 0.210814014077187 0.210704609751701 0.210494697093964 0.210181355476379 0.20985908806324 0.209531411528587 0.209299325942993 0.20909908413887 0.209122523665428 0.209177613258362 0.209335222840309 0.209484413266182 0.209580093622208 0.209670200943947 0.209744796156883 0.209809929132462 0.209860444068909 0.209897235035896 0.209921464323997
-9999.000000000000000 -9999 -9999 -9999 0.215866848826408 0.216081157326698 0.215884044766426 0.212705045938492 0.209466457366943 0.207369640469551 0.205839514732361 0.206478431820869 0.207111448049545 0.207732766866684 0.208247691392899 0.208639860153198 0.208939135074615 0.209174603223801 0.209411919116974 0.209649950265884 0.209962099790573 0.210287317633629 0.21050651371479 0.210713088512421 0.210833862423897 0.210927203297615 0.21093162894249 0.210909858345985 0.2108423858881 0.210704013705254 0.210492685437202 0.210234314203262 0.209947288036346 0.209755912423134 0.209596425294876 0.209575444459915 0.209574446082115 0.209690764546394 0.209801390767097 0.209875583648682 0.20992223918438 0.209892153739929 0.209848999977112 0.209785640239716 0.209728211164474 0.20967623591423
-9999 -9999 -9999 -9999 0.215302184224129 0.215010553598404 0.215127974748611 0.211919739842415 0.208660274744034 0.206852912902832 0.205582901835442 0.206369638442993 0.207051530480385 0.207525983452797 0.207939326763153 0.208282142877579 0.208535447716713 0.208727300167084 0.208982080221176 0.209261193871498 0.209642887115479 0.210042685270309 0.210316061973572 0.210574448108673 0.210730820894241 0.21086497604847 0.21092700958252 0.210955053567886 0.210923761129379 0.210844144225121 0.210714802145958 0.210510969161987 0.210261791944504 0.210106402635574 0.209982290863991 0.209943309426308 0.209916770458221 0.20998340845108 0.21004182100296 0.21004781126976 0.210020363330841 0.209899857640266 0.209771975874901 0.209632679820061 0.209507137537003 0.209394201636314
-9999 -9999 -9999 -9999 0.214912697672844 0.214814841747284 0.214694008231163 0.21157842874527 0.208441615104675 0.206904217600822 0.205791890621185 0.206306576728821 0.206775516271591 0.207153931260109 0.207534223794937 0.2079166918993 0.208203762769699 0.20842532813549 0.208710730075836 0.209020778536797 0.209451496601105 0.209903493523598 0.210204854607582 0.210488274693489 0.210649579763412 0.21079358458519 0.210881531238556 0.210936561226845 0.210934191942215 0.210897222161293 0.210824653506279 0.210663646459579 0.210448771715164 0.210323423147202 0.21022792160511 0.21020419895649 0.210190519690514 0.210196897387505 0.210185974836349 0.210064932703972 0.20992486178875 0.209731876850128 0.209548905491829 0.209381386637688 0.209220558404922 0.209065839648247
-9999 -9999 -9999 -9999 0.214814841747284 0.214668571949005 0.214496865868568 0.211585015058517 0.208636000752449 0.207048326730728 0.205848634243011 0.206134021282196 0.206445589661598 0.206808984279633 0.207208469510078 0.2076495885849 0.2079818546772 0.208239361643791 0.208577036857605 0.208945661783218 0.209426820278168 0.209927842020988 0.210222616791725 0.210496217012405 0.210630998015404 0.210752978920937 0.210833385586739 0.210890337824821 0.210906371474266 0.210897281765938 0.210862353444099 0.21074452996254 0.210576206445694 0.210468128323555 0.210380122065544 0.210324481129646 0.210273072123528 0.210186541080475 0.210083857178688 0.209878250956535 0.209666222333908 0.209436297416687 0.209221407771111 0.209029734134674 0.208844289183617 0.208664551377296
-9999 -9999 -9999 -9999 0.214660093188286 0.214496865868568 0.211978226900101 0.211852535605431 0.209140181541443 0.20726203918457 0.20579120516777 0.205879330635071 0.206075236201286 0.206484392285347 0.206942230463028 0.207456260919571 0.207842275500298 0.208140403032303 0.208546578884125 0.208994492888451 0.209527194499969 0.210074856877327 0.210337117314339 0.210574761033058 0.210659444332123 0.21073542535305 0.210783258080482 0.210823327302933 0.210849836468697 0.210857540369034 0.210845917463303 0.210771545767784 0.210658982396126 0.210558578372002 0.210462242364883 0.210339337587357 0.210212215781212 0.210008308291435 0.209797024726868 0.209538742899895 0.209285244345665 0.20904503762722 0.208815589547157 0.208602786064148 0.208400741219521 0.208208560943604
-9999 -9999 -9999 -9999 0.214496865868568 0.211884066462517 0.210713639855385 0.209978520870209 0.209744140505791 0.207725316286087 0.206060945987701 0.205753371119499 0.205708757042885 0.206184461712837 0.206709355115891 0.207291021943092 0.207720920443535 0.208046600222588 0.208493798971176 0.208987906575203 0.20956726372242 0.210161671042442 0.210400000214577 0.210612401366234 0.210673630237579 0.210722878575325 0.210733279585838 0.210750639438629 0.210780143737793 0.210781931877136 0.210755199193954 0.210681661963463 0.210579589009285 0.210449278354645 0.210309535264969 0.210117608308792 0.209918111562729 0.209667608141899 0.209414780139923 0.209147095680237 0.208886072039604 0.208643615245819 0.208412751555443 0.20819978415966 0.208001896739006 0.20781783759594
-9999 -9999 -9999 -9999 -9999 0.2105613052845 0.210347533226013 0.210309877991676 0.210390880703926 0.208295524120331 0.206470921635628 0.205682575702667 0.205343931913376 0.205895096063614 0.206490769982338 0.207137823104858 0.207607373595238 0.207955032587051 0.20843143761158 0.208957567811012 0.20958149433136 0.210222691297531 0.210440784692764 0.210632517933846 0.210681721568108 0.210712477564812 0.210683360695839 0.21067550778389 0.210704788565636 0.210690930485725 0.210632666945457 0.210541650652885 0.210430711507797 0.210254356265068 0.210056185722351 0.209794491529465 0.209524035453796 0.209257289767265 0.208991661667824 0.208733081817627 0.208479091525078 0.208237841725349 0.20801118016243 0.207807064056396 0.207622230052948 0.207455098628998
-9999 -9999 -9999 -9999 -9999 0.210549876093864 0.210622742772102 0.210754185914993 0.210594087839127 0.208622559905052 0.206823229789734 0.205683037638664 0.205131337046623 0.20574414730072 0.206386119127274 0.207061737775803 0.207540154457092 0.207883134484291 0.208349704742432 0.208864003419876 0.209511339664459 0.210182130336761 0.210403501987457 0.210598722100258 0.210657998919487 0.210688948631287 0.210628062486649 0.210584446787834 0.210570961236954 0.210516333580017 0.210419341921806 0.210299178957939 0.210164904594421 0.209970906376839 0.209757015109062 0.209482938051224 0.209200590848923 0.20892545580864 0.208652794361115 0.208395898342133 0.20814573764801 0.207914307713509 0.20770375430584 0.207525447010994 0.207367584109306 0.207228511571884
-9999 -9999 -9999 -9999 -9999 0.21052323281765 0.210679352283478 0.210804149508476 0.210705518722534 0.208899259567261 0.207163617014885 0.205698221921921 0.204950243234634 0.205621853470802 0.206305041909218 0.207001596689224 0.207482501864433 0.207815319299698 0.208263978362083 0.208757370710373 0.209423705935478 0.210120543837547 0.210350066423416 0.210553780198097 0.210627689957619 0.210662722587585 0.210571646690369 0.210490077733994 0.210425034165382 0.210324436426163 0.210187256336212 0.210035517811775 0.209874913096428 0.209669157862663 0.209448352456093 0.209173768758774 0.20889176428318 0.208609849214554 0.208331346511841 0.208074599504471 0.207827597856522 0.207607790827751 0.20741580426693 0.207266807556152 0.207138806581497 0.207030102610588
-9999 -9999 -9999 -9999 -9999 -9999 0.210267618298531 0.210479736328125 0.210331633687019 0.20849946141243 0.206814110279083 0.205690771341324 0.205160930752754 0.205805465579033 0.206437945365906 0.207056522369385 0.207485467195511 0.207784190773964 0.2081688195467 0.208586618304253 0.209231451153755 0.209916353225708 0.21019472181797 0.210446015000343 0.210545971989632 0.2106012403965 0.210511639714241 0.210415288805962 0.210307121276855 0.210177019238472 0.210024356842041 0.209863647818565 0.209698036313057 0.209490224719048 0.209268361330032 0.208989530801773 0.208702832460403 0.208417192101479 0.208134084939957 0.207867130637169 0.207614883780479 0.207403600215912 0.207240417599678 0.207151547074318 0.207067862153053 0.206988945603371
-9999 -9999 -9999 -9999 -9999 -9999 0.209638744592667 0.20951896905899 0.209869250655174 0.208016619086266 0.206396698951721 0.205667570233345 0.205389812588692 0.206005185842514 0.206582322716713 0.207115322351456 0.207488968968391 0.20775318145752 0.208071559667587 0.20841084420681 0.209023460745811 0.209684312343597 0.210016518831253 0.210320949554443 0.210454002022743 0.21053583920002 0.21045158803463 0.210344538092613 0.210197642445564 0.210041061043739 0.209874495863914 0.209705516695976 0.20953506231308 0.209324911236763 0.209101527929306 0.208818688988686 0.20852766931057 0.208239033818245 0.207952320575714 0.207677826285362 0.207423374056816 0.20722471177578 0.207091733813286 0.207060262560844 0.207016482949257 0.206961423158646
-9999 -9999 -9999 -9999 -9999 -9999 0.208894968032837 0.208917528390884 0.208694607019424 0.20697109401226 0.205584451556206 0.205487191677094 0.205625623464584 0.206230446696281 0.206746682524681 0.207160726189613 0.207469493150711 0.207705944776535 0.207956343889236 0.208212122321129 0.208697408437729 0.209223210811615 0.209643304347992 0.210041597485542 0.210277423262596 0.210445284843445 0.210392773151398 0.210307464003563 0.21016488969326 0.210006132721901 0.209830716252327 0.209650173783302 0.209466516971588 0.209246128797531 0.209013521671295 0.208731204271317 0.20844204723835 0.208156764507294 0.207876473665237 0.207628011703491 0.207407936453819 0.20726689696312 0.207174226641655 0.207156300544739 0.207098513841629 0.207004144787788
-9999 -9999 -9999 -9999 -9999 0.208871275186539 0.208420485258102 0.208248421549797 0.207523748278618 0.205989494919777 0.204869747161865 0.205336511135101 0.205846190452576 0.206440791487694 0.2068981975317 0.207197278738022 0.207442000508308 0.207649409770966 0.20783831179142 0.208020076155663 0.208383977413177 0.208780020475388 0.209255740046501 0.209718078374863 0.210054382681847 0.210311755537987 0.210313156247139 0.210266292095184 0.210135191679001 0.209979638457298 0.2097989320755 0.20960858464241 0.209412336349487 0.209184005856514 0.208944976329803 0.208667263388634 0.20838426053524 0.208109423518181 0.207842200994492 0.207623422145844 0.20743802189827 0.207345485687256 0.207281693816185 0.207262307405472 0.207184955477715 0.207054406404495
-9999 -9999 -9999 -9999 0.210429474711418 0.209245949983597 0.208871275186539 0.20764471590519 0.206366702914238 0.205242276191711 0.204512745141983 0.205294728279114 0.206010803580284 0.206596508622169 0.207002580165863 0.207201391458511 0.207385241985321 0.207558810710907 0.20770999789238 0.207852512598038 0.208116784691811 0.208402544260025 0.208815529942513 0.209232658147812 0.209661036729813 0.210020631551743 0.210157230496407 0.210210055112839 0.210116684436798 0.209984093904495 0.209811121225357 0.209617361426353 0.209410935640335 0.20918296277523 0.20894780755043 0.208689704537392 0.208428606390953 0.208190217614174 0.207960337400436 0.207784727215767 0.207635030150414 0.207557544112206 0.207480683922768 0.207404807209969 0.207287520170212 0.207132250070572
