Ecospace-environmental-drivers/Outputs/ASCII-for-ecospace/MOM6-ISIMIP3a/o2-surf/1993-08_o2-surf_MOM6-ISIMIP3a.asc
NCOLS 131 
NROWS 53 
XLLCORNER -98 
YLLCORNER 23.9265270233154 
CELLSIZE 0.133587792515755 
NODATA_value -9999 
[rows 21 to 41 of 53, columns 46 to 91 of 131]
0.201874807476997 0.201859429478645 0.201812341809273 0.201756238937378 0.201696172356606 0.201633840799332 0.2015211135149 0.201403900980949 0.201263874769211 0.201126217842102 0.200994342565536 0.200835958123207 0.200641199946404 0.200482368469238 0.200352936983109 0.200185209512711 0.19999934732914 0.199842691421509 0.199693024158478 0.199623927474022 0.199567079544067 0.199607819318771 0.199675634503365 0.199856802821159 0.200070336461067 0.200352177023888 0.200717523694038 0.201184913516045 0.202142462134361 0.203457042574883 0.205054864287376 0.206770002841949 0.208095952868462 0.209345385432243 0.209739431738853 0.210005685687065 0.209333091974258 0.208610385656357 0.207711488008499 0.206897959113121 0.206242993474007 0.205732405185699 0.205379113554955 0.205080807209015 0.204818055033684 0.204506888985634
0.201229944825172 0.201222822070122 0.201184451580048 0.201137185096741 0.20107826590538 0.201016619801521 0.200913295149803 0.200804159045219 0.200665503740311 0.200527176260948 0.200389698147774 0.200239285826683 0.200071141123772 0.199915587902069 0.199770331382751 0.19959844648838 0.199413925409317 0.199242740869522 0.199074760079384 0.198965698480606 0.198866784572601 0.198856547474861 0.198878288269043 0.199033826589584 0.199241325259209 0.199558481574059 0.199954703450203 0.200447559356689 0.201316475868225 0.202459290623665 0.203907921910286 0.205483213067055 0.206659287214279 0.207756891846657 0.20795039832592 0.208033055067062 0.207359820604324 0.20665930211544 0.20586284995079 0.205159410834312 0.204628735780716 0.204253703355789 0.204048275947571 0.203948870301247 0.203918069601059 0.203904405236244
0.200602501630783 0.200601369142532 0.200570672750473 0.200531587004662 0.200472995638847 0.200411230325699 0.200317621231079 0.200216710567474 0.200078547000885 0.199938639998436 0.199794515967369 0.199648723006248 0.199500605463982 0.199350640177727 0.199199140071869 0.199035286903381 0.198865577578545 0.198694244027138 0.19852252304554 0.198387980461121 0.198261484503746 0.198215201497078 0.198202475905418 0.198330119252205 0.198525220155716 0.19886277616024 0.199275106191635 0.199778839945793 0.200543865561485 0.201499223709106 0.202780082821846 0.204195767641068 0.205203473567963 0.206130981445312 0.206112563610077 0.206001669168472 0.20532950758934 0.204651311039925 0.20395191013813 0.203352525830269 0.202938839793205 0.202690094709396 0.202621057629585 0.202711835503578 0.202906027436256 0.203189730644226
0.200140729546547 0.200107470154762 0.200045853853226 0.199976190924644 0.199883982539177 0.199788495898247 0.19966647028923 0.199538916349411 0.199383199214935 0.199226766824722 0.199068605899811 0.198915213346481 0.198768362402916 0.19862924516201 0.198496475815773 0.198361739516258 0.198226079344749 0.198105216026306 0.197987899184227 0.197918191552162 0.197856217622757 0.197859406471252 0.197890311479568 0.198037207126617 0.198246166110039 0.198586121201515 0.198982372879982 0.199447438120842 0.200118973851204 0.200940907001495 0.202062785625458 0.203308880329132 0.204081118106842 0.204760208725929 0.204550310969353 0.204266086220741 0.2035773396492 0.20290070772171 0.202266588807106 0.201728090643883 0.201367154717445 0.201155439019203 0.201106294989586 0.201226457953453 0.201456174254417 0.201854169368744
0.19961142539978 0.199547559022903 0.199455410242081 0.199355214834213 0.199231550097466 0.199104860424995 0.198961645364761 0.1988155990839 0.198655173182487 0.198496133089066 0.198340475559235 0.198194310069084 0.19806119799614 0.197942346334457 0.19783516228199 0.197735205292702 0.197638660669327 0.197570040822029 0.197508096694946 0.197498798370361 0.197496682405472 0.197546482086182 0.197618618607521 0.197784349322319 0.198006570339203 0.198348075151443 0.198725759983063 0.199147626757622 0.199727490544319 0.200422435998917 0.201387986540794 0.202465608716011 0.203020438551903 0.203472509980202 0.203108310699463 0.202686071395874 0.201992303133011 0.201326578855515 0.20075948536396 0.200281009078026 0.199967131018639 0.199782907962799 0.199739992618561 0.199870631098747 0.200113594532013 0.200589999556541
0.198786050081253 0.198698252439499 0.198577225208282 0.198446750640869 0.198300987482071 0.19815419614315 0.198021471500397 0.197892680764198 0.197783842682838 0.197683274745941 0.19760262966156 0.197528705000877 0.197463989257812 0.197406575083733 0.197355136275291 0.197314769029617 0.197279632091522 0.197270974516869 0.197268635034561 0.197300404310226 0.197337716817856 0.197421506047249 0.197524353861809 0.197706997394562 0.197940021753311 0.198279410600662 0.198627531528473 0.19898633658886 0.199482455849648 0.20007860660553 0.200899571180344 0.201813638210297 0.202230215072632 0.202549010515213 0.202193543314934 0.201788231730461 0.201140016317368 0.200526282191277 0.200033769011497 0.199611529707909 0.199319779872894 0.199121341109276 0.199024543166161 0.19908282160759 0.199241429567337 0.199638873338699
0.197986394166946 0.197887510061264 0.197761416435242 0.19762758910656 0.1974927932024 0.19735911488533 0.19725875556469 0.197165757417679 0.197110205888748 0.197063833475113 0.197039648890495 0.1970184892416 0.197001472115517 0.196992844343185 0.196991071105003 0.197005823254585 0.197028383612633 0.197067737579346 0.19711109995842 0.197173222899437 0.197239592671394 0.197348892688751 0.197474777698517 0.197670042514801 0.197906956076622 0.198231801390648 0.198543906211853 0.198840454220772 0.199248224496841 0.199737042188644 0.200402975082397 0.201142266392708 0.201453551650047 0.201680675148964 0.201372414827347 0.201021894812584 0.200452357530594 0.199915885925293 0.199495628476143 0.199126124382019 0.198850885033607 0.198636680841446 0.198489010334015 0.198471933603287 0.198539346456528 0.198846414685249
0.197242885828018 0.19716089963913 0.197081685066223 0.197003290057182 0.196951523423195 0.19690352678299 0.19688318669796 0.196866422891617 0.19686783850193 0.196866452693939 0.19685822725296 0.196847349405289 0.196832820773125 0.196845337748528 0.196879997849464 0.196940124034882 0.197012305259705 0.197073593735695 0.197132289409637 0.197201415896416 0.197274252772331 0.197390541434288 0.197522684931755 0.197721168398857 0.197946891188622 0.198230132460594 0.198492139577866 0.198728173971176 0.199037581682205 0.199400410056114 0.199888572096825 0.200428634881973 0.20070643723011 0.200932696461678 0.200755551457405 0.200542435050011 0.200123876333237 0.199719831347466 0.199366763234138 0.199042394757271 0.198771312832832 0.198538050055504 0.198346018791199 0.198247075080872 0.198208346962929 0.198400169610977
0.196705341339111 0.196649476885796 0.196615114808083 0.196586862206459 0.196596965193748 0.196611523628235 0.196640625596046 0.19666950404644 0.196697220206261 0.196714982390404 0.19670869410038 0.196700409054756 0.196689382195473 0.19671918451786 0.196782365441322 0.19687807559967 0.196989193558693 0.19707402586937 0.197152584791183 0.197231292724609 0.19731280207634 0.197434782981873 0.197569742798805 0.197759076952934 0.197964683175087 0.19820462167263 0.19841568171978 0.198591470718384 0.198804602026939 0.199044942855835 0.199366822838783 0.199722468852997 0.199957087635994 0.200167924165726 0.20010769367218 0.20001882314682 0.199748128652573 0.199476003646851 0.199198812246323 0.198932647705078 0.198686987161636 0.1984593719244 0.198251411318779 0.198100045323372 0.197985291481018 0.198077604174614
0.196426868438721 0.196408808231354 0.196416690945625 0.196431964635849 0.196477264165878 0.196525350213051 0.19656540453434 0.196601420640945 0.196616843342781 0.196621313691139 0.196599289774895 0.196583926677704 0.196577683091164 0.196619868278503 0.196701675653458 0.196820646524429 0.196957230567932 0.197067618370056 0.197171747684479 0.197263285517693 0.197356224060059 0.197482272982597 0.197615757584572 0.197780355811119 0.197954565286636 0.198149085044861 0.198308199644089 0.198424026370049 0.198543548583984 0.198665767908096 0.198835849761963 0.199025735259056 0.199204936623573 0.199382036924362 0.199420854449272 0.199439644813538 0.199312925338745 0.199172094464302 0.198981657624245 0.198790147900581 0.198596686124802 0.198405772447586 0.198217660188675 0.198050931096077 0.197898045182228 0.197910606861115
0.19631190598011 0.196306452155113 0.196323201060295 0.196346268057823 0.196392714977264 0.196441113948822 0.196477428078651 0.196509212255478 0.19651797413826 0.196517214179039 0.196493446826935 0.196478471159935 0.196475565433502 0.196520805358887 0.196605429053307 0.196735665202141 0.196887522935867 0.197020441293716 0.197148844599724 0.197257161140442 0.197365403175354 0.19749253988266 0.197622016072273 0.197761282324791 0.197900876402855 0.198041170835495 0.198139846324921 0.198187664151192 0.198225483298302 0.198256000876427 0.198322892189026 0.198404833674431 0.198530197143555 0.198664113879204 0.198749586939812 0.198822692036629 0.198792323470116 0.198743611574173 0.198630347847939 0.198509842157364 0.198375895619392 0.19823956489563 0.198100656270981 0.197959661483765 0.19781731069088 0.197790592908859
0.196319550275803 0.196307852864265 0.196308419108391 0.196312472224236 0.196334525942802 0.19635833799839 0.196379870176315 0.19639889895916 0.196405231952667 0.196405306458473 0.196390271186829 0.196381285786629 0.196380630135536 0.196421921253204 0.196497529745102 0.196630030870438 0.196789488196373 0.196942687034607 0.197094395756721 0.197222471237183 0.197348892688751 0.197474882006645 0.197598457336426 0.197711944580078 0.197814494371414 0.1978939473629 0.197925850749016 0.197899609804153 0.197864651679993 0.19782330095768 0.197823449969292 0.19784078001976 0.197913512587547 0.197997152805328 0.198090016841888 0.198177382349968 0.198207691311836 0.19822171330452 0.198178440332413 0.198126181960106 0.198057219386101 0.197988882660866 0.197921216487885 0.197836771607399 0.197741478681564 0.197705805301666
0.196400091052055 0.196366131305695 0.196341499686241 0.196319505572319 0.196315929293633 0.196314543485641 0.196321129798889 0.196327030658722 0.196329474449158 0.196328848600388 0.196320801973343 0.196317479014397 0.196320667862892 0.196354866027832 0.196414440870285 0.196535676717758 0.19668610394001 0.196847215294838 0.197010859847069 0.197152197360992 0.197290614247322 0.197408840060234 0.19752062857151 0.197605490684509 0.197668805718422 0.197686642408371 0.197665199637413 0.19759576022625 0.197527393698692 0.197459787130356 0.197440519928932 0.197441250085831 0.197495579719543 0.19756044447422 0.197646796703339 0.197730302810669 0.197778478264809 0.197814032435417 0.197805225849152 0.197787389159203 0.197752773761749 0.197722151875496 0.197695896029472 0.197658479213715 0.197613835334778 0.197596728801727
0.19651186466217 0.196448802947998 0.196395084261894 0.196344017982483 0.196314305067062 0.19628743827343 0.196279019117355 0.196271643042564 0.19626958668232 0.19626758992672 0.196265786886215 0.196267977356911 0.196275681257248 0.196301445364952 0.196341991424561 0.196446135640144 0.196580424904823 0.196744129061699 0.196914881467819 0.19706666469574 0.197214409708977 0.197322055697441 0.197419539093971 0.19747456908226 0.197497710585594 0.197453558444977 0.197384551167488 0.197285130620003 0.197200238704681 0.197125911712646 0.197107508778572 0.197112247347832 0.197162836790085 0.19722244143486 0.197296291589737 0.197368189692497 0.197415873408318 0.197455301880836 0.197465732693672 0.197467818856239 0.197454422712326 0.197448566555977 0.197450935840607 0.197456449270248 0.197464004158974 0.197477236390114
0.196626082062721 0.196535140275955 0.196463197469711 0.196396663784981 0.19635796546936 0.1963230073452 0.196311950683594 0.196302816271782 0.196303486824036 0.196304813027382 0.196307718753815 0.196312427520752 0.196319580078125 0.196334511041641 0.196355804800987 0.196428388357162 0.196525260806084 0.196672201156616 0.196831107139587 0.196978956460953 0.197121933102608 0.19720533490181 0.197275802493095 0.197292268276215 0.197282359004021 0.19721682369709 0.197141662240028 0.197054743766785 0.197000786662102 0.196970865130424 0.197003334760666 0.197061657905579 0.197163909673691 0.197274804115295 0.197376534342766 0.197472304105759 0.197513118386269 0.197544783353806 0.197544381022453 0.197532489895821 0.19749927520752 0.197467625141144 0.197437658905983 0.197417333722115 0.197403222322464 0.197403281927109
0.196740806102753 0.196622222661972 0.196534305810928 0.196455121040344 0.19641101360321 0.196371540427208 0.196360394358635 0.196351900696754 0.196356803178787 0.196362420916557 0.196369722485542 0.196376293897629 0.196381866931915 0.196385473012924 0.196387469768524 0.19642548263073 0.196480572223663 0.19660672545433 0.196749866008759 0.196890771389008 0.19702610373497 0.197082415223122 0.197123259305954 0.197099342942238 0.197057858109474 0.196979328989983 0.196906581521034 0.196840941905975 0.19682776927948 0.196852803230286 0.196946516633034 0.197068676352501 0.19723404943943 0.197407931089401 0.197545915842056 0.19767290353775 0.197705507278442 0.197727009654045 0.197709545493126 0.197676658630371 0.197615146636963 0.197547242045403 0.197472333908081 0.19741190969944 0.197360873222351 0.197338744997978
0.196775376796722 0.196651250123978 0.196571424603462 0.196504205465317 0.196471512317657 0.196443557739258 0.19644758105278 0.196454256772995 0.196474447846413 0.196494832634926 0.196515679359436 0.196526646614075 0.196524068713188 0.196510747075081 0.196488618850708 0.196490809321404 0.196504518389702 0.196589544415474 0.196691617369652 0.196809753775597 0.196923613548279 0.196959376335144 0.196980878710747 0.196942612528801 0.196903854608536 0.196864008903503 0.196860551834106 0.196901589632034 0.197001606225967 0.197144612669945 0.197309628129005 0.197483777999878 0.197630941867828 0.197772786021233 0.197840169072151 0.197897225618362 0.197880178689957 0.197857931256294 0.197817385196686 0.197775587439537 0.197731465101242 0.197680443525314 0.197621926665306 0.19756107032299 0.197498723864555 0.197430446743965
0.196801602840424 0.196675777435303 0.19660609960556 0.196552395820618 0.196532130241394 0.19651660323143 0.196535900235176 0.196557760238647 0.196592688560486 0.196626931428909 0.19665952026844 0.196673572063446 0.196662172675133 0.196631774306297 0.196585834026337 0.196553081274033 0.196526572108269 0.19657064974308 0.196631595492363 0.19672691822052 0.19681952893734 0.196838572621346 0.19684524834156 0.196800097823143 0.196772366762161 0.196781411767006 0.196854501962662 0.197005897760391 0.197215110063553 0.197466447949409 0.197691485285759 0.197905659675598 0.198024153709412 0.198123827576637 0.198113515973091 0.198094069957733 0.198025360703468 0.197957739233971 0.197893932461739 0.197843372821808 0.197817429900169 0.197786569595337 0.197750344872475 0.19769661128521 0.197631523013115 0.197524562478065
0.196776911616325 0.196680098772049 0.196631044149399 0.196595549583435 0.196590349078178 0.196589335799217 0.196617960929871 0.196648210287094 0.196686670184135 0.196719974279404 0.196740865707397 0.196742698550224 0.196718409657478 0.196672141551971 0.196607902646065 0.196550205349922 0.196495592594147 0.196510329842567 0.196541607379913 0.196621298789978 0.196701556444168 0.19674152135849 0.196776688098907 0.196791753172874 0.196847587823868 0.196989506483078 0.197184681892395 0.197444930672646 0.197685927152634 0.197912886738777 0.19807280600071 0.198204964399338 0.198222175240517 0.198216781020164 0.198103949427605 0.197986617684364 0.197864338755608 0.197750046849251 0.197663888335228 0.197600498795509 0.197579443454742 0.197578057646751 0.19759812951088 0.197612926363945 0.197624310851097 0.19756968319416
0.196757286787033 0.196687996387482 0.196657791733742 0.196638718247414 0.196645677089691 0.196656167507172 0.196690276265144 0.196724280714989 0.196757733821869 0.196781769394875 0.19678308069706 0.196768045425415 0.196730583906174 0.196672692894936 0.196598097681999 0.196524038910866 0.196450218558311 0.196441993117332 0.196449443697929 0.196524366736412 0.196603193879128 0.196671351790428 0.196743845939636 0.196834474802017 0.196979328989983 0.197238683700562 0.197530552744865 0.197862178087234 0.1981151252985 0.198310747742653 0.198407918214798 0.198464304208755 0.19838672876358 0.198282808065414 0.198074892163277 0.197867080569267 0.197697833180428 0.197542816400528 0.197437852621078 0.197363123297691 0.197344541549683 0.197364673018456 0.197426974773407 0.19749952852726 0.197578713297844 0.197581350803375
0.196756213903427 0.196708902716637 0.1966912150383 0.196681946516037 0.196690484881401 0.196701392531395 0.19672679901123 0.196747571229935 0.196744754910469 0.196728974580765 0.19668185710907 0.196632847189903 0.196581244468689 0.196527287364006 0.19647142291069 0.196412444114685 0.196352005004883 0.196344345808029 0.196349292993546 0.196459233760834 0.19657675921917 0.19669970870018 0.196841865777969 0.197064444422722 0.197318345308304 0.197638407349586 0.197933956980705 0.198199570178986 0.198391765356064 0.198530495166779 0.198573604226112 0.198577105998993 0.19842854142189 0.198250085115433 0.197974398732185 0.197703242301941 0.197511285543442 0.197337314486504 0.197226539254189 0.197145834565163 0.19712096452713 0.197133392095566 0.197186470031738 0.19727723300457 0.197392389178276 0.197470366954803
