Ecospace-environmental-drivers/Outputs/ASCII-for-ecospace/MOM6-ISIMIP3a/o2-surf/1995-10_o2-surf_MOM6-ISIMIP3a.asc
NCOLS 131 
NROWS 53 
XLLCORNER -98 
YLLCORNER 23.9265270233154 
CELLSIZE 0.133587792515755 
NODATA_value -9999 
[rows 0 to 20 of 53, columns 46 to 91 of 131]
-9999 -9999 -9999 -9999 -9999 -9999 -9999 -9999 -9999 -9999 -9999 -9999 -9999 -9999 -9999 -9999 -9999 -9999 -9999 -9999 -9999 -9999 -9999 -9999 -9999 -9999 -9999 -9999 -9999 -9999 -9999 -9999 -9999 -9999 -9999 -9999 -9999 -9999 -9999 -9999 -9999 -9999 -9999 -9999 -9999 -9999
-9999 -9999 -9999 -9999 -9999 -9999 -9999 -9999 -9999 -9999 -9999 -9999 -9999 -9999 -9999 -9999 -9999 -9999 -9999 -9999 -9999 -9999 -9999 -9999 -9999 -9999 -9999 -9999 -9999 -9999 -9999 -9999 -9999 -9999 -9999 -9999 -9999 -9999 -9999 -9999 -9999 -9999 -9999 -9999 -9999 -9999
-9999 -9999 -9999 -9999 -9999 -9999 -9999 -9999 -9999 -9999 -9999 -9999 -9999 -9999 -9999 -9999 -9999 -9999 -9999 -9999 -9999 -9999 -9999 -9999 -9999 -9999 -9999 -9999 0.212333530187607 0.212380081415176 -9999 -9999 -9999 -9999 -9999 -9999 -9999 -9999 -9999 -9999 -9999 -9999 -9999 -9999 -9999 -9999
-9999 -9999 -9999 -9999 -9999 -9999 -9999 -9999 -9999 -9999 -9999 -9999 -9999 -9999 -9999 -9999 -9999 -9999 -9999 -9999 -9999 -9999 -9999 -9999 -9999 -9999 -9999 -9999 0.212343841791153 0.21251292526722 -9999 -9999 -9999 -9999 -9999 -9999 -9999 -9999 -9999 -9999 -9999 -9999 -9999 -9999 -9999 -9999
-9999 -9999 -9999 -9999 -9999 -9999 -9999 -9999 -9999 -9999 -9999 -9999 -9999 -9999 -9999 -9999 -9999 -9999 -9999 0.221877381205559 0.22150032222271 0.221198663115501 0.219439029693604 0.217835113406181 0.21495595574379 0.212925612926483 0.212033793330193 0.211979418992996 0.212418213486671 0.212633892893791 0.212486684322357 -9999 -9999 0.209060907363892 0.207408487796783 0.206092372536659 0.205248892307281 0.204906657338142 0.204685285687447 0.204630941152573 0.204752132296562 0.205095812678337 0.20551697909832 -9999 -9999 -9999
-9999 -9999 -9999 -9999 -9999 -9999 -9999 -9999 -9999 -9999 -9999 -9999 -9999 -9999 -9999 0.21420630812645 -9999 0.215123176574707 0.215897589921951 0.218854486942291 0.221877381205559 0.221424907445908 0.221198663115501 0.217679411172867 0.214627251029015 0.212561190128326 0.211588397622108 0.211951792240143 0.212398082017899 0.212904751300812 0.212598860263824 0.211956456303596 0.210634171962738 0.209178224205971 0.207370311021805 0.205676928162575 0.205229893326759 0.20483985543251 0.204650208353996 0.204565793275833 0.204676821827888 0.205013766884804 0.205596849322319 0.205940335988998 0.206128761172295 -9999
-9999 -9999 -9999 -9999 -9999 -9999 -9999 -9999 -9999 -9999 -9999 0.205251336097717 0.205242916941643 0.205264359712601 0.205392062664032 0.20988629758358 0.214113906025887 0.214298725128174 0.215173199772835 0.215897589921951 0.218788474798203 0.221877381205559 0.221198663115501 0.217679411172867 0.214627251029015 0.212561190128326 0.211588397622108 0.211951792240143 0.212398082017899 0.212904751300812 0.212598860263824 0.211956456303596 0.210634171962738 0.209178224205971 0.207370311021805 0.205676928162575 0.205229893326759 0.20483985543251 0.204650208353996 0.204565793275833 0.204676821827888 0.205013766884804 0.205596849322319 0.205940335988998 0.206128761172295 0.206178560853004
-9999 -9999 -9999 -9999 -9999 -9999 -9999 -9999 -9999 -9999 -9999 0.205296456813812 0.205251336097717 0.205234512686729 -9999 0.205634459853172 0.210077196359634 0.213929086923599 0.214298725128174 0.215323284268379 0.215897589921951 0.218590468168259 0.219979152083397 0.215909630060196 0.212280616164207 0.209581509232521 0.208414986729622 0.209121629595757 0.209674209356308 0.21011458337307 0.20988866686821 0.209386810660362 0.208421766757965 0.207365661859512 0.206262975931168 0.205232337117195 0.20492222905159 0.20464001595974 0.204455867409706 0.204374983906746 0.204485923051834 0.204762056469917 0.205218136310577 0.205404922366142 0.205417454242706 0.205234989523888
-9999 -9999 -9999 -9999 -9999 -9999 -9999 -9999 -9999 -9999 -9999 -9999 -9999 -9999 -9999 0.205452665686607 0.206233024597168 0.210472479462624 0.213559448719025 0.214298725128174 0.215773522853851 0.217850640416145 0.218628734350204 0.213970392942429 0.209725737571716 0.206354379653931 0.204982116818428 0.206053167581558 0.206715330481529 0.207079648971558 0.206941485404968 0.206595227122307 0.206023380160332 0.205407202243805 0.205072745680809 0.204763889312744 0.204603210091591 0.204438641667366 0.204260408878326 0.204182237386703 0.204289883375168 0.20449586212635 0.204808965325356 0.204826638102531 0.204653143882751 0.204753458499908
0.219313383102417 0.219320058822632 -9999 -9999 -9999 -9999 -9999 -9999 -9999 -9999 -9999 0.21593202650547 0.205342695116997 -9999 -9999 -9999 0.2059226334095 0.207592412829399 0.210989162325859 0.212820172309875 0.212875798344612 0.215876519680023 0.217434659600258 0.212955445051193 0.208956688642502 0.205972164869308 0.204716950654984 0.205575317144394 0.206056892871857 0.206264033913612 0.206176072359085 0.205965906381607 0.205660566687584 0.205336511135101 0.205247461795807 0.205164864659309 0.205060377717018 0.204939559102058 0.204761371016502 0.204644083976746 0.20463989675045 0.204688683152199 0.20479516685009 0.204813152551651 0.204773887991905 0.205273419618607
0.21947193145752 0.219168186187744 0.219145759940147 -9999 -9999 -9999 -9999 -9999 -9999 -9999 -9999 0.221281737089157 0.214858576655388 0.205342695116997 -9999 -9999 0.205116704106331 0.207399845123291 0.210260689258575 0.210166409611702 0.210122346878052 0.213763773441315 0.215909078717232 0.211793035268784 0.208192437887192 0.205679997801781 0.204585179686546 0.205223008990288 0.205536276102066 0.205613166093826 0.205579280853271 0.205499529838562 0.20543247461319 0.205367907881737 0.205478459596634 0.205578684806824 0.205514639616013 0.205424576997757 0.205243036150932 0.205086305737495 0.204975694417953 0.204874232411385 0.204782724380493 0.204786866903305 0.204852893948555 0.205695137381554
0.21947193145752 0.219168186187744 0.219100922346115 0.219816192984581 0.220664113759995 -9999 -9999 -9999 -9999 -9999 -9999 -9999 0.219638183712959 0.21263375878334 0.205342695116997 0.205251336097717 0.205116704106331 0.207399845123291 0.210260689258575 0.209204852581024 0.2081428617239 0.210907459259033 0.212605461478233 0.20983961224556 0.207453921437263 0.205870762467384 0.205168858170509 0.205544024705887 0.205754846334457 0.205845952033997 0.205886915326118 0.205907091498375 0.205927059054375 0.20594696700573 0.206011399626732 0.206061318516731 0.205953285098076 0.205824196338654 0.205621123313904 0.205423295497894 0.205235213041306 0.205020770430565 0.204777613282204 0.204691886901855 0.204708054661751 0.205589860677719
0.219288781285286 0.219100564718246 0.219480633735657 0.220022320747375 0.220660910010338 -9999 -9999 -9999 -9999 0.222518026828766 0.222571477293968 0.22207248210907 0.220815077424049 0.21602700650692 0.208350241184235 0.205601081252098 0.205186024308205 0.207248046994209 0.209901928901672 0.208252400159836 0.206567570567131 0.208672061562538 0.210055351257324 0.208420395851135 0.20704285800457 0.2062087059021 0.205820307135582 0.205976665019989 0.206099927425385 0.206199079751968 0.206291913986206 0.206382110714912 0.206462353467941 0.206540629267693 0.206563785672188 0.206569686532021 0.206426873803139 0.206267267465591 0.206048637628555 0.205814480781555 0.205551519989967 0.205236807465553 0.204865694046021 0.204674601554871 0.204599976539612 0.205354452133179
0.218647748231888 0.218863874673843 0.219394698739052 0.220015034079552 0.220660910010338 0.221309125423431 0.221949368715286 0.222486019134521 0.222495600581169 0.222518026828766 0.222571477293968 0.22207248210907 0.220815077424049 0.216582521796227 0.209915772080421 0.206825241446495 0.205428689718246 0.206716760993004 0.208646267652512 0.207322716712952 0.206002846360207 0.207988947629929 0.209389060735703 0.208336725831032 0.207450419664383 0.206914603710175 0.206641167402267 0.206688389182091 0.206761345267296 0.206853047013283 0.206940338015556 0.207025796175003 0.207099452614784 0.207170784473419 0.207164779305458 0.207142382860184 0.20698781311512 0.206818923354149 0.206599682569504 0.206341192126274 0.206009864807129 0.205626606941223 0.205186784267426 0.204851493239403 0.2045838534832 0.204793766140938
0.216839715838432 0.217603415250778 0.218573704361916 0.21960274875164 0.220321148633957 0.221000820398331 0.221494004130363 0.221898764371872 0.221853673458099 0.221876293420792 0.222062423825264 0.221520185470581 0.219978004693985 0.216444119811058 0.211280673742294 0.208583399653435 0.207054287195206 0.207598298788071 0.20863763988018 0.207603648304939 0.206595301628113 0.208032995462418 0.209047466516495 0.208290636539459 0.20767317712307 0.207349926233292 0.207168608903885 0.207160726189613 0.207211270928383 0.207304373383522 0.207396179437637 0.207487463951111 0.207560554146767 0.207630068063736 0.207617849111557 0.207591190934181 0.207453146576881 0.20730371773243 0.207114264369011 0.206870749592781 0.206526830792427 0.206112071871758 0.205620110034943 0.205146849155426 0.204685688018799 0.204460307955742
0.213381752371788 0.214895486831665 0.216713443398476 0.218617931008339 0.219501003623009 0.220256641507149 0.220394849777222 0.220481246709824 0.220304176211357 0.220327273011208 0.220833674073219 0.220187038183212 0.217957466840744 0.215324655175209 0.21236190199852 0.211096495389938 0.210635110735893 0.210477322340012 0.210392087697983 0.209596157073975 0.208823800086975 0.209105134010315 0.209164932370186 0.208297699689865 0.207634657621384 0.207402721047401 0.207281202077866 0.207294628024101 0.207362189888954 0.207469195127487 0.207579776644707 0.207691818475723 0.207772836089134 0.207847759127617 0.207861766219139 0.207864850759506 0.207783311605453 0.207693994045258 0.207577303051949 0.207404300570488 0.207126721739769 0.206732794642448 0.206212088465691 0.205609649419785 0.204954296350479 0.204448118805885
0.212096139788628 0.213545277714729 0.215247988700867 0.21702279150486 0.217898190021515 0.21865513920784 0.21869994699955 0.218702629208565 0.218491017818451 0.21849799156189 0.21903270483017 0.218427315354347 0.216256678104401 0.214605107903481 0.213378235697746 0.212918564677238 0.212822288274765 0.21227815747261 0.211627021431923 0.210842356085777 0.210069388151169 0.209600076079369 0.209043771028519 0.208123475313187 0.207435578107834 0.207238301634789 0.207150682806969 0.207197085022926 0.207305893301964 0.207460150122643 0.20761176943779 0.207762271165848 0.207862466573715 0.207952782511711 0.207990407943726 0.208018884062767 0.207976937294006 0.207929745316505 0.207864016294479 0.207751303911209 0.207551375031471 0.207226157188416 0.206764459609985 0.206154301762581 0.205448091030121 0.204766690731049
0.212639912962914 0.213338449597359 0.214114993810654 0.214913710951805 0.215636283159256 0.216331660747528 0.216503366827965 0.216619908809662 0.216455832123756 0.216432690620422 0.216749876737595 0.21630834043026 0.21482515335083 0.214222371578217 0.214339926838875 0.214158669114113 0.213835865259171 0.213171020150185 0.21242444217205 0.211460068821907 0.210487231612206 0.20960895717144 0.208721652626991 0.207796603441238 0.207101285457611 0.206890970468521 0.20681543648243 0.206904664635658 0.207075104117393 0.207304686307907 0.207516103982925 0.20771998167038 0.207848817110062 0.207962915301323 0.208021983504295 0.208072170615196 0.20805561542511 0.208035364747047 0.208002224564552 0.207941204309464 0.20782844722271 0.207612290978432 0.207283452153206 0.206767901778221 0.206131517887115 0.205363765358925
0.211549282073975 0.211941406130791 0.21240670979023 0.212892845273018 0.213533744215965 0.214177399873734 0.21446730196476 0.214693337678909 0.214594513177872 0.214579790830612 0.214768171310425 0.214556008577347 0.213793978095055 0.213775083422661 0.214364230632782 0.214200213551521 0.213679447770119 0.212917417287827 0.212097719311714 0.211134761571884 0.210160136222839 0.209158927202225 0.208184689283371 0.207323282957077 0.206675186753273 0.206477418541908 0.206440359354019 0.206599742174149 0.206843301653862 0.207148179411888 0.207405686378479 0.207643553614616 0.207769602537155 0.207873672246933 0.207929641008377 0.207978948950768 0.207980573177338 0.20797760784626 0.207958459854126 0.20792356133461 0.20785941183567 0.207722350955009 0.207505851984024 0.207121938467026 0.206629723310471 0.205927506089211
0.209658846259117 0.209961906075478 0.210416927933693 0.210915148258209 0.211509212851524 0.212105944752693 0.212509766221046 0.212843164801598 0.212818279862404 0.21283084154129 0.212933823466301 0.21298311650753 0.212958708405495 0.213296219706535 0.213929802179337 0.213655233383179 0.212950482964516 0.212102755904198 0.211220875382423 0.210347980260849 0.209468513727188 0.208484336733818 0.207542568445206 0.206778287887573 0.206204161047935 0.20603147149086 0.206045791506767 0.206288695335388 0.206611007452011 0.206991165876389 0.207288041710854 0.207550421357155 0.207658305764198 0.207735806703568 0.2077766507864 0.207814007997513 0.20783032476902 0.207839891314507 0.207825645804405 0.207804352045059 0.207769945263863 0.207697331905365 0.207583099603653 0.207348972558975 0.207037284970284 0.206474900245667
0.208499804139137 0.208705872297287 0.209075227379799 0.209491029381752 0.209993168711662 0.210504397749901 0.21102312207222 0.211470425128937 0.211554482579231 0.211636170744896 0.211712121963501 0.211789265275002 0.211868032813072 0.212178990244865 0.212679907679558 0.212343946099281 0.211611568927765 0.210800588130951 0.209970816969872 0.209230273962021 0.208490401506424 0.207671388983727 0.206895411014557 0.206299558281898 0.205867439508438 0.205780938267708 0.205863058567047 0.206151247024536 0.20648866891861 0.206861972808838 0.207132786512375 0.207361161708832 0.207432955503464 0.207473963499069 0.207484364509583 0.207493513822556 0.207501590251923 0.207507133483887 0.207503780722618 0.207499504089355 0.207493513822556 0.207469031214714 0.207424372434616 0.207295924425125 0.20711325109005 0.20669886469841
