Ecospace-environmental-drivers/Outputs/ASCII-for-ecospace/MOM6-ISIMIP3a/o2-surf/1995-01_o2-surf_MOM6-ISIMIP3a.asc
NCOLS 131 
NROWS 53 
XLLCORNER -98 
YLLCORNER 23.9265270233154 
CELLSIZE 0.133587792515755 
NODATA_value -9999 
[rows 21 to 41 of 53, columns 0 to 45 of 131]
-9999 -9999 -9999 -9999 -9999 -9999 0.240690410137177 0.24051558971405 0.240029335021973 0.239481791853905 0.240607514977455 0.244449570775032 0.243405029177666 0.240293651819229 0.237837672233582 0.236137911677361 0.234639555215836 0.233279511332512 0.231381729245186 0.229276314377785 0.228197515010834 0.227299898862839 0.226560920476913 0.22585816681385 0.225428313016891 0.225056290626526 0.224871784448624 0.224548906087875 0.22398453950882 0.223222926259041 0.222258359193802 0.221457242965698 0.220755726099014 0.220307439565659 0.219943568110466 0.220346003770828 0.22085502743721 0.22145888209343 0.221946030855179 0.221689999103546 0.22134080529213 0.220732241868973 0.220150500535965 0.219610169529915 0.219346299767494 0.219336166977882
-9999 -9999 -9999 -9999 -9999 -9999 0.240684255957603 0.240690410137177 0.240340784192085 0.239604368805885 0.239481791853905 0.23789119720459 0.235747575759888 0.232509657740593 0.230322688817978 0.229348361492157 0.228440180420876 0.227577403187752 0.226477429270744 0.225285857915878 0.224635928869247 0.224081560969353 0.223874151706696 0.223653376102448 0.223257929086685 0.222934454679489 0.222844302654266 0.22247152030468 0.221605509519577 0.22072896361351 0.219841569662094 0.219204798340797 0.218720674514771 0.218524366617203 0.21842397749424 0.219127684831619 0.219942063093185 0.220691934227943 0.221315011382103 0.221130713820457 0.220840930938721 0.220257461071014 0.219754531979561 0.219376042485237 0.219473242759705 0.220007002353668
-9999 -9999 -9999 -9999 0.241289392113686 0.240846619009972 0.240745350718498 0.240616992115974 0.240690410137177 0.239991158246994 0.238254100084305 0.232544779777527 0.227728739380836 0.224680200219154 0.222935855388641 0.222696334123611 0.22237591445446 0.221999928355217 0.221728771924973 0.221498087048531 0.221301957964897 0.221111908555031 0.22145539522171 0.221736952662468 0.221405163407326 0.2211524695158 0.221156254410744 0.220731258392334 0.219558000564575 0.21856851875782 0.217768132686615 0.217312470078468 0.217066794633865 0.217129066586494 0.217294007539749 0.2182647138834 0.219344899058342 0.22016267478466 0.220849916338921 0.220705807209015 0.220455825328827 0.219911098480225 0.2195013910532 0.21930031478405 0.219764232635498 0.220838487148285
-9999 -9999 -9999 -9999 0.242347493767738 0.241218119859695 0.240947872400284 0.240745350718498 0.240415215492249 0.236213520169258 0.231746628880501 0.226264625787735 0.221894413232803 0.219724088907242 0.218700438737869 0.218999862670898 0.218960165977478 0.218687564134598 0.218764290213585 0.218975871801376 0.219222903251648 0.21947617828846 0.220037057995796 0.220546886324883 0.220574989914894 0.220598340034485 0.220606207847595 0.220169857144356 0.218958333134651 0.217984214425087 0.217254400253296 0.216885522007942 0.216736510396004 0.21676741540432 0.216858297586441 0.217634648084641 0.218501523137093 0.2187829464674 0.219005808234215 0.218855693936348 0.218740254640579 0.218721359968185 0.218732237815857 0.218789130449295 0.219374001026154 0.220443457365036
-9999 -9999 -9999 -9999 -9999 0.242347493767738 0.240831762552261 0.241150408983231 0.239430695772171 0.232321083545685 0.225660890340805 0.220720872282982 0.217008113861084 0.215723782777786 0.215314164757729 0.215913832187653 0.216033935546875 0.21582467854023 0.216169565916061 0.216728419065475 0.217289641499519 0.217851281166077 0.218513429164886 0.219139114022255 0.219442620873451 0.219674542546272 0.219674378633499 0.219242751598358 0.218058228492737 0.217150241136551 0.216526821255684 0.216247513890266 0.216177850961685 0.216160506010056 0.216160610318184 0.216696247458458 0.217300817370415 0.217200577259064 0.217102378606796 0.217017129063606 0.217063546180725 0.217476472258568 0.217827439308167 0.218082696199417 0.218764871358871 0.219838857650757
-9999 -9999 -9999 -9999 -9999 0.241384640336037 0.242347493767738 0.239083811640739 0.235336005687714 0.227925270795822 0.221424385905266 0.218405991792679 0.216278657317162 0.215914443135262 0.215651199221611 0.215504437685013 0.215254083275795 0.214932590723038 0.215196162462234 0.215685665607452 0.215995654463768 0.216273963451385 0.216528058052063 0.216776773333549 0.216985151171684 0.217129930853844 0.217068567872047 0.216712117195129 0.215840727090836 0.215221464633942 0.214861616492271 0.214684128761292 0.214617744088173 0.214478194713593 0.214314252138138 0.214405864477158 0.214533299207687 0.214729696512222 0.214938849210739 0.215229213237762 0.215557172894478 0.215989738702774 0.216327905654907 0.216520190238953 0.217195868492126 0.218315228819847
-9999 -9999 0.239377409219742 0.239589408040047 0.239782765507698 0.240420639514923 0.241385772824287 0.236560806632042 0.231260567903519 0.223960652947426 0.217866852879524 0.216389551758766 0.215533852577209 0.215908154845238 0.215845108032227 0.215277433395386 0.214824110269547 0.214449301362038 0.214627161622047 0.215018421411514 0.215077728033066 0.215078458189964 0.214951261878014 0.214841157197952 0.214896857738495 0.214920550584793 0.214840516448021 0.214580088853836 0.214004874229431 0.213627353310585 0.213453233242035 0.213347151875496 0.213282510638237 0.213069707155228 0.212807521224022 0.212573558092117 0.212347164750099 0.212632551789284 0.212936580181122 0.213359341025352 0.213799759745598 0.214289307594299 0.214691400527954 0.214958325028419 0.215680181980133 0.216819584369659
-9999.000000000000000 -9999 -9999 -9999 0.238564819097519 0.239144891500473 0.238556951284409 0.233041986823082 0.227227166295052 0.220936849713326 0.215790748596191 0.21502423286438 0.214755594730377 0.215472161769867 0.215726777911186 0.215448394417763 0.215157493948936 0.214857965707779 0.21494048833847 0.215170502662659 0.21498030424118 0.21471594274044 0.214265912771225 0.213836625218391 0.213614076375961 0.213442593812943 0.21343669295311 0.213317781686783 0.213001683354378 0.212763428688049 0.212605252861977 0.21250419318676 0.212437927722931 0.21225868165493 0.212041795253754 0.211740657687187 0.211429566144943 0.211350843310356 0.211286127567291 0.211310625076294 0.211494624614716 0.21212263405323 0.21275606751442 0.213397890329361 0.214280813932419 0.215385034680367
-9999 -9999 -9999 -9999 0.236975744366646 0.236128911375999 0.236414209008217 0.230574443936348 0.224450051784515 0.218768045306206 0.214187428355217 0.213822513818741 0.213878378272057 0.214766889810562 0.215249121189117 0.215262547135353 0.21520622074604 0.215102002024651 0.215153500437737 0.215265110135078 0.214932233095169 0.214520931243896 0.213897526264191 0.213299423456192 0.212950676679611 0.212671592831612 0.212618380784988 0.212501555681229 0.212273746728897 0.212057217955589 0.21185228228569 0.211734086275101 0.211668729782104 0.211518228054047 0.211339354515076 0.211019396781921 0.210680797696114 0.210463181138039 0.21024814248085 0.210049480199814 0.210066139698029 0.210682153701782 0.211391970515251 0.212246775627136 0.213146016001701 0.214086040854454
-9999 -9999 -9999 -9999 0.235891163349152 0.235653415322304 0.235359847545624 0.229429513216019 0.223253443837166 0.217674896121025 0.213178917765617 0.212826609611511 0.212876662611961 0.213722854852676 0.214319363236427 0.214627787470818 0.214896872639656 0.215138927102089 0.215240329504013 0.215287402272224 0.214946255087852 0.214536607265472 0.213927939534187 0.213350191712379 0.213066518306732 0.212790012359619 0.212536707520485 0.21224656701088 0.2118920981884 0.211549416184425 0.211218848824501 0.211055636405945 0.210994377732277 0.210866555571556 0.210716545581818 0.210438534617424 0.210144445300102 0.21007128059864 0.209980696439743 0.209779188036919 0.209740534424782 0.210155263543129 0.21074652671814 0.211610600352287 0.21234405040741 0.212957620620728
-9999 -9999 -9999 -9999 0.235653415322304 0.235298052430153 0.234880894422531 0.22920760512352 0.223260998725891 0.217610761523247 0.212970361113548 0.212195262312889 0.21196423470974 0.212809771299362 0.213537767529488 0.214130148291588 0.214688301086426 0.2152229398489 0.215432241559029 0.215515911579132 0.215302497148514 0.215036660432816 0.214441150426865 0.213869377970695 0.213555574417114 0.213231474161148 0.212873965501785 0.212497040629387 0.212086245417595 0.211687594652176 0.211301431059837 0.211083889007568 0.210969060659409 0.210852488875389 0.210735321044922 0.210523396730423 0.210300177335739 0.210329100489616 0.210343837738037 0.210268259048462 0.21030767261982 0.210667163133621 0.211171850562096 0.211900949478149 0.212439924478531 0.212804362177849
-9999 -9999 -9999 -9999 0.235277459025383 0.234880894422531 0.230010256171227 0.229677990078926 0.224171668291092 0.21831838786602 0.213361799716949 0.211837351322174 0.211118802428246 0.211994886398315 0.212867259979248 0.213735342025757 0.214555308222771 0.215342253446579 0.215702965855598 0.215899094939232 0.215915396809578 0.215899989008904 0.215316474437714 0.214739874005318 0.214324533939362 0.213915228843689 0.213525399565697 0.213126644492149 0.21271225810051 0.212310269474983 0.211921036243439 0.211642161011696 0.21143051981926 0.211316615343094 0.21123531460762 0.211107522249222 0.210974976420403 0.211074233055115 0.211179956793785 0.211326882243156 0.211544349789619 0.211958140134811 0.212400272488594 0.212886229157448 0.213209167122841 0.213382512331009
-9999 -9999 -9999 -9999 0.234880894422531 0.229942038655281 0.227692052721977 0.226274535059929 0.225608259439468 0.219599157571793 0.214347422122955 0.211994528770447 0.210685983300209 0.211443915963173 0.212278828024864 0.213202551007271 0.214191883802414 0.215226277709007 0.215756297111511 0.216091573238373 0.216221392154694 0.21631495654583 0.215847551822662 0.215368047356606 0.214889943599701 0.214436680078506 0.21406401693821 0.213700845837593 0.213354259729385 0.213025763630867 0.21271587908268 0.212494388222694 0.212326735258102 0.212238445878029 0.212176620960236 0.212104111909866 0.212030991911888 0.212079435586929 0.212140426039696 0.212281420826912 0.21246911585331 0.212786853313446 0.213084802031517 0.213352188467979 0.213531821966171 0.213630929589272
-9999 -9999 -9999 -9999 -9999 0.227570623159409 0.227184981107712 0.227123633027077 0.227270275354385 0.221125558018684 0.215587675571442 0.212372466921806 0.210430026054382 0.211006045341492 0.211725547909737 0.212610617280006 0.213729694485664 0.215009450912476 0.21571646630764 0.216202318668365 0.21639584004879 0.216537758708 0.216231107711792 0.215892374515533 0.215368092060089 0.214888587594032 0.214554265141487 0.214251309633255 0.21400311589241 0.213781043887138 0.213585838675499 0.213472589850426 0.213409274816513 0.213356420397758 0.213307067751884 0.213277459144592 0.213250398635864 0.213196098804474 0.213154196739197 0.213191330432892 0.21326020359993 0.213417455554008 0.213536247611046 0.21359558403492 0.213663071393967 0.213738024234772
-9999 -9999 -9999 -9999 -9999 0.227603301405907 0.227834835648537 0.228156760334969 0.227679312229156 0.221691891551018 0.216234743595123 0.212807297706604 0.210685938596725 0.211148977279663 0.211715072393417 0.212400078773499 0.213313609361649 0.214384078979492 0.215035080909729 0.215524107217789 0.215756207704544 0.215942949056625 0.215761482715607 0.215544030070305 0.215093851089478 0.214683935046196 0.214404612779617 0.214163169264793 0.213987842202187 0.21384671330452 0.213740766048431 0.213684633374214 0.213658854365349 0.213610053062439 0.213553592562675 0.213489070534706 0.213423043489456 0.213303506374359 0.213198378682137 0.213185027241707 0.213191360235214 0.213252499699593 0.213303744792938 0.21333971619606 0.21342234313488 0.213547810912132
-9999 -9999 -9999 -9999 -9999 0.227402061223984 0.227790087461472 0.228224128484726 0.227829128503799 0.222059577703476 0.216759085655212 0.213253900408745 0.211047768592834 0.211412072181702 0.211816892027855 0.212268456816673 0.212907075881958 0.213674157857895 0.214220941066742 0.214682653546333 0.214948132634163 0.215178996324539 0.21511535346508 0.21501512825489 0.214663922786713 0.214343428611755 0.21412256360054 0.213942900300026 0.213835164904594 0.21376970410347 0.21374773979187 0.213738143444061 0.213736072182655 0.213684856891632 0.213617250323296 0.213501691818237 0.213379114866257 0.213202103972435 0.213041961193085 0.212989166378975 0.212944611907005 0.212922945618629 0.212929740548134 0.212980538606644 0.213104650378227 0.213296085596085
-9999 -9999 -9999 -9999 -9999 -9999 0.226581275463104 0.226989358663559 0.226546838879585 0.221099048852921 0.21616818010807 0.213215887546539 0.211337566375732 0.211584314703941 0.211832344532013 0.212081849575043 0.212489798665047 0.213006541132927 0.213386803865433 0.213714376091957 0.213919550180435 0.214103117585182 0.214069247245789 0.21401172876358 0.213796734809875 0.213609874248505 0.213514134287834 0.213442087173462 0.213411420583725 0.21340024471283 0.213409140706062 0.213408499956131 0.213402032852173 0.213325649499893 0.213225990533829 0.213072180747986 0.212910875678062 0.212746635079384 0.212593823671341 0.212513759732246 0.212458714842796 0.212473347783089 0.212550729513168 0.212725102901459 0.212986946105957 0.213329076766968
-9999 -9999 -9999 -9999 -9999 -9999 0.224950641393661 0.224530339241028 0.225116550922394 0.22000578045845 0.215467810630798 0.213122233748436 0.211607664823532 0.211737439036369 0.21183480322361 0.211894765496254 0.212085425853729 0.212365850806236 0.212583407759666 0.212776675820351 0.21291621029377 0.21304626762867 0.213037401437759 0.213017821311951 0.212934479117393 0.212877228856087 0.212904617190361 0.212938219308853 0.212982714176178 0.213022544980049 0.213057607412338 0.21306423842907 0.213053569197655 0.21295365691185 0.212824001908302 0.212636396288872 0.212441086769104 0.212288454174995 0.212142705917358 0.212040767073631 0.211982607841492 0.212046280503273 0.212202295660973 0.212501019239426 0.212895601987839 0.213378131389618
-9999 -9999 -9999 -9999 -9999 -9999 0.223612785339355 0.223332211375237 0.222791716456413 0.218131124973297 0.214132308959961 0.212666556239128 0.211702212691307 0.211730018258095 0.211739793419838 0.211728766560555 0.211823984980583 0.211992159485817 0.212117299437523 0.212225839495659 0.212287664413452 0.212341248989105 0.212348476052284 0.212352022528648 0.212333500385284 0.212342247366905 0.212439477443695 0.212535783648491 0.212630480527878 0.212696492671967 0.212732955813408 0.212747171521187 0.212747827172279 0.212652444839478 0.212525025010109 0.212345018982887 0.212157726287842 0.211970463395119 0.211798906326294 0.211727276444435 0.211725264787674 0.211917012929916 0.212182447314262 0.212561756372452 0.212989866733551 0.213462755084038
-9999 -9999 -9999 -9999 -9999 0.225308641791344 0.223298475146294 0.222975790500641 0.220392018556595 0.216305643320084 0.212930127978325 0.212275490164757 0.211813658475876 0.211733371019363 0.211660087108612 0.211594894528389 0.211607113480568 0.211672499775887 0.211712852120399 0.211743533611298 0.211738437414169 0.211727008223534 0.211728990077972 0.211733892560005 0.211760729551315 0.211816042661667 0.211963638663292 0.212108850479126 0.212249860167503 0.212349683046341 0.212407156825066 0.212437361478806 0.212450951337814 0.212366312742233 0.212248921394348 0.212079986929893 0.211903780698776 0.211708068847656 0.211536273360252 0.211516797542572 0.211580231785774 0.211874425411224 0.212228119373322 0.212673768401146 0.213121801614761 0.213572040200233
-9999 -9999 -9999 -9999 0.2281534075737 0.225889846682549 0.225308641791344 0.221577256917953 0.217717885971069 0.21466052532196 0.212216705083847 0.212121322751045 0.211987167596817 0.211776286363602 0.211636543273926 0.211578845977783 0.211553707718849 0.211550921201706 0.211534380912781 0.211512550711632 0.211480036377907 0.211445644497871 0.211364105343819 0.21129047870636 0.211291447281837 0.211322024464607 0.211448639631271 0.211592137813568 0.211765080690384 0.211926862597466 0.212077155709267 0.212154164910316 0.212186560034752 0.212135523557663 0.212056696414948 0.211911633610725 0.211757734417915 0.211649492383003 0.211571261286736 0.211684033274651 0.211847022175789 0.212149739265442 0.212514102458954 0.2129737585783 0.213391825556755 0.213771760463715
