Ecospace-environmental-drivers/Outputs/ASCII-for-ecospace/MOM6-ISIMIP3a/o2-surf/1995-11_o2-surf_MOM6-ISIMIP3a.asc
NCOLS 131 
NROWS 53 
XLLCORNER -98 
YLLCORNER 23.9265270233154 
CELLSIZE 0.133587792515755 
NODATA_value -9999 
[rows 0 to 20 of 53, columns 46 to 91 of 131]
-9999 -9999 -9999 -9999 -9999 -9999 -9999 -9999 -9999 -9999 -9999 -9999 -9999 -9999 -9999 -9999 -9999 -9999 -9999 -9999 -9999 -9999 -9999 -9999 -9999 -9999 -9999 -9999 -9999 -9999 -9999 -9999 -9999 -9999 -9999 -9999 -9999 -9999 -9999 -9999 -9999 -9999 -9999 -9999 -9999 -9999
-9999 -9999 -9999 -9999 -9999 -9999 -9999 -9999 -9999 -9999 -9999 -9999 -9999 -9999 -9999 -9999 -9999 -9999 -9999 -9999 -9999 -9999 -9999 -9999 -9999 -9999 -9999 -9999 -9999 -9999 -9999 -9999 -9999 -9999 -9999 -9999 -9999 -9999 -9999 -9999 -9999 -9999 -9999 -9999 -9999 -9999
-9999 -9999 -9999 -9999 -9999 -9999 -9999 -9999 -9999 -9999 -9999 -9999 -9999 -9999 -9999 -9999 -9999 -9999 -9999 -9999 -9999 -9999 -9999 -9999 -9999 -9999 -9999 -9999 0.232441022992134 0.232086226344109 -9999 -9999 -9999 -9999 -9999 -9999 -9999 -9999 -9999 -9999 -9999 -9999 -9999 -9999 -9999 -9999
-9999 -9999 -9999 -9999 -9999 -9999 -9999 -9999 -9999 -9999 -9999 -9999 -9999 -9999 -9999 -9999 -9999 -9999 -9999 -9999 -9999 -9999 -9999 -9999 -9999 -9999 -9999 -9999 0.232447445392609 0.23225311934948 -9999 -9999 -9999 -9999 -9999 -9999 -9999 -9999 -9999 -9999 -9999 -9999 -9999 -9999 -9999 -9999
-9999 -9999 -9999 -9999 -9999 -9999 -9999 -9999 -9999 -9999 -9999 -9999 -9999 -9999 -9999 -9999 -9999 -9999 -9999 0.243525207042694 0.243120774626732 0.242797240614891 0.240909963846207 0.239205822348595 0.236184149980545 0.234022721648216 0.232893422245979 0.232469618320465 0.232504531741142 0.232368171215057 0.231886669993401 -9999 -9999 0.225022241473198 0.221756815910339 0.218938514590263 0.216815575957298 0.215887129306793 0.21580308675766 0.216673612594604 0.218072280287743 0.219986572861671 0.221928834915161 -9999 -9999 -9999
-9999 -9999 -9999 -9999 -9999 -9999 -9999 -9999 -9999 -9999 -9999 -9999 -9999 -9999 -9999 0.216506123542786 -9999 0.218071535229683 0.219418808817863 0.231472387909889 0.243525207042694 0.243039891123772 0.242797240614891 0.239022687077522 0.235797539353371 0.233732238411903 0.232538387179375 0.232409626245499 0.232460841536522 0.232643127441406 0.232000544667244 0.231016352772713 0.228241741657257 0.225115180015564 0.221709787845612 0.218445494771004 0.216660246253014 0.215340986847878 0.215660139918327 0.216408148407936 0.21795254945755 0.219856128096581 0.222151041030884 0.223779335618019 0.224976301193237 -9999
-9999 -9999 -9999 -9999 -9999 -9999 -9999 -9999 -9999 -9999 -9999 0.205834716558456 0.205639034509659 0.20552484691143 0.205285102128983 0.210853055119514 0.216376006603241 0.21663624048233 0.218159571290016 0.219418808817863 0.231473132967949 0.243525207042694 0.242797240614891 0.239022687077522 0.235797539353371 0.233732238411903 0.232538387179375 0.232409626245499 0.232460841536522 0.232643127441406 0.232000544667244 0.231016352772713 0.228241741657257 0.225115180015564 0.221709787845612 0.218445494771004 0.216660246253014 0.215340986847878 0.215660139918327 0.216408148407936 0.21795254945755 0.219856128096581 0.222151041030884 0.223779335618019 0.224976301193237 0.225292637944221
-9999 -9999 -9999 -9999 -9999 -9999 -9999 -9999 -9999 -9999 -9999 0.206883907318115 0.205834716558456 0.2054433375597 -9999 0.205115467309952 0.210841029882431 0.216115772724152 0.21663624048233 0.218423679471016 0.219418808817863 0.231475383043289 0.240412801504135 0.236296236515045 0.232649549841881 0.229994848370552 0.228386953473091 0.228058472275734 0.227954149246216 0.22801311314106 0.22724786400795 0.226141288876534 0.223677456378937 0.220946788787842 0.218391254544258 0.215929999947548 0.214326530694962 0.213140606880188 0.213422790169716 0.21412093937397 0.215591609477997 0.217375516891479 0.219500705599785 0.220944941043854 0.221948564052582 0.221763104200363
-9999 -9999 -9999 -9999 -9999 -9999 -9999 -9999 -9999 -9999 -9999 -9999 -9999 -9999 -9999 0.205002829432487 0.205291613936424 0.211158722639084 0.215595319867134 0.21663624048233 0.219215989112854 0.229967847466469 0.237784489989281 0.23331692814827 0.229226842522621 0.225933685898781 0.223871856927872 0.223314970731735 0.223028779029846 0.222939759492874 0.222040012478828 0.220804527401924 0.218687668442726 0.216397553682327 0.21477735042572 0.213201090693474 0.211811751127243 0.210782393813133 0.211018785834312 0.211652278900146 0.213023170828819 0.214658737182617 0.216582655906677 0.217831566929817 0.218643695116043 0.219729632139206
0.239000648260117 0.239041209220886 -9999 -9999 -9999 -9999 -9999 -9999 -9999 -9999 -9999 0.226099088788033 0.207959324121475 -9999 -9999 -9999 0.204904541373253 0.206701070070267 0.211956456303596 0.214554399251938 0.215125471353531 0.227015063166618 0.235872745513916 0.232041567564011 0.228357657790184 0.224984616041183 0.222676768898964 0.221670806407928 0.220894545316696 0.220285624265671 0.219312369823456 0.218188256025314 0.216475740075111 0.214647546410561 0.213659137487411 0.212719947099686 0.211957812309265 0.211371243000031 0.211401969194412 0.211654707789421 0.212319746613503 0.21328441798687 0.214575529098511 0.215941160917282 0.217355042695999 0.21914467215538
0.239174351096153 0.238908052444458 0.238888397812843 -9999 -9999 -9999 -9999 -9999 -9999 -9999 -9999 0.235208854079247 0.224239781498909 0.207959324121475 -9999 -9999 0.202703714370728 0.206175208091736 0.211224272847176 0.211192160844803 0.21163447201252 0.224062517285347 0.233508855104446 0.230476349592209 0.227365672588348 0.224089965224266 0.22165684401989 0.220253512263298 0.219048351049423 0.217987522482872 0.216955199837685 0.215934693813324 0.214628547430038 0.213266253471375 0.212829545140266 0.212443292140961 0.212215140461922 0.212003201246262 0.21184828877449 0.211764425039291 0.211812496185303 0.212167039513588 0.212855473160744 0.214228287339211 0.216043919324875 0.218360841274261
0.239174351096153 0.238908052444458 0.238849088549614 0.238291591405869 0.238077014684677 -9999 -9999 -9999 -9999 -9999 -9999 -9999 0.232367932796478 0.220563262701035 0.207959324121475 0.205834716558456 0.202703714370728 0.206175208091736 0.211224272847176 0.21114057302475 0.211359277367592 0.221111357212067 0.228719711303711 0.227356359362602 0.225715085864067 0.22348715364933 0.221576377749443 0.220053195953369 0.218747109174728 0.217599153518677 0.216585144400597 0.215626612305641 0.214737743139267 0.21386256814003 0.213547974824905 0.213263392448425 0.213069215416908 0.21286641061306 0.212633281946182 0.212449535727501 0.212357461452484 0.212427854537964 0.212675273418427 0.213467508554459 0.214612275362015 0.216510385274887
0.238659381866455 0.238517716526985 0.238267078995705 0.237985447049141 0.238064736127853 -9999 -9999 -9999 -9999 0.237676590681076 0.237457528710365 0.236435890197754 0.234312415122986 0.226355493068695 0.21362578868866 0.207074642181396 0.20345014333725 0.206349298357964 0.21080718934536 0.210828170180321 0.211054444313049 0.21870481967926 0.22486075758934 0.224762320518494 0.224264413118362 0.222923174500465 0.221521019935608 0.220044404268265 0.21876560151577 0.217630863189697 0.216675609350204 0.215794667601585 0.215206906199455 0.214676752686501 0.214411452412605 0.214160859584808 0.213958024978638 0.213730230927467 0.213414683938026 0.213134244084358 0.212919026613235 0.21275095641613 0.212634280323982 0.212906539440155 0.213430479168892 0.21478570997715
0.236856997013092 0.23715153336525 0.237525671720505 0.237922444939613 0.238064736127853 0.238180860877037 0.238294214010239 0.238332033157349 0.23798568546772 0.237676590681076 0.237457528710365 0.236435890197754 0.234312415122986 0.227975428104401 0.218191027641296 0.211414486169815 0.2060626745224 0.206958621740341 0.209347367286682 0.20986370742321 0.21067550778389 0.21765986084938 0.223327293992043 0.223483234643936 0.223313510417938 0.222456276416779 0.221528470516205 0.220514416694641 0.21958339214325 0.218712836503983 0.217917397618294 0.217153087258339 0.21657595038414 0.216035604476929 0.215637534856796 0.215251699090004 0.214933693408966 0.214595630764961 0.214187055826187 0.213817939162254 0.213522091507912 0.213229775428772 0.212941288948059 0.212845087051392 0.212873294949532 0.213375478982925
0.2337676435709 0.234520852565765 0.235499888658524 0.236543148756027 0.236953794956207 0.237289711833 0.237355887889862 0.237339407205582 0.236902415752411 0.236537471413612 0.236346483230591 0.235412761569023 0.233459368348122 0.228834912180901 0.222025081515312 0.216225907206535 0.210905477404594 0.210291013121605 0.210800975561142 0.211494773626328 0.212506473064423 0.217961072921753 0.222396120429039 0.22256426513195 0.22249273955822 0.221915245056152 0.221286937594414 0.22059653699398 0.219903007149696 0.219207227230072 0.218537166714668 0.217877775430679 0.217341244220734 0.216828852891922 0.216395765542984 0.215973764657974 0.215631321072578 0.215275660157204 0.214873448014259 0.21449539065361 0.214162200689316 0.213791102170944 0.213378727436066 0.213001355528831 0.212646663188934 0.212516009807587
0.228858783841133 0.23010241985321 0.231658235192299 0.23330283164978 0.234272226691246 0.235138654708862 0.235090956091881 0.234943360090256 0.234287604689598 0.233787804841995 0.233664631843567 0.232943132519722 0.23140025138855 0.228619277477264 0.224825352430344 0.221704095602036 0.218901470303535 0.217473328113556 0.216373607516289 0.216795474290848 0.217461854219437 0.220165506005287 0.222316473722458 0.222154453396797 0.221855968236923 0.221269443631172 0.220693424344063 0.22013022005558 0.219518303871155 0.218870893120766 0.218277513980865 0.217706501483917 0.217252939939499 0.216822475194931 0.216492533683777 0.216174438595772 0.215935885906219 0.21569362282753 0.21543824672699 0.215163990855217 0.214854657649994 0.214469134807587 0.214000567793846 0.213465481996536 0.212887361645699 0.212435230612755
0.224652335047722 0.22592157125473 0.227595314383507 0.2293840944767 0.230423271656036 0.231353864073753 0.231424793601036 0.231416702270508 0.231006592512131 0.230756312608719 0.230891957879066 0.23057097196579 0.229623064398766 0.228231281042099 0.226476341485977 0.225062742829323 0.223810821771622 0.222244918346405 0.220604002475739 0.220637157559395 0.220830157399178 0.221675887703896 0.222264871001244 0.221779361367226 0.221222102642059 0.220513388514519 0.219870164990425 0.219307020306587 0.218725085258484 0.218129470944405 0.217641741037369 0.217198699712753 0.216867610812187 0.216558545827866 0.216355606913567 0.216163873672485 0.216043248772621 0.215920209884644 0.215788662433624 0.215611532330513 0.215349778532982 0.214986652135849 0.214513063430786 0.213931769132614 0.213280767202377 0.212670713663101
0.221037417650223 0.221940785646439 0.223346054553986 0.22489407658577 0.225591242313385 0.226193279027939 0.226578623056412 0.226937904953957 0.227164551615715 0.227487459778786 0.22804282605648 0.228280872106552 0.228083282709122 0.227698117494583 0.227159515023232 0.226636484265327 0.226120844483376 0.224986389279366 0.223704069852829 0.223250150680542 0.22286194562912 0.222601786255836 0.22223687171936 0.221433535218239 0.220590695738792 0.219664484262466 0.21885347366333 0.218183249235153 0.217587843537331 0.217046901583672 0.216689258813858 0.216407522559166 0.216232165694237 0.216077715158463 0.216021880507469 0.215975403785706 0.215984538197517 0.215985640883446 0.215958535671234 0.215872928500175 0.215678706765175 0.215369001030922 0.214933484792709 0.214399859309196 0.213802769780159 0.213172554969788
0.217876061797142 0.218682453036308 0.219860181212425 0.221143543720245 0.221647843718529 0.222074389457703 0.222554638981819 0.223030105233192 0.223481237888336 0.224063634872437 0.224962964653969 0.225663915276527 0.226092517375946 0.22652280330658 0.226954475045204 0.22685569524765 0.226505652070045 0.225567236542702 0.224488243460655 0.223727598786354 0.222987070679665 0.22222101688385 0.221433132886887 0.220553934574127 0.219643637537956 0.218667700886726 0.217836365103722 0.217181771993637 0.216661840677261 0.216240003705025 0.215985149145126 0.21579946577549 0.21572133898735 0.215664356946945 0.215708538889885 0.215762108564377 0.215870961546898 0.21596497297287 0.216006860136986 0.215969547629356 0.215785145759583 0.215478792786598 0.215039595961571 0.214563637971878 0.214063912630081 0.213509827852249
0.214936673641205 0.215777665376663 0.216747894883156 0.217754870653152 0.218139305710793 0.218465268611908 0.21893298625946 0.219401732087135 0.219875603914261 0.220563948154449 0.22177018225193 0.222886994481087 0.223881050944328 0.225033238530159 0.226314797997475 0.226412042975426 0.225948303937912 0.225090742111206 0.224139094352722 0.223159968852997 0.222179114818573 0.221200779080391 0.220249757170677 0.219413131475449 0.218542128801346 0.217598542571068 0.216819047927856 0.216240137815475 0.215839236974716 0.215568006038666 0.215402603149414 0.215281024575233 0.215271502733231 0.215284019708633 0.215405136346817 0.215536668896675 0.215730547904968 0.21590219438076 0.215995714068413 0.215985521674156 0.215782687067986 0.215455204248428 0.214991897344589 0.214578494429588 0.214197397232056 0.21376658976078
0.213572949171066 0.214303001761436 0.215001121163368 0.215690165758133 0.215874806046486 0.216019868850708 0.216490745544434 0.216973945498466 0.217519760131836 0.218291461467743 0.219608634710312 0.220686241984367 0.221434950828552 0.222564086318016 0.224004477262497 0.224217742681503 0.223849728703499 0.223116889595985 0.222296863794327 0.221425041556358 0.220549672842026 0.219674617052078 0.218840077519417 0.21817509829998 0.21748386323452 0.21673721075058 0.216116696596146 0.215650364756584 0.215346768498421 0.215161710977554 0.215055108070374 0.214981004595757 0.215003490447998 0.215044975280762 0.215175956487656 0.215316250920296 0.215515226125717 0.215686872601509 0.215762361884117 0.215722396969795 0.215468019247055 0.215098172426224 0.214602500200272 0.214232847094536 0.213944733142853 0.213673412799835
