Ecospace-environmental-drivers/Outputs/ASCII-for-ecospace/MOM6-ISIMIP3a/o2-surf/1996-01_o2-surf_MOM6-ISIMIP3a.asc
NCOLS 131 
NROWS 53 
XLLCORNER -98 
YLLCORNER 23.9265270233154 
CELLSIZE 0.133587792515755 
NODATA_value -9999 
[rows 0 to 20 of 53, columns 46 to 91 of 131]
-9999 -9999 -9999 -9999 -9999 -9999 -9999 -9999 -9999 -9999 -9999 -9999 -9999 -9999 -9999 -9999 -9999 -9999 -9999 -9999 -9999 -9999 -9999 -9999 -9999 -9999 -9999 -9999 -9999 -9999 -9999 -9999 -9999 -9999 -9999 -9999 -9999 -9999 -9999 -9999 -9999 -9999 -9999 -9999 -9999 -9999
-9999 -9999 -9999 -9999 -9999 -9999 -9999 -9999 -9999 -9999 -9999 -9999 -9999 -9999 -9999 -9999 -9999 -9999 -9999 -9999 -9999 -9999 -9999 -9999 -9999 -9999 -9999 -9999 -9999 -9999 -9999 -9999 -9999 -9999 -9999 -9999 -9999 -9999 -9999 -9999 -9999 -9999 -9999 -9999 -9999 -9999
-9999 -9999 -9999 -9999 -9999 -9999 -9999 -9999 -9999 -9999 -9999 -9999 -9999 -9999 -9999 -9999 -9999 -9999 -9999 -9999 -9999 -9999 -9999 -9999 -9999 -9999 -9999 -9999 0.262304216623306 0.262968897819519 -9999 -9999 -9999 -9999 -9999 -9999 -9999 -9999 -9999 -9999 -9999 -9999 -9999 -9999 -9999 -9999
-9999 -9999 -9999 -9999 -9999 -9999 -9999 -9999 -9999 -9999 -9999 -9999 -9999 -9999 -9999 -9999 -9999 -9999 -9999 -9999 -9999 -9999 -9999 -9999 -9999 -9999 -9999 -9999 0.262040704488754 0.26294618844986 -9999 -9999 -9999 -9999 -9999 -9999 -9999 -9999 -9999 -9999 -9999 -9999 -9999 -9999 -9999 -9999
-9999 -9999 -9999 -9999 -9999 -9999 -9999 -9999 -9999 -9999 -9999 -9999 -9999 -9999 -9999 -9999 -9999 -9999 -9999 0.279659390449524 0.279148608446121 0.278739988803864 0.276356339454651 0.273996382951736 0.269326359033585 0.265284687280655 0.262525737285614 0.261443793773651 0.261807680130005 0.262870699167252 0.264160186052322 -9999 -9999 0.261534541845322 0.256415843963623 0.250264972448349 0.245463624596596 0.243211686611176 0.242627859115601 0.24354088306427 0.245019197463989 0.247286736965179 0.250292181968689 -9999 -9999 -9999
-9999 -9999 -9999 -9999 -9999 -9999 -9999 -9999 -9999 -9999 -9999 -9999 -9999 -9999 -9999 0.240530923008919 -9999 0.244308710098267 0.247514724731445 0.263371497392654 0.279659390449524 0.279046446084976 0.278739988803864 0.273972719907761 0.269276410341263 0.26472994685173 0.261847704648972 0.26099956035614 0.261484116315842 0.26293933391571 0.26418861746788 0.265352636575699 0.264644354581833 0.263568043708801 0.256391197443008 0.249288335442543 0.245115354657173 0.24198716878891 0.242532551288605 0.243363872170448 0.244726210832596 0.246967509388924 0.250166475772858 0.253742575645447 0.257562756538391 -9999
-9999 -9999 -9999 -9999 -9999 -9999 -9999 -9999 -9999 -9999 -9999 0.223102897405624 0.223013371229172 0.222954452037811 0.222809731960297 0.231565997004509 0.240161120891571 0.240900725126266 0.244510695338249 0.247514724731445 0.262940376996994 0.279659390449524 0.278739988803864 0.273972719907761 0.269276410341263 0.26472994685173 0.261847704648972 0.26099956035614 0.261484116315842 0.26293933391571 0.26418861746788 0.265352636575699 0.264644354581833 0.263568043708801 0.256391197443008 0.249288335442543 0.245115354657173 0.24198716878891 0.242532551288605 0.243363872170448 0.244726210832596 0.246967509388924 0.250166475772858 0.253742575645447 0.257562756538391 0.258572369813919
-9999 -9999 -9999 -9999 -9999 -9999 -9999 -9999 -9999 -9999 -9999 0.223582893610001 0.223102897405624 0.222923845052719 -9999 0.222668766975403 0.231262803077698 0.239421516656876 0.240900725126266 0.245116651058197 0.247514724731445 0.26164698600769 0.272121012210846 0.26728492975235 0.262505650520325 0.257846236228943 0.254476517438889 0.252683043479919 0.252961754798889 0.254749804735184 0.256150960922241 0.25739187002182 0.25652751326561 0.255249321460724 0.24997815489769 0.244746416807175 0.241344094276428 0.238744735717773 0.238968625664711 0.239551872014999 0.240802481770515 0.242842376232147 0.245742216706276 0.249079361557961 0.252699464559555 0.254172265529633
-9999 -9999 -9999 -9999 -9999 -9999 -9999 -9999 -9999 -9999 -9999 -9999 -9999 -9999 -9999 0.222662135958672 0.222599342465401 0.230730295181274 0.237942308187485 0.240900725126266 0.24693451821804 0.257300108671188 0.264727234840393 0.259856641292572 0.255021005868912 0.250259280204773 0.246376559138298 0.243568167090416 0.243624657392502 0.245767876505852 0.247313484549522 0.248611614108086 0.247581884264946 0.246094554662704 0.242914199829102 0.239736169576645 0.237193539738655 0.235187098383904 0.235065951943398 0.235379368066788 0.236499831080437 0.238307610154152 0.240864247083664 0.243937283754349 0.247344434261322 0.250855475664139
0.273617893457413 0.273957133293152 -9999 -9999 -9999 -9999 -9999 -9999 -9999 -9999 -9999 0.246982038021088 0.224074885249138 -9999 -9999 -9999 0.222496822476387 0.222914516925812 0.229397147893906 0.234983876347542 0.235198274254799 0.247078940272331 0.255997240543365 0.252517700195312 0.248845666646957 0.244767218828201 0.241346776485443 0.238730534911156 0.238784939050674 0.240784600377083 0.241649657487869 0.24204483628273 0.241123259067535 0.239942833781242 0.237946659326553 0.235962837934494 0.234394714236259 0.233162403106689 0.233110874891281 0.233352228999138 0.23413747549057 0.235429853200912 0.237274780869484 0.240131735801697 0.243643522262573 0.247476905584335
0.273590356111526 0.2743239402771 0.274378091096878 -9999 -9999 -9999 -9999 -9999 -9999 -9999 -9999 0.257696956396103 0.242423444986343 0.224074885249138 -9999 -9999 0.221670493483543 0.222717076539993 0.22435599565506 0.224028035998344 0.224413245916367 0.237145334482193 0.247059166431427 0.245178312063217 0.242865547537804 0.2396409958601 0.236808195710182 0.234454199671745 0.234469965100288 0.236211836338043 0.236481741070747 0.236142084002495 0.235368639230728 0.234509944915771 0.233557179570198 0.232624992728233 0.231928005814552 0.23140013217926 0.231466948986053 0.231688559055328 0.232197657227516 0.233018934726715 0.234180316329002 0.236714482307434 0.240136906504631 0.244096249341965
0.273590356111526 0.2743239402771 0.274486362934113 0.274093121290207 0.273964583873749 -9999 -9999 -9999 -9999 -9999 -9999 -9999 0.250771522521973 0.236672088503838 0.224074885249138 0.223102897405624 0.221670493483543 0.222717076539993 0.22435599565506 0.22127366065979 0.21873040497303 0.228754132986069 0.237005025148392 0.237836390733719 0.237932652235031 0.236477077007294 0.234904378652573 0.233188524842262 0.232969582080841 0.233840942382812 0.233973890542984 0.233801051974297 0.233390286564827 0.232932776212692 0.232268169522285 0.231623008847237 0.231242716312408 0.231045469641685 0.231491908431053 0.231974542140961 0.232524365186691 0.233112052083015 0.233741015195847 0.235379979014397 0.237672463059425 0.240704402327538
0.273169487714767 0.273945480585098 0.274022728204727 0.273901224136353 0.273962169885635 -9999 -9999 -9999 -9999 0.270022243261337 0.264182269573212 0.258227705955505 0.252115815877914 0.241971030831337 0.228526636958122 0.223104998469353 0.221483558416367 0.222155928611755 0.223376348614693 0.21854642033577 0.21414840221405 0.222086310386658 0.229044705629349 0.231903716921806 0.233801379799843 0.2336695343256 0.233026757836342 0.231759503483772 0.231292113661766 0.231407314538956 0.231394395232201 0.231328383088112 0.231300532817841 0.23128017783165 0.231025889515877 0.230783149600029 0.23073798418045 0.23086242377758 0.231583252549171 0.232241213321686 0.232782408595085 0.233170509338379 0.233391791582108 0.234241187572479 0.235496982932091 0.237479627132416
0.271696418523788 0.272620916366577 0.273268401622772 0.273837119340897 0.273962169885635 0.274030327796936 0.27378922700882 0.273424863815308 0.272433549165726 0.270022243261337 0.264182269573212 0.258227705955505 0.252115815877914 0.242105156183243 0.228904619812965 0.223112389445305 0.220829322934151 0.220191851258278 0.219947561621666 0.215887054800987 0.212318539619446 0.219726994633675 0.226319015026093 0.229494288563728 0.231674239039421 0.231752946972847 0.231214597821236 0.22992205619812 0.229171916842461 0.228816851973534 0.228635728359222 0.228526651859283 0.22893226146698 0.229439035058022 0.229900419712067 0.230348631739616 0.230684667825699 0.231108412146568 0.231840535998344 0.232459649443626 0.232868880033493 0.2331423163414 0.233267813920975 0.233591690659523 0.234043896198273 0.234672576189041
0.268197596073151 0.269407212734222 0.270709604024887 0.272038400173187 0.272471994161606 0.27279007434845 0.272463291883469 0.271949708461761 0.270486056804657 0.267664879560471 0.261565864086151 0.25548779964447 0.24943844974041 0.240877121686935 0.230260536074638 0.225358799099922 0.223164066672325 0.221819862723351 0.220678865909576 0.217472851276398 0.214706644415855 0.220406919717789 0.225536376237869 0.228276923298836 0.230205893516541 0.230421602725983 0.229888796806335 0.228441178798676 0.227309763431549 0.226408705115318 0.226089119911194 0.226010352373123 0.226746335625648 0.227642491459846 0.228791698813438 0.229906648397446 0.230595320463181 0.231266126036644 0.231874153017998 0.232385292649269 0.232716470956802 0.232910916209221 0.232956409454346 0.23291651904583 0.232821375131607 0.232511654496193
0.261834710836411 0.263522624969482 0.265599578619003 0.26778718829155 0.268875002861023 0.269796371459961 0.269262701272964 0.26838892698288 0.265785157680511 0.261974662542343 0.255250364542007 0.248874127864838 0.242975786328316 0.237723246216774 0.232999086380005 0.230770766735077 0.229724675416946 0.228526428341866 0.22729180753231 0.225060552358627 0.223058179020882 0.225383803248405 0.227500841021538 0.228744894266129 0.229668989777565 0.229917645454407 0.229250609874725 0.227464392781258 0.225812450051308 0.224258318543434 0.223842293024063 0.223897606134415 0.224818244576454 0.225908979773521 0.227706670761108 0.229454100131989 0.230455011129379 0.231299042701721 0.231591567397118 0.231896981596947 0.232226341962814 0.232392236590385 0.232380017638206 0.23220506310463 0.231924802064896 0.231264248490334
0.255077928304672 0.256685793399811 0.258813738822937 0.261089622974396 0.262651771306992 0.264065533876419 0.263445198535919 0.262429505586624 0.259402573108673 0.255445718765259 0.249243453145027 0.243424206972122 0.238130837678909 0.23509469628334 0.233905360102654 0.233356982469559 0.233112215995789 0.232323378324509 0.231404557824135 0.22998782992363 0.228648751974106 0.228937670588493 0.229168862104416 0.229158446192741 0.229233160614967 0.229487597942352 0.228867709636688 0.227179229259491 0.22537100315094 0.223475560545921 0.222868785262108 0.222795709967613 0.223800420761108 0.225016981363297 0.226944506168365 0.228819772601128 0.22992742061615 0.230825260281563 0.230985403060913 0.23120205104351 0.231523662805557 0.231657385826111 0.231586396694183 0.231320947408676 0.230929657816887 0.230164855718613
0.247989431023598 0.24904702603817 0.250616639852524 0.252331882715225 0.254216909408569 0.256029725074768 0.255423992872238 0.254450142383575 0.251603811979294 0.24821050465107 0.243496417999268 0.238954290747643 0.234648212790489 0.232908546924591 0.233268648386002 0.233563587069511 0.233827650547028 0.233670115470886 0.233411848545074 0.232674717903137 0.231914281845093 0.231293186545372 0.230587244033813 0.229526177048683 0.22888246178627 0.229119777679443 0.228699803352356 0.227476492524147 0.22581872344017 0.22384449839592 0.222967565059662 0.222545072436333 0.223549127578735 0.224833622574806 0.226454243063927 0.228032350540161 0.229073703289032 0.229924753308296 0.230106726288795 0.230333119630814 0.230641975998878 0.230740502476692 0.230609834194183 0.230291411280632 0.229851484298706 0.22919012606144
0.241855517029762 0.242166057229042 0.242932990193367 0.243829742074013 0.245407074689865 0.246986001729965 0.24672657251358 0.246154114603996 0.243989273905754 0.241460055112839 0.238050982356071 0.234866246581078 0.231989473104477 0.231335252523422 0.232499465346336 0.233034580945969 0.233271732926369 0.233348518610001 0.233387008309364 0.23305544257164 0.232664912939072 0.23178605735302 0.230860531330109 0.229739710688591 0.229012727737427 0.229117140173912 0.228757843375206 0.227831810712814 0.226394414901733 0.22458453476429 0.223527878522873 0.222783133387566 0.223534658551216 0.224580317735672 0.225874200463295 0.227140367031097 0.228046059608459 0.228801444172859 0.229028344154358 0.229274347424507 0.229555830359459 0.22959266602993 0.229362979531288 0.229008585214615 0.228573501110077 0.228008285164833
0.236188754439354 0.235655918717384 0.235500603914261 0.2354526668787 0.236413761973381 0.237449035048485 0.237698256969452 0.23770309984684 0.236464902758598 0.234946861863136 0.232753127813339 0.230965062975883 0.229733899235725 0.230061858892441 0.231665432453156 0.232145607471466 0.232093647122383 0.232210502028465 0.23236770927906 0.232307612895966 0.232184857130051 0.231367409229279 0.230573445558548 0.229877784848213 0.229378372430801 0.229293197393417 0.228926450014114 0.228215530514717 0.227032721042633 0.225506171584129 0.224314033985138 0.223260372877121 0.223636090755463 0.224292784929276 0.225250229239464 0.226197212934494 0.226933285593987 0.227569073438644 0.22785222530365 0.228122681379318 0.228369623422623 0.228331834077835 0.227983862161636 0.227601811289787 0.227197721600533 0.226725086569786
0.230790644884109 0.230401530861855 0.229992255568504 0.229577258229256 0.230076089501381 0.230663821101189 0.231126368045807 0.23143182694912 0.230938225984573 0.230276629328728 0.229209378361702 0.228514358401299 0.228330373764038 0.228987812995911 0.2303337007761 0.230653718113899 0.230487778782845 0.230510622262955 0.230578571557999 0.230712696909904 0.230820059776306 0.230471804738045 0.230128526687622 0.229806065559387 0.229522600769997 0.229321464896202 0.228953510522842 0.228381663560867 0.227540969848633 0.226504445075989 0.225491151213646 0.224487498402596 0.224585697054863 0.224900498986244 0.225541651248932 0.226164802908897 0.226494014263153 0.226708769798279 0.226521149277687 0.226465821266174 0.226656183600426 0.226650208234787 0.226430356502533 0.226106375455856 0.225715041160583 0.225240960717201
