Ecospace-environmental-drivers/Outputs/ASCII-for-ecospace/MOM6-ISIMIP3a/o2-surf/1997-12_o2-surf_MOM6-ISIMIP3a.asc
NCOLS 131 
NROWS 53 
XLLCORNER -98 
YLLCORNER 23.9265270233154 
CELLSIZE 0.133587792515755 
NODATA_value -9999 
[rows 0 to 20 of 53, columns 46 to 91 of 131]
-9999 -9999 -9999 -9999 -9999 -9999 -9999 -9999 -9999 -9999 -9999 -9999 -9999 -9999 -9999 -9999 -9999 -9999 -9999 -9999 -9999 -9999 -9999 -9999 -9999 -9999 -9999 -9999 -9999 -9999 -9999 -9999 -9999 -9999 -9999 -9999 -9999 -9999 -9999 -9999 -9999 -9999 -9999 -9999 -9999 -9999
-9999 -9999 -9999 -9999 -9999 -9999 -9999 -9999 -9999 -9999 -9999 -9999 -9999 -9999 -9999 -9999 -9999 -9999 -9999 -9999 -9999 -9999 -9999 -9999 -9999 -9999 -9999 -9999 -9999 -9999 -9999 -9999 -9999 -9999 -9999 -9999 -9999 -9999 -9999 -9999 -9999 -9999 -9999 -9999 -9999 -9999
-9999 -9999 -9999 -9999 -9999 -9999 -9999 -9999 -9999 -9999 -9999 -9999 -9999 -9999 -9999 -9999 -9999 -9999 -9999 -9999 -9999 -9999 -9999 -9999 -9999 -9999 -9999 -9999 0.250582665205002 0.250467330217361 -9999 -9999 -9999 -9999 -9999 -9999 -9999 -9999 -9999 -9999 -9999 -9999 -9999 -9999 -9999 -9999
-9999 -9999 -9999 -9999 -9999 -9999 -9999 -9999 -9999 -9999 -9999 -9999 -9999 -9999 -9999 -9999 -9999 -9999 -9999 -9999 -9999 -9999 -9999 -9999 -9999 -9999 -9999 -9999 0.250551521778107 0.250576317310333 -9999 -9999 -9999 -9999 -9999 -9999 -9999 -9999 -9999 -9999 -9999 -9999 -9999 -9999 -9999 -9999
-9999 -9999 -9999 -9999 -9999 -9999 -9999 -9999 -9999 -9999 -9999 -9999 -9999 -9999 -9999 -9999 -9999 -9999 -9999 0.262839138507843 0.26239413022995 0.262038141489029 0.259961485862732 0.258068919181824 0.254672259092331 0.25219339132309 0.250870198011398 0.250419080257416 0.250571250915527 0.250664234161377 0.250493466854095 -9999 -9999 0.245271191000938 0.240757077932358 0.235658690333366 0.231665551662445 0.229783311486244 0.22935451567173 0.230317637324333 0.231878951191902 0.234175145626068 0.236788183450699 -9999 -9999 -9999
-9999 -9999 -9999 -9999 -9999 -9999 -9999 -9999 -9999 -9999 -9999 -9999 -9999 -9999 -9999 0.230033561587334 -9999 0.232261791825294 0.23416930437088 0.24849970638752 0.262839138507843 0.2623051404953 0.262038141489029 0.257884860038757 0.254283726215363 0.251848161220551 0.250448286533356 0.250314146280289 0.250494807958603 0.250904768705368 0.250593096017838 0.249982565641403 0.24841833114624 0.246666610240936 0.240728631615639 0.234875991940498 0.231371447443962 0.228749215602875 0.229229286313057 0.23008506000042 0.231638565659523 0.233913227915764 0.236973643302917 0.239477679133415 0.241621688008308 -9999
-9999 -9999 -9999 -9999 -9999 -9999 -9999 -9999 -9999 -9999 -9999 0.209698677062988 0.209526047110558 0.209444284439087 0.209332153201103 0.219705656170845 0.229837745428085 0.230229362845421 0.232386708259583 0.23416930437088 0.248490691184998 0.262839138507843 0.262038141489029 0.257884860038757 0.254283726215363 0.251848161220551 0.250448286533356 0.250314146280289 0.250494807958603 0.250904768705368 0.250593096017838 0.249982565641403 0.24841833114624 0.246666610240936 0.240728631615639 0.234875991940498 0.231371447443962 0.228749215602875 0.229229286313057 0.23008506000042 0.231638565659523 0.233913227915764 0.236973643302917 0.239477679133415 0.241621688008308 0.242188304662704
-9999 -9999 -9999 -9999 -9999 -9999 -9999 -9999 -9999 -9999 -9999 0.210624262690544 0.209698677062988 0.209353417158127 -9999 0.209362268447876 0.219818145036697 0.229446142911911 0.230229362845421 0.232761472463608 0.23416930437088 0.248463615775108 0.259179830551147 0.25492137670517 0.250903755426407 0.247394561767578 0.245301023125648 0.244937688112259 0.244936898350716 0.245200201869011 0.244771078228951 0.244055196642876 0.242174327373505 0.240064427256584 0.235066518187523 0.230154737830162 0.227129265666008 0.224813863635063 0.224995136260986 0.225654616951942 0.227202147245407 0.22949630022049 0.232603892683983 0.235156983137131 0.237351253628731 0.237827911973
-9999 -9999 -9999 -9999 -9999 -9999 -9999 -9999 -9999 -9999 -9999 -9999 -9999 -9999 -9999 0.209135502576828 0.209943160414696 0.22033654153347 0.228662922978401 0.230229362845421 0.233885750174522 0.246553629636765 0.255936294794083 0.251569986343384 0.247108921408653 0.242447763681412 0.239615097641945 0.239017218351364 0.238822102546692 0.238920375704765 0.238350540399551 0.23750402033329 0.235274091362953 0.23277223110199 0.228831589221954 0.224977746605873 0.222492396831512 0.220525652170181 0.220382377505302 0.220820844173431 0.222339645028114 0.224639236927032 0.227789491415024 0.230401158332825 0.232664316892624 0.234974473714828
0.258946061134338 0.259101152420044 -9999 -9999 -9999 -9999 -9999 -9999 -9999 -9999 -9999 0.234044387936592 0.211572989821434 -9999 -9999 -9999 0.209390208125114 0.212121650576591 0.221278563141823 0.227096483111382 0.227643460035324 0.240676447749138 0.250392377376556 0.246226131916046 0.241978242993355 0.237558037042618 0.235060438513756 0.234912663698196 0.234771117568016 0.234634086489677 0.233576014637947 0.232136517763138 0.229652181267738 0.226962447166443 0.224512860178947 0.222142860293388 0.220463469624519 0.219108387827873 0.218893632292747 0.219012469053268 0.219750836491585 0.221505045890808 0.224366053938866 0.227174714207649 0.229949489235878 0.232704624533653
0.259063869714737 0.259138435125351 0.259143948554993 -9999 -9999 -9999 -9999 -9999 -9999 -9999 -9999 0.244887322187424 0.230645164847374 0.211572989821434 -9999 -9999 0.206936553120613 0.211535379290581 0.217893004417419 0.219638556241989 0.221804931759834 0.234708115458488 0.244415417313576 0.24074774980545 0.236930847167969 0.232798963785172 0.230582654476166 0.230707570910454 0.230537742376328 0.23015321791172 0.228740230202675 0.226901337504387 0.224387675523758 0.221741378307343 0.220637902617455 0.219601407647133 0.218661174178123 0.217868849635124 0.217596620321274 0.217454090714455 0.217552408576012 0.218772277235985 0.221214085817337 0.224068522453308 0.227189958095551 0.230274230241776
0.259063869714737 0.259138435125351 0.259154945611954 0.257546305656433 0.256405591964722 -9999 -9999 -9999 -9999 -9999 -9999 -9999 0.239788100123405 0.225648835301399 0.211572989821434 0.209698677062988 0.206936553120613 0.211535379290581 0.217893004417419 0.217891648411751 0.218132138252258 0.228250876069069 0.236115723848343 0.234547883272171 0.232330203056335 0.228740677237511 0.226517170667648 0.225963175296783 0.225326180458069 0.224628701806068 0.223575875163078 0.222375869750977 0.22104024887085 0.219677969813347 0.219143122434616 0.218633815646172 0.218074485659599 0.217582657933235 0.217328146100044 0.217236667871475 0.217447936534882 0.218192532658577 0.219518199563026 0.221607401967049 0.224190667271614 0.226982653141022
0.258455693721771 0.258623898029327 0.257847130298615 0.256801605224609 0.25638148188591 -9999 -9999 -9999 -9999 0.252984702587128 0.249324530363083 0.245600134134293 0.241787523031235 0.23197665810585 0.217258155345917 0.210226312279701 0.206835448741913 0.210799932479858 0.216521844267845 0.215560391545296 0.214741557836533 0.22268109023571 0.229083999991417 0.229056000709534 0.228107780218124 0.225216895341873 0.223079800605774 0.221863955259323 0.220807105302811 0.219866067171097 0.219125866889954 0.218468829989433 0.218079060316086 0.217741817235947 0.217643141746521 0.217542007565498 0.21733047068119 0.217118993401527 0.21690770983696 0.216875821352005 0.217177078127861 0.217573955655098 0.218075037002563 0.219431668519974 0.221341878175735 0.223619505763054
0.256327152252197 0.256823033094406 0.256837844848633 0.256715834140778 0.25638148188591 0.256033688783646 0.255910277366638 0.255653470754623 0.254718065261841 0.252984702587128 0.249324530363083 0.245600134134293 0.241787523031235 0.232958257198334 0.220024481415749 0.212073028087616 0.206481590867043 0.208225801587105 0.211722731590271 0.211768209934235 0.212056502699852 0.219329982995987 0.225222259759903 0.225334107875824 0.22483092546463 0.223029389977455 0.221212759613991 0.219377681612968 0.218019306659698 0.217008128762245 0.216461777687073 0.216107919812202 0.216083511710167 0.216123849153519 0.216130137443542 0.216139659285545 0.216193079948425 0.216211587190628 0.216107368469238 0.21615643799305 0.216490194201469 0.216858252882957 0.217263728380203 0.217969432473183 0.218869403004646 0.220077440142632
0.251904845237732 0.2528275847435 0.253822892904282 0.254838824272156 0.254915863275528 0.254885375499725 0.254546850919724 0.254042148590088 0.252691984176636 0.250677555799484 0.247059091925621 0.243578419089317 0.240286931395531 0.233338266611099 0.22339740395546 0.216102495789528 0.210060924291611 0.209639921784401 0.210561856627464 0.211119592189789 0.211975231766701 0.21753066778183 0.222047492861748 0.222217604517937 0.222016423940659 0.221031427383423 0.21965380012989 0.217796325683594 0.216411173343658 0.215370059013367 0.214837163686752 0.21451473236084 0.214642480015755 0.214858740568161 0.214924916625023 0.214998453855515 0.215198040008545 0.215342074632645 0.215290784835815 0.215367689728737 0.21568264067173 0.216055795550346 0.216492399573326 0.216838032007217 0.217124819755554 0.21756286919117
0.24423959851265 0.245729431509972 0.247972309589386 0.250429332256317 0.251378118991852 0.252113521099091 0.25125578045845 0.250152677297592 0.247801423072815 0.245108529925346 0.241590708494186 0.238698378205299 0.236664772033691 0.232867762446404 0.227627962827682 0.223217993974686 0.21920108795166 0.216692700982094 0.214544758200645 0.214915409684181 0.215575203299522 0.217925310134888 0.219843983650208 0.219957023859024 0.2198556214571 0.219301462173462 0.218530431389809 0.217494308948517 0.216470867395401 0.215456649661064 0.214682146906853 0.214006930589676 0.213985472917557 0.214092522859573 0.214154869318008 0.214226454496384 0.214404284954071 0.214526146650314 0.214451253414154 0.214480847120285 0.214704468846321 0.215130671858788 0.215777590870857 0.216174378991127 0.21640932559967 0.216500982642174
0.237363860011101 0.238702997565269 0.240994691848755 0.243557304143906 0.245072290301323 0.246392771601677 0.245357617735863 0.244116947054863 0.241830825805664 0.23947237432003 0.236939296126366 0.235057264566422 0.234069034457207 0.232331052422523 0.229979664087296 0.227531522512436 0.225037544965744 0.222102850675583 0.219062864780426 0.218765839934349 0.218688294291496 0.219062358140945 0.219353035092354 0.219294682145119 0.219150975346565 0.218827039003372 0.21839864552021 0.217842593789101 0.217093288898468 0.216203227639198 0.215290561318398 0.214368551969528 0.214098244905472 0.21395605802536 0.213921621441841 0.2139061242342 0.21403668820858 0.214083433151245 0.213835462927818 0.213708609342575 0.213806703686714 0.214196890592575 0.214905321598053 0.215436592698097 0.215853214263916 0.215939626097679
0.231152951717377 0.231736958026886 0.233068004250526 0.23461152613163 0.236435368657112 0.238188713788986 0.23726399242878 0.23627382516861 0.234950721263885 0.233779683709145 0.232975885272026 0.232459470629692 0.232337638735771 0.231738597154617 0.230749145150185 0.22948545217514 0.228091880679131 0.226129695773125 0.224031656980515 0.222662284970284 0.22139136493206 0.220824599266052 0.220304280519485 0.219978258013725 0.219672590494156 0.219409927725792 0.219101905822754 0.218738496303558 0.218189597129822 0.217505604028702 0.216541886329651 0.215462327003479 0.214859291911125 0.214349940419197 0.21414041519165 0.213966175913811 0.214027985930443 0.213955014944077 0.213408082723618 0.213032901287079 0.21297661960125 0.213255792856216 0.213900461792946 0.214636370539665 0.215431332588196 0.215799808502197
0.226295039057732 0.226252064108849 0.226795881986618 0.227506577968597 0.229150295257568 0.230814427137375 0.230450704693794 0.230097830295563 0.229800164699554 0.2295863032341 0.229574829339981 0.229684352874756 0.229959964752197 0.23000867664814 0.229871734976768 0.229384452104568 0.228731200098991 0.227605327963829 0.22636653482914 0.224894791841507 0.223431915044785 0.222331151366234 0.221338629722595 0.220799148082733 0.220333442091942 0.220023512840271 0.219656765460968 0.219220593571663 0.218692645430565 0.21809783577919 0.217154130339622 0.216065928339958 0.215317726135254 0.214636370539665 0.214335232973099 0.214065074920654 0.213960006833076 0.213729009032249 0.213055178523064 0.212601348757744 0.212556049227715 0.212783575057983 0.213308334350586 0.213982671499252 0.214753806591034 0.21534189581871
0.222099214792252 0.221492007374763 0.221333429217339 0.221302449703217 0.222526788711548 0.223846212029457 0.224263966083527 0.224737673997879 0.225495994091034 0.22612664103508 0.226448997855186 0.226822450757027 0.227266043424606 0.227722123265266 0.228188395500183 0.228277802467346 0.228188693523407 0.227832481265068 0.227412447333336 0.226313009858131 0.225148275494576 0.223712563514709 0.222413644194603 0.221687242388725 0.221062436699867 0.220652118325233 0.220138981938362 0.219500184059143 0.218905359506607 0.218342557549477 0.217453628778458 0.2164296656847 0.215628072619438 0.21487021446228 0.214518293738365 0.214182987809181 0.213863015174866 0.213455244898796 0.212738707661629 0.212289273738861 0.212335899472237 0.212540820240974 0.212918192148209 0.213400676846504 0.213951170444489 0.214728310704231
0.218576073646545 0.218126207590103 0.217867195606232 0.217662468552589 0.218683049082756 0.219819262623787 0.220690995454788 0.221609234809875 0.222764015197754 0.223742112517357 0.224293559789658 0.224780932068825 0.225180357694626 0.225707367062569 0.226338759064674 0.226817652583122 0.227224290370941 0.227026045322418 0.226683273911476 0.225946053862572 0.225153565406799 0.223950907588005 0.222830012440681 0.222051247954369 0.221337199211121 0.220759809017181 0.220096707344055 0.219328850507736 0.218627825379372 0.217975452542305 0.217142984271049 0.21623595058918 0.215499579906464 0.214796766638756 0.214444234967232 0.214101642370224 0.213729321956635 0.213328614830971 0.212828099727631 0.212520971894264 0.212573021650314 0.212715774774551 0.212957337498665 0.213328674435616 0.213783994317055 0.214461863040924
