Ecospace-environmental-drivers/Outputs/ASCII-for-ecospace/MOM6-ISIMIP3a/o2-surf/1997-10_o2-surf_MOM6-ISIMIP3a.asc
NCOLS 131 
NROWS 53 
XLLCORNER -98 
YLLCORNER 23.9265270233154 
CELLSIZE 0.133587792515755 
NODATA_value -9999 
[rows 21 to 41 of 53, columns 0 to 45 of 131]
-9999 -9999 -9999 -9999 -9999 -9999 0.202370271086693 0.202547550201416 0.203043401241302 0.203823179006577 0.204710498452187 0.205685332417488 0.205727145075798 0.205851718783379 0.206070616841316 0.206398352980614 0.206622213125229 0.206774741411209 0.206772372126579 0.206710204482079 0.206595435738564 0.206471398472786 0.20644699037075 0.20641915500164 0.206344589591026 0.206296890974045 0.206336349248886 0.206453815102577 0.206707388162613 0.20693127810955 0.207124620676041 0.20731845498085 0.207512572407722 0.207321137189865 0.207001194357872 0.206944450736046 0.206925541162491 0.207111462950706 0.207375839352608 0.208139777183533 0.209000885486603 0.210132509469986 0.211156889796257 0.21201553940773 0.212613135576248 0.212971150875092
-9999 -9999 -9999 -9999 -9999 -9999 0.202344208955765 0.202370271086693 0.202724814414978 0.203255325555801 0.203823179006577 0.204622998833656 0.205204531550407 0.20535409450531 0.205552995204926 0.20580880343914 0.205955415964127 0.206027060747147 0.206025972962379 0.205996826291084 0.205954104661942 0.205908983945847 0.205954894423485 0.205998942255974 0.206010803580284 0.20602947473526 0.206070199608803 0.206176206469536 0.206396117806435 0.206576704978943 0.206716820597649 0.206798478960991 0.206844508647919 0.206601157784462 0.206261351704597 0.206092551350594 0.205949440598488 0.206090122461319 0.206303998827934 0.206984132528305 0.207745060324669 0.208730980753899 0.209655374288559 0.210484698414803 0.211096912622452 0.211509868502617
-9999 -9999 -9999 -9999 0.203129976987839 0.202579841017723 0.202314555644989 0.202347800135612 0.202370271086693 0.203079357743263 0.203748494386673 0.204264640808105 0.204681053757668 0.204900115728378 0.20508761703968 0.205238685011864 0.205284684896469 0.205258518457413 0.205261915922165 0.205276697874069 0.205306857824326 0.205339714884758 0.205461248755455 0.205582424998283 0.205684512853622 0.20577298104763 0.205817356705666 0.205911844968796 0.206093817949295 0.206226378679276 0.206308096647263 0.206275746226311 0.206173911690712 0.205882653594017 0.205528259277344 0.205248042941093 0.204980611801147 0.205065816640854 0.205219298601151 0.205807626247406 0.206460580229759 0.207293450832367 0.208114475011826 0.208917215466499 0.20954729616642 0.210018932819366
-9999 -9999 -9999 -9999 0.2043846398592 0.203240856528282 0.202845126390457 0.202314555644989 0.202358573675156 0.202918782830238 0.203485921025276 0.204079642891884 0.204489499330521 0.204535558819771 0.204621091485023 0.204752147197723 0.204809948801994 0.204817429184914 0.204832971096039 0.204851627349854 0.204913452267647 0.20498289167881 0.205111294984818 0.205241620540619 0.205377280712128 0.205502226948738 0.205592513084412 0.205695360898972 0.205820113420486 0.205891519784927 0.205908015370369 0.205827057361603 0.205686718225479 0.205410659313202 0.20508936047554 0.204788342118263 0.204491689801216 0.204415738582611 0.204401955008507 0.204783961176872 0.205259650945663 0.205996111035347 0.206736892461777 0.207484364509583 0.20807671546936 0.208526730537415
-9999 -9999 -9999 -9999 -9999 0.2043846398592 0.203419074416161 0.203375712037086 0.202430427074432 0.202854380011559 0.203316867351532 0.203926891088486 0.204303815960884 0.20421952009201 0.204216197133064 0.204306334257126 0.204359605908394 0.204387575387955 0.204413548111916 0.204438745975494 0.20453006029129 0.20463302731514 0.204767987132072 0.204906091094017 0.205064624547958 0.205215960741043 0.205344036221504 0.20545369386673 0.20553120970726 0.205552145838737 0.205514878034592 0.205391272902489 0.205215066671371 0.204949989914894 0.204655289649963 0.204340323805809 0.204023405909538 0.203822910785675 0.203676298260689 0.203872919082642 0.204183429479599 0.204810991883278 0.205457121133804 0.206131905317307 0.206677734851837 0.207105189561844
-9999 -9999 -9999 -9999 -9999 0.204326525330544 0.2043846398592 0.203601390123367 0.202868655323982 0.203211694955826 0.203557774424553 0.203915506601334 0.204143851995468 0.204116150736809 0.204081580042839 0.204039096832275 0.204016253352165 0.204006925225258 0.20403578877449 0.204079404473305 0.204190567135811 0.204313650727272 0.204453781247139 0.204593643546104 0.204728186130524 0.204861715435982 0.204991936683655 0.205101653933525 0.20517560839653 0.20519295334816 0.205152094364166 0.205012038350105 0.204811587929726 0.204538986086845 0.204242348670959 0.203943639993668 0.203645601868629 0.203481033444405 0.203352779150009 0.203455686569214 0.203654006123543 0.204117983579636 0.204606220126152 0.205131977796555 0.205592632293701 0.205993562936783
-9999 -9999 0.204342931509018 0.204307690262794 0.204229861497879 0.204268351197243 0.204326599836349 0.203830301761627 0.203361049294472 0.203551068902016 0.203729242086411 0.203862056136131 0.203948378562927 0.203942641615868 0.20387002825737 0.203720226883888 0.203638732433319 0.203604146838188 0.203645840287209 0.203716978430748 0.203854024410248 0.204002693295479 0.204152464866638 0.204298958182335 0.204417854547501 0.204538509249687 0.20466485619545 0.204765990376472 0.204823136329651 0.204823613166809 0.204765766859055 0.204608410596848 0.204390421509743 0.204121083021164 0.203834623098373 0.203589528799057 0.203351110219955 0.203248083591461 0.203165456652641 0.203212693333626 0.203331664204597 0.203650340437889 0.203995481133461 0.20438152551651 0.20475161075592 0.205107033252716
-9999.000000000000000 -9999 -9999 -9999 0.204424858093262 0.204191356897354 0.204155877232552 0.204066261649132 0.203971609473228 0.203851282596588 0.203749179840088 0.203716829419136 0.203675419092178 0.203616082668304 0.20349058508873 0.203288733959198 0.203186646103859 0.203153058886528 0.203229278326035 0.203347891569138 0.20352391898632 0.203710079193115 0.203879281878471 0.204043045639992 0.20416447520256 0.204283058643341 0.20439238846302 0.204466074705124 0.204477533698082 0.204432100057602 0.204328119754791 0.204151511192322 0.203930661082268 0.203688085079193 0.203438267111778 0.203328296542168 0.203238397836685 0.203252777457237 0.203275322914124 0.203349858522415 0.203461080789566 0.20367443561554 0.203908741474152 0.204175412654877 0.204443082213402 0.204711645841599
-9999 -9999 -9999 -9999 0.204761311411858 0.204814881086349 0.204537197947502 0.204674988985062 0.204780355095863 0.204248905181885 0.203781992197037 0.203562170267105 0.203380405902863 0.203273937106133 0.203114002943039 0.202892377972603 0.202791512012482 0.202773585915565 0.202895000576973 0.203070223331451 0.203281313180923 0.203498736023903 0.203659206628799 0.203812465071678 0.203915849328041 0.204012021422386 0.204084843397141 0.204120144248009 0.204089969396591 0.204005658626556 0.203865632414818 0.203688353300095 0.203488349914551 0.203315943479538 0.203152731060982 0.203152194619179 0.203174501657486 0.203245148062706 0.203315511345863 0.203384116292 0.203471392393112 0.20361065864563 0.203767225146294 0.2039505392313 0.204136148095131 0.204323887825012
-9999 -9999 -9999 -9999 0.205046281218529 0.205277681350708 0.2055634111166 0.205752715468407 0.205838441848755 0.204769060015678 0.203831017017365 0.203395649790764 0.203057616949081 0.202912181615829 0.202741041779518 0.202540218830109 0.202468052506447 0.202484220266342 0.202664256095886 0.202907562255859 0.203148782253265 0.20338961482048 0.203505948185921 0.203613758087158 0.203673169016838 0.2037213742733 0.203733161091805 0.203716352581978 0.203649625182152 0.20353527367115 0.203371912240982 0.203217297792435 0.203068003058434 0.203020364046097 0.203006595373154 0.203083202242851 0.203172013163567 0.203221991658211 0.203268021345139 0.20328888297081 0.203331843018532 0.203436329960823 0.203556805849075 0.203702032566071 0.203831240534782 0.203945726156235
-9999 -9999 -9999 -9999 0.205277681350708 0.205623552203178 0.206029579043388 0.206259608268738 0.206374943256378 0.205003336071968 0.203796401619911 0.203219786286354 0.202786490321159 0.202636823058128 0.202472358942032 0.202290832996368 0.202240034937859 0.202279046177864 0.202491641044617 0.202771291136742 0.203003153204918 0.20322659611702 0.203294217586517 0.203353941440582 0.203376308083534 0.20338699221611 0.203359857201576 0.203313678503036 0.203234255313873 0.203126698732376 0.20299020409584 0.202892780303955 0.202819153666496 0.202839836478233 0.202891945838928 0.202965706586838 0.203041985630989 0.203050136566162 0.203056827187538 0.203054115176201 0.203071445226669 0.203144565224648 0.203229382634163 0.203332304954529 0.203409299254417 0.203462511301041
-9999 -9999 -9999 -9999 0.205643609166145 0.206029579043388 0.206268221139908 0.206338375806808 0.206520244479179 0.205023199319839 0.203699082136154 0.203036904335022 0.202554106712341 0.202426239848137 0.202281877398491 0.202118501067162 0.202083617448807 0.202136993408203 0.202362641692162 0.202654793858528 0.202847719192505 0.203023135662079 0.20303863286972 0.203048318624496 0.203038781881332 0.203019827604294 0.202970340847969 0.202911838889122 0.202837616205215 0.202764481306076 0.202692493796349 0.202678143978119 0.202698931097984 0.202745601534843 0.202800914645195 0.202811852097511 0.202816277742386 0.202766746282578 0.202722832560539 0.202714681625366 0.202720403671265 0.202764719724655 0.20281420648098 0.202871665358543 0.202899619936943 0.202900484204292
-9999 -9999 -9999 -9999 0.206029579043388 0.206246018409729 0.206360086798668 0.206445306539536 0.206360459327698 0.204847633838654 0.203515872359276 0.20287711918354 0.20241916179657 0.202318966388702 0.202186211943626 0.202015906572342 0.201967731118202 0.202003419399261 0.202215403318405 0.202495455741882 0.202663451433182 0.202811658382416 0.202802002429962 0.202787086367607 0.202757298946381 0.202724397182465 0.202681437134743 0.202639698982239 0.202600061893463 0.202569112181664 0.202547132968903 0.20256319642067 0.202602460980415 0.202629089355469 0.202651500701904 0.202604740858078 0.20254835486412 0.202482417225838 0.202425092458725 0.202422559261322 0.202425122261047 0.202441811561584 0.202454686164856 0.202461659908295 0.202445790171623 0.202408969402313
-9999 -9999 -9999 -9999 -9999 0.206320777535439 0.206326216459274 0.20629657804966 0.206069901585579 0.204588323831558 0.203295856714249 0.202727228403091 0.202325984835625 0.202255964279175 0.202131181955338 0.201943203806877 0.201869204640388 0.20187346637249 0.202060356736183 0.202317759394646 0.202466815710068 0.202596753835678 0.202573493123055 0.202544897794724 0.202499821782112 0.202459692955017 0.202435672283173 0.202423140406609 0.202430695295334 0.20244525372982 0.202467054128647 0.202490970492363 0.202516183257103 0.202503010630608 0.202477052807808 0.202374801039696 0.202262356877327 0.202197700738907 0.202142879366875 0.202150717377663 0.202153727412224 0.202143281698227 0.202119007706642 0.202073350548744 0.202015921473503 0.201947689056396
-9999 -9999 -9999 -9999 -9999 0.206281095743179 0.206276014447212 0.206236749887466 0.206110224127769 0.204576507210732 0.203257009387016 0.202757477760315 0.202392131090164 0.202292278409004 0.202131003141403 0.201898813247681 0.201784059405327 0.201749965548515 0.201911985874176 0.202149748802185 0.202300101518631 0.202435031533241 0.20242902636528 0.202415809035301 0.202368259429932 0.202329635620117 0.202319920063019 0.202323377132416 0.202349841594696 0.20238022506237 0.202414646744728 0.202434197068214 0.202444702386856 0.202400684356689 0.202338501811028 0.202191680669785 0.202033847570419 0.201971828937531 0.201919212937355 0.201926425099373 0.201929405331612 0.201920568943024 0.201895549893379 0.20184551179409 0.201786175370216 0.201718285679817
-9999 -9999 -9999 -9999 -9999 0.206187292933464 0.206241071224213 0.206294730305672 0.206219002604485 0.204615890979767 0.203255653381348 0.202825009822845 0.202491238713264 0.202349156141281 0.202142164111137 0.201860278844833 0.201701700687408 0.201627805829048 0.201765015721321 0.201983734965324 0.20213957130909 0.202284306287766 0.202301934361458 0.202310130000114 0.202262759208679 0.202227428555489 0.20223106443882 0.202247783541679 0.202287316322327 0.202327370643616 0.202367961406708 0.202380627393723 0.202376276254654 0.202303275465965 0.202207386493683 0.202018260955811 0.201817259192467 0.201758146286011 0.201707661151886 0.201711982488632 0.20171482861042 0.201713547110558 0.201695322990417 0.201650872826576 0.201597824692726 0.201536878943443
-9999 -9999 -9999 -9999 -9999 -9999 0.206044808030128 0.206191718578339 0.206072986125946 0.204584240913391 0.203324049711227 0.20293864607811 0.202616140246391 0.202418103814125 0.202164649963379 0.201847225427628 0.201650619506836 0.20153696835041 0.201662927865982 0.201881393790245 0.202039986848831 0.20218800008297 0.202232867479324 0.202267572283745 0.202236413955688 0.202209740877151 0.202197551727295 0.202204421162605 0.202244505286217 0.202287584543228 0.202333748340607 0.202352702617645 0.202355086803436 0.202267929911613 0.202150925993919 0.201951920986176 0.201742574572563 0.201670408248901 0.201606780290604 0.201597616076469 0.201591700315475 0.201594799757004 0.201584532856941 0.20155356824398 0.201508685946465 0.201451018452644
-9999 -9999 -9999 -9999 -9999 -9999 0.205698579549789 0.205647960305214 0.205865517258644 0.204522371292114 0.203387051820755 0.203047215938568 0.202737063169479 0.202485650777817 0.202187523245811 0.201835483312607 0.201601535081863 0.201448693871498 0.201563805341721 0.201782375574112 0.201944068074226 0.202095732092857 0.202166959643364 0.202227577567101 0.202214270830154 0.20219749212265 0.2021694034338 0.202165871858597 0.202205166220665 0.202250599861145 0.202302351593971 0.202329099178314 0.202340602874756 0.202243432402611 0.202110022306442 0.201904818415642 0.201690599322319 0.201606050133705 0.201530054211617 0.201508477330208 0.201494589447975 0.201502084732056 0.201499134302139 0.201480031013489 0.201441019773483 0.201383724808693
-9999 -9999 -9999 -9999 -9999 -9999 0.204292774200439 0.205256074666977 0.205124244093895 0.204172059893608 0.203359201550484 0.203079655766487 0.202803060412407 0.202532351016998 0.202209189534187 0.201825514435768 0.201558962464333 0.201372817158699 0.20147493481636 0.201688379049301 0.201858207583427 0.202020332217216 0.202107146382332 0.202184721827507 0.202199131250381 0.20220285654068 0.202171951532364 0.202163249254227 0.202193289995193 0.202237173914909 0.202295288443565 0.202339440584183 0.202375084161758 0.202305004000664 0.202199682593346 0.202011629939079 0.201812982559204 0.20173117518425 0.201658084988594 0.201640576124191 0.201631292700768 0.201644882559776 0.201641947031021 0.201613485813141 0.201554968953133 0.201468870043755
-9999 -9999 -9999 -9999 -9999 0.199567168951035 0.202025055885315 0.201974287629128 0.204267725348473 0.203742355108261 0.203284338116646 0.203084081411362 0.20285502076149 0.202568903565407 0.20222219824791 0.20180556178093 0.201510563492775 0.201299116015434 0.201389953494072 0.201597526669502 0.201772928237915 0.201942667365074 0.202040150761604 0.202130153775215 0.202170997858047 0.202197656035423 0.202178329229355 0.202174007892609 0.202195823192596 0.202238351106644 0.202302142977715 0.202364757657051 0.202426627278328 0.202390283346176 0.202321201562881 0.202159374952316 0.201985448598862 0.201911121606827 0.201845169067383 0.201832577586174 0.201827943325043 0.201845496892929 0.201838657259941 0.201794102787971 0.20170821249485 0.20158439874649
-9999 -9999 -9999 -9999 0.201972350478172 0.200419038534164 0.199567168951035 0.201302692294121 0.202988594770432 0.20302152633667 0.203037023544312 0.202985808253288 0.202855423092842 0.202568352222443 0.202203512191772 0.201748922467232 0.201440870761871 0.201233461499214 0.201319202780724 0.201518148183823 0.201689824461937 0.201856687664986 0.20194685459137 0.202032566070557 0.202095165848732 0.202153652906418 0.202198818325996 0.202233836054802 0.202251181006432 0.202293038368225 0.202360108494759 0.202444985508919 0.20254074037075 0.202562481164932 0.202559575438499 0.20245723426342 0.202341616153717 0.202292174100876 0.202248826622963 0.202244192361832 0.20224441587925 0.202258184552193 0.202233016490936 0.202147647738457 0.202005565166473 0.201811403036118
