Ecospace-environmental-drivers/Outputs/ASCII-for-ecospace/MOM6-ISIMIP3a/o2-surf/1998-07_o2-surf_MOM6-ISIMIP3a.asc
NCOLS 131 
NROWS 53 
XLLCORNER -98 
YLLCORNER 23.9265270233154 
CELLSIZE 0.133587792515755 
NODATA_value -9999 
[rows 21 to 41 of 53, columns 46 to 91 of 131]
0.200509905815125 0.200439497828484 0.200360357761383 0.200278714299202 0.200210288167 0.200143337249756 0.200079873204231 0.200015559792519 0.199946954846382 0.199880823493004 0.199820652604103 0.199758470058441 0.19969354569912 0.199609816074371 0.199510708451271 0.199420124292374 0.19933357834816 0.199449941515923 0.199614778161049 0.200365006923676 0.201184347271919 0.202424287796021 0.203525096178055 0.204043567180634 0.204348877072334 0.204204171895981 0.203637182712555 0.202554047107697 0.202006414532661 0.201848804950714 0.201993599534035 0.20226363837719 0.202112749218941 0.201879113912582 0.201945006847382 0.202086552977562 0.202858790755272 0.203808903694153 0.205384388566017 0.206904143095016 0.208320394158363 0.209052011370659 0.209037706255913 0.208695098757744 0.208140075206757 0.207025557756424
0.199578121304512 0.199537679553032 0.199490755796432 0.199441999197006 0.199400320649147 0.199359461665154 0.199321523308754 0.199283197522163 0.199242934584618 0.199204668402672 0.19917120039463 0.19913774728775 0.199104323983192 0.199061542749405 0.199011132121086 0.198953375220299 0.198892131447792 0.198934182524681 0.199000909924507 0.199453502893448 0.199960201978683 0.200868770480156 0.201693832874298 0.202169477939606 0.202489331364632 0.202480271458626 0.202155321836472 0.201444283127785 0.201018452644348 0.200800359249115 0.200849771499634 0.201009958982468 0.200926095247269 0.200794249773026 0.200949609279633 0.201182305812836 0.202066585421562 0.203075259923935 0.204521313309669 0.205928891897202 0.207265019416809 0.207953453063965 0.207936197519302 0.207627236843109 0.207129552960396 0.206276804208755
0.198684170842171 0.198672443628311 0.198657646775246 0.198641985654831 0.198628127574921 0.198614507913589 0.198602274060249 0.198589861392975 0.19857656955719 0.198564261198044 0.198554337024689 0.198545545339584 0.198538348078728 0.198531568050385 0.198525130748749 0.198504120111465 0.198476195335388 0.19847010076046 0.198469221591949 0.198653981089592 0.198876246809959 0.199458822607994 0.200010403990746 0.200432196259499 0.200754687190056 0.200867533683777 0.200776591897011 0.200436562299728 0.200140953063965 0.199877679347992 0.199833542108536 0.19988015294075 0.199850291013718 0.199805408716202 0.20003367960453 0.200340136885643 0.201311588287354 0.20235550403595 0.203654214739799 0.20493920147419 0.206198692321777 0.206859186291695 0.206867039203644 0.206608444452286 0.206177443265915 0.205583229660988
0.198327004909515 0.198332846164703 0.198334559798241 0.198335111141205 0.198332145810127 0.198328748345375 0.198323473334312 0.198317304253578 0.198306664824486 0.198295399546623 0.198282659053802 0.198269665241241 0.198256298899651 0.198242798447609 0.198229223489761 0.19820848107338 0.198184370994568 0.198171883821487 0.198162168264389 0.198278725147247 0.198422446846962 0.198835402727127 0.199239268898964 0.199605062603951 0.199901759624481 0.200052574276924 0.200057476758957 0.199884027242661 0.199694782495499 0.199494019150734 0.199421226978302 0.199401408433914 0.199362277984619 0.199319362640381 0.199548155069351 0.199848726391792 0.200752094388008 0.201699510216713 0.202801793813705 0.203919485211372 0.205065727233887 0.205778226256371 0.20601812005043 0.205966308712959 0.205725744366646 0.205317109823227
0.198031648993492 0.198048397898674 0.198058798909187 0.198067396879196 0.198067933320999 0.198067516088486 0.198063284158707 0.198057815432549 0.198045969009399 0.198032706975937 0.198015987873077 0.197998344898224 0.197979435324669 0.197960749268532 0.197942242026329 0.197923734784126 0.197905242443085 0.197889983654022 0.197875514626503 0.197937563061714 0.198017731308937 0.198285266757011 0.198561236262321 0.198872536420822 0.199141159653664 0.199319750070572 0.199404433369637 0.199374347925186 0.199280515313148 0.199140280485153 0.199047267436981 0.198973804712296 0.198931321501732 0.198894932866096 0.199136033654213 0.199440523982048 0.200264006853104 0.201104670763016 0.202005714178085 0.202946737408638 0.203961983323097 0.204699277877808 0.205133736133575 0.205278158187866 0.205234944820404 0.205023631453514
0.198007300496101 0.198005765676498 0.197990551590919 0.197971433401108 0.197943061590195 0.197913751006126 0.197884738445282 0.197855576872826 0.197825744748116 0.197797045111656 0.197771146893501 0.197747021913528 0.197725340723991 0.197708085179329 0.197694450616837 0.197686746716499 0.197681859135628 0.197679728269577 0.19767826795578 0.1977459192276 0.197828322649002 0.198056474328041 0.198291420936584 0.198554739356041 0.198785409331322 0.198947131633759 0.199041172862053 0.19905249774456 0.199006110429764 0.198917701840401 0.198841527104378 0.198770433664322 0.198750525712967 0.198740690946579 0.199045702815056 0.19939723610878 0.20008909702301 0.200778007507324 0.201456591486931 0.202179923653603 0.202986374497414 0.203629210591316 0.204093769192696 0.204388216137886 0.204572588205338 0.204610154032707
0.19792914390564 0.19791017472744 0.1978749781847 0.197835177183151 0.197786882519722 0.197737842798233 0.197692096233368 0.197647258639336 0.197607085108757 0.197571113705635 0.197545289993286 0.197525173425674 0.197512865066528 0.197508752346039 0.197511330246925 0.197520554065704 0.197532936930656 0.197543144226074 0.19755282998085 0.197620362043381 0.197699263691902 0.197885796427727 0.198077142238617 0.198288574814796 0.198477700352669 0.198619738221169 0.198717191815376 0.198760181665421 0.198756039142609 0.198717534542084 0.198666125535965 0.198609381914139 0.198602125048637 0.198604598641396 0.19891844689846 0.19926343858242 0.199799984693527 0.200325384736061 0.200811594724655 0.201335996389389 0.201931312680244 0.202471897006035 0.202952831983566 0.203365623950958 0.203734308481216 0.204012870788574
0.197733610868454 0.197699010372162 0.197656184434891 0.197611004114151 0.197562396526337 0.197513580322266 0.197468727827072 0.197425678372383 0.197391897439957 0.197366386651993 0.197360843420029 0.197367593646049 0.197391226887703 0.197425782680511 0.197469308972359 0.197508841753006 0.197546496987343 0.197567299008369 0.197584092617035 0.197639033198357 0.197701886296272 0.19784189760685 0.197984039783478 0.198135018348694 0.198274806141853 0.198391035199165 0.19847896695137 0.198532328009605 0.198559015989304 0.198566287755966 0.198556914925575 0.198540672659874 0.198524385690689 0.198508083820343 0.198710575699806 0.198932215571404 0.199261710047722 0.199597865343094 0.199957475066185 0.200323879718781 0.200702920556068 0.201124235987663 0.201591610908508 0.202053621411324 0.202512145042419 0.20301453769207
0.197527751326561 0.197484254837036 0.197440981864929 0.197397753596306 0.197356000542641 0.197314485907555 0.197276070713997 0.197240561246872 0.197219908237457 0.197212234139442 0.197235897183418 0.197277426719666 0.197343498468399 0.197414636611938 0.197489932179451 0.197546720504761 0.19759476184845 0.1976128667593 0.197623834013939 0.197660073637962 0.197701886296272 0.197799682617188 0.197898641228676 0.198002472519875 0.198105156421661 0.198205411434174 0.198291748762131 0.198361039161682 0.198414042592049 0.198455184698105 0.198469668626785 0.19847309589386 0.198445111513138 0.19841094315052 0.198512703180313 0.198624685406685 0.19878725707531 0.198965042829514 0.199196249246597 0.199421852827072 0.199637070298195 0.199941456317902 0.200343027710915 0.200800180435181 0.201293289661407 0.2019222676754
0.197308897972107 0.197264984250069 0.197230309247971 0.197198271751404 0.197172343730927 0.197147056460381 0.197122052311897 0.197101324796677 0.197102278470993 0.197121724486351 0.197185814380646 0.197272077202797 0.197388783097267 0.197493851184845 0.197589367628098 0.197647005319595 0.197686716914177 0.197685360908508 0.197674199938774 0.197684094309807 0.197698637843132 0.197759568691254 0.19782292842865 0.197896376252174 0.197977304458618 0.198073998093605 0.198168680071831 0.198260918259621 0.198334544897079 0.198394611477852 0.198410034179688 0.198406979441643 0.198363929986954 0.198312997817993 0.198327407240868 0.198346957564354 0.198393121361732 0.198451340198517 0.198551923036575 0.198658376932144 0.198775708675385 0.198966130614281 0.199236154556274 0.19962041079998 0.20007860660553 0.200711786746979
0.197151124477386 0.197107523679733 0.197078362107277 0.19705331325531 0.197038233280182 0.197024196386337 0.197010308504105 0.197002530097961 0.197025835514069 0.19707390666008 0.197181761264801 0.197305843234062 0.197452172636986 0.197570130228996 0.197664856910706 0.197714865207672 0.197743684053421 0.197732374072075 0.197711482644081 0.197706997394562 0.197706282138824 0.197744145989418 0.197786420583725 0.197847157716751 0.197918444871902 0.198012009263039 0.198105648159981 0.198199406266212 0.198271483182907 0.198327764868736 0.198339879512787 0.198333695530891 0.198295384645462 0.198250770568848 0.198230996727943 0.198213160037994 0.198205187916756 0.198204889893532 0.198231637477875 0.198266997933388 0.198318362236023 0.198417469859123 0.198568612337112 0.19883719086647 0.199181765317917 0.199722453951836
0.197039157152176 0.196996405720711 0.196970447897911 0.196949273347855 0.196941301226616 0.196934759616852 0.19693024456501 0.196934074163437 0.196980267763138 0.197058096528053 0.197212249040604 0.197368949651718 0.197529122233391 0.197644218802452 0.197722420096397 0.197758406400681 0.197774410247803 0.19776026904583 0.197738945484161 0.197729036211967 0.197722107172012 0.197747230529785 0.197779312729836 0.197840571403503 0.197911307215691 0.198002070188522 0.198087632656097 0.198166847229004 0.198220744729042 0.198256194591522 0.198261797428131 0.198255032300949 0.198236346244812 0.198215305805206 0.198201254010201 0.198187306523323 0.198171898722649 0.198158904910088 0.198154374957085 0.19815468788147 0.198164016008377 0.198188841342926 0.19823057949543 0.198351368308067 0.198523312807083 0.198898985981941
0.196979254484177 0.196944817900658 0.196924269199371 0.196907669305801 0.196901991963387 0.196897506713867 0.196894913911819 0.196903064846992 0.196965843439102 0.197065070271492 0.197252318263054 0.197427153587341 0.197584927082062 0.197691917419434 0.197757348418236 0.197788193821907 0.197802662849426 0.197796106338501 0.197784528136253 0.197782590985298 0.197782799601555 0.197804763913155 0.197832733392715 0.197885811328888 0.197943791747093 0.198012128472328 0.198077902197838 0.198140531778336 0.198184922337532 0.198216021060944 0.198232084512711 0.198241919279099 0.198236048221588 0.198227092623711 0.198207065463066 0.198185905814171 0.198157742619514 0.198131069540977 0.198109671473503 0.198093548417091 0.198087215423584 0.19808703660965 0.198093563318253 0.198142185807228 0.198218062520027 0.198449522256851
0.196941658854485 0.196918740868568 0.196904540061951 0.196892842650414 0.196887388825417 0.196882620453835 0.196878746151924 0.196888104081154 0.196964755654335 0.197081819176674 0.197296485304832 0.197483241558075 0.197631672024727 0.19772832095623 0.197782605886459 0.197812095284462 0.197829842567444 0.197835341095924 0.19783790409565 0.19784964621067 0.197862699627876 0.197885647416115 0.197912111878395 0.197953253984451 0.197993233799934 0.198030740022659 0.198071703314781 0.198116898536682 0.198155492544174 0.198189303278923 0.198223099112511 0.198256880044937 0.198260918259621 0.198259115219116 0.198228105902672 0.198194980621338 0.198151767253876 0.198111012578011 0.198078915476799 0.198054313659668 0.198043659329414 0.198039591312408 0.198042675852776 0.198051556944847 0.198064178228378 0.198160365223885
0.19697505235672 0.196970522403717 0.196961551904678 0.196951314806938 0.196936890482903 0.196922093629837 0.196908265352249 0.19690990447998 0.196990191936493 0.197112753987312 0.197337403893471 0.197527453303337 0.19767002761364 0.197764709591866 0.197820231318474 0.197856813669205 0.197884425520897 0.197902366518974 0.197917982935905 0.197933122515678 0.197948023676872 0.19795997440815 0.19797571003437 0.198007225990295 0.198043510317802 0.198089882731438 0.198143854737282 0.19820711016655 0.198254257440567 0.198289677500725 0.198310285806656 0.198324754834175 0.19828999042511 0.198245540261269 0.198172867298126 0.198099687695503 0.198031827807426 0.197970494627953 0.197932064533234 0.19790543615818 0.197900742292404 0.197906896471977 0.197924867272377 0.197943866252899 0.197963535785675 0.198017120361328
0.197023138403893 0.197038412094116 0.197034418582916 0.197024941444397 0.196999669075012 0.196972817182541 0.196947231888771 0.196939289569855 0.19702111184597 0.197146624326706 0.197377637028694 0.197569206357002 0.197706639766693 0.197801098227501 0.197860419750214 0.197905838489532 0.197944670915604 0.197975143790245 0.198003619909286 0.198019996285439 0.198034450411797 0.198032945394516 0.198036044836044 0.198058396577835 0.198093950748444 0.198157399892807 0.198232203722 0.198320880532265 0.198379546403885 0.198416352272034 0.198417380452156 0.198403581976891 0.198319911956787 0.198222517967224 0.198101833462715 0.197982788085938 0.197888314723969 0.197805047035217 0.197761178016663 0.197733849287033 0.197737246751785 0.197756558656693 0.197793200612068 0.197832658886909 0.197873920202255 0.197904050350189
0.197205886244774 0.197237342596054 0.197227701544762 0.197206363081932 0.197151705622673 0.197093829512596 0.197041004896164 0.197009637951851 0.19708739221096 0.19720633327961 0.19742476940155 0.197608351707458 0.197744131088257 0.197838693857193 0.197899520397186 0.197944238781929 0.197981342673302 0.198006942868233 0.198029786348343 0.19804148375988 0.198052600026131 0.198066234588623 0.198085561394691 0.198128789663315 0.198181122541428 0.198252692818642 0.198327347636223 0.198405772447586 0.198451533913612 0.198473513126373 0.198432683944702 0.198365852236748 0.198220282793045 0.198059231042862 0.197909221053123 0.197764590382576 0.197668492794037 0.197585806250572 0.197550296783447 0.197530388832092 0.197539448738098 0.197565585374832 0.197610303759575 0.19766665995121 0.197730526328087 0.19778148829937
0.197394177317619 0.197440505027771 0.197425410151482 0.197392851114273 0.197308257222176 0.197218671441078 0.197138011455536 0.197082623839378 0.197155684232712 0.197267353534698 0.19747219979763 0.197646886110306 0.197780162096024 0.197873890399933 0.197935283184052 0.197978690266609 0.198013573884964 0.198034286499023 0.198051616549492 0.198059991002083 0.198069155216217 0.198098450899124 0.198134139180183 0.198196619749069 0.198263928294182 0.198341384530067 0.198414504528046 0.198482304811478 0.198514893651009 0.198521837592125 0.198438093066216 0.198316767811775 0.198110476136208 0.19788746535778 0.197712108492851 0.197545900940895 0.197451770305634 0.197372660040855 0.197346329689026 0.197334095835686 0.197348028421402 0.197379693388939 0.197430670261383 0.19750189781189 0.197586238384247 0.197658896446228
0.197577342391014 0.197626352310181 0.197613015770912 0.197581946849823 0.197470158338547 0.197350576519966 0.197243258357048 0.197164192795753 0.197228744626045 0.197329953312874 0.197519704699516 0.197680100798607 0.197800174355507 0.197883188724518 0.197935909032822 0.197975799441338 0.198009610176086 0.19803375005722 0.198055580258369 0.198077887296677 0.198101177811623 0.198138222098351 0.198177799582481 0.198228016495705 0.198282614350319 0.198346480727196 0.198413223028183 0.198483496904373 0.198511630296707 0.198509082198143 0.198381498456001 0.198202133178711 0.197953999042511 0.197692364454269 0.197525128722191 0.197370484471321 0.197304740548134 0.197250247001648 0.197235316038132 0.197229623794556 0.197241082787514 0.197267562150955 0.197310417890549 0.197376683354378 0.197458103299141 0.197540506720543
0.197735622525215 0.19778598845005 0.197775095701218 0.197746798396111 0.197614178061485 0.19747132062912 0.197340562939644 0.197240516543388 0.197296723723412 0.197387710213661 0.197562649846077 0.197708681225777 0.197815015912056 0.197887524962425 0.197932347655296 0.197970867156982 0.198006376624107 0.198035046458244 0.19806207716465 0.198096558451653 0.198131889104843 0.198171988129616 0.198210999369621 0.198245480656624 0.198286220431328 0.198340147733688 0.198403850197792 0.198479488492012 0.198504015803337 0.198491320014 0.198321297764778 0.198086127638817 0.197803065180779 0.197510600090027 0.197356730699539 0.197218269109726 0.197179958224297 0.197148963809013 0.197143718600273 0.197143390774727 0.19715216755867 0.197173058986664 0.197207137942314 0.197266861796379 0.197343170642853 0.197431936860085
0.197802737355232 0.197849437594414 0.197843596339226 0.197822824120522 0.197692632675171 0.197551220655441 0.197408720850945 0.197297602891922 0.19734613597393 0.197427645325661 0.197588831186295 0.197720304131508 0.197811007499695 0.197873696684837 0.197913482785225 0.197958424687386 0.198005840182304 0.198043033480644 0.198077797889709 0.198118090629578 0.19815781712532 0.198183730244637 0.198205813765526 0.198211908340454 0.198234483599663 0.198291882872581 0.198364719748497 0.198456436395645 0.19848045706749 0.198455184698105 0.198247864842415 0.197965130209923 0.197672426700592 0.197377756237984 0.197256565093994 0.197151124477386 0.197136700153351 0.19712507724762 0.197123289108276 0.197123989462852 0.19712932407856 0.197143122553825 0.19716614484787 0.197213515639305 0.197276636958122 0.197359472513199
