Ecospace-environmental-drivers/Outputs/ASCII-for-ecospace/MOM6-ISIMIP3a/o2-surf/1998-02_o2-surf_MOM6-ISIMIP3a.asc
NCOLS 131 
NROWS 53 
XLLCORNER -98 
YLLCORNER 23.9265270233154 
CELLSIZE 0.133587792515755 
NODATA_value -9999 
[rows 21 to 41 of 53, columns 46 to 91 of 131]
0.227255761623383 0.22809499502182 0.228888481855392 0.229668974876404 0.230743184685707 0.231839582324028 0.232723385095596 0.233487099409103 0.233640015125275 0.23367814719677 0.233439177274704 0.233456298708916 0.233824998140335 0.233914032578468 0.233774229884148 0.233455985784531 0.2330531924963 0.232814073562622 0.232614040374756 0.232258334755898 0.231897249817848 0.231613501906395 0.231157928705215 0.229983314871788 0.22858738899231 0.226724281907082 0.225064292550087 0.223652586340904 0.222594052553177 0.2217927724123 0.221357464790344 0.221073731780052 0.220529124140739 0.21993325650692 0.219530448317528 0.219225883483887 0.219811052083969 0.220212697982788 0.219969093799591 0.219772130250931 0.21966178715229 0.2196404337883 0.21971607208252 0.22000478208065 0.220431372523308 0.220885649323463
0.225605443120003 0.226933360099792 0.228273540735245 0.229617223143578 0.230745241045952 0.231847792863846 0.232858330011368 0.233730271458626 0.233897134661674 0.233971506357193 0.233822539448738 0.233813777565956 0.233997508883476 0.233887121081352 0.23353610932827 0.232701241970062 0.231637179851532 0.230867862701416 0.230168968439102 0.229617178440094 0.229075491428375 0.228533431887627 0.227867126464844 0.226680815219879 0.225457042455673 0.224154204130173 0.222981944680214 0.22196926176548 0.221209123730659 0.220632940530777 0.220341563224792 0.220168113708496 0.219775974750519 0.219340845942497 0.219071179628372 0.218866243958473 0.21923403441906 0.219461008906364 0.219192892313004 0.21898627281189 0.218893826007843 0.218872725963593 0.218929395079613 0.219240680336952 0.21971669793129 0.220209717750549
0.224094703793526 0.225854396820068 0.227707251906395 0.229586616158485 0.23075345158577 0.231847509741783 0.232945546507835 0.233893901109695 0.234080821275711 0.234197646379471 0.234145238995552 0.234092801809311 0.234040305018425 0.233712404966354 0.233159199357033 0.231796741485596 0.230050966143608 0.228735938668251 0.227523848414421 0.226787015795708 0.226077809929848 0.225295647978783 0.224441215395927 0.223284304141998 0.222279250621796 0.221594795584679 0.220947206020355 0.220344692468643 0.219878926873207 0.219512760639191 0.21934700012207 0.219264224171638 0.219011962413788 0.218726381659508 0.218582034111023 0.218469277024269 0.218613922595978 0.218670517206192 0.218417525291443 0.218231126666069 0.218168407678604 0.218157321214676 0.218202471733093 0.218530625104904 0.219041898846626 0.219563022255898
0.22258386015892 0.223701804876328 0.225168585777283 0.226734578609467 0.228200495243073 0.229639872908592 0.230639070272446 0.231538310647011 0.231929078698158 0.232208073139191 0.232217133045197 0.232011839747429 0.231512248516083 0.230896487832069 0.230185657739639 0.228685423731804 0.226811274886131 0.225303366780281 0.223882958292961 0.223251864314079 0.222689226269722 0.222333863377571 0.221911519765854 0.221208781003952 0.220598638057709 0.220183998346329 0.219788447022438 0.219416245818138 0.21910747885704 0.218844905495644 0.218635633587837 0.218448415398598 0.218156978487968 0.217845052480698 0.21761865913868 0.217426344752312 0.217535972595215 0.21760231256485 0.217516496777534 0.217486634850502 0.217560678720474 0.21770104765892 0.217913657426834 0.21826796233654 0.21871392428875 0.21915628015995
0.221260070800781 0.221869602799416 0.222962483763695 0.224192827939987 0.225748971104622 0.227311789989471 0.228155106306076 0.228942289948463 0.229443892836571 0.22982232272625 0.229903340339661 0.229596883058548 0.228758484125137 0.227963581681252 0.227204263210297 0.225679770112038 0.223792836070061 0.222196340560913 0.220669239759445 0.220147728919983 0.219724521040916 0.219726830720901 0.219669505953789 0.219362646341324 0.219090208411217 0.21889041364193 0.218702733516693 0.218529865145683 0.218354895710945 0.218178421258926 0.217927321791649 0.217645317316055 0.21733033657074 0.217008873820305 0.216705068945885 0.216438382863998 0.216528117656708 0.216610193252563 0.216665387153625 0.216769084334373 0.216962844133377 0.217235803604126 0.217595055699348 0.217983216047287 0.218390092253685 0.218758046627045
0.220756515860558 0.221442267298698 0.22221465408802 0.223011687397957 0.223742172122002 0.224455624818802 0.224892973899841 0.225292071700096 0.22549657523632 0.225699454545975 0.225898370146751 0.225717440247536 0.225015014410019 0.224517777562141 0.224188432097435 0.223137393593788 0.221744537353516 0.220516815781593 0.219328567385674 0.218933448195457 0.218618378043175 0.21867524087429 0.218689009547234 0.218522429466248 0.218336760997772 0.21811081469059 0.21793732047081 0.217827960848808 0.217685103416443 0.217517852783203 0.21723236143589 0.216897904872894 0.216627955436707 0.216370671987534 0.216009765863419 0.215691521763802 0.215827658772469 0.215951696038246 0.216033101081848 0.216169610619545 0.216408401727676 0.216731309890747 0.217145845293999 0.217601761221886 0.218084469437599 0.218397200107574
0.22031207382679 0.221085995435715 0.221670016646385 0.222200006246567 0.222341135144234 0.222441971302032 0.222529679536819 0.222588211297989 0.222498431801796 0.222501173615456 0.222727373242378 0.22260420024395 0.222001388669014 0.221739485859871 0.221756532788277 0.221093311905861 0.220107868313789 0.219157546758652 0.218215599656105 0.217864274978638 0.217578336596489 0.217653900384903 0.217706367373466 0.217662200331688 0.217553809285164 0.217309832572937 0.217142477631569 0.217068731784821 0.216947197914124 0.216790825128555 0.216475710272789 0.216094836592674 0.215886920690536 0.215713009238243 0.215296685695648 0.214926794171333 0.215097948908806 0.215250059962273 0.215335205197334 0.215487316250801 0.215763777494431 0.216119423508644 0.216561362147331 0.217070654034615 0.217623502016068 0.217940747737885
0.219996616244316 0.220884829759598 0.221568688750267 0.222194418311119 0.222261756658554 0.222266584634781 0.222127497196198 0.22194916009903 0.221571192145348 0.221320241689682 0.221375927329063 0.221162661910057 0.220580160617828 0.220417633652687 0.220598712563515 0.220136404037476 0.2193693369627 0.21849699318409 0.217599511146545 0.21711166203022 0.21668253839016 0.216698557138443 0.216719061136246 0.21675831079483 0.216706454753876 0.216462254524231 0.216283395886421 0.216184437274933 0.216060668230057 0.215918809175491 0.215584442019463 0.215170353651047 0.215061575174332 0.215012833476067 0.214544847607613 0.214123085141182 0.214304387569427 0.214454337954521 0.21449413895607 0.214624330401421 0.214922353625298 0.215273261070251 0.215681776404381 0.216213017702103 0.216823667287827 0.217275723814964
0.219738855957985 0.220650881528854 0.221381962299347 0.222061589360237 0.222108006477356 0.222078755497932 0.221756130456924 0.221394717693329 0.220835983753204 0.220414072275162 0.220322519540787 0.220053613185883 0.219541266560555 0.219434648752213 0.219659999012947 0.219319134950638 0.218710094690323 0.217899650335312 0.217041105031967 0.216403290629387 0.215813666582108 0.215704992413521 0.215626031160355 0.215671360492706 0.215637236833572 0.215435355901718 0.215277388691902 0.215173095464706 0.215056717395782 0.214931532740593 0.21459499001503 0.214170932769775 0.214150041341782 0.214208394289017 0.213706508278847 0.21324822306633 0.213418439030647 0.213547632098198 0.213532596826553 0.213638812303543 0.213970199227333 0.214318349957466 0.214684784412384 0.215215101838112 0.215851455926895 0.216432899236679
0.219553664326668 0.220375716686249 0.221087828278542 0.221768662333488 0.221860736608505 0.221875265240669 0.221423506736755 0.220946684479713 0.220342338085175 0.219853609800339 0.219644024968147 0.219362854957581 0.218983381986618 0.218878030776978 0.218996927142143 0.218677550554276 0.218150570988655 0.217381834983826 0.216555312275887 0.215750575065613 0.21497868001461 0.214663341641426 0.214399963617325 0.214354082942009 0.214288875460625 0.214182898402214 0.214086532592773 0.214001923799515 0.213905051350594 0.213799238204956 0.213482022285461 0.213077262043953 0.213130071759224 0.2132728099823 0.212759345769882 0.212283819913864 0.212416276335716 0.212501287460327 0.212419480085373 0.212499156594276 0.212878704071045 0.21322663128376 0.213540077209473 0.21404068171978 0.214662373065948 0.215366423130035
0.219574019312859 0.220307782292366 0.220923244953156 0.221505045890808 0.221609950065613 0.221646413207054 0.221152916550636 0.220635116100311 0.219993710517883 0.219450086355209 0.219142585992813 0.218842014670372 0.218550905585289 0.21837905049324 0.218304768204689 0.217953070998192 0.217469975352287 0.216719284653664 0.215904653072357 0.215033546090126 0.214184567332268 0.213713899254799 0.213289380073547 0.213057935237885 0.212892428040504 0.212866142392159 0.212839961051941 0.212813884019852 0.212748810648918 0.212655320763588 0.212403848767281 0.212086945772171 0.212153762578964 0.212296009063721 0.211794570088387 0.211330488324165 0.211464002728462 0.211535081267357 0.21138659119606 0.211419463157654 0.21178911626339 0.212120607495308 0.212410509586334 0.212894380092621 0.213503777980804 0.214339703321457
0.2197485268116 0.220395281910896 0.220855832099915 0.22126342356205 0.221356555819511 0.221398532390594 0.220928847789764 0.22042590379715 0.219753831624985 0.21916426718235 0.218773946166039 0.218448609113693 0.218212500214577 0.217923328280449 0.217590779066086 0.217166408896446 0.216698557138443 0.215948194265366 0.215130344033241 0.214268311858177 0.21342109143734 0.212833628058434 0.212265402078629 0.21177764236927 0.211459919810295 0.21150116622448 0.21155159175396 0.211613222956657 0.211589172482491 0.211502701044083 0.211351752281189 0.211174115538597 0.211210206151009 0.211288303136826 0.210816606879234 0.21038544178009 0.210549160838127 0.210628986358643 0.210413873195648 0.210384726524353 0.21070097386837 0.211003884673119 0.211292281746864 0.211769178509712 0.212368056178093 0.213342815637589
0.219783052802086 0.220383271574974 0.220740050077438 0.221027612686157 0.221003085374832 0.220933794975281 0.220518529415131 0.220076993107796 0.219501912593842 0.218955650925636 0.218478992581367 0.218060955405235 0.217723369598389 0.217330947518349 0.216893658041954 0.216470241546631 0.216053396463394 0.215326935052872 0.214526474475861 0.213656216859818 0.212797567248344 0.212177768349648 0.2115648239851 0.210980579257011 0.210582673549652 0.21057815849781 0.210620671510696 0.210720658302307 0.210705682635307 0.210606977343559 0.210480123758316 0.210341617465019 0.21031092107296 0.210301443934441 0.209925919771194 0.209583267569542 0.209694236516953 0.209739312529564 0.209552720189095 0.209523394703865 0.209786131978035 0.21009573340416 0.210456416010857 0.21097357571125 0.211591973900795 0.212646484375
0.219757586717606 0.220328584313393 0.220603540539742 0.220794290304184 0.220606729388237 0.220376119017601 0.220028385519981 0.219668224453926 0.219244822859764 0.218780115246773 0.218215644359589 0.217675760388374 0.217169657349586 0.216679990291595 0.216203764081001 0.215812861919403 0.215462371706963 0.214769870042801 0.213995665311813 0.213109761476517 0.212234020233154 0.211618095636368 0.211002871394157 0.210390627384186 0.209943413734436 0.209844559431076 0.209842935204506 0.209960132837296 0.209940567612648 0.209821373224258 0.209685832262039 0.209543526172638 0.209430620074272 0.209323510527611 0.209072634577751 0.208842322230339 0.208865016698837 0.208856701850891 0.208739399909973 0.208736374974251 0.208945572376251 0.209276989102364 0.209741577506065 0.210319221019745 0.210970029234886 0.212078958749771
0.219785138964653 0.220246583223343 0.220539763569832 0.220785096287727 0.220539942383766 0.220243215560913 0.21990992128849 0.219557270407677 0.219106107950211 0.218564987182617 0.21780663728714 0.217089965939522 0.216430529952049 0.215986877679825 0.215719774365425 0.215485319495201 0.215266332030296 0.214624583721161 0.213881835341454 0.213022351264954 0.212169393897057 0.211528182029724 0.210888504981995 0.210255324840546 0.209746673703194 0.209500923752785 0.209398418664932 0.209470972418785 0.209416702389717 0.209270060062408 0.209101960062981 0.20892496407032 0.208795383572578 0.208675146102905 0.208513796329498 0.208361744880676 0.208315208554268 0.208261728286743 0.208183780312538 0.20819616317749 0.208376288414001 0.208690643310547 0.209151208400726 0.209801763296127 0.210575267672539 0.211676090955734
0.2198236733675 0.220158919692039 0.220491051673889 0.220822289586067 0.220541328191757 0.220198199152946 0.219868361949921 0.219507947564125 0.218991875648499 0.218341663479805 0.217367485165596 0.216462671756744 0.215653032064438 0.215285047888756 0.215278387069702 0.215226024389267 0.215152025222778 0.214564502239227 0.213854283094406 0.213029935956001 0.21220800280571 0.211535453796387 0.210866764187813 0.210214093327522 0.209641516208649 0.209237977862358 0.209022834897041 0.209037959575653 0.208942770957947 0.208767235279083 0.208561614155769 0.208343535661697 0.208210855722427 0.208094969391823 0.208015903830528 0.207935020327568 0.207823231816292 0.207726269960403 0.207681462168694 0.207706987857819 0.207863137125969 0.208152368664742 0.208586573600769 0.209312632679939 0.210227519273758 0.211307302117348
0.219750791788101 0.219996273517609 0.220344349741936 0.220721617341042 0.220521092414856 0.22025839984417 0.219914242625237 0.219534710049629 0.218975186347961 0.218305170536041 0.217368319630623 0.216486409306526 0.215679913759232 0.215329334139824 0.215351790189743 0.2154151648283 0.215497925877571 0.215012714266777 0.214391812682152 0.213580787181854 0.212761804461479 0.212017238140106 0.211283966898918 0.210598021745682 0.20995981991291 0.209422424435616 0.209049329161644 0.208877071738243 0.208676844835281 0.208456233143806 0.208221107721329 0.20797997713089 0.207926750183105 0.207910463213921 0.2079126983881 0.207912489771843 0.207881778478622 0.20784267783165 0.20777402818203 0.207738280296326 0.207763612270355 0.207909405231476 0.208186432719231 0.208791077136993 0.209607720375061 0.210748866200447
0.219664961099625 0.219841316342354 0.220196977257729 0.220603629946709 0.220488920807838 0.220314279198647 0.219962045550346 0.219570383429527 0.218978106975555 0.218300700187683 0.217417731881142 0.216573745012283 0.215783268213272 0.215452089905739 0.215496674180031 0.215656876564026 0.215871825814247 0.215490743517876 0.214967250823975 0.214178800582886 0.213371813297272 0.212559849023819 0.211763426661491 0.211032062768936 0.210319265723228 0.209645643830299 0.209111094474792 0.208746507763863 0.208435595035553 0.208163753151894 0.207899361848831 0.207638040184975 0.207664310932159 0.207747116684914 0.207825496792793 0.207901418209076 0.207954883575439 0.207978427410126 0.207896769046783 0.207805708050728 0.207697182893753 0.207701712846756 0.207829400897026 0.208309471607208 0.20901757478714 0.210214704275131
0.219494059681892 0.219804093241692 0.22008903324604 0.220366820693016 0.2203399091959 0.220273688435555 0.219988688826561 0.219664886593819 0.219143658876419 0.218548581004143 0.217775166034698 0.217028439044952 0.21631832420826 0.216055303812027 0.21615806221962 0.216245114803314 0.216324731707573 0.216043919324875 0.215676978230476 0.215020358562469 0.214335232973099 0.213524878025055 0.212697312235832 0.211797699332237 0.210915222764015 0.210068941116333 0.209357067942619 0.208809480071068 0.208358272910118 0.207977294921875 0.207682266831398 0.207422837615013 0.207489624619484 0.207620561122894 0.207720503211021 0.207819476723671 0.207920238375664 0.208009302616119 0.208057269454002 0.208010107278824 0.207786291837692 0.207729175686836 0.20785365998745 0.208269417285919 0.208873614668846 0.210030242800713
0.219350472092628 0.219756171107292 0.219987154006958 0.220168441534042 0.220212459564209 0.22023306787014 0.220001667737961 0.219736233353615 0.21929769217968 0.218800529837608 0.218161836266518 0.217542141675949 0.216948539018631 0.216740429401398 0.216847687959671 0.216843649744987 0.216786891222 0.216587767004967 0.216354608535767 0.215832516551018 0.215273171663284 0.214460387825966 0.213598385453224 0.2125304043293 0.211476102471352 0.210450679063797 0.209565088152885 0.208850428462029 0.20827029645443 0.20778813958168 0.207468539476395 0.207216247916222 0.207328453660011 0.207512319087982 0.207638636231422 0.207763910293579 0.207899853587151 0.208040356636047 0.208196938037872 0.208187535405159 0.20786988735199 0.207760408520699 0.207877725362778 0.208231925964355 0.208739385008812 0.20983025431633
0.219307094812393 0.219669044017792 0.21990755200386 0.220110967755318 0.220164075493813 0.220192298293114 0.219964534044266 0.219722732901573 0.219409465789795 0.219067379832268 0.218655660748482 0.218272238969803 0.217927664518356 0.217725843191147 0.217640832066536 0.217479914426804 0.217283025383949 0.217097416520119 0.216914489865303 0.216536894440651 0.216117709875107 0.215287655591965 0.214379161596298 0.213142395019531 0.211908355355263 0.210680022835732 0.209633976221085 0.208810731768608 0.208143189549446 0.207589074969292 0.207267105579376 0.207041278481483 0.207216799259186 0.207471206784248 0.207641512155533 0.207804962992668 0.207931697368622 0.208072051405907 0.208260267972946 0.208266094326973 0.207933261990547 0.207805454730988 0.207901015877724 0.208203881978989 0.208640888333321 0.209573343396187
