Ecospace-environmental-drivers/Outputs/ASCII-for-ecospace/MOM6-ISIMIP3a/o2-surf/1998-10_o2-surf_MOM6-ISIMIP3a.asc
NCOLS 131 
NROWS 53 
XLLCORNER -98 
YLLCORNER 23.9265270233154 
CELLSIZE 0.133587792515755 
NODATA_value -9999 
[rows 0 to 20 of 53, columns 46 to 91 of 131]
-9999 -9999 -9999 -9999 -9999 -9999 -9999 -9999 -9999 -9999 -9999 -9999 -9999 -9999 -9999 -9999 -9999 -9999 -9999 -9999 -9999 -9999 -9999 -9999 -9999 -9999 -9999 -9999 -9999 -9999 -9999 -9999 -9999 -9999 -9999 -9999 -9999 -9999 -9999 -9999 -9999 -9999 -9999 -9999 -9999 -9999
-9999 -9999 -9999 -9999 -9999 -9999 -9999 -9999 -9999 -9999 -9999 -9999 -9999 -9999 -9999 -9999 -9999 -9999 -9999 -9999 -9999 -9999 -9999 -9999 -9999 -9999 -9999 -9999 -9999 -9999 -9999 -9999 -9999 -9999 -9999 -9999 -9999 -9999 -9999 -9999 -9999 -9999 -9999 -9999 -9999 -9999
-9999 -9999 -9999 -9999 -9999 -9999 -9999 -9999 -9999 -9999 -9999 -9999 -9999 -9999 -9999 -9999 -9999 -9999 -9999 -9999 -9999 -9999 -9999 -9999 -9999 -9999 -9999 -9999 0.221057116985321 0.219703808426857 -9999 -9999 -9999 -9999 -9999 -9999 -9999 -9999 -9999 -9999 -9999 -9999 -9999 -9999 -9999 -9999
-9999 -9999 -9999 -9999 -9999 -9999 -9999 -9999 -9999 -9999 -9999 -9999 -9999 -9999 -9999 -9999 -9999 -9999 -9999 -9999 -9999 -9999 -9999 -9999 -9999 -9999 -9999 -9999 0.221071496605873 0.219715908169746 -9999 -9999 -9999 -9999 -9999 -9999 -9999 -9999 -9999 -9999 -9999 -9999 -9999 -9999 -9999 -9999
-9999 -9999 -9999 -9999 -9999 -9999 -9999 -9999 -9999 -9999 -9999 -9999 -9999 -9999 -9999 -9999 -9999 -9999 -9999 0.227789506316185 0.22772553563118 0.22767436504364 0.227375864982605 0.227004542946815 0.2261081635952 0.224979028105736 0.223682388663292 0.222381174564362 0.221088320016861 0.219744980335236 0.218314453959465 -9999 -9999 0.214304402470589 0.212851271033287 0.211682423949242 0.211031213402748 0.211014524102211 0.21116591989994 0.211384922266006 0.211589813232422 0.211890339851379 0.212303787469864 -9999 -9999 -9999
-9999 -9999 -9999 -9999 -9999 -9999 -9999 -9999 -9999 -9999 -9999 -9999 -9999 -9999 -9999 0.211367040872574 -9999 0.212206527590752 0.212931841611862 0.220426395535469 0.227789506316185 0.227712750434875 0.22767436504364 0.22707736492157 0.226261898875237 0.224985226988792 0.223689958453178 0.222371965646744 0.221081614494324 0.219811365008354 0.218341946601868 0.216790050268173 0.215605780482292 0.214493781328201 0.212813645601273 0.211246386170387 0.210987254977226 0.21085998415947 0.211196348071098 0.211441442370415 0.211516991257668 0.211811006069183 0.212343037128448 0.212757334113121 0.213095441460609 -9999
-9999 -9999 -9999 -9999 -9999 -9999 -9999 -9999 -9999 -9999 -9999 0.204557180404663 0.204553335905075 0.204573333263397 0.204685211181641 0.208102822303772 0.211303174495697 0.211430907249451 0.212256819009781 0.212931841611862 0.220557823777199 0.227789506316185 0.22767436504364 0.22707736492157 0.226261898875237 0.224985226988792 0.223689958453178 0.222371965646744 0.221081614494324 0.219811365008354 0.218341946601868 0.216790050268173 0.215605780482292 0.214493781328201 0.212813645601273 0.211246386170387 0.210987254977226 0.21085998415947 0.211196348071098 0.211441442370415 0.211516991257668 0.211811006069183 0.212343037128448 0.212757334113121 0.213095441460609 0.213184803724289
-9999 -9999 -9999 -9999 -9999 -9999 -9999 -9999 -9999 -9999 -9999 0.204577818512917 0.204557180404663 0.204549491405487 -9999 0.204892784357071 0.208273857831955 0.211175441741943 0.211430907249451 0.212407693266869 0.212931841611862 0.22095213830471 0.227332636713982 0.226850494742393 0.226146727800369 0.224975049495697 0.223824724555016 0.222700461745262 0.22121487557888 0.219466090202332 0.217623963952065 0.215743184089661 0.214566811919212 0.213528901338577 0.212290614843369 0.211107164621353 0.210531920194626 0.210165321826935 0.210532292723656 0.210821583867073 0.210966557264328 0.211288288235664 0.211802572011948 0.212261408567429 0.212684363126755 0.212945133447647
-9999 -9999 -9999 -9999 -9999 -9999 -9999 -9999 -9999 -9999 -9999 -9999 -9999 -9999 -9999 0.204741105437279 0.205395460128784 0.208626344799995 0.210919991135597 0.211430907249451 0.212860330939293 0.220676228404045 0.22691798210144 0.226571798324585 0.225999444723129 0.224949687719345 0.223962962627411 0.223053321242332 0.22135953605175 0.219094589352608 0.216845244169235 0.214602366089821 0.213429287075996 0.212466523051262 0.211710438132286 0.210946559906006 0.210031658411026 0.209407567977905 0.209806010127068 0.210142523050308 0.210364028811455 0.210717558860779 0.211214944720268 0.211725667119026 0.212245017290115 0.212699994444847
0.217960894107819 0.218190118670464 -9999 -9999 -9999 -9999 -9999 -9999 -9999 -9999 -9999 0.216040581464767 0.204598963260651 -9999 -9999 -9999 0.205139726400375 0.206520274281502 0.209120839834213 0.210409075021744 0.21082903444767 0.218837261199951 0.225315034389496 0.225387707352638 0.225195914506912 0.224445819854736 0.223710775375366 0.222994074225426 0.221388578414917 0.219135656952858 0.216714099049568 0.214222699403763 0.212866812944412 0.211734145879745 0.211163714528084 0.210585162043571 0.209723874926567 0.20912928879261 0.209472477436066 0.209792464971542 0.21006940305233 0.210489541292191 0.211065709590912 0.211709722876549 0.212397634983063 0.213030859827995
0.218160405755043 0.218219831585884 0.218224212527275 -9999 -9999 -9999 -9999 -9999 -9999 -9999 -9999 0.222067013382912 0.215554401278496 0.204598963260651 -9999 -9999 0.20449560880661 0.206366375088692 0.208698853850365 0.208699017763138 0.209059283137321 0.216992542147636 0.22348627448082 0.22395546734333 0.224159508943558 0.223803803324699 0.223365500569344 0.222826212644577 0.221311062574387 0.219085097312927 0.216528698801994 0.213835462927818 0.212318435311317 0.211032599210739 0.210607632994652 0.210179314017296 0.209406703710556 0.208866462111473 0.209143251180649 0.209436908364296 0.209761902689934 0.210237234830856 0.210876330733299 0.211616545915604 0.212422177195549 0.213212683796883
0.218160405755043 0.218219831585884 0.218232989311218 0.218442857265472 0.218814700841904 -9999 -9999 -9999 -9999 -9999 -9999 -9999 0.221294015645981 0.213481873273849 0.204598963260651 0.204557180404663 0.20449560880661 0.206366375088692 0.208698853850365 0.208564072847366 0.208692401647568 0.215116932988167 0.220446288585663 0.221192225813866 0.221874088048935 0.222420752048492 0.222521021962166 0.222075715661049 0.220662042498589 0.218543007969856 0.216052293777466 0.213407650589943 0.21184566617012 0.210496515035629 0.210001483559608 0.209535077214241 0.209039226174355 0.208686515688896 0.208837121725082 0.20905177295208 0.209385380148888 0.209854647517204 0.210471719503403 0.211109161376953 0.21175979077816 0.212595075368881
0.2179054915905 0.218053936958313 0.218255162239075 0.218471378087997 0.218811929225922 -9999 -9999 -9999 -9999 0.220536589622498 0.22238002717495 0.22327621281147 0.222871959209442 0.21773387491703 0.208722680807114 0.205597475171089 0.205260336399078 0.206788346171379 0.208761990070343 0.208698898553848 0.208839371800423 0.21397939324379 0.218320667743683 0.219319179654121 0.220335185527802 0.221388101577759 0.221733048558235 0.221212670207024 0.219831734895706 0.21782398223877 0.215469658374786 0.212971806526184 0.211443290114403 0.210105314850807 0.209572076797485 0.209086984395981 0.208780974149704 0.20854215323925 0.20853953063488 0.208629012107849 0.208889558911324 0.209275454282761 0.209797963500023 0.210267037153244 0.210701540112495 0.211486384272575
0.217013299465179 0.217473328113556 0.217956379055977 0.218445986509323 0.218811929225922 0.219160780310631 0.219390004873276 0.219618022441864 0.219839856028557 0.220536589622498 0.22238002717495 0.22327621281147 0.222871959209442 0.218996316194534 0.212280496954918 0.209238573908806 0.20793691277504 0.208265230059624 0.20898300409317 0.209508121013641 0.210271000862122 0.214687004685402 0.218480989336967 0.219671711325645 0.220662578940392 0.221231549978256 0.221086323261261 0.220068216323853 0.218548193573952 0.216662600636482 0.21462145447731 0.212515890598297 0.211216822266579 0.210076302289963 0.209584549069405 0.209129303693771 0.208795830607414 0.20848673582077 0.20826330780983 0.208112224936485 0.208095520734787 0.208204790949821 0.208451345562935 0.208588019013405 0.208653599023819 0.209149971604347
0.215874582529068 0.216552242636681 0.217293530702591 0.218052908778191 0.218460336327553 0.218827813863754 0.219089046120644 0.219358310103416 0.21966840326786 0.220371067523956 0.222021669149399 0.222815960645676 0.222434669733047 0.219719752669334 0.215095549821854 0.212615504860878 0.211151108145714 0.21080493927002 0.21072593331337 0.211381733417511 0.212257191538811 0.215595096349716 0.218512877821922 0.219672486186028 0.220504805445671 0.220646187663078 0.22019399702549 0.219016343355179 0.217533260583878 0.215827703475952 0.214066803455353 0.212283000349998 0.211147353053093 0.210139110684395 0.209625020623207 0.209141135215759 0.208773598074913 0.208412691950798 0.208075135946274 0.207785531878471 0.207585036754608 0.207489043474197 0.207506939768791 0.207422122359276 0.207270830869675 0.207522109150887
0.214387372136116 0.215149775147438 0.216115906834602 0.217139974236488 0.21761167049408 0.218024089932442 0.218362584710121 0.218731418251991 0.219254538416862 0.219971552491188 0.221156656742096 0.221705004572868 0.22137913107872 0.219681113958359 0.216860458254814 0.215618923306465 0.215125396847725 0.214847266674042 0.214620605111122 0.214760184288025 0.215027421712875 0.216786593198776 0.218363225460052 0.219175964593887 0.219661086797714 0.21945458650589 0.218954429030418 0.218095362186432 0.216898083686829 0.215454429388046 0.21392722427845 0.212365418672562 0.211299806833267 0.210331737995148 0.20970506966114 0.209109902381897 0.208698928356171 0.208312332630157 0.208011448383331 0.207727611064911 0.207475453615189 0.207275107502937 0.207131206989288 0.206981673836708 0.206828474998474 0.206895977258682
0.213781639933586 0.2144475877285 0.215234860777855 0.216056644916534 0.21642829477787 0.216754481196404 0.217097193002701 0.217506900429726 0.218257442116737 0.219044625759125 0.219920292496681 0.220296785235405 0.219987988471985 0.219116568565369 0.217784836888313 0.217256113886833 0.217107757925987 0.216747716069221 0.216337084770203 0.216229468584061 0.216198667883873 0.216982841491699 0.217697098851204 0.218118757009506 0.218313843011856 0.218030631542206 0.2175572514534 0.216851457953453 0.215890303254128 0.214743137359619 0.21348138153553 0.212172165513039 0.211189463734627 0.210270926356316 0.209585428237915 0.208934500813484 0.208537057042122 0.208175167441368 0.20793828368187 0.207697376608849 0.207448944449425 0.207214310765266 0.206994697451591 0.20680259168148 0.206628322601318 0.206580922007561
0.21391823887825 0.214335083961487 0.214603558182716 0.214829832315445 0.214963048696518 0.215092524886131 0.215377956628799 0.215779140591621 0.216769188642502 0.21767358481884 0.218371197581291 0.218638256192207 0.218314230442047 0.218109145760536 0.218001380562782 0.217742770910263 0.217412680387497 0.216844439506531 0.216219291090965 0.216091021895409 0.216023355722427 0.216340973973274 0.216596037149429 0.216589391231537 0.216542586684227 0.216411009430885 0.216027349233627 0.215335607528687 0.214568749070168 0.213747173547745 0.212777599692345 0.211746767163277 0.210857793688774 0.209996715188026 0.209297627210617 0.208637714385986 0.208301737904549 0.208006992936134 0.20785716176033 0.207690447568893 0.207492411136627 0.207282483577728 0.207059606909752 0.206843629479408 0.206632107496262 0.206527829170227
0.212884083390236 0.213119387626648 0.21316958963871 0.213167160749435 0.213153555989265 0.213148966431618 0.213418990373611 0.213803187012672 0.214768186211586 0.215673670172691 0.216435477137566 0.216885894536972 0.216908782720566 0.217185273766518 0.217669263482094 0.21759532392025 0.217257097363472 0.216566160321236 0.215790957212448 0.215521365404129 0.2152930945158 0.215160474181175 0.215007349848747 0.21476836502552 0.214572414755821 0.214467361569405 0.214162617921829 0.213613823056221 0.213057443499565 0.212495565414429 0.211794972419739 0.211036965250969 0.210278674960136 0.20952033996582 0.208868131041527 0.208255007863045 0.207985177636147 0.207753002643585 0.207653194665909 0.207534611225128 0.207381144165993 0.207196637988091 0.206978306174278 0.206750497221947 0.206516563892365 0.206352904438972
0.211276993155479 0.211363807320595 0.211342826485634 0.211291193962097 0.211175575852394 0.211067602038383 0.211342707276344 0.211705774068832 0.212516248226166 0.213365986943245 0.214310571551323 0.215087607502937 0.215634629130363 0.216302290558815 0.217068642377853 0.217137575149536 0.216876149177551 0.216104373335838 0.215210646390915 0.214740693569183 0.214291229844093 0.213716387748718 0.213180005550385 0.212804585695267 0.212504908442497 0.212365135550499 0.212134018540382 0.21179124712944 0.211453288793564 0.211118847131729 0.21067588031292 0.210187971591949 0.209578454494476 0.208945035934448 0.208369299769402 0.207830250263214 0.207628846168518 0.207457005977631 0.207389131188393 0.207305908203125 0.207194179296494 0.207035422325134 0.206825450062752 0.206591710448265 0.206342607736588 0.206118360161781
0.21011520922184 0.210090562701225 0.210041895508766 0.209986388683319 0.209844440221786 0.20970655977726 0.209917977452278 0.210209533572197 0.210908815264702 0.211678355932236 0.212617561221123 0.213458180427551 0.214163422584534 0.214927196502686 0.215738877654076 0.215939939022064 0.215851798653603 0.215238243341446 0.214499145746231 0.213909313082695 0.213317945599556 0.212554931640625 0.211843982338905 0.211350962519646 0.21095135807991 0.210748955607414 0.210548236966133 0.210349589586258 0.210169494152069 0.210002884268761 0.209715694189072 0.209378570318222 0.208875641226768 0.208340123295784 0.20786027610302 0.207412719726562 0.207260459661484 0.20713184773922 0.207086443901062 0.20702637732029 0.206939101219177 0.206804662942886 0.206618845462799 0.206403225660324 0.206168338656425 0.20593436062336
