Ecospace-environmental-drivers/Outputs/ASCII-for-ecospace/MOM6-ISIMIP3a/o2-surf/1999-12_o2-surf_MOM6-ISIMIP3a.asc
NCOLS 131 
NROWS 53 
XLLCORNER -98 
YLLCORNER 23.9265270233154 
CELLSIZE 0.133587792515755 
NODATA_value -9999 
[rows 21 to 41 of 53, columns 46 to 91 of 131]
0.211546689271927 0.210980400443077 0.210433527827263 0.209892198443413 0.210576593875885 0.2113938331604 0.212410107254982 0.213539808988571 0.215246573090553 0.216820150613785 0.218072161078453 0.219118550419807 0.219882696866989 0.220815494656563 0.221886277198792 0.222105279564857 0.221920818090439 0.221588626503944 0.221221134066582 0.220871701836586 0.220542654395103 0.220492601394653 0.220449134707451 0.220433279871941 0.220375970005989 0.220231130719185 0.220020040869713 0.219727978110313 0.219146549701691 0.218354344367981 0.217839032411575 0.217438399791718 0.217183515429497 0.216957286000252 0.216625675559044 0.216280728578568 0.215843737125397 0.215460240840912 0.215264901518822 0.215104162693024 0.215007692575455 0.215086340904236 0.215355798602104 0.215889483690262 0.216594159603119 0.217244327068329
0.210019826889038 0.209614560008049 0.209249809384346 0.208896607160568 0.209369286894798 0.209940508008003 0.210889652371407 0.211989715695381 0.213857471942902 0.215569883584976 0.21690721809864 0.217951506376266 0.21859347820282 0.219452753663063 0.220489829778671 0.220794677734375 0.220752716064453 0.220620885491371 0.220467582345009 0.220090493559837 0.219708129763603 0.219473004341125 0.219294682145119 0.219354152679443 0.219418659806252 0.219493791460991 0.219482600688934 0.219365939497948 0.218916401267052 0.218224391341209 0.217668235301971 0.21716833114624 0.216903701424599 0.216685310006142 0.216472208499908 0.216255769133568 0.216004773974419 0.215785697102547 0.21567890048027 0.215583711862564 0.215510085225105 0.21549591422081 0.215546518564224 0.215785726904869 0.216146990656853 0.216661706566811
0.208799928426743 0.208590015769005 0.208451777696609 0.208333909511566 0.208634480834007 0.208996683359146 0.209866672754288 0.21090917289257 0.212829232215881 0.214571639895439 0.215885102748871 0.216850101947784 0.217336714267731 0.218090772628784 0.21906366944313 0.219443202018738 0.219541683793068 0.219602510333061 0.219654336571693 0.219241365790367 0.218798235058784 0.218380942940712 0.218069061636925 0.218198418617249 0.218379199504852 0.218668594956398 0.21885359287262 0.218911036849022 0.218598112463951 0.218015417456627 0.217429876327515 0.216843143105507 0.216579392552376 0.216379150748253 0.216295495629311 0.216217324137688 0.216150403022766 0.216091737151146 0.216062068939209 0.216027677059174 0.21598456799984 0.215896129608154 0.215758308768272 0.215707719326019 0.215713545680046 0.216060116887093
0.209351912140846 0.209380149841309 0.209329441189766 0.209256291389465 0.209520429372787 0.209840178489685 0.210728958249092 0.2116809040308 0.212954208254814 0.214072600007057 0.214816898107529 0.215405389666557 0.215779945254326 0.216220542788506 0.216715171933174 0.21696974337101 0.217110589146614 0.217355221509933 0.217624664306641 0.217488929629326 0.217320248484612 0.217076897621155 0.216903313994408 0.217021644115448 0.217170476913452 0.21738375723362 0.217598780989647 0.217815950512886 0.217674940824509 0.217273026704788 0.216867253184319 0.216459885239601 0.216265365481377 0.216112673282623 0.21602626144886 0.215945601463318 0.215896993875504 0.215849801898003 0.215807616710663 0.21579621732235 0.215841978788376 0.215848207473755 0.215811371803284 0.215726032853127 0.215609297156334 0.215737193822861
0.209860071539879 0.210127174854279 0.210196971893311 0.210210651159286 0.210457533597946 0.210748985409737 0.211599558591843 0.212420478463173 0.213090538978577 0.213636517524719 0.213882923126221 0.214136719703674 0.214400678873062 0.214575007557869 0.214676022529602 0.214810892939568 0.214961796998978 0.215311244130135 0.215708136558533 0.21578648686409 0.21583317220211 0.215737551450729 0.215686351060867 0.215821012854576 0.21597395837307 0.216165453195572 0.21643191576004 0.21679000556469 0.216814324259758 0.216595500707626 0.216350883245468 0.216095566749573 0.215946242213249 0.215817749500275 0.215714573860168 0.215617343783379 0.215569078922272 0.21552312374115 0.215485289692879 0.215505316853523 0.215632781386375 0.215724259614944 0.215776517987251 0.21569037437439 0.215514659881592 0.21548119187355
0.210176095366478 0.210685268044472 0.211020022630692 0.211305201053619 0.21161887049675 0.211944252252579 0.212506681680679 0.213019028306007 0.213276594877243 0.213476568460464 0.213537469506264 0.213639989495277 0.213799655437469 0.213914692401886 0.213993221521378 0.214031577110291 0.214050903916359 0.214158728718758 0.214287713170052 0.214303180575371 0.214306309819221 0.214243352413177 0.214244812726974 0.214515835046768 0.214830860495567 0.21523879468441 0.215650632977486 0.216067269444466 0.216227993369102 0.216202348470688 0.216037198901176 0.215814277529716 0.215604871511459 0.215398132801056 0.215216726064682 0.215041249990463 0.214914530515671 0.214824840426445 0.214865282177925 0.214953780174255 0.215131506323814 0.215266913175583 0.215356215834618 0.215418085455894 0.215462177991867 0.215518653392792
0.210526615381241 0.211221501231194 0.211745291948318 0.212220430374146 0.212557598948479 0.212880104780197 0.213188320398331 0.213441535830498 0.213414877653122 0.213376954197884 0.213311821222305 0.213300943374634 0.213364601135254 0.213418036699295 0.213463097810745 0.213420823216438 0.213337182998657 0.2132728099823 0.213213056325912 0.213187724351883 0.213165447115898 0.213153138756752 0.213208869099617 0.213549450039864 0.213951990008354 0.214485347270966 0.21497705578804 0.215417847037315 0.215663775801659 0.215767756104469 0.21567590534687 0.215502947568893 0.215261414647102 0.215006396174431 0.214746028184891 0.214492797851562 0.214311257004738 0.214189991354942 0.214280664920807 0.214412152767181 0.214619413018227 0.214784845709801 0.214904680848122 0.215077370405197 0.215284273028374 0.215403974056244
0.210952386260033 0.211710080504417 0.212257206439972 0.212744429707527 0.213010564446449 0.213249951601028 0.213377997279167 0.213479906320572 0.213448941707611 0.213409036397934 0.213347569108009 0.213305979967117 0.213291689753532 0.213278457522392 0.213266089558601 0.213177844882011 0.213053688406944 0.212968587875366 0.212892815470695 0.212874889373779 0.212866812944412 0.212944328784943 0.21305787563324 0.213322252035141 0.213649570941925 0.214109838008881 0.214538469910622 0.214928433299065 0.215147748589516 0.215242743492126 0.21521070599556 0.215126067399979 0.214913368225098 0.21467550098896 0.214334592223167 0.214004695415497 0.213819861412048 0.213693588972092 0.213773310184479 0.213892176747322 0.214083760976791 0.214248821139336 0.214384987950325 0.214587390422821 0.214832663536072 0.214957386255264
0.211417734622955 0.212156370282173 0.212671101093292 0.213122174143791 0.213319674134254 0.21348562836647 0.213500335812569 0.213503822684288 0.213450238108635 0.213391795754433 0.213321641087532 0.213245213031769 0.213160216808319 0.213086947798729 0.213023275136948 0.212918534874916 0.212794333696365 0.21270877122879 0.212632417678833 0.212621241807938 0.212621882557869 0.212729051709175 0.212851047515869 0.21303503215313 0.213285475969315 0.21367621421814 0.214045718312263 0.21438929438591 0.214608088135719 0.214735984802246 0.214758858084679 0.214738264679909 0.214564666152 0.214360997080803 0.213967323303223 0.213585376739502 0.213386803865433 0.213243797421455 0.213296145200729 0.213391229510307 0.213565647602081 0.213720634579659 0.213854447007179 0.214046701788902 0.214276745915413 0.214414492249489
0.211932882666588 0.212549433112144 0.212961718440056 0.213315919041634 0.213447794318199 0.213552489876747 0.213537991046906 0.213509559631348 0.213410347700119 0.213312521576881 0.213218092918396 0.213101670145988 0.212955087423325 0.212830111384392 0.212722837924957 0.212638646364212 0.212565377354622 0.21250481903553 0.212447300553322 0.212442100048065 0.212444514036179 0.212505638599396 0.212573930621147 0.212672308087349 0.212843760848045 0.213169485330582 0.213484868407249 0.213787600398064 0.21403868496418 0.214252158999443 0.214323803782463 0.214336708188057 0.214215129613876 0.214067131280899 0.213655635714531 0.213252574205399 0.21302717924118 0.212852641940117 0.212856978178024 0.212914198637009 0.213069602847099 0.213202297687531 0.213310271501541 0.213442176580429 0.213589578866959 0.213750466704369
0.212421581149101 0.212895333766937 0.213172882795334 0.21339462697506 0.213442146778107 0.213468849658966 0.213415235280991 0.213351041078568 0.213233098387718 0.213115766644478 0.212999939918518 0.21286353468895 0.21269890666008 0.212563723325729 0.212452605366707 0.212395265698433 0.212363392114639 0.212319955229759 0.212273761630058 0.212273955345154 0.212278842926025 0.212305635213852 0.212333351373672 0.212364956736565 0.212463334202766 0.212702661752701 0.212958827614784 0.213235542178154 0.21350271999836 0.21376296877861 0.213876128196716 0.213928371667862 0.213868618011475 0.213786840438843 0.213389337062836 0.212992534041405 0.212716802954674 0.212490051984787 0.212435513734818 0.212447121739388 0.212581530213356 0.212692394852638 0.212777599692345 0.212864309549332 0.212952017784119 0.213091358542442
0.212890461087227 0.213205888867378 0.213324472308159 0.213387086987495 0.213336184620857 0.213272303342819 0.213172167539597 0.213069334626198 0.212952837347984 0.212830901145935 0.212695822119713 0.212554454803467 0.212404444813728 0.21229013800621 0.212205022573471 0.212179273366928 0.212181642651558 0.212149411439896 0.212108939886093 0.212114080786705 0.212121903896332 0.212123185396194 0.212120160460472 0.21209916472435 0.212128907442093 0.21226578950882 0.212458893656731 0.212720721960068 0.21299184858799 0.213269755244255 0.213419005274773 0.213514968752861 0.213524371385574 0.213516756892204 0.213157087564468 0.212787076830864 0.212443381547928 0.212148889899254 0.212027326226234 0.211987495422363 0.212099432945251 0.212188795208931 0.212253540754318 0.212306424975395 0.212351649999619 0.212435945868492
0.213146954774857 0.21331162750721 0.213305413722992 0.213250607252121 0.213133662939072 0.213010251522064 0.212883532047272 0.212761834263802 0.212665542960167 0.212561249732971 0.212437614798546 0.212313607335091 0.212189063429832 0.212104573845863 0.212052881717682 0.212027952075005 0.212015703320503 0.211953788995743 0.211880013346672 0.211870759725571 0.211865410208702 0.211852550506592 0.211839914321899 0.21182818710804 0.211847960948944 0.211934193968773 0.212080985307693 0.212301805615425 0.212548032402992 0.212812751531601 0.213007688522339 0.213173732161522 0.213233947753906 0.213273361325264 0.212948113679886 0.212606206536293 0.212233453989029 0.211898416280746 0.211695998907089 0.211585476994514 0.21164558827877 0.211697071790695 0.211739152669907 0.211753860116005 0.211750850081444 0.211771070957184
0.213312432169914 0.213329613208771 0.213213220238686 0.213058844208717 0.212889775633812 0.212720111012459 0.212575390934944 0.212443262338638 0.212375238537788 0.21229812502861 0.212199091911316 0.212101995944977 0.21200755238533 0.211956739425659 0.211941629648209 0.211904346942902 0.211856544017792 0.211747407913208 0.211623623967171 0.211591675877571 0.211566254496574 0.211544126272202 0.211530908942223 0.211555019021034 0.211589932441711 0.21164770424366 0.211755365133286 0.211924001574516 0.212132960557938 0.212371274828911 0.21261602640152 0.212863430380821 0.212966576218605 0.213041380047798 0.212749108672142 0.212435871362686 0.21205073595047 0.211686834692955 0.211397618055344 0.211208134889603 0.211203843355179 0.211210444569588 0.211228892207146 0.211203560233116 0.211149871349335 0.211102142930031
0.213327452540398 0.213241010904312 0.213053748011589 0.212837815284729 0.212660595774651 0.212489545345306 0.212378293275833 0.212277874350548 0.212232515215874 0.212176740169525 0.212095782160759 0.212011098861694 0.211921319365501 0.211868926882744 0.21184715628624 0.211743205785751 0.211600318551064 0.211418643593788 0.21122770011425 0.211155965924263 0.211095497012138 0.211079880595207 0.21107542514801 0.211117744445801 0.211176708340645 0.211270794272423 0.211399286985397 0.211569860577583 0.211803540587425 0.212083175778389 0.212347745895386 0.212606072425842 0.212694153189659 0.212748765945435 0.212478026747704 0.212185740470886 0.21180072426796 0.211425885558128 0.211086854338646 0.210838079452515 0.210756912827492 0.21069672703743 0.210659384727478 0.210585787892342 0.210488736629486 0.21039392054081
0.213311329483986 0.213130354881287 0.212880358099937 0.212610736489296 0.212434470653534 0.212271302938461 0.212204188108444 0.212144181132317 0.212120339274406 0.212084665894508 0.212020441889763 0.211945191025734 0.211854800581932 0.211793541908264 0.211756139993668 0.211574286222458 0.211324006319046 0.2110645622015 0.210802927613258 0.210687845945358 0.210589215159416 0.210583373904228 0.210589647293091 0.210646539926529 0.210731372237206 0.210875153541565 0.211036905646324 0.211220592260361 0.211491823196411 0.21182681620121 0.212105005979538 0.212359681725502 0.21242068707943 0.212443619966507 0.212192043662071 0.211919099092484 0.211536809802055 0.211154744029045 0.210773527622223 0.210469514131546 0.210308894515038 0.210177391767502 0.210077613592148 0.20995406806469 0.209815144538879 0.209677577018738
0.21319217979908 0.21297712624073 0.212733179330826 0.212481006979942 0.212366312742233 0.212268933653831 0.212259367108345 0.212242960929871 0.21219177544117 0.212117403745651 0.211987048387527 0.211845740675926 0.211689427495003 0.211530685424805 0.211369946599007 0.211094871163368 0.210765659809113 0.210500776767731 0.210251271724701 0.210173815488815 0.210114046931267 0.210139781236649 0.210171177983284 0.210226282477379 0.210315555334091 0.210476920008659 0.210673362016678 0.210912644863129 0.211243361234665 0.211640670895576 0.211907058954239 0.212119221687317 0.212140008807182 0.212123170495033 0.211849719285965 0.211555168032646 0.211147278547287 0.210739567875862 0.210332453250885 0.209992989897728 0.209779188036919 0.209581077098846 0.209400072693825 0.209262430667877 0.209152847528458 0.208994045853615
0.21307235956192 0.212828919291496 0.21259817481041 0.212371036410332 0.212318986654282 0.212287545204163 0.212328374385834 0.212348088622093 0.212260365486145 0.212139964103699 0.211940601468086 0.211731180548668 0.211507946252823 0.211249843239784 0.210963189601898 0.210600003600121 0.210200548171997 0.20993934571743 0.209711164236069 0.209676310420036 0.209659785032272 0.209716752171516 0.209773123264313 0.209826961159706 0.209918156266212 0.210088267922401 0.210314229130745 0.21060848236084 0.21099542081356 0.211449906229973 0.211705565452576 0.211878895759583 0.211856707930565 0.211796090006828 0.211498782038689 0.211180821061134 0.210746943950653 0.210314139723778 0.20988517999649 0.209514245390892 0.209251075983047 0.208990886807442 0.208733975887299 0.208587750792503 0.208513170480728 0.208336338400841
0.212994799017906 0.212754771113396 0.212580606341362 0.212425157427788 0.212418466806412 0.212427005171776 0.212435498833656 0.212409898638725 0.212210938334465 0.211994290351868 0.21173495054245 0.211471304297447 0.211201727390289 0.210866749286652 0.210478261113167 0.210088521242142 0.20969820022583 0.209503188729286 0.20935483276844 0.209377080202103 0.209413647651672 0.20948800444603 0.209560692310333 0.209626436233521 0.209703102707863 0.209802880883217 0.210002720355988 0.210324868559837 0.210722893476486 0.211176171898842 0.211444929242134 0.211637258529663 0.211548998951912 0.211405590176582 0.21108278632164 0.21074204146862 0.210291087627411 0.209848031401634 0.209432691335678 0.20906326174736 0.208779066801071 0.208502903580666 0.208235487341881 0.208122476935387 0.208109378814697 0.207938402891159
0.212930157780647 0.212707117199898 0.212588652968407 0.212499916553497 0.212522223591805 0.212553456425667 0.212518662214279 0.212440446019173 0.212141439318657 0.21183767914772 0.211522489786148 0.21120896935463 0.210897773504257 0.210501953959465 0.210036918520927 0.209632813930511 0.209257572889328 0.209122598171234 0.20904503762722 0.209103867411613 0.20917272567749 0.209251180291176 0.209330201148987 0.20941162109375 0.209482401609421 0.209530740976334 0.209712266921997 0.210056573152542 0.210457846522331 0.210900574922562 0.211177036166191 0.211384624242783 0.211234450340271 0.211013972759247 0.210665300488472 0.210301861166954 0.209840387105942 0.209394693374634 0.209004536271095 0.20864836871624 0.208355277776718 0.208067744970322 0.20778626203537 0.20770451426506 0.207752019166946 0.207595676183701
0.212912917137146 0.212756589055061 0.212690606713295 0.212650328874588 0.212641671299934 0.212632223963737 0.212513983249664 0.212356343865395 0.211998403072357 0.211641028523445 0.211285039782524 0.210937649011612 0.210602059960365 0.210204228758812 0.209755465388298 0.209381639957428 0.209043309092522 0.208945825695992 0.208905890583992 0.20892608165741 0.208950996398926 0.208984777331352 0.20903342962265 0.209144398570061 0.209240972995758 0.209307134151459 0.20949898660183 0.209844425320625 0.210220217704773 0.210618123412132 0.210882529616356 0.211091637611389 0.210894823074341 0.210618227720261 0.210242390632629 0.209856525063515 0.209408491849899 0.208988234400749 0.208665624260902 0.208365797996521 0.208108246326447 0.207826256752014 0.207517668604851 0.207460060715675 0.207564830780029 0.20745538175106
