Ecospace-environmental-drivers/Outputs/ASCII-for-ecospace/MOM6-ISIMIP3a/o2-surf/2000-03_o2-surf_MOM6-ISIMIP3a.asc
NCOLS 131 
NROWS 53 
XLLCORNER -98 
YLLCORNER 23.9265270233154 
CELLSIZE 0.133587792515755 
NODATA_value -9999 
[rows 21 to 41 of 53, columns 0 to 45 of 131]
-9999 -9999 -9999 -9999 -9999 -9999 0.234235465526581 0.234501257538795 0.235224694013596 0.236374095082283 0.237157449126244 0.238099619746208 0.238406926393509 0.239322289824486 0.239944949746132 0.240229904651642 0.239913195371628 0.23918329179287 0.237581446766853 0.235642895102501 0.233841121196747 0.232063487172127 0.231243833899498 0.230398252606392 0.229161754250526 0.228052780032158 0.227357268333435 0.226769030094147 0.226367995142937 0.225998654961586 0.225661933422089 0.225361689925194 0.225083693861961 0.224867925047874 0.224672913551331 0.224554240703583 0.224448561668396 0.224681586027145 0.224877327680588 0.2248355448246 0.22471022605896 0.224352344870567 0.224036753177643 0.223786547780037 0.223557278513908 0.223347246646881
-9999 -9999 -9999 -9999 -9999 -9999 0.234189912676811 0.234235465526581 0.23476704955101 0.235522150993347 0.236374095082283 0.23699863255024 0.237244337797165 0.236740380525589 0.236083567142487 0.235250383615494 0.234291031956673 0.233245015144348 0.231797784566879 0.230195626616478 0.228966444730759 0.227803066372871 0.227327436208725 0.22684134542942 0.22614249587059 0.225511118769646 0.225098550319672 0.224752709269524 0.224523305892944 0.224307149648666 0.224104598164558 0.223923519253731 0.22375550866127 0.223579227924347 0.223400175571442 0.223201632499695 0.223001822829247 0.223004058003426 0.22299724817276 0.222932800650597 0.222831249237061 0.222626358270645 0.222449034452438 0.222314298152924 0.222196027636528 0.222092896699905
-9999 -9999 -9999 -9999 0.234426662325859 0.234238713979721 0.234151929616928 0.234182357788086 0.234235465526581 0.235298633575439 0.236180394887924 0.236367717385292 0.235817417502403 0.233807608485222 0.231866493821144 0.230004638433456 0.228488728404045 0.227210402488708 0.226028606295586 0.224884077906609 0.224253624677658 0.223713904619217 0.22358375787735 0.223459973931313 0.22331440448761 0.223177015781403 0.223066076636314 0.222978249192238 0.222930759191513 0.222875833511353 0.222813248634338 0.222750097513199 0.222686588764191 0.222546860575676 0.222381740808487 0.222100511193275 0.221803680062294 0.221567064523697 0.221346959471703 0.221231997013092 0.221128314733505 0.22105598449707 0.221001148223877 0.220973297953606 0.220961362123489 0.220963999629021
-9999 -9999 -9999 -9999 0.234856978058815 0.234459027647972 0.234325498342514 0.234151929616928 0.234159678220749 0.234258338809013 0.234139874577522 0.233190312981606 0.231746658682823 0.229325339198112 0.22737193107605 0.225958451628685 0.224902868270874 0.224093064665794 0.223458290100098 0.222891092300415 0.222632303833961 0.222427949309349 0.222422853112221 0.222422420978546 0.222424656152725 0.22242945432663 0.222442507743835 0.222469389438629 0.222520366311073 0.222544029355049 0.222539573907852 0.222473099827766 0.222368866205215 0.222141042351723 0.221872001886368 0.221567317843437 0.221258237957954 0.221023723483086 0.220805510878563 0.220690995454788 0.220589846372604 0.220525845885277 0.220488578081131 0.220492616295815 0.220520421862602 0.220570027828217
-9999 -9999 -9999 -9999 -9999 0.234856978058815 0.234501734375954 0.234499052166939 0.234079360961914 0.233156099915504 0.232020378112793 0.230071425437927 0.227910384535789 0.225329637527466 0.223492130637169 0.222512230277061 0.221873641014099 0.221469461917877 0.221291616559029 0.221201166510582 0.221243768930435 0.221309840679169 0.221402540802956 0.221499338746071 0.221625342965126 0.221749946475029 0.22187003493309 0.221997037529945 0.222136124968529 0.222226738929749 0.222267493605614 0.222184717655182 0.222026690840721 0.221711874008179 0.221344798803329 0.221024736762047 0.220711842179298 0.220488846302032 0.220281302928925 0.220172181725502 0.220079600811005 0.22003298997879 0.220019951462746 0.220058813691139 0.220127657055855 0.220224022865295
-9999 -9999 -9999 -9999 -9999 0.234723344445229 0.234856978058815 0.234498962759972 0.233979105949402 0.231782227754593 0.229554563760757 0.227209091186523 0.225102201104164 0.223467424511909 0.222307875752449 0.2216966599226 0.221285134553909 0.221010744571686 0.220894813537598 0.220840066671371 0.22087587416172 0.22092767059803 0.220998764038086 0.221078097820282 0.221222475171089 0.221368834376335 0.221521601080894 0.221684873104095 0.221866458654404 0.221973046660423 0.222002431750298 0.221846342086792 0.221577242016792 0.221180364489555 0.220740899443626 0.2204410135746 0.220161199569702 0.219990968704224 0.219832703471184 0.219750687479973 0.219693139195442 0.219703644514084 0.219743996858597 0.219830468297005 0.219946041703224 0.220088303089142
-9999 -9999 0.234332501888275 0.234401121735573 0.234501019120216 0.234589546918869 0.234723508358002 0.234276577830315 0.23358428478241 0.230373248457909 0.227333173155785 0.224947437644005 0.223039865493774 0.22207847237587 0.221386700868607 0.221006065607071 0.220748230814934 0.220574751496315 0.220508888363838 0.22048456966877 0.220517590641975 0.22056071460247 0.220614731311798 0.220679387450218 0.220830842852592 0.220988050103188 0.22116394340992 0.221359923481941 0.221590951085091 0.221707299351692 0.221705675125122 0.221469476819038 0.221090376377106 0.220643624663353 0.220174342393875 0.219902008771896 0.219657763838768 0.21953472495079 0.21942150592804 0.219370886683464 0.21935173869133 0.219420179724693 0.219513297080994 0.21964456140995 0.219801843166351 0.219982996582985
-9999.000000000000000 -9999 -9999 -9999 0.234112814068794 0.234412491321564 0.234330892562866 0.233569160103798 0.232546791434288 0.228887692093849 0.225645035505295 0.223996371030807 0.222604840993881 0.221722096204758 0.221039563417435 0.220588088035583 0.220323905348778 0.220188364386559 0.220146700739861 0.220141291618347 0.220180213451385 0.220226973295212 0.220273748040199 0.220329836010933 0.220463693141937 0.220607995986938 0.220786184072495 0.221007108688354 0.221302628517151 0.221415266394615 0.221339732408524 0.221008643507957 0.220521867275238 0.220095485448837 0.219689220190048 0.219460591673851 0.219257339835167 0.219169348478317 0.219091951847076 0.219082057476044 0.219108641147614 0.219236806035042 0.219381332397461 0.21955119073391 0.219739258289337 0.219944044947624
-9999 -9999 -9999 -9999 0.233539387583733 0.233336418867111 0.233616724610329 0.232971623539925 0.232035219669342 0.228253841400146 0.224975049495697 0.223619997501373 0.222390189766884 0.22140821814537 0.220661908388138 0.220187500119209 0.219937711954117 0.219842195510864 0.219826713204384 0.219842135906219 0.219891771674156 0.219947427511215 0.219998747110367 0.220057129859924 0.220175176858902 0.220310568809509 0.220502272248268 0.220734596252441 0.221037790179253 0.221097841858864 0.220907673239708 0.220505848526955 0.21997506916523 0.219593599438667 0.219261914491653 0.219073221087456 0.218905076384544 0.218843564391136 0.21879243850708 0.218807399272919 0.218862891197205 0.219031170010567 0.219207465648651 0.21939617395401 0.219593405723572 0.219798445701599
-9999 -9999 -9999 -9999 0.233102828264236 0.232869252562523 0.232580840587616 0.232512310147285 0.232185304164886 0.228691503405571 0.225585982203484 0.223966583609581 0.222452759742737 0.221147820353508 0.220245838165283 0.219808787107468 0.2195995002985 0.219546630978584 0.21955980360508 0.2195985019207 0.219664841890335 0.219736069440842 0.219806775450706 0.21988108754158 0.21998555958271 0.22011710703373 0.220336437225342 0.2205630838871 0.220802485942841 0.220748424530029 0.220392420887947 0.219950258731842 0.219455599784851 0.219149947166443 0.218907311558723 0.218753859400749 0.218613401055336 0.218567609786987 0.218530714511871 0.218550592660904 0.218613773584366 0.21879754960537 0.218980893492699 0.219163581728935 0.219342768192291 0.219518721103668
-9999 -9999 -9999 -9999 0.232869252562523 0.232520118355751 0.232110276818275 0.232106804847717 0.231852546334267 0.228659436106682 0.225746467709541 0.223905757069588 0.222200185060501 0.220761984586716 0.219836503267288 0.219502612948418 0.219354629516602 0.219334304332733 0.219364270567894 0.219413638114929 0.219491437077522 0.219574257731438 0.219667598605156 0.219764977693558 0.219894245266914 0.22005070745945 0.220295339822769 0.220463544130325 0.220498368144035 0.220290645956993 0.219833344221115 0.219401374459267 0.218984842300415 0.218750089406967 0.218575924634933 0.21845255792141 0.218336790800095 0.218301489949226 0.218272730708122 0.218285664916039 0.218338772654533 0.218503654003143 0.218672081828117 0.218845948576927 0.21901136636734 0.219169035553932
-9999 -9999 -9999 -9999 0.23249988257885 0.232110276818275 0.231457784771919 0.231741681694984 0.231157675385475 0.228275075554848 0.225569143891335 0.223539367318153 0.221711218357086 0.220282047986984 0.219432219862938 0.219250842928886 0.219179764389992 0.219184428453445 0.219222232699394 0.219272837042809 0.219358161091805 0.21944959461689 0.219567999243736 0.219693824648857 0.219876661896706 0.220079615712166 0.220347791910172 0.220417991280556 0.220142662525177 0.219751581549644 0.219241410493851 0.218857541680336 0.218550622463226 0.218383058905602 0.218261942267418 0.218164801597595 0.218071460723877 0.218042746186256 0.218017533421516 0.218014657497406 0.218044325709343 0.218164578080177 0.218301594257355 0.218464523553848 0.218619406223297 0.218766883015633
-9999 -9999 -9999 -9999 0.232110276818275 0.230580344796181 0.230226740241051 0.229872360825539 0.229845151305199 0.22715300321579 0.224627777934074 0.222741559147835 0.221084654331207 0.219881474971771 0.219190269708633 0.219089820981026 0.219054475426674 0.219063833355904 0.219107925891876 0.219165399670601 0.219276502728462 0.219397082924843 0.219536185264587 0.219679102301598 0.219850227236748 0.220000267028809 0.220081880688667 0.219984799623489 0.219575867056847 0.219161257147789 0.21874076128006 0.218440771102905 0.218214184045792 0.218075379729271 0.217965826392174 0.21788364648819 0.217805653810501 0.217782080173492 0.217761635780334 0.217761039733887 0.217787548899651 0.217889577150345 0.218009486794472 0.218157038092613 0.21829754114151 0.218431562185287
-9999 -9999 -9999 -9999 -9999 0.228634744882584 0.228526577353477 0.229066178202629 0.228267937898636 0.22571474313736 0.223358988761902 0.221758872270584 0.220399111509323 0.219514906406403 0.219017907977104 0.21896767616272 0.218950420618057 0.218955799937248 0.219005480408669 0.219072252511978 0.219216987490654 0.219375461339951 0.219533443450928 0.219688564538956 0.219820022583008 0.219874531030655 0.219679534435272 0.219385504722595 0.218918636441231 0.218548938632011 0.218279257416725 0.218078479170799 0.217919662594795 0.217793136835098 0.217677369713783 0.21760530769825 0.217539638280869 0.217520609498024 0.217505440115929 0.217514857649803 0.217546924948692 0.217642039060593 0.21775096654892 0.217881262302399 0.218005746603012 0.218124896287918
-9999 -9999 -9999 -9999 -9999 0.226967036724091 0.227150931954384 0.226641178131104 0.226562395691872 0.224374949932098 0.222358375787735 0.22099581360817 0.219877541065216 0.219242617487907 0.218883171677589 0.218841567635536 0.218829020857811 0.218836441636086 0.218900248408318 0.218985840678215 0.219141989946365 0.219310611486435 0.219427525997162 0.219530016183853 0.219521567225456 0.21944659948349 0.219155848026276 0.218837767839432 0.218471974134445 0.218185395002365 0.217980310320854 0.217814192175865 0.217671781778336 0.217550531029701 0.217436328530312 0.217378839850426 0.217329487204552 0.217318877577782 0.21731336414814 0.217340409755707 0.217385545372963 0.217481017112732 0.217584848403931 0.217701584100723 0.217821836471558 0.21794530749321
-9999 -9999 -9999 -9999 -9999 0.225245639681816 0.22522360086441 0.225745439529419 0.224830284714699 0.223055511713028 0.221413254737854 0.220278188586235 0.219389885663986 0.218989834189415 0.218756213784218 0.218714624643326 0.218704044818878 0.218714728951454 0.218794450163841 0.218900799751282 0.219063803553581 0.219236806035042 0.219300284981728 0.219336703419685 0.21916763484478 0.218956127762794 0.218607053160667 0.218300700187683 0.218068897724152 0.217873319983482 0.217715010046959 0.217570185661316 0.21743355691433 0.217316120862961 0.217205092310905 0.217163115739822 0.217130914330482 0.217129498720169 0.217134550213814 0.217180788516998 0.217240542173386 0.217337906360626 0.217437863349915 0.217541798949242 0.217660248279572 0.217792019248009
-9999 -9999 -9999 -9999 -9999 -9999 0.223362386226654 0.223284184932709 0.223163247108459 0.22185243666172 0.220622807741165 0.219703912734985 0.218998298048973 0.218714714050293 0.218565091490746 0.218570023775101 0.218583852052689 0.218603760004044 0.218658685684204 0.218727126717567 0.21881902217865 0.218915075063705 0.218897327780724 0.218861550092697 0.21869632601738 0.21851173043251 0.218264326453209 0.218041449785233 0.217861369252205 0.217683166265488 0.217506870627403 0.217350572347641 0.217206463217735 0.217103987932205 0.217015400528908 0.216988518834114 0.216970473527908 0.216993495821953 0.217022299766541 0.217087835073471 0.217163845896721 0.217269122600555 0.217376336455345 0.217486575245857 0.217638894915581 0.217829823493958
-9999 -9999 -9999 -9999 -9999 -9999 0.221580386161804 0.221057549118996 0.221533164381981 0.220680937170982 0.219858229160309 0.219148486852646 0.218617826700211 0.218441531062126 0.218371793627739 0.218425005674362 0.218464508652687 0.218494594097137 0.218522951006889 0.218550637364388 0.218568623065948 0.218584910035133 0.218491315841675 0.218389436602592 0.218238458037376 0.21808910369873 0.217944949865341 0.217803567647934 0.217666998505592 0.217501029372215 0.217304795980453 0.217136189341545 0.216984376311302 0.216896891593933 0.216830849647522 0.216819405555725 0.216815888881683 0.216864421963692 0.216917917132378 0.217003181576729 0.217095583677292 0.217207863926888 0.217323184013367 0.217443227767944 0.217628851532936 0.217874690890312
-9999 -9999 -9999 -9999 -9999 -9999 0.220224648714066 0.220399424433708 0.220266312360764 0.219790831208229 0.219295769929886 0.218725770711899 0.218310087919235 0.218199700117111 0.218186020851135 0.218283921480179 0.218352004885674 0.218399599194527 0.218401789665222 0.218386456370354 0.218337789177895 0.218283221125603 0.218184426426888 0.218084171414375 0.21798001229763 0.217876762151718 0.217776417732239 0.217661052942276 0.217519447207451 0.217346101999283 0.217140093445778 0.216965720057487 0.21681059896946 0.216732949018478 0.216681107878685 0.216689079999924 0.216705739498138 0.216783478856087 0.216865584254265 0.216975450515747 0.217084556818008 0.217191532254219 0.217318549752235 0.217476487159729 0.217672511935234 0.217903465032578
-9999 -9999 -9999 -9999 -9999 0.219238102436066 0.219465404748917 0.219216957688332 0.219181969761848 0.218997612595558 0.218760952353477 0.21832412481308 0.218016728758812 0.217965453863144 0.218001917004585 0.218139633536339 0.218236058950424 0.218304112553596 0.218288421630859 0.218240395188332 0.218134388327599 0.218018159270287 0.217914074659348 0.217814385890961 0.217749044299126 0.21768444776535 0.217622235417366 0.217530831694603 0.217388480901718 0.217210695147514 0.21699646115303 0.216815963387489 0.216655999422073 0.216585800051689 0.216545507311821 0.216572359204292 0.216609001159668 0.216713339090347 0.216821253299713 0.2169518917799 0.217074111104012 0.217172861099243 0.217309847474098 0.217505931854248 0.217700377106667 0.217893317341805
-9999 -9999 -9999 -9999 0.21924664080143 0.219154313206673 0.219238102436066 0.219007134437561 0.218766838312149 0.218559682369232 0.218327537178993 0.217999696731567 0.21777617931366 0.217759072780609 0.217824026942253 0.217983663082123 0.218107536435127 0.218206852674484 0.218203604221344 0.218160733580589 0.218031629920006 0.217887327075005 0.217777773737907 0.217674642801285 0.217618837952614 0.217565596103668 0.217520654201508 0.21744567155838 0.217318281531334 0.217146843671799 0.216930091381073 0.216742157936096 0.216571778059006 0.216500252485275 0.216461673378944 0.216505602002144 0.216561391949654 0.216682761907578 0.216806292533875 0.216943681240082 0.217065826058388 0.217145562171936 0.217286303639412 0.217521324753761 0.217670381069183 0.217740520834923
