Ecospace-environmental-drivers/Outputs/ASCII-for-ecospace/MOM6-ISIMIP3a/o2-surf/2001-07_o2-surf_MOM6-ISIMIP3a.asc
NCOLS 131 
NROWS 53 
XLLCORNER -98 
YLLCORNER 23.9265270233154 
CELLSIZE 0.133587792515755 
NODATA_value -9999 
[rows 0 to 20 of 53, columns 46 to 91 of 131]
-9999 -9999 -9999 -9999 -9999 -9999 -9999 -9999 -9999 -9999 -9999 -9999 -9999 -9999 -9999 -9999 -9999 -9999 -9999 -9999 -9999 -9999 -9999 -9999 -9999 -9999 -9999 -9999 -9999 -9999 -9999 -9999 -9999 -9999 -9999 -9999 -9999 -9999 -9999 -9999 -9999 -9999 -9999 -9999 -9999 -9999
-9999 -9999 -9999 -9999 -9999 -9999 -9999 -9999 -9999 -9999 -9999 -9999 -9999 -9999 -9999 -9999 -9999 -9999 -9999 -9999 -9999 -9999 -9999 -9999 -9999 -9999 -9999 -9999 -9999 -9999 -9999 -9999 -9999 -9999 -9999 -9999 -9999 -9999 -9999 -9999 -9999 -9999 -9999 -9999 -9999 -9999
-9999 -9999 -9999 -9999 -9999 -9999 -9999 -9999 -9999 -9999 -9999 -9999 -9999 -9999 -9999 -9999 -9999 -9999 -9999 -9999 -9999 -9999 -9999 -9999 -9999 -9999 -9999 -9999 0.214294478297234 0.214364439249039 -9999 -9999 -9999 -9999 -9999 -9999 -9999 -9999 -9999 -9999 -9999 -9999 -9999 -9999 -9999 -9999
-9999 -9999 -9999 -9999 -9999 -9999 -9999 -9999 -9999 -9999 -9999 -9999 -9999 -9999 -9999 -9999 -9999 -9999 -9999 -9999 -9999 -9999 -9999 -9999 -9999 -9999 -9999 -9999 0.214144334197044 0.214293003082275 -9999 -9999 -9999 -9999 -9999 -9999 -9999 -9999 -9999 -9999 -9999 -9999 -9999 -9999 -9999 -9999
-9999 -9999 -9999 -9999 -9999 -9999 -9999 -9999 -9999 -9999 -9999 -9999 -9999 -9999 -9999 -9999 -9999 -9999 -9999 0.204738557338715 0.205529525876045 0.206162303686142 0.209853440523148 0.212591394782066 0.216055065393448 0.216583460569382 0.215166553854942 0.214208200573921 0.213963523507118 0.214261278510094 0.214654207229614 -9999 -9999 0.215247422456741 0.213661178946495 0.210760101675987 0.207910597324371 0.205778300762177 0.204475224018097 0.203901663422585 0.203419059514999 0.202960506081581 0.202454760670662 -9999 -9999 -9999
-9999 -9999 -9999 -9999 -9999 -9999 -9999 -9999 -9999 -9999 -9999 -9999 -9999 -9999 -9999 0.15785051882267 -9999 0.159350886940956 0.160675674676895 0.183114439249039 0.204738557338715 0.205687716603279 0.206162303686142 0.213544562458992 0.218067303299904 0.216553345322609 0.215129747986794 0.213816583156586 0.213678270578384 0.214395701885223 0.214709877967834 0.214857041835785 0.215590476989746 0.216439142823219 0.213712647557259 0.210831746459007 0.207735925912857 0.205164134502411 0.204434856772423 0.203826695680618 0.203443422913551 0.202987059950829 0.202451035380363 0.201926171779633 0.201408550143242 -9999
-9999 -9999 -9999 -9999 -9999 -9999 -9999 -9999 -9999 -9999 -9999 0.153733417391777 0.153454393148422 0.153364673256874 0.153405711054802 0.155883103609085 0.157779112458229 0.157921925187111 0.159455060958862 0.160675674676895 0.183929100632668 0.204738557338715 0.206162303686142 0.213544562458992 0.218067303299904 0.216553345322609 0.215129747986794 0.213816583156586 0.213678270578384 0.214395701885223 0.214709877967834 0.214857041835785 0.215590476989746 0.216439142823219 0.213712647557259 0.210831746459007 0.207735925912857 0.205164134502411 0.204434856772423 0.203826695680618 0.203443422913551 0.202987059950829 0.202451035380363 0.201926171779633 0.201408550143242 0.201271742582321
-9999 -9999 -9999 -9999 -9999 -9999 -9999 -9999 -9999 -9999 -9999 0.155229464173317 0.153733417391777 0.153175354003906 -9999 0.153856545686722 0.156672671437263 0.157636299729347 0.157921925187111 0.15976756811142 0.160675674676895 0.186373069882393 0.208879962563515 0.218034237623215 0.224047109484673 0.223428279161453 0.222492828965187 0.221170410513878 0.220133095979691 0.219303444027901 0.217933624982834 0.216340109705925 0.21510574221611 0.213941961526871 0.211344048380852 0.208756625652313 0.206790387630463 0.205181330442429 0.204828143119812 0.20443207025528 0.203956410288811 0.203358441591263 0.202627256512642 0.202060580253601 0.201600387692451 0.201473236083984
-9999 -9999 -9999 -9999 -9999 -9999 -9999 -9999 -9999 -9999 -9999 -9999 -9999 -9999 -9999 0.153205022215843 0.155747339129448 0.158852785825729 0.157350689172745 0.157921925187111 0.160705089569092 0.187875404953957 0.211930558085442 0.222948417067528 0.230532318353653 0.230866819620132 0.230440676212311 0.229084834456444 0.22705440223217 0.224532574415207 0.221338182687759 0.217865258455276 0.214524060487747 0.211208745837212 0.208774268627167 0.206527665257454 0.20579768717289 0.205242067575455 0.205299466848373 0.205132603645325 0.204549223184586 0.203788682818413 0.202835112810135 0.202216789126396 0.201815396547318 0.201614856719971
0.204188525676727 0.204328671097755 -9999 -9999 -9999 -9999 -9999 -9999 -9999 -9999 -9999 0.189645230770111 0.156762912869453 -9999 -9999 -9999 0.154380470514297 0.161360397934914 0.16325044631958 0.156779438257217 0.158650919795036 0.189411625266075 0.216033488512039 0.225333943963051 0.231608211994171 0.231493949890137 0.230452001094818 0.228276208043098 0.225448921322823 0.222147107124329 0.218710422515869 0.215217873454094 0.21247735619545 0.20988467335701 0.208312585949898 0.20690830051899 0.206774055957794 0.206718429923058 0.206939190626144 0.206780910491943 0.205918684601784 0.204816535115242 0.20345301926136 0.202606067061424 0.202093347907066 0.201825574040413
0.204053774476051 0.20460356771946 0.20464414358139 -9999 -9999 -9999 -9999 -9999 -9999 -9999 -9999 0.20636959373951 0.187318235635757 0.156762912869453 -9999 -9999 0.149268910288811 0.160139068961143 0.174673199653625 0.166738569736481 0.15996815264225 0.192608758807182 0.220372051000595 0.227723211050034 0.232532277703285 0.231974795460701 0.230350866913795 0.227423533797264 0.223914116621017 0.219980716705322 0.216447800397873 0.213080748915672 0.210940688848495 0.209041818976402 0.2082239985466 0.207550153136253 0.207891821861267 0.208232581615448 0.208570137619972 0.208408400416374 0.207319393754005 0.205906450748444 0.204140588641167 0.203049287199974 0.202394485473633 0.202055156230927
0.204053774476051 0.20460356771946 0.204725310206413 0.206034377217293 0.207396566867828 -9999 -9999 -9999 -9999 -9999 -9999 -9999 0.202763199806213 0.181757062673569 0.156762912869453 0.153733417391777 0.149268910288811 0.160139068961143 0.174673199653625 0.17667344212532 0.179368853569031 0.204714775085449 0.225974425673485 0.230132535099983 0.232641994953156 0.231671005487442 0.229646578431129 0.226334631443024 0.222758308053017 0.218989431858063 0.216143801808357 0.213680550456047 0.212139695882797 0.210780173540115 0.210136577486992 0.209593042731285 0.20976796746254 0.20994944870472 0.210154011845589 0.209924221038818 0.208887740969658 0.207329213619232 0.205201849341393 0.203781962394714 0.202819839119911 0.202385991811752
0.204395905137062 0.204851612448692 0.205593377351761 0.206416502594948 0.207402318716049 -9999 -9999 -9999 -9999 0.207601219415665 0.208828076720238 0.208638146519661 0.206503108143806 0.193148344755173 0.170613884925842 0.160753950476646 0.156897649168968 0.166143581271172 0.178520053625107 0.186641618609428 0.195198938250542 0.214353173971176 0.230131894350052 0.231783792376518 0.232469484210014 0.231115460395813 0.2287687510252 0.225208789110184 0.221605196595192 0.217969834804535 0.215649500489235 0.213873758912086 0.21282260119915 0.211913883686066 0.211436435580254 0.211021065711975 0.211056098341942 0.211110547184944 0.211233302950859 0.211015969514847 0.21016700565815 0.208637744188309 0.206367298960686 0.204679399728775 0.203368425369263 0.202763721346855
0.205593377351761 0.205719769001007 0.206057772040367 0.206455960869789 0.207402318716049 0.208370894193649 0.20842419564724 0.208361029624939 0.207705482840538 0.207601219415665 0.208828076720238 0.208638146519661 0.206503108143806 0.199945449829102 0.189769297838211 0.185326173901558 0.183598667383194 0.187159672379494 0.191984280943871 0.196693062782288 0.202102303504944 0.217822343111038 0.230677008628845 0.231539785861969 0.231591388583183 0.229930520057678 0.227457106113434 0.223990574479103 0.220458805561066 0.21687950193882 0.214679405093193 0.213050484657288 0.212215200066566 0.211535915732384 0.211204409599304 0.210911855101585 0.210874155163765 0.21088220179081 0.211051136255264 0.211047515273094 0.210723474621773 0.209660738706589 0.207793191075325 0.205988749861717 0.204225152730942 0.20325867831707
0.208822622895241 0.208953231573105 0.208440527319908 0.207744866609573 0.208376720547676 0.209120988845825 0.209231123328209 0.209277927875519 0.209002569317818 0.209308549761772 0.211018219590187 0.211353778839111 0.209802880883217 0.207875356078148 0.20563967525959 0.204727530479431 0.204442322254181 0.204654276371002 0.204985022544861 0.207295849919319 0.210298761725426 0.221394807100296 0.230358257889748 0.230396553874016 0.229817792773247 0.227936416864395 0.225461721420288 0.222261890769005 0.219018295407295 0.215742811560631 0.213663503527641 0.21207956969738 0.211267933249474 0.210608094930649 0.210294127464294 0.210014790296555 0.209948778152466 0.209951370954514 0.210195198655128 0.210431262850761 0.210652932524681 0.210152924060822 0.208866626024246 0.207214221358299 0.205324947834015 0.204080730676651
0.214924424886703 0.215530797839165 0.213535487651825 0.210800245404243 0.210728749632835 0.210931569337845 0.21117889881134 0.211491122841835 0.212133482098579 0.213429719209671 0.216304793953896 0.217908844351768 0.217767909169197 0.217406824231148 0.216865614056587 0.21681821346283 0.217004716396332 0.217170134186745 0.217330515384674 0.218678146600723 0.220323398709297 0.225113317370415 0.22881817817688 0.227981969714165 0.226778149604797 0.224798291921616 0.222499683499336 0.219811499118805 0.217161938548088 0.214540541172028 0.212582811713219 0.210899949073792 0.209840163588524 0.208902880549431 0.208424910902977 0.208003833889961 0.207972288131714 0.208027318120003 0.208386689424515 0.208899155259132 0.209695935249329 0.209894642233849 0.209441736340523 0.208321094512939 0.206768393516541 0.205365240573883
0.215656653046608 0.216925382614136 0.215673997998238 0.213705897331238 0.213921785354614 0.214367225766182 0.214974880218506 0.215650886297226 0.216674491763115 0.218162253499031 0.220770731568336 0.222397923469543 0.222677960991859 0.222723618149757 0.222577542066574 0.222252801060677 0.22184345126152 0.221411466598511 0.220974072813988 0.221545413136482 0.222249016165733 0.223868995904922 0.224974483251572 0.22392675280571 0.222648724913597 0.220884457230568 0.218986585736275 0.216925412416458 0.214919492602348 0.212953805923462 0.211309865117073 0.209799155592918 0.20867332816124 0.207623183727264 0.207006737589836 0.206454619765282 0.206373766064644 0.206387013196945 0.206731110811234 0.20734241604805 0.208450004458427 0.209177270531654 0.209490194916725 0.208955213427544 0.207871615886688 0.206539049744606
0.211867079138756 0.213955298066139 0.215322852134705 0.216485440731049 0.217823028564453 0.219171404838562 0.22032730281353 0.221449881792068 0.222402974963188 0.223409622907639 0.224545553326607 0.22514720261097 0.225015342235565 0.224491149187088 0.223645985126495 0.222082167863846 0.220177948474884 0.218684673309326 0.217289581894875 0.217242002487183 0.217354267835617 0.218445360660553 0.219190865755081 0.218489959836006 0.21760156750679 0.216317370533943 0.215009421110153 0.213672429323196 0.212351873517036 0.211043298244476 0.209874987602234 0.208764746785164 0.207726240158081 0.206701815128326 0.205968394875526 0.205294236540794 0.205093517899513 0.204985678195953 0.205204322934151 0.205764964222908 0.206960752606392 0.208073288202286 0.209095120429993 0.209191218018532 0.208688318729401 0.207619622349739
0.208485886454582 0.210325658321381 0.212258577346802 0.214217975735664 0.216030180454254 0.217815667390823 0.219286218285561 0.220684543251991 0.221715360879898 0.222665518522263 0.223420932888985 0.223714828491211 0.223375126719475 0.222538143396378 0.221294298768044 0.219286218285561 0.216916114091873 0.2150509506464 0.213306441903114 0.21286216378212 0.212570682168007 0.21320304274559 0.213638857007027 0.21325209736824 0.212746813893318 0.21199132502079 0.211296334862709 0.210675284266472 0.209997355937958 0.209277972579002 0.208528399467468 0.207766324281693 0.206920981407166 0.206059262156487 0.205316230654716 0.204620763659477 0.204347118735313 0.20415823161602 0.204267263412476 0.204706743359566 0.205759882926941 0.206994324922562 0.208426296710968 0.209004700183868 0.209030821919441 0.208313927054405
0.205304548144341 0.206373259425163 0.207866579294205 0.2094806432724 0.211450815200806 0.213445439934731 0.215116366744041 0.216706797480583 0.217887878417969 0.218989372253418 0.219898656010628 0.22023606300354 0.219788387417793 0.218764409422874 0.217268884181976 0.215205490589142 0.212873101234436 0.210973426699638 0.209177136421204 0.208444893360138 0.207841500639915 0.208049446344376 0.208200186491013 0.208111584186554 0.207986205816269 0.207783222198486 0.207712486386299 0.207803353667259 0.207747101783752 0.207583665847778 0.207225009799004 0.20678548514843 0.206185132265091 0.205553159117699 0.204853028059006 0.20418556034565 0.203861981630325 0.203611627221107 0.203618824481964 0.203902617096901 0.204700142145157 0.205927595496178 0.207623496651649 0.20861142873764 0.209141254425049 0.208819210529327
0.203807547688484 0.2043826431036 0.205340772867203 0.206407845020294 0.207859098911285 0.209340140223503 0.210563346743584 0.211721688508987 0.212550014257431 0.213345021009445 0.214059501886368 0.214347124099731 0.214048713445663 0.213252320885658 0.212048500776291 0.210489571094513 0.208762422204018 0.207391455769539 0.206105589866638 0.205558925867081 0.205098837614059 0.205159559845924 0.205205589532852 0.205190047621727 0.205202594399452 0.20527446269989 0.205505654215813 0.205931544303894 0.206180527806282 0.206300660967827 0.206196889281273 0.206000402569771 0.205580294132233 0.205116242170334 0.204522803425789 0.203951433300972 0.20364236831665 0.203394368290901 0.203360974788666 0.203541502356529 0.204119279980659 0.205207258462906 0.20685113966465 0.208031699061394 0.208912447094917 0.208942040801048
