Ecospace-environmental-drivers/Outputs/ASCII-for-ecospace/MOM6-ISIMIP3a/o2-surf/2003-05_o2-surf_MOM6-ISIMIP3a.asc
NCOLS 131 
NROWS 53 
XLLCORNER -98 
YLLCORNER 23.9265270233154 
CELLSIZE 0.133587792515755 
NODATA_value -9999 
[rows 0 to 20 of 53, columns 46 to 91 of 131]
-9999 -9999 -9999 -9999 -9999 -9999 -9999 -9999 -9999 -9999 -9999 -9999 -9999 -9999 -9999 -9999 -9999 -9999 -9999 -9999 -9999 -9999 -9999 -9999 -9999 -9999 -9999 -9999 -9999 -9999 -9999 -9999 -9999 -9999 -9999 -9999 -9999 -9999 -9999 -9999 -9999 -9999 -9999 -9999 -9999 -9999
-9999 -9999 -9999 -9999 -9999 -9999 -9999 -9999 -9999 -9999 -9999 -9999 -9999 -9999 -9999 -9999 -9999 -9999 -9999 -9999 -9999 -9999 -9999 -9999 -9999 -9999 -9999 -9999 -9999 -9999 -9999 -9999 -9999 -9999 -9999 -9999 -9999 -9999 -9999 -9999 -9999 -9999 -9999 -9999 -9999 -9999
-9999 -9999 -9999 -9999 -9999 -9999 -9999 -9999 -9999 -9999 -9999 -9999 -9999 -9999 -9999 -9999 -9999 -9999 -9999 -9999 -9999 -9999 -9999 -9999 -9999 -9999 -9999 -9999 0.229122176766396 0.229027837514877 -9999 -9999 -9999 -9999 -9999 -9999 -9999 -9999 -9999 -9999 -9999 -9999 -9999 -9999 -9999 -9999
-9999 -9999 -9999 -9999 -9999 -9999 -9999 -9999 -9999 -9999 -9999 -9999 -9999 -9999 -9999 -9999 -9999 -9999 -9999 -9999 -9999 -9999 -9999 -9999 -9999 -9999 -9999 -9999 0.229201376438141 0.229114681482315 -9999 -9999 -9999 -9999 -9999 -9999 -9999 -9999 -9999 -9999 -9999 -9999 -9999 -9999 -9999 -9999
-9999 -9999 -9999 -9999 -9999 -9999 -9999 -9999 -9999 -9999 -9999 -9999 -9999 -9999 -9999 -9999 -9999 -9999 -9999 0.219033688306808 0.219609290361404 0.220069780945778 0.222755908966064 0.224817514419556 0.22762231528759 0.228655651211739 0.228751629590988 0.229071289300919 0.229328468441963 0.229204386472702 0.22881118953228 -9999 -9999 0.226366400718689 0.224151760339737 0.221640661358833 0.219789952039719 0.218900978565216 0.218403056263924 0.218154609203339 0.217834517359734 0.217473611235619 0.217299297451973 -9999 -9999 -9999
-9999 -9999 -9999 -9999 -9999 -9999 -9999 -9999 -9999 -9999 -9999 -9999 -9999 -9999 -9999 0.185448229312897 -9999 0.187759503722191 0.189734116196632 0.204608038067818 0.219033688306808 0.219724416732788 0.220069780945778 0.225442036986351 0.228940725326538 0.22848416864872 0.228542044758797 0.229228690266609 0.229443117976189 0.229313597083092 0.228856429457664 0.228263542056084 0.227740332484245 0.227230802178383 0.224128067493439 0.22109642624855 0.219697505235672 0.218575924634933 0.218429520726204 0.218203738331795 0.217830553650856 0.217469274997711 0.217120990157127 0.217307612299919 0.217840358614922 -9999
-9999 -9999 -9999 -9999 -9999 -9999 -9999 -9999 -9999 -9999 -9999 0.187038943171501 0.18693907558918 0.186906799674034 0.186920627951622 0.18624421954155 0.185252577066422 0.185643896460533 0.187900498509407 0.189734116196632 0.205056309700012 0.219033688306808 0.220069780945778 0.225442036986351 0.228940725326538 0.22848416864872 0.228542044758797 0.229228690266609 0.229443117976189 0.229313597083092 0.228856429457664 0.228263542056084 0.227740332484245 0.227230802178383 0.224128067493439 0.22109642624855 0.219697505235672 0.218575924634933 0.218429520726204 0.218203738331795 0.217830553650856 0.217469274997711 0.217120990157127 0.217307612299919 0.217840358614922 0.217981144785881
-9999 -9999 -9999 -9999 -9999 -9999 -9999 -9999 -9999 -9999 -9999 0.187574416399002 0.187038943171501 0.186839193105698 -9999 0.187080457806587 0.186401918530464 0.18486125767231 0.185643896460533 0.188323482871056 0.189734116196632 0.206401139497757 0.221112117171288 0.227636784315109 0.232038632035255 0.231959044933319 0.231961071491241 0.232062801718712 0.231716886162758 0.231044918298721 0.229797035455704 0.228310659527779 0.226666137576103 0.224990531802177 0.222566276788712 0.220263168215752 0.219414189457893 0.218729197978973 0.218620806932449 0.218430578708649 0.218088358640671 0.21775409579277 0.217428475618362 0.217692315578461 0.218337580561638 0.221293896436691
-9999 -9999 -9999 -9999 -9999 -9999 -9999 -9999 -9999 -9999 -9999 -9999 -9999 -9999 -9999 0.186848342418671 0.187753558158875 0.186902552843094 0.184078603982925 0.185643896460533 0.189592450857162 0.206838071346283 0.222255378961563 0.230021134018898 0.23539237678051 0.235708639025688 0.23563577234745 0.235087305307388 0.23411799967289 0.232842147350311 0.230732098221779 0.228276580572128 0.225439921021461 0.222528338432312 0.220859616994858 0.219364419579506 0.21911446750164 0.218905314803123 0.21883961558342 0.218688040971756 0.218376979231834 0.218068286776543 0.217762157320976 0.218099758028984 0.218853905797005 0.221595019102097
0.214245602488518 0.214286029338837 -9999 -9999 -9999 -9999 -9999 -9999 -9999 -9999 -9999 0.209629282355309 0.188123285770416 -9999 -9999 -9999 0.187266141176224 0.189754605293274 0.187769532203674 0.182513326406479 0.183568969368935 0.204510852694511 0.222892701625824 0.230560526251793 0.235740795731544 0.235669657588005 0.235086351633072 0.23387710750103 0.23225761950016 0.230339333415031 0.227924510836601 0.225304052233696 0.223103106021881 0.220984652638435 0.220127642154694 0.219387054443359 0.219327419996262 0.219279229640961 0.219271346926689 0.219129517674446 0.218739002943039 0.21830540895462 0.217824906110764 0.217826873064041 0.218141004443169 0.220052361488342
0.214088588953018 0.214483454823494 0.214512601494789 -9999 -9999 -9999 -9999 -9999 -9999 -9999 -9999 0.220673486590385 0.208279967308044 0.188123285770416 -9999 -9999 0.185440957546234 0.189318507909775 0.194504350423813 0.186867594718933 0.180398985743523 0.203753739595413 0.223990872502327 0.231180548667908 0.235910519957542 0.235447824001312 0.234406843781471 0.232659071683884 0.230514973402023 0.228082209825516 0.225493505597115 0.22284023463726 0.221257239580154 0.219884634017944 0.219716444611549 0.219612538814545 0.21970072388649 0.21977236866951 0.21978585422039 0.21962471306324 0.219139263033867 0.218575149774551 0.21792533993721 0.217623472213745 0.217546746134758 0.218682527542114
0.214088588953018 0.214483454823494 0.214570894837379 0.215418756008148 0.216410607099533 -9999 -9999 -9999 -9999 -9999 -9999 -9999 0.218563586473465 0.204656973481178 0.188123285770416 0.187038943171501 0.185440957546234 0.189318507909775 0.194504350423813 0.193079188466072 0.192534685134888 0.211418256163597 0.227560997009277 0.232233047485352 0.235121667385101 0.234245285391808 0.233029559254646 0.231399059295654 0.229403868317604 0.227143004536629 0.225082561373711 0.223105117678642 0.222044602036476 0.22116431593895 0.221025958657265 0.220926105976105 0.220934182405472 0.220904931426048 0.220744386315346 0.220407903194427 0.219744697213173 0.219019860029221 0.21822789311409 0.217792868614197 0.217588812112808 0.218239635229111
0.214318692684174 0.214617148041725 0.215089157223701 0.215610519051552 0.216404438018799 -9999 -9999 -9999 -9999 0.220915362238884 0.221963346004486 0.22216385602951 0.22120089828968 0.212325990200043 0.196977734565735 0.190984919667244 0.189423590898514 0.192340537905693 0.19632750749588 0.198801591992378 0.202009573578835 0.217412069439888 0.2303486764431 0.23296532034874 0.234389185905457 0.233294993638992 0.2320606559515 0.230654999613762 0.228984445333481 0.227120921015739 0.225616067647934 0.224259734153748 0.223561212420464 0.22299200296402 0.222701698541641 0.222427308559418 0.22220753133297 0.221955507993698 0.221590176224709 0.221076771616936 0.220288410782814 0.219433888792992 0.218507274985313 0.217906504869461 0.217516541481018 0.217672288417816
0.215124040842056 0.215085059404373 0.215318769216537 0.215630024671555 0.216404438018799 0.217216864228249 0.217775300145149 0.218449741601944 0.219714254140854 0.220915362238884 0.221963346004486 0.22216385602951 0.22120089828968 0.216359436511993 0.208344683051109 0.204796075820923 0.203363001346588 0.202917814254761 0.202708676457405 0.203300982713699 0.204832285642624 0.219228968024254 0.231180191040039 0.232896983623505 0.233797639608383 0.232975348830223 0.232112720608711 0.231200814247131 0.230294287204742 0.229391679167747 0.228510722517967 0.227638736367226 0.226901024580002 0.226189702749252 0.225293084979057 0.224397629499435 0.223580569028854 0.222801148891449 0.222154095768929 0.221459820866585 0.220677852630615 0.219771206378937 0.218728736042976 0.217880681157112 0.217158436775208 0.216793715953827
0.217254817485809 0.216875582933426 0.216572999954224 0.216292202472687 0.216821163892746 0.217433825135231 0.218068316578865 0.218798145651817 0.220012918114662 0.221227407455444 0.222441241145134 0.222906142473221 0.222342848777771 0.220473095774651 0.217534437775612 0.215994313359261 0.215116649866104 0.213382050395012 0.211442694067955 0.211203798651695 0.211806654930115 0.222960636019707 0.232109174132347 0.232864663004875 0.233134984970093 0.232381090521812 0.231680035591125 0.231043577194214 0.230600118637085 0.23029725253582 0.229799330234528 0.229220613837242 0.228373527526855 0.227473676204681 0.226122558116913 0.224778056144714 0.223661452531815 0.222647294402122 0.221993401646614 0.221349462866783 0.220724016427994 0.219917684793472 0.218914315104485 0.218009427189827 0.217168286442757 0.216512098908424
0.221259474754333 0.220536038279533 0.21927584707737 0.217862993478775 0.217827066779137 0.217957556247711 0.218775644898415 0.219639152288437 0.220733821392059 0.22198061645031 0.223594784736633 0.22469787299633 0.225099295377731 0.224700137972832 0.223646000027657 0.223498344421387 0.223780065774918 0.22368648648262 0.223503217101097 0.223918423056602 0.224650695919991 0.229399472475052 0.233175933361053 0.232883244752884 0.232371807098389 0.231398582458496 0.23056198656559 0.2298923432827 0.229486465454102 0.229272723197937 0.228817254304886 0.228261694312096 0.227206006646156 0.226052016019821 0.224461033940315 0.222910687327385 0.221915453672409 0.221080347895622 0.220808252692223 0.220541551709175 0.220284834504128 0.219794362783432 0.219049170613289 0.218356713652611 0.217698365449905 0.217074438929558
0.221718564629555 0.221245512366295 0.220215499401093 0.219027101993561 0.218940079212189 0.218991637229919 0.219740986824036 0.22049768269062 0.221291765570641 0.222273722290993 0.223709359765053 0.224818930029869 0.225480899214745 0.225834518671036 0.225935861468315 0.226681217551231 0.227731645107269 0.228601291775703 0.229427754878998 0.230188250541687 0.230977267026901 0.232247218489647 0.233069747686386 0.232019737362862 0.230865150690079 0.22948981821537 0.228332906961441 0.227442979812622 0.226973101496696 0.226809188723564 0.226325705647469 0.225709900259972 0.224493980407715 0.223160088062286 0.221653863787651 0.220227837562561 0.219647496938705 0.219235330820084 0.219414427876472 0.219556301832199 0.21962907910347 0.219433262944221 0.218944787979126 0.218477159738541 0.218023002147675 0.217531979084015
0.219191864132881 0.219469889998436 0.219670340418816 0.219848737120628 0.220143288373947 0.220455512404442 0.220923647284508 0.221370980143547 0.221712484955788 0.222179353237152 0.222948983311653 0.223533108830452 0.22386260330677 0.224364474415779 0.225007385015488 0.226225182414055 0.227715283632278 0.228977411985397 0.230185076594353 0.231030806899071 0.231815323233604 0.232070863246918 0.231975808739662 0.230413407087326 0.228732407093048 0.226801007986069 0.225168228149414 0.22390042245388 0.223281010985374 0.223133847117424 0.22256301343441 0.221816718578339 0.220481291413307 0.219030052423477 0.217881947755814 0.216858237981796 0.216940000653267 0.217156156897545 0.217844843864441 0.218421712517738 0.218790918588638 0.218871936202049 0.218638956546783 0.218406587839127 0.218174636363983 0.217901274561882
0.217011779546738 0.217380493879318 0.217903435230255 0.218470230698586 0.218957617878914 0.219433322548866 0.219812735915184 0.22016216814518 0.220359072089195 0.220630645751953 0.221082538366318 0.221462219953537 0.221742793917656 0.222342878580093 0.223204359412193 0.224490702152252 0.225978285074234 0.227314636111259 0.228614836931229 0.22962249815464 0.230546429753304 0.230544283986092 0.23021274805069 0.2285026460886 0.226620405912399 0.224374800920486 0.222430810332298 0.220855459570885 0.220037177205086 0.219770327210426 0.219206124544144 0.218518778681755 0.217500105500221 0.216416284441948 0.215761512517929 0.21521084010601 0.215521827340126 0.215933561325073 0.216699525713921 0.217350512742996 0.217787951231003 0.217986240983009 0.217923939228058 0.217869162559509 0.217819258570671 0.217764675617218
0.215001314878464 0.215137541294098 0.215538635849953 0.216015040874481 0.216602921485901 0.217194527387619 0.217579439282417 0.217934459447861 0.218137457966805 0.218370214104652 0.218674808740616 0.219007149338722 0.21937757730484 0.220051363110542 0.220973372459412 0.222130581736565 0.223399236798286 0.22465406358242 0.225905582308769 0.227112680673599 0.228246435523033 0.228356942534447 0.228122264146805 0.226442888379097 0.224518567323685 0.222077116370201 0.219902485609055 0.218053996562958 0.217012733221054 0.216559424996376 0.21604785323143 0.21551214158535 0.215023696422577 0.214544549584389 0.214449271559715 0.214406222105026 0.214734613895416 0.215130165219307 0.215761825442314 0.216310307383537 0.216704323887825 0.21694178879261 0.217008695006371 0.217103272676468 0.21721576154232 0.217380523681641
0.214281767606735 0.214279592037201 0.214470207691193 0.214715674519539 0.215096727013588 0.21548667550087 0.215742364525795 0.21598207950592 0.216140508651733 0.216323897242546 0.216567561030388 0.216867744922638 0.217245534062386 0.217920884490013 0.218839675188065 0.219849675893784 0.220902875065804 0.221931338310242 0.222953900694847 0.224054381251335 0.225098624825478 0.225246250629425 0.22511200606823 0.223798140883446 0.22227044403553 0.220291331410408 0.218507990241051 0.216963961720467 0.21601077914238 0.215487971901894 0.215041220188141 0.214625954627991 0.214339911937714 0.214079275727272 0.214080736041069 0.214113235473633 0.214354276657104 0.214640498161316 0.215085580945015 0.215469777584076 0.215740919113159 0.215903460979462 0.215947672724724 0.216060191392899 0.216216877102852 0.21653701364994
