Ecospace-environmental-drivers/Outputs/ASCII-for-ecospace/MOM6-ISIMIP3a/o2-surf/2003-11_o2-surf_MOM6-ISIMIP3a.asc
NCOLS 131 
NROWS 53 
XLLCORNER -98 
YLLCORNER 23.9265270233154 
CELLSIZE 0.133587792515755 
NODATA_value -9999 
[rows 0 to 20 of 53, columns 46 to 91 of 131]
-9999 -9999 -9999 -9999 -9999 -9999 -9999 -9999 -9999 -9999 -9999 -9999 -9999 -9999 -9999 -9999 -9999 -9999 -9999 -9999 -9999 -9999 -9999 -9999 -9999 -9999 -9999 -9999 -9999 -9999 -9999 -9999 -9999 -9999 -9999 -9999 -9999 -9999 -9999 -9999 -9999 -9999 -9999 -9999 -9999 -9999
-9999 -9999 -9999 -9999 -9999 -9999 -9999 -9999 -9999 -9999 -9999 -9999 -9999 -9999 -9999 -9999 -9999 -9999 -9999 -9999 -9999 -9999 -9999 -9999 -9999 -9999 -9999 -9999 -9999 -9999 -9999 -9999 -9999 -9999 -9999 -9999 -9999 -9999 -9999 -9999 -9999 -9999 -9999 -9999 -9999 -9999
-9999 -9999 -9999 -9999 -9999 -9999 -9999 -9999 -9999 -9999 -9999 -9999 -9999 -9999 -9999 -9999 -9999 -9999 -9999 -9999 -9999 -9999 -9999 -9999 -9999 -9999 -9999 -9999 0.226270779967308 0.225992098450661 -9999 -9999 -9999 -9999 -9999 -9999 -9999 -9999 -9999 -9999 -9999 -9999 -9999 -9999 -9999 -9999
-9999 -9999 -9999 -9999 -9999 -9999 -9999 -9999 -9999 -9999 -9999 -9999 -9999 -9999 -9999 -9999 -9999 -9999 -9999 -9999 -9999 -9999 -9999 -9999 -9999 -9999 -9999 -9999 0.226298108696938 0.226115003228188 -9999 -9999 -9999 -9999 -9999 -9999 -9999 -9999 -9999 -9999 -9999 -9999 -9999 -9999 -9999 -9999
-9999 -9999 -9999 -9999 -9999 -9999 -9999 -9999 -9999 -9999 -9999 -9999 -9999 -9999 -9999 -9999 -9999 -9999 -9999 0.233377039432526 0.233074352145195 0.232832208275795 0.231419697403908 0.230209976434708 0.228218644857407 0.22699573636055 0.226506561040878 0.226335808634758 0.226355314254761 0.226203218102455 0.225786462426186 -9999 -9999 0.220829367637634 0.218451246619225 0.216486632823944 0.215146854519844 0.214723125100136 0.214744806289673 0.215140849351883 0.215786874294281 0.216900691390038 0.218318924307823 -9999 -9999 -9999
-9999 -9999 -9999 -9999 -9999 -9999 -9999 -9999 -9999 -9999 -9999 -9999 -9999 -9999 -9999 0.210499703884125 -9999 0.212001726031303 0.213288396596909 0.223365545272827 0.233377039432526 0.233013823628426 0.232832208275795 0.230007186532021 0.227790534496307 0.226858213543892 0.226338475942612 0.22632297873497 0.226345971226692 0.22639699280262 0.225866705179214 0.225095674395561 0.223137080669403 0.22094501554966 0.218405991792679 0.216002732515335 0.215051159262657 0.214386656880379 0.21473154425621 0.21511621773243 0.215574786067009 0.216669619083405 0.21845768392086 0.219829484820366 0.220931932330132 -9999
-9999 -9999 -9999 -9999 -9999 -9999 -9999 -9999 -9999 -9999 -9999 0.192394211888313 0.19228757917881 0.192268937826157 0.192366600036621 0.201573416590691 0.210370421409607 0.210628986358643 0.21208781003952 0.213288396596909 0.223431184887886 0.233377039432526 0.232832208275795 0.230007186532021 0.227790534496307 0.226858213543892 0.226338475942612 0.22632297873497 0.226345971226692 0.22639699280262 0.225866705179214 0.225095674395561 0.223137080669403 0.22094501554966 0.218405991792679 0.216002732515335 0.215051159262657 0.214386656880379 0.21473154425621 0.21511621773243 0.215574786067009 0.216669619083405 0.21845768392086 0.219829484820366 0.220931932330132 0.221223294734955
-9999 -9999 -9999 -9999 -9999 -9999 -9999 -9999 -9999 -9999 -9999 0.19296595454216 0.192394211888313 0.192180931568146 -9999 0.192687198519707 0.201948836445808 0.21011184155941 0.210628986358643 0.21234604716301 0.213288396596909 0.223628118634224 0.231355056166649 0.228147208690643 0.225467443466187 0.223902508616447 0.22302933037281 0.223001629114151 0.222963571548462 0.222917959094048 0.222290650010109 0.221422418951988 0.219671860337257 0.21774785220623 0.216229990124702 0.214801803231239 0.214102670550346 0.213583588600159 0.213697537779808 0.213864043354988 0.214128166437149 0.214875712990761 0.216149985790253 0.217172965407372 0.218033343553543 0.218146547675133
-9999 -9999 -9999 -9999 -9999 -9999 -9999 -9999 -9999 -9999 -9999 -9999 -9999 -9999 -9999 0.192333102226257 0.193760842084885 0.202909380197525 0.209594696760178 0.210628986358643 0.213120743632317 0.222691088914871 0.229716241359711 0.226089522242546 0.222905948758125 0.220657885074615 0.219401925802231 0.219358488917351 0.219250351190567 0.219095066189766 0.218367278575897 0.217402398586273 0.215895637869835 0.214282333850861 0.213878393173218 0.213513404130936 0.213091462850571 0.212732672691345 0.212595984339714 0.21252316236496 0.212568998336792 0.212931379675865 0.213638633489609 0.214284375309944 0.214890316128731 0.216195002198219
0.232308104634285 0.232522204518318 -9999 -9999 -9999 -9999 -9999 -9999 -9999 -9999 -9999 0.215531691908836 0.193552002310753 -9999 -9999 -9999 0.193063989281654 0.196677446365356 0.204581826925278 0.208560407161713 0.209073632955551 0.220044612884521 0.228161916136742 0.224336296319962 0.221014752984047 0.218757301568985 0.217455729842186 0.217322409152985 0.217067822813988 0.216724887490273 0.21614633500576 0.215470194816589 0.21463680267334 0.213772505521774 0.213778004050255 0.213788315653801 0.213531032204628 0.213289678096771 0.213104322552681 0.212897092103958 0.212649241089821 0.212649941444397 0.212921425700188 0.213541746139526 0.214387759566307 0.215811654925346
0.232450991868973 0.232593417167664 0.232603922486305 -9999 -9999 -9999 -9999 -9999 -9999 -9999 -9999 0.226380750536919 0.212904438376427 0.193552002310753 -9999 -9999 0.190687999129295 0.196109741926193 0.20323458313942 0.204375416040421 0.205810070037842 0.217504784464836 0.226213499903679 0.222425550222397 0.219158142805099 0.216989621520042 0.215705648064613 0.215502813458443 0.215154513716698 0.214700251817703 0.214287012815475 0.213890761137009 0.213657811284065 0.213456958532333 0.213793024420738 0.214106202125549 0.214001685380936 0.213868752121925 0.213635891675949 0.213301733136177 0.212779462337494 0.212443009018898 0.212308973073959 0.212846130132675 0.213817581534386 0.215308040380478
0.232450991868973 0.232593417167664 0.23262494802475 0.232276409864426 0.232294529676437 -9999 -9999 -9999 -9999 -9999 -9999 -9999 0.222439646720886 0.208406239748001 0.193552002310753 0.192394211888313 0.190687999129295 0.196109741926193 0.20323458313942 0.204938441514969 0.206749245524406 0.215536922216415 0.222151249647141 0.219669863581657 0.217487096786499 0.215934738516808 0.215007543563843 0.214844435453415 0.214685291051865 0.214529067277908 0.214367404580116 0.214203476905823 0.214179754257202 0.214183613657951 0.214427143335342 0.214654669165611 0.214639127254486 0.214566290378571 0.21429206430912 0.213871136307716 0.213177740573883 0.212635636329651 0.212258398532867 0.212402775883675 0.212884664535522 0.21415938436985
0.23189041018486 0.23213404417038 0.23213304579258 0.232062473893166 0.232285156846046 -9999 -9999 -9999 -9999 0.231523349881172 0.229576349258423 0.227348446846008 0.224734917283058 0.215235561132431 0.20010244846344 0.193790093064308 0.191655948758125 0.196667104959488 0.203385502099991 0.205509051680565 0.207620412111282 0.214148730039597 0.219149202108383 0.217755526304245 0.216476485133171 0.215439438819885 0.214769050478935 0.214546769857407 0.214467957615852 0.214493632316589 0.21451336145401 0.214530616998672 0.21465303003788 0.214796125888824 0.214957296848297 0.215107664465904 0.215146005153656 0.215109884738922 0.214811980724335 0.214344725012779 0.213562935590744 0.212871700525284 0.212279111146927 0.212060272693634 0.212083265185356 0.212986916303635
0.229928329586983 0.230526223778725 0.231239929795265 0.231986582279205 0.232285156846046 0.232535943388939 0.232734322547913 0.232829302549362 0.232398316264153 0.231523349881172 0.229576349258423 0.227348446846008 0.224734917283058 0.216970130801201 0.20499075949192 0.198675736784935 0.195043802261353 0.19861789047718 0.203913733363152 0.206098586320877 0.208321541547775 0.214209660887718 0.218797668814659 0.217944666743279 0.217117056250572 0.216343104839325 0.215679556131363 0.215150952339172 0.21488031744957 0.214797586202621 0.214823246002197 0.214893817901611 0.215004608035088 0.215123295783997 0.215227514505386 0.215321987867355 0.215326473116875 0.215268567204475 0.214991241693497 0.214578822255135 0.213915482163429 0.213216304779053 0.212478071451187 0.211969926953316 0.211610659956932 0.211754977703094
0.227015897631645 0.228030145168304 0.229327663779259 0.230705752968788 0.231239438056946 0.231679305434227 0.231919676065445 0.232038110494614 0.231536313891411 0.230648785829544 0.228829860687256 0.226703584194183 0.224155366420746 0.218300819396973 0.209741100668907 0.204606607556343 0.201094567775726 0.203545734286308 0.207421705126762 0.209172144532204 0.210953786969185 0.215315088629723 0.218716621398926 0.218101441860199 0.21745477616787 0.216741636395454 0.216046988964081 0.215374976396561 0.215025290846825 0.21491040289402 0.214951679110527 0.215057611465454 0.215161427855492 0.215264827013016 0.215281695127487 0.215286076068878 0.215199902653694 0.215078428387642 0.214832797646523 0.214507043361664 0.214032471179962 0.21345329284668 0.212760150432587 0.212130784988403 0.211542695760727 0.211149215698242
0.222759827971458 0.22427824139595 0.225974500179291 0.227721348404884 0.228715255856514 0.229611560702324 0.229953274130821 0.230128318071365 0.229455605149269 0.228537738323212 0.227027952671051 0.225146993994713 0.222756460309029 0.219060465693474 0.214296370744705 0.212015241384506 0.210910215973854 0.212682589888573 0.215142473578453 0.215757623314857 0.216316282749176 0.217897266149521 0.219017997384071 0.218212485313416 0.217364281415939 0.216425970196724 0.215646609663963 0.215061515569687 0.214792251586914 0.214753031730652 0.21482352912426 0.21493948996067 0.215042918920517 0.215143874287605 0.215030416846275 0.214896395802498 0.214639231562614 0.214395120739937 0.214196920394897 0.21400286257267 0.213816449046135 0.213538140058517 0.213159695267677 0.212646767497063 0.212046831846237 0.211428716778755
0.219715818762779 0.22121961414814 0.222720012068748 0.224219426512718 0.225320100784302 0.226360097527504 0.226864144206047 0.227189242839813 0.226604133844376 0.225897878408432 0.224899128079414 0.22356241941452 0.221761777997017 0.219779372215271 0.21764825284481 0.217008009552956 0.2170739620924 0.218017771840096 0.219171330332756 0.218970060348511 0.218691423535347 0.218641683459282 0.21841099858284 0.217423066496849 0.216440439224243 0.215469047427177 0.214789614081383 0.214467003941536 0.214401751756668 0.214523941278458 0.214638486504555 0.214749842882156 0.21476523578167 0.21476174890995 0.21447291970253 0.214163988828659 0.213761955499649 0.213407576084137 0.213220715522766 0.213106378912926 0.213126718997955 0.21311254799366 0.213060781359673 0.21280662715435 0.212421536445618 0.211839661002159
0.217692509293556 0.218744844198227 0.219548612833023 0.220281705260277 0.221191465854645 0.222111791372299 0.222829520702362 0.223383367061615 0.223103582859039 0.222812697291374 0.22249498963356 0.221954300999641 0.221107497811317 0.220463961362839 0.219986736774445 0.219966351985931 0.220162376761436 0.220151484012604 0.220091164112091 0.219341978430748 0.218550890684128 0.217838495969772 0.217039063572884 0.215875342488289 0.214814811944962 0.213972106575966 0.213548094034195 0.213635802268982 0.213878646492958 0.214234486222267 0.214405506849289 0.214499980211258 0.214353516697884 0.214159682393074 0.213657557964325 0.213142961263657 0.212618067860603 0.212163805961609 0.211957901716232 0.211879551410675 0.212038084864616 0.212257131934166 0.212542086839676 0.212666586041451 0.212687283754349 0.21236127614975
0.215875744819641 0.216616049408913 0.217079073190689 0.217463225126266 0.218136295676231 0.218837291002274 0.219493523240089 0.220055386424065 0.22013720870018 0.220272704958916 0.220537796616554 0.220595806837082 0.220369532704353 0.220410868525505 0.220671191811562 0.220731228590012 0.220696404576302 0.220048487186432 0.219254091382027 0.21812230348587 0.216977551579475 0.215981155633926 0.214964047074318 0.213860243558884 0.212962239980698 0.212498679757118 0.212468609213829 0.212968319654465 0.213478252291679 0.21399562060833 0.214151114225388 0.214156746864319 0.213846489787102 0.21347413957119 0.212845623493195 0.212210461497307 0.211603030562401 0.211070328950882 0.210800319910049 0.210685104131699 0.210857316851616 0.211138620972633 0.211538806557655 0.211883902549744 0.212193354964256 0.212204203009605
0.214160054922104 0.214656591415405 0.214952990412712 0.215192466974258 0.215606465935707 0.216039329767227 0.216499403119087 0.216961279511452 0.217432245612144 0.217999517917633 0.218799322843552 0.21935947239399 0.219590604305267 0.21999679505825 0.220546200871468 0.220422670245171 0.219980373978615 0.218850895762444 0.2175572514534 0.216123759746552 0.214703038334846 0.213607937097549 0.212544947862625 0.211616426706314 0.210998624563217 0.211036786437035 0.211468413472176 0.212380930781364 0.21313787996769 0.213781505823135 0.213886246085167 0.213767811655998 0.213292822241783 0.212747752666473 0.212035357952118 0.211321279406548 0.210651040077209 0.210050374269485 0.209694251418114 0.209506496787071 0.209631457924843 0.209891378879547 0.210298374295235 0.210786715149879 0.211327686905861 0.211715012788773
0.213223949074745 0.21347613632679 0.213641151785851 0.213781356811523 0.213956370949745 0.214140564203262 0.214476838707924 0.21488156914711 0.215634450316429 0.216426968574524 0.217315122485161 0.217999175190926 0.218402996659279 0.218835666775703 0.21929195523262 0.218854516744614 0.21799373626709 0.216642245650291 0.21517351269722 0.213889092206955 0.212645322084427 0.211809054017067 0.211008280515671 0.210356086492538 0.209966525435448 0.210131421685219 0.210700958967209 0.211765080690384 0.212665379047394 0.213446348905563 0.213588193058968 0.213465362787247 0.212963908910751 0.212388023734093 0.211643368005753 0.210889607667923 0.210107818245888 0.209395751357079 0.208928763866425 0.20862665772438 0.208630695939064 0.208783179521561 0.209097385406494 0.209543794393539 0.21007576584816 0.210607528686523
