Ecospace-environmental-drivers/Outputs/ASCII-for-ecospace/MOM6-ISIMIP3a/o2-surf/2003-02_o2-surf_MOM6-ISIMIP3a.asc
NCOLS 131 
NROWS 53 
XLLCORNER -98 
YLLCORNER 23.9265270233154 
CELLSIZE 0.133587792515755 
NODATA_value -9999 
[rows 21 to 41 of 53, columns 46 to 91 of 131]
0.229687556624413 0.228945642709732 0.228576883673668 0.228314235806465 0.228561490774155 0.22882929444313 0.228242769837379 0.227634474635124 0.226915463805199 0.22714065015316 0.229645729064941 0.232365921139717 0.235381454229355 0.236969962716103 0.237390920519829 0.236796885728836 0.235722079873085 0.234661847352982 0.233605086803436 0.232932403683662 0.232214719057083 0.230457916855812 0.229207575321198 0.230076804757118 0.230461716651917 0.22982420027256 0.22925940155983 0.228783458471298 0.228545114398003 0.228479847311974 0.228388473391533 0.228286311030388 0.228155747056007 0.228019595146179 0.227751269936562 0.227463364601135 0.227032020688057 0.226664558053017 0.226521700620651 0.226504221558571 0.226719632744789 0.226896330714226 0.227030828595161 0.226717740297318 0.226115047931671 0.225339695811272
0.225968658924103 0.225685894489288 0.225510388612747 0.225365370512009 0.225540474057198 0.225730091333389 0.225426524877548 0.225107342004776 0.224708765745163 0.224961683154106 0.2267876714468 0.228816360235214 0.231123328208923 0.232434988021851 0.232932314276695 0.23263743519783 0.231967285275459 0.2313322275877 0.230705559253693 0.230344995856285 0.229942455887794 0.228662669658661 0.22772778570652 0.228236317634583 0.228507220745087 0.228276446461678 0.227904915809631 0.227361366152763 0.227057665586472 0.226928696036339 0.226812094449997 0.226700618863106 0.226589232683182 0.226477846503258 0.226058289408684 0.225647836923599 0.225437879562378 0.225280746817589 0.22530934214592 0.225410312414169 0.225645735859871 0.225812584161758 0.225904732942581 0.225628599524498 0.225114181637764 0.224512606859207
0.222648099064827 0.222841620445251 0.222871601581573 0.22285507619381 0.222958713769913 0.223068878054619 0.22302308678627 0.222967520356178 0.222862139344215 0.223093569278717 0.224138289690018 0.225366696715355 0.226847246289253 0.227802127599716 0.228326916694641 0.228350177407265 0.228135898709297 0.22795557975769 0.227783381938934 0.227728649973869 0.227635324001312 0.226862862706184 0.226266250014305 0.226405650377274 0.22654601931572 0.22668844461441 0.226491779088974 0.225880652666092 0.225513905286789 0.225325167179108 0.225186407566071 0.225068360567093 0.224994570016861 0.224929466843605 0.224375486373901 0.223858222365379 0.223876357078552 0.223932802677155 0.22412396967411 0.224337309598923 0.224591836333275 0.224752113223076 0.224809736013412 0.224575400352478 0.224152162671089 0.223721340298653
0.2216916680336 0.221821114420891 0.221777454018593 0.22168456017971 0.221907496452332 0.222155690193176 0.222212895750999 0.222242265939713 0.222129970788956 0.222197368741035 0.222698599100113 0.223300561308861 0.224040850996971 0.224546954035759 0.224861443042755 0.22508929669857 0.225276097655296 0.225494742393494 0.2257209867239 0.225754097104073 0.225731387734413 0.225089266896248 0.224558502435684 0.224493771791458 0.22444374859333 0.224424764513969 0.224172085523605 0.2236338108778 0.223303824663162 0.2231255620718 0.223079949617386 0.223089292645454 0.223313555121422 0.223580062389374 0.223169684410095 0.22276546061039 0.222666174173355 0.222621858119965 0.222770795226097 0.222962588071823 0.223233968019485 0.223455548286438 0.223622873425484 0.223533496260643 0.223278015851974 0.223023444414139
0.220793277025223 0.220804080367088 0.220671609044075 0.220498412847519 0.220831051468849 0.22120763361454 0.221372961997986 0.221494570374489 0.22139385342598 0.2213394343853 0.221396833658218 0.221478372812271 0.221593052148819 0.221710979938507 0.221831575036049 0.222195386886597 0.222674399614334 0.223190769553185 0.223716050386429 0.223807647824287 0.223831206560135 0.223297968506813 0.222819775342941 0.222571924328804 0.222354531288147 0.222201406955719 0.221922054886818 0.221488416194916 0.221225619316101 0.221087276935577 0.22112962603569 0.22124682366848 0.221697390079498 0.222213476896286 0.22191210091114 0.221589550375938 0.221355751156807 0.221195116639137 0.221291720867157 0.2214684933424 0.221794098615646 0.222107991576195 0.222409129142761 0.222492784261703 0.222435712814331 0.222373351454735
0.220149308443069 0.21980232000351 0.219514548778534 0.219243615865707 0.219643905758858 0.220106706023216 0.22040256857872 0.220648482441902 0.220640301704407 0.220649346709251 0.220699936151505 0.220725774765015 0.22071760892868 0.220713108778 0.22071161866188 0.220910549163818 0.221204414963722 0.221574604511261 0.221963033080101 0.221984446048737 0.221947565674782 0.221429094672203 0.220945239067078 0.220606312155724 0.220322474837303 0.220154911279678 0.219977423548698 0.219787791371346 0.219725653529167 0.219756349921227 0.219863936305046 0.220003351569176 0.220365554094315 0.220771551132202 0.22042752802372 0.22004908323288 0.219605699181557 0.219260513782501 0.219260603189468 0.21945096552372 0.2199946641922 0.22053687274456 0.221077457070351 0.221457287669182 0.221733093261719 0.221932858228683
0.219479575753212 0.218823119997978 0.218355566263199 0.217941731214523 0.218343257904053 0.218827679753304 0.219297111034393 0.219707354903221 0.219816535711288 0.21991553902626 0.219989955425262 0.219994843006134 0.219904273748398 0.219804927706718 0.219698399305344 0.219745442271233 0.21986523270607 0.220079094171524 0.220315426588058 0.220280930399895 0.220201581716537 0.21974016726017 0.219300448894501 0.218951553106308 0.218660175800323 0.218490198254585 0.218384206295013 0.218356430530548 0.218417555093765 0.218543455004692 0.218677014112473 0.218813732266426 0.219042003154755 0.219288259744644 0.218880414962769 0.218443319201469 0.217957198619843 0.217561781406403 0.217485263943672 0.217687278985977 0.218406572937965 0.219149261713028 0.219917446374893 0.220582708716393 0.221181362867355 0.221635326743126
0.218753635883331 0.217893123626709 0.217192381620407 0.216537088155746 0.216794952750206 0.217160061001778 0.217896938323975 0.218558862805367 0.218839541077614 0.219086349010468 0.219251409173012 0.219311207532883 0.219226479530334 0.219092443585396 0.218918055295944 0.218841567635536 0.218811422586441 0.218846783041954 0.218897804617882 0.218838512897491 0.218755900859833 0.218443885445595 0.218156948685646 0.21797502040863 0.217804580926895 0.217658445239067 0.217557728290558 0.217512518167496 0.217528134584427 0.217588052153587 0.217661961913109 0.217741638422012 0.217736512422562 0.217714712023735 0.217196822166443 0.216695070266724 0.216530233621597 0.216377630829811 0.216267958283424 0.216477438807487 0.217279642820358 0.218162089586258 0.219131991267204 0.220059230923653 0.22095887362957 0.221649661660194
0.218248575925827 0.217246115207672 0.216297328472137 0.215363815426826 0.215379148721695 0.215517938137054 0.216367721557617 0.217171490192413 0.217741206288338 0.218205481767654 0.218415096402168 0.21848027408123 0.218347176909447 0.218161880970001 0.217933893203735 0.217779159545898 0.21765910089016 0.217596858739853 0.217548444867134 0.217492401599884 0.217429131269455 0.217268228530884 0.217126324772835 0.217063874006271 0.216987878084183 0.216883316636086 0.216808676719666 0.216770604252815 0.216749891638756 0.21674183011055 0.216752871870995 0.216771841049194 0.216641709208488 0.216482281684875 0.215814784169197 0.215180799365044 0.215057790279388 0.21496020257473 0.214951932430267 0.215268805623055 0.216189503669739 0.217256873846054 0.218484029173851 0.219650730490685 0.220778301358223 0.221676349639893
0.218021377921104 0.21695514023304 0.215739607810974 0.214481607079506 0.214130029082298 0.213907927274704 0.214676156640053 0.215483576059341 0.216490238904953 0.217259556055069 0.217455744743347 0.217464029788971 0.217214360833168 0.216956987977028 0.216693311929703 0.216517299413681 0.216382816433907 0.216324761509895 0.216284975409508 0.216267436742783 0.216251954436302 0.216244354844093 0.216237708926201 0.216234996914864 0.21622009575367 0.216179445385933 0.21615706384182 0.216157019138336 0.216111525893211 0.216032952070236 0.215977117419243 0.215930730104446 0.215811967849731 0.215678989887238 0.214812114834785 0.213960886001587 0.213528126478195 0.213249281048775 0.21351170539856 0.214061692357063 0.215145692229271 0.216454774141312 0.218009069561958 0.219386860728264 0.22065044939518 0.221718609333038
0.218133896589279 0.217137053608894 0.215806409716606 0.214380860328674 0.213775083422661 0.213292315602303 0.213865116238594 0.214529767632484 0.215661630034447 0.216464772820473 0.216474175453186 0.216294765472412 0.215856149792671 0.21553798019886 0.215318366885185 0.215315535664558 0.215415373444557 0.215451896190643 0.215473279356956 0.215470507740974 0.215470209717751 0.215529814362526 0.215580940246582 0.215596601366997 0.21558341383934 0.215509355068207 0.215477675199509 0.215497806668282 0.215437173843384 0.215317711234093 0.215235725045204 0.21516926586628 0.215071514248848 0.214967608451843 0.2139682918787 0.212982580065727 0.212453618645668 0.212136432528496 0.212563812732697 0.213267296552658 0.214483514428139 0.215966448187828 0.217739954590797 0.219243973493576 0.220573589205742 0.221730694174767
0.218501195311546 0.217673629522324 0.216341644525528 0.214866206049919 0.214090749621391 0.213422507047653 0.213714465498924 0.21412655711174 0.215149775147438 0.215783312916756 0.215475931763649 0.215010747313499 0.214328899979591 0.213958412408829 0.213842645287514 0.214158818125725 0.214679583907127 0.214878439903259 0.21500039100647 0.214994639158249 0.21498504281044 0.215047255158424 0.215098053216934 0.215101048350334 0.215045064687729 0.214864581823349 0.214777439832687 0.214804381132126 0.214735820889473 0.214597687125206 0.214520081877708 0.214467540383339 0.214398011565208 0.214325159788132 0.213243618607521 0.212185457348824 0.211720511317253 0.211472123861313 0.211985185742378 0.212782457470894 0.214107573032379 0.215713456273079 0.217625230550766 0.219191804528236 0.22053499519825 0.221720159053802
0.219306170940399 0.218629449605942 0.217400029301643 0.216013431549072 0.21506230533123 0.214194029569626 0.21435958147049 0.214615881443024 0.21533390879631 0.215690463781357 0.215174227952957 0.214552149176598 0.213784769177437 0.213505253195763 0.213624894618988 0.214213341474533 0.215023845434189 0.215280503034592 0.215404838323593 0.215367764234543 0.215318381786346 0.215251088142395 0.215173572301865 0.215053245425224 0.21488431096077 0.214612767100334 0.214458674192429 0.214448124170303 0.214374482631683 0.214254885911942 0.214209958910942 0.214195936918259 0.21418160200119 0.214167192578316 0.21326170861721 0.212385788559914 0.212120860815048 0.212025299668312 0.212525278329849 0.213244080543518 0.214369267225266 0.215798929333687 0.217560321092606 0.219085901975632 0.220458880066872 0.221532091498375
0.22029872238636 0.219764932990074 0.218682631850243 0.217444330453873 0.216314941644669 0.215240404009819 0.215345740318298 0.215487748384476 0.2158163189888 0.215849861502647 0.215171039104462 0.214447319507599 0.213661968708038 0.213534846901894 0.213946282863617 0.214786976575851 0.215831011533737 0.21610064804554 0.21618527173996 0.216104760766029 0.216002508997917 0.215749099850655 0.215488418936729 0.21519735455513 0.214885398745537 0.214529380202293 0.214303404092789 0.214236363768578 0.214158862829208 0.214073747396469 0.214073613286018 0.214108675718307 0.214161068201065 0.214216858148575 0.213598132133484 0.213013589382172 0.213006973266602 0.213100269436836 0.213544830679893 0.214111313223839 0.214904233813286 0.216029465198517 0.217516779899597 0.218956977128983 0.220366701483727 0.22126792371273
0.221276953816414 0.220831096172333 0.219956174492836 0.218959227204323 0.217744320631027 0.216547578573227 0.2164436429739 0.216381281614304 0.216530457139015 0.216438099741936 0.215762510895729 0.215085491538048 0.214406549930573 0.214365690946579 0.214846909046173 0.215605497360229 0.216495469212532 0.216688081622124 0.216714084148407 0.216567113995552 0.216397255659103 0.216067060828209 0.215725779533386 0.215338051319122 0.214942872524261 0.214531898498535 0.214246228337288 0.214113712310791 0.214020684361458 0.213956400752068 0.213973075151443 0.214023262262344 0.214117616415024 0.214220628142357 0.213935941457748 0.213663086295128 0.213645875453949 0.213708832859993 0.214053586125374 0.214495986700058 0.215119689702988 0.216019511222839 0.217220142483711 0.218541175127029 0.219940111041069 0.220813497900963
0.22225221991539 0.221882894635201 0.221227824687958 0.220491498708725 0.219210267066956 0.217908725142479 0.217564657330513 0.217279300093651 0.217292547225952 0.217115044593811 0.216476991772652 0.215877398848534 0.215330585837364 0.215362310409546 0.21586737036705 0.216474667191505 0.217130392789841 0.21722736954689 0.217190846800804 0.216972663998604 0.216732129454613 0.21634778380394 0.215947106480598 0.2154780626297 0.21501199901104 0.21455217897892 0.214209347963333 0.214009508490562 0.213898509740829 0.213852256536484 0.213879927992821 0.213938236236572 0.214069411158562 0.214214891195297 0.214274048805237 0.214317053556442 0.214233636856079 0.214220881462097 0.214456662535667 0.214780807495117 0.215269044041634 0.215959787368774 0.216871157288551 0.218066021800041 0.219444334506989 0.220319703221321
0.222690284252167 0.222395569086075 0.221937522292137 0.221433013677597 0.220600739121437 0.219745367765427 0.21917200088501 0.21863816678524 0.218305513262749 0.2178675532341 0.217175364494324 0.216573476791382 0.216095566749573 0.216037303209305 0.216322362422943 0.216721594333649 0.217174902558327 0.217191055417061 0.217102766036987 0.216887459158897 0.216648921370506 0.216199472546577 0.21575166285038 0.215310677886009 0.214862808585167 0.214400351047516 0.214051753282547 0.21384234726429 0.213723257184029 0.213669955730438 0.213679447770119 0.213714927434921 0.213840410113335 0.213983580470085 0.214122071862221 0.214248478412628 0.21425861120224 0.214302256703377 0.214463770389557 0.214722201228142 0.21516065299511 0.215745940804482 0.216491192579269 0.21753990650177 0.218784987926483 0.21965703368187
0.223083466291428 0.222864076495171 0.222592622041702 0.222306355834007 0.221906095743179 0.221481218934059 0.220707431435585 0.219953387975693 0.219299837946892 0.218618035316467 0.217868015170097 0.217254564166069 0.216828614473343 0.216674894094467 0.216743886470795 0.216935157775879 0.217184334993362 0.217118099331856 0.216976508498192 0.216768190264702 0.216536208987236 0.216026335954666 0.215535059571266 0.215121537446976 0.214694708585739 0.214239776134491 0.213895350694656 0.213685944676399 0.213561579585075 0.213499113917351 0.213486239314079 0.213493868708611 0.21361118555069 0.213750049471855 0.21395081281662 0.214144840836525 0.214250862598419 0.214353710412979 0.214445441961288 0.214643239974976 0.215038031339645 0.215526789426804 0.216117918491364 0.217019066214561 0.21812079846859 0.218982085585594
0.223254486918449 0.223119169473648 0.222934052348137 0.22273476421833 0.222339391708374 0.221914812922478 0.221243515610695 0.220582753419876 0.219975516200066 0.21931080520153 0.218507304787636 0.217821404337883 0.217296943068504 0.217067241668701 0.217078700661659 0.217090114951134 0.217101514339447 0.216929167509079 0.216712936758995 0.216520175337791 0.216308206319809 0.215793162584305 0.215291678905487 0.214846968650818 0.214429199695587 0.214068308472633 0.213809177279472 0.213674411177635 0.213570058345795 0.213487848639488 0.213422000408173 0.2133629322052 0.213465884327888 0.21360071003437 0.213807985186577 0.214012429118156 0.214162930846214 0.214291885495186 0.214345067739487 0.21451111137867 0.214886769652367 0.215324848890305 0.215830981731415 0.216578871011734 0.217483192682266 0.218256667256355
0.22339554131031 0.223326563835144 0.223198384046555 0.223053380846977 0.222680985927582 0.222278773784637 0.221700459718704 0.221123337745667 0.220552235841751 0.219904586672783 0.219072058796883 0.218334540724754 0.217727452516556 0.217421934008598 0.217363119125366 0.217203304171562 0.216995626688004 0.216730266809464 0.216451123356819 0.216270104050636 0.216073751449585 0.215555891394615 0.215047895908356 0.214581191539764 0.214177966117859 0.21390874683857 0.21372751891613 0.213653817772865 0.213569045066833 0.213476195931435 0.213365599513054 0.213247671723366 0.21332286298275 0.213436022400856 0.213660225272179 0.213884651660919 0.214071229100227 0.214218556880951 0.214227885007858 0.214360028505325 0.214720189571381 0.215119898319244 0.215562671422958 0.216171428561211 0.216887578368187 0.217537835240364
0.223426729440689 0.223359107971191 0.223180115222931 0.222969442605972 0.222686290740967 0.222387507557869 0.221867218613625 0.221338391304016 0.220766127109528 0.220135390758514 0.219363525509834 0.218650802969933 0.218019276857376 0.217638462781906 0.217462807893753 0.21716333925724 0.216805219650269 0.216494798660278 0.216195747256279 0.216012567281723 0.215815678238869 0.215303644537926 0.214802607893944 0.214347630739212 0.213979050517082 0.213792845606804 0.213662385940552 0.2136000841856 0.213533252477646 0.213463127613068 0.213337928056717 0.213189899921417 0.213188156485558 0.213215157389641 0.213494345545769 0.213773876428604 0.213965684175491 0.214103057980537 0.214049071073532 0.214139357209206 0.214497551321983 0.21490390598774 0.215362727642059 0.21588408946991 0.216445937752724 0.216843083500862
