Ecospace-environmental-drivers/Outputs/ASCII-for-ecospace/MOM6-ISIMIP3a/o2-surf/2004-03_o2-surf_MOM6-ISIMIP3a.asc
NCOLS 131 
NROWS 53 
XLLCORNER -98 
YLLCORNER 23.9265270233154 
CELLSIZE 0.133587792515755 
NODATA_value -9999 
[rows 21 to 41 of 53, columns 0 to 45 of 131]
-9999 -9999 -9999 -9999 -9999 -9999 0.249408304691315 0.249617353081703 0.250153124332428 0.250978976488113 0.251076579093933 0.251085609197617 0.251324981451035 0.25203800201416 0.252585917711258 0.252943307161331 0.252828657627106 0.252389848232269 0.251497983932495 0.250431180000305 0.249300166964531 0.248157799243927 0.246164694428444 0.244042187929153 0.240996539592743 0.238419502973557 0.237361818552017 0.236484557390213 0.235922157764435 0.235610663890839 0.235557317733765 0.235315471887589 0.234958782792091 0.23488712310791 0.23491045832634 0.235154151916504 0.235435128211975 0.236664414405823 0.237883478403091 0.23903751373291 0.240051224827766 0.240674287080765 0.241150826215744 0.24140091240406 0.241482570767403 0.241409659385681
-9999 -9999 -9999 -9999 -9999 -9999 0.24937641620636 0.249408304691315 0.249826401472092 0.250398755073547 0.250978976488113 0.251165151596069 0.251215845346451 0.250998467206955 0.250618547201157 0.250051021575928 0.249175921082497 0.248089641332626 0.246214672923088 0.244035184383392 0.242382943630219 0.2408237606287 0.238628149032593 0.236406102776527 0.234079837799072 0.232149019837379 0.231500312685966 0.230975195765495 0.23066571354866 0.230557650327682 0.230656877160072 0.230624049901962 0.230510786175728 0.230575799942017 0.230700254440308 0.231153145432472 0.231657654047012 0.233030259609222 0.234407469630241 0.235814034938812 0.237122491002083 0.238157838582993 0.239007085561752 0.239568740129471 0.239885747432709 0.239978209137917
-9999 -9999 -9999 -9999 0.247792959213257 0.248843848705292 0.249342605471611 0.249378338456154 0.249408304691315 0.250244498252869 0.250963270664215 0.251232713460922 0.251005858182907 0.249797031283379 0.248462706804276 0.246983602643013 0.245341628789902 0.243587806820869 0.240737095475197 0.237462818622589 0.235260337591171 0.233246982097626 0.230959430336952 0.228756606578827 0.227309897542 0.226158663630486 0.225965455174446 0.225830659270287 0.225797772407532 0.225901052355766 0.226144447922707 0.226317971944809 0.226448968052864 0.226631700992584 0.226831674575806 0.227449461817741 0.228130429983139 0.229570418596268 0.231030836701393 0.232621431350708 0.234168842434883 0.235596016049385 0.23680579662323 0.237679570913315 0.238232761621475 0.238491728901863
-9999 -9999 -9999 -9999 0.24539278447628 0.247592613101006 0.248345091938972 0.249342605471611 0.249384105205536 0.249912261962891 0.250289022922516 0.25008624792099 0.249509796500206 0.248193860054016 0.246333718299866 0.24384568631649 0.241237848997116 0.238547757267952 0.235657200217247 0.232689216732979 0.230487868189812 0.228421822190285 0.227061077952385 0.225791573524475 0.225153684616089 0.224659487605095 0.224631130695343 0.224648624658585 0.224746137857437 0.224922135472298 0.225178882479668 0.225372076034546 0.22552652657032 0.225637450814247 0.225733861327171 0.226018369197845 0.226333066821098 0.227228567004204 0.228179976344109 0.229487419128418 0.230871379375458 0.232468351721764 0.233882635831833 0.235014587640762 0.235727846622467 0.236056834459305
-9999 -9999 -9999 -9999 -9999 0.24539278447628 0.247289970517159 0.247347578406334 0.249255806207657 0.249411389231682 0.249390840530396 0.248696088790894 0.24772222340107 0.246196076273918 0.243833720684052 0.240506514906883 0.237144768238068 0.233759269118309 0.23096826672554 0.22840678691864 0.226357698440552 0.224399015307426 0.223825752735138 0.223341897130013 0.223350316286087 0.223378270864487 0.22346955537796 0.22359824180603 0.223792240023613 0.224022388458252 0.224289745092392 0.224503368139267 0.224684238433838 0.224749162793159 0.224775448441505 0.224781513214111 0.224787563085556 0.225178882479668 0.225649744272232 0.226627111434937 0.227776393294334 0.229404240846634 0.23091484606266 0.232244238257408 0.233084633946419 0.233476221561432
-9999 -9999 -9999 -9999 -9999 0.245458364486694 0.24539278447628 0.247076898813248 0.24867108464241 0.248171135783195 0.24751091003418 0.246237263083458 0.244656503200531 0.242468073964119 0.239706918597221 0.236284956336021 0.233098521828651 0.230073809623718 0.227993607521057 0.226278111338615 0.225043773651123 0.223894342780113 0.223497584462166 0.223151847720146 0.223094016313553 0.223052784800529 0.223065391182899 0.223125070333481 0.22326685488224 0.223469808697701 0.223735690116882 0.22397318482399 0.224193394184113 0.224325552582741 0.22442838549614 0.224396273493767 0.224346354603767 0.224410265684128 0.224525421857834 0.22496697306633 0.225569218397141 0.226618841290474 0.227751359343529 0.229011982679367 0.229835093021393 0.230256661772728
-9999 -9999 0.24556091427803 0.245558395981789 0.245567470788956 0.245524019002914 0.245458289980888 0.246781036257744 0.247979313135147 0.246860951185226 0.245584756135941 0.243704527616501 0.241564080119133 0.238908737897873 0.235987186431885 0.232758462429047 0.229930385947227 0.227377444505692 0.225856587290764 0.224734261631966 0.224052846431732 0.223449230194092 0.223164454102516 0.222906336188316 0.222812205553055 0.22273214161396 0.222697660326958 0.222712233662605 0.222812429070473 0.222985431551933 0.223233386874199 0.223477840423584 0.223720192909241 0.223905444145203 0.224071651697159 0.224028468132019 0.22395583987236 0.223812073469162 0.223695188760757 0.223749458789825 0.223932787775993 0.224475413560867 0.22522383928299 0.226290345191956 0.227022424340248 0.22744756937027
-9999.000000000000000 -9999 -9999 -9999 0.245583713054657 0.245610922574997 0.245650961995125 0.246430203318596 0.24705396592617 0.245398178696632 0.24355773627758 0.241010531783104 0.238413393497467 0.235717460513115 0.233155623078346 0.230748489499092 0.228678181767464 0.226839169859886 0.225547209382057 0.224466472864151 0.223766669631004 0.223134070634842 0.222820520401001 0.222539827227592 0.222474753856659 0.222422033548355 0.222409337759018 0.222431048750877 0.222512811422348 0.222649917006493 0.222844004631042 0.223058521747589 0.223285496234894 0.223492920398712 0.223693832755089 0.223698705434799 0.223675981163979 0.22358575463295 0.223506584763527 0.223497718572617 0.223541662096977 0.223732650279999 0.224083915352821 0.224682837724686 0.225162953138351 0.225534036755562
-9999 -9999 -9999 -9999 0.245584532618523 0.245616212487221 0.245670035481453 0.24632816016674 0.246801406145096 0.24473363161087 0.242455467581749 0.239372074604034 0.236425429582596 0.233749389648438 0.231409430503845 0.229457274079323 0.227797105908394 0.226337432861328 0.225174158811569 0.22412534058094 0.223413363099098 0.222760826349258 0.222458049654961 0.222191959619522 0.222167819738388 0.222154438495636 0.222175985574722 0.222216799855232 0.222291231155396 0.222403928637505 0.22255602478981 0.222748443484306 0.222965404391289 0.223162069916725 0.22335197031498 0.223375588655472 0.223375797271729 0.223317489027977 0.223263368010521 0.223235785961151 0.223215475678444 0.223215416073799 0.223315700888634 0.223571047186852 0.223841637372971 0.224126219749451
-9999 -9999 -9999 -9999 0.245571345090866 0.245526477694511 0.245471090078354 0.246539115905762 0.247395262122154 0.245073288679123 0.242516621947289 0.239061594009399 0.235900297760963 0.233320206403732 0.231028735637665 0.229070320725441 0.227382928133011 0.225881636142731 0.224721014499664 0.223691940307617 0.222975611686707 0.222314476966858 0.22207222878933 0.22186753153801 0.221899256110191 0.221940338611603 0.222011774778366 0.222086727619171 0.222167804837227 0.22227056324482 0.22239562869072 0.222575768828392 0.222789481282234 0.222933948040009 0.223055332899094 0.223060846328735 0.223050028085709 0.222996458411217 0.222951456904411 0.22296105325222 0.222970992326736 0.222981914877892 0.223015159368515 0.223082914948463 0.223197355866432 0.223354652523994
-9999 -9999 -9999 -9999 0.245526477694511 0.245459422469139 0.245380714535713 0.246570408344269 0.247562512755394 0.245503082871437 0.243112087249756 0.239452019333839 0.23608523607254 0.233298763632774 0.230802893638611 0.228642344474792 0.226789698004723 0.225148499011993 0.223981037735939 0.222996488213539 0.222376123070717 0.221820026636124 0.221659734845161 0.221536532044411 0.221650138497353 0.221768602728844 0.221902787685394 0.222022786736488 0.222118049860001 0.222211241722107 0.222302332520485 0.222449034452438 0.222629636526108 0.222710341215134 0.222757741808891 0.222742795944214 0.222719073295593 0.222673892974854 0.222640797495842 0.222684592008591 0.222725719213486 0.222759455442429 0.222767040133476 0.222734242677689 0.222762748599052 0.222847551107407
-9999 -9999 -9999 -9999 0.245455533266068 0.245380714535713 0.246264159679413 0.2464669495821 0.247409790754318 0.246000468730927 0.244108319282532 0.240368157625198 0.236802741885185 0.233583122491837 0.230693176388741 0.228183597326279 0.226062178611755 0.224207326769829 0.223025903105736 0.222104504704475 0.22165535390377 0.221289530396461 0.221227243542671 0.221200600266457 0.221415638923645 0.221628665924072 0.22183521091938 0.22200845181942 0.22212353348732 0.222207471728325 0.222259372472763 0.222356751561165 0.222481831908226 0.22249011695385 0.222459450364113 0.222422257065773 0.222384199500084 0.22235019505024 0.222331091761589 0.222406819462776 0.222479850053787 0.222545295953751 0.222558259963989 0.222490146756172 0.222485393285751 0.22253879904747
-9999 -9999 -9999 -9999 0.245380714535713 0.246006682515144 0.246411144733429 0.246638551354408 0.246681451797485 0.24574176967144 0.244208961725235 0.240405946969986 0.23665663599968 0.233013540506363 0.229800850152969 0.227084770798683 0.22494925558567 0.22321243584156 0.222220823168755 0.221516966819763 0.221215590834618 0.220985233783722 0.220954239368439 0.22096212208271 0.221257507801056 0.221542447805405 0.221793428063393 0.221989408135414 0.222089439630508 0.222142621874809 0.222147583961487 0.222191482782364 0.222259074449539 0.222227364778519 0.222162544727325 0.222126141190529 0.222093611955643 0.222053319215775 0.222030222415924 0.222116529941559 0.222202718257904 0.222288548946381 0.222316309809685 0.22225433588028 0.222235918045044 0.22225746512413
-9999 -9999 -9999 -9999 -9999 0.245924040675163 0.245970711112022 0.246127933263779 0.245706424117088 0.245159029960632 0.243925780057907 0.240067318081856 0.236140385270119 0.232077971100807 0.228573113679886 0.225711613893509 0.223671138286591 0.222194507718086 0.221480041742325 0.221059888601303 0.220896273851395 0.220777913928032 0.220749616622925 0.220765396952629 0.221132129430771 0.22147923707962 0.221762672066689 0.22196838259697 0.222038418054581 0.222051605582237 0.222006306052208 0.221994921565056 0.222004190087318 0.221946388483047 0.221866235136986 0.221840485930443 0.221821993589401 0.221767947077751 0.221733152866364 0.221820876002312 0.221912205219269 0.222013562917709 0.222060158848763 0.222022086381912 0.221998378634453 0.221987873315811
-9999 -9999 -9999 -9999 -9999 0.245334178209305 0.245390266180038 0.24514564871788 0.24511893093586 0.244450360536575 0.243034720420837 0.238759681582451 0.23452490568161 0.230369836091995 0.226917833089828 0.224277079105377 0.222557619214058 0.221470862627029 0.220987066626549 0.220736101269722 0.220646947622299 0.220586344599724 0.220568627119064 0.220596626400948 0.220997840166092 0.221367329359055 0.221633970737457 0.22182109951973 0.221869468688965 0.221859082579613 0.221788257360458 0.221784666180611 0.221822038292885 0.221781998872757 0.221716165542603 0.221679255366325 0.221645936369896 0.221558272838593 0.221491351723671 0.221556663513184 0.221633046865463 0.221740230917931 0.221804335713387 0.221801891922951 0.221809849143028 0.221827358007431
-9999 -9999 -9999 -9999 -9999 0.244530275464058 0.244641572237015 0.244897201657295 0.244611635804176 0.24371562898159 0.242017909884453 0.237251549959183 0.2326819896698 0.228501856327057 0.225174099206924 0.222829833626747 0.221478149294853 0.220808103680611 0.22054535150528 0.220439881086349 0.220412105321884 0.220398053526878 0.220392540097237 0.220433637499809 0.220861703157425 0.221245348453522 0.221485003829002 0.221647694706917 0.221676111221313 0.221645563840866 0.221554324030876 0.221571579575539 0.221654921770096 0.221641734242439 0.221596345305443 0.22154375910759 0.221489667892456 0.221364244818687 0.221261009573936 0.221298962831497 0.221356227993965 0.221467226743698 0.221548601984978 0.22158420085907 0.221631452441216 0.221689403057098
-9999 -9999 -9999 -9999 -9999 -9999 0.243559017777443 0.243881851434708 0.243732929229736 0.241948246955872 0.239483669400215 0.234416767954826 0.229846641421318 0.226259529590607 0.223537340760231 0.221813172101974 0.220853969454765 0.220420092344284 0.220244526863098 0.220168709754944 0.220175608992577 0.220197111368179 0.2202078551054 0.220257446169853 0.220632657408714 0.220984190702438 0.221258893609047 0.221436977386475 0.221446469426155 0.221421241760254 0.221360296010971 0.221446424722672 0.221622154116631 0.221630826592445 0.221583798527718 0.221475943922997 0.221359580755234 0.221229642629623 0.221118897199631 0.22113037109375 0.221170544624329 0.221290603280067 0.221395000815392 0.221475198864937 0.221548452973366 0.221615359187126
-9999 -9999 -9999 -9999 -9999 -9999 0.242149010300636 0.241898000240326 0.242696091532707 0.239939093589783 0.236669465899467 0.231437772512436 0.226982206106186 0.224062412977219 0.221982657909393 0.220872208476067 0.220286816358566 0.220061987638474 0.219959646463394 0.219904631376266 0.219941467046738 0.219994530081749 0.220024898648262 0.220087051391602 0.220418125391006 0.220744103193283 0.221053570508957 0.221245482563972 0.221232265233994 0.221215382218361 0.221194714307785 0.221344098448753 0.221597075462341 0.221622720360756 0.221572577953339 0.221413999795914 0.221240729093552 0.221107438206673 0.220990553498268 0.220978066325188 0.221002221107483 0.221128359436989 0.221252664923668 0.22137413918972 0.221471861004829 0.221547782421112
-9999 -9999 -9999 -9999 -9999 -9999 0.23900194466114 0.240667194128036 0.240149825811386 0.235844179987907 0.231593683362007 0.227554231882095 0.224281638860703 0.222526416182518 0.221252277493477 0.220533236861229 0.220110580325127 0.219891473650932 0.219777554273605 0.219704255461693 0.219733312726021 0.219780430197716 0.219864383339882 0.219984829425812 0.220402702689171 0.220795467495918 0.221106752753258 0.221276745200157 0.221200153231621 0.221211552619934 0.2213134765625 0.221443191170692 0.221589833498001 0.221582651138306 0.221524193882942 0.221382409334183 0.221229210495949 0.221089199185371 0.220966845750809 0.220956906676292 0.220975518226624 0.22107358276844 0.221181809902191 0.221305772662163 0.221417754888535 0.221518740057945
-9999 -9999 -9999 -9999 -9999 0.231556370854378 0.234479650855064 0.234440624713898 0.236833825707436 0.231688231229782 0.227021872997284 0.224189758300781 0.222042694687843 0.221251130104065 0.220640316605568 0.220238089561462 0.219950750470161 0.219742313027382 0.219618290662766 0.219526842236519 0.219545185565948 0.219582885503769 0.219722151756287 0.219901144504547 0.220392659306526 0.220842301845551 0.221156150102615 0.221320867538452 0.221225306391716 0.221262216567993 0.221435412764549 0.221526026725769 0.22156634926796 0.22152054309845 0.22144603729248 0.221313133835793 0.221172153949738 0.221029028296471 0.220904722809792 0.220900282263756 0.220918357372284 0.220999106764793 0.22109842300415 0.221226453781128 0.221355780959129 0.221486315131187
-9999 -9999 -9999 -9999 0.22781965136528 0.22981359064579 0.231556370854378 0.231254413723946 0.23069541156292 0.227308452129364 0.224297985434532 0.222728565335274 0.221496447920799 0.220931768417358 0.22046260535717 0.220103666186333 0.219851061701775 0.219671472907066 0.21954271197319 0.219433605670929 0.219430431723595 0.219445943832397 0.219646960496902 0.219885438680649 0.220402330160141 0.220872595906258 0.221191674470901 0.221412122249603 0.221460416913033 0.221512660384178 0.221568956971169 0.221549287438393 0.221483379602432 0.221377685666084 0.221258729696274 0.221105709671974 0.22094814479351 0.220815122127533 0.22070175409317 0.220713555812836 0.22074943780899 0.220852360129356 0.220969036221504 0.221106946468353 0.221264958381653 0.221441432833672
