Ecospace-environmental-drivers/Outputs/ASCII-for-ecospace/MOM6-ISIMIP3a/o2-surf/2004-04_o2-surf_MOM6-ISIMIP3a.asc
NCOLS 131 
NROWS 53 
XLLCORNER -98 
YLLCORNER 23.9265270233154 
CELLSIZE 0.133587792515755 
NODATA_value -9999 
[rows 21 to 41 of 53, columns 46 to 91 of 131]
0.234915301203728 0.235202506184578 0.235280737280846 0.235299542546272 0.235663011670113 0.236064866185188 0.236550867557526 0.237109616398811 0.238038435578346 0.239068135619164 0.240341410040855 0.241414219141006 0.242211803793907 0.242619603872299 0.242708504199982 0.242641746997833 0.242501258850098 0.242322221398354 0.242133960127831 0.241284310817719 0.240402892231941 0.239720374345779 0.238978713750839 0.237989500164986 0.236885875463486 0.235540688037872 0.234027802944183 0.232309982180595 0.230800241231918 0.229442059993744 0.228150919079781 0.226887553930283 0.225916817784309 0.225003600120544 0.224852561950684 0.224707365036011 0.224343508481979 0.224044695496559 0.223974585533142 0.224071770906448 0.224479660391808 0.224842220544815 0.225155398249626 0.225394785404205 0.225586429238319 0.225566908717155
0.232134163379669 0.232419788837433 0.232466980814934 0.232446372509003 0.232838898897171 0.233285814523697 0.234059721231461 0.234881103038788 0.2359439432621 0.237109050154686 0.238521039485931 0.239783003926277 0.240838974714279 0.241512194275856 0.241872280836105 0.241985887289047 0.241982743144035 0.241831541061401 0.241644948720932 0.240821689367294 0.239959746599197 0.239171355962753 0.238359868526459 0.237451687455177 0.236384958028793 0.234983488917351 0.233442634344101 0.231731384992599 0.230106741189957 0.228545159101486 0.2271928191185 0.225927144289017 0.224967628717422 0.22406829893589 0.223772659897804 0.223505929112434 0.223303124308586 0.223133847117424 0.223082527518272 0.223146319389343 0.223423913121223 0.223664820194244 0.223865762352943 0.224043995141983 0.224207565188408 0.224248558282852
0.229358837008476 0.229628413915634 0.229638025164604 0.229573711752892 0.22998483479023 0.230466485023499 0.231538414955139 0.232633054256439 0.23384328186512 0.23515360057354 0.236705616116524 0.238156750798225 0.23946937918663 0.240407764911652 0.241039946675301 0.241324543952942 0.241444513201714 0.241311550140381 0.241118162870407 0.240324139595032 0.239483162760735 0.23855921626091 0.237643510103226 0.236762404441833 0.235684439539909 0.234190925955772 0.232592135667801 0.230864688754082 0.229122325778008 0.227369099855423 0.225992366671562 0.224771574139595 0.223872065544128 0.223035737872124 0.222603991627693 0.222225189208984 0.222217231988907 0.22220940887928 0.222201958298683 0.222252041101456 0.222408935427666 0.222532495856285 0.222619742155075 0.222731903195381 0.222860187292099 0.222955033183098
0.227262020111084 0.227489858865738 0.227504998445511 0.227459654211998 0.227830156683922 0.228272989392281 0.229519322514534 0.230792433023453 0.2322016954422 0.233680754899979 0.235328286886215 0.23689141869545 0.23833866417408 0.239393100142479 0.24012616276741 0.240360915660858 0.240359634160995 0.240037530660629 0.239638760685921 0.238582774996758 0.237441509962082 0.235715955495834 0.234025314450264 0.232480779290199 0.230850458145142 0.229039028286934 0.227356806397438 0.225832507014275 0.224467754364014 0.223219186067581 0.222437024116516 0.221848011016846 0.221436887979507 0.221060737967491 0.220717892050743 0.220450103282928 0.220903590321541 0.221294224262238 0.221463814377785 0.221602320671082 0.22168305516243 0.221716210246086 0.221697494387627 0.221738621592522 0.221818447113037 0.221920669078827
0.225229188799858 0.225435078144073 0.225480228662491 0.225479677319527 0.225835710763931 0.226263180375099 0.227633640170097 0.229043886065483 0.230656504631042 0.232303351163864 0.234032824635506 0.235663443803787 0.237158372998238 0.23821596801281 0.238915741443634 0.238963022828102 0.23870125412941 0.237995773553848 0.237184286117554 0.235731825232506 0.234179809689522 0.231819435954094 0.229533210396767 0.227557227015495 0.225603088736534 0.223695039749146 0.22209469974041 0.220870435237885 0.219930037856102 0.219196394085884 0.218975409865379 0.218966722488403 0.219010934233665 0.21906553208828 0.218889996409416 0.218801826238632 0.219650521874428 0.220383614301682 0.220710217952728 0.220926731824875 0.220938801765442 0.220892071723938 0.220781281590462 0.220763623714447 0.220806241035461 0.220920741558075
0.22347703576088 0.223747625946999 0.22393012046814 0.224087566137314 0.224543839693069 0.225058808922768 0.226332917809486 0.227699145674706 0.229533955454826 0.23134446144104 0.233096271753311 0.23459929227829 0.235760748386383 0.236326426267624 0.236404657363892 0.235661044716835 0.234528139233589 0.232587739825249 0.230454385280609 0.228015661239624 0.225568562746048 0.223304718732834 0.221209347248077 0.219818964600563 0.218543082475662 0.217508867383003 0.21671524643898 0.216215685009956 0.21590468287468 0.215731039643288 0.215924799442291 0.216270714998245 0.216625347733498 0.216981694102287 0.217317253351212 0.217709496617317 0.218663021922112 0.219493046402931 0.219888851046562 0.220137774944305 0.220113977789879 0.220033600926399 0.219891548156738 0.219868883490562 0.219923481345177 0.220071732997894
0.222031846642494 0.222350895404816 0.222640380263329 0.222921445965767 0.223419681191444 0.223962515592575 0.225109621882439 0.226382181048393 0.228292807936668 0.230087459087372 0.231602117419243 0.232747092843056 0.23338457942009 0.233357936143875 0.232787936925888 0.23130114376545 0.2293801009655 0.226699516177177 0.223837465047836 0.221081182360649 0.21838741004467 0.216497838497162 0.214809983968735 0.213966324925423 0.213278532028198 0.212919771671295 0.212729215621948 0.212744206190109 0.212877079844475 0.2130958288908 0.213562488555908 0.214131817221642 0.214697375893593 0.215262174606323 0.215928629040718 0.216628715395927 0.217620506882668 0.218497201800346 0.218969240784645 0.219270721077919 0.219255462288857 0.219176769256592 0.219028949737549 0.219003304839134 0.219056710600853 0.219229146838188
0.22125643491745 0.221588477492332 0.221918702125549 0.222248405218124 0.222661450505257 0.223102018237114 0.224055290222168 0.225125834345818 0.22679291665554 0.228180080652237 0.22889132797718 0.229175493121147 0.22887334227562 0.228035315871239 0.226758867502213 0.224633038043976 0.222104877233505 0.219763621687889 0.217467024922371 0.215852200984955 0.214326545596123 0.213417202234268 0.212609589099884 0.212227791547775 0.211931392550468 0.211815282702446 0.211783409118652 0.211854487657547 0.212026432156563 0.212271854281425 0.212701916694641 0.213208451867104 0.213767796754837 0.214337527751923 0.214941695332527 0.215573072433472 0.216457933187485 0.217271655797958 0.217835336923599 0.218233272433281 0.218323409557343 0.218323528766632 0.218225583434105 0.218201339244843 0.218224793672562 0.218400582671165
0.220672905445099 0.221006229519844 0.221350520849228 0.221697941422462 0.222048297524452 0.222412198781967 0.223133534193039 0.223925068974495 0.225073620676994 0.225878149271011 0.225851982831955 0.225421115756035 0.224434658885002 0.223112747073174 0.221516370773315 0.219360485672951 0.216939568519592 0.215127676725388 0.213461309671402 0.212602451443672 0.21182869374752 0.211485967040062 0.211186096072197 0.211065500974655 0.210993811488152 0.21102537214756 0.211091846227646 0.211200967431068 0.2113968282938 0.211655884981155 0.212042570114136 0.212482109665871 0.212998077273369 0.213529095053673 0.214066967368126 0.214629560709 0.215431019663811 0.216194644570351 0.21682520210743 0.21729564666748 0.217468738555908 0.217527955770493 0.217463120818138 0.217439651489258 0.217442959547043 0.217624932527542
0.220330789685249 0.220650643110275 0.220975458621979 0.221301689743996 0.221617668867111 0.221937119960785 0.222378596663475 0.222794204950333 0.223078295588493 0.223079860210419 0.222399294376373 0.221436783671379 0.220087245106697 0.218693450093269 0.217263445258141 0.215843662619591 0.214428707957268 0.21338526904583 0.212430611252785 0.211842760443687 0.211297228932381 0.211000800132751 0.210739985108376 0.210628181695938 0.210571527481079 0.210631251335144 0.210720121860504 0.210844621062279 0.211045354604721 0.211301609873772 0.211636364459991 0.212003603577614 0.212429463863373 0.212866857647896 0.213333427906036 0.213827073574066 0.214574798941612 0.215304493904114 0.215970769524574 0.216483592987061 0.216711401939392 0.216804936528206 0.216752141714096 0.216728657484055 0.216724142432213 0.216915860772133
0.220020711421967 0.220292940735817 0.220559269189835 0.220823928713799 0.221025869250298 0.221218422055244 0.221330612897873 0.221376910805702 0.221088007092476 0.220619291067123 0.219716340303421 0.218662351369858 0.21740098297596 0.216214314103127 0.215088739991188 0.214131355285645 0.213253632187843 0.212548896670341 0.21188548207283 0.211379289627075 0.210896924138069 0.210604146122932 0.210347071290016 0.210239425301552 0.210193529725075 0.210278019309044 0.210380777716637 0.210505872964859 0.210701495409012 0.2109484821558 0.211229428648949 0.211524441838264 0.211857154965401 0.212197303771973 0.212587773799896 0.213006407022476 0.21368171274662 0.214354366064072 0.215017661452293 0.215534955263138 0.215781137347221 0.215900152921677 0.215880587697029 0.215922087430954 0.216003105044365 0.216262966394424
0.219734683632851 0.219933658838272 0.22011224925518 0.220285043120384 0.220313191413879 0.220316991209984 0.220062837004662 0.219744771718979 0.219101518392563 0.21841199696064 0.217610716819763 0.216795340180397 0.21596060693264 0.215190306305885 0.214472725987434 0.213772460818291 0.213080406188965 0.212392032146454 0.211704537272453 0.211137980222702 0.210594967007637 0.210273861885071 0.209994062781334 0.209887072443962 0.209848776459694 0.209955468773842 0.210065707564354 0.210180312395096 0.21036334335804 0.210596203804016 0.210821956396103 0.211044773459435 0.211282089352608 0.211522251367569 0.21183305978775 0.212172076106071 0.212760984897614 0.213359266519547 0.21399050951004 0.214483872056007 0.214721173048019 0.214859038591385 0.214888587594032 0.21504382789135 0.215280398726463 0.21565218269825
0.219472825527191 0.219597205519676 0.219675660133362 0.21974104642868 0.219627007842064 0.219484269618988 0.21906191110611 0.218601480126381 0.217947274446487 0.217295289039612 0.216648668050766 0.21602563560009 0.215434983372688 0.214875400066376 0.214341253042221 0.213748976588249 0.213129162788391 0.212419748306274 0.211688905954361 0.211041554808617 0.210418045520782 0.210058286786079 0.209746047854424 0.209632724523544 0.209585279226303 0.209676876664162 0.209764614701271 0.209847584366798 0.209998920559883 0.210200056433678 0.210364237427711 0.210513114929199 0.210677549242973 0.210845053195953 0.21109277009964 0.211363643407822 0.211831629276276 0.212315782904625 0.212856844067574 0.213291198015213 0.213527366518974 0.213729545474052 0.213894665241241 0.21420818567276 0.214617729187012 0.215118288993835
0.2192213088274 0.219270542263985 0.219243541359901 0.219194874167442 0.218952193856239 0.21868097782135 0.21817535161972 0.217667698860168 0.217149719595909 0.216646000742912 0.216176718473434 0.2157261967659 0.215301379561424 0.214864403009415 0.214417457580566 0.213869243860245 0.213273048400879 0.212526544928551 0.211744129657745 0.211007222533226 0.210294723510742 0.209891855716705 0.209543019533157 0.209420368075371 0.209356591105461 0.209417149424553 0.209469497203827 0.209511786699295 0.209623247385025 0.209785103797913 0.209884971380234 0.209959179162979 0.210060402750969 0.210166931152344 0.210358664393425 0.210566312074661 0.210898578166962 0.211251586675644 0.211677521467209 0.212037831544876 0.212276205420494 0.212562158703804 0.212899923324585 0.213390812277794 0.213980793952942 0.214617356657982
0.219049364328384 0.219050616025925 0.21897180378437 0.218870237469673 0.218607008457184 0.21832163631916 0.217885240912437 0.217446610331535 0.216996669769287 0.216556042432785 0.216137886047363 0.215733766555786 0.215348929166794 0.214935153722763 0.214497715234756 0.213970229029655 0.213400110602379 0.212674841284752 0.211912512779236 0.211134657263756 0.21037520468235 0.209899261593819 0.209483042359352 0.209316834807396 0.209211781620979 0.209235817193985 0.209247797727585 0.209245055913925 0.209309980273247 0.209424182772636 0.209500089287758 0.209560126066208 0.209644347429276 0.209733337163925 0.209919452667236 0.210117757320404 0.210399895906448 0.210701063275337 0.211069077253342 0.211393013596535 0.211635082960129 0.211947649717331 0.212337031960487 0.212893798947334 0.213558852672577 0.214259579777718
0.218893885612488 0.218852758407593 0.218733251094818 0.218591436743736 0.218330025672913 0.21805414557457 0.217718511819839 0.217372968792915 0.216976970434189 0.21658182144165 0.216188669204712 0.215804874897003 0.215433970093727 0.215022832155228 0.214578807353973 0.214067235589027 0.213523685932159 0.212831720709801 0.212104290723801 0.211295545101166 0.210497871041298 0.209942623972893 0.209452643990517 0.209235817193985 0.209084302186966 0.209070697426796 0.20904129743576 0.208992630243301 0.209009617567062 0.209074452519417 0.209134727716446 0.209193110466003 0.209269911050797 0.20935033261776 0.209541246294975 0.209741339087486 0.209991097450256 0.210256829857826 0.210578739643097 0.210874110460281 0.211120158433914 0.211447536945343 0.211863502860069 0.212463051080704 0.213181421160698 0.213931411504745
0.218828484416008 0.21873676776886 0.218592375516891 0.218432992696762 0.21821491420269 0.217988550662994 0.217701375484467 0.217396557331085 0.217002019286156 0.216617092490196 0.216255351901054 0.215876415371895 0.215473875403404 0.215037167072296 0.214572474360466 0.21406526863575 0.2135379165411 0.212914541363716 0.212268203496933 0.211518749594688 0.210770517587662 0.210142984986305 0.209575161337852 0.209257259964943 0.209018260240555 0.208945795893669 0.208865851163864 0.208776772022247 0.208787500858307 0.208870962262154 0.208950728178024 0.209028974175453 0.209125548601151 0.209225729107857 0.209399729967117 0.209582298994064 0.209821790456772 0.21007576584816 0.210380643606186 0.210690155625343 0.211008235812187 0.211354896426201 0.211732670664787 0.212316185235977 0.213032811880112 0.213778764009476
0.218765333294868 0.21863029897213 0.21847029030323 0.218303173780441 0.21813029050827 0.217953756451607 0.217694684863091 0.217413112521172 0.217017084360123 0.216640055179596 0.216308861970901 0.215936452150345 0.215507477521896 0.215049609541893 0.214568108320236 0.214064955711365 0.213551551103592 0.212992370128632 0.212422251701355 0.211734786629677 0.211039215326309 0.21034274995327 0.209700047969818 0.209282323718071 0.20895691215992 0.208826333284378 0.208697453141212 0.208570674061775 0.208577126264572 0.208680614829063 0.208779022097588 0.208875328302383 0.208994373679161 0.209117904305458 0.209274739027023 0.209439352154732 0.209667950868607 0.209909752011299 0.210198044776917 0.21051949262619 0.210902526974678 0.211265951395035 0.211607992649078 0.212169170379639 0.21287214756012 0.213611274957657
0.218683138489723 0.218586444854736 0.218502044677734 0.218421161174774 0.2182936668396 0.218151018023491 0.217727839946747 0.217307895421982 0.216904401779175 0.216527342796326 0.216214120388031 0.215873450040817 0.215495124459267 0.215077042579651 0.214626416563988 0.214129596948624 0.213610917329788 0.213052406907082 0.212484359741211 0.21184453368187 0.211194112896919 0.210461318492889 0.209777250885963 0.209297120571136 0.208916410803795 0.208745613694191 0.208589449524879 0.208451211452484 0.208454445004463 0.208560734987259 0.208651840686798 0.208736658096313 0.208894029259682 0.209065660834312 0.209212884306908 0.209364220499992 0.209564581513405 0.20977871119976 0.21004119515419 0.21033076941967 0.210670620203018 0.211021736264229 0.211385130882263 0.211885124444962 0.212473526597023 0.213201716542244
0.218612760305405 0.21855565905571 0.218536123633385 0.218527272343636 0.218456462025642 0.218362525105476 0.217815086245537 0.217287823557854 0.216863170266151 0.216470748186111 0.216156154870987 0.21583054959774 0.21548980474472 0.215100213885307 0.214670658111572 0.214175194501877 0.213648498058319 0.213095054030418 0.212535217404366 0.211931765079498 0.21131506562233 0.210548982024193 0.209827467799187 0.209292411804199 0.208863332867622 0.208657950162888 0.208480656147003 0.208337694406509 0.208339676260948 0.208447232842445 0.208540692925453 0.208628311753273 0.208832085132599 0.209058701992035 0.20919243991375 0.209325954318047 0.209490835666656 0.209670633077621 0.209902808070183 0.210156455636024 0.210449978709221 0.210783794522285 0.211161538958549 0.211599797010422 0.212077245116234 0.212787374854088
0.218585699796677 0.218572825193405 0.218578666448593 0.218589827418327 0.218617156147957 0.218626335263252 0.2181007117033 0.217579960823059 0.217083960771561 0.216619923710823 0.216233044862747 0.215861275792122 0.215510249137878 0.215107828378677 0.214663371443748 0.21415089070797 0.213606178760529 0.21307398378849 0.212544769048691 0.211936458945274 0.211311489343643 0.210523337125778 0.20977871119976 0.209216251969337 0.208764106035233 0.208544850349426 0.208368927240372 0.208245933055878 0.208253845572472 0.208357110619545 0.208488345146179 0.208631157875061 0.208911001682281 0.209217771887779 0.209323853254318 0.209422901272774 0.20952570438385 0.209646761417389 0.209832042455673 0.21003495156765 0.210270598530769 0.210568830370903 0.21093524992466 0.211309745907784 0.211689487099648 0.212355464696884
