Ecospace-environmental-drivers/Outputs/ASCII-for-ecospace/MOM6-ISIMIP3a/o2-surf/2004-09_o2-surf_MOM6-ISIMIP3a.asc
NCOLS 131 
NROWS 53 
XLLCORNER -98 
YLLCORNER 23.9265270233154 
CELLSIZE 0.133587792515755 
NODATA_value -9999 
[rows 21 to 41 of 53, columns 0 to 45 of 131]
-9999 -9999 -9999 -9999 -9999 -9999 0.199895188212395 0.199975281953812 0.200187146663666 0.200501129031181 0.200611427426338 0.200543835759163 0.200653567910194 0.200980424880981 0.201302856206894 0.201620191335678 0.201840609312057 0.201994433999062 0.202089264988899 0.20216129720211 0.202195942401886 0.202223971486092 0.202258139848709 0.202300399541855 0.20240905880928 0.202493950724602 0.202501863241196 0.202464565634727 0.202348351478577 0.202279821038246 0.202260360121727 0.202283829450607 0.202333465218544 0.202389895915985 0.202448591589928 0.202578783035278 0.202719554305077 0.20295874774456 0.203212425112724 0.203558444976807 0.203884854912758 0.204156756401062 0.204379394650459 0.204525902867317 0.204655975103378 0.20477095246315
-9999 -9999 -9999 -9999 -9999 -9999 0.199886307120323 0.199895188212395 0.20005539059639 0.200296878814697 0.200501129031181 0.20078931748867 0.201053634285927 0.201270699501038 0.201448336243629 0.201580449938774 0.201679676771164 0.201756313443184 0.201811462640762 0.201858326792717 0.20185698568821 0.201847150921822 0.201822564005852 0.201804414391518 0.201842561364174 0.201867803931236 0.20185124874115 0.201809778809547 0.201724797487259 0.201683476567268 0.201687052845955 0.201714903116226 0.201757520437241 0.201785147190094 0.201807782053947 0.201851800084114 0.201899334788322 0.20202299952507 0.202163264155388 0.202409237623215 0.202647984027863 0.202866613864899 0.20306521654129 0.203232884407043 0.203416839241982 0.203615754842758
-9999 -9999 -9999 -9999 0.199948027729988 0.199902966618538 0.199870020151138 0.199893698096275 0.199895188212395 0.200215592980385 0.200575619935989 0.201087355613708 0.201457098126411 0.201545894145966 0.201569557189941 0.201518043875694 0.20149464905262 0.201490581035614 0.201511010527611 0.201540917158127 0.201491668820381 0.201428443193436 0.201344504952431 0.201266884803772 0.201245680451393 0.201222017407417 0.201190322637558 0.201152503490448 0.201103985309601 0.201092019677162 0.201117664575577 0.201149314641953 0.20118460059166 0.201189026236534 0.201183170080185 0.201151952147484 0.201117545366287 0.201129227876663 0.201158672571182 0.201301082968712 0.201447978615761 0.201607316732407 0.201779037714005 0.201969891786575 0.202210798859596 0.202497631311417
-9999 -9999 -9999 -9999 0.200045987963676 0.199973165988922 0.199935913085938 0.199870020151138 0.199915900826454 0.20049986243248 0.201019823551178 0.201294809579849 0.201438561081886 0.201322674751282 0.201213866472244 0.201113253831863 0.201067835092545 0.201060339808464 0.201080799102783 0.201112046837807 0.201058447360992 0.200989872217178 0.200896129012108 0.20080703496933 0.200761318206787 0.200718015432358 0.200682565569878 0.20065213739872 0.200630500912666 0.200633496046066 0.200661808252335 0.200691625475883 0.200722336769104 0.200733423233032 0.200737953186035 0.200716510415077 0.20069146156311 0.200664594769478 0.200647294521332 0.20069083571434 0.200743168592453 0.200819924473763 0.200927153229713 0.201081514358521 0.201268538832664 0.201485559344292
-9999 -9999 -9999 -9999 -9999 0.200045987963676 0.200040712952614 0.200001820921898 0.200017809867859 0.200766533613205 0.20136870443821 0.201409906148911 0.201340153813362 0.201050862669945 0.200831219553947 0.200691923499107 0.200630679726601 0.200623050332069 0.200645834207535 0.20068034529686 0.200628012418747 0.200560376048088 0.200467094779015 0.200377076864243 0.200318828225136 0.20026607811451 0.200231075286865 0.20020879805088 0.200208693742752 0.20022177696228 0.200248405337334 0.200273409485817 0.200297430157661 0.200311824679375 0.200323030352592 0.200309783220291 0.200292870402336 0.200237065553665 0.20018382370472 0.200146868824959 0.200121358036995 0.200127691030502 0.200175702571869 0.200288116931915 0.200419664382935 0.20056876540184
-9999 -9999 -9999 -9999 -9999 0.200463086366653 0.200045987963676 0.200245007872581 0.200475782155991 0.200956016778946 0.201299592852592 0.201120063662529 0.200891524553299 0.200566023588181 0.200330257415771 0.20019805431366 0.200148180127144 0.20015487074852 0.200190052390099 0.200236231088638 0.20020979642868 0.200170546770096 0.200122833251953 0.200078129768372 0.200059995055199 0.200042352080345 0.200026318430901 0.200015410780907 0.200013443827629 0.20001532137394 0.200021147727966 0.200028330087662 0.200036332011223 0.200039431452751 0.200040876865387 0.200028896331787 0.20001482963562 0.199972257018089 0.199930444359779 0.199893534183502 0.199863523244858 0.199852749705315 0.199864566326141 0.199911281466484 0.19998025894165 0.200069695711136
-9999 -9999 0.20166178047657 0.201454967260361 0.20115701854229 0.200880691409111 0.200462594628334 0.200635299086571 0.200841292738914 0.201072990894318 0.201184824109077 0.20083786547184 0.200499758124352 0.200179144740105 0.199947133660316 0.199817344546318 0.199773833155632 0.199789568781853 0.19982984662056 0.199879601597786 0.199868574738503 0.199846819043159 0.199831038713455 0.199817925691605 0.199826017022133 0.199831888079643 0.199830561876297 0.19982685148716 0.199818938970566 0.199805557727814 0.199786558747292 0.199767574667931 0.199748575687408 0.19972813129425 0.199707210063934 0.199682295322418 0.199656710028648 0.199614807963371 0.199573218822479 0.199533566832542 0.19949971139431 0.199482008814812 0.199477761983871 0.199494302272797 0.199536100029945 0.199601039290428
-9999.000000000000000 -9999 -9999 -9999 0.202327206730843 0.201433345675468 0.201688051223755 0.201346561312675 0.201005071401596 0.201031744480133 0.20097042620182 0.200572326779366 0.20023201406002 0.200006023049355 0.1998211145401 0.199683591723442 0.199635446071625 0.199648708105087 0.199678137898445 0.199713841080666 0.199695348739624 0.199667304754257 0.199653699994087 0.199642270803452 0.199646309018135 0.19965036213398 0.199654474854469 0.199648797512054 0.199626073241234 0.199588611721992 0.199535995721817 0.199472591280937 0.199402645230293 0.199331998825073 0.199261128902435 0.199192330241203 0.199123829603195 0.19905523955822 0.198989391326904 0.198940947651863 0.198904663324356 0.19890221953392 0.198925837874413 0.198989763855934 0.199081525206566 0.199198827147484
-9999 -9999 -9999 -9999 0.204050242900848 0.204667598009109 0.203838288784027 0.202549055218697 0.20131815969944 0.201055452227592 0.200766369700432 0.200376257300377 0.200062438845634 0.199899554252625 0.199739217758179 0.199581816792488 0.19952529668808 0.199538066983223 0.199551925063133 0.199566215276718 0.199525818228722 0.199475780129433 0.199457570910454 0.199441403150558 0.199436530470848 0.199430614709854 0.19942133128643 0.199393972754478 0.199335053563118 0.199249625205994 0.199136912822723 0.199005335569382 0.198862254619598 0.198728933930397 0.198598846793175 0.198488995432854 0.198382094502449 0.198297321796417 0.198217928409576 0.19817279279232 0.198144525289536 0.198163166642189 0.198219060897827 0.198332563042641 0.198483720421791 0.198669418692589
-9999 -9999 -9999 -9999 0.205358684062958 0.206049785017967 0.206903129816055 0.204369559884071 0.201819092035294 0.2011608928442 0.200575307011604 0.200267612934113 0.200016394257545 0.199876919388771 0.199712812900543 0.199520260095596 0.199450641870499 0.199465453624725 0.199457779526711 0.19944141805172 0.199360921978951 0.199269115924835 0.199237763881683 0.199208810925484 0.199188932776451 0.199162796139717 0.199116423726082 0.19904251396656 0.198920533061028 0.198757097125053 0.19855098426342 0.198321297764778 0.198077231645584 0.197865515947342 0.197664573788643 0.197517201304436 0.197377607226372 0.197289854288101 0.197210401296616 0.197183787822723 0.197176650166512 0.197223737835884 0.197317481040955 0.197483330965042 0.19770573079586 0.197980016469955
-9999 -9999 -9999 -9999 0.206049785017967 0.207082763314247 0.208295375108719 0.205683648586273 0.203044220805168 0.201691865921021 0.200556918978691 0.200254142284393 0.19999897480011 0.199837997555733 0.199646189808846 0.19941882789135 0.199324309825897 0.199321001768112 0.199281290173531 0.199227511882782 0.199108883738518 0.198978811502457 0.198928073048592 0.198879957199097 0.198839172720909 0.198789224028587 0.198709577322006 0.198595970869064 0.198423117399216 0.198196828365326 0.197915583848953 0.197628363966942 0.19733752310276 0.1971086114645 0.196900337934494 0.196767508983612 0.196645483374596 0.19657738506794 0.196516335010529 0.196500197052956 0.196500092744827 0.196544677019119 0.196634456515312 0.196794047951698 0.197032734751701 0.19734400510788
-9999 -9999 -9999 -9999 0.207142636179924 0.208295375108719 0.206905454397202 0.206617936491966 0.204812541604042 0.20254197716713 0.200668022036552 0.200312063097954 0.200003027915955 0.199786841869354 0.199549406766891 0.199287474155426 0.199159190058708 0.199122682213783 0.199043050408363 0.198946759104729 0.198791459202766 0.198625758290291 0.19855098426342 0.198478907346725 0.19841280579567 0.198336333036423 0.198226243257523 0.198078081011772 0.197863504290581 0.19758577644825 0.197243079543114 0.196928784251213 0.196631789207458 0.196431592106819 0.196263641119003 0.196184396743774 0.196117669343948 0.196086183190346 0.196057379245758 0.196045652031898 0.196042031049728 0.196060910820961 0.196115344762802 0.196224719285965 0.196438476443291 0.196748048067093
-9999 -9999 -9999 -9999 0.208295375108719 0.207635715603828 0.207196474075317 0.207024872303009 0.206566378474236 0.203413188457489 0.200821161270142 0.200377032160759 0.199987903237343 0.199707612395287 0.199426487088203 0.199144437909126 0.198988050222397 0.198917970061302 0.198807746171951 0.198682010173798 0.198508575558662 0.198326736688614 0.198228478431702 0.198132991790771 0.198045119643211 0.197947964072227 0.19782067835331 0.197654649615288 0.197421044111252 0.197127491235733 0.196772292256355 0.196481972932816 0.196231201291084 0.196096301078796 0.196000024676323 0.195976912975311 0.195963978767395 0.195958584547043 0.195952251553535 0.195939838886261 0.195927947759628 0.195917502045631 0.195930153131485 0.195978447794914 0.196124285459518 0.196359664201736
-9999 -9999 -9999 -9999 -9999 0.208133861422539 0.208145543932915 0.207946613430977 0.208314001560211 0.204293429851532 0.200992330908775 0.200445041060448 0.199964582920074 0.199616342782974 0.199292376637459 0.198996409773827 0.19881434738636 0.198710501194 0.198573678731918 0.198424130678177 0.198240503668785 0.198050856590271 0.19792939722538 0.19781069457531 0.19770260155201 0.197587266564369 0.197448447346687 0.197271704673767 0.197028785943985 0.196734696626663 0.196387961506844 0.196143507957458 0.195961371064186 0.195907458662987 0.195896297693253 0.195930421352386 0.195970624685287 0.195986837148666 0.195998758077621 0.195983454585075 0.195961281657219 0.19591997563839 0.195888057351112 0.195870637893677 0.195930138230324 0.196060240268707
-9999 -9999 -9999 -9999 -9999 0.209016785025597 0.209059551358223 0.209465131163597 0.209087267518044 0.204677283763885 0.201050624251366 0.200422152876854 0.199869573116302 0.199467152357101 0.199118837714195 0.198832958936691 0.198656380176544 0.198554873466492 0.198413699865341 0.198257192969322 0.198084443807602 0.197908833622932 0.197773173451424 0.197639241814613 0.197512462735176 0.197378605604172 0.197221800684929 0.197027072310448 0.196766167879105 0.196473434567451 0.196147948503494 0.195963963866234 0.19586618244648 0.195879325270653 0.19592946767807 0.195992469787598 0.196057006716728 0.196085840463638 0.196108505129814 0.196091786026955 0.196065247058868 0.196011364459991 0.19595892727375 0.195908725261688 0.195913717150688 0.195969387888908
-9999 -9999 -9999 -9999 -9999 0.209662064909935 0.209845274686813 0.209766909480095 0.209658935666084 0.204958438873291 0.201085567474365 0.200380459427834 0.199759736657143 0.199305981397629 0.198937147855759 0.19866631925106 0.19850167632103 0.198409974575043 0.198269039392471 0.198109090328217 0.197951585054398 0.197794511914253 0.197646513581276 0.197498992085457 0.197353839874268 0.197201400995255 0.197025269269943 0.196811065077782 0.196530386805534 0.196239396929741 0.195937812328339 0.195817306637764 0.195807114243507 0.195884451270103 0.195990949869156 0.196076989173889 0.196159884333611 0.196199506521225 0.196231320500374 0.196213498711586 0.196183830499649 0.196121156215668 0.196053177118301 0.19597701728344 0.19593408703804 0.195921659469604
-9999 -9999 -9999 -9999 -9999 -9999 0.21008138358593 0.210303798317909 0.20992711186409 0.205097436904907 0.201106548309326 0.200326204299927 0.199652224779129 0.199188753962517 0.198802441358566 0.198505148291588 0.198328614234924 0.198235020041466 0.198116987943649 0.197989538311958 0.197851568460464 0.197711750864983 0.197577610611916 0.197441697120667 0.197290077805519 0.197122931480408 0.196905419230461 0.196654140949249 0.196343973278999 0.19607438147068 0.195846557617188 0.195788756012917 0.195834517478943 0.195926710963249 0.196034371852875 0.196118727326393 0.196199610829353 0.196242466568947 0.196278050541878 0.196267306804657 0.196243166923523 0.196181654930115 0.196112379431725 0.196031108498573 0.195978567004204 0.195952400565147
-9999 -9999 -9999 -9999 -9999 -9999 0.210091143846512 0.210173428058624 0.210098162293434 0.205182179808617 0.201109647750854 0.20026558637619 0.199549600481987 0.199087023735046 0.198688313364983 0.198363289237022 0.198168724775314 0.198063731193542 0.197965189814568 0.197869136929512 0.197750106453896 0.197627007961273 0.197506040334702 0.197381570935249 0.197227567434311 0.197049036622047 0.196790903806686 0.196503847837448 0.196166291832924 0.195919841527939 0.195767134428024 0.195768892765045 0.195864781737328 0.195968553423882 0.196074947714806 0.196155950427055 0.196233198046684 0.196277990937233 0.196316361427307 0.196313813328743 0.196296229958534 0.19623675942421 0.19616711139679 0.196081697940826 0.196022629737854 0.195987746119499
-9999 -9999 -9999 -9999 -9999 -9999 0.209211871027946 0.209796205163002 0.209378153085709 0.204756006598473 0.200928628444672 0.200143381953239 0.199498102068901 0.199129790067673 0.198771506547928 0.198424786329269 0.198157921433449 0.197945892810822 0.197819456458092 0.197726055979729 0.197617396712303 0.197506055235863 0.197378486394882 0.197251573204994 0.197133108973503 0.196976602077484 0.196696758270264 0.196395874023438 0.196058243513107 0.195844143629074 0.195757165551186 0.19578555226326 0.195884197950363 0.195988237857819 0.196094065904617 0.196165338158607 0.196231633424759 0.196268066763878 0.196301370859146 0.196314781904221 0.196310684084892 0.196257829666138 0.196190729737282 0.19610159099102 0.196050643920898 0.196034714579582
-9999 -9999 -9999 -9999 -9999 0.206555262207985 0.207675576210022 0.207665979862213 0.208413660526276 0.20421826839447 0.200742766261101 0.200022786855698 0.199440091848373 0.199129030108452 0.198791146278381 0.19842229783535 0.198097825050354 0.197803840041161 0.197653546929359 0.197558745741844 0.197461992502213 0.197364911437035 0.197238802909851 0.197116032242775 0.197026252746582 0.196887642145157 0.196590706706047 0.196282729506493 0.195955514907837 0.195776790380478 0.195750892162323 0.195803806185722 0.195904761552811 0.196008011698723 0.196112021803856 0.196173787117004 0.196229517459869 0.19625848531723 0.196287348866463 0.196315675973892 0.196324169635773 0.196277484297752 0.196212768554688 0.196120157837868 0.196077242493629 0.196079939603806
-9999 -9999 -9999 -9999 0.203302010893822 0.205326497554779 0.206555262207985 0.206684842705727 0.20655269920826 0.203271433711052 0.200539156794548 0.199908122420311 0.199358180165291 0.198968693614006 0.198577776551247 0.198185160756111 0.197856947779655 0.197572946548462 0.197413682937622 0.197302579879761 0.197223335504532 0.197149738669395 0.197054669260979 0.196960136294365 0.196874007582664 0.196738123893738 0.19644096493721 0.19615064561367 0.195872247219086 0.19573999941349 0.195758104324341 0.195828035473824 0.195929512381554 0.196028098464012 0.196125730872154 0.196178704500198 0.196225345134735 0.196250140666962 0.196276918053627 0.19631627202034 0.196334078907967 0.196291923522949 0.196228951215744 0.196133837103844 0.196098744869232 0.196118757128716
