Ecospace-environmental-drivers/Outputs/ASCII-for-ecospace/MOM6-ISIMIP3a/o2-surf/2005-02_o2-surf_MOM6-ISIMIP3a.asc
NCOLS 131 
NROWS 53 
XLLCORNER -98 
YLLCORNER 23.9265270233154 
CELLSIZE 0.133587792515755 
NODATA_value -9999 
[rows 0 to 20 of 53, columns 46 to 91 of 131]
-9999 -9999 -9999 -9999 -9999 -9999 -9999 -9999 -9999 -9999 -9999 -9999 -9999 -9999 -9999 -9999 -9999 -9999 -9999 -9999 -9999 -9999 -9999 -9999 -9999 -9999 -9999 -9999 -9999 -9999 -9999 -9999 -9999 -9999 -9999 -9999 -9999 -9999 -9999 -9999 -9999 -9999 -9999 -9999 -9999 -9999
-9999 -9999 -9999 -9999 -9999 -9999 -9999 -9999 -9999 -9999 -9999 -9999 -9999 -9999 -9999 -9999 -9999 -9999 -9999 -9999 -9999 -9999 -9999 -9999 -9999 -9999 -9999 -9999 -9999 -9999 -9999 -9999 -9999 -9999 -9999 -9999 -9999 -9999 -9999 -9999 -9999 -9999 -9999 -9999 -9999 -9999
-9999 -9999 -9999 -9999 -9999 -9999 -9999 -9999 -9999 -9999 -9999 -9999 -9999 -9999 -9999 -9999 -9999 -9999 -9999 -9999 -9999 -9999 -9999 -9999 -9999 -9999 -9999 -9999 0.26158618927002 0.261689156293869 -9999 -9999 -9999 -9999 -9999 -9999 -9999 -9999 -9999 -9999 -9999 -9999 -9999 -9999 -9999 -9999
-9999 -9999 -9999 -9999 -9999 -9999 -9999 -9999 -9999 -9999 -9999 -9999 -9999 -9999 -9999 -9999 -9999 -9999 -9999 -9999 -9999 -9999 -9999 -9999 -9999 -9999 -9999 -9999 0.261543422937393 0.261748820543289 -9999 -9999 -9999 -9999 -9999 -9999 -9999 -9999 -9999 -9999 -9999 -9999 -9999 -9999 -9999 -9999
-9999 -9999 -9999 -9999 -9999 -9999 -9999 -9999 -9999 -9999 -9999 -9999 -9999 -9999 -9999 -9999 -9999 -9999 -9999 0.268547803163528 0.268304198980331 0.268109291791916 0.26697239279747 0.265908122062683 0.263932943344116 0.262413173913956 0.261556595563889 0.261313319206238 0.261529147624969 0.261787801980972 0.261929541826248 -9999 -9999 0.258995413780212 0.25617641210556 0.253138661384583 0.250902116298676 0.249904215335846 0.249530479311943 0.249686300754547 0.250270515680313 0.251663595438004 0.253588765859604 -9999 -9999 -9999
-9999 -9999 -9999 -9999 -9999 -9999 -9999 -9999 -9999 -9999 -9999 -9999 -9999 -9999 -9999 0.225060135126114 -9999 0.227492272853851 0.229590058326721 0.248938843607903 0.268547803163528 0.268255472183228 0.268109291791916 0.265835493803024 0.263779610395432 0.262183725833893 0.261276185512543 0.261209905147552 0.261453837156296 0.261923730373383 0.261985808610916 0.261879056692123 0.260960251092911 0.25988182425499 0.256144195795059 0.252503246068954 0.250768572092056 0.249434575438499 0.249509498476982 0.249647349119186 0.249902054667473 0.251262158155441 0.253826588392258 0.255677551031113 0.25706684589386 -9999
-9999 -9999 -9999 -9999 -9999 -9999 -9999 -9999 -9999 -9999 -9999 0.208352193236351 0.208209231495857 0.208158627152443 0.208155363798141 0.216687336564064 0.224856033921242 0.225264221429825 0.227622553706169 0.229590058326721 0.248678684234619 0.268547803163528 0.268109291791916 0.265835493803024 0.263779610395432 0.262183725833893 0.261276185512543 0.261209905147552 0.261453837156296 0.261923730373383 0.261985808610916 0.261879056692123 0.260960251092911 0.25988182425499 0.256144195795059 0.252503246068954 0.250768572092056 0.249434575438499 0.249509498476982 0.249647349119186 0.249902054667473 0.251262158155441 0.253826588392258 0.255677551031113 0.25706684589386 0.257434010505676
-9999 -9999 -9999 -9999 -9999 -9999 -9999 -9999 -9999 -9999 -9999 0.209118723869324 0.208352193236351 0.208066254854202 -9999 0.208342432975769 0.21691657602787 0.224447846412659 0.225264221429825 0.228013396263123 0.229590058326721 0.247898176312447 0.262412488460541 0.261049389839172 0.259711623191833 0.258427411317825 0.257804900407791 0.257991164922714 0.258246958255768 0.258553445339203 0.258388191461563 0.258027583360672 0.256477326154709 0.254693239927292 0.251823335886002 0.249070510268211 0.247853949666023 0.246853664517403 0.246613875031471 0.246425047516823 0.246330887079239 0.247493699193001 0.250026017427444 0.252221703529358 0.25419956445694 0.255195200443268
-9999 -9999 -9999 -9999 -9999 -9999 -9999 -9999 -9999 -9999 -9999 -9999 -9999 -9999 -9999 0.208039730787277 0.209207221865654 0.217623874545097 0.223631471395493 0.225264221429825 0.229185923933983 0.244109913706779 0.256089061498642 0.255743831396103 0.255210697650909 0.254281014204025 0.253973782062531 0.254427284002304 0.254690051078796 0.254813879728317 0.254397213459015 0.253756672143936 0.251539707183838 0.24901282787323 0.24710401892662 0.245331138372421 0.244662433862686 0.244014248251915 0.243438243865967 0.242901623249054 0.242438182234764 0.243383482098579 0.245863646268845 0.248419255018234 0.251023650169373 0.253336608409882
0.263658434152603 0.263644218444824 -9999 -9999 -9999 -9999 -9999 -9999 -9999 -9999 -9999 0.236678287386894 0.209904432296753 -9999 -9999 -9999 0.208558559417725 0.211854666471481 0.218810424208641 0.22199872136116 0.222661435604095 0.237686112523079 0.249982133507729 0.250858426094055 0.251358330249786 0.251063615083694 0.251022100448608 0.251290112733841 0.251347333192825 0.251251041889191 0.25062307715416 0.249774962663651 0.248078092932701 0.246214374899864 0.245161801576614 0.244135096669197 0.243067726492882 0.24213619530201 0.241682231426239 0.241314098238945 0.24110534787178 0.241890296339989 0.243757918477058 0.24588742852211 0.248186394572258 0.250455498695374
0.263553231954575 0.263735175132751 0.263748615980148 -9999 -9999 -9999 -9999 -9999 -9999 -9999 -9999 0.249755144119263 0.232745587825775 0.209904432296753 -9999 -9999 0.206064701080322 0.211258798837662 0.21824049949646 0.217289865016937 0.216835603117943 0.231537684798241 0.243809282779694 0.245909124612808 0.247474581003189 0.247911915183067 0.248234570026398 0.248417049646378 0.24832721054554 0.248039022088051 0.247254386544228 0.246264159679413 0.245058164000511 0.243809744715691 0.243486523628235 0.243097394704819 0.241729825735092 0.240589424967766 0.240247771143913 0.240032359957695 0.240051358938217 0.240658149123192 0.241905346512794 0.243510916829109 0.245348364114761 0.247486755251884
0.263553231954575 0.263735175132751 0.26377546787262 0.261487126350403 0.260118037462234 -9999 -9999 -9999 -9999 -9999 -9999 -9999 0.243620827794075 0.226687282323837 0.209904432296753 0.208352193236351 0.206064701080322 0.211258798837662 0.21824049949646 0.216333985328674 0.214757144451141 0.226866155862808 0.23728284239769 0.240617007017136 0.243422701954842 0.245112776756287 0.246327251195908 0.246960446238518 0.247037291526794 0.246708929538727 0.246060401201248 0.245279282331467 0.244407370686531 0.243517622351646 0.243243098258972 0.242908924818039 0.241769328713417 0.240819722414017 0.240538120269775 0.240390837192535 0.240493029356003 0.240826070308685 0.24141064286232 0.241967469453812 0.242506325244904 0.244047999382019
0.262760013341904 0.262960314750671 0.261811912059784 0.260279923677444 0.260081142187119 -9999 -9999 -9999 -9999 0.257895618677139 0.255331754684448 0.251397103071213 0.245580494403839 0.233884900808334 0.217379286885262 0.210179790854454 0.207388415932655 0.211643546819687 0.217582315206528 0.215336039662361 0.213363036513329 0.223551467061043 0.232582226395607 0.236768066883087 0.240455865859985 0.243092224001884 0.244891300797462 0.245667025446892 0.2457465082407 0.245318859815598 0.244712874293327 0.244033053517342 0.243399277329445 0.242774561047554 0.242546170949936 0.242276102304459 0.241455569863319 0.240767911076546 0.240547552704811 0.240465626120567 0.240640819072723 0.240775525569916 0.240866109728813 0.240644916892052 0.24022202193737 0.241060316562653
0.259983688592911 0.260248243808746 0.260236442089081 0.260146081447601 0.260081142187119 0.259993016719818 0.25920781493187 0.258559912443161 0.258610606193542 0.257895618677139 0.255331754684448 0.251397103071213 0.245580494403839 0.236116573214531 0.223668500781059 0.216576486825943 0.212021499872208 0.212990149855614 0.215278580784798 0.214232951402664 0.21367983520031 0.223628908395767 0.232446253299713 0.236527189612389 0.240201681852341 0.243018165230751 0.244633749127388 0.244781613349915 0.244453564286232 0.243778839707375 0.242981523275375 0.242133438587189 0.24149788916111 0.24090413749218 0.240715399384499 0.240532368421555 0.240258604288101 0.240010872483253 0.239854708313942 0.239831179380417 0.240053936839104 0.240178793668747 0.240196958184242 0.239874646067619 0.239332035183907 0.239200383424759
0.256905913352966 0.257112681865692 0.257546812295914 0.258045613765717 0.258107423782349 0.258104801177979 0.25757023692131 0.257112681865692 0.257046848535538 0.256345510482788 0.254109680652618 0.250668257474899 0.24557176232338 0.238749951124191 0.23051655292511 0.224734023213387 0.220112383365631 0.219048336148262 0.218834325671196 0.218597188591957 0.218871802091599 0.226617962121964 0.233517989516258 0.236876875162125 0.239982381463051 0.242553025484085 0.243819862604141 0.243493214249611 0.242854937911034 0.24198967218399 0.241074278950691 0.240138113498688 0.239654198288918 0.239259198307991 0.23913311958313 0.239032417535782 0.239082381129265 0.239116013050079 0.239092245697975 0.239167854189873 0.23942805826664 0.239539593458176 0.239489123225212 0.239078253507614 0.238434195518494 0.237708255648613
0.2534019947052 0.253378391265869 0.253281950950623 0.253164798021317 0.253343224525452 0.253546953201294 0.253617435693741 0.253619343042374 0.253272235393524 0.252603858709335 0.251159757375717 0.248908966779709 0.245550647377968 0.241951271891594 0.238154694437981 0.235381066799164 0.23309201002121 0.231767848134041 0.230674251914024 0.230691209435463 0.230956360697746 0.233723491430283 0.236297205090523 0.238061487674713 0.239812389016151 0.241534978151321 0.242219433188438 0.24163506925106 0.240824162960052 0.239848256111145 0.238918349146843 0.238007485866547 0.237892091274261 0.237933054566383 0.237902149558067 0.237877115607262 0.237935468554497 0.238026306033134 0.238231301307678 0.23846372961998 0.238747030496597 0.238840326666832 0.238726586103439 0.238244935870171 0.237525209784508 0.236736163496971
0.250373184680939 0.250211805105209 0.249979093670845 0.249726101756096 0.24994857609272 0.250221163034439 0.250532209873199 0.250726163387299 0.250324279069901 0.249789729714394 0.248934894800186 0.247629091143608 0.245704159140587 0.244105234742165 0.24277301132679 0.241734519600868 0.240835160017014 0.239635646343231 0.238364413380623 0.238307327032089 0.238333746790886 0.238361552357674 0.238499626517296 0.239099144935608 0.23981811106205 0.240789264440536 0.240985721349716 0.240235358476639 0.23922535777092 0.238026261329651 0.237135201692581 0.236371725797653 0.236532270908356 0.236874461174011 0.236974895000458 0.237055689096451 0.237032130360603 0.237109050154686 0.237539201974869 0.237893506884575 0.238106951117516 0.238097921013832 0.237846493721008 0.237244173884392 0.236414805054665 0.235615268349648
0.247744545340538 0.247523307800293 0.247486382722855 0.247501865029335 0.247707307338715 0.247932881116867 0.248177602887154 0.248338431119919 0.248072475194931 0.24775667488575 0.247320577502251 0.246752947568893 0.246004745364189 0.24537718296051 0.244848296046257 0.244472235441208 0.2441685795784 0.243417710065842 0.242559999227524 0.242152526974678 0.241747125983238 0.24092173576355 0.240216329693794 0.240013018250465 0.239971831440926 0.240272879600525 0.240060836076736 0.239221692085266 0.237990334630013 0.236473262310028 0.235665991902351 0.235152676701546 0.235511228442192 0.23604117333889 0.236303389072418 0.236515432596207 0.236333906650543 0.236337020993233 0.23698927462101 0.237436071038246 0.237501323223114 0.237319156527519 0.236867412924767 0.236102432012558 0.235134765505791 0.234369069337845
0.245746403932571 0.24565052986145 0.24579693377018 0.246012255549431 0.24613793194294 0.246254965662956 0.246386468410492 0.246475905179977 0.246351331472397 0.2462188154459 0.246067136526108 0.24591888487339 0.245775356888771 0.245620995759964 0.245457768440247 0.245313629508018 0.245178535580635 0.24463951587677 0.244003981351852 0.243459030985832 0.242891982197762 0.241912826895714 0.241038829088211 0.240604877471924 0.240284830331802 0.240205228328705 0.239751413464546 0.238840237259865 0.237710535526276 0.236421689391136 0.235790640115738 0.235431984066963 0.235723629593849 0.236143082380295 0.236310437321663 0.236429914832115 0.236172690987587 0.236101314425468 0.236683413386345 0.23701211810112 0.236870273947716 0.236479327082634 0.235816970467567 0.234911233186722 0.233848005533218 0.233189702033997
0.244056820869446 0.244176939129829 0.24450059235096 0.244882151484489 0.244897365570068 0.244875729084015 0.244871094822884 0.24487042427063 0.244889885187149 0.244923278689384 0.244990304112434 0.245105430483818 0.245286613702774 0.245361670851707 0.245349928736687 0.24522702395916 0.245051458477974 0.244608387351036 0.244101405143738 0.243523165583611 0.242926687002182 0.242136046290398 0.241423726081848 0.241039142012596 0.240675762295723 0.24035719037056 0.239743188023567 0.238768145442009 0.237898215651512 0.237104862928391 0.236695259809494 0.236444547772408 0.236539617180824 0.236702665686607 0.236649557948112 0.236566945910454 0.236274242401123 0.236128062009811 0.236496984958649 0.236604556441307 0.236226767301559 0.235609591007233 0.23473159968853 0.233695819973946 0.232557937502861 0.232043027877808
0.242630481719971 0.242985650897026 0.243325710296631 0.243661463260651 0.243448600172997 0.243182480335236 0.242994651198387 0.24286787211895 0.243051692843437 0.243284150958061 0.243634104728699 0.244030311703682 0.244490057229996 0.244724810123444 0.244775488972664 0.244673416018486 0.244498953223228 0.244121640920639 0.243695855140686 0.24321037530899 0.242712020874023 0.24208590388298 0.241512715816498 0.24116113781929 0.240785345435143 0.240358471870422 0.239750862121582 0.238922357559204 0.238379925489426 0.238045856356621 0.237644538283348 0.237215369939804 0.237161502242088 0.237181410193443 0.236925840377808 0.236657947301865 0.236369341611862 0.236163958907127 0.236251205205917 0.236140012741089 0.235660254955292 0.234975293278694 0.234066739678383 0.233055785298347 0.231978565454483 0.231426507234573
