Ecospace-environmental-drivers/Outputs/ASCII-for-ecospace/MOM6-ISIMIP3a/o2-surf/2006-04_o2-surf_MOM6-ISIMIP3a.asc
NCOLS 131 
NROWS 53 
XLLCORNER -98 
YLLCORNER 23.9265270233154 
CELLSIZE 0.133587792515755 
NODATA_value -9999 
[rows 21 to 41 of 53, columns 0 to 45 of 131]
-9999 -9999 -9999 -9999 -9999 -9999 0.22602753341198 0.226203411817551 0.226681724190712 0.227412700653076 0.227743580937386 0.227845877408981 0.228079974651337 0.228777289390564 0.229246646165848 0.229452937841415 0.229542165994644 0.229551017284393 0.229401901364326 0.229191794991493 0.228816017508507 0.228411003947258 0.227879554033279 0.227348983287811 0.226848751306534 0.226369827985764 0.225960046052933 0.225585967302322 0.225274190306664 0.224943965673447 0.22459477186203 0.224191889166832 0.223756328225136 0.223298281431198 0.222832769155502 0.222747385501862 0.222716197371483 0.222913801670074 0.223113849759102 0.223329469561577 0.223458871245384 0.22334823012352 0.223133414983749 0.222757637500763 0.222406953573227 0.222079277038574
-9999 -9999 -9999 -9999 -9999 -9999 0.22600232064724 0.22602753341198 0.226379290223122 0.226907357573509 0.227412700653076 0.227972149848938 0.228493839502335 0.228940844535828 0.229183986783028 0.229191914200783 0.229127958416939 0.229014664888382 0.228548631072044 0.227946370840073 0.22743484377861 0.22693932056427 0.226560279726982 0.226180210709572 0.225770235061646 0.225361153483391 0.224954918026924 0.224567875266075 0.224214315414429 0.2238679677248 0.223529070615768 0.223149940371513 0.222746297717094 0.222299471497536 0.221838235855103 0.221590846776962 0.22137451171875 0.221366390585899 0.221363678574562 0.22139535844326 0.221389383077621 0.221278607845306 0.221140846610069 0.220961406826973 0.220752149820328 0.220515549182892
-9999 -9999 -9999 -9999 0.22540457546711 0.225800067186356 0.225972265005112 0.226007163524628 0.22602753341198 0.226731047034264 0.227458164095879 0.228275656700134 0.228853121399879 0.228955626487732 0.22893126308918 0.228760540485382 0.228562578558922 0.228345930576324 0.227577283978462 0.226595506072044 0.225933313369751 0.225327521562576 0.22510401904583 0.224881365895271 0.224596068263054 0.224287748336792 0.223904833197594 0.223523288965225 0.223144188523293 0.222803831100464 0.222503364086151 0.222171097993851 0.221819445490837 0.221398517489433 0.220954492688179 0.220554575324059 0.220162004232407 0.219942539930344 0.219728380441666 0.219548106193542 0.219380781054497 0.219249442219734 0.219169467687607 0.219168856739998 0.219095066189766 0.218954116106033
-9999 -9999 -9999 -9999 0.224494606256485 0.225351348519325 0.225627869367599 0.225972265005112 0.22602167725563 0.22665049135685 0.227274522185326 0.227880299091339 0.228149399161339 0.227752313017845 0.227168813347816 0.226370230317116 0.225817814469337 0.225434452295303 0.224675297737122 0.223771050572395 0.223119109869003 0.222511693835258 0.222401112318039 0.222325280308723 0.222448393702507 0.222478926181793 0.222209230065346 0.221917301416397 0.221586540341377 0.221409201622009 0.22138974070549 0.22126130759716 0.221066504716873 0.220709875226021 0.220299303531647 0.219933092594147 0.219574198126793 0.219378337264061 0.219169408082962 0.218877241015434 0.218614235520363 0.218432396650314 0.218305349349976 0.218262985348701 0.218210563063622 0.218148916959763
-9999 -9999 -9999 -9999 -9999 0.224494606256485 0.225310653448105 0.225283488631248 0.226084753870964 0.226544246077538 0.226973295211792 0.227285861968994 0.227183535695076 0.226260259747505 0.22516530752182 0.223872244358063 0.223062515258789 0.222584694623947 0.221904844045639 0.221146985888481 0.2205700725317 0.220025092363358 0.219988226890564 0.220010444521904 0.220432281494141 0.220716297626495 0.220553442835808 0.220350205898285 0.220076531171799 0.220035627484322 0.220234259963036 0.220272317528725 0.220212563872337 0.219927206635475 0.219566658139229 0.219258770346642 0.218959093093872 0.218791201710701 0.218597963452339 0.218243330717087 0.217926919460297 0.217716977000237 0.21756038069725 0.217486202716827 0.217451617121696 0.217453360557556
-9999 -9999 -9999 -9999 -9999 0.224636569619179 0.224494606256485 0.225492283701897 0.22645016014576 0.226325407624245 0.22615647315979 0.225818485021591 0.225068226456642 0.223502174019814 0.222104832530022 0.220902130007744 0.22026102244854 0.220005571842194 0.219711124897003 0.219401612877846 0.219183698296547 0.218981966376305 0.21884697675705 0.218753412365913 0.218992963433266 0.219156235456467 0.21907214820385 0.218953728675842 0.218775406479836 0.218754395842552 0.218895271420479 0.218936026096344 0.218915790319443 0.218732342123985 0.218494474887848 0.21835270524025 0.21822427213192 0.218103483319283 0.217971876263618 0.2177714407444 0.217587023973465 0.217447221279144 0.217337846755981 0.217275485396385 0.217243224382401 0.217238590121269
-9999 -9999 0.224802553653717 0.22481669485569 0.224872767925262 0.224778711795807 0.224636405706406 0.225575357675552 0.226447865366936 0.225873738527298 0.225229516625404 0.224317014217377 0.223087698221207 0.221231460571289 0.219754680991173 0.218715712428093 0.218216761946678 0.218088686466217 0.218055367469788 0.21805864572525 0.218085646629333 0.218116849660873 0.21794481575489 0.217795625329018 0.217873752117157 0.217926740646362 0.217898175120354 0.21784034371376 0.217731386423111 0.217713475227356 0.217789217829704 0.217819690704346 0.217822581529617 0.217727676033974 0.217600166797638 0.217570155858994 0.21755313873291 0.217469170689583 0.217385724186897 0.217305675148964 0.217227309942245 0.217153653502464 0.21709617972374 0.217063724994659 0.217052310705185 0.21706023812294
-9999.000000000000000 -9999 -9999 -9999 0.224798589944839 0.224966824054718 0.225053519010544 0.225384131073952 0.225643306970596 0.224914118647575 0.224062293767929 0.222741141915321 0.221401214599609 0.220024138689041 0.218954384326935 0.218239203095436 0.217824712395668 0.217616692185402 0.217573389410973 0.217593684792519 0.21761666238308 0.217640101909637 0.217564344406128 0.217490717768669 0.217452943325043 0.21741846203804 0.217394724488258 0.21734456717968 0.217248350381851 0.217196851968765 0.217191353440285 0.217183217406273 0.217173486948013 0.217138022184372 0.217093974351883 0.217057108879089 0.217021003365517 0.216951370239258 0.216886654496193 0.216853260993958 0.216824382543564 0.216808080673218 0.216812700033188 0.216849640011787 0.216899544000626 0.216961354017258
-9999 -9999 -9999 -9999 0.224624305963516 0.224650233983994 0.224886864423752 0.224812731146812 0.224673420190811 0.223961740732193 0.223085075616837 0.221576884388924 0.220214530825615 0.219140708446503 0.218331053853035 0.217826202511787 0.21749347448349 0.217278942465782 0.217239275574684 0.217267110943794 0.217278659343719 0.217287346720695 0.217257380485535 0.217218205332756 0.217109456658363 0.217019274830818 0.216989353299141 0.216941326856613 0.216861724853516 0.216797322034836 0.21674856543541 0.216720655560493 0.216705426573753 0.216703563928604 0.216706156730652 0.216675713658333 0.21664060652256 0.216589838266373 0.216544806957245 0.216536402702332 0.216535642743111 0.216556146740913 0.216598406434059 0.216674268245697 0.216754719614983 0.216839388012886
-9999 -9999 -9999 -9999 0.224453032016754 0.224255844950676 0.224012359976768 0.223763048648834 0.223495557904243 0.223018512129784 0.222346886992455 0.220930486917496 0.219656601548195 0.21866475045681 0.217930391430855 0.217493116855621 0.217238783836365 0.217110067605972 0.217091158032417 0.217114642262459 0.217105478048325 0.21709056198597 0.217042878270149 0.216986447572708 0.216863229870796 0.216757297515869 0.21670737862587 0.216654494404793 0.216596409678459 0.216545134782791 0.216500878334045 0.21647684276104 0.216465130448341 0.21646437048912 0.216467261314392 0.216459959745407 0.216451123356819 0.216424882411957 0.216400757431984 0.216390118002892 0.216390579938889 0.216422006487846 0.216471120715141 0.216547593474388 0.216619908809662 0.216688394546509
-9999 -9999 -9999 -9999 0.224255844950676 0.223961099982262 0.223615095019341 0.222967639565468 0.222316980361938 0.222028389573097 0.22154912352562 0.220339998602867 0.219238191843033 0.218348741531372 0.217688545584679 0.217292904853821 0.217074170708656 0.216976955533028 0.216952815651894 0.2169568836689 0.216925770044327 0.216888442635536 0.216819539666176 0.216744989156723 0.216629311442375 0.216529533267021 0.216481283307076 0.216433212161064 0.216385439038277 0.216338962316513 0.216293796896935 0.216265261173248 0.216246828436852 0.216242015361786 0.216241717338562 0.21626053750515 0.216281771659851 0.21627077460289 0.21625854074955 0.216238453984261 0.21623370051384 0.216271579265594 0.216315418481827 0.216368466615677 0.216418415307999 0.216465532779694
-9999 -9999 -9999 -9999 0.223944008350372 0.223615095019341 0.222246721386909 0.22236293554306 0.221137851476669 0.221003100275993 0.220706686377525 0.21979147195816 0.218924418091774 0.218152672052383 0.217565834522247 0.217192336916924 0.216977134346962 0.216870650649071 0.216821789741516 0.216795176267624 0.216741159558296 0.216682314872742 0.21658955514431 0.216496258974075 0.216404616832733 0.21632744371891 0.216297090053558 0.216261088848114 0.216215237975121 0.216167286038399 0.216117188334465 0.216077834367752 0.216045036911964 0.216032281517982 0.216026216745377 0.216073393821716 0.216127514839172 0.216124773025513 0.216117680072784 0.216082781553268 0.216067954897881 0.216108947992325 0.216138392686844 0.216149985790253 0.21616692841053 0.216188758611679
-9999 -9999 -9999 -9999 0.223615095019341 0.221457749605179 0.220659658312798 0.22004123032093 0.220142185688019 0.220069780945778 0.219880551099777 0.21924415230751 0.218606114387512 0.217964813113213 0.217461496591568 0.21711739897728 0.2169059664011 0.216785654425621 0.216711029410362 0.216654062271118 0.216572001576424 0.216485515236855 0.216386541724205 0.21629025042057 0.216218620538712 0.216159641742706 0.216141670942307 0.216117814183235 0.21608367562294 0.216038927435875 0.215983256697655 0.215934574604034 0.215890154242516 0.215864017605782 0.215843990445137 0.21591928601265 0.216006860136986 0.215970307588577 0.215933248400688 0.215892881155014 0.215876832604408 0.215928494930267 0.215953499078751 0.215937316417694 0.215935006737709 0.215945407748222
-9999 -9999 -9999 -9999 -9999 0.219518944621086 0.219309538602829 0.219574794173241 0.219225153326988 0.219175890088081 0.219061404466629 0.218697383999825 0.218285888433456 0.217780470848083 0.21736504137516 0.217053443193436 0.216845899820328 0.216709807515144 0.216608971357346 0.216521754860878 0.216409459710121 0.216292724013329 0.216195091605186 0.216102570295334 0.216049209237099 0.216006562113762 0.215998589992523 0.215986907482147 0.215968683362007 0.215929135680199 0.21586762368679 0.215810239315033 0.215755388140678 0.215713530778885 0.215676009654999 0.215779334306717 0.215900629758835 0.215812221169472 0.215730145573616 0.215688318014145 0.215674847364426 0.215740397572517 0.215765237808228 0.215727135539055 0.21571147441864 0.215716376900673
-9999 -9999 -9999 -9999 -9999 0.218528747558594 0.218587622046471 0.218312606215477 0.218356058001518 0.218331053853035 0.218274310231209 0.218096137046814 0.217861160635948 0.21751381456852 0.217212840914726 0.21696537733078 0.216780170798302 0.21663773059845 0.216518312692642 0.216407790780067 0.21627102792263 0.216129645705223 0.216031730175018 0.215940237045288 0.215894222259521 0.215858697891235 0.215857207775116 0.215857863426208 0.215862259268761 0.215846106410027 0.215808793902397 0.215754821896553 0.215690687298775 0.21562272310257 0.215553462505341 0.21559052169323 0.215641289949417 0.215555727481842 0.215474769473076 0.215423107147217 0.215399652719498 0.215454757213593 0.215504601597786 0.215546280145645 0.215572237968445 0.215583771467209
-9999 -9999 -9999 -9999 -9999 0.217752173542976 0.217689052224159 0.217875480651855 0.217496886849403 0.217496365308762 0.217493832111359 0.217483624815941 0.21741484105587 0.217230141162872 0.217049106955528 0.216872304677963 0.216713279485703 0.216566443443298 0.216430008411407 0.2162976115942 0.216137602925301 0.215972721576691 0.215874195098877 0.215783134102821 0.215742200613022 0.215711921453476 0.215716168284416 0.215729206800461 0.215757608413696 0.215768605470657 0.215761721134186 0.215713649988174 0.215640500187874 0.215544268488884 0.215440317988396 0.215391606092453 0.215350285172462 0.215278878808022 0.215208575129509 0.215145349502563 0.215109303593636 0.215148940682411 0.215228989720345 0.215371504426003 0.215450465679169 0.215471088886261
-9999 -9999 -9999 -9999 -9999 -9999 0.216979831457138 0.216879069805145 0.216874495148659 0.216898769140244 0.216922774910927 0.216945812106133 0.216940432786942 0.216878801584244 0.216802135109901 0.216708108782768 0.216583237051964 0.216437190771103 0.216287672519684 0.216136813163757 0.215973630547523 0.215808287262917 0.215718284249306 0.215635389089584 0.215597853064537 0.215571686625481 0.215582355856895 0.215602308511734 0.21563845872879 0.215667769312859 0.215690046548843 0.215675309300423 0.215638041496277 0.215547606348991 0.215439453721046 0.215318024158478 0.215194970369339 0.2150998711586 0.215009719133377 0.214950948953629 0.214908763766289 0.214912712574005 0.214954540133476 0.2150549441576 0.215136587619781 0.215200990438461
-9999 -9999 -9999 -9999 -9999 -9999 0.216373860836029 0.216184943914413 0.216293498873711 0.216338619589806 0.216384559869766 0.216433688998222 0.216483384370804 0.216534182429314 0.216553881764412 0.216537684202194 0.216444358229637 0.216298073530197 0.216136276721954 0.215968519449234 0.215805262327194 0.215642794966698 0.21556268632412 0.215489223599434 0.215456113219261 0.215435057878494 0.215453118085861 0.215479925274849 0.215522021055222 0.21556730568409 0.215615898370743 0.215634122490883 0.21563383936882 0.215552344918251 0.215443760156631 0.215257987380028 0.21506205201149 0.21493773162365 0.214822828769684 0.214767917990685 0.214719355106354 0.214688450098038 0.21469110250473 0.214745610952377 0.214827299118042 0.214933946728706
-9999 -9999 -9999 -9999 -9999 -9999 0.215898394584656 0.21605758368969 0.216040924191475 0.216064631938934 0.216096550226212 0.216159835457802 0.216224908828735 0.216293528676033 0.216331735253334 0.216334834694862 0.216241285204887 0.216081380844116 0.215914264321327 0.215744376182556 0.215604364871979 0.215469613671303 0.21540954709053 0.215355560183525 0.215338468551636 0.215333759784698 0.215369269251823 0.215405106544495 0.215441524982452 0.21548219025135 0.215527206659317 0.215561136603355 0.215588316321373 0.215532720088959 0.215449541807175 0.215282365679741 0.215103477239609 0.214908763766289 0.214731603860855 0.214666247367859 0.214605733752251 0.214558690786362 0.214544475078583 0.214580982923508 0.214658841490746 0.214774623513222
-9999 -9999 -9999 -9999 -9999 0.215098202228546 0.215488374233246 0.215452671051025 0.215797618031502 0.215811938047409 0.215838879346848 0.215914100408554 0.215994834899902 0.216086506843567 0.216141074895859 0.216152831912041 0.216057315468788 0.215888142585754 0.215715944766998 0.215542584657669 0.215419590473175 0.215305492281914 0.21526238322258 0.215225130319595 0.215223655104637 0.215234830975533 0.215286999940872 0.215333089232445 0.215368583798409 0.215407729148865 0.215450644493103 0.215496882796288 0.215545162558556 0.215506955981255 0.215439945459366 0.215294703841209 0.215137958526611 0.214886263012886 0.214657366275787 0.214573696255684 0.214495852589607 0.214434221386909 0.214405581355095 0.214427888393402 0.214499890804291 0.214617490768433
-9999 -9999 -9999 -9999 0.214257836341858 0.214783161878586 0.215098202228546 0.215345054864883 0.215588331222534 0.215637281537056 0.215692445635796 0.215771406888962 0.215868830680847 0.21600279211998 0.216065913438797 0.216047272086143 0.215943366289139 0.215780898928642 0.215604484081268 0.215422689914703 0.21529395878315 0.215174600481987 0.215137094259262 0.215106576681137 0.215119272470474 0.215144544839859 0.215210556983948 0.215271428227425 0.21532329916954 0.215372353792191 0.215418487787247 0.21546459197998 0.215510696172714 0.215458691120148 0.215373992919922 0.215262860059738 0.215147063136101 0.214887499809265 0.21464541554451 0.214514598250389 0.214399725198746 0.214329212903976 0.21429505944252 0.214317083358765 0.214375868439674 0.214468404650688
