Ecospace-environmental-drivers/Outputs/ASCII-for-ecospace/MOM6-ISIMIP3a/o2-surf/2006-10_o2-surf_MOM6-ISIMIP3a.asc
NCOLS 131 
NROWS 53 
XLLCORNER -98 
YLLCORNER 23.9265270233154 
CELLSIZE 0.133587792515755 
NODATA_value -9999 
[rows 0 to 20 of 53, columns 46 to 91 of 131]
-9999 -9999 -9999 -9999 -9999 -9999 -9999 -9999 -9999 -9999 -9999 -9999 -9999 -9999 -9999 -9999 -9999 -9999 -9999 -9999 -9999 -9999 -9999 -9999 -9999 -9999 -9999 -9999 -9999 -9999 -9999 -9999 -9999 -9999 -9999 -9999 -9999 -9999 -9999 -9999 -9999 -9999 -9999 -9999 -9999 -9999
-9999 -9999 -9999 -9999 -9999 -9999 -9999 -9999 -9999 -9999 -9999 -9999 -9999 -9999 -9999 -9999 -9999 -9999 -9999 -9999 -9999 -9999 -9999 -9999 -9999 -9999 -9999 -9999 -9999 -9999 -9999 -9999 -9999 -9999 -9999 -9999 -9999 -9999 -9999 -9999 -9999 -9999 -9999 -9999 -9999 -9999
-9999 -9999 -9999 -9999 -9999 -9999 -9999 -9999 -9999 -9999 -9999 -9999 -9999 -9999 -9999 -9999 -9999 -9999 -9999 -9999 -9999 -9999 -9999 -9999 -9999 -9999 -9999 -9999 0.206873595714569 0.20677062869072 -9999 -9999 -9999 -9999 -9999 -9999 -9999 -9999 -9999 -9999 -9999 -9999 -9999 -9999 -9999 -9999
-9999 -9999 -9999 -9999 -9999 -9999 -9999 -9999 -9999 -9999 -9999 -9999 -9999 -9999 -9999 -9999 -9999 -9999 -9999 -9999 -9999 -9999 -9999 -9999 -9999 -9999 -9999 -9999 0.206496298313141 0.206433907151222 -9999 -9999 -9999 -9999 -9999 -9999 -9999 -9999 -9999 -9999 -9999 -9999 -9999 -9999 -9999 -9999
-9999 -9999 -9999 -9999 -9999 -9999 -9999 -9999 -9999 -9999 -9999 -9999 -9999 -9999 -9999 -9999 -9999 -9999 -9999 0.219067975878716 0.218911841511726 0.218786925077438 0.218058288097382 0.217172920703888 0.215071246027946 0.212504684925079 0.209657847881317 0.207381680607796 0.206032186746597 0.20607502758503 0.207194492220879 -9999 -9999 0.211080282926559 0.210433542728424 0.208821892738342 0.207401379942894 0.206477001309395 0.205935269594193 0.205741390585899 0.205687448382378 0.205827072262764 0.206100523471832 -9999 -9999 -9999
-9999 -9999 -9999 -9999 -9999 -9999 -9999 -9999 -9999 -9999 -9999 -9999 -9999 -9999 -9999 0.205604717135429 -9999 0.206397622823715 0.207078874111176 0.213129043579102 0.219067975878716 0.218880608677864 0.218786925077438 0.217329666018486 0.215402156114578 0.212481901049614 0.209629997611046 0.20686163008213 0.20565339922905 0.205581545829773 0.206990137696266 0.209011808037758 0.210624575614929 0.21215695142746 0.210459336638451 0.208684355020523 0.207321971654892 0.206197813153267 0.205911234021187 0.205696746706963 0.205616176128387 0.205749407410622 0.206115618348122 0.206436559557915 0.20672819018364 -9999
-9999 -9999 -9999 -9999 -9999 -9999 -9999 -9999 -9999 -9999 -9999 0.19484569132328 0.194615751504898 0.194486185908318 0.194228559732437 0.199901610612869 0.205540403723717 0.205669030547142 0.206444978713989 0.207078874111176 0.213240265846252 0.219067975878716 0.218786925077438 0.217329666018486 0.215402156114578 0.212481901049614 0.209629997611046 0.20686163008213 0.20565339922905 0.205581545829773 0.206990137696266 0.209011808037758 0.210624575614929 0.21215695142746 0.210459336638451 0.208684355020523 0.207321971654892 0.206197813153267 0.205911234021187 0.205696746706963 0.205616176128387 0.205749407410622 0.206115618348122 0.206436559557915 0.20672819018364 0.206805258989334
-9999 -9999 -9999 -9999 -9999 -9999 -9999 -9999 -9999 -9999 -9999 0.196078509092331 0.19484569132328 0.194385826587677 -9999 0.194072782993317 0.199998751282692 0.20541176199913 0.205669030547142 0.206587016582489 0.207078874111176 0.213573962450027 0.218576729297638 0.217334002256393 0.215342015028 0.211768299341202 0.208386898040771 0.205240547657013 0.203948423266411 0.204006895422935 0.20547266304493 0.207521229982376 0.208905428647995 0.210159033536911 0.209132686257362 0.208044856786728 0.207181200385094 0.206460610032082 0.206243053078651 0.206045851111412 0.20588643848896 0.205818608403206 0.205850556492805 0.205761224031448 0.205593407154083 0.204797714948654
-9999 -9999 -9999 -9999 -9999 -9999 -9999 -9999 -9999 -9999 -9999 -9999 -9999 -9999 -9999 0.19390957057476 0.194382846355438 0.200620532035828 0.20515450835228 0.205669030547142 0.207013159990311 0.213400512933731 0.218359649181366 0.217341437935829 0.215277820825577 0.211007252335548 0.207076832652092 0.203562125563622 0.202189147472382 0.202376171946526 0.203881025314331 0.205931633710861 0.207052931189537 0.207991540431976 0.207693561911583 0.20735177397728 0.207029417157173 0.206746801733971 0.206603929400444 0.206425905227661 0.206182569265366 0.20589816570282 0.205569043755531 0.205037713050842 0.204375550150871 0.203984200954437
0.215312719345093 0.215259402990341 -9999 -9999 -9999 -9999 -9999 -9999 -9999 -9999 -9999 0.210221245884895 0.19734214246273 -9999 -9999 -9999 0.193876802921295 0.196265518665314 0.20213682949543 0.204639986157417 0.205039203166962 0.212735012173653 0.218702703714371 0.21743805706501 0.215302601456642 0.21132880449295 0.208186194300652 0.206059500575066 0.205025970935822 0.204788684844971 0.205501317977905 0.206607326865196 0.207161143422127 0.207606390118599 0.207442715764046 0.207253515720367 0.2070352435112 0.206835150718689 0.206698894500732 0.206539437174797 0.206336870789528 0.206069052219391 0.205730125308037 0.205227866768837 0.20461992919445 0.204311534762383
0.215405330061913 0.21511347591877 0.215091928839684 -9999 -9999 -9999 -9999 -9999 -9999 -9999 -9999 0.21681834757328 0.209379836916924 0.19734214246273 -9999 -9999 0.191166713833809 0.195617988705635 0.202011853456497 0.20274530351162 0.203616335988045 0.21214984357357 0.218756213784218 0.217297315597534 0.215147539973259 0.211539298295975 0.209122374653816 0.20816145837307 0.207401484251022 0.206787884235382 0.206809803843498 0.207094922661781 0.207161203026772 0.207184478640556 0.207123890519142 0.207054421305656 0.206928536295891 0.206804007291794 0.206684246659279 0.206555604934692 0.206410422921181 0.206184178590775 0.20586958527565 0.205415293574333 0.204870611429214 0.204635232686996
0.215405330061913 0.21511347591877 0.215048849582672 0.215071305632591 0.215329766273499 -9999 -9999 -9999 -9999 -9999 -9999 -9999 0.21560113132 0.207106560468674 0.19734214246273 0.19484569132328 0.191166713833809 0.195617988705635 0.202011853456497 0.203566074371338 0.205149412155151 0.211995661258698 0.217256665229797 0.215883284807205 0.214027732610703 0.211154237389565 0.209129631519318 0.208142518997192 0.207302689552307 0.206570133566856 0.206445872783661 0.206573516130447 0.206581220030785 0.206565350294113 0.206440448760986 0.20631454885006 0.206218123435974 0.206131920218468 0.206081733107567 0.206049516797066 0.206050738692284 0.206000134348869 0.205893099308014 0.205588102340698 0.205155000090599 0.204939439892769
0.215181648731232 0.214972466230392 0.214946657419205 0.214972987771034 0.215316712856293 -9999 -9999 -9999 -9999 0.217153623700142 0.217445731163025 0.217553749680519 0.217409074306488 0.211840584874153 0.201834470033646 0.196210861206055 0.19266314804554 0.196683794260025 0.202512785792351 0.204421609640121 0.206301897764206 0.211686700582504 0.215774685144424 0.214435398578644 0.212807342410088 0.210569694638252 0.208881512284279 0.207864865660667 0.206981435418129 0.206195026636124 0.205958306789398 0.205949246883392 0.205909550189972 0.205863833427429 0.205699920654297 0.205540627241135 0.205469220876694 0.205417230725288 0.205433502793312 0.205488130450249 0.205613985657692 0.205730229616165 0.205835983157158 0.205696120858192 0.205397337675095 0.205223456025124
0.214398741722107 0.214478939771652 0.214695870876312 0.214951679110527 0.215316712856293 0.215699583292007 0.216261878609657 0.21676130592823 0.216940999031067 0.217153623700142 0.217445731163025 0.217553749680519 0.217409074306488 0.21315324306488 0.205533757805824 0.20098902285099 0.197900727391243 0.200414180755615 0.204266086220741 0.205364018678665 0.206502854824066 0.210990786552429 0.214336633682251 0.212902814149857 0.211335524916649 0.209486454725266 0.207994937896729 0.206940427422523 0.206104040145874 0.205426529049873 0.205161690711975 0.20506776869297 0.205008625984192 0.204956322908401 0.20481663942337 0.204681649804115 0.204624146223068 0.204595997929573 0.204671025276184 0.204788446426392 0.204984605312347 0.205245614051819 0.205577254295349 0.205642178654671 0.205534517765045 0.205457016825676
0.213259220123291 0.21362940967083 0.214159786701202 0.214735746383667 0.215195462107658 0.215645879507065 0.216166064143181 0.216634377837181 0.216838821768761 0.217094734311104 0.217474982142448 0.217583194375038 0.217317968606949 0.214348688721657 0.209167033433914 0.205915987491608 0.203579410910606 0.204727992415428 0.206709280610085 0.206940963864326 0.207241758704185 0.210298016667366 0.212502762675285 0.211143881082535 0.209737360477448 0.208230242133141 0.206962630152702 0.205987751483917 0.205248564481735 0.204681053757668 0.204419270157814 0.204284071922302 0.204220995306969 0.20417208969593 0.204068601131439 0.203969717025757 0.203935444355011 0.203934162855148 0.20404888689518 0.204206272959709 0.204442858695984 0.204794526100159 0.205271556973457 0.205518931150436 0.205617666244507 0.205623835325241
0.211615487933159 0.212276548147202 0.21322038769722 0.21424463391304 0.21490278840065 0.21551625430584 0.215934813022614 0.216327995061874 0.216592147946358 0.216952592134476 0.217545583844185 0.217654272913933 0.217098042368889 0.215378433465958 0.212706983089447 0.211053311824799 0.209881722927094 0.209866642951965 0.210127875208855 0.209415018558502 0.208741217851639 0.2096097022295 0.210109278559685 0.209064930677414 0.207960575819016 0.206729486584663 0.205724284052849 0.204995155334473 0.204424098134041 0.203968152403831 0.203753441572189 0.203638643026352 0.203593537211418 0.203562125563622 0.203511789441109 0.203465685248375 0.203467786312103 0.203497663140297 0.203625202178955 0.203790247440338 0.204024985432625 0.204390808939934 0.204899460077286 0.20529767870903 0.205624431371689 0.205696284770966
0.211506605148315 0.212130814790726 0.213004559278488 0.213949292898178 0.214579179883003 0.215166807174683 0.215483531355858 0.215775087475777 0.215938687324524 0.216201826930046 0.21670538187027 0.216758161783218 0.216192111372948 0.215303391218185 0.214150667190552 0.213253185153008 0.21247661113739 0.211816370487213 0.211183920502663 0.210068419575691 0.208972290158272 0.208641022443771 0.208209842443466 0.2073605209589 0.206472665071487 0.20550349354744 0.204718500375748 0.204158633947372 0.203717589378357 0.203363120555878 0.203216329216957 0.203155532479286 0.203158035874367 0.203172981739044 0.203178718686104 0.203186303377151 0.203215315937996 0.203265488147736 0.2033901065588 0.203545019030571 0.20375619828701 0.204098656773567 0.204584136605263 0.205061256885529 0.20553295314312 0.205694183707237
0.212690234184265 0.213001593947411 0.213398084044456 0.213818803429604 0.214229494333267 0.214632213115692 0.214846938848495 0.215014576911926 0.214942649006844 0.214938521385193 0.215098142623901 0.215047582983971 0.214708492159843 0.214297980070114 0.213829055428505 0.212979391217232 0.211949393153191 0.211080640554428 0.21025039255619 0.209188595414162 0.208135232329369 0.207436248660088 0.206726476550102 0.205971509218216 0.205228045582771 0.204508870840073 0.203908562660217 0.20345351099968 0.203110441565514 0.202848941087723 0.202787578105927 0.20280909538269 0.202884182333946 0.202969789505005 0.203034058213234 0.203096106648445 0.203144028782845 0.203205361962318 0.203313812613487 0.203443586826324 0.203612938523293 0.203900426626205 0.20431661605835 0.204812034964561 0.20535871386528 0.205629289150238
0.211952224373817 0.212200924754143 0.212446421384811 0.21269103884697 0.212972015142441 0.213249281048775 0.213325574994087 0.213356956839561 0.213159769773483 0.213003933429718 0.212947890162468 0.21284256875515 0.212669596076012 0.212518304586411 0.212384775280952 0.211742535233498 0.210859313607216 0.210027694702148 0.209208399057388 0.208169013261795 0.207132190465927 0.206352949142456 0.205602422356606 0.204972103238106 0.204369023442268 0.203823462128639 0.203354522585869 0.202979251742363 0.202715083956718 0.202531859278679 0.202531337738037 0.202606484293938 0.202730923891068 0.202865049242973 0.202962264418602 0.203055173158646 0.203119352459908 0.203191876411438 0.203293666243553 0.203411787748337 0.203560203313828 0.203800737857819 0.204141661524773 0.204584777355194 0.205094024538994 0.205431029200554
0.210273832082748 0.210582286119461 0.210836470127106 0.211075231432915 0.211270272731781 0.211451187729836 0.211371228098869 0.211260288953781 0.210991844534874 0.210740834474564 0.210531920194626 0.210395619273186 0.210358962416649 0.210359737277031 0.210391119122505 0.210034385323524 0.209493786096573 0.208819508552551 0.208113297820091 0.207081019878387 0.206047922372818 0.205329090356827 0.204654216766357 0.204163372516632 0.203698709607124 0.203289359807968 0.202925726771355 0.202617973089218 0.202423378825188 0.202311217784882 0.202359512448311 0.202474236488342 0.202636674046516 0.202808499336243 0.202926129102707 0.203038364648819 0.203117489814758 0.203201189637184 0.203300997614861 0.203414067625999 0.203551769256592 0.203749299049377 0.204012006521225 0.204368278384209 0.204785093665123 0.20516748726368
0.208191335201263 0.208483695983887 0.208716183900833 0.208931639790535 0.20909409224987 0.209244549274445 0.209217727184296 0.209172159433365 0.209031254053116 0.208876892924309 0.208690091967583 0.208565190434456 0.208525314927101 0.208545744419098 0.20861554145813 0.208377495408058 0.207993626594543 0.207427442073822 0.20681768655777 0.205912932753563 0.205010578036308 0.204438030719757 0.203907638788223 0.203553587198257 0.203212320804596 0.202898055315018 0.202618688344955 0.202381983399391 0.202248752117157 0.202190905809402 0.202267363667488 0.202399432659149 0.202583268284798 0.20277726650238 0.202912762761116 0.203041270375252 0.203122898936272 0.203206226229668 0.203295573592186 0.203392386436462 0.203503116965294 0.203657075762749 0.203858107328415 0.204130828380585 0.204449936747551 0.20480677485466
