Ecospace-environmental-drivers/Outputs/ASCII-for-ecospace/MOM6-ISIMIP3a/o2-surf/2007-03_o2-surf_MOM6-ISIMIP3a.asc
NCOLS 131 
NROWS 53 
XLLCORNER -98 
YLLCORNER 23.9265270233154 
CELLSIZE 0.133587792515755 
NODATA_value -9999 
[rows 21 to 41 of 53, columns 0 to 45 of 131]
-9999 -9999 -9999 -9999 -9999 -9999 0.250647783279419 0.250811100006104 0.251261621713638 0.251959353685379 0.251985788345337 0.251722782850266 0.251804411411285 0.252047598361969 0.252295762300491 0.252549648284912 0.251659005880356 0.249982297420502 0.247903391718864 0.245669186115265 0.243310481309891 0.240929812192917 0.238528341054916 0.236225351691246 0.23474682867527 0.23350465297699 0.233028814196587 0.232517898082733 0.231945782899857 0.231452003121376 0.231038823723793 0.230628088116646 0.230218842625618 0.229906171560287 0.229625672101974 0.229510650038719 0.229419946670532 0.229530781507492 0.229651123285294 0.22983206808567 0.229998230934143 0.230123206973076 0.23022173345089 0.23027940094471 0.230147048830986 0.229840293526649
-9999 -9999 -9999 -9999 -9999 -9999 0.25061884522438 0.250647783279419 0.250974416732788 0.251464933156967 0.251959353685379 0.252275228500366 0.252379894256592 0.252066642045975 0.25128310918808 0.249956965446472 0.248150333762169 0.246013730764389 0.24324569106102 0.240233838558197 0.237681910395622 0.23521114885807 0.233523592352867 0.23192335665226 0.230907827615738 0.230046629905701 0.22968578338623 0.229274660348892 0.228775814175606 0.228349909186363 0.227999061346054 0.227675974369049 0.227369800209999 0.227121263742447 0.226891949772835 0.226722687482834 0.226562961935997 0.226573526859283 0.22659969329834 0.226725190877914 0.226829618215561 0.226875454187393 0.226913526654243 0.226939633488655 0.226843491196632 0.226635158061981
-9999 -9999 -9999 -9999 0.248669922351837 0.249970525503159 0.250596463680267 0.250612318515778 0.250647783279419 0.25130107998848 0.251951485872269 0.252590984106064 0.252679586410522 0.251678079366684 0.249822556972504 0.246981605887413 0.2443568110466 0.24188044667244 0.238556861877441 0.234906136989594 0.232217088341713 0.229697734117508 0.228784322738647 0.227943107485771 0.227410405874252 0.226943805813789 0.226691603660583 0.226374253630638 0.225943267345428 0.225583389401436 0.225296661257744 0.225065007805824 0.224866881966591 0.224693864583969 0.224529221653938 0.224317967891693 0.224101185798645 0.224012449383736 0.223945766687393 0.224019452929497 0.224063783884048 0.224026367068291 0.223995491862297 0.223974764347076 0.223902449011803 0.223782777786255
-9999 -9999 -9999 -9999 0.245703116059303 0.248409569263458 0.24934458732605 0.250596463680267 0.250592738389969 0.250545471906662 0.250314295291901 0.249379336833954 0.248019561171532 0.245819255709648 0.243192434310913 0.240073502063751 0.237685725092888 0.235800102353096 0.233671858906746 0.231449946761131 0.229871109127998 0.228405743837357 0.227812901139259 0.227250605821609 0.226783737540245 0.226356238126755 0.226056337356567 0.225695550441742 0.225228518247604 0.224835231900215 0.224517852067947 0.224305108189583 0.224156111478806 0.224013403058052 0.223872795701027 0.223704606294632 0.223533123731613 0.223434537649155 0.223359137773514 0.223431244492531 0.223481401801109 0.223470419645309 0.223458901047707 0.223446577787399 0.223385170102119 0.223278716206551
-9999 -9999 -9999 -9999 -9999 0.245703116059303 0.247994095087051 0.248092696070671 0.250339925289154 0.249443009495735 0.24825356900692 0.245944440364838 0.24337001144886 0.240270644426346 0.237142637372017 0.233981549739838 0.231905221939087 0.230573818087578 0.229499593377113 0.228524670004845 0.227902457118034 0.227342486381531 0.22703330218792 0.226717710494995 0.226302981376648 0.225903689861298 0.225554436445236 0.22514970600605 0.224648162722588 0.224221125245094 0.223870754241943 0.223662510514259 0.223540857434273 0.223414078354836 0.223285585641861 0.223154991865158 0.223024263978004 0.222915753722191 0.222829580307007 0.222885623574257 0.222931250929832 0.222947850823402 0.222959101200104 0.222962066531181 0.222917050123215 0.222828030586243
-9999 -9999 -9999 -9999 -9999 0.245876997709274 0.245703116059303 0.247584089636803 0.249219909310341 0.246819674968719 0.244335606694221 0.241530671715736 0.238766312599182 0.236082270741463 0.23363733291626 0.231468290090561 0.230029568076134 0.229092389345169 0.228452458977699 0.227927312254906 0.227588325738907 0.22728219628334 0.227094829082489 0.226884588599205 0.226461946964264 0.226043254137039 0.22563736140728 0.225186496973038 0.224657148122787 0.22419473528862 0.223801225423813 0.223534271121025 0.223344445228577 0.223170503973961 0.22300186753273 0.222884923219681 0.222775056958199 0.222656220197678 0.222550302743912 0.222526758909225 0.22252245247364 0.222571656107903 0.222620576620102 0.222669050097466 0.222664520144463 0.222611322999001
-9999 -9999 0.246162801980972 0.246151298284531 0.246166259050369 0.246051073074341 0.245876789093018 0.247111365199089 0.248046800494194 0.244604423642159 0.241239041090012 0.238168329000473 0.235348030924797 0.233023256063461 0.231075540184975 0.229562893509865 0.228539898991585 0.227853193879128 0.227522075176239 0.227328240871429 0.22721828520298 0.227123126387596 0.227032780647278 0.226907819509506 0.226493671536446 0.226076304912567 0.225648477673531 0.225181862711906 0.224647551774979 0.224168255925179 0.223745554685593 0.223423153162003 0.223161861300468 0.22293920814991 0.222729459404945 0.222618982195854 0.222522035241127 0.222399562597275 0.222282454371452 0.222199529409409 0.222156226634979 0.222223296761513 0.222299665212631 0.222390443086624 0.22242496907711 0.222407877445221
-9999.000000000000000 -9999 -9999 -9999 0.246236547827721 0.246281445026398 0.246387615799904 0.246716916561127 0.246757879853249 0.243279591202736 0.239934653043747 0.237100034952164 0.234516158699989 0.232428386807442 0.230572357773781 0.228983730077744 0.227892383933067 0.227142557501793 0.226846411824226 0.226725459098816 0.22672626376152 0.226748570799828 0.226701036095619 0.226617619395256 0.226247757673264 0.225876912474632 0.225502923130989 0.225086882710457 0.224597454071045 0.224141553044319 0.223720148205757 0.223349377512932 0.223009452223778 0.222734704613686 0.222481682896614 0.222361996769905 0.222260653972626 0.222149223089218 0.222039565443993 0.221941277384758 0.221882924437523 0.221935674548149 0.222017213702202 0.222143232822418 0.222213760018349 0.222233355045319
-9999 -9999 -9999 -9999 0.246282562613487 0.246377140283585 0.246489971876144 0.246405646204948 0.246066093444824 0.24285501241684 0.239744558930397 0.237019330263138 0.234423473477364 0.232083663344383 0.229984402656555 0.228162676095963 0.226972222328186 0.226215302944183 0.226005166769028 0.226006180047989 0.226112931966782 0.22623835504055 0.22623373568058 0.226196423172951 0.225910440087318 0.225622743368149 0.225329503417015 0.224981874227524 0.224539324641228 0.224102720618248 0.223672226071358 0.223254397511482 0.222844287753105 0.222536697983742 0.222263291478157 0.222141772508621 0.222041189670563 0.221935704350471 0.221828788518906 0.221712857484818 0.221638172864914 0.221678271889687 0.221762776374817 0.221915885806084 0.222010865807533 0.222052499651909
-9999 -9999 -9999 -9999 0.246283113956451 0.246189087629318 0.246072977781296 0.246199026703835 0.24612557888031 0.243563011288643 0.240956366062164 0.238181054592133 0.235260769724846 0.232053682208061 0.229289799928665 0.227037310600281 0.225709065794945 0.225015535950661 0.2249556183815 0.22514034807682 0.225346997380257 0.225557506084442 0.225595876574516 0.225610449910164 0.225458160042763 0.225299656391144 0.225121006369591 0.224864229559898 0.224471092224121 0.224048629403114 0.223595947027206 0.223132729530334 0.222663089632988 0.222346901893616 0.222081869840622 0.221967786550522 0.221874460577965 0.221768498420715 0.221658408641815 0.221521943807602 0.221429347991943 0.221458867192268 0.221543565392494 0.221713528037071 0.221818432211876 0.221863657236099
-9999 -9999 -9999 -9999 0.246189087629318 0.246048539876938 0.2458835542202 0.246107369661331 0.246175646781921 0.244281843304634 0.242105320096016 0.238846704363823 0.235375195741653 0.231482401490211 0.228266492486 0.225831612944603 0.224538266658783 0.224028870463371 0.224141880869865 0.224495232105255 0.224777117371559 0.225046411156654 0.225087240338326 0.225107789039612 0.225001156330109 0.224889859557152 0.2247633934021 0.224548563361168 0.224179491400719 0.22377322614193 0.223328694701195 0.222879469394684 0.222427368164062 0.222141295671463 0.221910566091537 0.221809804439545 0.221726790070534 0.221613198518753 0.221493944525719 0.221338674426079 0.221230641007423 0.221254125237465 0.221341639757156 0.221528083086014 0.221639409661293 0.221681833267212
-9999 -9999 -9999 -9999 0.246040388941765 0.2458835542202 0.245930761098862 0.246101915836334 0.246218651533127 0.245008781552315 0.24320712685585 0.239140316843987 0.234947457909584 0.230505138635635 0.226996645331383 0.224565654993057 0.22343672811985 0.223202019929886 0.223505020141602 0.224015638232231 0.224354311823845 0.224662631750107 0.224675506353378 0.224667623639107 0.224540621042252 0.224415019154549 0.22429396212101 0.22408439218998 0.223720356822014 0.223331853747368 0.222918197512627 0.222527489066124 0.222150757908821 0.221923828125 0.221746817231178 0.22166383266449 0.221593424677849 0.221466794610023 0.221333906054497 0.221161112189293 0.22103950381279 0.221060395240784 0.221152678132057 0.221355319023132 0.221470445394516 0.221505254507065
-9999 -9999 -9999 -9999 0.2458835542202 0.245459273457527 0.245646402239799 0.245630234479904 0.245626881718636 0.244352921843529 0.242354705929756 0.237584337592125 0.232988819479942 0.228739261627197 0.225522562861443 0.223497614264488 0.222634300589561 0.222568735480309 0.222951352596283 0.223507031798363 0.223900571465492 0.224265515804291 0.224288046360016 0.224282801151276 0.224108561873436 0.223930343985558 0.223739191889763 0.223491713404655 0.223145917057991 0.222805827856064 0.222471579909325 0.222162112593651 0.221867725253105 0.221717417240143 0.221615135669708 0.221541360020638 0.221471026539803 0.221330195665359 0.221183866262436 0.221002534031868 0.220871239900589 0.220879256725311 0.220976054668427 0.22121000289917 0.221336990594864 0.221365764737129
-9999 -9999 -9999 -9999 -9999 0.24427142739296 0.244376361370087 0.245207071304321 0.244763061404228 0.243104428052902 0.240664765238762 0.235235661268234 0.230374068021774 0.226635381579399 0.223960921168327 0.222514405846596 0.221960067749023 0.222018405795097 0.222433343529701 0.222985982894897 0.223433583974838 0.223862662911415 0.223910972476006 0.223921701312065 0.223688721656799 0.223441451787949 0.223147854208946 0.222843959927559 0.222522079944611 0.222243502736092 0.222009479999542 0.221790984272957 0.221581935882568 0.221515744924545 0.221497178077698 0.221428990364075 0.221353352069855 0.221197783946991 0.221038088202477 0.220852062106133 0.220712766051292 0.220703542232513 0.220804706215858 0.221076458692551 0.221218749880791 0.221242189407349
-9999 -9999 -9999 -9999 -9999 0.242357611656189 0.24279148876667 0.242291793227196 0.242243617773056 0.239757314324379 0.236727267503738 0.231615975499153 0.22729429602623 0.224535033106804 0.222595259547234 0.22160105407238 0.221252411603928 0.221347093582153 0.221732631325722 0.222230494022369 0.222781524062157 0.223341926932335 0.223468273878098 0.223548740148544 0.223325952887535 0.223070606589317 0.222709715366364 0.222369939088821 0.222067013382912 0.221853405237198 0.221731692552567 0.221579298377037 0.22140821814537 0.221386581659317 0.221414759755135 0.221334084868431 0.221237912774086 0.221078082919121 0.220915719866753 0.220737129449844 0.220591932535172 0.220539763569832 0.220639199018478 0.220972970128059 0.221171528100967 0.221245989203453
-9999 -9999 -9999 -9999 -9999 0.239779442548752 0.239904969930649 0.240875616669655 0.239381611347198 0.235976010560989 0.2323247641325 0.227733314037323 0.224118307232857 0.222435384988785 0.221270129084587 0.220702171325684 0.220537856221199 0.220650732517242 0.220994129776955 0.221426516771317 0.222091168165207 0.222796782851219 0.223012015223503 0.223173335194588 0.222975000739098 0.222724184393883 0.22230327129364 0.221931874752045 0.221646875143051 0.221498936414719 0.221492037177086 0.221400603652 0.22125768661499 0.221272423863411 0.22133968770504 0.221242800354958 0.221122920513153 0.220961019396782 0.220798194408417 0.220629528164864 0.220478892326355 0.220378443598747 0.220474898815155 0.220875680446625 0.221138998866081 0.221276149153709
-9999 -9999 -9999 -9999 -9999 -9999 0.236641854047775 0.236547484993935 0.236232608556747 0.232648089528084 0.229074016213417 0.225539952516556 0.222782328724861 0.221561029553413 0.220680415630341 0.220192924141884 0.219961583614349 0.219906181097031 0.220196112990379 0.220619380474091 0.221448093652725 0.222348362207413 0.222580686211586 0.22276608645916 0.222682356834412 0.222510516643524 0.222053021192551 0.221673637628555 0.221430540084839 0.22134593129158 0.221424415707588 0.221335962414742 0.221145793795586 0.221128016710281 0.221167698502541 0.221089065074921 0.22099369764328 0.220846712589264 0.220699995756149 0.220554858446121 0.220404610037804 0.220240101218224 0.220314979553223 0.220759823918343 0.221124351024628 0.221415162086487
-9999 -9999 -9999 -9999 -9999 -9999 0.233471125364304 0.232502475380898 0.233150392770767 0.229444861412048 0.225992470979691 0.223509043455124 0.221584632992744 0.220766365528107 0.220127642154694 0.219696089625359 0.219385132193565 0.219157010316849 0.21940341591835 0.219833061099052 0.220828801393509 0.22192445397377 0.222163647413254 0.222364544868469 0.222402393817902 0.222314357757568 0.221818178892136 0.221428483724594 0.22122460603714 0.221197843551636 0.221353366971016 0.221265956759453 0.221030563116074 0.220984324812889 0.221001118421555 0.220941871404648 0.220871642231941 0.220737367868423 0.220605745911598 0.220490857958794 0.220343872904778 0.220107570290565 0.220146358013153 0.220610275864601 0.22105972468853 0.221495881676674
-9999 -9999 -9999 -9999 -9999 -9999 0.231090769171715 0.23136343061924 0.230917796492577 0.227355152368546 0.224165588617325 0.222403988242149 0.220983192324638 0.220236718654633 0.219617635011673 0.219145551323891 0.218740567564964 0.21838167309761 0.218695998191833 0.219270259141922 0.220440477132797 0.221715852618217 0.221887111663818 0.222038894891739 0.22222988307476 0.222241804003716 0.221673116087914 0.221236988902092 0.221032187342644 0.22100593149662 0.221163392066956 0.221084386110306 0.220861315727234 0.220862597227097 0.220938682556152 0.220894351601601 0.220832720398903 0.220679521560669 0.220544472336769 0.220524907112122 0.220409259200096 0.22002612054348 0.219882845878601 0.220110297203064 0.220453441143036 0.220902770757675
-9999 -9999 -9999 -9999 -9999 0.230061903595924 0.229666247963905 0.229406416416168 0.228517428040504 0.225294828414917 0.222508549690247 0.221392408013344 0.220417186617851 0.219720840454102 0.219088107347488 0.218528777360916 0.218039587140083 0.217598557472229 0.218031644821167 0.218802243471146 0.220117405056953 0.2215286642313 0.221621796488762 0.221708446741104 0.221981599926949 0.222052022814751 0.221465080976486 0.221017986536026 0.220814973115921 0.220775559544563 0.220904514193535 0.220841631293297 0.220661878585815 0.220731526613235 0.220884308218956 0.220855563879013 0.220800757408142 0.220610916614532 0.220451191067696 0.220483243465424 0.220383927226067 0.219918891787529 0.219642996788025 0.219659417867661 0.219873324036598 0.220268458127975
-9999 -9999 -9999 -9999 0.229871138930321 0.229728162288666 0.230061903595924 0.227833241224289 0.225501924753189 0.223342165350914 0.221474260091782 0.220723479986191 0.219981119036674 0.219255417585373 0.218486964702606 0.217669188976288 0.217131793498993 0.216786965727806 0.217525228857994 0.21868172287941 0.22003361582756 0.221419975161552 0.221397683024406 0.221360445022583 0.221455529332161 0.221432417631149 0.221026107668877 0.220698103308678 0.220506772398949 0.220404177904129 0.220392927527428 0.220374554395676 0.220351815223694 0.220566138625145 0.220859482884407 0.220848739147186 0.220794275403023 0.220502853393555 0.220240578055382 0.220163911581039 0.220025911927223 0.219717144966125 0.219489902257919 0.219388663768768 0.219389200210571 0.219483152031898
