Ecospace-environmental-drivers/Outputs/ASCII-for-ecospace/MOM6-ISIMIP3a/o2-surf/2009-09_o2-surf_MOM6-ISIMIP3a.asc
NCOLS 131 
NROWS 53 
XLLCORNER -98 
YLLCORNER 23.9265270233154 
CELLSIZE 0.133587792515755 
NODATA_value -9999 
[rows 21 to 41 of 53, columns 46 to 91 of 131]
0.199917197227478 0.200076654553413 0.200274765491486 0.20048388838768 0.200804650783539 0.201137140393257 0.201477691531181 0.201769530773163 0.201813548803329 0.201907619833946 0.202122554183006 0.202423110604286 0.202841237187386 0.203190669417381 0.203483909368515 0.203475832939148 0.203325033187866 0.203140333294868 0.202947527170181 0.202717110514641 0.2024757117033 0.202112153172493 0.201700180768967 0.201085641980171 0.200453966856003 0.199786111712456 0.1992357224226 0.198828935623169 0.198918431997299 0.199369415640831 0.199868738651276 0.200388073921204 0.200653463602066 0.200868934392929 0.20094208419323 0.201026186347008 0.201268598437309 0.201548621058464 0.201960876584053 0.202345356345177 0.202678248286247 0.202924251556396 0.20307557284832 0.2032211124897 0.20336289703846 0.203498095273972
0.199013262987137 0.199077144265175 0.199158906936646 0.199245750904083 0.199392929673195 0.199547648429871 0.199739724397659 0.199906319379807 0.199943333864212 0.200006678700447 0.200133636593819 0.20032063126564 0.200590088963509 0.200855076313019 0.201116427779198 0.201219156384468 0.201246753334999 0.201214969158173 0.20116899907589 0.201063454151154 0.200948655605316 0.200758740305901 0.200531706213951 0.200149342417717 0.199742123484612 0.199282452464104 0.198917776346207 0.198669195175171 0.198854103684425 0.199354767799377 0.199897632002831 0.200457975268364 0.200765952467918 0.201024323701859 0.201120659708977 0.201223537325859 0.201448768377304 0.201683670282364 0.201952531933784 0.202162206172943 0.202261969447136 0.202338889241219 0.202390938997269 0.202522709965706 0.202706053853035 0.202965751290321
0.198200538754463 0.198197871446609 0.198193982243538 0.198189750313759 0.198191002011299 0.198194622993469 0.198246657848358 0.198294803500175 0.198323249816895 0.198355510830879 0.19839696586132 0.198464140295982 0.198566615581512 0.198720470070839 0.198916360735893 0.199090272188187 0.199253782629967 0.199350491166115 0.199431240558624 0.199444323778152 0.199450686573982 0.199426874518394 0.199378222227097 0.199225693941116 0.199042722582817 0.198795467615128 0.198619574308395 0.198530897498131 0.198806971311569 0.199348747730255 0.199931412935257 0.200531005859375 0.20088241994381 0.201185062527657 0.201304763555527 0.201425835490227 0.201626360416412 0.201808542013168 0.201926186680794 0.201957032084465 0.201826706528664 0.201741650700569 0.201705947518349 0.201833084225655 0.20206555724144 0.202444866299629
0.197490900754929 0.197487995028496 0.197486832737923 0.197486191987991 0.197491705417633 0.197498932480812 0.197535559535027 0.197571381926537 0.197603151202202 0.197636723518372 0.197674632072449 0.197721794247627 0.197781622409821 0.197864606976509 0.197966560721397 0.19806182384491 0.198153927922249 0.1982242166996 0.198289304971695 0.198339313268661 0.198388904333115 0.198447719216347 0.198490589857101 0.198466777801514 0.19842903316021 0.198361903429031 0.198359712958336 0.198436915874481 0.198810279369354 0.199399381875992 0.200021535158157 0.200657367706299 0.201045259833336 0.201384410262108 0.201498851180077 0.201600670814514 0.201660752296448 0.201685175299644 0.201584294438362 0.201449155807495 0.201250374317169 0.201149165630341 0.201154291629791 0.201388418674469 0.201770722866058 0.202255547046661
0.196881756186485 0.196881353855133 0.1968844383955 0.196888506412506 0.196899801492691 0.196912348270416 0.19693911075592 0.196967303752899 0.197002694010735 0.197037950158119 0.197072833776474 0.197104319930077 0.197131112217903 0.197157725691795 0.197184175252914 0.197213113307953 0.197243228554726 0.19728684425354 0.197333693504333 0.197407558560371 0.197485983371735 0.197603583335876 0.197714537382126 0.197797656059265 0.197884887456894 0.197980850934982 0.198138147592545 0.198370411992073 0.198832452297211 0.199461832642555 0.200116947293282 0.2007827013731 0.201198801398277 0.201565802097321 0.201670080423355 0.201749593019485 0.201682284474373 0.20156766474247 0.201286658644676 0.201012030243874 0.200749263167381 0.200624153017998 0.200649052858353 0.200968995690346 0.201479867100716 0.202061921358109
0.196713268756866 0.196727424860001 0.196741312742233 0.196755111217499 0.196778818964958 0.196804136037827 0.196845412254333 0.196886539459229 0.196926891803741 0.196965396404266 0.196999445557594 0.197034329175949 0.197070330381393 0.197104021906853 0.19713582098484 0.197152465581894 0.19716189801693 0.197177693247795 0.197194993495941 0.197235584259033 0.197279676795006 0.19735150039196 0.197427719831467 0.197522312402725 0.197645768523216 0.19783017039299 0.198084563016891 0.198424473404884 0.198937296867371 0.199576064944267 0.200235545635223 0.200903594493866 0.201311588287354 0.201668441295624 0.201741173863411 0.20178484916687 0.201647520065308 0.201475769281387 0.201183021068573 0.200885206460953 0.200577989220619 0.200395002961159 0.200347349047661 0.20066025853157 0.201206475496292 0.201849475502968
0.196632742881775 0.196653470396996 0.196669012308121 0.196683093905449 0.196712970733643 0.196745008230209 0.196791753172874 0.196836590766907 0.196871683001518 0.196904852986336 0.196933373808861 0.196967154741287 0.19700813293457 0.197051048278809 0.197095572948456 0.197110190987587 0.197110638022423 0.197105959057808 0.197100043296814 0.197121798992157 0.19714717566967 0.197197392582893 0.197258234024048 0.197363525629044 0.197515368461609 0.197765499353409 0.198088675737381 0.198501110076904 0.19904525578022 0.199685320258141 0.200343608856201 0.201009407639503 0.201411157846451 0.201760992407799 0.201807275414467 0.201822325587273 0.20164193212986 0.201435402035713 0.201136976480484 0.200819775462151 0.200467690825462 0.200218766927719 0.200082212686539 0.200345143675804 0.200866565108299 0.201543480157852
0.196744114160538 0.196754023432732 0.196751296520233 0.196744963526726 0.196767374873161 0.196792960166931 0.196825444698334 0.196853831410408 0.196861416101456 0.196870520710945 0.196883276104927 0.19690614938736 0.196942865848541 0.196999683976173 0.197072967886925 0.197108015418053 0.19712495803833 0.197115868330002 0.197100549936295 0.197135031223297 0.197175711393356 0.197257027029991 0.197344705462456 0.197459042072296 0.197622209787369 0.197888478636742 0.198218673467636 0.198626980185509 0.199159950017929 0.199783697724342 0.200428619980812 0.201082319021225 0.201481893658638 0.201831519603729 0.201862528920174 0.201864674687386 0.201700031757355 0.201507449150085 0.201216638088226 0.200888350605965 0.200490444898605 0.200157985091209 0.199896842241287 0.200016096234322 0.200381487607956 0.201033398509026
0.19678270816803 0.196773961186409 0.196749582886696 0.196720749139786 0.196724191308022 0.196731150150299 0.196743994951248 0.19675400853157 0.196749702095985 0.196749359369278 0.196758612990379 0.196782514452934 0.196826532483101 0.196900933980942 0.197000175714493 0.197061106562614 0.197103872895241 0.197110965847969 0.197109535336494 0.197164610028267 0.197226479649544 0.19733102619648 0.197439625859261 0.197565302252769 0.197739511728287 0.198016196489334 0.198350191116333 0.198754236102104 0.199267193675041 0.199859499931335 0.200484156608582 0.201122239232063 0.20151861011982 0.201867446303368 0.201874360442162 0.201853603124619 0.201686263084412 0.201491370797157 0.201199665665627 0.200866460800171 0.200456216931343 0.200079023838043 0.199737831950188 0.199720203876495 0.199911922216415 0.200477004051208
0.196729719638824 0.19669246673584 0.196642190217972 0.196588203310966 0.196558251976967 0.196531265974045 0.196517691016197 0.196506917476654 0.196510344743729 0.196518957614899 0.196540102362633 0.196580097079277 0.196645975112915 0.196742549538612 0.196864247322083 0.196957886219025 0.197038233280182 0.197087422013283 0.197129160165787 0.197214752435684 0.197305247187614 0.197423070669174 0.197545155882835 0.197685062885284 0.197869971394539 0.198149845004082 0.198483601212502 0.198883205652237 0.199365079402924 0.199906885623932 0.20050260424614 0.201120644807816 0.201512485742569 0.201859876513481 0.201831579208374 0.20177535712719 0.201582074165344 0.201364427804947 0.201061099767685 0.20073077082634 0.2003503292799 0.199977174401283 0.199611976742744 0.19946600496769 0.199461877346039 0.199862316250801
0.196605235338211 0.196542903780937 0.196476876735687 0.196409806609154 0.19636581838131 0.196324914693832 0.196303993463516 0.196287706494331 0.196295157074928 0.196309387683868 0.196340069174767 0.196393430233002 0.196477949619293 0.196588575839996 0.19672055542469 0.196837142109871 0.196946442127228 0.197038143873215 0.197125643491745 0.19724303483963 0.197363436222076 0.197497770190239 0.197635769844055 0.197789072990417 0.197981983423233 0.19825853407383 0.198582589626312 0.198964700102806 0.199409931898117 0.19990111887455 0.200460866093636 0.201049000024796 0.201421394944191 0.201751366257668 0.201686158776283 0.201591834425926 0.20135585963726 0.201101914048195 0.2007846981287 0.200459599494934 0.20011979341507 0.199782326817513 0.199447378516197 0.199245020747185 0.199128448963165 0.199366956949234
0.196427136659622 0.196342244744301 0.196268111467361 0.196197018027306 0.196153491735458 0.196113720536232 0.19609971344471 0.196089416742325 0.196098074316978 0.19611544907093 0.196153894066811 0.196218594908714 0.196319341659546 0.196437895298004 0.196571037173271 0.196703255176544 0.196835041046143 0.196969568729401 0.197104752063751 0.19725489616394 0.197406202554703 0.19755944609642 0.197715163230896 0.197881236672401 0.198080167174339 0.198348507285118 0.198655769228935 0.199010595679283 0.199414983391762 0.199855476617813 0.200373992323875 0.200924828648567 0.201266542077065 0.201567143201828 0.201463758945465 0.201329350471497 0.201038137078285 0.200737714767456 0.200404942035675 0.200086787343025 0.199795782566071 0.199517711997032 0.199253737926483 0.199048951268196 0.198882460594177 0.198961079120636
0.196292221546173 0.19620019197464 0.196131527423859 0.19606950879097 0.196040526032448 0.196015760302544 0.196013629436493 0.196013554930687 0.196023896336555 0.196039944887161 0.196069732308388 0.196121200919151 0.19620244204998 0.196306318044662 0.196428745985031 0.196565002202988 0.196707800030708 0.196866005659103 0.197027891874313 0.19720733165741 0.197387635707855 0.197562798857689 0.197737112641335 0.197907939553261 0.19810751080513 0.198367759585381 0.198662906885147 0.199000716209412 0.19938163459301 0.199793934822083 0.200278416275978 0.20079280436039 0.201050460338593 0.201257646083832 0.20111095905304 0.200936689972878 0.200620993971825 0.200303718447685 0.199980899691582 0.199683398008347 0.199432954192162 0.19920602440834 0.199004739522934 0.198834761977196 0.198685079813004 0.198683336377144
0.196175828576088 0.196083247661591 0.196025893092155 0.195978552103043 0.195970147848129 0.195966318249702 0.195978194475174 0.195990145206451 0.196002393960953 0.196015179157257 0.196029305458069 0.196057021617889 0.196103408932686 0.196182936429977 0.196289569139481 0.196424871683121 0.196573778986931 0.196747466921806 0.196927055716515 0.19713431596756 0.197342783212662 0.197541132569313 0.197734445333481 0.197906583547592 0.198104470968246 0.198356702923775 0.198641762137413 0.198966950178146 0.199331805109978 0.199725568294525 0.200179114937782 0.200657427310944 0.200808137655258 0.200894460082054 0.200702279806137 0.200488239526749 0.200161248445511 0.199839815497398 0.199537873268127 0.199266910552979 0.199053481221199 0.198874160647392 0.198732003569603 0.198612824082375 0.198508515954018 0.198460504412651
0.196109488606453 0.196030452847481 0.196000263094902 0.195983991026878 0.196001961827278 0.19602344930172 0.196044981479645 0.196064636111259 0.196074739098549 0.196082234382629 0.196083456277847 0.196092277765274 0.196111500263214 0.196161821484566 0.196237578988075 0.196351483464241 0.196483448147774 0.196655511856079 0.19683712720871 0.197046905755997 0.197259426116943 0.197483643889427 0.197699815034866 0.197882369160652 0.198092266917229 0.198359906673431 0.198657512664795 0.198991745710373 0.199341580271721 0.19970278441906 0.200028494000435 0.200339525938034 0.20036181807518 0.200327351689339 0.200109913945198 0.199879348278046 0.199586778879166 0.19930312037468 0.199050799012184 0.198828384280205 0.198661506175995 0.198528856039047 0.198433503508568 0.198359131813049 0.198298335075378 0.198261827230453
0.196053519845009 0.195990920066833 0.195991203188896 0.196009382605553 0.196054920554161 0.196102619171143 0.19613291323185 0.196159392595291 0.196166500449181 0.196168273687363 0.196157202124596 0.196148112416267 0.196141764521599 0.196161866188049 0.196203619241714 0.196291878819466 0.196402162313461 0.196569055318832 0.196749463677406 0.196956530213356 0.197168096899986 0.197418719530106 0.197658583521843 0.197853431105614 0.198078170418739 0.198366075754166 0.198680907487869 0.19902865588665 0.199363678693771 0.199689418077469 0.199867263436317 0.19998387992382 0.199873298406601 0.199718058109283 0.199479535222054 0.199237287044525 0.198988571763039 0.198751360177994 0.198554620146751 0.198385313153267 0.198266938328743 0.198180764913559 0.198129653930664 0.198098868131638 0.198081210255623 0.198068141937256
0.19603867828846 0.196008339524269 0.196039870381355 0.196088999509811 0.196139171719551 0.196188285946846 0.196205958724022 0.196220949292183 0.196222275495529 0.196219146251678 0.196205288171768 0.196191281080246 0.196177080273628 0.196184009313583 0.196208253502846 0.196280241012573 0.196374833583832 0.196536108851433 0.196713328361511 0.196908995509148 0.197111740708351 0.197398871183395 0.197672322392464 0.197888493537903 0.198124349117279 0.198401749134064 0.19868515431881 0.198975905776024 0.199195891618729 0.199364304542542 0.199394822120667 0.199368223547935 0.199217095971107 0.199041485786438 0.198845431208611 0.198648750782013 0.198453456163406 0.198265835642815 0.198105186223984 0.197965383529663 0.197864323854446 0.197797521948814 0.197768032550812 0.197767987847328 0.197787016630173 0.19781967997551
0.19602769613266 0.196030184626579 0.196091189980507 0.196168825030327 0.196221113204956 0.196269199252129 0.196274101734161 0.19627757370472 0.196273624897003 0.196266263723373 0.196250602602959 0.196232780814171 0.196211963891983 0.196207150816917 0.196215391159058 0.196272641420364 0.19635309278965 0.196508765220642 0.196682408452034 0.196867644786835 0.197062388062477 0.197383865714073 0.197688236832619 0.197921022772789 0.19816292822361 0.198424085974693 0.198669299483299 0.19889497756958 0.198996782302856 0.199008360505104 0.198905050754547 0.198754161596298 0.198575988411903 0.198392450809479 0.198239237070084 0.19808754324913 0.197939604520798 0.197795674204826 0.197665840387344 0.197551071643829 0.197464287281036 0.19741402566433 0.19740355014801 0.197431147098541 0.197483390569687 0.197559967637062
0.196038201451302 0.196072101593018 0.196143180131912 0.196224838495255 0.196263387799263 0.196296319365501 0.196297064423561 0.196297317743301 0.196295097470284 0.196290120482445 0.196278512477875 0.196262374520302 0.196239992976189 0.196230262517929 0.196230858564377 0.196285367012024 0.196365401148796 0.196515560150146 0.19668248295784 0.196871548891068 0.197070986032486 0.197398915886879 0.197701156139374 0.197895854711533 0.198091760277748 0.198290258646011 0.198448106646538 0.198556274175644 0.198554366827011 0.198472291231155 0.198379009962082 0.198281094431877 0.198175862431526 0.198069185018539 0.197932705283165 0.197792127728462 0.197622194886208 0.197457611560822 0.197311893105507 0.197185665369034 0.197095602750778 0.197044596076012 0.197036132216454 0.197064235806465 0.197116002440453 0.197206407785416
0.196049228310585 0.19611182808876 0.196190252900124 0.196273177862167 0.196299612522125 0.196319550275803 0.196319878101349 0.196319818496704 0.196317672729492 0.196313321590424 0.196303650736809 0.196288600564003 0.196266204118729 0.196253448724747 0.196248576045036 0.196300894021988 0.196380287408829 0.196525141596794 0.196685642004013 0.196880310773849 0.19708551466465 0.197409987449646 0.197701767086983 0.197856798768044 0.198006048798561 0.198143139481544 0.19822096824646 0.198226347565651 0.198149785399437 0.198013514280319 0.197939977049828 0.197892397642136 0.197841763496399 0.197790518403053 0.197654917836189 0.197511091828346 0.197317495942116 0.197131916880608 0.196974560618401 0.196840763092041 0.196750745177269 0.196700870990753 0.196694731712341 0.196722880005836 0.196773186326027 0.196871221065521
0.196062162518501 0.196143552660942 0.19621929526329 0.196293443441391 0.196313709020615 0.196328416466713 0.196342170238495 0.196352332830429 0.196344345808029 0.19633412361145 0.196318566799164 0.196302503347397 0.196285784244537 0.196276932954788 0.196274518966675 0.196326687932014 0.196404695510864 0.196544975042343 0.196700125932693 0.196906819939613 0.197121828794479 0.197406366467476 0.197657182812691 0.197766810655594 0.197867006063461 0.197947293519974 0.197971969842911 0.197928681969643 0.1978839635849 0.197838202118874 0.19781993329525 0.197813034057617 0.197749778628349 0.197675421833992 0.197482481598854 0.197282731533051 0.197059407830238 0.196851551532745 0.196698069572449 0.196571066975594 0.196493238210678 0.196451395750046 0.196448773145676 0.196475222706795 0.196520492434502 0.196603387594223
