Ecospace-environmental-drivers/Outputs/ASCII-for-ecospace/MOM6-ISIMIP3a/o2-surf/2013_mo07_avg31y_o2-surf_MOM6-ISIMIP3a.asc
NCOLS 131 
NROWS 53 
XLLCORNER -98 
YLLCORNER 23.9265270233154 
CELLSIZE 0.133587792515755 
NODATA_value -9999 
[rows 21 to 41 of 53, columns 46 to 91 of 131]
0.202715234410378 0.202797689745503 0.202925040356575 0.203065160782106 0.203240164345311 0.203419345040475 0.203614868464008 0.203809797763824 0.20400169876314 0.204220782364568 0.204505505100373 0.20477780170979 0.205033036008958 0.20523949736549 0.205406051008932 0.205534126970076 0.205643974965619 0.205763142916464 0.205884538831249 0.206124012028017 0.206375729653143 0.20668756865686 0.206975685973321 0.207164523101622 0.207293703671425 0.207296945875691 0.207265982224095 0.207193209278968 0.207097436151197 0.206984905465957 0.20676717114064 0.206505868704088 0.206188855632659 0.205860887323656 0.205635955737483 0.205429485247981 0.205366073116179 0.205326735973358 0.205372040790896 0.205407578137613 0.205424969715457 0.20538314119462 0.205276790645815 0.205139418282816 0.204981973575008 0.204816027995079
0.202010921893581 0.20205372908423 0.202118540002454 0.202189610369744 0.202288155113497 0.202390079536746 0.202507347349198 0.20262444644205 0.202740674057314 0.202874717212492 0.203051764157511 0.20322878754908 0.203405786906519 0.203563886784738 0.20370652694856 0.203840608558347 0.203970641859116 0.204129167622136 0.204294504177186 0.204534438829268 0.204782225431934 0.205069709689386 0.205341483316114 0.205547500041223 0.20569397316825 0.205714740099445 0.205712181425864 0.20568111346614 0.205673435522664 0.205682797297355 0.205592489530963 0.205460905067382 0.205237329486878 0.204995672068288 0.204811322112237 0.204643432171114 0.204615566518999 0.20461062798577 0.204686291275486 0.204752985508211 0.204803018800674 0.20480012941745 0.204739586480202 0.204653840391867 0.204551791952502 0.20446574736026
0.201355480859357 0.201367721922936 0.201381556930081 0.201395844740252 0.201426570934634 0.201459542878212 0.201507621715146 0.201555769770376 0.201604266320505 0.201661427655528 0.201739509740183 0.201826728159381 0.201926486626748 0.202035492947025 0.202152059443535 0.202287291807513 0.202431361521444 0.202624246958763 0.202828795198471 0.203066810965538 0.203308259287188 0.203566222421585 0.203815305425275 0.204027234065917 0.204180367050632 0.204209381053525 0.204226965865781 0.204230575311568 0.204303762605113 0.204427626825148 0.204460891985124 0.20445663890531 0.204326993034732 0.204172703046953 0.204027789735025 0.203896801798574 0.203898459192245 0.203921354586078 0.204018929312306 0.204108657375459 0.204183811141599 0.204213691334571 0.204194251568087 0.204155499416013 0.204104248554476 0.204092705442059
0.20090166263042 0.200907316900069 0.200912086713699 0.200916608014414 0.20092997339464 0.200944627484968 0.200969662397139 0.200994647318317 0.201019388052725 0.201050682413963 0.201097798924292 0.201152609721307 0.201217983038195 0.201298308468634 0.201390870155827 0.201508898408182 0.201638991313596 0.201817591824839 0.202007781113348 0.202222946670748 0.202439537932796 0.202651923221927 0.202852633210921 0.20300448229236 0.203112950728786 0.203129844319436 0.20315487250205 0.203189849853516 0.203299533455603 0.203463631772226 0.203568903188552 0.203649807841547 0.203605921037735 0.203537503077138 0.203446489187979 0.203363975690257 0.203372659221772 0.20339661259805 0.203474260626301 0.203547098463581 0.203611006659846 0.203645774914372 0.203648796485316 0.203633433868808 0.203606175318841 0.203621325473632
0.200471468510166 0.200471369970229 0.200468473376766 0.200464782695616 0.200463292579497 0.200462252862992 0.200467260133836 0.200472143869246 0.200476382528582 0.20048518046256 0.200504979298961 0.200531388963422 0.200566874396416 0.200622047628126 0.200693329015086 0.200796728653293 0.200915343819126 0.201082292102998 0.201260791190209 0.201453229592692 0.201644744603865 0.201808957322951 0.201959246589291 0.202051282409699 0.202116100057479 0.202123453540187 0.202156257244848 0.202220169767257 0.202360623305844 0.202556829779379 0.202724463516666 0.202880264289917 0.202914774417877 0.202925441726562 0.202886885212314 0.202851644927456 0.202866620594455 0.202891033022634 0.202948615435631 0.203004238105589 0.203056219604708 0.203094162287251 0.203116804361343 0.203121906807346 0.203115665143536 0.203153868836741
0.200144845631815 0.200142677753202 0.20013824153331 0.200133158795295 0.200127803029553 0.20012254820716 0.200120781217852 0.2001189767353 0.200116990554717 0.200118066322419 0.200126536430851 0.200142105740886 0.200167425217167 0.200212900677035 0.200274867396201 0.200374915234504 0.200493001168774 0.200659867736601 0.200838389415895 0.201008628452978 0.201174116423053 0.201278758145148 0.201369657151161 0.201403042481792 0.20142864027331 0.201437793912426 0.201479808938119 0.201561986919372 0.201708107706039 0.201900794621437 0.202088535312683 0.202274223489146 0.202354852230318 0.202414829404123 0.20242239919401 0.202429183067814 0.202447247120642 0.202469483979287 0.202506393674881 0.202543362975121 0.202580452446015 0.20261404591222 0.202643835256177 0.202656587766063 0.202658312935983 0.202703607178503
0.199845313545196 0.199840918183327 0.199834615472824 0.199827771994375 0.199819310057548 0.199810755348975 0.199804269017712 0.199798023027758 0.199793011430771 0.199790528705043 0.199794145841752 0.19980550389136 0.199827481662073 0.199869451984282 0.199927777051926 0.200026961584245 0.200145497918129 0.200307008239531 0.200478786903043 0.200622272106909 0.200758025530846 0.20080949606434 0.200848727937668 0.200836742116559 0.200832107374745 0.20084297849286 0.200890540595978 0.200982945099954 0.20112840687075 0.201312513120713 0.201508847455825 0.201710247224377 0.201826324385981 0.201925630531003 0.201972245689361 0.202014996640144 0.202039039904071 0.202062455396498 0.202083653500003 0.202106157618184 0.202131087741544 0.202161676460697 0.20219842993444 0.202219323285164 0.20222995406197 0.202282418166437
0.199604888596842 0.199597917737499 0.199589047220445 0.199579636416128 0.199569716088233 0.19955986017181 0.199553142632208 0.199547355694156 0.199546301076489 0.199549335145181 0.199562238108727 0.199583837101536 0.199617374327875 0.199669348136071 0.19973640816827 0.199840157743423 0.199961283995259 0.200105935815842 0.200256205374195 0.200363000554423 0.200460919930089 0.200473175414147 0.200477600578339 0.200449222999234 0.200433956038567 0.200446373512668 0.200491487018524 0.200576563515971 0.200707579812696 0.200872056907223 0.201051874026175 0.201238047211401 0.201366293334192 0.20148315112437 0.201553362992502 0.201618862728919 0.201655203776975 0.201687110047187 0.20170342056982 0.20172058574615 0.201739345346728 0.201769852349835 0.201813163776552 0.201843279023324 0.20186485350132 0.201924650899826
0.199395286460077 0.199385788171522 0.199376406688844 0.199367055008488 0.199358388781548 0.199349912904924 0.19934474412472 0.199341479328371 0.199347910861815 0.199359690950763 0.199384386981687 0.19941706426682 0.199460696789526 0.199520083204392 0.199592360085057 0.199694009077164 0.199809573350414 0.199931562427552 0.200055088247022 0.200125227532079 0.20018631796683 0.20016910328019 0.200148146479361 0.200111527116068 0.200090876990749 0.200103944828433 0.200145479171507 0.200221800035046 0.200336057332254 0.200477944747094 0.20063770682581 0.200804869494131 0.200938204123128 0.201064888508089 0.201148985374358 0.201228240805288 0.20127562217174 0.201316586425228 0.201334992243398 0.201351941112549 0.201366185661285 0.201394890585253 0.201439353246843 0.201475760148418 0.201506959815179 0.201577975865333
0.199224467719755 0.199212495838442 0.199205188981948 0.199199206886753 0.199195200397122 0.199191483278428 0.199190097470437 0.199191955789443 0.199210312577986 0.199234903339417 0.199274548119114 0.199319352546046 0.199371239350688 0.199434776459971 0.199507838295352 0.19959900984841 0.199698760144172 0.199790787792975 0.199880969139837 0.199914504924128 0.199940029651888 0.199905594510417 0.19987112524048 0.199836515130535 0.199817080170878 0.199829683188469 0.199866209780016 0.199931977256652 0.200026564059719 0.200142138907986 0.200277388576538 0.200420783412072 0.200550304305169 0.200677095401672 0.200762856391168 0.200844552728438 0.200901392006105 0.200952132382701 0.200981418932638 0.201004592161025 0.201016409743217 0.201041143267385 0.201079951659326 0.201118972032301 0.201158131803236 0.201245253124545
0.199093296162544 0.199080751788232 0.199076284804652 0.199074117406722 0.199073812173259 0.199073760740219 0.199075347954227 0.199081170943476 0.199108534762936 0.199142610353808 0.199192883506898 0.19924598163174 0.199302957903954 0.199367548188856 0.199438374850058 0.199516740056776 0.199598677216038 0.199662559936124 0.199722127087655 0.199725431780661 0.19972214823769 0.199679174250172 0.199639120409566 0.199611292250695 0.199596750159417 0.19961025445692 0.199642842815768 0.19969875245325 0.199777096509933 0.199871778488159 0.199983737641765 0.200102847910696 0.200223940034066 0.200345419587628 0.20043076142188 0.200512302017981 0.200569799350154 0.200622703759901 0.200659470692758 0.200688008819857 0.200701260758984 0.2007239547468 0.200756933419935 0.200795205850755 0.200836900741823 0.200931587046193
0.198991868284441 0.198980166066077 0.198979115293872 0.19898109522558 0.198983775031182 0.19898656971993 0.198990523334472 0.198999442400471 0.199033624222202 0.19907468413153 0.199132349221937 0.199190866562628 0.199250550520036 0.199313885742618 0.199380202639487 0.199444015179911 0.199506643318361 0.199543740480177 0.199574736818191 0.199552595134704 0.199525568754442 0.199480568209002 0.199440878725821 0.199423411200123 0.19941651917273 0.199431954852996 0.199461403873659 0.199507976731946 0.199572648732893 0.199650507780813 0.199740088755085 0.199834524623809 0.199943728504642 0.20005583474713 0.200139192323531 0.200218629933173 0.200270183144077 0.200319549729747 0.20036124365945 0.200394497763726 0.200412084979396 0.200434185324177 0.200461204494199 0.200496203957065 0.20053636931604 0.200632212623473
0.198942047934378 0.198930642297191 0.198931729120593 0.198936369149916 0.198940611654712 0.198944769559368 0.198947748830242 0.19895553925345 0.198987803632213 0.199027438798258 0.199084862585991 0.199143484715493 0.199203751740917 0.199263974062858 0.199324156488142 0.199373831191371 0.199418528906761 0.199434810107754 0.199444300705387 0.199409090222851 0.199370695698646 0.199330640415991 0.19929694119961 0.199289848727565 0.19929061685839 0.199307981518007 0.199334323406219 0.199371636875214 0.199427093228986 0.199495765470689 0.199576367774317 0.199661907169127 0.199758032637258 0.199856238499764 0.199930492908724 0.200001067692234 0.200044363737106 0.200087029126383 0.20012748145288 0.200162236248293 0.200186417948815 0.200210858737269 0.200235585531881 0.200266146852124 0.200300486818437 0.20038564887739
0.198914349079132 0.198903000162494 0.198905676122635 0.198912341748514 0.19891753840831 0.198922424066451 0.198922996559451 0.198927845685713 0.198954452910731 0.198989057252484 0.199042967730953 0.199099417655699 0.199159354932847 0.199215668824411 0.199269021230359 0.199304733064867 0.199332091596819 0.199330117433302 0.19932113347515 0.199278157564902 0.199233697306725 0.19920157376797 0.199176280729232 0.199179567636982 0.199187996887392 0.199207291007042 0.199230540663965 0.199258626949403 0.199306776927363 0.19936954398309 0.199446900717674 0.199530304439606 0.199612844374872 0.19969521222576 0.199757309690599 0.19981612072837 0.199850173246476 0.199884780953007 0.199921347441212 0.19995622433001 0.199987969090862 0.200016010192133 0.200040014040086 0.20006563874983 0.20009231423178 0.200161720475843
0.198924937555867 0.19891399625809 0.198915390718368 0.198920292239035 0.198921357912402 0.19892188425987 0.198918354126715 0.198918761745576 0.198939182104603 0.198967663991836 0.199015619293336 0.199066862944634 0.199122621647773 0.199170305844276 0.199211380654766 0.199233695383995 0.199247120849548 0.199235292211656 0.19921742860348 0.199180356917843 0.199143113628511 0.199122506764627 0.199107503698718 0.199115955060528 0.199127742840398 0.199146566852447 0.199168985889804 0.199195793078792 0.199239581342666 0.19929574093511 0.19936831055149 0.199447678462152 0.199518900725149 0.199588523276391 0.199635881570078 0.199680516796727 0.199706597674278 0.199734695015415 0.199769889635424 0.199806191267506 0.199844547817784 0.199876183944364 0.199900497351923 0.199920948474638 0.199938901009098 0.199993292650869
0.198943449124213 0.198932986586325 0.198932503980975 0.198934859325809 0.198930744682589 0.198925855178987 0.198917876328191 0.198913529034584 0.198927648605839 0.198949785963182 0.19899127896755 0.199036690015947 0.199087477018756 0.199125550927654 0.199153220941944 0.199162252487675 0.199162455816423 0.199142510852506 0.199117752813524 0.199089415611759 0.199062134469709 0.199053782609201 0.19904946223382 0.199061999397893 0.199076248753455 0.199094112361631 0.199116165599515 0.199143338587976 0.199183377046739 0.199232785932479 0.199300246853982 0.199375180948165 0.199435558530592 0.199493078935531 0.199525163058312 0.199555120160503 0.199573491850207 0.199595400883305 0.199629746137127 0.199667738810662 0.199712509109128 0.199747740741699 0.199772579054679 0.199787808522101 0.199796820359845 0.199836346891619
0.198973051482631 0.198963253728805 0.198956993799056 0.198951741860759 0.198939118173815 0.198925719626488 0.198911721187253 0.198901749426319 0.198912259071104 0.198930509148106 0.19896745729831 0.199007649094828 0.199052297299908 0.199082789401854 0.199101696091314 0.199102116688605 0.199093777806528 0.199073721804926 0.19905086438502 0.199034053952463 0.199018740365582 0.199019179228813 0.199022114276886 0.199035508978751 0.199051329205113 0.199072270143417 0.199097641533421 0.199128422044939 0.199166989614887 0.199211226836328 0.199268504977226 0.199331181664621 0.199377873251515 0.19942142117408 0.199439374669906 0.199455829878007 0.199466909612379 0.199482018428464 0.199511292961336 0.199545616584439 0.199589323612951 0.199626675055873 0.199657097458839 0.199677405338134 0.199691170165616 0.199730025664453
0.1990025750091 0.198993390606296 0.198981353832829 0.198968505667102 0.198947477725244 0.198925681171879 0.19890572851704 0.198890208236633 0.198897210821029 0.198911705324727 0.198944286954018 0.198979283052106 0.199017593456853 0.199040652763459 0.199051235472002 0.199043668085529 0.199027504651777 0.199008035563654 0.198987775271939 0.19898234307766 0.198978784103547 0.198987638277392 0.198997562450747 0.19901198437137 0.199029442764098 0.199053312982282 0.199082088085913 0.199116856340439 0.199154563488499 0.199194404386705 0.199241275268216 0.199291051395478 0.199323270590075 0.199352037041418 0.199355695516832 0.199358507510154 0.199362094844541 0.199370177522782 0.199394063603493 0.199424148567261 0.199465735785423 0.1995044408306 0.199540002211448 0.199565873992059 0.199585477190633 0.199625479117517
0.199025929935517 0.199016753704317 0.199000790234535 0.198982895381989 0.19895615212379 0.19892861958473 0.198904181680372 0.198884312183626 0.198887677442643 0.198898612972229 0.198927840878887 0.198957567734103 0.198987979081369 0.199004238170962 0.199008921461721 0.198997817212535 0.198979234503162 0.198963994941404 0.19894955619689 0.198952591226947 0.19895751582038 0.198972470337345 0.198988167989639 0.199006974697113 0.199027220087667 0.199050509641247 0.199081871778734 0.199123110021314 0.199165359139442 0.199208352834948 0.199244824147994 0.199278594986085 0.199289323341462 0.199295524627932 0.199282620222338 0.199269692263296 0.19926346598133 0.199262417612537 0.199279577501359 0.199301852814613 0.199333630742565 0.199366246500323 0.199399781323248 0.199431451097611 0.199461910993822 0.19951569457208
0.199045328363296 0.199037356242057 0.19901918595837 0.19899811715849 0.198966404122691 0.198933715301175 0.198904101887057 0.198879370766301 0.198879472671017 0.198887245308968 0.198913530476632 0.198938439449956 0.19896145789854 0.198971498877771 0.198970917251802 0.198956897181849 0.198936512874019 0.198925339887219 0.198916368426815 0.198927726957106 0.198941013024699 0.198962020777887 0.198983076118654 0.199004324693834 0.19902649569896 0.199050614910741 0.19908542402329 0.199133296647379 0.199179627241627 0.199224839768102 0.199250733179431 0.19926863043539 0.199257897753869 0.199241538201609 0.199212550155578 0.199184441278058 0.199169492048602 0.199160314856037 0.199171432564335 0.199186564453187 0.199209146441952 0.199235438339172 0.199265764605614 0.199301849449835 0.199341653335479 0.199408208170245
0.199050219308945 0.199047815415167 0.199033761216748 0.199016394634401 0.19898244402101 0.198946736993328 0.198909413429999 0.198877930160492 0.198876161729136 0.198882186605084 0.198907039819225 0.198928791188425 0.198946282748253 0.198952222543378 0.198948710676162 0.198934062834709 0.19891413950151 0.19890642406479 0.198901629736347 0.198920788303498 0.198941985445638 0.198968864737018 0.198993758328499 0.199010330342477 0.199031261186446 0.19906139325711 0.199102776185159 0.199157909039528 0.199206612283184 0.19925063031335 0.199265301708252 0.199267819043129 0.199235714731678 0.199196805396388 0.199153509351515 0.199112259572552 0.199092589078411 0.199078954515919 0.199086540168332 0.199096956560689 0.199112623929977 0.199131701261766 0.199154491386106 0.199189913368994 0.199233507917773 0.199309144289263
