Ecospace-environmental-drivers/Outputs/ASCII-for-ecospace/MOM6-ISIMIP3a/o2-surf/2015_mo10_avg31y_o2-surf_MOM6-ISIMIP3a.asc
NCOLS 131 
NROWS 53 
XLLCORNER -98 
YLLCORNER 23.9265270233154 
CELLSIZE 0.133587792515755 
NODATA_value -9999 
[rows 0 to 20 of 53, columns 46 to 91 of 131]
-9999 -9999 -9999 -9999 -9999 -9999 -9999 -9999 -9999 -9999 -9999 -9999 -9999 -9999 -9999 -9999 -9999 -9999 -9999 -9999 -9999 -9999 -9999 -9999 -9999 -9999 -9999 -9999 -9999 -9999 -9999 -9999 -9999 -9999 -9999 -9999 -9999 -9999 -9999 -9999 -9999 -9999 -9999 -9999 -9999 -9999
-9999 -9999 -9999 -9999 -9999 -9999 -9999 -9999 -9999 -9999 -9999 -9999 -9999 -9999 -9999 -9999 -9999 -9999 -9999 -9999 -9999 -9999 -9999 -9999 -9999 -9999 -9999 -9999 -9999 -9999 -9999 -9999 -9999 -9999 -9999 -9999 -9999 -9999 -9999 -9999 -9999 -9999 -9999 -9999 -9999 -9999
-9999 -9999 -9999 -9999 -9999 -9999 -9999 -9999 -9999 -9999 -9999 -9999 -9999 -9999 -9999 -9999 -9999 -9999 -9999 -9999 -9999 -9999 -9999 -9999 -9999 -9999 -9999 -9999 0.213516672292063 0.213458005459078 -9999 -9999 -9999 -9999 -9999 -9999 -9999 -9999 -9999 -9999 -9999 -9999 -9999 -9999 -9999 -9999
-9999 -9999 -9999 -9999 -9999 -9999 -9999 -9999 -9999 -9999 -9999 -9999 -9999 -9999 -9999 -9999 -9999 -9999 -9999 -9999 -9999 -9999 -9999 -9999 -9999 -9999 -9999 -9999 0.213431936117911 0.21346664813257 -9999 -9999 -9999 -9999 -9999 -9999 -9999 -9999 -9999 -9999 -9999 -9999 -9999 -9999 -9999 -9999
-9999 -9999 -9999 -9999 -9999 -9999 -9999 -9999 -9999 -9999 -9999 -9999 -9999 -9999 -9999 -9999 -9999 -9999 -9999 0.223413686117818 0.223081711319185 0.22281613032664 0.221266932064487 0.219852470582531 0.21730797954144 0.215367925743903 0.214124005167715 0.213472081768897 0.213358213343928 0.213465510356811 0.21357622213902 -9999 -9999 0.211976359448125 0.210674959325021 0.20945701435689 0.208673668965217 0.208394454371545 0.208242167868922 0.208194986466439 0.208228105498898 0.208416580673187 0.208685217845824 -9999 -9999 -9999
-9999 -9999 -9999 -9999 -9999 -9999 -9999 -9999 -9999 -9999 -9999 -9999 -9999 -9999 -9999 0.205310348541506 -9999 0.206497426955931 0.207514341319761 0.215488527571001 0.223413686117818 0.223015316071049 0.22281613032664 0.21971773668643 0.217023545695889 0.215182656722684 0.213897570486992 0.213291787332104 0.213226889410327 0.213555961366623 0.213613680774166 0.213559026679685 0.212980988525575 0.212300065063661 0.210648024274457 0.209076787194898 0.208646232081998 0.208297987138071 0.208239145336613 0.208189373054812 0.208156439565843 0.208338500991944 0.208754801461774 0.208962352045121 0.209034830812485 -9999
-9999 -9999 -9999 -9999 -9999 -9999 -9999 -9999 -9999 -9999 -9999 0.193717001907287 0.193648601251264 0.193648360429272 0.193772384235936 0.199674667369935 0.205208163107595 0.205412533014051 0.206565407976027 0.207514341319761 0.215537557678838 0.223413686117818 0.22281613032664 0.21971773668643 0.217023545695889 0.215182656722684 0.213897570486992 0.213291787332104 0.213226889410327 0.213555961366623 0.213613680774166 0.213559026679685 0.212980988525575 0.212300065063661 0.210648024274457 0.209076787194898 0.208646232081998 0.208297987138071 0.208239145336613 0.208189373054812 0.208156439565843 0.208338500991944 0.208754801461774 0.208962352045121 0.209034830812485 0.209053985534176
-9999 -9999 -9999 -9999 -9999 -9999 -9999 -9999 -9999 -9999 -9999 0.194083738711572 0.193717001907287 0.19358020059524 -9999 0.194089070923867 0.200015679482491 0.205003794162504 0.205412533014051 0.206769346710174 0.207514341319761 0.215684644637569 0.221695607708346 0.218669512098835 0.215885582470125 0.21361288139897 0.212054796757237 0.211370123009528 0.211218289790615 0.211454570774109 0.211579221390909 0.211657636107937 0.21132686830336 0.21091566595339 0.209889979612443 0.20891150063084 0.208616466772172 0.208371777688303 0.208304098536891 0.20822921058824 0.208140926976358 0.208155323420801 0.208281589611884 0.208245854223928 0.208105292531752 0.207581494604388
-9999 -9999 -9999 -9999 -9999 -9999 -9999 -9999 -9999 -9999 -9999 -9999 -9999 -9999 -9999 0.193783246701764 0.195040566786643 0.200838251940666 0.204595053388226 0.205412533014051 0.207381166277393 0.214932927200871 0.220461371444887 0.217522022704924 0.214649183134879 0.211916749035158 0.210070821066057 0.209308388733095 0.209063224254116 0.209194829867732 0.209386718369299 0.209603569199962 0.209538460739197 0.209417928130396 0.209072611985668 0.208738041500891 0.208589760526534 0.208457065686103 0.208379152801729 0.208276240095015 0.208126897773435 0.207959204912186 0.207771521902853 0.20747493640069 0.207107882826559 0.206946808484293
0.219303659854397 0.219375928563456 -9999 -9999 -9999 -9999 -9999 -9999 -9999 -9999 -9999 0.211023932503116 0.194459642614088 -9999 -9999 -9999 0.194462943461634 0.197488963123291 0.202231768638857 0.203777576646497 0.204191783262837 0.212996039659746 0.21959423490109 0.216959846596564 0.214365390039259 0.211855222140589 0.210248108352384 0.209744712037425 0.20951717034463 0.20949055927415 0.209507355286229 0.209542123060073 0.209433710863513 0.209297152296189 0.209102325381771 0.208911396322712 0.208779649388406 0.208654438776355 0.208552215368517 0.208417341113091 0.208221833552084 0.208015116953081 0.207796185728042 0.207560786316472 0.207314729209869 0.207334541986066
0.21946648820754 0.219285369880738 0.219272001135734 -9999 -9999 -9999 -9999 -9999 -9999 -9999 -9999 0.219397325188883 0.209545092236611 0.194459642614088 -9999 -9999 0.192622586604088 0.197049241873526 0.202795062814989 0.202124428845221 0.201696804934932 0.211221937691012 0.218480460586086 0.216253013380112 0.214031935699524 0.211824312806129 0.210473761443169 0.210170725180257 0.209941872185276 0.209767050800785 0.209625132141575 0.209496838911887 0.209352728820616 0.209205509193482 0.209133796634213 0.209060463213151 0.208943966415621 0.208825644466185 0.208700907807196 0.208537855936635 0.208303654866834 0.20806351448259 0.207816898822784 0.207632815645587 0.207489191524444 0.207655838900997
0.21946648820754 0.219285369880738 0.219245266529822 0.21975836926891 0.220348747987901 -9999 -9999 -9999 -9999 -9999 -9999 -9999 0.217147605073067 0.206376129581082 0.194459642614088 0.193717001907287 0.192622586604088 0.197049241873526 0.202795062814989 0.2028077537975 0.202926476155558 0.210320985124957 0.216043776562137 0.214770256511627 0.21343213415915 0.211957631091918 0.210958835578734 0.210541450688916 0.210209706137257 0.2099403421725 0.209727573779321 0.209538243470653 0.209399237267433 0.209270123993197 0.209174703205785 0.209079239156938 0.208971134116573 0.208856493715317 0.208718879568961 0.208547943542081 0.208315129722318 0.208071606293801 0.207816414775387 0.207630704487524 0.207489959174587 0.207620773584612
0.219289405211326 0.219190919110852 0.219503548837477 0.219933099323703 0.220351566230097 -9999 -9999 -9999 -9999 0.221004158258438 0.221055393257449 0.220482570990439 0.21905300646059 0.211907240652269 0.200084631481478 0.195359403087247 0.193996050665455 0.197908936489013 0.203082493235988 0.203571327271 0.204092855895719 0.209774491287047 0.214251697544129 0.213688259643893 0.213012416516581 0.212099286817735 0.211359042313791 0.210830094833528 0.210401562913772 0.210046175506807 0.209774443218785 0.209537356130538 0.209396909802191 0.209275461493 0.209162785160926 0.20905167393146 0.208952649947136 0.208844540580626 0.208704486489296 0.208534723808689 0.208309790780467 0.208065996727636 0.207801655896248 0.207603818947269 0.207449010302944 0.207517918559813
0.218669604870581 0.218860333484988 0.219347892749694 0.219919873341437 0.220351566230097 0.220761580332633 0.22097390072961 0.221137100169736 0.22105043645828 0.221004158258438 0.221055393257449 0.220482570990439 0.21905300646059 0.213784414433664 0.205374833076231 0.201107897585438 0.198803244579223 0.200917916913186 0.204088514850986 0.204535526614035 0.205101011260863 0.21011415027803 0.214071163727391 0.213608175516129 0.21304292928788 0.212261787345332 0.211547071414609 0.210913539894166 0.210403480356739 0.209983356056675 0.209682378557421 0.209430742167657 0.209272492797144 0.209132600695856 0.209018804853962 0.20890826131067 0.208820037303432 0.208725576439211 0.208609183949809 0.208463238612298 0.208262420469715 0.208026136602125 0.207751214023559 0.207514976301501 0.20730376916547 0.207245585418517
0.21772443431039 0.218172608364013 0.218842627540711 0.219575742079366 0.220082532974981 0.220557521908514 0.220799365351277 0.220990694818958 0.220925059530043 0.220917532520909 0.221050323497865 0.220545790368511 0.219166301431194 0.215553708614842 0.210114048853997 0.206761994188832 0.204398787790729 0.205161743106381 0.206671641238274 0.206904627623097 0.207276122223946 0.210940356216123 0.213813426994508 0.213375386691863 0.21285517706025 0.212161506375959 0.211476566330079 0.210802294073566 0.210260731077963 0.20981583095366 0.209503395903495 0.209245823083385 0.209077388528855 0.208926473894427 0.208818579393048 0.208715553245237 0.208644520851874 0.208570597152556 0.208486507977209 0.208374308001611 0.208209904932207 0.207998528115211 0.207735973019754 0.207483333926047 0.20723710906121 0.207076035680309
0.216319248080254 0.216979951627793 0.21784307639445 0.218763767230895 0.219433130756501 0.22006496017979 0.220378073473131 0.220637298399402 0.220622420791657 0.22070843990772 0.221038086760429 0.220698388834153 0.219439771867567 0.217170475952087 0.214074270379159 0.212282623494825 0.211108917670865 0.211151415301907 0.211484503361487 0.211259998621479 0.211101092157825 0.212454453110695 0.213446547908168 0.212926692058963 0.212358847741158 0.211689704368191 0.211040537684195 0.210415791599981 0.209913452306101 0.209500272908518 0.209201533948222 0.208950192216904 0.208782341211073 0.208630902151908 0.2085388331644 0.208453147642074 0.208408341292412 0.208364696752641 0.208325135131036 0.208260712604369 0.20815012387691 0.207988248236718 0.207770497087509 0.207532559191027 0.207281557783004 0.207051807353573
0.215985062622255 0.216627230567317 0.217374084457274 0.218150711828662 0.218736898514532 0.219296599588087 0.219667568802834 0.219988414356785 0.220054289506328 0.22018750204194 0.220483303550751 0.220222248185065 0.219196692109108 0.217899812325355 0.21638094321374 0.215409470661994 0.214697294177548 0.214235244258758 0.213832958571372 0.213337643973289 0.212872181688586 0.212934177729391 0.212872648431409 0.212294147860619 0.211696661287738 0.211059099724216 0.210456492920076 0.209896602938252 0.209446141316045 0.209075379275507 0.20880648349562 0.208579772422391 0.208434620211201 0.208305502610822 0.208235893518694 0.208172511669897 0.208148445813887 0.208129020948564 0.208125915738844 0.208103055915525 0.208043514240173 0.207932709205535 0.207766053657378 0.207564169841428 0.207339496862504 0.207084787949439
0.216552787730771 0.216981832058199 0.217351888937335 0.21770517143511 0.218001227705709 0.218295978442315 0.218713512824428 0.219090693419979 0.219262584082542 0.219403956686297 0.219471637279757 0.219216628420737 0.218518613807617 0.217881825662428 0.217295128010934 0.216520469996237 0.215656779946819 0.214872008369815 0.214106088203769 0.213497172440252 0.212913653062236 0.212542835743197 0.212124417385747 0.211506782520202 0.210894801924306 0.210294766291495 0.209747794655062 0.209265680082383 0.208877747097323 0.208558415693621 0.208332952472471 0.208146368303607 0.208042542780599 0.207954987883568 0.207913422296124 0.207876522214182 0.207868581817996 0.207868274661802 0.207894825166272 0.20790829389326 0.207897470362725 0.207839055407432 0.20772878921801 0.207580951433028 0.207408798798438 0.207165945441492
0.215604565797314 0.215947318461634 0.216216096474278 0.216463837412096 0.216677926721111 0.216893599879357 0.217245123559429 0.2175620746228 0.217703158336301 0.217800226423048 0.217791010775874 0.217632000965457 0.217267349362373 0.217029181699599 0.216894505485412 0.216265513531623 0.215402373863805 0.214522713134366 0.213639101193797 0.212969599231597 0.21232193564215 0.211778028838096 0.211219960162717 0.21060263341473 0.210011027513012 0.209473715674493 0.209000685041951 0.208606224867605 0.208292783748719 0.208038356515669 0.207872827687571 0.20774411530264 0.207683710321303 0.207636731286203 0.207612337604646 0.207590609788895 0.207586769134768 0.207591851872783 0.207628311649446 0.207659873270219 0.207682342298569 0.207664417163018 0.207602480246175 0.207503765821457 0.207381252800265 0.207181739710992
0.213914482824264 0.214233011487992 0.214535342589501 0.214833066348107 0.215067051591412 0.215294615395607 0.215525034935244 0.215724712417972 0.215768032977658 0.215795120404613 0.215783017296945 0.215764026007345 0.215735583536087 0.215768084891381 0.215850453222952 0.21534209770541 0.214553926740923 0.213690871192563 0.212809920310974 0.212105781320603 0.211420350497769 0.21083045678754 0.210239053733887 0.209641334991301 0.209087158883772 0.208624906116916 0.2082347788157 0.207932808226155 0.20769971320706 0.207516784148832 0.207419262778374 0.207357106670257 0.207341147045935 0.20733426559356 0.207321718815834 0.207309628686597 0.207304005661318 0.207307754505065 0.207344461833277 0.207385194878424 0.207433410229221 0.207450149040068 0.207432594510817 0.207380595226442 0.207306312457208 0.207165545994236
0.212138780182408 0.212430231032833 0.212706997509926 0.212979586374375 0.213178954778179 0.213371146109796 0.213571993574019 0.213751421820733 0.213821898064306 0.213884609360849 0.213928575957975 0.213997758203937 0.214101562576909 0.214218084850619 0.214345014383716 0.213980346918106 0.213382820448568 0.212636247757942 0.211854063214794 0.211153698063666 0.210466206554444 0.20988421094033 0.209310426346717 0.208771002869452 0.208279257820499 0.207888161463122 0.207576495985831 0.207361909170305 0.207211057024617 0.207106626802875 0.20706583174967 0.207051391563108 0.207060227951696 0.207073643803596 0.207064269050475 0.207054101171032 0.207044442334483 0.207042396549256 0.20706713103479 0.207096614664601 0.207134921223887 0.207155891964512 0.207157977646397 0.207136156578218 0.207098865220624 0.20701714244581
