Ecospace-environmental-drivers/Outputs/ASCII-for-ecospace/MOM6-ISIMIP3a/o2-surf/2016_mo03_avg50y_o2-surf_MOM6-ISIMIP3a.asc
NCOLS 131 
NROWS 53 
XLLCORNER -98 
YLLCORNER 23.9265270233154 
CELLSIZE 0.133587792515755 
NODATA_value -9999 
[rows 21 to 41 of 53, columns 46 to 91 of 131]
0.231939830183983 0.23209001749754 0.232269390821457 0.232457064688206 0.232537131011486 0.232599377036095 0.232477831244469 0.232398338317871 0.232532757520676 0.232757005989552 0.233198153078556 0.233637066483498 0.234072912037373 0.234589872956276 0.235173192024231 0.235240994095802 0.235064605772495 0.234779825210571 0.234469146430492 0.234308872520924 0.234160765111446 0.234039356708527 0.233914616107941 0.233775939643383 0.233639205992222 0.23350657582283 0.233362892866135 0.233205702006817 0.233037803471088 0.232862105667591 0.232651943564415 0.232427510619164 0.232136109173298 0.231831546723843 0.231397056281567 0.230963828861713 0.230589935183525 0.230248882174492 0.230023299157619 0.229841195642948 0.229739840626717 0.229582634866238 0.229364576041698 0.229069015979767 0.228723309934139 0.228416178226471
0.22966655343771 0.229920521080494 0.230129339396954 0.230325316488743 0.230423991382122 0.230507383346558 0.230447062849998 0.230415555536747 0.23053062826395 0.230720578730106 0.231091331243515 0.231456886827946 0.231815303564072 0.232254856526852 0.232760796546936 0.232862501740456 0.23277273029089 0.232591378986835 0.232388145029545 0.232314292192459 0.232249383628368 0.232185300290585 0.232111387252808 0.231996333897114 0.231863031685352 0.23169120579958 0.231494683921337 0.231267980337143 0.231072547435761 0.23089988976717 0.230707871615887 0.230507835745811 0.230254522562027 0.229990736246109 0.229624901413918 0.229259279370308 0.228932668566704 0.228638316690922 0.228457390367985 0.228321185708046 0.228268035948277 0.228157054483891 0.227983064353466 0.227724275290966 0.227410619556904 0.227156030535698
0.227533758282661 0.227882080078125 0.22811591386795 0.228317186534405 0.22843402415514 0.228538357317448 0.22853845179081 0.228553009927273 0.228641138970852 0.228785407841206 0.22906523257494 0.229339657127857 0.229606668949127 0.22995242446661 0.230362602472305 0.230487726926804 0.230477829575539 0.230399096608162 0.230303916633129 0.230313564836979 0.230328350067139 0.230313088297844 0.230282170474529 0.23018572062254 0.230052060484886 0.229839840233326 0.229591847062111 0.229300127327442 0.229077558219433 0.228905357420444 0.228731772899628 0.228557613790035 0.228343397676945 0.22812130600214 0.227826946079731 0.227532131969929 0.227259030938149 0.227017976045609 0.226889586448669 0.226805038452148 0.226801908612251 0.226738431453705 0.226609200835228 0.226386985182762 0.226104599833488 0.225900739133358
0.226243262887001 0.226547953188419 0.226765532195568 0.226958334445953 0.227087357342243 0.227206341028213 0.227230570316315 0.227260628938675 0.22732034265995 0.227403639853001 0.227543877959251 0.227704865038395 0.227894343137741 0.228133128583431 0.228412253558636 0.2285066857934 0.228513630032539 0.2284961399436 0.228472811877727 0.228457823693752 0.228438527286053 0.228348165154457 0.2282487398386 0.228111375570297 0.227949464023113 0.227735732197762 0.227502767443657 0.227246298491955 0.227023559808731 0.2268253916502 0.22667529374361 0.226545105874538 0.226398594081402 0.22624887406826 0.226029102802277 0.225808502137661 0.225605151951313 0.225431242585182 0.225360849797726 0.225324694514275 0.22535211533308 0.225333047807217 0.225263333320618 0.225107021927834 0.224894679784775 0.224745132625103
0.225019907057285 0.225278210043907 0.225476212203503 0.225657061338425 0.225791888535023 0.225918859243393 0.225960829257965 0.226001597642899 0.226036278605461 0.226067107617855 0.226088642179966 0.22614989221096 0.226265669763088 0.226406155526638 0.226566857099533 0.226626496613026 0.226638267934322 0.226660312414169 0.226684810221195 0.226641303002834 0.226585873663425 0.226424910724163 0.226261519193649 0.226087958812714 0.225901216268539 0.225686646401882 0.225466568470001 0.225239763259888 0.22501876950264 0.224802010655403 0.224675387740135 0.22458609610796 0.224501494467258 0.224417813718319 0.224273093938828 0.224127333760262 0.223993518948555 0.22388613730669 0.22387169778347 0.223881366848946 0.223935812115669 0.223955371677876 0.223936921358109 0.223847026526928 0.223710905611515 0.223621979057789
0.224090937674046 0.22429076820612 0.224454624354839 0.224608251154423 0.224720919728279 0.224826651513577 0.224858312010765 0.224888792037964 0.224913264811039 0.224928929805756 0.224923325181007 0.224944899380207 0.225003788173199 0.225083991289139 0.225181632339954 0.22518852442503 0.22515242934227 0.225118817090988 0.225085797905922 0.22499674141407 0.224896188080311 0.224684357941151 0.224476919472218 0.224287852942944 0.224091269075871 0.223878821730614 0.223662239015102 0.223440605700016 0.223229748606682 0.223026736974716 0.222923532128334 0.222861658036709 0.22281356215477 0.222768174111843 0.22270052164793 0.222632347047329 0.2225671261549 0.222523557543755 0.222556112706661 0.222600367963314 0.222666353881359 0.222699159681797 0.222695816159248 0.222674581408501 0.222641772925854 0.222641115188599
0.223246344923973 0.22339173078537 0.22352328568697 0.223650905787945 0.223738123774529 0.223818784058094 0.223834030032158 0.223847213089466 0.223849906027317 0.223844661414623 0.223820246756077 0.223808068335056 0.223812689185143 0.223831609785557 0.223862229883671 0.223823248147964 0.223751298189163 0.223668337762356 0.223582747578621 0.223447610735893 0.223302324414253 0.223058820962906 0.222823309004307 0.222621240913868 0.22241864323616 0.222214929163456 0.222007372975349 0.221795119345188 0.22159287661314 0.221397925615311 0.221307528018951 0.221260431110859 0.221242732703686 0.221230815052986 0.221223696768284 0.221217021644115 0.221212946474552 0.221226278245449 0.221300818920136 0.221379247009754 0.221464893519878 0.221518932878971 0.221538537144661 0.221581380665302 0.221639257967472 0.221721937656403
0.222585853040218 0.222685582637787 0.222788851261139 0.222893123924732 0.222947717607021 0.222994937896729 0.222980440855026 0.222961043119431 0.222916706502438 0.222878018915653 0.222852965593338 0.222819956243038 0.222776021361351 0.222731480896473 0.222686441838741 0.222616591155529 0.222534985840321 0.222416439652443 0.222289065122604 0.222106702625751 0.221917527616024 0.221684230268002 0.221455502212048 0.221245896220207 0.221045629382133 0.220865077674389 0.220678613185883 0.220484918057919 0.220287978947163 0.220088672935963 0.21998793810606 0.219928026199341 0.219927404820919 0.219938437640667 0.219955776929855 0.219975508153439 0.220016316473484 0.220071473121643 0.220177074670792 0.220288771390915 0.220411790907383 0.220504494309425 0.220564162731171 0.220661079585552 0.220782093405724 0.220937344133854
0.222018186748028 0.22207829117775 0.222151480317116 0.222228390872478 0.222260891497135 0.222286533117294 0.222249768674374 0.222205207645893 0.22212100237608 0.222046228945255 0.221994236707687 0.221925379931927 0.221833363473415 0.221732195913792 0.221623538136482 0.221520412266254 0.221419905424118 0.22126686245203 0.221101266741753 0.220889744758606 0.220674385428429 0.220449075698853 0.220227365493774 0.220020713508129 0.219827223718166 0.219661523103714 0.219489277005196 0.219309035241604 0.2191263666749 0.218941933512688 0.218846066296101 0.218786877393723 0.218796645104885 0.218819967508316 0.21885163962841 0.218886969983578 0.218955027163029 0.219033510684967 0.219148656725883 0.21927466660738 0.219420854747295 0.219542805254459 0.219638347327709 0.219784000515938 0.219962077438831 0.220173116922379
0.221567302942276 0.221595370471478 0.221636226773262 0.221680720150471 0.221704381108284 0.221723366975784 0.221673733890057 0.221613350212574 0.221498274803162 0.221384094953537 0.221272076368332 0.221148476600647 0.22100897371769 0.220859778821468 0.220702655017376 0.220563227534294 0.220432182848454 0.220246015191078 0.220046677589417 0.21982873082161 0.219609450101852 0.219389340877533 0.219174942374229 0.218984444141388 0.218803329765797 0.218642022013664 0.218475354611874 0.218302138447762 0.21814502954483 0.217999650239944 0.217927776873112 0.217886344492435 0.217898088395596 0.21792028427124 0.217953551113606 0.217990886569023 0.21806400179863 0.218142545223236 0.218240167796612 0.218356640934944 0.218508125543594 0.218647481501102 0.218773622810841 0.218961301743984 0.219188797771931 0.219434508383274
0.221194390952587 0.2212080976367 0.221231175363064 0.221256918907166 0.221263860464096 0.221266122162342 0.221193960607052 0.221108998656273 0.220958932638168 0.22080326884985 0.220634088516235 0.220464802086353 0.220295371711254 0.220122671723366 0.219947302043438 0.219784734249115 0.219628228843212 0.219428086280823 0.219217519164085 0.218997505009174 0.218776757419109 0.218554793894291 0.218338464796543 0.218145734667778 0.217958617508411 0.217783352136612 0.217604310512543 0.217420652508736 0.21727095246315 0.217145988047123 0.217089008390903 0.217060186862946 0.217071042358875 0.21708969771862 0.217129659950733 0.217172859609127 0.217239975333214 0.217312065064907 0.217401642799377 0.217512165606022 0.217661586403847 0.217812008559704 0.217963523864746 0.218173615932465 0.218421608805656 0.218699621856213
0.220879957675934 0.220892564058304 0.220908777713776 0.220926016867161 0.220910333693027 0.22088831782341 0.220786380767822 0.220670279860497 0.220482132136822 0.220283426940441 0.220059229135513 0.219851048588753 0.219664857387543 0.219487048685551 0.21931609839201 0.219140259325504 0.21896210372448 0.218762350082397 0.21855743676424 0.218338621258736 0.218118251264095 0.217889136970043 0.217663950026035 0.21745519220829 0.217248292565346 0.217045311033726 0.216840427815914 0.216633222699165 0.216477323174477 0.216358795166016 0.216309886574745 0.216289807856083 0.216297630667686 0.216310935914516 0.216361422836781 0.21641337454319 0.216466198861599 0.216526952981949 0.216615590751171 0.216722849905491 0.216864689290524 0.217021426260471 0.217194394171238 0.217412188947201 0.217658988833427 0.217967529296875
0.220635312497616 0.220649755299091 0.220663387477398 0.220676788985729 0.220638554394245 0.220591999590397 0.220463503599167 0.220320905745029 0.22010655850172 0.219883653521538 0.219640082120895 0.219414231777191 0.219212711751461 0.219022896587849 0.218842653632164 0.218646961152554 0.218443950414658 0.218225566446781 0.21800350934267 0.217767899036407 0.217530741691589 0.217284638881683 0.217041033506393 0.216807872056961 0.216577656567097 0.216353664696217 0.216133521199226 0.215918079316616 0.215764448046684 0.21565583974123 0.215603565275669 0.215574616193771 0.215566806793213 0.215563150644302 0.215611637830734 0.215662328600883 0.215715683102608 0.215776623189449 0.215864232182503 0.215966314971447 0.216095272600651 0.216246936321259 0.216423338651657 0.216645852029324 0.216898200213909 0.21723034799099
0.220420573651791 0.220438113808632 0.220451000332832 0.220462561547756 0.220401809513569 0.220330603420734 0.220176929235458 0.220009822249413 0.219774370789528 0.219535339474678 0.219287668466568 0.219053245186806 0.218837009072304 0.218632228076458 0.218436817526817 0.21821845382452 0.217989216446877 0.217744049429894 0.217495077550411 0.217234958708286 0.216973661184311 0.216706353127956 0.216440231204033 0.216179071366787 0.215924029648304 0.215681903660297 0.215451033711433 0.215233916938305 0.21508618324995 0.214988987147808 0.214928441643715 0.214883076250553 0.214854235053062 0.214828642904758 0.214869762063026 0.214914898872375 0.214975137114525 0.215041199922562 0.215127743184567 0.215223828554153 0.215337636172771 0.215479347407818 0.215651454925537 0.21587740778923 0.216138198971748 0.216490986347198
0.22023447394371 0.220243230760097 0.220245052576065 0.220244900286198 0.22016773223877 0.220079839527607 0.219915202856064 0.219739708304405 0.219508981406689 0.219275389015675 0.219034870564938 0.218794789016247 0.218555303514004 0.218323576450348 0.218098195195198 0.21785433113575 0.217601711153984 0.217327612936497 0.217048381865025 0.216761709451675 0.216474676132202 0.216189872026443 0.215906964242458 0.215631997287273 0.21536388784647 0.21511025339365 0.214876382648945 0.214666668474674 0.214518089294434 0.214414038956165 0.214342799782753 0.214285148084164 0.214237279891968 0.214191333055496 0.214212190210819 0.214238375723362 0.214292446672916 0.214353420734406 0.214438662528992 0.214532008469105 0.214640405774117 0.214776277542114 0.214942084252834 0.215168472230434 0.215434060096741 0.215802790224552
0.220054296851158 0.220051815509796 0.220040436983109 0.22002652913332 0.219934205114841 0.219831274747848 0.219658615291119 0.219478071928024 0.219257416725159 0.219033721089363 0.218802683949471 0.218557543754578 0.218293044567108 0.218031892478466 0.217773481607437 0.217503529787064 0.217228114902973 0.216924639940262 0.216614461541176 0.216300808191299 0.215987712144852 0.215686176419258 0.215387667417526 0.215101831555367 0.214823087155819 0.214559315741062 0.214324045479298 0.214123610556126 0.213972789049149 0.213858104050159 0.213775669634342 0.21370659083128 0.213640108406544 0.213574135899544 0.213572061061859 0.213576520979404 0.213621726632118 0.213675497174263 0.213759390711784 0.21385067075491 0.213955672979355 0.214086557626724 0.214245645105839 0.214471847116947 0.214741480946541 0.215125180482864
0.219859192669392 0.219850713312626 0.219832030832767 0.219810445308685 0.219710919559002 0.219601138234138 0.219429873526096 0.219250810444355 0.219032074809074 0.218815827667713 0.218605584800243 0.218367239832878 0.218090316653252 0.217819398641586 0.217553397417068 0.217272458672524 0.216984449028969 0.21666172593832 0.216330710947514 0.21599224448204 0.215653850734234 0.215323982834816 0.214997511506081 0.214685243368149 0.214387601315975 0.214120835959911 0.213882086575031 0.213677576780319 0.213517396450043 0.213389502763748 0.213292000889778 0.213207086026669 0.213134429752827 0.213064185082912 0.213055540621281 0.213053333163261 0.2130917096138 0.213138155043125 0.213212980926037 0.213294208645821 0.213387326002121 0.21351057112217 0.213666645586491 0.21388689994812 0.214148679375648 0.214513810276985
0.219661548137665 0.219647372961044 0.21962138235569 0.219592033326626 0.219486474394798 0.219371164441109 0.219203189909458 0.219027187228203 0.218810338079929 0.21860121846199 0.218410761654377 0.21818048208952 0.217895530462265 0.217617810666561 0.217346004247665 0.217053429186344 0.216751013994217 0.216408317089081 0.21605599462986 0.215694171190262 0.215332075357437 0.214975518286228 0.214622495472431 0.214284260571003 0.213967477679253 0.213695978224277 0.213452250361443 0.213242460489273 0.213072274327278 0.212930932939053 0.212818562984467 0.212718190848827 0.212641522884369 0.212569513320923 0.212555938363075 0.21254861831665 0.212581270039082 0.212621238827705 0.212686944007874 0.212757542133331 0.212837230563164 0.212951104342937 0.21310222774744 0.213314432501793 0.21356615960598 0.213910568058491
0.219443947672844 0.219424793124199 0.219388656020164 0.219347688555717 0.219244784712791 0.219134123325348 0.218985167741776 0.218825948536396 0.218614522814751 0.218410295546055 0.21822345405817 0.218009124696255 0.217757058739662 0.217494739592075 0.217224028110504 0.216905644536018 0.21656467884779 0.216189395785332 0.215805909633636 0.215435250103474 0.215066087245941 0.214705883860588 0.214347299039364 0.213995480537415 0.213660898506641 0.213362710773945 0.213099000453949 0.21287742972374 0.212693740427494 0.212537642121315 0.21241437792778 0.212304711341858 0.21224113047123 0.212186608612537 0.212177729606628 0.212174713015556 0.212212459445 0.212255063951015 0.212314750850201 0.21237239420414 0.212426247000694 0.21251353085041 0.212637240290642 0.212821768224239 0.213045650720596 0.213362339437008
0.219223061800003 0.219198423922062 0.219154877364635 0.21910595536232 0.219011144340038 0.218910376727581 0.218775616288185 0.218629043698311 0.21842238932848 0.218222786188126 0.218040213286877 0.217841981947422 0.217622258067131 0.217372956573963 0.21709945499897 0.216759285628796 0.216387534141541 0.215988066792488 0.215581974983215 0.215204493105412 0.214829412102699 0.214460660517216 0.214092518687248 0.213726935088634 0.213374727964401 0.213050762116909 0.212767367959023 0.212533554136753 0.212336433231831 0.212166036963463 0.212032392919064 0.21191397100687 0.211860430538654 0.211819644272327 0.211816958189011 0.211819849014282 0.211863433122635 0.211909863054752 0.211966294050217 0.212011845707893 0.212037192881107 0.212096361219883 0.212192385792732 0.212347661852837 0.212541277706623 0.212829943597317
0.21899012774229 0.218958158791065 0.218917248547077 0.21887379437685 0.218807016611099 0.218735382258892 0.218597121834755 0.218448017835617 0.218243752121925 0.218047789335251 0.217871885895729 0.217690300047398 0.217500919401646 0.217255904376507 0.216965369284153 0.21661815404892 0.21624409109354 0.215851247608662 0.215453917682171 0.215077001452446 0.21470021635294 0.214304931461811 0.213912592530251 0.21353258728981 0.213163385987282 0.212816990315914 0.212514987289906 0.21226724177599 0.212056950628757 0.211873940825462 0.211731805205345 0.211606599986553 0.21155193567276 0.211511138379574 0.211520128250122 0.211534799337387 0.211586953103542 0.211641575694084 0.211704877912998 0.211741493344307 0.211728547215462 0.211754021346569 0.211821357309818 0.211941602230072 0.212096081972122 0.21235560387373
