Ecospace-environmental-drivers/Outputs/ASCII-for-ecospace/Averages/MOM6-ISIMIP3a/Avg_so-bot_MOM6-ISIMIP3a_1980-2010.asc
NCOLS 131 
NROWS 53 
XLLCORNER -98 
YLLCORNER 23.9265270233154 
CELLSIZE 0.133587792515755 
NODATA_value -3.4e+38 
[rows 21 to 41 of 53, columns 0 to 46 of 131]
-3.4e+38 -3.4e+38 -3.4e+38 -3.4e+38 -3.4e+38 -3.4e+38 34.9828109741211 34.9641418457031 34.9170341491699 34.8365249633789 34.7587509155273 34.5840263366699 34.5932579040527 34.6207504272461 34.7198715209961 34.9016304016113 35.1031074523926 35.3181228637695 35.4641304016113 35.5834884643555 35.685188293457 35.7837715148926 35.9139289855957 36.0325813293457 36.049617767334 36.0673713684082 36.0874481201172 36.1093788146973 36.1345443725586 36.1601333618164 36.186149597168 36.2054061889648 36.2205467224121 36.2356338500977 36.2507019042969 36.2648048400879 36.2787284851074 36.2866706848145 36.2941131591797 36.2983627319336 36.3015785217285 36.3019065856934 36.3131065368652 36.3411102294922 36.3556327819824 36.3577842712402 36.3682060241699
-3.4e+38 -3.4e+38 -3.4e+38 -3.4e+38 -3.4e+38 -3.4e+38 34.9867553710938 34.9828109741211 34.9454727172852 34.9033203125 34.8365249633789 34.8556976318359 34.9247512817383 35.0925064086914 35.254077911377 35.4085159301758 35.5772933959961 35.7559204101562 35.8704948425293 35.960334777832 36.0318489074707 36.1001319885254 36.1945571899414 36.2803916931152 36.2898483276367 36.299633026123 36.3104972839355 36.3222999572754 36.335750579834 36.3491172790527 36.3624038696289 36.3729286193848 36.381778717041 36.391845703125 36.4023208618164 36.4222297668457 36.4433364868164 36.4502868652344 36.4567489624023 36.4600677490234 36.4624290466309 36.4621124267578 36.4668998718262 36.4795761108398 36.4855995178223 36.4855194091797 36.4916572570801
-3.4e+38 -3.4e+38 -3.4e+38 -3.4e+38 35.0211410522461 35.0025367736816 34.9886779785156 34.9887771606445 34.9828109741211 34.9081344604492 34.885814666748 35.0639038085938 35.2834701538086 35.5851058959961 35.8009643554688 35.9178504943848 36.044994354248 36.1791877746582 36.2585754394531 36.3167991638184 36.3613319396973 36.4034461975098 36.4525299072266 36.4967956542969 36.4996681213379 36.502513885498 36.5052871704102 36.5096740722656 36.5168647766113 36.5228576660156 36.5276107788086 36.5311470031738 36.533935546875 36.5389671325684 36.5447463989258 36.5698890686035 36.5975494384766 36.602954864502 36.6074981689453 36.6065406799316 36.6042022705078 36.5980186462402 36.5930099487305 36.5898056030273 36.5873832702637 36.5856781005859 36.5876884460449
-3.4e+38 -3.4e+38 -3.4e+38 -3.4e+38 35.0614624023438 35.0318794250488 35.0163993835449 34.9886779785156 34.9948387145996 35.0732612609863 35.1890029907227 35.4476089477539 35.7070350646973 35.9680862426758 36.1547203063965 36.2554969787598 36.3388748168945 36.4103050231934 36.4528999328613 36.4843597412109 36.5182952880859 36.5526695251465 36.4863891601562 36.4255294799805 36.4281959533691 36.4303550720215 36.4308700561523 36.4604339599609 36.5406875610352 36.5901947021484 36.6080627441406 36.6157264709473 36.6171760559082 36.6197776794434 36.6227607727051 36.6347808837891 36.6478881835938 36.638313293457 36.6203346252441 36.5488433837891 36.4667091369629 36.3549385070801 36.2874374389648 36.2883567810059 36.2893943786621 36.2905426025391 36.2941741943359
-3.4e+38 -3.4e+38 -3.4e+38 -3.4e+38 -3.4e+38 35.0614624023438 35.0609855651855 35.0441207885742 35.0447845458984 35.2673568725586 35.5084495544434 35.8204460144043 36.0993347167969 36.3127212524414 36.457691192627 36.5237236022949 36.5289192199707 36.4923324584961 36.4757232666016 36.4668235778809 36.4857025146484 36.5094871520996 36.3650856018066 36.2331123352051 36.2354049682617 36.2367897033691 36.2352447509766 36.2800254821777 36.4056396484375 36.4827194213867 36.5098533630371 36.5223541259766 36.5259437561035 36.5272331237793 36.527759552002 36.5288619995117 36.5298805236816 36.5081977844238 36.4734840393066 36.3557777404785 36.2218742370605 36.0428924560547 35.9357299804688 35.9395561218262 35.94287109375 35.9457092285156 35.9495964050293
-3.4e+38 -3.4e+38 -3.4e+38 -3.4e+38 -3.4e+38 35.0766410827637 35.0614624023438 35.1496849060059 35.2609825134277 35.5884780883789 35.8991813659668 36.1456184387207 36.3545417785645 36.4892349243164 36.5379791259766 36.4875564575195 36.2636566162109 35.9206161499023 35.7465286254883 35.6376800537109 35.621955871582 35.6226615905762 35.563419342041 35.5094757080078 35.5106430053711 35.5108909606934 35.5081596374512 35.5244636535645 35.5739898681641 35.6087341308594 35.6282730102539 35.6487121582031 35.6697006225586 35.6745948791504 35.6741256713867 35.6739692687988 35.6737060546875 35.6525230407715 35.6264381408691 35.5691413879395 35.5063896179199 35.428466796875 35.3817138671875 35.3831367492676 35.3835220336914 35.3829612731934 35.3811340332031
-3.4e+38 -3.4e+38 35.1110382080078 35.1067352294922 35.1018943786621 35.0918388366699 35.0766258239746 35.2643013000488 35.4770011901855 35.8579177856445 36.1998634338379 36.392635345459 36.5450859069824 36.6177520751953 36.5522994995117 36.3274841308594 35.948169708252 35.4627494812012 35.2142372131348 35.057201385498 35.0218734741211 35.0080223083496 35.0070114135742 35.0064239501953 35.0069732666016 35.0065841674805 35.0031509399414 35.0002937316895 34.9984397888184 35.0043258666992 35.0181770324707 35.0406723022461 35.068431854248 35.0745964050293 35.0735664367676 35.0724143981934 35.071117401123 35.0524635314941 35.0344161987305 35.0202369689941 35.0078125 35.0002746582031 34.9951820373535 34.9938735961914 34.9919395446777 34.9894332885742 34.9845085144043
-339999999999999996128486808808066248288.000000000000000 -3.4e+38 -3.4e+38 -3.4e+38 35.12646484375 35.1119537353516 35.1212196350098 35.3986701965332 35.6926231384277 36.0145950317383 36.3040657043457 36.4691200256348 36.5945434570312 36.641544342041 36.422679901123 35.8970603942871 35.5230941772461 35.2532768249512 35.1115455627441 35.0192718505859 34.9970703125 34.9872398376465 34.985725402832 34.9846496582031 34.9856910705566 34.9857597351074 34.9826889038086 34.9809837341309 34.9816665649414 34.9880905151367 35.0004272460938 35.0121383666992 35.0234680175781 35.025821685791 35.0251808166504 35.0236015319824 35.0218200683594 35.0101203918457 34.9988136291504 34.9900321960449 34.982494354248 34.9784164428711 34.9740753173828 34.9693298339844 34.9663963317871 34.9651222229004 34.9628067016602
-3.4e+38 -3.4e+38 -3.4e+38 -3.4e+38 35.1601600646973 35.1756057739258 35.165210723877 35.4985046386719 35.8444137573242 36.1261138916016 36.3796310424805 36.5252838134766 36.6036186218262 36.5487480163574 36.2191963195801 35.5727005004883 35.2355003356934 35.1107063293457 35.0413856506348 34.9934844970703 34.9786720275879 34.9696998596191 34.9681739807129 34.9670906066895 34.9683456420898 34.9689025878906 34.9672012329102 34.9667854309082 34.9686164855957 34.9743728637695 34.9841728210449 34.9888153076172 34.9903182983398 34.990047454834 34.989185333252 34.9874267578125 34.9855117797852 34.9792785644531 34.9732093811035 34.9681739807129 34.9639091491699 34.9617767333984 34.9584503173828 34.9532814025879 34.950569152832 34.9501152038574 34.9494285583496
-3.4e+38 -3.4e+38 -3.4e+38 -3.4e+38 35.1842651367188 35.192928314209 35.2036209106445 35.5548934936523 35.9158973693848 36.1808166503906 36.4191741943359 36.5558776855469 36.5618858337402 36.3092803955078 35.922779083252 35.381778717041 35.1208686828613 35.0523147583008 35.0121612548828 34.9829750061035 34.9683265686035 34.9562492370605 34.9553260803223 34.9548377990723 34.9559555053711 34.95703125 34.9579658508301 34.9590110778809 34.9602508544922 34.9638214111328 34.9697914123535 34.9720420837402 34.9720306396484 34.9706344604492 34.9687767028809 34.9671478271484 34.9655456542969 34.9629135131836 34.9601783752441 34.9568176269531 34.9537925720215 34.9517021179199 34.9497261047363 34.9479179382324 34.9469680786133 34.9468040466309 34.9465103149414
-3.4e+38 -3.4e+38 -3.4e+38 -3.4e+38 35.192928314209 35.2058715820312 35.2210693359375 35.5694236755371 35.9275360107422 36.1850738525391 36.4185523986816 36.5599212646484 36.5781059265137 36.3525543212891 35.950080871582 35.3434677124023 35.0659446716309 35.0144271850586 34.9875221252441 34.9701271057129 34.9590873718262 34.9491767883301 34.9487266540527 34.9486503601074 34.9499588012695 34.9514236450195 34.9534034729004 34.9548797607422 34.9554748535156 34.9569625854492 34.9593734741211 34.9599571228027 34.9594230651855 34.9580421447754 34.9563751220703 34.9550323486328 34.953742980957 34.9528732299805 34.9518737792969 34.9500312805176 34.9482612609863 34.9466934204102 34.9456443786621 34.945384979248 34.9452514648438 34.9452323913574 34.9451332092285
-3.4e+38 -3.4e+38 -3.4e+38 -3.4e+38 35.2066230773926 35.2210693359375 35.5399971008301 35.5525550842285 35.8942832946777 36.151496887207 36.3877983093262 36.5440444946289 36.6377944946289 36.6078872680664 36.2201728820801 35.4196128845215 35.0558013916016 34.9919204711914 34.9663314819336 34.9555244445801 34.9506797790527 34.9468879699707 34.9468154907227 34.9470100402832 34.9487533569336 34.9505157470703 34.9523429870605 34.9534759521484 34.9533920288086 34.952880859375 34.9519348144531 34.9513816833496 34.9510765075684 34.9505615234375 34.9499816894531 34.9490394592285 34.948055267334 34.947582244873 34.9471168518066 34.9466743469238 34.9461669921875 34.945484161377 34.9450416564941 34.9449806213379 34.944953918457 34.9449615478516 34.9449119567871
-3.4e+38 -3.4e+38 -3.4e+38 -3.4e+38 35.2210693359375 35.5704650878906 35.7190361022949 35.8169441223145 35.8456726074219 36.1259422302246 36.3801536560059 36.5346336364746 36.6506576538086 36.6905975341797 36.3057174682617 35.4306602478027 35.0410804748535 34.9848976135254 34.9615669250488 34.9509162902832 34.9478073120117 34.9460258483887 34.9459037780762 34.9459419250488 34.9470748901367 34.9482078552246 34.9493446350098 34.9500465393066 34.9500007629395 34.9493637084961 34.9481239318848 34.9475517272949 34.9473876953125 34.9472160339355 34.9470405578613 34.9464492797852 34.94580078125 34.9455642700195 34.9453544616699 34.9453277587891 34.9452323913574 34.9449501037598 34.9447822570801 34.9447784423828 34.9447822570801 34.9447860717773 34.9447555541992
-3.4e+38 -3.4e+38 -3.4e+38 -3.4e+38 -3.4e+38 35.7752380371094 35.8017501831055 35.7876091003418 35.7904815673828 36.1038246154785 36.3824119567871 36.5279922485352 36.6434555053711 36.6993255615234 36.3121604919434 35.4138031005859 35.0243988037109 34.9845123291016 34.9638404846191 34.9505882263184 34.9473037719727 34.9457740783691 34.9454154968262 34.945125579834 34.9451942443848 34.9453010559082 34.9455108642578 34.9457550048828 34.9460487365723 34.9460906982422 34.9458656311035 34.9457473754883 34.9456939697266 34.9456367492676 34.9455795288086 34.9453125 34.9450149536133 34.9449462890625 34.9448776245117 34.9448432922363 34.9447937011719 34.944709777832 34.9446601867676 34.9446640014648 34.9446601867676 34.944652557373 34.9446258544922
-3.4e+38 -3.4e+38 -3.4e+38 -3.4e+38 -3.4e+38 35.8197402954102 35.8049240112305 35.8006935119629 35.8221282958984 36.1289749145508 36.4008674621582 36.5389823913574 36.6494483947754 36.7052116394043 36.3152770996094 35.4110870361328 35.0210800170898 34.9841918945312 34.9647789001465 34.9521179199219 34.948112487793 34.9456367492676 34.945182800293 34.9448127746582 34.9447402954102 34.9447174072266 34.9448547363281 34.9449729919434 34.9450607299805 34.9450950622559 34.9450721740723 34.9450531005859 34.9450340270996 34.9450149536133 34.9449920654297 34.9448738098145 34.9447364807129 34.9447135925293 34.9446907043457 34.9446678161621 34.944637298584 34.9446067810059 34.9445877075195 34.9445877075195 34.9445877075195 34.944580078125 34.9445648193359
-3.4e+38 -3.4e+38 -3.4e+38 -3.4e+38 -3.4e+38 35.8655853271484 35.8525505065918 35.8264656066895 35.8717384338379 36.1639060974121 36.4226760864258 36.5536155700684 36.6581687927246 36.710506439209 36.3177070617676 35.4112930297852 35.0205307006836 34.9838829040527 34.9654426574707 34.954029083252 34.9491958618164 34.9455184936523 34.9450035095215 34.9446029663086 34.9445762634277 34.9446144104004 34.9448509216309 34.9449157714844 34.9446868896484 34.9445724487305 34.944580078125 34.9445838928223 34.9445877075195 34.9445877075195 34.9445915222168 34.944580078125 34.9445648193359 34.9445648193359 34.9445648193359 34.9445533752441 34.9445419311523 34.9445304870605 34.944522857666 34.9445266723633 34.944522857666 34.944522857666 34.9445114135742
-3.4e+38 -3.4e+38 -3.4e+38 -3.4e+38 -3.4e+38 -3.4e+38 35.939281463623 35.930492401123 35.9524993896484 36.2213478088379 36.4586868286133 36.5754165649414 36.6691093444824 36.717212677002 36.326774597168 35.4303321838379 35.0388069152832 34.9940299987793 34.9716033935547 34.9578056335449 34.9508628845215 34.9451332092285 34.9447479248047 34.9445304870605 34.9447021484375 34.944953918457 34.9454765319824 34.9457664489746 34.9456481933594 34.9455795288086 34.9455642700195 34.9455413818359 34.9455146789551 34.945484161377 34.9454574584961 34.9454154968262 34.945369720459 34.945068359375 34.9447822570801 34.9445991516113 34.9444618225098 34.9444541931152 34.944450378418 34.9444465637207 34.9444389343262 34.9444313049316 34.9445533752441
-3.4e+38 -3.4e+38 -3.4e+38 -3.4e+38 -3.4e+38 -3.4e+38 36.0351104736328 36.0608940124512 36.0363616943359 36.2808074951172 36.4957542419434 36.597785949707 36.680061340332 36.7232437133789 36.3348045349121 35.4483451843262 35.056266784668 35.0037040710449 34.9774398803711 34.9613304138184 34.9524116516113 34.9447631835938 34.9445266723633 34.944507598877 34.944896697998 34.9453773498535 34.9461402893066 34.9466247558594 34.9466285705566 34.9466133117676 34.9465751647949 34.9465293884277 34.946475982666 34.9464225769043 34.9463691711426 34.9462928771973 34.9462089538574 34.9456329345703 34.9450874328613 34.944751739502 34.9444999694824 34.9444961547852 34.9444885253906 34.9444808959961 34.9444694519043 34.9444580078125 34.9447021484375
-3.4e+38 -3.4e+38 -3.4e+38 -3.4e+38 -3.4e+38 -3.4e+38 36.1549911499023 36.1139450073242 36.1383743286133 36.3510208129883 36.5373191833496 36.6227722167969 36.6900634765625 36.7214088439941 36.3286170959473 35.4464378356934 35.0560264587402 35.0033416748047 34.9771766662598 34.9612503051758 34.9523658752441 34.9447250366211 34.9447135925293 34.944938659668 34.9457550048828 34.9464797973633 34.9468879699707 34.9471588134766 34.9471778869629 34.9471740722656 34.9471435546875 34.9471549987793 34.947193145752 34.9471664428711 34.9471168518066 34.9470405578613 34.9469566345215 34.9465599060059 34.9461860656738 34.9459609985352 34.9457931518555 34.9457702636719 34.945743560791 34.9457206726074 34.9457206726074 34.9457511901855 34.9459228515625
-3.4e+38 -3.4e+38 -3.4e+38 -3.4e+38 -3.4e+38 36.3464889526367 36.278938293457 36.2901306152344 36.2493896484375 36.4266014099121 36.5813255310059 36.6499786376953 36.6891708374023 36.6700630187988 36.2674980163574 35.422492980957 35.048942565918 34.9991645812988 34.9745101928711 34.9595603942871 34.9515342712402 34.9447326660156 34.9450836181641 34.9456481933594 34.9466857910156 34.947509765625 34.9476470947266 34.9477424621582 34.9477691650391 34.9477729797363 34.9477462768555 34.9477920532227 34.9478797912598 34.9478721618652 34.9478302001953 34.94775390625 34.9476737976074 34.947437286377 34.9472122192383 34.9470825195312 34.9469795227051 34.9469413757324 34.9469032287598 34.9468574523926 34.946849822998 34.9468803405762 34.9469718933105
-3.4e+38 -3.4e+38 -3.4e+38 -3.4e+38 36.445198059082 36.3893966674805 36.3464889526367 36.3651885986328 36.3934173583984 36.5218620300293 36.6342735290527 36.6853179931641 36.6483306884766 36.4371566772461 36.0049667358398 35.3177528381348 35.0167579650879 34.9809989929199 34.9630355834961 34.9519462585449 34.9478149414062 34.9449119567871 34.9461326599121 34.9473609924316 34.9478721618652 34.9482955932617 34.9484252929688 34.9485092163086 34.9485206604004 34.9485130310059 34.948486328125 34.9484748840332 34.9484748840332 34.9484481811523 34.9484062194824 34.9483375549316 34.9482688903809 34.9481239318848 34.9479827880859 34.9478721618652 34.9477844238281 34.9477500915527 34.9477005004883 34.9476280212402 34.9475288391113 34.9474067687988 34.9474029541016
