Ecospace-environmental-drivers/Outputs/ASCII-for-ecospace/MOM6-ISIMIP3a/ph-surf/1980-01_ph-surf_MOM6-ISIMIP3a.asc
NCOLS 131 
NROWS 53 
XLLCORNER -98 
YLLCORNER 23.9265270233154 
CELLSIZE 0.133587792515755 
NODATA_value -9999 
[rows 21 to 41 of 53, columns 0 to 46 of 131]
-9999 -9999 -9999 -9999 -9999 -9999 8.25144672393799 8.25143241882324 8.25125885009766 8.2512845993042 8.25145053863525 8.25544452667236 8.2534875869751 8.24765872955322 8.24328231811523 8.24058246612549 8.23808193206787 8.23571681976318 8.2319917678833 8.22774219512939 8.22572135925293 8.22409343719482 8.22328948974609 8.22262859344482 8.22301197052002 8.22250747680664 8.21912574768066 8.2155590057373 8.211669921875 8.20826435089111 8.20535659790039 8.20300388336182 8.20098876953125 8.19943141937256 8.19802570343018 8.19647312164307 8.19490909576416 8.19461536407471 8.19429016113281 8.19377517700195 8.19337368011475 8.19329071044922 8.19353008270264 8.19426822662354 8.19447422027588 8.19419193267822 8.1938591003418
-9999 -9999 -9999 -9999 -9999 -9999 8.25139236450195 8.25144672393799 8.25141906738281 8.25088596343994 8.2512845993042 8.24762153625488 8.2429370880127 8.23623561859131 8.23114967346191 8.22792911529541 8.22528076171875 8.22302436828613 8.21875953674316 8.21371841430664 8.21073627471924 8.20811748504639 8.20651817321777 8.20514678955078 8.20548439025879 8.20537376403809 8.20380783081055 8.20211791992188 8.20021343231201 8.19866752624512 8.19748973846436 8.19601631164551 8.19436264038086 8.19290828704834 8.19152069091797 8.18987846374512 8.18820762634277 8.18749904632568 8.18679904937744 8.18615436553955 8.1856803894043 8.18568325042725 8.18598556518555 8.1867504119873 8.18722152709961 8.18742370605469 8.1876163482666
-9999 -9999 -9999 -9999 8.25547695159912 8.25261974334717 8.25145149230957 8.25127792358398 8.25144672393799 8.25139141082764 8.24942016601562 8.24011898040771 8.23144340515137 8.22400665283203 8.21827602386475 8.21451568603516 8.21166133880615 8.20942974090576 8.20469379425049 8.19899082183838 8.19521999359131 8.1917896270752 8.18958282470703 8.18767070770264 8.18799495697021 8.18832492828369 8.18867301940918 8.18894577026367 8.18908882141113 8.18944549560547 8.19002342224121 8.18947315216064 8.18823623657227 8.18691062927246 8.18555641174316 8.18384075164795 8.18207931518555 8.18095016479492 8.1798677444458 8.1790828704834 8.17851829528809 8.17856788635254 8.17887592315674 8.17958450317383 8.18027400970459 8.18094539642334 8.18168544769287
-9999 -9999 -9999 -9999 8.26208400726318 8.25575351715088 8.25378799438477 8.25145149230957 8.25093555450439 8.24436664581299 8.23696804046631 8.22639274597168 8.21607685089111 8.20627403259277 8.19943904876709 8.1960277557373 8.1939001083374 8.19265365600586 8.19012260437012 8.18709564208984 8.18498516082764 8.1830358505249 8.18155193328857 8.18026542663574 8.18054962158203 8.180832862854 8.18111133575439 8.18143653869629 8.18184280395508 8.18253326416016 8.18351745605469 8.18375110626221 8.18352794647217 8.1828498840332 8.18202114105225 8.18085098266602 8.17963695526123 8.1789083480835 8.17820358276367 8.17765522003174 8.17724990844727 8.17724418640137 8.17739295959473 8.17778015136719 8.17825317382812 8.17880630493164 8.17951107025146
-9999 -9999 -9999 -9999 -9999 8.26208400726318 8.25569152832031 8.25612545013428 8.24938201904297 8.23710918426514 8.22489261627197 8.21288776397705 8.20114612579346 8.1899242401123 8.18258190155029 8.17971611022949 8.17834281921387 8.17799377441406 8.177414894104 8.17674732208252 8.17615413665771 8.17557525634766 8.17479228973389 8.17412090301514 8.1744213104248 8.17470836639404 8.17495346069336 8.17534160614014 8.17597961425781 8.17691516876221 8.17815685272217 8.17895221710205 8.17947673797607 8.17930603027344 8.1789026260376 8.17821884155273 8.17749786376953 8.17710876464844 8.17672443389893 8.17636966705322 8.17609310150146 8.17603397369385 8.17605686187744 8.17620468139648 8.17650699615479 8.17695331573486 8.17760276794434
-9999 -9999 -9999 -9999 -9999 8.25899696350098 8.26208400726318 8.2531042098999 8.24326133728027 8.22883129119873 8.21446704864502 8.20035171508789 8.18812561035156 8.17963790893555 8.17441272735596 8.17295265197754 8.17245388031006 8.17261695861816 8.17287826538086 8.17317867279053 8.1734790802002 8.17377853393555 8.17360782623291 8.17350578308105 8.17407035827637 8.17458820343018 8.17495059967041 8.17544841766357 8.17618083953857 8.17697143554688 8.17782020568848 8.1782054901123 8.17830944061279 8.17802429199219 8.17760944366455 8.17715167999268 8.1766881942749 8.1763744354248 8.17605686187744 8.17571067810059 8.17542743682861 8.17532062530518 8.17536067962646 8.17563056945801 8.17596340179443 8.17635440826416 8.17686080932617
-9999 -9999 8.25253772735596 8.2532262802124 8.25386238098145 8.25590705871582 8.25900077819824 8.24910259246826 8.23801803588867 8.22104835510254 8.20450305938721 8.1895809173584 8.17777347564697 8.17212867736816 8.16890716552734 8.16848278045654 8.16864109039307 8.16919898986816 8.1700382232666 8.17098522186279 8.17205142974854 8.17313861846924 8.17339611053467 8.17369079589844 8.17443370819092 8.17512702941895 8.17565631866455 8.17624568939209 8.1769380569458 8.17740917205811 8.17765235900879 8.17757606506348 8.1773042678833 8.17691421508789 8.17648506164551 8.17617607116699 8.17588329315186 8.17560768127441 8.17531871795654 8.17495059967041 8.17465400695801 8.17455863952637 8.17464828491211 8.17502403259277 8.17539024353027 8.17574691772461 8.17614555358887
-9999.000000000000000 -9999 -9999 -9999 8.24990844726562 8.25181770324707 8.24993228912354 8.24295806884766 8.23468685150146 8.21434307098389 8.19554424285889 8.18265819549561 8.17323875427246 8.17067909240723 8.16921615600586 8.16901969909668 8.16935634613037 8.17005920410156 8.17089939117432 8.17179298400879 8.17334842681885 8.17502117156982 8.17530918121338 8.17561912536621 8.17635536193848 8.17710590362549 8.17790794372559 8.17854881286621 8.17890739440918 8.17868041992188 8.17785167694092 8.1771993637085 8.17665481567383 8.17617893218994 8.17572593688965 8.17539882659912 8.17508888244629 8.17476844787598 8.17442893981934 8.17396926879883 8.17364406585693 8.17369270324707 8.17389965057373 8.17434787750244 8.17475414276123 8.17512035369873 8.17548847198486
-9999 -9999 -9999 -9999 8.24473571777344 8.2420015335083 8.24297046661377 8.23799610137939 8.23140621185303 8.20953559875488 8.18986511230469 8.17861652374268 8.17085361480713 8.16999053955078 8.16950416564941 8.16945266723633 8.16998672485352 8.17092323303223 8.17173099517822 8.17248821258545 8.17403888702393 8.17572975158691 8.17613124847412 8.17653942108154 8.17724704742432 8.17796516418457 8.17871856689453 8.17919445037842 8.17918586730957 8.17857265472412 8.17733669281006 8.17650413513184 8.17591762542725 8.1754322052002 8.17498016357422 8.17465019226074 8.17433738708496 8.1740779876709 8.17378616333008 8.1732816696167 8.17294406890869 8.17307090759277 8.17330646514893 8.17371082305908 8.17408466339111 8.17442989349365 8.17476844787598
-9999 -9999 -9999 -9999 8.24119472503662 8.24038791656494 8.2393913269043 8.23452091217041 8.22818946838379 8.20711517333984 8.18831157684326 8.17819690704346 8.17117214202881 8.17026042938232 8.16976642608643 8.169753074646 8.17050933837891 8.17179298400879 8.17252445220947 8.17304229736328 8.17396640777588 8.17496204376221 8.17557907104492 8.17619132995605 8.17684459686279 8.177414894104 8.17771625518799 8.17775630950928 8.17733860015869 8.17672920227051 8.17592144012451 8.17540740966797 8.17507076263428 8.1746711730957 8.17425060272217 8.17393684387207 8.17363834381104 8.17357444763184 8.17345237731934 8.17296314239502 8.17263507843018 8.17275428771973 8.1729097366333 8.17312240600586 8.17337322235107 8.173659324646 8.17397022247314
-9999 -9999 -9999 -9999 8.24038791656494 8.23918151855469 8.23776531219482 8.23323535919189 8.22731876373291 8.2079496383667 8.1903600692749 8.17958641052246 8.17197322845459 8.17061424255371 8.16992664337158 8.17001438140869 8.17092990875244 8.17241477966309 8.17301559448242 8.17327499389648 8.17378902435303 8.17434787750244 8.17502307891846 8.17567920684814 8.17615795135498 8.17653179168701 8.1765661239624 8.17642116546631 8.17596435546875 8.17543125152588 8.17481803894043 8.17446231842041 8.1742639541626 8.17396450042725 8.17363166809082 8.1733512878418 8.17308044433594 8.173171043396 8.17318534851074 8.17270183563232 8.17235088348389 8.17236804962158 8.17239475250244 8.172438621521 8.17258548736572 8.17282676696777 8.17309093475342
-9999 -9999 -9999 -9999 8.23911190032959 8.23776531219482 8.23419189453125 8.23359203338623 8.22820949554443 8.21122455596924 8.19511032104492 8.18233299255371 8.17313671112061 8.17103004455566 8.17001152038574 8.17024612426758 8.17127513885498 8.17284965515137 8.17327976226807 8.17326831817627 8.17353439331055 8.17384910583496 8.17446517944336 8.17504501342773 8.17525768280029 8.1753978729248 8.17530345916748 8.17516422271729 8.17494678497314 8.17454242706299 8.17394733428955 8.17363166809082 8.17348670959473 8.17329788208008 8.173095703125 8.17286205291748 8.17262649536133 8.17284488677979 8.17296695709229 8.17248249053955 8.17208480834961 8.1719274520874 8.17179012298584 8.1716833114624 8.17173957824707 8.17194747924805 8.17215156555176
-9999 -9999 -9999 -9999 8.23776531219482 8.2347583770752 8.23314762115479 8.23217296600342 8.2306604385376 8.21578693389893 8.20076274871826 8.18515968322754 8.17392253875732 8.17132663726807 8.17008876800537 8.17041873931885 8.17145538330078 8.17297744750977 8.1733226776123 8.17321300506592 8.17340564727783 8.17365074157715 8.17409706115723 8.17449378967285 8.1744499206543 8.17435073852539 8.17407131195068 8.17386054992676 8.1737699508667 8.17347145080566 8.17295742034912 8.1726598739624 8.17249393463135 8.17236423492432 8.1722469329834 8.17210865020752 8.17196941375732 8.1721248626709 8.1721830368042 8.17162609100342 8.17113780975342 8.17084121704102 8.17058849334717 8.17040729522705 8.17043209075928 8.1706485748291 8.17079257965088
-9999 -9999 -9999 -9999 -9999 8.2341251373291 8.23392772674561 8.23367786407471 8.23378086090088 8.22090244293213 8.20680141448975 8.18802070617676 8.17454719543457 8.17157173156738 8.17016410827637 8.17056655883789 8.17156505584717 8.17297458648682 8.17327117919922 8.17313766479492 8.17333126068115 8.17358207702637 8.17380905151367 8.17397975921631 8.17368221282959 8.17333984375 8.1728515625 8.17253684997559 8.17252635955811 8.17232131958008 8.17191600799561 8.17162704467773 8.17140960693359 8.1713171005249 8.17126560211182 8.17124271392822 8.17122459411621 8.17123699188232 8.17115783691406 8.17049789428711 8.16989994049072 8.16947650909424 8.1691312789917 8.16890716552734 8.16892623901367 8.16917037963867 8.16925430297852
-9999 -9999 -9999 -9999 -9999 8.23486614227295 8.23530101776123 8.23593139648438 8.23482799530029 8.22126960754395 8.20669937133789 8.18826007843018 8.1749849319458 8.17193031311035 8.17039680480957 8.17061805725098 8.17149066925049 8.17281055450439 8.17315292358398 8.17311668395996 8.17327785491943 8.17347240447998 8.17341423034668 8.17330837249756 8.17284297943115 8.17234039306641 8.17171764373779 8.171311378479 8.17128086090088 8.1711254119873 8.17084121704102 8.17060852050781 8.17040634155273 8.17033767700195 8.17031288146973 8.17020893096924 8.17009353637695 8.1698637008667 8.16957569122314 8.16891384124756 8.16830062866211 8.16782474517822 8.1674280166626 8.16715431213379 8.16716575622559 8.16743946075439 8.16746807098389
-9999 -9999 -9999 -9999 -9999 8.23434734344482 8.23537063598633 8.23629379272461 8.23544597625732 8.22065353393555 8.20532703399658 8.18795585632324 8.17538547515869 8.17231273651123 8.17066097259521 8.17065048217773 8.17137908935547 8.17261409759521 8.173020362854 8.1731071472168 8.17322826385498 8.17335510253906 8.17299842834473 8.17260360717773 8.17198848724365 8.17134284973145 8.1706018447876 8.17010593414307 8.17003440856934 8.16991996765137 8.16975975036621 8.16959285736084 8.16942119598389 8.16937255859375 8.16936492919922 8.16913986206055 8.16888332366943 8.16839122772217 8.16787910461426 8.167236328125 8.16662693023682 8.16611385345459 8.16567420959473 8.16534900665283 8.16535186767578 8.16565799713135 8.16562938690186
-9999 -9999 -9999 -9999 -9999 -9999 8.23237133026123 8.23388671875 8.2324914932251 8.21512317657471 8.19852924346924 8.18490028381348 8.17503547668457 8.17262077331543 8.17114448547363 8.17075061798096 8.17118167877197 8.17217922210693 8.17274284362793 8.17313861846924 8.17317199707031 8.17314147949219 8.1725378036499 8.17191886901855 8.1712818145752 8.17064476013184 8.17000484466553 8.16958141326904 8.16953754425049 8.16944694519043 8.16930866241455 8.16919040679932 8.16908359527588 8.16894817352295 8.16880226135254 8.1684045791626 8.16797256469727 8.16739845275879 8.16681671142578 8.16618061065674 8.16555118560791 8.16493892669678 8.16439628601074 8.16396045684814 8.16373920440674 8.16371536254883 8.16359519958496
-9999 -9999 -9999 -9999 -9999 -9999 8.22781944274902 8.22693252563477 8.22892665863037 8.20924282073975 8.19159984588623 8.18176555633545 8.17465114593506 8.17291736602783 8.1716365814209 8.17087936401367 8.17100715637207 8.17174243927002 8.17246341705322 8.17317962646484 8.17314720153809 8.17298221588135 8.17215919494629 8.17134094238281 8.17069053649902 8.17006683349609 8.16953182220459 8.16917896270752 8.16914463043213 8.16906642913818 8.16894245147705 8.16886329650879 8.16880989074707 8.1685848236084 8.16830253601074 8.16774368286133 8.16714572906494 8.16650104522705 8.16585731506348 8.16521453857422 8.16455078125 8.1638298034668 8.16317367553711 8.16261959075928 8.16216945648193 8.16181468963623 8.16160202026367
-9999 -9999 -9999 -9999 -9999 -9999 8.22193241119385 8.22263813018799 8.22055339813232 8.20198345184326 8.18586254119873 8.17911529541016 8.17424964904785 8.17311000823975 8.17211627960205 8.17128944396973 8.17111492156982 8.17138862609863 8.17223739624023 8.17330932617188 8.17346382141113 8.1734561920166 8.17267417907715 8.1718921661377 8.17124462127686 8.17063236236572 8.17013740539551 8.16974258422852 8.16952323913574 8.16933345794678 8.16917514801025 8.16903400421143 8.16890335083008 8.168625831604 8.16829967498779 8.1677074432373 8.16707801818848 8.16638851165771 8.16568660736084 8.16489887237549 8.16407775878906 8.16316509246826 8.16232204437256 8.16158580780029 8.16095733642578 8.16042518615723 8.16014957427979
-9999 -9999 -9999 -9999 -9999 8.21973896026611 8.21720123291016 8.21622753143311 8.21150875091553 8.19481372833252 8.18075561523438 8.17679786682129 8.1739616394043 8.17334270477295 8.17260646820068 8.17173385620117 8.17127513885498 8.17110061645508 8.1720142364502 8.17334747314453 8.17369270324707 8.17386531829834 8.17317676544189 8.17248058319092 8.17186737060547 8.17129325866699 8.1708459854126 8.17042541503906 8.17005157470703 8.16974830627441 8.16951656341553 8.16927433013916 8.16902637481689 8.1686840057373 8.16830921173096 8.16769599914551 8.16704940795898 8.16630458831787 8.16553115844727 8.16457653045654 8.16357803344727 8.16245651245117 8.16141700744629 8.1605052947998 8.15971279144287 8.15903091430664 8.15868091583252
-9999 -9999 -9999 -9999 8.22590160369873 8.22083282470703 8.21973896026611 8.2101993560791 8.20000171661377 8.18797016143799 8.17796230316162 8.17570495605469 8.1740837097168 8.17372226715088 8.1731424331665 8.17230987548828 8.171630859375 8.17105674743652 8.17179679870605 8.17304515838623 8.1736011505127 8.17403602600098 8.17363262176514 8.1732063293457 8.17274284362793 8.17230033874512 8.1719274520874 8.17154121398926 8.17113494873047 8.17070484161377 8.17025184631348 8.16976642608643 8.16926097869873 8.16880702972412 8.16836929321289 8.16777896881104 8.16716480255127 8.16632175445557 8.16543102264404 8.16423034667969 8.16298007965088 8.16158771514893 8.16032028198242 8.15924644470215 8.15834999084473 8.15761852264404 8.15715312957764
