Ecospace-environmental-drivers/Outputs/ASCII-for-ecospace/MOM6-ISIMIP3a/ph-surf/1980-08_ph-surf_MOM6-ISIMIP3a.asc
NCOLS 131 
NROWS 53 
XLLCORNER -98 
YLLCORNER 23.9265270233154 
CELLSIZE 0.133587792515755 
NODATA_value -9999 
[rows 0 to 20 of 53, columns 47 to 93 of 131]
-9999 -9999 -9999 -9999 -9999 -9999 -9999 -9999 -9999 -9999 -9999 -9999 -9999 -9999 -9999 -9999 -9999 -9999 -9999 -9999 -9999 -9999 -9999 -9999 -9999 -9999 -9999 -9999 -9999 -9999 -9999 -9999 -9999 -9999 -9999 -9999 -9999 -9999 -9999 -9999 -9999 -9999 -9999 -9999 -9999 -9999 -9999
-9999 -9999 -9999 -9999 -9999 -9999 -9999 -9999 -9999 -9999 -9999 -9999 -9999 -9999 -9999 -9999 -9999 -9999 -9999 -9999 -9999 -9999 -9999 -9999 -9999 -9999 -9999 -9999 -9999 -9999 -9999 -9999 -9999 -9999 -9999 -9999 -9999 -9999 -9999 -9999 -9999 -9999 -9999 -9999 -9999 -9999 -9999
-9999 -9999 -9999 -9999 -9999 -9999 -9999 -9999 -9999 -9999 -9999 -9999 -9999 -9999 -9999 -9999 -9999 -9999 -9999 -9999 -9999 -9999 -9999 -9999 -9999 -9999 -9999 8.12390995025635 8.12798500061035 -9999 -9999 -9999 -9999 -9999 -9999 -9999 -9999 -9999 -9999 -9999 -9999 -9999 -9999 -9999 -9999 -9999 -9999
-9999 -9999 -9999 -9999 -9999 -9999 -9999 -9999 -9999 -9999 -9999 -9999 -9999 -9999 -9999 -9999 -9999 -9999 -9999 -9999 -9999 -9999 -9999 -9999 -9999 -9999 -9999 8.12401485443115 8.12792110443115 -9999 -9999 -9999 -9999 -9999 -9999 -9999 -9999 -9999 -9999 -9999 -9999 -9999 -9999 -9999 -9999 -9999 -9999
-9999 -9999 -9999 -9999 -9999 -9999 -9999 -9999 -9999 -9999 -9999 -9999 -9999 -9999 -9999 -9999 -9999 -9999 8.035719871521 8.03916072845459 8.04191303253174 8.05797004699707 8.07168388366699 8.09416770935059 8.10833930969238 8.11528968811035 8.12012100219727 8.12397289276123 8.12795162200928 8.13183975219727 -9999 -9999 8.14611053466797 8.14913749694824 8.14978885650635 8.14965152740479 8.14889144897461 8.14819240570068 8.14756393432617 8.14689159393311 8.14608287811279 8.14503860473633 -9999 -9999 -9999 -9999 -9999
-9999 -9999 -9999 -9999 -9999 -9999 -9999 -9999 -9999 -9999 -9999 -9999 -9999 -9999 8.00850582122803 -9999 7.99705266952515 7.98758602142334 8.01363086700439 8.035719871521 8.03984832763672 8.04191303253174 8.07402610778809 8.09911251068115 8.10936450958252 8.11654186248779 8.11996269226074 8.12385749816895 8.12809753417969 8.1318998336792 8.13552093505859 8.14138317108154 8.14768505096436 8.14926433563232 8.15046215057373 8.14964008331299 8.14885139465332 8.1481819152832 8.14754390716553 8.1469669342041 8.14616394042969 8.14511680603027 8.14383506774902 8.14240074157715 -9999 -9999 -9999
-9999 -9999 -9999 -9999 -9999 -9999 -9999 -9999 -9999 -9999 8.10373783111572 8.10378456115723 8.1039342880249 8.10462665557861 8.05732822418213 8.00994300842285 8.0070686340332 7.99650287628174 7.98758602142334 8.01758670806885 8.035719871521 8.04191303253174 8.07402610778809 8.09911251068115 8.10936450958252 8.11654186248779 8.11996269226074 8.12385749816895 8.12809753417969 8.1318998336792 8.13552093505859 8.14138317108154 8.14768505096436 8.14926433563232 8.15046215057373 8.14964008331299 8.14885139465332 8.1481819152832 8.14754390716553 8.1469669342041 8.14616394042969 8.14511680603027 8.14383506774902 8.14240074157715 8.14202213287354 8.13884258270264 -9999
-9999 -9999 -9999 -9999 -9999 -9999 -9999 -9999 -9999 -9999 8.10348415374756 8.10373783111572 8.10383224487305 -9999 8.1058177947998 8.05957889556885 8.0128173828125 8.0070686340332 7.99485349655151 7.98758602142334 8.02945423126221 8.06961631774902 8.10263919830322 8.12772846221924 8.13606929779053 8.14158153533936 8.14363765716553 8.14608573913574 8.14881801605225 8.15090274810791 8.15272045135498 8.15447998046875 8.15622901916504 8.15543937683105 8.15448379516602 8.15281963348389 8.151198387146 8.1497278213501 8.14827060699463 8.1468391418457 8.1453914642334 8.14392375946045 8.14276695251465 8.14181041717529 8.13899517059326 8.13551139831543 8.13009643554688
-9999 -9999 -9999 -9999 -9999 -9999 -9999 -9999 -9999 -9999 -9999 -9999 -9999 -9999 8.10503005981445 8.10849571228027 8.06448173522949 8.0185661315918 8.0070686340332 7.98990631103516 8.04742908477783 8.10037803649902 8.13418388366699 8.15911197662354 8.16529941558838 8.16893768310547 8.16946125030518 8.17026996612549 8.17128849029541 8.1714506149292 8.1712589263916 8.16858863830566 8.16543102264404 8.16210556030273 8.15884590148926 8.15628051757812 8.15376377105713 8.15141773223877 8.14906024932861 8.14668083190918 8.14450359344482 8.14254760742188 8.14149570465088 8.14102935791016 8.13857173919678 8.13539791107178 8.1284875869751
8.13135242462158 -9999 -9999 -9999 -9999 -9999 -9999 -9999 -9999 -9999 8.13746356964111 8.1032247543335 -9999 -9999 -9999 8.10723686218262 8.1141357421875 8.07540035247803 8.03006458282471 8.03539657592773 8.08513069152832 8.13045024871826 8.15729331970215 8.17647171020508 8.17947006225586 8.18042182922363 8.17887306213379 8.17703056335449 8.174973487854 8.1727180480957 8.17038059234619 8.16759872436523 8.16472816467285 8.16212368011475 8.15955924987793 8.15729713439941 8.15492343902588 8.15215396881104 8.14920520782471 8.14592266082764 8.14267921447754 8.13947772979736 8.13738346099854 8.13600444793701 8.13439559936523 8.13270473480225 8.12714672088623
8.13035297393799 8.13020515441895 -9999 -9999 -9999 -9999 -9999 -9999 -9999 -9999 8.15566730499268 8.1384859085083 8.1032247543335 -9999 -9999 8.10449314117432 8.11347961425781 8.12443351745605 8.10195636749268 8.08141708374023 8.12251091003418 8.1593770980835 8.17855548858643 8.19154357910156 8.1914644241333 8.18986225128174 8.18639755249023 8.18218517303467 8.1774263381958 8.17312240600586 8.16900730133057 8.16618537902832 8.16361904144287 8.1617374420166 8.15988159179688 8.15803146362305 8.15592670440674 8.15293025970459 8.14957427978516 8.14555168151855 8.1413688659668 8.13701057434082 8.13381099700928 8.13136196136475 8.13025951385498 8.12963962554932 8.12538814544678
8.13035297393799 8.12991046905518 8.1370849609375 8.14147567749023 -9999 -9999 -9999 -9999 -9999 -9999 -9999 8.15753173828125 8.13570308685303 8.1032247543335 8.10373783111572 8.10449314117432 8.11347961425781 8.12443351745605 8.12681293487549 8.13028144836426 8.15816402435303 8.18216228485107 8.18990421295166 8.19433784484863 8.19178485870361 8.18833923339844 8.18380069732666 8.1787281036377 8.17326545715332 8.16889476776123 8.1649751663208 8.16250705718994 8.16032409667969 8.1591854095459 8.15810775756836 8.15724277496338 8.15608978271484 8.15391826629639 8.15114688873291 8.14725971221924 8.14281845092773 8.13777446746826 8.13314151763916 8.12877464294434 8.12633514404297 8.12458801269531 8.1213903427124
8.13166427612305 8.1356315612793 8.14115715026855 8.14164066314697 -9999 -9999 -9999 -9999 8.14741706848145 8.15159702301025 8.15694713592529 8.16390419006348 8.15174293518066 8.12394046783447 8.114990234375 8.11497020721436 8.12285423278809 8.13262748718262 8.15015411376953 8.16811561584473 8.18463802337646 8.19773006439209 8.19646644592285 8.19419765472412 8.18980693817139 8.18506622314453 8.17989635467529 8.17444515228271 8.16878795623779 8.16452312469482 8.16083526611328 8.15856266021729 8.156569480896 8.15588092803955 8.15529632568359 8.15525150299072 8.15494537353516 8.15372276306152 8.15176486968994 8.14844226837158 8.14417934417725 8.13889026641846 8.13327312469482 8.12744331359863 8.12368679046631 8.12067413330078 8.11792182922363
8.13625335693359 8.13853168487549 8.14140319824219 8.14164066314697 8.14162921905518 8.14219188690186 8.14297199249268 8.14485836029053 8.14741706848145 8.15159702301025 8.15694713592529 8.16390419006348 8.16385936737061 8.15808486938477 8.15437412261963 8.15163898468018 8.15566635131836 8.16130924224854 8.16970825195312 8.17837238311768 8.18816375732422 8.19525718688965 8.19106006622314 8.1867208480835 8.1820821762085 8.17741775512695 8.17272281646729 8.16809463500977 8.1635160446167 8.15979290008545 8.15642356872559 8.15395545959473 8.15166473388672 8.15069580078125 8.14989471435547 8.15024852752686 8.15053176879883 8.15056705474854 8.14999866485596 8.14831161499023 8.14531421661377 8.14088821411133 8.13541126251221 8.12925434112549 8.12422847747803 8.11960887908936 8.1157751083374
8.14066791534424 8.14229297637939 8.14392375946045 8.14454746246338 8.14507675170898 8.14583683013916 8.14676475524902 8.14855098724365 8.15102577209473 8.15516185760498 8.16030025482178 8.16681385040283 8.17275428771973 8.17822456359863 8.17757225036621 8.1740198135376 8.17551898956299 8.17822551727295 8.18044376373291 8.18274116516113 8.18668746948242 8.1887788772583 8.18310546875 8.17776870727539 8.17314147949219 8.16873645782471 8.1646032333374 8.160813331604 8.1572732925415 8.15414333343506 8.15118312835693 8.14874362945557 8.14640617370605 8.14528560638428 8.14436626434326 8.1449670791626 8.14564323425293 8.14658641815186 8.14713859558105 8.14696311950684 8.14522361755371 8.14177894592285 8.13680934906006 8.13085269927979 8.12530612945557 8.11990642547607 8.11546516418457
8.14483451843262 8.14727210998535 8.14966011047363 8.1515645980835 8.15339851379395 8.15463447570801 8.15592098236084 8.1574649810791 8.1597375869751 8.1637659072876 8.16839218139648 8.17383670806885 8.17709445953369 8.17856216430664 8.17788791656494 8.1761999130249 8.17704963684082 8.17850589752197 8.17871189117432 8.17878341674805 8.17813968658447 8.17663860321045 8.17154884338379 8.16672992706299 8.16248321533203 8.15859508514404 8.15514659881592 8.15221405029297 8.14965629577637 8.14719295501709 8.14476776123047 8.14267539978027 8.14064788818359 8.13955783843994 8.13865947723389 8.13928985595703 8.14008235931396 8.14144134521484 8.14273166656494 8.14389228820801 8.14340019226074 8.14110660552979 8.13716316223145 8.13215065002441 8.12714004516602 8.12213039398193 8.11775207519531
8.14377307891846 8.14630508422852 8.14877891540527 8.15116310119629 8.1535177230835 8.15532302856445 8.15713882446289 8.1590051651001 8.16138648986816 8.16500663757324 8.16896724700928 8.17339515686035 8.17506408691406 8.17447662353516 8.17341423034668 8.17212772369385 8.17215156555176 8.17248916625977 8.17172145843506 8.17077350616455 8.16830348968506 8.1654634475708 8.16106986999512 8.15690994262695 8.15323925018311 8.14989852905273 8.1469612121582 8.14455127716064 8.14252662658691 8.14049243927002 8.13845634460449 8.13676929473877 8.13515186309814 8.1343412399292 8.13370323181152 8.13446044921875 8.13540840148926 8.13702487945557 8.13878154754639 8.1407995223999 8.14127349853516 8.14006423950195 8.13729667663574 8.13351917266846 8.12939262390137 8.12514114379883 8.12094593048096
8.13831043243408 8.14032936096191 8.14232635498047 8.1445140838623 8.14672946929932 8.14918327331543 8.15167140960693 8.15433692932129 8.1570873260498 8.1600456237793 8.16321277618408 8.16666698455811 8.16766929626465 8.16666603088379 8.16490745544434 8.16279220581055 8.16184139251709 8.16117000579834 8.16030216217041 8.15935039520264 8.15738296508789 8.15509986877441 8.15149879455566 8.14811420440674 8.14518642425537 8.14241790771484 8.13984489440918 8.13767719268799 8.13580513000488 8.13400363922119 8.13222980499268 8.13100051879883 8.1298770904541 8.12955474853516 8.12937927246094 8.13034343719482 8.13148021697998 8.13321971893311 8.13521671295166 8.1376895904541 8.13889312744141 8.13871097564697 8.13724517822266 8.13494777679443 8.13199710845947 8.12881278991699 8.12490558624268
8.13207149505615 8.13346195220947 8.13485431671143 8.13652229309082 8.13824367523193 8.1406135559082 8.14306735992432 8.14594268798828 8.14858341217041 8.15065574645996 8.15302085876465 8.15578937530518 8.15703773498535 8.15704536437988 8.1559476852417 8.15432739257812 8.15315723419189 8.1520938873291 8.15127658843994 8.15042686462402 8.14886951446533 8.14705944061279 8.14419841766357 8.14142894744873 8.13885116577148 8.13637638092041 8.1340274810791 8.13199996948242 8.13020610809326 8.1286153793335 8.12710857391357 8.12638473510742 8.12581443786621 8.12617778778076 8.12666130065918 8.1279764175415 8.12941074371338 8.13126277923584 8.13337993621826 8.13598728179932 8.13759899139404 8.1381254196167 8.1375093460083 8.13615226745605 8.13388061523438 8.13127899169922 8.12753868103027
8.12545299530029 8.12615871429443 8.1268835067749 8.12787532806396 8.12892723083496 8.13085556030273 8.13292789459229 8.13572597503662 8.13801956176758 8.13909816741943 8.14065837860107 8.1428804397583 8.14482307434082 8.14653778076172 8.14676570892334 8.14628982543945 8.14526748657227 8.14411449432373 8.14342212677002 8.14272689819336 8.14153385162354 8.14015579223633 8.1380090713501 8.13577461242676 8.13335704803467 8.1310396194458 8.12884521484375 8.12690734863281 8.12515544891357 8.12376689910889 8.12252712249756 8.12233257293701 8.12234401702881 8.12349033355713 8.12472915649414 8.12646579742432 8.12825107574463 8.13020992279053 8.1323881149292 8.13497352600098 8.13683795928955 8.13791656494141 8.1379280090332 8.13724803924561 8.13540935516357 8.13315486907959 8.12952423095703
8.11979389190674 8.12024593353271 8.1207218170166 8.12117862701416 8.12166213989258 8.12292671203613 8.12435054779053 8.12658405303955 8.12838077545166 8.12912082672119 8.13020706176758 8.13176822662354 8.1337194442749 8.13598918914795 8.13717937469482 8.13785648345947 8.13755512237549 8.13701915740967 8.13658714294434 8.13613700866699 8.13530158996582 8.13429260253906 8.13255405426025 8.130690574646 8.12856483459473 8.12655639648438 8.1246919631958 8.122971534729 8.12135601043701 8.12021255493164 8.11926460266113 8.11941051483154 8.11977195739746 8.12147617340088 8.12327098846436 8.12545108795166 8.12761974334717 8.12974834442139 8.13200759887695 8.13450717926025 8.13641548156738 8.1376781463623 8.13791656494141 8.13749408721924 8.13589000701904 8.13386058807373 8.13036441802979
