Ecospace-environmental-drivers/Outputs/ASCII-for-ecospace/MOM6-ISIMIP3a/ph-surf/1980-06_ph-surf_MOM6-ISIMIP3a.asc
NCOLS 131 
NROWS 53 
XLLCORNER -98 
YLLCORNER 23.9265270233154 
CELLSIZE 0.133587792515755 
NODATA_value -9999 
[rows 0 to 20 of 53, columns 47 to 93 of 131]
-9999 -9999 -9999 -9999 -9999 -9999 -9999 -9999 -9999 -9999 -9999 -9999 -9999 -9999 -9999 -9999 -9999 -9999 -9999 -9999 -9999 -9999 -9999 -9999 -9999 -9999 -9999 -9999 -9999 -9999 -9999 -9999 -9999 -9999 -9999 -9999 -9999 -9999 -9999 -9999 -9999 -9999 -9999 -9999 -9999 -9999 -9999
-9999 -9999 -9999 -9999 -9999 -9999 -9999 -9999 -9999 -9999 -9999 -9999 -9999 -9999 -9999 -9999 -9999 -9999 -9999 -9999 -9999 -9999 -9999 -9999 -9999 -9999 -9999 -9999 -9999 -9999 -9999 -9999 -9999 -9999 -9999 -9999 -9999 -9999 -9999 -9999 -9999 -9999 -9999 -9999 -9999 -9999 -9999
-9999 -9999 -9999 -9999 -9999 -9999 -9999 -9999 -9999 -9999 -9999 -9999 -9999 -9999 -9999 -9999 -9999 -9999 -9999 -9999 -9999 -9999 -9999 -9999 -9999 -9999 -9999 8.11623096466064 8.12280082702637 -9999 -9999 -9999 -9999 -9999 -9999 -9999 -9999 -9999 -9999 -9999 -9999 -9999 -9999 -9999 -9999 -9999 -9999
-9999 -9999 -9999 -9999 -9999 -9999 -9999 -9999 -9999 -9999 -9999 -9999 -9999 -9999 -9999 -9999 -9999 -9999 -9999 -9999 -9999 -9999 -9999 -9999 -9999 -9999 -9999 8.11628723144531 8.12267398834229 -9999 -9999 -9999 -9999 -9999 -9999 -9999 -9999 -9999 -9999 -9999 -9999 -9999 -9999 -9999 -9999 -9999 -9999
-9999 -9999 -9999 -9999 -9999 -9999 -9999 -9999 -9999 -9999 -9999 -9999 -9999 -9999 -9999 -9999 -9999 -9999 7.97519493103027 7.98090600967407 7.98547458648682 8.01212501525879 8.03462409973145 8.07085800170898 8.09279632568359 8.10290336608887 8.1101655960083 8.11612510681152 8.12257099151611 8.1293249130249 -9999 -9999 8.15139102935791 8.15868186950684 8.162917137146 8.16403198242188 8.16191864013672 8.1591854095459 8.15571975708008 8.15168380737305 8.14695644378662 8.14126014709473 -9999 -9999 -9999 -9999 -9999
-9999 -9999 -9999 -9999 -9999 -9999 -9999 -9999 -9999 -9999 -9999 -9999 -9999 -9999 7.86420965194702 -9999 7.85016345977783 7.83870840072632 7.90845251083374 7.97519493103027 7.98204803466797 7.98547458648682 8.03877544403076 8.07962226867676 8.09417629241943 8.10459041595459 8.10994338989258 8.11596298217773 8.12246799468994 8.12928199768066 8.1362247467041 8.14377212524414 8.15143775939941 8.15896320343018 8.16564559936523 8.16414260864258 8.16230773925781 8.15930652618408 8.15594291687012 8.15190887451172 8.14720058441162 8.14175891876221 8.13481998443604 8.12691307067871 -9999 -9999 -9999
-9999 -9999 -9999 -9999 -9999 -9999 -9999 -9999 -9999 -9999 8.02330780029297 8.02200889587402 8.02130603790283 8.0200080871582 7.94256734848022 7.86608219146729 7.86233758926392 7.84944438934326 7.83870840072632 7.91145420074463 7.97519493103027 7.98547458648682 8.03877544403076 8.07962226867676 8.09417629241943 8.10459041595459 8.10994338989258 8.11596298217773 8.12246799468994 8.12928199768066 8.1362247467041 8.14377212524414 8.15143775939941 8.15896320343018 8.16564559936523 8.16414260864258 8.16230773925781 8.15930652618408 8.15594291687012 8.15190887451172 8.14720058441162 8.14175891876221 8.13481998443604 8.12691307067871 8.12482357025146 8.12222385406494 -9999
-9999 -9999 -9999 -9999 -9999 -9999 -9999 -9999 -9999 -9999 8.03027439117432 8.02330780029297 8.02070903778076 -9999 8.01941299438477 7.94510269165039 7.8698263168335 7.86233758926392 7.84728717803955 7.83870840072632 7.92045927047729 7.99749612808228 8.05480670928955 8.0993480682373 8.11693382263184 8.13005065917969 8.13770580291748 8.14435768127441 8.15027904510498 8.15442085266113 8.1578254699707 8.16031837463379 8.16263198852539 8.16461086273193 8.16619682312012 8.1640739440918 8.16186809539795 8.15937519073486 8.15631484985352 8.1522045135498 8.14738368988037 8.14178943634033 8.13560962677002 8.12905216217041 8.12351226806641 8.11833667755127 8.11661624908447
-9999 -9999 -9999 -9999 -9999 -9999 -9999 -9999 -9999 -9999 -9999 -9999 -9999 -9999 8.01828861236572 8.0218391418457 7.95322179794312 7.87731552124023 7.86233758926392 7.84081554412842 7.92872142791748 8.01150131225586 8.07283115386963 8.12114143371582 8.14196395874023 8.157958984375 8.16805171966553 8.17531776428223 8.18052577972412 8.18171119689941 8.18123149871826 8.17822933197021 8.17473125457764 8.17072772979736 8.16682147979736 8.1640510559082 8.16146469116211 8.15952682495117 8.15679454803467 8.15258502960205 8.14761447906494 8.14181518554688 8.13642883300781 8.13131046295166 8.12512493133545 8.11855697631836 8.11584091186523
8.06982326507568 -9999 -9999 -9999 -9999 -9999 -9999 -9999 -9999 -9999 8.10339069366455 8.03741550445557 -9999 -9999 -9999 8.01864433288574 8.03396034240723 7.97384977340698 7.89229297637939 7.89997673034668 7.97623348236084 8.04753303527832 8.09808540344238 8.13869190216064 8.15830230712891 8.17290782928467 8.18139362335205 8.18626117706299 8.18849277496338 8.18717193603516 8.18438053131104 8.17998504638672 8.17527484893799 8.17147254943848 8.16786670684814 8.16585731506348 8.16392517089844 8.16226577758789 8.15951061248779 8.15471935272217 8.14877128601074 8.14156150817871 8.13525772094727 8.12953853607178 8.12438106536865 8.11942577362061 8.11642551422119
8.06863212585449 8.06845664978027 -9999 -9999 -9999 -9999 -9999 -9999 -9999 -9999 8.13883018493652 8.10512351989746 8.03741550445557 -9999 -9999 8.00251865386963 8.03010749816895 8.06925487518311 8.01525688171387 7.96283626556396 8.02652359008789 8.08544540405273 8.12442111968994 8.15650463104248 8.17403793334961 8.18660926818848 8.19311714172363 8.19552803039551 8.19495391845703 8.19156646728516 8.18701267242432 8.18163967132568 8.17610549926758 8.17253112792969 8.16922760009766 8.16785049438477 8.16646289825439 8.16503620147705 8.16229820251465 8.15712451934814 8.15040493011475 8.14199924468994 8.13473129272461 8.12819862365723 8.12375259399414 8.12005615234375 8.11697101593018
8.06863212585449 8.06810474395752 8.08725929260254 8.09865856170654 -9999 -9999 -9999 -9999 -9999 -9999 -9999 8.14165782928467 8.09864234924316 8.03741550445557 8.02330780029297 8.00251865386963 8.03010749816895 8.06925487518311 8.05716705322266 8.0455322265625 8.09171676635742 8.13345146179199 8.15656661987305 8.17572593688965 8.18653774261475 8.19362449645996 8.19616031646729 8.19580364227295 8.19334030151367 8.1902379989624 8.18687057495117 8.18274688720703 8.17847347259521 8.17527961730957 8.17228507995605 8.17084789276123 8.16941070556641 8.16797542572021 8.16547107696533 8.16098308563232 8.15459632873535 8.14614295959473 8.13766574859619 8.12917518615723 8.12374591827393 8.11941719055176 8.11730098724365
8.07457256317139 8.08426952362061 8.09761142730713 8.0990514755249 -9999 -9999 -9999 -9999 8.12127685546875 8.13207244873047 8.14280700683594 8.1534595489502 8.12870693206787 8.07498550415039 8.04567909240723 8.02793884277344 8.05174350738525 8.08547496795654 8.10061740875244 8.11554336547852 8.14592266082764 8.17237186431885 8.18237495422363 8.19065856933594 8.19531440734863 8.1973991394043 8.19634437561035 8.19366645812988 8.18980693817139 8.18708610534668 8.18483638763428 8.18202495574951 8.17910289764404 8.17665195465088 8.17432594299316 8.17304611206055 8.17174339294434 8.17036628723145 8.16814136505127 8.16434192657471 8.1585054397583 8.15044975280762 8.14133071899414 8.13152408599854 8.1250171661377 8.11969470977783 8.1176872253418
8.09536552429199 8.09607601165771 8.09861469268799 8.0990514755249 8.09931182861328 8.10060977935791 8.10313701629639 8.11191082000732 8.12127685546875 8.13207244873047 8.14280700683594 8.1534595489502 8.14959144592285 8.13384056091309 8.12398052215576 8.11690998077393 8.12747192382812 8.14224720001221 8.14791393280029 8.15384197235107 8.17266082763672 8.18857765197754 8.19234085083008 8.19486808776855 8.19478225708008 8.19307327270508 8.18937873840332 8.18549346923828 8.18147087097168 8.17937183380127 8.17807006835938 8.17673015594482 8.17538166046143 8.17458343505859 8.17382431030273 8.17324733734131 8.17254161834717 8.17138671875 8.16955184936523 8.16645431518555 8.16170787811279 8.15516567230225 8.14681911468506 8.13730525970459 8.12948131561279 8.12226486206055 8.11820983886719
8.11896514892578 8.11490535736084 8.11116695404053 8.11151790618896 8.1123161315918 8.11388778686523 8.11660385131836 8.12513732910156 8.13416862487793 8.14440059661865 8.15452194213867 8.16448974609375 8.17168617248535 8.17661571502686 8.17713069915771 8.1755542755127 8.17728233337402 8.17980098724365 8.18020153045654 8.18103122711182 8.19023132324219 8.19741439819336 8.19615650177002 8.19404029846191 8.19011116027832 8.18554401397705 8.18019771575928 8.17582988739014 8.17217540740967 8.17089653015137 8.17060279846191 8.17056560516357 8.17057800292969 8.17111206054688 8.1716480255127 8.17200374603271 8.17214965820312 8.171555519104 8.17037296295166 8.16810035705566 8.16442966461182 8.1592378616333 8.15187072753906 8.14309787750244 8.13465404510498 8.12632846832275 8.12063312530518
8.14653205871582 8.14366149902344 8.14004707336426 8.14160823822021 8.14370536804199 8.14593887329102 8.1491117477417 8.15706443786621 8.16528701782227 8.17416095733643 8.18279838562012 8.19111251831055 8.19549369812012 8.1966552734375 8.19472026824951 8.19131946563721 8.19044971466064 8.190185546875 8.19126796722412 8.1925163269043 8.19483852386475 8.19583415985107 8.19127559661865 8.18609046936035 8.17958545684814 8.17348670959473 8.16788482666016 8.1640567779541 8.16152095794678 8.16134357452393 8.16214466094971 8.16317176818848 8.16424369812012 8.16565799713135 8.1671028137207 8.1687183380127 8.17007446289062 8.17051792144775 8.17035961151123 8.16908645629883 8.16647338867188 8.16240119934082 8.15630722045898 8.14890480041504 8.14082527160645 8.13250160217285 8.12574100494385
8.15784740447998 8.15769290924072 8.15668869018555 8.15964412689209 8.16298198699951 8.16572284698486 8.1690788269043 8.17556571960449 8.18226051330566 8.18945693969727 8.19584274291992 8.20111465454102 8.20233535766602 8.2002420425415 8.19605922698975 8.19088649749756 8.18830299377441 8.18633937835693 8.18782329559326 8.18940830230713 8.1890115737915 8.18764591217041 8.18222427368164 8.17627716064453 8.16922283172607 8.16305446624756 8.15797138214111 8.15486526489258 8.1531982421875 8.15368843078613 8.15507030487061 8.15673160552979 8.15844631195068 8.16035652160645 8.16233253479004 8.16488647460938 8.16720581054688 8.16869926452637 8.16957759857178 8.16931247711182 8.16780090332031 8.16493129730225 8.16029357910156 8.15451145172119 8.14721775054932 8.13938140869141 8.13212108612061
8.15547466278076 8.15932273864746 8.16302490234375 8.16752624511719 8.17205810546875 8.1751766204834 8.17848587036133 8.18276023864746 8.18732166290283 8.1925745010376 8.19606018066406 8.19711971282959 8.19489192962646 8.18997383117676 8.18371105194092 8.17681121826172 8.17326068878174 8.17051029205322 8.17216014862061 8.17401123046875 8.17439651489258 8.1738920211792 8.16966152191162 8.16489410400391 8.15899658203125 8.15399169921875 8.15007781982422 8.14784622192383 8.1468391418457 8.147629737854 8.14916324615479 8.15109348297119 8.15310096740723 8.15518283843994 8.15737247467041 8.16059398651123 8.16366863250732 8.16622257232666 8.16814613342285 8.16889762878418 8.16852474212646 8.16692924499512 8.16390228271484 8.15994930267334 8.1537971496582 8.1468563079834 8.13957118988037
8.14677429199219 8.15121269226074 8.1557502746582 8.1599235534668 8.16400814056396 8.16669845581055 8.16940689086914 8.17220497131348 8.17541885375977 8.17963695526123 8.18231678009033 8.18288421630859 8.18063449859619 8.17608070373535 8.17037200927734 8.16411781311035 8.16040802001953 8.15730667114258 8.15830993652344 8.15957450866699 8.16055011749268 8.1608419418335 8.15827178955078 8.15518093109131 8.15098857879639 8.14743041992188 8.14464664459229 8.14291763305664 8.14195728302002 8.14255332946777 8.14379405975342 8.14595985412598 8.14830684661865 8.15061950683594 8.15304470062256 8.15658569335938 8.16004180908203 8.1631965637207 8.16578388214111 8.16731643676758 8.16790008544922 8.16744995117188 8.16580772399902 8.1633939743042 8.15858459472656 8.15291404724121 8.14605903625488
8.13497543334961 8.13833618164062 8.14181423187256 8.14474201202393 8.1475772857666 8.14944458007812 8.15128135681152 8.15296363830566 8.1552152633667 8.15884208679199 8.16174030303955 8.16363620758057 8.16304302215576 8.16041278839111 8.15654850006104 8.15210151672363 8.14862823486328 8.14538764953613 8.14534568786621 8.14560699462891 8.14707851409912 8.1481351852417 8.14745807647705 8.14628505706787 8.14406681060791 8.14209365844727 8.14042091369629 8.13901233673096 8.13779640197754 8.13795757293701 8.13868808746338 8.14107227325439 8.14378261566162 8.14635562896729 8.14902782440186 8.15271663665771 8.15637016296387 8.15990161895752 8.16296577453613 8.16516399383545 8.16661357879639 8.16724872589111 8.16688060760498 8.16586494445801 8.16249465942383 8.158278465271 8.15207481384277
8.1262035369873 8.12844181060791 8.13079071044922 8.13275909423828 8.13466167449951 8.13587188720703 8.13703632354736 8.13797378540039 8.13931846618652 8.14164352416992 8.14374732971191 8.14554882049561 8.14578723907471 8.14474773406982 8.1428050994873 8.14043521881104 8.1382884979248 8.13619422912598 8.1359395980835 8.13590335845947 8.13720893859863 8.13833427429199 8.13871002197266 8.13870143890381 8.13788032531738 8.13706302642822 8.13624858856201 8.13516616821289 8.13388824462891 8.13388347625732 8.13440608978271 8.13701915740967 8.14004230499268 8.14279365539551 8.14560699462891 8.14913940429688 8.15265369415283 8.15610694885254 8.15924644470215 8.16180324554443 8.16380023956299 8.16518878936768 8.16571998596191 8.16569519042969 8.16351222991943 8.16055488586426 8.15539932250977
