Ecospace-environmental-drivers/Outputs/ASCII-for-ecospace/MOM6-ISIMIP3a/ph-surf/1980-04_ph-surf_MOM6-ISIMIP3a.asc
NCOLS 131 
NROWS 53 
XLLCORNER -98 
YLLCORNER 23.9265270233154 
CELLSIZE 0.133587792515755 
NODATA_value -9999 
[rows 21 to 41 of 53, columns 47 to 93 of 131]
8.22232246398926 8.22243309020996 8.22179985046387 8.22070693969727 8.21957492828369 8.21863651275635 8.21756839752197 8.21584415435791 8.21480083465576 8.21540260314941 8.21654987335205 8.2184476852417 8.2203483581543 8.22225284576416 8.22354507446289 8.22454833984375 8.22376251220703 8.22254753112793 8.22055530548096 8.21851921081543 8.21664047241211 8.21494579315186 8.21402645111084 8.21319198608398 8.21254062652588 8.21359348297119 8.2167329788208 8.21903800964355 8.22073745727539 8.22021865844727 8.21878051757812 8.21696853637695 8.2150821685791 8.21148777008057 8.20813941955566 8.20779991149902 8.20804309844971 8.21033573150635 8.21114635467529 8.20920276641846 8.20733833312988 8.20556259155273 8.20342826843262 8.20106315612793 8.19872570037842 8.19639682769775 8.19355964660645
8.2127046585083 8.2134952545166 8.21369743347168 8.21317958831787 8.21255683898926 8.21108531951904 8.2094898223877 8.20726108551025 8.20572280883789 8.20584869384766 8.2064380645752 8.20766258239746 8.20936679840088 8.21146202087402 8.21377372741699 8.21618843078613 8.21624851226807 8.21574592590332 8.21463680267334 8.21348857879639 8.21239566802979 8.21136951446533 8.21061897277832 8.20974159240723 8.20859909057617 8.20884609222412 8.21079063415527 8.21214294433594 8.21306419372559 8.21199703216553 8.21010494232178 8.20874881744385 8.20749855041504 8.20426082611084 8.20116329193115 8.20014381408691 8.19967937469482 8.20116806030273 8.20182132720947 8.20092296600342 8.19989967346191 8.1987419128418 8.19723606109619 8.19550514221191 8.19392204284668 8.19239139556885 8.19050121307373
8.20283699035645 8.20424652099609 8.20525360107422 8.20532035827637 8.20522117614746 8.20323467254639 8.20113658905029 8.1984748840332 8.19649219512939 8.19615173339844 8.1961784362793 8.19670963287354 8.19813823699951 8.2003002166748 8.20352268218994 8.20724773406982 8.20817184448242 8.2084264755249 8.20822906494141 8.20799922943115 8.20775890350342 8.20747089385986 8.20697975158691 8.20615196228027 8.20461273193359 8.20406723022461 8.20473670959473 8.20508575439453 8.20520114898682 8.2035961151123 8.20127964019775 8.20040893554688 8.1998233795166 8.1970100402832 8.19423294067383 8.19261074066162 8.19149112701416 8.19214057922363 8.19261646270752 8.19276905059814 8.19259929656982 8.19207668304443 8.19116973876953 8.19001388549805 8.1891040802002 8.18828392028809 8.18734645843506
8.19492816925049 8.19597148895264 8.19670581817627 8.19682788848877 8.19682598114014 8.19517135620117 8.1934118270874 8.19112682342529 8.18943023681641 8.1891565322876 8.18935203552246 8.1901912689209 8.19125938415527 8.19251537322998 8.19471454620361 8.19736289978027 8.19862270355225 8.19955062866211 8.1999683380127 8.20036125183105 8.20091438293457 8.20136642456055 8.20139694213867 8.20103454589844 8.19984149932861 8.19905662536621 8.19876956939697 8.19829940795898 8.19769477844238 8.19612407684326 8.19415283203125 8.19341373443604 8.19291591644287 8.19088172912598 8.18886089324951 8.18751239776611 8.18652153015137 8.18678569793701 8.18708419799805 8.18744373321533 8.18762016296387 8.18759632110596 8.18712997436523 8.18637752532959 8.18557739257812 8.18475914001465 8.18413162231445
8.18751525878906 8.18813991546631 8.18853187561035 8.18858814239502 8.18856048583984 8.18722248077393 8.1858024597168 8.18396377563477 8.18259143829346 8.18234252929688 8.18263244628906 8.18366050720215 8.18443775177002 8.18501091003418 8.1863260269165 8.18799304962158 8.18950176239014 8.19097328186035 8.19192123413086 8.19285106658936 8.19403839111328 8.19507884979248 8.1955041885376 8.19552135467529 8.19467639923096 8.19369602203369 8.19255065917969 8.1912956237793 8.18996238708496 8.18849468231201 8.18697166442871 8.18643665313721 8.18609619140625 8.18485355377197 8.18360424041748 8.18261241912842 8.18185329437256 8.18191051483154 8.18214893341064 8.1827220916748 8.18317413330078 8.18349647521973 8.18332862854004 8.1828441619873 8.18213272094727 8.18133926391602 8.18101119995117
8.18227195739746 8.18225288391113 8.18199443817139 8.18145275115967 8.18086338043213 8.17977809906006 8.17869472503662 8.17761516571045 8.17673397064209 8.17632675170898 8.17638206481934 8.17707252502441 8.17786407470703 8.17873954772949 8.17977428436279 8.18088626861572 8.18226432800293 8.18370628356934 8.18481349945068 8.18590068817139 8.18703174591064 8.1879940032959 8.18825340270996 8.18827342987061 8.18778610229492 8.18680572509766 8.18522357940674 8.18334102630615 8.18124103546143 8.18017768859863 8.17954540252686 8.17954254150391 8.17966270446777 8.17926216125488 8.17885494232178 8.17857837677002 8.17850399017334 8.1791353225708 8.17983055114746 8.18064498901367 8.18106746673584 8.18106269836426 8.18056964874268 8.17976093292236 8.17905235290527 8.17837810516357 8.17830085754395
8.17745685577393 8.17695045471191 8.17621612548828 8.17529773712158 8.17436122894287 8.17345523834229 8.17260074615479 8.17201328277588 8.17142391204834 8.1708345413208 8.17057704925537 8.17077732086182 8.17131900787354 8.17213916778564 8.17276668548584 8.17330360412598 8.17435932159424 8.17553997039795 8.17658615112305 8.17761898040771 8.17858123779297 8.17937278747559 8.17944526672363 8.17944717407227 8.17929649353027 8.17842388153076 8.17666912078857 8.17452812194824 8.17210578918457 8.17145919799805 8.17154788970947 8.17207431793213 8.17268753051758 8.17302894592285 8.17337131500244 8.17382049560547 8.17441463470459 8.17551708221436 8.1766242980957 8.17774200439453 8.17819118499756 8.17791080474854 8.17726039886475 8.17636966705322 8.17583560943604 8.17542934417725 8.17572593688965
8.17357444763184 8.17292213439941 8.17209434509277 8.17128276824951 8.17047023773193 8.16957855224609 8.16872119903564 8.16803741455078 8.167311668396 8.16648578643799 8.16574478149414 8.16512107849121 8.16483306884766 8.16482067108154 8.16476154327393 8.16468143463135 8.16499996185303 8.16541385650635 8.16591835021973 8.16643142700195 8.16698455810547 8.16740036010742 8.16724014282227 8.16717624664307 8.16731834411621 8.16678810119629 8.16543769836426 8.16384315490723 8.16207027435303 8.16186237335205 8.16230392456055 8.16335582733154 8.16452693939209 8.16539764404297 8.16628742218018 8.16748332977295 8.1687126159668 8.17005920410156 8.17148017883301 8.17303848266602 8.17363834381104 8.17319202423096 8.17274761199951 8.1723051071167 8.17232227325439 8.17250537872314 8.17344760894775
8.17041301727295 8.16980075836182 8.16905879974365 8.16835689544678 8.16765308380127 8.16675567626953 8.16586780548096 8.16503047943115 8.16414928436279 8.16315937042236 8.16211891174316 8.16100692749023 8.16012668609619 8.15943717956543 8.15875434875488 8.1580753326416 8.15769195556641 8.15737915039062 8.15723609924316 8.15711688995361 8.15717029571533 8.15714836120605 8.156813621521 8.15672874450684 8.15717220306396 8.15699195861816 8.15605068206787 8.15494823455811 8.15372753143311 8.15393257141113 8.1547269821167 8.15606212615967 8.15750312805176 8.15853595733643 8.15961456298828 8.16128349304199 8.16291618347168 8.16442394256592 8.16609668731689 8.16807842254639 8.16893768310547 8.16857528686523 8.16839599609375 8.16833305358887 8.16875457763672 8.16935062408447 8.17072010040283
8.16815853118896 8.16782188415527 8.16738891601562 8.16680335998535 8.16618919372559 8.16525840759277 8.16430568695068 8.16324234008789 8.16217994689941 8.16111850738525 8.16000938415527 8.15883159637451 8.15765857696533 8.1564884185791 8.15526008605957 8.15400409698486 8.15296363830566 8.15197467803955 8.1510534286499 8.15015983581543 8.14959812164307 8.14906024932861 8.14862632751465 8.14857482910156 8.14933109283447 8.14951133728027 8.14898490905762 8.14830589294434 8.14751720428467 8.14809799194336 8.14924621582031 8.15056037902832 8.15190601348877 8.15264415740967 8.1534595489502 8.15525531768799 8.15700054168701 8.15856456756592 8.16041469573975 8.16279411315918 8.16405200958252 8.16408729553223 8.16424369812012 8.16447925567627 8.16511821746826 8.16590404510498 8.1674280166626
8.16662406921387 8.16650485992432 8.16630077362061 8.16567802429199 8.16499996185303 8.16399478912354 8.16296482086182 8.16180801391602 8.16068077087402 8.15962409973145 8.15851593017578 8.15733528137207 8.15603256225586 8.15462875366211 8.15303993225098 8.15136337280273 8.14994812011719 8.14859390258789 8.14722061157227 8.14587497711182 8.14493942260742 8.14407157897949 8.14348316192627 8.14332675933838 8.14408493041992 8.14434242248535 8.1439905166626 8.14353847503662 8.1430139541626 8.14376354217529 8.14504051208496 8.14625453948975 8.14745616912842 8.14810657501221 8.14885997772217 8.15082836151123 8.15274047851562 8.15445613861084 8.15633869171143 8.15853214263916 8.15998363494873 8.1606273651123 8.16110992431641 8.16148853302002 8.16240978240967 8.16352653503418 8.16510200500488
8.16562938690186 8.16568565368652 8.16564846038818 8.16487407684326 8.1640157699585 8.16290664672852 8.16179084777832 8.16063976287842 8.15953540802002 8.15853977203369 8.15748500823975 8.15634822845459 8.15503787994385 8.15358734130859 8.15177631378174 8.14979553222656 8.14821529388428 8.14673137664795 8.14515113830566 8.14359378814697 8.1424674987793 8.14140796661377 8.14062309265137 8.14025974273682 8.14078330993652 8.14090919494629 8.140549659729 8.14017581939697 8.13979148864746 8.14055347442627 8.14179039001465 8.14284610748291 8.14386749267578 8.14458560943604 8.14542865753174 8.14760208129883 8.14972305297852 8.15165901184082 8.15346717834473 8.15503597259521 8.15652847290039 8.15793895721436 8.15874004364014 8.15914630889893 8.16039752960205 8.16195201873779 8.16350078582764
8.16474628448486 8.16478633880615 8.16471290588379 8.16379451751709 8.16278553009033 8.16168689727783 8.16058158874512 8.15944194793701 8.15832424163818 8.15725708007812 8.15616130828857 8.15502452850342 8.15377616882324 8.15243530273438 8.15056037902832 8.14843368530273 8.14657974243164 8.14479160308838 8.14313316345215 8.14151191711426 8.140305519104 8.13916492462158 8.13829898834229 8.13774394989014 8.13784599304199 8.13780307769775 8.13758277893066 8.13742923736572 8.13732433319092 8.13794040679932 8.13885593414307 8.13962650299072 8.14036750793457 8.14128589630127 8.14231300354004 8.14433002471924 8.14637088775635 8.14849758148193 8.15035247802734 8.15170097351074 8.15326976776123 8.15507888793945 8.15642261505127 8.1574649810791 8.15898990631104 8.16068649291992 8.16220569610596
8.16391181945801 8.16385269165039 8.16365623474121 8.16259574890137 8.16145038604736 8.16041088104248 8.15935707092285 8.15823078155518 8.15708446502686 8.15589046478271 8.15471363067627 8.15355777740479 8.15239906311035 8.15123558044434 8.14936542510986 8.14716053009033 8.14498615264893 8.14281845092773 8.14113712310791 8.13951587677002 8.13827705383301 8.13710308074951 8.13620376586914 8.13546466827393 8.13506412506104 8.13483619689941 8.13481998443604 8.13494777679443 8.13518047332764 8.13558387756348 8.13605785369873 8.13648700714111 8.13690662384033 8.13808250427246 8.13933277130127 8.141037940979 8.14287662506104 8.14518070220947 8.14713382720947 8.14843559265137 8.15009593963623 8.15214443206787 8.154128074646 8.15606784820557 8.15784072875977 8.15955352783203 8.16104030609131
8.16319751739502 8.16282558441162 8.16221523284912 8.16134166717529 8.16044044494629 8.15949249267578 8.15850067138672 8.15728664398193 8.15598964691162 8.15449333190918 8.15311908721924 8.15191268920898 8.1507396697998 8.14959526062012 8.14788818359375 8.14591503143311 8.14371585845947 8.14146137237549 8.13980865478516 8.13821983337402 8.13695812225342 8.13576030731201 8.1348295211792 8.13403034210205 8.13350963592529 8.13324642181396 8.13329696655273 8.13347816467285 8.13375473022461 8.13405704498291 8.13436889648438 8.13468360900879 8.1349983215332 8.13601589202881 8.13709259033203 8.1384973526001 8.14004611968994 8.14210605621338 8.14400005340576 8.14558792114258 8.1476354598999 8.15018558502197 8.15234279632568 8.15424537658691 8.15612030029297 8.15798473358154 8.15962409973145
8.16250801086426 8.16177940368652 8.16069412231445 8.16007709503174 8.15949726104736 8.15864849090576 8.15772151947021 8.15639877319336 8.15492534637451 8.15308952331543 8.15149402618408 8.15022945404053 8.14902305603027 8.14786243438721 8.14635181427002 8.14467525482178 8.14251136779785 8.14023113250732 8.13861846923828 8.13706874847412 8.13578701019287 8.13456630706787 8.13360404968262 8.13277149200439 8.13220977783203 8.13194179534912 8.13203144073486 8.13221836090088 8.13247776031494 8.13270092010498 8.13290882110596 8.13315677642822 8.1334114074707 8.13418483734131 8.13500690460205 8.13611125946045 8.13735389709473 8.13908195495605 8.14088439941406 8.14282512664795 8.14532375335693 8.14842796325684 8.15066242218018 8.15233421325684 8.15428161621094 8.15632629394531 8.15815734863281
8.16093254089355 8.16028213500977 8.15927219390869 8.15887355804443 8.15852832794189 8.15791988372803 8.15721035003662 8.1559886932373 8.15462493896484 8.15292072296143 8.15136051177979 8.14999771118164 8.14862728118896 8.14724826812744 8.1456413269043 8.1439266204834 8.14192295074463 8.13984966278076 8.13821601867676 8.13662815093994 8.13528060913086 8.13397979736328 8.13287258148193 8.13194179534912 8.13138484954834 8.1311502456665 8.13130950927734 8.13155651092529 8.13186931610107 8.13214015960693 8.1323938369751 8.1326265335083 8.13285446166992 8.1334285736084 8.13404369354248 8.13494777679443 8.13596534729004 8.13738441467285 8.13894557952881 8.14077091217041 8.14323902130127 8.14640617370605 8.14892482757568 8.15102195739746 8.15285015106201 8.15458011627197 8.15642070770264
8.15927505493164 8.15872859954834 8.15783309936523 8.15764999389648 8.15753078460693 8.15716457366943 8.15668201446533 8.15561103820801 8.15439891815186 8.15284729003906 8.15132808685303 8.1498556137085 8.1483097076416 8.14670372009277 8.14498901367188 8.14322280883789 8.14137077331543 8.13949775695801 8.13783836364746 8.13620853424072 8.13480281829834 8.13342666625977 8.13217639923096 8.1311502456665 8.13059997558594 8.13040065765381 8.13062953948975 8.13094139099121 8.13131237030029 8.13163948059082 8.13194942474365 8.13218116760254 8.13239765167236 8.13277912139893 8.13319778442383 8.13391017913818 8.13471412658691 8.13583755493164 8.13715553283691 8.13883304595947 8.14122009277344 8.14437866210938 8.14715099334717 8.14967346191406 8.15137577056885 8.1527853012085 8.1546516418457
8.15716171264648 8.15678787231445 8.15617275238037 8.15617656707764 8.15623569488525 8.15606880187988 8.15584754943848 8.15534973144531 8.15459060668945 8.1531982421875 8.1516752243042 8.1499719619751 8.14819622039795 8.14636135101318 8.14455795288086 8.14276885986328 8.14091777801514 8.13905334472656 8.13735008239746 8.1356782913208 8.13430118560791 8.13293552398682 8.13161754608154 8.1305513381958 8.13002109527588 8.12985801696777 8.13014602661133 8.13053226470947 8.13099098205566 8.13140773773193 8.13180637359619 8.13215827941895 8.13250160217285 8.13277053833008 8.13306522369385 8.13364124298096 8.13430309295654 8.1352653503418 8.13638782501221 8.1378059387207 8.13979911804199 8.14241790771484 8.1450309753418 8.14764022827148 8.14925289154053 8.15050888061523 8.15265846252441
8.15506076812744 8.15482139587402 8.15445613861084 8.15460300445557 8.15479469299316 8.1548023223877 8.15481281280518 8.15483951568604 8.15452671051025 8.15339279174805 8.15195655822754 8.15010356903076 8.14815998077393 8.14614200592041 8.14425563812256 8.14243221282959 8.14055442810059 8.13866329193115 8.136887550354 8.13514423370361 8.13376998901367 8.132399559021 8.13104915618896 8.12996387481689 8.12943840026855 8.12930583953857 8.1296501159668 8.13012218475342 8.13068675994873 8.13120174407959 8.13169479370117 8.13213062286377 8.13255500793457 8.13272571563721 8.13291549682617 8.13337898254395 8.1339225769043 8.13474559783936 8.13570117950439 8.13689994812012 8.1385383605957 8.14065361022949 8.14303779602051 8.14559459686279 8.14723491668701 8.14854717254639 8.15085697174072
8.15299987792969 8.15275859832764 8.15253639221191 8.15266036987305 8.15281677246094 8.15290832519531 8.15304470062256 8.15341472625732 8.15352630615234 8.15301322937012 8.15199756622314 8.15029048919678 8.14840412139893 8.14637184143066 8.14442825317383 8.14252662658691 8.14051342010498 8.13847351074219 8.13651752471924 8.13459873199463 8.13312721252441 8.13169765472412 8.13044548034668 8.12941360473633 8.12884712219238 8.1287145614624 8.12911319732666 8.12970733642578 8.13044357299805 8.1310920715332 8.13170433044434 8.13208675384521 8.13242340087891 8.13254928588867 8.13269805908203 8.13314056396484 8.1336555480957 8.13442039489746 8.1353120803833 8.13643741607666 8.13786125183105 8.13960933685303 8.14150810241699 8.14350318908691 8.14560127258301 8.14773654937744 8.14975929260254
