Ecospace-environmental-drivers/Outputs/ASCII-for-ecospace/MOM6-ISIMIP3a/ph-surf/1982-12_ph-surf_MOM6-ISIMIP3a.asc
NCOLS 131 
NROWS 53 
XLLCORNER -98 
YLLCORNER 23.9265270233154 
CELLSIZE 0.133587792515755 
NODATA_value -9999 
[rows 21 to 41 of 53, columns 47 to 93 of 131]
8.19876194000244 8.19877147674561 8.19874382019043 8.19829273223877 8.19778633117676 8.19691467285156 8.19598007202148 8.1947193145752 8.1937255859375 8.19337844848633 8.19296264648438 8.19245433807373 8.19130992889404 8.18964672088623 8.18836688995361 8.18726921081543 8.18569278717041 8.18400287628174 8.18218994140625 8.18034172058105 8.17808151245117 8.17595481872559 8.17438793182373 8.17291641235352 8.17164516448975 8.17022609710693 8.16862678527832 8.1669340133667 8.16517543792725 8.16364574432373 8.16221046447754 8.1610803604126 8.16000938415527 8.15919876098633 8.1584300994873 8.15798759460449 8.15769290924072 8.15791988372803 8.15826892852783 8.15884494781494 8.15950107574463 8.16024494171143 8.16087532043457 8.16143321990967 8.16171073913574 8.16188907623291 8.16181373596191
8.19824981689453 8.19789123535156 8.19747066497803 8.1966667175293 8.19583034515381 8.19517993927002 8.19451332092285 8.193772315979 8.19315433502197 8.19283676147461 8.19232845306396 8.19156169891357 8.19016647338867 8.18825626373291 8.18637180328369 8.18449974060059 8.18256759643555 8.18062210083008 8.17868232727051 8.17672538757324 8.17451286315918 8.17240047454834 8.17071151733398 8.16894245147705 8.16700649261475 8.16514587402344 8.16337585449219 8.16191291809082 8.16067123413086 8.15969944000244 8.15883827209473 8.15814971923828 8.15749549865723 8.15692138671875 8.15637111663818 8.1560173034668 8.15579986572266 8.15606594085693 8.15644645690918 8.15704154968262 8.15775680541992 8.15860366821289 8.1593599319458 8.16005706787109 8.16047477722168 8.16079139709473 8.16085910797119
8.19723796844482 8.19647312164307 8.19562149047852 8.19443416595459 8.19324016571045 8.19278430938721 8.19236373901367 8.19211959838867 8.1918478012085 8.19150638580322 8.19088077545166 8.18986511230469 8.18825340270996 8.18615436553955 8.18378067016602 8.18127727508545 8.17911052703857 8.17702484130859 8.17504787445068 8.17306900024414 8.17095756530762 8.16890335083008 8.16709041595459 8.16502666473389 8.16243076324463 8.16014671325684 8.15824317932129 8.15702819824219 8.15631675720215 8.15589237213135 8.1555871963501 8.15531635284424 8.15505123138428 8.15469741821289 8.15434741973877 8.15407180786133 8.15392398834229 8.15422248840332 8.15463447570801 8.1552562713623 8.15603351593018 8.15698051452637 8.15785312652588 8.15867805480957 8.15922355651855 8.15966892242432 8.15987014770508
8.19259548187256 8.19174671173096 8.19081497192383 8.18936538696289 8.18789482116699 8.18730163574219 8.18676280975342 8.18650341033936 8.18615436553955 8.18558883666992 8.18486881256104 8.18393611907959 8.18257522583008 8.18086242675781 8.17896747589111 8.1769847869873 8.17530632019043 8.17369937896729 8.17217826843262 8.17061805725098 8.16841316223145 8.16620826721191 8.16400623321533 8.16175556182861 8.15940570831299 8.1573543548584 8.15566921234131 8.15452003479004 8.15375995635986 8.15333461761475 8.15304756164551 8.15281867980957 8.15260124206543 8.1523265838623 8.15205383300781 8.15182399749756 8.15171432495117 8.15203094482422 8.15252017974854 8.1533317565918 8.15427303314209 8.15535736083984 8.15635967254639 8.15730953216553 8.15797138214111 8.15853023529053 8.15881538391113
8.1880054473877 8.1871280670166 8.18617153167725 8.18456840515137 8.1829309463501 8.18219089508057 8.18152523040771 8.18124103546143 8.18082237243652 8.18007850646973 8.17930126190186 8.17847728729248 8.1773681640625 8.176025390625 8.1745491027832 8.17300891876221 8.17171764373779 8.17048645019531 8.16931438446045 8.16807746887207 8.16585350036621 8.16358757019043 8.16114807128906 8.15881443023682 8.15670394897461 8.15484714508057 8.15330028533936 8.1521635055542 8.15132713317871 8.15087890625 8.15059185028076 8.15039348602295 8.15021324157715 8.1500072479248 8.14980220794678 8.14962482452393 8.14956092834473 8.14989280700684 8.15044212341309 8.15139389038086 8.15246677398682 8.15367031097412 8.15479850769043 8.15587711334229 8.15666675567627 8.15735340118408 8.15774917602539
8.18364715576172 8.18298816680908 8.18224430084229 8.18096160888672 8.17963790893555 8.17871475219727 8.17788505554199 8.1775369644165 8.17708110809326 8.17636203765869 8.17568969726562 8.17507839202881 8.17422771453857 8.17318058013916 8.1718635559082 8.17042064666748 8.16908073425293 8.16776561737061 8.16647529602051 8.16514587402344 8.16322994232178 8.16129589080811 8.15928554534912 8.15731430053711 8.15542507171631 8.15359210968018 8.15182685852051 8.15047931671143 8.14943599700928 8.14887142181396 8.14850425720215 8.14828491210938 8.14809322357178 8.14791107177734 8.14773750305176 8.14764499664307 8.14764881134033 8.14799022674561 8.14852046966553 8.14940166473389 8.15045928955078 8.15170764923096 8.15294170379639 8.15416622161865 8.15513610839844 8.15601348876953 8.1566276550293
8.17935562133789 8.17894554138184 8.17846488952637 8.17755317687988 8.17659664154053 8.17558288574219 8.17465782165527 8.17418670654297 8.17365550994873 8.17298030853271 8.17238616943359 8.17190551757812 8.17123985290527 8.17042350769043 8.16924953460693 8.1679048538208 8.16656684875488 8.16522979736328 8.16383934020996 8.16242599487305 8.16072654724121 8.15902614593506 8.15731620788574 8.15560150146484 8.1538782119751 8.15210437774658 8.15027046203613 8.14884090423584 8.14770603179932 8.14706897735596 8.14663696289062 8.1463794708252 8.14615631103516 8.14597606658936 8.14581298828125 8.14580345153809 8.14587593078613 8.14623546600342 8.14675998687744 8.14759063720703 8.14860534667969 8.14982128143311 8.15109825134277 8.15241432189941 8.15355396270752 8.15462970733643 8.15544986724854
8.17520904541016 8.17511749267578 8.17500686645508 8.17457866668701 8.17410182952881 8.17320346832275 8.17233276367188 8.17160987854004 8.17092323303223 8.17032718658447 8.16975879669189 8.16922569274902 8.16858768463135 8.16786193847656 8.16678810119629 8.16555023193359 8.16432189941406 8.16309642791748 8.16164588928223 8.16016578674316 8.15848541259766 8.15680408477783 8.15511512756348 8.15342807769775 8.1517448425293 8.15011024475098 8.14853286743164 8.14730358123779 8.14632701873779 8.14571189880371 8.14524841308594 8.14491844177246 8.14461517333984 8.14439010620117 8.14419555664062 8.14426231384277 8.1444034576416 8.14480400085449 8.14535236358643 8.14617538452148 8.14708995819092 8.14810276031494 8.14928340911865 8.15057182312012 8.15186214447021 8.15315341949463 8.15414905548096
8.17138671875 8.17150497436523 8.1716251373291 8.17152118682861 8.17137336730957 8.17066192626953 8.16994476318359 8.16919326782227 8.16852951049805 8.16808032989502 8.16759777069092 8.16706943511963 8.16644287109375 8.16573524475098 8.16469573974609 8.163498878479 8.16224765777588 8.16098213195801 8.15941429138184 8.1578197479248 8.1561450958252 8.15448093414307 8.15285491943359 8.15124893188477 8.14968395233154 8.14822673797607 8.14689826965332 8.14585494995117 8.14501762390137 8.14441108703613 8.14389896392822 8.1435079574585 8.14313983917236 8.14291191101074 8.1427173614502 8.14280319213867 8.1429615020752 8.14338111877441 8.14393997192383 8.1447582244873 8.14559173583984 8.14644050598145 8.14751720428467 8.14874076843262 8.15012168884277 8.15155982971191 8.15272521972656
8.16797256469727 8.16816234588623 8.16833782196045 8.16835975646973 8.16835117340088 8.16791915893555 8.16747570037842 8.16697883605957 8.16656303405762 8.16634368896484 8.16602516174316 8.16557216644287 8.16493797302246 8.16415596008301 8.16306591033936 8.16182899475098 8.16038608551025 8.15889358520508 8.15713405609131 8.15536308288574 8.15367984771729 8.15202903747559 8.15052032470703 8.14906311035156 8.14771366119385 8.14648246765137 8.14539337158203 8.14451789855957 8.14379787445068 8.14317893981934 8.14260101318359 8.14216041564941 8.14174747467041 8.14156818389893 8.1414155960083 8.14144515991211 8.14155864715576 8.14197063446045 8.14252471923828 8.14334011077881 8.14411640167236 8.144850730896 8.14581298828125 8.14692497253418 8.1483211517334 8.14982032775879 8.15114688873291
8.16463088989258 8.1648530960083 8.16507148742676 8.16520595550537 8.16532039642334 8.16514110565186 8.164963722229 8.16479682922363 8.16469383239746 8.16474723815918 8.16459083557129 8.16414833068848 8.1634407043457 8.16251564025879 8.16129875183105 8.15994262695312 8.15835189819336 8.15670394897461 8.15490436553955 8.15310668945312 8.15148258209229 8.14990615844727 8.14853382110596 8.14721298217773 8.14599990844727 8.14487552642822 8.14385795593262 8.1430139541626 8.14229488372803 8.14161682128906 8.14095497131348 8.1404857635498 8.14005470275879 8.13994789123535 8.13986492156982 8.139892578125 8.14001274108887 8.14046001434326 8.14103603363037 8.1418514251709 8.14261913299561 8.14333248138428 8.14423751831055 8.14526557922363 8.14665126800537 8.14816570281982 8.14955711364746
8.16134262084961 8.16156959533691 8.16182231903076 8.1620569229126 8.16228294372559 8.1623363494873 8.1624174118042 8.16263771057129 8.16289901733398 8.16325569152832 8.1632604598999 8.16278076171875 8.16194820404053 8.16082763671875 8.15942764282227 8.1578950881958 8.15618801116943 8.15443992614746 8.15271282196045 8.15100002288818 8.14948654174805 8.14802932739258 8.14680862426758 8.14561557769775 8.1444787979126 8.14337062835693 8.14229869842529 8.14138317108154 8.14058113098145 8.13980865478516 8.1390495300293 8.13856601715088 8.1381368637085 8.13812160491943 8.13812732696533 8.1381950378418 8.13836097717285 8.13887214660645 8.13949203491211 8.14031219482422 8.14110469818115 8.14186859130859 8.14275646209717 8.14372444152832 8.14508056640625 8.14657497406006 8.1479606628418
8.15882968902588 8.15895080566406 8.15912055969238 8.1594705581665 8.15983867645264 8.16020011901855 8.16058349609375 8.16107654571533 8.16154098510742 8.16193675994873 8.16194438934326 8.16142177581787 8.16048431396484 8.15920734405518 8.15769195556641 8.15606307983398 8.15432834625244 8.15256786346436 8.15093898773193 8.14933109283447 8.14790153503418 8.14652156829834 8.14534568786621 8.14415454864502 8.14292812347412 8.14170360565186 8.14048099517822 8.13943290710449 8.13851165771484 8.13768291473389 8.13689231872559 8.13643646240234 8.13604545593262 8.13608074188232 8.13614368438721 8.13631439208984 8.13658332824707 8.13719749450684 8.13791084289551 8.13880729675293 8.1396598815918 8.14046573638916 8.14137840270996 8.14235973358154 8.14368534088135 8.14513397216797 8.14643287658691
8.15665054321289 8.15661811828613 8.15665435791016 8.15712547302246 8.15764713287354 8.15834999084473 8.15905475616455 8.15977096557617 8.16037082672119 8.1606912612915 8.16063594818115 8.16006565093994 8.15903186798096 8.15761756896973 8.15601444244385 8.15432357788086 8.15259838104248 8.15086460113525 8.14934539794922 8.14785003662109 8.14649295806885 8.14517211914062 8.14399433135986 8.14275074005127 8.14136600494385 8.13996696472168 8.13855266571045 8.13734531402588 8.13628959655762 8.13542079925537 8.13462829589844 8.13421630859375 8.13387966156006 8.13394832611084 8.13405323028564 8.13435554504395 8.13475227355957 8.13548469543457 8.13631343841553 8.1373176574707 8.13824462890625 8.13908767700195 8.14004325866699 8.14106941223145 8.14236545562744 8.14375877380371 8.14493560791016
8.15506649017334 8.1552038192749 8.15543651580811 8.15609455108643 8.15679931640625 8.15759658813477 8.15836906433105 8.15901660919189 8.15954113006592 8.15976619720459 8.15961933135986 8.15896129608154 8.15783786773682 8.15633392333984 8.15470409393311 8.15301418304443 8.15130805969238 8.14959907531738 8.14814376831055 8.1467113494873 8.14537525177002 8.14403343200684 8.14266586303711 8.14121055603027 8.13957214355469 8.13798999786377 8.13647747039795 8.13522624969482 8.1341667175293 8.13336372375488 8.13266754150391 8.13232898712158 8.13206100463867 8.13215065002441 8.1322774887085 8.13263511657715 8.13308238983154 8.13384914398193 8.13472461700439 8.13579940795898 8.13682270050049 8.13778972625732 8.13884925842285 8.13996887207031 8.14123439788818 8.14255237579346 8.14352989196777
8.15360546112061 8.15398025512695 8.1544771194458 8.15533542633057 8.15622806549072 8.15706920623779 8.15785694122314 8.15837669372559 8.15878105163574 8.15890884399414 8.15866374969482 8.15790843963623 8.15669727325439 8.15511417388916 8.15346813201904 8.15179252624512 8.15011024475098 8.14842510223389 8.14702320098877 8.14564418792725 8.14431667327881 8.14293766021729 8.14134120941162 8.1396427154541 8.13773059844971 8.13596248626709 8.13437271118164 8.13310146331787 8.1320629119873 8.13134860992432 8.13076877593994 8.1305103302002 8.13031482696533 8.13042259216309 8.13056755065918 8.1309642791748 8.13144683837891 8.13222980499268 8.13313674926758 8.13427639007568 8.13540077209473 8.13650798797607 8.13768482208252 8.13890743255615 8.1401424407959 8.14138221740723 8.14214420318604
8.1531400680542 8.15375518798828 8.15445137023926 8.15526008605957 8.15607738494873 8.15682792663574 8.1575288772583 8.15797328948975 8.1583080291748 8.15837955474854 8.15804386138916 8.157151222229 8.15585517883301 8.15422821044922 8.15258598327637 8.15093517303467 8.14933013916016 8.14773654937744 8.14635181427002 8.14497184753418 8.14344882965088 8.141845703125 8.13990592956543 8.13794136047363 8.1359224319458 8.13412475585938 8.13259601593018 8.1314640045166 8.1306209564209 8.13006401062012 8.12962532043457 8.12942600250244 8.1292724609375 8.12934017181396 8.1294412612915 8.12979888916016 8.13024139404297 8.13098430633545 8.13185691833496 8.13296794891357 8.13414096832275 8.1353816986084 8.13670253753662 8.13807773590088 8.13926124572754 8.14037609100342 8.14092254638672
8.15277194976807 8.15360450744629 8.15447521209717 8.15521907806396 8.15594863891602 8.15660762786865 8.15721797943115 8.15758609771729 8.15785217285156 8.15787029266357 8.15745067596436 8.15642833709717 8.15505313873291 8.15338802337646 8.15174961090088 8.15012454986572 8.14860439300537 8.14710998535156 8.14573097229004 8.14433574676514 8.14259815216064 8.14075565338135 8.13847827911377 8.13625717163086 8.13415431976318 8.13234519958496 8.13089561462402 8.12991523742676 8.12927627563477 8.12888145446777 8.12858772277832 8.12844371795654 8.12833023071289 8.12835121154785 8.12840366363525 8.12871265411377 8.12910652160645 8.12980270385742 8.1306324005127 8.13170719146729 8.13291931152344 8.13428115844727 8.13574695587158 8.13727951049805 8.13840675354004 8.1393871307373 8.13972663879395
8.15297222137451 8.15377902984619 8.15456295013428 8.15522003173828 8.15586280822754 8.15646362304688 8.15700912475586 8.15726566314697 8.15744304656982 8.15742778778076 8.15697765350342 8.15592956542969 8.15453910827637 8.15286827087402 8.15123844146729 8.14962863922119 8.14824867248535 8.14692401885986 8.14542865753174 8.14388561248779 8.1418285369873 8.13968372344971 8.13717269897461 8.13481903076172 8.1327953338623 8.13111019134521 8.12983798980713 8.12906932830811 8.12866687774658 8.12845230102539 8.12831497192383 8.12821102142334 8.12811279296875 8.1280574798584 8.12802791595459 8.12823390960693 8.12852478027344 8.12911510467529 8.12984752655029 8.13084602355957 8.1320219039917 8.13339138031006 8.13498306274414 8.13671779632568 8.1377420425415 8.13851070404053 8.13871479034424
8.15313339233398 8.15389728546143 8.15459060668945 8.15515518188477 8.15570640563965 8.15625286102295 8.15673542022705 8.15689754486084 8.1569995880127 8.15695571899414 8.1564826965332 8.15542030334473 8.15403175354004 8.15237522125244 8.15076160430908 8.14916896820068 8.14789867401123 8.14670467376709 8.14509201049805 8.14340305328369 8.14103412628174 8.13860321044922 8.13591003417969 8.133469581604 8.13155937194824 8.13002395629883 8.12894725799561 8.12839889526367 8.12823581695557 8.12817001342773 8.12814617156982 8.12804794311523 8.12793636322021 8.12781238555908 8.12770843505859 8.1278133392334 8.12800407409668 8.12850093841553 8.12914657592773 8.13006973266602 8.13121032714844 8.13258743286133 8.13428497314453 8.13618946075439 8.13709449768066 8.13763904571533 8.13772487640381
8.15314865112305 8.15380573272705 8.15439605712891 8.15485095977783 8.15529251098633 8.15579032897949 8.15622806549072 8.15635681152344 8.15643310546875 8.15637874603271 8.15591144561768 8.15487766265869 8.15354919433594 8.15197944641113 8.15040874481201 8.14883899688721 8.1475658416748 8.14636421203613 8.14462852478027 8.14280033111572 8.14015197753906 8.13749504089355 8.13480567932129 8.13244342803955 8.13077259063721 8.12948513031006 8.12866687774658 8.12837028503418 8.12845420837402 8.12842655181885 8.12835216522217 8.12814235687256 8.12790775299072 8.12774181365967 8.12759494781494 8.12760448455811 8.12771129608154 8.12815856933594 8.12874984741211 8.12960815429688 8.13071632385254 8.13209629058838 8.13382911682129 8.13578987121582 8.13650989532471 8.13678359985352 8.13681602478027
