Ecospace-environmental-drivers/Outputs/ASCII-for-ecospace/MOM6-ISIMIP3a/ph-surf/1982-06_ph-surf_MOM6-ISIMIP3a.asc
NCOLS 131 
NROWS 53 
XLLCORNER -98 
YLLCORNER 23.9265270233154 
CELLSIZE 0.133587792515755 
NODATA_value -9999 
[rows 21 to 41 of 53, columns 0 to 46 of 131]
-9999 -9999 -9999 -9999 -9999 -9999 8.15559768676758 8.15424823760986 8.1505823135376 8.14479064941406 8.13847255706787 8.13063907623291 8.13170146942139 8.13486766815186 8.13650035858154 8.13636589050293 8.13498115539551 8.13274002075195 8.13080406188965 8.12898540496826 8.12788963317871 8.12692260742188 8.12702751159668 8.12722492218018 8.12799549102783 8.12865543365479 8.12895774841309 8.12913227081299 8.12908458709717 8.12874794006348 8.12811374664307 8.12661361694336 8.124587059021 8.12251567840576 8.12042999267578 8.11956596374512 8.1188793182373 8.11936378479004 8.11992931365967 8.12101268768311 8.1222095489502 8.12371921539307 8.12516212463379 8.12650203704834 8.12794303894043 8.12947845458984 8.13104057312012
-9999 -9999 -9999 -9999 -9999 -9999 8.15579700469971 8.15559768676758 8.15289878845215 8.14904308319092 8.14479064941406 8.13998699188232 8.13714504241943 8.13818454742432 8.13822269439697 8.13710689544678 8.13530349731445 8.13302898406982 8.13099956512451 8.12906551361084 8.12762928009033 8.12628078460693 8.12578868865967 8.12536811828613 8.12539958953857 8.12537670135498 8.12517833709717 8.12491321563721 8.1245288848877 8.12397480010986 8.12324714660645 8.1219539642334 8.12031650543213 8.11857509613037 8.11679840087891 8.11569976806641 8.11470031738281 8.11443901062012 8.1142406463623 8.11443710327148 8.11472225189209 8.11525535583496 8.1157808303833 8.11629390716553 8.1169376373291 8.11770057678223 8.1185998916626
-9999 -9999 -9999 -9999 8.15481567382812 8.15561199188232 8.15602207183838 8.15577220916748 8.15559768676758 8.1501989364624 8.14558601379395 8.1439790725708 8.14239406585693 8.1408519744873 8.1391019821167 8.13711452484131 8.13499164581299 8.13277435302734 8.13076686859131 8.12883949279785 8.12712955474854 8.12545871734619 8.12441158294678 8.12341976165771 8.12276935577393 8.12212371826172 8.12149238586426 8.12084484100342 8.1201696395874 8.11943340301514 8.11863231658936 8.11758136749268 8.11637592315674 8.11505317687988 8.11369037628174 8.11249542236328 8.11132526397705 8.11041641235352 8.10954475402832 8.10891056060791 8.10833263397217 8.10791110992432 8.10752582550049 8.1071949005127 8.10701465606689 8.10697174072266 8.10715579986572
-9999 -9999 -9999 -9999 8.1530122756958 8.15461826324463 8.15520191192627 8.15602207183838 8.15569591522217 8.15154457092285 8.14739608764648 8.14326286315918 8.13959693908691 8.13685703277588 8.13447952270508 8.13251972198486 8.13063907623291 8.12881088256836 8.12720203399658 8.12567806243896 8.12426471710205 8.12287044525146 8.121901512146 8.12097263336182 8.12030220031738 8.11965847015381 8.11910057067871 8.11852550506592 8.11792373657227 8.11726379394531 8.11654376983643 8.11562252044678 8.114577293396 8.11354351043701 8.11251163482666 8.11161231994629 8.11073112487793 8.10993766784668 8.10916137695312 8.10849952697754 8.10785675048828 8.10726928710938 8.10668277740479 8.10609531402588 8.10556411743164 8.10508441925049 8.10470008850098
-9999 -9999 -9999 -9999 -9999 8.1530122756958 8.15423583984375 8.15438175201416 8.1554479598999 8.15211391448975 8.14819431304932 8.14203071594238 8.13667106628418 8.13289928436279 8.12995624542236 8.12796878814697 8.12625026702881 8.12471485137939 8.12341499328613 8.12220573425293 8.12105369567871 8.11991310119629 8.11906242370605 8.11824417114258 8.11764335632324 8.11708354949951 8.11665630340576 8.11620807647705 8.11571979522705 8.1151647567749 8.11454010009766 8.11375522613525 8.11287307739258 8.11208915710449 8.11133766174316 8.1106653213501 8.11000442504883 8.1093111038208 8.10862064361572 8.10795116424561 8.10727214813232 8.10656547546387 8.10582733154297 8.10504055023193 8.10422801971436 8.1033935546875 8.10254287719727
-9999 -9999 -9999 -9999 -9999 8.15157222747803 8.1530122756958 8.15352821350098 8.15368366241455 8.14928531646729 8.14455318450928 8.13853931427002 8.13317584991455 8.12910175323486 8.12586879730225 8.12360763549805 8.12170314788818 8.12004280090332 8.11865234375 8.11736583709717 8.11632919311523 8.11533737182617 8.11478137969971 8.11427879333496 8.11414241790771 8.11402893066406 8.11398792266846 8.11389255523682 8.11370086669922 8.11337471008301 8.11290836334229 8.11229133605957 8.11158275604248 8.11088085174561 8.11017990112305 8.10944366455078 8.10870265960693 8.1080379486084 8.10738277435303 8.10679721832275 8.10620307922363 8.10558891296387 8.10492420196533 8.10418128967285 8.10339260101318 8.10256290435791 8.10168933868408
-9999 -9999 8.14842319488525 8.14879131317139 8.1491756439209 8.15013027191162 8.15157413482666 8.15088844299316 8.14979553222656 8.14522552490234 8.14046859741211 8.13499546051025 8.12997627258301 8.12585544586182 8.12248039245605 8.11996459960938 8.11783885955811 8.11598014831543 8.1144323348999 8.11300373077393 8.11204051971436 8.11116123199463 8.11082935333252 8.11057186126709 8.11082553863525 8.1110897064209 8.11139297485352 8.11161804199219 8.11170482635498 8.11159896850586 8.11129379272461 8.11079883575439 8.11018753051758 8.10948181152344 8.10874366760254 8.10791683197021 8.10707855224609 8.10643672943115 8.10581302642822 8.10529899597168 8.1047830581665 8.10426330566406 8.10369396209717 8.10304546356201 8.1023416519165 8.10158634185791 8.10079002380371
-9999.000000000000000 -9999 -9999 -9999 8.14706802368164 8.14822196960449 8.14734268188477 8.1443510055542 8.14127254486084 8.1384801864624 8.13542079925537 8.13134098052979 8.12741947174072 8.12381267547607 8.12061500549316 8.11788940429688 8.11546611785889 8.11324787139893 8.11139392852783 8.10968017578125 8.10870456695557 8.10785865783691 8.10759925842285 8.10742950439453 8.10790824890137 8.10840511322021 8.10896110534668 8.10943222045898 8.10975742340088 8.10985469818115 8.10971736907959 8.10924243927002 8.10856246948242 8.10766792297363 8.1067008972168 8.1057243347168 8.10474872589111 8.10412216186523 8.10351753234863 8.10304832458496 8.10259342193604 8.10217666625977 8.10174942016602 8.10130500793457 8.1008186340332 8.10029315948486 8.09978866577148
-9999 -9999 -9999 -9999 8.14423084259033 8.14285278320312 8.14359378814697 8.13932609558105 8.13501644134521 8.13331127166748 8.13131237030029 8.12818813323975 8.12502861022949 8.12179660797119 8.11874485015869 8.11590003967285 8.1132984161377 8.11086273193359 8.10887145996094 8.10705184936523 8.10611629486084 8.10533618927002 8.10517597198486 8.10511016845703 8.10572719573975 8.10635852813721 8.10704135894775 8.10764980316162 8.10812854766846 8.10833168029785 8.10824966430664 8.10766124725342 8.106764793396 8.10563945770264 8.1044397354126 8.10345554351807 8.10250377655029 8.10200595855713 8.10152530670166 8.10115909576416 8.10081481933594 8.10053157806396 8.10025405883789 8.09998893737793 8.09969902038574 8.09938716888428 8.09912395477295
-9999 -9999 -9999 -9999 8.14223480224609 8.14161777496338 8.14085483551025 8.13620281219482 8.13160991668701 8.13012599945068 8.12838649749756 8.12566947937012 8.12284755706787 8.11981582641602 8.11686897277832 8.11401748657227 8.11138916015625 8.10891437530518 8.10699844360352 8.10529708862305 8.10446929931641 8.10379600524902 8.10376834869385 8.10382461547852 8.10447025299072 8.10511684417725 8.10576820373535 8.10637474060059 8.10690212249756 8.10708713531494 8.10692119598389 8.10604953765869 8.10474681854248 8.10334205627441 8.10190296173096 8.10108947753906 8.10036563873291 8.10013771057129 8.09991550445557 8.09972476959229 8.09955501556396 8.09944152832031 8.09932613372803 8.09920692443848 8.09908866882324 8.09897041320801 8.09887981414795
-9999 -9999 -9999 -9999 8.14161777496338 8.1406946182251 8.13961124420166 8.13451766967773 8.12945938110352 8.12795734405518 8.12622547149658 8.12361621856689 8.12091445922852 8.11803150177002 8.11521530151367 8.1124792098999 8.10993957519531 8.10753726959229 8.1057014465332 8.10408306121826 8.10332489013672 8.10271739959717 8.10282611846924 8.10300540924072 8.1036376953125 8.10426235198975 8.10486221313477 8.10542583465576 8.10592651367188 8.1060094833374 8.10566139221191 8.10454845428467 8.10296821594238 8.10150623321533 8.10008239746094 8.09945869445801 8.09894847869873 8.09889507293701 8.09884166717529 8.09879493713379 8.09876728057861 8.09879684448242 8.09881782531738 8.09882354736328 8.09883117675781 8.09883975982666 8.09890460968018
-9999 -9999 -9999 -9999 8.14064121246338 8.13961124420166 8.13388824462891 8.13391208648682 8.12825107574463 8.12655067443848 8.12463760375977 8.12191104888916 8.11916828155518 8.11639213562012 8.11373043060303 8.11119842529297 8.10883522033691 8.10658836364746 8.10483646392822 8.10327529907227 8.1025562286377 8.10198497772217 8.10223293304443 8.10253429412842 8.10312271118164 8.10369873046875 8.10423278808594 8.10472393035889 8.10513973236084 8.10505485534668 8.10445308685303 8.10313034057617 8.10136890411377 8.10001564025879 8.09879875183105 8.09837913513184 8.09807109832764 8.09811973571777 8.09817028045654 8.09824180603027 8.09833526611328 8.09848785400391 8.09862422943115 8.0987377166748 8.09883785247803 8.09892463684082 8.09912967681885
-9999 -9999 -9999 -9999 8.13961124420166 8.13252449035645 8.12953662872314 8.12751007080078 8.12742805480957 8.12545585632324 8.12328910827637 8.12037658691406 8.11755847930908 8.1149263381958 8.11242198944092 8.11006450653076 8.10781764984131 8.10564804077148 8.10397148132324 8.10248565673828 8.10174465179443 8.10113620758057 8.10147094726562 8.10186290740967 8.1025505065918 8.10320472717285 8.10374736785889 8.10420703887939 8.10451889038086 8.10428333282471 8.10348415374756 8.10208797454834 8.10032844543457 8.09908962249756 8.09802341461182 8.09774684906006 8.097580909729 8.09775352478027 8.09792423248291 8.09808158874512 8.09824466705322 8.09842777252197 8.09861278533936 8.09879875183105 8.09898662567139 8.0991735458374 8.09948444366455
-9999 -9999 -9999 -9999 -9999 8.1277494430542 8.12706089019775 8.12718772888184 8.12677001953125 8.12449550628662 8.12204360961914 8.11891460418701 8.11600685119629 8.11353492736816 8.11118984222412 8.10899257659912 8.10683727264404 8.10471057891846 8.10310554504395 8.10170269012451 8.10091590881348 8.1002368927002 8.10063743591309 8.10110569000244 8.10195446014404 8.10274028778076 8.10332489013672 8.10376930236816 8.10396957397461 8.103590965271 8.10261821746826 8.10120677947998 8.09952735900879 8.09840488433838 8.09746742248535 8.09730625152588 8.09725475311279 8.09756278991699 8.09785938262939 8.09808826446533 8.09830188751221 8.09847545623779 8.09867763519287 8.0989236831665 8.09919548034668 8.09949111938477 8.09989452362061
-9999 -9999 -9999 -9999 -9999 8.12656593322754 8.1266508102417 8.12648487091064 8.1262845993042 8.12347412109375 8.12061500549316 8.11756992340088 8.11476802825928 8.11244678497314 8.11009502410889 8.10770893096924 8.10551643371582 8.10345649719238 8.10194110870361 8.10063743591309 8.09985446929932 8.09916400909424 8.0995626449585 8.10005664825439 8.10113143920898 8.10212898254395 8.10286903381348 8.10341358184814 8.10361289978027 8.10319709777832 8.10214614868164 8.10079479217529 8.09926128387451 8.09817314147949 8.09723377227783 8.0970630645752 8.09700202941895 8.09743022918701 8.09783935546875 8.09812927246094 8.09839057922363 8.09856986999512 8.09877014160156 8.0990047454834 8.09928131103516 8.09959506988525 8.10000228881836
-9999 -9999 -9999 -9999 -9999 8.12590026855469 8.12598514556885 8.1262788772583 8.12583541870117 8.12244033813477 8.11914825439453 8.11624813079834 8.11359310150146 8.11142158508301 8.10902881622314 8.1063814163208 8.10412502288818 8.10213661193848 8.10071563720703 8.09951305389404 8.09874534606934 8.09805393218994 8.09843921661377 8.09894561767578 8.10026264190674 8.10148620605469 8.10240650177002 8.10307312011719 8.10329723358154 8.10286426544189 8.10175609588623 8.1004810333252 8.09910583496094 8.09803581237793 8.09706687927246 8.09686088562012 8.09676551818848 8.09731006622314 8.09782791137695 8.09817790985107 8.09848499298096 8.09867286682129 8.09886932373047 8.09907722473145 8.09934043884277 8.09965515136719 8.10004711151123
-9999 -9999 -9999 -9999 -9999 -9999 8.1250638961792 8.12519264221191 8.12491321563721 8.12147808074951 8.11815357208252 8.11525440216064 8.11249828338623 8.11002445220947 8.10739612579346 8.10459041595459 8.10237216949463 8.10055732727051 8.09934425354004 8.09836483001709 8.09775829315186 8.09721851348877 8.09749698638916 8.09791374206543 8.09934329986572 8.1007022857666 8.10183525085449 8.10268497467041 8.10304069519043 8.10271167755127 8.10167980194092 8.10050868988037 8.09925270080566 8.09814167022705 8.09708023071289 8.09670066833496 8.09642028808594 8.09696292877197 8.09748363494873 8.09786415100098 8.09819793701172 8.09839725494385 8.09857749938965 8.09872531890869 8.09887886047363 8.09903717041016 8.0992603302002
-9999 -9999 -9999 -9999 -9999 -9999 8.12400817871094 8.12371921539307 8.12394618988037 8.12046337127686 8.11710166931152 8.1141996383667 8.11133289337158 8.10853672027588 8.10568714141846 8.10277462005615 8.10062599182129 8.09900283813477 8.09801387786865 8.09727001190186 8.09683799743652 8.09646129608154 8.09663009643555 8.09695243835449 8.09845352172852 8.0999174118042 8.1012601852417 8.10229301452637 8.10278415679932 8.10256958007812 8.10162830352783 8.10055351257324 8.09939670562744 8.09823894500732 8.09708213806152 8.0965404510498 8.09609127044678 8.09662532806396 8.09714221954346 8.09754753112793 8.097900390625 8.09810829162598 8.09827041625977 8.09836292266846 8.09841156005859 8.09841918945312 8.09847545623779
-9999 -9999 -9999 -9999 -9999 -9999 8.12338733673096 8.12311172485352 8.12272071838379 8.11886596679688 8.11521339416504 8.11233901977539 8.10938453674316 8.10627555847168 8.10343933105469 8.10091972351074 8.09913349151611 8.09784984588623 8.09718799591064 8.09676647186279 8.09656810760498 8.09640979766846 8.09649085998535 8.09669876098633 8.0979118347168 8.09919261932373 8.10069179534912 8.10187530517578 8.10250759124756 8.10245037078857 8.10168266296387 8.10061645507812 8.09937000274658 8.09812355041504 8.0968770980835 8.0963716506958 8.09597587585449 8.09649467468262 8.0969934463501 8.09736061096191 8.09767627716064 8.09784889221191 8.09799289703369 8.09809303283691 8.09813404083252 8.09812355041504 8.09811782836914
-9999 -9999 -9999 -9999 -9999 8.12542247772217 8.1233377456665 8.12333202362061 8.1209888458252 8.11697673797607 8.11320018768311 8.11032009124756 8.10730457305908 8.1040210723877 8.10128307342529 8.09917449951172 8.09777736663818 8.09686756134033 8.09653282165527 8.09641933441162 8.09642791748047 8.09645748138428 8.09645557403564 8.0965518951416 8.09747409820557 8.09856128692627 8.10018062591553 8.10148525238037 8.10224056243896 8.10231876373291 8.10169887542725 8.10062980651855 8.09928703308105 8.09798812866211 8.09670448303223 8.09629249572754 8.09600639343262 8.09650802612305 8.09698486328125 8.09729957580566 8.09756374359131 8.09769058227539 8.09780597686768 8.09790325164795 8.09793663024902 8.09790992736816 8.09785461425781
-9999 -9999 -9999 -9999 8.12789821624756 8.12591648101807 8.12542247772217 8.12148475646973 8.11739921569824 8.11402225494385 8.1107234954834 8.10772323608398 8.10474109649658 8.1017951965332 8.09945964813232 8.09782981872559 8.09692192077637 8.096510887146 8.09650230407715 8.09664916992188 8.09676361083984 8.09687328338623 8.09679985046387 8.09679794311523 8.09741687774658 8.09826946258545 8.09987545013428 8.10119247436523 8.10200691223145 8.10214233398438 8.10158061981201 8.10046005249023 8.0989990234375 8.09778499603271 8.09665298461914 8.09653949737549 8.09657001495361 8.09704875946045 8.09749126434326 8.09769916534424 8.09786128997803 8.09789752960205 8.09794616699219 8.09801292419434 8.0980281829834 8.09799575805664 8.09794044494629
