Ecospace-environmental-drivers/Outputs/ASCII-for-ecospace/MOM6-ISIMIP3a/ph-surf/1984-02_ph-surf_MOM6-ISIMIP3a.asc
NCOLS 131 
NROWS 53 
XLLCORNER -98 
YLLCORNER 23.9265270233154 
CELLSIZE 0.133587792515755 
NODATA_value -9999 
[rows 21 to 41 of 53, columns 47 to 93 of 131]
8.2075777053833 8.208740234375 8.209885597229 8.2106294631958 8.21132946014404 8.21195220947266 8.21249389648438 8.21262836456299 8.21313953399658 8.21455860137939 8.21688652038574 8.22046089172363 8.22367572784424 8.22659587860107 8.22692680358887 8.22603034973145 8.22418022155762 8.22210216522217 8.21873188018799 8.21544933319092 8.21474456787109 8.2139778137207 8.21295166015625 8.21213340759277 8.21175479888916 8.21081447601318 8.20918846130371 8.20771408081055 8.20635032653809 8.20436096191406 8.20211219787598 8.19956588745117 8.19696044921875 8.19492435455322 8.19294738769531 8.19133567810059 8.18967437744141 8.18784141540527 8.18611145019531 8.18457412719727 8.18299388885498 8.18136787414551 8.18045043945312 8.17999076843262 8.1801233291626 8.18046951293945 8.18133068084717
8.21208000183105 8.2125244140625 8.21284198760986 8.21298122406006 8.21309947967529 8.21316909790039 8.21310806274414 8.21237754821777 8.21182155609131 8.21168899536133 8.21261215209961 8.21498489379883 8.21715641021729 8.219162940979 8.21946811676025 8.21896648406982 8.21789646148682 8.21669006347656 8.2134952545166 8.21031475067139 8.20933055877686 8.20837879180908 8.20755767822266 8.2067699432373 8.20605278015137 8.20486259460449 8.20309352874756 8.20106315612793 8.1988410949707 8.19642925262451 8.19394016265869 8.19148063659668 8.18902778625488 8.18746566772461 8.18598365783691 8.18495750427246 8.18391513824463 8.18282032012939 8.18178081512451 8.1808443069458 8.17991542816162 8.17899417877197 8.17863082885742 8.17862892150879 8.17892837524414 8.17933750152588 8.1801700592041
8.21658992767334 8.21625423431396 8.21568012237549 8.21521091461182 8.21475410461426 8.21431255340576 8.21368598937988 8.21212291717529 8.21052932739258 8.20886421203613 8.20838356018066 8.20952701568604 8.21053791046143 8.21144104003906 8.21160125732422 8.2114086151123 8.21110057830811 8.21076583862305 8.20781803131104 8.20480918884277 8.20352649688721 8.20238304138184 8.20182418823242 8.20108413696289 8.19996166229248 8.19845294952393 8.19647312164307 8.19387912750244 8.19083881378174 8.18812465667725 8.18554401397705 8.18329429626465 8.18111038208008 8.18011474609375 8.1792163848877 8.1788330078125 8.1784610748291 8.17812633514404 8.1777811050415 8.177414894104 8.17710304260254 8.17685127258301 8.17699146270752 8.17738437652588 8.17781543731689 8.17826080322266 8.1790599822998
8.21608543395996 8.2151460647583 8.21383190155029 8.21297168731689 8.21216106414795 8.21141719818115 8.21041965484619 8.20813083648682 8.20612812042236 8.20481395721436 8.20442771911621 8.20531368255615 8.20550727844238 8.20513439178467 8.20461368560791 8.20402240753174 8.20324897766113 8.20243167877197 8.1989164352417 8.19534111022949 8.19359302520752 8.19214820861816 8.19197177886963 8.19143009185791 8.19011497497559 8.18829441070557 8.18585681915283 8.18350124359131 8.18120574951172 8.1797981262207 8.17875957489014 8.17766571044922 8.17656230926514 8.1763916015625 8.17627239227295 8.17630863189697 8.17630672454834 8.17617034912109 8.17597675323486 8.17567920684814 8.17566585540771 8.17596435546875 8.17633056640625 8.17674160003662 8.1770715713501 8.17737293243408 8.17805004119873
8.2148962020874 8.21330547332764 8.21123790740967 8.20998573303223 8.20882511138916 8.20788669586182 8.20663833618164 8.20381641387939 8.20150852203369 8.20044040679932 8.20004653930664 8.20057773590088 8.20005416870117 8.19866752624512 8.19748592376709 8.19640159606934 8.19516086578369 8.19388294219971 8.1901273727417 8.18632316589355 8.18430423736572 8.18268203735352 8.18272495269775 8.18229007720947 8.18084812164307 8.17888450622559 8.17628288269043 8.17435741424561 8.17292499542236 8.17274856567383 8.17309284210205 8.17301654815674 8.1728572845459 8.17326545715332 8.17368698120117 8.17402648925781 8.17430210113525 8.17435359954834 8.17433547973633 8.17418575286865 8.17448234558105 8.17526531219482 8.17575073242188 8.17604446411133 8.17625713348389 8.17644023895264 8.17704963684082
8.21070575714111 8.20825386047363 8.20537376403809 8.20372295379639 8.20222949981689 8.20156669616699 8.20060062408447 8.19808864593506 8.19593524932861 8.19464683532715 8.19379806518555 8.19355297088623 8.19275283813477 8.19149780273438 8.1897439956665 8.18775463104248 8.18603992462158 8.18439102172852 8.18182849884033 8.17928123474121 8.17784118652344 8.17658996582031 8.17612934112549 8.17540454864502 8.17412281036377 8.17275428771973 8.17128086090088 8.17063045501709 8.17057991027832 8.17129516601562 8.17232608795166 8.17265701293945 8.17284965515137 8.17275428771973 8.17266941070557 8.17280387878418 8.17295169830322 8.17315196990967 8.17340469360352 8.17375373840332 8.17440891265869 8.17539596557617 8.17552661895752 8.17510318756104 8.17512989044189 8.17531871795654 8.1760950088501
8.20580768585205 8.202712059021 8.19918251037598 8.19716453552246 8.19534683227539 8.19479370117188 8.19398212432861 8.19185543060303 8.18996906280518 8.18866443634033 8.18758487701416 8.18681335449219 8.18585395812988 8.18474197387695 8.18274211883545 8.18032264709473 8.17848110198975 8.17677783966064 8.17523670196533 8.17374229431152 8.17275524139404 8.17180442810059 8.17100048065186 8.17009258270264 8.16896438598633 8.16806507110596 8.16744422912598 8.16771221160889 8.16862678527832 8.16987705230713 8.17126750946045 8.17190170288086 8.17238712310791 8.17199230194092 8.17160987854004 8.17167282104492 8.1718225479126 8.17227649688721 8.17279148101807 8.17341899871826 8.17410182952881 8.17484474182129 8.17464160919189 8.17382621765137 8.17396068572998 8.17443561553955 8.17533302307129
8.19936466217041 8.19610118865967 8.19227886199951 8.18995761871338 8.18783950805664 8.18703174591064 8.18609809875488 8.18452167510986 8.18314933776855 8.18227100372314 8.18144702911377 8.18069553375244 8.17983627319336 8.17888832092285 8.17735385894775 8.17554092407227 8.17433071136475 8.173264503479 8.17236614227295 8.17148590087891 8.17067527770996 8.16986846923828 8.16907024383545 8.168212890625 8.16722774505615 8.16652011871338 8.16615104675293 8.1665563583374 8.16752529144287 8.16854000091553 8.1695728302002 8.17028331756592 8.17092990875244 8.17068386077881 8.1704568862915 8.17074203491211 8.17117214202881 8.1721134185791 8.17287349700928 8.17329406738281 8.17328453063965 8.1728048324585 8.17231559753418 8.17181968688965 8.17269992828369 8.17407512664795 8.1749906539917
8.19232368469238 8.18956279754639 8.18627166748047 8.18416500091553 8.18222045898438 8.18139839172363 8.18053722381592 8.17947864532471 8.17854976654053 8.17793369293213 8.17726898193359 8.17653656005859 8.17572116851807 8.17483615875244 8.17368698120117 8.17241096496582 8.17158794403076 8.17087173461914 8.17023754119873 8.16960620880127 8.16894245147705 8.16827011108398 8.16755867004395 8.16678524017334 8.16588115692139 8.16525173187256 8.16496086120605 8.16536045074463 8.16626453399658 8.16701126098633 8.16769313812256 8.16835117340088 8.16900444030762 8.16904163360596 8.16909980773926 8.16958045959473 8.17025089263916 8.17158889770508 8.1724796295166 8.17254066467285 8.17199897766113 8.17079925537109 8.17020225524902 8.16999435424805 8.17133045196533 8.17322063446045 8.17435073852539
8.18452930450439 8.1831169128418 8.18139553070068 8.18015003204346 8.17897701263428 8.17844104766846 8.17789745330811 8.17731952667236 8.17674541473389 8.17618274688721 8.17555618286133 8.17484188079834 8.17399883270264 8.17305088043213 8.17218494415283 8.17135810852051 8.17061424255371 8.16989040374756 8.16904067993164 8.16820240020752 8.16764736175537 8.16709804534912 8.1665735244751 8.16592788696289 8.16502571105957 8.16433429718018 8.16389942169189 8.16411399841309 8.16480159759521 8.16524314880371 8.16558265686035 8.16602516174316 8.16648864746094 8.16697883605957 8.16748428344727 8.16812801361084 8.16898822784424 8.17060661315918 8.17148685455322 8.17099475860596 8.17012214660645 8.16883659362793 8.16835689544678 8.16839790344238 8.16982269287109 8.17174434661865 8.1733341217041
8.18045711517334 8.17972660064697 8.1788330078125 8.17800235748291 8.17719459533691 8.17679882049561 8.17639923095703 8.1759786605835 8.17549991607666 8.174880027771 8.17420101165771 8.17343997955322 8.17259311676025 8.17167568206787 8.1709508895874 8.17031860351562 8.16969203948975 8.1690673828125 8.16810321807861 8.16714382171631 8.16659832000732 8.16610050201416 8.16580581665039 8.1652660369873 8.16420841217041 8.16331386566162 8.16261577606201 8.16261863708496 8.1631326675415 8.16340160369873 8.16357040405273 8.16392612457275 8.16431999206543 8.16507720947266 8.16584587097168 8.16659069061279 8.1675386428833 8.16919994354248 8.17001152038574 8.1692419052124 8.168212890625 8.16690158843994 8.16651916503906 8.16673851013184 8.16828155517578 8.17030048370361 8.17221832275391
8.17917537689209 8.17862701416016 8.17800617218018 8.17725658416748 8.17650699615479 8.17614364624023 8.17575740814209 8.17525196075439 8.17467308044434 8.17391300201416 8.1731128692627 8.17225646972656 8.17142295837402 8.1706075668335 8.16991901397705 8.16928958892822 8.16880893707275 8.16836357116699 8.16736030578613 8.16634559631348 8.16573429107666 8.16523361206055 8.16520118713379 8.16475105285645 8.16341972351074 8.16221523284912 8.16116714477539 8.16093921661377 8.16130828857422 8.16150569915771 8.16163158416748 8.16199779510498 8.16241073608398 8.16329574584961 8.16418838500977 8.16498851776123 8.16594886779785 8.1674747467041 8.16817378997803 8.16733455657959 8.16627883911133 8.16498565673828 8.16468715667725 8.16503238677979 8.16671562194824 8.16888046264648 8.1710262298584
8.17883777618408 8.17820739746094 8.17754173278809 8.17682361602783 8.17611026763916 8.17565155029297 8.17517185211182 8.17457866668701 8.17390727996826 8.17304515838623 8.17216777801514 8.17126941680908 8.17040729522705 8.16957473754883 8.16891860961914 8.16834545135498 8.16804790496826 8.16781616210938 8.16702651977539 8.16619205474854 8.16524696350098 8.16448307037354 8.16447734832764 8.16399574279785 8.16250896453857 8.16107559204102 8.15970802307129 8.15916442871094 8.15922164916992 8.15929985046387 8.15938663482666 8.159743309021 8.16015338897705 8.1608829498291 8.16162776947021 8.16240692138672 8.16331195831299 8.16466522216797 8.16536140441895 8.16483592987061 8.16408061981201 8.16307258605957 8.16298770904541 8.16350078582764 8.16529941558838 8.16755867004395 8.16997814178467
8.17890548706055 8.17808055877686 8.17723178863525 8.17652606964111 8.17583751678467 8.17523002624512 8.17461013793945 8.17392730712891 8.17316722869873 8.17222023010254 8.17128467559814 8.17036533355713 8.16945743560791 8.16855812072754 8.16793346405029 8.16743755340576 8.16733932495117 8.16733551025391 8.16686916351318 8.16631412506104 8.16492176055908 8.16378211975098 8.16370296478271 8.16313743591309 8.161545753479 8.1599178314209 8.15824413299561 8.15734958648682 8.15702152252197 8.15696144104004 8.15701103210449 8.15734958648682 8.15774631500244 8.15820026397705 8.15868091583252 8.15940570831299 8.16022682189941 8.16139125823975 8.16213130950928 8.16208457946777 8.16176891326904 8.16115951538086 8.16134452819824 8.16204452514648 8.1639461517334 8.16627883911133 8.16899108886719
8.17867565155029 8.17788887023926 8.17704963684082 8.17639446258545 8.17576026916504 8.17516231536865 8.17453861236572 8.17377948760986 8.17295932769775 8.17198944091797 8.17101383209229 8.17002964019775 8.16907119750977 8.16813373565674 8.16753482818604 8.1670970916748 8.1671314239502 8.16727924346924 8.16684341430664 8.16628456115723 8.16452884674072 8.16301536560059 8.16251468658447 8.16163635253906 8.15996170043945 8.15825653076172 8.15651226043701 8.15544509887695 8.15487098693848 8.15459156036377 8.15443325042725 8.15466976165771 8.15498447418213 8.15535259246826 8.15575313568115 8.15645694732666 8.15727043151855 8.15847110748291 8.15936946868896 8.15970802307129 8.15977382659912 8.15954303741455 8.15992450714111 8.16070079803467 8.16282272338867 8.16542911529541 8.16760063171387
8.17838573455811 8.17768287658691 8.17689323425293 8.17629814147949 8.17572402954102 8.17516899108887 8.17456817626953 8.17373657226562 8.17286205291748 8.17188262939453 8.17086982727051 8.1698112487793 8.16880130767822 8.16783046722412 8.16725826263428 8.16687393188477 8.16702842712402 8.167311668396 8.16684341430664 8.16622257232666 8.16412162780762 8.16223430633545 8.16124057769775 8.16000270843506 8.1582498550415 8.15649127960205 8.15472602844238 8.15352344512939 8.15273094177246 8.15221500396729 8.15181350708008 8.15192985534668 8.15214824676514 8.15246963500977 8.15282917022705 8.15351963043213 8.15434074401855 8.15562438964844 8.15670490264893 8.15740966796875 8.15784549713135 8.15798854827881 8.15854930877686 8.15937995910645 8.16174793243408 8.1646671295166 8.1661262512207
8.17795181274414 8.17721748352051 8.17630386352539 8.1758337020874 8.1754093170166 8.17502784729004 8.17458343505859 8.17382335662842 8.17301750183105 8.17210483551025 8.17118835449219 8.17026710510254 8.16943359375 8.16867256164551 8.16817378997803 8.16780090332031 8.16770076751709 8.1676664352417 8.16655158996582 8.16529178619385 8.16301918029785 8.16093730926514 8.15966129302979 8.15821170806885 8.15639781951904 8.15463161468506 8.15292263031006 8.15167331695557 8.15075969696045 8.15023803710938 8.14987850189209 8.14999294281006 8.15020179748535 8.1505765914917 8.15098667144775 8.15167331695557 8.15247249603271 8.15366363525391 8.15471744537354 8.15551948547363 8.15607452392578 8.15636253356934 8.1569766998291 8.15780258178711 8.15999317169189 8.16267585754395 8.16397762298584
8.17747402191162 8.17672538757324 8.17570972442627 8.17534732818604 8.17505550384521 8.17483234405518 8.17453670501709 8.17386531829834 8.17314529418945 8.17230987548828 8.17149639129639 8.17071533203125 8.17005634307861 8.16949844360352 8.16907978057861 8.16872692108154 8.1683874130249 8.16805076599121 8.16625308990479 8.16432094573975 8.1618766784668 8.15960788726807 8.15806865692139 8.15642166137695 8.15454578399658 8.15278053283691 8.15115165710449 8.14988803863525 8.14889049530029 8.14838600158691 8.14808464050293 8.1481990814209 8.14839553833008 8.14881229400635 8.14925956726074 8.14992427825928 8.15068054199219 8.15175914764404 8.15276622772217 8.15364265441895 8.15430450439453 8.15473175048828 8.1554012298584 8.15622615814209 8.15827083587646 8.1607551574707 8.16194248199463
8.17658233642578 8.17606735229492 8.17526912689209 8.17481803894043 8.17440795898438 8.17413520812988 8.17383098602295 8.17337131500244 8.17284774780273 8.17217063903809 8.17147731781006 8.17076110839844 8.17014598846436 8.16961288452148 8.16930389404297 8.16909980773926 8.16884994506836 8.1685905456543 8.16603946685791 8.16333198547363 8.16065120697021 8.15816593170166 8.15649700164795 8.15472793579102 8.15274906158447 8.1510591506958 8.14972305297852 8.14875030517578 8.14804172515869 8.14768314361572 8.14746856689453 8.14754199981689 8.14767169952393 8.14795303344727 8.14825344085693 8.14867877960205 8.14919567108154 8.15003204345703 8.15087127685547 8.15171718597412 8.15245628356934 8.15307903289795 8.1538782119751 8.1547908782959 8.1572093963623 8.16016864776611 8.16144943237305
8.17547702789307 8.17517471313477 8.1746072769165 8.17411708831787 8.1736421585083 8.17334079742432 8.17304229736328 8.17276096343994 8.17241287231445 8.17190456390381 8.17135524749756 8.17074871063232 8.17020130157471 8.16970252990723 8.16943836212158 8.16928386688232 8.16900634765625 8.168701171875 8.16567230224609 8.16247463226318 8.15954494476318 8.15682983398438 8.1550121307373 8.15312767028809 8.15110206604004 8.14951038360596 8.14844799041748 8.1477575302124 8.14733791351318 8.14712429046631 8.14699649810791 8.14701747894287 8.14706707000732 8.14721488952637 8.14736938476562 8.14754676818848 8.14781856536865 8.14842128753662 8.149094581604 8.14990043640137 8.1506986618042 8.15148830413818 8.15238285064697 8.15334510803223 8.15589237213135 8.15900802612305 8.16054725646973
8.1735897064209 8.17342662811279 8.17313671112061 8.17278957366943 8.17244052886963 8.17218971252441 8.17194366455078 8.17172050476074 8.17147445678711 8.17117404937744 8.17085742950439 8.17051887512207 8.17012977600098 8.16970062255859 8.16924476623535 8.16877555847168 8.16803932189941 8.16723823547363 8.16474437713623 8.16209602355957 8.15887355804443 8.15588092803955 8.15384960174561 8.15187168121338 8.15000820159912 8.14859676361084 8.14773750305176 8.14729785919189 8.1471643447876 8.1470947265625 8.14705181121826 8.14698123931885 8.14690399169922 8.14692401885986 8.14693546295166 8.14682865142822 8.1468334197998 8.14723682403564 8.14775466918945 8.14848613739014 8.14927291870117 8.15011978149414 8.15098476409912 8.1518611907959 8.15364074707031 8.1557445526123 8.15814685821533
