Ecospace-environmental-drivers/Outputs/ASCII-for-ecospace/MOM6-ISIMIP3a/ph-surf/1984-07_ph-surf_MOM6-ISIMIP3a.asc
NCOLS 131 
NROWS 53 
XLLCORNER -98 
YLLCORNER 23.9265270233154 
CELLSIZE 0.133587792515755 
NODATA_value -9999 
[rows 0 to 20 of 53, columns 47 to 93 of 131]
-9999 -9999 -9999 -9999 -9999 -9999 -9999 -9999 -9999 -9999 -9999 -9999 -9999 -9999 -9999 -9999 -9999 -9999 -9999 -9999 -9999 -9999 -9999 -9999 -9999 -9999 -9999 -9999 -9999 -9999 -9999 -9999 -9999 -9999 -9999 -9999 -9999 -9999 -9999 -9999 -9999 -9999 -9999 -9999 -9999 -9999 -9999
-9999 -9999 -9999 -9999 -9999 -9999 -9999 -9999 -9999 -9999 -9999 -9999 -9999 -9999 -9999 -9999 -9999 -9999 -9999 -9999 -9999 -9999 -9999 -9999 -9999 -9999 -9999 -9999 -9999 -9999 -9999 -9999 -9999 -9999 -9999 -9999 -9999 -9999 -9999 -9999 -9999 -9999 -9999 -9999 -9999 -9999 -9999
-9999 -9999 -9999 -9999 -9999 -9999 -9999 -9999 -9999 -9999 -9999 -9999 -9999 -9999 -9999 -9999 -9999 -9999 -9999 -9999 -9999 -9999 -9999 -9999 -9999 -9999 -9999 8.10430812835693 8.10653972625732 -9999 -9999 -9999 -9999 -9999 -9999 -9999 -9999 -9999 -9999 -9999 -9999 -9999 -9999 -9999 -9999 -9999 -9999
-9999 -9999 -9999 -9999 -9999 -9999 -9999 -9999 -9999 -9999 -9999 -9999 -9999 -9999 -9999 -9999 -9999 -9999 -9999 -9999 -9999 -9999 -9999 -9999 -9999 -9999 -9999 8.10396480560303 8.10582828521729 -9999 -9999 -9999 -9999 -9999 -9999 -9999 -9999 -9999 -9999 -9999 -9999 -9999 -9999 -9999 -9999 -9999 -9999
-9999 -9999 -9999 -9999 -9999 -9999 -9999 -9999 -9999 -9999 -9999 -9999 -9999 -9999 -9999 -9999 -9999 -9999 7.99187421798706 7.99748706817627 8.00197696685791 8.02816772460938 8.04961204528809 8.08248138427734 8.09916019439697 8.10265159606934 8.10344219207764 8.10329818725586 8.10515308380127 8.10903453826904 -9999 -9999 8.12709522247314 8.1270694732666 8.12247562408447 8.11779022216797 8.11416149139404 8.11195278167725 8.1112060546875 8.11087989807129 8.11072826385498 8.11013317108154 -9999 -9999 -9999 -9999 -9999
-9999 -9999 -9999 -9999 -9999 -9999 -9999 -9999 -9999 -9999 -9999 -9999 -9999 -9999 7.80972623825073 -9999 7.79559803009033 7.78421068191528 7.88927173614502 7.99187421798706 7.99860954284668 8.00197696685791 8.05435848236084 8.09250164031982 8.10058498382568 8.10439300537109 8.10297584533691 8.10295867919922 8.10396003723145 8.10853958129883 8.11460304260254 8.1227445602417 8.13129615783691 8.12724494934082 8.12266826629639 8.11751365661621 8.11318874359131 8.11178207397461 8.11088848114014 8.11094760894775 8.11080265045166 8.11043453216553 8.10916137695312 8.10730075836182 -9999 -9999 -9999
-9999 -9999 -9999 -9999 -9999 -9999 -9999 -9999 -9999 -9999 8.01535987854004 8.0138692855835 8.01303482055664 8.01138877868652 7.91093683242798 7.81172895431519 7.80772352218628 7.79486036300659 7.78421068191528 7.89173030853271 7.99187421798706 8.00197696685791 8.05435848236084 8.09250164031982 8.10058498382568 8.10439300537109 8.10297584533691 8.10295867919922 8.10396003723145 8.10853958129883 8.11460304260254 8.1227445602417 8.13129615783691 8.12724494934082 8.12266826629639 8.11751365661621 8.11318874359131 8.11178207397461 8.11088848114014 8.11094760894775 8.11080265045166 8.11043453216553 8.10916137695312 8.10730075836182 8.10680866241455 8.10890483856201 -9999
-9999 -9999 -9999 -9999 -9999 -9999 -9999 -9999 -9999 -9999 8.02334976196289 8.01535987854004 8.01237964630127 -9999 8.01042366027832 7.91344451904297 7.81573486328125 7.80772352218628 7.79264688491821 7.78421068191528 7.8991060256958 8.00427150726318 8.0687198638916 8.11624431610107 8.12804222106934 8.13384914398193 8.13233184814453 8.13056468963623 8.12861728668213 8.12917423248291 8.13076972961426 8.13309383392334 8.1355619430542 8.1303186416626 8.12481689453125 8.11956977844238 8.11509799957275 8.1133508682251 8.11217594146729 8.11206531524658 8.11171436309814 8.11110401153564 8.11013889312744 8.1089448928833 8.10941791534424 8.11048889160156 8.11348915100098
-9999 -9999 -9999 -9999 -9999 -9999 -9999 -9999 -9999 -9999 -9999 -9999 -9999 -9999 8.00933456420898 8.01253795623779 7.9218921661377 7.82374572753906 7.80772352218628 7.78600597381592 7.90034914016724 8.00753593444824 8.08477687835693 8.14226150512695 8.15804195404053 8.1660041809082 8.16441249847412 8.16077327728271 8.15564250946045 8.15179443359375 8.14847660064697 8.14443588256836 8.14025402069092 8.1337251663208 8.12722873687744 8.12190246582031 8.11728668212891 8.1151647567749 8.11367321014404 8.11335372924805 8.11275863647461 8.11186408996582 8.11120796203613 8.11070537567139 8.110595703125 8.11062622070312 8.11429882049561
8.09145355224609 -9999 -9999 -9999 -9999 -9999 -9999 -9999 -9999 -9999 8.08718585968018 8.03153991699219 -9999 -9999 -9999 8.00920677185059 8.02497100830078 7.94381523132324 7.83976793289185 7.84889221191406 7.94454193115234 8.03508377075195 8.104248046875 8.15593433380127 8.17072105407715 8.17867088317871 8.17826271057129 8.17513275146484 8.17001819610596 8.1639347076416 8.15744972229004 8.15044784545898 8.14334487915039 8.13681125640869 8.1304759979248 8.12588405609131 8.12177753448486 8.11937522888184 8.11740398406982 8.11623096466064 8.11483383178711 8.11319446563721 8.11165809631348 8.11018848419189 8.11008167266846 8.11046314239502 8.11423683166504
8.08834362030029 8.0878849029541 -9999 -9999 -9999 -9999 -9999 -9999 -9999 -9999 8.12042713165283 8.09861660003662 8.03153991699219 -9999 -9999 7.99151468276978 8.02074432373047 8.06265449523926 7.98818588256836 7.91597604751587 7.99300813674927 8.0664644241333 8.12495899200439 8.16898536682129 8.18247032165527 8.19022655487061 8.19098377227783 8.18837928771973 8.18332862854004 8.17539119720459 8.166259765625 8.15690326690674 8.14750289916992 8.14101696014404 8.13485717773438 8.13082122802734 8.12705612182617 8.12424087524414 8.12167644500732 8.11957740783691 8.11730480194092 8.11484146118164 8.11237812042236 8.10991382598877 8.10967636108398 8.11023807525635 8.11397647857666
8.08834362030029 8.0869665145874 8.08448696136475 8.08083534240723 -9999 -9999 -9999 -9999 -9999 -9999 -9999 8.13839721679688 8.0978832244873 8.03153991699219 8.01535987854004 7.99151468276978 8.02074432373047 8.06265449523926 8.03356838226318 8.00557041168213 8.06439590454102 8.1184139251709 8.15231609344482 8.17870330810547 8.18922805786133 8.19583225250244 8.19764518737793 8.19566345214844 8.19091796875 8.18317699432373 8.17419624328613 8.16573905944824 8.15738487243652 8.1512336730957 8.1453161239624 8.14088153839111 8.13655662536621 8.13261699676514 8.12886047363281 8.12544441223145 8.12189197540283 8.11818981170654 8.11454486846924 8.11093616485596 8.10985374450684 8.10968017578125 8.11265087127686
8.08963298797607 8.08624935150146 8.08378791809082 8.08094501495361 -9999 -9999 -9999 -9999 8.06279850006104 8.09751987457275 8.12840270996094 8.15401363372803 8.13277435302734 8.07320308685303 8.04014015197754 8.01963329315186 8.04283237457275 8.07647323608398 8.07865810394287 8.0814094543457 8.12384414672852 8.16086387634277 8.17521667480469 8.18746185302734 8.19525527954102 8.20069599151611 8.20326232910156 8.20195293426514 8.19782161712646 8.19078540802002 8.18254661560059 8.17519092559814 8.16800785064697 8.16229915618896 8.15671730041504 8.15183925628662 8.146897315979 8.14172649383545 8.13670063018799 8.13194370269775 8.12714576721191 8.12230396270752 8.11751270294189 8.11275386810303 8.11054229736328 8.10924625396729 8.11103248596191
8.09414482116699 8.08869934082031 8.0839958190918 8.08094501495361 8.07777214050293 8.06671810150146 8.05705451965332 8.05446243286133 8.06279850006104 8.09751987457275 8.12840270996094 8.15401363372803 8.15593528747559 8.1384744644165 8.12687492370605 8.11805152893066 8.12014198303223 8.12483978271484 8.12301540374756 8.1228551864624 8.15344429016113 8.17956352233887 8.18697547912598 8.19381809234619 8.19945621490479 8.20370960235596 8.20626926422119 8.2057580947876 8.20300960540771 8.19794940948486 8.19193267822266 8.18618202209473 8.1804838180542 8.17548847198486 8.17047595977783 8.16504287719727 8.15933704376221 8.15267181396484 8.14618301391602 8.14002513885498 8.13406944274902 8.12833595275879 8.12248516082764 8.11655902862549 8.11250591278076 8.10912418365479 8.10868072509766
8.11027050018311 8.10162830352783 8.09297180175781 8.09016036987305 8.08780097961426 8.08148956298828 8.07623100280762 8.07632732391357 8.08541965484619 8.11623001098633 8.14370250701904 8.16659069061279 8.18054676055908 8.18719291687012 8.1879358291626 8.18588066101074 8.17676162719727 8.16595554351807 8.1618185043335 8.15956115722656 8.17798805236816 8.19338607788086 8.19610595703125 8.19920063018799 8.20308876037598 8.20623779296875 8.2084846496582 8.20839691162109 8.20661067962646 8.20303249359131 8.19871234893799 8.19422626495361 8.18970584869385 8.18531322479248 8.18081283569336 8.17522239685059 8.16922569274902 8.16179752349854 8.15449905395508 8.14743995666504 8.14072704315186 8.13439273834229 8.12781715393066 8.12108612060547 8.11563587188721 8.11064529418945 8.10827159881592
8.14281272888184 8.12937355041504 8.11434364318848 8.11240386962891 8.11200904846191 8.11714553833008 8.12251949310303 8.12910747528076 8.14002323150635 8.16139221191406 8.18063259124756 8.19694995880127 8.20720767974854 8.21250915527344 8.21269702911377 8.21046352386475 8.20413112640381 8.19681930541992 8.19277000427246 8.18956470489502 8.19538307189941 8.20031261444092 8.20151805877686 8.20320701599121 8.20591831207275 8.20808219909668 8.20957851409912 8.20938777923584 8.20796871185303 8.20517349243164 8.20180797576904 8.1981029510498 8.1943302154541 8.19038200378418 8.18631362915039 8.18112659454346 8.17550468444824 8.1683521270752 8.16116523742676 8.15391159057617 8.14700889587402 8.1404857635498 8.13365840911865 8.126633644104 8.12041664123535 8.11448955535889 8.11060810089111
8.16643905639648 8.15598392486572 8.14382839202881 8.14327144622803 8.14418697357178 8.15277767181396 8.16128063201904 8.16934204101562 8.17883110046387 8.19176578521729 8.20351409912109 8.21363162994385 8.21965789794922 8.22233581542969 8.22137928009033 8.21870040893555 8.21429347991943 8.20947360992432 8.2062873840332 8.20341014862061 8.20339679718018 8.20356941223145 8.204514503479 8.2058048248291 8.2078218460083 8.20928192138672 8.21006011962891 8.20940113067627 8.20769596099854 8.20515918731689 8.20227813720703 8.19907665252686 8.19581317901611 8.19212436676025 8.18830013275146 8.18331146240234 8.17793273925781 8.17118358612061 8.16438388824463 8.15749073028564 8.15091514587402 8.14468574523926 8.13812351226807 8.13134574890137 8.1248664855957 8.11849403381348 8.11362457275391
8.18255710601807 8.18163776397705 8.18014526367188 8.1814022064209 8.18307590484619 8.18838977813721 8.19370269775391 8.19901275634766 8.20433521270752 8.20968532562256 8.21456432342529 8.2187967300415 8.22014045715332 8.21912097930908 8.21652030944824 8.21317100524902 8.20996379852295 8.20679092407227 8.20512199401855 8.20364665985107 8.20351028442383 8.20373630523682 8.20547771453857 8.20721626281738 8.20894718170166 8.20993804931641 8.2100248336792 8.20859241485596 8.20605278015137 8.20333194732666 8.20053672790527 8.19760608673096 8.19465065002441 8.19106388092041 8.18732738494873 8.18236351013184 8.17711734771729 8.17087841033936 8.16470050811768 8.15863418579102 8.15282344818115 8.14729118347168 8.14142894744873 8.13535308837891 8.12903690338135 8.12263488769531 8.11721229553223
8.18417644500732 8.1857795715332 8.18720436096191 8.18874359130859 8.19037055969238 8.19405460357666 8.19776821136475 8.20163249969482 8.20517826080322 8.2079553604126 8.21016120910645 8.21158123016357 8.21093559265137 8.20859909057617 8.2055778503418 8.20223045349121 8.19978046417236 8.19754409790039 8.19736480712891 8.19740104675293 8.1985034942627 8.19993209838867 8.20273017883301 8.20524787902832 8.20717620849609 8.20803260803223 8.20758152008057 8.20559120178223 8.20247840881348 8.19936943054199 8.19626235961914 8.19354629516602 8.1909065246582 8.18751049041748 8.18394088745117 8.17895317077637 8.17376613616943 8.16787719726562 8.16218090057373 8.15684032440186 8.15182685852051 8.14716911315918 8.14220905303955 8.13705253601074 8.13127326965332 8.12526988983154 8.11970901489258
8.17870044708252 8.17939472198486 8.17994594573975 8.18101692199707 8.18220329284668 8.18506526947021 8.18795871734619 8.19101333618164 8.19395160675049 8.19661045074463 8.1981954574585 8.19830799102783 8.19699001312256 8.19450283050537 8.19165706634521 8.18864250183105 8.18673133850098 8.18508338928223 8.18638324737549 8.1879825592041 8.19099044799805 8.19418525695801 8.19816589355469 8.20162582397461 8.20398712158203 8.20487403869629 8.20396041870117 8.20151805877686 8.19796085357666 8.19436359405518 8.19074821472168 8.18821716308594 8.18589878082275 8.18273735046387 8.17937278747559 8.17433738708496 8.16917324066162 8.16355609893799 8.1582727432251 8.15361022949219 8.14940929412842 8.14571189880371 8.14175224304199 8.13762283325195 8.1325626373291 8.12716770172119 8.12166976928711
8.16945171356201 8.16990566253662 8.17018985748291 8.17081928253174 8.17152500152588 8.17330169677734 8.17509746551514 8.17698955535889 8.17891693115234 8.18092918395996 8.18212795257568 8.18221282958984 8.18137073516846 8.17977142333984 8.17791080474854 8.17592811584473 8.17502307891846 8.17437553405762 8.17683219909668 8.17962074279785 8.18414783477783 8.18866634368896 8.19314575195312 8.19687366485596 8.19901275634766 8.19939613342285 8.19763660430908 8.19454765319824 8.19049072265625 8.18677997589111 8.18321323394775 8.18107032775879 8.17920780181885 8.17639827728271 8.17336750030518 8.1685094833374 8.16350269317627 8.15797710418701 8.15287399291992 8.14855670928955 8.14489936828613 8.14196300506592 8.13885498046875 8.13563632965088 8.13138866424561 8.12677097320557 8.12182235717773
