Ecospace-environmental-drivers/Outputs/ASCII-for-ecospace/MOM6-ISIMIP3a/ph-surf/1984-05_ph-surf_MOM6-ISIMIP3a.asc
NCOLS 131 
NROWS 53 
XLLCORNER -98 
YLLCORNER 23.9265270233154 
CELLSIZE 0.133587792515755 
NODATA_value -9999 
[rows 21 to 41 of 53, columns 0 to 46 of 131]
-9999 -9999 -9999 -9999 -9999 -9999 8.13717555999756 8.1368522644043 8.13601589202881 8.13462543487549 8.13295364379883 8.12997627258301 8.13083553314209 8.13339614868164 8.13644313812256 8.14005184173584 8.14321327209473 8.14606857299805 8.14885997772217 8.15162754058838 8.15323448181152 8.15463638305664 8.15436458587646 8.15409564971924 8.15414714813232 8.15422058105469 8.15436458587646 8.15450572967529 8.15464019775391 8.15481472015381 8.155029296875 8.15500926971436 8.15484523773193 8.15456676483154 8.15424919128418 8.15378475189209 8.15330123901367 8.15290927886963 8.15251636505127 8.15211772918701 8.1517448425293 8.151442527771 8.15117931365967 8.15097904205322 8.15065383911133 8.15021514892578 8.14980697631836
-9999 -9999 -9999 -9999 -9999 -9999 8.13723373413086 8.13717555999756 8.13652992248535 8.13573169708252 8.13462543487549 8.1342601776123 8.13508033752441 8.13824462890625 8.14141654968262 8.14459800720215 8.14702415466309 8.14893245697021 8.15068054199219 8.15236663818359 8.1530237197876 8.15349960327148 8.15298461914062 8.15246391296387 8.15207099914551 8.1517448425293 8.15163230895996 8.15158367156982 8.15164566040039 8.15181541442871 8.1520938873291 8.15218734741211 8.15216827392578 8.15197849273682 8.15173244476318 8.15128517150879 8.1508092880249 8.15029811859131 8.14977645874023 8.14918994903564 8.14861011505127 8.14805221557617 8.14760494232178 8.14732646942139 8.14698505401611 8.14658355712891 8.14622688293457
-9999 -9999 -9999 -9999 8.14136123657227 8.13861560821533 8.13727760314941 8.13724803924561 8.13717555999756 8.13588333129883 8.13524150848389 8.13709449768066 8.13949871063232 8.142991065979 8.1460428237915 8.14858436584473 8.15011978149414 8.15096378326416 8.15169620513916 8.15238571166992 8.15232467651367 8.15213108062744 8.15149402618408 8.1508321762085 8.1500301361084 8.14933300018311 8.14897346496582 8.14873504638672 8.14871120452881 8.14885520935059 8.149169921875 8.14936256408691 8.14947986602783 8.14938354492188 8.14921474456787 8.14879894256592 8.14834690093994 8.14774513244629 8.14712238311768 8.14635848999023 8.14558792114258 8.14480113983154 8.14419078826904 8.14385223388672 8.14351940155029 8.14319229125977 8.14292621612549
-9999 -9999 -9999 -9999 8.14761638641357 8.14193344116211 8.13995361328125 8.13727760314941 8.13729190826416 8.13746738433838 8.13808059692383 8.14036464691162 8.14275169372559 8.14533996582031 8.14725780487061 8.14840126037598 8.14894676208496 8.14908027648926 8.14936256408691 8.14970302581787 8.149827003479 8.1499137878418 8.1494665145874 8.14899349212646 8.14839553833008 8.14784240722656 8.14742946624756 8.14708137512207 8.14684677124023 8.14675807952881 8.14682006835938 8.14686870574951 8.14691066741943 8.14678764343262 8.14661026000977 8.14621257781982 8.14578247070312 8.14526462554932 8.14471340179443 8.14394760131836 8.1432409286499 8.1426944732666 8.14224815368652 8.14195442199707 8.14173126220703 8.14157295227051 8.14147281646729
-9999 -9999 -9999 -9999 -9999 8.14761638641357 8.14288806915283 8.14262866973877 8.13790702819824 8.13939380645752 8.14108467102051 8.14355564117432 8.14569282531738 8.14716815948486 8.14787578582764 8.14769554138184 8.14734649658203 8.14688014984131 8.1467981338501 8.14686584472656 8.14715480804443 8.14748287200928 8.1472749710083 8.14703845977783 8.14666175842285 8.14627552032471 8.1458568572998 8.14546203613281 8.14510822296143 8.14484214782715 8.1446647644043 8.14454650878906 8.14446353912354 8.14428806304932 8.14408206939697 8.14371585845947 8.1433277130127 8.14291000366211 8.14245319366455 8.14174175262451 8.14113426208496 8.14081573486328 8.14053535461426 8.14031219482422 8.14020538330078 8.14020442962646 8.14024066925049
-9999 -9999 -9999 -9999 -9999 8.15018272399902 8.14761638641357 8.14402961730957 8.14071559906006 8.14281845092773 8.14481449127197 8.14640045166016 8.14726734161377 8.14671230316162 8.14587020874023 8.14469718933105 8.143874168396 8.14329051971436 8.14322185516357 8.14335060119629 8.14371299743652 8.14411735534668 8.14436531066895 8.14457511901855 8.14449405670166 8.14437866210938 8.14415454864502 8.14398860931396 8.14392471313477 8.14371871948242 8.14336490631104 8.14297294616699 8.14255714416504 8.14221000671387 8.14188575744629 8.14161396026611 8.14134979248047 8.14110851287842 8.14084434509277 8.14042949676514 8.14008617401123 8.1399393081665 8.13983249664307 8.13978862762451 8.13982391357422 8.13993167877197 8.13998031616211
-9999 -9999 8.15587329864502 8.15518951416016 8.15445327758789 8.15275287628174 8.15017986297607 8.14693355560303 8.14407062530518 8.14612293243408 8.1478328704834 8.14823627471924 8.14779853820801 8.1456995010376 8.14378929138184 8.14209747314453 8.14103412628174 8.14040374755859 8.14034175872803 8.14049911499023 8.14088153839111 8.14130401611328 8.14186573028564 8.14239120483398 8.14258098602295 8.14271831512451 8.14268398284912 8.14272212982178 8.14288711547852 8.14273262023926 8.14224910736084 8.14162540435791 8.14091682434082 8.1404390335083 8.14003944396973 8.13986873626709 8.13973140716553 8.13963413238525 8.13952922821045 8.13936805725098 8.13925170898438 8.13926029205322 8.13928699493408 8.13934326171875 8.1394214630127 8.1395206451416 8.13951969146729
-9999.000000000000000 -9999 -9999 -9999 8.15836334228516 8.15615272521973 8.1577205657959 8.15311717987061 8.14861965179443 8.1491641998291 8.14930057525635 8.14787101745605 8.1460542678833 8.14347171783447 8.14154243469238 8.14036750793457 8.13957595825195 8.13904666900635 8.13898181915283 8.1390962600708 8.13938140869141 8.13969612121582 8.14025974273682 8.14081287384033 8.14122486114502 8.14157295227051 8.14171886444092 8.14190673828125 8.14216709136963 8.14204692840576 8.14153671264648 8.14077377319336 8.13985729217529 8.1393404006958 8.13895702362061 8.13890266418457 8.13889503479004 8.13887310028076 8.13885402679443 8.13885116577148 8.13888263702393 8.13901042938232 8.13908386230469 8.13907051086426 8.13897705078125 8.13880920410156 8.13862323760986
-9999 -9999 -9999 -9999 8.16366863250732 8.16618537902832 8.16469478607178 8.15853404998779 8.1525354385376 8.15131855010986 8.14980506896973 8.14715099334717 8.14447021484375 8.14173603057861 8.13987350463867 8.13901615142822 8.13843250274658 8.13803672790527 8.13798999786377 8.13807678222656 8.13830184936523 8.1385498046875 8.1391077041626 8.13967132568359 8.14022541046143 8.14071750640869 8.14100646972656 8.14129829406738 8.1415958404541 8.14145469665527 8.14086151123047 8.13999080657959 8.13895034790039 8.138427734375 8.13807773590088 8.13810348510742 8.13817977905273 8.1382417678833 8.13831329345703 8.13844585418701 8.13857746124268 8.13870429992676 8.13872241973877 8.13857078552246 8.13830184936523 8.13792610168457 8.13759422302246
-9999 -9999 -9999 -9999 8.16742706298828 8.16866874694824 8.17020130157471 8.16298484802246 8.15565299987793 8.15235614776611 8.14909839630127 8.14598655700684 8.14309024810791 8.14061832427979 8.13892841339111 8.13814067840576 8.13768768310547 8.13746356964111 8.13745880126953 8.13753986358643 8.13775157928467 8.13798522949219 8.13852596282959 8.13907814025879 8.13967609405518 8.14022445678711 8.14061069488525 8.14095115661621 8.14121150970459 8.14097785949707 8.14023494720459 8.13929557800293 8.1382360458374 8.13774967193604 8.13745498657227 8.13751220703125 8.13761901855469 8.13777446746826 8.13794136047363 8.13818264007568 8.13835334777832 8.13832664489746 8.13816261291504 8.13778591156006 8.13733863830566 8.13682651519775 8.136399269104
-9999 -9999 -9999 -9999 8.16866874694824 8.17052459716797 8.17270278930664 8.16495990753174 8.15710639953613 8.15274333953857 8.14857387542725 8.14514923095703 8.14205074310303 8.1395959854126 8.13800048828125 8.13739681243896 8.13708209991455 8.13696575164795 8.13700008392334 8.13709259033203 8.13733100891113 8.13759613037109 8.13812160491943 8.13866329193115 8.13928604125977 8.13986873626709 8.14032077789307 8.14066791534424 8.14083290100098 8.14046955108643 8.13956451416016 8.13858985900879 8.13757228851318 8.13713359832764 8.13688659667969 8.13694763183594 8.13705253601074 8.13725757598877 8.13747310638428 8.13775825500488 8.13793468475342 8.13780689239502 8.13752460479736 8.13700008392334 8.13643455505371 8.13583183288574 8.13533401489258
-9999 -9999 -9999 -9999 8.17063236236572 8.17270278930664 8.16487693786621 8.16507625579834 8.15731143951416 8.15264129638672 8.14818668365479 8.14455795288086 8.14126682281494 8.13864517211914 8.13708591461182 8.13675117492676 8.13658142089844 8.13652420043945 8.13659381866455 8.13671112060547 8.13700771331787 8.13733673095703 8.13785171508789 8.13838386535645 8.13901615142822 8.13961601257324 8.14011001586914 8.14043235778809 8.14045715332031 8.13993835449219 8.13886070251465 8.1378755569458 8.13694763183594 8.13656330108643 8.13636112213135 8.13640403747559 8.13648223876953 8.13670253753662 8.13693141937256 8.1372127532959 8.13737010955811 8.13718223571777 8.13682746887207 8.13621520996094 8.13557720184326 8.13491535186768 8.13436508178711
-9999 -9999 -9999 -9999 8.17270278930664 8.16300106048584 8.15933704376221 8.15677070617676 8.15653228759766 8.1517391204834 8.1471471786499 8.14332675933838 8.13999462127686 8.13763046264648 8.13632583618164 8.13624668121338 8.1362190246582 8.13622856140137 8.13638114929199 8.13658809661865 8.13689994812012 8.13723087310791 8.13776397705078 8.13830947875977 8.13893222808838 8.13951110839844 8.13994979858398 8.14017009735107 8.14000988006592 8.13936424255371 8.13822078704834 8.13725662231445 8.13640213012695 8.13601875305176 8.13579368591309 8.13581275939941 8.13586616516113 8.13607215881348 8.1362886428833 8.13657283782959 8.13673400878906 8.13654804229736 8.13618850708008 8.13556098937988 8.13489437103271 8.13419055938721 8.13361930847168
-9999 -9999 -9999 -9999 -9999 8.15580558776855 8.15508651733398 8.15616321563721 8.15533256530762 8.15049362182617 8.14582824707031 8.14182186126709 8.13851356506348 8.13658714294434 8.13563346862793 8.13580131530762 8.1359167098999 8.13599586486816 8.13625144958496 8.13657474517822 8.13688468933105 8.13719177246094 8.1377534866333 8.13832473754883 8.1389274597168 8.13946914672852 8.13981151580811 8.13989734649658 8.1395320892334 8.13877391815186 8.13760948181152 8.13667869567871 8.13589000701904 8.13548564910889 8.13520908355713 8.1352014541626 8.13523101806641 8.13540840148926 8.13560104370117 8.13589286804199 8.13606643676758 8.13590908050537 8.13557434082031 8.1349630355835 8.13428592681885 8.13354873657227 8.13296890258789
-9999 -9999 -9999 -9999 -9999 8.15243434906006 8.15299320220947 8.15232467651367 8.15216064453125 8.14764595031738 8.14337253570557 8.14001655578613 8.13731002807617 8.13588809967041 8.13524723052979 8.13550472259521 8.13570976257324 8.13587760925293 8.13622188568115 8.13663387298584 8.13698196411133 8.13731956481934 8.13790130615234 8.13848304748535 8.13900566101074 8.13944816589355 8.13963317871094 8.13955307006836 8.13901138305664 8.13820934295654 8.13713932037354 8.13622188568115 8.13539695739746 8.13495540618896 8.13464069366455 8.13461494445801 8.13463020324707 8.13477611541748 8.13493919372559 8.1352014541626 8.1353645324707 8.13524913787842 8.13495826721191 8.13439655303955 8.13373851776123 8.1329927444458 8.13242244720459
-9999 -9999 -9999 -9999 -9999 8.14910411834717 8.14922523498535 8.15049171447754 8.14858055114746 8.1444673538208 8.14068126678467 8.13814926147461 8.13616371154785 8.13526058197021 8.13492393493652 8.13523960113525 8.13552284240723 8.13578224182129 8.13621234893799 8.13670825958252 8.13710308074951 8.13748073577881 8.13808250427246 8.13866996765137 8.13910007476807 8.13943099975586 8.13944530487061 8.13919448852539 8.13848114013672 8.13765048980713 8.13669872283936 8.13578987121582 8.13490772247314 8.13442516326904 8.13407611846924 8.13403415679932 8.13403606414795 8.13415145874023 8.13428115844727 8.13450717926025 8.1346549987793 8.13458442687988 8.13434314727783 8.1338357925415 8.13320255279541 8.13245582580566 8.13189697265625
-9999 -9999 -9999 -9999 -9999 -9999 8.14509391784668 8.14485836029053 8.14457988739014 8.14158058166504 8.13883399963379 8.13705253601074 8.1356086730957 8.13483047485352 8.1345796585083 8.13493537902832 8.13530254364014 8.13567733764648 8.13613796234131 8.13663196563721 8.13708305358887 8.13752555847168 8.13815975189209 8.13876438140869 8.13908672332764 8.13931560516357 8.13924598693848 8.13892841339111 8.13817882537842 8.13729763031006 8.13628101348877 8.13531684875488 8.13438510894775 8.13390731811523 8.13358020782471 8.13354110717773 8.13354301452637 8.13362312316895 8.13371086120605 8.13384056091309 8.13392448425293 8.13387775421143 8.1336669921875 8.13320064544678 8.13261032104492 8.13190460205078 8.13139247894287
-9999 -9999 -9999 -9999 -9999 -9999 8.14119720458984 8.13993263244629 8.14071846008301 8.138840675354 8.13712787628174 8.13604354858398 8.13509559631348 8.13441753387451 8.13423824310303 8.13463401794434 8.13508033752441 8.1355619430542 8.13604736328125 8.13653469085693 8.13703441619873 8.13753604888916 8.13820934295654 8.13883686065674 8.13905715942383 8.13919067382812 8.13904190063477 8.13866138458252 8.1378755569458 8.13693714141846 8.13584136962891 8.1348237991333 8.13385391235352 8.13338756561279 8.13309001922607 8.133056640625 8.13306045532227 8.13310527801514 8.13314914703369 8.13318634033203 8.13320541381836 8.13317394256592 8.1329870223999 8.13255786895752 8.1320104598999 8.13135242462158 8.13088989257812
-9999 -9999 -9999 -9999 -9999 -9999 8.13795280456543 8.13880062103271 8.13855648040771 8.13753318786621 8.13652992248535 8.13559913635254 8.13475704193115 8.1340913772583 8.13393497467041 8.13436794281006 8.13484382629395 8.13534736633301 8.13581848144531 8.1362771987915 8.13675498962402 8.13723659515381 8.13800430297852 8.13871574401855 8.1389045715332 8.13900089263916 8.13879776000977 8.13834381103516 8.13745498657227 8.13639354705811 8.13515472412109 8.13413619995117 8.13325214385986 8.13285636901855 8.13262367248535 8.1326150894165 8.1326379776001 8.13264465332031 8.13265037536621 8.13264942169189 8.1326208114624 8.13251972198486 8.13229179382324 8.13187026977539 8.13136577606201 8.13078689575195 8.13041114807129
-9999 -9999 -9999 -9999 -9999 8.13342475891113 8.13555335998535 8.13512516021729 8.13674926757812 8.13643455505371 8.13601398468018 8.13519096374512 8.13442611694336 8.13377285003662 8.13363933563232 8.13410663604736 8.13458633422852 8.13507461547852 8.13554286956787 8.13600254058838 8.13645553588867 8.13690757751465 8.13771629333496 8.13846302032471 8.13863086700439 8.13869857788086 8.13844203948975 8.13791465759277 8.13691520690918 8.13574886322021 8.13441181182861 8.1334228515625 8.13264751434326 8.1323299407959 8.13216590881348 8.13218116760254 8.13222122192383 8.13219928741455 8.13217544555664 8.13213348388672 8.13205814361572 8.13189125061035 8.13162517547607 8.13120460510254 8.13074398040771 8.13024520874023 8.12995529174805
-9999 -9999 -9999 -9999 8.13028430938721 8.13243770599365 8.13342475891113 8.13486289978027 8.13624668121338 8.13609981536865 8.13579940795898 8.13491725921631 8.13411808013916 8.13348579406738 8.13337326049805 8.13386154174805 8.13425636291504 8.13458824157715 8.13509178161621 8.13566112518311 8.13607883453369 8.13646984100342 8.13712215423584 8.13772964477539 8.13791275024414 8.13798236846924 8.13768196105957 8.13707637786865 8.13593578338623 8.13473224639893 8.13346290588379 8.13261795043945 8.13203144073486 8.13182067871094 8.13173580169678 8.1317720413208 8.1318244934082 8.13181018829346 8.13178539276123 8.13169574737549 8.13157367706299 8.13136005401611 8.13105964660645 8.1306266784668 8.130202293396 8.12978649139404 8.12958240509033
