Ecospace-environmental-drivers/Outputs/ASCII-for-ecospace/MOM6-ISIMIP3a/ph-surf/1986-05_ph-surf_MOM6-ISIMIP3a.asc
NCOLS 131 
NROWS 53 
XLLCORNER -98 
YLLCORNER 23.9265270233154 
CELLSIZE 0.133587792515755 
NODATA_value -9999 
[rows 21 to 41 of 53, columns 0 to 46 of 131]
-9999 -9999 -9999 -9999 -9999 -9999 8.13678359985352 8.13680076599121 8.13685321807861 8.13684844970703 8.13595294952393 8.13382816314697 8.13458633422852 8.13684558868408 8.13958930969238 8.14289093017578 8.14555263519287 8.1477746963501 8.14983463287354 8.15183162689209 8.15315341949463 8.15435600280762 8.15306091308594 8.1517391204834 8.1506519317627 8.14959239959717 8.1486234664917 8.14775466918945 8.14705944061279 8.14663028717041 8.1464729309082 8.14636993408203 8.14630126953125 8.14620590209961 8.14610195159912 8.14608097076416 8.14607429504395 8.14658641815186 8.14708709716797 8.14751052856445 8.14790058135986 8.14819526672363 8.14852333068848 8.14890098571777 8.14915180206299 8.1492862701416 8.14902210235596
-9999 -9999 -9999 -9999 -9999 -9999 8.13679122924805 8.13678359985352 8.13681793212891 8.136962890625 8.13684844970703 8.13718223571777 8.13802719116211 8.13988208770752 8.14211654663086 8.14478778839111 8.14667797088623 8.14803218841553 8.14894676208496 8.14969253540039 8.14995861053467 8.15013980865479 8.14899349212646 8.14783382415771 8.14681529998779 8.14584732055664 8.14504337310791 8.14431953430176 8.14373588562012 8.14334678649902 8.14315605163574 8.14305305480957 8.14300155639648 8.14294052124023 8.14287567138672 8.14276885986328 8.14265823364258 8.14291858673096 8.14318656921387 8.14350318908691 8.14379787445068 8.14403057098389 8.14429569244385 8.14461135864258 8.14479351043701 8.14485454559326 8.14457607269287
-9999 -9999 -9999 -9999 8.13858699798584 8.13736343383789 8.13677787780762 8.13681316375732 8.13678359985352 8.13685321807861 8.13736724853516 8.13958072662354 8.14145660400391 8.14266300201416 8.14419460296631 8.14610290527344 8.14716243743896 8.14763927459717 8.14744567871094 8.14699268341064 8.1464147567749 8.14581394195557 8.14493465423584 8.14405250549316 8.14319229125977 8.14239883422852 8.14182186126709 8.14127540588379 8.14077949523926 8.14040374755859 8.14015007019043 8.14002323150635 8.13997173309326 8.13993644714355 8.13990592956543 8.13972759246826 8.13953018188477 8.13954639434814 8.13958358764648 8.1397647857666 8.13993453979492 8.14007568359375 8.14025592803955 8.14049625396729 8.14061164855957 8.14061164855957 8.14035701751709
-9999 -9999 -9999 -9999 8.14138031005859 8.13882637023926 8.13794898986816 8.13677787780762 8.13687896728516 8.13816833496094 8.13942623138428 8.14056301116943 8.14163208007812 8.14256477355957 8.14368724822998 8.14502906799316 8.14580726623535 8.14620018005371 8.14627552032471 8.14622688293457 8.14571762084961 8.14512634277344 8.14420795440674 8.1432991027832 8.14252948760986 8.14186954498291 8.14156246185303 8.14119720458984 8.14073085784912 8.14024639129639 8.13974380493164 8.13948059082031 8.13936424255371 8.13921165466309 8.13904762268066 8.13883304595947 8.13861179351807 8.13845443725586 8.13829326629639 8.13810539245605 8.13796710968018 8.13796615600586 8.13801097869873 8.13812732696533 8.13814163208008 8.13806056976318 8.13781833648682
-9999 -9999 -9999 -9999 -9999 8.14138031005859 8.13920021057129 8.13911914825439 8.13709735870361 8.13927364349365 8.14108848571777 8.14151954650879 8.1420783996582 8.14288806915283 8.14375495910645 8.14468765258789 8.14521408081055 8.1454610824585 8.14565086364746 8.14581680297852 8.1453161239624 8.14469718933105 8.14372730255127 8.14277648925781 8.14204502105713 8.14145469665527 8.14131832122803 8.1410665512085 8.14060974121094 8.14004707336426 8.13937568664551 8.13901329040527 8.13883781433105 8.13858222961426 8.13829803466797 8.13802814483643 8.13776016235352 8.13742542266846 8.13706588745117 8.13655185699463 8.13615894317627 8.13610172271729 8.136061668396 8.13604831695557 8.13595962524414 8.13580226898193 8.13559150695801
-9999 -9999 -9999 -9999 -9999 8.14399242401123 8.14138031005859 8.13952541351318 8.13785266876221 8.13945960998535 8.14101219177246 8.14236259460449 8.14371013641357 8.14505577087402 8.14634227752686 8.14756202697754 8.14795970916748 8.14779281616211 8.14741897583008 8.14696502685547 8.14621257781982 8.14540767669678 8.14432716369629 8.14325904846191 8.14234066009521 8.14154434204102 8.14114284515381 8.14069747924805 8.14017295837402 8.13966751098633 8.13918113708496 8.13887310028076 8.138671875 8.13836765289307 8.13803005218506 8.137619972229 8.13720035552979 8.13666820526123 8.1361198425293 8.13546371459961 8.13505172729492 8.13531970977783 8.13541316986084 8.1352367401123 8.13504219055176 8.13483047485352 8.13472652435303
-9999 -9999 8.14959716796875 8.14896678924561 8.14833831787109 8.14660835266113 8.14398956298828 8.14143085479736 8.13917064666748 8.14036846160889 8.14176845550537 8.14393901824951 8.14585018157959 8.14724731445312 8.14854526519775 8.1497278213501 8.14982604980469 8.14917850494385 8.14823055267334 8.14716720581055 8.14615535736084 8.1451530456543 8.14399337768555 8.14285087585449 8.14188766479492 8.14102554321289 8.14049530029297 8.13997173309326 8.13946151733398 8.139084815979 8.1388463973999 8.13864707946777 8.13847064971924 8.13814735412598 8.13777542114258 8.13727951049805 8.13676643371582 8.13608455657959 8.1353874206543 8.13459491729736 8.13409614562988 8.13441467285156 8.13450336456299 8.13423728942871 8.13402557373047 8.13386344909668 8.13391208648682
-9999.000000000000000 -9999 -9999 -9999 8.15195274353027 8.15006923675537 8.15166473388672 8.14660835266113 8.14171695709229 8.14285755157471 8.14433860778809 8.14711952209473 8.14909934997559 8.14949226379395 8.1499080657959 8.15034866333008 8.14977359771729 8.1485013961792 8.14695644378662 8.14530563354492 8.14401817321777 8.14279556274414 8.14162063598633 8.14049911499023 8.13980102539062 8.13918209075928 8.13881778717041 8.13846969604492 8.13814830780029 8.13805866241455 8.13820648193359 8.1382360458374 8.1381950378418 8.13791275024414 8.13755035400391 8.13708686828613 8.13660717010498 8.13587760925293 8.13512229919434 8.13420677185059 8.13347148895264 8.13323974609375 8.13302326202393 8.13282775878906 8.13279342651367 8.13290596008301 8.13320541381836
-9999 -9999 -9999 -9999 8.15676212310791 8.15918064117432 8.15806674957275 8.15161800384521 8.14546680450439 8.14608192443848 8.14707088470459 8.14948749542236 8.15091037750244 8.15036773681641 8.15002346038818 8.1499080657959 8.14886569976807 8.14718723297119 8.14523887634277 8.14318656921387 8.14171600341797 8.14034938812256 8.13921737670898 8.1381664276123 8.13774394989014 8.13738632202148 8.13724327087402 8.13711833953857 8.13702487945557 8.1371488571167 8.1374979019165 8.13767623901367 8.13775062561035 8.13754367828369 8.13724327087402 8.13681125640869 8.1363582611084 8.13555908203125 8.13472080230713 8.13364124298096 8.13270282745361 8.13215732574463 8.13180160522461 8.13174057006836 8.13189125061035 8.13223648071289 8.13272857666016
-9999 -9999 -9999 -9999 8.16010856628418 8.16103744506836 8.16218376159668 8.15641784667969 8.15073108673096 8.15023136138916 8.1500072479248 8.15083312988281 8.15091323852539 8.14951801300049 8.14856815338135 8.14813232421875 8.14688205718994 8.14507102966309 8.14296340942383 8.1407413482666 8.13920593261719 8.13779258728027 8.13677501678467 8.13585948944092 8.13572216033936 8.13565158843994 8.13579750061035 8.13595676422119 8.13613891601562 8.13638687133789 8.13670444488525 8.13692855834961 8.1370964050293 8.13700580596924 8.1368293762207 8.13643074035645 8.13599681854248 8.13510036468506 8.1341495513916 8.13285350799561 8.13175201416016 8.13118839263916 8.1309061050415 8.13105869293213 8.13140487670898 8.13193130493164 8.13253784179688
-9999 -9999 -9999 -9999 8.16103744506836 8.16242504119873 8.16405391693115 8.15960502624512 8.1551399230957 8.15323352813721 8.15155696868896 8.15076065063477 8.14967823028564 8.14802837371826 8.14680099487305 8.14605903625488 8.14460849761963 8.14267063140869 8.14049339294434 8.13822460174561 8.13683795928955 8.1356086730957 8.13484954833984 8.13418674468994 8.13423824310303 8.13434600830078 8.13463878631592 8.13494777679443 8.13528537750244 8.13561248779297 8.13593006134033 8.13617706298828 8.13638305664062 8.13636589050293 8.13627529144287 8.13591766357422 8.13551902770996 8.13457298278809 8.13356971740723 8.13219833374023 8.13103771209717 8.13046264648438 8.13023281097412 8.13053798675537 8.13103008270264 8.13169384002686 8.13233280181885
-9999 -9999 -9999 -9999 8.16250514984131 8.16405391693115 8.16154479980469 8.16158199310303 8.15890789031982 8.15537452697754 8.15206718444824 8.14962577819824 8.14751529693604 8.1460599899292 8.14479923248291 8.14376163482666 8.14211845397949 8.14005756378174 8.13787937164307 8.13565349578857 8.13457679748535 8.13370323181152 8.13331127166748 8.13298892974854 8.13315582275391 8.13336277008057 8.13369560241699 8.13405418395996 8.1344575881958 8.1348295211792 8.13516902923584 8.13542366027832 8.1356258392334 8.13565063476562 8.13561534881592 8.13530540466309 8.13495254516602 8.13399505615234 8.13298511505127 8.13164234161377 8.13049983978271 8.12991714477539 8.12972545623779 8.13013935089111 8.13073825836182 8.13150787353516 8.13211536407471
-9999 -9999 -9999 -9999 8.16405391693115 8.16184139251709 8.16127300262451 8.16093730926514 8.16046333312988 8.15548419952393 8.15083980560303 8.14747524261475 8.14481544494629 8.14354705810547 8.14220523834229 8.14077758789062 8.13910007476807 8.13724899291992 8.13553619384766 8.13387680053711 8.13310813903809 8.13249683380127 8.13229179382324 8.13213729858398 8.13232803344727 8.13255023956299 8.13287544250488 8.13321781158447 8.13358688354492 8.13392639160156 8.13423442840576 8.13446807861328 8.1346549987793 8.13469314575195 8.13468170166016 8.13436412811279 8.13399982452393 8.13308238983154 8.1321268081665 8.130934715271 8.12992382049561 8.12941837310791 8.12929630279541 8.12976741790771 8.13042831420898 8.13126468658447 8.13184928894043
-9999 -9999 -9999 -9999 -9999 8.16041088104248 8.16049575805664 8.16130065917969 8.16107082366943 8.15472412109375 8.14886856079102 8.14488983154297 8.14188385009766 8.14080047607422 8.1393575668335 8.13749980926514 8.13585472106934 8.13435554504395 8.13331031799316 8.13243961334229 8.13197898864746 8.131591796875 8.13149547576904 8.13143539428711 8.1316089630127 8.13181209564209 8.13210964202881 8.13240528106689 8.13269901275635 8.13297271728516 8.13322639465332 8.13342666625977 8.13359260559082 8.13363361358643 8.13363170623779 8.13328266143799 8.13288307189941 8.13202571868896 8.13115119934082 8.13016223907471 8.12933158874512 8.12893962860107 8.1289005279541 8.1294059753418 8.1301097869873 8.13099670410156 8.13156223297119
-9999 -9999 -9999 -9999 -9999 8.15889358520508 8.15946292877197 8.15924835205078 8.15888404846191 8.1523904800415 8.14640426635742 8.14236068725586 8.13928604125977 8.13813304901123 8.13685894012451 8.13544464111328 8.13424968719482 8.13320636749268 8.13235664367676 8.13158226013184 8.13115501403809 8.13078880310059 8.13071155548096 8.13065910339355 8.13076114654541 8.13089466094971 8.13112735748291 8.13134288787842 8.13152694702148 8.1317024230957 8.13186836242676 8.13203144073486 8.13219356536865 8.13223934173584 8.13224697113037 8.13189792633057 8.13149738311768 8.13072109222412 8.12994956970215 8.12920761108398 8.12860870361328 8.12841320037842 8.12849712371826 8.12901210784912 8.12971210479736 8.13058185577393 8.13113021850586
-9999 -9999 -9999 -9999 -9999 8.15637969970703 8.1567211151123 8.15783977508545 8.15611839294434 8.14973163604736 8.14383888244629 8.13984203338623 8.13675785064697 8.1354808807373 8.13443088531494 8.13364219665527 8.13298511505127 8.13241672515869 8.13166618347168 8.13084411621094 8.13039302825928 8.13000869750977 8.1299295425415 8.12986755371094 8.12988662719727 8.12993907928467 8.13010120391846 8.13022899627686 8.13029766082764 8.13036727905273 8.13043785095215 8.13056468963623 8.13072490692139 8.13077735900879 8.13079357147217 8.13045120239258 8.13005638122559 8.12936496734619 8.12870216369629 8.12821388244629 8.12785911560059 8.1278772354126 8.12809276580811 8.12861251831055 8.12929916381836 8.1301383972168 8.13066864013672
-9999 -9999 -9999 -9999 -9999 -9999 8.15295600891113 8.15307521820068 8.15260791778564 8.1471471786499 8.14209747314453 8.13862323760986 8.13588905334473 8.13461971282959 8.13369083404541 8.13315582275391 8.13252735137939 8.13183307647705 8.13101768493652 8.13015651702881 8.12972164154053 8.12936210632324 8.12925624847412 8.12915420532227 8.12903594970703 8.12894916534424 8.1289644241333 8.12896823883057 8.12895011901855 8.12894535064697 8.12895488739014 8.12903594970703 8.1291618347168 8.12919902801514 8.12920761108398 8.12893962860107 8.12863159179688 8.12815570831299 8.12770748138428 8.12743949890137 8.12728023529053 8.12742042541504 8.12770748138428 8.12821960449219 8.12888526916504 8.12969207763672 8.13022708892822
-9999 -9999 -9999 -9999 -9999 -9999 8.14906597137451 8.14795398712158 8.14907360076904 8.14457988739014 8.14041042327881 8.13747882843018 8.13511943817139 8.1338939666748 8.13308143615723 8.13274765014648 8.13209819793701 8.13123321533203 8.13035678863525 8.12947559356689 8.12906455993652 8.12873554229736 8.12860107421875 8.12845706939697 8.12820148468018 8.12797355651855 8.12783432006836 8.12770843505859 8.12760734558105 8.12753200531006 8.12748241424561 8.12751960754395 8.12760829925537 8.12763214111328 8.12763404846191 8.12744808197021 8.12723541259766 8.12698364257812 8.12675762176514 8.12669944763184 8.12672233581543 8.12697410583496 8.12732410430908 8.12782859802246 8.12847328186035 8.12924861907959 8.12979221343994
-9999 -9999 -9999 -9999 -9999 -9999 8.14481639862061 8.14616775512695 8.14563465118408 8.14216136932373 8.13891124725342 8.13651371002197 8.13463020324707 8.13376426696777 8.13305759429932 8.13253593444824 8.1315975189209 8.13037204742432 8.12953281402588 8.12884330749512 8.12852001190186 8.12826156616211 8.12809085845947 8.12790012359619 8.12752532958984 8.12715816497803 8.12681674957275 8.12653732299805 8.12636947631836 8.12624263763428 8.12615776062012 8.12615871429443 8.12621021270752 8.12623500823975 8.12624931335449 8.12619400024414 8.12612915039062 8.12614440917969 8.12616443634033 8.12620735168457 8.12631416320801 8.12659645080566 8.12696075439453 8.12745380401611 8.12808227539062 8.12883567810059 8.12942981719971
-9999 -9999 -9999 -9999 -9999 8.13799667358398 8.14087772369385 8.1403284072876 8.14238834381104 8.13983154296875 8.13742160797119 8.13557815551758 8.13417339324951 8.13363552093506 8.1330041885376 8.13226509094238 8.13107967376709 8.12958717346191 8.1287841796875 8.12824726104736 8.12799263000488 8.12778759002686 8.12757682800293 8.12733554840088 8.12684345245361 8.12634468078613 8.12582683563232 8.12540531158447 8.12515163421631 8.12496280670166 8.12483882904053 8.12481498718262 8.12485122680664 8.12489604949951 8.12494373321533 8.12502574920654 8.12511444091797 8.1253604888916 8.12559223175049 8.12573909759521 8.12592697143555 8.12622928619385 8.12659931182861 8.12707424163818 8.12768173217773 8.12841129302979 8.12905502319336
-9999 -9999 -9999 -9999 8.13815021514893 8.13786315917969 8.13799667358398 8.13901805877686 8.13984966278076 8.13782596588135 8.13596820831299 8.13475227355957 8.13383483886719 8.13351058959961 8.13284111022949 8.13177299499512 8.1304988861084 8.12908363342285 8.12830924987793 8.12778282165527 8.12752437591553 8.12731266021729 8.12704658508301 8.12674331665039 8.12613964080811 8.12553691864014 8.12494087219238 8.12441444396973 8.1240119934082 8.1237211227417 8.12354373931885 8.12353706359863 8.12363338470459 8.12377166748047 8.12392330169678 8.12417411804199 8.12443828582764 8.12477588653564 8.12510204315186 8.12535381317139 8.12561511993408 8.12590026855469 8.12624359130859 8.12667560577393 8.12724685668945 8.12794494628906 8.12863636016846
