Ecospace-environmental-drivers/Outputs/ASCII-for-ecospace/MOM6-ISIMIP3a/ph-surf/1986-09_ph-surf_MOM6-ISIMIP3a.asc
NCOLS 131 
NROWS 53 
XLLCORNER -98 
YLLCORNER 23.9265270233154 
CELLSIZE 0.133587792515755 
NODATA_value -9999 
[rows 21 to 41 of 53, columns 47 to 93 of 131]
8.11576366424561 8.11549377441406 8.11543750762939 8.11609649658203 8.1168212890625 8.11734008789062 8.11780166625977 8.11796855926514 8.11892890930176 8.12180519104004 8.12461853027344 8.12734317779541 8.12809085845947 8.12722015380859 8.12450695037842 8.12092113494873 8.11845588684082 8.1162576675415 8.11424922943115 8.1123218536377 8.11136341094971 8.1105318069458 8.11023235321045 8.10983276367188 8.10922050476074 8.10840702056885 8.10734748840332 8.1066312789917 8.10616588592529 8.1083869934082 8.11171913146973 8.1182746887207 8.12546443939209 8.13253688812256 8.13937377929688 8.14395904541016 8.14789772033691 8.14956188201904 8.14985656738281 8.14760875701904 8.14601421356201 8.1451301574707 8.14514350891113 8.14573764801025 8.14525699615479 8.14439105987549 8.14412879943848
8.10601711273193 8.10569953918457 8.10546112060547 8.10576152801514 8.10611534118652 8.10646533966064 8.10675621032715 8.10674571990967 8.10723209381104 8.10891914367676 8.1107349395752 8.11272811889648 8.11363697052002 8.11365795135498 8.1123046875 8.11030006408691 8.10867118835449 8.1071310043335 8.10589981079102 8.10473537445068 8.10421562194824 8.10379314422607 8.10377979278564 8.10372734069824 8.10359001159668 8.1033296585083 8.10291767120361 8.10298156738281 8.1033935546875 8.10603332519531 8.10959529876709 8.11585521697998 8.12264633178711 8.1299991607666 8.13710784912109 8.14164161682129 8.14567279815674 8.1479320526123 8.14893817901611 8.14761734008789 8.14655780792236 8.14578151702881 8.14507007598877 8.14439964294434 8.1428747177124 8.14104270935059 8.14047145843506
8.09712028503418 8.09690189361572 8.09665012359619 8.09667205810547 8.0967264175415 8.09688758850098 8.09699440002441 8.09682559967041 8.09685707092285 8.09737014770508 8.09815692901611 8.09932041168213 8.10022830963135 8.10092735290527 8.10076141357422 8.10018539428711 8.09939575195312 8.09855461120605 8.09813213348389 8.09775924682617 8.0977029800415 8.09770202636719 8.09792995452881 8.09816551208496 8.09841442108154 8.09864044189453 8.09883689880371 8.09964942932129 8.10090923309326 8.10391330718994 8.10763931274414 8.11348819732666 8.11975288391113 8.1273307800293 8.13466644287109 8.13914966583252 8.14327812194824 8.14615726470947 8.14789581298828 8.1475191116333 8.14692783355713 8.14610385894775 8.14461135864258 8.14268493652344 8.14015293121338 8.13740348815918 8.13654899597168
8.09263134002686 8.09253787994385 8.09243011474609 8.09245586395264 8.09249782562256 8.09260082244873 8.09268760681152 8.09269714355469 8.09282207489014 8.09322834014893 8.09377384185791 8.09451198577881 8.09517860412598 8.09578514099121 8.09604835510254 8.09614849090576 8.09621810913086 8.09628009796143 8.09648036956787 8.09668827056885 8.09687900543213 8.09706878662109 8.09725761413574 8.09742164611816 8.09753131866455 8.09776878356934 8.0981616973877 8.09924983978271 8.10084438323975 8.10377788543701 8.10726547241211 8.11207389831543 8.11714172363281 8.12424659729004 8.13117122650146 8.13559246063232 8.13968467712402 8.14262104034424 8.1445140838623 8.14446926116943 8.14382171630859 8.14251708984375 8.14059066772461 8.13826179504395 8.13525009155273 8.13199329376221 8.13118076324463
8.08878421783447 8.08879661560059 8.08880996704102 8.08884239196777 8.08887767791748 8.08894443511963 8.08903121948242 8.08922386169434 8.08946895599365 8.08984375 8.09024238586426 8.09067535400391 8.09118270874023 8.09175109863281 8.09239768981934 8.0930814743042 8.09385204315186 8.09464263916016 8.09531688690186 8.09596347808838 8.09632015228271 8.09663391113281 8.09676551818848 8.09687614440918 8.09693813323975 8.09727573394775 8.09795093536377 8.09933853149414 8.10124588012695 8.10405921936035 8.10724925994873 8.11098861694336 8.11483573913574 8.12128734588623 8.12762832641602 8.13194465637207 8.13595485687256 8.13888931274414 8.14086437225342 8.14105796813965 8.14037418365479 8.13873291015625 8.13642692565918 8.13368988037109 8.13025951385498 8.12657928466797 8.12588691711426
8.08775234222412 8.08778667449951 8.0878210067749 8.08787250518799 8.08792877197266 8.08805370330811 8.08822441101074 8.08862686157227 8.08910751342773 8.08977699279785 8.09044075012207 8.09109687805176 8.09181308746338 8.09257793426514 8.09340667724609 8.09426403045654 8.09504127502441 8.09579753875732 8.09629440307617 8.09675312042236 8.09692478179932 8.09706497192383 8.09706783294678 8.09720134735107 8.09761333465576 8.09844303131104 8.0997838973999 8.1015739440918 8.1036901473999 8.10617256164551 8.10880756378174 8.11134815216064 8.11387062072754 8.11887454986572 8.12387275695801 8.12790012359619 8.13162708282471 8.13429927825928 8.13604354858398 8.13606548309326 8.13543128967285 8.13408088684082 8.13163280487061 8.12847328186035 8.12488842010498 8.12115097045898 8.12091827392578
8.08691692352295 8.08696746826172 8.08701610565186 8.08709812164307 8.08718967437744 8.08743476867676 8.08773994445801 8.08835315704346 8.08902359008789 8.08983516693115 8.09063053131104 8.09140396118164 8.0922679901123 8.09320545196533 8.09417629241943 8.0951623916626 8.09595584869385 8.09670162200928 8.09711074829102 8.09747982025146 8.09761905670166 8.09773731231689 8.09776973724365 8.09804248809814 8.09882164001465 8.10003662109375 8.10178470611572 8.1037425994873 8.10585498809814 8.10794258117676 8.11001968383789 8.11163997650146 8.11316967010498 8.11682605743408 8.12054443359375 8.12410163879395 8.12739372253418 8.12975025177002 8.13127136230469 8.1312427520752 8.13066959381104 8.12950134277344 8.12699031829834 8.12360954284668 8.12006855010986 8.11647129058838 8.11692714691162
8.08651161193848 8.08656597137451 8.08661651611328 8.08675289154053 8.08691024780273 8.08740901947021 8.08796119689941 8.08878421783447 8.0895471572876 8.09016704559326 8.0908031463623 8.09146404266357 8.09234237670898 8.09339809417725 8.09442520141602 8.09543895721436 8.09627056121826 8.09705924987793 8.09757614135742 8.09807109832764 8.09850597381592 8.09893703460693 8.09934902191162 8.10000896453857 8.10119342803955 8.10256004333496 8.10414886474609 8.10576725006104 8.10740661621094 8.10896110534668 8.1104793548584 8.11178398132324 8.11304569244385 8.11556911468506 8.11814975738525 8.12084197998047 8.12336444854736 8.12529182434082 8.12660884857178 8.12679195404053 8.12630176544189 8.12507915496826 8.12267971038818 8.11951923370361 8.11645412445068 8.11342239379883 8.11507034301758
8.0863037109375 8.08634948730469 8.08639335632324 8.08660507202148 8.08684921264648 8.08750343322754 8.08817577362061 8.088942527771 8.08961486816406 8.09005928039551 8.09061717987061 8.09133052825928 8.09232234954834 8.09354209899902 8.0946798324585 8.09577941894531 8.09668827056885 8.09755229949951 8.09818458557129 8.09880256652832 8.09943008422852 8.10006237030029 8.10071754455566 8.10158061981201 8.10288524627686 8.10419273376465 8.10550403594971 8.10675430297852 8.10795974731445 8.10908031463623 8.11016654968262 8.11120986938477 8.11224365234375 8.11392593383789 8.11564922332764 8.11753463745117 8.11934089660645 8.1208667755127 8.1219367980957 8.12215995788574 8.12175559997559 8.12067031860352 8.11862087249756 8.11594867706299 8.11352252960205 8.11118507385254 8.11355781555176
8.08634662628174 8.08636951446533 8.08639335632324 8.08670806884766 8.08706378936768 8.08774662017822 8.08837985992432 8.08875560760498 8.08910655975342 8.08939838409424 8.0899772644043 8.09095191955566 8.09218215942383 8.0936222076416 8.09493923187256 8.09619808197021 8.09723377227783 8.09821605682373 8.09897232055664 8.09971046447754 8.10039806365967 8.10109424591064 8.10182094573975 8.10265636444092 8.10372066497803 8.10470390319824 8.10558891296387 8.10643577575684 8.10725402832031 8.10806846618652 8.10888290405273 8.10973167419434 8.11058712005615 8.11179733276367 8.11301422119141 8.11416816711426 8.11532306671143 8.11648368835449 8.11725330352783 8.11729907989502 8.11698532104492 8.11627864837646 8.1148796081543 8.11303329467773 8.11145305633545 8.1099681854248 8.11248111724854
8.08639240264893 8.08638477325439 8.08638286590576 8.08670043945312 8.08706283569336 8.08774566650391 8.08834171295166 8.08849620819092 8.08867740631104 8.08892154693604 8.08952808380127 8.09063053131104 8.09194755554199 8.09344005584717 8.09480857849121 8.09611892700195 8.09719944000244 8.09822463989258 8.0990571975708 8.0998706817627 8.10061168670654 8.10134696960449 8.10205936431885 8.10279655456543 8.10358810424805 8.10429573059082 8.10490036010742 8.10545253753662 8.1059684753418 8.10654449462891 8.10714530944824 8.10775279998779 8.10836219787598 8.10913372039795 8.10989856719971 8.11053466796875 8.11121082305908 8.11202526092529 8.11258029937744 8.11265468597412 8.11256122589111 8.11228370666504 8.11158847808838 8.11062240600586 8.10976600646973 8.10894966125488 8.11123752593994
8.08644008636475 8.08639812469482 8.08636283874512 8.08661079406738 8.08690166473389 8.08756160736084 8.08812236785889 8.0881814956665 8.08830547332764 8.08858299255371 8.08922100067139 8.09035396575928 8.09164333343506 8.09306049346924 8.09438514709473 8.09566593170166 8.09672927856445 8.09774017333984 8.09861278533936 8.09947109222412 8.10025787353516 8.10101509094238 8.10164642333984 8.10223484039307 8.10272884368896 8.103196144104 8.10363006591797 8.10397243499756 8.104248046875 8.10463428497314 8.10506629943848 8.10539817810059 8.10571002960205 8.10606861114502 8.10642147064209 8.10670185089111 8.10702705383301 8.10751056671143 8.10791492462158 8.10817241668701 8.10839748382568 8.10858726501465 8.10863494873047 8.10859107971191 8.10836696624756 8.10807800292969 8.1098690032959
8.0865306854248 8.08647441864014 8.08642387390137 8.08655738830566 8.08672428131104 8.08732318878174 8.08782768249512 8.08785057067871 8.08795356750488 8.08824920654297 8.0888500213623 8.08987045288086 8.0909948348999 8.09220314025879 8.09339618682861 8.09458160400391 8.09564018249512 8.09666728973389 8.09759712219238 8.09850978851318 8.09928321838379 8.09999656677246 8.10046195983887 8.10084247589111 8.10104179382324 8.10125255584717 8.10147857666016 8.10157203674316 8.10157012939453 8.10171604156494 8.1019229888916 8.10204792022705 8.1021556854248 8.10229110717773 8.10242652893066 8.10256671905518 8.10275459289551 8.10311222076416 8.1034984588623 8.10393905639648 8.10439968109131 8.10488224029541 8.10536193847656 8.10583877563477 8.10618209838867 8.10647678375244 8.1081428527832
8.08663845062256 8.08657836914062 8.08652019500732 8.08651828765869 8.08654022216797 8.08706283569336 8.08750057220459 8.0875129699707 8.08761024475098 8.08791637420654 8.08845043182373 8.08929920196533 8.0901985168457 8.09114170074463 8.09216499328613 8.09322738647461 8.0942850112915 8.0953426361084 8.09633636474609 8.09730911254883 8.09804153442383 8.09868335723877 8.09894561767578 8.09909343719482 8.09899997711182 8.09894847869873 8.09894847869873 8.09877681732178 8.09848022460938 8.09836387634277 8.09832286834717 8.09827041625977 8.09821510314941 8.09820747375488 8.09820938110352 8.09830284118652 8.09844589233398 8.09876251220703 8.09918785095215 8.09981346130371 8.10047435760498 8.10117340087891 8.10195064544678 8.1027774810791 8.10366058349609 8.10456275939941 8.10626411437988
8.08657360076904 8.08654499053955 8.08652114868164 8.08650493621826 8.08650398254395 8.08686828613281 8.08717823028564 8.08721446990967 8.08729553222656 8.08748817443848 8.08786296844482 8.0884895324707 8.08917331695557 8.08990669250488 8.09078025817871 8.09172058105469 8.09279537200928 8.09390163421631 8.09483528137207 8.09573554992676 8.09631633758545 8.09680938720703 8.09693336486816 8.09693336486816 8.09667015075684 8.0964937210083 8.09642314910889 8.09628582000732 8.09609985351562 8.09601020812988 8.09596061706543 8.09588623046875 8.09580707550049 8.09570503234863 8.09561061859131 8.09560489654541 8.09564304351807 8.0958309173584 8.09615039825439 8.09670925140381 8.09736633300781 8.09812927246094 8.0990047454834 8.09995365142822 8.10098934173584 8.1020565032959 8.10387229919434
8.08647346496582 8.0864839553833 8.086501121521 8.08649730682373 8.08649730682373 8.0866870880127 8.08685684204102 8.08692359924316 8.08698654174805 8.08703994750977 8.08723640441895 8.08763027191162 8.08810138702393 8.08863639831543 8.08936405181885 8.09018325805664 8.09127712249756 8.09243679046631 8.09328556060791 8.09408569335938 8.09449100494385 8.09481811523438 8.09481811523438 8.09468746185303 8.09428024291992 8.09400749206543 8.09389781951904 8.09385681152344 8.09386539459229 8.09386157989502 8.09385299682617 8.09378910064697 8.09371566772461 8.09352874755859 8.09334564208984 8.09323120117188 8.0931510925293 8.09319305419922 8.09337520599365 8.09381675720215 8.09442710876465 8.09522151947021 8.09615516662598 8.0971794128418 8.09828853607178 8.09942817687988 8.10137462615967
8.08640480041504 8.08642673492432 8.08645725250244 8.08648872375488 8.08652496337891 8.08665561676025 8.08677101135254 8.0868034362793 8.08680629730225 8.08673667907715 8.08678340911865 8.08699035644531 8.08737850189209 8.08791637420654 8.08865928649902 8.08949851989746 8.09046745300293 8.09146690368652 8.0920991897583 8.09268856048584 8.09300422668457 8.09326457977295 8.09329605102539 8.09322547912598 8.09293842315674 8.09276580810547 8.09273147583008 8.09283256530762 8.09303283691406 8.09319972991943 8.09335327148438 8.09328937530518 8.09318256378174 8.09291172027588 8.09263610839844 8.09236335754395 8.09211254119873 8.09194183349609 8.09190654754639 8.09212398529053 8.09255695343018 8.09322261810303 8.09409332275391 8.09509754180908 8.09621429443359 8.09737014770508 8.09914875030518
8.08635520935059 8.08638477325439 8.08642196655273 8.08648681640625 8.08655548095703 8.08663558959961 8.08670139312744 8.08670043945312 8.08664512634277 8.08645915985107 8.08636474609375 8.08639621734619 8.08671188354492 8.08726024627686 8.08802127838135 8.08888339996338 8.0897159576416 8.09054183959961 8.09096050262451 8.09134101867676 8.09158706665039 8.09179878234863 8.09187030792236 8.09186935424805 8.09171295166016 8.09164905548096 8.09169960021973 8.09194660186768 8.09233570098877 8.09266662597656 8.09297370910645 8.09289932250977 8.09275054931641 8.09238529205322 8.09200572967529 8.09156894683838 8.09114551544189 8.09076881408691 8.09052658081055 8.09053134918213 8.09078693389893 8.09131526947021 8.09211349487305 8.09308624267578 8.09420871734619 8.095383644104 8.09698963165283
8.08648204803467 8.08648872375488 8.0864953994751 8.08654594421387 8.08660125732422 8.08665943145752 8.08670616149902 8.08669948577881 8.08662509918213 8.08638858795166 8.0862340927124 8.08619403839111 8.08647537231445 8.08701992034912 8.08775997161865 8.08859157562256 8.08924961090088 8.08986568450928 8.09014511108398 8.09040832519531 8.09075546264648 8.09105968475342 8.09118461608887 8.09125900268555 8.09122467041016 8.09128189086914 8.0914478302002 8.09185028076172 8.09242343902588 8.09280490875244 8.09310722351074 8.09292507171631 8.09264659881592 8.09207439422607 8.09148597717285 8.09084224700928 8.09023952484131 8.08978366851807 8.08947086334229 8.08942604064941 8.08958339691162 8.08996105194092 8.09063339233398 8.09149551391602 8.09263801574707 8.09388160705566 8.0953950881958
8.08662414550781 8.08660411834717 8.08657550811768 8.08660793304443 8.08664608001709 8.08668327331543 8.08671379089355 8.08670520782471 8.08661651611328 8.08633613586426 8.08612823486328 8.08602237701416 8.08626079559326 8.08678245544434 8.08749294281006 8.08829307556152 8.08880996704102 8.08925914764404 8.08944702148438 8.08963394165039 8.09006881713867 8.09045028686523 8.09061527252197 8.0907506942749 8.09082698822021 8.09098243713379 8.09123420715332 8.09177589416504 8.092529296875 8.09295082092285 8.09323692321777 8.09293746948242 8.0925235748291 8.09172439575195 8.09091091156006 8.09008979797363 8.08933925628662 8.08883857727051 8.08848190307617 8.0883960723877 8.08847141265869 8.08872318267822 8.08927440643311 8.09002017974854 8.09116172790527 8.09244632720947 8.09389209747314
8.08682537078857 8.08676338195801 8.08667850494385 8.08667850494385 8.08668804168701 8.08670997619629 8.08672904968262 8.08673095703125 8.08664512634277 8.08634948730469 8.08611297607422 8.08596038818359 8.08612728118896 8.08655548095703 8.08720970153809 8.08796977996826 8.08847045898438 8.08891010284424 8.08917617797852 8.08944511413574 8.08991241455078 8.09031867980957 8.09047031402588 8.09061813354492 8.09075736999512 8.09093475341797 8.09115982055664 8.09178352355957 8.092698097229 8.09312534332275 8.09335041046143 8.0929069519043 8.0923318862915 8.09123134613037 8.09013175964355 8.08924579620361 8.08846282958984 8.08804130554199 8.08773517608643 8.08764362335205 8.08769702911377 8.08790969848633 8.0883617401123 8.08896732330322 8.09003067016602 8.09125804901123 8.09271812438965
