Ecospace-environmental-drivers/Outputs/ASCII-for-ecospace/MOM6-ISIMIP3a/ph-surf/1987-08_ph-surf_MOM6-ISIMIP3a.asc
NCOLS 131 
NROWS 53 
XLLCORNER -98 
YLLCORNER 23.9265270233154 
CELLSIZE 0.133587792515755 
NODATA_value -9999 
[rows 21 to 41 of 53, columns 0 to 46 of 131]
-9999 -9999 -9999 -9999 -9999 -9999 8.14072418212891 8.13984394073486 8.13760089874268 8.13415336608887 8.13278102874756 8.13139629364014 8.13130569458008 8.13103485107422 8.13050746917725 8.12968635559082 8.12870216369629 8.12760639190674 8.12637519836426 8.12509250640869 8.1239709854126 8.12287902832031 8.12227725982666 8.12175464630127 8.12179660797119 8.12185859680176 8.12198257446289 8.12216091156006 8.12243461608887 8.12295722961426 8.12373447418213 8.12474918365479 8.12590885162354 8.12680912017822 8.12762451171875 8.1281042098999 8.12853527069092 8.12880802154541 8.12910556793213 8.12956523895264 8.1301097869873 8.13089370727539 8.13189029693604 8.13321495056152 8.13455104827881 8.13589572906494 8.1370153427124
-9999 -9999 -9999 -9999 -9999 -9999 8.14084529876709 8.14072418212891 8.13896369934082 8.13656139373779 8.13415336608887 8.13279342651367 8.13160037994385 8.13073539733887 8.12975597381592 8.12864303588867 8.12749290466309 8.12631797790527 8.12501621246338 8.12366676330566 8.12241649627686 8.12118339538574 8.12042808532715 8.11973762512207 8.11949062347412 8.11927032470703 8.11913681030273 8.11904907226562 8.11904239654541 8.11912822723389 8.11930847167969 8.11974239349365 8.12033176422119 8.12084770202637 8.12134075164795 8.12159538269043 8.12181568145752 8.12179470062256 8.12180042266846 8.12198448181152 8.12226295471191 8.12280082702637 8.12351894378662 8.12451648712158 8.12548542022705 8.12642765045166 8.12718963623047
-9999 -9999 -9999 -9999 8.13902378082275 8.14036560058594 8.14100074768066 8.1408109664917 8.14072418212891 8.13720417022705 8.13416385650635 8.13296222686768 8.13165473937988 8.1301383972168 8.12863922119141 8.12715911865234 8.12583446502686 8.12461566925049 8.12330436706543 8.12195682525635 8.12063026428223 8.11930751800537 8.11844348907471 8.11762809753418 8.11712169647217 8.11664867401123 8.1162805557251 8.11595153808594 8.11569023132324 8.1153621673584 8.11496543884277 8.11481189727783 8.11480808258057 8.11491870880127 8.11506748199463 8.11509418487549 8.1151008605957 8.11479473114014 8.1145191192627 8.1144323348999 8.1144495010376 8.11475372314453 8.11519813537598 8.11585998535156 8.11645030975342 8.11697769165039 8.11737155914307
-9999 -9999 -9999 -9999 8.13595771789551 8.13877105712891 8.13973045349121 8.14100074768066 8.14070796966553 8.13698387145996 8.13338279724121 8.13024997711182 8.12727355957031 8.12460327148438 8.12230587005615 8.12043762207031 8.11916542053223 8.11830234527588 8.11752605438232 8.11678218841553 8.11595916748047 8.11512184143066 8.11454772949219 8.11401081085205 8.11373329162598 8.11347007751465 8.11325168609619 8.1130256652832 8.11278247833252 8.11242294311523 8.11194324493408 8.11145496368408 8.11096096038818 8.11049461364746 8.11003684997559 8.10959339141846 8.10915279388428 8.10867023468018 8.10821151733398 8.10790920257568 8.1077241897583 8.10786819458008 8.10811710357666 8.10852718353271 8.10886096954346 8.10912418365479 8.1092586517334
-9999 -9999 -9999 -9999 -9999 8.13595771789551 8.13839340209961 8.13846111297607 8.14055919647217 8.13635635375977 8.13201999664307 8.12717056274414 8.12275314331055 8.11918830871582 8.11624717712402 8.1140251159668 8.11267852783203 8.11193370819092 8.11145973205566 8.11109161376953 8.11068630218506 8.11027526855469 8.11001014709473 8.10977458953857 8.10975742340088 8.1097412109375 8.1097297668457 8.10966014862061 8.10949230194092 8.1091365814209 8.10858631134033 8.10781764984131 8.10691356658936 8.10595321655273 8.10497283935547 8.10413646697998 8.10332298278809 8.10270309448242 8.10210418701172 8.10163497924805 8.10128879547119 8.10128307342529 8.10134601593018 8.1015157699585 8.10160827636719 8.10163021087646 8.10154151916504
-9999 -9999 -9999 -9999 -9999 8.13665294647217 8.13595771789551 8.13815593719482 8.13982582092285 8.13394451141357 8.12811374664307 8.12248039245605 8.1176233291626 8.11430072784424 8.11139488220215 8.10896968841553 8.10699081420898 8.10531806945801 8.10413360595703 8.10313701629639 8.1027774810791 8.10253047943115 8.10266017913818 8.10282325744629 8.10320663452148 8.10360336303711 8.10404014587402 8.10437297821045 8.10452651977539 8.10432720184326 8.1037654876709 8.10295295715332 8.10198783874512 8.10089588165283 8.09976291656494 8.0988712310791 8.09801483154297 8.09743213653564 8.0968713760376 8.09645748138428 8.09612369537354 8.0960111618042 8.09593296051025 8.09590911865234 8.09583473205566 8.09571552276611 8.09555625915527
-9999 -9999 8.13801383972168 8.13789176940918 8.13780975341797 8.13734912872314 8.13665199279785 8.13785552978516 8.13848209381104 8.13117504119873 8.12415981292725 8.11826324462891 8.11332607269287 8.1102876663208 8.10735607147217 8.10454654693604 8.10184383392334 8.09921550750732 8.09734344482422 8.09576320648193 8.09536743164062 8.09518051147461 8.09556770324707 8.09599494934082 8.09665679931641 8.09734439849854 8.09811305999756 8.09875202178955 8.09916305541992 8.09913158416748 8.09864139556885 8.09788513183594 8.09696483612061 8.09588432312012 8.09475040435791 8.09388637542725 8.09306144714355 8.09254550933838 8.09205436706543 8.09171772003174 8.09142589569092 8.09125995635986 8.09110260009766 8.09095859527588 8.09078788757324 8.0905933380127 8.09033584594727
-9999.000000000000000 -9999 -9999 -9999 8.13851737976074 8.13827037811279 8.13869476318359 8.13756465911865 8.13580513000488 8.12762641906738 8.12010192871094 8.11507797241211 8.11084747314453 8.10818386077881 8.10509014129639 8.10149955749512 8.09787750244141 8.09423351287842 8.09172534942627 8.08965682983398 8.08904457092285 8.08868980407715 8.08903694152832 8.08943367004395 8.09010696411133 8.09082126617432 8.09166812896729 8.09240055084229 8.09293365478516 8.09309005737305 8.09285831451416 8.09237289428711 8.09173393249512 8.09097194671631 8.09016799926758 8.08951377868652 8.08888149261475 8.0885009765625 8.08814430236816 8.08793163299561 8.08774852752686 8.08764457702637 8.0875415802002 8.08744049072266 8.087327003479 8.08720111846924 8.08678436279297
-9999 -9999 -9999 -9999 8.1393871307373 8.13993167877197 8.13991451263428 8.13645076751709 8.1324462890625 8.12424182891846 8.11689186096191 8.11281394958496 8.10921669006348 8.10657119750977 8.10311031341553 8.09871006011963 8.09451198577881 8.09045314788818 8.08785629272461 8.08582401275635 8.08521938323975 8.08486747741699 8.08518886566162 8.08554935455322 8.0861120223999 8.08670616149902 8.08740139007568 8.08800792694092 8.08846092224121 8.08862972259521 8.08850765228271 8.08816432952881 8.08768749237061 8.08709621429443 8.08646678924561 8.08589172363281 8.08532619476318 8.08503437042236 8.08476829528809 8.0846586227417 8.08457088470459 8.08454322814941 8.08450031280518 8.08443260192871 8.08433532714844 8.0842113494873 8.08367443084717
-9999 -9999 -9999 -9999 8.13994598388672 8.13995933532715 8.13997650146484 8.13430023193359 8.12823104858398 8.12106227874756 8.11474895477295 8.11170864105225 8.10865497589111 8.1055736541748 8.10148811340332 8.0962438583374 8.09190464019775 8.0881872177124 8.08618640899658 8.08484935760498 8.08453559875488 8.08440208435059 8.08471488952637 8.08503532409668 8.08533191680908 8.08561897277832 8.08587646484375 8.08608245849609 8.08619785308838 8.08615875244141 8.08595943450928 8.08559417724609 8.08512878417969 8.08452415466309 8.08387279510498 8.08321380615234 8.08255672454834 8.08229541778564 8.08206462860107 8.08202934265137 8.08202075958252 8.0820894241333 8.08211326599121 8.08206558227539 8.08193588256836 8.0817289352417 8.08111953735352
-9999 -9999 -9999 -9999 8.13995933532715 8.13998031616211 8.14000511169434 8.13279151916504 8.12531471252441 8.11920642852783 8.11383056640625 8.11126041412354 8.10832118988037 8.10465335845947 8.10011672973633 8.09457683563232 8.09042739868164 8.08723163604736 8.08563041687012 8.08464431762695 8.08441829681396 8.08432579040527 8.0844841003418 8.08463668823242 8.08469200134277 8.08473300933838 8.08472442626953 8.08468246459961 8.0845832824707 8.08439540863037 8.08411693572998 8.08370304107666 8.08320617675781 8.08257865905762 8.08190631866455 8.08123111724854 8.08055782318115 8.08028507232666 8.08004570007324 8.08001518249512 8.08001804351807 8.08010864257812 8.08012962341309 8.08003997802734 8.07985687255859 8.07958698272705 8.0789966583252
-9999 -9999 -9999 -9999 8.13998126983643 8.14000511169434 8.13174057006836 8.13176250457764 8.12337303161621 8.11834335327148 8.11383152008057 8.11130428314209 8.10815906524658 8.10379028320312 8.09893226623535 8.09350872039795 8.0897970199585 8.08726024627686 8.08590888977051 8.08501625061035 8.08472633361816 8.0845422744751 8.08443546295166 8.08432483673096 8.0841588973999 8.08399772644043 8.08385181427002 8.08367729187012 8.08345413208008 8.08316421508789 8.08280563354492 8.0823221206665 8.08176136016846 8.0811014175415 8.08041000366211 8.07976913452148 8.07913780212402 8.07882308959961 8.07854080200195 8.07846450805664 8.07842445373535 8.07848358154297 8.07844924926758 8.07826995849609 8.07801818847656 8.0777006149292 8.07719707489014
-9999 -9999 -9999 -9999 8.14000511169434 8.12972354888916 8.12536716461182 8.12240409851074 8.12217903137207 8.11794185638428 8.1140251159668 8.111328125 8.10791873931885 8.10309886932373 8.09819793701172 8.09320449829102 8.08989143371582 8.08773136138916 8.08650493621826 8.08563899993896 8.08513069152832 8.08468532562256 8.08419895172119 8.08372116088867 8.08331489562988 8.0829439163208 8.08268260955811 8.08242702484131 8.08217906951904 8.08190059661865 8.08158779144287 8.08115005493164 8.08063507080078 8.08001804351807 8.07936668395996 8.07877445220947 8.07819271087646 8.07786655426025 8.07756996154785 8.077467918396 8.07738971710205 8.07737636566162 8.07726097106934 8.07698631286621 8.07669353485107 8.07638168334961 8.07603740692139
-9999 -9999 -9999 -9999 -9999 8.12279319763184 8.12178039550781 8.12193393707275 8.12130546569824 8.1177396774292 8.11429977416992 8.11134338378906 8.10764503479004 8.1024808883667 8.09765720367432 8.09322738647461 8.09029579162598 8.08839416503906 8.08723735809326 8.08636856079102 8.08557605743408 8.08479690551758 8.08388137817383 8.08299255371094 8.08233833312988 8.08175277709961 8.08138656616211 8.08106994628906 8.08084297180176 8.08062267303467 8.08040904998779 8.08006763458252 8.07964706420898 8.07910251617432 8.07851791381836 8.07798004150391 8.07744979858398 8.07712554931641 8.07682991027832 8.07670974731445 8.07659435272217 8.076491355896 8.07628345489502 8.07591152191162 8.07558727264404 8.07530689239502 8.07515144348145
-9999 -9999 -9999 -9999 -9999 8.12111186981201 8.1212329864502 8.12100410461426 8.12075805664062 8.11731338500977 8.11390113830566 8.11061763763428 8.10674953460693 8.10172271728516 8.09724140167236 8.0933895111084 8.09078502655029 8.08903884887695 8.08793449401855 8.08707904815674 8.08609676361084 8.08509349822998 8.08376979827881 8.08248424530029 8.08157920837402 8.08076858520508 8.08026504516602 8.07984828948975 8.07958316802979 8.07936096191406 8.07918167114258 8.07891082763672 8.07858371734619 8.07814311981201 8.07766342163086 8.07723999023438 8.07682609558105 8.07658100128174 8.0763521194458 8.07622814178467 8.07608032226562 8.07586860656738 8.07558536529541 8.07519054412842 8.07491493225098 8.07474899291992 8.07475566864014
-9999 -9999 -9999 -9999 -9999 8.12013816833496 8.12032222747803 8.12076091766357 8.12027931213379 8.11684036254883 8.11336326599121 8.10973930358887 8.1057243347168 8.10093593597412 8.09685134887695 8.09357929229736 8.0912914276123 8.08967971801758 8.08862400054932 8.08778381347656 8.08663368225098 8.08542823791504 8.08370018005371 8.08202171325684 8.08086395263672 8.07982635498047 8.07918071746826 8.07865524291992 8.07834053039551 8.07810211181641 8.07794284820557 8.07773780822754 8.07750511169434 8.07717323303223 8.07680797576904 8.07651233673096 8.07622718811035 8.07607650756836 8.07592964172363 8.07580280303955 8.07562351226807 8.0753002166748 8.0749454498291 8.07454299926758 8.07433223724365 8.07429790496826 8.07446098327637
-9999 -9999 -9999 -9999 -9999 -9999 8.11885929107666 8.11920261383057 8.11891460418701 8.11544036865234 8.11190700531006 8.10814952850342 8.10430145263672 8.10027313232422 8.09683513641357 8.09407806396484 8.09199142456055 8.09036254882812 8.08919143676758 8.08819675445557 8.08679580688477 8.08532238006592 8.08330059051514 8.08135223388672 8.08011341094971 8.07901859283447 8.07838916778564 8.07788944244385 8.07761573791504 8.07738399505615 8.0771951675415 8.07698249816895 8.07675743103027 8.07646083831787 8.07614040374756 8.07590675354004 8.07568645477295 8.07559871673584 8.07550144195557 8.07534217834473 8.0751485824585 8.07486152648926 8.07457542419434 8.07429122924805 8.07422065734863 8.07434749603271 8.07454586029053
-9999 -9999 -9999 -9999 -9999 -9999 8.11704254150391 8.11661338806152 8.11741256713867 8.11393260955811 8.11038112640381 8.1065559387207 8.10292625427246 8.09968185424805 8.09689044952393 8.09461879730225 8.09271430969238 8.09106159210205 8.08976554870605 8.08860683441162 8.08694744110107 8.0851993560791 8.08290100097656 8.08069801330566 8.07939720153809 8.07826519012451 8.07767772674561 8.07721996307373 8.07698917388916 8.07676029205322 8.07653522491455 8.07630825042725 8.07607936859131 8.07580757141113 8.07552146911621 8.07534027099609 8.07517433166504 8.07513618469238 8.0750789642334 8.07489776611328 8.07470321655273 8.07447052001953 8.07426738739014 8.07411003112793 8.07417869567871 8.07445430755615 8.07466888427734
-9999 -9999 -9999 -9999 -9999 -9999 8.11515998840332 8.11531257629395 8.11487674713135 8.11173248291016 8.10855579376221 8.10525703430176 8.10224533081055 8.09980201721191 8.09753036499023 8.09545612335205 8.09360313415527 8.0919017791748 8.09046173095703 8.08912181854248 8.08717441558838 8.08511924743652 8.08265209197998 8.08030796051025 8.07906246185303 8.07802677154541 8.07766914367676 8.07736396789551 8.07715320587158 8.07689380645752 8.07658576965332 8.07628631591797 8.07599067687988 8.07566928863525 8.07533931732178 8.07513046264648 8.0749397277832 8.07482147216797 8.07471084594727 8.07463932037354 8.07457447052002 8.07452392578125 8.07449531555176 8.07449817657471 8.07464599609375 8.07492828369141 8.07501125335693
-9999 -9999 -9999 -9999 -9999 8.11468029022217 8.11389064788818 8.11355400085449 8.11224746704102 8.10951519012451 8.10678482055664 8.10405731201172 8.10166931152344 8.09995555877686 8.09815883636475 8.09626865386963 8.0944652557373 8.09272193908691 8.09113216400146 8.08960151672363 8.08736515045166 8.08500576019287 8.08240222930908 8.07994747161865 8.07877635955811 8.07784080505371 8.07766628265381 8.07747936248779 8.07726955413818 8.07697582244873 8.07659721374512 8.07623291015625 8.07587909698486 8.07552433013916 8.07516860961914 8.07494735717773 8.07474422454834 8.07458591461182 8.07445430755615 8.07449722290039 8.07455825805664 8.07467174530029 8.07479953765869 8.07495212554932 8.07514667510986 8.0753812789917 8.0753345489502
-9999 -9999 -9999 -9999 8.11632823944092 8.11478900909424 8.11468029022217 8.11201667785645 8.10927391052246 8.1072416305542 8.10521697998047 8.10322093963623 8.10147666931152 8.10022830963135 8.09874629974365 8.09699440002441 8.0952320098877 8.09346389770508 8.09170532226562 8.08995151519775 8.08742809295654 8.08477020263672 8.0821475982666 8.07969760894775 8.07867050170898 8.07784748077393 8.0776891708374 8.07748794555664 8.07721042633057 8.07686901092529 8.07646179199219 8.07606601715088 8.07567882537842 8.07535076141357 8.07504367828369 8.07485866546631 8.07469081878662 8.07463455200195 8.07460880279541 8.07477855682373 8.07495784759521 8.07516288757324 8.07538890838623 8.07564735412598 8.07576656341553 8.07575988769531 8.07558727264404
