Ecospace-environmental-drivers/Outputs/ASCII-for-ecospace/MOM6-ISIMIP3a/ph-surf/1989-07_ph-surf_MOM6-ISIMIP3a.asc
NCOLS 131 
NROWS 53 
XLLCORNER -98 
YLLCORNER 23.9265270233154 
CELLSIZE 0.133587792515755 
NODATA_value -9999 
[rows 21 to 41 of 53, columns 0 to 46 of 131]
-9999 -9999 -9999 -9999 -9999 -9999 8.1360912322998 8.13486862182617 8.1316556930542 8.12668800354004 8.12308025360107 8.11923503875732 8.11921119689941 8.11913871765137 8.11884593963623 8.11829948425293 8.11770439147949 8.11707592010498 8.11657524108887 8.11612319946289 8.11619758605957 8.11636543273926 8.11704635620117 8.11777210235596 8.1187801361084 8.11964321136475 8.12003803253174 8.12026691436768 8.12020778656006 8.12010669708252 8.11996173858643 8.11973285675049 8.11945247650146 8.11908531188965 8.11868858337402 8.11824417114258 8.11779403686523 8.11740684509277 8.11704921722412 8.1168794631958 8.11677265167236 8.11683940887451 8.11688899993896 8.11690902709961 8.11671352386475 8.11631870269775 8.11567401885986
-9999 -9999 -9999 -9999 -9999 -9999 8.13625717163086 8.1360912322998 8.13364601135254 8.13019847869873 8.12668800354004 8.12331771850586 8.12070941925049 8.11960697174072 8.11836719512939 8.11696910858154 8.11577987670898 8.11473560333252 8.11389446258545 8.11313152313232 8.11275768280029 8.11245250701904 8.11270141601562 8.11301422119141 8.11374759674072 8.11445426940918 8.11507320404053 8.1156120300293 8.1160135269165 8.11626815795898 8.11637306213379 8.11625289916992 8.11599636077881 8.1155252456665 8.11498165130615 8.11435604095459 8.11371898651123 8.11313247680664 8.11257266998291 8.11218738555908 8.11186408996582 8.11171436309814 8.11159610748291 8.11152458190918 8.11133193969727 8.11102676391602 8.1105375289917
-9999 -9999 -9999 -9999 8.13939666748047 8.13732528686523 8.13647556304932 8.13620376586914 8.1360912322998 8.13120079040527 8.12681484222412 8.12435817718506 8.12198734283447 8.11978435516357 8.11755084991455 8.11528015136719 8.11351013183594 8.11208438873291 8.1109561920166 8.10994243621826 8.10916996002197 8.10843849182129 8.10828495025635 8.1082067489624 8.10865592956543 8.10918807983398 8.1099910736084 8.11080646514893 8.11164093017578 8.11223888397217 8.11259365081787 8.1125955581665 8.11238288879395 8.11183071136475 8.11116600036621 8.11039352416992 8.10960578918457 8.10885143280029 8.10811996459961 8.10753726959229 8.10701370239258 8.10665702819824 8.10637187957764 8.10619831085205 8.10599994659424 8.10577869415283 8.10545444488525
-9999 -9999 -9999 -9999 8.14418315887451 8.1396017074585 8.13817596435547 8.13647556304932 8.13604545593262 8.13057422637939 8.12541198730469 8.12143325805664 8.1176643371582 8.11431217193604 8.11129665374756 8.10867023468018 8.10675811767578 8.10533618927002 8.10443592071533 8.10373592376709 8.1033411026001 8.10300064086914 8.10301399230957 8.10307312011719 8.10345840454102 8.10391712188721 8.10461616516113 8.10535621643066 8.10616779327393 8.10679817199707 8.10724258422852 8.10736846923828 8.1072998046875 8.10692310333252 8.10644435882568 8.10581684112549 8.10516834259033 8.10448551177979 8.10381603240967 8.10322380065918 8.10268783569336 8.10230922698975 8.10200309753418 8.10180950164795 8.10161590576172 8.10142230987549 8.10116577148438
-9999 -9999 -9999 -9999 -9999 8.14418315887451 8.13957118988037 8.1398754119873 8.13522148132324 8.12915420532227 8.12326335906982 8.11804485321045 8.11312866210938 8.10880851745605 8.1051721572876 8.10232734680176 8.10037708282471 8.09904098510742 8.0983829498291 8.09798526763916 8.09793758392334 8.09795093536377 8.09813022613525 8.0983304977417 8.09867095947266 8.0990686416626 8.09965419769287 8.10029315948486 8.10102653503418 8.101637840271 8.10212326049805 8.10234069824219 8.10239410400391 8.10218334197998 8.10188579559326 8.10140228271484 8.10089206695557 8.10029220581055 8.09969520568848 8.09911155700684 8.0985803604126 8.09819602966309 8.09788227081299 8.09767723083496 8.09749126434326 8.09732246398926 8.09711933135986
-9999 -9999 -9999 -9999 -9999 8.1425085067749 8.14418315887451 8.13775062561035 8.13098239898682 8.12425518035889 8.11784172058105 8.11262893676758 8.10765838623047 8.10317039489746 8.09961986541748 8.0971508026123 8.09562015533447 8.09473323822021 8.09438323974609 8.09424018859863 8.09439373016357 8.0945987701416 8.09494495391846 8.09529781341553 8.09568119049072 8.09607601165771 8.09650611877441 8.0969295501709 8.09734153747559 8.09770679473877 8.0980224609375 8.09818935394287 8.09826374053955 8.09818077087402 8.09804439544678 8.09770011901855 8.09732723236084 8.09685516357422 8.09637928009033 8.09588050842285 8.09542942047119 8.09511280059814 8.09484958648682 8.09466934204102 8.09450149536133 8.09434509277344 8.09413719177246
-9999 -9999 8.13898468017578 8.13936424255371 8.13972282409668 8.14083194732666 8.14251041412354 8.134596824646 8.12629795074463 8.11939430236816 8.11284732818604 8.10765933990479 8.10274696350098 8.0983772277832 8.0951099395752 8.09311199188232 8.09202003479004 8.09154891967773 8.09144878387451 8.09149169921875 8.09175777435303 8.09206199645996 8.09248542785645 8.09290790557861 8.09329414367676 8.09365749359131 8.09394073486328 8.09418201446533 8.09434700012207 8.09451103210449 8.09467506408691 8.09477233886719 8.09482955932617 8.09479808807373 8.0947380065918 8.09446716308594 8.09416770935059 8.09378528594971 8.09339809417725 8.09298515319824 8.09261608123779 8.09237194061279 8.09216213226318 8.09200477600098 8.09184169769287 8.09167385101318 8.09144973754883
-9999.000000000000000 -9999 -9999 -9999 8.13753986358643 8.13861274719238 8.1375904083252 8.12920093536377 8.12064075469971 8.1146183013916 8.10878372192383 8.10366821289062 8.09905338287354 8.09542942047119 8.09287452697754 8.09155464172363 8.0909423828125 8.09081554412842 8.09084033966064 8.09092235565186 8.09110355377197 8.0913028717041 8.09160995483398 8.09191989898682 8.09222221374512 8.09249019622803 8.09264850616455 8.09277820587158 8.09285545349121 8.09291934967041 8.09296989440918 8.0929594039917 8.0929126739502 8.09277057647705 8.09259796142578 8.09225749969482 8.09189414978027 8.09151744842529 8.09114742279053 8.09082126617432 8.09053897857666 8.09037780761719 8.09022617340088 8.090087890625 8.0899019241333 8.08967208862305 8.08940696716309
-9999 -9999 -9999 -9999 8.13467216491699 8.13317394256592 8.13374042510986 8.12513065338135 8.11632537841797 8.11089038848877 8.10556221008301 8.10064029693604 8.09635925292969 8.09334373474121 8.09135341644287 8.09054565429688 8.0902795791626 8.0903844833374 8.09046459197998 8.09053325653076 8.0906343460083 8.09074115753174 8.09092617034912 8.09111404418945 8.09131336212158 8.09147644042969 8.09152603149414 8.09154796600342 8.09152507781982 8.09147453308105 8.09139633178711 8.09125518798828 8.09107685089111 8.09083366394043 8.09056854248047 8.0902099609375 8.0898380279541 8.08955860137939 8.08928966522217 8.08909034729004 8.0889139175415 8.08879661560059 8.08865928649902 8.08849048614502 8.08826637268066 8.08798980712891 8.0876932144165
-9999 -9999 -9999 -9999 8.1327018737793 8.13222885131836 8.13164520263672 8.12272930145264 8.1136999130249 8.10848331451416 8.1033992767334 8.0988245010376 8.09492111206055 8.0923433303833 8.09072971343994 8.09022808074951 8.0901403427124 8.09033489227295 8.09038162231445 8.09037208557129 8.09039688110352 8.09042835235596 8.09048175811768 8.09053897857666 8.09060955047607 8.09065437316895 8.09061527252197 8.09053897857666 8.09039688110352 8.09021377563477 8.08998870849609 8.08968830108643 8.08934307098389 8.08900928497314 8.08867931365967 8.08836650848389 8.08805751800537 8.08798885345459 8.08792686462402 8.08790493011475 8.08785629272461 8.08773326873779 8.08755683898926 8.08729648590088 8.08701324462891 8.08670997619629 8.08639335632324
-9999 -9999 -9999 -9999 8.13222885131836 8.1315221786499 8.13069343566895 8.12152290344238 8.112229347229 8.10714435577393 8.10220718383789 8.09784126281738 8.09416198730469 8.0918436050415 8.09042549133301 8.09004497528076 8.09001636505127 8.09022903442383 8.09021186828613 8.09010696411133 8.09004020690918 8.08998107910156 8.08987808227539 8.08977508544922 8.08968067169189 8.08956623077393 8.08938694000244 8.08917427062988 8.08890533447266 8.08861351013184 8.08829593658447 8.08793640136719 8.08754920959473 8.08725833892822 8.08699893951416 8.08684635162354 8.08670997619629 8.08683586120605 8.08695507049561 8.08703327178955 8.08705043792725 8.0868968963623 8.08667659759521 8.08635520935059 8.08602428436279 8.08568477630615 8.08532619476318
-9999 -9999 -9999 -9999 8.1314811706543 8.13069343566895 8.12124538421631 8.12121391296387 8.1116247177124 8.10660648345947 8.10174465179443 8.0974817276001 8.09391307830811 8.091721534729 8.09036159515381 8.08996295928955 8.08990478515625 8.09008121490479 8.0899772644043 8.08976364135742 8.08959484100342 8.08943367004395 8.08915424346924 8.08887195587158 8.08858394622803 8.08827972412109 8.08791923522949 8.08754444122314 8.08714294433594 8.08675765991211 8.08639049530029 8.08604431152344 8.0857105255127 8.08556270599365 8.08547687530518 8.08556938171387 8.0856876373291 8.08599472045898 8.08627700805664 8.08639812469482 8.08643341064453 8.08622932434082 8.08596420288086 8.08560562133789 8.08523273468018 8.08484840393066 8.08443260192871
-9999 -9999 -9999 -9999 8.13069343566895 8.11939811706543 8.11471271514893 8.11155128479004 8.11119842529297 8.10618686676025 8.10137557983398 8.09733104705811 8.09394645690918 8.09186458587646 8.09049320220947 8.08994007110596 8.08978080749512 8.08989238739014 8.08970737457275 8.0894079208374 8.08914089202881 8.08887958526611 8.08844566345215 8.08800506591797 8.08755207061768 8.08709049224854 8.0866060256958 8.08612251281738 8.0856409072876 8.08521842956543 8.08485507965088 8.08457469940186 8.08434581756592 8.08433437347412 8.08439540863037 8.08466529846191 8.08496379852295 8.08537578582764 8.0857515335083 8.08589935302734 8.08595275878906 8.08574199676514 8.0854606628418 8.08506965637207 8.08465480804443 8.08421516418457 8.0837287902832
-9999 -9999 -9999 -9999 -9999 8.11193084716797 8.11093902587891 8.11137390136719 8.11084747314453 8.10581684112549 8.10104656219482 8.09727096557617 8.09409999847412 8.09212303161621 8.09070873260498 8.08994293212891 8.08965110778809 8.08968544006348 8.08942317962646 8.08904647827148 8.08868408203125 8.08832359313965 8.08774375915527 8.08715534210205 8.08654689788818 8.08594417572021 8.08535766601562 8.08478927612305 8.08425235748291 8.08381366729736 8.08347702026367 8.08328723907471 8.08318519592285 8.08330726623535 8.08350372314453 8.0839204788208 8.08436870574951 8.08485126495361 8.08529090881348 8.08545970916748 8.08553028106689 8.08533096313477 8.08504486083984 8.08462619781494 8.08416652679443 8.08366966247559 8.08310508728027
-9999 -9999 -9999 -9999 -9999 8.10989665985107 8.11013889312744 8.10989284515381 8.1096019744873 8.10491466522217 8.10051822662354 8.09723472595215 8.09445285797119 8.0926628112793 8.09125423431396 8.09028720855713 8.08977031707764 8.08956336975098 8.08925151824951 8.08890056610107 8.08853626251221 8.08817005157471 8.08758163452148 8.08697414398193 8.08625411987305 8.08554363250732 8.08486080169678 8.08420372009277 8.08359050750732 8.08308124542236 8.08267974853516 8.08247184753418 8.08238220214844 8.08252620697021 8.08274936676025 8.08321762084961 8.08372020721436 8.08424472808838 8.08472537994385 8.08493041992188 8.08503532409668 8.08486557006836 8.08459663391113 8.08417415618896 8.08369731903076 8.08316802978516 8.08255290985107
-9999 -9999 -9999 -9999 -9999 8.10853672027588 8.10861301422119 8.10914993286133 8.10817050933838 8.10390090942383 8.09994792938232 8.09720325469971 8.09484767913818 8.09326076507568 8.09186840057373 8.09070205688477 8.08994102478027 8.08945846557617 8.08910369873047 8.0887975692749 8.08845233917236 8.08809947967529 8.08753108978271 8.0869312286377 8.08610916137695 8.08529758453369 8.0845193862915 8.08377265930176 8.08307933807373 8.08248805999756 8.08200263977051 8.08175468444824 8.08165264129639 8.08179664611816 8.08202362060547 8.08252334594727 8.08306121826172 8.08362102508545 8.08413791656494 8.08438205718994 8.0845251083374 8.08438873291016 8.08414077758789 8.08372116088867 8.08323097229004 8.08267498016357 8.08201599121094
-9999 -9999 -9999 -9999 -9999 -9999 8.10685920715332 8.10679626464844 8.10650157928467 8.10297870635986 8.09971618652344 8.09744739532471 8.09548377990723 8.09412384033203 8.092848777771 8.09167098999023 8.09073162078857 8.08995628356934 8.08943653106689 8.08901500701904 8.08866500854492 8.08832740783691 8.08788681030273 8.08741664886475 8.08671379089355 8.08596229553223 8.08505249023438 8.0841646194458 8.0833158493042 8.08256340026855 8.08191108703613 8.08149147033691 8.08121204376221 8.08120727539062 8.08129405975342 8.08168697357178 8.08212375640869 8.0826301574707 8.08310317993164 8.08336734771729 8.08353710174561 8.08344173431396 8.0832347869873 8.08285713195801 8.08241176605225 8.08190441131592 8.08128643035889
-9999 -9999 -9999 -9999 -9999 -9999 8.10516738891602 8.10463237762451 8.10487461090088 8.10209274291992 8.09951400756836 8.0977144241333 8.09613609313965 8.09499454498291 8.09383392333984 8.09265422821045 8.091552734375 8.0905065536499 8.08981895446777 8.08927154541016 8.08890438079834 8.08856773376465 8.08824920654297 8.08790397644043 8.08733558654785 8.08666229248047 8.08564758300781 8.08463859558105 8.08363723754883 8.08271980285645 8.08189010620117 8.0812873840332 8.08082485198975 8.08065986633301 8.08059501647949 8.08086776733398 8.08118724822998 8.08162689208984 8.08204460144043 8.0823221206665 8.08251285552979 8.08245849609375 8.08229541778564 8.08196449279785 8.08157253265381 8.0811243057251 8.08056354522705
-9999 -9999 -9999 -9999 -9999 -9999 8.10410690307617 8.1040735244751 8.10381412506104 8.10154724121094 8.09946727752686 8.09810352325439 8.096848487854 8.0958080291748 8.09470462799072 8.09352970123291 8.09240913391113 8.0913257598877 8.09050941467285 8.08979511260986 8.08928680419922 8.0888147354126 8.08848857879639 8.08815956115723 8.08777713775635 8.08729648590088 8.086501121521 8.08559608459473 8.08450126647949 8.08341312408447 8.08233070373535 8.08151149749756 8.08085346221924 8.08049201965332 8.08023071289062 8.08028602600098 8.08038806915283 8.08066940307617 8.0809440612793 8.08117294311523 8.08133697509766 8.08131504058838 8.08120727539062 8.08096790313721 8.0806884765625 8.08036994934082 8.07999610900879
-9999 -9999 -9999 -9999 -9999 8.10433101654053 8.10378742218018 8.10361576080322 8.10278701782227 8.10106563568115 8.0994930267334 8.09849071502686 8.097487449646 8.09648418426514 8.09538650512695 8.0941801071167 8.09301376342773 8.09187507629395 8.09095764160156 8.09012603759766 8.08953952789307 8.0889949798584 8.08866882324219 8.08835697174072 8.08812236785889 8.08780670166016 8.08722305297852 8.08644580841064 8.08533000946045 8.08412647247314 8.0828332901001 8.08181095123291 8.08095169067383 8.08040046691895 8.07995223999023 8.07980442047119 8.07969856262207 8.079833984375 8.07997512817383 8.08016204833984 8.08030033111572 8.08030128479004 8.08024406433105 8.08009815216064 8.07993221282959 8.07974720001221 8.07956600189209
-9999 -9999 -9999 -9999 8.1032657623291 8.10385417938232 8.10433101654053 8.10313034057617 8.101881980896 8.10081768035889 8.0997838973999 8.09886741638184 8.09785556793213 8.09665775299072 8.09537792205811 8.0940055847168 8.09269618988037 8.0914306640625 8.0905237197876 8.08975505828857 8.08931350708008 8.08893013000488 8.08863258361816 8.08834457397461 8.08811950683594 8.08785629272461 8.08746814727783 8.0869026184082 8.08602619171143 8.08491611480713 8.08356475830078 8.08238315582275 8.08130359649658 8.08058834075928 8.07999420166016 8.07968330383301 8.07941436767578 8.07944583892822 8.07949447631836 8.07965660095215 8.07977390289307 8.07976531982422 8.07974147796631 8.07969188690186 8.07964611053467 8.07960414886475 8.07964038848877
