Ecospace-environmental-drivers/Outputs/ASCII-for-ecospace/MOM6-ISIMIP3a/ph-surf/1991-02_ph-surf_MOM6-ISIMIP3a.asc
NCOLS 131 
NROWS 53 
XLLCORNER -98 
YLLCORNER 23.9265270233154 
CELLSIZE 0.133587792515755 
NODATA_value -9999 
[rows 21 to 41 of 53, columns 47 to 93 of 131]
8.20391082763672 8.20363426208496 8.20333194732666 8.20228576660156 8.20120811462402 8.20132923126221 8.20161533355713 8.20274639129639 8.20375919342041 8.2044849395752 8.20560550689697 8.20727062225342 8.20889854431152 8.21049785614014 8.21206092834473 8.21360778808594 8.21376037597656 8.21358013153076 8.21285533905029 8.212082862854 8.21117305755615 8.20982074737549 8.20662212371826 8.20407295227051 8.20289611816406 8.20157718658447 8.20008563995361 8.19844436645508 8.19669437408447 8.19529151916504 8.19403171539307 8.19330978393555 8.19269466400146 8.19179248809814 8.19072818756104 8.18818473815918 8.18567848205566 8.18330574035645 8.18098163604736 8.17874717712402 8.17660713195801 8.17456817626953 8.17322635650635 8.17233467102051 8.17225074768066 8.17245674133301 8.17331600189209
8.20421028137207 8.20362091064453 8.20296669006348 8.20242786407471 8.20192909240723 8.20219135284424 8.20240306854248 8.20236015319824 8.20268440246582 8.20389842987061 8.20548820495605 8.20759582519531 8.2094202041626 8.21101379394531 8.2117919921875 8.21218299865723 8.21212196350098 8.21195220947266 8.21122550964355 8.21038436889648 8.2084379196167 8.20639801025391 8.20396900177002 8.20205402374268 8.2012243270874 8.20040798187256 8.19960689544678 8.198486328125 8.1971321105957 8.19566535949707 8.19415187835693 8.19232940673828 8.1904468536377 8.18788528442383 8.18528938293457 8.18259048461914 8.18007278442383 8.17819213867188 8.17641067504883 8.17481136322021 8.17334270477295 8.17201614379883 8.17103385925293 8.17027282714844 8.17011737823486 8.17017936706543 8.17092990875244
8.20407009124756 8.20312786102295 8.20208549499512 8.20213031768799 8.20229530334473 8.20270252227783 8.20284175872803 8.20161437988281 8.20126438140869 8.20303058624268 8.20514488220215 8.20773696899414 8.20980358123779 8.21144104003906 8.21145534515381 8.21070003509521 8.21045875549316 8.21034049987793 8.20964050292969 8.20875453948975 8.20574188232422 8.20299339294434 8.20135021209717 8.20004653930664 8.19945907592773 8.19905185699463 8.1988639831543 8.19820022583008 8.197190284729 8.19562721252441 8.1938362121582 8.19088745117188 8.18771171569824 8.18351554870605 8.17942714691162 8.17675113677979 8.17438888549805 8.17312812805176 8.17198371887207 8.17105865478516 8.17026042938232 8.16960048675537 8.1689510345459 8.16831016540527 8.16807556152344 8.16798782348633 8.16861629486084
8.20006084442139 8.19911956787109 8.19804286956787 8.19882392883301 8.19978523254395 8.20045471191406 8.20085525512695 8.19988346099854 8.19974613189697 8.20162200927734 8.20385360717773 8.20657253265381 8.20882701873779 8.21070289611816 8.21098613739014 8.21051502227783 8.2103443145752 8.21024608612061 8.20937442779541 8.20832633972168 8.20546531677246 8.20272827148438 8.20050621032715 8.1986083984375 8.1973934173584 8.19632053375244 8.19542217254639 8.19430160522461 8.19301986694336 8.19095993041992 8.18857955932617 8.1849193572998 8.18100929260254 8.17718601226807 8.17359828948975 8.17226886749268 8.17111587524414 8.17058086395264 8.17003345489502 8.16946315765381 8.16879463195801 8.1680212020874 8.16741180419922 8.16690921783447 8.16673374176025 8.16667556762695 8.16708946228027
8.19533729553223 8.19450569152832 8.19352912902832 8.19488525390625 8.19645977020264 8.19750118255615 8.19830131530762 8.1978816986084 8.19818496704102 8.20023536682129 8.20260429382324 8.20540809631348 8.20780563354492 8.20987129211426 8.21042537689209 8.2102632522583 8.21012783050537 8.20999908447266 8.20886707305908 8.20756435394287 8.20479965209961 8.20200824737549 8.19910430908203 8.1965799331665 8.19485569000244 8.19322681427002 8.19171619415283 8.19008922576904 8.18837928771973 8.18584632873535 8.18297386169434 8.17896366119385 8.174729347229 8.17143630981445 8.16846084594727 8.16824436187744 8.1680908203125 8.1681547164917 8.16810989379883 8.16786193847656 8.16733837127686 8.16651630401611 8.16598796844482 8.1656494140625 8.16554546356201 8.16552734375 8.16573333740234
8.18748188018799 8.18723392486572 8.18694877624512 8.18817043304443 8.18956470489502 8.19145107269287 8.19326210021973 8.19469261169434 8.19643783569336 8.19894218444824 8.20153427124023 8.20424556732178 8.2065896987915 8.20863342285156 8.20946311950684 8.20971870422363 8.20946407318115 8.20908737182617 8.20729541778564 8.20534038543701 8.20242214202881 8.1992883682251 8.19525337219238 8.1919641494751 8.19025039672852 8.18854427337646 8.18684864044189 8.1845006942749 8.18167781829834 8.17877578735352 8.17584133148193 8.17305850982666 8.17030620574951 8.16822719573975 8.16635322570801 8.16622924804688 8.1661548614502 8.16625595092773 8.16629981994629 8.16623973846436 8.16592597961426 8.16533660888672 8.16506767272949 8.16500568389893 8.16503429412842 8.16509532928467 8.16512775421143
8.18061637878418 8.18090343475342 8.18123817443848 8.18231010437012 8.18350028991699 8.18584632873535 8.18822860717773 8.1907958984375 8.19339752197266 8.19608020782471 8.19877147674561 8.2014741897583 8.20385074615479 8.20596122741699 8.20708274841309 8.20773601531982 8.20748805999756 8.20702457427979 8.20458316802979 8.2019739151001 8.19889736175537 8.19556617736816 8.19117259979248 8.18762683868408 8.18587207794189 8.18394374847412 8.18180465698242 8.17895317077637 8.17558479309082 8.17280864715576 8.1702766418457 8.16847324371338 8.16681289672852 8.16554069519043 8.16439533233643 8.16433906555176 8.1643123626709 8.16439151763916 8.16445541381836 8.16449069976807 8.16437721252441 8.16410064697266 8.16408634185791 8.16424083709717 8.16433238983154 8.16440105438232 8.16433334350586
8.17591381072998 8.17662525177002 8.17742538452148 8.17831230163574 8.17924690246582 8.1812105178833 8.18320465087891 8.18535423278809 8.18753623962402 8.18979644775391 8.19231510162354 8.1951904296875 8.19778919219971 8.20016193389893 8.20161056518555 8.20262050628662 8.20265102386475 8.20244789123535 8.19938087463379 8.19611835479736 8.19287014007568 8.18965721130371 8.18659210205078 8.18389797210693 8.18199062347412 8.17952346801758 8.17637348175049 8.17349720001221 8.17082023620605 8.1692476272583 8.16813373565674 8.16676616668701 8.16534900665283 8.16399478912354 8.16276454925537 8.16272068023682 8.16267108917236 8.16260433197021 8.16253471374512 8.16246223449707 8.1625280380249 8.16274356842041 8.16297245025635 8.16321086883545 8.16321468353271 8.16313457489014 8.16312694549561
8.17106628417969 8.17203998565674 8.17311859130859 8.17392921447754 8.17474460601807 8.1764497756958 8.17819404602051 8.18012809753418 8.18212223052979 8.18426322937012 8.18664264678955 8.18935012817383 8.1917552947998 8.19391250610352 8.19538116455078 8.19652271270752 8.1967830657959 8.19683361053467 8.19400310516357 8.19097995758057 8.18803596496582 8.18520545959473 8.18284797668457 8.18045139312744 8.17796993255615 8.17502784729004 8.17152214050293 8.16899871826172 8.1671895980835 8.16654014587402 8.16637134552002 8.16524124145508 8.16392230987549 8.16243743896484 8.16108226776123 8.1610689163208 8.16100978851318 8.16078567504883 8.16055488586426 8.16030788421631 8.16043758392334 8.16097927093506 8.16136455535889 8.16164875030518 8.16155624389648 8.16132831573486 8.16151714324951
8.16603851318359 8.16706848144531 8.16819286346436 8.16905975341797 8.16992664337158 8.17153263092041 8.17319869995117 8.17517280578613 8.17727184295654 8.17967319488525 8.18195343017578 8.18406581878662 8.18575477600098 8.18709850311279 8.18820190429688 8.1891918182373 8.18962001800537 8.18991374969482 8.18840408325195 8.18674468994141 8.18470191955566 8.18258476257324 8.18015766143799 8.17735862731934 8.1737756729126 8.17043876647949 8.16740036010742 8.16570472717285 8.1649866104126 8.1649055480957 8.16508865356445 8.1639461517334 8.16254329681396 8.16086387634277 8.15933513641357 8.15937614440918 8.15932178497314 8.1589298248291 8.15849876403809 8.15799236297607 8.15804386138916 8.1587028503418 8.15913391113281 8.15941715240479 8.15921783447266 8.15884590148926 8.15939807891846
8.16188430786133 8.1625804901123 8.16336441040039 8.16402721405029 8.16469669342041 8.16588306427002 8.16715908050537 8.16888904571533 8.17087364196777 8.17346954345703 8.17583751678467 8.17789268493652 8.17940616607666 8.1804780960083 8.1815071105957 8.18251705169678 8.1830997467041 8.18358039855957 8.18286514282227 8.18202114105225 8.18048286437988 8.17872905731201 8.17607021331787 8.17310523986816 8.16949367523193 8.16653823852539 8.16438579559326 8.16340255737305 8.16327095031738 8.16348552703857 8.16384220123291 8.16262340545654 8.16109466552734 8.15925121307373 8.15756607055664 8.1575288772583 8.1573657989502 8.15676212310791 8.1561450958252 8.15550136566162 8.15558624267578 8.15646457672119 8.15693473815918 8.15713977813721 8.15681743621826 8.15630435943604 8.15709018707275
8.15838432312012 8.15845489501953 8.15860939025879 8.15887355804443 8.15915679931641 8.1596851348877 8.1603364944458 8.16161060333252 8.16331481933594 8.16605472564697 8.16865158081055 8.17105197906494 8.17279624938965 8.1740026473999 8.1751766204834 8.17633438110352 8.17706108093262 8.17768573760986 8.17737197875977 8.1769323348999 8.17560195922852 8.17394733428955 8.17093563079834 8.1679801940918 8.16514492034912 8.1631555557251 8.16220092773438 8.16184329986572 8.16192150115967 8.16222476959229 8.16262149810791 8.16127872467041 8.15959453582764 8.1576099395752 8.1557788848877 8.1555643081665 8.1552095413208 8.1543607711792 8.15356826782227 8.15287780761719 8.15308094024658 8.15425491333008 8.15475940704346 8.15482902526855 8.15436935424805 8.15371990203857 8.15464210510254
8.15676307678223 8.1565580368042 8.15641689300537 8.15641403198242 8.15642929077148 8.15654277801514 8.15673446655273 8.15731906890869 8.15822410583496 8.15989875793457 8.16160583496094 8.16335868835449 8.16478443145752 8.16594314575195 8.16710186004639 8.16826057434082 8.16893291473389 8.16948795318604 8.16948127746582 8.16938400268555 8.16851711273193 8.16741752624512 8.16534328460693 8.16353607177734 8.1622896194458 8.16136455535889 8.16083431243896 8.16061401367188 8.16062068939209 8.16088962554932 8.1612663269043 8.15976047515869 8.15788459777832 8.15582370758057 8.15389823913574 8.15335369110107 8.15271282196045 8.15173053741455 8.1508903503418 8.15031242370605 8.15054416656494 8.1516580581665 8.15212631225586 8.152174949646 8.15192604064941 8.15156936645508 8.1524829864502
8.15594673156738 8.15561580657959 8.15532302856445 8.15511035919189 8.15490627288818 8.154709815979 8.15451145172119 8.1543083190918 8.15419101715088 8.15428161621094 8.15462112426758 8.15530014038086 8.15617275238037 8.15720272064209 8.15827941894531 8.1593770980835 8.15990734100342 8.16030216217041 8.16056442260742 8.16078186035156 8.16048812866211 8.16013813018799 8.15955638885498 8.15938282012939 8.16007328033447 8.16025638580322 8.15981769561768 8.15952682495117 8.15934181213379 8.15952110290527 8.15985202789307 8.15816688537598 8.15608501434326 8.153977394104 8.1519775390625 8.15103816986084 8.15007019042969 8.14900207519531 8.14816856384277 8.14777088165283 8.14799404144287 8.14889526367188 8.14929676055908 8.14937496185303 8.1494836807251 8.14960384368896 8.15044784545898
8.15506744384766 8.15467071533203 8.1543140411377 8.15402317047119 8.15373516082764 8.15333271026611 8.15293121337891 8.15253257751465 8.15215015411377 8.15180683135986 8.15158367156982 8.15152740478516 8.15176963806152 8.15225601196289 8.15291118621826 8.15364646911621 8.15401363372803 8.15429401397705 8.15471458435059 8.15513134002686 8.15534400939941 8.15561771392822 8.15614604949951 8.1569881439209 8.15849113464355 8.15921401977539 8.1589822769165 8.15865421295166 8.15825843811035 8.15806579589844 8.157958984375 8.15624809265137 8.154221534729 8.1521577835083 8.15018558502197 8.1491231918335 8.1480655670166 8.14702796936035 8.14626216888428 8.14600086212158 8.14609909057617 8.14658641815186 8.14688777923584 8.14706707000732 8.14740657806396 8.14780235290527 8.14898204803467
8.15417385101318 8.15372467041016 8.15332412719727 8.15298175811768 8.15263652801514 8.15205001831055 8.1514835357666 8.15101337432861 8.15052223205566 8.14998149871826 8.14936447143555 8.14864158630371 8.14823818206787 8.14809417724609 8.14825916290283 8.14856815338135 8.14876842498779 8.1489429473877 8.14949989318848 8.15009117126465 8.15079689025879 8.15166664123535 8.15322685241699 8.15495586395264 8.1570405960083 8.1581859588623 8.15818309783936 8.15782737731934 8.15721607208252 8.15659236907959 8.15596580505371 8.15426158905029 8.15234565734863 8.1503438949585 8.1484203338623 8.14729118347168 8.1461935043335 8.14521026611328 8.14452457427979 8.1443920135498 8.14433860778809 8.14437198638916 8.14456558227539 8.14486217498779 8.14540576934814 8.14603614807129 8.14763259887695
8.15338230133057 8.15281963348389 8.15229892730713 8.15189456939697 8.15148735046387 8.15067672729492 8.14992713928223 8.14949321746826 8.14903259277344 8.14850616455078 8.14787101745605 8.1470832824707 8.1466064453125 8.14638137817383 8.14646244049072 8.14668846130371 8.1469087600708 8.14712810516357 8.14760971069336 8.14812850952148 8.14891147613525 8.14984512329102 8.15141010284424 8.15316200256348 8.15530872344971 8.15673732757568 8.1572904586792 8.15719127655029 8.15661811828613 8.15563201904297 8.15447425842285 8.15268039703369 8.1507625579834 8.14883899688721 8.14701366424561 8.14615345001221 8.14530467987061 8.14449691772461 8.14394474029541 8.14386653900146 8.14386940002441 8.14396190643311 8.14426136016846 8.14469432830811 8.14522933959961 8.14580154418945 8.14708042144775
8.15261554718018 8.15193271636963 8.15128421783447 8.15081024169922 8.15033435821533 8.14932727813721 8.14841938018799 8.14801120758057 8.14757251739502 8.14705944061279 8.14641284942627 8.14558601379395 8.1450719833374 8.14481258392334 8.14483451843262 8.14498996734619 8.14523887634277 8.14550971984863 8.14593315124512 8.14639377593994 8.14723682403564 8.1482048034668 8.14969825744629 8.15141105651855 8.15358829498291 8.15527629852295 8.15636730194092 8.15653800964355 8.15603733062744 8.1547327041626 8.15309619903564 8.15122604370117 8.14931106567383 8.14746189117432 8.14573001861572 8.1451301574707 8.14452457427979 8.14389610290527 8.14346885681152 8.1434154510498 8.14346122741699 8.14361381530762 8.14401435852051 8.14457511901855 8.1450777053833 8.1455602645874 8.1464958190918
8.15206146240234 8.15121841430664 8.1503849029541 8.14976978302002 8.14916610717773 8.14828777313232 8.14746761322021 8.14693832397461 8.14637756347656 8.14573955535889 8.14499378204346 8.14410018920898 8.14366722106934 8.14361190795898 8.14364147186279 8.14371204376221 8.1439847946167 8.14430618286133 8.14494705200195 8.1456241607666 8.14653205871582 8.14747714996338 8.14857864379883 8.15000915527344 8.15213298797607 8.15388202667236 8.15517234802246 8.15560531616211 8.15541362762451 8.15425395965576 8.15269470214844 8.15092658996582 8.14911842346191 8.14729404449463 8.14558506011963 8.14500141143799 8.14443874359131 8.14395141601562 8.14353179931641 8.1432409286499 8.14308071136475 8.14306354522705 8.14341259002686 8.14399814605713 8.14430999755859 8.14452362060547 8.14517974853516
8.15158367156982 8.15058898925781 8.14958000183105 8.14883136749268 8.14810752868652 8.14734363555908 8.14659595489502 8.1459264755249 8.14523315429688 8.1444787979126 8.14363670349121 8.14267063140869 8.14226341247559 8.14231204986572 8.14235973358154 8.14240550994873 8.14275741577148 8.14318180084229 8.14402198791504 8.1448974609375 8.14588069915771 8.14682674407959 8.14762020111084 8.14879322052002 8.1507682800293 8.15248012542725 8.15386962890625 8.15450191497803 8.15458106994629 8.15361022949219 8.1522045135498 8.15058135986328 8.14891624450684 8.14715766906738 8.1455078125 8.14494514465332 8.14442157745361 8.14403057098389 8.14359664916992 8.1430835723877 8.14270877838135 8.14248657226562 8.14268970489502 8.14316844940186 8.14324855804443 8.14318466186523 8.1436595916748
8.15138053894043 8.1502742767334 8.1491231918335 8.148268699646 8.1474494934082 8.14674854278564 8.14601802825928 8.14513683319092 8.14426898956299 8.1434326171875 8.14250373840332 8.14144706726074 8.14085865020752 8.14065361022949 8.14075088500977 8.14099216461182 8.14162349700928 8.14234828948975 8.14332580566406 8.14432716369629 8.14542388916016 8.14646148681641 8.14725112915039 8.14826011657715 8.149733543396 8.151047706604 8.15216827392578 8.15276527404785 8.15298175811768 8.15235996246338 8.15139102935791 8.15006828308105 8.1486759185791 8.14713382720947 8.14568138122559 8.14515781402588 8.14465045928955 8.14419746398926 8.14366626739502 8.14299011230469 8.14237022399902 8.14181232452393 8.14152431488037 8.14141273498535 8.14111042022705 8.14073944091797 8.14139175415039
