Ecospace-environmental-drivers/Outputs/ASCII-for-ecospace/MOM6-ISIMIP3a/ph-surf/1992-12_ph-surf_MOM6-ISIMIP3a.asc
NCOLS 131 
NROWS 53 
XLLCORNER -98 
YLLCORNER 23.9265270233154 
CELLSIZE 0.133587792515755 
NODATA_value -9999 
[rows 21 to 41 of 53, columns 0 to 46 of 131]
-9999 -9999 -9999 -9999 -9999 -9999 8.23115825653076 8.23119449615479 8.23113822937012 8.23156452178955 8.23343086242676 8.24196910858154 8.23841667175293 8.2278356552124 8.21831607818604 8.21002197265625 8.20210456848145 8.19444561004639 8.1879825592041 8.18197917938232 8.17649936676025 8.17111206054688 8.16770362854004 8.1645975112915 8.16365146636963 8.16290378570557 8.16279411315918 8.1625862121582 8.16220569610596 8.16184616088867 8.16150951385498 8.16176700592041 8.16238784790039 8.16243839263916 8.16229915618896 8.16172885894775 8.16110134124756 8.16086673736572 8.1605806350708 8.15996170043945 8.15928554534912 8.158447265625 8.15849494934082 8.15990924835205 8.16194725036621 8.16455745697021 8.16686534881592
-9999 -9999 -9999 -9999 -9999 -9999 8.23106002807617 8.23115825653076 8.23123168945312 8.23060035705566 8.23156452178955 8.22675895690918 8.22000789642334 8.20940589904785 8.20018100738525 8.19254302978516 8.18554592132568 8.17898750305176 8.17433547973633 8.17042064666748 8.16692543029785 8.16350364685059 8.16098880767822 8.15857410430908 8.15682315826416 8.15519332885742 8.15395736694336 8.15297508239746 8.15243434906006 8.15201759338379 8.15172672271729 8.1518497467041 8.15222263336182 8.15254592895508 8.15285110473633 8.15292549133301 8.15296936035156 8.15315723419189 8.15330600738525 8.15319538116455 8.1530704498291 8.15290546417236 8.15348529815674 8.15521621704102 8.15800666809082 8.16176891326904 8.16510677337646
-9999 -9999 -9999 -9999 8.23842716217041 8.23324394226074 8.23114681243896 8.23087501525879 8.23115825653076 8.23130416870117 8.2283763885498 8.21367931365967 8.20053577423096 8.19046401977539 8.18188667297363 8.17503261566162 8.16911125183105 8.1638298034668 8.16108512878418 8.15932083129883 8.1579475402832 8.15664291381836 8.15518283843994 8.15361309051514 8.15115547180176 8.14872646331787 8.14639186859131 8.14465618133545 8.14396572113037 8.14348983764648 8.143235206604 8.14320278167725 8.14330673217773 8.14389038085938 8.14463233947754 8.14530944824219 8.14597606658936 8.1465015411377 8.14700031280518 8.14732646942139 8.1476879119873 8.14815044403076 8.14917373657227 8.15106105804443 8.1544132232666 8.15910911560059 8.163330078125
-9999 -9999 -9999 -9999 8.25042057037354 8.2388973236084 8.23534202575684 8.23114681243896 8.23032093048096 8.21980667114258 8.20876598358154 8.19570636749268 8.18387031555176 8.17445373535156 8.16681671142578 8.16123390197754 8.15710353851318 8.15397262573242 8.15274333953857 8.15224838256836 8.15208530426025 8.15198040008545 8.15184497833252 8.15162181854248 8.15066814422607 8.1496057510376 8.14819622039795 8.14707946777344 8.1464729309082 8.14598083496094 8.14560508728027 8.14550685882568 8.14557838439941 8.1463098526001 8.14726066589355 8.14785480499268 8.14839649200439 8.14850807189941 8.14863300323486 8.14884185791016 8.14916706085205 8.14981842041016 8.15078735351562 8.15224838256836 8.15460109710693 8.15777206420898 8.16098403930664
-9999 -9999 -9999 -9999 -9999 8.25042057037354 8.23867988586426 8.23953723907471 8.22747421264648 8.20830249786377 8.19066715240479 8.17891311645508 8.16828632354736 8.15989303588867 8.15347385406494 8.14933204650879 8.14695739746094 8.14579582214355 8.14590167999268 8.14649677276611 8.1473217010498 8.1481876373291 8.14910507202148 8.14995765686035 8.15025997161865 8.15036010742188 8.14980220794678 8.14927291870117 8.14879417419434 8.14833450317383 8.14789390563965 8.14780426025391 8.14792823791504 8.14877033233643 8.14985275268555 8.15027904510498 8.15060997009277 8.1503438949585 8.15013027191162 8.15025043487549 8.15052890777588 8.15124988555908 8.15206813812256 8.15303516387939 8.15438556671143 8.15608596801758 8.15821361541748
-9999 -9999 -9999 -9999 -9999 8.24600315093994 8.25042057037354 8.23361682891846 8.21582126617432 8.19676876068115 8.17919635772705 8.1672887802124 8.15744590759277 8.15168762207031 8.1476993560791 8.14575386047363 8.14497089385986 8.14498710632324 8.14564037322998 8.14653968811035 8.14737796783447 8.14820575714111 8.14898109436035 8.14972305297852 8.15020370483398 8.1505651473999 8.15054321289062 8.15046691894531 8.15029716491699 8.15008544921875 8.14982891082764 8.15007209777832 8.15061950683594 8.15141201019287 8.1522855758667 8.1521692276001 8.15191459655762 8.15143013000488 8.15103149414062 8.15118789672852 8.15137577056885 8.15164947509766 8.15188598632812 8.15206527709961 8.15239906311035 8.15287399291992 8.15358543395996
-9999 -9999 8.23681354522705 8.23777961730957 8.2386531829834 8.24158000946045 8.24600791931152 8.22629356384277 8.20544815063477 8.18623352050781 8.16869735717773 8.15758228302002 8.14906883239746 8.14570236206055 8.14374446868896 8.14341259002686 8.14379405975342 8.14466571807861 8.14575576782227 8.14693069458008 8.14786815643311 8.14876461029053 8.14950180053711 8.1502161026001 8.15076446533203 8.15125560760498 8.15156364440918 8.15177726745605 8.15182399749756 8.15184497833252 8.1518383026123 8.15233993530273 8.15315055847168 8.15375328063965 8.15428638458252 8.1536922454834 8.1529426574707 8.15226459503174 8.15168952941895 8.15177059173584 8.15178871154785 8.15163135528564 8.1513557434082 8.15089702606201 8.1504487991333 8.15000820159912 8.14970588684082
-9999.000000000000000 -9999 -9999 -9999 8.23310470581055 8.23572635650635 8.23302841186523 8.21591091156006 8.19786739349365 8.17787933349609 8.16032028198242 8.15205764770508 8.14606380462646 8.14456081390381 8.14376068115234 8.14377212524414 8.14438438415527 8.14541053771973 8.14669704437256 8.14808368682861 8.14930725097656 8.1505012512207 8.15143013000488 8.15229415893555 8.15267276763916 8.15300750732422 8.15319728851318 8.15334033966064 8.15340042114258 8.15362167358398 8.15400981903076 8.15460586547852 8.15532875061035 8.15543842315674 8.15534400939941 8.15441226959229 8.1533670425415 8.15255165100098 8.15181541442871 8.15157985687256 8.15125942230225 8.15070533752441 8.15006542205811 8.14929580688477 8.14857482910156 8.14789867401123 8.1474609375
-9999 -9999 -9999 -9999 8.2258768081665 8.22200679779053 8.2232723236084 8.20827388763428 8.19207668304443 8.17186069488525 8.15459060668945 8.14860343933105 8.14445877075195 8.14396190643311 8.14378070831299 8.14396572113037 8.14472198486328 8.14587116241455 8.14730453491211 8.14884757995605 8.15048122406006 8.15213203430176 8.15337181091309 8.15451049804688 8.15488338470459 8.15520477294922 8.15535926818848 8.15548133850098 8.15554809570312 8.15583515167236 8.15634822845459 8.15671920776367 8.15700340270996 8.15660953521729 8.15599060058594 8.1547737121582 8.15347766876221 8.15246105194092 8.15150928497314 8.15096664428711 8.15034103393555 8.14948558807373 8.14860820770264 8.14769649505615 8.14683723449707 8.14602661132812 8.14550495147705
-9999 -9999 -9999 -9999 8.22095203399658 8.21989727020264 8.21859550476074 8.20409297943115 8.18853855133057 8.16877937316895 8.15219402313232 8.14775371551514 8.14461326599121 8.14404392242432 8.14380550384521 8.14395046234131 8.14474010467529 8.14597415924072 8.14749240875244 8.14912128448486 8.15132427215576 8.1536283493042 8.15533065795898 8.15689945220947 8.15747261047363 8.15796279907227 8.1581859588623 8.15835094451904 8.15841579437256 8.15859699249268 8.15889739990234 8.15864181518555 8.15804576873779 8.15713500976562 8.15611934661865 8.15468406677246 8.1531925201416 8.15189552307129 8.15066051483154 8.14982128143311 8.1489315032959 8.14789867401123 8.14694118499756 8.14609909057617 8.1452693939209 8.14445209503174 8.1439151763916
-9999 -9999 -9999 -9999 8.21989727020264 8.21832084655762 8.21647071838379 8.20283126831055 8.18807983398438 8.16871738433838 8.15245628356934 8.14807319641113 8.14487743377686 8.1440315246582 8.14362239837646 8.14371490478516 8.14451789855957 8.14580631256104 8.14739894866943 8.14910888671875 8.15175914764404 8.15457534790039 8.15660762786865 8.15848445892334 8.15922260284424 8.15984916687012 8.16011714935303 8.16025638580322 8.1601734161377 8.16005802154541 8.15990924835205 8.1591911315918 8.15812492370605 8.15691375732422 8.15565490722656 8.15411853790283 8.15254306793213 8.15099239349365 8.14951515197754 8.1485013961792 8.14746475219727 8.14636611938477 8.1453857421875 8.14459037780762 8.14377307891846 8.14293575286865 8.14232730865479
-9999 -9999 -9999 -9999 8.21822929382324 8.21647071838379 8.20481014251709 8.20375728607178 8.18993282318115 8.17091846466064 8.15471458435059 8.14926815032959 8.14522266387939 8.14394760131836 8.14328098297119 8.1433162689209 8.14411354064941 8.14543533325195 8.14709377288818 8.14888191223145 8.15188884735107 8.15511226654053 8.15737342834473 8.15946674346924 8.1603422164917 8.1610803604126 8.16137599945068 8.16143989562988 8.16110038757324 8.16054534912109 8.15976905822754 8.15871047973633 8.15748023986816 8.15613269805908 8.15474510192871 8.15319442749023 8.15161991119385 8.14983654022217 8.1481466293335 8.14704895019531 8.14595603942871 8.14487361907959 8.1439151763916 8.14315032958984 8.14233112335205 8.1414623260498 8.1407413482666
-9999 -9999 -9999 -9999 8.21647071838379 8.20517635345459 8.1995792388916 8.19618225097656 8.19408321380615 8.17498397827148 8.1583080291748 8.15090370178223 8.14541053771973 8.14369678497314 8.14278697967529 8.14280414581299 8.1436243057251 8.14499473571777 8.1468334197998 8.14885139465332 8.15209865570068 8.15556335449219 8.15756797790527 8.15939998626709 8.16006660461426 8.16061401367188 8.16077327728271 8.16073322296143 8.16034507751465 8.15962505340576 8.15856266021729 8.15741062164307 8.15620517730713 8.15481472015381 8.15336322784424 8.1517333984375 8.15007877349854 8.14843845367432 8.14686584472656 8.14571857452393 8.14460468292236 8.14358234405518 8.1426477432251 8.14185047149658 8.14101600646973 8.14014625549316 8.1394100189209
-9999 -9999 -9999 -9999 -9999 8.20087337493896 8.19984436035156 8.19879913330078 8.19921779632568 8.17984962463379 8.16247463226318 8.15272998809814 8.14553165435791 8.1433744430542 8.14222717285156 8.14224529266357 8.14309787750244 8.14452362060547 8.14659118652344 8.14890575408936 8.15234279632568 8.15597820281982 8.1575174331665 8.15888500213623 8.15919494628906 8.15942001342773 8.15937232971191 8.15921592712402 8.15886974334717 8.15810203552246 8.15689849853516 8.15575981140137 8.15465927124023 8.1532678604126 8.151780128479 8.1500415802002 8.14827251434326 8.14693641662598 8.14562225341797 8.14444065093994 8.1433219909668 8.14237689971924 8.14146709442139 8.14061164855957 8.13975524902344 8.1388988494873 8.1381893157959
-9999 -9999 -9999 -9999 -9999 8.20296192169189 8.20319557189941 8.20455074310303 8.20281314849854 8.18292903900146 8.16482257843018 8.1535177230835 8.14523696899414 8.14293670654297 8.14170551300049 8.1417064666748 8.14257049560547 8.14402770996094 8.14637660980225 8.14907073974609 8.15253639221191 8.15613746643066 8.15711784362793 8.15795516967773 8.15807437896729 8.15813159942627 8.15798664093018 8.15773296356201 8.15728855133057 8.15644931793213 8.15520286560059 8.15401268005371 8.15285587310791 8.15149307250977 8.15006160736084 8.1483211517334 8.14654350280762 8.14548397064209 8.14442157745361 8.14333820343018 8.14229965209961 8.14138793945312 8.14047050476074 8.13954448699951 8.13869857788086 8.13792514801025 8.13725566864014
-9999 -9999 -9999 -9999 -9999 8.2045373916626 8.20584583282471 8.20623683929443 8.20609092712402 8.18564033508301 8.16679382324219 8.15409183502197 8.14485549926758 8.14247512817383 8.14119052886963 8.14117240905762 8.1420431137085 8.14352607727051 8.14616775512695 8.14925765991211 8.15271854400635 8.1562442779541 8.15664577484131 8.15693950653076 8.15690326690674 8.15682411193848 8.1566047668457 8.15625762939453 8.155686378479 8.15477085113525 8.15350151062012 8.15224647521973 8.15100002288818 8.14967155456543 8.1483154296875 8.1465950012207 8.14483070373535 8.14404201507568 8.14323043823242 8.14227199554443 8.14133262634277 8.1404447555542 8.13951301574707 8.13851356506348 8.13768291473389 8.13700771331787 8.13638305664062
-9999 -9999 -9999 -9999 -9999 -9999 8.20456981658936 8.20675086975098 8.20503425598145 8.18334674835205 8.16374683380127 8.15213680267334 8.14378547668457 8.14188480377197 8.14083003997803 8.14074993133545 8.14157390594482 8.14301681518555 8.14577388763428 8.14903926849365 8.15243911743164 8.15586280822754 8.15602111816406 8.15609264373779 8.15604209899902 8.15590953826904 8.15551090240479 8.15494918823242 8.15409851074219 8.15303993225098 8.15176486968994 8.15051651000977 8.14928436279297 8.14811515808105 8.14696788787842 8.14549827575684 8.14398765563965 8.14315319061279 8.14230442047119 8.14136219024658 8.1404447555542 8.1395959854126 8.13871669769287 8.13779163360596 8.13701057434082 8.13636207580566 8.13572406768799
-9999 -9999 -9999 -9999 -9999 -9999 8.20106410980225 8.20072078704834 8.20306015014648 8.18038177490234 8.16027355194092 8.15000534057617 8.1427116394043 8.14130592346191 8.14048671722412 8.14034557342529 8.14111518859863 8.14250946044922 8.14535331726074 8.14875602722168 8.15210437774658 8.15544319152832 8.15538787841797 8.15526485443115 8.15519905090332 8.1550121307373 8.15443229675293 8.15365600585938 8.15253829956055 8.15134334564209 8.15006732940674 8.14883708953857 8.14763355255127 8.14663124084473 8.14569568634033 8.14447784423828 8.14322376251221 8.1423168182373 8.14140796661377 8.14048957824707 8.1396017074585 8.13879585266113 8.13796901702881 8.13711166381836 8.13636875152588 8.1357307434082 8.13507080078125
-9999 -9999 -9999 -9999 -9999 -9999 8.19531917572021 8.19572067260742 8.19336414337158 8.17263412475586 8.15465641021729 8.14721202850342 8.14192485809326 8.14090538024902 8.14026832580566 8.14007091522217 8.14074897766113 8.14202785491943 8.14472961425781 8.14798164367676 8.15139865875244 8.15484428405762 8.15473175048828 8.1545467376709 8.15439796447754 8.15410995483398 8.15336608886719 8.15245532989502 8.15125370025635 8.15003776550293 8.14880752563477 8.14767837524414 8.14660930633545 8.14577770233154 8.14502429962158 8.14397621154785 8.1428861618042 8.14176559448242 8.1406946182251 8.1399450302124 8.13920116424561 8.13847064971924 8.13765811920166 8.13671970367432 8.13587951660156 8.13512992858887 8.13437080383301
-9999 -9999 -9999 -9999 -9999 8.19497966766357 8.19063282012939 8.18951511383057 8.1828031539917 8.16482448577881 8.14956474304199 8.14471435546875 8.14125919342041 8.14056396484375 8.14008617401123 8.13986015319824 8.14045333862305 8.14160823822021 8.14412593841553 8.14717102050781 8.15066814422607 8.1542444229126 8.15410804748535 8.15388584136963 8.15363788604736 8.15324687957764 8.15239429473877 8.15138816833496 8.15011596679688 8.14888572692871 8.14769744873047 8.14665508270264 8.14570045471191 8.14501094818115 8.14441013336182 8.1435375213623 8.1426248550415 8.14136219024658 8.14018249511719 8.13953685760498 8.13887596130371 8.13817024230957 8.13733673095703 8.13630390167236 8.13535594940186 8.13448715209961 8.13361167907715
-9999 -9999 -9999 -9999 8.20995998382568 8.19850730895996 8.19497966766357 8.18231582641602 8.1690673828125 8.1567850112915 8.14640426635742 8.14330387115479 8.14104080200195 8.14043521881104 8.14003849029541 8.13988304138184 8.14041328430176 8.1414155960083 8.14359474182129 8.1462287902832 8.14984893798828 8.15364265441895 8.15359687805176 8.1534366607666 8.1530237197876 8.15252780914307 8.15176486968994 8.1508092880249 8.14952087402344 8.14829635620117 8.14713668823242 8.14612770080566 8.14520931243896 8.14456081390381 8.14400196075439 8.14333152770996 8.1426420211792 8.14150047302246 8.14040946960449 8.13962936401367 8.13882827758789 8.13796424865723 8.13697719573975 8.13579750061035 8.13470554351807 8.13369369506836 8.13263416290283
