Ecospace-environmental-drivers/Outputs/ASCII-for-ecospace/MOM6-ISIMIP3a/ph-surf/1993-04_ph-surf_MOM6-ISIMIP3a.asc
NCOLS 131 
NROWS 53 
XLLCORNER -98 
YLLCORNER 23.9265270233154 
CELLSIZE 0.133587792515755 
NODATA_value -9999 
[rows 21 to 41 of 53, columns 47 to 93 of 131]
8.20491981506348 8.20495414733887 8.20481395721436 8.20414257049561 8.20344257354736 8.20343780517578 8.20351886749268 8.20404148101807 8.20455265045166 8.20503902435303 8.20620536804199 8.20830631256104 8.21086597442627 8.21380138397217 8.2162036895752 8.21835327148438 8.21874713897705 8.21872138977051 8.21889877319336 8.21915340423584 8.22032070159912 8.22131729125977 8.22159957885742 8.22143459320068 8.2203254699707 8.21878623962402 8.21672058105469 8.21483325958252 8.21307468414307 8.21485900878906 8.21810913085938 8.21958065032959 8.22070217132568 8.22396278381348 8.22712421417236 8.22853851318359 8.22960186004639 8.2294340133667 8.22817420959473 8.22488689422607 8.21958827972412 8.21209907531738 8.20831775665283 8.20693588256836 8.20333290100098 8.19893264770508 8.19589996337891
8.20222282409668 8.20245742797852 8.20265483856201 8.20217514038086 8.20164775848389 8.20169067382812 8.20179557800293 8.20221042633057 8.20253276824951 8.20263195037842 8.20343589782715 8.20520687103271 8.2073450088501 8.20978164672852 8.21146011352539 8.2127799987793 8.21302223205566 8.21300792694092 8.21304798126221 8.21317863464355 8.21456623077393 8.21590042114258 8.21700859069824 8.21756362915039 8.21694755554199 8.21568298339844 8.21362686157227 8.21095180511475 8.20782566070557 8.20810985565186 8.20980548858643 8.21042346954346 8.21082973480225 8.21415233612061 8.21757698059082 8.2209358215332 8.22354793548584 8.22352981567383 8.22207260131836 8.217942237854 8.21114826202393 8.20145225524902 8.19686794281006 8.19559001922607 8.19232177734375 8.18833923339844 8.18736171722412
8.19924449920654 8.1997013092041 8.20027256011963 8.19997692108154 8.19961071014404 8.19971561431885 8.19984912872314 8.20012664794922 8.20022678375244 8.1998987197876 8.20030689239502 8.20172595977783 8.20340156555176 8.20528602600098 8.20618724822998 8.20662212371826 8.2067985534668 8.20691204071045 8.20691299438477 8.20700931549072 8.2086181640625 8.21029090881348 8.21223545074463 8.21354866027832 8.21352958679199 8.21265697479248 8.21074104309082 8.2073802947998 8.20296669006348 8.20167922973633 8.20168685913086 8.20136165618896 8.20097160339355 8.2041130065918 8.20756912231445 8.21281433105469 8.21691989898682 8.21701431274414 8.21537590026855 8.21051597595215 8.20243549346924 8.19084548950195 8.18542957305908 8.184006690979 8.18104648590088 8.17753410339355 8.1785192489624
8.19528675079346 8.19646453857422 8.1980094909668 8.1975154876709 8.1968469619751 8.19711399078369 8.19727230072021 8.19687938690186 8.19611644744873 8.19445991516113 8.19387817382812 8.19476890563965 8.19579887390137 8.19694328308105 8.19671821594238 8.19584369659424 8.19653511047363 8.19760036468506 8.19869136810303 8.1998348236084 8.20172119140625 8.20369720458984 8.2060489654541 8.20783233642578 8.20841693878174 8.2082405090332 8.20713424682617 8.20449924468994 8.20075130462646 8.19867038726807 8.19727897644043 8.19591522216797 8.19455623626709 8.19583320617676 8.1975679397583 8.20281887054443 8.20679950714111 8.20631504058838 8.20462036132812 8.2006778717041 8.19420719146729 8.184983253479 8.178635597229 8.17415046691895 8.17141914367676 8.1693172454834 8.17061614990234
8.19153022766113 8.19320297241211 8.19542694091797 8.19464683532715 8.19360065460205 8.19368648529053 8.19356155395508 8.19236660003662 8.19073104858398 8.18803024291992 8.18661022186279 8.18694877624512 8.18740463256836 8.18795490264893 8.18703556060791 8.18542194366455 8.18668079376221 8.18862724304199 8.19067478179932 8.19273090362549 8.19482135772705 8.19699478149414 8.19951629638672 8.20151424407959 8.20241069793701 8.20270538330078 8.20226383209229 8.20034313201904 8.19734477996826 8.19465732574463 8.19209957122803 8.19005012512207 8.18810081481934 8.18788719177246 8.18821907043457 8.19325828552246 8.19698429107666 8.19609069824219 8.19438457489014 8.19116973876953 8.18608570098877 8.17896461486816 8.17209053039551 8.16537666320801 8.16279411315918 8.16169548034668 8.16321182250977
8.18865776062012 8.18983364105225 8.19143867492676 8.18999290466309 8.18824100494385 8.18664169311523 8.18488311767578 8.18231201171875 8.17975902557373 8.17725086212158 8.17566585540771 8.17534732818604 8.17553234100342 8.17612838745117 8.17641925811768 8.17656517028809 8.17862415313721 8.18113994598389 8.18355464935303 8.18593406677246 8.18790626525879 8.18981647491455 8.19146633148193 8.19256210327148 8.19249057769775 8.19226741790771 8.19186019897461 8.190598487854 8.18871402740479 8.18624782562256 8.18354034423828 8.18235492706299 8.18146896362305 8.18140316009521 8.18173217773438 8.18560695648193 8.18850231170654 8.18794822692871 8.18642616271973 8.18310642242432 8.17842578887939 8.17226219177246 8.16663265228271 8.16134738922119 8.15856742858887 8.15668773651123 8.15799045562744
8.18506240844727 8.18554306030273 8.18636703491211 8.18466854095459 8.18267154693604 8.17955207824707 8.17633533477783 8.1726188659668 8.16940498352051 8.16740322113037 8.16591739654541 8.16514015197754 8.16511249542236 8.16569900512695 8.16688919067383 8.16836547851562 8.17096424102783 8.17383098602295 8.17626571655273 8.17861461639404 8.18014335632324 8.18155384063721 8.18247032165527 8.18287467956543 8.18220138549805 8.18167304992676 8.18132305145264 8.18066501617432 8.17978191375732 8.1777868270874 8.17533302307129 8.17480182647705 8.17464923858643 8.17484855651855 8.17529106140137 8.17797565460205 8.17995166778564 8.17943477630615 8.177978515625 8.17478084564209 8.17073059082031 8.16575145721436 8.16137790679932 8.15739727020264 8.15474796295166 8.1525764465332 8.15403079986572
8.17988872528076 8.17924213409424 8.17893028259277 8.17788028717041 8.17664241790771 8.17236423492432 8.16807270050049 8.16371440887451 8.16039562225342 8.15958595275879 8.15877819061279 8.15797519683838 8.15786266326904 8.15831470489502 8.15972995758057 8.16160106658936 8.16417121887207 8.16690921783447 8.16860771179199 8.1701545715332 8.17053031921387 8.17092609405518 8.17141056060791 8.1715841293335 8.17110538482666 8.17073535919189 8.17049694061279 8.17032146453857 8.17019176483154 8.16921806335449 8.16789531707764 8.16756057739258 8.16742038726807 8.16813850402832 8.16895198822021 8.17038917541504 8.17125415802002 8.17011070251465 8.16846370697021 8.16588497161865 8.16296005249023 8.15965747833252 8.156569480896 8.15361976623535 8.15181636810303 8.15042304992676 8.15282154083252
8.17517280578613 8.17381763458252 8.172682762146 8.17165184020996 8.17051315307617 8.16617870330811 8.16181468963623 8.15730285644531 8.15402221679688 8.15371513366699 8.15324687957764 8.15255832672119 8.15245342254639 8.1528263092041 8.15409374237061 8.15578651428223 8.15787220001221 8.16005229949951 8.16103839874268 8.16185569763184 8.16140937805176 8.1610631942749 8.16113471984863 8.16108512878418 8.16078186035156 8.16052627563477 8.1603307723999 8.16042041778564 8.16071891784668 8.16049385070801 8.16005325317383 8.15981388092041 8.15961265563965 8.16021537780762 8.16083812713623 8.16136646270752 8.16152572631836 8.1603832244873 8.15904140472412 8.1573314666748 8.15556812286377 8.15374660491943 8.15193176269531 8.15012264251709 8.14916133880615 8.14850425720215 8.15118312835693
8.17103290557861 8.16949653625488 8.16793060302734 8.16612815856934 8.16425895690918 8.1612548828125 8.15807914733887 8.15402507781982 8.15096282958984 8.15029430389404 8.14973831176758 8.149338722229 8.14935874938965 8.14972114562988 8.15037441253662 8.15116596221924 8.15219402313232 8.15327835083008 8.15358066558838 8.15375900268555 8.15290832519531 8.15216159820557 8.15184497833252 8.15158176422119 8.15142822265625 8.15123558044434 8.15099430084229 8.1510763168335 8.15139293670654 8.15157508850098 8.15170192718506 8.15142917633057 8.15107727050781 8.15076637268066 8.15048980712891 8.15054035186768 8.1505012512207 8.15014839172363 8.14973449707031 8.14920902252197 8.14865398406982 8.1480655670166 8.14751052856445 8.14697742462158 8.14685440063477 8.14687919616699 8.14900302886963
8.16694450378418 8.16581153869629 8.16452884674072 8.16235256195068 8.16008281707764 8.15775775909424 8.15522480010986 8.15163326263428 8.14882183074951 8.1478967666626 8.14719581604004 8.14680480957031 8.14674282073975 8.14694976806641 8.14715003967285 8.14734840393066 8.1476354598999 8.14794445037842 8.14783954620361 8.1476583480835 8.14675998687744 8.1459264755249 8.14536380767822 8.14488315582275 8.14457702636719 8.14432144165039 8.14412975311279 8.14418506622314 8.14442157745361 8.14475059509277 8.14511680603027 8.14461326599121 8.1439380645752 8.14325618743896 8.14264678955078 8.14274406433105 8.14288139343262 8.14316463470459 8.14340591430664 8.14357280731201 8.14373302459717 8.14388751983643 8.14435577392578 8.14502906799316 8.14557838439941 8.14608478546143 8.1476469039917
8.1628942489624 8.1626033782959 8.16213989257812 8.15988922119141 8.15746593475342 8.15533065795898 8.15303230285645 8.14990329742432 8.14736843109131 8.14626693725586 8.14537811279297 8.14478302001953 8.1444845199585 8.14442825317383 8.14429759979248 8.14413261413574 8.14391708374023 8.14369010925293 8.14338684082031 8.1430549621582 8.14237594604492 8.14169216156006 8.14098739624023 8.14028835296631 8.13960266113281 8.13919162750244 8.13911724090576 8.13913345336914 8.13921546936035 8.13949489593506 8.13985729217529 8.13897323608398 8.13784408569336 8.1372013092041 8.13668441772461 8.13722038269043 8.13781547546387 8.13861846923828 8.13931179046631 8.13979911804199 8.14030742645264 8.14083576202393 8.14215278625488 8.14397811889648 8.14507579803467 8.14591312408447 8.1469087600708
8.16027927398682 8.16017150878906 8.15978240966797 8.15773773193359 8.15552997589111 8.15352725982666 8.15140533447266 8.14867496490479 8.14641284942627 8.14528465270996 8.1442985534668 8.14350891113281 8.14299011230469 8.1426944732666 8.1423511505127 8.14198684692383 8.14156627655029 8.14113330841064 8.14069747924805 8.14025020599365 8.13964653015137 8.13896942138672 8.13799095153809 8.13699626922607 8.1359691619873 8.13540363311768 8.13540267944336 8.13535022735596 8.13525867462158 8.13536739349365 8.13555812835693 8.13483142852783 8.1339225769043 8.13344383239746 8.13311100006104 8.13404178619385 8.13496398925781 8.13586139678955 8.13669776916504 8.13742446899414 8.13837242126465 8.13956165313721 8.1414852142334 8.14388465881348 8.14513111114502 8.14596271514893 8.14660835266113
8.15827941894531 8.15807247161865 8.15743827819824 8.15571975708008 8.15388774871826 8.15199279785156 8.15002059936523 8.14765930175781 8.14567089080811 8.14457988739014 8.14353561401367 8.14255332946777 8.14182281494141 8.14129829406738 8.140793800354 8.14029884338379 8.13980197906494 8.13930416107178 8.13876342773438 8.13821697235107 8.1376256942749 8.13689517974854 8.13558578491211 8.13426208496094 8.13291072845459 8.1321907043457 8.13224506378174 8.13210964202881 8.13183689117432 8.13172245025635 8.13167190551758 8.1313304901123 8.13093185424805 8.13067150115967 8.13056182861328 8.13186740875244 8.1330623626709 8.13386917114258 8.13471984863281 8.13564872741699 8.13707733154297 8.13904857635498 8.14147663116455 8.14420127868652 8.14542388916016 8.14610767364502 8.1464958190918
8.15596008300781 8.15564346313477 8.15494918823242 8.15365314483643 8.15229415893555 8.15086650848389 8.14934062957764 8.14731216430664 8.14559078216553 8.14461135864258 8.14362049102783 8.14261531829834 8.1417350769043 8.14095783233643 8.14027976989746 8.1396484375 8.13899898529053 8.13834571838379 8.13754367828369 8.13672637939453 8.13583278656006 8.13488006591797 8.13368034362793 8.13232040405273 8.13062191009521 8.12970352172852 8.12973690032959 8.12961769104004 8.12938690185547 8.12927150726318 8.1292028427124 8.12897872924805 8.12872505187988 8.12855339050293 8.12850761413574 8.12965297698975 8.13071537017822 8.13148880004883 8.13234329223633 8.13334846496582 8.13507270812988 8.13758182525635 8.14026260375977 8.14305400848389 8.14474868774414 8.14605045318604 8.14664554595947
8.15357398986816 8.1531457901001 8.15242958068848 8.15157699584961 8.150710105896 8.14982509613037 8.14880657196045 8.14710330963135 8.14564895629883 8.14479541778564 8.14388179779053 8.14288711547852 8.14187049865723 8.14083671569824 8.13998222351074 8.13921165466309 8.13839530944824 8.13756656646729 8.13647174835205 8.13534832000732 8.13408660888672 8.13287544250488 8.13187885284424 8.13054370880127 8.12849426269531 8.12736511230469 8.12736320495605 8.12728023529053 8.12713813781738 8.12706756591797 8.12702655792236 8.12686443328857 8.12667942047119 8.12657165527344 8.12655735015869 8.1274299621582 8.12827587127686 8.1290283203125 8.12988567352295 8.13093948364258 8.13292217254639 8.13591766357422 8.13879776000977 8.14160346984863 8.14387321472168 8.14595127105713 8.14684963226318
8.15256977081299 8.15239715576172 8.15204334259033 8.15119552612305 8.15029430389404 8.14935874938965 8.14833831787109 8.14689159393311 8.14566993713379 8.14499187469482 8.1442756652832 8.14350605010986 8.14262294769287 8.14164638519287 8.14084434509277 8.14012336730957 8.13927841186523 8.13840198516846 8.13669300079346 8.13493061065674 8.13323974609375 8.1316556930542 8.13051986694336 8.12912750244141 8.12719345092773 8.12604522705078 8.12585735321045 8.12568283081055 8.12551689147949 8.12546730041504 8.12546634674072 8.12533187866211 8.12517070770264 8.12513828277588 8.12516689300537 8.12574768066406 8.12636184692383 8.12709426879883 8.12787532806396 8.12874412536621 8.1304931640625 8.13320064544678 8.13608169555664 8.13907527923584 8.14189434051514 8.14465141296387 8.14599132537842
8.15167999267578 8.15175914764404 8.15176200866699 8.15087985992432 8.14990520477295 8.14889526367188 8.14785289764404 8.14664936065674 8.14564895629883 8.14513778686523 8.14461708068848 8.14408016204834 8.1433572769165 8.14248180389404 8.14175987243652 8.14111137390137 8.14025783538818 8.13935565948486 8.13706398010254 8.13469505310059 8.13259792327881 8.13065433502197 8.12935161590576 8.12787055969238 8.12601470947266 8.12481880187988 8.12442970275879 8.12415218353271 8.12395572662354 8.12392520904541 8.12396240234375 8.12385559082031 8.12371921539307 8.12376403808594 8.12383937835693 8.12415313720703 8.12455368041992 8.12526035308838 8.12595844268799 8.12664127349854 8.12812900543213 8.13049125671387 8.13334655761719 8.13651943206787 8.1398458480835 8.14322662353516 8.14500904083252
8.15134716033936 8.15146064758301 8.15157890319824 8.15046882629395 8.14924049377441 8.14819717407227 8.14715099334717 8.14608669281006 8.1451997756958 8.14474010467529 8.14433479309082 8.14400482177734 8.1436014175415 8.14313793182373 8.14269542694092 8.1422643661499 8.14156341552734 8.1407995223999 8.13842296600342 8.13595199584961 8.13371276855469 8.1315975189209 8.12999629974365 8.12813663482666 8.12573146820068 8.12410259246826 8.12342166900635 8.1229887008667 8.12273597717285 8.12270927429199 8.12277793884277 8.12271213531494 8.12262058258057 8.1227560043335 8.12291526794434 8.12323665618896 8.12362098693848 8.12422370910645 8.12482833862305 8.1254358291626 8.12660026550293 8.12837314605713 8.13100242614746 8.13418483734131 8.13757514953613 8.14104080200195 8.14319705963135
8.15102100372314 8.15107727050781 8.15117645263672 8.14989566802979 8.14848709106445 8.14745140075684 8.14643001556396 8.14548587799072 8.14469051361084 8.14425659179688 8.14393615722656 8.14377403259277 8.14364242553711 8.14353561401367 8.14339351654053 8.14323425292969 8.1428108215332 8.14232444763184 8.13997077941895 8.13749599456787 8.13512992858887 8.13283348083496 8.13082218170166 8.12850284576416 8.12553405761719 8.12345886230469 8.12247467041016 8.12188529968262 8.12158298492432 8.12156772613525 8.12167072296143 8.12166500091553 8.12163829803467 8.1218729019165 8.12212467193604 8.12245941162109 8.12283134460449 8.12333106994629 8.12384605407715 8.12438678741455 8.12525177001953 8.12646961212158 8.12884044647217 8.13195705413818 8.1353588104248 8.13886165618896 8.14142036437988
8.15071582794189 8.1503849029541 8.14997386932373 8.14872741699219 8.14741039276123 8.14652633666992 8.14563941955566 8.14473915100098 8.14395713806152 8.14346027374268 8.14311408996582 8.14297199249268 8.14293670654297 8.14298820495605 8.14321899414062 8.14353561401367 8.14384174346924 8.14414596557617 8.14221000671387 8.14009666442871 8.13765430450439 8.1351375579834 8.13230895996094 8.12923622131348 8.12564945220947 8.12307929992676 8.12174987792969 8.12100219726562 8.12067985534668 8.12069511413574 8.12085151672363 8.12097072601318 8.12108421325684 8.12144565582275 8.12181663513184 8.12218856811523 8.12256717681885 8.12296581268311 8.12340450286865 8.12391757965088 8.1245641708374 8.1253547668457 8.12734985351562 8.13012599945068 8.13333797454834 8.13670635223389 8.13976955413818
