Ecospace-environmental-drivers/Outputs/ASCII-for-ecospace/MOM6-ISIMIP3a/ph-surf/1994-09_ph-surf_MOM6-ISIMIP3a.asc
NCOLS 131 
NROWS 53 
XLLCORNER -98 
YLLCORNER 23.9265270233154 
CELLSIZE 0.133587792515755 
NODATA_value -9999 
[rows 21 to 41 of 53, columns 47 to 93 of 131]
8.13023567199707 8.12993621826172 8.12937831878662 8.13118362426758 8.13323974609375 8.1355504989624 8.13769245147705 8.13897800445557 8.1404504776001 8.14237308502197 8.14394092559814 8.14502143859863 8.14554405212402 8.14560985565186 8.1447582244873 8.14347267150879 8.14075088500977 8.13768577575684 8.13505363464355 8.13257884979248 8.13195896148682 8.13141250610352 8.13117694854736 8.13108825683594 8.13131046295166 8.13298797607422 8.13644409179688 8.1409215927124 8.14614105224609 8.1493034362793 8.15161228179932 8.15094470977783 8.14969158172607 8.14640808105469 8.14295959472656 8.13862705230713 8.13440322875977 8.13056564331055 8.12711143493652 8.12437057495117 8.12232208251953 8.1210298538208 8.12078189849854 8.1212100982666 8.12266159057617 8.12448024749756 8.12650299072266
8.12143230438232 8.12146377563477 8.12131118774414 8.1229305267334 8.12473106384277 8.12656784057617 8.12828254699707 8.1293773651123 8.13064193725586 8.13231372833252 8.13372325897217 8.13477230072021 8.13541221618652 8.13571834564209 8.13503932952881 8.13389301300049 8.13144683837891 8.12868976593018 8.12622928619385 8.12392330169678 8.12357139587402 8.12337207794189 8.12381076812744 8.12437438964844 8.12520122528076 8.12733459472656 8.13106346130371 8.13582897186279 8.14134979248047 8.14501857757568 8.14791965484619 8.1477222442627 8.14691638946533 8.14377784729004 8.14043521881104 8.13593101501465 8.13149738311768 8.12730979919434 8.1235294342041 8.12050247192383 8.11822986602783 8.11677837371826 8.11638450622559 8.11667633056641 8.11816310882568 8.12007904052734 8.12257862091064
8.11299610137939 8.11341762542725 8.11374187469482 8.11518478393555 8.11673450469971 8.11805629730225 8.11930656433105 8.12018775939941 8.12121486663818 8.12259292602539 8.12378978729248 8.12473678588867 8.12540912628174 8.12585639953613 8.12529850006104 8.12426376342773 8.12213134765625 8.11973667144775 8.11751556396484 8.11544418334961 8.11537742614746 8.11553764343262 8.11665439605713 8.11788368225098 8.11935424804688 8.12195682525635 8.12594509124756 8.13094615936279 8.13668537139893 8.14078235626221 8.14420032501221 8.14445495605469 8.14408874511719 8.14110469818115 8.13787746429443 8.13321590423584 8.12858200073242 8.12404632568359 8.11994457244873 8.1166467666626 8.11417198181152 8.11259269714355 8.11207294464111 8.11223888397217 8.11375522613525 8.11575794219971 8.11867618560791
8.10673522949219 8.10725879669189 8.10773849487305 8.10899448394775 8.11032104492188 8.11143779754639 8.11248397827148 8.11316967010498 8.11393642425537 8.11489772796631 8.11574268341064 8.11642837524414 8.11692333221436 8.117262840271 8.11690235137939 8.1162109375 8.11473941802979 8.11308097839355 8.11126613616943 8.10955810546875 8.1095666885376 8.10984325408936 8.11124038696289 8.11292839050293 8.11523056030273 8.11852264404297 8.12302684783936 8.12813186645508 8.13367652893066 8.13751602172852 8.14065074920654 8.14115715026855 8.14114856719971 8.13842868804932 8.1354284286499 8.13065910339355 8.12584972381592 8.12090015411377 8.11647891998291 8.113037109375 8.11053562164307 8.10905933380127 8.10862159729004 8.10885715484619 8.11057186126709 8.11281776428223 8.11592483520508
8.10046577453613 8.10107421875 8.10167980194092 8.10277843475342 8.10392189025879 8.10490322113037 8.10581874847412 8.10639762878418 8.10699462890625 8.10763454437256 8.10820770263672 8.10868835449219 8.109055519104 8.10933208465576 8.10915946960449 8.10877418518066 8.10788917541504 8.10688495635986 8.10546588897705 8.10411739349365 8.10422325134277 8.10463237762451 8.1063117980957 8.10844802856445 8.11154747009277 8.11546230316162 8.12037372589111 8.12549591064453 8.13077259063721 8.13434600830078 8.13721466064453 8.13795471191406 8.13827610015869 8.13580417633057 8.13301849365234 8.12817478179932 8.12323570251465 8.11796188354492 8.11328792572021 8.10972690582275 8.10720443725586 8.10581207275391 8.10543632507324 8.10571765899658 8.10762596130371 8.11011791229248 8.11340999603271
8.09415912628174 8.09477615356445 8.09537124633789 8.09645080566406 8.09757995605469 8.09873390197754 8.09984111785889 8.1007022857666 8.10152721405029 8.10226440429688 8.10291194915771 8.10343647003174 8.1038990020752 8.10431003570557 8.10427856445312 8.10403728485107 8.10341358184814 8.10269737243652 8.10163307189941 8.10063362121582 8.10092544555664 8.10154056549072 8.10351085662842 8.10605239868164 8.1097993850708 8.11404037475586 8.11888313293457 8.12363815307617 8.12832927703857 8.13159942626953 8.13428020477295 8.13516998291016 8.13570690155029 8.13340854644775 8.130784034729 8.12600994110107 8.1211404800415 8.11593341827393 8.11129951477051 8.10773181915283 8.10520839691162 8.10382270812988 8.10341453552246 8.10363960266113 8.10572242736816 8.10847282409668 8.11193084716797
8.08844947814941 8.08907222747803 8.08967781066895 8.09073734283447 8.09185028076172 8.09313297271729 8.09437942504883 8.09544086456299 8.09643745422363 8.09727478027344 8.0980052947998 8.09859085083008 8.0991382598877 8.09965515136719 8.09975337982178 8.09965419769287 8.09929370880127 8.09887027740479 8.0983829498291 8.09795951843262 8.0985221862793 8.09939098358154 8.10154056549072 8.10433483123779 8.10848712921143 8.11286067962646 8.11750411987305 8.12184047698975 8.12595367431641 8.12894248962402 8.13146686553955 8.13249206542969 8.13322353363037 8.13107967376709 8.12860298156738 8.12390613555908 8.11912536621094 8.11404800415039 8.10950946807861 8.10596942901611 8.10344505310059 8.10202789306641 8.10158538818359 8.10177516937256 8.10400772094727 8.10697460174561 8.11057281494141
8.08404445648193 8.08466625213623 8.08532428741455 8.0863676071167 8.08745861053467 8.08876895904541 8.09004211425781 8.09112548828125 8.09216785430908 8.09311103820801 8.09394645690918 8.09463119506836 8.09524440765381 8.09580039978027 8.09600257873535 8.09603881835938 8.09595012664795 8.0958309173584 8.09640407562256 8.0970516204834 8.09807109832764 8.09929656982422 8.10138511657715 8.10409736633301 8.10812473297119 8.11221122741699 8.11636829376221 8.12017440795898 8.12372303009033 8.12648391723633 8.12891864776611 8.13004970550537 8.13092517852783 8.12890148162842 8.126540184021 8.1219367980957 8.11728763580322 8.11247825622559 8.10815048217773 8.10471534729004 8.1021900177002 8.1006555557251 8.10017490386963 8.10037612915039 8.10270404815674 8.10579586029053 8.10948181152344
8.08110618591309 8.08157920837402 8.082106590271 8.08295345306396 8.08384418487549 8.08505916595459 8.08625888824463 8.08738422393799 8.08849620819092 8.08957862854004 8.09052276611328 8.09127807617188 8.09193706512451 8.09251689910889 8.09275341033936 8.09282684326172 8.09304141998291 8.09329128265381 8.094482421875 8.0957555770874 8.09725952148438 8.09890079498291 8.10111427307129 8.10384941101074 8.10768699645996 8.11144351959229 8.11510181427002 8.11844348907471 8.12155437469482 8.12411308288574 8.12644386291504 8.12763595581055 8.12860488891602 8.12667083740234 8.12440204620361 8.11989688873291 8.11538410186768 8.11084365844727 8.10672950744629 8.10340404510498 8.10086441040039 8.09918117523193 8.09873580932617 8.09909057617188 8.10159873962402 8.10488033294678 8.10859107971191
8.0800142288208 8.08015060424805 8.08031940460205 8.0807409286499 8.08120727539062 8.08217144012451 8.08317279815674 8.08436584472656 8.08557891845703 8.08683967590332 8.08790111541748 8.08869171142578 8.08936882019043 8.0899543762207 8.09013366699219 8.09012031555176 8.09068202972412 8.09138107299805 8.0926342010498 8.09397220611572 8.09599590301514 8.09812545776367 8.10069847106934 8.10358905792236 8.10715293884277 8.11052703857422 8.11367034912109 8.11663246154785 8.11946296691895 8.12185382843018 8.12406253814697 8.12525844573975 8.12625598907471 8.12437725067139 8.12216854095459 8.11776733398438 8.11339569091797 8.10912799835205 8.1052303314209 8.10202026367188 8.09945106506348 8.09757900238037 8.09726047515869 8.09794807434082 8.10074329376221 8.10429573059082 8.10795211791992
8.07930469512939 8.07924652099609 8.07920742034912 8.07934474945068 8.07951545715332 8.08010959625244 8.0807638168335 8.08172130584717 8.08277702331543 8.08406829833984 8.08521366119385 8.08615875244141 8.08695888519287 8.08764171600342 8.08783721923828 8.08780097961426 8.08855628967285 8.08950042724609 8.09088897705078 8.09236621856689 8.09467887878418 8.09708881378174 8.09990692138672 8.10286426544189 8.10611534118652 8.10915565490723 8.11193943023682 8.11465263366699 8.11731338500977 8.11962413787842 8.12178897857666 8.12296581268311 8.12394905090332 8.12207984924316 8.11989402770996 8.11564350128174 8.11144542694092 8.10742664337158 8.10371780395508 8.10058689117432 8.09801769256592 8.09606075286865 8.09602069854736 8.09722137451172 8.10022735595703 8.1038818359375 8.10737800598145
8.07888126373291 8.07873725891113 8.07860374450684 8.07855987548828 8.07853221893311 8.07866764068604 8.07886219024658 8.07935523986816 8.08006000518799 8.08127403259277 8.08247756958008 8.08366584777832 8.08466815948486 8.0855188369751 8.08578395843506 8.08577251434326 8.0866060256958 8.0876407623291 8.0892219543457 8.09089279174805 8.0933198928833 8.09585475921631 8.09883403778076 8.10179042816162 8.10469913482666 8.10744285583496 8.10998439788818 8.11254501342773 8.11511898040771 8.11741542816162 8.11959743499756 8.12073707580566 8.12167263031006 8.11977958679199 8.11758995056152 8.113525390625 8.10952281951904 8.10573577880859 8.10219669342041 8.09911727905273 8.09657001495361 8.09460353851318 8.09495544433594 8.09680652618408 8.09996604919434 8.10359573364258 8.10685443878174
8.07848358154297 8.07832622528076 8.07818126678467 8.07809162139893 8.07800769805908 8.07797622680664 8.07798671722412 8.07820892333984 8.07860946655273 8.07943725585938 8.08038425445557 8.0814962387085 8.08254909515381 8.0835542678833 8.08394145965576 8.08403491973877 8.08498668670654 8.08614253997803 8.08794212341309 8.08982563018799 8.09227275848389 8.09482192993164 8.09779453277588 8.10067844390869 8.10337352752686 8.10592651367188 8.10830783843994 8.1107120513916 8.11313533782959 8.11534404754639 8.11746311187744 8.11856842041016 8.11947345733643 8.11757183074951 8.11540031433105 8.11160087585449 8.10786437988281 8.10435009002686 8.10100746154785 8.09798717498779 8.09545516967773 8.09345436096191 8.09398555755615 8.09615516662598 8.09928035736084 8.10274982452393 8.10575771331787
8.07809638977051 8.077956199646 8.07783794403076 8.07775688171387 8.07768058776855 8.07760620117188 8.07754993438721 8.07758522033691 8.0777006149292 8.0780086517334 8.0785665512085 8.07946491241455 8.08050441741943 8.0816593170166 8.08218860626221 8.08242225646973 8.08350849151611 8.08479881286621 8.08682918548584 8.08893299102783 8.09135913848877 8.09387588500977 8.09676933288574 8.09954833984375 8.10208606719971 8.10449600219727 8.10674858093262 8.1089973449707 8.11124134063721 8.11333084106445 8.11535453796387 8.11642456054688 8.11730766296387 8.11540412902832 8.11325931549072 8.1097583770752 8.10631847381592 8.10309314727783 8.09996128082275 8.09700298309326 8.094482421875 8.09243679046631 8.09305763244629 8.09540367126465 8.09841442108154 8.10166358947754 8.10441589355469
8.07797241210938 8.07784652709961 8.07773876190186 8.07763862609863 8.07753944396973 8.07745170593262 8.0773754119873 8.07734966278076 8.07736301422119 8.07747077941895 8.07777786254883 8.07835960388184 8.07918167114258 8.08019828796387 8.08081531524658 8.08124256134033 8.08244228363037 8.08382701873779 8.08588600158691 8.08801078796387 8.09043979644775 8.09293937683105 8.09573268890381 8.09840488433838 8.10081958770752 8.1030912399292 8.10518836975098 8.10721874237061 8.10919952392578 8.11110877990723 8.11298847198486 8.11400699615479 8.11485576629639 8.11310386657715 8.11113739013672 8.10802364349365 8.10495471954346 8.10204124450684 8.09917640686035 8.09640026092529 8.09400749206543 8.09203338623047 8.09230899810791 8.0940408706665 8.09667301177979 8.09962940216064 8.10210800170898
8.07790374755859 8.07779121398926 8.07769012451172 8.07756423950195 8.07743644714355 8.07734298706055 8.07725429534912 8.0771951675415 8.07714462280273 8.07711601257324 8.07720184326172 8.07744693756104 8.07800769805908 8.07882785797119 8.0795202255249 8.08015155792236 8.08146190643311 8.08293342590332 8.08497714996338 8.087082862854 8.08951950073242 8.09200477600098 8.09469413757324 8.09725761413574 8.09955596923828 8.10169219970703 8.10362815856934 8.10542774200439 8.10712623596191 8.10884380340576 8.11056900024414 8.11153221130371 8.11234474182129 8.1107759475708 8.1090202331543 8.10631275177002 8.10362911224365 8.10103225708008 8.09844493865967 8.09587574005127 8.09363555908203 8.09175586700439 8.09159660339355 8.09255123138428 8.09475040435791 8.09739780426025 8.09959983825684
8.07784175872803 8.07773685455322 8.07764530181885 8.0775203704834 8.07739448547363 8.07732486724854 8.07725811004639 8.0772066116333 8.0771484375 8.07707595825195 8.07706546783447 8.07714176177979 8.07748508453369 8.07804679870605 8.07869911193848 8.07939529418945 8.08079242706299 8.08235645294189 8.08424472808838 8.08618259429932 8.08849716186523 8.0908203125 8.09317684173584 8.09544467926025 8.0975284576416 8.09948062896729 8.10127449035645 8.10286140441895 8.10429859161377 8.10580062866211 8.10733032226562 8.10809135437012 8.10870170593262 8.10741233825684 8.10596942901611 8.10371208190918 8.10145378112793 8.09919452667236 8.09697437286377 8.09482860565186 8.09296894073486 8.0914192199707 8.09105205535889 8.09144878387451 8.0929126739502 8.09475994110107 8.09670639038086
8.07778072357178 8.07768440246582 8.07760047912598 8.07747745513916 8.07735443115234 8.07730770111084 8.07726192474365 8.07721900939941 8.07715702056885 8.07705020904541 8.0769567489624 8.07688140869141 8.07701778411865 8.07732772827148 8.07793140411377 8.07867431640625 8.08015155792236 8.0818042755127 8.08353519439697 8.08529949188232 8.08748149871826 8.08962821960449 8.09162902832031 8.093581199646 8.09542942047119 8.09718608856201 8.09883117675781 8.10021495819092 8.10140705108643 8.10269832611084 8.10403156280518 8.10459613800049 8.10500812530518 8.10399341583252 8.10285568237305 8.10103511810303 8.09918785095215 8.09725189208984 8.09539318084717 8.09367847442627 8.09220409393311 8.09099197387695 8.09044742584229 8.09033679962158 8.09108543395996 8.09214401245117 8.09383106231689
8.07772731781006 8.07763385772705 8.07754898071289 8.07742881774902 8.07730865478516 8.07724952697754 8.0771951675415 8.07716083526611 8.07711219787598 8.07703018188477 8.07693004608154 8.07680320739746 8.0768346786499 8.07699489593506 8.07749843597412 8.07816505432129 8.07966899871826 8.08137321472168 8.08297061920166 8.08458614349365 8.08657932281494 8.08847999572754 8.08999538421631 8.09148979187012 8.09294033050537 8.09438800811768 8.0958309173584 8.09708404541016 8.09819984436035 8.09933662414551 8.1004810333252 8.10096645355225 8.10132217407227 8.10047912597656 8.09952831268311 8.09796333312988 8.09635448455811 8.0945930480957 8.09298610687256 8.09166812896729 8.09054088592529 8.08962154388428 8.08913421630859 8.08892631530762 8.08933448791504 8.08996486663818 8.09133052825928
8.07767391204834 8.07757949829102 8.07749080657959 8.07737159729004 8.07725143432617 8.07718086242676 8.07711696624756 8.0770845413208 8.0770435333252 8.07698535919189 8.07688426971436 8.07672691345215 8.07667064666748 8.07669925689697 8.07711315155029 8.07770824432373 8.07923221588135 8.08097743988037 8.08244037628174 8.08390712738037 8.08570384979248 8.08735847473145 8.08842086791992 8.08948040008545 8.09053325653076 8.09166812896729 8.09290409088135 8.09402942657471 8.0950756072998 8.09606838226318 8.09703922271729 8.09745979309082 8.0977725982666 8.09703254699707 8.09620094299316 8.09486484527588 8.09347438812256 8.09188938140869 8.090500831604 8.08947658538818 8.08862113952637 8.0879487991333 8.0875301361084 8.08727359771729 8.08743667602539 8.08775043487549 8.08883571624756
8.07762145996094 8.07751369476318 8.07740783691406 8.0772819519043 8.0771541595459 8.07707023620605 8.07699108123779 8.07694244384766 8.0768928527832 8.07684516906738 8.07676792144775 8.07665061950684 8.07657718658447 8.07654094696045 8.07689952850342 8.0774450302124 8.0789623260498 8.08071231842041 8.08203983306885 8.0833568572998 8.08492755889893 8.08633613586426 8.08706855773926 8.0877742767334 8.08842277526855 8.08923625946045 8.09025001525879 8.09125423431396 8.09225273132324 8.09314441680908 8.09399318695068 8.09440422058105 8.09472942352295 8.09383392333984 8.09286975860596 8.0916690826416 8.09042453765869 8.08902454376221 8.08772754669189 8.08662223815918 8.08576202392578 8.08516693115234 8.08485794067383 8.08473300933838 8.08499717712402 8.08540153503418 8.08636474609375
