Ecospace-environmental-drivers/Outputs/ASCII-for-ecospace/MOM6-ISIMIP3a/ph-surf/1994-12_ph-surf_MOM6-ISIMIP3a.asc
NCOLS 131 
NROWS 53 
XLLCORNER -98 
YLLCORNER 23.9265270233154 
CELLSIZE 0.133587792515755 
NODATA_value -9999 
[rows 21 to 41 of 53, columns 0 to 46 of 131]
-9999 -9999 -9999 -9999 -9999 -9999 8.19725513458252 8.19620132446289 8.19329071044922 8.1891040802002 8.18714046478271 8.18945407867432 8.18758869171143 8.18203258514404 8.1777868270874 8.17505359649658 8.17458248138428 8.17566680908203 8.17703819274902 8.17852020263672 8.17771244049072 8.17650032043457 8.17473697662354 8.17298984527588 8.17148399353027 8.17014312744141 8.16933345794678 8.16890907287598 8.16915607452393 8.16924095153809 8.16915702819824 8.16879749298096 8.16827011108398 8.16773796081543 8.16720294952393 8.16606426239014 8.16484260559082 8.16388130187988 8.16295337677002 8.1622428894043 8.16174221038818 8.16182804107666 8.16231250762939 8.16341400146484 8.16551208496094 8.16852283477783 8.17118263244629
-9999 -9999 -9999 -9999 -9999 -9999 8.19734477996826 8.19725513458252 8.19514656066895 8.19165515899658 8.1891040802002 8.18286228179932 8.17744636535645 8.17366600036621 8.17152118682861 8.17126369476318 8.17178440093994 8.1728401184082 8.17369937896729 8.17448234558105 8.17353057861328 8.17227172851562 8.17082786560059 8.16936302185059 8.16777038574219 8.16629695892334 8.16521644592285 8.16479206085205 8.1655158996582 8.16625499725342 8.1670093536377 8.16711807250977 8.16683483123779 8.16595268249512 8.164870262146 8.16385650634766 8.16285610198975 8.16232585906982 8.16178512573242 8.16117477416992 8.16075801849365 8.16088390350342 8.1613655090332 8.16239547729492 8.16433906555176 8.16712188720703 8.16972923278809
-9999 -9999 -9999 -9999 8.20310974121094 8.1991662979126 8.19758605957031 8.19719314575195 8.19725513458252 8.19303798675537 8.18722343444824 8.17529296875 8.16686820983887 8.16537666320801 8.16544055938721 8.1673002243042 8.1685848236084 8.16947555541992 8.16989994049072 8.17014503479004 8.16934967041016 8.16837024688721 8.16731548309326 8.16619491577148 8.16454029083252 8.16295146942139 8.16157627105713 8.16109180450439 8.1621618270874 8.16344165802002 8.16493701934814 8.16547870635986 8.16543865203857 8.16418743133545 8.16253280639648 8.16165065765381 8.16088008880615 8.16080093383789 8.16066074371338 8.16013526916504 8.15978717803955 8.15993309020996 8.16038990020752 8.1613245010376 8.16305351257324 8.16551113128662 8.16797161102295
-9999 -9999 -9999 -9999 8.21224212646484 8.20344543457031 8.20074653625488 8.19758605957031 8.19673824310303 8.18594646453857 8.17542362213135 8.16592884063721 8.15966987609863 8.15981578826904 8.1608362197876 8.16286659240723 8.16410636901855 8.16480255126953 8.16558361053467 8.16639614105225 8.16655826568604 8.16660594940186 8.16600799560547 8.16534614562988 8.16427421569824 8.16317749023438 8.16199588775635 8.1612720489502 8.16134452819824 8.16163635253906 8.16215419769287 8.162353515625 8.1623592376709 8.16129302978516 8.15986919403076 8.15934944152832 8.15896034240723 8.15928554534912 8.15949630737305 8.15898323059082 8.15857601165771 8.15846252441406 8.15856552124023 8.15900325775146 8.15996170043945 8.16139888763428 8.16297435760498
-9999 -9999 -9999 -9999 -9999 8.21224212646484 8.20320606231689 8.20390701293945 8.19457912445068 8.17874050140381 8.16478157043457 8.1580171585083 8.15397930145264 8.15533924102783 8.15701103210449 8.15904140472412 8.16018295288086 8.16071319580078 8.16176700592041 8.16302299499512 8.16400814056396 8.16494369506836 8.16475868225098 8.16450786590576 8.16392517089844 8.16326904296875 8.16237545013428 8.16154956817627 8.16084289550781 8.16029739379883 8.1599178314209 8.15972328186035 8.15964221954346 8.15869998931885 8.157470703125 8.15716075897217 8.15698337554932 8.15751171112061 8.15790367126465 8.15743541717529 8.15700626373291 8.15668678283691 8.15649890899658 8.15651416778564 8.15682315826416 8.15740013122559 8.15826797485352
-9999 -9999 -9999 -9999 -9999 8.20763206481934 8.21224212646484 8.19908905029297 8.18521785736084 8.17102909088135 8.15921306610107 8.15647506713867 8.15489768981934 8.15561771392822 8.1565990447998 8.15788459777832 8.15869426727295 8.15917682647705 8.16014385223389 8.16129779815674 8.16250801086426 8.16372871398926 8.16376209259033 8.1637134552002 8.16320896148682 8.16277503967285 8.16257381439209 8.16225242614746 8.16172409057617 8.16100215911865 8.160080909729 8.15926361083984 8.15851211547852 8.15742874145508 8.15623569488525 8.15546607971191 8.15475749969482 8.15460205078125 8.1544303894043 8.15415287017822 8.15387058258057 8.15357398986816 8.15336513519287 8.15329170227051 8.15347576141357 8.15389442443848 8.15484142303467
-9999 -9999 8.19768714904785 8.19881916046143 8.1999626159668 8.20301628112793 8.20763778686523 8.19279479980469 8.17718696594238 8.16463184356689 8.15475749969482 8.15514850616455 8.15558910369873 8.15612506866455 8.15677738189697 8.15756225585938 8.15815353393555 8.15861129760742 8.1594295501709 8.16038799285889 8.16164970397949 8.16296577453613 8.16306686401367 8.16307735443115 8.16255664825439 8.16221714019775 8.1624641418457 8.16254138946533 8.16232204437256 8.16159915924072 8.16035842895508 8.15912818908691 8.15790367126465 8.1566801071167 8.15545749664307 8.15431308746338 8.15318393707275 8.15251350402832 8.15190696716309 8.15171146392822 8.15147399902344 8.15112018585205 8.15084743499756 8.1506986618042 8.15072154998779 8.15090084075928 8.1517858505249
-9999.000000000000000 -9999 -9999 -9999 8.19347858428955 8.19690799713135 8.19409370422363 8.18327808380127 8.17206287384033 8.16109943389893 8.15273094177246 8.15429210662842 8.15578365325928 8.15713405609131 8.15824031829834 8.15906429290771 8.15968227386475 8.16016006469727 8.16069793701172 8.16125774383545 8.16219139099121 8.16318988800049 8.16302967071533 8.16278457641602 8.16204643249512 8.16152191162109 8.16168594360352 8.16192626953125 8.16229724884033 8.16195869445801 8.160888671875 8.15969753265381 8.15843296051025 8.15706920623779 8.15567207336426 8.15434551239014 8.15303230285645 8.15221214294434 8.15145587921143 8.15110397338867 8.15069103240967 8.15010643005371 8.1496753692627 8.14947986602783 8.14926147460938 8.14902305603027 8.14953994750977
-9999 -9999 -9999 -9999 8.18481922149658 8.18051052093506 8.18259334564209 8.17562198638916 8.16805648803711 8.1591157913208 8.15238380432129 8.15410232543945 8.15583038330078 8.1575756072998 8.15888690948486 8.15969657897949 8.16037368774414 8.16095924377441 8.16145801544189 8.1619234085083 8.16259479522705 8.16330146789551 8.16308498382568 8.16278457641602 8.16195678710938 8.16130828857422 8.16124153137207 8.16137599945068 8.16186141967773 8.1616849899292 8.16082668304443 8.15973472595215 8.15850067138672 8.15711402893066 8.15567684173584 8.15434646606445 8.15303421020508 8.15215015411377 8.15132808685303 8.15090560913086 8.15042686462402 8.14978981018066 8.14930820465088 8.1490650177002 8.14871883392334 8.14827919006348 8.14842987060547
-9999 -9999 -9999 -9999 8.1787748336792 8.17703914642334 8.17489624023438 8.17030620574951 8.1654577255249 8.15908050537109 8.15414810180664 8.15474987030029 8.15569114685059 8.15730285644531 8.1585054397583 8.15923690795898 8.16001129150391 8.16081428527832 8.16158008575439 8.16233253479004 8.1628246307373 8.16327095031738 8.16325569152832 8.16315078735352 8.16239452362061 8.16170120239258 8.16121673583984 8.16090774536133 8.16090679168701 8.16061401367188 8.16001987457275 8.15910053253174 8.15798473358154 8.15672492980957 8.15541648864746 8.15430736541748 8.15322780609131 8.15238761901855 8.15160942077637 8.15122222900391 8.1508150100708 8.15035057067871 8.1499547958374 8.14966201782227 8.14933013916016 8.14896106719971 8.14874935150146
-9999 -9999 -9999 -9999 8.17703914642334 8.17444515228271 8.17140007019043 8.16805648803711 8.16436862945557 8.15870571136475 8.15418720245361 8.15405082702637 8.15446376800537 8.15596389770508 8.15705108642578 8.15766048431396 8.15860366821289 8.15977478027344 8.16083526611328 8.16185188293457 8.1622953414917 8.16263771057129 8.16263484954834 8.16254901885986 8.16182518005371 8.16106700897217 8.16020011901855 8.15940189361572 8.15872287750244 8.15805149078369 8.15738773345947 8.15649127960205 8.15545463562012 8.15433692932129 8.1531925201416 8.15226459503174 8.15136814117432 8.15062141418457 8.14993572235107 8.14963531494141 8.14935779571533 8.14914608001709 8.14897155761719 8.14885520935059 8.14871788024902 8.14856052398682 8.14831638336182
-9999 -9999 -9999 -9999 8.17429447174072 8.17140007019043 8.16839027404785 8.16810512542725 8.16441249847412 8.15807723999023 8.15293216705322 8.15234184265137 8.15242099761963 8.1538257598877 8.15478992462158 8.15524673461914 8.15641212463379 8.15806579589844 8.15943908691406 8.16070461273193 8.1611967086792 8.1615514755249 8.16142177581787 8.16121959686279 8.16049957275391 8.1596622467041 8.15843963623047 8.15711688995361 8.15561580657959 8.15437030792236 8.15338611602783 8.15240001678467 8.15141296386719 8.15045070648193 8.14949512481689 8.14871978759766 8.14796924591064 8.14735221862793 8.14679527282715 8.14662075042725 8.14651870727539 8.1466178894043 8.14676761627197 8.14699459075928 8.14718627929688 8.14734554290771 8.14731788635254
-9999 -9999 -9999 -9999 8.17140007019043 8.16833209991455 8.16691970825195 8.16599750518799 8.16525459289551 8.1577091217041 8.15149974822998 8.1504020690918 8.15014457702637 8.15155220031738 8.15235710144043 8.15246677398682 8.15347290039062 8.15509510040283 8.1567325592041 8.15837669372559 8.15884399414062 8.159104347229 8.15857315063477 8.15797710418701 8.15697383880615 8.15582656860352 8.15420913696289 8.15244197845459 8.15041446685791 8.14879512786865 8.14759349822998 8.14657115936279 8.14565563201904 8.14487171173096 8.14413166046143 8.14357948303223 8.14305400848389 8.14265441894531 8.14230155944824 8.14224147796631 8.1422700881958 8.14254283905029 8.14290809631348 8.14341640472412 8.14394378662109 8.14448738098145 8.14483165740967
-9999 -9999 -9999 -9999 -9999 8.16684341430664 8.16661930084229 8.16665649414062 8.16643905639648 8.1574535369873 8.14999198913574 8.14836311340332 8.14776802062988 8.14922046661377 8.1498498916626 8.1495304107666 8.15021228790283 8.15158271789551 8.15346431732178 8.15554332733154 8.15595531463623 8.15607261657715 8.15502452850342 8.15391445159912 8.15250492095947 8.1509485244751 8.14891910552979 8.14674377441406 8.14431571960449 8.14240741729736 8.14103317260742 8.13999652862549 8.13916397094727 8.13856887817383 8.13805294036865 8.13775634765625 8.13749027252197 8.13734436035156 8.13722610473633 8.13727855682373 8.13741874694824 8.13780403137207 8.13833904266357 8.13910293579102 8.13996696472168 8.14092445373535 8.14170742034912
-9999 -9999 -9999 -9999 -9999 8.16675186157227 8.16699028015137 8.16720390319824 8.16648292541504 8.15718746185303 8.14935493469238 8.14712619781494 8.1461238861084 8.14754867553711 8.14792346954346 8.14708805084229 8.14706420898438 8.14759731292725 8.14907073974609 8.15090656280518 8.15111923217773 8.15104389190674 8.14967918395996 8.14824104309082 8.14642333984375 8.14453315734863 8.14240455627441 8.14027690887451 8.13814926147461 8.13648700714111 8.13530445098877 8.13447189331055 8.13385105133057 8.13348960876465 8.13321304321289 8.13309669494629 8.13300323486328 8.1330041885376 8.13303375244141 8.13324069976807 8.13353633880615 8.13408184051514 8.13476467132568 8.13566017150879 8.13669300079346 8.13785076141357 8.13899326324463
-9999 -9999 -9999 -9999 -9999 8.1662015914917 8.16664695739746 8.16711044311523 8.16629219055176 8.1569185256958 8.14889812469482 8.14605617523193 8.14463138580322 8.14601230621338 8.14611625671387 8.14474773406982 8.14393901824951 8.14351463317871 8.14444541931152 8.14589786529541 8.1458797454834 8.14560222625732 8.14396286010742 8.14223480224609 8.1400089263916 8.13779830932617 8.1356372833252 8.13365077972412 8.13196849822998 8.13066387176514 8.12974834442139 8.12916469573975 8.12878322601318 8.12866306304932 8.12862968444824 8.12867832183838 8.12873935699463 8.12886428833008 8.12902355194092 8.12939453125 8.12985515594482 8.13056945800781 8.13139724731445 8.13239765167236 8.13356304168701 8.13488006591797 8.1363639831543
-9999 -9999 -9999 -9999 -9999 -9999 8.1649694442749 8.16562557220459 8.16487407684326 8.1555118560791 8.14769840240479 8.1458158493042 8.14483165740967 8.14562320709229 8.14518737792969 8.14333343505859 8.141921043396 8.14081192016602 8.14099788665771 8.14168262481689 8.14128303527832 8.14069175720215 8.13897132873535 8.13716602325439 8.13485908508301 8.13266563415527 8.13084506988525 8.12926483154297 8.12810325622559 8.12723159790039 8.1266565322876 8.12631702423096 8.12612056732178 8.1260929107666 8.12612247467041 8.12621402740479 8.12631511688232 8.12647724151611 8.12667083740234 8.12706661224365 8.1275691986084 8.12837219238281 8.12933349609375 8.13054180145264 8.13191986083984 8.13345432281494 8.13533401489258
-9999 -9999 -9999 -9999 -9999 -9999 8.16262054443359 8.16217136383057 8.16317462921143 8.1538553237915 8.14629745483398 8.14548397064209 8.14501571655273 8.14523315429688 8.14428806304932 8.14200210571289 8.14004230499268 8.13830661773682 8.13776779174805 8.13769149780273 8.13691234588623 8.13600921630859 8.13418674468994 8.13228988647461 8.12995433807373 8.12782669067383 8.12637042999268 8.12520122528076 8.12453460693359 8.12407112121582 8.12381744384766 8.12370491027832 8.12367725372314 8.12372779846191 8.12380409240723 8.12392711639404 8.12405586242676 8.12424468994141 8.12446594238281 8.12489128112793 8.12543964385986 8.12633419036865 8.12743473052979 8.1288537979126 8.13045310974121 8.1322193145752 8.13449096679688
-9999 -9999 -9999 -9999 -9999 -9999 8.1601676940918 8.16006469726562 8.15905380249023 8.15008544921875 8.1431131362915 8.14377784729004 8.1442346572876 8.14428234100342 8.1432933807373 8.14110851287842 8.13910865783691 8.13723659515381 8.13629531860352 8.13571453094482 8.13465404510498 8.13350868225098 8.13126182556152 8.12902545928955 8.12707424163818 8.12534618377686 8.12434005737305 8.1235179901123 8.12301540374756 8.12267303466797 8.12249565124512 8.12242794036865 8.12242794036865 8.12246131896973 8.1225061416626 8.12258815765381 8.1226749420166 8.12283134460449 8.12304401397705 8.12361812591553 8.1243200302124 8.1253776550293 8.12666130065918 8.12829494476318 8.13017654418945 8.13228797912598 8.13488483428955
-9999 -9999 -9999 -9999 -9999 8.16183853149414 8.15860462188721 8.1582670211792 8.1541748046875 8.14618873596191 8.14024925231934 8.1421422958374 8.14338207244873 8.14332866668701 8.14233589172363 8.14025974273682 8.13826274871826 8.13632202148438 8.13503456115723 8.13399887084961 8.13253974914551 8.13100624084473 8.12847328186035 8.12602615356445 8.12448501586914 8.12315654754639 8.12251758575439 8.12197875976562 8.12161350250244 8.12137413024902 8.121262550354 8.12124633789062 8.12128829956055 8.12131309509277 8.12133121490479 8.12136650085449 8.12140560150146 8.12157917022705 8.12182807922363 8.12256145477295 8.12341785430908 8.12461376190186 8.12605094909668 8.1278600692749 8.13003730773926 8.13255214691162 8.13535499572754
-9999 -9999 -9999 -9999 8.17453765869141 8.16527938842773 8.16183853149414 8.15424823760986 8.14651679992676 8.14182376861572 8.13856029510498 8.14076614379883 8.1422643661499 8.14236354827881 8.14151573181152 8.13957786560059 8.13774013519287 8.13597297668457 8.13454341888428 8.13324356079102 8.13095664978027 8.12849521636963 8.12617683410645 8.12399959564209 8.12296104431152 8.12203216552734 8.12145519256592 8.12096881866455 8.12063980102539 8.12043380737305 8.12035369873047 8.12040901184082 8.1205472946167 8.12059307098389 8.12060832977295 8.12057876586914 8.12054634094238 8.12092018127441 8.12136936187744 8.12229824066162 8.12331104278564 8.12455749511719 8.12603855133057 8.12788200378418 8.13039875030518 8.13353443145752 8.13610363006592
