Ecospace-environmental-drivers/Outputs/ASCII-for-ecospace/MOM6-ISIMIP3a/ph-surf/1995-06_ph-surf_MOM6-ISIMIP3a.asc
NCOLS 131 
NROWS 53 
XLLCORNER -98 
YLLCORNER 23.9265270233154 
CELLSIZE 0.133587792515755 
NODATA_value -9999 
[rows 0 to 20 of 53, columns 47 to 93 of 131]
-9999 -9999 -9999 -9999 -9999 -9999 -9999 -9999 -9999 -9999 -9999 -9999 -9999 -9999 -9999 -9999 -9999 -9999 -9999 -9999 -9999 -9999 -9999 -9999 -9999 -9999 -9999 -9999 -9999 -9999 -9999 -9999 -9999 -9999 -9999 -9999 -9999 -9999 -9999 -9999 -9999 -9999 -9999 -9999 -9999 -9999 -9999
-9999 -9999 -9999 -9999 -9999 -9999 -9999 -9999 -9999 -9999 -9999 -9999 -9999 -9999 -9999 -9999 -9999 -9999 -9999 -9999 -9999 -9999 -9999 -9999 -9999 -9999 -9999 -9999 -9999 -9999 -9999 -9999 -9999 -9999 -9999 -9999 -9999 -9999 -9999 -9999 -9999 -9999 -9999 -9999 -9999 -9999 -9999
-9999 -9999 -9999 -9999 -9999 -9999 -9999 -9999 -9999 -9999 -9999 -9999 -9999 -9999 -9999 -9999 -9999 -9999 -9999 -9999 -9999 -9999 -9999 -9999 -9999 -9999 -9999 8.11619091033936 8.12493133544922 -9999 -9999 -9999 -9999 -9999 -9999 -9999 -9999 -9999 -9999 -9999 -9999 -9999 -9999 -9999 -9999 -9999 -9999
-9999 -9999 -9999 -9999 -9999 -9999 -9999 -9999 -9999 -9999 -9999 -9999 -9999 -9999 -9999 -9999 -9999 -9999 -9999 -9999 -9999 -9999 -9999 -9999 -9999 -9999 -9999 8.11644840240479 8.12506103515625 -9999 -9999 -9999 -9999 -9999 -9999 -9999 -9999 -9999 -9999 -9999 -9999 -9999 -9999 -9999 -9999 -9999 -9999
-9999 -9999 -9999 -9999 -9999 -9999 -9999 -9999 -9999 -9999 -9999 -9999 -9999 -9999 -9999 -9999 -9999 -9999 7.9237642288208 7.93145608901978 7.93760919570923 7.97350311279297 8.00385093688965 8.05283451080322 8.08278369903564 8.09707069396973 8.1076488494873 8.11646938323975 8.12522792816162 8.13348579406738 -9999 -9999 8.15452003479004 8.15801906585693 8.1547679901123 8.14693832397461 8.13627529144287 8.12790775299072 8.12282466888428 8.11992835998535 8.11864280700684 8.11747932434082 -9999 -9999 -9999 -9999 -9999
-9999 -9999 -9999 -9999 -9999 -9999 -9999 -9999 -9999 -9999 -9999 -9999 -9999 -9999 7.61264514923096 -9999 7.60133934020996 7.59252119064331 7.75996351242065 7.9237642288208 7.93299436569214 7.93760919570923 8.00939750671387 8.06454467773438 8.08456134796143 8.09924411773682 8.10740756988525 8.11629390716553 8.12570571899414 8.13368320465088 8.14106750488281 8.148681640625 8.15634155273438 8.15853786468506 8.15917682647705 8.1465892791748 8.13504791259766 8.12718772888184 8.12148666381836 8.11979866027832 8.11850070953369 8.11762809753418 8.11631011962891 8.11470413208008 -9999 -9999 -9999
-9999 -9999 -9999 -9999 -9999 -9999 -9999 -9999 -9999 -9999 7.65533399581909 7.65090036392212 7.64820337295532 7.64219427108765 7.62693691253662 7.61458206176758 7.61070775985718 7.60078907012939 7.59252119064331 7.76360511779785 7.9237642288208 7.93760919570923 8.00939750671387 8.06454467773438 8.08456134796143 8.09924411773682 8.10740756988525 8.11629390716553 8.12570571899414 8.13368320465088 8.14106750488281 8.148681640625 8.15634155273438 8.15853786468506 8.15917682647705 8.1465892791748 8.13504791259766 8.12718772888184 8.12148666381836 8.11979866027832 8.11850070953369 8.11762809753418 8.11631011962891 8.11470413208008 8.11427974700928 8.11492347717285 -9999
-9999 -9999 -9999 -9999 -9999 -9999 -9999 -9999 -9999 -9999 7.67910432815552 7.65533399581909 7.6464672088623 -9999 7.63730669021606 7.62927865982056 7.61845684051514 7.61070775985718 7.59913873672485 7.59252119064331 7.77452945709229 7.93748188018799 8.02068328857422 8.08461761474609 8.10787582397461 8.12455749511719 8.13320064544678 8.14146423339844 8.14945125579834 8.15482521057129 8.15911769866943 8.16169548034668 8.16393566131592 8.1615514755249 8.15817356109619 8.14675807952881 8.13634300231934 8.12944316864014 8.12410831451416 8.12167739868164 8.11952972412109 8.11769008636475 8.11645126342773 8.1156005859375 8.1152982711792 8.11519336700439 8.11867904663086
-9999 -9999 -9999 -9999 -9999 -9999 -9999 -9999 -9999 -9999 -9999 -9999 -9999 -9999 7.63549470901489 7.63882541656494 7.64290809631348 7.62620544433594 7.61070775985718 7.59418678283691 7.77455520629883 7.93849992752075 8.0337085723877 8.10689258575439 8.13357830047607 8.15235805511475 8.16147708892822 8.16901588439941 8.17540454864502 8.1779088973999 8.17880535125732 8.17590999603271 8.17226886749268 8.16494560241699 8.15724086761475 8.14713382720947 8.13796901702881 8.13211822509766 8.12716865539551 8.1238956451416 8.120774269104 8.11781787872314 8.11662006378174 8.11655902862549 8.11603164672852 8.11533737182617 8.1195821762085
8.05085372924805 -9999 -9999 -9999 -9999 -9999 -9999 -9999 -9999 -9999 7.88811302185059 7.70346927642822 -9999 -9999 -9999 7.63128471374512 7.66532564163208 7.68101692199707 7.6417031288147 7.65550851821899 7.82548236846924 7.97893667221069 8.06325817108154 8.12823104858398 8.15235805511475 8.16908740997314 8.17677307128906 8.18247127532959 8.18672180175781 8.1871509552002 8.18599891662598 8.18181705474854 8.17704010009766 8.1698694229126 8.16248607635498 8.15388870239258 8.14598274230957 8.14050674438477 8.13529205322266 8.13056087493896 8.12546539306641 8.11997032165527 8.11722564697266 8.11625957489014 8.11658382415771 8.11737251281738 8.1207857131958
8.0475606918335 8.04707431793213 -9999 -9999 -9999 -9999 -9999 -9999 -9999 -9999 7.97995376586914 7.87177419662476 7.70346927642822 -9999 -9999 7.58439779281616 7.65412282943726 7.75745677947998 7.7410945892334 7.7280797958374 7.88347053527832 8.02261447906494 8.0937614440918 8.14882278442383 8.16992473602295 8.18436336517334 8.19065761566162 8.19458389282227 8.19678497314453 8.1953296661377 8.19235897064209 8.18713474273682 8.18146705627441 8.17466354370117 8.1677942276001 8.16068744659424 8.15401268005371 8.14885711669922 8.14340209960938 8.13739109039307 8.13047313690186 8.12256813049316 8.1181640625 8.11602401733398 8.11694622039795 8.11896800994873 8.12182331085205
8.0475606918335 8.04610252380371 8.0489387512207 8.04787254333496 -9999 -9999 -9999 -9999 -9999 -9999 -9999 7.95560789108276 7.841148853302 7.70346927642822 7.65533399581909 7.58439779281616 7.65412282943726 7.75745677947998 7.80874061584473 7.86099004745483 7.97933435440063 8.0836706161499 8.12938690185547 8.1654109954834 8.1809778213501 8.19184589385986 8.19696998596191 8.19949340820312 8.20012283325195 8.19779968261719 8.19425296783447 8.18928527832031 8.18403911590576 8.17876052856445 8.17343997955322 8.1677188873291 8.16212844848633 8.1569995880127 8.15144538879395 8.14510345458984 8.13718891143799 8.12755966186523 8.12088966369629 8.11613368988037 8.11628818511963 8.11820602416992 8.12197399139404
8.05131149291992 8.05037879943848 8.0512056350708 8.04806613922119 -9999 -9999 -9999 -9999 8.00754928588867 7.99752759933472 7.98707056045532 7.97601461410522 7.90373849868774 7.78137254714966 7.70213603973389 7.64332914352417 7.70628929138184 7.79834318161011 7.88915824890137 7.97940587997437 8.06263256072998 8.1344633102417 8.15860271453857 8.17829036712646 8.18858337402344 8.19600296020508 8.19991111755371 8.20129776000977 8.20084571838379 8.19810104370117 8.1944055557251 8.18976593017578 8.1849422454834 8.18088722229004 8.17684173583984 8.17260932922363 8.16827964782715 8.16361331939697 8.158371925354 8.15206050872803 8.14364528656006 8.13293743133545 8.12426948547363 8.11692047119141 8.11565208435059 8.11656856536865 8.12033176422119
8.06443786621094 8.05780410766602 8.05183696746826 8.04806613922119 8.04434585571289 8.03594493865967 8.02730560302734 8.01745128631592 8.00754928588867 7.99752759933472 7.98707056045532 7.97601461410522 7.94341516494751 7.89318895339966 7.86594676971436 7.84959173202515 7.88887405395508 7.9414496421814 8.00150489807129 8.06158256530762 8.11451625823975 8.15959453582764 8.17179393768311 8.18189525604248 8.18756484985352 8.19184494018555 8.19442462921143 8.19533538818359 8.19503021240234 8.19297790527344 8.1902027130127 8.18607044219971 8.18167209625244 8.1780891418457 8.17463493347168 8.17214679718018 8.16952037811279 8.16640853881836 8.16250324249268 8.15712738037109 8.14945697784424 8.13928413391113 8.12928581237793 8.11940002441406 8.11507320404053 8.11274337768555 8.11420631408691
8.09007740020752 8.0794734954834 8.06847190856934 8.06463527679443 8.06139850616455 8.05453872680664 8.04734420776367 8.03844451904297 8.02955627441406 8.02069854736328 8.01221466064453 8.00424385070801 7.99800109863281 7.99317216873169 7.99823808670044 8.00799083709717 8.02992916107178 8.05478000640869 8.0888500213623 8.12312030792236 8.15108108520508 8.17440032958984 8.1782922744751 8.18167018890381 8.18396282196045 8.18583583831787 8.1871976852417 8.18768978118896 8.18754768371582 8.18616485595703 8.18426704406738 8.18078327178955 8.17698669433594 8.17401885986328 8.17127418518066 8.17040729522705 8.16937923431396 8.16777896881104 8.1652364730835 8.16094303131104 8.15428829193115 8.14505958557129 8.13472461700439 8.12367343902588 8.11704921722412 8.11201477050781 8.11112880706787
8.13340759277344 8.12128162384033 8.10773468017578 8.1046314239502 8.10255813598633 8.09942054748535 8.0957145690918 8.08911609649658 8.08267879486084 8.07662868499756 8.07290744781494 8.07238292694092 8.07366561889648 8.07642555236816 8.08596611022949 8.09871768951416 8.11226940155029 8.12601184844971 8.14084911346436 8.15547752380371 8.16598701477051 8.17460823059082 8.17532730102539 8.17603206634521 8.1767053604126 8.17721080780029 8.17751026153564 8.17766284942627 8.17770957946777 8.17695999145508 8.17588138580322 8.17324447631836 8.17030048370361 8.16815090179443 8.16628074645996 8.16686153411865 8.16728115081787 8.16713714599609 8.16599273681641 8.16298770904541 8.15773391723633 8.15002822875977 8.14076137542725 8.13048362731934 8.12263774871826 8.11566543579102 8.11235809326172
8.16038799285889 8.15118598937988 8.14046764373779 8.13801288604736 8.1364107131958 8.13499164581299 8.13302040100098 8.12823677062988 8.12344837188721 8.11864757537842 8.11666297912598 8.11854362487793 8.12171745300293 8.12594795227051 8.13411808013916 8.1441535949707 8.15084838867188 8.15674495697021 8.16147041320801 8.16593837738037 8.16781616210938 8.16920185089111 8.16853332519531 8.168044090271 8.16793155670166 8.16793441772461 8.16807746887207 8.16830539703369 8.1685962677002 8.16823482513428 8.16760349273682 8.16578578948975 8.16373538970947 8.16274452209473 8.16203498840332 8.1636848449707 8.16517162322998 8.16608333587646 8.16598796844482 8.16401958465576 8.15995025634766 8.15359401702881 8.14552593231201 8.13635158538818 8.12840175628662 8.12089061737061 8.11634063720703
8.17360019683838 8.17106533050537 8.16770076751709 8.16582298278809 8.1641092300415 8.16272258758545 8.16100788116455 8.15762901306152 8.15381526947021 8.14895248413086 8.14615535736084 8.14619636535645 8.14651584625244 8.14706516265869 8.14894199371338 8.15144824981689 8.15257453918457 8.15337181091309 8.15567016601562 8.15795993804932 8.15863227844238 8.15906715393066 8.15851402282715 8.15807628631592 8.15788173675537 8.15811157226562 8.15885925292969 8.15951156616211 8.16009426116943 8.15991306304932 8.15941715240479 8.15839576721191 8.15727138519287 8.15772724151611 8.15841674804688 8.1608190536499 8.16305065155029 8.16468334197998 8.16534328460693 8.16419696807861 8.1611328125 8.15597820281982 8.14922046661377 8.14142608642578 8.13431262969971 8.12744331359863 8.12264060974121
8.16829490661621 8.1690149307251 8.16932392120361 8.16880035400391 8.1681957244873 8.16772174835205 8.16707706451416 8.16557312011719 8.16370010375977 8.16093349456787 8.159010887146 8.15824508666992 8.15676498413086 8.15470027923584 8.1523609161377 8.14989185333252 8.14760589599609 8.14536285400391 8.14593887329102 8.1466817855835 8.14704513549805 8.14731311798096 8.14718532562256 8.14727401733398 8.14782047271729 8.14889812469482 8.15062618255615 8.15175437927246 8.15244483947754 8.15237140655518 8.15198135375977 8.15174007415771 8.15152931213379 8.15305995941162 8.15477848052979 8.15770244598389 8.16041278839111 8.16236972808838 8.16350364685059 8.16310787200928 8.16094398498535 8.15685176849365 8.15129470825195 8.14479064941406 8.13852214813232 8.13233757019043 8.12755107879639
8.15392780303955 8.1562328338623 8.15841293334961 8.15962409973145 8.16072750091553 8.16159534454346 8.16242027282715 8.1630220413208 8.16356086730957 8.16394901275635 8.16372394561768 8.16265869140625 8.15989398956299 8.15573787689209 8.1501989364624 8.14400482177734 8.13936042785645 8.13508605957031 8.13428401947021 8.13378810882568 8.13428115844727 8.13476657867432 8.13521575927734 8.13606357574463 8.1377534866333 8.13998413085938 8.1428747177124 8.14450263977051 8.14521312713623 8.14521026611328 8.14491271972656 8.14544486999512 8.14614009857178 8.14856338500977 8.15113067626953 8.15446281433105 8.15752029418945 8.1596097946167 8.1610803604126 8.16139984130859 8.16008377075195 8.15698528289795 8.1525764465332 8.14731979370117 8.14189910888672 8.13642120361328 8.13178157806396
8.14095115661621 8.1425313949585 8.14405345916748 8.14508724212646 8.14606761932373 8.14694499969482 8.14792346954346 8.1494140625 8.15119361877441 8.15367126464844 8.15487957000732 8.1543436050415 8.15216827392578 8.14865207672119 8.14376354217529 8.13822555541992 8.1339282989502 8.12992858886719 8.12834167480469 8.1270055770874 8.12689113616943 8.12682151794434 8.12693977355957 8.12762069702148 8.12949085235596 8.13198757171631 8.13525104522705 8.13709449768066 8.13790416717529 8.13818073272705 8.13823890686035 8.13933277130127 8.14063167572021 8.1432991027832 8.14607048034668 8.14935302734375 8.15237712860107 8.1544942855835 8.15622997283936 8.15725612640381 8.15679264068604 8.15470504760742 8.15126132965088 8.14693927764893 8.14224910736084 8.13742637634277 8.1331844329834
