Ecospace-environmental-drivers/Outputs/ASCII-for-ecospace/MOM6-ISIMIP3a/ph-surf/1995-03_ph-surf_MOM6-ISIMIP3a.asc
NCOLS 131 
NROWS 53 
XLLCORNER -98 
YLLCORNER 23.9265270233154 
CELLSIZE 0.133587792515755 
NODATA_value -9999 
[rows 0 to 20 of 53, columns 47 to 93 of 131]
-9999 -9999 -9999 -9999 -9999 -9999 -9999 -9999 -9999 -9999 -9999 -9999 -9999 -9999 -9999 -9999 -9999 -9999 -9999 -9999 -9999 -9999 -9999 -9999 -9999 -9999 -9999 -9999 -9999 -9999 -9999 -9999 -9999 -9999 -9999 -9999 -9999 -9999 -9999 -9999 -9999 -9999 -9999 -9999 -9999 -9999 -9999
-9999 -9999 -9999 -9999 -9999 -9999 -9999 -9999 -9999 -9999 -9999 -9999 -9999 -9999 -9999 -9999 -9999 -9999 -9999 -9999 -9999 -9999 -9999 -9999 -9999 -9999 -9999 -9999 -9999 -9999 -9999 -9999 -9999 -9999 -9999 -9999 -9999 -9999 -9999 -9999 -9999 -9999 -9999 -9999 -9999 -9999 -9999
-9999 -9999 -9999 -9999 -9999 -9999 -9999 -9999 -9999 -9999 -9999 -9999 -9999 -9999 -9999 -9999 -9999 -9999 -9999 -9999 -9999 -9999 -9999 -9999 -9999 -9999 -9999 8.20665073394775 8.21025371551514 -9999 -9999 -9999 -9999 -9999 -9999 -9999 -9999 -9999 -9999 -9999 -9999 -9999 -9999 -9999 -9999 -9999 -9999
-9999 -9999 -9999 -9999 -9999 -9999 -9999 -9999 -9999 -9999 -9999 -9999 -9999 -9999 -9999 -9999 -9999 -9999 -9999 -9999 -9999 -9999 -9999 -9999 -9999 -9999 -9999 8.20666408538818 8.21010589599609 -9999 -9999 -9999 -9999 -9999 -9999 -9999 -9999 -9999 -9999 -9999 -9999 -9999 -9999 -9999 -9999 -9999 -9999
-9999 -9999 -9999 -9999 -9999 -9999 -9999 -9999 -9999 -9999 -9999 -9999 -9999 -9999 -9999 -9999 -9999 -9999 8.13191318511963 8.13486099243164 8.1372184753418 8.15097332000732 8.16267776489258 8.1817569732666 8.19366455078125 8.19948291778564 8.20351886749268 8.20654678344727 8.20992660522461 8.21384239196777 -9999 -9999 8.22579479217529 8.22788429260254 8.22882843017578 8.22988986968994 8.23186111450195 8.23471927642822 8.23810958862305 8.2413911819458 8.24475860595703 8.24760437011719 -9999 -9999 -9999 -9999 -9999
-9999 -9999 -9999 -9999 -9999 -9999 -9999 -9999 -9999 -9999 -9999 -9999 -9999 -9999 8.00305461883545 -9999 8.00057220458984 7.99873447418213 8.06684303283691 8.13191318511963 8.13545036315918 8.1372184753418 8.16472816467285 8.18608570098877 8.19445610046387 8.2004508972168 8.20354175567627 8.20656394958496 8.20953559875488 8.21368026733398 8.21831226348877 8.22261142730713 8.22684383392334 8.22792911529541 8.22888088226318 8.22967624664307 8.23111152648926 8.23479557037354 8.23825168609619 8.24128150939941 8.24463939666748 8.24835395812988 8.24981880187988 8.24982738494873 -9999 -9999 -9999
-9999 -9999 -9999 -9999 -9999 -9999 -9999 -9999 -9999 -9999 7.90351104736328 7.9044361114502 7.90577840805054 7.9111156463623 7.9604926109314 8.00363159179688 8.00247764587402 8.00050449371338 7.99873447418213 8.06988048553467 8.13191318511963 8.1372184753418 8.16472816467285 8.18608570098877 8.19445610046387 8.2004508972168 8.20354175567627 8.20656394958496 8.20953559875488 8.21368026733398 8.21831226348877 8.22261142730713 8.22684383392334 8.22792911529541 8.22888088226318 8.22967624664307 8.23111152648926 8.23479557037354 8.23825168609619 8.24128150939941 8.24463939666748 8.24835395812988 8.24981880187988 8.24982738494873 8.24983024597168 8.25067234039307 -9999
-9999 -9999 -9999 -9999 -9999 -9999 -9999 -9999 -9999 -9999 7.89855051040649 7.90351104736328 7.90536165237427 -9999 7.91952276229858 7.96836757659912 8.00478553771973 8.00247764587402 8.0003023147583 7.99873447418213 8.07899475097656 8.1481409072876 8.17077922821045 8.18792247772217 8.1934642791748 8.1974573135376 8.19955730438232 8.20160102844238 8.20360374450684 8.2068395614624 8.21058654785156 8.21395492553711 8.21724987030029 8.21893501281738 8.22052097320557 8.22173309326172 8.2234001159668 8.22666931152344 8.22992992401123 8.23317623138428 8.23739719390869 8.24268245697021 8.24645137786865 8.24924182891846 8.25064277648926 8.25154495239258 8.24580097198486
-9999 -9999 -9999 -9999 -9999 -9999 -9999 -9999 -9999 -9999 -9999 -9999 -9999 -9999 7.91466569900513 7.93668985366821 7.98321914672852 8.00709342956543 8.00247764587402 7.99969482421875 8.08668804168701 8.16023254394531 8.177490234375 8.18999290466309 8.19245719909668 8.19427871704102 8.19531440734863 8.1962947845459 8.19723510742188 8.19945526123047 8.20220375061035 8.2045259475708 8.20676517486572 8.20905303955078 8.21128559112549 8.21296215057373 8.21489715576172 8.21773910522461 8.22080421447754 8.22428607940674 8.22942924499512 8.23638343811035 8.24263191223145 8.2484245300293 8.25055980682373 8.25138282775879 8.24429988861084
8.07253837585449 -9999 -9999 -9999 -9999 -9999 -9999 -9999 -9999 -9999 8.02523136138916 7.89346551895142 -9999 -9999 -9999 7.92957305908203 7.9695839881897 8.00736618041992 8.01171016693115 8.01791763305664 8.10112857818604 8.17079448699951 8.18377208709717 8.19309520721436 8.19470405578613 8.19613361358643 8.19734573364258 8.198073387146 8.19844913482666 8.19944763183594 8.20070552825928 8.20152473449707 8.20225620269775 8.20298671722412 8.20385551452637 8.20609378814697 8.20862865447998 8.21220970153809 8.21578216552734 8.21933650970459 8.22410297393799 8.23019123077393 8.23612499237061 8.24195957183838 8.24426460266113 8.24530220031738 8.24104309082031
8.07447624206543 8.07476234436035 -9999 -9999 -9999 -9999 -9999 -9999 -9999 -9999 8.09303283691406 8.02011394500732 7.89346551895142 -9999 -9999 7.91831493377686 7.96689367294312 8.02354335784912 8.03220558166504 8.04207229614258 8.11742877960205 8.18000984191895 8.18911933898926 8.19565582275391 8.19676208496094 8.19803524017334 8.19951438903809 8.20015907287598 8.20019626617432 8.20021820068359 8.20023441314697 8.19974803924561 8.19916152954102 8.19841384887695 8.19797229766846 8.20059204101562 8.20354270935059 8.20765972137451 8.2116117477417 8.21525955200195 8.21959018707275 8.2246675491333 8.23008155822754 8.23571491241455 8.23816585540771 8.23947429656982 8.23782730102539
8.07447624206543 8.0753345489502 8.08813095092773 8.09489250183105 -9999 -9999 -9999 -9999 -9999 -9999 -9999 8.0854663848877 8.00207710266113 7.89346551895142 7.90351104736328 7.91831493377686 7.96689367294312 8.02354335784912 8.06114864349365 8.09804821014404 8.14370918273926 8.18200206756592 8.18945598602295 8.19531631469727 8.19780921936035 8.20018672943115 8.20242309570312 8.20389461517334 8.20480823516846 8.20515823364258 8.2052755355835 8.20454406738281 8.20364665985107 8.2018518447876 8.20038318634033 8.20242404937744 8.20480060577393 8.2083568572998 8.21201419830322 8.21586227416992 8.21943950653076 8.2227201461792 8.22651958465576 8.23065280914307 8.23312664031982 8.23500347137451 8.23482799530029
8.07848453521729 8.08634853363037 8.0955867767334 8.09525299072266 -9999 -9999 -9999 -9999 8.08747577667236 8.09479141235352 8.10028266906738 8.10327053070068 8.05284690856934 7.95872402191162 7.93806409835815 7.95220184326172 7.99439668655396 8.04329586029053 8.09548187255859 8.14594078063965 8.16797351837158 8.18683624267578 8.19242763519287 8.19717693328857 8.20014667510986 8.20290279388428 8.20539951324463 8.20729732513428 8.20876026153564 8.20933818817139 8.20955085754395 8.20855617523193 8.20732402801514 8.20498466491699 8.20296478271484 8.2044677734375 8.20629024505615 8.20923709869385 8.21246814727783 8.21622657775879 8.21901893615723 8.22075939178467 8.22307586669922 8.22576332092285 8.22809791564941 8.23030567169189 8.23123741149902
8.09251308441162 8.09415626525879 8.09625053405762 8.09525299072266 8.09383773803711 8.08968162536621 8.08613014221191 8.08566284179688 8.08747577667236 8.09479141235352 8.10028266906738 8.10327053070068 8.08885478973389 8.06020069122314 8.05900192260742 8.07080745697021 8.09065818786621 8.11243057250977 8.14329051971436 8.17362308502197 8.18720054626465 8.19877815246582 8.20198631286621 8.20453929901123 8.20570850372314 8.20703315734863 8.20854663848877 8.20987224578857 8.21106147766113 8.21161842346191 8.2119140625 8.21060562133789 8.20898246765137 8.20735263824463 8.20597267150879 8.20703792572021 8.20835876464844 8.21057796478271 8.21305084228516 8.21599388122559 8.21792888641357 8.21876335144043 8.21992778778076 8.22130393981934 8.2230978012085 8.22504234313965 8.22616577148438
8.11595630645752 8.11276721954346 8.1094446182251 8.10784816741943 8.10636520385742 8.10318565368652 8.10058498382568 8.10093307495117 8.10314655303955 8.10986518859863 8.11513996124268 8.11843204498291 8.12486362457275 8.133864402771 8.14236164093018 8.15061950683594 8.15624523162842 8.1612434387207 8.17709350585938 8.193115234375 8.20079231262207 8.20733642578125 8.20913505554199 8.21030235290527 8.2101354598999 8.21029090881348 8.21084022521973 8.21126556396484 8.21159934997559 8.21198749542236 8.21239757537842 8.21118450164795 8.20965385437012 8.20854949951172 8.20763778686523 8.20845317840576 8.20946884155273 8.21118545532227 8.21301555633545 8.21505546569824 8.21627235412598 8.21659374237061 8.21699333190918 8.21744155883789 8.21870613098145 8.22026252746582 8.22127532958984
8.15270805358887 8.14665126800537 8.14035415649414 8.13824844360352 8.1366024017334 8.13578128814697 8.13547611236572 8.13778972625732 8.14097309112549 8.1462516784668 8.15100383758545 8.15503025054932 8.16087436676025 8.1682071685791 8.17259216308594 8.17558193206787 8.17846584320068 8.18132400512695 8.19109439849854 8.20102691650391 8.20641803741455 8.21111106872559 8.2128791809082 8.21380615234375 8.21295547485352 8.21231460571289 8.21192836761475 8.21098899841309 8.20964622497559 8.20965576171875 8.21022415161133 8.20968532562256 8.20892906188965 8.20809078216553 8.20740509033203 8.20823669433594 8.2092227935791 8.21075630187988 8.21210670471191 8.21311664581299 8.21381664276123 8.21417903900146 8.2143611907959 8.21442604064941 8.21517372131348 8.21616744995117 8.21663761138916
8.17810535430908 8.17232322692871 8.16644477844238 8.16456127166748 8.16314792633057 8.16342449188232 8.16405487060547 8.16648578643799 8.16927337646484 8.17292594909668 8.17643547058105 8.17974948883057 8.18426322937012 8.18975734710693 8.19161033630371 8.19173717498779 8.19293689727783 8.19439220428467 8.19993591308594 8.20565605163574 8.20985507965088 8.21361446380615 8.21553421020508 8.21644878387451 8.21523952484131 8.21403789520264 8.21284675598145 8.21105575561523 8.20882892608643 8.20855617523193 8.20909404754639 8.20884418487549 8.20843982696533 8.2075662612915 8.20685577392578 8.20790958404541 8.20899200439453 8.21017265319824 8.21093940734863 8.2109375 8.21103763580322 8.21124839782715 8.21126747131348 8.21116256713867 8.21163177490234 8.21230792999268 8.2122688293457
8.19394111633301 8.19107913970947 8.18847846984863 8.1874303817749 8.18658447265625 8.18689632415771 8.1873197555542 8.188307762146 8.18955326080322 8.19142055511475 8.19308471679688 8.19446659088135 8.19702243804932 8.20053672790527 8.20118522644043 8.20047569274902 8.2008810043335 8.20155334472656 8.20443344116211 8.20752334594727 8.21144962310791 8.21504783630371 8.21727275848389 8.2183666229248 8.21707153320312 8.21550941467285 8.21362018585205 8.21141052246094 8.2089672088623 8.20849609375 8.20884132385254 8.20855712890625 8.20814800262451 8.20698547363281 8.20603942871094 8.20749092102051 8.20877265930176 8.20945930480957 8.20955562591553 8.20855808258057 8.20798778533936 8.20788383483887 8.20778560638428 8.20769119262695 8.20808219909668 8.20864772796631 8.20812606811523
8.20169639587402 8.20015430450439 8.19894790649414 8.19834804534912 8.19783306121826 8.19792652130127 8.19809627532959 8.19865798950195 8.19938468933105 8.20051383972168 8.2015209197998 8.20236110687256 8.20394134521484 8.20612716674805 8.20584774017334 8.20440006256104 8.20427799224854 8.20447254180908 8.20583534240723 8.20742511749268 8.21113014221191 8.21456623077393 8.21687793731689 8.21808624267578 8.21696758270264 8.21564960479736 8.21409034729004 8.21207618713379 8.20973205566406 8.2091178894043 8.20921897888184 8.20876979827881 8.20821189880371 8.20705509185791 8.20608901977539 8.20719718933105 8.2080020904541 8.20774269104004 8.20703220367432 8.20548248291016 8.20453548431396 8.20424365997314 8.20412158966064 8.20410823822021 8.20434379577637 8.20466899871826 8.2036657333374
8.2054967880249 8.20449066162109 8.20375919342041 8.20341682434082 8.20311641693115 8.20286750793457 8.20276260375977 8.20339393615723 8.20410442352295 8.20500564575195 8.20593929290771 8.20691680908203 8.20800304412842 8.20917987823486 8.20810604095459 8.20596790313721 8.20544815063477 8.20531558990479 8.20572280883789 8.20636463165283 8.20987415313721 8.21314811706543 8.21543884277344 8.21673107147217 8.21591567993164 8.21513938903809 8.21441173553467 8.21289539337158 8.21080303192139 8.21007251739502 8.20990467071533 8.20922756195068 8.2084493637085 8.20744514465332 8.20656299591064 8.20696449279785 8.2069616317749 8.20553588867188 8.20394992828369 8.20206642150879 8.20088577270508 8.20046901702881 8.20036792755127 8.20046901702881 8.20051193237305 8.20053386688232 8.19905185699463
8.20344924926758 8.20288562774658 8.20253849029541 8.20230770111084 8.20206928253174 8.20129013061523 8.20084762573242 8.20212078094482 8.20326137542725 8.20408153533936 8.20493221282959 8.20582294464111 8.20666313171387 8.2074613571167 8.20675563812256 8.20533752441406 8.20495128631592 8.20481204986572 8.20504951477051 8.20548343658447 8.20839977264404 8.21111583709717 8.21299266815186 8.21416664123535 8.2138557434082 8.2133903503418 8.21273612976074 8.21174812316895 8.21051692962646 8.21006965637207 8.20994853973389 8.2091178894043 8.20814800262451 8.20706558227539 8.20600128173828 8.20515251159668 8.20403575897217 8.20198059082031 8.19984436035156 8.1975564956665 8.19606781005859 8.1954517364502 8.19510746002197 8.19493961334229 8.19487857818604 8.19485569000244 8.19342613220215
