Ecospace-environmental-drivers/Outputs/ASCII-for-ecospace/MOM6-ISIMIP3a/ph-surf/1996-09_ph-surf_MOM6-ISIMIP3a.asc
NCOLS 131 
NROWS 53 
XLLCORNER -98 
YLLCORNER 23.9265270233154 
CELLSIZE 0.133587792515755 
NODATA_value -9999 
[rows 21 to 41 of 53, columns 47 to 93 of 131]
8.12636470794678 8.12726497650146 8.12820434570312 8.12933731079102 8.13055896759033 8.1336555480957 8.13697624206543 8.14144325256348 8.14553451538086 8.14872264862061 8.15131092071533 8.153076171875 8.15573692321777 8.15912914276123 8.1631441116333 8.16745185852051 8.17164516448975 8.17581081390381 8.17861175537109 8.18110084533691 8.18039131164551 8.17951774597168 8.17795848846436 8.17710876464844 8.17775440216064 8.178297996521 8.1787166595459 8.17501926422119 8.1683235168457 8.16123390197754 8.15398025512695 8.14895057678223 8.14435768127441 8.14357852935791 8.14302253723145 8.14327239990234 8.14333629608154 8.14274311065674 8.14129447937012 8.13825416564941 8.13400650024414 8.12844181060791 8.12378406524658 8.11971092224121 8.11733913421631 8.11557769775391 8.11356449127197
8.12050151824951 8.12140941619873 8.12232875823975 8.12341690063477 8.12457084655762 8.12705039978027 8.12976551055908 8.13368034362793 8.13747501373291 8.14097785949707 8.14401721954346 8.14642238616943 8.14933300018311 8.15265941619873 8.15685272216797 8.16145706176758 8.16568660736084 8.16982746124268 8.17341709136963 8.17674922943115 8.17687797546387 8.17673015594482 8.17541980743408 8.17458438873291 8.17475032806396 8.174485206604 8.17369365692139 8.16927242279053 8.16220760345459 8.15585613250732 8.14979934692383 8.14568710327148 8.14195728302002 8.1409854888916 8.14019775390625 8.14021682739258 8.14010810852051 8.13954734802246 8.13834857940674 8.13596725463867 8.13275051116943 8.12862300872803 8.12509441375732 8.12195205688477 8.11978530883789 8.11796855926514 8.1158561706543
8.11455535888672 8.11549091339111 8.11641407012939 8.11749267578125 8.11861705780029 8.12052631378174 8.12267780303955 8.12605953216553 8.12957000732422 8.13338661193848 8.13687801361084 8.13992404937744 8.14304351806641 8.14622402191162 8.15054321289062 8.15540313720703 8.15967464447021 8.16380596160889 8.16818714141846 8.1723690032959 8.17340087890625 8.17404079437256 8.17303562164307 8.17225551605225 8.17195129394531 8.17084407806396 8.16875839233398 8.16359233856201 8.15618419647217 8.1505651473999 8.1456880569458 8.14248847961426 8.13961982727051 8.13839912414551 8.13732528686523 8.13708305358887 8.1367769241333 8.1362476348877 8.13531112670898 8.13361740112305 8.13141918182373 8.12866973876953 8.12620067596436 8.12391376495361 8.12193489074707 8.12006759643555 8.11787891387939
8.1086597442627 8.10960388183594 8.11050510406494 8.11167621612549 8.1128978729248 8.11474800109863 8.11679172515869 8.11982440948486 8.12309551239014 8.12694072723389 8.1306324005127 8.13411331176758 8.1374397277832 8.14063930511475 8.1448802947998 8.14961433410645 8.15425586700439 8.15887451171875 8.16375637054443 8.16847991943359 8.1706371307373 8.17223262786865 8.17147922515869 8.17062854766846 8.16957187652588 8.16750717163086 8.16420936584473 8.15863800048828 8.15141296386719 8.14619541168213 8.14180946350098 8.13914680480957 8.1368236541748 8.13521575927734 8.1337251663208 8.13311576843262 8.13252544403076 8.13200283050537 8.13129711151123 8.13025093078613 8.12881755828857 8.12696266174316 8.12508201599121 8.12318515777588 8.12135982513428 8.1195592880249 8.1174259185791
8.10294532775879 8.10396575927734 8.10493469238281 8.10625076293945 8.10762023925781 8.10947799682617 8.11148452758789 8.1142520904541 8.11733722686768 8.12119197845459 8.12505435943604 8.12893009185791 8.13247966766357 8.13576221466064 8.13981056213379 8.14422130584717 8.1490592956543 8.15399932861328 8.15924835205078 8.16438102722168 8.16750717163086 8.16994857788086 8.16952133178711 8.16865730285645 8.16686630249023 8.16386795043945 8.15939331054688 8.15346813201904 8.14648723602295 8.14168834686279 8.13779163360596 8.13557434082031 8.13368606567383 8.13175201416016 8.12991142272949 8.12899684906006 8.12818431854248 8.12772464752197 8.12725448608398 8.12676525115967 8.12600612640381 8.12495517730713 8.12362098693848 8.12210178375244 8.12045001983643 8.11875057220459 8.11671733856201
8.09803009033203 8.09941673278809 8.1008472442627 8.10254001617432 8.10427570343018 8.10643291473389 8.10870838165283 8.11158275604248 8.11472129821777 8.11849880218506 8.12240791320801 8.12649822235107 8.13034343719482 8.13398742675781 8.13734245300293 8.14056015014648 8.14484119415283 8.14937591552734 8.15440368652344 8.1593599319458 8.16277503967285 8.16557502746582 8.16580581665039 8.16517448425293 8.1627254486084 8.15890407562256 8.15340614318848 8.1473503112793 8.14089012145996 8.13658046722412 8.13316249847412 8.13098526000977 8.12905311584473 8.12705707550049 8.12515735626221 8.12421417236328 8.12344741821289 8.12330150604248 8.12308883666992 8.12275409698486 8.12227439880371 8.12163639068604 8.12065887451172 8.11946201324463 8.11807727813721 8.11662292480469 8.11489200592041
8.09384059906006 8.09559059143066 8.09745025634766 8.09955596923828 8.10170078277588 8.10421085357666 8.10680294036865 8.10982131958008 8.113037109375 8.11673450469971 8.12062644958496 8.12478828430176 8.1286039352417 8.13213729858398 8.13484764099121 8.13716697692871 8.1407585144043 8.1446533203125 8.14928340911865 8.15390014648438 8.15758895874023 8.16068077087402 8.16126918792725 8.1607141494751 8.15774440765381 8.15339469909668 8.14735889434814 8.14140892028809 8.13552188873291 8.13160419464111 8.12850284576416 8.12618827819824 8.12402725219727 8.12197208404541 8.12002468109131 8.11910057067871 8.11845016479492 8.11875820159912 8.11890316009521 8.11874580383301 8.11850833892822 8.11818408966064 8.11748886108398 8.11655426025391 8.11538410186768 8.11412811279297 8.11268424987793
8.09123611450195 8.09334564208984 8.09556007385254 8.09815883636475 8.10080814361572 8.10378170013428 8.10679912567139 8.11003971099854 8.11338806152344 8.1169958114624 8.12073421478271 8.12465286254883 8.12773132324219 8.13012218475342 8.13229179382324 8.13435554504395 8.13697052001953 8.13971614837646 8.1435604095459 8.14748001098633 8.15141487121582 8.15464782714844 8.15494537353516 8.15412139892578 8.15093231201172 8.14669704437256 8.1411828994751 8.13585090637207 8.13065147399902 8.12691211700439 8.12377834320068 8.12093353271484 8.11814403533936 8.11603260040283 8.1140661239624 8.11326599121094 8.11288166046143 8.1139554977417 8.1146764755249 8.1147403717041 8.11466598510742 8.11444091796875 8.11386489868164 8.11306095123291 8.11199378967285 8.11083221435547 8.10964202880859
8.08901882171631 8.09147644042969 8.09404373168945 8.0970516204834 8.10011577606201 8.10348606109619 8.106858253479 8.11023902893066 8.11362934112549 8.11704254150391 8.12045478820801 8.12386512756348 8.12620735168457 8.12767601013184 8.12919139862061 8.13072872161865 8.13267135620117 8.13471126556396 8.1379337310791 8.14126682281494 8.14504146575928 8.14810466766357 8.14818954467773 8.14724349975586 8.14411926269531 8.14017200469971 8.13521862030029 8.13041877746582 8.12573146820068 8.12188816070557 8.11839580535889 8.11504554748535 8.11172294616699 8.10970592498779 8.10787296295166 8.10736846923828 8.10736083984375 8.10909843444824 8.1103515625 8.11070537567139 8.11081314086914 8.11065292358398 8.11019706726074 8.10955142974854 8.10857391357422 8.10747718811035 8.10649585723877
8.08729076385498 8.0900821685791 8.09299755096436 8.09630966186523 8.0996732711792 8.10335731506348 8.1069974899292 8.11041355133057 8.11373233795166 8.11681747436523 8.11968612670898 8.12225723266602 8.12386608123779 8.12468814849854 8.12540626525879 8.12607479095459 8.12773036956787 8.1296215057373 8.1324291229248 8.13531494140625 8.13841819763184 8.14091777801514 8.14089298248291 8.14000797271729 8.13730525970459 8.133864402771 8.12951946258545 8.12514495849609 8.12074756622314 8.11644649505615 8.11218452453613 8.10836124420166 8.10462284088135 8.10289001464844 8.10138607025146 8.10139274597168 8.10190010070801 8.104172706604 8.1059045791626 8.10663509368896 8.10694789886475 8.1068058013916 8.10647487640381 8.10602188110352 8.10511684417725 8.1040506362915 8.1032190322876
8.08493137359619 8.08801174163818 8.09123516082764 8.09480476379395 8.09841728210449 8.10222148895264 8.10593605041504 8.10919952392578 8.11227893829346 8.11491394042969 8.11722469329834 8.11909198760986 8.1202220916748 8.12075138092041 8.1209077835083 8.12088775634766 8.1224250793457 8.12433338165283 8.12694263458252 8.12958335876465 8.13199901580811 8.13396072387695 8.13402366638184 8.13330364227295 8.13092994689941 8.12780475616455 8.12375926971436 8.11938095092773 8.11475944519043 8.1100025177002 8.10518932342529 8.10135364532471 8.09770965576172 8.09658908843994 8.09569931030273 8.09614372253418 8.09703731536865 8.09950637817383 8.10148143768311 8.1025390625 8.10306262969971 8.10300350189209 8.10284233093262 8.10261631011963 8.10199356079102 8.10122966766357 8.1005802154541
8.08209896087646 8.08543491363525 8.08893489837646 8.09272956848145 8.0965518951416 8.1003303527832 8.10397529602051 8.1069450378418 8.10965728759766 8.11175060272217 8.11349487304688 8.1147575378418 8.11560249328613 8.11610412597656 8.11587619781494 8.11530113220215 8.11684608459473 8.11889743804932 8.12146854400635 8.12401676177979 8.125732421875 8.12717437744141 8.12747383117676 8.12699794769287 8.1248836517334 8.1219310760498 8.11795234680176 8.11324882507324 8.10801696777344 8.10280609130859 8.09760475158691 8.09410381317139 8.0909366607666 8.09067535400391 8.09061241149902 8.09144115447998 8.09262180328369 8.09503555297852 8.09707641601562 8.09842586517334 8.09916305541992 8.09923362731934 8.09927749633789 8.09930419921875 8.09912109375 8.09886264801025 8.09841823577881
8.07887363433838 8.08197784423828 8.08528804779053 8.08926391601562 8.09330654144287 8.09731197357178 8.1011209487915 8.10392761230469 8.10636901855469 8.10792922973633 8.10916996002197 8.10997200012207 8.11056041717529 8.11097526550293 8.11080360412598 8.11035442352295 8.11191654205322 8.11395835876465 8.116530418396 8.11906051635742 8.12046718597412 8.12165451049805 8.12192344665527 8.12136745452881 8.11907005310059 8.11578178405762 8.11128234863281 8.10625457763672 8.10084247589111 8.09595012664795 8.09127235412598 8.08864212036133 8.08641529083252 8.08658027648926 8.08688449859619 8.08768463134766 8.08874702453613 8.09073448181152 8.0925235748291 8.09394454956055 8.09486865997314 8.09525108337402 8.09554576873779 8.09578514099121 8.09606647491455 8.09636211395264 8.0964298248291
8.07548141479492 8.07814311981201 8.08106422424316 8.08520412445068 8.08946990966797 8.09381103515625 8.09788227081299 8.10058307647705 8.10279369354248 8.10382461547852 8.10459041595459 8.10499286651611 8.10533905029297 8.10564041137695 8.10571479797363 8.10568237304688 8.10726451873779 8.10923385620117 8.1118221282959 8.11436557769775 8.11563110351562 8.11667633056641 8.11680126190186 8.11602687835693 8.11335563659668 8.1095142364502 8.1042423248291 8.09889125823975 8.09348297119141 8.0892391204834 8.08547687530518 8.08394813537598 8.08285903930664 8.08326530456543 8.08373928070068 8.08433151245117 8.08510398864746 8.08650684356689 8.08790874481201 8.08930683135986 8.09040546417236 8.09117794036865 8.0917444229126 8.09217739105225 8.09293365478516 8.09380531311035 8.09451770782471
8.07352924346924 8.07532119750977 8.07732486724854 8.08102416992188 8.08492469787598 8.08959484100342 8.09398746490479 8.0969705581665 8.09930515289307 8.10007762908936 8.10057163238525 8.10068416595459 8.10090446472168 8.10121250152588 8.10161972045898 8.10207366943359 8.10373687744141 8.10568904876709 8.10812377929688 8.11049747467041 8.11150550842285 8.11224460601807 8.11186027526855 8.11049842834473 8.10706996917725 8.10274696350098 8.09733104705811 8.09240531921387 8.08783626556396 8.08473014831543 8.0822286605835 8.08134365081787 8.08077716827393 8.08104038238525 8.08133125305176 8.08159351348877 8.08197593688965 8.08278369903564 8.08366775512695 8.08469009399414 8.08563423156738 8.08649349212646 8.08726406097412 8.08797931671143 8.08903121948242 8.0902042388916 8.09160137176514
8.07187461853027 8.07270908355713 8.07368659973145 8.07682037353516 8.08023357391357 8.08523082733154 8.08995723724365 8.09330272674561 8.09583473205566 8.09640407562256 8.09666919708252 8.09651565551758 8.0966329574585 8.09697151184082 8.09772968292236 8.09868621826172 8.10044193267822 8.10238933563232 8.10463428497314 8.10680103302002 8.1075267791748 8.10792541503906 8.10695838928223 8.10493087768555 8.10066604614258 8.09587669372559 8.09044647216797 8.08610057830811 8.08254432678223 8.08067607879639 8.07950687408447 8.0791711807251 8.07900047302246 8.07904052734375 8.07907581329346 8.07898139953613 8.07895469665527 8.0791654586792 8.07950401306152 8.080078125 8.08080005645752 8.0816822052002 8.08264446258545 8.08365821838379 8.08496856689453 8.08638572692871 8.08847713470459
8.07183837890625 8.07222557067871 8.07268238067627 8.07473468780518 8.07703685760498 8.08164978027344 8.08612632751465 8.08991050720215 8.09279918670654 8.09352874755859 8.09385585784912 8.09363079071045 8.09376907348633 8.09420299530029 8.09512710571289 8.09628486633301 8.09794139862061 8.09971714019775 8.10147190093994 8.10312175750732 8.10324764251709 8.1029691696167 8.100998878479 8.09824562072754 8.09383678436279 8.0894660949707 8.08514308929443 8.08203506469727 8.07981300354004 8.0787878036499 8.07825946807861 8.07809829711914 8.07800960540771 8.07792663574219 8.07783603668213 8.07767200469971 8.07755661010742 8.07761478424072 8.07775020599365 8.07802581787109 8.07842922210693 8.07897281646729 8.07964420318604 8.08039665222168 8.08153533935547 8.08281135559082 8.0849027633667
8.0718879699707 8.07188606262207 8.0718822479248 8.07288455963135 8.07409858703613 8.07827281951904 8.08244895935059 8.08663845062256 8.08986282348633 8.09076118469238 8.09116363525391 8.09088706970215 8.0910530090332 8.09158039093018 8.09264469146729 8.09396266937256 8.09548664093018 8.09705924987793 8.09830665588379 8.09942054748535 8.09892463684082 8.09795951843262 8.09503269195557 8.09162139892578 8.08718681335449 8.08331966400146 8.08014488220215 8.07826519012451 8.0773286819458 8.07708358764648 8.07712364196777 8.07710933685303 8.07708358764648 8.07689666748047 8.07670116424561 8.07649421691895 8.07631778717041 8.07625198364258 8.07621288299561 8.07622146606445 8.07632732391357 8.0765380859375 8.0769100189209 8.07738590240479 8.0783166885376 8.07941150665283 8.08143424987793
8.07209205627441 8.07205390930176 8.07200527191162 8.07251834869385 8.07319259643555 8.07669544219971 8.08031272888184 8.08451080322266 8.08776950836182 8.08876323699951 8.08924770355225 8.08903312683105 8.08924961090088 8.08981800079346 8.09081268310547 8.09200954437256 8.09314250946045 8.09426021575928 8.09494686126709 8.09548568725586 8.09428310394287 8.09269428253174 8.08949089050293 8.08618450164795 8.08265972137451 8.07976818084717 8.07765102386475 8.07657527923584 8.07625675201416 8.07629489898682 8.07648181915283 8.076491355896 8.07646656036377 8.07633781433105 8.07620716094971 8.07610607147217 8.07600498199463 8.07590484619141 8.07584095001221 8.07584381103516 8.07590484619141 8.07603073120117 8.07625293731689 8.0765380859375 8.0771017074585 8.07776546478271 8.07929801940918
8.07227611541748 8.07221603393555 8.07213592529297 8.07225036621094 8.07248401641846 8.07539558410645 8.07850742340088 8.0826416015625 8.08586883544922 8.08690357208252 8.08743572235107 8.08727836608887 8.08752918243408 8.08811473846436 8.08900165557861 8.09003257751465 8.0907621383667 8.0914192199707 8.09158706665039 8.0915994644165 8.0898265838623 8.08775424957275 8.0844259262085 8.08130931854248 8.07863807678223 8.07664394378662 8.07547664642334 8.07509326934814 8.07528018951416 8.0755558013916 8.07586765289307 8.07592582702637 8.07593441009521 8.0758810043335 8.07582473754883 8.07576847076416 8.07569217681885 8.07554054260254 8.07543468475342 8.07541179656982 8.0754280090332 8.0754861831665 8.07559871673584 8.07574653625488 8.07602119445801 8.07634258270264 8.07741069793701
8.07238960266113 8.07235240936279 8.07229328155518 8.07234477996826 8.0724983215332 8.07510852813721 8.07791519165039 8.0817232131958 8.08467388153076 8.08555126190186 8.08600902557373 8.0858907699585 8.0861177444458 8.08662605285645 8.08726501464844 8.08796405792236 8.08824443817139 8.08842468261719 8.08822536468506 8.08789443969727 8.08605194091797 8.08400535583496 8.08110809326172 8.07849216461182 8.07647323608398 8.07508563995361 8.07446956634521 8.07437419891357 8.07465744018555 8.0749979019165 8.07536220550537 8.07555675506592 8.07571697235107 8.0757999420166 8.07585048675537 8.0756196975708 8.0753812789917 8.07511806488037 8.0749044418335 8.07478523254395 8.07475090026855 8.07480907440186 8.07495784759521 8.07516574859619 8.075439453125 8.0757360458374 8.07643795013428
