Ecospace-environmental-drivers/Outputs/ASCII-for-ecospace/MOM6-ISIMIP3a/ph-surf/1997-05_ph-surf_MOM6-ISIMIP3a.asc
NCOLS 131 
NROWS 53 
XLLCORNER -98 
YLLCORNER 23.9265270233154 
CELLSIZE 0.133587792515755 
NODATA_value -9999 
[rows 21 to 41 of 53, columns 0 to 46 of 131]
-9999 -9999 -9999 -9999 -9999 -9999 8.14395618438721 8.14318370819092 8.14113903045654 8.13791942596436 8.13609218597412 8.13381576538086 8.13461685180664 8.13700199127197 8.13933658599854 8.14161205291748 8.14352607727051 8.14519214630127 8.14698123931885 8.14881706237793 8.15065670013428 8.15249538421631 8.15453910827637 8.15655899047852 8.15835189819336 8.16016960144043 8.16207027435303 8.16334056854248 8.16350841522217 8.1631555557251 8.16226577758789 8.16123199462891 8.16011047363281 8.15859699249268 8.15695285797119 8.15551376342773 8.15410804748535 8.15348815917969 8.15292835235596 8.15275096893311 8.15249824523926 8.15203857421875 8.15159511566162 8.15117740631104 8.15082454681396 8.15053081512451 8.15032196044922
-9999 -9999 -9999 -9999 -9999 -9999 8.14408111572266 8.14395618438721 8.14241218566895 8.14026737213135 8.13791942596436 8.13654041290283 8.1361780166626 8.13783073425293 8.13935661315918 8.14073657989502 8.14194202423096 8.14302635192871 8.14420413970947 8.14541721343994 8.1469087600708 8.14844989776611 8.14991188049316 8.15134239196777 8.15251159667969 8.15374946594238 8.15520763397217 8.15622329711914 8.15646743774414 8.15634059906006 8.15583229064941 8.1551570892334 8.15438079833984 8.15297412872314 8.15135669708252 8.14962196350098 8.14787864685059 8.14711761474609 8.14647102355957 8.14654922485352 8.14659309387207 8.14654350280762 8.14646625518799 8.14634704589844 8.14620780944824 8.14604949951172 8.1458683013916
-9999 -9999 -9999 -9999 8.14963340759277 8.14603710174561 8.14419841766357 8.14408874511719 8.14395618438721 8.14086723327637 8.13832569122314 8.13787364959717 8.13779354095459 8.13845062255859 8.13905429840088 8.13959789276123 8.14012813568115 8.14065074920654 8.14123344421387 8.14184093475342 8.1429967880249 8.14424896240234 8.14512252807617 8.14595699310303 8.14653396606445 8.14721202850342 8.14822292327881 8.14899063110352 8.14933490753174 8.14945507049561 8.14934253692627 8.14903354644775 8.14860248565674 8.14731502532959 8.14574146270752 8.14374351501465 8.14169597625732 8.14078330993652 8.14003276824951 8.1403169631958 8.14061164855957 8.14093208312988 8.14119338989258 8.14136123657227 8.14143466949463 8.14142036437988 8.14130210876465
-9999 -9999 -9999 -9999 8.15778827667236 8.15050792694092 8.14787673950195 8.14419841766357 8.1441125869751 8.14302062988281 8.14186954498291 8.14049243927002 8.13923740386963 8.13822174072266 8.13771533966064 8.13779449462891 8.13788414001465 8.13798141479492 8.13825130462646 8.13858795166016 8.13938236236572 8.14025783538818 8.14080238342285 8.14131641387939 8.14163112640381 8.14200973510742 8.14259338378906 8.14303684234619 8.14323616027832 8.14329147338867 8.14319705963135 8.14292049407959 8.14253330230713 8.14139556884766 8.14000701904297 8.13835048675537 8.13666343688965 8.13584899902344 8.13514995574951 8.13518714904785 8.13523960113525 8.13533592224121 8.13544368743896 8.13557052612305 8.13564872741699 8.13568305969238 8.13571643829346
-9999 -9999 -9999 -9999 -9999 8.15778827667236 8.15216827392578 8.15155410766602 8.14551067352295 8.14555358886719 8.14512920379639 8.14291667938232 8.14060306549072 8.13809394836426 8.13656616210938 8.13617038726807 8.13583278656006 8.13553333282471 8.13546276092529 8.1354808807373 8.1359395980835 8.13647556304932 8.13677310943604 8.13704299926758 8.13713073730469 8.13724994659424 8.13747024536133 8.13763523101807 8.13770198822021 8.1376895904541 8.13759803771973 8.13734531402588 8.13699436187744 8.13602828979492 8.13485813140869 8.13352870941162 8.13218212127686 8.13141250610352 8.13071441650391 8.13046836853027 8.13025188446045 8.13011741638184 8.13006973266602 8.13015365600586 8.13025856018066 8.1303825378418 8.13061141967773
-9999 -9999 -9999 -9999 -9999 8.15824890136719 8.15778827667236 8.15513134002686 8.15235137939453 8.14975357055664 8.14714336395264 8.14448165893555 8.14163112640381 8.13840579986572 8.13625144958496 8.13533306121826 8.13462162017822 8.13405227661133 8.13352680206299 8.13301753997803 8.1332483291626 8.13360977172852 8.13401794433594 8.13438415527344 8.13439178466797 8.13442993164062 8.13456726074219 8.13465023040771 8.13463878631592 8.13455486297607 8.13439464569092 8.13412189483643 8.13378238677979 8.13308715820312 8.13227272033691 8.13121223449707 8.13011837005615 8.12915897369385 8.12823581695557 8.12755298614502 8.12694835662842 8.12656021118164 8.12633991241455 8.12637805938721 8.1266040802002 8.12700366973877 8.1276159286499
-9999 -9999 8.15908813476562 8.15902900695801 8.15901565551758 8.15871047973633 8.15824890136719 8.15862083435059 8.15863227844238 8.15390014648438 8.14947319030762 8.14621067047119 8.14278697967529 8.13904571533203 8.13638114929199 8.13495922088623 8.13385105133057 8.13295936584473 8.13203144073486 8.13108921051025 8.13105297088623 8.13117694854736 8.13159942626953 8.13198280334473 8.13198184967041 8.13200759887695 8.13211917877197 8.13218879699707 8.13218688964844 8.13209819793701 8.13192176818848 8.13167476654053 8.13138484954834 8.13090419769287 8.13035869598389 8.12943744659424 8.12846279144287 8.1273021697998 8.12615871429443 8.12511444091797 8.12418365478516 8.12357234954834 8.12319850921631 8.12319374084473 8.12354278564453 8.12421607971191 8.12518501281738
-9999.000000000000000 -9999 -9999 -9999 8.15936183929443 8.15932083129883 8.15960216522217 8.16191577911377 8.16369438171387 8.15793228149414 8.15249443054199 8.14829540252686 8.14422416687012 8.14040470123291 8.13748359680176 8.13559818267822 8.13404273986816 8.13271236419678 8.13149833679199 8.13033008575439 8.1299409866333 8.12969017028809 8.12991714477539 8.1301441192627 8.13029098510742 8.13045310974121 8.13066387176514 8.13086891174316 8.13106536865234 8.13112545013428 8.1310453414917 8.13092041015625 8.13076686859131 8.1303768157959 8.12990760803223 8.12884330749512 8.12769412994385 8.12631511688232 8.12495517730713 8.12371349334717 8.12259674072266 8.12182426452637 8.12133979797363 8.12130069732666 8.12177562713623 8.12272071838379 8.12398624420166
-9999 -9999 -9999 -9999 8.15974140167236 8.16005420684814 8.16017723083496 8.16436195373535 8.16792011260986 8.16162490844727 8.15559101104736 8.150559425354 8.14587593078613 8.14188480377197 8.13862419128418 8.13620662689209 8.1341495513916 8.1323413848877 8.13087940216064 8.12955093383789 8.1289701461792 8.12852191925049 8.12863636016846 8.12877082824707 8.1289758682251 8.12919902801514 8.12948226928711 8.12978744506836 8.13013076782227 8.13033866882324 8.13040828704834 8.13041305541992 8.13037967681885 8.13002681732178 8.12956619262695 8.12832450866699 8.12697315216064 8.12542057037354 8.1238956451416 8.12255191802979 8.121337890625 8.12048625946045 8.11991596221924 8.11978054046631 8.12020492553711 8.12114334106445 8.12250137329102
-9999 -9999 -9999 -9999 8.15995216369629 8.15984916687012 8.15972232818604 8.16573905944824 8.17109394073486 8.16488933563232 8.15878200531006 8.15304660797119 8.14779949188232 8.14351749420166 8.13981342315674 8.13677501678467 8.13415241241455 8.13181495666504 8.13015174865723 8.12874698638916 8.12817668914795 8.12775325775146 8.12786197662354 8.12798500061035 8.12813377380371 8.12832450866699 8.12864685058594 8.12900638580322 8.12943172454834 8.12978649139404 8.13007068634033 8.13021945953369 8.13028430938721 8.12989807128906 8.12936210632324 8.12790012359619 8.12631130218506 8.12464141845703 8.12301826477051 8.12168979644775 8.12049388885498 8.11966609954834 8.11904048919678 8.11872959136963 8.11888313293457 8.11946392059326 8.12065410614014
-9999 -9999 -9999 -9999 8.15984916687012 8.15969562530518 8.15951538085938 8.16641330718994 8.17267322540283 8.16720104217529 8.16159725189209 8.15548992156982 8.14977836608887 8.14485454559326 8.14042949676514 8.13658046722412 8.13341999053955 8.1307315826416 8.12907791137695 8.12782287597656 8.1274299621582 8.12719058990479 8.12729549407959 8.12740325927734 8.12747669219971 8.12759017944336 8.12783145904541 8.12813186645508 8.12853622436523 8.12896347045898 8.12941455841064 8.12968444824219 8.12984561920166 8.12941455841064 8.12878513336182 8.12720775604248 8.1254997253418 8.12380790710449 8.12216949462891 8.12087154388428 8.119704246521 8.1189022064209 8.11824131011963 8.11780166625977 8.11774349212646 8.1180362701416 8.1189489364624
-9999 -9999 -9999 -9999 8.15968704223633 8.15951538085938 8.166184425354 8.16655921936035 8.17305660247803 8.16879844665527 8.1641321182251 8.15789794921875 8.15179920196533 8.14596843719482 8.14061641693115 8.13581466674805 8.13213729858398 8.12923049926758 8.12774467468262 8.12680816650391 8.12671947479248 8.12678050994873 8.12688446044922 8.12697601318359 8.1269588470459 8.12696075439453 8.12703132629395 8.12718772888184 8.12749576568604 8.12793731689453 8.12851810455322 8.12889575958252 8.12914848327637 8.12866306304932 8.1279296875 8.12631416320801 8.12457752227783 8.12293434143066 8.1213436126709 8.12008476257324 8.1189546585083 8.11818027496338 8.11750030517578 8.11696624755859 8.11674022674561 8.11679744720459 8.11735057830811
-9999 -9999 -9999 -9999 8.15951538085938 8.16669464111328 8.17009925842285 8.17225074768066 8.17219638824463 8.16927814483643 8.16558170318604 8.15890502929688 8.15218639373779 8.14538288116455 8.13931274414062 8.13408756256104 8.13041305541992 8.1278018951416 8.12674140930176 8.1262788772583 8.12636661529541 8.12655162811279 8.12658786773682 8.12660503387451 8.1264762878418 8.12635517120361 8.12625408172607 8.12624359130859 8.12639045715332 8.12672138214111 8.1272439956665 8.12757873535156 8.12779998779297 8.12725067138672 8.12644290924072 8.12488746643066 8.12322902679443 8.12172508239746 8.12027072906494 8.11913585662842 8.1181001663208 8.11734294891357 8.11665534973145 8.11607646942139 8.11578273773193 8.11575031280518 8.11609840393066
-9999 -9999 -9999 -9999 -9999 8.17025089263916 8.17097759246826 8.17148876190186 8.17080307006836 8.16927909851074 8.1665678024292 8.1593132019043 8.1518726348877 8.14406776428223 8.13736915588379 8.13194847106934 8.12849903106689 8.12640571594238 8.12587928771973 8.12595844268799 8.1261682510376 8.1264009475708 8.12634181976318 8.12625694274902 8.12601089477539 8.12575912475586 8.12548637390137 8.12529850006104 8.12525749206543 8.12542533874512 8.125807762146 8.12603759765625 8.12617206573486 8.12555503845215 8.1246862411499 8.12323188781738 8.1216983795166 8.12037086486816 8.11909008026123 8.11811637878418 8.11720180511475 8.11645603179932 8.11576652526855 8.11516284942627 8.11484432220459 8.11478614807129 8.11499500274658
-9999 -9999 -9999 -9999 -9999 8.16938781738281 8.16967487335205 8.16919231414795 8.16914749145508 8.16745090484619 8.16457557678223 8.15718269348145 8.14968967437744 8.14199829101562 8.13552951812744 8.13046932220459 8.12742614746094 8.12576866149902 8.12556934356689 8.12593269348145 8.12623119354248 8.12651824951172 8.1264066696167 8.12626457214355 8.12593364715576 8.12556266784668 8.1250638961792 8.12462139129639 8.12427806854248 8.12414646148682 8.12423038482666 8.12421321868896 8.12413311004639 8.12347602844238 8.12262535095215 8.12136745452881 8.12005424499512 8.11896514892578 8.11791706085205 8.1171293258667 8.11634349822998 8.11555957794189 8.11485958099365 8.11428737640381 8.11396598815918 8.11387348175049 8.11405086517334
-9999 -9999 -9999 -9999 -9999 8.16732311248779 8.16751003265381 8.16834354400635 8.16743659973145 8.16524505615234 8.16196632385254 8.15452671051025 8.14711952209473 8.13977241516113 8.13370990753174 8.12912750244141 8.12652683258057 8.12528800964355 8.1253719329834 8.12596702575684 8.12634754180908 8.12668991088867 8.12653636932373 8.12634563446045 8.12593650817871 8.12544918060303 8.12471199035645 8.12399959564209 8.12333106994629 8.12287044525146 8.12262439727783 8.12233066558838 8.12200927734375 8.12131690979004 8.12050247192383 8.11945915222168 8.11838626861572 8.11754989624023 8.1167459487915 8.11614990234375 8.11549186706543 8.11466121673584 8.11394882202148 8.1134204864502 8.11310005187988 8.11297130584717 8.11313819885254
-9999 -9999 -9999 -9999 -9999 -9999 8.16478538513184 8.16499423980713 8.16477870941162 8.16239356994629 8.15912246704102 8.15245819091797 8.14585399627686 8.13937091827393 8.13394737243652 8.12974739074707 8.12719821929932 8.12578296661377 8.12582206726074 8.12642288208008 8.12690544128418 8.12736701965332 8.12730598449707 8.12718105316162 8.12662315368652 8.12597465515137 8.12503337860107 8.12403202056885 8.12292575836182 8.12201881408691 8.12131595611572 8.12071800231934 8.12018394470215 8.11948871612549 8.11873912811279 8.11789512634277 8.11703872680664 8.11641311645508 8.11579990386963 8.11526870727539 8.11464977264404 8.1137866973877 8.11305522918701 8.11252880096436 8.11221218109131 8.11208915710449 8.11231327056885
-9999 -9999 -9999 -9999 -9999 -9999 8.16184425354004 8.16101932525635 8.16206073760986 8.15956783294678 8.15638446807861 8.15055370330811 8.14480876922607 8.13923263549805 8.13447570800781 8.1306619644165 8.12814903259277 8.12652778625488 8.1264705657959 8.12701606750488 8.12756633758545 8.12811756134033 8.12814235687256 8.12807846069336 8.12737941741943 8.12657737731934 8.12543964385986 8.12415599822998 8.12261962890625 8.121262550354 8.12008953094482 8.11917781829834 8.11842441558838 8.11771869659424 8.11702919006348 8.11637687683105 8.11573219299316 8.11530876159668 8.11487674713135 8.11439609527588 8.11380672454834 8.11291694641113 8.11216735839844 8.1116361618042 8.11132431030273 8.1112117767334 8.11149597167969
-9999 -9999 -9999 -9999 -9999 -9999 8.15814113616943 8.15951824188232 8.15915584564209 8.15732097625732 8.15488147735596 8.15012741088867 8.14547920227051 8.14103984832764 8.13711166381836 8.13377380371094 8.13132190704346 8.12948036193848 8.12893295288086 8.12888431549072 8.12911891937256 8.12940406799316 8.12938594818115 8.12928676605225 8.12855339050293 8.12769317626953 8.12641620635986 8.12493801116943 8.12310886383057 8.12132453918457 8.11958503723145 8.11827278137207 8.11721992492676 8.11642265319824 8.11571025848389 8.11519432067871 8.11470699310303 8.11441326141357 8.11408805847168 8.11355972290039 8.11294364929199 8.11208629608154 8.11133575439453 8.11074924468994 8.11043453216553 8.11036968231201 8.11073017120361
-9999 -9999 -9999 -9999 -9999 8.15122413635254 8.15432643890381 8.15388584136963 8.15636348724365 8.15505504608154 8.15324974060059 8.14954376220703 8.14594554901123 8.14255905151367 8.13946437835693 8.13670635223389 8.13443946838379 8.1325101852417 8.13154029846191 8.13094139099121 8.13083267211914 8.13080978393555 8.13070869445801 8.13053321838379 8.12974548339844 8.12881469726562 8.12742137908936 8.12577247619629 8.12367820739746 8.12147998809814 8.11917591094971 8.11745929718018 8.11610126495361 8.1152172088623 8.1144905090332 8.11409187316895 8.11373996734619 8.1135368347168 8.11328506469727 8.11272239685059 8.11208915710449 8.11126232147217 8.11051368713379 8.10988521575928 8.10957050323486 8.109543800354 8.10996723175049
-9999 -9999 -9999 -9999 8.1506986618042 8.15080738067627 8.15122413635254 8.15267753601074 8.15398693084717 8.15271759033203 8.15114116668701 8.14838314056396 8.14566516876221 8.14302349090576 8.14077758789062 8.13898658752441 8.13735103607178 8.13582134246826 8.13467884063721 8.13368701934814 8.13313293457031 8.13265609741211 8.13231945037842 8.13192272186279 8.13100242614746 8.12996196746826 8.12853050231934 8.12679767608643 8.12453842163086 8.12197971343994 8.11911296844482 8.11698150634766 8.11529731750488 8.11434555053711 8.11363792419434 8.1132869720459 8.1129846572876 8.11272621154785 8.11242866516113 8.11187934875488 8.1112642288208 8.11046314239502 8.10973167419434 8.10910797119141 8.10879802703857 8.1087760925293 8.10921955108643
