Ecospace-environmental-drivers/Outputs/ASCII-for-ecospace/MOM6-ISIMIP3a/ph-surf/1997-08_ph-surf_MOM6-ISIMIP3a.asc
NCOLS 131 
NROWS 53 
XLLCORNER -98 
YLLCORNER 23.9265270233154 
CELLSIZE 0.133587792515755 
NODATA_value -9999 
[rows 21 to 41 of 53, columns 47 to 93 of 131]
8.10960292816162 8.1107177734375 8.11195087432861 8.11374664306641 8.11561107635498 8.11778926849365 8.11982250213623 8.12111377716064 8.12249183654785 8.12407970428467 8.12478065490723 8.124267578125 8.12291622161865 8.12088012695312 8.11825942993164 8.1153621673584 8.11271095275879 8.11011791229248 8.10852336883545 8.10704517364502 8.10624122619629 8.10556316375732 8.10540866851807 8.10530948638916 8.10532665252686 8.1058292388916 8.10692501068115 8.10886859893799 8.11142921447754 8.11468601226807 8.11822986602783 8.12122535705566 8.12411212921143 8.12501811981201 8.12574100494385 8.12538909912109 8.12498092651367 8.12437534332275 8.1239013671875 8.12367057800293 8.12357997894287 8.12364101409912 8.12427234649658 8.12527084350586 8.12747001647949 8.13009834289551 8.1325511932373
8.10379695892334 8.10464954376221 8.10550689697266 8.10656356811523 8.10764694213867 8.10890674591064 8.11009407043457 8.11091709136963 8.11178970336914 8.11278533935547 8.11329460144043 8.11313533782959 8.11242294311523 8.11125659942627 8.10958957672119 8.10768508911133 8.10581970214844 8.10396289825439 8.10295391082764 8.1020450592041 8.10175037384033 8.10157108306885 8.10187721252441 8.10215854644775 8.10238742828369 8.10308456420898 8.10435485839844 8.10640239715576 8.1090145111084 8.11226654052734 8.11578178405762 8.11852645874023 8.12111949920654 8.12163639068604 8.12195587158203 8.12108516693115 8.12016868591309 8.1190938949585 8.11821937561035 8.11771965026855 8.11740684509277 8.11729717254639 8.11779117584229 8.11867523193359 8.12093830108643 8.12369728088379 8.12683010101318
8.09807395935059 8.09881114959717 8.09946060180664 8.09996128082275 8.1004467010498 8.10091400146484 8.10136318206787 8.10171699523926 8.10207748413086 8.10245418548584 8.10271167755127 8.10280513763428 8.10262680053711 8.10222434997559 8.10142230987549 8.10043048858643 8.09929656982422 8.0981273651123 8.09766292572021 8.0972843170166 8.09746742248535 8.09775447845459 8.09847259521484 8.09910297393799 8.09954929351807 8.10043716430664 8.1018648147583 8.10398483276367 8.10660934448242 8.1098108291626 8.11325073242188 8.1157112121582 8.1179780960083 8.11810970306396 8.11802959442139 8.11665630340576 8.11525058746338 8.11373043060303 8.11248016357422 8.11173439025879 8.11123847961426 8.11101531982422 8.11142349243164 8.1122407913208 8.11453437805176 8.11735725402832 8.12109184265137
8.0939359664917 8.09430885314941 8.09462356567383 8.0947790145874 8.0949182510376 8.09506988525391 8.09521961212158 8.09536075592041 8.0955286026001 8.09576320648193 8.09594058990479 8.09603881835938 8.09600162506104 8.09585285186768 8.0954008102417 8.09480476379395 8.09415817260742 8.09349918365479 8.09331893920898 8.0932092666626 8.09365844726562 8.09419059753418 8.09507274627686 8.09600734710693 8.09705257415771 8.09825706481934 8.0996561050415 8.10161113739014 8.10397148132324 8.10684108734131 8.10991954803467 8.1119327545166 8.11373519897461 8.11362361907959 8.11331653594971 8.11179542541504 8.11023139953613 8.10851764678955 8.10710334777832 8.10624313354492 8.10585784912109 8.10599040985107 8.10677146911621 8.10797119140625 8.1104097366333 8.11329364776611 8.11726856231689
8.08978843688965 8.08981323242188 8.08980846405029 8.08964920043945 8.08947563171387 8.08934116363525 8.0892219543457 8.08917427062988 8.08917427062988 8.08928775787354 8.08940505981445 8.08952713012695 8.08963680267334 8.08973598480225 8.08963871002197 8.08944892883301 8.08927345275879 8.08910274505615 8.08918285369873 8.08931922912598 8.09002876281738 8.09080600738525 8.0918664932251 8.09306716918945 8.09456253051758 8.09598350524902 8.09731292724609 8.09906768798828 8.10113143920898 8.10363483428955 8.10631942749023 8.10789680480957 8.10925579071045 8.10895252227783 8.10847282409668 8.10688018798828 8.1052360534668 8.10341358184814 8.10189914703369 8.1009578704834 8.10068511962891 8.10114097595215 8.10229301452637 8.10389614105225 8.10657978057861 8.10965061187744 8.11384582519531
8.08559608459473 8.08534240722656 8.08509349822998 8.08475303649902 8.08440589904785 8.08412170410156 8.08386421203613 8.08373737335205 8.08367156982422 8.0837516784668 8.08389759063721 8.08413314819336 8.0844144821167 8.0847339630127 8.0850133895874 8.0852746963501 8.08550453186035 8.08572673797607 8.08595943450928 8.0862398147583 8.08718967437744 8.08820819854736 8.08951187133789 8.09081077575684 8.09210395812988 8.09330177307129 8.09438514709473 8.09577941894531 8.0974006652832 8.09939289093018 8.10153961181641 8.1027307510376 8.10373497009277 8.1034688949585 8.10306167602539 8.10172939300537 8.10034561157227 8.09878253936768 8.09745693206787 8.09657382965088 8.0964183807373 8.09705543518066 8.09857845306396 8.10067462921143 8.10403728485107 8.10785484313965 8.11218070983887
8.08124828338623 8.08089351654053 8.08055686950684 8.08016490936279 8.07977104187012 8.07947540283203 8.07921409606934 8.07912349700928 8.0790958404541 8.07922267913818 8.07944107055664 8.07978534698486 8.08021354675293 8.08070945739746 8.08127307891846 8.08186721801758 8.08236694335938 8.08284378051758 8.08317089080811 8.08353137969971 8.08452415466309 8.0855884552002 8.08694934844971 8.08822631835938 8.08932209014893 8.09031581878662 8.09118270874023 8.09223175048828 8.09341335296631 8.09490299224854 8.09651947021484 8.09741306304932 8.09816455841064 8.09800243377686 8.09772968292236 8.09670925140381 8.0956335067749 8.09436416625977 8.0932674407959 8.09249019622803 8.09241771697998 8.09311294555664 8.09490489959717 8.09740734100342 8.10137176513672 8.10586166381836 8.11040496826172
8.07656192779541 8.07648944854736 8.07641124725342 8.07625007629395 8.07608604431152 8.07608127593994 8.07611083984375 8.07630634307861 8.07654571533203 8.07688903808594 8.0772762298584 8.07772445678711 8.07824230194092 8.07881832122803 8.07945919036865 8.0801305770874 8.08060741424561 8.08103656768799 8.08132934570312 8.08163356781006 8.08223724365234 8.08292007446289 8.08393669128418 8.08492183685303 8.08583831787109 8.08666610717773 8.08738327026367 8.08811855316162 8.0888671875 8.08986854553223 8.09097480773926 8.09176063537598 8.09248352050781 8.09256935119629 8.09257030487061 8.09197616577148 8.09131240844727 8.09041023254395 8.08962631225586 8.08905982971191 8.08899688720703 8.08948230743408 8.09132480621338 8.09404468536377 8.0984411239624 8.10343837738037 8.10838794708252
8.07306957244873 8.07321166992188 8.07333183288574 8.07339859008789 8.07346630096436 8.07371520996094 8.07398700714111 8.07437133789062 8.0747709274292 8.07520771026611 8.07564449310303 8.07608127593994 8.07657337188721 8.07711029052734 8.0776948928833 8.07830238342285 8.07870006561279 8.07904815673828 8.07925128936768 8.07944869995117 8.0797061920166 8.08004760742188 8.08073806762695 8.08143329620361 8.08213806152344 8.08278560638428 8.08336162567139 8.08387660980225 8.08434581756592 8.08499717712402 8.08572292327881 8.08640575408936 8.08708000183105 8.08739376068115 8.08764934539795 8.08746433258057 8.08720302581787 8.08667850494385 8.08621406555176 8.08586120605469 8.08582305908203 8.08612537384033 8.08785438537598 8.09050559997559 8.09511089324951 8.100417137146 8.1058931350708
8.07107925415039 8.07135009765625 8.07159423828125 8.07188510894775 8.07218647003174 8.07264232635498 8.07309722900391 8.07354640960693 8.07397270202637 8.07434749603271 8.07468318939209 8.07496452331543 8.07528209686279 8.07563018798828 8.07599067687988 8.0763578414917 8.07660865783691 8.07683181762695 8.07687473297119 8.07690238952637 8.07686901092529 8.07691669464111 8.07730484008789 8.07771301269531 8.07816600799561 8.07861518859863 8.07906055450439 8.07947063446045 8.07985591888428 8.08032894134521 8.08083820343018 8.08142375946045 8.08202457427979 8.08254146575928 8.08302688598633 8.08323097229004 8.08335971832275 8.08322429656982 8.08308982849121 8.0829553604126 8.08295822143555 8.08311176300049 8.08452224731445 8.086745262146 8.09127902984619 8.09664249420166 8.10279750823975
8.06960296630859 8.06996059417725 8.07029819488525 8.0706787109375 8.07106590270996 8.07153987884521 8.07199764251709 8.07238292694092 8.07273006439209 8.07298851013184 8.07320117950439 8.0733528137207 8.07355117797852 8.07378959655762 8.07401847839355 8.07424449920654 8.0743522644043 8.07443332672119 8.07434940338135 8.07424926757812 8.07409572601318 8.07401657104492 8.07425498962402 8.07453727722168 8.07490921020508 8.07528114318848 8.07565116882324 8.07596492767334 8.07623863220215 8.07652854919434 8.07682514190674 8.07726192474365 8.07772636413574 8.0783109664917 8.07889270782471 8.07940292358398 8.07984828948975 8.08006477355957 8.08025360107422 8.08038997650146 8.08055305480957 8.08074569702148 8.08187675476074 8.08361434936523 8.08783340454102 8.09294509887695 8.09973526000977
8.06851291656494 8.06892490386963 8.06933403015137 8.06970310211182 8.07006645202637 8.07041454315186 8.07074165344238 8.07096576690674 8.07115364074707 8.07125473022461 8.07133007049561 8.07136917114258 8.07149028778076 8.07167720794678 8.07184505462646 8.07200241088867 8.07197284698486 8.07189846038818 8.07171058654785 8.07151794433594 8.07137012481689 8.07129001617432 8.07149505615234 8.07176876068115 8.072190284729 8.0725736618042 8.07291126251221 8.07313442230225 8.07327461242676 8.07337856292725 8.07346725463867 8.07371616363525 8.07399654388428 8.07454586029053 8.07512378692627 8.07587814331055 8.076584815979 8.07712554931641 8.07763290405273 8.07808017730713 8.0784912109375 8.07886505126953 8.07974624633789 8.08095455169678 8.08467960357666 8.08930778503418 8.09669876098633
8.06742382049561 8.06780052185059 8.06818103790283 8.06846714019775 8.06874084472656 8.06893825531006 8.06911754608154 8.06920909881592 8.06927871704102 8.06929588317871 8.06930160522461 8.06929302215576 8.06939029693604 8.06957530975342 8.06973552703857 8.06988430023193 8.06986331939697 8.06980323791504 8.06965065002441 8.06949806213379 8.06945323944092 8.06944847106934 8.06961345672607 8.06985759735107 8.07026767730713 8.07061195373535 8.07087421417236 8.07098865509033 8.07099533081055 8.07095718383789 8.07089900970459 8.07099437713623 8.071120262146 8.07154941558838 8.07202243804932 8.07280826568604 8.0735969543457 8.0743932723999 8.07518291473389 8.07596206665039 8.07668399810791 8.07734394073486 8.07809448242188 8.07890510559082 8.0823802947998 8.08681297302246 8.09448623657227
8.0663366317749 8.0666389465332 8.0669469833374 8.06712055206299 8.06727695465088 8.06731033325195 8.06733417510986 8.06730651855469 8.06727695465088 8.06723976135254 8.06720638275146 8.06717586517334 8.06727409362793 8.06747817993164 8.06765365600586 8.06781768798828 8.06787014007568 8.06789588928223 8.06783771514893 8.06778335571289 8.0678825378418 8.06798553466797 8.06810855865479 8.0683126449585 8.06868839263916 8.06897068023682 8.06913757324219 8.06913566589355 8.06901073455811 8.06884860992432 8.06867027282715 8.06862640380859 8.0686092376709 8.06888198852539 8.06920623779297 8.0699348449707 8.07072830200195 8.07174968719482 8.0728063583374 8.0739278793335 8.07498645782471 8.07597637176514 8.0766487121582 8.07711601257324 8.08044815063477 8.08480930328369 8.09262752532959
8.06508541107178 8.06529235839844 8.0654993057251 8.06559085845947 8.06566524505615 8.06560707092285 8.06555366516113 8.06552791595459 8.06552505493164 8.06557846069336 8.06565093994141 8.06575202941895 8.06595230102539 8.06623268127441 8.06644916534424 8.06663417816162 8.06674289703369 8.06683254241943 8.06674575805664 8.0666561126709 8.0667085647583 8.06676769256592 8.06685924530029 8.06706809997559 8.06752490997314 8.06784343719482 8.06799411773682 8.06794929504395 8.06776142120361 8.06752395629883 8.06726551055908 8.06709957122803 8.06695175170898 8.06712913513184 8.06735706329346 8.06796073913574 8.06863880157471 8.06958293914795 8.07064151763916 8.07191181182861 8.07320404052734 8.07452201843262 8.07532119750977 8.07578372955322 8.07923126220703 8.08374977111816 8.09142398834229
8.06380081176758 8.0639066696167 8.06400775909424 8.0640230178833 8.06402397155762 8.06388759613037 8.0637731552124 8.06377506256104 8.06382656097412 8.06399726867676 8.06420803070068 8.06447219848633 8.06479454040527 8.06516456604004 8.06542491912842 8.06563377380371 8.06579494476318 8.06594467163086 8.06580352783203 8.06565093994141 8.0656156539917 8.06560039520264 8.06566333770752 8.06588649749756 8.06644725799561 8.06682300567627 8.06697273254395 8.06689929962158 8.06666374206543 8.06636142730713 8.06603240966797 8.06574630737305 8.06546974182129 8.06556510925293 8.06570816040039 8.06617164611816 8.06671142578125 8.06751537322998 8.06852054595947 8.069899559021 8.0714054107666 8.07304954528809 8.07401752471924 8.07454681396484 8.07816219329834 8.0828857421875 8.09035682678223
8.06287956237793 8.06283760070801 8.06280326843262 8.06273460388184 8.06265735626221 8.06245899200439 8.06229209899902 8.06228542327881 8.06236171722412 8.06263828277588 8.06301116943359 8.06351852416992 8.06405162811279 8.06460666656494 8.06496047973633 8.06521892547607 8.06533145904541 8.06540870666504 8.06505966186523 8.06470394134521 8.06468391418457 8.06472969055176 8.06505870819092 8.06549644470215 8.0661678314209 8.06657028198242 8.0666446685791 8.06642246246338 8.06598472595215 8.06546783447266 8.06491756439209 8.06447410583496 8.06405162811279 8.06411647796631 8.06423759460449 8.06473922729492 8.06531047821045 8.06612968444824 8.06708812713623 8.06830310821533 8.06978988647461 8.07157039642334 8.07271099090576 8.07343673706055 8.07712459564209 8.08187770843506 8.08904361724854
8.06206607818604 8.06187343597412 8.06169891357422 8.06153583526611 8.06137084960938 8.06110954284668 8.06088352203369 8.06084632873535 8.0609245300293 8.06128025054932 8.06180953979492 8.06257629394531 8.06333923339844 8.06410026550293 8.06455230712891 8.06485843658447 8.06491661071777 8.06491565704346 8.06435966491699 8.06380271911621 8.06380653381348 8.06392478942871 8.06452178955078 8.0651741027832 8.06594276428223 8.06636142730713 8.06635284423828 8.06597137451172 8.06531810760498 8.0645809173584 8.06380748748779 8.0632152557373 8.06265830993652 8.0626916885376 8.06279277801514 8.06333351135254 8.06394290924072 8.06479167938232 8.06571292877197 8.06676864624023 8.06822395324707 8.07011413574219 8.07141780853271 8.07234287261963 8.076096534729 8.08086681365967 8.08772277832031
8.06223583221436 8.06187343597412 8.06151103973389 8.06116771697998 8.06082534790039 8.06045436859131 8.06009769439697 8.05981254577637 8.05966281890869 8.05984020233154 8.06043434143066 8.06160259246826 8.0627555847168 8.0638952255249 8.06448364257812 8.06480979919434 8.06480121612549 8.06471252441406 8.06402778625488 8.06335353851318 8.06344699859619 8.0636682510376 8.06443023681641 8.06518268585205 8.06591606140137 8.06625652313232 8.06611633300781 8.06551456451416 8.06457424163818 8.06362915039062 8.06268119812012 8.06205272674561 8.06148815155029 8.0614709854126 8.0615234375 8.06205368041992 8.06267738342285 8.06363391876221 8.06462574005127 8.06568622589111 8.06710243225098 8.06890487670898 8.07027149200439 8.07135677337646 8.07514572143555 8.07990646362305 8.08643245697021
8.06243133544922 8.06193542480469 8.06142234802246 8.06093406677246 8.06044769287109 8.05999279022217 8.05952548980713 8.05899524688721 8.05859756469727 8.05851650238037 8.05908393859863 8.06054019927979 8.06204509735107 8.06359100341797 8.06435489654541 8.0647497177124 8.06470203399658 8.06454944610596 8.06377983093262 8.06303024291992 8.06317329406738 8.06346321105957 8.06436824798584 8.06520748138428 8.06590366363525 8.06616592407227 8.06589698791504 8.06508350372314 8.06387519836426 8.06274795532227 8.06165504455566 8.06101226806641 8.06045818328857 8.06039810180664 8.06040668487549 8.06090450286865 8.06152057647705 8.06255149841309 8.06360054016113 8.06468296051025 8.06606101989746 8.06776142120361 8.06919097900391 8.07044696807861 8.07427978515625 8.07903861999512 8.08522987365723
8.06272315979004 8.06222343444824 8.0616979598999 8.06119060516357 8.0606861114502 8.06023979187012 8.05974102020264 8.0589771270752 8.05825233459473 8.05762481689453 8.05782127380371 8.05915069580078 8.06087398529053 8.06292057037354 8.06400966644287 8.06464672088623 8.06466293334961 8.06453037261963 8.06384372711182 8.06316757202148 8.06321620941162 8.06344223022461 8.06441497802734 8.06528663635254 8.06594371795654 8.06612777709961 8.06573390960693 8.06475162506104 8.06334018707275 8.0621280670166 8.06099796295166 8.06041622161865 8.0599422454834 8.05986785888672 8.05984973907471 8.06023979187012 8.06076240539551 8.06175136566162 8.06280136108398 8.06396675109863 8.0653133392334 8.06685733795166 8.06835269927979 8.06981658935547 8.07372570037842 8.07851219177246 8.08434963226318
