Ecospace-environmental-drivers/Outputs/ASCII-for-ecospace/MOM6-ISIMIP3a/ph-surf/1997-06_ph-surf_MOM6-ISIMIP3a.asc
NCOLS 131 
NROWS 53 
XLLCORNER -98 
YLLCORNER 23.9265270233154 
CELLSIZE 0.133587792515755 
NODATA_value -9999 
[rows 21 to 41 of 53, columns 0 to 46 of 131]
-9999 -9999 -9999 -9999 -9999 -9999 8.15102005004883 8.1513786315918 8.15152835845947 8.1513614654541 8.14031410217285 8.12652206420898 8.12750816345215 8.130446434021 8.1331033706665 8.1354341506958 8.13548278808594 8.13396549224854 8.13062191009521 8.12657260894775 8.12421321868896 8.12215328216553 8.12197875976562 8.12189197540283 8.12218570709229 8.12252330780029 8.12300109863281 8.12328624725342 8.1232385635376 8.12268924713135 8.12162399291992 8.12052345275879 8.1194019317627 8.11831092834473 8.11722946166992 8.11619472503662 8.11516857147217 8.11429786682129 8.11345958709717 8.11283683776855 8.11227989196777 8.11191177368164 8.11156940460205 8.11126804351807 8.1109504699707 8.11061573028564 8.11038875579834
-9999 -9999 -9999 -9999 -9999 -9999 8.1510124206543 8.15102005004883 8.15173816680908 8.15199279785156 8.1513614654541 8.14305877685547 8.13735580444336 8.13679885864258 8.13645267486572 8.13635063171387 8.13454914093018 8.13158130645752 8.12733745574951 8.12260055541992 8.119948387146 8.11766242980957 8.11729145050049 8.11703014373779 8.11733818054199 8.11766815185547 8.11806964874268 8.1182804107666 8.11815643310547 8.11768436431885 8.11685276031494 8.11601829528809 8.11518096923828 8.11430549621582 8.11341571807861 8.11240291595459 8.11137294769287 8.1103630065918 8.10938453674316 8.10860633850098 8.1079044342041 8.10741138458252 8.10702610015869 8.10680770874023 8.10662174224854 8.10646533966064 8.10628795623779
-9999 -9999 -9999 -9999 8.14492988586426 8.14908027648926 8.15090751647949 8.15110874176025 8.15102005004883 8.15245628356934 8.15313339233398 8.15090084075928 8.14789009094238 8.14333915710449 8.13970375061035 8.13712406158447 8.13354873657227 8.12928771972656 8.12436962127686 8.11919784545898 8.11630630493164 8.1138162612915 8.11308097839355 8.11247730255127 8.11266040802002 8.11286640167236 8.11314868927002 8.11325550079346 8.11305713653564 8.11266613006592 8.11207580566406 8.11151123046875 8.11096382141113 8.11031341552734 8.10962963104248 8.10865688323975 8.10764312744141 8.10651683807373 8.10542011260986 8.1045093536377 8.10368061065674 8.1030797958374 8.10265922546387 8.10251426696777 8.102463722229 8.10249805450439 8.10242080688477
-9999 -9999 -9999 -9999 8.13538932800293 8.14434242248535 8.14725303649902 8.15090751647949 8.15139865875244 8.15764617919922 8.16246509552002 8.16181945800781 8.15902614593506 8.15198040008545 8.14571952819824 8.1403636932373 8.13541030883789 8.13073253631592 8.12631130218506 8.12198925018311 8.11886215209961 8.11594486236572 8.11423778533936 8.11263465881348 8.11167430877686 8.11085224151611 8.1104793548584 8.11004161834717 8.10949230194092 8.10886001586914 8.1081428527832 8.10749053955078 8.10687828063965 8.10617446899414 8.10543918609619 8.10438823699951 8.10329341888428 8.10213088989258 8.10100173950195 8.10009002685547 8.09928131103516 8.09875774383545 8.09841251373291 8.0983419418335 8.09837245941162 8.09849452972412 8.09856510162354
-9999 -9999 -9999 -9999 -9999 8.13538932800293 8.14381980895996 8.14359855651855 8.15235996246338 8.16254425048828 8.17074775695801 8.17137050628662 8.16874885559082 8.15970611572266 8.15126705169678 8.14352321624756 8.13739681243896 8.13238143920898 8.12829685211182 8.12457180023193 8.12116718292236 8.11781978607178 8.11529445648193 8.11284732818604 8.11090183258057 8.10918045043945 8.10818099975586 8.10721492767334 8.10630893707275 8.10541439056396 8.10453414916992 8.1037540435791 8.10303592681885 8.10223960876465 8.10141849517822 8.10029888153076 8.09913730621338 8.09798049926758 8.09686183929443 8.09598064422607 8.09521389007568 8.09476947784424 8.09449481964111 8.09448146820068 8.09457683563232 8.09477233886719 8.09497547149658
-9999 -9999 -9999 -9999 -9999 8.13545322418213 8.13538932800293 8.14538192749023 8.15588092803955 8.16616725921631 8.17442607879639 8.17492389678955 8.17227935791016 8.16341876983643 8.15475749969482 8.14632797241211 8.13993167877197 8.13493251800537 8.13047981262207 8.1262378692627 8.12237644195557 8.1185827255249 8.1159086227417 8.11330413818359 8.11107063293457 8.10900974273682 8.10751152038574 8.10608863830566 8.1048002243042 8.10355186462402 8.10234546661377 8.10126304626465 8.10025501251221 8.09920597076416 8.09814167022705 8.09699153900146 8.0958309173584 8.09486770629883 8.09393787384033 8.09322452545166 8.09260559082031 8.09224605560303 8.09201622009277 8.0919885635376 8.09208202362061 8.09228706359863 8.09255409240723
-9999 -9999 8.1355094909668 8.13552284240723 8.13555908203125 8.13551712036133 8.13545322418213 8.14738082885742 8.15970420837402 8.16926860809326 8.17681980133057 8.17666530609131 8.17357349395752 8.16467189788818 8.15568161010742 8.14658832550049 8.13980674743652 8.13461303710938 8.12990570068359 8.12538528442383 8.12140369415283 8.11751842498779 8.11496448516846 8.11247158050537 8.11024379730225 8.10812759399414 8.10637474060059 8.10470867156982 8.10319328308105 8.10172462463379 8.10030555725098 8.09901523590088 8.09780406951904 8.09659671783447 8.09539031982422 8.09429931640625 8.09322643280029 8.09244346618652 8.09168243408203 8.09105587005615 8.09049606323242 8.09012126922607 8.08987617492676 8.0898323059082 8.08994483947754 8.09019947052002 8.09053802490234
-9999.000000000000000 -9999 -9999 -9999 8.13549041748047 8.13560199737549 8.13564109802246 8.14985084533691 8.1641845703125 8.17122840881348 8.1764087677002 8.17445373535156 8.16998958587646 8.16056156158447 8.15100288391113 8.1412935256958 8.13387680053711 8.12803363800049 8.12331771850586 8.11903762817383 8.1156702041626 8.11246395111084 8.11061668395996 8.10882377624512 8.10724544525146 8.10569190979004 8.10422039031982 8.10277366638184 8.10136985778809 8.0999755859375 8.09859085083008 8.0973014831543 8.09607028961182 8.09491443634033 8.09378337860107 8.0929479598999 8.09215450286865 8.09152412414551 8.09088325500488 8.09016704559326 8.08947849273682 8.08886909484863 8.08847427368164 8.08841037750244 8.08858585357666 8.08897972106934 8.08940887451172
-9999 -9999 -9999 -9999 8.13535404205322 8.13535213470459 8.135498046875 8.15079975128174 8.16598033905029 8.17037010192871 8.17302799224854 8.16905689239502 8.16296291351318 8.15266990661621 8.14272880554199 8.13319492340088 8.12605667114258 8.12056159973145 8.11634826660156 8.11262893676758 8.10985088348389 8.10723972320557 8.10602283477783 8.10485458374023 8.103835105896 8.10279941558838 8.10170936584473 8.10059261322021 8.09943199157715 8.09824275970459 8.09702396392822 8.09584522247314 8.09469127655029 8.09368515014648 8.09272766113281 8.09209442138672 8.0915060043335 8.09091663360596 8.09029674530029 8.08948040008545 8.08866786956787 8.08786392211914 8.08733081817627 8.08721923828125 8.08743953704834 8.08796501159668 8.08854961395264
-9999 -9999 -9999 -9999 8.13523101806641 8.13510894775391 8.13495826721191 8.14983654022217 8.16439723968506 8.16596603393555 8.16591262817383 8.1596508026123 8.15160274505615 8.14002132415771 8.12993335723877 8.12156867980957 8.11585807800293 8.11196899414062 8.10889720916748 8.10614109039307 8.10392379760742 8.10180282592773 8.1011209487915 8.10047912597656 8.09990692138672 8.09933280944824 8.09875011444092 8.09810447692871 8.09735012054443 8.09653091430664 8.09564590454102 8.09471607208252 8.09375858306885 8.09302520751953 8.09236621856689 8.09186744689941 8.09138870239258 8.09070014953613 8.08998012542725 8.08905029296875 8.08811664581299 8.08716869354248 8.08651542663574 8.08631706237793 8.08656024932861 8.08720970153809 8.08802795410156
-9999 -9999 -9999 -9999 8.13510894775391 8.13492679595947 8.1347131729126 8.1479434967041 8.16073799133301 8.16025924682617 8.15818309783936 8.14998626708984 8.14071655273438 8.12932014465332 8.12009334564209 8.11336994171143 8.10902500152588 8.10631465911865 8.10414123535156 8.10217571258545 8.10043334960938 8.09873008728027 8.09810352325439 8.0975170135498 8.09707450866699 8.09665870666504 8.09632682800293 8.09593963623047 8.09545707702637 8.09493255615234 8.0943660736084 8.09372711181641 8.09304428100586 8.09255695343018 8.09213447570801 8.09170436859131 8.09127044677734 8.09049606323242 8.08969020843506 8.08868217468262 8.08766269683838 8.08660888671875 8.08586502075195 8.08559703826904 8.08586597442627 8.08662796020508 8.08763599395752
-9999 -9999 -9999 -9999 8.13491630554199 8.1347131729126 8.14461326599121 8.14535331726074 8.15552139282227 8.15357685089111 8.14999198913574 8.14012813568115 8.13018417358398 8.12007999420166 8.11247158050537 8.10774040222168 8.10471630096436 8.10286331176758 8.10140609741211 8.10010147094727 8.09876918792725 8.09743309020996 8.0964994430542 8.09561443328857 8.09506320953369 8.09457778930664 8.09430503845215 8.09401798248291 8.09370517730713 8.09341907501221 8.09316062927246 8.09284496307373 8.09249496459961 8.09223175048828 8.09199905395508 8.09158897399902 8.09115219116211 8.09030055999756 8.08942127227783 8.08836078643799 8.08728218078613 8.08615112304688 8.08533763885498 8.08501434326172 8.0853099822998 8.0861759185791 8.08734035491943
-9999 -9999 -9999 -9999 8.1347131729126 8.14348220825195 8.14797973632812 8.15044403076172 8.15070247650146 8.14729595184326 8.14254570007324 8.13265609741211 8.12331581115723 8.11506366729736 8.10888671875 8.10510444641113 8.1028003692627 8.1015100479126 8.10066413879395 8.09998893737793 8.09892845153809 8.09780025482178 8.09648895263672 8.09521961212158 8.09432983398438 8.0935583114624 8.09316444396973 8.09281730651855 8.09255218505859 8.09238243103027 8.09231185913086 8.09220218658447 8.09206867218018 8.09189510345459 8.09170913696289 8.09120655059814 8.09065818786621 8.0897388458252 8.08879566192627 8.0876989364624 8.086594581604 8.08546924591064 8.08468055725098 8.08440971374512 8.08475017547607 8.08565330505371 8.08687782287598
-9999 -9999 -9999 -9999 -9999 8.14577579498291 8.14662170410156 8.14814281463623 8.14605522155762 8.14118766784668 8.13541984558105 8.12620639801025 8.11801815032959 8.11185741424561 8.10703277587891 8.10375213623047 8.10190963745117 8.10105514526367 8.10077571868896 8.10071849822998 8.09986972808838 8.09888076782227 8.0971622467041 8.0954704284668 8.09414482116699 8.09299182891846 8.0924015045166 8.09192657470703 8.09165477752686 8.09154987335205 8.09161472320557 8.09166049957275 8.09169578552246 8.09155368804932 8.09135246276855 8.0907096862793 8.09000396728516 8.08902072906494 8.08801746368408 8.08689022064209 8.08577442169189 8.08469200134277 8.0839672088623 8.08379554748535 8.08418941497803 8.08510112762451 8.08634281158447
-9999 -9999 -9999 -9999 -9999 8.14195251464844 8.14272594451904 8.14127922058105 8.14107513427734 8.13514137268066 8.12888431549072 8.12139225006104 8.11487197875977 8.11027717590332 8.10645389556885 8.10352325439453 8.10194110870361 8.10128402709961 8.10126686096191 8.10149574279785 8.10093688964844 8.10023975372314 8.09844207763672 8.09663963317871 8.09499549865723 8.09353351593018 8.09265899658203 8.09200000762939 8.09171676635742 8.0915584564209 8.09153079986572 8.09142875671387 8.09128284454346 8.09093284606934 8.09051418304443 8.0897159576416 8.08886432647705 8.08789348602295 8.08690547943115 8.08581066131592 8.08475303649902 8.08379745483398 8.08320713043213 8.08318042755127 8.08363723754883 8.0845365524292 8.08572578430176
-9999 -9999 -9999 -9999 -9999 8.13628768920898 8.13650989532471 8.13875579833984 8.13602638244629 8.12910747528076 8.12247180938721 8.11691570281982 8.1121711730957 8.10903263092041 8.10613918304443 8.10352802276611 8.10216331481934 8.10165500640869 8.10183525085449 8.10228157043457 8.10202980041504 8.10165500640869 8.0998477935791 8.09799861907959 8.09606075286865 8.09430313110352 8.0931282043457 8.0922737121582 8.0919771194458 8.09174251556396 8.09157276153564 8.09126091003418 8.09086322784424 8.09025478363037 8.08957672119141 8.08861923217773 8.08762359619141 8.08668231964111 8.08572578430176 8.08467578887939 8.08368968963623 8.0828800201416 8.08243846893311 8.08256530761719 8.08308696746826 8.08396911621094 8.08509063720703
-9999 -9999 -9999 -9999 -9999 -9999 8.12962627410889 8.12949562072754 8.12895965576172 8.12311172485352 8.11758232116699 8.11326789855957 8.10973262786865 8.10773754119873 8.10574626922607 8.10376071929932 8.10259437561035 8.10199069976807 8.10212802886963 8.1025505065918 8.10238933563232 8.10212421417236 8.10089874267578 8.09959411621094 8.09780406951904 8.09609794616699 8.09466171264648 8.09350776672363 8.09284782409668 8.0921630859375 8.09145545959473 8.09064769744873 8.08977890014648 8.08884906768799 8.08789730072021 8.08694553375244 8.0859956741333 8.08520793914795 8.08440780639648 8.08352661132812 8.08273792266846 8.08221054077148 8.0819616317749 8.08214282989502 8.08267402648926 8.08352756500244 8.08454513549805
-9999 -9999 -9999 -9999 -9999 -9999 8.12285614013672 8.12062644958496 8.12205028533936 8.11729717254639 8.11287212371826 8.10970783233643 8.10729598999023 8.10637283325195 8.10526371002197 8.1039400100708 8.10299587249756 8.1023120880127 8.10238170623779 8.10274219512939 8.10263919830322 8.10245513916016 8.10182762145996 8.10108947753906 8.09951305389404 8.0979175567627 8.09625625610352 8.09481811523438 8.09377002716064 8.09259986877441 8.09130382537842 8.0899658203125 8.08860111236572 8.08735847473145 8.08615589141846 8.08524131774902 8.0843677520752 8.0837459564209 8.08311367034912 8.08241367340088 8.08183097839355 8.08157348632812 8.08150959014893 8.08174228668213 8.08228206634521 8.08310222625732 8.08401393890381
-9999 -9999 -9999 -9999 -9999 -9999 8.1182279586792 8.11844539642334 8.11778259277344 8.11339092254639 8.10935497283936 8.1066837310791 8.1047534942627 8.10429382324219 8.10385417938232 8.10343933105469 8.10298156738281 8.10249614715576 8.10235786437988 8.10235404968262 8.10208511352539 8.10177040100098 8.10162448883057 8.10140419006348 8.1005334854126 8.09951210021973 8.09800434112549 8.09648895263672 8.09496116638184 8.09309196472168 8.09087181091309 8.08876991271973 8.0867395401001 8.0853157043457 8.08409404754639 8.08347129821777 8.08293056488037 8.08253765106201 8.08213996887207 8.08170795440674 8.08134174346924 8.08115768432617 8.08116912841797 8.0814790725708 8.08203029632568 8.08280277252197 8.08360481262207
-9999 -9999 -9999 -9999 -9999 8.11719226837158 8.11631488800049 8.11561107635498 8.1137638092041 8.10978031158447 8.10616874694824 8.10398101806641 8.10247707366943 8.10232448577881 8.10238456726074 8.10268878936768 8.1026668548584 8.10242176055908 8.10214996337891 8.10186862945557 8.10147285461426 8.1010570526123 8.10126781463623 8.1014461517334 8.10123920440674 8.10078620910645 8.09953212738037 8.09803295135498 8.09610462188721 8.09359741210938 8.09049510955811 8.0876636505127 8.08499813079834 8.08343315124512 8.08223533630371 8.08189487457275 8.08167362213135 8.08148193359375 8.08128643035889 8.08107376098633 8.08088970184326 8.08078575134277 8.08087158203125 8.08125019073486 8.08180713653564 8.0825252532959 8.08320236206055
-9999 -9999 -9999 -9999 8.1192569732666 8.1176118850708 8.11719226837158 8.11400985717773 8.11065673828125 8.107253074646 8.10419654846191 8.10246181488037 8.10117149353027 8.10075950622559 8.1006908416748 8.10101985931396 8.10124492645264 8.10139846801758 8.10126781463623 8.10102653503418 8.10064697265625 8.10024261474609 8.10034847259521 8.10048580169678 8.10079097747803 8.10087776184082 8.10025405883789 8.0991153717041 8.09707832336426 8.09415626525879 8.09032249450684 8.08688926696777 8.08369922637939 8.0821361541748 8.08111667633057 8.08103179931641 8.08107662200928 8.08098411560059 8.08088111877441 8.08070659637451 8.08057689666748 8.08057117462158 8.08073043823242 8.08114719390869 8.08168315887451 8.0823278427124 8.08281993865967
