Ecospace-environmental-drivers/Outputs/ASCII-for-ecospace/MOM6-ISIMIP3a/ph-surf/1998-04_ph-surf_MOM6-ISIMIP3a.asc
NCOLS 131 
NROWS 53 
XLLCORNER -98 
YLLCORNER 23.9265270233154 
CELLSIZE 0.133587792515755 
NODATA_value -9999 
[rows 0 to 20 of 53, columns 47 to 93 of 131]
-9999 -9999 -9999 -9999 -9999 -9999 -9999 -9999 -9999 -9999 -9999 -9999 -9999 -9999 -9999 -9999 -9999 -9999 -9999 -9999 -9999 -9999 -9999 -9999 -9999 -9999 -9999 -9999 -9999 -9999 -9999 -9999 -9999 -9999 -9999 -9999 -9999 -9999 -9999 -9999 -9999 -9999 -9999 -9999 -9999 -9999 -9999
-9999 -9999 -9999 -9999 -9999 -9999 -9999 -9999 -9999 -9999 -9999 -9999 -9999 -9999 -9999 -9999 -9999 -9999 -9999 -9999 -9999 -9999 -9999 -9999 -9999 -9999 -9999 -9999 -9999 -9999 -9999 -9999 -9999 -9999 -9999 -9999 -9999 -9999 -9999 -9999 -9999 -9999 -9999 -9999 -9999 -9999 -9999
-9999 -9999 -9999 -9999 -9999 -9999 -9999 -9999 -9999 -9999 -9999 -9999 -9999 -9999 -9999 -9999 -9999 -9999 -9999 -9999 -9999 -9999 -9999 -9999 -9999 -9999 -9999 8.16731452941895 8.17537689208984 -9999 -9999 -9999 -9999 -9999 -9999 -9999 -9999 -9999 -9999 -9999 -9999 -9999 -9999 -9999 -9999 -9999 -9999
-9999 -9999 -9999 -9999 -9999 -9999 -9999 -9999 -9999 -9999 -9999 -9999 -9999 -9999 -9999 -9999 -9999 -9999 -9999 -9999 -9999 -9999 -9999 -9999 -9999 -9999 -9999 8.16838836669922 8.17600917816162 -9999 -9999 -9999 -9999 -9999 -9999 -9999 -9999 -9999 -9999 -9999 -9999 -9999 -9999 -9999 -9999 -9999 -9999
-9999 -9999 -9999 -9999 -9999 -9999 -9999 -9999 -9999 -9999 -9999 -9999 -9999 -9999 -9999 -9999 -9999 -9999 7.98523473739624 7.99127531051636 7.99610805511475 8.0242977142334 8.04927539825439 8.09245014190674 8.12376689910889 8.14415645599365 8.15907096862793 8.16940593719482 8.1766881942749 8.18193531036377 -9999 -9999 8.19805145263672 8.20571517944336 8.21240901947021 8.21676635742188 8.21815490722656 8.21857261657715 8.21831226348877 8.21794319152832 8.21718788146973 8.21499633789062 -9999 -9999 -9999 -9999 -9999
-9999 -9999 -9999 -9999 -9999 -9999 -9999 -9999 -9999 -9999 -9999 -9999 -9999 -9999 7.74388790130615 -9999 7.73359680175781 7.72548532485962 7.85765266418457 7.98523473739624 7.99248361587524 7.99610805511475 8.05248737335205 8.09923076629639 8.12563228607178 8.14643669128418 8.16040134429932 8.17037487030029 8.17744159698486 8.18224716186523 8.18611621856689 8.19137477874756 8.19690704345703 8.20587253570557 8.21436595916748 8.21698951721191 8.21894264221191 8.21853351593018 8.21824073791504 8.21816253662109 8.21742725372314 8.21597385406494 8.21158885955811 8.20530891418457 -9999 -9999 -9999
-9999 -9999 -9999 -9999 -9999 -9999 -9999 -9999 -9999 -9999 7.92807197570801 7.92590856552124 7.92438983917236 7.92039728164673 7.83124685287476 7.74559736251831 7.74217891693115 7.73312616348267 7.72548532485962 7.86223840713501 7.98523473739624 7.99610805511475 8.05248737335205 8.09923076629639 8.12563228607178 8.14643669128418 8.16040134429932 8.17037487030029 8.17744159698486 8.18224716186523 8.18611621856689 8.19137477874756 8.19690704345703 8.20587253570557 8.21436595916748 8.21698951721191 8.21894264221191 8.21853351593018 8.21824073791504 8.21816253662109 8.21742725372314 8.21597385406494 8.21158885955811 8.20530891418457 8.20364856719971 8.20443439483643 -9999
-9999 -9999 -9999 -9999 -9999 -9999 -9999 -9999 -9999 -9999 7.93967247009277 7.92807197570801 7.92374467849731 -9999 7.91609382629395 7.83101081848145 7.74901580810547 7.74217891693115 7.73171377182007 7.72548532485962 7.87599515914917 8.00914764404297 8.06966209411621 8.11781215667725 8.13985824584961 8.15748119354248 8.16969585418701 8.17899131774902 8.18615913391113 8.19126605987549 8.19551944732666 8.2003288269043 8.20524787902832 8.21171188354492 8.21783447265625 8.22005462646484 8.22165870666504 8.22109413146973 8.2205867767334 8.22018623352051 8.21958541870117 8.21876430511475 8.21559238433838 8.21089935302734 8.20678234100342 8.20287227630615 8.19905757904053
-9999 -9999 -9999 -9999 -9999 -9999 -9999 -9999 -9999 -9999 -9999 -9999 -9999 -9999 7.91656923294067 7.9122953414917 7.83499622344971 7.75585222244263 7.74217891693115 7.72747755050659 7.88467264175415 8.02404689788818 8.08883857727051 8.13836574554443 8.15566825866699 8.16980075836182 8.18005657196045 8.18855762481689 8.19577980041504 8.20117378234863 8.20580959320068 8.21011829376221 8.21436214447021 8.21810913085938 8.22165679931641 8.22342967987061 8.22464656829834 8.22391223907471 8.22317123413086 8.22241592407227 8.22195625305176 8.22181797027588 8.21998119354248 8.21704578399658 8.21083831787109 8.20345592498779 8.19770050048828
8.05476665496826 -9999 -9999 -9999 -9999 -9999 -9999 -9999 -9999 -9999 8.06660556793213 7.95156288146973 -9999 -9999 -9999 7.91087198257446 7.9152512550354 7.85082626342773 7.7695255279541 7.781325340271 7.92537260055542 8.05287837982178 8.11115646362305 8.15578174591064 8.17158794403076 8.18378353118896 8.19156742095947 8.19790840148926 8.20319843292236 8.2072229385376 8.21072292327881 8.2144718170166 8.21826934814453 8.22142887115479 8.22439956665039 8.225754737854 8.2266321182251 8.22582530975342 8.22495937347412 8.22398376464844 8.22341060638428 8.22327423095703 8.22235298156738 8.22092247009277 8.21497917175293 8.20741271972656 8.19981670379639
8.05498695373535 8.05501937866211 -9999 -9999 -9999 -9999 -9999 -9999 -9999 -9999 8.12769889831543 8.06511497497559 7.95156288146973 -9999 -9999 7.89345455169678 7.9110894203186 7.94120931625366 7.89012765884399 7.84523057937622 7.97154235839844 8.0831937789917 8.13348960876465 8.17218112945557 8.18637180328369 8.19666385650635 8.20218849182129 8.2065258026123 8.20999717712402 8.21274471282959 8.21519088745117 8.21832466125488 8.22159290313721 8.22417545318604 8.22658729553223 8.22759056091309 8.22819423675537 8.22739696502686 8.226487159729 8.22536945343018 8.22468566894531 8.2244758605957 8.22434520721436 8.22426605224609 8.21879386901855 8.21138381958008 8.20250797271729
8.05498695373535 8.05508422851562 8.07429218292236 8.08547592163086 -9999 -9999 -9999 -9999 -9999 -9999 -9999 8.12502002716064 8.04861831665039 7.95156288146973 7.92807197570801 7.89345455169678 7.9110894203186 7.94120931625366 7.95041561126709 7.96308422088623 8.04705333709717 8.12146949768066 8.15591049194336 8.18311977386475 8.1950626373291 8.20362186431885 8.20804405212402 8.21121406555176 8.21347332000732 8.21543598175049 8.21727561950684 8.2194938659668 8.22178745269775 8.22384738922119 8.22580146789551 8.22679328918457 8.22748756408691 8.22713565826416 8.22661304473877 8.2257719039917 8.22500324249268 8.2243127822876 8.22430801391602 8.22474575042725 8.22086429595947 8.21543025970459 8.20828342437744
8.06158351898193 8.07160568237305 8.08461475372314 8.08586311340332 -9999 -9999 -9999 -9999 8.10437870025635 8.12534141540527 8.13872718811035 8.14170932769775 8.09462451934814 8.00657653808594 7.95664358139038 7.92476463317871 7.93830442428589 7.96269655227661 8.00919342041016 8.05736064910889 8.10772228240967 8.15256977081299 8.17434120178223 8.1922607421875 8.20204830169678 8.2089958190918 8.21247291564941 8.21474456787109 8.21613788604736 8.21746826171875 8.21877193450928 8.22020149230957 8.22165584564209 8.22324562072754 8.22478199005127 8.22575664520264 8.22652912139893 8.22659206390381 8.22644805908203 8.22591781616211 8.22507286071777 8.2238826751709 8.22378826141357 8.22440242767334 8.22211647033691 8.21878910064697 8.21332263946533
8.08467388153076 8.08467102050781 8.08572483062744 8.08586311340332 8.08595085144043 8.08719253540039 8.08910942077637 8.09445762634277 8.10437870025635 8.12534141540527 8.13872718811035 8.14170932769775 8.12210273742676 8.08401584625244 8.05664539337158 8.03435134887695 8.03355884552002 8.03790378570557 8.0641975402832 8.09269332885742 8.13128566741943 8.16572761535645 8.18280029296875 8.1969108581543 8.20476818084717 8.21040725708008 8.21333694458008 8.2153787612915 8.21677398681641 8.21785259246826 8.21880149841309 8.21975612640381 8.22071170806885 8.22195434570312 8.22317886352539 8.22411823272705 8.22493934631348 8.22533988952637 8.22555541992188 8.22542572021484 8.22452449798584 8.22278213500977 8.22206115722656 8.22200107574463 8.22132587432861 8.22042942047119 8.21651744842529
8.11283111572266 8.10664558410645 8.10029792785645 8.09951210021973 8.09936618804932 8.10117435455322 8.10368728637695 8.109787940979 8.11931037902832 8.13709354400635 8.14831638336182 8.15053272247314 8.14744758605957 8.14002704620361 8.12865829467773 8.11542129516602 8.10828304290771 8.1026029586792 8.11530113220215 8.13002872467041 8.15590763092041 8.17919158935547 8.19161987304688 8.20193958282471 8.2078104019165 8.21206188201904 8.21433639526367 8.21605014801025 8.21735572814941 8.21823120117188 8.21892833709717 8.21953392028809 8.22012042999268 8.22100257873535 8.22188663482666 8.22269344329834 8.22344875335693 8.22402381896973 8.22446727752686 8.22466564178467 8.22377490997314 8.2216968536377 8.22025203704834 8.21921634674072 8.2193078994751 8.21980381011963 8.21750259399414
8.14815139770508 8.14121437072754 8.1339054107666 8.13245582580566 8.13175106048584 8.13492202758789 8.13887310028076 8.14679145812988 8.15535068511963 8.16545963287354 8.17146301269531 8.17183017730713 8.16977596282959 8.16574096679688 8.16110038757324 8.15617370605469 8.1539831161499 8.15244674682617 8.16089153289795 8.17019462585449 8.1820240020752 8.19308757781982 8.20094680786133 8.20750331878662 8.21130847930908 8.21406078338623 8.21552658081055 8.21677398681641 8.21786117553711 8.21860027313232 8.21919536590576 8.21962738037109 8.22002792358398 8.22052764892578 8.22103500366211 8.2215690612793 8.22209930419922 8.22261619567871 8.22310161590576 8.2235279083252 8.22274112701416 8.2206335067749 8.2183256149292 8.21588897705078 8.21555423736572 8.21597480773926 8.21536254882812
8.17239665985107 8.16689109802246 8.16099834442139 8.15970230102539 8.15902996063232 8.16249561309814 8.16651153564453 8.17332744598389 8.1795768737793 8.18445587158203 8.18703651428223 8.18646144866943 8.18532180786133 8.18371868133545 8.18302249908447 8.18275737762451 8.18310070037842 8.18358898162842 8.18906879425049 8.19478321075439 8.19892501831055 8.20312309265137 8.20755672454834 8.21116542816162 8.21303462982178 8.21459007263184 8.21576023101807 8.21683025360107 8.2178258895874 8.21837425231934 8.21873664855957 8.21889781951904 8.21901988983154 8.21913814544678 8.21928977966309 8.21976470947266 8.2202787399292 8.22093105316162 8.22158145904541 8.22222805023193 8.22163772583008 8.21970081329346 8.21698665618896 8.21376991271973 8.21277523040771 8.21257877349854 8.21274757385254
8.1873140335083 8.18507957458496 8.18260669708252 8.18215084075928 8.18201160430908 8.18486881256104 8.18779277801514 8.19105052947998 8.19385528564453 8.19556331634521 8.19623470306396 8.19547939300537 8.19515419006348 8.19518089294434 8.19608688354492 8.19740962982178 8.19825267791748 8.19898223876953 8.20258235931396 8.2062520980835 8.20806407928467 8.20990657806396 8.21187591552734 8.21322631835938 8.21327018737793 8.21388244628906 8.21518802642822 8.21632385253906 8.21733570098877 8.21764659881592 8.21766662597656 8.21747493743896 8.21724224090576 8.21697807312012 8.21679401397705 8.21738719940186 8.21806049346924 8.21901226043701 8.21993160247803 8.22079086303711 8.22047424316406 8.2188777923584 8.21614074707031 8.21266841888428 8.21081638336182 8.20954704284668 8.20973300933838
8.19022750854492 8.19014358520508 8.18990993499756 8.19045352935791 8.19114780426025 8.19373798370361 8.19625282287598 8.19838333129883 8.20021438598633 8.20132064819336 8.20185661315918 8.20161151885986 8.2017822265625 8.20229339599609 8.20326232910156 8.20444774627686 8.20508480072021 8.20559120178223 8.20742607116699 8.20927810668945 8.21005153656006 8.2106990814209 8.21082210540771 8.21057891845703 8.20956134796143 8.20983123779297 8.21167278289795 8.21313285827637 8.21431255340576 8.21465682983398 8.21465492248535 8.21447944641113 8.21426963806152 8.21402931213379 8.21385192871094 8.21430683135986 8.21491527557373 8.2160701751709 8.21722316741943 8.21837139129639 8.21852588653564 8.2175989151001 8.21533679962158 8.21221256256104 8.21008586883545 8.20831680297852 8.20778751373291
8.18726634979248 8.18878364562988 8.19021129608154 8.19183540344238 8.19351005554199 8.1959981918335 8.19843864440918 8.20063209533691 8.20269870758057 8.20445919036865 8.20573043823242 8.20633029937744 8.20684146881104 8.20727825164795 8.20755672454834 8.20775985717773 8.20784473419189 8.20790100097656 8.20802688598633 8.20817184448242 8.20853805541992 8.2085599899292 8.20713901519775 8.20562648773193 8.2039213180542 8.20414257049561 8.20671844482422 8.20862674713135 8.21004962921143 8.2105598449707 8.21069240570068 8.21071338653564 8.21071243286133 8.210693359375 8.210693359375 8.21088123321533 8.21131706237793 8.2126293182373 8.21399688720703 8.2154712677002 8.21619319915771 8.21609687805176 8.21455383300781 8.21207427978516 8.2099552154541 8.20796680450439 8.20636463165283
8.17925834655762 8.18144702911377 8.18362617492676 8.18592357635498 8.18825817108154 8.19123268127441 8.19418525695801 8.19702434539795 8.19978046417236 8.20233821868896 8.20427513122559 8.20536041259766 8.2060718536377 8.20647716522217 8.20621109008789 8.20562648773193 8.20509433746338 8.20457553863525 8.20370483398438 8.2028636932373 8.20280933380127 8.2025146484375 8.20121288299561 8.19983196258545 8.19828605651855 8.19877052307129 8.201735496521 8.20407199859619 8.20595073699951 8.2064323425293 8.20633602142334 8.20662498474121 8.20698928833008 8.20699405670166 8.20701789855957 8.20735931396484 8.20796394348145 8.20948791503906 8.21112155914307 8.2129602432251 8.21412754058838 8.21456432342529 8.21364784240723 8.21185684204102 8.20981597900391 8.20768642425537 8.2057466506958
