Ecospace-environmental-drivers/Outputs/ASCII-for-ecospace/MOM6-ISIMIP3a/ph-surf/1998-08_ph-surf_MOM6-ISIMIP3a.asc
NCOLS 131 
NROWS 53 
XLLCORNER -98 
YLLCORNER 23.9265270233154 
CELLSIZE 0.133587792515755 
NODATA_value -9999 
[rows 21 to 41 of 53, columns 47 to 93 of 131]
8.08873176574707 8.08945655822754 8.09022045135498 8.09145164489746 8.09274673461914 8.09445476531982 8.09596157073975 8.09644031524658 8.09694480895996 8.09750747680664 8.09796237945557 8.09826755523682 8.09827136993408 8.09802913665771 8.09704399108887 8.09570693969727 8.0933895111084 8.09083843231201 8.08808612823486 8.0853853225708 8.08364009857178 8.08197212219238 8.08061981201172 8.079833984375 8.08024311065674 8.082763671875 8.08786392211914 8.09420871734619 8.10146045684814 8.10732650756836 8.1126184463501 8.11569499969482 8.11833763122559 8.11940574645996 8.12036895751953 8.12087917327881 8.1220817565918 8.12572193145752 8.13071918487549 8.13823699951172 8.1449728012085 8.15085792541504 8.15479755401611 8.15747833251953 8.15669345855713 8.1546630859375 8.1492862701416
8.08094120025635 8.08140563964844 8.0818567276001 8.08247566223145 8.0831298828125 8.08428382873535 8.08531665802002 8.08573436737061 8.08616638183594 8.08663368225098 8.08704948425293 8.08739471435547 8.08756923675537 8.08760356903076 8.08716869354248 8.08651161193848 8.08518218994141 8.08369159698486 8.08193588256836 8.08020210266113 8.0790548324585 8.07796192169189 8.07709789276123 8.07675457000732 8.07751083374023 8.08003520965576 8.08471870422363 8.090989112854 8.09841632843018 8.10470485687256 8.11052322387695 8.1140308380127 8.11708354949951 8.11871528625488 8.12028503417969 8.12176322937012 8.12368392944336 8.12716293334961 8.13156032562256 8.13766193389893 8.14326286315918 8.14831733703613 8.15207195281982 8.15498447418213 8.15502548217773 8.1540355682373 8.14965057373047
8.07349681854248 8.07383155822754 8.07411575317383 8.07423496246338 8.07435607910156 8.07497215270996 8.07554626464844 8.07590866088867 8.07626819610596 8.07662105560303 8.07696151733398 8.07728481292725 8.07756519317627 8.07781028747559 8.07784461975098 8.07777786254883 8.07734966278076 8.0768346786499 8.07604217529297 8.0752477645874 8.07468891143799 8.0741605758667 8.07376194000244 8.0738353729248 8.07490062713623 8.07738304138184 8.0815954208374 8.0877046585083 8.09519481658936 8.10182666778564 8.10810375213623 8.11201477050781 8.11546039581299 8.11763381958008 8.11979389190674 8.12227725982666 8.12495040893555 8.1282901763916 8.13210582733154 8.13680267333984 8.14127254486084 8.14549350738525 8.14905071258545 8.15217876434326 8.15305042266846 8.15311241149902 8.14970779418945
8.06939220428467 8.06963443756104 8.06985855102539 8.06998825073242 8.07011890411377 8.07055377960205 8.07097148895264 8.0713062286377 8.07163619995117 8.07195568084717 8.07224655151367 8.07250022888184 8.07271385192871 8.0728931427002 8.0729284286499 8.07289505004883 8.07262516021729 8.07229900360107 8.07181072235107 8.07133007049561 8.07111930847168 8.07096481323242 8.07104301452637 8.07153511047363 8.07289695739746 8.07541465759277 8.07934188842773 8.0848913192749 8.09162044525146 8.09782028198242 8.10380172729492 8.1076717376709 8.11112689971924 8.11340808868408 8.11573791503906 8.11897277832031 8.12218856811523 8.12533569335938 8.12870121002197 8.13247585296631 8.13616752624512 8.13976955413818 8.14312648773193 8.14632606506348 8.14811515808105 8.1493968963623 8.14729309082031
8.06591987609863 8.06608009338379 8.06624889373779 8.06637573242188 8.06650257110596 8.0667552947998 8.06701183319092 8.06728363037109 8.06754970550537 8.0678014755249 8.06802177429199 8.06819915771484 8.06834125518799 8.06845474243164 8.06848812103271 8.06848430633545 8.06835651397705 8.06819915771484 8.06799125671387 8.06780052185059 8.06790256500244 8.06807994842529 8.06857013702393 8.06942462921143 8.07104969024658 8.07358264923096 8.07722759246826 8.08220672607422 8.08815956115723 8.09385681152344 8.09944820404053 8.10319328308105 8.10657501220703 8.10891914367676 8.11136245727539 8.1151647567749 8.11876106262207 8.12163734436035 8.12450218200684 8.12734603881836 8.13025283813477 8.13322830200195 8.1364917755127 8.13994121551514 8.14270210266113 8.14521598815918 8.14442348480225
8.06521797180176 8.06534767150879 8.06547546386719 8.06554698944092 8.06561374664307 8.06568145751953 8.06574726104736 8.06579971313477 8.06585025787354 8.06589126586914 8.06594467163086 8.06601428985596 8.06606960296631 8.06611442565918 8.06613349914551 8.06614017486572 8.06608390808105 8.06601333618164 8.06598567962646 8.06597805023193 8.06623363494873 8.06655788421631 8.06717300415039 8.06814861297607 8.06988430023193 8.07235336303711 8.07572174072266 8.08009243011475 8.0851936340332 8.0900764465332 8.09486865997314 8.09811973571777 8.1010684967041 8.10327911376953 8.10558891296387 8.10914039611816 8.11240863800049 8.11467933654785 8.11681365966797 8.11869430541992 8.1207857131958 8.12310695648193 8.12673854827881 8.13121891021729 8.13519954681396 8.13900089263916 8.13955974578857
8.06455516815186 8.06464576721191 8.06472301483154 8.06473541259766 8.06473731994629 8.06466960906982 8.06459903717041 8.06451320648193 8.06443500518799 8.06437206268311 8.06435966491699 8.06441593170166 8.06447696685791 8.06454086303711 8.06459903717041 8.06465530395508 8.06465625762939 8.0646448135376 8.06473350524902 8.06484508514404 8.0651969909668 8.06562042236328 8.06634044647217 8.06739616394043 8.06916046142578 8.07149791717529 8.07453536987305 8.07826709747314 8.08250427246094 8.08655643463135 8.09053325653076 8.09330749511719 8.09584522247314 8.09786415100098 8.09996700286865 8.10307598114014 8.10586738586426 8.1075439453125 8.10895538330078 8.10987758636475 8.11117458343506 8.11287879943848 8.11680030822754 8.12215805053711 8.12741756439209 8.13264179229736 8.13452529907227
8.06398010253906 8.06400966644287 8.06401824951172 8.0639591217041 8.06389236450195 8.06379413604736 8.06370449066162 8.06365585327148 8.06364059448242 8.06370544433594 8.0638484954834 8.0640983581543 8.06436347961426 8.06464195251465 8.06485748291016 8.06504249572754 8.06507015228271 8.06506061553955 8.06512641906738 8.06521415710449 8.06554126739502 8.06595706939697 8.06673908233643 8.06778812408447 8.06940174102783 8.07145500183105 8.07404613494873 8.07707405090332 8.08041858673096 8.0836067199707 8.08672904968262 8.08906269073486 8.09124088287354 8.09294128417969 8.09467601776123 8.096923828125 8.09891700744629 8.10001945495605 8.10072708129883 8.10069942474365 8.10124588012695 8.10241603851318 8.10645771026611 8.11235618591309 8.1190242767334 8.12596893310547 8.12911605834961
8.06340312957764 8.06339550018311 8.06336879730225 8.06328964233398 8.06320667266846 8.06316184997559 8.06313800811768 8.06322288513184 8.06336116790771 8.06362533569336 8.06395626068115 8.06437873840332 8.06479358673096 8.06520462036133 8.06548881530762 8.06571292877197 8.06573581695557 8.06571006774902 8.06576824188232 8.06585025787354 8.06619453430176 8.06662654876709 8.06742572784424 8.06840801239014 8.06977844238281 8.07142066955566 8.07339477539062 8.07562351226807 8.07803821563721 8.08038997650146 8.08271503448486 8.084641456604 8.0864896774292 8.0879430770874 8.08939838409424 8.09100532531738 8.09241962432861 8.09315490722656 8.09347915649414 8.09304237365723 8.09314918518066 8.09384918212891 8.09763050079346 8.10340595245361 8.11076545715332 8.11869430541992 8.12305355072021
8.06282329559326 8.06281089782715 8.0627908706665 8.06275367736816 8.06272125244141 8.06283378601074 8.06298446655273 8.06332492828369 8.06372833251953 8.06428337097168 8.06484413146973 8.06541156768799 8.06590843200684 8.06634712219238 8.06659030914307 8.06674194335938 8.06671810150146 8.06665325164795 8.06672191619873 8.06682014465332 8.06723594665527 8.06771755218506 8.06847476959229 8.06931495666504 8.07032680511475 8.07139682769775 8.07253837585449 8.07384967803955 8.07528591156006 8.07683753967285 8.07843589782715 8.07999897003174 8.0815544128418 8.08285236358643 8.08413600921631 8.08538246154785 8.08649158477783 8.08711910247803 8.08746814727783 8.08729839324951 8.08735752105713 8.08766555786133 8.09071063995361 8.09552478790283 8.10267448425293 8.11066246032715 8.11617088317871
8.06225490570068 8.0623140335083 8.06238079071045 8.06249332427979 8.06261825561523 8.06293392181396 8.0632791519165 8.06377696990967 8.06431293487549 8.06494426727295 8.06553936004639 8.066086769104 8.06654453277588 8.06692981719971 8.06713581085205 8.06725597381592 8.0672664642334 8.06725120544434 8.06737041473389 8.0675163269043 8.06793212890625 8.06838417053223 8.06898784637451 8.06961154937744 8.07027816772461 8.07090091705322 8.07147312164307 8.07212066650391 8.0728235244751 8.07367515563965 8.07458686828613 8.07567691802979 8.07680130004883 8.07789039611816 8.07898044586182 8.08009338378906 8.08113193511963 8.08190822601318 8.08250522613525 8.08277225494385 8.08300018310547 8.0831880569458 8.08552169799805 8.08924293518066 8.09585380554199 8.10350227355957 8.10956192016602
8.06169605255127 8.06188201904297 8.06209754943848 8.06243896484375 8.06280136108398 8.06335353851318 8.06391048431396 8.06449031829834 8.06505966186523 8.06560707092285 8.0660924911499 8.06649303436279 8.06682300567627 8.06709384918213 8.06726360321045 8.06738567352295 8.06748962402344 8.06758975982666 8.06779003143311 8.06800842285156 8.06836986541748 8.06873321533203 8.06909847259521 8.06945133209229 8.06978034973145 8.0700511932373 8.07025241851807 8.07042598724365 8.07057857513428 8.07080459594727 8.07106018066406 8.07159519195557 8.07218551635742 8.07302665710449 8.07390594482422 8.0750560760498 8.07619953155518 8.07731533050537 8.07833099365234 8.0791597366333 8.07972049713135 8.07998943328857 8.08163070678711 8.08416175842285 8.08998680114746 8.09699440002441 8.10315704345703
8.06148338317871 8.06180858612061 8.06217479705811 8.06267261505127 8.0631856918335 8.06375885009766 8.06432437896729 8.06485748291016 8.06536102294922 8.06579399108887 8.06617832183838 8.06649398803711 8.06676769256592 8.06700706481934 8.06718158721924 8.06732654571533 8.06746006011963 8.06758975982666 8.06773948669434 8.06789588928223 8.06811809539795 8.06833553314209 8.06852531433105 8.06867790222168 8.06875419616699 8.06878566741943 8.06876277923584 8.06870079040527 8.06861209869385 8.06856918334961 8.06854724884033 8.06875610351562 8.06900978088379 8.06956958770752 8.07017993927002 8.07116222381592 8.07219886779785 8.0734224319458 8.0746374130249 8.07583522796631 8.07677173614502 8.07742309570312 8.07878112792969 8.08059692382812 8.08542633056641 8.09133911132812 8.09747505187988
8.0614185333252 8.06188869476318 8.06240749359131 8.06302928924561 8.06365776062012 8.0641565322876 8.0646448135376 8.06507587432861 8.06547069549561 8.06577682495117 8.06606292724609 8.06632137298584 8.06657028198242 8.06681156158447 8.06700992584229 8.06718826293945 8.06732177734375 8.06744575500488 8.06748676300049 8.06752395629883 8.06757164001465 8.06761741638184 8.06765842437744 8.06764125823975 8.06750106811523 8.06734180450439 8.06715679168701 8.0669641494751 8.06676387786865 8.06660747528076 8.06646823883057 8.06644821166992 8.06645107269287 8.06671619415283 8.06703186035156 8.06775951385498 8.06859874725342 8.0698299407959 8.07115077972412 8.07263469696045 8.07396507263184 8.07512760162354 8.07637691497803 8.07768249511719 8.08142757415771 8.08604907989502 8.09210300445557
8.06168937683105 8.06217002868652 8.06270599365234 8.063307762146 8.06391048431396 8.06437015533447 8.0648136138916 8.06518077850342 8.06551361083984 8.06576156616211 8.06599426269531 8.06620693206787 8.06640720367432 8.06659698486328 8.06669616699219 8.06675243377686 8.06670570373535 8.06663513183594 8.06651496887207 8.06639862060547 8.06638717651367 8.06640625 8.06655406951904 8.06663608551025 8.06657981872559 8.06644248962402 8.06620502471924 8.06594848632812 8.06567859649658 8.0654411315918 8.06521606445312 8.06509590148926 8.06499576568604 8.06510162353516 8.06525230407715 8.06577014923096 8.06640338897705 8.06743717193604 8.06861114501953 8.07004547119141 8.0715160369873 8.07302379608154 8.07447814941406 8.07589626312256 8.07894515991211 8.08258056640625 8.08794021606445
8.06202983856201 8.06249237060547 8.06301879882812 8.06357002258301 8.06411933898926 8.06454467773438 8.06495189666748 8.06526279449463 8.06554317474365 8.06574630737305 8.06593608856201 8.06610488891602 8.06625080108643 8.06637954711914 8.0663537979126 8.06625556945801 8.06599140167236 8.06568622589111 8.06539344787598 8.06511688232422 8.06507110595703 8.06509304046631 8.06540012359619 8.06563758850098 8.06572723388672 8.06565570831299 8.06538772583008 8.06508255004883 8.06475067138672 8.06443881988525 8.06413555145264 8.06394100189209 8.0637674331665 8.06374263763428 8.06375503540039 8.06407451629639 8.06449794769287 8.06529140472412 8.0662670135498 8.06758308410645 8.06914043426514 8.07096004486084 8.07268238067627 8.07434368133545 8.07677745819092 8.07949066162109 8.08402633666992
8.06240653991699 8.06280136108398 8.06325912475586 8.0637903213501 8.06432437896729 8.06473541259766 8.06511783599854 8.06535530090332 8.06556415557861 8.06570434570312 8.06580066680908 8.06583881378174 8.06582069396973 8.06575775146484 8.06552982330322 8.06522369384766 8.06483554840088 8.06442832946777 8.0642032623291 8.06401443481445 8.06416320800781 8.06438064575195 8.06488704681396 8.06528854370117 8.06546688079834 8.06540393829346 8.06504344940186 8.06464385986328 8.0642147064209 8.06381130218506 8.06341743469238 8.06315612792969 8.06292152404785 8.06285095214844 8.06281471252441 8.0630521774292 8.06337738037109 8.06401443481445 8.06482219696045 8.06594753265381 8.06739234924316 8.06918525695801 8.07108688354492 8.07305908203125 8.07539749145508 8.07786655426025 8.08129787445068
8.06277275085449 8.06310272216797 8.06349277496338 8.06400394439697 8.0645227432251 8.06491279602051 8.06526470184326 8.06542682647705 8.06556129455566 8.06562995910645 8.06562900543213 8.0655345916748 8.06535243988037 8.06510066986084 8.0646858215332 8.06419467926025 8.06370639801025 8.06321811676025 8.06306934356689 8.06297397613525 8.06331825256348 8.06373119354248 8.06442832946777 8.06498432159424 8.06524085998535 8.06517696380615 8.06472301483154 8.06422710418701 8.06369972229004 8.06320476531982 8.06272220611572 8.06239891052246 8.06210803985596 8.0620002746582 8.06192493438721 8.06209087371826 8.06232929229736 8.06282043457031 8.06346797943115 8.06440448760986 8.0657262802124 8.06746578216553 8.06952857971191 8.07179927825928 8.07407760620117 8.07635879516602 8.07870388031006
8.06300163269043 8.06332302093506 8.06369972229004 8.06417465209961 8.06465435028076 8.06494331359863 8.06519794464111 8.06527233123779 8.06530475616455 8.06523323059082 8.06510543823242 8.06490230560303 8.06461715698242 8.06426525115967 8.06387138366699 8.0634593963623 8.063063621521 8.06267261505127 8.06256675720215 8.06251621246338 8.06296348571777 8.06347465515137 8.06424903869629 8.06485080718994 8.06508731842041 8.06497001647949 8.06442165374756 8.06383037567139 8.06320667266846 8.0626392364502 8.06209468841553 8.06175804138184 8.06146144866943 8.06137752532959 8.06132221221924 8.0614709854126 8.06167888641357 8.06209564208984 8.06265163421631 8.06346416473389 8.06463527679443 8.06619548797607 8.06827259063721 8.07068347930908 8.07304096221924 8.07537841796875 8.07697677612305
8.06320667266846 8.06352233886719 8.06388473510742 8.06430912017822 8.06473159790039 8.06491756439209 8.06507015228271 8.06505393981934 8.06498622894287 8.06479549407959 8.06456184387207 8.06426906585693 8.06391429901123 8.06350994110107 8.06317615509033 8.06287670135498 8.06256484985352 8.06225109100342 8.06216812133789 8.0621395111084 8.06267261505127 8.06326293945312 8.06409168243408 8.06472492218018 8.06494235992432 8.06477451324463 8.06413555145264 8.06345558166504 8.06274509429932 8.06211471557617 8.0615177154541 8.0611743927002 8.06088161468506 8.06082248687744 8.06079006195068 8.06092643737793 8.061110496521 8.06146049499512 8.06193161010742 8.06262588500977 8.06365299224854 8.06504058837891 8.0671215057373 8.0696496963501 8.07206344604492 8.07443523406982 8.07535839080811
8.06332588195801 8.06364345550537 8.06399440765381 8.06430912017822 8.06461048126221 8.06468296051025 8.06472301483154 8.06460285186768 8.06444835662842 8.06421089172363 8.06394195556641 8.06362915039062 8.06333351135254 8.0630521774292 8.06291770935059 8.06285381317139 8.06259250640869 8.06228542327881 8.06214714050293 8.0620641708374 8.06261444091797 8.06321334838867 8.06401824951172 8.06462860107422 8.0648307800293 8.06462001800537 8.06390476226807 8.0631628036499 8.06239986419678 8.06174087524414 8.06112384796143 8.06080532073975 8.06054496765137 8.06051826477051 8.06051635742188 8.06066226959229 8.06084442138672 8.06115341186523 8.06156349182129 8.06216144561768 8.06306552886963 8.06430530548096 8.06635284423828 8.06892395019531 8.07130908966064 8.07362747192383 8.07414054870605
