Ecospace-environmental-drivers/Outputs/ASCII-for-ecospace/MOM6-ISIMIP3a/ph-surf/1998-12_ph-surf_MOM6-ISIMIP3a.asc
NCOLS 131 
NROWS 53 
XLLCORNER -98 
YLLCORNER 23.9265270233154 
CELLSIZE 0.133587792515755 
NODATA_value -9999 
[rows 21 to 41 of 53, columns 47 to 93 of 131]
8.16825771331787 8.16954326629639 8.17085075378418 8.17192268371582 8.17296695709229 8.17389583587646 8.17468738555908 8.17477798461914 8.17474460601807 8.17441177368164 8.17472553253174 8.17592716217041 8.17770957946777 8.17996597290039 8.18092823028564 8.18127727508545 8.18130493164062 8.18125629425049 8.18120574951172 8.18107795715332 8.17983818054199 8.17839050292969 8.1760721206665 8.17355346679688 8.17061328887939 8.167724609375 8.16489887237549 8.16240215301514 8.16014671325684 8.15804386138916 8.15600395202637 8.15373229980469 8.15141582489014 8.14855861663818 8.14576435089111 8.14378070831299 8.14219188690186 8.14199733734131 8.14202213287354 8.14245700836182 8.14289855957031 8.14334678649902 8.14372825622559 8.14406585693359 8.14442443847656 8.14479160308838 8.14520454406738
8.16807174682617 8.16955947875977 8.17100048065186 8.17225742340088 8.17348480224609 8.17440795898438 8.17520523071289 8.17536449432373 8.17525768280029 8.1745080947876 8.17385482788086 8.17333316802979 8.17378711700439 8.17504024505615 8.17551898956299 8.17563056945801 8.17533588409424 8.17494487762451 8.17511558532715 8.17523384094238 8.17402172088623 8.1726131439209 8.17037868499756 8.1680212020874 8.16540431976318 8.16279029846191 8.16017818450928 8.15788555145264 8.15582656860352 8.15397262573242 8.15220355987549 8.15010547637939 8.14794158935547 8.14509105682373 8.14230632781982 8.14042186737061 8.13889503479004 8.13862228393555 8.1385669708252 8.138916015625 8.1393346786499 8.13982677459717 8.14031505584717 8.1407995223999 8.14139556884766 8.1420316696167 8.14283084869385
8.16775321960449 8.16940784454346 8.17094898223877 8.17239475250244 8.1738109588623 8.17470455169678 8.17550277709961 8.17581462860107 8.17570304870605 8.17456912994385 8.17296409606934 8.17071151733398 8.1698055267334 8.17000102996826 8.16998386383057 8.16986465454102 8.16928005218506 8.16858291625977 8.1689624786377 8.1693115234375 8.1681432723999 8.16679286956787 8.16468143463135 8.16251564025879 8.16023349761963 8.15789127349854 8.15547561645508 8.15338897705078 8.1515417098999 8.14995002746582 8.14846420288086 8.14652633666992 8.14449977874756 8.1416711807251 8.138916015625 8.13717079162598 8.13573169708252 8.13536739349365 8.13521671295166 8.13545989990234 8.13583183288574 8.13634300231934 8.13691139221191 8.13751697540283 8.13832759857178 8.13921070098877 8.14036464691162
8.16561603546143 8.16720104217529 8.16868591308594 8.17020225524902 8.17169380187988 8.17239665985107 8.17309856414795 8.17379760742188 8.17404174804688 8.17319011688232 8.17163753509521 8.1691198348999 8.1676721572876 8.16709804534912 8.16636180877686 8.16554832458496 8.16508197784424 8.16469860076904 8.16443634033203 8.16412258148193 8.16292572021484 8.16158962249756 8.15967082977295 8.15768527984619 8.15556049346924 8.1533784866333 8.15112686157227 8.1494312286377 8.1481409072876 8.14695453643799 8.14581108093262 8.14378643035889 8.14158821105957 8.1389045715332 8.13631916046143 8.13487148284912 8.13363838195801 8.13315773010254 8.13290786743164 8.13308715820312 8.13340377807617 8.13386821746826 8.1343994140625 8.13497257232666 8.13575458526611 8.13661289215088 8.13778305053711
8.1632022857666 8.16465282440186 8.16600513458252 8.16750431060791 8.16898632049561 8.16956996917725 8.17022705078125 8.17125797271729 8.17181205749512 8.171217918396 8.16980171203613 8.16725921630859 8.16547775268555 8.16431999206543 8.16296291351318 8.1615104675293 8.16108798980713 8.16091060638428 8.16012954711914 8.15927791595459 8.15802764892578 8.15668869018555 8.15497493743896 8.15316867828369 8.15116596221924 8.1491641998291 8.14716339111328 8.14585208892822 8.14504241943359 8.14416790008545 8.14326667785645 8.14109897613525 8.13868236541748 8.13616275787354 8.13376712799072 8.13261604309082 8.1315975189209 8.13104820251465 8.13073348999023 8.13085651397705 8.13112354278564 8.13154983520508 8.13204956054688 8.13259506225586 8.13334465026855 8.1341667175293 8.13532066345215
8.15958023071289 8.16061019897461 8.16149711608887 8.16259002685547 8.16369152069092 8.16446971893311 8.16530418395996 8.16642570495605 8.16708755493164 8.16663932800293 8.16573905944824 8.16421699523926 8.1630220413208 8.16209506988525 8.16054344177246 8.15869522094727 8.15798759460449 8.15755176544189 8.15678215026855 8.15594959259033 8.1545352935791 8.15311336517334 8.1516637802124 8.15002727508545 8.14799785614014 8.14626407623291 8.14488983154297 8.14392852783203 8.14326763153076 8.14229583740234 8.14119529724121 8.13864135742188 8.13580226898193 8.1335334777832 8.13141345977783 8.13054752349854 8.12978363037109 8.12937927246094 8.12914943695068 8.12924480438232 8.12949657440186 8.12991905212402 8.13041400909424 8.13095664978027 8.13164615631104 8.13238716125488 8.13338375091553
8.1539831161499 8.15471839904785 8.1553316116333 8.15619468688965 8.15708637237549 8.15807437896729 8.15910625457764 8.16036224365234 8.16119384765625 8.16100120544434 8.16067123413086 8.1601505279541 8.15969181060791 8.15928173065186 8.15789031982422 8.15603446960449 8.1552038192749 8.15461921691895 8.15383625030518 8.15300178527832 8.15159702301025 8.15020942687988 8.14889240264893 8.14734935760498 8.14532852172852 8.14377689361572 8.14279651641846 8.14202690124512 8.1414098739624 8.14027214050293 8.13891792297363 8.13607692718506 8.13294410705566 8.1309289932251 8.12908267974854 8.12847423553467 8.12794208526611 8.12767696380615 8.12753772735596 8.1276330947876 8.12790107727051 8.12835597991943 8.12886428833008 8.12940788269043 8.13004207611084 8.13070774078369 8.13159370422363
8.14407920837402 8.14479064941406 8.14555072784424 8.14656925201416 8.14762115478516 8.14885330200195 8.15012645721436 8.15160942077637 8.15274620056152 8.15304851531982 8.15340900421143 8.15384864807129 8.15445041656494 8.15518474578857 8.15472888946533 8.15370941162109 8.15311336517334 8.15261745452881 8.15176868438721 8.15088558197021 8.14987087249756 8.14876842498779 8.14729976654053 8.14568138122559 8.14374828338623 8.14219188690186 8.14109516143799 8.14017105102539 8.13937282562256 8.13791751861572 8.13618946075439 8.13327789306641 8.13013362884521 8.12838172912598 8.12680053710938 8.126389503479 8.12603950500488 8.12590408325195 8.12586879730225 8.12602138519287 8.12637329101562 8.1269416809082 8.12750053405762 8.12805366516113 8.12864303588867 8.12924480438232 8.13012790679932
8.13628578186035 8.13678646087646 8.13740253448486 8.13838291168213 8.1394157409668 8.14084529876709 8.14230060577393 8.14389038085938 8.14519023895264 8.14579105377197 8.14651584625244 8.14741230010986 8.14854335784912 8.14986610412598 8.15015316009521 8.14995002746582 8.14969539642334 8.14942836761475 8.14878463745117 8.1481294631958 8.14769077301025 8.14707279205322 8.14570140838623 8.14416980743408 8.14229965209961 8.14074516296387 8.1395788192749 8.13850975036621 8.13751316070557 8.13569831848145 8.13354396820068 8.13065624237061 8.12762260437012 8.12613201141357 8.12480354309082 8.12449836730957 8.12424564361572 8.12418174743652 8.1242151260376 8.12442874908447 8.12485122680664 8.12550067901611 8.1261157989502 8.12670803070068 8.1273078918457 8.12790966033936 8.12884902954102
8.13114643096924 8.13120365142822 8.13130760192871 8.13200664520264 8.13279628753662 8.13436222076416 8.13592433929443 8.13747119903564 8.13875579833984 8.13940620422363 8.14008522033691 8.1408052444458 8.14179611206055 8.14300918579102 8.14379787445068 8.14438533782959 8.14460754394531 8.14474296569824 8.14464855194092 8.14456844329834 8.14494132995605 8.14505672454834 8.14409828186035 8.14285564422607 8.14101696014404 8.13947486877441 8.13829612731934 8.13709449768066 8.1358757019043 8.13364887237549 8.13100337982178 8.12825679779053 8.12549018859863 8.12425899505615 8.12316513061523 8.12284851074219 8.12258815765381 8.12252521514893 8.12258243560791 8.12286186218262 8.1233377456665 8.12402725219727 8.12470436096191 8.12537288665771 8.126051902771 8.12673568725586 8.12780475616455
8.12816143035889 8.12797737121582 8.12779808044434 8.12807750701904 8.12843036651611 8.12948417663574 8.13056659698486 8.13178825378418 8.13286590576172 8.13359260559082 8.13426780700684 8.13487148284912 8.13567733764648 8.13664722442627 8.13750743865967 8.13831520080566 8.13871097564697 8.13900852203369 8.13926315307617 8.13956642150879 8.14063739776611 8.14148139953613 8.14137649536133 8.14086246490479 8.13948249816895 8.13826370239258 8.13724040985107 8.135986328125 8.13456344604492 8.13200664520264 8.128981590271 8.12639904022217 8.12390327453613 8.12287998199463 8.12196826934814 8.12162971496582 8.12134456634521 8.12125015258789 8.12128162384033 8.12154769897461 8.12201404571533 8.12269973754883 8.12342929840088 8.12418842315674 8.12496280670166 8.12574291229248 8.12691020965576
8.12679100036621 8.1265172958374 8.12622737884521 8.12598323822021 8.12575435638428 8.12581062316895 8.12596988677979 8.12665748596191 8.12738418579102 8.12820816040039 8.12890911102295 8.12944316864014 8.13002872467041 8.13065624237061 8.13126564025879 8.13186645507812 8.13220691680908 8.13248634338379 8.1329402923584 8.13348484039307 8.13516902923584 8.1367359161377 8.1378173828125 8.13835906982422 8.13776111602783 8.13709831237793 8.13635635375977 8.13510990142822 8.13349437713623 8.13067245483398 8.12734985351562 8.1249475479126 8.12272644042969 8.12187004089355 8.12110328674316 8.12073230743408 8.12040996551514 8.12026023864746 8.12023067474365 8.12042331695557 8.12083435058594 8.12148094177246 8.12225723266602 8.1231164932251 8.12399864196777 8.12488842010498 8.12612915039062
8.12563133239746 8.12529945373535 8.12495231628418 8.12451267242432 8.12406635284424 8.12370204925537 8.12343788146973 8.12368488311768 8.1240291595459 8.12461185455322 8.1251106262207 8.12549304962158 8.12591171264648 8.12636089324951 8.12680912017822 8.12725639343262 8.12750434875488 8.12770462036133 8.12814998626709 8.12869548797607 8.13043594360352 8.1322603225708 8.13443088531494 8.13599872589111 8.1362943649292 8.13619804382324 8.13562393188477 8.13432693481445 8.13250255584717 8.12960147857666 8.12625503540039 8.12407302856445 8.12212085723877 8.12133884429932 8.12063121795654 8.12022686004639 8.1198673248291 8.11966991424561 8.11957740783691 8.11968040466309 8.12002944946289 8.12064647674561 8.12142276763916 8.12230205535889 8.12318992614746 8.12407970428467 8.12530422210693
8.12456035614014 8.12418556213379 8.12380409240723 8.12331008911133 8.122802734375 8.12226390838623 8.12178897857666 8.12163639068604 8.12158584594727 8.12178325653076 8.12197971343994 8.1221752166748 8.12245082855225 8.12279319763184 8.12311744689941 8.12343406677246 8.12357234954834 8.12366771697998 8.12401676177979 8.1244592666626 8.12601947784424 8.12790012359619 8.13111877441406 8.13370037078857 8.13493728637695 8.13541221618652 8.13495540618896 8.13358306884766 8.1315450668335 8.1286449432373 8.12539005279541 8.12344551086426 8.12175846099854 8.12101268768311 8.12032699584961 8.11988830566406 8.11949253082275 8.11925029754639 8.11909484863281 8.11910152435303 8.11938667297363 8.11997604370117 8.12073230743408 8.12159824371338 8.12244701385498 8.12329006195068 8.12446117401123
8.12384033203125 8.12342929840088 8.12301921844482 8.12255573272705 8.12208557128906 8.12160491943359 8.1211633682251 8.12092113494873 8.12073993682861 8.12070369720459 8.12067794799805 8.12066745758057 8.12081336975098 8.12108707427979 8.12136077880859 8.12163543701172 8.12174129486084 8.12180709838867 8.12214279174805 8.12257099151611 8.12408828735352 8.1259822845459 8.12945461273193 8.13235759735107 8.13405895233154 8.13485717773438 8.13455295562744 8.13314628601074 8.13093757629395 8.12814903259277 8.12512016296387 8.12332725524902 8.12177658081055 8.12101936340332 8.1203145980835 8.11983489990234 8.11939430236816 8.11909866333008 8.11887168884277 8.1187744140625 8.11892604827881 8.11935043334961 8.12000465393066 8.12080860137939 8.12158966064453 8.12236404418945 8.12345504760742
8.12319183349609 8.12274837493896 8.12230968475342 8.12189388275146 8.12148189544678 8.12110614776611 8.12074851989746 8.12048149108887 8.12022304534912 8.11998558044434 8.11975479125977 8.11953449249268 8.119553565979 8.11976718902588 8.12000560760498 8.12025451660156 8.1203441619873 8.12039566040039 8.12073612213135 8.121169090271 8.12267112731934 8.1245698928833 8.12813186645508 8.13121223449707 8.13327980041504 8.13435077667236 8.13420486450195 8.13277244567871 8.13040256500244 8.12774753570557 8.12497425079346 8.12331390380859 8.12187194824219 8.12109470367432 8.12036323547363 8.11983966827393 8.11935424804688 8.11900234222412 8.11870288848877 8.11849975585938 8.11850357055664 8.11873435974121 8.11926937103271 8.1200008392334 8.12070941925049 8.12140941619873 8.12241554260254
8.12261962890625 8.12216567993164 8.12172985076904 8.12137126922607 8.12102317810059 8.12075519561768 8.12050247192383 8.12033176422119 8.12016773223877 8.12001991271973 8.11984634399414 8.11963844299316 8.1195592880249 8.11958503723145 8.11962509155273 8.11967086791992 8.11968517303467 8.1196928024292 8.12016105651855 8.12072658538818 8.12222671508789 8.12411117553711 8.12760543823242 8.13068008422852 8.1328649520874 8.13400554656982 8.13386917114258 8.13242244720459 8.13002109527588 8.12757873535156 8.12512016296387 8.12362957000732 8.12232971191406 8.12151527404785 8.12073993682861 8.12017440795898 8.11964130401611 8.11921977996826 8.11880970001221 8.11842250823975 8.1182165145874 8.11820983886719 8.11856460571289 8.11915397644043 8.11968326568604 8.12019062042236 8.1210823059082
8.12204837799072 8.12158107757568 8.12114334106445 8.12083339691162 8.1205415725708 8.1203727722168 8.12022018432617 8.12014484405518 8.12007808685303 8.12003231048584 8.11993408203125 8.11976432800293 8.11961078643799 8.11947154998779 8.11932373046875 8.11917114257812 8.11909866333008 8.11904525756836 8.11964225769043 8.12033843994141 8.1218376159668 8.12370777130127 8.1271333694458 8.13018989562988 8.13246726989746 8.13365936279297 8.13352394104004 8.1320629119873 8.12963676452637 8.12740325927734 8.12525177001953 8.12392520904541 8.12276268005371 8.12191009521484 8.12109088897705 8.1204891204834 8.11991405487061 8.11943054199219 8.11892032623291 8.11835861206055 8.11794948577881 8.11770534515381 8.11786937713623 8.11829948425293 8.11863899230957 8.11894607543945 8.11972618103027
8.12145805358887 8.12092685699463 8.12042427062988 8.12007904052734 8.11975574493408 8.11959362030029 8.11945247650146 8.11941432952881 8.11940288543701 8.11945724487305 8.11950492858887 8.11954212188721 8.11955547332764 8.11954784393311 8.11939907073975 8.11918258666992 8.11892127990723 8.11865043640137 8.11931037902832 8.12008380889893 8.12157726287842 8.12344074249268 8.12684535980225 8.1298656463623 8.13207340240479 8.13322162628174 8.13307476043701 8.13159656524658 8.12914752960205 8.12704849243164 8.12509441375732 8.12385272979736 8.12275218963623 8.12186622619629 8.12101554870605 8.12043190002441 8.11987781524658 8.11942577362061 8.11893081665039 8.11835289001465 8.11783409118652 8.11737728118896 8.11726570129395 8.11737823486328 8.11747455596924 8.1175651550293 8.11827659606934
8.12084770202637 8.1202449798584 8.11967086791992 8.11928939819336 8.11893558502197 8.11876773834229 8.11862754821777 8.11861991882324 8.11865520477295 8.11879634857178 8.11896896362305 8.11918640136719 8.11935615539551 8.11948776245117 8.11938190460205 8.11916351318359 8.11875534057617 8.11830139160156 8.11897659301758 8.11977863311768 8.12128162384033 8.12314319610596 8.12650775909424 8.12949180603027 8.13167381286621 8.13279819488525 8.13262748718262 8.13114261627197 8.12869834899902 8.12672138214111 8.12493705749512 8.12374687194824 8.12267303466797 8.12174415588379 8.12085056304932 8.12025737762451 8.11969947814941 8.11926078796387 8.11877250671387 8.11819171905518 8.11759948730469 8.11699676513672 8.11666297912598 8.11650371551514 8.1163501739502 8.11619663238525 8.11674499511719
8.12015724182129 8.11946105957031 8.1187915802002 8.11837196350098 8.11798477172852 8.11777019500732 8.11759090423584 8.11759090423584 8.11764240264893 8.11782073974609 8.11804676055908 8.11833763122559 8.11863231658936 8.11892890930176 8.11902904510498 8.11903476715088 8.11862754821777 8.11812114715576 8.11863899230957 8.11928939819336 8.12085056304932 8.12273788452148 8.12598705291748 8.12893676757812 8.13125514984131 8.13242340087891 8.13218593597412 8.13073253631592 8.12839412689209 8.12649631500244 8.12477970123291 8.12351608276367 8.12234210968018 8.12133407592773 8.12036037445068 8.11965656280518 8.11899852752686 8.11850643157959 8.11799716949463 8.11745834350586 8.11693286895752 8.11642265319824 8.11606407165527 8.11580276489258 8.11537170410156 8.1148796081543 8.11491584777832
