Ecospace-environmental-drivers/Outputs/ASCII-for-ecospace/MOM6-ISIMIP3a/ph-surf/1998-03_ph-surf_MOM6-ISIMIP3a.asc
NCOLS 131 
NROWS 53 
XLLCORNER -98 
YLLCORNER 23.9265270233154 
CELLSIZE 0.133587792515755 
NODATA_value -9999 
[rows 21 to 41 of 53, columns 47 to 93 of 131]
8.18951320648193 8.19156074523926 8.19375228881836 8.19650077819824 8.19926452636719 8.20089149475098 8.20226383209229 8.20234107971191 8.20259284973145 8.20326614379883 8.20342445373535 8.20287609100342 8.20282745361328 8.20318603515625 8.20380687713623 8.20455169677734 8.20571136474609 8.20697116851807 8.20825481414795 8.20944499969482 8.20925235748291 8.20907783508301 8.20898246765137 8.20888805389404 8.20879745483398 8.20816421508789 8.20686531066895 8.20546531677246 8.20398902893066 8.20266723632812 8.20140838623047 8.20038604736328 8.19940948486328 8.19770050048828 8.19617366790771 8.19668483734131 8.19726848602295 8.19810390472412 8.19943714141846 8.20169353485107 8.203444480896 8.20464611053467 8.20499992370605 8.20480632781982 8.20329093933105 8.2012996673584 8.19873523712158
8.18689918518066 8.19001770019531 8.19302749633789 8.19593143463135 8.1987943649292 8.2008228302002 8.20265674591064 8.20350742340088 8.20437049865723 8.2052640914917 8.20564365386963 8.20531845092773 8.20532035827637 8.20559024810791 8.20620346069336 8.20697975158691 8.20813274383545 8.20937538146973 8.21025085449219 8.21101951599121 8.21061229705811 8.21017456054688 8.2096061706543 8.20906448364258 8.20857810974121 8.20734119415283 8.20518684387207 8.20341491699219 8.20192241668701 8.20046806335449 8.19903087615967 8.19782733917236 8.19667053222656 8.19461441040039 8.19264888763428 8.19189071655273 8.19145965576172 8.19217872619629 8.19360065460205 8.19633007049561 8.1984338760376 8.19985675811768 8.2004222869873 8.20043182373047 8.19893836975098 8.19690322875977 8.19452571868896
8.18452453613281 8.18863105773926 8.19237613677979 8.19534206390381 8.19821166992188 8.20060539245605 8.20286655426025 8.20445537567139 8.20589256286621 8.20696449279785 8.20754623413086 8.20745468139648 8.20753765106201 8.207763671875 8.20839595794678 8.20922088623047 8.21021366119385 8.21124649047852 8.21168231964111 8.21200942993164 8.21136665344238 8.21065616607666 8.2096643447876 8.2086877822876 8.20774173736572 8.20587539672852 8.20288276672363 8.20077514648438 8.19931125640869 8.19774436950684 8.19613456726074 8.19478130340576 8.19347858428955 8.19124031066895 8.18899822235107 8.18705654144287 8.18568706512451 8.18632793426514 8.18783473968506 8.19094753265381 8.19332790374756 8.19491004943848 8.19565773010254 8.19586563110352 8.19439697265625 8.19232559204102 8.1901159286499
8.18107604980469 8.18477439880371 8.18819046020508 8.19073677062988 8.19320392608643 8.19592761993408 8.1985445022583 8.20061016082764 8.20254421234131 8.20415687561035 8.20530223846436 8.20580673217773 8.20643901824951 8.20717811584473 8.20788383483887 8.20857429504395 8.20754814147949 8.20611095428467 8.20605373382568 8.20599555969238 8.20453357696533 8.20316505432129 8.20218944549561 8.20084476470947 8.19872093200684 8.1961612701416 8.19307136535645 8.19106388092041 8.18984699249268 8.18784523010254 8.18551921844482 8.18465518951416 8.18408012390137 8.18290042877197 8.18175506591797 8.18116188049316 8.18087482452393 8.18166160583496 8.18293571472168 8.18511199951172 8.18672847747803 8.18773555755615 8.18832874298096 8.18865585327148 8.18744659423828 8.18568706512451 8.1837682723999
8.17749404907227 8.18071937561035 8.18374443054199 8.1858959197998 8.18798732757568 8.19086360931396 8.19364833831787 8.19596672058105 8.19818782806396 8.20017337799072 8.20174789428711 8.20275783538818 8.20393085479736 8.20523548126221 8.20600128173828 8.20651245117188 8.20348072052002 8.19960308074951 8.19910621643066 8.19871520996094 8.19648361206055 8.19449329376221 8.19351100921631 8.19186496734619 8.18881416320801 8.18577575683594 8.1827507019043 8.18090057373047 8.17990493774414 8.17765712738037 8.17489051818848 8.17443752288818 8.17443943023682 8.17421722412109 8.17406749725342 8.17470836639404 8.17544174194336 8.17650508880615 8.17764854431152 8.17893981933594 8.17981910705566 8.180251121521 8.18067359924316 8.18108940124512 8.18020534515381 8.17885494232178 8.17737197875977
8.1733341217041 8.1757984161377 8.1781530380249 8.18002128601074 8.18185424804688 8.1840991973877 8.18623638153076 8.18782234191895 8.18941593170166 8.19103145599365 8.19244289398193 8.19357395172119 8.19524097442627 8.19734477996826 8.19810962677002 8.19823932647705 8.19326972961426 8.1870813369751 8.18637084960938 8.18587875366211 8.1830997467041 8.1806468963623 8.17955780029297 8.17789745330811 8.17503070831299 8.17244434356689 8.17020225524902 8.16874980926514 8.16787433624268 8.16620445251465 8.16420459747314 8.16381645202637 8.16374397277832 8.16403293609619 8.1644344329834 8.16580009460449 8.16728591918945 8.1691951751709 8.17065811157227 8.17129230499268 8.17155265808105 8.17140674591064 8.17158126831055 8.17196464538574 8.17168807983398 8.17117500305176 8.1707592010498
8.17007923126221 8.17182922363281 8.17352294921875 8.1749439239502 8.17633724212646 8.17770671844482 8.17899608612061 8.1798734664917 8.18085193634033 8.18207168579102 8.18317031860352 8.18410301208496 8.18574333190918 8.18796348571777 8.18859672546387 8.18847942352295 8.18267059326172 8.17550182342529 8.17457294464111 8.17392730712891 8.1711540222168 8.1687068939209 8.1676197052002 8.16609954833984 8.16366863250732 8.16166305541992 8.16017818450928 8.15913867950439 8.15842437744141 8.15737724304199 8.15619277954102 8.15584468841553 8.15566062927246 8.15637969970703 8.15722465515137 8.15897655487061 8.16078472137451 8.16279029846191 8.1641845703125 8.16444301605225 8.16435241699219 8.16388130187988 8.16400051116943 8.16450119018555 8.16483974456787 8.16512107849121 8.16556930541992
8.16880130767822 8.16993522644043 8.17098903656006 8.17160892486572 8.17216205596924 8.1721248626709 8.17212963104248 8.17235469818115 8.17273998260498 8.17350959777832 8.17396926879883 8.17400360107422 8.17448425292969 8.17532920837402 8.1755485534668 8.17547225952148 8.17122268676758 8.16597747802734 8.16482353210449 8.16390705108643 8.1623477935791 8.16092586517334 8.16007518768311 8.15903472900391 8.15758991241455 8.15644454956055 8.15566349029541 8.15506839752197 8.15460681915283 8.15428161621094 8.15401363372803 8.15365600585938 8.15328121185303 8.15424919128418 8.15530204772949 8.15670108795166 8.15789318084717 8.15836238861084 8.15884113311768 8.15933799743652 8.15947914123535 8.15923404693604 8.15971279144287 8.1606616973877 8.16163444519043 8.1626148223877 8.16348171234131
8.16765117645264 8.16829204559326 8.16884708404541 8.169020652771 8.169114112854 8.16806507110596 8.16710758209229 8.1666202545166 8.16639804840088 8.16681671142578 8.16682243347168 8.16626358032227 8.1658878326416 8.16566276550293 8.16549777984619 8.16536045074463 8.16259002685547 8.15919208526611 8.15791416168213 8.15680027008057 8.15596485137939 8.15516567230225 8.15451908111572 8.15375995635986 8.15276527404785 8.15212345123291 8.15191555023193 8.15163707733154 8.15130805969238 8.15143299102783 8.15174579620361 8.15127849578857 8.15065670013428 8.15184688568115 8.1530818939209 8.1541109085083 8.15483283996582 8.15447330474854 8.15445613861084 8.15507411956787 8.15536403656006 8.15529632568359 8.15613460540771 8.15755844116211 8.15905952453613 8.16058731079102 8.16175651550293
8.16666030883789 8.16696548461914 8.16719627380371 8.16737270355225 8.16748237609863 8.16592025756836 8.16440582275391 8.16313076019287 8.16228485107422 8.16247653961182 8.16226196289062 8.16148948669434 8.16064167022705 8.15973091125488 8.15921688079834 8.15889072418213 8.15749835968018 8.15585231781006 8.15457725524902 8.15336132049561 8.15263080596924 8.15194797515869 8.15146255493164 8.15074062347412 8.14951610565186 8.14893245697021 8.14913177490234 8.14901256561279 8.14866256713867 8.14889526367188 8.14936923980713 8.14866352081299 8.14772701263428 8.14910316467285 8.15048789978027 8.15112686157227 8.1515588760376 8.15126132965088 8.15127658843994 8.15186977386475 8.15220260620117 8.15225124359131 8.15344619750977 8.15538311004639 8.15727996826172 8.15916347503662 8.16048526763916
8.16563510894775 8.16563606262207 8.16555500030518 8.16565990447998 8.16572189331055 8.16413402557373 8.16250610351562 8.16066932678223 8.15932559967041 8.1591682434082 8.15871334075928 8.15784931182861 8.15686225891113 8.15577507019043 8.15514469146729 8.15473079681396 8.15395259857178 8.1530876159668 8.15180015563965 8.15051746368408 8.14971923828125 8.14895439147949 8.14832592010498 8.1475191116333 8.14633560180664 8.14585399627686 8.14623069763184 8.14618587493896 8.14583301544189 8.1461238861084 8.14668083190918 8.14591121673584 8.1448802947998 8.14651203155518 8.14809417724609 8.14823818206787 8.14831161499023 8.14813804626465 8.14811134338379 8.14835548400879 8.14861583709717 8.14889335632324 8.15034198760986 8.15254878997803 8.15496730804443 8.15746212005615 8.15905666351318
8.16458320617676 8.16430473327637 8.16392230987549 8.16389846801758 8.16386699676514 8.16261672973633 8.16120624542236 8.15898036956787 8.15723133087158 8.15663433074951 8.15592384338379 8.15505981445312 8.15418434143066 8.15330028533936 8.15272808074951 8.15230464935303 8.15156650543213 8.15075492858887 8.14944362640381 8.14812088012695 8.14712524414062 8.1461296081543 8.14512729644775 8.14414596557617 8.14320659637451 8.14286136627197 8.14324188232422 8.14320659637451 8.14286804199219 8.14317893981934 8.14375877380371 8.14305400848389 8.14209747314453 8.14403629302979 8.14585208892822 8.14542102813721 8.14508438110352 8.14508152008057 8.14495754241943 8.14461040496826 8.14471054077148 8.14529895782471 8.14692401885986 8.14922142028809 8.15225505828857 8.15555381774902 8.15750885009766
8.16368865966797 8.16320610046387 8.16255569458008 8.16214275360107 8.16172313690186 8.16047668457031 8.15912437438965 8.15723133087158 8.15573883056641 8.15521812438965 8.15458202362061 8.15379047393799 8.15305233001709 8.15235996246338 8.15190887451172 8.15157222747803 8.15078639984131 8.14989280700684 8.14837455749512 8.14682388305664 8.14542579650879 8.14404964447021 8.14276313781738 8.14158630371094 8.14064407348633 8.14021968841553 8.14042854309082 8.14026165008545 8.13982009887695 8.13987827301025 8.1401424407959 8.13961887359619 8.13894176483154 8.14065074920654 8.14223384857178 8.14172458648682 8.14138031005859 8.14161777496338 8.14153099060059 8.14084529876709 8.14099407196045 8.14205169677734 8.1441764831543 8.14699172973633 8.15060710906982 8.15451049804688 8.15690994262695
8.16285991668701 8.16220760345459 8.16130352020264 8.1603889465332 8.15945625305176 8.15807056427002 8.15670776367188 8.15545463562012 8.15450382232666 8.15428066253662 8.1538610458374 8.15317249298096 8.15258407592773 8.15207767486572 8.15177440643311 8.15156555175781 8.1506929397583 8.14966201782227 8.14785671234131 8.14599800109863 8.14410972595215 8.14228916168213 8.14075469970703 8.13937568664551 8.13832378387451 8.13772869110107 8.13769054412842 8.13733100891113 8.13673782348633 8.13642501831055 8.13622760772705 8.13593673706055 8.13562679290771 8.13687515258789 8.13802528381348 8.13765144348145 8.13747215270996 8.13797855377197 8.13798809051514 8.13707256317139 8.13735866546631 8.13895320892334 8.14171504974365 8.14523220062256 8.14941596984863 8.15383911132812 8.15671825408936
8.16196537017822 8.16137218475342 8.16045665740967 8.1593074798584 8.15812492370605 8.15665626525879 8.15529632568359 8.1544828414917 8.15388774871826 8.15381813049316 8.15359497070312 8.15316104888916 8.15279388427734 8.15248107910156 8.15224361419678 8.15204048156738 8.1510648727417 8.14990329742432 8.14803123474121 8.14609241485596 8.14389801025391 8.14169502258301 8.13946342468262 8.13757610321045 8.13641548156738 8.13567638397217 8.13545322418213 8.13494300842285 8.13422298431396 8.13368797302246 8.13323020935059 8.1330623626709 8.1329517364502 8.13364410400391 8.1342945098877 8.13424396514893 8.13431835174561 8.13483238220215 8.13499069213867 8.13448810577393 8.13515090942383 8.13708209991455 8.14028263092041 8.1443042755127 8.14859294891357 8.15297698974609 8.15594291687012
8.161057472229 8.16057205200195 8.15969371795654 8.15836620330811 8.15698623657227 8.1554479598999 8.15409278869629 8.15367698669434 8.15339851379395 8.15345287322998 8.15342235565186 8.15327453613281 8.15314388275146 8.15302658081055 8.1528377532959 8.15261459350586 8.15153217315674 8.15024375915527 8.14834880828857 8.14637851715088 8.14391422271729 8.14134216308594 8.13831996917725 8.13586139678955 8.1345911026001 8.13371467590332 8.13332080841064 8.13266658782959 8.1318244934082 8.13109970092773 8.13042259216309 8.13035583496094 8.13040828704834 8.13052463531494 8.13066101074219 8.13097381591797 8.13132095336914 8.13178825378418 8.13210678100586 8.13215065002441 8.13323783874512 8.13546466827393 8.13906192779541 8.14354705810547 8.14784526824951 8.15207576751709 8.1550464630127
8.16024494171143 8.15982341766357 8.15900421142578 8.15772819519043 8.15640640258789 8.1550989151001 8.15396213531494 8.15369892120361 8.15353775024414 8.15362071990967 8.15356349945068 8.15331363677979 8.15306854248047 8.15282726287842 8.15250015258789 8.15213203430176 8.15109443664551 8.1498966217041 8.14812755584717 8.14628219604492 8.14389038085938 8.14129829406738 8.13786697387695 8.13507270812988 8.13362503051758 8.13255023956299 8.13193321228027 8.13122844696045 8.13046073913574 8.12987327575684 8.12936019897461 8.12919998168945 8.12911033630371 8.12911796569824 8.12915420532227 8.12943744659424 8.12975692749023 8.13020324707031 8.13058376312256 8.13084316253662 8.13205432891846 8.13430404663086 8.13756275177002 8.14147567749023 8.14547824859619 8.14951324462891 8.15302085876465
8.15946960449219 8.1590747833252 8.15828132629395 8.15707492828369 8.15583419799805 8.15480613708496 8.15392589569092 8.15380096435547 8.15373992919922 8.15383338928223 8.15373516082764 8.1533727645874 8.15299606323242 8.15260696411133 8.15213203430176 8.1516170501709 8.15062427520752 8.14951801300049 8.147873878479 8.14615249633789 8.14385795593262 8.14127540588379 8.13748741149902 8.13438987731934 8.13274955749512 8.13146877288818 8.1306266784668 8.1298828125 8.1292085647583 8.12878227233887 8.12845706939697 8.12821865081787 8.12799739837646 8.12793064117432 8.12789630889893 8.12812232971191 8.12839031219482 8.12880611419678 8.129225730896 8.1296501159668 8.13092136383057 8.13311386108398 8.13600063323975 8.13933563232422 8.14307308197021 8.1469554901123 8.15099143981934
8.15906047821045 8.15831470489502 8.15715026855469 8.15609931945801 8.15508270263672 8.15470314025879 8.15438270568848 8.15435981750488 8.15432643890381 8.15427112579346 8.15407466888428 8.1536865234375 8.15315818786621 8.15251541137695 8.15188789367676 8.15126895904541 8.15024948120117 8.14913463592529 8.14753246307373 8.14586544036865 8.14375495910645 8.14132785797119 8.13757228851318 8.13439464569092 8.13243865966797 8.13088703155518 8.1298303604126 8.12911701202393 8.12865352630615 8.12847709655762 8.12841892242432 8.12834358215332 8.12826538085938 8.12826061248779 8.12826442718506 8.12833213806152 8.12844657897949 8.12872409820557 8.12897968292236 8.12919235229492 8.12998104095459 8.13139820098877 8.13389778137207 8.13709735870361 8.14103412628174 8.14523410797119 8.14947605133057
8.15868759155273 8.15768051147461 8.15624809265137 8.15537548065186 8.1545934677124 8.1547212600708 8.1548318862915 8.1548490524292 8.15481662750244 8.15466403961182 8.15444087982178 8.1541223526001 8.15348339080811 8.1525821685791 8.15179252624512 8.15105628967285 8.14998435974121 8.14883232116699 8.14721870422363 8.14555168151855 8.14356327056885 8.14124488830566 8.13754177093506 8.13429355621338 8.13200569152832 8.13020706176758 8.12900638580322 8.12837219238281 8.12815093994141 8.12818241119385 8.12831878662109 8.12840366363525 8.12847805023193 8.12854862213135 8.12860774993896 8.12856101989746 8.12856006622314 8.12871360778809 8.12880802154541 8.12878894805908 8.12912845611572 8.12985801696777 8.13198947906494 8.1350269317627 8.13905334472656 8.14343547821045 8.14783477783203
8.15844440460205 8.15751075744629 8.15618515014648 8.15557765960693 8.15506649017334 8.15518093109131 8.15524864196777 8.15508270263672 8.15494918823242 8.15489292144775 8.15490341186523 8.15500450134277 8.15440559387207 8.15323352813721 8.15224266052246 8.15133857727051 8.15011882781982 8.14882373809814 8.14700984954834 8.14514350891113 8.14304447174072 8.14066123962402 8.13708782196045 8.13380336761475 8.13112831115723 8.12916851043701 8.12808227539062 8.12770366668701 8.12784004211426 8.12792587280273 8.12798976898193 8.12822151184082 8.12848567962646 8.1286792755127 8.12885284423828 8.12886142730713 8.12888526916504 8.1289644241333 8.12890529632568 8.12859058380127 8.12860107421875 8.12896633148193 8.13079452514648 8.13356971740723 8.13728904724121 8.14134693145752 8.14572906494141
