Ecospace-environmental-drivers/Outputs/ASCII-for-ecospace/MOM6-ISIMIP3a/ph-surf/1998-11_ph-surf_MOM6-ISIMIP3a.asc
NCOLS 131 
NROWS 53 
XLLCORNER -98 
YLLCORNER 23.9265270233154 
CELLSIZE 0.133587792515755 
NODATA_value -9999 
[rows 21 to 41 of 53, columns 0 to 46 of 131]
-9999 -9999 -9999 -9999 -9999 -9999 8.17077159881592 8.17095184326172 8.171311378479 8.17222690582275 8.17445945739746 8.18165588378906 8.17851734161377 8.16916942596436 8.16355037689209 8.16223239898682 8.16160774230957 8.16146087646484 8.16036128997803 8.15889453887939 8.15599918365479 8.15285110473633 8.14974212646484 8.14665222167969 8.14371776580811 8.14106845855713 8.13934230804443 8.13828468322754 8.13839054107666 8.13962173461914 8.14201068878174 8.14480495452881 8.14784622192383 8.14966106414795 8.15106678009033 8.15183162689209 8.15250587463379 8.1528787612915 8.15323448181152 8.15348148345947 8.15367984771729 8.15374088287354 8.15411567687988 8.15497493743896 8.15637683868408 8.15827655792236 8.16066551208496
-9999 -9999 -9999 -9999 -9999 -9999 8.17068767547607 8.17077159881592 8.17113304138184 8.17111587524414 8.17222690582275 8.16949462890625 8.16552829742432 8.15912342071533 8.15537166595459 8.1546802520752 8.15433883666992 8.15423679351807 8.15375423431396 8.15312480926514 8.15133762359619 8.14934730529785 8.14673709869385 8.14409637451172 8.14131546020508 8.13885402679443 8.13742542266846 8.13696384429932 8.13818836212158 8.14008712768555 8.14268112182617 8.14529514312744 8.14792251586914 8.14938163757324 8.15045261383057 8.15102291107178 8.15152359008789 8.15172290802002 8.15191555023193 8.15206623077393 8.15221405029297 8.15235328674316 8.15289783477783 8.1540699005127 8.1554651260376 8.15706348419189 8.15903377532959
-9999 -9999 -9999 -9999 8.17560958862305 8.17210578918457 8.17071533203125 8.17057514190674 8.17077159881592 8.17149353027344 8.16997241973877 8.15986633300781 8.15219211578369 8.14932823181152 8.14765644073486 8.14735794067383 8.14715576171875 8.14701843261719 8.14719200134277 8.14748573303223 8.14694976806641 8.14626693725586 8.14423942565918 8.14212894439697 8.13956737518311 8.1373405456543 8.13620471954346 8.13630485534668 8.13856315612793 8.14100742340088 8.14364242553711 8.14596462249756 8.14809417724609 8.14914703369141 8.14984035491943 8.15021705627441 8.15054893493652 8.15060901641846 8.15067100524902 8.15074348449707 8.15086078643799 8.15110206604004 8.15182209014893 8.15328407287598 8.15465068817139 8.155930519104 8.15742969512939
-9999 -9999 -9999 -9999 8.18372821807861 8.17588806152344 8.17349624633789 8.17071533203125 8.17023754119873 8.16415309906006 8.15800094604492 8.15158462524414 8.14680767059326 8.14527320861816 8.1442699432373 8.14387798309326 8.14366626739502 8.14357852935791 8.14372444152832 8.14395904541016 8.14399528503418 8.14399528503418 8.14275360107422 8.14141941070557 8.13954734802246 8.13799953460693 8.13750171661377 8.13796710968018 8.14011192321777 8.14217472076416 8.1441535949707 8.14586067199707 8.14740180969238 8.14789199829102 8.14803123474121 8.14821243286133 8.14839935302734 8.14868545532227 8.14893817901611 8.14897918701172 8.14909934997559 8.14944076538086 8.15013313293457 8.15136623382568 8.15254306793213 8.15366744995117 8.15488052368164
-9999 -9999 -9999 -9999 -9999 8.18372821807861 8.17561340332031 8.17627811431885 8.16817760467529 8.1570463180542 8.14756393432617 8.14439392089844 8.14214992523193 8.14173984527588 8.14132785797119 8.14091396331787 8.14072895050049 8.14070129394531 8.14081478118896 8.14098262786865 8.14143180847168 8.14193153381348 8.14138698577881 8.14074993133545 8.13954257965088 8.13862609863281 8.13865089416504 8.13938808441162 8.14136600494385 8.14305686950684 8.14445209503174 8.14558601379395 8.146559715271 8.14654445648193 8.14619922637939 8.14618682861328 8.1462230682373 8.14669609069824 8.14710712432861 8.14711952209473 8.14724159240723 8.14766788482666 8.14831638336182 8.14930820465088 8.1502857208252 8.1512508392334 8.1522045135498
-9999 -9999 -9999 -9999 -9999 8.18102073669434 8.18372821807861 8.17173099517822 8.1594295501709 8.15095901489258 8.14385604858398 8.1419849395752 8.14067935943604 8.1404914855957 8.1403341293335 8.14021301269531 8.14020919799805 8.14028644561768 8.14035224914551 8.14041423797607 8.14058780670166 8.14078044891357 8.14054679870605 8.14025974273682 8.13960552215576 8.1391134262085 8.13914966583252 8.13974952697754 8.14133262634277 8.14269065856934 8.14381790161133 8.14455795288086 8.14506149291992 8.14479160308838 8.14426422119141 8.14406871795654 8.14392471313477 8.14441585540771 8.14484024047852 8.1448450088501 8.14496326446533 8.14540195465088 8.14593887329102 8.14663124084473 8.14737224578857 8.14815616607666 8.14897060394287
-9999 -9999 8.17495346069336 8.17569732666016 8.17651748657227 8.17831039428711 8.1810245513916 8.1667652130127 8.15230655670166 8.14597320556641 8.14077949523926 8.13994407653809 8.13942432403564 8.13953113555908 8.13965225219727 8.13979053497314 8.13991451263428 8.14002799987793 8.13998222351074 8.1398754119873 8.139817237854 8.13976764678955 8.1397705078125 8.13975238800049 8.13955402374268 8.13940811157227 8.13943195343018 8.13987636566162 8.14105606079102 8.14207935333252 8.14294147491455 8.14337158203125 8.1435375213623 8.1431245803833 8.14251708984375 8.14219570159912 8.14192008972168 8.14236068725586 8.14273452758789 8.14267635345459 8.14273166656494 8.14309978485107 8.1434850692749 8.14389705657959 8.14429473876953 8.14467906951904 8.1450252532959
-9999.000000000000000 -9999 -9999 -9999 8.17226505279541 8.17472362518311 8.17307090759277 8.16088771820068 8.14873123168945 8.14339256286621 8.13908195495605 8.13870716094971 8.13864421844482 8.13920116424561 8.13965034484863 8.13997650146484 8.14010810852051 8.14010715484619 8.13981056213379 8.13940143585205 8.13920974731445 8.13905811309814 8.13913059234619 8.13920497894287 8.13925361633301 8.13928127288818 8.13924121856689 8.13949108123779 8.14025020599365 8.1409330368042 8.14153957366943 8.14184093475342 8.14195728302002 8.14164161682129 8.14118194580078 8.1408576965332 8.14055633544922 8.1407995223999 8.14097785949707 8.1407413482666 8.14059925079346 8.14071846008301 8.14086055755615 8.14103698730469 8.14086437225342 8.1403694152832 8.1395263671875
-9999 -9999 -9999 -9999 8.16646480560303 8.16376113891602 8.16547203063965 8.1557092666626 8.1457986831665 8.14123249053955 8.13760852813721 8.13758945465088 8.13788986206055 8.13882064819336 8.13950252532959 8.1398983001709 8.13996028900146 8.13979148864746 8.13933086395264 8.13875675201416 8.13852787017822 8.13836097717285 8.13855171203613 8.13875007629395 8.13894176483154 8.13905906677246 8.13893508911133 8.13896083831787 8.13924789428711 8.13950252532959 8.13972473144531 8.13980484008789 8.13979816436768 8.13954257965088 8.13920497894287 8.13886165618896 8.13851833343506 8.13842868804932 8.13827419281006 8.1377010345459 8.13721084594727 8.13695049285889 8.13669395446777 8.13644504547119 8.13566112518311 8.13438701629639 8.13274097442627
-9999 -9999 -9999 -9999 8.16233444213867 8.16090869903564 8.15914821624756 8.15141296386719 8.14367580413818 8.13960075378418 8.13641357421875 8.13662338256836 8.13716888427734 8.13837718963623 8.1391716003418 8.13948917388916 8.13938045501709 8.13898086547852 8.13846206665039 8.13789749145508 8.13775253295898 8.13768005371094 8.13805103302002 8.13841247558594 8.13861560821533 8.13871669769287 8.1384859085083 8.13824844360352 8.13799953460693 8.13771438598633 8.1373929977417 8.13713359832764 8.13691329956055 8.13667011260986 8.13642024993896 8.13603591918945 8.1356315612793 8.13504028320312 8.13437938690186 8.13327121734619 8.13224315643311 8.13143730163574 8.13058853149414 8.12967300415039 8.12822914123535 8.12630176544189 8.12433910369873
-9999 -9999 -9999 -9999 8.16090869903564 8.15877723693848 8.15627574920654 8.14945411682129 8.14251327514648 8.13837909698486 8.13519287109375 8.13563060760498 8.1363353729248 8.13756561279297 8.13836479187012 8.1386661529541 8.13854217529297 8.1381254196167 8.13773345947266 8.13735294342041 8.13733768463135 8.1373872756958 8.13782691955566 8.13823986053467 8.13835144042969 8.13833618164062 8.13790607452393 8.1373348236084 8.13651371002197 8.13562679290771 8.13467216491699 8.13394069671631 8.13334560394287 8.13305282592773 8.13286018371582 8.1323881149292 8.13187313079834 8.13088893890381 8.12985324859619 8.12849426269531 8.127197265625 8.12607288360596 8.12491512298584 8.123703956604 8.12218856811523 8.12039375305176 8.11874866485596
-9999 -9999 -9999 -9999 8.15865421295166 8.15627574920654 8.14950084686279 8.14924812316895 8.14207077026367 8.13746452331543 8.13395118713379 8.13461875915527 8.13541889190674 8.13647937774658 8.13720226287842 8.13753318786621 8.13750743865967 8.13723659515381 8.13711166381836 8.13704299926758 8.13719463348389 8.13738536834717 8.13781070709229 8.13819026947021 8.13813304901123 8.13792514801025 8.13722896575928 8.13626956939697 8.13484954833984 8.13331508636475 8.13166046142578 8.13035583496094 8.12926578521729 8.12887668609619 8.1287202835083 8.12812328338623 8.12746047973633 8.12616443634033 8.12485408782959 8.12345695495605 8.12209320068359 8.12082004547119 8.1195650100708 8.11833667755127 8.11719036102295 8.11611843109131 8.11526584625244
-9999 -9999 -9999 -9999 8.15627574920654 8.1486120223999 8.14524745941162 8.14302444458008 8.14252471923828 8.13745594024658 8.13351631164551 8.13390064239502 8.13448810577393 8.13547706604004 8.13619804382324 8.13661098480225 8.13664627075195 8.13642311096191 8.13646697998047 8.13661575317383 8.13691234588623 8.13723468780518 8.13761615753174 8.13793182373047 8.13769340515137 8.13726902008057 8.13623809814453 8.13486576080322 8.13289356231689 8.13090705871582 8.12890529632568 8.12735939025879 8.12609004974365 8.12562561035156 8.1254301071167 8.12472057342529 8.12393474578857 8.12250804901123 8.12108707427979 8.11970710754395 8.11837863922119 8.11719703674316 8.11608791351318 8.11509227752686 8.11435794830322 8.11386394500732 8.11348533630371
-9999 -9999 -9999 -9999 -9999 8.1441068649292 8.14342594146729 8.14346885681152 8.1433629989624 8.13783550262451 8.13342761993408 8.13330841064453 8.13355159759521 8.1345100402832 8.13526248931885 8.13577842712402 8.13585948944092 8.13564109802246 8.13581371307373 8.13613700866699 8.13656997680664 8.13702201843262 8.13734436035156 8.13758373260498 8.13715934753418 8.13650703430176 8.1351146697998 8.13331699371338 8.13081169128418 8.12845802307129 8.12626171112061 8.12461376190186 8.12330150604248 8.12277221679688 8.12250423431396 8.1216869354248 8.12079048156738 8.119309425354 8.11784839630127 8.1165075302124 8.11526107788086 8.11427211761475 8.11341381072998 8.11275768280029 8.11245346069336 8.112473487854 8.11243534088135
-9999 -9999 -9999 -9999 -9999 8.1433629989624 8.14364814758301 8.14378452301025 8.14331722259521 8.13725185394287 8.1323766708374 8.13205528259277 8.13217544555664 8.1331672668457 8.13400173187256 8.13465309143066 8.13474273681641 8.134446144104 8.13451385498047 8.13472366333008 8.13530540466309 8.13595199584961 8.13634872436523 8.13665676116943 8.13627433776855 8.13562393188477 8.13410568237305 8.13218021392822 8.12954330444336 8.12712669372559 8.12493515014648 8.12325572967529 8.12188816070557 8.12110233306885 8.12051105499268 8.11943340301514 8.11828708648682 8.1167688369751 8.11528015136719 8.11398124694824 8.11283016204834 8.11208534240723 8.11151218414307 8.11120223999023 8.11119937896729 8.11147785186768 8.11170387268066
-9999 -9999 -9999 -9999 -9999 8.14248275756836 8.14301586151123 8.14369010925293 8.14308834075928 8.1364688873291 8.13112545013428 8.13066577911377 8.13070869445801 8.13174724578857 8.1326732635498 8.13346767425537 8.13355827331543 8.13316535949707 8.13308143615723 8.13311576843262 8.13384914398193 8.13470649719238 8.13520336151123 8.13560962677002 8.13531589508057 8.13471603393555 8.13312149047852 8.13113021850586 8.12844467163086 8.12602615356445 8.12388229370117 8.12218379974365 8.12075805664062 8.11967658996582 8.1187105178833 8.11734104156494 8.11591529846191 8.1143627166748 8.1128511428833 8.11159420013428 8.11054039001465 8.11005210876465 8.10976982116699 8.10980796813965 8.11007881164551 8.11056327819824 8.11103820800781
-9999 -9999 -9999 -9999 -9999 -9999 8.14078521728516 8.14157295227051 8.14098834991455 8.13384437561035 8.12823581695557 8.12850952148438 8.1291675567627 8.13058471679688 8.13173866271973 8.13258647918701 8.13268280029297 8.13226222991943 8.13192272186279 8.13161468505859 8.13200283050537 8.13251304626465 8.13316440582275 8.13375186920166 8.13378524780273 8.13349437713623 8.13214874267578 8.13038635253906 8.12789630889893 8.12552261352539 8.12326812744141 8.12138938903809 8.11973857879639 8.11838436126709 8.11712741851807 8.11559867858887 8.11403369903564 8.1124849319458 8.11099338531494 8.10985660552979 8.10892868041992 8.10858058929443 8.10844612121582 8.10864162445068 8.10909843444824 8.10979652404785 8.1105260848999
-9999 -9999 -9999 -9999 -9999 -9999 8.1377477645874 8.13709259033203 8.13857460021973 8.13104629516602 8.12529563903809 8.12635612487793 8.12766170501709 8.12945461273193 8.13082122802734 8.13169765472412 8.13179111480713 8.13134670257568 8.13076782226562 8.13013648986816 8.13016605377197 8.13031196594238 8.13108921051025 8.13183498382568 8.13219738006592 8.13222122192383 8.13114929199219 8.12963962554932 8.12736797332764 8.12504863739014 8.12268257141113 8.12062072753906 8.11874389648438 8.11712837219238 8.1156005859375 8.11392784118652 8.11223602294922 8.11069869995117 8.10923194885254 8.10821723937988 8.10741138458252 8.10719108581543 8.1071891784668 8.10752391815186 8.10815906524658 8.10906982421875 8.11004066467285
-9999 -9999 -9999 -9999 -9999 -9999 8.13574886322021 8.13457679748535 8.13370609283447 8.12728023529053 8.12259864807129 8.12459087371826 8.12657356262207 8.12853622436523 8.12990283966064 8.13058471679688 8.13058471679688 8.13011837005615 8.12950992584229 8.12884712219238 8.12862491607666 8.1284818649292 8.12907123565674 8.12967395782471 8.13026237487793 8.13055038452148 8.12986183166504 8.12871551513672 8.12677192687988 8.12459945678711 8.1221923828125 8.12000560760498 8.11795425415039 8.11621379852295 8.114577293396 8.11284828186035 8.11110782623291 8.1096305847168 8.10822868347168 8.10730743408203 8.10658359527588 8.10640907287598 8.10645008087158 8.10682392120361 8.10758304595947 8.1086950302124 8.10976505279541
-9999 -9999 -9999 -9999 -9999 8.14181900024414 8.13641548156738 8.13557624816895 8.12912464141846 8.12407970428467 8.12062549591064 8.12325477600098 8.12567329406738 8.1276741027832 8.12897300720215 8.12946319580078 8.12937259674072 8.12888336181641 8.12827110290527 8.127610206604 8.12720394134521 8.12684154510498 8.12722778320312 8.12766742706299 8.12841606140137 8.1289119720459 8.12858772277832 8.12779235839844 8.12617588043213 8.12415027618408 8.12170505523682 8.11941242218018 8.11721229553223 8.11538505554199 8.11368083953857 8.11193466186523 8.11018371582031 8.10878467559814 8.10745811462402 8.10659503936768 8.10591602325439 8.10575008392334 8.10582828521729 8.10628128051758 8.10715293884277 8.10840797424316 8.10953617095947
-9999 -9999 -9999 -9999 8.15604209899902 8.14595031738281 8.14181900024414 8.13369083404541 8.1255989074707 8.12295436859131 8.12130928039551 8.12349128723145 8.12546348571777 8.12702083587646 8.12800121307373 8.1283130645752 8.12813568115234 8.1276216506958 8.12709808349609 8.1265697479248 8.12621688842773 8.12589454650879 8.12602615356445 8.12622356414795 8.12689113616943 8.1273946762085 8.12736225128174 8.12687015533447 8.12557601928711 8.12370204925537 8.1212329864502 8.11889839172363 8.11664485931396 8.11487007141113 8.11325454711914 8.11163234710693 8.11001110076904 8.1087532043457 8.1075382232666 8.10660171508789 8.10583591461182 8.10554790496826 8.105637550354 8.10631370544434 8.10725688934326 8.10844421386719 8.10947799682617
