Ecospace-environmental-drivers/Outputs/ASCII-for-ecospace/MOM6-ISIMIP3a/ph-surf/2001-03_ph-surf_MOM6-ISIMIP3a.asc
NCOLS 131 
NROWS 53 
XLLCORNER -98 
YLLCORNER 23.9265270233154 
CELLSIZE 0.133587792515755 
NODATA_value -9999 
[rows 21 to 41 of 53, columns 0 to 46 of 131]
-9999 -9999 -9999 -9999 -9999 -9999 8.17545890808105 8.1757755279541 8.17673015594482 8.17797660827637 8.17666721343994 8.17156410217285 8.17369937896729 8.1800594329834 8.18522262573242 8.18900299072266 8.19121837615967 8.19235801696777 8.18981266021729 8.18584537506104 8.18474769592285 8.18415546417236 8.18302345275879 8.18181991577148 8.18011951446533 8.17888736724854 8.17917346954346 8.17933082580566 8.17926025390625 8.17941570281982 8.17980194091797 8.17985439300537 8.17970275878906 8.17893409729004 8.17796039581299 8.1773509979248 8.17679595947266 8.17669105529785 8.17645168304443 8.17536067962646 8.1744966506958 8.17426586151123 8.17413330078125 8.17415332794189 8.17418003082275 8.17421340942383 8.17502593994141
-9999 -9999 -9999 -9999 -9999 -9999 8.17543697357178 8.17545890808105 8.17609310150146 8.17739105224609 8.17797660827637 8.18046188354492 8.18270301818848 8.18446159362793 8.18511199951172 8.18448448181152 8.18356895446777 8.18245697021484 8.17964839935303 8.17618465423584 8.17521953582764 8.17469596862793 8.17401027679443 8.17326736450195 8.17208480834961 8.17123985290527 8.17149543762207 8.17165184020996 8.17163753509521 8.17172908782959 8.17192840576172 8.17182636260986 8.17154026031494 8.17082786560059 8.16997337341309 8.16940212249756 8.16887474060059 8.16886615753174 8.16876411437988 8.16805839538574 8.1674919128418 8.16730976104736 8.16721534729004 8.16725540161133 8.16740798950195 8.16766452789307 8.16879272460938
-9999 -9999 -9999 -9999 8.17903614044189 8.17653465270996 8.17535877227783 8.17549228668213 8.17545890808105 8.17672729492188 8.17939949035645 8.18744659423828 8.19161796569824 8.18812274932861 8.1838846206665 8.17879009246826 8.17483711242676 8.17166996002197 8.16893005371094 8.16635417938232 8.1657075881958 8.16540145874023 8.1652193069458 8.16499423980713 8.16437816619873 8.16396522521973 8.16421127319336 8.16438961029053 8.16445159912109 8.1644983291626 8.16452789306641 8.16428661346436 8.16387939453125 8.16325283050537 8.16255283355713 8.16204071044922 8.16155815124512 8.16162776947021 8.16164684295654 8.16134643554688 8.16109180450439 8.16096210479736 8.1609001159668 8.16094303131104 8.161208152771 8.16167736053467 8.16308879852295
-9999 -9999 -9999 -9999 8.18475532531738 8.17949676513672 8.17771053314209 8.17535877227783 8.17565822601318 8.17946434020996 8.18356132507324 8.18876934051514 8.18989562988281 8.18294811248779 8.17684555053711 8.17171669006348 8.16825675964355 8.16594123840332 8.16411781311035 8.16248321533203 8.16186618804932 8.16142749786377 8.16156101226807 8.16169166564941 8.161696434021 8.16180896759033 8.16226863861084 8.16259384155273 8.16268253326416 8.16271495819092 8.16268920898438 8.16234016418457 8.16179466247559 8.16114807128906 8.16046905517578 8.15997982025146 8.15951919555664 8.15942287445068 8.15930366516113 8.15903377532959 8.1587963104248 8.15864944458008 8.15856742858887 8.1585865020752 8.15890598297119 8.15950298309326 8.16083908081055
-9999 -9999 -9999 -9999 -9999 8.18475532531738 8.18016338348389 8.18006229400635 8.17597770690918 8.18192958831787 8.18706893920898 8.18910026550293 8.18724727630615 8.17771148681641 8.17025184631348 8.16518783569336 8.16219425201416 8.16062259674072 8.15958595275879 8.1587553024292 8.15821743011475 8.15773105621338 8.15812397003174 8.1585521697998 8.15912532806396 8.15973091125488 8.16044235229492 8.16095733642578 8.16113090515137 8.16117763519287 8.16109466552734 8.1606273651123 8.15992546081543 8.15924453735352 8.15857028961182 8.1580924987793 8.15764427185059 8.1574068069458 8.15716743469238 8.15691757202148 8.15668869018555 8.15651798248291 8.15641212463379 8.15641021728516 8.15676403045654 8.15744495391846 8.15866947174072
-9999 -9999 -9999 -9999 -9999 8.18499279022217 8.18475532531738 8.18047618865967 8.17682647705078 8.18319988250732 8.18770885467529 8.18508148193359 8.1805362701416 8.17219924926758 8.16561126708984 8.16104221343994 8.15840911865234 8.1571044921875 8.15628528594971 8.15565299987793 8.15541744232178 8.15525245666504 8.15565776824951 8.1561279296875 8.15703582763672 8.15799427032471 8.15911960601807 8.16001987457275 8.1605281829834 8.1607141494751 8.160569190979 8.15993595123291 8.1590051651001 8.1582202911377 8.15748500823975 8.15696907043457 8.15648555755615 8.15621185302734 8.15593814849854 8.15566635131836 8.1554069519043 8.15518093109131 8.15503883361816 8.15502452850342 8.15531921386719 8.15589714050293 8.15685558319092
-9999 -9999 8.18557357788086 8.18549156188965 8.18538856506348 8.18523120880127 8.18499279022217 8.1815881729126 8.17872619628906 8.18417167663574 8.18720245361328 8.18098926544189 8.17436599731445 8.16693115234375 8.16109657287598 8.15710830688477 8.15489482879639 8.15390014648438 8.15332984924316 8.15292453765869 8.15294742584229 8.15304756164551 8.15349006652832 8.15401554107666 8.15516662597656 8.15638542175293 8.15781784057617 8.15904140472412 8.1599006652832 8.16026592254639 8.16012287139893 8.15939617156982 8.15831470489502 8.15743541717529 8.15662288665771 8.15603828430176 8.15548706054688 8.15515518188477 8.15482902526855 8.15454483032227 8.15426731109619 8.15400505065918 8.15383243560791 8.15379619598389 8.15403366088867 8.15452194213867 8.15526485443115
-9999.000000000000000 -9999 -9999 -9999 8.1858549118042 8.18554592132568 8.18569087982178 8.18422412872314 8.18291854858398 8.18449306488037 8.18419647216797 8.17673683166504 8.16937160491943 8.16219520568848 8.15685558319092 8.15363502502441 8.15197277069092 8.15137958526611 8.15112972259521 8.15101146697998 8.15119934082031 8.15144157409668 8.15197372436523 8.15258312225342 8.15378189086914 8.15505409240723 8.15656185150146 8.15797424316406 8.15921974182129 8.15985107421875 8.15985012054443 8.15918827056885 8.15812492370605 8.15716934204102 8.15625095367432 8.15552806854248 8.15483474731445 8.15439605712891 8.15398025512695 8.15370845794678 8.15343952178955 8.1531810760498 8.15299224853516 8.15291023254395 8.15309619903564 8.15352821350098 8.15416526794434
-9999 -9999 -9999 -9999 8.18651294708252 8.18678665161133 8.18653392791748 8.18638896942139 8.18620014190674 8.18544387817383 8.1829891204834 8.17403221130371 8.16563987731934 8.15836143493652 8.15327835083008 8.15072727203369 8.14957046508789 8.14937114715576 8.14940929412842 8.14953994750977 8.14984130859375 8.15017414093018 8.15070724487305 8.15131759643555 8.15253162384033 8.15381717681885 8.15533351898193 8.1568431854248 8.15834140777588 8.15921115875244 8.15943336486816 8.15893840789795 8.15800476074219 8.15704822540283 8.15608406066895 8.1552562713623 8.15444946289062 8.15387916564941 8.15334701538086 8.15305709838867 8.15277194976807 8.15250301361084 8.15227603912354 8.15211391448975 8.15220642089844 8.15253067016602 8.15306091308594
-9999 -9999 -9999 -9999 8.18699645996094 8.18720626831055 8.18746566772461 8.18795967102051 8.18833541870117 8.1871862411499 8.18404388427734 8.17327499389648 8.16349411010742 8.15566444396973 8.15053749084473 8.14853096008301 8.14782333374023 8.1480073928833 8.14829540252686 8.14862155914307 8.14897441864014 8.14933204650879 8.14975547790527 8.15026187896729 8.15145206451416 8.15270042419434 8.15413951873779 8.15563106536865 8.15721607208252 8.15828895568848 8.15883636474609 8.1586332321167 8.15797138214111 8.15710735321045 8.15617370605469 8.15528297424316 8.15439891815186 8.15366458892822 8.15298366546631 8.15263843536377 8.15230655670166 8.15200901031494 8.1517162322998 8.15143203735352 8.15137672424316 8.15153121948242 8.15195178985596
-9999 -9999 -9999 -9999 8.18720626831055 8.18752002716064 8.18788814544678 8.18892478942871 8.1898250579834 8.18850040435791 8.18483257293701 8.17219352722168 8.16113185882568 8.15318870544434 8.14827919006348 8.14686965942383 8.14656162261963 8.14701080322266 8.14751148223877 8.14803028106689 8.14846992492676 8.14889430999756 8.14921569824219 8.14961624145508 8.15068817138672 8.15181827545166 8.15313911437988 8.1545295715332 8.15604305267334 8.15721225738525 8.1580286026001 8.15818500518799 8.15793895721436 8.15725994110107 8.1564359664917 8.15550518035889 8.15456104278564 8.15364074707031 8.15278625488281 8.15234661102295 8.15193176269531 8.15158367156982 8.15123462677002 8.1508846282959 8.15069770812988 8.15066146850586 8.15090942382812
-9999 -9999 -9999 -9999 8.18753814697266 8.18788814544678 8.18914890289307 8.18943500518799 8.19083023071289 8.18949508666992 8.18542289733887 8.17086887359619 8.15860748291016 8.15087985992432 8.14638233184814 8.14560985565186 8.14566516876221 8.14628982543945 8.14697551727295 8.14768505096436 8.14823627471924 8.14875888824463 8.14898586273193 8.14927768707275 8.15016174316406 8.15111446380615 8.15228462219238 8.15351104736328 8.15483474731445 8.15601921081543 8.15706253051758 8.15762901306152 8.1579065322876 8.15748310089111 8.15682601928711 8.15587520599365 8.15488243103027 8.15375900268555 8.15271186828613 8.15214920043945 8.15162563323975 8.15120983123779 8.15081119537354 8.1504373550415 8.15013217926025 8.14988994598389 8.14991760253906
-9999 -9999 -9999 -9999 8.18788814544678 8.18892478942871 8.18985939025879 8.19034862518311 8.19022464752197 8.18704986572266 8.18153762817383 8.16708374023438 8.15526103973389 8.14864540100098 8.14492702484131 8.14455223083496 8.14480781555176 8.14549732208252 8.14631271362305 8.14717674255371 8.14789962768555 8.14859771728516 8.1489200592041 8.14927005767822 8.14990901947021 8.15064334869385 8.15168571472168 8.15280914306641 8.15407562255859 8.1552734375 8.15639972686768 8.15714168548584 8.15764904022217 8.15739345550537 8.15688323974609 8.15597629547119 8.1550121307373 8.15388679504395 8.15282154083252 8.15213966369629 8.1515007019043 8.15097999572754 8.1505241394043 8.15016651153564 8.14982032775879 8.1494836807251 8.14932250976562
-9999 -9999 -9999 -9999 -9999 8.18851470947266 8.18880367279053 8.18979549407959 8.18893051147461 8.18312931060791 8.17573547363281 8.1622428894043 8.15156173706055 8.14644241333008 8.14366245269775 8.14357948303223 8.14396572113037 8.14467430114746 8.14559555053711 8.14659881591797 8.1475191116333 8.14842510223389 8.14892578125 8.14940452575684 8.14977264404297 8.15027236938477 8.15119552612305 8.15224361419678 8.15351009368896 8.15471839904785 8.15586757659912 8.15668296813965 8.1572961807251 8.15717029571533 8.15679740905762 8.15596103668213 8.15506076812744 8.15401840209961 8.15301036834717 8.1522102355957 8.15145301818848 8.15081214904785 8.15029525756836 8.14997100830078 8.14961624145508 8.14923286437988 8.14889717102051
-9999 -9999 -9999 -9999 -9999 8.18621444702148 8.18688106536865 8.1862678527832 8.18577575683594 8.17727947235107 8.16825675964355 8.15721607208252 8.14862632751465 8.14488506317139 8.14281463623047 8.14267158508301 8.14304065704346 8.14376258850098 8.1448278427124 8.14602565765381 8.14714241027832 8.14824485778809 8.14900684356689 8.14971160888672 8.14999103546143 8.15041065216064 8.15128898620605 8.15224361419678 8.15333271026611 8.15435791015625 8.15531826019287 8.15580272674561 8.15599822998047 8.15580940246582 8.15549278259277 8.15484046936035 8.15414047241211 8.1533727645874 8.15262508392334 8.15200614929199 8.15136909484863 8.15068340301514 8.15016555786133 8.14990901947021 8.14957141876221 8.14915943145752 8.14872550964355
-9999 -9999 -9999 -9999 -9999 8.18245887756348 8.18295860290527 8.18457984924316 8.18223667144775 8.17103004455566 8.16042995452881 8.15215015411377 8.14584827423096 8.14346122741699 8.14205360412598 8.1417760848999 8.14209842681885 8.14283180236816 8.14404964447021 8.14545345306396 8.14676570892334 8.14806270599365 8.14910411834717 8.15005397796631 8.15028095245361 8.15065479278564 8.15150356292725 8.1523609161377 8.15323638916016 8.15403842926025 8.15476417541504 8.15483474731445 8.15450477600098 8.15421390533447 8.15393543243408 8.15349006652832 8.15302085876465 8.15256595611572 8.15212154388428 8.1517448425293 8.15127849578857 8.15056324005127 8.15005779266357 8.14987373352051 8.14955902099609 8.1491231918335 8.14860534667969
-9999 -9999 -9999 -9999 -9999 -9999 8.17753791809082 8.17802906036377 8.17709350585938 8.16588306427002 8.15572166442871 8.14957809448242 8.14478874206543 8.14267635345459 8.14131164550781 8.14080905914307 8.1410551071167 8.14181613922119 8.14305210113525 8.14447212219238 8.14593124389648 8.14739799499512 8.14883518218994 8.15015602111816 8.15050601959229 8.15091228485107 8.15150260925293 8.15202522277832 8.15242671966553 8.15281581878662 8.15319156646729 8.1531982421875 8.15297985076904 8.15294361114502 8.15296936035156 8.15274047851562 8.15247631072998 8.1521577835083 8.15186023712158 8.15170097351074 8.15137195587158 8.15056896209717 8.14986610412598 8.14931869506836 8.14888668060303 8.14856052398682 8.14825820922852
-9999 -9999 -9999 -9999 -9999 -9999 8.17160701751709 8.17000389099121 8.17179679870605 8.16087055206299 8.15135288238525 8.14722728729248 8.14385032653809 8.14195537567139 8.1406078338623 8.139892578125 8.14004707336426 8.1407995223999 8.14202404022217 8.1434326171875 8.14501190185547 8.14662170410156 8.14844703674316 8.15013408660889 8.15063285827637 8.15109062194824 8.15141677856445 8.15160655975342 8.15155792236328 8.15156650543213 8.15163326263428 8.15161228179932 8.15153694152832 8.15177631378174 8.15211963653564 8.15209770202637 8.15202331542969 8.15181064605713 8.15162754058838 8.15163612365723 8.15141582489014 8.150559425354 8.1496696472168 8.14872932434082 8.14815616607666 8.14791965484619 8.14783191680908
-9999 -9999 -9999 -9999 -9999 -9999 8.16636753082275 8.16678905487061 8.16562557220459 8.15677070617676 8.14911270141602 8.14603328704834 8.14338874816895 8.14160633087158 8.14030265808105 8.13955307006836 8.1394567489624 8.13981056213379 8.14076709747314 8.1419563293457 8.14339923858643 8.14488697052002 8.14695262908936 8.14890003204346 8.14975261688232 8.15042686462402 8.15051651000977 8.1505298614502 8.15041065216064 8.15047264099121 8.15071964263916 8.15088176727295 8.15099239349365 8.15153980255127 8.15223217010498 8.15229606628418 8.15227127075195 8.15193176269531 8.15159034729004 8.1512336730957 8.15083980560303 8.15034008026123 8.14946937561035 8.14802646636963 8.14711570739746 8.14669227600098 8.14667510986328
-9999 -9999 -9999 -9999 -9999 8.16443252563477 8.1633129119873 8.16230964660645 8.15971374511719 8.15287399291992 8.14701366424561 8.14490413665771 8.14294528961182 8.14128303527832 8.14003944396973 8.13927745819092 8.13895797729492 8.13894271850586 8.1396369934082 8.14060497283936 8.14192199707031 8.14330101013184 8.1455135345459 8.14763164520264 8.14881420135498 8.14972686767578 8.14975929260254 8.14970779418945 8.14950656890869 8.14960479736328 8.15001106262207 8.15031909942627 8.15056610107422 8.15127468109131 8.15213775634766 8.15223121643066 8.1522159576416 8.1517972946167 8.15135955810547 8.15079498291016 8.15031433105469 8.15006732940674 8.14920425415039 8.14738941192627 8.14616870880127 8.14549350738525 8.14548397064209
-9999 -9999 -9999 -9999 8.16536808013916 8.16425132751465 8.16443252563477 8.1597204208374 8.15475368499756 8.14971828460693 8.145432472229 8.14401245117188 8.14256286621094 8.14105319976807 8.13992691040039 8.13924312591553 8.13879680633545 8.13851356506348 8.13897132873535 8.13971424102783 8.14094352722168 8.14225769042969 8.14427280426025 8.14623832702637 8.14765930175781 8.14889526367188 8.14953136444092 8.14981746673584 8.14949226379395 8.14956855773926 8.15005683898926 8.15036869049072 8.15057182312012 8.15090847015381 8.15128803253174 8.15119934082031 8.15104484558105 8.15072441101074 8.15042018890381 8.15022468566895 8.14998054504395 8.14960098266602 8.14869976043701 8.14699268341064 8.1455659866333 8.1443977355957 8.14416694641113
