Ecospace-environmental-drivers/Outputs/ASCII-for-ecospace/MOM6-ISIMIP3a/ph-surf/2002-10_ph-surf_MOM6-ISIMIP3a.asc
NCOLS 131 
NROWS 53 
XLLCORNER -98 
YLLCORNER 23.9265270233154 
CELLSIZE 0.133587792515755 
NODATA_value -9999 
[rows 21 to 41 of 53, columns 0 to 46 of 131]
-9999 -9999 -9999 -9999 -9999 -9999 8.14407539367676 8.14433097839355 8.14503765106201 8.14623737335205 8.14822864532471 8.15153789520264 8.15062522888184 8.14790821075439 8.14674854278564 8.14738655090332 8.14785480499268 8.14820575714111 8.14774894714355 8.14698028564453 8.14667129516602 8.14644336700439 8.14553737640381 8.14469718933105 8.1445198059082 8.14466285705566 8.14584541320801 8.14695739746094 8.1479434967041 8.14882946014404 8.14961338043213 8.14982318878174 8.14968490600586 8.14831256866455 8.14652919769287 8.14549541473389 8.14457225799561 8.14469909667969 8.14477729797363 8.14455604553223 8.14429950714111 8.14394950866699 8.14421653747559 8.14543533325195 8.14735221862793 8.14990997314453 8.15159034729004
-9999 -9999 -9999 -9999 -9999 -9999 8.14402484893799 8.14407539367676 8.14458656311035 8.14525127410889 8.14623737335205 8.14691162109375 8.14689064025879 8.14549160003662 8.1448802947998 8.14517784118652 8.145188331604 8.14500141143799 8.14468383789062 8.14431667327881 8.14421939849854 8.14416885375977 8.14336681365967 8.14257717132568 8.14203548431396 8.1417760848999 8.14243316650391 8.14314842224121 8.14396476745605 8.14477920532227 8.14559268951416 8.14599132537842 8.1461353302002 8.14523410797119 8.14398288726807 8.14275550842285 8.14153480529785 8.14095115661621 8.14039134979248 8.13998508453369 8.13961982727051 8.13936996459961 8.13972282409668 8.14100456237793 8.14295387268066 8.14551544189453 8.14759254455566
-9999 -9999 -9999 -9999 8.14653778076172 8.14473342895508 8.14399528503418 8.14400291442871 8.14407539367676 8.14509773254395 8.14559364318848 8.14407634735107 8.1431245803833 8.14329242706299 8.14324378967285 8.14294242858887 8.14237213134766 8.14161586761475 8.14144897460938 8.14150905609131 8.14160537719727 8.14170742034912 8.14107036590576 8.14039134979248 8.13951301574707 8.13885688781738 8.13892364501953 8.13919162750244 8.13981056213379 8.14053821563721 8.14137554168701 8.14197254180908 8.14242076873779 8.14205265045166 8.14141178131104 8.14005470275879 8.13860034942627 8.13733196258545 8.13615989685059 8.13559532165527 8.13514137268066 8.13499736785889 8.13539886474609 8.13664436340332 8.13851833343506 8.14097023010254 8.14337348937988
-9999 -9999 -9999 -9999 8.15070819854736 8.14671325683594 8.14547252655029 8.14399528503418 8.14393711090088 8.14319229125977 8.14255714416504 8.14233684539795 8.14194011688232 8.14119529724121 8.14040756225586 8.139573097229 8.13877296447754 8.13799667358398 8.13773345947266 8.13766765594482 8.13772869110107 8.1378116607666 8.13775539398193 8.1376314163208 8.13696670532227 8.13636112213135 8.13594532012939 8.13574504852295 8.13591957092285 8.13629722595215 8.13688373565674 8.1374340057373 8.13796234130859 8.13798332214355 8.13783645629883 8.13689517974854 8.13584327697754 8.13470268249512 8.13361740112305 8.13288497924805 8.13226795196533 8.13197422027588 8.13206958770752 8.13276672363281 8.13401508331299 8.13576889038086 8.13786125183105
-9999 -9999 -9999 -9999 -9999 8.15070819854736 8.14667892456055 8.14694976806641 8.14315605163574 8.14126014709473 8.13990688323975 8.14062881469727 8.14059638977051 8.13907051086426 8.13765811920166 8.13637733459473 8.13538551330566 8.13459205627441 8.13421154022217 8.13399028778076 8.1339693069458 8.13398456573486 8.13436508178711 8.13466167449951 8.13419151306152 8.13365459442139 8.13290023803711 8.13235378265381 8.13216876983643 8.13224506378174 8.13259220123291 8.13305759429932 8.13359451293945 8.13391494750977 8.13416290283203 8.13362312316895 8.13297176361084 8.13198375701904 8.13101387023926 8.13015651702881 8.12940979003906 8.1289701461792 8.12878608703613 8.12899971008301 8.12967300415039 8.13076972961426 8.13250923156738
-9999 -9999 -9999 -9999 -9999 8.14791488647461 8.15070819854736 8.14506149291992 8.13955783843994 8.13920783996582 8.13895225524902 8.13905906677246 8.13855075836182 8.13682556152344 8.13528060913086 8.13394451141357 8.13292598724365 8.13212585449219 8.13153839111328 8.13103294372559 8.13072681427002 8.13045692443848 8.13064193725586 8.13077640533447 8.13041210174561 8.13002490997314 8.12955856323242 8.12920188903809 8.1290340423584 8.12902355194092 8.12917613983154 8.12938404083252 8.12962436676025 8.12984752655029 8.13006401062012 8.12986373901367 8.12960147857666 8.12887191772461 8.12813472747803 8.12735176086426 8.12662506103516 8.12605285644531 8.12570858001709 8.12571620941162 8.12603950500488 8.12665367126465 8.12786674499512
-9999 -9999 8.1404972076416 8.14166927337646 8.14326667785645 8.14511775970459 8.14791774749756 8.14267444610596 8.13748550415039 8.13790225982666 8.13814449310303 8.13771724700928 8.13685607910156 8.13513660430908 8.13361549377441 8.13232135772705 8.13132953643799 8.13054466247559 8.12978363037109 8.12903213500977 8.12842464447021 8.12784194946289 8.12771224975586 8.12756156921387 8.12715339660645 8.12676334381104 8.12643051147461 8.12615585327148 8.12598133087158 8.12588596343994 8.1258716583252 8.12587451934814 8.12588691711426 8.12602996826172 8.12621593475342 8.12627124786377 8.12630462646484 8.12578868865967 8.12524318695068 8.12450408935547 8.1237735748291 8.12306880950928 8.1225757598877 8.12240982055664 8.12247180938721 8.12274265289307 8.12350749969482
-9999.000000000000000 -9999 -9999 -9999 8.13662338256836 8.1414155960083 8.13970947265625 8.13919830322266 8.13874435424805 8.13822841644287 8.13765716552734 8.13687324523926 8.13592720031738 8.13465976715088 8.13350009918213 8.13246631622314 8.13161659240723 8.13089275360107 8.13003158569336 8.12911796569824 8.12817001342773 8.12721633911133 8.12651443481445 8.12580871582031 8.12502861022949 8.12430572509766 8.12376689910889 8.12334060668945 8.12310791015625 8.12293148040771 8.12281131744385 8.12272357940674 8.12265777587891 8.12275695800781 8.12291240692139 8.12304401397705 8.1231689453125 8.12276935577393 8.12232112884521 8.12156200408936 8.1207799911499 8.11993598937988 8.11931991577148 8.11905479431152 8.11904811859131 8.11927700042725 8.11977005004883
-9999 -9999 -9999 -9999 8.1270055770874 8.12333583831787 8.12757873535156 8.13368988037109 8.13937950134277 8.13896465301514 8.13835716247559 8.1370153427124 8.13582134246826 8.13492012023926 8.13397407531738 8.13297748565674 8.13205242156982 8.13117790222168 8.13008975982666 8.12891864776611 8.12764644622803 8.12635612487793 8.12523078918457 8.12411403656006 8.12304019927979 8.12204742431641 8.12131977081299 8.12073040008545 8.12038135528564 8.12008285522461 8.11983585357666 8.11962604522705 8.11943912506104 8.11947154998779 8.11957836151123 8.11974048614502 8.11990737915039 8.11960887908936 8.11925220489502 8.11852264404297 8.11774253845215 8.11682033538818 8.1161413192749 8.1158390045166 8.11580657958984 8.11602306365967 8.11631488800049
-9999 -9999 -9999 -9999 8.11980056762695 8.11626434326172 8.11189842224121 8.12562656402588 8.13923072814941 8.14021682739258 8.14055252075195 8.13839626312256 8.13674926757812 8.13610744476318 8.13518810272217 8.13394832611084 8.13267707824707 8.13138389587402 8.12990760803223 8.12836074829102 8.12678337097168 8.12520122528076 8.12384033203125 8.12249279022217 8.12122344970703 8.120041847229 8.11914539337158 8.11837863922119 8.11783790588379 8.1173677444458 8.11696910858154 8.1165943145752 8.11623382568359 8.11616992950439 8.1162052154541 8.11634159088135 8.11648845672607 8.11627101898193 8.11599636077881 8.11536121368408 8.11464977264404 8.11372566223145 8.11306095123291 8.11279678344727 8.11279582977295 8.11303424835205 8.11321449279785
-9999 -9999 -9999 -9999 8.11626434326172 8.1109790802002 8.10477542877197 8.12209033966064 8.13909244537354 8.14173126220703 8.14340686798096 8.14139175415039 8.1397590637207 8.13888072967529 8.13749980926514 8.13554096221924 8.13352298736572 8.13146495819092 8.12944984436035 8.12745094299316 8.12564849853516 8.12388038635254 8.12234497070312 8.12083435058594 8.11948585510254 8.11820697784424 8.11715507507324 8.11620616912842 8.11543750762939 8.11472511291504 8.11406993865967 8.11342906951904 8.11279678344727 8.11245441436768 8.11220932006836 8.11222076416016 8.11226749420166 8.11219882965088 8.11209106445312 8.11172294616699 8.11124801635742 8.11047744750977 8.10992813110352 8.10971832275391 8.10977554321289 8.11007595062256 8.11025428771973
-9999 -9999 -9999 -9999 8.11067295074463 8.10477542877197 8.12123203277588 8.12195014953613 8.13895988464355 8.14344215393066 8.14675521850586 8.14559841156006 8.14433002471924 8.14284229278564 8.1406364440918 8.13760089874268 8.13453578948975 8.13145160675049 8.1287841796875 8.12627696990967 8.12430858612061 8.1224365234375 8.12077236175537 8.11914730072021 8.11780738830566 8.11650085449219 8.11530303955078 8.11416816711426 8.11314392089844 8.112135887146 8.11114692687988 8.11016368865967 8.10918521881104 8.10842895507812 8.10774612426758 8.10755920410156 8.10744380950928 8.10757732391357 8.10769653320312 8.10772609710693 8.10761547088623 8.10711574554443 8.10675525665283 8.10661315917969 8.10674953460693 8.10714054107666 8.10739994049072
-9999 -9999 -9999 -9999 8.10477542877197 8.12276268005371 8.13089084625244 8.13611125946045 8.136962890625 8.14342880249023 8.14857769012451 8.1486873626709 8.14811420440674 8.14618682861328 8.14333534240723 8.1394157409668 8.13541126251221 8.13134860992432 8.12803745269775 8.12501525878906 8.12294864654541 8.12105083465576 8.11936950683594 8.1177282333374 8.11637401580811 8.11503982543945 8.11377048492432 8.11250686645508 8.11125564575195 8.10996055603027 8.10862159729004 8.10717678070068 8.10566806793213 8.10425472259521 8.10287189483643 8.1021842956543 8.10159778594971 8.10177612304688 8.1019983291626 8.10249614715576 8.1029224395752 8.10314559936523 8.1033296585083 8.10345363616943 8.10374355316162 8.10418510437012 8.10455799102783
-9999 -9999 -9999 -9999 -9999 8.13250064849854 8.13415431976318 8.13461017608643 8.13416576385498 8.14267635345459 8.14974594116211 8.15129852294922 8.15155982971191 8.14926719665527 8.14584732055664 8.14112567901611 8.13622760772705 8.1312084197998 8.1272554397583 8.1237154006958 8.12157917022705 8.11968994140625 8.11804008483887 8.11642360687256 8.11504554748535 8.11368370056152 8.1123743057251 8.11100769042969 8.10954093933105 8.10796165466309 8.10626602172852 8.10430812835693 8.10219192504883 8.10001754760742 8.09782314300537 8.09650325775146 8.09531402587891 8.09546947479248 8.09573936462402 8.0967378616333 8.09777355194092 8.09891414642334 8.09979438781738 8.10027122497559 8.10074615478516 8.10122108459473 8.10172080993652
-9999 -9999 -9999 -9999 -9999 8.13255882263184 8.1324577331543 8.13174057006836 8.13253307342529 8.14166069030762 8.14934253692627 8.15149211883545 8.15210151672363 8.14966583251953 8.14601230621338 8.14095401763916 8.13570785522461 8.13033199310303 8.12612533569336 8.12236976623535 8.12017345428467 8.11825180053711 8.11672973632812 8.1152286529541 8.1138391494751 8.11246204376221 8.11112689971924 8.10970211029053 8.10812091827393 8.10624599456787 8.10406684875488 8.10154724121094 8.09882068634033 8.09624671936035 8.09372329711914 8.09224700927734 8.0909252166748 8.09085941314697 8.09091663360596 8.09175205230713 8.09275054931641 8.09420585632324 8.09556198120117 8.09676551818848 8.09775638580322 8.09855079650879 8.09921741485596
-9999 -9999 -9999 -9999 -9999 8.13138294219971 8.13106346130371 8.13102149963379 8.13114070892334 8.14059066772461 8.14861488342285 8.15118503570557 8.15204238891602 8.14950942993164 8.14569187164307 8.1403923034668 8.13491058349609 8.12930488586426 8.12492370605469 8.12101554870605 8.11876106262207 8.11679744720459 8.11542224884033 8.11405563354492 8.11265754699707 8.11126804351807 8.1099100112915 8.10843753814697 8.10676288604736 8.10458850860596 8.10190010070801 8.09880828857422 8.0954704284668 8.09257221221924 8.08981990814209 8.08828639984131 8.08692932128906 8.08660125732422 8.08639049530029 8.0869255065918 8.08775424957275 8.08939838409424 8.09118556976318 8.09319400787354 8.09476757049561 8.09594249725342 8.09678363800049
-9999 -9999 -9999 -9999 -9999 -9999 8.13062763214111 8.1304292678833 8.13111114501953 8.13978004455566 8.14704704284668 8.14894962310791 8.14931106567383 8.14662551879883 8.14293384552002 8.13808250427246 8.1331090927124 8.1280517578125 8.12388801574707 8.12006950378418 8.11758422851562 8.11533451080322 8.11399078369141 8.1126651763916 8.11131858825684 8.10995578765869 8.10854053497314 8.10689067840576 8.10482978820801 8.10199642181396 8.09836673736572 8.0947732925415 8.09120273590088 8.08865833282471 8.08645725250244 8.08541584014893 8.08453941345215 8.0844087600708 8.08435249328613 8.08477687835693 8.08541393280029 8.08664512634277 8.08813762664795 8.09003162384033 8.09180355072021 8.09346199035645 8.09462642669678
-9999 -9999 -9999 -9999 -9999 -9999 8.13040161132812 8.13043117523193 8.13112163543701 8.13899612426758 8.14547157287598 8.14658832550049 8.14640712738037 8.14365577697754 8.14016914367676 8.13583374023438 8.1314001083374 8.12689876556396 8.12292766571045 8.11916255950928 8.11642169952393 8.11386203765869 8.11253833770752 8.11124229431152 8.10994529724121 8.10859870910645 8.10708904266357 8.10520935058594 8.10268115997314 8.09917640686035 8.09466648101807 8.09067535400391 8.08700084686279 8.08487987518311 8.08327770233154 8.08273887634277 8.08234977722168 8.08242988586426 8.08254432678223 8.08287811279297 8.08333778381348 8.08414936065674 8.08531475067139 8.08702659606934 8.08893871307373 8.09103584289551 8.0925121307373
-9999 -9999 -9999 -9999 -9999 -9999 8.12917613983154 8.13034439086914 8.1309175491333 8.13837814331055 8.144211769104 8.14381885528564 8.14293575286865 8.14108180999756 8.13850212097168 8.13508224487305 8.13116836547852 8.12691497802734 8.12269401550293 8.11848545074463 8.11530113220215 8.11229610443115 8.11091899871826 8.10958099365234 8.10828018188477 8.10682010650635 8.10484218597412 8.10222911834717 8.0985050201416 8.09437847137451 8.0898380279541 8.08652019500732 8.08394813537598 8.08265399932861 8.08178806304932 8.08160400390625 8.08151626586914 8.08174324035645 8.08199024200439 8.08236122131348 8.08279705047607 8.08341503143311 8.08427238464355 8.08549785614014 8.08712387084961 8.08911514282227 8.09072017669678
-9999 -9999 -9999 -9999 -9999 8.12314796447754 8.12678337097168 8.12675380706787 8.13080883026123 8.13789463043213 8.143235206604 8.1418981552124 8.14062595367432 8.13947868347168 8.13755798339844 8.13474464416504 8.13112831115723 8.12696170806885 8.12241268157959 8.11771488189697 8.11415386199951 8.11079216003418 8.1093168258667 8.10788631439209 8.10648536682129 8.1048059463501 8.10221767425537 8.09890270233154 8.09431934356689 8.08985900878906 8.08552646636963 8.08294010162354 8.08141899108887 8.08086395263672 8.08063220977783 8.08075904846191 8.08093643188477 8.08127880096436 8.08162689208984 8.0820140838623 8.08241653442383 8.08286190032959 8.08343982696533 8.0842227935791 8.08555221557617 8.0873851776123 8.08907127380371
-9999 -9999 -9999 -9999 8.13429737091064 8.12709808349609 8.12314796447754 8.12688541412354 8.13104915618896 8.13790225982666 8.14329528808594 8.14309406280518 8.14257717132568 8.14143371582031 8.13926696777344 8.13591957092285 8.13178825378418 8.12711906433105 8.12195587158203 8.11660194396973 8.11291122436523 8.1095142364502 8.10778045654297 8.10606670379639 8.10421752929688 8.10192680358887 8.09820747375488 8.09430980682373 8.09010028839111 8.0863618850708 8.08310890197754 8.081467628479 8.08080959320068 8.08067035675049 8.08070278167725 8.08097743988037 8.08128643035889 8.08162689208984 8.08196544647217 8.08228874206543 8.08261966705322 8.08297252655029 8.08338069915771 8.08387279510498 8.08487701416016 8.086350440979 8.08794403076172
