Ecospace-environmental-drivers/Outputs/ASCII-for-ecospace/MOM6-ISIMIP3a/ph-surf/2003-05_ph-surf_MOM6-ISIMIP3a.asc
NCOLS 131 
NROWS 53 
XLLCORNER -98 
YLLCORNER 23.9265270233154 
CELLSIZE 0.133587792515755 
NODATA_value -9999 
[rows 21 to 41 of 53, columns 0 to 46 of 131]
-9999 -9999 -9999 -9999 -9999 -9999 8.09842872619629 8.09777450561523 8.0960521697998 8.09330654144287 8.091233253479 8.08820629119873 8.08868789672852 8.09012126922607 8.09141445159912 8.09254550933838 8.09349346160889 8.09431552886963 8.09604930877686 8.09813594818115 8.10176467895508 8.10566425323486 8.10876178741455 8.11163425445557 8.1127872467041 8.11370944976807 8.11387729644775 8.11396789550781 8.11392116546631 8.11382675170898 8.11368370056152 8.11364459991455 8.11366844177246 8.11379909515381 8.11396503448486 8.11409854888916 8.11422729492188 8.11433029174805 8.11440086364746 8.11427116394043 8.11409473419189 8.11378765106201 8.11340618133545 8.11291027069092 8.11238193511963 8.11182498931885 8.11136150360107
-9999 -9999 -9999 -9999 -9999 -9999 8.09853649139404 8.09842872619629 8.09712028503418 8.0953540802002 8.09330654144287 8.09218788146973 8.09201049804688 8.09369373321533 8.09534740447998 8.09696674346924 8.09833526611328 8.09953117370605 8.10101222991943 8.10260200500488 8.10513114929199 8.10782527923584 8.11004066467285 8.11210441589355 8.11299514770508 8.11370944976807 8.11384773254395 8.11395359039307 8.11400318145752 8.11396884918213 8.11384868621826 8.11393642425537 8.11415100097656 8.11437797546387 8.11460971832275 8.11473560333252 8.11484527587891 8.11481952667236 8.11475372314453 8.11443042755127 8.11405658721924 8.11353969573975 8.11297702789307 8.11234569549561 8.11170101165771 8.11104488372803 8.11040496826172
-9999 -9999 -9999 -9999 8.10550785064697 8.10090446472168 8.09863471984863 8.09854602813721 8.09842872619629 8.09581089019775 8.09387016296387 8.09451961517334 8.09553909301758 8.0972900390625 8.09917736053467 8.10122203826904 8.10292816162109 8.10440158843994 8.10557174682617 8.10662651062012 8.10811996459961 8.10969161987305 8.11113929748535 8.11250114440918 8.11317157745361 8.1137170791626 8.11385726928711 8.11401844024658 8.11421775817871 8.11428451538086 8.11421394348145 8.11444187164307 8.1148509979248 8.11518859863281 8.11550045013428 8.11563873291016 8.11575126647949 8.11562538146973 8.11544799804688 8.11494445800781 8.11438083648682 8.11364936828613 8.11289691925049 8.11211013793945 8.11133289337158 8.11056423187256 8.10976314544678
-9999 -9999 -9999 -9999 8.11598587036133 8.10650634765625 8.10317325592041 8.09863471984863 8.09857368469238 8.09780025482178 8.09736061096191 8.09820175170898 8.09945011138916 8.10150337219238 8.10346126556396 8.10530853271484 8.10674476623535 8.10789680480957 8.10877418518066 8.10954570770264 8.11054706573486 8.11158847808838 8.11243152618408 8.11322784423828 8.11367034912109 8.11408424377441 8.11440563201904 8.11485958099365 8.11554527282715 8.11590671539307 8.11593437194824 8.1160135269165 8.11612510681152 8.11620712280273 8.11627864837646 8.1162281036377 8.1161584854126 8.11577129364014 8.11532211303711 8.11448192596436 8.11359882354736 8.11259746551514 8.11165428161621 8.11080265045166 8.10999965667725 8.1092414855957 8.10846328735352
-9999 -9999 -9999 -9999 -9999 8.11598587036133 8.108229637146 8.10771179199219 8.09973907470703 8.10040855407715 8.10116672515869 8.10227012634277 8.10374450683594 8.10595703125 8.10785388946533 8.10938739776611 8.11048316955566 8.11127948760986 8.11183261871338 8.11229228973389 8.11280632019043 8.11333084106445 8.11368083953857 8.11400985717773 8.1141996383667 8.11445617675781 8.11492538452148 8.11556434631348 8.11649894714355 8.11700057983398 8.11705589294434 8.11698341369629 8.11683368682861 8.11667251586914 8.11650657653809 8.11624431610107 8.11596488952637 8.11530685424805 8.11458110809326 8.11343097686768 8.11226463317871 8.11105155944824 8.10997295379639 8.10910320281982 8.10832214355469 8.10762310028076 8.10690593719482
-9999 -9999 -9999 -9999 -9999 8.11806583404541 8.11598587036133 8.11058712005615 8.10537815093994 8.10573196411133 8.10635852813721 8.10802841186523 8.10972309112549 8.11146640777588 8.11272716522217 8.11343002319336 8.11388397216797 8.11416625976562 8.11425876617432 8.11427783966064 8.114333152771 8.11439514160156 8.11474132537842 8.11503791809082 8.11486530303955 8.11484432220459 8.11531352996826 8.11566543579102 8.11581134796143 8.1157751083374 8.11555099487305 8.11531352996826 8.11506748199463 8.11471176147461 8.11432075500488 8.11374378204346 8.11313819885254 8.11216640472412 8.11114311218262 8.1097993850708 8.10850429534912 8.10734558105469 8.10637187957764 8.10568332672119 8.10513305664062 8.10470962524414 8.10422706604004
-9999 -9999 8.12236976623535 8.12192344665527 8.12152671813965 8.12014865875244 8.11806392669678 8.11436080932617 8.11087512969971 8.11093902587891 8.11135005950928 8.11308860778809 8.11458110809326 8.11558723449707 8.11603832244873 8.1158504486084 8.11573600769043 8.11567211151123 8.11544895172119 8.11516380310059 8.11496353149414 8.11477947235107 8.11527538299561 8.11566734313965 8.11506271362305 8.11458492279053 8.11451625823975 8.11432456970215 8.11391925811768 8.1135368347168 8.11317920684814 8.11285972595215 8.11256217956543 8.11210536956787 8.11159420013428 8.11081504821777 8.10999584197998 8.10888671875 8.10774993896484 8.10642910003662 8.10518455505371 8.10415458679199 8.10331535339355 8.10277271270752 8.10237884521484 8.10212326049805 8.10178375244141
-9999.000000000000000 -9999 -9999 -9999 8.12409400939941 8.12290573120117 8.12417602539062 8.12009525299072 8.11606311798096 8.11589336395264 8.11590766906738 8.11662769317627 8.11699771881104 8.11667823791504 8.11594295501709 8.1147289276123 8.11420822143555 8.11416339874268 8.11394119262695 8.11365032196045 8.11364078521729 8.11368083953857 8.11466026306152 8.11542701721191 8.11423969268799 8.11291313171387 8.11113166809082 8.10983848571777 8.10939884185791 8.10908985137939 8.10891437530518 8.1086950302124 8.10844802856445 8.10808753967285 8.10768985748291 8.1069507598877 8.10616302490234 8.10530471801758 8.10445117950439 8.10362815856934 8.10282707214355 8.10208702087402 8.10144996643066 8.10097026824951 8.10057258605957 8.10025119781494 8.09985733032227
-9999 -9999 -9999 -9999 8.1274242401123 8.12922859191895 8.12868309020996 8.12466812133789 8.12072849273682 8.1198148727417 8.11897373199463 8.11841106414795 8.11756706237793 8.11616516113281 8.11456966400146 8.11274909973145 8.11197948455811 8.11193084716797 8.11183071136475 8.11170959472656 8.11200618743896 8.11237525939941 8.11338520050049 8.11411666870117 8.11241722106934 8.11048984527588 8.10782241821289 8.10599327087402 8.10562515258789 8.10541915893555 8.10538005828857 8.10522079467773 8.10498809814453 8.10466480255127 8.1043119430542 8.10367488861084 8.10299968719482 8.10239124298096 8.10180377960205 8.10134506225586 8.10086536407471 8.10032558441162 8.09982204437256 8.09937286376953 8.0989875793457 8.09866142272949 8.09827518463135
-9999 -9999 -9999 -9999 8.12968254089355 8.13013744354248 8.13069915771484 8.12777900695801 8.1247386932373 8.12243843078613 8.1201639175415 8.11798667907715 8.11581039428711 8.1136360168457 8.1115894317627 8.10968971252441 8.10886859893799 8.10878849029541 8.108962059021 8.10923385620117 8.1099796295166 8.11081027984619 8.11127853393555 8.11146259307861 8.10933685302734 8.10712146759033 8.10460948944092 8.10295391082764 8.10279178619385 8.10272693634033 8.10276317596436 8.10261344909668 8.10235023498535 8.10198879241943 8.10159492492676 8.10114097595215 8.10067844390869 8.10031986236572 8.09997367858887 8.09971237182617 8.09940052032471 8.09894847869873 8.0984935760498 8.09803295135498 8.09768009185791 8.09742736816406 8.09712696075439
-9999 -9999 -9999 -9999 8.13013744354248 8.13081741333008 8.13161468505859 8.12891292572021 8.12602424621582 8.12261772155762 8.11925983428955 8.1160831451416 8.11320972442627 8.11093235015869 8.10895156860352 8.10731220245361 8.10656929016113 8.10644245147705 8.10690212249756 8.10758876800537 8.10846328735352 8.10937213897705 8.10941886901855 8.10918235778809 8.10673713684082 8.1043872833252 8.10234928131104 8.10102081298828 8.10093021392822 8.1008825302124 8.10087871551514 8.10069465637207 8.10040187835693 8.10004997253418 8.09967803955078 8.09937572479248 8.09908294677734 8.09890270233154 8.09872531890869 8.0985631942749 8.09834480285645 8.09796714782715 8.09757232666016 8.09714984893799 8.09685325622559 8.09667110443115 8.0964298248291
-9999 -9999 -9999 -9999 8.13085651397705 8.13161468505859 8.12799263000488 8.12856388092041 8.12526607513428 8.12096405029297 8.11678409576416 8.11307144165039 8.10997581481934 8.10809898376465 8.10657119750977 8.10544681549072 8.10487937927246 8.10469341278076 8.10544872283936 8.10656642913818 8.10732936859131 8.10803031921387 8.10774517059326 8.10718441009521 8.10449695587158 8.10212993621826 8.10080242156982 8.09991550445557 8.09979820251465 8.09967517852783 8.09954357147217 8.09929275512695 8.09896945953369 8.09866333007812 8.09836196899414 8.09818649291992 8.09803009033203 8.09797668457031 8.0979118347168 8.09777736663818 8.09759521484375 8.09728240966797 8.09695625305176 8.0966100692749 8.09638595581055 8.09627437591553 8.09607124328613
-9999 -9999 -9999 -9999 8.13161468505859 8.12600708007812 8.1242504119873 8.122878074646 8.12285995483398 8.11806583404541 8.11355400085449 8.11012554168701 8.10740089416504 8.1060676574707 8.10495758056641 8.10410213470459 8.10358428955078 8.10329723358154 8.10406017303467 8.10522842407227 8.10575008392334 8.10615730285645 8.10567569732666 8.10498714447021 8.10274219512939 8.10082912445068 8.09999370574951 8.09941387176514 8.09927940368652 8.09915256500244 8.09903335571289 8.0988073348999 8.0985164642334 8.0982608795166 8.09801769256592 8.09789562225342 8.09779167175293 8.09774208068848 8.09767627716064 8.09750461578369 8.09730434417725 8.09702491760254 8.09673023223877 8.09641075134277 8.09615707397461 8.0959644317627 8.09570789337158
-9999 -9999 -9999 -9999 -9999 8.12059211730957 8.12017059326172 8.12131023406982 8.11974716186523 8.11463356018066 8.11000061035156 8.10720729827881 8.10510730743408 8.1043815612793 8.10367202758789 8.10298156738281 8.10245895385742 8.10205078125 8.10269927978516 8.10375595092773 8.10398006439209 8.10405731201172 8.10343647003174 8.10270595550537 8.10119533538818 8.09993743896484 8.09950256347656 8.09917163848877 8.09902191162109 8.0989236831665 8.098876953125 8.09871482849121 8.09848213195801 8.09827995300293 8.09808921813965 8.09799003601074 8.09790229797363 8.09780502319336 8.09768867492676 8.09745121002197 8.09720897674561 8.09695053100586 8.09667110443115 8.09635734558105 8.09603023529053 8.09569072723389 8.09534168243408
-9999 -9999 -9999 -9999 -9999 8.11697673797607 8.11735343933105 8.11632442474365 8.11616706848145 8.11165428161621 8.10759735107422 8.1052885055542 8.10369682312012 8.10352325439453 8.10301971435547 8.10213851928711 8.10150241851807 8.10103511810303 8.10134983062744 8.10196495056152 8.10206413269043 8.10207366943359 8.10155868530273 8.10098361968994 8.10000038146973 8.09919166564941 8.0989465713501 8.09875679016113 8.09866619110107 8.09865283966064 8.09872055053711 8.09866809844971 8.09854316711426 8.09840202331543 8.0982551574707 8.09809970855713 8.09794330596924 8.09774589538574 8.09753322601318 8.09721374511719 8.09690475463867 8.09662342071533 8.0963249206543 8.09600067138672 8.09564208984375 8.09525203704834 8.09483051300049
-9999 -9999 -9999 -9999 -9999 8.11352443695068 8.11340522766113 8.114426612854 8.11248970031738 8.10876846313477 8.10543346405029 8.10357761383057 8.10246849060059 8.10283470153809 8.10249900817871 8.10135173797607 8.1005802154541 8.10006809234619 8.10000228881836 8.10010814666748 8.10011959075928 8.10011291503906 8.09975528717041 8.09937572479248 8.09887790679932 8.09847450256348 8.09837627410889 8.09830760955811 8.09828948974609 8.09837436676025 8.09856414794922 8.09863185882568 8.09862518310547 8.09854507446289 8.0984411239624 8.09821319580078 8.09796905517578 8.0976619720459 8.09734153747559 8.09693717956543 8.09655666351318 8.09624290466309 8.09591865539551 8.09558010101318 8.09519863128662 8.09477806091309 8.09428787231445
-9999 -9999 -9999 -9999 -9999 -9999 8.10981369018555 8.10946464538574 8.10920906066895 8.10640048980713 8.10385608673096 8.10232162475586 8.10141372680664 8.10174942016602 8.10145092010498 8.10042095184326 8.09974193572998 8.09930324554443 8.09915733337402 8.09912490844727 8.09905433654785 8.09897613525391 8.09870147705078 8.09841537475586 8.09806632995605 8.09777736663818 8.09768295288086 8.09761619567871 8.09759998321533 8.09769535064697 8.0979061126709 8.09801387786865 8.09805870056152 8.09799957275391 8.0979061126709 8.09766006469727 8.09739208221436 8.09703350067139 8.09666919708252 8.09626579284668 8.09588718414307 8.09557819366455 8.09525966644287 8.09492492675781 8.09455680847168 8.09415817260742 8.0936279296875
-9999 -9999 -9999 -9999 -9999 -9999 8.10657501220703 8.10554885864258 8.1060848236084 8.1041259765625 8.10232067108154 8.10110569000244 8.10038566589355 8.10064506530762 8.10037326812744 8.09948921203613 8.09891223907471 8.09854602813721 8.0983419418335 8.09819984436035 8.09805297851562 8.09790515899658 8.09770488739014 8.09750080108643 8.09727096557617 8.09707260131836 8.09697532653809 8.0969066619873 8.09688758850098 8.0969877243042 8.09721088409424 8.09734725952148 8.09743022918701 8.09738445281982 8.0972957611084 8.09703159332275 8.09674263000488 8.09634399414062 8.09594535827637 8.09555625915527 8.09519195556641 8.09489631652832 8.09458923339844 8.09426403045654 8.09391212463379 8.09353637695312 8.0929708480835
-9999 -9999 -9999 -9999 -9999 -9999 8.10449695587158 8.10471153259277 8.10444450378418 8.10258674621582 8.10094261169434 8.10011196136475 8.09955215454102 8.09953022003174 8.09923267364502 8.09861755371094 8.0981502532959 8.0977840423584 8.09760189056396 8.09749126434326 8.09731769561768 8.09713459014893 8.09695243835449 8.09676361083984 8.096510887146 8.09629344940186 8.09618473052979 8.09610652923584 8.0960807800293 8.09616279602051 8.09635734558105 8.09643459320068 8.09644222259521 8.09634971618652 8.09622383117676 8.09592819213867 8.09560775756836 8.09525585174561 8.09491443634033 8.09463882446289 8.09438037872314 8.0941686630249 8.09393119812012 8.09365272521973 8.09332847595215 8.09296131134033 8.09240055084229
-9999 -9999 -9999 -9999 -9999 8.10351467132568 8.10346984863281 8.10322952270508 8.10281658172607 8.10107803344727 8.09959506988525 8.09909152984619 8.09868049621582 8.09845161437988 8.0981559753418 8.0977840423584 8.0974178314209 8.09705638885498 8.09687519073486 8.09676551818848 8.09657287597656 8.09636497497559 8.09619331359863 8.0960111618042 8.09574127197266 8.09550857543945 8.09539127349854 8.09530353546143 8.09526634216309 8.09531497955322 8.09545135498047 8.09546756744385 8.09540843963623 8.09527397155762 8.09511375427246 8.09480857849121 8.09448337554932 8.09419727325439 8.09392833709717 8.09376239776611 8.09360313415527 8.09346389770508 8.09329605102539 8.09308338165283 8.09279632568359 8.09244060516357 8.09187889099121
-9999 -9999 -9999 -9999 8.10262012481689 8.10307884216309 8.10351467132568 8.10242176055908 8.10124015808105 8.09967994689941 8.09836196899414 8.09797382354736 8.0976619720459 8.09750366210938 8.09731483459473 8.09708976745605 8.0967960357666 8.09645366668701 8.09619903564453 8.09597778320312 8.09578704833984 8.09560203552246 8.09540748596191 8.09520530700684 8.09493827819824 8.09470558166504 8.0945873260498 8.0944881439209 8.09442329406738 8.09437942504883 8.09435844421387 8.09429550170898 8.09420871734619 8.09404850006104 8.09386444091797 8.09363174438477 8.09339332580566 8.09324645996094 8.09311008453369 8.09303855895996 8.09295654296875 8.09284210205078 8.09274387359619 8.09266948699951 8.09245777130127 8.09211921691895 8.09153461456299
