Ecospace-environmental-drivers/Outputs/ASCII-for-ecospace/MOM6-ISIMIP3a/ph-surf/2003-09_ph-surf_MOM6-ISIMIP3a.asc
NCOLS 131 
NROWS 53 
XLLCORNER -98 
YLLCORNER 23.9265270233154 
CELLSIZE 0.133587792515755 
NODATA_value -9999 
[rows 21 to 41 of 53, columns 47 to 93 of 131]
8.11710357666016 8.11840343475342 8.11963176727295 8.12001991271973 8.12035751342773 8.12162017822266 8.12279224395752 8.12349891662598 8.12414169311523 8.12462997436523 8.12388324737549 8.12144184112549 8.11773014068604 8.11297988891602 8.10862731933594 8.10446357727051 8.10136699676514 8.09852504730225 8.09814739227295 8.09811115264893 8.10057926177979 8.1032018661499 8.10647010803223 8.10917568206787 8.11069011688232 8.1115779876709 8.11170101165771 8.11204242706299 8.1125431060791 8.11466121673584 8.1174488067627 8.12078189849854 8.12422180175781 8.12638854980469 8.12827301025391 8.12784957885742 8.12690830230713 8.12414836883545 8.12183284759521 8.12034225463867 8.11893653869629 8.1176233291626 8.11602973937988 8.11425495147705 8.11278057098389 8.11141490936279 8.11014366149902
8.10692310333252 8.107834815979 8.10873031616211 8.1091365814209 8.10952186584473 8.11065483093262 8.1117115020752 8.11237335205078 8.11297607421875 8.11343383789062 8.11300945281982 8.11137294769287 8.10891151428223 8.1057767868042 8.10269069671631 8.09962844848633 8.09733390808105 8.09522342681885 8.09519290924072 8.09544944763184 8.09779644012451 8.10018444061279 8.10274600982666 8.10482788085938 8.10589694976807 8.10652351379395 8.10660934448242 8.10725021362305 8.10829448699951 8.11136817932129 8.1152811050415 8.11922168731689 8.12316608428955 8.12550926208496 8.12754726409912 8.12718296051025 8.1263952255249 8.12411689758301 8.12220764160156 8.12098693847656 8.11956214904785 8.11791801452637 8.11586093902588 8.11353874206543 8.11169528961182 8.11002349853516 8.10911083221436
8.09743785858154 8.09795951843262 8.0985164642334 8.09894275665283 8.09937572479248 8.1003532409668 8.10127258300781 8.10189056396484 8.10244655609131 8.10285663604736 8.10275459289551 8.10195064544678 8.10070037841797 8.09908580780029 8.09716987609863 8.09511089324951 8.09357738494873 8.09216785430908 8.09243488311768 8.09292984008789 8.09506988525391 8.09714794158936 8.09897041320801 8.10041809082031 8.10107231140137 8.10146331787109 8.10153102874756 8.10243511199951 8.10394668579102 8.10786819458008 8.11278629302979 8.11734962463379 8.12184143066406 8.124436378479 8.12670421600342 8.12646865844727 8.12589740753174 8.12414741516113 8.12266731262207 8.12168979644775 8.12023162841797 8.11824989318848 8.11572933197021 8.11285972595215 8.11062240600586 8.10861206054688 8.10801792144775
8.09207534790039 8.09233283996582 8.09261322021484 8.09302043914795 8.09345626831055 8.09428691864014 8.09510612487793 8.09586334228516 8.09651851654053 8.09693145751953 8.09699726104736 8.09658527374268 8.09579277038574 8.09468936920166 8.09331607818604 8.09181594848633 8.09064483642578 8.0895528793335 8.08961486816406 8.08983898162842 8.09128379821777 8.09270095825195 8.09400177001953 8.09503078460693 8.09548473358154 8.09585571289062 8.09612560272217 8.09689807891846 8.09803581237793 8.1015100479126 8.10595226287842 8.11164283752441 8.11757946014404 8.1212100982666 8.12447547912598 8.12501335144043 8.12520313262939 8.12417030334473 8.12323379516602 8.12247562408447 8.12103271484375 8.11884307861328 8.11602306365967 8.11279487609863 8.11008548736572 8.10756206512451 8.10678386688232
8.0871753692627 8.08724975585938 8.08734607696533 8.08775806427002 8.08821201324463 8.08890342712402 8.08961868286133 8.09045219421387 8.09115123748779 8.09152412414551 8.09168529510498 8.09155559539795 8.09111499786377 8.09041976928711 8.08949756622314 8.08846664428711 8.0875940322876 8.08675861358643 8.08660793304443 8.08656120300293 8.08736133575439 8.08816719055176 8.08899974822998 8.0896463394165 8.08990287780762 8.09024238586426 8.0906810760498 8.09136486053467 8.09222507476807 8.09520816802979 8.09906959533691 8.10556316375732 8.11257362365723 8.1173734664917 8.12178325653076 8.12318134307861 8.12421226501465 8.12395095825195 8.12360000610352 8.12308406829834 8.1216983795166 8.11936569213867 8.11629772186279 8.11275482177734 8.10960388183594 8.10659503936768 8.10556221008301
8.084303855896 8.08454895019531 8.08486843109131 8.08539009094238 8.08593273162842 8.08651256561279 8.08710193634033 8.08774375915527 8.0882396697998 8.0883846282959 8.08832740783691 8.08799266815186 8.08743953704834 8.08670711517334 8.08583068847656 8.084885597229 8.08402252197266 8.08317852020264 8.08278179168701 8.08246421813965 8.082839012146 8.08325576782227 8.08384704589844 8.08427238464355 8.08434963226318 8.08460140228271 8.0850658416748 8.08584594726562 8.0868558883667 8.08915042877197 8.0919771194458 8.09784603118896 8.10431289672852 8.11086559295654 8.11705780029297 8.11970043182373 8.12192344665527 8.12266731262207 8.12308979034424 8.12291240692139 8.12176895141602 8.11957168579102 8.11648273468018 8.11281585693359 8.10936832427979 8.10599803924561 8.10440254211426
8.08211803436279 8.08255386352539 8.08309555053711 8.08366680145264 8.08423519134521 8.08463859558105 8.08503150939941 8.08537006378174 8.0855655670166 8.08541584014893 8.0850887298584 8.08452033996582 8.08382225036621 8.0830192565918 8.08212852478027 8.08119678497314 8.08028888702393 8.07938766479492 8.07877063751221 8.07821369171143 8.07822895050049 8.07831382751465 8.07868671417236 8.07893466949463 8.07892227172852 8.07915687561035 8.07969665527344 8.08059692382812 8.08175945281982 8.0836353302002 8.08580589294434 8.0909366607666 8.09664821624756 8.10429382324219 8.11165428161621 8.11553287506104 8.11892986297607 8.12062931060791 8.12181949615479 8.1220645904541 8.12123775482178 8.11924171447754 8.11619472503662 8.11246776580811 8.10879039764404 8.10513114929199 8.10309886932373
8.08142757415771 8.08209991455078 8.08286094665527 8.08335304260254 8.0838041305542 8.08389377593994 8.08393383026123 8.08372592926025 8.08340644836426 8.08281898498535 8.08211326599121 8.0812463760376 8.08033466339111 8.07938575744629 8.07835006713867 8.07727336883545 8.07620429992676 8.07513618469238 8.07435607910156 8.07363033294678 8.07342910766602 8.0733060836792 8.07350921630859 8.07367610931396 8.07376670837402 8.07414245605469 8.07486534118652 8.07593536376953 8.07725715637207 8.07930088043213 8.08164501190186 8.08578681945801 8.09028244018555 8.097580909729 8.10476970672607 8.10986709594727 8.11439895629883 8.11694145202637 8.11889171600342 8.1197395324707 8.11939239501953 8.11774158477783 8.11487579345703 8.11122417449951 8.1074686050415 8.10367584228516 8.10148429870605
8.08094501495361 8.08166313171387 8.08242988586426 8.08272266387939 8.08294773101807 8.08268928527832 8.08237266540527 8.08176040649414 8.08106803894043 8.08018207550049 8.07922077178955 8.07815742492676 8.07707118988037 8.07596683502197 8.07481861114502 8.07364845275879 8.07252883911133 8.07142066955566 8.07062244415283 8.06987762451172 8.06961631774902 8.06942653656006 8.06954002380371 8.06968688964844 8.06990528106689 8.07040023803711 8.07123279571533 8.07236194610596 8.07370758056641 8.07572364807129 8.07801532745361 8.08141708374023 8.08503532409668 8.09165191650391 8.09829521179199 8.1041145324707 8.10935592651367 8.1125659942627 8.1151180267334 8.11644649505615 8.11655521392822 8.11533355712891 8.11274719238281 8.10927677154541 8.10553646087646 8.10169887542725 8.09949970245361
8.08072471618652 8.08124732971191 8.08175182342529 8.08169269561768 8.08155536651611 8.08090877532959 8.08022975921631 8.07939052581787 8.0785026550293 8.07749462127686 8.07643508911133 8.07530307769775 8.07409191131592 8.0728178024292 8.07159519195557 8.07039833068848 8.06936836242676 8.06837844848633 8.06774616241455 8.06717014312744 8.06704521179199 8.06696796417236 8.06709098815918 8.06729602813721 8.06767272949219 8.06826210021973 8.06910800933838 8.07015895843506 8.07135963439941 8.07309627532959 8.0750560760498 8.07802677154541 8.08119678497314 8.08670902252197 8.0923376083374 8.09825420379639 8.10367012023926 8.10732460021973 8.11028003692627 8.11193656921387 8.11247158050537 8.11178493499756 8.10959911346436 8.10644340515137 8.10283660888672 8.09906768798828 8.09704875946045
8.07995796203613 8.08015918731689 8.08030033111572 8.07989406585693 8.07941818237305 8.07858180999756 8.07775115966797 8.0769510269165 8.0761079788208 8.07516479492188 8.07414245605469 8.07301235198975 8.07175064086914 8.07038116455078 8.06919288635254 8.06809234619141 8.06723690032959 8.06644058227539 8.06602096557617 8.06565475463867 8.06568336486816 8.0657434463501 8.06593608856201 8.06620502471924 8.06663513183594 8.06719875335693 8.0679235458374 8.06879711151123 8.06977939605713 8.07113838195801 8.07265377044678 8.07510757446289 8.07774543762207 8.08235168457031 8.08714008331299 8.09299659729004 8.09842109680176 8.10233116149902 8.10550785064697 8.10732364654541 8.10809707641602 8.10773754119873 8.10583686828613 8.10293865203857 8.09953498840332 8.09594917297363 8.09421253204346
8.07878112792969 8.0785665512085 8.07826805114746 8.07751941680908 8.07672214508057 8.07584667205811 8.07502269744873 8.07445812225342 8.07384300231934 8.07310104370117 8.0722188949585 8.07114505767822 8.06988716125488 8.06847858428955 8.06740665435791 8.06649303436279 8.06587696075439 8.06533241271973 8.06515884399414 8.06503200531006 8.06522750854492 8.06544494628906 8.06575107574463 8.06608867645264 8.06649398803711 8.06694221496582 8.06744384765625 8.06806659698486 8.06877613067627 8.06968212127686 8.07066917419434 8.07253932952881 8.07458400726318 8.07843208312988 8.08251094818115 8.08818912506104 8.09350109100342 8.09752368927002 8.10078525543213 8.10263252258301 8.10350513458252 8.10331630706787 8.10161399841309 8.09893226623535 8.09578227996826 8.0924654006958 8.09108734130859
8.0770149230957 8.07638835906982 8.07568264007568 8.07478523254395 8.07387828826904 8.07327556610107 8.07274436950684 8.07257270812988 8.07230377197266 8.07179641723633 8.07108211517334 8.0700855255127 8.06892108917236 8.06762218475342 8.06665897369385 8.06585502624512 8.06531143188477 8.0648307800293 8.06478214263916 8.06478691101074 8.06511974334717 8.06546688079834 8.06586837768555 8.06626892089844 8.06666851043701 8.06702899932861 8.06734371185303 8.0677318572998 8.0681734085083 8.06877517700195 8.06944274902344 8.07073974609375 8.07215976715088 8.07523822784424 8.07856369018555 8.08369827270508 8.0886697769165 8.09306716918945 8.09661865234375 8.09859943389893 8.09952354431152 8.09929656982422 8.09765148162842 8.09508991241455 8.09218788146973 8.08916282653809 8.08813571929932
8.07499504089355 8.07395935058594 8.07286071777344 8.07189559936523 8.07097148895264 8.07077503204346 8.07065868377686 8.07094764709473 8.07107639312744 8.07081604003906 8.07028198242188 8.06937217712402 8.06834125518799 8.06721305847168 8.06635665893555 8.06562805175781 8.06508636474609 8.06458759307861 8.06461524963379 8.0647029876709 8.06516170501709 8.06562519073486 8.06611442565918 8.06657600402832 8.06697845458984 8.06726360321045 8.06740474700928 8.06756687164307 8.0677433013916 8.06810474395752 8.06854248046875 8.06926822662354 8.07005023956299 8.07235431671143 8.07490730285645 8.07934379577637 8.08387756347656 8.08876037597656 8.09269046783447 8.0948486328125 8.09580421447754 8.09544849395752 8.09380149841309 8.09131813049316 8.08866024017334 8.08593940734863 8.08525848388672
8.07321166992188 8.07191276550293 8.07056617736816 8.06967639923096 8.06887054443359 8.06905555725098 8.06931209564209 8.06992816925049 8.07034397125244 8.07027530670166 8.06992530822754 8.06918907165527 8.06830024719238 8.06728839874268 8.06640148162842 8.06557369232178 8.06501007080078 8.06451034545898 8.06466102600098 8.06488227844238 8.06546497344971 8.06602764129639 8.06650924682617 8.06692504882812 8.06720161437988 8.06738471984863 8.06745624542236 8.06754398345947 8.0676441192627 8.06786251068115 8.06812953948975 8.06855583190918 8.06901454925537 8.07064247131348 8.07249069213867 8.07607841491699 8.07996845245361 8.08492374420166 8.08905124664307 8.09163761138916 8.09281349182129 8.09245109558105 8.09085559844971 8.08846187591553 8.08599185943604 8.08349418640137 8.08297061920166
8.07147693634033 8.06994533538818 8.06838035583496 8.06759548187256 8.06693649291992 8.06749820709229 8.06811809539795 8.0690336227417 8.06971454620361 8.06982612609863 8.06966114044189 8.06911563873291 8.0683708190918 8.06746387481689 8.06651878356934 8.06555461883545 8.06496620178223 8.06446743011475 8.06475162506104 8.06511497497559 8.06582260131836 8.06648063659668 8.06693553924561 8.06728363037109 8.06740665435791 8.06748390197754 8.0675048828125 8.06755065917969 8.06761360168457 8.06770801544189 8.06781673431396 8.06800079345703 8.06820106506348 8.06917190551758 8.07033061981201 8.07303905487061 8.0762414932251 8.08118438720703 8.08547115325928 8.08853912353516 8.08997344970703 8.08962917327881 8.08809661865234 8.08579444885254 8.08350086212158 8.08121013641357 8.08080387115479
8.07054901123047 8.06893920898438 8.06727981567383 8.0664644241333 8.06578350067139 8.06642818450928 8.06712913513184 8.06811904907227 8.06888008117676 8.06908702850342 8.06902980804443 8.06861114501953 8.06795310974121 8.06709861755371 8.06620407104492 8.0652904510498 8.06484985351562 8.06452178955078 8.0650053024292 8.06555461883545 8.06624794006348 8.06687355041504 8.06721591949463 8.06745338439941 8.06746959686279 8.06747150421143 8.06745529174805 8.067458152771 8.06747531890869 8.06754493713379 8.06763553619385 8.06779098510742 8.06795883178711 8.06857967376709 8.06935691833496 8.07149887084961 8.07412433624268 8.07845020294189 8.08244800567627 8.08583641052246 8.087571144104 8.08750438690186 8.08617973327637 8.08404159545898 8.08184337615967 8.07962417602539 8.07915306091309
8.06969928741455 8.06802940368652 8.06629180908203 8.06542587280273 8.06470108032227 8.06538867950439 8.06613445281982 8.06717777252197 8.06800079345703 8.06829738616943 8.06834030151367 8.06803607940674 8.06746482849121 8.06667423248291 8.06584739685059 8.06500434875488 8.06472969055176 8.06459140777588 8.06527137756348 8.06600284576416 8.0666675567627 8.06724739074707 8.06747055053711 8.06759357452393 8.06750774383545 8.06743335723877 8.06737518310547 8.06733417510986 8.067307472229 8.06735992431641 8.06744480133057 8.06758689880371 8.06774139404297 8.06805229187012 8.06848907470703 8.07009983062744 8.07217216491699 8.07586669921875 8.07954978942871 8.08320999145508 8.0852222442627 8.08543968200684 8.08432483673096 8.08234786987305 8.08024787902832 8.07810211181641 8.07755088806152
8.06930923461914 8.06768894195557 8.06598377227783 8.06493282318115 8.06400012969971 8.06444358825684 8.06497478485107 8.06595039367676 8.06674671173096 8.06710624694824 8.06719398498535 8.06690883636475 8.06645774841309 8.0658712387085 8.06524562835693 8.06459999084473 8.06460952758789 8.06477451324463 8.06558895111084 8.06642818450928 8.06698131561279 8.0674409866333 8.06751251220703 8.06750774383545 8.06733989715576 8.06717777252197 8.06702136993408 8.06692314147949 8.06686496734619 8.06694221496582 8.06707572937012 8.06728649139404 8.06751251220703 8.06779670715332 8.06817817687988 8.06948280334473 8.07120800018311 8.07441425323486 8.07771873474121 8.08120346069336 8.08323383331299 8.08368015289307 8.08271884918213 8.08084678649902 8.07890224456787 8.07693195343018 8.07622337341309
8.06900882720947 8.06746387481689 8.06581783294678 8.06458568572998 8.06344318389893 8.06360721588135 8.063889503479 8.06476974487305 8.065505027771 8.06589126586914 8.06600952148438 8.06575965881348 8.06543159484863 8.06503772735596 8.06461048126221 8.06416702270508 8.06447887420654 8.06497192382812 8.0659008026123 8.06682682037354 8.0672607421875 8.06759738922119 8.0675220489502 8.06739139556885 8.0671443939209 8.06689548492432 8.06664371490479 8.06649780273438 8.06642818450928 8.06653690338135 8.06671905517578 8.06699371337891 8.06728649139404 8.06756210327148 8.06791019439697 8.06897258758545 8.07041168212891 8.07317638397217 8.0761137008667 8.07936954498291 8.08136749267578 8.08199214935303 8.08115100860596 8.07936000823975 8.07757091522217 8.07578086853027 8.07492733001709
8.06903457641602 8.06766128540039 8.06617164611816 8.06477069854736 8.06342029571533 8.06317329406738 8.06307888031006 8.06375503540039 8.0643138885498 8.06459140777588 8.06468772888184 8.06453418731689 8.06433391571045 8.06409358978271 8.06385803222656 8.06362342834473 8.06431198120117 8.06522083282471 8.06619167327881 8.06712341308594 8.06741905212402 8.06761741638184 8.06741237640381 8.06717014312744 8.0668478012085 8.0665168762207 8.06617546081543 8.06602382659912 8.06600952148438 8.06617259979248 8.06640720367432 8.06673145294189 8.06707286834717 8.0673999786377 8.06779479980469 8.06885433197021 8.07023143768311 8.07272815704346 8.07534217834473 8.07817459106445 8.07994747161865 8.08056735992432 8.07972145080566 8.0779275894165 8.07628726959229 8.0747013092041 8.0737476348877
