Ecospace-environmental-drivers/Outputs/ASCII-for-ecospace/MOM6-ISIMIP3a/ph-surf/2003-04_ph-surf_MOM6-ISIMIP3a.asc
NCOLS 131 
NROWS 53 
XLLCORNER -98 
YLLCORNER 23.9265270233154 
CELLSIZE 0.133587792515755 
NODATA_value -9999 
[rows 0 to 20 of 53, columns 47 to 93 of 131]
-9999 -9999 -9999 -9999 -9999 -9999 -9999 -9999 -9999 -9999 -9999 -9999 -9999 -9999 -9999 -9999 -9999 -9999 -9999 -9999 -9999 -9999 -9999 -9999 -9999 -9999 -9999 -9999 -9999 -9999 -9999 -9999 -9999 -9999 -9999 -9999 -9999 -9999 -9999 -9999 -9999 -9999 -9999 -9999 -9999 -9999 -9999
-9999 -9999 -9999 -9999 -9999 -9999 -9999 -9999 -9999 -9999 -9999 -9999 -9999 -9999 -9999 -9999 -9999 -9999 -9999 -9999 -9999 -9999 -9999 -9999 -9999 -9999 -9999 -9999 -9999 -9999 -9999 -9999 -9999 -9999 -9999 -9999 -9999 -9999 -9999 -9999 -9999 -9999 -9999 -9999 -9999 -9999 -9999
-9999 -9999 -9999 -9999 -9999 -9999 -9999 -9999 -9999 -9999 -9999 -9999 -9999 -9999 -9999 -9999 -9999 -9999 -9999 -9999 -9999 -9999 -9999 -9999 -9999 -9999 -9999 8.15157127380371 8.15724849700928 -9999 -9999 -9999 -9999 -9999 -9999 -9999 -9999 -9999 -9999 -9999 -9999 -9999 -9999 -9999 -9999 -9999 -9999
-9999 -9999 -9999 -9999 -9999 -9999 -9999 -9999 -9999 -9999 -9999 -9999 -9999 -9999 -9999 -9999 -9999 -9999 -9999 -9999 -9999 -9999 -9999 -9999 -9999 -9999 -9999 8.15177154541016 8.15651702880859 -9999 -9999 -9999 -9999 -9999 -9999 -9999 -9999 -9999 -9999 -9999 -9999 -9999 -9999 -9999 -9999 -9999 -9999
-9999 -9999 -9999 -9999 -9999 -9999 -9999 -9999 -9999 -9999 -9999 -9999 -9999 -9999 -9999 -9999 -9999 -9999 8.00363636016846 8.00911903381348 8.01350593566895 8.03909301757812 8.06151103973389 8.09965896606445 8.12563419342041 8.1397705078125 8.14787578582764 8.1516284942627 8.15581130981445 8.16211223602295 -9999 -9999 8.19570064544678 8.20273494720459 8.20501804351807 8.20611476898193 8.20618915557861 8.20607089996338 8.20557689666748 8.20451831817627 8.20272922515869 8.20036888122559 -9999 -9999 -9999 -9999 -9999
-9999 -9999 -9999 -9999 -9999 -9999 -9999 -9999 -9999 -9999 -9999 -9999 -9999 -9999 7.75184440612793 -9999 7.74398899078369 7.7379264831543 7.87221956253052 8.00363636016846 8.01021575927734 8.01350593566895 8.06467914581299 8.10634708404541 8.12795162200928 8.14260292053223 8.14875602722168 8.15226936340332 8.15386009216309 8.16130447387695 8.17117309570312 8.18485355377197 8.19928359985352 8.20296382904053 8.20595741271973 8.20613288879395 8.20625305175781 8.20618057250977 8.20578002929688 8.20477104187012 8.20300483703613 8.20041179656982 8.1976900100708 8.19488525390625 -9999 -9999 -9999
-9999 -9999 -9999 -9999 -9999 -9999 -9999 -9999 -9999 -9999 8.03108024597168 8.02814960479736 8.02568054199219 8.01810932159424 7.88193988800049 7.75326251983643 7.75042676925659 7.74361419677734 7.7379264831543 7.87509536743164 8.00363636016846 8.01350593566895 8.06467914581299 8.10634708404541 8.12795162200928 8.14260292053223 8.14875602722168 8.15226936340332 8.15386009216309 8.16130447387695 8.17117309570312 8.18485355377197 8.19928359985352 8.20296382904053 8.20595741271973 8.20613288879395 8.20625305175781 8.20618057250977 8.20578002929688 8.20477104187012 8.20300483703613 8.20041179656982 8.1976900100708 8.19488525390625 8.1941442489624 8.19612312316895 -9999
-9999 -9999 -9999 -9999 -9999 -9999 -9999 -9999 -9999 -9999 8.04679203033447 8.03108024597168 8.02521896362305 -9999 8.00836753845215 7.87690210342407 7.7560977935791 7.75042676925659 7.74248933792114 7.7379264831543 7.88372278213501 8.01241779327393 8.06954193115234 8.11525058746338 8.13685894012451 8.15207195281982 8.15946578979492 8.16418838500977 8.16696453094482 8.17395210266113 8.18268394470215 8.19293212890625 8.20347690582275 8.20598220825195 8.20800685882568 8.20825004577637 8.20844173431396 8.20845222473145 8.2081298828125 8.20718860626221 8.20535469055176 8.20254707336426 8.19991016387939 8.19738292694092 8.1969518661499 8.19727230072021 8.19290733337402
-9999 -9999 -9999 -9999 -9999 -9999 -9999 -9999 -9999 -9999 -9999 -9999 -9999 -9999 8.01178455352783 7.9939603805542 7.87224006652832 7.76176881790161 7.75042676925659 7.73911428451538 7.88323068618774 8.01178073883057 8.07518577575684 8.12515068054199 8.14674472808838 8.16255378723145 8.17129421234131 8.17734336853027 8.18143272399902 8.18790531158447 8.1953649520874 8.20183849334717 8.2081184387207 8.20932960510254 8.21028614044189 8.21059608459473 8.21085834503174 8.2109546661377 8.21071147918701 8.20984172821045 8.20793724060059 8.20490550994873 8.20235347747803 8.20011138916016 8.19864845275879 8.19746398925781 8.19169235229492
8.06015014648438 -9999 -9999 -9999 -9999 -9999 -9999 -9999 -9999 -9999 8.11364364624023 8.06289672851562 -9999 -9999 -9999 7.99663639068604 7.9776086807251 7.87476015090942 7.77311086654663 7.78360176086426 7.91402816772461 8.03056907653809 8.08899593353271 8.13534545898438 8.15619945526123 8.17171287536621 8.18069934844971 8.18751525878906 8.19274997711182 8.19843864440918 8.20431423187256 8.20839881896973 8.21213150024414 8.21244144439697 8.21261787414551 8.21272850036621 8.21279430389404 8.21270275115967 8.21231746673584 8.21138477325439 8.20955562591553 8.20674991607666 8.2039852142334 8.201247215271 8.19908046722412 8.19711971282959 8.19145107269287
8.05970668792725 8.05964088439941 -9999 -9999 -9999 -9999 -9999 -9999 -9999 -9999 8.14298439025879 8.119215965271 8.06289672851562 -9999 -9999 7.98419332504272 7.9746356010437 7.97399663925171 7.90163087844849 7.83659887313843 7.95001840591431 8.05158805847168 8.10356616973877 8.14523887634277 8.16515636444092 8.18024921417236 8.18944454193115 8.19685459136963 8.20296287536621 8.20783042907715 8.21218395233154 8.21415901184082 8.21566581726074 8.21519947052002 8.21470165252686 8.2146110534668 8.21448230743408 8.21421813964844 8.21369361877441 8.21268558502197 8.21096324920654 8.20846366882324 8.20557498931885 8.20243453979492 8.1996898651123 8.19708633422852 8.19184017181396
8.05970668792725 8.05951023101807 8.07232856750488 8.08045864105225 -9999 -9999 -9999 -9999 -9999 -9999 -9999 8.1510705947876 8.11485767364502 8.06289672851562 8.03108024597168 7.98419332504272 7.9746356010437 7.97399663925171 7.95206928253174 7.93523740768433 8.01385688781738 8.08457374572754 8.12221431732178 8.15351581573486 8.17143726348877 8.18544006347656 8.19465255737305 8.2017297744751 8.20725154876709 8.21110439300537 8.21426677703857 8.21562957763672 8.21663951873779 8.2160587310791 8.21545219421387 8.2151575088501 8.21484661102295 8.21447944641113 8.21383666992188 8.21268558502197 8.21124172210693 8.20947742462158 8.20693969726562 8.20390033721924 8.2012414932251 8.19871807098389 8.19561767578125
8.06227111816406 8.06969261169434 8.07936477661133 8.08074855804443 -9999 -9999 -9999 -9999 8.10708141326904 8.1317663192749 8.1506814956665 8.16167545318604 8.14085388183594 8.09400367736816 8.04989624023438 8.00708866119385 7.99590063095093 7.99226713180542 8.0047779083252 8.02065849304199 8.06944465637207 8.11379432678223 8.13957405090332 8.16208934783936 8.17771244049072 8.19013786315918 8.19865608215332 8.20494747161865 8.20961761474609 8.21240520477295 8.21441555023193 8.21523094177246 8.21581268310547 8.21522617340088 8.21462726593018 8.21431922912598 8.21403217315674 8.21381855010986 8.21330261230469 8.21222591400146 8.21111965179443 8.20998001098633 8.20796966552734 8.20539569854736 8.20288562774658 8.20039939880371 8.19837856292725
8.07124805450439 8.07511425018311 8.07982540130615 8.08074855804443 8.08126163482666 8.08118343353271 8.08276271820068 8.0927734375 8.10708141326904 8.1317663192749 8.1506814956665 8.16167545318604 8.15736198425293 8.14052486419678 8.11575412750244 8.08722496032715 8.0703296661377 8.05621337890625 8.0631628036499 8.07303619384766 8.10440349578857 8.13360118865967 8.15371417999268 8.17140102386475 8.18396949768066 8.19360160827637 8.19964694976807 8.20402145385742 8.20717811584473 8.20877552032471 8.2097282409668 8.2101583480835 8.21048736572266 8.21016311645508 8.20986175537109 8.21001720428467 8.21026802062988 8.21085357666016 8.21107482910156 8.21061706542969 8.20999813079834 8.20920276641846 8.20816326141357 8.20696449279785 8.20476341247559 8.2022008895874 8.19859981536865
8.09212589263916 8.09224128723145 8.09219837188721 8.09217548370361 8.09221076965332 8.0937614440918 8.09673404693604 8.1069450378418 8.12063789367676 8.14273834228516 8.15924549102783 8.1680736541748 8.17197227478027 8.17183685302734 8.16024398803711 8.14322376251221 8.12661933898926 8.11011505126953 8.1131534576416 8.11836814880371 8.13571357727051 8.1524486541748 8.16663265228271 8.17938137054443 8.1891040802002 8.19634819030762 8.20056343078613 8.2034387588501 8.20533847808838 8.20600032806396 8.20615100860596 8.2061824798584 8.20619106292725 8.2059965133667 8.20585823059082 8.20633983612061 8.206955909729 8.20804500579834 8.20874977111816 8.20873737335205 8.20847225189209 8.207932472229 8.20755863189697 8.2072925567627 8.2058219909668 8.20392036437988 8.20002269744873
8.12982940673828 8.12591648101807 8.12141132354736 8.11975765228271 8.1186408996582 8.12412261962891 8.13046073913574 8.14115238189697 8.15335845947266 8.16922092437744 8.17991638183594 8.183518409729 8.18389987945557 8.18164539337158 8.17452430725098 8.1650972366333 8.15726470947266 8.14981365203857 8.15127563476562 8.1537389755249 8.16186332702637 8.16994094848633 8.17782402038574 8.18547916412354 8.19265365600586 8.19808197021484 8.20137405395508 8.20334243774414 8.204345703125 8.20443439483643 8.20414447784424 8.20375728607178 8.20335102081299 8.20309829711914 8.20293045043945 8.20354461669922 8.20428276062012 8.20545768737793 8.20628643035889 8.20647430419922 8.20637512207031 8.20596408843994 8.20582580566406 8.20586490631104 8.20572566986084 8.20552253723145 8.20314407348633
8.15908813476562 8.15444850921631 8.14920330047607 8.14712047576904 8.14563846588135 8.15162754058838 8.15810298919678 8.16705417633057 8.17648887634277 8.18709278106689 8.19359016418457 8.1944522857666 8.19303798675537 8.18975925445557 8.18531799316406 8.18032550811768 8.17709255218506 8.17428016662598 8.1748685836792 8.17580890655518 8.17844772338867 8.18133354187012 8.18525218963623 8.18966388702393 8.19511604309082 8.19940376281738 8.20226573944092 8.2037296295166 8.20417404174805 8.20389747619629 8.20332145690918 8.20255565643311 8.20175361633301 8.20129203796387 8.20093536376953 8.20148754119873 8.20211982727051 8.20303726196289 8.20360279083252 8.20351600646973 8.20320129394531 8.20263862609863 8.20260334014893 8.20290946960449 8.20377349853516 8.20483779907227 8.20400428771973
8.18123531341553 8.1786470413208 8.1757984161377 8.17429828643799 8.17311382293701 8.17672538757324 8.18062114715576 8.185959815979 8.19154262542725 8.19771289825439 8.20137405395508 8.20158863067627 8.19982719421387 8.19644832611084 8.19317722320557 8.18995761871338 8.18781089782715 8.18591976165771 8.18622779846191 8.18667602539062 8.18697547912598 8.18758773803711 8.1895112991333 8.19223880767822 8.19666385650635 8.20037841796875 8.20322513580322 8.20452404022217 8.20469379425049 8.20422649383545 8.20349407196045 8.20238494873047 8.20120239257812 8.20040607452393 8.19972610473633 8.20005130767822 8.20038604736328 8.20075702667236 8.20073223114014 8.19997215270996 8.19912052154541 8.19816970825195 8.1981258392334 8.19866847991943 8.20026016235352 8.20222949981689 8.20296001434326
8.18867206573486 8.18772602081299 8.18671798706055 8.18636989593506 8.18617343902588 8.18824768066406 8.19048309326172 8.19353675842285 8.19689655303955 8.20099639892578 8.20345306396484 8.20365142822266 8.20211124420166 8.19914817810059 8.19640827178955 8.19377517700195 8.19191837310791 8.19024753570557 8.19045639038086 8.19075679779053 8.19051265716553 8.19051933288574 8.19157600402832 8.19350242614746 8.19726753234863 8.20062446594238 8.20348262786865 8.20483207702637 8.20508193969727 8.20461273193359 8.20384502410889 8.20241260528564 8.20084953308105 8.19948673248291 8.19821548461914 8.19777965545654 8.19739055633545 8.19716453552246 8.19654941558838 8.19520854949951 8.19381713867188 8.19237232208252 8.19216823577881 8.19276809692383 8.19490146636963 8.197585105896 8.19964790344238
8.18890953063965 8.18940544128418 8.18996524810791 8.19104862213135 8.19217872619629 8.1931266784668 8.19415187835693 8.1955680847168 8.19750308990479 8.2006893157959 8.20274066925049 8.20323181152344 8.20219135284424 8.19989681243896 8.19737529754639 8.19474601745605 8.19279098510742 8.19099712371826 8.19119644165039 8.1915168762207 8.19160842895508 8.1918249130249 8.19256591796875 8.19412422180176 8.19740867614746 8.20051288604736 8.20339584350586 8.20490264892578 8.20540618896484 8.20502662658691 8.2042818069458 8.20253658294678 8.20059490203857 8.19855117797852 8.19655799865723 8.19509983062744 8.19377708435059 8.19293117523193 8.19172382354736 8.18984794616699 8.18791580200195 8.18592357635498 8.18548583984375 8.18605613708496 8.18863868713379 8.19194507598877 8.19522476196289
8.18251609802246 8.18299961090088 8.18354511260986 8.18489837646484 8.18631076812744 8.18709659576416 8.18792819976807 8.18899345397949 8.19073486328125 8.19410800933838 8.19660949707031 8.19791316986084 8.19797420501709 8.19701957702637 8.19532775878906 8.19328784942627 8.19154167175293 8.18986511230469 8.19001483917236 8.19031620025635 8.19099903106689 8.19169807434082 8.19246768951416 8.19386672973633 8.19659423828125 8.19927883148193 8.20191287994385 8.20355987548828 8.20448684692383 8.2043342590332 8.20373439788818 8.20215320587158 8.20038032531738 8.19809341430664 8.19580268859863 8.1936502456665 8.19165897369385 8.19023418426514 8.18853950500488 8.1863431930542 8.18410491943359 8.18182182312012 8.18088150024414 8.18080997467041 8.18284034729004 8.18562507629395 8.18941307067871
