Ecospace-environmental-drivers/Outputs/ASCII-for-ecospace/MOM6-ISIMIP3a/ph-surf/2004-06_ph-surf_MOM6-ISIMIP3a.asc
NCOLS 131 
NROWS 53 
XLLCORNER -98 
YLLCORNER 23.9265270233154 
CELLSIZE 0.133587792515755 
NODATA_value -9999 
[rows 0 to 20 of 53, columns 47 to 93 of 131]
-9999 -9999 -9999 -9999 -9999 -9999 -9999 -9999 -9999 -9999 -9999 -9999 -9999 -9999 -9999 -9999 -9999 -9999 -9999 -9999 -9999 -9999 -9999 -9999 -9999 -9999 -9999 -9999 -9999 -9999 -9999 -9999 -9999 -9999 -9999 -9999 -9999 -9999 -9999 -9999 -9999 -9999 -9999 -9999 -9999 -9999 -9999
-9999 -9999 -9999 -9999 -9999 -9999 -9999 -9999 -9999 -9999 -9999 -9999 -9999 -9999 -9999 -9999 -9999 -9999 -9999 -9999 -9999 -9999 -9999 -9999 -9999 -9999 -9999 -9999 -9999 -9999 -9999 -9999 -9999 -9999 -9999 -9999 -9999 -9999 -9999 -9999 -9999 -9999 -9999 -9999 -9999 -9999 -9999
-9999 -9999 -9999 -9999 -9999 -9999 -9999 -9999 -9999 -9999 -9999 -9999 -9999 -9999 -9999 -9999 -9999 -9999 -9999 -9999 -9999 -9999 -9999 -9999 -9999 -9999 -9999 8.05087089538574 8.06791687011719 -9999 -9999 -9999 -9999 -9999 -9999 -9999 -9999 -9999 -9999 -9999 -9999 -9999 -9999 -9999 -9999 -9999 -9999
-9999 -9999 -9999 -9999 -9999 -9999 -9999 -9999 -9999 -9999 -9999 -9999 -9999 -9999 -9999 -9999 -9999 -9999 -9999 -9999 -9999 -9999 -9999 -9999 -9999 -9999 -9999 8.05207061767578 8.06859111785889 -9999 -9999 -9999 -9999 -9999 -9999 -9999 -9999 -9999 -9999 -9999 -9999 -9999 -9999 -9999 -9999 -9999 -9999
-9999 -9999 -9999 -9999 -9999 -9999 -9999 -9999 -9999 -9999 -9999 -9999 -9999 -9999 -9999 -9999 -9999 -9999 7.75550556182861 7.76515054702759 7.77286624908447 7.81787395477295 7.85773229598999 7.9265775680542 7.97646903991699 8.00897312164307 8.03380870819092 8.05306625366211 8.06933879852295 8.0833683013916 -9999 -9999 8.12401103973389 8.13738918304443 8.14441585540771 8.14452075958252 8.13577461242676 8.12445831298828 8.11250495910645 8.10265445709229 8.0944995880127 8.08715152740479 -9999 -9999 -9999 -9999 -9999
-9999 -9999 -9999 -9999 -9999 -9999 -9999 -9999 -9999 -9999 -9999 -9999 -9999 -9999 7.43447971343994 -9999 7.40977764129639 7.38989210128784 7.57309246063232 7.75550556182861 7.76707935333252 7.77286624908447 7.86288213729858 7.93744897842407 7.97940111160278 8.01255702972412 8.03496170043945 8.05390644073486 8.07033061981201 8.08377838134766 8.09599494934082 8.10990810394287 8.12415504455566 8.13796997070312 8.15004253387451 8.14523506164551 8.13828563690186 8.12380218505859 8.11128616333008 8.10242557525635 8.09425067901611 8.08682250976562 8.08038139343262 8.07458019256592 -9999 -9999 -9999
-9999 -9999 -9999 -9999 -9999 -9999 -9999 -9999 -9999 -9999 7.85024356842041 7.84597873687744 7.84313201904297 7.8360276222229 7.63407611846924 7.43792295455933 7.43103647232056 7.4084038734436 7.38989210128784 7.57387971878052 7.75550556182861 7.77286624908447 7.86288213729858 7.93744897842407 7.97940111160278 8.01255702972412 8.03496170043945 8.05390644073486 8.07033061981201 8.08377838134766 8.09599494934082 8.10990810394287 8.12415504455566 8.13796997070312 8.15004253387451 8.14523506164551 8.13828563690186 8.12380218505859 8.11128616333008 8.10242557525635 8.09425067901611 8.08682250976562 8.08038139343262 8.07458019256592 8.07304668426514 8.07379627227783 -9999
-9999 -9999 -9999 -9999 -9999 -9999 -9999 -9999 -9999 -9999 7.87310886383057 7.85024356842041 7.84171438217163 -9999 7.82893037796021 7.63505363464355 7.4448094367981 7.43103647232056 7.40428352355957 7.38989210128784 7.5762414932251 7.74782419204712 7.85761070251465 7.94711017608643 7.99378204345703 8.02946758270264 8.05172729492188 8.07014274597168 8.0857572555542 8.09856414794922 8.11020851135254 8.12163925170898 8.13302803039551 8.14279174804688 8.15121173858643 8.14709091186523 8.14166069030762 8.13162803649902 8.12188053131104 8.11266040802002 8.10300445556641 8.09287357330322 8.08470153808594 8.07779598236084 8.07489967346191 8.07344341278076 8.07522487640381
-9999 -9999 -9999 -9999 -9999 -9999 -9999 -9999 -9999 -9999 -9999 -9999 -9999 -9999 7.82888507843018 7.82472085952759 7.6458158493042 7.45858287811279 7.43103647232056 7.39192199707031 7.56087970733643 7.7224588394165 7.85315704345703 7.95845031738281 8.01010990142822 8.04842948913574 8.0704460144043 8.08820724487305 8.10287189483643 8.11493110656738 8.1259126663208 8.13459491729736 8.14282512664795 8.14813232421875 8.15253639221191 8.14917278289795 8.14540863037109 8.14023685455322 8.13351917266846 8.12393093109131 8.1126880645752 8.09964370727539 8.08955478668213 8.08137798309326 8.07690525054932 8.07376194000244 8.07555961608887
8.04054260253906 -9999 -9999 -9999 -9999 -9999 -9999 -9999 -9999 -9999 8.00225734710693 7.89654588699341 -9999 -9999 -9999 7.82028579711914 7.83775091171265 7.68142318725586 7.48612880706787 7.50042104721069 7.64316701889038 7.78070259094238 7.8964319229126 7.99037504196167 8.03832626342773 8.0732421875 8.09222507476807 8.10713672637939 8.11908340454102 8.129225730896 8.1386194229126 8.14487075805664 8.15050411224365 8.15291213989258 8.15473079681396 8.15196990966797 8.14910316467285 8.14586734771729 8.14064311981201 8.13172721862793 8.12089061737061 8.10796165466309 8.09622764587402 8.08526802062988 8.08004474639893 8.07688140869141 8.07723712921143
8.03699684143066 8.03647327423096 -9999 -9999 -9999 -9999 -9999 -9999 -9999 -9999 8.05915832519531 8.00811290740967 7.89654588699341 -9999 -9999 7.78200912475586 7.82860517501831 7.90263795852661 7.75870800018311 7.61743879318237 7.7328314781189 7.84490776062012 7.94310665130615 8.02358150482178 8.06663990020752 8.09744548797607 8.1132755279541 8.12533473968506 8.13464832305908 8.14280986785889 8.15049457550049 8.15442085266113 8.15760803222656 8.15742683410645 8.15694904327393 8.15478515625 8.15275764465332 8.15120601654053 8.147385597229 8.13935089111328 8.12906455993652 8.11632537841797 8.10313034057617 8.08964157104492 8.08344745635986 8.07987403869629 8.07911968231201
8.03699684143066 8.03542709350586 8.04258441925049 8.04054641723633 -9999 -9999 -9999 -9999 -9999 -9999 -9999 8.06963729858398 8.00090312957764 7.89654588699341 7.85024356842041 7.78200912475586 7.82860517501831 7.90263795852661 7.84113788604736 7.7801456451416 7.86206197738647 7.94108867645264 8.00801944732666 8.0636625289917 8.09547424316406 8.11838436126709 8.13041305541992 8.13960742950439 8.14673805236816 8.15258884429932 8.15791034698486 8.16007995605469 8.16162872314453 8.1605281829834 8.15929317474365 8.15770530700684 8.15620040893555 8.15498447418213 8.15208148956299 8.14604377746582 8.13708305358887 8.12493705749512 8.11126518249512 8.09660625457764 8.08826160430908 8.08218574523926 8.08210468292236
8.04302597045898 8.04474925994873 8.04922962188721 8.04093170166016 -9999 -9999 -9999 -9999 8.02310180664062 8.04098892211914 8.06332778930664 8.0917797088623 8.05380535125732 7.96148300170898 7.89046859741211 7.82954692840576 7.86755228042603 7.92919492721558 7.92360830307007 7.91760015487671 7.97267770767212 8.02499771118164 8.06578159332275 8.10022258758545 8.12127494812012 8.13658046722412 8.14485931396484 8.15122509002686 8.1561975479126 8.15988063812256 8.16303062438965 8.16372013092041 8.16392612457275 8.16226387023926 8.16059303283691 8.15952301025391 8.15850067138672 8.15764808654785 8.15562725067139 8.1514368057251 8.14390563964844 8.13273239135742 8.11924362182617 8.10425662994385 8.09372711181641 8.08479976654053 8.08404541015625
8.06412887573242 8.05667209625244 8.05024242401123 8.04093170166016 8.03147888183594 8.02613067626953 8.02132797241211 8.0192985534668 8.02310180664062 8.04098892211914 8.06332778930664 8.0917797088623 8.09007835388184 8.06370639801025 8.03125762939453 7.99593162536621 8.00387001037598 8.0221471786499 8.00618076324463 7.99192190170288 8.03675365447998 8.0782299041748 8.1056661605835 8.1279821395874 8.13949108123779 8.14791774749756 8.15257740020752 8.15620613098145 8.15908241271973 8.16095352172852 8.16240882873535 8.16231632232666 8.16191864013672 8.16058444976807 8.15927886962891 8.15858173370361 8.15794563293457 8.15752220153809 8.15629768371582 8.15358352661133 8.14774036407471 8.13849067687988 8.12683486938477 8.11362266540527 8.10082054138184 8.08816623687744 8.0833740234375
8.08833980560303 8.07514667510986 8.0615119934082 8.05216693878174 8.04344272613525 8.03961086273193 8.03652477264404 8.03722763061523 8.04291152954102 8.06062126159668 8.08139324188232 8.10636901855469 8.12314319610596 8.13320636749268 8.12536334991455 8.10904026031494 8.10080146789551 8.0944938659668 8.07692813873291 8.06173610687256 8.09236335754395 8.12014484405518 8.13602256774902 8.14815330505371 8.15237426757812 8.15540504455566 8.15698146820068 8.15816974639893 8.15907573699951 8.1594352722168 8.15956783294678 8.15899848937988 8.15829086303711 8.15734004974365 8.15643882751465 8.15610122680664 8.15586090087891 8.15596389770508 8.15552520751953 8.15407848358154 8.1497917175293 8.142409324646 8.13239574432373 8.12067985534668 8.10702610015869 8.09267520904541 8.08441638946533
8.11694526672363 8.10288524627686 8.08728218078613 8.07928657531738 8.07232093811035 8.07215023040771 8.07320690155029 8.08050537109375 8.09072780609131 8.10801029205322 8.125 8.14158725738525 8.15167331695557 8.15644073486328 8.15346813201904 8.14682769775391 8.14204692840576 8.13770961761475 8.13095760345459 8.12517929077148 8.13600254058838 8.1460599899292 8.15290927886963 8.15759563446045 8.15771865844727 8.15744876861572 8.15670013427734 8.15587043762207 8.15498161315918 8.15425300598145 8.15359020233154 8.15297603607178 8.15237045288086 8.15188121795654 8.15144157409668 8.15144443511963 8.15161609649658 8.15237903594971 8.15271091461182 8.15224075317383 8.14931869506836 8.14372730255127 8.13508605957031 8.12447166442871 8.11197471618652 8.098801612854 8.08788108825684
8.13052558898926 8.12023544311523 8.1084566116333 8.10326766967773 8.09897708892822 8.10071277618408 8.10354423522949 8.1119556427002 8.12186336517334 8.13538360595703 8.14716911315918 8.15657234191895 8.16141128540039 8.16251564025879 8.16177082061768 8.1601505279541 8.15782260894775 8.1553258895874 8.15421772003174 8.15334701538086 8.15455055236816 8.15586471557617 8.15763854980469 8.15832328796387 8.15670871734619 8.15493297576904 8.15295886993408 8.15099716186523 8.14904308319092 8.14779949188232 8.14684963226318 8.14646816253662 8.14619731903076 8.14586067199707 8.14556407928467 8.1456823348999 8.14603614807129 8.14721965789795 8.14812564849854 8.14851856231689 8.146803855896 8.14279460906982 8.1356029510498 8.12635231018066 8.11516857147217 8.10329055786133 8.0922327041626
8.13145351409912 8.12883853912354 8.12575817108154 8.12460517883301 8.12376117706299 8.12592506408691 8.12853908538818 8.13344669342041 8.13895225524902 8.14590167999268 8.15128612518311 8.15452098846436 8.15532398223877 8.15413856506348 8.15339946746826 8.15287113189697 8.15215110778809 8.15138530731201 8.15156745910645 8.15180969238281 8.15196895599365 8.15210247039795 8.15213012695312 8.15171146392822 8.15034866333008 8.1485767364502 8.1463041305542 8.14395618438721 8.14155387878418 8.14027690887451 8.13946723937988 8.13955116271973 8.13981056213379 8.13936710357666 8.13894462585449 8.13898849487305 8.13933277130127 8.14073371887207 8.14204978942871 8.14321041107178 8.14256954193115 8.13996505737305 8.1342887878418 8.12662315368652 8.11688423156738 8.10640048980713 8.09733200073242
8.12312698364258 8.1232328414917 8.12322807312012 8.12368011474609 8.12423801422119 8.12637329101562 8.12866115570068 8.13172245025635 8.13505744934082 8.13905429840088 8.14181995391846 8.142897605896 8.14235877990723 8.14049625396729 8.13946437835693 8.13882446289062 8.13828659057617 8.13777446746826 8.13822650909424 8.13875007629395 8.13933849334717 8.13990211486816 8.14036560058594 8.14067459106445 8.14065837860107 8.13990879058838 8.13826370239258 8.13624286651611 8.13394737243652 8.1330680847168 8.13277530670166 8.13319492340088 8.13375568389893 8.13332271575928 8.13283252716064 8.13213634490967 8.13180828094482 8.13277721405029 8.13393306732178 8.13543891906738 8.13564491271973 8.13443279266357 8.13056087493896 8.12496757507324 8.11728954315186 8.10886192321777 8.10137271881104
8.11027050018311 8.11067295074463 8.11099147796631 8.11185932159424 8.11281871795654 8.11470222473145 8.11661052703857 8.11863708496094 8.12089443206787 8.12370872497559 8.12570858001709 8.12659168243408 8.12602615356445 8.12427711486816 8.12280559539795 8.1214656829834 8.1204137802124 8.11943054199219 8.11965370178223 8.12005233764648 8.12178993225098 8.12357139587402 8.12553787231445 8.12747192382812 8.12933826446533 8.1301097869873 8.12954521179199 8.12819957733154 8.12628555297852 8.12601280212402 8.12642002105713 8.12711334228516 8.12786293029785 8.12749862670898 8.12696743011475 8.12520599365234 8.12388229370117 8.12410163879395 8.12481880187988 8.12646293640137 8.12740325927734 8.12757778167725 8.12565231323242 8.12236881256104 8.11705207824707 8.11100482940674 8.10489559173584
8.09848690032959 8.09879302978516 8.09904098510742 8.09975624084473 8.10054111480713 8.10191822052002 8.10326290130615 8.10444164276123 8.10574245452881 8.10733699798584 8.10848140716553 8.10900688171387 8.10851573944092 8.10719299316406 8.10599994659424 8.10486698150635 8.10406112670898 8.10333347320557 8.10363960266113 8.10412120819092 8.10612201690674 8.10828685760498 8.11113929748535 8.11411285400391 8.11734104156494 8.11936855316162 8.11992931365967 8.11941146850586 8.11810874938965 8.1182279586792 8.11893653869629 8.12024688720703 8.12167549133301 8.12149810791016 8.12103366851807 8.11833381652832 8.11606597900391 8.11531543731689 8.11533737182617 8.11679363250732 8.11801815032959 8.11898994445801 8.11862945556641 8.11740684509277 8.11431884765625 8.11056041717529 8.10555934906006
