Ecospace-environmental-drivers/Outputs/ASCII-for-ecospace/MOM6-ISIMIP3a/ph-surf/2004-09_ph-surf_MOM6-ISIMIP3a.asc
NCOLS 131 
NROWS 53 
XLLCORNER -98 
YLLCORNER 23.9265270233154 
CELLSIZE 0.133587792515755 
NODATA_value -9999 
[rows 21 to 41 of 53, columns 0 to 46 of 131]
-9999 -9999 -9999 -9999 -9999 -9999 8.09767436981201 8.0977668762207 8.09803771972656 8.09844017028809 8.09912967681885 8.09962177276611 8.09927082061768 8.09822463989258 8.09889507293701 8.10154819488525 8.10407257080078 8.10650825500488 8.10939979553223 8.11246681213379 8.11448764801025 8.11632251739502 8.11672019958496 8.11711978912354 8.11780261993408 8.11838340759277 8.11863231658936 8.11874198913574 8.1186056137085 8.11855697631836 8.11859703063965 8.11857509613037 8.11851501464844 8.11828422546387 8.11799621582031 8.11751556396484 8.11700820922852 8.11641407012939 8.11587142944336 8.11565971374512 8.115478515625 8.11538028717041 8.11543083190918 8.11571216583252 8.11615657806396 8.11675262451172 8.11760425567627
-9999 -9999 -9999 -9999 -9999 -9999 8.0976676940918 8.09767436981201 8.09785842895508 8.09817790985107 8.09844017028809 8.09932708740234 8.10012245178223 8.10073661804199 8.10202407836914 8.10408687591553 8.10584545135498 8.10739517211914 8.10911083221436 8.11088943481445 8.11159992218018 8.11212158203125 8.11178398132324 8.11149311065674 8.11174964904785 8.11194705963135 8.11195468902588 8.11185455322266 8.11156558990479 8.11142444610596 8.11143589019775 8.11147022247314 8.1115198135376 8.11131286621094 8.11102104187012 8.11056327819824 8.11008262634277 8.10961055755615 8.10919189453125 8.10911655426025 8.10907554626465 8.10912990570068 8.10934734344482 8.1098165512085 8.11046314239502 8.11127090454102 8.11229610443115
-9999 -9999 -9999 -9999 8.09934902191162 8.09819889068604 8.09764575958252 8.09768390655518 8.09767436981201 8.09804248809814 8.09855365753174 8.09961414337158 8.10106563568115 8.1032886505127 8.10501670837402 8.10617446899414 8.10698509216309 8.10755920410156 8.10809707641602 8.10862064361572 8.10809898376465 8.10739231109619 8.10645771026611 8.10560607910156 8.10548782348633 8.10535335540771 8.10516834259033 8.10490894317627 8.10451698303223 8.10432529449463 8.10434055328369 8.10446166992188 8.10464763641357 8.1045036315918 8.10424900054932 8.10384941101074 8.10342979431152 8.10309314727783 8.10280895233154 8.102858543396 8.10294818878174 8.10314655303955 8.10353088378906 8.10420417785645 8.10506248474121 8.1060905456543 8.10728454589844
-9999 -9999 -9999 -9999 8.10197067260742 8.09957885742188 8.09875297546387 8.09764575958252 8.09773063659668 8.09881401062012 8.09994792938232 8.10128021240234 8.10237884521484 8.10301494598389 8.10330104827881 8.10318183898926 8.10330677032471 8.10359954833984 8.10400676727295 8.10445690155029 8.10373210906982 8.1028003692627 8.10164928436279 8.10058116912842 8.10024166107178 8.09996891021729 8.09991645812988 8.09979248046875 8.09954452514648 8.09946537017822 8.09956169128418 8.09973621368408 8.0999584197998 8.09997844696045 8.09993076324463 8.09963703155518 8.09930896759033 8.09895706176758 8.09864330291748 8.09857368469238 8.09857273101807 8.09876441955566 8.09913730621338 8.0997896194458 8.1005744934082 8.10147857666016 8.10253715515137
-9999 -9999 -9999 -9999 -9999 8.10197067260742 8.09994697570801 8.0998592376709 8.09793853759766 8.09954833984375 8.10110378265381 8.10244846343994 8.10300159454346 8.1019926071167 8.10087203979492 8.09962272644043 8.0991678237915 8.09925937652588 8.09959983825684 8.10003757476807 8.0992259979248 8.09819602966309 8.09696006774902 8.09580230712891 8.09532642364502 8.09497928619385 8.09504795074463 8.09505367279053 8.09494876861572 8.09497928619385 8.09514713287354 8.09536361694336 8.09560871124268 8.09575462341309 8.09586811065674 8.09566879272461 8.09542465209961 8.09506225585938 8.09472179412842 8.09452438354492 8.0944128036499 8.0945405960083 8.09484577178955 8.09542369842529 8.09610366821289 8.09687519073486 8.09778690338135
-9999 -9999 -9999 -9999 -9999 8.10274314880371 8.10197067260742 8.10031318664551 8.09880924224854 8.10012435913086 8.10121250152588 8.1014347076416 8.1006031036377 8.09768676757812 8.09531688690186 8.09357833862305 8.09301090240479 8.09324836730957 8.09380722045898 8.09449100494385 8.09410762786865 8.09353542327881 8.09279155731201 8.0920991897583 8.09186267852783 8.09171772003174 8.09186363220215 8.09197044372559 8.09200859069824 8.09212970733643 8.09233665466309 8.09254264831543 8.09274768829346 8.09285163879395 8.09292316436768 8.09276390075684 8.09257221221924 8.09221935272217 8.0918664932251 8.09150695800781 8.09119415283203 8.0910120010376 8.09100532531738 8.09126853942871 8.09170818328857 8.09230899810791 8.09301948547363
-9999 -9999 8.10525131225586 8.10476779937744 8.10402679443359 8.103515625 8.10274219512939 8.10101127624512 8.09945201873779 8.1004810333252 8.10109806060791 8.10014152526855 8.09812068939209 8.09399604797363 8.09076976776123 8.08858108520508 8.08780765533447 8.08800601959229 8.08868598937988 8.08955001831055 8.08959197998047 8.0894889831543 8.08922576904297 8.08898735046387 8.08899021148682 8.08904266357422 8.08926105499268 8.08944034576416 8.08955478668213 8.08967113494873 8.08979034423828 8.08983612060547 8.0898380279541 8.08974838256836 8.08962726593018 8.08937644958496 8.08910655975342 8.08869171142578 8.08826637268066 8.08778190612793 8.08732986450195 8.08697032928467 8.08680057525635 8.08692264556885 8.08726501464844 8.08781147003174 8.08841323852539
-9999.000000000000000 -9999 -9999 -9999 8.1067590713501 8.1045389175415 8.10501098632812 8.10224437713623 8.0995979309082 8.10036087036133 8.10049724578857 8.09823608398438 8.09545516967773 8.09164810180664 8.08842277526855 8.0858678817749 8.08468437194824 8.08444309234619 8.08502674102783 8.08592891693115 8.08639526367188 8.08678436279297 8.08697509765625 8.08716773986816 8.08740425109863 8.08765125274658 8.08792877197266 8.08812046051025 8.08816337585449 8.0880651473999 8.08782196044922 8.08738327026367 8.08682441711426 8.08620643615723 8.08556842803955 8.08493709564209 8.08430671691895 8.08366775512695 8.08304309844971 8.08251190185547 8.08205604553223 8.08180904388428 8.08180046081543 8.0821590423584 8.08271884918213 8.08346366882324 8.0841588973999
-9999 -9999 -9999 -9999 8.11085987091064 8.11222362518311 8.11006736755371 8.1048469543457 8.09989738464355 8.10001373291016 8.09949111938477 8.09652423858643 8.09334850311279 8.08975791931152 8.08658313751221 8.08388805389404 8.08254337310791 8.08212661743164 8.08262348175049 8.08347415924072 8.08414459228516 8.08478355407715 8.08520317077637 8.08560466766357 8.08589839935303 8.08615779876709 8.08630561828613 8.08630275726318 8.08603858947754 8.0855016708374 8.08468627929688 8.08359432220459 8.0823335647583 8.08113288879395 8.07995128631592 8.07900047302246 8.07808208465576 8.07735729217529 8.0766716003418 8.07623863220215 8.07592010498047 8.07592391967773 8.07621479034424 8.07694625854492 8.07791709899902 8.07910633087158 8.0801305770874
-9999 -9999 -9999 -9999 8.11402130126953 8.11581802368164 8.11803722381592 8.10917377471924 8.10038948059082 8.09938049316406 8.097975730896 8.09505748748779 8.09194374084473 8.0884428024292 8.08538246154785 8.08282947540283 8.08163642883301 8.08137702941895 8.08180141448975 8.08248901367188 8.08308601379395 8.08366775512695 8.0840311050415 8.08436584472656 8.08449077606201 8.08453559875488 8.08431625366211 8.08385944366455 8.08299160003662 8.0817346572876 8.08008003234863 8.07812404632568 8.0759859085083 8.07413291931152 8.07237434387207 8.07117938995361 8.07006740570068 8.06943035125732 8.06885814666748 8.06870174407959 8.06869983673096 8.06912994384766 8.06989192962646 8.07116794586182 8.07279300689697 8.07473754882812 8.07638931274414
-9999 -9999 -9999 -9999 8.11581802368164 8.11850452423096 8.12165832519531 8.11207389831543 8.10255336761475 8.09970664978027 8.09679317474365 8.09362602233887 8.09038352966309 8.08698844909668 8.08407497406006 8.08171653747559 8.08061027526855 8.08036518096924 8.08060646057129 8.08103561401367 8.08141899108887 8.0817928314209 8.08197402954102 8.08212280273438 8.08203887939453 8.08184146881104 8.08127403259277 8.08040618896484 8.07901573181152 8.0772008895874 8.07494831085205 8.07253551483154 8.07002735137939 8.06805515289307 8.06626224517822 8.06515598297119 8.06414890289307 8.0636568069458 8.06323146820068 8.06323337554932 8.06338119506836 8.06393527984619 8.06483173370361 8.06625747680664 8.068190574646 8.07059097290039 8.07283973693848
-9999 -9999 -9999 -9999 8.11865997314453 8.12165832519531 8.11463356018066 8.11390399932861 8.10597229003906 8.10075187683105 8.09585952758789 8.09222221374512 8.08870601654053 8.08542823791504 8.08268642425537 8.08056259155273 8.07949638366699 8.07915592193604 8.07913303375244 8.07923126220703 8.07929420471191 8.07935047149658 8.07925224304199 8.07912731170654 8.07880401611328 8.07834434509277 8.07744216918945 8.07619476318359 8.07434463500977 8.0720911026001 8.06942176818848 8.06685829162598 8.06435966491699 8.06267070770264 8.06125068664551 8.06048107147217 8.0598030090332 8.05949783325195 8.05924415588379 8.05931568145752 8.05948734283447 8.05994033813477 8.06071758270264 8.06199741363525 8.06398010253906 8.06660938262939 8.06943511962891
-9999 -9999 -9999 -9999 8.12165832519531 8.1156644821167 8.1126127243042 8.11089897155762 8.10979557037354 8.10196685791016 8.09489440917969 8.09071445465088 8.08686828613281 8.0836820602417 8.08109188079834 8.07918834686279 8.07815551757812 8.07772064208984 8.07749176025391 8.07734394073486 8.07716464996338 8.07698059082031 8.07671928405762 8.07643795013428 8.07599830627441 8.07540798187256 8.07433032989502 8.07286739349365 8.07073307037354 8.06826496124268 8.06545352935791 8.06306552886963 8.06093406677246 8.05960273742676 8.05853652954102 8.05804634094238 8.05763721466064 8.05748271942139 8.05736255645752 8.05745792388916 8.05761337280273 8.0579309463501 8.05851459503174 8.05950832366943 8.06121349334717 8.06357192993164 8.06649112701416
-9999 -9999 -9999 -9999 -9999 8.11421489715576 8.11375427246094 8.11303520202637 8.11379146575928 8.1032543182373 8.09391498565674 8.08916187286377 8.08496189117432 8.0818567276001 8.07940864562988 8.07771968841553 8.0767183303833 8.07618808746338 8.07577991485596 8.07541942596436 8.07503318786621 8.0746431350708 8.07426738739014 8.07387924194336 8.0733757019043 8.07271194458008 8.07152652740479 8.06991863250732 8.06757640838623 8.06499004364014 8.06215381622314 8.06008052825928 8.05847072601318 8.05752754211426 8.05680656433105 8.05657196044922 8.05640506744385 8.0563850402832 8.05638217926025 8.05648422241211 8.05660438537598 8.0567741394043 8.05713081359863 8.05777931213379 8.05906581878662 8.06093883514404 8.06374549865723
-9999 -9999 -9999 -9999 -9999 8.11626148223877 8.11627864837646 8.11732769012451 8.11621570587158 8.10357570648193 8.09248828887939 8.08734703063965 8.08283805847168 8.07958126068115 8.0771484375 8.0756664276123 8.07485103607178 8.07449340820312 8.0741491317749 8.07381057739258 8.07339763641357 8.07297039031982 8.0725793838501 8.07218074798584 8.07170677185059 8.07105255126953 8.06981468200684 8.06808757781982 8.06550693511963 8.06288814544678 8.06023025512695 8.05847072601318 8.05725765228271 8.05664443969727 8.05623054504395 8.05617237091064 8.0561637878418 8.0562219619751 8.05628681182861 8.05639171600342 8.05649375915527 8.05658721923828 8.05678272247314 8.05713558197021 8.05808448791504 8.05958080291748 8.06209278106689
-9999 -9999 -9999 -9999 -9999 8.11829471588135 8.11875152587891 8.1184720993042 8.11831378936768 8.10369682312012 8.09096908569336 8.08547782897949 8.08066940307617 8.07721328735352 8.07476806640625 8.07349109649658 8.07289409637451 8.0727653503418 8.07253551483154 8.07226753234863 8.07186412811279 8.07143688201904 8.07104969024658 8.07065963745117 8.07023429870605 8.06960773468018 8.06832981109619 8.06648826599121 8.06366348266602 8.06102848052979 8.05859088897705 8.05714511871338 8.05630302429199 8.05600738525391 8.05589294433594 8.05599594116211 8.05612850189209 8.05625247955322 8.05637454986572 8.05648136138916 8.05656909942627 8.05660152435303 8.05664825439453 8.05671691894531 8.05734539031982 8.05848693847656 8.06066608428955
-9999 -9999 -9999 -9999 -9999 -9999 8.11985492706299 8.12045478820801 8.11923789978027 8.10361862182617 8.08998489379883 8.08394527435303 8.07867431640625 8.07492351531982 8.07233428955078 8.07108688354492 8.07059383392334 8.0706205368042 8.07063293457031 8.07064056396484 8.07043170928955 8.0701847076416 8.06982898712158 8.06947231292725 8.06912231445312 8.06855964660645 8.06731224060059 8.06546115875244 8.06255722045898 8.06001663208008 8.05785083770752 8.0566349029541 8.05599689483643 8.05585861206055 8.05588817596436 8.05604553222656 8.05622005462646 8.05634593963623 8.05646514892578 8.05653667449951 8.05659770965576 8.05663108825684 8.05665683746338 8.05667018890381 8.05718326568604 8.05815505981445 8.06015682220459
-9999 -9999 -9999 -9999 -9999 -9999 8.12034606933594 8.12063884735107 8.11991882324219 8.10344505310059 8.08902740478516 8.08247661590576 8.07678890228271 8.07280826568604 8.07010078430176 8.06886100769043 8.06843090057373 8.0685567855835 8.06877517700195 8.06902980804443 8.06900882720947 8.06894111633301 8.06862545013428 8.06830978393555 8.06803798675537 8.06754398345947 8.06632804870605 8.06447696685791 8.06151485443115 8.05907535552979 8.05717277526855 8.05617713928223 8.0557336807251 8.05574321746826 8.05590438842773 8.05611038208008 8.05632305145264 8.05644702911377 8.05655860900879 8.05659198760986 8.05662441253662 8.05665588378906 8.05666637420654 8.05664157867432 8.05706024169922 8.05788612365723 8.05972480773926
-9999 -9999 -9999 -9999 -9999 -9999 8.118577003479 8.11994361877441 8.11856746673584 8.10233688354492 8.08810520172119 8.0815258026123 8.07598972320557 8.07251739501953 8.07002067565918 8.06864929199219 8.06789016723633 8.06755065917969 8.06753063201904 8.06763362884521 8.06764888763428 8.06764984130859 8.06744861602783 8.06724643707275 8.06707859039307 8.06667041778564 8.0654821395874 8.06367874145508 8.06079959869385 8.05847358703613 8.05671691894531 8.05588912963867 8.05562686920166 8.05574417114258 8.05598735809326 8.05623626708984 8.05648612976074 8.05659961700439 8.05669498443604 8.05667400360107 8.0566520690918 8.05662536621094 8.05661582946777 8.05663299560547 8.05707931518555 8.0579195022583 8.0596752166748
-9999 -9999 -9999 -9999 -9999 8.11246013641357 8.11507797241211 8.11514854431152 8.11652755737305 8.10088729858398 8.08714199066162 8.08064651489258 8.07532405853271 8.07231903076172 8.0700216293335 8.06854152679443 8.0675048828125 8.06677436828613 8.06652069091797 8.06645202636719 8.06646251678467 8.06648635864258 8.06636714935303 8.06624984741211 8.06616878509521 8.06582736968994 8.0646390914917 8.06286811828613 8.06007957458496 8.0578784942627 8.05628204345703 8.05562496185303 8.05554008483887 8.05576133728027 8.05608463287354 8.05636692047119 8.05664348602295 8.05674171447754 8.05681800842285 8.05674934387207 8.05667877197266 8.05659866333008 8.0565710067749 8.05662441253662 8.05710411071777 8.05797481536865 8.059645652771
-9999 -9999 -9999 -9999 8.11183071136475 8.11200428009033 8.11246013641357 8.11275768280029 8.11196422576904 8.09818744659424 8.08602237701416 8.08002758026123 8.07514476776123 8.07246208190918 8.07032203674316 8.06880950927734 8.06768894195557 8.0668363571167 8.06637287139893 8.06605911254883 8.06590843200684 8.06578731536865 8.06563663482666 8.06549453735352 8.06544208526611 8.06509685516357 8.06380653381348 8.06201267242432 8.05933856964111 8.05730438232422 8.05592727661133 8.05545234680176 8.05552673339844 8.05584049224854 8.05623531341553 8.05651473999023 8.05677700042725 8.05684757232666 8.0568962097168 8.05679988861084 8.05669975280762 8.05659008026123 8.05655097961426 8.05662059783936 8.05715560913086 8.05811500549316 8.05968475341797
