Ecospace-environmental-drivers/Outputs/ASCII-for-ecospace/MOM6-ISIMIP3a/ph-surf/2006-06_ph-surf_MOM6-ISIMIP3a.asc
NCOLS 131 
NROWS 53 
XLLCORNER -98 
YLLCORNER 23.9265270233154 
CELLSIZE 0.133587792515755 
NODATA_value -9999 
[rows 21 to 41 of 53, columns 0 to 46 of 131]
-9999 -9999 -9999 -9999 -9999 -9999 8.09328746795654 8.09290313720703 8.09179019927979 8.08999347686768 8.08773136138916 8.0849723815918 8.08445644378662 8.08292007446289 8.08189296722412 8.08145141601562 8.08106327056885 8.08071136474609 8.08097648620605 8.08148002624512 8.08192825317383 8.08236598968506 8.08262348175049 8.08284664154053 8.08280944824219 8.08276557922363 8.08270454406738 8.08267974853516 8.08271980285645 8.08284568786621 8.08305931091309 8.08316040039062 8.08319187164307 8.08315372467041 8.08309173583984 8.08301067352295 8.08292579650879 8.082763671875 8.08260536193848 8.08247470855713 8.08233642578125 8.08217716217041 8.08200168609619 8.08180141448975 8.08163261413574 8.0814905166626 8.08131694793701
-9999 -9999 -9999 -9999 -9999 -9999 8.09335517883301 8.09328746795654 8.09251976013184 8.0913610458374 8.08999347686768 8.08822727203369 8.08685779571533 8.08627510070801 8.08596897125244 8.08598232269287 8.08570575714111 8.08522987365723 8.08498954772949 8.08483982086182 8.08471488952637 8.08459377288818 8.08444404602051 8.08428192138672 8.08402442932129 8.08377647399902 8.08355903625488 8.08337593078613 8.08325386047363 8.08318710327148 8.083176612854 8.08312702178955 8.08305358886719 8.08290767669678 8.08273601531982 8.08250904083252 8.08227443695068 8.08196449279785 8.08166599273682 8.08144664764404 8.08121871948242 8.08096408843994 8.08069610595703 8.08040809631348 8.08013534545898 8.07987594604492 8.07957744598389
-9999 -9999 -9999 -9999 8.10219478607178 8.09627437591553 8.09340763092041 8.09337043762207 8.09328746795654 8.09175205230713 8.09041023254395 8.08980560302734 8.08951568603516 8.0898494720459 8.09016036987305 8.09044647216797 8.09016036987305 8.08948230743408 8.08872509002686 8.0879373550415 8.08722496032715 8.08652591705322 8.08597087860107 8.08543014526367 8.08496952056885 8.08453464508057 8.08418273925781 8.08387184143066 8.0836353302002 8.08341789245605 8.08322143554688 8.08304786682129 8.08289051055908 8.08265113830566 8.08238506317139 8.08203601837158 8.08167552947998 8.08125400543213 8.08085060119629 8.08056354522705 8.08026313781738 8.07992267608643 8.07957077026367 8.07919883728027 8.07883071899414 8.07846641540527 8.07806587219238
-9999 -9999 -9999 -9999 8.11569309234619 8.10340595245361 8.09914207458496 8.09340763092041 8.09341621398926 8.09352397918701 8.09360218048096 8.0935640335083 8.0933723449707 8.09287643432617 8.09208488464355 8.09095191955566 8.08969020843506 8.08833980560303 8.08726596832275 8.08630084991455 8.08547496795654 8.08467388153076 8.08408546447754 8.08352947235107 8.08319854736328 8.08289813995361 8.08269882202148 8.08254528045654 8.08247184753418 8.08238220214844 8.08227443695068 8.08214664459229 8.08200645446777 8.08174133300781 8.08143520355225 8.08111953735352 8.08080291748047 8.08054637908936 8.08029079437256 8.08004570007324 8.07977771759033 8.07944679260254 8.07909202575684 8.07870197296143 8.0782995223999 8.07788467407227 8.07745170593262
-9999 -9999 -9999 -9999 -9999 8.11569309234619 8.10538005828857 8.1048755645752 8.094482421875 8.09573936462402 8.09677219390869 8.09694862365723 8.09656429290771 8.09507179260254 8.09313678741455 8.0906925201416 8.0885763168335 8.08668518066406 8.08538913726807 8.08432388305664 8.08347988128662 8.08267498016357 8.08211517333984 8.08159923553467 8.08139705657959 8.08122730255127 8.08116436004639 8.08114242553711 8.08119583129883 8.08120918273926 8.08118152618408 8.08109664916992 8.08097648620605 8.08070468902588 8.08038139343262 8.08010292053223 8.07983207702637 8.07970714569092 8.07957172393799 8.07936763763428 8.07913494110107 8.07882499694824 8.07848453521729 8.07809734344482 8.07768154144287 8.07723808288574 8.07678127288818
-9999 -9999 -9999 -9999 -9999 8.11875057220459 8.11569309234619 8.10754299163818 8.09965705871582 8.09989929199219 8.09985065460205 8.09869480133057 8.09684371948242 8.09361839294434 8.09036350250244 8.08707618713379 8.084641456604 8.08279132843018 8.08168125152588 8.08085632324219 8.08041000366211 8.08003044128418 8.07977104187012 8.07953453063965 8.07946395874023 8.07940864562988 8.07940196990967 8.07940483093262 8.07942199707031 8.07943439483643 8.07944202423096 8.0793924331665 8.07930850982666 8.07910823822021 8.0788688659668 8.07864475250244 8.07842254638672 8.07829284667969 8.07815837860107 8.07798862457275 8.07780075073242 8.07756614685059 8.07731056213379 8.07702255249023 8.07668590545654 8.07630157470703 8.07586669921875
-9999 -9999 8.12456893920898 8.12408924102783 8.1238374710083 8.12181186676025 8.11874675750732 8.11188697814941 8.10527801513672 8.10395908355713 8.10231590270996 8.09942626953125 8.09597873687744 8.09142971038818 8.08732795715332 8.08374404907227 8.08129024505615 8.07961177825928 8.07874965667725 8.07820224761963 8.07805061340332 8.07796955108643 8.07788944244385 8.0778169631958 8.07779788970947 8.07778549194336 8.07779312133789 8.07779026031494 8.07776927947998 8.07776546478271 8.07777976989746 8.07774448394775 8.07767868041992 8.0775260925293 8.07734394073486 8.07715511322021 8.07696628570557 8.0768461227417 8.07672595977783 8.07660293579102 8.07647037506104 8.07631015777588 8.07612991333008 8.07592010498047 8.07563304901123 8.07527637481689 8.07483863830566
-9999.000000000000000 -9999 -9999 -9999 8.12661933898926 8.12586307525635 8.12772941589355 8.11988639831543 8.1118688583374 8.10780429840088 8.10344314575195 8.09794425964355 8.09261798858643 8.08763599395752 8.08372020721436 8.08103179931641 8.07921409606934 8.07799243927002 8.0775146484375 8.07732486724854 8.07724380493164 8.07718181610107 8.07701969146729 8.07685852050781 8.0767183303833 8.07659244537354 8.07651615142822 8.07644367218018 8.07637977600098 8.07632732391357 8.07628631591797 8.0762186050415 8.07613277435303 8.0759744644165 8.07579040527344 8.07559967041016 8.07540798187256 8.0753288269043 8.0752534866333 8.07520484924316 8.07514667510986 8.07506084442139 8.07493686676025 8.07475471496582 8.0744571685791 8.07405281066895 8.07356739044189
-9999 -9999 -9999 -9999 8.12991809844971 8.13218402862549 8.13247013092041 8.12421607971191 8.11569213867188 8.10927486419678 8.10272693634033 8.09567832946777 8.08939933776855 8.08464622497559 8.08115196228027 8.07911014556885 8.07779026031494 8.07696533203125 8.0767068862915 8.07666778564453 8.07659816741943 8.07652282714844 8.07628154754639 8.07603740692139 8.07579803466797 8.07557678222656 8.07541275024414 8.07526016235352 8.07512664794922 8.07500553131104 8.0748987197876 8.07478618621826 8.07467079162598 8.07452297210693 8.07436561584473 8.07423496246338 8.0741081237793 8.07409477233887 8.07408237457275 8.07407569885254 8.074049949646 8.0739688873291 8.07382869720459 8.07359504699707 8.07324123382568 8.07277774810791 8.07226371765137
-9999 -9999 -9999 -9999 8.1319465637207 8.1317081451416 8.13141345977783 8.12392902374268 8.11603450775146 8.10775852203369 8.09969234466553 8.09242630004883 8.08635997772217 8.08266639709473 8.07989406585693 8.0781831741333 8.07718753814697 8.07668304443359 8.07643604278564 8.07628917694092 8.07615566253662 8.07602596282959 8.07570934295654 8.07539081573486 8.07507991790771 8.07478332519531 8.07452869415283 8.07428073883057 8.07404327392578 8.07382965087891 8.07364273071289 8.07347202301025 8.0733118057251 8.07319927215576 8.07310199737549 8.07311058044434 8.07313442230225 8.07321834564209 8.07328987121582 8.07328414916992 8.07323741912842 8.07307624816895 8.07282638549805 8.07244110107422 8.07197570800781 8.07143592834473 8.07091808319092
-9999 -9999 -9999 -9999 8.1317081451416 8.13135147094727 8.13093376159668 8.12312793731689 8.11482238769531 8.10547256469727 8.0966625213623 8.08992004394531 8.08443927764893 8.08145236968994 8.07914638519287 8.07762718200684 8.07674884796143 8.0763111114502 8.07602787017822 8.0758056640625 8.07564258575439 8.07549095153809 8.07519626617432 8.07489681243896 8.07458877563477 8.07427978515625 8.07396602630615 8.07364845275879 8.07332611083984 8.07303524017334 8.07277774810791 8.07256031036377 8.07236862182617 8.07227802276611 8.07222175598145 8.07229137420654 8.07238006591797 8.07248497009277 8.07256984710693 8.07251739501953 8.07241058349609 8.07215309143066 8.07180500030518 8.07131767272949 8.07078456878662 8.07021045684814 8.06970596313477
-9999 -9999 -9999 -9999 8.13133144378662 8.13093376159668 8.12152099609375 8.12194156646729 8.11244583129883 8.10260772705078 8.09363555908203 8.08797359466553 8.08335781097412 8.08081150054932 8.07878303527832 8.07735061645508 8.0764331817627 8.07587146759033 8.07551765441895 8.07524490356445 8.07507705688477 8.07492733001709 8.07472610473633 8.07451915740967 8.07426738739014 8.07399272918701 8.07364368438721 8.07327842712402 8.07288455963135 8.07252597808838 8.07220554351807 8.07194995880127 8.07173538208008 8.07165908813477 8.07162857055664 8.071702003479 8.07178974151611 8.07186031341553 8.07190227508545 8.07176876068115 8.07157325744629 8.07120800018311 8.07076835632324 8.07021617889404 8.0696496963501 8.06907081604004 8.0685920715332
-9999 -9999 -9999 -9999 8.13093376159668 8.11831474304199 8.11352729797363 8.11007881164551 8.10966014862061 8.09991645812988 8.09121799468994 8.08651542663574 8.08263874053955 8.08039474487305 8.07853984832764 8.07713508605957 8.07617568969727 8.07552242279053 8.0750846862793 8.07472896575928 8.07450580596924 8.07430648803711 8.07417488098145 8.07404327392578 8.0739049911499 8.07374095916748 8.07349586486816 8.07321643829346 8.07287979125977 8.0725564956665 8.0722484588623 8.07197761535645 8.0717306137085 8.07157135009766 8.07144260406494 8.07142066955566 8.07141399383545 8.0714054107666 8.07137393951416 8.07119369506836 8.07095527648926 8.07054996490479 8.07007312774658 8.06948280334473 8.06889724731445 8.06831550598145 8.06787776947021
-9999 -9999 -9999 -9999 -9999 8.10835456848145 8.10727596282959 8.10856151580811 8.10669898986816 8.09729957580566 8.08906173706055 8.08526802062988 8.08207607269287 8.08007335662842 8.07834911346436 8.07694625854492 8.07594203948975 8.07521343231201 8.07468414306641 8.07423305511475 8.07393360137939 8.07366180419922 8.07358741760254 8.07352542877197 8.07352447509766 8.07350444793701 8.07342147827148 8.07328701019287 8.0730619430542 8.0728178024292 8.07255458831787 8.07227802276611 8.07199478149414 8.07171249389648 8.07143211364746 8.07127285003662 8.07113075256348 8.07102489471436 8.07090473175049 8.07069396972656 8.07042980194092 8.0700159072876 8.06952285766602 8.06890678405762 8.06830787658691 8.06772613525391 8.06733322143555
-9999 -9999 -9999 -9999 -9999 8.1036548614502 8.10426139831543 8.10318756103516 8.10275840759277 8.09444522857666 8.08723258972168 8.08423137664795 8.08160209655762 8.07971000671387 8.07804775238037 8.07665061950684 8.07562160491943 8.07484436035156 8.07424259185791 8.07370758056641 8.07334423065186 8.07301235198975 8.07291221618652 8.07283115386963 8.07287311553955 8.07291793823242 8.07297420501709 8.07299709320068 8.07296180725098 8.07288265228271 8.07275867462158 8.07258701324463 8.07238674163818 8.07209587097168 8.07177448272705 8.07149124145508 8.07121276855469 8.07103252410889 8.07084083557129 8.07058429718018 8.07028007507324 8.06984519958496 8.06932640075684 8.06867599487305 8.06809520721436 8.06757926940918 8.06728172302246
-9999 -9999 -9999 -9999 -9999 8.09937572479248 8.09942817687988 8.10103511810303 8.0986156463623 8.09154224395752 8.08547210693359 8.08323860168457 8.08114719390869 8.07933807373047 8.07772350311279 8.07633399963379 8.07528209686279 8.07446384429932 8.07379150390625 8.07317543029785 8.07275104522705 8.07236099243164 8.07221794128418 8.07210159301758 8.07216453552246 8.07225799560547 8.07244873046875 8.07263278961182 8.07280445098877 8.07290840148926 8.07294178009033 8.07289791107178 8.0728063583374 8.07252979278564 8.07219123840332 8.07178497314453 8.07137107849121 8.071120262146 8.07086086273193 8.07055473327637 8.0702075958252 8.06974983215332 8.0692024230957 8.06851673126221 8.06796073913574 8.06752395629883 8.0673303604126
-9999 -9999 -9999 -9999 -9999 -9999 8.09443759918213 8.09406089782715 8.09361743927002 8.08867168426514 8.0843677520752 8.08252239227295 8.08068561553955 8.07886600494385 8.07724285125732 8.07584667205811 8.07475471496582 8.07387161254883 8.07313632965088 8.07245826721191 8.07199573516846 8.07157230377197 8.07139301300049 8.07124423980713 8.07129669189453 8.07139873504639 8.0716552734375 8.07192516326904 8.0722188949585 8.07245635986328 8.07263565063477 8.0727367401123 8.07279014587402 8.07265758514404 8.07246208190918 8.07209205627441 8.07169818878174 8.07137489318848 8.07104682922363 8.07068347930908 8.07028865814209 8.06980895996094 8.06925487518311 8.06858539581299 8.06805229187012 8.06764602661133 8.06748867034912
-9999 -9999 -9999 -9999 -9999 -9999 8.08982086181641 8.08821773529053 8.08884334564209 8.0859432220459 8.08333301544189 8.08183002471924 8.08021640777588 8.07838249206543 8.07675075531006 8.07535171508789 8.07421588897705 8.0732593536377 8.07246017456055 8.07172012329102 8.0712251663208 8.07077407836914 8.0705623626709 8.07038307189941 8.07042407989502 8.07052803039551 8.07083988189697 8.07118701934814 8.07159328460693 8.07195854187012 8.0722827911377 8.07252883911133 8.07272911071777 8.07274723052979 8.07270431518555 8.07238674163818 8.07203006744385 8.07163906097412 8.07124519348145 8.07082653045654 8.07038688659668 8.06988620758057 8.06932735443115 8.068678855896 8.06816673278809 8.06778049468994 8.06764698028564
-9999 -9999 -9999 -9999 -9999 -9999 8.08724117279053 8.08718299865723 8.08686542510986 8.08473205566406 8.08273696899414 8.08126831054688 8.07967376708984 8.0778284072876 8.07620811462402 8.07484817504883 8.07364177703857 8.07254219055176 8.07165908813477 8.07086086273193 8.07036972045898 8.06993293762207 8.06972599029541 8.06954765319824 8.06956481933594 8.06964683532715 8.0699348449707 8.07028579711914 8.07074546813965 8.07120227813721 8.07165718078613 8.07204627990723 8.07239723205566 8.07257843017578 8.07270336151123 8.07254314422607 8.07234191894531 8.07192325592041 8.07150077819824 8.07105159759521 8.07058620452881 8.07007789611816 8.06953144073486 8.068922996521 8.06840801239014 8.06797695159912 8.06775856018066
-9999 -9999 -9999 -9999 -9999 8.08745002746582 8.08670139312744 8.08632373809814 8.08511066436768 8.08358764648438 8.08208084106445 8.08063888549805 8.07907581329346 8.07727241516113 8.07569408416748 8.07437419891357 8.0731029510498 8.07186508178711 8.07090187072754 8.07004547119141 8.06955718994141 8.06913375854492 8.06893920898438 8.06876945495605 8.06876564025879 8.06882381439209 8.0690860748291 8.06943130493164 8.06992149353027 8.07044887542725 8.07101440429688 8.07153511047363 8.07203006744385 8.07236480712891 8.07264614105225 8.07264518737793 8.07260322570801 8.07218360900879 8.07175445556641 8.07126998901367 8.07077789306641 8.07026100158691 8.06972980499268 8.06917667388916 8.06867027282715 8.06820678710938 8.06789970397949
-9999 -9999 -9999 -9999 8.08883666992188 8.08781909942627 8.08745002746582 8.08584880828857 8.08417797088623 8.08268451690674 8.08120250701904 8.07975959777832 8.07827663421631 8.0767126083374 8.07528400421143 8.07401084899902 8.07268905639648 8.07133388519287 8.07030200958252 8.0693941116333 8.06890678405762 8.0684928894043 8.06833744049072 8.06820106506348 8.06818294525146 8.06822109222412 8.06844234466553 8.06874465942383 8.06918621063232 8.06970691680908 8.07030963897705 8.07091999053955 8.07153606414795 8.07198619842529 8.07238101959229 8.07254600524902 8.07267665863037 8.07235336303711 8.07200145721436 8.0714693069458 8.07093811035156 8.07040882110596 8.06991195678711 8.0694637298584 8.06901073455811 8.06855487823486 8.06815147399902
