Ecospace-environmental-drivers/Outputs/ASCII-for-ecospace/MOM6-ISIMIP3a/ph-surf/2006-02_ph-surf_MOM6-ISIMIP3a.asc
NCOLS 131 
NROWS 53 
XLLCORNER -98 
YLLCORNER 23.9265270233154 
CELLSIZE 0.133587792515755 
NODATA_value -9999 
[rows 21 to 41 of 53, columns 0 to 46 of 131]
-9999 -9999 -9999 -9999 -9999 -9999 8.21695709228516 8.21631145477295 8.2144775390625 8.21198558807373 8.21035099029541 8.21295928955078 8.21105194091797 8.20536994934082 8.20066833496094 8.19709873199463 8.1931095123291 8.18883228302002 8.18441486358643 8.17994403839111 8.17619132995605 8.17256641387939 8.17195606231689 8.17154312133789 8.17222499847412 8.17274951934814 8.17275905609131 8.1724796295166 8.17169761657715 8.17111206054688 8.170729637146 8.17045879364014 8.17025756835938 8.16954326629639 8.16865825653076 8.16763114929199 8.16658973693848 8.16606712341309 8.1656379699707 8.16579532623291 8.16618824005127 8.16723728179932 8.16840076446533 8.16974067687988 8.16990947723389 8.16900253295898 8.16695880889893
-9999 -9999 -9999 -9999 -9999 -9999 8.21697616577148 8.21695709228516 8.21566581726074 8.21330261230469 8.21198558807373 8.2061071395874 8.19978332519531 8.19257926940918 8.18652153015137 8.18178749084473 8.17721652984619 8.17275619506836 8.16894435882568 8.16538238525391 8.16277980804443 8.16034603118896 8.159912109375 8.15962886810303 8.16023635864258 8.16072177886963 8.16081428527832 8.16068363189697 8.16016387939453 8.15975284576416 8.15945339202881 8.15930557250977 8.15925025939941 8.15881156921387 8.15824508666992 8.1574068069458 8.15653228759766 8.15578556060791 8.15511322021484 8.15491962432861 8.15493297576904 8.15552425384521 8.15626811981201 8.15724849700928 8.15762710571289 8.15745449066162 8.15650272369385
-9999 -9999 -9999 -9999 8.21292781829834 8.21561622619629 8.21716022491455 8.21681022644043 8.21695709228516 8.21437549591064 8.20989227294922 8.19812965393066 8.18745613098145 8.17893695831299 8.1717586517334 8.1661262512207 8.16123390197754 8.15685081481934 8.15379905700684 8.1512622833252 8.14989376068115 8.14873123168945 8.1485013961792 8.14836502075195 8.14884376525879 8.14923667907715 8.14935207366943 8.14932537078857 8.14904975891113 8.1487979888916 8.1485710144043 8.14854526519775 8.14864158630371 8.14852142333984 8.14832782745361 8.14774894714355 8.14711475372314 8.14621829986572 8.14537715911865 8.14488792419434 8.14455795288086 8.14467239379883 8.14494228363037 8.14545249938965 8.1459436416626 8.14641666412354 8.14653301239014
-9999 -9999 -9999 -9999 8.20690059661865 8.21203231811523 8.21407318115234 8.21716022491455 8.2163143157959 8.20555305480957 8.19441223144531 8.18182277679443 8.17108726501465 8.16401958465576 8.15840339660645 8.15445995330811 8.15120220184326 8.14841461181641 8.14677619934082 8.14558124542236 8.1451473236084 8.14484596252441 8.1450252532959 8.14522743225098 8.14554500579834 8.14571762084961 8.14542007446289 8.14510059356689 8.14474296569824 8.14454364776611 8.14450740814209 8.14462184906006 8.1448278427124 8.14486694335938 8.14484882354736 8.14456081390381 8.14423370361328 8.14371109008789 8.14322757720947 8.14298534393311 8.1428337097168 8.14293193817139 8.14315319061279 8.14356422424316 8.14406490325928 8.1446475982666 8.14499378204346
-9999 -9999 -9999 -9999 -9999 8.20690059661865 8.20999717712402 8.21098613739014 8.21357727050781 8.19611740112305 8.17963218688965 8.1668815612793 8.15652847290039 8.15092086791992 8.14675235748291 8.14424419403076 8.14235210418701 8.14088344573975 8.14042949676514 8.14036655426025 8.14076232910156 8.14123916625977 8.1417989730835 8.1423225402832 8.14252662658691 8.14252376556396 8.14184856414795 8.14127159118652 8.14086437225342 8.1407413482666 8.14091110229492 8.1411828994751 8.14151573181152 8.14171028137207 8.14185905456543 8.1418342590332 8.14178371429443 8.14159107208252 8.1414213180542 8.14139366149902 8.1414041519165 8.14152240753174 8.14173126220703 8.14208030700684 8.14258098602295 8.14322185516357 8.14373207092285
-9999 -9999 -9999 -9999 -9999 8.2047119140625 8.20690059661865 8.20494174957275 8.2016544342041 8.18399333953857 8.16792011260986 8.15792751312256 8.1499080657959 8.14579582214355 8.14257621765137 8.14038467407227 8.13868427276611 8.13732051849365 8.13704586029053 8.13719367980957 8.13796615600586 8.13884925842285 8.13966941833496 8.14043235778809 8.14073467254639 8.14075469970703 8.13985919952393 8.1391773223877 8.13886833190918 8.13892841339111 8.13936901092529 8.13986682891846 8.14039993286133 8.14073848724365 8.14101219177246 8.14112758636475 8.14122104644775 8.14116668701172 8.1411247253418 8.14116191864014 8.14126777648926 8.14156341552734 8.14192008972168 8.14237117767334 8.1428337097168 8.14330673217773 8.14368915557861
-9999 -9999 8.20039081573486 8.2007884979248 8.20107078552246 8.2025203704834 8.20471382141113 8.19842910766602 8.1908712387085 8.17361545562744 8.15834426879883 8.15066719055176 8.14456462860107 8.14157962799072 8.13904285430908 8.13702487945557 8.13540935516357 8.13406944274902 8.13390254974365 8.13418769836426 8.1352596282959 8.13647079467773 8.13755035400391 8.13855743408203 8.138991355896 8.13910484313965 8.13818454742432 8.1375789642334 8.13752365112305 8.1378059387207 8.13843441009521 8.13908290863037 8.13974285125732 8.14016532897949 8.14050769805908 8.14069652557373 8.14086437225342 8.14084148406982 8.14083003997803 8.1408863067627 8.14104557037354 8.14148712158203 8.14196300506592 8.14249134063721 8.14292144775391 8.14326095581055 8.14353942871094
-9999.000000000000000 -9999 -9999 -9999 8.19877338409424 8.19962024688721 8.19828319549561 8.19089508056641 8.18257331848145 8.16704845428467 8.15342903137207 8.14710235595703 8.14200592041016 8.13934516906738 8.13691520690918 8.13475322723389 8.13299083709717 8.13150119781494 8.13127899169922 8.1315450668335 8.1327486038208 8.13411712646484 8.13545322418213 8.13671493530273 8.13735198974609 8.13771629333496 8.13719654083252 8.13706207275391 8.13760185241699 8.1381893157959 8.13882732391357 8.13945865631104 8.14008712768555 8.14046096801758 8.14075088500977 8.14086723327637 8.14095687866211 8.14073467254639 8.14053821563721 8.1405143737793 8.14063358306885 8.14115333557129 8.14168643951416 8.14223957061768 8.14265060424805 8.14293193817139 8.14315605163574
-9999 -9999 -9999 -9999 8.19592094421387 8.19417953491211 8.19431018829346 8.18523216247559 8.17534351348877 8.16162300109863 8.14965057373047 8.14437007904053 8.14001750946045 8.13750457763672 8.13511753082275 8.1328763961792 8.13110542297363 8.12965869903564 8.12946033477783 8.12974452972412 8.13099575042725 8.13241672515869 8.13389778137207 8.13530921936035 8.13613605499268 8.13672637939453 8.136549949646 8.13673973083496 8.13757038116455 8.13829231262207 8.13890171051025 8.13950729370117 8.14010810852051 8.14046955108643 8.14075088500977 8.14083671569824 8.14089202880859 8.14056873321533 8.14027786254883 8.14019107818604 8.1402702331543 8.14081287384033 8.14135456085205 8.14189529418945 8.14227485656738 8.14250755310059 8.14268589019775
-9999 -9999 -9999 -9999 8.19407081604004 8.19396305084229 8.19382858276367 8.18192481994629 8.16945648193359 8.15763378143311 8.14730358123779 8.1426830291748 8.13874626159668 8.13615894317627 8.13373279571533 8.13149452209473 8.12989234924316 8.12872695922852 8.12865447998047 8.12900352478027 8.1301965713501 8.13153839111328 8.13302135467529 8.13445568084717 8.13545417785645 8.13623905181885 8.13633346557617 8.13666152954102 8.13739967346191 8.13803958892822 8.13857746124268 8.1391429901123 8.13972568511963 8.14011764526367 8.14044666290283 8.14055347442627 8.14062786102295 8.14032936096191 8.14005470275879 8.13992977142334 8.13996887207031 8.14046192169189 8.14095306396484 8.14143753051758 8.14176940917969 8.1419620513916 8.1421070098877
-9999 -9999 -9999 -9999 8.19396305084229 8.1938009262085 8.19361019134521 8.18032646179199 8.16661071777344 8.15602016448975 8.14668273925781 8.14214420318604 8.13823890686035 8.13558387756348 8.13315391540527 8.13098526000977 8.12960529327393 8.1287670135498 8.12880611419678 8.12918472290039 8.13027381896973 8.13148784637451 8.13287830352783 8.13423156738281 8.13524723052979 8.13605117797852 8.13616847991943 8.13644504547119 8.13699817657471 8.13749313354492 8.13792705535889 8.13844585418701 8.13901519775391 8.1394739151001 8.13989448547363 8.14009571075439 8.14026355743408 8.14005470275879 8.13985538482666 8.13971900939941 8.13972759246826 8.14014148712158 8.14056205749512 8.14099216461182 8.14127445220947 8.1414213180542 8.14151096343994
-9999 -9999 -9999 -9999 8.19379138946533 8.19361019134521 8.18095016479492 8.18001079559326 8.16604614257812 8.15618705749512 8.14735698699951 8.14246559143066 8.13830471038818 8.13558673858643 8.1331787109375 8.13113021850586 8.13001346588135 8.12953472137451 8.12967681884766 8.13005828857422 8.13100814819336 8.13205718994141 8.13328456878662 8.13448143005371 8.13539695739746 8.13608646392822 8.13604259490967 8.13612365722656 8.13642406463623 8.13672637939453 8.1370325088501 8.13749694824219 8.13805866241455 8.13860988616943 8.13915729522705 8.13950634002686 8.13982582092285 8.1397533416748 8.13967418670654 8.13954544067383 8.13953304290771 8.13984298706055 8.14017868041992 8.14055633544922 8.14078712463379 8.14088344573975 8.14090251922607
-9999 -9999 -9999 -9999 8.19361019134521 8.18037033081055 8.17390727996826 8.16985416412354 8.1685962677002 8.15841579437256 8.14916229248047 8.14346027374268 8.13873863220215 8.13595676422119 8.13352489471436 8.13149738311768 8.13044834136963 8.13007259368896 8.13029956817627 8.13075828552246 8.13164520263672 8.13260746002197 8.13366031646729 8.13468456268311 8.13544178009033 8.13600826263428 8.13595581054688 8.13593578338623 8.13597297668457 8.13603115081787 8.13611221313477 8.13646030426025 8.13697147369385 8.13758563995361 8.13823413848877 8.13876342773438 8.13927268981934 8.13938808441162 8.13948726654053 8.13948154449463 8.13954448699951 8.13979816436768 8.14008045196533 8.14040565490723 8.14053630828857 8.14048862457275 8.14034938812256
-9999 -9999 -9999 -9999 -9999 8.17435550689697 8.17301464080811 8.1718578338623 8.17248249053955 8.16152763366699 8.15145301818848 8.14474391937256 8.13933181762695 8.1364860534668 8.13400936126709 8.1319580078125 8.13089561462402 8.13051128387451 8.13081550598145 8.13138484954834 8.13224124908447 8.13314914703369 8.13402462005615 8.13486671447754 8.13544178009033 8.1358814239502 8.13588619232178 8.13580513000488 8.13557434082031 8.13536548614502 8.13518047332764 8.13538551330566 8.13582706451416 8.1364917755127 8.13723182678223 8.13795375823975 8.13866996765137 8.13899517059326 8.13929843902588 8.13946437835693 8.13964462280273 8.13986301422119 8.14010334014893 8.14037704467773 8.1403865814209 8.14015483856201 8.13982009887695
-9999 -9999 -9999 -9999 -9999 8.17592620849609 8.17614269256592 8.17733192443848 8.17617416381836 8.16396522521973 8.15277290344238 8.14547538757324 8.13968658447266 8.13688373565674 8.13446235656738 8.13248157501221 8.13135719299316 8.13082313537598 8.13113594055176 8.13177680969238 8.13253879547119 8.13332271575928 8.13401031494141 8.13466835021973 8.13509654998779 8.13544654846191 8.13554286956787 8.13554954528809 8.13540077209473 8.13518810272217 8.13490867614746 8.1348705291748 8.13497734069824 8.13547611236572 8.13610458374023 8.13694095611572 8.13780403137207 8.13834476470947 8.13886833190918 8.13927364349365 8.1396598815918 8.13999176025391 8.14029216766357 8.14054489135742 8.14050579071045 8.14019680023193 8.13974189758301
-9999 -9999 -9999 -9999 -9999 8.17735767364502 8.17862033843994 8.17923927307129 8.17982578277588 8.16626262664795 8.15389347076416 8.14609336853027 8.13999271392822 8.13725471496582 8.13490962982178 8.13301658630371 8.13182258605957 8.13110828399658 8.1314172744751 8.13212013244629 8.13277530670166 8.13342094421387 8.13391876220703 8.13439178466797 8.13467979431152 8.13494682312012 8.13514232635498 8.13526916503906 8.13527393341064 8.13511085510254 8.13477420806885 8.13447093963623 8.13418865203857 8.1344747543335 8.1349515914917 8.13588714599609 8.13688373565674 8.1376428604126 8.13838768005371 8.13904762268066 8.13965797424316 8.14013290405273 8.14051532745361 8.14075469970703 8.14068031311035 8.14031505584717 8.13975620269775
-9999 -9999 -9999 -9999 -9999 -9999 8.1773099899292 8.17928981781006 8.17816066741943 8.16404342651367 8.15144729614258 8.14467144012451 8.13942527770996 8.13720607757568 8.13526153564453 8.13363361358643 8.13245391845703 8.13158130645752 8.13161945343018 8.13200855255127 8.13243293762207 8.13286399841309 8.13321304321289 8.13354778289795 8.13378715515137 8.1340274810791 8.1342716217041 8.13448429107666 8.13463973999023 8.13465785980225 8.13453388214111 8.13433170318604 8.13408184051514 8.13416004180908 8.13434600830078 8.13502502441406 8.13577270507812 8.13651561737061 8.13726711273193 8.13806629180908 8.1388463973999 8.13957214355469 8.14015865325928 8.14053153991699 8.14060211181641 8.14039421081543 8.13999843597412
-9999 -9999 -9999 -9999 -9999 -9999 8.17396640777588 8.17340183258057 8.17573070526123 8.16135883331299 8.14879417419434 8.14314365386963 8.13881969451904 8.13711738586426 8.13557624816895 8.13422107696533 8.13306522369385 8.13204669952393 8.13179016113281 8.13182735443115 8.13200950622559 8.13221836090088 8.13242816925049 8.1326379776001 8.13283538818359 8.13305377960205 8.13334465026855 8.13363742828369 8.13393592834473 8.13413429260254 8.13422966003418 8.1341495513916 8.1339635848999 8.13385963439941 8.13378429412842 8.13421440124512 8.13471603393555 8.13542556762695 8.1361608505249 8.13705921173096 8.13797283172607 8.13892841339111 8.13971710205078 8.14024639129639 8.14047718048096 8.14043617248535 8.14021110534668
-9999 -9999 -9999 -9999 -9999 -9999 8.1702184677124 8.16920852661133 8.16767120361328 8.15586948394775 8.1456470489502 8.14146995544434 8.13822364807129 8.13681983947754 8.13555526733398 8.13444900512695 8.13338375091553 8.13234615325928 8.13166427612305 8.13111972808838 8.13099193572998 8.13093948364258 8.13110828399658 8.1312837600708 8.13147735595703 8.13170433044434 8.13203907012939 8.13237857818604 8.13272857666016 8.13303470611572 8.1332950592041 8.13338947296143 8.13338184356689 8.13340282440186 8.13343334197998 8.13385009765625 8.13432121276855 8.13492488861084 8.13552761077881 8.13612937927246 8.13681697845459 8.13774299621582 8.13864231109619 8.13950061798096 8.13997650146484 8.14010429382324 8.14000701904297
-9999 -9999 -9999 -9999 -9999 8.17547702789307 8.16944313049316 8.16804599761963 8.16010761260986 8.15079593658447 8.14280605316162 8.13987636566162 8.13755035400391 8.13641738891602 8.13539028167725 8.13448429107666 8.13348579406738 8.13242340087891 8.13138484954834 8.13035488128662 8.12990570068359 8.12955856323242 8.12967300415039 8.12980651855469 8.13002109527588 8.13027954101562 8.13067817687988 8.13108348846436 8.13149929046631 8.13190746307373 8.1323070526123 8.13255786895752 8.13271617889404 8.13287258148193 8.13302803039551 8.13347053527832 8.13395309448242 8.13452053070068 8.13506031036377 8.13542366027832 8.13591861724854 8.13677597045898 8.13772010803223 8.13879680633545 8.13945579528809 8.13973331451416 8.13975048065186
-9999 -9999 -9999 -9999 8.18750667572021 8.1790189743042 8.17547702789307 8.16504192352295 8.15436172485352 8.14724826812744 8.14108848571777 8.13858127593994 8.13659381866455 8.13563251495361 8.13470268249512 8.13380813598633 8.13278865814209 8.13168430328369 8.13054084777832 8.12938213348389 8.12856388092041 8.12780475616455 8.12781429290771 8.12787342071533 8.12820148468018 8.12858009338379 8.12911891937256 8.12965679168701 8.13019275665283 8.13068199157715 8.13112258911133 8.13146305084229 8.13174152374268 8.13207340240479 8.13242149353027 8.13303375244141 8.1336841583252 8.13447570800781 8.13520622253418 8.13554382324219 8.13596343994141 8.13660907745361 8.13735294342041 8.1382474899292 8.13886165618896 8.13921928405762 8.13930320739746
