Ecospace-environmental-drivers/Outputs/ASCII-for-ecospace/MOM6-ISIMIP3a/ph-surf/2007-02_ph-surf_MOM6-ISIMIP3a.asc
NCOLS 131 
NROWS 53 
XLLCORNER -98 
YLLCORNER 23.9265270233154 
CELLSIZE 0.133587792515755 
NODATA_value -9999 
[rows 21 to 41 of 53, columns 0 to 46 of 131]
-9999 -9999 -9999 -9999 -9999 -9999 8.22224235534668 8.22213745117188 8.22169017791748 8.22108554840088 8.2183723449707 8.21672058105469 8.21574974060059 8.21285915374756 8.21049976348877 8.20875549316406 8.20601272583008 8.20258522033691 8.19799995422363 8.19296836853027 8.1870584487915 8.18099403381348 8.17765808105469 8.17469692230225 8.17436122894287 8.17368030548096 8.1718864440918 8.17025756835938 8.16891956329346 8.16759204864502 8.16627311706543 8.16545009613037 8.1649284362793 8.164475440979 8.1640453338623 8.16505241394043 8.16626071929932 8.16784763336182 8.16927433013916 8.16967678070068 8.16995811462402 8.16990089416504 8.16987895965576 8.16991138458252 8.17019939422607 8.17072200775146 8.17095375061035
-9999 -9999 -9999 -9999 -9999 -9999 8.2222261428833 8.22224235534668 8.22203350067139 8.22140121459961 8.22108554840088 8.21730995178223 8.21311187744141 8.20807647705078 8.20301342010498 8.19791698455811 8.19366931915283 8.19000434875488 8.18465232849121 8.17864894866943 8.17330455780029 8.16807651519775 8.16590023040771 8.16401481628418 8.16399955749512 8.16367244720459 8.16233730316162 8.16097354888916 8.15955924987793 8.15831089019775 8.1572322845459 8.15664196014404 8.15634822845459 8.15580463409424 8.15517711639404 8.15594577789307 8.1569128036499 8.15854740142822 8.15999794006348 8.16027164459229 8.1603479385376 8.15987014770508 8.15950965881348 8.15932941436768 8.15947723388672 8.15992641448975 8.1602258682251
-9999 -9999 -9999 -9999 8.22522640228271 8.22314167022705 8.22227478027344 8.22216129302979 8.22224235534668 8.22182464599609 8.22045040130615 8.21541023254395 8.2095832824707 8.20219898223877 8.19429683685303 8.18579864501953 8.18007183074951 8.17624950408936 8.17036437988281 8.16368293762207 8.15924644470215 8.15520572662354 8.15429401397705 8.153564453125 8.15378475189209 8.15376281738281 8.15295600891113 8.15192317962646 8.15049839019775 8.14937782287598 8.1485710144043 8.14822483062744 8.14815807342529 8.14752960205078 8.14671325683594 8.14719009399414 8.14785194396973 8.1494665145874 8.15088176727295 8.15102481842041 8.15090370178223 8.15004634857178 8.14937591552734 8.1489953994751 8.14899063110352 8.14933300018311 8.14967918395996
-9999 -9999 -9999 -9999 8.23004245758057 8.22544860839844 8.22400856018066 8.22227478027344 8.22196769714355 8.21806049346924 8.21310901641846 8.20416641235352 8.19511413574219 8.18584537506104 8.17772483825684 8.17092800140381 8.16629505157471 8.16314792633057 8.15909099578857 8.15468311309814 8.1522045135498 8.15006732940674 8.14987850189209 8.14978504180908 8.15012359619141 8.15030097961426 8.14995574951172 8.14941024780273 8.14851188659668 8.14768505096436 8.14692974090576 8.14656162261963 8.14642906188965 8.14598941802979 8.14544677734375 8.14577960968018 8.14623832702637 8.14733982086182 8.1483268737793 8.14858531951904 8.14861869812012 8.14802551269531 8.14747714996338 8.14699649810791 8.14668655395508 8.14653396606445 8.14658451080322
-9999 -9999 -9999 -9999 -9999 8.23004245758057 8.22546768188477 8.22574138641357 8.22097587585449 8.2134313583374 8.2048978805542 8.19257926940918 8.18100643157959 8.17090797424316 8.16314125061035 8.15806484222412 8.15446758270264 8.15188598632812 8.14934253692627 8.14681434631348 8.14594745635986 8.14537334442139 8.14581108093262 8.14627361297607 8.14674663543701 8.14714527130127 8.14729690551758 8.14728450775146 8.14698696136475 8.14649200439453 8.14579486846924 8.1453857421875 8.14515209197998 8.14486694335938 8.14456367492676 8.14476871490479 8.14504718780518 8.14568424224854 8.1462926864624 8.14671611785889 8.14696788787842 8.14674472808838 8.14640331268311 8.14588069915771 8.14533233642578 8.14476013183594 8.14451026916504
-9999 -9999 -9999 -9999 -9999 8.22900676727295 8.23004245758057 8.22381210327148 8.21684074401855 8.20501518249512 8.19286727905273 8.17948532104492 8.16847991943359 8.16217613220215 8.15727615356445 8.15399742126465 8.15118312835693 8.14868640899658 8.14628028869629 8.14390754699707 8.14312744140625 8.14262866973877 8.14327144622803 8.14394187927246 8.14461898803711 8.14532661437988 8.14612674713135 8.1468620300293 8.14748191833496 8.14749336242676 8.14687824249268 8.14634418487549 8.14585876464844 8.14557552337646 8.14535903930664 8.14550495147705 8.14570140838623 8.14609336853027 8.14654064178467 8.1473445892334 8.14809799194336 8.14870834350586 8.14895439147949 8.14863777160645 8.1481409072876 8.14748001098633 8.14691162109375
-9999 -9999 8.22680568695068 8.22704887390137 8.22728443145752 8.22797012329102 8.22900867462158 8.22117328643799 8.21231651306152 8.19696521759033 8.18206405639648 8.16888618469238 8.15896415710449 8.15548419952393 8.15260410308838 8.15041542053223 8.14802742004395 8.14550304412842 8.14318466186523 8.14094543457031 8.14034080505371 8.14002513885498 8.14092350006104 8.14185047149658 8.14278602600098 8.14380836486816 8.14511299133301 8.14638900756836 8.14761352539062 8.14803791046143 8.14763736724854 8.14712715148926 8.1465482711792 8.14624691009521 8.14603710174561 8.14608192443848 8.14616203308105 8.14631843566895 8.14658164978027 8.14752578735352 8.14855480194092 8.14982223510742 8.15060043334961 8.1506233215332 8.15027141571045 8.14957332611084 8.14876461029053
-9999.000000000000000 -9999 -9999 -9999 8.22589111328125 8.22659873962402 8.22596645355225 8.2169828414917 8.20694637298584 8.18971729278564 8.17394161224365 8.16372871398926 8.15601444244385 8.15324401855469 8.15053462982178 8.14789295196533 8.14515590667725 8.14235401153564 8.14001750946045 8.13786220550537 8.13762664794922 8.13772964477539 8.13899421691895 8.14028644561768 8.14159488677979 8.14294624328613 8.14443874359131 8.14580535888672 8.14695358276367 8.14758682250977 8.14768886566162 8.14752578735352 8.14720058441162 8.14683532714844 8.14645767211914 8.14631271362305 8.14620018005371 8.14614295959473 8.14616966247559 8.14672946929932 8.14754676818848 8.14908218383789 8.15027141571045 8.15092754364014 8.15091991424561 8.15030193328857 8.1494197845459
-9999 -9999 -9999 -9999 8.22404766082764 8.22310447692871 8.22350311279297 8.21353340148926 8.20241260528564 8.18420028686523 8.16807460784912 8.15993118286133 8.15367984771729 8.1511697769165 8.1484432220459 8.14546775817871 8.14247894287109 8.13948059082031 8.13726806640625 8.1353588104248 8.13556861877441 8.13615131378174 8.1377534866333 8.13936710357666 8.14088535308838 8.14240837097168 8.14394569396973 8.14527320861816 8.14623355865479 8.14693069458008 8.14735794067383 8.1474552154541 8.1473503112793 8.14698505401611 8.14653205871582 8.14629936218262 8.14609622955322 8.14590263366699 8.14577388763428 8.14606285095215 8.14670181274414 8.1483154296875 8.14972591400146 8.15081977844238 8.15109252929688 8.15060997009277 8.14975929260254
-9999 -9999 -9999 -9999 8.2227725982666 8.22243976593018 8.22202968597412 8.21101474761963 8.19893169403076 8.18086242675781 8.16504573822021 8.15784645080566 8.15211963653564 8.1493034362793 8.14632701873779 8.14316749572754 8.14004707336426 8.13695526123047 8.13504219055176 8.13358592987061 8.13433647155762 8.13547706604004 8.1373815536499 8.13926029205322 8.14078235626221 8.14227676391602 8.1436824798584 8.14480590820312 8.14543533325195 8.14601707458496 8.1465482711792 8.14679527282715 8.14686870574951 8.14658069610596 8.14617156982422 8.14597797393799 8.14581298828125 8.14557838439941 8.14539813995361 8.1455602645874 8.14606380462646 8.14751720428467 8.14890575408936 8.1501932144165 8.15066623687744 8.15038871765137 8.14970016479492
-9999 -9999 -9999 -9999 8.22243976593018 8.22194290161133 8.221360206604 8.21116638183594 8.19987392425537 8.18200016021729 8.16609191894531 8.15771102905273 8.15101528167725 8.14765644073486 8.14438343048096 8.14121055603027 8.13822555541992 8.13536930084229 8.13395595550537 8.13309955596924 8.13416004180908 8.13555812835693 8.13743114471436 8.13926219940186 8.14065551757812 8.14200878143311 8.14322948455811 8.14411926269531 8.14443016052246 8.14492034912109 8.14559745788574 8.14593601226807 8.14606952667236 8.14586448669434 8.14554691314697 8.14540958404541 8.14529609680176 8.14501094818115 8.14477920532227 8.14488792419434 8.14533710479736 8.14673137664795 8.14814949035645 8.14960479736328 8.15019607543945 8.14999389648438 8.14941692352295
-9999 -9999 -9999 -9999 8.22191429138184 8.221360206604 8.21375846862793 8.21331882476807 8.20413303375244 8.18649387359619 8.17019653320312 8.15903663635254 8.15025424957275 8.14617443084717 8.14256954193115 8.13951301574707 8.13686084747314 8.13448905944824 8.13372421264648 8.13357925415039 8.13477420806885 8.13620471954346 8.13779640197754 8.1393461227417 8.14051246643066 8.14163875579834 8.14263534545898 8.14326858520508 8.14326763153076 8.14368724822998 8.14454078674316 8.14492797851562 8.14503192901611 8.1449146270752 8.14472389221191 8.14465618133545 8.14460372924805 8.14425945281982 8.14397621154785 8.14408874511719 8.14454460144043 8.14595508575439 8.14744186401367 8.14904499053955 8.14969348907471 8.1494665145874 8.14896583557129
-9999 -9999 -9999 -9999 8.221360206604 8.21420478820801 8.21106338500977 8.20918941497803 8.20752143859863 8.19063663482666 8.17441368103027 8.16072273254395 8.15000343322754 8.14516735076904 8.14120101928711 8.13823699951172 8.13594341278076 8.13411045074463 8.13387298583984 8.13425350189209 8.13530731201172 8.13648128509521 8.1376314163208 8.13877010345459 8.13980770111084 8.14080333709717 8.1416597366333 8.14211273193359 8.1418628692627 8.14216423034668 8.14303398132324 8.14342880249023 8.14353370666504 8.14356517791748 8.1435718536377 8.14356708526611 8.14355850219727 8.14327621459961 8.14306545257568 8.14331150054932 8.14384460449219 8.14517879486084 8.14666938781738 8.14840412139893 8.14915084838867 8.14899158477783 8.14848518371582
-9999 -9999 -9999 -9999 -9999 8.21107769012451 8.2106351852417 8.21068096160889 8.21053695678711 8.19463062286377 8.17868041992188 8.16256141662598 8.1499719619751 8.14436435699463 8.14002227783203 8.13714218139648 8.13521575927734 8.13394641876221 8.13418674468994 8.135009765625 8.13580703735352 8.13659954071045 8.13723945617676 8.13791084289551 8.13886260986328 8.13976860046387 8.14052104949951 8.14082813262939 8.14035415649414 8.14051723480225 8.14133548736572 8.14171886444092 8.14183807373047 8.14204406738281 8.14227867126465 8.142333984375 8.14236259460449 8.1421947479248 8.14210891723633 8.14254283905029 8.14318370819092 8.14440059661865 8.14586925506592 8.14772796630859 8.14859008789062 8.14853763580322 8.14799308776855
-9999 -9999 -9999 -9999 -9999 8.21086883544922 8.21153545379639 8.2120361328125 8.21071147918701 8.19365978240967 8.17683410644531 8.16087436676025 8.14844703674316 8.14301013946533 8.13886737823486 8.1362190246582 8.13447952270508 8.13336277008057 8.13364028930664 8.13445663452148 8.13497447967529 8.1354398727417 8.13591957092285 8.13645648956299 8.13747692108154 8.13840007781982 8.13900470733643 8.13918495178223 8.13862228393555 8.13868999481201 8.13940525054932 8.13982677459717 8.14006996154785 8.14047336578369 8.14093112945557 8.14113140106201 8.14129638671875 8.14134120941162 8.14146709442139 8.1421012878418 8.14285945892334 8.14395999908447 8.14526081085205 8.14686965942383 8.14770698547363 8.14783573150635 8.14730930328369
-9999 -9999 -9999 -9999 -9999 8.20953941345215 8.21043682098389 8.21188831329346 8.21029758453369 8.1916618347168 8.17372417449951 8.15845775604248 8.14661407470703 8.14154148101807 8.13771724700928 8.13533210754395 8.13374042510986 8.13269233703613 8.13291645050049 8.13363170623779 8.13386726379395 8.13401699066162 8.13440704345703 8.13488006591797 8.13599967956543 8.13696193695068 8.13741016387939 8.1374683380127 8.13684368133545 8.13682460784912 8.13742733001709 8.13789749145508 8.13828659057617 8.13889217376709 8.13957118988037 8.13993644714355 8.14025688171387 8.14053535461426 8.14089012145996 8.14172840118408 8.14260482788086 8.14358997344971 8.14469146728516 8.14597225189209 8.14675617218018 8.1470832824707 8.14658546447754
-9999 -9999 -9999 -9999 -9999 -9999 8.20664596557617 8.2073860168457 8.20572280883789 8.18516254425049 8.16623783111572 8.15357398986816 8.14377212524414 8.13963317871094 8.13642597198486 8.13429260253906 8.1328125 8.13178253173828 8.13178825378418 8.13219451904297 8.13235759735107 8.13247871398926 8.13301277160645 8.13362503051758 8.13481616973877 8.13575172424316 8.13585758209229 8.13578605651855 8.13540363311768 8.13551807403564 8.13614273071289 8.13669300079346 8.13719844818115 8.13800811767578 8.13892078399658 8.13945007324219 8.13992691040039 8.14036464691162 8.14085674285889 8.14169025421143 8.1424732208252 8.14311504364014 8.14384269714355 8.14470195770264 8.1453857421875 8.14590740203857 8.14554595947266
-9999 -9999 -9999 -9999 -9999 -9999 8.2020788192749 8.20066356658936 8.20095348358154 8.17864990234375 8.15888500213623 8.14883995056152 8.14107990264893 8.13784408569336 8.13522529602051 8.13331890106201 8.13193035125732 8.13089752197266 8.13066577911377 8.13074398040771 8.13083839416504 8.13093757629395 8.13163185119629 8.13239860534668 8.13364601135254 8.13454627990723 8.13431930541992 8.13412570953369 8.13399028778076 8.13424110412598 8.13488960266113 8.13552951812744 8.13616466522217 8.1372013092041 8.13837146759033 8.13905715942383 8.13967514038086 8.14025402069092 8.14086055755615 8.14164352416992 8.14229774475098 8.14259243011475 8.14294910430908 8.14340209960938 8.14398002624512 8.14467239379883 8.14444637298584
-9999 -9999 -9999 -9999 -9999 -9999 8.19835758209229 8.19818592071533 8.19610023498535 8.17415046691895 8.15505218505859 8.14687156677246 8.14045524597168 8.13753032684326 8.13506317138672 8.1331262588501 8.13161182403564 8.13038921356201 8.12979698181152 8.12944889068604 8.12940311431885 8.1294116973877 8.13034820556641 8.13132572174072 8.13247966766357 8.13327598571777 8.13291072845459 8.13268661499023 8.1327075958252 8.13302040100098 8.13363361358643 8.134446144104 8.13537883758545 8.13687992095947 8.13857078552246 8.13931560516357 8.13992977142334 8.14048385620117 8.14100933074951 8.1413459777832 8.14159488677979 8.14159870147705 8.14170742034912 8.14197540283203 8.14241218566895 8.14300441741943 8.14284610748291
-9999 -9999 -9999 -9999 -9999 8.20171546936035 8.19625282287598 8.19622230529785 8.18927574157715 8.16867733001709 8.15103244781494 8.14469718933105 8.13960647583008 8.13697719573975 8.13466262817383 8.13271141052246 8.13113784790039 8.12982368469238 8.12898349761963 8.12832736968994 8.12813472747803 8.12802314758301 8.129150390625 8.13029003143311 8.13131141662598 8.13198566436768 8.13153076171875 8.13129901885986 8.13145542144775 8.13183784484863 8.13245105743408 8.13347053527832 8.13473701477051 8.13665103912354 8.13878059387207 8.13956069946289 8.14015293121338 8.14058494567871 8.14095306396484 8.14091396331787 8.14083003997803 8.14062118530273 8.14052867889404 8.14061450958252 8.14088916778564 8.14133453369141 8.14124965667725
-9999 -9999 -9999 -9999 8.20265960693359 8.20025634765625 8.20171546936035 8.18888664245605 8.17521953582764 8.15963172912598 8.14632797241211 8.14176368713379 8.13793087005615 8.1355447769165 8.13338375091553 8.13148307800293 8.13009071350098 8.12904834747314 8.12837505340576 8.12784385681152 8.12747669219971 8.12713718414307 8.12827110290527 8.12939262390137 8.13013553619385 8.13061809539795 8.13025569915771 8.13010406494141 8.13032054901123 8.13079357147217 8.13153171539307 8.13288974761963 8.1346263885498 8.13676261901855 8.13903331756592 8.13975429534912 8.14025688171387 8.14020824432373 8.14014530181885 8.13999080657959 8.13983917236328 8.13969898223877 8.13958072662354 8.13949775695801 8.1395263671875 8.13965702056885 8.1396656036377
