Ecospace-environmental-drivers/Outputs/ASCII-for-ecospace/MOM6-ISIMIP3a/ph-surf/2010-02_ph-surf_MOM6-ISIMIP3a.asc
NCOLS 131 
NROWS 53 
XLLCORNER -98 
YLLCORNER 23.9265270233154 
CELLSIZE 0.133587792515755 
NODATA_value -9999 
[rows 21 to 41 of 53, columns 0 to 46 of 131]
-9999 -9999 -9999 -9999 -9999 -9999 8.21357345581055 8.21239757537842 8.20926856994629 8.20450019836426 8.20052528381348 8.19709777832031 8.19697952270508 8.19662570953369 8.19814586639404 8.20182800292969 8.20188236236572 8.1994457244873 8.19451236724854 8.1886157989502 8.1834192276001 8.17834568023682 8.17399883270264 8.17016124725342 8.17043113708496 8.17043018341064 8.16955089569092 8.16864585876465 8.16769599914551 8.16704368591309 8.16669845581055 8.16648006439209 8.16633892059326 8.16628837585449 8.16626739501953 8.16641235351562 8.16657257080078 8.16565990447998 8.16482162475586 8.16446113586426 8.16429710388184 8.16468048095703 8.16552352905273 8.16707515716553 8.16865253448486 8.17025089263916 8.17103862762451
-9999 -9999 -9999 -9999 -9999 -9999 8.21371364593506 8.21357345581055 8.21122169494629 8.2077808380127 8.20450019836426 8.19997787475586 8.19663715362549 8.19563102722168 8.19422340393066 8.19235229492188 8.18864727020264 8.18368148803711 8.17827987670898 8.17270946502686 8.16847515106201 8.16447734832764 8.16094207763672 8.157790184021 8.15774917602539 8.15762233734131 8.15721321105957 8.15677928924561 8.15630149841309 8.15608692169189 8.15614318847656 8.15623760223389 8.15635585784912 8.15636730194092 8.15634441375732 8.15616607666016 8.1559591293335 8.15484142303467 8.15380954742432 8.15332508087158 8.15309619903564 8.15357780456543 8.15458965301514 8.15642166137695 8.1586389541626 8.16120910644531 8.16307640075684
-9999 -9999 -9999 -9999 8.22172546386719 8.21628189086914 8.21394348144531 8.21362400054932 8.21357345581055 8.20886898040771 8.20417881011963 8.19954681396484 8.19582176208496 8.19389247894287 8.1893253326416 8.18171501159668 8.17435359954834 8.16716480255127 8.16163730621338 8.15675354003906 8.15372180938721 8.1510181427002 8.14852809906006 8.14626121520996 8.14582538604736 8.14550113677979 8.14554214477539 8.14557456970215 8.14559268951416 8.14581489562988 8.14624500274658 8.14663791656494 8.14700889587402 8.14707279205322 8.14703369140625 8.14648914337158 8.14586925506592 8.14456367492676 8.14335441589355 8.14275550842285 8.14245319366455 8.14297866821289 8.14409160614014 8.14611339569092 8.14887428283691 8.15231418609619 8.15521907806396
-9999 -9999 -9999 -9999 8.23426342010498 8.22241306304932 8.21862030029297 8.21394348144531 8.21335506439209 8.20586109161377 8.19880199432373 8.1934061050415 8.18777847290039 8.1816930770874 8.17514801025391 8.1680736541748 8.16236305236816 8.15758800506592 8.15392208099365 8.15068435668945 8.14857959747314 8.14667320251465 8.14486026763916 8.14319229125977 8.1427173614502 8.14235305786133 8.14234924316406 8.1423807144165 8.14247226715088 8.14275741577148 8.14324188232422 8.14369678497314 8.14413452148438 8.14418029785156 8.14409446716309 8.14324378967285 8.14228439331055 8.14103031158447 8.13987064361572 8.13931369781494 8.13895511627197 8.13915157318115 8.13981819152832 8.14121341705322 8.14321994781494 8.14578723907471 8.14834022521973
-9999 -9999 -9999 -9999 -9999 8.23426342010498 8.22282600402832 8.22329807281494 8.21189594268799 8.2021369934082 8.19307422637939 8.18668079376221 8.17943477630615 8.17050170898438 8.16281318664551 8.15656089782715 8.1524076461792 8.14969539642334 8.1475772857666 8.1456880569458 8.14431285858154 8.14302825927734 8.14175128936768 8.14055156707764 8.13998889923096 8.13954162597656 8.13946914672852 8.13947582244873 8.13961887359619 8.1399507522583 8.14047718048096 8.14100074768066 8.14152336120605 8.14159870147705 8.14152431488037 8.14048290252686 8.13930797576904 8.13811779022217 8.13701629638672 8.13647270202637 8.13603973388672 8.13591766357422 8.13616752624512 8.13699150085449 8.13830661773682 8.14007472991943 8.14223480224609
-9999 -9999 -9999 -9999 -9999 8.2316312789917 8.23426342010498 8.21979904174805 8.20500469207764 8.19527053833008 8.18580913543701 8.17739200592041 8.16977310180664 8.16373538970947 8.15855979919434 8.15437793731689 8.1513786315918 8.14919185638428 8.14724349975586 8.14538669586182 8.14388656616211 8.14244937896729 8.14109134674072 8.13978672027588 8.1389274597168 8.13821220397949 8.13796043395996 8.13783740997314 8.13793849945068 8.13824462890625 8.13876152038574 8.13938236236572 8.1400671005249 8.14038181304932 8.14057350158691 8.13985252380371 8.13900375366211 8.13793468475342 8.13692092895508 8.13626289367676 8.13567638397217 8.13528919219971 8.1352481842041 8.13573932647705 8.13664531707764 8.13793277740479 8.13952541351318
-9999 -9999 8.2253475189209 8.22620487213135 8.22725296020508 8.22899627685547 8.23163414001465 8.2158260345459 8.19955062866211 8.18918323516846 8.17901611328125 8.16962146759033 8.16215324401855 8.15849876403809 8.15533638000488 8.15274429321289 8.15063762664795 8.14886569976807 8.14706134796143 8.14524269104004 8.14365291595459 8.14210319519043 8.14073467254639 8.13939571380615 8.13827419281006 8.13730525970459 8.13683319091797 8.13652038574219 8.1364860534668 8.13669109344482 8.13714122772217 8.13781070709229 8.13861274719238 8.13913440704346 8.13956356048584 8.13923454284668 8.13879871368408 8.13797950744629 8.13718509674072 8.13655471801758 8.13594913482666 8.13541603088379 8.1351900100708 8.1354398727417 8.13598728179932 8.13680744171143 8.13784217834473
-9999.000000000000000 -9999 -9999 -9999 8.22236633300781 8.22550868988037 8.22390174865723 8.21082210540771 8.19723606109619 8.18479537963867 8.17325592041016 8.16516399383545 8.15898609161377 8.15659713745117 8.15436363220215 8.15230846405029 8.15052604675293 8.14892959594727 8.14720916748047 8.14544105529785 8.14383697509766 8.14226055145264 8.14104175567627 8.13982009887695 8.13850879669189 8.13732147216797 8.13653659820557 8.13590240478516 8.13553333282471 8.13547325134277 8.13573169708252 8.13633918762207 8.1371603012085 8.13782024383545 8.13842678070068 8.13864612579346 8.13880825042725 8.13852214813232 8.13823509216309 8.13794040679932 8.13761138916016 8.13718795776367 8.13701248168945 8.13721942901611 8.13751697540283 8.13789844512939 8.13840103149414
-9999 -9999 -9999 -9999 8.21551704406738 8.21259498596191 8.21508407592773 8.20621490478516 8.19640350341797 8.18255233764648 8.17001438140869 8.16250133514404 8.1568717956543 8.15496826171875 8.15311527252197 8.15132141113281 8.14973449707031 8.14829063415527 8.14660453796387 8.14482593536377 8.14330101013184 8.14182090759277 8.140944480896 8.14003658294678 8.13876152038574 8.13753795623779 8.13647651672363 8.13555717468262 8.13488674163818 8.13457775115967 8.13464069366455 8.13515472412109 8.13594341278076 8.13665866851807 8.13734912872314 8.13786888122559 8.13836097717285 8.13851165771484 8.13864707946777 8.13868427276611 8.13865947723389 8.13846015930176 8.13843059539795 8.13866519927979 8.13883686065674 8.13895034790039 8.13910675048828
-9999 -9999 -9999 -9999 8.21052074432373 8.20844650268555 8.20588493347168 8.20210838317871 8.19743633270264 8.18300533294678 8.16993999481201 8.1620979309082 8.15608215332031 8.15368366241455 8.15152359008789 8.14964008331299 8.14808940887451 8.14676761627197 8.14505195617676 8.14318466186523 8.14185905456543 8.14062976837158 8.14033699035645 8.13999176025391 8.1390380859375 8.13800430297852 8.13671398162842 8.13555526733398 8.13462734222412 8.13408946990967 8.13395214080811 8.1343297958374 8.13502216339111 8.13568878173828 8.1363468170166 8.13685321807861 8.13733959197998 8.13780498504639 8.13825702667236 8.13862228393555 8.13893413543701 8.13910102844238 8.1393404006958 8.13969039916992 8.13989067077637 8.13995361328125 8.13999652862549
-9999 -9999 -9999 -9999 8.20844650268555 8.20534610748291 8.20170593261719 8.20058250427246 8.19838905334473 8.1843433380127 8.17131519317627 8.16218090057373 8.15515041351318 8.15228652954102 8.14985275268555 8.14791584014893 8.14633178710938 8.14499092102051 8.14312648773193 8.14105892181396 8.13994121551514 8.13899040222168 8.13911914825439 8.13920783996582 8.13875770568848 8.13816833496094 8.13713073730469 8.13612365722656 8.13516998291016 8.13455772399902 8.13429641723633 8.13449668884277 8.13497924804688 8.13541030883789 8.13582420349121 8.13614940643311 8.13646507263184 8.13700008392334 8.13751602172852 8.13790988922119 8.13830089569092 8.13868522644043 8.13913822174072 8.13969612121582 8.14011573791504 8.14040851593018 8.14051723480225
-9999 -9999 -9999 -9999 8.20516586303711 8.20170593261719 8.2006311416626 8.2009916305542 8.19928169250488 8.18634414672852 8.17377758026123 8.16262912750244 8.15411281585693 8.15080547332764 8.14812278747559 8.14615917205811 8.14449024200439 8.14302349090576 8.14091968536377 8.13857078552246 8.13766479492188 8.13701438903809 8.13744354248047 8.13786888122559 8.13805961608887 8.13810539245605 8.13768100738525 8.13711929321289 8.13631534576416 8.13574504852295 8.13541603088379 8.13540840148926 8.13559436798096 8.13565063476562 8.13566207885742 8.13568019866943 8.13570117950439 8.13612174987793 8.13651180267334 8.13671016693115 8.13698577880859 8.13747692108154 8.13810253143311 8.13893604278564 8.1397180557251 8.14045333862305 8.14076232910156
-9999 -9999 -9999 -9999 8.20170593261719 8.19986629486084 8.19955730438232 8.19924354553223 8.19850635528564 8.18677139282227 8.17491436004639 8.1625919342041 8.15310764312744 8.14924049377441 8.14624309539795 8.14424896240234 8.14246559143066 8.14082622528076 8.13853549957275 8.13599300384521 8.13514518737793 8.13459587097168 8.13520336151123 8.13584327697754 8.13654613494873 8.1371431350708 8.13739681243896 8.13747882843018 8.13726329803467 8.1370906829834 8.13696384429932 8.13699817657471 8.13712978363037 8.13686561584473 8.1364688873291 8.13601016998291 8.13554763793945 8.13562202453613 8.13568019866943 8.13563537597656 8.13571929931641 8.13616371154785 8.1367769241333 8.13765048980713 8.13867378234863 8.13983535766602 8.14052963256836
-9999 -9999 -9999 -9999 -9999 8.19760417938232 8.19757175445557 8.19843769073486 8.1970157623291 8.1865234375 8.17548274993896 8.1623477935791 8.15211772918701 8.14763927459717 8.14429950714111 8.14227294921875 8.14036273956299 8.13853168487549 8.13607501983643 8.13337802886963 8.13251972198486 8.13198661804199 8.13271999359131 8.13352298736572 8.13468360900879 8.13579654693604 8.13675403594971 8.13756656646729 8.13812732696533 8.13850498199463 8.13869476318359 8.13887882232666 8.13905906677246 8.13849830627441 8.13769054412842 8.13668441772461 8.13565444946289 8.13528442382812 8.13492298126221 8.13461399078369 8.13447380065918 8.13480567932129 8.13532638549805 8.13613891601562 8.13735198974609 8.1389331817627 8.14009284973145
-9999 -9999 -9999 -9999 -9999 8.1954345703125 8.19568252563477 8.19503498077393 8.1943187713623 8.18327617645264 8.17194843292236 8.15953159332275 8.14979267120361 8.14535427093506 8.14207363128662 8.14012718200684 8.13821125030518 8.13631725311279 8.13388729095459 8.13125038146973 8.13033199310303 8.12971687316895 8.13048458099365 8.13133716583252 8.13265037536621 8.13395500183105 8.13523101806641 8.13640213012695 8.13739395141602 8.13820171356201 8.13882160186768 8.13939666748047 8.13994312286377 8.13950443267822 8.13873767852783 8.13754081726074 8.13628673553467 8.13539505004883 8.1345386505127 8.1339111328125 8.13350200653076 8.13370132446289 8.13413619995117 8.13493537902832 8.13619041442871 8.13786506652832 8.13927555084229
-9999 -9999 -9999 -9999 -9999 8.19286155700684 8.19304752349854 8.19357585906982 8.19137191772461 8.17940807342529 8.16756534576416 8.15618324279785 8.14719200134277 8.14292907714844 8.13978862762451 8.1379451751709 8.1360502243042 8.13411998748779 8.13175582885742 8.12922382354736 8.12823390960693 8.127516746521 8.12829971313477 8.12917900085449 8.13058280944824 8.13201236724854 8.13352489471436 8.13497924804688 8.13632965087891 8.13754367828369 8.13861656188965 8.13963222503662 8.14061069488525 8.140380859375 8.13974761962891 8.13843536376953 8.13702774047852 8.13559722900391 8.13423156738281 8.13327407836914 8.13258647918701 8.13264942169189 8.13299942016602 8.1337947845459 8.1350622177124 8.13676357269287 8.13838005065918
-9999 -9999 -9999 -9999 -9999 -9999 8.18985462188721 8.19053173065186 8.18941783905029 8.17547702789307 8.16232490539551 8.15218448638916 8.14406776428223 8.1399564743042 8.13696670532227 8.13527011871338 8.13366794586182 8.13212966918945 8.13016319274902 8.12803077697754 8.12699222564697 8.12614631652832 8.12679100036621 8.12753486633301 8.12884521484375 8.13019752502441 8.13168811798096 8.13311004638672 8.13441276550293 8.1358470916748 8.13741683959961 8.13889503479004 8.1403169631958 8.14030742645264 8.13982105255127 8.13853931427002 8.13714599609375 8.1355676651001 8.13403415679932 8.13278865814209 8.13181400299072 8.131591796875 8.13181781768799 8.13273334503174 8.13401985168457 8.13564491271973 8.13728809356689
-9999 -9999 -9999 -9999 -9999 -9999 8.18598937988281 8.18545722961426 8.18708229064941 8.17127323150635 8.15690517425537 8.14805126190186 8.14085006713867 8.13691997528076 8.13409423828125 8.13254261016846 8.13124465942383 8.13011932373047 8.12857151031494 8.12685871124268 8.12579345703125 8.12484169006348 8.12532424926758 8.12591075897217 8.12710380554199 8.12835693359375 8.12980365753174 8.13118362426758 8.13244533538818 8.13410949707031 8.13618946075439 8.13812637329102 8.13997650146484 8.14018058776855 8.13983535766602 8.13857936859131 8.1371955871582 8.13548564910889 8.13380241394043 8.13228607177734 8.13103771209717 8.130539894104 8.13064002990723 8.13166809082031 8.13296699523926 8.1345157623291 8.13617324829102
-9999 -9999 -9999 -9999 -9999 -9999 8.18162727355957 8.18198013305664 8.18021488189697 8.16418743133545 8.14999103546143 8.14280414581299 8.13687992095947 8.13345241546631 8.13094139099121 8.12948799133301 8.12848663330078 8.12779426574707 8.1267261505127 8.12551116943359 8.12464332580566 8.12383651733398 8.12399768829346 8.12425804138184 8.12516784667969 8.12617015838623 8.12747669219971 8.12884616851807 8.13032531738281 8.13241767883301 8.13514041900635 8.13748931884766 8.13960933685303 8.13994026184082 8.13967609405518 8.13831520080566 8.13680076599121 8.13496494293213 8.13315677642822 8.1315279006958 8.13016510009766 8.12954044342041 8.12954044342041 8.13050651550293 8.13176345825195 8.13328838348389 8.13489818572998
-9999 -9999 -9999 -9999 -9999 8.18166542053223 8.17800903320312 8.1774435043335 8.17213535308838 8.15670680999756 8.14329719543457 8.13761806488037 8.13287353515625 8.12997913360596 8.12780857086182 8.12647151947021 8.12573432922363 8.12541007995605 8.12477779388428 8.12402725219727 8.12338161468506 8.12275314331055 8.12266254425049 8.12265872955322 8.12329578399658 8.12406063079834 8.12524127960205 8.12663841247559 8.1284122467041 8.13096523284912 8.13432121276855 8.13701629638672 8.13930892944336 8.1397180557251 8.13949966430664 8.13805389404297 8.13643550872803 8.13447284698486 8.13253784179688 8.13077735900879 8.12928771972656 8.12854766845703 8.12846851348877 8.12940883636475 8.13064289093018 8.13214874267578 8.13368034362793
-9999 -9999 -9999 -9999 8.19140243530273 8.18364715576172 8.18166542053223 8.1709451675415 8.15961647033691 8.14778137207031 8.13741207122803 8.13265514373779 8.12873840332031 8.12648296356201 8.12474155426025 8.12359237670898 8.12300682067871 8.1228084564209 8.12245464324951 8.12204170227051 8.12170791625977 8.12138652801514 8.12129402160645 8.12125778198242 8.12166213989258 8.12223339080811 8.12334728240967 8.12491035461426 8.1272554397583 8.13039207458496 8.13434410095215 8.1371488571167 8.13925647735596 8.13955974578857 8.13926219940186 8.1378002166748 8.13617420196533 8.1340913772583 8.13202476501465 8.13005352020264 8.12838935852051 8.12758255004883 8.12750148773193 8.12854194641113 8.12982559204102 8.1313304901123 8.13267040252686
