Ecospace-environmental-drivers/Outputs/ASCII-for-ecospace/MOM6-ISIMIP3a/ph-surf/2011_mo06_avg31y_ph-surf_MOM6-ISIMIP3a.asc
NCOLS 131 
NROWS 53 
XLLCORNER -98 
YLLCORNER 23.9265270233154 
CELLSIZE 0.133587792515755 
NODATA_value -9999 
[rows 21 to 41 of 53, columns 0 to 46 of 131]
-9999 -9999 -9999 -9999 -9999 -9999 8.12033404073408 8.11942761944186 8.11696612450384 8.11304547709803 8.10908019158148 8.10389884825676 8.10450381617392 8.10630613757718 8.10779036245038 8.10890757653021 8.109633814904 8.11009188621275 8.11054165132584 8.11098821701542 8.11112468473373 8.11120657767019 8.11083889007568 8.11049172186082 8.11039620061075 8.11033338116061 8.11037608115904 8.11035996098672 8.11024109009774 8.10999664183586 8.1096228630312 8.10916405339395 8.10865371457992 8.10817173988588 8.10769954804451 8.10740769294 8.10714278682586 8.10714275606217 8.10717210462017 8.10738858868999 8.10763928198045 8.1079842352098 8.10837022719845 8.10881953085623 8.10926778854862 8.10971478492983 8.1103142769106
-9999 -9999 -9999 -9999 -9999 -9999 8.12047856853854 8.12033404073408 8.11852141349546 8.1159638127973 8.11304547709803 8.1102961263349 8.10878818265853 8.10973619645642 8.1104157047887 8.11078551507765 8.11083839785668 8.11067362754576 8.11050033569336 8.11032365983532 8.11003220465875 8.10972047621204 8.10928621599751 8.10887425945651 8.10867109606343 8.10849700435515 8.1084173264042 8.10831189924671 8.10816143405053 8.10792289241668 8.10759362866802 8.10718810173773 8.10673602934807 8.10625140897689 8.10575577520555 8.10534560295843 8.10494850527856 8.1047156856906 8.10450864607288 8.10446431559901 8.10445151790496 8.10452655053908 8.10465182027509 8.10485470679498 8.10506180794008 8.10527275454614 8.10556885503953
-9999 -9999 -9999 -9999 8.12321875172277 8.12148838658487 8.12061882019043 8.12048269087268 8.12033404073408 8.11670872472948 8.11376673175443 8.11343928306333 8.11317200814524 8.11302351182507 8.11273177977531 8.11227481595932 8.11162351792859 8.11083892083937 8.11009557785526 8.10936832427979 8.10873351558562 8.10811510393696 8.10766672318982 8.10723907716813 8.10695315945533 8.10669068367251 8.10650447107131 8.10632558022776 8.10615899485926 8.10594414126489 8.10567948126024 8.10534984834733 8.10498056104106 8.10452338187925 8.10403688492313 8.10354266628142 8.10304783236596 8.10261347986037 8.10219915451542 8.10191169861824 8.1016507610198 8.10146384085378 8.10133371045513 8.10129107198408 8.10126578423285 8.10125603214387 8.10127572090395
-9999 -9999 -9999 -9999 8.12714998183712 8.12361775675128 8.12235801450668 8.12061882019043 8.12049527322092 8.11892377176592 8.11739872347924 8.11605179694391 8.11472905066706 8.11345438803396 8.11218021761987 8.1109067240069 8.10977059025918 8.10872868568667 8.10791870855516 8.10719840757308 8.10665309044623 8.10613862929806 8.10580588925269 8.1054878850137 8.10525906470514 8.10504171925206 8.1048621208437 8.10468384527391 8.10450861530919 8.10430514427923 8.10407297072872 8.10377527052356 8.1034373006513 8.10301602271295 8.10256674981886 8.10208951273272 8.101608491713 8.10116543308381 8.10073120363297 8.10035477915118 8.10000247340048 8.09971784776257 8.09946936945761 8.09927703488258 8.09910478899556 8.09895041681105 8.09882650067729
-9999 -9999 -9999 -9999 -9999 8.12714998183712 8.12434402588875 8.1240970242408 8.12112752852901 8.12102210137152 8.12046527862549 8.11818009038125 8.11588468859273 8.11356919811618 8.11140165021343 8.10940490230437 8.1078420454456 8.1065768272646 8.10571378277194 8.1050060641381 8.10455054621543 8.10413966640349 8.10392198254985 8.10371429689469 8.10355407960953 8.10339383156069 8.10323336816603 8.10306702890704 8.10288992235737 8.1026976800734 8.10248968678136 8.10221299817485 8.10189477859005 8.10150220317225 8.10108504756804 8.10061768562563 8.1001434018535 8.09968382312405 8.09922458279517 8.0987668191233 8.09833059003276 8.09795422707835 8.09759850655833 8.09727493409188 8.09697225016932 8.09668860896941 8.09643440861856
-9999 -9999 -9999 -9999 -9999 8.12792301177979 8.12714998183712 8.12551024652297 8.12382436567737 8.12260926154352 8.12105191138483 8.11818513562602 8.1152796283845 8.11229804254347 8.10962741605697 8.107316201733 8.1055816219699 8.1042430631576 8.10338583300191 8.10271469239266 8.10235140400548 8.10204229047222 8.1019371709516 8.10184272643058 8.1018016569076 8.10175028154927 8.10166555835355 8.10155813155636 8.10141095807476 8.10122772955125 8.10100721543835 8.10070560824487 8.1003544715143 8.09996078860375 8.09955280057846 8.09906445780108 8.09856491704141 8.09805599335701 8.09754774647374 8.09704312970561 8.0965551253288 8.09611326648343 8.09569835662842 8.0953252238612 8.09496565788023 8.09461876653856 8.09429365588773
-9999 -9999 8.12955684046591 8.12937878024194 8.12920893392255 8.12869690310571 8.12792196581441 8.12683680749709 8.12564480689264 8.1233914590651 8.1209127672257 8.11757109242101 8.11419160904423 8.11073746219758 8.10772883507513 8.10523408459079 8.1034174273091 8.10206640920331 8.10124169626544 8.10062033130277 8.10033629017492 8.10011186907368 8.1000996558897 8.10010011734501 8.10016484414377 8.1002080363612 8.10018151806247 8.10011894472184 8.0999934904037 8.09981352283109 8.09957738076487 8.09924531752063 8.09885474174253 8.09844650760774 8.09803221302648 8.09751252205141 8.09697806450628 8.09641081287015 8.09584676065753 8.09530227415023 8.09477581516389 8.094299439461 8.09385588861281 8.0934630978492 8.0930752600393 8.09269172914567 8.09232318016791
-9999 -9999 -9999 -9999 8.13023041140649 8.1297209647394 8.13019297199865 8.12797423331968 8.12555297728508 8.12241772682436 8.11918963155439 8.11560621569233 8.11204965652958 8.10854613396429 8.10555867225893 8.1031665802002 8.10146313328897 8.10023233967443 8.09949810274186 8.09895555434688 8.09872282704999 8.09854488988077 8.09858405205511 8.09863850378221 8.09878044743692 8.09888732048773 8.09888039865801 8.09883182279525 8.09871009088332 8.09852080191335 8.09826220235517 8.09788793133151 8.09744339604532 8.09699150823778 8.09653712857154 8.09596360114313 8.09537312292283 8.09472819297544 8.09409347657235 8.09352416376914 8.09298813727594 8.09254452490037 8.09213899797009 8.09179262961111 8.09143829345703 8.09107675860005 8.09072482201361
-9999 -9999 -9999 -9999 8.13157672266806 8.13227364324754 8.13199652394941 8.12869653394145 8.12520867009317 8.12138575892295 8.1175497424218 8.11366364263719 8.10990573513892 8.10640116660826 8.10348919899233 8.10126098509758 8.09970141995338 8.09860131048387 8.09795942614155 8.09749467911259 8.09730988164102 8.0971744291244 8.09724715448195 8.09733600001181 8.097519751518 8.09766483306885 8.09768470641105 8.09765609618156 8.09754297810216 8.09734464460804 8.09705826543992 8.09663923325077 8.09613947714529 8.09563126102571 8.09512003006474 8.0945020491077 8.09386890165267 8.09318231767224 8.09251160775461 8.09194192578716 8.09141442083543 8.09100498691682 8.09063926819832 8.09034138341104 8.09003042405651 8.08970734380907 8.08938610938288
-9999 -9999 -9999 -9999 8.13250458625055 8.13273556001725 8.13302061634679 8.12889619027415 8.12454682011758 8.12028060420867 8.11601457288188 8.11174915682885 8.10775922959851 8.10431474254977 8.10154653364612 8.09955873797017 8.09818218600365 8.09722534302742 8.09667864153462 8.0962900961599 8.09614867548789 8.09605081619755 8.09613504717427 8.09623330639255 8.09641456604004 8.09656613872897 8.09662154413039 8.09662083656557 8.0965220543646 8.09631424565469 8.09599454941288 8.09552740281628 8.0949704570155 8.09438982317524 8.09380119077621 8.09315047725554 8.09249084226547 8.09180847291024 8.09114563849664 8.09060595112462 8.0901102558259 8.08973663083969 8.08941284302742 8.0891662720711 8.08891077964537 8.08864710407872 8.08837395329629
-9999 -9999 -9999 -9999 8.13273556001725 8.13308072859241 8.13348591712213 8.12910609091482 8.12447646356398 8.11962026165378 8.11480869785432 8.11016774946643 8.10596478369928 8.1026280618483 8.10000773399107 8.09821368801978 8.09697000442013 8.09610412966821 8.09561295663157 8.0952663113994 8.0951516858993 8.09507812992219 8.09516516039448 8.09526584994408 8.0954505243609 8.09561231059413 8.09569927953905 8.09571862989856 8.09561997075235 8.09539607263381 8.09504333619149 8.09453265897689 8.09392556836528 8.0932922978555 8.09265013663999 8.091994531693 8.0913369271063 8.09067400040165 8.09003076245708 8.08951260966639 8.08903811054845 8.08868534334244 8.088393580529 8.088196416055 8.087998267143 8.08779916455669 8.08757526643815
-9999 -9999 -9999 -9999 8.13310072498937 8.13348591712213 8.12926969220561 8.12932371324109 8.1248498424407 8.11929336670906 8.11384945531045 8.10883638935704 8.10443441329464 8.101241542447 8.09877189513176 8.09713658978862 8.09598824285692 8.09517420491865 8.09470884261593 8.09437828679239 8.09427793564335 8.09421828485304 8.0943016852102 8.0943996367916 8.09459243282195 8.09476726285873 8.09488284203314 8.09491655903478 8.09480713259789 8.09456163837064 8.09417644623787 8.09362559164724 8.09297392445226 8.09230269155195 8.09162505980461 8.09098526739305 8.09035088939051 8.08971884942824 8.08910428324053 8.08860105083835 8.08814021079771 8.08779694957118 8.08752992076258 8.08738050153179 8.08724092668103 8.08711048864549 8.08693673533778
-9999 -9999 -9999 -9999 8.13348591712213 8.12839751089773 8.12649736096782 8.12516273990754 8.12471878913141 8.11861173568233 8.11271427523705 8.1076192855835 8.10322884590395 8.10023292418449 8.09789586836292 8.09631938319052 8.09521121363486 8.09442461690595 8.09397882030856 8.09366469229421 8.09355828069871 8.0934886932373 8.09355849604453 8.09364355764081 8.09383109308058 8.09400324667654 8.09412537851641 8.09416023377449 8.0940428703062 8.09378534747708 8.09338391211725 8.09281736804593 8.09215028824345 8.09147191816761 8.09078970263081 8.0901865805349 8.08959434878442 8.08901085392121 8.08843966453306 8.08794529207291 8.08749192760837 8.08715257337017 8.08689428144886 8.08676052093506 8.08664894104004 8.08655744983304 8.0864205514231
-9999 -9999 -9999 -9999 -9999 8.12467205908991 8.12433725787747 8.12500569128221 8.12437134404336 8.11777788592923 8.11150369336528 8.10645109607327 8.10216260725452 8.0993861229189 8.0971741830149 8.09561372572376 8.09452201474097 8.0937524918587 8.09332333841632 8.09302569973853 8.09290479844616 8.09281490695092 8.09286677452826 8.09293488533266 8.09311137660857 8.09327420880718 8.09339326427829 8.09342375109273 8.09329949655841 8.09303403669788 8.0926230338312 8.0920511984056 8.0913814421623 8.09070894795079 8.09003574617447 8.08947784669938 8.08893612892397 8.0884089931365 8.08788727175805 8.08739917509017 8.08695076357934 8.08661288599814 8.08635610149753 8.08622458673293 8.08612771188059 8.0860628004997 8.08595694265058
-9999 -9999 -9999 -9999 -9999 8.12272696341238 8.12318155842443 8.12284343473373 8.12245602761545 8.11600712806948 8.10993176121866 8.10528595216813 8.1013317723428 8.0987461766889 8.0966344341155 8.09506966990809 8.09397279062579 8.09319699195123 8.09276297784621 8.09246069385159 8.09231595070131 8.09219917174308 8.09220307873141 8.09222215221774 8.09234597606044 8.09246693888018 8.09257885717576 8.09261669651154 8.09252489766767 8.09228531006844 8.09189381137971 8.09134148013207 8.09069138188516 8.0900456213182 8.0894012143535 8.08889432107249 8.08840671662361 8.08795485957976 8.08750174122472 8.08704142416677 8.08661328592608 8.08627470078007 8.08601179430562 8.08586572831677 8.08576540793142 8.08570674157912 8.08561340455086
-9999 -9999 -9999 -9999 -9999 8.12041516457835 8.12066201240786 8.12169551849365 8.12021633886522 8.11404255897768 8.10828513483847 8.10412163888254 8.10054979016704 8.09814899198471 8.09613237073345 8.0945589926935 8.09345229979484 8.09266588764806 8.09222215221774 8.09191082369897 8.09174063897902 8.09159528055499 8.09154519727153 8.09150883459276 8.09157122335126 8.09164364107193 8.0917474069903 8.09179478306924 8.09174374611147 8.09153744482225 8.09117095701156 8.09064342129615 8.09001768788984 8.08940275253788 8.08879135501 8.08833672923426 8.08790409949518 8.08753124360115 8.08715091213103 8.08672268159928 8.08631798528856 8.08597810806767 8.08570760296237 8.08554372479839 8.08543586730957 8.08537944670646 8.08529478503812
-9999 -9999 -9999 -9999 -9999 -9999 8.11740173832063 8.11744708399619 8.11699984150548 8.11175543262113 8.10682373662149 8.10308844043363 8.09984354819021 8.09756841967183 8.0956275386195 8.09407224962788 8.09295460485643 8.09213712138514 8.09166566787228 8.09132782105477 8.09112450384325 8.09094496696226 8.09084763065461 8.09076395342427 8.09077807395689 8.09080923757245 8.09089494520618 8.09094173677506 8.09092038677585 8.09074620277651 8.09041460098759 8.08994287060153 8.08938577098231 8.08883045565698 8.08827578636908 8.08785444690335 8.08745221168764 8.08712866998488 8.08679943699991 8.08643479501047 8.08608390438941 8.08577229899745 8.08551456082252 8.08534022300474 8.08521698367211 8.0851406897268 8.08505061364943
-9999 -9999 -9999 -9999 -9999 -9999 8.11408790465324 8.11306264323573 8.11380223304995 8.10948627225814 8.1053775049025 8.10206139472223 8.09913549115581 8.09698194073093 8.09511547703897 8.09358043055381 8.0924517416185 8.09160214085733 8.09110164642334 8.09073574312272 8.09050117000457 8.09028997728901 8.09015141763995 8.09002602484918 8.08999575338056 8.08998827780447 8.09005509653399 8.09009939624417 8.09010465683476 8.08996111346829 8.08966479762908 8.08924924173663 8.08876117583244 8.08826520366053 8.08776680115731 8.0873787172379 8.08700644585394 8.08673000335693 8.0864503922001 8.08614986173568 8.08585489949872 8.08557491917764 8.08533299353815 8.08515010341521 8.08501169758458 8.08491442280431 8.08481739413354
-9999 -9999 -9999 -9999 -9999 -9999 8.11110170425907 8.11175389443674 8.11127198127008 8.10756166519657 8.104004398469 8.10103447206559 8.09837341308594 8.09632381316154 8.09452672158518 8.09302111594908 8.09188442845498 8.09100114145587 8.09046526878111 8.09006371036653 8.08982150785385 8.08960742335166 8.08948716809673 8.08937749555034 8.08933701053742 8.0893161835209 8.08935882199195 8.08938746298513 8.08939183142877 8.08926431594356 8.08900100954117 8.08863058397847 8.08819490863431 8.08774166722452 8.08728254995038 8.08693498180759 8.08660338001867 8.08636517678538 8.08612663515152 8.08588544784054 8.0856485982095 8.0854243616904 8.08521990622244 8.08504602985997 8.08490014845325 8.08478013930782 8.08466655977311
-9999 -9999 -9999 -9999 -9999 8.10793325977941 8.10886370751166 8.10848872892318 8.10878212221207 8.10565899264428 8.10263655262609 8.09999967390491 8.09759441498787 8.09564750425277 8.093916831478 8.09243549839143 8.09129010477374 8.09037565415905 8.08981132507324 8.08938238697667 8.08913695427679 8.08892366963048 8.08882405680995 8.08873259636664 8.08868848123858 8.08866097850184 8.08868725069108 8.08870466293827 8.08870690868747 8.08859102187618 8.0883538030809 8.08802004783384 8.08762762623449 8.08721806926112 8.08680300558767 8.08650093693887 8.08621517304451 8.08601671649564 8.08581949049427 8.08563109367124 8.08544614238124 8.08527088165283 8.08510143526139 8.08494094110304 8.08479195256387 8.08465354673324 8.08452581590222
-9999 -9999 -9999 -9999 8.10651686883742 8.1072657492853 8.10793325977941 8.10727910072573 8.10644005190942 8.10383716706307 8.10128670354043 8.09893580405943 8.0967537664598 8.09490551487092 8.09322975527856 8.09175303674513 8.0905965681999 8.08965984467537 8.08909253151186 8.08866783880418 8.08843492692517 8.0882359473936 8.08816472945675 8.08810086404124 8.08807616080007 8.08806656252953 8.08810572470388 8.08812907434279 8.08812433673489 8.08800500439059 8.08776763177687 8.0874396293394 8.08705655990108 8.08669490198935 8.08634038125315 8.08610270100255 8.08588169467065 8.08572784546883 8.08557338099326 8.08541457883773 8.08525796090403 8.08510731112573 8.0849639215777 8.0848319145941 8.08469553916685 8.08455553362446 8.08442220380229
