Ecospace-environmental-drivers/Outputs/ASCII-for-ecospace/MOM6-ISIMIP3a/ph-surf/2012_mo05_avg31y_ph-surf_MOM6-ISIMIP3a.asc
NCOLS 131 
NROWS 53 
XLLCORNER -98 
YLLCORNER 23.9265270233154 
CELLSIZE 0.133587792515755 
NODATA_value -9999 
[rows 21 to 41 of 53, columns 0 to 46 of 131]
-9999 -9999 -9999 -9999 -9999 -9999 8.12936250625118 8.12891910922143 8.12776482489801 8.12585467676963 8.12386592741935 8.1202459642964 8.12147334314162 8.12512945359753 8.12825762841009 8.13077668220766 8.13265219042378 8.13408587055822 8.13540772468813 8.13668635583693 8.13759062367101 8.13842853423088 8.13852300951558 8.13858973595404 8.13856047968711 8.13853540728169 8.13852300951558 8.13841964352515 8.13815695239652 8.13784196299891 8.13747316791165 8.13702291057956 8.1365230929467 8.13604133359848 8.1355656654604 8.13527953240179 8.13502136353524 8.13500235157628 8.13500508954448 8.13514546425112 8.13532413974885 8.13560953447896 8.13599531112179 8.13653638285975 8.13702229530581 8.13745744766728 8.13784654678837
-9999 -9999 -9999 -9999 -9999 -9999 8.12944513751614 8.12936250625118 8.1284756506643 8.12736661972538 8.12585467676963 8.12549717195572 8.1262279018279 8.12911172066965 8.13142678045457 8.13308552772768 8.13422581457323 8.13501035013507 8.13558172410534 8.13607080521122 8.1363018097416 8.13648706866849 8.13633820318407 8.13618232357886 8.1360295818698 8.13588825348885 8.13578353389617 8.13562405493952 8.13536880862328 8.13509002808602 8.1347870057629 8.13441430368731 8.13399896314067 8.1335165885187 8.13301166411369 8.13263204020839 8.13227084375197 8.13206706508513 8.13189309643161 8.13190866285755 8.13196185327345 8.13211976328204 8.13235341348956 8.13270418105587 8.13301689394059 8.13329435163929 8.13352058779809
-9999 -9999 -9999 -9999 8.13202384210402 8.13036395657447 8.12950189651981 8.1294711020685 8.12936250625118 8.12758870278635 8.12666068538543 8.12896980777863 8.13109822427073 8.13286910518523 8.13416038020965 8.13489840107579 8.13527331813689 8.13539883398241 8.13528116287724 8.13506969328849 8.13474941253662 8.13440990447998 8.13410820499543 8.13381339657691 8.1335675331854 8.13333745156565 8.13315809926679 8.13295773536928 8.13272033199187 8.13248775851342 8.13225986111549 8.13197695824408 8.13166006149784 8.13119562210575 8.13068193004977 8.13022644289078 8.1297796310917 8.12941080524075 8.12907781908589 8.12897485302341 8.12890671145531 8.12893587543118 8.12901173868487 8.12915965049497 8.12929273420765 8.12941231266145 8.12948697613132
-9999 -9999 -9999 -9999 8.13578291862242 8.13244625829881 8.13122595510175 8.12950189651981 8.12954890343451 8.13014778014152 8.13090588969569 8.13227330484698 8.13343371114423 8.13418443741337 8.13454784885529 8.13446407933389 8.13429121817312 8.13405676810972 8.13376399009458 8.13344866229642 8.13315333089521 8.13286104509907 8.13259029388428 8.13232424951369 8.13209441400343 8.13186759333457 8.13165049399099 8.13143047209709 8.13120512808523 8.13098513695502 8.13077071405226 8.13048565772272 8.13015793215844 8.12972447179979 8.12925566396406 8.1288058065599 8.12835933316138 8.1280109959264 8.12768499312862 8.12750071863974 8.12735179162795 8.12730087772492 8.12725322477279 8.12721064782912 8.12714487506497 8.1270577830653 8.1269588470459
-9999 -9999 -9999 -9999 -9999 8.13578291862242 8.13327429371495 8.1329497368105 8.13038622948431 8.13273423717868 8.13469696044922 8.13518514940816 8.13543098203598 8.13519760870164 8.13468674690493 8.13385575817477 8.13317809566375 8.13260567572809 8.13215431090324 8.13174952230146 8.13148332411243 8.13124136770925 8.13101630057058 8.13079517118392 8.13060357493739 8.13040456464214 8.13018097416047 8.1299623673962 8.12975234370078 8.12953927440028 8.12932303643996 8.12902241368448 8.12867035404328 8.12826378114762 8.12783887309413 8.12739356871574 8.12694614164291 8.12660887933547 8.12628306111982 8.12602947604272 8.12580730069068 8.12567252497519 8.12551083103303 8.12530748305782 8.12507346368605 8.12481138783117 8.12456693956929
-9999 -9999 -9999 -9999 -9999 8.13703983060775 8.13578291862242 8.13486271519815 8.13407734901674 8.13544131863502 8.13649814359603 8.13637927270705 8.1359447971467 8.1348854495633 8.13373670270366 8.13248437450778 8.1314913534349 8.13067617724019 8.13013833568942 8.1297075517716 8.12949011402745 8.12931014645484 8.1291961362285 8.1290899707425 8.12903564207016 8.12897196123677 8.1288781627532 8.12875301607193 8.12857274086245 8.12834192091419 8.12805880269697 8.12768163988667 8.12724725661739 8.12684911297214 8.12646327480193 8.12601744744086 8.1255638676305 8.12519596469018 8.12484122860816 8.12457041586599 8.1243091091033 8.12407404376614 8.12383919377481 8.12360480523879 8.12333722268381 8.12303946095128 8.12277249367006
-9999 -9999 8.13969239880962 8.13940438916606 8.13913117685626 8.13829837306853 8.13703841547812 8.13713935113722 8.13733045516476 8.13773798173474 8.13789715305451 8.13710600329984 8.13599617250504 8.1342562090966 8.1325966927313 8.13103008270264 8.12979424384332 8.12878562558082 8.12818031926309 8.12773083102319 8.12754108059791 8.12739732188563 8.12738304753457 8.127380740258 8.12745528067312 8.12751413160755 8.12752213016633 8.12747567699802 8.12733416403494 8.12710414394256 8.12678334020799 8.12635064894153 8.12584981610698 8.12544548896051 8.12507318681286 8.12460896276658 8.12413240248157 8.12373395119944 8.12335281987344 8.12308289927821 8.12281350166567 8.12254576529226 8.12229085737659 8.12205634578582 8.12178830177553 8.12148970942343 8.12122557240148
-9999 -9999 -9999 -9999 8.14078374062815 8.13996379606185 8.14073138083181 8.14020950563492 8.13962794888404 8.13913948305192 8.13841915130615 8.13681230237407 8.13503865272768 8.13293463183988 8.13104244970506 8.12939456201369 8.12807467675978 8.12698001246298 8.12634904922978 8.12589697684011 8.12568904507545 8.12552421323715 8.12558463311965 8.12566286517728 8.12584812410416 8.12600120421379 8.1260499031313 8.12605033382293 8.12596619513727 8.12577832129694 8.12548363593317 8.12504134639617 8.12450891925443 8.12406542993361 8.12365178138979 8.12312962931971 8.12259341824439 8.12216438785676 8.12176261409637 8.12153333233249 8.12132413925663 8.1211703208185 8.1210114571356 8.12084459489392 8.12064832256686 8.12042507048576 8.12021855385073
-9999 -9999 -9999 -9999 8.14295934861706 8.14408932962725 8.14364793223719 8.14264155972388 8.14158501163606 8.14028826067524 8.13877499488092 8.13643313992408 8.13407827192737 8.13169814694312 8.12962532043457 8.12790686084378 8.12654246053388 8.12542118564729 8.12479477543985 8.12435922315044 8.12415455233666 8.12399073570005 8.12406902928506 8.12416821141397 8.12439783157841 8.12459942602342 8.12471039064469 8.12477121045513 8.1247449075022 8.12458859720538 8.12429837257631 8.12384525422127 8.12329289220994 8.12279565872685 8.12231672963788 8.12176559817406 8.12120551447715 8.1207710389168 8.12036975737541 8.12017973007694 8.12002058952085 8.11994660285211 8.11985474248086 8.11973519479075 8.11960644875803 8.11946927347491 8.11932696065595
-9999 -9999 -9999 -9999 8.14445714027651 8.14482498168945 8.14527917677356 8.14427055851106 8.14311387462001 8.1411194955149 8.13892192225302 8.13594590463946 8.1331143225393 8.13056856586087 8.1283804370511 8.12660497234714 8.12524601720994 8.12417288749449 8.12358890041228 8.12319371008104 8.12301949531801 8.1228842889109 8.12290911520681 8.12295483004662 8.1231450726909 8.12333756108438 8.12353749429026 8.12367617699408 8.12370838657502 8.12357019609021 8.12325674487698 8.1227917825022 8.12223459059192 8.12166450869653 8.1210902737033 8.12054649476082 8.12000791488155 8.11959921929144 8.11922537895941 8.11907242190453 8.11895032082835 8.11891343516688 8.11885252306538 8.11875466377504 8.11868833726452 8.11865099014774 8.11858057206677
-9999 -9999 -9999 -9999 8.14482498168945 8.14537485184208 8.1460202124811 8.14521020458591 8.1442182294784 8.14159257950321 8.13879302240187 8.13532780062768 8.1321380061488 8.12949319039622 8.12725337859123 8.12548077491022 8.12414904563658 8.12312006181286 8.12256865347585 8.12220145810035 8.12205271567068 8.12194282777848 8.12193892079015 8.12195553318147 8.12212162633096 8.12230171695832 8.12252699944281 8.12268472486927 8.12272484071793 8.12257622134301 8.12223332928073 8.12174913960119 8.12117899617841 8.1205798733619 8.1199709984564 8.11944801576676 8.1189380153533 8.11856365203857 8.11822017546623 8.11807300198463 8.11795973008679 8.11794059507308 8.11789832576629 8.11782052440028 8.11780618852185 8.11785033441359 8.11783636769941
-9999 -9999 -9999 -9999 8.14540675378615 8.1460202124811 8.14552934708134 8.14563240543488 8.14500424169725 8.14179694268011 8.1384573290425 8.13461140663393 8.13115233759726 8.12845836147185 8.1262144888601 8.12448981500441 8.12320198551301 8.12221394815753 8.12168739688012 8.12133896735407 8.1212123440158 8.12112491361557 8.12111119301088 8.12111679200203 8.12127005669378 8.12143504235052 8.12163823650729 8.12177113563784 8.12178134918213 8.1216004279352 8.12122341894334 8.12071464907739 8.12012570904147 8.11953000099428 8.1189322933074 8.11844022812382 8.11796369860249 8.11763006641019 8.11731944545623 8.11715427521736 8.1170286363171 8.11701282378166 8.1169801527454 8.11692127104728 8.11695123487903 8.1170629378288 8.11709367075274
-9999 -9999 -9999 -9999 8.1460202124811 8.14534941027241 8.14532846020114 8.14525453505978 8.1449971660491 8.14126697663338 8.1374872269169 8.13351849586733 8.1300150655931 8.12743174645209 8.12527588875063 8.12361311143444 8.1223843174596 8.12145319292622 8.12096392723822 8.1206450000886 8.12052428337836 8.12043857574463 8.12041418014034 8.12040615081787 8.12052428337836 8.12065130664456 8.12080727854083 8.12089132493542 8.12084948632025 8.12063755527619 8.12025079419536 8.1197504843435 8.11918098695817 8.11858607876685 8.11798283361619 8.11751138010333 8.1170592154226 8.11678132703227 8.11651906659526 8.11635691119779 8.11623404102941 8.11622065882529 8.11619635551206 8.11615534751646 8.11617980464812 8.11626443555278 8.11629787568123
-9999 -9999 -9999 -9999 -9999 8.1444512028848 8.14451959056239 8.14509822476295 8.14465018241636 8.14042211348011 8.1362453891385 8.13226413726807 8.12881242075274 8.12640848467427 8.12438017322171 8.12278538365518 8.12162193175285 8.12075479568974 8.12030807618172 8.12002335825274 8.1199016263408 8.11980859694942 8.11977312641759 8.11975045357981 8.11982397879324 8.11990316452519 8.12000130068871 8.12002606545725 8.11992288404895 8.11968025084465 8.11929404351019 8.11881640649611 8.11828296415267 8.11768765603342 8.11707182853453 8.11661649519397 8.11618478836552 8.1159687965147 8.1157616953696 8.11561150704661 8.11549792751189 8.11548645265641 8.11547024019303 8.11544639833512 8.11544387571273 8.11546094955937 8.11547897708031
-9999 -9999 -9999 -9999 -9999 8.14310689126292 8.14350580400036 8.1432058888097 8.14297257700274 8.1386897794662 8.13453385137742 8.13086365115258 8.12767554867652 8.12544127433531 8.12353374112037 8.1220029400241 8.12086563725625 8.1199988395937 8.11954273716096 8.11924525230162 8.11913579510104 8.11905934733729 8.11903848955708 8.11902818372173 8.11909500245125 8.11916535900485 8.11924737499606 8.11925974199849 8.11915071548954 8.11890897443218 8.11853055031069 8.11804045400312 8.11748243147327 8.11687454100578 8.11625019196541 8.11581817750008 8.11541455791843 8.11523335979831 8.11506111391129 8.11494578084638 8.11484992119574 8.11480900549119 8.11478599425285 8.11479067033337 8.11480014554916 8.11481398920859 8.11480439093805
-9999 -9999 -9999 -9999 -9999 8.14106452080511 8.14129521769862 8.14221305231894 8.14101963658487 8.1367736939461 8.13272528494558 8.12943289356847 8.12655212033179 8.12448556961552 8.12269727645382 8.12122972549931 8.12011069636191 8.11923103947793 8.11875487912086 8.11843456760529 8.11834006155691 8.11828545601137 8.11828453310074 8.11829216249527 8.11836011948124 8.11842964541528 8.11850433964883 8.1185141225015 8.11841054116526 8.11817612186555 8.1178070499051 8.11729741865589 8.11670217206401 8.11607936120802 8.11544707513625 8.11504007154895 8.11466570823423 8.11451382790842 8.11437231494534 8.11429639016428 8.11422018851003 8.11414300241778 8.11411020832677 8.11414589420442 8.11417542734454 8.11419933072982 8.1141596148091
-9999 -9999 -9999 -9999 -9999 -9999 8.13839260224373 8.13846674273091 8.13814760023548 8.13448266060122 8.1309593262211 8.12797814030801 8.12535276720601 8.12343135956795 8.12174000278596 8.12031404433712 8.11921947233139 8.11835218244983 8.11787817555089 8.1175559566867 8.11746938766972 8.11742407275784 8.11744440755536 8.1174709258541 8.11753885207638 8.11760668600759 8.1176737816103 8.11769033247425 8.11761868384577 8.11738749473326 8.11699211981989 8.11649553237423 8.11593738678963 8.11539043918733 8.11484724475491 8.11446842070549 8.11411368462347 8.11396432692005 8.11382549039779 8.11375433398831 8.11368025502851 8.11359876201999 8.11355012462985 8.11355212426955 8.1135706440095 8.11360408413795 8.11358027304373
-9999 -9999 -9999 -9999 -9999 -9999 8.13540781697919 8.13449788862659 8.13527719436153 8.13219458057034 8.12919604393744 8.12651948005922 8.12414495406612 8.12236782812303 8.12077614568895 8.11939870157549 8.11833452409314 8.11748532325991 8.11701642313311 8.11669426579629 8.11661400333528 8.11657622552687 8.11661400333528 8.11665565736832 8.116714877467 8.1167735438193 8.11683110267885 8.11685334482501 8.11681362890428 8.11658825412873 8.11617174456196 8.11569570725964 8.11518284582323 8.11471794497582 8.1142692565918 8.1139191965903 8.11358402621362 8.11343651433145 8.1132991544662 8.11322778271091 8.11315244243991 8.11306615029612 8.11300197724373 8.11297204417567 8.11298025808027 8.11302348106138 8.11301625159479
-9999 -9999 -9999 -9999 -9999 -9999 8.13232886406683 8.13325885034377 8.13286282939296 8.13011710874496 8.12744109861312 8.12503159430719 8.12288318141814 8.12125144466277 8.11979853722357 8.11855186954621 8.11758118291055 8.11679978524485 8.11635808021792 8.1160473362092 8.11595969046316 8.11591142223727 8.11593006503198 8.11594350876347 8.11590074723767 8.11587478268531 8.11590336215112 8.11591354493172 8.11589185653194 8.11570170617873 8.11533823320942 8.11494310440556 8.1145285637148 8.11416924384332 8.11382813607493 8.11351087016444 8.11319812651603 8.11305864395634 8.11292362213135 8.11281647220735 8.11270879930066 8.11260041882915 8.11252806263585 8.1125112964261 8.11253356933594 8.11259174346924 8.11258845175466
-9999 -9999 -9999 -9999 -9999 8.127792696799 8.12955979377993 8.12922985323014 8.13043397472751 8.12801807157455 8.12565920429845 8.12351980516987 8.12160307361234 8.12012666271579 8.11882305145264 8.11771860430317 8.11684463870141 8.11612873692666 8.1157169342041 8.11542246418615 8.11531832910353 8.1152477879678 8.11524425014373 8.1152286529541 8.11509969157557 8.11500293977799 8.11500989237139 8.11501124597365 8.11500235526792 8.11484549122472 8.11453622387302 8.11422108065698 8.11390209197998 8.11363515546245 8.11338553890105 8.11310214381064 8.11281527242353 8.11268280398461 8.11254821285125 8.11240039333221 8.11225691149312 8.11212564283802 8.11204371913787 8.1120381816741 8.11207469817131 8.11214985386018 8.11215416077645
-9999 -9999 -9999 -9999 8.12683108545119 8.12727017556467 8.127792696799 8.12795789780155 8.12795217575565 8.12583892576156 8.12377852778281 8.12192043181389 8.12025503958425 8.11897087097168 8.11785544118574 8.1169346532514 8.11616919117589 8.11551035604169 8.11513900756836 8.11487862371629 8.11472462069604 8.11458916817942 8.11455222099058 8.11450435269263 8.11434733483099 8.11423030976326 8.11424323051206 8.11424599924395 8.1142309558007 8.11410027165567 8.11385071662164 8.11361082138554 8.11337695583221 8.11315511888073 8.11293737349972 8.11269237149146 8.11244435464182 8.11231385507891 8.1121731727354 8.11196760977468 8.1117748752717 8.11161739595475 8.11152122866723 8.11151972124653 8.11157097355012 8.11167049407959 8.1116975661247
