Ecospace-environmental-drivers/Outputs/ASCII-for-ecospace/MOM6-ISIMIP3a/ph-surf/2012_mo08_avg50y_ph-surf_MOM6-ISIMIP3a.asc
NCOLS 131 
NROWS 53 
XLLCORNER -98 
YLLCORNER 23.9265270233154 
CELLSIZE 0.133587792515755 
NODATA_value -9999 
[rows 21 to 41 of 53, columns 0 to 47 of 131]
-9999 -9999 -9999 -9999 -9999 -9999 -9999 -9999 -9999 -9999 -9999 8.12000255584717 8.11991321563721 8.11964700698853 8.11916610717774 8.11843748092651 8.11772211074829 8.11701599121094 8.11625612258911 8.11547559738159 8.1145881652832 8.11368173599243 8.1128076171875 8.11197162628174 8.11144931793213 8.11101657867432 8.11087476730347 8.11082185745239 8.11092414855957 8.11109203338623 8.11132736206055 8.11161373138428 8.11193117141724 8.11219888687134 8.11244989395142 8.11263750076294 8.11281684875488 8.11308465957642 8.11339282989502 8.11395803451538 8.11459432601929 8.11542867660522 8.11632692337036 8.11732374191284 8.11827398300171 8.11918148040771 8.12009910583496 8.12102224349976
-9999 -9999 -9999 -9999 -9999 -9999 -9999 -9999 -9999 -9999 8.12357330322266 8.12208278656006 8.12074237823486 8.11969898223877 8.11852870941162 8.11721206665039 8.11603174209595 8.11494501113892 8.11394203186035 8.11297147750854 8.11203481674194 8.11110414505005 8.11027872085571 8.10949062347412 8.10899463653564 8.10857221603394 8.10838857650757 8.10827363967896 8.10827905654907 8.10832088470459 8.10840019226074 8.10850318908691 8.10862056732178 8.10868509292603 8.10873191833496 8.10869369506836 8.10864410400391 8.10863786697388 8.10866916656494 8.10893886566162 8.10928169250488 8.10982774734497 8.11045658111572 8.11121349334717 8.11193675994873 8.11262899398804 8.11333498001099 8.11404819488525
-9999 -9999 -9999 -9999 -9999 -9999 -9999 -9999 8.12849225997925 8.12593925476074 8.12371103286743 8.12272590637207 8.12142948150635 8.11951692581177 8.11757732391357 8.11560634613037 8.11394515991211 8.1124967956543 8.11129108428955 8.11017890930176 8.10922388076782 8.10829666137695 8.10755712509155 8.10685346603394 8.10641441345215 8.10603168487549 8.1058313369751 8.10567756652832 8.10560503005981 8.10553735733032 8.1054746055603 8.10540237426758 8.10532434463501 8.10519054412842 8.10503805160523 8.10478544235229 8.10451902389526 8.1042586517334 8.10403179168701 8.10401878356934 8.1040779876709 8.10433860778809 8.1046993637085 8.10521467208862 8.1057147026062 8.10620059967041 8.10671356201172 8.1072409248352
-9999 -9999 -9999 -9999 -9999 -9999 -9999 8.12869287490845 8.12851650238037 8.12627164840698 8.12397571563721 8.12148410797119 8.11881904602051 8.11581031799316 8.11309045791626 8.11070386886597 8.10885734558105 8.10738182067871 8.10627227783203 8.10530420303345 8.10454746246338 8.10382808685303 8.10334901809692 8.10290687561035 8.10272891998291 8.10259695053101 8.10261417388916 8.10264495849609 8.10269943237305 8.10272294998169 8.10271457672119 8.10263708114624 8.10251752853394 8.1023044013977 8.10206008911133 8.10170572280884 8.10133630752564 8.10097890853882 8.10064517974853 8.10046144485474 8.10033586502075 8.1003719329834 8.10050415039063 8.1007851600647 8.10107809066773 8.1013819694519 8.10171979904175 8.10207590103149
-9999 -9999 -9999 -9999 -9999 -9999 -9999 8.13023897171021 8.12866870880127 8.12644538879394 8.1238719367981 8.11995851516724 8.11603595733643 8.11209554672241 8.10871618270874 8.10598428726196 8.10397106170654 8.10245143890381 8.10141025543213 8.10055393218994 8.09997785568237 8.09945138931274 8.09921495437622 8.09901601791382 8.09907375335693 8.09916988372803 8.09938928604126 8.09959522247314 8.09977760314941 8.09989543914795 8.09994710922241 8.09987644195557 8.0997311592102 8.09945735931396 8.09914056777954 8.09870578765869 8.09825475692749 8.09781427383423 8.09738750457764 8.09704866409302 8.09675443649292 8.09658433914185 8.0965044593811 8.09656394958496 8.09666194915772 8.09679513931274 8.09697071075439 8.09716909408569
-9999 -9999 -9999 -9999 -9999 -9999 8.13167779922485 8.13065053939819 8.1293822479248 8.12592355728149 8.1221529006958 8.11718812942505 8.11249652862549 8.10834524154663 8.10483568191528 8.10206642150879 8.09996812820435 8.09833066940308 8.09723499298096 8.09634855270386 8.09587621688843 8.09547681808472 8.09540605545044 8.09536888122559 8.09555263519287 8.09577653884888 8.09613035202026 8.09646970748901 8.09678394317627 8.09701072692871 8.09714761734009 8.09713645935059 8.09703512191772 8.09678163528442 8.09647745132446 8.09605541229248 8.09561681747437 8.0951538848877 8.09469579696655 8.09427003860474 8.09387866973877 8.09358291625977 8.09336194992065 8.09325637817383 8.0932124710083 8.09322523117065 8.09329458236694 8.09339405059814
-9999 -9999 -9999 -9999 -9999 8.13165594100952 8.13166687011719 8.13071321487427 8.12942304611206 8.12478151321411 8.1199355506897 8.11430757522583 8.10917728424072 8.10503175735474 8.10151170730591 8.09871360778809 8.09653169631958 8.09477300643921 8.0936408996582 8.09275091171265 8.09238578796387 8.09211349487305 8.09218297958374 8.09228151321411 8.09255849838257 8.09287214279175 8.09330509185791 8.09372266769409 8.09411346435547 8.09440013885498 8.09457958221436 8.09459243774414 8.09450382232666 8.09425045013428 8.09394233703613 8.09352054595947 8.09308254241943 8.09259437561035 8.0921044921875 8.09160411834717 8.09113166809082 8.09073719024658 8.09041103363037 8.09019050598144 8.0900511932373 8.08998668670654 8.08999208450317 8.09003507614136
-9999 -9999 -9999 -9999 -9999 8.13164138793945 8.13163467407227 8.13001527786255 8.12799633026123 8.12228610992432 8.11663093566895 8.11118637084961 8.10633852005005 8.10267114639282 8.09940254211426 8.09659393310547 8.09433137893677 8.09244386672974 8.09131502151489 8.09047927856445 8.09022954940796 8.0900834274292 8.09023862838745 8.09041501998901 8.09071413040161 8.09103487014771 8.09142597198486 8.09180116653442 8.09214820861816 8.09238775253296 8.09251657485962 8.09247577667236 8.0923316192627 8.09203466415405 8.09168668746948 8.09123794555664 8.09077484130859 8.0902555847168 8.08973243713379 8.0891840171814 8.08866586685181 8.08823118209839 8.0878783416748 8.08765205383301 8.08751884460449 8.08747110366821 8.08750522613525 8.08758358001709
-9999 -9999 -9999 -9999 -9999 8.13152645111084 8.13155914306641 8.1292075920105 8.12641738891602 8.11995500564575 8.11377395629883 8.10867036819458 8.1041587638855 8.10081827163696 8.09770526885986 8.09485481262207 8.09255477905274 8.09063278198242 8.0895604133606 8.08881608963013 8.08865629196167 8.08859970092773 8.08879819869995 8.08901290893555 8.0893158531189 8.0896293258667 8.08997632980347 8.09029762268066 8.09057403564453 8.09073858261108 8.090788230896 8.09067684173584 8.09046745300293 8.09012588500977 8.08974027633667 8.0892582321167 8.08876239776611 8.08820068359375 8.08763824462891 8.08707075119019 8.08654178619385 8.08612005233765 8.08578475952148 8.08558305740356 8.08547788619995 8.08546096801758 8.08553133010864 8.08564863204956
-9999 -9999 -9999 -9999 -9999 8.13147172927856 8.13143800735474 8.12826192855835 8.12464738845825 8.11783082962036 8.11148056030273 8.10691583633423 8.10280794143677 8.0996040725708 8.09652639389038 8.09359464645386 8.09131141662598 8.08947366714477 8.08852462768555 8.08791864395142 8.08781639099121 8.08780324935913 8.08799196243286 8.08819492340088 8.08847908020019 8.08876686096191 8.08906675338745 8.08931995391846 8.08949174880981 8.08954648971558 8.08948066711426 8.08927764892578 8.08899084091187 8.08860355377197 8.08818298339844 8.08765958786011 8.08712142944336 8.08650289535522 8.08589365005493 8.08534328460693 8.08484800338745 8.08450593948364 8.08424377441406 8.08410484313965 8.08405521392822 8.0840873336792 8.08420301437378 8.08436365127563
-9999 -9999 -9999 -9999 -9999 -9999 8.13138294219971 8.12761909484863 8.12342483520508 8.11650604248047 8.11013374328613 8.10585325241089 8.10194818496704 8.09878602981567 8.0957137298584 8.09274522781372 8.09049770355225 8.08874549865723 8.08787220001221 8.08733833312988 8.08724760055542 8.08723529815674 8.08738576889038 8.08754899978638 8.08778833389282 8.0880265045166 8.08826070785523 8.08843955993652 8.08852203369141 8.0884951210022 8.08835544586182 8.08809293746948 8.08775533676148 8.08733432769775 8.08688547134399 8.08633457183838 8.08576910018921 8.08515018463135 8.08454658508301 8.084040184021 8.08359352111816 8.08331253051758 8.08310150146484 8.08299861907959 8.08298122406006 8.0830425453186 8.08318281173706 8.08336574554443
-9999 -9999 -9999 -9999 -9999 -9999 -9999 8.12720336914063 8.12261274337768 8.11578096389771 8.1094967842102 8.10530954360962 8.10145664215088 8.098265209198 8.09517576217651 8.0922039604187 8.09000631332398 8.08834045410156 8.08750728607178 8.086995677948 8.08688192367554 8.08683853149414 8.08692966461182 8.08703248977661 8.08720735549927 8.08737745285034 8.087532081604 8.08763212203979 8.08763679504395 8.08754934310913 8.0873669052124 8.08706903457642 8.08670080184937 8.08625471115112 8.08578275680542 8.08521461486816 8.0846332359314 8.08405628204346 8.08349756240845 8.08305561065674 8.08266864776611 8.0824347114563 8.0822583770752 8.0821711730957 8.0821689414978 8.08224449157715 8.08239385604858 8.08258304595947
-9999 -9999 -9999 -9999 -9999 -9999 -9999 8.12257514953613 8.12207975387573 8.115179271698 8.10886226654053 8.10477869033813 8.10101930618286 8.09790134429932 8.09488164901733 8.09197525024414 8.08982336044311 8.08818935394287 8.08735639572144 8.08683271408081 8.08668436050415 8.08660228729248 8.08663248062134 8.08667152404785 8.0867635345459 8.08684680938721 8.08690166473389 8.0869149017334 8.08685520172119 8.08672462463379 8.08652095794678 8.08619983673096 8.08580703735351 8.08536003112793 8.08489500045776 8.08435659408569 8.08380834579468 8.08329555511475 8.08280017852783 8.08241550445557 8.08207363128662 8.08185144424439 8.08168464660645 8.08160350799561 8.08160175323486 8.0816729927063 8.08180498123169 8.08196977615356
-9999 -9999 -9999 -9999 -9999 -9999 -9999 8.12237071990967 8.1216662979126 8.11463045120239 8.10822864532471 8.10425346374512 8.1006053352356 8.09760475158691 8.09469198226929 8.09188062667847 8.08977243423462 8.08814720153809 8.0872972869873 8.08674659729004 8.08655870437622 8.08643468856812 8.086403465271 8.08637735366821 8.08637855529785 8.08636686325073 8.0863133430481 8.08623624801636 8.0861180305481 8.08595170974731 8.08573606491089 8.08539680480957 8.08498229980469 8.08454471588135 8.08409944534302 8.08361078262329 8.08311658859253 8.08267763137817 8.08225337982178 8.08192291259766 8.08162015914917 8.08139446258545 8.08122634887695 8.08114698410034 8.08113983154297 8.08119865417481 8.08130195617676 8.08142929077149
-9999 -9999 -9999 -9999 -9999 -9999 -9999 8.12090087890625 8.12042963027954 8.11348098754883 8.10722345352173 8.10361207962036 8.10026000976563 8.09742099761963 8.09464405059814 8.09193895339966 8.08986457824707 8.08822364807129 8.08733350753784 8.08673347473145 8.08650337219238 8.08633863449097 8.08624589920044 8.08615943908691 8.0861116027832 8.08604578018188 8.08592151641846 8.08578374862671 8.0856226348877 8.08541488647461 8.08515924453735 8.08479553222656 8.08436597824097 8.08394636154175 8.08352989196777 8.08309999465942 8.082668800354 8.08230321884155 8.08194732666016 8.08165292739868 8.0813782119751 8.08115867614746 8.08099155426025 8.08090545654297 8.08088581085205 8.08092716217041 8.08100475311279 8.08110185623169
-9999 -9999 -9999 -9999 -9999 -9999 -9999 8.12018138885498 8.11902276992798 8.11220703125 8.10614137649536 8.10294675827026 8.09992893218994 8.09726053237915 8.09462549209595 8.09202890396118 8.08998647689819 8.08832458496094 8.08738958358765 8.08673524856567 8.08646257400513 8.0862572479248 8.08610332489014 8.08595727920532 8.08586910247803 8.08575742721558 8.08557024002075 8.08537805557251 8.08517732620239 8.08492696762085 8.08462533950806 8.08423593521118 8.08379291534424 8.08339288711548 8.08300714492798 8.08263782501221 8.08227140426636 8.08197906494141 8.08169097900391 8.08142881393433 8.08118009567261 8.08096845626831 8.08080289840698 8.08070831298828 8.08067491531372 8.08069772720337 8.08075012207031 8.08081848144531
-9999 -9999 -9999 -9999 -9999 -9999 -9999 8.11703956604004 8.1165419960022 8.11055780410767 8.10523714065552 8.10245595932007 8.0997474861145 8.09718330383301 8.0946505355835 8.09215389251709 8.09014780044556 8.08847843170166 8.08747802734375 8.08673603057861 8.08638893127441 8.08611156463623 8.08592672348022 8.08575210571289 8.0856463432312 8.08552165985108 8.08533609390259 8.0851354598999 8.08490833282471 8.08462211608887 8.08427518844604 8.08386190414429 8.08340814590454 8.08301267623901 8.08263647079468 8.08230346679687 8.08197690963745 8.08172782897949 8.08148263931274 8.08126245498657 8.08104845046997 8.08085203170776 8.08069400787354 8.08059505462646 8.08054685592651 8.08054559707642 8.08058055877686 8.08063507080078
-9999 -9999 -9999 -9999 -9999 -9999 -9999 8.11331697463989 8.11401256561279 8.10890991210938 8.10437038421631 8.10198657989502 8.09957403182983 8.09710414886475 8.09466640472412 8.09226547241211 8.09029499053955 8.08862005233765 8.08755718231201 8.0867307472229 8.0863106918335 8.0859624671936 8.08575042724609 8.08555068969727 8.08542936325073 8.08529405593872 8.08511377334595 8.08490745544434 8.08465559005737 8.08433437347412 8.08394186019897 8.08350463867188 8.08304023742676 8.08264850616455 8.08228092193604 8.08198112487793 8.08169115066528 8.08148244857788 8.08127786636352 8.08109945297241 8.08092071533203 8.08074127197266 8.08059232711792 8.08049032211304 8.08042837142944 8.08040319442749 8.0804213142395 8.08046264648437
-9999 -9999 -9999 -9999 -9999 -9999 -9999 8.11198705673218 8.11147745132446 8.10745500564575 8.10381948471069 8.1016650390625 8.09941221237183 8.09696449279785 8.09456340789795 8.09221645355225 8.0902725982666 8.08860549926758 8.08752084732056 8.08666090011597 8.08619897842407 8.08580730438232 8.08559349060059 8.08539232254028 8.08526447296143 8.08512746810913 8.08496171951294 8.08475902557373 8.0844920539856 8.08413984298706 8.08370002746582 8.08323724746704 8.08276041030884 8.08237239837647 8.0820138168335 8.08172594070435 8.08144847869873 8.08126554489136 8.08108818054199 8.08094673156738 8.08080362319946 8.08065563201904 8.08052974700928 8.08043828964233 8.08037176132202 8.08032800674438 8.08033107757568 8.08035936355591
-9999 -9999 -9999 -9999 -9999 -9999 -9999 8.10867279052734 8.10904041290283 8.10608461380005 8.1033291053772 8.10134042739868 8.09920063018799 8.09676168441773 8.09438695907593 8.09208637237549 8.09016839981079 8.08851345062256 8.08741857528686 8.08653999328613 8.08605577468872 8.08564105987549 8.08543239593506 8.08523578643799 8.0851024055481 8.0849645614624 8.08481216430664 8.08461162567139 8.08432752609253 8.08394428253174 8.08345935821533 8.08297267913818 8.08248491287231 8.08210224151611 8.08175485610962 8.0814847946167 8.08122621536255 8.08106792449951 8.08091583251953 8.08080389022827 8.08069036483765 8.08057214736938 8.08046850204468 8.08038745880127 8.08031860351563 8.08026086807251 8.08025051116943 8.08026557922363
-9999 -9999 -9999 -9999 -9999 -9999 8.10805421829224 8.10757764816284 8.10696310043335 8.10502401351929 8.1030606842041 8.10100461959839 8.09880670547485 8.09632801055908 8.09394073486328 8.09165908813477 8.08976467132568 8.08813650131226 8.0870747756958 8.08623176574707 8.08579679489136 8.08543394088745 8.0852555847168 8.08508567810059 8.08495084762573 8.08481435775757 8.08467208862305 8.08446882247925 8.08415872573853 8.08374454498291 8.08322317123413 8.08271873474121 8.08222457885742 8.08185417175293 8.08152502059936 8.08129467010498 8.08107856750488 8.080940990448 8.08080709457398 8.08069688796997 8.08059104919434 8.08049699783325 8.08041200637817 8.08034097671509 8.08027849197388 8.08022369384766 8.08020559310913 8.08020696640015
