Ecospace-environmental-drivers/Outputs/ASCII-for-ecospace/Temp-bot/Temp-bot_X2013.12.asc
NCOLS 131 
NROWS 53 
XLLCORNER -98 
YLLCORNER 23.9265270233154 
CELLSIZE 0.133587792515755 
NODATA_value -3.4e+38 
[rows 21 to 41 of 53, columns 47 to 93 of 131]
22.0111656188965 21.9311027526855 21.8726787567139 21.8458957672119 21.8786697387695 21.9252014160156 21.9478702545166 21.9517707824707 21.8964385986328 21.7156658172607 20.7604732513428 20.5560302734375 19.1107387542725 14.2564554214478 9.48038291931152 6.34259605407715 5.6130690574646 5.52073431015015 5.73630714416504 5.44659614562988 4.85318946838379 4.34344577789307 4.22681140899658 4.20906114578247 4.2030348777771 4.21347093582153 4.19825458526611 4.20804405212402 4.21062326431274 4.21610736846924 4.23189544677734 4.2973051071167 4.3314528465271 4.34823560714722 4.48585891723633 4.87858390808105 5.07418537139893 5.57408571243286 6.23459100723267 6.96692323684692 7.6692590713501 8.60673522949219 9.53415966033936 10.4792633056641 11.5427646636963 12.1821899414062 13.1603012084961
21.5769462585449 21.1116695404053 20.6268844604492 20.9847755432129 20.9482040405273 21.3699283599854 20.4365139007568 19.847038269043 20.1624717712402 18.3020610809326 15.9427032470703 15.8091239929199 13.7904195785522 11.1755828857422 8.16812896728516 6.30304050445557 5.38142919540405 4.95946359634399 5.0948748588562 4.8841495513916 4.49640417098999 4.2678050994873 4.20336198806763 4.18646049499512 4.1930251121521 4.19561529159546 4.20382213592529 4.20376586914062 4.20555734634399 4.21707820892334 4.24407005310059 4.27974224090576 4.28390979766846 4.27675914764404 4.25538206100464 4.25555276870728 4.31112909317017 4.53403949737549 5.09439563751221 5.54651975631714 5.9864616394043 6.57684087753296 7.14334678649902 8.11202621459961 9.13652896881104 9.81975650787354 11.0034103393555
18.9511489868164 17.0234413146973 17.7424163818359 17.748685836792 18.5206146240234 18.33522605896 15.2158451080322 14.6996459960938 15.0866785049438 12.1739807128906 11.0697393417358 10.4225578308105 9.65889739990234 8.44751834869385 6.70729398727417 6.15813207626343 5.19982242584229 4.68185997009277 4.61240911483765 4.55037117004395 4.38762426376343 4.2108006477356 4.19789028167725 4.19219303131104 4.1904501914978 4.19511651992798 4.18884563446045 4.17962121963501 4.18284511566162 4.19585180282593 4.24356603622437 4.24637126922607 4.22726726531982 4.19783306121826 4.16414546966553 4.15755939483643 4.16322469711304 4.2287425994873 4.38906908035278 4.50533866882324 4.65904140472412 4.88889932632446 5.17434167861938 5.86960124969482 6.64048624038696 7.41875505447388 8.73289489746094
14.0540189743042 13.0224304199219 13.4446678161621 12.6883344650269 12.23681640625 10.6328411102295 10.917797088623 9.43613433837891 8.4037504196167 7.23056983947754 6.62892484664917 7.22742176055908 7.03039455413818 6.73016357421875 6.02817726135254 5.47592830657959 5.02674055099487 4.63140344619751 4.44743776321411 4.37607336044312 4.31759119033813 4.218017578125 4.19589328765869 4.18420267105103 4.17464542388916 4.17083835601807 4.17137861251831 4.16726112365723 4.16446828842163 4.19048357009888 4.21124267578125 4.21458053588867 4.20385122299194 4.17763662338257 4.17013597488403 4.16184329986572 4.1577410697937 4.17500877380371 4.20198154449463 4.23386812210083 4.25182199478149 4.26158857345581 4.31818866729736 4.62522459030151 5.19879484176636 5.89989995956421 7.09273624420166
9.07149696350098 9.05103397369385 7.88222980499268 8.67165279388428 8.25906848907471 7.06497716903687 6.92055940628052 6.20490407943726 5.6305079460144 5.71421813964844 5.83478546142578 6.10187673568726 5.8361964225769 5.68959712982178 5.21373558044434 4.87209987640381 4.65319538116455 4.51976823806763 4.35725259780884 4.26106595993042 4.22581481933594 4.21130514144897 4.22492170333862 4.1860089302063 4.17789173126221 4.16968488693237 4.15381669998169 4.15023708343506 4.15168333053589 4.16362953186035 4.1786961555481 4.19486951828003 4.18801212310791 4.16756963729858 4.1564507484436 4.15167951583862 4.15590906143188 4.16913843154907 4.18799638748169 4.20696401596069 4.20602464675903 4.19910526275635 4.2055287361145 4.22094058990479 4.40685272216797 4.94261884689331 5.85881376266479
6.40458917617798 6.14779567718506 6.015625 5.95028638839722 5.51725006103516 5.8154091835022 5.33598327636719 5.53621244430542 5.10446071624756 5.06247997283936 5.17091512680054 5.22461843490601 5.14421987533569 4.9570107460022 4.96696043014526 4.70377683639526 4.43190860748291 4.36063575744629 4.30969095230103 4.23183250427246 4.22802972793579 4.19838905334473 4.20095348358154 4.20956087112427 4.19165849685669 4.1923303604126 4.15711307525635 4.15235614776611 4.1568455696106 4.158127784729 4.166335105896 4.1829252243042 4.18040466308594 4.15366554260254 4.14235925674438 4.14493179321289 4.14834547042847 4.15996026992798 4.17262554168701 4.17746734619141 4.16823959350586 4.16623592376709 4.16958808898926 4.17070198059082 4.18191862106323 4.28267002105713 4.80746793746948
5.37695598602295 5.11879110336304 5.24930953979492 4.87484312057495 4.78481960296631 5.05505561828613 4.79616451263428 4.8950343132019 4.74461889266968 4.72889709472656 4.73749303817749 4.80390691757202 4.76697731018066 4.68113422393799 4.59460878372192 4.46095371246338 4.31959104537964 4.24916791915894 4.24661827087402 4.22584199905396 4.20659065246582 4.21256256103516 4.20226764678955 4.19880533218384 4.19051313400269 4.19593191146851 4.19459867477417 4.17056894302368 4.1608304977417 4.15607643127441 4.16082239151001 4.17035579681396 4.17193841934204 4.15420961380005 4.15344190597534 4.15039300918579 4.14860343933105 4.15711307525635 4.16461563110352 4.15541744232178 4.1586799621582 4.16575193405151 4.16032075881958 4.15044927597046 4.14997434616089 4.1772084236145 4.43019151687622
4.74743175506592 4.6119179725647 4.61905241012573 4.4098916053772 4.44516324996948 4.52862644195557 4.50774383544922 4.60639572143555 4.55759477615356 4.52137804031372 4.54161882400513 4.53077077865601 4.52944421768188 4.50665473937988 4.36297655105591 4.28624773025513 4.18787431716919 4.17229700088501 4.20293045043945 4.21595191955566 4.22342348098755 4.18522882461548 4.17239809036255 4.185875415802 4.18832397460938 4.19193553924561 4.18986511230469 4.16930198669434 4.16256523132324 4.15762996673584 4.15531015396118 4.15854930877686 4.16339492797852 4.15993642807007 4.16076564788818 4.15550327301025 4.15339612960815 4.15576934814453 4.15434122085571 4.14780139923096 4.14943981170654 4.15953254699707 4.16138601303101 4.14698600769043 4.14176321029663 4.16121339797974 4.26080560684204
4.42846727371216 4.37656450271606 4.29275798797607 4.30362844467163 4.33586883544922 4.39429092407227 4.40159749984741 4.46127319335938 4.44773054122925 4.39520168304443 4.38915157318115 4.40491485595703 4.33316850662231 4.31098890304565 4.23491191864014 4.21123170852661 4.19138526916504 4.1916618347168 4.16791439056396 4.16301012039185 4.18206834793091 4.18625783920288 4.18588352203369 4.19637393951416 4.19553565979004 4.19170427322388 4.17536401748657 4.16440200805664 4.15503454208374 4.15021228790283 4.15222835540771 4.15279960632324 4.15418386459351 4.16211223602295 4.16121053695679 4.16254854202271 4.1605396270752 4.15577936172485 4.1495213508606 4.14339876174927 4.14398097991943 4.16660737991333 4.166428565979 4.14665412902832 4.13797998428345 4.14856576919556 4.1926326751709
4.31655693054199 4.26857995986938 4.20269727706909 4.24218559265137 4.28444623947144 4.30373811721802 4.32154321670532 4.34107971191406 4.31146812438965 4.28977251052856 4.24896383285522 4.2308554649353 4.19985055923462 4.19200038909912 4.1916389465332 4.20202302932739 4.20137977600098 4.18941068649292 4.17385292053223 4.1697039604187 4.17244720458984 4.17855739593506 4.18655681610107 4.1970043182373 4.17155694961548 4.16817235946655 4.16785669326782 4.15351629257202 4.13979434967041 4.13966941833496 4.14426374435425 4.14753818511963 4.14966821670532 4.15840148925781 4.16312503814697 4.16386556625366 4.16058349609375 4.15420722961426 4.14700174331665 4.14386367797852 4.15533113479614 4.17234468460083 4.15641164779663 4.1417179107666 4.13637924194336 4.13610315322876 4.15393543243408
4.24182605743408 4.21004724502563 4.20563316345215 4.19242429733276 4.24034738540649 4.24799871444702 4.26530599594116 4.27088689804077 4.25241756439209 4.22547292709351 4.18208742141724 4.17709016799927 4.16640663146973 4.17681741714478 4.18888139724731 4.19662094116211 4.18586301803589 4.13730144500732 4.15114450454712 4.17250442504883 4.17858839035034 4.17592620849609 4.17925596237183 4.19108915328979 4.15691137313843 4.16348791122437 4.15613460540771 4.14665842056274 4.14140224456787 4.13537073135376 4.13686656951904 4.14063835144043 4.14330053329468 4.15210437774658 4.16037273406982 4.1637487411499 4.16615724563599 4.15318155288696 4.14339017868042 4.14417266845703 4.16048860549927 4.16185331344604 4.14499855041504 4.13998889923096 4.13774156570435 4.13207244873047 4.13137674331665
4.19623708724976 4.19447469711304 4.18340587615967 4.19653367996216 4.22356653213501 4.21677398681641 4.22752141952515 4.23430633544922 4.24607849121094 4.19801473617554 4.17477703094482 4.14169025421143 4.14476919174194 4.14954280853271 4.15189599990845 4.15161657333374 4.14219999313354 4.13750791549683 4.13543462753296 4.13823699951172 4.16717100143433 4.17454671859741 4.1762752532959 4.18588256835938 4.16824722290039 4.15919733047485 4.15412521362305 4.14925098419189 4.1506814956665 4.1363320350647 4.13043832778931 4.13248157501221 4.13612794876099 4.14225339889526 4.15219163894653 4.15985059738159 4.16414213180542 4.15207529067993 4.14135503768921 4.14323472976685 4.15417718887329 4.14391851425171 4.13956546783447 4.14092636108398 4.1414361000061 4.13894891738892 4.13090944290161
4.18428516387939 4.17704105377197 4.17945194244385 4.16775131225586 4.19879817962646 4.18939161300659 4.17663955688477 4.17957019805908 4.18488693237305 4.16232395172119 4.14126539230347 4.13481378555298 4.13981533050537 4.14770841598511 4.14659690856934 4.14492607116699 4.14388513565063 4.14044857025146 4.13736629486084 4.13363313674927 4.13114070892334 4.15360355377197 4.17424964904785 4.18091869354248 4.17475605010986 4.15127420425415 4.15413284301758 4.15321731567383 4.15287637710571 4.14078378677368 4.12846088409424 4.12743234634399 4.13082647323608 4.13679456710815 4.14630270004272 4.15693759918213 4.1563549041748 4.14966011047363 4.13836526870728 4.14383268356323 4.14594268798828 4.13896036148071 4.14109468460083 4.14239120483398 4.14160585403442 4.14184331893921 4.13447141647339
4.17741441726685 4.16268396377563 4.15373373031616 4.15094804763794 4.17251968383789 4.15878677368164 4.15283060073853 4.15622186660767 4.1523323059082 4.13828468322754 4.12954664230347 4.13229179382324 4.13623762130737 4.14124965667725 4.14514446258545 4.14419889450073 4.14028120040894 4.1360764503479 4.13272142410278 4.13171434402466 4.13054323196411 4.13263988494873 4.14901447296143 4.16663694381714 4.15062952041626 4.14498519897461 4.15050458908081 4.15180349349976 4.14652109146118 4.13275480270386 4.12707471847534 4.12772274017334 4.13186597824097 4.13746452331543 4.14658641815186 4.15488481521606 4.15289831161499 4.13889265060425 4.13574934005737 4.14173793792725 4.14081811904907 4.14008092880249 4.14236307144165 4.14355421066284 4.14261436462402 4.14318561553955 4.13791561126709
4.16925573348999 4.16861391067505 4.16461753845215 4.15908670425415 4.15148258209229 4.15373039245605 4.14730644226074 4.13893175125122 4.12971353530884 4.12730264663696 4.12397193908691 4.12036514282227 4.12644147872925 4.13274383544922 4.14132833480835 4.13688802719116 4.13813209533691 4.1340069770813 4.13231086730957 4.13198232650757 4.13123273849487 4.13266754150391 4.13559818267822 4.13993692398071 4.14346694946289 4.14341306686401 4.14211702346802 4.13564109802246 4.1270432472229 4.12513113021851 4.12902975082397 4.13329172134399 4.13723230361938 4.1414155960083 4.14759588241577 4.1461181640625 4.14809513092041 4.13805341720581 4.134446144104 4.14006471633911 4.14045906066895 4.1419095993042 4.14341306686401 4.14515972137451 4.14462995529175 4.14492464065552 4.14083862304688
4.16834449768066 4.16516065597534 4.15894460678101 4.15509033203125 4.15318727493286 4.15207147598267 4.13240480422974 4.12430191040039 4.12402963638306 4.12275648117065 4.12012481689453 4.12026691436768 4.12001371383667 4.12087535858154 4.12719917297363 4.12244558334351 4.12548160552979 4.13011312484741 4.13051080703735 4.13290739059448 4.12958192825317 4.13144683837891 4.12994623184204 4.13027572631836 4.13232374191284 4.12968492507935 4.12760496139526 4.12726926803589 4.12660646438599 4.12780666351318 4.13201713562012 4.13259029388428 4.1344575881958 4.13638734817505 4.13479661941528 4.13471412658691 4.13673400878906 4.13575887680054 4.13194990158081 4.13729333877563 4.14053916931152 4.14289712905884 4.14593029022217 4.14861345291138 4.14817810058594 4.14977025985718 4.14220666885376
4.1645827293396 4.16082954406738 4.1586709022522 4.15466070175171 4.14967012405396 4.13717651367188 4.11769771575928 4.11175727844238 4.11235666275024 4.11279296875 4.11377048492432 4.11677217483521 4.11915063858032 4.12045669555664 4.12041091918945 4.12012815475464 4.12018918991089 4.11939334869385 4.12435960769653 4.13161468505859 4.1311936378479 4.13171243667603 4.12986421585083 4.1305685043335 4.13027858734131 4.13102626800537 4.12967967987061 4.1310772895813 4.13090372085571 4.13218879699707 4.13115930557251 4.125412940979 4.12979078292847 4.12887668609619 4.12961149215698 4.13052701950073 4.13140916824341 4.13325309753418 4.13204145431519 4.13427305221558 4.14031553268433 4.14534139633179 4.14927101135254 4.15192317962646 4.15233516693115 4.15108394622803 4.14132499694824
4.15983152389526 4.15658330917358 4.14329624176025 4.12834739685059 4.12294006347656 4.10445594787598 4.08997869491577 4.08719825744629 4.08732461929321 4.08978700637817 4.09635543823242 4.10587358474731 4.11190223693848 4.1165189743042 4.11958932876587 4.12121677398682 4.12236499786377 4.12174034118652 4.12150144577026 4.12056398391724 4.12108993530273 4.1273455619812 4.13369131088257 4.13518857955933 4.13498163223267 4.13617992401123 4.13593196868896 4.13733911514282 4.13035440444946 4.13277769088745 4.13169002532959 4.12848091125488 4.128333568573 4.12819719314575 4.1284966468811 4.12940692901611 4.13087272644043 4.13240957260132 4.1332893371582 4.13406085968018 4.13694000244141 4.14198160171509 4.14569997787476 4.14884281158447 4.14944934844971 4.14677286148071 4.13762092590332
4.14971351623535 4.13694906234741 4.12249040603638 4.10580348968506 4.08785963058472 4.07586145401001 4.07258987426758 4.07213544845581 4.07250308990479 4.07420682907104 4.07984447479248 4.09304809570312 4.10380792617798 4.10785102844238 4.10851049423218 4.10999584197998 4.11273431777954 4.11322259902954 4.11333847045898 4.11249876022339 4.11345052719116 4.11524391174316 4.11992597579956 4.11864805221558 4.12378263473511 4.13072156906128 4.12671756744385 4.12649202346802 4.12741136550903 4.12803316116333 4.12825059890747 4.12772703170776 4.12546920776367 4.12532424926758 4.12488460540771 4.12506532669067 4.1260871887207 4.12655305862427 4.12593507766724 4.12640523910522 4.12849903106689 4.13194847106934 4.13409948348999 4.13578701019287 4.13668775558472 4.13548612594604 4.13180160522461
4.12022256851196 4.11712312698364 4.1070384979248 4.08435010910034 4.07280778884888 4.07005262374878 4.0694408416748 4.06968641281128 4.07054567337036 4.0716609954834 4.0735821723938 4.07878160476685 4.089919090271 4.09853029251099 4.10137128829956 4.10091876983643 4.10159921646118 4.10334634780884 4.10538387298584 4.10761642456055 4.11152029037476 4.11368608474731 4.11520481109619 4.11754417419434 4.11992740631104 4.12148714065552 4.12260293960571 4.12398719787598 4.1250433921814 4.12440013885498 4.12403583526611 4.12333059310913 4.12173748016357 4.12044811248779 4.11996030807495 4.12071132659912 4.1221079826355 4.12293672561646 4.12353801727295 4.12599992752075 4.12751245498657 4.12781143188477 4.12736129760742 4.12693929672241 4.1264181137085 4.12623929977417 4.12604856491089
4.11389541625977 4.10854053497314 4.09250783920288 4.07649564743042 4.07004547119141 4.06814289093018 4.06748104095459 4.06748294830322 4.06815624237061 4.06964254379272 4.07193470001221 4.0764536857605 4.07664632797241 4.07899522781372 4.08493757247925 4.09323740005493 4.09517049789429 4.09508037567139 4.09734916687012 4.10162448883057 4.10717916488647 4.11223649978638 4.11461496353149 4.11579465866089 4.11788702011108 4.1180214881897 4.11896991729736 4.12162494659424 4.12381792068481 4.12327098846436 4.12123012542725 4.11926364898682 4.11876773834229 4.11772871017456 4.11719465255737 4.11773920059204 4.11966323852539 4.12379121780396 4.12885093688965 4.12887954711914 4.12793159484863 4.12891626358032 4.12982749938965 4.12923097610474 4.12730598449707 4.12522554397583 4.12376594543457
