Ecospace-environmental-drivers/Outputs/ASCII-for-ecospace/Temp-bot/Temp-bot_X2020.05.asc
NCOLS 131 
NROWS 53 
XLLCORNER -98 
YLLCORNER 23.9265270233154 
CELLSIZE 0.133587792515755 
NODATA_value -3.4e+38 
[rows 21 to 41 of 53, columns 47 to 93 of 131]
20.8056888580322 20.585765838623 20.5551643371582 20.601598739624 20.6581726074219 20.7350406646729 20.239709854126 20.3224067687988 20.168083190918 19.0653533935547 16.7989292144775 15.5301723480225 13.1269197463989 10.390061378479 8.66069889068604 7.11653804779053 5.97090578079224 5.12483501434326 5.19440698623657 5.0669412612915 4.53723573684692 4.38722562789917 4.30316019058228 4.30937433242798 4.31319713592529 4.30030107498169 4.29001379013062 4.29318761825562 4.29546070098877 4.29313278198242 4.29490327835083 4.29551696777344 4.292311668396 4.28998899459839 4.29014015197754 4.29149436950684 4.29464817047119 4.3810977935791 5.01138877868652 5.75461101531982 6.10006713867188 6.35349559783936 7.02552604675293 7.97966718673706 9.19765090942383 10.2172956466675 11.3214559555054
18.6262588500977 18.1828575134277 18.0797214508057 17.9126758575439 18.3183879852295 17.403299331665 14.7829036712646 15.8285131454468 14.0357933044434 11.4356145858765 10.3141260147095 9.50431537628174 9.02411270141602 7.89005947113037 6.82618379592896 6.54211187362671 5.91895818710327 5.01993131637573 4.61889314651489 4.67723751068115 4.49124050140381 4.33195209503174 4.30540609359741 4.30690336227417 4.29124784469604 4.28785705566406 4.29196691513062 4.29532861709595 4.29322338104248 4.29198694229126 4.29395389556885 4.29283428192139 4.29101181030273 4.29075717926025 4.29085826873779 4.28852891921997 4.28562259674072 4.28521299362183 4.28939151763916 4.29385232925415 4.45399951934814 4.64730405807495 5.10312700271606 6.0215220451355 6.97774028778076 7.74741888046265 8.76062679290771
13.1737689971924 12.9574012756348 13.7962350845337 12.5976161956787 11.6058044433594 10.3690509796143 10.3997583389282 8.96704483032227 7.5739483833313 7.26548719406128 7.10943984985352 7.34663105010986 6.87303018569946 6.36719036102295 5.88938999176025 5.69048881530762 5.31772089004517 4.71365261077881 4.46942090988159 4.43798923492432 4.41870975494385 4.33319044113159 4.30254602432251 4.29967498779297 4.29230833053589 4.29182481765747 4.29526853561401 4.29478979110718 4.28780317306519 4.29135799407959 4.29163646697998 4.28473091125488 4.2840895652771 4.28464794158936 4.28578186035156 4.28641319274902 4.28543138504028 4.2913179397583 4.33060216903687 4.33319902420044 4.33222532272339 4.33222818374634 4.30713224411011 4.46575593948364 5.1129322052002 6.40584373474121 7.12616777420044
8.30802249908447 8.43738460540771 7.88182306289673 8.41200733184814 8.01576995849609 7.25946283340454 6.58018207550049 6.09211158752441 5.75085592269897 6.03524875640869 5.86144542694092 6.06174945831299 5.59985494613647 5.38999795913696 5.35389614105225 5.142258644104 4.69824123382568 4.56183052062988 4.42842531204224 4.3555850982666 4.32376194000244 4.30354690551758 4.29561996459961 4.29856300354004 4.29127025604248 4.29610013961792 4.29856729507446 4.29003620147705 4.28503847122192 4.28961229324341 4.28455352783203 4.27896881103516 4.27862215042114 4.27766132354736 4.30844736099243 4.31973266601562 4.3287034034729 4.327956199646 4.33292388916016 4.33454656600952 4.33892917633057 4.34208917617798 4.34304904937744 4.3280873298645 4.32313966751099 4.77126121520996 5.94868135452271
6.05734348297119 5.8304328918457 5.70308589935303 5.5405707359314 5.36372232437134 5.70690822601318 5.20833492279053 5.30007076263428 5.0985107421875 5.17905187606812 5.1184401512146 5.12853765487671 5.08011245727539 5.02469444274902 4.98392343521118 4.67518329620361 4.39961719512939 4.35421943664551 4.33424234390259 4.30486297607422 4.30208206176758 4.29956531524658 4.29747152328491 4.3000602722168 4.28794622421265 4.29447603225708 4.29196071624756 4.29570007324219 4.28513622283936 4.28493928909302 4.27923679351807 4.27734518051147 4.27582693099976 4.28492832183838 4.3249626159668 4.32976484298706 4.33243274688721 4.3345685005188 4.33521366119385 4.33460235595703 4.33649063110352 4.34025049209595 4.34237051010132 4.34431982040405 4.34346389770508 4.29825782775879 4.76589632034302
5.13471603393555 5.19074487686157 5.16106748580933 4.75179624557495 4.7859902381897 5.03992462158203 5.06342744827271 4.89958763122559 4.99631309509277 4.90448760986328 4.96593713760376 4.89381122589111 4.90229892730713 4.66946935653687 4.45471954345703 4.34524345397949 4.31875896453857 4.31508445739746 4.30840635299683 4.303635597229 4.30302619934082 4.30122470855713 4.26823091506958 4.26241016387939 4.26759910583496 4.28316640853882 4.28588962554932 4.29481267929077 4.28758144378662 4.2845401763916 4.2804274559021 4.27747011184692 4.27587461471558 4.30544900894165 4.32330417633057 4.32655620574951 4.32927465438843 4.33112382888794 4.33322858810425 4.33548307418823 4.33635902404785 4.33765935897827 4.34091901779175 4.34307479858398 4.34584903717041 4.34417915344238 4.33532094955444
4.68178224563599 4.72916316986084 4.61449384689331 4.5009617805481 4.54942846298218 4.62943887710571 4.67310380935669 4.81906080245972 4.80078125 4.60867881774902 4.59219026565552 4.54956340789795 4.4993748664856 4.42391633987427 4.31836318969727 4.29638481140137 4.26912450790405 4.26363563537598 4.27867937088013 4.28768491744995 4.30406284332275 4.26362133026123 4.25853252410889 4.26619720458984 4.27217626571655 4.27995586395264 4.28492307662964 4.29484939575195 4.28417634963989 4.2814736366272 4.28041458129883 4.27772998809814 4.27596855163574 4.27549123764038 4.29065799713135 4.32252025604248 4.32497787475586 4.32736778259277 4.33058309555054 4.33361530303955 4.3366231918335 4.33848094940186 4.33964920043945 4.3415846824646 4.34503507614136 4.34799957275391 4.31614828109741
4.55252981185913 4.48188066482544 4.40687704086304 4.41987800598145 4.46769142150879 4.40547323226929 4.39406061172485 4.54498910903931 4.52651882171631 4.518394947052 4.45072793960571 4.37069368362427 4.31158208847046 4.29254198074341 4.26584148406982 4.26075458526611 4.26064157485962 4.2617564201355 4.25971603393555 4.25554513931274 4.25212383270264 4.25266790390015 4.26402568817139 4.27596092224121 4.28202152252197 4.29851961135864 4.30571126937866 4.2919545173645 4.28166389465332 4.28016233444214 4.27782392501831 4.27605867385864 4.27579021453857 4.27587413787842 4.2879900932312 4.29371356964111 4.32017803192139 4.32408952713013 4.32750749588013 4.33143329620361 4.33600425720215 4.33859634399414 4.33962106704712 4.34128713607788 4.34433937072754 4.3475227355957 4.34276676177979
4.39394426345825 4.36025476455688 4.33227491378784 4.32243156433105 4.33248472213745 4.3177547454834 4.31484889984131 4.31893825531006 4.32141447067261 4.34260129928589 4.30279588699341 4.27906465530396 4.27012777328491 4.26427507400513 4.26200103759766 4.26395320892334 4.2700572013855 4.27293491363525 4.26799440383911 4.26478910446167 4.26040077209473 4.2587308883667 4.26618337631226 4.27842044830322 4.29897308349609 4.29848337173462 4.29088640213013 4.28384208679199 4.27937412261963 4.27782106399536 4.27639293670654 4.27556276321411 4.27682590484619 4.27727937698364 4.27710485458374 4.277174949646 4.31318759918213 4.32219457626343 4.32591342926025 4.33091354370117 4.33505916595459 4.33723831176758 4.33886957168579 4.34125423431396 4.34485578536987 4.34810018539429 4.34972381591797
4.3385968208313 4.32504653930664 4.40087270736694 4.37985849380493 4.30403566360474 4.33444738388062 4.30909013748169 4.31434774398804 4.31822776794434 4.29635095596313 4.2752685546875 4.27149677276611 4.26993227005005 4.26943635940552 4.26921939849854 4.27133178710938 4.26709175109863 4.2671422958374 4.27066802978516 4.27325010299683 4.26893663406372 4.26392412185669 4.26724243164062 4.27613306045532 4.29620981216431 4.29138946533203 4.28497982025146 4.28197956085205 4.27942323684692 4.27744674682617 4.27640247344971 4.27710437774658 4.27822780609131 4.27753019332886 4.27661943435669 4.27725696563721 4.30847930908203 4.32448816299438 4.32886743545532 4.33167171478271 4.33389282226562 4.33554029464722 4.33814239501953 4.34192562103271 4.34598922729492 4.34868240356445 4.350426197052
4.34886789321899 4.30713987350464 4.35784769058228 4.35416460037231 4.298987865448 4.30136489868164 4.30949687957764 4.32391881942749 4.32562303543091 4.28049468994141 4.27346038818359 4.27055072784424 4.26929759979248 4.26816320419312 4.26844835281372 4.26897239685059 4.27162504196167 4.27374076843262 4.27354669570923 4.27518892288208 4.2757511138916 4.26950931549072 4.26812171936035 4.27387475967407 4.2882022857666 4.28980112075806 4.28410625457764 4.28107690811157 4.28011655807495 4.27861833572388 4.27821016311646 4.27820825576782 4.27685213088989 4.27568578720093 4.27536916732788 4.27592945098877 4.31477165222168 4.32726049423218 4.3305492401123 4.33175420761108 4.33282423019409 4.33461427688599 4.33778142929077 4.34165573120117 4.34572505950928 4.34822463989258 4.34996604919434
4.30465984344482 4.29775238037109 4.29984045028687 4.35907888412476 4.30925989151001 4.31416940689087 4.29700946807861 4.29143476486206 4.29464626312256 4.27880954742432 4.27265596389771 4.27266025543213 4.27500677108765 4.27625036239624 4.27682495117188 4.2777419090271 4.27779769897461 4.2781343460083 4.27706623077393 4.27868270874023 4.27869510650635 4.27371692657471 4.26930284500122 4.26987171173096 4.28006553649902 4.28437423706055 4.2848687171936 4.28413009643555 4.28228044509888 4.28124189376831 4.27990818023682 4.27663564682007 4.27508544921875 4.27461767196655 4.27451705932617 4.27446699142456 4.31485033035278 4.32718420028687 4.33008861541748 4.33098649978638 4.33173179626465 4.33257484436035 4.33517408370972 4.33788156509399 4.34231615066528 4.34485483169556 4.34698247909546
4.34068727493286 4.33270359039307 4.33765363693237 4.33114862442017 4.31805562973022 4.30698871612549 4.29193639755249 4.29063415527344 4.28989171981812 4.28427171707153 4.28136730194092 4.28180503845215 4.283278465271 4.28518962860107 4.2849326133728 4.28480195999146 4.28258752822876 4.2808723449707 4.27997446060181 4.28074216842651 4.28192853927612 4.2783260345459 4.27521228790283 4.27414894104004 4.27637195587158 4.28303718566895 4.28502225875854 4.2852954864502 4.28295040130615 4.27975225448608 4.27746915817261 4.27729368209839 4.27839422225952 4.27746248245239 4.27620077133179 4.29238080978394 4.32157278060913 4.32674026489258 4.33102750778198 4.33294534683228 4.3333535194397 4.33329772949219 4.33470678329468 4.33733940124512 4.34116315841675 4.34395790100098 4.3467869758606
4.29782390594482 4.30480909347534 4.3071174621582 4.30853652954102 4.31226825714111 4.30750894546509 4.30330228805542 4.29805660247803 4.29613447189331 4.29744815826416 4.32150363922119 4.33191347122192 4.31817102432251 4.32662439346313 4.32401990890503 4.30557727813721 4.29294061660767 4.2828516960144 4.28226232528687 4.28248357772827 4.28242444992065 4.28282785415649 4.27984523773193 4.27830934524536 4.28120231628418 4.28361225128174 4.28225898742676 4.28046941757202 4.27830123901367 4.27797651290894 4.27909517288208 4.28131723403931 4.29030179977417 4.30242681503296 4.31484031677246 4.32007455825806 4.32263422012329 4.32684421539307 4.33065986633301 4.33183145523071 4.3320198059082 4.33269643783569 4.33375883102417 4.33642816543579 4.34077453613281 4.34387302398682 4.34724712371826
4.26691579818726 4.28895044326782 4.30551242828369 4.30168676376343 4.3062858581543 4.30936527252197 4.32530927658081 4.33378505706787 4.33417463302612 4.33556938171387 4.34232711791992 4.34076070785522 4.33927774429321 4.33936357498169 4.3372974395752 4.33494329452515 4.3309760093689 4.32658290863037 4.30908060073853 4.28517198562622 4.28285026550293 4.28196334838867 4.27935361862183 4.27630710601807 4.2764892578125 4.27624416351318 4.27572345733643 4.27663612365723 4.27793598175049 4.2792181968689 4.29266119003296 4.32073736190796 4.3242506980896 4.32536220550537 4.32608556747437 4.32573986053467 4.32443046569824 4.32393074035645 4.32565355300903 4.32704257965088 4.32843351364136 4.33071184158325 4.33348941802979 4.33736181259155 4.34156036376953 4.34421157836914 4.34752082824707
4.27736139297485 4.2899227142334 4.3045129776001 4.30450487136841 4.30531406402588 4.33218479156494 4.34709119796753 4.34692573547363 4.34808206558228 4.35018920898438 4.3502197265625 4.34751176834106 4.3419361114502 4.34171676635742 4.34183692932129 4.34079217910767 4.33851861953735 4.33552646636963 4.33204793930054 4.32207632064819 4.29692029953003 4.28213739395142 4.28113269805908 4.2793083190918 4.2771897315979 4.27613401412964 4.27620887756348 4.27672529220581 4.2791166305542 4.29733419418335 4.32230091094971 4.32616758346558 4.32711696624756 4.32799339294434 4.32890462875366 4.32926464080811 4.32933807373047 4.32862758636475 4.32905626296997 4.32843351364136 4.32763767242432 4.33144855499268 4.33481597900391 4.33819532394409 4.34292650222778 4.34494304656982 4.34709215164185
4.28855180740356 4.29781723022461 4.3098201751709 4.33967542648315 4.34908676147461 4.35469770431519 4.35535860061646 4.35673475265503 4.35532903671265 4.35326957702637 4.35059452056885 4.34696865081787 4.3434042930603 4.34166526794434 4.34210634231567 4.34456396102905 4.34386825561523 4.34190559387207 4.33861970901489 4.33425331115723 4.32899856567383 4.31596612930298 4.29616975784302 4.30808687210083 4.30676460266113 4.29721832275391 4.30481624603271 4.30517244338989 4.31608200073242 4.32382297515869 4.32721996307373 4.32990598678589 4.33177518844604 4.33437395095825 4.33581304550171 4.33607530593872 4.33531188964844 4.33498668670654 4.33459234237671 4.33335971832275 4.33119773864746 4.33392333984375 4.33517551422119 4.33770751953125 4.3428635597229 4.34563684463501 4.34772300720215
4.29382658004761 4.30173063278198 4.34203052520752 4.35074901580811 4.34838771820068 4.33680629730225 4.33906650543213 4.34527158737183 4.34823226928711 4.34729814529419 4.34838676452637 4.34876155853271 4.34705924987793 4.34572553634644 4.34517002105713 4.34831857681274 4.34744596481323 4.34657907485962 4.34342288970947 4.33977174758911 4.33548307418823 4.33132171630859 4.32834148406982 4.32752370834351 4.32623863220215 4.32515478134155 4.32528018951416 4.32510805130005 4.32578659057617 4.32944297790527 4.33484506607056 4.33959817886353 4.34206676483154 4.34389591217041 4.34334945678711 4.34126472473145 4.33903694152832 4.34001207351685 4.33994007110596 4.33782720565796 4.33617353439331 4.33717727661133 4.33691167831421 4.33648300170898 4.34116840362549 4.34455060958862 4.34648656845093
4.32846450805664 4.34069156646729 4.34585857391357 4.34387159347534 4.33498811721802 4.33871507644653 4.33865594863892 4.33775758743286 4.34453916549683 4.34611511230469 4.34774732589722 4.3477258682251 4.34753179550171 4.34792709350586 4.34902238845825 4.34945631027222 4.34822368621826 4.34871768951416 4.34636449813843 4.34328269958496 4.3404393196106 4.33664083480835 4.33371543884277 4.33230400085449 4.33217000961304 4.33223819732666 4.33203411102295 4.33246898651123 4.33456563949585 4.33955764770508 4.34459018707275 4.34672546386719 4.34789323806763 4.34600925445557 4.3450984954834 4.34454393386841 4.34241580963135 4.33984899520874 4.3446249961853 4.34278345108032 4.33960676193237 4.33845233917236 4.33865594863892 4.33799123764038 4.34077596664429 4.3442850112915 4.34644556045532
4.33375644683838 4.34085464477539 4.34535694122314 4.3389949798584 4.33843851089478 4.34376287460327 4.33758783340454 4.3385272026062 4.34482192993164 4.34479713439941 4.34738159179688 4.34791088104248 4.34741115570068 4.34840726852417 4.34816551208496 4.35060977935791 4.3507981300354 4.34974098205566 4.34751844406128 4.34587907791138 4.34417676925659 4.34077978134155 4.33924007415771 4.33851861953735 4.33920907974243 4.33943605422974 4.3396430015564 4.34024381637573 4.34275913238525 4.34704685211182 4.34697389602661 4.34486865997314 4.34174060821533 4.3362922668457 4.33339929580688 4.33586359024048 4.33979034423828 4.34062147140503 4.34564638137817 4.34444141387939 4.34232759475708 4.34089422225952 4.34069633483887 4.34078931808472 4.34118032455444 4.34471416473389 4.34730815887451
4.3350191116333 4.34500598907471 4.34162330627441 4.33549499511719 4.34065914154053 4.34290790557861 4.33791160583496 4.34275197982788 4.34620094299316 4.34500360488892 4.3466534614563 4.35045146942139 4.35079145431519 4.35115575790405 4.35461044311523 4.35488557815552 4.35391426086426 4.35183620452881 4.35035276412964 4.34995412826538 4.34791898727417 4.34568357467651 4.34518575668335 4.34507274627686 4.34507989883423 4.34487342834473 4.34608316421509 4.34688138961792 4.34809875488281 4.34690999984741 4.34510183334351 4.34320020675659 4.3357892036438 4.32579660415649 4.3225998878479 4.32469129562378 4.33223867416382 4.33983135223389 4.34301519393921 4.3435492515564 4.34332370758057 4.34263134002686 4.34134769439697 4.34202814102173 4.34225225448608 4.34457540512085 4.34733295440674
