Ecospace-environmental-drivers/Outputs/ASCII-for-ecospace/Temp-bot/Temp-bot_X1981_mo05_avg28y.asc
NCOLS 131 
NROWS 53 
XLLCORNER -98 
YLLCORNER 23.9265270233154 
CELLSIZE 0.133587792515755 
NODATA_value -9999 
[rows 21 to 41 of 53, columns 47 to 93 of 131]
19.4150150844029 19.2170844078064 19.1607343128749 19.1899112973894 19.2556382587978 19.3537344932556 18.8198947225298 18.8294459751674 18.6791214942932 17.6254446165902 15.5661013466971 14.5640652520316 12.5678600583758 9.85320322854178 7.88450341565268 6.13495797770364 5.2378922700882 5.01235616207123 5.07092940807343 4.91687227998461 4.50383571216038 4.36391230991909 4.29862024102892 4.28568312100002 4.27357595307486 4.26327558926174 4.26036122867039 4.25716851438795 4.25937352861677 4.26038331644876 4.25640140260969 4.25676683017186 4.26127707958221 4.26230907440186 4.26785002435957 4.29216836180006 4.31605427605765 4.42756412710462 4.89441777978625 5.36289235523769 5.69467847687857 6.05493789059775 6.54426157474518 7.26535359450749 8.28950752530779 9.30500967161996 10.4547178404672
17.3882170064109 16.8260681288583 16.7581248283386 16.7634001799992 17.2025962897709 16.4819984436035 14.0355875151498 14.8677006789616 13.494590146201 11.2235489572797 10.0968893255506 9.49143617493766 8.88327751840864 7.58214947155544 6.46876297678266 5.91089180537633 5.13494682312012 4.8687698500497 4.62300777435303 4.62738626343863 4.44673303195408 4.33640461308616 4.28765789100102 4.26436105796269 4.25540276936122 4.25734608513968 4.25850238118853 4.25537921701159 4.25831202098301 4.25491774082184 4.25292534487588 4.25256647382464 4.25394145080021 4.25169290815081 4.24798486913954 4.24639097281865 4.24962782859802 4.26763807024275 4.3093011208943 4.34167911325182 4.52683712754931 4.75330325535366 5.07924228055137 5.63825944491795 6.38184811387743 6.98616664750235 8.21548642430987
12.7083653381893 12.2977067402431 12.9806958607265 12.0824124472482 11.5970667770931 10.5999450683594 10.3802320616586 9.02163907459804 7.92864084243774 7.23562812805176 7.07771449429648 7.29439359051841 6.6333920785359 6.08373134476798 5.4565783057894 5.24597670350756 4.9686268057142 4.62827018329075 4.4627696786608 4.44316477434976 4.42039253030504 4.34263254914965 4.29067833083017 4.261130128588 4.25516329492841 4.25406645025526 4.2528292621885 4.25515246391296 4.26034588473184 4.25602975913456 4.25490634781974 4.25289673464639 4.25138665948595 4.24833749021803 4.24485465458461 4.2429689509528 4.24218710831233 4.24799168109894 4.27019580772945 4.27618268557957 4.29465980189187 4.32208987644741 4.33716009344373 4.51859108039311 5.03318219525473 5.80295194898333 6.57162664617811
8.33451100758144 8.21863695553371 7.85060216699328 8.18937913009099 7.87479492596218 7.09065456049783 6.76714774540492 6.22906415803092 5.78657868930272 5.83052451269967 5.68862821374621 5.91660494463784 5.45791867801121 5.24224826267787 5.09140086174011 4.97748664447239 4.65860731261117 4.51589279515403 4.42251810005733 4.3601051228387 4.33552270276206 4.30620738438198 4.28735257898058 4.2692848443985 4.25235637596675 4.25354179314205 4.25687078067235 4.2556585414069 4.25388308933803 4.25347902093615 4.25164186954498 4.24906994615282 4.24837255477905 4.24741378852299 4.25987531457629 4.25853952339717 4.26119690282004 4.25806745461055 4.25708501679557 4.25639014584678 4.25764691829681 4.25967512811933 4.2637608562197 4.28225982189178 4.35495136465345 4.75745757988521 5.59847603525434
6.09064200946263 5.93762685571398 5.72481463636671 5.78661165918623 5.54561303343092 5.61470086233957 5.26913506644113 5.27630862167903 5.06002010617937 5.09805740628924 5.0748279605593 5.09995787484305 5.04962204183851 4.99543082714081 4.94197157451085 4.65577643258231 4.40507129260472 4.3641996383667 4.33657561029707 4.2944415467126 4.28785450117929 4.28175290993282 4.27755429063525 4.27797276633126 4.25465389660427 4.24901757921491 4.25195717811584 4.25502027784075 4.2507495198931 4.25021859577724 4.24941984244755 4.2472676719938 4.24659104006631 4.25624859333038 4.26647526877267 4.26097502027239 4.25828424521855 4.25907695293427 4.25846328054156 4.25680344445365 4.25666803973062 4.25628682545253 4.25666962351118 4.25787397793361 4.26482319831848 4.30173751286098 4.76338749272483
5.06101974419185 5.10057812077658 5.07533024038587 4.67623174190521 4.66250704016004 4.9085351228714 4.90555666174207 4.80828901699611 4.89567119734628 4.83742925098964 4.92346239089966 4.88325323377337 4.91586124897003 4.68576124736241 4.51654594285147 4.37073842116765 4.30512511730194 4.29015639850071 4.29047584533691 4.27952194213867 4.27779298169272 4.27112516335079 4.25398937293461 4.24976711613791 4.24867974008833 4.24880860533033 4.24825440134321 4.25170711108616 4.24791559151241 4.2464998790196 4.24819203785488 4.24786257743835 4.24732187816075 4.2829647404807 4.27773404121399 4.26428164754595 4.25959483214787 4.25885464463915 4.25891363620758 4.25864401885441 4.25627306529454 4.25489524432591 4.25593338693891 4.25728137152536 4.25799289771489 4.25976073741913 4.32631308691842
4.61738002300262 4.63185359750475 4.50848872320993 4.39765756470816 4.41999615941729 4.50995693887983 4.54320045879909 4.67111189024789 4.67995313235692 4.51288213048662 4.51906130995069 4.52404429231371 4.49850080694471 4.43101843765804 4.32314535549709 4.29378865446363 4.2587981394359 4.24974065167563 4.26243351187025 4.26735830307007 4.27553626469203 4.25161858967372 4.24499201774597 4.24458195481982 4.24459566388811 4.24735857759203 4.24918465954917 4.25231214932033 4.24701092924391 4.24567270278931 4.24529595034463 4.24460509845189 4.24510659490313 4.24504411220551 4.26143085956573 4.2772536277771 4.26265067713601 4.25858460153852 4.25720138209207 4.2575478042875 4.25604059015002 4.25566722665514 4.25543691430773 4.2567127602441 4.25872804437365 4.25819834641048 4.26364602361407
4.43633023330143 4.37313985824585 4.32689896651677 4.32692539691925 4.35812849657876 4.34146734646388 4.36126126561846 4.43277777944292 4.42500298363822 4.43247430665152 4.41239878109523 4.36155436720167 4.31509763853891 4.29407022680555 4.25788649490901 4.25367408139365 4.24269826071603 4.2379481451852 4.24180568967547 4.24261181695121 4.2435906955174 4.24258880955832 4.24242472648621 4.24300621237074 4.24389937945775 4.24926560265677 4.25575620787484 4.24750740187509 4.24456356252943 4.24434353624071 4.24401032924652 4.24348301546914 4.24377226829529 4.24506509304047 4.26097570146833 4.26212915352413 4.27266238416944 4.261130128588 4.25881944383894 4.25674714360918 4.25542632171086 4.25586092472076 4.25571778842381 4.25658123833793 4.25813702174595 4.25837872709547 4.25619336536952
4.31081736087799 4.2966172013964 4.28090109143938 4.27369160311563 4.27280819416046 4.27415193830218 4.28568005561829 4.30709930828639 4.31006075654711 4.3150943347386 4.28478072370802 4.27347360338484 4.25674443585532 4.2531499011176 4.24523047038487 4.24465218612126 4.24028716768537 4.23739165919168 4.23786899021694 4.23691783632551 4.23821367536272 4.23900381156376 4.23949946675982 4.24258140155247 4.24858728476933 4.24599652630942 4.24362969398499 4.24314316681453 4.24323495796749 4.24387770039695 4.24383568763733 4.24390884808132 4.24424973555974 4.24534523487091 4.24555885791779 4.24510930265699 4.27642045702253 4.26247772148677 4.25903912952968 4.2576732805797 4.25629603862762 4.25546377045768 4.25548391682761 4.25695516381945 4.2578604051045 4.25865418570382 4.25904214382172
4.28246085984366 4.27795621326992 4.30861842632294 4.29157439299992 4.26967338153294 4.28721405778612 4.27861429963793 4.28262390409197 4.2858304296221 4.26719697884151 4.25162385191236 4.24986553192139 4.2466596535274 4.24156561919621 4.24311789444515 4.24335787977491 4.24609133175441 4.24202588626317 4.24205553531647 4.24093735218048 4.23461771011353 4.23540549618857 4.2373777117048 4.24098208972386 4.24723984513964 4.24231103488377 4.24161609581539 4.24321143967765 4.24361537184034 4.2436512197767 4.24368056229183 4.24412333965302 4.24387679781233 4.24446589606149 4.24496650695801 4.24488278797695 4.26684306349073 4.26295665332249 4.26035564286368 4.25807241031102 4.25735654149737 4.25682534490313 4.25653968538557 4.25726776463645 4.25790269034249 4.25850779669625 4.2596446956907
4.30320477485657 4.27109823908125 4.28455768312727 4.27904098374503 4.26969814300537 4.27313806329455 4.27738876002176 4.27917337417603 4.27951436383384 4.24769912447248 4.24720128944942 4.24568019594465 4.24184943948473 4.23972499370575 4.24296089581081 4.2446357352393 4.2435393674033 4.2399948494775 4.23815379823957 4.24021734510149 4.24129450321198 4.2355454819543 4.23669375692095 4.23904008524759 4.24233504704067 4.24402507713863 4.24442156723567 4.24452773162297 4.24422975948879 4.24379733630589 4.24319767951965 4.24299262251173 4.24235217911856 4.24247598648071 4.24265822342464 4.24402913025447 4.26540589332581 4.26485800743103 4.2620210817882 4.25910925865173 4.25803220272064 4.25852794306619 4.25819080216544 4.25832750116076 4.25858952317919 4.25904149668557 4.25954953261784
4.27148788315909 4.26590939930507 4.26654633453914 4.2709060055869 4.26858566488538 4.26794164521354 4.25575986930302 4.24854600429535 4.24758754457746 4.24700103487287 4.24425731386457 4.24085583005633 4.23966419696808 4.23961763722556 4.24008686201913 4.24119075707027 4.24078702926636 4.2390170778547 4.23673847743443 4.23683680806841 4.23996026175363 4.24259488923209 4.23723859446389 4.23851120471954 4.2393354347774 4.24223939010075 4.24259516171047 4.24188019548144 4.24246188572475 4.24219250679016 4.24184812818255 4.2411550113133 4.24114317553384 4.2421909570694 4.24256108488355 4.24377521446773 4.26502794878823 4.26532305989947 4.26363413674491 4.26176852839334 4.25950821808406 4.25861777578081 4.25816854408809 4.25692326681955 4.25765756198338 4.25789223398481 4.25806663717542
4.26299868311201 4.25716119153159 4.25397288799286 4.24750859396798 4.25506096226828 4.25132686751229 4.23906169618879 4.24158041817801 4.24673005512783 4.24264320305416 4.24199766772134 4.24113694259099 4.23924045903342 4.24075932162149 4.24101657526834 4.24201815468924 4.24151386533465 4.23973994595664 4.23827050413404 4.23895333494459 4.23909454686301 4.24038791656494 4.24407747813633 4.2461553130831 4.24241536004203 4.2392863886697 4.2394391809191 4.24021509715489 4.24009581974575 4.24009079592569 4.24117912564959 4.24131635257176 4.24224938665118 4.24333012104034 4.24373270784106 4.2625812632697 4.26812471662249 4.26554317133767 4.26475524902344 4.2616537298475 4.26028871536255 4.25920873028891 4.25840638365064 4.258063520704 4.25759243965149 4.25792990412031 4.2582585811615
4.24563671861376 4.24357957499368 4.24079273428236 4.24008740697588 4.2429575920105 4.24208542278835 4.24724132674081 4.24550643989018 4.24078806809017 4.24567556381226 4.27458097253527 4.27801806586129 4.26670816966466 4.27901974746159 4.27808022499084 4.26036580971309 4.24995442799159 4.2425126177924 4.24143065725054 4.24129336220877 4.23978040899549 4.23850216184344 4.24202539239611 4.2429233959743 4.23996921948024 4.23997139930725 4.23946218831199 4.23979479925973 4.24049396174295 4.24132112094334 4.24254483836038 4.24488292421613 4.2523228100368 4.26053101675851 4.26984848294939 4.2681383064815 4.265543954713 4.26606682368687 4.26500974382673 4.2620530298778 4.2605117218835 4.25988520894732 4.25894471577236 4.25913665975843 4.25919827393123 4.25896447045462 4.25960070746286
4.23500491891588 4.23798428262983 4.2359790120806 4.2379378931863 4.23854063238416 4.24061535085951 4.26949856962476 4.27261984348297 4.2723992892674 4.27111319133214 4.26833317961012 4.26776230335236 4.26801485674722 4.27005362510681 4.27065300941467 4.27096160820552 4.27070738588061 4.27448623520987 4.26626469407763 4.24261118684496 4.24203268119267 4.24141502380371 4.24278288228171 4.24259403773716 4.24193622384753 4.24142135892596 4.24072202614376 4.24091279506683 4.24181517532894 4.24295708111354 4.25838099207197 4.27182510920933 4.26527558054243 4.26379341738565 4.26446895939963 4.26424404553005 4.26505615030016 4.26496999604361 4.26484845365797 4.26391204765865 4.26198557444981 4.26070991584233 4.25978912625994 4.25995409488678 4.26045329230172 4.26032623222896 4.26032309872763
4.23594333444323 4.23547487599509 4.23483330862863 4.23667587552752 4.24095724310194 4.2691935300827 4.27441399438041 4.27096564429147 4.26974351065499 4.26906796864101 4.26812994480133 4.26718781675611 4.26723286083766 4.26824797902788 4.26836657524109 4.26713080065591 4.2671115398407 4.26653686591557 4.26569042887006 4.26511081627437 4.25615567820413 4.24266988890512 4.243361387934 4.24352015767779 4.24241392953055 4.24147868156433 4.24136238438742 4.24236953258514 4.24582326412201 4.26002771513803 4.26744847638266 4.26304478304727 4.26409886564527 4.26506779875074 4.26481178828648 4.26467594078609 4.26639994553157 4.2675370488848 4.26721440042768 4.26657245840345 4.26485667909895 4.26289706570762 4.26110550335475 4.26178397451128 4.26241116864341 4.26166597434453 4.26070754868644
4.23513347761972 4.23499747685024 4.24188256263733 4.27677192006792 4.28112276962825 4.27748710768563 4.27396404743195 4.27272270406996 4.27152977670942 4.27135843890054 4.27021511963436 4.2679545538766 4.26723042556218 4.26780663217817 4.26705292293004 4.26627743244171 4.26642710821969 4.26637574604579 4.26596299239567 4.26561166558947 4.26595280851637 4.26164019107819 4.25178706645966 4.26109656265804 4.25916389056614 4.25649360248021 4.26203773702894 4.25780597754887 4.26302603312901 4.26332296643938 4.26343764577593 4.26405646119799 4.26511899062565 4.26601760728019 4.26618598188673 4.26652031285422 4.26723032338279 4.26819138867514 4.26838685785021 4.26780005863735 4.26583019324711 4.26436078548431 4.26323323590415 4.26362308434078 4.26413265296391 4.26347747870854 4.26169833115169
4.23413681983948 4.24166808809553 4.27786520549229 4.27985738004957 4.27675235271454 4.27705034187862 4.27714088984898 4.27617199080331 4.27448848315648 4.27288772378649 4.27146899700165 4.26847585609981 4.26636614118304 4.26567001002176 4.26582947799138 4.26585364341736 4.26636605603354 4.26679703167507 4.26620818887438 4.26568610327584 4.26588465486254 4.26598737921034 4.26569718973977 4.26516664028168 4.26468874726977 4.26525899342128 4.26482927799225 4.26366530145918 4.26270583697728 4.26378183705466 4.2651412316731 4.26591241359711 4.26676596914019 4.26740276813507 4.26686477661133 4.26673521314348 4.26743401799883 4.2675404889243 4.26725709438324 4.26702422755105 4.26660474709102 4.26632860728673 4.26524925231934 4.26487738745553 4.26413203988756 4.2631106206349 4.26262865747724
4.27122907979148 4.28023838996887 4.28261269841875 4.27874554906573 4.27704354694911 4.27914144311632 4.27860561438969 4.27722418308258 4.27527964115143 4.27435452597482 4.2731477703367 4.27034180504935 4.26759888444628 4.26570989404406 4.26486657346998 4.26411751338414 4.26439033235822 4.26546124049595 4.26650374276297 4.26675263472966 4.26683063166482 4.26643327304295 4.26651845659528 4.26520080225808 4.2645937034062 4.26497844287327 4.26483559608459 4.26441836357117 4.26426666123526 4.2643495287214 4.26553423064096 4.26650052411216 4.26737683159964 4.26721996920449 4.26708088602339 4.26697771889823 4.26734227793557 4.26746090820857 4.26754908902304 4.2675050837653 4.26693507603237 4.26581629684993 4.26584007058825 4.26485996586936 4.26368113926479 4.26283509390695 4.26228329113552
4.27882884229933 4.28107374055045 4.28066280909947 4.27812760216849 4.27863020556314 4.27907468591418 4.27729856967926 4.27690931728908 4.276663848332 4.27612430708749 4.27478551864624 4.27271119185856 4.27047797611782 4.26888186591012 4.26813195432935 4.26696952751705 4.26592785971505 4.26579327242715 4.2663642338344 4.26627429894039 4.26671988623483 4.2665410893304 4.26668393611908 4.26630531038557 4.2658394745418 4.26528559412275 4.26550480297634 4.26560870238713 4.26602842126574 4.2663848229817 4.26636152608054 4.26680275372096 4.26739076205662 4.26719488416399 4.26811337471008 4.26820892947061 4.26716618878501 4.26646956375667 4.26704866545541 4.26747373172215 4.26692419392722 4.26580333709717 4.26563722746713 4.26507662023817 4.26379714693342 4.2630934715271 4.26338345663888
4.27828238691602 4.27951094082424 4.27817744868142 4.27699514797756 4.27717694214412 4.27500174726759 4.27518916130066 4.27697937829154 4.27830452578408 4.27863339015416 4.27704071998596 4.27514549664089 4.27325672762735 4.27147035939353 4.27071070671082 4.27036334787096 4.27015103612627 4.26970587457929 4.26734520707812 4.26665130683354 4.26711782387325 4.26758657182966 4.26748992715563 4.26749588762011 4.26687099252428 4.26686808041164 4.26742133072444 4.26738556793758 4.26768010003226 4.26823236261095 4.26744753973825 4.26685404777527 4.26718488761357 4.26709646838052 4.26740789413452 4.26763124125344 4.26661224024636 4.26593630654471 4.26704285826002 4.26739765916552 4.26646987029484 4.26633845056806 4.26616093090602 4.26500218255179 4.26349222660065 4.26386037894658 4.26365971565247
