Ecospace-environmental-drivers/Outputs/ASCII-for-ecospace/Temp-bot/Temp-bot_X2001.07.asc
NCOLS 131 
NROWS 53 
XLLCORNER -98 
YLLCORNER 23.9265270233154 
CELLSIZE 0.133587792515755 
NODATA_value -3.4e+38 
[rows 0 to 20 of 53, columns 47 to 93 of 131]
-3.4e+38 -3.4e+38 -3.4e+38 -3.4e+38 -3.4e+38 -3.4e+38 -3.4e+38 -3.4e+38 -3.4e+38 -3.4e+38 -3.4e+38 -3.4e+38 -3.4e+38 -3.4e+38 -3.4e+38 -3.4e+38 -3.4e+38 -3.4e+38 -3.4e+38 -3.4e+38 -3.4e+38 -3.4e+38 -3.4e+38 -3.4e+38 -3.4e+38 -3.4e+38 -3.4e+38 -3.4e+38 -3.4e+38 -3.4e+38 -3.4e+38 -3.4e+38 -3.4e+38 -3.4e+38 -3.4e+38 -3.4e+38 -3.4e+38 -3.4e+38 -3.4e+38 -3.4e+38 -3.4e+38 -3.4e+38 -3.4e+38 -3.4e+38 -3.4e+38 -3.4e+38 -3.4e+38
-3.4e+38 -3.4e+38 -3.4e+38 -3.4e+38 -3.4e+38 -3.4e+38 -3.4e+38 -3.4e+38 -3.4e+38 -3.4e+38 -3.4e+38 -3.4e+38 -3.4e+38 -3.4e+38 -3.4e+38 -3.4e+38 -3.4e+38 -3.4e+38 -3.4e+38 -3.4e+38 -3.4e+38 -3.4e+38 -3.4e+38 -3.4e+38 -3.4e+38 -3.4e+38 -3.4e+38 -3.4e+38 -3.4e+38 -3.4e+38 -3.4e+38 -3.4e+38 -3.4e+38 -3.4e+38 -3.4e+38 -3.4e+38 -3.4e+38 -3.4e+38 -3.4e+38 -3.4e+38 -3.4e+38 -3.4e+38 -3.4e+38 -3.4e+38 -3.4e+38 -3.4e+38 -3.4e+38
-3.4e+38 -3.4e+38 -3.4e+38 -3.4e+38 -3.4e+38 -3.4e+38 -3.4e+38 -3.4e+38 -3.4e+38 -3.4e+38 -3.4e+38 -3.4e+38 -3.4e+38 -3.4e+38 -3.4e+38 -3.4e+38 -3.4e+38 -3.4e+38 -3.4e+38 -3.4e+38 -3.4e+38 -3.4e+38 -3.4e+38 -3.4e+38 -3.4e+38 -3.4e+38 -3.4e+38 31.8679466247559 31.893871307373 -3.4e+38 -3.4e+38 -3.4e+38 -3.4e+38 -3.4e+38 -3.4e+38 -3.4e+38 -3.4e+38 -3.4e+38 -3.4e+38 -3.4e+38 -3.4e+38 -3.4e+38 -3.4e+38 -3.4e+38 -3.4e+38 -3.4e+38 -3.4e+38
-3.4e+38 -3.4e+38 -3.4e+38 -3.4e+38 -3.4e+38 -3.4e+38 -3.4e+38 -3.4e+38 -3.4e+38 -3.4e+38 -3.4e+38 -3.4e+38 -3.4e+38 -3.4e+38 -3.4e+38 -3.4e+38 -3.4e+38 -3.4e+38 -3.4e+38 -3.4e+38 -3.4e+38 -3.4e+38 -3.4e+38 -3.4e+38 -3.4e+38 -3.4e+38 -3.4e+38 31.803861618042 31.7749977111816 -3.4e+38 -3.4e+38 -3.4e+38 -3.4e+38 -3.4e+38 -3.4e+38 -3.4e+38 -3.4e+38 -3.4e+38 -3.4e+38 -3.4e+38 -3.4e+38 -3.4e+38 -3.4e+38 -3.4e+38 -3.4e+38 -3.4e+38 -3.4e+38
-3.4e+38 -3.4e+38 -3.4e+38 -3.4e+38 -3.4e+38 -3.4e+38 -3.4e+38 -3.4e+38 -3.4e+38 32.7909317016602 32.7909317016602 32.7872047424316 32.7337265014648 -3.4e+38 -3.4e+38 -3.4e+38 -3.4e+38 -3.4e+38 32.1223678588867 32.0362815856934 31.9371280670166 31.9123249053955 31.8579921722412 32.0016250610352 31.9366226196289 31.9053554534912 31.7770843505859 31.7075729370117 31.8272457122803 32.2548446655273 -3.4e+38 -3.4e+38 29.2723369598389 29.027868270874 29.670783996582 28.757776260376 28.295825958252 28.9865589141846 29.2671947479248 28.1134185791016 28.7087593078613 28.244873046875 -3.4e+38 -3.4e+38 -3.4e+38 -3.4e+38 -3.4e+38
-3.4e+38 -3.4e+38 -3.4e+38 -3.4e+38 -3.4e+38 -3.4e+38 -3.4e+38 -3.4e+38 32.7909317016602 32.7909317016602 32.7909317016602 32.7909317016602 32.7834777832031 32.7245407104492 32.6359596252441 -3.4e+38 32.4781265258789 32.4373245239258 32.149715423584 31.8661422729492 31.4982738494873 31.3293228149414 31.5172367095947 31.4578227996826 31.3803367614746 31.1445903778076 31.0526599884033 31.4581451416016 31.7694530487061 32.1899223327637 30.0375003814697 29.6261196136475 29.3884105682373 28.8024826049805 28.2497978210449 27.6084575653076 27.3800163269043 27.2277355194092 27.1828517913818 27.1901435852051 27.2995300292969 28.1209411621094 28.8502597808838 29.3685817718506 -3.4e+38 -3.4e+38 -3.4e+38
-3.4e+38 -3.4e+38 -3.4e+38 -3.4e+38 -3.4e+38 -3.4e+38 -3.4e+38 -3.4e+38 32.7875862121582 32.7909317016602 32.7909317016602 32.7909317016602 32.7909317016602 32.7760238647461 32.6952438354492 32.6359596252441 32.5063285827637 32.332893371582 32.0631446838379 31.7555809020996 30.7082328796387 30.1505546569824 29.4264030456543 29.1517601013184 29.1705265045166 28.9758110046387 28.7521934509277 29.1036224365234 29.2212791442871 29.0966911315918 28.7446708679199 27.9031391143799 27.6402530670166 26.9951820373535 26.0210723876953 24.8364067077637 23.3995933532715 24.0543403625488 24.582181930542 24.7630672454834 24.8415279388428 25.4136047363281 26.4969596862793 27.7748069763184 28.6471862792969 28.8337593078613 -3.4e+38
-3.4e+38 -3.4e+38 -3.4e+38 -3.4e+38 -3.4e+38 -3.4e+38 -3.4e+38 -3.4e+38 -3.4e+38 -3.4e+38 32.7909317016602 32.7909317016602 32.7909317016602 -3.4e+38 32.761116027832 32.5929756164551 32.5180702209473 32.4243049621582 32.2353172302246 31.8824501037598 31.1795196533203 30.7900295257568 29.1663455963135 27.7415790557861 26.9059715270996 26.6641712188721 26.6658458709717 27.3238372802734 27.5877876281738 27.3052806854248 26.5753917694092 26.1506156921387 26.1427898406982 24.8636112213135 22.9327449798584 18.7569561004639 17.0959320068359 19.0605506896973 21.6160736083984 22.5471744537354 23.2951679229736 24.3066520690918 25.3198051452637 26.1727714538574 27.5233898162842 29.0238304138184 30.1406269073486
-3.4e+38 -3.4e+38 -3.4e+38 -3.4e+38 -3.4e+38 -3.4e+38 -3.4e+38 -3.4e+38 -3.4e+38 -3.4e+38 -3.4e+38 -3.4e+38 -3.4e+38 -3.4e+38 32.7487564086914 32.4555931091309 32.4985084533691 32.4840469360352 32.2370796203613 32.0245361328125 31.6536388397217 31.2538471221924 29.0859756469727 26.9990386962891 25.0766563415527 24.9173698425293 25.3642883300781 25.6940498352051 25.875846862793 25.8232440948486 25.4865570068359 25.1816921234131 24.686824798584 21.1664028167725 16.7125301361084 14.236536026001 14.5354824066162 16.3185348510742 18.3883743286133 20.0061054229736 21.2544784545898 23.3163204193115 24.3287620544434 24.8705425262451 25.8776397705078 27.3355388641357 29.4689617156982
33.0554428100586 -3.4e+38 -3.4e+38 -3.4e+38 -3.4e+38 -3.4e+38 -3.4e+38 -3.4e+38 -3.4e+38 -3.4e+38 32.6806488037109 32.7006530761719 -3.4e+38 -3.4e+38 -3.4e+38 32.43603515625 32.4851303100586 32.5294494628906 32.2955894470215 32.0722770690918 31.8788909912109 30.7355289459229 28.8373050689697 26.6607894897461 24.4781227111816 24.4704704284668 24.8440265655518 25.1236553192139 25.1899147033691 24.9324569702148 24.6265087127686 23.7285194396973 21.6501941680908 15.0798244476318 13.4689922332764 13.6039934158325 14.0789785385132 14.6567373275757 15.698016166687 17.6973876953125 19.9655513763428 23.0659046173096 24.06276512146 24.629222869873 25.4008979797363 26.6422424316406 28.5874061584473
32.7104454040527 32.8587455749512 -3.4e+38 -3.4e+38 -3.4e+38 -3.4e+38 -3.4e+38 -3.4e+38 -3.4e+38 -3.4e+38 32.6336631774902 32.6180038452148 32.6103744506836 -3.4e+38 -3.4e+38 32.1372756958008 32.3534202575684 32.6024856567383 32.4267883300781 32.175365447998 31.4816303253174 29.4840564727783 28.366678237915 26.1163749694824 23.9888858795166 24.1306610107422 24.5896625518799 24.6060695648193 24.3623886108398 23.9794235229492 23.1897983551025 21.6619071960449 19.0257816314697 12.3773603439331 11.2535409927368 11.6467933654785 12.7954607009888 13.5074796676636 14.5166387557983 15.4346437454224 17.9744415283203 20.560359954834 23.1893424987793 24.8364868164062 25.6984329223633 26.8647861480713 28.3085269927979
32.4874725341797 32.5437126159668 32.5662155151367 32.6026229858398 -3.4e+38 -3.4e+38 -3.4e+38 -3.4e+38 -3.4e+38 -3.4e+38 -3.4e+38 32.6295127868652 32.613525390625 32.6103744506836 32.1259651184082 32.0893592834473 32.6233024597168 32.756290435791 32.3607521057129 31.2847518920898 29.226921081543 28.0183734893799 26.3820457458496 23.8305377960205 23.171875 23.1543807983398 23.0362224578857 22.6222839355469 21.9677562713623 21.4550800323486 20.7932319641113 17.9856910705566 11.5642786026001 9.16260242462158 8.75703144073486 8.62122058868408 9.15174102783203 10.670298576355 12.7288389205933 13.9691896438599 15.0747880935669 17.9070167541504 20.9381084442139 24.0877056121826 25.7295913696289 27.5281887054443 28.3663368225098
31.6712417602539 32.1945037841797 32.4534645080566 32.7881889343262 -3.4e+38 -3.4e+38 -3.4e+38 -3.4e+38 32.7214202880859 32.6956062316895 32.5415916442871 32.3593559265137 32.7174339294434 32.512767791748 31.2434406280518 30.6433010101318 31.5541019439697 32.0530471801758 31.8052139282227 29.6730613708496 27.3262577056885 24.8497619628906 22.9677333831787 22.1379375457764 21.6520824432373 21.0044612884521 19.8554210662842 17.5675868988037 16.6749935150146 15.8443307876587 12.3342161178589 8.98914051055908 7.07499885559082 7.09238910675049 6.94936561584473 6.82318925857544 8.57824420928955 9.24347686767578 10.0746412277222 11.6968841552734 13.156120300293 14.3059005737305 16.9327239990234 20.3842163085938 22.2635536193848 23.4776630401611 24.5983219146729
30.9491577148438 30.9665851593018 31.2803287506104 31.9453868865967 32.3694877624512 32.3444290161133 32.4067230224609 32.5037384033203 32.5368728637695 32.4457473754883 32.4716453552246 32.6389961242676 31.427116394043 29.9593639373779 28.6635799407959 29.5889911651611 31.0971946716309 31.20578956604 30.8398399353027 28.3605804443359 27.3481292724609 22.2614822387695 20.8663692474365 18.5258274078369 15.1733150482178 13.7852649688721 11.3542366027832 9.2184362411499 8.11357307434082 6.5767035484314 5.2940878868103 4.91525888442993 5.0138258934021 5.61500597000122 5.95777130126953 6.55407190322876 8.17683887481689 9.2848653793335 9.82284259796143 10.5969400405884 11.6973466873169 12.8856983184814 13.9415216445923 14.9984178543091 17.775182723999 19.6140632629395 21.805700302124
30.5356502532959 30.4093780517578 30.7998447418213 31.4878406524658 31.9001770019531 31.9764003753662 32.1993103027344 32.2329444885254 32.1504554748535 31.9228286743164 31.5933589935303 30.1463985443115 28.5585021972656 26.4201335906982 25.3264980316162 26.8491344451904 28.9839210510254 31.6188316345215 31.2785224914551 28.2444114685059 22.8484668731689 17.2487716674805 14.6121015548706 10.6252870559692 8.52616024017334 7.27945041656494 5.58696269989014 4.99736738204956 4.66753578186035 4.38141584396362 4.36238479614258 4.36906957626343 4.43583869934082 5.04072046279907 5.64391040802002 6.70870494842529 8.15906047821045 9.42080211639404 9.87469959259033 10.2953195571899 10.8494911193848 11.6723384857178 13.0507154464722 13.9246873855591 15.0032043457031 15.9050130844116 20.3139801025391
28.9848785400391 29.3817882537842 30.0207576751709 30.68922996521 30.7672481536865 30.6780281066895 30.7322425842285 30.7323570251465 30.5508823394775 29.9018859863281 29.0249137878418 27.5727214813232 25.5990085601807 24.0900859832764 22.6162490844727 22.2485904693604 24.7544441223145 27.2740345001221 23.3298988342285 21.3516387939453 15.507848739624 10.9962453842163 9.09478092193604 7.48756551742554 5.76434135437012 5.04240322113037 4.73100566864014 4.35713481903076 4.29445505142212 4.28877115249634 4.2904577255249 4.29226493835449 4.36775016784668 4.97215175628662 5.79779720306396 6.79748106002808 8.11958122253418 9.2339038848877 9.8975830078125 10.3810863494873 10.772084236145 11.0594758987427 11.7376708984375 13.3200740814209 14.848783493042 14.9215927124023 16.3436241149902
27.0823631286621 27.9972915649414 28.9153289794922 29.7265224456787 30.1387233734131 30.0233612060547 29.7824268341064 29.5452480316162 29.3935604095459 28.5676422119141 27.2351226806641 24.9761962890625 23.706335067749 22.0724468231201 20.1474990844727 19.4788150787354 19.8476600646973 19.8317985534668 16.2482585906982 11.9777278900146 8.83271980285645 6.43993616104126 5.54775285720825 5.08458709716797 4.76423692703247 4.5228123664856 4.36959409713745 4.30365324020386 4.28823900222778 4.28015804290771 4.27515077590942 4.29281616210938 4.40126180648804 4.9505729675293 5.69227266311646 6.74907398223877 7.72589063644409 8.59860897064209 9.9206714630127 10.3362655639648 10.7684326171875 11.1012477874756 11.4000368118286 12.3169565200806 13.7208909988403 15.1130361557007 15.3008337020874
24.3434810638428 24.9853668212891 26.2332973480225 27.8843116760254 28.9199447631836 29.1745433807373 29.0819091796875 28.8940906524658 28.3414516448975 27.1950492858887 25.3335666656494 22.437463760376 17.843822479248 14.4626684188843 15.5174512863159 17.1643218994141 17.619514465332 16.2669124603271 13.1746664047241 9.00413799285889 5.9090723991394 5.00825262069702 4.82601499557495 4.44071054458618 4.35054588317871 4.30345869064331 4.29449224472046 4.28509044647217 4.27677202224731 4.27708292007446 4.27752113342285 4.29735565185547 4.41709756851196 4.89310932159424 5.48477220535278 6.4725604057312 7.02985954284668 7.90531539916992 9.14678001403809 9.69284534454346 10.5695180892944 10.9958953857422 11.3296709060669 11.8110218048096 13.6899213790894 14.4993267059326 15.2304658889771
21.9044437408447 22.1054363250732 22.6213626861572 23.5191307067871 24.5133609771729 25.2509479522705 25.6535472869873 25.6276550292969 24.6216068267822 23.6520748138428 22.7307777404785 21.457612991333 17.5163497924805 11.1895561218262 8.99509429931641 9.97665214538574 10.8680047988892 11.8085889816284 10.3483009338379 7.69420337677002 5.7512674331665 4.98769855499268 4.49733877182007 4.36551666259766 4.30602931976318 4.28950500488281 4.28463983535767 4.27650356292725 4.27420377731323 4.27316474914551 4.28287696838379 4.28176784515381 4.35611152648926 4.7734203338623 5.18183469772339 5.87936305999756 6.57362461090088 7.07281255722046 7.88848829269409 8.87457275390625 9.64662456512451 10.1518077850342 11.1473045349121 11.5369453430176 12.4959363937378 13.8310651779175 14.7275800704956
20.2832202911377 20.1841106414795 20.2223663330078 20.4862461090088 21.066650390625 21.7390594482422 22.0042190551758 22.0170345306396 21.8876972198486 21.6643962860107 21.2666091918945 20.5706005096436 19.0068264007568 12.9530687332153 9.41627311706543 6.4404149055481 6.4540228843689 7.22960805892944 7.31158828735352 6.15859746932983 4.96602630615234 4.69802379608154 4.42641925811768 4.34282255172729 4.30241250991821 4.2820200920105 4.27041959762573 4.26741075515747 4.26887273788452 4.26846933364868 4.28367757797241 4.29051113128662 4.28788566589355 4.45892429351807 4.85171985626221 5.25309324264526 5.66069602966309 6.35002136230469 6.76080894470215 7.46679925918579 8.21903038024902 9.23295402526855 10.0910196304321 10.7638359069824 11.4666538238525 12.4615831375122 13.7516555786133
19.3100814819336 19.0678596496582 18.9718456268311 19.0681056976318 19.1913051605225 19.3490676879883 19.5177993774414 19.608325958252 19.7285118103027 19.7684726715088 19.3669185638428 18.7721424102783 17.3001346588135 12.9054660797119 8.96582984924316 5.87212228775024 5.27856349945068 5.43180751800537 5.74931478500366 5.01600313186646 4.85430812835693 4.45276403427124 4.32970142364502 4.30400943756104 4.28573226928711 4.27241563796997 4.24894523620605 4.25512409210205 4.26143074035645 4.26469850540161 4.26863956451416 4.2815089225769 4.28035688400269 4.26278305053711 4.29867744445801 4.3613429069519 4.6010627746582 5.02875328063965 5.74375915527344 6.32798624038696 6.64036130905151 7.34615659713745 8.24691390991211 9.1296443939209 9.52259159088135 10.5162706375122 11.6495370864868
