Ecospace-environmental-drivers/Outputs/ASCII-for-ecospace/Temp-bot/Temp-bot_X2006.02.asc
NCOLS 131 
NROWS 53 
XLLCORNER -98 
YLLCORNER 23.9265270233154 
CELLSIZE 0.133587792515755 
NODATA_value -3.4e+38 
[rows 21 to 41 of 53, columns 0 to 46 of 131]
-3.4e+38 -3.4e+38 -3.4e+38 -3.4e+38 -3.4e+38 -3.4e+38 17.8320159912109 17.7588005065918 17.7665119171143 17.5367469787598 17.7152824401855 18.0537967681885 18.5333023071289 18.8911972045898 19.1545581817627 19.396764755249 19.6311683654785 19.8689346313477 20.1438732147217 20.4133071899414 20.567008972168 20.6214237213135 20.5796775817871 20.6485862731934 20.6927909851074 20.7172241210938 20.7394981384277 20.6928081512451 20.5900859832764 20.4436321258545 20.4619083404541 20.5040130615234 20.5524711608887 20.4844646453857 20.1431999206543 19.7429389953613 19.3908557891846 19.1971435546875 18.9449272155762 18.510232925415 18.2435703277588 18.3605918884277 18.3577976226807 18.3018646240234 18.5112800598145 18.6855068206787 18.3909721374512
-3.4e+38 -3.4e+38 -3.4e+38 -3.4e+38 -3.4e+38 -3.4e+38 17.8201560974121 17.9170932769775 17.7588005065918 18.0039882659912 18.448637008667 18.9699668884277 19.4971504211426 19.899206161499 20.1623649597168 20.3244857788086 20.4227104187012 20.4825000762939 20.5631103515625 20.4966278076172 19.9071044921875 19.3330631256104 19.082820892334 19.2716464996338 19.6566677093506 19.8822784423828 19.4418087005615 18.9727592468262 19.1573886871338 19.4425888061523 19.6600303649902 19.3061828613281 18.9895935058594 18.7040309906006 18.0358943939209 18.2288932800293 18.2349033355713 18.204475402832 17.9125480651855 17.1981544494629 17.2394390106201 17.5525989532471 16.6530170440674 16.9810276031494 17.3337631225586 17.18235206604 16.9751987457275
-3.4e+38 -3.4e+38 -3.4e+38 -3.4e+38 17.9096870422363 17.8981876373291 17.9577007293701 17.8201560974121 18.1723251342773 18.6654891967773 19.2662982940674 19.8505172729492 20.2591209411621 20.4886074066162 20.6006736755371 20.8285293579102 20.8952198028564 20.9192790985107 20.651611328125 18.5978393554688 16.8539619445801 15.6306772232056 14.9162445068359 14.3579578399658 14.8519945144653 14.3375186920166 14.6290092468262 15.2963943481445 16.4770450592041 16.1721210479736 17.0330505371094 17.1626224517822 17.3181533813477 15.6303491592407 17.5351257324219 16.898380279541 15.4215707778931 15.6062774658203 14.4263486862183 11.2637243270874 11.9039163589478 11.8877010345459 13.885684967041 12.3942613601685 13.661545753479 13.970552444458 14.2553291320801
-3.4e+38 -3.4e+38 -3.4e+38 -3.4e+38 17.8894138336182 17.9414577484131 17.8981876373291 18.1547603607178 18.7208099365234 19.3433437347412 19.9076862335205 20.3373241424561 20.4982128143311 20.2252635955811 19.9492511749268 20.0560512542725 19.1337661743164 16.4150314331055 14.592230796814 12.3151473999023 10.217227935791 8.97933864593506 9.41803169250488 9.5387659072876 9.94543552398682 9.82098960876465 10.521505355835 10.1246776580811 10.8950414657593 10.463996887207 11.1429672241211 12.6606025695801 13.0168037414551 13.7871513366699 14.953649520874 14.5642385482788 15.2594118118286 14.1628761291504 11.3577251434326 8.15432643890381 8.77127933502197 9.34652805328369 9.57220077514648 8.86136913299561 8.43102931976318 8.92504787445068 7.76359891891479
-3.4e+38 -3.4e+38 -3.4e+38 -3.4e+38 -3.4e+38 17.8894138336182 18.0367698669434 18.5867519378662 19.2454776763916 19.8529186248779 20.311393737793 20.5294589996338 19.8740196228027 18.580394744873 17.3451251983643 14.9393796920776 11.9028778076172 8.79176330566406 8.08011913299561 7.00690793991089 6.10982990264893 5.8478946685791 6.16801643371582 6.42420148849487 7.14174890518188 6.68951225280762 6.9560489654541 7.08158206939697 6.64570093154907 6.69739437103271 6.80803966522217 8.09174537658691 8.95222282409668 11.1815385818481 11.0861158370972 11.7436275482178 11.0221185684204 8.90865135192871 6.58062362670898 6.33580017089844 6.999587059021 7.09384870529175 6.37048149108887 6.29543161392212 6.19855546951294 6.45838022232056 6.02335500717163
-3.4e+38 -3.4e+38 -3.4e+38 -3.4e+38 -3.4e+38 17.9145240783691 18.3272171020508 19.0389003753662 19.6827735900879 20.1812858581543 20.5380897521973 20.1446800231934 18.2444896697998 15.8668441772461 13.7647390365601 11.2334651947021 7.78109884262085 6.06842041015625 5.81730461120605 5.31486988067627 5.0034761428833 5.01047468185425 5.06480979919434 5.27755403518677 5.09989929199219 5.24876594543457 5.22598648071289 5.14867162704468 5.32876205444336 5.16677665710449 5.53500509262085 6.19569492340088 7.33607053756714 8.13152980804443 7.25322008132935 7.78021192550659 7.08767127990723 5.84624099731445 5.63121032714844 5.31266164779663 5.74975824356079 5.25596809387207 5.52406787872314 5.53373432159424 5.60593605041504 5.6276969909668 5.01391220092773
-3.4e+38 -3.4e+38 17.9713344573975 18.0518646240234 18.0575504302979 18.0389041900635 18.6754398345947 19.3980827331543 19.9703502655029 20.3698215484619 20.4162483215332 18.8832092285156 16.1769046783447 13.4041347503662 10.340163230896 8.64754199981689 6.41600704193115 5.16602087020874 4.8078179359436 4.7341628074646 4.75125646591187 4.76144981384277 4.79928350448608 4.83474922180176 4.83826684951782 4.8800163269043 4.72929000854492 4.6992769241333 4.75167036056519 4.87486791610718 5.25354814529419 5.51183223724365 5.82232475280762 5.98274278640747 6.06431436538696 5.7932243347168 5.69158029556274 5.57018947601318 5.2691822052002 5.01315879821777 5.04566049575806 4.94148874282837 4.8007173538208 4.76228332519531 4.88410997390747 4.86180400848389 4.61631202697754
-339999999999999996128486808808066248288.000000000000000 -3.4e+38 -3.4e+38 -3.4e+38 18.1323947906494 18.2305946350098 18.9371509552002 19.6285133361816 20.1223220825195 20.3119831085205 19.8598785400391 17.4391574859619 14.0239067077637 10.581916809082 8.58409309387207 6.99448776245117 5.41403341293335 4.8943920135498 4.7168140411377 4.64859390258789 4.70453405380249 4.68042659759521 4.70584440231323 4.7735767364502 4.85614728927612 4.85265922546387 4.65457963943481 4.77240943908691 4.61258411407471 4.70174264907837 4.91536664962769 5.04205131530762 5.33288145065308 5.5161075592041 5.51900005340576 5.31491994857788 5.1054859161377 4.92930364608765 4.92017650604248 4.82942390441895 4.69313621520996 4.64205312728882 4.50605821609497 4.4685583114624 4.45712375640869 4.45509195327759 4.43219661712646
-3.4e+38 -3.4e+38 -3.4e+38 -3.4e+38 18.1101951599121 18.4259815216064 19.1112651824951 19.7515144348145 20.133960723877 20.0991058349609 19.0955467224121 15.9999141693115 11.9522666931152 8.78207874298096 6.71950244903564 5.80407619476318 5.30845737457275 4.95651626586914 4.73029375076294 4.70929098129272 4.58144903182983 4.47493410110474 4.45375823974609 4.47559833526611 4.48781108856201 4.66905832290649 4.51808547973633 4.52542448043823 4.34267854690552 4.71552276611328 4.79226064682007 4.86023807525635 4.75602293014526 4.85134792327881 4.82267713546753 4.52985954284668 4.60706615447998 4.61708211898804 4.5722451210022 4.54443645477295 4.51178216934204 4.47021150588989 4.40381050109863 4.33383750915527 4.37350463867188 4.3299674987793 4.30777740478516
-3.4e+38 -3.4e+38 -3.4e+38 -3.4e+38 18.0859775543213 18.513011932373 19.1770992279053 19.7672138214111 20.052677154541 19.8380527496338 18.6676368713379 14.4056825637817 10.0864400863647 7.62296915054321 5.92350578308105 5.35486936569214 4.96665525436401 4.78707647323608 4.43941116333008 4.42985057830811 4.38414478302002 4.40847730636597 4.4442834854126 4.46191740036011 4.38448858261108 4.47136163711548 4.68318843841553 4.13220310211182 4.11263990402222 4.43538761138916 4.78346252441406 4.59828329086304 4.52862358093262 4.56519746780396 4.48690176010132 4.42441701889038 4.41851854324341 4.46304416656494 4.44286584854126 4.48055601119995 4.43018341064453 4.3742847442627 4.31024551391602 4.32987928390503 4.28971576690674 4.28437328338623 4.28038358688354
-3.4e+38 -3.4e+38 -3.4e+38 -3.4e+38 18.6909332275391 18.5410003662109 19.1714744567871 19.7136096954346 19.9793128967285 19.6994113922119 18.4581451416016 14.1600790023804 9.63166618347168 7.17277002334595 5.62626171112061 4.81860685348511 4.61096000671387 4.52422761917114 4.38861465454102 4.34465312957764 4.30973339080811 4.30576610565186 4.41545057296753 4.44190168380737 4.42156648635864 4.50074338912964 4.94710969924927 4.78759431838989 4.30812454223633 4.48676347732544 4.43153190612793 4.35655307769775 4.35941171646118 4.35722970962524 4.38232803344727 4.36650466918945 4.36982011795044 4.38521909713745 4.3382043838501 4.30765914916992 4.3134241104126 4.30454111099243 4.29289674758911 4.28726100921631 4.28653526306152 4.28727436065674 4.28436994552612
-3.4e+38 -3.4e+38 -3.4e+38 -3.4e+38 18.7781581878662 18.6775436401367 19.1551914215088 19.6300354003906 19.954553604126 19.8039093017578 18.9063377380371 16.0553607940674 10.3055400848389 6.82822513580322 5.50241565704346 4.67540693283081 4.36147928237915 4.35817575454712 4.33902835845947 4.30624341964722 4.28551578521729 4.28121900558472 4.2973051071167 4.31579780578613 4.44902563095093 4.48001337051392 4.50368881225586 4.49598360061646 4.47393178939819 4.44824266433716 4.3358793258667 4.40103197097778 4.39048290252686 4.34827852249146 4.29560279846191 4.32058429718018 4.27216863632202 4.25970554351807 4.26935386657715 4.26926851272583 4.27019548416138 4.28846073150635 4.30722188949585 4.28038740158081 4.27195072174072 4.27572250366211 4.2746205329895
-3.4e+38 -3.4e+38 -3.4e+38 -3.4e+38 18.5969982147217 18.7907962799072 19.1529769897461 19.6087703704834 19.9522914886475 20.2156352996826 19.8153018951416 18.2881641387939 12.2205858230591 6.70397233963013 5.19276189804077 4.70578479766846 4.40153980255127 4.34935569763184 4.33111763000488 4.29780340194702 4.28689765930176 4.27976036071777 4.27506399154663 4.28017616271973 4.30162048339844 4.28203725814819 4.27708148956299 4.28439903259277 4.29426002502441 4.33071517944336 4.31039667129517 4.36977815628052 4.32429456710815 4.29136323928833 4.2748851776123 4.27574968338013 4.28389739990234 4.2839617729187 4.28179359436035 4.30043268203735 4.27316427230835 4.28481721878052 4.31015586853027 4.32980108261108 4.29502058029175 4.26138496398926 4.26772737503052
-3.4e+38 -3.4e+38 -3.4e+38 -3.4e+38 -3.4e+38 18.8751258850098 19.1576671600342 19.6720104217529 19.9920902252197 20.4404983520508 20.7647171020508 20.0106620788574 14.8805160522461 6.9873571395874 5.22794342041016 4.71485996246338 4.46941375732422 4.35139894485474 4.33548545837402 4.30067348480225 4.28747034072876 4.27849340438843 4.26838445663452 4.26908683776855 4.2715277671814 4.27182674407959 4.26094436645508 4.26485776901245 4.27599191665649 4.30146646499634 4.29968643188477 4.27172994613647 4.27130556106567 4.27001762390137 4.26345539093018 4.26319456100464 4.26889848709106 4.27234172821045 4.27321529388428 4.2716703414917 4.2905478477478 4.30362033843994 4.29303884506226 4.26548528671265 4.29332733154297 4.28065156936646 4.26927804946899
-3.4e+38 -3.4e+38 -3.4e+38 -3.4e+38 -3.4e+38 19.0371112823486 19.2352161407471 19.8182220458984 20.145393371582 20.5610675811768 21.036434173584 20.7659606933594 15.4952936172485 7.35259914398193 5.39171934127808 4.72435665130615 4.64631843566895 4.36737871170044 4.3414478302002 4.28902435302734 4.27339553833008 4.27066469192505 4.28386211395264 4.26877927780151 4.27258253097534 4.276207447052 4.26647520065308 4.27912902832031 4.28414297103882 4.26054668426514 4.2605562210083 4.2615852355957 4.26263618469238 4.2638578414917 4.27625942230225 4.25865745544434 4.25723171234131 4.26093578338623 4.26523065567017 4.2664475440979 4.26953554153442 4.27774047851562 4.28157567977905 4.27713108062744 4.27526473999023 4.26521158218384 4.25336360931396
-3.4e+38 -3.4e+38 -3.4e+38 -3.4e+38 -3.4e+38 19.3344688415527 19.3729915618896 19.9999122619629 20.3764686584473 20.7808017730713 21.1675109863281 20.6876926422119 13.9161748886108 6.88816785812378 5.15925931930542 4.72048139572144 4.7056188583374 4.60272121429443 4.34423303604126 4.27955675125122 4.26202440261841 4.27858066558838 4.27468919754028 4.27951097488403 4.28380441665649 4.27921295166016 4.27762174606323 4.27783107757568 4.27150869369507 4.30816268920898 4.30670690536499 4.30575037002563 4.29687547683716 4.27869606018066 4.31753301620483 4.30635213851929 4.26503610610962 4.25543880462646 4.25786352157593 4.25168085098267 4.2507700920105 4.25209760665894 4.25736522674561 4.26440000534058 4.25832843780518 4.24877738952637 4.2525053024292
-3.4e+38 -3.4e+38 -3.4e+38 -3.4e+38 -3.4e+38 -3.4e+38 19.5902137756348 20.1862888336182 20.6211910247803 21.0039806365967 21.2037506103516 20.2890491485596 14.2058992385864 7.41538286209106 5.18280649185181 4.73983144760132 4.94723987579346 4.67000007629395 4.33707666397095 4.27569007873535 4.25638675689697 4.28258085250854 4.27659225463867 4.29254484176636 4.34628772735596 4.34577894210815 4.30788040161133 4.35682487487793 4.38947868347168 4.38436365127563 4.38304758071899 4.38323974609375 4.38647413253784 4.38931703567505 4.38828659057617 4.39035367965698 4.37990808486938 4.3067479133606 4.27365446090698 4.25834941864014 4.2499794960022 4.24975156784058 4.24799489974976 4.25119352340698 4.26158332824707 4.25227689743042 4.24373769760132
-3.4e+38 -3.4e+38 -3.4e+38 -3.4e+38 -3.4e+38 -3.4e+38 19.8182907104492 20.413854598999 20.8384056091309 21.1459407806396 21.0466403961182 19.4388866424561 13.2375936508179 7.77873134613037 5.44276094436646 4.96314859390259 5.15686225891113 4.81893348693848 4.3582706451416 4.27225208282471 4.28861570358276 4.27886056900024 4.28301239013672 4.33319234848022 4.35627698898315 4.37172937393188 4.37782001495361 4.37682390213013 4.37634229660034 4.37561845779419 4.37537622451782 4.37623262405396 4.37483310699463 4.37332534790039 4.37129020690918 4.3659291267395 4.36320638656616 4.37278461456299 4.38828134536743 4.34811210632324 4.27250289916992 4.2646918296814 4.26139402389526 4.26842880249023 4.27153730392456 4.26294851303101 4.25213766098022
-3.4e+38 -3.4e+38 -3.4e+38 -3.4e+38 -3.4e+38 -3.4e+38 20.0076694488525 20.6907901763916 21.0363464355469 21.1593246459961 20.6380920410156 18.4259815216064 12.8425951004028 6.90282917022705 5.26445817947388 4.77347946166992 4.90688848495483 4.62526559829712 4.35752248764038 4.30106830596924 4.29368257522583 4.29972887039185 4.36843872070312 4.37647151947021 4.36698436737061 4.3732213973999 4.37442398071289 4.37400007247925 4.37496948242188 4.37606620788574 4.37711906433105 4.37782573699951 4.37702035903931 4.37151145935059 4.36567449569702 4.35726976394653 4.34903621673584 4.34306526184082 4.35037899017334 4.36305999755859 4.36967039108276 4.36846208572388 4.35798454284668 4.3245210647583 4.30923366546631 4.31750202178955 4.31636238098145
-3.4e+38 -3.4e+38 -3.4e+38 -3.4e+38 -3.4e+38 20.0368366241455 20.2972621917725 20.9898281097412 21.1972503662109 20.9876956939697 19.9778327941895 17.4025402069092 11.7651472091675 6.14663600921631 4.89196586608887 4.64957189559937 4.65725231170654 4.57528066635132 4.35176706314087 4.30546760559082 4.2941780090332 4.35882520675659 4.35609769821167 4.36670780181885 4.37587690353394 4.37740707397461 4.37768840789795 4.37851810455322 4.38049268722534 4.38253927230835 4.38422298431396 4.38424921035767 4.38344240188599 4.37120771408081 4.34325504302979 4.33450746536255 4.33031177520752 4.33052825927734 4.32709646224976 4.33245420455933 4.34341096878052 4.34585189819336 4.34767055511475 4.34772109985352 4.33871841430664 4.33526611328125 4.35782098770142
-3.4e+38 -3.4e+38 -3.4e+38 -3.4e+38 20.1205234527588 20.1132068634033 20.7900676727295 21.2684669494629 21.2703704833984 20.6792449951172 18.6419658660889 15.7611598968506 10.2169647216797 5.55428028106689 4.83353805541992 4.73271942138672 4.70133829116821 4.49651670455933 4.32817029953003 4.2985463142395 4.33991479873657 4.36435413360596 4.35282278060913 4.3775110244751 4.3826699256897 4.38398790359497 4.38509225845337 4.38643550872803 4.38848304748535 4.39037227630615 4.38891410827637 4.38493824005127 4.38422584533691 4.36687183380127 4.33868789672852 4.33177804946899 4.3306941986084 4.33011198043823 4.32329320907593 4.32395696640015 4.32897520065308 4.33566808700562 4.34198522567749 4.34453296661377 4.34253263473511 4.35090494155884 4.36356782913208
