Ecospace-environmental-drivers/Outputs/ASCII-for-ecospace/Temp-bot/Temp-bot_X2010.09.asc
NCOLS 131 
NROWS 53 
XLLCORNER -98 
YLLCORNER 23.9265270233154 
CELLSIZE 0.133587792515755 
NODATA_value -3.4e+38 
[rows 21 to 41 of 53, columns 0 to 46 of 131]
-3.4e+38 -3.4e+38 -3.4e+38 -3.4e+38 -3.4e+38 -3.4e+38 29.7998237609863 29.7810401916504 29.7895755767822 29.8675556182861 29.7369441986084 29.7330112457275 29.7395572662354 29.7050819396973 29.6139297485352 29.4349479675293 29.1391181945801 28.4698219299316 27.5401878356934 26.5447387695312 25.5458278656006 24.5990409851074 23.927188873291 23.8221778869629 23.5016212463379 23.3037300109863 22.9798316955566 22.3364887237549 21.4600143432617 20.5557632446289 20.1445331573486 20.0244102478027 20.0852756500244 20.0978298187256 20.0255832672119 20.0315971374512 20.0846252441406 20.2036724090576 20.3579998016357 20.4434947967529 20.4406986236572 20.6159896850586 20.6403503417969 20.6182403564453 20.5488243103027 20.4083347320557 20.0922431945801
-3.4e+38 -3.4e+38 -3.4e+38 -3.4e+38 -3.4e+38 -3.4e+38 29.8397808074951 29.7786502838135 29.7810401916504 29.7201309204102 29.750846862793 29.7254791259766 29.4627704620361 28.7574081420898 27.9080905914307 27.1184463500977 26.5992336273193 25.9625587463379 25.4051609039307 24.5590782165527 22.6970386505127 21.3792572021484 20.8297214508057 20.8361339569092 21.1180953979492 21.4171028137207 20.9295024871826 20.2534561157227 20.115592956543 19.881649017334 19.7215003967285 19.5349674224854 19.5306396484375 19.490758895874 19.5063095092773 19.5005874633789 19.3533115386963 19.2785110473633 19.1578311920166 18.7615222930908 19.0502758026123 19.4881496429443 18.5865516662598 19.0899143218994 19.3633918762207 19.1068115234375 18.6607723236084
-3.4e+38 -3.4e+38 -3.4e+38 -3.4e+38 29.8796806335449 29.8419818878174 29.7946300506592 29.8397808074951 29.7151317596436 29.7648696899414 29.7061748504639 28.8255424499512 26.9972915649414 25.0171966552734 24.1336078643799 25.3425960540771 24.8211822509766 24.8477306365967 23.6113185882568 20.8144760131836 19.1466197967529 17.7659397125244 16.5293102264404 15.9287557601929 16.1715240478516 15.8056917190552 15.80162525177 16.6983680725098 17.9213809967041 17.6821765899658 18.4746131896973 18.7944622039795 18.8021392822266 17.4990787506104 18.7081089019775 17.9616661071777 16.8561115264893 16.8019676208496 15.8388252258301 12.0582160949707 13.091157913208 13.1793937683105 15.24485206604 13.4692897796631 14.8069248199463 15.1721267700195 15.6902322769165
-3.4e+38 -3.4e+38 -3.4e+38 -3.4e+38 29.9467468261719 29.8503150939941 29.8419818878174 29.702127456665 29.7166004180908 29.5945167541504 28.566312789917 26.3791656494141 23.8162517547607 22.4032802581787 22.0739631652832 22.3428268432617 21.6133155822754 18.4403781890869 16.2857418060303 13.8436594009399 11.2545642852783 9.61879444122314 10.0976648330688 10.1420545578003 10.7703447341919 10.678581237793 11.2479667663574 10.9242258071899 11.7087802886963 11.1739635467529 12.025541305542 13.785717010498 14.2687072753906 15.2818040847778 16.083625793457 15.5943899154663 16.0154209136963 14.8492984771729 11.9549465179443 8.54506778717041 9.286376953125 9.87267112731934 10.0291967391968 9.23130512237549 8.72757625579834 9.20389366149902 8.26048374176025
-3.4e+38 -3.4e+38 -3.4e+38 -3.4e+38 -3.4e+38 29.9467468261719 29.7622165679932 29.6669063568115 29.5856781005859 28.7029190063477 26.2885856628418 23.6765842437744 21.7735157012939 20.6868381500244 19.4197521209717 16.6984996795654 12.8945226669312 9.48732852935791 8.68726062774658 7.51061296463013 6.5805459022522 6.38318824768066 6.58800506591797 6.8211817741394 7.32080745697021 7.04384136199951 7.21544504165649 7.29694271087646 6.97225427627563 7.02272367477417 7.17911958694458 8.59599208831787 9.45441818237305 11.6431226730347 11.8177967071533 12.0648441314697 11.2121000289917 9.26799583435059 6.63859987258911 6.42383813858032 7.24769687652588 7.16163444519043 6.51902866363525 6.3606014251709 6.28323650360107 6.5742039680481 6.17126798629761
-3.4e+38 -3.4e+38 -3.4e+38 -3.4e+38 -3.4e+38 29.8323230743408 29.6315021514893 29.6042652130127 29.0723781585693 26.7891006469727 24.0046157836914 21.8750839233398 20.3548316955566 18.0522003173828 15.4266796112061 12.3569250106812 8.44795513153076 6.6041259765625 6.26665782928467 5.69315242767334 5.26908016204834 5.2624192237854 5.32537412643433 5.72008275985718 5.41452407836914 5.61442089080811 5.46966171264648 5.29384899139404 5.61559915542603 5.23317384719849 5.90295505523682 6.61594820022583 7.7053108215332 8.37574005126953 7.22092819213867 7.64621067047119 7.02296829223633 5.77010631561279 5.59941530227661 5.34671783447266 5.73156595230103 5.37487983703613 5.57483863830566 5.61272048950195 5.62940120697021 5.66641902923584 5.14422082901001
-3.4e+38 -3.4e+38 30.4416561126709 30.3230514526367 29.9724445343018 29.7227401733398 29.5731010437012 29.4335079193115 27.9368801116943 24.8913249969482 22.3647155761719 20.6164169311523 18.5547351837158 15.3656816482544 11.474157333374 9.79111766815186 6.96132659912109 5.51707983016968 5.06710720062256 4.98090839385986 5.09150362014771 5.09452438354492 5.0860767364502 5.05623006820679 5.05311918258667 5.09266471862793 4.83428049087524 4.77430248260498 4.85417175292969 5.06890487670898 5.5622706413269 5.79303741455078 6.04139041900635 6.03461503982544 6.04310178756714 5.75647020339966 5.62014389038086 5.5033016204834 5.23701667785645 5.04079341888428 5.06882572174072 5.03511381149292 4.83526420593262 4.76273918151855 4.95024633407593 4.92896556854248 4.64037227630615
-339999999999999996128486808808066248288.000000000000000 -3.4e+38 -3.4e+38 -3.4e+38 30.2044467926025 29.6610565185547 29.5151557922363 29.1780796051025 26.6462020874023 23.3036804199219 21.42604637146 19.4804229736328 15.955493927002 11.6810894012451 9.79267311096191 7.9401593208313 5.85070610046387 5.21741437911987 5.01386022567749 4.95070028305054 5.05679178237915 4.96303653717041 4.9642276763916 4.99389457702637 5.09410858154297 5.07568359375 4.79617404937744 4.94489240646362 4.6530647277832 4.872642993927 5.04692697525024 4.9973611831665 5.41621685028076 5.51458215713501 5.44148921966553 5.28739881515503 5.12937784194946 4.95872163772583 4.95053768157959 4.86755275726318 4.68490552902222 4.61214256286621 4.45748281478882 4.44082403182983 4.42768907546997 4.42734479904175 4.42545890808105
-3.4e+38 -3.4e+38 -3.4e+38 -3.4e+38 30.0724868774414 29.6138191223145 29.4522113800049 28.9338626861572 25.7940540313721 22.5007705688477 20.8122577667236 18.1580467224121 13.5863990783691 9.86478614807129 7.48494625091553 6.3691349029541 5.95135164260864 5.37450361251831 5.05920743942261 5.06061506271362 4.75481414794922 4.54350233078003 4.52861404418945 4.52692651748657 4.52457761764526 4.74639749526978 4.5639853477478 4.53984975814819 4.31763172149658 4.91779851913452 4.93042612075806 4.92633247375488 4.77644538879395 4.90273380279541 4.86874389648438 4.55705070495605 4.6450777053833 4.61035346984863 4.56601047515869 4.50571060180664 4.45133924484253 4.41015005111694 4.37428951263428 4.32290077209473 4.33687925338745 4.29223966598511 4.28212070465088
-3.4e+38 -3.4e+38 -3.4e+38 -3.4e+38 30.0631942749023 29.5796718597412 29.407886505127 28.8293476104736 25.6409912109375 22.3169212341309 20.5925006866455 16.3488464355469 10.9136323928833 8.59533500671387 6.45004749298096 5.92834281921387 5.42257738113403 5.24386167526245 4.57020950317383 4.57285690307617 4.44417428970337 4.49122476577759 4.53281927108765 4.52430820465088 4.39520406723022 4.49455165863037 4.74608373641968 4.118736743927 4.13577890396118 4.5057225227356 4.92661190032959 4.6744384765625 4.57524871826172 4.60558032989502 4.51724100112915 4.47039651870728 4.46553421020508 4.49481153488159 4.46057415008545 4.44588708877563 4.39233493804932 4.35233497619629 4.31235551834106 4.30724143981934 4.26993560791016 4.26681709289551 4.265456199646
-3.4e+38 -3.4e+38 -3.4e+38 -3.4e+38 30.4652633666992 29.5886173248291 29.3827743530273 28.9349308013916 26.4656848907471 22.7436637878418 20.4867305755615 15.9876623153687 10.2886657714844 7.93655347824097 6.11741065979004 5.12408304214478 4.90381526947021 4.80353260040283 4.54857921600342 4.40391111373901 4.33552837371826 4.32968187332153 4.45464324951172 4.48079633712769 4.43796110153198 4.50844812393188 4.90436935424805 4.77895545959473 4.31378698348999 4.4710865020752 4.4672384262085 4.41218042373657 4.44684410095215 4.42428255081177 4.43309926986694 4.42853736877441 4.44875288009644 4.44060325622559 4.38301658630371 4.32337284088135 4.3196234703064 4.29731559753418 4.28185558319092 4.27357578277588 4.27089881896973 4.2712869644165 4.2697172164917
-3.4e+38 -3.4e+38 -3.4e+38 -3.4e+38 30.5601043701172 29.665225982666 29.3984203338623 29.0813083648682 27.7760314941406 24.2652740478516 21.2441596984863 18.2175006866455 11.1347465515137 7.32959842681885 5.93793344497681 4.91665124893188 4.52970695495605 4.53543424606323 4.51665019989014 4.3400764465332 4.29849147796631 4.29163885116577 4.29098463058472 4.30044364929199 4.44820928573608 4.45029830932617 4.43039083480835 4.4271445274353 4.40686798095703 4.41757154464722 4.34743452072144 4.41967344284058 4.44149971008301 4.36643171310425 4.32930421829224 4.37359666824341 4.35022068023682 4.33395910263062 4.29694509506226 4.26280403137207 4.26428365707397 4.26674127578735 4.32475233078003 4.26228284835815 4.26374864578247 4.25431823730469 4.24836587905884
-3.4e+38 -3.4e+38 -3.4e+38 -3.4e+38 30.6244716644287 29.9797801971436 29.4014472961426 29.2020168304443 28.5652408599854 27.0211944580078 23.4499359130859 20.6458759307861 13.5542221069336 7.19353437423706 5.43709087371826 4.95225477218628 4.59940910339355 4.51385641098022 4.42885541915894 4.30519723892212 4.26919937133789 4.26640939712524 4.26985931396484 4.27819156646729 4.28315877914429 4.26633548736572 4.25907945632935 4.25366687774658 4.26584959030151 4.30358695983887 4.31299161911011 4.3731861114502 4.32534122467041 4.27425765991211 4.2568473815918 4.298583984375 4.2899169921875 4.26588201522827 4.26163673400879 4.30044221878052 4.26843166351318 4.27288818359375 4.31046438217163 4.32192182540894 4.29578924179077 4.24669313430786 4.2632737159729
-3.4e+38 -3.4e+38 -3.4e+38 -3.4e+38 -3.4e+38 29.6488285064697 29.4185543060303 29.278470993042 28.7260093688965 27.7899017333984 25.9915885925293 22.9006900787354 16.6365737915039 7.41339302062988 5.4935941696167 4.94206047058105 4.65751028060913 4.49041366577148 4.41221857070923 4.29072237014771 4.26074361801147 4.26199579238892 4.26330709457397 4.27134704589844 4.27292919158936 4.27411222457886 4.26101875305176 4.25154590606689 4.26203346252441 4.27575016021729 4.27368783950806 4.27499389648438 4.26648998260498 4.25848627090454 4.26975870132446 4.25538063049316 4.24975156784058 4.24810266494751 4.25424766540527 4.26952505111694 4.29329061508179 4.30944347381592 4.29066705703735 4.25540828704834 4.29857873916626 4.29260730743408 4.28727293014526
-3.4e+38 -3.4e+38 -3.4e+38 -3.4e+38 -3.4e+38 31.021692276001 29.5268478393555 29.2903842926025 28.8346462249756 27.6996879577637 26.689998626709 23.9548740386963 17.2018127441406 7.80104351043701 5.68558502197266 4.90829801559448 4.81991481781006 4.50146198272705 4.38375329971313 4.27002239227295 4.25796604156494 4.25903463363647 4.26260757446289 4.25958299636841 4.26629638671875 4.30478143692017 4.29048204421997 4.26207304000854 4.26534509658813 4.26016426086426 4.2555947303772 4.25455713272095 4.2524561882019 4.2525520324707 4.30381488800049 4.27714586257935 4.25048303604126 4.24409532546997 4.24767017364502 4.25582933425903 4.25936555862427 4.29386806488037 4.29739809036255 4.28159952163696 4.28347682952881 4.28542232513428 4.27366018295288
-3.4e+38 -3.4e+38 -3.4e+38 -3.4e+38 -3.4e+38 31.0704212188721 29.6801490783691 29.2697219848633 28.8321514129639 27.7410697937012 26.8152923583984 23.8464851379395 15.5133876800537 7.34644365310669 5.40643930435181 4.89620542526245 4.88069772720337 4.72834014892578 4.31981515884399 4.26558399200439 4.2616400718689 4.26550769805908 4.26740980148315 4.2843074798584 4.30433702468872 4.30288648605347 4.30303382873535 4.29886627197266 4.29720211029053 4.31848430633545 4.32084703445435 4.31873369216919 4.30085706710815 4.2947039604187 4.32732534408569 4.31892204284668 4.28151512145996 4.2616024017334 4.27149295806885 4.27064037322998 4.27561664581299 4.28469228744507 4.29012775421143 4.28902006149292 4.2837290763855 4.27097511291504 4.26696157455444
-3.4e+38 -3.4e+38 -3.4e+38 -3.4e+38 -3.4e+38 -3.4e+38 29.6867618560791 29.2663650512695 28.8094635009766 27.7309226989746 26.3748149871826 23.2259998321533 15.7564039230347 7.91347122192383 5.4971079826355 4.95273685455322 5.12140464782715 4.77172136306763 4.30737018585205 4.27195072174072 4.26819944381714 4.27024793624878 4.28421354293823 4.3073673248291 4.34761571884155 4.34692192077637 4.32132148742676 4.34820985794067 4.36810350418091 4.37019538879395 4.37200498580933 4.37330532073975 4.37414169311523 4.37435626983643 4.37464952468872 4.3761043548584 4.36920118331909 4.31250143051147 4.27817344665527 4.26749420166016 4.26186513900757 4.26765060424805 4.27374839782715 4.27974414825439 4.28035593032837 4.26378488540649 4.2595591545105
-3.4e+38 -3.4e+38 -3.4e+38 -3.4e+38 -3.4e+38 -3.4e+38 29.9141674041748 29.2743148803711 28.7166900634766 27.4838600158691 25.1890563964844 21.9252147674561 15.0361814498901 8.28003120422363 5.78789329528809 5.17966175079346 5.30848455429077 4.86687517166138 4.34086322784424 4.27167987823486 4.27272367477417 4.28775596618652 4.30597686767578 4.33427095413208 4.37513256072998 4.37258195877075 4.36929321289062 4.36843395233154 4.36812353134155 4.36824893951416 4.36961984634399 4.37164115905762 4.37244749069214 4.37277126312256 4.37418937683105 4.37649869918823 4.37857437133789 4.37833166122437 4.36905670166016 4.33904981613159 4.30370092391968 4.29193592071533 4.28980159759521 4.29957437515259 4.30456924438477 4.29707431793213 4.27595853805542
-3.4e+38 -3.4e+38 -3.4e+38 -3.4e+38 -3.4e+38 -3.4e+38 30.0537395477295 29.1093139648438 28.2766609191895 26.7425842285156 23.8042411804199 20.7786540985107 14.5047292709351 7.36429738998413 5.60659885406494 4.99583101272583 5.05140495300293 4.74064826965332 4.38570737838745 4.2795205116272 4.28815698623657 4.31155490875244 4.35441493988037 4.36957883834839 4.37593030929565 4.37483787536621 4.37365674972534 4.37365388870239 4.37466192245483 4.37571096420288 4.3766975402832 4.37717151641846 4.37673759460449 4.37613439559937 4.37595987319946 4.3776912689209 4.37892580032349 4.38004350662231 4.37949800491333 4.3774266242981 4.37426233291626 4.36462736129761 4.35193061828613 4.32353115081787 4.33882141113281 4.35992670059204 4.35602045059204
-3.4e+38 -3.4e+38 -3.4e+38 -3.4e+38 -3.4e+38 30.5545444488525 29.8018531799316 28.6043529510498 27.472713470459 25.4572410583496 22.5768146514893 19.5806694030762 12.849799156189 6.5775351524353 5.14441823959351 4.81226301193237 4.77592849731445 4.65557909011841 4.4130744934082 4.28944063186646 4.29755258560181 4.35576486587524 4.3794002532959 4.37927675247192 4.37844228744507 4.37833881378174 4.37953281402588 4.3816089630127 4.38398218154907 4.38544988632202 4.38654756546021 4.38654947280884 4.38499736785889 4.38373851776123 4.3819522857666 4.38214111328125 4.38233327865601 4.38251399993896 4.38331079483032 4.38306999206543 4.38031053543091 4.37623691558838 4.37155199050903 4.37113904953003 4.37217140197754 4.37497615814209 4.3736891746521
-3.4e+38 -3.4e+38 -3.4e+38 -3.4e+38 30.5407123565674 30.3818855285645 29.1466636657715 27.8767700195312 26.6356811523438 24.1115627288818 21.1257019042969 17.7066612243652 10.8540105819702 5.89581680297852 5.02911281585693 4.79378080368042 4.70597314834595 4.54916095733643 4.33430910110474 4.28049278259277 4.32837343215942 4.38173484802246 4.38332986831665 4.38305616378784 4.38158512115479 4.38240909576416 4.38421726226807 4.38706922531128 4.39059209823608 4.3928542137146 4.3943190574646 4.39455842971802 4.39309358596802 4.3918080329895 4.39014673233032 4.38916015625 4.38807344436646 4.38730430603027 4.38752460479736 4.38737726211548 4.3854079246521 4.38172769546509 4.37735176086426 4.37504386901855 4.37425136566162 4.373854637146 4.37368679046631
