Ecospace-environmental-drivers/Outputs/ASCII-for-ecospace/Temp-bot/Temp-bot_X2002.03.asc
NCOLS 131 
NROWS 53 
XLLCORNER -98 
YLLCORNER 23.9265270233154 
CELLSIZE 0.133587792515755 
NODATA_value -3.4e+38 
[rows 21 to 41 of 53, columns 0 to 46 of 131]
-3.4e+38 -3.4e+38 -3.4e+38 -3.4e+38 -3.4e+38 -3.4e+38 17.4042739868164 17.4599514007568 17.4617481231689 17.6485977172852 17.3720149993896 17.3671684265137 17.4202976226807 17.5378665924072 17.6960010528564 18.0424652099609 18.3674488067627 18.6650524139404 18.9448070526123 19.1506328582764 19.3631782531738 19.5502395629883 19.6625213623047 19.6834011077881 19.6407318115234 19.6780776977539 19.7891483306885 19.8538455963135 19.8125247955322 19.6560668945312 19.5869274139404 19.7031383514404 19.7445869445801 19.8241062164307 19.7984790802002 19.6687412261963 19.5996475219727 19.5737133026123 19.5551986694336 19.5494575500488 19.5701427459717 19.6919441223145 19.8013134002686 19.8541717529297 19.894624710083 19.8694286346436 19.7275466918945
-3.4e+38 -3.4e+38 -3.4e+38 -3.4e+38 -3.4e+38 -3.4e+38 17.3976440429688 17.3552284240723 17.4599514007568 17.2766971588135 17.3881511688232 17.5427532196045 17.783317565918 18.1090145111084 18.5178146362305 18.8647403717041 19.0387268066406 19.222993850708 19.4239959716797 19.5465888977051 19.6462707519531 19.7428684234619 19.7850704193115 19.8163242340088 19.8720836639404 19.8977317810059 19.749942779541 19.724214553833 19.7170658111572 19.6832237243652 19.6301021575928 19.5730648040771 19.4536094665527 19.2864990234375 19.2276630401611 19.2716598510742 19.1870346069336 19.1252708435059 18.993293762207 18.7081546783447 18.9834823608398 19.1774921417236 18.6040000915527 18.9397468566895 19.3083992004395 19.1548519134521 18.8734550476074
-3.4e+38 -3.4e+38 -3.4e+38 -3.4e+38 17.3441772460938 17.3495330810547 17.2848339080811 17.3976440429688 17.2080879211426 17.3758754730225 17.6189575195312 17.9626655578613 18.3672180175781 18.7336483001709 18.9171962738037 19.0509223937988 19.2169609069824 19.3963050842285 19.5525074005127 19.4564361572266 18.8825016021729 17.8884391784668 16.7126121520996 16.4758052825928 16.409740447998 16.2340183258057 16.1438159942627 16.8224925994873 18.2902812957764 17.8338146209717 18.5511684417725 18.6132850646973 18.4629898071289 17.3830375671387 18.3125972747803 17.8271446228027 16.794116973877 16.726900100708 15.655291557312 12.6515169143677 13.443058013916 13.3053417205811 15.398871421814 13.8809461593628 15.1908483505249 15.4885568618774 16.0530815124512
-3.4e+38 -3.4e+38 -3.4e+38 -3.4e+38 17.3989505767822 17.2840480804443 17.3495330810547 17.1073246002197 17.3200283050537 17.6695766448975 18.0657081604004 18.5040740966797 18.8138389587402 19.0668506622314 19.2388134002686 19.3427181243896 18.8764705657959 17.0502490997314 15.6312551498413 13.6792125701904 11.213921546936 9.62759685516357 10.0004110336304 10.0544242858887 10.4712390899658 10.2163677215576 11.0862426757812 10.6982002258301 11.6294984817505 11.3886785507202 12.1273097991943 13.8190488815308 14.245246887207 14.8541707992554 15.9626178741455 15.3678760528564 15.862585067749 14.8277759552002 12.232494354248 8.73081016540527 9.36876106262207 10.0135803222656 10.248517036438 9.35688400268555 8.8132438659668 9.44180107116699 8.37789630889893
-3.4e+38 -3.4e+38 -3.4e+38 -3.4e+38 -3.4e+38 17.3989505767822 17.1036624908447 17.1379833221436 17.6239814758301 18.1355686187744 18.6329364776611 18.865837097168 19.1284980773926 19.257360458374 18.5195770263672 16.4882030487061 12.8743305206299 9.43290233612061 8.5769510269165 7.42506313323975 6.47884178161621 6.21657419204712 6.40595293045044 6.65432071685791 7.29565334320068 6.94409370422363 7.17509269714355 7.33545684814453 6.87869596481323 6.93679571151733 7.15149259567261 8.60893630981445 9.73390102386475 11.9597911834717 12.0919790267944 12.4386081695557 11.7049913406372 9.58519458770752 6.76539087295532 6.49584245681763 7.22121429443359 7.22633075714111 6.51469755172729 6.45149946212769 6.40274620056152 6.6770396232605 6.18921756744385
-3.4e+38 -3.4e+38 -3.4e+38 -3.4e+38 -3.4e+38 17.2303905487061 16.9175148010254 17.3729381561279 17.9924468994141 18.5346851348877 18.8800067901611 19.1735420227051 19.1557788848877 17.5429992675781 15.2521495819092 12.3621711730957 8.36270046234131 6.51695251464844 6.14823627471924 5.54009675979614 5.18432092666626 5.19190788269043 5.23349523544312 5.4766993522644 5.29543304443359 5.44839906692505 5.43193101882935 5.32665586471558 5.553466796875 5.38148546218872 5.78802156448364 6.48781871795654 7.74240159988403 8.6042366027832 7.87318849563599 8.19277286529541 7.47291088104248 5.97923135757446 5.77218914031982 5.47434997558594 5.82493686676025 5.40233182907104 5.54716157913208 5.58700180053711 5.63497591018677 5.70575141906738 5.15392827987671
-3.4e+38 -3.4e+38 18.9100246429443 18.8192234039307 17.7949199676514 17.0882091522217 17.0254173278809 17.5713729858398 18.1857929229736 18.7521514892578 19.0845928192139 19.3155078887939 17.7478523254395 14.9582061767578 11.3808813095093 9.35249519348145 6.8062219619751 5.41684246063232 5.00109720230103 4.90578603744507 4.93342113494873 4.92519664764404 4.94727754592896 4.93695783615112 4.9551100730896 5.0196361541748 4.83247375488281 4.78354454040527 4.89180421829224 5.10479593276978 5.50355863571167 5.77787446975708 6.07565641403198 6.18450975418091 6.25718545913696 5.93464183807373 5.81270408630371 5.69527101516724 5.39042615890503 5.16869401931763 5.17042541503906 5.05763339996338 4.87634897232056 4.79109525680542 4.95868682861328 4.9513840675354 4.68533706665039
-339999999999999996128486808808066248288.000000000000000 -3.4e+38 -3.4e+38 -3.4e+38 18.728422164917 17.0175495147705 17.1943950653076 17.7480602264404 18.3170394897461 18.8592185974121 19.304328918457 18.5912704467773 15.6007423400879 11.7717523574829 9.41728210449219 7.51341342926025 5.78593015670776 5.11621236801147 4.92253828048706 4.84725093841553 4.85947942733765 4.78011512756348 4.7638521194458 4.77546453475952 4.82847213745117 4.83954858779907 4.69584655761719 4.83084344863892 4.64915370941162 4.86998510360718 5.09971046447754 5.12520313262939 5.4838695526123 5.67767381668091 5.6637077331543 5.49387359619141 5.2959566116333 5.11018228530884 5.07919931411743 4.92155790328979 4.74812269210815 4.65927028656006 4.48094892501831 4.46148920059204 4.47736930847168 4.48731422424316 4.46146535873413
-3.4e+38 -3.4e+38 -3.4e+38 -3.4e+38 18.0721340179443 16.9004917144775 17.3198623657227 17.9270553588867 18.4448719024658 18.9158668518066 19.327844619751 17.4409503936768 13.4577665328979 9.71275329589844 7.31836605072021 6.24368715286255 5.72677278518677 5.23331117630005 4.93869733810425 4.90624666213989 4.64406871795654 4.40823793411255 4.38452434539795 4.40260934829712 4.43529796600342 4.60242652893066 4.48541831970215 4.51177883148193 4.33552694320679 4.83883047103882 4.94950294494629 4.97247171401978 4.84148502349854 5.04580163955688 5.02004337310791 4.59275722503662 4.77275514602661 4.74702072143555 4.6591215133667 4.54690170288086 4.48303699493408 4.4232063293457 4.37559938430786 4.34744930267334 4.36596345901489 4.3521728515625 4.34720945358276
-3.4e+38 -3.4e+38 -3.4e+38 -3.4e+38 17.7241611480713 16.9152030944824 17.3261108398438 18.0405006408691 18.5466442108154 18.9529342651367 19.274299621582 15.8595361709595 10.9568662643433 8.37912273406982 6.42960023880005 5.74882316589355 5.27902412414551 5.06104850769043 4.54783630371094 4.43840456008911 4.33646726608276 4.32277822494507 4.32596111297607 4.34534454345703 4.31060791015625 4.41190385818481 4.59463119506836 4.13028860092163 4.13542604446411 4.48447275161743 4.89435863494873 4.68688917160034 4.60506582260132 4.6747088432312 4.54265785217285 4.50191450119019 4.50958681106567 4.54390954971313 4.47614479064941 4.4576301574707 4.40272951126099 4.3531699180603 4.30796194076538 4.32937145233154 4.31040906906128 4.30827856063843 4.29536533355713
-3.4e+38 -3.4e+38 -3.4e+38 -3.4e+38 19.1583557128906 17.0256996154785 17.2643775939941 17.9483394622803 18.5598545074463 18.9265174865723 19.1620655059814 15.5934963226318 10.3457746505737 7.89703512191772 6.09092426300049 5.06211185455322 4.86736869812012 4.74861145019531 4.45696878433228 4.33501148223877 4.26333713531494 4.24391508102417 4.2654881477356 4.29024028778076 4.30174398422241 4.40183019638062 4.69961547851562 4.62050437927246 4.28194904327393 4.46218872070312 4.46899795532227 4.41071271896362 4.44701290130615 4.45466566085815 4.47206020355225 4.48462104797363 4.47881603240967 4.4641227722168 4.39653587341309 4.33390283584595 4.30843782424927 4.28978729248047 4.28694009780884 4.29343414306641 4.29393100738525 4.28714418411255 4.2823600769043
-3.4e+38 -3.4e+38 -3.4e+38 -3.4e+38 18.969554901123 17.2317008972168 17.1097812652588 17.7132415771484 18.3418731689453 18.7939472198486 19.1624984741211 17.4230613708496 11.2466621398926 7.36318302154541 5.88772439956665 4.90842866897583 4.50333547592163 4.49010133743286 4.40736436843872 4.28419637680054 4.23862648010254 4.23812103271484 4.24047327041626 4.25934553146362 4.36161661148071 4.39782810211182 4.43774271011353 4.43516778945923 4.41032314300537 4.40867614746094 4.36232995986938 4.4286036491394 4.44726705551147 4.40697050094604 4.35953664779663 4.40127849578857 4.37614488601685 4.35821437835693 4.32848882675171 4.29284906387329 4.2861008644104 4.28696584701538 4.30833530426025 4.28592109680176 4.27908325195312 4.28104829788208 4.28849458694458
-3.4e+38 -3.4e+38 -3.4e+38 -3.4e+38 18.917839050293 17.7125854492188 17.0906734466553 17.4850292205811 18.002025604248 18.5263423919678 18.9530963897705 18.9155979156494 13.3559894561768 7.25302410125732 5.40435171127319 4.92622756958008 4.53171825408936 4.43892478942871 4.33926725387573 4.25055646896362 4.2403416633606 4.23975515365601 4.24174213409424 4.25529909133911 4.29432582855225 4.30842065811157 4.30375814437866 4.28946256637573 4.29688549041748 4.30541563034058 4.30630350112915 4.36137199401855 4.33999395370483 4.30286502838135 4.29221677780151 4.3256139755249 4.31889772415161 4.31215572357178 4.29939460754395 4.30670022964478 4.29946088790894 4.30360126495361 4.32181596755981 4.32425880432129 4.30226516723633 4.27611017227173 4.2810959815979
-3.4e+38 -3.4e+38 -3.4e+38 -3.4e+38 -3.4e+38 17.5481281280518 17.2886714935303 17.4252471923828 17.7919425964355 18.3091449737549 18.7464962005615 19.2620792388916 15.7866067886353 7.52731847763062 5.43718242645264 4.89948606491089 4.57314348220825 4.41432905197144 4.31304788589478 4.24596261978149 4.23896265029907 4.24126863479614 4.24884176254272 4.2533860206604 4.26603937149048 4.30045127868652 4.27681112289429 4.26154756546021 4.28152751922607 4.28484916687012 4.28413963317871 4.28518342971802 4.2817268371582 4.28119230270386 4.28902244567871 4.28790473937988 4.30984163284302 4.30195760726929 4.29588985443115 4.30248117446899 4.31015014648438 4.31474161148071 4.32171058654785 4.30518102645874 4.30133199691772 4.26530265808105 4.26205158233643
-3.4e+38 -3.4e+38 -3.4e+38 -3.4e+38 -3.4e+38 19.772533416748 17.6131324768066 17.5020809173584 17.7965316772461 18.237813949585 18.7417831420898 19.3296718597412 16.4849948883057 7.86788129806519 5.63149452209473 4.88559818267822 4.67354488372803 4.44534397125244 4.316330909729 4.24417877197266 4.23852443695068 4.2506251335144 4.29155158996582 4.2807297706604 4.29410600662231 4.31024694442749 4.2867956161499 4.29485893249512 4.30243444442749 4.27701091766357 4.26751708984375 4.26990413665771 4.27076959609985 4.27703285217285 4.30933380126953 4.27249574661255 4.28852033615112 4.31567430496216 4.31110763549805 4.2965784072876 4.28915691375732 4.30519151687622 4.3135814666748 4.28628587722778 4.26748991012573 4.25415849685669 4.23960304260254
-3.4e+38 -3.4e+38 -3.4e+38 -3.4e+38 -3.4e+38 19.6893672943115 17.7965888977051 17.6036777496338 17.8799953460693 18.3184642791748 18.8437995910645 19.3874740600586 15.0076322555542 7.42825794219971 5.3716459274292 4.88353824615479 4.72613716125488 4.57953786849976 4.30068063735962 4.24546098709106 4.24977779388428 4.27805757522583 4.29105710983276 4.30112314224243 4.29501867294312 4.27306795120239 4.27871704101562 4.28493499755859 4.29337978363037 4.340491771698 4.34680652618408 4.34831619262695 4.3334846496582 4.32906627655029 4.34458541870117 4.31064414978027 4.26744079589844 4.27169036865234 4.27401542663574 4.27075433731079 4.26840734481812 4.26948881149292 4.25997734069824 4.2453465461731 4.23974370956421 4.23305559158325 4.23989725112915
-3.4e+38 -3.4e+38 -3.4e+38 -3.4e+38 -3.4e+38 -3.4e+38 18.0417785644531 17.7536849975586 18.0223922729492 18.5247020721436 19.0777435302734 19.5004253387451 15.1912755966187 7.89654159545898 5.45347595214844 4.91286134719849 4.97528123855591 4.68492603302002 4.31036615371704 4.2523045539856 4.25692844390869 4.28438663482666 4.29439783096313 4.30234575271606 4.31221580505371 4.28775119781494 4.26815176010132 4.3307580947876 4.35799026489258 4.36639833450317 4.37827634811401 4.37244749069214 4.37158250808716 4.38561105728149 4.39351320266724 4.36612701416016 4.3479471206665 4.30162668228149 4.26663208007812 4.25060415267944 4.2419376373291 4.2380747795105 4.23204565048218 4.23072099685669 4.23953247070312 4.23716306686401 4.23354053497314
-3.4e+38 -3.4e+38 -3.4e+38 -3.4e+38 -3.4e+38 -3.4e+38 18.3824672698975 17.953145980835 18.2236709594727 18.7459182739258 19.3150634765625 19.644510269165 14.6185464859009 8.15056800842285 5.72438669204712 5.10698366165161 5.19086837768555 4.78434276580811 4.34360456466675 4.25912189483643 4.28876972198486 4.29282855987549 4.28832626342773 4.28942012786865 4.28308820724487 4.28293418884277 4.28175592422485 4.28676462173462 4.29368495941162 4.3030047416687 4.33622980117798 4.3249135017395 4.31338596343994 4.3111743927002 4.31423330307007 4.30418252944946 4.29544878005981 4.29193353652954 4.3210973739624 4.32847785949707 4.24879741668701 4.24246788024902 4.23936223983765 4.24507856369019 4.24933910369873 4.25000429153442 4.24190330505371
-3.4e+38 -3.4e+38 -3.4e+38 -3.4e+38 -3.4e+38 -3.4e+38 18.6457557678223 18.1379070281982 18.4459915161133 18.8949680328369 19.5127010345459 19.4328289031982 14.1928205490112 7.33522176742554 5.52255821228027 4.8889946937561 4.95918226242065 4.68581008911133 4.37188959121704 4.28516960144043 4.29652547836304 4.29021787643433 4.30030918121338 4.29223775863647 4.29511260986328 4.29469442367554 4.29138374328613 4.29241228103638 4.29307079315186 4.29594898223877 4.31056690216064 4.31231164932251 4.3113865852356 4.31166315078735 4.31119394302368 4.30584669113159 4.30444097518921 4.30544948577881 4.2987208366394 4.29658079147339 4.30738162994385 4.32423162460327 4.32791233062744 4.3012547492981 4.28422212600708 4.29086351394653 4.28199625015259
-3.4e+38 -3.4e+38 -3.4e+38 -3.4e+38 -3.4e+38 19.4212913513184 18.5143337249756 18.3370208740234 18.6911563873291 19.1300430297852 19.6794166564941 18.8298377990723 12.6849765777588 6.50299692153931 5.05242919921875 4.73426103591919 4.7361888885498 4.62337636947632 4.37306642532349 4.29630517959595 4.29292964935303 4.29477024078369 4.29340076446533 4.30109739303589 4.30129337310791 4.2978949546814 4.29452896118164 4.29524278640747 4.29435253143311 4.29589605331421 4.30048751831055 4.30328321456909 4.30864334106445 4.31362915039062 4.31497955322266 4.31302499771118 4.31466007232666 4.31302690505981 4.30613374710083 4.29867124557495 4.28700399398804 4.27699375152588 4.29084014892578 4.3066782951355 4.30861759185791 4.29784965515137 4.2916316986084
-3.4e+38 -3.4e+38 -3.4e+38 -3.4e+38 19.6547298431396 19.3334426879883 18.2240009307861 18.6237411499023 18.9915943145752 19.4656982421875 19.762939453125 17.1943073272705 10.8368844985962 5.77796697616577 4.94094562530518 4.73428153991699 4.6729564666748 4.52295446395874 4.32898950576782 4.29554796218872 4.32266759872437 4.2873363494873 4.29960203170776 4.30352544784546 4.30141735076904 4.29706382751465 4.29451274871826 4.29424238204956 4.29244899749756 4.29471778869629 4.29582452774048 4.29663801193237 4.29845857620239 4.3040943145752 4.31132316589355 4.31271076202393 4.31109571456909 4.30789804458618 4.30548095703125 4.30178213119507 4.29209518432617 4.27868556976318 4.26691627502441 4.28052377700806 4.32005023956299 4.33176374435425 4.29700708389282
