Ecospace-environmental-drivers/Outputs/ASCII-for-ecospace/Temp-bot/Temp-bot_X2004.01.asc
NCOLS 131 
NROWS 53 
XLLCORNER -98 
YLLCORNER 23.9265270233154 
CELLSIZE 0.133587792515755 
NODATA_value -3.4e+38 
[rows 21 to 41 of 53, columns 47 to 93 of 131]
19.9477787017822 19.6232318878174 19.5997619628906 19.7059192657471 19.8577003479004 20.015567779541 19.1300659179688 19.1398143768311 18.996768951416 17.7165412902832 15.5378370285034 14.2527618408203 12.0092926025391 9.33123683929443 7.5062255859375 6.0945291519165 5.10782480239868 4.87834596633911 4.95753812789917 4.84353733062744 4.51609516143799 4.36614799499512 4.28928899765015 4.28713083267212 4.28415012359619 4.27953338623047 4.26871919631958 4.26564836502075 4.26552295684814 4.26791858673096 4.26666450500488 4.26376390457153 4.25731658935547 4.25863885879517 4.25950241088867 4.2593469619751 4.2575511932373 4.31876420974731 4.80097198486328 5.36480760574341 5.71085023880005 6.01925420761108 6.54704856872559 7.46281719207764 8.8013162612915 10.0901136398315 11.4444169998169
17.2894630432129 16.5961399078369 16.5300407409668 16.4763298034668 16.8402156829834 16.0350761413574 13.7152214050293 14.6859512329102 13.1196775436401 10.8017253875732 9.59056186676025 8.68839645385742 8.03291511535645 6.7863597869873 6.12278032302856 5.75428104400635 4.96110582351685 4.73711681365967 4.56431293487549 4.59697437286377 4.45419454574585 4.32643890380859 4.29182910919189 4.27194833755493 4.25717163085938 4.26305770874023 4.26391935348511 4.26062202453613 4.26046705245972 4.26295566558838 4.26723527908325 4.26767444610596 4.26441049575806 4.26313352584839 4.26492547988892 4.26349020004272 4.26540565490723 4.26534461975098 4.25157070159912 4.2297101020813 4.39251899719238 4.54842090606689 4.84900712966919 5.54209041595459 6.33111524581909 6.93194675445557 8.51701164245605
12.566668510437 12.4578104019165 12.9505138397217 11.7888679504395 11.1397924423218 10.1827716827393 10.2276296615601 8.45827865600586 6.99851369857788 6.53000402450562 6.41510629653931 6.51546859741211 6.02129077911377 5.54694700241089 5.08774995803833 4.90355539321899 4.72118759155273 4.56226444244385 4.41975164413452 4.41269874572754 4.40878820419312 4.33282661437988 4.29173469543457 4.2604718208313 4.24813795089722 4.25284576416016 4.25892019271851 4.26654577255249 4.26568269729614 4.26395750045776 4.27047252655029 4.27338886260986 4.27428531646729 4.27273035049438 4.27109956741333 4.26597452163696 4.26542091369629 4.26664543151855 4.26800346374512 4.26741409301758 4.26484346389771 4.27336740493774 4.26057815551758 4.37698125839233 4.8153600692749 5.83604907989502 6.54639863967896
8.36077690124512 8.36284923553467 7.83044099807739 8.17862415313721 7.78054094314575 6.99465417861938 6.28743886947632 5.73868942260742 5.32955551147461 5.43474531173706 5.34157037734985 5.42098093032837 5.00210189819336 4.82879638671875 4.72624015808105 4.64240312576294 4.5018105506897 4.41461038589478 4.34508419036865 4.32448720932007 4.30958795547485 4.29371452331543 4.29092836380005 4.28005075454712 4.25117206573486 4.25373601913452 4.25909471511841 4.26475858688354 4.26248741149902 4.26565408706665 4.27532863616943 4.28048753738403 4.28242778778076 4.27840232849121 4.29203176498413 4.28084278106689 4.27879333496094 4.27896022796631 4.27762174606323 4.27633428573608 4.28037595748901 4.28053617477417 4.28066158294678 4.27800941467285 4.28355884552002 4.62892580032349 5.5558705329895
6.07025527954102 5.89935255050659 5.85342454910278 5.60025596618652 5.2473087310791 5.49225664138794 5.00487422943115 5.03812122344971 4.82193803787231 4.79924964904785 4.71833086013794 4.67274522781372 4.63262557983398 4.60091352462769 4.59090900421143 4.48384618759155 4.33530521392822 4.30634927749634 4.31285381317139 4.29880952835083 4.28938579559326 4.28498554229736 4.28710556030273 4.29418325424194 4.26451587677002 4.25843191146851 4.26109409332275 4.26424837112427 4.26744270324707 4.27246809005737 4.27944135665894 4.2823486328125 4.28099966049194 4.2892017364502 4.28818511962891 4.27377986907959 4.27925395965576 4.287024974823 4.28805065155029 4.28348112106323 4.27879476547241 4.28025197982788 4.28347158432007 4.28536462783813 4.28569364547729 4.25724840164185 4.63569688796997
5.06435251235962 5.16157960891724 5.14209794998169 4.69280910491943 4.67613315582275 4.80480146408081 4.75538635253906 4.647864818573 4.65700101852417 4.56455230712891 4.58553075790405 4.53265142440796 4.55867195129395 4.43913078308105 4.33603048324585 4.30127239227295 4.26374530792236 4.25711822509766 4.26225709915161 4.27534484863281 4.27657222747803 4.27561473846436 4.24576807022095 4.25124168395996 4.25950241088867 4.26711750030518 4.26848459243774 4.26687097549438 4.27002191543579 4.27621984481812 4.28191041946411 4.28145313262939 4.27580165863037 4.30980968475342 4.29424428939819 4.28174924850464 4.27582454681396 4.28210592269897 4.28493165969849 4.28661346435547 4.2781457901001 4.27477359771729 4.27594757080078 4.2791428565979 4.28557014465332 4.28760814666748 4.28353595733643
4.68459177017212 4.72206783294678 4.57787847518921 4.46762704849243 4.46976613998413 4.48341369628906 4.49003887176514 4.5316481590271 4.50549650192261 4.36000347137451 4.35689640045166 4.34399938583374 4.33330965042114 4.30365896224976 4.27296304702759 4.2602219581604 4.23007345199585 4.22644424438477 4.23960399627686 4.24845266342163 4.26977586746216 4.23669481277466 4.24208354949951 4.25268507003784 4.25908660888672 4.26654958724976 4.27037668228149 4.27226972579956 4.27520799636841 4.27701616287231 4.27879190444946 4.27641534805298 4.26861524581909 4.26365566253662 4.28538131713867 4.33135938644409 4.29604578018188 4.28185129165649 4.2822790145874 4.28118848800659 4.27939081192017 4.27664661407471 4.27650547027588 4.27741765975952 4.27823972702026 4.28927993774414 4.27066946029663
4.56419229507446 4.46095132827759 4.39371299743652 4.40904188156128 4.4444465637207 4.39280986785889 4.37409543991089 4.42655515670776 4.39828109741211 4.39505100250244 4.36680936813354 4.31495332717896 4.27153968811035 4.26115560531616 4.2503604888916 4.24376678466797 4.23996782302856 4.24315071105957 4.24065160751343 4.23046445846558 4.2255072593689 4.22726631164551 4.24125385284424 4.25637340545654 4.26471948623657 4.27037191390991 4.27500057220459 4.2778697013855 4.27852535247803 4.27686166763306 4.27701902389526 4.27343797683716 4.26694250106812 4.26531934738159 4.2826247215271 4.28621339797974 4.30769824981689 4.30141687393188 4.28864574432373 4.2845606803894 4.27738237380981 4.27429342269897 4.27302598953247 4.27418279647827 4.27525949478149 4.28164672851562 4.28470087051392
4.36496877670288 4.34666538238525 4.34864234924316 4.35846328735352 4.37721538543701 4.39990758895874 4.3743782043457 4.33175230026245 4.32222652435303 4.31843233108521 4.27318000793457 4.24638509750366 4.24379777908325 4.24508476257324 4.24989414215088 4.25631380081177 4.26060628890991 4.26228666305542 4.25857543945312 4.24322605133057 4.23123836517334 4.22746229171753 4.23595905303955 4.252366065979 4.26600885391235 4.27263116836548 4.27474689483643 4.27841377258301 4.2793607711792 4.27847242355347 4.27798748016357 4.27513217926025 4.27094459533691 4.26591444015503 4.26155567169189 4.25932598114014 4.31277513504028 4.32466745376587 4.32482576370239 4.30951070785522 4.2932186126709 4.26973247528076 4.27252578735352 4.27660036087036 4.28082132339478 4.2822904586792 4.28647804260254
4.30044269561768 4.30174255371094 4.33033037185669 4.35295820236206 4.34207010269165 4.34396600723267 4.33630418777466 4.32109832763672 4.31543636322021 4.2713680267334 4.24416780471802 4.26021432876587 4.26440525054932 4.2629132270813 4.2656569480896 4.2693338394165 4.27439451217651 4.27101993560791 4.26743173599243 4.25893068313599 4.24057292938232 4.23250675201416 4.23714590072632 4.24959707260132 4.26518249511719 4.27218389511108 4.2760157585144 4.27797174453735 4.27901172637939 4.27881240844727 4.27835130691528 4.27796840667725 4.27417135238647 4.26773452758789 4.26207208633423 4.25818586349487 4.30837726593018 4.33120250701904 4.3223729133606 4.30382061004639 4.28192377090454 4.28243017196655 4.27605152130127 4.28043556213379 4.2801775932312 4.29015207290649 4.29750919342041
4.29392957687378 4.29255819320679 4.30620908737183 4.31304216384888 4.31694889068604 4.31671142578125 4.31985473632812 4.32472515106201 4.31032228469849 4.25702953338623 4.26494026184082 4.27034330368042 4.26655149459839 4.26882171630859 4.27088642120361 4.27262401580811 4.27173042297363 4.27039623260498 4.2657675743103 4.26197290420532 4.26129341125488 4.24700736999512 4.24354410171509 4.24981355667114 4.26084804534912 4.26825618743896 4.27377843856812 4.27731895446777 4.2778434753418 4.27766180038452 4.27735805511475 4.27639150619507 4.27170896530151 4.26673126220703 4.26140546798706 4.2597508430481 4.31998348236084 4.32736587524414 4.32334899902344 4.29602336883545 4.27404022216797 4.27099943161011 4.27579212188721 4.27875328063965 4.27499580383301 4.2854528427124 4.28869581222534
4.28763437271118 4.29155206680298 4.29751968383789 4.2856912612915 4.29443740844727 4.27097654342651 4.24244260787964 4.24792957305908 4.25727987289429 4.27258062362671 4.26612710952759 4.26746034622192 4.26844120025635 4.27008676528931 4.27047729492188 4.27226305007935 4.27134799957275 4.26945972442627 4.26699590682983 4.26276922225952 4.26135778427124 4.26423740386963 4.25353860855103 4.252610206604 4.2603120803833 4.2652530670166 4.26906967163086 4.27291870117188 4.27396392822266 4.27374935150146 4.27286767959595 4.26959419250488 4.26508903503418 4.26031303405762 4.2576961517334 4.25920486450195 4.31951475143433 4.33108615875244 4.32708311080933 4.3081955909729 4.27741050720215 4.27003383636475 4.26829242706299 4.2720890045166 4.27155780792236 4.2766284942627 4.27912569046021
4.26461029052734 4.26039791107178 4.25660514831543 4.2498574256897 4.26012086868286 4.23675680160522 4.24014854431152 4.25186443328857 4.26378774642944 4.26698112487793 4.26797103881836 4.26891183853149 4.27083015441895 4.2739839553833 4.27457571029663 4.27505302429199 4.27600240707397 4.27546119689941 4.27247953414917 4.26923799514771 4.26616144180298 4.26424551010132 4.26550197601318 4.26673650741577 4.26589107513428 4.26596260070801 4.269455909729 4.27347564697266 4.27295541763306 4.27158117294312 4.26881217956543 4.2639594078064 4.25883388519287 4.25585889816284 4.255202293396 4.2869610786438 4.33508253097534 4.32830333709717 4.32354688644409 4.29557514190674 4.27848672866821 4.27371406555176 4.2696385383606 4.27006816864014 4.27113771438599 4.27510547637939 4.27858638763428
4.2581582069397 4.2590160369873 4.25296449661255 4.24346256256104 4.23648357391357 4.23267889022827 4.2650785446167 4.27497577667236 4.26842212677002 4.27348375320435 4.29941320419312 4.29977941513062 4.30089330673218 4.31482601165771 4.30115032196045 4.29322862625122 4.28361940383911 4.27827024459839 4.27861070632935 4.27705383300781 4.27235507965088 4.26794958114624 4.26646566390991 4.26616382598877 4.26770544052124 4.27087879180908 4.27392244338989 4.27585124969482 4.27396154403687 4.2693886756897 4.2642297744751 4.26269054412842 4.275475025177 4.29655122756958 4.32146406173706 4.33556270599365 4.33839988708496 4.3245644569397 4.32094764709473 4.29657459259033 4.28185319900513 4.28003025054932 4.27504682540894 4.2738995552063 4.27374172210693 4.27857875823975 4.28120756149292
4.25677061080933 4.26067590713501 4.24700593948364 4.23826503753662 4.23629522323608 4.24324226379395 4.30865478515625 4.31671810150146 4.3135724067688 4.29614877700806 4.29185819625854 4.29192209243774 4.29701948165894 4.31690216064453 4.32280158996582 4.31557178497314 4.31240272521973 4.31635475158691 4.31006383895874 4.28052759170532 4.27875232696533 4.2757625579834 4.27272319793701 4.27081727981567 4.27205514907837 4.27429008483887 4.27491331100464 4.27418756484985 4.26973962783813 4.26429605484009 4.28202438354492 4.32270526885986 4.32853174209595 4.33305025100708 4.33879661560059 4.33781003952026 4.34042549133301 4.33646965026855 4.3254508972168 4.32363033294678 4.29597806930542 4.28480339050293 4.2827000617981 4.27957677841187 4.27865648269653 4.28183126449585 4.28279733657837
4.25065469741821 4.24766540527344 4.24590873718262 4.24904298782349 4.25867795944214 4.29373073577881 4.31356143951416 4.31416082382202 4.31555891036987 4.30318450927734 4.29533004760742 4.29391956329346 4.29794883728027 4.31054306030273 4.3231463432312 4.31193351745605 4.3071174621582 4.31066417694092 4.31243276596069 4.31210565567017 4.29891967773438 4.28017377853394 4.27829074859619 4.27665615081787 4.27649259567261 4.27673196792603 4.27472400665283 4.27059650421143 4.26817655563354 4.29136991500854 4.32448530197144 4.33031797409058 4.3338828086853 4.3387279510498 4.33870267868042 4.31925916671753 4.32234144210815 4.32010984420776 4.31450700759888 4.30092573165894 4.28663015365601 4.28745603561401 4.28418016433716 4.28154611587524 4.28161239624023 4.28171920776367 4.28358459472656
4.24620819091797 4.24789381027222 4.26377534866333 4.30403327941895 4.30428028106689 4.29962682723999 4.29723215103149 4.30230236053467 4.31018781661987 4.30730295181274 4.299644947052 4.29397439956665 4.29649257659912 4.30750846862793 4.31989336013794 4.31532287597656 4.31485986709595 4.31596040725708 4.31721162796021 4.32384729385376 4.32852649688721 4.31447982788086 4.29675579071045 4.31246662139893 4.3085732460022 4.29843235015869 4.30586671829224 4.30290937423706 4.31766366958618 4.32621669769287 4.33086395263672 4.33168029785156 4.33267116546631 4.33745098114014 4.34070205688477 4.33470392227173 4.31888675689697 4.30444860458374 4.28641986846924 4.28428316116333 4.27615356445312 4.27816390991211 4.28129768371582 4.28127145767212 4.2817645072937 4.28306865692139 4.28759384155273
4.25465488433838 4.26584482192993 4.30119371414185 4.30188751220703 4.29641151428223 4.2882776260376 4.28121328353882 4.28505182266235 4.29549217224121 4.30043649673462 4.2966456413269 4.29480743408203 4.29780769348145 4.30639600753784 4.31453037261963 4.32002067565918 4.32056045532227 4.31856727600098 4.32403898239136 4.32756996154785 4.32591867446899 4.3214864730835 4.32778310775757 4.33158588409424 4.31758260726929 4.31608772277832 4.31980991363525 4.32548046112061 4.32756805419922 4.33052110671997 4.32995986938477 4.33086156845093 4.3342661857605 4.33170413970947 4.32927846908569 4.33214569091797 4.34165668487549 4.34079551696777 4.29355478286743 4.28242588043213 4.28197956085205 4.27533769607544 4.27694129943848 4.27842617034912 4.28046751022339 4.28381061553955 4.28790235519409
4.29465961456299 4.30300855636597 4.30366373062134 4.29957723617554 4.29488945007324 4.28852081298828 4.28036546707153 4.2840371131897 4.2936487197876 4.29778861999512 4.29777526855469 4.29897499084473 4.30238437652588 4.31244564056396 4.31903553009033 4.32310152053833 4.32227754592896 4.31833171844482 4.32717514038086 4.3256983757019 4.32194471359253 4.32167673110962 4.32541608810425 4.31528234481812 4.31202793121338 4.31630802154541 4.32003450393677 4.32334136962891 4.32422685623169 4.32597732543945 4.32778215408325 4.33293199539185 4.33823156356812 4.33833456039429 4.33067560195923 4.32584714889526 4.32415533065796 4.334153175354 4.32712459564209 4.28818464279175 4.28074026107788 4.28297281265259 4.27992725372314 4.27868890762329 4.2800464630127 4.28306293487549 4.28592824935913
4.30441951751709 4.30176448822021 4.30040788650513 4.29495191574097 4.2916579246521 4.28737592697144 4.28175783157349 4.28382396697998 4.29227495193481 4.29614925384521 4.29979705810547 4.30070924758911 4.30512285232544 4.31337976455688 4.32121753692627 4.32287836074829 4.31977272033691 4.31594133377075 4.32437229156494 4.32637500762939 4.32465219497681 4.32385730743408 4.31569862365723 4.31166315078735 4.31153917312622 4.31173801422119 4.3165717124939 4.3225359916687 4.32475996017456 4.32842254638672 4.33280324935913 4.33769416809082 4.33721446990967 4.33792161941528 4.3361759185791 4.33099889755249 4.32043123245239 4.31487417221069 4.32859706878662 4.31624460220337 4.27818536758423 4.28515863418579 4.2847261428833 4.2831883430481 4.28299951553345 4.284912109375 4.28729391098022
4.30586719512939 4.30250930786133 4.29908561706543 4.28994035720825 4.2874927520752 4.28444576263428 4.28408622741699 4.28429269790649 4.28975391387939 4.29216432571411 4.29380130767822 4.29791069030762 4.30543518066406 4.31346893310547 4.32024717330933 4.32112693786621 4.31533050537109 4.30876970291138 4.31344079971313 4.31754970550537 4.31419849395752 4.30981016159058 4.3067045211792 4.30535697937012 4.30792760848999 4.3086895942688 4.3098669052124 4.31690645217896 4.32254362106323 4.32531213760376 4.33374691009521 4.33210468292236 4.31408405303955 4.31438589096069 4.31633520126343 4.30696153640747 4.31900835037231 4.31819200515747 4.31888723373413 4.33110570907593 4.29833316802979 4.27948331832886 4.282395362854 4.28546380996704 4.28871822357178 4.29375791549683 4.2967963218689
