Ecospace-environmental-drivers/Outputs/ASCII-for-ecospace/Temp-bot/Temp-bot_X2009.09.asc
NCOLS 131 
NROWS 53 
XLLCORNER -98 
YLLCORNER 23.9265270233154 
CELLSIZE 0.133587792515755 
NODATA_value -3.4e+38 
[rows 0 to 20 of 53, columns 47 to 93 of 131]
-3.4e+38 -3.4e+38 -3.4e+38 -3.4e+38 -3.4e+38 -3.4e+38 -3.4e+38 -3.4e+38 -3.4e+38 -3.4e+38 -3.4e+38 -3.4e+38 -3.4e+38 -3.4e+38 -3.4e+38 -3.4e+38 -3.4e+38 -3.4e+38 -3.4e+38 -3.4e+38 -3.4e+38 -3.4e+38 -3.4e+38 -3.4e+38 -3.4e+38 -3.4e+38 -3.4e+38 -3.4e+38 -3.4e+38 -3.4e+38 -3.4e+38 -3.4e+38 -3.4e+38 -3.4e+38 -3.4e+38 -3.4e+38 -3.4e+38 -3.4e+38 -3.4e+38 -3.4e+38 -3.4e+38 -3.4e+38 -3.4e+38 -3.4e+38 -3.4e+38 -3.4e+38 -3.4e+38
-3.4e+38 -3.4e+38 -3.4e+38 -3.4e+38 -3.4e+38 -3.4e+38 -3.4e+38 -3.4e+38 -3.4e+38 -3.4e+38 -3.4e+38 -3.4e+38 -3.4e+38 -3.4e+38 -3.4e+38 -3.4e+38 -3.4e+38 -3.4e+38 -3.4e+38 -3.4e+38 -3.4e+38 -3.4e+38 -3.4e+38 -3.4e+38 -3.4e+38 -3.4e+38 -3.4e+38 -3.4e+38 -3.4e+38 -3.4e+38 -3.4e+38 -3.4e+38 -3.4e+38 -3.4e+38 -3.4e+38 -3.4e+38 -3.4e+38 -3.4e+38 -3.4e+38 -3.4e+38 -3.4e+38 -3.4e+38 -3.4e+38 -3.4e+38 -3.4e+38 -3.4e+38 -3.4e+38
-3.4e+38 -3.4e+38 -3.4e+38 -3.4e+38 -3.4e+38 -3.4e+38 -3.4e+38 -3.4e+38 -3.4e+38 -3.4e+38 -3.4e+38 -3.4e+38 -3.4e+38 -3.4e+38 -3.4e+38 -3.4e+38 -3.4e+38 -3.4e+38 -3.4e+38 -3.4e+38 -3.4e+38 -3.4e+38 -3.4e+38 -3.4e+38 -3.4e+38 -3.4e+38 -3.4e+38 29.8991680145264 30.0812339782715 -3.4e+38 -3.4e+38 -3.4e+38 -3.4e+38 -3.4e+38 -3.4e+38 -3.4e+38 -3.4e+38 -3.4e+38 -3.4e+38 -3.4e+38 -3.4e+38 -3.4e+38 -3.4e+38 -3.4e+38 -3.4e+38 -3.4e+38 -3.4e+38
-3.4e+38 -3.4e+38 -3.4e+38 -3.4e+38 -3.4e+38 -3.4e+38 -3.4e+38 -3.4e+38 -3.4e+38 -3.4e+38 -3.4e+38 -3.4e+38 -3.4e+38 -3.4e+38 -3.4e+38 -3.4e+38 -3.4e+38 -3.4e+38 -3.4e+38 -3.4e+38 -3.4e+38 -3.4e+38 -3.4e+38 -3.4e+38 -3.4e+38 -3.4e+38 -3.4e+38 29.6034641265869 29.7930374145508 -3.4e+38 -3.4e+38 -3.4e+38 -3.4e+38 -3.4e+38 -3.4e+38 -3.4e+38 -3.4e+38 -3.4e+38 -3.4e+38 -3.4e+38 -3.4e+38 -3.4e+38 -3.4e+38 -3.4e+38 -3.4e+38 -3.4e+38 -3.4e+38
-3.4e+38 -3.4e+38 -3.4e+38 -3.4e+38 -3.4e+38 -3.4e+38 -3.4e+38 -3.4e+38 -3.4e+38 30.7275314331055 30.7275314331055 30.7260246276855 30.7047634124756 -3.4e+38 -3.4e+38 -3.4e+38 -3.4e+38 -3.4e+38 30.2888584136963 30.2213306427002 30.1272754669189 30.1386623382568 30.136589050293 30.262580871582 30.2537269592285 30.0098628997803 29.7855777740479 29.338436126709 29.7611103057861 30.4842796325684 -3.4e+38 -3.4e+38 29.0761241912842 29.0546207427979 29.3882141113281 29.1826324462891 28.941837310791 29.1830615997314 29.2905178070068 28.7741355895996 29.0869388580322 28.8120937347412 -3.4e+38 -3.4e+38 -3.4e+38 -3.4e+38 -3.4e+38
-3.4e+38 -3.4e+38 -3.4e+38 -3.4e+38 -3.4e+38 -3.4e+38 -3.4e+38 -3.4e+38 30.7275314331055 30.7275314331055 30.7275314331055 30.7275314331055 30.7245178222656 30.698055267334 30.6689529418945 -3.4e+38 30.5516910552979 30.5701675415039 30.3129329681396 30.05100440979 29.6778469085693 29.4914131164551 29.7720260620117 29.6590728759766 29.5587348937988 29.2362480163574 29.1313915252686 29.3450012207031 29.8399391174316 30.5215911865234 29.1747016906738 29.1387367248535 29.1640281677246 28.9256057739258 28.7406368255615 28.4460926055908 28.3171577453613 28.2225589752197 28.1290340423584 28.1499080657959 28.3188858032227 28.7660236358643 29.0765285491943 29.2522678375244 -3.4e+38 -3.4e+38 -3.4e+38
-3.4e+38 -3.4e+38 -3.4e+38 -3.4e+38 -3.4e+38 -3.4e+38 -3.4e+38 -3.4e+38 30.7298355102539 30.7275314331055 30.7275314331055 30.7275314331055 30.7275314331055 30.7215042114258 30.6742324829102 30.6689529418945 30.5398502349854 30.4277935028076 30.2243709564209 29.8702774047852 29.2209510803223 28.9207954406738 28.6697769165039 28.4693145751953 28.4265785217285 28.353494644165 28.2821140289307 28.4991111755371 28.5939617156982 28.6404781341553 28.6270904541016 28.432767868042 28.3120536804199 27.9002799987793 27.2137222290039 25.0623607635498 23.3280067443848 23.9443016052246 24.5868167877197 24.8201427459717 25.2784843444824 26.515344619751 27.731782913208 28.4898452758789 28.8747844696045 28.8128547668457 -3.4e+38
-3.4e+38 -3.4e+38 -3.4e+38 -3.4e+38 -3.4e+38 -3.4e+38 -3.4e+38 -3.4e+38 -3.4e+38 -3.4e+38 30.7275314331055 30.7275314331055 30.7275314331055 -3.4e+38 30.7154750823975 30.5849723815918 30.5657920837402 30.5149459838867 30.3656730651855 30.0513534545898 29.6367416381836 29.3371810913086 28.6719341278076 27.897481918335 27.3160362243652 27.1691417694092 27.2340183258057 27.7268981933594 27.8420886993408 27.7285690307617 27.4372711181641 27.263614654541 27.0348491668701 25.3994064331055 22.7692737579346 18.9644508361816 18.1467437744141 19.0839824676514 20.5930633544922 21.2823944091797 22.0679473876953 23.7576923370361 25.688440322876 26.9036426544189 28.2637710571289 28.8652801513672 29.2475814819336
-3.4e+38 -3.4e+38 -3.4e+38 -3.4e+38 -3.4e+38 -3.4e+38 -3.4e+38 -3.4e+38 -3.4e+38 -3.4e+38 -3.4e+38 -3.4e+38 -3.4e+38 -3.4e+38 30.6641311645508 30.5851249694824 30.5805339813232 30.5651378631592 30.3997688293457 30.2825756072998 30.0526275634766 29.6229972839355 28.6381778717041 27.4628601074219 25.6203117370605 25.0934715270996 25.430606842041 25.8376770019531 25.9788150787354 25.8191318511963 25.8239421844482 25.3724937438965 24.5748672485352 20.6602745056152 18.0261993408203 16.438684463501 16.6880035400391 17.7168636322021 18.715669631958 19.5349559783936 20.4311561584473 22.094820022583 23.2765445709229 24.7892742156982 26.7938899993896 28.2247257232666 28.9215641021729
30.656213760376 -3.4e+38 -3.4e+38 -3.4e+38 -3.4e+38 -3.4e+38 -3.4e+38 -3.4e+38 -3.4e+38 -3.4e+38 30.8378925323486 30.7897167205811 -3.4e+38 -3.4e+38 -3.4e+38 30.5338840484619 30.6508922576904 30.5968780517578 30.4246501922607 30.322546005249 30.1632232666016 29.3969688415527 28.5627288818359 27.0497512817383 24.3628787994385 23.7430534362793 23.9450931549072 24.3349227905273 24.3255920410156 24.2613182067871 24.2169322967529 23.3382320404053 20.8062076568604 16.9550075531006 15.5332269668579 15.3317928314209 15.8082113265991 16.4705696105957 17.3022727966309 18.3213653564453 19.5816631317139 21.7653713226318 22.6408081054688 23.9299221038818 26.0510005950928 27.7376766204834 28.677791595459
30.3975257873535 30.5445671081543 -3.4e+38 -3.4e+38 -3.4e+38 -3.4e+38 -3.4e+38 -3.4e+38 -3.4e+38 -3.4e+38 30.8953285217285 30.8667449951172 30.8519020080566 -3.4e+38 -3.4e+38 30.3538913726807 30.4153823852539 30.5744667053223 30.4500598907471 30.260721206665 29.8382015228271 29.0518703460693 28.4328880310059 26.2810096740723 23.1772632598877 22.9446563720703 23.2746047973633 23.5345668792725 23.5738925933838 23.3675079345703 22.6684417724609 21.0645790100098 19.0833034515381 14.7131719589233 13.5189867019653 13.6917266845703 14.5947513580322 15.3192691802979 16.131420135498 17.0843963623047 18.5461044311523 19.9065208435059 21.7800559997559 23.7551040649414 26.185489654541 27.9083366394043 28.6758193969727
30.2318935394287 30.3715515136719 30.4576587677002 30.5549011230469 -3.4e+38 -3.4e+38 -3.4e+38 -3.4e+38 -3.4e+38 -3.4e+38 -3.4e+38 30.8995018005371 30.8340816497803 30.8519020080566 30.4548797607422 30.3330669403076 30.6276836395264 30.5091304779053 30.290355682373 29.7587432861328 28.9563331604004 28.271312713623 26.4530544281006 22.9540767669678 22.1572608947754 22.1861114501953 22.5812759399414 22.5099792480469 21.71803855896 21.1385154724121 20.4845542907715 18.7872638702393 14.4832887649536 11.6940660476685 10.8171167373657 10.4700231552124 11.4058637619019 12.7357416152954 14.5510177612305 15.8942098617554 16.9932270050049 18.4906921386719 20.2154979705811 22.7554016113281 25.3611450195312 28.0505428314209 28.6197109222412
29.6890201568604 30.0793380737305 30.4266262054443 30.7804183959961 -3.4e+38 -3.4e+38 -3.4e+38 -3.4e+38 30.9519786834717 30.9359111785889 30.8270797729492 30.7146377563477 30.9719257354736 30.6784172058105 29.9353084564209 29.6306819915771 30.0829620361328 30.2492198944092 30.1744403839111 29.3469047546387 27.6636219024658 24.5653343200684 22.2783336639404 21.4814357757568 21.1808528900146 20.9233283996582 20.0494651794434 18.4261951446533 17.7174339294434 17.0362434387207 14.2579946517944 10.7220401763916 8.12116146087646 8.04132461547852 7.53104782104492 7.29913568496704 9.71176147460938 11.068229675293 11.9265441894531 13.7165565490723 15.4154071807861 16.6346988677979 18.1327743530273 19.9487342834473 21.0669384002686 22.6239986419678 24.2271289825439
29.5125923156738 29.548454284668 29.7802410125732 30.1879863739014 30.5765419006348 30.5883102416992 30.6507930755615 30.7234191894531 30.772575378418 30.7178573608398 30.722749710083 30.881872177124 30.1695652008057 29.3391265869141 28.5504550933838 29.0775527954102 29.9624061584473 30.0717735290527 29.8133811950684 28.0711975097656 27.8349933624268 21.9904022216797 20.5948524475098 19.0980205535889 16.9155693054199 15.4974431991577 13.2302675247192 11.1229305267334 9.57760810852051 7.36320972442627 5.54773569107056 5.00599002838135 5.12303686141968 5.85572242736816 6.20072031021118 6.98086547851562 8.77395248413086 10.1987504959106 11.3500947952271 12.0882482528687 13.557017326355 14.9607772827148 16.2444858551025 17.0343055725098 18.2484817504883 19.1185741424561 20.4981632232666
29.5043048858643 29.4481163024902 29.6207294464111 29.9951858520508 30.2771244049072 30.242919921875 30.3723411560059 30.4107112884521 30.3405132293701 30.1958904266357 30.11350440979 29.505744934082 28.629976272583 27.0531711578369 25.8944568634033 27.1074638366699 28.5506896972656 30.3846607208252 30.3452091217041 28.1214599609375 23.011754989624 18.4902534484863 16.3748149871826 12.7550210952759 10.1752824783325 8.33061599731445 6.02153587341309 5.1967601776123 4.78473424911499 4.49024534225464 4.43911361694336 4.45538520812988 4.56848669052124 5.16426801681519 5.7756495475769 6.96852254867554 8.35057067871094 9.8583459854126 10.8875350952148 11.5484323501587 12.3515472412109 13.7323961257935 15.1742467880249 16.0426216125488 16.8033180236816 17.5797996520996 19.4672718048096
29.1602249145508 29.3329601287842 29.5234546661377 29.7475318908691 29.7537174224854 29.6011772155762 29.585750579834 29.6358833312988 29.6101417541504 29.3708934783936 28.9283199310303 27.9695739746094 26.2594051361084 24.596248626709 23.2613754272461 22.9442653656006 24.8057403564453 26.9416694641113 23.8179054260254 21.876838684082 17.0225009918213 12.9846096038818 10.7049942016602 8.58412742614746 6.11047267913818 5.18176221847534 4.82795476913452 4.42641496658325 4.32019853591919 4.28841209411621 4.28566598892212 4.29623746871948 4.46862840652466 5.10013771057129 5.91785717010498 6.94048023223877 8.18942451477051 9.4329776763916 10.4418115615845 11.2571887969971 11.8276567459106 12.6432933807373 13.9394035339355 15.4789142608643 16.4439029693604 17.004093170166 17.8856906890869
27.8621368408203 28.4918518066406 29.0853710174561 29.4658241271973 29.5843448638916 29.4688987731934 29.3967323303223 29.3690452575684 29.2824821472168 28.9903411865234 27.7841110229492 25.7805614471436 24.2594947814941 22.7522888183594 21.2666702270508 20.5349750518799 20.5361480712891 20.3313312530518 17.7712554931641 13.978853225708 10.5900325775146 7.09894227981567 5.84188270568848 5.26012945175171 4.85204744338989 4.6145339012146 4.44851684570312 4.30973958969116 4.28847455978394 4.28006172180176 4.27461338043213 4.30997467041016 4.49839353561401 5.09321594238281 5.82252168655396 6.76473665237427 7.99392652511597 9.13647651672363 10.2838335037231 11.1506023406982 11.4723205566406 12.1646385192871 13.4456806182861 14.4704761505127 16.0036010742188 16.8042144775391 17.2880611419678
25.5932464599609 26.3573379516602 27.364070892334 28.3656349182129 29.0132350921631 29.1883029937744 29.1862144470215 29.0879364013672 28.8247241973877 28.1021595001221 26.0223846435547 23.2931804656982 19.5958309173584 16.3468227386475 17.345006942749 19.0047588348389 18.6023178100586 16.9684295654297 14.6476888656616 10.5183305740356 6.44299936294556 5.13439893722534 4.90279579162598 4.52990102767944 4.40961313247681 4.3214225769043 4.29703378677368 4.28332567214966 4.28005075454712 4.28232192993164 4.28272342681885 4.32715368270874 4.48994207382202 5.02054738998413 5.57359981536865 6.49910497665405 7.16476488113403 8.32803821563721 9.83251094818115 10.9025726318359 11.2923212051392 11.7902965545654 12.8131952285767 13.8644618988037 15.2875366210938 16.132740020752 16.8157138824463
23.0968551635742 23.5489826202393 24.1975955963135 25.0758304595947 25.8891162872314 26.4369926452637 26.7395401000977 26.5253715515137 25.4103050231934 24.3652725219727 23.4554481506348 22.2586097717285 19.2069988250732 12.4743318557739 9.88990116119385 11.1867275238037 11.9749021530151 12.80406665802 11.3582973480225 8.43333911895752 6.11860513687134 5.05883646011353 4.53496742248535 4.39204120635986 4.29463529586792 4.2860312461853 4.27692937850952 4.27884197235107 4.28326797485352 4.28357028961182 4.29315185546875 4.31145429611206 4.46748399734497 4.86127042770386 5.23257207870483 5.96721029281616 6.52496433258057 7.16441059112549 8.04248714447021 9.3970365524292 10.5654811859131 11.2151899337769 11.8579978942871 12.8994941711426 14.0325107574463 15.3263292312622 16.0831413269043
21.8488082885742 22.0384292602539 22.2640571594238 22.5741729736328 22.9514083862305 23.3206081390381 23.4149188995361 23.3351707458496 23.1210517883301 22.8043384552002 22.3084945678711 21.538948059082 19.8362979888916 14.3965950012207 10.301290512085 6.83887100219727 6.86339902877808 7.66884803771973 7.53621625900269 6.3491096496582 5.02459001541138 4.72512149810791 4.46148824691772 4.345703125 4.28673505783081 4.28744554519653 4.28302812576294 4.28667163848877 4.28756523132324 4.28403902053833 4.30996084213257 4.30710220336914 4.32763528823853 4.51530361175537 4.90255737304688 5.27472114562988 5.71957635879517 6.28375768661499 6.76650428771973 7.44654178619385 8.43095874786377 9.86406898498535 10.7536754608154 11.5697755813599 12.6821918487549 13.7873601913452 14.9910612106323
21.2986793518066 21.1907787322998 21.1194896697998 21.1474075317383 21.1732749938965 21.2652816772461 21.3990459442139 21.4805660247803 21.4725704193115 21.1694717407227 20.4692478179932 19.7071132659912 17.4162120819092 13.9065446853638 9.55376434326172 6.11463737487793 5.37661361694336 5.56936740875244 5.75980663299561 5.07625818252563 4.81776905059814 4.46683073043823 4.34232997894287 4.30165672302246 4.28733348846436 4.28055191040039 4.28301000595093 4.28712892532349 4.28734302520752 4.28295946121216 4.30382966995239 4.31674337387085 4.30990695953369 4.29820442199707 4.34876918792725 4.41204977035522 4.6856575012207 5.14715909957886 5.78413963317871 6.27852773666382 6.63406991958618 7.28995943069458 8.29791355133057 9.67505836486816 10.804271697998 11.8109216690063 12.7015199661255
