Ecospace-environmental-drivers/Outputs/ASCII-for-ecospace/Temp-bot/Temp-bot_X2009.08.asc
NCOLS 131 
NROWS 53 
XLLCORNER -98 
YLLCORNER 23.9265270233154 
CELLSIZE 0.133587792515755 
NODATA_value -3.4e+38 
[rows 21 to 41 of 53, columns 0 to 46 of 131]
-3.4e+38 -3.4e+38 -3.4e+38 -3.4e+38 -3.4e+38 -3.4e+38 29.8356113433838 29.9281196594238 29.8996295928955 30.3082695007324 29.7998104095459 29.4391231536865 29.0374736785889 28.4724102020264 27.3542537689209 26.0756568908691 25.3164844512939 24.6113471984863 23.9034233093262 23.3373374938965 23.0176372528076 22.7633514404297 22.5454177856445 22.6094017028809 22.4825954437256 22.0666637420654 21.4224643707275 20.4915714263916 19.6912498474121 19.3231410980225 19.2939395904541 19.4334526062012 19.6188526153564 19.7126235961914 19.6556663513184 19.5292930603027 19.4776668548584 19.5831623077393 19.6490020751953 19.5916366577148 19.557954788208 19.5751857757568 19.3126964569092 19.2068481445312 19.1815032958984 19.1592121124268 19.1198139190674
-3.4e+38 -3.4e+38 -3.4e+38 -3.4e+38 -3.4e+38 -3.4e+38 29.9003601074219 29.6783561706543 29.9281196594238 29.4624977111816 29.1369457244873 28.4523525238037 27.0196266174316 25.2810115814209 24.1398239135742 23.5237293243408 23.2445259094238 22.9978008270264 22.7054691314697 22.411060333252 21.6615943908691 20.9321155548096 20.5404109954834 20.5049057006836 20.5941619873047 20.5837631225586 19.8734493255615 18.9644317626953 18.6822299957275 18.6440715789795 18.6585426330566 18.5248069763184 18.433406829834 18.3516654968262 18.2348861694336 18.3341941833496 18.308895111084 18.2396335601807 18.0718803405762 17.5498065948486 17.9361515045166 18.0349941253662 17.5150241851807 17.7617778778076 17.9951572418213 17.9361305236816 17.8110313415527
-3.4e+38 -3.4e+38 -3.4e+38 -3.4e+38 29.9739322662354 29.957160949707 29.6803970336914 29.9003601074219 29.2065887451172 28.9158382415771 28.0727558135986 25.500280380249 23.4344482421875 22.3995800018311 22.026782989502 22.1880130767822 22.120548248291 22.0274868011475 21.6414909362793 20.42551612854 18.7484302520752 17.3052043914795 15.9143657684326 15.0934820175171 15.6127691268921 14.8817272186279 15.0991144180298 16.0032615661621 17.2352924346924 16.7073650360107 17.3161640167236 17.3456630706787 17.3184127807617 16.5889167785645 17.6343441009521 17.2512950897217 16.3670864105225 16.5263595581055 14.9520740509033 11.5645008087158 12.3473033905029 12.0555038452148 14.1244688034058 12.587384223938 13.7079858779907 14.1001358032227 14.3363647460938
-3.4e+38 -3.4e+38 -3.4e+38 -3.4e+38 30.1177520751953 29.8468856811523 29.957160949707 29.1836681365967 28.6620006561279 27.9184989929199 25.2253017425537 22.9522342681885 21.6743831634521 20.7710056304932 20.3188076019287 20.2319755554199 19.4757251739502 16.9827632904053 15.4388370513916 13.1045379638672 10.6382150650024 9.1639232635498 9.7623872756958 9.87236022949219 10.3462791442871 10.1211452484131 10.5264825820923 9.99760055541992 10.9072885513306 10.4615097045898 11.1986694335938 12.7380313873291 13.0865564346313 13.7961673736572 14.9858245849609 14.5851850509644 15.4238595962524 13.9796848297119 11.3914737701416 8.15363883972168 8.71428871154785 9.19556713104248 9.44063854217529 8.65397262573242 8.15853118896484 8.63196849822998 7.65553522109985
-3.4e+38 -3.4e+38 -3.4e+38 -3.4e+38 -3.4e+38 30.1177520751953 29.4657421112061 28.6541328430176 27.7293357849121 25.5393657684326 23.0722923278809 21.5791568756104 20.2111053466797 19.0422172546387 17.6823196411133 15.4768152236938 12.1903228759766 9.00228595733643 8.38072299957275 7.40417003631592 6.39126062393188 6.25367975234985 6.55586910247803 6.77717971801758 7.32335472106934 6.74777030944824 6.98183107376099 6.99793100357056 6.63461446762085 6.63875007629395 6.743980884552 7.96476030349731 8.87203121185303 10.7258005142212 10.7560815811157 11.235782623291 10.5691289901733 8.82195854187012 6.39673280715942 6.20412588119507 6.90378284454346 6.84727621078491 6.25538063049316 6.11872673034668 5.8407154083252 6.16564035415649 5.87719535827637
-3.4e+38 -3.4e+38 -3.4e+38 -3.4e+38 -3.4e+38 29.9034652709961 28.8625106811523 27.935884475708 26.1334018707275 23.4924144744873 21.8954296112061 20.4070243835449 18.8275852203369 16.7234992980957 13.8563022613525 11.0927581787109 8.0063591003418 6.38261365890503 6.10215377807617 5.52184581756592 5.15499067306519 5.21657752990723 5.24734926223755 5.60947751998901 5.16167974472046 5.27703142166138 5.21745872497559 5.12568855285645 5.32707118988037 5.16187524795532 5.49539232254028 6.09299755096436 7.08832788467407 7.76711225509644 6.90244722366333 7.40658283233643 6.85005283355713 5.80260515213013 5.59714698791504 5.38256549835205 5.6988353729248 5.31306934356689 5.5425910949707 5.50497150421143 5.50641345977783 5.53998947143555 5.03567028045654
-3.4e+38 -3.4e+38 30.90846824646 30.7905693054199 29.9718399047852 29.4026260375977 28.4073867797852 26.9049434661865 24.5744514465332 22.4784374237061 20.9252395629883 19.300666809082 17.1546325683594 13.7819156646729 10.5601148605347 8.84462356567383 6.66451215744019 5.31157541275024 4.9069299697876 4.90249538421631 5.04969501495361 5.09825944900513 5.12974643707275 5.08483552932739 5.0138053894043 5.01834011077881 4.77317476272583 4.69979763031006 4.76437187194824 4.93543481826782 5.27959775924683 5.4939341545105 5.71360301971436 5.83847332000732 5.90372228622437 5.7426176071167 5.6468939781189 5.54213619232178 5.31708288192749 5.13144397735596 5.16535806655884 5.07136011123657 4.87372255325317 4.78350782394409 4.96981716156006 4.92262077331543 4.57410621643066
-339999999999999996128486808808066248288.000000000000000 -3.4e+38 -3.4e+38 -3.4e+38 30.6726703643799 28.9719657897949 27.6692581176758 25.8706645965576 23.540355682373 21.6942005157471 20.1063098907471 18.2039165496826 14.7060718536377 11.0539073944092 8.79092407226562 7.20648241043091 5.601637840271 5.05617952346802 4.91554737091064 4.93484544754028 5.10298013687134 5.0319128036499 5.04237127304077 5.07597923278809 5.148756980896 5.09136581420898 4.80145883560181 4.89474153518677 4.62387752532959 4.76066541671753 4.96033573150635 4.99775123596191 5.27782249450684 5.40588283538818 5.41252994537354 5.28620195388794 5.20166778564453 5.02318334579468 4.99430751800537 4.88936471939087 4.7159218788147 4.6399974822998 4.4871883392334 4.48390293121338 4.46288728713989 4.45199823379517 4.4369068145752
-3.4e+38 -3.4e+38 -3.4e+38 -3.4e+38 30.2168560028076 28.4119777679443 26.8686656951904 25.3666515350342 23.1386966705322 21.242956161499 19.4081363677979 16.9997329711914 12.0824880599976 9.18589305877686 7.0080099105835 6.10342741012573 5.53083229064941 5.23980617523193 5.03492450714111 5.08861207962036 4.78395795822144 4.54855680465698 4.53356552124023 4.5365629196167 4.5593900680542 4.7958722114563 4.62624835968018 4.5739049911499 4.32831001281738 4.83801937103271 4.86288547515869 4.88264799118042 4.74656820297241 4.86641502380371 4.85550355911255 4.55078458786011 4.65762042999268 4.64128541946411 4.5831151008606 4.52363443374634 4.48725271224976 4.46295785903931 4.41963768005371 4.35790252685547 4.40650510787964 4.36517000198364 4.34807443618774
-3.4e+38 -3.4e+38 -3.4e+38 -3.4e+38 29.9604911804199 28.1386108398438 26.6427154541016 25.1035804748535 22.9788494110107 21.1175537109375 19.1705455780029 15.2412538528442 10.48646068573 8.02077770233154 6.21063089370728 5.55351686477661 5.14119291305542 5.09837770462036 4.56947994232178 4.57697105407715 4.4656195640564 4.50763940811157 4.5286865234375 4.51136302947998 4.39191102981567 4.54164457321167 4.81909799575806 4.21863317489624 4.19247627258301 4.51782321929932 4.95846223831177 4.6797046661377 4.58254384994507 4.61059236526489 4.54164266586304 4.49557733535767 4.48019886016846 4.50208616256714 4.46342945098877 4.44657135009766 4.3974781036377 4.35965251922607 4.30929660797119 4.34034776687622 4.29394245147705 4.30023813247681 4.29371309280396
-3.4e+38 -3.4e+38 -3.4e+38 -3.4e+38 30.9456100463867 28.1872043609619 26.5775470733643 25.225435256958 23.2932929992676 21.3281097412109 19.1574096679688 15.127649307251 10.1098794937134 7.55764198303223 5.93615913391113 4.90110349655151 4.75494956970215 4.71120500564575 4.51672554016113 4.42093229293823 4.38316631317139 4.35750579833984 4.48073720932007 4.47388792037964 4.46331024169922 4.56459426879883 5.01045036315918 4.88815927505493 4.36544513702393 4.4896035194397 4.49102067947388 4.40878534317017 4.46061897277832 4.44961357116699 4.46672105789185 4.45328998565674 4.44866895675659 4.43005228042603 4.3339729309082 4.27064943313599 4.27038717269897 4.27194547653198 4.27568340301514 4.28114557266235 4.27858209609985 4.27299356460571 4.27240800857544
-3.4e+38 -3.4e+38 -3.4e+38 -3.4e+38 30.7522888183594 28.8011360168457 26.8838233947754 25.3683185577393 23.9735813140869 21.9615707397461 19.8806228637695 17.2470417022705 10.5059547424316 7.18169355392456 5.71167755126953 4.77566814422607 4.4190936088562 4.39154100418091 4.47063159942627 4.34929800033569 4.34742116928101 4.32119798660278 4.32594537734985 4.31613540649414 4.56571388244629 4.55740928649902 4.59236717224121 4.57698202133179 4.5247802734375 4.504563331604 4.36617183685303 4.44396591186523 4.44830417633057 4.36700296401978 4.29748487472534 4.34314775466919 4.29767656326294 4.28044557571411 4.26743936538696 4.26403665542603 4.26456212997437 4.26480913162231 4.26574850082397 4.27590084075928 4.27658271789551 4.26816606521606 4.26374864578247
-3.4e+38 -3.4e+38 -3.4e+38 -3.4e+38 30.8716220855713 29.4018573760986 27.5459175109863 25.2573089599609 24.4315891265869 23.078893661499 21.2817096710205 19.3812427520752 12.7782936096191 7.10806512832642 5.32479095458984 4.83746433258057 4.50132703781128 4.31823825836182 4.3706488609314 4.27817058563232 4.28839063644409 4.3108925819397 4.28893375396729 4.27606105804443 4.28241968154907 4.27966117858887 4.2797679901123 4.27856397628784 4.28738832473755 4.32979726791382 4.31654167175293 4.38797092437744 4.33556461334229 4.27876234054565 4.260338306427 4.2676682472229 4.26889133453369 4.26917028427124 4.27592086791992 4.2864556312561 4.27219867706299 4.2625584602356 4.26369428634644 4.26423501968384 4.26582765579224 4.26254034042358 4.26241874694824
-3.4e+38 -3.4e+38 -3.4e+38 -3.4e+38 -3.4e+38 29.0108585357666 28.1503353118896 25.6312942504883 24.3240966796875 23.5574531555176 22.3895072937012 21.2026233673096 15.8221645355225 7.34650802612305 5.40634155273438 4.83912229537964 4.6170072555542 4.33927917480469 4.34353446960449 4.26314353942871 4.25701713562012 4.28325843811035 4.25552129745483 4.25953578948975 4.27447414398193 4.28140830993652 4.26718902587891 4.25549268722534 4.26977205276489 4.28239440917969 4.28482437133789 4.28897714614868 4.28255653381348 4.2728271484375 4.26257419586182 4.25516605377197 4.25486421585083 4.25895929336548 4.26709699630737 4.2656455039978 4.26513481140137 4.26631784439087 4.26880073547363 4.25514984130859 4.2586555480957 4.26302099227905 4.26683330535889
-3.4e+38 -3.4e+38 -3.4e+38 -3.4e+38 -3.4e+38 31.3593654632568 28.4108200073242 26.1504459381104 24.2861518859863 23.3333911895752 22.335657119751 21.4327068328857 16.510835647583 7.69018888473511 5.62855577468872 4.84091329574585 4.86022758483887 4.4745659828186 4.36011838912964 4.25234127044678 4.25781726837158 4.26587820053101 4.27216911315918 4.26304817199707 4.27084255218506 4.31064939498901 4.2962646484375 4.27069044113159 4.26793146133423 4.2693829536438 4.27225542068481 4.27444887161255 4.2747802734375 4.27173185348511 4.28994941711426 4.2625412940979 4.25132417678833 4.25641965866089 4.26000547409058 4.25851202011108 4.25853776931763 4.27023029327393 4.27496242523193 4.26038360595703 4.25818777084351 4.26263809204102 4.26054906845093
-3.4e+38 -3.4e+38 -3.4e+38 -3.4e+38 -3.4e+38 31.3068237304688 28.5645523071289 26.1550693511963 24.2437210083008 22.94993019104 22.0012092590332 21.223913192749 14.6925325393677 7.16307783126831 5.35759449005127 4.92662000656128 5.0190486907959 4.88417816162109 4.33224630355835 4.26377964019775 4.25431537628174 4.27082395553589 4.26529693603516 4.28823137283325 4.30919981002808 4.30643224716187 4.30589723587036 4.30166482925415 4.29819631576538 4.31003475189209 4.31196069717407 4.30303764343262 4.29614734649658 4.28987836837769 4.31920909881592 4.30740690231323 4.27520418167114 4.25585794448853 4.25647020339966 4.25541925430298 4.25668048858643 4.25883197784424 4.25903034210205 4.25740194320679 4.25973129272461 4.2592830657959 4.26621627807617
-3.4e+38 -3.4e+38 -3.4e+38 -3.4e+38 -3.4e+38 -3.4e+38 28.5760231018066 25.9968357086182 24.1676483154297 22.5277843475342 21.7097015380859 20.8981246948242 15.2167587280273 7.7187933921814 5.45125293731689 5.01569557189941 5.39940404891968 4.9790096282959 4.33965730667114 4.2794623374939 4.25497150421143 4.27187728881836 4.28441572189331 4.31246948242188 4.33853626251221 4.34677219390869 4.32265758514404 4.34999656677246 4.36756610870361 4.36905908584595 4.37140893936157 4.37163734436035 4.36967849731445 4.36930465698242 4.36729526519775 4.36349487304688 4.36057996749878 4.30684089660645 4.27712345123291 4.26571178436279 4.25569772720337 4.25699949264526 4.25824689865112 4.26312065124512 4.27231884002686 4.2661452293396 4.26024723052979
-3.4e+38 -3.4e+38 -3.4e+38 -3.4e+38 -3.4e+38 -3.4e+38 28.9439582824707 25.9330139160156 23.794116973877 22.1234855651855 21.1130657196045 20.1205081939697 13.9246406555176 8.20767116546631 5.78029584884644 5.21467161178589 5.67794990539551 5.24024057388306 4.43414402008057 4.27386856079102 4.27279376983643 4.28327083587646 4.30778741836548 4.33781433105469 4.37403535842896 4.37656402587891 4.3754243850708 4.37542581558228 4.37533569335938 4.3751859664917 4.37572956085205 4.3764853477478 4.37541627883911 4.37342929840088 4.37289237976074 4.36914539337158 4.37024831771851 4.36463212966919 4.35947370529175 4.33898115158081 4.30207920074463 4.28975868225098 4.28544569015503 4.29192686080933 4.30059814453125 4.29445791244507 4.27262020111084
-3.4e+38 -3.4e+38 -3.4e+38 -3.4e+38 -3.4e+38 -3.4e+38 29.1246242523193 25.3238067626953 23.0058174133301 21.5710124969482 20.354024887085 19.5987491607666 14.1383390426636 7.32273960113525 5.47123718261719 4.99297046661377 5.37103271484375 5.02240085601807 4.46802997589111 4.2798638343811 4.28223180770874 4.31290006637573 4.35345697402954 4.37402677536011 4.38093614578247 4.38058757781982 4.38013172149658 4.37984466552734 4.3801851272583 4.38023090362549 4.38039302825928 4.38030195236206 4.38021850585938 4.37971162796021 4.37916469573975 4.37715101242065 4.37760305404663 4.37183856964111 4.36561107635498 4.36103820800781 4.35630559921265 4.34401226043701 4.33734560012817 4.3174090385437 4.3246750831604 4.33409833908081 4.32121562957764
-3.4e+38 -3.4e+38 -3.4e+38 -3.4e+38 -3.4e+38 30.5683250427246 28.2829875946045 23.9863243103027 22.1141357421875 20.9502086639404 19.8339233398438 19.0781078338623 12.4419088363647 6.44812440872192 4.97498559951782 4.8187575340271 5.09311294555664 4.96619987487793 4.51859378814697 4.27349185943604 4.29167461395264 4.355797290802 4.38138771057129 4.38344192504883 4.38312101364136 4.38344717025757 4.38407039642334 4.3843731880188 4.38446950912476 4.3845386505127 4.38479375839233 4.38446426391602 4.38428211212158 4.38453435897827 4.38420963287354 4.38480186462402 4.38515710830688 4.38247728347778 4.37443208694458 4.36665534973145 4.36212778091431 4.3550009727478 4.35188484191895 4.35066843032837 4.34888696670532 4.34187030792236 4.34209966659546
-3.4e+38 -3.4e+38 -3.4e+38 -3.4e+38 30.0946807861328 29.9595527648926 25.5651302337646 22.6448593139648 21.4453868865967 20.3091564178467 19.0709800720215 17.9074516296387 10.3825721740723 5.68211460113525 4.9158616065979 4.87037038803101 5.11387062072754 4.79978275299072 4.40411233901978 4.27544403076172 4.32594013214111 4.38255262374878 4.3836236000061 4.38523578643799 4.38596868515015 4.38555335998535 4.38430070877075 4.38282775878906 4.38167238235474 4.38107299804688 4.37980604171753 4.37917709350586 4.37897777557373 4.37970542907715 4.38165998458862 4.38304662704468 4.38539218902588 4.38705492019653 4.38681983947754 4.38083982467651 4.37008714675903 4.36691951751709 4.3632869720459 4.35998058319092 4.3613452911377 4.36318111419678 4.36712121963501
