Ecospace-environmental-drivers/Outputs/ASCII-for-ecospace/Temp-bot/Temp-bot_X2015.05.asc
NCOLS 131 
NROWS 53 
XLLCORNER -98 
YLLCORNER 23.9265270233154 
CELLSIZE 0.133587792515755 
NODATA_value -3.4e+38 
[rows 0 to 20 of 53, columns 47 to 93 of 131]
-3.4e+38 -3.4e+38 -3.4e+38 -3.4e+38 -3.4e+38 -3.4e+38 -3.4e+38 -3.4e+38 -3.4e+38 -3.4e+38 -3.4e+38 -3.4e+38 -3.4e+38 -3.4e+38 -3.4e+38 -3.4e+38 -3.4e+38 -3.4e+38 -3.4e+38 -3.4e+38 -3.4e+38 -3.4e+38 -3.4e+38 -3.4e+38 -3.4e+38 -3.4e+38 -3.4e+38 -3.4e+38 -3.4e+38 -3.4e+38 -3.4e+38 -3.4e+38 -3.4e+38 -3.4e+38 -3.4e+38 -3.4e+38 -3.4e+38 -3.4e+38 -3.4e+38 -3.4e+38 -3.4e+38 -3.4e+38 -3.4e+38 -3.4e+38 -3.4e+38 -3.4e+38 -3.4e+38
-3.4e+38 -3.4e+38 -3.4e+38 -3.4e+38 -3.4e+38 -3.4e+38 -3.4e+38 -3.4e+38 -3.4e+38 -3.4e+38 -3.4e+38 -3.4e+38 -3.4e+38 -3.4e+38 -3.4e+38 -3.4e+38 -3.4e+38 -3.4e+38 -3.4e+38 -3.4e+38 -3.4e+38 -3.4e+38 -3.4e+38 -3.4e+38 -3.4e+38 -3.4e+38 -3.4e+38 -3.4e+38 -3.4e+38 -3.4e+38 -3.4e+38 -3.4e+38 -3.4e+38 -3.4e+38 -3.4e+38 -3.4e+38 -3.4e+38 -3.4e+38 -3.4e+38 -3.4e+38 -3.4e+38 -3.4e+38 -3.4e+38 -3.4e+38 -3.4e+38 -3.4e+38 -3.4e+38
-3.4e+38 -3.4e+38 -3.4e+38 -3.4e+38 -3.4e+38 -3.4e+38 -3.4e+38 -3.4e+38 -3.4e+38 -3.4e+38 -3.4e+38 -3.4e+38 -3.4e+38 -3.4e+38 -3.4e+38 -3.4e+38 -3.4e+38 -3.4e+38 -3.4e+38 -3.4e+38 -3.4e+38 -3.4e+38 -3.4e+38 -3.4e+38 -3.4e+38 -3.4e+38 -3.4e+38 27.0456314086914 27.0456314086914 -3.4e+38 -3.4e+38 -3.4e+38 -3.4e+38 -3.4e+38 -3.4e+38 -3.4e+38 -3.4e+38 -3.4e+38 -3.4e+38 -3.4e+38 -3.4e+38 -3.4e+38 -3.4e+38 -3.4e+38 -3.4e+38 -3.4e+38 -3.4e+38
-3.4e+38 -3.4e+38 -3.4e+38 -3.4e+38 -3.4e+38 -3.4e+38 -3.4e+38 -3.4e+38 -3.4e+38 -3.4e+38 -3.4e+38 -3.4e+38 -3.4e+38 -3.4e+38 -3.4e+38 -3.4e+38 -3.4e+38 -3.4e+38 -3.4e+38 -3.4e+38 -3.4e+38 -3.4e+38 -3.4e+38 -3.4e+38 -3.4e+38 -3.4e+38 -3.4e+38 27.0566024780273 27.0346622467041 -3.4e+38 -3.4e+38 -3.4e+38 -3.4e+38 -3.4e+38 -3.4e+38 -3.4e+38 -3.4e+38 -3.4e+38 -3.4e+38 -3.4e+38 -3.4e+38 -3.4e+38 -3.4e+38 -3.4e+38 -3.4e+38 -3.4e+38 -3.4e+38
-3.4e+38 -3.4e+38 -3.4e+38 -3.4e+38 -3.4e+38 -3.4e+38 -3.4e+38 -3.4e+38 -3.4e+38 27.0128021240234 27.1171131134033 27.1171131134033 27.1171131134033 -3.4e+38 -3.4e+38 -3.4e+38 -3.4e+38 -3.4e+38 27.0674285888672 26.9821853637695 26.9384002685547 26.9592704772949 27.1366329193115 27.2633190155029 27.3451538085938 27.3458404541016 26.9395065307617 26.7408142089844 26.8771591186523 27.0616035461426 -3.4e+38 -3.4e+38 27.5209789276123 27.376070022583 27.8097248077393 27.892915725708 26.9114799499512 26.7005043029785 27.5550117492676 27.7580680847168 27.6919174194336 26.6448135375977 -3.4e+38 -3.4e+38 -3.4e+38 -3.4e+38 -3.4e+38
-3.4e+38 -3.4e+38 -3.4e+38 -3.4e+38 -3.4e+38 -3.4e+38 -3.4e+38 -3.4e+38 26.980884552002 26.9657173156738 26.9874973297119 27.1171131134033 27.0097026824951 27.0594291687012 27.1390686035156 -3.4e+38 27.0449752807617 26.9143581390381 27.1695308685303 26.9653282165527 26.8116970062256 27.0381755828857 27.0279388427734 27.3437843322754 27.4182357788086 27.2734432220459 26.5318851470947 26.6871662139893 26.9292335510254 27.4053592681885 26.6565647125244 27.7933712005615 27.6259746551514 27.1435928344727 26.9249858856201 26.1741199493408 25.599515914917 25.4697246551514 25.6036682128906 25.7744941711426 26.1337375640869 26.1087837219238 25.4987373352051 25.9242458343506 -3.4e+38 -3.4e+38 -3.4e+38
-3.4e+38 -3.4e+38 -3.4e+38 -3.4e+38 -3.4e+38 -3.4e+38 -3.4e+38 -3.4e+38 26.9906692504883 26.980884552002 26.9505500793457 26.901439666748 26.9669609069824 27.0532970428467 27.1580276489258 27.205883026123 27.1184062957764 26.8106346130371 26.5588626861572 26.6367473602295 26.3650436401367 26.4365043640137 26.4502086639404 26.6453437805176 26.4610557556152 26.0548477172852 26.0568523406982 26.3781833648682 26.3499393463135 26.4558734893799 25.8698596954346 25.7583560943604 25.2948989868164 24.9160213470459 24.7050514221191 24.4639377593994 23.9821681976318 24.0259075164795 24.2892799377441 24.3456211090088 24.2660713195801 24.579927444458 25.2648239135742 26.0414142608643 26.4665012359619 26.1971855163574 -3.4e+38
-3.4e+38 -3.4e+38 -3.4e+38 -3.4e+38 -3.4e+38 -3.4e+38 -3.4e+38 -3.4e+38 -3.4e+38 -3.4e+38 27.0925636291504 27.0065402984619 27.0894584655762 -3.4e+38 27.1343669891357 26.9671745300293 26.7894058227539 26.7956047058105 27.021463394165 26.9003219604492 26.296573638916 26.1936626434326 25.114086151123 24.1278190612793 23.6649417877197 23.0454559326172 22.7709407806396 23.2472515106201 23.8039093017578 23.7231616973877 23.7442817687988 23.6133918762207 24.038969039917 23.8512058258057 23.3553905487061 20.8928871154785 19.1916065216064 20.2339668273926 21.1622047424316 21.6537933349609 22.0972595214844 22.7185306549072 23.7465934753418 24.493127822876 25.8192901611328 26.3057632446289 25.9986095428467
-3.4e+38 -3.4e+38 -3.4e+38 -3.4e+38 -3.4e+38 -3.4e+38 -3.4e+38 -3.4e+38 -3.4e+38 -3.4e+38 -3.4e+38 -3.4e+38 -3.4e+38 -3.4e+38 26.9032917022705 26.7417984008789 26.9310302734375 27.1493492126465 27.4206295013428 27.2144775390625 26.6504192352295 26.5402545928955 24.6789093017578 21.4326210021973 20.8404865264893 20.9429359436035 21.3246479034424 21.862548828125 22.27685546875 22.4030475616455 22.5286693572998 22.8735122680664 23.1070384979248 22.3819026947021 20.3924598693848 16.2808055877686 16.5082111358643 18.1861553192139 19.3486003875732 20.0711879730225 20.6846694946289 21.6074142456055 22.3823909759521 23.0175647735596 24.1787395477295 25.192268371582 26.4977989196777
27.2899932861328 -3.4e+38 -3.4e+38 -3.4e+38 -3.4e+38 -3.4e+38 -3.4e+38 -3.4e+38 -3.4e+38 -3.4e+38 27.2319946289062 27.2534675598145 -3.4e+38 -3.4e+38 -3.4e+38 26.8872718811035 27.0962409973145 27.2758007049561 27.37619972229 27.0497550964355 27.0679550170898 26.651439666748 24.767147064209 21.3188495635986 20.2672863006592 20.43874168396 20.8086185455322 21.1373977661133 21.4429569244385 21.6192398071289 21.9261207580566 22.142484664917 21.4789409637451 18.6175346374512 14.4370260238647 13.6953039169312 14.6573076248169 16.0239772796631 18.1120853424072 18.9063835144043 19.6636829376221 20.9412288665771 21.726282119751 22.2770366668701 23.2390041351318 24.2345695495605 25.5773506164551
27.4012508392334 27.2144412994385 -3.4e+38 -3.4e+38 -3.4e+38 -3.4e+38 -3.4e+38 -3.4e+38 -3.4e+38 -3.4e+38 27.2701148986816 27.396276473999 27.4748287200928 -3.4e+38 -3.4e+38 27.3591041564941 27.5336399078369 27.3343601226807 27.1853942871094 26.8647537231445 27.1319541931152 26.5798816680908 24.5075378417969 21.0765323638916 20.2510643005371 20.5484561920166 20.8714447021484 21.0618324279785 21.1603889465332 21.2260627746582 21.4827651977539 21.2583274841309 19.2907543182373 13.1673889160156 11.0588226318359 11.2053604125977 13.1782302856445 14.1250591278076 15.8834247589111 17.6392211914062 18.965518951416 20.4506797790527 21.2915840148926 22.0836086273193 23.0408611297607 24.0483894348145 25.0175838470459
27.000768661499 27.241304397583 26.8794116973877 26.8184967041016 -3.4e+38 -3.4e+38 -3.4e+38 -3.4e+38 -3.4e+38 -3.4e+38 -3.4e+38 27.8410491943359 27.8614177703857 27.8614177703857 27.6965007781982 27.5315837860107 27.4839172363281 26.9546890258789 26.5718154907227 26.6915912628174 26.9470500946045 25.4311981201172 23.90793800354 21.0507030487061 20.2378273010254 20.6247329711914 20.7985649108887 20.8422660827637 20.9290065765381 20.9797592163086 20.7875328063965 19.9462776184082 17.6012878417969 10.7885208129883 10.4077625274658 10.4517478942871 11.0892772674561 11.8801860809326 13.6649236679077 14.9928503036499 17.3059005737305 18.8335933685303 20.2949504852295 21.5540370941162 22.0253448486328 23.9983901977539 25.0464534759521
26.7429084777832 26.6393508911133 26.6019172668457 27.0350761413574 -3.4e+38 -3.4e+38 -3.4e+38 -3.4e+38 27.9964256286621 28.0449485778809 27.9654541015625 27.78466796875 27.8206825256348 27.8614177703857 27.5097484588623 27.3356170654297 27.2867851257324 26.9309883117676 26.3537425994873 26.5251274108887 25.5636539459229 23.3576889038086 21.4223880767822 20.0647239685059 20.0529079437256 20.1621627807617 20.0896701812744 19.8157825469971 19.5909729003906 19.4295616149902 18.4029502868652 15.3904724121094 10.8312845230103 9.22935390472412 8.75873947143555 7.96991109848022 8.96676349639893 10.3583316802979 11.8237047195435 12.9088745117188 14.8157644271851 17.1189823150635 18.9723072052002 20.2422924041748 20.2350807189941 23.6842803955078 24.5568904876709
26.509391784668 26.5750865936279 27.1215229034424 27.2464714050293 27.4902191162109 27.9012718200684 27.9227771759033 27.9443607330322 28.0035076141357 28.0414085388184 28.0899314880371 27.765022277832 27.3862915039062 27.7799453735352 27.3101291656494 27.0656700134277 26.9141540527344 27.3698253631592 26.7285747528076 25.9252319335938 23.197229385376 20.5170040130615 19.6227550506592 19.3972015380859 19.2225875854492 19.1571044921875 18.5407485961914 16.4480514526367 15.1066541671753 14.8070278167725 10.715669631958 8.46579170227051 6.6345477104187 6.58353757858276 6.3198299407959 6.38061952590942 8.22230911254883 9.56782150268555 10.4407377243042 11.6494178771973 12.6025638580322 14.5868654251099 16.782299041748 18.4555721282959 19.3855838775635 20.5684394836426 21.1463298797607
26.3299617767334 26.3179054260254 26.7208480834961 27.3670101165771 27.8797645568848 27.9227771759033 27.6048736572266 27.5936298370361 27.9443607330322 28.0626544952393 28.1172103881836 27.0910015106201 27.4128341674805 26.4909648895264 25.9451370239258 26.1627159118652 26.6689414978027 26.829963684082 26.6754627227783 26.5473022460938 23.9100513458252 19.1983585357666 18.9991397857666 18.0329608917236 14.4377641677856 13.5006761550903 11.6212387084961 9.40550994873047 7.46467876434326 5.8823561668396 5.16582298278809 4.80745220184326 4.93575286865234 5.40512228012085 5.66792297363281 6.17745399475098 7.55266380310059 9.13523578643799 10.2517385482788 10.8045454025269 11.6991767883301 12.4968681335449 13.4746417999268 15.1863765716553 17.7058124542236 18.4715614318848 19.5152492523193
26.3705787658691 26.3479042053223 26.3953990936279 26.7638454437256 27.2880802154541 27.3931198120117 27.4128303527832 27.6907634735107 27.3265628814697 27.2845916748047 27.2931289672852 26.5839672088623 26.0478668212891 25.0228614807129 23.2303504943848 23.8173503875732 25.8182830810547 27.4852771759033 26.9088859558105 25.7631435394287 20.9900417327881 16.4997291564941 14.6579713821411 11.016224861145 8.67557907104492 7.24697923660278 5.53135013580322 4.91422080993652 4.53415393829346 4.34739351272583 4.34257411956787 4.39083528518677 4.48252487182617 4.93312406539917 5.43800735473633 6.39446830749512 7.95907258987427 9.08978366851807 9.79192924499512 10.6554517745972 11.2726240158081 12.2086782455444 12.8911533355713 13.843222618103 15.2403144836426 15.672046661377 18.9839172363281
25.9400978088379 26.0825080871582 26.2286186218262 26.4310054779053 26.4080562591553 26.4241275787354 26.520622253418 26.4217090606689 26.2504177093506 26.0371475219727 25.9183902740479 25.5054931640625 24.4823760986328 22.9072227478027 20.9128189086914 20.3167133331299 21.5756950378418 24.6872653961182 21.7541522979736 20.0692386627197 15.792552947998 10.8405866622925 9.40568447113037 7.2608757019043 5.47450065612793 4.85129976272583 4.45151376724243 4.30697727203369 4.25538635253906 4.24846029281616 4.28573894500732 4.29955577850342 4.3082013130188 4.82443523406982 5.53673839569092 6.75332736968994 8.1757287979126 9.42398738861084 9.71067428588867 10.8024988174438 11.1638984680176 11.9725112915039 12.7058801651001 13.1990785598755 14.6044893264771 15.0644483566284 16.3311405181885
25.5235214233398 25.6549835205078 25.8760929107666 26.1374397277832 26.2328453063965 26.1727027893066 26.0441036224365 25.8639144897461 25.8254089355469 25.6688804626465 25.4776878356934 24.2804489135742 22.515796661377 20.7795543670654 19.3213081359863 18.8033351898193 18.9785442352295 19.0503406524658 16.6626892089844 12.5657024383545 9.32626247406006 6.83673143386841 5.64192342758179 5.21999216079712 4.6439323425293 4.48941278457642 4.3407826423645 4.26762104034424 4.25922966003418 4.28082609176636 4.2998571395874 4.24007558822632 4.24173259735107 4.85334539413452 5.47317361831665 6.77350234985352 7.88853025436401 9.04591178894043 10.0222616195679 10.9411287307739 11.403076171875 11.9808025360107 12.6109972000122 13.0272216796875 13.6902532577515 15.2527704238892 15.2181529998779
24.799732208252 25.0296783447266 25.3200645446777 25.5686378479004 25.8025817871094 25.8594379425049 25.7957553863525 25.6892185211182 25.6277446746826 25.2962017059326 24.3009033203125 21.8836536407471 18.4094429016113 15.7103939056396 15.2416944503784 17.4873275756836 17.1090927124023 15.6502141952515 13.6221132278442 9.43148612976074 6.36568689346313 4.94320917129517 4.64001846313477 4.44215106964111 4.28898143768311 4.2696795463562 4.28157091140747 4.28285455703735 4.29857730865479 4.29232025146484 4.28024291992188 4.2020092010498 4.26202297210693 4.9045238494873 5.47135400772095 6.25025177001953 7.04942083358765 7.99438285827637 9.62207317352295 10.3958520889282 11.8317375183105 12.098708152771 12.3256826400757 12.7291669845581 13.6071329116821 14.4997320175171 15.540943145752
22.606388092041 23.1382656097412 23.642032623291 24.1917705535889 24.6895713806152 24.8358020782471 24.9395332336426 24.7892303466797 24.0097351074219 22.9590911865234 21.7918243408203 20.1784629821777 17.3457145690918 10.8370275497437 9.05069828033447 10.6463499069214 10.2285413742065 11.718433380127 10.412727355957 7.84942865371704 5.58438968658447 4.61347532272339 4.3954119682312 4.2500114440918 4.23892259597778 4.24465608596802 4.2863712310791 4.29830503463745 4.28131294250488 4.27217292785645 4.26396131515503 4.21833848953247 4.25357389450073 4.69398546218872 5.30182456970215 5.86576271057129 6.69827365875244 7.15404319763184 8.09678077697754 9.60856914520264 10.8454895019531 11.9730682373047 12.0543069839478 12.3490171432495 12.7311153411865 13.6011476516724 14.8471527099609
21.4267082214355 21.3918151855469 21.4948902130127 21.7520809173584 21.9975967407227 22.5321750640869 22.5882663726807 22.3077297210693 21.8042125701904 21.3824501037598 20.9249744415283 20.1297950744629 18.8067512512207 11.2766637802124 8.91471099853516 6.15084028244019 6.01458883285522 6.61619997024536 6.43754053115845 5.72654056549072 4.84601736068726 4.43221282958984 4.29816913604736 4.20623683929443 4.2164478302002 4.23832559585571 4.28611183166504 4.28920555114746 4.26988744735718 4.25398063659668 4.25469779968262 4.26041126251221 4.29117059707642 4.43226194381714 4.72231197357178 5.11562633514404 5.50164413452148 6.01931238174438 6.66288042068481 7.58025217056274 9.0482177734375 9.81165981292725 11.1648464202881 11.5620279312134 11.790433883667 12.4048051834106 13.6526079177856
