Ecospace-environmental-drivers/Outputs/ASCII-for-ecospace/Temp-bot/Temp-bot_X2011.02.asc
NCOLS 131 
NROWS 53 
XLLCORNER -98 
YLLCORNER 23.9265270233154 
CELLSIZE 0.133587792515755 
NODATA_value -3.4e+38 
[rows 21 to 41 of 53, columns 47 to 93 of 131]
17.3712310791016 16.6914291381836 16.6405754089355 16.8381061553955 17.054817199707 17.5806636810303 16.7069568634033 16.6737041473389 16.8751907348633 15.161187171936 12.709415435791 12.0563230514526 10.4965362548828 8.69421863555908 7.53085899353027 6.18259859085083 5.15603399276733 4.88311862945557 4.93816375732422 4.83639764785767 4.55499124526978 4.4055061340332 4.2978048324585 4.28072881698608 4.28822183609009 4.29505395889282 4.30025577545166 4.29696273803711 4.29941987991333 4.30672597885132 4.31906175613403 4.29889392852783 4.29780960083008 4.29466152191162 4.29254913330078 4.29182004928589 4.28799200057983 4.32888031005859 4.72255039215088 5.09744930267334 5.35479116439819 5.68626403808594 6.10461568832397 6.67574739456177 7.2526798248291 8.05761337280273 8.92791080474854
14.5607395172119 13.8026962280273 13.949315071106 14.1287508010864 14.9469728469849 14.1532802581787 11.2224082946777 12.6447086334229 11.0853242874146 9.17292594909668 8.46163749694824 7.98830127716064 7.86774158477783 6.95717477798462 6.15113258361816 5.9201774597168 5.07571840286255 4.81925392150879 4.6224365234375 4.64948463439941 4.54278898239136 4.36057329177856 4.27930784225464 4.27932357788086 4.28411722183228 4.29239797592163 4.30103015899658 4.29748773574829 4.2995171546936 4.30752992630005 4.31599569320679 4.30390071868896 4.30022621154785 4.3001914024353 4.29870080947876 4.30003595352173 4.30083513259888 4.30071687698364 4.29420566558838 4.26788806915283 4.37962484359741 4.49959325790405 4.75395441055298 5.2812705039978 5.84489727020264 6.39883899688721 7.50449371337891
10.3618125915527 10.0665760040283 10.9529228210449 9.84634780883789 9.3276252746582 8.57288074493408 8.81892681121826 7.4613037109375 6.38849449157715 6.20324659347534 6.31967926025391 6.86608362197876 6.16870212554932 5.93363761901855 5.40128803253174 5.14050102233887 4.90677213668823 4.66765022277832 4.51608657836914 4.50255727767944 4.51134443283081 4.3823709487915 4.28836727142334 4.2669734954834 4.28040504455566 4.28932189941406 4.29550266265869 4.30305767059326 4.30382585525513 4.31195688247681 4.30819654464722 4.30242538452148 4.29784154891968 4.29653215408325 4.29601049423218 4.29608535766602 4.29668188095093 4.30582714080811 4.34495067596436 4.34548330307007 4.34227657318115 4.34027051925659 4.29977369308472 4.37344932556152 4.7096848487854 5.4812536239624 6.14990139007568
7.05121421813965 7.11499881744385 6.66033220291138 7.18412160873413 7.00917911529541 6.3613109588623 6.03362941741943 5.65071153640747 5.32006788253784 5.6452260017395 5.68645906448364 5.96848106384277 5.33728694915771 5.13951683044434 5.06752777099609 5.06774234771729 4.71308135986328 4.59991645812988 4.50071001052856 4.39321136474609 4.35535097122192 4.32445764541626 4.29798269271851 4.2631664276123 4.27252388000488 4.28644752502441 4.29408121109009 4.29956340789795 4.30001401901245 4.30533695220947 4.3007173538208 4.29688024520874 4.29369115829468 4.29450941085815 4.3306713104248 4.3402214050293 4.34785509109497 4.34561443328857 4.34978485107422 4.34909915924072 4.35132312774658 4.35380077362061 4.35489702224731 4.3375301361084 4.3064341545105 4.57967185974121 5.30562925338745
5.5383677482605 5.33958435058594 5.34632921218872 5.32682847976685 5.07384872436523 5.57605314254761 5.00567245483398 5.25587511062622 4.96366405487061 5.05974054336548 5.0398850440979 5.04065847396851 5.21533012390137 5.27016353607178 5.27517080307007 4.92665386199951 4.49620151519775 4.42819023132324 4.41868829727173 4.34565687179565 4.31698226928711 4.29293727874756 4.26446390151978 4.26308870315552 4.26382493972778 4.27404642105103 4.28331899642944 4.28945159912109 4.29567813873291 4.30192613601685 4.29758548736572 4.29171800613403 4.29114103317261 4.3064866065979 4.3559136390686 4.35802364349365 4.35609865188599 4.35457754135132 4.35289812088013 4.34935617446899 4.35058879852295 4.35612392425537 4.35800886154175 4.35810995101929 4.35471868515015 4.29697322845459 4.58553647994995
4.97723007202148 5.06888675689697 5.18063449859619 4.74254941940308 4.77324104309082 5.09616184234619 5.15300416946411 4.94934463500977 5.23164987564087 5.12918663024902 5.29903221130371 5.18361186981201 5.37001466751099 4.98991680145264 4.699782371521 4.43115997314453 4.4253077507019 4.44482898712158 4.44365501403809 4.41692590713501 4.36909103393555 4.3108344078064 4.25921773910522 4.25854158401489 4.25973701477051 4.26562833786011 4.27347993850708 4.28164768218994 4.28993034362793 4.2937479019165 4.29486608505249 4.29245185852051 4.29141759872437 4.33492183685303 4.36024379730225 4.36249732971191 4.35951948165894 4.35697937011719 4.35551929473877 4.35265159606934 4.35294485092163 4.35728216171265 4.35835742950439 4.35954427719116 4.3592700958252 4.3544487953186 4.30600118637085
4.69645404815674 4.76091861724854 4.62467813491821 4.55658912658691 4.64645433425903 4.7348370552063 4.81769752502441 4.94560575485229 5.00644779205322 4.73878622055054 4.73869466781616 4.76535511016846 4.76683664321899 4.66452121734619 4.36491250991821 4.35157346725464 4.262282371521 4.26324987411499 4.3282356262207 4.35631656646729 4.39447355270386 4.26789236068726 4.25981569290161 4.26196718215942 4.26371669769287 4.26631164550781 4.27042484283447 4.29314279556274 4.29546022415161 4.29412364959717 4.29196500778198 4.29033708572388 4.29077625274658 4.29237270355225 4.3170428276062 4.3649263381958 4.36301469802856 4.35776710510254 4.35595178604126 4.35500860214233 4.3552622795105 4.35881519317627 4.35929727554321 4.35948133468628 4.35969734191895 4.35951280593872 4.31918668746948
4.56400394439697 4.50561618804932 4.45343208312988 4.53359174728394 4.650794506073 4.61403703689575 4.65280199050903 4.76085090637207 4.72546529769897 4.73511219024658 4.68387508392334 4.55250072479248 4.40494918823242 4.3419394493103 4.26033163070679 4.26468420028687 4.27338600158691 4.28081464767456 4.27503442764282 4.25692224502563 4.24690103530884 4.25026369094849 4.25939226150513 4.26316976547241 4.27284479141235 4.28436517715454 4.30552577972412 4.30176734924316 4.29923582077026 4.29672193527222 4.29372406005859 4.29237842559814 4.29229545593262 4.29414653778076 4.3141131401062 4.32297801971436 4.36177539825439 4.35625600814819 4.35352325439453 4.35469675064087 4.35549688339233 4.35960245132446 4.3601450920105 4.35908985137939 4.35834693908691 4.35913896560669 4.35206413269043
4.39837789535522 4.40882635116577 4.43525171279907 4.45602416992188 4.51383066177368 4.57947969436646 4.57432460784912 4.56321668624878 4.5804648399353 4.53982067108154 4.33722066879272 4.28326940536499 4.2786078453064 4.27505970001221 4.27409744262695 4.27646541595459 4.28545808792114 4.28905248641968 4.28920412063599 4.27949714660645 4.25665235519409 4.249192237854 4.25484609603882 4.26444005966187 4.29098510742188 4.29191160202026 4.29946231842041 4.30091047286987 4.30344390869141 4.30064058303833 4.29641771316528 4.29633808135986 4.29591035842896 4.29523706436157 4.29597663879395 4.29605436325073 4.35354471206665 4.35410642623901 4.35086059570312 4.35463666915894 4.35755348205566 4.35917711257935 4.35986089706421 4.35967302322388 4.35955095291138 4.36033630371094 4.3608717918396
4.35464715957642 4.36972188949585 4.3408842086792 4.35762739181519 4.4603443145752 4.49192047119141 4.55979347229004 4.4834246635437 4.50281572341919 4.32357120513916 4.27571630477905 4.28291177749634 4.28687620162964 4.28480625152588 4.28438234329224 4.28261947631836 4.2886962890625 4.2917947769165 4.29549312591553 4.2889289855957 4.27191495895386 4.25767803192139 4.25620269775391 4.26405906677246 4.2894344329834 4.29492902755737 4.29888725280762 4.3022608757019 4.30423641204834 4.30218505859375 4.30207586288452 4.29922389984131 4.2961630821228 4.29528522491455 4.2958664894104 4.29681015014648 4.34401702880859 4.3561372756958 4.35603523254395 4.35701274871826 4.35813474655151 4.35997629165649 4.36169290542603 4.36229276657104 4.36220455169678 4.36164474487305 4.36168813705444
4.33357810974121 4.35946655273438 4.3436713218689 4.35722208023071 4.40062427520752 4.45838594436646 4.50740480422974 4.47847652435303 4.4146614074707 4.27710676193237 4.28497791290283 4.28597927093506 4.28801012039185 4.28926801681519 4.2890305519104 4.28856086730957 4.29197645187378 4.29616022109985 4.29809093475342 4.29364967346191 4.28416395187378 4.26842260360718 4.26277875900269 4.26524591445923 4.2819128036499 4.2952036857605 4.29869604110718 4.30187177658081 4.30316257476807 4.30350637435913 4.30390167236328 4.30212259292603 4.2987847328186 4.29643297195435 4.2954044342041 4.29817867279053 4.35504674911499 4.36166715621948 4.36089611053467 4.36136770248413 4.36045932769775 4.3615255355835 4.36457252502441 4.36641216278076 4.36555814743042 4.36372661590576 4.36282110214233
4.33578968048096 4.35537576675415 4.37209272384644 4.32007026672363 4.38259840011597 4.32992267608643 4.29560136795044 4.28381824493408 4.28723382949829 4.29387140274048 4.29146575927734 4.28765726089478 4.28759384155273 4.28977298736572 4.29203701019287 4.29238748550415 4.29248189926147 4.29370307922363 4.2962851524353 4.29817962646484 4.28942918777466 4.28055715560913 4.26957988739014 4.26970243453979 4.27680730819702 4.28895092010498 4.29685831069946 4.29701375961304 4.3014874458313 4.30372858047485 4.30413770675659 4.30379629135132 4.30233335494995 4.3006443977356 4.2991509437561 4.30056428909302 4.35360145568848 4.35988187789917 4.35764217376709 4.36181402206421 4.36118507385254 4.36127233505249 4.36368370056152 4.36429357528687 4.36321115493774 4.36201953887939 4.36162567138672
4.29767560958862 4.29438447952271 4.29291677474976 4.29768037796021 4.30655527114868 4.28090858459473 4.27825593948364 4.28470611572266 4.29398965835571 4.29135990142822 4.29012155532837 4.28917264938354 4.28896427154541 4.29049396514893 4.29223346710205 4.29311656951904 4.2927451133728 4.2925443649292 4.29392051696777 4.29656791687012 4.30020427703857 4.29238557815552 4.28396606445312 4.2852578163147 4.28619050979614 4.29010438919067 4.29603099822998 4.30026054382324 4.30265045166016 4.30527591705322 4.3062424659729 4.30618667602539 4.30638837814331 4.30404376983643 4.30312299728394 4.32953834533691 4.36051750183105 4.35874080657959 4.35777282714844 4.36206912994385 4.36430311203003 4.36389923095703 4.36431264877319 4.36355781555176 4.36201858520508 4.36176013946533 4.36210536956787
4.28652477264404 4.28740167617798 4.28523302078247 4.2846360206604 4.28140306472778 4.27547550201416 4.29895973205566 4.29526662826538 4.28642082214355 4.29526901245117 4.33301639556885 4.34777069091797 4.33094453811646 4.33952045440674 4.33533334732056 4.31386089324951 4.30115556716919 4.29366159439087 4.29437065124512 4.29475688934326 4.29593944549561 4.29876375198364 4.29468250274658 4.28829145431519 4.28999948501587 4.29787492752075 4.30269622802734 4.30527925491333 4.30567646026611 4.30681371688843 4.30772924423218 4.31091260910034 4.31993246078491 4.33592128753662 4.35755920410156 4.36226844787598 4.35869550704956 4.35613298416138 4.35883951187134 4.35953569412231 4.3629002571106 4.36515235900879 4.36342430114746 4.36168241500854 4.36166572570801 4.36249303817749 4.36324024200439
4.2833104133606 4.28747129440308 4.2811222076416 4.28023481369019 4.2799220085144 4.28359651565552 4.3307318687439 4.34558629989624 4.34496259689331 4.35102033615112 4.35828065872192 4.35804557800293 4.35555124282837 4.35348320007324 4.34967708587646 4.34776592254639 4.34462738037109 4.34113693237305 4.3228120803833 4.29666328430176 4.29858350753784 4.2986011505127 4.29900550842285 4.30007600784302 4.30214405059814 4.30444097518921 4.30476522445679 4.30568027496338 4.3062858581543 4.30804347991943 4.32098484039307 4.34012317657471 4.33816909790039 4.3383641242981 4.34689044952393 4.35567569732666 4.35645055770874 4.35568475723267 4.35692119598389 4.35827922821045 4.36040735244751 4.36392211914062 4.36294317245483 4.36206388473511 4.36274528503418 4.36457586288452 4.36574220657349
4.28177261352539 4.28717470169067 4.28258371353149 4.2825403213501 4.29217863082886 4.3370213508606 4.36078453063965 4.36174249649048 4.36268424987793 4.36580419540405 4.36751222610474 4.36495304107666 4.36073541641235 4.35634517669678 4.35362863540649 4.35203695297241 4.35053682327271 4.34858322143555 4.34690475463867 4.33875942230225 4.31517267227173 4.30292510986328 4.30430889129639 4.30467987060547 4.30321025848389 4.30183458328247 4.30282020568848 4.30476474761963 4.30924987792969 4.32299661636353 4.3333888053894 4.33566236495972 4.33955812454224 4.33860921859741 4.34290599822998 4.35483503341675 4.35664367675781 4.35604381561279 4.35654258728027 4.3590784072876 4.35918617248535 4.36401224136353 4.36489105224609 4.364577293396 4.36538696289062 4.36682033538818 4.36705303192139
4.28587770462036 4.28717470169067 4.29504489898682 4.34817695617676 4.36624526977539 4.37438011169434 4.37599468231201 4.37355089187622 4.37254238128662 4.37293243408203 4.37196397781372 4.36749887466431 4.36294174194336 4.35903310775757 4.35718679428101 4.35519742965698 4.35394525527954 4.35300493240356 4.35169410705566 4.35030746459961 4.34915590286255 4.33710908889771 4.31735229492188 4.33115005493164 4.3278546333313 4.32363748550415 4.33242273330688 4.32639265060425 4.33235549926758 4.33264541625977 4.34346055984497 4.34632968902588 4.34465312957764 4.34303092956543 4.34841585159302 4.35875797271729 4.36113119125366 4.3609504699707 4.36013555526733 4.36103820800781 4.35961723327637 4.36308240890503 4.36549949645996 4.36600971221924 4.36642408370972 4.367760181427 4.36816549301147
4.29771423339844 4.30254411697388 4.35120868682861 4.36782741546631 4.37530899047852 4.3812370300293 4.38173723220825 4.37911081314087 4.37768220901489 4.3766827583313 4.37282466888428 4.36792993545532 4.36411428451538 4.36201000213623 4.36093902587891 4.35997247695923 4.35942411422729 4.36012554168701 4.35903120040894 4.35746622085571 4.35635375976562 4.35547924041748 4.35479307174683 4.35509300231934 4.35340023040771 4.35082674026489 4.34928035736084 4.34386205673218 4.34210586547852 4.34437084197998 4.34886884689331 4.35057878494263 4.34973335266113 4.35014009475708 4.35602521896362 4.3634934425354 4.3644847869873 4.36468696594238 4.36382389068604 4.36321592330933 4.36105680465698 4.36120271682739 4.3638162612915 4.36506414413452 4.36539363861084 4.366539478302 4.36728858947754
4.34097194671631 4.35149955749512 4.36017322540283 4.3685131072998 4.37771892547607 4.3842945098877 4.3839750289917 4.38297939300537 4.38169431686401 4.37985515594482 4.3766827583313 4.37209320068359 4.36833238601685 4.36710214614868 4.36662101745605 4.36671495437622 4.36656999588013 4.36693716049194 4.36558246612549 4.36374378204346 4.36316347122192 4.36215400695801 4.36148452758789 4.36207008361816 4.35951805114746 4.35838508605957 4.3569598197937 4.35172128677368 4.34529590606689 4.34437656402588 4.34922695159912 4.35427188873291 4.35613536834717 4.3596396446228 4.36702299118042 4.3699312210083 4.36863040924072 4.36785173416138 4.36713171005249 4.36521148681641 4.36270475387573 4.36160707473755 4.36251735687256 4.36403226852417 4.36513996124268 4.36591243743896 4.36664628982544
4.35732793807983 4.357337474823 4.36216163635254 4.37040138244629 4.37939405441284 4.3845796585083 4.38500690460205 4.38499307632446 4.38430309295654 4.38323497772217 4.38036918640137 4.37653398513794 4.37356948852539 4.37158536911011 4.37084102630615 4.37171745300293 4.37208271026611 4.372239112854 4.37069940567017 4.36929321289062 4.36911964416504 4.3676905632019 4.3669548034668 4.36483716964722 4.36854124069214 4.3672399520874 4.36464071273804 4.36500072479248 4.36136960983276 4.35787391662598 4.35940265655518 4.36008882522583 4.36204433441162 4.37054634094238 4.37659215927124 4.37571048736572 4.37307691574097 4.37113618850708 4.36933088302612 4.36659288406372 4.36491775512695 4.36412143707275 4.36446237564087 4.3655161857605 4.3661847114563 4.36677980422974 4.36679267883301
4.36172342300415 4.36295890808105 4.36712074279785 4.37513256072998 4.38176345825195 4.38420820236206 4.38505697250366 4.38603115081787 4.3871488571167 4.38681077957153 4.38363409042358 4.37982606887817 4.37738990783691 4.37599563598633 4.37587308883667 4.37695693969727 4.37824201583862 4.37832832336426 4.3781566619873 4.37194347381592 4.36175775527954 4.36787748336792 4.36977005004883 4.36697149276733 4.37354278564453 4.37220907211304 4.36702823638916 4.36620903015137 4.37006664276123 4.37012767791748 4.36738443374634 4.36896991729736 4.37869119644165 4.3798394203186 4.38005590438843 4.37714290618896 4.37405586242676 4.3720531463623 4.36952686309814 4.36719417572021 4.36591815948486 4.36652565002441 4.36645460128784 4.36678028106689 4.36670303344727 4.36620092391968 4.36565732955933
