Ecospace-environmental-drivers/Outputs/ASCII-for-ecospace/Temp-bot/Temp-bot_X1996.05.asc
NCOLS 131 
NROWS 53 
XLLCORNER -98 
YLLCORNER 23.9265270233154 
CELLSIZE 0.133587792515755 
NODATA_value -3.4e+38 
[rows 21 to 41 of 53, columns 47 to 93 of 131]
18.1241073608398 17.8189182281494 17.7472610473633 17.7467880249023 17.8408603668213 18.0672073364258 17.4804782867432 17.5192947387695 17.3930606842041 16.1617069244385 13.9862661361694 12.8622741699219 10.7105646133423 8.23061561584473 7.05802202224731 5.89129066467285 5.14867639541626 4.98224592208862 5.01201629638672 4.88808965682983 4.45798397064209 4.38251447677612 4.31867265701294 4.30083799362183 4.29636192321777 4.28112936019897 4.25879526138306 4.24441051483154 4.25071430206299 4.24868488311768 4.22974824905396 4.22047138214111 4.20728492736816 4.19272756576538 4.18675947189331 4.18732643127441 4.19397211074829 4.26826524734497 4.72697401046753 5.085608959198 5.2624626159668 5.49198627471924 5.9141411781311 6.63653993606567 7.49670839309692 8.28372669219971 9.25267696380615
15.8521718978882 15.2638139724731 15.3321466445923 15.3487672805786 16.0020503997803 14.9990158081055 12.346923828125 13.2517280578613 11.7392740249634 9.41892910003662 8.46135234832764 7.91841268539429 7.5181565284729 6.61660528182983 5.96852397918701 5.66717004776001 5.09432697296143 4.88029003143311 4.54913377761841 4.60079765319824 4.44200134277344 4.36198234558105 4.30677700042725 4.28964853286743 4.28014993667603 4.27675580978394 4.27063751220703 4.26340436935425 4.27074146270752 4.27257776260376 4.24842834472656 4.22811079025269 4.20677995681763 4.18954849243164 4.18585872650146 4.19126749038696 4.19253969192505 4.19155979156494 4.188560962677 4.18735265731812 4.32388019561768 4.47678804397583 4.75037288665771 5.19997835159302 5.83133411407471 6.20340776443481 7.24869918823242
10.8369722366333 10.5580759048462 11.3471508026123 10.331561088562 9.51525497436523 8.53693103790283 8.87953853607178 7.33861970901489 6.39804792404175 6.12445974349976 6.20711612701416 6.65058422088623 5.97013568878174 5.5945086479187 5.29121685028076 5.126624584198 4.93599224090576 4.59507989883423 4.43891525268555 4.42908954620361 4.42365789413452 4.36107301712036 4.30852222442627 4.30335903167725 4.26843452453613 4.25328636169434 4.24431467056274 4.25148105621338 4.26248407363892 4.26630783081055 4.24366855621338 4.22446346282959 4.20559597015381 4.19426822662354 4.19436597824097 4.19647789001465 4.19427824020386 4.20099401473999 4.19274568557739 4.18970012664795 4.18554210662842 4.18668460845947 4.18736457824707 4.33809804916382 4.76752138137817 5.37761211395264 5.95771837234497
6.88758230209351 6.95214939117432 6.59499454498291 6.85325622558594 6.69384145736694 6.23704290390015 5.90192890167236 5.52054500579834 5.22732925415039 5.43201684951782 5.45906543731689 5.61122465133667 5.22304391860962 5.10466194152832 5.0056848526001 4.90319728851318 4.59171724319458 4.48153734207153 4.39863204956055 4.368239402771 4.3450231552124 4.32402467727661 4.30412721633911 4.30535173416138 4.26849555969238 4.25159740447998 4.25721168518066 4.24121856689453 4.24248695373535 4.26040458679199 4.24404144287109 4.21677350997925 4.20208168029785 4.19766855239868 4.19985818862915 4.19995069503784 4.20743703842163 4.19905281066895 4.19367456436157 4.19033861160278 4.18851041793823 4.18862581253052 4.18930530548096 4.18401765823364 4.2275652885437 4.55922698974609 5.20939683914185
5.43500566482544 5.35511350631714 5.33684062957764 5.24553775787354 5.09610509872437 5.28633880615234 5.00175094604492 5.16147804260254 4.97581911087036 4.98164939880371 4.92388200759888 4.92313098907471 4.92891120910645 4.88609409332275 4.83983850479126 4.58713579177856 4.36158275604248 4.33718490600586 4.33303642272949 4.32000827789307 4.31139945983887 4.30573272705078 4.30034446716309 4.29985475540161 4.28431034088135 4.25895214080811 4.2576265335083 4.25373983383179 4.23056316375732 4.23774528503418 4.23423385620117 4.21981239318848 4.20439863204956 4.19896697998047 4.2014856338501 4.20401859283447 4.20473194122314 4.20399236679077 4.20035219192505 4.19471073150635 4.19039106369019 4.18994426727295 4.19107484817505 4.1929349899292 4.19238138198853 4.1964168548584 4.56366062164307
4.87245559692383 4.96460866928101 4.96712017059326 4.5549488067627 4.57570028305054 4.8144474029541 4.82956647872925 4.74021244049072 4.79689455032349 4.7182731628418 4.77495431900024 4.73641443252563 4.80130910873413 4.62509393692017 4.40577983856201 4.32762908935547 4.30123662948608 4.29316473007202 4.28682851791382 4.28280878067017 4.28186321258545 4.27201509475708 4.26405811309814 4.26043796539307 4.26470899581909 4.27048683166504 4.25387573242188 4.2533745765686 4.22673892974854 4.22425699234009 4.23119926452637 4.2292332649231 4.21518659591675 4.26913499832153 4.21054983139038 4.20484733581543 4.20496416091919 4.20585250854492 4.20696926116943 4.20280504226685 4.19755601882935 4.19282484054565 4.1953125 4.19844579696655 4.19855403900146 4.19643688201904 4.22191572189331
4.51578044891357 4.5525689125061 4.42634439468384 4.35441732406616 4.38130044937134 4.47897148132324 4.50506401062012 4.58842802047729 4.59491968154907 4.44810962677002 4.46032428741455 4.44487333297729 4.41522789001465 4.37670135498047 4.3114070892334 4.29851388931274 4.27219581604004 4.25222206115723 4.26857900619507 4.27857303619385 4.29824638366699 4.26410055160522 4.25179481506348 4.25239038467407 4.24619436264038 4.25229501724243 4.25463438034058 4.25155067443848 4.23598718643188 4.23266839981079 4.23539876937866 4.23270225524902 4.22691059112549 4.22093439102173 4.24437761306763 4.24120235443115 4.2115306854248 4.21118402481079 4.21051549911499 4.20636606216431 4.20169448852539 4.19719076156616 4.19759130477905 4.20315504074097 4.20545053482056 4.20280838012695 4.19591188430786
4.41212797164917 4.3559103012085 4.30937719345093 4.31245899200439 4.34601163864136 4.33944511413574 4.33830738067627 4.40459489822388 4.39074087142944 4.38055419921875 4.35233116149902 4.32111883163452 4.29976654052734 4.29058456420898 4.26950025558472 4.2576322555542 4.24131059646606 4.22218751907349 4.22224855422974 4.24187231063843 4.24726629257202 4.24696922302246 4.25578546524048 4.26366090774536 4.2384614944458 4.22526979446411 4.23897361755371 4.22934341430664 4.22674036026001 4.22932767868042 4.23400545120239 4.23687171936035 4.2352032661438 4.23227882385254 4.26894569396973 4.25398111343384 4.23807764053345 4.21715927124023 4.21566724777222 4.20838642120361 4.20275497436523 4.19878578186035 4.19877195358276 4.20568609237671 4.20931100845337 4.20508670806885 4.19870281219482
4.3149266242981 4.29719305038452 4.27945375442505 4.2721848487854 4.27893972396851 4.26657295227051 4.28136873245239 4.29848766326904 4.29520082473755 4.30760383605957 4.28234386444092 4.25969791412354 4.23463153839111 4.23675394058228 4.23788785934448 4.23922157287598 4.22772073745728 4.21333742141724 4.20645761489868 4.20151233673096 4.21762800216675 4.24157190322876 4.25389099121094 4.25969982147217 4.24342012405396 4.20336961746216 4.20228433609009 4.20565319061279 4.20910310745239 4.21317386627197 4.21713256835938 4.22470712661743 4.23326635360718 4.23672771453857 4.23340272903442 4.22718286514282 4.26970338821411 4.21879243850708 4.21639108657837 4.2113208770752 4.20368814468384 4.19951677322388 4.19974517822266 4.20734786987305 4.20971918106079 4.20576095581055 4.20288181304932
4.29214906692505 4.28341817855835 4.36202478408813 4.33795404434204 4.26848316192627 4.31454229354858 4.28607034683228 4.2896933555603 4.29188394546509 4.26711368560791 4.24140357971191 4.2504301071167 4.23073673248291 4.20871114730835 4.22397661209106 4.2320761680603 4.23369598388672 4.20735883712769 4.20883655548096 4.21186351776123 4.1915602684021 4.21719264984131 4.23045015335083 4.24442863464355 4.25209045410156 4.21246957778931 4.20355987548828 4.20776700973511 4.21033716201782 4.21218633651733 4.21398591995239 4.21915864944458 4.22340869903564 4.22852516174316 4.23047256469727 4.22817611694336 4.24360418319702 4.21738004684448 4.21655702590942 4.21412372589111 4.20679330825806 4.20153999328613 4.2039737701416 4.21028470993042 4.21056747436523 4.20781707763672 4.20520353317261
4.32815885543823 4.26967144012451 4.32651233673096 4.32603931427002 4.26923656463623 4.27957248687744 4.28723382949829 4.2881441116333 4.2902364730835 4.24436044692993 4.26564025878906 4.27159214019775 4.22248649597168 4.19402837753296 4.19066667556763 4.2056303024292 4.21415328979492 4.21406984329224 4.2095799446106 4.20817232131958 4.21547269821167 4.20695972442627 4.22254705429077 4.22431755065918 4.24580574035645 4.22933530807495 4.20880126953125 4.21030902862549 4.2131404876709 4.21473264694214 4.21236896514893 4.21489095687866 4.21536064147949 4.2209210395813 4.2254753112793 4.22625017166138 4.22277069091797 4.21610164642334 4.215407371521 4.21547031402588 4.21031808853149 4.20445871353149 4.20679092407227 4.21198225021362 4.21246337890625 4.21157598495483 4.20930480957031
4.27923250198364 4.27193832397461 4.27524757385254 4.33364677429199 4.27235317230225 4.29733467102051 4.28188276290894 4.24687957763672 4.24717235565186 4.25222730636597 4.26102066040039 4.25259160995483 4.21338987350464 4.18338060379028 4.18224811553955 4.19513463973999 4.21059703826904 4.21737623214722 4.21680307388306 4.21165990829468 4.20270252227783 4.21369791030884 4.22255182266235 4.22478055953979 4.23325729370117 4.22388076782227 4.21329259872437 4.21098327636719 4.21184301376343 4.21007013320923 4.20568895339966 4.20477390289307 4.20971250534058 4.2192325592041 4.22485542297363 4.22656631469727 4.22115087509155 4.21596622467041 4.21187353134155 4.21270227432251 4.21251773834229 4.2079758644104 4.20624589920044 4.20900630950928 4.21096467971802 4.21063232421875 4.20894289016724
4.35482215881348 4.36844968795776 4.36250734329224 4.30634927749634 4.28417301177979 4.28117704391479 4.25555276870728 4.2225022315979 4.22256374359131 4.23513317108154 4.24341249465942 4.22200107574463 4.1893196105957 4.18623542785645 4.18849086761475 4.19773817062378 4.20358324050903 4.20668697357178 4.20902252197266 4.20801496505737 4.20193719863892 4.20229530334473 4.2189621925354 4.22016572952271 4.21210861206055 4.20756101608276 4.2103099822998 4.21196699142456 4.2103009223938 4.20753622055054 4.20986223220825 4.21375179290771 4.2193431854248 4.22365713119507 4.22596883773804 4.23551559448242 4.22070646286011 4.21856784820557 4.21446657180786 4.21394205093384 4.21427392959595 4.21235227584839 4.21003580093384 4.20969915390015 4.20990991592407 4.21021223068237 4.20957088470459
4.30596876144409 4.31612205505371 4.29146146774292 4.27797269821167 4.27185487747192 4.26520729064941 4.22519445419312 4.18483257293701 4.17973184585571 4.19941854476929 4.27441740036011 4.24565553665161 4.2128758430481 4.25610160827637 4.27885723114014 4.24303913116455 4.22057390213013 4.2090482711792 4.20866394042969 4.20697259902954 4.20230436325073 4.20840835571289 4.21816110610962 4.21604251861572 4.21683359146118 4.21650266647339 4.21358060836792 4.21078634262085 4.21077919006348 4.20993137359619 4.21080350875854 4.21742343902588 4.23034381866455 4.24206733703613 4.24654769897461 4.22579717636108 4.21940994262695 4.22036027908325 4.22026538848877 4.21757555007935 4.21600437164307 4.21467018127441 4.21296548843384 4.21198511123657 4.21064138412476 4.21093082427979 4.2110915184021
4.25672006607056 4.27383613586426 4.25136137008667 4.23966836929321 4.24153757095337 4.25444316864014 4.2262659072876 4.19493579864502 4.19980192184448 4.20025539398193 4.20059013366699 4.19918012619019 4.19746780395508 4.20294046401978 4.20570516586304 4.20965051651001 4.21953392028809 4.24107360839844 4.23738098144531 4.20374774932861 4.20761728286743 4.21912527084351 4.22569561004639 4.22270345687866 4.21573352813721 4.20683765411377 4.20158576965332 4.20431709289551 4.20703887939453 4.20540714263916 4.24249076843262 4.2482795715332 4.21411752700806 4.21778583526611 4.22091674804688 4.22207069396973 4.21839618682861 4.21670579910278 4.22036457061768 4.2200870513916 4.21694993972778 4.21633100509644 4.21509981155396 4.2149715423584 4.21425914764404 4.21358108520508 4.21363496780396
4.2548041343689 4.25541067123413 4.23084211349487 4.22060871124268 4.21592235565186 4.21128463745117 4.20729064941406 4.20524024963379 4.20394849777222 4.20476531982422 4.20560836791992 4.20344829559326 4.20087623596191 4.20084810256958 4.20058250427246 4.20192861557007 4.20325326919556 4.20441579818726 4.2045521736145 4.21478843688965 4.22605895996094 4.212073802948 4.21215152740479 4.2089958190918 4.19830274581909 4.19105195999146 4.1914119720459 4.19794225692749 4.20663738250732 4.22270441055298 4.22336673736572 4.20923376083374 4.21249198913574 4.21751117706299 4.22207307815552 4.22369909286499 4.22385025024414 4.22563505172729 4.22886323928833 4.22589492797852 4.21970224380493 4.21986627578735 4.21871852874756 4.21735906600952 4.217209815979 4.2172999382019 4.21757316589355
4.24412965774536 4.24958658218384 4.21314382553101 4.21268558502197 4.21032094955444 4.21243143081665 4.21465444564819 4.21361064910889 4.21216440200806 4.21086120605469 4.20903205871582 4.20571184158325 4.2036714553833 4.20290851593018 4.2035083770752 4.20421886444092 4.20544099807739 4.20758628845215 4.20876502990723 4.20828342437744 4.20463037490845 4.20025396347046 4.1974949836731 4.19666957855225 4.1952657699585 4.19655561447144 4.20517921447754 4.20110034942627 4.20648908615112 4.20616006851196 4.20996809005737 4.21337509155273 4.21549892425537 4.22141122817993 4.22637462615967 4.22812795639038 4.23013019561768 4.23178768157959 4.23204517364502 4.22757911682129 4.22185468673706 4.22155284881592 4.22055101394653 4.21836423873901 4.21707248687744 4.21671152114868 4.21773338317871
4.21765041351318 4.21611881256104 4.20755100250244 4.20811080932617 4.21152114868164 4.21629047393799 4.21829891204834 4.21745920181274 4.2153787612915 4.21353960037231 4.21080493927002 4.20790338516235 4.20587253570557 4.20582485198975 4.20669794082642 4.20773935317993 4.20929765701294 4.21151494979858 4.21084880828857 4.20878314971924 4.20663642883301 4.20389795303345 4.20147943496704 4.20093584060669 4.20194864273071 4.2027702331543 4.20342779159546 4.20404720306396 4.20572090148926 4.20990562438965 4.21477746963501 4.21852159500122 4.22015285491943 4.22546195983887 4.2304892539978 4.23131656646729 4.22960996627808 4.22742605209351 4.22679281234741 4.22338771820068 4.22026586532593 4.2197961807251 4.2189998626709 4.21709728240967 4.21574974060059 4.21540451049805 4.21611404418945
4.19759368896484 4.20219850540161 4.20543050765991 4.20871019363403 4.21300077438354 4.21673345565796 4.21762561798096 4.21707773208618 4.21625947952271 4.2158145904541 4.21506977081299 4.21300411224365 4.21076536178589 4.21043252944946 4.21122360229492 4.2125072479248 4.21349143981934 4.21524238586426 4.21525955200195 4.21370124816895 4.21238422393799 4.21032094955444 4.20848369598389 4.2076678276062 4.20834016799927 4.20938444137573 4.20936965942383 4.20891380310059 4.20946645736694 4.21215057373047 4.21594047546387 4.21896982192993 4.22127342224121 4.22496795654297 4.22724628448486 4.22711753845215 4.22559547424316 4.22400712966919 4.22295713424683 4.22114276885986 4.21938228607178 4.21800851821899 4.21714448928833 4.21638631820679 4.21614217758179 4.21578502655029 4.21583223342896
4.20007801055908 4.20205783843994 4.20450687408447 4.20779323577881 4.21170234680176 4.21463966369629 4.21591854095459 4.21708869934082 4.21784639358521 4.21856498718262 4.21846294403076 4.21793222427368 4.21695375442505 4.21595859527588 4.21618747711182 4.21729421615601 4.217444896698 4.2176718711853 4.21715831756592 4.21636533737183 4.21568202972412 4.21362924575806 4.21310615539551 4.21386003494263 4.21602773666382 4.2178521156311 4.21756649017334 4.21523904800415 4.21484375 4.21664094924927 4.21854591369629 4.22015428543091 4.22178363800049 4.22413301467896 4.22535467147827 4.22547578811646 4.22404050827026 4.22291040420532 4.22202682495117 4.22032976150513 4.21874713897705 4.21807861328125 4.21781349182129 4.21746683120728 4.21730470657349 4.21700286865234 4.21635627746582
4.19944381713867 4.20127534866333 4.20371770858765 4.20696973800659 4.21057271957397 4.21349477767944 4.21564292907715 4.21787118911743 4.21954298019409 4.22057199478149 4.22038078308105 4.22030591964722 4.22065687179565 4.22027969360352 4.22052907943726 4.22084760665894 4.22095537185669 4.22028636932373 4.21960258483887 4.21958827972412 4.2190465927124 4.21872091293335 4.21927738189697 4.21994829177856 4.22036790847778 4.22168111801147 4.22295761108398 4.22155666351318 4.22131013870239 4.22229671478271 4.22399520874023 4.22524261474609 4.22611379623413 4.22745370864868 4.22856426239014 4.22741746902466 4.22503662109375 4.22350549697876 4.22216272354126 4.22039365768433 4.21940183639526 4.2196249961853 4.21928787231445 4.21866369247437 4.21821355819702 4.21784496307373 4.21691274642944
