Ecospace-environmental-drivers/Outputs/ASCII-for-ecospace/Temp-bot/Temp-bot_X1996.04.asc
NCOLS 131 
NROWS 53 
XLLCORNER -98 
YLLCORNER 23.9265270233154 
CELLSIZE 0.133587792515755 
NODATA_value -3.4e+38 
[rows 21 to 41 of 53, columns 0 to 46 of 131]
-3.4e+38 -3.4e+38 -3.4e+38 -3.4e+38 -3.4e+38 -3.4e+38 19.6283340454102 19.656530380249 19.4438991546631 19.9146614074707 19.0266761779785 18.5502738952637 18.1919078826904 18.0721416473389 17.9668922424316 17.9525623321533 17.8509769439697 17.7810497283936 17.8215408325195 17.8645706176758 17.955509185791 17.9726581573486 18.117130279541 18.1811962127686 18.2067317962646 18.2850589752197 18.3228454589844 18.3634033203125 18.3349838256836 18.3138828277588 18.3794422149658 18.4009761810303 18.3573989868164 18.4999504089355 18.5902671813965 18.4933662414551 18.3933734893799 18.4294929504395 18.5118541717529 18.5038299560547 18.3700160980225 18.3849906921387 18.2708530426025 18.185676574707 18.196662902832 18.2588329315186 18.195140838623
-3.4e+38 -3.4e+38 -3.4e+38 -3.4e+38 -3.4e+38 -3.4e+38 19.8228645324707 19.4056091308594 19.656530380249 18.7605037689209 18.2627620697021 17.9796619415283 17.9751434326172 18.0378761291504 17.9293537139893 17.7819194793701 17.5595092773438 17.5805625915527 17.7476329803467 17.8991737365723 18.1182708740234 18.1763896942139 18.2688827514648 18.3388996124268 18.4416675567627 18.5086269378662 18.3415927886963 18.4111976623535 18.5208187103271 18.6035461425781 18.528205871582 18.2991123199463 18.19993019104 17.95285987854 17.9422721862793 17.9485607147217 17.7246036529541 17.6349983215332 17.5291481018066 17.0188579559326 17.3961486816406 17.6448173522949 16.8860759735107 17.2472114562988 17.5797233581543 17.4560604095459 17.2893009185791
-3.4e+38 -3.4e+38 -3.4e+38 -3.4e+38 20.087854385376 19.9956016540527 19.5821056365967 19.8228645324707 18.737434387207 18.1266555786133 17.8942928314209 17.8984870910645 18.1621952056885 18.318717956543 17.9851398468018 17.8445568084717 17.7765159606934 17.63254737854 17.8584232330322 17.8431224822998 16.8990669250488 15.3565578460693 14.63831615448 13.7585754394531 14.4618158340454 13.8831758499146 14.2399415969849 15.3528919219971 16.656810760498 16.0475959777832 17.0828533172607 17.249174118042 17.2827587127686 15.5158596038818 17.3036346435547 16.5358867645264 15.2288045883179 15.4375171661377 13.9915351867676 11.0239543914795 11.6602811813354 11.5151491165161 13.9486303329468 12.191593170166 13.375732421875 13.8473749160767 14.5213146209717
-3.4e+38 -3.4e+38 -3.4e+38 -3.4e+38 20.3242835998535 19.943675994873 19.9956016540527 18.9278507232666 18.0979747772217 17.8801212310791 18.0304679870605 18.3436908721924 18.6259841918945 18.6296634674072 18.3160972595215 18.2562198638916 17.5437602996826 15.0998306274414 13.8175191879272 11.9050178527832 9.88540363311768 8.41832637786865 8.87226963043213 8.95357894897461 9.45139789581299 9.2916202545166 10.065749168396 9.6203031539917 10.4703884124756 10.0282745361328 10.6794948577881 12.2037973403931 12.7907762527466 13.4966659545898 14.5201606750488 13.9550743103027 14.5989723205566 13.0316381454468 10.5677165985107 7.87811708450317 8.37507629394531 9.02568244934082 9.26430416107178 8.51123046875 7.93873405456543 8.52512359619141 7.45780658721924
-3.4e+38 -3.4e+38 -3.4e+38 -3.4e+38 -3.4e+38 20.3242835998535 19.5111427307129 18.346170425415 17.8789978027344 17.9811134338379 18.3849639892578 18.7392864227295 18.828649520874 18.2020149230957 16.9475021362305 14.4666328430176 11.3248929977417 8.62152481079102 7.98189115524292 6.94575643539429 6.06544351577759 5.94032049179077 6.06223106384277 6.26199197769165 6.54859161376953 6.32922506332397 6.51667928695679 6.61890840530396 6.41160726547241 6.45611667633057 6.60644912719727 7.72418785095215 8.56879615783691 10.8619861602783 10.4474849700928 10.7433300018311 10.1104516983032 8.26817321777344 6.27799129486084 6.1090931892395 6.74584627151489 6.7233681678772 6.06342601776123 6.03182363510132 5.97855472564697 6.2657618522644 5.90091371536255
-3.4e+38 -3.4e+38 -3.4e+38 -3.4e+38 -3.4e+38 20.29030418396 18.8279666900635 18.0968494415283 17.9375476837158 18.2661018371582 18.8271503448486 19.0534057617188 18.100435256958 15.8026361465454 13.3069286346436 10.7614765167236 7.69017457962036 6.10107088088989 5.89695739746094 5.33228635787964 4.9516282081604 4.97420454025269 4.96597194671631 5.20526266098022 5.06779050827026 5.2083215713501 5.12164497375488 5.05636548995972 5.2737774848938 5.0764102935791 5.52247762680054 6.15219640731812 7.19951057434082 7.95167779922485 6.75433874130249 7.28670215606689 6.7461199760437 5.64897775650024 5.44039869308472 5.25276517868042 5.55469369888306 5.14883947372437 5.43420505523682 5.43037462234497 5.46236085891724 5.56027698516846 5.00569677352905
-3.4e+38 -3.4e+38 22.6615772247314 22.4406509399414 20.9684925079346 19.9670696258545 18.4838180541992 18.0767154693604 18.188627243042 18.7663383483887 19.2379360198975 18.3338661193848 16.1851749420166 13.2598190307617 10.2384471893311 8.73467826843262 6.43531370162964 5.17144823074341 4.82230424880981 4.73244953155518 4.77021598815918 4.77069520950317 4.77792024612427 4.76041460037231 4.76129150390625 4.80978441238403 4.69672727584839 4.67586135864258 4.75536060333252 4.92920684814453 5.28747987747192 5.48601293563843 5.72896242141724 5.83971118927002 5.86775016784668 5.6233286857605 5.51000690460205 5.39341402053833 5.1641788482666 4.9739146232605 5.01934909820557 4.93286085128784 4.78091287612915 4.7010817527771 4.90634393692017 4.89880847930908 4.59595775604248
-339999999999999996128486808808066248288.000000000000000 -3.4e+38 -3.4e+38 -3.4e+38 22.2197246551514 19.7037906646729 18.3358631134033 18.1809139251709 18.6034870147705 19.3551406860352 19.0414733886719 16.9760189056396 13.7997274398804 10.5530595779419 8.77334690093994 7.22374439239502 5.48356485366821 4.95252180099487 4.7889404296875 4.72014284133911 4.76783227920532 4.69032382965088 4.66933393478394 4.68563556671143 4.6893138885498 4.70534801483154 4.64073133468628 4.70362710952759 4.58186769485474 4.74969434738159 4.95635032653809 4.91717290878296 5.28199481964111 5.42653131484985 5.35398483276367 5.20707702636719 5.0987434387207 4.91868352890015 4.90334939956665 4.82859563827515 4.65033483505249 4.57645416259766 4.41842365264893 4.41813278198242 4.41566562652588 4.42226123809814 4.41814470291138
-3.4e+38 -3.4e+38 -3.4e+38 -3.4e+38 21.7564716339111 19.4303798675537 18.3347015380859 18.3500900268555 19.0262317657471 19.5536212921143 18.3392925262451 15.6137819290161 11.5061960220337 8.92402076721191 6.85621690750122 6.05205583572388 5.55712985992432 5.0832576751709 4.80906248092651 4.81056547164917 4.57991695404053 4.42443513870239 4.4080548286438 4.42438173294067 4.44080924987793 4.5652871131897 4.53532981872559 4.56276988983154 4.4282374382019 4.72915458679199 4.79248952865601 4.84218120574951 4.73407983779907 4.82773208618164 4.81157207489014 4.49689674377441 4.61753416061401 4.57292318344116 4.51428365707397 4.45885515213013 4.41598510742188 4.39461469650269 4.36705875396729 4.33693552017212 4.35655450820923 4.33148431777954 4.31902694702148
-3.4e+38 -3.4e+38 -3.4e+38 -3.4e+38 21.579309463501 19.5332069396973 18.4231300354004 18.4688186645508 19.198486328125 19.551326751709 17.9752597808838 14.0110282897949 9.79464817047119 7.74424028396606 6.09167337417603 5.65758085250854 5.14132118225098 4.93536376953125 4.4222264289856 4.41344881057739 4.35822343826294 4.37082767486572 4.37032604217529 4.37939405441284 4.3637375831604 4.4109354019165 4.56498050689697 4.31523752212524 4.29983377456665 4.49402284622192 4.76855134963989 4.59871339797974 4.53023529052734 4.55897617340088 4.4618239402771 4.41788148880005 4.4320764541626 4.45056629180908 4.41783666610718 4.40991544723511 4.38114738464355 4.35154628753662 4.31809902191162 4.33104944229126 4.3046989440918 4.29773330688477 4.28744649887085
-3.4e+38 -3.4e+38 -3.4e+38 -3.4e+38 22.9758224487305 19.9902076721191 18.5568885803223 18.5078315734863 19.1195125579834 19.5716991424561 18.0152378082275 13.9491834640503 9.43504238128662 7.24560117721558 5.88597917556763 4.96377992630005 4.74999284744263 4.62802028656006 4.36912488937378 4.34130764007568 4.30956649780273 4.30564308166504 4.37008476257324 4.36645698547363 4.35604429244995 4.39782810211182 4.6717643737793 4.61411190032959 4.35766077041626 4.4305567741394 4.41783857345581 4.37218713760376 4.39763879776001 4.38588714599609 4.3837947845459 4.39953422546387 4.41533327102661 4.39904546737671 4.36427068710327 4.32960748672485 4.31717920303345 4.30149793624878 4.28814888000488 4.28443765640259 4.2834939956665 4.28071117401123 4.28005409240723
-3.4e+38 -3.4e+38 -3.4e+38 -3.4e+38 22.8716926574707 20.4790229797363 18.8901138305664 18.441722869873 18.7578353881836 19.4102592468262 18.7641944885254 15.9063968658447 9.9846363067627 6.91353893280029 5.7121958732605 4.81755590438843 4.3953218460083 4.40486431121826 4.39045906066895 4.32395553588867 4.29024410247803 4.2866358757019 4.2979211807251 4.30998754501343 4.35366249084473 4.34277009963989 4.3746337890625 4.38695526123047 4.38120317459106 4.38368225097656 4.34542608261108 4.38911294937134 4.38773155212402 4.34091424942017 4.30600547790527 4.34239482879639 4.33515930175781 4.33370447158813 4.31188631057739 4.29758358001709 4.29163932800293 4.28648662567139 4.32256507873535 4.28075790405273 4.27578830718994 4.2683424949646 4.27019357681274
-3.4e+38 -3.4e+38 -3.4e+38 -3.4e+38 22.9145374298096 21.220027923584 19.506685256958 18.612756729126 18.4741268157959 18.8448619842529 19.1264953613281 18.1647853851318 11.9579153060913 6.83223009109497 5.27777910232544 4.91709280014038 4.46149158477783 4.41762113571167 4.36725902557373 4.30012655258179 4.27472400665283 4.26840829849243 4.2710018157959 4.29086780548096 4.30528402328491 4.29514026641846 4.28417778015137 4.26753759384155 4.28109407424927 4.30951309204102 4.32427310943604 4.37050342559814 4.33181953430176 4.30052661895752 4.28091621398926 4.29893255233765 4.29508113861084 4.29620361328125 4.29150056838989 4.30702209472656 4.28909158706665 4.2968225479126 4.31202411651611 4.30410814285278 4.28917455673218 4.25952053070068 4.28618240356445
-3.4e+38 -3.4e+38 -3.4e+38 -3.4e+38 -3.4e+38 20.7306442260742 20.0495796203613 19.0659008026123 18.6198616027832 18.7264938354492 19.0899257659912 19.0943088531494 14.9214696884155 7.00619554519653 5.32966995239258 4.91487264633179 4.54942560195923 4.40817213058472 4.35295581817627 4.28288507461548 4.27171564102173 4.26238346099854 4.25472211837769 4.27238178253174 4.28303050994873 4.2929835319519 4.26785326004028 4.25085639953613 4.26720380783081 4.28134489059448 4.2911958694458 4.29617404937744 4.28775310516357 4.27813243865967 4.27022171020508 4.26881122589111 4.2777304649353 4.28670167922974 4.28559255599976 4.28492212295532 4.301185131073 4.32096290588379 4.30103158950806 4.27344226837158 4.28832721710205 4.29114198684692 4.30038976669312
-3.4e+38 -3.4e+38 -3.4e+38 -3.4e+38 -3.4e+38 23.55100440979 20.4909687042236 19.4446029663086 18.9564762115479 18.8995227813721 19.136926651001 19.3089294433594 15.5393037796021 7.32034015655518 5.44204998016357 4.86147451400757 4.70610427856445 4.39016914367676 4.33945560455322 4.2775936126709 4.25966644287109 4.25547409057617 4.26137113571167 4.25590944290161 4.26286888122559 4.31385231018066 4.29440879821777 4.25879049301147 4.27026033401489 4.25673770904541 4.25888442993164 4.26164722442627 4.26283836364746 4.26642942428589 4.28036499023438 4.24921369552612 4.26688385009766 4.27449798583984 4.28266096115112 4.28332471847534 4.2753381729126 4.29576063156128 4.28601741790771 4.26736307144165 4.27371168136597 4.2705135345459 4.25524806976318
-3.4e+38 -3.4e+38 -3.4e+38 -3.4e+38 -3.4e+38 23.5268249511719 20.6820793151855 19.627872467041 19.3375244140625 19.2904491424561 19.3291206359863 19.3669376373291 13.6096839904785 6.86052083969116 5.18059968948364 4.81325769424438 4.75646543502808 4.56752014160156 4.30872488021851 4.26840353012085 4.25440263748169 4.27038192749023 4.25318002700806 4.24954843521118 4.25067806243896 4.2603235244751 4.27644443511963 4.26563549041748 4.25987815856934 4.2724666595459 4.26628494262695 4.25948047637939 4.26190567016602 4.27072286605835 4.2586145401001 4.25052642822266 4.22996425628662 4.24819469451904 4.25383138656616 4.2401123046875 4.23782253265381 4.25133275985718 4.25002479553223 4.24632024765015 4.25062799453735 4.24600172042847 4.24026107788086
-3.4e+38 -3.4e+38 -3.4e+38 -3.4e+38 -3.4e+38 -3.4e+38 20.7454032897949 19.7747173309326 19.5989780426025 19.5900783538818 19.6842498779297 19.4610614776611 14.2260446548462 7.39367580413818 5.26484346389771 4.83025217056274 4.94050312042236 4.64206314086914 4.30350542068481 4.26437568664551 4.25130081176758 4.25715398788452 4.23314714431763 4.23352098464966 4.22631645202637 4.23256969451904 4.24774074554443 4.28518390655518 4.28762912750244 4.27606678009033 4.24167251586914 4.23240613937378 4.23443365097046 4.23572444915771 4.22043704986572 4.21693325042725 4.23749113082886 4.21500539779663 4.21376419067383 4.21373271942139 4.23390865325928 4.24274873733521 4.24362373352051 4.24318075180054 4.22994613647461 4.19312620162964 4.19275665283203
-3.4e+38 -3.4e+38 -3.4e+38 -3.4e+38 -3.4e+38 -3.4e+38 21.0420532226562 19.8734264373779 19.7846374511719 19.8282623291016 19.9211463928223 19.380895614624 13.1048355102539 7.74277067184448 5.57041120529175 5.06951284408569 5.16652345657349 4.78278684616089 4.32653570175171 4.25599813461304 4.26214218139648 4.23591613769531 4.22068452835083 4.21198081970215 4.21511936187744 4.22150468826294 4.23682260513306 4.25563144683838 4.26431369781494 4.24818229675293 4.2263126373291 4.2211446762085 4.22038984298706 4.21757984161377 4.21291399002075 4.21238279342651 4.21295404434204 4.21360015869141 4.20947265625 4.24319982528687 4.19794750213623 4.20662450790405 4.2138819694519 4.20647048950195 4.19394731521606 4.18375778198242 4.18411540985107
-3.4e+38 -3.4e+38 -3.4e+38 -3.4e+38 -3.4e+38 -3.4e+38 21.1990623474121 19.905387878418 19.9600582122803 20.1142959594727 20.0853900909424 18.6861171722412 12.5766506195068 6.96854734420776 5.43627119064331 4.86804866790771 5.06355619430542 4.66435432434082 4.34329223632812 4.27897214889526 4.25719690322876 4.22755765914917 4.22140693664551 4.22167491912842 4.22728633880615 4.22904062271118 4.23121738433838 4.24523067474365 4.25277709960938 4.24005937576294 4.23014211654663 4.22725009918213 4.22641086578369 4.22209787368774 4.21697187423706 4.21535301208496 4.21504497528076 4.21438503265381 4.211829662323 4.20867490768433 4.20460557937622 4.20026731491089 4.20153474807739 4.21596050262451 4.20980596542358 4.23541164398193 4.20043897628784
-3.4e+38 -3.4e+38 -3.4e+38 -3.4e+38 -3.4e+38 22.1621742248535 20.7973747253418 19.943531036377 20.1625118255615 20.4033184051514 20.0501480102539 17.7361488342285 11.6420679092407 6.31506633758545 5.04387807846069 4.7785210609436 4.75135517120361 4.60301065444946 4.35459423065186 4.28087186813354 4.25392627716064 4.23622894287109 4.23948431015015 4.23703718185425 4.23821830749512 4.24026298522949 4.23974943161011 4.2394118309021 4.23982810974121 4.23677968978882 4.23532867431641 4.23487281799316 4.23234510421753 4.22770690917969 4.22212505340576 4.21836423873901 4.21627521514893 4.21510457992554 4.21372842788696 4.21203136444092 4.20966815948486 4.20584917068481 4.20001220703125 4.19698429107666 4.19757652282715 4.20141649246216 4.20246505737305
-3.4e+38 -3.4e+38 -3.4e+38 -3.4e+38 22.398120880127 21.9467926025391 20.2324848175049 20.0512180328369 20.3584995269775 20.5501747131348 19.2145481109619 15.7789630889893 9.91940689086914 5.73481702804565 4.98462820053101 4.84733438491821 4.76841115951538 4.53136301040649 4.31261396408081 4.2701268196106 4.25846576690674 4.25654554367065 4.25335311889648 4.2506742477417 4.24766683578491 4.24794960021973 4.25215244293213 4.25133562088013 4.24726009368896 4.24341058731079 4.24162912368774 4.23875856399536 4.23480892181396 4.2300763130188 4.22485780715942 4.22095537185669 4.21845149993896 4.21680212020874 4.21510457992554 4.21312379837036 4.21145534515381 4.20942735671997 4.20623636245728 4.20433044433594 4.20320510864258 4.20207452774048 4.20211839675903
