Ecospace-environmental-drivers/Outputs/ASCII-for-ecospace/Temp-bot/Temp-bot_X2005.10.asc
NCOLS 131 
NROWS 53 
XLLCORNER -98 
YLLCORNER 23.9265270233154 
CELLSIZE 0.133587792515755 
NODATA_value -3.4e+38 
[rows 0 to 20 of 53, columns 47 to 93 of 131]
-3.4e+38 -3.4e+38 -3.4e+38 -3.4e+38 -3.4e+38 -3.4e+38 -3.4e+38 -3.4e+38 -3.4e+38 -3.4e+38 -3.4e+38 -3.4e+38 -3.4e+38 -3.4e+38 -3.4e+38 -3.4e+38 -3.4e+38 -3.4e+38 -3.4e+38 -3.4e+38 -3.4e+38 -3.4e+38 -3.4e+38 -3.4e+38 -3.4e+38 -3.4e+38 -3.4e+38 -3.4e+38 -3.4e+38 -3.4e+38 -3.4e+38 -3.4e+38 -3.4e+38 -3.4e+38 -3.4e+38 -3.4e+38 -3.4e+38 -3.4e+38 -3.4e+38 -3.4e+38 -3.4e+38 -3.4e+38 -3.4e+38 -3.4e+38 -3.4e+38 -3.4e+38 -3.4e+38
-3.4e+38 -3.4e+38 -3.4e+38 -3.4e+38 -3.4e+38 -3.4e+38 -3.4e+38 -3.4e+38 -3.4e+38 -3.4e+38 -3.4e+38 -3.4e+38 -3.4e+38 -3.4e+38 -3.4e+38 -3.4e+38 -3.4e+38 -3.4e+38 -3.4e+38 -3.4e+38 -3.4e+38 -3.4e+38 -3.4e+38 -3.4e+38 -3.4e+38 -3.4e+38 -3.4e+38 -3.4e+38 -3.4e+38 -3.4e+38 -3.4e+38 -3.4e+38 -3.4e+38 -3.4e+38 -3.4e+38 -3.4e+38 -3.4e+38 -3.4e+38 -3.4e+38 -3.4e+38 -3.4e+38 -3.4e+38 -3.4e+38 -3.4e+38 -3.4e+38 -3.4e+38 -3.4e+38
-3.4e+38 -3.4e+38 -3.4e+38 -3.4e+38 -3.4e+38 -3.4e+38 -3.4e+38 -3.4e+38 -3.4e+38 -3.4e+38 -3.4e+38 -3.4e+38 -3.4e+38 -3.4e+38 -3.4e+38 -3.4e+38 -3.4e+38 -3.4e+38 -3.4e+38 -3.4e+38 -3.4e+38 -3.4e+38 -3.4e+38 -3.4e+38 -3.4e+38 -3.4e+38 -3.4e+38 24.124870300293 24.1066627502441 -3.4e+38 -3.4e+38 -3.4e+38 -3.4e+38 -3.4e+38 -3.4e+38 -3.4e+38 -3.4e+38 -3.4e+38 -3.4e+38 -3.4e+38 -3.4e+38 -3.4e+38 -3.4e+38 -3.4e+38 -3.4e+38 -3.4e+38 -3.4e+38
-3.4e+38 -3.4e+38 -3.4e+38 -3.4e+38 -3.4e+38 -3.4e+38 -3.4e+38 -3.4e+38 -3.4e+38 -3.4e+38 -3.4e+38 -3.4e+38 -3.4e+38 -3.4e+38 -3.4e+38 -3.4e+38 -3.4e+38 -3.4e+38 -3.4e+38 -3.4e+38 -3.4e+38 -3.4e+38 -3.4e+38 -3.4e+38 -3.4e+38 -3.4e+38 -3.4e+38 24.1809406280518 24.2395458221436 -3.4e+38 -3.4e+38 -3.4e+38 -3.4e+38 -3.4e+38 -3.4e+38 -3.4e+38 -3.4e+38 -3.4e+38 -3.4e+38 -3.4e+38 -3.4e+38 -3.4e+38 -3.4e+38 -3.4e+38 -3.4e+38 -3.4e+38 -3.4e+38
-3.4e+38 -3.4e+38 -3.4e+38 -3.4e+38 -3.4e+38 -3.4e+38 -3.4e+38 -3.4e+38 -3.4e+38 24.2866630554199 24.2866630554199 24.2930946350098 24.3630504608154 -3.4e+38 -3.4e+38 -3.4e+38 -3.4e+38 -3.4e+38 24.3762168884277 24.3184661865234 24.1159553527832 24.0877723693848 24.1355972290039 24.2937755584717 24.3969764709473 24.333381652832 24.2992839813232 24.2278289794922 24.433048248291 24.6123313903809 -3.4e+38 -3.4e+38 26.8476486206055 26.9417190551758 26.6729736328125 27.0383434295654 27.1242160797119 26.9968643188477 26.9810752868652 27.1901779174805 27.241003036499 27.1788749694824 -3.4e+38 -3.4e+38 -3.4e+38 -3.4e+38 -3.4e+38
-3.4e+38 -3.4e+38 -3.4e+38 -3.4e+38 -3.4e+38 -3.4e+38 -3.4e+38 -3.4e+38 24.2866630554199 24.2866630554199 24.2866630554199 24.2866630554199 24.2995262145996 24.3735065460205 24.4925079345703 -3.4e+38 24.4361438751221 24.3684043884277 24.3491630554199 24.4688377380371 24.7440013885498 24.8540344238281 24.349515914917 24.5351486206055 24.8063621520996 25.2016258239746 25.0036430358887 24.7900581359863 24.9721221923828 24.6948719024658 26.4077587127686 26.6556282043457 26.8504753112793 27.0368404388428 27.2065887451172 27.2867431640625 27.2569446563721 27.1826667785645 27.1218223571777 27.1383075714111 27.0908393859863 27.1885948181152 27.1950664520264 27.1667423248291 -3.4e+38 -3.4e+38 -3.4e+38
-3.4e+38 -3.4e+38 -3.4e+38 -3.4e+38 -3.4e+38 -3.4e+38 -3.4e+38 -3.4e+38 24.3000469207764 24.2866630554199 24.2866630554199 24.2866630554199 24.2866630554199 24.3123893737793 24.4024658203125 24.4925079345703 24.4561748504639 24.4274883270264 24.4631156921387 24.7567005157471 25.3342723846436 25.8331279754639 26.1462154388428 26.2870121002197 26.3913440704346 26.6374015808105 26.7725028991699 26.6150970458984 26.6494789123535 26.7508335113525 26.9566917419434 27.2750949859619 27.4476585388184 27.4331283569336 27.2936534881592 25.8348922729492 24.0261993408203 24.7135906219482 25.3800811767578 25.5949935913086 25.7275943756104 26.2242603302002 26.8817348480225 27.1811618804932 27.1230373382568 27.0635890960693 -3.4e+38
-3.4e+38 -3.4e+38 -3.4e+38 -3.4e+38 -3.4e+38 -3.4e+38 -3.4e+38 -3.4e+38 -3.4e+38 -3.4e+38 24.2866630554199 24.2866630554199 24.2866630554199 -3.4e+38 24.33811378479 24.4925785064697 24.5267028808594 24.499303817749 24.4812393188477 24.723596572876 25.1808319091797 25.8334617614746 26.6310329437256 27.0431327819824 27.1811695098877 27.1950283050537 27.2609424591064 27.3322563171387 27.4081745147705 27.4900951385498 27.5585632324219 27.6543598175049 27.6617565155029 26.9233512878418 24.5422916412354 19.435661315918 17.6483898162842 19.6979694366455 22.610164642334 23.7396602630615 24.2930088043213 25.0863780975342 26.1630611419678 26.8638076782227 27.255350112915 27.1294746398926 26.7464962005615
-3.4e+38 -3.4e+38 -3.4e+38 -3.4e+38 -3.4e+38 -3.4e+38 -3.4e+38 -3.4e+38 -3.4e+38 -3.4e+38 -3.4e+38 -3.4e+38 -3.4e+38 -3.4e+38 24.3809986114502 24.4058437347412 24.5363368988037 24.5591506958008 24.5142555236816 24.6666259765625 24.906270980835 25.5206832885742 26.7439975738525 27.2010326385498 26.9431056976318 26.8214988708496 27.096004486084 27.3146858215332 27.5106239318848 27.6109580993652 27.6513977050781 27.5907917022705 26.8323154449463 22.2688369750977 17.4093894958496 15.0854539871216 15.5147142410278 17.0967960357666 18.9392604827881 21.1739044189453 22.6632041931152 24.6145801544189 25.2888927459717 26.0395259857178 26.8783626556396 27.261568069458 26.9604034423828
24.6263790130615 -3.4e+38 -3.4e+38 -3.4e+38 -3.4e+38 -3.4e+38 -3.4e+38 -3.4e+38 -3.4e+38 -3.4e+38 24.7720413208008 24.6480484008789 -3.4e+38 -3.4e+38 -3.4e+38 24.5626449584961 24.6142921447754 24.6564865112305 24.5865783691406 24.6369590759277 24.8232574462891 25.674036026001 26.93137550354 27.1735057830811 26.3729972839355 26.5003356933594 26.9766540527344 27.1337623596191 27.3868312835693 27.4739017486572 27.3912754058838 26.4058876037598 22.9557132720947 15.4145364761353 13.2133703231812 13.5493545532227 14.5984497070312 15.4572553634644 16.5046195983887 18.2124996185303 20.9357795715332 25.2913856506348 25.554256439209 25.908483505249 26.7562770843506 27.1960506439209 26.9679431915283
24.5702381134033 24.5296192169189 -3.4e+38 -3.4e+38 -3.4e+38 -3.4e+38 -3.4e+38 -3.4e+38 -3.4e+38 -3.4e+38 24.9538497924805 25.0087718963623 25.0094356536865 -3.4e+38 -3.4e+38 24.6884269714355 24.7236671447754 24.7638492584229 24.6803321838379 24.6743965148926 24.950023651123 26.2774257659912 27.0068206787109 26.8894138336182 25.6643009185791 26.2080879211426 26.8568496704102 27.0110301971436 27.1098823547363 26.9775257110596 26.112663269043 23.7616672515869 19.9929161071777 11.9298782348633 10.4946346282959 10.79612159729 12.072283744812 13.1089534759521 14.8351364135742 16.0572738647461 18.5266246795654 21.7120037078857 24.8123626708984 26.2372055053711 26.9757919311523 27.2245540618896 27.0583381652832
24.5802364349365 24.5969676971436 24.7979927062988 24.9529628753662 -3.4e+38 -3.4e+38 -3.4e+38 -3.4e+38 -3.4e+38 -3.4e+38 -3.4e+38 24.9576320648193 25.1238956451416 25.0094356536865 25.2889804840088 25.108829498291 24.922155380249 24.8738174438477 24.8313846588135 24.8578968048096 25.8768043518066 26.8355712890625 26.7930698394775 25.112398147583 24.4529609680176 25.0504703521729 25.6197566986084 25.5983829498291 24.6086006164551 23.8770713806152 23.2250137329102 19.970739364624 11.4418096542358 8.9293794631958 8.32128715515137 8.2409725189209 8.68225193023682 9.86851787567139 11.8624458312988 14.0953931808472 15.8087310791016 18.2393684387207 21.9024791717529 25.7728366851807 26.9630393981934 27.2104301452637 27.138521194458
25.1893577575684 24.9291934967041 24.9808559417725 25.0800399780273 -3.4e+38 -3.4e+38 -3.4e+38 -3.4e+38 24.9911289215088 24.9782524108887 24.9099998474121 25.048999786377 25.0052642822266 25.3569889068604 26.1010723114014 26.1175746917725 25.618782043457 25.1839714050293 25.3131046295166 25.2250194549561 26.2850933074951 25.7877101898193 24.3842830657959 23.8202095031738 23.6002655029297 23.187068939209 21.4419403076172 18.8937835693359 18.1356601715088 17.511547088623 13.0969934463501 8.8740406036377 7.04136943817139 7.11812305450439 6.78517723083496 6.73317670822144 8.37399101257324 8.83476829528809 9.64399433135986 11.3452043533325 13.2921781539917 15.1632862091064 17.7943439483643 21.3626480102539 23.255973815918 24.3547344207764 24.8902416229248
25.8221073150635 25.6901569366455 25.4282550811768 25.1804122924805 25.1179084777832 24.9867553710938 24.9302387237549 24.9153003692627 24.9420566558838 24.9613990783691 25.0473670959473 24.8564510345459 25.4259185791016 26.427209854126 26.8546543121338 26.6275386810303 26.0824508666992 26.0227642059326 25.9157123565674 25.8425388336182 25.9887561798096 23.3849754333496 22.1819515228271 19.8143081665039 16.2096977233887 14.7400465011597 12.0800037384033 9.56394290924072 8.16044044494629 6.54475688934326 5.30431175231934 4.91784048080444 4.97770404815674 5.62121963500977 5.88117599487305 6.71930074691772 8.38711643218994 9.29793739318848 9.56354427337646 10.363317489624 11.6233291625977 13.0629167556763 14.6462230682373 16.0104694366455 18.2458019256592 20.0270366668701 22.098804473877
26.1281757354736 26.1350173950195 25.7942218780518 25.4211711883545 25.1747550964355 25.0092926025391 24.9951992034912 25.0267314910889 25.2605228424072 25.4811496734619 25.8616352081299 26.2080402374268 26.7935352325439 27.0762386322021 27.0875034332275 27.1825141906738 26.8831233978271 26.4003982543945 26.5754356384277 26.6892986297607 24.8210582733154 18.2543621063232 15.8211879730225 10.8789167404175 8.67892265319824 7.35143566131592 5.60299873352051 4.99859571456909 4.70344305038452 4.43626308441162 4.40707969665527 4.41814756393433 4.51456546783447 5.03344345092773 5.58549213409424 7.00428438186646 8.44365119934082 10.0533905029297 9.56447887420654 10.3202877044678 11.1839933395386 11.8857879638672 13.5426454544067 14.6122131347656 15.9247484207153 17.0262413024902 21.0354080200195
26.8643398284912 26.6676235198975 26.1974258422852 25.6937828063965 25.5831432342529 25.7025184631348 25.8204593658447 26.0084915161133 26.411994934082 26.6756591796875 26.8703479766846 27.0378303527832 27.1127853393555 26.919153213501 26.1081199645996 25.3914852142334 26.2584419250488 26.5604801177979 25.0448265075684 22.9875640869141 16.6381607055664 11.6029434204102 9.19706916809082 7.55314159393311 5.78480529785156 5.04100704193115 4.76012372970581 4.39185857772827 4.31581115722656 4.29646682739258 4.29110193252563 4.30285596847534 4.42762804031372 4.95161437988281 5.73583364486694 7.10785293579102 8.62690353393555 9.51559352874756 9.75015640258789 10.3338670730591 11.1039934158325 11.4649953842163 12.7122392654419 14.0920248031616 15.6072731018066 16.1739559173584 17.6501483917236
27.2131614685059 27.0664501190186 26.7014312744141 26.1907253265381 26.0317993164062 26.2830677032471 26.5960025787354 26.7663612365723 26.890022277832 27.0152187347412 27.1027164459229 27.1136093139648 26.8687438964844 25.5768013000488 23.2097454071045 21.7953758239746 21.7352313995361 21.3346099853516 17.497974395752 12.9209766387939 8.89286327362061 6.43740320205688 5.53217220306396 5.09216547012329 4.73566961288452 4.56120681762695 4.413245677948 4.30485582351685 4.28043603897095 4.26729440689087 4.25539779663086 4.30142879486084 4.45074272155762 4.87525320053101 5.5034294128418 6.61168146133423 7.99129343032837 8.76096725463867 9.73933124542236 10.0401430130005 10.8489656448364 11.5811967849731 12.4804239273071 13.4893445968628 14.8973112106323 16.2221183776855 16.8516864776611
27.4526519775391 27.3898963928223 27.2301292419434 26.9128894805908 26.6698455810547 26.6700878143311 26.7809982299805 26.8917045593262 26.978214263916 27.0911502838135 27.1721439361572 26.3008556365967 19.9888229370117 15.5431900024414 16.7342376708984 18.6991748809814 18.2847805023193 16.4938545227051 14.0834903717041 9.17984390258789 5.88260173797607 4.99995183944702 4.81483268737793 4.46608257293701 4.35350465774536 4.29902410507202 4.29520416259766 4.26918125152588 4.25894975662231 4.26069402694702 4.26027393341064 4.30338668823242 4.45337677001953 4.75781154632568 5.29680395126343 6.0527663230896 6.82363605499268 7.95435476303101 9.0040225982666 9.59468936920166 10.3964223861694 11.4648294448853 11.9666681289673 13.2461729049683 14.7268762588501 15.6531562805176 16.5898189544678
27.3887634277344 27.4172229766846 27.4186515808105 27.3524532318115 27.251220703125 27.1312808990479 27.0680065155029 27.1091442108154 27.1640357971191 27.1832904815674 26.9208641052246 25.8030796051025 19.9171600341797 10.6940965652466 8.66833209991455 10.0850896835327 10.8020000457764 11.4472274780273 10.0889272689819 7.66081237792969 5.70047950744629 4.93528747558594 4.49307203292847 4.34528684616089 4.28385257720947 4.27203273773193 4.25392150878906 4.2558536529541 4.25942850112915 4.26038408279419 4.26673746109009 4.27145528793335 4.37306880950928 4.68464517593384 5.0208535194397 5.57027292251587 6.15800428390503 6.81415700912476 7.65454387664795 8.68697834014893 9.54800987243652 10.3533344268799 11.2882604598999 12.2059268951416 13.6485757827759 15.023455619812 16.1241455078125
26.5256423950195 26.3961200714111 26.4132690429688 26.5307884216309 26.841438293457 27.0607681274414 27.0466232299805 27.0128479003906 26.8643646240234 26.638858795166 25.8723678588867 24.3051071166992 20.9891700744629 13.2450866699219 8.71833324432373 6.31164264678955 6.29155158996582 6.93406629562378 6.94756269454956 5.9330792427063 4.88878154754639 4.64840650558472 4.40564775466919 4.3161826133728 4.28118896484375 4.270836353302 4.2545280456543 4.25682592391968 4.25834512710571 4.25891160964966 4.26176595687866 4.26121234893799 4.27473306655884 4.4445276260376 4.74320507049561 5.09718132019043 5.35893630981445 5.89656829833984 6.50254583358765 7.20465135574341 8.00321388244629 9.18513488769531 10.1053295135498 11.1122970581055 12.0025300979614 13.4163446426392 14.8648328781128
24.2181186676025 23.4494724273682 23.3643283843994 23.6413860321045 23.9895133972168 24.1459522247314 24.2947940826416 24.3316307067871 24.3849792480469 23.9209499359131 21.6430568695068 20.1818599700928 17.7088775634766 13.2103815078735 8.4285364151001 5.77614641189575 5.23233938217163 5.28726673126221 5.41820240020752 4.92554903030396 4.72606420516968 4.40751600265503 4.29616355895996 4.28029108047485 4.28076982498169 4.26948261260986 4.25846576690674 4.26134157180786 4.26154708862305 4.26036691665649 4.26087951660156 4.26129770278931 4.25928640365601 4.25207281112671 4.29707908630371 4.35716819763184 4.57597970962524 4.96301889419556 5.43603229522705 5.91261911392212 6.3034405708313 7.05483531951904 7.90390253067017 9.03126621246338 9.83502197265625 11.1180810928345 12.0815687179565
