Ecospace-environmental-drivers/Outputs/ASCII-for-ecospace/Temp-bot/Temp-bot_X2014.12.asc
NCOLS 131 
NROWS 53 
XLLCORNER -98 
YLLCORNER 23.9265270233154 
CELLSIZE 0.133587792515755 
NODATA_value -3.4e+38 
[rows 21 to 41 of 53, columns 47 to 93 of 131]
21.5528125762939 21.4623260498047 21.2434101104736 21.0945911407471 21.1713047027588 21.1986694335938 21.1320095062256 21.1713409423828 21.2345199584961 20.8658065795898 20.0337944030762 19.4922981262207 18.7423400878906 14.3786010742188 9.37114810943604 5.96667337417603 5.35092782974243 5.34792804718018 5.46686792373657 5.11406707763672 4.58047342300415 4.35087871551514 4.25563812255859 4.21705436706543 4.213791847229 4.22930097579956 4.20638370513916 4.20253562927246 4.20315170288086 4.20563650131226 4.21866893768311 4.27106285095215 4.39291858673096 4.42911386489868 4.47346115112305 4.78005027770996 5.03427934646606 5.40668773651123 5.78876638412476 6.15353107452393 6.79302740097046 7.62353515625 8.67592334747314 10.0251159667969 12.2569103240967 13.2258768081665 13.9660062789917
20.2862319946289 19.657564163208 19.6655540466309 19.3519630432129 19.3319244384766 19.6406784057617 19.5662155151367 19.5282745361328 19.7540321350098 18.2672557830811 16.5421199798584 16.069953918457 13.8439559936523 10.5550260543823 7.92667770385742 5.89573764801025 5.11838293075562 4.78364849090576 4.88236808776855 4.68049049377441 4.42609405517578 4.3192024230957 4.23027896881104 4.21232938766479 4.21282815933228 4.21516132354736 4.20147275924683 4.19819736480713 4.19893264770508 4.20691919326782 4.22755765914917 4.24656057357788 4.2542724609375 4.24284839630127 4.22253513336182 4.21891832351685 4.2551531791687 4.46560859680176 4.78130197525024 5.07298278808594 5.44017457962036 5.89234018325806 6.21225357055664 7.03971433639526 8.53320217132568 10.2939033508301 12.1630401611328
18.2705173492432 17.0071849822998 17.3701839447021 17.2101364135742 17.9406490325928 17.7127838134766 15.6671142578125 15.3067064285278 15.2771110534668 12.1057596206665 10.7347030639648 9.86062240600586 9.12985610961914 7.45659875869751 6.13360261917114 5.88386583328247 4.92909717559814 4.59202003479004 4.52237701416016 4.48412656784058 4.37255430221558 4.27236557006836 4.23485040664673 4.2088418006897 4.20307922363281 4.20286178588867 4.19642114639282 4.1946816444397 4.19706153869629 4.21494436264038 4.22450065612793 4.21674728393555 4.19615316390991 4.17774152755737 4.17025852203369 4.1722092628479 4.17507839202881 4.1829514503479 4.2152099609375 4.28879261016846 4.43493890762329 4.64135074615479 4.8038649559021 5.30248117446899 5.97999048233032 6.88303327560425 9.02762985229492
13.6225919723511 12.286470413208 13.0115642547607 12.5175342559814 11.9720649719238 10.3352308273315 10.5839328765869 9.41242599487305 8.22737312316895 7.12572574615479 6.31110191345215 6.77523612976074 6.479332447052 5.96983623504639 5.58908557891846 5.14388465881348 4.77860736846924 4.52628183364868 4.40474319458008 4.31381607055664 4.33500003814697 4.2573709487915 4.21879196166992 4.20400905609131 4.1959023475647 4.19230985641479 4.18878126144409 4.18962955474854 4.19767045974731 4.20111036300659 4.18271017074585 4.17233514785767 4.1636962890625 4.16129875183105 4.16073322296143 4.16054677963257 4.1627368927002 4.16476440429688 4.16242504119873 4.15635585784912 4.15431547164917 4.16563940048218 4.19688272476196 4.36451721191406 4.76742506027222 5.33357810974121 6.81193590164185
8.0944881439209 8.10420322418213 6.90760374069214 7.89554452896118 7.42829847335815 6.62569284439087 6.52764129638672 5.88737535476685 5.52089738845825 5.64318418502808 5.651686668396 5.73156213760376 5.48065042495728 5.24867010116577 4.9245719909668 4.62054443359375 4.52843761444092 4.46720743179321 4.32591962814331 4.21561336517334 4.24669122695923 4.21668291091919 4.21548795700073 4.20946884155273 4.19428014755249 4.18476390838623 4.17264938354492 4.17419719696045 4.18157052993774 4.17795991897583 4.16551971435547 4.16244745254517 4.15888690948486 4.15740013122559 4.15662050247192 4.1571159362793 4.15502691268921 4.15215969085693 4.14984941482544 4.14786720275879 4.14463901519775 4.14422464370728 4.14799880981445 4.15532636642456 4.21929502487183 4.54229688644409 5.4329891204834
5.55279731750488 5.29536104202271 5.25695466995239 5.32256412506104 5.10926151275635 5.30240631103516 5.07552099227905 5.28164768218994 4.98053693771362 5.0429048538208 5.0640754699707 5.04018878936768 4.81178569793701 4.63048839569092 4.71396636962891 4.5427565574646 4.4139723777771 4.34672975540161 4.30149412155151 4.20528507232666 4.22232484817505 4.18014097213745 4.18201303482056 4.20208501815796 4.19784736633301 4.18824911117554 4.17121267318726 4.16400861740112 4.16386938095093 4.16081190109253 4.1584005355835 4.15816783905029 4.15832424163818 4.15384483337402 4.14999437332153 4.14900970458984 4.14805221557617 4.14819812774658 4.14566707611084 4.13807106018066 4.13369274139404 4.13104677200317 4.13086462020874 4.13671016693115 4.14835929870605 4.17125415802002 4.52610158920288
4.96530389785767 4.84210062026978 4.86043977737427 4.61300373077393 4.58450078964233 4.79532909393311 4.59047269821167 4.69339466094971 4.59376239776611 4.59469604492188 4.56436586380005 4.66232919692993 4.57250642776489 4.4633526802063 4.43497514724731 4.39112997055054 4.30352830886841 4.23349046707153 4.24241876602173 4.20491123199463 4.17670249938965 4.189866065979 4.1903018951416 4.19259595870972 4.1905255317688 4.18677425384521 4.182861328125 4.17027139663696 4.16028118133545 4.15791463851929 4.15694379806519 4.15678310394287 4.15742349624634 4.15332078933716 4.14980983734131 4.15045022964478 4.1516547203064 4.15094375610352 4.14769601821899 4.13943243026733 4.1363410949707 4.13386869430542 4.12935256958008 4.12481832504272 4.12840223312378 4.14555263519287 4.28149747848511
4.64120483398438 4.54736042022705 4.48031711578369 4.37295055389404 4.37882947921753 4.41422986984253 4.45315313339233 4.50177907943726 4.4566535949707 4.36798715591431 4.39699983596802 4.41352558135986 4.43388891220093 4.38311290740967 4.28516101837158 4.23927640914917 4.17297840118408 4.15973806381226 4.17806768417358 4.18640851974487 4.1878833770752 4.17420053482056 4.17358684539795 4.17352056503296 4.17586660385132 4.17964887619019 4.17875337600708 4.16564607620239 4.15826988220215 4.15756368637085 4.15750551223755 4.1575813293457 4.15908527374268 4.15468215942383 4.15262413024902 4.15185689926147 4.15400314331055 4.15254402160645 4.1508150100708 4.14257526397705 4.13601589202881 4.12703466415405 4.11757612228394 4.10971164703369 4.10609722137451 4.12781047821045 4.1796817779541
4.45354604721069 4.42142820358276 4.32475328445435 4.29579639434814 4.28731441497803 4.31294345855713 4.36621618270874 4.40806865692139 4.37986850738525 4.30726003646851 4.28967523574829 4.32077217102051 4.26907968521118 4.25496292114258 4.18103885650635 4.16599273681641 4.16713714599609 4.16458940505981 4.16224145889282 4.16887712478638 4.16696357727051 4.16515398025513 4.17279767990112 4.17318773269653 4.17115783691406 4.17191934585571 4.16496276855469 4.15961647033691 4.1591796875 4.15979146957397 4.16045093536377 4.16118621826172 4.16162157058716 4.15795040130615 4.15514993667603 4.15648365020752 4.15500831604004 4.15193223953247 4.15151309967041 4.14579963684082 4.136305809021 4.12294578552246 4.11520862579346 4.10491466522217 4.09690046310425 4.10885095596313 4.14173412322998
4.34357690811157 4.29495048522949 4.26112699508667 4.26896572113037 4.2859148979187 4.31003570556641 4.33085870742798 4.335280418396 4.30841112136841 4.26213550567627 4.20087289810181 4.17580986022949 4.16372203826904 4.15295124053955 4.15098714828491 4.15807104110718 4.16383695602417 4.16503095626831 4.16821479797363 4.16760492324829 4.16605663299561 4.16473960876465 4.16579627990723 4.16965913772583 4.16356897354126 4.160080909729 4.15995216369629 4.16005802154541 4.16042709350586 4.16060781478882 4.16129207611084 4.16260147094727 4.16336393356323 4.15954303741455 4.15772390365601 4.158043384552 4.15417575836182 4.1521372795105 4.15084838867188 4.14539575576782 4.13386631011963 4.1216139793396 4.11444711685181 4.10380744934082 4.09547567367554 4.09507036209106 4.11218547821045
4.25896501541138 4.22010803222656 4.22380304336548 4.2359790802002 4.25898838043213 4.2546329498291 4.25890207290649 4.24121809005737 4.2278790473938 4.19173860549927 4.15544462203979 4.16456317901611 4.16549110412598 4.16303110122681 4.15941190719604 4.15940284729004 4.15909051895142 4.15372514724731 4.1633095741272 4.16930389404297 4.16645193099976 4.16493988037109 4.16488122940063 4.16816902160645 4.16066265106201 4.1599645614624 4.15966892242432 4.16036462783813 4.16047477722168 4.16084766387939 4.16135454177856 4.1625394821167 4.1627836227417 4.15863275527954 4.15597295761108 4.15616273880005 4.15693426132202 4.15341567993164 4.15076017379761 4.14270257949829 4.12877178192139 4.1214017868042 4.11817216873169 4.11110305786133 4.09821891784668 4.09016418457031 4.09566593170166
4.21227121353149 4.19409513473511 4.19703912734985 4.20056247711182 4.22817039489746 4.22066593170166 4.19892120361328 4.17215394973755 4.18575572967529 4.16249227523804 4.16617774963379 4.15527582168579 4.15641784667969 4.15714645385742 4.15674686431885 4.15286493301392 4.15290784835815 4.15595293045044 4.15989685058594 4.16444873809814 4.16936826705933 4.16885757446289 4.16780996322632 4.17083549499512 4.16551876068115 4.16025018692017 4.15962505340576 4.16019535064697 4.16107082366943 4.16193914413452 4.16221761703491 4.16306781768799 4.16161680221558 4.15558004379272 4.15258741378784 4.15384387969971 4.15737104415894 4.15186262130737 4.14659309387207 4.13531732559204 4.12787485122681 4.12950992584229 4.12632751464844 4.11726427078247 4.10452842712402 4.08900308609009 4.08559322357178
4.19964027404785 4.18692922592163 4.18676948547363 4.18145990371704 4.1971263885498 4.18841171264648 4.17129564285278 4.16306686401367 4.16454887390137 4.15736246109009 4.1568455696106 4.15609884262085 4.15775775909424 4.15945625305176 4.16026544570923 4.15828943252563 4.15775632858276 4.16027688980103 4.16260242462158 4.16471767425537 4.16245126724243 4.16745519638062 4.1720552444458 4.17439365386963 4.17070341110229 4.16080617904663 4.16007471084595 4.16005706787109 4.16146469116211 4.16273880004883 4.16306209564209 4.16263103485107 4.15898942947388 4.15405178070068 4.15264558792114 4.15473794937134 4.15131139755249 4.14640617370605 4.13889932632446 4.13480854034424 4.12981414794922 4.12330102920532 4.114098072052 4.10519695281982 4.09764051437378 4.08545398712158 4.07974624633789
4.18785715103149 4.1737642288208 4.16924381256104 4.16896152496338 4.17495155334473 4.16887235641479 4.16256523132324 4.16001224517822 4.15628051757812 4.15175676345825 4.15378952026367 4.15594863891602 4.15709590911865 4.15986347198486 4.16255855560303 4.16303014755249 4.16340398788452 4.16540765762329 4.16688060760498 4.16698026657104 4.16338634490967 4.16178417205811 4.16595649719238 4.17247772216797 4.164222240448 4.16051864624023 4.16023635864258 4.16060638427734 4.1626877784729 4.16376638412476 4.16417217254639 4.16226434707642 4.15681743621826 4.15403747558594 4.15368986129761 4.15105867385864 4.14680051803589 4.14288759231567 4.13886880874634 4.1334981918335 4.12388372421265 4.11565685272217 4.11059522628784 4.10349225997925 4.09456491470337 4.08103227615356 4.07703495025635
4.17205333709717 4.16519069671631 4.16175031661987 4.15744733810425 4.15477991104126 4.15711784362793 4.1526894569397 4.14947271347046 4.14932060241699 4.15093660354614 4.15060663223267 4.14969730377197 4.15097236633301 4.15328454971313 4.15706062316895 4.16043424606323 4.16452741622925 4.16628408432007 4.16656160354614 4.16756153106689 4.1650218963623 4.16128444671631 4.16062593460083 4.16083812713623 4.16089296340942 4.1609902381897 4.16141557693481 4.16303586959839 4.1644401550293 4.16514921188354 4.1660680770874 4.16366767883301 4.15694713592529 4.15491104125977 4.15226697921753 4.14855718612671 4.14579629898071 4.14265060424805 4.13859701156616 4.13203191757202 4.12161159515381 4.11801719665527 4.11593818664551 4.10831308364868 4.10003185272217 4.08450174331665 4.07963943481445
4.1648120880127 4.16262531280518 4.15582418441772 4.1532826423645 4.15229892730713 4.15013647079468 4.14850997924805 4.1497802734375 4.14941310882568 4.1493091583252 4.14864683151245 4.14821624755859 4.14839649200439 4.14899921417236 4.15085649490356 4.15192079544067 4.15505170822144 4.15872478485107 4.16127443313599 4.16458797454834 4.16540050506592 4.16344261169434 4.16169834136963 4.16156053543091 4.16208076477051 4.16300439834595 4.16371154785156 4.16408014297485 4.16386270523071 4.16423988342285 4.16468191146851 4.15988731384277 4.15381240844727 4.15217638015747 4.14962816238403 4.1471734046936 4.14382028579712 4.14104795455933 4.13771200180054 4.13052606582642 4.12133073806763 4.11898469924927 4.11844110488892 4.11114549636841 4.09799003601074 4.07764911651611 4.07553911209106
4.16689872741699 4.16260719299316 4.15437507629395 4.15352249145508 4.1524772644043 4.14774370193481 4.14670705795288 4.14800119400024 4.14910745620728 4.14875268936157 4.14803886413574 4.14708948135376 4.14671516418457 4.1472225189209 4.14779615402222 4.14792919158936 4.14830017089844 4.14973306655884 4.15461254119873 4.16063499450684 4.16464805603027 4.1656436920166 4.16506910324097 4.16554975509644 4.16510391235352 4.16468620300293 4.16349363327026 4.16342735290527 4.16179180145264 4.1597318649292 4.15706777572632 4.15056419372559 4.14820384979248 4.14770746231079 4.14730834960938 4.14426565170288 4.14160490036011 4.14109039306641 4.1384539604187 4.13271522521973 4.12541103363037 4.11967992782593 4.11593437194824 4.10936260223389 4.0986270904541 4.08362293243408 4.08326816558838
4.16480493545532 4.16202592849731 4.15664958953857 4.14713191986084 4.14606857299805 4.14498043060303 4.14282512664795 4.14162874221802 4.14408493041992 4.14651536941528 4.14730548858643 4.14652919769287 4.1459584236145 4.14572763442993 4.14589262008667 4.14600467681885 4.14570760726929 4.14573431015015 4.14755964279175 4.1520037651062 4.15795755386353 4.16183853149414 4.1642746925354 4.16509771347046 4.1635627746582 4.16255283355713 4.16188669204712 4.15958595275879 4.15164804458618 4.1483473777771 4.14567375183105 4.14210271835327 4.14428758621216 4.1446704864502 4.14382314682007 4.14453792572021 4.14401483535767 4.14284229278564 4.13922309875488 4.13256072998047 4.12777709960938 4.12699127197266 4.12352848052979 4.11689949035645 4.10912322998047 4.09585905075073 4.09166383743286
4.16400098800659 4.15674018859863 4.14675331115723 4.14644908905029 4.1478967666626 4.14397764205933 4.13944578170776 4.13760757446289 4.13806533813477 4.13981533050537 4.14287662506104 4.14550828933716 4.14528799057007 4.14484262466431 4.14443731307983 4.14421081542969 4.14385032653809 4.14326572418213 4.14329385757446 4.14469623565674 4.14790773391724 4.15065288543701 4.15315818786621 4.15217208862305 4.14929866790771 4.14987325668335 4.14817237854004 4.14544725418091 4.14226007461548 4.13900089263916 4.13684320449829 4.13912773132324 4.14003467559814 4.13827228546143 4.13933944702148 4.1399564743042 4.1388840675354 4.13547801971436 4.12845182418823 4.12097454071045 4.11499643325806 4.1148624420166 4.12009000778198 4.1196026802063 4.10932922363281 4.09584522247314 4.09481620788574
4.15280342102051 4.14841651916504 4.14535570144653 4.14883995056152 4.14842939376831 4.14171409606934 4.13723230361938 4.13568449020386 4.13634443283081 4.13736248016357 4.13988256454468 4.1442608833313 4.14418125152588 4.14388751983643 4.14298439025879 4.14246511459351 4.14214658737183 4.14153861999512 4.14100885391235 4.14031076431274 4.14038801193237 4.1418285369873 4.14203643798828 4.14131307601929 4.1410813331604 4.14085960388184 4.14052629470825 4.13842439651489 4.13568019866943 4.13466548919678 4.13731241226196 4.14276838302612 4.14290523529053 4.14333391189575 4.1428689956665 4.14061594009399 4.13666915893555 4.13265752792358 4.12620878219604 4.1113133430481 4.10072183609009 4.10154485702515 4.10783576965332 4.1099910736084 4.0930290222168 4.08267211914062 4.08753824234009
4.1496696472168 4.1478099822998 4.1455135345459 4.14847803115845 4.14589929580688 4.13942098617554 4.134690284729 4.13449048995972 4.13583755493164 4.13698053359985 4.13883924484253 4.14173078536987 4.14271354675293 4.14290046691895 4.14233779907227 4.141273021698 4.14111614227295 4.14071035385132 4.14006185531616 4.13917827606201 4.13818979263306 4.13916110992432 4.13986349105835 4.13753747940063 4.1358437538147 4.13418102264404 4.13255071640015 4.13200664520264 4.13433408737183 4.14123630523682 4.14444017410278 4.14653348922729 4.147705078125 4.14914846420288 4.14871025085449 4.14547348022461 4.14200925827026 4.13825607299805 4.12904691696167 4.10296821594238 4.09496259689331 4.10022783279419 4.10273838043213 4.09908103942871 4.08162498474121 4.08269834518433 4.08150768280029
