Ecospace-environmental-drivers/Outputs/ASCII-for-ecospace/Temp-bot/Temp-bot_X2006.04.asc
NCOLS 131 
NROWS 53 
XLLCORNER -98 
YLLCORNER 23.9265270233154 
CELLSIZE 0.133587792515755 
NODATA_value -3.4e+38 
[rows 21 to 41 of 53, columns 47 to 93 of 131]
18.8522796630859 18.4035930633545 18.3640537261963 18.462963104248 18.6051635742188 18.829761505127 18.2901172637939 18.425313949585 18.4626445770264 16.9989490509033 14.2776308059692 13.4613790512085 11.6112871170044 9.12694358825684 7.43817281723022 5.97099113464355 5.07863569259644 4.84283399581909 4.92610502243042 4.78346920013428 4.45659065246582 4.3442234992981 4.30548286437988 4.29261255264282 4.25960540771484 4.24936676025391 4.25576972961426 4.26215887069702 4.26995658874512 4.2721996307373 4.26748132705688 4.26597833633423 4.26780557632446 4.27157592773438 4.27132177352905 4.26829957962036 4.26683521270752 4.32501649856567 4.78684568405151 5.22689294815063 5.44779777526855 5.68028688430786 6.02256298065186 6.73322010040283 7.6572265625 8.59863376617432 9.52991676330566
16.7837810516357 16.1615352630615 16.3643741607666 16.5871067047119 17.4732761383057 16.806999206543 12.9871072769165 14.5609407424927 12.8209648132324 10.1775455474854 9.44491958618164 8.72751522064209 8.31167507171631 6.94635486602783 6.02653837203979 5.75864553451538 4.96272277832031 4.72310924530029 4.50858736038208 4.52268695831299 4.41575336456299 4.33337926864624 4.29441738128662 4.25590181350708 4.24779891967773 4.24914598464966 4.25832033157349 4.26295471191406 4.27259874343872 4.27177906036377 4.27246952056885 4.27247524261475 4.27514457702637 4.2777271270752 4.27899360656738 4.27430868148804 4.27511262893677 4.27779531478882 4.26956081390381 4.24881362915039 4.3822226524353 4.52388763427734 4.81389808654785 5.3108377456665 6.01077365875244 6.49360656738281 7.51425313949585
11.739972114563 11.3584899902344 12.348858833313 11.1665983200073 10.5260353088379 9.4799976348877 9.92869663238525 8.12822437286377 6.75259113311768 6.41026163101196 6.50430488586426 7.13621377944946 6.2509913444519 5.72137975692749 5.26125621795654 5.04951858520508 4.80336761474609 4.52016830444336 4.3397102355957 4.33440208435059 4.38649225234985 4.35683012008667 4.30499410629272 4.24940013885498 4.24982595443726 4.25336360931396 4.25721836090088 4.26781511306763 4.27481079101562 4.27549028396606 4.27715492248535 4.27805709838867 4.28152179718018 4.28400182723999 4.2837176322937 4.27918386459351 4.2787013053894 4.28308534622192 4.29506254196167 4.29098987579346 4.29133415222168 4.29847049713135 4.28105449676514 4.38260746002197 4.80847263336182 5.54436111450195 6.22837829589844
7.3965892791748 7.44453048706055 6.8990592956543 7.5209527015686 7.33073377609253 6.66570806503296 6.16258001327515 5.65120935440063 5.30892181396484 5.67042398452759 5.69157791137695 5.98285055160522 5.23616886138916 5.08724021911621 4.98195028305054 4.93341875076294 4.54605722427368 4.42507600784302 4.32816696166992 4.31186771392822 4.31773471832275 4.31978797912598 4.30453491210938 4.25496244430542 4.24656343460083 4.25695657730103 4.26091861724854 4.26780557632446 4.26913499832153 4.27669191360474 4.28091955184937 4.28183078765869 4.28385972976685 4.28781986236572 4.2991099357605 4.3024435043335 4.32254362106323 4.30294227600098 4.29035806655884 4.29216814041138 4.30118989944458 4.31251239776611 4.31115627288818 4.29760456085205 4.30057668685913 4.62847900390625 5.34993743896484
5.61407375335693 5.45921468734741 5.42944288253784 5.34267234802246 5.13073778152466 5.53290700912476 4.99607753753662 5.23726987838745 5.01355791091919 5.07475423812866 5.02904367446899 5.0459246635437 5.07413816452026 5.0477728843689 5.04919767379761 4.6750693321228 4.33266448974609 4.29594898223877 4.29583263397217 4.28610610961914 4.27754259109497 4.27876949310303 4.27861261367798 4.2658748626709 4.24361944198608 4.24676275253296 4.25948047637939 4.26461124420166 4.26821804046631 4.277259349823 4.28214359283447 4.28200054168701 4.2836799621582 4.29920196533203 4.29787921905518 4.31359624862671 4.31590461730957 4.30183219909668 4.29416179656982 4.29330825805664 4.29784679412842 4.30767154693604 4.31263113021851 4.31220865249634 4.30394315719604 4.27699422836304 4.63136911392212
4.89784955978394 5.01957559585571 5.04338836669922 4.56016111373901 4.59308385848999 4.90107154846191 4.98653125762939 4.78766870498657 5.07684278488159 4.97160768508911 5.11375570297241 5.03077125549316 5.15366983413696 4.77083778381348 4.49314212799072 4.33002901077271 4.28320217132568 4.28189945220947 4.28388166427612 4.28184795379639 4.2754020690918 4.26492023468018 4.24203824996948 4.23761463165283 4.2372407913208 4.24204015731812 4.25128889083862 4.25782108306885 4.26511001586914 4.27369737625122 4.27849388122559 4.27943801879883 4.28207349777222 4.32717609405518 4.32328987121582 4.30786418914795 4.29880905151367 4.29798030853271 4.29519176483154 4.3017110824585 4.30801248550415 4.31319618225098 4.31279039382935 4.31237840652466 4.31324434280396 4.31742715835571 4.29709815979004
4.52494716644287 4.59168004989624 4.46154880523682 4.31992101669312 4.37469530105591 4.45495700836182 4.53946208953857 4.74306535720825 4.8295316696167 4.5323486328125 4.57733726501465 4.58974361419678 4.55203819274902 4.46284484863281 4.29763984680176 4.26980590820312 4.24373865127563 4.24280261993408 4.25898694992065 4.26692533493042 4.28028059005737 4.24326753616333 4.24038171768188 4.24456405639648 4.24466705322266 4.2470326423645 4.25268459320068 4.2587194442749 4.26557540893555 4.27182006835938 4.2737832069397 4.27552175521851 4.27775096893311 4.2811598777771 4.30356740951538 4.33152389526367 4.29943752288818 4.29527902603149 4.29840278625488 4.31319904327393 4.31713533401489 4.31894493103027 4.32221794128418 4.31891012191772 4.31518507003784 4.31729316711426 4.29640102386475
4.39894676208496 4.33035755157471 4.28418350219727 4.31364393234253 4.35608625411987 4.28500032424927 4.33154201507568 4.46317052841187 4.45123386383057 4.47255611419678 4.44010400772095 4.3859167098999 4.28792858123779 4.2732629776001 4.25447082519531 4.25263500213623 4.25225162506104 4.24829292297363 4.24670886993408 4.24490976333618 4.24257612228394 4.23928499221802 4.24282646179199 4.24848175048828 4.25251054763794 4.25655317306519 4.26633644104004 4.26282215118408 4.26681566238403 4.27200651168823 4.27486515045166 4.2769079208374 4.27594423294067 4.28045320510864 4.29750347137451 4.2978367805481 4.30827951431274 4.30048227310181 4.30489587783813 4.30614852905273 4.30312490463257 4.30470657348633 4.31155061721802 4.31657791137695 4.31775045394897 4.31740283966064 4.3164176940918
4.26851606369019 4.26359176635742 4.26045513153076 4.26328992843628 4.26809453964233 4.26383018493652 4.27574729919434 4.29276561737061 4.28232431411743 4.30507850646973 4.27712869644165 4.26744079589844 4.2663745880127 4.26751470565796 4.27095508575439 4.27144527435303 4.26866054534912 4.26273775100708 4.25760555267334 4.25158929824829 4.24656867980957 4.24304723739624 4.2424373626709 4.2483491897583 4.2592716217041 4.26181793212891 4.26401805877686 4.26510286331177 4.26692533493042 4.27063894271851 4.27549028396606 4.27724695205688 4.27593660354614 4.27849721908569 4.27926778793335 4.28006839752197 4.30373764038086 4.30577707290649 4.30127477645874 4.29908561706543 4.29912805557251 4.30282545089722 4.3069748878479 4.31013107299805 4.31374883651733 4.31539106369019 4.31651496887207
4.26797199249268 4.27286243438721 4.27813291549683 4.26678228378296 4.26897716522217 4.27948904037476 4.27929353713989 4.28592109680176 4.29325199127197 4.26979351043701 4.26671314239502 4.27631855010986 4.2795090675354 4.27560186386108 4.28158140182495 4.2847056388855 4.29242372512817 4.28650665283203 4.2772855758667 4.26197242736816 4.25055646896362 4.24513578414917 4.24414253234863 4.24765253067017 4.25984764099121 4.26301050186157 4.26519966125488 4.26618957519531 4.26749181747437 4.26879024505615 4.27137517929077 4.27366876602173 4.27338981628418 4.27565240859985 4.27688550949097 4.27821922302246 4.30171585083008 4.29649686813354 4.29354667663574 4.301513671875 4.30764865875244 4.31200075149536 4.31115484237671 4.30427694320679 4.30436325073242 4.30461692810059 4.30922508239746
4.31555700302124 4.2767162322998 4.27848148345947 4.26842355728149 4.26877021789551 4.27476072311401 4.27871942520142 4.29036664962769 4.30591773986816 4.26683044433594 4.28004312515259 4.2830286026001 4.28522443771362 4.28377103805542 4.29161787033081 4.298171043396 4.29595470428467 4.29202842712402 4.28489685058594 4.27642393112183 4.26478672027588 4.24909257888794 4.24618864059448 4.24854707717896 4.2572922706604 4.26144027709961 4.26568794250488 4.26695585250854 4.2684211730957 4.26914215087891 4.26931667327881 4.27045583724976 4.27232789993286 4.27325630187988 4.27350568771362 4.27681589126587 4.29451942443848 4.29771995544434 4.3210244178772 4.34230470657349 4.347083568573 4.34654235839844 4.33983278274536 4.32999229431152 4.31701898574829 4.30411815643311 4.30347347259521
4.28368806838989 4.2815318107605 4.27974891662598 4.26356887817383 4.2724289894104 4.25273418426514 4.24574995040894 4.25735807418823 4.26998567581177 4.28035545349121 4.28403902053833 4.28336095809937 4.28288841247559 4.28628826141357 4.2874493598938 4.28770065307617 4.28575134277344 4.28348731994629 4.28192281723022 4.27932834625244 4.27246856689453 4.26788759231567 4.25148963928223 4.25001573562622 4.2533860206604 4.25785160064697 4.26103448867798 4.26419353485107 4.26643514633179 4.2672119140625 4.26784324645996 4.26926851272583 4.27152347564697 4.27345037460327 4.27493381500244 4.27866363525391 4.29778480529785 4.32585382461548 4.352370262146 4.35167407989502 4.35186624526978 4.35042476654053 4.33369302749634 4.31858205795288 4.30704164505005 4.29955768585205 4.30325937271118
4.24768161773682 4.24184036254883 4.23904085159302 4.24199199676514 4.25312566757202 4.24480724334717 4.24950551986694 4.26636266708374 4.28681135177612 4.28591728210449 4.28454494476318 4.28517007827759 4.28441381454468 4.28586435317993 4.28678512573242 4.28559112548828 4.28413486480713 4.28238773345947 4.28017425537109 4.28110885620117 4.28060293197632 4.27331304550171 4.26937913894653 4.26581621170044 4.25959348678589 4.25922060012817 4.2622504234314 4.26553726196289 4.26721334457397 4.26809120178223 4.27060413360596 4.27209997177124 4.27352952957153 4.27532768249512 4.27732229232788 4.29495668411255 4.31503677368164 4.34323310852051 4.35205554962158 4.35506200790405 4.35748291015625 4.35643625259399 4.33582162857056 4.31736850738525 4.30695486068726 4.29814291000366 4.30048847198486
4.23290061950684 4.2358717918396 4.23599910736084 4.2354564666748 4.24077463150024 4.2454981803894 4.27385282516479 4.28468465805054 4.28118753433228 4.29068946838379 4.3325138092041 4.35036516189575 4.3330340385437 4.34535694122314 4.34075260162354 4.31207752227783 4.29490184783936 4.28382158279419 4.28243398666382 4.28207111358643 4.28178977966309 4.27970218658447 4.27718305587769 4.27283573150635 4.27067995071411 4.27004623413086 4.26937341690063 4.27074766159058 4.27154922485352 4.27333974838257 4.27588129043579 4.279456615448 4.29676294326782 4.3211555480957 4.3327169418335 4.31482124328613 4.32190799713135 4.34377241134644 4.34972906112671 4.35478115081787 4.35843086242676 4.3606424331665 4.34414625167847 4.31972885131836 4.31377458572388 4.3039984703064 4.30260372161865
4.23821926116943 4.24181699752808 4.23807525634766 4.23750638961792 4.24624967575073 4.2575249671936 4.32946443557739 4.34962129592896 4.33544540405273 4.34128761291504 4.34709930419922 4.35321140289307 4.3552770614624 4.35718584060669 4.35561513900757 4.35474348068237 4.34937143325806 4.33301782608032 4.31245231628418 4.28337526321411 4.28222513198853 4.28198003768921 4.28213453292847 4.28026819229126 4.27740526199341 4.27643156051636 4.27560043334961 4.27608442306519 4.2760591506958 4.2774510383606 4.29993104934692 4.3345890045166 4.33314895629883 4.33002471923828 4.33328294754028 4.33480024337769 4.32930135726929 4.33975982666016 4.34325456619263 4.34743881225586 4.35343360900879 4.35845327377319 4.35142803192139 4.32230377197266 4.31583976745605 4.31889820098877 4.31010723114014
4.24454021453857 4.24741792678833 4.25167751312256 4.25988578796387 4.27353858947754 4.33546590805054 4.34356594085693 4.33262395858765 4.33253335952759 4.34308910369873 4.3415322303772 4.34526300430298 4.343581199646 4.34344339370728 4.34624814987183 4.3447790145874 4.34818696975708 4.34031391143799 4.33896493911743 4.33525657653809 4.30532455444336 4.28260850906372 4.28285646438599 4.28283023834229 4.28011798858643 4.27786111831665 4.27791166305542 4.27803182601929 4.28134870529175 4.30661582946777 4.3159008026123 4.31458568572998 4.31814813613892 4.31854391098022 4.32051563262939 4.32704639434814 4.32462453842163 4.33111000061035 4.34044456481934 4.34697198867798 4.35142660140991 4.35308456420898 4.34584617614746 4.32980680465698 4.30651807785034 4.32045698165894 4.32446956634521
4.24837446212769 4.25185441970825 4.27575254440308 4.35110664367676 4.36747884750366 4.3408374786377 4.33342170715332 4.32886409759521 4.33224773406982 4.34207534790039 4.34178304672241 4.34241962432861 4.34151983261108 4.33986377716064 4.34246253967285 4.33994674682617 4.33795118331909 4.34246301651001 4.35000324249268 4.34673690795898 4.34055280685425 4.3258843421936 4.30259609222412 4.32275438308716 4.32225179672241 4.31297302246094 4.32564401626587 4.32603311538696 4.33303117752075 4.32010126113892 4.31270313262939 4.31511926651001 4.335364818573 4.33925104141235 4.34548377990723 4.34742784500122 4.34235286712646 4.33696556091309 4.33635759353638 4.34170007705688 4.34528827667236 4.34217596054077 4.33657073974609 4.33642578125 4.32310676574707 4.31498384475708 4.32452630996704
4.26002264022827 4.27573585510254 4.35663509368896 4.37085247039795 4.34813928604126 4.32920455932617 4.32913446426392 4.32252407073975 4.32580471038818 4.33869171142578 4.34024000167847 4.33913278579712 4.33945894241333 4.34102344512939 4.3385705947876 4.33335494995117 4.3355131149292 4.33347368240356 4.33510208129883 4.33733129501343 4.33885765075684 4.32648181915283 4.33124160766602 4.33805561065674 4.35227870941162 4.35691165924072 4.35700035095215 4.35663175582886 4.34734582901001 4.33769083023071 4.31636142730713 4.33970165252686 4.36665821075439 4.36509037017822 4.35652685165405 4.35538578033447 4.357825756073 4.34443759918213 4.34712648391724 4.35795211791992 4.35676717758179 4.34768676757812 4.34899473190308 4.34304475784302 4.33998727798462 4.33659696578979 4.32024049758911
4.33440971374512 4.35621023178101 4.359215259552 4.35416984558105 4.33769559860229 4.32960891723633 4.32080888748169 4.31608390808105 4.3239107131958 4.3368558883667 4.33871841430664 4.33938789367676 4.33841180801392 4.33680200576782 4.33093881607056 4.32572984695435 4.3247275352478 4.32957792282104 4.33539247512817 4.33540010452271 4.33823919296265 4.32467317581177 4.32828855514526 4.34157133102417 4.35379266738892 4.35628271102905 4.35984468460083 4.36050844192505 4.35334300994873 4.33358144760132 4.33143329620361 4.35360860824585 4.34785556793213 4.33186531066895 4.31998157501221 4.31226301193237 4.31022834777832 4.31079530715942 4.31005811691284 4.32632875442505 4.34064435958862 4.34181594848633 4.3515830039978 4.35296678543091 4.34708118438721 4.34487628936768 4.32588338851929
4.33071327209473 4.33037328720093 4.33052206039429 4.32851839065552 4.32305288314819 4.31641864776611 4.31151437759399 4.31869888305664 4.32973575592041 4.33844375610352 4.33657455444336 4.3322639465332 4.33019876480103 4.33025884628296 4.3303337097168 4.32960891723633 4.32634162902832 4.3228964805603 4.33233737945557 4.33600902557373 4.33388996124268 4.32020902633667 4.31556129455566 4.30775022506714 4.30231714248657 4.30248880386353 4.31877279281616 4.33694219589233 4.33847951889038 4.31701612472534 4.31247329711914 4.32351684570312 4.31435441970825 4.30272483825684 4.29891586303711 4.30671691894531 4.31621980667114 4.31575059890747 4.31735992431641 4.31813716888428 4.32089328765869 4.32628965377808 4.32824993133545 4.34046125411987 4.34313106536865 4.34082555770874 4.326500415802
4.32159996032715 4.32227373123169 4.31880664825439 4.31474113464355 4.30782175064087 4.3074107170105 4.31617069244385 4.32918977737427 4.33347606658936 4.33519792556763 4.33333206176758 4.33091115951538 4.32994174957275 4.33020496368408 4.32763671875 4.3243842124939 4.32393455505371 4.32855033874512 4.33650970458984 4.33416128158569 4.32732486724854 4.32417297363281 4.32092571258545 4.3149619102478 4.31153631210327 4.30922412872314 4.30829620361328 4.30517339706421 4.30345678329468 4.30260372161865 4.30192613601685 4.30194616317749 4.30539464950562 4.30855417251587 4.31218671798706 4.32305145263672 4.32247018814087 4.32326507568359 4.32489204406738 4.33524990081787 4.33147573471069 4.329674243927 4.32030725479126 4.32582092285156 4.33451080322266 4.32062768936157 4.32499361038208
