Ecospace-environmental-drivers/Outputs/ASCII-for-ecospace/Temp-bot/Temp-bot_X2012.10.asc
NCOLS 131 
NROWS 53 
XLLCORNER -98 
YLLCORNER 23.9265270233154 
CELLSIZE 0.133587792515755 
NODATA_value -3.4e+38 
[rows 21 to 41 of 53, columns 0 to 46 of 131]
-3.4e+38 -3.4e+38 -3.4e+38 -3.4e+38 -3.4e+38 -3.4e+38 26.3942966461182 26.3341827392578 26.3407802581787 26.1913146972656 26.3578147888184 26.5381336212158 26.7678565979004 26.9643859863281 27.0666828155518 27.1516723632812 27.2144393920898 27.1936645507812 27.0875110626221 26.8523921966553 26.3044090270996 25.7383670806885 25.1016788482666 25.3130702972412 25.1813201904297 25.3057498931885 24.844575881958 23.8770885467529 23.0399188995361 22.1941909790039 21.8989219665527 22.0355663299561 22.4419975280762 22.4983406066895 22.1544189453125 21.6541442871094 21.4010848999023 21.4431762695312 21.5607147216797 21.5783615112305 21.3502731323242 21.5252208709717 21.41042137146 21.0880317687988 21.0562076568604 21.0383529663086 20.8083820343018
-3.4e+38 -3.4e+38 -3.4e+38 -3.4e+38 -3.4e+38 -3.4e+38 26.4047164916992 26.4439907073975 26.3341827392578 26.4968452453613 26.7136383056641 26.9375171661377 27.1043148040771 27.0605392456055 26.920223236084 26.7974281311035 26.7375869750977 26.6455192565918 26.198938369751 25.2019519805908 23.3102226257324 21.948169708252 21.4669170379639 21.5926342010498 22.0885238647461 22.7642593383789 22.1439743041992 21.0974617004395 20.898868560791 20.9331607818604 21.0015258789062 20.7116241455078 20.5480537414551 20.4308853149414 20.1917285919189 20.1883583068848 20.0193576812744 19.8899192810059 19.6315364837646 19.0846195220947 19.2653007507324 19.7137241363525 18.9014167785645 19.4686546325684 19.8929843902588 19.8215293884277 19.6713180541992
-3.4e+38 -3.4e+38 -3.4e+38 -3.4e+38 26.3811359405518 26.3552856445312 26.4522914886475 26.4047164916992 26.593074798584 26.8283596038818 27.080322265625 27.1159534454346 26.7544536590576 26.014461517334 25.3917713165283 26.3079261779785 25.8041229248047 25.3755645751953 23.8545722961426 21.0710983276367 19.1368370056152 17.4298458099365 16.4654998779297 15.6443929672241 16.1784172058105 15.7172336578369 15.773365020752 16.8234748840332 18.2395687103271 17.8784637451172 18.770055770874 19.0054569244385 19.1389999389648 17.6630020141602 19.562370300293 18.7561893463135 17.4262523651123 17.1399230957031 15.7805147171021 11.9347791671753 12.8755159378052 12.9366035461426 15.2609519958496 13.2250490188599 14.9174947738647 15.2915277481079 16.0157928466797
-3.4e+38 -3.4e+38 -3.4e+38 -3.4e+38 26.3752403259277 26.4128837585449 26.3552856445312 26.5968742370605 26.8885765075684 27.1340103149414 27.1182270050049 26.4512042999268 24.8429679870605 23.0775966644287 22.5389385223389 22.6484889984131 21.7982940673828 18.3538951873779 16.0849800109863 13.4819679260254 10.9301881790161 9.42826747894287 9.81368923187256 9.99746799468994 10.6654777526855 10.5552234649658 11.1497621536255 10.7707281112671 11.4388866424561 10.9768934249878 11.8673763275146 13.5367755889893 14.0810489654541 15.1043405532837 16.3283824920654 15.6781692504883 16.5047016143799 14.9392347335815 11.8564891815186 8.40607833862305 9.10469532012939 9.71615505218506 9.98168182373047 9.13364601135254 8.67330837249756 9.19867324829102 8.14843845367432
-3.4e+38 -3.4e+38 -3.4e+38 -3.4e+38 -3.4e+38 26.3752403259277 26.5081253051758 26.865198135376 27.1509914398193 27.1972599029541 26.5086803436279 24.4867401123047 22.0633163452148 20.6032657623291 19.2125988006592 16.4943370819092 12.6550998687744 9.17127323150635 8.45012092590332 7.36676692962646 6.56630802154541 6.44512176513672 6.58486843109131 6.83769083023071 7.40866422653198 7.13059759140015 7.20997858047485 7.32072973251343 6.91305208206177 6.98915147781372 7.09442186355591 8.40399169921875 9.44593524932861 11.5586643218994 11.6959629058838 11.8195238113403 11.0097484588623 9.18728637695312 6.6657452583313 6.48218584060669 7.25209999084473 7.18213081359863 6.46026754379272 6.37253141403198 6.37131404876709 6.80591011047363 6.26548433303833
-3.4e+38 -3.4e+38 -3.4e+38 -3.4e+38 -3.4e+38 26.5009841918945 26.7735500335693 27.1140403747559 27.2838020324707 26.8426780700684 25.102653503418 22.2083568572998 20.1818218231201 17.8259468078613 15.1170291900635 11.8340539932251 8.15796375274658 6.5632529258728 6.27097082138062 5.74306440353394 5.30540132522583 5.32416200637817 5.34188795089722 5.73563575744629 5.35097789764404 5.58827304840088 5.53789567947388 5.31946659088135 5.65856552124023 5.33364677429199 5.92653274536133 6.46572971343994 7.41686391830444 8.10933876037598 7.22881317138672 7.54083967208862 7.00797176361084 5.93540239334106 5.76365566253662 5.50635957717896 5.83684682846069 5.3482837677002 5.64546060562134 5.70224714279175 5.77704858779907 5.86191415786743 5.21309900283813
-3.4e+38 -3.4e+38 25.9908199310303 26.166088104248 26.4627819061279 26.6711349487305 27.0452251434326 27.3122005462646 27.2134418487549 26.1032886505127 22.932300567627 20.5722160339355 18.3026123046875 15.025562286377 11.2395830154419 9.40795421600342 6.82901859283447 5.53002071380615 5.12939453125 5.04093503952026 5.05943727493286 5.04451370239258 5.03152418136597 4.99357318878174 4.98940563201904 5.05984544754028 4.82729434967041 4.76887798309326 4.85893678665161 5.1194486618042 5.556565284729 5.79067707061768 6.02127265930176 6.03904438018799 6.0467963218689 5.79345273971558 5.67533111572266 5.61626243591309 5.37503480911255 5.18466901779175 5.19867277145386 5.07970285415649 4.89104032516479 4.796959400177 5.06751394271851 5.08610010147095 4.68565607070923
-339999999999999996128486808808066248288.000000000000000 -3.4e+38 -3.4e+38 -3.4e+38 26.3413543701172 26.8096141815186 27.2267799377441 27.4460945129395 27.0015296936035 24.8546485900879 21.5441665649414 19.2279586791992 15.6634654998779 11.3983125686646 9.46732044219971 7.69472312927246 5.8717188835144 5.22209739685059 5.05746221542358 4.95003461837769 4.97248792648315 4.87141466140747 4.89003753662109 4.91132831573486 4.99335145950317 4.98278713226318 4.77882480621338 4.92470932006836 4.61795616149902 4.89198303222656 5.10987186431885 5.09570121765137 5.42691135406494 5.50171613693237 5.41499185562134 5.25601291656494 5.14735841751099 4.98681926727295 4.98745155334473 4.94024658203125 4.71828603744507 4.6454381942749 4.47668743133545 4.47165822982788 4.45177793502808 4.4528431892395 4.4668231010437
-3.4e+38 -3.4e+38 -3.4e+38 -3.4e+38 26.380931854248 27.0551681518555 27.3465118408203 27.5091514587402 26.7625904083252 23.6969966888428 20.5713577270508 17.8519668579102 13.1218290328979 9.49344539642334 7.29827499389648 6.40302991867065 5.96976900100708 5.36634588241577 5.0449686050415 4.99842166900635 4.70174217224121 4.48693990707397 4.4776554107666 4.48344373703003 4.48843479156494 4.7042350769043 4.56937742233276 4.54310750961304 4.326575756073 4.88015270233154 4.91752147674561 4.92108201980591 4.75814867019653 4.87699222564697 4.82437896728516 4.4950475692749 4.58256578445435 4.56244325637817 4.51774263381958 4.47359275817871 4.45014810562134 4.43492841720581 4.4032187461853 4.34138631820679 4.39525508880615 4.32699823379517 4.33145475387573
-3.4e+38 -3.4e+38 -3.4e+38 -3.4e+38 26.4241676330566 27.1753005981445 27.4342021942139 27.5484085083008 26.6872653961182 23.4446315765381 20.1369819641113 16.0821189880371 10.5595302581787 8.26007747650146 6.50709772109985 5.96728897094727 5.37998199462891 5.17834568023682 4.55189895629883 4.51335620880127 4.40312814712524 4.44508790969849 4.48038816452026 4.46294689178467 4.37889862060547 4.47008037567139 4.66482734680176 4.15693044662476 4.16986846923828 4.47871923446655 4.80156898498535 4.59842300415039 4.5144829750061 4.53992891311646 4.47664403915405 4.4246973991394 4.39745903015137 4.42377233505249 4.39870834350586 4.40794658660889 4.39923715591431 4.36896991729736 4.31559228897095 4.33827352523804 4.30083227157593 4.30578708648682 4.31183767318726
-3.4e+38 -3.4e+38 -3.4e+38 -3.4e+38 26.6080074310303 27.1950244903564 27.5054874420166 27.58567237854 27.0197315216064 24.0852527618408 19.9798736572266 15.7223377227783 9.96266746520996 7.74684619903564 6.19945049285889 5.1343994140625 4.90179061889648 4.7756519317627 4.49836444854736 4.35002088546753 4.29615211486816 4.30279064178467 4.42959260940552 4.43253135681152 4.40029287338257 4.45018815994263 4.81922817230225 4.70058012008667 4.32181024551392 4.46087026596069 4.43057680130005 4.38174486160278 4.38813781738281 4.35843467712402 4.35896635055542 4.33557367324829 4.34749603271484 4.35075616836548 4.3354640007019 4.30870532989502 4.31146240234375 4.31008243560791 4.30292129516602 4.28585195541382 4.28841352462769 4.29390144348145 4.29927968978882
-3.4e+38 -3.4e+38 -3.4e+38 -3.4e+38 26.5649814605713 27.2261905670166 27.6068096160889 27.7168807983398 27.5074501037598 25.9455909729004 21.3080673217773 17.868766784668 10.8417863845825 7.30012845993042 6.00362348556519 4.95485305786133 4.53277015686035 4.49461460113525 4.47374153137207 4.31726169586182 4.27981185913086 4.28313064575195 4.29431056976318 4.29144430160522 4.41056966781616 4.38995456695557 4.40096569061279 4.39859676361084 4.3980393409729 4.41422605514526 4.3279333114624 4.37614297866821 4.37037658691406 4.33480310440063 4.2974328994751 4.28445243835449 4.27348136901855 4.27025318145752 4.26080751419067 4.25896120071411 4.25462865829468 4.25592994689941 4.29226779937744 4.28835868835449 4.29767036437988 4.29211711883545 4.28718090057373
-3.4e+38 -3.4e+38 -3.4e+38 -3.4e+38 26.4688186645508 27.1511974334717 27.6226997375488 27.7857341766357 27.835693359375 27.5216274261475 24.83664894104 20.593391418457 13.4594106674194 7.14449405670166 5.5153636932373 5.00405216217041 4.63481283187866 4.50585460662842 4.41466522216797 4.3243408203125 4.27246761322021 4.26410722732544 4.26838064193726 4.26845979690552 4.27418899536133 4.26908111572266 4.26232719421387 4.25998306274414 4.25121259689331 4.2612190246582 4.24523591995239 4.31956911087036 4.30579662322998 4.28303861618042 4.25790786743164 4.26625919342041 4.26857423782349 4.26271390914917 4.26155281066895 4.28473043441772 4.26954507827759 4.26044464111328 4.2800931930542 4.29294633865356 4.28921270370483 4.28495502471924 4.28244495391846
-3.4e+38 -3.4e+38 -3.4e+38 -3.4e+38 -3.4e+38 27.3477058410645 27.5755290985107 27.7900581359863 27.8670902252197 27.8614768981934 27.3661518096924 24.1003684997559 16.4864349365234 7.37179851531982 5.55198812484741 4.99136400222778 4.7162880897522 4.52252960205078 4.39977741241455 4.31929874420166 4.2686939239502 4.25405502319336 4.25378704071045 4.2562141418457 4.25661516189575 4.27620315551758 4.26725435256958 4.26034116744995 4.25322437286377 4.24141502380371 4.24724864959717 4.25594139099121 4.26222658157349 4.26090478897095 4.26648473739624 4.26101350784302 4.26065874099731 4.25906372070312 4.2608380317688 4.26521635055542 4.26814985275269 4.27217817306519 4.27096557617188 4.24365949630737 4.28042459487915 4.27730560302734 4.27283954620361
-3.4e+38 -3.4e+38 -3.4e+38 -3.4e+38 -3.4e+38 26.9097137451172 27.5634250640869 27.8218650817871 27.9010810852051 27.8903503417969 27.5325965881348 25.6689357757568 17.2283020019531 7.65145587921143 5.74576091766357 4.96042537689209 4.90353584289551 4.55420303344727 4.403977394104 4.29034471511841 4.24941539764404 4.25052118301392 4.26079940795898 4.25645589828491 4.26591920852661 4.30759143829346 4.29337930679321 4.26436281204224 4.26551103591919 4.25960540771484 4.25434732437134 4.25460910797119 4.25454473495483 4.25797557830811 4.30007696151733 4.2822151184082 4.26530027389526 4.26328563690186 4.26124811172485 4.25842952728271 4.25779056549072 4.27460432052612 4.27921867370605 4.27327680587769 4.27402782440186 4.27072381973267 4.27056837081909
-3.4e+38 -3.4e+38 -3.4e+38 -3.4e+38 -3.4e+38 27.0780544281006 27.6059474945068 27.854887008667 27.8963489532471 27.7974891662598 27.4475994110107 25.4499416351318 15.4686155319214 7.24763870239258 5.48200511932373 4.9809455871582 4.98953771591187 4.84556865692139 4.37840890884399 4.26123332977295 4.24614000320435 4.25898885726929 4.26545524597168 4.28848791122437 4.30885314941406 4.30708694458008 4.30646753311157 4.30276441574097 4.30014801025391 4.31751012802124 4.31868553161621 4.31674194335938 4.30339288711548 4.29847097396851 4.32414722442627 4.32022190093994 4.29125738143921 4.27114248275757 4.27186918258667 4.27169561386108 4.27523851394653 4.27655696868896 4.27323198318481 4.27283811569214 4.27107667922974 4.26871919631958 4.27465295791626
-3.4e+38 -3.4e+38 -3.4e+38 -3.4e+38 -3.4e+38 -3.4e+38 27.7313117980957 27.8725299835205 27.8952236175537 27.6636238098145 27.0680103302002 24.435474395752 15.7846803665161 7.86536407470703 5.58662939071655 5.07661628723145 5.25830888748169 4.87372446060181 4.33445358276367 4.25904750823975 4.24819707870483 4.26160907745361 4.28402233123779 4.31209230422974 4.34017848968506 4.33799457550049 4.31841325759888 4.33987522125244 4.35621070861816 4.35858345031738 4.35995483398438 4.36011600494385 4.35927820205688 4.35806274414062 4.35882902145386 4.36046361923218 4.35396862030029 4.32025241851807 4.2900505065918 4.28011655807495 4.2721529006958 4.2702054977417 4.26976537704468 4.27515316009521 4.28229761123657 4.27484750747681 4.27004480361938
-3.4e+38 -3.4e+38 -3.4e+38 -3.4e+38 -3.4e+38 -3.4e+38 27.845703125 27.8872756958008 27.8204040527344 27.3405342102051 26.2440910339355 22.6396331787109 14.8732652664185 8.18100833892822 5.91038942337036 5.28369998931885 5.40386056900024 5.03670358657837 4.35172510147095 4.25669813156128 4.26528310775757 4.28194141387939 4.30581617355347 4.32877349853516 4.36117649078369 4.3615140914917 4.35952138900757 4.36065673828125 4.36162090301514 4.36189413070679 4.36233186721802 4.36300086975098 4.36221265792847 4.36147594451904 4.36303901672363 4.36483335494995 4.36433696746826 4.36141729354858 4.35698795318604 4.33827590942383 4.31680393218994 4.30260848999023 4.29840707778931 4.31146907806396 4.31503963470459 4.31000947952271 4.28552293777466
-3.4e+38 -3.4e+38 -3.4e+38 -3.4e+38 -3.4e+38 -3.4e+38 27.8925857543945 27.8201560974121 27.4992637634277 26.8363246917725 24.8613033294678 21.0159454345703 14.2253093719482 7.46899175643921 5.73486614227295 5.08389902114868 5.19719696044922 4.86931133270264 4.41672801971436 4.27177047729492 4.28018474578857 4.3103814125061 4.34031772613525 4.35589981079102 4.36701631546021 4.36785793304443 4.36724710464478 4.36773490905762 4.36923408508301 4.37057781219482 4.37146186828613 4.37146711349487 4.36998844146729 4.36853122711182 4.36787796020508 4.3694167137146 4.36929512023926 4.36643075942993 4.36268472671509 4.36044836044312 4.35709619522095 4.34877920150757 4.33882284164429 4.32178020477295 4.33004713058472 4.34316635131836 4.34147834777832
-3.4e+38 -3.4e+38 -3.4e+38 -3.4e+38 -3.4e+38 27.8624019622803 27.9273109436035 27.6016864776611 27.055456161499 26.1173000335693 23.3129348754883 19.4587154388428 12.7605609893799 6.76688766479492 5.19617700576782 4.95841264724731 4.99595737457275 4.82170486450195 4.45732164382935 4.28615093231201 4.28914165496826 4.34485960006714 4.36703205108643 4.37051677703857 4.37164211273193 4.37194204330444 4.37279224395752 4.37418985366821 4.37618780136108 4.37794876098633 4.37930631637573 4.37980461120605 4.37943744659424 4.37900400161743 4.37743997573853 4.37765312194824 4.3769793510437 4.37382555007935 4.36954259872437 4.36631870269775 4.36337995529175 4.35721302032471 4.35087394714355 4.34978771209717 4.35392427444458 4.35464239120483 4.3539457321167
-3.4e+38 -3.4e+38 -3.4e+38 -3.4e+38 27.7522201538086 27.8633880615234 27.8717193603516 27.2548732757568 26.7109069824219 25.1218109130859 21.3762836456299 17.2485294342041 10.9427328109741 6.06338930130005 5.11873197555542 4.99934387207031 4.98767042160034 4.68824434280396 4.39552736282349 4.28838682174683 4.32073450088501 4.36931896209717 4.373703956604 4.3762149810791 4.37740564346313 4.37900161743164 4.38014841079712 4.38178205490112 4.38379716873169 4.3853554725647 4.38669490814209 4.38701629638672 4.38635444641113 4.38690042495728 4.38699102401733 4.38639545440674 4.38475704193115 4.38149356842041 4.37795448303223 4.37302398681641 4.36901521682739 4.36463165283203 4.35925626754761 4.35962295532227 4.35962295532227 4.35725498199463 4.35674524307251
