Ecospace-environmental-drivers/Outputs/ASCII-for-ecospace/Temp-bot/Temp-bot_X1994.01.asc
NCOLS 131 
NROWS 53 
XLLCORNER -98 
YLLCORNER 23.9265270233154 
CELLSIZE 0.133587792515755 
NODATA_value -3.4e+38 
[rows 21 to 41 of 53, columns 0 to 46 of 131]
-3.4e+38 -3.4e+38 -3.4e+38 -3.4e+38 -3.4e+38 -3.4e+38 16.0284557342529 15.9750528335571 15.9892234802246 15.9088506698608 15.8336715698242 15.9979104995728 16.412712097168 16.9226722717285 17.4423408508301 17.95627784729 18.3721942901611 18.6975708007812 18.9529495239258 19.1043815612793 19.2172718048096 19.4856090545654 19.783763885498 19.8630466461182 19.8400554656982 19.8242778778076 19.8012733459473 19.8608226776123 19.9177627563477 19.972469329834 20.0181522369385 19.9824733734131 19.9532299041748 19.9312686920166 19.8532810211182 19.7597827911377 19.6773071289062 19.6273384094238 19.5418071746826 19.4548816680908 19.3814945220947 19.4979515075684 19.4910125732422 19.6626739501953 19.9106922149658 20.1135559082031 20.0793476104736
-3.4e+38 -3.4e+38 -3.4e+38 -3.4e+38 -3.4e+38 -3.4e+38 16.0257263183594 16.0845890045166 15.9750528335571 16.0837669372559 16.3608226776123 16.8814659118652 17.6041011810303 18.314754486084 18.8352203369141 19.1781959533691 19.4147109985352 19.6326122283936 19.8362064361572 19.9982681274414 19.9683589935303 19.954761505127 20.0495071411133 20.0727214813232 20.1106281280518 20.0714073181152 19.814868927002 19.8337059020996 19.9110660552979 20.0108413696289 19.9842205047607 19.8423976898193 19.7892169952393 19.6062297821045 19.4432277679443 19.5269508361816 19.3213729858398 19.1005172729492 18.7287673950195 17.8991241455078 18.2340145111084 18.6298942565918 17.5201606750488 18.2194004058838 18.8456363677979 18.809720993042 18.7648410797119
-3.4e+38 -3.4e+38 -3.4e+38 -3.4e+38 16.0773105621338 16.0366592407227 16.1051273345947 16.0257263183594 16.2529888153076 16.6870288848877 17.3066635131836 18.3031768798828 19.1531944274902 19.6052703857422 19.9652996063232 20.2151222229004 20.2254333496094 20.3202686309814 20.479923248291 20.1692695617676 18.6327247619629 16.8747978210449 15.585391998291 14.3612022399902 15.0822477340698 14.1062164306641 14.2183523178101 15.3412008285522 17.2674655914307 16.5591926574707 17.9590835571289 18.4115619659424 18.447093963623 16.5204524993896 18.1732711791992 17.3701152801514 15.7450199127197 15.8221988677979 14.0831670761108 10.843674659729 11.442834854126 11.2485198974609 13.1373348236084 11.645848274231 12.9055938720703 13.3133955001831 14.1321134567261
-3.4e+38 -3.4e+38 -3.4e+38 -3.4e+38 16.0980834960938 16.0971908569336 16.0366592407227 16.2529964447021 16.8101654052734 17.4883613586426 18.5625877380371 19.5220737457275 19.9773502349854 20.1705837249756 20.3546619415283 20.5562419891357 19.9088001251221 16.5717334747314 15.157958984375 12.4741430282593 10.0304508209229 8.56611347198486 9.08276462554932 9.10793209075928 9.6976261138916 9.50390148162842 10.0401430130005 9.55419254302979 10.3422317504883 9.81198883056641 10.5664930343628 12.1428871154785 12.671046257019 13.2540416717529 14.4515571594238 13.8604803085327 14.5179758071899 13.1214408874512 10.7133140563965 8.0606107711792 8.57568454742432 8.98727607727051 9.14267253875732 8.53582286834717 7.9570107460022 8.46451377868652 7.4170708656311
-3.4e+38 -3.4e+38 -3.4e+38 -3.4e+38 -3.4e+38 16.0980834960938 16.1568298339844 16.733642578125 17.469820022583 18.5848293304443 19.6596488952637 20.0593814849854 20.1069641113281 19.7799472808838 18.6996822357178 15.8595275878906 11.3783893585205 8.38988494873047 7.96220111846924 6.99340963363647 6.12083435058594 5.93184328079224 6.27267932891846 6.46100950241089 6.97107267379761 6.47464752197266 6.7712230682373 6.85765266418457 6.67281913757324 6.67301416397095 6.73127412796021 7.87066459655762 8.5955057144165 10.6280641555786 10.4606094360352 10.7099828720093 10.1320238113403 8.44380760192871 6.47774362564087 6.27105236053467 6.84983921051025 6.83745574951172 6.19424915313721 6.16549682617188 5.99877023696899 6.24517726898193 5.85801219940186
-3.4e+38 -3.4e+38 -3.4e+38 -3.4e+38 -3.4e+38 16.1135559082031 16.5050792694092 17.2516784667969 18.376407623291 19.7871952056885 20.3382663726807 20.2092552185059 19.5264492034912 17.3774375915527 14.0764083862305 10.8206558227539 7.59252166748047 6.10245847702026 5.86262178421021 5.28399419784546 4.90049171447754 4.95861434936523 4.99413728713989 5.37470293045044 5.04266977310181 5.25258302688599 5.1688551902771 5.01864337921143 5.29601812362671 5.0816216468811 5.54199361801147 6.25897598266602 7.2514271736145 7.98609972000122 7.00584840774536 7.40653419494629 6.89369678497314 5.90521478652954 5.60843849182129 5.33209323883057 5.59000301361084 5.17410326004028 5.40020275115967 5.36329650878906 5.34009790420532 5.394455909729 5.01671075820923
-3.4e+38 -3.4e+38 16.8091735839844 16.7591819763184 16.4603176116943 16.2494468688965 16.9040508270264 17.8531131744385 19.2822380065918 20.267599105835 20.4038410186768 19.6649532318115 17.7320709228516 13.9705371856689 10.1634931564331 8.57479190826416 6.4334774017334 5.08008527755737 4.74402952194214 4.73451709747314 4.84232330322266 4.89582109451294 4.90222787857056 4.86638402938843 4.86092472076416 4.89183282852173 4.72511529922485 4.68396806716919 4.74266767501831 4.90070915222168 5.28330087661743 5.54471158981323 5.75945854187012 5.90153312683105 5.96444082260132 5.74063348770142 5.68817043304443 5.54728412628174 5.24545764923096 5.02283430099487 5.02016973495483 4.90445709228516 4.74737358093262 4.68268156051636 4.82767248153687 4.83436012268066 4.60841512680054
-339999999999999996128486808808066248288.000000000000000 -3.4e+38 -3.4e+38 -3.4e+38 16.709192276001 16.4202156066895 17.2640247344971 18.428108215332 19.769832611084 20.3537158966064 20.1502132415771 18.6321430206299 14.582070350647 10.5312604904175 8.69409275054932 7.08123445510864 5.35396337509155 4.82770919799805 4.7523775100708 4.80780553817749 4.93417692184448 4.83949995040894 4.86039876937866 4.8925633430481 5.00778293609619 4.96999311447144 4.76622009277344 4.81064081192017 4.62980604171753 4.77741384506226 4.97519874572754 5.01596117019653 5.29048919677734 5.41088485717773 5.3978214263916 5.26831388473511 5.19252109527588 4.96118259429932 4.94004344940186 4.86605262756348 4.65415143966675 4.58320283889771 4.42560291290283 4.42824363708496 4.4214072227478 4.44199848175049 4.46751165390015
-3.4e+38 -3.4e+38 -3.4e+38 -3.4e+38 16.5100193023682 16.574634552002 17.4919567108154 18.664457321167 19.8655300140381 20.2808456420898 19.7053966522217 17.1418533325195 11.8431901931763 8.77712440490723 6.76658582687378 5.87701749801636 5.31870603561401 4.98219966888428 4.87525463104248 4.94244384765625 4.65773582458496 4.44212245941162 4.46102428436279 4.48473596572876 4.51256561279297 4.74362754821777 4.67921733856201 4.62876033782959 4.51292562484741 4.83223581314087 4.88365077972412 4.86683940887451 4.70594501495361 4.80777931213379 4.8183913230896 4.52565765380859 4.6380934715271 4.59621429443359 4.54045629501343 4.46473360061646 4.41411304473877 4.39990139007568 4.37457895278931 4.33404159545898 4.38549947738647 4.3404860496521 4.33980751037598
-3.4e+38 -3.4e+38 -3.4e+38 -3.4e+38 16.4548110961914 16.6395244598389 17.5846614837646 18.6794986724854 19.7078952789307 20.0743217468262 19.4613189697266 15.0113191604614 9.7155294418335 7.61168766021729 5.95114517211914 5.39282894134521 5.00070858001709 4.89296674728394 4.45791578292847 4.46603584289551 4.37132501602173 4.43549966812134 4.49288368225098 4.49044895172119 4.39459609985352 4.52362203598022 4.77886438369751 4.44215774536133 4.43971729278564 4.64221382141113 4.9371862411499 4.63385820388794 4.52688264846802 4.55508947372437 4.46974849700928 4.43821716308594 4.43906307220459 4.44684886932373 4.39990139007568 4.39098310470581 4.35486936569214 4.32338619232178 4.29396295547485 4.31840705871582 4.29478311538696 4.28971767425537 4.28337669372559
-3.4e+38 -3.4e+38 -3.4e+38 -3.4e+38 17.3375377655029 16.6554336547852 17.5158710479736 18.588903427124 19.5131206512451 19.8734359741211 19.220947265625 14.8706130981445 9.39819526672363 7.16440868377686 5.6862096786499 4.84755992889404 4.70691251754761 4.6273512840271 4.4236626625061 4.31765508651733 4.28492879867554 4.29190635681152 4.43423128128052 4.4637565612793 4.46209192276001 4.56706285476685 5.02846717834473 4.91081523895264 4.49604749679565 4.53634452819824 4.51651382446289 4.40274715423584 4.40120697021484 4.39767789840698 4.40446043014526 4.40598249435425 4.38477325439453 4.37026453018188 4.31499624252319 4.27654361724854 4.27329444885254 4.27395296096802 4.26506948471069 4.26302289962769 4.26088905334473 4.24942827224731 4.23472833633423
-3.4e+38 -3.4e+38 -3.4e+38 -3.4e+38 17.432767868042 16.775463104248 17.2839450836182 18.3443031311035 19.2709045410156 19.8249950408936 19.4569396972656 17.0750961303711 10.0484771728516 6.83363914489746 5.45725727081299 4.71422719955444 4.39923000335693 4.41489315032959 4.42477989196777 4.28133106231689 4.27099561691284 4.27683305740356 4.28599452972412 4.28935623168945 4.54435110092163 4.55269765853882 4.57988929748535 4.53846168518066 4.49258470535278 4.47732257843018 4.4039134979248 4.41235637664795 4.4097146987915 4.360520362854 4.31033945083618 4.32160234451294 4.28756284713745 4.27615070343018 4.26079034805298 4.25031566619873 4.2473258972168 4.24377346038818 4.25169038772583 4.20314455032349 4.21205234527588 4.20780992507935 4.19978380203247
-3.4e+38 -3.4e+38 -3.4e+38 -3.4e+38 17.4937438964844 17.0488243103027 17.1584014892578 18.0304279327393 18.8917293548584 19.6647491455078 19.9292011260986 19.0770378112793 12.3206205368042 6.76625490188599 5.11556386947632 4.78478479385376 4.4403223991394 4.40169334411621 4.34157419204712 4.25863838195801 4.25300312042236 4.25663328170776 4.26202583312988 4.2645206451416 4.27361249923706 4.2977991104126 4.31525707244873 4.31189632415771 4.30904388427734 4.34721088409424 4.33170223236084 4.38303661346436 4.34081506729126 4.29829931259155 4.28145027160645 4.26628828048706 4.24686193466187 4.23888683319092 4.22452259063721 4.22138023376465 4.20871686935425 4.21679353713989 4.23190927505493 4.23944187164307 4.22397184371948 4.20582485198975 4.21627807617188
-3.4e+38 -3.4e+38 -3.4e+38 -3.4e+38 -3.4e+38 17.0982513427734 17.2345638275146 17.8139514923096 18.5853843688965 19.3228988647461 20.0820255279541 20.2442588806152 15.4558258056641 7.04897689819336 5.19044542312622 4.7973747253418 4.52490711212158 4.37669944763184 4.32521677017212 4.24681186676025 4.24587297439575 4.24730443954468 4.24923992156982 4.25909948348999 4.25020837783813 4.27648544311523 4.26282119750977 4.26576137542725 4.27211380004883 4.29465007781982 4.28802156448364 4.2855224609375 4.27699279785156 4.26965475082397 4.27317094802856 4.26606035232544 4.24890995025635 4.21928310394287 4.21857118606567 4.23607015609741 4.24304389953613 4.24198579788208 4.23275184631348 4.23146152496338 4.23136329650879 4.23234510421753 4.23923778533936
-3.4e+38 -3.4e+38 -3.4e+38 -3.4e+38 -3.4e+38 18.1464691162109 17.3920574188232 17.8657379150391 18.4790496826172 19.1639595031738 19.8641471862793 20.4056167602539 16.0737800598145 7.29869937896729 5.3548412322998 4.80126857757568 4.73650407791138 4.38637781143188 4.32000255584717 4.24492073059082 4.23925447463989 4.23859024047852 4.24574184417725 4.24679613113403 4.25711154937744 4.35806465148926 4.32017707824707 4.2985725402832 4.29388236999512 4.25628614425659 4.25510215759277 4.25689506530762 4.26039838790894 4.25859689712524 4.30077695846558 4.26018381118774 4.25825500488281 4.24336957931519 4.27009296417236 4.27919769287109 4.27011013031006 4.24120950698853 4.24007081985474 4.23821592330933 4.22814083099365 4.21272754669189 4.20614910125732
-3.4e+38 -3.4e+38 -3.4e+38 -3.4e+38 -3.4e+38 18.2398986816406 17.5292148590088 18.0320491790771 18.5626010894775 19.262674331665 19.9179344177246 20.4811820983887 14.426082611084 6.88708639144897 5.10244369506836 4.81139326095581 4.82589149475098 4.68387889862061 4.27871370315552 4.242356300354 4.23237228393555 4.23647880554199 4.23813676834106 4.28500080108643 4.28782749176025 4.26891231536865 4.27572917938232 4.27514457702637 4.26136207580566 4.29122018814087 4.30061626434326 4.27981376647949 4.27449321746826 4.28343439102173 4.28935050964355 4.27261018753052 4.25706052780151 4.25413417816162 4.25185298919678 4.25442552566528 4.24910831451416 4.241455078125 4.23508024215698 4.23157787322998 4.21845483779907 4.20470666885376 4.21280670166016
-3.4e+38 -3.4e+38 -3.4e+38 -3.4e+38 -3.4e+38 -3.4e+38 17.6794719696045 18.1774883270264 18.7315292358398 19.4774990081787 20.1470489501953 20.5486488342285 14.7072162628174 7.45965623855591 5.17329168319702 4.79671669006348 4.98689317703247 4.73156833648682 4.26872539520264 4.23875665664673 4.23040103912354 4.23410940170288 4.26419019699097 4.28710508346558 4.2470178604126 4.23858404159546 4.24539613723755 4.27863025665283 4.2741527557373 4.29233312606812 4.30146789550781 4.26873445510864 4.24559116363525 4.25515270233154 4.2660083770752 4.25753021240234 4.26212882995605 4.25438022613525 4.24677228927612 4.2424840927124 4.23500299453735 4.22692108154297 4.22204446792603 4.22788095474243 4.22656536102295 4.21751928329468 4.21967744827271
-3.4e+38 -3.4e+38 -3.4e+38 -3.4e+38 -3.4e+38 -3.4e+38 17.8560314178467 18.314826965332 18.9404735565186 19.7460689544678 20.4512271881104 20.5162124633789 13.6946582794189 7.84185123443604 5.54215669631958 5.00403451919556 5.2193021774292 4.90464067459106 4.31777620315552 4.23618364334106 4.23808813095093 4.26523160934448 4.26203536987305 4.25487375259399 4.21129751205444 4.20547246932983 4.20791864395142 4.21071004867554 4.21607351303101 4.23199129104614 4.24318170547485 4.2413010597229 4.24871492385864 4.25710487365723 4.26214170455933 4.25943183898926 4.2472939491272 4.23492527008057 4.23475313186646 4.25428915023804 4.23854780197144 4.23816585540771 4.24594736099243 4.25567245483398 4.2367639541626 4.22737789154053 4.23185157775879
-3.4e+38 -3.4e+38 -3.4e+38 -3.4e+38 -3.4e+38 -3.4e+38 18.0112323760986 18.5081634521484 19.2581806182861 20.0784339904785 20.6912250518799 19.8904151916504 13.3046464920044 6.92741870880127 5.32564163208008 4.82544755935669 5.07840013504028 4.76966667175293 4.3542914390564 4.2491250038147 4.2689356803894 4.27692937850952 4.24627256393433 4.22274398803711 4.21940946578979 4.21419668197632 4.20948553085327 4.20968532562256 4.21377038955688 4.22152376174927 4.22987079620361 4.23817729949951 4.24732971191406 4.25209808349609 4.24975728988647 4.24043798446655 4.22530221939087 4.2160177230835 4.217125415802 4.21694135665894 4.21762466430664 4.22292184829712 4.23679208755493 4.25364303588867 4.24325895309448 4.2203574180603 4.20334196090698
-3.4e+38 -3.4e+38 -3.4e+38 -3.4e+38 -3.4e+38 18.2317962646484 18.0630168914795 18.8449687957764 19.7051773071289 20.4225616455078 20.7548751831055 19.0491981506348 11.945821762085 6.16874027252197 4.88926649093628 4.79289770126343 4.88369560241699 4.77277088165283 4.37667083740234 4.26232481002808 4.27277612686157 4.24769496917725 4.23220348358154 4.23144674301147 4.22776985168457 4.22024250030518 4.21407175064087 4.21077966690063 4.21038770675659 4.21233892440796 4.21471500396729 4.21656322479248 4.217857837677 4.21844482421875 4.21764659881592 4.21575355529785 4.2140417098999 4.21313142776489 4.21365213394165 4.21471548080444 4.21484661102295 4.21133947372437 4.20531558990479 4.19875717163086 4.199049949646 4.19946479797363 4.19970607757568
-3.4e+38 -3.4e+38 -3.4e+38 -3.4e+38 18.303295135498 18.1842136383057 18.279016494751 19.3623447418213 20.1554660797119 20.7049884796143 20.2318458557129 17.1668720245361 9.9877233505249 5.52455234527588 4.83859825134277 4.82212734222412 4.8874397277832 4.61763191223145 4.31296586990356 4.2585825920105 4.29259347915649 4.2422022819519 4.2387900352478 4.23059415817261 4.22403144836426 4.22221183776855 4.22068214416504 4.21789026260376 4.21370553970337 4.21345043182373 4.21652269363403 4.21846961975098 4.21755933761597 4.21618986129761 4.21619606018066 4.21742677688599 4.21813297271729 4.21794891357422 4.21825170516968 4.21901273727417 4.21826934814453 4.21125841140747 4.20159912109375 4.19538450241089 4.19204568862915 4.18975877761841 4.19019937515259
