Ecospace-environmental-drivers/Outputs/ASCII-for-ecospace/Temp-bot/Temp-bot_X2003.03.asc
NCOLS 131 
NROWS 53 
XLLCORNER -98 
YLLCORNER 23.9265270233154 
CELLSIZE 0.133587792515755 
NODATA_value -3.4e+38 
[rows 21 to 41 of 53, columns 47 to 93 of 131]
17.6239109039307 17.6165981292725 17.6893100738525 17.761137008667 17.8680934906006 18.0294227600098 17.5691909790039 17.5526809692383 17.2814903259277 16.2207984924316 14.3712158203125 13.3566513061523 11.4502372741699 9.03995609283447 7.36642503738403 5.89868688583374 5.05914640426636 4.82251310348511 4.87985754013062 4.7505030632019 4.44060277938843 4.31968593597412 4.27672433853149 4.27088260650635 4.27917718887329 4.28868961334229 4.27373266220093 4.27323341369629 4.27924489974976 4.29303789138794 4.29741239547729 4.29029512405396 4.28668928146362 4.27854251861572 4.26959943771362 4.26486778259277 4.26172780990601 4.31558275222778 4.68721628189087 5.01945495605469 5.23852968215942 5.47248935699463 5.81842088699341 6.40953207015991 7.24815511703491 8.3347110748291 9.64211654663086
16.248836517334 15.8232669830322 15.615382194519 15.6155843734741 16.0346775054932 15.3053541183472 12.7720422744751 13.6890535354614 12.1833381652832 9.9367790222168 8.90261077880859 8.37349987030029 7.94571113586426 6.79652118682861 5.96269607543945 5.63371181488037 4.90595436096191 4.71994638442993 4.47566032409668 4.52576112747192 4.40543079376221 4.30056095123291 4.28575992584229 4.27174091339111 4.26927709579468 4.27138137817383 4.27235794067383 4.27320432662964 4.28798246383667 4.28558397293091 4.28834676742554 4.28467464447021 4.27138805389404 4.26692152023315 4.26506567001343 4.26252412796021 4.26262998580933 4.26390266418457 4.25169944763184 4.22881269454956 4.35725259780884 4.47285127639771 4.72733926773071 5.23763465881348 5.8020167350769 6.24181079864502 7.34229755401611
11.7375583648682 11.5493307113647 12.164647102356 11.0393304824829 10.1990747451782 9.14481449127197 9.29303646087646 7.80189180374146 6.63537073135376 6.30841684341431 6.27894258499146 6.71366930007935 6.04159021377563 5.67259550094604 5.23717927932739 4.96520900726318 4.71791124343872 4.48754215240479 4.34770917892456 4.33734941482544 4.34575891494751 4.29702854156494 4.28837871551514 4.26347970962524 4.2663779258728 4.27122974395752 4.2736382484436 4.28421449661255 4.30301666259766 4.28462505340576 4.28750324249268 4.28539752960205 4.27112674713135 4.26567602157593 4.26561307907104 4.26334238052368 4.26000785827637 4.26510620117188 4.26667976379395 4.26577186584473 4.26514530181885 4.2699990272522 4.25919580459595 4.36101055145264 4.70586538314819 5.45930528640747 6.05902862548828
7.39954996109009 7.42640781402588 6.90115833282471 7.38445949554443 7.09215307235718 6.38600635528564 5.98101711273193 5.52719354629517 5.19819450378418 5.41581249237061 5.43105030059814 5.66447162628174 5.16624164581299 4.98553991317749 4.86584997177124 4.74425983428955 4.48584032058716 4.38848972320557 4.35136604309082 4.31466960906982 4.29748201370239 4.27768850326538 4.28659915924072 4.2726526260376 4.26378726959229 4.27207899093628 4.29717350006104 4.29545402526855 4.27960634231567 4.27732086181641 4.2817006111145 4.28200817108154 4.27067852020264 4.26512336730957 4.29093027114868 4.28005361557007 4.27905511856079 4.27152585983276 4.26533460617065 4.26475048065186 4.26586771011353 4.26796197891235 4.26893091201782 4.26267194747925 4.28274154663086 4.56730604171753 5.25340270996094
5.74206447601318 5.52563762664795 5.48771190643311 5.35856437683105 5.11881971359253 5.41309690475464 4.97186803817749 4.99512481689453 4.82209634780884 4.86508131027222 4.90106678009033 4.95571756362915 4.98864030838013 4.95908737182617 4.87526607513428 4.59853553771973 4.34466743469238 4.31235027313232 4.30405616760254 4.29760837554932 4.3038854598999 4.2956223487854 4.27356386184692 4.26919317245483 4.26812314987183 4.26238298416138 4.2770676612854 4.30985927581787 4.29102230072021 4.27979326248169 4.28140592575073 4.27915477752686 4.27286005020142 4.28943014144897 4.27921390533447 4.2742395401001 4.26766109466553 4.2706127166748 4.27566814422607 4.27094650268555 4.2652792930603 4.26669120788574 4.26735305786133 4.26718950271606 4.26553869247437 4.25224447250366 4.56024265289307
4.9708104133606 5.05937147140503 5.08992004394531 4.67105770111084 4.66642999649048 4.9167046546936 4.92980813980103 4.72987031936646 4.8213791847229 4.77268218994141 4.91098690032959 4.905517578125 5.04428768157959 4.7247371673584 4.46891641616821 4.34756374359131 4.32496404647827 4.33005428314209 4.3090934753418 4.2882719039917 4.28265142440796 4.27940940856934 4.2555832862854 4.25508975982666 4.2578125 4.25798463821411 4.26633834838867 4.29317235946655 4.29046821594238 4.28262186050415 4.28249931335449 4.28147077560425 4.27585649490356 4.32772159576416 4.32696485519409 4.31133031845093 4.27634525299072 4.27645921707153 4.27960395812988 4.27791833877563 4.27013921737671 4.26680850982666 4.26645994186401 4.26593971252441 4.26671504974365 4.26562261581421 4.27107763290405
4.68104362487793 4.74312496185303 4.60840272903442 4.48906898498535 4.50335502624512 4.54983997344971 4.62723159790039 4.72496557235718 4.75127935409546 4.56514072418213 4.52745580673218 4.51736927032471 4.49564218521118 4.43301200866699 4.29549932479858 4.27264738082886 4.23697853088379 4.23557662963867 4.26411771774292 4.27242803573608 4.27872943878174 4.26715183258057 4.25212669372559 4.24544286727905 4.25326108932495 4.26065969467163 4.26813507080078 4.28593921661377 4.28104448318481 4.27952575683594 4.27962636947632 4.2776894569397 4.27701187133789 4.27544593811035 4.29963970184326 4.31832075119019 4.28645133972168 4.28015089035034 4.28205871582031 4.28433036804199 4.27991533279419 4.27243661880493 4.26710176467896 4.26604127883911 4.26761293411255 4.26754903793335 4.25605010986328
4.53376340866089 4.44916391372681 4.36033058166504 4.40162038803101 4.47098350524902 4.46063852310181 4.44807481765747 4.54367065429688 4.47526931762695 4.51012372970581 4.47067165374756 4.37904024124146 4.29715347290039 4.26669216156006 4.23838090896606 4.24655199050903 4.24960374832153 4.24923658370972 4.24038743972778 4.23565483093262 4.23842763900757 4.24803304672241 4.25899982452393 4.25673961639404 4.26402044296265 4.2680459022522 4.27738380432129 4.27205801010132 4.27280378341675 4.27350950241089 4.27223539352417 4.27167701721191 4.2743878364563 4.27762413024902 4.29606914520264 4.28854417800903 4.30436325073242 4.28625249862671 4.28802251815796 4.28634262084961 4.27824544906616 4.27066278457642 4.26897192001343 4.26864099502563 4.26942682266235 4.27022647857666 4.26711511611938
4.34179830551147 4.30013227462769 4.29850721359253 4.32461547851562 4.38760328292847 4.38299322128296 4.38919353485107 4.38094520568848 4.32701015472412 4.314453125 4.28139305114746 4.25531387329102 4.24978303909302 4.25136232376099 4.25608968734741 4.25976324081421 4.25621461868286 4.24957799911499 4.24587917327881 4.24221897125244 4.23958396911621 4.24394607543945 4.25321769714355 4.26007652282715 4.27150774002075 4.2663311958313 4.26409864425659 4.26691627502441 4.26854848861694 4.26840353012085 4.2687520980835 4.27046918869019 4.27174663543701 4.27408027648926 4.2756028175354 4.27474737167358 4.31280040740967 4.2841591835022 4.28153896331787 4.28046178817749 4.27416801452637 4.27369976043701 4.27362680435181 4.27214956283569 4.2734169960022 4.2763204574585 4.2741231918335
4.27005815505981 4.26915407180786 4.35721349716187 4.37257719039917 4.34366798400879 4.37590074539185 4.38460159301758 4.37402534484863 4.31699275970459 4.26436424255371 4.25210905075073 4.25361633300781 4.25391864776611 4.2483115196228 4.24761915206909 4.24627637863159 4.24992609024048 4.25016736984253 4.25153207778931 4.24941396713257 4.23846960067749 4.24033498764038 4.24869823455811 4.25545930862427 4.26788282394409 4.26314353942871 4.26337146759033 4.26567792892456 4.26680374145508 4.26818370819092 4.27126312255859 4.27158069610596 4.27079916000366 4.27086019515991 4.27238464355469 4.27557182312012 4.3039083480835 4.29213953018188 4.28454351425171 4.27765989303589 4.27336311340332 4.27651643753052 4.27629232406616 4.27711534500122 4.27909231185913 4.28248882293701 4.28324937820435
4.30834054946899 4.24974775314331 4.31344032287598 4.34316205978394 4.3299994468689 4.34932613372803 4.38516759872437 4.36074781417847 4.29207372665405 4.24984884262085 4.25869846343994 4.25511932373047 4.25068950653076 4.2488112449646 4.24912405014038 4.24867677688599 4.24928855895996 4.25082921981812 4.25095987319946 4.25173759460449 4.25340938568115 4.23987817764282 4.23999691009521 4.24697017669678 4.26022624969482 4.26127099990845 4.26623439788818 4.26779270172119 4.27000570297241 4.27379465103149 4.27387380599976 4.27186155319214 4.27043771743774 4.27046775817871 4.27173662185669 4.27577972412109 4.2984619140625 4.29402637481689 4.28060436248779 4.27562808990479 4.27508068084717 4.28113079071045 4.28183603286743 4.28086996078491 4.28250169754028 4.28522205352783 4.28554582595825
4.25250768661499 4.25018310546875 4.27423334121704 4.33434343338013 4.33480167388916 4.28744602203369 4.25468635559082 4.23895025253296 4.24540376663208 4.25118017196655 4.24663925170898 4.24410390853882 4.24438762664795 4.24713182449341 4.2495265007019 4.25208234786987 4.25346899032593 4.25432538986206 4.25436973571777 4.25493335723877 4.2534761428833 4.25580978393555 4.24323797225952 4.24434423446655 4.25172853469849 4.25937032699585 4.26396703720093 4.26789665222168 4.27224731445312 4.27449131011963 4.27210283279419 4.27082252502441 4.27329730987549 4.2737889289856 4.27424573898315 4.27590370178223 4.30423927307129 4.29009008407593 4.27508354187012 4.27483415603638 4.28013467788696 4.28485727310181 4.28273868560791 4.28097867965698 4.28149604797363 4.28419494628906 4.28638648986816
4.2630181312561 4.27266979217529 4.28038740158081 4.30228471755981 4.28970050811768 4.25656890869141 4.2352409362793 4.23857307434082 4.24902725219727 4.2470498085022 4.2493782043457 4.25281429290771 4.25210428237915 4.2551212310791 4.25704145431519 4.25962591171265 4.26246500015259 4.2628927230835 4.26116752624512 4.26169490814209 4.26195430755615 4.25573205947876 4.25490617752075 4.2566933631897 4.25562763214111 4.26015377044678 4.26606321334839 4.26895999908447 4.27084350585938 4.27111434936523 4.2708592414856 4.27143144607544 4.27350854873657 4.27455615997314 4.27617406845093 4.30863380432129 4.30466079711914 4.28512954711914 4.27483797073364 4.27918243408203 4.28436088562012 4.28388977050781 4.28075313568115 4.27978515625 4.27988338470459 4.2833456993103 4.28814840316772
4.23339700698853 4.24573659896851 4.24981594085693 4.2805814743042 4.26904630661011 4.24807453155518 4.25351285934448 4.2537784576416 4.25033712387085 4.25707197189331 4.27851343154907 4.2728476524353 4.27286958694458 4.28981637954712 4.28264379501343 4.27846813201904 4.27648878097534 4.27046728134155 4.26986169815063 4.26998329162598 4.26738882064819 4.26213312149048 4.25759410858154 4.25517606735229 4.25835609436035 4.26544618606567 4.26848840713501 4.2701621055603 4.27169418334961 4.27107810974121 4.27148675918579 4.27400732040405 4.28434371948242 4.29737949371338 4.31023740768433 4.30748271942139 4.28986549377441 4.2777886390686 4.2742714881897 4.27878332138062 4.28209781646729 4.27939939498901 4.2779746055603 4.27814674377441 4.28094482421875 4.28631019592285 4.28985452651978
4.23268795013428 4.24834823608398 4.25561094284058 4.26110124588013 4.25987577438354 4.24486351013184 4.27257871627808 4.2728533744812 4.27017784118652 4.2823920249939 4.28993844985962 4.28169584274292 4.2791428565979 4.27748537063599 4.27877378463745 4.28433465957642 4.28392171859741 4.31328058242798 4.30467367172241 4.27322912216187 4.27222967147827 4.26941728591919 4.2658543586731 4.26357364654541 4.2648983001709 4.2695198059082 4.27147006988525 4.27198266983032 4.27224588394165 4.27249383926392 4.29396343231201 4.31195211410522 4.29089117050171 4.28764867782593 4.28515672683716 4.28247261047363 4.27681732177734 4.26988410949707 4.27113199234009 4.2756290435791 4.27589845657349 4.27756118774414 4.27798128128052 4.28032732009888 4.28550720214844 4.29141283035278 4.29211187362671
4.22958135604858 4.24122619628906 4.2514796257019 4.25912857055664 4.26224803924561 4.28133773803711 4.28282642364502 4.27828025817871 4.28406715393066 4.2908763885498 4.29015731811523 4.28807878494263 4.29045438766479 4.2833776473999 4.2832670211792 4.28778553009033 4.28319835662842 4.28048181533813 4.28106117248535 4.29005289077759 4.287672996521 4.27279138565063 4.27256536483765 4.27228546142578 4.27240085601807 4.2729549407959 4.27217674255371 4.27165794372559 4.27563428878784 4.29862594604492 4.30709362030029 4.28924560546875 4.28521537780762 4.28241014480591 4.27939414978027 4.27523946762085 4.27424097061157 4.27184343338013 4.27485942840576 4.27455615997314 4.27483940124512 4.27864694595337 4.28133487701416 4.28505229949951 4.28972673416138 4.29420614242554 4.29407691955566
4.23157548904419 4.23961019515991 4.25754308700562 4.30289173126221 4.3000111579895 4.29459571838379 4.28816556930542 4.28216457366943 4.28213357925415 4.28626203536987 4.29151153564453 4.28896617889404 4.29097557067871 4.28688859939575 4.28672885894775 4.29073143005371 4.28865051269531 4.28736782073975 4.28841304779053 4.28757047653198 4.28676176071167 4.28486967086792 4.28776931762695 4.30905246734619 4.30637741088867 4.29945611953735 4.31221866607666 4.30086755752563 4.30705404281616 4.29371500015259 4.2862753868103 4.28380584716797 4.2815523147583 4.28139495849609 4.27949190139771 4.2794942855835 4.27854490280151 4.28067922592163 4.28013038635254 4.27837896347046 4.278076171875 4.27988147735596 4.28193664550781 4.28380537033081 4.28735494613647 4.29496812820435 4.29638004302979
4.24085092544556 4.25278663635254 4.28982448577881 4.29345607757568 4.28760862350464 4.2910795211792 4.2850227355957 4.27846431732178 4.27508783340454 4.2838454246521 4.29208421707153 4.29222679138184 4.29173755645752 4.28884124755859 4.29006767272949 4.29178476333618 4.29664039611816 4.2973313331604 4.29467391967773 4.29422330856323 4.29837989807129 4.30000305175781 4.30074739456177 4.30772924423218 4.30091381072998 4.30408143997192 4.29899740219116 4.29402351379395 4.28731489181519 4.28259372711182 4.28349161148071 4.2844443321228 4.28616809844971 4.2844705581665 4.2851710319519 4.28474569320679 4.28566837310791 4.28435945510864 4.28267860412598 4.28143501281738 4.27842140197754 4.27712726593018 4.27605152130127 4.27640438079834 4.28079319000244 4.29244565963745 4.29739379882812
4.2925124168396 4.29452133178711 4.29821300506592 4.28988647460938 4.28814840316772 4.29062700271606 4.2852635383606 4.27818918228149 4.27464199066162 4.28190755844116 4.29126739501953 4.28916072845459 4.29301643371582 4.29386568069458 4.29176092147827 4.29599761962891 4.29698705673218 4.2976016998291 4.30120229721069 4.30271291732788 4.30295610427856 4.29879856109619 4.2968225479126 4.29447460174561 4.30005216598511 4.29412984848022 4.28445339202881 4.28422355651855 4.28206253051758 4.28311824798584 4.28365039825439 4.28797388076782 4.28841495513916 4.28962373733521 4.29100847244263 4.29082727432251 4.29040622711182 4.29055166244507 4.29044008255005 4.28795385360718 4.28320980072021 4.27791404724121 4.27587175369263 4.27701711654663 4.28067207336426 4.28856801986694 4.29671382904053
4.32926416397095 4.32958507537842 4.33529329299927 4.29486417770386 4.28114652633667 4.28525638580322 4.28770542144775 4.28472566604614 4.28106832504272 4.28568983078003 4.29371929168701 4.2838978767395 4.29111289978027 4.29469442367554 4.30094957351685 4.30218458175659 4.30234336853027 4.29976558685303 4.29791021347046 4.30162858963013 4.30095148086548 4.30055618286133 4.30038261413574 4.298659324646 4.30562877655029 4.30102634429932 4.29327774047852 4.28884792327881 4.28778553009033 4.28878831863403 4.29139518737793 4.29308462142944 4.29224443435669 4.29373645782471 4.29543495178223 4.2950005531311 4.29500007629395 4.29562473297119 4.29511737823486 4.29331970214844 4.29101753234863 4.28793668746948 4.28570127487183 4.28546571731567 4.2850604057312 4.28892517089844 4.29551362991333
4.35092973709106 4.34421920776367 4.33593368530273 4.30472373962402 4.27643871307373 4.27517175674438 4.27723407745361 4.28150320053101 4.28486156463623 4.29576015472412 4.30084133148193 4.28185987472534 4.28229331970215 4.28905391693115 4.29343748092651 4.30118465423584 4.30445957183838 4.29777574539185 4.29628753662109 4.29759979248047 4.29838991165161 4.29965782165527 4.30033540725708 4.29919910430908 4.3072829246521 4.31160068511963 4.30330848693848 4.29460620880127 4.29457473754883 4.29613304138184 4.29777431488037 4.29967880249023 4.30010938644409 4.29923295974731 4.29853487014771 4.29617786407471 4.29412364959717 4.29296827316284 4.29189682006836 4.29036426544189 4.29149198532104 4.29403305053711 4.29550218582153 4.29593086242676 4.29524898529053 4.29541206359863 4.29625225067139
