Ecospace-environmental-drivers/Outputs/ASCII-for-ecospace/Temp-bot/Temp-bot_X2018.09.asc
NCOLS 131 
NROWS 53 
XLLCORNER -98 
YLLCORNER 23.9265270233154 
CELLSIZE 0.133587792515755 
NODATA_value -3.4e+38 
[rows 21 to 41 of 53, columns 47 to 93 of 131]
21.267786026001 20.8279247283936 20.6852283477783 20.7458248138428 20.8734359741211 21.0070514678955 20.2808303833008 20.0906047821045 19.8120784759521 18.4899787902832 16.3640956878662 15.1738948822021 12.867000579834 10.2046251296997 8.18271064758301 6.61065673828125 5.44725704193115 5.10793542861938 5.12057638168335 4.98212575912476 4.55430221557617 4.39516353607178 4.33768272399902 4.35481882095337 4.30566835403442 4.2621545791626 4.24869155883789 4.24428224563599 4.25066375732422 4.27453327178955 4.27413654327393 4.26830244064331 4.26873874664307 4.26889562606812 4.26942014694214 4.26805830001831 4.2681941986084 4.38466215133667 5.03568077087402 5.77135515213013 6.22016191482544 6.52955293655396 7.12866687774658 7.96610927581787 9.22937679290771 10.5875864028931 11.8283863067627
18.2078418731689 17.6225986480713 17.430383682251 17.3619022369385 17.5876655578613 16.6620960235596 14.9058504104614 15.258246421814 13.6379861831665 11.4748373031616 10.4261646270752 9.78886318206787 9.14296340942383 7.841139793396 6.61157512664795 6.23821640014648 5.30001306533813 4.96308183670044 4.6345648765564 4.67074155807495 4.50089025497437 4.35206174850464 4.32099723815918 4.28470897674561 4.25735425949097 4.24602937698364 4.24101686477661 4.24122953414917 4.25525045394897 4.26714086532593 4.26638412475586 4.26625442504883 4.26691579818726 4.26763963699341 4.26894426345825 4.26939392089844 4.2695517539978 4.27384662628174 4.27234220504761 4.28295421600342 4.48235893249512 4.75746393203735 5.23913478851318 6.00958633422852 6.76016044616699 7.71949815750122 9.34506511688232
13.3562002182007 13.0797653198242 13.5886240005493 12.2659921646118 11.5329027175903 10.5560808181763 10.409571647644 8.81026649475098 7.70164728164673 7.40691709518433 7.27488327026367 7.54502725601196 7.01093435287476 6.55215167999268 5.81839084625244 5.27945852279663 5.02852201461792 4.71631526947021 4.49316263198853 4.45472478866577 4.4398045539856 4.35353374481201 4.30404996871948 4.2642617225647 4.24767589569092 4.23938512802124 4.23730564117432 4.24493980407715 4.26654100418091 4.26401233673096 4.26468372344971 4.26572275161743 4.26656866073608 4.26694583892822 4.26828479766846 4.26943635940552 4.2689962387085 4.28049278259277 4.32160377502441 4.31769418716431 4.31572961807251 4.32660388946533 4.29742622375488 4.48877239227295 5.21908664703369 6.25463485717773 7.29034090042114
8.35027122497559 8.37063598632812 7.70037746429443 8.16755104064941 7.78239917755127 7.00342082977295 6.53249168395996 6.21548175811768 6.02600049972534 6.29098463058472 6.07489585876465 6.27085971832275 5.83683633804321 5.42718029022217 5.2309136390686 4.97945213317871 4.70117473602295 4.56310844421387 4.42317724227905 4.3591456413269 4.32811784744263 4.30251026153564 4.28418111801147 4.26266860961914 4.24535083770752 4.24146270751953 4.27244329452515 4.27439069747925 4.26702499389648 4.25863170623779 4.26355409622192 4.26521253585815 4.26616048812866 4.26775598526001 4.31087112426758 4.32137393951416 4.33024263381958 4.32672452926636 4.32770919799805 4.32112455368042 4.33101463317871 4.33262395858765 4.3302526473999 4.31821298599243 4.33419513702393 4.83878374099731 5.93394184112549
5.95709419250488 5.80636310577393 5.68984508514404 5.59213590621948 5.39621448516846 5.64522790908813 5.28506565093994 5.44994020462036 5.27690124511719 5.36658906936646 5.24731159210205 5.27315282821655 5.14773750305176 5.02524089813232 4.97891283035278 4.69962739944458 4.39065027236938 4.33767795562744 4.31793165206909 4.28826236724854 4.28000783920288 4.28024339675903 4.27123832702637 4.26132774353027 4.24730157852173 4.23447561264038 4.2417140007019 4.27282524108887 4.27037286758423 4.2686710357666 4.26568508148193 4.26552200317383 4.26582384109497 4.28238439559937 4.33034372329712 4.33672952651978 4.33810758590698 4.33657360076904 4.33513593673706 4.33177423477173 4.32874011993408 4.33217668533325 4.3339695930481 4.33515501022339 4.33424139022827 4.29096698760986 4.80140733718872
5.07912921905518 5.12224721908569 5.10717678070068 4.79558038711548 4.79170751571655 5.00387668609619 4.99464702606201 4.92675018310547 4.89289855957031 4.86948442459106 4.96291255950928 4.93853712081909 4.97988891601562 4.77937364578247 4.49546670913696 4.31673622131348 4.26645517349243 4.26497459411621 4.26939868927002 4.2722635269165 4.2765736579895 4.27706861495972 4.26039838790894 4.25548696517944 4.24535894393921 4.23930072784424 4.23266077041626 4.25063753128052 4.26107358932495 4.26576805114746 4.26750516891479 4.26599407196045 4.26560020446777 4.31246519088745 4.32777309417725 4.33717489242554 4.3397421836853 4.33916234970093 4.33503293991089 4.33390808105469 4.33170175552368 4.33206415176392 4.33406972885132 4.33526659011841 4.33602094650269 4.33268022537231 4.3607292175293
4.68195104598999 4.7206449508667 4.62668466567993 4.55408954620361 4.55163812637329 4.56801748275757 4.64473295211792 4.74571371078491 4.70738458633423 4.53831720352173 4.56261110305786 4.54964399337769 4.54716730117798 4.43459606170654 4.26539373397827 4.24160814285278 4.22685766220093 4.22771120071411 4.24300193786621 4.25724077224731 4.27440500259399 4.25322723388672 4.2477240562439 4.24797487258911 4.24517917633057 4.24078702926636 4.23669481277466 4.25333642959595 4.25963640213013 4.26562643051147 4.26573610305786 4.26767253875732 4.26496553421021 4.26545190811157 4.28416967391968 4.31631708145142 4.33181810379028 4.33945846557617 4.33856010437012 4.33606863021851 4.33325719833374 4.3331618309021 4.33400917053223 4.33479928970337 4.33553171157837 4.33597135543823 4.30803203582764
4.5328049659729 4.47071743011475 4.3658595085144 4.38147878646851 4.43618488311768 4.41756820678711 4.37756490707397 4.45427465438843 4.42996788024902 4.41728496551514 4.38245820999146 4.32471513748169 4.25991630554199 4.24146604537964 4.22587490081787 4.22694492340088 4.22696781158447 4.22587251663208 4.22723054885864 4.23046636581421 4.23375511169434 4.23625659942627 4.23896551132202 4.24059867858887 4.24540996551514 4.24925994873047 4.2572546005249 4.25411462783813 4.26053953170776 4.26543140411377 4.26731443405151 4.26813125610352 4.26648712158203 4.26717233657837 4.28222179412842 4.28341102600098 4.32463645935059 4.33688163757324 4.34094524383545 4.33747577667236 4.334312915802 4.33439064025879 4.33532190322876 4.33541250228882 4.33507061004639 4.33442497253418 4.32969379425049
4.38256883621216 4.29964923858643 4.25156593322754 4.24652862548828 4.24470376968384 4.237624168396 4.26589345932007 4.3028302192688 4.29830169677734 4.27781629562378 4.24087238311768 4.22620582580566 4.22287034988403 4.22652721405029 4.22683477401733 4.21932315826416 4.21356534957886 4.21802282333374 4.22161865234375 4.22196817398071 4.22607517242432 4.23560619354248 4.23753976821899 4.23627471923828 4.25650644302368 4.25237798690796 4.25527000427246 4.26156568527222 4.26689529418945 4.26956939697266 4.26730966567993 4.26890420913696 4.26893901824951 4.2682671546936 4.26826524734497 4.26834106445312 4.32575988769531 4.33528709411621 4.34072923660278 4.33790493011475 4.33574056625366 4.33550119400024 4.33478021621704 4.33346748352051 4.33263731002808 4.33238315582275 4.33309125900269
4.31440877914429 4.2848653793335 4.2976245880127 4.27831649780273 4.23671340942383 4.25402402877808 4.2283034324646 4.24377918243408 4.25937938690186 4.24210691452026 4.23160219192505 4.24122333526611 4.25973320007324 4.24584341049194 4.23862791061401 4.23079490661621 4.26404190063477 4.27825021743774 4.27223587036133 4.256591796875 4.23061752319336 4.22997808456421 4.23551177978516 4.23883056640625 4.25700283050537 4.26094579696655 4.26725578308105 4.27012395858765 4.27228450775146 4.26893949508667 4.26910305023193 4.26885509490967 4.26805734634399 4.26861906051636 4.26862764358521 4.26869773864746 4.31864261627197 4.340003490448 4.34061574935913 4.33827829360962 4.33631944656372 4.33377647399902 4.33143043518066 4.32956838607788 4.32793951034546 4.32849311828613 4.32958841323853
4.30486440658569 4.29341506958008 4.28875780105591 4.25647687911987 4.23061037063599 4.22887706756592 4.23216104507446 4.22981739044189 4.22846364974976 4.24265813827515 4.25229120254517 4.27716779708862 4.27610731124878 4.2722692489624 4.27687120437622 4.27695798873901 4.27548885345459 4.27250289916992 4.27158260345459 4.27760028839111 4.25648880004883 4.23771286010742 4.23439884185791 4.23602914810181 4.25402021408081 4.26532316207886 4.270432472229 4.27315521240234 4.27455568313599 4.27246761322021 4.27023601531982 4.26983261108398 4.27208709716797 4.2713189125061 4.26957368850708 4.26926565170288 4.32453441619873 4.3412652015686 4.34108257293701 4.33906126022339 4.33558464050293 4.33011102676392 4.33084392547607 4.3307032585144 4.32607746124268 4.32305002212524 4.32332134246826
4.29220914840698 4.27548503875732 4.26050806045532 4.25163173675537 4.23532485961914 4.24104309082031 4.23652505874634 4.23482418060303 4.24059867858887 4.27318334579468 4.27624797821045 4.27350854873657 4.27200698852539 4.27168130874634 4.272292137146 4.27232837677002 4.27269411087036 4.27238655090332 4.27308940887451 4.27560043334961 4.27661848068237 4.26311683654785 4.24105310440063 4.23958444595337 4.2469162940979 4.26651239395142 4.2725191116333 4.27228689193726 4.27484178543091 4.2741527557373 4.27304840087891 4.27571964263916 4.27502155303955 4.27119922637939 4.26865386962891 4.26839971542358 4.32646512985229 4.34115266799927 4.34139251708984 4.33907890319824 4.33482694625854 4.33496332168579 4.33816242218018 4.3375096321106 4.3300347328186 4.31476068496704 4.3099946975708
4.25736856460571 4.24583530426025 4.24116182327271 4.23911905288696 4.24086713790894 4.24182319641113 4.24826240539551 4.25612497329712 4.2731671333313 4.2729754447937 4.27198076248169 4.27153968811035 4.27480125427246 4.2737979888916 4.27424335479736 4.27443265914917 4.27542686462402 4.27439022064209 4.27560377120972 4.27623748779297 4.27559423446655 4.27590847015381 4.26887559890747 4.2676796913147 4.27107334136963 4.27243947982788 4.27357864379883 4.27534294128418 4.27442121505737 4.2743673324585 4.27542734146118 4.2759051322937 4.27366161346436 4.27059841156006 4.2687554359436 4.29499197006226 4.33700466156006 4.34023189544678 4.34210205078125 4.34225940704346 4.34293508529663 4.34517955780029 4.34742832183838 4.34604740142822 4.34265756607056 4.32390213012695 4.31168413162231
4.23984527587891 4.23412799835205 4.23314762115479 4.23698711395264 4.24180841445923 4.24454736709595 4.27012205123901 4.275559425354 4.27395963668823 4.2820258140564 4.32212781906128 4.34006690979004 4.32012224197388 4.32708358764648 4.31701803207397 4.30076837539673 4.28595972061157 4.27868938446045 4.27760791778564 4.27534151077271 4.27663516998291 4.27533292770386 4.27634477615356 4.27599573135376 4.27648258209229 4.27694320678711 4.27563762664795 4.27453422546387 4.27372407913208 4.2741904258728 4.2741847038269 4.2762451171875 4.28851079940796 4.30682802200317 4.32714605331421 4.33578968048096 4.33822393417358 4.34047889709473 4.34139490127563 4.34226608276367 4.34511661529541 4.34727048873901 4.34703063964844 4.34844017028809 4.3506932258606 4.348388671875 4.32704067230225
4.23326969146729 4.23204803466797 4.23326015472412 4.23698377609253 4.24028539657593 4.24410200119019 4.31308841705322 4.33189153671265 4.33069038391113 4.33840608596802 4.34176683425903 4.34175062179565 4.33512783050537 4.33378410339355 4.33431816101074 4.32891798019409 4.32914400100708 4.32431077957153 4.30347776412964 4.27523469924927 4.27592515945435 4.27670764923096 4.27688217163086 4.27865505218506 4.27723217010498 4.27651119232178 4.27515745162964 4.27300453186035 4.27367210388184 4.27390909194946 4.29022121429443 4.32824182510376 4.33598375320435 4.33810901641846 4.3394980430603 4.33934688568115 4.33821678161621 4.33817863464355 4.33980131149292 4.34016704559326 4.34165048599243 4.34095573425293 4.34128618240356 4.3445200920105 4.34925556182861 4.35421085357666 4.3520770072937
4.2290210723877 4.23067045211792 4.23391580581665 4.24569272994995 4.25940799713135 4.314208984375 4.34028100967407 4.34292888641357 4.34494161605835 4.34576749801636 4.34788417816162 4.34801483154297 4.33787488937378 4.32812690734863 4.32931756973267 4.32756233215332 4.32457494735718 4.32197523117065 4.31245374679565 4.32063388824463 4.29596185684204 4.28096103668213 4.27687072753906 4.27677202224731 4.27787160873413 4.27791213989258 4.27668285369873 4.27429056167603 4.27679443359375 4.2992115020752 4.33055734634399 4.33739185333252 4.33707141876221 4.3363881111145 4.33673238754272 4.3364086151123 4.3384804725647 4.33829784393311 4.33879089355469 4.34050750732422 4.33843278884888 4.33897829055786 4.34055280685425 4.34319067001343 4.3476037979126 4.35235691070557 4.35535526275635
4.22989273071289 4.23395538330078 4.26193952560425 4.33004379272461 4.34432888031006 4.34580230712891 4.34456729888916 4.34366083145142 4.34505891799927 4.34631299972534 4.34775733947754 4.34888696670532 4.34403705596924 4.33429336547852 4.33070945739746 4.3288631439209 4.32503461837769 4.32187366485596 4.32387828826904 4.32526683807373 4.32147789001465 4.30776405334473 4.30095624923706 4.30118751525879 4.30643129348755 4.30323076248169 4.30740880966187 4.30862665176392 4.32379245758057 4.33364915847778 4.3388934135437 4.33951425552368 4.3379111289978 4.33744430541992 4.33650541305542 4.33591556549072 4.33813047409058 4.34094381332397 4.342200756073 4.34254550933838 4.33904314041138 4.33990144729614 4.34213829040527 4.3449068069458 4.34688329696655 4.3508415222168 4.35371780395508
4.25209951400757 4.2677116394043 4.33292531967163 4.34425830841064 4.34437322616577 4.34634208679199 4.34657859802246 4.34438419342041 4.34257459640503 4.34459209442139 4.34723806381226 4.34578275680542 4.34231281280518 4.3394021987915 4.33370542526245 4.33142518997192 4.33214950561523 4.3318395614624 4.32759475708008 4.32825565338135 4.33414745330811 4.33102035522461 4.3363733291626 4.33652973175049 4.33177328109741 4.33386468887329 4.32755851745605 4.33106517791748 4.3343620300293 4.3404688835144 4.34387445449829 4.34445428848267 4.34372806549072 4.34298658370972 4.34150648117065 4.33840751647949 4.33959245681763 4.34301948547363 4.34558248519897 4.34357023239136 4.34018278121948 4.34101104736328 4.3438138961792 4.34558343887329 4.34627246856689 4.34922647476196 4.35163927078247
4.3200306892395 4.33650398254395 4.3424859046936 4.34468078613281 4.34700965881348 4.34961700439453 4.34853553771973 4.34478187561035 4.3420786857605 4.34555673599243 4.34709978103638 4.34258413314819 4.3398118019104 4.3406834602356 4.33747959136963 4.33240795135498 4.33244514465332 4.33292007446289 4.33250522613525 4.33518409729004 4.33381938934326 4.33270740509033 4.33422994613647 4.33398866653442 4.33524131774902 4.33437919616699 4.33676290512085 4.33974742889404 4.34338235855103 4.34601259231567 4.3480372428894 4.3493537902832 4.35036993026733 4.35131692886353 4.35067081451416 4.34751844406128 4.34368324279785 4.34385061264038 4.34648180007935 4.34452533721924 4.34168529510498 4.34099388122559 4.34318780899048 4.345139503479 4.34700536727905 4.35010623931885 4.35037279129028
4.33964395523071 4.34261035919189 4.34656476974487 4.34844636917114 4.35083150863647 4.35132312774658 4.34884119033813 4.34490442276001 4.34375810623169 4.34706830978394 4.34778594970703 4.34336280822754 4.33798599243164 4.34134912490845 4.34114789962769 4.33354616165161 4.33162546157837 4.33163166046143 4.33126020431519 4.33360147476196 4.33864212036133 4.34102439880371 4.3411717414856 4.34075784683228 4.34109973907471 4.34106206893921 4.34309911727905 4.348388671875 4.34884405136108 4.3499231338501 4.35079956054688 4.35209798812866 4.35281562805176 4.35216045379639 4.35088968276978 4.35222625732422 4.35181713104248 4.3484263420105 4.3469033241272 4.34611845016479 4.34472370147705 4.34333324432373 4.34338665008545 4.34451532363892 4.34816694259644 4.34891414642334 4.34613418579102
4.34577560424805 4.34829711914062 4.35021305084229 4.35256814956665 4.35287523269653 4.35151147842407 4.34779787063599 4.34626960754395 4.34841203689575 4.35015344619751 4.35210609436035 4.34855365753174 4.34147930145264 4.33949518203735 4.34429550170898 4.34150171279907 4.33845710754395 4.33644485473633 4.33078527450562 4.33085870742798 4.33412027359009 4.33998250961304 4.34223079681396 4.34271097183228 4.34267711639404 4.34312438964844 4.3468074798584 4.35219430923462 4.35260391235352 4.35361003875732 4.35212898254395 4.34981107711792 4.34950685501099 4.34903573989868 4.34635591506958 4.34491205215454 4.34812116622925 4.34866189956665 4.34771299362183 4.34572076797485 4.33756065368652 4.336097240448 4.3365044593811 4.33799314498901 4.33563947677612 4.32537651062012 4.33002471923828
