Ecospace-environmental-drivers/Outputs/ASCII-for-ecospace/Temp-bot/Temp-bot_X2017.09.asc
NCOLS 131 
NROWS 53 
XLLCORNER -98 
YLLCORNER 23.9265270233154 
CELLSIZE 0.133587792515755 
NODATA_value -3.4e+38 
[rows 21 to 41 of 53, columns 47 to 93 of 131]
20.8162784576416 20.194278717041 19.8438034057617 19.8516826629639 19.9403476715088 20.3350238800049 19.5386257171631 19.4822616577148 19.3058071136475 17.4000701904297 15.0970163345337 13.9306259155273 11.6567106246948 9.38993835449219 7.61276483535767 6.36454582214355 5.34914302825928 5.24210548400879 5.31522130966187 5.17798900604248 4.5661678314209 4.38998365402222 4.30662631988525 4.30574321746826 4.28136205673218 4.25144529342651 4.24086427688599 4.23732471466064 4.24805927276611 4.28465175628662 4.28471708297729 4.27579736709595 4.27936601638794 4.2758903503418 4.27378511428833 4.26977443695068 4.26074600219727 4.32673120498657 4.76204919815063 5.24574089050293 5.63509178161621 6.05054998397827 6.56569957733154 7.32521724700928 8.18234729766846 9.18055057525635 10.4277944564819
17.8856925964355 17.2477989196777 16.8118209838867 16.5709648132324 17.068868637085 16.2143859863281 13.0609321594238 14.6667032241821 12.7374849319458 10.3693733215332 9.62301445007324 8.81049919128418 8.14974594116211 7.03887319564819 6.27471590042114 6.12061071395874 5.2969856262207 5.15157604217529 4.71346044540405 4.77312755584717 4.548828125 4.345046043396 4.29701948165894 4.26163625717163 4.24453783035278 4.23720550537109 4.23671579360962 4.23868846893311 4.26305675506592 4.28174686431885 4.2770471572876 4.27529335021973 4.27137136459351 4.27011060714722 4.26957559585571 4.26882982254028 4.26770305633545 4.26941537857056 4.26557111740112 4.237060546875 4.40516138076782 4.60063409805298 5.01513242721558 5.70404720306396 6.63717365264893 7.2946834564209 8.37825107574463
12.6785898208618 12.5534496307373 12.7017307281494 11.9143562316895 10.9773015975952 9.98935222625732 10.0835933685303 8.42963695526123 7.26690435409546 6.83771514892578 6.71938037872314 6.90076923370361 6.38077116012573 5.82667350769043 5.29836797714233 5.15762186050415 5.08456039428711 4.73060083389282 4.54506731033325 4.52638864517212 4.52696180343628 4.3787636756897 4.28877925872803 4.24656915664673 4.23592758178711 4.2340202331543 4.2348837852478 4.24494886398315 4.2792444229126 4.27496480941772 4.26988935470581 4.26994276046753 4.26625490188599 4.26369190216064 4.26300764083862 4.26475954055786 4.26381778717041 4.28076457977295 4.33684730529785 4.33577728271484 4.33101272583008 4.32842969894409 4.28208255767822 4.40237808227539 5.13148021697998 6.18673896789551 6.88522052764893
8.6597843170166 8.32806015014648 7.43373823165894 7.71021223068237 7.30223989486694 6.56809520721436 6.16872453689575 5.82121658325195 5.46576404571533 5.71417713165283 5.65758943557739 5.89140367507935 5.28893995285034 5.04251384735107 4.92689371109009 4.90644454956055 4.70657348632812 4.58539628982544 4.52189636230469 4.40125036239624 4.34760618209839 4.30625009536743 4.27168560028076 4.24353885650635 4.23227071762085 4.23927736282349 4.27766942977905 4.28365707397461 4.2829065322876 4.27131986618042 4.26922607421875 4.26686716079712 4.26460123062134 4.26279497146606 4.30672740936279 4.32030773162842 4.33229732513428 4.32999849319458 4.33782339096069 4.33648920059204 4.33599615097046 4.33673048019409 4.33897399902344 4.3209810256958 4.29071283340454 4.73601484298706 5.7234263420105
6.12526702880859 5.89307451248169 5.64029121398926 5.4536452293396 5.19649744033813 5.47767639160156 5.07794761657715 5.17662000656128 5.01574325561523 5.01676654815674 4.93801784515381 4.88182401657104 4.90175580978394 4.91792774200439 4.87057447433472 4.67318534851074 4.4011344909668 4.3821907043457 4.36509704589844 4.30128335952759 4.27583169937134 4.26651287078857 4.25161170959473 4.23730516433716 4.23444414138794 4.23495006561279 4.2488751411438 4.28553104400635 4.28581476211548 4.27961158752441 4.27101850509644 4.26595830917358 4.26470041275024 4.27892065048218 4.33778095245361 4.3394513130188 4.33967638015747 4.34056425094604 4.33794355392456 4.33836555480957 4.33564805984497 4.33346939086914 4.33474397659302 4.33972454071045 4.33894443511963 4.26607084274292 4.64192008972168
5.1083345413208 5.17565488815308 5.11765336990356 4.69332695007324 4.74199199676514 4.96524286270142 4.95204877853394 4.86881828308105 5.00292158126831 4.85994672775269 4.91679620742798 4.81477880477905 4.87597846984863 4.71140336990356 4.45736122131348 4.30300760269165 4.26194715499878 4.2617244720459 4.26732444763184 4.26998615264893 4.26149892807007 4.26026678085327 4.23648929595947 4.23397016525269 4.2365460395813 4.23819065093994 4.23646450042725 4.26655578613281 4.27174758911133 4.27121639251709 4.26846408843994 4.26687049865723 4.26590776443481 4.31570863723755 4.3404221534729 4.3310170173645 4.3400616645813 4.33877229690552 4.33739376068115 4.33375835418701 4.34035205841064 4.33871746063232 4.33445358276367 4.33796739578247 4.34159326553345 4.33785676956177 4.29647254943848
4.63814306259155 4.68713712692261 4.56177139282227 4.40446186065674 4.50400257110596 4.60121440887451 4.67486572265625 4.80341672897339 4.798499584198 4.62817907333374 4.6033239364624 4.56099510192871 4.53697538375854 4.42778396606445 4.26257991790771 4.24686431884766 4.23766899108887 4.2374153137207 4.24698209762573 4.25243330001831 4.25638389587402 4.23913240432739 4.2318320274353 4.23906135559082 4.23689222335815 4.23668766021729 4.23921203613281 4.26564359664917 4.26510524749756 4.26610803604126 4.26704883575439 4.26862859725952 4.27052974700928 4.27131652832031 4.29284048080444 4.33550977706909 4.33872652053833 4.33935546875 4.33993768692017 4.32830810546875 4.33548879623413 4.34247493743896 4.33584928512573 4.33716726303101 4.34126901626587 4.34176778793335 4.29583549499512
4.57689952850342 4.44894933700562 4.35883617401123 4.43035459518433 4.4663610458374 4.40724086761475 4.43615913391113 4.57064485549927 4.59155750274658 4.59980726242065 4.51545667648315 4.36077880859375 4.27108526229858 4.25392627716064 4.24179267883301 4.23983430862427 4.23890495300293 4.23848152160645 4.2379412651062 4.23787593841553 4.23900938034058 4.23336172103882 4.23068571090698 4.23540353775024 4.2429723739624 4.25210809707642 4.26010131835938 4.26039505004883 4.26198816299438 4.26652336120605 4.27109432220459 4.27346515655518 4.27521896362305 4.27645349502563 4.29024744033813 4.29607009887695 4.33328247070312 4.33900117874146 4.33913707733154 4.3306770324707 4.33614063262939 4.34236621856689 4.33501005172729 4.33634567260742 4.340407371521 4.34108591079712 4.33225631713867
4.3770432472229 4.36333894729614 4.35859107971191 4.35628271102905 4.3536319732666 4.34975576400757 4.36827278137207 4.38710498809814 4.36884737014771 4.35913228988647 4.27879667282104 4.24833631515503 4.24382543563843 4.24085283279419 4.23942089080811 4.24103927612305 4.24394273757935 4.24571800231934 4.24437761306763 4.23934650421143 4.23313760757446 4.22978734970093 4.2301287651062 4.24057531356812 4.25869369506836 4.25733947753906 4.25785684585571 4.26064586639404 4.26688146591187 4.27362108230591 4.27760601043701 4.27948141098022 4.28017854690552 4.27899980545044 4.27747583389282 4.2769193649292 4.32367467880249 4.33730459213257 4.33805704116821 4.3408031463623 4.34405374526978 4.34365749359131 4.33645963668823 4.33008813858032 4.33713722229004 4.33646821975708 4.33068084716797
4.36442470550537 4.35932207107544 4.30330657958984 4.3066873550415 4.34154748916626 4.33090209960938 4.35148048400879 4.3634147644043 4.36397933959961 4.27763175964355 4.24736785888672 4.2539210319519 4.26494216918945 4.25219917297363 4.25348806381226 4.25615453720093 4.27207708358765 4.266921043396 4.26317310333252 4.26109600067139 4.24207067489624 4.23390197753906 4.23756265640259 4.24210405349731 4.26176261901855 4.26268196105957 4.26260805130005 4.26527404785156 4.27041864395142 4.27512645721436 4.27882719039917 4.27971267700195 4.27656936645508 4.27283334732056 4.27260732650757 4.27485942840576 4.31827926635742 4.33819341659546 4.34012079238892 4.34243059158325 4.33910417556763 4.33366918563843 4.33810949325562 4.32828235626221 4.32271480560303 4.31674003601074 4.31048583984375
4.30928707122803 4.36052989959717 4.31997156143188 4.31055212020874 4.34051609039307 4.34155893325806 4.34575128555298 4.35396432876587 4.35660982131958 4.25913572311401 4.26018333435059 4.28097295761108 4.27149200439453 4.26980447769165 4.27860832214355 4.27460289001465 4.26173114776611 4.25934505462646 4.25817203521729 4.25432062149048 4.25687265396118 4.24618482589722 4.24227666854858 4.24054527282715 4.25768232345581 4.26449632644653 4.26623916625977 4.2692346572876 4.27357053756714 4.27747344970703 4.27874088287354 4.27592945098877 4.26975059509277 4.26833438873291 4.26980781555176 4.27318000793457 4.326735496521 4.33986902236938 4.34246110916138 4.34407901763916 4.32943725585938 4.30875825881958 4.32966470718384 4.33545017242432 4.32869434356689 4.31685924530029 4.30730104446411
4.36465501785278 4.3552713394165 4.34678888320923 4.29043197631836 4.33589458465576 4.29342746734619 4.27526807785034 4.27570724487305 4.27253437042236 4.27883100509644 4.27126693725586 4.25719213485718 4.25789642333984 4.26376295089722 4.26763963699341 4.26269960403442 4.25932645797729 4.26149797439575 4.26356315612793 4.2591233253479 4.26133346557617 4.26034450531006 4.25183820724487 4.25424242019653 4.26093149185181 4.27444887161255 4.27569341659546 4.27801179885864 4.27789211273193 4.27680826187134 4.27442979812622 4.26978254318237 4.26824426651001 4.26818656921387 4.2690806388855 4.27009725570679 4.32551431655884 4.33822774887085 4.3392596244812 4.34140396118164 4.34243249893188 4.31760406494141 4.3091025352478 4.32620334625244 4.33666896820068 4.33322095870972 4.32251358032227
4.29241800308228 4.27838373184204 4.27069902420044 4.27491140365601 4.28625822067261 4.27056169509888 4.26519346237183 4.26800203323364 4.27199220657349 4.26751804351807 4.2648549079895 4.26453065872192 4.26505184173584 4.26855611801147 4.26959896087646 4.26997900009155 4.26912212371826 4.26666831970215 4.26857042312622 4.26459407806396 4.26925039291382 4.27106952667236 4.26882028579712 4.2698802947998 4.27630615234375 4.2797703742981 4.27793264389038 4.27530860900879 4.27281808853149 4.27144432067871 4.27102327346802 4.26989603042603 4.27037858963013 4.26960611343384 4.26927614212036 4.29469394683838 4.33463716506958 4.33634042739868 4.33735370635986 4.34089851379395 4.34470415115356 4.33683109283447 4.31448650360107 4.30928945541382 4.32087516784668 4.33313035964966 4.33498430252075
4.27167558670044 4.26959466934204 4.26825952529907 4.26958513259888 4.26928186416626 4.2631950378418 4.2700662612915 4.27376222610474 4.26979446411133 4.27710723876953 4.3092303276062 4.32389783859253 4.31053066253662 4.31852865219116 4.31426811218262 4.29401731491089 4.28199911117554 4.27485990524292 4.27410554885864 4.27006959915161 4.27189302444458 4.27297306060791 4.27450275421143 4.27298641204834 4.27524995803833 4.27581977844238 4.27416467666626 4.27238798141479 4.27290439605713 4.27136278152466 4.27361869812012 4.27515888214111 4.28995323181152 4.30874967575073 4.32713747024536 4.33380031585693 4.33450174331665 4.33527898788452 4.33708477020264 4.33964395523071 4.3438138961792 4.34060764312744 4.32657480239868 4.30807876586914 4.30742073059082 4.31847763061523 4.33336353302002
4.26887893676758 4.26848077774048 4.26706886291504 4.26949691772461 4.27003860473633 4.26255178451538 4.30482292175293 4.32209014892578 4.32308053970337 4.32963514328003 4.33903884887695 4.34183359146118 4.34079504013062 4.33874654769897 4.33510398864746 4.3323860168457 4.3273811340332 4.32238340377808 4.30284023284912 4.27223062515259 4.27205467224121 4.27333736419678 4.27479076385498 4.27563428878784 4.27567958831787 4.27379083633423 4.27112579345703 4.27419281005859 4.27395009994507 4.27486848831177 4.29196357727051 4.32687711715698 4.33456802368164 4.33678007125854 4.33769559860229 4.33633184432983 4.3329005241394 4.33048534393311 4.33256483078003 4.33655166625977 4.34030723571777 4.34477424621582 4.33050870895386 4.31123447418213 4.30391454696655 4.309898853302 4.3296365737915
4.27113246917725 4.27106809616089 4.26985263824463 4.27212572097778 4.27912855148315 4.3140230178833 4.33557176589966 4.33967447280884 4.34521102905273 4.33978080749512 4.33082246780396 4.32761144638062 4.32821559906006 4.33807945251465 4.3428692817688 4.34089374542236 4.33819532394409 4.33505296707153 4.33163690567017 4.31852436065674 4.29022169113159 4.27418756484985 4.27382373809814 4.27365159988403 4.27278804779053 4.27079391479492 4.27068185806274 4.27061653137207 4.27592992782593 4.29959630966187 4.32727909088135 4.33262872695923 4.33511257171631 4.33705472946167 4.33831405639648 4.33812952041626 4.33734941482544 4.33615732192993 4.33750152587891 4.33923959732056 4.33982467651367 4.34501934051514 4.33394289016724 4.32330274581909 4.32017612457275 4.32729721069336 4.33558797836304
4.27082967758179 4.27195072174072 4.28058099746704 4.33064794540405 4.34348917007446 4.34727907180786 4.35163021087646 4.3531813621521 4.3467435836792 4.32489013671875 4.32592296600342 4.32607841491699 4.32200479507446 4.32212734222412 4.3291482925415 4.33920812606812 4.34412240982056 4.34211444854736 4.33768081665039 4.33304071426392 4.32833385467529 4.31433629989624 4.29186105728149 4.30704784393311 4.30756425857544 4.29613065719604 4.30633163452148 4.30830097198486 4.32384395599365 4.33338165283203 4.33631944656372 4.33935260772705 4.34112215042114 4.34317016601562 4.34380626678467 4.34333229064941 4.34216117858887 4.34154939651489 4.34116840362549 4.34052705764771 4.34001111984253 4.34138917922974 4.32537603378296 4.32901906967163 4.33259916305542 4.33538722991943 4.3362979888916
4.27140378952026 4.28043651580811 4.33739137649536 4.35278129577637 4.35621643066406 4.35766363143921 4.35869932174683 4.35052967071533 4.32842350006104 4.32695913314819 4.32723712921143 4.32126045227051 4.31737804412842 4.31759214401245 4.32040596008301 4.33227300643921 4.3479175567627 4.34691524505615 4.34355926513672 4.34104204177856 4.33851146697998 4.33569955825806 4.33296632766724 4.33234691619873 4.33286619186401 4.3331298828125 4.33394622802734 4.33620405197144 4.33817720413208 4.34059381484985 4.34392309188843 4.3464822769165 4.34670400619507 4.3470573425293 4.34643983840942 4.34356784820557 4.34231472015381 4.34201860427856 4.34216213226318 4.34127187728882 4.33887195587158 4.34125185012817 4.33298444747925 4.31617593765259 4.3145489692688 4.31768703460693 4.31528091430664
4.33113527297974 4.34649515151978 4.35339450836182 4.35694026947021 4.34459352493286 4.3373851776123 4.33375263214111 4.32924652099609 4.32908725738525 4.32845449447632 4.32643604278564 4.32150363922119 4.32063007354736 4.32224655151367 4.33265399932861 4.33853387832642 4.3349814414978 4.33181238174438 4.33178424835205 4.34452629089355 4.34752988815308 4.34592247009277 4.34331083297729 4.34190225601196 4.34291887283325 4.34093284606934 4.34221696853638 4.3431544303894 4.34371280670166 4.34582328796387 4.34094333648682 4.33845281600952 4.34390926361084 4.34969854354858 4.34761381149292 4.34367990493774 4.34059238433838 4.33984565734863 4.33997011184692 4.33985137939453 4.33974266052246 4.34024524688721 4.34306526184082 4.32947397232056 4.3115439414978 4.30425214767456 4.30203866958618
4.34706401824951 4.34832954406738 4.34722471237183 4.33820962905884 4.33152484893799 4.32991361618042 4.33030128479004 4.33067178726196 4.32833909988403 4.32654714584351 4.32448863983154 4.32197237014771 4.32363367080688 4.32641649246216 4.32790374755859 4.32620573043823 4.32454538345337 4.32395696640015 4.322425365448 4.32720279693604 4.34132957458496 4.34238243103027 4.34014415740967 4.32775592803955 4.32007455825806 4.32162475585938 4.32884216308594 4.3431191444397 4.33562660217285 4.32744932174683 4.33069229125977 4.33168411254883 4.33875560760498 4.35184669494629 4.35035228729248 4.34636783599854 4.34164333343506 4.33984088897705 4.33882093429565 4.33767509460449 4.33974456787109 4.34212636947632 4.34414672851562 4.34410285949707 4.32888126373291 4.3133373260498 4.3076286315918
4.33304262161255 4.3344030380249 4.33557987213135 4.33344984054565 4.33320188522339 4.33381748199463 4.33251285552979 4.32986736297607 4.32556867599487 4.32270002365112 4.32105684280396 4.32037162780762 4.32087230682373 4.32341194152832 4.32573509216309 4.32717895507812 4.32958030700684 4.33046388626099 4.33011960983276 4.33171463012695 4.33333206176758 4.33393287658691 4.33200740814209 4.3193564414978 4.31573581695557 4.32239389419556 4.33323287963867 4.33776330947876 4.33219003677368 4.32446908950806 4.32911109924316 4.32951307296753 4.3282208442688 4.35053873062134 4.35322999954224 4.34935188293457 4.34534883499146 4.34267282485962 4.33960008621216 4.33786630630493 4.33920764923096 4.34344148635864 4.34562158584595 4.34742546081543 4.34797716140747 4.33656549453735 4.3198037147522
