Ecospace-environmental-drivers/Outputs/ASCII-for-ecospace/Temp-bot/Temp-bot_X2006.12.asc
NCOLS 131 
NROWS 53 
XLLCORNER -98 
YLLCORNER 23.9265270233154 
CELLSIZE 0.133587792515755 
NODATA_value -3.4e+38 
[rows 21 to 41 of 53, columns 47 to 93 of 131]
19.7236328125 19.183069229126 19.0681705474854 19.2179393768311 19.420166015625 19.5381488800049 18.6881141662598 18.700288772583 18.5318698883057 17.1615409851074 14.4917125701904 13.4133653640747 11.4785432815552 9.11572551727295 7.22227621078491 5.85624313354492 5.07119560241699 4.82134199142456 4.83267736434937 4.70890951156616 4.40765333175659 4.33166027069092 4.29702615737915 4.29350519180298 4.27264738082886 4.25404596328735 4.25327491760254 4.25635051727295 4.26452875137329 4.27095174789429 4.26859092712402 4.27071809768677 4.27169036865234 4.27340173721313 4.27190589904785 4.27149677276611 4.26906633377075 4.32146024703979 4.75155591964722 5.16239738464355 5.38072681427002 5.66120481491089 5.99822902679443 6.65576601028442 7.5583381652832 8.78901195526123 10.258279800415
16.654260635376 16.0530433654785 16.0587730407715 16.1747379302979 16.8108005523682 15.7343797683716 12.7047872543335 13.7079954147339 12.1836204528809 9.92791652679443 9.12411880493164 8.35193061828613 8.07635402679443 6.78808498382568 6.02031183242798 5.63393115997314 4.9599084854126 4.71217012405396 4.50806617736816 4.53792762756348 4.37741327285767 4.31657552719116 4.2974910736084 4.26795816421509 4.25597524642944 4.25225591659546 4.25426244735718 4.2562952041626 4.26328754425049 4.26980447769165 4.27191543579102 4.27450561523438 4.27546548843384 4.27543878555298 4.27508878707886 4.27441215515137 4.27674102783203 4.2800235748291 4.26937484741211 4.24481010437012 4.37700414657593 4.53453779220581 4.82554054260254 5.36263275146484 6.00730085372925 6.33453369140625 7.70670175552368
11.6325082778931 11.2865867614746 11.7812652587891 11.0975608825684 10.5062036514282 9.43264007568359 9.55327320098877 8.07076168060303 6.75624704360962 6.43642616271973 6.42104578018188 6.78252410888672 6.1106162071228 5.63598680496216 5.21492481231689 5.03222322463989 4.84759092330933 4.56776142120361 4.4148416519165 4.38649082183838 4.36314535140991 4.32207441329956 4.30457210540771 4.2617769241333 4.25998020172119 4.2575511932373 4.25669193267822 4.26496028900146 4.26787567138672 4.27049446105957 4.27517747879028 4.27802753448486 4.27960634231567 4.27876710891724 4.27813148498535 4.27756357192993 4.27768087387085 4.28668212890625 4.28254413604736 4.28613090515137 4.28917789459229 4.29338884353638 4.28188753128052 4.38547801971436 4.83674335479736 5.68562698364258 6.23498725891113
7.45012855529785 7.48664999008179 6.91570997238159 7.48720073699951 7.25489091873169 6.60070610046387 6.10094547271729 5.63657283782959 5.29081010818481 5.56089019775391 5.53524684906006 5.70494318008423 5.1892671585083 5.02807950973511 4.9217734336853 4.88146781921387 4.57498121261597 4.48323678970337 4.39027118682861 4.35001802444458 4.32333374023438 4.30982351303101 4.30433464050293 4.2735333442688 4.25936603546143 4.25972414016724 4.26202583312988 4.26819038391113 4.26574087142944 4.27023839950562 4.27513217926025 4.27833461761475 4.28004932403564 4.2810001373291 4.30980682373047 4.29858493804932 4.30020618438721 4.29441738128662 4.28671884536743 4.29112529754639 4.30113983154297 4.30734777450562 4.30820274353027 4.29909420013428 4.29498624801636 4.64837026596069 5.47141122817993
5.64428615570068 5.47044992446899 5.42717266082764 5.32196044921875 5.13036012649536 5.47123622894287 4.99348402023315 5.19866466522217 4.99046754837036 5.01900720596313 4.99597644805908 5.00328493118286 4.98773908615112 4.95823192596436 4.89751720428467 4.60962820053101 4.37852001190186 4.34942436218262 4.34045743942261 4.32169008255005 4.31144571304321 4.30363178253174 4.30076742172241 4.29666709899902 4.26176071166992 4.25742721557617 4.2608814239502 4.2651801109314 4.26887226104736 4.272536277771 4.27573347091675 4.27647399902344 4.27818536758423 4.29637289047241 4.31609201431274 4.2892165184021 4.29284429550171 4.30119323730469 4.30471324920654 4.30538845062256 4.30997467041016 4.31137657165527 4.31264638900757 4.31574487686157 4.31862688064575 4.27626514434814 4.62773036956787
4.93157482147217 5.03889608383179 5.10377216339111 4.67289161682129 4.71396541595459 5.01110696792603 5.06816387176514 4.87843322753906 5.09298515319824 4.96447277069092 5.05765533447266 4.94905662536621 5.03833532333374 4.70628499984741 4.47483682632446 4.37190532684326 4.34989166259766 4.33778476715088 4.33052110671997 4.3206148147583 4.30849647521973 4.29887962341309 4.25930833816528 4.2506947517395 4.25354909896851 4.25600433349609 4.25752735137939 4.2618350982666 4.266921043396 4.27147912979126 4.27331256866455 4.27451515197754 4.27711725234985 4.33050966262817 4.32189321517944 4.29660511016846 4.30053091049194 4.30430364608765 4.308180809021 4.31746625900269 4.3223180770874 4.32313871383667 4.32002067565918 4.32425451278687 4.32886552810669 4.32145833969116 4.30172729492188
4.66220092773438 4.72055912017822 4.60007238388062 4.48992300033569 4.58212232589722 4.6574125289917 4.71987581253052 4.87290239334106 4.9372820854187 4.70611953735352 4.6686692237854 4.64147663116455 4.59041833877563 4.50287532806396 4.3488655090332 4.31352376937866 4.26017618179321 4.25688934326172 4.28483438491821 4.29538011550903 4.30929756164551 4.2551097869873 4.24923276901245 4.2535138130188 4.25422239303589 4.25548410415649 4.25790405273438 4.26360177993774 4.26829147338867 4.27044630050659 4.270827293396 4.27158451080322 4.27303552627563 4.27681016921997 4.28802871704102 4.29122400283813 4.29917049407959 4.30018901824951 4.30849409103394 4.33404922485352 4.35172653198242 4.35635232925415 4.357337474823 4.35578918457031 4.34547281265259 4.32796430587769 4.29617595672607
4.55797958374023 4.51210975646973 4.42836427688599 4.48295021057129 4.57626342773438 4.51141691207886 4.5533766746521 4.69531345367432 4.69472455978394 4.70327615737915 4.64190769195557 4.48246049880981 4.34255504608154 4.30937480926514 4.26657629013062 4.2610936164856 4.25640106201172 4.257004737854 4.25669574737549 4.25316429138184 4.25068378448486 4.24889659881592 4.25325965881348 4.25778007507324 4.26049089431763 4.26246070861816 4.26375532150269 4.26753044128418 4.26912832260132 4.26990413665771 4.27095699310303 4.27067375183105 4.27178955078125 4.27573680877686 4.28624486923218 4.28216457366943 4.29119396209717 4.31001138687134 4.33387565612793 4.35447025299072 4.35925245285034 4.36137580871582 4.36453723907471 4.36560487747192 4.34630680084229 4.32631015777588 4.32167387008667
4.40686559677124 4.4145622253418 4.39388513565063 4.3769006729126 4.39646148681641 4.4451150894165 4.49491119384766 4.54085683822632 4.54114770889282 4.49636697769165 4.32366418838501 4.27068471908569 4.26249742507935 4.26173973083496 4.26166343688965 4.25791454315186 4.2599835395813 4.26191139221191 4.26136350631714 4.25817060470581 4.25453042984009 4.25102663040161 4.25215339660645 4.25786876678467 4.26504993438721 4.26690053939819 4.26752614974976 4.26854133605957 4.26967859268188 4.27131986618042 4.27163457870483 4.27185201644897 4.2728853225708 4.27459239959717 4.27577543258667 4.27765989303589 4.2958722114563 4.33125734329224 4.34231328964233 4.35386896133423 4.35800886154175 4.36055135726929 4.36487627029419 4.3623046875 4.31155061721802 4.31652021408081 4.31531667709351
4.3546199798584 4.35263109207153 4.32361650466919 4.3303427696228 4.36440086364746 4.40159034729004 4.47147989273071 4.4859299659729 4.50559425354004 4.32632398605347 4.26894187927246 4.27469491958618 4.27433490753174 4.26862001419067 4.26434564590454 4.26163005828857 4.26540040969849 4.26769876480103 4.26919555664062 4.26394319534302 4.25851249694824 4.25543594360352 4.25466823577881 4.25751352310181 4.26516056060791 4.26865482330322 4.26904821395874 4.27041912078857 4.27216911315918 4.27339839935303 4.27294683456421 4.27185964584351 4.27158403396606 4.27292108535767 4.27424716949463 4.27600193023682 4.29571533203125 4.33129835128784 4.34313106536865 4.35719633102417 4.35887575149536 4.3617205619812 4.36502838134766 4.32873010635376 4.29153156280518 4.3092942237854 4.31339740753174
4.30271625518799 4.31336545944214 4.31760358810425 4.33302021026611 4.35302114486694 4.36429834365845 4.42746925354004 4.45674514770508 4.41203022003174 4.26594352722168 4.27312660217285 4.27821969985962 4.28071355819702 4.27715301513672 4.2723536491394 4.27113103866577 4.27321767807007 4.27591991424561 4.27294635772705 4.26796102523804 4.26366996765137 4.25935983657837 4.25684404373169 4.25718069076538 4.26207733154297 4.26716566085815 4.27017593383789 4.27237462997437 4.2737889289856 4.27456617355347 4.27378988265991 4.27202796936035 4.27132129669189 4.27261352539062 4.27358961105347 4.27542018890381 4.30173873901367 4.31007719039917 4.30046081542969 4.33556222915649 4.36164379119873 4.36087656021118 4.34688425064087 4.2926459312439 4.28874397277832 4.29568862915039 4.30733299255371
4.28159046173096 4.28117799758911 4.28721904754639 4.30070066452026 4.3149847984314 4.32437705993652 4.28525304794312 4.26078844070435 4.27672481536865 4.27737331390381 4.28041982650757 4.28581047058105 4.2867693901062 4.28467798233032 4.28121614456177 4.27949237823486 4.28044414520264 4.28209686279297 4.27865934371948 4.27413702011108 4.26841306686401 4.26980543136597 4.26008558273315 4.25807571411133 4.2594747543335 4.26252412796021 4.26498556137085 4.26803255081177 4.27054262161255 4.27200412750244 4.27278757095337 4.27308034896851 4.27408647537231 4.27566051483154 4.27615308761597 4.27679538726807 4.30425786972046 4.30198812484741 4.30228567123413 4.34056663513184 4.3567214012146 4.34832239151001 4.32726287841797 4.29576730728149 4.29743909835815 4.29451656341553 4.29588270187378
4.27893400192261 4.28151702880859 4.28433179855347 4.28783941268921 4.303542137146 4.30392456054688 4.2712197303772 4.27060890197754 4.2811450958252 4.2835431098938 4.28654432296753 4.28685760498047 4.28698825836182 4.28771209716797 4.28704118728638 4.28587675094604 4.28568458557129 4.28600454330444 4.28314685821533 4.28016424179077 4.27557754516602 4.27019071578979 4.26528024673462 4.26507806777954 4.26128244400024 4.26297855377197 4.26519441604614 4.26655864715576 4.26698541641235 4.26805400848389 4.27131938934326 4.27368402481079 4.27520370483398 4.27679204940796 4.27794504165649 4.29635047912598 4.30285358428955 4.29665231704712 4.30808162689209 4.34004259109497 4.33360433578491 4.33204078674316 4.3158860206604 4.29843235015869 4.30094575881958 4.29682540893555 4.29362106323242
4.2785325050354 4.28123760223389 4.28361845016479 4.2866268157959 4.28822040557861 4.27324485778809 4.28664541244507 4.29319286346436 4.28769731521606 4.29678201675415 4.33601331710815 4.35085201263428 4.32564973831177 4.33732128143311 4.33829116821289 4.31439638137817 4.29844570159912 4.28762149810791 4.28616237640381 4.28365993499756 4.27975034713745 4.27433443069458 4.27017545700073 4.26603746414185 4.26608896255493 4.2671914100647 4.26714181900024 4.26854038238525 4.26809310913086 4.26959419250488 4.27323913574219 4.27765655517578 4.28233766555786 4.28387022018433 4.29312038421631 4.29447031021118 4.29764032363892 4.29511213302612 4.31048393249512 4.32600879669189 4.30782556533813 4.32802295684814 4.31401300430298 4.30250358581543 4.30672454833984 4.30453634262085 4.29829168319702
4.27769231796265 4.28242683410645 4.28608465194702 4.28922033309937 4.27805948257446 4.26970529556274 4.33162260055542 4.34842300415039 4.34258079528809 4.34482145309448 4.34404802322388 4.32747077941895 4.31179761886597 4.31587076187134 4.32943391799927 4.35040044784546 4.35269975662231 4.34752607345581 4.32185506820679 4.28452014923096 4.28153562545776 4.27865695953369 4.27666616439819 4.27340078353882 4.27114582061768 4.27086591720581 4.27019882202148 4.27463722229004 4.27380132675171 4.27340221405029 4.29389333724976 4.31183767318726 4.29770803451538 4.28766489028931 4.29135704040527 4.29222631454468 4.29669570922852 4.29645967483521 4.30466318130493 4.31928157806396 4.30517435073853 4.32778596878052 4.31037330627441 4.30917453765869 4.32259321212769 4.31518936157227 4.30285215377808
4.27616453170776 4.28044891357422 4.28297328948975 4.28496789932251 4.28861808776855 4.32634305953979 4.33416557312012 4.32302665710449 4.31990003585815 4.32766246795654 4.33633661270142 4.32023477554321 4.3222827911377 4.32640647888184 4.32979488372803 4.34614229202271 4.3582820892334 4.35594034194946 4.35393047332764 4.34129476547241 4.30368328094482 4.28100347518921 4.28001117706299 4.2780613899231 4.27587366104126 4.27534246444702 4.27375936508179 4.27451467514038 4.2788519859314 4.30294847488403 4.32945919036865 4.33639049530029 4.3386812210083 4.34163808822632 4.35575294494629 4.35908269882202 4.34252023696899 4.32689714431763 4.32116651535034 4.32276105880737 4.31759929656982 4.3192138671875 4.31759643554688 4.32095098495483 4.32406568527222 4.31700706481934 4.30413818359375
4.27243852615356 4.27536916732788 4.29008150100708 4.33459234237671 4.33837795257568 4.33046531677246 4.32545900344849 4.31830644607544 4.31654119491577 4.3255443572998 4.32466411590576 4.3190860748291 4.32943630218506 4.33217716217041 4.33990669250488 4.35796165466309 4.36100816726685 4.35992240905762 4.35865592956543 4.35628175735474 4.35201740264893 4.33320713043213 4.30192565917969 4.32273530960083 4.32221126556396 4.30710458755493 4.32048225402832 4.32173299789429 4.33637428283691 4.32993173599243 4.33789157867432 4.3422703742981 4.34478187561035 4.34847116470337 4.35489273071289 4.36226654052734 4.36324167251587 4.36340951919556 4.35943078994751 4.36216068267822 4.3543815612793 4.31125926971436 4.3265118598938 4.32325553894043 4.31105995178223 4.3124942779541 4.30343627929688
4.27815914154053 4.29019498825073 4.33828687667847 4.33325862884521 4.33272838592529 4.33162927627563 4.328444480896 4.32222986221313 4.32031202316284 4.31847476959229 4.31907892227173 4.32912731170654 4.33404493331909 4.33841419219971 4.36198663711548 4.36592388153076 4.36429262161255 4.36458873748779 4.36341667175293 4.36155939102173 4.35918092727661 4.35606241226196 4.35372114181519 4.35367774963379 4.35380554199219 4.35353565216064 4.35426378250122 4.35480546951294 4.3554048538208 4.34975528717041 4.34574222564697 4.34640216827393 4.34778833389282 4.35037803649902 4.35509490966797 4.36092758178711 4.36353063583374 4.36334419250488 4.3625602722168 4.36185693740845 4.35812044143677 4.33782052993774 4.33585596084595 4.32244920730591 4.31320381164551 4.31644344329834 4.30827474594116
4.32846879959106 4.34050846099854 4.33614492416382 4.33157157897949 4.33444595336914 4.33472585678101 4.33321762084961 4.3287878036499 4.31711387634277 4.31605100631714 4.32558822631836 4.3317699432373 4.33908653259277 4.35513973236084 4.36701917648315 4.37066316604614 4.37026643753052 4.37038946151733 4.36953020095825 4.36742877960205 4.36587285995483 4.36308860778809 4.36057996749878 4.35930395126343 4.35989475250244 4.36066818237305 4.36077928543091 4.36081886291504 4.36119222640991 4.36280918121338 4.35812282562256 4.36126756668091 4.36189126968384 4.35750865936279 4.35960149765015 4.36623859405518 4.36783838272095 4.36622381210327 4.36497926712036 4.35980129241943 4.35221910476685 4.34708976745605 4.33801698684692 4.32692337036133 4.31616544723511 4.31500005722046 4.32151174545288
4.33175611495972 4.33433723449707 4.33390092849731 4.33249044418335 4.33564710617065 4.33625793457031 4.33506870269775 4.32939004898071 4.31608104705811 4.31112194061279 4.32088041305542 4.33466768264771 4.35011959075928 4.37074947357178 4.3749303817749 4.37573957443237 4.37573480606079 4.375412940979 4.37369680404663 4.37216901779175 4.37109231948853 4.36805820465088 4.36672019958496 4.36641931533813 4.36784410476685 4.36840391159058 4.36538934707642 4.3607120513916 4.36059379577637 4.36094045639038 4.35800981521606 4.36230611801147 4.3673357963562 4.36344909667969 4.35874652862549 4.36365556716919 4.36716604232788 4.369788646698 4.36871337890625 4.35548877716064 4.3517632484436 4.34674310684204 4.3446216583252 4.33557271957397 4.31882858276367 4.32230186462402 4.33237314224243
4.33119773864746 4.33362340927124 4.33401203155518 4.33383417129517 4.33680391311646 4.33785820007324 4.33505773544312 4.33068037033081 4.32127666473389 4.30597162246704 4.2981972694397 4.31668138504028 4.34955739974976 4.37078189849854 4.38021278381348 4.37863636016846 4.37737321853638 4.37994813919067 4.37868404388428 4.37816715240479 4.37619495391846 4.37402677536011 4.37378883361816 4.37435293197632 4.3749942779541 4.37491941452026 4.37474822998047 4.3671989440918 4.35974645614624 4.3449535369873 4.33298254013062 4.3352837562561 4.33663702011108 4.33096790313721 4.32337522506714 4.32829666137695 4.34544897079468 4.35405874252319 4.36559391021729 4.35166215896606 4.3514986038208 4.34946203231812 4.34756422042847 4.34070682525635 4.32392835617065 4.32472562789917 4.32982540130615
