Ecospace-environmental-drivers/Outputs/ASCII-for-ecospace/Temp-bot/Temp-bot_X1994.11.asc
NCOLS 131 
NROWS 53 
XLLCORNER -98 
YLLCORNER 23.9265270233154 
CELLSIZE 0.133587792515755 
NODATA_value -3.4e+38 
[rows 0 to 20 of 53, columns 47 to 93 of 131]
-3.4e+38 -3.4e+38 -3.4e+38 -3.4e+38 -3.4e+38 -3.4e+38 -3.4e+38 -3.4e+38 -3.4e+38 -3.4e+38 -3.4e+38 -3.4e+38 -3.4e+38 -3.4e+38 -3.4e+38 -3.4e+38 -3.4e+38 -3.4e+38 -3.4e+38 -3.4e+38 -3.4e+38 -3.4e+38 -3.4e+38 -3.4e+38 -3.4e+38 -3.4e+38 -3.4e+38 -3.4e+38 -3.4e+38 -3.4e+38 -3.4e+38 -3.4e+38 -3.4e+38 -3.4e+38 -3.4e+38 -3.4e+38 -3.4e+38 -3.4e+38 -3.4e+38 -3.4e+38 -3.4e+38 -3.4e+38 -3.4e+38 -3.4e+38 -3.4e+38 -3.4e+38 -3.4e+38
-3.4e+38 -3.4e+38 -3.4e+38 -3.4e+38 -3.4e+38 -3.4e+38 -3.4e+38 -3.4e+38 -3.4e+38 -3.4e+38 -3.4e+38 -3.4e+38 -3.4e+38 -3.4e+38 -3.4e+38 -3.4e+38 -3.4e+38 -3.4e+38 -3.4e+38 -3.4e+38 -3.4e+38 -3.4e+38 -3.4e+38 -3.4e+38 -3.4e+38 -3.4e+38 -3.4e+38 -3.4e+38 -3.4e+38 -3.4e+38 -3.4e+38 -3.4e+38 -3.4e+38 -3.4e+38 -3.4e+38 -3.4e+38 -3.4e+38 -3.4e+38 -3.4e+38 -3.4e+38 -3.4e+38 -3.4e+38 -3.4e+38 -3.4e+38 -3.4e+38 -3.4e+38 -3.4e+38
-3.4e+38 -3.4e+38 -3.4e+38 -3.4e+38 -3.4e+38 -3.4e+38 -3.4e+38 -3.4e+38 -3.4e+38 -3.4e+38 -3.4e+38 -3.4e+38 -3.4e+38 -3.4e+38 -3.4e+38 -3.4e+38 -3.4e+38 -3.4e+38 -3.4e+38 -3.4e+38 -3.4e+38 -3.4e+38 -3.4e+38 -3.4e+38 -3.4e+38 -3.4e+38 -3.4e+38 20.5564880371094 20.5538177490234 -3.4e+38 -3.4e+38 -3.4e+38 -3.4e+38 -3.4e+38 -3.4e+38 -3.4e+38 -3.4e+38 -3.4e+38 -3.4e+38 -3.4e+38 -3.4e+38 -3.4e+38 -3.4e+38 -3.4e+38 -3.4e+38 -3.4e+38 -3.4e+38
-3.4e+38 -3.4e+38 -3.4e+38 -3.4e+38 -3.4e+38 -3.4e+38 -3.4e+38 -3.4e+38 -3.4e+38 -3.4e+38 -3.4e+38 -3.4e+38 -3.4e+38 -3.4e+38 -3.4e+38 -3.4e+38 -3.4e+38 -3.4e+38 -3.4e+38 -3.4e+38 -3.4e+38 -3.4e+38 -3.4e+38 -3.4e+38 -3.4e+38 -3.4e+38 -3.4e+38 20.5608901977539 20.5669078826904 -3.4e+38 -3.4e+38 -3.4e+38 -3.4e+38 -3.4e+38 -3.4e+38 -3.4e+38 -3.4e+38 -3.4e+38 -3.4e+38 -3.4e+38 -3.4e+38 -3.4e+38 -3.4e+38 -3.4e+38 -3.4e+38 -3.4e+38 -3.4e+38
-3.4e+38 -3.4e+38 -3.4e+38 -3.4e+38 -3.4e+38 -3.4e+38 -3.4e+38 -3.4e+38 -3.4e+38 20.750358581543 20.750358581543 20.7557334899902 20.7823162078857 -3.4e+38 -3.4e+38 -3.4e+38 -3.4e+38 -3.4e+38 20.680347442627 20.6459293365479 20.6122570037842 20.6731948852539 20.7410869598389 20.9749317169189 20.9031219482422 20.8155212402344 20.767484664917 20.6025657653809 20.8379611968994 21.1044597625732 -3.4e+38 -3.4e+38 22.6573715209961 22.7828330993652 22.6154136657715 22.8984088897705 22.9736385345459 22.877721786499 22.8805561065674 23.0283527374268 22.9941749572754 22.9672813415527 -3.4e+38 -3.4e+38 -3.4e+38 -3.4e+38 -3.4e+38
-3.4e+38 -3.4e+38 -3.4e+38 -3.4e+38 -3.4e+38 -3.4e+38 -3.4e+38 -3.4e+38 20.750358581543 20.750358581543 20.750358581543 20.750358581543 20.7611083984375 20.7904624938965 20.8273334503174 -3.4e+38 20.793342590332 20.7502670288086 20.6816082000732 20.6435871124268 20.6321811676025 20.7801494598389 20.7155895233154 20.9931163787842 21.0778141021729 21.2257461547852 21.1975879669189 21.1708869934082 21.4688701629639 21.1917419433594 22.2591819763184 22.4445095062256 22.6684474945068 22.8591556549072 22.9883155822754 23.0817565917969 23.0886096954346 23.0663814544678 23.0534229278564 23.0298976898193 22.9751281738281 22.9819049835205 22.9179191589355 22.8383007049561 -3.4e+38 -3.4e+38 -3.4e+38
-3.4e+38 -3.4e+38 -3.4e+38 -3.4e+38 -3.4e+38 -3.4e+38 -3.4e+38 -3.4e+38 20.7695999145508 20.750358581543 20.750358581543 20.750358581543 20.750358581543 20.771858215332 20.8122978210449 20.8273334503174 20.8151836395264 20.7805824279785 20.7264919281006 20.5412845611572 20.6178951263428 20.9502983093262 21.4134826660156 21.8652744293213 21.9726810455322 22.0732822418213 22.1484775543213 22.1536636352539 22.3064613342285 22.4694881439209 22.6431140899658 22.8735332489014 23.033031463623 23.146577835083 23.150821685791 22.180736541748 21.1990509033203 21.4932498931885 21.9483451843262 22.0843257904053 22.1144332885742 22.430305480957 22.8208274841309 22.9331455230713 22.8045864105225 22.6950149536133 -3.4e+38
-3.4e+38 -3.4e+38 -3.4e+38 -3.4e+38 -3.4e+38 -3.4e+38 -3.4e+38 -3.4e+38 -3.4e+38 -3.4e+38 20.750358581543 20.750358581543 20.750358581543 -3.4e+38 20.7933578491211 20.8781394958496 20.9450569152832 20.9731693267822 20.8503723144531 20.7442626953125 20.8405838012695 21.1573295593262 21.5985717773438 22.2364292144775 22.6725234985352 22.8293571472168 22.8915843963623 22.9001865386963 22.9026126861572 22.9843254089355 23.1502285003662 23.309757232666 23.3701286315918 23.0832710266113 21.5813827514648 18.8759841918945 18.3330421447754 19.0481243133545 20.0807819366455 20.6038036346436 20.9733066558838 21.5388946533203 22.2810802459717 22.7906894683838 22.9944381713867 22.7135372161865 22.2674961090088
-3.4e+38 -3.4e+38 -3.4e+38 -3.4e+38 -3.4e+38 -3.4e+38 -3.4e+38 -3.4e+38 -3.4e+38 -3.4e+38 -3.4e+38 -3.4e+38 -3.4e+38 -3.4e+38 20.8091850280762 20.9749393463135 21.081672668457 21.0854377746582 21.0743465423584 21.0160617828369 21.0503330230713 21.2543678283691 21.8922595977783 22.3812923431396 23.1834163665771 23.4844608306885 23.496057510376 23.4604015350342 23.4566135406494 23.4875526428223 23.5592784881592 23.6233558654785 23.3454723358154 20.265645980835 18.2277088165283 17.119743347168 17.2990436553955 18.1643848419189 18.8877105712891 19.5814075469971 20.271993637085 21.4549160003662 21.8491859436035 22.2249965667725 22.7800540924072 23.0165691375732 22.6241035461426
21.3463325500488 -3.4e+38 -3.4e+38 -3.4e+38 -3.4e+38 -3.4e+38 -3.4e+38 -3.4e+38 -3.4e+38 -3.4e+38 21.4739322662354 21.2698650360107 -3.4e+38 -3.4e+38 -3.4e+38 21.179370880127 21.3541774749756 21.3607921600342 21.2319564819336 21.179967880249 21.1976737976074 21.524435043335 22.2824058532715 22.9383640289307 23.4141273498535 23.5757236480713 23.7088718414307 23.693531036377 23.7001094818115 23.7516593933105 23.754508972168 23.3852157592773 20.7620105743408 17.4205188751221 16.4182777404785 16.4319801330566 16.8647613525391 17.3245620727539 17.8540172576904 18.5312194824219 19.5950336456299 22.1203098297119 22.3297557830811 22.4614295959473 22.7966976165771 23.0866527557373 22.9800853729248
21.3242797851562 21.2862091064453 -3.4e+38 -3.4e+38 -3.4e+38 -3.4e+38 -3.4e+38 -3.4e+38 -3.4e+38 -3.4e+38 21.7706775665283 21.7971611022949 21.7893714904785 -3.4e+38 -3.4e+38 21.3495216369629 21.4090309143066 21.5040817260742 21.405969619751 21.3168621063232 21.3983154296875 22.068452835083 22.6720161437988 23.2552795410156 23.1778621673584 23.5065784454346 23.8360042572021 23.8436470031738 23.7807502746582 23.6911296844482 23.3239822387695 21.7299842834473 19.2573165893555 15.4167890548706 14.2806158065796 14.5673799514771 15.4597063064575 16.2872180938721 17.0578346252441 17.6594390869141 18.6403732299805 19.906213760376 21.7399387359619 22.8759822845459 23.0790786743164 23.2498016357422 23.2297515869141
21.5030479431152 21.5195827484131 21.6874961853027 21.8515739440918 -3.4e+38 -3.4e+38 -3.4e+38 -3.4e+38 -3.4e+38 -3.4e+38 -3.4e+38 21.7674598693848 21.8642902374268 21.7893714904785 21.8735771179199 21.6826801300049 21.6160507202148 21.5401401519775 21.5425930023193 21.5192260742188 22.0762577056885 22.8077754974365 23.2835502624512 23.068380355835 22.744800567627 23.2000980377197 23.5591735839844 23.1924476623535 22.1817760467529 21.6459503173828 21.1909275054932 19.5051326751709 14.2028369903564 11.4524383544922 10.4767322540283 10.1880912780762 11.1322555541992 13.2147951126099 15.3944911956787 16.7391834259033 17.5705585479736 18.5853824615479 19.8520107269287 22.0674686431885 23.0780963897705 23.3290500640869 23.3480567932129
22.1310043334961 21.987024307251 21.9787197113037 21.8885078430176 -3.4e+38 -3.4e+38 -3.4e+38 -3.4e+38 21.7961101531982 21.8043251037598 21.7307186126709 21.8220634460449 21.80419921875 21.9993019104004 22.3561153411865 22.5360279083252 22.1525135040283 21.4194641113281 21.8533802032471 22.0584735870361 22.676456451416 23.1383152008057 22.6569995880127 22.2272891998291 22.149974822998 21.7756595611572 20.3540000915527 18.7533645629883 18.232328414917 17.532564163208 14.3694162368774 10.2867364883423 7.74718284606934 7.76667594909668 7.39856719970703 7.18497180938721 9.82053279876709 11.1106967926025 12.6836366653442 14.6740436553955 16.2714176177979 17.3521690368652 18.4255123138428 19.6187152862549 20.3400440216064 20.8064060211182 21.1736755371094
22.7576370239258 22.5546875 22.2510566711426 21.9832458496094 21.9454612731934 21.8355350494385 21.795036315918 21.8192501068115 21.8424854278564 21.903247833252 21.970495223999 21.6455173492432 21.9593906402588 22.7218456268311 23.109260559082 22.9378814697266 22.6608333587646 22.7407112121582 22.6056175231934 22.7167797088623 22.892728805542 21.7748184204102 21.0564308166504 19.4050045013428 17.2250347137451 15.9298086166382 13.554012298584 11.346715927124 9.19234275817871 7.05332565307617 5.30983829498291 4.75964879989624 4.82768678665161 5.71004676818848 6.12111139297485 6.97611856460571 9.16571617126465 10.5083465576172 11.9680919647217 13.1594018936157 14.7029466629028 15.9943685531616 17.093635559082 17.8454303741455 18.6236782073975 19.1616115570068 19.9453544616699
23.2278861999512 23.0346698760986 22.7113800048828 22.5169143676758 22.4093894958496 22.2075786590576 22.2132892608643 22.2818717956543 22.4079151153564 22.4683971405029 22.565544128418 22.5785865783691 23.195629119873 23.7003746032715 23.9771881103516 23.8697605133057 23.4876842498779 23.1776561737061 23.4839572906494 23.5056819915771 22.5467796325684 18.5104827880859 16.7959251403809 12.8862504959106 10.066575050354 8.2869234085083 5.85457944869995 5.06883239746094 4.65099048614502 4.36456060409546 4.32694149017334 4.32244396209717 4.37302112579346 4.89169454574585 5.7144341468811 7.3458309173584 8.85419273376465 10.2744379043579 11.37220287323 12.5048809051514 13.7303705215454 14.9856109619141 16.1653709411621 17.0587368011475 17.6939353942871 18.3516998291016 20.0108318328857
23.7703762054443 23.5500354766846 23.2708034515381 23.1485366821289 23.1712226867676 23.1200923919678 23.0779285430908 23.1162910461426 23.2151393890381 23.2749328613281 23.3931331634521 23.6682662963867 23.9633922576904 24.123083114624 23.8329391479492 23.2328491210938 23.3950347900391 23.4317951202393 22.610595703125 21.3883304595947 17.5127220153809 13.2625961303711 10.5669412612915 8.3439826965332 6.12753009796143 5.17820072174072 4.82782697677612 4.3474006652832 4.26575517654419 4.23684692382812 4.24063634872437 4.23824787139893 4.31637334823608 4.86999845504761 6.0393009185791 7.61501789093018 8.75918865203857 9.78509902954102 10.9982833862305 12.0487842559814 13.4610137939453 14.3433399200439 15.4338884353638 16.4855766296387 17.2509307861328 17.712287902832 18.564338684082
24.2126235961914 24.0170822143555 23.8524971008301 23.6921997070312 23.6889114379883 23.7100944519043 23.7006969451904 23.7208671569824 23.7534828186035 23.8365688323975 23.9198932647705 24.0859813690186 24.0166492462158 23.3211631774902 21.8399524688721 21.0094699859619 20.8124389648438 20.4844360351562 17.9206371307373 14.6011257171631 10.4225625991821 6.92931985855103 5.77923679351807 5.28094577789307 4.84062147140503 4.58580780029297 4.40320110321045 4.26725101470947 4.25374889373779 4.25192546844482 4.25301742553711 4.2546854019165 4.35519886016846 4.89713573455811 5.83942699432373 7.04075908660889 8.44949531555176 9.45735454559326 10.6166868209839 11.6582479476929 12.9182767868042 13.8891620635986 15.1261568069458 15.8680963516235 16.7804527282715 17.3889904022217 17.9474029541016
24.7703304290771 24.6324768066406 24.4446392059326 24.2432613372803 24.0573348999023 24.0288829803467 24.1133289337158 24.2035808563232 24.272647857666 24.3551387786865 24.3540592193604 23.7269420623779 19.8643951416016 16.977611541748 17.7482566833496 18.996696472168 18.477632522583 17.0679893493652 15.0365915298462 10.1851739883423 6.33992099761963 5.17738580703735 4.92951393127441 4.4516544342041 4.34109973907471 4.27616119384766 4.26499128341675 4.26563739776611 4.26998138427734 4.26825046539307 4.26533126831055 4.26355314254761 4.34598398208618 4.90487337112427 5.56693315505981 6.60774230957031 7.51776552200317 8.95567607879639 10.1435575485229 11.0703773498535 12.3389472961426 13.127161026001 13.8188276290894 15.0984306335449 16.1240234375 16.9839096069336 17.3921070098877
25.1064567565918 25.1719493865967 25.0792140960693 24.9811134338379 24.9118061065674 24.9247436523438 25.0273132324219 25.1017665863037 25.0984630584717 25.0052299499512 24.5783252716064 23.3212280273438 19.7117252349854 13.0154514312744 10.4605073928833 11.4345865249634 12.0501203536987 12.5473728179932 10.8037805557251 7.87893152236938 5.89108037948608 5.07213926315308 4.51858043670654 4.32929944992065 4.27296829223633 4.27263736724854 4.27232789993286 4.27335166931152 4.27254104614258 4.27026271820068 4.27433586120605 4.25189638137817 4.28529644012451 4.80349206924438 5.21300935745239 6.07815456390381 6.62233877182007 7.37044382095337 8.40273380279541 9.65198802947998 10.8415393829346 11.6196222305298 12.3008718490601 13.1633758544922 14.4206819534302 15.9865169525146 16.9633445739746
24.2439098358154 24.3724193572998 24.4377174377441 24.5723304748535 24.8198642730713 25.0351066589355 25.2230815887451 25.2349872589111 25.0525226593018 24.7191486358643 23.8131141662598 22.4124145507812 20.1863040924072 14.889217376709 10.2675514221191 6.97988843917847 6.66034984588623 7.11783933639526 6.88001489639282 5.98020458221436 4.98875188827515 4.71381092071533 4.42142105102539 4.30743312835693 4.27697801589966 4.27887868881226 4.27566719055176 4.27540588378906 4.27386045455933 4.2715311050415 4.27299356460571 4.25509643554688 4.24322986602783 4.43127965927124 4.91965341567993 5.31169939041138 5.80365324020386 6.34801197052002 6.81032991409302 7.62903785705566 8.55277156829834 9.88871479034424 10.5079956054688 11.3858957290649 12.2825889587402 13.8466138839722 15.5976228713989
22.1165103912354 21.7629432678223 21.8489818572998 22.2258892059326 22.3834209442139 22.506233215332 22.6667003631592 22.7067432403564 22.8240776062012 22.4522571563721 21.2656269073486 20.0130710601807 17.6067848205566 14.2742414474487 9.38368320465088 6.14431238174438 5.5022931098938 5.43697690963745 5.41998672485352 4.99292230606079 4.78636121749878 4.44185352325439 4.32800769805908 4.30088329315186 4.29034757614136 4.28720712661743 4.28198480606079 4.27734518051147 4.27468919754028 4.27386474609375 4.26800632476807 4.25482559204102 4.23052215576172 4.21683168411255 4.2784309387207 4.35679531097412 4.64055299758911 5.10050058364868 5.78270721435547 6.30837488174438 6.61513090133667 7.27631425857544 8.24843788146973 9.44719696044922 10.5852508544922 11.5711679458618 12.6666831970215
