Ecospace-environmental-drivers/Outputs/ASCII-for-ecospace/Temp-bot/Temp-bot_X2004.06.asc
NCOLS 131 
NROWS 53 
XLLCORNER -98 
YLLCORNER 23.9265270233154 
CELLSIZE 0.133587792515755 
NODATA_value -3.4e+38 
[rows 21 to 41 of 53, columns 47 to 93 of 131]
19.458683013916 19.3005142211914 19.304386138916 19.3996658325195 19.5108528137207 19.741907119751 18.8534259796143 18.75221824646 18.5245304107666 16.9767208099365 14.5517482757568 13.5321321487427 11.4192152023315 8.86672401428223 7.31814002990723 5.85337352752686 4.98839330673218 4.74807500839233 4.79730558395386 4.68960762023926 4.44029712677002 4.34283113479614 4.29735422134399 4.30313110351562 4.26845693588257 4.24656915664673 4.26747417449951 4.27599430084229 4.28695297241211 4.29115915298462 4.28169441223145 4.28022050857544 4.27552080154419 4.27612066268921 4.27126598358154 4.26283645629883 4.25830841064453 4.30301284790039 4.68358039855957 5.08347463607788 5.25432920455933 5.4232873916626 5.66740274429321 6.17269277572632 7.0039439201355 8.11625862121582 9.52712440490723
17.0708484649658 16.4503345489502 16.5424098968506 16.6236801147461 17.4404201507568 16.4999465942383 13.0343074798584 14.0586605072021 12.3199796676636 10.0786600112915 9.08815097808838 8.31315803527832 7.92795753479004 6.7187032699585 5.82337379455566 5.51996374130249 4.87058162689209 4.66687774658203 4.53080749511719 4.55836009979248 4.42760610580444 4.32228422164917 4.30352354049683 4.24193334579468 4.24093437194824 4.25369215011597 4.27171421051025 4.27901268005371 4.29194736480713 4.2983570098877 4.28644514083862 4.28269910812378 4.28194236755371 4.28314352035522 4.28020763397217 4.27103567123413 4.26802492141724 4.26927423477173 4.25701999664307 4.22870016098022 4.36002349853516 4.49930095672607 4.73069620132446 5.06958913803101 5.36254358291626 5.67208671569824 6.6961464881897
11.7545566558838 11.4484167098999 12.3054285049438 11.3410263061523 10.6524982452393 9.45514678955078 9.64004611968994 8.11045074462891 6.65322589874268 6.29252338409424 6.27283239364624 6.66090679168701 5.88253784179688 5.48593282699585 5.06313848495483 4.87906837463379 4.67774534225464 4.54651641845703 4.43524789810181 4.41326522827148 4.38900375366211 4.33035039901733 4.30512094497681 4.23257160186768 4.24811315536499 4.26702356338501 4.27665090560913 4.28283739089966 4.29100656509399 4.29241561889648 4.28681468963623 4.28393173217773 4.28530120849609 4.28704595565796 4.28459215164185 4.27505254745483 4.26810169219971 4.27576541900635 4.2792444229126 4.27078533172607 4.2679443359375 4.26866292953491 4.2588152885437 4.34245729446411 4.67406368255615 5.12069702148438 5.46258020401001
7.325270652771 7.34262037277222 6.81330728530884 7.40701150894165 7.23078918457031 6.46847486495972 6.01858329772949 5.56137657165527 5.18932628631592 5.48171043395996 5.41781139373779 5.55689144134521 5.05172967910767 4.88524484634399 4.76370620727539 4.65352535247803 4.48395538330078 4.41193675994873 4.35818386077881 4.33923959732056 4.31984281539917 4.30534791946411 4.30566692352295 4.25841665267944 4.24923276901245 4.26991748809814 4.27826929092407 4.28312540054321 4.2835373878479 4.2824535369873 4.28052377700806 4.28187656402588 4.28533506393433 4.28906726837158 4.30511236190796 4.29071378707886 4.28817749023438 4.28071165084839 4.27626657485962 4.27102947235107 4.27324438095093 4.27833890914917 4.2767972946167 4.26869249343872 4.27402257919312 4.51943826675415 4.9581298828125
5.53905057907104 5.37054872512817 5.32698011398315 5.23711776733398 5.02439260482788 5.40743684768677 4.85525560379028 5.06435298919678 4.8400673866272 4.88385105133057 4.83833789825439 4.81360721588135 4.75249814987183 4.69159936904907 4.66044473648071 4.48082637786865 4.32158756256104 4.30416536331177 4.30518007278442 4.29228496551514 4.29019212722778 4.28952836990356 4.2939338684082 4.29835939407349 4.25742101669312 4.26544618606567 4.27319240570068 4.275306224823 4.27578067779541 4.27513837814331 4.27841758728027 4.28273963928223 4.2855749130249 4.29860687255859 4.29683923721313 4.28976964950562 4.2779688835144 4.28005266189575 4.27521324157715 4.26872444152832 4.2708592414856 4.27870416641235 4.27588605880737 4.27856540679932 4.27563762664795 4.2535457611084 4.50354337692261
4.77277326583862 4.86943387985229 4.89579010009766 4.47005128860474 4.47752094268799 4.76341533660889 4.84921264648438 4.70491695404053 4.87369966506958 4.73171377182007 4.80016803741455 4.69693374633789 4.74057245254517 4.52472734451294 4.35762119293213 4.29180288314819 4.2807765007019 4.28229808807373 4.28952074050903 4.28981113433838 4.29321575164795 4.2979302406311 4.25653600692749 4.2492618560791 4.25396394729614 4.26420402526855 4.27200794219971 4.27255916595459 4.27497529983521 4.27782154083252 4.28210353851318 4.28573322296143 4.28641366958618 4.32025289535522 4.30667495727539 4.29133367538452 4.2757134437561 4.27408075332642 4.27132654190063 4.27207946777344 4.27261638641357 4.27685117721558 4.27926301956177 4.28092956542969 4.27859973907471 4.27434921264648 4.27594375610352
4.47041940689087 4.49466419219971 4.37336111068726 4.31992530822754 4.35155630111694 4.40861892700195 4.49125099182129 4.63917875289917 4.66455364227295 4.40114307403564 4.38155460357666 4.35897541046143 4.3427267074585 4.31686544418335 4.26975727081299 4.26266813278198 4.25171756744385 4.24957227706909 4.26039457321167 4.27035665512085 4.2972092628479 4.25420093536377 4.25001525878906 4.26094388961792 4.2642297744751 4.27076578140259 4.27702569961548 4.27681303024292 4.28120946884155 4.28378820419312 4.28533363342285 4.28639650344849 4.28584909439087 4.28515529632568 4.29328632354736 4.29221725463867 4.27658414840698 4.27003812789917 4.2675347328186 4.26994180679321 4.27012872695923 4.27322912216187 4.27630090713501 4.278977394104 4.27983236312866 4.27763509750366 4.26209878921509
4.36051177978516 4.3176703453064 4.30889940261841 4.31253528594971 4.34353733062744 4.2978081703186 4.31941938400269 4.40991306304932 4.38947153091431 4.40185070037842 4.3558292388916 4.29394245147705 4.25862693786621 4.25087547302246 4.24271869659424 4.24621486663818 4.24778747558594 4.25042152404785 4.2532114982605 4.25039434432983 4.25068330764771 4.25331401824951 4.25886344909668 4.27300643920898 4.27382802963257 4.27592468261719 4.27800226211548 4.28342914581299 4.28555202484131 4.28607654571533 4.28667211532593 4.28569793701172 4.28545951843262 4.28460597991943 4.29093647003174 4.28561544418335 4.28755569458008 4.26934337615967 4.26818990707397 4.26856088638306 4.26976490020752 4.27175855636597 4.27470016479492 4.27680158615112 4.27934598922729 4.27770948410034 4.27412700653076
4.29125452041626 4.28734445571899 4.28609180450439 4.28713703155518 4.28730726242065 4.27798557281494 4.27742576599121 4.28406858444214 4.28068017959595 4.29925775527954 4.2566385269165 4.24914312362671 4.24663114547729 4.24400234222412 4.24510526657104 4.24468898773193 4.2470908164978 4.25085163116455 4.25612306594849 4.26127910614014 4.25761222839355 4.25551176071167 4.2636890411377 4.27475261688232 4.27820682525635 4.28245639801025 4.2849326133728 4.28543281555176 4.28356313705444 4.2827353477478 4.28392362594604 4.28329086303711 4.28299903869629 4.2822904586792 4.27939605712891 4.27636098861694 4.29079008102417 4.27187871932983 4.27455854415894 4.29034805297852 4.29037380218506 4.27182531356812 4.27394104003906 4.27614879608154 4.27952480316162 4.28021574020386 4.28073358535767
4.29276418685913 4.29102802276611 4.28859043121338 4.28318738937378 4.29563856124878 4.29949235916138 4.27905797958374 4.27906465530396 4.28682041168213 4.25290966033936 4.24615859985352 4.25270366668701 4.25731945037842 4.25366353988647 4.25502443313599 4.25281381607056 4.25494480133057 4.25554227828979 4.25884580612183 4.26253890991211 4.26600408554077 4.25884008407593 4.26378011703491 4.2751932144165 4.28216075897217 4.28514862060547 4.28567218780518 4.28500890731812 4.28447198867798 4.28542423248291 4.28444576263428 4.28279399871826 4.28088998794556 4.27839994430542 4.27610063552856 4.27458906173706 4.29240465164185 4.27845239639282 4.27711200714111 4.29091453552246 4.28572177886963 4.26779127120972 4.27178144454956 4.27715444564819 4.28243541717529 4.2828483581543 4.28220367431641
4.30924844741821 4.28829145431519 4.28691339492798 4.28554630279541 4.29844617843628 4.29334163665771 4.28709363937378 4.28375720977783 4.28734874725342 4.24941110610962 4.25882577896118 4.26069164276123 4.26254510879517 4.26104211807251 4.2620964050293 4.26160669326782 4.25971126556396 4.25861740112305 4.25641441345215 4.25828456878662 4.27077293395996 4.26633548736572 4.26452398300171 4.27064895629883 4.27822208404541 4.28356885910034 4.2883505821228 4.28935575485229 4.29015350341797 4.29190874099731 4.29092836380005 4.28659152984619 4.27933120727539 4.27620506286621 4.27463340759277 4.2738676071167 4.29095077514648 4.29108810424805 4.2944507598877 4.30596160888672 4.30377769470215 4.27633190155029 4.27241897583008 4.27691316604614 4.28250741958618 4.28772354125977 4.28766298294067
4.28878450393677 4.28291845321655 4.28704786300659 4.26520442962646 4.29509210586548 4.2723445892334 4.25473976135254 4.24902057647705 4.25240135192871 4.25677967071533 4.25674152374268 4.25849103927612 4.26125192642212 4.26381492614746 4.26446294784546 4.26414394378662 4.26354026794434 4.26209878921509 4.26110601425171 4.26069021224976 4.26751565933228 4.27309513092041 4.26837348937988 4.27140855789185 4.27507305145264 4.27889204025269 4.28056287765503 4.28419303894043 4.29082918167114 4.29460716247559 4.29178476333618 4.28486490249634 4.27948331832886 4.27790451049805 4.27640676498413 4.27479124069214 4.29754829406738 4.30965185165405 4.31570243835449 4.32165765762329 4.32851839065552 4.31135416030884 4.29475164413452 4.27525329589844 4.27963829040527 4.28614234924316 4.29083728790283
4.25789880752563 4.25126791000366 4.25010919570923 4.2507963180542 4.25545263290405 4.24633598327637 4.24441719055176 4.25239896774292 4.25754022598267 4.25794315338135 4.26389408111572 4.26910972595215 4.27118062973022 4.27365493774414 4.27299690246582 4.27262783050537 4.2723240852356 4.27118253707886 4.27014875411987 4.26934289932251 4.26919555664062 4.26850605010986 4.27169704437256 4.2788028717041 4.28058815002441 4.28006887435913 4.28030490875244 4.28443002700806 4.28826713562012 4.28894901275635 4.28666210174561 4.28263664245605 4.28035974502563 4.27925872802734 4.27755165100098 4.2953143119812 4.30548095703125 4.30948448181152 4.31562042236328 4.31866359710693 4.31158304214478 4.30714845657349 4.291100025177 4.27406597137451 4.27717685699463 4.28301954269409 4.29060983657837
4.25053024291992 4.24963188171387 4.24841260910034 4.24449777603149 4.23972940444946 4.23608303070068 4.25841188430786 4.26751375198364 4.26059579849243 4.26803827285767 4.29029846191406 4.28952598571777 4.29005479812622 4.30188512802124 4.30541467666626 4.29153108596802 4.28475570678711 4.28171968460083 4.28126001358032 4.27932786941528 4.27518367767334 4.27271127700806 4.27460622787476 4.27777433395386 4.28144645690918 4.28337574005127 4.28558826446533 4.28839111328125 4.28839111328125 4.28608369827271 4.28392457962036 4.28371095657349 4.28666925430298 4.28656530380249 4.29956483840942 4.30565643310547 4.3066201210022 4.30997896194458 4.31573963165283 4.31785774230957 4.3106427192688 4.28765678405762 4.27358913421631 4.27330112457275 4.27861452102661 4.28230142593384 4.2887487411499
4.2432017326355 4.24634408950806 4.23928213119507 4.23692941665649 4.23663759231567 4.23912715911865 4.2903618812561 4.2906608581543 4.27945518493652 4.27687454223633 4.27764749526978 4.28379392623901 4.29030895233154 4.29599046707153 4.29579496383667 4.29502820968628 4.29265975952148 4.2970232963562 4.30603885650635 4.28574419021606 4.28235530853271 4.28054046630859 4.2813196182251 4.2820520401001 4.28486490249634 4.28792142868042 4.28908443450928 4.28934621810913 4.28729057312012 4.28458023071289 4.29521417617798 4.30609321594238 4.29348707199097 4.28881120681763 4.29314994812012 4.30623006820679 4.30594444274902 4.30816745758057 4.31283950805664 4.31689262390137 4.32387018203735 4.28892660140991 4.27294874191284 4.27516937255859 4.28129053115845 4.28508853912354 4.28877735137939
4.23923444747925 4.23475933074951 4.23460626602173 4.2391791343689 4.24905395507812 4.28229236602783 4.28288650512695 4.27676439285278 4.27700233459473 4.27961206436157 4.28187417984009 4.28347730636597 4.29079246520996 4.3084831237793 4.30387353897095 4.29855155944824 4.29664134979248 4.29568433761597 4.29848003387451 4.30627727508545 4.29989862442017 4.28443288803101 4.28370475769043 4.28427743911743 4.28609561920166 4.28718233108521 4.28769445419312 4.28782224655151 4.28855895996094 4.29920387268066 4.30037260055542 4.29178810119629 4.29021596908569 4.29010391235352 4.29415369033813 4.30298614501953 4.3096776008606 4.31107044219971 4.31305360794067 4.31509304046631 4.31975984573364 4.28000974655151 4.27433013916016 4.27650308609009 4.28238248825073 4.28710603713989 4.28912401199341
4.23516941070557 4.23495435714722 4.24997901916504 4.30009365081787 4.30005359649658 4.29392385482788 4.28658437728882 4.28380298614502 4.28295373916626 4.28513240814209 4.28469514846802 4.28342866897583 4.28950786590576 4.31275939941406 4.31643295288086 4.30155897140503 4.30042600631714 4.30284929275513 4.30206871032715 4.30353164672852 4.30942630767822 4.30162048339844 4.29500007629395 4.30035257339478 4.2981481552124 4.30144500732422 4.30636072158813 4.29633235931396 4.29967737197876 4.29432010650635 4.29196071624756 4.29122257232666 4.29112672805786 4.29123687744141 4.29122352600098 4.2925968170166 4.29618358612061 4.29968595504761 4.29927492141724 4.30289268493652 4.31274318695068 4.28143644332886 4.27359199523926 4.27572822570801 4.28055429458618 4.28661346435547 4.29004621505737
4.24219226837158 4.25296592712402 4.31563806533813 4.33042907714844 4.33300113677979 4.31628799438477 4.29804944992065 4.29050970077515 4.28853988647461 4.28759241104126 4.28660917282104 4.28439569473267 4.28867864608765 4.30729246139526 4.31696367263794 4.29679155349731 4.29197216033936 4.30454969406128 4.31096506118774 4.31252002716064 4.31179904937744 4.31210708618164 4.30740356445312 4.30738735198975 4.30400085449219 4.30487298965454 4.3051061630249 4.30076265335083 4.29562664031982 4.294762134552 4.29469060897827 4.29598665237427 4.29497146606445 4.29269981384277 4.29117345809937 4.28786516189575 4.28498315811157 4.28332376480103 4.27835988998413 4.28892230987549 4.30345487594604 4.29428291320801 4.27322292327881 4.27393293380737 4.27831840515137 4.28512334823608 4.29034471511841
4.30273294448853 4.32232427597046 4.32590103149414 4.33167600631714 4.35707569122314 4.32579803466797 4.2900505065918 4.28995418548584 4.28821086883545 4.29045534133911 4.29141902923584 4.28858470916748 4.28748273849487 4.2915244102478 4.29283285140991 4.28753900527954 4.28682041168213 4.29697227478027 4.30445098876953 4.3100118637085 4.31135654449463 4.30918216705322 4.30794620513916 4.30897665023804 4.31119155883789 4.31174421310425 4.31006002426147 4.30594205856323 4.30233478546143 4.30135297775269 4.3017692565918 4.30261468887329 4.30225086212158 4.30201148986816 4.30099678039551 4.29646635055542 4.29028654098511 4.28564310073853 4.28080940246582 4.27722930908203 4.28173923492432 4.28007841110229 4.27194833755493 4.2732138633728 4.27785158157349 4.28519296646118 4.29253387451172
4.32858276367188 4.3302173614502 4.32658910751343 4.34608173370361 4.36346530914307 4.30842304229736 4.28419256210327 4.28755950927734 4.29071378707886 4.2932391166687 4.29498910903931 4.29283094406128 4.28773307800293 4.28845024108887 4.29053592681885 4.28998422622681 4.28934144973755 4.2948842048645 4.30109739303589 4.30562591552734 4.30645990371704 4.30373430252075 4.30337905883789 4.30554819107056 4.30701541900635 4.30818605422974 4.3108344078064 4.31321001052856 4.31263637542725 4.31048774719238 4.30977392196655 4.30992269515991 4.30900526046753 4.30885362625122 4.30851078033447 4.30640888214111 4.30117273330688 4.29362773895264 4.28712320327759 4.27927684783936 4.27493858337402 4.27333211898804 4.27358245849609 4.27521991729736 4.27897930145264 4.28796339035034 4.29547166824341
4.34224605560303 4.34303665161133 4.35332536697388 4.36471366882324 4.3425931930542 4.28661489486694 4.28535842895508 4.28947639465332 4.29466199874878 4.29569959640503 4.295729637146 4.29460763931274 4.29242515563965 4.29273891448975 4.29245567321777 4.29176139831543 4.29087829589844 4.29293441772461 4.29676628112793 4.2977933883667 4.29479503631592 4.29160165786743 4.29224252700806 4.29392910003662 4.29524898529053 4.29820680618286 4.30339670181274 4.30781269073486 4.31536912918091 4.31769514083862 4.31639242172241 4.31556606292725 4.31440305709839 4.31312704086304 4.31184101104736 4.30963659286499 4.3086462020874 4.30490303039551 4.29527568817139 4.28846263885498 4.28046846389771 4.27714681625366 4.27661895751953 4.27776145935059 4.28154468536377 4.29149103164673 4.29692363739014
