Ecospace-environmental-drivers/Outputs/ASCII-for-ecospace/Temp-bot/Temp-bot_X2014.11.asc
NCOLS 131 
NROWS 53 
XLLCORNER -98 
YLLCORNER 23.9265270233154 
CELLSIZE 0.133587792515755 
NODATA_value -3.4e+38 
[rows 21 to 41 of 53, columns 47 to 93 of 131]
22.8249473571777 22.7815837860107 22.5044116973877 22.4158515930176 22.5992317199707 22.7768115997314 22.9247703552246 22.7146224975586 22.3034858703613 21.9429912567139 20.3312950134277 19.0823516845703 18.1403656005859 14.3960027694702 9.51311111450195 6.03909063339233 5.47159290313721 5.41380310058594 5.52304792404175 5.16640758514404 4.53247785568237 4.28988742828369 4.23614120483398 4.21229219436646 4.20310592651367 4.20849752426147 4.19911575317383 4.20235061645508 4.20082092285156 4.20419549942017 4.21302843093872 4.2342963218689 4.3528790473938 4.38480949401855 4.42106771469116 4.66716480255127 4.93167638778687 5.4266471862793 6.00587892532349 6.43273067474365 6.97003269195557 7.7494330406189 8.88037776947021 10.326605796814 12.6020097732544 13.735912322998 14.6921739578247
21.8335838317871 21.1705436706543 20.6025886535645 20.5669975280762 20.6476802825928 20.91552734375 20.4099502563477 19.7340106964111 19.7947292327881 17.7602977752686 15.8639755249023 15.580940246582 13.9291324615479 11.1114730834961 8.2980842590332 5.9700345993042 5.24972152709961 4.87275838851929 4.89878225326538 4.69846963882446 4.36795139312744 4.26421356201172 4.22164011001587 4.21144437789917 4.19992828369141 4.19137239456177 4.19451713562012 4.19901180267334 4.20177555084229 4.20157098770142 4.20071411132812 4.20238542556763 4.20821285247803 4.20291423797607 4.19505548477173 4.19597482681274 4.21649837493896 4.38298749923706 4.74841117858887 5.15373754501343 5.58167839050293 6.06100797653198 6.46785116195679 7.27671527862549 8.91022396087646 10.8664493560791 12.6108894348145
19.3222560882568 17.6272678375244 18.7233905792236 19.079626083374 20.1246185302734 19.2323741912842 15.5579080581665 15.0717000961304 15.5322170257568 12.6457233428955 11.3399171829224 10.4103412628174 9.27219486236572 7.72153568267822 6.35924053192139 5.86907958984375 4.9793496131897 4.60811614990234 4.51693248748779 4.47571992874146 4.31587839126587 4.23884630203247 4.22054767608643 4.19755411148071 4.18928956985474 4.19103193283081 4.19475412368774 4.19771909713745 4.1999249458313 4.19393396377563 4.18997192382812 4.19154596328735 4.19047975540161 4.17843961715698 4.16876888275146 4.1693172454834 4.16937208175659 4.17316913604736 4.21130800247192 4.28244018554688 4.41585206985474 4.57598352432251 4.79468011856079 5.31292533874512 6.15354156494141 7.23524475097656 9.11470508575439
14.598578453064 13.5564947128296 14.9151477813721 13.7403764724731 12.9094476699829 10.5151214599609 10.5769624710083 9.59603595733643 8.5983362197876 7.49877023696899 6.54405927658081 7.05141258239746 6.68843269348145 6.16641187667847 5.74657917022705 5.08433961868286 4.76142835617065 4.49218845367432 4.34188747406006 4.28638553619385 4.2782096862793 4.23815965652466 4.21513652801514 4.18897247314453 4.18535089492798 4.18566417694092 4.18589687347412 4.1860146522522 4.1854362487793 4.17949485778809 4.17903184890747 4.18207359313965 4.1772289276123 4.17133474349976 4.16520929336548 4.1632513999939 4.16325569152832 4.1611704826355 4.15887975692749 4.15857124328613 4.15663814544678 4.16477584838867 4.17878675460815 4.34326457977295 4.75401401519775 5.39254093170166 6.84919214248657
8.6559886932373 8.94247817993164 7.4202823638916 8.71130657196045 8.03877449035645 6.79735994338989 6.74679946899414 5.88838911056519 5.53562116622925 5.73709297180176 5.85120391845703 5.97282648086548 5.68706178665161 5.3622932434082 4.93752336502075 4.59756660461426 4.46870374679565 4.39989042282104 4.27340602874756 4.21289253234863 4.21718740463257 4.22763681411743 4.22463846206665 4.19599151611328 4.17955493927002 4.17911291122437 4.16979026794434 4.16476249694824 4.16758632659912 4.16800737380981 4.16794586181641 4.16830492019653 4.16595792770386 4.16352033615112 4.16267442703247 4.16240692138672 4.16125869750977 4.15864753723145 4.15595102310181 4.15564584732056 4.15502214431763 4.15430116653442 4.15305852890015 4.15663003921509 4.19629764556885 4.48163509368896 5.41627883911133
5.90169382095337 5.69029951095581 5.53066968917847 5.50945949554443 5.21377563476562 5.3830041885376 5.02320718765259 5.36164140701294 4.96329069137573 5.06523704528809 5.14571285247803 5.21177673339844 4.91084957122803 4.62837266921997 4.68592071533203 4.49417638778687 4.33370780944824 4.25755834579468 4.25715780258179 4.2199854850769 4.21404361724854 4.2009129524231 4.20312643051147 4.202317237854 4.18276214599609 4.17658519744873 4.16717195510864 4.16273832321167 4.16168260574341 4.16212844848633 4.16025543212891 4.1587438583374 4.15851449966431 4.15749168395996 4.15700006484985 4.15776014328003 4.15760803222656 4.15685129165649 4.1549015045166 4.15313577651978 4.15077972412109 4.14694166183472 4.14548587799072 4.14557933807373 4.14878797531128 4.16656637191772 4.56045627593994
5.05873966217041 4.930748462677 4.96058559417725 4.67996692657471 4.69100093841553 4.9262523651123 4.71551370620728 4.83588409423828 4.71761751174927 4.70770311355591 4.68485927581787 4.76799964904785 4.64622640609741 4.53120565414429 4.4456353187561 4.37766361236572 4.26963472366333 4.21144437789917 4.21743297576904 4.2024974822998 4.19736576080322 4.19624996185303 4.19163608551025 4.188316822052 4.18320369720459 4.17962598800659 4.18189191818237 4.17125988006592 4.16213274002075 4.16038465499878 4.15909290313721 4.15677452087402 4.15638494491577 4.15687942504883 4.1567554473877 4.15597867965698 4.1553955078125 4.15465116500854 4.15368556976318 4.15068483352661 4.14755201339722 4.1457200050354 4.14376592636108 4.14207935333252 4.14235591888428 4.14665412902832 4.2747859954834
4.57476091384888 4.50100421905518 4.44350719451904 4.35941457748413 4.3830738067627 4.48613166809082 4.50223398208618 4.60727977752686 4.61178684234619 4.50855398178101 4.49564218521118 4.52334547042847 4.53173494338989 4.48454809188843 4.31867599487305 4.24161100387573 4.17506217956543 4.16742944717407 4.17991828918457 4.18471622467041 4.19122076034546 4.18176031112671 4.18021154403687 4.17878818511963 4.1777811050415 4.17935657501221 4.17994260787964 4.16826963424683 4.16124773025513 4.15935564041138 4.15769720077515 4.15608167648315 4.15596103668213 4.15674877166748 4.15703201293945 4.15521383285522 4.15522766113281 4.15375900268555 4.15249395370483 4.14947748184204 4.14832878112793 4.14718151092529 4.14252090454102 4.13806867599487 4.13610553741455 4.13965797424316 4.16221761703491
4.32160949707031 4.33749532699585 4.30720901489258 4.24929189682007 4.2294487953186 4.31402778625488 4.32849311828613 4.39052152633667 4.42384004592896 4.34265232086182 4.31919479370117 4.42462491989136 4.32072114944458 4.27966022491455 4.19171619415283 4.1748194694519 4.17024087905884 4.17224740982056 4.16831064224243 4.16656970977783 4.16910266876221 4.17312955856323 4.17778015136719 4.1777229309082 4.17814970016479 4.17644453048706 4.16719055175781 4.1611442565918 4.15958261489868 4.15853834152222 4.15801906585693 4.15682077407837 4.15641069412231 4.15712642669678 4.15706205368042 4.15727615356445 4.15643787384033 4.15370464324951 4.15204858779907 4.14943170547485 4.14878225326538 4.14446973800659 4.13959646224976 4.13470983505249 4.13039064407349 4.13044404983521 4.14490556716919
4.22558355331421 4.25724077224731 4.28049325942993 4.25208234786987 4.2489333152771 4.25366353988647 4.27017545700073 4.30202293395996 4.29668092727661 4.27305269241333 4.22789669036865 4.21543455123901 4.19321632385254 4.18191146850586 4.17351627349854 4.17159605026245 4.17348146438599 4.17656230926514 4.17621755599976 4.17115259170532 4.1686749458313 4.16928291320801 4.1749472618103 4.17885780334473 4.16791725158691 4.16159534454346 4.16080093383789 4.1602201461792 4.1611156463623 4.16374492645264 4.16511106491089 4.16416645050049 4.16171598434448 4.15936136245728 4.1587815284729 4.15829420089722 4.15569448471069 4.15401315689087 4.15251207351685 4.14979887008667 4.14655780792236 4.14195680618286 4.14058971405029 4.13632011413574 4.12869358062744 4.12132978439331 4.12596368789673
4.22659397125244 4.23263692855835 4.23135423660278 4.21932697296143 4.23874759674072 4.23129749298096 4.23197650909424 4.22584867477417 4.21930837631226 4.21638250350952 4.19099092483521 4.18804216384888 4.18658494949341 4.18374967575073 4.181556224823 4.17814779281616 4.17597818374634 4.17162036895752 4.1755952835083 4.17595815658569 4.17202663421631 4.16979694366455 4.17353010177612 4.17953681945801 4.16193962097168 4.16087770462036 4.1602258682251 4.16204023361206 4.16666269302368 4.16935348510742 4.16926431655884 4.16743993759155 4.16389322280884 4.16034269332886 4.15932416915894 4.15816688537598 4.15764045715332 4.15463972091675 4.15245056152344 4.14999866485596 4.14531517028809 4.14273405075073 4.13977193832397 4.13440752029419 4.12554216384888 4.11464166641235 4.11247587203979
4.21570587158203 4.19847106933594 4.20716142654419 4.19957208633423 4.22057723999023 4.21395683288574 4.20495367050171 4.18368911743164 4.19614267349243 4.20232152938843 4.19314527511597 4.18326950073242 4.1794490814209 4.1748514175415 4.17412519454956 4.17303991317749 4.16889572143555 4.17138481140137 4.17424345016479 4.17130470275879 4.17030763626099 4.17340564727783 4.17492580413818 4.1780800819397 4.16670989990234 4.1601676940918 4.16056442260742 4.16383981704712 4.16863012313843 4.16963863372803 4.16968250274658 4.16793870925903 4.16098260879517 4.15697765350342 4.15707588195801 4.15752935409546 4.1582818031311 4.15411281585693 4.15193653106689 4.14839363098145 4.14376878738403 4.14147901535034 4.13616847991943 4.12750768661499 4.11673402786255 4.10349464416504 4.10081768035889
4.2046332359314 4.19279098510742 4.19323873519897 4.19174814224243 4.20900249481201 4.20324850082397 4.19256496429443 4.18900537490845 4.1972131729126 4.18647956848145 4.1752986907959 4.17300367355347 4.17419576644897 4.17499828338623 4.17710638046265 4.17668437957764 4.17484140396118 4.17615842819214 4.17571544647217 4.17385292053223 4.1631031036377 4.16735219955444 4.17846345901489 4.17745923995972 4.1694073677063 4.15959453582764 4.16111707687378 4.16211271286011 4.16614961624146 4.16794300079346 4.16927528381348 4.16277933120728 4.15652418136597 4.15636539459229 4.15659666061401 4.15763521194458 4.155677318573 4.15331840515137 4.14963388442993 4.14543151855469 4.14053583145142 4.13401746749878 4.11901235580444 4.1004433631897 4.08239793777466 4.07226848602295 4.08296394348145
4.18789720535278 4.18085336685181 4.18832921981812 4.18974018096924 4.20194435119629 4.20370960235596 4.1990966796875 4.19383478164673 4.18106889724731 4.16874122619629 4.16469287872314 4.16375303268433 4.16283559799194 4.16746139526367 4.17339944839478 4.17669486999512 4.17457866668701 4.17217683792114 4.1724009513855 4.17356872558594 4.16914844512939 4.16147661209106 4.16657495498657 4.1749324798584 4.16380548477173 4.16053771972656 4.16188144683838 4.16316270828247 4.16598510742188 4.16691207885742 4.16427230834961 4.15587615966797 4.15430974960327 4.15504503250122 4.15591049194336 4.15667152404785 4.15369701385498 4.14987802505493 4.14695930480957 4.1424822807312 4.13451957702637 4.12277746200562 4.10376024246216 4.08822298049927 4.07362747192383 4.06125402450562 4.06610488891602
4.18006134033203 4.17971706390381 4.18324756622314 4.18456363677979 4.18681764602661 4.19355201721191 4.18344974517822 4.16441202163696 4.15759611129761 4.15599393844604 4.15586376190186 4.15571260452271 4.15598726272583 4.159339427948 4.16540431976318 4.16827917098999 4.1686692237854 4.16668844223022 4.16830158233643 4.17082357406616 4.1691427230835 4.16492509841919 4.16189861297607 4.16078567504883 4.16160535812378 4.16297721862793 4.16389131546021 4.16431045532227 4.16454839706421 4.16398954391479 4.15881109237671 4.15404653549194 4.15235424041748 4.15168857574463 4.15328550338745 4.15175533294678 4.14927625656128 4.14709043502808 4.14445972442627 4.13957166671753 4.1322546005249 4.12024021148682 4.1032829284668 4.08837747573853 4.08311414718628 4.07309913635254 4.06386756896973
4.18119716644287 4.18200254440308 4.18345594406128 4.18211936950684 4.1869740486145 4.1878514289856 4.16044282913208 4.14747095108032 4.14712285995483 4.14907598495483 4.15193605422974 4.15231513977051 4.15362977981567 4.15481901168823 4.15720796585083 4.15886068344116 4.15959119796753 4.16027069091797 4.16168642044067 4.16396713256836 4.16462850570679 4.16569662094116 4.16353797912598 4.16105937957764 4.16096878051758 4.16151714324951 4.16095542907715 4.15960502624512 4.15785074234009 4.15697288513184 4.15561532974243 4.15161848068237 4.15018081665039 4.14993858337402 4.1488184928894 4.14765214920044 4.14613342285156 4.14475011825562 4.14344644546509 4.14092254638672 4.13371610641479 4.11878633499146 4.10035181045532 4.08746528625488 4.08306884765625 4.07784843444824 4.06818723678589
4.18297481536865 4.18345499038696 4.18299961090088 4.18212080001831 4.17861127853394 4.15946769714355 4.14561367034912 4.14195680618286 4.14176368713379 4.14386320114136 4.14743328094482 4.1497163772583 4.15166664123535 4.15218782424927 4.15227842330933 4.15242624282837 4.15219068527222 4.15213251113892 4.15396499633789 4.15661191940308 4.1579418182373 4.16046571731567 4.16062021255493 4.16058731079102 4.15982675552368 4.15936994552612 4.15655422210693 4.15418815612793 4.15221691131592 4.15192174911499 4.15041875839233 4.1469988822937 4.14691734313965 4.1463189125061 4.14587211608887 4.14511728286743 4.14455890655518 4.14433002471924 4.14260959625244 4.13891315460205 4.13005924224854 4.11478185653687 4.10305118560791 4.09319162368774 4.08213567733765 4.07560634613037 4.06825923919678
4.18177652359009 4.1837100982666 4.17469644546509 4.15341472625732 4.14714384078979 4.14249086380005 4.14158391952515 4.13986778259277 4.13913345336914 4.14023351669312 4.1429238319397 4.14466190338135 4.14775228500366 4.1497859954834 4.14952039718628 4.14909076690674 4.14947891235352 4.15015935897827 4.15066957473755 4.15141487121582 4.15226030349731 4.15442037582397 4.15644836425781 4.1566367149353 4.15503025054932 4.15381240844727 4.1519603729248 4.15075588226318 4.14846134185791 4.14794445037842 4.14673614501953 4.14537668228149 4.14352464675903 4.14294052124023 4.14240789413452 4.1414213180542 4.138991355896 4.13586807250977 4.13119316101074 4.12512111663818 4.1216516494751 4.1194748878479 4.11258602142334 4.10016584396362 4.09035587310791 4.07910919189453 4.07365083694458
4.17804956436157 4.16840028762817 4.15129899978638 4.14264535903931 4.14173126220703 4.14080429077148 4.13869428634644 4.13765811920166 4.13699150085449 4.13682746887207 4.1381983757019 4.14092016220093 4.14469289779663 4.14758491516113 4.14907360076904 4.14906787872314 4.14929389953613 4.1495475769043 4.14987134933472 4.14968013763428 4.1498236656189 4.15039539337158 4.15090084075928 4.14901876449585 4.1489691734314 4.14971303939819 4.14785432815552 4.1468677520752 4.14619588851929 4.14560413360596 4.14466142654419 4.14231729507446 4.13944101333618 4.13725852966309 4.13639688491821 4.13648891448975 4.13694715499878 4.13790082931519 4.13794565200806 4.13586759567261 4.13215255737305 4.12947177886963 4.12510776519775 4.11229753494263 4.09820318222046 4.09019088745117 4.08557844161987
4.15356826782227 4.14578247070312 4.14191818237305 4.14232110977173 4.14302206039429 4.13877010345459 4.13662767410278 4.13665151596069 4.13581991195679 4.13527536392212 4.13579273223877 4.138512134552 4.14271640777588 4.14558458328247 4.14712047576904 4.14754152297974 4.14799499511719 4.14819669723511 4.14855241775513 4.14845085144043 4.14860248565674 4.1489782333374 4.14878129959106 4.14815902709961 4.1476035118103 4.14723539352417 4.14675426483154 4.14614200592041 4.14556312561035 4.14448261260986 4.1425666809082 4.14127683639526 4.14140653610229 4.14343690872192 4.14554834365845 4.14714622497559 4.14789962768555 4.14842414855957 4.14835214614868 4.14758682250977 4.14599895477295 4.14260578155518 4.13622093200684 4.12805414199829 4.11545896530151 4.1019024848938 4.09536123275757
4.14254760742188 4.14167499542236 4.14410877227783 4.14747619628906 4.14327573776245 4.13821268081665 4.13517761230469 4.13536405563354 4.13458919525146 4.13371992111206 4.13361597061157 4.13698148727417 4.14092493057251 4.14222764968872 4.14254903793335 4.14328956604004 4.14444732666016 4.14546060562134 4.14648151397705 4.14714002609253 4.14745903015137 4.14805364608765 4.14816856384277 4.14797735214233 4.14795923233032 4.14742469787598 4.14643955230713 4.14530515670776 4.14379549026489 4.14221048355103 4.14265203475952 4.14461612701416 4.14700555801392 4.14919090270996 4.15071630477905 4.15164995193481 4.15219211578369 4.15242958068848 4.15218162536621 4.1513614654541 4.14961671829224 4.14754009246826 4.14546775817871 4.14144039154053 4.13257837295532 4.12118768692017 4.11618185043335
