Ecospace-environmental-drivers/Outputs/ASCII-for-ecospace/Temp-bot/Temp-bot_X1980_mo12_avg27y.asc
NCOLS 131 
NROWS 53 
XLLCORNER -98 
YLLCORNER 23.9265270233154 
CELLSIZE 0.133587792515755 
NODATA_value -9999 
[rows 0 to 20 of 53, columns 47 to 93 of 131]
-9999 -9999 -9999 -9999 -9999 -9999 -9999 -9999 -9999 -9999 -9999 -9999 -9999 -9999 -9999 -9999 -9999 -9999 -9999 -9999 -9999 -9999 -9999 -9999 -9999 -9999 -9999 -9999 -9999 -9999 -9999 -9999 -9999 -9999 -9999 -9999 -9999 -9999 -9999 -9999 -9999 -9999 -9999 -9999 -9999 -9999 -9999
-9999 -9999 -9999 -9999 -9999 -9999 -9999 -9999 -9999 -9999 -9999 -9999 -9999 -9999 -9999 -9999 -9999 -9999 -9999 -9999 -9999 -9999 -9999 -9999 -9999 -9999 -9999 -9999 -9999 -9999 -9999 -9999 -9999 -9999 -9999 -9999 -9999 -9999 -9999 -9999 -9999 -9999 -9999 -9999 -9999 -9999 -9999
-9999 -9999 -9999 -9999 -9999 -9999 -9999 -9999 -9999 -9999 -9999 -9999 -9999 -9999 -9999 -9999 -9999 -9999 -9999 -9999 -9999 -9999 -9999 -9999 -9999 -9999 -9999 15.084654490153 15.0942661144115 -9999 -9999 -9999 -9999 -9999 -9999 -9999 -9999 -9999 -9999 -9999 -9999 -9999 -9999 -9999 -9999 -9999 -9999
-9999 -9999 -9999 -9999 -9999 -9999 -9999 -9999 -9999 -9999 -9999 -9999 -9999 -9999 -9999 -9999 -9999 -9999 -9999 -9999 -9999 -9999 -9999 -9999 -9999 -9999 -9999 15.1370316964609 15.1823506531892 -9999 -9999 -9999 -9999 -9999 -9999 -9999 -9999 -9999 -9999 -9999 -9999 -9999 -9999 -9999 -9999 -9999 -9999
-9999 -9999 -9999 -9999 -9999 -9999 -9999 -9999 -9999 14.9244820630109 14.9244875731292 14.9328390050817 14.9781583150228 -9999 -9999 -9999 -9999 -9999 15.0911244992857 15.0626633608783 14.9827757588139 15.0074077535559 15.13440156866 15.3476593935931 15.4579535237065 15.4349572570236 15.3765439987183 15.2209448990998 15.5053989269115 15.8270294401381 -9999 -9999 18.1952031453451 18.3938899570041 18.0594180071795 18.3712603251139 18.7031399055764 18.4488682217068 18.3313050446687 18.6212572168421 18.5289439448604 18.7642093234592 -9999 -9999 -9999 -9999 -9999
-9999 -9999 -9999 -9999 -9999 -9999 -9999 -9999 14.930315512198 14.9237700921518 14.9193552158497 14.9244875731292 14.9279392383717 14.9786254035102 15.0462459281639 -9999 15.0528815234149 14.9981068858394 15.057704395718 15.2364196777344 15.4619699407507 15.6921821523596 15.3412741201895 15.6257216842086 15.8130477975916 16.0824597676595 16.0473212136163 15.963015238444 16.2167224177608 15.9506850066008 17.634914610121 17.896419984323 18.1806916130914 18.5084978739421 18.8269520512334 19.1774602819372 19.4295970069038 19.4512908370407 19.3332657284207 19.2167192388464 19.0886765232793 18.8802972016511 18.674448578446 18.4754592047797 -9999 -9999 -9999
-9999 -9999 -9999 -9999 -9999 -9999 -9999 -9999 14.9573941054168 14.930315512198 14.9172247780694 14.9053928233959 14.9067732493083 14.9416980036983 15.0251114103529 15.0528903890539 15.0569699605306 15.0816049575806 15.1938640099985 15.5259282853868 16.0230276672928 16.6064786557798 17.0996981726752 17.4637460355405 17.6124396500764 17.7723233964708 17.845778853805 17.7040290479307 17.8501201558996 18.0175146879973 18.4464461008708 18.9252413290518 19.2672094415735 19.5496068883825 19.9902155840838 20.249288700245 20.2402215180574 20.4395032812048 20.3993999339916 20.2266701592339 20.0895167456733 19.8400580794723 19.3792314882632 18.8576117621528 18.4243337136728 18.4151991385001 -9999
-9999 -9999 -9999 -9999 -9999 -9999 -9999 -9999 -9999 -9999 14.9459426667955 14.9319353103638 14.9358446686356 -9999 14.9937277899848 15.1449387868245 15.1746958979854 15.2347501118978 15.3423553396154 15.6806270104867 16.0966214074029 16.7932279021652 17.6937041812473 18.5838680267334 19.0618165334066 19.2441808912489 19.2724848146792 19.2082921487314 19.1775505631058 19.3189662650779 19.6397236718072 19.9652417500814 20.1643351095694 20.3682704501682 20.4857537304914 19.2385597582217 18.5977762010362 19.8006054207131 20.8004574245877 20.9089544790762 20.8149072152597 20.5736319930465 20.1030734026874 19.5852286020915 19.0035730997721 18.4076417993616 17.8250509191442
-9999 -9999 -9999 -9999 -9999 -9999 -9999 -9999 -9999 -9999 -9999 -9999 -9999 -9999 15.0079081500018 15.2167005185728 15.342391649882 15.3587807549371 15.5305993468673 15.7380046138057 16.0135382546319 16.6606534322103 18.0355418876365 18.9978290134006 19.7231600726092 20.0505097707113 20.0578816731771 19.9948136364972 19.9779477296052 20.0723592263681 20.3009105964943 20.5646061367459 20.8381243811713 20.481375447026 18.2738126825403 16.303264759205 16.6331098697804 18.2277326937075 19.7163769050881 20.812062157525 21.1029461048267 21.0162859316225 20.6279026314064 20.1712825210006 19.6997748480903 19.0934585288719 18.2006114677147
15.2005011593854 -9999 -9999 -9999 -9999 -9999 -9999 -9999 -9999 -9999 15.816377569128 15.6067403157552 -9999 -9999 -9999 15.5047870918556 15.7044968428435 15.755325211419 15.7565288190488 15.8846761562206 16.0917741281015 16.9826827579074 18.4001933203803 19.3282472115976 20.1942463627568 20.5772409085874 20.5759375536883 20.4561636889422 20.4250846438938 20.5317586969446 20.7128471091942 20.9708940717909 20.9246711024532 16.8606420093113 14.7013690030133 14.8054682060524 15.6729758580526 16.5593588793719 17.7518285468773 19.2407695628979 20.6987521560104 21.2686145923756 20.9628321329753 20.6293155528881 20.2258995903863 19.643450277823 18.7466865822121
15.2209248012967 15.1896677723637 -9999 -9999 -9999 -9999 -9999 -9999 -9999 -9999 16.1507459923073 16.3089436778316 16.3243502157706 -9999 -9999 15.8644504193906 15.9483595247622 15.9937547401146 15.9909489596332 16.0727030789411 16.5169914386891 17.877926296658 18.9217170432762 19.869441209016 20.777825249566 21.1057551348651 21.0501038586652 20.8789131729691 20.8445512277109 20.9114521167896 21.0801770952013 21.1363297215214 19.7174415588379 13.2842342588637 11.9580594168769 12.3731254648279 13.7359525539257 14.6075199974908 16.0935965290776 17.3254001405504 19.3405059531883 20.9498423823604 21.1471316726119 20.9328697345875 20.5775220659044 20.0370411343045 19.2200202941895
15.4029758594654 15.3627619566741 15.5006341580991 15.6941719055176 -9999 -9999 -9999 -9999 -9999 -9999 -9999 16.4323580353348 16.6510537465413 16.4501548343235 16.7261335938065 16.4143137048792 16.222719863609 16.1063717029713 16.1781491880064 16.5724637066876 17.978810345685 19.2440020243327 20.0173556009928 20.7352194609465 21.2861115490949 21.4796516983597 21.3942669762505 21.3004598264341 21.2655520262542 21.2932924341272 21.2157181633843 19.3592171139187 13.3430733150906 10.1612200913606 9.56133874257406 9.48646660204287 10.2257239023844 11.7051775896991 13.5440481327198 15.3185396547671 17.0701086962665 19.30046971639 20.9667104085286 21.0910124602141 20.8155157301161 20.3612409521032 19.6765721638997
16.0426784797951 15.8287158542209 15.7717567373205 15.8021371982716 -9999 -9999 -9999 -9999 16.2735086370398 16.351554022895 16.3828508942216 16.6169168684218 16.5329454210069 16.9947066836887 17.6742768111052 17.7893017309683 17.0691143318459 16.2224171249955 16.5744038687812 17.2988559934828 19.166131761339 20.3305712099429 20.8680311838786 21.3098544368037 21.5261808324743 21.4798610122116 20.8777738500524 19.104067131325 18.5149670353642 17.7838329385828 14.3858047767922 10.4905595779419 7.99294401098181 7.74357128143311 7.42355491496899 7.21864045107806 9.17064899868435 10.1587619428281 11.2928747954192 12.8011034153126 14.530984348721 16.3365538208573 18.6706806465432 20.3947553281431 20.7782145606147 20.7262356369584 20.4644144552725
16.6334936353895 16.5352972525137 16.3680112626817 16.1718107859294 16.1517650816176 16.1549597846137 16.1891934076945 16.2693385371455 16.3664332495795 16.5055890259919 16.6667750676473 16.3855516645643 17.1675416805126 18.3423812301071 19.0080594663267 18.4811908580639 17.731633928087 17.6214250282005 17.755715334857 18.6569890622739 19.1825166278415 20.4309343408655 20.8874833142316 19.7642720540365 17.3579683657046 16.1491574534663 13.6787155645865 11.2297921357331 9.70768707769888 8.21088215156838 6.34222948992694 5.6199167392872 5.43302497157344 5.96571932898627 6.20371707280477 6.78450151726052 8.59868643018934 9.97739495171441 10.8121604213008 11.5408738807396 12.7221192607173 14.169962282534 15.7088680620547 17.0812865010014 19.0487623214722 20.1040636698405 20.7656991040265
17.3629490181252 17.2880992182979 16.9526163030554 16.7259663475884 16.6665280659993 16.6991425266972 16.8126114032887 16.9532303280301 17.168050871955 17.4094992743598 17.6319766221223 18.0930370754666 19.0159990522597 19.8038318775318 20.1816214102286 19.9877052307129 19.1858232286241 18.350187725491 19.0804706856057 19.7340286396168 20.1097698918095 18.4260416384097 16.9576330538149 12.823303717154 10.2985632507889 8.87195753168177 6.87978636776959 5.91657716256601 5.28509645108823 4.71829880608453 4.56320713184498 4.50728174492165 4.59385439201638 5.2226123103389 5.75274493959215 6.87769716757315 8.29615970894142 9.94145403967963 10.5834088502107 11.261432894954 11.8925989292286 12.9469380202117 14.2623846266005 15.3272244488751 16.7743832623517 17.9794918342873 20.6647294362386
18.6081534491645 18.2934890323215 17.784867922465 17.4682162955955 17.6007714448152 17.8211118556835 17.9795245064629 18.1502813763089 18.549452746356 18.9256664558693 19.2395485065601 19.7227107153998 20.1922556559245 20.5133407027633 20.6450400175872 20.6710872650146 20.4744700679073 19.8531998528375 20.4415231634069 19.9553854200575 17.2548267223217 13.0452550605491 10.7453806488602 8.60217862659031 6.53162154444942 5.57587312769007 5.01509558712995 4.52097956339518 4.37373940149943 4.32045800597579 4.31130008344297 4.31683330182676 4.44940305639196 5.12829815899884 5.89241907331679 7.0672746764289 8.37320970605921 9.51781343530726 10.2631541711313 11.1207997004191 11.6692375606961 12.2892363159745 13.3274387430262 14.6688331674646 15.9982491952402 16.5839829621492 18.5429450141059
19.5429592132568 19.17624424122 18.7734551606355 18.4640071303756 18.5238362065068 18.8237841570819 19.1008487277561 19.3659316875316 19.64019980254 19.945779800415 20.2119315818504 20.5324687957764 20.705594168769 20.697468439738 20.4580525292291 20.385029192324 20.3859763675266 20.1211858678747 18.0809287318477 14.3396225682011 10.5452366228457 7.59138137322885 6.44928026199341 5.66462633344862 5.01965648156625 4.68222918333831 4.43711655228226 4.31437004937066 4.28534532476355 4.27822468015883 4.27887981909293 4.30651145511203 4.47234367441248 5.1155989434984 5.83920893845735 6.93467232033058 8.13257093782778 9.13976881239149 10.0916707780626 10.8905700754236 11.4582266984163 11.9766980983593 12.9691444679543 13.8827472262912 15.0209121350889 16.4099439691614 17.1980370768794
20.4869389004178 20.1864232663755 19.8367014284487 19.5254416289153 19.4164210425483 19.5489549990054 19.7764326731364 20.0031019846598 20.2292455037435 20.4722777472602 20.7293759805185 20.8044120647289 18.8929491396304 16.2242699022646 17.4025698767768 19.1351409488254 18.8298326421667 17.3156170668425 14.8877772931699 10.1688987237436 6.75312639165808 5.51176115318581 5.08998422269468 4.6360919740465 4.43826256857978 4.35268622857553 4.30335959681758 4.27913070608068 4.26685742978697 4.26849465899997 4.27028014924791 4.30365498860677 4.47036893279464 5.04451981297246 5.64296461034704 6.64573796590169 7.37826658178259 8.51567384931776 9.58073029694734 10.4239592022366 11.2313468721178 11.8199248137297 12.5334459234167 13.5050181282891 14.7783790517736 15.7080590636642 16.6877080776073
21.3901150314896 21.2124659220378 20.9985230057328 20.7941349877252 20.6404620276557 20.6030654200801 20.6792744530572 20.8103468859637 21.0088320131655 21.2132271660699 21.3023324895788 21.2053198637786 18.8739085020842 12.1977515750461 10.2178584911205 11.8071203938237 12.3254860772027 12.6365839993512 10.9887335388749 8.10737397935655 6.04252670429371 5.09048103403162 4.550138703099 4.38991318808662 4.30581207628603 4.290975217466 4.272738121174 4.26489400863647 4.26592579594365 4.26530915719491 4.27013192353425 4.27420395391959 4.40166791280111 4.92898986957691 5.34304329201027 6.05237602304529 6.72631680523908 7.45298126008776 8.39072117982087 9.44030355524134 10.4776092811867 11.1327880576805 11.933920789648 12.7782887352837 13.8879677101418 15.0000086890327 16.0458817305388
22.0457977012352 21.9516611452456 21.8775838922571 21.7812973305031 21.6816564489294 21.6054571646231 21.5838445734095 21.6010926564534 21.6396952735053 21.648680863557 21.5624527401394 21.2626434608742 19.8062060320819 13.422120058978 9.44929970635308 7.44303648560135 7.27149345256664 8.00104248965228 7.62919662616871 6.44553228660866 5.17228802928218 4.72028018810131 4.428674309342 4.3320143311112 4.29394621319241 4.2826749307138 4.265601211124 4.26183193701285 4.26248873604669 4.26179105264169 4.27040110694038 4.27283917533027 4.297260566994 4.56323637785735 5.02650555857906 5.43699925034135 5.90645473974722 6.57483849702058 7.20833626499882 8.00732294718424 8.84692873778167 10.1327614960847 10.914387844227 11.7440546177052 12.6423613230387 13.651108317905 14.9131307955141
22.1192546420627 21.9350847314905 21.8522093737567 21.8712153258147 21.8593434227837 21.8207480819137 21.7878145288538 21.7212017907037 21.654033448961 21.4817320505778 20.7905973505091 20.075883158931 17.7692296063458 13.2566662541142 8.9836928402936 6.08346370414451 5.57205035951402 5.73013519357752 5.76797367025305 5.21904240714179 4.84162334159569 4.44571726410477 4.33010682353267 4.29710559491758 4.28798497164691 4.27731621706927 4.26254079960011 4.26133267084758 4.26020758240311 4.25965831897877 4.26464780171712 4.27217806710137 4.28062733897456 4.31501418572885 4.41068954820986 4.52997380715829 4.83803388807509 5.35404581493802 6.03016457734285 6.63036171595256 7.14808306870637 7.86204150870994 8.83316665225559 9.96512808623137 10.7534826419972 11.8364712397257 12.7160209373192
