Ecospace-environmental-drivers/Outputs/ASCII-for-ecospace/Temp-bot/Temp-bot_X1995.04.asc
NCOLS 131 
NROWS 53 
XLLCORNER -98 
YLLCORNER 23.9265270233154 
CELLSIZE 0.133587792515755 
NODATA_value -3.4e+38 
[rows 21 to 41 of 53, columns 0 to 46 of 131]
-3.4e+38 -3.4e+38 -3.4e+38 -3.4e+38 -3.4e+38 -3.4e+38 22.1231784820557 22.0907154083252 21.8805198669434 22.1855602264404 21.4958992004395 21.0744342803955 20.7495784759521 20.7329387664795 20.7266254425049 20.7181301116943 20.729528427124 20.7307224273682 20.7072105407715 20.6889247894287 20.6543884277344 20.5554828643799 20.4129753112793 20.3320446014404 20.248405456543 20.1857509613037 20.1629123687744 20.0917167663574 19.9773483276367 19.7823810577393 19.6411991119385 19.6843814849854 19.8058567047119 19.8686084747314 19.7974052429199 19.7208442687988 19.6988964080811 19.757345199585 19.7593078613281 19.6840419769287 19.5825939178467 19.6464881896973 19.530912399292 19.5174102783203 19.5138206481934 19.4590644836426 19.2356719970703
-3.4e+38 -3.4e+38 -3.4e+38 -3.4e+38 -3.4e+38 -3.4e+38 22.3265399932861 21.952278137207 22.0907154083252 21.3652820587158 20.9363422393799 20.7162532806396 20.6972064971924 20.745698928833 20.8282279968262 20.872034072876 20.8914699554443 20.8258399963379 20.6930332183838 20.5255336761475 20.2568073272705 20.0240287780762 19.9228515625 19.869571685791 19.7675380706787 19.6991443634033 19.5149974822998 19.447774887085 19.4627742767334 19.4963054656982 19.4719390869141 19.4037075042725 19.3668346405029 19.2175903320312 19.0533180236816 19.0819396972656 18.9736404418945 18.9352741241455 18.7775936126709 18.2266883850098 18.4970626831055 18.627233505249 17.8965435028076 18.2081737518311 18.5165271759033 18.3688335418701 18.136116027832
-3.4e+38 -3.4e+38 -3.4e+38 -3.4e+38 22.512357711792 22.4745693206787 22.1585369110107 22.3265399932861 21.4395809173584 20.8622150421143 20.700553894043 20.7095279693604 20.821662902832 20.9586009979248 21.0137367248535 20.964225769043 20.7667140960693 20.5590133666992 20.3532829284668 19.9875450134277 19.051082611084 17.4713649749756 15.9219150543213 15.5799808502197 15.6449565887451 15.1960363388062 15.2562274932861 16.3382225036621 17.942024230957 17.2262401580811 18.4281253814697 18.6927394866943 18.6866855621338 16.9952392578125 18.4775276184082 17.6255836486816 16.1657638549805 16.3266754150391 14.9322938919067 11.7454710006714 12.6614685058594 12.4970932006836 14.4989719390869 13.0435104370117 14.3237533569336 14.6234588623047 14.6980695724487
-3.4e+38 -3.4e+38 -3.4e+38 -3.4e+38 22.6397132873535 22.4227886199951 22.4745693206787 21.674503326416 20.9062118530273 20.6838302612305 20.7078170776367 20.8165798187256 20.9161968231201 20.7688407897949 20.414587020874 20.1512298583984 19.1578197479248 16.9363136291504 15.3714618682861 13.2271318435669 10.7026529312134 9.02671813964844 9.69108390808105 9.81784629821777 10.3868961334229 10.2376956939697 10.7086172103882 10.3778963088989 11.0198183059692 10.6322317123413 11.3401021957397 12.9675168991089 13.3678770065308 14.2388792037964 15.2463312149048 14.5804843902588 15.0151071548462 13.8988189697266 11.4937324523926 8.18167304992676 8.99323749542236 9.68131160736084 9.81116390228271 8.88372993469238 8.3915958404541 8.94404983520508 7.82221937179565
-3.4e+38 -3.4e+38 -3.4e+38 -3.4e+38 -3.4e+38 22.6397132873535 22.1540813446045 21.0810832977295 20.7104930877686 20.6856498718262 20.7657318115234 20.81667137146 20.4670486450195 19.5108184814453 17.9099025726318 15.4734163284302 12.2688579559326 8.95975494384766 8.28186130523682 7.19579935073853 6.39453554153442 6.29876184463501 6.49212884902954 6.71385860443115 7.17036533355713 6.80173206329346 7.03291654586792 7.08118343353271 6.76657438278198 6.78260087966919 6.87059688568115 8.19674682617188 9.18512725830078 11.3800668716431 11.2509765625 11.5469627380371 10.7060737609863 9.0392017364502 6.48659896850586 6.28773164749146 6.93390512466431 6.95286321640015 6.2504563331604 6.1894474029541 6.20461463928223 6.45073413848877 6.04980993270874
-3.4e+38 -3.4e+38 -3.4e+38 -3.4e+38 -3.4e+38 22.5539836883545 21.551383972168 20.7712135314941 20.6738586425781 20.7574462890625 20.8150386810303 20.4760227203369 19.3099060058594 16.903356552124 14.0641937255859 11.2517280578613 7.91245460510254 6.42494678497314 6.09990882873535 5.49140214920044 5.08600187301636 5.12902641296387 5.15586185455322 5.55845165252686 5.2598762512207 5.42788934707642 5.32480096817017 5.18088340759277 5.43533039093018 5.15425109863281 5.69920349121094 6.39224195480347 7.42849159240723 8.10274791717529 7.08825445175171 7.47479104995728 6.96661520004272 5.7436580657959 5.54823637008667 5.31276082992554 5.68693542480469 5.23707294464111 5.50136661529541 5.50487375259399 5.53516912460327 5.62656879425049 5.04513120651245
-3.4e+38 -3.4e+38 23.94797706604 23.8810958862305 22.9443054199219 22.298849105835 21.076997756958 20.6881504058838 20.7060127258301 20.8027000427246 20.6908130645752 19.6385765075684 17.5160980224609 14.2508478164673 10.8531856536865 9.05655765533447 6.66152143478394 5.33158349990845 4.93179035186768 4.849693775177 4.92330980300903 4.93941450119019 4.94882011413574 4.90685987472534 4.89774560928345 4.94534778594971 4.7512354850769 4.71097421646118 4.79120016098022 4.95688581466675 5.37422180175781 5.60751104354858 5.89999866485596 5.94176959991455 5.99566030502319 5.71350288391113 5.59259414672852 5.48487424850464 5.2216477394104 5.02273178100586 5.07701778411865 4.97660303115845 4.80254602432251 4.73019409179688 4.89800453186035 4.88819408416748 4.59214782714844
-339999999999999996128486808808066248288.000000000000000 -3.4e+38 -3.4e+38 -3.4e+38 23.8142127990723 22.1065063476562 20.8422985076904 20.6576328277588 20.7509841918945 20.7326927185059 20.5970039367676 18.5833263397217 14.9405126571655 11.1559925079346 9.15309715270996 7.34670639038086 5.63794469833374 5.02681064605713 4.88612127304077 4.82245349884033 4.91006517410278 4.82055902481079 4.84034824371338 4.86647510528564 4.95146226882935 4.9173731803894 4.73807907104492 4.81698369979858 4.61701822280884 4.76875162124634 4.98237943649292 5.00574254989624 5.3327488899231 5.45525693893433 5.34374809265137 5.20743083953857 5.09801435470581 4.94571733474731 4.92306661605835 4.8547625541687 4.65025329589844 4.57457160949707 4.43540906906128 4.43997955322266 4.43155574798584 4.42405462265015 4.41869831085205
-3.4e+38 -3.4e+38 -3.4e+38 -3.4e+38 23.4959964752197 21.9169216156006 20.7794322967529 20.655445098877 20.7747097015381 20.6953678131104 20.2546691894531 17.4835453033447 12.5580987930298 9.36769866943359 7.0694637298584 6.24942684173584 5.57577991485596 5.10252141952515 4.87270879745483 4.87430858612061 4.62341928482056 4.43782043457031 4.45056867599487 4.47426128387451 4.4929986000061 4.69419717788696 4.63228273391724 4.57903099060059 4.4515528678894 4.76327991485596 4.81556463241577 4.88205432891846 4.75566339492798 4.84675312042236 4.79185152053833 4.46923828125 4.60506534576416 4.56147289276123 4.5118236541748 4.45898628234863 4.43386316299438 4.40645217895508 4.37738943099976 4.34159469604492 4.36988353729248 4.33282041549683 4.30633592605591
-3.4e+38 -3.4e+38 -3.4e+38 -3.4e+38 23.4021701812744 21.9883670806885 20.7979278564453 20.6323204040527 20.7614669799805 20.6914577484131 20.0687999725342 15.5045299530029 10.4494857788086 8.04969882965088 6.31472969055176 5.66602611541748 5.13036584854126 4.9137396812439 4.45272350311279 4.42525148391724 4.35972833633423 4.38779783248901 4.43600368499756 4.46756267547607 4.41514110565186 4.48878479003906 4.69421243667603 4.36066436767578 4.34289407730103 4.51883792877197 4.77449655532837 4.60344171524048 4.53492307662964 4.54903078079224 4.45486307144165 4.42884206771851 4.43560695648193 4.45486354827881 4.41236686706543 4.3926420211792 4.35964107513428 4.32501649856567 4.29575490951538 4.30399036407471 4.28150367736816 4.28471803665161 4.26594400405884
-3.4e+38 -3.4e+38 -3.4e+38 -3.4e+38 24.3961906433105 22.368013381958 20.8856620788574 20.6593914031982 20.7209415435791 20.7243099212646 19.8589344024658 15.1980352401733 10.0029706954956 7.54702949523926 6.06462812423706 4.9808177947998 4.72077703475952 4.59291791915894 4.39877223968506 4.34585762023926 4.31132984161377 4.32005643844604 4.38197183609009 4.43364763259888 4.43450880050659 4.48355722427368 4.86045265197754 4.74379920959473 4.41192531585693 4.44020652770996 4.40830850601196 4.33832550048828 4.3738489151001 4.39419031143188 4.40842342376709 4.41185808181763 4.40267419815063 4.37972021102905 4.34279012680054 4.31139135360718 4.29471349716187 4.27457571029663 4.25724935531616 4.25444030761719 4.25372982025146 4.25500392913818 4.24569082260132
-3.4e+38 -3.4e+38 -3.4e+38 -3.4e+38 24.3723983764648 22.8959445953369 21.1544589996338 20.7141628265381 20.6109008789062 20.7705612182617 20.5727348327637 17.5591888427734 10.663535118103 7.17213582992554 5.82815074920654 4.81239414215088 4.39794731140137 4.38817834854126 4.38457822799683 4.32181787490845 4.29105615615845 4.29244661331177 4.29394674301147 4.29837369918823 4.39485168457031 4.38283348083496 4.41197299957275 4.4032826423645 4.3774242401123 4.34942197799683 4.31487941741943 4.34633493423462 4.38255500793457 4.35797071456909 4.3226466178894 4.33828496932983 4.33242607116699 4.32182312011719 4.28776502609253 4.26869964599609 4.25970649719238 4.25247716903687 4.30015802383423 4.25035238265991 4.247962474823 4.24632549285889 4.24896335601807
-3.4e+38 -3.4e+38 -3.4e+38 -3.4e+38 24.2457599639893 23.4942169189453 21.7329635620117 20.876989364624 20.6818428039551 20.7538776397705 20.9029941558838 20.0658740997314 12.9901027679443 7.15569972991943 5.41460800170898 4.88830280303955 4.44653415679932 4.38402986526489 4.35734987258911 4.30209732055664 4.28157472610474 4.28164911270142 4.27582359313965 4.28265476226807 4.28808403015137 4.2751202583313 4.27165460586548 4.26043510437012 4.27728891372681 4.29204702377319 4.29153490066528 4.32514953613281 4.31741046905518 4.29824447631836 4.29270458221436 4.29606914520264 4.28402233123779 4.28054285049438 4.26821994781494 4.28268909454346 4.25905513763428 4.26406955718994 4.29209661483765 4.30037641525269 4.27660417556763 4.2431173324585 4.25876140594482
-3.4e+38 -3.4e+38 -3.4e+38 -3.4e+38 -3.4e+38 23.3409595489502 22.4669818878174 21.1816921234131 20.8483219146729 20.8916683197021 21.0769653320312 20.9384002685547 15.9380359649658 7.40804147720337 5.51257610321045 4.92914295196533 4.56838655471802 4.39414882659912 4.35607814788818 4.29563760757446 4.27847766876221 4.27351236343384 4.26265621185303 4.27410125732422 4.27501487731934 4.27494716644287 4.25716114044189 4.2494854927063 4.26677942276001 4.27851676940918 4.28721189498901 4.28962516784668 4.28614616394043 4.28251266479492 4.28593969345093 4.27457189559937 4.27693939208984 4.27494430541992 4.26916933059692 4.26510381698608 4.27656698226929 4.29286527633667 4.28075075149536 4.26207113265991 4.29468059539795 4.27888107299805 4.24763059616089
-3.4e+38 -3.4e+38 -3.4e+38 -3.4e+38 -3.4e+38 24.7257843017578 22.9410152435303 21.5034790039062 20.9442310333252 20.9230785369873 21.247163772583 21.1550693511963 16.6235275268555 7.75194263458252 5.76844644546509 4.93704891204834 4.81313753128052 4.41955280303955 4.34943962097168 4.28251123428345 4.26683902740479 4.26531028747559 4.26353216171265 4.25640201568604 4.25801658630371 4.30254745483398 4.28636980056763 4.25942230224609 4.26941680908203 4.26012182235718 4.26914644241333 4.27678346633911 4.27965927124023 4.27901363372803 4.29903125762939 4.26124715805054 4.27460098266602 4.27654933929443 4.27146291732788 4.27053451538086 4.27527236938477 4.28990602493286 4.29280281066895 4.27614831924438 4.25929260253906 4.24658250808716 4.23213005065918
-3.4e+38 -3.4e+38 -3.4e+38 -3.4e+38 -3.4e+38 24.8715114593506 23.1261348724365 21.6269683837891 21.0344657897949 20.8874835968018 21.1407356262207 21.0028800964355 14.9808683395386 7.3560733795166 5.45441722869873 4.9307279586792 4.94022130966187 4.78408670425415 4.30883359909058 4.27387809753418 4.26311683654785 4.26489782333374 4.25806856155396 4.2498140335083 4.2501482963562 4.25313472747803 4.26036405563354 4.25820446014404 4.24949932098389 4.26200914382935 4.26225185394287 4.25780010223389 4.25902557373047 4.26475429534912 4.27159309387207 4.25402593612671 4.25741100311279 4.26792049407959 4.27123880386353 4.27032947540283 4.27956295013428 4.28269529342651 4.28087997436523 4.26632690429688 4.24453926086426 4.23543691635132 4.23585987091064
-3.4e+38 -3.4e+38 -3.4e+38 -3.4e+38 -3.4e+38 -3.4e+38 23.1887531280518 21.6827640533447 21.0981864929199 20.8603954315186 20.9751510620117 20.7735595703125 15.3011674880981 7.82587862014771 5.51609468460083 4.94620800018311 5.25390291213989 4.85245513916016 4.30010271072388 4.2721095085144 4.2650933265686 4.2630295753479 4.24763536453247 4.24266576766968 4.25067710876465 4.27223062515259 4.25792694091797 4.27239370346069 4.26507568359375 4.25575304031372 4.24894380569458 4.24263906478882 4.23899126052856 4.23974657058716 4.24325227737427 4.24898242950439 4.28104543685913 4.26535224914551 4.2509651184082 4.2405891418457 4.25216579437256 4.26133966445923 4.25268793106079 4.23861694335938 4.22996807098389 4.20949220657349 4.20316743850708
-3.4e+38 -3.4e+38 -3.4e+38 -3.4e+38 -3.4e+38 -3.4e+38 23.4321613311768 21.6995525360107 21.1357479095459 20.8768272399902 20.866527557373 20.623010635376 14.3267335891724 8.11294460296631 5.83455514907837 5.2202935218811 5.49165153503418 5.06853818893433 4.3349986076355 4.26863527297974 4.26476526260376 4.25932121276855 4.24610280990601 4.25073909759521 4.27330541610718 4.28676509857178 4.27770709991455 4.27651166915894 4.26270914077759 4.26349020004272 4.26406812667847 4.26216602325439 4.25425386428833 4.24586343765259 4.24328994750977 4.25003671646118 4.25609970092773 4.2569055557251 4.24924182891846 4.25737571716309 4.24634695053101 4.24554681777954 4.23967170715332 4.23417854309082 4.22487163543701 4.20001220703125 4.19016599655151
-3.4e+38 -3.4e+38 -3.4e+38 -3.4e+38 -3.4e+38 -3.4e+38 23.3726558685303 21.5173263549805 21.0529689788818 20.8728141784668 20.8431701660156 20.4019584655762 13.8986768722534 7.28625011444092 5.59990644454956 4.94556713104248 5.20813798904419 4.84160375595093 4.35649013519287 4.27116012573242 4.26499080657959 4.25937652587891 4.28974771499634 4.29022169113159 4.29261350631714 4.29738759994507 4.29402112960815 4.2858738899231 4.26957368850708 4.26145362854004 4.26189804077148 4.2606201171875 4.25184535980225 4.2432599067688 4.24016523361206 4.24449920654297 4.23987627029419 4.23329734802246 4.23158264160156 4.2282190322876 4.230055809021 4.2308874130249 4.23378324508667 4.25125074386597 4.24943685531616 4.24200582504272 4.22085189819336
-3.4e+38 -3.4e+38 -3.4e+38 -3.4e+38 -3.4e+38 24.0831871032715 22.7653369903564 21.3117084503174 20.9131050109863 20.7945671081543 21.0454368591309 19.7681140899658 12.3810691833496 6.47144079208374 5.02901697158813 4.77840852737427 4.89618921279907 4.79717254638672 4.36833763122559 4.27459049224854 4.25643491744995 4.2659387588501 4.28519010543823 4.28995800018311 4.29841613769531 4.29121398925781 4.28621435165405 4.27844667434692 4.27035093307495 4.26265287399292 4.25809335708618 4.24997520446777 4.24470615386963 4.24238252639771 4.242356300354 4.24838972091675 4.24215364456177 4.23157835006714 4.22592353820801 4.22239446640015 4.22106885910034 4.22477293014526 4.22624015808105 4.23040866851807 4.23641347885132 4.23484468460083 4.22505855560303
-3.4e+38 -3.4e+38 -3.4e+38 -3.4e+38 24.1599102020264 23.7915325164795 21.7651653289795 21.2251224517822 20.9387989044189 21.0408248901367 21.1126441955566 17.5013313293457 10.588433265686 5.75933456420898 4.92315864562988 4.80886793136597 4.90973806381226 4.64976358413696 4.35329484939575 4.26989221572876 4.25598001480103 4.27303457260132 4.27072095870972 4.26932287216187 4.27478694915771 4.28428888320923 4.27748346328735 4.26756191253662 4.2529182434082 4.2416033744812 4.24328184127808 4.24836254119873 4.2500376701355 4.24879312515259 4.25069808959961 4.2592396736145 4.25743198394775 4.24027585983276 4.22545719146729 4.22176313400269 4.22072315216064 4.22394847869873 4.22462320327759 4.22679901123047 4.22731256484985 4.22427034378052 4.21795797348022
