Ecospace-environmental-drivers/Outputs/ASCII-for-ecospace/Temp-bot/Temp-bot_X2005.05.asc
NCOLS 131 
NROWS 53 
XLLCORNER -98 
YLLCORNER 23.9265270233154 
CELLSIZE 0.133587792515755 
NODATA_value -3.4e+38 
[rows 0 to 20 of 53, columns 47 to 93 of 131]
-3.4e+38 -3.4e+38 -3.4e+38 -3.4e+38 -3.4e+38 -3.4e+38 -3.4e+38 -3.4e+38 -3.4e+38 -3.4e+38 -3.4e+38 -3.4e+38 -3.4e+38 -3.4e+38 -3.4e+38 -3.4e+38 -3.4e+38 -3.4e+38 -3.4e+38 -3.4e+38 -3.4e+38 -3.4e+38 -3.4e+38 -3.4e+38 -3.4e+38 -3.4e+38 -3.4e+38 -3.4e+38 -3.4e+38 -3.4e+38 -3.4e+38 -3.4e+38 -3.4e+38 -3.4e+38 -3.4e+38 -3.4e+38 -3.4e+38 -3.4e+38 -3.4e+38 -3.4e+38 -3.4e+38 -3.4e+38 -3.4e+38 -3.4e+38 -3.4e+38 -3.4e+38 -3.4e+38
-3.4e+38 -3.4e+38 -3.4e+38 -3.4e+38 -3.4e+38 -3.4e+38 -3.4e+38 -3.4e+38 -3.4e+38 -3.4e+38 -3.4e+38 -3.4e+38 -3.4e+38 -3.4e+38 -3.4e+38 -3.4e+38 -3.4e+38 -3.4e+38 -3.4e+38 -3.4e+38 -3.4e+38 -3.4e+38 -3.4e+38 -3.4e+38 -3.4e+38 -3.4e+38 -3.4e+38 -3.4e+38 -3.4e+38 -3.4e+38 -3.4e+38 -3.4e+38 -3.4e+38 -3.4e+38 -3.4e+38 -3.4e+38 -3.4e+38 -3.4e+38 -3.4e+38 -3.4e+38 -3.4e+38 -3.4e+38 -3.4e+38 -3.4e+38 -3.4e+38 -3.4e+38 -3.4e+38
-3.4e+38 -3.4e+38 -3.4e+38 -3.4e+38 -3.4e+38 -3.4e+38 -3.4e+38 -3.4e+38 -3.4e+38 -3.4e+38 -3.4e+38 -3.4e+38 -3.4e+38 -3.4e+38 -3.4e+38 -3.4e+38 -3.4e+38 -3.4e+38 -3.4e+38 -3.4e+38 -3.4e+38 -3.4e+38 -3.4e+38 -3.4e+38 -3.4e+38 -3.4e+38 -3.4e+38 27.6264839172363 27.6091613769531 -3.4e+38 -3.4e+38 -3.4e+38 -3.4e+38 -3.4e+38 -3.4e+38 -3.4e+38 -3.4e+38 -3.4e+38 -3.4e+38 -3.4e+38 -3.4e+38 -3.4e+38 -3.4e+38 -3.4e+38 -3.4e+38 -3.4e+38 -3.4e+38
-3.4e+38 -3.4e+38 -3.4e+38 -3.4e+38 -3.4e+38 -3.4e+38 -3.4e+38 -3.4e+38 -3.4e+38 -3.4e+38 -3.4e+38 -3.4e+38 -3.4e+38 -3.4e+38 -3.4e+38 -3.4e+38 -3.4e+38 -3.4e+38 -3.4e+38 -3.4e+38 -3.4e+38 -3.4e+38 -3.4e+38 -3.4e+38 -3.4e+38 -3.4e+38 -3.4e+38 27.6452903747559 27.5267848968506 -3.4e+38 -3.4e+38 -3.4e+38 -3.4e+38 -3.4e+38 -3.4e+38 -3.4e+38 -3.4e+38 -3.4e+38 -3.4e+38 -3.4e+38 -3.4e+38 -3.4e+38 -3.4e+38 -3.4e+38 -3.4e+38 -3.4e+38 -3.4e+38
-3.4e+38 -3.4e+38 -3.4e+38 -3.4e+38 -3.4e+38 -3.4e+38 -3.4e+38 -3.4e+38 -3.4e+38 27.8829917907715 27.8829917907715 27.8819236755371 27.8368301391602 -3.4e+38 -3.4e+38 -3.4e+38 -3.4e+38 -3.4e+38 27.6159477233887 27.5882358551025 27.5671119689941 27.6000804901123 27.5891361236572 27.7811260223389 27.7433319091797 27.7199401855469 27.6606197357178 27.6165790557861 27.7456378936768 28.1381320953369 -3.4e+38 -3.4e+38 24.115255355835 23.4390354156494 23.9581661224365 23.1031284332275 22.7345542907715 23.9222106933594 24.1602687835693 22.8379802703857 23.7539710998535 23.4408988952637 -3.4e+38 -3.4e+38 -3.4e+38 -3.4e+38 -3.4e+38
-3.4e+38 -3.4e+38 -3.4e+38 -3.4e+38 -3.4e+38 -3.4e+38 -3.4e+38 -3.4e+38 27.8829917907715 27.8829917907715 27.8829917907715 27.8829917907715 27.8808574676514 27.8350734710693 27.7483978271484 -3.4e+38 27.7628688812256 27.7658386230469 27.6074085235596 27.5023040771484 27.2473678588867 27.1058578491211 27.1630630493164 27.1605224609375 27.1181106567383 26.9179973602295 26.7513656616211 27.3247127532959 27.6690902709961 28.0541610717773 25.5280494689941 24.8583297729492 24.4747180938721 23.012716293335 22.3105411529541 22.1497020721436 22.0596733093262 22.0687465667725 22.0862617492676 22.1720657348633 22.5567359924316 23.3693943023682 24.0834922790527 24.5036773681641 -3.4e+38 -3.4e+38 -3.4e+38
-3.4e+38 -3.4e+38 -3.4e+38 -3.4e+38 -3.4e+38 -3.4e+38 -3.4e+38 -3.4e+38 27.8890991210938 27.8829917907715 27.8829917907715 27.8829917907715 27.8829917907715 27.8787231445312 27.8301811218262 27.7483978271484 27.7965888977051 27.7406520843506 27.6879119873047 27.5463485717773 26.6420707702637 25.9175510406494 24.6798877716064 23.8858814239502 23.8291358947754 23.5857620239258 23.2510948181152 23.9430522918701 24.1423149108887 23.8987426757812 23.3607711791992 22.3634033203125 22.0660285949707 21.6032791137695 21.2049407958984 20.5380535125732 19.7469539642334 20.0146541595459 20.3398265838623 20.5034141540527 20.6839256286621 21.2747840881348 22.2001171112061 23.2410850524902 24.0187168121338 23.962818145752 -3.4e+38
-3.4e+38 -3.4e+38 -3.4e+38 -3.4e+38 -3.4e+38 -3.4e+38 -3.4e+38 -3.4e+38 -3.4e+38 -3.4e+38 27.8829917907715 27.8829917907715 27.8829917907715 -3.4e+38 27.874454498291 27.8148784637451 27.90651512146 27.9665966033936 27.9199676513672 27.7710609436035 27.2354316711426 26.7548751831055 24.0446300506592 21.9855766296387 21.3897552490234 21.2992172241211 21.2739391326904 21.7786598205566 21.9630813598633 21.6373310089111 21.1307010650635 20.9918060302734 21.1548175811768 20.5584926605225 19.4677734375 17.615062713623 17.1483974456787 17.850528717041 18.7095279693604 19.1375389099121 19.5777568817139 20.277006149292 21.1422748565674 21.5760097503662 22.6604652404785 24.029577255249 25.1425151824951
-3.4e+38 -3.4e+38 -3.4e+38 -3.4e+38 -3.4e+38 -3.4e+38 -3.4e+38 -3.4e+38 -3.4e+38 -3.4e+38 -3.4e+38 -3.4e+38 -3.4e+38 -3.4e+38 27.908353805542 27.8205471038818 27.9549789428711 28.0518207550049 27.971809387207 27.9136734008789 27.6067962646484 27.0806999206543 23.5300273895264 21.6118392944336 20.1858654022217 19.9037914276123 20.224063873291 20.4189491271973 20.6132659912109 20.467435836792 20.1939601898193 20.2902183532715 20.2634773254395 18.4970874786377 16.7112255096436 15.4978055953979 15.7247285842896 16.7967071533203 17.7490329742432 18.3442268371582 18.8508815765381 19.565860748291 20.0587978363037 20.4003715515137 21.129810333252 22.0936450958252 24.1477108001709
28.2103042602539 -3.4e+38 -3.4e+38 -3.4e+38 -3.4e+38 -3.4e+38 -3.4e+38 -3.4e+38 -3.4e+38 -3.4e+38 28.1292762756348 28.0479049682617 -3.4e+38 -3.4e+38 -3.4e+38 27.9433479309082 27.9968357086182 28.1276626586914 28.0364151000977 27.9119491577148 27.7181091308594 26.1126270294189 23.0183544158936 21.3887882232666 19.715389251709 19.8695259094238 20.4857616424561 20.5410556793213 20.4246654510498 20.1053886413574 19.9649753570557 19.6399745941162 18.5296611785889 15.7948398590088 14.3842401504517 14.5598840713501 15.0693778991699 15.6556882858276 16.3896160125732 17.4142608642578 18.3284435272217 19.3461437225342 19.8302745819092 20.1539649963379 20.7866153717041 21.5441226959229 23.0163459777832
28.0987300872803 28.0834197998047 -3.4e+38 -3.4e+38 -3.4e+38 -3.4e+38 -3.4e+38 -3.4e+38 -3.4e+38 -3.4e+38 28.2358226776123 28.2169399261475 28.2128162384033 -3.4e+38 -3.4e+38 27.9795093536377 28.0114936828613 28.2518939971924 28.1311130523682 27.8163871765137 26.866153717041 24.2958755493164 22.7388439178467 20.9593162536621 19.5270977020264 20.0307235717773 20.6528568267822 20.4246215820312 20.0815486907959 19.8940773010254 19.3413753509521 18.4152183532715 17.5544204711914 13.2261219024658 12.2274971008301 12.3924131393433 13.181079864502 13.9414482116699 15.1208181381226 16.0355014801025 17.424201965332 18.3736991882324 19.4714488983154 20.3261528015137 21.0172233581543 21.6978244781494 22.8257274627686
28.1942863464355 28.1838245391846 28.2930011749268 28.4135723114014 -3.4e+38 -3.4e+38 -3.4e+38 -3.4e+38 -3.4e+38 -3.4e+38 -3.4e+38 28.2256946563721 28.2036552429199 28.2128162384033 27.6982841491699 27.6676120758057 28.1811256408691 28.1399688720703 27.7916679382324 26.5953769683838 24.2031135559082 22.5922813415527 21.2856483459473 19.3684349060059 19.2883377075195 19.7091426849365 19.9909534454346 19.5985507965088 18.8840198516846 18.4804725646973 18.0661811828613 16.9387512207031 12.2801485061646 9.5746488571167 8.81715965270996 8.63233852386475 9.45786380767822 11.3119010925293 13.0226221084595 14.442777633667 15.7512540817261 17.3873519897461 18.5696887969971 19.98659324646 20.8470325469971 21.9060211181641 22.5746669769287
27.8415050506592 28.2654361724854 28.4540557861328 28.4936599731445 -3.4e+38 -3.4e+38 -3.4e+38 -3.4e+38 28.3173656463623 28.2954444885254 28.1557350158691 27.8911418914795 28.295654296875 28.1024971008301 26.4983177185059 25.848970413208 26.8257598876953 26.9408950805664 27.0812568664551 24.9954586029053 22.0631332397461 20.2935237884521 19.1870574951172 19.0988311767578 19.1682796478271 19.0039024353027 18.3452339172363 17.0723266601562 16.4906806945801 15.6788415908813 12.6626749038696 9.18099117279053 7.17906904220581 7.26990079879761 7.06706714630127 6.95480442047119 8.70551013946533 9.84167575836182 11.0893964767456 12.3124933242798 13.8061199188232 15.1567878723145 16.7869186401367 18.3582248687744 19.2441272735596 19.9173851013184 20.4368801116943
27.1008853912354 27.3568000793457 27.7803153991699 28.1685791015625 28.3130550384521 28.2014961242676 28.1733379364014 28.21702003479 28.237813949585 28.1066570281982 28.0612602233887 28.1770267486572 26.7660293579102 24.9429607391357 23.5136680603027 24.6244297027588 26.4273090362549 26.6408252716064 26.4223346710205 24.0161895751953 22.4877738952637 19.2586536407471 18.8943653106689 17.8380870819092 15.9954700469971 14.7159366607666 12.2109651565552 9.83640670776367 8.2475061416626 6.55095911026001 5.30302476882935 4.96815490722656 5.0525860786438 5.68502950668335 5.9592547416687 6.72055912017822 8.41919994354248 9.57772159576416 10.532154083252 11.1289253234863 12.2254638671875 13.4343042373657 14.7144241333008 15.6930437088013 17.3083629608154 18.2463340759277 19.1841220855713
26.5478477478027 26.6508388519287 27.0515022277832 27.6244926452637 28.0151767730713 28.0976524353027 28.1510772705078 28.0301914215088 27.8119068145752 27.3509159088135 26.7682838439941 24.6622905731201 23.209041595459 21.5306930541992 20.4920883178711 21.5706977844238 23.8214054107666 27.6187477111816 27.3381538391113 24.3410110473633 19.8065414428711 17.2538146972656 15.6078128814697 11.3796415328979 9.07071971893311 7.57380151748657 5.66433095932007 5.03696727752686 4.71180582046509 4.44109916687012 4.40981435775757 4.41121292114258 4.46889400482178 5.08033752441406 5.55955219268799 6.89247369766235 8.11383056640625 9.44054126739502 10.0864019393921 10.7729978561401 11.3661470413208 12.3548231124878 13.7498826980591 14.5229415893555 15.4959802627563 16.4148330688477 18.5267848968506
24.427303314209 24.9351177215576 25.7280216217041 26.4955196380615 26.5693798065186 26.369514465332 26.1392631530762 25.792854309082 25.2824230194092 24.120677947998 23.2330169677734 22.3457870483398 21.1363143920898 19.8836097717285 19.2441940307617 19.3596248626709 20.6214065551758 23.2429599761963 20.6664505004883 19.4681606292725 16.0818214416504 11.9575166702271 9.53344440460205 7.67091131210327 5.79692697525024 5.08685541152954 4.78830718994141 4.38920593261719 4.32678890228271 4.31014204025269 4.296799659729 4.30312490463257 4.39048671722412 5.04532241821289 5.66888046264648 6.93718862533569 8.07354831695557 9.00148105621338 9.86528301239014 10.7725172042847 11.2517290115356 11.7082509994507 12.8462619781494 14.0080890655518 15.1666650772095 15.5436868667603 16.6866111755371
22.8538608551025 23.2729911804199 23.909215927124 24.7905769348145 25.2865257263184 24.9189338684082 24.2348670959473 23.8335494995117 23.5122737884521 22.7431774139404 21.8204936981201 20.7460803985596 19.7322254180908 18.9476642608643 18.4361267089844 18.3737773895264 18.6769485473633 18.7958030700684 17.1631145477295 13.094367980957 8.99890518188477 6.43440628051758 5.54224824905396 5.1510796546936 4.82139110565186 4.59562349319458 4.42856693267822 4.34019374847412 4.30755519866943 4.27734613418579 4.27163028717041 4.30096054077148 4.41873550415039 5.02234315872192 5.53327178955078 6.53419399261475 7.70593404769897 8.62578582763672 9.51823806762695 10.6064100265503 11.2074413299561 11.3699817657471 12.4292755126953 13.2100944519043 14.2341003417969 15.4732418060303 15.9176511764526
21.4354019165039 21.6843605041504 22.051721572876 22.729850769043 23.3897171020508 23.5710277557373 23.3622245788574 23.1540851593018 22.8378486633301 22.0421867370605 20.7410945892334 19.0308113098145 17.3415966033936 14.8419208526611 15.9455947875977 17.7162609100342 17.9096755981445 16.8602981567383 14.4383230209351 9.29268169403076 5.85304975509644 5.00755548477173 4.83204746246338 4.48142337799072 4.39274454116821 4.3400731086731 4.32146310806274 4.29672527313232 4.25977325439453 4.25542449951172 4.26170873641968 4.30552911758423 4.44405746459961 4.92231321334839 5.34650373458862 6.0732159614563 6.86342668533325 8.0083065032959 9.02197265625 10.0861663818359 11.0369596481323 11.2593231201172 11.8626337051392 12.7449464797974 13.8917579650879 14.6015014648438 15.6306390762329
19.498571395874 19.7369689941406 20.1259956359863 20.6141471862793 21.0863399505615 21.4639530181885 21.6076202392578 21.4669189453125 20.7379360198975 19.9967231750488 19.2755756378174 18.7736015319824 17.2396183013916 11.2806587219238 9.08868980407715 10.3959865570068 11.2627935409546 12.3504781723022 10.9553117752075 7.89318943023682 5.77647590637207 4.9972939491272 4.49856090545654 4.38610506057739 4.31484508514404 4.30010366439819 4.28856182098389 4.28401327133179 4.27091073989868 4.26487302780151 4.27257299423218 4.27840662002563 4.38114786148071 4.82717609405518 5.10303020477295 5.58629322052002 6.21680355072021 6.94594621658325 7.79686832427979 8.93017578125 10.2165794372559 11.03466796875 11.5146951675415 12.0387077331543 12.8532915115356 13.7201099395752 14.7495317459106
18.2849788665771 18.3304538726807 18.4728984832764 18.6502170562744 18.9981021881104 19.4160861968994 19.5322933197021 19.4700546264648 19.2587413787842 19.077974319458 18.9770011901855 18.9805850982666 18.6255226135254 13.3445129394531 9.53033638000488 6.55879163742065 6.46907091140747 7.23859453201294 7.44144058227539 6.27048587799072 4.95371198654175 4.71116638183594 4.43066358566284 4.36288928985596 4.32047462463379 4.29925394058228 4.2714786529541 4.28067445755005 4.27716445922852 4.27278995513916 4.27562236785889 4.27316761016846 4.28813362121582 4.46055555343628 4.83968639373779 5.14484596252441 5.4276328086853 6.05603361129761 6.76098728179932 7.51350498199463 8.48251914978027 9.83578586578369 10.5001773834229 10.967059135437 11.5550212860107 12.3452377319336 13.5489730834961
17.9651355743408 17.9662837982178 18.0734386444092 18.1597232818604 18.2113494873047 18.3114795684814 18.4268035888672 18.5330448150635 18.6442432403564 18.7793979644775 18.9451217651367 19.143590927124 17.8632297515869 13.452467918396 9.23208713531494 5.89984083175659 5.2978687286377 5.35490036010742 5.70185661315918 5.0147819519043 4.86513996124268 4.43138217926025 4.3151478767395 4.3041820526123 4.30977058410645 4.29243326187134 4.26962804794312 4.27188158035278 4.27281904220581 4.27244424819946 4.27383327484131 4.27510976791382 4.27328300476074 4.26380252838135 4.30416250228882 4.37375497817993 4.59643173217773 5.01587772369385 5.55513381958008 6.20418787002563 6.69632005691528 7.39661598205566 8.14375591278076 9.10634899139404 9.74471092224121 10.6966943740845 11.6449222564697
