Ecospace-environmental-drivers/Outputs/ASCII-for-ecospace/Temp-bot/Temp-bot_X2020.01.asc
NCOLS 131 
NROWS 53 
XLLCORNER -98 
YLLCORNER 23.9265270233154 
CELLSIZE 0.133587792515755 
NODATA_value -3.4e+38 
[rows 0 to 20 of 53, columns 47 to 93 of 131]
-3.4e+38 -3.4e+38 -3.4e+38 -3.4e+38 -3.4e+38 -3.4e+38 -3.4e+38 -3.4e+38 -3.4e+38 -3.4e+38 -3.4e+38 -3.4e+38 -3.4e+38 -3.4e+38 -3.4e+38 -3.4e+38 -3.4e+38 -3.4e+38 -3.4e+38 -3.4e+38 -3.4e+38 -3.4e+38 -3.4e+38 -3.4e+38 -3.4e+38 -3.4e+38 -3.4e+38 -3.4e+38 -3.4e+38 -3.4e+38 -3.4e+38 -3.4e+38 -3.4e+38 -3.4e+38 -3.4e+38 -3.4e+38 -3.4e+38 -3.4e+38 -3.4e+38 -3.4e+38 -3.4e+38 -3.4e+38 -3.4e+38 -3.4e+38 -3.4e+38 -3.4e+38 -3.4e+38
-3.4e+38 -3.4e+38 -3.4e+38 -3.4e+38 -3.4e+38 -3.4e+38 -3.4e+38 -3.4e+38 -3.4e+38 -3.4e+38 -3.4e+38 -3.4e+38 -3.4e+38 -3.4e+38 -3.4e+38 -3.4e+38 -3.4e+38 -3.4e+38 -3.4e+38 -3.4e+38 -3.4e+38 -3.4e+38 -3.4e+38 -3.4e+38 -3.4e+38 -3.4e+38 -3.4e+38 -3.4e+38 -3.4e+38 -3.4e+38 -3.4e+38 -3.4e+38 -3.4e+38 -3.4e+38 -3.4e+38 -3.4e+38 -3.4e+38 -3.4e+38 -3.4e+38 -3.4e+38 -3.4e+38 -3.4e+38 -3.4e+38 -3.4e+38 -3.4e+38 -3.4e+38 -3.4e+38
-3.4e+38 -3.4e+38 -3.4e+38 -3.4e+38 -3.4e+38 -3.4e+38 -3.4e+38 -3.4e+38 -3.4e+38 -3.4e+38 -3.4e+38 -3.4e+38 -3.4e+38 -3.4e+38 -3.4e+38 -3.4e+38 -3.4e+38 -3.4e+38 -3.4e+38 -3.4e+38 -3.4e+38 -3.4e+38 -3.4e+38 -3.4e+38 -3.4e+38 -3.4e+38 -3.4e+38 14.4484224319458 14.454532623291 -3.4e+38 -3.4e+38 -3.4e+38 -3.4e+38 -3.4e+38 -3.4e+38 -3.4e+38 -3.4e+38 -3.4e+38 -3.4e+38 -3.4e+38 -3.4e+38 -3.4e+38 -3.4e+38 -3.4e+38 -3.4e+38 -3.4e+38 -3.4e+38
-3.4e+38 -3.4e+38 -3.4e+38 -3.4e+38 -3.4e+38 -3.4e+38 -3.4e+38 -3.4e+38 -3.4e+38 -3.4e+38 -3.4e+38 -3.4e+38 -3.4e+38 -3.4e+38 -3.4e+38 -3.4e+38 -3.4e+38 -3.4e+38 -3.4e+38 -3.4e+38 -3.4e+38 -3.4e+38 -3.4e+38 -3.4e+38 -3.4e+38 -3.4e+38 -3.4e+38 14.3741874694824 14.3327579498291 -3.4e+38 -3.4e+38 -3.4e+38 -3.4e+38 -3.4e+38 -3.4e+38 -3.4e+38 -3.4e+38 -3.4e+38 -3.4e+38 -3.4e+38 -3.4e+38 -3.4e+38 -3.4e+38 -3.4e+38 -3.4e+38 -3.4e+38 -3.4e+38
-3.4e+38 -3.4e+38 -3.4e+38 -3.4e+38 -3.4e+38 -3.4e+38 -3.4e+38 -3.4e+38 -3.4e+38 14.6636362075806 14.6636362075806 14.663498878479 14.6081457138062 -3.4e+38 -3.4e+38 -3.4e+38 -3.4e+38 -3.4e+38 14.6588687896729 14.7048778533936 14.7771406173706 14.8953142166138 15.0816335678101 15.1349811553955 15.0717840194702 14.9095239639282 14.9123821258545 14.5812797546387 14.9065618515015 15.4083042144775 -3.4e+38 -3.4e+38 16.7077045440674 16.9784507751465 16.7263126373291 16.87233543396 16.9399833679199 16.5625743865967 16.5848979949951 16.8879985809326 16.9080085754395 17.0478191375732 -3.4e+38 -3.4e+38 -3.4e+38 -3.4e+38 -3.4e+38
-3.4e+38 -3.4e+38 -3.4e+38 -3.4e+38 -3.4e+38 -3.4e+38 -3.4e+38 -3.4e+38 14.6636362075806 14.6636362075806 14.6636362075806 14.6636362075806 14.6633625030518 14.6122789382935 14.4933071136475 -3.4e+38 14.5707550048828 14.56858253479 14.6304359436035 14.7315797805786 14.8877782821655 15.1134214401245 15.1604099273682 15.2183532714844 15.2142171859741 15.2829360961914 15.2919454574585 15.3424434661865 15.5132884979248 15.4936437606812 15.9975166320801 16.3074836730957 16.7277240753174 17.0879077911377 17.3718585968018 17.5880603790283 17.8892688751221 17.8822555541992 17.5253067016602 17.3488693237305 17.2996025085449 17.063289642334 16.9203758239746 16.8052997589111 -3.4e+38 -3.4e+38 -3.4e+38
-3.4e+38 -3.4e+38 -3.4e+38 -3.4e+38 -3.4e+38 -3.4e+38 -3.4e+38 -3.4e+38 14.6872034072876 14.6636362075806 14.6636362075806 14.6636362075806 14.6636362075806 14.6630878448486 14.6290836334229 14.4933071136475 14.5529584884644 14.6681699752808 14.7447652816772 14.8691234588623 15.1162662506104 15.5462818145752 15.7270545959473 15.7759923934937 15.9914932250977 16.1652069091797 16.2256050109863 16.3725757598877 16.5909633636475 16.811107635498 17.1869926452637 17.5485401153564 17.856819152832 18.0853137969971 18.6376705169678 18.9590892791748 19.1004390716553 18.8691291809082 18.878267288208 18.5270214080811 18.2813453674316 18.0907344818115 17.6941776275635 17.1671085357666 16.7794895172119 16.9137649536133 -3.4e+38
-3.4e+38 -3.4e+38 -3.4e+38 -3.4e+38 -3.4e+38 -3.4e+38 -3.4e+38 -3.4e+38 -3.4e+38 -3.4e+38 14.6636362075806 14.6636362075806 14.6636362075806 -3.4e+38 14.6625394821167 14.6968536376953 14.6759195327759 14.7530841827393 14.8575124740601 15.0852146148682 15.4044046401978 15.8937330245972 16.3067245483398 16.3877849578857 16.9411525726318 17.1044216156006 17.080451965332 17.3104343414307 17.5806846618652 17.9409503936768 18.2975006103516 18.4758281707764 18.7367610931396 18.7310733795166 19.2584457397461 19.3188629150391 19.7280864715576 19.6283473968506 19.5447845458984 19.2544002532959 18.9952278137207 18.467342376709 18.2703113555908 17.9238929748535 17.3896770477295 16.8758430480957 16.610050201416
-3.4e+38 -3.4e+38 -3.4e+38 -3.4e+38 -3.4e+38 -3.4e+38 -3.4e+38 -3.4e+38 -3.4e+38 -3.4e+38 -3.4e+38 -3.4e+38 -3.4e+38 -3.4e+38 14.6843967437744 14.8527421951294 14.835470199585 14.8053007125854 14.9817819595337 15.2698469161987 15.6019163131714 15.9774570465088 16.7868957519531 17.0072441101074 17.4103946685791 17.8111915588379 17.8393878936768 18.0871601104736 18.3246479034424 18.573221206665 18.9918346405029 19.0803279876709 19.6179218292236 19.5999889373779 19.6558284759521 19.4020309448242 19.6796493530273 20.2506828308105 19.9799823760986 20.0345802307129 20.0767288208008 19.1830863952637 18.8608341217041 18.2897243499756 17.9148330688477 17.5757007598877 16.8558578491211
14.6179943084717 -3.4e+38 -3.4e+38 -3.4e+38 -3.4e+38 -3.4e+38 -3.4e+38 -3.4e+38 -3.4e+38 -3.4e+38 15.6392087936401 15.2999467849731 -3.4e+38 -3.4e+38 -3.4e+38 14.9903020858765 15.0363855361938 15.0280046463013 15.1482152938843 15.4493989944458 15.7454395294189 16.2869262695312 17.1930084228516 17.5484771728516 17.7776966094971 17.9686584472656 18.0365333557129 18.5209922790527 18.8323669433594 19.1977653503418 19.514310836792 19.8004150390625 20.2329006195068 19.0869846343994 17.538293838501 17.4753170013428 18.7291793823242 19.7544403076172 20.270227432251 20.6488437652588 20.7025928497314 20.2592029571533 19.7908153533936 19.3354816436768 18.7812938690186 18.2741107940674 17.4698505401611
14.4439220428467 14.3336639404297 -3.4e+38 -3.4e+38 -3.4e+38 -3.4e+38 -3.4e+38 -3.4e+38 -3.4e+38 -3.4e+38 16.1189193725586 16.1046848297119 15.9362573623657 -3.4e+38 -3.4e+38 15.2602634429932 15.1177244186401 15.0144853591919 15.1386604309082 15.3792114257812 15.8117065429688 16.7633762359619 17.6269264221191 17.9693260192871 18.1527538299561 18.5297451019287 19.0730438232422 19.19557762146 19.7535152435303 20.0817337036133 20.3781299591064 20.5045413970947 20.0832672119141 15.0843095779419 13.3832721710205 13.9614963531494 15.3831510543823 16.2075119018555 18.7234840393066 20.1937694549561 20.7782421112061 20.8647956848145 20.6559295654297 20.2599353790283 19.791675567627 19.1546859741211 18.2594318389893
14.2865467071533 14.2697372436523 14.3608064651489 14.7193365097046 -3.4e+38 -3.4e+38 -3.4e+38 -3.4e+38 -3.4e+38 -3.4e+38 -3.4e+38 16.2365837097168 16.1485958099365 15.9362573623657 16.0028133392334 15.4713268280029 14.9847898483276 14.4840106964111 14.6029949188232 14.881555557251 16.2395343780518 17.4565658569336 18.0622100830078 17.9800872802734 18.4600505828857 19.1708297729492 19.6268272399902 20.1033115386963 20.3242626190186 20.5344562530518 20.4644870758057 19.6415519714355 14.051456451416 10.9993209838867 10.0494794845581 9.79344081878662 10.804123878479 12.4769563674927 14.635214805603 17.2666702270508 20.0509147644043 20.9706249237061 20.9172496795654 20.5362377166748 20.2296848297119 19.5189037322998 18.9507331848145
14.5593528747559 14.6636657714844 14.8775148391724 14.9196882247925 -3.4e+38 -3.4e+38 -3.4e+38 -3.4e+38 15.8740110397339 15.9387664794922 16.2558403015137 16.4177417755127 16.2173252105713 16.2922058105469 16.5225276947021 15.9476013183594 15.0645608901978 13.82541847229 14.0743856430054 14.56751537323 16.8400421142578 18.0279064178467 18.3474254608154 18.587574005127 19.4388122558594 20.0366306304932 20.1386108398438 19.5278549194336 19.0796070098877 17.8479137420654 14.5319919586182 10.2596664428711 7.97599697113037 7.86543226242065 7.44128942489624 7.18318462371826 9.71098709106445 11.0603399276733 12.2736110687256 13.9425363540649 16.0178184509277 19.1069755554199 20.6079063415527 20.3737010955811 20.0423545837402 19.7355461120605 19.3583736419678
15.4549894332886 15.5356559753418 15.7555360794067 15.8441429138184 15.8507537841797 15.8925886154175 16.001049041748 16.0834579467773 16.0984306335449 16.3340549468994 16.5786018371582 16.4931392669678 16.5438060760498 16.6243381500244 16.5465831756592 16.1110324859619 15.573073387146 15.4090414047241 15.0071268081665 15.7249212265015 15.8894186019897 18.0646343231201 18.7205066680908 18.7607555389404 18.0594501495361 16.686803817749 13.9370899200439 11.0340204238892 9.01605415344238 7.23837661743164 5.63935375213623 5.1175479888916 5.26158285140991 6.04910039901733 6.36733818054199 7.14783096313477 8.82627105712891 10.4555263519287 11.5741376876831 12.7476024627686 14.1729612350464 15.5548830032349 18.046028137207 20.384937286377 20.7549381256104 20.687385559082 20.4023418426514
16.4479732513428 16.4634685516357 16.4681625366211 16.3722515106201 16.2757167816162 16.2837905883789 16.3917808532715 16.5777969360352 16.8352394104004 17.0512752532959 17.2630081176758 17.200834274292 16.8727931976318 16.7982234954834 16.7078094482422 16.7654190063477 16.1428890228271 15.4868183135986 15.3882961273193 16.298412322998 17.01637840271 18.0763607025146 17.5494174957275 12.4679908752441 9.9546947479248 8.27592372894287 6.08507013320923 5.3219952583313 4.87844276428223 4.55704355239868 4.48847007751465 4.4901819229126 4.61707067489624 5.2935791015625 5.96408224105835 7.31336307525635 8.51758289337158 10.1829767227173 11.1085796356201 12.1340866088867 13.2656469345093 14.3053464889526 15.7999248504639 17.5303821563721 20.3443336486816 21.2526512145996 21.0305271148682
17.4275760650635 17.2197303771973 17.0537796020508 16.9858341217041 17.0382823944092 17.1103267669678 17.3022880554199 17.5553855895996 17.7483291625977 17.6588973999023 17.4611835479736 17.0328407287598 16.6286945343018 16.0427989959717 15.5176248550415 16.4462184906006 16.7182331085205 16.538330078125 17.7122802734375 18.3276996612549 17.2053623199463 13.2741537094116 10.3401508331299 8.43361759185791 6.21565103530884 5.28593826293945 4.90123271942139 4.46533823013306 4.37026977539062 4.3377571105957 4.33307886123657 4.30753564834595 4.48100328445435 5.23760271072388 6.11903524398804 7.30818462371826 8.49113178253174 9.62182903289795 10.7640523910522 11.6352071762085 12.4841804504395 13.7377119064331 14.6140279769897 16.2938289642334 18.6399841308594 20.0787487030029 21.0636596679688
18.0660381317139 17.852668762207 17.6610774993896 17.508279800415 17.494010925293 17.6782989501953 17.8278579711914 17.8981666564941 17.862512588501 17.6859016418457 17.3560657501221 16.8606777191162 16.1832580566406 15.5040407180786 15.6678943634033 16.8921413421631 18.100643157959 18.41774559021 18.4078750610352 14.9365406036377 10.058705329895 6.94754362106323 5.93323802947998 5.41593456268311 4.97897291183472 4.69150066375732 4.48550891876221 4.35595273971558 4.32786750793457 4.31196928024292 4.30430030822754 4.29725360870361 4.53733396530151 5.24806976318359 6.00620985031128 7.04406833648682 8.16164302825928 9.1426477432251 10.484429359436 11.254282951355 11.9501476287842 12.9157810211182 14.0166168212891 15.0319528579712 16.5794506072998 19.1469211578369 20.3348217010498
18.5739860534668 18.3990745544434 18.0987586975098 17.9101867675781 17.9360389709473 17.9970703125 18.0347690582275 18.020866394043 17.9261074066162 17.6794128417969 17.4840679168701 16.4876708984375 16.9722881317139 16.1683597564697 17.1210670471191 18.3655529022217 18.9411430358887 18.3480091094971 15.9379215240479 10.360559463501 6.40115976333618 5.30154418945312 5.0195779800415 4.65946626663208 4.48008918762207 4.37830305099487 4.35005903244019 4.32602977752686 4.29031133651733 4.28753471374512 4.28045654296875 4.29936504364014 4.52516889572144 5.1622052192688 5.74729776382446 6.73843669891357 7.39491987228394 8.41193962097168 9.69499778747559 10.6606721878052 11.4488191604614 12.5841503143311 13.3941812515259 14.3500108718872 15.7193031311035 17.1826820373535 19.0873031616211
18.4489841461182 18.2961750030518 18.2192478179932 18.1134910583496 18.2396793365479 18.3465347290039 18.3212375640869 18.2724323272705 17.9985237121582 17.5453395843506 17.2526073455811 16.9539413452148 17.4857978820801 12.8258333206177 10.0593128204346 11.4740781784058 12.4173460006714 12.9734754562378 11.3740100860596 8.41343116760254 6.18321084976196 5.17307662963867 4.68475151062012 4.49301719665527 4.3619532585144 4.33716917037964 4.31447887420654 4.29685306549072 4.29071664810181 4.28440380096436 4.28236532211304 4.26775598526001 4.40123605728149 4.95612287521362 5.35934114456177 5.98765420913696 6.6286735534668 7.24138641357422 8.09979248046875 9.39884090423584 10.5204839706421 11.4799451828003 12.4769554138184 13.0184850692749 14.2617826461792 15.6486167907715 17.2993927001953
18.8104686737061 18.3154830932617 18.2999362945557 18.0630378723145 17.864725112915 17.7762145996094 18.0505867004395 18.2904491424561 18.1512699127197 17.7288951873779 17.3679332733154 17.3390407562256 17.891508102417 15.0954341888428 10.2842416763306 7.24252843856812 7.00669574737549 7.57886791229248 7.45969581604004 6.39991998672485 5.17910766601562 4.85112810134888 4.57792520523071 4.43423748016357 4.34148645401001 4.32208728790283 4.30488157272339 4.29253530502319 4.28759336471558 4.27880001068115 4.28403854370117 4.28046798706055 4.27653169631958 4.52034997940063 4.94442272186279 5.31134033203125 5.6639838218689 6.27381706237793 6.79218339920044 7.54840135574341 8.51253032684326 10.098072052002 11.0521011352539 11.5470657348633 12.4291658401489 13.6904497146606 15.1635770797729
19.5330181121826 18.9523448944092 18.674144744873 18.6121387481689 18.4223499298096 17.972635269165 18.0683460235596 18.2210712432861 18.1024360656738 17.92844581604 17.6608581542969 18.0140209197998 17.4886302947998 14.6930742263794 9.65773582458496 6.54093933105469 5.701988697052 5.65256214141846 5.76760053634644 5.18733358383179 4.93993091583252 4.60183429718018 4.40734243392944 4.34895133972168 4.32080221176147 4.31540012359619 4.29684972763062 4.28379678726196 4.27588129043579 4.27102041244507 4.2745099067688 4.2713737487793 4.27608871459961 4.28173446655273 4.32955026626587 4.44965791702271 4.73376083374023 5.18266868591309 5.71888971328735 6.29133605957031 6.79249858856201 7.588623046875 8.5442943572998 9.79000568389893 10.5380878448486 11.5019607543945 12.3145399093628
