Ecospace-environmental-drivers/Outputs/ASCII-for-ecospace/Temp-bot/Temp-bot_X2011.05.asc
NCOLS 131 
NROWS 53 
XLLCORNER -98 
YLLCORNER 23.9265270233154 
CELLSIZE 0.133587792515755 
NODATA_value -3.4e+38 
[rows 21 to 41 of 53, columns 0 to 46 of 131]
-3.4e+38 -3.4e+38 -3.4e+38 -3.4e+38 -3.4e+38 -3.4e+38 25.7317714691162 25.751293182373 25.6975250244141 25.8843173980713 25.5581493377686 25.3343143463135 25.0117073059082 24.6712875366211 24.3201694488525 23.7274780273438 22.9665870666504 22.3627452850342 21.8998146057129 21.4841232299805 21.2750358581543 21.0920467376709 20.826732635498 20.9855651855469 20.8829593658447 20.911075592041 20.8904571533203 20.5293083190918 20.1144771575928 19.4171028137207 19.209939956665 19.1475448608398 19.1007404327393 18.8127307891846 18.513635635376 18.3196773529053 18.261905670166 18.2960529327393 18.3305892944336 18.3664073944092 18.3927536010742 18.5547981262207 18.6046562194824 18.6978092193604 18.7532901763916 18.7958316802979 18.726863861084
-3.4e+38 -3.4e+38 -3.4e+38 -3.4e+38 -3.4e+38 -3.4e+38 25.7915267944336 25.6524925231934 25.751293182373 25.4569664001465 25.2564487457275 24.8166160583496 24.098316192627 23.1647453308105 21.9809284210205 21.0126857757568 20.6255493164062 20.2515830993652 19.9953498840332 19.7388496398926 19.1899566650391 18.6960468292236 18.5178260803223 18.5535011291504 18.6398506164551 18.8452816009521 18.6283073425293 18.2971038818359 18.3876190185547 18.4497337341309 18.3847484588623 17.9391193389893 17.6060848236084 17.4385204315186 17.3344097137451 17.482551574707 17.4262065887451 17.3665466308594 17.2415180206299 16.8649101257324 17.1586055755615 17.393627166748 16.615795135498 17.2011089324951 17.6683578491211 17.5980739593506 17.4706363677979
-3.4e+38 -3.4e+38 -3.4e+38 -3.4e+38 25.7867584228516 25.7549915313721 25.6627540588379 25.7915267944336 25.4146595001221 25.1873607635498 24.7522125244141 23.5773620605469 21.5704383850098 20.0493488311768 19.5770225524902 19.6765899658203 19.4721965789795 19.3981475830078 19.0222015380859 18.1650276184082 16.9457015991211 15.3686609268188 14.2943830490112 13.5656728744507 13.9002380371094 13.5086297988892 13.586127281189 14.3839521408081 16.0468254089355 15.280198097229 16.2381992340088 16.4700317382812 16.6581401824951 15.1310186386108 16.7755222320557 16.0205917358398 14.7217378616333 14.9191379547119 13.855936050415 10.9259128570557 11.4425172805786 11.3299446105957 13.4262065887451 11.7787199020386 12.9650821685791 13.3718709945679 14.1054229736328
-3.4e+38 -3.4e+38 -3.4e+38 -3.4e+38 25.8712539672852 25.7340297698975 25.7549915313721 25.4417419433594 25.1512184143066 24.7204742431641 23.452205657959 21.160774230957 19.5456256866455 19.0986881256104 19.0941753387451 19.1552200317383 18.3903903961182 15.600341796875 14.1125631332397 11.9392509460449 9.87055206298828 8.48354530334473 9.1146764755249 9.2970027923584 9.72303676605225 9.61143207550049 10.2661294937134 9.8975658416748 10.4120235443115 10.1016750335693 10.4538354873657 12.0588798522949 12.4918260574341 12.9531488418579 14.3439769744873 13.8592138290405 14.7412090301514 13.3568334579468 10.6615285873413 7.87951707839966 8.1929759979248 8.63045787811279 8.90115451812744 8.2423267364502 7.80918025970459 8.30131912231445 7.39648485183716
-3.4e+38 -3.4e+38 -3.4e+38 -3.4e+38 -3.4e+38 25.8712539672852 25.5758419036865 25.2369632720947 24.8944358825684 23.9869766235352 21.3760623931885 19.5105438232422 18.7957191467285 18.4318218231201 17.5029354095459 14.9346771240234 11.2717533111572 8.5733060836792 8.00003051757812 6.99178314208984 6.09326696395874 5.85268306732178 6.10374546051025 6.26940393447876 6.74322509765625 6.43276166915894 6.72704315185547 6.89145278930664 6.53384256362915 6.57306480407715 6.72903966903687 7.97660827636719 8.92325401306152 10.9696741104126 10.7679090499878 11.3428544998169 10.5388450622559 8.37900447845459 6.26167964935303 6.07029724121094 6.63011693954468 6.58579254150391 5.96583271026611 5.95521545410156 5.77682542800903 6.08244228363037 5.79207849502563
-3.4e+38 -3.4e+38 -3.4e+38 -3.4e+38 -3.4e+38 25.8213996887207 25.4189071655273 25.1567974090576 24.682279586792 22.6808643341064 19.8097515106201 18.7805023193359 18.1168212890625 16.2137889862061 13.3879451751709 10.8603057861328 7.70134735107422 6.0753436088562 5.8473916053772 5.38476419448853 5.13168430328369 5.17097520828247 5.22319984436035 5.39988088607788 5.31648111343384 5.41135025024414 5.32503271102905 5.25506019592285 5.41645050048828 5.25952100753784 5.56310939788818 6.26916408538818 7.35733985900879 8.12405395507812 6.99940919876099 7.57162237167358 6.8735408782959 5.78162527084351 5.55730247497559 5.34837627410889 5.57781505584717 5.24683856964111 5.47266912460327 5.50082063674927 5.50940418243408 5.50411033630371 4.96937370300293
-3.4e+38 -3.4e+38 26.7181415557861 26.6642055511475 26.098747253418 25.6876029968262 25.3634033203125 25.0570659637451 24.1305866241455 21.2343654632568 19.0185890197754 18.2058887481689 16.5191078186035 13.3846960067749 10.3255844116211 8.79474925994873 6.46060419082642 5.22181367874146 4.89762115478516 4.85254383087158 4.92852401733398 4.9631290435791 4.97521829605103 4.94145584106445 4.95695018768311 5.04378938674927 4.84954595565796 4.78656673431396 4.8825888633728 5.07874155044556 5.41082429885864 5.59221696853638 5.84855270385742 5.93813991546631 5.97740030288696 5.77692270278931 5.66556167602539 5.5495662689209 5.30967617034912 5.10402345657349 5.11144590377808 4.93869686126709 4.76490640640259 4.69971990585327 4.91918897628784 4.88755655288696 4.4894495010376
-339999999999999996128486808808066248288.000000000000000 -3.4e+38 -3.4e+38 -3.4e+38 26.6102695465088 25.6563186645508 25.2840557098389 24.9006099700928 23.4689826965332 20.2695693969727 18.6802024841309 17.3312187194824 13.8809947967529 10.6540040969849 8.71950912475586 7.17588520050049 5.54005289077759 5.06720352172852 4.8685941696167 4.83088254928589 4.90355062484741 4.80464172363281 4.8022665977478 4.82973194122314 4.92444276809692 4.9436092376709 4.75559425354004 4.89517164230347 4.66977739334106 4.84088754653931 5.06628131866455 5.09428310394287 5.44441080093384 5.64112997055054 5.67433071136475 5.44785070419312 5.28774547576904 5.04237651824951 5.06307506561279 4.9308762550354 4.68525791168213 4.6101222038269 4.43279695510864 4.43200731277466 4.38860702514648 4.34940814971924 4.36751174926758
-3.4e+38 -3.4e+38 -3.4e+38 -3.4e+38 26.3053779602051 25.6156558990479 25.1992149353027 24.745153427124 23.1307506561279 19.7910823822021 18.4809894561768 16.0639705657959 11.6117677688599 8.71982860565186 6.83930635452271 6.04798889160156 5.61950635910034 5.20310926437378 4.94457101821899 4.95366048812866 4.6501727104187 4.41450023651123 4.3919939994812 4.41669273376465 4.45845937728882 4.67468500137329 4.5405421257019 4.53859090805054 4.27790498733521 4.81872701644897 4.89710664749146 4.97936201095581 4.84285831451416 5.01590824127197 4.93163108825684 4.5773024559021 4.7044792175293 4.68885135650635 4.60038375854492 4.52604103088379 4.50882339477539 4.47651529312134 4.39602851867676 4.33477687835693 4.3853645324707 4.30487489700317 4.30531167984009
-3.4e+38 -3.4e+38 -3.4e+38 -3.4e+38 26.1770915985107 25.660587310791 25.1241874694824 24.5161323547363 22.9084243774414 19.7784156799316 18.3821887969971 14.2284860610962 9.72153949737549 7.5612940788269 6.06380367279053 5.57442951202393 5.18726253509521 5.03949975967407 4.49321126937866 4.45348834991455 4.37910509109497 4.39710998535156 4.41312456130981 4.39466953277588 4.35840511322021 4.43749380111694 4.66272497177124 4.06718492507935 4.07482576370239 4.45858430862427 4.88808679580688 4.63687133789062 4.57806444168091 4.66723012924194 4.54951477050781 4.51282644271851 4.50030183792114 4.52657508850098 4.48225545883179 4.49061107635498 4.43873882293701 4.39065837860107 4.33627223968506 4.34674406051636 4.29792213439941 4.29557752609253 4.29412698745728
-3.4e+38 -3.4e+38 -3.4e+38 -3.4e+38 26.8810558319092 25.7681407928467 25.1262855529785 24.477876663208 23.1999645233154 20.3746147155762 18.2890491485596 14.2010135650635 9.3406229019165 7.0871844291687 5.78455495834351 4.91744136810303 4.73922777175903 4.66084861755371 4.45427227020264 4.38854169845581 4.30900049209595 4.31781578063965 4.38945960998535 4.39072513580322 4.36896944046021 4.40935659408569 4.77076768875122 4.67386674880981 4.29160165786743 4.48292589187622 4.41000556945801 4.36706161499023 4.42246294021606 4.44461488723755 4.48159313201904 4.4854621887207 4.47941780090332 4.45063638687134 4.36290597915649 4.31011438369751 4.31500768661499 4.3078293800354 4.31593179702759 4.30104732513428 4.30222272872925 4.2957763671875 4.28284215927124
-3.4e+38 -3.4e+38 -3.4e+38 -3.4e+38 26.8556938171387 25.9333534240723 25.2805786132812 24.4740982055664 23.5858154296875 21.6241188049316 18.7962608337402 16.1108856201172 9.8908224105835 6.75780010223389 5.50747537612915 4.71328639984131 4.46906089782715 4.47836589813232 4.45069026947021 4.3473858833313 4.29947710037231 4.30708980560303 4.30852937698364 4.29961967468262 4.3722448348999 4.37651014328003 4.39979219436646 4.40373468399048 4.43508863449097 4.44112348556519 4.34322309494019 4.41542911529541 4.45129489898682 4.40950918197632 4.33622694015503 4.38138294219971 4.3338770866394 4.30204057693481 4.29349660873413 4.29347705841064 4.29718685150146 4.30087280273438 4.28395509719849 4.28262424468994 4.28112030029297 4.28226804733276 4.28164911270142
-3.4e+38 -3.4e+38 -3.4e+38 -3.4e+38 26.8041610717773 26.2506542205811 25.5251617431641 24.6465530395508 24.0125350952148 23.2075424194336 20.5927238464355 18.1392822265625 11.5377902984619 6.63555908203125 5.10187387466431 4.62193918228149 4.422034740448 4.43018436431885 4.38977766036987 4.30977964401245 4.29483461380005 4.29303598403931 4.29607200622559 4.29144811630249 4.29613494873047 4.2855486869812 4.28422403335571 4.29344272613525 4.29269027709961 4.32057619094849 4.30228757858276 4.37104988098145 4.32886505126953 4.29447460174561 4.27622413635254 4.31317853927612 4.32564830780029 4.30314302444458 4.29513597488403 4.30989122390747 4.29695749282837 4.28174495697021 4.27683639526367 4.27478456497192 4.27633237838745 4.28382730484009 4.28704071044922
-3.4e+38 -3.4e+38 -3.4e+38 -3.4e+38 -3.4e+38 26.1241283416748 25.7992343902588 24.9677486419678 24.3208503723145 23.8983917236328 22.82493019104 20.0206241607666 14.3839588165283 6.89112854003906 5.16901779174805 4.62145948410034 4.43133640289307 4.39491510391235 4.34556865692139 4.30054664611816 4.29325580596924 4.28821992874146 4.28806638717651 4.28909587860107 4.29183769226074 4.28948259353638 4.27811431884766 4.28982877731323 4.29658269882202 4.300612449646 4.29749822616577 4.29143762588501 4.28591585159302 4.28069114685059 4.27685737609863 4.28652048110962 4.29363203048706 4.29301977157593 4.29478597640991 4.29320383071899 4.28753328323364 4.27728748321533 4.27642059326172 4.27930641174316 4.26943445205688 4.27593564987183 4.28247308731079
-3.4e+38 -3.4e+38 -3.4e+38 -3.4e+38 -3.4e+38 27.2551593780518 26.0392894744873 25.1522579193115 24.5288581848145 23.7998714447021 23.2538433074951 21.1571063995361 15.1626930236816 7.22311019897461 5.36503839492798 4.62674808502197 4.59597778320312 4.37022733688354 4.3399600982666 4.29829406738281 4.2846736907959 4.28221082687378 4.29228258132935 4.28061771392822 4.28435754776001 4.29841327667236 4.29175901412964 4.26997995376587 4.27202224731445 4.29267644882202 4.30473232269287 4.30719995498657 4.29335260391235 4.27897453308105 4.29596376419067 4.27640056610107 4.28351306915283 4.28507614135742 4.29097700119019 4.29029846191406 4.28473329544067 4.27382373809814 4.26923894882202 4.26601791381836 4.26715803146362 4.27108287811279 4.27600622177124
-3.4e+38 -3.4e+38 -3.4e+38 -3.4e+38 -3.4e+38 27.3669300079346 26.2117328643799 25.1887969970703 24.4824638366699 23.5103054046631 23.0798816680908 21.1459674835205 13.4218845367432 6.8355770111084 5.20158767700195 4.7124342918396 4.69092512130737 4.55434417724609 4.32497787475586 4.28654718399048 4.27680492401123 4.27616119384766 4.27850437164307 4.29051303863525 4.30463552474976 4.30302619934082 4.30716371536255 4.30676507949829 4.30365705490112 4.32230520248413 4.32030820846558 4.31538534164429 4.31065988540649 4.29723358154297 4.3249306678772 4.31749153137207 4.28266096115112 4.27416467666626 4.27157497406006 4.27341413497925 4.27110242843628 4.26762056350708 4.26312875747681 4.26171922683716 4.2683219909668 4.27351045608521 4.28008413314819
-3.4e+38 -3.4e+38 -3.4e+38 -3.4e+38 -3.4e+38 -3.4e+38 26.3667507171631 25.1799430847168 24.3621292114258 23.3675918579102 22.5503025054932 20.4790325164795 13.850154876709 7.32001781463623 5.32586812973022 4.84424781799316 4.99035739898682 4.67473745346069 4.32819032669067 4.28173398971558 4.26746559143066 4.26935482025146 4.28312587738037 4.30778789520264 4.34905481338501 4.34855890274048 4.32371520996094 4.35793018341064 4.3809757232666 4.38238048553467 4.38312721252441 4.3825216293335 4.38121366500854 4.37921047210693 4.37731313705444 4.37465333938599 4.36393022537231 4.31090307235718 4.28484344482422 4.27315092086792 4.26944589614868 4.27018642425537 4.26850318908691 4.27090644836426 4.27945709228516 4.27896165847778 4.27333211898804
-3.4e+38 -3.4e+38 -3.4e+38 -3.4e+38 -3.4e+38 -3.4e+38 26.5786552429199 25.046365737915 24.0528469085693 23.0297603607178 21.6639518737793 19.5932235717773 12.8823175430298 7.62604284286499 5.6209454536438 5.17453908920288 5.23131084442139 4.84558248519897 4.35088777542114 4.27546787261963 4.25703763961792 4.27362489700317 4.30162191390991 4.33901453018188 4.37110662460327 4.36864328384399 4.36785936355591 4.37438249588013 4.37961721420288 4.37942361831665 4.37952852249146 4.37933969497681 4.37761878967285 4.37594604492188 4.37596130371094 4.37626171112061 4.37424993515015 4.36493539810181 4.35522508621216 4.33543348312378 4.29289817810059 4.28640174865723 4.28522872924805 4.29379606246948 4.29825878143311 4.28849601745605 4.28037357330322
-3.4e+38 -3.4e+38 -3.4e+38 -3.4e+38 -3.4e+38 -3.4e+38 26.661413192749 24.5942230224609 23.3946399688721 22.378101348877 20.8327465057373 18.4720001220703 12.4685382843018 6.79671001434326 5.46498918533325 4.89757490158081 5.10803365707397 4.70023775100708 4.36077642440796 4.28324365615845 4.2666654586792 4.30221796035767 4.35688209533691 4.36862897872925 4.37605094909668 4.37905693054199 4.37785387039185 4.37984943389893 4.38026714324951 4.37911796569824 4.37800359725952 4.37705087661743 4.37619256973267 4.37534761428833 4.37492322921753 4.37632846832275 4.37659645080566 4.37505102157593 4.37141799926758 4.36890983581543 4.36565113067627 4.35705089569092 4.3435230255127 4.31802129745483 4.32504415512085 4.33845901489258 4.34003877639771
-3.4e+38 -3.4e+38 -3.4e+38 -3.4e+38 -3.4e+38 27.3026180267334 26.2675914764404 24.0720443725586 22.9226512908936 21.8867244720459 20.0902404785156 17.4508056640625 11.3766202926636 6.20114088058472 5.05655431747437 4.78524351119995 4.82028245925903 4.71163845062256 4.36383581161499 4.29916143417358 4.27930784225464 4.35544109344482 4.37583065032959 4.37935209274292 4.38237524032593 4.38344669342041 4.38332414627075 4.38272190093994 4.38294506072998 4.38323068618774 4.38329744338989 4.38232517242432 4.38056993484497 4.38005542755127 4.37939739227295 4.37994384765625 4.37996196746826 4.37846755981445 4.37633514404297 4.37459135055542 4.37229251861572 4.36964988708496 4.36564540863037 4.3545069694519 4.35055923461914 4.35087203979492 4.3613715171814
-3.4e+38 -3.4e+38 -3.4e+38 -3.4e+38 27.2472724914551 27.1689319610596 25.2527637481689 23.5995445251465 22.6924438476562 21.1733360290527 18.7821846008301 15.5713510513306 9.67153453826904 5.68428945541382 4.96790075302124 4.82222604751587 4.92977428436279 4.6628885269165 4.36819791793823 4.31362771987915 4.32247066497803 4.38224840164185 4.3811559677124 4.38381195068359 4.38431787490845 4.38699769973755 4.38680696487427 4.38724851608276 4.38878488540649 4.38969993591309 4.38995599746704 4.38912343978882 4.3872013092041 4.38618326187134 4.38608837127686 4.38610172271729 4.38495874404907 4.38306951522827 4.38095903396606 4.37832307815552 4.37522792816162 4.3715934753418 4.36768531799316 4.36586809158325 4.36654424667358 4.36441707611084 4.36300086975098
