Ecospace-environmental-drivers/Outputs/ASCII-for-ecospace/Temp-bot/Temp-bot_X2008.05.asc
NCOLS 131 
NROWS 53 
XLLCORNER -98 
YLLCORNER 23.9265270233154 
CELLSIZE 0.133587792515755 
NODATA_value -3.4e+38 
[rows 21 to 41 of 53, columns 0 to 46 of 131]
-3.4e+38 -3.4e+38 -3.4e+38 -3.4e+38 -3.4e+38 -3.4e+38 26.408561706543 26.4535541534424 26.2676296234131 26.6124591827393 25.7969341278076 25.2312850952148 24.5218772888184 23.9630756378174 23.6093082427979 23.3147926330566 23.0778026580811 22.7059631347656 22.0832176208496 21.6440505981445 21.1335792541504 20.6906852722168 20.4355659484863 20.4845237731934 20.4916324615479 20.5060081481934 20.4259967803955 20.0737571716309 19.6571464538574 19.1167182922363 18.9387493133545 18.7985363006592 18.8614139556885 18.7557792663574 18.5620975494385 18.4000301361084 18.3350772857666 18.3653316497803 18.3680210113525 18.3176307678223 18.2522983551025 18.2218170166016 18.1150989532471 17.9431896209717 17.7882614135742 17.7352390289307 17.7267379760742
-3.4e+38 -3.4e+38 -3.4e+38 -3.4e+38 -3.4e+38 -3.4e+38 26.5259094238281 26.2462215423584 26.4535541534424 25.7368774414062 25.0810489654541 24.2973136901855 23.3666515350342 22.6562671661377 22.2795543670654 21.9495601654053 21.7641716003418 21.5362014770508 21.1036357879639 20.6186656951904 19.777027130127 19.2495193481445 19.0790748596191 19.1043548583984 19.1565246582031 19.2473468780518 18.9174308776855 18.4680557250977 18.3704013824463 18.2985248565674 18.2872276306152 18.0493927001953 17.9083442687988 17.8242568969727 17.782205581665 17.8739604949951 17.8474864959717 17.8232860565186 17.7572650909424 17.4540386199951 17.7779521942139 17.8571491241455 17.4657096862793 17.6660137176514 17.7366580963135 17.4958553314209 17.4681606292725
-3.4e+38 -3.4e+38 -3.4e+38 -3.4e+38 26.5550861358643 26.5370483398438 26.3110179901123 26.5259094238281 25.7592029571533 25.0028820037842 24.0688781738281 22.9160327911377 21.7585487365723 20.9027118682861 20.609806060791 20.9284172058105 20.8421154022217 20.6698188781738 20.1775379180908 19.0790863037109 17.7827987670898 16.4941349029541 15.3863773345947 14.4337062835693 15.1869516372681 14.4092674255371 14.747501373291 15.7009773254395 17.0257377624512 16.4557781219482 17.2825088500977 17.3861064910889 17.4400386810303 16.544792175293 17.6175212860107 17.1099720001221 16.0820064544678 16.1189136505127 14.8771295547485 11.5083961486816 12.2327241897583 12.1085443496704 14.3289499282837 12.6416931152344 13.8534803390503 14.3050546646118 14.917046546936
-3.4e+38 -3.4e+38 -3.4e+38 -3.4e+38 26.6691627502441 26.4590492248535 26.5370483398438 25.8700942993164 24.9690570831299 23.8609046936035 22.7260456085205 21.4438228607178 20.3789958953857 19.781042098999 19.5686569213867 19.5988025665283 18.8992881774902 16.3547496795654 14.8532218933105 12.6893129348755 10.2912368774414 8.88574504852295 9.44749355316162 9.68893337249756 10.1647081375122 10.1130418777466 10.6908254623413 10.0899848937988 10.8195238113403 10.502760887146 11.0964088439941 12.8080539703369 13.327618598938 13.9663858413696 15.0769233703613 14.5098838806152 15.082350730896 13.8971681594849 11.2409448623657 7.98703336715698 8.62478446960449 9.18199729919434 9.41715431213379 8.70808601379395 8.22719860076904 8.69639873504639 7.70014095306396
-3.4e+38 -3.4e+38 -3.4e+38 -3.4e+38 -3.4e+38 26.6691627502441 26.1709365844727 25.2176647186279 24.0117511749268 22.5558261871338 21.396427154541 20.2729091644287 19.3965454101562 18.6816444396973 17.6319198608398 15.3626194000244 12.0765085220337 8.82719707489014 8.27155208587646 7.16575336456299 6.2521767616272 6.0885705947876 6.34759759902954 6.548828125 7.06997489929199 6.64635801315308 6.85513210296631 6.9561595916748 6.54814004898071 6.58489894866943 6.68871307373047 7.91404294967651 8.90126323699951 11.008358001709 10.8363447189331 11.287914276123 10.5098428726196 8.63079357147217 6.29462623596191 6.09768629074097 6.73937797546387 6.82653665542603 6.22257280349731 6.14552783966064 6.04344177246094 6.33260536193848 5.9873046875
-3.4e+38 -3.4e+38 -3.4e+38 -3.4e+38 -3.4e+38 26.5025234222412 25.7247333526611 24.5598640441895 23.019624710083 21.4617309570312 20.4088821411133 19.4925727844238 18.3941402435303 16.4586315155029 14.0076694488525 11.2926921844482 7.94801712036133 6.28133249282837 6.04998970031738 5.53146028518677 5.17113447189331 5.19933700561523 5.22707176208496 5.58147525787354 5.36149978637695 5.49536275863647 5.36375617980957 5.20051574707031 5.43702793121338 5.22694396972656 5.62380886077881 6.11180353164673 7.13518190383911 7.77106761932373 6.78265857696533 7.21858644485474 6.70993614196777 5.73718166351318 5.50695657730103 5.33112001419067 5.60916376113892 5.23774433135986 5.42046451568604 5.34451484680176 5.40994119644165 5.4894871711731 5.0768346786499
-3.4e+38 -3.4e+38 28.0688972473145 27.8948249816895 26.9680461883545 26.2992496490479 25.498966217041 23.9294147491455 22.0075969696045 20.5562343597412 19.6118412017822 18.5727462768555 16.70068359375 13.7710657119751 10.4966287612915 8.88172817230225 6.5496187210083 5.37245225906372 5.02966070175171 4.97989225387573 5.02346801757812 5.0117506980896 5.02719402313232 4.99017333984375 5.01115322113037 5.08370542526245 4.79423856735229 4.71690082550049 4.80168437957764 5.04774570465088 5.42559385299683 5.60515213012695 5.79348230361938 5.8374285697937 5.81774234771729 5.60054540634155 5.50550031661987 5.41585302352905 5.21768808364868 5.07220125198364 5.04870843887329 4.92698383331299 4.79432201385498 4.72278451919556 4.86190843582153 4.86638212203979 4.61559867858887
-339999999999999996128486808808066248288.000000000000000 -3.4e+38 -3.4e+38 -3.4e+38 27.7207546234131 26.2488040924072 25.1596965789795 23.2135639190674 21.1318626403809 19.8487777709961 19.0017433166504 17.4460391998291 14.4729557037354 10.6944332122803 8.77951145172119 7.1677827835083 5.64359712600708 5.10825824737549 4.98534774780273 4.9189567565918 4.99063014984131 4.88619184494019 4.89303779602051 4.91189336776733 5.03319549560547 5.04275798797607 4.79498958587646 4.93602609634399 4.59791994094849 4.85482788085938 5.0463809967041 5.05108261108398 5.31972789764404 5.4112286567688 5.35208940505981 5.20507669448853 5.11053943634033 4.95809745788574 4.90189266204834 4.77431488037109 4.64583730697632 4.54862308502197 4.41707134246826 4.41030216217041 4.40553760528564 4.42416620254517 4.42713260650635
-3.4e+38 -3.4e+38 -3.4e+38 -3.4e+38 27.4304122924805 26.073579788208 24.7416877746582 22.6138324737549 20.6373405456543 19.4796123504639 18.5308990478516 16.3510475158691 11.9570074081421 8.96461868286133 6.74483680725098 6.00344610214233 5.57171106338501 5.17809629440308 4.98363351821899 4.98315095901489 4.67042922973633 4.44140911102295 4.42071294784546 4.43147802352905 4.46313858032227 4.70497512817383 4.56655740737915 4.5471134185791 4.34862565994263 4.88325786590576 4.94951677322388 4.93520069122314 4.77118682861328 4.86649227142334 4.8195161819458 4.49750900268555 4.62208223342896 4.60462665557861 4.55090808868408 4.4923882484436 4.3998908996582 4.35330963134766 4.3386869430542 4.31478643417358 4.34558010101318 4.30769300460815 4.29948377609253
-3.4e+38 -3.4e+38 -3.4e+38 -3.4e+38 27.3258419036865 26.0746517181396 24.6407012939453 22.4165229797363 20.4415187835693 19.3788681030273 18.3523330688477 14.7934341430664 10.1216382980347 7.74436616897583 6.02848052978516 5.59874629974365 5.18314075469971 5.03492164611816 4.45639944076538 4.4444146156311 4.37039613723755 4.39431619644165 4.42084741592407 4.43472576141357 4.33911371231079 4.45736932754517 4.71351003646851 4.15619564056396 4.17540788650513 4.50743246078491 4.8772439956665 4.64729309082031 4.54817914962769 4.54927825927734 4.47038412094116 4.44045925140381 4.45698165893555 4.46276426315308 4.40819454193115 4.36218786239624 4.32394647598267 4.31227493286133 4.30721664428711 4.3170051574707 4.29847240447998 4.29070234298706 4.28859329223633
-3.4e+38 -3.4e+38 -3.4e+38 -3.4e+38 28.1635913848877 26.2993240356445 24.652286529541 22.6982383728027 20.6396465301514 19.4251384735107 18.2950325012207 14.6412534713745 9.68166255950928 7.21114110946655 5.81411266326904 5.00556373596191 4.78356647491455 4.65103340148926 4.396728515625 4.34026384353638 4.31398344039917 4.30635070800781 4.38630867004395 4.40107154846191 4.39182710647583 4.4797682762146 4.91949319839478 4.78742599487305 4.32779026031494 4.47877216339111 4.46122980117798 4.37218189239502 4.38120603561401 4.38965129852295 4.41169404983521 4.41731262207031 4.42533397674561 4.3827805519104 4.32106685638428 4.28337144851685 4.2898097038269 4.29497623443604 4.29806661605835 4.29343938827515 4.29234504699707 4.29247903823853 4.29380464553833
-3.4e+38 -3.4e+38 -3.4e+38 -3.4e+38 28.1861476898193 26.7220993041992 25.0064735412598 23.2220420837402 21.2753295898438 19.821798324585 18.7850151062012 16.5786285400391 10.3203182220459 6.86841201782227 5.69407939910889 4.8381199836731 4.39474105834961 4.37183570861816 4.3859748840332 4.31868982315063 4.29453897476196 4.28928375244141 4.28699493408203 4.27861070632935 4.43487167358398 4.46129274368286 4.48162460327148 4.45871782302856 4.43975591659546 4.42729759216309 4.35504817962646 4.3445782661438 4.36352348327637 4.35501384735107 4.31902360916138 4.34653234481812 4.32804346084595 4.30703115463257 4.28199911117554 4.27133655548096 4.2780385017395 4.29100751876831 4.25927305221558 4.26424312591553 4.27222299575806 4.28918981552124 4.29771757125854
-3.4e+38 -3.4e+38 -3.4e+38 -3.4e+38 28.2052249908447 27.290563583374 25.7060317993164 23.7867317199707 22.2904376983643 20.942419052124 19.5640525817871 18.3807888031006 12.5185489654541 6.80440044403076 5.35182619094849 4.92124509811401 4.47668266296387 4.37006568908691 4.35478687286377 4.30376148223877 4.29598522186279 4.2951226234436 4.28137063980103 4.28133916854858 4.33168649673462 4.30357694625854 4.29941368103027 4.29740619659424 4.29821681976318 4.32447099685669 4.31358289718628 4.34226608276367 4.3195743560791 4.28939056396484 4.28540754318237 4.30352067947388 4.29543495178223 4.28986883163452 4.28289985656738 4.28463363647461 4.27407598495483 4.27725982666016 4.26155614852905 4.2506890296936 4.25234746932983 4.27800750732422 4.28552484512329
-3.4e+38 -3.4e+38 -3.4e+38 -3.4e+38 -3.4e+38 27.1246681213379 26.4191074371338 24.4154605865479 22.9847984313965 22.0378322601318 20.6910400390625 19.4628486633301 15.2333869934082 7.1053671836853 5.43299722671509 4.94150543212891 4.57123756408691 4.36872291564941 4.33679294586182 4.30657482147217 4.30669689178467 4.29634761810303 4.27006244659424 4.28417730331421 4.32079267501831 4.29097700119019 4.282151222229 4.28882598876953 4.28328466415405 4.29113531112671 4.29394674301147 4.29071950912476 4.28281450271606 4.27887964248657 4.27275371551514 4.28156518936157 4.28410577774048 4.2807674407959 4.28085660934448 4.27612924575806 4.26864194869995 4.26239633560181 4.2599835395813 4.26253843307495 4.24881887435913 4.25322246551514 4.25716114044189
-3.4e+38 -3.4e+38 -3.4e+38 -3.4e+38 -3.4e+38 28.684476852417 26.7941799163818 24.8335380554199 23.2979469299316 22.5415573120117 21.2130832672119 19.83935546875 15.7744693756104 7.53668022155762 5.62615060806274 4.9437780380249 4.81845235824585 4.39219379425049 4.34462213516235 4.31178712844849 4.29139757156372 4.28978586196899 4.2795991897583 4.27511739730835 4.27933645248413 4.30084991455078 4.29291677474976 4.26872253417969 4.26358366012573 4.27917289733887 4.29046678543091 4.2861647605896 4.28192138671875 4.27660799026489 4.27560567855835 4.26373958587646 4.2816333770752 4.28974103927612 4.28005933761597 4.26880121231079 4.27226161956787 4.25359535217285 4.25113725662231 4.2512731552124 4.25095558166504 4.25327348709106 4.25995254516602
-3.4e+38 -3.4e+38 -3.4e+38 -3.4e+38 -3.4e+38 28.8756351470947 26.9959335327148 24.9186859130859 23.4379062652588 22.3597888946533 21.126651763916 19.8088340759277 14.4614477157593 7.02001523971558 5.3846263885498 4.95956182479858 4.94733476638794 4.76916265487671 4.34900665283203 4.30506229400635 4.29038763046265 4.28159761428833 4.2776951789856 4.28498363494873 4.29326486587524 4.29325246810913 4.30448436737061 4.30222797393799 4.29676961898804 4.3172755241394 4.31222295761108 4.30747365951538 4.30042457580566 4.28143930435181 4.31474304199219 4.30804491043091 4.26823711395264 4.26618766784668 4.26047658920288 4.25588655471802 4.25081396102905 4.24954748153687 4.24801206588745 4.24557685852051 4.25003242492676 4.25566625595093 4.26512145996094
-3.4e+38 -3.4e+38 -3.4e+38 -3.4e+38 -3.4e+38 -3.4e+38 27.1697483062744 24.9914245605469 23.5262126922607 21.9516792297363 20.740026473999 19.6528587341309 14.6280813217163 7.65674257278442 5.45607995986938 5.00049257278442 5.210533618927 4.82708168029785 4.34723663330078 4.30577182769775 4.29288101196289 4.27356958389282 4.27929782867432 4.29784059524536 4.34757280349731 4.34712553024292 4.32356214523315 4.36050415039062 4.38568496704102 4.38545513153076 4.38366508483887 4.38205146789551 4.38165712356567 4.38107395172119 4.37936115264893 4.37589883804321 4.36548233032227 4.29768991470337 4.27304553985596 4.25952053070068 4.25341033935547 4.25166606903076 4.24902772903442 4.25237321853638 4.26165103912354 4.26264905929565 4.25846481323242
-3.4e+38 -3.4e+38 -3.4e+38 -3.4e+38 -3.4e+38 -3.4e+38 27.4636669158936 24.7895355224609 23.3301563262939 21.4831104278564 20.3178043365479 19.3048324584961 13.9854440689087 8.02665710449219 5.74240207672119 5.27322244644165 5.44495391845703 5.03883790969849 4.37777996063232 4.30702972412109 4.26909112930298 4.27479267120361 4.28935098648071 4.32635831832886 4.36548948287964 4.37653207778931 4.38321971893311 4.38391351699829 4.38084268569946 4.37826251983643 4.37648630142212 4.37018299102783 4.37323617935181 4.37840986251831 4.37642431259155 4.3575234413147 4.3619065284729 4.36573600769043 4.36597442626953 4.33343887329102 4.27547073364258 4.27089214324951 4.27047157287598 4.27864456176758 4.28193378448486 4.27322673797607 4.26594924926758
-3.4e+38 -3.4e+38 -3.4e+38 -3.4e+38 -3.4e+38 -3.4e+38 27.4217433929443 24.1422863006592 22.5802307128906 20.9021244049072 19.939037322998 18.5438671112061 13.4052886962891 7.13533496856689 5.55579328536987 5.04350519180298 5.24541187286377 4.85555410385132 4.41163349151611 4.3105993270874 4.26702976226807 4.29678440093994 4.35285091400146 4.36428070068359 4.37159395217896 4.37716674804688 4.37950897216797 4.37820959091187 4.37761640548706 4.37573194503784 4.36971426010132 4.37466764450073 4.37556314468384 4.37771463394165 4.37929725646973 4.3580379486084 4.35955190658569 4.37933158874512 4.3771505355835 4.37310075759888 4.36833047866821 4.3566198348999 4.34337997436523 4.31282329559326 4.32080221176147 4.344153881073 4.34270048141479
-3.4e+38 -3.4e+38 -3.4e+38 -3.4e+38 -3.4e+38 28.1823348999023 26.6277866363525 23.3495788574219 21.7648906707764 20.4945201873779 19.572998046875 17.7692260742188 12.1309680938721 6.40365886688232 5.13280391693115 4.90771770477295 4.9489598274231 4.80918073654175 4.42646884918213 4.32426357269287 4.27545404434204 4.34874486923218 4.3764910697937 4.37743091583252 4.38042068481445 4.38225603103638 4.38230276107788 4.38261556625366 4.38344860076904 4.38218593597412 4.37855672836304 4.37746620178223 4.38339233398438 4.383469581604 4.38347244262695 4.37161350250244 4.37288856506348 4.37246227264404 4.37354230880737 4.37431764602661 4.37049293518066 4.36678743362427 4.36515760421753 4.35907602310181 4.36163282394409 4.36504173278809 4.36532258987427
-3.4e+38 -3.4e+38 -3.4e+38 -3.4e+38 27.9656848907471 27.8227767944336 24.8368244171143 22.6078643798828 21.3533210754395 20.2399711608887 18.8970756530762 16.0248031616211 10.4707489013672 5.82626390457153 5.02993631362915 4.90204334259033 4.97055053710938 4.68548965454102 4.37692308425903 4.30458879470825 4.31336307525635 4.37726545333862 4.3819432258606 4.3856897354126 4.38681697845459 4.38762474060059 4.38779354095459 4.38820743560791 4.38971567153931 4.39081716537476 4.39145421981812 4.39057779312134 4.3901948928833 4.38975143432617 4.38958406448364 4.37861824035645 4.3704400062561 4.36665725708008 4.36384534835815 4.34942626953125 4.33846092224121 4.34697294235229 4.36021661758423 4.36190557479858 4.363525390625 4.36487865447998 4.36808156967163
