Ecospace-environmental-drivers/Outputs/ASCII-for-ecospace/Temp-bot/Temp-bot_X2008.11.asc
NCOLS 131 
NROWS 53 
XLLCORNER -98 
YLLCORNER 23.9265270233154 
CELLSIZE 0.133587792515755 
NODATA_value -3.4e+38 
[rows 21 to 41 of 53, columns 47 to 93 of 131]
22.6624450683594 21.3437938690186 20.939624786377 21.122838973999 21.2904186248779 21.622257232666 19.9417667388916 19.6402320861816 19.5516662597656 17.5301990509033 14.645170211792 13.3849601745605 11.1286497116089 8.75413990020752 7.20064973831177 5.99340200424194 5.16862773895264 4.96438646316528 4.97377729415894 4.82285833358765 4.42682409286499 4.32408714294434 4.28216552734375 4.29209613800049 4.2805347442627 4.28736782073975 4.27877140045166 4.27837467193604 4.28237390518188 4.29101991653442 4.28605699539185 4.2828254699707 4.28442096710205 4.28339529037476 4.28175210952759 4.28239393234253 4.27930450439453 4.33497524261475 4.78897428512573 5.27142763137817 5.55555868148804 5.88015985488892 6.32419919967651 7.00027227401733 7.92775535583496 8.9006290435791 10.0560293197632
17.2000751495361 16.1144008636475 16.0024166107178 15.9995155334473 16.547269821167 15.6960487365723 12.7386455535889 14.0622634887695 12.1682720184326 9.99497127532959 9.06329727172852 8.40637016296387 7.93101596832275 6.67595720291138 5.96116352081299 5.67231321334839 5.04845190048218 4.86486482620239 4.51078319549561 4.56473588943481 4.41786003112793 4.33298921585083 4.29176616668701 4.26342678070068 4.26050424575806 4.27020978927612 4.28244924545288 4.28280353546143 4.28520727157593 4.29147291183472 4.29104804992676 4.28809833526611 4.2862606048584 4.28555870056152 4.28538084030151 4.28745460510254 4.29046630859375 4.29155588150024 4.28230571746826 4.25443935394287 4.38754653930664 4.56236267089844 4.87215089797974 5.48920679092407 6.29670715332031 6.70776653289795 7.77764511108398
11.3524913787842 11.1519060134888 11.8564834594727 10.9410953521729 10.2224054336548 9.2728443145752 9.38024234771729 8.04505634307861 6.73411893844604 6.39903259277344 6.38813781738281 6.62856101989746 5.95979976654053 5.63638591766357 5.22752809524536 5.04390907287598 4.90716028213501 4.58307027816772 4.40724849700928 4.39724159240723 4.39730978012085 4.34093427658081 4.30315256118774 4.26052761077881 4.27024984359741 4.27847242355347 4.28360509872437 4.28899002075195 4.29121446609497 4.29518699645996 4.29374027252197 4.29107856750488 4.28949403762817 4.28840780258179 4.28834772109985 4.28945636749268 4.29097318649292 4.29541254043579 4.33467578887939 4.30431842803955 4.31960248947144 4.33214950561523 4.29280471801758 4.38978672027588 4.89327526092529 5.75570154190063 6.45629501342773
7.37102746963501 7.43600082397461 6.94464921951294 7.51072931289673 7.21278142929077 6.54047822952271 6.1330738067627 5.6616735458374 5.33074140548706 5.55967998504639 5.51964521408081 5.60344457626343 5.18074750900269 5.00532054901123 4.85130214691162 4.8066086769104 4.55316972732544 4.47685670852661 4.39961576461792 4.34769248962402 4.32144689559937 4.30794763565063 4.3011646270752 4.28393936157227 4.27754402160645 4.28291082382202 4.28792285919189 4.29029512405396 4.29046201705933 4.29398679733276 4.2960729598999 4.29286193847656 4.28926706314087 4.28971910476685 4.31651592254639 4.32228899002075 4.32966470718384 4.32391595840454 4.33122730255127 4.33213520050049 4.34005308151245 4.34248685836792 4.3412823677063 4.32788276672363 4.30204010009766 4.65667104721069 5.51823377609253
5.69879293441772 5.50887012481689 5.4883017539978 5.37704086303711 5.16347742080688 5.4015736579895 5.02740907669067 5.16827774047852 5.00625038146973 5.00796031951904 4.94690561294556 4.8823766708374 4.80958318710327 4.73031425476074 4.71127367019653 4.51839590072632 4.35040330886841 4.33486032485962 4.34818363189697 4.31848382949829 4.30899953842163 4.29622602462769 4.28915452957153 4.29194593429565 4.27028751373291 4.27608680725098 4.28563737869263 4.29014587402344 4.29399394989014 4.29840993881226 4.2992467880249 4.29676532745361 4.29432106018066 4.30210733413696 4.32268857955933 4.32969617843628 4.32859468460083 4.33476495742798 4.33854818344116 4.33824920654297 4.33890199661255 4.34130954742432 4.34223651885986 4.34239768981934 4.34231424331665 4.29069662094116 4.65068292617798
4.95816802978516 5.05151605606079 5.03209829330444 4.54067087173462 4.53118562698364 4.82980489730835 4.87886476516724 4.73709106445312 4.88547086715698 4.75404644012451 4.8048243522644 4.68374872207642 4.64768648147583 4.4989128112793 4.37832307815552 4.3170371055603 4.30688428878784 4.29411506652832 4.2915735244751 4.28687906265259 4.28856658935547 4.28671312332153 4.26929569244385 4.26146507263184 4.26266050338745 4.27038717269897 4.28165006637573 4.28782653808594 4.29377412796021 4.29961109161377 4.30164384841919 4.30041790008545 4.29816007614136 4.32705020904541 4.32906770706177 4.33885860443115 4.33386754989624 4.33481931686401 4.33702802658081 4.34223794937134 4.34500169754028 4.34748315811157 4.3482518196106 4.34655380249023 4.34375905990601 4.3411226272583 4.30187559127808
4.53559255599976 4.59647464752197 4.44860506057739 4.36660528182983 4.38082456588745 4.42775535583496 4.48379611968994 4.62107610702515 4.65542650222778 4.44526433944702 4.43198585510254 4.41273736953735 4.39099645614624 4.35579490661621 4.2921085357666 4.28120994567871 4.26143741607666 4.26121377944946 4.26962900161743 4.27386808395386 4.28509378433228 4.2698712348938 4.26697063446045 4.27132129669189 4.27122116088867 4.27618217468262 4.28289079666138 4.2916202545166 4.29815292358398 4.30074501037598 4.30068635940552 4.29987955093384 4.29835605621338 4.29721355438232 4.31275510787964 4.3496208190918 4.34462976455688 4.34021139144897 4.33936548233032 4.34270572662354 4.3470344543457 4.34759187698364 4.35004997253418 4.34998846054077 4.34774780273438 4.34601879119873 4.31145524978638
4.40793800354004 4.37005949020386 4.33075380325317 4.35313940048218 4.38909387588501 4.33631086349487 4.33972120285034 4.40129661560059 4.39482498168945 4.41151809692383 4.37459325790405 4.31485223770142 4.28094434738159 4.27092266082764 4.25828075408936 4.262291431427 4.26493644714355 4.26569557189941 4.26518297195435 4.26443338394165 4.26326847076416 4.26331472396851 4.27012729644775 4.27569961547852 4.27877426147461 4.28398990631104 4.29358148574829 4.29785585403442 4.30103874206543 4.30174207687378 4.30150413513184 4.30077743530273 4.30003070831299 4.29945850372314 4.30957317352295 4.31706762313843 4.35570955276489 4.34714603424072 4.34092330932617 4.34211444854736 4.34416675567627 4.34340524673462 4.34666156768799 4.34840536117554 4.34774351119995 4.3477578163147 4.34401082992554
4.33550548553467 4.32176446914673 4.31032371520996 4.30212163925171 4.30299663543701 4.29655981063843 4.30355548858643 4.3055624961853 4.29966115951538 4.29890727996826 4.26572132110596 4.26046323776245 4.26159763336182 4.26146459579468 4.26404666900635 4.26692962646484 4.27080297470093 4.27235507965088 4.27173662185669 4.26987886428833 4.26782178878784 4.26610660552979 4.27014780044556 4.27789258956909 4.28490495681763 4.28943634033203 4.29352760314941 4.29718923568726 4.29985046386719 4.30139350891113 4.30162286758423 4.301429271698 4.30033779144287 4.29998302459717 4.29711675643921 4.29605579376221 4.35146617889404 4.34641075134277 4.33973932266235 4.34015130996704 4.34040212631226 4.34026384353638 4.34250688552856 4.34696674346924 4.34879875183105 4.34868907928467 4.34723567962646
4.29147672653198 4.28701019287109 4.32265758514404 4.31360197067261 4.29979801177979 4.30559778213501 4.29758024215698 4.29219627380371 4.28581190109253 4.2616286277771 4.26096153259277 4.26805877685547 4.27187347412109 4.26865291595459 4.26897478103638 4.27133178710938 4.27780437469482 4.28140735626221 4.28124094009399 4.27553796768188 4.27201271057129 4.26999139785767 4.27221775054932 4.27708387374878 4.28580904006958 4.29209661483765 4.29492712020874 4.29611110687256 4.29648399353027 4.29838228225708 4.29929637908936 4.3002462387085 4.29940128326416 4.29831457138062 4.29646968841553 4.29644012451172 4.33831167221069 4.3387303352356 4.33855867385864 4.33996677398682 4.34088325500488 4.34151935577393 4.34290647506714 4.34553003311157 4.34646272659302 4.34587860107422 4.34652042388916
4.29739761352539 4.27465009689331 4.29948759078979 4.30438184738159 4.29203605651855 4.29390907287598 4.29752779006958 4.29521751403809 4.28479719161987 4.26066446304321 4.27114295959473 4.27813816070557 4.28260660171509 4.28136539459229 4.28227472305298 4.28341722488403 4.28616571426392 4.28861331939697 4.28567600250244 4.28139019012451 4.27715349197388 4.2740740776062 4.27417469024658 4.27598714828491 4.28182935714722 4.29003715515137 4.29487562179565 4.29579782485962 4.2959771156311 4.29650497436523 4.29691028594971 4.29728603363037 4.29606437683105 4.29552602767944 4.29430818557739 4.29662656784058 4.33399534225464 4.33503675460815 4.33981418609619 4.34209775924683 4.34190988540649 4.34130334854126 4.34223031997681 4.34392786026001 4.34580659866333 4.34833478927612 4.34387254714966
4.27422285079956 4.27415418624878 4.27986526489258 4.30311584472656 4.28947973251343 4.2656946182251 4.25514888763428 4.25360202789307 4.26088809967041 4.27265119552612 4.27971839904785 4.28660345077515 4.28779411315918 4.29032468795776 4.29120874404907 4.29311370849609 4.29426908493042 4.29337549209595 4.29051542282104 4.28655862808228 4.28276443481445 4.28295612335205 4.27697849273682 4.27712678909302 4.27885103225708 4.28360176086426 4.28839206695557 4.28877210617065 4.29078483581543 4.29146671295166 4.2920184135437 4.29226779937744 4.29276752471924 4.29397249221802 4.29461002349854 4.29616069793701 4.33783721923828 4.33583354949951 4.34028387069702 4.34155464172363 4.34014701843262 4.33975219726562 4.34111022949219 4.34304761886597 4.34286642074585 4.3478856086731 4.34293365478516
4.2812705039978 4.28380250930786 4.29301929473877 4.28749656677246 4.27434396743774 4.25609064102173 4.2541069984436 4.26428747177124 4.28084802627563 4.28471565246582 4.28829574584961 4.29043436050415 4.29005193710327 4.29119300842285 4.29145288467407 4.29389095306396 4.29699802398682 4.29760456085205 4.29527473449707 4.29375123977661 4.29222822189331 4.287513256073 4.28503465652466 4.28490352630615 4.28209209442139 4.28275966644287 4.28507471084595 4.28492736816406 4.2847785949707 4.28738260269165 4.28938913345337 4.29127502441406 4.29307317733765 4.29397439956665 4.29418897628784 4.31979656219482 4.33861875534058 4.3369836807251 4.33949518203735 4.34095811843872 4.33949518203735 4.33861923217773 4.34121656417847 4.34326028823853 4.34764528274536 4.34716033935547 4.34682035446167
4.27087116241455 4.278883934021 4.28551769256592 4.28129816055298 4.26322984695435 4.25354385375977 4.28189325332642 4.29543733596802 4.28943157196045 4.29745435714722 4.33859491348267 4.35640048980713 4.33782625198364 4.34929943084717 4.34649229049683 4.31952142715454 4.306067943573 4.29932308197021 4.29927635192871 4.29825258255005 4.29575300216675 4.29266023635864 4.29122161865234 4.28635549545288 4.28532743453979 4.28644418716431 4.28466701507568 4.28445100784302 4.2839879989624 4.28771734237671 4.28961515426636 4.29438734054565 4.30819988250732 4.32321166992188 4.34406852722168 4.35094165802002 4.34760904312134 4.34227991104126 4.33912754058838 4.34057378768921 4.34002017974854 4.33948230743408 4.34409666061401 4.34624719619751 4.34878730773926 4.35050630569458 4.35084104537964
4.26715087890625 4.27560615539551 4.274329662323 4.26795291900635 4.25794363021851 4.26029586791992 4.33382701873779 4.35700750350952 4.35425424575806 4.35846567153931 4.36426734924316 4.36376905441284 4.36360549926758 4.36386632919312 4.36119079589844 4.35100507736206 4.34853887557983 4.35345506668091 4.33185338973999 4.30009984970093 4.29852104187012 4.29552507400513 4.29348611831665 4.28914546966553 4.28650379180908 4.28746795654297 4.28645372390747 4.28685998916626 4.2860631942749 4.28668165206909 4.3106517791748 4.34654760360718 4.34964752197266 4.3510422706604 4.34485530853271 4.34367370605469 4.34691429138184 4.35089492797852 4.34028005599976 4.3387622833252 4.33879089355469 4.33957576751709 4.34587669372559 4.34911394119263 4.34954357147217 4.35046625137329 4.35108852386475
4.26147270202637 4.26358699798584 4.26353073120117 4.27189922332764 4.28221035003662 4.33383083343506 4.36696815490723 4.36982440948486 4.37050151824951 4.37232255935669 4.3724627494812 4.37064599990845 4.36899518966675 4.36547565460205 4.35831117630005 4.34686613082886 4.34685230255127 4.35651350021362 4.3584303855896 4.34683179855347 4.31687164306641 4.29821634292603 4.29611778259277 4.29400157928467 4.29235172271729 4.29015445709229 4.28919458389282 4.28851652145386 4.29139137268066 4.31676435470581 4.34246301651001 4.33368110656738 4.33288240432739 4.33950662612915 4.34261465072632 4.34181356430054 4.3408727645874 4.34015703201294 4.33878612518311 4.34068155288696 4.3383207321167 4.34006881713867 4.3447208404541 4.34954738616943 4.35087728500366 4.35083198547363 4.35076332092285
4.25933980941772 4.26285219192505 4.28702402114868 4.35275268554688 4.36650705337524 4.37899017333984 4.38035154342651 4.37843704223633 4.37769365310669 4.37730550765991 4.37570428848267 4.37267637252808 4.36986207962036 4.36022901535034 4.3522310256958 4.34194660186768 4.33982372283936 4.35824012756348 4.36292028427124 4.36153125762939 4.35619592666626 4.33936643600464 4.31509304046631 4.32468509674072 4.32267427444458 4.31826496124268 4.33112335205078 4.32854127883911 4.33942031860352 4.33820343017578 4.3303747177124 4.33200025558472 4.33338356018066 4.33385801315308 4.33654308319092 4.34066915512085 4.3399486541748 4.33892631530762 4.3409276008606 4.35266590118408 4.34165477752686 4.34063673019409 4.34350442886353 4.3480019569397 4.35095643997192 4.35333251953125 4.35423898696899
4.26785612106323 4.28329706192017 4.35037565231323 4.36663484573364 4.38251543045044 4.38515853881836 4.38388681411743 4.38180351257324 4.37963151931763 4.37836265563965 4.37572002410889 4.37196493148804 4.36696910858154 4.35919141769409 4.35020017623901 4.33836221694946 4.33638954162598 4.36025428771973 4.36768579483032 4.36681222915649 4.365807056427 4.36181211471558 4.35802602767944 4.35742664337158 4.35533618927002 4.34563207626343 4.33686971664429 4.32809162139893 4.32620668411255 4.33001947402954 4.33207559585571 4.33433389663696 4.34099864959717 4.34347105026245 4.34740781784058 4.35609197616577 4.35288906097412 4.34007692337036 4.34277248382568 4.35393142700195 4.35263538360596 4.34130239486694 4.3431224822998 4.34702110290527 4.35066938400269 4.35336399078369 4.35523748397827
4.34239196777344 4.35463762283325 4.35716581344604 4.3613395690918 4.37401723861694 4.38613128662109 4.38482666015625 4.38253974914551 4.38017129898071 4.37896013259888 4.37797021865845 4.37322044372559 4.36169910430908 4.35346364974976 4.34917736053467 4.34054851531982 4.34217262268066 4.35546064376831 4.36858987808228 4.37103414535522 4.37130832672119 4.37007141113281 4.36700248718262 4.36013889312744 4.35041046142578 4.34345674514771 4.33975601196289 4.33628702163696 4.33433437347412 4.33602571487427 4.33869934082031 4.34934568405151 4.36084222793579 4.36125040054321 4.36481237411499 4.36552953720093 4.36620712280273 4.36136627197266 4.35215282440186 4.36189079284668 4.36215353012085 4.34808015823364 4.34389162063599 4.34757614135742 4.35069465637207 4.35313320159912 4.35536003112793
4.36842727661133 4.37074708938599 4.36681842803955 4.36559009552002 4.37374305725098 4.38268423080444 4.38447761535645 4.38283681869507 4.38155508041382 4.38090467453003 4.37968349456787 4.37827682495117 4.36541223526001 4.3507719039917 4.34158802032471 4.33667421340942 4.34292268753052 4.3560676574707 4.36858177185059 4.37467956542969 4.3753490447998 4.37280225753784 4.36883926391602 4.36383247375488 4.34840822219849 4.34506893157959 4.34572696685791 4.34384679794312 4.34281730651855 4.3439679145813 4.3513355255127 4.36823177337646 4.37106084823608 4.36936521530151 4.36031103134155 4.35920095443726 4.36173105239868 4.36353540420532 4.36291027069092 4.36593675613403 4.36205196380615 4.35077285766602 4.34664297103882 4.34844827651978 4.35155344009399 4.35347414016724 4.35628461837769
4.3701605796814 4.37384366989136 4.37684917449951 4.37680292129517 4.38065958023071 4.38403701782227 4.3845739364624 4.38463115692139 4.38553380966187 4.38556241989136 4.38342809677124 4.38107204437256 4.37932443618774 4.35581541061401 4.34530067443848 4.34121513366699 4.34492540359497 4.36137342453003 4.3720006942749 4.37857437133789 4.37984943389893 4.37836170196533 4.37833213806152 4.3792781829834 4.37701511383057 4.37317085266113 4.36699867248535 4.3582067489624 4.35155248641968 4.34883069992065 4.36048984527588 4.37357616424561 4.37494468688965 4.36500263214111 4.35358476638794 4.36162519454956 4.35422897338867 4.35083961486816 4.35611963272095 4.3527512550354 4.34589338302612 4.34664678573608 4.34811305999756 4.34844017028809 4.35169076919556 4.354576587677 4.35708284378052
