Ecospace-environmental-drivers/Outputs/ASCII-for-ecospace/Temp-bot/Temp-bot_X1999.12.asc
NCOLS 131 
NROWS 53 
XLLCORNER -98 
YLLCORNER 23.9265270233154 
CELLSIZE 0.133587792515755 
NODATA_value -3.4e+38 
[rows 21 to 41 of 53, columns 47 to 93 of 131]
21.1335391998291 20.5728054046631 20.4194660186768 20.5623264312744 20.7821960449219 21.05690574646 19.9441337585449 19.7709808349609 19.5337390899658 18.045202255249 15.6572303771973 14.5590162277222 12.4586582183838 9.99863624572754 8.11789894104004 6.28807497024536 5.17414617538452 5.01115036010742 5.08916711807251 4.90402603149414 4.47533369064331 4.36719703674316 4.2966194152832 4.30180072784424 4.26770257949829 4.24399328231812 4.2282452583313 4.22590160369873 4.22910642623901 4.22519207000732 4.22444868087769 4.22923946380615 4.22396564483643 4.21370077133179 4.20695734024048 4.20607471466064 4.20711660385132 4.28288459777832 4.82208585739136 5.38099908828735 5.65784740447998 5.94807720184326 6.4359245300293 7.14259672164917 8.19217300415039 9.37843322753906 10.6584634780884
17.7865619659424 17.0731906890869 17.026611328125 16.9648685455322 17.4785041809082 16.5503978729248 13.7891397476196 14.6726789474487 13.1335153579712 10.7110834121704 9.71452331542969 9.16976642608643 8.73565292358398 7.3938512802124 6.24536895751953 5.99521684646606 5.10202360153198 4.92629528045654 4.61832189559937 4.64982461929321 4.4548864364624 4.33892107009888 4.2887749671936 4.2463903427124 4.2208685874939 4.22955465316772 4.22953701019287 4.2257661819458 4.22722673416138 4.2241907119751 4.22720623016357 4.22890949249268 4.22290229797363 4.21693134307861 4.21395778656006 4.21251392364502 4.21418571472168 4.21577835083008 4.20443820953369 4.18617963790894 4.37121057510376 4.59689521789551 4.95562219619751 5.57089519500732 6.27035808563232 6.86163949966431 8.2205171585083
12.1111211776733 11.8736820220947 12.6422843933105 11.605076789856 11.0506992340088 9.95829582214355 10.1322383880615 8.49797439575195 7.15708923339844 6.70541906356812 6.62909126281738 7.06513214111328 6.32184886932373 5.82910203933716 5.27326583862305 5.11728858947754 4.99447011947632 4.6521577835083 4.47345209121704 4.45979595184326 4.43479824066162 4.34861946105957 4.2916784286499 4.22848272323608 4.20963478088379 4.21993684768677 4.22563695907593 4.22950553894043 4.22356605529785 4.22094774246216 4.22566652297974 4.22400188446045 4.22114276885986 4.22043752670288 4.22000455856323 4.21954393386841 4.21971702575684 4.22508955001831 4.22214937210083 4.22274589538574 4.22192192077637 4.22380113601685 4.22335910797119 4.37149000167847 4.94517707824707 5.81418323516846 6.56390047073364
7.74354887008667 7.80830049514771 7.33271789550781 7.91361093521118 7.63710594177246 6.94770669937134 6.28789758682251 5.78692960739136 5.33946704864502 5.61771392822266 5.5910816192627 5.767493724823 5.22424697875977 5.06992149353027 4.99115753173828 4.95135450363159 4.631676197052 4.52580738067627 4.43458938598633 4.36353588104248 4.3318829536438 4.30935621261597 4.2950963973999 4.24631786346436 4.20705509185791 4.21363306045532 4.21659851074219 4.21778345108032 4.21460771560669 4.21542692184448 4.21942234039307 4.22019577026367 4.2210373878479 4.22332382202148 4.22892284393311 4.2347149848938 4.23652791976929 4.23067140579224 4.22625207901001 4.22652149200439 4.22963333129883 4.23295736312866 4.23409128189087 4.22634696960449 4.24389410018921 4.65040111541748 5.5742769241333
5.80173444747925 5.63714790344238 5.61521148681641 5.49485301971436 5.24120616912842 5.76835250854492 5.08605289459229 5.28861379623413 5.03065872192383 5.0270299911499 4.9824070930481 4.99041080474854 5.02151012420654 5.03804636001587 5.044273853302 4.6684250831604 4.38102531433105 4.36121845245361 4.3472752571106 4.31178569793701 4.30333232879639 4.29642105102539 4.29162549972534 4.29573583602905 4.22020483016968 4.20886707305908 4.21135854721069 4.20994567871094 4.20980215072632 4.21249485015869 4.21545648574829 4.21723699569702 4.22096920013428 4.22758150100708 4.22711420059204 4.22833204269409 4.22881507873535 4.23046541213989 4.23189544677734 4.23136425018311 4.23224401473999 4.23513126373291 4.23726320266724 4.23851251602173 4.23542785644531 4.21732234954834 4.64102458953857
5.05162143707275 5.23082876205444 5.31484127044678 4.71844053268433 4.75698947906494 5.17005395889282 5.25765085220337 4.97853946685791 5.27354335784912 5.08826351165771 5.20366287231445 5.04159450531006 5.18115043640137 4.73809576034546 4.49731063842773 4.34651899337769 4.3243145942688 4.32226467132568 4.31469535827637 4.30393552780151 4.2974705696106 4.28363227844238 4.23566722869873 4.21775436401367 4.20651149749756 4.20216846466064 4.20251846313477 4.20238590240479 4.2048773765564 4.20917463302612 4.21254205703735 4.21554279327393 4.22013330459595 4.25097990036011 4.23943424224854 4.22782707214355 4.22881603240967 4.23011159896851 4.2326283454895 4.2354416847229 4.23586130142212 4.23588848114014 4.23814535140991 4.23998308181763 4.2408504486084 4.23614311218262 4.25267505645752
4.65910863876343 4.74914216995239 4.60429859161377 4.51050186157227 4.60440397262573 4.72704410552979 4.83021020889282 5.01620101928711 5.09166765213013 4.78796577453613 4.7499737739563 4.71304845809937 4.64032602310181 4.50595426559448 4.31035566329956 4.27182722091675 4.1930103302002 4.18903207778931 4.23615980148315 4.26083087921143 4.29426670074463 4.2169771194458 4.20608758926392 4.20317554473877 4.19948244094849 4.19843006134033 4.19815969467163 4.20066261291504 4.20376920700073 4.20561790466309 4.20806169509888 4.21075201034546 4.21506118774414 4.22032976150513 4.24480104446411 4.26763725280762 4.22728633880615 4.22864484786987 4.23096942901611 4.23412466049194 4.23680639266968 4.23818826675415 4.23909711837769 4.24118947982788 4.24329471588135 4.24132061004639 4.22409439086914
4.59772777557373 4.5071325302124 4.43920135498047 4.54085350036621 4.67244243621826 4.5680627822876 4.63194751739502 4.83526563644409 4.82076454162598 4.83419561386108 4.72233772277832 4.51748704910278 4.31035375595093 4.27184295654297 4.21578311920166 4.20927476882935 4.20123195648193 4.19589519500732 4.19500732421875 4.19115781784058 4.1885814666748 4.19533538818359 4.20264101028442 4.20336103439331 4.20050430297852 4.19866323471069 4.2062349319458 4.20123910903931 4.2031307220459 4.20499515533447 4.20807647705078 4.21077394485474 4.21390962600708 4.21922731399536 4.2416934967041 4.239173412323 4.23437929153442 4.22823858261108 4.23027229309082 4.2335090637207 4.23735857009888 4.24054765701294 4.24269390106201 4.24483680725098 4.24602746963501 4.24333953857422 4.23610258102417
4.40562629699707 4.38936758041382 4.42010879516602 4.45206546783447 4.49331283569336 4.50543689727783 4.56737756729126 4.64696741104126 4.64591550827026 4.56816816329956 4.30950212478638 4.24731111526489 4.25247716903687 4.24423742294312 4.24598026275635 4.23197221755981 4.21788024902344 4.21179628372192 4.20803689956665 4.20131587982178 4.19357681274414 4.19372320175171 4.1997127532959 4.19990873336792 4.19787168502808 4.19686508178711 4.19889688491821 4.20148468017578 4.2043137550354 4.20742988586426 4.20972967147827 4.21268844604492 4.21513414382935 4.21844625473022 4.22096347808838 4.22374105453491 4.23706150054932 4.22917318344116 4.23226499557495 4.23638725280762 4.24027729034424 4.24262714385986 4.24501991271973 4.24765825271606 4.24861431121826 4.24618434906006 4.24222469329834
4.36718225479126 4.36178493499756 4.37187433242798 4.38846683502197 4.46521043777466 4.48696184158325 4.59936189651489 4.63027048110962 4.6540789604187 4.33933019638062 4.25875616073608 4.28128337860107 4.26996803283691 4.27566385269165 4.28075075149536 4.26796388626099 4.2324686050415 4.22375822067261 4.22184944152832 4.21655750274658 4.20021152496338 4.19635534286499 4.19713401794434 4.19464254379272 4.19643020629883 4.19685649871826 4.19860219955444 4.20153474807739 4.20482015609741 4.20751523971558 4.20995378494263 4.2128324508667 4.21521329879761 4.21817541122437 4.22093391418457 4.22359371185303 4.23173141479492 4.2328634262085 4.23712062835693 4.23929214477539 4.24120330810547 4.24285697937012 4.24558353424072 4.24843454360962 4.25022459030151 4.2487006187439 4.2453989982605
4.34781932830811 4.34836101531982 4.37057733535767 4.38237237930298 4.47934484481812 4.5286169052124 4.55270576477051 4.58629035949707 4.59459257125854 4.28291606903076 4.28675603866577 4.25733041763306 4.24972534179688 4.24825477600098 4.25154113769531 4.24323654174805 4.23806476593018 4.23599767684937 4.23087978363037 4.21876621246338 4.20711994171143 4.19779825210571 4.19352865219116 4.19064855575562 4.19421672821045 4.19619989395142 4.20032930374146 4.20353174209595 4.20677709579468 4.2088623046875 4.21083688735962 4.21310186386108 4.21449661254883 4.21731042861938 4.22054052352905 4.2240104675293 4.23211622238159 4.23533058166504 4.23725605010986 4.2388129234314 4.2412896156311 4.24375009536743 4.24673938751221 4.24951982498169 4.25104522705078 4.25048351287842 4.24831676483154
4.32780361175537 4.33371210098267 4.35002613067627 4.34380674362183 4.44435596466064 4.39827680587769 4.35969495773315 4.34270191192627 4.33167457580566 4.26759004592896 4.25613117218018 4.25311279296875 4.25288105010986 4.25265026092529 4.25264024734497 4.2484974861145 4.24715805053711 4.24483203887939 4.23871946334839 4.22961568832397 4.21967077255249 4.21183824539185 4.19501924514771 4.19067287445068 4.19312763214111 4.19795608520508 4.20184469223022 4.20490741729736 4.20746946334839 4.2099461555481 4.21207141876221 4.21392250061035 4.21664762496948 4.22026824951172 4.22286987304688 4.22501468658447 4.2314338684082 4.2349066734314 4.23698711395264 4.24050426483154 4.24339532852173 4.24511194229126 4.24713468551636 4.24900150299072 4.25048208236694 4.25030708312988 4.24939441680908
4.31777381896973 4.31734228134155 4.3119740486145 4.3191819190979 4.35002660751343 4.34182119369507 4.31705045700073 4.29743003845215 4.26388359069824 4.25948047637939 4.25951147079468 4.26006841659546 4.25881242752075 4.25872898101807 4.25590372085571 4.2544960975647 4.25481843948364 4.25149488449097 4.24490022659302 4.23908805847168 4.23418188095093 4.21689748764038 4.20843696594238 4.21028709411621 4.2052640914917 4.20526027679443 4.20952224731445 4.21359062194824 4.21579122543335 4.21668720245361 4.2191424369812 4.22023487091064 4.22143220901489 4.22343349456787 4.22536325454712 4.23663473129272 4.23199558258057 4.23462724685669 4.23825836181641 4.24195861816406 4.24403095245361 4.24491405487061 4.24606513977051 4.24790811538696 4.24981069564819 4.25131702423096 4.25198650360107
4.30512142181396 4.30991363525391 4.30528926849365 4.31593561172485 4.32547569274902 4.33299493789673 4.28798198699951 4.27149963378906 4.26229333877563 4.27011203765869 4.30474281311035 4.31512403488159 4.29676055908203 4.30402994155884 4.30028200149536 4.27323961257935 4.26193046569824 4.25354862213135 4.24985074996948 4.24445343017578 4.23822164535522 4.22228813171387 4.21298551559448 4.21034002304077 4.21141195297241 4.21438312530518 4.21711778640747 4.22017049789429 4.22290086746216 4.22473001480103 4.22507953643799 4.22625637054443 4.23117256164551 4.2281436920166 4.22966766357422 4.23012542724609 4.23160886764526 4.23429346084595 4.23775100708008 4.24018335342407 4.24153518676758 4.2426495552063 4.24363851547241 4.24648523330688 4.24989032745361 4.25204372406006 4.25296688079834
4.287766456604 4.29523801803589 4.29115629196167 4.30705690383911 4.3166389465332 4.31264400482178 4.31445980072021 4.32440423965454 4.32432651519775 4.31551170349121 4.30876493453979 4.30441188812256 4.30468320846558 4.31159639358521 4.30183458328247 4.29410028457642 4.29060792922974 4.30368232727051 4.28554344177246 4.24415063858032 4.23562955856323 4.22646951675415 4.220778465271 4.21813344955444 4.21913385391235 4.22112083435059 4.22233486175537 4.22523021697998 4.2271466255188 4.22883462905884 4.24302053451538 4.24782419204712 4.23305892944336 4.23351573944092 4.23383045196533 4.23305416107178 4.23203372955322 4.23227596282959 4.23450040817261 4.23635816574097 4.2378044128418 4.24005699157715 4.2424783706665 4.24540138244629 4.24858522415161 4.25110673904419 4.25254392623901
4.2717490196228 4.26457214355469 4.25761651992798 4.2656831741333 4.27328395843506 4.28878545761108 4.28546333312988 4.27306222915649 4.27060461044312 4.27366638183594 4.27341604232788 4.26971244812012 4.26503801345825 4.26540279388428 4.27791500091553 4.29118251800537 4.28854608535767 4.29093408584595 4.29435396194458 4.28112983703613 4.25962781906128 4.23139238357544 4.22826242446899 4.22819852828979 4.22849273681641 4.2275710105896 4.22732734680176 4.22979927062988 4.23353910446167 4.24018526077271 4.24054193496704 4.23688554763794 4.23925495147705 4.24026966094971 4.24023771286011 4.23814964294434 4.23616456985474 4.23575735092163 4.23646068572998 4.23689651489258 4.23679065704346 4.23872804641724 4.24063682556152 4.24255800247192 4.24581575393677 4.25061941146851 4.25365734100342
4.24766302108765 4.23668241500854 4.23903608322144 4.27503824234009 4.2795295715332 4.28069067001343 4.26775360107422 4.26134538650513 4.26166439056396 4.26249933242798 4.26231002807617 4.26061725616455 4.25914907455444 4.25835561752319 4.25969171524048 4.26604843139648 4.28106927871704 4.27594184875488 4.25209760665894 4.25162553787231 4.26529693603516 4.26880550384521 4.24905776977539 4.25389289855957 4.24378108978271 4.24753475189209 4.25356674194336 4.25362396240234 4.27373504638672 4.26889944076538 4.24725484848022 4.24231004714966 4.24489879608154 4.24771118164062 4.24898624420166 4.24773073196411 4.2433443069458 4.24097394943237 4.24019384384155 4.23871517181396 4.23725032806396 4.23805522918701 4.23914003372192 4.24024343490601 4.24247741699219 4.24845266342163 4.25625848770142
4.23939514160156 4.23788213729858 4.25211524963379 4.26464939117432 4.27755212783813 4.2724723815918 4.26065397262573 4.26236963272095 4.26447582244873 4.2653169631958 4.26487159729004 4.26321125030518 4.26142406463623 4.26082468032837 4.26066064834595 4.26162004470825 4.26340627670288 4.26562309265137 4.25256109237671 4.24747800827026 4.24418163299561 4.24225187301636 4.24382352828979 4.23787832260132 4.24317836761475 4.24765300750732 4.24929571151733 4.24750423431396 4.2487325668335 4.25129747390747 4.24754858016968 4.24998712539673 4.25350522994995 4.2560567855835 4.25742673873901 4.25729322433472 4.2546706199646 4.24986553192139 4.24621915817261 4.24212789535522 4.23923635482788 4.23859024047852 4.23947429656982 4.24079942703247 4.24266290664673 4.24799871444702 4.25664806365967
4.26211357116699 4.25302648544312 4.25386810302734 4.25764274597168 4.26011562347412 4.25920009613037 4.25988864898682 4.26411437988281 4.26761150360107 4.27011585235596 4.26904296875 4.26621723175049 4.26470041275024 4.26328992843628 4.2629828453064 4.26366519927979 4.26335525512695 4.26277112960815 4.25567245483398 4.25206327438354 4.24918699264526 4.24749183654785 4.24527978897095 4.24383115768433 4.2482476234436 4.25434303283691 4.25269842147827 4.25207424163818 4.25194406509399 4.25402688980103 4.2567081451416 4.2592191696167 4.26077556610107 4.26340389251709 4.26476955413818 4.26431179046631 4.26306915283203 4.25920963287354 4.25467729568481 4.24966287612915 4.24559831619263 4.24291753768921 4.24243116378784 4.24340200424194 4.24517917633057 4.24957942962646 4.25655126571655
4.28157567977905 4.27072620391846 4.26755523681641 4.26255035400391 4.25881671905518 4.25830173492432 4.26151943206787 4.26642608642578 4.27167510986328 4.27248764038086 4.26990461349487 4.26819372177124 4.26854705810547 4.26739549636841 4.26663398742676 4.2663631439209 4.26529169082642 4.26329660415649 4.26033878326416 4.25873613357544 4.2569694519043 4.25612258911133 4.25510931015015 4.25438356399536 4.25702571868896 4.26169967651367 4.26077461242676 4.25785970687866 4.25657987594604 4.25826168060303 4.25996732711792 4.26190567016602 4.26271104812622 4.26533937454224 4.26510858535767 4.26367378234863 4.26391887664795 4.26242208480835 4.25875902175903 4.25356817245483 4.25016117095947 4.24774503707886 4.24650764465332 4.24688577651978 4.24817371368408 4.25220012664795 4.25779819488525
4.28917264938354 4.27969360351562 4.27330160140991 4.26511526107788 4.25871086120605 4.25866174697876 4.26393938064575 4.2692084312439 4.27608203887939 4.2758002281189 4.27298355102539 4.27114248275757 4.27145290374756 4.27053833007812 4.26974058151245 4.26911687850952 4.26794862747192 4.26402139663696 4.26362419128418 4.26459264755249 4.26439905166626 4.2646632194519 4.26442718505859 4.26507711410522 4.26675939559937 4.26941394805908 4.26858139038086 4.26318407058716 4.26125144958496 4.26311111450195 4.26376533508301 4.26532745361328 4.26602125167847 4.26546335220337 4.26730966567993 4.26377010345459 4.25989580154419 4.2579550743103 4.25641250610352 4.25435638427734 4.25218820571899 4.25089645385742 4.24957180023193 4.2499098777771 4.25171518325806 4.25473546981812 4.25968599319458
