Ecospace-environmental-drivers/Outputs/ASCII-for-ecospace/Temp-bot/Temp-bot_X2010.01.asc
NCOLS 131 
NROWS 53 
XLLCORNER -98 
YLLCORNER 23.9265270233154 
CELLSIZE 0.133587792515755 
NODATA_value -3.4e+38 
[rows 0 to 20 of 53, columns 47 to 93 of 131]
-3.4e+38 -3.4e+38 -3.4e+38 -3.4e+38 -3.4e+38 -3.4e+38 -3.4e+38 -3.4e+38 -3.4e+38 -3.4e+38 -3.4e+38 -3.4e+38 -3.4e+38 -3.4e+38 -3.4e+38 -3.4e+38 -3.4e+38 -3.4e+38 -3.4e+38 -3.4e+38 -3.4e+38 -3.4e+38 -3.4e+38 -3.4e+38 -3.4e+38 -3.4e+38 -3.4e+38 -3.4e+38 -3.4e+38 -3.4e+38 -3.4e+38 -3.4e+38 -3.4e+38 -3.4e+38 -3.4e+38 -3.4e+38 -3.4e+38 -3.4e+38 -3.4e+38 -3.4e+38 -3.4e+38 -3.4e+38 -3.4e+38 -3.4e+38 -3.4e+38 -3.4e+38 -3.4e+38
-3.4e+38 -3.4e+38 -3.4e+38 -3.4e+38 -3.4e+38 -3.4e+38 -3.4e+38 -3.4e+38 -3.4e+38 -3.4e+38 -3.4e+38 -3.4e+38 -3.4e+38 -3.4e+38 -3.4e+38 -3.4e+38 -3.4e+38 -3.4e+38 -3.4e+38 -3.4e+38 -3.4e+38 -3.4e+38 -3.4e+38 -3.4e+38 -3.4e+38 -3.4e+38 -3.4e+38 -3.4e+38 -3.4e+38 -3.4e+38 -3.4e+38 -3.4e+38 -3.4e+38 -3.4e+38 -3.4e+38 -3.4e+38 -3.4e+38 -3.4e+38 -3.4e+38 -3.4e+38 -3.4e+38 -3.4e+38 -3.4e+38 -3.4e+38 -3.4e+38 -3.4e+38 -3.4e+38
-3.4e+38 -3.4e+38 -3.4e+38 -3.4e+38 -3.4e+38 -3.4e+38 -3.4e+38 -3.4e+38 -3.4e+38 -3.4e+38 -3.4e+38 -3.4e+38 -3.4e+38 -3.4e+38 -3.4e+38 -3.4e+38 -3.4e+38 -3.4e+38 -3.4e+38 -3.4e+38 -3.4e+38 -3.4e+38 -3.4e+38 -3.4e+38 -3.4e+38 -3.4e+38 -3.4e+38 11.1442441940308 11.0942001342773 -3.4e+38 -3.4e+38 -3.4e+38 -3.4e+38 -3.4e+38 -3.4e+38 -3.4e+38 -3.4e+38 -3.4e+38 -3.4e+38 -3.4e+38 -3.4e+38 -3.4e+38 -3.4e+38 -3.4e+38 -3.4e+38 -3.4e+38 -3.4e+38
-3.4e+38 -3.4e+38 -3.4e+38 -3.4e+38 -3.4e+38 -3.4e+38 -3.4e+38 -3.4e+38 -3.4e+38 -3.4e+38 -3.4e+38 -3.4e+38 -3.4e+38 -3.4e+38 -3.4e+38 -3.4e+38 -3.4e+38 -3.4e+38 -3.4e+38 -3.4e+38 -3.4e+38 -3.4e+38 -3.4e+38 -3.4e+38 -3.4e+38 -3.4e+38 -3.4e+38 11.2012405395508 11.092661857605 -3.4e+38 -3.4e+38 -3.4e+38 -3.4e+38 -3.4e+38 -3.4e+38 -3.4e+38 -3.4e+38 -3.4e+38 -3.4e+38 -3.4e+38 -3.4e+38 -3.4e+38 -3.4e+38 -3.4e+38 -3.4e+38 -3.4e+38 -3.4e+38
-3.4e+38 -3.4e+38 -3.4e+38 -3.4e+38 -3.4e+38 -3.4e+38 -3.4e+38 -3.4e+38 -3.4e+38 10.9655494689941 10.9655494689941 10.967360496521 10.9668388366699 -3.4e+38 -3.4e+38 -3.4e+38 -3.4e+38 -3.4e+38 11.0001993179321 10.9867277145386 10.9907131195068 10.9297561645508 10.8909425735474 11.0554208755493 11.2029151916504 11.3951606750488 11.3133773803711 11.2490253448486 11.5179624557495 11.8413743972778 -3.4e+38 -3.4e+38 14.1737470626831 14.4874124526978 14.2796287536621 14.8210315704346 15.1567411422729 14.8043184280396 14.4850721359253 14.5278453826904 14.3370599746704 14.43834400177 -3.4e+38 -3.4e+38 -3.4e+38 -3.4e+38 -3.4e+38
-3.4e+38 -3.4e+38 -3.4e+38 -3.4e+38 -3.4e+38 -3.4e+38 -3.4e+38 -3.4e+38 10.9655494689941 10.9655494689941 10.9655494689941 10.9655494689941 10.9691715240479 10.971887588501 10.9607458114624 -3.4e+38 10.9508438110352 10.9212827682495 10.9048585891724 11.1879291534424 11.4508113861084 11.6059722900391 11.0237140655518 11.0500612258911 11.1320219039917 11.281720161438 11.2604236602783 11.4538726806641 11.8588256835938 11.8392925262451 13.6028156280518 13.9165134429932 14.1281890869141 14.4765386581421 15.0652942657471 15.663477897644 16.1683368682861 16.235034942627 15.8899965286255 15.3700284957886 14.9469814300537 14.5105991363525 13.9587364196777 13.5074663162231 -3.4e+38 -3.4e+38 -3.4e+38
-3.4e+38 -3.4e+38 -3.4e+38 -3.4e+38 -3.4e+38 -3.4e+38 -3.4e+38 -3.4e+38 10.9818992614746 10.9655494689941 10.9655494689941 10.9655494689941 10.9655494689941 10.9727935791016 10.9884605407715 10.9607458114624 10.9633054733276 10.9580402374268 11.1375045776367 11.385705947876 11.5923566818237 12.2248811721802 12.8043651580811 12.6782674789429 12.1351156234741 12.152458190918 12.3517141342163 12.313907623291 12.6830129623413 13.2800121307373 13.7992677688599 14.5386667251587 15.1322612762451 15.5354824066162 16.4334697723389 17.3926391601562 17.7537727355957 17.9352588653564 17.6642761230469 17.2032318115234 16.8622093200684 16.3762397766113 15.4673652648926 14.3595371246338 13.3243560791016 13.5569686889648 -3.4e+38
-3.4e+38 -3.4e+38 -3.4e+38 -3.4e+38 -3.4e+38 -3.4e+38 -3.4e+38 -3.4e+38 -3.4e+38 -3.4e+38 10.9655494689941 10.9655494689941 10.9655494689941 -3.4e+38 10.9800367355347 11.0475082397461 11.1872177124023 11.2592086791992 11.2396402359009 11.5532293319702 11.88365650177 12.6499328613281 13.828088760376 14.4329633712769 14.3214797973633 14.302490234375 13.9840488433838 13.7293310165405 13.6416902542114 14.1784439086914 14.7812757492065 15.5854368209839 16.2348041534424 16.829174041748 17.6520938873291 17.1504211425781 17.1469306945801 18.0480842590332 18.4975070953369 18.3186683654785 18.0671882629395 17.7827396392822 16.9648017883301 15.9477262496948 14.6535863876343 13.4179048538208 12.8320283889771
-3.4e+38 -3.4e+38 -3.4e+38 -3.4e+38 -3.4e+38 -3.4e+38 -3.4e+38 -3.4e+38 -3.4e+38 -3.4e+38 -3.4e+38 -3.4e+38 -3.4e+38 -3.4e+38 11.0094566345215 11.0650939941406 11.2865419387817 11.3217878341675 11.3269023895264 11.5540904998779 11.746187210083 12.2151966094971 14.3338279724121 15.3694190979004 15.7041301727295 15.5215377807617 14.9712219238281 14.2551946640015 13.9860563278198 14.57945728302 15.4726343154907 16.4706439971924 17.4904727935791 18.0157165527344 16.5401916503906 15.1304874420166 15.5752840042114 17.3003082275391 18.4698162078857 18.8261833190918 18.8000907897949 18.4926795959473 17.9147148132324 17.0600719451904 16.1781253814697 14.7291431427002 13.2810316085815
11.5265026092529 -3.4e+38 -3.4e+38 -3.4e+38 -3.4e+38 -3.4e+38 -3.4e+38 -3.4e+38 -3.4e+38 -3.4e+38 11.560718536377 11.4069938659668 -3.4e+38 -3.4e+38 -3.4e+38 11.3073930740356 11.5553712844849 11.5696086883545 11.4718637466431 11.5042181015015 11.4938535690308 12.4324512481689 15.1059246063232 16.4883651733398 17.0066394805908 16.796932220459 16.1891803741455 15.1343460083008 14.5566720962524 15.2133588790894 16.4834156036377 17.4628410339355 18.4579563140869 15.5193195343018 13.8492584228516 14.0687799453735 14.7715291976929 15.5786066055298 16.6736354827881 18.0430870056152 18.8624248504639 18.8195762634277 18.3783931732178 17.8197250366211 17.0688247680664 15.8025674819946 13.9526901245117
11.4872999191284 11.4449777603149 -3.4e+38 -3.4e+38 -3.4e+38 -3.4e+38 -3.4e+38 -3.4e+38 -3.4e+38 -3.4e+38 11.7752199172974 11.8082704544067 11.8484392166138 -3.4e+38 -3.4e+38 11.3992919921875 11.5077505111694 11.5946407318115 11.4924001693726 11.4209890365601 11.5804023742676 13.5420446395874 15.6901988983154 17.0893840789795 17.6985645294189 17.5070266723633 16.8334312438965 16.0284214019775 15.5624389648438 16.5043754577637 17.5537223815918 18.2202301025391 17.9049987792969 12.4400634765625 11.1782159805298 11.441556930542 12.7065019607544 13.6459293365479 14.8432292938232 16.1605377197266 17.8703441619873 18.5992488861084 18.5316390991211 18.1604671478271 17.4340057373047 16.5159854888916 14.6573534011841
11.5551624298096 11.5529680252075 11.7046117782593 11.7724323272705 -3.4e+38 -3.4e+38 -3.4e+38 -3.4e+38 -3.4e+38 -3.4e+38 -3.4e+38 11.7065582275391 11.8923749923706 11.8484392166138 11.9188003540039 11.6803674697876 11.4555644989014 11.1738147735596 11.47252368927 11.9371471405029 13.9049530029297 15.7234745025635 16.9025974273682 18.1716995239258 18.4169406890869 18.0002517700195 17.8809146881104 17.5920486450195 17.1308898925781 17.7202816009521 18.3216552734375 17.0488967895508 11.7660074234009 9.20995235443115 8.44161128997803 8.27028942108154 8.74477291107178 10.0575828552246 12.1160612106323 14.0053577423096 15.8349199295044 17.7751541137695 18.5099048614502 18.2369346618652 17.558385848999 16.9457015991211 15.3205280303955
11.5490465164185 11.6175498962402 11.7392282485962 11.8734560012817 -3.4e+38 -3.4e+38 -3.4e+38 -3.4e+38 11.9287548065186 11.9183835983276 11.6530361175537 11.5855703353882 11.7600803375244 12.0686054229736 12.3588638305664 12.5729122161865 11.9407339096069 11.178765296936 11.6985530853271 12.5494937896729 15.2434778213501 17.4748420715332 18.5335006713867 18.8498249053955 18.8899898529053 18.5371036529541 18.5164527893066 17.2919654846191 16.8341007232666 16.1147232055664 12.7796411514282 8.99222946166992 6.99922800064087 7.00065135955811 6.67790985107422 6.57594156265259 8.03822708129883 8.62793636322021 9.45577621459961 11.2279272079468 13.2829828262329 15.1544466018677 17.0017471313477 18.0133228302002 17.8183116912842 17.6933555603027 17.261833190918
11.631049156189 11.7556886672974 11.8539266586304 12.0335836410522 12.0856151580811 12.007791519165 11.9672546386719 11.9379138946533 11.8989639282227 11.7642364501953 11.7674446105957 11.5978393554688 11.1494493484497 12.4248046875 13.6271266937256 13.043701171875 12.3793067932129 12.4132518768311 13.3135671615601 14.8141231536865 14.6347141265869 18.1923580169678 19.0187301635742 18.2591247558594 16.4533405303955 14.9794921875 12.3918590545654 9.73132705688477 8.17510318756104 6.65228223800659 5.27472734451294 4.84911727905273 4.9384560585022 5.54162979125977 5.79885387420654 6.46253347396851 7.71989917755127 8.73631191253662 9.28802013397217 10.2997961044312 11.5056467056274 13.0630397796631 14.5748815536499 15.7595348358154 17.4578762054443 18.0556087493896 18.364107131958
12.0673408508301 12.3650779724121 12.2814016342163 12.1380434036255 12.1729068756104 12.3183708190918 12.3309011459351 12.2578992843628 12.2780141830444 12.225661277771 12.3096599578857 12.0671491622925 13.5003995895386 15.141942024231 16.2567405700684 15.9881391525269 14.1315250396729 13.5482482910156 15.7660331726074 16.0406246185303 17.7659664154053 17.3400840759277 16.0485458374023 11.150013923645 8.92996788024902 7.61824560165405 5.69086074829102 5.05022430419922 4.70969581604004 4.40369892120361 4.38055896759033 4.3900203704834 4.46135663986206 5.02710008621216 5.54343509674072 6.67464733123779 7.65279769897461 9.10094451904297 9.30916881561279 10.3704977035522 11.0697584152222 12.0030174255371 13.5670490264893 14.4807329177856 15.4235000610352 16.8779106140137 18.7076835632324
13.5210380554199 13.3431100845337 13.0482387542725 12.5896492004395 12.6341037750244 12.9030284881592 12.8934764862061 12.853723526001 13.2654838562012 14.0181369781494 14.4448833465576 14.6344347000122 15.5471839904785 17.3116092681885 18.0446891784668 18.5050868988037 17.8151931762695 16.2450351715088 18.0734729766846 17.9553318023682 15.9468240737915 11.7527379989624 9.59232807159424 7.80477905273438 5.89336490631104 5.09063100814819 4.77603197097778 4.37363052368164 4.31071805953979 4.29426860809326 4.28851890563965 4.29461812973022 4.40031957626343 5.05762434005737 5.88011932373047 7.01301097869873 7.93742561340332 8.86154651641846 9.44861221313477 10.3733377456665 10.8132305145264 11.3925943374634 12.4108142852783 13.9417009353638 14.9646091461182 15.4784421920776 17.2873363494873
14.5720539093018 14.3247346878052 14.0228147506714 13.5480356216431 13.4931297302246 13.8659725189209 14.0179500579834 14.2671251296997 15.0436029434204 15.6869144439697 15.9343194961548 16.2006988525391 17.1969661712646 18.4486026763916 18.9557323455811 19.0645179748535 19.0427398681641 18.83762550354 16.901159286499 12.7024660110474 8.93324947357178 6.60482454299927 5.63862371444702 5.13627624511719 4.77426910400391 4.55958414077759 4.39017677307129 4.29936122894287 4.28227853775024 4.28162384033203 4.28065872192383 4.30361223220825 4.47418308258057 5.07605361938477 5.78164052963257 6.91187334060669 7.91042327880859 8.64821815490723 9.54082202911377 10.3065586090088 10.5933780670166 11.2496728897095 11.8681030273438 13.0536270141602 14.3174486160278 15.2665958404541 16.1620140075684
15.6303052902222 15.3041219711304 14.9342279434204 14.5027589797974 14.3843021392822 14.5291881561279 14.8846473693848 15.1978511810303 15.772198677063 16.4001426696777 16.8521556854248 17.8276519775391 17.2842025756836 14.7458848953247 16.3455238342285 18.4849548339844 18.1445617675781 16.2411575317383 13.7003755569458 9.11902904510498 5.88633871078491 5.03281593322754 4.82724380493164 4.46538496017456 4.34697389602661 4.30553960800171 4.28006362915039 4.27937173843384 4.28534746170044 4.28285121917725 4.28299331665039 4.31786012649536 4.51581478118896 4.98618030548096 5.51609802246094 6.3827748298645 6.97323513031006 8.16882705688477 8.99935626983643 9.62385368347168 10.2910480499268 11.0490741729736 11.4722061157227 12.3157424926758 14.0513305664062 14.7919578552246 15.4705600738525
17.2481937408447 16.7574005126953 16.2888088226318 15.9868984222412 15.8002681732178 15.7439794540405 15.7733182907104 16.0007820129395 16.7100868225098 17.5357131958008 18.1307601928711 18.6840972900391 17.4023952484131 10.8415184020996 8.66196060180664 10.0416440963745 10.6765642166138 11.5861406326294 10.174430847168 7.7508692741394 5.81999349594116 4.97624969482422 4.48541831970215 4.36221933364868 4.29230642318726 4.2799654006958 4.29150867462158 4.28086376190186 4.28117990493774 4.28292894363403 4.29270458221436 4.2930269241333 4.41968774795532 4.87916612625122 5.1827564239502 5.79179191589355 6.34532737731934 6.94767904281616 7.7271556854248 8.63636779785156 9.33159828186035 9.93249893188477 10.7405376434326 11.5338077545166 12.8198690414429 14.146167755127 14.8101902008057
18.7793750762939 18.5259399414062 18.1086101531982 17.7743740081787 17.6331481933594 17.6047420501709 17.7409000396729 17.9559078216553 18.4251308441162 18.8626232147217 19.1174736022949 19.319055557251 18.5974998474121 12.8982410430908 8.9738941192627 6.38722324371338 6.35473823547363 7.03315019607544 7.15333938598633 6.1840181350708 4.93229579925537 4.70922708511353 4.44286441802979 4.35586071014404 4.29601621627808 4.29358386993408 4.28831911087036 4.27845430374146 4.2792181968689 4.28200054168701 4.30773258209229 4.31422805786133 4.29879760742188 4.48563528060913 4.8821005821228 5.23143863677979 5.54764413833618 6.17764472961426 6.65312337875366 7.23056030273438 7.88450050354004 8.61791515350342 9.29215145111084 10.5832815170288 11.7059230804443 13.0127468109131 13.9994049072266
19.5744571685791 19.5961532592773 19.5282516479492 19.3862628936768 19.2643718719482 19.1736850738525 19.1876316070557 19.302848815918 19.437162399292 19.4510707855225 19.0092029571533 18.6054649353027 16.6456718444824 12.8874959945679 8.61606979370117 5.80792236328125 5.23839807510376 5.33655786514282 5.64343452453613 4.97355842590332 4.84413480758667 4.47380590438843 4.33049821853638 4.31478977203369 4.30857181549072 4.30193758010864 4.28781795501709 4.28235721588135 4.28261995315552 4.28250122070312 4.30422019958496 4.31290626525879 4.31318807601929 4.29282569885254 4.31198453903198 4.3605318069458 4.613609790802 5.05184173583984 5.67765331268311 6.17594766616821 6.46913814544678 6.97834205627441 7.64799976348877 8.67959403991699 9.58574199676514 10.9493350982666 12.1127376556396
