Ecospace-environmental-drivers/Outputs/ASCII-for-ecospace/Temp-bot/Temp-bot_X1994.05.asc
NCOLS 131 
NROWS 53 
XLLCORNER -98 
YLLCORNER 23.9265270233154 
CELLSIZE 0.133587792515755 
NODATA_value -3.4e+38 
[rows 0 to 20 of 53, columns 47 to 93 of 131]
-3.4e+38 -3.4e+38 -3.4e+38 -3.4e+38 -3.4e+38 -3.4e+38 -3.4e+38 -3.4e+38 -3.4e+38 -3.4e+38 -3.4e+38 -3.4e+38 -3.4e+38 -3.4e+38 -3.4e+38 -3.4e+38 -3.4e+38 -3.4e+38 -3.4e+38 -3.4e+38 -3.4e+38 -3.4e+38 -3.4e+38 -3.4e+38 -3.4e+38 -3.4e+38 -3.4e+38 -3.4e+38 -3.4e+38 -3.4e+38 -3.4e+38 -3.4e+38 -3.4e+38 -3.4e+38 -3.4e+38 -3.4e+38 -3.4e+38 -3.4e+38 -3.4e+38 -3.4e+38 -3.4e+38 -3.4e+38 -3.4e+38 -3.4e+38 -3.4e+38 -3.4e+38 -3.4e+38
-3.4e+38 -3.4e+38 -3.4e+38 -3.4e+38 -3.4e+38 -3.4e+38 -3.4e+38 -3.4e+38 -3.4e+38 -3.4e+38 -3.4e+38 -3.4e+38 -3.4e+38 -3.4e+38 -3.4e+38 -3.4e+38 -3.4e+38 -3.4e+38 -3.4e+38 -3.4e+38 -3.4e+38 -3.4e+38 -3.4e+38 -3.4e+38 -3.4e+38 -3.4e+38 -3.4e+38 -3.4e+38 -3.4e+38 -3.4e+38 -3.4e+38 -3.4e+38 -3.4e+38 -3.4e+38 -3.4e+38 -3.4e+38 -3.4e+38 -3.4e+38 -3.4e+38 -3.4e+38 -3.4e+38 -3.4e+38 -3.4e+38 -3.4e+38 -3.4e+38 -3.4e+38 -3.4e+38
-3.4e+38 -3.4e+38 -3.4e+38 -3.4e+38 -3.4e+38 -3.4e+38 -3.4e+38 -3.4e+38 -3.4e+38 -3.4e+38 -3.4e+38 -3.4e+38 -3.4e+38 -3.4e+38 -3.4e+38 -3.4e+38 -3.4e+38 -3.4e+38 -3.4e+38 -3.4e+38 -3.4e+38 -3.4e+38 -3.4e+38 -3.4e+38 -3.4e+38 -3.4e+38 -3.4e+38 27.750301361084 27.7602424621582 -3.4e+38 -3.4e+38 -3.4e+38 -3.4e+38 -3.4e+38 -3.4e+38 -3.4e+38 -3.4e+38 -3.4e+38 -3.4e+38 -3.4e+38 -3.4e+38 -3.4e+38 -3.4e+38 -3.4e+38 -3.4e+38 -3.4e+38 -3.4e+38
-3.4e+38 -3.4e+38 -3.4e+38 -3.4e+38 -3.4e+38 -3.4e+38 -3.4e+38 -3.4e+38 -3.4e+38 -3.4e+38 -3.4e+38 -3.4e+38 -3.4e+38 -3.4e+38 -3.4e+38 -3.4e+38 -3.4e+38 -3.4e+38 -3.4e+38 -3.4e+38 -3.4e+38 -3.4e+38 -3.4e+38 -3.4e+38 -3.4e+38 -3.4e+38 -3.4e+38 27.8383369445801 27.7876453399658 -3.4e+38 -3.4e+38 -3.4e+38 -3.4e+38 -3.4e+38 -3.4e+38 -3.4e+38 -3.4e+38 -3.4e+38 -3.4e+38 -3.4e+38 -3.4e+38 -3.4e+38 -3.4e+38 -3.4e+38 -3.4e+38 -3.4e+38 -3.4e+38
-3.4e+38 -3.4e+38 -3.4e+38 -3.4e+38 -3.4e+38 -3.4e+38 -3.4e+38 -3.4e+38 -3.4e+38 28.1119251251221 28.1119251251221 28.1146678924561 28.1290855407715 -3.4e+38 -3.4e+38 -3.4e+38 -3.4e+38 -3.4e+38 27.9432773590088 27.8852252960205 27.7349891662598 27.8219108581543 27.891975402832 28.0443954467773 27.9593048095703 27.87721824646 27.9126720428467 27.8347110748291 27.9180335998535 28.1930332183838 -3.4e+38 -3.4e+38 25.0781192779541 24.6147785186768 25.0853481292725 24.6098861694336 24.3200511932373 25.2611141204834 25.4913196563721 24.3769969940186 24.9990863800049 24.5288162231445 -3.4e+38 -3.4e+38 -3.4e+38 -3.4e+38 -3.4e+38
-3.4e+38 -3.4e+38 -3.4e+38 -3.4e+38 -3.4e+38 -3.4e+38 -3.4e+38 -3.4e+38 28.1119251251221 28.1119251251221 28.1119251251221 28.1119251251221 28.11741065979 28.1318340301514 28.1551761627197 -3.4e+38 28.1294689178467 28.1118068695068 27.9464321136475 27.829647064209 27.6851463317871 27.6123905181885 27.6415958404541 27.676570892334 27.5519580841064 27.3773555755615 27.2913303375244 27.7151126861572 27.9027328491211 28.1084365844727 26.0949668884277 25.6478366851807 25.2544803619385 24.3320426940918 23.7872409820557 23.6120834350586 23.58083152771 23.5584850311279 23.5043926239014 23.4974765777588 23.6761150360107 24.4131679534912 25.0268974304199 25.5107421875 -3.4e+38 -3.4e+38 -3.4e+38
-3.4e+38 -3.4e+38 -3.4e+38 -3.4e+38 -3.4e+38 -3.4e+38 -3.4e+38 -3.4e+38 28.1214389801025 28.1119251251221 28.1119251251221 28.1119251251221 28.1119251251221 28.1228942871094 28.1373405456543 28.1551761627197 28.1599140167236 28.0909767150879 27.9802017211914 27.9513683319092 27.4799270629883 26.9205684661865 25.6665878295898 25.0756988525391 25.1391162872314 24.648494720459 24.2882766723633 24.9353370666504 25.1227912902832 25.024772644043 24.5198802947998 23.2577934265137 22.9609279632568 22.6837005615234 22.3790397644043 21.594762802124 20.7458610534668 20.9994926452637 21.2918720245361 21.3826999664307 21.3863201141357 21.8455028533936 22.7464923858643 23.8227252960205 24.6904277801514 24.550952911377 -3.4e+38
-3.4e+38 -3.4e+38 -3.4e+38 -3.4e+38 -3.4e+38 -3.4e+38 -3.4e+38 -3.4e+38 -3.4e+38 -3.4e+38 28.1119251251221 28.1119251251221 28.1119251251221 -3.4e+38 28.1338653564453 28.1483917236328 28.2271595001221 28.2506828308105 28.1724815368652 28.0922660827637 27.7488021850586 27.2888164520264 25.240047454834 23.0848007202148 22.3525772094727 22.1476440429688 21.9240474700928 22.5558757781982 22.9596405029297 22.5032825469971 21.7194957733154 21.2811088562012 21.5426464080811 21.4162750244141 20.3222255706787 18.3206729888916 17.6239967346191 18.6822910308838 19.6025199890137 20.0002155303955 20.4088535308838 20.9639587402344 21.7643280029297 22.1662044525146 23.0639591217041 24.5902938842773 25.8591270446777
-3.4e+38 -3.4e+38 -3.4e+38 -3.4e+38 -3.4e+38 -3.4e+38 -3.4e+38 -3.4e+38 -3.4e+38 -3.4e+38 -3.4e+38 -3.4e+38 -3.4e+38 -3.4e+38 28.1606140136719 28.0074863433838 28.2611846923828 28.3397579193115 28.2542419433594 28.2057151794434 27.9544506072998 27.5963439941406 25.1137390136719 22.6895008087158 21.0367050170898 20.7687511444092 20.7981796264648 20.717903137207 20.8512954711914 20.8221664428711 20.65869140625 20.7968940734863 21.0306587219238 19.392017364502 17.0761947631836 15.5667314529419 16.0569534301758 17.4394626617432 18.4407901763916 19.1761779785156 19.8814182281494 20.6487979888916 21.0170440673828 21.2774658203125 21.6941547393799 22.7214984893799 24.8016929626465
28.2570915222168 -3.4e+38 -3.4e+38 -3.4e+38 -3.4e+38 -3.4e+38 -3.4e+38 -3.4e+38 -3.4e+38 -3.4e+38 28.4122447967529 28.3688087463379 -3.4e+38 -3.4e+38 -3.4e+38 28.2504653930664 28.3704109191895 28.4843978881836 28.3859119415283 28.3080024719238 28.1791744232178 27.0689468383789 24.655948638916 22.3304309844971 20.6692314147949 20.7012386322021 20.978063583374 20.7026557922363 20.3979568481445 20.1721973419189 20.3611450195312 20.4249992370605 19.6644172668457 15.788761138916 14.1368980407715 14.4519138336182 15.3811864852905 16.2612209320068 17.1303768157959 18.1751403808594 19.3880405426025 20.9335308074951 21.307487487793 21.3147926330566 21.4885692596436 22.213207244873 23.8348369598389
28.0656814575195 28.1052951812744 -3.4e+38 -3.4e+38 -3.4e+38 -3.4e+38 -3.4e+38 -3.4e+38 -3.4e+38 -3.4e+38 28.5073871612549 28.5774269104004 28.6256923675537 -3.4e+38 -3.4e+38 28.3025970458984 28.4112148284912 28.6535530090332 28.6024837493896 28.4525623321533 27.8068523406982 25.761058807373 24.2209873199463 21.945894241333 20.442892074585 20.6176471710205 20.9992160797119 20.5970783233643 20.2888259887695 20.3651313781738 20.204137802124 19.7530117034912 18.6448173522949 12.7951812744141 11.4242334365845 12.0444793701172 13.3437042236328 14.1600131988525 15.6662216186523 16.8714027404785 18.4238796234131 19.7840785980225 20.9850540161133 21.4827461242676 21.7240943908691 22.5241947174072 23.8648986816406
28.0489158630371 28.1168785095215 28.2529373168945 28.3701076507568 -3.4e+38 -3.4e+38 -3.4e+38 -3.4e+38 -3.4e+38 -3.4e+38 -3.4e+38 28.5517539978027 28.651252746582 28.6256923675537 28.3221492767334 28.2781429290771 28.6979751586914 28.836462020874 28.6498222351074 27.8981056213379 25.5517139434814 23.9007835388184 22.5415287017822 20.4029369354248 20.1282196044922 20.0761089324951 20.1181049346924 19.9479579925537 19.6652297973633 19.48610496521 19.377103805542 17.8633689880371 11.940770149231 9.38707160949707 8.460373878479 8.40944194793701 9.21283721923828 11.2101802825928 12.8536167144775 14.8806095123291 16.5799503326416 18.4799556732178 19.9020843505859 21.0807247161865 21.7409858703613 23.1397609710693 24.0555057525635
27.7533874511719 28.15380859375 28.3741474151611 28.4832363128662 -3.4e+38 -3.4e+38 -3.4e+38 -3.4e+38 28.5061931610107 28.527042388916 28.4349689483643 28.3375949859619 28.6685409545898 28.6595268249512 27.7007827758789 27.1294841766357 27.9601593017578 28.1757659912109 28.3489112854004 26.5373802185059 23.0119972229004 21.1823215484619 20.136589050293 19.977746963501 19.8142166137695 19.4992218017578 18.9427261352539 17.5536003112793 17.046989440918 16.2659740447998 12.8386964797974 9.14071178436279 6.95000505447388 7.02374076843262 6.75606822967529 6.70597553253174 8.68830680847168 9.68276786804199 10.8279151916504 12.2668619155884 13.8104820251465 15.6486167907715 17.7503833770752 19.6353435516357 20.481424331665 21.0162372589111 21.4120063781738
27.1177616119385 27.3987274169922 27.8223972320557 28.1443328857422 28.3369007110596 28.2604808807373 28.2711963653564 28.3551769256592 28.3939533233643 28.3138942718506 28.3384017944336 28.4527263641357 27.7933387756348 26.6035194396973 25.1890506744385 26.2878189086914 27.7717952728271 27.9911365509033 27.5399303436279 24.9365253448486 23.2147274017334 19.7240142822266 19.5108432769775 18.1745491027832 15.8550825119019 14.6580934524536 11.9498052597046 9.44538497924805 8.03041172027588 6.41989326477051 5.37570571899414 5.0107102394104 5.09985637664795 5.64265155792236 5.90098714828491 6.6131386756897 8.28134536743164 9.83071899414062 10.8194780349731 11.3098888397217 12.3058757781982 13.5197114944458 14.8903894424438 16.1055583953857 18.3680648803711 19.4211769104004 20.4170989990234
26.6650714874268 26.7386932373047 27.196231842041 27.7844295501709 28.1506938934326 28.1581497192383 28.2509670257568 28.2422542572021 28.1543617248535 27.9030113220215 27.6232032775879 26.3673343658447 25.3280124664307 23.4546165466309 21.8203067779541 22.988790512085 25.7575531005859 28.5965023040771 28.1496353149414 24.9801864624023 20.3128433227539 17.0612659454346 15.4671983718872 10.9809694290161 8.34446716308594 7.27438449859619 5.62918901443481 5.08474063873291 4.75460338592529 4.44283008575439 4.39337015151978 4.39612627029419 4.52814102172852 5.11591768264771 5.6233286857605 6.81449794769287 7.90289640426636 10.149787902832 10.2386856079102 11.3591356277466 11.7024946212769 12.700098991394 13.8939199447632 14.5333652496338 15.9038372039795 17.0245914459229 19.8510150909424
25.5065612792969 25.7686786651611 26.2534637451172 26.918436050415 27.0195903778076 26.8932075500488 26.8296699523926 26.750617980957 26.5842742919922 25.9540424346924 25.4365730285645 24.6189479827881 23.0624542236328 21.3325233459473 20.3753509521484 20.3701419830322 21.5817050933838 24.0492267608643 21.3347473144531 19.726541519165 15.9922819137573 11.543553352356 9.16248321533203 7.30517911911011 5.7743124961853 5.12490034103394 4.8152904510498 4.37501764297485 4.26909160614014 4.2327561378479 4.23732852935791 4.2433500289917 4.4079909324646 5.11248922348022 5.87551832199097 7.00611686706543 8.09440135955811 9.46877956390381 10.0347137451172 11.2558460235596 11.8152503967285 12.0226764678955 12.898964881897 14.2231035232544 15.4004077911377 15.8982734680176 17.3470401763916
25.0668087005615 25.2039184570312 25.4409294128418 25.8542137145996 26.1245861053467 25.9742088317871 25.8207588195801 25.6603317260742 25.5053672790527 25.1981010437012 24.4505825042725 23.0132331848145 21.5855541229248 20.455982208252 19.6466884613037 19.3906745910645 19.3500022888184 19.1785888671875 16.7280292510986 12.8168687820435 8.7703914642334 6.29645681381226 5.53989601135254 5.13846969604492 4.81902313232422 4.551109790802 4.35954141616821 4.25196313858032 4.24472427368164 4.24752998352051 4.24869346618652 4.26715230941772 4.45668458938599 5.11398315429688 5.80796051025391 6.87870502471924 7.88970136642456 8.76459884643555 10.1864280700684 10.7783575057983 11.6457738876343 12.0878000259399 12.929178237915 13.3625602722168 14.2072925567627 15.8880596160889 16.3418140411377
23.6425170898438 24.0042171478271 24.4889812469482 25.03759765625 25.3749828338623 25.4696369171143 25.4826812744141 25.2892150878906 25.0729179382324 24.5352897644043 23.3228454589844 21.0477180480957 18.0235157012939 14.8706007003784 16.1846313476562 18.0190601348877 17.7474708557129 15.9808301925659 13.9337921142578 9.05059719085693 5.7778902053833 5.06432056427002 4.86258792877197 4.4455189704895 4.32549095153809 4.26267910003662 4.25779342651367 4.25868129730225 4.26512765884399 4.26140451431274 4.26040887832642 4.275719165802 4.45230436325073 5.0624475479126 5.56894731521606 6.59081697463989 6.99717044830322 8.22894477844238 9.31771945953369 9.83216953277588 11.1388683319092 12.0166444778442 12.4625444412231 13.3187818527222 14.5419311523438 14.9556846618652 16.1223411560059
21.1048164367676 21.3516254425049 21.6649074554443 22.3516807556152 23.0357494354248 23.4729976654053 23.7175636291504 23.47141456604 22.7879257202148 22.2796230316162 21.7808094024658 20.8814926147461 17.8774890899658 11.0794620513916 8.56779861450195 9.94847679138184 10.5554456710815 11.2865495681763 9.87040042877197 7.35733318328857 5.6593132019043 4.99689292907715 4.49321269989014 4.33220863342285 4.27912712097168 4.27829504013062 4.28456449508667 4.27460718154907 4.26927089691162 4.26396560668945 4.27364206314087 4.24607372283936 4.3590521812439 4.91155385971069 5.2302680015564 5.89535427093506 6.57331275939941 7.01319980621338 7.82646226882935 8.89914035797119 9.78070831298828 10.3256044387817 11.4703063964844 12.4804496765137 13.3194446563721 14.555645942688 15.3918752670288
20.113941192627 20.0587768554688 20.0320243835449 20.1708164215088 20.4824886322021 20.9188747406006 21.1435012817383 21.1816883087158 21.2067356109619 21.219446182251 21.0273780822754 20.3723201751709 18.9254817962646 13.1385593414307 8.98147392272949 6.31376171112061 6.17865943908691 6.54166984558105 6.57121706008911 5.88260078430176 4.9844331741333 4.6804027557373 4.40372610092163 4.32343053817749 4.29510259628296 4.29224872589111 4.28590774536133 4.27646255493164 4.26656627655029 4.26164579391479 4.26875305175781 4.25415229797363 4.23512840270996 4.49301195144653 4.93873643875122 5.26426887512207 5.55993366241455 6.26341581344604 6.69599151611328 7.35521411895752 7.99121809005737 9.15244102478027 9.65727519989014 10.567666053772 11.7646055221558 12.8898639678955 14.4151124954224
19.750617980957 19.5892486572266 19.575252532959 19.6314373016357 19.730297088623 19.9051265716553 20.0641784667969 20.1778335571289 20.3026695251465 20.2523288726807 19.6029949188232 18.7586936950684 16.2063179016113 12.6983995437622 8.521164894104 5.80756044387817 5.30781507492065 5.32188701629639 5.35361194610596 4.99969959259033 4.76855754852295 4.43229389190674 4.3173680305481 4.30576848983765 4.29796028137207 4.29336738586426 4.28256225585938 4.27308654785156 4.26692676544189 4.2628173828125 4.27387619018555 4.25063800811768 4.23401403427124 4.23459148406982 4.28593969345093 4.36511993408203 4.65243911743164 5.07602167129517 5.60728120803833 6.17204236984253 6.53653717041016 7.12255811691284 7.82312726974487 8.89085674285889 9.49489402770996 10.6643314361572 11.5956773757935
