Ecospace-environmental-drivers/Outputs/ASCII-for-ecospace/Temp-bot/Temp-bot_X2010.03.asc
NCOLS 131 
NROWS 53 
XLLCORNER -98 
YLLCORNER 23.9265270233154 
CELLSIZE 0.133587792515755 
NODATA_value -3.4e+38 
[rows 21 to 41 of 53, columns 0 to 46 of 131]
-3.4e+38 -3.4e+38 -3.4e+38 -3.4e+38 -3.4e+38 -3.4e+38 16.1719379425049 16.1483860015869 15.9796848297119 16.2619018554688 15.4883546829224 15.321662902832 15.5170011520386 15.8095502853394 16.0580101013184 16.3188972473145 16.5802459716797 16.7998466491699 16.9923362731934 17.1373481750488 17.2223644256592 16.94602394104 16.9598712921143 17.0769882202148 17.1898937225342 17.27392578125 17.3713436126709 17.2470836639404 17.2134017944336 17.2116088867188 17.319263458252 17.5487022399902 17.6053161621094 17.6163635253906 17.5070781707764 17.4134292602539 17.3428344726562 17.3607730865479 17.4096603393555 17.4156131744385 17.2668132781982 17.2884120941162 17.2461280822754 17.131103515625 17.0998287200928 17.0248279571533 16.9640045166016
-3.4e+38 -3.4e+38 -3.4e+38 -3.4e+38 -3.4e+38 -3.4e+38 16.3204040527344 16.0470218658447 16.1483860015869 15.5287656784058 15.5061883926392 15.907829284668 16.3531684875488 16.6744289398193 16.8602638244629 16.9792804718018 17.0505828857422 17.090763092041 17.1711254119873 17.3113861083984 16.6830005645752 16.1698951721191 16.1331920623779 16.3155899047852 16.480676651001 16.6822528839111 16.5563678741455 16.3787097930908 16.5891189575195 16.8523769378662 17.0751132965088 17.0853118896484 17.0444221496582 16.8141708374023 16.6279754638672 16.7635650634766 16.7222728729248 16.64990234375 16.5642070770264 16.1242980957031 16.1778144836426 16.5181274414062 15.6862745285034 15.7922620773315 16.2261562347412 16.196439743042 15.9813213348389
-3.4e+38 -3.4e+38 -3.4e+38 -3.4e+38 16.4917469024658 16.4553184509277 16.1993389129639 16.3204040527344 15.6722774505615 15.6715288162231 16.2415580749512 16.7287845611572 17.0345821380615 17.2115726470947 17.4303760528564 17.7055606842041 17.794605255127 17.8086719512939 17.7490558624268 16.5414886474609 14.8839721679688 14.1394624710083 13.578950881958 12.9038219451904 13.3926515579224 12.9045648574829 13.2185831069946 13.9159250259399 15.0207395553589 14.6728410720825 15.6199378967285 16.1180267333984 16.2660217285156 14.8829345703125 16.1397399902344 15.743932723999 14.9339866638184 15.1200103759766 13.8572778701782 10.7293872833252 11.4818506240845 11.3090009689331 13.3851013183594 11.7983589172363 12.8827342987061 13.2775678634644 13.8603029251099
-3.4e+38 -3.4e+38 -3.4e+38 -3.4e+38 16.6225738525391 16.397346496582 16.4553184509277 15.8222923278809 15.8197689056396 16.3878288269043 16.8793849945068 17.1479053497314 17.258544921875 17.3413486480713 17.4953918457031 17.7135715484619 17.3361968994141 14.8697996139526 13.6696720123291 11.5437288284302 9.69857978820801 8.47244548797607 9.01964664459229 9.11462879180908 9.70287895202637 9.51329803466797 9.95621013641357 9.52991580963135 10.0824565887451 9.77810764312744 10.3367118835449 11.8688821792603 12.2401056289673 12.9570331573486 14.0612525939941 13.6661376953125 14.4133358001709 13.2114973068237 10.6691274642944 7.97497081756592 8.37525844573975 8.93167972564697 9.22038841247559 8.51279735565186 7.96952676773071 8.44547176361084 7.54342174530029
-3.4e+38 -3.4e+38 -3.4e+38 -3.4e+38 -3.4e+38 16.6225738525391 16.1141471862793 15.7803115844727 16.2857093811035 16.8459568023682 17.0899448394775 17.1736259460449 17.0794277191162 16.8701362609863 16.3421421051025 14.6040916442871 11.0456256866455 8.40616130828857 7.94806289672852 7.0265998840332 6.20507669448853 5.96886110305786 6.2730016708374 6.42831897735596 6.90366458892822 6.45068645477295 6.61640691757202 6.6473126411438 6.43549013137817 6.47793579101562 6.65011310577393 7.69290113449097 8.43751430511475 10.3067970275879 10.1987991333008 10.7277050018311 10.1763067245483 8.2692813873291 6.26850366592407 6.19285821914673 6.90373086929321 6.94159364700317 6.31118154525757 6.16614246368408 5.99319267272949 6.27701663970947 5.96508312225342
-3.4e+38 -3.4e+38 -3.4e+38 -3.4e+38 -3.4e+38 16.5113182067871 15.7793636322021 16.0378036499023 16.5894737243652 16.9112300872803 17.0907115936279 17.019021987915 16.4234180450439 15.2730398178101 13.0621061325073 10.7596378326416 7.75784015655518 6.18071174621582 5.97394847869873 5.51748752593994 5.20942211151123 5.224778175354 5.33003282546997 5.52601480484009 5.37617444992065 5.43924331665039 5.39594268798828 5.3137354850769 5.38559770584106 5.26993274688721 5.54029512405396 6.07930278778076 6.94582176208496 7.51730108261108 6.62998867034912 7.08663654327393 6.68831777572632 5.82368469238281 5.61416339874268 5.46032857894897 5.70879411697388 5.32459115982056 5.51815557479858 5.53773021697998 5.62653398513794 5.7009539604187 5.07542562484741
-3.4e+38 -3.4e+38 18.5964984893799 18.3977699279785 17.1352500915527 16.2239456176758 15.811915397644 16.3002033233643 16.7418174743652 17.0172252655029 17.0769119262695 16.399543762207 15.265926361084 12.9877996444702 10.1209878921509 8.78923225402832 6.51719236373901 5.37760448455811 5.08318901062012 4.99472045898438 4.98947095870972 4.99239253997803 5.0561351776123 5.06824350357056 5.05909109115601 5.13086843490601 4.93475532531738 4.82745838165283 4.83547019958496 4.93937206268311 5.25531911849976 5.52277898788452 5.71178197860718 5.81133031845093 5.79722547531128 5.66246509552002 5.61564636230469 5.55373907089233 5.38713693618774 5.22685194015503 5.22191047668457 5.11688041687012 4.94284391403198 4.84489631652832 5.02240467071533 5.00895023345947 4.68035554885864
-339999999999999996128486808808066248288.000000000000000 -3.4e+38 -3.4e+38 -3.4e+38 18.1990394592285 16.145450592041 15.9728622436523 16.5239734649658 16.9384365081787 17.0227565765381 16.8058013916016 15.5632572174072 13.3627462387085 10.4699277877808 8.74855899810791 7.22077178955078 5.62264156341553 5.22346830368042 5.04016828536987 4.91467952728271 4.96269941329956 4.89626932144165 4.9206109046936 4.95314073562622 5.004723072052 5.03623533248901 4.82827043533325 4.8620777130127 4.65282917022705 4.72048568725586 4.9708194732666 5.08862781524658 5.25242376327515 5.34210872650146 5.3606276512146 5.27882051467896 5.19837522506714 5.06011199951172 5.02127122879028 4.91625452041626 4.77869606018066 4.69839429855347 4.55398607254028 4.47993993759155 4.47208023071289 4.46438884735107 4.47271776199341
-3.4e+38 -3.4e+38 -3.4e+38 -3.4e+38 17.9600639343262 16.1371898651123 16.1960277557373 16.7515316009521 16.9493026733398 16.8143863677979 16.3099822998047 14.6164903640747 11.362699508667 8.71769523620605 6.91068267822266 6.08610057830811 5.62932443618774 5.30338573455811 5.01359224319458 4.95603847503662 4.76250648498535 4.58318996429443 4.5346155166626 4.56512069702148 4.58402061462402 4.76535272598267 4.58951187133789 4.55765151977539 4.34646368026733 4.68197298049927 4.84421586990356 4.88021326065063 4.79907703399658 4.87779092788696 4.85848474502563 4.68283987045288 4.70896339416504 4.70067691802979 4.66176891326904 4.60797786712646 4.51680326461792 4.456467628479 4.39989471435547 4.35326910018921 4.37329864501953 4.36122417449951 4.36503505706787
-3.4e+38 -3.4e+38 -3.4e+38 -3.4e+38 17.8286647796631 16.2941780090332 16.3410511016846 16.840051651001 16.8587608337402 16.6104984283447 15.9274787902832 13.3141803741455 9.44042205810547 7.61353158950806 6.07824754714966 5.63148021697998 5.2752103805542 5.09693002700806 4.60454654693604 4.56592035293579 4.45835208892822 4.4527440071106 4.50898599624634 4.53127717971802 4.42764663696289 4.52303123474121 4.70793390274048 4.11503314971924 4.10115623474121 4.43805599212646 4.73664999008179 4.60539484024048 4.56147527694702 4.56495523452759 4.59792709350586 4.55415534973145 4.53792428970337 4.52221727371216 4.49986791610718 4.47987794876099 4.4495325088501 4.34139442443848 4.28946685791016 4.29304122924805 4.29571199417114 4.29562902450562 4.31932163238525
-3.4e+38 -3.4e+38 -3.4e+38 -3.4e+38 18.9595413208008 16.5594711303711 16.3314590454102 16.7319602966309 16.8358459472656 16.5500259399414 15.6266946792603 13.0298023223877 9.02796077728271 7.21545553207397 5.87782430648804 5.026695728302 4.83219003677368 4.73585653305054 4.54001569747925 4.48170471191406 4.34280395507812 4.30126810073853 4.4509072303772 4.49152326583862 4.4676718711853 4.51481246948242 4.85053062438965 4.68148899078369 4.29818773269653 4.48963642120361 4.43225479125977 4.35600852966309 4.35580635070801 4.34392642974854 4.37760448455811 4.36028814315796 4.37948560714722 4.34292936325073 4.31978464126587 4.26619386672974 4.26621913909912 4.22948455810547 4.23976182937622 4.24639987945557 4.25138711929321 4.24167203903198 4.23916959762573
-3.4e+38 -3.4e+38 -3.4e+38 -3.4e+38 19.0114555358887 17.0211162567139 16.3778114318848 16.6538181304932 16.8924198150635 16.7098331451416 15.8392524719238 14.1184930801392 9.65732288360596 6.85219717025757 5.63644647598267 4.86715173721313 4.5874719619751 4.50826644897461 4.44842672348022 4.35437059402466 4.26966381072998 4.26278257369995 4.28568983078003 4.31653356552124 4.45133304595947 4.43674564361572 4.4462685585022 4.4376802444458 4.41083335876465 4.44473934173584 4.35974502563477 4.33347177505493 4.32343149185181 4.29172325134277 4.27105045318604 4.2665867805481 4.26150369644165 4.24832201004028 4.24822235107422 4.24179697036743 4.23876142501831 4.23646402359009 4.35231733322144 4.27522230148315 4.28682565689087 4.28630924224854 4.28225374221802
-3.4e+38 -3.4e+38 -3.4e+38 -3.4e+38 19.0660228729248 17.6128063201904 16.4650630950928 16.6576042175293 17.0590190887451 17.3034019470215 16.7569217681885 15.4959383010864 11.3138513565063 6.69846200942993 5.27934598922729 4.9062647819519 4.63087701797485 4.48138618469238 4.35839939117432 4.2844066619873 4.2527961730957 4.24769449234009 4.24595642089844 4.28207063674927 4.3206639289856 4.30321168899536 4.29331636428833 4.26446199417114 4.25052070617676 4.2720046043396 4.24994039535522 4.26220560073853 4.26476430892944 4.26137781143188 4.25283575057983 4.2494068145752 4.25302839279175 4.25369310379028 4.25570487976074 4.3047251701355 4.26346921920776 4.2823371887207 4.32449769973755 4.32776021957397 4.31650686264038 4.31405258178711 4.32896375656128
-3.4e+38 -3.4e+38 -3.4e+38 -3.4e+38 -3.4e+38 17.1132736206055 16.7044773101807 16.6138877868652 17.0722503662109 17.5706596374512 17.8952484130859 17.9428386688232 13.8066463470459 6.91141176223755 5.31396007537842 4.91853809356689 4.67485046386719 4.50016164779663 4.35053873062134 4.2654824256897 4.24943351745605 4.24892091751099 4.24605703353882 4.25730466842651 4.27667951583862 4.30329275131226 4.28296184539795 4.24124622344971 4.2382378578186 4.24022388458252 4.24433708190918 4.24690008163452 4.25243282318115 4.25860166549683 4.27421808242798 4.25296068191528 4.24755048751831 4.25002574920654 4.25246572494507 4.2533540725708 4.29335927963257 4.32895755767822 4.30521726608276 4.28684186935425 4.30842924118042 4.30651807785034 4.30558681488037
-3.4e+38 -3.4e+38 -3.4e+38 -3.4e+38 -3.4e+38 19.5540752410889 16.9767627716064 16.6660060882568 17.0888290405273 17.5782413482666 18.1298446655273 18.5391006469727 14.2023639678955 7.17857265472412 5.46673011779785 4.92320013046265 4.8107271194458 4.53583860397339 4.37443447113037 4.25008535385132 4.24690008163452 4.25390720367432 4.27819585800171 4.26979732513428 4.28989791870117 4.34067916870117 4.31898546218872 4.28756904602051 4.29186677932739 4.27215814590454 4.25727367401123 4.25707817077637 4.25834846496582 4.26102733612061 4.31237077713013 4.29095983505249 4.2590160369873 4.25162315368652 4.25727796554565 4.25881099700928 4.26492547988892 4.30334806442261 4.29503870010376 4.28565454483032 4.2871527671814 4.28058958053589 4.2767391204834
-3.4e+38 -3.4e+38 -3.4e+38 -3.4e+38 -3.4e+38 19.6300563812256 17.1627445220947 16.7505779266357 17.1553573608398 17.7361011505127 18.2713356018066 18.6387329101562 12.9973878860474 6.75019931793213 5.2489652633667 4.93898820877075 4.9062614440918 4.71437549591064 4.33929967880249 4.24939107894897 4.25798034667969 4.27157640457153 4.29404592514038 4.31869220733643 4.33770513534546 4.32641315460205 4.32657289505005 4.32656669616699 4.32681703567505 4.34520149230957 4.34831285476685 4.34147977828979 4.32398509979248 4.32129812240601 4.34394121170044 4.32508563995361 4.2910008430481 4.26975774765015 4.28012990951538 4.27431488037109 4.27749252319336 4.27533626556396 4.27040481567383 4.26690769195557 4.26734352111816 4.26765966415405 4.27244806289673
-3.4e+38 -3.4e+38 -3.4e+38 -3.4e+38 -3.4e+38 -3.4e+38 17.2268829345703 16.9615135192871 17.3492221832275 17.9632911682129 18.4947566986084 18.5507354736328 13.2790098190308 7.22384309768677 5.31055402755737 4.96686744689941 5.08055353164673 4.77416753768921 4.34340620040894 4.25771427154541 4.25386142730713 4.27737426757812 4.30650424957275 4.33265161514282 4.36087274551392 4.3529314994812 4.33092927932739 4.36092281341553 4.37842607498169 4.37642621994019 4.37350034713745 4.37143850326538 4.37233114242554 4.37523365020752 4.37609338760376 4.36990642547607 4.35712289810181 4.32085704803467 4.28905057907104 4.27737617492676 4.26814126968384 4.26790475845337 4.26592779159546 4.2669095993042 4.27430200576782 4.26948738098145 4.26194429397583
-3.4e+38 -3.4e+38 -3.4e+38 -3.4e+38 -3.4e+38 -3.4e+38 17.5041770935059 17.2132472991943 17.6289749145508 18.1529903411865 18.6234016418457 18.2474174499512 12.3662443161011 7.46341323852539 5.55038642883301 5.13205051422119 5.24135160446167 4.85773372650146 4.3802285194397 4.26165294647217 4.28269004821777 4.30555438995361 4.33114385604858 4.34880208969116 4.37445306777954 4.37313365936279 4.37451314926147 4.3739013671875 4.37226724624634 4.37155723571777 4.37189388275146 4.3730616569519 4.37290096282959 4.37273454666138 4.375328540802 4.37533473968506 4.3711895942688 4.36581325531006 4.36324119567871 4.34249496459961 4.30722045898438 4.29275035858154 4.28493404388428 4.29418182373047 4.29580497741699 4.29121351242065 4.27336692810059
-3.4e+38 -3.4e+38 -3.4e+38 -3.4e+38 -3.4e+38 -3.4e+38 17.6775608062744 17.4655303955078 17.869701385498 18.2681941986084 18.4907894134521 17.4557456970215 12.0433759689331 6.72175884246826 5.37893390655518 4.91985559463501 5.04767274856567 4.74462270736694 4.42754507064819 4.28038644790649 4.29377317428589 4.33127689361572 4.36175918579102 4.37127590179443 4.37513875961304 4.37612342834473 4.37591361999512 4.37636423110962 4.37773036956787 4.37906932830811 4.38027381896973 4.38045072555542 4.37973213195801 4.37898254394531 4.37848854064941 4.3790431022644 4.37724924087524 4.37398767471313 4.36958503723145 4.3658618927002 4.3621072769165 4.35340785980225 4.34089708328247 4.31350088119507 4.31985425949097 4.34177398681641 4.34124135971069
-3.4e+38 -3.4e+38 -3.4e+38 -3.4e+38 -3.4e+38 18.419246673584 17.4905166625977 17.7155742645264 18.0297622680664 18.2455749511719 18.1857490539551 16.6035308837891 11.0947170257568 6.07543706893921 4.99635457992554 4.78446006774902 4.80001258850098 4.68041133880615 4.45249795913696 4.29754400253296 4.30234622955322 4.36359453201294 4.37682437896729 4.37843894958496 4.37984609603882 4.38054323196411 4.3814582824707 4.38289928436279 4.38502740859985 4.3867039680481 4.38805723190308 4.38858509063721 4.38754034042358 4.38676595687866 4.38512229919434 4.38450813293457 4.38302946090698 4.380211353302 4.37711620330811 4.37382555007935 4.37008333206177 4.36527681350708 4.3589038848877 4.3546929359436 4.35319137573242 4.35572099685669 4.35788774490356
-3.4e+38 -3.4e+38 -3.4e+38 -3.4e+38 18.6736087799072 18.1886920928955 17.4611415863037 17.9431076049805 18.1490440368652 18.1765365600586 17.4724102020264 14.850076675415 9.6809606552124 5.58810710906982 4.9227933883667 4.7590274810791 4.71051120758057 4.57263231277466 4.38278484344482 4.2994556427002 4.34011602401733 4.37973117828369 4.38038349151611 4.38500595092773 4.38666296005249 4.38772678375244 4.38864040374756 4.39020013809204 4.39253282546997 4.39308786392212 4.39092636108398 4.3882794380188 4.38760757446289 4.38892507553101 4.38859415054321 4.38916254043579 4.38875007629395 4.38663816452026 4.38338708877563 4.37995910644531 4.37624979019165 4.37195348739624 4.36605215072632 4.36209630966187 4.36030530929565 4.3592357635498 4.3606653213501
