Ecospace-environmental-drivers/Outputs/ASCII-for-ecospace/Temp-bot/Temp-bot_X2015.08.asc
NCOLS 131 
NROWS 53 
XLLCORNER -98 
YLLCORNER 23.9265270233154 
CELLSIZE 0.133587792515755 
NODATA_value -3.4e+38 
[rows 0 to 20 of 53, columns 47 to 93 of 131]
-3.4e+38 -3.4e+38 -3.4e+38 -3.4e+38 -3.4e+38 -3.4e+38 -3.4e+38 -3.4e+38 -3.4e+38 -3.4e+38 -3.4e+38 -3.4e+38 -3.4e+38 -3.4e+38 -3.4e+38 -3.4e+38 -3.4e+38 -3.4e+38 -3.4e+38 -3.4e+38 -3.4e+38 -3.4e+38 -3.4e+38 -3.4e+38 -3.4e+38 -3.4e+38 -3.4e+38 -3.4e+38 -3.4e+38 -3.4e+38 -3.4e+38 -3.4e+38 -3.4e+38 -3.4e+38 -3.4e+38 -3.4e+38 -3.4e+38 -3.4e+38 -3.4e+38 -3.4e+38 -3.4e+38 -3.4e+38 -3.4e+38 -3.4e+38 -3.4e+38 -3.4e+38 -3.4e+38
-3.4e+38 -3.4e+38 -3.4e+38 -3.4e+38 -3.4e+38 -3.4e+38 -3.4e+38 -3.4e+38 -3.4e+38 -3.4e+38 -3.4e+38 -3.4e+38 -3.4e+38 -3.4e+38 -3.4e+38 -3.4e+38 -3.4e+38 -3.4e+38 -3.4e+38 -3.4e+38 -3.4e+38 -3.4e+38 -3.4e+38 -3.4e+38 -3.4e+38 -3.4e+38 -3.4e+38 -3.4e+38 -3.4e+38 -3.4e+38 -3.4e+38 -3.4e+38 -3.4e+38 -3.4e+38 -3.4e+38 -3.4e+38 -3.4e+38 -3.4e+38 -3.4e+38 -3.4e+38 -3.4e+38 -3.4e+38 -3.4e+38 -3.4e+38 -3.4e+38 -3.4e+38 -3.4e+38
-3.4e+38 -3.4e+38 -3.4e+38 -3.4e+38 -3.4e+38 -3.4e+38 -3.4e+38 -3.4e+38 -3.4e+38 -3.4e+38 -3.4e+38 -3.4e+38 -3.4e+38 -3.4e+38 -3.4e+38 -3.4e+38 -3.4e+38 -3.4e+38 -3.4e+38 -3.4e+38 -3.4e+38 -3.4e+38 -3.4e+38 -3.4e+38 -3.4e+38 -3.4e+38 -3.4e+38 31.0039329528809 31.0039329528809 -3.4e+38 -3.4e+38 -3.4e+38 -3.4e+38 -3.4e+38 -3.4e+38 -3.4e+38 -3.4e+38 -3.4e+38 -3.4e+38 -3.4e+38 -3.4e+38 -3.4e+38 -3.4e+38 -3.4e+38 -3.4e+38 -3.4e+38 -3.4e+38
-3.4e+38 -3.4e+38 -3.4e+38 -3.4e+38 -3.4e+38 -3.4e+38 -3.4e+38 -3.4e+38 -3.4e+38 -3.4e+38 -3.4e+38 -3.4e+38 -3.4e+38 -3.4e+38 -3.4e+38 -3.4e+38 -3.4e+38 -3.4e+38 -3.4e+38 -3.4e+38 -3.4e+38 -3.4e+38 -3.4e+38 -3.4e+38 -3.4e+38 -3.4e+38 -3.4e+38 30.9842185974121 31.023645401001 -3.4e+38 -3.4e+38 -3.4e+38 -3.4e+38 -3.4e+38 -3.4e+38 -3.4e+38 -3.4e+38 -3.4e+38 -3.4e+38 -3.4e+38 -3.4e+38 -3.4e+38 -3.4e+38 -3.4e+38 -3.4e+38 -3.4e+38 -3.4e+38
-3.4e+38 -3.4e+38 -3.4e+38 -3.4e+38 -3.4e+38 -3.4e+38 -3.4e+38 -3.4e+38 -3.4e+38 31.3602981567383 31.4194450378418 31.4194450378418 31.4194450378418 -3.4e+38 -3.4e+38 -3.4e+38 -3.4e+38 -3.4e+38 31.0311088562012 30.9488487243652 30.8918113708496 30.8337898254395 30.8924560546875 30.9289474487305 30.9805088043213 30.9906024932861 30.8227558135986 30.7052555084229 30.8060207366943 30.9545211791992 -3.4e+38 -3.4e+38 31.3765888214111 31.209587097168 31.5525455474854 31.6017227172852 30.6263790130615 30.4635715484619 31.0959491729736 31.326530456543 31.4653930664062 30.2570381164551 -3.4e+38 -3.4e+38 -3.4e+38 -3.4e+38 -3.4e+38
-3.4e+38 -3.4e+38 -3.4e+38 -3.4e+38 -3.4e+38 -3.4e+38 -3.4e+38 -3.4e+38 31.3597106933594 31.3343200683594 31.3277206420898 31.4194450378418 31.2834243774414 31.2561130523682 31.2715072631836 -3.4e+38 31.0816421508789 30.9190769195557 31.1081695556641 30.9540481567383 30.7843284606934 30.9370574951172 30.7799854278564 30.9603233337402 31.0465316772461 30.9346733093262 30.3680934906006 30.6668739318848 30.8371429443359 31.151273727417 30.4361019134521 31.5363750457764 31.4750728607178 31.1183166503906 30.6924095153809 29.606969833374 28.6966991424561 28.5706405639648 28.8160705566406 29.1504917144775 29.6018657684326 29.7038536071777 28.6830081939697 29.3998432159424 -3.4e+38 -3.4e+38 -3.4e+38
-3.4e+38 -3.4e+38 -3.4e+38 -3.4e+38 -3.4e+38 -3.4e+38 -3.4e+38 -3.4e+38 31.3660221099854 31.3597106933594 31.3089294433594 31.2227935791016 31.2274265289307 31.2640342712402 31.2768802642822 31.273609161377 31.1116256713867 30.8596935272217 30.5968208312988 30.6014366149902 30.3430404663086 30.3399124145508 30.2223472595215 30.4063816070557 30.1813144683838 29.8332805633545 29.8410339355469 30.2274436950684 30.1893062591553 30.3211269378662 29.7920532226562 29.3796825408936 28.7267189025879 27.8938102722168 27.2282867431641 26.9346389770508 26.3886566162109 26.4004974365234 26.4325046539307 26.4723987579346 26.357349395752 27.0236206054688 28.3881168365479 29.6164398193359 30.1949729919434 30.025463104248 -3.4e+38
-3.4e+38 -3.4e+38 -3.4e+38 -3.4e+38 -3.4e+38 -3.4e+38 -3.4e+38 -3.4e+38 -3.4e+38 -3.4e+38 31.4178600311279 31.2943878173828 31.3173351287842 -3.4e+38 31.2374782562256 31.0196933746338 30.8170928955078 30.7991981506348 30.9932518005371 30.7879180908203 30.2594299316406 30.0630111694336 28.3778743743896 27.0076503753662 27.1188449859619 27.1564979553223 26.9087333679199 27.4133739471436 27.8062419891357 27.5996875762939 27.1128520965576 26.4419689178467 26.5720653533936 26.4646606445312 25.943941116333 22.4674854278564 19.5272445678711 21.5958633422852 23.4131755828857 24.054988861084 24.6225929260254 25.2332191467285 26.280387878418 27.5754909515381 29.618371963501 30.2630443572998 29.9610538482666
-3.4e+38 -3.4e+38 -3.4e+38 -3.4e+38 -3.4e+38 -3.4e+38 -3.4e+38 -3.4e+38 -3.4e+38 -3.4e+38 -3.4e+38 -3.4e+38 -3.4e+38 -3.4e+38 31.014497756958 30.7990169525146 30.9264736175537 31.062686920166 31.349609375 31.0646915435791 30.6436519622803 30.3877410888672 28.1867771148682 25.2900524139404 24.777494430542 24.9405765533447 25.3679008483887 25.9141883850098 26.0432586669922 25.7511653900146 25.5161952972412 25.7307147979736 26.1531181335449 25.1313247680664 21.5805473327637 16.1545181274414 16.0801277160645 17.8526153564453 19.6897773742676 21.463996887207 22.5865287780762 24.8642711639404 25.7508697509766 26.3231220245361 27.6447334289551 29.2580127716064 30.3621025085449
31.6875190734863 -3.4e+38 -3.4e+38 -3.4e+38 -3.4e+38 -3.4e+38 -3.4e+38 -3.4e+38 -3.4e+38 -3.4e+38 31.5087356567383 31.507043838501 -3.4e+38 -3.4e+38 -3.4e+38 30.9280281066895 31.0589332580566 31.1913642883301 31.2563800811768 30.9386806488037 30.9597473144531 30.5811328887939 28.4728050231934 25.1314353942871 23.9316577911377 24.2810115814209 24.8228073120117 25.0772514343262 25.1770439147949 25.1138916015625 25.2493915557861 25.3655586242676 24.022424697876 18.9838619232178 14.5458383560181 13.7804365158081 14.8130826950073 15.881254196167 17.8063182830811 18.9313125610352 20.2334289550781 23.6507568359375 25.4126644134521 26.0251655578613 26.669261932373 27.9481925964355 29.6811771392822
31.8788108825684 31.786994934082 -3.4e+38 -3.4e+38 -3.4e+38 -3.4e+38 -3.4e+38 -3.4e+38 -3.4e+38 -3.4e+38 31.5464706420898 31.5554809570312 31.5585784912109 -3.4e+38 -3.4e+38 31.3037605285645 31.4529151916504 31.184476852417 31.1070098876953 30.8994369506836 31.0768432617188 30.5524806976318 28.3649673461914 24.5782337188721 23.4851818084717 23.7510051727295 23.9513206481934 23.9900169372559 24.043098449707 24.165340423584 24.5289459228516 23.8239078521729 19.8000087738037 13.2548341751099 11.6717596054077 11.7250461578369 13.3738126754761 14.2841463088989 15.8640565872192 17.4934577941895 19.045036315918 22.9317207336426 24.6461925506592 26.2499694824219 26.7390842437744 27.5050773620605 29.0185165405273
31.4893112182617 31.992862701416 31.6054611206055 31.5097579956055 -3.4e+38 -3.4e+38 -3.4e+38 -3.4e+38 -3.4e+38 -3.4e+38 -3.4e+38 31.7469825744629 31.7667999267578 31.7667999267578 31.5920867919922 31.4173717498779 31.4167308807373 30.9685020446777 30.8833065032959 30.9701633453369 30.7518558502197 29.3143787384033 27.9926815032959 24.3091602325439 22.6506576538086 22.5370311737061 22.5649242401123 22.6501083374023 22.9298763275146 23.1519813537598 22.7077293395996 20.7796573638916 17.5694408416748 10.5742692947388 10.0691938400269 9.99205780029297 10.3846845626831 11.0156440734863 12.913013458252 14.8355693817139 17.3576927185059 19.1799449920654 22.3668231964111 25.8776321411133 25.4402160644531 27.9829692840576 29.180549621582
31.3755588531494 31.4094715118408 31.3478527069092 31.6716613769531 -3.4e+38 -3.4e+38 -3.4e+38 -3.4e+38 31.9069862365723 31.960865020752 31.9158840179443 31.73805809021 31.727165222168 31.7667999267578 31.5449829101562 31.4113388061523 31.3693828582764 31.3216571807861 30.8408851623535 30.6182422637939 28.8518886566162 27.2654209136963 24.8578071594238 22.1658058166504 21.2683010101318 21.1870460510254 21.2094020843506 20.8321342468262 20.5631866455078 20.4093322753906 18.7357692718506 15.2055463790894 10.2275695800781 8.65523910522461 8.21549701690674 7.68715000152588 8.38461971282959 9.48930168151855 10.5878744125366 11.6257047653198 14.5567560195923 17.2497520446777 19.6123600006104 22.9694404602051 22.3707084655762 27.8611965179443 28.8144702911377
30.9807548522949 31.1985111236572 31.6924495697021 31.7162246704102 31.7698059082031 32.0642852783203 32.1751174926758 31.8486232757568 31.9159526824951 31.9563808441162 32.0102615356445 31.7810134887695 31.40505027771 31.6875286102295 31.5085411071777 31.3446712493896 31.2834014892578 31.7223129272461 31.1949291229248 29.9567337036133 26.6968669891357 23.3722496032715 21.3235149383545 20.3102531433105 19.7330207824707 19.4071598052979 18.7297515869141 16.3025093078613 14.9244785308838 14.593337059021 10.0131387710571 7.93554830551147 6.36157512664795 6.54541778564453 6.53314399719238 6.38209772109985 7.70647096633911 9.07799625396729 9.9215612411499 10.1439952850342 11.0752124786377 14.3620271682739 16.823429107666 19.2746620178223 20.7283840179443 22.0174751281738 22.8600902557373
30.607666015625 30.5796051025391 30.8786640167236 31.332576751709 31.9534492492676 32.1751174926758 31.716983795166 31.552173614502 31.8486232757568 31.9832820892334 32.037239074707 31.0644874572754 31.5247859954834 30.6410846710205 29.9069671630859 30.7064208984375 31.2359580993652 30.9790706634521 30.6331329345703 30.9730396270752 27.5183868408203 20.4797878265381 19.6676235198975 17.9041194915771 14.2785482406616 13.2336893081665 11.2648420333862 9.14100933074951 7.42830944061279 5.79417276382446 4.99048900604248 4.64880847930908 4.78052282333374 5.23286151885986 5.47249507904053 6.13412761688232 7.11695432662964 8.93120670318604 10.3695201873779 10.2896032333374 10.1791906356812 10.6782789230347 12.3972282409668 14.9352788925171 17.7573490142822 18.6986331939697 20.2996959686279
30.7146949768066 30.6360168457031 30.6803493499756 30.9692516326904 31.4637660980225 31.5641803741455 31.4279518127441 31.7006874084473 31.2314300537109 31.3058795928955 31.3364849090576 30.7283496856689 29.6955814361572 26.9457454681396 25.6293849945068 27.0451583862305 30.2181358337402 31.7502346038818 29.752857208252 29.0818195343018 23.0133934020996 16.5940856933594 14.5087757110596 10.6270847320557 8.4861478805542 7.05297565460205 5.55300045013428 4.93541669845581 4.49352598190308 4.31196737289429 4.27138900756836 4.29421424865723 4.40492820739746 4.81391143798828 5.2645092010498 6.34205198287964 7.52330589294434 8.89446258544922 9.85973453521729 10.9028167724609 10.3967704772949 10.7025175094604 11.6882410049438 13.0920372009277 14.7406959533691 15.4255647659302 19.4414215087891
29.8032398223877 30.1911640167236 30.5829410552979 30.8166027069092 30.8390598297119 30.8957633972168 30.8006858825684 30.6883087158203 30.4753150939941 29.9688816070557 29.4352130889893 28.0213966369629 25.8246936798096 23.9655799865723 22.2050132751465 21.1598949432373 23.5286426544189 27.7927722930908 22.8440208435059 20.9074630737305 15.7247047424316 10.5322418212891 8.89597988128662 7.11313056945801 5.39507818222046 4.84354162216187 4.43776845932007 4.28931903839111 4.24595880508423 4.23020648956299 4.23116207122803 4.25900268554688 4.3134388923645 4.75270366668701 5.41174650192261 6.42889547348022 7.54570817947388 9.08695983886719 9.61493587493896 11.0824680328369 10.9464988708496 10.6017627716064 11.1899833679199 12.089786529541 13.7956209182739 14.5350522994995 16.0479907989502
28.5719432830811 29.130729675293 29.8894557952881 30.5831718444824 30.845588684082 30.7288970947266 30.3904609680176 29.7938346862793 29.3312950134277 28.9164943695068 27.5989894866943 25.3140239715576 23.9114475250244 21.9136638641357 19.5664577484131 18.7444343566895 19.0826759338379 19.2112693786621 16.47340965271 12.0664339065552 8.89552307128906 6.65483283996582 5.48886823654175 5.1029748916626 4.6160135269165 4.43317461013794 4.31157207489014 4.26700448989868 4.22976732254028 4.22882986068726 4.23668336868286 4.25451421737671 4.3447527885437 4.82034826278687 5.34022092819214 6.46772480010986 7.32273101806641 8.25975799560547 9.79666328430176 11.1231422424316 11.2899141311646 10.8899984359741 11.3339147567749 12.0546360015869 12.8802881240845 14.3171720504761 14.8077039718628
26.6894950866699 27.1197090148926 27.7652339935303 28.5874729156494 29.4500770568848 29.7869396209717 29.6242504119873 29.1127300262451 28.4327354431152 27.611665725708 25.7042293548584 23.279333114624 18.2550296783447 15.2758960723877 14.6261367797852 16.8712120056152 16.872989654541 15.5539579391479 13.4075527191162 9.08578491210938 6.26013612747192 4.9174222946167 4.61603975296021 4.38065958023071 4.24989604949951 4.23569059371948 4.25316715240479 4.25005531311035 4.25262022018433 4.24467992782593 4.22875356674194 4.23390293121338 4.3298397064209 4.86287546157837 5.33125925064087 5.8380823135376 6.53475904464722 7.67659425735474 9.31356620788574 10.1478900909424 11.4955711364746 11.1831369400024 10.9765434265137 11.7259883880615 12.7211284637451 13.6917428970337 14.8526649475098
23.7186241149902 24.3340320587158 24.7640933990479 25.2870178222656 25.9584140777588 26.3891868591309 26.5812835693359 26.6019611358643 25.4740028381348 24.309383392334 23.2073574066162 21.4035243988037 16.9766902923584 10.6172962188721 8.7252721786499 10.4065361022949 10.337272644043 12.1550769805908 10.5496225357056 7.80225992202759 5.43109083175659 4.59921503067017 4.33576250076294 4.21982526779175 4.20606136322021 4.20951128005981 4.25421380996704 4.263258934021 4.25879764556885 4.24614191055298 4.21739149093628 4.21577978134155 4.27855062484741 4.73247814178467 5.18997764587402 5.6042013168335 6.36347675323486 6.85610914230347 8.0576868057251 9.49772453308105 10.2372026443481 11.0687456130981 10.8908348083496 11.2818975448608 12.2396631240845 13.0201025009155 14.4674634933472
21.2006988525391 21.2763843536377 21.6399040222168 22.1443500518799 22.5592727661133 23.4119167327881 23.7148189544678 23.5776538848877 23.0263729095459 22.5140838623047 21.96706199646 20.7750263214111 18.7377586364746 10.9751491546631 8.5799732208252 6.01770114898682 6.07139158248901 6.88340091705322 6.64507102966309 5.64066076278687 4.82026386260986 4.40082836151123 4.26562881469727 4.18687868118286 4.20313930511475 4.21568012237549 4.26135301589966 4.259605884552 4.253746509552 4.246994972229 4.22021627426147 4.19641637802124 4.2592191696167 4.49679279327393 4.79449033737183 5.05658864974976 5.35626554489136 5.72433948516846 6.27916765213013 7.19986963272095 8.26089096069336 8.97744655609131 10.2330598831177 10.5950632095337 11.2194080352783 12.2203502655029 13.4571895599365
