Ecospace-environmental-drivers/Outputs/ASCII-for-ecospace/Temp-bot/Temp-bot_X2017.08.asc
NCOLS 131 
NROWS 53 
XLLCORNER -98 
YLLCORNER 23.9265270233154 
CELLSIZE 0.133587792515755 
NODATA_value -3.4e+38 
[rows 21 to 41 of 53, columns 47 to 93 of 131]
20.8510608673096 20.1765823364258 20.0008125305176 20.0526809692383 20.1455020904541 20.3570117950439 19.5828113555908 19.5947856903076 19.3478527069092 17.8743629455566 15.5948457717896 14.4427947998047 12.3547401428223 9.68347454071045 7.77355241775513 6.20346546173096 5.18125677108765 5.01427698135376 5.08000326156616 4.96655797958374 4.52418231964111 4.37091779708862 4.29970121383667 4.29814910888672 4.27833938598633 4.25468921661377 4.24833345413208 4.24016094207764 4.2476806640625 4.28520917892456 4.28632068634033 4.2778491973877 4.2773175239563 4.27478408813477 4.27399158477783 4.27084970474243 4.25852155685425 4.31470012664795 4.80809783935547 5.37399673461914 5.70546340942383 6.05466365814209 6.67805576324463 7.4392728805542 8.44484329223633 9.54548072814941 10.6947193145752
17.6353511810303 16.95920753479 16.6983432769775 16.7058181762695 17.0746097564697 16.2855987548828 13.771918296814 14.9362802505493 13.0952434539795 10.7323865890503 9.84012603759766 9.05255603790283 8.54159069061279 7.36577415466309 6.40561199188232 5.98843908309937 5.10781240463257 4.95400238037109 4.62265920639038 4.67204809188843 4.49798345565796 4.33593416213989 4.28802442550659 4.25782585144043 4.24993515014648 4.24487447738647 4.2384033203125 4.23522663116455 4.26162147521973 4.28271341323853 4.27798175811768 4.27410221099854 4.27065420150757 4.26952505111694 4.26868772506714 4.26857471466064 4.26755714416504 4.26821851730347 4.26577758789062 4.23115539550781 4.3841757774353 4.55496311187744 4.9370059967041 5.67016220092773 6.52684640884399 7.26318311691284 8.54980373382568
12.7465763092041 12.5219354629517 12.9077234268188 11.8945999145508 11.4359378814697 10.4921598434448 10.4065313339233 8.67227649688721 7.2817816734314 6.96499300003052 6.82900953292847 7.18551731109619 6.65164804458618 6.00985193252563 5.34762620925903 5.10131740570068 4.93492555618286 4.6699595451355 4.46064043045044 4.45166730880737 4.4734935760498 4.35740232467651 4.28197431564331 4.24726915359497 4.24280548095703 4.23728561401367 4.23363828659058 4.24076843261719 4.28531694412231 4.27884721755981 4.27052402496338 4.26791572570801 4.26541757583618 4.26458740234375 4.26371908187866 4.26409292221069 4.26390171051025 4.27930545806885 4.33478116989136 4.3360652923584 4.33181715011597 4.32817697525024 4.27770853042603 4.37914705276489 4.98275661468506 5.94798517227173 6.79951429367065
8.21624565124512 8.25011253356934 7.5314154624939 8.12294864654541 7.7386474609375 7.01164245605469 6.37579870223999 5.9040994644165 5.51869583129883 5.7371883392334 5.71164703369141 5.97852945327759 5.3582968711853 5.12876462936401 5.00229215621948 4.906334400177 4.62908029556274 4.51969003677368 4.42198705673218 4.36421203613281 4.3261661529541 4.29519176483154 4.27265024185181 4.25187587738037 4.23853778839111 4.24100065231323 4.28007078170776 4.28511333465576 4.28056335449219 4.26952791213989 4.26794528961182 4.26562309265137 4.26436758041382 4.26394653320312 4.30745458602905 4.31864356994629 4.32979774475098 4.32818508148193 4.3342342376709 4.33787107467651 4.34064388275146 4.34309530258179 4.34342908859253 4.32209062576294 4.28656721115112 4.68297576904297 5.61119747161865
5.89835834503174 5.71175050735474 5.62383651733398 5.488037109375 5.26765203475952 5.62587261199951 5.13080167770386 5.26803779602051 5.12347841262817 5.16464328765869 5.11186933517456 5.04483079910278 5.00332593917847 5.00933122634888 4.96695518493652 4.67532920837402 4.35406160354614 4.32239151000977 4.31759119033813 4.27710437774658 4.26410865783691 4.26692962646484 4.26451826095581 4.25851583480835 4.23731803894043 4.23266506195068 4.24548578262329 4.28747415542603 4.28259706497192 4.27182006835938 4.26660060882568 4.26397609710693 4.26306009292603 4.2785177230835 4.33284616470337 4.33394145965576 4.33420562744141 4.33645868301392 4.34010744094849 4.33991718292236 4.33976268768311 4.34198665618896 4.34309196472168 4.34359121322632 4.34063863754272 4.26667976379395 4.61067581176758
5.06175136566162 5.12975835800171 5.148024559021 4.65816926956177 4.73199558258057 4.98954248428345 5.02902030944824 4.86051797866821 5.07559823989868 4.95373296737671 5.0492262840271 4.96390962600708 5.01042938232422 4.78047370910645 4.48530530929565 4.30592441558838 4.26526975631714 4.26087093353271 4.25772857666016 4.25697326660156 4.25771999359131 4.2618236541748 4.24549388885498 4.23771476745605 4.2352294921875 4.23709011077881 4.23372793197632 4.26837396621704 4.27515506744385 4.27067375183105 4.26644039154053 4.26427698135376 4.26318025588989 4.30921030044556 4.33504390716553 4.33510541915894 4.33481597900391 4.33673763275146 4.33934211730957 4.34243297576904 4.34311199188232 4.34212923049927 4.34299087524414 4.34261083602905 4.34254550933838 4.33857440948486 4.29590320587158
4.6569709777832 4.7162938117981 4.55777978897095 4.40792989730835 4.49853467941284 4.58062696456909 4.65887403488159 4.83771800994873 4.867431640625 4.68422412872314 4.66012716293335 4.64655780792236 4.5949182510376 4.45645236968994 4.26792764663696 4.25515413284302 4.24359083175659 4.24100875854492 4.24607753753662 4.2499532699585 4.25695848464966 4.24218034744263 4.23678636550903 4.23525285720825 4.23519563674927 4.23585557937622 4.23508167266846 4.2767539024353 4.27258205413818 4.26794958114624 4.26495313644409 4.2638521194458 4.26315784454346 4.26311731338501 4.28481435775757 4.3300576210022 4.33240938186646 4.33628749847412 4.338707447052 4.34087228775024 4.34403896331787 4.34445095062256 4.34336090087891 4.34220409393311 4.34089708328247 4.34073925018311 4.2964243888855
4.58071565628052 4.45099449157715 4.35626125335693 4.43266820907593 4.47911214828491 4.38365507125854 4.4370322227478 4.57781267166138 4.56950092315674 4.60310411453247 4.53946256637573 4.41880702972412 4.28245878219604 4.26052474975586 4.24780225753784 4.24501657485962 4.24305105209351 4.2417106628418 4.24015760421753 4.23936414718628 4.23943567276001 4.24050378799438 4.23833417892456 4.2392520904541 4.25007057189941 4.26078987121582 4.27695417404175 4.27016496658325 4.26550960540771 4.26393032073975 4.26352787017822 4.26331758499146 4.26283264160156 4.26341438293457 4.28068971633911 4.28846406936646 4.32738542556763 4.33421993255615 4.33747100830078 4.33980798721313 4.34391736984253 4.34555196762085 4.34444618225098 4.34248542785645 4.33943557739258 4.33646965026855 4.33335494995117
4.37364625930786 4.36272239685059 4.36037158966064 4.35863161087036 4.35592937469482 4.35143041610718 4.36042928695679 4.38349771499634 4.38081693649292 4.37216138839722 4.28691148757935 4.25773096084595 4.25455808639526 4.25122451782227 4.24796342849731 4.24572706222534 4.24509763717651 4.24560499191284 4.24482297897339 4.24167060852051 4.23960113525391 4.24052238464355 4.24284744262695 4.24596786499023 4.26743698120117 4.26610326766968 4.26692533493042 4.26569080352783 4.26464939117432 4.26381540298462 4.26361989974976 4.26428079605103 4.26464939117432 4.26540660858154 4.26610517501831 4.26641464233398 4.31964015960693 4.33293008804321 4.33629179000854 4.33521890640259 4.33766984939575 4.34461355209351 4.3454704284668 4.34338045120239 4.34034109115601 4.33083724975586 4.33135032653809
4.3551230430603 4.35253477096558 4.30347204208374 4.30821514129639 4.35349607467651 4.33876895904541 4.35898494720459 4.36431312561035 4.37272787094116 4.29075860977173 4.26205635070801 4.26232957839966 4.26644086837769 4.25963306427002 4.25815010070801 4.25702857971191 4.27420139312744 4.27853965759277 4.27636766433716 4.26226139068604 4.24456644058228 4.24250602722168 4.24266290664673 4.24375057220459 4.26698970794678 4.26525640487671 4.26616334915161 4.26594591140747 4.26535320281982 4.26540231704712 4.2657995223999 4.26701402664185 4.26710271835327 4.26766061782837 4.26812171936035 4.26865720748901 4.31386756896973 4.33561229705811 4.34045124053955 4.33249664306641 4.32017755508423 4.32423257827759 4.33503341674805 4.34170913696289 4.34157037734985 4.3322491645813 4.32441282272339
4.30371189117432 4.35025644302368 4.31657552719116 4.30941104888916 4.35048341751099 4.3505163192749 4.35171413421631 4.35459184646606 4.35055541992188 4.26835680007935 4.26843404769897 4.27091360092163 4.27134799957275 4.27425241470337 4.27694034576416 4.27557802200317 4.2730917930603 4.26790952682495 4.27142858505249 4.27457761764526 4.25904655456543 4.24635028839111 4.24553489685059 4.24495887756348 4.25829267501831 4.26553916931152 4.26502704620361 4.26609468460083 4.26711893081665 4.26806497573853 4.26818704605103 4.2684121131897 4.26824808120728 4.26908349990845 4.26973915100098 4.27171754837036 4.3230299949646 4.33769273757935 4.34032535552979 4.33624124526978 4.32218647003174 4.31658458709717 4.32327890396118 4.33379793167114 4.34072494506836 4.33697748184204 4.32713747024536
4.3394832611084 4.33995914459229 4.33767938613892 4.28890800476074 4.33892774581909 4.2962646484375 4.2780179977417 4.27817106246948 4.27442216873169 4.27426147460938 4.26917457580566 4.26644372940063 4.26811695098877 4.26833248138428 4.26802539825439 4.26773452758789 4.26883029937744 4.2674994468689 4.26440715789795 4.2671947479248 4.27028036117554 4.2640643119812 4.24721765518188 4.24854326248169 4.25265312194824 4.26089906692505 4.26265811920166 4.263747215271 4.2658429145813 4.26731443405151 4.26752948760986 4.26823139190674 4.26977491378784 4.27172756195068 4.27289056777954 4.27516937255859 4.32357025146484 4.3363938331604 4.33911418914795 4.33712005615234 4.32928323745728 4.32313013076782 4.32285404205322 4.32862997055054 4.33433389663696 4.33799266815186 4.32994174957275
4.28034782409668 4.27138042449951 4.26547336578369 4.27080965042114 4.28799247741699 4.27487564086914 4.26840257644653 4.26993083953857 4.27343893051147 4.27181911468506 4.2721962928772 4.27399063110352 4.27415752410889 4.27466058731079 4.27390909194946 4.27388095855713 4.27498197555542 4.27288579940796 4.26718091964722 4.26448202133179 4.26753330230713 4.26961231231689 4.26592922210693 4.25889110565186 4.25807666778564 4.26007795333862 4.26327848434448 4.26632452011108 4.26653432846069 4.26810073852539 4.27059745788574 4.27253293991089 4.27404928207397 4.27532434463501 4.27630281448364 4.29817819595337 4.33282375335693 4.33601665496826 4.3394513130188 4.33725500106812 4.33327007293701 4.33168983459473 4.33110380172729 4.33191108703613 4.33352279663086 4.33684349060059 4.32919359207153
4.26425790786743 4.26327896118164 4.26337194442749 4.26434326171875 4.26733827590942 4.2701849937439 4.27432250976562 4.27500152587891 4.27294683456421 4.28197336196899 4.31458568572998 4.32882785797119 4.313720703125 4.32119512557983 4.31720781326294 4.29676818847656 4.28501129150391 4.27691793441772 4.27286624908447 4.2686333656311 4.27012157440186 4.27159023284912 4.26987838745117 4.26528739929199 4.26532459259033 4.26788902282715 4.26971292495728 4.27069187164307 4.2724552154541 4.27464866638184 4.27698135375977 4.28036069869995 4.29160261154175 4.30749893188477 4.32365942001343 4.3305287361145 4.33339071273804 4.3361029624939 4.33928918838501 4.33987903594971 4.33985042572021 4.34177398681641 4.34126567840576 4.33576107025146 4.33508348464966 4.33903503417969 4.3320951461792
4.26441621780396 4.26407814025879 4.26433992385864 4.26457929611206 4.26738929748535 4.26927614212036 4.30972003936768 4.32415151596069 4.32540369033813 4.33259248733521 4.3387565612793 4.33916234970093 4.34045886993408 4.33876276016235 4.33507585525513 4.33231210708618 4.32716083526611 4.32192993164062 4.30193614959717 4.27094697952271 4.2725567817688 4.27385282516479 4.27308225631714 4.27181911468506 4.27192306518555 4.27250146865845 4.27292919158936 4.27460384368896 4.27560567855835 4.27731275558472 4.29353094100952 4.32524681091309 4.33081912994385 4.33304929733276 4.3344087600708 4.33481454849243 4.33336067199707 4.33261060714722 4.3349871635437 4.33748912811279 4.33998966217041 4.34243440628052 4.34106254577637 4.34002304077148 4.3408842086792 4.34280395507812 4.33614730834961
4.26871252059937 4.26840877532959 4.26888084411621 4.27124357223511 4.27786922454834 4.32040071487427 4.34234666824341 4.34417104721069 4.34039068222046 4.33740615844727 4.330406665802 4.32704067230225 4.34322309494019 4.34376668930054 4.3422794342041 4.34080600738525 4.33853912353516 4.33490371704102 4.33140325546265 4.31938076019287 4.29043006896973 4.27525281906128 4.27509069442749 4.27480697631836 4.27440023422241 4.27386951446533 4.2737603187561 4.27391481399536 4.27651834487915 4.29816818237305 4.32655811309814 4.33254671096802 4.33580112457275 4.3380880355835 4.33961153030396 4.33908939361572 4.3370361328125 4.33558797836304 4.33694934844971 4.33773565292358 4.33759498596191 4.34124994277954 4.34353065490723 4.34456157684326 4.3441481590271 4.34209632873535 4.3370885848999
4.27019882202148 4.27134609222412 4.28147315979004 4.33444595336914 4.35021591186523 4.35052680969238 4.34824895858765 4.33993482589722 4.33326959609985 4.32328748703003 4.32193803787231 4.3278341293335 4.33184766769409 4.33501529693604 4.3392219543457 4.34031629562378 4.34091091156006 4.34157419204712 4.33845329284668 4.33422136306763 4.33007383346558 4.31618976593018 4.29330539703369 4.30822944641113 4.30854177474976 4.29865789413452 4.30748510360718 4.30761432647705 4.32002401351929 4.32876253128052 4.333580493927 4.33754587173462 4.33995151519775 4.34071111679077 4.33930635452271 4.33810520172119 4.33828449249268 4.33938455581665 4.34071731567383 4.34006786346436 4.33737421035767 4.34083032608032 4.33967542648315 4.33797216415405 4.33793067932129 4.33441114425659 4.33281373977661
4.27218627929688 4.28256893157959 4.34121417999268 4.35619592666626 4.34189462661743 4.33134269714355 4.32607364654541 4.32246494293213 4.32222557067871 4.3233642578125 4.32447052001953 4.32646512985229 4.32781171798706 4.3272271156311 4.32718086242676 4.32836532592773 4.33433103561401 4.34406995773315 4.34424352645874 4.34171342849731 4.33942222595215 4.33628082275391 4.33342409133911 4.33264636993408 4.33267593383789 4.332594871521 4.33304023742676 4.33279085159302 4.33285331726074 4.33629894256592 4.34092235565186 4.3420844078064 4.34224605560303 4.34185266494751 4.34089326858521 4.33973503112793 4.34023094177246 4.34105634689331 4.34222269058228 4.34072351455688 4.33668375015259 4.33673715591431 4.33977460861206 4.34024715423584 4.33576536178589 4.33081197738647 4.32738637924194
4.33268117904663 4.34675455093384 4.34795665740967 4.33932971954346 4.32653331756592 4.32204341888428 4.32128953933716 4.32271528244019 4.32399082183838 4.3249831199646 4.32580423355103 4.32633638381958 4.32725381851196 4.32756757736206 4.32786798477173 4.32895612716675 4.33061218261719 4.33271884918213 4.32960224151611 4.33043432235718 4.33857917785645 4.3418755531311 4.34149980545044 4.34136390686035 4.34186744689941 4.34226369857788 4.34200811386108 4.34166479110718 4.34182977676392 4.3427529335022 4.34110736846924 4.33640098571777 4.33489990234375 4.33287143707275 4.33427572250366 4.33849954605103 4.34114742279053 4.34133529663086 4.34124565124512 4.33916234970093 4.33540058135986 4.33449697494507 4.33676290512085 4.33990335464478 4.34200000762939 4.33501768112183 4.32889842987061
4.34087896347046 4.34067106246948 4.33929300308228 4.33371686935425 4.32547807693481 4.3258228302002 4.32643127441406 4.32581233978271 4.32765054702759 4.32859516143799 4.32939386367798 4.32925987243652 4.32905912399292 4.32905530929565 4.32891321182251 4.32831382751465 4.32738542556763 4.32583522796631 4.32422113418579 4.32420301437378 4.32951259613037 4.33592224121094 4.34024906158447 4.3397331237793 4.33516645431519 4.33074569702148 4.32981586456299 4.33164405822754 4.33535861968994 4.33733224868774 4.33652925491333 4.33612585067749 4.33242893218994 4.32768297195435 4.33014249801636 4.3338041305542 4.3383207321167 4.34097003936768 4.3414945602417 4.33920288085938 4.3359522819519 4.33493185043335 4.33742904663086 4.34086990356445 4.34382200241089 4.34279251098633 4.33285856246948
4.34231567382812 4.34278964996338 4.34283685684204 4.33612298965454 4.33847856521606 4.33830404281616 4.33128356933594 4.32939004898071 4.32976531982422 4.33016490936279 4.33102703094482 4.33048439025879 4.33012104034424 4.3306827545166 4.33008289337158 4.32852506637573 4.32772254943848 4.32824087142944 4.32832717895508 4.32841348648071 4.32978343963623 4.33177375793457 4.33356666564941 4.33203744888306 4.32767343521118 4.32606220245361 4.32776069641113 4.33178377151489 4.33422803878784 4.33487176895142 4.33604097366333 4.33739042282104 4.33522701263428 4.3310718536377 4.33073139190674 4.33163595199585 4.33601665496826 4.33971548080444 4.34084224700928 4.34048509597778 4.33810758590698 4.33762741088867 4.33990573883057 4.34343957901001 4.34607648849487 4.34526824951172 4.33618116378784
