Ecospace-environmental-drivers/Outputs/ASCII-for-ecospace/Temp-bot/Temp-bot_X1995.08.asc
NCOLS 131 
NROWS 53 
XLLCORNER -98 
YLLCORNER 23.9265270233154 
CELLSIZE 0.133587792515755 
NODATA_value -3.4e+38 
[rows 21 to 41 of 53, columns 0 to 46 of 131]
-3.4e+38 -3.4e+38 -3.4e+38 -3.4e+38 -3.4e+38 -3.4e+38 30.497802734375 30.5109672546387 30.4240646362305 30.7367458343506 30.163537979126 29.9197635650635 29.8318290710449 29.7814331054688 29.6190757751465 29.3337669372559 28.7886543273926 28.1622734069824 27.2482299804688 25.8977851867676 24.7251586914062 23.914270401001 23.4030609130859 23.4098625183105 23.2839317321777 23.0948696136475 22.8720111846924 22.5457859039307 22.2276630401611 21.6456127166748 21.3689861297607 21.3862934112549 21.6042404174805 21.6620349884033 21.40744972229 21.1254730224609 20.9470329284668 21.0496044158936 21.0282535552979 20.7944965362549 20.5924625396729 20.6999626159668 20.5431785583496 20.4668216705322 20.4701805114746 20.56813621521 20.4217834472656
-3.4e+38 -3.4e+38 -3.4e+38 -3.4e+38 -3.4e+38 -3.4e+38 30.6049842834473 30.3774547576904 30.5109672546387 30.0244808197021 29.8267688751221 29.6660614013672 29.264820098877 28.5730876922607 27.7363090515137 26.9045085906982 26.3975715637207 25.7159957885742 24.5748767852783 23.5034618377686 22.1848335266113 21.4139099121094 21.1270618438721 21.1472778320312 21.1736278533936 21.2786464691162 21.1050071716309 20.5730266571045 20.4702644348145 20.5025520324707 20.5947151184082 20.4307594299316 20.2253036499023 19.8476390838623 19.4529972076416 19.5183525085449 19.3286418914795 19.2234344482422 18.9735088348389 18.3891201019287 18.6551837921143 18.9601039886475 18.2361927032471 18.6577110290527 19.0078544616699 18.9241027832031 18.6190586090088
-3.4e+38 -3.4e+38 -3.4e+38 -3.4e+38 30.5587768554688 30.5331039428711 30.396017074585 30.6049842834473 30.016414642334 29.7751846313477 29.4937400817871 28.5185146331787 26.832950592041 25.0367889404297 24.1653842926025 24.9435005187988 24.4203681945801 23.62087059021 22.0707721710205 20.5431957244873 19.1823348999023 17.551887512207 16.349494934082 15.8059787750244 15.9816780090332 15.7081928253174 15.704719543457 16.7984466552734 18.3330764770508 17.5603446960449 18.8608589172363 19.0486946105957 18.8521060943604 16.9060611724854 18.4914169311523 17.465446472168 16.0529365539551 16.0557861328125 15.0071840286255 11.8055181503296 12.5982303619385 12.6506881713867 14.5598230361938 12.9664440155029 14.2564334869385 14.5790014266968 14.862566947937
-3.4e+38 -3.4e+38 -3.4e+38 -3.4e+38 30.6725406646729 30.4706859588623 30.5331039428711 30.0499629974365 29.7149429321289 29.3090515136719 28.2544364929199 25.9967842102051 23.7446994781494 22.1788425445557 21.6518154144287 21.6902446746826 20.7615661621094 17.7515678405762 15.9738674163818 13.62024974823 11.0510349273682 9.19860553741455 9.90645885467529 10.0933876037598 10.619553565979 10.4761018753052 11.0575246810913 10.7549362182617 11.2862033843994 10.9183940887451 11.6915397644043 13.430248260498 13.742338180542 14.6225929260254 15.632004737854 14.8977270126343 15.3529567718506 14.1105194091797 11.6266479492188 8.48614692687988 9.17684650421143 9.81053161621094 9.92240810394287 9.18651485443115 8.61753559112549 9.20851612091064 8.22837448120117
-3.4e+38 -3.4e+38 -3.4e+38 -3.4e+38 -3.4e+38 30.6725406646729 30.2064151763916 29.729513168335 29.3282032012939 28.1537799835205 26.0800323486328 23.399377822876 21.4580955505371 20.268253326416 19.0006732940674 16.5346221923828 12.5699834823608 9.32713985443115 8.43374919891357 7.26887893676758 6.52313899993896 6.36642837524414 6.43883609771729 6.70910215377808 7.19042634963989 7.03953695297241 7.21781396865845 7.23096227645874 6.89444017410278 6.99599075317383 7.12196350097656 8.58601856231689 9.45679569244385 11.7886686325073 11.7489519119263 11.9805097579956 11.0955104827881 9.24417400360107 6.79169845581055 6.62744998931885 7.27208995819092 7.25610542297363 6.48645639419556 6.39323663711548 6.44577312469482 6.69930219650269 6.24351072311401
-3.4e+38 -3.4e+38 -3.4e+38 -3.4e+38 -3.4e+38 30.4172439575195 29.7817535400391 29.48996925354 28.509334564209 26.3529720306396 23.833948135376 21.5606155395508 19.9175910949707 17.8602676391602 14.9123830795288 11.7597532272339 8.09777450561523 6.5276083946228 6.18734645843506 5.59731960296631 5.23024749755859 5.24204158782959 5.24204301834106 5.61675548553467 5.27012157440186 5.53043270111084 5.48782777786255 5.24809312820435 5.53092336654663 5.27729845046997 5.94994306564331 6.66326379776001 7.7105073928833 8.39657306671143 7.39736747741699 7.76284027099609 7.20341777801514 5.96748924255371 5.76285696029663 5.44255065917969 5.93443965911865 5.43515396118164 5.82988739013672 5.77996492385864 5.79916429519653 5.82387590408325 5.21382999420166
-3.4e+38 -3.4e+38 31.6051750183105 31.4221878051758 30.6565265655518 30.0858745574951 29.5969104766846 29.2328929901123 27.3741607666016 24.8748970031738 22.1712703704834 20.1878433227539 18.1942367553711 14.9792423248291 11.1771383285522 9.2840518951416 6.73849487304688 5.47151327133179 5.08633184432983 5.02593326568604 5.02580499649048 5.01795387268066 5.01688003540039 5.00900983810425 5.00586748123169 5.00790166854858 4.79790639877319 4.73689031600952 4.81745386123657 5.07463264465332 5.47013759613037 5.79472303390503 6.09630870819092 6.13870763778687 6.16020250320435 5.89706897735596 5.77615404129028 5.68105173110962 5.40544414520264 5.14577102661133 5.2235369682312 5.20584106445312 4.96847581863403 4.8663182258606 5.14523649215698 5.08410549163818 4.6882119178772
-339999999999999996128486808808066248288.000000000000000 -3.4e+38 -3.4e+38 -3.4e+38 31.2391986846924 29.9351444244385 29.4900817871094 28.8944625854492 26.4762077331543 23.5460872650146 21.1175861358643 18.9975147247314 15.6289987564087 11.4223318099976 9.40388679504395 7.43872594833374 5.78212308883667 5.1858925819397 5.01833438873291 4.90376901626587 4.95683622360229 4.84537792205811 4.84198093414307 4.85646343231201 4.92141342163086 4.86842966079712 4.72608709335327 4.79861640930176 4.60568571090698 4.84750413894653 5.07676029205322 5.08987522125244 5.4725489616394 5.64831209182739 5.58824014663696 5.42161703109741 5.28060293197632 5.12192964553833 5.15654516220093 5.11076593399048 4.79082775115967 4.7257981300354 4.54163503646851 4.54164505004883 4.49880599975586 4.4935941696167 4.50378131866455
-3.4e+38 -3.4e+38 -3.4e+38 -3.4e+38 30.9545269012451 29.842752456665 29.3896713256836 28.5562953948975 26.0367527008057 22.763313293457 20.3880977630615 17.7266941070557 12.9578771591187 9.47336673736572 7.10699319839478 6.19828176498413 5.78447723388672 5.25435829162598 4.94951486587524 4.91039037704468 4.66926527023315 4.48177194595337 4.47685575485229 4.4834098815918 4.48961400985718 4.62567520141602 4.56971740722656 4.57008790969849 4.46559858322144 4.80223989486694 4.86889314651489 4.90994644165039 4.80656337738037 5.05612993240356 5.00599241256714 4.57277965545654 4.74888515472412 4.7016978263855 4.66790676116943 4.60424041748047 4.57218599319458 4.56897258758545 4.47708654403687 4.36760663986206 4.43446063995361 4.33537817001343 4.32507181167603
-3.4e+38 -3.4e+38 -3.4e+38 -3.4e+38 30.794469833374 29.8073329925537 29.3671817779541 28.3371295928955 25.765682220459 22.484260559082 20.1036720275879 15.9901676177979 10.6697664260864 8.05642700195312 6.30403852462769 5.71852397918701 5.21351337432861 5.01742458343506 4.51330757141113 4.47999048233032 4.41230201721191 4.44446516036987 4.46916341781616 4.45626592636108 4.40211343765259 4.46402359008789 4.62167835235596 4.35748434066772 4.34838819503784 4.52447557449341 4.75341939926147 4.64835453033447 4.60245084762573 4.67014646530151 4.5320611000061 4.49466466903687 4.52536821365356 4.58409214019775 4.56391620635986 4.58841705322266 4.51267147064209 4.43181085586548 4.34532165527344 4.37732362747192 4.32176494598389 4.31112432479858 4.30169725418091
-3.4e+38 -3.4e+38 -3.4e+38 -3.4e+38 31.5113563537598 29.8508148193359 29.3716793060303 28.4611663818359 26.1856422424316 22.8379058837891 20.0535373687744 15.5637826919556 10.1265563964844 7.50515079498291 5.96614360809326 5.10175895690918 4.84715938568115 4.67403316497803 4.42862033843994 4.345627784729 4.34086275100708 4.34893655776978 4.4327220916748 4.44779300689697 4.40916109085083 4.43258237838745 4.72594833374023 4.68727159500122 4.39935970306396 4.46890878677368 4.43987464904785 4.41366386413574 4.47086000442505 4.47074365615845 4.49134922027588 4.50204229354858 4.51815748214722 4.53828096389771 4.43598127365112 4.36436796188354 4.34906339645386 4.34102821350098 4.32802820205688 4.32049989700317 4.30957508087158 4.3027081489563 4.29703569412231
-3.4e+38 -3.4e+38 -3.4e+38 -3.4e+38 31.5303230285645 29.9928760528564 29.4730625152588 28.7986869812012 27.1200122833252 24.1312599182129 20.9280242919922 17.7700881958008 10.7089681625366 7.13048696517944 5.78165197372437 4.94520282745361 4.46521711349487 4.4244704246521 4.36989498138428 4.32209444046021 4.32144832611084 4.32541275024414 4.33809661865234 4.33400774002075 4.42233896255493 4.36285209655762 4.3656964302063 4.39700555801392 4.39698505401611 4.40341711044312 4.35268449783325 4.42335653305054 4.44799900054932 4.38747882843018 4.32723951339722 4.38854551315308 4.35038995742798 4.3474326133728 4.32664346694946 4.32150554656982 4.3260383605957 4.32946872711182 4.34308767318726 4.31601142883301 4.30633592605591 4.3005256652832 4.29736852645874
-3.4e+38 -3.4e+38 -3.4e+38 -3.4e+38 31.5558567047119 30.5022525787354 29.5416374206543 29.0958862304688 28.142017364502 26.4347858428955 23.0250110626221 20.1910419464111 13.0793838500977 7.09442710876465 5.42097520828247 4.93699932098389 4.52841281890869 4.42587327957153 4.35212230682373 4.31652116775513 4.30954790115356 4.30584764480591 4.31624746322632 4.31298542022705 4.29117679595947 4.2751612663269 4.26922559738159 4.25646877288818 4.27849197387695 4.3036675453186 4.29295635223389 4.35501003265381 4.32434034347534 4.29067516326904 4.28773927688599 4.30887651443481 4.31561231613159 4.32598686218262 4.33309602737427 4.33151865005493 4.3463020324707 4.34108066558838 4.33112573623657 4.32309103012085 4.3055853843689 4.288010597229 4.29374837875366
-3.4e+38 -3.4e+38 -3.4e+38 -3.4e+38 -3.4e+38 30.061637878418 29.6874332427979 29.2755489349365 28.6106090545654 27.4861145019531 25.370677947998 22.3044986724854 16.1867275238037 7.28696060180664 5.46241474151611 4.94634342193604 4.58109092712402 4.45761394500732 4.37264633178711 4.31511163711548 4.30779218673706 4.29610872268677 4.29642868041992 4.30654859542847 4.27948427200317 4.28234052658081 4.25638389587402 4.24640607833862 4.25950479507446 4.26823568344116 4.26670360565186 4.26988077163696 4.27098226547241 4.26924705505371 4.27927923202515 4.27991199493408 4.29474496841431 4.33154535293579 4.34276533126831 4.35531139373779 4.35253143310547 4.32991933822632 4.31274604797363 4.31825304031372 4.31518459320068 4.30673265457153 4.30683040618896
-3.4e+38 -3.4e+38 -3.4e+38 -3.4e+38 -3.4e+38 31.8199577331543 29.8269557952881 29.3283615112305 28.7346210479736 27.7884788513184 25.8005485534668 23.4086399078369 17.0504989624023 7.61691665649414 5.66001415252686 4.98284721374512 4.78046274185181 4.47678709030151 4.37954425811768 4.30678558349609 4.28726005554199 4.27847003936768 4.27961158752441 4.27835369110107 4.27324724197388 4.31671047210693 4.2918701171875 4.27940893173218 4.28423070907593 4.25803470611572 4.25910139083862 4.26391315460205 4.26678657531738 4.26563787460327 4.32551765441895 4.27995204925537 4.28991270065308 4.34402418136597 4.35655879974365 4.34725427627563 4.35272645950317 4.31182146072388 4.29947757720947 4.31273508071899 4.31975221633911 4.30288648605347 4.29496145248413
-3.4e+38 -3.4e+38 -3.4e+38 -3.4e+38 -3.4e+38 31.8328018188477 29.9179210662842 29.2843437194824 28.7303409576416 27.8099632263184 25.8697471618652 23.4760303497314 15.433988571167 7.3436131477356 5.48475885391235 5.01450061798096 4.94415378570557 4.76888656616211 4.32646656036377 4.29672193527222 4.27454662322998 4.2727746963501 4.26585626602173 4.26511526107788 4.25977468490601 4.26261520385742 4.2731466293335 4.26774978637695 4.25252437591553 4.25284385681152 4.25635671615601 4.25842332839966 4.25992059707642 4.26139307022095 4.27232360839844 4.25371503829956 4.25100040435791 4.27597618103027 4.28907251358032 4.28289556503296 4.27962017059326 4.28502035140991 4.28431367874146 4.29522562026978 4.30167436599731 4.27451133728027 4.25795745849609
-3.4e+38 -3.4e+38 -3.4e+38 -3.4e+38 -3.4e+38 -3.4e+38 29.8007049560547 29.2316455841064 28.6581592559814 27.5008430480957 25.5036144256592 22.8733615875244 15.7819595336914 7.85796880722046 5.56799173355103 5.06522703170776 5.12805080413818 4.82464981079102 4.31887626647949 4.29336929321289 4.25924491882324 4.2637767791748 4.26360368728638 4.25080919265747 4.23852729797363 4.24436855316162 4.25059413909912 4.24928855895996 4.23928833007812 4.23343181610107 4.23137235641479 4.22731161117554 4.22362232208252 4.22387266159058 4.22861194610596 4.23332595825195 4.23206853866577 4.2324652671814 4.24487352371216 4.24160861968994 4.2489595413208 4.26476430892944 4.27049779891968 4.27851247787476 4.26253604888916 4.22875642776489 4.22230815887451
-3.4e+38 -3.4e+38 -3.4e+38 -3.4e+38 -3.4e+38 -3.4e+38 29.8889484405518 29.1712379455566 28.57008934021 26.8261013031006 24.4879455566406 21.6805858612061 14.9497213363647 8.28755187988281 5.83609199523926 5.24976348876953 5.24379634857178 4.99946308135986 4.37935209274292 4.27187013626099 4.2531886100769 4.26149892807007 4.26137495040894 4.25031566619873 4.23198747634888 4.22489070892334 4.22249507904053 4.21786594390869 4.21502733230591 4.21375942230225 4.21105003356934 4.2087025642395 4.20747804641724 4.20728874206543 4.20961856842041 4.21178245544434 4.21172666549683 4.21168184280396 4.21627521514893 4.21948719024658 4.22453117370605 4.24331569671631 4.2544002532959 4.24805164337158 4.22511625289917 4.19860076904297 4.20725440979004
-3.4e+38 -3.4e+38 -3.4e+38 -3.4e+38 -3.4e+38 -3.4e+38 30.020544052124 28.9425373077393 28.0331020355225 25.9230403900146 23.150785446167 20.5042152404785 14.3617286682129 7.45997142791748 5.68370866775513 5.04834651947021 5.13532972335815 4.84182739257812 4.40864372253418 4.26782083511353 4.26050853729248 4.25932931900024 4.2501540184021 4.24859380722046 4.22959041595459 4.22339344024658 4.21963405609131 4.21734046936035 4.21538209915161 4.21267890930176 4.21034955978394 4.20918130874634 4.20810651779175 4.20742130279541 4.2081561088562 4.21036291122437 4.21137237548828 4.21107006072998 4.21109628677368 4.21270179748535 4.21438932418823 4.21866846084595 4.22178602218628 4.2190146446228 4.21863460540771 4.21468257904053 4.20737648010254
-3.4e+38 -3.4e+38 -3.4e+38 -3.4e+38 -3.4e+38 30.7066097259521 29.6814231872559 28.4313430786133 26.920934677124 24.7025566101074 22.0979290008545 19.4066905975342 12.6747331619263 6.58131217956543 5.21301364898682 5.00979471206665 4.98399448394775 4.79653739929199 4.41346406936646 4.28019762039185 4.25187873840332 4.24771595001221 4.24684715270996 4.24110412597656 4.23178148269653 4.22638177871704 4.22219753265381 4.21993923187256 4.21788597106934 4.21378612518311 4.21059846878052 4.20952701568604 4.20900392532349 4.20883560180664 4.20920419692993 4.20955467224121 4.21042919158936 4.21203517913818 4.21415328979492 4.21670627593994 4.21682786941528 4.21349191665649 4.21088457107544 4.21283960342407 4.21400880813599 4.21389436721802 4.21360301971436
-3.4e+38 -3.4e+38 -3.4e+38 -3.4e+38 30.6696338653564 30.4177646636963 29.0809936523438 27.570556640625 25.7600269317627 23.2371406555176 20.8079414367676 17.6882228851318 10.7250528335571 5.89266014099121 5.12404441833496 5.01537561416626 4.98264312744141 4.64201211929321 4.3428521156311 4.27587652206421 4.24025964736938 4.24654531478882 4.24561548233032 4.2410306930542 4.23540449142456 4.22874546051025 4.22164154052734 4.2180609703064 4.2160382270813 4.21268796920776 4.21087837219238 4.21282768249512 4.21285438537598 4.21064186096191 4.20942068099976 4.20924615859985 4.20950078964233 4.21015071868896 4.21165752410889 4.21373701095581 4.21521377563477 4.21472787857056 4.21344757080078 4.21337747573853 4.21200084686279 4.21060419082642 4.21178865432739
