Ecospace-environmental-drivers/Outputs/ASCII-for-ecospace/Temp-bot/Temp-bot_X2003.06.asc
NCOLS 131 
NROWS 53 
XLLCORNER -98 
YLLCORNER 23.9265270233154 
CELLSIZE 0.133587792515755 
NODATA_value -3.4e+38 
[rows 21 to 41 of 53, columns 47 to 93 of 131]
19.0051765441895 18.4064826965332 18.2808818817139 18.2720832824707 18.3274555206299 18.4076023101807 17.5718173980713 17.5657596588135 17.4545440673828 16.3466949462891 14.2279720306396 13.4571971893311 11.5498857498169 9.27978134155273 7.62559032440186 6.14295434951782 5.03734111785889 4.83670949935913 5.02089071273804 4.94028234481812 4.42059087753296 4.33830213546753 4.28703022003174 4.28871822357178 4.27884960174561 4.27860689163208 4.26779174804688 4.26688814163208 4.26865768432617 4.26739835739136 4.25938272476196 4.26059103012085 4.2643666267395 4.26705646514893 4.26273632049561 4.26347017288208 4.26113653182983 4.29818820953369 4.68062591552734 5.07888507843018 5.29284572601318 5.48359060287476 5.78689670562744 6.38289928436279 7.19540882110596 8.10495567321777 9.36103057861328
15.9576940536499 15.2216367721558 15.2473392486572 15.1736450195312 15.6785497665405 14.9788312911987 12.5843324661255 13.4533920288086 12.0847768783569 10.0284862518311 9.28261280059814 8.60135555267334 8.35373306274414 7.03136777877808 6.07806634902954 5.99682283401489 4.99417924880981 4.91075134277344 4.5113844871521 4.63341474533081 4.49624490737915 4.34273910522461 4.29497671127319 4.27276515960693 4.25258207321167 4.26383972167969 4.27021360397339 4.26875829696655 4.26901388168335 4.25840520858765 4.25822830200195 4.26031494140625 4.26443243026733 4.26798057556152 4.26809549331665 4.26988506317139 4.27239465713501 4.27256059646606 4.25801849365234 4.22695016860962 4.34521007537842 4.45197200775146 4.68941736221313 5.14787244796753 5.73663568496704 6.10995483398438 7.2703709602356
11.6389284133911 11.3539333343506 11.8632116317749 11.2680215835571 10.4428749084473 9.41762542724609 9.64575672149658 8.15127468109131 6.57058143615723 6.2514853477478 6.32976627349854 6.91842222213745 6.10099744796753 5.7554178237915 5.25008392333984 5.14106225967407 5.01985263824463 4.58827829360962 4.40873146057129 4.45342397689819 4.51085519790649 4.39718675613403 4.31678581237793 4.26002931594849 4.25407028198242 4.26055145263672 4.26217794418335 4.27063941955566 4.27715587615967 4.26210260391235 4.2658109664917 4.26825571060181 4.27042007446289 4.27402257919312 4.27641105651855 4.27633142471313 4.27617740631104 4.279456615448 4.29203510284424 4.27413129806519 4.26422309875488 4.26245927810669 4.25392198562622 4.34239530563354 4.69707202911377 5.34497499465942 5.94663953781128
7.42786979675293 7.49383926391602 6.90797138214111 7.43422079086304 7.16868257522583 6.49348974227905 5.99255895614624 5.5591459274292 5.18728590011597 5.53182125091553 5.50449085235596 5.73718786239624 5.14581060409546 5.0302848815918 4.99572944641113 5.02298355102539 4.54826402664185 4.47869110107422 4.47624969482422 4.37789154052734 4.34114551544189 4.33125400543213 4.33060073852539 4.28602075576782 4.25775909423828 4.26711177825928 4.27830171585083 4.27082252502441 4.26722097396851 4.26349449157715 4.26924467086792 4.27432584762573 4.27709531784058 4.27937793731689 4.29461812973022 4.29743576049805 4.30344533920288 4.29532527923584 4.2908878326416 4.27590751647949 4.26759195327759 4.27193737030029 4.27119064331055 4.26491689682007 4.26864242553711 4.54294681549072 5.16840362548828
5.66908359527588 5.42779445648193 5.37398624420166 5.25232696533203 4.99740076065063 5.39488697052002 4.84908866882324 5.04695463180542 4.82567501068115 4.88976860046387 4.86125421524048 4.89965915679932 4.94550848007202 4.93462419509888 5.00342464447021 4.62224006652832 4.33337163925171 4.34911441802979 4.34383201599121 4.30043935775757 4.29121208190918 4.29475593566895 4.2977089881897 4.29644823074341 4.26897048950195 4.2659797668457 4.27572870254517 4.26926040649414 4.26445245742798 4.26666355133057 4.27328586578369 4.27714538574219 4.27989912033081 4.28804016113281 4.28785181045532 4.28942680358887 4.28868913650513 4.28551197052002 4.28016042709351 4.27188396453857 4.27053308486938 4.2758846282959 4.27763605117798 4.27638816833496 4.27328157424927 4.24773979187012 4.5507926940918
4.80088043212891 4.91215515136719 4.93600606918335 4.44263982772827 4.46596145629883 4.76925277709961 4.82953310012817 4.68072891235352 4.88440418243408 4.77438163757324 4.89439868927002 4.81814098358154 4.90361928939819 4.61892509460449 4.44728851318359 4.30296945571899 4.28927898406982 4.29075860977173 4.30060243606567 4.31920957565308 4.33072757720947 4.31816577911377 4.26086616516113 4.2576470375061 4.25922536849976 4.26252794265747 4.27102661132812 4.26740741729736 4.26472234725952 4.26870155334473 4.27574920654297 4.27927350997925 4.28108215332031 4.32012462615967 4.29787302017212 4.28259754180908 4.27961874008179 4.27795028686523 4.27752828598022 4.27926635742188 4.28045797348022 4.28352403640747 4.28352737426758 4.28235387802124 4.28196859359741 4.27724933624268 4.26622009277344
4.51733064651489 4.5608959197998 4.36890935897827 4.31414270401001 4.34356641769409 4.41295766830444 4.48407602310181 4.63682651519775 4.68180704116821 4.39977836608887 4.41442966461182 4.4525146484375 4.44312047958374 4.40158271789551 4.27277660369873 4.26337432861328 4.24477529525757 4.24856042861938 4.26798057556152 4.28471088409424 4.31412506103516 4.26266050338745 4.2553915977478 4.2596640586853 4.2604022026062 4.26583480834961 4.27657842636108 4.27273845672607 4.2686619758606 4.26956939697266 4.27440404891968 4.27618503570557 4.27740716934204 4.2756986618042 4.28437232971191 4.28017807006836 4.27740621566772 4.27779626846313 4.27788877487183 4.28410053253174 4.29004383087158 4.28931331634521 4.28622388839722 4.28367614746094 4.28368091583252 4.28294706344604 4.25836133956909
4.4127140045166 4.34003782272339 4.30912351608276 4.32413101196289 4.36064958572388 4.31109523773193 4.32991075515747 4.41900777816772 4.39554786682129 4.38981342315674 4.36618185043335 4.3279185295105 4.26302194595337 4.24857616424561 4.23343515396118 4.24415016174316 4.25254535675049 4.2570595741272 4.25527000427246 4.25244998931885 4.25379657745361 4.26046323776245 4.26930809020996 4.27201223373413 4.27124357223511 4.27652215957642 4.28109645843506 4.27570009231567 4.27105093002319 4.27089643478394 4.27430486679077 4.27530097961426 4.2761435508728 4.27569723129272 4.28430461883545 4.27292537689209 4.27519750595093 4.27811288833618 4.28089046478271 4.28700351715088 4.29322052001953 4.28928899765015 4.28449487686157 4.28219795227051 4.28365802764893 4.28065633773804 4.27093744277954
4.29321146011353 4.28742074966431 4.27682542800903 4.27796316146851 4.28430652618408 4.28399276733398 4.28224468231201 4.29121160507202 4.27904796600342 4.28713893890381 4.24922370910645 4.24013471603394 4.24097061157227 4.23857450485229 4.24060010910034 4.24719715118408 4.25398635864258 4.25827789306641 4.26042222976685 4.25749969482422 4.25492429733276 4.26080274581909 4.2699990272522 4.27540636062622 4.27936029434204 4.28133249282837 4.28217792510986 4.28067541122437 4.27558946609497 4.27361965179443 4.27503108978271 4.27596092224121 4.27669715881348 4.27624750137329 4.27225732803345 4.27032852172852 4.27970504760742 4.27351093292236 4.27625322341919 4.2825345993042 4.28533697128296 4.2833890914917 4.282066822052 4.2792763710022 4.28222370147705 4.28368997573853 4.28046178817749
4.28221225738525 4.28333044052124 4.28743267059326 4.27890634536743 4.29624700546265 4.31318664550781 4.28026294708252 4.27596378326416 4.27229595184326 4.24621105194092 4.24387073516846 4.25080966949463 4.25504446029663 4.25004959106445 4.24923038482666 4.25041246414185 4.2572193145752 4.26111078262329 4.26405715942383 4.26622724533081 4.25823736190796 4.2611231803894 4.26901769638062 4.27323865890503 4.28260135650635 4.28281354904175 4.28332757949829 4.28052377700806 4.27641677856445 4.27525806427002 4.27563428878784 4.27738857269287 4.27731275558472 4.27529525756836 4.27079200744629 4.26870632171631 4.27554321289062 4.27358913421631 4.2760443687439 4.27853679656982 4.28033018112183 4.280837059021 4.28009033203125 4.28064966201782 4.28001737594604 4.28359746932983 4.28567504882812
4.30937957763672 4.29440355300903 4.28808259963989 4.29002952575684 4.30230331420898 4.28525638580322 4.28553867340088 4.28275871276855 4.27338457107544 4.24456882476807 4.25850248336792 4.26175880432129 4.26309299468994 4.26311826705933 4.26109313964844 4.26148986816406 4.26458501815796 4.26773691177368 4.26560115814209 4.26492595672607 4.26671838760376 4.25937271118164 4.2628812789917 4.2684531211853 4.2805871963501 4.28404951095581 4.28187704086304 4.27752065658569 4.2764310836792 4.27667474746704 4.27648162841797 4.27809143066406 4.27672386169434 4.27281522750854 4.26871776580811 4.26631832122803 4.28103160858154 4.27667617797852 4.27901077270508 4.2786283493042 4.27913808822632 4.2823920249939 4.28342390060425 4.2834038734436 4.28226900100708 4.28422880172729 4.28213119506836
4.29182481765747 4.2923469543457 4.2922248840332 4.26517724990845 4.29124212265015 4.26413488388062 4.24464416503906 4.23925924301147 4.24732351303101 4.25910186767578 4.26279067993164 4.26437759399414 4.26492261886597 4.26692056655884 4.26684761047363 4.26905536651611 4.27167224884033 4.27301168441772 4.272141456604 4.26843786239624 4.26464700698853 4.26669549942017 4.26013612747192 4.26231908798218 4.26963520050049 4.27938604354858 4.27339267730713 4.27085733413696 4.27262496948242 4.27350425720215 4.27545881271362 4.27655172348022 4.27498292922974 4.27161359786987 4.26852798461914 4.26520156860352 4.28558301925659 4.28238344192505 4.28259611129761 4.28104686737061 4.2798228263855 4.27778482437134 4.28021955490112 4.27967309951782 4.27867221832275 4.28159761428833 4.28228902816772
4.25471115112305 4.24586200714111 4.23858261108398 4.24097394943237 4.25459337234497 4.24267721176147 4.2386360168457 4.24846172332764 4.26423597335815 4.26672697067261 4.26986074447632 4.27093315124512 4.26972818374634 4.27158451080322 4.27171182632446 4.27270603179932 4.27409076690674 4.274658203125 4.27528619766235 4.27594137191772 4.27193403244019 4.26418304443359 4.26519870758057 4.26723098754883 4.26624011993408 4.26743984222412 4.26798486709595 4.26919937133789 4.27033042907715 4.27306842803955 4.27617168426514 4.27629566192627 4.27446269989014 4.27246141433716 4.26875448226929 4.28840732574463 4.29017734527588 4.28442668914795 4.2846474647522 4.28568887710571 4.28221893310547 4.27705907821655 4.27654600143433 4.2784857749939 4.28164005279541 4.28164863586426 4.28302145004272
4.2383131980896 4.23450994491577 4.22864484786987 4.23048305511475 4.23557758331299 4.23392343521118 4.26149749755859 4.27736949920654 4.26994895935059 4.27885723114014 4.31374597549438 4.33208227157593 4.31628751754761 4.32519769668579 4.32442331314087 4.29941987991333 4.28396081924438 4.27384471893311 4.27488994598389 4.2771167755127 4.2775502204895 4.27142858505249 4.26753234863281 4.26613092422485 4.26707983016968 4.2693395614624 4.27111005783081 4.27329587936401 4.27618360519409 4.27792644500732 4.2790994644165 4.28073406219482 4.28851079940796 4.29566192626953 4.30113887786865 4.29872131347656 4.29243898391724 4.28770017623901 4.28776168823242 4.28617382049561 4.28485107421875 4.2810115814209 4.2759861946106 4.27725744247437 4.27960681915283 4.283034324646 4.2843451499939
4.2292857170105 4.22779512405396 4.22664594650269 4.22847461700439 4.23240852355957 4.24022769927979 4.30034685134888 4.32651853561401 4.32399129867554 4.3124852180481 4.31082439422607 4.31086540222168 4.31819343566895 4.32035112380981 4.32327842712402 4.3210129737854 4.32766056060791 4.33173656463623 4.30656385421753 4.27468347549438 4.27757453918457 4.27920722961426 4.27831554412842 4.27670192718506 4.27672004699707 4.27845525741577 4.27934885025024 4.28030967712402 4.28081512451172 4.2814826965332 4.29647397994995 4.31910181045532 4.30408477783203 4.28970098495483 4.28710269927979 4.28903245925903 4.29113245010376 4.29539203643799 4.29294681549072 4.28580665588379 4.28540706634521 4.28498840332031 4.27912330627441 4.278000831604 4.28083229064941 4.28421449661255 4.28701400756836
4.23319339752197 4.23436260223389 4.23749160766602 4.24211311340332 4.25114917755127 4.28504610061646 4.31317090988159 4.3199667930603 4.31727075576782 4.30689382553101 4.2959041595459 4.30020570755005 4.30515766143799 4.31175470352173 4.3091254234314 4.30101251602173 4.29981088638306 4.30288171768188 4.30903148651123 4.30949449539185 4.29431438446045 4.27855682373047 4.28157234191895 4.2835578918457 4.28348112106323 4.28264713287354 4.28249931335449 4.28293800354004 4.28479099273682 4.30273056030273 4.31286716461182 4.29291820526123 4.28353929519653 4.2807788848877 4.27891683578491 4.27812242507935 4.27991533279419 4.28345251083374 4.28354644775391 4.28303623199463 4.28362321853638 4.28546619415283 4.28515720367432 4.28382778167725 4.28368091583252 4.28540182113647 4.28790044784546
4.23216485977173 4.23443937301636 4.24923706054688 4.28036832809448 4.27767467498779 4.27628326416016 4.2843804359436 4.2849588394165 4.27783966064453 4.27945041656494 4.28499698638916 4.28602457046509 4.28524112701416 4.28439998626709 4.28935098648071 4.29443073272705 4.29893445968628 4.30072212219238 4.30194139480591 4.30094957351685 4.30604457855225 4.31207084655762 4.29570865631104 4.31159448623657 4.31270313262939 4.30236148834229 4.30927085876465 4.30770969390869 4.31283903121948 4.30703115463257 4.29325723648071 4.28700733184814 4.28000974655151 4.27603816986084 4.27565956115723 4.27716684341431 4.28017330169678 4.28314065933228 4.28401041030884 4.28041648864746 4.27919054031372 4.28282451629639 4.28449296951294 4.28512763977051 4.28468561172485 4.28447675704956 4.28757524490356
4.23627471923828 4.24726533889771 4.27673435211182 4.277015209198 4.27109575271606 4.26628398895264 4.26208639144897 4.26412105560303 4.2748327255249 4.28299713134766 4.28424692153931 4.28394079208374 4.28476619720459 4.28456878662109 4.28966331481934 4.29432106018066 4.29730463027954 4.29971027374268 4.30088806152344 4.2998743057251 4.29888200759888 4.3014497756958 4.31049633026123 4.3171534538269 4.31475734710693 4.31457757949829 4.31285572052002 4.30720949172974 4.30051136016846 4.29574155807495 4.29386711120605 4.28833770751953 4.28106784820557 4.2782769203186 4.27785015106201 4.27823257446289 4.27794408798218 4.27756881713867 4.28010940551758 4.28082704544067 4.27729988098145 4.27686548233032 4.27920341491699 4.28215312957764 4.28207111358643 4.28151988983154 4.28564310073853
4.28682804107666 4.2911229133606 4.29208993911743 4.29934930801392 4.28433609008789 4.2655816078186 4.26090955734253 4.26509523391724 4.27977180480957 4.28546237945557 4.28619337081909 4.28557920455933 4.28719663619995 4.28911542892456 4.29067420959473 4.29417753219604 4.29681015014648 4.29764986038208 4.29829549789429 4.29906988143921 4.29813957214355 4.29637145996094 4.29741144180298 4.30124711990356 4.30241394042969 4.3029522895813 4.30145072937012 4.29829359054565 4.29440355300903 4.29374551773071 4.29323196411133 4.28893423080444 4.2834005355835 4.28103876113892 4.2796196937561 4.2790789604187 4.27804565429688 4.27581119537354 4.27266025543213 4.27026224136353 4.27329444885254 4.27615165710449 4.2779712677002 4.27845001220703 4.27868843078613 4.28218030929565 4.28426170349121
4.29696702957153 4.28471088409424 4.29207992553711 4.29971742630005 4.29028463363647 4.26937198638916 4.261155128479 4.26691627502441 4.2827410697937 4.28677225112915 4.28725290298462 4.28894710540771 4.29251432418823 4.29532098770142 4.29800796508789 4.30094623565674 4.30264616012573 4.30290842056274 4.30096244812012 4.3009295463562 4.30048656463623 4.29715967178345 4.29553461074829 4.29672241210938 4.2958345413208 4.29235887527466 4.28980731964111 4.28810548782349 4.28900718688965 4.29200029373169 4.29101324081421 4.28792715072632 4.28471231460571 4.28283262252808 4.28124809265137 4.27905941009521 4.27620124816895 4.27347421646118 4.27159738540649 4.26987409591675 4.27726554870605 4.27925062179565 4.2785496711731 4.27666282653809 4.27871990203857 4.28405809402466 4.28489017486572
4.28641891479492 4.27657270431519 4.28771162033081 4.30450057983398 4.29217624664307 4.26626300811768 4.26253461837769 4.26818180084229 4.28362607955933 4.28611755371094 4.28687572479248 4.28778982162476 4.2929949760437 4.29642629623413 4.29999494552612 4.30363082885742 4.30588722229004 4.30573558807373 4.30573701858521 4.30517387390137 4.30379199981689 4.30115985870361 4.29825592041016 4.29963779449463 4.29847002029419 4.29325246810913 4.28803253173828 4.28629302978516 4.2888879776001 4.29069900512695 4.28722763061523 4.28506994247437 4.28441905975342 4.28488731384277 4.28470373153687 4.28158473968506 4.27823877334595 4.27687501907349 4.27752923965454 4.27816581726074 4.27281188964844 4.27293920516968 4.27171087265015 4.27678918838501 4.28050088882446 4.28063154220581 4.29000282287598
