Ecospace-environmental-drivers/Outputs/ASCII-for-ecospace/Temp-bot/Temp-bot_X2006.06.asc
NCOLS 131 
NROWS 53 
XLLCORNER -98 
YLLCORNER 23.9265270233154 
CELLSIZE 0.133587792515755 
NODATA_value -3.4e+38 
[rows 21 to 41 of 53, columns 47 to 93 of 131]
19.1021251678467 18.6531181335449 18.5288429260254 18.5562343597412 18.6231269836426 18.7381591796875 17.9429740905762 17.9965686798096 17.9068908691406 16.3426418304443 14.0518941879272 12.8658723831177 10.780216217041 8.37631034851074 7.19351387023926 5.89920949935913 5.03624057769775 4.78462982177734 4.86477470397949 4.74988317489624 4.4454083442688 4.34532356262207 4.31270265579224 4.30256271362305 4.26934623718262 4.24987554550171 4.2544641494751 4.25999689102173 4.26943826675415 4.27540111541748 4.27389287948608 4.27333450317383 4.27304649353027 4.27347040176392 4.27175140380859 4.27175378799438 4.27081155776978 4.32395553588867 4.72282409667969 5.09488439559937 5.30198001861572 5.54088401794434 5.91935062408447 6.50446557998657 7.25327348709106 7.91371250152588 8.79763412475586
16.3767051696777 15.6404886245728 15.7483062744141 15.7821969985962 16.5349197387695 15.6535930633545 12.4299507141113 13.2735652923584 11.8424482345581 9.56832027435303 8.4372386932373 7.69115304946899 7.41995191574097 6.53103065490723 5.78481292724609 5.59520435333252 4.92747926712036 4.72444725036621 4.54418897628784 4.55415868759155 4.40034103393555 4.33713579177856 4.32248783111572 4.26194715499878 4.25344467163086 4.2527904510498 4.25798797607422 4.26150703430176 4.27175903320312 4.27620077133179 4.27895832061768 4.27798175811768 4.27827739715576 4.27816820144653 4.27630519866943 4.27559423446655 4.27760887145996 4.28099060058594 4.2726354598999 4.2444863319397 4.37311840057373 4.52442264556885 4.80270290374756 5.25819730758667 5.8214807510376 6.20827674865723 7.01724624633789
11.1020994186401 10.7946290969849 11.5680551528931 10.6989498138428 10.0606727600098 8.86501121520996 9.25008678436279 7.73317337036133 6.54172563552856 6.10807514190674 6.049147605896 6.36145305633545 5.6587963104248 5.44788312911987 5.15816736221313 4.97902822494507 4.79794406890869 4.5910382270813 4.45954179763794 4.42255210876465 4.39654016494751 4.36054277420044 4.34069204330444 4.25528478622437 4.25694894790649 4.25824880599976 4.25954246520996 4.26866149902344 4.27486419677734 4.27816534042358 4.28340721130371 4.28305435180664 4.28173923492432 4.27961111068726 4.27832460403442 4.2786431312561 4.27820777893066 4.28313827514648 4.29804086685181 4.29528141021729 4.29120063781738 4.29375600814819 4.28326559066772 4.38513040542603 4.78350591659546 5.41129779815674 6.03880977630615
7.14273405075073 7.21843671798706 6.69838237762451 7.22895765304565 7.0459189414978 6.39074611663818 5.94269037246704 5.50871419906616 5.11867904663086 5.35643815994263 5.34533977508545 5.47129440307617 5.07912349700928 4.93767595291138 4.8135871887207 4.77796030044556 4.55214214324951 4.49192237854004 4.43803834915161 4.37135028839111 4.35009574890137 4.3393235206604 4.3304591178894 4.27158975601196 4.25335788726807 4.26211071014404 4.26603364944458 4.27197694778442 4.271568775177 4.2783260345459 4.28391361236572 4.2852258682251 4.28351783752441 4.28159809112549 4.30108261108398 4.29855537414551 4.30480480194092 4.29686403274536 4.29086589813232 4.29092311859131 4.30185174942017 4.31145668029785 4.31231355667114 4.30336952209473 4.29890966415405 4.59367847442627 5.26305675506592
5.47507286071777 5.35812616348267 5.33665370941162 5.24396800994873 5.03893995285034 5.33739280700684 4.90444993972778 5.08627700805664 4.84036207199097 4.83838558197021 4.80429744720459 4.81894826889038 4.85602235794067 4.82615280151367 4.78279161453247 4.55818843841553 4.35042524337769 4.32478094100952 4.32455492019653 4.30161952972412 4.29460144042969 4.29167032241821 4.29526376724243 4.30240392684937 4.25095176696777 4.25456047058105 4.26633167266846 4.27251815795898 4.27671098709106 4.28262376785278 4.28716707229614 4.2872896194458 4.28594207763672 4.29778909683228 4.30223226547241 4.29443979263306 4.29502439498901 4.2984037399292 4.29521894454956 4.29314136505127 4.3010106086731 4.30769538879395 4.31353521347046 4.31772184371948 4.31936979293823 4.28080558776855 4.61271715164185
4.84945678710938 4.95423889160156 4.96116399765015 4.49182939529419 4.51710987091064 4.81774568557739 4.87997722625732 4.71670484542847 4.8835825920105 4.76279640197754 4.87195491790771 4.79623603820801 4.90585994720459 4.62978792190552 4.40795660018921 4.30884265899658 4.28571367263794 4.28040504455566 4.27963399887085 4.27889823913574 4.28033924102783 4.28999710083008 4.25234842300415 4.24268960952759 4.2419261932373 4.2495002746582 4.26261854171753 4.27102088928223 4.27795124053955 4.28515100479126 4.28943157196045 4.29040622711182 4.28882884979248 4.326012134552 4.31032943725586 4.29347562789917 4.29533004760742 4.29576253890991 4.29473733901978 4.29671478271484 4.299635887146 4.30543565750122 4.31168031692505 4.31515836715698 4.32163000106812 4.32175254821777 4.30352926254272
4.51648712158203 4.57526779174805 4.40584182739258 4.29604482650757 4.3502025604248 4.44515895843506 4.55142068862915 4.69277048110962 4.74077463150024 4.45854377746582 4.42848777770996 4.44280862808228 4.44127082824707 4.39748048782349 4.29047966003418 4.26739311218262 4.24571943283081 4.24650096893311 4.26149463653564 4.27224731445312 4.29068851470947 4.24706268310547 4.24379205703735 4.24930477142334 4.25174188613892 4.2571702003479 4.26750898361206 4.27519989013672 4.28150510787964 4.28598117828369 4.2882833480835 4.28860235214233 4.28786754608154 4.28528833389282 4.30155801773071 4.32048940658569 4.29272174835205 4.2910041809082 4.29474544525146 4.29769086837769 4.30179071426392 4.30627393722534 4.3101749420166 4.31424903869629 4.32389497756958 4.33037137985229 4.29972982406616
4.39614677429199 4.33203935623169 4.28429841995239 4.32325458526611 4.36242818832397 4.31055736541748 4.35475206375122 4.43566751480103 4.42350912094116 4.43785524368286 4.40702390670776 4.34253263473511 4.28289318084717 4.26624774932861 4.24484062194824 4.24953126907349 4.25402021408081 4.25514125823975 4.25388526916504 4.25043296813965 4.24775505065918 4.24490165710449 4.24979305267334 4.25733518600464 4.26396560668945 4.26919460296631 4.27993059158325 4.28184795379639 4.28476858139038 4.28658103942871 4.28809404373169 4.28886699676514 4.28857088088989 4.28613901138306 4.30018043518066 4.30249309539795 4.30344867706299 4.28975868225098 4.29386186599731 4.29728364944458 4.30170869827271 4.3067102432251 4.31305742263794 4.31501197814941 4.32307291030884 4.33070850372314 4.32492780685425
4.27488136291504 4.279456615448 4.28080320358276 4.27886581420898 4.27824592590332 4.26748704910278 4.27953815460205 4.30395936965942 4.29210186004639 4.30298471450806 4.26516485214233 4.25258874893188 4.25306415557861 4.25191736221313 4.25625324249268 4.260573387146 4.26511192321777 4.26777458190918 4.26725912094116 4.26313161849976 4.25758028030396 4.25429391860962 4.25891208648682 4.26573610305786 4.27472591400146 4.27495288848877 4.27864646911621 4.28253316879272 4.28502702713013 4.2867865562439 4.28797578811646 4.28971576690674 4.28928709030151 4.28556871414185 4.28116416931152 4.27903985977173 4.31252813339233 4.29029369354248 4.29059505462646 4.29566097259521 4.29871845245361 4.30389928817749 4.31133842468262 4.314040184021 4.32092761993408 4.32908391952515 4.33050584793091
4.27768802642822 4.28266286849976 4.26485729217529 4.26400470733643 4.28843879699707 4.28074169158936 4.2784857749939 4.2816367149353 4.29020071029663 4.25730800628662 4.25423812866211 4.26183032989502 4.2665753364563 4.26395702362061 4.26556396484375 4.26844596862793 4.27706623077393 4.27940511703491 4.28003358840942 4.2751841545105 4.26608991622925 4.26317882537842 4.26728916168213 4.27502918243408 4.27988958358765 4.27784061431885 4.27984523773193 4.28194046020508 4.28388833999634 4.28586912155151 4.28673028945923 4.2877140045166 4.28646612167358 4.28360891342163 4.28044700622559 4.27890539169312 4.30969476699829 4.29402875900269 4.29497051239014 4.29581165313721 4.29793739318848 4.30395650863647 4.31068801879883 4.31510925292969 4.31901407241821 4.32420635223389 4.32677745819092
4.31169700622559 4.29262113571167 4.27685689926147 4.27500057220459 4.29515600204468 4.28523635864258 4.28699398040771 4.29077863693237 4.29103660583496 4.25533199310303 4.26370811462402 4.26940965652466 4.27266645431519 4.27216720581055 4.27277326583862 4.27435731887817 4.27772665023804 4.28033447265625 4.27922010421753 4.28038311004639 4.27671480178833 4.26830196380615 4.27088785171509 4.27668142318726 4.28105926513672 4.27919054031372 4.28461790084839 4.28467607498169 4.2838077545166 4.28493404388428 4.28484725952148 4.28416013717651 4.2820258140564 4.28077697753906 4.27906513214111 4.27918148040771 4.30403470993042 4.29427146911621 4.29653453826904 4.29897737503052 4.29911994934082 4.3026967048645 4.30850458145142 4.31286478042603 4.31607913970947 4.31902980804443 4.32207870483398
4.29063892364502 4.29307413101196 4.30025482177734 4.26657772064209 4.30495643615723 4.26070499420166 4.2459397315979 4.24976444244385 4.25679922103882 4.26507520675659 4.27066993713379 4.27598190307617 4.27662324905396 4.27637720108032 4.27505588531494 4.27624607086182 4.27751111984253 4.27748966217041 4.27733469009399 4.27907466888428 4.28033638000488 4.27742767333984 4.27070140838623 4.27319431304932 4.27519702911377 4.27639245986938 4.2806191444397 4.27964782714844 4.27754926681519 4.27974319458008 4.28082656860352 4.28025341033936 4.28001022338867 4.28086185455322 4.28049516677856 4.2806224822998 4.30556344985962 4.29990100860596 4.29634428024292 4.29814672470093 4.2964506149292 4.29930973052979 4.30455303192139 4.30752658843994 4.31018209457397 4.31413984298706 4.31825304031372
4.26635217666626 4.26287841796875 4.25813865661621 4.25756406784058 4.26444911956787 4.24717998504639 4.24658870697021 4.25618505477905 4.2702260017395 4.27406406402588 4.27857637405396 4.28015995025635 4.27933168411255 4.27954912185669 4.27864170074463 4.27870225906372 4.27862501144409 4.27790880203247 4.27727746963501 4.27883291244507 4.28059673309326 4.2782998085022 4.27838230133057 4.27959442138672 4.27613639831543 4.27515268325806 4.27621126174927 4.27399969100952 4.27287721633911 4.27512788772583 4.27850103378296 4.27977275848389 4.28072643280029 4.28165864944458 4.28204917907715 4.30836153030396 4.30884552001953 4.30406045913696 4.29606151580811 4.29914236068726 4.30140686035156 4.30234813690186 4.30585336685181 4.3076057434082 4.30840635299683 4.31163501739502 4.31586599349976
4.25618124008179 4.25983095169067 4.25899982452393 4.25434112548828 4.24787282943726 4.2458324432373 4.27209711074829 4.28370237350464 4.27751922607422 4.28749370574951 4.33169317245483 4.35068464279175 4.32982969284058 4.34025907516479 4.3366322517395 4.30905914306641 4.29217195510864 4.28126192092896 4.28043699264526 4.27989864349365 4.27915477752686 4.27924919128418 4.27904605865479 4.27726268768311 4.27645397186279 4.27623748779297 4.27544784545898 4.27371454238892 4.27339792251587 4.27498054504395 4.27795696258545 4.28234910964966 4.29415845870972 4.3048734664917 4.32464265823364 4.33172035217285 4.31980419158936 4.31405067443848 4.30204439163208 4.30221080780029 4.3038501739502 4.30589532852173 4.30602788925171 4.30566883087158 4.30569791793823 4.30825662612915 4.31384134292603
4.25334405899048 4.25666189193726 4.2493052482605 4.24752378463745 4.24637031555176 4.2523627281189 4.32391929626465 4.34613990783691 4.34605550765991 4.35177087783813 4.35779571533203 4.35892391204834 4.34812068939209 4.3406777381897 4.34416246414185 4.34551191329956 4.34501123428345 4.34333181381226 4.31969213485718 4.28199815750122 4.28077030181885 4.28091430664062 4.28177499771118 4.27919435501099 4.27840137481689 4.27869987487793 4.27737665176392 4.27620553970337 4.27550649642944 4.27689838409424 4.29794502258301 4.32355213165283 4.32105779647827 4.32183599472046 4.32489013671875 4.32617712020874 4.33292198181152 4.3356237411499 4.3343677520752 4.32947015762329 4.31901121139526 4.30138301849365 4.29934787750244 4.30066871643066 4.30647659301758 4.30619764328003 4.31136751174927
4.25230646133423 4.25149488449097 4.25280952453613 4.25661945343018 4.26779937744141 4.325026512146 4.3477463722229 4.34832334518433 4.34962797164917 4.35148763656616 4.3535943031311 4.36287450790405 4.3666844367981 4.34750175476074 4.331458568573 4.33134126663208 4.33812808990479 4.34119749069214 4.34177732467651 4.33328294754028 4.30397701263428 4.28250932693481 4.28382873535156 4.28410005569458 4.28260946273804 4.28028202056885 4.2783579826355 4.2781720161438 4.28161811828613 4.3095531463623 4.3256516456604 4.3295316696167 4.33498096466064 4.33060836791992 4.32923364639282 4.33735752105713 4.33847427368164 4.34037446975708 4.33933401107788 4.33881902694702 4.33817529678345 4.32012128829956 4.29443550109863 4.29636478424072 4.30031776428223 4.30414533615112 4.3117470741272
4.2530517578125 4.2545690536499 4.27409934997559 4.34178876876831 4.34587860107422 4.32859802246094 4.32390928268433 4.33149576187134 4.33531761169434 4.33912086486816 4.34274864196777 4.35298585891724 4.36447668075562 4.34607982635498 4.33198261260986 4.328444480896 4.33312749862671 4.33100366592407 4.33410120010376 4.33646726608276 4.33522272109985 4.32721185684204 4.3025689125061 4.3199782371521 4.31917190551758 4.31247568130493 4.32474899291992 4.32452535629272 4.3371319770813 4.33610057830811 4.33630084991455 4.33777475357056 4.33058834075928 4.31312942504883 4.30671548843384 4.31637239456177 4.32913875579834 4.33295869827271 4.34243869781494 4.34857654571533 4.34887313842773 4.33831596374512 4.30290794372559 4.29990530014038 4.29853105545044 4.30470323562622 4.31276035308838
4.26211452484131 4.27613878250122 4.34337663650513 4.3414511680603 4.31714105606079 4.31451606750488 4.31805276870728 4.32392692565918 4.32795286178589 4.3251805305481 4.32541179656982 4.32662677764893 4.32736730575562 4.31986808776855 4.31659507751465 4.33274555206299 4.33065176010132 4.32153606414795 4.32382774353027 4.32833194732666 4.32715129852295 4.33124780654907 4.33139657974243 4.32802391052246 4.32897853851318 4.34219980239868 4.34658622741699 4.34705638885498 4.34628534317017 4.34410810470581 4.31985235214233 4.30936765670776 4.30657196044922 4.30857515335083 4.31120014190674 4.31622743606567 4.32021188735962 4.32374954223633 4.33287954330444 4.34935808181763 4.35464811325073 4.3459005355835 4.32091283798218 4.30397653579712 4.30521059036255 4.3137583732605 4.31628608703613
4.33337879180908 4.34974384307861 4.35044765472412 4.32128858566284 4.31237602233887 4.31629514694214 4.32852458953857 4.3354229927063 4.33321285247803 4.32734394073486 4.32678699493408 4.32165336608887 4.31290817260742 4.30418395996094 4.30603408813477 4.31963300704956 4.32482147216797 4.32182264328003 4.32227802276611 4.32566595077515 4.32386589050293 4.31748294830322 4.3189902305603 4.31741428375244 4.3108172416687 4.3083815574646 4.31877565383911 4.32769727706909 4.32323408126831 4.31393718719482 4.29946851730347 4.29690027236938 4.29664421081543 4.29754734039307 4.30439472198486 4.31663846969604 4.32354545593262 4.32744407653809 4.33614540100098 4.34971523284912 4.34551954269409 4.33255863189697 4.31843328475952 4.31336402893066 4.31357622146606 4.31943559646606 4.32205533981323
4.35465621948242 4.36334943771362 4.35759878158569 4.31308555603027 4.31743097305298 4.32654094696045 4.33459568023682 4.3371844291687 4.33360290527344 4.32964658737183 4.32797002792358 4.31934309005737 4.31022453308105 4.30524730682373 4.31282663345337 4.3229866027832 4.31977939605713 4.31926584243774 4.31981611251831 4.32178688049316 4.32646131515503 4.32131099700928 4.31035757064819 4.30776214599609 4.3024582862854 4.29883527755737 4.29696798324585 4.30047607421875 4.30056524276733 4.30120897293091 4.29931926727295 4.29808521270752 4.29615879058838 4.29574680328369 4.29851961135864 4.31897926330566 4.32830667495728 4.3321533203125 4.32966470718384 4.33303689956665 4.33843660354614 4.34038782119751 4.33445978164673 4.31937074661255 4.31808042526245 4.32047986984253 4.32365608215332
4.3678126335144 4.37082719802856 4.32548236846924 4.31545972824097 4.32724761962891 4.33052062988281 4.33179092407227 4.33225393295288 4.33345317840576 4.33247518539429 4.33063125610352 4.33196973800659 4.32714366912842 4.32658672332764 4.3281102180481 4.32168245315552 4.3099889755249 4.31555604934692 4.31861925125122 4.32125043869019 4.32325458526611 4.32599925994873 4.31844329833984 4.30709838867188 4.30313777923584 4.30488014221191 4.30568361282349 4.30331420898438 4.30591011047363 4.30688524246216 4.30496549606323 4.30300951004028 4.30110788345337 4.29901266098022 4.29813098907471 4.29904937744141 4.32578325271606 4.33257818222046 4.3195276260376 4.32792997360229 4.34005641937256 4.33814716339111 4.33550500869751 4.3274450302124 4.3286018371582 4.3268461227417 4.32400989532471
