Ecospace-environmental-drivers/Outputs/ASCII-for-ecospace/Temp-bot/Temp-bot_X1997.02.asc
NCOLS 131 
NROWS 53 
XLLCORNER -98 
YLLCORNER 23.9265270233154 
CELLSIZE 0.133587792515755 
NODATA_value -3.4e+38 
[rows 21 to 41 of 53, columns 0 to 46 of 131]
-3.4e+38 -3.4e+38 -3.4e+38 -3.4e+38 -3.4e+38 -3.4e+38 15.3340425491333 15.2785606384277 15.2882394790649 15.280122756958 15.2198801040649 15.514687538147 16.0475196838379 16.5673885345459 16.9909744262695 17.3620166778564 17.7307929992676 18.0979976654053 18.441276550293 18.7337455749512 18.9683952331543 19.172477722168 19.3306312561035 19.4261932373047 19.5101356506348 19.577672958374 19.6198425292969 19.6412868499756 19.638521194458 19.647554397583 19.7284717559814 19.8076324462891 19.8898773193359 19.9560794830322 19.9917049407959 20.013370513916 20.0074348449707 19.9477806091309 19.8773212432861 19.8446502685547 19.8377857208252 19.8832302093506 19.9125862121582 19.9680786132812 20.0328578948975 20.0864238739014 20.1006183624268
-3.4e+38 -3.4e+38 -3.4e+38 -3.4e+38 -3.4e+38 -3.4e+38 15.3783874511719 15.345178604126 15.2785606384277 15.3060350418091 15.69873046875 16.3187255859375 17.0741844177246 17.6974983215332 18.0935363769531 18.3453845977783 18.5653305053711 18.8015384674072 19.0442333221436 19.2691135406494 19.4234962463379 19.5275325775146 19.6217670440674 19.6536846160889 19.7327709197998 19.795804977417 19.7235202789307 19.8516941070557 19.9093742370605 19.9786968231201 20.0051498413086 19.992525100708 20.0194778442383 19.8636779785156 19.7661991119385 19.7725505828857 19.5367412567139 19.4233474731445 19.1329040527344 18.7468528747559 18.9766578674316 19.1791019439697 18.3209896087646 18.8026847839355 19.32493019104 19.1544952392578 18.8386306762695
-3.4e+38 -3.4e+38 -3.4e+38 -3.4e+38 15.6098384857178 15.5260896682739 15.4412269592285 15.3783874511719 15.3785886764526 15.7695960998535 16.4672889709473 17.4269695281982 18.2162857055664 18.7038860321045 18.9627437591553 19.0562763214111 19.0895080566406 19.2206974029541 19.4205665588379 19.5619602203369 19.0008430480957 17.6032180786133 16.2817554473877 15.794041633606 15.953218460083 15.6371421813965 15.5993432998657 16.6663303375244 18.1891822814941 17.4779472351074 18.6663875579834 18.8275756835938 18.7818222045898 17.1520175933838 18.6844100952148 17.8361263275146 16.432300567627 16.3645572662354 15.1353540420532 11.9571218490601 12.8548545837402 12.633957862854 14.7416439056396 13.3009357452393 14.5803632736206 14.8438014984131 15.1457796096802
-3.4e+38 -3.4e+38 -3.4e+38 -3.4e+38 15.7150640487671 15.588360786438 15.5260896682739 15.4192037582397 15.8018264770508 16.4527645111084 17.4538059234619 18.3289966583252 18.8814086914062 19.259407043457 19.5029296875 19.5911827087402 19.0441799163818 16.8974990844727 15.5024471282959 13.485276222229 11.022891998291 9.49210548400879 10.0476837158203 10.0687217712402 10.6116752624512 10.4897403717041 11.0201826095581 10.5931272506714 11.4108800888062 11.0174074172974 11.7876462936401 13.3713054656982 13.8447389602661 14.7793426513672 15.7057733535767 15.0971918106079 15.570013999939 14.164231300354 11.574070930481 8.31890392303467 9.03242111206055 9.44704055786133 9.62809562683105 8.82229614257812 8.38860416412354 8.92240619659424 7.94352197647095
-3.4e+38 -3.4e+38 -3.4e+38 -3.4e+38 -3.4e+38 15.7150640487671 15.5239295959473 15.7493047714233 16.3545608520508 17.2362194061279 18.226936340332 18.9945697784424 19.5569190979004 19.797155380249 18.9036235809326 16.345573425293 12.5833883285522 9.35531330108643 8.57114505767822 7.43298292160034 6.37447261810303 6.16581916809082 6.34826469421387 6.5871114730835 7.17215538024902 6.912034034729 7.06761932373047 7.20863914489746 6.85601329803467 6.96079778671265 7.0809268951416 8.54050540924072 9.42227554321289 11.6518354415894 11.4938869476318 11.7953453063965 10.7925977706909 8.94450187683105 6.5567831993103 6.28849363327026 6.79764747619629 6.82868480682373 6.20349073410034 6.10735321044922 6.09795141220093 6.34889793395996 5.99057006835938
-3.4e+38 -3.4e+38 -3.4e+38 -3.4e+38 -3.4e+38 15.8026676177979 15.6519336700439 16.2207927703857 17.0035190582275 17.9795570373535 18.932502746582 19.6315593719482 19.902624130249 17.7753257751465 14.7112560272217 11.7938089370728 8.23091411590576 6.40171384811401 6.07342100143433 5.54911470413208 5.16391277313232 5.15682125091553 5.15279245376587 5.4031867980957 5.31838512420654 5.49605226516724 5.42789840698242 5.2354884147644 5.5603666305542 5.35000801086426 5.88253688812256 6.5912709236145 7.67218351364136 8.30323600769043 7.24410057067871 7.55467224121094 6.94044017791748 5.86593914031982 5.66105079650879 5.41832637786865 5.61773681640625 5.20855140686035 5.37937545776367 5.36216592788696 5.43660354614258 5.53346347808838 5.02635669708252
-3.4e+38 -3.4e+38 17.2857704162598 17.1359252929688 16.3524341583252 15.7885866165161 15.9821357727051 16.7069683074951 17.665397644043 18.6281566619873 19.4904518127441 19.9259357452393 18.2650489807129 14.5093631744385 10.9025278091431 9.07209396362305 6.67114353179932 5.40893220901489 5.00693225860596 4.86336803436279 4.82259464263916 4.78349781036377 4.78986978530884 4.76278972625732 4.77596139907837 4.88291215896606 4.73406267166138 4.71894502639771 4.84465360641479 5.16147470474243 5.65983390808105 5.91011381149292 6.08840465545654 6.12047100067139 6.12863683700562 5.82860326766968 5.6836109161377 5.54039335250854 5.2606406211853 4.98724174499512 4.92686080932617 4.7894172668457 4.70134544372559 4.66849136352539 4.72215461730957 4.74274682998657 4.59165382385254
-339999999999999996128486808808066248288.000000000000000 -3.4e+38 -3.4e+38 -3.4e+38 16.9860782623291 15.8990640640259 16.2907238006592 17.1356964111328 18.2095355987549 19.090950012207 19.8392944335938 19.2863426208496 15.0665798187256 11.2011461257935 9.05744552612305 7.40423250198364 5.66397714614868 5.09190988540649 4.83464384078979 4.72045087814331 4.70167303085327 4.62963962554932 4.62279939651489 4.64987802505493 4.71306562423706 4.74368858337402 4.68359899520874 4.82851409912109 4.61232614517212 4.93414783477783 5.22446823120117 5.28676986694336 5.50441884994507 5.6385669708252 5.58182907104492 5.35432243347168 5.23561382293701 4.97239065170288 4.84364223480225 4.68432188034058 4.56538105010986 4.50119924545288 4.43508434295654 4.41520500183105 4.42120409011841 4.42568635940552 4.43045282363892
-3.4e+38 -3.4e+38 -3.4e+38 -3.4e+38 16.840202331543 16.0010719299316 16.4970512390137 17.3971195220947 18.5014495849609 19.3198127746582 19.9870586395264 17.7986392974854 12.8982858657837 9.3202657699585 7.04695272445679 6.10427284240723 5.53898191452026 5.08924674987793 4.76894426345825 4.7206974029541 4.51725101470947 4.36761951446533 4.35918235778809 4.37272453308105 4.40654611587524 4.56524276733398 4.53899955749512 4.58611679077148 4.44230079650879 4.92290115356445 5.04558086395264 5.04386854171753 4.85680913925171 5.00329971313477 4.89562559127808 4.59202861785889 4.67446279525757 4.6034369468689 4.53233098983765 4.47500085830688 4.42010974884033 4.36344623565674 4.33696603775024 4.33709144592285 4.32835912704468 4.37988901138306 4.3706841468811
-3.4e+38 -3.4e+38 -3.4e+38 -3.4e+38 16.9290142059326 16.1537895202637 16.5291080474854 17.38210105896 18.4983711242676 19.3453483581543 20.0318031311035 15.9040718078613 10.5826463699341 8.13593578338623 6.23898887634277 5.67398118972778 5.19430255889893 4.89194774627686 4.45032024383545 4.38774871826172 4.33690881729126 4.33204984664917 4.33922672271729 4.33724308013916 4.32772445678711 4.3952751159668 4.5840802192688 4.28266096115112 4.2994122505188 4.55451440811157 4.8309326171875 4.6504602432251 4.58108234405518 4.60456800460815 4.56255054473877 4.55622816085815 4.52895259857178 4.48850297927856 4.41865682601929 4.38348722457886 4.33661222457886 4.31574773788452 4.30265760421753 4.30920791625977 4.31427049636841 4.31163740158081 4.31000804901123
-3.4e+38 -3.4e+38 -3.4e+38 -3.4e+38 18.1502819061279 16.4316730499268 16.442346572876 17.187047958374 18.2718353271484 19.2194156646729 20.0086898803711 15.6683835983276 10.1313819885254 7.58682060241699 6.00320291519165 5.07552194595337 4.79521751403809 4.60491752624512 4.39021492004395 4.33821964263916 4.28814744949341 4.28474283218384 4.32123899459839 4.33920526504517 4.32880401611328 4.39702463150024 4.70603895187378 4.63571548461914 4.40809011459351 4.50598192214966 4.4214243888855 4.36964273452759 4.40412902832031 4.38962888717651 4.42627239227295 4.43702459335327 4.4254035949707 4.37126970291138 4.32841634750366 4.30310487747192 4.29790258407593 4.28777074813843 4.28204154968262 4.28319311141968 4.30057621002197 4.31177043914795 4.3086895942688
-3.4e+38 -3.4e+38 -3.4e+38 -3.4e+38 18.2147789001465 16.8840103149414 16.4074058532715 16.9607086181641 17.9154434204102 18.9301929473877 19.8529205322266 18.0749816894531 10.9203624725342 7.17373991012573 5.79847955703735 4.89550018310547 4.44816017150879 4.37027883529663 4.3450756072998 4.30367517471313 4.2693657875061 4.27290487289429 4.28069448471069 4.29602813720703 4.33691930770874 4.37459135055542 4.43452072143555 4.4590048789978 4.4389123916626 4.41805791854858 4.33272647857666 4.33611297607422 4.36385583877563 4.34327936172485 4.31071710586548 4.32041549682617 4.30237770080566 4.29133558273315 4.28707408905029 4.28057098388672 4.28011846542358 4.2773871421814 4.34331798553467 4.27908706665039 4.28458976745605 4.28917074203491 4.29822826385498
-3.4e+38 -3.4e+38 -3.4e+38 -3.4e+38 18.2811222076416 17.5338611602783 16.678539276123 16.8969326019287 17.6057376861572 18.49049949646 19.4853496551514 19.8221664428711 13.1715822219849 7.09610652923584 5.38311529159546 4.90111064910889 4.49342489242554 4.36197280883789 4.33213567733765 4.27859115600586 4.27640676498413 4.27421855926514 4.27389621734619 4.2843861579895 4.29440832138062 4.28967332839966 4.29094934463501 4.27685499191284 4.28165435791016 4.2831597328186 4.27978610992432 4.28304147720337 4.27944946289062 4.26671266555786 4.26071929931641 4.28595733642578 4.29534244537354 4.28713321685791 4.28443098068237 4.30842685699463 4.28700256347656 4.29599666595459 4.32764053344727 4.34459161758423 4.32170724868774 4.29525279998779 4.33403015136719
-3.4e+38 -3.4e+38 -3.4e+38 -3.4e+38 -3.4e+38 17.4556846618652 17.0896987915039 17.0425052642822 17.5186252593994 18.2080421447754 19.0782260894775 19.9264583587646 16.1629791259766 7.33355808258057 5.41741800308228 4.87841367721558 4.52099227905273 4.36730718612671 4.3205623626709 4.28077030181885 4.2862548828125 4.28008842468262 4.27309036254883 4.27772521972656 4.28657722473145 4.28277015686035 4.26733207702637 4.25689554214478 4.26000165939331 4.26707077026367 4.25975751876831 4.26661443710327 4.27223587036133 4.26620578765869 4.28117179870605 4.27207851409912 4.27614307403564 4.27901124954224 4.27988767623901 4.28159236907959 4.3021125793457 4.32443904876709 4.30943012237549 4.27350616455078 4.32254219055176 4.35060501098633 4.3695387840271
-3.4e+38 -3.4e+38 -3.4e+38 -3.4e+38 -3.4e+38 19.0786247253418 17.4819240570068 17.3293018341064 17.6574516296387 18.2220115661621 18.9581813812256 19.7321147918701 16.8609447479248 7.75500822067261 5.60893964767456 4.88718843460083 4.59268522262573 4.40085744857788 4.32524061203003 4.288330078125 4.29428577423096 4.28411245346069 4.30142116546631 4.2935996055603 4.28513717651367 4.26608848571777 4.27578020095825 4.28670787811279 4.2891674041748 4.26349306106567 4.24972534179688 4.25169801712036 4.25309276580811 4.25720453262329 4.33702516555786 4.29857540130615 4.27657032012939 4.26744174957275 4.27286338806152 4.26878643035889 4.26220750808716 4.28300142288208 4.26494264602661 4.2589054107666 4.2972149848938 4.34310054779053 4.33702516555786
-3.4e+38 -3.4e+38 -3.4e+38 -3.4e+38 -3.4e+38 19.1719570159912 17.7449836730957 17.6494064331055 17.9749202728271 18.4541263580322 19.0888843536377 19.7456855773926 15.4094362258911 7.36996984481812 5.40480470657349 4.91416931152344 4.72584342956543 4.5270528793335 4.32762861251831 4.30014610290527 4.30034255981445 4.29394721984863 4.28130197525024 4.30180358886719 4.29086542129517 4.25899362564087 4.26843500137329 4.28723669052124 4.29505062103271 4.30798053741455 4.28646755218506 4.29582595825195 4.30649900436401 4.30214881896973 4.30528497695923 4.2975869178772 4.28927564620972 4.27470684051514 4.27532577514648 4.2643837928772 4.26550006866455 4.26430797576904 4.26107406616211 4.26459407806396 4.28002548217773 4.29342699050903 4.29358768463135
-3.4e+38 -3.4e+38 -3.4e+38 -3.4e+38 -3.4e+38 -3.4e+38 17.8794822692871 17.8978099822998 18.3223342895508 18.7422065734863 19.3568630218506 19.9356803894043 15.660120010376 7.95473623275757 5.51875257492065 4.95953369140625 4.98971652984619 4.6876745223999 4.35105848312378 4.31597280502319 4.28561449050903 4.26921510696411 4.29827880859375 4.32929086685181 4.34202814102173 4.2793231010437 4.26660966873169 4.32213354110718 4.31123828887939 4.25656795501709 4.22450876235962 4.22949695587158 4.24895095825195 4.27328968048096 4.25508165359497 4.24307060241699 4.28349256515503 4.28623962402344 4.27141284942627 4.26566219329834 4.26243162155151 4.2683482170105 4.27240943908691 4.27588033676147 4.27022886276245 4.24898958206177 4.25699806213379
-3.4e+38 -3.4e+38 -3.4e+38 -3.4e+38 -3.4e+38 -3.4e+38 18.1282825469971 18.1351699829102 18.6271781921387 19.0423583984375 19.7197189331055 20.147632598877 14.6676874160767 8.41940593719482 5.88567876815796 5.25134658813477 5.24717998504639 4.84567832946777 4.38270568847656 4.32520818710327 4.27933025360107 4.29006385803223 4.31391429901123 4.32233095169067 4.27248334884644 4.24249887466431 4.25291633605957 4.24230432510376 4.22182893753052 4.21438074111938 4.21433639526367 4.21590232849121 4.21675586700439 4.21732378005981 4.21873092651367 4.22174310684204 4.22798299789429 4.2405252456665 4.25770092010498 4.30013132095337 4.28855466842651 4.27844381332397 4.26604557037354 4.25320959091187 4.21940279006958 4.22544240951538 4.22903490066528
-3.4e+38 -3.4e+38 -3.4e+38 -3.4e+38 -3.4e+38 -3.4e+38 18.3296604156494 18.4478340148926 18.9592323303223 19.4361763000488 20.1695804595947 20.0555267333984 14.4141864776611 7.59143495559692 5.72171497344971 5.0246319770813 5.13731861114502 4.78428649902344 4.45109033584595 4.33069610595703 4.301833152771 4.31376314163208 4.29990148544312 4.25541543960571 4.22627019882202 4.22691106796265 4.22486257553101 4.22112846374512 4.22102069854736 4.22296905517578 4.22368097305298 4.22334718704224 4.22291851043701 4.22318649291992 4.22419834136963 4.22686052322388 4.22928237915039 4.23186683654785 4.23717069625854 4.24712514877319 4.25978231430054 4.26582431793213 4.28845834732056 4.30585193634033 4.26740312576294 4.25906038284302 4.23277378082275
-3.4e+38 -3.4e+38 -3.4e+38 -3.4e+38 -3.4e+38 18.8635578155518 18.3290901184082 18.8656692504883 19.374979019165 19.8922576904297 20.4378700256348 19.5168972015381 12.7596597671509 6.69523620605469 5.1948447227478 4.95870780944824 4.9467306137085 4.75683879852295 4.47793865203857 4.32596063613892 4.30128812789917 4.26767015457153 4.22324371337891 4.2219181060791 4.2248969078064 4.2261176109314 4.22653436660767 4.22823524475098 4.23208904266357 4.2352499961853 4.23527526855469 4.23183441162109 4.22910499572754 4.2286205291748 4.22906541824341 4.23067045211792 4.23211193084717 4.23335790634155 4.23556900024414 4.23653650283813 4.23357820510864 4.22969961166382 4.22839641571045 4.23320198059082 4.23339605331421 4.22621917724609 4.2313117980957
-3.4e+38 -3.4e+38 -3.4e+38 -3.4e+38 19.1265392303467 18.7896213531494 18.4974060058594 19.3711357116699 19.8693199157715 20.4031734466553 20.5459098815918 17.6357040405273 10.9382886886597 6.01126861572266 5.10196256637573 4.99576950073242 4.92962646484375 4.65647077560425 4.40360069274902 4.32162666320801 4.30554485321045 4.2204327583313 4.22166728973389 4.22922468185425 4.23330688476562 4.23419523239136 4.23493432998657 4.23747491836548 4.24115085601807 4.24479818344116 4.2450385093689 4.23951625823975 4.23369216918945 4.23137426376343 4.23119974136353 4.23221731185913 4.23342895507812 4.23444414138794 4.23555517196655 4.23578643798828 4.2356162071228 4.23529148101807 4.23253726959229 4.233473777771 4.23079967498779 4.2296347618103 4.23251819610596
