Ecospace-environmental-drivers/Outputs/ASCII-for-ecospace/Temp-bot/Temp-bot_X2010.04.asc
NCOLS 131 
NROWS 53 
XLLCORNER -98 
YLLCORNER 23.9265270233154 
CELLSIZE 0.133587792515755 
NODATA_value -3.4e+38 
[rows 0 to 20 of 53, columns 47 to 93 of 131]
-3.4e+38 -3.4e+38 -3.4e+38 -3.4e+38 -3.4e+38 -3.4e+38 -3.4e+38 -3.4e+38 -3.4e+38 -3.4e+38 -3.4e+38 -3.4e+38 -3.4e+38 -3.4e+38 -3.4e+38 -3.4e+38 -3.4e+38 -3.4e+38 -3.4e+38 -3.4e+38 -3.4e+38 -3.4e+38 -3.4e+38 -3.4e+38 -3.4e+38 -3.4e+38 -3.4e+38 -3.4e+38 -3.4e+38 -3.4e+38 -3.4e+38 -3.4e+38 -3.4e+38 -3.4e+38 -3.4e+38 -3.4e+38 -3.4e+38 -3.4e+38 -3.4e+38 -3.4e+38 -3.4e+38 -3.4e+38 -3.4e+38 -3.4e+38 -3.4e+38 -3.4e+38 -3.4e+38
-3.4e+38 -3.4e+38 -3.4e+38 -3.4e+38 -3.4e+38 -3.4e+38 -3.4e+38 -3.4e+38 -3.4e+38 -3.4e+38 -3.4e+38 -3.4e+38 -3.4e+38 -3.4e+38 -3.4e+38 -3.4e+38 -3.4e+38 -3.4e+38 -3.4e+38 -3.4e+38 -3.4e+38 -3.4e+38 -3.4e+38 -3.4e+38 -3.4e+38 -3.4e+38 -3.4e+38 -3.4e+38 -3.4e+38 -3.4e+38 -3.4e+38 -3.4e+38 -3.4e+38 -3.4e+38 -3.4e+38 -3.4e+38 -3.4e+38 -3.4e+38 -3.4e+38 -3.4e+38 -3.4e+38 -3.4e+38 -3.4e+38 -3.4e+38 -3.4e+38 -3.4e+38 -3.4e+38
-3.4e+38 -3.4e+38 -3.4e+38 -3.4e+38 -3.4e+38 -3.4e+38 -3.4e+38 -3.4e+38 -3.4e+38 -3.4e+38 -3.4e+38 -3.4e+38 -3.4e+38 -3.4e+38 -3.4e+38 -3.4e+38 -3.4e+38 -3.4e+38 -3.4e+38 -3.4e+38 -3.4e+38 -3.4e+38 -3.4e+38 -3.4e+38 -3.4e+38 -3.4e+38 -3.4e+38 23.4110450744629 23.4761161804199 -3.4e+38 -3.4e+38 -3.4e+38 -3.4e+38 -3.4e+38 -3.4e+38 -3.4e+38 -3.4e+38 -3.4e+38 -3.4e+38 -3.4e+38 -3.4e+38 -3.4e+38 -3.4e+38 -3.4e+38 -3.4e+38 -3.4e+38 -3.4e+38
-3.4e+38 -3.4e+38 -3.4e+38 -3.4e+38 -3.4e+38 -3.4e+38 -3.4e+38 -3.4e+38 -3.4e+38 -3.4e+38 -3.4e+38 -3.4e+38 -3.4e+38 -3.4e+38 -3.4e+38 -3.4e+38 -3.4e+38 -3.4e+38 -3.4e+38 -3.4e+38 -3.4e+38 -3.4e+38 -3.4e+38 -3.4e+38 -3.4e+38 -3.4e+38 -3.4e+38 23.2310390472412 23.2105693817139 -3.4e+38 -3.4e+38 -3.4e+38 -3.4e+38 -3.4e+38 -3.4e+38 -3.4e+38 -3.4e+38 -3.4e+38 -3.4e+38 -3.4e+38 -3.4e+38 -3.4e+38 -3.4e+38 -3.4e+38 -3.4e+38 -3.4e+38 -3.4e+38
-3.4e+38 -3.4e+38 -3.4e+38 -3.4e+38 -3.4e+38 -3.4e+38 -3.4e+38 -3.4e+38 -3.4e+38 23.911735534668 23.911735534668 23.9073009490967 23.8095245361328 -3.4e+38 -3.4e+38 -3.4e+38 -3.4e+38 -3.4e+38 23.1562080383301 23.1402683258057 23.2739925384521 23.3499221801758 23.4099750518799 23.6125831604004 23.5969791412354 23.5269298553467 23.3675270080566 23.0948066711426 23.3054695129395 23.9101524353027 -3.4e+38 -3.4e+38 20.6235980987549 20.314474105835 20.8111095428467 20.507495880127 20.1377372741699 20.9230098724365 21.1296558380127 20.0036449432373 20.5005207061768 20.2500953674316 -3.4e+38 -3.4e+38 -3.4e+38 -3.4e+38 -3.4e+38
-3.4e+38 -3.4e+38 -3.4e+38 -3.4e+38 -3.4e+38 -3.4e+38 -3.4e+38 -3.4e+38 23.911735534668 23.911735534668 23.911735534668 23.911735534668 23.902868270874 23.7947254180908 23.6287651062012 -3.4e+38 23.444128036499 23.4553337097168 23.1470966339111 22.8821334838867 22.6582088470459 22.6338481903076 22.9971446990967 23.0058059692383 22.878210067749 22.6064605712891 22.5185890197754 22.7921657562256 23.1205902099609 23.8322620391846 21.4870681762695 21.1192378997803 20.7630290985107 19.988525390625 19.6952304840088 19.4916801452637 19.3761119842529 19.3419818878174 19.3646831512451 19.4480056762695 19.6636734008789 20.169506072998 20.6666793823242 20.9384002685547 -3.4e+38 -3.4e+38 -3.4e+38
-3.4e+38 -3.4e+38 -3.4e+38 -3.4e+38 -3.4e+38 -3.4e+38 -3.4e+38 -3.4e+38 23.912561416626 23.911735534668 23.911735534668 23.911735534668 23.911735534668 23.8940010070801 23.7444038391113 23.6287651062012 23.4579391479492 23.2344760894775 23.0393505096436 22.7139415740967 22.0563278198242 21.7396144866943 21.2607765197754 21.0864963531494 20.9828872680664 20.7439842224121 20.5479793548584 20.7013378143311 20.7219409942627 20.5948600769043 20.2069263458252 19.3680477142334 19.0854587554932 18.7747573852539 18.6208305358887 18.18115234375 17.8065929412842 17.9650440216064 18.1338386535645 18.1871147155762 18.2580070495605 18.6248607635498 19.3244915008545 20.1127090454102 20.662425994873 20.70237159729 -3.4e+38
-3.4e+38 -3.4e+38 -3.4e+38 -3.4e+38 -3.4e+38 -3.4e+38 -3.4e+38 -3.4e+38 -3.4e+38 -3.4e+38 23.911735534668 23.911735534668 23.911735534668 -3.4e+38 23.8762645721436 23.5608520507812 23.5038642883301 23.3848743438721 23.2307834625244 22.9462280273438 22.5093059539795 22.1583499908447 20.9727420806885 20.0175952911377 19.2695045471191 18.8887920379639 18.8343524932861 19.1645603179932 19.2911376953125 18.8142681121826 18.1618957519531 17.9453620910645 18.120304107666 18.1490612030029 17.6427459716797 16.591459274292 16.4428329467773 17.0147914886475 17.4003715515137 17.513858795166 17.6125469207764 17.8072910308838 18.3286380767822 18.9203510284424 19.7292232513428 20.7170295715332 21.7008075714111
-3.4e+38 -3.4e+38 -3.4e+38 -3.4e+38 -3.4e+38 -3.4e+38 -3.4e+38 -3.4e+38 -3.4e+38 -3.4e+38 -3.4e+38 -3.4e+38 -3.4e+38 -3.4e+38 23.8222026824951 23.6094169616699 23.5597133636475 23.467264175415 23.3073024749756 23.224084854126 22.9869918823242 22.5954055786133 20.8393535614014 19.4401035308838 17.8837394714355 17.3291549682617 17.4310150146484 17.5724582672119 17.6426219940186 17.4398899078369 17.4367618560791 17.7128829956055 17.9148273468018 17.2304744720459 15.8199453353882 14.616888999939 14.8225927352905 16.1420021057129 17.1212978363037 17.4622440338135 17.5781021118164 17.6644649505615 17.804292678833 18.1183528900146 18.6773090362549 19.5394420623779 20.8667430877686
23.8359413146973 -3.4e+38 -3.4e+38 -3.4e+38 -3.4e+38 -3.4e+38 -3.4e+38 -3.4e+38 -3.4e+38 -3.4e+38 23.963399887085 23.9340209960938 -3.4e+38 -3.4e+38 -3.4e+38 23.6382522583008 23.7525501251221 23.6391696929932 23.4086055755615 23.3235301971436 23.1649780273438 22.199239730835 20.4839553833008 19.0545711517334 17.270112991333 16.9610595703125 17.0986404418945 17.2454376220703 17.2409534454346 17.2642974853516 17.519947052002 17.6523246765137 17.2898788452148 15.0457420349121 13.6311492919922 13.733757019043 14.1099472045898 14.6139612197876 15.479679107666 16.7202739715576 17.4045372009277 17.6823673248291 17.7989921569824 17.9668045043945 18.44557762146 19.1013774871826 20.1057834625244
23.5715961456299 23.7186851501465 -3.4e+38 -3.4e+38 -3.4e+38 -3.4e+38 -3.4e+38 -3.4e+38 -3.4e+38 -3.4e+38 23.9922504425049 23.9827613830566 23.9563045501709 -3.4e+38 -3.4e+38 23.4886856079102 23.5184078216553 23.7086353302002 23.5628471374512 23.329891204834 22.6868991851807 21.2312469482422 20.1765842437744 18.5399646759033 16.8635730743408 16.9152641296387 17.0992336273193 17.2183361053467 17.3196144104004 17.3942890167236 17.4696388244629 17.327657699585 16.7305717468262 12.4087724685669 11.1000366210938 11.365870475769 12.4899520874023 13.2213010787964 14.1023998260498 15.1893882751465 16.6650867462158 17.3101062774658 17.6812953948975 18.0328750610352 18.5313510894775 19.0556735992432 19.8513793945312
23.4657077789307 23.5869178771973 23.6857757568359 23.7095470428467 -3.4e+38 -3.4e+38 -3.4e+38 -3.4e+38 -3.4e+38 -3.4e+38 -3.4e+38 24.0170116424561 23.9872093200684 23.9563045501709 23.4873123168945 23.3477630615234 23.7607364654541 23.682674407959 23.4116325378418 22.5909576416016 21.0843639373779 20.1152248382568 18.9517955780029 16.8380947113037 16.7475357055664 16.9240341186523 17.0952892303467 17.1695194244385 17.153751373291 17.1586647033691 17.1069107055664 16.0984859466553 11.6666126251221 9.33978271484375 8.6017541885376 8.36143016815186 8.86312675476074 10.1859445571899 12.0631942749023 13.6593141555786 14.9886846542358 16.7452793121338 17.3985404968262 17.9823246002197 18.4895515441895 19.1076774597168 19.538932800293
22.6103534698486 23.2089347839355 23.5672378540039 23.8756294250488 -3.4e+38 -3.4e+38 -3.4e+38 -3.4e+38 24.0266342163086 24.0312995910645 23.9097366333008 23.7709407806396 24.1242866516113 23.8810367584229 22.6232242584229 22.2961902618408 22.9553375244141 22.8576889038086 22.939920425415 21.6437587738037 19.4765968322754 17.8548259735107 16.7344093322754 16.6211643218994 16.6615982055664 16.6509284973145 16.6219215393066 16.0663871765137 15.7321434020996 15.0423517227173 12.2106027603149 8.72984313964844 6.90553092956543 6.93907642364502 6.63740730285645 6.34065389633179 8.28940105438232 9.06800556182861 9.93955612182617 11.6098337173462 13.103645324707 14.480975151062 16.1384620666504 17.1774349212646 17.5885639190674 17.915153503418 18.1555767059326
21.9571876525879 22.2024307250977 22.6655158996582 23.3064136505127 23.628885269165 23.6017837524414 23.7016143798828 23.802453994751 23.8720760345459 23.7909164428711 23.7937660217285 23.9960823059082 23.0308322906494 21.708667755127 20.7928371429443 21.4861793518066 22.8179721832275 23.1267795562744 22.7235221862793 20.8077354431152 19.6159324645996 16.7184104919434 16.4741458892822 16.0650253295898 15.1554718017578 14.2414608001709 11.9764680862427 9.6085033416748 8.11093902587891 6.39346790313721 5.24092388153076 4.92831897735596 5.03264904022217 5.60682392120361 5.79425144195557 6.23560428619385 8.0080099105835 9.17272186279297 9.95020389556885 10.7781324386597 11.8127460479736 13.003005027771 14.1008577346802 14.999116897583 16.5095825195312 16.9764175415039 17.3567295074463
21.652193069458 21.7066421508789 22.052942276001 22.6544132232666 23.1389408111572 23.3215961456299 23.504467010498 23.506628036499 23.3857231140137 23.0919914245605 22.8013572692871 21.6882991790771 20.7323627471924 19.7059192657471 18.737886428833 19.3424301147461 20.8508834838867 23.8143424987793 23.4544696807861 21.2277011871338 17.2957706451416 15.931342124939 14.8867082595825 10.9820804595947 8.75797367095947 7.50955152511597 5.64025449752808 5.00486278533936 4.6851954460144 4.41129207611084 4.38805627822876 4.39328098297119 4.47679376602173 5.11575603485107 5.62260770797729 6.50542211532593 8.1801815032959 9.36767673492432 10.1228828430176 10.8971538543701 11.457293510437 12.4659576416016 13.3556280136108 13.9557209014893 14.6098575592041 15.8495817184448 17.1548480987549
20.7074394226074 20.9819622039795 21.4495391845703 21.8731231689453 21.9003238677979 21.8566055297852 21.8752384185791 21.8021831512451 21.6058101654053 21.1674213409424 20.738790512085 20.0798034667969 19.2784671783447 18.2202892303467 17.1705722808838 17.034948348999 17.9859085083008 19.9447994232178 18.0172538757324 17.158073425293 14.9739227294922 11.450083732605 9.20836544036865 7.49899625778198 5.81432580947876 5.09807538986206 4.78039789199829 4.38969898223877 4.32302761077881 4.30698013305664 4.29930973052979 4.2943868637085 4.40896844863892 5.09853982925415 5.83993005752563 6.83083200454712 8.23108863830566 9.2617073059082 10.2116661071777 11.0011434555054 11.5887804031372 12.1228713989258 12.9919013977051 13.6687259674072 14.2728061676025 14.6195287704468 15.9137649536133
20.0510940551758 20.2562999725342 20.5772819519043 21.056282043457 21.2515125274658 21.0931930541992 20.8565521240234 20.6986331939697 20.6519050598145 20.388916015625 19.9731750488281 18.805383682251 17.8759078979492 17.0016689300537 16.5278339385986 16.4907894134521 16.575870513916 16.4480266571045 15.723593711853 12.5387287139893 8.52338123321533 6.32194137573242 5.54052448272705 5.16649770736694 4.84712409973145 4.60207557678223 4.40291166305542 4.3203239440918 4.29714393615723 4.29171895980835 4.28568410873413 4.30500268936157 4.4863018989563 5.10697793960571 5.72832345962524 6.56092357635498 7.79216146469116 8.70161533355713 9.99990177154541 10.7738628387451 11.5296392440796 12.1130247116089 12.9914350509644 13.4321718215942 13.79310131073 14.4841384887695 15.0413951873779
19.3944931030273 19.6001720428467 19.8467254638672 20.20827293396 20.5291576385498 20.6049041748047 20.5107727050781 20.4201507568359 20.3178863525391 19.9301300048828 19.1198577880859 17.3657035827637 16.0286521911621 14.1547527313232 15.1025342941284 16.1955184936523 16.1247386932373 15.5431108474731 13.5054597854614 8.7247314453125 5.81824207305908 5.04845476150513 4.8534369468689 4.49287557601929 4.40379905700684 4.34906339645386 4.30344009399414 4.28714942932129 4.28479719161987 4.29254341125488 4.29228162765503 4.32019567489624 4.4877724647522 4.96420049667358 5.46106481552124 6.0099458694458 6.64257669448853 7.81688165664673 8.92115306854248 10.1130151748657 11.2101249694824 12.0535402297974 12.4861764907837 13.2065439224243 13.6875839233398 14.1284456253052 14.6531963348389
18.4278316497803 18.6131401062012 18.8180732727051 19.0857124328613 19.3631629943848 19.5259628295898 19.5684108734131 19.4444522857666 19.1019916534424 18.5064735412598 17.9766273498535 17.2822017669678 16.1060638427734 10.767894744873 8.35555553436279 9.71762847900391 10.3955717086792 11.079216003418 9.54512882232666 7.1440749168396 5.63585615158081 5.00335836410522 4.48007488250732 4.37186527252197 4.30039215087891 4.29190683364868 4.2751088142395 4.28132200241089 4.29349184036255 4.2961254119873 4.30087280273438 4.29450941085815 4.40151643753052 4.83951568603516 5.15250492095947 5.63397932052612 6.09276390075684 6.60246276855469 7.44561529159546 8.78893756866455 9.9503231048584 10.6749181747437 11.4775848388672 12.0940036773682 12.8269491195679 13.6181507110596 14.1760635375977
17.5635967254639 17.627269744873 17.7538032531738 17.9328918457031 18.1511306762695 18.3030471801758 18.2532939910889 18.1663703918457 18.0398464202881 17.8113384246826 17.6384010314941 17.3517780303955 16.814546585083 12.7035875320435 8.72176933288574 6.2160792350769 6.10196256637573 6.52206134796143 6.51286602020264 5.77074193954468 4.94612264633179 4.70185899734497 4.41942548751831 4.33309268951416 4.28907251358032 4.29094171524048 4.27072191238403 4.28408288955688 4.29550743103027 4.29443597793579 4.30760097503662 4.30242109298706 4.29543733596802 4.48853397369385 4.87515068054199 5.21243095397949 5.49206495285034 5.95727348327637 6.4913854598999 7.19903039932251 8.24860000610352 9.53544902801514 9.98255825042725 10.7085847854614 11.4325723648071 12.1571760177612 13.1422719955444
17.391263961792 17.3466815948486 17.3744125366211 17.4141159057617 17.4377746582031 17.4468898773193 17.3783416748047 17.3770904541016 17.4334011077881 17.4197196960449 17.2968826293945 17.1515026092529 15.8909511566162 12.5114812850952 8.39582443237305 5.77968692779541 5.32164764404297 5.33508110046387 5.40983057022095 4.97602987289429 4.8012170791626 4.43938827514648 4.33957433700562 4.31024980545044 4.30221033096313 4.29638147354126 4.27713441848755 4.2836275100708 4.28993701934814 4.29220724105835 4.30217838287354 4.30462408065796 4.29485034942627 4.28339147567749 4.32959032058716 4.38860464096069 4.63093137741089 5.05715942382812 5.65257787704468 6.1521430015564 6.78733730316162 7.59215116500854 8.1999683380127 8.89494514465332 9.4609956741333 10.2035350799561 11.0316562652588
