Ecospace-environmental-drivers/Outputs/ASCII-for-ecospace/Temp-bot/Temp-bot_X2012.09.asc
NCOLS 131 
NROWS 53 
XLLCORNER -98 
YLLCORNER 23.9265270233154 
CELLSIZE 0.133587792515755 
NODATA_value -3.4e+38 
[rows 0 to 20 of 53, columns 47 to 93 of 131]
-3.4e+38 -3.4e+38 -3.4e+38 -3.4e+38 -3.4e+38 -3.4e+38 -3.4e+38 -3.4e+38 -3.4e+38 -3.4e+38 -3.4e+38 -3.4e+38 -3.4e+38 -3.4e+38 -3.4e+38 -3.4e+38 -3.4e+38 -3.4e+38 -3.4e+38 -3.4e+38 -3.4e+38 -3.4e+38 -3.4e+38 -3.4e+38 -3.4e+38 -3.4e+38 -3.4e+38 -3.4e+38 -3.4e+38 -3.4e+38 -3.4e+38 -3.4e+38 -3.4e+38 -3.4e+38 -3.4e+38 -3.4e+38 -3.4e+38 -3.4e+38 -3.4e+38 -3.4e+38 -3.4e+38 -3.4e+38 -3.4e+38 -3.4e+38 -3.4e+38 -3.4e+38 -3.4e+38
-3.4e+38 -3.4e+38 -3.4e+38 -3.4e+38 -3.4e+38 -3.4e+38 -3.4e+38 -3.4e+38 -3.4e+38 -3.4e+38 -3.4e+38 -3.4e+38 -3.4e+38 -3.4e+38 -3.4e+38 -3.4e+38 -3.4e+38 -3.4e+38 -3.4e+38 -3.4e+38 -3.4e+38 -3.4e+38 -3.4e+38 -3.4e+38 -3.4e+38 -3.4e+38 -3.4e+38 -3.4e+38 -3.4e+38 -3.4e+38 -3.4e+38 -3.4e+38 -3.4e+38 -3.4e+38 -3.4e+38 -3.4e+38 -3.4e+38 -3.4e+38 -3.4e+38 -3.4e+38 -3.4e+38 -3.4e+38 -3.4e+38 -3.4e+38 -3.4e+38 -3.4e+38 -3.4e+38
-3.4e+38 -3.4e+38 -3.4e+38 -3.4e+38 -3.4e+38 -3.4e+38 -3.4e+38 -3.4e+38 -3.4e+38 -3.4e+38 -3.4e+38 -3.4e+38 -3.4e+38 -3.4e+38 -3.4e+38 -3.4e+38 -3.4e+38 -3.4e+38 -3.4e+38 -3.4e+38 -3.4e+38 -3.4e+38 -3.4e+38 -3.4e+38 -3.4e+38 -3.4e+38 -3.4e+38 28.8919010162354 28.9384994506836 -3.4e+38 -3.4e+38 -3.4e+38 -3.4e+38 -3.4e+38 -3.4e+38 -3.4e+38 -3.4e+38 -3.4e+38 -3.4e+38 -3.4e+38 -3.4e+38 -3.4e+38 -3.4e+38 -3.4e+38 -3.4e+38 -3.4e+38 -3.4e+38
-3.4e+38 -3.4e+38 -3.4e+38 -3.4e+38 -3.4e+38 -3.4e+38 -3.4e+38 -3.4e+38 -3.4e+38 -3.4e+38 -3.4e+38 -3.4e+38 -3.4e+38 -3.4e+38 -3.4e+38 -3.4e+38 -3.4e+38 -3.4e+38 -3.4e+38 -3.4e+38 -3.4e+38 -3.4e+38 -3.4e+38 -3.4e+38 -3.4e+38 -3.4e+38 -3.4e+38 28.9703750610352 28.9603061676025 -3.4e+38 -3.4e+38 -3.4e+38 -3.4e+38 -3.4e+38 -3.4e+38 -3.4e+38 -3.4e+38 -3.4e+38 -3.4e+38 -3.4e+38 -3.4e+38 -3.4e+38 -3.4e+38 -3.4e+38 -3.4e+38 -3.4e+38 -3.4e+38
-3.4e+38 -3.4e+38 -3.4e+38 -3.4e+38 -3.4e+38 -3.4e+38 -3.4e+38 -3.4e+38 -3.4e+38 29.3557586669922 29.3557586669922 29.3531799316406 29.3204116821289 -3.4e+38 -3.4e+38 -3.4e+38 -3.4e+38 -3.4e+38 29.0476779937744 29.072395324707 29.083667755127 29.0731391906738 29.0605869293213 29.1578216552734 29.1628322601318 29.0963306427002 29.02734375 28.8940143585205 29.0210742950439 29.3664627075195 -3.4e+38 -3.4e+38 28.1617240905762 28.188549041748 28.4167156219482 28.2475757598877 28.1334495544434 28.3333854675293 28.4224624633789 28.2579975128174 28.3854541778564 28.280237197876 -3.4e+38 -3.4e+38 -3.4e+38 -3.4e+38 -3.4e+38
-3.4e+38 -3.4e+38 -3.4e+38 -3.4e+38 -3.4e+38 -3.4e+38 -3.4e+38 -3.4e+38 29.3557586669922 29.3557586669922 29.3557586669922 29.3557586669922 29.3506031036377 29.3159942626953 29.2592945098877 -3.4e+38 29.1946868896484 29.1871509552002 29.0173377990723 28.9138278961182 28.7693176269531 28.6972770690918 28.7864189147949 28.7799320220947 28.7321796417236 28.6248340606689 28.5993003845215 28.6849784851074 28.9535064697266 29.3125438690186 28.2440166473389 28.1607494354248 28.187593460083 28.1368312835693 28.0130577087402 27.8951988220215 27.8978023529053 27.9380416870117 27.9946403503418 28.0673179626465 28.1353893280029 28.2446804046631 28.3554248809814 28.4624671936035 -3.4e+38 -3.4e+38 -3.4e+38
-3.4e+38 -3.4e+38 -3.4e+38 -3.4e+38 -3.4e+38 -3.4e+38 -3.4e+38 -3.4e+38 29.359827041626 29.3557586669922 29.3557586669922 29.3557586669922 29.3557586669922 29.3454475402832 29.3034744262695 29.2592945098877 29.2063503265381 29.1259498596191 28.9745655059814 28.7251319885254 28.3546962738037 28.2269020080566 27.9840869903564 27.9587230682373 27.988655090332 27.9225406646729 27.8463439941406 27.9098720550537 27.8860836029053 27.9137191772461 27.896411895752 27.8612957000732 27.825704574585 27.7872447967529 27.5622596740723 26.4758167266846 24.9481048583984 25.692533493042 26.4619903564453 26.7555160522461 26.9504871368408 27.4793510437012 27.9669857025146 28.1958045959473 28.219913482666 28.146110534668 -3.4e+38
-3.4e+38 -3.4e+38 -3.4e+38 -3.4e+38 -3.4e+38 -3.4e+38 -3.4e+38 -3.4e+38 -3.4e+38 -3.4e+38 29.3557586669922 29.3557586669922 29.3557586669922 -3.4e+38 29.3351364135742 29.2637042999268 29.2704753875732 29.2607192993164 29.0967998504639 28.8387031555176 28.599781036377 28.589635848999 28.0577220916748 27.9195327758789 27.8080940246582 27.745153427124 27.7244815826416 27.7850360870361 27.7877006530762 27.7444438934326 27.7545852661133 27.8057918548584 27.769287109375 27.1122303009033 25.0946922302246 20.4901065826416 19.3345890045166 20.6810245513916 22.909839630127 23.9379768371582 24.8501987457275 26.2291622161865 27.41579246521 27.9379844665527 28.1200656890869 28.1194305419922 28.1250324249268
-3.4e+38 -3.4e+38 -3.4e+38 -3.4e+38 -3.4e+38 -3.4e+38 -3.4e+38 -3.4e+38 -3.4e+38 -3.4e+38 -3.4e+38 -3.4e+38 -3.4e+38 -3.4e+38 29.3333988189697 29.3028144836426 29.2736320495605 29.3145065307617 29.1434173583984 29.0321445465088 28.8806819915771 28.7219314575195 28.1052989959717 27.9041767120361 27.3111953735352 27.0481739044189 27.2580661773682 27.5181369781494 27.6882667541504 27.7078876495361 27.7355403900146 27.69411277771 27.050952911377 22.9135894775391 19.0285701751709 17.0680198669434 17.5019645690918 18.8893508911133 20.2609176635742 21.4810371398926 22.7197952270508 25.1462478637695 26.6338195800781 27.3325500488281 27.8508377075195 28.049690246582 28.0507736206055
29.9704513549805 -3.4e+38 -3.4e+38 -3.4e+38 -3.4e+38 -3.4e+38 -3.4e+38 -3.4e+38 -3.4e+38 -3.4e+38 29.537971496582 29.4656066894531 -3.4e+38 -3.4e+38 -3.4e+38 29.262357711792 29.2421016693115 29.2611064910889 29.1963996887207 29.099494934082 28.999626159668 28.4852256774902 28.1542205810547 27.8782234191895 26.888484954834 26.7696399688721 27.0332260131836 27.368860244751 27.5361099243164 27.5160961151123 27.4822101593018 26.6006832122803 23.7227478027344 17.3721523284912 15.7445344924927 16.1078948974609 16.7919654846191 17.3071632385254 18.0876731872559 19.479118347168 21.4798851013184 24.9683933258057 26.2743835449219 26.9925899505615 27.6242809295654 27.9653453826904 28.0893039703369
29.746129989624 29.8433361053467 -3.4e+38 -3.4e+38 -3.4e+38 -3.4e+38 -3.4e+38 -3.4e+38 -3.4e+38 -3.4e+38 29.6222152709961 29.593334197998 29.5754528045654 -3.4e+38 -3.4e+38 29.1845054626465 29.2489643096924 29.4084091186523 29.2843151092529 29.0993461608887 28.7031860351562 28.2654876708984 28.1676902770996 27.6280403137207 26.4069271087646 26.6331424713135 27.0108299255371 27.1792736053467 27.1721782684326 27.0369663238525 26.252046585083 24.5489826202393 21.02028465271 14.1328821182251 13.1558694839478 13.6426124572754 14.8086681365967 15.7647552490234 16.660608291626 17.657377243042 19.7411575317383 22.1808242797852 25.0203247070312 26.9647331237793 27.6702423095703 27.9669036865234 28.1830368041992
29.6021671295166 29.7140789031982 29.7232856750488 29.7421646118164 -3.4e+38 -3.4e+38 -3.4e+38 -3.4e+38 -3.4e+38 -3.4e+38 -3.4e+38 29.6151275634766 29.5813503265381 29.5754528045654 29.2912578582764 29.1958980560303 29.4191017150879 29.32737159729 29.2089710235596 28.7374000549316 28.2037601470947 28.0766620635986 27.6102981567383 26.048526763916 25.7879734039307 26.0565910339355 26.09104347229 25.8957405090332 24.983943939209 24.4472999572754 23.8823337554932 21.1011199951172 13.4999141693115 11.224684715271 10.3684730529785 9.73500442504883 10.582465171814 12.1121683120728 14.3028879165649 16.0959644317627 17.5290470123291 19.8679504394531 22.5019874572754 25.8603515625 27.5019760131836 27.9969596862793 28.2175273895264
29.0417366027832 29.3639163970947 29.6256122589111 29.8775959014893 -3.4e+38 -3.4e+38 -3.4e+38 -3.4e+38 29.7475109100342 29.6671009063721 29.5357151031494 29.4730548858643 29.6945419311523 29.4740562438965 28.9310188293457 28.8061408996582 29.0719738006592 28.9073352813721 29.0559158325195 28.5985774993896 27.8444557189941 26.5249080657959 25.3173522949219 25.0841522216797 24.9987258911133 24.249885559082 22.3453216552734 19.8526210784912 19.0903034210205 18.2484226226807 14.2551937103271 9.97596645355225 7.80775117874146 7.78523015975952 7.26584768295288 6.9416127204895 9.19991016387939 10.480034828186 11.5516271591187 13.5665464401245 15.4270315170288 16.9479827880859 19.2846221923828 22.0401439666748 23.6568470001221 24.7111053466797 25.6128578186035
28.8069019317627 28.7561588287354 28.8477802276611 29.229700088501 29.5784549713135 29.5515804290771 29.5841903686523 29.6325664520264 29.6523132324219 29.5507850646973 29.5400428771973 29.5992088317871 28.9957675933838 28.4698257446289 28.1829986572266 28.4372253417969 29.0603561401367 29.2804546356201 29.0895900726318 28.1989459991455 28.0565547943115 24.4202938079834 23.4249153137207 21.1513996124268 17.4763927459717 15.8484840393066 13.0345325469971 10.5807695388794 8.94395160675049 7.15112686157227 5.55037832260132 5.04700613021851 5.1777081489563 5.9348931312561 6.2994909286499 6.79342031478882 8.53149795532227 10.3108768463135 11.2614603042603 11.9925622940063 13.6489334106445 15.0555448532104 16.4346160888672 17.5753288269043 19.8004951477051 21.1395492553711 22.7380428314209
28.8444290161133 28.6758575439453 28.6934375762939 28.9846248626709 29.2503356933594 29.2065773010254 29.31565284729 29.3103485107422 29.2106113433838 29.0554523468018 28.9815521240234 28.3676795959473 28.1744174957275 27.8544692993164 27.4010791778564 27.743932723999 28.2812805175781 29.6433925628662 29.6239013671875 28.5175514221191 25.695671081543 19.6887359619141 17.062931060791 12.1294536590576 9.8287353515625 8.08616256713867 5.98127841949463 5.21216535568237 4.8114447593689 4.49175262451172 4.43024444580078 4.427903175354 4.51571035385132 5.14471340179443 5.91966533660889 6.96509456634521 8.28557205200195 10.4392614364624 11.0789318084717 11.8388681411743 12.7028684616089 14.083291053772 15.28284740448 16.3584613800049 17.2814464569092 18.6216316223145 21.8581027984619
28.6499366760254 28.591136932373 28.5492935180664 28.7114963531494 28.7512111663818 28.6193962097168 28.5704040527344 28.5936145782471 28.5504856109619 28.4349918365479 28.270133972168 28.0204162597656 27.4629287719727 26.5912265777588 25.3944969177246 24.932035446167 26.188570022583 27.690092086792 25.6536197662354 23.8311996459961 17.8199710845947 12.8525609970093 10.2872362136841 8.20448303222656 6.09616327285767 5.18371200561523 4.81711721420288 4.41969680786133 4.318763256073 4.29023313522339 4.28558015823364 4.29541873931885 4.41925096511841 5.10877370834351 6.12861394882202 7.10536098480225 8.46604537963867 9.91304302215576 10.9971046447754 11.7470445632935 12.6135311126709 13.2445545196533 14.3276033401489 15.6139783859253 16.7876224517822 17.4019718170166 19.1392345428467
28.4329681396484 28.4823970794678 28.5047988891602 28.5250625610352 28.6512622833252 28.5543193817139 28.4236392974854 28.3847141265869 28.3626537322998 28.3480472564697 28.0109348297119 27.1772041320801 26.1513690948486 24.936544418335 23.409158706665 22.6026821136475 22.5102043151855 22.1263561248779 18.6425151824951 14.0197048187256 9.83718490600586 6.97708320617676 5.87448024749756 5.26309776306152 4.8212308883667 4.58741998672485 4.42180204391479 4.2951979637146 4.28068685531616 4.28299760818481 4.28624773025513 4.30459642410278 4.45586204528809 5.07918310165405 5.95366048812866 7.06353187561035 8.35749816894531 9.4722843170166 11.2300968170166 11.7875261306763 12.2132205963135 12.7189149856567 13.7456398010254 14.7096815109253 16.0603923797607 17.1284084320068 17.9707450866699
27.583122253418 27.8735008239746 28.1379146575928 28.2875080108643 28.3727245330811 28.3864555358887 28.3328056335449 28.3099479675293 28.239933013916 28.1218280792236 27.4709663391113 25.3456420898438 20.7019634246826 16.7596912384033 18.1277332305908 20.1104068756104 19.512378692627 17.4792861938477 14.9609251022339 9.97184562683105 6.31039047241211 5.15403509140015 4.8786244392395 4.49465417861938 4.35959243774414 4.30185651779175 4.28110599517822 4.2806510925293 4.28919506072998 4.2892599105835 4.28752708435059 4.31244373321533 4.46112251281738 4.95799493789673 5.66340255737305 6.86192417144775 7.64462089538574 8.9419527053833 10.2538557052612 11.4712390899658 12.2021017074585 12.5116357803345 12.8655757904053 14.1586513519287 15.4329662322998 16.4753150939941 17.3096408843994
25.722843170166 26.0882263183594 26.6656475067139 27.1778869628906 27.5771198272705 27.7914562225342 27.8619594573975 27.7612228393555 27.3695583343506 26.8025226593018 25.7598094940186 24.3668117523193 20.4863967895508 11.9676265716553 9.44488525390625 10.8939428329468 11.6544027328491 12.4386005401611 10.8797731399536 8.00941848754883 5.99026107788086 5.02293729782104 4.522620677948 4.3604736328125 4.28992462158203 4.28084659576416 4.28717279434204 4.28709077835083 4.28726053237915 4.28874397277832 4.29866123199463 4.29364728927612 4.41212129592896 4.81550312042236 5.24556827545166 6.22458362579346 7.02181529998779 7.68175554275513 8.61866855621338 10.1455268859863 11.4630069732666 11.8723402023315 12.1869258880615 12.6862697601318 14.2128448486328 15.6363134384155 16.8327579498291
24.096622467041 24.1725845336914 24.4151782989502 24.8132209777832 25.4040241241455 26.0415897369385 26.2409706115723 26.1765613555908 26.0014190673828 25.4329204559326 24.4189071655273 23.3227348327637 21.2260665893555 14.3965682983398 9.81342887878418 6.61356449127197 6.53297996520996 7.18962907791138 7.13758707046509 6.13672733306885 5.00592231750488 4.69987487792969 4.43202066421509 4.32419967651367 4.28428173065186 4.27766180038452 4.28570890426636 4.28470087051392 4.28219938278198 4.28279733657837 4.3191442489624 4.31675958633423 4.29590606689453 4.49120330810547 4.92480087280273 5.3434681892395 5.91284227371216 6.66371011734009 7.27968502044678 8.04782867431641 9.00323390960693 10.6823072433472 11.2110004425049 11.6619253158569 12.204047203064 13.8374662399292 15.6921520233154
22.7098369598389 22.56662940979 22.6032829284668 22.9204559326172 23.1982860565186 23.4947624206543 23.77294921875 23.8307437896729 23.6759796142578 23.1252555847168 22.0761489868164 21.0051593780518 18.1447334289551 13.9881343841553 9.12556457519531 5.95138597488403 5.30312728881836 5.46821308135986 5.6275634765625 5.03942012786865 4.77376127243042 4.43998718261719 4.30900049209595 4.28863143920898 4.28166198730469 4.27930641174316 4.28318119049072 4.28035163879395 4.27809429168701 4.27944898605347 4.3143196105957 4.32767629623413 4.31659507751465 4.29299974441528 4.34083843231201 4.41498708724976 4.68847990036011 5.23498153686523 5.95871686935425 6.5902419090271 7.00093078613281 7.69516897201538 8.64005279541016 9.86053562164307 10.1536493301392 11.2959823608398 12.2258472442627
