Ecospace-environmental-drivers/Outputs/ASCII-for-ecospace/Temp-bot/Temp-bot_X2002.12.asc
NCOLS 131 
NROWS 53 
XLLCORNER -98 
YLLCORNER 23.9265270233154 
CELLSIZE 0.133587792515755 
NODATA_value -3.4e+38 
[rows 21 to 41 of 53, columns 0 to 46 of 131]
-3.4e+38 -3.4e+38 -3.4e+38 -3.4e+38 -3.4e+38 -3.4e+38 17.4393978118896 17.3587512969971 17.5047512054443 17.1174697875977 17.6287403106689 18.2782592773438 19.0164813995361 19.5747890472412 20.0464534759521 20.4755706787109 20.8208866119385 21.1504058837891 21.4083938598633 21.5857353210449 21.6274833679199 21.6081123352051 21.5838623046875 21.7043361663818 21.748929977417 21.7631702423096 21.730489730835 21.6508636474609 21.6064319610596 21.4755764007568 21.3054485321045 21.0986938476562 21.3850002288818 21.2397994995117 20.609935760498 20.058967590332 19.5970344543457 19.6431427001953 19.7913570404053 19.7790565490723 19.6779632568359 20.23313331604 20.1296043395996 20.2306346893311 20.2808151245117 20.4698123931885 19.9326286315918
-3.4e+38 -3.4e+38 -3.4e+38 -3.4e+38 -3.4e+38 -3.4e+38 17.3134021759033 17.6460399627686 17.3587512969971 18.0380306243896 18.7669849395752 19.4902019500732 20.2052536010742 20.7064247131348 21.0331497192383 21.3043842315674 21.5305995941162 21.6512107849121 21.7385330200195 21.4853706359863 20.7936515808105 20.1688289642334 19.8826198577881 20.0431785583496 20.4169864654541 20.7493705749512 20.3245964050293 19.4660911560059 19.6609859466553 19.5138492584229 19.4072284698486 18.6911716461182 18.0455131530762 17.6945476531982 17.2941722869873 17.3235778808594 17.1409950256348 17.1220397949219 17.0381126403809 16.6795330047607 16.8925743103027 17.4470233917236 16.3771572113037 16.9057121276855 17.5013771057129 17.5003776550293 17.2300224304199
-3.4e+38 -3.4e+38 -3.4e+38 -3.4e+38 17.3915996551514 17.3439464569092 17.6124897003174 17.3134021759033 18.2659683227539 19.1396999359131 19.9431972503662 20.7119750976562 21.2310562133789 21.4133701324463 21.5172557830811 21.7159385681152 21.7568187713623 21.8109550476074 21.237133026123 18.6378612518311 16.9591522216797 15.5793952941895 14.8773288726807 13.9176712036133 14.4521961212158 13.9031543731689 13.9793157577515 14.8653802871704 16.044828414917 15.6357803344727 16.3968982696533 16.5266895294189 16.4387969970703 15.2531118392944 16.1545448303223 15.7929735183716 15.0789623260498 15.1175231933594 14.0492887496948 11.0763006210327 11.8712196350098 11.7774982452393 13.7493915557861 12.2277679443359 13.2348127365112 13.5744075775146 14.1180858612061
-3.4e+38 -3.4e+38 -3.4e+38 -3.4e+38 17.3384456634521 17.4924049377441 17.3439464569092 18.180118560791 19.3220691680908 20.2139453887939 20.9587497711182 21.5322494506836 21.4964809417725 20.858247756958 20.3978843688965 20.5210342407227 19.3190326690674 16.2202625274658 14.2735939025879 12.115834236145 10.0069227218628 8.80075931549072 9.21080112457275 9.27303981781006 9.83869934082031 9.67185878753662 10.3957967758179 9.71969032287598 10.5658683776855 10.1949138641357 10.8604946136475 12.287278175354 12.8417825698853 13.6309118270874 14.294771194458 13.8838977813721 14.3449506759644 13.4221343994141 10.8714227676392 8.02495861053467 8.47272109985352 9.12673377990723 9.46490383148193 8.75676727294922 8.22043037414551 8.71658897399902 7.69323348999023
-3.4e+38 -3.4e+38 -3.4e+38 -3.4e+38 -3.4e+38 17.3384456634521 17.7948246002197 19.1811771392822 20.2133674621582 21.0277805328369 21.7483081817627 21.670389175415 20.0577239990234 18.2804718017578 17.0767993927002 14.5620603561401 11.6639928817749 8.70913314819336 8.13943195343018 7.16810703277588 6.29157257080078 6.04485368728638 6.26351308822632 6.44318103790283 6.98073577880859 6.6484489440918 6.9156494140625 6.99516820907593 6.59940958023071 6.6865406036377 6.82165241241455 7.93683767318726 8.55352210998535 10.7027196884155 10.7304019927979 11.0008611679077 10.2766962051392 8.32077789306641 6.40253782272339 6.35329961776733 7.00402688980103 7.02984428405762 6.43113327026367 6.418297290802 6.33200168609619 6.63933324813843 6.17556571960449
-3.4e+38 -3.4e+38 -3.4e+38 -3.4e+38 -3.4e+38 17.4981632232666 18.7590045928955 20.0011253356934 20.9229202270508 21.7909984588623 22.0579128265381 20.3431816101074 17.7998714447021 15.8758325576782 13.6803169250488 11.1816883087158 7.89200162887573 6.30279731750488 6.02526044845581 5.58382177352905 5.28528833389282 5.26884508132935 5.30497121810913 5.4867148399353 5.3227481842041 5.45427560806274 5.43717050552368 5.34190320968628 5.63274669647217 5.51871109008789 5.85734987258911 6.34685468673706 7.21855163574219 7.8288516998291 6.92749166488647 7.34369897842407 6.85336828231812 5.93810272216797 5.71642446517944 5.53363466262817 5.84674215316772 5.51360940933228 5.73278284072876 5.7543568611145 5.80823612213135 5.97053098678589 5.19772958755493
-3.4e+38 -3.4e+38 17.1649284362793 17.4023132324219 17.7451572418213 17.9619026184082 19.5141048431396 20.5946636199951 21.5366077423096 22.2203598022461 21.1409206390381 18.2753467559814 16.3527240753174 13.5679025650024 10.5030460357666 8.93064308166504 6.62893629074097 5.41350841522217 5.09553050994873 5.04874277114868 5.06443643569946 5.04420042037964 5.04113435745239 5.02653551101685 5.03505754470825 5.06171798706055 4.79033994674683 4.74909496307373 4.88157796859741 5.14924240112305 5.53880882263184 5.81147480010986 5.99909925460815 5.99604797363281 6.01790380477905 5.82167863845825 5.75535774230957 5.67169570922852 5.45214557647705 5.24964809417725 5.26796865463257 5.17419862747192 4.94821453094482 4.88132810592651 5.08820962905884 5.10280179977417 4.79696416854858
-339999999999999996128486808808066248288.000000000000000 -3.4e+38 -3.4e+38 -3.4e+38 17.6396999359131 18.461088180542 20.0377197265625 21.0537452697754 22.0467014312744 22.0081214904785 19.4655284881592 17.0871639251709 14.1183319091797 10.6980075836182 8.91583728790283 7.33365535736084 5.66510057449341 5.16944265365601 5.00553894042969 4.94615173339844 4.95779943466187 4.85575532913208 4.83347702026367 4.85147523880005 4.93061637878418 4.94940757751465 4.73706293106079 4.88730144500732 4.60325193405151 4.89327812194824 5.13203859329224 5.18649530410767 5.48052644729614 5.56733369827271 5.56851053237915 5.45157480239868 5.33588361740112 5.14268636703491 5.0835075378418 4.96041536331177 4.77189970016479 4.70393753051758 4.55555009841919 4.54085350036621 4.53872728347778 4.54937362670898 4.59060430526733
-3.4e+38 -3.4e+38 -3.4e+38 -3.4e+38 17.4127883911133 18.8434066772461 20.3759002685547 21.4337196350098 22.2364406585693 21.3719387054443 18.228687286377 15.949517250061 11.8883619308472 8.98503875732422 6.9931468963623 6.10144519805908 5.58135938644409 5.21991872787476 4.94876718521118 4.86527061462402 4.6810827255249 4.50619173049927 4.46629285812378 4.4945240020752 4.53598737716675 4.67663764953613 4.50603580474854 4.54585599899292 4.31874322891235 4.89371252059937 4.9813175201416 5.02731895446777 4.88911628723145 5.08323431015015 5.01528739929199 4.58760261535645 4.73157167434692 4.68552255630493 4.62258052825928 4.55920696258545 4.52090406417847 4.46480083465576 4.41855335235596 4.38487958908081 4.42039155960083 4.40920972824097 4.45972681045532
-3.4e+38 -3.4e+38 -3.4e+38 -3.4e+38 17.1473789215088 18.8445320129395 20.4611835479736 21.5820770263672 22.1652488708496 20.8543491363525 17.7669620513916 14.2628622055054 9.97320365905762 7.77963399887085 6.2062463760376 5.65497732162476 5.26485061645508 5.02218294143677 4.58358716964722 4.48168277740479 4.38838624954224 4.38064622879028 4.40412950515747 4.42300748825073 4.32471036911011 4.45586204528809 4.61142492294312 4.08754014968872 4.09854745864868 4.48657751083374 4.88381195068359 4.69297885894775 4.59872198104858 4.64615297317505 4.51822376251221 4.4664363861084 4.47555160522461 4.51002836227417 4.47387599945068 4.4419584274292 4.38899803161621 4.33837270736694 4.3061671257019 4.32996416091919 4.32332515716553 4.32494783401489 4.34553289413452
-3.4e+38 -3.4e+38 -3.4e+38 -3.4e+38 17.7223281860352 18.5120372772217 20.3644733428955 21.4570331573486 22.0503215789795 20.7623195648193 17.5602779388428 14.0369958877563 9.48118591308594 7.34282827377319 5.93819761276245 5.0828275680542 4.83905458450317 4.70861577987671 4.49701976776123 4.35320568084717 4.28124713897705 4.29062461853027 4.34620809555054 4.36809873580933 4.33951568603516 4.41465663909912 4.62668752670288 4.52662754058838 4.26450109481812 4.45770788192749 4.41267347335815 4.3801212310791 4.43269872665405 4.40084838867188 4.3962984085083 4.38715171813965 4.4094352722168 4.3872275352478 4.34460353851318 4.30569648742676 4.28714895248413 4.27998018264771 4.27627515792847 4.27568387985229 4.28014802932739 4.28563642501831 4.30605363845825
-3.4e+38 -3.4e+38 -3.4e+38 -3.4e+38 17.6274871826172 18.2236518859863 19.9292488098145 21.2090129852295 21.9221324920654 21.4906997680664 18.4487285614014 15.6346626281738 10.0964269638062 6.86184358596802 5.69144344329834 4.89684867858887 4.48959541320801 4.47549390792847 4.38838672637939 4.29047679901123 4.25877571105957 4.26484966278076 4.27793979644775 4.29751491546631 4.34614706039429 4.35786008834839 4.37482929229736 4.3797435760498 4.37161350250244 4.37612628936768 4.30913114547729 4.38404655456543 4.39848947525024 4.32845306396484 4.29385900497437 4.30222320556641 4.30279684066772 4.29860019683838 4.28119897842407 4.26854085922241 4.26266098022461 4.26492357254028 4.30553102493286 4.27068376541138 4.27263832092285 4.27622985839844 4.28818559646606
-3.4e+38 -3.4e+38 -3.4e+38 -3.4e+38 17.33518409729 17.9481601715088 19.2902641296387 20.8556423187256 21.8137722015381 22.1405143737793 21.0489673614502 18.0923919677734 11.9978914260864 6.76416397094727 5.32538080215454 4.91576051712036 4.53154325485229 4.43176889419556 4.33394050598145 4.26777839660645 4.25062322616577 4.25104904174805 4.2550311088562 4.26986694335938 4.27483177185059 4.26590585708618 4.2628607749939 4.26139688491821 4.26302099227905 4.26008224487305 4.25902986526489 4.28774833679199 4.27737951278687 4.26710605621338 4.2680401802063 4.27068281173706 4.27100896835327 4.26353454589844 4.25143146514893 4.26028156280518 4.24560451507568 4.25009632110596 4.26864910125732 4.28733158111572 4.28526163101196 4.27517318725586 4.28394460678101
-3.4e+38 -3.4e+38 -3.4e+38 -3.4e+38 -3.4e+38 18.1121215820312 18.7709197998047 20.4068717956543 21.5533695220947 22.1411399841309 22.4840030670166 21.3775157928467 14.6575593948364 6.9502100944519 5.35004329681396 4.89202260971069 4.5801100730896 4.42503213882446 4.33314847946167 4.2673077583313 4.25146579742432 4.24825000762939 4.24606323242188 4.24889707565308 4.25121212005615 4.25631761550903 4.24220848083496 4.25162029266357 4.25795078277588 4.25955390930176 4.25761747360229 4.24969577789307 4.25766563415527 4.26099252700806 4.25337743759155 4.25272750854492 4.25284957885742 4.24668312072754 4.24147891998291 4.23795700073242 4.23925685882568 4.2419490814209 4.25734424591064 4.26519060134888 4.28020668029785 4.29343795776367 4.28112316131592
-3.4e+38 -3.4e+38 -3.4e+38 -3.4e+38 -3.4e+38 17.8181438446045 18.5703353881836 20.1223983764648 21.3108577728271 22.0002822875977 22.4450492858887 22.1994819641113 15.225302696228 7.29837322235107 5.45763921737671 4.87582159042358 4.72090530395508 4.45222949981689 4.35200881958008 4.26699733734131 4.25132179260254 4.25043296813965 4.25416135787964 4.24569177627563 4.2483959197998 4.24675846099854 4.2445912361145 4.24118423461914 4.24566125869751 4.24695062637329 4.24922227859497 4.2511739730835 4.25602912902832 4.2547607421875 4.2497034072876 4.22916221618652 4.23954677581787 4.24126720428467 4.24140691757202 4.24024343490601 4.24343395233154 4.24688100814819 4.26396083831787 4.27396202087402 4.28186893463135 4.28088474273682 4.2663311958313
-3.4e+38 -3.4e+38 -3.4e+38 -3.4e+38 -3.4e+38 17.9722995758057 18.4721412658691 20.0506839752197 21.2161235809326 21.9521198272705 22.4751224517822 22.1105175018311 13.5591382980347 6.88655471801758 5.26156425476074 4.89523887634277 4.78686475753784 4.60652112960815 4.34894418716431 4.2604193687439 4.25135707855225 4.25683736801147 4.24677324295044 4.24426555633545 4.24741792678833 4.24547100067139 4.25042486190796 4.25329256057739 4.25379133224487 4.27200603485107 4.2719202041626 4.26968812942505 4.26584196090698 4.25485801696777 4.27782917022705 4.26891040802002 4.23803472518921 4.2403130531311 4.24673843383789 4.24939393997192 4.24797677993774 4.24469375610352 4.24326944351196 4.25794172286987 4.25908184051514 4.25180959701538 4.25861406326294
-3.4e+38 -3.4e+38 -3.4e+38 -3.4e+38 -3.4e+38 -3.4e+38 18.5182933807373 20.0323810577393 21.2432289123535 22.0143642425537 22.5303897857666 21.504940032959 14.0554285049438 7.48364114761353 5.36619091033936 4.96857929229736 5.01183080673218 4.71321630477905 4.36828708648682 4.26626253128052 4.24913120269775 4.25452613830566 4.25026988983154 4.25434732437134 4.27143096923828 4.27321147918701 4.26117610931396 4.28607177734375 4.29817247390747 4.29536104202271 4.29214715957642 4.29234218597412 4.29736137390137 4.3061728477478 4.31127977371216 4.30933332443237 4.30919361114502 4.26580810546875 4.24467992782593 4.23817205429077 4.24391412734985 4.23621988296509 4.22930431365967 4.23099279403687 4.23381614685059 4.23239278793335 4.23554706573486
-3.4e+38 -3.4e+38 -3.4e+38 -3.4e+38 -3.4e+38 -3.4e+38 18.6328754425049 20.1657867431641 21.3852291107178 22.2210674285889 22.4940490722656 20.3152828216553 13.1234846115112 7.82628488540649 5.59393215179443 5.13404512405396 5.22979402542114 4.83309984207153 4.39239168167114 4.26716995239258 4.25320482254028 4.26217937469482 4.26765441894531 4.27766180038452 4.2891526222229 4.32169389724731 4.28076028823853 4.26756620407104 4.26436758041382 4.26404237747192 4.2660493850708 4.2682580947876 4.26898622512817 4.2718653678894 4.27727508544922 4.28136348724365 4.28457498550415 4.28660011291504 4.30680561065674 4.29977369308472 4.24613761901855 4.24263000488281 4.24295568466187 4.24857664108276 4.25214624404907 4.24435424804688 4.2394700050354
-3.4e+38 -3.4e+38 -3.4e+38 -3.4e+38 -3.4e+38 -3.4e+38 18.8462963104248 20.5281677246094 21.6396389007568 22.3403911590576 22.045618057251 18.6883659362793 12.64124584198 6.97297048568726 5.45338106155396 4.98120164871216 5.06731271743774 4.75677251815796 4.41414594650269 4.2971625328064 4.26104307174683 4.27725601196289 4.29264211654663 4.29722309112549 4.316490650177 4.3400239944458 4.33706140518188 4.31446313858032 4.28321504592896 4.27196359634399 4.26803112030029 4.26839351654053 4.27018070220947 4.27503442764282 4.28042411804199 4.28431940078735 4.28619050979614 4.28616142272949 4.28460693359375 4.28851795196533 4.29518890380859 4.29594802856445 4.29987144470215 4.28613948822021 4.28911733627319 4.29925584793091 4.30210399627686
-3.4e+38 -3.4e+38 -3.4e+38 -3.4e+38 -3.4e+38 18.7882595062256 19.2795219421387 21.0219993591309 21.9196701049805 22.327299118042 21.0702667236328 17.278356552124 11.7213373184204 6.22292995452881 5.12661409378052 4.76941299438477 4.79534339904785 4.70285511016846 4.42709684371948 4.31789875030518 4.26906633377075 4.29232740402222 4.32849168777466 4.33969211578369 4.34508800506592 4.34546422958374 4.33819627761841 4.31596279144287 4.29275941848755 4.28178596496582 4.27696466445923 4.27460956573486 4.27496767044067 4.27962970733643 4.28670835494995 4.29159069061279 4.29243326187134 4.29052305221558 4.28773069381714 4.28556537628174 4.28237295150757 4.27726602554321 4.27429962158203 4.27357816696167 4.27659797668457 4.27861499786377 4.282883644104
-3.4e+38 -3.4e+38 -3.4e+38 -3.4e+38 18.9858303070068 18.9152889251709 20.2672824859619 21.5122299194336 22.1748275756836 22.0321369171143 19.0226058959961 15.4668273925781 10.0249214172363 5.75605583190918 5.05190277099609 4.75057458877563 4.68195915222168 4.56852436065674 4.36573839187622 4.31266641616821 4.28814792633057 4.31900024414062 4.34404754638672 4.31997966766357 4.3031120300293 4.29141044616699 4.28970718383789 4.28829717636108 4.28713989257812 4.28730249404907 4.28824663162231 4.28777503967285 4.28540372848511 4.28484916687012 4.28840780258179 4.29404926300049 4.29703426361084 4.29633569717407 4.29287385940552 4.28826713562012 4.28586053848267 4.28251075744629 4.28129243850708 4.28038835525513 4.28121376037598 4.28505373001099 4.2895302772522
