Ecospace-environmental-drivers/Outputs/ASCII-for-ecospace/Temp-bot/Temp-bot_X2001.08.asc
NCOLS 131 
NROWS 53 
XLLCORNER -98 
YLLCORNER 23.9265270233154 
CELLSIZE 0.133587792515755 
NODATA_value -3.4e+38 
[rows 0 to 20 of 53, columns 47 to 93 of 131]
-3.4e+38 -3.4e+38 -3.4e+38 -3.4e+38 -3.4e+38 -3.4e+38 -3.4e+38 -3.4e+38 -3.4e+38 -3.4e+38 -3.4e+38 -3.4e+38 -3.4e+38 -3.4e+38 -3.4e+38 -3.4e+38 -3.4e+38 -3.4e+38 -3.4e+38 -3.4e+38 -3.4e+38 -3.4e+38 -3.4e+38 -3.4e+38 -3.4e+38 -3.4e+38 -3.4e+38 -3.4e+38 -3.4e+38 -3.4e+38 -3.4e+38 -3.4e+38 -3.4e+38 -3.4e+38 -3.4e+38 -3.4e+38 -3.4e+38 -3.4e+38 -3.4e+38 -3.4e+38 -3.4e+38 -3.4e+38 -3.4e+38 -3.4e+38 -3.4e+38 -3.4e+38 -3.4e+38
-3.4e+38 -3.4e+38 -3.4e+38 -3.4e+38 -3.4e+38 -3.4e+38 -3.4e+38 -3.4e+38 -3.4e+38 -3.4e+38 -3.4e+38 -3.4e+38 -3.4e+38 -3.4e+38 -3.4e+38 -3.4e+38 -3.4e+38 -3.4e+38 -3.4e+38 -3.4e+38 -3.4e+38 -3.4e+38 -3.4e+38 -3.4e+38 -3.4e+38 -3.4e+38 -3.4e+38 -3.4e+38 -3.4e+38 -3.4e+38 -3.4e+38 -3.4e+38 -3.4e+38 -3.4e+38 -3.4e+38 -3.4e+38 -3.4e+38 -3.4e+38 -3.4e+38 -3.4e+38 -3.4e+38 -3.4e+38 -3.4e+38 -3.4e+38 -3.4e+38 -3.4e+38 -3.4e+38
-3.4e+38 -3.4e+38 -3.4e+38 -3.4e+38 -3.4e+38 -3.4e+38 -3.4e+38 -3.4e+38 -3.4e+38 -3.4e+38 -3.4e+38 -3.4e+38 -3.4e+38 -3.4e+38 -3.4e+38 -3.4e+38 -3.4e+38 -3.4e+38 -3.4e+38 -3.4e+38 -3.4e+38 -3.4e+38 -3.4e+38 -3.4e+38 -3.4e+38 -3.4e+38 -3.4e+38 31.1948719024658 31.2171936035156 -3.4e+38 -3.4e+38 -3.4e+38 -3.4e+38 -3.4e+38 -3.4e+38 -3.4e+38 -3.4e+38 -3.4e+38 -3.4e+38 -3.4e+38 -3.4e+38 -3.4e+38 -3.4e+38 -3.4e+38 -3.4e+38 -3.4e+38 -3.4e+38
-3.4e+38 -3.4e+38 -3.4e+38 -3.4e+38 -3.4e+38 -3.4e+38 -3.4e+38 -3.4e+38 -3.4e+38 -3.4e+38 -3.4e+38 -3.4e+38 -3.4e+38 -3.4e+38 -3.4e+38 -3.4e+38 -3.4e+38 -3.4e+38 -3.4e+38 -3.4e+38 -3.4e+38 -3.4e+38 -3.4e+38 -3.4e+38 -3.4e+38 -3.4e+38 -3.4e+38 31.2262668609619 31.1895484924316 -3.4e+38 -3.4e+38 -3.4e+38 -3.4e+38 -3.4e+38 -3.4e+38 -3.4e+38 -3.4e+38 -3.4e+38 -3.4e+38 -3.4e+38 -3.4e+38 -3.4e+38 -3.4e+38 -3.4e+38 -3.4e+38 -3.4e+38 -3.4e+38
-3.4e+38 -3.4e+38 -3.4e+38 -3.4e+38 -3.4e+38 -3.4e+38 -3.4e+38 -3.4e+38 -3.4e+38 32.1864433288574 32.1864433288574 32.1862258911133 32.1635284423828 -3.4e+38 -3.4e+38 -3.4e+38 -3.4e+38 -3.4e+38 31.6712989807129 31.5971965789795 31.4249649047852 31.4463768005371 31.4105358123779 31.5329647064209 31.458568572998 31.3940753936768 31.3077278137207 31.1542453765869 31.246997833252 31.5719184875488 -3.4e+38 -3.4e+38 29.4874057769775 29.2982540130615 29.7537078857422 29.0720481872559 28.3125514984131 29.1650943756104 29.2160568237305 27.9008560180664 28.6878089904785 28.1437721252441 -3.4e+38 -3.4e+38 -3.4e+38 -3.4e+38 -3.4e+38
-3.4e+38 -3.4e+38 -3.4e+38 -3.4e+38 -3.4e+38 -3.4e+38 -3.4e+38 -3.4e+38 32.1864433288574 32.1864433288574 32.1864433288574 32.1864433288574 32.1860084533691 32.1582984924316 32.123363494873 -3.4e+38 31.9858856201172 31.9689865112305 31.6984958648682 31.4205150604248 31.1070022583008 30.96750831604 31.110164642334 31.0581893920898 30.9701461791992 30.7806949615479 30.6793384552002 30.9713668823242 31.2027225494385 31.5258274078369 29.8664684295654 29.6233253479004 29.6010627746582 29.2378311157227 28.600414276123 27.7639217376709 27.4971580505371 27.4037170410156 27.1357669830322 26.990629196167 27.0412998199463 28.0072650909424 28.8387184143066 29.4034843444824 -3.4e+38 -3.4e+38 -3.4e+38
-3.4e+38 -3.4e+38 -3.4e+38 -3.4e+38 -3.4e+38 -3.4e+38 -3.4e+38 -3.4e+38 32.1819381713867 32.1864433288574 32.1864433288574 32.1864433288574 32.1864433288574 32.1855735778809 32.1378173828125 32.123363494873 32.0008392333984 31.8503532409668 31.5832901000977 31.2827224731445 30.5789890289307 30.1347618103027 29.6917743682861 29.3491630554199 29.2610301971436 29.0661754608154 28.8128967285156 29.1640243530273 29.2858486175537 29.1891937255859 29.0087661743164 28.5735607147217 28.4787693023682 28.0929470062256 26.6651611328125 24.8227787017822 23.1633720397949 23.8873825073242 24.5776958465576 24.8389759063721 24.9712982177734 25.577335357666 26.5955123901367 27.8188629150391 28.6083450317383 28.5361766815186 -3.4e+38
-3.4e+38 -3.4e+38 -3.4e+38 -3.4e+38 -3.4e+38 -3.4e+38 -3.4e+38 -3.4e+38 -3.4e+38 -3.4e+38 32.1864433288574 32.1864433288574 32.1864433288574 -3.4e+38 32.1847038269043 32.0567588806152 32.0012512207031 31.915641784668 31.7309837341309 31.3541412353516 30.8004207611084 30.3994388580322 29.3552265167236 28.0340633392334 27.4843292236328 27.2968902587891 27.3146495819092 27.7172679901123 28.0990257263184 28.01100730896 27.8457622528076 27.7266998291016 27.6122360229492 25.8204555511475 22.8136367797852 18.798942565918 17.5034790039062 18.9009017944336 21.2411289215088 22.2252788543701 23.010892868042 24.2827949523926 25.7147846221924 26.498254776001 27.3283596038818 28.6582889556885 29.5497131347656
-3.4e+38 -3.4e+38 -3.4e+38 -3.4e+38 -3.4e+38 -3.4e+38 -3.4e+38 -3.4e+38 -3.4e+38 -3.4e+38 -3.4e+38 -3.4e+38 -3.4e+38 -3.4e+38 32.1606979370117 31.9547424316406 31.983003616333 31.9788455963135 31.7599658966064 31.5739002227783 31.2120113372803 30.8104305267334 29.2417221069336 27.4797649383545 26.1903781890869 26.0095233917236 26.3896007537842 26.7409706115723 27.061803817749 27.2436790466309 27.1957416534424 26.8088665008545 25.6260528564453 20.9149074554443 17.3519687652588 15.4277935028076 15.6760187149048 16.9476947784424 18.3429260253906 19.5713863372803 20.7835674285889 23.2758235931396 24.8383235931396 25.5432224273682 26.2713985443115 27.2043724060059 28.9068717956543
32.4681968688965 -3.4e+38 -3.4e+38 -3.4e+38 -3.4e+38 -3.4e+38 -3.4e+38 -3.4e+38 -3.4e+38 -3.4e+38 32.0826988220215 32.064826965332 -3.4e+38 -3.4e+38 -3.4e+38 31.8897609710693 31.9766750335693 31.997106552124 31.8022212982178 31.6091899871826 31.3809413909912 30.373462677002 28.9649925231934 27.1170501708984 25.2883586883545 25.4680786132812 26.0750465393066 26.5622863769531 26.745174407959 26.570613861084 26.2579689025879 24.7919750213623 21.4336719512939 16.0885467529297 14.4339647293091 14.357310295105 14.8644313812256 15.5406312942505 16.397346496582 17.7173938751221 19.4155235290527 23.1905269622803 24.761100769043 25.4208679199219 26.0553417205811 26.8053169250488 28.0912532806396
32.1976661682129 32.2684516906738 -3.4e+38 -3.4e+38 -3.4e+38 -3.4e+38 -3.4e+38 -3.4e+38 -3.4e+38 -3.4e+38 32.0606269836426 31.9962615966797 31.9432144165039 -3.4e+38 -3.4e+38 31.5829753875732 31.7737159729004 32.0140800476074 31.8495101928711 31.5702724456787 30.8969917297363 29.3485908508301 28.6636867523193 26.3585395812988 24.551586151123 25.0923271179199 25.7995758056641 25.9344024658203 25.6850452423096 25.1843948364258 23.9566230773926 21.7133312225342 19.0861377716064 13.6130676269531 12.3570461273193 12.4649276733398 13.4047040939331 14.2133817672729 15.1845664978027 16.0615234375 17.8474636077881 19.9226131439209 22.9965038299561 25.3634700775146 26.3026084899902 26.9961833953857 27.886323928833
32.0230979919434 32.0854415893555 32.1809539794922 32.2363204956055 -3.4e+38 -3.4e+38 -3.4e+38 -3.4e+38 -3.4e+38 -3.4e+38 -3.4e+38 32.030403137207 31.9560794830322 31.9432144165039 31.5300159454346 31.5133838653564 31.9265308380127 32.0107879638672 31.584680557251 30.7043628692627 29.0559425354004 28.0228633880615 27.0477561950684 24.0854110717773 23.5232791900635 23.7760696411133 23.8299694061279 23.4841461181641 22.4583301544189 21.5533027648926 20.7113990783691 18.331506729126 12.5414209365845 10.0378255844116 9.22820091247559 9.09252548217773 9.85913181304932 11.4390783309937 13.1529836654663 14.6805191040039 15.8652629852295 17.8689270019531 20.2203617095947 23.6069679260254 25.9667453765869 27.5048179626465 28.1170597076416
31.4091911315918 31.8269557952881 32.1101951599121 32.4178161621094 -3.4e+38 -3.4e+38 -3.4e+38 -3.4e+38 32.1776542663574 32.1513595581055 31.9593448638916 31.7839069366455 32.1014633178711 31.8235607147217 30.7703151702881 30.4330387115479 31.1292362213135 31.4197406768799 31.0900001525879 29.5548057556152 27.2394599914551 25.3091640472412 23.3301124572754 22.2913379669189 22.1246528625488 21.4676570892334 19.97047996521 17.9222564697266 17.1021194458008 16.2816028594971 13.0480194091797 9.51626205444336 7.10809707641602 7.13675975799561 6.80626344680786 6.55564022064209 8.74873161315918 9.83096694946289 10.8068962097168 12.254020690918 14.016131401062 15.4632349014282 17.3886470794678 19.9246101379395 21.6141891479492 22.9327907562256 23.7782936096191
30.9897270202637 30.9819736480713 31.200439453125 31.73362159729 32.0791664123535 32.037281036377 32.0273361206055 32.0602760314941 32.0244789123535 31.8859329223633 31.8834228515625 32.0583534240723 30.9169464111328 29.9052639007568 29.0137405395508 29.6476860046387 30.8069248199463 30.9637489318848 30.5722675323486 28.4733505249023 27.6227016448975 22.3877658843994 20.9593315124512 19.014720916748 16.0246391296387 14.5559501647949 11.9742250442505 9.74729061126709 8.35305309295654 6.57938385009766 5.24174308776855 4.91478586196899 5.00905513763428 5.5643949508667 5.82262325286865 6.37002325057983 7.9748740196228 9.41475677490234 10.3502349853516 11.0087957382202 11.9827766418457 13.4968290328979 15.0456714630127 16.0178146362305 17.9249019622803 19.403600692749 21.2645874023438
30.8122463226318 30.7134971618652 30.9348640441895 31.4483699798584 31.7884712219238 31.7133617401123 31.7937526702881 31.7654666900635 31.6256542205811 31.3636436462402 31.1628551483154 29.9407634735107 29.0666065216064 27.7364482879639 26.4364700317383 27.4144229888916 29.0311450958252 31.1600284576416 30.8149223327637 29.0026226043701 23.9889392852783 17.9974346160889 15.7365198135376 11.4063739776611 8.96810150146484 7.3788046836853 5.56164073944092 4.98715686798096 4.67372941970825 4.39777898788452 4.3743200302124 4.37890577316284 4.47079753875732 5.04922389984131 5.53453826904297 6.58115148544312 7.87377023696899 9.32415008544922 10.0795116424561 10.596248626709 11.193564414978 11.8362884521484 13.5210514068604 14.7646722793579 15.708119392395 16.744421005249 20.0082111358643
29.9782524108887 30.1840553283691 30.4564990997314 30.8696250915527 30.9250869750977 30.747579574585 30.6835842132568 30.6117038726807 30.3930606842041 29.9510688781738 29.3338565826416 28.3047904968262 26.8847160339355 25.211254119873 23.5988121032715 23.0575180053711 25.0591487884521 27.8290023803711 24.446683883667 22.4094085693359 16.4117622375488 11.7900638580322 9.59027004241943 7.58985233306885 5.74417543411255 5.019362449646 4.71384620666504 4.36504650115967 4.29859733581543 4.28812694549561 4.28707313537598 4.2889256477356 4.37801599502563 4.99508810043335 5.68525362014771 6.71205854415894 8.15564441680908 9.39582633972168 10.1312484741211 10.3897724151611 10.986665725708 11.1083745956421 12.1472387313843 13.7127265930176 15.0327501296997 15.7403078079224 17.0886974334717
29.078800201416 29.436502456665 29.837574005127 30.2227954864502 30.4358901977539 30.2329978942871 30.0107021331787 29.8510074615479 29.7174701690674 29.3573017120361 28.3138370513916 26.2847461700439 24.8212909698486 22.9719676971436 21.1139335632324 20.2768135070801 20.4171276092529 20.3048419952393 17.2006149291992 13.0078458786011 9.21854496002197 6.49496698379517 5.55170917510986 5.10676145553589 4.73426628112793 4.50684118270874 4.35995149612427 4.29754543304443 4.28732395172119 4.27862358093262 4.27489614486694 4.29331731796265 4.42620229721069 4.96959257125854 5.6380352973938 6.66925859451294 7.87704420089722 9.14603996276855 10.1489820480347 10.1200170516968 10.6553659439087 11.0919179916382 11.6151170730591 12.780161857605 14.0704803466797 15.4229249954224 16.0797424316406
27.3900871276855 27.8310794830322 28.3580780029297 29.031665802002 29.5418014526367 29.6341171264648 29.5034923553467 29.3543319702148 29.0639762878418 28.4905662536621 26.817533493042 23.4496078491211 18.8212261199951 15.1263151168823 16.3728084564209 18.2266788482666 17.9823894500732 16.3064670562744 13.8878383636475 9.46604919433594 5.91741704940796 5.03197193145752 4.82662391662598 4.42532205581665 4.33866357803345 4.29440498352051 4.28353357315063 4.27481508255005 4.27334117889404 4.27267694473267 4.2728214263916 4.29770040512085 4.41952610015869 4.88301515579224 5.48456859588623 6.44195985794067 7.08794641494751 8.42313098907471 9.4673433303833 9.72874546051025 10.2380170822144 10.9945888519287 11.4081039428711 12.4042520523071 13.798150062561 14.6679010391235 15.6129665374756
24.6067123413086 24.9131851196289 25.3561553955078 25.9649543762207 26.5907764434814 27.0919876098633 27.3623847961426 27.3521575927734 26.4743061065674 25.3184051513672 23.9872856140137 22.3820323944092 18.4641094207764 11.335807800293 9.09346294403076 10.3303413391113 11.0071334838867 11.6275358200073 10.2669677734375 7.66361427307129 5.70964336395264 4.97304487228394 4.4769115447998 4.34936857223511 4.29612302780151 4.27442264556885 4.26775169372559 4.26300430297852 4.26276254653931 4.26389312744141 4.27701616287231 4.27769708633423 4.35304927825928 4.75561237335205 5.1743221282959 5.87975311279297 6.69748163223267 7.20060443878174 8.02585411071777 8.94194602966309 9.45984745025635 10.1477642059326 10.9953680038452 11.8812532424927 12.9010410308838 14.0321788787842 14.9376945495605
22.5082416534424 22.3941230773926 22.3872299194336 22.6360492706299 23.1190700531006 23.7030982971191 23.9196319580078 23.8394966125488 23.4950847625732 23.1393585205078 22.5183010101318 21.4109230041504 19.7332172393799 13.2328014373779 9.44874477386475 6.57175970077515 6.47440385818481 7.08405542373657 7.0122971534729 5.95337533950806 4.9616813659668 4.6716775894165 4.40236806869507 4.33549022674561 4.29303121566772 4.2660665512085 4.24492883682251 4.24915361404419 4.25123596191406 4.25738000869751 4.27886056900024 4.2910008430481 4.28131771087646 4.4642858505249 4.83207607269287 5.22925233840942 5.62251234054565 6.43234395980835 6.77214527130127 7.43460941314697 8.06764316558838 9.20912837982178 9.7822732925415 10.8618202209473 11.8693914413452 12.8578243255615 14.0059785842896
20.9017162322998 20.517110824585 20.3192901611328 20.4450931549072 20.5580406188965 20.7256946563721 20.9212322235107 21.1172618865967 21.2740726470947 21.1613082885742 20.4400463104248 19.6004810333252 17.5636863708496 13.0275850296021 8.95436191558838 5.85839509963989 5.22203540802002 5.33708333969116 5.51342582702637 4.97998714447021 4.79713344573975 4.404616355896 4.30192565917969 4.29453897476196 4.27811098098755 4.26314353942871 4.23999977111816 4.25037622451782 4.25463533401489 4.25470781326294 4.2582368850708 4.26535797119141 4.27882623672485 4.26699256896973 4.29760551452637 4.36244583129883 4.61301136016846 5.02066802978516 5.65703010559082 6.20954275131226 6.5185227394104 7.09225082397461 7.81083965301514 8.79369354248047 9.46587657928467 10.779956817627 11.9413547515869
