Ecospace-environmental-drivers/Outputs/ASCII-for-ecospace/Temp-bot/Temp-bot_X2009.10.asc
NCOLS 131 
NROWS 53 
XLLCORNER -98 
YLLCORNER 23.9265270233154 
CELLSIZE 0.133587792515755 
NODATA_value -3.4e+38 
[rows 21 to 41 of 53, columns 47 to 93 of 131]
20.6511478424072 20.1874198913574 20.0635566711426 20.1360187530518 20.2662830352783 20.522388458252 19.5705909729004 19.5518894195557 19.390588760376 17.9053726196289 15.9917297363281 14.6194019317627 12.3977384567261 9.36556148529053 7.65232276916504 6.15930128097534 5.15747356414795 4.94937181472778 4.92686414718628 4.74514198303223 4.49854803085327 4.38820505142212 4.28508472442627 4.27339744567871 4.27896070480347 4.28250932693481 4.27189350128174 4.27500152587891 4.2854266166687 4.31183004379272 4.31871128082275 4.303955078125 4.31296825408936 4.3129243850708 4.30702781677246 4.29861927032471 4.29006242752075 4.34428596496582 4.77489376068115 5.25017213821411 5.53794574737549 5.81796407699585 6.19901514053345 6.81320476531982 7.56581878662109 8.53961753845215 9.78534698486328
17.5160312652588 16.959602355957 16.806324005127 16.8238716125488 17.2334461212158 16.3115921020508 14.1580095291138 14.9354429244995 13.2399034500122 10.7833881378174 9.55569553375244 8.71576118469238 8.28004264831543 6.95452547073364 6.22397089004517 5.89788913726807 5.05199098587036 4.80574083328247 4.56028938293457 4.55412626266479 4.48839902877808 4.35683727264404 4.277663230896 4.2816309928894 4.27248096466064 4.27307891845703 4.28011322021484 4.27814149856567 4.2949366569519 4.31415891647339 4.31156015396118 4.30265331268311 4.30310010910034 4.30382919311523 4.30507469177246 4.30577707290649 4.30390167236328 4.30065298080444 4.29400777816772 4.27593278884888 4.41696643829346 4.59951972961426 4.89463138580322 5.46145963668823 6.12890958786011 6.58621835708618 7.63083696365356
12.6672439575195 12.5055103302002 13.1192951202393 12.1361560821533 11.1256332397461 9.83535003662109 10.073842048645 8.27141094207764 6.86059761047363 6.51196384429932 6.483802318573 6.78039836883545 6.18468046188354 5.7598934173584 5.25875902175903 5.10035371780396 4.88845348358154 4.61193227767944 4.48207378387451 4.44940042495728 4.4348292350769 4.36737823486328 4.2889838218689 4.28937149047852 4.2783522605896 4.2762303352356 4.28666830062866 4.29233026504517 4.3056788444519 4.31032037734985 4.30526161193848 4.30026865005493 4.30018520355225 4.29889822006226 4.30061769485474 4.3039493560791 4.30171871185303 4.30529594421387 4.36118078231812 4.3508038520813 4.3525276184082 4.3517951965332 4.30569744110107 4.39565801620483 4.90064144134521 5.70443296432495 6.36798191070557
7.64715337753296 7.6254301071167 7.0376935005188 7.52957248687744 7.25032234191895 6.506676197052 6.15997791290283 5.68987989425659 5.35590076446533 5.55236673355103 5.51199722290039 5.66418933868408 5.20268821716309 5.05618047714233 4.95560789108276 4.86171436309814 4.59604501724243 4.52514982223511 4.45298671722412 4.36462450027466 4.31992149353027 4.31934928894043 4.29622602462769 4.29620838165283 4.28611040115356 4.27952814102173 4.2913670539856 4.2952709197998 4.29826641082764 4.30190372467041 4.30429744720459 4.29768037796021 4.29694986343384 4.29568672180176 4.3376350402832 4.34540128707886 4.35074138641357 4.34240198135376 4.332603931427 4.31865310668945 4.34932374954224 4.35873460769653 4.35995864868164 4.3429126739502 4.31288480758667 4.68333053588867 5.47988414764404
5.68146133422852 5.5073618888855 5.44768953323364 5.33094549179077 5.16731357574463 5.36279821395874 5.01588773727417 5.11231565475464 4.93566799163818 4.93925285339355 4.89579010009766 4.88945579528809 4.87059307098389 4.83670616149902 4.80257081985474 4.59884405136108 4.36837959289551 4.33086633682251 4.33245372772217 4.29244804382324 4.26799869537354 4.26935529708862 4.27062320709229 4.26906776428223 4.27105093002319 4.27172946929932 4.28190994262695 4.29160976409912 4.29653549194336 4.30311393737793 4.29858207702637 4.29429531097412 4.29584264755249 4.30442571640015 4.32350778579712 4.35161876678467 4.34826803207397 4.35989856719971 4.35889196395874 4.32439804077148 4.33765316009521 4.35553169250488 4.35897541046143 4.36185550689697 4.36210060119629 4.30233669281006 4.66835641860962
4.93695592880249 5.00881910324097 4.96922159194946 4.54226589202881 4.53833627700806 4.74552440643311 4.74830293655396 4.63851499557495 4.75291109085083 4.69840621948242 4.76785469055176 4.74138116836548 4.80990219116211 4.60354137420654 4.43742275238037 4.34594202041626 4.28062629699707 4.27075290679932 4.27484273910522 4.27648591995239 4.27644920349121 4.27530145645142 4.26042985916138 4.25737047195435 4.26007890701294 4.26686859130859 4.27597808837891 4.28569889068604 4.29284286499023 4.29809617996216 4.29736280441284 4.29570293426514 4.29533910751343 4.34489774703979 4.35641717910767 4.36010217666626 4.36200332641602 4.35875129699707 4.35080575942993 4.35888957977295 4.35967636108398 4.36016750335693 4.36144208908081 4.36328840255737 4.3651647567749 4.36263513565063 4.31669187545776
4.50721216201782 4.52970314025879 4.42979621887207 4.34382486343384 4.34274053573608 4.39532041549683 4.44423198699951 4.55081129074097 4.58282661437988 4.46010494232178 4.4648289680481 4.46118545532227 4.43375873565674 4.41171026229858 4.32151460647583 4.29153823852539 4.26351022720337 4.26357221603394 4.26804494857788 4.27195692062378 4.27817964553833 4.26141595840454 4.26238441467285 4.26576519012451 4.26569175720215 4.26910972595215 4.27607488632202 4.28640747070312 4.29237794876099 4.29389381408691 4.29089260101318 4.29212427139282 4.29017496109009 4.28942823410034 4.3148889541626 4.36281967163086 4.3598051071167 4.35723543167114 4.36200761795044 4.36487436294556 4.36699104309082 4.36823558807373 4.36846303939819 4.36876153945923 4.36805772781372 4.3667140007019 4.3243088722229
4.40039491653442 4.31582832336426 4.26588821411133 4.26605606079102 4.34762716293335 4.32733631134033 4.32152128219604 4.38527965545654 4.38156127929688 4.39417552947998 4.39473628997803 4.33284521102905 4.29852819442749 4.29205751419067 4.26803398132324 4.27012538909912 4.26818180084229 4.26735210418701 4.26763916015625 4.26648998260498 4.26530647277832 4.26189374923706 4.26538324356079 4.26885175704956 4.27224349975586 4.27859449386597 4.2901406288147 4.28975296020508 4.29102468490601 4.29282331466675 4.29101085662842 4.29106092453003 4.28704881668091 4.28847360610962 4.30857372283936 4.31831645965576 4.35505485534668 4.36061811447144 4.36190128326416 4.36242485046387 4.36528348922729 4.36741256713867 4.36878538131714 4.3699197769165 4.37174844741821 4.36929512023926 4.35475635528564
4.28473806381226 4.24778413772583 4.24765825271606 4.25517559051514 4.26329660415649 4.25878810882568 4.26956367492676 4.28625822067261 4.27965784072876 4.28804111480713 4.28228902816772 4.27459621429443 4.26901388168335 4.27465629577637 4.26856327056885 4.26587677001953 4.26428365707397 4.26660490036011 4.2703070640564 4.27233171463013 4.26854610443115 4.26406812667847 4.26464509963989 4.26970481872559 4.28389072418213 4.28125476837158 4.28419542312622 4.28849363327026 4.2902774810791 4.29010581970215 4.29138517379761 4.29338598251343 4.2943549156189 4.28973054885864 4.2874002456665 4.29184293746948 4.34715461730957 4.36021184921265 4.36003017425537 4.36176443099976 4.36442232131958 4.36637735366821 4.36825132369995 4.36949300765991 4.37108898162842 4.37216758728027 4.36711549758911
4.25219392776489 4.25696086883545 4.30713081359863 4.29861640930176 4.26179838180542 4.27875471115112 4.26081991195679 4.2638635635376 4.26557970046997 4.27145624160767 4.27168893814087 4.27840709686279 4.2994441986084 4.27755212783813 4.26995897293091 4.27525758743286 4.29352951049805 4.29951906204224 4.2965202331543 4.28602981567383 4.27186727523804 4.26903820037842 4.26765155792236 4.26936006546021 4.2824559211731 4.2889289855957 4.28415632247925 4.28847694396973 4.28867626190186 4.28518390655518 4.29021501541138 4.29384326934814 4.29074096679688 4.29028844833374 4.2881293296814 4.29027414321899 4.34036254882812 4.3610577583313 4.36298799514771 4.36349153518677 4.36498880386353 4.36735057830811 4.37018728256226 4.37228631973267 4.37403059005737 4.3747935295105 4.37307786941528
4.29795789718628 4.26506280899048 4.28432989120483 4.28473806381226 4.26021289825439 4.2628812789917 4.26405715942383 4.27188444137573 4.27029705047607 4.2730770111084 4.29080295562744 4.30949115753174 4.30962038040161 4.30087089538574 4.3023509979248 4.3020076751709 4.30183744430542 4.30197620391846 4.29998064041138 4.29886150360107 4.28561210632324 4.27066564559937 4.27021503448486 4.26983690261841 4.27951240539551 4.28867626190186 4.29038333892822 4.29365158081055 4.29553747177124 4.2932505607605 4.29484367370605 4.29648876190186 4.2934103012085 4.28920459747314 4.2848105430603 4.28875207901001 4.34743499755859 4.36137723922729 4.36472082138062 4.3651123046875 4.3660774230957 4.36880970001221 4.37269926071167 4.37544679641724 4.37676763534546 4.37680149078369 4.37609148025513
4.27155303955078 4.26982116699219 4.27234554290771 4.28898477554321 4.26170873641968 4.27603769302368 4.27576112747192 4.26676750183105 4.27211856842041 4.31216287612915 4.31469249725342 4.31373929977417 4.31156396865845 4.31016635894775 4.30809688568115 4.30587100982666 4.30494976043701 4.30315780639648 4.30151462554932 4.30064296722412 4.2957067489624 4.28779172897339 4.2695689201355 4.26964855194092 4.27337837219238 4.28506088256836 4.29580974578857 4.29699420928955 4.29896306991577 4.29488563537598 4.29659032821655 4.30064964294434 4.29720544815063 4.29404449462891 4.2930154800415 4.29105281829834 4.34714555740356 4.35953378677368 4.36312198638916 4.36397171020508 4.36583471298218 4.36793661117554 4.37103271484375 4.37273454666138 4.37448501586914 4.37567615509033 4.3756537437439
4.27260160446167 4.27586126327515 4.27932977676392 4.28411769866943 4.27952146530151 4.27786254882812 4.27546548843384 4.28495836257935 4.30916547775269 4.31105327606201 4.31060981750488 4.30938863754272 4.30976104736328 4.30966234207153 4.30733680725098 4.30541181564331 4.30445909500122 4.30274057388306 4.30175542831421 4.30231523513794 4.30063009262085 4.29527759552002 4.28970527648926 4.29023551940918 4.28852891921997 4.2914514541626 4.29783725738525 4.29904794692993 4.29648971557617 4.29630517959595 4.29738283157349 4.29973983764648 4.29860925674438 4.29549837112427 4.29428482055664 4.3187313079834 4.35738229751587 4.35747194290161 4.36234903335571 4.36540985107422 4.36752414703369 4.36870288848877 4.37049627304077 4.37221240997314 4.37407207489014 4.37563323974609 4.37606906890869
4.26965427398682 4.27261018753052 4.27457571029663 4.27904224395752 4.28435945510864 4.2777853012085 4.30400943756104 4.31049871444702 4.30199146270752 4.30715894699097 4.34874820709229 4.36339807510376 4.34378290176392 4.35543870925903 4.34964656829834 4.32394742965698 4.30882501602173 4.29858541488647 4.29897928237915 4.30030345916748 4.30103778839111 4.29727077484131 4.29623603820801 4.29198455810547 4.29256534576416 4.29516887664795 4.29436111450195 4.29391241073608 4.29436159133911 4.29667663574219 4.29744577407837 4.30082893371582 4.31310606002808 4.33131551742554 4.35017347335815 4.35743951797485 4.35830688476562 4.35815668106079 4.36249160766602 4.36576557159424 4.36792373657227 4.36945867538452 4.36960697174072 4.37131214141846 4.37429332733154 4.37529373168945 4.37500047683716
4.26309251785278 4.26609754562378 4.26970958709717 4.27860450744629 4.28193712234497 4.28014755249023 4.34691286087036 4.35788869857788 4.35796928405762 4.36414766311646 4.36944675445557 4.3681640625 4.36621332168579 4.36487770080566 4.36232757568359 4.36184549331665 4.35854864120483 4.35372018814087 4.32979011535645 4.29677438735962 4.29839420318604 4.29931163787842 4.29833889007568 4.29686307907104 4.29536867141724 4.29561138153076 4.29516315460205 4.29522609710693 4.29619216918945 4.29729270935059 4.3148193359375 4.35286140441895 4.35838031768799 4.36041927337646 4.36060667037964 4.35862302780151 4.35744190216064 4.35781860351562 4.36048364639282 4.36359548568726 4.36680936813354 4.36935377120972 4.37014675140381 4.37235546112061 4.37490034103394 4.37402772903442 4.37423515319824
4.26694869995117 4.26874256134033 4.27485513687134 4.28464317321777 4.29885101318359 4.34919023513794 4.37181615829468 4.37276124954224 4.37118339538574 4.36857795715332 4.37083625793457 4.37274885177612 4.37093162536621 4.3673243522644 4.36552810668945 4.36450242996216 4.36225843429565 4.35994434356689 4.35885143280029 4.34759426116943 4.31532573699951 4.29811763763428 4.29825067520142 4.29756212234497 4.29624700546265 4.2963433265686 4.29752588272095 4.29801845550537 4.29977321624756 4.32194232940674 4.3536434173584 4.358482837677 4.36047792434692 4.3620433807373 4.36318492889404 4.36287403106689 4.36197280883789 4.36151218414307 4.36281490325928 4.3642725944519 4.36544799804688 4.36972045898438 4.37255954742432 4.37416124343872 4.3751163482666 4.37499904632568 4.37599897384644
4.27636098861694 4.28021287918091 4.30244159698486 4.363600730896 4.37904644012451 4.38266181945801 4.38221168518066 4.37881422042847 4.36911344528198 4.35890102386475 4.36847066879272 4.37505578994751 4.37337875366211 4.37034940719604 4.36862516403198 4.36672306060791 4.36452102661133 4.36302709579468 4.36264848709106 4.36113119125366 4.35790205001831 4.34222793579102 4.31644725799561 4.3330979347229 4.33264684677124 4.32183694839478 4.33203506469727 4.33304214477539 4.34636259078979 4.3556432723999 4.359375 4.36235237121582 4.36414051055908 4.36627197265625 4.36751365661621 4.36773061752319 4.36743259429932 4.36780738830566 4.36741590499878 4.36581468582153 4.36438798904419 4.3687481880188 4.37210130691528 4.37375116348267 4.37466144561768 4.37552261352539 4.37601518630981
4.29463672637939 4.30609321594238 4.3674373626709 4.38216733932495 4.38420343399048 4.38497304916382 4.38621950149536 4.38265657424927 4.37011289596558 4.35704851150513 4.35958766937256 4.37701940536499 4.3759503364563 4.37365531921387 4.37121343612671 4.36766719818115 4.36734962463379 4.36671781539917 4.36664485931396 4.3659200668335 4.36392402648926 4.36111736297607 4.35866117477417 4.35804271697998 4.35788726806641 4.35757064819336 4.3578634262085 4.35774183273315 4.35799980163574 4.36139678955078 4.36574172973633 4.36886978149414 4.37012052536011 4.37146043777466 4.37278413772583 4.37181234359741 4.37160301208496 4.37170886993408 4.3707160949707 4.36769247055054 4.3647289276123 4.36630535125732 4.36965084075928 4.37157487869263 4.37229061126709 4.37360191345215 4.3742036819458
4.35621881484985 4.37088012695312 4.37582540512085 4.37970066070557 4.38341426849365 4.38423824310303 4.38419103622437 4.38354825973511 4.37640523910522 4.36281251907349 4.35633373260498 4.36073541641235 4.37201738357544 4.37336778640747 4.37047386169434 4.36848068237305 4.36865663528442 4.37006759643555 4.37106084823608 4.37150526046753 4.37025690078735 4.36809682846069 4.36611700057983 4.36518478393555 4.36561632156372 4.36602067947388 4.3654088973999 4.36472988128662 4.36522531509399 4.36837244033813 4.37190389633179 4.3745231628418 4.37606191635132 4.37762784957886 4.37740135192871 4.37585973739624 4.37522649765015 4.37451934814453 4.37347793579102 4.37017965316772 4.36721086502075 4.36658382415771 4.368408203125 4.37035799026489 4.37236213684082 4.37454175949097 4.3744797706604
4.36407852172852 4.36070728302002 4.36305284500122 4.37623929977417 4.3788104057312 4.37663888931274 4.37756204605103 4.38282871246338 4.38272476196289 4.3693413734436 4.35923147201538 4.35838842391968 4.36345481872559 4.36364412307739 4.35802841186523 4.36183071136475 4.36848640441895 4.37226867675781 4.37421083450317 4.37617111206055 4.37700605392456 4.37432909011841 4.37318801879883 4.37274169921875 4.37409067153931 4.37430715560913 4.37328672409058 4.37167263031006 4.37244892120361 4.37513160705566 4.37756109237671 4.37924575805664 4.37925481796265 4.38106727600098 4.38150548934937 4.37964582443237 4.37719917297363 4.37636613845825 4.37539052963257 4.37258911132812 4.37031888961792 4.3691258430481 4.3698673248291 4.37141990661621 4.37345838546753 4.37488079071045 4.37156772613525
4.34910011291504 4.34954214096069 4.35341739654541 4.36893892288208 4.37295627593994 4.37260007858276 4.37519359588623 4.38079738616943 4.38350296020508 4.37442874908447 4.36569261550903 4.36363697052002 4.3509349822998 4.33878231048584 4.32868051528931 4.34071397781372 4.3585729598999 4.3628044128418 4.3665337562561 4.37073707580566 4.3767032623291 4.37938833236694 4.37824010848999 4.37887287139893 4.37946176528931 4.37981176376343 4.37976312637329 4.37874221801758 4.37926721572876 4.38096046447754 4.38181924819946 4.38111543655396 4.3812084197998 4.38243722915649 4.38358306884766 4.38107299804688 4.37815141677856 4.37685060501099 4.37557601928711 4.37380170822144 4.37200927734375 4.37181329727173 4.3724045753479 4.37386512756348 4.374107837677 4.36741924285889 4.36498165130615
