Ecospace-environmental-drivers/Outputs/ASCII-for-ecospace/Temp-bot/Temp-bot_X2007.03.asc
NCOLS 131 
NROWS 53 
XLLCORNER -98 
YLLCORNER 23.9265270233154 
CELLSIZE 0.133587792515755 
NODATA_value -3.4e+38 
[rows 0 to 20 of 53, columns 47 to 93 of 131]
-3.4e+38 -3.4e+38 -3.4e+38 -3.4e+38 -3.4e+38 -3.4e+38 -3.4e+38 -3.4e+38 -3.4e+38 -3.4e+38 -3.4e+38 -3.4e+38 -3.4e+38 -3.4e+38 -3.4e+38 -3.4e+38 -3.4e+38 -3.4e+38 -3.4e+38 -3.4e+38 -3.4e+38 -3.4e+38 -3.4e+38 -3.4e+38 -3.4e+38 -3.4e+38 -3.4e+38 -3.4e+38 -3.4e+38 -3.4e+38 -3.4e+38 -3.4e+38 -3.4e+38 -3.4e+38 -3.4e+38 -3.4e+38 -3.4e+38 -3.4e+38 -3.4e+38 -3.4e+38 -3.4e+38 -3.4e+38 -3.4e+38 -3.4e+38 -3.4e+38 -3.4e+38 -3.4e+38
-3.4e+38 -3.4e+38 -3.4e+38 -3.4e+38 -3.4e+38 -3.4e+38 -3.4e+38 -3.4e+38 -3.4e+38 -3.4e+38 -3.4e+38 -3.4e+38 -3.4e+38 -3.4e+38 -3.4e+38 -3.4e+38 -3.4e+38 -3.4e+38 -3.4e+38 -3.4e+38 -3.4e+38 -3.4e+38 -3.4e+38 -3.4e+38 -3.4e+38 -3.4e+38 -3.4e+38 -3.4e+38 -3.4e+38 -3.4e+38 -3.4e+38 -3.4e+38 -3.4e+38 -3.4e+38 -3.4e+38 -3.4e+38 -3.4e+38 -3.4e+38 -3.4e+38 -3.4e+38 -3.4e+38 -3.4e+38 -3.4e+38 -3.4e+38 -3.4e+38 -3.4e+38 -3.4e+38
-3.4e+38 -3.4e+38 -3.4e+38 -3.4e+38 -3.4e+38 -3.4e+38 -3.4e+38 -3.4e+38 -3.4e+38 -3.4e+38 -3.4e+38 -3.4e+38 -3.4e+38 -3.4e+38 -3.4e+38 -3.4e+38 -3.4e+38 -3.4e+38 -3.4e+38 -3.4e+38 -3.4e+38 -3.4e+38 -3.4e+38 -3.4e+38 -3.4e+38 -3.4e+38 -3.4e+38 20.548526763916 20.5444183349609 -3.4e+38 -3.4e+38 -3.4e+38 -3.4e+38 -3.4e+38 -3.4e+38 -3.4e+38 -3.4e+38 -3.4e+38 -3.4e+38 -3.4e+38 -3.4e+38 -3.4e+38 -3.4e+38 -3.4e+38 -3.4e+38 -3.4e+38 -3.4e+38
-3.4e+38 -3.4e+38 -3.4e+38 -3.4e+38 -3.4e+38 -3.4e+38 -3.4e+38 -3.4e+38 -3.4e+38 -3.4e+38 -3.4e+38 -3.4e+38 -3.4e+38 -3.4e+38 -3.4e+38 -3.4e+38 -3.4e+38 -3.4e+38 -3.4e+38 -3.4e+38 -3.4e+38 -3.4e+38 -3.4e+38 -3.4e+38 -3.4e+38 -3.4e+38 -3.4e+38 20.4324760437012 20.3220634460449 -3.4e+38 -3.4e+38 -3.4e+38 -3.4e+38 -3.4e+38 -3.4e+38 -3.4e+38 -3.4e+38 -3.4e+38 -3.4e+38 -3.4e+38 -3.4e+38 -3.4e+38 -3.4e+38 -3.4e+38 -3.4e+38 -3.4e+38 -3.4e+38
-3.4e+38 -3.4e+38 -3.4e+38 -3.4e+38 -3.4e+38 -3.4e+38 -3.4e+38 -3.4e+38 -3.4e+38 21.0371074676514 21.0371074676514 21.0365829467773 20.9811325073242 -3.4e+38 -3.4e+38 -3.4e+38 -3.4e+38 -3.4e+38 20.4538917541504 20.4177627563477 20.5365333557129 20.5145740509033 20.4594078063965 20.5893745422363 20.5628719329834 20.6026439666748 20.3694877624512 20.3136329650879 20.5273857116699 21.0610179901123 -3.4e+38 -3.4e+38 18.413179397583 18.3165950775146 18.4721260070801 18.4009456634521 18.2193431854248 18.4180564880371 18.2763156890869 17.8089370727539 17.9472045898438 17.8052024841309 -3.4e+38 -3.4e+38 -3.4e+38 -3.4e+38 -3.4e+38
-3.4e+38 -3.4e+38 -3.4e+38 -3.4e+38 -3.4e+38 -3.4e+38 -3.4e+38 -3.4e+38 21.0371074676514 21.0371074676514 21.0371074676514 21.0371074676514 21.036060333252 20.977970123291 20.8733959197998 -3.4e+38 20.7686500549316 20.7258224487305 20.4621715545654 20.2098121643066 19.7819118499756 19.4973640441895 20.0096244812012 19.9442138671875 19.8136653900146 19.4877243041992 19.3318023681641 19.6241474151611 19.8276271820068 20.9248886108398 18.7423877716064 18.6078929901123 18.4567890167236 18.1748580932617 18.1626052856445 18.1489906311035 18.0282974243164 17.8563861846924 17.712776184082 17.5829696655273 17.6071548461914 17.7480182647705 17.9184284210205 17.9520320892334 -3.4e+38 -3.4e+38 -3.4e+38
-3.4e+38 -3.4e+38 -3.4e+38 -3.4e+38 -3.4e+38 -3.4e+38 -3.4e+38 -3.4e+38 21.0488014221191 21.0371074676514 21.0371074676514 21.0371074676514 21.0371074676514 21.0350112915039 20.966365814209 20.8733959197998 20.8211212158203 20.6542625427246 20.4650459289551 19.87135887146 18.873477935791 18.2657737731934 17.8911781311035 18.1656627655029 18.2103157043457 17.9921817779541 17.842845916748 17.9416770935059 17.8435802459717 17.9246978759766 18.0553607940674 18.0788459777832 18.0812168121338 18.0469913482666 18.0336246490479 17.8808689117432 17.6723232269287 17.7057838439941 17.7137508392334 17.6889095306396 17.6752662658691 17.6888561248779 17.6962127685547 17.703800201416 17.8418865203857 18.0275382995605 -3.4e+38
-3.4e+38 -3.4e+38 -3.4e+38 -3.4e+38 -3.4e+38 -3.4e+38 -3.4e+38 -3.4e+38 -3.4e+38 -3.4e+38 21.0371074676514 21.0371074676514 21.0371074676514 -3.4e+38 21.0329170227051 20.9220390319824 20.9858245849609 20.9476699829102 20.7279243469238 20.3026218414307 19.7122669219971 19.2656631469727 18.0189914703369 17.6873645782471 17.6180591583252 17.6146678924561 17.5066356658936 17.4988689422607 17.276762008667 17.3361549377441 17.5582847595215 17.8129196166992 17.9666137695312 17.950008392334 17.7328071594238 16.6771793365479 16.3701305389404 17.3717803955078 17.7911491394043 17.8674049377441 17.9060039520264 17.9017429351807 17.9092044830322 17.8770179748535 17.710844039917 17.9724559783936 18.5849628448486
-3.4e+38 -3.4e+38 -3.4e+38 -3.4e+38 -3.4e+38 -3.4e+38 -3.4e+38 -3.4e+38 -3.4e+38 -3.4e+38 -3.4e+38 -3.4e+38 -3.4e+38 -3.4e+38 21.0469207763672 20.9202651977539 21.0381851196289 21.0367240905762 20.9548244476318 20.7064609527588 20.3719635009766 19.8027858734131 18.6205921173096 17.9128532409668 17.6111354827881 18.0583648681641 17.9345359802246 17.3098468780518 17.0302486419678 17.1033096313477 17.4077529907227 17.8389911651611 18.004940032959 17.6087589263916 15.533411026001 13.9966068267822 14.2784385681152 15.9033870697021 17.4797420501709 17.9653301239014 18.095760345459 18.1118030548096 18.0813751220703 18.0784225463867 18.0664310455322 17.857442855835 18.0929870605469
21.7718734741211 -3.4e+38 -3.4e+38 -3.4e+38 -3.4e+38 -3.4e+38 -3.4e+38 -3.4e+38 -3.4e+38 -3.4e+38 21.5246562957764 21.3528213500977 -3.4e+38 -3.4e+38 -3.4e+38 21.1115283966064 21.2064266204834 21.2483520507812 21.0342140197754 20.7694911956787 20.4637489318848 19.7213287353516 18.9092407226562 18.3321838378906 18.2067832946777 18.7401237487793 18.8272819519043 18.1580791473389 17.2467212677002 17.0887718200684 17.4271087646484 17.8523426055908 17.787935256958 14.4515361785889 12.9336528778076 13.3899726867676 13.8397150039673 14.3935680389404 15.2822256088257 16.823787689209 17.9260425567627 18.2495803833008 18.278284072876 18.2710056304932 18.3020000457764 18.1478252410889 17.9057922363281
21.651388168335 21.7569332122803 -3.4e+38 -3.4e+38 -3.4e+38 -3.4e+38 -3.4e+38 -3.4e+38 -3.4e+38 -3.4e+38 21.7536239624023 21.6766185760498 21.6685371398926 -3.4e+38 -3.4e+38 21.1764812469482 21.2075462341309 21.3530464172363 21.1032810211182 20.7749118804932 20.195858001709 19.7082633972168 19.2190799713135 18.6647357940674 18.6657180786133 18.8684272766113 18.9750213623047 18.6808376312256 17.9066371917725 17.6770515441895 17.7763423919678 17.9094791412354 16.880838394165 12.0172481536865 11.0301532745361 11.3955249786377 12.4144144058228 12.9849100112915 14.1137886047363 15.0269947052002 16.9126205444336 18.0794086456299 18.329345703125 18.4305744171143 18.4964199066162 18.4885139465332 18.2296924591064
21.5698776245117 21.7164154052734 21.8330860137939 21.8225879669189 -3.4e+38 -3.4e+38 -3.4e+38 -3.4e+38 -3.4e+38 -3.4e+38 -3.4e+38 21.7061061859131 21.5727691650391 21.6685371398926 21.1346206665039 21.0398693084717 21.3975486755371 21.1205425262451 21.0338535308838 20.52760887146 19.9620399475098 19.5481090545654 19.0183658599854 18.672981262207 18.535041809082 18.4987945556641 18.5036964416504 18.2244358062744 17.7670631408691 17.7238063812256 17.7581043243408 16.2012004852295 11.3649845123291 9.26132392883301 8.65406513214111 8.4907865524292 9.15781402587891 10.3217687606812 11.9147500991821 13.3430957794189 14.8418645858765 17.0761547088623 18.2108707427979 18.5035381317139 18.5639705657959 18.6665630340576 18.4518928527832
20.8619384765625 21.3852977752686 21.6882972717285 21.9463787078857 -3.4e+38 -3.4e+38 -3.4e+38 -3.4e+38 21.8689994812012 21.8401107788086 21.6780071258545 21.4283409118652 21.7342052459717 21.3155670166016 20.3778991699219 20.4393329620361 20.7914085388184 20.3183898925781 20.871150970459 20.514310836792 19.5870628356934 18.874324798584 18.3597545623779 18.227668762207 17.9954853057861 17.7839031219482 17.2787132263184 15.8869104385376 15.2890539169312 14.6398591995239 11.8239688873291 8.70351696014404 6.83185148239136 6.79838562011719 6.55023145675659 6.3836727142334 8.46060466766357 9.08520889282227 9.72778415679932 11.0670804977417 12.4517316818237 14.0057907104492 16.2544326782227 17.909574508667 18.4078598022461 18.5802841186523 18.6217269897461
20.3146305084229 20.5817260742188 21.054370880127 21.5906543731689 21.7688159942627 21.6759643554688 21.7064743041992 21.7210636138916 21.717399597168 21.5401172637939 21.3882255554199 21.6308917999268 20.7103748321533 19.8737983703613 19.590784072876 19.9927291870117 20.8377056121826 21.0815353393555 21.0610523223877 20.2987899780273 19.8278369903564 18.3819675445557 18.0116710662842 16.5676727294922 14.5941848754883 13.4121084213257 11.0733871459961 9.04386329650879 7.87768983840942 6.32232904434204 5.16835880279541 4.86427783966064 4.95183944702148 5.44621896743774 5.64597988128662 6.21943283081055 7.97707748413086 9.09045600891113 9.49795818328857 10.0204296112061 10.9539794921875 12.1534976959229 13.5151243209839 14.7902135848999 17.189359664917 18.0581970214844 18.5416889190674
19.9342651367188 20.0577087402344 20.4488391876221 20.9584426879883 21.267749786377 21.3914642333984 21.448335647583 21.2958431243896 21.0202350616455 20.5971069335938 20.1818790435791 19.61989402771 19.6168346405029 19.6887874603271 19.4420528411865 19.4446353912354 19.9382286071777 22.0254516601562 21.9151439666748 20.7013874053955 18.6746349334717 16.0970916748047 14.1804122924805 10.4459228515625 8.20247173309326 7.06313419342041 5.48601388931274 4.90448331832886 4.60646629333496 4.36342906951904 4.35031366348267 4.35180234909058 4.40031719207764 4.93351554870605 5.39834690093994 6.33957576751709 7.71871137619019 9.15719985961914 9.44516372680664 10.0003023147583 10.4739055633545 11.4269208908081 12.6654100418091 13.5463104248047 14.5318479537964 15.9630880355835 18.4586505889893
19.1585159301758 19.3036441802979 19.7881469726562 20.1776332855225 20.1359004974365 20.0625991821289 20.0177249908447 19.8945789337158 19.6993713378906 19.4902839660645 19.5020389556885 19.6317157745361 19.793758392334 19.78098487854 19.2214546203613 18.8925037384033 19.1937961578369 20.0585403442383 18.9296627044678 17.985559463501 14.5976552963257 10.7381248474121 8.94655418395996 7.23460388183594 5.60198259353638 4.94221353530884 4.64120864868164 4.3118143081665 4.27979850769043 4.27807140350342 4.27408456802368 4.27880907058716 4.33306121826172 4.88087511062622 5.50760746002197 6.48697805404663 7.72487592697144 8.74586391448975 9.46249198913574 9.81422519683838 10.3819313049316 10.441047668457 11.7376623153687 13.1516618728638 14.2374134063721 14.5936737060547 16.2721633911133
19.1957893371582 19.1412372589111 19.2175540924072 19.4613456726074 19.496223449707 19.3633289337158 19.2674217224121 19.3017807006836 19.4342708587646 19.5599842071533 19.6404914855957 19.6038017272949 19.5143661499023 19.2088794708252 18.4373302459717 18.0669040679932 17.8675575256348 17.6646556854248 15.590913772583 11.7391338348389 8.56467914581299 6.20775651931763 5.39914798736572 5.02570247650146 4.68764972686768 4.45727634429932 4.29524850845337 4.27846956253052 4.265625 4.26483821868896 4.26476955413818 4.27468156814575 4.35506963729858 4.8703875541687 5.47686243057251 6.29257249832153 7.44045639038086 8.32678604125977 9.52672958374023 9.69013404846191 10.024266242981 10.6049098968506 11.3612337112427 12.391227722168 13.6943693161011 14.6720867156982 15.2429428100586
19.5812187194824 19.5165939331055 19.4063625335693 19.2925891876221 19.1934967041016 19.2475166320801 19.3294773101807 19.488956451416 19.6689434051514 19.7819766998291 19.6893692016602 18.9181480407715 17.0052242279053 14.1748781204224 14.9954042434692 16.6705055236816 16.4074764251709 14.9768552780151 12.5101099014282 8.77794170379639 5.67465877532959 4.92001676559448 4.72459697723389 4.4000415802002 4.31683158874512 4.29098558425903 4.28011703491211 4.2653923034668 4.25975656509399 4.26237821578979 4.26610136032104 4.28068256378174 4.37637710571289 4.80840873718262 5.33778429031372 6.10050964355469 6.70288801193237 7.91903257369995 8.94124698638916 9.55668449401855 9.98200798034668 10.6077852249146 11.1275844573975 11.8997430801392 13.4927978515625 14.3758325576782 14.9746513366699
19.6905155181885 19.7033424377441 19.7588138580322 19.7658309936523 19.7288494110107 19.6875286102295 19.737211227417 19.7854328155518 19.7754554748535 19.645580291748 19.3404884338379 18.6251564025879 16.6423873901367 10.386248588562 8.07121086120605 9.47488307952881 10.0960540771484 10.7619924545288 9.53615856170654 7.22012710571289 5.53904867172241 4.83511304855347 4.41651630401611 4.32059478759766 4.29169225692749 4.28390073776245 4.26748657226562 4.26041793823242 4.26172924041748 4.26503705978394 4.27787446975708 4.27669525146484 4.34701490402222 4.73885440826416 5.08997249603271 5.71916818618774 6.30518960952759 6.99895524978638 7.78420400619507 8.94490718841553 9.62848472595215 10.0694522857666 10.5579986572266 11.211630821228 11.9429969787598 13.5255184173584 14.6215305328369
19.5408344268799 19.5902099609375 19.6452369689941 19.6980762481689 19.7509956359863 19.737419128418 19.6677131652832 19.6095123291016 19.5320014953613 19.3744125366211 19.0605545043945 18.4733123779297 17.4525413513184 12.3058433532715 8.47195148468018 6.07181978225708 6.0538649559021 6.4794750213623 6.46672582626343 5.70038747787476 4.76664781570435 4.55566644668579 4.35048294067383 4.30255270004272 4.28847885131836 4.28100442886353 4.26557350158691 4.26303911209106 4.26463937759399 4.26696443557739 4.27913284301758 4.28081846237183 4.28782367706299 4.43181467056274 4.81679534912109 5.21936702728271 5.55208444595337 6.14255428314209 6.91279029846191 7.47242069244385 8.18222618103027 9.25802707672119 9.6693058013916 10.276439666748 10.8411254882812 11.7073612213135 13.1736898422241
19.3191108703613 19.0919818878174 18.9418067932129 18.9987297058105 19.0635395050049 19.0775928497314 19.0651454925537 18.9845714569092 18.8886127471924 18.7026596069336 17.9901828765869 17.2994785308838 15.6250848770142 11.94895362854 7.99866056442261 5.53734254837036 5.08799409866333 5.12918281555176 5.20819330215454 4.74208736419678 4.56725788116455 4.34935283660889 4.30313634872437 4.2931604385376 4.28802871704102 4.27557563781738 4.26415395736694 4.26469850540161 4.26659297943115 4.26902961730957 4.27273082733154 4.27964353561401 4.27929210662842 4.26995182037354 4.30399608612061 4.36378145217896 4.61557722091675 5.06231498718262 5.62483882904053 6.10758018493652 6.36358690261841 6.93880462646484 7.4232063293457 8.3176097869873 8.96559238433838 10.0315055847168 10.9518842697144
