Ecospace-environmental-drivers/Outputs/ASCII-for-ecospace/Temp-bot/Temp-bot_X2015.07.asc
NCOLS 131 
NROWS 53 
XLLCORNER -98 
YLLCORNER 23.9265270233154 
CELLSIZE 0.133587792515755 
NODATA_value -3.4e+38 
[rows 0 to 20 of 53, columns 47 to 93 of 131]
-3.4e+38 -3.4e+38 -3.4e+38 -3.4e+38 -3.4e+38 -3.4e+38 -3.4e+38 -3.4e+38 -3.4e+38 -3.4e+38 -3.4e+38 -3.4e+38 -3.4e+38 -3.4e+38 -3.4e+38 -3.4e+38 -3.4e+38 -3.4e+38 -3.4e+38 -3.4e+38 -3.4e+38 -3.4e+38 -3.4e+38 -3.4e+38 -3.4e+38 -3.4e+38 -3.4e+38 -3.4e+38 -3.4e+38 -3.4e+38 -3.4e+38 -3.4e+38 -3.4e+38 -3.4e+38 -3.4e+38 -3.4e+38 -3.4e+38 -3.4e+38 -3.4e+38 -3.4e+38 -3.4e+38 -3.4e+38 -3.4e+38 -3.4e+38 -3.4e+38 -3.4e+38 -3.4e+38
-3.4e+38 -3.4e+38 -3.4e+38 -3.4e+38 -3.4e+38 -3.4e+38 -3.4e+38 -3.4e+38 -3.4e+38 -3.4e+38 -3.4e+38 -3.4e+38 -3.4e+38 -3.4e+38 -3.4e+38 -3.4e+38 -3.4e+38 -3.4e+38 -3.4e+38 -3.4e+38 -3.4e+38 -3.4e+38 -3.4e+38 -3.4e+38 -3.4e+38 -3.4e+38 -3.4e+38 -3.4e+38 -3.4e+38 -3.4e+38 -3.4e+38 -3.4e+38 -3.4e+38 -3.4e+38 -3.4e+38 -3.4e+38 -3.4e+38 -3.4e+38 -3.4e+38 -3.4e+38 -3.4e+38 -3.4e+38 -3.4e+38 -3.4e+38 -3.4e+38 -3.4e+38 -3.4e+38
-3.4e+38 -3.4e+38 -3.4e+38 -3.4e+38 -3.4e+38 -3.4e+38 -3.4e+38 -3.4e+38 -3.4e+38 -3.4e+38 -3.4e+38 -3.4e+38 -3.4e+38 -3.4e+38 -3.4e+38 -3.4e+38 -3.4e+38 -3.4e+38 -3.4e+38 -3.4e+38 -3.4e+38 -3.4e+38 -3.4e+38 -3.4e+38 -3.4e+38 -3.4e+38 -3.4e+38 31.1230735778809 31.1230735778809 -3.4e+38 -3.4e+38 -3.4e+38 -3.4e+38 -3.4e+38 -3.4e+38 -3.4e+38 -3.4e+38 -3.4e+38 -3.4e+38 -3.4e+38 -3.4e+38 -3.4e+38 -3.4e+38 -3.4e+38 -3.4e+38 -3.4e+38 -3.4e+38
-3.4e+38 -3.4e+38 -3.4e+38 -3.4e+38 -3.4e+38 -3.4e+38 -3.4e+38 -3.4e+38 -3.4e+38 -3.4e+38 -3.4e+38 -3.4e+38 -3.4e+38 -3.4e+38 -3.4e+38 -3.4e+38 -3.4e+38 -3.4e+38 -3.4e+38 -3.4e+38 -3.4e+38 -3.4e+38 -3.4e+38 -3.4e+38 -3.4e+38 -3.4e+38 -3.4e+38 31.1115741729736 31.1345710754395 -3.4e+38 -3.4e+38 -3.4e+38 -3.4e+38 -3.4e+38 -3.4e+38 -3.4e+38 -3.4e+38 -3.4e+38 -3.4e+38 -3.4e+38 -3.4e+38 -3.4e+38 -3.4e+38 -3.4e+38 -3.4e+38 -3.4e+38 -3.4e+38
-3.4e+38 -3.4e+38 -3.4e+38 -3.4e+38 -3.4e+38 -3.4e+38 -3.4e+38 -3.4e+38 -3.4e+38 31.3122959136963 31.2869567871094 31.2869567871094 31.2869567871094 -3.4e+38 -3.4e+38 -3.4e+38 -3.4e+38 -3.4e+38 30.8600959777832 30.779369354248 30.739408493042 30.7701015472412 30.9427242279053 31.0594806671143 31.139347076416 31.1411323547363 31.0126457214355 30.918399810791 31.0394592285156 31.1304893493652 -3.4e+38 -3.4e+38 31.0237445831299 30.8431129455566 31.5075950622559 31.3398895263672 29.7731628417969 29.8891830444336 30.869758605957 31.3873138427734 31.6473026275635 29.1587371826172 -3.4e+38 -3.4e+38 -3.4e+38 -3.4e+38 -3.4e+38
-3.4e+38 -3.4e+38 -3.4e+38 -3.4e+38 -3.4e+38 -3.4e+38 -3.4e+38 -3.4e+38 31.3418502807617 31.3236503601074 31.296724319458 31.2869567871094 31.2452621459961 31.2246551513672 31.1942729949951 -3.4e+38 30.978832244873 30.8155250549316 30.9598579406738 30.7603359222412 30.6179122924805 30.8399772644043 30.8524150848389 31.135778427124 31.1902484893799 31.0920143127441 30.2073497772217 30.9285945892334 31.0543899536133 31.2935333251953 29.7513980865479 31.2228374481201 31.1037330627441 30.744665145874 30.0164585113525 27.4352741241455 25.1354217529297 25.0304737091064 25.4463768005371 26.0803489685059 27.6130218505859 28.2158851623535 26.2478256225586 27.7419967651367 -3.4e+38 -3.4e+38 -3.4e+38
-3.4e+38 -3.4e+38 -3.4e+38 -3.4e+38 -3.4e+38 -3.4e+38 -3.4e+38 -3.4e+38 31.3369255065918 31.3418502807617 31.3054523468018 31.2526359558105 31.2225570678711 31.2188949584961 31.2325134277344 31.1314086914062 31.0361194610596 30.768970489502 30.4971523284912 30.5318431854248 30.2837543487549 29.883472442627 29.5949897766113 29.9204082489014 29.6385517120361 29.2858066558838 29.1060047149658 29.9132747650146 29.5539703369141 29.7228240966797 28.6938247680664 27.823974609375 26.6775341033936 25.8637981414795 24.4293575286865 23.1811370849609 22.6407337188721 22.8551979064941 22.9968452453613 23.1996555328369 22.9460010528564 23.2833366394043 25.3960018157959 28.0960750579834 29.7339153289795 29.2184257507324 -3.4e+38
-3.4e+38 -3.4e+38 -3.4e+38 -3.4e+38 -3.4e+38 -3.4e+38 -3.4e+38 -3.4e+38 -3.4e+38 -3.4e+38 31.3285064697266 31.2664451599121 31.2358417510986 -3.4e+38 31.1681232452393 30.9939422607422 30.8437023162842 30.7424259185791 30.8903045654297 30.7896671295166 30.2552757263184 28.9763565063477 25.6757125854492 24.2356796264648 24.4655456542969 24.571325302124 24.4505500793457 24.9998531341553 26.1372356414795 26.0038280487061 25.3145313262939 24.5014114379883 25.0150947570801 24.529727935791 22.9866008758545 20.3646621704102 19.0926570892334 20.4033279418945 21.4230766296387 21.8350887298584 22.1801586151123 22.450288772583 23.0286636352539 23.9849376678467 28.2472362518311 29.6741256713867 28.9816589355469
-3.4e+38 -3.4e+38 -3.4e+38 -3.4e+38 -3.4e+38 -3.4e+38 -3.4e+38 -3.4e+38 -3.4e+38 -3.4e+38 -3.4e+38 -3.4e+38 -3.4e+38 -3.4e+38 31.0136661529541 30.8573570251465 30.9542751312256 31.0030250549316 31.2062606811523 30.9710350036621 30.6059589385986 29.9891452789307 25.6698265075684 22.5627269744873 22.0853404998779 22.3184356689453 22.8184719085693 23.4976749420166 23.9384155273438 23.9506893157959 23.7234210968018 23.8875885009766 24.4103584289551 22.7271938323975 19.9702854156494 16.1730651855469 15.8540372848511 17.5786743164062 19.2980766296387 20.5705947875977 21.1800155639648 22.5817317962646 23.3613548278809 23.6232929229736 24.5108795166016 27.09645652771 30.1743965148926
31.6661529541016 -3.4e+38 -3.4e+38 -3.4e+38 -3.4e+38 -3.4e+38 -3.4e+38 -3.4e+38 -3.4e+38 -3.4e+38 31.315990447998 31.3008689880371 -3.4e+38 -3.4e+38 -3.4e+38 30.8906059265137 30.9680328369141 31.0119724273682 31.0180988311768 30.757137298584 30.8200073242188 30.1198654174805 26.2674179077148 22.1854000091553 20.9619750976562 21.261043548584 22.0946235656738 22.759334564209 23.0235137939453 22.8485679626465 23.0144824981689 23.1547355651855 22.0547294616699 18.182933807373 14.9517431259155 14.367564201355 15.0553398132324 15.5599422454834 17.3397312164307 18.4891242980957 19.7377643585205 22.1330528259277 23.3590145111084 23.5766010284424 24.0108261108398 25.0157203674316 28.5336608886719
31.755802154541 31.6697883605957 -3.4e+38 -3.4e+38 -3.4e+38 -3.4e+38 -3.4e+38 -3.4e+38 -3.4e+38 -3.4e+38 31.3233261108398 31.3456935882568 31.3488616943359 -3.4e+38 -3.4e+38 31.0907077789307 31.1707038879395 30.9322338104248 30.7992115020752 30.6484184265137 30.8914432525635 30.1207542419434 26.0314502716064 21.7317695617676 20.4723014831543 20.8216190338135 21.5268955230713 21.81422996521 21.7185535430908 21.7269668579102 22.3415775299072 21.6210689544678 18.7390823364258 13.9149312973022 12.5658779144287 12.6805839538574 13.9147453308105 14.6079635620117 15.411003112793 16.940544128418 18.4602031707764 22.3614616394043 23.1070709228516 24.0150318145752 24.1654472351074 24.742488861084 26.7080879211426
31.5185718536377 31.7349910736084 31.3706092834473 31.2445755004883 -3.4e+38 -3.4e+38 -3.4e+38 -3.4e+38 -3.4e+38 -3.4e+38 -3.4e+38 31.4994716644287 31.5044593811035 31.5044593811035 31.3329620361328 31.1614627838135 31.1400585174561 30.7320404052734 30.5768146514893 30.8507843017578 30.6579608917236 27.7831077575684 25.0004730224609 21.3788719177246 20.004674911499 20.1963806152344 20.5839099884033 20.7972660064697 20.9115600585938 20.9656105041504 20.6791591644287 19.4872264862061 17.188684463501 11.6687984466553 10.9202127456665 10.8695278167725 11.519097328186 12.5105590820312 13.8813190460205 15.2055282592773 16.9154396057129 18.5329723358154 21.3627758026123 24.0453300476074 23.4523391723633 25.5030765533447 27.1063022613525
31.4027614593506 31.2582988739014 31.1385478973389 31.3506031036377 -3.4e+38 -3.4e+38 -3.4e+38 -3.4e+38 31.7622623443604 31.7654190063477 31.6735801696777 31.4780292510986 31.4944839477539 31.5044593811035 31.3569602966309 31.2142200469971 31.1352062225342 31.1257514953613 30.6433963775635 30.4627952575684 27.9130344390869 24.2512874603271 21.5137710571289 19.6189994812012 19.4055213928223 19.5560817718506 19.6878356933594 19.5870342254639 19.4253635406494 19.3872108459473 18.1875801086426 15.1122589111328 10.6812839508057 8.96258163452148 8.24948406219482 7.64427423477173 8.45710468292236 10.1873073577881 11.8120632171631 13.1288013458252 15.1296033859253 16.938648223877 18.6904201507568 21.6271934509277 21.2627849578857 26.7590312957764 27.0900497436523
31.1166172027588 31.0982666015625 31.4129505157471 31.4287281036377 31.5164985656738 31.8199329376221 31.9153614044189 31.7596530914307 31.7611713409424 31.7659645080566 31.7691192626953 31.4856586456299 31.1364269256592 31.4845066070557 31.3533344268799 31.2810363769531 31.0999851226807 31.4789695739746 30.9781036376953 29.1529922485352 23.7223567962646 20.0677642822266 18.8673305511475 18.8190650939941 18.7377452850342 18.8695812225342 18.6689338684082 16.2224044799805 14.7232580184937 14.7356653213501 10.2814722061157 8.14084625244141 6.53686952590942 6.43416357040405 6.35582160949707 6.32370519638062 7.60029888153076 9.07613945007324 10.3606367111206 11.4878339767456 12.7349233627319 14.8746004104614 16.7429485321045 18.5500373840332 19.7370109558105 20.4290142059326 20.8188953399658
30.5456371307373 30.4527893066406 30.7081127166748 31.1632919311523 31.7245044708252 31.9153614044189 31.4763011932373 31.3677978515625 31.7596530914307 31.7626895904541 31.7755508422852 30.7015533447266 31.1957664489746 30.3609752655029 29.7980175018311 30.5864353179932 30.9925155639648 30.7779483795166 30.227424621582 30.6146621704102 24.9164791107178 18.1007919311523 18.0283889770508 17.4260158538818 14.7228403091431 13.8961715698242 11.7630767822266 9.06796741485596 7.36391830444336 5.58316946029663 4.93618965148926 4.62237644195557 4.78381204605103 5.25573444366455 5.56529092788696 6.10602617263794 6.87132835388184 8.7655200958252 10.1647129058838 10.6612730026245 11.5577154159546 12.6280689239502 13.3392744064331 15.4201154708862 17.6958618164062 18.1898078918457 19.3408241271973
30.3558883666992 30.2825222015381 30.410758972168 30.7551727294922 31.3271942138672 31.4225368499756 31.1850719451904 31.3822345733643 31.1442279815674 31.1752128601074 31.1026840209961 30.2339267730713 29.199836730957 27.2828693389893 25.9776096343994 27.2836208343506 30.1178283691406 31.5162944793701 29.5839824676514 28.2669715881348 20.325101852417 15.631706237793 14.5561895370483 10.9480590820312 8.97558975219727 7.22117471694946 5.41979885101318 4.83166599273682 4.47072744369507 4.30257797241211 4.28776597976685 4.30602836608887 4.37229204177856 4.780113697052 5.31527471542358 6.23968458175659 7.37479782104492 8.80282878875732 9.5919361114502 10.8116970062256 11.3050270080566 12.2596426010132 12.8338470458984 13.7581367492676 15.2262630462646 15.7804546356201 18.7737979888916
28.9494552612305 29.3669967651367 29.9281673431396 30.4002475738525 30.4832363128662 30.5119533538818 30.3675289154053 30.1539669036865 29.8965034484863 29.4383296966553 28.8768482208252 27.6203594207764 26.2254428863525 24.6253719329834 22.5656642913818 21.0814361572266 23.5309104919434 27.3826484680176 22.1185932159424 20.6033058166504 15.0050439834595 10.920166015625 9.45996379852295 7.37073993682861 5.42318820953369 4.84781646728516 4.42950582504272 4.29631376266479 4.25125551223755 4.23450565338135 4.23844909667969 4.24907159805298 4.27509689331055 4.7390661239624 5.48245239257812 6.40011978149414 7.73217105865479 9.18090057373047 9.61343479156494 11.054425239563 11.5949449539185 12.1903734207153 12.5593528747559 13.0948657989502 14.4159078598022 15.064341545105 16.4817752838135
28.4896125793457 28.6908016204834 29.1205978393555 29.8501472473145 30.4094905853271 30.1331157684326 29.6018447875977 29.0777797698975 28.9163932800293 28.5713081359863 27.4838466644287 25.6535148620605 24.4539413452148 22.4080448150635 19.2798290252686 18.1296901702881 18.4449863433838 18.5285167694092 15.9835844039917 12.222297668457 9.11761379241943 6.86116790771484 5.52548503875732 5.19064569473267 4.62719821929932 4.47707939147949 4.32630205154419 4.26246309280396 4.23757123947144 4.24110412597656 4.24908351898193 4.22864532470703 4.25505590438843 4.8050103187561 5.44709825515747 6.54886531829834 7.83993148803711 8.75111961364746 9.98811435699463 11.2157106399536 11.7021722793579 12.0415191650391 12.5025329589844 12.9521055221558 13.5429315567017 14.9463958740234 15.3713779449463
27.3622093200684 27.4966716766357 27.8572368621826 28.2955551147461 28.8388862609863 28.97243309021 28.5717926025391 28.303882598877 28.0672264099121 27.2821407318115 25.8853988647461 23.4493732452393 17.9510078430176 15.2888174057007 14.4864253997803 16.4943790435791 16.439172744751 15.3960380554199 13.3565740585327 9.07253170013428 6.24905776977539 4.93049430847168 4.59884119033813 4.3783745765686 4.20992660522461 4.22633075714111 4.24605274200439 4.25398588180542 4.26611566543579 4.26135110855103 4.24405574798584 4.1894702911377 4.26370525360107 4.85986852645874 5.40908098220825 5.97309398651123 6.73656988143921 7.85567569732666 9.33993148803711 10.1928024291992 11.7466926574707 11.9283847808838 12.2361927032471 12.7513303756714 13.5552711486816 14.1503372192383 15.3533096313477
24.7797069549561 25.0935554504395 25.2555999755859 25.5571727752686 26.0377368927002 26.3060417175293 26.4044532775879 26.5459632873535 25.7936038970947 24.7762718200684 23.8262042999268 21.7166595458984 16.7862243652344 10.8736619949341 8.99374008178711 10.9402418136597 10.7486171722412 12.5366582870483 10.653603553772 7.86873197555542 5.56861257553101 4.60899782180786 4.37330722808838 4.22322607040405 4.19132423400879 4.19887065887451 4.25770473480225 4.27433013916016 4.26779699325562 4.25755500793457 4.22336626052856 4.17670202255249 4.20677661895752 4.61951446533203 5.16141176223755 5.63637685775757 6.41698694229126 6.85966730117798 7.8017692565918 9.19127559661865 10.2875556945801 11.5882396697998 11.9137887954712 12.5446853637695 12.9109163284302 13.4464826583862 14.5767583847046
22.5989170074463 22.4156112670898 22.5499687194824 22.7650585174561 23.0227222442627 23.8328552246094 24.1667461395264 24.0811386108398 23.5830898284912 23.0116367340088 22.527530670166 21.0981006622314 18.5676212310791 11.4355506896973 8.89027500152588 6.12434005737305 6.18298053741455 7.03875160217285 6.69182014465332 5.76586198806763 4.81875610351562 4.45291709899902 4.30410861968994 4.20551204681396 4.20368909835815 4.21124601364136 4.27385473251343 4.27019643783569 4.26176929473877 4.24122953414917 4.19712495803833 4.18303346633911 4.2207202911377 4.3650484085083 4.61339807510376 4.98236894607544 5.4224591255188 5.87500333786011 6.43430995941162 7.16230916976929 8.29066944122314 9.18526458740234 10.9334564208984 11.6892156600952 12.0557622909546 12.5141592025757 13.5721092224121
