Ecospace-environmental-drivers/Outputs/ASCII-for-ecospace/Temp-bot/Temp-bot_X2003.05.asc
NCOLS 131 
NROWS 53 
XLLCORNER -98 
YLLCORNER 23.9265270233154 
CELLSIZE 0.133587792515755 
NODATA_value -3.4e+38 
[rows 21 to 41 of 53, columns 0 to 46 of 131]
-3.4e+38 -3.4e+38 -3.4e+38 -3.4e+38 -3.4e+38 -3.4e+38 27.2106094360352 27.2964401245117 27.0594692230225 27.6290493011475 26.5724563598633 25.4201030731201 24.15651512146 23.5139675140381 22.9296913146973 22.7395553588867 22.2821559906006 21.9412040710449 21.6248264312744 21.1915950775146 20.7292098999023 20.3740406036377 20.2291793823242 20.3518657684326 20.3374977111816 20.5065231323242 20.5735054016113 20.2709350585938 20.0287303924561 19.7545909881592 19.6275939941406 19.4500102996826 19.2000331878662 18.892147064209 18.7216548919678 18.6458873748779 18.635139465332 18.6563148498535 18.701343536377 18.7524032592773 18.8043766021729 18.9427452087402 19.0493221282959 19.1929988861084 19.3103466033936 19.3941402435303 19.413646697998
-3.4e+38 -3.4e+38 -3.4e+38 -3.4e+38 -3.4e+38 -3.4e+38 27.3947830200195 26.9406051635742 27.2964401245117 26.2529182434082 24.896146774292 23.4463920593262 22.3360996246338 21.4603519439697 21.129467010498 20.8699512481689 20.6930522918701 20.5952491760254 20.4113674163818 19.9269008636475 19.3686180114746 19.1519622802734 19.157527923584 19.2569389343262 19.3626041412354 19.5544490814209 19.4014205932617 19.2635078430176 19.4142360687256 19.5027103424072 19.3758525848389 19.1435604095459 18.8630676269531 18.5531177520752 18.4328327178955 18.2797908782959 18.0717697143555 17.957052230835 17.8487319946289 17.495756149292 17.7994079589844 18.0573501586914 17.4491996765137 17.9836921691895 18.3784770965576 18.3329734802246 18.2285404205322
-3.4e+38 -3.4e+38 -3.4e+38 -3.4e+38 27.5447769165039 27.5089721679688 27.0902290344238 27.3947830200195 26.13059425354 24.5234317779541 22.9633922576904 21.2506999969482 20.231086730957 19.8687591552734 19.7914600372314 19.9106369018555 19.8403186798096 19.8171520233154 19.5975570678711 18.8352298736572 17.8468627929688 16.4256153106689 15.3284826278687 14.6721277236938 15.1002311706543 14.8206081390381 14.7694206237793 15.9003295898438 17.4415245056152 16.6534481048584 17.808614730835 18.2148380279541 18.2240505218506 16.5821075439453 17.8153705596924 16.9326820373535 15.8504257202148 15.8188104629517 14.5135831832886 11.6105985641479 12.2738332748413 12.0305557250977 13.9895038604736 12.463978767395 13.6261796951294 14.0620155334473 14.6338167190552
-3.4e+38 -3.4e+38 -3.4e+38 -3.4e+38 27.731517791748 27.3938407897949 27.5089721679688 26.3669300079346 24.4025001525879 22.5710716247559 20.8764514923096 19.9381008148193 19.6540622711182 19.5454750061035 19.489164352417 19.5546474456787 18.9928607940674 16.3075313568115 14.8624210357666 12.7017803192139 10.3079776763916 9.04912567138672 9.47152900695801 9.73915863037109 10.0659379959106 10.086009979248 10.7230567932129 10.0629358291626 10.7022609710693 10.3530578613281 11.0964097976685 12.6332530975342 13.3387861251831 14.0657205581665 14.9429531097412 14.3335828781128 14.9283428192139 13.6869792938232 11.1750040054321 8.15195941925049 8.65289306640625 9.13724231719971 9.44107246398926 8.68068408966064 8.15092754364014 8.68120098114014 7.66348743438721
-3.4e+38 -3.4e+38 -3.4e+38 -3.4e+38 -3.4e+38 27.731517791748 26.941032409668 24.8994293212891 22.7130737304688 20.7329387664795 19.7934627532959 19.5532970428467 19.328369140625 18.9455699920654 18.2945346832275 16.1522178649902 12.029580116272 8.8939847946167 8.23927593231201 7.21820831298828 6.37639713287354 6.22636795043945 6.35440635681152 6.57033014297485 7.01604986190796 6.71698760986328 6.84896087646484 6.92343282699585 6.63970184326172 6.71957063674927 6.88030862808228 8.05737018585205 8.94046115875244 11.2147550582886 10.9359979629517 11.3502626419067 10.6018915176392 8.60602951049805 6.42734718322754 6.24876165390015 6.91180086135864 6.93685150146484 6.27152299880981 6.16906929016113 6.10031032562256 6.32004642486572 6.09302663803101
-3.4e+38 -3.4e+38 -3.4e+38 -3.4e+38 -3.4e+38 27.5050716400146 25.7832908630371 23.4920635223389 21.328311920166 19.7500514984131 19.5087280273438 19.2379207611084 18.5859317779541 17.2742729187012 14.7115898132324 11.6317796707153 8.07366847991943 6.43073511123657 6.16133069992065 5.59828090667725 5.24739360809326 5.2603964805603 5.29259586334229 5.53000020980835 5.37295246124268 5.46996641159058 5.41222429275513 5.2993426322937 5.51714324951172 5.32589769363403 5.68688011169434 6.19296789169312 7.08434104919434 7.7629075050354 6.83258581161499 7.33586454391479 6.84683990478516 5.84234809875488 5.66962814331055 5.44245386123657 5.71239137649536 5.39513111114502 5.55230712890625 5.57379865646362 5.64641618728638 5.70250463485718 5.20552778244019
-3.4e+38 -3.4e+38 29.1598205566406 28.9879417419434 27.7691955566406 26.9428634643555 24.5784378051758 22.4627227783203 20.3971080780029 19.4870471954346 19.262378692627 18.6370449066162 17.5913333892822 14.5826215744019 10.9459638595581 9.35109233856201 6.77034854888916 5.40749835968018 5.05124998092651 4.99488973617554 5.06076812744141 5.05661821365356 5.06214427947998 5.02952814102173 5.01043748855591 5.04104804992676 4.83285045623779 4.76207113265991 4.85454893112183 5.06092929840088 5.38049173355103 5.60736989974976 5.79616689682007 5.84765672683716 5.84927558898926 5.67924499511719 5.62112474441528 5.56900501251221 5.35401010513306 5.2006254196167 5.20188522338867 5.15850734710693 4.86825323104858 4.77683591842651 4.98421907424927 4.9427490234375 4.64081144332886
-339999999999999996128486808808066248288.000000000000000 -3.4e+38 -3.4e+38 -3.4e+38 28.8160629272461 26.4221630096436 23.5883598327637 21.5577201843262 19.7782917022705 19.3373908996582 18.9591255187988 18.00390625 15.1551151275635 11.1138000488281 9.32454872131348 7.63521528244019 5.71787309646606 5.10818147659302 4.98202085494995 4.93576717376709 4.99817848205566 4.88894891738892 4.87948083877563 4.89992809295654 4.97067308425903 4.95503664016724 4.72363805770874 4.84565210342407 4.61747789382935 4.83156490325928 5.05175924301147 5.11543798446655 5.29717063903809 5.39872217178345 5.39413690567017 5.28221845626831 5.19529485702515 5.05669116973877 5.07430362701416 4.96417093276978 4.74723434448242 4.66849136352539 4.45148324966431 4.43273639678955 4.44945335388184 4.44324731826782 4.41827726364136
-3.4e+38 -3.4e+38 -3.4e+38 -3.4e+38 28.3540687561035 25.8593139648438 23.1015968322754 21.036865234375 19.5950736999512 19.2268524169922 18.6603412628174 17.0270214080811 12.6712045669556 9.35294723510742 7.15069770812988 6.26351356506348 5.79194736480713 5.23523426055908 5.00962495803833 5.00457715988159 4.71525716781616 4.4653491973877 4.4351282119751 4.43232488632202 4.42598009109497 4.65014982223511 4.4944314956665 4.48429012298584 4.26907873153687 4.78284072875977 4.86673927307129 4.93472194671631 4.80432939529419 4.9769606590271 4.92678689956665 4.59567499160767 4.70391750335693 4.68393707275391 4.60266447067261 4.52714920043945 4.46508121490479 4.42390584945679 4.37523698806763 4.33259201049805 4.37903356552124 4.34668016433716 4.30366039276123
-3.4e+38 -3.4e+38 -3.4e+38 -3.4e+38 28.1061611175537 25.8691864013672 23.2908363342285 20.950044631958 19.5427913665771 19.1700534820557 18.5107383728027 15.304160118103 10.4427366256714 8.08592319488525 6.32895374298096 5.87293195724487 5.31333351135254 5.14199018478394 4.52810478210449 4.49327564239502 4.39845180511475 4.40065717697144 4.42613697052002 4.43425464630127 4.36364793777466 4.41832256317139 4.61244630813599 4.03003168106079 4.08043050765991 4.41831302642822 4.79790067672729 4.60996580123901 4.54343938827515 4.5974383354187 4.51041030883789 4.46812677383423 4.49151659011841 4.52843141555786 4.47572803497314 4.45987796783447 4.41285943984985 4.37034130096436 4.32556486129761 4.33124256134033 4.30607938766479 4.31966590881348 4.31109809875488
-3.4e+38 -3.4e+38 -3.4e+38 -3.4e+38 29.1711769104004 26.2368545532227 23.5692749023438 21.5026798248291 19.7579555511475 19.1640739440918 18.3346118927002 14.9344158172607 9.87973022460938 7.52577590942383 6.07763433456421 5.11659145355225 4.89767456054688 4.75929307937622 4.46771049499512 4.40932273864746 4.34084939956665 4.30854988098145 4.40013551712036 4.41415166854858 4.40018939971924 4.43998670578003 4.80888223648071 4.67239284515381 4.23353576660156 4.41459655761719 4.45443487167358 4.3635139465332 4.37947130203247 4.39713382720947 4.41326093673706 4.42450618743896 4.4531683921814 4.45238924026489 4.38757371902466 4.32727766036987 4.31135129928589 4.29712963104248 4.29333639144897 4.29470443725586 4.29677820205688 4.30055046081543 4.31066846847534
-3.4e+38 -3.4e+38 -3.4e+38 -3.4e+38 29.0288887023926 26.8238925933838 24.2934074401855 22.4615917205811 20.5944442749023 19.4298934936523 18.6839904785156 16.785795211792 10.5390195846558 7.15330839157104 5.93000507354736 4.95905351638794 4.50506973266602 4.49000835418701 4.47868776321411 4.38728094100952 4.31603956222534 4.29361534118652 4.2939190864563 4.29717397689819 4.42284679412842 4.4279465675354 4.43095636367798 4.40011215209961 4.37071084976196 4.36591005325317 4.33420753479004 4.36186265945435 4.39397954940796 4.36880540847778 4.31286811828613 4.35206651687622 4.34084177017212 4.32233190536499 4.29789400100708 4.28407382965088 4.2823486328125 4.28527927398682 4.27984237670898 4.28695583343506 4.28692770004272 4.28481340408325 4.29081058502197
-3.4e+38 -3.4e+38 -3.4e+38 -3.4e+38 29.0799407958984 27.5374660491943 25.1302700042725 22.9733295440674 21.6177959442139 20.4879131317139 19.5805835723877 18.6533184051514 12.8730144500732 7.01885271072388 5.44208288192749 5.03110218048096 4.60005474090576 4.47807598114014 4.41851282119751 4.35510015487671 4.30872774124146 4.30007314682007 4.29249668121338 4.28719568252563 4.29348516464233 4.26103687286377 4.26037454605103 4.27682209014893 4.26909732818604 4.29275846481323 4.30510139465332 4.36115026473999 4.33141994476318 4.29882144927979 4.2870020866394 4.30387878417969 4.30514287948608 4.29136419296265 4.28423833847046 4.28622961044312 4.27989673614502 4.27578115463257 4.26126575469971 4.25079727172852 4.27109479904175 4.28424739837646 4.28568649291992
-3.4e+38 -3.4e+38 -3.4e+38 -3.4e+38 -3.4e+38 26.9762153625488 25.9101657867432 23.6101551055908 21.867317199707 21.161075592041 20.669994354248 19.9116172790527 15.5717420578003 7.18462419509888 5.4829216003418 5.045241355896 4.67644119262695 4.46182250976562 4.3971905708313 4.32660722732544 4.308922290802 4.31289052963257 4.29636240005493 4.29056406021118 4.28922891616821 4.25750970840454 4.25678539276123 4.29883670806885 4.28945446014404 4.28085947036743 4.29214096069336 4.30052661895752 4.29684400558472 4.28956508636475 4.26658773422241 4.28627109527588 4.29250383377075 4.29167938232422 4.28886222839355 4.28682708740234 4.28082036972046 4.26722478866577 4.25802373886108 4.28332710266113 4.26138162612915 4.27602958679199 4.26824951171875
-3.4e+38 -3.4e+38 -3.4e+38 -3.4e+38 -3.4e+38 29.5319232940674 26.4080944061279 24.2843647003174 22.3193798065186 21.584005355835 21.3053779602051 20.2861461639404 15.9896907806396 7.53300142288208 5.63183641433716 5.01540517807007 4.90917444229126 4.4866509437561 4.37150716781616 4.30889749526978 4.29949903488159 4.29934787750244 4.26983594894409 4.27857685089111 4.26751518249512 4.25895881652832 4.25560569763184 4.25138282775879 4.2531795501709 4.28101348876953 4.30344390869141 4.30233573913574 4.30138874053955 4.2932014465332 4.25098180770874 4.23935174942017 4.28091096878052 4.30046796798706 4.30123805999756 4.29797601699829 4.29607248306274 4.25246381759644 4.24144172668457 4.25155353546143 4.25885581970215 4.25996732711792 4.25814247131348
-3.4e+38 -3.4e+38 -3.4e+38 -3.4e+38 -3.4e+38 29.5712909698486 26.7970676422119 24.4287128448486 22.7419986724854 21.8912830352783 21.6480865478516 20.3721370697021 14.5015316009521 7.04893207550049 5.38163137435913 4.99649477005005 5.0083475112915 4.76129293441772 4.33884906768799 4.3034029006958 4.30244064331055 4.28453397750854 4.25955104827881 4.25846910476685 4.26086568832397 4.2608814239502 4.2671160697937 4.26943731307983 4.26424312591553 4.25761890411377 4.25629901885986 4.2534441947937 4.26700258255005 4.25885391235352 4.26547193527222 4.26332712173462 4.24011087417603 4.24499988555908 4.23800230026245 4.23665332794189 4.22783422470093 4.22960042953491 4.23108434677124 4.2359676361084 4.24603652954102 4.24457883834839 4.24331140518188
-3.4e+38 -3.4e+38 -3.4e+38 -3.4e+38 -3.4e+38 -3.4e+38 26.8348274230957 24.2880573272705 22.8858947753906 21.9292869567871 21.5690116882324 20.1173038482666 14.6241235733032 7.563392162323 5.42235374450684 5.02911615371704 5.14044761657715 4.75326633453369 4.33664512634277 4.3010778427124 4.28870487213135 4.26653718948364 4.25414657592773 4.26296186447144 4.27882194519043 4.27336883544922 4.27381563186646 4.27859020233154 4.27685308456421 4.27821493148804 4.28104639053345 4.28439378738403 4.27684307098389 4.27263212203979 4.27284955978394 4.27504301071167 4.28168392181396 4.25357007980347 4.23917055130005 4.22950267791748 4.22549819946289 4.23026466369629 4.2354302406311 4.24089241027832 4.24537658691406 4.24075174331665 4.23206949234009
-3.4e+38 -3.4e+38 -3.4e+38 -3.4e+38 -3.4e+38 -3.4e+38 27.3349895477295 24.0554294586182 22.782190322876 21.8609180450439 20.9160652160645 19.5294094085693 13.8660049438477 7.83854389190674 5.63756942749023 5.204674243927 5.28672122955322 4.90352630615234 4.3403148651123 4.28869676589966 4.25133466720581 4.248703956604 4.26273202896118 4.27285432815552 4.2909893989563 4.28482723236084 4.27937459945679 4.27797603607178 4.2815899848938 4.28360795974731 4.27397918701172 4.28552055358887 4.28972291946411 4.27689027786255 4.27559041976929 4.27799224853516 4.27369356155396 4.27191019058228 4.27276706695557 4.27808570861816 4.24772930145264 4.2463436126709 4.24847793579102 4.25495290756226 4.25898027420044 4.2541766166687 4.24998998641968
-3.4e+38 -3.4e+38 -3.4e+38 -3.4e+38 -3.4e+38 -3.4e+38 27.1464042663574 23.5053844451904 22.3822994232178 21.4664783477783 20.2622184753418 18.7826442718506 13.3472919464111 6.9740686416626 5.484534740448 4.96324682235718 5.10144996643066 4.737624168396 4.35847949981689 4.27663373947144 4.24822807312012 4.26483774185181 4.28590965270996 4.2867865562439 4.28987407684326 4.28961849212646 4.28998899459839 4.29004859924316 4.28720045089722 4.28499269485474 4.28528165817261 4.28802824020386 4.29336786270142 4.28691864013672 4.27700519561768 4.2783637046814 4.27861499786377 4.27906894683838 4.28378248214722 4.28548002243042 4.27939558029175 4.27609729766846 4.28465175628662 4.28515434265137 4.29337978363037 4.31661605834961 4.31361103057861
-3.4e+38 -3.4e+38 -3.4e+38 -3.4e+38 -3.4e+38 28.7302227020264 25.9074764251709 22.7068881988525 21.8252716064453 20.9825344085693 19.7576599121094 18.082555770874 11.9919672012329 6.3294792175293 5.07785177230835 4.84201717376709 4.85836029052734 4.68598556518555 4.37091827392578 4.28419780731201 4.25359344482422 4.2790060043335 4.28891468048096 4.28659296035767 4.28525543212891 4.2869291305542 4.29021739959717 4.29439449310303 4.29404258728027 4.29078197479248 4.28994178771973 4.28794384002686 4.29393243789673 4.29318428039551 4.28359603881836 4.2779483795166 4.27679967880249 4.28093242645264 4.2850866317749 4.28405332565308 4.27948141098022 4.27901697158813 4.27916812896729 4.30099296569824 4.31687211990356 4.3185453414917 4.30962753295898
-3.4e+38 -3.4e+38 -3.4e+38 -3.4e+38 28.2156734466553 27.9789409637451 23.6775722503662 21.9142303466797 21.3905982971191 20.5523643493652 19.1593379974365 16.5394802093506 10.307391166687 5.81883239746094 5.00517606735229 4.88207864761353 4.86794424057007 4.5757269859314 4.33982276916504 4.28130435943604 4.27858352661133 4.28777265548706 4.28547191619873 4.28325414657593 4.28392314910889 4.28654146194458 4.28597116470337 4.28489875793457 4.285560131073 4.28716468811035 4.29093980789185 4.29498529434204 4.29835796356201 4.29519414901733 4.29036521911621 4.29041719436646 4.28929853439331 4.28486442565918 4.28204822540283 4.28106021881104 4.28162860870361 4.28399181365967 4.28522825241089 4.28610849380493 4.29452753067017 4.30002641677856 4.30157899856567
