Ecospace-environmental-drivers/Outputs/ASCII-for-ecospace/Temp-bot/Temp-bot_X2020.08.asc
NCOLS 131 
NROWS 53 
XLLCORNER -98 
YLLCORNER 23.9265270233154 
CELLSIZE 0.133587792515755 
NODATA_value -3.4e+38 
[rows 21 to 41 of 53, columns 47 to 93 of 131]
21.3606910705566 20.9094467163086 20.7689971923828 20.7968482971191 20.9093532562256 21.086446762085 20.3522891998291 20.3569011688232 20.0506191253662 18.5066013336182 16.2654552459717 14.9501085281372 12.7710304260254 10.1741523742676 8.38476657867432 6.57320117950439 5.40672826766968 5.12145376205444 5.10191583633423 4.93073797225952 4.55053329467773 4.41117382049561 4.34645414352417 4.32529354095459 4.31760740280151 4.30925750732422 4.30691576004028 4.30580472946167 4.30312967300415 4.29526138305664 4.29078102111816 4.28768348693848 4.28476333618164 4.28416395187378 4.28350114822388 4.28383493423462 4.28331995010376 4.3904824256897 5.05514097213745 5.67165184020996 5.97660493850708 6.27234935760498 6.81377029418945 7.53542423248291 8.51340675354004 9.72652435302734 10.9058332443237
18.3203754425049 17.7897338867188 17.5460758209229 17.5085678100586 17.8579978942871 16.9125595092773 14.5345649719238 15.4628582000732 13.644736289978 11.3887672424316 10.2036762237549 9.31127548217773 8.69667816162109 7.6230640411377 6.50732564926147 6.15287399291992 5.23690414428711 4.99249935150146 4.69848155975342 4.69893884658813 4.52091598510742 4.38657760620117 4.3330135345459 4.31165599822998 4.30265855789185 4.29984378814697 4.29920148849487 4.30034303665161 4.29987525939941 4.29453134536743 4.2908148765564 4.28849267959595 4.28635883331299 4.28389501571655 4.28261709213257 4.28178596496582 4.28054428100586 4.28099679946899 4.28434085845947 4.29562187194824 4.46323347091675 4.66536855697632 5.06043004989624 5.75718832015991 6.56654453277588 7.43173885345459 8.5502872467041
13.3363342285156 13.0201854705811 13.5554208755493 12.3344974517822 11.6489934921265 10.5428428649902 10.3278579711914 9.03646659851074 7.75404834747314 7.3280234336853 7.06387948989868 7.12286996841431 6.75984859466553 6.20173311233521 5.55218601226807 5.25108432769775 5.05395936965942 4.76143455505371 4.56671333312988 4.52368307113647 4.5087685585022 4.40630292892456 4.33136749267578 4.31219577789307 4.29939746856689 4.29759502410889 4.30142593383789 4.30061340332031 4.29721069335938 4.29278230667114 4.29042482376099 4.28674650192261 4.28381872177124 4.28179359436035 4.28015422821045 4.27964210510254 4.27981233596802 4.28810167312622 4.32819175720215 4.33084106445312 4.3298487663269 4.33066940307617 4.30438661575317 4.45067262649536 5.04885578155518 6.08347415924072 6.98548555374146
8.38732719421387 8.43191719055176 7.84230947494507 8.28830909729004 7.91954755783081 7.22422361373901 6.63843297958374 6.22798919677734 5.85435342788696 6.00777626037598 5.80952978134155 5.99115800857544 5.49229764938354 5.25408744812012 5.116126537323 5.02321767807007 4.76773023605347 4.65586042404175 4.52826261520386 4.41959714889526 4.38250255584717 4.34973859786987 4.32553815841675 4.31903648376465 4.30567789077759 4.30471611022949 4.30369520187378 4.29649782180786 4.29454135894775 4.29154443740845 4.28923845291138 4.28426694869995 4.28159856796265 4.27994680404663 4.30779457092285 4.31675004959106 4.32509708404541 4.32463693618774 4.33047914505005 4.3321361541748 4.33629941940308 4.33945083618164 4.34057903289795 4.32625961303711 4.32200908660889 4.75103712081909 5.80760383605957
6.21206188201904 5.95545434951782 5.78460073471069 5.6500768661499 5.4561882019043 5.68280792236328 5.29457998275757 5.34540700912476 5.12795877456665 5.18328905105591 5.05849933624268 5.01332759857178 4.99104881286621 4.97836112976074 4.97441244125366 4.7894492149353 4.49309253692627 4.4357213973999 4.39404821395874 4.3393440246582 4.32680368423462 4.31916332244873 4.31442642211914 4.31389427185059 4.3097996711731 4.30563879013062 4.30792808532715 4.30092906951904 4.29560136795044 4.29112434387207 4.2865252494812 4.2827525138855 4.2809534072876 4.28811264038086 4.32553434371948 4.32803392410278 4.32929801940918 4.33170366287231 4.3337082862854 4.33350658416748 4.33474540710449 4.33798503875732 4.34036731719971 4.34221887588501 4.34060001373291 4.29844331741333 4.74619436264038
5.22135543823242 5.2568244934082 5.22824478149414 4.82746076583862 4.87067174911499 5.0421257019043 5.00768566131592 5.03411483764648 4.87030172348022 4.79753160476685 4.83851909637451 4.82095527648926 4.87106275558472 4.74192476272583 4.56554841995239 4.35955762863159 4.29802179336548 4.2988657951355 4.31987142562866 4.33198404312134 4.32035970687866 4.31011867523193 4.31060409545898 4.30683898925781 4.30704832077026 4.30752515792847 4.31206607818604 4.30414152145386 4.29388809204102 4.29239845275879 4.28661775588989 4.28329467773438 4.28019952774048 4.30741739273071 4.32458066940308 4.32628917694092 4.32764339447021 4.32993364334106 4.33340120315552 4.33636569976807 4.33688449859619 4.33745145797729 4.34051322937012 4.34235906600952 4.34373998641968 4.34064912796021 4.33851623535156
4.75835275650024 4.81129312515259 4.6331090927124 4.48537349700928 4.51426792144775 4.60887098312378 4.65245580673218 4.81904315948486 4.75349760055542 4.62563419342041 4.57168626785278 4.50528860092163 4.46072340011597 4.40312671661377 4.28898477554321 4.28519535064697 4.28724765777588 4.28934097290039 4.29673194885254 4.30807161331177 4.3218297958374 4.32218170166016 4.30789089202881 4.29850578308105 4.30169582366943 4.30866241455078 4.31122064590454 4.30108070373535 4.29537487030029 4.2937536239624 4.28750038146973 4.28339862823486 4.27901649475098 4.27776765823364 4.29299783706665 4.32483148574829 4.3271164894104 4.32894849777222 4.33203125 4.33543968200684 4.33811902999878 4.33986377716064 4.34099769592285 4.34235811233521 4.34411525726318 4.34491300582886 4.3145112991333
4.58192253112793 4.45876455307007 4.37150621414185 4.36201572418213 4.39995145797729 4.40211391448975 4.37405347824097 4.47109889984131 4.49234390258789 4.48496198654175 4.40548944473267 4.31405067443848 4.27284002304077 4.26913595199585 4.26732730865479 4.27150392532349 4.27269840240479 4.27898168563843 4.29088878631592 4.29705715179443 4.30257654190063 4.31121492385864 4.31381893157959 4.30490875244141 4.30367851257324 4.30909490585327 4.30247211456299 4.2988805770874 4.29681921005249 4.29392051696777 4.28790044784546 4.28302431106567 4.27764940261841 4.27717685699463 4.28957986831665 4.29626035690308 4.32418203353882 4.32791471481323 4.33039999008179 4.33407211303711 4.3383264541626 4.34115362167358 4.34228801727295 4.3429160118103 4.34377574920654 4.34476661682129 4.33855724334717
4.37546730041504 4.33970022201538 4.3197865486145 4.31758689880371 4.31926870346069 4.31154108047485 4.31667900085449 4.31768751144409 4.31186771392822 4.30617523193359 4.2722749710083 4.26699495315552 4.26817512512207 4.26559352874756 4.2673773765564 4.27103185653687 4.27660369873047 4.28301811218262 4.28699398040771 4.29159116744995 4.29861164093018 4.30693769454956 4.31242513656616 4.31213760375977 4.31225728988647 4.29839134216309 4.29706716537476 4.30000925064087 4.29889869689941 4.29348278045654 4.28762292861938 4.28267431259155 4.27694654464722 4.27673435211182 4.27783584594727 4.27916765213013 4.31759548187256 4.32668733596802 4.3298511505127 4.33484315872192 4.33946943283081 4.34175395965576 4.34241914749146 4.34301710128784 4.3443169593811 4.34544563293457 4.34599781036377
4.33108758926392 4.32327127456665 4.37917041778564 4.36212062835693 4.30880975723267 4.32867240905762 4.30053281784058 4.29496669769287 4.29189491271973 4.27669239044189 4.26796817779541 4.27175283432007 4.27551746368408 4.27285289764404 4.27414321899414 4.27575540542603 4.28085136413574 4.2822961807251 4.28452062606812 4.28806924819946 4.29338788986206 4.30416679382324 4.31279420852661 4.3113169670105 4.3118782043457 4.2962646484375 4.29587125778198 4.29959630966187 4.29878282546997 4.29269981384277 4.2874436378479 4.28201913833618 4.27757883071899 4.2768726348877 4.27769899368286 4.27861452102661 4.31225347518921 4.32904148101807 4.33416652679443 4.33767366409302 4.34028959274292 4.34179162979126 4.34320449829102 4.34438514709473 4.34585666656494 4.34663867950439 4.3472728729248
4.36409997940063 4.32137823104858 4.35247564315796 4.34383296966553 4.30864286422729 4.3025426864624 4.29736280441284 4.29569530487061 4.29144859313965 4.27050971984863 4.27320384979248 4.27679634094238 4.27830123901367 4.27818250656128 4.27969360351562 4.281081199646 4.28248453140259 4.28454208374023 4.28563928604126 4.28610992431641 4.29188013076782 4.29556274414062 4.30170679092407 4.30522775650024 4.30502557754517 4.29966163635254 4.29791927337646 4.30002593994141 4.29822492599487 4.29289960861206 4.28674221038818 4.28190565109253 4.27842903137207 4.27731370925903 4.27892398834229 4.28037118911743 4.31895542144775 4.33182001113892 4.33628940582275 4.33863162994385 4.34040689468384 4.34232091903687 4.34482145309448 4.34640645980835 4.34701251983643 4.3478627204895 4.34833431243896
4.32963037490845 4.32228231430054 4.31852769851685 4.34397172927856 4.31389045715332 4.29240894317627 4.27201509475708 4.26817321777344 4.27338171005249 4.27981185913086 4.27887725830078 4.27841091156006 4.27895164489746 4.28001070022583 4.2802414894104 4.28187799453735 4.28369569778442 4.28556632995605 4.28647661209106 4.28719186782837 4.28780269622803 4.29321384429932 4.2979621887207 4.29807329177856 4.30060291290283 4.30266761779785 4.29984188079834 4.29882097244263 4.29685592651367 4.29184436798096 4.28597259521484 4.28300714492798 4.27982807159424 4.27880668640137 4.28106737136841 4.28409957885742 4.3203296661377 4.33156633377075 4.33501148223877 4.33749294281006 4.33955764770508 4.34095859527588 4.34320783615112 4.34403419494629 4.34478521347046 4.3458776473999 4.34696054458618
4.33363103866577 4.33047199249268 4.31340646743774 4.28675699234009 4.29155015945435 4.27124071121216 4.26699352264404 4.273681640625 4.28589105606079 4.28225135803223 4.27997016906738 4.27941274642944 4.28030347824097 4.28235292434692 4.28206539154053 4.28355932235718 4.28540563583374 4.28603315353394 4.28669738769531 4.28727006912231 4.28716611862183 4.28699445724487 4.29229640960693 4.29413414001465 4.2937159538269 4.29464960098267 4.29519701004028 4.29675531387329 4.29578351974487 4.29121685028076 4.28792238235474 4.28583097457886 4.28404378890991 4.28284645080566 4.28327417373657 4.30054759979248 4.32772779464722 4.33205842971802 4.33579397201538 4.33908271789551 4.34119272232056 4.34151315689087 4.34212875366211 4.34289598464966 4.34371137619019 4.34550523757935 4.34729480743408
4.30854940414429 4.30774402618408 4.29591178894043 4.28584241867065 4.27609825134277 4.26969194412231 4.2844409942627 4.28605794906616 4.28373527526855 4.28806304931641 4.31216764450073 4.32284784317017 4.3107442855835 4.31908273696899 4.31717538833618 4.30183267593384 4.29340696334839 4.28633069992065 4.28434419631958 4.28394222259521 4.28506422042847 4.28482341766357 4.28491687774658 4.28736400604248 4.28953695297241 4.29120349884033 4.29272556304932 4.29421710968018 4.29423046112061 4.29273843765259 4.29130887985229 4.2910327911377 4.29684352874756 4.30693244934082 4.31814289093018 4.32298231124878 4.32602071762085 4.3303918838501 4.33447217941284 4.33704090118408 4.33924865722656 4.34051322937012 4.34014701843262 4.34110689163208 4.3435640335083 4.34620761871338 4.3480806350708
4.29702568054199 4.29899024963379 4.29202318191528 4.28016757965088 4.27378273010254 4.2777886390686 4.3181414604187 4.32617568969727 4.3242712020874 4.32736492156982 4.33227634429932 4.33181762695312 4.33006572723389 4.32929229736328 4.32769632339478 4.3280611038208 4.32643032073975 4.32310581207275 4.30563020706177 4.28118181228638 4.2813868522644 4.28166437149048 4.2827787399292 4.28429269790649 4.28582668304443 4.28794527053833 4.28922843933105 4.28917980194092 4.28997135162354 4.29131698608398 4.30218410491943 4.32336473464966 4.32467079162598 4.32510471343994 4.3254566192627 4.32518005371094 4.32439804077148 4.32502603530884 4.32821941375732 4.33148574829102 4.3348126411438 4.33779430389404 4.33975172042847 4.34215450286865 4.34485673904419 4.34743022918701 4.3489556312561
4.29273891448975 4.29823350906372 4.2836971282959 4.27609443664551 4.2834734916687 4.32353591918945 4.34052467346191 4.33969688415527 4.33939695358276 4.340895652771 4.34113454818726 4.33876991271973 4.33551692962646 4.33258724212646 4.33184146881104 4.33118915557861 4.32959127426147 4.32703018188477 4.32413339614868 4.31479978561401 4.29093933105469 4.27885627746582 4.28033590316772 4.28128433227539 4.28247117996216 4.28409814834595 4.28522872924805 4.28542709350586 4.28704738616943 4.30349493026733 4.32478332519531 4.32659244537354 4.32716417312622 4.32840490341187 4.3298077583313 4.33045721054077 4.33069229125977 4.33030986785889 4.33161306381226 4.33287048339844 4.33411455154419 4.3385443687439 4.34171533584595 4.34408330917358 4.34603404998779 4.3476448059082 4.3482403755188
4.28677463531494 4.29281425476074 4.28697919845581 4.33124256134033 4.34533166885376 4.35132741928101 4.35208511352539 4.35072612762451 4.34908628463745 4.34768915176392 4.34508991241455 4.3410701751709 4.33833742141724 4.33598279953003 4.33526372909546 4.333411693573 4.3314733505249 4.3300518989563 4.32842397689819 4.32625770568848 4.32309579849243 4.31164407730103 4.29366540908813 4.30756187438965 4.30858421325684 4.30129241943359 4.30976629257202 4.3102593421936 4.32047033309937 4.32711982727051 4.32897138595581 4.33040475845337 4.33177995681763 4.33416414260864 4.33578968048096 4.33681201934814 4.33697652816772 4.33735799789429 4.33738708496094 4.33633232116699 4.33492183685303 4.33831930160522 4.34162950515747 4.34425592422485 4.34560871124268 4.34662771224976 4.34743356704712
4.28030109405518 4.28742742538452 4.33538007736206 4.34647798538208 4.34970426559448 4.35384225845337 4.35463237762451 4.35396146774292 4.35182476043701 4.3495979309082 4.34561777114868 4.34201622009277 4.33975172042847 4.33881378173828 4.33869457244873 4.33805274963379 4.33732795715332 4.33791208267212 4.33705043792725 4.33553504943848 4.33378267288208 4.33152103424072 4.32956981658936 4.32958507537842 4.32970762252808 4.32953691482544 4.3301100730896 4.33014822006226 4.33052587509155 4.3326735496521 4.33472776412964 4.33692026138306 4.33829259872437 4.33984851837158 4.34136915206909 4.34067964553833 4.3405385017395 4.34090042114258 4.34081840515137 4.33918237686157 4.33697986602783 4.33768367767334 4.34009408950806 4.3420991897583 4.34331941604614 4.34438991546631 4.34551000595093
4.32461023330688 4.33879518508911 4.34377527236938 4.34618616104126 4.35066890716553 4.35438776016235 4.35480546951294 4.3539571762085 4.35212278366089 4.35079383850098 4.34881019592285 4.34547233581543 4.342933177948 4.34242868423462 4.34211015701294 4.34215068817139 4.34189605712891 4.34246206283569 4.34224987030029 4.34102439880371 4.34051036834717 4.33895969390869 4.33734893798828 4.3366436958313 4.33710765838623 4.33751392364502 4.33714151382446 4.33681726455688 4.33711957931519 4.33867645263672 4.34064149856567 4.34288740158081 4.34419250488281 4.34602451324463 4.34639549255371 4.34468841552734 4.34386157989502 4.34349584579468 4.34297513961792 4.34132623672485 4.33984136581421 4.33915233612061 4.33976602554321 4.34103059768677 4.34253787994385 4.34395217895508 4.34531164169312
4.33748531341553 4.34007453918457 4.34209728240967 4.34608840942383 4.35082197189331 4.35365343093872 4.35381841659546 4.35320329666138 4.35260581970215 4.35182666778564 4.35007524490356 4.34776020050049 4.34565210342407 4.34421014785767 4.34358501434326 4.34369993209839 4.3433256149292 4.34310817718506 4.34245634078979 4.34269571304321 4.34370565414429 4.34314250946045 4.34312868118286 4.34304475784302 4.34429168701172 4.34480476379395 4.3442440032959 4.34307432174683 4.34372758865356 4.34559440612793 4.34708452224731 4.34863138198853 4.34943771362305 4.350998878479 4.35113906860352 4.34979629516602 4.34777021408081 4.34620904922485 4.34437322616577 4.34240674972534 4.34203624725342 4.34194469451904 4.34183502197266 4.34196901321411 4.34265947341919 4.3440260887146 4.34579515457153
4.3373441696167 4.33973073959351 4.34293746948242 4.34724998474121 4.35074853897095 4.35220718383789 4.35222959518433 4.35258722305298 4.35359382629395 4.35380029678345 4.35189342498779 4.34930515289307 4.34772348403931 4.34637403488159 4.3455228805542 4.34538602828979 4.34543609619141 4.34437799453735 4.34393072128296 4.34463405609131 4.3443021774292 4.34434366226196 4.34572553634644 4.34710502624512 4.34816408157349 4.34896755218506 4.34991216659546 4.34943437576294 4.35029745101929 4.34842109680176 4.34742116928101 4.35255718231201 4.35490655899048 4.35508823394775 4.35448741912842 4.35227298736572 4.34924793243408 4.34708976745605 4.34452295303345 4.34290981292725 4.34219646453857 4.34310960769653 4.34338569641113 4.34362649917603 4.34389495849609 4.34449577331543 4.34605169296265
