Ecospace-environmental-drivers/Outputs/ASCII-for-ecospace/Temp-bot/Temp-bot_X2002.11.asc
NCOLS 131 
NROWS 53 
XLLCORNER -98 
YLLCORNER 23.9265270233154 
CELLSIZE 0.133587792515755 
NODATA_value -3.4e+38 
[rows 21 to 41 of 53, columns 47 to 93 of 131]
19.7355556488037 18.8664798736572 18.6698608398438 18.6929588317871 18.8030776977539 19.0448055267334 18.1643390655518 18.0238761901855 18.0877666473389 16.7973022460938 14.763277053833 13.6836042404175 11.7642154693604 9.15792369842529 7.44711637496948 5.99104404449463 5.07900238037109 4.89491605758667 4.93763160705566 4.81192207336426 4.49220609664917 4.37438249588013 4.29000520706177 4.28665113449097 4.27264595031738 4.27853727340698 4.28497409820557 4.28573274612427 4.28396224975586 4.28146123886108 4.2782621383667 4.28159236907959 4.28571319580078 4.28422164916992 4.27540826797485 4.26677656173706 4.26019048690796 4.3212456703186 4.80051326751709 5.29663848876953 5.57273721694946 5.92590475082397 6.30837202072144 6.9651403427124 7.94461107254028 9.0109920501709 10.0908517837524
16.5754737854004 15.861795425415 15.9390563964844 15.8883867263794 16.3334732055664 15.5053157806396 13.0489320755005 14.1744375228882 12.5692930221558 10.2578163146973 9.37555408477783 8.59403610229492 8.1438684463501 6.79312038421631 6.0825834274292 5.70651054382324 4.97675275802612 4.79122734069824 4.58221340179443 4.60325241088867 4.47735071182251 4.34979867935181 4.28737020492554 4.25696706771851 4.2478289604187 4.26142549514771 4.28066492080688 4.28467512130737 4.28604221343994 4.28159332275391 4.28093576431274 4.28257656097412 4.28373956680298 4.28440189361572 4.28020906448364 4.27170705795288 4.26429414749146 4.26250267028809 4.24925518035889 4.23080682754517 4.39164590835571 4.59536981582642 4.94189596176147 5.49955654144287 6.18869876861572 6.6011209487915 7.84739923477173
11.8983459472656 11.7718420028687 12.4199047088623 11.5549783706665 10.6931142807007 9.53518104553223 9.79054641723633 8.01683330535889 6.67138576507568 6.30945539474487 6.32310819625854 6.69874477386475 6.07895088195801 5.63517141342163 5.1839394569397 4.98228406906128 4.80438137054443 4.62762260437012 4.48257303237915 4.45038747787476 4.43389987945557 4.35300397872925 4.29138517379761 4.24954843521118 4.25057029724121 4.26486539840698 4.27569675445557 4.2855052947998 4.28815174102783 4.28256130218506 4.28182315826416 4.2819881439209 4.28248977661133 4.28263330459595 4.2763819694519 4.26756000518799 4.26146125793457 4.26577472686768 4.26393747329712 4.2630033493042 4.26154184341431 4.26368427276611 4.26020050048828 4.39118480682373 4.9024863243103 5.67186594009399 6.35667896270752
7.5025110244751 7.61073780059814 7.07047557830811 7.52995824813843 7.2062873840332 6.42686891555786 6.05978012084961 5.57103300094604 5.25281190872192 5.48123979568481 5.47227954864502 5.66584539413452 5.17626523971558 5.00269460678101 4.85195875167847 4.74561023712158 4.58955478668213 4.53416872024536 4.43066310882568 4.36733198165894 4.32577800750732 4.31110334396362 4.29415702819824 4.26722574234009 4.2508544921875 4.26814985275269 4.27700567245483 4.28470373153687 4.28429317474365 4.28225040435791 4.27953338623047 4.27978277206421 4.28201150894165 4.27852058410645 4.27752065658569 4.26389217376709 4.27029991149902 4.26289844512939 4.25818014144897 4.26020288467407 4.26614332199097 4.27367734909058 4.27269744873047 4.26301908493042 4.27919578552246 4.65793657302856 5.4571852684021
5.67473888397217 5.5341796875 5.47657012939453 5.35719680786133 5.13726377487183 5.39311218261719 5.02103137969971 5.14473819732666 4.97813320159912 5.01500654220581 4.99078035354614 4.99746131896973 4.9408540725708 4.83748483657837 4.74751329421997 4.54206323623657 4.35989904403687 4.32623720169067 4.33355045318604 4.3094596862793 4.28804159164429 4.28058624267578 4.27969932556152 4.28694677352905 4.26825141906738 4.27058982849121 4.27650785446167 4.27775621414185 4.28263854980469 4.28133487701416 4.27702236175537 4.27515268325806 4.27689123153687 4.27748870849609 4.26551485061646 4.25801086425781 4.25374221801758 4.25510454177856 4.25725364685059 4.25773477554321 4.26123571395874 4.27056884765625 4.27512645721436 4.27527952194214 4.27299070358276 4.24990558624268 4.64667177200317
4.94616222381592 5.06170034408569 5.06441831588745 4.52476453781128 4.5279393196106 4.84262180328369 4.89514017105103 4.70045232772827 4.93519496917725 4.84475421905518 4.94878196716309 4.85487270355225 4.86163282394409 4.5727334022522 4.38939380645752 4.28477048873901 4.26303815841675 4.26419544219971 4.2702112197876 4.2739896774292 4.27439641952515 4.28087902069092 4.26256370544434 4.26972770690918 4.27436017990112 4.27519798278809 4.27341079711914 4.27132225036621 4.27551460266113 4.27732467651367 4.27332019805908 4.27085494995117 4.26812839508057 4.29875373840332 4.31811904907227 4.28326177597046 4.25135707855225 4.25256443023682 4.25533199310303 4.25827598571777 4.25985956192017 4.26413631439209 4.2769947052002 4.28125905990601 4.28092098236084 4.2745566368103 4.28190279006958
4.56466197967529 4.62257528305054 4.42023515701294 4.35056018829346 4.36557579040527 4.4444727897644 4.52833557128906 4.67446565628052 4.73653697967529 4.51690721511841 4.49745988845825 4.4433445930481 4.40290546417236 4.34633445739746 4.26058006286621 4.23895692825317 4.22561740875244 4.23061800003052 4.24873971939087 4.26398897171021 4.28544044494629 4.23953914642334 4.23759508132935 4.25362777709961 4.26488542556763 4.27091503143311 4.26630353927612 4.26608467102051 4.27160120010376 4.27252197265625 4.26881313323975 4.26261329650879 4.25705003738403 4.25429534912109 4.27564382553101 4.27845811843872 4.25044107437134 4.25158596038818 4.25326681137085 4.25641489028931 4.26009464263916 4.26429891586304 4.27292490005493 4.2783989906311 4.27962255477905 4.28014135360718 4.25809478759766
4.41153955459595 4.37141990661621 4.3215160369873 4.32928419113159 4.35825490951538 4.31546831130981 4.33171033859253 4.42256736755371 4.43428182601929 4.44429016113281 4.38513851165771 4.31705236434937 4.26513528823853 4.24130916595459 4.22041749954224 4.22002840042114 4.22566938400269 4.2338399887085 4.24172735214233 4.24584245681763 4.24083518981934 4.22868824005127 4.23265790939331 4.24566984176636 4.25992727279663 4.26588487625122 4.27023839950562 4.26665735244751 4.26879024505615 4.26890230178833 4.26554298400879 4.25796461105347 4.25213861465454 4.25098514556885 4.25539445877075 4.24942493438721 4.25220823287964 4.25335788726807 4.25364208221436 4.25662088394165 4.26108121871948 4.2677116394043 4.27426147460938 4.27731561660767 4.27535200119019 4.27771091461182 4.27465343475342
4.31355857849121 4.29520177841187 4.28363132476807 4.2908616065979 4.27972173690796 4.26803731918335 4.28366374969482 4.30602216720581 4.30455875396729 4.29503726959229 4.25246286392212 4.24065828323364 4.23807430267334 4.23295640945435 4.22902345657349 4.22970914840698 4.23779344558716 4.24821043014526 4.25791835784912 4.26179456710815 4.25768136978149 4.24623775482178 4.2370753288269 4.24418592453003 4.26112794876099 4.2645149230957 4.26682901382446 4.26865100860596 4.26849412918091 4.26605415344238 4.26212406158447 4.25591659545898 4.25132036209106 4.25163173675537 4.25214052200317 4.24967908859253 4.25242900848389 4.25240135192871 4.25459814071655 4.2585277557373 4.26346206665039 4.26869010925293 4.27218437194824 4.27751588821411 4.27641868591309 4.27589654922485 4.28130769729614
4.29407596588135 4.27960586547852 4.32062196731567 4.31751346588135 4.27397155761719 4.28731203079224 4.28649377822876 4.29161405563354 4.28475046157837 4.24876689910889 4.24011468887329 4.24541997909546 4.24706840515137 4.24417304992676 4.24573802947998 4.24738550186157 4.25616407394409 4.26201438903809 4.26770687103271 4.27266311645508 4.27000570297241 4.26312398910522 4.25228691101074 4.24951648712158 4.25959873199463 4.26670551300049 4.26843738555908 4.26842164993286 4.26458644866943 4.26179695129395 4.25942325592041 4.2550311088562 4.25083875656128 4.25264739990234 4.25397825241089 4.25245237350464 4.25216674804688 4.25576305389404 4.26117181777954 4.26571559906006 4.26488208770752 4.26602268218994 4.27158784866333 4.27645111083984 4.27529430389404 4.27591753005981 4.28066873550415
4.32092142105103 4.27318334579468 4.29253101348877 4.29698801040649 4.26617050170898 4.27107858657837 4.28161573410034 4.28742456436157 4.28902292251587 4.240553855896 4.24764060974121 4.24827098846436 4.24902677536011 4.2516303062439 4.25609397888184 4.26139640808105 4.26647710800171 4.26726913452148 4.26769733428955 4.26996231079102 4.27189159393311 4.26646614074707 4.26005983352661 4.25678730010986 4.25978994369507 4.26514577865601 4.26695346832275 4.26290464401245 4.2603325843811 4.2598352432251 4.25843572616577 4.25409030914307 4.25139951705933 4.25260925292969 4.25360488891602 4.25494813919067 4.25940370559692 4.25972318649292 4.2672233581543 4.26819467544556 4.26546764373779 4.26884746551514 4.27374029159546 4.27392387390137 4.27267265319824 4.27459669113159 4.27967882156372
4.2761697769165 4.27037906646729 4.26532077789307 4.30108070373535 4.26701211929321 4.24951267242432 4.239501953125 4.23520231246948 4.24210119247437 4.2444896697998 4.24592161178589 4.24979257583618 4.25333881378174 4.25797510147095 4.26083898544312 4.26423454284668 4.26548290252686 4.26455545425415 4.2625470161438 4.26401567459106 4.26431512832642 4.26484823226929 4.25792503356934 4.25680160522461 4.25798892974854 4.26018381118774 4.25895738601685 4.25693368911743 4.25624084472656 4.25630235671997 4.25645446777344 4.25356912612915 4.25349044799805 4.25423717498779 4.25454044342041 4.25637102127075 4.27943897247314 4.26487493515015 4.26389026641846 4.2659068107605 4.2662525177002 4.27023220062256 4.27311086654663 4.2703800201416 4.27061796188354 4.27542018890381 4.27911949157715
4.28659105300903 4.28673934936523 4.28863763809204 4.27242994308472 4.24993324279785 4.23598289489746 4.23288488388062 4.23848915100098 4.24672508239746 4.24738550186157 4.25238418579102 4.25596332550049 4.2567925453186 4.25974941253662 4.2621693611145 4.26474189758301 4.26570415496826 4.26373529434204 4.26100444793701 4.26070404052734 4.26019334793091 4.25934362411499 4.25909757614136 4.25977420806885 4.25773000717163 4.25672674179077 4.25650310516357 4.25679588317871 4.25640773773193 4.25720405578613 4.2595157623291 4.25804996490479 4.2572774887085 4.25724029541016 4.2571120262146 4.28667163848877 4.2890043258667 4.26734924316406 4.26686954498291 4.26798486709595 4.26972770690918 4.27178239822388 4.27189779281616 4.26998949050903 4.27422285079956 4.28260278701782 4.28441905975342
4.26325750350952 4.26455783843994 4.2560977935791 4.24791574478149 4.23490571975708 4.22898244857788 4.24888277053833 4.26424217224121 4.2548131942749 4.25833034515381 4.27473115921021 4.26246881484985 4.26678133010864 4.29489231109619 4.29280042648315 4.27521562576294 4.26834058761597 4.26566553115845 4.26542568206787 4.26360511779785 4.25989532470703 4.25960683822632 4.25927829742432 4.25901079177856 4.25922918319702 4.25928592681885 4.25951242446899 4.26081609725952 4.26269388198853 4.26387691497803 4.26477766036987 4.26728963851929 4.28374481201172 4.30029296875 4.31499242782593 4.31638145446777 4.27921152114868 4.26369667053223 4.26665210723877 4.26851606369019 4.27066802978516 4.27367734909058 4.27164459228516 4.27045345306396 4.28017663955688 4.28652191162109 4.28815507888794
4.25160837173462 4.25047016143799 4.23691987991333 4.23145771026611 4.22712278366089 4.22835731506348 4.27436685562134 4.27944374084473 4.27332448959351 4.2666163444519 4.2673773765564 4.26613569259644 4.26338863372803 4.26169490814209 4.26145315170288 4.26179790496826 4.26405429840088 4.26400566101074 4.28352689743042 4.26634216308594 4.2645959854126 4.2644624710083 4.26572465896606 4.26564073562622 4.26441049575806 4.26339721679688 4.26288509368896 4.26317977905273 4.26302194595337 4.26354074478149 4.29039859771729 4.33281469345093 4.29062366485596 4.27349281311035 4.2788872718811 4.29697036743164 4.29966354370117 4.26484203338623 4.26101112365723 4.26288414001465 4.26568698883057 4.27215337753296 4.27215576171875 4.27281713485718 4.2839207649231 4.28616809844971 4.28721570968628
4.24551677703857 4.23948383331299 4.23389482498169 4.23442697525024 4.23907899856567 4.26423358917236 4.27502679824829 4.27317571640015 4.27077722549438 4.27363061904907 4.2762279510498 4.2722110748291 4.26796627044678 4.26435899734497 4.26208925247192 4.26222467422485 4.26494693756104 4.26908206939697 4.26919555664062 4.27738237380981 4.28294515609741 4.26463270187378 4.26508331298828 4.26639652252197 4.26601266860962 4.26452302932739 4.26415824890137 4.26404476165771 4.26742506027222 4.30135154724121 4.29379558563232 4.26505136489868 4.26355648040771 4.26346063613892 4.2629451751709 4.26206541061401 4.26243925094604 4.26343727111816 4.2651162147522 4.26369285583496 4.26417541503906 4.27395820617676 4.27380418777466 4.27588653564453 4.28573656082153 4.28676557540894 4.28667688369751
4.24376058578491 4.2396183013916 4.25069379806519 4.27685546875 4.27576875686646 4.27526903152466 4.27515983581543 4.27585458755493 4.27505207061768 4.27396297454834 4.27659320831299 4.27528476715088 4.2711296081543 4.26959562301636 4.26982927322388 4.27035045623779 4.27167272567749 4.27624320983887 4.27645921707153 4.27361392974854 4.29201698303223 4.29881954193115 4.27754640579224 4.29356288909912 4.27991676330566 4.27813148498535 4.29404258728027 4.2944188117981 4.29866600036621 4.27201414108276 4.26502275466919 4.26772594451904 4.26757383346558 4.26813459396362 4.26988506317139 4.27315092086792 4.27492666244507 4.27433156967163 4.27222299575806 4.2667407989502 4.26696872711182 4.27628469467163 4.27385854721069 4.27825784683228 4.28675413131714 4.28866720199585 4.28788423538208
4.25462484359741 4.25964498519897 4.28282928466797 4.27623653411865 4.27326107025146 4.27061891555786 4.26864004135132 4.26849746704102 4.26832246780396 4.27070426940918 4.27507877349854 4.27653932571411 4.2739143371582 4.27605676651001 4.27794456481934 4.27831125259399 4.27847337722778 4.28024244308472 4.27896404266357 4.27423906326294 4.26916980743408 4.26738166809082 4.26761674880981 4.26738548278809 4.26860284805298 4.27005004882812 4.27040672302246 4.27023553848267 4.27124834060669 4.27261686325073 4.27365159988403 4.27391719818115 4.27395153045654 4.27512264251709 4.27940368652344 4.28429222106934 4.28460502624512 4.28174543380737 4.27379989624023 4.26825428009033 4.2748556137085 4.27310705184937 4.27495336532593 4.28108310699463 4.28552293777466 4.28947734832764 4.28999423980713
4.29517555236816 4.30078649520874 4.28492450714111 4.27663898468018 4.27119588851929 4.2651948928833 4.26454591751099 4.26592206954956 4.26500797271729 4.26495790481567 4.26795387268066 4.27589750289917 4.27502346038818 4.27677392959595 4.28816699981689 4.28936862945557 4.28274774551392 4.28023481369019 4.28032922744751 4.27680253982544 4.27161836624146 4.26969575881958 4.27048015594482 4.2717342376709 4.27491188049316 4.27798891067505 4.27990913391113 4.28079986572266 4.27965927124023 4.27761793136597 4.28211688995361 4.28137397766113 4.27974605560303 4.27872943878174 4.2818078994751 4.28494501113892 4.28338718414307 4.28020620346069 4.27542924880981 4.27493286132812 4.27503490447998 4.27472305297852 4.27950286865234 4.28260469436646 4.28440189361572 4.28888368606567 4.29058980941772
4.29198980331421 4.29593896865845 4.28374528884888 4.27723693847656 4.27021312713623 4.26406288146973 4.26215171813965 4.26327180862427 4.26700592041016 4.26735544204712 4.26687431335449 4.2679271697998 4.27632617950439 4.27604675292969 4.28535223007202 4.29843473434448 4.29585075378418 4.2824559211731 4.27835655212402 4.27962112426758 4.27894735336304 4.2764720916748 4.27727508544922 4.28161907196045 4.28690719604492 4.2906289100647 4.29051923751831 4.28993082046509 4.2866644859314 4.28432416915894 4.28788232803345 4.28711605072021 4.28395080566406 4.28378868103027 4.2861328125 4.28815841674805 4.28603506088257 4.28366136550903 4.28003454208374 4.2766432762146 4.27614784240723 4.27926349639893 4.28097009658813 4.28191900253296 4.28496170043945 4.28800392150879 4.28918981552124
4.28541612625122 4.28763961791992 4.29194307327271 4.28515768051147 4.27498817443848 4.26718378067017 4.26622152328491 4.27033233642578 4.27400064468384 4.27408075332642 4.2722225189209 4.27032899856567 4.27009201049805 4.27549743652344 4.28051900863647 4.28413152694702 4.28520536422729 4.27888917922974 4.27457809448242 4.27515029907227 4.27655839920044 4.277663230896 4.28017139434814 4.28876543045044 4.29242420196533 4.29367589950562 4.295250415802 4.2912712097168 4.29282808303833 4.29372119903564 4.29409265518188 4.29506063461304 4.29112529754639 4.29026365280151 4.29145479202271 4.29175472259521 4.2904257774353 4.28860473632812 4.2852931022644 4.28130865097046 4.27786493301392 4.28121137619019 4.28212118148804 4.28317785263062 4.28440761566162 4.28340721130371 4.28230428695679
