Ecospace-environmental-drivers/Outputs/ASCII-for-ecospace/Temp-bot/Temp-bot_X2020.07.asc
NCOLS 131 
NROWS 53 
XLLCORNER -98 
YLLCORNER 23.9265270233154 
CELLSIZE 0.133587792515755 
NODATA_value -3.4e+38 
[rows 21 to 41 of 53, columns 0 to 46 of 131]
-3.4e+38 -3.4e+38 -3.4e+38 -3.4e+38 -3.4e+38 -3.4e+38 28.319372177124 28.4609260559082 28.4451351165771 28.6790218353271 28.5402793884277 28.1386394500732 27.167594909668 26.9324836730957 26.3773651123047 26.2078876495361 26.0203762054443 25.8521022796631 25.5716361999512 25.0093154907227 24.539400100708 24.3210048675537 24.0091915130615 23.9555110931396 23.9957733154297 24.2597732543945 24.1473026275635 23.5820598602295 23.1570491790771 22.3257331848145 22.2923717498779 22.2368717193604 22.4742984771729 22.2575836181641 21.8322925567627 21.3912906646729 21.2605209350586 21.3618106842041 21.4049224853516 21.34104347229 21.3410091400146 21.5670146942139 21.5582847595215 21.5176677703857 21.5664882659912 21.5299453735352 21.3111190795898
-3.4e+38 -3.4e+38 -3.4e+38 -3.4e+38 -3.4e+38 -3.4e+38 28.2655944824219 28.231595993042 28.4609260559082 28.1954555511475 27.7217655181885 26.6248760223389 25.9253959655762 25.2882175445557 25.0292263031006 24.8268909454346 24.9198017120361 24.855806350708 24.301155090332 24.007833480835 22.755298614502 21.9487743377686 21.5229682922363 21.4847164154053 21.8688945770264 21.7251567840576 21.5521926879883 21.1857357025146 21.184642791748 21.229076385498 21.4228610992432 21.018533706665 20.6362953186035 20.4281044006348 20.2606163024902 20.3052558898926 20.2513885498047 20.1875495910645 20.0392017364502 19.6141796112061 19.9512023925781 20.2603702545166 19.6964855194092 20.0704021453857 20.2925128936768 20.1039562225342 19.6664276123047
-3.4e+38 -3.4e+38 -3.4e+38 -3.4e+38 28.0075225830078 28.0726852416992 28.070291519165 28.2655944824219 27.9682655334473 27.4733848571777 26.3878917694092 25.2758769989014 24.5353240966797 24.1583290100098 23.9947910308838 24.6911773681641 24.2043552398682 23.5656185150146 22.7099094390869 21.1166191101074 19.887149810791 18.6923408508301 17.418436050415 16.3591709136963 17.1205139160156 16.3846740722656 16.7630348205566 17.5666122436523 19.2305755615234 18.5556812286377 19.5852336883545 19.7425079345703 19.596378326416 18.3314876556396 19.8647403717041 19.0827598571777 18.0597858428955 18.0487422943115 16.5322780609131 12.8265180587769 13.6510581970215 13.6621360778809 15.9815893173218 14.0734205245972 15.4482936859131 15.7996549606323 16.3817520141602
-3.4e+38 -3.4e+38 -3.4e+38 -3.4e+38 27.9874801635742 27.96240234375 28.0726852416992 27.8725967407227 27.2613773345947 25.9873561859131 25.0751724243164 24.1872444152832 23.3213481903076 22.3325881958008 22.0680198669434 21.9218463897705 21.2923049926758 18.4714317321777 16.7002792358398 14.4884700775146 11.8437042236328 10.0872411727905 10.7385997772217 10.8766012191772 11.4534864425659 11.3591613769531 11.868013381958 11.4910411834717 12.2577714920044 11.9366483688354 12.5926675796509 14.5075416564941 15.0224914550781 15.4372692108154 16.7718524932861 16.095588684082 16.9640808105469 15.4561576843262 12.4782190322876 8.93800354003906 9.3171911239624 10.0251245498657 10.5003986358643 9.71868419647217 8.85919857025146 9.47483730316162 8.4242525100708
-3.4e+38 -3.4e+38 -3.4e+38 -3.4e+38 -3.4e+38 27.9874801635742 27.8270397186279 27.3730182647705 26.1355953216553 24.97509765625 24.0827159881592 22.9628353118896 21.7003307342529 20.9401798248291 20.0383319854736 17.886848449707 13.5954256057739 9.71596622467041 9.19191455841064 7.8612117767334 6.74566268920898 6.35455656051636 6.64956760406494 6.96557998657227 7.59862804412842 7.36611604690552 7.53752994537354 7.70136404037476 7.32666873931885 7.36873245239258 7.61158990859985 9.19494342803955 10.0225162506104 12.2347602844238 12.5786361694336 12.8332757949829 12.0362329483032 9.51158618927002 6.76869964599609 6.64306545257568 7.50173473358154 7.20688676834106 6.69547891616821 6.55845499038696 6.44128465652466 6.656569480896 6.21090221405029
-3.4e+38 -3.4e+38 -3.4e+38 -3.4e+38 -3.4e+38 27.7925872802734 27.4107341766357 26.6279678344727 25.390998840332 24.1429042816162 23.2166767120361 21.7251682281494 20.7433223724365 19.0431575775146 16.2724685668945 12.9752016067505 8.77848815917969 6.72788429260254 6.38439559936523 5.76649188995361 5.41705799102783 5.36198139190674 5.38751316070557 5.73478746414185 5.46339225769043 5.6878981590271 5.57336854934692 5.31067562103271 5.72021341323853 5.5034351348877 6.01616764068604 6.80776882171631 8.07116222381592 8.7512264251709 7.68509006500244 8.19904041290283 7.44348859786987 5.99132204055786 5.83753776550293 5.50482845306396 5.9767804145813 5.50809192657471 5.77198171615601 5.81638669967651 5.76589059829712 5.77050161361694 5.09914636611938
-3.4e+38 -3.4e+38 28.8937339782715 28.8484668731689 28.0658931732178 27.5306777954102 27.1653480529785 26.1353149414062 24.5757846832275 23.6027145385742 22.0934066772461 20.9046878814697 19.3239517211914 16.0020904541016 12.0433797836304 10.0601177215576 7.15014362335205 5.53243780136108 5.1034107208252 5.09443950653076 5.09610939025879 5.07967758178711 5.09193992614746 5.08374166488647 5.07707023620605 5.08755445480347 4.62394571304321 4.5365309715271 4.48714208602905 5.25668716430664 5.65244293212891 5.95254707336426 6.18451309204102 6.25243425369263 6.21710014343262 5.94297409057617 5.9139575958252 5.85719728469849 5.53943157196045 5.20779800415039 5.2844762802124 5.23490428924561 4.97531890869141 4.8737907409668 5.00116109848022 4.98542404174805 4.73552560806274
-339999999999999996128486808808066248288.000000000000000 -3.4e+38 -3.4e+38 -3.4e+38 28.8031997680664 27.309268951416 26.8666133880615 25.3772106170654 24.1090602874756 22.8920307159424 21.4175491333008 20.0274219512939 16.6490001678467 12.0458183288574 9.90322971343994 8.03189086914062 5.92520141601562 5.19040393829346 5.0442910194397 5.00548124313354 5.06551265716553 4.9783239364624 4.97763538360596 5.01578664779663 5.0779185295105 5.02686452865601 4.87575149536133 4.92304611206055 3.92455887794495 4.79192972183228 5.26039600372314 5.21981287002563 5.58240938186646 5.71180200576782 5.66077899932861 5.50810050964355 5.32162570953369 5.23546409606934 5.20078706741333 5.09805583953857 4.89196014404297 4.7816596031189 4.58565425872803 4.59920740127563 4.56080341339111 4.53869152069092 4.54282331466675
-3.4e+38 -3.4e+38 -3.4e+38 -3.4e+38 28.4179229736328 27.0670967102051 26.1588973999023 24.8838348388672 23.7978172302246 22.4021282196045 21.0322589874268 18.7173709869385 13.8474588394165 9.90936946868896 7.58865070343018 6.53138780593872 6.10309934616089 5.44873332977295 5.11820650100708 5.11049032211304 4.85762596130371 4.63580751419067 4.59743976593018 4.61582279205322 4.66660261154175 4.84072828292847 4.7470850944519 4.79082489013672 4.50528144836426 4.98185682296753 5.05948877334595 5.00602006912231 4.96541738510132 5.09384679794312 5.09440183639526 4.88450527191162 4.86220359802246 4.84146165847778 4.72173166275024 4.62522268295288 4.56968259811401 4.5479040145874 4.49302864074707 4.41244125366211 4.4807071685791 4.37736082077026 4.36998510360718
-3.4e+38 -3.4e+38 -3.4e+38 -3.4e+38 28.1001873016357 26.9379730224609 25.8205509185791 24.5002937316895 23.5468044281006 22.2366580963135 20.8059597015381 17.0464248657227 11.2740564346313 8.52529144287109 6.64479446411133 6.10536909103394 5.47574853897095 5.28978824615479 4.71817445755005 4.69009828567505 4.57799243927002 4.55557632446289 4.57499647140503 4.57133436203003 4.56517696380615 4.6443772315979 4.84909629821777 4.33023405075073 4.31790542602539 4.69243621826172 5.07869911193848 4.85564422607422 4.78022861480713 4.81781625747681 4.75101327896118 4.70199060440063 4.63861179351807 4.61639499664307 4.55313110351562 4.53389644622803 4.47378396987915 4.42341804504395 4.36854696273804 4.40785694122314 4.36627912521362 4.35608816146851 4.34476137161255
-3.4e+38 -3.4e+38 -3.4e+38 -3.4e+38 29.4378299713135 26.9975891113281 25.4056358337402 24.3466815948486 23.40114402771 22.2762508392334 20.7716217041016 16.9167518615723 10.7167501449585 8.12584590911865 6.2819037437439 5.16097784042358 5.01096820831299 4.92269849777222 4.68863153457642 4.55967998504639 4.46966934204102 4.40844297409058 4.53387546539307 4.54235696792603 4.55797386169434 4.63290977478027 5.00047826766968 4.88533067703247 4.51872825622559 4.74673128128052 4.73659420013428 4.65964317321777 4.63446092605591 4.60847902297974 4.61683654785156 4.60219812393188 4.58275556564331 4.51450824737549 4.42331838607788 4.36172866821289 4.3502893447876 4.34458827972412 4.34039974212646 4.34139347076416 4.34599208831787 4.34516286849976 4.3338737487793
-3.4e+38 -3.4e+38 -3.4e+38 -3.4e+38 29.1910743713379 27.3951148986816 25.6798419952393 24.3898601531982 23.405574798584 22.564847946167 21.0947971343994 19.0038566589355 11.745735168457 7.62181282043457 6.12413311004639 5.03679656982422 4.65328645706177 4.65814733505249 4.64532709121704 4.4903883934021 4.40640783309937 4.36761045455933 4.37077856063843 4.39376544952393 4.58897638320923 4.62178421020508 4.68034410476685 4.69891166687012 4.69911527633667 4.68638181686401 4.6242527961731 4.64062595367432 4.61544179916382 4.52395725250244 4.44524526596069 4.48019027709961 4.43395042419434 4.39343929290771 4.34967374801636 4.33215856552124 4.33313369750977 4.33230924606323 4.38773441314697 4.33924531936646 4.33609914779663 4.3324933052063 4.33129596710205
-3.4e+38 -3.4e+38 -3.4e+38 -3.4e+38 29.2639102935791 27.9081554412842 26.2837505340576 24.6368503570557 23.93825340271 23.2147331237793 21.9208354949951 20.6194248199463 14.3666181564331 7.41798162460327 5.57897806167603 5.12168836593628 4.70814800262451 4.63395261764526 4.53819513320923 4.42037630081177 4.35747814178467 4.33010721206665 4.33324813842773 4.35554790496826 4.41212129592896 4.39118719100952 4.38978385925293 4.41342449188232 4.44484043121338 4.50214672088623 4.48821640014648 4.55280637741089 4.49029064178467 4.42239570617676 4.37536525726318 4.38866090774536 4.37408018112183 4.35635042190552 4.33929443359375 4.34958839416504 4.34495449066162 4.34779214859009 4.36879873275757 4.36424446105957 4.34422731399536 4.3284158706665 4.32404899597168
-3.4e+38 -3.4e+38 -3.4e+38 -3.4e+38 -3.4e+38 27.5481414794922 26.8660755157471 25.3619174957275 24.4980354309082 24.0718955993652 23.1699161529541 21.7602005004883 17.4196968078613 7.75504541397095 5.66536855697632 5.14072322845459 4.790846824646 4.6058554649353 4.4920072555542 4.37163496017456 4.33341598510742 4.31672954559326 4.32251596450806 4.3476243019104 4.39741086959839 4.32771253585815 4.33111381530762 4.37887573242188 4.39606046676636 4.42126607894897 4.41673469543457 4.42199563980103 4.39691925048828 4.37565279006958 4.33546543121338 4.32831144332886 4.32791423797607 4.35071134567261 4.34432363510132 4.34175395965576 4.3564305305481 4.36416244506836 4.35713291168213 4.3683066368103 4.3368968963623 4.32043695449829 4.29964876174927
-3.4e+38 -3.4e+38 -3.4e+38 -3.4e+38 -3.4e+38 29.9817237854004 26.9807949066162 25.523551940918 24.4869003295898 24.0130252838135 23.5959491729736 23.0446434020996 18.0959892272949 8.05628490447998 5.91365957260132 5.14181470870972 5.06105995178223 4.56676721572876 4.45909690856934 4.3403697013855 4.31566381454468 4.31145524978638 4.31119155883789 4.325608253479 4.32653093338013 4.29825639724731 4.30212593078613 4.30812549591064 4.32318830490112 4.32734251022339 4.34040832519531 4.34833526611328 4.32487630844116 4.32178926467896 4.30459499359131 4.28666830062866 4.27815008163452 4.30941820144653 4.34350442886353 4.34394025802612 4.33892726898193 4.35807609558105 4.33962917327881 4.33092784881592 4.32299852371216 4.29713869094849 4.28937339782715
-3.4e+38 -3.4e+38 -3.4e+38 -3.4e+38 -3.4e+38 29.7403583526611 26.8825988769531 25.2205600738525 24.1550846099854 23.8507385253906 23.5880451202393 22.9244251251221 16.6271533966064 7.70753526687622 5.58975410461426 5.15109395980835 5.25273895263672 4.9975118637085 4.37627458572388 4.323157787323 4.31164026260376 4.30183172225952 4.28798961639404 4.29317378997803 4.29523324966431 4.29585218429565 4.29613542556763 4.29398441314697 4.29592657089233 4.30956125259399 4.30832004547119 4.30866670608521 4.29832553863525 4.29109144210815 4.30860710144043 4.30519723892212 4.28737926483154 4.29072999954224 4.30618476867676 4.29993963241577 4.30568361282349 4.32130098342896 4.33736085891724 4.31054353713989 4.2957706451416 4.28546762466431 4.28340244293213
-3.4e+38 -3.4e+38 -3.4e+38 -3.4e+38 -3.4e+38 -3.4e+38 26.4502124786377 24.9079360961914 23.9955863952637 23.441822052002 23.6062965393066 22.7524929046631 16.9693336486816 8.30418300628662 5.7107138633728 5.24380874633789 5.57416439056396 5.06069135665894 4.34406852722168 4.3129940032959 4.31340169906616 4.29537916183472 4.2891001701355 4.29841756820679 4.32171106338501 4.32015466690063 4.30348300933838 4.32341146469116 4.33769178390503 4.34042453765869 4.3421459197998 4.34219789505005 4.34094572067261 4.33930969238281 4.33958292007446 4.34184694290161 4.3357458114624 4.30132293701172 4.29083299636841 4.28728818893433 4.2860369682312 4.28820276260376 4.2981162071228 4.30498790740967 4.30982255935669 4.2983603477478 4.2771053314209
-3.4e+38 -3.4e+38 -3.4e+38 -3.4e+38 -3.4e+38 -3.4e+38 26.3659267425537 24.5939407348633 23.6390514373779 22.8495254516602 23.0039138793945 21.7495250701904 15.9826784133911 8.42414474487305 6.19129991531372 5.40915870666504 5.82112407684326 5.32967185974121 4.41956186294556 4.31511783599854 4.28899526596069 4.29249048233032 4.29593944549561 4.31493473052979 4.34399843215942 4.34470748901367 4.34288835525513 4.34401082992554 4.34456014633179 4.3445897102356 4.34524536132812 4.34662675857544 4.34596014022827 4.34435272216797 4.34472846984863 4.34680700302124 4.34763336181641 4.34566164016724 4.3404426574707 4.31745719909668 4.29519510269165 4.29521465301514 4.29851961135864 4.31347036361694 4.31750679016113 4.31324148178101 4.28504180908203
-3.4e+38 -3.4e+38 -3.4e+38 -3.4e+38 -3.4e+38 -3.4e+38 26.1291332244873 23.8003559112549 23.117733001709 22.720006942749 22.1968307495117 21.3580093383789 15.6403484344482 7.66399049758911 5.87516689300537 5.26950836181641 5.57897663116455 5.06764698028564 4.50306272506714 4.3117356300354 4.28673553466797 4.3021183013916 4.3249568939209 4.33978748321533 4.34995985031128 4.3520884513855 4.35181045532227 4.35198545455933 4.35258960723877 4.35302925109863 4.3531289100647 4.35294103622437 4.35201597213745 4.35105228424072 4.35042762756348 4.35207843780518 4.35258054733276 4.35089063644409 4.34805774688721 4.34611034393311 4.34334564208984 4.33641004562378 4.32788276672363 4.31014442443848 4.31527900695801 4.32929706573486 4.32571077346802
-3.4e+38 -3.4e+38 -3.4e+38 -3.4e+38 -3.4e+38 28.3220825195312 24.7424983978271 23.1508350372314 22.5414047241211 22.3295669555664 21.7737789154053 20.701322555542 13.6685953140259 6.80881023406982 5.28168678283691 5.13168621063232 5.27914237976074 5.04251909255981 4.54956579208374 4.32257223129272 4.28925943374634 4.32868051528931 4.35029554367065 4.35310840606689 4.35524702072144 4.35730266571045 4.358314037323 4.35905075073242 4.36011791229248 4.3606595993042 4.36091041564941 4.36026668548584 4.35914134979248 4.35894060134888 4.35777616500854 4.35791254043579 4.35767078399658 4.35590696334839 4.35378503799438 4.3520679473877 4.34968185424805 4.34569644927979 4.33989095687866 4.3358154296875 4.33491277694702 4.33735227584839 4.33859777450562
-3.4e+38 -3.4e+38 -3.4e+38 -3.4e+38 27.7610836029053 27.081787109375 23.3715133666992 22.5341014862061 22.4580612182617 21.8003940582275 20.9525737762451 19.3547058105469 10.8782739639282 6.01745653152466 5.16909313201904 5.15785980224609 5.23409605026245 4.8648943901062 4.45446634292603 4.33000135421753 4.30802536010742 4.35000085830688 4.35274028778076 4.3560037612915 4.35808134078979 4.35967636108398 4.3613338470459 4.36367750167847 4.3650107383728 4.36514139175415 4.36511945724487 4.36475515365601 4.36414861679077 4.36491918563843 4.3601450920105 4.35624170303345 4.35724544525146 4.357102394104 4.35738706588745 4.35715484619141 4.35480642318726 4.35107374191284 4.34569787979126 4.34257173538208 4.34089040756226 4.33889770507812 4.33922243118286
