Ecospace-environmental-drivers/Outputs/ASCII-for-ecospace/Temp-bot/Temp-bot_X2019.09.asc
NCOLS 131 
NROWS 53 
XLLCORNER -98 
YLLCORNER 23.9265270233154 
CELLSIZE 0.133587792515755 
NODATA_value -3.4e+38 
[rows 21 to 41 of 53, columns 47 to 93 of 131]
20.4730453491211 19.8792476654053 19.7845649719238 19.8661079406738 19.9913787841797 20.1219959259033 19.5177059173584 19.5223827362061 19.3478679656982 18.2105751037598 16.1833114624023 14.9601707458496 12.7568712234497 10.4660787582397 8.69078922271729 6.92709016799927 5.7546010017395 5.3537974357605 5.3996467590332 5.17614889144897 4.63911008834839 4.42493009567261 4.32767486572266 4.31427764892578 4.28909015655518 4.26468515396118 4.26565933227539 4.26144361495972 4.26575803756714 4.28170967102051 4.28155088424683 4.28137922286987 4.28024911880493 4.27868032455444 4.27667284011841 4.27516841888428 4.27735471725464 4.36748552322388 5.02995204925537 5.78891277313232 6.21178340911865 6.58211469650269 7.19038152694702 8.03526401519775 9.2359790802002 10.4564352035522 11.6347436904907
17.8039302825928 17.3529319763184 17.2499599456787 17.1786670684814 17.4844989776611 16.7210998535156 14.708643913269 15.3907079696655 13.765682220459 11.3515863418579 10.3344564437866 9.73873233795166 9.32952880859375 8.21180248260498 6.8993763923645 6.51340579986572 5.63232707977295 5.21070623397827 4.80837678909302 4.81909847259521 4.57223606109619 4.380286693573 4.32212257385254 4.27872657775879 4.26691150665283 4.2624979019165 4.25696182250977 4.25552415847778 4.26851081848145 4.27505445480347 4.27513837814331 4.27876853942871 4.28098201751709 4.28192949295044 4.28021621704102 4.27764129638672 4.27433633804321 4.28173875808716 4.28149557113647 4.27604341506958 4.45141935348511 4.67324447631836 5.14671516418457 5.9440655708313 6.81646871566772 7.88955354690552 9.42045116424561
13.3380842208862 13.0670137405396 13.7575225830078 12.297173500061 11.651891708374 10.5410003662109 10.3061552047729 9.08256530761719 7.8453426361084 7.46214437484741 7.31178998947144 7.73707866668701 7.09168195724487 6.60256576538086 5.99585437774658 5.62250995635986 5.32800245285034 4.85423374176025 4.64945268630981 4.57883930206299 4.50278091430664 4.38776063919067 4.32173538208008 4.27116727828979 4.26580333709717 4.25402021408081 4.24954128265381 4.25379753112793 4.27133417129517 4.27338933944702 4.28088998794556 4.28175067901611 4.28031492233276 4.2837495803833 4.28531694412231 4.28182315826416 4.2754430770874 4.28493309020996 4.32359886169434 4.31749582290649 4.31045913696289 4.31991481781006 4.29938220977783 4.46483278274536 5.10136413574219 6.22998094558716 7.35272598266602
8.44442844390869 8.45198822021484 7.91367483139038 8.27044677734375 7.95284366607666 7.21873569488525 6.72656583786011 6.30587434768677 5.94891548156738 6.15816020965576 6.02043914794922 6.19693183898926 5.77051448822021 5.49985408782959 5.37318468093872 5.22692728042603 4.85157155990601 4.7035174369812 4.57297897338867 4.44935607910156 4.39125919342041 4.35317230224609 4.32069778442383 4.28833198547363 4.266685962677 4.2544379234314 4.27194023132324 4.2783055305481 4.27299404144287 4.27535676956177 4.2817645072937 4.28491020202637 4.29047679901123 4.29424095153809 4.30590295791626 4.31894826889038 4.32796955108643 4.3251748085022 4.32512998580933 4.31899166107178 4.32660818099976 4.32928133010864 4.32696199417114 4.31605386734009 4.32552289962769 4.80527591705322 6.02293109893799
6.26868867874146 6.02473497390747 5.88211584091187 5.69550275802612 5.47395849227905 5.66844511032104 5.26747417449951 5.3617115020752 5.19490432739258 5.28888273239136 5.21905469894409 5.20180320739746 5.16584253311157 5.14249563217163 5.11356115341187 4.85016059875488 4.52553606033325 4.46181392669678 4.42007303237915 4.36508750915527 4.34534025192261 4.3324179649353 4.3224515914917 4.31560564041138 4.27230215072632 4.24919509887695 4.24984693527222 4.27723693847656 4.27734851837158 4.27842330932617 4.28247547149658 4.28452253341675 4.29339265823364 4.29927778244019 4.31065034866333 4.32395505905151 4.32325983047485 4.33088350296021 4.32821798324585 4.33056402206421 4.33310747146606 4.33578777313232 4.335533618927 4.33425521850586 4.33048820495605 4.29714870452881 4.82451677322388
5.24373149871826 5.21018409729004 5.12898874282837 4.72166967391968 4.74546766281128 4.94304275512695 4.96786451339722 4.92109775543213 4.97829389572144 4.92325401306152 5.03710412979126 4.99234580993652 5.07176542282104 4.83449268341064 4.61693096160889 4.4384822845459 4.36286592483521 4.34669303894043 4.35021734237671 4.34175872802734 4.3305196762085 4.3211669921875 4.28334999084473 4.2746114730835 4.26440668106079 4.25142812728882 4.24628114700317 4.26625347137451 4.27608108520508 4.2813401222229 4.28403043746948 4.28658628463745 4.2919545173645 4.31734180450439 4.3235650062561 4.33123779296875 4.32601404190063 4.33030891418457 4.33167600631714 4.33499193191528 4.33824300765991 4.34036350250244 4.33970022201538 4.33749055862427 4.33594131469727 4.3308277130127 4.35176992416382
4.72041416168213 4.71045351028442 4.56086540222168 4.4251708984375 4.46768617630005 4.52921390533447 4.59074449539185 4.73873996734619 4.73869323730469 4.60169649124146 4.62588453292847 4.6320013999939 4.61515045166016 4.52331113815308 4.33766508102417 4.3032112121582 4.26005506515503 4.25839138031006 4.27782249450684 4.28965377807617 4.31178712844849 4.2772536277771 4.2675633430481 4.26199913024902 4.25695991516113 4.25338077545166 4.25539398193359 4.27344608306885 4.27642250061035 4.27924489974976 4.28225183486938 4.28249359130859 4.28934240341187 4.28637933731079 4.30002307891846 4.32498598098755 4.32678651809692 4.3290491104126 4.33382844924927 4.33791780471802 4.34111309051514 4.34295511245728 4.34145307540894 4.33766984939575 4.3354959487915 4.33544921875 4.30914306640625
4.53465509414673 4.42823028564453 4.35195446014404 4.36426639556885 4.3818793296814 4.34895467758179 4.35185813903809 4.4484601020813 4.47097873687744 4.49279403686523 4.47156953811646 4.39853143692017 4.30455493927002 4.28535509109497 4.25904941558838 4.25734567642212 4.25412321090698 4.25180530548096 4.25377130508423 4.25305366516113 4.25365543365479 4.26094388961792 4.26513862609863 4.26206159591675 4.26042175292969 4.26381874084473 4.27134943008423 4.27365970611572 4.27561187744141 4.27858114242554 4.2797269821167 4.28229475021362 4.28744697570801 4.283766746521 4.29641008377075 4.29836988449097 4.32824850082397 4.33147096633911 4.33572959899902 4.33886909484863 4.34187746047974 4.3435492515564 4.34155702590942 4.33733367919922 4.33512687683105 4.33624076843262 4.32812786102295
4.36918258666992 4.33967638015747 4.32067108154297 4.31393957138062 4.30470895767212 4.29398536682129 4.29836082458496 4.31776475906372 4.31592893600464 4.31207942962646 4.27318382263184 4.25939559936523 4.25719594955444 4.25609970092773 4.2553768157959 4.25334310531616 4.2505202293396 4.24945592880249 4.25030565261841 4.25206708908081 4.2526330947876 4.25531530380249 4.26336288452148 4.26800727844238 4.26742935180664 4.2669563293457 4.27014303207397 4.2744288444519 4.27713441848755 4.27637577056885 4.27845335006714 4.27773809432983 4.27818536758423 4.27994680404663 4.28150367736816 4.28018283843994 4.32562971115112 4.33589506149292 4.33736038208008 4.33931303024292 4.34153318405151 4.34299898147583 4.34239959716797 4.33802318572998 4.33712816238403 4.33674097061157 4.33303642272949
4.34437417984009 4.33057022094727 4.33963680267334 4.3130259513855 4.30641508102417 4.31532144546509 4.27886056900024 4.28002309799194 4.28907775878906 4.26587772369385 4.25654029846191 4.26045417785645 4.26917886734009 4.26069307327271 4.25909471511841 4.25710105895996 4.26857233047485 4.27167320251465 4.27051830291748 4.26782274246216 4.25707292556763 4.25714254379272 4.26344108581543 4.27252054214478 4.27433252334595 4.27295923233032 4.27500438690186 4.27698421478271 4.27668046951294 4.27472639083862 4.27563762664795 4.27623081207275 4.27544212341309 4.27684164047241 4.27717161178589 4.27665567398071 4.31938791275024 4.33692169189453 4.33771085739136 4.33959007263184 4.34146404266357 4.34334707260132 4.34386444091797 4.33972692489624 4.33568620681763 4.33460474014282 4.33324766159058
4.34930229187012 4.34377193450928 4.32880353927612 4.30417823791504 4.30202341079712 4.29124927520752 4.27650117874146 4.26952838897705 4.28045320510864 4.2599663734436 4.26407241821289 4.27311086654663 4.27347660064697 4.2719087600708 4.27256298065186 4.27196645736694 4.27128219604492 4.27119493484497 4.27043914794922 4.27354001998901 4.26789808273315 4.26074266433716 4.26307821273804 4.27007579803467 4.27735328674316 4.27913475036621 4.27944755554199 4.2765212059021 4.27447891235352 4.27397871017456 4.27434062957764 4.2742657661438 4.27432155609131 4.27580308914185 4.27674865722656 4.27511262893677 4.32674694061279 4.33734703063965 4.33797788619995 4.33985090255737 4.34175968170166 4.3433575630188 4.34330892562866 4.34139013290405 4.33935403823853 4.33835649490356 4.33758115768433
4.35619878768921 4.35954570770264 4.35582304000854 4.29348468780518 4.31109666824341 4.26993370056152 4.25517988204956 4.2533016204834 4.2611083984375 4.27035236358643 4.27192783355713 4.27237272262573 4.27343225479126 4.27228689193726 4.27173614501953 4.27215671539307 4.27269887924194 4.27266836166382 4.27145290374756 4.27101182937622 4.2709436416626 4.27187776565552 4.26365089416504 4.26719284057617 4.2744779586792 4.28216552734375 4.27998876571655 4.27563667297363 4.27321147918701 4.2728590965271 4.2729663848877 4.27369832992554 4.27419996261597 4.27488231658936 4.27408123016357 4.27361488342285 4.32750749588013 4.33926868438721 4.34065246582031 4.34237480163574 4.34226369857788 4.34178590774536 4.34194087982178 4.34393978118896 4.34546518325806 4.34641361236572 4.34594678878784
4.32209157943726 4.29175186157227 4.27174806594849 4.26726579666138 4.27372741699219 4.25525951385498 4.25788497924805 4.2622332572937 4.27193450927734 4.27255868911743 4.27335262298584 4.27379703521729 4.274658203125 4.27428579330444 4.27428007125854 4.27412939071655 4.27406072616577 4.27422952651978 4.27551460266113 4.27564001083374 4.27220392227173 4.27322626113892 4.27419281005859 4.27594900131226 4.27717256546021 4.27572822570801 4.27307939529419 4.27204847335815 4.27247381210327 4.272216796875 4.27294158935547 4.27310943603516 4.27310752868652 4.27332592010498 4.27287483215332 4.29741430282593 4.33796501159668 4.34097337722778 4.34357738494873 4.34241533279419 4.34124040603638 4.34277200698853 4.34575510025024 4.34776544570923 4.34901475906372 4.35051441192627 4.35206174850464
4.2856912612915 4.26670408248901 4.26340532302856 4.25884246826172 4.2546181678772 4.25554227828979 4.27255201339722 4.27794456481934 4.27334833145142 4.28073740005493 4.31696510314941 4.33327436447144 4.31564426422119 4.32440042495728 4.32083082199097 4.29748868942261 4.28310108184814 4.27309703826904 4.27257394790649 4.27304172515869 4.27461910247803 4.2728157043457 4.27208280563354 4.27139329910278 4.27181768417358 4.27147197723389 4.27129364013672 4.27155733108521 4.27212190628052 4.27131080627441 4.27201747894287 4.27495431900024 4.28882694244385 4.30787420272827 4.32724046707153 4.33510255813599 4.33734750747681 4.34026765823364 4.34293985366821 4.34436798095703 4.34425973892212 4.34480667114258 4.34473037719727 4.346031665802 4.3481240272522 4.34986114501953 4.3512601852417
4.28802967071533 4.26957893371582 4.26282644271851 4.25931453704834 4.25776147842407 4.25910234451294 4.31603050231934 4.33076477050781 4.32876539230347 4.33535289764404 4.34295797348022 4.34265947341919 4.34076166152954 4.33936357498169 4.33599185943604 4.33426666259766 4.33042526245117 4.32558059692383 4.30317211151123 4.27083683013916 4.27078056335449 4.27209901809692 4.27203321456909 4.27156400680542 4.27082777023315 4.27056074142456 4.27012348175049 4.26975679397583 4.27028226852417 4.27162981033325 4.28957319259644 4.3292760848999 4.33392477035522 4.33536005020142 4.33611440658569 4.33566570281982 4.33431529998779 4.33460521697998 4.33769512176514 4.34019231796265 4.34150314331055 4.34280824661255 4.34450006484985 4.34729385375977 4.34960174560547 4.35001277923584 4.3484787940979
4.28082466125488 4.2730975151062 4.26702213287354 4.26840257644653 4.27398109436035 4.31341791152954 4.33998584747314 4.34336519241333 4.34309530258179 4.34266901016235 4.34033298492432 4.34274005889893 4.3437557220459 4.34202432632446 4.34032201766968 4.33935117721558 4.33748388290405 4.33457899093628 4.3317289352417 4.32022047042847 4.28820943832397 4.2703857421875 4.2701096534729 4.26994371414185 4.26990604400635 4.26983737945557 4.2695746421814 4.2698016166687 4.27270698547363 4.29621124267578 4.32806062698364 4.33274269104004 4.33446836471558 4.33588361740112 4.33682203292847 4.33703470230103 4.33736848831177 4.33731460571289 4.33883762359619 4.33972549438477 4.34027576446533 4.34444236755371 4.34747457504272 4.34981727600098 4.35033178329468 4.35007810592651 4.34935855865479
4.27696084976196 4.27448177337646 4.2804069519043 4.32365036010742 4.33540630340576 4.33803987503052 4.33600997924805 4.33446884155273 4.33316278457642 4.33238792419434 4.33280754089355 4.33565282821655 4.34263706207275 4.34270143508911 4.34163761138916 4.34077596664429 4.34036064147949 4.33938026428223 4.33731365203857 4.33436393737793 4.33007383346558 4.31428670883179 4.28879880905151 4.30500507354736 4.3056058883667 4.29513216018677 4.30443620681763 4.30481290817261 4.31847286224365 4.32756996154785 4.33082914352417 4.33317899703979 4.33412837982178 4.33578300476074 4.33681726455688 4.33807182312012 4.33953666687012 4.34088516235352 4.34133529663086 4.340256690979 4.33950090408325 4.34412717819214 4.34816694259644 4.3506121635437 4.35167026519775 4.35117721557617 4.34868574142456
4.2797155380249 4.28378677368164 4.32573890686035 4.33663606643677 4.33462142944336 4.33276414871216 4.3334641456604 4.33397769927979 4.33307409286499 4.32983112335205 4.32909440994263 4.32931852340698 4.33191871643066 4.33980464935303 4.34264326095581 4.34241485595703 4.34214782714844 4.34174585342407 4.34002113342285 4.33965444564819 4.33769607543945 4.33396005630493 4.33073711395264 4.32976007461548 4.32932090759277 4.32873582839966 4.32868671417236 4.32793760299683 4.32744789123535 4.32999086380005 4.33264112472534 4.33411598205566 4.33434772491455 4.33538484573364 4.33726739883423 4.33846712112427 4.33999109268188 4.34130525588989 4.34154272079468 4.33944272994995 4.33863210678101 4.34241914749146 4.3467698097229 4.34871339797974 4.35024642944336 4.35107946395874 4.34754419326782
4.31542205810547 4.32634258270264 4.33200788497925 4.33436679840088 4.33177518844604 4.3316445350647 4.33143758773804 4.33150148391724 4.33119678497314 4.32976675033569 4.32857656478882 4.32669639587402 4.32605934143066 4.33024883270264 4.33510828018188 4.33649110794067 4.33931159973145 4.34259796142578 4.34444618225098 4.3447322845459 4.34485864639282 4.34251976013184 4.3389310836792 4.33673286437988 4.33640050888062 4.33634519577026 4.33557033538818 4.33413648605347 4.33308696746826 4.33402347564697 4.33505582809448 4.3359317779541 4.33621263504028 4.33741331100464 4.33844709396362 4.33947849273682 4.34088706970215 4.34241580963135 4.34248638153076 4.33919954299927 4.33870077133179 4.34183263778687 4.34585666656494 4.34833908081055 4.35012149810791 4.34884929656982 4.34326791763306
4.32568979263306 4.32915925979614 4.33185815811157 4.33087539672852 4.33035039901733 4.32916069030762 4.33019161224365 4.3310079574585 4.33010768890381 4.33144235610962 4.33136224746704 4.33038425445557 4.32747030258179 4.32832431793213 4.33105611801147 4.33100461959839 4.33122253417969 4.33542776107788 4.33939075469971 4.33972263336182 4.34225082397461 4.34638214111328 4.34693431854248 4.3453540802002 4.34498167037964 4.34372425079346 4.34224939346313 4.34018754959106 4.33929586410522 4.33943128585815 4.33855247497559 4.33833360671997 4.33845567703247 4.33995723724365 4.34061479568481 4.34122657775879 4.34210252761841 4.34264135360718 4.34295272827148 4.34087562561035 4.34054803848267 4.34249114990234 4.34611129760742 4.34854173660278 4.34957599639893 4.3464674949646 4.33983612060547
4.32759141921997 4.32803916931152 4.3277153968811 4.32719230651855 4.32771253585815 4.32663869857788 4.32890129089355 4.32992219924927 4.33134078979492 4.33436107635498 4.3349142074585 4.33346033096313 4.33039093017578 4.32721948623657 4.32831621170044 4.33012723922729 4.32946825027466 4.33312940597534 4.33851385116577 4.33977460861206 4.33898401260376 4.34076499938965 4.34554004669189 4.34546327590942 4.34807348251343 4.34593343734741 4.34442806243896 4.34358787536621 4.34384727478027 4.34303045272827 4.34237861633301 4.34213161468506 4.34148597717285 4.34154462814331 4.34175300598145 4.34099721908569 4.3420295715332 4.34233617782593 4.3425350189209 4.34190607070923 4.34160804748535 4.34341812133789 4.34627199172974 4.34822130203247 4.34809875488281 4.34120607376099 4.33840036392212
