Ecospace-environmental-drivers/Outputs/ASCII-for-ecospace/Temp-bot/Temp-bot_X1993.07.asc
NCOLS 131 
NROWS 53 
XLLCORNER -98 
YLLCORNER 23.9265270233154 
CELLSIZE 0.133587792515755 
NODATA_value -3.4e+38 
[rows 21 to 41 of 53, columns 0 to 46 of 131]
-3.4e+38 -3.4e+38 -3.4e+38 -3.4e+38 -3.4e+38 -3.4e+38 29.4987201690674 29.6838855743408 29.4953880310059 30.1046676635742 29.2110424041748 28.0484371185303 26.8895626068115 26.494592666626 26.374828338623 26.2427864074707 25.8992919921875 25.274097442627 24.3603420257568 23.3513793945312 22.7003326416016 22.2958374023438 22.0679969787598 22.3605289459229 22.4855537414551 22.6522006988525 22.5272903442383 22.1993885040283 21.8555221557617 21.3983936309814 21.3174495697021 21.3892440795898 21.6097049713135 21.4871311187744 21.0100593566895 20.5746536254883 20.3337440490723 20.4284286499023 20.4573154449463 20.3357315063477 20.0733165740967 20.3292579650879 20.2454776763916 20.2025566101074 20.2127418518066 20.446439743042 20.300407409668
-3.4e+38 -3.4e+38 -3.4e+38 -3.4e+38 -3.4e+38 -3.4e+38 29.6010799407959 29.2111930847168 29.6838855743408 28.6976127624512 27.6249656677246 26.4965000152588 25.564697265625 24.9586410522461 24.5343685150146 24.0979194641113 23.8622627258301 23.4652881622314 22.8325710296631 21.9935169219971 20.8971996307373 20.2189102172852 20.0918617248535 20.253589630127 20.4530048370361 20.8275356292725 20.690149307251 19.9775218963623 20.0300312042236 20.277515411377 20.4403667449951 20.0521106719971 19.722843170166 19.2686023712158 18.6955013275146 18.8300399780273 18.7629642486572 18.7489948272705 18.5292301177979 17.6769161224365 17.9661026000977 18.4364681243896 17.4663505554199 18.1454391479492 18.5526142120361 18.6257610321045 18.4193935394287
-3.4e+38 -3.4e+38 -3.4e+38 -3.4e+38 29.4231472015381 29.4949398040771 29.1349868774414 29.6010799407959 28.3486156463623 27.3312511444092 26.1262512207031 24.3434829711914 23.1788520812988 22.4303073883057 22.1614685058594 22.8829708099365 22.6744918823242 22.5078144073486 21.3322067260742 19.5420532226562 18.1641960144043 16.6759586334229 15.6690740585327 14.486909866333 15.4418325424194 14.5678958892822 14.8522710800171 15.8914308547974 17.7442111968994 16.8294887542725 18.1323738098145 18.0556488037109 18.0344429016113 16.2709178924561 17.939323425293 17.0853748321533 15.8463191986084 15.9312086105347 14.368049621582 11.1596612930298 11.8379993438721 11.7404127120972 13.8891658782959 12.2914209365845 13.4104042053223 13.9747486114502 14.7696876525879
-3.4e+38 -3.4e+38 -3.4e+38 -3.4e+38 29.5344619750977 29.2400379180908 29.4949398040771 28.3089427947998 26.9557037353516 25.8407974243164 24.0858879089355 22.621150970459 21.7201404571533 21.0930080413818 20.7572937011719 20.7389869689941 19.8870849609375 16.8104305267334 14.9564189910889 12.6072273254395 10.3353099822998 8.86249256134033 9.38504600524902 9.53304195404053 10.0275039672852 9.93245887756348 10.4972257614136 9.98873805999756 10.7867631912231 10.1874217987061 10.9211235046387 12.5188837051392 12.8930473327637 13.6702737808228 14.95569896698 14.3021812438965 15.1280794143677 13.5053625106812 10.9422769546509 8.15103435516357 8.73206424713135 9.16133975982666 9.31225109100342 8.56870937347412 8.09326171875 8.5224142074585 7.59078311920166
-3.4e+38 -3.4e+38 -3.4e+38 -3.4e+38 -3.4e+38 29.5344619750977 28.6907119750977 27.1884117126465 25.8852233886719 24.1392574310303 22.6524982452393 21.5772743225098 20.6053447723389 19.5581703186035 18.1543140411377 15.4275798797607 11.8887271881104 8.75585269927979 8.15575313568115 7.14169216156006 6.38810873031616 6.30077743530273 6.43320083618164 6.68780660629272 7.19860649108887 6.90195178985596 7.05994653701782 7.03709983825684 6.74439764022827 6.76197195053101 6.86558723449707 8.16134738922119 8.80359268188477 10.8315401077271 10.481858253479 10.8505802154541 10.093581199646 8.53423500061035 6.52678823471069 6.22569179534912 6.81777763366699 6.82204389572144 6.16756057739258 6.13826751708984 6.06943988800049 6.27332162857056 5.98548269271851
-3.4e+38 -3.4e+38 -3.4e+38 -3.4e+38 -3.4e+38 29.1518840789795 27.5195007324219 26.4071044921875 24.6673965454102 22.8077507019043 21.7704982757568 20.6733722686768 19.2288074493408 16.8461647033691 14.1173095703125 11.2371997833252 7.86994028091431 6.36585330963135 6.02105188369751 5.55123424530029 5.1580286026001 5.18848133087158 5.25703716278076 5.67942380905151 5.33591413497925 5.58748245239258 5.49213409423828 5.25393915176392 5.5087947845459 5.19581317901611 5.68217754364014 6.29500961303711 7.38233852386475 8.00936508178711 7.03430223464966 7.42772245407104 6.8834547996521 5.77107810974121 5.5973687171936 5.3742938041687 5.63975143432617 5.3676381111145 5.57735729217529 5.60337448120117 5.63259744644165 5.72833919525146 5.16940784454346
-3.4e+38 -3.4e+38 30.4305477142334 30.2871875762939 29.1308002471924 28.2993221282959 26.8558216094971 25.6116542816162 23.52272605896 22.1225738525391 21.0263767242432 19.4910354614258 17.1875 14.0311698913574 10.4839744567871 9.05939483642578 6.67461442947388 5.40170240402222 4.98892974853516 4.87890386581421 4.98332166671753 5.03063535690308 5.05872058868408 5.04347848892212 5.06892395019531 5.14296054840088 4.88686227798462 4.80563831329346 4.85668230056763 5.04035568237305 5.4235577583313 5.65040111541748 5.90246677398682 5.94568109512329 5.98839902877808 5.73215341567993 5.61034488677979 5.54726552963257 5.31295824050903 5.13893508911133 5.18314599990845 5.14816665649414 4.95987272262573 4.84283876419067 5.07726907730103 5.09206342697144 4.68951940536499
-339999999999999996128486808808066248288.000000000000000 -3.4e+38 -3.4e+38 -3.4e+38 30.1438274383545 27.6284160614014 26.2832660675049 24.7272987365723 22.835865020752 21.5873489379883 20.3669891357422 18.1129970550537 14.5526237487793 10.7988557815552 9.09035873413086 7.53861618041992 5.7305760383606 5.11280870437622 4.93234062194824 4.84174156188965 4.93347692489624 4.86372327804565 4.89390325546265 4.95071411132812 5.08945989608765 5.09000778198242 4.8720531463623 4.9610013961792 4.68301582336426 4.86957883834839 5.01619577407837 4.9553804397583 5.38109683990479 5.5565128326416 5.46953010559082 5.27908658981323 5.21119689941406 5.04367065429688 5.03829431533813 4.99820947647095 4.76736974716187 4.67895936965942 4.52334785461426 4.51448917388916 4.46795845031738 4.452467918396 4.46571493148804
-3.4e+38 -3.4e+38 -3.4e+38 -3.4e+38 29.4828128814697 27.2032833099365 25.8629932403564 24.158275604248 22.4954433441162 21.231819152832 19.6613445281982 16.7401428222656 12.1570901870728 9.33128452301025 7.23550748825073 6.32087469100952 5.83072471618652 5.23141813278198 4.908043384552 4.88450622558594 4.63432216644287 4.44286584854126 4.43564319610596 4.47200965881348 4.506591796875 4.7502121925354 4.67993307113647 4.60854625701904 4.49814414978027 4.92467546463013 4.90574979782104 4.92694807052612 4.78519439697266 4.94731998443604 4.91324806213379 4.54241514205933 4.66170167922974 4.61636161804199 4.5859522819519 4.52116203308105 4.44833898544312 4.41831588745117 4.36605739593506 4.29768705368042 4.3613166809082 4.30450630187988 4.29734945297241
-3.4e+38 -3.4e+38 -3.4e+38 -3.4e+38 29.1729202270508 27.1165237426758 25.561731338501 23.7941055297852 22.3057651519775 21.1301021575928 19.3401203155518 14.8173980712891 10.2347507476807 8.15733814239502 6.4325647354126 5.88476848602295 5.28180074691772 5.0270528793335 4.45252752304077 4.41177988052368 4.34211158752441 4.37170553207397 4.41333389282227 4.42906999588013 4.37553834915161 4.49037218093872 4.72466135025024 4.41213798522949 4.40291881561279 4.58861064910889 4.86767148971558 4.66856908798218 4.58200216293335 4.6061224937439 4.50290775299072 4.4569673538208 4.4584698677063 4.45625972747803 4.41816854476929 4.39454126358032 4.33190298080444 4.28243398666382 4.23811435699463 4.27805233001709 4.24996471405029 4.23847103118896 4.23607492446899
-3.4e+38 -3.4e+38 -3.4e+38 -3.4e+38 30.4208526611328 27.2810535430908 25.3211479187012 23.6562957763672 22.3750305175781 21.1989364624023 19.2209796905518 14.6522579193115 9.77552604675293 7.600830078125 6.12134552001953 5.05951166152954 4.78310823440552 4.63399028778076 4.35687732696533 4.29189395904541 4.27761554718018 4.28741550445557 4.38196659088135 4.4084997177124 4.40801095962524 4.48289346694946 4.85779476165771 4.78399276733398 4.45332956314087 4.48925733566284 4.51069402694702 4.44371461868286 4.44057559967041 4.40318727493286 4.4006872177124 4.38268041610718 4.37308216094971 4.35528516769409 4.27961254119873 4.22983741760254 4.22983980178833 4.22788953781128 4.21796989440918 4.21390676498413 4.22312498092651 4.21789979934692 4.21873092651367
-3.4e+38 -3.4e+38 -3.4e+38 -3.4e+38 30.1824035644531 27.9407596588135 25.6542110443115 23.7139739990234 22.5372123718262 21.5478324890137 19.9480228424072 16.9438705444336 10.3421516418457 7.15026378631592 5.89938497543335 4.84153699874878 4.38132333755493 4.35126399993896 4.32180547714233 4.26873064041138 4.27025890350342 4.28004693984985 4.30583238601685 4.31762170791626 4.4015965461731 4.41558933258057 4.45393562316895 4.45987510681152 4.4478440284729 4.42896270751953 4.40595769882202 4.42749309539795 4.43270921707153 4.35613536834717 4.29196786880493 4.31411218643188 4.279381275177 4.24880313873291 4.21327304840088 4.21030235290527 4.21357488632202 4.21037340164185 4.23569631576538 4.20705318450928 4.21159076690674 4.22208404541016 4.22652387619019
-3.4e+38 -3.4e+38 -3.4e+38 -3.4e+38 30.2576560974121 28.6432876586914 26.3454914093018 24.2518692016602 23.3770313262939 22.5665798187256 21.2433662414551 19.6091575622559 12.4795923233032 7.12681818008423 5.42117834091187 4.85137271881104 4.41366004943848 4.32531452178955 4.29205417633057 4.26736927032471 4.27174615859985 4.27666902542114 4.28184938430786 4.29231548309326 4.27500009536743 4.26911687850952 4.27700996398926 4.28263711929321 4.29082012176514 4.32753133773804 4.33967971801758 4.38109064102173 4.33478021621704 4.28161334991455 4.256272315979 4.25122261047363 4.23282957077026 4.22061109542847 4.21566152572632 4.21720743179321 4.22227907180786 4.21704816818237 4.22163438796997 4.22064876556396 4.21305274963379 4.20801544189453 4.22085762023926
-3.4e+38 -3.4e+38 -3.4e+38 -3.4e+38 -3.4e+38 28.2096691131592 27.1475830078125 24.924747467041 23.8954811096191 23.4138793945312 22.701488494873 21.83837890625 15.9285068511963 7.30841779708862 5.45698499679565 4.80618000030518 4.47788524627686 4.31904602050781 4.29888439178467 4.26721143722534 4.27048540115356 4.26767683029175 4.25720977783203 4.27373075485229 4.26633787155151 4.28329420089722 4.2765851020813 4.28803682327271 4.2959361076355 4.29967546463013 4.30066394805908 4.29901027679443 4.28083038330078 4.26071500778198 4.25020313262939 4.24001741409302 4.23351049423218 4.22718238830566 4.22481775283813 4.22299337387085 4.22099208831787 4.21689605712891 4.21481275558472 4.21088743209839 4.21471452713013 4.21820211410522 4.22155380249023
-3.4e+38 -3.4e+38 -3.4e+38 -3.4e+38 -3.4e+38 30.7652282714844 27.3859958648682 25.4893932342529 23.9452934265137 23.2613162994385 22.9496040344238 22.2537670135498 16.4771976470947 7.66701936721802 5.66040515899658 4.76856374740601 4.67471361160278 4.32324552536011 4.28868532180786 4.26351594924927 4.26086330413818 4.25146770477295 4.25745296478271 4.24388408660889 4.25412607192993 4.28473043441772 4.27864074707031 4.28824090957642 4.29387140274048 4.27744770050049 4.28028726577759 4.27614688873291 4.26759433746338 4.25238943099976 4.26776838302612 4.24489450454712 4.23214912414551 4.22737550735474 4.22495460510254 4.22048044204712 4.21656036376953 4.21526098251343 4.21544742584229 4.21410322189331 4.21407270431519 4.22032022476196 4.22772455215454
-3.4e+38 -3.4e+38 -3.4e+38 -3.4e+38 -3.4e+38 30.5602912902832 27.2177639007568 25.5164642333984 23.8860206604004 23.2041893005371 22.8047790527344 22.0388145446777 14.8307313919067 7.26550102233887 5.39256620407104 4.77823495864868 4.70248889923096 4.56839990615845 4.26574420928955 4.25742816925049 4.24537181854248 4.23870372772217 4.23666906356812 4.22311353683472 4.21705293655396 4.22261095046997 4.23591041564941 4.23653984069824 4.23903894424438 4.2480320930481 4.25775957107544 4.26011657714844 4.26465892791748 4.26268196105957 4.27392053604126 4.26682138442993 4.24675750732422 4.22684001922607 4.22131729125977 4.21878337860107 4.21712350845337 4.21782493591309 4.2205958366394 4.221510887146 4.22275686264038 4.22646808624268 4.23197412490845
-3.4e+38 -3.4e+38 -3.4e+38 -3.4e+38 -3.4e+38 -3.4e+38 26.755765914917 25.0579776763916 23.8353500366211 22.8811283111572 22.4688758850098 21.5052642822266 15.2751693725586 7.83902597427368 5.52400207519531 4.86267375946045 4.97775840759277 4.66866207122803 4.25417041778564 4.25573110580444 4.23991680145264 4.23306369781494 4.22289943695068 4.20002841949463 4.20417308807373 4.21144533157349 4.2156720161438 4.22615003585815 4.23196458816528 4.23820829391479 4.23873662948608 4.23570489883423 4.24212980270386 4.24837827682495 4.24162340164185 4.24387311935425 4.2537579536438 4.25252914428711 4.24418926239014 4.23536062240601 4.22386980056763 4.223313331604 4.22481346130371 4.22953224182129 4.23975610733032 4.23997783660889 4.23047113418579
-3.4e+38 -3.4e+38 -3.4e+38 -3.4e+38 -3.4e+38 -3.4e+38 27.4229354858398 24.3571586608887 23.4674491882324 22.3539199829102 21.8430995941162 20.6688003540039 14.1710290908813 8.17477416992188 5.8515510559082 5.11438322067261 5.28143882751465 4.82811450958252 4.29534006118774 4.2505669593811 4.23544692993164 4.22852897644043 4.19471168518066 4.19831800460815 4.21056842803955 4.21488666534424 4.21202802658081 4.21160888671875 4.21073770523071 4.21054077148438 4.20995283126831 4.20992183685303 4.21246194839478 4.21061229705811 4.20958614349365 4.20825862884521 4.20318984985352 4.20465660095215 4.22688102722168 4.25713157653809 4.24490308761597 4.24499082565308 4.24581623077393 4.25481796264648 4.25450372695923 4.25799560546875 4.24986219406128
-3.4e+38 -3.4e+38 -3.4e+38 -3.4e+38 -3.4e+38 -3.4e+38 27.1208572387695 23.5020542144775 22.7083129882812 21.9471645355225 21.2531127929688 20.0014781951904 13.6270322799683 7.2794771194458 5.69040155410767 4.98495054244995 5.05516481399536 4.69339513778687 4.30717325210571 4.24959659576416 4.22856283187866 4.18992042541504 4.20407104492188 4.2076416015625 4.21776485443115 4.22335958480835 4.22862672805786 4.2293438911438 4.22798156738281 4.22544002532959 4.22116804122925 4.21609878540039 4.2162709236145 4.21568965911865 4.21199893951416 4.20837259292603 4.20476675033569 4.20168781280518 4.2009744644165 4.20307493209839 4.20281791687012 4.20572280883789 4.21572017669678 4.24709415435791 4.26744079589844 4.26990222930908 4.25313997268677
-3.4e+38 -3.4e+38 -3.4e+38 -3.4e+38 -3.4e+38 29.0255317687988 25.7601795196533 22.8115482330322 22.2075710296631 21.6686820983887 20.7957363128662 19.2029724121094 12.180685043335 6.61542844772339 5.21830463409424 4.82211875915527 4.7678050994873 4.6313419342041 4.30426502227783 4.2567253112793 4.21415376663208 4.19648122787476 4.21025514602661 4.20945692062378 4.20819664001465 4.21322298049927 4.22429752349854 4.22884654998779 4.2290096282959 4.2280535697937 4.22503423690796 4.21977090835571 4.21248006820679 4.20984363555908 4.20818614959717 4.20890855789185 4.20820903778076 4.20616054534912 4.2034387588501 4.19936084747314 4.19392871856689 4.19567680358887 4.19788026809692 4.19937086105347 4.23352241516113 4.24903154373169 4.23144721984863
-3.4e+38 -3.4e+38 -3.4e+38 -3.4e+38 28.5469036102295 27.9960327148438 23.4188079833984 22.3050708770752 22.045337677002 21.2469806671143 20.036039352417 17.4081935882568 10.0873289108276 6.02752494812012 5.14185857772827 4.8569507598877 4.72931909561157 4.51787996292114 4.28864479064941 4.24873065948486 4.202880859375 4.2042670249939 4.19237852096558 4.18595409393311 4.18423128128052 4.1849889755249 4.19181442260742 4.20850944519043 4.21945190429688 4.20489645004272 4.20194673538208 4.21223258972168 4.21364450454712 4.21424007415771 4.21088266372681 4.20903921127319 4.2061710357666 4.20558929443359 4.20729637145996 4.20719289779663 4.20092296600342 4.19837665557861 4.19876527786255 4.19964122772217 4.21573734283447 4.22838401794434 4.21559000015259
