Ecospace-environmental-drivers/Outputs/ASCII-for-ecospace/Temp-bot/Temp-bot_X2001.02.asc
NCOLS 131 
NROWS 53 
XLLCORNER -98 
YLLCORNER 23.9265270233154 
CELLSIZE 0.133587792515755 
NODATA_value -3.4e+38 
[rows 21 to 41 of 53, columns 0 to 46 of 131]
-3.4e+38 -3.4e+38 -3.4e+38 -3.4e+38 -3.4e+38 -3.4e+38 17.4500923156738 17.4072761535645 17.279182434082 17.3915710449219 16.9433784484863 17.0868854522705 17.8328304290771 18.480411529541 18.8159027099609 18.9403686523438 18.7199306488037 18.1668968200684 18.0618629455566 18.2860145568848 18.3642311096191 18.4345455169678 18.8963966369629 19.2259616851807 19.1351051330566 18.9038925170898 18.9102993011475 18.9995574951172 18.9837837219238 19.0478382110596 19.2234077453613 19.2728023529053 19.2730827331543 19.2717380523682 19.1986351013184 19.1710548400879 19.1079635620117 19.1708164215088 19.1934833526611 19.1007213592529 18.935489654541 19.0600566864014 18.9445838928223 18.9216728210449 18.8838062286377 18.9580326080322 18.7246570587158
-3.4e+38 -3.4e+38 -3.4e+38 -3.4e+38 -3.4e+38 -3.4e+38 17.5583076477051 17.3846950531006 17.4072761535645 17.0387001037598 17.2717533111572 18.1313610076904 18.9278507232666 19.2687091827393 19.3511123657227 19.289270401001 19.0761566162109 18.7745132446289 18.7983360290527 19.1495723724365 19.1867904663086 19.1004047393799 19.2091941833496 19.3812274932861 19.454719543457 19.4446907043457 18.9686031341553 18.8393745422363 18.94215965271 19.0617923736572 19.1782932281494 18.9918403625488 18.7754898071289 18.185676574707 17.4779186248779 17.3331775665283 17.2249374389648 17.3301849365234 17.186092376709 16.5563468933105 16.9378643035889 17.4689826965332 16.4793815612793 17.2030048370361 17.5804977416992 17.5751857757568 17.4094104766846
-3.4e+38 -3.4e+38 -3.4e+38 -3.4e+38 17.7318553924561 17.6937980651855 17.5339012145996 17.5583076477051 17.1884994506836 17.3420848846436 18.1908359527588 18.9833545684814 19.3467044830322 19.4665222167969 19.5474452972412 19.5709590911865 19.6051692962646 19.7187175750732 19.7214374542236 18.9974956512451 17.452823638916 15.646411895752 14.8212699890137 13.9492664337158 14.5135564804077 13.9422388076782 13.9933662414551 14.8234872817993 16.4364223480225 15.7813091278076 16.8442153930664 16.7032337188721 16.4600849151611 15.1543340682983 15.8410625457764 15.4759435653687 15.0898685455322 15.2008991241455 13.8933448791504 11.2023305892944 11.6025085449219 11.4935073852539 13.4896564483643 12.0303335189819 13.0517377853394 13.4302225112915 14.1753101348877
-3.4e+38 -3.4e+38 -3.4e+38 -3.4e+38 17.8127613067627 17.6890048980713 17.6937980651855 17.3495960235596 17.4238739013672 18.0274505615234 18.8687343597412 19.2776012420654 19.4745140075684 19.6356792449951 19.7001819610596 19.7678813934326 18.9586143493652 16.0058517456055 14.6715421676636 12.3140525817871 10.1574926376343 8.87967014312744 9.48342132568359 9.56340312957764 10.1530389785767 10.0683002471924 10.7250890731812 10.234206199646 10.8814420700073 10.5529451370239 11.1091928482056 12.5352573394775 13.0139722824097 13.4816846847534 14.1675653457642 13.5725727081299 13.9704885482788 12.8679990768433 10.5723028182983 7.86890983581543 8.18759250640869 8.78966617584229 9.09797763824463 8.46977806091309 8.06655311584473 8.60975074768066 7.6365532875061
-3.4e+38 -3.4e+38 -3.4e+38 -3.4e+38 -3.4e+38 17.8127613067627 17.5604553222656 17.4376926422119 17.849910736084 18.5623340606689 19.2094573974609 19.4633274078369 19.5951976776123 19.2384166717529 18.1551380157471 15.4164066314697 11.6059370040894 8.70560932159424 8.22278213500977 7.3311595916748 6.42746353149414 6.20801496505737 6.4916296005249 6.70759201049805 7.26932573318481 6.76004791259766 6.9203462600708 7.00587463378906 6.76245403289795 6.76044464111328 6.93167972564697 8.08715343475342 8.79691314697266 10.9106607437134 10.5868253707886 10.7100172042847 10.2077131271362 8.49423980712891 6.29098844528198 6.09119701385498 6.65440225601196 6.71024370193481 6.24868822097778 6.19540596008301 6.12863492965698 6.46658229827881 6.01868963241577
-3.4e+38 -3.4e+38 -3.4e+38 -3.4e+38 -3.4e+38 17.7133388519287 17.4552001953125 17.7169055938721 18.1950931549072 18.8870182037354 19.4661617279053 19.6258583068848 18.9353866577148 16.7113361358643 13.9797258377075 11.278356552124 7.89702892303467 6.40105962753296 6.13933753967285 5.66012144088745 5.35188436508179 5.38210248947144 5.4394793510437 5.75688791275024 5.57696294784546 5.72900295257568 5.65669441223145 5.48076820373535 5.672119140625 5.46474409103394 5.77482509613037 6.4525146484375 7.5193133354187 7.99764204025269 7.08431482315063 7.39042949676514 6.91284418106079 5.73714447021484 5.55141592025757 5.34585380554199 5.62287425994873 5.28548049926758 5.49500131607056 5.54409551620483 5.60789012908936 5.67998838424683 5.09230470657349
-3.4e+38 -3.4e+38 18.8585815429688 18.8261604309082 18.1289291381836 17.6316261291504 17.566951751709 17.9820117950439 18.5281562805176 19.2813720703125 19.6871604919434 18.9942531585693 16.9633731842041 13.8391990661621 10.4623003005981 9.05362129211426 6.69823265075684 5.47038221359253 5.12845230102539 5.08824729919434 5.08599185943604 5.08943462371826 5.12268114089966 5.11736345291138 5.18189573287964 5.34564924240112 5.07564830780029 4.98434495925903 5.05479526519775 5.31633186340332 5.696608543396 5.85188055038452 6.15626001358032 6.14879035949707 6.13786935806274 5.82540798187256 5.66078186035156 5.55033206939697 5.32099437713623 5.1348443031311 5.1346697807312 5.03363704681396 4.87387084960938 4.82138347625732 4.97462701797485 4.97454118728638 4.70757102966309
-339999999999999996128486808808066248288.000000000000000 -3.4e+38 -3.4e+38 -3.4e+38 18.793737411499 17.6473655700684 17.7657508850098 18.2282466888428 18.8784561157227 19.6086006164551 19.5459842681885 17.6498870849609 14.331992149353 10.670934677124 9.0022087097168 7.473069190979 5.75514268875122 5.1951904296875 5.03404808044434 4.95253324508667 4.98360157012939 4.91685724258423 4.93792152404785 5.00334310531616 5.12986850738525 5.18816947937012 5.01522350311279 5.1910982131958 4.84530830383301 5.14832925796509 5.35454559326172 5.34181356430054 5.70347881317139 5.79686737060547 5.67221403121948 5.42527437210083 5.20749235153198 5.09490919113159 5.11969089508057 5.03060626983643 4.81103658676147 4.72705316543579 4.57538986206055 4.53488731384277 4.54183721542358 4.55330085754395 4.54020118713379
-3.4e+38 -3.4e+38 -3.4e+38 -3.4e+38 18.3756790161133 17.634033203125 17.9318561553955 18.3942432403564 19.1280326843262 19.7174015045166 19.0114727020264 16.2002334594727 11.9355878829956 9.10632228851318 6.99055767059326 6.18755960464478 5.7239933013916 5.27638578414917 5.00474691390991 4.97692823410034 4.71681213378906 4.56162977218628 4.58120059967041 4.64727544784546 4.69339513778687 4.92505264282227 4.76994228363037 4.76460695266724 4.49569463729858 5.19084930419922 5.28412199020386 5.28856039047241 5.05681562423706 5.17476081848145 5.09126329421997 4.69370317459106 4.82657623291016 4.80688571929932 4.73553085327148 4.65035390853882 4.58161306381226 4.5075511932373 4.43731498718262 4.38084506988525 4.45197343826294 4.45720720291138 4.43427562713623
-3.4e+38 -3.4e+38 -3.4e+38 -3.4e+38 18.1919631958008 17.766149520874 17.9931373596191 18.4624538421631 19.1938190460205 19.6919250488281 18.6849308013916 14.4037714004517 9.93688201904297 7.8098783493042 6.24646329879761 5.77045440673828 5.33316040039062 5.11650133132935 4.5458607673645 4.49527454376221 4.41813278198242 4.45163631439209 4.53468036651611 4.598060131073 4.49343824386597 4.65625619888306 4.9453296661377 4.28295707702637 4.27024126052856 4.71436834335327 5.28050518035889 4.94013833999634 4.79813814163208 4.82240533828735 4.69991445541382 4.63782548904419 4.62305116653442 4.65409088134766 4.59258031845093 4.55439710617065 4.44739770889282 4.38026428222656 4.32057332992554 4.35822772979736 4.35090160369873 4.36855220794678 4.37022256851196
-3.4e+38 -3.4e+38 -3.4e+38 -3.4e+38 19.4028167724609 18.0106601715088 18.0393352508545 18.4303092956543 19.1012935638428 19.5923385620117 18.6179428100586 14.235800743103 9.46453762054443 7.30307960510254 5.99207162857056 5.13898277282715 4.91721343994141 4.75929927825928 4.47522830963135 4.38052177429199 4.33524656295776 4.34031391143799 4.45508861541748 4.52347660064697 4.49475860595703 4.64551115036011 5.18541574478149 5.09007263183594 4.52712631225586 4.72472143173218 4.62420463562012 4.5235538482666 4.59215641021729 4.58594417572021 4.60707950592041 4.586754322052 4.57582712173462 4.57138872146606 4.43423080444336 4.33146905899048 4.32043123245239 4.30558156967163 4.29924345016479 4.30129432678223 4.30090761184692 4.29030561447144 4.28521251678467
-3.4e+38 -3.4e+38 -3.4e+38 -3.4e+38 19.2745628356934 18.3369464874268 18.1101226806641 18.3455600738525 18.8094062805176 19.4300346374512 19.1525058746338 16.2900257110596 10.0503520965576 6.93428707122803 5.80597972869873 4.97448492050171 4.50409078598022 4.45944833755493 4.4093279838562 4.33104705810547 4.30682706832886 4.31061458587646 4.32045745849609 4.33198642730713 4.48932218551636 4.5839581489563 4.66915655136108 4.70561647415161 4.67730569839478 4.65628337860107 4.45699262619019 4.54502773284912 4.55644655227661 4.46269655227661 4.36065053939819 4.40687084197998 4.37642288208008 4.33220672607422 4.28939390182495 4.27666187286377 4.28154993057251 4.28789234161377 4.33007955551147 4.28047132492065 4.27869129180908 4.27709197998047 4.2746901512146
-3.4e+38 -3.4e+38 -3.4e+38 -3.4e+38 19.1295700073242 18.7372093200684 18.3889751434326 18.4166107177734 18.606372833252 19.0289726257324 19.4057216644287 18.426399230957 11.9605207443237 6.80658006668091 5.38873672485352 4.99173021316528 4.54979610443115 4.43383121490479 4.34825801849365 4.30456304550171 4.2967414855957 4.29597806930542 4.29751348495483 4.30880546569824 4.30463361740112 4.30848455429077 4.31322765350342 4.31773662567139 4.30736255645752 4.34517192840576 4.32715940475464 4.4142484664917 4.34931564331055 4.29769945144653 4.28298091888428 4.29821300506592 4.29558706283569 4.28279066085815 4.27584505081177 4.29497766494751 4.27709817886353 4.27871465682983 4.29137659072876 4.28660917282104 4.27393960952759 4.27197360992432 4.27430963516235
-3.4e+38 -3.4e+38 -3.4e+38 -3.4e+38 -3.4e+38 18.8433017730713 18.7422122955322 18.6744956970215 18.7264232635498 18.9095726013184 19.3483924865723 19.4640846252441 14.771164894104 6.97799968719482 5.42495441436768 4.97186422348022 4.6013035774231 4.42556190490723 4.33605337142944 4.30890941619873 4.3012228012085 4.29753828048706 4.29141664505005 4.30314207077026 4.30094718933105 4.30808305740356 4.28845453262329 4.28018999099731 4.30605363845825 4.28915023803711 4.28821277618408 4.28986930847168 4.29031562805176 4.28739881515503 4.27699995040894 4.27497291564941 4.27849435806274 4.28142023086548 4.28247213363647 4.27998876571655 4.27499628067017 4.27245044708252 4.2631139755249 4.26921081542969 4.26346588134766 4.26018381118774 4.25981998443604
-3.4e+38 -3.4e+38 -3.4e+38 -3.4e+38 -3.4e+38 19.9158725738525 19.0132122039795 18.9743614196777 18.9882011413574 19.0840282440186 19.3548431396484 19.7091617584229 15.4281806945801 7.31437349319458 5.5537543296814 4.93106174468994 4.73096656799316 4.44915199279785 4.36261177062988 4.30103302001953 4.2925910949707 4.29715251922607 4.28891229629517 4.28799438476562 4.29791641235352 4.31309843063354 4.29502201080322 4.30395793914795 4.28861427307129 4.28851938247681 4.28750562667847 4.29068088531494 4.28675842285156 4.27665090560913 4.28489112854004 4.25063610076904 4.27476596832275 4.26929330825806 4.27379035949707 4.27178049087524 4.27011346817017 4.25749349594116 4.24631595611572 4.24744272232056 4.24871253967285 4.24529695510864 4.25913190841675
-3.4e+38 -3.4e+38 -3.4e+38 -3.4e+38 -3.4e+38 20.0128612518311 19.1687698364258 19.202522277832 19.3052787780762 19.3584613800049 19.5630779266357 19.9213638305664 13.5613784790039 6.84360694885254 5.32506036758423 4.90887880325317 4.78558301925659 4.63189649581909 4.34583187103271 4.29961061477661 4.29064559936523 4.30137777328491 4.28282833099365 4.28895425796509 4.28427696228027 4.26982259750366 4.27028608322144 4.27490854263306 4.26849985122681 4.27311706542969 4.27793884277344 4.28304386138916 4.29279947280884 4.28778028488159 4.27173614501953 4.2565221786499 4.24308729171753 4.24522590637207 4.2410364151001 4.23415565490723 4.23357248306274 4.23348045349121 4.22861909866333 4.23505306243896 4.23798179626465 4.24239158630371 4.25650501251221
-3.4e+38 -3.4e+38 -3.4e+38 -3.4e+38 -3.4e+38 -3.4e+38 19.3179721832275 19.3825588226318 19.5648345947266 19.6515731811523 19.8908405303955 20.1007823944092 14.0186605453491 7.40609502792358 5.38810205459595 4.92507123947144 4.97278022766113 4.69536685943604 4.35089731216431 4.29736757278442 4.28090620040894 4.29673337936401 4.28389692306519 4.27647542953491 4.25852394104004 4.28219079971313 4.25449180603027 4.28508043289185 4.27518129348755 4.26738977432251 4.26643943786621 4.26699733734131 4.26731538772583 4.26392126083374 4.25646257400513 4.2554874420166 4.26741743087769 4.24255895614624 4.23016119003296 4.22454977035522 4.22619152069092 4.23291349411011 4.23629283905029 4.23671293258667 4.2360315322876 4.23054218292236 4.22463178634644
-3.4e+38 -3.4e+38 -3.4e+38 -3.4e+38 -3.4e+38 -3.4e+38 19.514253616333 19.5272769927979 19.7401599884033 19.8969345092773 20.2393665313721 20.0422401428223 12.9985380172729 7.73516178131104 5.62804937362671 5.13622617721558 5.14860248565674 4.82620573043823 4.37638664245605 4.29028367996216 4.29071426391602 4.28692293167114 4.27513551712036 4.25893831253052 4.26039981842041 4.2612361907959 4.26080465316772 4.2624626159668 4.26344585418701 4.26259708404541 4.26180362701416 4.26113653182983 4.25964736938477 4.25773096084595 4.25681972503662 4.25743913650513 4.25744247436523 4.25720500946045 4.25418996810913 4.25254487991333 4.23066759109497 4.22791433334351 4.22829294204712 4.23577833175659 4.23926448822021 4.23041677474976 4.22302913665771
-3.4e+38 -3.4e+38 -3.4e+38 -3.4e+38 -3.4e+38 -3.4e+38 19.6624546051025 19.6783695220947 19.9007110595703 20.0939064025879 20.3488445281982 19.119499206543 12.5408973693848 6.94986391067505 5.50464534759521 4.94711685180664 5.02046728134155 4.74442672729492 4.41976165771484 4.31639003753662 4.29174995422363 4.27717304229736 4.27533340454102 4.26603603363037 4.26680421829224 4.26893901824951 4.26931476593018 4.2705659866333 4.27075910568237 4.26890850067139 4.26801681518555 4.26813745498657 4.26754236221313 4.26704406738281 4.26685523986816 4.26483392715454 4.26187610626221 4.25910329818726 4.25785779953003 4.25669193267822 4.25520896911621 4.25202989578247 4.24732112884521 4.24399042129517 4.24735021591187 4.25462961196899 4.24921369552612
-3.4e+38 -3.4e+38 -3.4e+38 -3.4e+38 -3.4e+38 19.9594764709473 19.6371612548828 19.8526458740234 20.0845260620117 20.3218536376953 20.3445301055908 17.8965167999268 11.5950746536255 6.29511690139771 5.11375713348389 4.86913824081421 4.83316946029663 4.72014284133911 4.44048833847046 4.32214641571045 4.28805780410767 4.26660680770874 4.26872491836548 4.27184295654297 4.27498817443848 4.27560567855835 4.27578830718994 4.27809476852417 4.2804160118103 4.27998208999634 4.27846240997314 4.27685642242432 4.27543497085571 4.27503061294556 4.27288961410522 4.26867723464966 4.26424789428711 4.25980758666992 4.25811195373535 4.25720596313477 4.25656080245972 4.25586891174316 4.25226068496704 4.24797296524048 4.24747943878174 4.25242376327515 4.25783491134644
-3.4e+38 -3.4e+38 -3.4e+38 -3.4e+38 20.1724414825439 19.9084377288818 19.7193183898926 20.0544052124023 20.2745590209961 20.5005931854248 19.7011604309082 15.6077365875244 9.95291900634766 5.78667974472046 5.0238823890686 4.91313791275024 4.84503316879272 4.59803104400635 4.36468505859375 4.30569219589233 4.31489753723145 4.27580547332764 4.27623510360718 4.27936553955078 4.28067398071289 4.2817325592041 4.28244161605835 4.28631591796875 4.28893232345581 4.28836011886597 4.28700733184814 4.28456258773804 4.28100776672363 4.27832412719727 4.27538919448853 4.27067375183105 4.26528263092041 4.26026248931885 4.25730848312378 4.25474071502686 4.25290250778198 4.25304746627808 4.25392723083496 4.2546329498291 4.25606536865234 4.25718832015991 4.26020860671997
