Ecospace-environmental-drivers/Outputs/ASCII-for-ecospace/Temp-bot/Temp-bot_X2009.03.asc
NCOLS 131 
NROWS 53 
XLLCORNER -98 
YLLCORNER 23.9265270233154 
CELLSIZE 0.133587792515755 
NODATA_value -3.4e+38 
[rows 21 to 41 of 53, columns 47 to 93 of 131]
18.774995803833 18.3671703338623 18.3048629760742 18.3594093322754 18.4401626586914 18.6249256134033 18.038911819458 18.0746002197266 17.8623695373535 16.8389759063721 14.5626821517944 13.5752792358398 11.5486640930176 9.07444667816162 7.24897766113281 5.88990640640259 5.09446811676025 4.88679981231689 4.87858438491821 4.67070198059082 4.4529504776001 4.34048557281494 4.29114532470703 4.26868152618408 4.27319478988647 4.28033494949341 4.27575731277466 4.26750087738037 4.27390146255493 4.30492687225342 4.30584812164307 4.30783843994141 4.30391645431519 4.28796482086182 4.28242206573486 4.28124713897705 4.27563762664795 4.32758331298828 4.76150226593018 5.14144611358643 5.37665128707886 5.67557239532471 6.00541543960571 6.5187520980835 7.29433727264404 8.18316650390625 9.45870018005371
16.5660495758057 15.9793720245361 15.9877738952637 16.0194721221924 16.5110969543457 15.6664333343506 12.8096170425415 13.8470420837402 12.2983589172363 10.1045808792114 9.33522796630859 8.42594814300537 7.98339319229126 6.76663112640381 6.09317445755005 5.76472282409668 5.04456615447998 4.80960655212402 4.48407220840454 4.4880485534668 4.40201711654663 4.3336763381958 4.29642248153687 4.26771450042725 4.26477432250977 4.26611042022705 4.26320266723633 4.25823736190796 4.29121065139771 4.31316041946411 4.30616903305054 4.30718612670898 4.30445289611816 4.29699516296387 4.28958749771118 4.28799104690552 4.289794921875 4.28890943527222 4.28134775161743 4.25895929336548 4.38032007217407 4.5327353477478 4.81567335128784 5.26370716094971 5.88371801376343 6.32505226135254 7.4064736366272
11.7868909835815 11.5009984970093 12.2412614822388 11.2617206573486 10.6826295852661 9.60525703430176 9.80918502807617 7.997718334198 6.67117643356323 6.36923027038574 6.41589546203613 6.74196863174438 6.19119119644165 5.73204946517944 5.30580759048462 5.1454906463623 4.99881935119629 4.59118795394897 4.37033414840698 4.33457231521606 4.34182262420654 4.32762861251831 4.29454135894775 4.26540994644165 4.26376628875732 4.26679944992065 4.26796245574951 4.26871013641357 4.30079793930054 4.30396938323975 4.30629920959473 4.30800628662109 4.30447864532471 4.29875373840332 4.29290676116943 4.29173469543457 4.29114007949829 4.29693460464478 4.33864116668701 4.33118629455566 4.32710313796997 4.33052349090576 4.28860712051392 4.37186717987061 4.77812957763672 5.45365333557129 6.05871057510376
7.55842876434326 7.58945274353027 7.06242275238037 7.6999077796936 7.39338207244873 6.69776725769043 6.12856960296631 5.62076711654663 5.31427240371704 5.58339738845825 5.58964967727661 5.74210929870605 5.29910898208618 5.13866376876831 5.04974985122681 4.98051738739014 4.60290670394897 4.47743511199951 4.36587190628052 4.29775905609131 4.28691720962524 4.27970743179321 4.27253293991089 4.26434183120728 4.26181936264038 4.27714681625366 4.31543302536011 4.31190013885498 4.30048370361328 4.29745817184448 4.30294895172119 4.30243396759033 4.29924726486206 4.29716491699219 4.32628583908081 4.33360433578491 4.33539772033691 4.32599067687988 4.3251576423645 4.32995986938477 4.32929515838623 4.32481813430786 4.32092189788818 4.31456613540649 4.2998046875 4.60505390167236 5.31529378890991
5.75422954559326 5.57844305038452 5.54489898681641 5.44967985153198 5.20131254196167 5.527419090271 5.0174298286438 5.19428300857544 5.02608251571655 5.06686449050903 5.03735065460205 5.00605297088623 5.0063304901123 4.95795297622681 4.94106292724609 4.67487525939941 4.36478614807129 4.3448657989502 4.33068037033081 4.29191970825195 4.27396488189697 4.27447652816772 4.27823162078857 4.27870798110962 4.25996971130371 4.26548099517822 4.28266477584839 4.3157000541687 4.30396461486816 4.29964160919189 4.2996506690979 4.29729318618774 4.29690313339233 4.30758190155029 4.32910680770874 4.34990882873535 4.34011030197144 4.33274602890015 4.3220009803772 4.32249021530151 4.32376337051392 4.3225359916687 4.32728481292725 4.32821416854858 4.33451223373413 4.29169893264771 4.61962223052979
4.98525238037109 5.10953998565674 5.14939546585083 4.61077833175659 4.62276124954224 4.91137886047363 4.94697856903076 4.79665517807007 4.97336435317993 4.87060260772705 4.95000886917114 4.87647724151611 4.96453714370728 4.71998310089111 4.47265481948853 4.38173198699951 4.31784152984619 4.30176496505737 4.30277061462402 4.30622529983521 4.29813957214355 4.28987836837769 4.26413536071777 4.26343870162964 4.26157665252686 4.26424169540405 4.26640605926514 4.29646730422974 4.30112886428833 4.30029392242432 4.30175542831421 4.29823398590088 4.29732990264893 4.34051179885864 4.35590171813965 4.35411310195923 4.34346437454224 4.34231090545654 4.3253436088562 4.32150840759277 4.32591485977173 4.33333921432495 4.34020805358887 4.33964824676514 4.33614492416382 4.33605432510376 4.30315637588501
4.58269023895264 4.64987564086914 4.50794553756714 4.36525821685791 4.43256664276123 4.49472999572754 4.58454895019531 4.75787973403931 4.80616617202759 4.58158731460571 4.56804037094116 4.55465936660767 4.52011489868164 4.46607732772827 4.34086942672729 4.32562160491943 4.29643774032593 4.28738641738892 4.29069375991821 4.29865789413452 4.31654930114746 4.26784992218018 4.26425218582153 4.26608419418335 4.26605463027954 4.26816463470459 4.27138614654541 4.30275726318359 4.30033683776855 4.3011474609375 4.30079507827759 4.29889488220215 4.29449272155762 4.29619884490967 4.31751537322998 4.35931396484375 4.3486180305481 4.33858251571655 4.34254312515259 4.33272171020508 4.3335165977478 4.34206438064575 4.3427791595459 4.33932256698608 4.33747720718384 4.33413362503052 4.30803346633911
4.43627405166626 4.37193298339844 4.31382179260254 4.35498905181885 4.41032791137695 4.34865140914917 4.40536499023438 4.52369213104248 4.51813411712646 4.5367283821106 4.4926438331604 4.41220664978027 4.33142471313477 4.32554769515991 4.31192111968994 4.31206655502319 4.29640340805054 4.29035568237305 4.29109764099121 4.28075551986694 4.26763010025024 4.2612624168396 4.26813745498657 4.27316284179688 4.27689552307129 4.28515481948853 4.30400609970093 4.30055236816406 4.2990345954895 4.30090236663818 4.30059576034546 4.29824924468994 4.29331970214844 4.29683446884155 4.31271553039551 4.320472240448 4.35579299926758 4.32904577255249 4.33786821365356 4.34310340881348 4.34239625930786 4.3452525138855 4.33866882324219 4.33148717880249 4.32865285873413 4.32863473892212 4.33037042617798
4.30293703079224 4.29012298583984 4.28511953353882 4.27920627593994 4.27447128295898 4.27563142776489 4.30967235565186 4.34771776199341 4.35391902923584 4.35218000411987 4.3398289680481 4.30367755889893 4.28900718688965 4.29752969741821 4.29681444168091 4.29447317123413 4.29019403457642 4.2910270690918 4.299720287323 4.29336643218994 4.2773003578186 4.26909017562866 4.2715425491333 4.27537727355957 4.28265810012817 4.28606414794922 4.2937593460083 4.29586887359619 4.29790496826172 4.29893255233765 4.29731941223145 4.29704618453979 4.29738855361938 4.29773378372192 4.29714965820312 4.29713344573975 4.34956693649292 4.33099460601807 4.33184909820557 4.34379243850708 4.34491062164307 4.34182214736938 4.33078765869141 4.32540225982666 4.32500982284546 4.32220125198364 4.33606338500977
4.28742361068726 4.28973293304443 4.30548238754272 4.29312801361084 4.27258539199829 4.28212404251099 4.28328657150269 4.30185317993164 4.32919836044312 4.32513856887817 4.29837846755981 4.29003477096558 4.30127429962158 4.29256391525269 4.28815746307373 4.29571342468262 4.31899547576904 4.30730867385864 4.30171823501587 4.29972410202026 4.28351545333862 4.27484512329102 4.27462100982666 4.27871465682983 4.29194736480713 4.28942584991455 4.29349756240845 4.29668188095093 4.29633665084839 4.29548025131226 4.29769325256348 4.2989764213562 4.29951667785645 4.29865980148315 4.29585075378418 4.29526233673096 4.32962322235107 4.33017635345459 4.33404493331909 4.34262943267822 4.34096670150757 4.33341503143311 4.34969425201416 4.35902166366577 4.33663892745972 4.33282899856567 4.34115648269653
4.31327724456787 4.28155660629272 4.29928493499756 4.29698657989502 4.27249526977539 4.26693964004517 4.27561187744141 4.29260969161987 4.30293560028076 4.30690956115723 4.30489015579224 4.30823135375977 4.30759477615356 4.30984497070312 4.31024551391602 4.30851745605469 4.30953741073608 4.30498313903809 4.29785585403442 4.29732036590576 4.29484558105469 4.2803692817688 4.27876615524292 4.27821254730225 4.28731918334961 4.29476642608643 4.29218721389771 4.29382658004761 4.29481840133667 4.29524803161621 4.29689931869507 4.29858875274658 4.2987060546875 4.29649305343628 4.29233980178833 4.29260301589966 4.32471179962158 4.33386659622192 4.33467817306519 4.33883285522461 4.34345626831055 4.34555244445801 4.36216688156128 4.3660945892334 4.3609037399292 4.34312772750854 4.3416895866394
4.27286291122437 4.26718950271606 4.27631044387817 4.29741239547729 4.27168846130371 4.27218532562256 4.27601051330566 4.28659152984619 4.29713344573975 4.31805086135864 4.32007455825806 4.31416034698486 4.30760908126831 4.3066086769104 4.31395149230957 4.31013202667236 4.30836582183838 4.3055591583252 4.30152368545532 4.29787492752075 4.30364656448364 4.30053377151489 4.27750492095947 4.27221632003784 4.27785158157349 4.28879451751709 4.28599834442139 4.28918504714966 4.29224014282227 4.29365396499634 4.29303121566772 4.29361009597778 4.29344749450684 4.29440116882324 4.29356288909912 4.29331636428833 4.33320140838623 4.33750104904175 4.34221458435059 4.34540224075317 4.35038661956787 4.35327768325806 4.36754131317139 4.36830806732178 4.36682033538818 4.36907863616943 4.36460304260254
4.27241182327271 4.25530099868774 4.25370168685913 4.25951385498047 4.26889944076538 4.27680206298828 4.27897453308105 4.28850936889648 4.3065390586853 4.31112718582153 4.3113694190979 4.30165004730225 4.29662466049194 4.29730844497681 4.30002021789551 4.30312824249268 4.30488109588623 4.30418825149536 4.30170392990112 4.29992389678955 4.30240297317505 4.30614709854126 4.30355262756348 4.2965407371521 4.28971338272095 4.28690910339355 4.28946590423584 4.29272794723511 4.29236888885498 4.29078531265259 4.28953981399536 4.28872966766357 4.28842735290527 4.29057216644287 4.29280281066895 4.3196268081665 4.35013389587402 4.35037994384766 4.3385591506958 4.33638858795166 4.34290409088135 4.35672473907471 4.36499214172363 4.36447811126709 4.36065340042114 4.35252141952515 4.34370756149292
4.2846097946167 4.25574064254761 4.25062036514282 4.25569343566895 4.26276731491089 4.27694606781006 4.30382442474365 4.29956436157227 4.29668664932251 4.30824899673462 4.35017013549805 4.35588216781616 4.34097051620483 4.34971952438354 4.34865140914917 4.32445096969604 4.31038951873779 4.30138874053955 4.3014612197876 4.30112266540527 4.30005931854248 4.30302047729492 4.30765342712402 4.30639600753784 4.30080461502075 4.29721689224243 4.29485750198364 4.29406404495239 4.29269027709961 4.2903790473938 4.28771114349365 4.28948450088501 4.30475187301636 4.32637786865234 4.3484091758728 4.35764980316162 4.35836505889893 4.35142421722412 4.33241558074951 4.3248724937439 4.32698822021484 4.34167146682739 4.36175155639648 4.36177730560303 4.34875631332397 4.33481216430664 4.32255935668945
4.27680492401123 4.25503921508789 4.24925708770752 4.2544116973877 4.26128768920898 4.27647638320923 4.34438133239746 4.3523325920105 4.35143232345581 4.35659885406494 4.36088609695435 4.36127090454102 4.35823106765747 4.35488224029541 4.3499550819397 4.35114908218384 4.3550329208374 4.35974502563477 4.33695888519287 4.30031061172485 4.29856252670288 4.29968500137329 4.30317068099976 4.30443382263184 4.2997932434082 4.29383087158203 4.29152727127075 4.29187536239624 4.28967428207397 4.28663063049316 4.30581951141357 4.35049772262573 4.35549354553223 4.35701370239258 4.35788202285767 4.35833120346069 4.35824632644653 4.35688304901123 4.35562419891357 4.35119247436523 4.3324122428894 4.32925033569336 4.3514609336853 4.35492706298828 4.35619926452637 4.35513877868652 4.33863830566406
4.26186561584473 4.25270843505859 4.25338459014893 4.26306009292603 4.28106021881104 4.3435583114624 4.3659782409668 4.36643648147583 4.36644315719604 4.3650803565979 4.36496782302856 4.36393928527832 4.36078834533691 4.35641098022461 4.3546462059021 4.35374212265015 4.35217094421387 4.35720205307007 4.36010789871216 4.35006189346313 4.31562662124634 4.29639720916748 4.29692792892456 4.29453754425049 4.28787565231323 4.28265190124512 4.28189706802368 4.28288269042969 4.28518390655518 4.31274318695068 4.350341796875 4.35522079467773 4.35696506500244 4.3586597442627 4.36006498336792 4.36079978942871 4.36166954040527 4.36189699172974 4.34798240661621 4.34467887878418 4.341881275177 4.32572460174561 4.33081722259521 4.34024143218994 4.35242557525635 4.35269927978516 4.34106254577637
4.25319337844849 4.25809764862061 4.28031301498413 4.35877418518066 4.37141084671021 4.37003326416016 4.36546039581299 4.36404371261597 4.36183595657349 4.36381053924561 4.3675742149353 4.3673677444458 4.36342144012451 4.35854244232178 4.36029958724976 4.35564088821411 4.35637998580933 4.3603253364563 4.36144971847534 4.36018991470337 4.35615253448486 4.33939027786255 4.31083297729492 4.32688999176025 4.32474756240845 4.30986976623535 4.32193470001221 4.32302093505859 4.34074640274048 4.35186958312988 4.35577917098999 4.35935306549072 4.36170387268066 4.36436605453491 4.36590766906738 4.36668968200684 4.3671669960022 4.36733770370483 4.36581611633301 4.35286378860474 4.34256458282471 4.33095979690552 4.32212734222412 4.32753133773804 4.33993482589722 4.34653329849243 4.33883237838745
4.2651252746582 4.28308963775635 4.36580991744995 4.37281894683838 4.36007690429688 4.34462642669678 4.34756660461426 4.3495774269104 4.35412883758545 4.36229610443115 4.36784934997559 4.36711978912354 4.36245727539062 4.36122035980225 4.35779094696045 4.35746955871582 4.36077928543091 4.36419439315796 4.3641619682312 4.36340045928955 4.3609504699707 4.35761976242065 4.35482549667358 4.3535795211792 4.35319089889526 4.35268402099609 4.35303497314453 4.35314035415649 4.35396671295166 4.35796499252319 4.36346292495728 4.36678266525269 4.36669063568115 4.36638069152832 4.36634540557861 4.37183427810669 4.37278604507446 4.37294578552246 4.37137317657471 4.36502075195312 4.34796190261841 4.34696054458618 4.32915258407593 4.32601690292358 4.33427429199219 4.34246492385864 4.33623695373535
4.35153007507324 4.37190675735474 4.37358236312866 4.35582637786865 4.34388256072998 4.34459257125854 4.35088396072388 4.35535955429077 4.35962581634521 4.35960292816162 4.36525726318359 4.36428689956665 4.36288166046143 4.36184930801392 4.36108350753784 4.36271667480469 4.36556768417358 4.36998653411865 4.37037897109985 4.36792755126953 4.36641073226929 4.36375951766968 4.36141061782837 4.36004066467285 4.36004686355591 4.36041402816772 4.36012411117554 4.35979557037354 4.36083269119263 4.36486339569092 4.36613464355469 4.35838794708252 4.35004615783691 4.34699821472168 4.35683393478394 4.36873006820679 4.36921548843384 4.36969757080078 4.36862421035767 4.36408948898315 4.3503589630127 4.34693336486816 4.34479093551636 4.33783197402954 4.34000587463379 4.34269428253174 4.33898115158081
4.36669683456421 4.37192440032959 4.37208938598633 4.35390853881836 4.34638786315918 4.35226917266846 4.3580174446106 4.36035442352295 4.35859441757202 4.3537335395813 4.35383653640747 4.35863161087036 4.36259412765503 4.3633451461792 4.36569976806641 4.36890602111816 4.37048435211182 4.37312030792236 4.37349367141724 4.37253046035767 4.37259340286255 4.36958265304565 4.36806488037109 4.3673620223999 4.36834812164307 4.36849403381348 4.36766386032104 4.36609888076782 4.36718082427979 4.36940479278564 4.36909818649292 4.3661208152771 4.35388278961182 4.34452104568481 4.34813261032104 4.36370086669922 4.36456108093262 4.36455154418945 4.36450004577637 4.35885190963745 4.34850025177002 4.34655570983887 4.34719896316528 4.34596872329712 4.34523248672485 4.34630680084229 4.34840488433838
4.37118577957153 4.37290096282959 4.36786794662476 4.36353349685669 4.35393667221069 4.35533380508423 4.35555601119995 4.35546112060547 4.3524923324585 4.34936189651489 4.35199928283691 4.35018968582153 4.35011625289917 4.3567271232605 4.36321496963501 4.36457633972168 4.36479473114014 4.36800622940063 4.37229490280151 4.37386751174927 4.37465572357178 4.37583255767822 4.37553024291992 4.37561273574829 4.37582159042358 4.37566804885864 4.3753514289856 4.37336158752441 4.37352418899536 4.36953973770142 4.36651945114136 4.36498117446899 4.36532926559448 4.34878540039062 4.34549474716187 4.35761213302612 4.36048460006714 4.36080026626587 4.36144876480103 4.35569334030151 4.35009384155273 4.34911632537842 4.35056591033936 4.35072231292725 4.34972429275513 4.35110521316528 4.35717630386353
