Ecospace-environmental-drivers/Outputs/ASCII-for-ecospace/Temp-bot/Temp-bot_X2012.04.asc
NCOLS 131 
NROWS 53 
XLLCORNER -98 
YLLCORNER 23.9265270233154 
CELLSIZE 0.133587792515755 
NODATA_value -3.4e+38 
[rows 21 to 41 of 53, columns 0 to 46 of 131]
-3.4e+38 -3.4e+38 -3.4e+38 -3.4e+38 -3.4e+38 -3.4e+38 25.0589866638184 25.0416679382324 24.9103813171387 25.1262226104736 24.5706443786621 24.1000900268555 23.5884399414062 23.1723499298096 22.9411773681641 22.6710662841797 22.4542407989502 22.0793418884277 21.7554130554199 21.5172576904297 21.3853626251221 21.3029918670654 21.243221282959 21.2962837219238 21.320743560791 21.358814239502 21.4514389038086 21.4024124145508 21.325080871582 21.1397075653076 21.0625400543213 20.9705715179443 21.0919075012207 20.8740100860596 20.2861137390137 19.8166084289551 19.589017868042 19.5108985900879 19.459077835083 19.3278160095215 19.2000579833984 19.1860637664795 19.022970199585 18.8873634338379 18.889518737793 18.9544048309326 19.0147151947021
-3.4e+38 -3.4e+38 -3.4e+38 -3.4e+38 -3.4e+38 -3.4e+38 25.1845760345459 24.9507160186768 25.0416679382324 24.56325340271 23.9488563537598 23.3259334564209 22.6943550109863 22.3207530975342 22.0562610626221 21.7922325134277 21.5475425720215 21.3575077056885 21.2308292388916 21.1051731109619 20.8243293762207 20.5277214050293 20.4010601043701 20.4236621856689 20.4520721435547 20.5776844024658 20.3999004364014 20.0892238616943 20.267728805542 20.358699798584 20.4478702545166 20.0898323059082 19.6705455780029 19.2583484649658 19.0470123291016 18.990837097168 18.8310623168945 18.7295627593994 18.5792465209961 18.2500476837158 18.3926563262939 18.430643081665 17.9440593719482 18.1141548156738 18.3356819152832 18.3172607421875 18.272045135498
-3.4e+38 -3.4e+38 -3.4e+38 -3.4e+38 25.3014888763428 25.2503566741943 25.0659790039062 25.1845760345459 24.6259021759033 23.9615840911865 22.9270935058594 22.293176651001 21.8244457244873 21.2636299133301 21.0793857574463 21.1897163391113 21.1378574371338 20.9942932128906 20.7078895568848 20.0142688751221 18.8020267486572 17.3643341064453 15.8479690551758 15.5490856170654 15.6514282226562 15.5585842132568 15.280797958374 16.3828449249268 18.0055999755859 17.3346862792969 18.6245269775391 18.7937870025635 18.6872539520264 17.2096405029297 18.3836250305176 17.4856090545654 16.1256427764893 16.2081851959229 14.9974269866943 11.5825729370117 12.3958444595337 12.0821180343628 14.5874538421631 12.7237224578857 14.1345930099487 14.7144584655762 15.2923269271851
-3.4e+38 -3.4e+38 -3.4e+38 -3.4e+38 25.4130344390869 25.2410774230957 25.2503566741943 24.7630062103271 23.9070301055908 22.8075275421143 21.9429454803467 21.3485660552979 20.7423782348633 20.3509559631348 20.1105461120605 20.0978622436523 19.2749652862549 16.8251876831055 15.1968364715576 13.0342483520508 10.5193548202515 9.15838718414307 9.61235427856445 9.68215751647949 10.2002964019775 10.1584587097168 10.823637008667 10.2098588943481 10.9456615447998 10.4493961334229 11.1910104751587 12.9619112014771 13.5495824813843 14.4215202331543 15.4050369262695 14.5779323577881 15.0060405731201 13.6100444793701 10.9191617965698 7.83722591400146 8.484206199646 9.0141658782959 9.25764274597168 8.4559497833252 7.99552631378174 8.47965717315674 7.53599166870117
-3.4e+38 -3.4e+38 -3.4e+38 -3.4e+38 -3.4e+38 25.4130344390869 25.0598411560059 24.2115821838379 22.9689865112305 21.7649173736572 21.0649547576904 20.5058631896973 19.9322319030762 19.2447566986084 18.0301761627197 15.6001091003418 12.0613470077515 8.91850471496582 8.25607585906982 7.2246994972229 6.20248746871948 5.92747497558594 6.24509334564209 6.40244722366333 7.02480888366699 6.68791007995605 6.9038782119751 6.92061424255371 6.54858255386353 6.6180419921875 6.7422342300415 7.90144348144531 8.87666320800781 11.1524724960327 10.9892234802246 11.233341217041 10.4248018264771 8.29766941070557 6.30557250976562 6.15050554275513 6.73467254638672 6.69364356994629 6.11124563217163 6.0905613899231 5.91930437088013 6.19765996932983 5.91247987747192
-3.4e+38 -3.4e+38 -3.4e+38 -3.4e+38 -3.4e+38 25.4007987976074 24.583812713623 23.4725284576416 22.1332054138184 20.9606285095215 20.3257579803467 19.8884754180908 18.9808368682861 17.0147190093994 14.1286630630493 11.2762584686279 7.92081880569458 6.09862518310547 5.95262289047241 5.47144460678101 5.19228601455688 5.23490571975708 5.24406051635742 5.51652860641479 5.39111661911011 5.50419998168945 5.33529758453369 5.19661808013916 5.41634845733643 5.23879432678223 5.61666202545166 6.19943904876709 7.27169990539551 7.9008469581604 6.78299522399902 7.28183937072754 6.73407554626465 5.77292251586914 5.51815366744995 5.35961675643921 5.60114431381226 5.26010322570801 5.42477655410767 5.37583065032959 5.42119121551514 5.45481443405151 5.05357265472412
-3.4e+38 -3.4e+38 26.0991039276123 26.0410060882568 25.5271835327148 25.1844997406006 24.0939521789551 22.7791996002197 21.6295967102051 20.4465827941895 19.8522701263428 19.1177787780762 17.3752517700195 13.9776887893677 10.4900207519531 9.03210735321045 6.51147413253784 5.24050092697144 4.92301988601685 4.8961968421936 4.98889112472534 5.02485656738281 5.08986520767212 5.02121162414551 4.97052907943726 5.01046800613403 4.76143503189087 4.70625352859497 4.79699039459229 5.03306865692139 5.38049077987671 5.58782386779785 5.82403802871704 5.88720655441284 5.92172479629517 5.66682243347168 5.55978155136108 5.46426200866699 5.246169090271 5.07973861694336 5.07105875015259 4.96360063552856 4.79049730300903 4.71174907684326 4.81145095825195 4.78283166885376 4.56533241271973
-339999999999999996128486808808066248288.000000000000000 -3.4e+38 -3.4e+38 -3.4e+38 25.9829082489014 24.9686107635498 23.563009262085 22.2969284057617 21.2600898742676 20.1135559082031 19.4863109588623 18.1883563995361 14.756420135498 10.8041000366211 8.93149280548096 7.39681243896484 5.57304000854492 5.0290641784668 4.84546709060669 4.86632299423218 4.95371246337891 4.87798643112183 4.89877700805664 4.91069507598877 4.98626136779785 4.93740797042847 4.69622993469238 4.78847551345825 4.58925485610962 4.83202791213989 5.06642484664917 5.08135509490967 5.36808586120605 5.48933124542236 5.44166278839111 5.26929998397827 5.13442850112915 4.96620273590088 4.95158576965332 4.85554504394531 4.68540477752686 4.573317527771 4.42496204376221 4.39948749542236 4.40008783340454 4.39977073669434 4.39054298400879
-3.4e+38 -3.4e+38 -3.4e+38 -3.4e+38 25.8073444366455 24.741189956665 23.0280857086182 21.8618717193604 20.9443988800049 19.9681243896484 19.1594123840332 16.9630451202393 12.3837375640869 9.13984870910645 7.03157138824463 6.10421323776245 5.70013380050659 5.22451734542847 4.97187519073486 4.99912071228027 4.6527533531189 4.42377710342407 4.40387964248657 4.40565204620361 4.41178560256958 4.62458086013794 4.51888847351074 4.46045398712158 4.27361726760864 4.83170890808105 4.90881252288818 4.95274209976196 4.77039003372192 4.90947484970093 4.85332727432251 4.54538059234619 4.65353345870972 4.61346864700317 4.5688328742981 4.4826979637146 4.41290140151978 4.36958599090576 4.33599090576172 4.32130432128906 4.33196210861206 4.31581401824951 4.3018012046814
-3.4e+38 -3.4e+38 -3.4e+38 -3.4e+38 25.7399978637695 24.6281070709229 22.7931003570557 21.5901165008545 20.7974853515625 19.9681663513184 19.031946182251 15.2084913253784 10.1757411956787 7.96457290649414 6.21126556396484 5.73871850967407 5.29042911529541 5.12100028991699 4.48670530319214 4.42496919631958 4.33924436569214 4.34579658508301 4.36419343948364 4.38176870346069 4.31319856643677 4.38893747329712 4.57980871200562 4.05131196975708 4.0861930847168 4.41575384140015 4.80809688568115 4.62625789642334 4.54617071151733 4.58048439025879 4.50982904434204 4.48624277114868 4.48724794387817 4.47657203674316 4.41270542144775 4.37853240966797 4.3376259803772 4.3195104598999 4.30157423019409 4.29708957672119 4.29203176498413 4.29165029525757 4.29230213165283
-3.4e+38 -3.4e+38 -3.4e+38 -3.4e+38 26.3121433258057 24.8102149963379 22.8022632598877 21.5723781585693 20.7987899780273 20.1381244659424 19.0194110870361 14.9840059280396 9.67578601837158 7.44008588790894 5.96907520294189 5.0390477180481 4.84651660919189 4.73133659362793 4.42086362838745 4.33575487136841 4.28791427612305 4.28710412979126 4.33298635482788 4.3337230682373 4.32909631729126 4.39178895950317 4.7531943321228 4.63208818435669 4.24351501464844 4.38423681259155 4.40874147415161 4.36035346984863 4.41400051116943 4.41935396194458 4.43575382232666 4.43022966384888 4.42331695556641 4.38297462463379 4.32819175720215 4.2999119758606 4.29122304916382 4.28594636917114 4.28439378738403 4.28619146347046 4.28743743896484 4.28598308563232 4.28120279312134
-3.4e+38 -3.4e+38 -3.4e+38 -3.4e+38 26.3493518829346 25.2671871185303 23.2923164367676 21.8376159667969 20.9761352539062 20.3826293945312 19.4915580749512 17.0836143493652 10.5401029586792 6.99335098266602 5.77289819717407 4.87766265869141 4.48331642150879 4.46187543869019 4.42293167114258 4.3130259513855 4.27426958084106 4.27644491195679 4.28633642196655 4.2912745475769 4.32960844039917 4.33468151092529 4.3666615486145 4.35896682739258 4.350501537323 4.3423490524292 4.30886268615723 4.37231826782227 4.40966033935547 4.35367679595947 4.32107019424438 4.34288120269775 4.33069658279419 4.30837774276733 4.28666496276855 4.27697563171387 4.27414560317993 4.27424573898315 4.27152824401855 4.27178192138672 4.27267646789551 4.2775182723999 4.28597211837769
-3.4e+38 -3.4e+38 -3.4e+38 -3.4e+38 26.4102191925049 25.7539710998535 24.1950035095215 22.155590057373 21.4765281677246 20.9486923217773 20.1495704650879 18.9565486907959 12.7865762710571 6.89549541473389 5.36646842956543 4.97649526596069 4.56143474578857 4.471848487854 4.38408946990967 4.27831935882568 4.26632928848267 4.26382207870483 4.2680139541626 4.27185487747192 4.27682304382324 4.26806640625 4.26564168930054 4.26798915863037 4.26559686660767 4.2909255027771 4.2753005027771 4.33710718154907 4.30670785903931 4.28660297393799 4.2789101600647 4.28391599655151 4.28243255615234 4.2819299697876 4.27651977539062 4.29251956939697 4.27384567260742 4.27101278305054 4.27720832824707 4.28331565856934 4.27017259597778 4.27543926239014 4.27875423431396
-3.4e+38 -3.4e+38 -3.4e+38 -3.4e+38 -3.4e+38 25.6027011871338 24.9217662811279 22.6492786407471 21.5685482025146 21.1216888427734 20.7228736877441 20.0020027160645 15.5593185424805 7.16169500350952 5.40878677368164 4.99213361740112 4.64248275756836 4.47145652770996 4.37591314315796 4.27053022384644 4.25804376602173 4.26599311828613 4.2641749382019 4.26249074935913 4.25724840164185 4.26974296569824 4.26368951797485 4.26258230209351 4.27367067337036 4.26685333251953 4.26928377151489 4.26459169387817 4.26584768295288 4.26972961425781 4.27191066741943 4.26953458786011 4.27059841156006 4.2684760093689 4.26720237731934 4.26616096496582 4.27187824249268 4.27775526046753 4.27559614181519 4.27004432678223 4.27046537399292 4.26788854598999 4.26810073852539
-3.4e+38 -3.4e+38 -3.4e+38 -3.4e+38 -3.4e+38 26.6584606170654 25.1882228851318 23.1185894012451 21.5836029052734 21.0019683837891 20.7133045196533 20.2111015319824 16.0624198913574 7.57910251617432 5.61297655105591 4.97354316711426 4.86247539520264 4.50419664382935 4.3669958114624 4.26518726348877 4.26058483123779 4.25958251953125 4.25906848907471 4.25511169433594 4.26423406600952 4.28018999099731 4.27979516983032 4.25844621658325 4.26073980331421 4.27191114425659 4.27692556381226 4.27351427078247 4.27070426940918 4.26868200302124 4.29173040390015 4.2671594619751 4.26829814910889 4.2661304473877 4.26360845565796 4.26227188110352 4.26632022857666 4.27691411972046 4.26479959487915 4.26211977005005 4.26889657974243 4.26718139648438 4.26455974578857
-3.4e+38 -3.4e+38 -3.4e+38 -3.4e+38 -3.4e+38 26.7897338867188 25.4234523773193 23.4267616271973 21.7141208648682 20.8264617919922 20.5947227478027 20.1384677886963 14.4855432510376 7.09545278549194 5.33054256439209 4.97087907791138 4.96118211746216 4.7552752494812 4.33116817474365 4.27237749099731 4.27085733413696 4.26113653182983 4.26738119125366 4.28355693817139 4.29539632797241 4.29924345016479 4.30491590499878 4.30446338653564 4.30184268951416 4.31516361236572 4.31468105316162 4.3089599609375 4.30096244812012 4.29020595550537 4.3159613609314 4.3104395866394 4.27732181549072 4.26521778106689 4.26446533203125 4.2593994140625 4.25480937957764 4.25319576263428 4.25332975387573 4.25737428665161 4.26202821731567 4.26279067993164 4.26885795593262
-3.4e+38 -3.4e+38 -3.4e+38 -3.4e+38 -3.4e+38 -3.4e+38 25.5119495391846 23.4563941955566 21.7229347229004 20.5949840545654 20.3200263977051 19.8595333099365 14.7734498977661 7.70672607421875 5.41804838180542 5.03027391433716 5.20880126953125 4.77394866943359 4.31137132644653 4.27877140045166 4.2701301574707 4.26245832443237 4.28473520278931 4.30814027786255 4.33547878265381 4.33586835861206 4.32202100753784 4.34178066253662 4.35555219650269 4.35723114013672 4.35758876800537 4.35729360580444 4.356849193573 4.35649442672729 4.35756492614746 4.3603777885437 4.35920572280884 4.31363010406494 4.28525400161743 4.2706470489502 4.26070404052734 4.25945377349854 4.25963926315308 4.26436042785645 4.27535104751587 4.27527570724487 4.26615238189697
-3.4e+38 -3.4e+38 -3.4e+38 -3.4e+38 -3.4e+38 -3.4e+38 25.8124217987061 23.11208152771 21.4464416503906 20.4307518005371 19.9852714538574 19.4713459014893 13.9204349517822 8.14138698577881 5.73642635345459 5.24985980987549 5.42964792251587 4.93441438674927 4.34012269973755 4.27912902832031 4.26317310333252 4.28241920471191 4.30609083175659 4.33131456375122 4.35737037658691 4.35797882080078 4.35796785354614 4.35933876037598 4.35995388031006 4.36083698272705 4.36227655410767 4.36428737640381 4.36451482772827 4.36353635787964 4.36457681655884 4.3677077293396 4.36890935897827 4.36627769470215 4.36245250701904 4.34429502487183 4.29674243927002 4.29182815551758 4.28785276412964 4.29443883895874 4.29813432693481 4.29775476455688 4.2852258682251
-3.4e+38 -3.4e+38 -3.4e+38 -3.4e+38 -3.4e+38 -3.4e+38 25.7122364044189 22.5301475524902 21.0372314453125 20.1561012268066 19.561149597168 18.840202331543 13.5350170135498 7.17443418502808 5.56446599960327 5.05046463012695 5.21628522872925 4.7782244682312 4.36822938919067 4.27745676040649 4.27401065826416 4.31161737442017 4.3381495475769 4.35479021072388 4.36532115936279 4.36711454391479 4.36720180511475 4.36839580535889 4.37075281143188 4.37236022949219 4.37334728240967 4.37378263473511 4.3733286857605 4.37281703948975 4.37343120574951 4.37578296661377 4.37616300582886 4.37474250793457 4.37138795852661 4.36759328842163 4.36216259002686 4.35211086273193 4.33973550796509 4.31958913803101 4.32233047485352 4.33639192581177 4.33813428878784
-3.4e+38 -3.4e+38 -3.4e+38 -3.4e+38 -3.4e+38 26.4974040985107 24.8770637512207 22.1091804504395 20.7973861694336 19.9237689971924 19.3934440612793 18.1634044647217 12.1694078445435 6.40687704086304 5.14210224151611 4.85940790176392 4.8795804977417 4.73624849319458 4.38904428482056 4.29050016403198 4.2848334312439 4.33877849578857 4.36264801025391 4.36962270736694 4.37323188781738 4.37475728988647 4.37608909606934 4.37805700302124 4.38124847412109 4.38347339630127 4.38466215133667 4.38352298736572 4.37922430038452 4.37424230575562 4.37136888504028 4.37165451049805 4.37301588058472 4.37368106842041 4.37362957000732 4.37366437911987 4.37246990203857 4.36812448501587 4.36115074157715 4.35455894470215 4.35209703445435 4.35399436950684 4.35659503936768
-3.4e+38 -3.4e+38 -3.4e+38 -3.4e+38 26.1856365203857 26.1322002410889 23.3842258453369 21.9522647857666 20.8017654418945 19.848461151123 19.2505016326904 16.3545055389404 10.4733180999756 5.83141613006592 5.02916622161865 4.80737447738647 4.83698225021362 4.61073541641235 4.35941553115845 4.30035448074341 4.31381511688232 4.36155271530151 4.371178150177 4.37810850143433 4.38142967224121 4.38365268707275 4.38479661941528 4.38638734817505 4.38879728317261 4.39103126525879 4.39244747161865 4.39247035980225 4.38753890991211 4.37384748458862 4.37038326263428 4.37105274200439 4.37178659439087 4.37056350708008 4.36900901794434 4.36936235427856 4.37131595611572 4.37155199050903 4.36889839172363 4.36670732498169 4.36434173583984 4.36181831359863 4.36262702941895
