Ecospace-environmental-drivers/Outputs/ASCII-for-ecospace/Temp-bot/Temp-bot_X2006.09.asc
NCOLS 131 
NROWS 53 
XLLCORNER -98 
YLLCORNER 23.9265270233154 
CELLSIZE 0.133587792515755 
NODATA_value -3.4e+38 
[rows 21 to 41 of 53, columns 0 to 46 of 131]
-3.4e+38 -3.4e+38 -3.4e+38 -3.4e+38 -3.4e+38 -3.4e+38 29.5333557128906 29.5932998657227 29.5620040893555 29.6740760803223 29.5696449279785 29.2213821411133 28.5283794403076 27.9573860168457 27.0480690002441 25.980993270874 24.8778057098389 23.846134185791 23.1145973205566 21.9400653839111 20.8032665252686 19.9815235137939 19.9012317657471 20.2869091033936 20.5639896392822 21.011661529541 21.0518608093262 20.6406917572021 20.1650085449219 19.6991882324219 19.510404586792 19.4009685516357 19.0040168762207 18.6754474639893 18.7108001708984 18.6084518432617 18.645866394043 18.7139186859131 18.7377052307129 18.76296043396 18.7808322906494 18.8884162902832 18.9392871856689 18.9454441070557 19.0201053619385 19.0847358703613 19.1482753753662
-3.4e+38 -3.4e+38 -3.4e+38 -3.4e+38 -3.4e+38 -3.4e+38 29.5421409606934 29.4646263122559 29.5932998657227 29.4186363220215 28.7856864929199 27.8275814056396 26.5302734375 24.5627593994141 23.4612407684326 22.8113861083984 22.5289115905762 22.3758010864258 21.7079639434814 20.3092060089111 19.2616100311279 18.9404735565186 19.0181980133057 19.1851005554199 19.4473323822021 19.6616554260254 19.4946403503418 19.1710243225098 19.3209323883057 19.5689392089844 19.7887268066406 19.3498287200928 18.890588760376 18.5279674530029 18.4379405975342 18.515100479126 18.4475135803223 18.391918182373 18.2173671722412 17.7722930908203 18.0991344451904 18.5472850799561 17.7501602172852 18.1191692352295 18.7196311950684 18.6270561218262 18.5578727722168
-3.4e+38 -3.4e+38 -3.4e+38 -3.4e+38 29.4874610900879 29.4942951202393 29.4028377532959 29.5421409606934 29.2584400177002 28.4947757720947 27.1984844207764 24.751220703125 22.5238189697266 21.809196472168 21.7176609039307 22.8166751861572 22.5823459625244 22.2860050201416 19.9057426452637 18.5416870117188 17.8604278564453 16.9308586120605 15.8828239440918 15.2763423919678 15.549843788147 14.9398097991943 15.2638063430786 16.1030235290527 17.6162033081055 17.0824165344238 18.2189197540283 18.4588279724121 18.4926872253418 16.7984352111816 18.5929660797119 17.7398433685303 16.3385543823242 16.3607082366943 14.933367729187 11.3969230651855 12.1672945022583 12.1774396896362 14.5345134735107 12.6344804763794 14.1513042449951 14.3754053115845 14.97230052948
-3.4e+38 -3.4e+38 -3.4e+38 -3.4e+38 29.5224609375 29.445629119873 29.4942951202393 29.1720752716064 28.2564373016357 26.7723484039307 24.2414207458496 22.1259441375732 21.1884880065918 20.7189559936523 20.7474689483643 20.9919147491455 20.0374927520752 17.0072994232178 14.9161052703857 13.0074195861816 10.6364612579346 9.07098197937012 9.64282703399658 9.95250225067139 10.3152008056641 10.1934480667114 10.7114992141724 10.3150491714478 10.8782730102539 10.5224208831787 11.1259498596191 12.7335891723633 13.3193626403809 14.2524566650391 15.5582084655762 14.9507007598877 15.9869070053101 14.2474184036255 11.3631143569946 8.29441738128662 8.87656784057617 9.53689956665039 9.79568958282471 9.0447301864624 8.66174983978271 9.13438987731934 8.0539026260376
-3.4e+38 -3.4e+38 -3.4e+38 -3.4e+38 -3.4e+38 29.5224609375 29.3201332092285 28.3778610229492 26.8677806854248 24.318510055542 22.0651149749756 21.0361614227295 20.1700668334961 19.5848274230957 18.5623073577881 15.7112083435059 12.4180717468262 9.20676040649414 8.43928718566895 7.27913618087769 6.42225313186646 6.18406105041504 6.32510662078857 6.54324769973755 7.13075923919678 6.79215383529663 7.0043420791626 7.13243055343628 6.70011425018311 6.76088237762451 6.93156862258911 8.0845832824707 9.01312732696533 11.1447868347168 11.1363792419434 11.5280485153198 10.8939590454102 8.96791839599609 6.71185111999512 6.47754144668579 7.15581846237183 7.27812671661377 6.51581430435181 6.49175596237183 6.48800277709961 6.78789567947388 6.31584501266479
-3.4e+38 -3.4e+38 -3.4e+38 -3.4e+38 -3.4e+38 29.4452571868896 28.6685962677002 27.3470802307129 25.0854377746582 22.2033882141113 21.3365135192871 20.2935810089111 19.3939800262451 17.4451560974121 14.719123840332 11.7732362747192 8.21854877471924 6.52883386611938 6.13781595230103 5.5863242149353 5.21164894104004 5.21404790878296 5.24239158630371 5.48641538619995 5.30590057373047 5.45662450790405 5.43853807449341 5.29357147216797 5.53283166885376 5.332200050354 5.83706140518188 6.46253776550293 7.48449659347534 8.14222240447998 7.28560495376587 7.70295143127441 7.17619895935059 5.97197723388672 5.77358102798462 5.46820878982544 5.9303731918335 5.49963903427124 5.75453281402588 5.70104265213013 5.72681713104248 5.77321577072144 5.16123342514038
-3.4e+38 -3.4e+38 29.6004695892334 29.5853233337402 29.3391189575195 29.1816253662109 28.0488357543945 26.1556549072266 23.1295623779297 21.5718116760254 20.6763916015625 19.5707969665527 17.9043426513672 14.5734672546387 10.9846153259277 9.32711410522461 6.85044813156128 5.50276327133179 5.09800624847412 4.95750522613525 4.96908283233643 4.9617862701416 4.96284198760986 4.96249485015869 4.96399402618408 4.99168252944946 4.7855863571167 4.73389148712158 4.85955619812012 5.12890100479126 5.51704263687134 5.78655529022217 6.06799507141113 6.10943698883057 6.16026973724365 5.92185592651367 5.8238673210144 5.72304391860962 5.41088676452637 5.14955377578735 5.20252990722656 5.1010217666626 4.90021753311157 4.81005191802979 4.97175312042236 4.93047952651978 4.62249708175659
-339999999999999996128486808808066248288.000000000000000 -3.4e+38 -3.4e+38 -3.4e+38 29.5701770782471 28.8980674743652 27.4385433197021 24.7841930389404 22.0235004425049 21.0803985595703 20.134428024292 18.6021041870117 15.0851039886475 11.1718559265137 9.28906440734863 7.62661075592041 5.84008264541626 5.23471021652222 5.04350852966309 4.90624332427979 4.92640447616577 4.8086724281311 4.80087471008301 4.80282020568848 4.86416387557983 4.85658884048462 4.70498371124268 4.82462787628174 4.62542772293091 4.89205932617188 5.17646217346191 5.25096130371094 5.47534561157227 5.56972312927246 5.5413122177124 5.37572145462036 5.23829555511475 5.06177616119385 5.02917575836182 4.91620826721191 4.70344257354736 4.61836910247803 4.47597169876099 4.46325063705444 4.42961549758911 4.41450500488281 4.39911317825317
-3.4e+38 -3.4e+38 -3.4e+38 -3.4e+38 29.4841156005859 28.7065773010254 27.0004215240479 23.8507080078125 21.6360893249512 20.7153987884521 19.5770702362061 17.1538352966309 12.6676788330078 9.44091987609863 7.2308931350708 6.38782072067261 5.85695314407349 5.35564184188843 5.01993322372437 4.94755363464355 4.65357685089111 4.46453237533569 4.4600305557251 4.4714527130127 4.48649787902832 4.6308388710022 4.48141813278198 4.52451133728027 4.33596611022949 4.8435173034668 4.95320129394531 4.99492216110229 4.83172655105591 5.01797151565552 4.91821718215942 4.5118408203125 4.66026544570923 4.60881757736206 4.53814172744751 4.46950531005859 4.43028116226196 4.40037441253662 4.35754585266113 4.31465578079224 4.33243227005005 4.29201078414917 4.29442501068115
-3.4e+38 -3.4e+38 -3.4e+38 -3.4e+38 29.4904613494873 28.6984100341797 26.9923114776611 23.6863460540771 21.4497222900391 20.4963684082031 19.2138900756836 15.3983087539673 10.4528932571411 8.0957088470459 6.37689685821533 5.89180612564087 5.36290454864502 5.12532377243042 4.55726146697998 4.48341751098633 4.3790488243103 4.40177345275879 4.42953968048096 4.44066095352173 4.36441850662231 4.46004199981689 4.58738422393799 4.17096519470215 4.17817831039429 4.46020936965942 4.85122108459473 4.64186477661133 4.54136085510254 4.58399248123169 4.45138263702393 4.41370439529419 4.42111825942993 4.46125411987305 4.40536022186279 4.39535331726074 4.35955286026001 4.31845092773438 4.28312587738037 4.30156421661377 4.28046131134033 4.2706561088562 4.26799201965332
-3.4e+38 -3.4e+38 -3.4e+38 -3.4e+38 29.7884960174561 28.8323287963867 27.2631893157959 24.2106990814209 21.6281757354736 20.4626617431641 18.9872741699219 14.9678182601929 9.88357067108154 7.51030921936035 6.08273887634277 5.17252016067505 4.92431783676147 4.74246644973755 4.46728992462158 4.33819150924683 4.28980398178101 4.27695274353027 4.3376522064209 4.37130832672119 4.37587356567383 4.44591331481934 4.74377679824829 4.66845655441284 4.29874277114868 4.43700361251831 4.45692920684814 4.39634847640991 4.41063451766968 4.38860416412354 4.40138244628906 4.41294717788696 4.40858507156372 4.38713264465332 4.32409906387329 4.27325534820557 4.25783491134644 4.24864292144775 4.24751567840576 4.25381278991699 4.26405143737793 4.25771474838257 4.26012277603149
-3.4e+38 -3.4e+38 -3.4e+38 -3.4e+38 29.8061866760254 29.1309127807617 27.6854057312012 25.21364402771 22.4044284820557 20.7850704193115 19.4216899871826 16.8243465423584 10.5314044952393 7.08741474151611 5.86577844619751 5.00121355056763 4.55827665328979 4.46445608139038 4.38314628601074 4.28880023956299 4.2647910118103 4.26023054122925 4.26651287078857 4.27176523208618 4.37525510787964 4.41598415374756 4.43335342407227 4.42485427856445 4.39744758605957 4.41510915756226 4.36758613586426 4.41091203689575 4.40238285064697 4.34085273742676 4.28988838195801 4.31390619277954 4.29427862167358 4.27416181564331 4.25354337692261 4.2457127571106 4.24430561065674 4.24273729324341 4.25379848480225 4.25016641616821 4.25390815734863 4.25676870346069 4.26086282730103
-3.4e+38 -3.4e+38 -3.4e+38 -3.4e+38 29.7917041778564 29.430736541748 28.171703338623 26.006175994873 23.8057384490967 21.9894504547119 20.3726787567139 18.7525596618652 12.6963300704956 7.04660797119141 5.4723105430603 4.99796009063721 4.62373447418213 4.46657371520996 4.34253549575806 4.27135419845581 4.26086568832397 4.26327323913574 4.26666736602783 4.26537132263184 4.27317667007446 4.26580762863159 4.26978921890259 4.28581094741821 4.28126621246338 4.3037748336792 4.29515981674194 4.36395215988159 4.31745862960815 4.27586793899536 4.25772905349731 4.26397228240967 4.26034736633301 4.25270414352417 4.25198698043823 4.26685810089111 4.24924898147583 4.24524164199829 4.2479076385498 4.24703502655029 4.24942588806152 4.25640487670898 4.25396299362183
-3.4e+38 -3.4e+38 -3.4e+38 -3.4e+38 -3.4e+38 29.3188400268555 28.7336368560791 26.9176940917969 24.3878040313721 22.7071361541748 21.4189548492432 20.0643672943115 15.4677543640137 7.22290277481079 5.52725267410278 4.98614168167114 4.69531583786011 4.49675035476685 4.35841226577759 4.27347183227539 4.26601123809814 4.26778316497803 4.2610502243042 4.25610876083374 4.26235961914062 4.26586484909058 4.2586841583252 4.27326774597168 4.2789568901062 4.27383804321289 4.27046966552734 4.27203989028931 4.2660231590271 4.25867223739624 4.25853633880615 4.26193380355835 4.2578444480896 4.25281620025635 4.25290966033936 4.2567310333252 4.24931335449219 4.24714612960815 4.24680376052856 4.25126361846924 4.24427366256714 4.24166774749756 4.24526739120483
-3.4e+38 -3.4e+38 -3.4e+38 -3.4e+38 -3.4e+38 30.0302314758301 29.0072975158691 27.5607814788818 24.9100379943848 22.9145431518555 21.6650619506836 20.5529804229736 16.2525787353516 7.60196304321289 5.67415142059326 4.96773099899292 4.85572910308838 4.53861093521118 4.38652515411377 4.28011226654053 4.27371168136597 4.27240705490112 4.26800918579102 4.25416088104248 4.2591667175293 4.28781986236572 4.27740383148193 4.25553846359253 4.25704908370972 4.27881669998169 4.28100776672363 4.26093530654907 4.25290536880493 4.25239419937134 4.28201246261597 4.25960159301758 4.25582551956177 4.25423622131348 4.25394582748413 4.25239658355713 4.24981451034546 4.24331712722778 4.24403858184814 4.24355840682983 4.2430739402771 4.24335718154907 4.24932670593262
-3.4e+38 -3.4e+38 -3.4e+38 -3.4e+38 -3.4e+38 30.0847454071045 29.2486763000488 27.5221862792969 25.007833480835 22.7719612121582 21.6613292694092 20.6698246002197 14.8284282684326 7.08180665969849 5.43962287902832 4.950364112854 4.92855882644653 4.79308748245239 4.35476016998291 4.29012966156006 4.27075529098511 4.28219985961914 4.26704406738281 4.27681064605713 4.28875970840454 4.28930044174194 4.29258823394775 4.28890895843506 4.28643894195557 4.30738353729248 4.30819368362427 4.30687093734741 4.29396963119507 4.28293228149414 4.31015634536743 4.30255603790283 4.26568269729614 4.25193977355957 4.24868011474609 4.24612522125244 4.24242639541626 4.24187850952148 4.24179983139038 4.24100732803345 4.24392652511597 4.24648475646973 4.25589370727539
-3.4e+38 -3.4e+38 -3.4e+38 -3.4e+38 -3.4e+38 -3.4e+38 29.294454574585 27.4329566955566 25.0033531188965 22.4438972473145 21.3355655670166 20.3249778747559 15.0345830917358 7.64027070999146 5.5192551612854 5.01792144775391 5.26294088363647 4.90142250061035 4.34972763061523 4.28667306900024 4.26592350006104 4.26736879348755 4.27378225326538 4.29520702362061 4.33202028274536 4.33549737930298 4.31132507324219 4.34228944778442 4.36489343643188 4.36822557449341 4.36976146697998 4.3702449798584 4.36832904815674 4.3662748336792 4.36678647994995 4.36340618133545 4.34857368469238 4.29343461990356 4.26717853546143 4.25388479232788 4.24589967727661 4.24486541748047 4.24370574951172 4.24527549743652 4.25365781784058 4.25317859649658 4.24612951278687
-3.4e+38 -3.4e+38 -3.4e+38 -3.4e+38 -3.4e+38 -3.4e+38 29.4983043670654 27.2053718566895 24.5830039978027 21.98193359375 20.8268890380859 19.7351856231689 14.349760055542 7.9152250289917 5.75433969497681 5.30068016052246 5.51999092102051 5.11120128631592 4.41809797286987 4.28991413116455 4.26780366897583 4.26869773864746 4.28785037994385 4.3180046081543 4.35736608505249 4.36442279815674 4.36530923843384 4.36975622177124 4.37194871902466 4.36937952041626 4.36751127243042 4.3648247718811 4.36311197280884 4.36703014373779 4.37443351745605 4.37495803833008 4.37211847305298 4.35969638824463 4.34932279586792 4.31903505325317 4.26815319061279 4.2635064125061 4.26383876800537 4.27195596694946 4.27937889099121 4.26966714859009 4.25879049301147
-3.4e+38 -3.4e+38 -3.4e+38 -3.4e+38 -3.4e+38 -3.4e+38 29.4245204925537 26.3213520050049 23.4299488067627 21.4165725708008 20.2983055114746 18.9466419219971 13.7650651931763 7.08108139038086 5.56515693664551 5.01157522201538 5.26823949813843 4.94303560256958 4.47612428665161 4.30001449584961 4.27096557617188 4.29580736160278 4.34161901473999 4.36322498321533 4.37702083587646 4.37809658050537 4.37748146057129 4.37681245803833 4.37677240371704 4.36961603164673 4.36685562133789 4.36954307556152 4.37507486343384 4.37791395187378 4.37791204452515 4.37889719009399 4.37881135940552 4.37729501724243 4.37294101715088 4.36690092086792 4.36208295822144 4.35473966598511 4.34608554840088 4.31594514846802 4.31625366210938 4.32416343688965 4.31433868408203
-3.4e+38 -3.4e+38 -3.4e+38 -3.4e+38 -3.4e+38 30.0020980834961 28.6341342926025 24.6175956726074 22.1879997253418 20.8451347351074 19.7423000335693 18.1878471374512 12.347804069519 6.4397349357605 5.15896320343018 4.79994773864746 4.96106719970703 4.87439393997192 4.51532554626465 4.31063175201416 4.27672576904297 4.34276294708252 4.37490749359131 4.38021373748779 4.38105726242065 4.37977838516235 4.37937450408936 4.37984180450439 4.38125324249268 4.37892961502075 4.37913942337036 4.38316249847412 4.38330459594727 4.38291501998901 4.38165950775146 4.38192796707153 4.38206911087036 4.38100862503052 4.37860441207886 4.37610578536987 4.37416076660156 4.37171173095703 4.36837816238403 4.37160491943359 4.35563039779663 4.32760906219482 4.32672023773193
-3.4e+38 -3.4e+38 -3.4e+38 -3.4e+38 29.730037689209 29.7841987609863 26.4997062683105 23.0091953277588 21.3671741485596 20.2615814208984 18.9443359375 16.6533737182617 10.406665802002 5.90464353561401 5.12508916854858 4.90855407714844 5.00464010238647 4.72290945053101 4.40871334075928 4.30502939224243 4.31033802032471 4.37410259246826 4.38169574737549 4.38000202178955 4.37721347808838 4.37529563903809 4.37348890304565 4.37338542938232 4.37398195266724 4.37484693527222 4.37693786621094 4.37963628768921 4.3799843788147 4.38382816314697 4.38724136352539 4.38708925247192 4.38580751419067 4.38441371917725 4.38066244125366 4.37854099273682 4.37641048431396 4.37491321563721 4.37172889709473 4.37008190155029 4.36377096176147 4.35716152191162 4.36555480957031
