Ecospace-environmental-drivers/Outputs/ASCII-for-ecospace/Temp-bot/Temp-bot_X1996.12.asc
NCOLS 131 
NROWS 53 
XLLCORNER -98 
YLLCORNER 23.9265270233154 
CELLSIZE 0.133587792515755 
NODATA_value -3.4e+38 
[rows 0 to 20 of 53, columns 47 to 93 of 131]
-3.4e+38 -3.4e+38 -3.4e+38 -3.4e+38 -3.4e+38 -3.4e+38 -3.4e+38 -3.4e+38 -3.4e+38 -3.4e+38 -3.4e+38 -3.4e+38 -3.4e+38 -3.4e+38 -3.4e+38 -3.4e+38 -3.4e+38 -3.4e+38 -3.4e+38 -3.4e+38 -3.4e+38 -3.4e+38 -3.4e+38 -3.4e+38 -3.4e+38 -3.4e+38 -3.4e+38 -3.4e+38 -3.4e+38 -3.4e+38 -3.4e+38 -3.4e+38 -3.4e+38 -3.4e+38 -3.4e+38 -3.4e+38 -3.4e+38 -3.4e+38 -3.4e+38 -3.4e+38 -3.4e+38 -3.4e+38 -3.4e+38 -3.4e+38 -3.4e+38 -3.4e+38 -3.4e+38
-3.4e+38 -3.4e+38 -3.4e+38 -3.4e+38 -3.4e+38 -3.4e+38 -3.4e+38 -3.4e+38 -3.4e+38 -3.4e+38 -3.4e+38 -3.4e+38 -3.4e+38 -3.4e+38 -3.4e+38 -3.4e+38 -3.4e+38 -3.4e+38 -3.4e+38 -3.4e+38 -3.4e+38 -3.4e+38 -3.4e+38 -3.4e+38 -3.4e+38 -3.4e+38 -3.4e+38 -3.4e+38 -3.4e+38 -3.4e+38 -3.4e+38 -3.4e+38 -3.4e+38 -3.4e+38 -3.4e+38 -3.4e+38 -3.4e+38 -3.4e+38 -3.4e+38 -3.4e+38 -3.4e+38 -3.4e+38 -3.4e+38 -3.4e+38 -3.4e+38 -3.4e+38 -3.4e+38
-3.4e+38 -3.4e+38 -3.4e+38 -3.4e+38 -3.4e+38 -3.4e+38 -3.4e+38 -3.4e+38 -3.4e+38 -3.4e+38 -3.4e+38 -3.4e+38 -3.4e+38 -3.4e+38 -3.4e+38 -3.4e+38 -3.4e+38 -3.4e+38 -3.4e+38 -3.4e+38 -3.4e+38 -3.4e+38 -3.4e+38 -3.4e+38 -3.4e+38 -3.4e+38 -3.4e+38 15.8787631988525 15.880708694458 -3.4e+38 -3.4e+38 -3.4e+38 -3.4e+38 -3.4e+38 -3.4e+38 -3.4e+38 -3.4e+38 -3.4e+38 -3.4e+38 -3.4e+38 -3.4e+38 -3.4e+38 -3.4e+38 -3.4e+38 -3.4e+38 -3.4e+38 -3.4e+38
-3.4e+38 -3.4e+38 -3.4e+38 -3.4e+38 -3.4e+38 -3.4e+38 -3.4e+38 -3.4e+38 -3.4e+38 -3.4e+38 -3.4e+38 -3.4e+38 -3.4e+38 -3.4e+38 -3.4e+38 -3.4e+38 -3.4e+38 -3.4e+38 -3.4e+38 -3.4e+38 -3.4e+38 -3.4e+38 -3.4e+38 -3.4e+38 -3.4e+38 -3.4e+38 -3.4e+38 15.8801250457764 15.8797292709351 -3.4e+38 -3.4e+38 -3.4e+38 -3.4e+38 -3.4e+38 -3.4e+38 -3.4e+38 -3.4e+38 -3.4e+38 -3.4e+38 -3.4e+38 -3.4e+38 -3.4e+38 -3.4e+38 -3.4e+38 -3.4e+38 -3.4e+38 -3.4e+38
-3.4e+38 -3.4e+38 -3.4e+38 -3.4e+38 -3.4e+38 -3.4e+38 -3.4e+38 -3.4e+38 -3.4e+38 15.9140424728394 15.9140424728394 15.9217252731323 15.920129776001 -3.4e+38 -3.4e+38 -3.4e+38 -3.4e+38 -3.4e+38 15.7830505371094 15.7389125823975 15.7206315994263 15.6834812164307 15.7357873916626 15.9851531982422 16.0698471069336 16.2002296447754 16.1809272766113 15.9254875183105 16.2118988037109 16.6224899291992 -3.4e+38 -3.4e+38 17.9579372406006 18.2199993133545 18.18505859375 18.4258403778076 18.668140411377 18.6875 18.7915210723877 18.9980392456055 19.0772438049316 19.217643737793 -3.4e+38 -3.4e+38 -3.4e+38 -3.4e+38 -3.4e+38
-3.4e+38 -3.4e+38 -3.4e+38 -3.4e+38 -3.4e+38 -3.4e+38 -3.4e+38 -3.4e+38 15.9140424728394 15.9140424728394 15.9140424728394 15.9140424728394 15.9294080734253 15.9295330047607 15.9075355529785 -3.4e+38 15.8843994140625 15.848048210144 15.7682161331177 15.7770261764526 15.7063245773315 15.8271551132202 15.7710227966309 16.0547962188721 16.2658405303955 16.5146675109863 16.4720783233643 16.5185451507568 16.6979694366455 16.6765041351318 17.5527420043945 17.7289409637451 17.9346523284912 18.2102184295654 18.5500679016113 18.9454135894775 19.3090934753418 19.4451789855957 19.4538173675537 19.4626083374023 19.4222316741943 19.2605648040771 19.1105365753174 19.0072898864746 -3.4e+38 -3.4e+38 -3.4e+38
-3.4e+38 -3.4e+38 -3.4e+38 -3.4e+38 -3.4e+38 -3.4e+38 -3.4e+38 -3.4e+38 15.9319095611572 15.9140424728394 15.9140424728394 15.9140424728394 15.9140424728394 15.9447736740112 15.9517812728882 15.9075355529785 15.9017267227173 15.8802871704102 15.9050025939941 15.8947591781616 15.8983898162842 16.3097133636475 16.7648258209229 17.341121673584 17.5591297149658 17.6636352539062 17.700662612915 17.6267356872559 17.7322330474854 17.883810043335 18.0680294036865 18.3638210296631 18.7002983093262 18.9977588653564 19.6731643676758 20.3164768218994 20.6229457855225 20.7980785369873 20.6758346557617 20.6029930114746 20.5438232421875 20.2401714324951 19.7286758422852 19.37229347229 19.0481567382812 18.9381847381592 -3.4e+38
-3.4e+38 -3.4e+38 -3.4e+38 -3.4e+38 -3.4e+38 -3.4e+38 -3.4e+38 -3.4e+38 -3.4e+38 -3.4e+38 15.9140424728394 15.9140424728394 15.9140424728394 -3.4e+38 15.9755048751831 16.0100421905518 16.0371627807617 16.1130275726318 16.1359710693359 16.1185874938965 16.1320247650146 16.6595573425293 17.1370410919189 18.0040817260742 18.7682552337646 19.078369140625 19.0394268035889 18.8503952026367 18.6576557159424 18.7007827758789 18.9151973724365 19.3034496307373 19.6879711151123 20.1173515319824 20.5871238708496 20.0788707733154 19.8970794677734 20.995964050293 21.5513401031494 21.3126087188721 21.1342658996582 20.9603519439697 20.509952545166 19.9741287231445 19.5642757415771 18.9515113830566 18.1887969970703
-3.4e+38 -3.4e+38 -3.4e+38 -3.4e+38 -3.4e+38 -3.4e+38 -3.4e+38 -3.4e+38 -3.4e+38 -3.4e+38 -3.4e+38 -3.4e+38 -3.4e+38 -3.4e+38 15.9793653488159 16.1622505187988 16.2046451568604 16.1992588043213 16.2520561218262 16.3171405792236 16.3782119750977 16.7523460388184 17.5069122314453 18.2572364807129 19.5416870117188 20.0551853179932 20.0081253051758 19.7346611022949 19.4119911193848 19.3213787078857 19.526782989502 20.0792465209961 20.6104393005371 20.9459037780762 19.0795345306396 17.3901672363281 17.7955017089844 19.4809722900391 21.2936401367188 21.9853935241699 21.7601432800293 21.3537311553955 21.0097217559814 20.5692176818848 20.2374038696289 19.6760635375977 18.621265411377
16.2868976593018 -3.4e+38 -3.4e+38 -3.4e+38 -3.4e+38 -3.4e+38 -3.4e+38 -3.4e+38 -3.4e+38 -3.4e+38 16.5114498138428 16.3964424133301 -3.4e+38 -3.4e+38 -3.4e+38 16.328426361084 16.4414234161377 16.4693450927734 16.412956237793 16.4375324249268 16.4553241729736 17.063684463501 18.1446533203125 18.8781795501709 20.1465663909912 20.6725921630859 20.5653171539307 20.2139644622803 19.88112449646 19.7848949432373 20.0513591766357 20.6396942138672 21.2323169708252 17.6694183349609 15.2543506622314 15.4897384643555 16.5845813751221 17.6638946533203 18.9170360565186 20.8737087249756 21.8636150360107 21.6624126434326 21.3762969970703 21.0629730224609 20.8918800354004 20.3661632537842 19.3274040222168
16.3289623260498 16.2889060974121 -3.4e+38 -3.4e+38 -3.4e+38 -3.4e+38 -3.4e+38 -3.4e+38 -3.4e+38 -3.4e+38 16.7158355712891 16.8254165649414 16.8788414001465 -3.4e+38 -3.4e+38 16.5108299255371 16.5482635498047 16.6416530609131 16.5922508239746 16.6002635955811 16.85715675354 18.1955966949463 19.0802211761475 19.6297492980957 20.9607200622559 21.346492767334 21.0863227844238 20.7375717163086 20.4675559997559 20.4301128387451 20.6273746490479 21.0833339691162 20.5881080627441 13.4429044723511 11.8871154785156 12.5200967788696 14.1859455108643 15.3637914657593 17.2850952148438 18.6881904602051 20.8865203857422 21.6596584320068 21.6781368255615 21.5140399932861 21.3532276153564 20.8990898132324 19.9706783294678
16.6513748168945 16.5540180206299 16.669017791748 16.8150424957275 -3.4e+38 -3.4e+38 -3.4e+38 -3.4e+38 -3.4e+38 -3.4e+38 -3.4e+38 16.7522201538086 16.9725952148438 16.8788414001465 16.9800586700439 16.7982482910156 16.7871627807617 16.6182498931885 16.8074073791504 17.3089790344238 18.7623805999756 19.9990882873535 20.5982398986816 21.1459121704102 21.7024898529053 21.6817855834961 21.4459838867188 21.1709995269775 20.8801460266113 20.8713626861572 20.9909152984619 19.5751438140869 12.6050815582275 9.97459030151367 9.48747634887695 9.60370445251465 10.2460660934448 11.7992334365845 13.9464588165283 16.6807861328125 18.6444339752197 20.6976757049561 21.8065223693848 21.8100566864014 21.6405048370361 21.2727909088135 20.4913368225098
17.1064491271973 16.9946117401123 16.9000301361084 16.8760814666748 -3.4e+38 -3.4e+38 -3.4e+38 -3.4e+38 16.6958179473877 16.7466926574707 16.6493225097656 16.7976398468018 16.8551158905029 17.1838302612305 17.3467330932617 17.7061958312988 17.3830718994141 16.7639446258545 17.2844676971436 18.5915565490723 20.4953804016113 21.4680004119873 21.7621726989746 21.9588012695312 22.0357570648193 22.0208034515381 21.6294574737549 19.6351566314697 18.9615592956543 17.9466171264648 14.006965637207 9.51042747497559 7.33531427383423 7.523277759552 7.31811714172363 7.2055983543396 9.82696628570557 10.5737552642822 11.4415483474731 13.1820573806763 15.3891220092773 17.6502323150635 19.9390487670898 21.3830375671387 21.6838092803955 21.645809173584 21.4054546356201
17.5635871887207 17.3855609893799 17.1450576782227 17.0128211975098 16.961950302124 16.7758274078369 16.7356281280518 16.7299003601074 16.7533206939697 16.8262271881104 16.9204864501953 16.5710220336914 16.9922504425049 17.8337287902832 18.3481216430664 18.1418209075928 17.9071388244629 18.0801124572754 18.6073818206787 19.9281768798828 20.9044952392578 21.8699932098389 21.9924812316895 20.6720104217529 17.7238006591797 15.9989738464355 12.9063682556152 10.209095954895 8.44021415710449 6.72172164916992 5.35094976425171 4.94940233230591 5.04840469360352 5.70347690582275 6.09666872024536 6.87780952453613 9.10446548461914 10.6407070159912 11.2988586425781 11.954948425293 13.1754703521729 14.7196111679077 16.6284084320068 18.267406463623 20.3317584991455 21.3035945892334 21.7945022583008
18.1060543060303 17.8911838531494 17.6741561889648 17.5909309387207 17.4214534759521 17.3200874328613 17.2901802062988 17.3227519989014 17.4568386077881 17.4417896270752 17.5198516845703 17.6375484466553 18.3961162567139 19.1600074768066 19.7433261871338 19.8053607940674 19.2952671051025 19.0876140594482 19.6687812805176 20.7751922607422 21.7773628234863 19.4677848815918 17.0048885345459 11.8290510177612 9.16260623931885 7.60892391204834 5.6514196395874 5.05935955047607 4.71574878692627 4.39921998977661 4.37145709991455 4.37651968002319 4.43953609466553 5.09083938598633 5.67932605743408 7.04440689086914 8.74527740478516 10.8030767440796 11.1532182693481 11.7349443435669 12.2109575271606 13.5550775527954 15.1774015426636 16.3310031890869 18.0759658813477 19.5818519592285 21.9969520568848
19.0916137695312 18.7114925384521 18.3188190460205 18.1713085174561 18.140625 18.1666984558105 18.0899715423584 18.1172580718994 18.3384475708008 18.4400749206543 18.6333923339844 18.9989967346191 19.3990058898926 19.9353733062744 20.4126739501953 20.6864452362061 20.5240020751953 20.3437843322754 21.0342884063721 20.7912788391113 17.6614418029785 12.3792524337769 9.58100700378418 7.83770036697388 5.79549884796143 5.09813117980957 4.82982540130615 4.35806655883789 4.29473304748535 4.27264165878296 4.2793436050415 4.28454399108887 4.39371919631958 5.12024021148682 5.94333028793335 7.25713968276978 8.76900768280029 10.1504430770874 10.9247827529907 11.5083961486816 12.0092821121216 12.3977108001709 13.9437122344971 15.6975498199463 17.4001331329346 18.3031883239746 20.1742324829102
19.7904052734375 19.446741104126 19.0670852661133 18.8018684387207 18.7766780853271 18.9559288024902 18.9774036407471 19.0362720489502 19.1287956237793 19.251880645752 19.4608249664307 19.8114395141602 20.2158985137939 20.7329635620117 21.0624351501465 21.2640590667725 21.2235565185547 21.0502300262451 18.637134552002 13.5620269775391 9.13519859313965 6.58689737319946 5.62067699432373 5.15131139755249 4.8257007598877 4.58816194534302 4.39244318008423 4.29491949081421 4.28273487091064 4.28202486038208 4.28374290466309 4.3013072013855 4.45929908752441 5.17744779586792 5.90857076644897 7.19188642501831 8.49700164794922 9.51045036315918 10.9454212188721 11.4186687469482 11.7122659683228 12.2332248687744 13.4432029724121 14.6516447067261 16.1486930847168 18.0369930267334 18.977352142334
20.4417915344238 20.1546058654785 19.8148670196533 19.5321998596191 19.2916412353516 19.3328227996826 19.4093570709229 19.5311317443848 19.6680450439453 19.8424968719482 20.0691051483154 20.5856895446777 19.3753242492676 16.1165084838867 17.9567394256592 20.2562999725342 19.4366226196289 17.399299621582 14.5089406967163 9.28800964355469 5.95177507400513 5.04929208755493 4.88068532943726 4.43046808242798 4.33887338638306 4.2984094619751 4.29217338562012 4.28969669342041 4.28601980209351 4.28210020065308 4.28284645080566 4.31454658508301 4.4740309715271 5.0987024307251 5.69336318969727 6.97447061538696 7.72510147094727 8.7466287612915 9.82819080352783 10.8870439529419 11.5332221984863 12.350736618042 12.9817419052124 14.0778427124023 15.7935934066772 16.7523345947266 18.2330570220947
21.1337261199951 21.0121040344238 20.864465713501 20.6992092132568 20.5445365905762 20.3957653045654 20.3288421630859 20.2951526641846 20.5015773773193 20.6715278625488 20.7205982208252 20.9668273925781 19.6460933685303 11.4525012969971 8.95252990722656 10.562650680542 11.1526718139648 11.6077861785889 9.83663272857666 7.38461542129517 5.71816301345825 4.99286699295044 4.44909954071045 4.33310747146606 4.29457092285156 4.29263257980347 4.28602123260498 4.28546094894409 4.28157138824463 4.27837038040161 4.28329086303711 4.28341054916382 4.3837947845459 4.9644889831543 5.33500576019287 6.18949508666992 7.00657510757446 7.43981885910034 8.11116504669189 9.42971229553223 10.5651588439941 11.2091808319092 12.2791948318481 13.0912132263184 14.3058471679688 15.7529649734497 16.9982032775879
21.6919860839844 21.6374397277832 21.5963592529297 21.5460948944092 21.5396499633789 21.5030746459961 21.4300670623779 21.2991561889648 21.215202331543 21.1652069091797 21.2130546569824 21.3850364685059 20.911319732666 14.1663389205933 9.2515697479248 6.49317455291748 6.23299217224121 6.59782791137695 6.54738712310791 5.86064100265503 4.95051288604736 4.66891241073608 4.37695264816284 4.32258415222168 4.29374265670776 4.29280757904053 4.28474378585815 4.27991056442261 4.27284097671509 4.27030229568481 4.2703652381897 4.27463817596436 4.27422952651978 4.52934551239014 4.99459838867188 5.37959480285645 5.72489833831787 6.5483865737915 6.95954942703247 7.55280828475952 8.31080055236816 9.8934440612793 10.7207984924316 11.4662914276123 12.4312171936035 13.5545682907104 15.2484884262085
21.9904880523682 21.9776725769043 21.9373893737793 21.865608215332 21.8634757995605 21.8359470367432 21.7802085876465 21.6746711730957 21.5358619689941 21.4023017883301 21.2536506652832 20.8786773681641 18.2216701507568 13.2250518798828 8.26019954681396 5.7493839263916 5.17718410491943 5.26222515106201 5.38427877426147 4.99935436248779 4.80501508712769 4.38628339767456 4.31324052810669 4.30837917327881 4.29808568954468 4.29190492630005 4.28443336486816 4.27241897583008 4.26914548873901 4.26713275909424 4.25695991516113 4.25767946243286 4.25685262680054 4.25006246566772 4.30645608901978 4.39385509490967 4.64407205581665 5.08563280105591 5.68293952941895 6.31973123550415 6.69630146026611 7.3360161781311 8.15784549713135 9.26298427581787 9.89437103271484 11.2271385192871 12.1219024658203
