Ecospace-environmental-drivers/Outputs/ASCII-for-ecospace/Temp-bot/Temp-bot_X2005.06.asc
NCOLS 131 
NROWS 53 
XLLCORNER -98 
YLLCORNER 23.9265270233154 
CELLSIZE 0.133587792515755 
NODATA_value -3.4e+38 
[rows 21 to 41 of 53, columns 47 to 93 of 131]
18.298547744751 18.1824893951416 18.2266178131104 18.3089160919189 18.4050140380859 18.6052722930908 17.8550453186035 17.9082622528076 17.8661518096924 16.6361904144287 14.2312574386597 13.2897319793701 11.1231527328491 8.63740158081055 7.20276308059692 5.91345119476318 5.05186557769775 4.76725482940674 4.851243019104 4.72210216522217 4.38463878631592 4.3162841796875 4.28156852722168 4.27765941619873 4.26991891860962 4.26144313812256 4.26833200454712 4.26957893371582 4.27593946456909 4.28028011322021 4.27846002578735 4.27915620803833 4.279541015625 4.27904558181763 4.27287817001343 4.26983404159546 4.26794338226318 4.31510400772095 4.7425012588501 5.11064767837524 5.30041408538818 5.49388217926025 5.81768178939819 6.38467216491699 7.13818264007568 7.98622846603394 8.99186420440674
16.0484485626221 15.3803777694702 15.4732599258423 15.3683433532715 15.859393119812 15.1240997314453 12.4996347427368 13.566367149353 12.0205450057983 9.69461536407471 8.79276466369629 8.24244594573975 7.9203052520752 6.66625785827637 5.9241623878479 5.69317722320557 4.92210912704468 4.70826864242554 4.4498233795166 4.49333667755127 4.36046314239502 4.30521774291992 4.27780151367188 4.25712966918945 4.25646781921387 4.26196670532227 4.26644563674927 4.26693534851074 4.27716016769409 4.28140068054199 4.28171396255493 4.2827262878418 4.28266429901123 4.2809009552002 4.27799892425537 4.27544116973877 4.27609062194824 4.27610492706299 4.26412916183472 4.24051284790039 4.36234378814697 4.48431539535522 4.72773027420044 5.18380403518677 5.73474502563477 6.17439937591553 7.21977758407593
11.3483171463013 11.1723260879517 11.7948637008667 10.8805961608887 9.94297695159912 8.83104133605957 9.23104572296143 7.75841522216797 6.52677488327026 6.18707942962646 6.17806959152222 6.566725730896 5.90019559860229 5.60737800598145 5.2002968788147 4.9573802947998 4.73165082931519 4.48306035995483 4.37046241760254 4.37086009979248 4.37240886688232 4.32479810714722 4.28289890289307 4.24676942825317 4.25503396987915 4.26176071166992 4.26364946365356 4.26791572570801 4.27914810180664 4.27982187271118 4.28197193145752 4.28321218490601 4.28372764587402 4.28036832809448 4.27894401550293 4.27777194976807 4.27606582641602 4.28036212921143 4.28295040130615 4.28255558013916 4.28119850158691 4.28735733032227 4.27227783203125 4.36387538909912 4.73952436447144 5.4338207244873 5.96770238876343
7.20935726165771 7.21251821517944 6.68722486495972 7.04031991958618 6.7793402671814 6.18888807296753 5.86814403533936 5.42044496536255 5.11159086227417 5.35548400878906 5.39188003540039 5.55738592147827 5.11309432983398 4.90133666992188 4.79398012161255 4.7289514541626 4.47586154937744 4.40852117538452 4.37807369232178 4.33652448654175 4.31080007553101 4.28629589080811 4.27485418319702 4.2583909034729 4.25417423248291 4.26752948760986 4.2780499458313 4.27694749832153 4.27027750015259 4.2727255821228 4.27638912200928 4.27847337722778 4.27851057052612 4.27615404129028 4.28162908554077 4.28149366378784 4.28665161132812 4.28378391265869 4.28399753570557 4.28704309463501 4.29395580291748 4.3017635345459 4.29783391952515 4.28638648986816 4.28681993484497 4.58762884140015 5.25260162353516
5.59383773803711 5.36477708816528 5.29152631759644 5.16271543502808 4.9616436958313 5.1638560295105 4.88689851760864 5.01603412628174 4.85576391220093 4.85575008392334 4.80720233917236 4.77358102798462 4.72531461715698 4.69826650619507 4.69467735290527 4.51531505584717 4.3447527885437 4.32681560516357 4.31769752502441 4.28897285461426 4.2824068069458 4.28474092483521 4.27981805801392 4.28194999694824 4.25814008712769 4.26092386245728 4.27222728729248 4.27942228317261 4.27189779281616 4.27246284484863 4.27369165420532 4.27510404586792 4.27560472488403 4.2877779006958 4.27521562576294 4.27461576461792 4.27428007125854 4.27634525299072 4.27948236465454 4.28301525115967 4.28869819641113 4.29378128051758 4.29848861694336 4.30054712295532 4.29524755477905 4.26806020736694 4.59573554992676
4.82645559310913 4.87452077865601 4.86376428604126 4.49877595901489 4.51063776016235 4.73719787597656 4.76035594940186 4.6363263130188 4.75014591217041 4.6661639213562 4.73293828964233 4.67399787902832 4.74622106552124 4.56057119369507 4.40180683135986 4.32743644714355 4.30137062072754 4.28573083877563 4.28548383712769 4.28705024719238 4.29259490966797 4.28902578353882 4.25831985473633 4.25026702880859 4.25091695785522 4.25803518295288 4.26197052001953 4.2685432434082 4.27225112915039 4.27527046203613 4.27683162689209 4.27783250808716 4.27846193313599 4.30630159378052 4.27752923965454 4.2732720375061 4.27487421035767 4.27817344665527 4.28314352035522 4.28867292404175 4.29357099533081 4.29789304733276 4.30213356018066 4.30663394927979 4.30801105499268 4.30341720581055 4.28959178924561
4.49256944656372 4.5242714881897 4.4004020690918 4.33662271499634 4.33855581283569 4.41524124145508 4.43783569335938 4.5336766242981 4.56474113464355 4.39395523071289 4.42115354537964 4.42507886886597 4.39497327804565 4.35598659515381 4.28876972198486 4.28079128265381 4.25793123245239 4.2594895362854 4.26765489578247 4.27547550201416 4.28836154937744 4.2672381401062 4.25947952270508 4.25959205627441 4.25677919387817 4.25776195526123 4.26102447509766 4.27374935150146 4.27661037445068 4.27475833892822 4.2743992805481 4.27531623840332 4.27702140808105 4.2770209312439 4.28653478622437 4.28582763671875 4.27883529663086 4.28056144714355 4.2846884727478 4.2911491394043 4.29445600509644 4.29630327224731 4.29753351211548 4.30056667327881 4.30656814575195 4.31217336654663 4.28335332870483
4.38073444366455 4.33214807510376 4.29782247543335 4.3091516494751 4.34210252761841 4.30414247512817 4.28979825973511 4.3632640838623 4.35149049758911 4.36824560165405 4.36021423339844 4.31548643112183 4.27245712280273 4.26522874832153 4.25911855697632 4.26031303405762 4.25924968719482 4.26155948638916 4.26227712631226 4.26119089126587 4.25979614257812 4.26197147369385 4.26551008224487 4.26597309112549 4.26630687713623 4.2681245803833 4.27885866165161 4.27215623855591 4.2707896232605 4.27230739593506 4.27394580841064 4.27501249313354 4.2761402130127 4.27748012542725 4.28846549987793 4.28608655929565 4.29821872711182 4.28301858901978 4.28477382659912 4.29005718231201 4.29415369033813 4.29561901092529 4.29749965667725 4.29852914810181 4.30104684829712 4.3087043762207 4.30373668670654
4.29256820678711 4.28459405899048 4.28305339813232 4.27874279022217 4.29986572265625 4.28966760635376 4.27247714996338 4.27476167678833 4.27961301803589 4.28819417953491 4.25975227355957 4.26039409637451 4.25679922103882 4.25669145584106 4.26082992553711 4.26108646392822 4.26324462890625 4.26563739776611 4.26712322235107 4.26699686050415 4.26545190811157 4.26502656936646 4.2657356262207 4.26760864257812 4.27735376358032 4.27306175231934 4.27158832550049 4.27011966705322 4.2713885307312 4.27321338653564 4.27421236038208 4.27565670013428 4.27481126785278 4.27537870407104 4.275465965271 4.27387428283691 4.30916500091553 4.28383255004883 4.28248167037964 4.28916501998901 4.29354333877563 4.29531764984131 4.29977226257324 4.30013513565063 4.30059909820557 4.30549478530884 4.31582498550415
4.29209327697754 4.30212306976318 4.27684640884399 4.26960182189941 4.28279781341553 4.28702068328857 4.27730703353882 4.27417993545532 4.27449607849121 4.25439453125 4.25473403930664 4.26287794113159 4.26383876800537 4.26188516616821 4.2654881477356 4.2666130065918 4.2752513885498 4.27743053436279 4.27873611450195 4.27696371078491 4.26997041702271 4.26818227767944 4.26919174194336 4.27000856399536 4.28003978729248 4.27712154388428 4.27424478530884 4.27296733856201 4.27267074584961 4.27379417419434 4.27687311172485 4.27777671813965 4.27557373046875 4.2740216255188 4.27291917800903 4.27255487442017 4.30607461929321 4.28220987319946 4.28620767593384 4.2913966178894 4.29656839370728 4.3015079498291 4.30436849594116 4.30683565139771 4.3018012046814 4.30465698242188 4.31536722183228
4.30058240890503 4.30504941940308 4.27947378158569 4.27048492431641 4.28312158584595 4.28242206573486 4.28406286239624 4.28926372528076 4.28553676605225 4.26024913787842 4.26628923416138 4.26841163635254 4.27231979370117 4.27264833450317 4.27424955368042 4.27728223800659 4.28079319000244 4.28319931030273 4.28172731399536 4.28179740905762 4.28259134292603 4.27056360244751 4.26865863800049 4.269362449646 4.27331495285034 4.27498579025269 4.27665758132935 4.27591323852539 4.27599382400513 4.27771091461182 4.27931594848633 4.2784686088562 4.27571296691895 4.27387237548828 4.2711763381958 4.27193927764893 4.30313396453857 4.28422260284424 4.29319906234741 4.29868841171265 4.30181264877319 4.30404329299927 4.30812740325928 4.31004476547241 4.30597496032715 4.30532550811768 4.3126277923584
4.30961656570435 4.31436491012573 4.29449701309204 4.26120853424072 4.2827730178833 4.26596021652222 4.2548999786377 4.26155281066895 4.26534080505371 4.26694679260254 4.26984596252441 4.27457523345947 4.27699899673462 4.27986621856689 4.28188514709473 4.28432941436768 4.2860894203186 4.28605890274048 4.28556632995605 4.28603601455688 4.28727579116821 4.28661870956421 4.27151250839233 4.26916265487671 4.2689003944397 4.27212858200073 4.27460861206055 4.27412080764771 4.27547550201416 4.27737140655518 4.27845335006714 4.27725887298584 4.27470064163208 4.27257966995239 4.26996946334839 4.27086687088013 4.29073858261108 4.29094314575195 4.29767227172852 4.29844331741333 4.30044794082642 4.30125141143799 4.30590963363647 4.30711698532104 4.30132484436035 4.30395126342773 4.30852222442627
4.26195287704468 4.25878524780273 4.25597286224365 4.25471115112305 4.25809621810913 4.25409603118896 4.25083780288696 4.26067161560059 4.27118873596191 4.2735652923584 4.27780437469482 4.28150033950806 4.28368377685547 4.28699016571045 4.28873634338379 4.29091835021973 4.29189300537109 4.29101419448853 4.29011917114258 4.29090118408203 4.28976583480835 4.28878450393677 4.28809356689453 4.28789138793945 4.28237295150757 4.27869939804077 4.27864027023315 4.27711534500122 4.27482223510742 4.27396535873413 4.27527904510498 4.27479887008667 4.27361440658569 4.27224731445312 4.27131509780884 4.2954306602478 4.29728746414185 4.29393672943115 4.29969453811646 4.30394220352173 4.30545997619629 4.30466079711914 4.30452632904053 4.30494022369385 4.30553960800171 4.30500364303589 4.30965805053711
4.24909925460815 4.25217199325562 4.25336503982544 4.25234937667847 4.25039720535278 4.25106287002563 4.27009153366089 4.27885437011719 4.2752742767334 4.28610038757324 4.3219165802002 4.33164644241333 4.31886434555054 4.32549476623535 4.32583808898926 4.3120288848877 4.30405616760254 4.29718017578125 4.29597425460815 4.29372453689575 4.28940773010254 4.28707313537598 4.2870945930481 4.28557252883911 4.28379487991333 4.28338193893433 4.2805495262146 4.27738094329834 4.27474451065063 4.27355098724365 4.27444410324097 4.2779426574707 4.29330587387085 4.30803966522217 4.32644414901733 4.32973957061768 4.31775236129761 4.30397081375122 4.30196857452393 4.30466556549072 4.30814218521118 4.31067562103271 4.31109952926636 4.31378126144409 4.31469011306763 4.31929111480713 4.32373714447021
4.24934816360474 4.25451707839966 4.253014087677 4.25147390365601 4.25003004074097 4.25307083129883 4.322190284729 4.34470558166504 4.34092378616333 4.33484840393066 4.3141074180603 4.30451536178589 4.31026840209961 4.31246471405029 4.31475925445557 4.32074975967407 4.322998046875 4.33468914031982 4.32336664199829 4.29472208023071 4.29112958908081 4.28732585906982 4.28572463989258 4.28303194046021 4.28032159805298 4.27985239028931 4.2787013053894 4.27758359909058 4.27579927444458 4.27484846115112 4.29614067077637 4.34149265289307 4.34750270843506 4.34886074066162 4.34915637969971 4.34876108169556 4.34732580184937 4.34642601013184 4.34255266189575 4.3266749382019 4.30655241012573 4.30594301223755 4.30628156661987 4.30848741531372 4.31207513809204 4.31550884246826 4.3222484588623
4.25337409973145 4.2542405128479 4.25439786911011 4.25761604309082 4.26766157150269 4.3264594078064 4.34235572814941 4.33154106140137 4.320387840271 4.3181939125061 4.31281137466431 4.30943918228149 4.31336450576782 4.31485557556152 4.3187575340271 4.32068967819214 4.32168817520142 4.32485866546631 4.3221287727356 4.32518243789673 4.30641841888428 4.28617191314697 4.28391265869141 4.28184986114502 4.28037548065186 4.27925157546997 4.27790689468384 4.27723741531372 4.27841949462891 4.30513143539429 4.34288692474365 4.34627151489258 4.34707498550415 4.35091876983643 4.35176372528076 4.35171747207642 4.35148763656616 4.3509840965271 4.3525824546814 4.35403203964233 4.34819889068604 4.32764482498169 4.31633186340332 4.31312704086304 4.31227731704712 4.31361389160156 4.31868457794189
4.25324106216431 4.2539381980896 4.27234792709351 4.3422064781189 4.35895299911499 4.34737110137939 4.33985757827759 4.33360528945923 4.3167028427124 4.31854343414307 4.31021070480347 4.30753564834595 4.31293201446533 4.31811618804932 4.32334899902344 4.32425165176392 4.32605314254761 4.32583379745483 4.32565784454346 4.33096933364868 4.33398151397705 4.32584714889526 4.30191993713379 4.31968259811401 4.31924819946289 4.30701351165771 4.31806612014771 4.31859827041626 4.33488941192627 4.34379577636719 4.34389162063599 4.34479331970215 4.35130882263184 4.3527135848999 4.35275459289551 4.35266208648682 4.35322856903076 4.35385799407959 4.35457038879395 4.35580015182495 4.35523509979248 4.34365749359131 4.3288722038269 4.31729984283447 4.3142466545105 4.31157112121582 4.31584596633911
4.25753021240234 4.27035903930664 4.34727144241333 4.35906314849854 4.33713960647583 4.31414365768433 4.33329343795776 4.33177995681763 4.31729459762573 4.31938695907593 4.31003952026367 4.30655097961426 4.31408405303955 4.31972074508667 4.32571411132812 4.32816600799561 4.32520389556885 4.32056045532227 4.32504320144653 4.33096504211426 4.33232545852661 4.33113145828247 4.33310317993164 4.3343300819397 4.3324122428894 4.33347320556641 4.33671808242798 4.33782625198364 4.33802509307861 4.34119987487793 4.33802509307861 4.34213638305664 4.34909343719482 4.34825849533081 4.34517431259155 4.34276962280273 4.34350919723511 4.34352254867554 4.3441367149353 4.34973049163818 4.35645484924316 4.35566139221191 4.33813571929932 4.32647705078125 4.31933259963989 4.31477499008179 4.31184196472168
4.33894491195679 4.35593366622925 4.36135482788086 4.35618352890015 4.32223606109619 4.32183027267456 4.32160615921021 4.31776571273804 4.3169960975647 4.32104349136353 4.31351137161255 4.30704784393311 4.3088321685791 4.31831216812134 4.31848669052124 4.31967163085938 4.31723070144653 4.31164646148682 4.31634998321533 4.3217511177063 4.3249773979187 4.3281512260437 4.32984161376953 4.32861566543579 4.3233323097229 4.32157039642334 4.32145738601685 4.32729578018188 4.33290767669678 4.33487606048584 4.33342361450195 4.33817291259766 4.342942237854 4.33742189407349 4.33615779876709 4.335045337677 4.33989763259888 4.34134721755981 4.33782863616943 4.34480047225952 4.35161542892456 4.35989141464233 4.34799718856812 4.32434701919556 4.31842422485352 4.31564235687256 4.3132529258728
4.36344575881958 4.36484384536743 4.36825561523438 4.36276531219482 4.32599639892578 4.322425365448 4.30673313140869 4.30682468414307 4.31853580474854 4.32290458679199 4.32322216033936 4.31724452972412 4.32195615768433 4.32370948791504 4.32083654403687 4.31894159317017 4.31912088394165 4.31716680526733 4.31379318237305 4.31249618530273 4.31504154205322 4.32049512863159 4.32399129867554 4.32248497009277 4.31766414642334 4.31538772583008 4.31511259078979 4.3181095123291 4.32207107543945 4.32390308380127 4.33048629760742 4.33626461029053 4.33395624160767 4.33393859863281 4.33952522277832 4.34819173812866 4.35097599029541 4.34543371200562 4.33996105194092 4.33524465560913 4.33555507659912 4.34132099151611 4.33864688873291 4.31040620803833 4.31331539154053 4.31550645828247 4.31823253631592
4.36778402328491 4.3694281578064 4.37275362014771 4.36283206939697 4.33144092559814 4.31488037109375 4.30625867843628 4.31144618988037 4.3220009803772 4.32454442977905 4.32690048217773 4.32866048812866 4.32704925537109 4.32447957992554 4.32726764678955 4.32514762878418 4.32331037521362 4.32290267944336 4.32205677032471 4.32004690170288 4.31638526916504 4.31136226654053 4.30954790115356 4.3102126121521 4.31041955947876 4.30911827087402 4.30874586105347 4.31239700317383 4.31746292114258 4.32096815109253 4.32217788696289 4.32217884063721 4.32410287857056 4.32604885101318 4.33873844146729 4.34866523742676 4.35061550140381 4.34179592132568 4.33462572097778 4.32422018051147 4.31905460357666 4.33214426040649 4.32290124893188 4.30106210708618 4.30887031555176 4.31805276870728 4.32501173019409
