Ecospace-environmental-drivers/Outputs/ASCII-for-ecospace/Temp-bot/Temp-bot_X2010.02.asc
NCOLS 131 
NROWS 53 
XLLCORNER -98 
YLLCORNER 23.9265270233154 
CELLSIZE 0.133587792515755 
NODATA_value -3.4e+38 
[rows 21 to 41 of 53, columns 0 to 46 of 131]
-3.4e+38 -3.4e+38 -3.4e+38 -3.4e+38 -3.4e+38 -3.4e+38 13.4714574813843 13.3816041946411 13.4861221313477 13.3037929534912 13.5563545227051 14.1774845123291 15.0030317306519 15.6236295700073 16.1544857025146 16.6832733154297 17.1578807830811 17.5881824493408 17.9783401489258 18.3044013977051 18.5367527008057 18.6756420135498 18.7499446868896 18.7613162994385 18.736141204834 18.6492595672607 18.5904293060303 18.5363388061523 18.391284942627 18.1801948547363 18.3685913085938 18.4627666473389 18.4525260925293 18.516056060791 18.5912647247314 18.7559757232666 18.873592376709 18.9551696777344 18.9551334381104 18.8308258056641 18.6623573303223 18.7807483673096 18.6826553344727 18.6939353942871 18.6727657318115 18.6176166534424 18.3590240478516
-3.4e+38 -3.4e+38 -3.4e+38 -3.4e+38 -3.4e+38 -3.4e+38 13.4599657058716 13.5728034973145 13.3816041946411 13.772970199585 14.5558462142944 15.4968585968018 16.3558673858643 17.055685043335 17.5676040649414 17.8964157104492 18.096529006958 18.2981624603271 18.4903125762939 18.6160850524902 18.5712757110596 18.3774681091309 18.2606163024902 18.2476673126221 18.2716217041016 18.3853015899658 18.2649917602539 18.3255233764648 18.5135498046875 18.6434192657471 18.6618366241455 18.6181259155273 18.6764659881592 18.3218479156494 17.9746608734131 18.0600547790527 17.926570892334 17.8336238861084 17.5271663665771 16.6469440460205 16.8758430480957 17.1512069702148 16.2142276763916 16.7870006561279 17.2322082519531 17.2001686096191 17.0325088500977
-3.4e+38 -3.4e+38 -3.4e+38 -3.4e+38 13.644570350647 13.5538167953491 13.6136445999146 13.4599657058716 13.8768405914307 14.7256736755371 15.7901468276978 16.8251800537109 17.6336879730225 18.1104469299316 18.3482971191406 18.4574165344238 18.4531230926514 18.4433288574219 18.5439586639404 18.181770324707 16.6768264770508 15.1704111099243 14.4117527008057 13.6028118133545 14.275918006897 13.6189737319946 14.0146131515503 14.9243259429932 16.2493476867676 15.9141368865967 16.9370632171631 17.200813293457 17.1583976745605 16.0940093994141 16.7858810424805 16.3758716583252 15.4066677093506 15.3771991729736 13.9755706787109 11.175817489624 11.8321542739868 11.5757761001587 13.6041250228882 12.2051038742065 13.2525939941406 13.7137241363525 14.1890830993652
-3.4e+38 -3.4e+38 -3.4e+38 -3.4e+38 13.7204494476318 13.6594438552856 13.5538167953491 13.8271503448486 14.7168655395508 15.8236227035522 16.9622650146484 17.7433624267578 18.1523303985596 18.4636383056641 18.775426864624 19.0315055847168 18.5140819549561 15.6734437942505 14.5003423690796 12.2327013015747 10.0711402893066 8.87205123901367 9.30597305297852 9.40627765655518 9.97517490386963 9.91496562957764 10.4528303146362 9.97836685180664 10.6094446182251 10.2341833114624 10.872989654541 12.6457176208496 13.3626985549927 13.8931217193604 14.7328329086304 14.0232315063477 14.5328187942505 13.2057762145996 10.7554683685303 7.9501633644104 8.32421970367432 8.97407054901123 9.34547138214111 8.53799533843994 8.0329704284668 8.55031299591064 7.61540174484253
-3.4e+38 -3.4e+38 -3.4e+38 -3.4e+38 -3.4e+38 13.7204494476318 13.704065322876 14.4947557449341 15.5847845077515 16.7959461212158 17.6293792724609 18.0218830108643 18.3833827972412 18.5926609039307 17.8988780975342 15.6000213623047 11.6718711853027 8.64718341827393 8.20997333526611 7.28118658065796 6.35467720031738 6.14089155197144 6.49242782592773 6.68740224838257 7.29019117355347 6.75923871994019 6.84366655349731 6.89148950576782 6.48623275756836 6.49371290206909 6.67933130264282 7.84411525726318 8.66373634338379 10.8407402038574 10.6492891311646 11.052077293396 10.2810249328613 8.42722415924072 6.2838134765625 6.06744337081909 6.68215274810791 6.76545095443726 6.23258256912231 6.14163684844971 5.87801551818848 6.24831676483154 6.06054306030273
-3.4e+38 -3.4e+38 -3.4e+38 -3.4e+38 -3.4e+38 13.7858448028564 14.1261301040649 15.1390800476074 16.3236141204834 17.3319683074951 17.715705871582 18.2536506652832 18.6150932312012 16.5730133056641 13.9055957794189 11.2696371078491 7.86162948608398 6.24531221389771 6.03881978988647 5.54967355728149 5.30987977981567 5.33409833908081 5.41236066818237 5.71555757522583 5.44877195358276 5.52080821990967 5.39801073074341 5.31436157226562 5.50302982330322 5.41736030578613 5.64197874069214 6.23436212539673 7.146240234375 7.76398897171021 6.93128204345703 7.32204818725586 6.74491691589355 5.77995729446411 5.56769418716431 5.32870960235596 5.58081579208374 5.34238576889038 5.55385971069336 5.59709358215332 5.63492393493652 5.73852348327637 5.15819931030273
-3.4e+38 -3.4e+38 14.5737018585205 14.5221920013428 14.1532440185547 13.8834190368652 14.5682134628296 15.6297101974487 16.7617454528809 17.4413471221924 18.0168800354004 18.6386489868164 16.8546409606934 13.6899995803833 10.3346757888794 8.925124168396 6.57878684997559 5.37294769287109 5.07156944274902 5.06255197525024 5.137535572052 5.12768936157227 5.1787281036377 5.2300705909729 5.21300745010376 5.24410533905029 4.99269866943359 4.92313671112061 5.00297737121582 5.20852565765381 5.52395248413086 5.76606130599976 5.92368745803833 5.9676513671875 5.94516801834106 5.72228240966797 5.65606737136841 5.53481006622314 5.33712339401245 5.13101434707642 5.09629821777344 5.06080293655396 4.971116065979 4.90771961212158 5.05561494827271 5.06885290145874 4.78576421737671
-339999999999999996128486808808066248288.000000000000000 -3.4e+38 -3.4e+38 -3.4e+38 14.4706830978394 14.0525712966919 14.8828687667847 15.924596786499 16.9561042785645 17.4622745513916 18.5443058013916 17.7686557769775 14.090648651123 10.5293006896973 8.84483814239502 7.35154390335083 5.61392736434937 5.15015172958374 5.00293779373169 4.98144960403442 5.07954740524292 5.04804563522339 5.07414102554321 5.13518762588501 5.23882579803467 5.25083827972412 4.99047899246216 5.12858295440674 4.85884284973145 5.070556640625 5.27750301361084 5.3417706489563 5.57762479782104 5.61875438690186 5.55986642837524 5.38340997695923 5.29772996902466 5.10991907119751 5.05250644683838 4.90043020248413 4.78770160675049 4.73905849456787 4.61916303634644 4.55553674697876 4.56870985031128 4.58955764770508 4.58894157409668
-3.4e+38 -3.4e+38 -3.4e+38 -3.4e+38 14.3593893051147 14.1756610870361 15.027458190918 16.0512943267822 16.9507312774658 17.6736698150635 18.6159744262695 16.3078002929688 11.8397302627563 8.87735939025879 6.97722625732422 6.05357456207275 5.65146970748901 5.25363397598267 4.98432683944702 5.01181697845459 4.85009050369263 4.693519115448 4.70104217529297 4.75020980834961 4.76947450637817 4.97586536407471 4.74006319046021 4.71212148666382 4.46814870834351 5.15053796768188 5.2335958480835 5.2340612411499 5.00765895843506 5.07762956619263 5.05800104141235 4.74986219406128 4.81768846511841 4.81074380874634 4.72252655029297 4.63554811477661 4.57398891448975 4.50088357925415 4.4292516708374 4.40072631835938 4.42257165908813 4.41781759262085 4.37258434295654
-3.4e+38 -3.4e+38 -3.4e+38 -3.4e+38 14.39501953125 14.2143087387085 14.9740695953369 15.9972372055054 16.8674068450928 17.6626014709473 18.4283924102783 14.4919052124023 9.67204570770264 7.81811189651489 6.09984445571899 5.62787294387817 5.25065851211548 5.04743337631226 4.64360666275024 4.63690328598022 4.53756141662598 4.59395265579224 4.68475484848022 4.71352767944336 4.52349376678467 4.7142653465271 4.96138954162598 4.21468448638916 4.24020671844482 4.68813991546631 5.23398303985596 4.87414836883545 4.75113868713379 4.7766375541687 4.71360969543457 4.63668346405029 4.63108491897583 4.64365339279175 4.55340671539307 4.49408769607544 4.44843053817749 4.38803339004517 4.32052040100098 4.31339693069458 4.32938766479492 4.32412433624268 4.31210327148438
-3.4e+38 -3.4e+38 -3.4e+38 -3.4e+38 15.2593336105347 14.2636022567749 14.7957963943481 15.7493200302124 16.6340141296387 17.337028503418 18.0413646697998 14.3642530441284 9.23712921142578 7.31593751907349 5.8499116897583 4.99482440948486 4.79054069519043 4.717942237854 4.57675695419312 4.44821977615356 4.34742641448975 4.35553789138794 4.57567977905273 4.63192415237427 4.6032133102417 4.70515632629395 5.13222694396973 4.99128770828247 4.48192453384399 4.68052244186401 4.57243013381958 4.4477219581604 4.49837112426758 4.48608779907227 4.52980089187622 4.50145196914673 4.53729724884033 4.46133089065552 4.39092016220093 4.29472351074219 4.28879117965698 4.26620531082153 4.26264572143555 4.26492261886597 4.27227210998535 4.28238964080811 4.28419876098633
-3.4e+38 -3.4e+38 -3.4e+38 -3.4e+38 15.3700408935547 14.5218963623047 14.5256023406982 15.4171276092529 16.2061367034912 16.8863391876221 17.5743713378906 16.2507266998291 9.99714279174805 6.87563037872314 5.60969257354736 4.82122945785522 4.57590866088867 4.54271030426025 4.50145053863525 4.34603834152222 4.30196666717529 4.30141496658325 4.31598806381226 4.34671878814697 4.61813163757324 4.62247276306152 4.6532244682312 4.63750314712524 4.58430051803589 4.55680847167969 4.408775806427 4.44264602661133 4.43973207473755 4.37216758728027 4.31946134567261 4.33810901641846 4.31670570373535 4.26943778991699 4.26104497909546 4.25521230697632 4.25575590133667 4.26844644546509 4.35339832305908 4.28570175170898 4.28467464447021 4.28842353820801 4.29484701156616
-3.4e+38 -3.4e+38 -3.4e+38 -3.4e+38 15.4169521331787 15.0210247039795 14.4981727600098 15.0748376846313 15.7761735916138 16.410572052002 17.0400085449219 17.3048343658447 12.0655612945557 6.69490671157837 5.23967313766479 4.81241178512573 4.60204267501831 4.52877187728882 4.42903280258179 4.29781198501587 4.27483081817627 4.27405452728271 4.273277759552 4.2933783531189 4.35719871520996 4.32677412033081 4.31953096389771 4.29624271392822 4.27891111373901 4.31693172454834 4.30008506774902 4.348792552948 4.30710649490356 4.277756690979 4.26657915115356 4.27472162246704 4.27165460586548 4.26760768890381 4.26485204696655 4.30169010162354 4.26337051391602 4.29046440124512 4.31884145736694 4.30326223373413 4.2933030128479 4.28602600097656 4.29820680618286
-3.4e+38 -3.4e+38 -3.4e+38 -3.4e+38 -3.4e+38 15.0346736907959 14.740478515625 14.8987712860107 15.5653162002563 16.1824531555176 16.7062110900879 17.1757278442383 14.8009719848633 6.94770622253418 5.27469539642334 4.8027491569519 4.64196491241455 4.53307247161865 4.41962051391602 4.27768754959106 4.27432775497437 4.27214908599854 4.26722478866577 4.27214860916138 4.28641748428345 4.29910898208618 4.2761287689209 4.25495672225952 4.26533508300781 4.26848840713501 4.27085542678833 4.26898384094238 4.27009439468384 4.27556610107422 4.29505157470703 4.26729106903076 4.25927829742432 4.26063823699951 4.26317167282104 4.26184892654419 4.28685522079468 4.31065797805786 4.29167175292969 4.28371000289917 4.28631496429443 4.28987741470337 4.28895282745361
-3.4e+38 -3.4e+38 -3.4e+38 -3.4e+38 -3.4e+38 16.0187339782715 15.0606327056885 14.9521732330322 15.5172119140625 16.1318283081055 16.6535682678223 17.2686824798584 15.156774520874 7.23597764968872 5.41035747528076 4.80455684661865 4.73291301727295 4.5570592880249 4.42174339294434 4.26544284820557 4.26413249969482 4.26950311660767 4.28370332717896 4.28038930892944 4.297287940979 4.35100173950195 4.31649875640869 4.29420042037964 4.29563283920288 4.26701784133911 4.25748538970947 4.25904560089111 4.26069402694702 4.26583623886108 4.33606004714966 4.31671762466431 4.27592372894287 4.26308965682983 4.26640558242798 4.2692813873291 4.2728419303894 4.29023885726929 4.28245306015015 4.28085994720459 4.2788200378418 4.27827262878418 4.2810525894165
-3.4e+38 -3.4e+38 -3.4e+38 -3.4e+38 -3.4e+38 16.2339744567871 15.2855854034424 15.1429767608643 15.6120109558105 16.1995143890381 17.0746688842773 17.8827362060547 13.9478960037231 6.80823564529419 5.20678043365479 4.84100532531738 4.83060264587402 4.71396589279175 4.38683080673218 4.26686382293701 4.26766872406006 4.27899312973022 4.27807807922363 4.30459928512573 4.32467365264893 4.31493759155273 4.31043243408203 4.31114387512207 4.30579996109009 4.32802057266235 4.33349561691284 4.33425903320312 4.32072067260742 4.31793260574341 4.3495831489563 4.32178354263306 4.29651975631714 4.28448534011841 4.29125738143921 4.28155136108398 4.28141593933105 4.28016042709351 4.2778172492981 4.27528810501099 4.27553224563599 4.27678632736206 4.28366136550903
-3.4e+38 -3.4e+38 -3.4e+38 -3.4e+38 -3.4e+38 -3.4e+38 15.3344011306763 15.2986078262329 15.835618019104 16.6820335388184 17.8499393463135 18.4891757965088 14.4417390823364 7.30517387390137 5.28707218170166 4.9194803237915 5.05789089202881 4.79290056228638 4.39283609390259 4.2762017250061 4.26655626296997 4.28052711486816 4.28984355926514 4.30999279022217 4.34548854827881 4.34140014648438 4.31811380386353 4.34887218475342 4.37096452713013 4.37050914764404 4.37209177017212 4.37171840667725 4.37428855895996 4.38857269287109 4.38911533355713 4.37012672424316 4.35660839080811 4.31919240951538 4.29254102706909 4.28018093109131 4.27456188201904 4.27489233016968 4.27496862411499 4.27772903442383 4.28167819976807 4.27540016174316 4.27348661422729
-3.4e+38 -3.4e+38 -3.4e+38 -3.4e+38 -3.4e+38 -3.4e+38 15.4575672149658 15.4883394241333 16.2094116210938 17.4328517913818 18.559175491333 18.8436965942383 13.4031744003296 7.57864189147949 5.56131792068481 5.13805246353149 5.24576473236084 4.91040468215942 4.41996383666992 4.27901124954224 4.27615928649902 4.28850603103638 4.30723142623901 4.33139085769653 4.36486959457397 4.36546325683594 4.36418342590332 4.36505746841431 4.36591911315918 4.36651706695557 4.36788988113403 4.36955976486206 4.36936569213867 4.36856698989868 4.3700156211853 4.37138271331787 4.37085437774658 4.36764860153198 4.36448574066162 4.33399677276611 4.30042409896851 4.29044389724731 4.28891849517822 4.29588651657104 4.29619121551514 4.29437160491943 4.28436946868896
-3.4e+38 -3.4e+38 -3.4e+38 -3.4e+38 -3.4e+38 -3.4e+38 15.5939645767212 15.8060817718506 16.7850360870361 18.1619930267334 19.0573348999023 18.6766052246094 12.9432029724121 6.79841232299805 5.38671159744263 4.90395069122314 5.10110282897949 4.79672336578369 4.43290090560913 4.2963171005249 4.29587268829346 4.30834054946899 4.34385204315186 4.35995483398438 4.37067985534668 4.37250375747681 4.3723521232605 4.37290477752686 4.37414884567261 4.3751916885376 4.37598848342896 4.37633180618286 4.37596654891968 4.37521314620972 4.3747181892395 4.37626314163208 4.37616777420044 4.37345504760742 4.36949014663696 4.36696434020996 4.36354112625122 4.35421943664551 4.34181451797485 4.31363868713379 4.32366132736206 4.34645462036133 4.3457670211792
-3.4e+38 -3.4e+38 -3.4e+38 -3.4e+38 -3.4e+38 15.9116477966309 15.566520690918 16.269847869873 17.5339736938477 18.7119159698486 19.1746253967285 18.1050968170166 11.5718488693237 6.09613275527954 5.00994443893433 4.79241323471069 4.84064388275146 4.73496961593628 4.42701768875122 4.30567932128906 4.29374313354492 4.34679985046387 4.36935710906982 4.37581729888916 4.37934589385986 4.3808970451355 4.38200855255127 4.38315439224243 4.38444805145264 4.38499402999878 4.38522100448608 4.38466119766235 4.38343334197998 4.38321590423584 4.38227033615112 4.3826208114624 4.38203907012939 4.3791618347168 4.37566757202148 4.37311697006226 4.37022304534912 4.36631488800049 4.36105585098267 4.35743379592896 4.35865068435669 4.36226892471313 4.363853931427
-3.4e+38 -3.4e+38 -3.4e+38 -3.4e+38 16.143253326416 15.8573627471924 15.7021484375 16.909875869751 18.1944885253906 19.0073928833008 18.9432067871094 16.3173942565918 9.60912418365479 5.59692907333374 4.95405530929565 4.8315258026123 4.7683048248291 4.5822868347168 4.34366083145142 4.28827905654907 4.32948207855225 4.36971950531006 4.37923097610474 4.38635969161987 4.38906383514404 4.38994169235229 4.38999605178833 4.38824033737183 4.39002227783203 4.39254331588745 4.39452648162842 4.39374971389771 4.39138317108154 4.39050769805908 4.39056158065796 4.39039754867554 4.38904094696045 4.38665103912354 4.38335990905762 4.37983751296997 4.37575435638428 4.3713321685791 4.36632871627808 4.36416101455688 4.36318159103394 4.36257791519165 4.36464262008667
