Ecospace-environmental-drivers/Outputs/ASCII-for-ecospace/Temp-bot/Temp-bot_X2012.05.asc
NCOLS 131 
NROWS 53 
XLLCORNER -98 
YLLCORNER 23.9265270233154 
CELLSIZE 0.133587792515755 
NODATA_value -3.4e+38 
[rows 21 to 41 of 53, columns 47 to 93 of 131]
19.0844078063965 19.0142726898193 19.0550880432129 19.1355571746826 19.2502784729004 19.3718318939209 18.6501884460449 18.5416507720947 18.3150196075439 16.9876251220703 14.7546730041504 13.7454290390015 11.8232793807983 9.45989799499512 7.89392614364624 6.21610164642334 5.18113040924072 4.95496797561646 5.05079698562622 4.93455934524536 4.49621677398682 4.36472415924072 4.30227565765381 4.29296159744263 4.28624725341797 4.27950811386108 4.28237962722778 4.28205347061157 4.2856969833374 4.29025602340698 4.28649950027466 4.28631591796875 4.28967380523682 4.29190921783447 4.29212331771851 4.29189968109131 4.28755950927734 4.33755731582642 4.72569131851196 5.11220216751099 5.34380626678467 5.62458753585815 6.11020469665527 6.83305931091309 7.81705856323242 9.11746978759766 10.5557632446289
16.9236717224121 16.3277721405029 16.2239265441895 16.2541427612305 16.8364601135254 15.9689540863037 13.2172298431396 14.1691522598267 12.5516376495361 10.2509298324585 9.27040958404541 8.5796070098877 8.23421669006348 7.11669778823853 6.26024436950684 5.95068693161011 5.0839376449585 4.87399911880493 4.60784149169922 4.65957450866699 4.44713878631592 4.33244466781616 4.29352855682373 4.28033828735352 4.27431058883667 4.27653360366821 4.2867283821106 4.28779935836792 4.28818273544312 4.28566837310791 4.28617906570435 4.28683805465698 4.29092264175415 4.29342603683472 4.29339599609375 4.29452848434448 4.29644298553467 4.29806900024414 4.29060554504395 4.26297950744629 4.37815761566162 4.53746175765991 4.83524322509766 5.34895753860474 6.08205652236938 6.59319686889648 7.91669178009033
11.9002981185913 11.6261177062988 12.0966911315918 11.3969783782959 10.6304950714111 9.51779651641846 9.53690719604492 7.94727993011475 6.68094253540039 6.3430495262146 6.38492012023926 6.78201818466187 6.14396524429321 5.71182060241699 5.27197933197021 5.07260036468506 4.88411045074463 4.65205669403076 4.44196748733521 4.41760778427124 4.40335988998413 4.34408521652222 4.29224586486816 4.27336645126343 4.27508544921875 4.27981853485107 4.28695011138916 4.2960991859436 4.29397869110107 4.28451538085938 4.28775691986084 4.29664421081543 4.2998104095459 4.29886102676392 4.29775857925415 4.29722785949707 4.29706144332886 4.30329561233521 4.33243703842163 4.332923412323 4.32979869842529 4.32734727859497 4.29508399963379 4.38783979415894 4.85307216644287 5.61389970779419 6.32198667526245
7.5353798866272 7.58199405670166 7.01079225540161 7.42981243133545 7.13342952728271 6.51943922042847 6.07558012008667 5.62564277648926 5.27544403076172 5.48635625839233 5.46830558776855 5.6218638420105 5.19777488708496 5.04566669464111 4.92290639877319 4.82356643676758 4.58762454986572 4.48423480987549 4.39669990539551 4.35252237319946 4.32601928710938 4.31045722961426 4.29320955276489 4.27648830413818 4.27856492996216 4.28911447525024 4.29236507415771 4.29631662368774 4.28790521621704 4.28461408615112 4.29376935958862 4.29976081848145 4.30081462860107 4.30069255828857 4.32291746139526 4.32966995239258 4.33461713790894 4.33193731307983 4.33489894866943 4.3359227180481 4.33948993682861 4.34183168411255 4.34099245071411 4.32484436035156 4.30541563034058 4.65565013885498 5.44909286499023
5.72123765945435 5.53502035140991 5.4614372253418 5.35395622253418 5.13321685791016 5.35992670059204 5.01509094238281 5.12625503540039 4.93646812438965 4.92535209655762 4.89390707015991 4.91072034835815 4.88151884078979 4.81116199493408 4.76602649688721 4.56290197372437 4.35170841217041 4.32164335250854 4.32452487945557 4.30917406082153 4.29521179199219 4.28668308258057 4.283043384552 4.28192901611328 4.27991962432861 4.28433847427368 4.29060363769531 4.29058933258057 4.28858852386475 4.2916955947876 4.29409980773926 4.29880666732788 4.30004215240479 4.3100061416626 4.33960819244385 4.34045457839966 4.33887577056885 4.33795738220215 4.3373851776123 4.33699989318848 4.3384747505188 4.34118795394897 4.34226942062378 4.34223318099976 4.33826351165771 4.29314994812012 4.67104196548462
4.91881799697876 5.01258516311646 4.99997234344482 4.53763628005981 4.5348949432373 4.75472354888916 4.78713989257812 4.68249034881592 4.78010511398315 4.70908641815186 4.77282381057739 4.75601577758789 4.78273057937622 4.57297134399414 4.40011262893677 4.31678628921509 4.28824186325073 4.28004217147827 4.28638982772827 4.29314279556274 4.27881574630737 4.27390241622925 4.26045036315918 4.2637414932251 4.26988649368286 4.2782506942749 4.28499841690063 4.28728723526001 4.28946161270142 4.29221773147583 4.29739236831665 4.29987812042236 4.30256509780884 4.33286142349243 4.34636831283569 4.34286832809448 4.33851623535156 4.33770513534546 4.33802223205566 4.33939933776855 4.33833360671997 4.33806991577148 4.34010791778564 4.34153318405151 4.34298706054688 4.3382453918457 4.31357288360596
4.49855995178223 4.54356575012207 4.40829133987427 4.33796215057373 4.36584663391113 4.42582702636719 4.46856212615967 4.57964468002319 4.60341453552246 4.46983432769775 4.47289752960205 4.45568227767944 4.43005418777466 4.37250947952271 4.28661394119263 4.27000570297241 4.24967193603516 4.24733781814575 4.26014995574951 4.27249765396118 4.27767562866211 4.25482845306396 4.26023149490356 4.26844596862793 4.27205657958984 4.27636003494263 4.28163194656372 4.2872748374939 4.29105234146118 4.29466390609741 4.29876089096069 4.30165529251099 4.30315542221069 4.30388784408569 4.31770849227905 4.34165000915527 4.33822822570801 4.33734941482544 4.33849048614502 4.33956956863403 4.3396315574646 4.33931636810303 4.33922481536865 4.34018754959106 4.34245681762695 4.34367609024048 4.31105613708496
4.39482927322388 4.34603023529053 4.30564546585083 4.31850337982178 4.34810161590576 4.3254976272583 4.33270025253296 4.37574005126953 4.36218357086182 4.38235521316528 4.37613248825073 4.32931280136108 4.2768406867981 4.26135063171387 4.25131368637085 4.25286817550659 4.25459480285645 4.25354242324829 4.25001001358032 4.24847459793091 4.24650716781616 4.24892425537109 4.25972461700439 4.26964521408081 4.27566480636597 4.2794976234436 4.29192113876343 4.29025650024414 4.2949070930481 4.29886531829834 4.30132484436035 4.303138256073 4.30337333679199 4.30402612686157 4.31635427474976 4.32064867019653 4.33884048461914 4.33890819549561 4.33913373947144 4.33951950073242 4.34062576293945 4.34101057052612 4.3414740562439 4.34143924713135 4.34146928787231 4.34381341934204 4.33627700805664
4.30461311340332 4.297043800354 4.29000329971313 4.29306888580322 4.29474067687988 4.2907919883728 4.29073667526245 4.29215335845947 4.29092502593994 4.30612087249756 4.27032089233398 4.26142311096191 4.25879907608032 4.25575590133667 4.25616073608398 4.25709438323975 4.26072311401367 4.26239490509033 4.26034259796143 4.25499868392944 4.25026035308838 4.24861574172974 4.25614166259766 4.26764154434204 4.28055286407471 4.28308773040771 4.28799295425415 4.29479885101318 4.30028486251831 4.30244112014771 4.30299949645996 4.30331420898438 4.30387449264526 4.30416679382324 4.30543422698975 4.30691003799438 4.33351564407349 4.33906364440918 4.34021902084351 4.34197044372559 4.34288692474365 4.34239768981934 4.34232378005981 4.34208869934082 4.34236860275269 4.3447265625 4.34422016143799
4.29572916030884 4.29249048233032 4.29579877853394 4.28782558441162 4.29722023010254 4.29192352294922 4.28587913513184 4.28499221801758 4.2823224067688 4.26717185974121 4.26203107833862 4.26584482192993 4.26781177520752 4.26255655288696 4.26285171508789 4.26360321044922 4.26976633071899 4.27176475524902 4.27321338653564 4.26889896392822 4.2578592300415 4.25367069244385 4.25751733779907 4.26652336120605 4.28018379211426 4.28442668914795 4.29256820678711 4.29933929443359 4.3025598526001 4.30271816253662 4.30445051193237 4.30507278442383 4.3038501739502 4.30368089675903 4.30504322052002 4.30701065063477 4.32705593109131 4.33795404434204 4.34085512161255 4.34273386001587 4.34360885620117 4.34305143356323 4.34292554855347 4.34354209899902 4.34513902664185 4.34505271911621 4.34364557266235
4.30044460296631 4.29609251022339 4.29897880554199 4.28479719161987 4.28592777252197 4.27689170837402 4.28315877914429 4.30026865005493 4.29877805709839 4.26646184921265 4.27158403396606 4.27185392379761 4.27632713317871 4.27374172210693 4.27335357666016 4.2747368812561 4.27783060073853 4.28083992004395 4.2777795791626 4.27523422241211 4.27314472198486 4.26134586334229 4.26160669326782 4.26625967025757 4.2762622833252 4.28436756134033 4.29363775253296 4.30041933059692 4.30264616012573 4.30276966094971 4.30376243591309 4.30467939376831 4.30385971069336 4.30319213867188 4.30434656143188 4.3068585395813 4.33096075057983 4.33912944793701 4.34117078781128 4.34190845489502 4.3424711227417 4.34303569793701 4.34363079071045 4.34548282623291 4.34753704071045 4.34615182876587 4.34511756896973
4.29329967498779 4.29295349121094 4.29649925231934 4.27746200561523 4.26557302474976 4.25438928604126 4.25731182098389 4.2636342048645 4.26932573318481 4.27406215667725 4.27691841125488 4.28004264831543 4.28255605697632 4.28191804885864 4.28390264511108 4.28521680831909 4.28568744659424 4.28608560562134 4.28534173965454 4.281005859375 4.27680778503418 4.27704906463623 4.26605558395386 4.26777839660645 4.27347421646118 4.28158712387085 4.29070234298706 4.29721164703369 4.2999415397644 4.30178022384644 4.30271339416504 4.30332326889038 4.30264854431152 4.30372905731201 4.30546522140503 4.30706167221069 4.33240175247192 4.33869934082031 4.33859014511108 4.33923864364624 4.34024429321289 4.34141111373901 4.34297657012939 4.34388732910156 4.34427309036255 4.34272813796997 4.34282636642456
4.27337074279785 4.27325963973999 4.27128648757935 4.2660927772522 4.26332426071167 4.25603342056274 4.26133394241333 4.26938915252686 4.280433177948 4.28278779983521 4.28513669967651 4.28523111343384 4.2843804359436 4.28413820266724 4.28510856628418 4.28666019439697 4.28610372543335 4.28622388839722 4.28829669952393 4.28959703445435 4.28985261917114 4.28618240356445 4.28328657150269 4.28345680236816 4.28314876556396 4.28500843048096 4.29243898391724 4.2986798286438 4.2983512878418 4.30079650878906 4.30196332931519 4.3028416633606 4.30377531051636 4.30453252792358 4.3048620223999 4.31792163848877 4.33943223953247 4.33799743652344 4.33812475204468 4.34080696105957 4.34219837188721 4.34192848205566 4.34227848052979 4.34196281433105 4.34066247940063 4.34076690673828 4.34103727340698
4.2642388343811 4.26504039764404 4.26361608505249 4.26087856292725 4.25928831100464 4.25980663299561 4.28181838989258 4.28630781173706 4.2853045463562 4.29299163818359 4.32250833511353 4.33401250839233 4.3195424079895 4.32785940170288 4.32328701019287 4.30389213562012 4.29311943054199 4.28691530227661 4.28904151916504 4.29348564147949 4.29641437530518 4.29327917098999 4.29246282577515 4.28845357894897 4.29079246520996 4.29493188858032 4.2977557182312 4.2996711730957 4.30030298233032 4.30120515823364 4.30188322067261 4.30441665649414 4.31339645385742 4.3234806060791 4.33417892456055 4.33693504333496 4.3384861946106 4.3393874168396 4.34089708328247 4.34190845489502 4.34376049041748 4.34362030029297 4.34075689315796 4.33953714370728 4.33989286422729 4.33995151519775 4.33870649337769
4.2611870765686 4.2625617980957 4.26051616668701 4.25900411605835 4.26088237762451 4.27076530456543 4.32063055038452 4.33264255523682 4.33170795440674 4.33932542800903 4.34601306915283 4.34466505050659 4.33984994888306 4.33777952194214 4.33413505554199 4.33151817321777 4.32915639877319 4.32638311386108 4.31012535095215 4.29302167892456 4.29786539077759 4.30001068115234 4.29974794387817 4.2987961769104 4.29953002929688 4.30156135559082 4.30143928527832 4.30137777328491 4.30115556716919 4.30119228363037 4.31380224227905 4.33996772766113 4.34222364425659 4.34123373031616 4.34049797058105 4.33726215362549 4.33334255218506 4.33317232131958 4.33746433258057 4.34011077880859 4.3413028717041 4.34306240081787 4.34271287918091 4.34134149551392 4.34084558486938 4.34082269668579 4.33874797821045
4.26341390609741 4.26394748687744 4.2690372467041 4.27386045455933 4.28266763687134 4.32906770706177 4.35097885131836 4.35184192657471 4.35189771652222 4.35326147079468 4.35434722900391 4.35289001464844 4.34833097457886 4.34129858016968 4.33714866638184 4.33622932434082 4.3355827331543 4.3328332901001 4.32850408554077 4.32065343856812 4.30623722076416 4.29932498931885 4.30167770385742 4.30223512649536 4.30162048339844 4.30085325241089 4.30090379714966 4.30144357681274 4.30320167541504 4.31694030761719 4.33630275726318 4.33919095993042 4.34043550491333 4.34037971496582 4.33964824676514 4.33795547485352 4.335862159729 4.33414506912231 4.33738899230957 4.34076404571533 4.34081363677979 4.34470891952515 4.34775924682617 4.34799718856812 4.34560918807983 4.34471416473389 4.34254503250122
4.26688098907471 4.27145433425903 4.28900766372681 4.33940362930298 4.35406541824341 4.36384057998657 4.36748456954956 4.3655366897583 4.36385154724121 4.36222457885742 4.35871601104736 4.35450553894043 4.34874105453491 4.34226369857788 4.34033536911011 4.34046840667725 4.34048748016357 4.33672857284546 4.33192491531372 4.32887935638428 4.32833528518677 4.32246255874634 4.30985069274902 4.3197340965271 4.31802558898926 4.31240940093994 4.31964778900146 4.32132339477539 4.33113241195679 4.33769941329956 4.33970832824707 4.34031772613525 4.33992624282837 4.3414158821106 4.34125471115112 4.34067821502686 4.34011697769165 4.33977842330933 4.33960819244385 4.33989238739014 4.33979368209839 4.34530639648438 4.34994459152222 4.34836578369141 4.34477806091309 4.34525394439697 4.34334993362427
4.28385400772095 4.29482650756836 4.3432297706604 4.35391426086426 4.35887050628662 4.36785840988159 4.37366914749146 4.37227725982666 4.36974096298218 4.36572551727295 4.35703754425049 4.35131502151489 4.34489727020264 4.342848777771 4.34361457824707 4.34404468536377 4.3430814743042 4.34043979644775 4.33573484420776 4.33361148834229 4.33349657058716 4.33272647857666 4.33162832260132 4.33103609085083 4.32794618606567 4.32839441299438 4.33199167251587 4.33309173583984 4.33572387695312 4.33522176742554 4.33742332458496 4.34163093566895 4.34291172027588 4.34323596954346 4.34326219558716 4.34153509140015 4.3404860496521 4.34148693084717 4.34220600128174 4.33977746963501 4.33861303329468 4.34230518341064 4.34632205963135 4.34414911270142 4.34043025970459 4.34385251998901 4.34222507476807
4.33960914611816 4.35157871246338 4.35524988174438 4.3554573059082 4.35997009277344 4.36823511123657 4.37581872940063 4.37532901763916 4.37311220169067 4.37010478973389 4.36274003982544 4.35356903076172 4.34662580490112 4.34426641464233 4.34380102157593 4.34475231170654 4.3446946144104 4.34326457977295 4.341224193573 4.34007835388184 4.34002447128296 4.33863115310669 4.33710908889771 4.33597326278687 4.33406591415405 4.33288526535034 4.33365964889526 4.33456468582153 4.33561992645264 4.33540725708008 4.33822774887085 4.34053516387939 4.34276437759399 4.34593772888184 4.34727191925049 4.34615421295166 4.34492444992065 4.34329795837402 4.34312391281128 4.33986282348633 4.3379487991333 4.33950424194336 4.3429126739502 4.34231805801392 4.34349155426025 4.34310579299927 4.34158611297607
4.35404253005981 4.35563135147095 4.35723066329956 4.35871934890747 4.36139345169067 4.37061214447021 4.37680864334106 4.3778657913208 4.37656116485596 4.37458324432373 4.37054300308228 4.3620719909668 4.35260677337646 4.34756326675415 4.34598398208618 4.34686851501465 4.34761667251587 4.34814929962158 4.34871196746826 4.34877157211304 4.34875345230103 4.34563779830933 4.34395170211792 4.34313774108887 4.34383773803711 4.34253931045532 4.33910608291626 4.3372483253479 4.3386812210083 4.34198141098022 4.34450817108154 4.3466591835022 4.34833478927612 4.34964227676392 4.34911584854126 4.34809064865112 4.34793329238892 4.34652614593506 4.34401178359985 4.34017896652222 4.33711957931519 4.33702039718628 4.34023904800415 4.34159994125366 4.34234380722046 4.3426570892334 4.34203386306763
4.35692596435547 4.35882568359375 4.36001777648926 4.36279439926147 4.36874675750732 4.37398242950439 4.37765169143677 4.38068246841431 4.38147258758545 4.38027238845825 4.37766599655151 4.37326860427856 4.36594343185425 4.35931730270386 4.35633611679077 4.35572528839111 4.35726451873779 4.35791492462158 4.35805082321167 4.35997009277344 4.3591456413269 4.35504913330078 4.35197877883911 4.35054302215576 4.34978055953979 4.34870100021362 4.34643745422363 4.34129047393799 4.33974456787109 4.34145355224609 4.34467697143555 4.34748840332031 4.34766292572021 4.33985900878906 4.33782720565796 4.34598779678345 4.34784412384033 4.34677219390869 4.34425830841064 4.34078168869019 4.33599281311035 4.33450555801392 4.33731365203857 4.34011125564575 4.34162473678589 4.34199857711792 4.34213066101074
