Ecospace-environmental-drivers/Outputs/ASCII-for-ecospace/Temp-bot/Temp-bot_X2016.08.asc
NCOLS 131 
NROWS 53 
XLLCORNER -98 
YLLCORNER 23.9265270233154 
CELLSIZE 0.133587792515755 
NODATA_value -3.4e+38 
[rows 21 to 41 of 53, columns 0 to 46 of 131]
-3.4e+38 -3.4e+38 -3.4e+38 -3.4e+38 -3.4e+38 -3.4e+38 31.4885501861572 31.5302734375 31.3423824310303 31.4919586181641 30.9233856201172 30.4520225524902 30.1691493988037 30.009428024292 29.8346004486084 29.3833293914795 28.528787612915 27.649866104126 26.8347663879395 25.6833591461182 25.1091747283936 24.8169746398926 24.5924434661865 24.2060165405273 24.1417083740234 23.9766998291016 23.882984161377 23.7334003448486 23.3311176300049 22.48903465271 21.2851982116699 20.9906101226807 20.9321994781494 20.8395824432373 21.141975402832 21.4077014923096 21.6885833740234 21.855188369751 21.9482364654541 22.0870971679688 21.7415866851807 21.5084934234619 21.3787403106689 21.4651985168457 21.6055355072021 21.384298324585 21.286958694458
-3.4e+38 -3.4e+38 -3.4e+38 -3.4e+38 -3.4e+38 -3.4e+38 31.6131992340088 31.3221778869629 31.5302734375 30.7519187927246 30.1590576171875 29.8627071380615 29.5133647918701 28.8593044281006 27.7462043762207 26.5402545928955 25.7729339599609 25.1715431213379 24.3706760406494 23.8948764801025 23.8449974060059 23.6415138244629 23.1445274353027 23.2256546020508 23.2995929718018 23.349292755127 23.2871417999268 23.2097473144531 22.7286720275879 21.5008163452148 20.8956890106201 20.5166187286377 20.3200569152832 20.2884559631348 20.4527549743652 20.3614292144775 20.1877861022949 20.2407932281494 20.2689323425293 20.2580051422119 20.1224975585938 20.1459140777588 20.1248226165771 20.1479682922363 20.1897277832031 20.0933399200439 20.0512237548828
-3.4e+38 -3.4e+38 -3.4e+38 -3.4e+38 31.3978290557861 31.3716812133789 31.117073059082 31.6131992340088 30.8230590820312 30.0328769683838 29.6394729614258 28.3710632324219 27.0196304321289 25.0903778076172 24.5507030487061 23.7122840881348 23.3941879272461 23.3809185028076 23.4323043823242 23.4380683898926 22.7929973602295 21.8688259124756 21.0980205535889 21.5792140960693 21.6774253845215 22.9349327087402 22.7355480194092 21.5102005004883 20.995080947876 20.5336952209473 20.5380821228027 20.03586769104 19.8598575592041 19.7182712554932 19.3001518249512 19.2554626464844 19.1502571105957 19.1011028289795 19.073413848877 18.3214454650879 18.7532749176025 19.0886058807373 18.6306037902832 18.3551006317139 19.0093441009521 19.1186962127686 19.1925201416016
-3.4e+38 -3.4e+38 -3.4e+38 -3.4e+38 31.5083980560303 31.287260055542 31.3193874359131 30.2484474182129 29.8014698028564 29.1041622161865 27.8367309570312 25.699520111084 23.8846092224121 22.6812992095947 22.3636360168457 22.8072357177734 23.2790985107422 23.5149612426758 23.4944705963135 21.4598617553711 19.3330307006836 18.6228141784668 17.9664669036865 17.2106704711914 17.5631675720215 18.2701625823975 17.3068943023682 17.765962600708 18.7180328369141 17.8872337341309 18.5432357788086 18.95947265625 18.7935810089111 17.7170867919922 18.254243850708 17.956937789917 16.7415390014648 16.4984855651855 15.4189033508301 12.509973526001 13.3158130645752 13.8470115661621 15.6673259735107 14.5709810256958 15.2754564285278 16.1296100616455 16.5859184265137
-3.4e+38 -3.4e+38 -3.4e+38 -3.4e+38 -3.4e+38 31.1233863830566 31.0659828186035 29.6795310974121 28.9490528106689 27.2324924468994 25.4151439666748 23.2282161712646 22.0601615905762 21.4325695037842 21.7012786865234 22.3823299407959 22.7849979400635 21.7214756011963 19.718578338623 16.1486129760742 13.8800134658813 11.8679265975952 10.1533031463623 10.6976194381714 10.2482385635376 9.82063388824463 10.1030254364014 11.1249866485596 12.0523366928101 11.5861854553223 13.5428400039673 14.6028575897217 15.0587978363037 14.3402338027954 14.943959236145 14.5064001083374 14.7266283035278 13.9047613143921 12.7847499847412 8.64575290679932 8.77797985076904 9.13086605072021 9.5203857421875 9.47672462463379 9.4041919708252 9.83554172515869 8.76449871063232
-3.4e+38 -3.4e+38 -3.4e+38 -3.4e+38 -3.4e+38 31.1767807006836 29.8246192932129 29.1281814575195 27.3403644561768 25.3960056304932 23.451099395752 22.0357341766357 21.0776443481445 20.4056968688965 19.8079853057861 18.1024379730225 15.3247566223145 11.8257961273193 9.29678153991699 6.99469375610352 6.21167373657227 5.67550230026245 5.73179769515991 6.02770090103149 6.015944480896 5.71981239318848 5.71907567977905 5.76319265365601 6.15822076797485 7.51461029052734 7.30169010162354 8.41443061828613 9.11367988586426 12.221170425415 13.3534479141235 11.9265031814575 12.3466339111328 10.6579532623291 7.14878082275391 6.08493375778198 6.88949346542358 7.27779340744019 6.84450483322144 6.88735008239746 6.02878618240356 6.02502584457397 6.22205352783203
-3.4e+38 -3.4e+38 31.3550071716309 30.9317302703857 30.90452003479 30.3260364532471 29.0958595275879 28.1398468017578 26.0388126373291 24.1483154296875 22.3643932342529 21.1649951934814 20.0910377502441 18.7883224487305 17.4607906341553 14.2330226898193 10.3230047225952 7.66541957855225 5.81301546096802 5.39745616912842 5.12789726257324 5.0135669708252 5.06975364685059 5.06828689575195 5.07535552978516 5.06228685379028 5.11717319488525 5.01205158233643 5.01177644729614 5.36352586746216 5.92091226577759 6.72867345809937 7.15961790084839 8.51046466827393 7.79844188690186 8.35387229919434 7.59664011001587 6.20447111129761 5.60705757141113 5.42958736419678 6.07235336303711 5.58866119384766 5.40253019332886 5.45187377929688 5.64953947067261 5.64522171020508 5.08741617202759
-339999999999999996128486808808066248288.000000000000000 -3.4e+38 -3.4e+38 -3.4e+38 30.5356616973877 29.585880279541 28.6275005340576 26.9838161468506 24.4979648590088 22.556266784668 21.2201442718506 20.1292419433594 18.7413539886475 17.0200462341309 13.6909160614014 9.84630966186523 7.31771802902222 5.71891355514526 5.08835172653198 4.93261814117432 4.80599403381348 4.66725873947144 4.67274808883667 4.7435302734375 4.75565433502197 4.766845703125 4.74708414077759 4.68761968612671 4.58362245559692 4.88999319076538 5.37233352661133 5.92410898208618 6.34483480453491 6.23044681549072 6.21850109100342 5.86321783065796 5.6224045753479 5.52169418334961 5.4424090385437 5.23993253707886 5.28732442855835 5.20250988006592 5.02509164810181 4.93559265136719 5.11966562271118 4.95216083526611 4.50098323822021
-3.4e+38 -3.4e+38 -3.4e+38 -3.4e+38 29.859691619873 29.028787612915 28.0556926727295 26.2142505645752 23.6674137115479 21.8115329742432 20.5604858398438 19.3016834259033 17.236120223999 14.5931310653687 10.6986093521118 8.13309764862061 6.19973611831665 5.2990460395813 4.85313606262207 4.5574107170105 4.54679536819458 4.45310211181641 4.46628379821777 4.46689176559448 4.47001171112061 4.46170282363892 4.48356008529663 4.48290061950684 4.39134883880615 4.55656862258911 5.0338134765625 5.23217439651489 5.4690408706665 5.34994411468506 5.35213136672974 5.15767383575439 5.0622501373291 5.03777265548706 5.03445959091187 4.75461053848267 4.69377517700195 4.67180109024048 4.46281576156616 4.42040491104126 4.42474937438965 4.39286613464355 4.32650852203369
-3.4e+38 -3.4e+38 -3.4e+38 -3.4e+38 29.3374786376953 28.8052921295166 27.6233463287354 25.1036357879639 22.9888134002686 21.3254661560059 20.0023612976074 18.0489959716797 14.8777418136597 11.3508930206299 8.37107467651367 6.32429552078247 5.41516399383545 5.06669759750366 4.62931442260742 4.41499710083008 4.37618160247803 4.31008863449097 4.28238153457642 4.30949831008911 4.3784875869751 4.39918279647827 4.42914867401123 4.39374399185181 4.35622692108154 4.40609979629517 4.75393867492676 5.01706123352051 4.8645224571228 4.90907621383667 4.95996999740601 4.70172023773193 4.63963890075684 4.59815216064453 4.58905839920044 4.55587577819824 4.46647119522095 4.35249662399292 4.28327417373657 4.33437061309814 4.29844617843628 4.2688684463501 4.26426076889038
-3.4e+38 -3.4e+38 -3.4e+38 -3.4e+38 29.4411544799805 28.652042388916 27.269552230835 24.5977993011475 22.5523872375488 20.9103164672852 19.5444297790527 16.3035850524902 13.4906301498413 9.7735710144043 7.06107139587402 5.69667673110962 5.09993314743042 4.8866229057312 4.49102163314819 4.33122873306274 4.23562383651733 4.19601631164551 4.19456958770752 4.21507406234741 4.25430727005005 4.32614946365356 4.41532230377197 4.30093431472778 4.0420618057251 4.24101257324219 4.6060905456543 4.58809661865234 4.57544326782227 4.58438014984131 4.57476043701172 4.54794931411743 4.52182054519653 4.45599985122681 4.44343090057373 4.45131731033325 4.36249589920044 4.30007934570312 4.27021837234497 4.26906728744507 4.25081491470337 4.23030281066895 4.23687601089478
-3.4e+38 -3.4e+38 -3.4e+38 -3.4e+38 29.5561828613281 28.7940902709961 27.4247875213623 24.6287364959717 22.864387512207 20.7096500396729 19.3726215362549 16.6544513702393 13.0034732818604 9.32275676727295 6.29264354705811 5.33612585067749 4.77226686477661 4.52824354171753 4.44242811203003 4.27972888946533 4.1895227432251 4.1374077796936 4.14030981063843 4.1851053237915 4.23351955413818 4.22968864440918 4.29928970336914 4.18027353286743 4.05537462234497 4.3731107711792 4.44875192642212 4.41116905212402 4.45953226089478 4.45716238021851 4.45673990249634 4.44291019439697 4.47333717346191 4.41090106964111 4.33318758010864 4.31228590011597 4.28930950164795 4.22431373596191 4.23827457427979 4.23079013824463 4.22902393341064 4.23576831817627 4.2390308380127
-3.4e+38 -3.4e+38 -3.4e+38 -3.4e+38 29.7115859985352 28.8568248748779 28.1862831115723 26.309928894043 23.2349033355713 21.1294765472412 19.6029319763184 17.3202381134033 13.3627672195435 9.29069137573242 6.00170040130615 4.9735255241394 4.54104232788086 4.41015195846558 4.32702875137329 4.2317419052124 4.17018127441406 4.13865423202515 4.1475715637207 4.14775705337524 4.15923261642456 4.17477941513062 4.25591421127319 4.27649068832397 4.2988429069519 4.35708713531494 4.36078071594238 4.34551286697388 4.39719247817993 4.36649513244629 4.2338604927063 4.25793075561523 4.2604832649231 4.28143930435181 4.25072145462036 4.26940059661865 4.26963329315186 4.25621652603149 4.24672508239746 4.23194599151611 4.23245668411255 4.23279619216919 4.23349094390869
-3.4e+38 -3.4e+38 -3.4e+38 -3.4e+38 -3.4e+38 29.4664745330811 28.3974800109863 27.2439384460449 25.2438182830811 22.7170829772949 20.4214687347412 18.6589241027832 14.8053827285767 9.12350463867188 5.97634601593018 4.86036396026611 4.5803370475769 4.37326240539551 4.2614951133728 4.15703964233398 4.12564611434937 4.13127660751343 4.14502000808716 4.1306619644165 4.12976694107056 4.15145015716553 4.19655895233154 4.22090864181519 4.26968336105347 4.27832174301147 4.2623119354248 4.28537940979004 4.29382419586182 4.27096223831177 4.18999528884888 4.19483947753906 4.22261333465576 4.2177038192749 4.25181293487549 4.2710485458374 4.23716163635254 4.22682571411133 4.22421598434448 4.21314287185669 4.2124924659729 4.21828126907349 4.22096872329712
-3.4e+38 -3.4e+38 -3.4e+38 -3.4e+38 -3.4e+38 29.5898761749268 28.5749168395996 27.8101787567139 26.7624073028564 25.3311004638672 22.37770652771 20.2036018371582 14.944260597229 9.72253704071045 6.04449415206909 5.01993370056152 4.61905908584595 4.36983680725098 4.2094931602478 4.13460254669189 4.11503076553345 4.12399053573608 4.15307092666626 4.07609987258911 4.12023735046387 4.15871953964233 4.15752696990967 4.19556999206543 4.22116851806641 4.22941732406616 4.20127105712891 4.20523071289062 4.22400522232056 4.23673486709595 4.18003940582275 4.17883110046387 4.193528175354 4.21164131164551 4.24078941345215 4.22176027297974 4.20068645477295 4.20042991638184 4.1993932723999 4.20053339004517 4.20060157775879 4.2033371925354 4.20085954666138
-3.4e+38 -3.4e+38 -3.4e+38 -3.4e+38 -3.4e+38 30.431453704834 28.8162574768066 28.0578517913818 27.5709762573242 25.9673690795898 23.6674690246582 21.4255485534668 17.4686622619629 9.79417705535889 6.05416870117188 5.01655721664429 4.68882942199707 4.48719882965088 4.2974796295166 4.14741373062134 4.11963891983032 4.13670301437378 4.08063840866089 4.09051704406738 4.13696622848511 4.14212512969971 4.14773559570312 4.17593717575073 4.17864227294922 4.15503549575806 4.12886476516724 4.14960098266602 4.16095781326294 4.21480417251587 4.18712997436523 4.18145322799683 4.18889236450195 4.19594526290894 4.20832252502441 4.20213794708252 4.19714593887329 4.19296169281006 4.19058084487915 4.19350147247314 4.19812440872192 4.19444704055786 4.18363809585571
-3.4e+38 -3.4e+38 -3.4e+38 -3.4e+38 -3.4e+38 -3.4e+38 29.1344871520996 27.9994640350342 27.5583076477051 26.2951107025146 24.0575542449951 21.7890758514404 17.3121032714844 9.45953464508057 5.99318265914917 5.01878070831299 4.73700046539307 4.57058000564575 4.35166454315186 4.14787864685059 4.11811542510986 4.09901762008667 4.10023975372314 4.12767219543457 4.1451358795166 4.14802026748657 4.14754247665405 4.156898021698 4.15578603744507 4.15262413024902 4.15136289596558 4.15523719787598 4.17069005966187 4.192054271698 4.17284965515137 4.17226362228394 4.1885986328125 4.19400358200073 4.20111894607544 4.19386434555054 4.18857049942017 4.18988752365112 4.1904354095459 4.19178104400635 4.19718599319458 4.19182682037354 4.18189430236816
-3.4e+38 -3.4e+38 -3.4e+38 -3.4e+38 -3.4e+38 -3.4e+38 29.0851421356201 27.9254093170166 27.3698272705078 25.797534942627 23.9501991271973 21.7376766204834 17.3264980316162 9.64982414245605 5.98093128204346 5.08290719985962 4.8471794128418 4.62137985229492 4.29124116897583 4.15250539779663 4.10445642471313 4.11239671707153 4.13283252716064 4.15105962753296 4.15666246414185 4.15739965438843 4.15607833862305 4.15841817855835 4.15927124023438 4.1557035446167 4.15031957626343 4.14805746078491 4.15001010894775 4.1507625579834 4.15038394927979 4.14924097061157 4.15327072143555 4.17402744293213 4.19067049026489 4.18851804733276 4.19147825241089 4.19355821609497 4.19477081298828 4.19697713851929 4.19438743591309 4.1728401184082 4.16557121276855
-3.4e+38 -3.4e+38 -3.4e+38 -3.4e+38 -3.4e+38 -3.4e+38 29.6687088012695 27.6124782562256 26.3850727081299 24.8955535888672 22.9029273986816 20.6967105865479 16.6020698547363 9.91214466094971 5.98694467544556 5.17235374450684 4.86709499359131 4.69537496566772 4.24155807495117 4.13625478744507 4.11751794815063 4.11831188201904 4.14920043945312 4.15079832077026 4.14559459686279 4.14562892913818 4.14822149276733 4.14903688430786 4.14738988876343 4.14416217803955 4.14277124404907 4.14207220077515 4.14097738265991 4.14060688018799 4.14157581329346 4.1410756111145 4.1403341293335 4.14253425598145 4.14755725860596 4.15943145751953 4.1740608215332 4.17890453338623 4.18279933929443 4.17133045196533 4.15157175064087 4.1470046043396 4.16640138626099
-3.4e+38 -3.4e+38 -3.4e+38 -3.4e+38 -3.4e+38 29.4416961669922 29.4029693603516 27.1570854187012 25.4651794433594 23.6783885955811 21.6774234771729 19.7888946533203 15.7260255813599 9.85583591461182 5.98207092285156 5.13410806655884 4.85386037826538 4.65108823776245 4.28174543380737 4.14502096176147 4.13836336135864 4.14343214035034 4.14529418945312 4.14304161071777 4.14042377471924 4.14152050018311 4.14265012741089 4.14201211929321 4.14030694961548 4.13913059234619 4.13916635513306 4.13914966583252 4.13877153396606 4.13880491256714 4.13910818099976 4.13868999481201 4.13825559616089 4.13841962814331 4.13928604125977 4.14165258407593 4.14434862136841 4.14684963226318 4.15003776550293 4.14963865280151 4.14810609817505 4.13827037811279 4.13032817840576
-3.4e+38 -3.4e+38 -3.4e+38 -3.4e+38 30.794921875 29.6283950805664 29.2534084320068 27.3643245697021 24.8275394439697 23.200044631958 21.2037773132324 19.0330104827881 14.9960746765137 8.67083549499512 5.55360412597656 4.95450782775879 4.79907464981079 4.58711624145508 4.34057664871216 4.18466567993164 4.14607286453247 4.14488744735718 4.140540599823 4.13938236236572 4.13904666900635 4.14010715484619 4.14037370681763 4.13942813873291 4.13879537582397 4.13824510574341 4.13779830932617 4.13781976699829 4.1378927230835 4.13804292678833 4.13806867599487 4.13806343078613 4.13812875747681 4.13822078704834 4.13837766647339 4.1387505531311 4.13971424102783 4.14205026626587 4.1439094543457 4.14376926422119 4.142737865448 4.13704681396484 4.13286399841309
