Ecospace-environmental-drivers/Outputs/ASCII-for-ecospace/Temp-bot/Temp-bot_X2002.05.asc
NCOLS 131 
NROWS 53 
XLLCORNER -98 
YLLCORNER 23.9265270233154 
CELLSIZE 0.133587792515755 
NODATA_value -3.4e+38 
[rows 21 to 41 of 53, columns 47 to 93 of 131]
19.9356479644775 19.7263603210449 19.6904907226562 19.7260150909424 19.7694892883301 19.8654270172119 19.1254062652588 19.2018661499023 19.0481605529785 17.9190902709961 15.7243719100952 14.5984535217285 12.2050085067749 9.62384223937988 7.84212970733643 6.28000545501709 5.24462938308716 4.97921848297119 5.05773639678955 4.92340803146362 4.47678089141846 4.37194156646729 4.29364538192749 4.28634119033813 4.28750467300415 4.29132175445557 4.27146530151367 4.2542872428894 4.25701904296875 4.25476169586182 4.25030136108398 4.25682640075684 4.25762701034546 4.26114130020142 4.26304721832275 4.25852727890015 4.24881505966187 4.3022198677063 4.76676750183105 5.28149652481079 5.57043027877808 5.88557291030884 6.29825735092163 6.93828821182251 7.74605655670166 8.73469638824463 9.99572277069092
17.3342895507812 16.8161296844482 16.675048828125 16.6879825592041 17.0705413818359 16.1705856323242 13.9313936233521 14.8042011260986 13.1676578521729 10.706431388855 9.76661491394043 9.0084924697876 8.60097980499268 7.22323799133301 6.36189556121826 6.1063084602356 5.15565967559814 4.91736030578613 4.58657121658325 4.63697004318237 4.45547771453857 4.34791898727417 4.28778791427612 4.27101612091064 4.25910758972168 4.26647186279297 4.27143430709839 4.26484680175781 4.26878786087036 4.25587749481201 4.25602912902832 4.26072454452515 4.26418876647949 4.26678848266602 4.27108430862427 4.26923561096191 4.26039981842041 4.25408697128296 4.24007606506348 4.21544218063354 4.36181735992432 4.54117631912231 4.85476684570312 5.43438243865967 6.19975233078003 6.55673599243164 7.69099569320679
12.1234245300293 11.9417390823364 12.5601825714111 11.4179649353027 10.7926340103149 9.84119606018066 10.1962308883667 8.26493740081787 6.85873603820801 6.56315279006958 6.63222694396973 7.10675477981567 6.41888475418091 5.84832763671875 5.34299850463867 5.17142724990845 4.99547863006592 4.65660953521729 4.45947980880737 4.44432878494263 4.46668481826782 4.38391256332397 4.29436206817627 4.25632810592651 4.24856472015381 4.25699186325073 4.26611948013306 4.27412271499634 4.27367973327637 4.26184272766113 4.26388359069824 4.26599264144897 4.2717227935791 4.274085521698 4.27690887451172 4.27440357208252 4.26485538482666 4.26458263397217 4.26215505599976 4.26047563552856 4.25607395172119 4.25268077850342 4.24508047103882 4.36754465103149 4.84255218505859 5.66061592102051 6.35523414611816
7.52794933319092 7.61916971206665 6.94853687286377 7.54363107681274 7.22492027282715 6.64397621154785 6.17498016357422 5.69760274887085 5.36435270309448 5.63073110580444 5.64116668701172 5.85230207443237 5.26850461959839 5.11600923538208 5.02531909942627 4.97647905349731 4.64940023422241 4.5331563949585 4.45438146591187 4.38209009170532 4.35692453384399 4.33730125427246 4.30642747879028 4.27492141723633 4.24869251251221 4.25890731811523 4.26342105865479 4.26984739303589 4.26683330535889 4.26373147964478 4.26143789291382 4.26521968841553 4.27209377288818 4.27495384216309 4.29632997512817 4.29243040084839 4.28700399398804 4.27329683303833 4.2631402015686 4.26296758651733 4.26574039459229 4.26479816436768 4.26154184341431 4.2519359588623 4.26596975326538 4.6234278678894 5.45602178573608
5.64769744873047 5.46079015731812 5.38477993011475 5.27740001678467 5.11029434204102 5.40586757659912 5.04480409622192 5.18868255615234 4.99101495742798 5.01957178115845 4.9781608581543 4.97893953323364 4.959303855896 4.92216825485229 4.95961380004883 4.68357801437378 4.40426111221313 4.37404203414917 4.35801982879639 4.31032991409302 4.29666042327881 4.28841686248779 4.28116798400879 4.28305912017822 4.26803874969482 4.26394462585449 4.26871490478516 4.26440763473511 4.26220035552979 4.25836038589478 4.25940036773682 4.26279067993164 4.26600074768066 4.28415060043335 4.28171396255493 4.27731561660767 4.27433252334595 4.27467346191406 4.27112770080566 4.26648473739624 4.26651668548584 4.26807880401611 4.26700973510742 4.26529264450073 4.2610297203064 4.23842763900757 4.62244653701782
4.85181760787964 4.93032026290894 4.91202783584595 4.50062847137451 4.51682806015015 4.79474210739136 4.86054754257202 4.72434997558594 4.88206768035889 4.79818534851074 4.86500120162964 4.80012989044189 4.89873695373535 4.6931037902832 4.45917940139771 4.35334587097168 4.29922723770142 4.2898063659668 4.3112998008728 4.29802846908569 4.28727102279663 4.27742147445679 4.26865768432617 4.26025199890137 4.2594575881958 4.26300525665283 4.26426839828491 4.25909423828125 4.2562689781189 4.25526523590088 4.2575421333313 4.26067686080933 4.26236009597778 4.31057834625244 4.29499101638794 4.27363538742065 4.2749080657959 4.28102445602417 4.28033876419067 4.27409744262695 4.26870393753052 4.26841592788696 4.2696795463562 4.27102947235107 4.26956081390381 4.26128244400024 4.26904296875
4.49904489517212 4.53005743026733 4.40289783477783 4.34394598007202 4.37444972991943 4.40841102600098 4.4810152053833 4.63408803939819 4.68321180343628 4.49027013778687 4.48416805267334 4.43553733825684 4.42619037628174 4.3732442855835 4.2775936126709 4.26957941055298 4.25146675109863 4.25307559967041 4.26657724380493 4.28781795501709 4.3115062713623 4.25920534133911 4.25331544876099 4.25275421142578 4.25529098510742 4.25830078125 4.26049280166626 4.25862216949463 4.25720739364624 4.25607538223267 4.25608491897583 4.2566032409668 4.25874280929565 4.25773000717163 4.2807412147522 4.27291011810303 4.26827144622803 4.27044820785522 4.27466583251953 4.27828502655029 4.27441167831421 4.27330160140991 4.27263879776001 4.27289390563965 4.2725977897644 4.26808166503906 4.24760627746582
4.4135947227478 4.35826063156128 4.30817222595215 4.31899929046631 4.36416673660278 4.31269979476929 4.33187246322632 4.39850902557373 4.40698385238647 4.43409824371338 4.41178178787231 4.33527231216431 4.27706003189087 4.26379919052124 4.25052309036255 4.24498319625854 4.24453973770142 4.24650764465332 4.24395084381104 4.23883152008057 4.23792743682861 4.23853635787964 4.24559020996094 4.25115823745728 4.25490236282349 4.25794744491577 4.26435565948486 4.26094007492065 4.26025676727295 4.25862216949463 4.25777149200439 4.25721073150635 4.25734043121338 4.25666046142578 4.28329849243164 4.28387594223022 4.28165054321289 4.26484346389771 4.26855421066284 4.27575349807739 4.27582216262817 4.27600574493408 4.27439641952515 4.27379751205444 4.27357816696167 4.27183198928833 4.26174640655518
4.30266571044922 4.28190994262695 4.27930545806885 4.28111028671265 4.28142404556274 4.27655649185181 4.29025554656982 4.29100465774536 4.29114723205566 4.29798316955566 4.26438522338867 4.25575637817383 4.2568736076355 4.25558042526245 4.25785493850708 4.25743818283081 4.26053237915039 4.26439952850342 4.26125001907349 4.25206518173218 4.24432229995728 4.24111604690552 4.24154376983643 4.25125646591187 4.25961875915527 4.26007032394409 4.26110744476318 4.2616171836853 4.26085090637207 4.26073884963989 4.26002502441406 4.25906658172607 4.25819778442383 4.25689125061035 4.25762557983398 4.25929975509644 4.33114242553711 4.26680850982666 4.26539897918701 4.27370500564575 4.27358531951904 4.2724347114563 4.27208185195923 4.27228736877441 4.27297496795654 4.27417182922363 4.272780418396
4.28812503814697 4.29483222961426 4.30378913879395 4.28669404983521 4.27579212188721 4.28935194015503 4.29717874526978 4.28867721557617 4.2914662361145 4.26022100448608 4.25791645050049 4.26663684844971 4.26930856704712 4.26940155029297 4.27143716812134 4.2712025642395 4.27449321746826 4.27748584747314 4.27870464324951 4.27098941802979 4.25579643249512 4.24920225143433 4.24688148498535 4.2534384727478 4.26098155975342 4.26515483856201 4.26604843139648 4.26183795928955 4.25800275802612 4.25886821746826 4.26059484481812 4.25981283187866 4.25743055343628 4.25689601898193 4.25772762298584 4.25893068313599 4.30000019073486 4.26605033874512 4.26858901977539 4.27022647857666 4.27009248733521 4.26990079879761 4.27067804336548 4.27187871932983 4.27250719070435 4.27369165420532 4.27610015869141
4.33054685592651 4.30570936203003 4.29874229431152 4.28523874282837 4.26945447921753 4.27527046203613 4.28736066818237 4.29053449630737 4.3043794631958 4.25971221923828 4.26957225799561 4.2709846496582 4.26925420761108 4.27495193481445 4.28361892700195 4.28295946121216 4.28265476226807 4.28208303451538 4.2812614440918 4.27724504470825 4.26722812652588 4.25838565826416 4.25314331054688 4.25303888320923 4.26237678527832 4.27058124542236 4.27336120605469 4.26712226867676 4.26090383529663 4.2606782913208 4.26122856140137 4.26008081436157 4.25690937042236 4.25643444061279 4.25751543045044 4.26030349731445 4.28207969665527 4.26696920394897 4.26803970336914 4.26808977127075 4.26825141906738 4.26898527145386 4.27120685577393 4.27216291427612 4.27208709716797 4.27293682098389 4.27591800689697
4.30086469650269 4.28785753250122 4.28400278091431 4.27484273910522 4.27014923095703 4.27767944335938 4.26937341690063 4.26455116271973 4.26863574981689 4.27141284942627 4.26686000823975 4.26249647140503 4.26532602310181 4.27491855621338 4.26539945602417 4.25965452194214 4.25890970230103 4.25957918167114 4.26020956039429 4.26469612121582 4.27728796005249 4.27219533920288 4.26251220703125 4.261643409729 4.2697958946228 4.27599763870239 4.27097034454346 4.26577281951904 4.26271152496338 4.26085805892944 4.25934839248657 4.2574577331543 4.25738859176636 4.25900459289551 4.26005029678345 4.26169395446777 4.29231214523315 4.2643723487854 4.26672697067261 4.26699495315552 4.26835012435913 4.26849937438965 4.27115249633789 4.270263671875 4.26908397674561 4.26946020126343 4.27228260040283
4.26658964157104 4.25808572769165 4.2553014755249 4.25982904434204 4.26085519790649 4.25938367843628 4.24737024307251 4.25293636322021 4.2604718208313 4.25763750076294 4.25660800933838 4.26017236709595 4.26758337020874 4.27460670471191 4.26620244979858 4.26365518569946 4.26221084594727 4.26040124893188 4.25879192352295 4.26381158828735 4.27140378952026 4.26438856124878 4.26372861862183 4.27031660079956 4.27122783660889 4.26960372924805 4.26094770431519 4.26004409790039 4.25919437408447 4.25694179534912 4.25740194320679 4.25897073745728 4.26120042800903 4.26198720932007 4.26180982589722 4.30337429046631 4.28633260726929 4.26248598098755 4.2665843963623 4.2708592414856 4.27228021621704 4.27063131332397 4.27178859710693 4.27245092391968 4.27059936523438 4.26953268051147 4.27185249328613
4.25241947174072 4.2548975944519 4.2526798248291 4.25398731231689 4.25872039794922 4.24893522262573 4.25444650650024 4.25790977478027 4.25552034378052 4.26504468917847 4.30665636062622 4.32030916213989 4.30928802490234 4.31803464889526 4.31437253952026 4.29188919067383 4.27542686462402 4.26459741592407 4.26242637634277 4.26432228088379 4.26503944396973 4.25838422775269 4.25738906860352 4.25960111618042 4.2656307220459 4.26650190353394 4.2601170539856 4.25862598419189 4.25792503356934 4.25746965408325 4.26055097579956 4.26637363433838 4.27521896362305 4.28618192672729 4.29517793655396 4.29988670349121 4.26428937911987 4.26247501373291 4.26616382598877 4.26684761047363 4.26723384857178 4.2726902961731 4.27149057388306 4.27220582962036 4.27326011657715 4.27419281005859 4.27746534347534
4.24922657012939 4.25257873535156 4.25281190872192 4.25441312789917 4.24822092056274 4.23836755752563 4.28563213348389 4.29468107223511 4.30042171478271 4.29292583465576 4.28323650360107 4.28275203704834 4.28913927078247 4.2966160774231 4.30785369873047 4.31254959106445 4.30175256729126 4.31308889389038 4.29159593582153 4.26468896865845 4.26512002944946 4.26137828826904 4.26070070266724 4.25873517990112 4.26073694229126 4.26232147216797 4.26022815704346 4.2577486038208 4.25670099258423 4.25936985015869 4.27678918838501 4.28368759155273 4.26827573776245 4.26636075973511 4.26564741134644 4.26298093795776 4.26259565353394 4.26279258728027 4.26747703552246 4.26779127120972 4.26154947280884 4.26506042480469 4.27390003204346 4.27494192123413 4.2773904800415 4.27984237670898 4.28101634979248
4.26028919219971 4.25883626937866 4.24675273895264 4.23563528060913 4.24246883392334 4.27479410171509 4.28203201293945 4.28215169906616 4.28179025650024 4.28198528289795 4.28311347961426 4.28218460083008 4.28347778320312 4.28616809844971 4.28703832626343 4.28376054763794 4.2796893119812 4.28032541275024 4.28261137008667 4.27879619598389 4.27700138092041 4.2592887878418 4.25962257385254 4.25989437103271 4.25960397720337 4.25881481170654 4.25733995437622 4.25676202774048 4.25974321365356 4.27270936965942 4.2718677520752 4.26467704772949 4.26571702957153 4.26648616790771 4.2667236328125 4.2655987739563 4.26498508453369 4.26499557495117 4.26895952224731 4.26706838607788 4.262779712677 4.26409673690796 4.2713623046875 4.27708196640015 4.27970600128174 4.27994298934937 4.27813196182251
4.26254320144653 4.25457048416138 4.24759531021118 4.28827476501465 4.28151035308838 4.28076457977295 4.28492736816406 4.28634214401245 4.28640508651733 4.2865424156189 4.28563785552979 4.28192663192749 4.28080129623413 4.28223323822021 4.28379344940186 4.28425168991089 4.28367710113525 4.2804160118103 4.27763891220093 4.27079010009766 4.26984691619873 4.26436281204224 4.25940084457397 4.25980806350708 4.25947141647339 4.25913906097412 4.26193857192993 4.25881195068359 4.26064968109131 4.26109504699707 4.26287889480591 4.26419591903687 4.26580953598022 4.26709175109863 4.26774311065674 4.26725912094116 4.26617431640625 4.26584053039551 4.2655816078186 4.26517295837402 4.26470279693604 4.26642894744873 4.27289772033691 4.27818298339844 4.27930879592896 4.27834129333496 4.27724742889404
4.25545597076416 4.25422477722168 4.27974939346313 4.27618885040283 4.27499341964722 4.27930021286011 4.28260564804077 4.28556966781616 4.28553819656372 4.28562784194946 4.28520393371582 4.2815957069397 4.27877950668335 4.28013467788696 4.28254127502441 4.28416633605957 4.28442573547363 4.2807469367981 4.27664518356323 4.27518177032471 4.27335405349731 4.26595258712769 4.26202440261841 4.26113128662109 4.2606782913208 4.26029539108276 4.25988626480103 4.25910615921021 4.25888776779175 4.2601261138916 4.26139736175537 4.26329135894775 4.26578426361084 4.26881456375122 4.27202892303467 4.2737922668457 4.27134656906128 4.26803922653198 4.2668776512146 4.26624870300293 4.26587963104248 4.26871013641357 4.27379417419434 4.28163480758667 4.28066110610962 4.28119516372681 4.28582382202148
4.27577590942383 4.28314971923828 4.29481172561646 4.27124786376953 4.27382850646973 4.27604722976685 4.2789568901062 4.28143644332886 4.28196048736572 4.28209018707275 4.28173017501831 4.28206968307495 4.27990627288818 4.28032875061035 4.28267478942871 4.28347444534302 4.2824330329895 4.28160810470581 4.27912759780884 4.27434301376343 4.26914548873901 4.26450443267822 4.26184749603271 4.26033687591553 4.25982761383057 4.25959014892578 4.25894737243652 4.25826644897461 4.25828647613525 4.25971364974976 4.26177549362183 4.26421594619751 4.26658630371094 4.27198791503906 4.27807998657227 4.28071689605713 4.27954578399658 4.27864933013916 4.27396535873413 4.27099275588989 4.26915550231934 4.26955842971802 4.27572250366211 4.27659797668457 4.27765226364136 4.28461599349976 4.28321838378906
4.27810716629028 4.29348421096802 4.28479337692261 4.26836061477661 4.27194166183472 4.27373313903809 4.27551555633545 4.27855348587036 4.27973794937134 4.2795786857605 4.27904272079468 4.27844905853271 4.27938747406006 4.28005886077881 4.28176546096802 4.28120994567871 4.27993297576904 4.27789211273193 4.27219486236572 4.26836824417114 4.26433658599854 4.26119613647461 4.25987863540649 4.26006841659546 4.25997543334961 4.26003313064575 4.25996446609497 4.25976896286011 4.26157808303833 4.26352500915527 4.26367044448853 4.26584768295288 4.26852941513062 4.27467346191406 4.28220415115356 4.28307390213013 4.27933359146118 4.27922201156616 4.27902507781982 4.2766900062561 4.27535009384155 4.27328968048096 4.27462959289551 4.27748870849609 4.27561950683594 4.27644157409668 4.27974128723145
4.28527212142944 4.27988386154175 4.26774501800537 4.26803207397461 4.2745041847229 4.2753529548645 4.27503871917725 4.27812910079956 4.28210878372192 4.28059482574463 4.27798318862915 4.27663707733154 4.27674341201782 4.27802753448486 4.27775764465332 4.27622985839844 4.2739372253418 4.27053070068359 4.26689434051514 4.26310110092163 4.26344156265259 4.26987504959106 4.27379274368286 4.27086496353149 4.26019954681396 4.25830221176147 4.26083898544312 4.26655960083008 4.27071571350098 4.26791048049927 4.263343334198 4.26620817184448 4.27279281616211 4.27661561965942 4.27855587005615 4.27812337875366 4.27725648880005 4.27674579620361 4.27583026885986 4.27439022064209 4.27312994003296 4.27317667007446 4.26797962188721 4.26076650619507 4.25756692886353 4.26198768615723 4.27191495895386
