Ecospace-environmental-drivers/Outputs/ASCII-for-ecospace/Temp-bot/Temp-bot_X1996.01.asc
NCOLS 131 
NROWS 53 
XLLCORNER -98 
YLLCORNER 23.9265270233154 
CELLSIZE 0.133587792515755 
NODATA_value -3.4e+38 
[rows 21 to 41 of 53, columns 0 to 46 of 131]
-3.4e+38 -3.4e+38 -3.4e+38 -3.4e+38 -3.4e+38 -3.4e+38 15.654468536377 15.5222063064575 15.691801071167 15.2082386016846 15.8232221603394 16.6962490081787 17.6215019226074 18.2648239135742 18.701997756958 19.0364475250244 19.3394374847412 19.6873970031738 19.9977779388428 20.131856918335 20.1344146728516 20.0808582305908 20.0194301605225 19.9442977905273 19.8551864624023 19.7606372833252 19.7330513000488 19.7915096282959 19.8915367126465 20.0203876495361 20.1181659698486 20.1621341705322 20.1895370483398 20.1521625518799 20.1069869995117 20.0883293151855 20.1150188446045 20.1925849914551 20.2638034820557 20.2840518951416 20.2332439422607 20.314582824707 20.2488536834717 20.352518081665 20.4457988739014 20.504919052124 20.5003700256348
-3.4e+38 -3.4e+38 -3.4e+38 -3.4e+38 -3.4e+38 -3.4e+38 15.5506067276001 15.8905916213989 15.5222063064575 16.3449592590332 17.3715705871582 18.3331413269043 19.2247562408447 19.8243236541748 20.1348972320557 20.2777099609375 20.3457679748535 20.3823223114014 20.4251747131348 20.3536357879639 20.2127017974854 20.0969829559326 20.0790004730225 20.1101169586182 20.1069927215576 20.0218925476074 19.6976451873779 19.7538814544678 19.9196834564209 20.096923828125 20.1192073822021 20.0422592163086 20.0406627655029 19.7635345458984 19.5401744842529 19.6137771606445 19.3626842498779 19.3158512115479 19.0811462402344 18.2470321655273 18.6004962921143 19.0882797241211 17.7630138397217 18.6561222076416 19.2603721618652 19.0772476196289 18.8743476867676
-3.4e+38 -3.4e+38 -3.4e+38 -3.4e+38 15.6699676513672 15.5977592468262 15.88365650177 15.5506067276001 16.5989608764648 17.764684677124 18.904182434082 19.9266052246094 20.5546894073486 20.7697143554688 20.8010711669922 20.8436603546143 20.8102512359619 20.7641201019287 20.6290836334229 19.8200740814209 18.1947135925293 16.23317527771 15.1471166610718 14.1776533126831 14.8423671722412 14.1921529769897 14.3655071258545 15.5112981796265 17.3257789611816 16.647876739502 18.0232219696045 18.1829319000244 18.1906490325928 16.1488800048828 18.1513595581055 17.2729892730713 15.8073863983154 15.7534809112549 14.0165271759033 11.0262813568115 11.6075716018677 11.5897598266602 13.3722829818726 12.157398223877 13.2002954483032 13.547287940979 13.914511680603
-3.4e+38 -3.4e+38 -3.4e+38 -3.4e+38 15.6263122558594 15.7858324050903 15.5977592468262 16.5026035308838 17.8860111236572 19.1683979034424 20.1943511962891 20.7240028381348 20.8604278564453 20.7485046386719 20.7657527923584 20.8717422485352 19.7719211578369 16.4636535644531 14.8455963134766 12.3625087738037 10.0240049362183 8.80877685546875 9.12357139587402 9.08568096160889 9.56775093078613 9.36535358428955 10.0283203125 9.66205978393555 10.4943761825562 10.0279474258423 10.7771682739258 12.2801275253296 12.6957092285156 13.4642658233643 14.6902694702148 13.9346542358398 14.5135593414307 12.8391380310059 10.6129789352417 8.02032279968262 8.52034378051758 8.90521240234375 9.0404748916626 8.46940422058105 8.03407287597656 8.47309303283691 7.52723455429077
-3.4e+38 -3.4e+38 -3.4e+38 -3.4e+38 -3.4e+38 15.6263122558594 16.1334266662598 17.6748065948486 19.0664291381836 20.2030906677246 20.7523365020752 20.9396934509277 20.7569217681885 20.1041393280029 18.9374103546143 15.6076459884644 11.7131757736206 8.59740924835205 8.05077934265137 7.14844131469727 6.29510593414307 6.1841139793396 6.33880662918091 6.54757642745972 6.91951704025269 6.67187929153442 6.83302927017212 6.92602157592773 6.63328123092651 6.680100440979 6.72198057174683 7.90374565124512 8.73100471496582 10.5953493118286 10.3120374679565 10.5770893096924 9.95854377746582 8.35869407653809 6.38802719116211 6.21042203903198 6.62070989608765 6.63194131851196 6.14659833908081 6.12578535079956 6.16898202896118 6.36433887481689 5.96931457519531
-3.4e+38 -3.4e+38 -3.4e+38 -3.4e+38 -3.4e+38 15.8876266479492 17.2055931091309 18.7121562957764 20.00119972229 20.7194671630859 20.9382877349854 20.8663749694824 19.8583469390869 17.2049674987793 14.2368278503418 11.3159217834473 7.76517152786255 6.35326719284058 6.0523624420166 5.49608612060547 5.08059310913086 5.08849000930786 5.10221290588379 5.48743486404419 5.21434926986694 5.40325689315796 5.34182167053223 5.16593980789185 5.45194053649902 5.18669891357422 5.64058065414429 6.25442028045654 7.15574598312378 7.76319694519043 6.60022020339966 7.06842565536499 6.61577653884888 5.68582248687744 5.43749332427979 5.25223255157471 5.49701690673828 5.16534042358398 5.35564279556274 5.34552145004272 5.45467901229858 5.58741807937622 5.0408182144165
-3.4e+38 -3.4e+38 16.0283889770508 16.1019992828369 16.3092041015625 16.4480972290039 18.0648880004883 19.5587329864502 20.5473709106445 20.8227291107178 20.8061714172363 19.9733371734619 17.6202831268311 14.1859092712402 10.514123916626 8.95698356628418 6.5309534072876 5.30908441543579 4.92494058609009 4.85091114044189 4.91991138458252 4.91122531890869 4.92126131057739 4.89707803726196 4.90065097808838 4.95042943954468 4.7584490776062 4.70795869827271 4.77495336532593 4.92469596862793 5.27489376068115 5.51625537872314 5.67113494873047 5.73482847213745 5.79106473922729 5.48960399627686 5.43563890457153 5.31889009475708 5.08936214447021 4.88912677764893 4.91319465637207 4.83982706069946 4.74072170257568 4.69567012786865 4.87470674514771 4.89692544937134 4.63007593154907
-339999999999999996128486808808066248288.000000000000000 -3.4e+38 -3.4e+38 -3.4e+38 16.175609588623 17.0062999725342 18.6687107086182 20.0637378692627 20.7074813842773 20.6911163330078 20.3489227294922 18.5517959594727 14.6335439682007 10.8583784103394 9.05137157440186 7.29090404510498 5.6246132850647 5.022864818573 4.89110088348389 4.8144645690918 4.8625602722168 4.77827882766724 4.80846881866455 4.82102489471436 4.90483713150024 4.87292766571045 4.73004055023193 4.81018209457397 4.5985107421875 4.76921939849854 4.90758085250854 4.95818853378296 5.1582407951355 5.21832418441772 5.16943264007568 5.05447053909302 4.942458152771 4.76552820205688 4.70528173446655 4.61362886428833 4.55101346969604 4.50232648849487 4.40595293045044 4.40541934967041 4.42092561721802 4.43865728378296 4.45774841308594
-3.4e+38 -3.4e+38 -3.4e+38 -3.4e+38 16.3680877685547 17.5087127685547 19.1377639770508 20.2699108123779 20.5828056335449 20.2863388061523 19.5605907440186 16.9623775482178 12.3409385681152 9.208420753479 6.88323211669922 6.0778660774231 5.70893526077271 5.14844751358032 4.86431789398193 4.82341814041138 4.5979437828064 4.434410572052 4.44041538238525 4.45718717575073 4.48686218261719 4.61341905593872 4.56639242172241 4.59344100952148 4.4697060585022 4.77624607086182 4.77346134185791 4.78655862808228 4.69524812698364 4.71909666061401 4.68413734436035 4.50419950485229 4.49865913391113 4.51010084152222 4.4397988319397 4.38942289352417 4.34646081924438 4.32438898086548 4.31477069854736 4.32374858856201 4.3574070930481 4.34485816955566 4.34728288650513
-3.4e+38 -3.4e+38 -3.4e+38 -3.4e+38 16.5220947265625 17.6387958526611 19.2814540863037 20.3360595703125 20.4209251403809 19.8917808532715 18.9727973937988 15.0526561737061 10.274754524231 7.89749479293823 6.14173412322998 5.73424243927002 5.18183755874634 4.98502016067505 4.44543981552124 4.44869709014893 4.37931346893311 4.40182018280029 4.42713117599487 4.43808603286743 4.39910697937012 4.42278528213501 4.56412982940674 4.3412184715271 4.34261703491211 4.50410461425781 4.64705801010132 4.54774284362793 4.48233079910278 4.450110912323 4.41704511642456 4.39987802505493 4.36533308029175 4.35113143920898 4.30969047546387 4.29794454574585 4.29285049438477 4.28832101821899 4.28798627853394 4.2992582321167 4.30170202255249 4.30687618255615 4.31802988052368
-3.4e+38 -3.4e+38 -3.4e+38 -3.4e+38 16.8424015045166 17.4496574401855 19.1363792419434 20.228946685791 20.38818359375 19.703182220459 18.6212577819824 14.7869577407837 9.77980041503906 7.33177661895752 5.93267679214478 4.94575023651123 4.73888921737671 4.63870429992676 4.41649341583252 4.35492467880249 4.32736206054688 4.32649326324463 4.37823581695557 4.39622497558594 4.37455558776855 4.38766574859619 4.57840394973755 4.51410913467407 4.41958856582642 4.45157051086426 4.37963914871216 4.36717224121094 4.36180877685547 4.33589315414429 4.33127546310425 4.3167667388916 4.30486106872559 4.28953838348389 4.27868318557739 4.27489852905273 4.27689218521118 4.27721881866455 4.27165699005127 4.27359867095947 4.28174304962158 4.29331922531128 4.3013653755188
-3.4e+38 -3.4e+38 -3.4e+38 -3.4e+38 16.9399147033691 17.2706851959229 18.7444591522217 19.9432468414307 20.4533576965332 20.0444660186768 18.9202346801758 16.7641620635986 10.4951257705688 6.96770048141479 5.77471399307251 4.79084825515747 4.41523790359497 4.41660594940186 4.40689563751221 4.3263144493103 4.31053924560547 4.30621290206909 4.30198526382446 4.30473136901855 4.33782482147217 4.33100032806396 4.36006307601929 4.42102766036987 4.44435548782349 4.36780691146851 4.32817983627319 4.33149290084839 4.32277679443359 4.29631757736206 4.27421474456787 4.28894281387329 4.28383207321167 4.27051162719727 4.26951599121094 4.26514339447021 4.26667356491089 4.27094888687134 4.31633472442627 4.26445817947388 4.27226448059082 4.2836651802063 4.29135990142822
-3.4e+38 -3.4e+38 -3.4e+38 -3.4e+38 16.7401714324951 17.1030406951904 18.1347465515137 19.5446033477783 20.325553894043 20.6680812835693 19.9914093017578 18.5464630126953 12.6881723403931 6.89202404022217 5.33130788803101 4.86364936828613 4.47913837432861 4.40766143798828 4.36250448226929 4.309983253479 4.2937536239624 4.28513860702515 4.27883052825928 4.29182147979736 4.2986478805542 4.2824764251709 4.26992845535278 4.2658896446228 4.29802846908569 4.31209897994995 4.29034900665283 4.29359912872314 4.2805643081665 4.2680082321167 4.24517488479614 4.25875282287598 4.27637624740601 4.2728443145752 4.26726627349854 4.29016208648682 4.2699236869812 4.2727575302124 4.292799949646 4.30697298049927 4.29283857345581 4.27508115768433 4.2826189994812
-3.4e+38 -3.4e+38 -3.4e+38 -3.4e+38 -3.4e+38 17.0539226531982 17.6562213897705 19.1404075622559 19.9976081848145 20.6780681610107 20.8526306152344 20.3963069915771 15.4529619216919 7.12776947021484 5.40592575073242 4.89375352859497 4.55712223052979 4.39700698852539 4.34790468215942 4.29644441604614 4.2842698097229 4.27695465087891 4.2724027633667 4.28262519836426 4.28013229370117 4.28295564651489 4.25111818313599 4.24687242507935 4.26636028289795 4.27992057800293 4.27343273162842 4.26747226715088 4.26741647720337 4.26320266723633 4.25658178329468 4.23405361175537 4.24494075775146 4.26491165161133 4.27031183242798 4.27280950546265 4.28645038604736 4.29368495941162 4.27032566070557 4.25152683258057 4.27576780319214 4.29075002670288 4.28111934661865
-3.4e+38 -3.4e+38 -3.4e+38 -3.4e+38 -3.4e+38 17.0814628601074 17.4459362030029 18.905158996582 19.7755870819092 20.5036888122559 20.8276882171631 20.9699764251709 16.0769157409668 7.56557273864746 5.64413452148438 4.91714859008789 4.77003335952759 4.39563655853271 4.3318395614624 4.28437328338623 4.27186727523804 4.26647329330444 4.26448822021484 4.27093029022217 4.26633548736572 4.33724355697632 4.30151987075806 4.27155733108521 4.27113103866577 4.24088191986084 4.23838138580322 4.23795509338379 4.23837852478027 4.23977851867676 4.30530118942261 4.25472211837769 4.24472188949585 4.24561738967896 4.26355171203613 4.26570224761963 4.26013517379761 4.2743067741394 4.25765085220337 4.24705076217651 4.24923801422119 4.26011276245117 4.26095008850098
-3.4e+38 -3.4e+38 -3.4e+38 -3.4e+38 -3.4e+38 17.3288421630859 17.5341873168945 18.9933700561523 19.8425769805908 20.4927043914795 20.8192977905273 21.0577831268311 14.4560317993164 7.13174819946289 5.39533090591431 4.91816091537476 4.89119338989258 4.69388866424561 4.30424547195435 4.27498388290405 4.2634801864624 4.26443529129028 4.2486743927002 4.27602386474609 4.27420091629028 4.26577377319336 4.26237821578979 4.25470542907715 4.24560832977295 4.25687742233276 4.2576208114624 4.25120067596436 4.25705432891846 4.26531553268433 4.26142549514771 4.24912261962891 4.24378538131714 4.24422311782837 4.25994682312012 4.2496509552002 4.24618291854858 4.24375200271606 4.24365282058716 4.24236583709717 4.24550819396973 4.24534273147583 4.24793100357056
-3.4e+38 -3.4e+38 -3.4e+38 -3.4e+38 -3.4e+38 -3.4e+38 17.7549648284912 19.2993049621582 20.2027359008789 20.7353744506836 20.9839572906494 21.1769676208496 14.8528366088867 7.75292301177979 5.4558277130127 4.96663475036621 5.19818305969238 4.76746463775635 4.29777383804321 4.2704553604126 4.26008701324463 4.25738525390625 4.25563144683838 4.25464534759521 4.240234375 4.24835968017578 4.24290466308594 4.25404262542725 4.25093364715576 4.24162769317627 4.23553371429443 4.22995376586914 4.22863388061523 4.22771739959717 4.21970415115356 4.21909999847412 4.22237730026245 4.23497343063354 4.22478675842285 4.22295236587524 4.2282190322876 4.23683977127075 4.24254560470581 4.24424028396606 4.24169254302979 4.23297357559204 4.22726106643677
-3.4e+38 -3.4e+38 -3.4e+38 -3.4e+38 -3.4e+38 -3.4e+38 18.0869770050049 19.6626319885254 20.4796047210693 20.9253921508789 21.1904201507568 21.303050994873 14.0977001190186 8.15523052215576 5.83726835250854 5.27678251266479 5.44617509841919 4.99073648452759 4.32029247283936 4.26179552078247 4.26229810714722 4.2560567855835 4.2405743598938 4.23477935791016 4.24647283554077 4.24408388137817 4.2397289276123 4.23876428604126 4.23121213912964 4.22453546524048 4.22144269943237 4.22073173522949 4.22085046768188 4.21968746185303 4.21818923950195 4.21860218048096 4.21882629394531 4.21798276901245 4.21482276916504 4.20771646499634 4.20248126983643 4.21043014526367 4.22193336486816 4.22208452224731 4.22086477279663 4.2085223197937 4.20158576965332
-3.4e+38 -3.4e+38 -3.4e+38 -3.4e+38 -3.4e+38 -3.4e+38 18.3967018127441 19.9847145080566 20.6492252349854 21.103832244873 21.1943988800049 20.6832370758057 13.8718252182007 7.23632049560547 5.62857866287231 4.96731376647949 5.2428765296936 4.81246423721313 4.35356378555298 4.27041721343994 4.25873041152954 4.24989080429077 4.24434232711792 4.25114631652832 4.25228357315063 4.23674488067627 4.23533535003662 4.23727035522461 4.23673677444458 4.23045969009399 4.22652959823608 4.22874212265015 4.23036336898804 4.23130989074707 4.23234128952026 4.23130130767822 4.2278995513916 4.22434329986572 4.22050952911377 4.21828556060791 4.21547508239746 4.21175384521484 4.20752096176147 4.20332717895508 4.20887470245361 4.21861267089844 4.2124137878418
-3.4e+38 -3.4e+38 -3.4e+38 -3.4e+38 -3.4e+38 18.2043228149414 19.100341796875 20.7002792358398 21.1576881408691 21.3000869750977 21.2590847015381 19.8430919647217 12.2945995330811 6.49252033233643 5.07870817184448 4.89291381835938 4.95415019989014 4.78498363494873 4.37229871749878 4.27821636199951 4.25432920455933 4.2452130317688 4.24240446090698 4.24565029144287 4.24650287628174 4.23869037628174 4.23356628417969 4.23412609100342 4.23575592041016 4.23640966415405 4.23146963119507 4.23013591766357 4.23098707199097 4.23214769363403 4.23514747619629 4.23939323425293 4.23882150650024 4.23280382156372 4.22670793533325 4.2229905128479 4.2196569442749 4.21592712402344 4.21073293685913 4.20791101455688 4.21044015884399 4.21601724624634 4.22011518478394
-3.4e+38 -3.4e+38 -3.4e+38 -3.4e+38 18.3306789398193 18.4170398712158 20.2862739562988 21.2009868621826 21.4191093444824 21.508768081665 20.8808574676514 17.4435253143311 10.3921489715576 5.79755640029907 5.00081586837769 4.90689039230347 4.92261123657227 4.59280681610107 4.30607414245605 4.26347970962524 4.25648784637451 4.23395919799805 4.23046875 4.23398065567017 4.23383951187134 4.2332444190979 4.2334132194519 4.23405885696411 4.23587894439697 4.23726606369019 4.23654413223267 4.2331075668335 4.231032371521 4.23237466812134 4.23654890060425 4.24118185043335 4.24395608901978 4.24219799041748 4.23273754119873 4.22889232635498 4.22433280944824 4.22055435180664 4.21749877929688 4.21645259857178 4.21782207489014 4.21939754486084 4.22239828109741
