Ecospace-environmental-drivers/Outputs/ASCII-for-ecospace/Temp-bot/Temp-bot_X2000.04.asc
NCOLS 131 
NROWS 53 
XLLCORNER -98 
YLLCORNER 23.9265270233154 
CELLSIZE 0.133587792515755 
NODATA_value -3.4e+38 
[rows 21 to 41 of 53, columns 47 to 93 of 131]
18.9195499420166 18.7239799499512 18.7036361694336 18.6994876861572 18.7323932647705 18.808406829834 18.1042385101318 18.0907363891602 17.9581489562988 16.7689609527588 14.3924999237061 13.3753280639648 11.3419256210327 8.97667026519775 7.43362665176392 6.01025390625 5.10612726211548 4.92221736907959 4.97894239425659 4.85139846801758 4.45126533508301 4.35934925079346 4.29416084289551 4.28183031082153 4.27351379394531 4.24210929870605 4.22885465621948 4.22520589828491 4.22316408157349 4.22100782394409 4.21764039993286 4.21704053878784 4.21742105484009 4.21833658218384 4.21738576889038 4.21669435501099 4.21789455413818 4.28484344482422 4.74343204498291 5.19762086868286 5.46148824691772 5.78960657119751 6.1878023147583 6.83431768417358 7.6902232170105 8.64601993560791 9.88957977294922
16.5254592895508 15.7775115966797 15.7055244445801 15.7780122756958 16.3032722473145 15.3824377059937 12.637152671814 13.7274827957153 12.082179069519 9.98817253112793 9.20739269256592 8.49932765960693 8.09685039520264 6.90939807891846 6.11356449127197 5.84242534637451 5.04175806045532 4.86390829086304 4.56172895431519 4.59925127029419 4.43473672866821 4.33835077285767 4.28258371353149 4.27034378051758 4.2408971786499 4.23374557495117 4.22930288314819 4.21817493438721 4.21308946609497 4.21359395980835 4.21403217315674 4.21460056304932 4.21611309051514 4.21768617630005 4.21866989135742 4.21906137466431 4.22169351577759 4.22372245788574 4.21496915817261 4.19821119308472 4.3553466796875 4.51756191253662 4.84924745559692 5.43005800247192 6.22547817230225 6.60340404510498 7.74145030975342
11.4415807723999 11.0864200592041 11.6495409011841 11.0143756866455 10.322901725769 9.25272941589355 9.35477542877197 7.87693929672241 6.67518901824951 6.35947465896606 6.37392377853394 6.69795799255371 6.1673059463501 5.70949649810791 5.26984310150146 5.08545207977295 4.91679763793945 4.65422105789185 4.45933055877686 4.42898511886597 4.41693639755249 4.3377628326416 4.27662229537964 4.27818250656128 4.24370765686035 4.23630619049072 4.22739553451538 4.22090530395508 4.20759010314941 4.20818376541138 4.21140003204346 4.21452760696411 4.21871089935303 4.2219672203064 4.22369003295898 4.22462606430054 4.22530031204224 4.22846937179565 4.22914028167725 4.23102617263794 4.23118019104004 4.23314380645752 4.23092126846313 4.37291955947876 4.88514709472656 5.69658517837524 6.41690158843994
7.37855577468872 7.37802171707153 6.89199924468994 7.32652473449707 7.05655241012573 6.4651951789856 6.06625318527222 5.61332416534424 5.29752445220947 5.48597192764282 5.49857473373413 5.64128828048706 5.21496105194092 5.0742883682251 4.97088813781738 4.91419696807861 4.64232873916626 4.53082084655762 4.44821834564209 4.36237192153931 4.31345796585083 4.28865337371826 4.2672438621521 4.29189014434814 4.26017618179321 4.24062633514404 4.21824884414673 4.21301412582397 4.20292901992798 4.20417833328247 4.20860624313354 4.21379280090332 4.22057056427002 4.22808170318604 4.24090385437012 4.24157428741455 4.24187612533569 4.23546934127808 4.23117828369141 4.23122978210449 4.23514652252197 4.23734951019287 4.23804903030396 4.23286533355713 4.25941753387451 4.6538782119751 5.48443269729614
5.65696811676025 5.50823163986206 5.44825553894043 5.32925176620483 5.17308902740479 5.38338136672974 5.03209829330444 5.16268968582153 4.98318862915039 4.98208665847778 4.95300436019897 4.95542907714844 4.92619800567627 4.87868452072144 4.88017654418945 4.65354061126709 4.38987588882446 4.34422969818115 4.33702707290649 4.29315423965454 4.27202749252319 4.26400423049927 4.26125812530518 4.26487302780151 4.27843046188354 4.24494743347168 4.21192455291748 4.20443248748779 4.20323133468628 4.20684146881104 4.21199131011963 4.21576166152954 4.22203350067139 4.24037933349609 4.24290084838867 4.24073123931885 4.24119806289673 4.24068355560303 4.23818922042847 4.2337818145752 4.23323774337769 4.23526096343994 4.23721313476562 4.24017906188965 4.24052667617798 4.22967481613159 4.64908123016357
4.91809415817261 4.99352645874023 4.97139835357666 4.52794981002808 4.54319000244141 4.80766010284424 4.85004997253418 4.71883392333984 4.82914113998413 4.76733207702637 4.80323600769043 4.78035020828247 4.81473445892334 4.66255664825439 4.45773458480835 4.36322212219238 4.29317808151245 4.27642965316772 4.27397871017456 4.26829290390015 4.26111650466919 4.26030826568604 4.26025342941284 4.24718999862671 4.24775314331055 4.23401594161987 4.20645475387573 4.20270156860352 4.20676469802856 4.21288156509399 4.21847724914551 4.22228717803955 4.22828483581543 4.25528287887573 4.24851274490356 4.24467277526855 4.24456739425659 4.24480819702148 4.24454355239868 4.24110841751099 4.23694801330566 4.23467874526978 4.23667287826538 4.24060010910034 4.24313306808472 4.24169397354126 4.26619243621826
4.49638843536377 4.51742124557495 4.37264156341553 4.3119330406189 4.36622428894043 4.43969774246216 4.4807186126709 4.5881462097168 4.61617565155029 4.50735855102539 4.52506542205811 4.49692535400391 4.4555401802063 4.39055013656616 4.29263067245483 4.28334283828735 4.27160453796387 4.2612738609314 4.25556373596191 4.25481700897217 4.25814819335938 4.25310468673706 4.21846675872803 4.21058082580566 4.21091318130493 4.20893239974976 4.20519161224365 4.21072244644165 4.21526527404785 4.21894788742065 4.22284603118896 4.22570562362671 4.23098707199097 4.23984527587891 4.25204515457153 4.25344705581665 4.24734020233154 4.24656867980957 4.24669122695923 4.24622821807861 4.24207544326782 4.23931884765625 4.23827743530273 4.24169301986694 4.24399375915527 4.24425554275513 4.23352003097534
4.33447408676147 4.30098342895508 4.29206514358521 4.28312826156616 4.32920408248901 4.29997682571411 4.32340526580811 4.39910793304443 4.38817310333252 4.37613821029663 4.33607769012451 4.28751277923584 4.25819492340088 4.25564384460449 4.24713802337646 4.24718189239502 4.23619890213013 4.23611927032471 4.24101448059082 4.23517990112305 4.23480987548828 4.22676515579224 4.20819997787476 4.20523452758789 4.20873737335205 4.21259069442749 4.22032356262207 4.21789264678955 4.22119426727295 4.22597694396973 4.22989559173584 4.232741355896 4.23637342453003 4.24371290206909 4.25417041778564 4.25284290313721 4.25442028045654 4.24879312515259 4.24815607070923 4.24877691268921 4.2468318939209 4.24399995803833 4.24265289306641 4.24377822875977 4.2448844909668 4.24443960189819 4.24171113967896
4.27540111541748 4.26607036590576 4.26049995422363 4.25817537307739 4.26470041275024 4.25932264328003 4.27306365966797 4.2956395149231 4.29958200454712 4.27999114990234 4.24477624893188 4.23104667663574 4.22441673278809 4.22516918182373 4.22682189941406 4.22566890716553 4.22191333770752 4.22199821472168 4.22462844848633 4.23110342025757 4.23239326477051 4.21408033370972 4.20669937133789 4.20891427993774 4.21650981903076 4.21888399124146 4.22115135192871 4.22535037994385 4.23055744171143 4.23222208023071 4.23480272293091 4.2385196685791 4.24154949188232 4.24553823471069 4.24732542037964 4.24705600738525 4.25861644744873 4.25168180465698 4.25124025344849 4.2529182434082 4.25242280960083 4.25008535385132 4.24822854995728 4.24703884124756 4.24648475646973 4.24607706069946 4.24647617340088
4.26478099822998 4.26665210723877 4.32869005203247 4.31517791748047 4.25846719741821 4.27859830856323 4.26577806472778 4.28135108947754 4.29180717468262 4.24538803100586 4.22483491897583 4.22757482528687 4.22989273071289 4.2260913848877 4.23154973983765 4.2320876121521 4.23545265197754 4.23481607437134 4.23076438903809 4.224534034729 4.22395420074463 4.20941734313965 4.20473194122314 4.20949602127075 4.21708869934082 4.22089529037476 4.22491550445557 4.22967290878296 4.2325553894043 4.23316764831543 4.2372784614563 4.2419638633728 4.24496841430664 4.24677133560181 4.24657964706421 4.2480731010437 4.25931215286255 4.25449514389038 4.25609350204468 4.25769138336182 4.25742292404175 4.25582933425903 4.25437116622925 4.25281476974487 4.25082015991211 4.24907302856445 4.24836158752441
4.32654190063477 4.26682233810425 4.28664588928223 4.28350782394409 4.26315641403198 4.2674446105957 4.26902866363525 4.27187156677246 4.28152322769165 4.23022031784058 4.22833681106567 4.2247462272644 4.22597026824951 4.23017930984497 4.23800754547119 4.24057102203369 4.24000978469849 4.23709964752197 4.22901105880737 4.22486591339111 4.22420167922974 4.21004867553711 4.20255899429321 4.20531892776489 4.21624422073364 4.22166347503662 4.22690916061401 4.23132944107056 4.23508548736572 4.23715782165527 4.24083852767944 4.24351596832275 4.24509906768799 4.24636363983154 4.2455792427063 4.24717998504639 4.2540397644043 4.25730848312378 4.25864553451538 4.25956392288208 4.25941228866577 4.25902318954468 4.25802564620972 4.2565450668335 4.25468397140503 4.25268840789795 4.25028133392334
4.27519845962524 4.26592636108398 4.26605892181396 4.26328468322754 4.25637531280518 4.24197149276733 4.22933959960938 4.22314500808716 4.22691011428833 4.22239637374878 4.2231616973877 4.226487159729 4.2313666343689 4.23362398147583 4.2353515625 4.23790836334229 4.23759078979492 4.23382616043091 4.22835350036621 4.22669267654419 4.22766017913818 4.22697305679321 4.21609401702881 4.21420955657959 4.21900606155396 4.22338199615479 4.22384023666382 4.22726058959961 4.23249864578247 4.23719024658203 4.2411732673645 4.24343585968018 4.24596977233887 4.24772596359253 4.24664115905762 4.24658489227295 4.25339317321777 4.25787734985352 4.25956916809082 4.25977802276611 4.25971651077271 4.25837373733521 4.25705623626709 4.2546911239624 4.25332021713257 4.25349521636963 4.2509560585022
4.27259492874146 4.26529741287231 4.25266981124878 4.2503719329834 4.24654102325439 4.2348952293396 4.21673536300659 4.22271108627319 4.22614336013794 4.22518920898438 4.23112201690674 4.23549652099609 4.23758697509766 4.24131727218628 4.24183130264282 4.24298810958862 4.2431116104126 4.23891639709473 4.23414611816406 4.23298978805542 4.23157739639282 4.22827816009521 4.2278995513916 4.2289981842041 4.23096656799316 4.23228454589844 4.23248958587646 4.23375701904297 4.23617029190063 4.24028873443604 4.244300365448 4.24654769897461 4.24730730056763 4.24780321121216 4.24856996536255 4.25565099716187 4.25465250015259 4.25738763809204 4.25971269607544 4.26059246063232 4.26044225692749 4.25877666473389 4.25633668899536 4.25415468215942 4.25294065475464 4.25223779678345 4.25112104415894
4.30381870269775 4.29752349853516 4.27319669723511 4.24804544448853 4.24874448776245 4.23518180847168 4.23561382293701 4.23708438873291 4.23065423965454 4.23560619354248 4.24939870834351 4.24829530715942 4.24717807769775 4.26665210723877 4.24923515319824 4.24635171890259 4.24698925018311 4.24208974838257 4.23959970474243 4.23548221588135 4.23071479797363 4.22604608535767 4.22637367248535 4.22882795333862 4.23171758651733 4.23527479171753 4.23746681213379 4.24034976959229 4.2437801361084 4.2465443611145 4.25063753128052 4.25092029571533 4.24936676025391 4.24676704406738 4.24782085418701 4.24996519088745 4.25248432159424 4.2554783821106 4.25769281387329 4.25795221328735 4.25777196884155 4.25714111328125 4.25478267669678 4.25236940383911 4.25111484527588 4.25032472610474 4.24994802474976
4.29495620727539 4.29217576980591 4.24717044830322 4.23453521728516 4.23864459991455 4.22680425643921 4.24079370498657 4.2444863319397 4.24327278137207 4.2471399307251 4.25212144851685 4.25498819351196 4.25414896011353 4.25327968597412 4.24980974197388 4.24767684936523 4.24652004241943 4.24395227432251 4.25504159927368 4.2396183013916 4.23482322692871 4.23003244400024 4.22835683822632 4.23029470443726 4.23428249359131 4.23816061019897 4.24076414108276 4.24338960647583 4.24502992630005 4.24773597717285 4.25925970077515 4.25696468353271 4.24946355819702 4.24797677993774 4.24785375595093 4.24806451797485 4.24848461151123 4.24938058853149 4.25134944915771 4.25250291824341 4.2534236907959 4.25365304946899 4.25324630737305 4.25163269042969 4.25017881393433 4.24924993515015 4.24901962280273
4.28641700744629 4.27357530593872 4.22369003295898 4.22169971466064 4.22562789916992 4.24317693710327 4.25453853607178 4.25584554672241 4.25828313827515 4.25940227508545 4.25987863540649 4.25934171676636 4.25743007659912 4.25593280792236 4.25388193130493 4.25150442123413 4.24885225296021 4.24586009979248 4.24285364151001 4.23988962173462 4.24768829345703 4.23447704315186 4.23379516601562 4.23403120040894 4.23422813415527 4.23353004455566 4.23415422439575 4.23702573776245 4.23921871185303 4.24341344833374 4.25173902511597 4.25103521347046 4.25083541870117 4.24982118606567 4.25024700164795 4.25100469589233 4.25172138214111 4.25136423110962 4.25177669525146 4.2515230178833 4.25076580047607 4.25270938873291 4.25342082977295 4.25170278549194 4.24975490570068 4.24843263626099 4.24751472473145
4.26301336288452 4.25028610229492 4.22967672348022 4.25066184997559 4.25844860076904 4.26476860046387 4.26915168762207 4.27207040786743 4.2717981338501 4.27080106735229 4.26839923858643 4.2641077041626 4.25844669342041 4.25756740570068 4.25763463973999 4.2553014755249 4.2528247833252 4.25002145767212 4.24781703948975 4.24464845657349 4.24019432067871 4.23649263381958 4.23404884338379 4.23388671875 4.23382472991943 4.23288536071777 4.23434162139893 4.23631620407104 4.23961067199707 4.24396944046021 4.25001573562622 4.25348949432373 4.25201892852783 4.25151968002319 4.25258302688599 4.25464010238647 4.25519227981567 4.25531578063965 4.25434446334839 4.25204038619995 4.24964237213135 4.25149440765381 4.25250577926636 4.25170135498047 4.2496337890625 4.24809217453003 4.24746465682983
4.23739671707153 4.23700952529907 4.25288152694702 4.26327991485596 4.27481174468994 4.28055000305176 4.28229475021362 4.28134107589722 4.27891445159912 4.27647638320923 4.27390432357788 4.26783657073975 4.2607274055481 4.26061248779297 4.26140975952148 4.26231098175049 4.26161956787109 4.26087236404419 4.25688505172729 4.25089073181152 4.24779319763184 4.24405813217163 4.24055957794189 4.24060297012329 4.24038791656494 4.24124050140381 4.24514245986938 4.24432611465454 4.24423933029175 4.24925661087036 4.2546534538269 4.25475549697876 4.25393438339233 4.25410842895508 4.25583696365356 4.25575590133667 4.25544357299805 4.25570726394653 4.2552170753479 4.25252437591553 4.24990844726562 4.25020980834961 4.25129699707031 4.25061702728271 4.24882459640503 4.24758338928223 4.24714422225952
4.26028680801392 4.26176786422729 4.2622241973877 4.27112293243408 4.2784948348999 4.28192043304443 4.28255271911621 4.28158664703369 4.27885866165161 4.27750062942505 4.27729654312134 4.27201128005981 4.26621246337891 4.26608371734619 4.26631927490234 4.26671695709229 4.26844358444214 4.26730680465698 4.26251268386841 4.25777864456177 4.25430870056152 4.25183057785034 4.24960327148438 4.2474799156189 4.24882125854492 4.25078058242798 4.25021886825562 4.24859189987183 4.24824333190918 4.25201988220215 4.25545167922974 4.25704860687256 4.25681161880493 4.25674676895142 4.25623321533203 4.25535535812378 4.25508975982666 4.25537443161011 4.25500440597534 4.25312328338623 4.25132894515991 4.25033283233643 4.25043487548828 4.24998712539673 4.24913597106934 4.24875402450562 4.24860143661499
4.26797199249268 4.26694583892822 4.2689790725708 4.27322721481323 4.277747631073 4.28181076049805 4.28360795974731 4.2822470664978 4.28086948394775 4.2811598777771 4.28092384338379 4.27760934829712 4.27541494369507 4.27493906021118 4.27457761764526 4.27389621734619 4.27267169952393 4.27065706253052 4.26742553710938 4.26403141021729 4.26094388961792 4.25764226913452 4.25652503967285 4.25528192520142 4.25419235229492 4.2546124458313 4.25630140304565 4.25351524353027 4.25234937667847 4.25377798080444 4.25636005401611 4.25829648971558 4.25904083251953 4.2593846321106 4.25855493545532 4.25733852386475 4.25621509552002 4.25599908828735 4.25552892684937 4.25339078903198 4.25198650360107 4.25103569030762 4.25054550170898 4.2504301071167 4.25009965896606 4.25067853927612 4.25082683563232
4.2690806388855 4.26830863952637 4.26938390731812 4.27364158630371 4.27864122390747 4.28282642364502 4.28312253952026 4.28090763092041 4.28122043609619 4.28103685379028 4.27966833114624 4.27828216552734 4.27910280227661 4.27996826171875 4.27917766571045 4.27781391143799 4.27796125411987 4.2775411605835 4.27548360824585 4.27222490310669 4.26787328720093 4.26430988311768 4.26148796081543 4.26036024093628 4.26010608673096 4.25838470458984 4.2583179473877 4.25844526290894 4.25844430923462 4.25750112533569 4.25850486755371 4.26039695739746 4.26144886016846 4.26077175140381 4.26095390319824 4.26041460037231 4.2599720954895 4.25863838195801 4.25564622879028 4.25342845916748 4.25173568725586 4.2512354850769 4.25107431411743 4.25112152099609 4.25135231018066 4.25186061859131 4.25181722640991
