Ecospace-environmental-drivers/Outputs/ASCII-for-ecospace/Temp-bot/Temp-bot_X1996.07.asc
NCOLS 131 
NROWS 53 
XLLCORNER -98 
YLLCORNER 23.9265270233154 
CELLSIZE 0.133587792515755 
NODATA_value -3.4e+38 
[rows 21 to 41 of 53, columns 0 to 46 of 131]
-3.4e+38 -3.4e+38 -3.4e+38 -3.4e+38 -3.4e+38 -3.4e+38 30.727991104126 30.8415145874023 30.6083698272705 31.002649307251 30.3283672332764 29.1908798217773 27.3430938720703 26.3453903198242 25.637134552002 24.8030261993408 23.6950283050537 22.6864032745361 21.7708950042725 20.9532165527344 20.5007343292236 20.1843795776367 19.9696311950684 20.1439399719238 20.1227035522461 20.0767307281494 19.8827781677246 19.7132549285889 19.6606712341309 19.481294631958 19.5028991699219 19.6005764007568 19.7862014770508 19.6357383728027 19.2533569335938 18.9089965820312 18.7113876342773 18.7943344116211 18.928129196167 18.9774417877197 18.8670387268066 19.1579856872559 19.2077808380127 19.289623260498 19.3525619506836 19.4345588684082 19.341064453125
-3.4e+38 -3.4e+38 -3.4e+38 -3.4e+38 -3.4e+38 -3.4e+38 30.8733787536621 30.4690818786621 30.8415145874023 29.9809455871582 28.2525463104248 26.036714553833 24.454517364502 23.2139301300049 22.3421077728271 21.6180095672607 21.2919464111328 20.9038581848145 20.3847942352295 19.8878765106201 19.2520351409912 18.7897415161133 18.655912399292 18.6927871704102 18.8179492950439 18.8246116638184 18.5688934326172 18.3308982849121 18.4726982116699 18.6473159790039 18.6651573181152 18.3098640441895 18.0277481079102 17.7974739074707 17.5316638946533 17.5714282989502 17.5138072967529 17.4597454071045 17.3250942230225 16.8389072418213 17.0823535919189 17.4605159759521 16.5139427185059 17.1044216156006 17.5384330749512 17.6277446746826 17.4874401092529
-3.4e+38 -3.4e+38 -3.4e+38 -3.4e+38 30.7637100219727 30.8062438964844 30.492015838623 30.8733787536621 29.6923542022705 27.5018291473389 24.7967376708984 22.6125221252441 20.8048648834229 19.7530784606934 19.6264972686768 20.2537422180176 20.2832298278809 20.3345108032227 19.8243274688721 18.6267070770264 17.1159896850586 15.7696409225464 14.5120420455933 13.816743850708 14.1907691955566 13.8023014068604 13.9702348709106 14.8862886428833 16.4044189453125 15.8638782501221 16.7526836395264 16.8149185180664 16.754093170166 15.8414878845215 16.7160758972168 16.1016464233398 15.1724529266357 15.1704149246216 13.8469543457031 10.9145917892456 11.5887231826782 11.2788028717041 13.6304626464844 11.8956432342529 13.0473680496216 13.3457927703857 14.1643800735474
-3.4e+38 -3.4e+38 -3.4e+38 -3.4e+38 30.8501796722412 30.634708404541 30.8062438964844 29.7964267730713 27.1847801208496 24.281063079834 21.9189758300781 20.0165386199951 18.9953804016113 18.6424160003662 18.6366500854492 18.7751846313477 18.2297077178955 15.7321405410767 14.1106109619141 11.9345655441284 9.67303371429443 8.33875560760498 8.82160949707031 8.83356952667236 9.51032447814941 9.25174617767334 9.76198482513428 9.39825344085693 10.07164478302 9.68710231781006 10.3749055862427 12.0149116516113 12.5442047119141 13.2187747955322 14.3807897567749 13.6862306594849 14.4458799362183 13.1727914810181 10.5890331268311 7.69177436828613 8.17502117156982 8.85424137115479 9.12968158721924 8.38612079620361 7.89516544342041 8.38553905487061 7.44469976425171
-3.4e+38 -3.4e+38 -3.4e+38 -3.4e+38 -3.4e+38 30.8501796722412 30.2477016448975 27.8024845123291 24.597957611084 21.9117851257324 19.9906444549561 18.9221076965332 18.320873260498 17.7573928833008 16.5995941162109 14.4127531051636 10.9955730438232 8.2177152633667 7.65123128890991 6.81090641021729 6.04594039916992 5.95244598388672 6.22044467926025 6.44510698318481 6.88464021682739 6.31213283538818 6.54159784317017 6.52846622467041 6.31006860733032 6.30351448059082 6.47940826416016 7.45801210403442 8.1183910369873 10.2577714920044 10.2150163650513 10.5893583297729 9.94753932952881 8.11720943450928 6.14391136169434 6.05605411529541 6.78160810470581 6.68247556686401 6.03544187545776 6.02534437179565 5.94302940368652 6.264488697052 5.89320802688599
-3.4e+38 -3.4e+38 -3.4e+38 -3.4e+38 -3.4e+38 30.4933986663818 28.9151268005371 25.4637641906738 22.6304874420166 20.1851749420166 19.0858783721924 18.4967365264893 17.6219177246094 15.6652326583862 12.8789167404175 10.3309135437012 7.38334560394287 6.09712934494019 5.84808492660522 5.37843894958496 5.02253532409668 5.08284616470337 5.11386775970459 5.53838300704956 5.19791650772095 5.40144681930542 5.22625398635864 5.06613397598267 5.2755389213562 5.08467388153076 5.46799945831299 5.98041296005249 6.90701055526733 7.35383749008179 6.71695232391357 7.03907012939453 6.56771898269653 5.62038230895996 5.44605779647827 5.27027320861816 5.54560613632202 5.16023111343384 5.468590259552 5.47791433334351 5.54176616668701 5.60392665863037 4.96888303756714
-3.4e+38 -3.4e+38 31.1517543792725 31.0435409545898 30.2017269134521 29.6164436340332 27.2213668823242 23.9888343811035 21.1550788879395 19.42138671875 18.7358226776123 17.9118480682373 16.0198059082031 12.7281589508057 9.53027248382568 7.97222852706909 6.26557731628418 5.17665719985962 4.77667617797852 4.75466871261597 4.86957311630249 4.92316436767578 5.01319599151611 4.99013519287109 4.97718286514282 5.09247589111328 4.78681135177612 4.70547723770142 4.7542200088501 4.9239501953125 5.26838350296021 5.44479656219482 5.6368088722229 5.7231707572937 5.76088523864746 5.60406160354614 5.53625297546387 5.42523956298828 5.20111465454102 4.99440908432007 5.03555107116699 4.92049884796143 4.79362392425537 4.72388076782227 4.90431022644043 4.90223026275635 4.58109664916992
-339999999999999996128486808808066248288.000000000000000 -3.4e+38 -3.4e+38 -3.4e+38 30.9353256225586 28.8117122650146 25.7611541748047 22.9067897796631 20.296537399292 19.0996322631836 18.4817924499512 16.9803485870361 13.353310585022 9.73705196380615 7.92207288742065 6.64555883407593 5.41836023330688 4.88083648681641 4.7397255897522 4.77580785751343 4.93242025375366 4.90772390365601 4.98645114898682 5.0464916229248 5.17747259140015 5.15249586105347 4.89694356918335 4.97709131240845 4.62533855438232 4.76775741577148 4.93240594863892 4.87820768356323 5.22385549545288 5.34178256988525 5.32277774810791 5.17457818984985 5.081139087677 4.92152881622314 4.91105651855469 4.79958915710449 4.64506006240845 4.60269689559937 4.46743059158325 4.45979642868042 4.43912553787231 4.43177652359009 4.44236755371094
-3.4e+38 -3.4e+38 -3.4e+38 -3.4e+38 30.4817657470703 28.0268154144287 25.0636043548584 22.2739295959473 19.9677429199219 19.0291500091553 18.1741218566895 15.7995986938477 11.0736227035522 8.09801959991455 6.49668264389038 5.73717498779297 5.39606809616089 4.99914741516113 4.80274057388306 4.92004537582397 4.74276351928711 4.54095983505249 4.54708623886108 4.59262704849243 4.62213325500488 4.89996719360352 4.78435659408569 4.671875 4.43860197067261 4.89225339889526 4.82564353942871 4.80539083480835 4.67707204818726 4.77667665481567 4.76802158355713 4.48619318008423 4.58793306350708 4.58864545822144 4.54120111465454 4.50163221359253 4.46557235717773 4.44581270217896 4.40143871307373 4.34926605224609 4.39312267303467 4.33166790008545 4.32681512832642
-3.4e+38 -3.4e+38 -3.4e+38 -3.4e+38 30.1483936309814 27.7854385375977 24.9487800598145 22.0281276702881 19.8997840881348 18.9983444213867 17.9894714355469 14.3776226043701 9.20572185516357 7.17482089996338 5.87618398666382 5.38893842697144 4.96362257003784 4.82717561721802 4.4989218711853 4.52893590927124 4.46825456619263 4.54183530807495 4.58954572677612 4.61817646026611 4.4950122833252 4.62762308120728 4.94648551940918 4.34457540512085 4.31173896789551 4.59353113174438 4.94762134552002 4.60417032241821 4.50597715377808 4.53113079071045 4.46758365631104 4.44146537780762 4.43556833267212 4.46400308609009 4.43938064575195 4.44940996170044 4.40760517120361 4.36928987503052 4.32323503494263 4.34784650802612 4.30843877792358 4.29839181900024 4.29635715484619
-3.4e+38 -3.4e+38 -3.4e+38 -3.4e+38 31.1926097869873 27.9211177825928 25.0628337860107 22.3781776428223 20.1302833557129 19.0335712432861 17.9845657348633 14.3471488952637 8.85317802429199 6.92830896377563 5.64254474639893 4.73859834671021 4.5990309715271 4.54871702194214 4.43509674072266 4.39107656478882 4.3976616859436 4.39446640014648 4.54439401626587 4.55029296875 4.58163022994995 4.67731475830078 5.2631630897522 5.10688447952271 4.46247148513794 4.55208492279053 4.48860692977905 4.38102006912231 4.42114019393921 4.41316890716553 4.43182992935181 4.44531631469727 4.43251752853394 4.4230260848999 4.37464618682861 4.33389091491699 4.3195161819458 4.30913639068604 4.29594945907593 4.29311227798462 4.2947850227356 4.29093551635742 4.29021120071411
-3.4e+38 -3.4e+38 -3.4e+38 -3.4e+38 30.9867935180664 28.5340251922607 25.5684204101562 22.9859867095947 20.8288593292236 19.3412933349609 18.321907043457 16.2797451019287 9.64109134674072 6.65058946609497 5.55862379074097 4.5981240272522 4.36438417434692 4.32312059402466 4.37678337097168 4.34706687927246 4.38401508331299 4.40216302871704 4.39891242980957 4.38884401321411 4.67403316497803 4.66928720474243 4.71258068084717 4.6610541343689 4.60614967346191 4.54670858383179 4.37877035140991 4.43183708190918 4.42329740524292 4.36630201339722 4.30330562591553 4.35244417190552 4.32359313964844 4.32375717163086 4.32175588607788 4.31090354919434 4.30114030838013 4.29918575286865 4.33967542648315 4.28502464294434 4.28267335891724 4.28238677978516 4.28858613967896
-3.4e+38 -3.4e+38 -3.4e+38 -3.4e+38 31.0770664215088 29.4471435546875 26.4801120758057 23.5749568939209 21.9961605072021 20.5057239532471 19.0174579620361 17.8196887969971 12.0903367996216 6.56560468673706 5.18645429611206 4.64462184906006 4.43347978591919 4.33917284011841 4.34062004089355 4.3223295211792 4.34156179428101 4.36787128448486 4.3691840171814 4.36758613586426 4.33578824996948 4.29303455352783 4.28374147415161 4.28535747528076 4.28886461257935 4.33511352539062 4.31797075271606 4.39586162567139 4.33190536499023 4.28075408935547 4.26814556121826 4.30139017105103 4.3032398223877 4.30028486251831 4.30844736099243 4.31807136535645 4.29664945602417 4.29969930648804 4.32196474075317 4.32886266708374 4.30780124664307 4.28009605407715 4.2946925163269
-3.4e+38 -3.4e+38 -3.4e+38 -3.4e+38 -3.4e+38 29.0322151184082 27.6290664672852 24.2558822631836 22.3699703216553 21.2768630981445 19.8794498443604 18.6649227142334 14.7261199951172 6.83806467056274 5.26328277587891 4.68200778961182 4.52284908294678 4.37401056289673 4.36909818649292 4.31696701049805 4.32018518447876 4.33774852752686 4.35055494308472 4.372474193573 4.36605072021484 4.28641080856323 4.26514625549316 4.26492023468018 4.2774453163147 4.28582286834717 4.28590488433838 4.28265619277954 4.27890062332153 4.26952123641968 4.2679648399353 4.26562786102295 4.27252101898193 4.29108476638794 4.29719734191895 4.2951831817627 4.30150127410889 4.31256580352783 4.30591154098511 4.29079627990723 4.30774545669556 4.29217624664307 4.28981161117554
-3.4e+38 -3.4e+38 -3.4e+38 -3.4e+38 -3.4e+38 31.4330272674561 28.2676887512207 24.9151878356934 22.3626251220703 20.9970092773438 19.854341506958 19.1142692565918 15.2357168197632 7.17264080047607 5.46428966522217 4.70226669311523 4.78947591781616 4.44300985336304 4.39574670791626 4.30752420425415 4.31328821182251 4.32128095626831 4.29739284515381 4.3232102394104 4.30107688903809 4.28689241409302 4.27617597579956 4.27371644973755 4.26424360275269 4.25194597244263 4.25123310089111 4.25325489044189 4.25764846801758 4.25939750671387 4.28429555892944 4.24607563018799 4.25177240371704 4.26540279388428 4.28218173980713 4.28081893920898 4.27581214904785 4.29586458206177 4.29471397399902 4.29167366027832 4.28839826583862 4.26867294311523 4.25834655761719
-3.4e+38 -3.4e+38 -3.4e+38 -3.4e+38 -3.4e+38 31.4028778076172 28.4182739257812 24.7683506011963 22.1728706359863 20.5986862182617 19.5771427154541 19.2151393890381 13.6495170593262 6.81069374084473 5.26571226119995 4.74722766876221 5.00799036026001 4.84522390365601 4.33598804473877 4.29055690765381 4.29111671447754 4.2921404838562 4.25684309005737 4.25265169143677 4.25019454956055 4.24218320846558 4.25374460220337 4.23981904983521 4.21796607971191 4.227135181427 4.24307298660278 4.24343013763428 4.24549436569214 4.25057125091553 4.24790573120117 4.24148035049438 4.24586343765259 4.25408458709717 4.26611757278442 4.25440788269043 4.25118780136108 4.25413370132446 4.2643404006958 4.27081155776978 4.26115226745605 4.23930072784424 4.25132703781128
-3.4e+38 -3.4e+38 -3.4e+38 -3.4e+38 -3.4e+38 -3.4e+38 28.9764938354492 24.7619647979736 21.9765224456787 20.0969676971436 19.2890815734863 19.0393314361572 14.1902208328247 7.29456043243408 5.37086343765259 4.87835168838501 5.33886098861694 4.93638849258423 4.32906913757324 4.28232574462891 4.2680230140686 4.27032804489136 4.24059104919434 4.234299659729 4.22077941894531 4.21663236618042 4.22354412078857 4.22806835174561 4.22610378265381 4.22440910339355 4.22491455078125 4.22336864471436 4.22312498092651 4.22370338439941 4.22198963165283 4.22219848632812 4.22388362884521 4.22705459594727 4.23602914810181 4.23981761932373 4.24521398544312 4.24951076507568 4.25182914733887 4.24995899200439 4.22775745391846 4.22079277038574 4.23192596435547
-3.4e+38 -3.4e+38 -3.4e+38 -3.4e+38 -3.4e+38 -3.4e+38 29.875057220459 24.6736927032471 21.5649681091309 19.5720195770264 19.0864276885986 18.7298049926758 12.8495254516602 7.62354278564453 5.66776752471924 5.20155715942383 5.64383888244629 5.25533962249756 4.37929534912109 4.2573299407959 4.24504566192627 4.23319721221924 4.22232246398926 4.21314430236816 4.21039199829102 4.21109390258789 4.21126127243042 4.21272945404053 4.21357870101929 4.21309423446655 4.2126669883728 4.21307468414307 4.21264266967773 4.2113676071167 4.21127080917358 4.21238613128662 4.21419048309326 4.2164626121521 4.22239875793457 4.24847984313965 4.23486661911011 4.24057531356812 4.24043941497803 4.22748041152954 4.21368503570557 4.20208835601807 4.20316886901855
-3.4e+38 -3.4e+38 -3.4e+38 -3.4e+38 -3.4e+38 -3.4e+38 29.8728466033936 23.5821800231934 20.5938930511475 19.3168754577637 18.9148769378662 18.5294227600098 13.5896348953247 6.81301069259644 5.49525547027588 4.9548487663269 5.3398175239563 5.00598812103271 4.40012693405151 4.26212501525879 4.2353572845459 4.21612787246704 4.20413684844971 4.20564889907837 4.21228551864624 4.21409463882446 4.21398878097534 4.21418237686157 4.21453046798706 4.21438121795654 4.21424388885498 4.2142505645752 4.21407508850098 4.21395254135132 4.21417856216431 4.21582984924316 4.21721458435059 4.21640968322754 4.21539163589478 4.21889925003052 4.22117805480957 4.2192554473877 4.21527862548828 4.21225595474243 4.21380233764648 4.23503160476685 4.20900821685791
-3.4e+38 -3.4e+38 -3.4e+38 -3.4e+38 -3.4e+38 31.1166439056396 28.574914932251 21.8117427825928 19.7505531311035 19.1510906219482 18.5643177032471 18.3591270446777 11.870644569397 6.17858839035034 5.05978679656982 4.80136108398438 5.11785745620728 4.97383499145508 4.45177173614502 4.26527881622314 4.21531629562378 4.2038140296936 4.21112012863159 4.21537923812866 4.21922731399536 4.22196340560913 4.22301626205444 4.22318601608276 4.22277021408081 4.22175550460815 4.2207498550415 4.21990633010864 4.21913719177246 4.21920871734619 4.21911954879761 4.2197642326355 4.22006130218506 4.21901416778564 4.2179594039917 4.21813917160034 4.21906280517578 4.21809577941895 4.21294212341309 4.20895147323608 4.20865869522095 4.21231079101562 4.21544313430786
-3.4e+38 -3.4e+38 -3.4e+38 -3.4e+38 30.4581260681152 30.6001205444336 24.4019336700439 20.4124660491943 19.4692707061768 18.9260387420654 18.1896495819092 17.3881320953369 9.63810920715332 5.68780469894409 4.94811201095581 4.83446788787842 5.14083576202393 4.79098129272461 4.40151786804199 4.24945735931396 4.20016431808472 4.21280813217163 4.21940088272095 4.22699069976807 4.23313283920288 4.23705244064331 4.24011945724487 4.24296760559082 4.24438238143921 4.24324560165405 4.23948621749878 4.23400163650513 4.22852611541748 4.22545719146729 4.2252082824707 4.22617340087891 4.22675085067749 4.22480487823486 4.22158670425415 4.22096633911133 4.22072696685791 4.21929454803467 4.21650886535645 4.21443939208984 4.21397161483765 4.21492862701416 4.22037267684937
