Ecospace-environmental-drivers/Outputs/ASCII-for-ecospace/Temp-bot/Temp-bot_X2007.04.asc
NCOLS 131 
NROWS 53 
XLLCORNER -98 
YLLCORNER 23.9265270233154 
CELLSIZE 0.133587792515755 
NODATA_value -3.4e+38 
[rows 21 to 41 of 53, columns 47 to 93 of 131]
18.7962265014648 18.5098400115967 18.4228076934814 18.4299755096436 18.460750579834 18.4644069671631 17.74587059021 17.6084003448486 17.3632926940918 16.3281764984131 14.353199005127 13.3593769073486 11.5885972976685 9.36591529846191 7.37458086013794 5.81538581848145 5.01137447357178 4.8554801940918 4.85580635070801 4.68160581588745 4.38670206069946 4.31643724441528 4.28671360015869 4.28074216842651 4.27258491516113 4.26835775375366 4.27165842056274 4.27016258239746 4.27411317825317 4.27607297897339 4.27230024337769 4.27433109283447 4.27806997299194 4.28439807891846 4.28381872177124 4.28131008148193 4.27506971359253 4.33780860900879 4.87363243103027 5.46697759628296 5.70962715148926 5.92949724197388 6.41245031356812 7.1956787109375 8.30564117431641 9.40629196166992 10.5453643798828
16.2998180389404 15.7543039321899 15.6538553237915 15.667797088623 16.093240737915 15.1985301971436 12.7848253250122 13.5943937301636 12.1900367736816 10.1636037826538 9.40391159057617 8.61335754394531 8.06853675842285 6.71127367019653 5.87877702713013 5.52962970733643 4.90693187713623 4.74771738052368 4.47651290893555 4.47723770141602 4.36372184753418 4.30177688598633 4.28341579437256 4.26782274246216 4.25983762741089 4.26332950592041 4.27017879486084 4.26796340942383 4.27438545227051 4.27501583099365 4.27750253677368 4.27912902832031 4.28121566772461 4.28400659561157 4.28667449951172 4.28896188735962 4.29016351699829 4.28762149810791 4.27367401123047 4.2451810836792 4.38261651992798 4.51887607574463 4.81412029266357 5.42467403411865 6.31792831420898 6.92401170730591 8.06228065490723
11.6803750991821 11.4394502639771 11.783145904541 11.0662508010864 10.524827003479 9.5477180480957 9.6900691986084 8.13343334197998 6.88875102996826 6.44579458236694 6.29745149612427 6.5195050239563 5.89651727676392 5.48942899703979 5.08762073516846 4.90351724624634 4.7248592376709 4.49233436584473 4.36253976821899 4.35125350952148 4.34228801727295 4.30396223068237 4.29219198226929 4.26140975952148 4.26178550720215 4.26517105102539 4.27048206329346 4.27564907073975 4.27493286132812 4.27951383590698 4.28378009796143 4.28440999984741 4.28513669967651 4.28601312637329 4.28732919692993 4.28935050964355 4.29165315628052 4.30106782913208 4.31977939605713 4.29669666290283 4.28960943222046 4.29764795303345 4.28012132644653 4.38916349411011 4.82821464538574 5.68951272964478 6.49463081359863
7.41933965682983 7.40521430969238 6.88699245452881 7.39326000213623 7.10058546066284 6.46192455291748 6.04542064666748 5.60685157775879 5.23909282684326 5.45527219772339 5.38582420349121 5.47734260559082 5.06486129760742 4.90570259094238 4.78062915802002 4.69076108932495 4.46871900558472 4.39161252975464 4.33832502365112 4.31527757644653 4.30450391769409 4.28859329223633 4.2915620803833 4.28383016586304 4.27474594116211 4.27794408798218 4.29730367660522 4.2832465171814 4.27512550354004 4.27996921539307 4.28581762313843 4.28771352767944 4.28756141662598 4.28810024261475 4.32859802246094 4.33289623260498 4.33990335464478 4.33424377441406 4.33295440673828 4.31881046295166 4.30311489105225 4.29155921936035 4.29447460174561 4.28708505630493 4.29830074310303 4.63085603713989 5.424964427948
5.49390172958374 5.35312414169312 5.30162286758423 5.20960521697998 5.06277370452881 5.28002452850342 4.95876026153564 5.09369611740112 4.87441301345825 4.86749601364136 4.81939935684204 4.76979732513428 4.72983121871948 4.709801197052 4.68036317825317 4.48868799209595 4.33317852020264 4.30885791778564 4.30809164047241 4.29471635818481 4.28729057312012 4.28071975708008 4.27899837493896 4.28483390808105 4.28685569763184 4.27929401397705 4.28607654571533 4.28723669052124 4.28166484832764 4.28609180450439 4.28934574127197 4.29086112976074 4.29039812088013 4.3069109916687 4.34723520278931 4.34005212783813 4.33519506454468 4.33031272888184 4.33212852478027 4.32535314559937 4.31321477890015 4.29419040679932 4.29710865020752 4.29488182067871 4.29197931289673 4.27567577362061 4.62336874008179
4.83115482330322 4.8823413848877 4.87073993682861 4.49873018264771 4.49682807922363 4.73702144622803 4.77331972122192 4.62208938598633 4.717360496521 4.64020967483521 4.69482660293579 4.63723230361938 4.69513607025146 4.51410341262817 4.3851113319397 4.31801509857178 4.28474044799805 4.27847480773926 4.2736554145813 4.26922702789307 4.27380275726318 4.27642202377319 4.25444173812866 4.25328016281128 4.25870656967163 4.27080249786377 4.27728271484375 4.27971267700195 4.28251838684082 4.29026985168457 4.29355955123901 4.29406595230103 4.29353284835815 4.33933877944946 4.34381914138794 4.33806037902832 4.33348178863525 4.32683277130127 4.31720542907715 4.31066370010376 4.30123901367188 4.29770994186401 4.30186796188354 4.29977464675903 4.2976188659668 4.29935359954834 4.30437707901001
4.49218845367432 4.50789499282837 4.39314270019531 4.33771467208862 4.33403539657593 4.36109352111816 4.42932033538818 4.52581882476807 4.53267288208008 4.36686277389526 4.37279987335205 4.38047075271606 4.36349868774414 4.34597110748291 4.28874731063843 4.27948093414307 4.2690315246582 4.25823593139648 4.26533222198486 4.26473617553711 4.27238416671753 4.25102043151855 4.25184202194214 4.25888299942017 4.26097393035889 4.26826429367065 4.27585411071777 4.28108930587769 4.28825902938843 4.29440069198608 4.29609870910645 4.29407167434692 4.29276704788208 4.29229211807251 4.31272554397583 4.34781122207642 4.33471202850342 4.3235445022583 4.31041765213013 4.30842256546021 4.30637359619141 4.30537986755371 4.30514907836914 4.30350828170776 4.3030481338501 4.30604600906372 4.28898763656616
4.37034940719604 4.33210134506226 4.30958271026611 4.30218124389648 4.32142305374146 4.2967004776001 4.28917407989502 4.32395172119141 4.31755971908569 4.32394409179688 4.31859302520752 4.30053758621216 4.28181028366089 4.28078556060791 4.27088069915771 4.2714581489563 4.26512098312378 4.25998783111572 4.25919675827026 4.25866556167603 4.25127506256104 4.25141525268555 4.25823354721069 4.26438426971436 4.26924467086792 4.2751407623291 4.28365850448608 4.28456974029541 4.28961563110352 4.29336643218994 4.29513740539551 4.29409503936768 4.29308414459229 4.29317760467529 4.31122255325317 4.31334495544434 4.33475208282471 4.31986045837402 4.31383180618286 4.3082218170166 4.3087592124939 4.30786800384521 4.30612850189209 4.30576133728027 4.30824947357178 4.30968713760376 4.30776643753052
4.29316663742065 4.27983856201172 4.27484512329102 4.275550365448 4.27397632598877 4.27124738693237 4.2673716545105 4.2722544670105 4.27302026748657 4.28101539611816 4.27284908294678 4.27657413482666 4.27061080932617 4.26722383499146 4.27588796615601 4.28289365768433 4.27772903442383 4.26927137374878 4.2652325630188 4.26158714294434 4.25830411911011 4.25185203552246 4.25491333007812 4.26448345184326 4.27621030807495 4.27957725524902 4.28149080276489 4.28411674499512 4.28796672821045 4.29125070571899 4.29284811019897 4.29276037216187 4.29157400131226 4.29193878173828 4.29137706756592 4.29135799407959 4.32954216003418 4.3239598274231 4.30801486968994 4.30782890319824 4.30583190917969 4.30611944198608 4.30654430389404 4.30817699432373 4.30791664123535 4.30942249298096 4.30988597869873
4.27602529525757 4.27495718002319 4.30973386764526 4.29209136962891 4.26725959777832 4.28051996231079 4.27077674865723 4.27074718475342 4.26823282241821 4.2726035118103 4.26840829849243 4.27134370803833 4.27849626541138 4.27131795883179 4.27617931365967 4.27965211868286 4.2899112701416 4.27904367446899 4.27700757980347 4.26867961883545 4.26208209991455 4.25748252868652 4.25792503356934 4.26342487335205 4.27793836593628 4.28321075439453 4.28261566162109 4.2834906578064 4.28565549850464 4.28708982467651 4.28832054138184 4.28871870040894 4.28780937194824 4.2884578704834 4.28893280029297 4.28952646255493 4.31970691680908 4.31334590911865 4.30677318572998 4.30771112442017 4.30564880371094 4.30665683746338 4.30823945999146 4.31052112579346 4.31066703796387 4.31192493438721 4.31405544281006
4.30538415908813 4.27148771286011 4.2901439666748 4.27894067764282 4.26610565185547 4.26706075668335 4.27014446258545 4.27034568786621 4.2715482711792 4.27552032470703 4.27310514450073 4.2768177986145 4.27978658676147 4.27939081192017 4.28069972991943 4.27959489822388 4.28260040283203 4.28382205963135 4.27959156036377 4.27568912506104 4.27273988723755 4.26436996459961 4.26301145553589 4.26438188552856 4.27591228485107 4.28159427642822 4.2834210395813 4.28280067443848 4.28396368026733 4.28432559967041 4.28474855422974 4.28540802001953 4.28502321243286 4.2854790687561 4.28599166870117 4.28769683837891 4.32652807235718 4.3126368522644 4.31199741363525 4.30955076217651 4.30708503723145 4.3068413734436 4.30704641342163 4.30756521224976 4.30918645858765 4.31229639053345 4.31571578979492
4.27668809890747 4.27310466766357 4.2764744758606 4.27022361755371 4.26503658294678 4.27038717269897 4.25961446762085 4.26612854003906 4.26966905593872 4.27922821044922 4.2815089225769 4.2842698097229 4.28424882888794 4.28591823577881 4.28583002090454 4.28565835952759 4.28522253036499 4.28379487991333 4.28353261947632 4.28202247619629 4.27866363525391 4.27675724029541 4.26625537872314 4.2681941986084 4.27192640304565 4.2767014503479 4.28023099899292 4.27886199951172 4.27983093261719 4.2814245223999 4.28277730941772 4.28353452682495 4.28373765945435 4.28544473648071 4.28657007217407 4.28754997253418 4.32824993133545 4.32071256637573 4.31681489944458 4.30790424346924 4.3057689666748 4.30700206756592 4.3059344291687 4.30447673797607 4.3054575920105 4.30639123916626 4.30919885635376
4.2706151008606 4.27006864547729 4.2677698135376 4.26352643966675 4.26595830917358 4.26035976409912 4.25637245178223 4.26910924911499 4.28349542617798 4.28706836700439 4.28895902633667 4.28975391387939 4.28852415084839 4.28883075714111 4.28758144378662 4.28719615936279 4.28677606582642 4.28557252883911 4.28542566299438 4.28626298904419 4.28460121154785 4.27809953689575 4.27737236022949 4.28035736083984 4.27926874160767 4.27987909317017 4.28142261505127 4.28072500228882 4.28027248382568 4.28207540512085 4.28397178649902 4.28470182418823 4.28471755981445 4.28577327728271 4.28726482391357 4.31238555908203 4.32922983169556 4.32189464569092 4.3191442489624 4.30828619003296 4.31246614456177 4.31743717193604 4.31200265884399 4.30652284622192 4.31241655349731 4.30536651611328 4.30242776870728
4.26948118209839 4.27091217041016 4.26244354248047 4.25628614425659 4.25707721710205 4.25376462936401 4.27610397338867 4.29180192947388 4.28746223449707 4.29397964477539 4.32861232757568 4.33829259872437 4.32206869125366 4.32806587219238 4.32039833068848 4.30677509307861 4.29528188705444 4.28637742996216 4.28577327728271 4.2856330871582 4.28434991836548 4.28013563156128 4.2802996635437 4.27992582321167 4.28215074539185 4.28403091430664 4.28349924087524 4.28382873535156 4.28473854064941 4.28588438034058 4.28656721115112 4.28939151763916 4.30301666259766 4.31219387054443 4.32522678375244 4.33323049545288 4.33031320571899 4.32714986801147 4.32402276992798 4.32018947601318 4.32405614852905 4.32568264007568 4.33069324493408 4.32417488098145 4.32430934906006 4.30447721481323 4.29989671707153
4.26042032241821 4.26402711868286 4.25000333786011 4.25105714797974 4.2520923614502 4.2545166015625 4.3161187171936 4.33135604858398 4.32749176025391 4.33018064498901 4.33477401733398 4.33585262298584 4.33298683166504 4.33025026321411 4.32698202133179 4.33098459243774 4.33373641967773 4.33904218673706 4.32081651687622 4.28435659408569 4.28305768966675 4.28160905838013 4.28195810317993 4.28082609176636 4.28170251846313 4.28361177444458 4.28427982330322 4.28528833389282 4.28558588027954 4.28627157211304 4.30665349960327 4.3441915512085 4.33967304229736 4.33269071578979 4.33300971984863 4.33648633956909 4.34031867980957 4.34203243255615 4.3392276763916 4.33694362640381 4.33865928649902 4.34231472015381 4.345290184021 4.34650087356567 4.34164094924927 4.31328153610229 4.31033372879028
4.2527437210083 4.25375413894653 4.25457000732422 4.25913572311401 4.26818370819092 4.31603670120239 4.34190225601196 4.3464879989624 4.34968996047974 4.35098123550415 4.34860610961914 4.34288454055786 4.33849954605103 4.33574628829956 4.32816219329834 4.32388734817505 4.32545232772827 4.33169603347778 4.34018898010254 4.33197641372681 4.30312204360962 4.28153896331787 4.28094387054443 4.28177404403687 4.28261375427246 4.28339242935181 4.28460550308228 4.2857928276062 4.2895770072937 4.31589365005493 4.34576797485352 4.34310674667358 4.34381103515625 4.34183073043823 4.34234523773193 4.34542846679688 4.34774446487427 4.34888887405396 4.34969282150269 4.35167407989502 4.35358238220215 4.35383701324463 4.34495735168457 4.33735799789429 4.31967735290527 4.31292676925659 4.30571174621582
4.25238656997681 4.25571155548096 4.27408266067505 4.33037948608398 4.34397029876709 4.35342884063721 4.36028575897217 4.36237859725952 4.36932945251465 4.37272262573242 4.37078619003296 4.36230897903442 4.35271406173706 4.34277629852295 4.32680749893188 4.31279134750366 4.31771755218506 4.32022523880005 4.32445478439331 4.3349404335022 4.3400297164917 4.32573413848877 4.30275583267212 4.32334232330322 4.32382774353027 4.31433248519897 4.32557725906372 4.32620000839233 4.34005737304688 4.347487449646 4.34409189224243 4.34373188018799 4.34250545501709 4.33990335464478 4.33968544006348 4.34419393539429 4.34916019439697 4.35402297973633 4.35579395294189 4.36012744903564 4.35958957672119 4.36246252059937 4.34754514694214 4.32665109634399 4.3240909576416 4.32386159896851 4.32242965698242
4.2637996673584 4.27649021148682 4.33388042449951 4.34998798370361 4.3610897064209 4.36348676681519 4.36918592453003 4.37781524658203 4.3795051574707 4.37864971160889 4.37630701065063 4.37354326248169 4.36368656158447 4.35646820068359 4.34632635116577 4.31662130355835 4.31776762008667 4.31550645828247 4.31594324111938 4.32122182846069 4.32786750793457 4.33186054229736 4.33623313903809 4.33766078948975 4.33887386322021 4.34200668334961 4.34038734436035 4.34046983718872 4.34113597869873 4.33950471878052 4.33652496337891 4.33258581161499 4.33499383926392 4.33586883544922 4.34182929992676 4.35030126571655 4.3541202545166 4.3532247543335 4.35395812988281 4.35767412185669 4.36141538619995 4.3624210357666 4.33983135223389 4.32915925979614 4.33115100860596 4.33238363265991 4.32793569564819
4.32807207107544 4.34312963485718 4.35565853118896 4.36338186264038 4.36565446853638 4.37551259994507 4.3814435005188 4.38239765167236 4.38149547576904 4.38055753707886 4.37946033477783 4.37727403640747 4.37463665008545 4.36616659164429 4.32979726791382 4.32572078704834 4.32207298278809 4.31715440750122 4.31571292877197 4.32075786590576 4.32404232025146 4.32318496704102 4.32147932052612 4.32052755355835 4.32104015350342 4.32824277877808 4.336106300354 4.33698749542236 4.33501100540161 4.33133316040039 4.33135557174683 4.33346652984619 4.33555316925049 4.33529090881348 4.34001779556274 4.35521507263184 4.35531568527222 4.35582447052002 4.35699892044067 4.34879064559937 4.35698795318604 4.35751581192017 4.35042428970337 4.3478798866272 4.34981679916382 4.35013771057129 4.35322093963623
4.35699224472046 4.36020135879517 4.36318397521973 4.36507558822632 4.37309503555298 4.38152885437012 4.38257074356079 4.38343524932861 4.38415908813477 4.38361167907715 4.38192653656006 4.38030910491943 4.37910652160645 4.3680305480957 4.34096670150757 4.33189153671265 4.32435750961304 4.32141923904419 4.32255077362061 4.32644701004028 4.32493925094604 4.31928443908691 4.31815910339355 4.31231164932251 4.31488037109375 4.32069635391235 4.32657480239868 4.32829761505127 4.32626390457153 4.3234920501709 4.32505369186401 4.32565927505493 4.32589960098267 4.32125425338745 4.32320833206177 4.34200525283813 4.35663414001465 4.35835647583008 4.35847187042236 4.35811233520508 4.36033582687378 4.36271095275879 4.36269378662109 4.36352777481079 4.36495542526245 4.36630010604858 4.36708974838257
4.36280870437622 4.36487436294556 4.36720323562622 4.37348318099976 4.37929534912109 4.38153553009033 4.38286924362183 4.38509750366211 4.38766527175903 4.3881139755249 4.3858528137207 4.38369131088257 4.37816429138184 4.35533380508423 4.35217571258545 4.34297704696655 4.32773780822754 4.32634592056274 4.3268871307373 4.32609415054321 4.32109594345093 4.31049919128418 4.31082630157471 4.31864738464355 4.32604455947876 4.32783794403076 4.32500648498535 4.32010555267334 4.31936597824097 4.32147693634033 4.32209205627441 4.31868505477905 4.31607627868652 4.31174945831299 4.30893278121948 4.32133960723877 4.35135126113892 4.35603809356689 4.36029100418091 4.35990762710571 4.36042213439941 4.36335945129395 4.36394262313843 4.3650279045105 4.36682891845703 4.36872625350952 4.37006902694702
