Ecospace-environmental-drivers/Outputs/ASCII-for-ecospace/Temp-bot/Temp-bot_X1994.08.asc
NCOLS 131 
NROWS 53 
XLLCORNER -98 
YLLCORNER 23.9265270233154 
CELLSIZE 0.133587792515755 
NODATA_value -3.4e+38 
[rows 0 to 20 of 53, columns 47 to 93 of 131]
-3.4e+38 -3.4e+38 -3.4e+38 -3.4e+38 -3.4e+38 -3.4e+38 -3.4e+38 -3.4e+38 -3.4e+38 -3.4e+38 -3.4e+38 -3.4e+38 -3.4e+38 -3.4e+38 -3.4e+38 -3.4e+38 -3.4e+38 -3.4e+38 -3.4e+38 -3.4e+38 -3.4e+38 -3.4e+38 -3.4e+38 -3.4e+38 -3.4e+38 -3.4e+38 -3.4e+38 -3.4e+38 -3.4e+38 -3.4e+38 -3.4e+38 -3.4e+38 -3.4e+38 -3.4e+38 -3.4e+38 -3.4e+38 -3.4e+38 -3.4e+38 -3.4e+38 -3.4e+38 -3.4e+38 -3.4e+38 -3.4e+38 -3.4e+38 -3.4e+38 -3.4e+38 -3.4e+38
-3.4e+38 -3.4e+38 -3.4e+38 -3.4e+38 -3.4e+38 -3.4e+38 -3.4e+38 -3.4e+38 -3.4e+38 -3.4e+38 -3.4e+38 -3.4e+38 -3.4e+38 -3.4e+38 -3.4e+38 -3.4e+38 -3.4e+38 -3.4e+38 -3.4e+38 -3.4e+38 -3.4e+38 -3.4e+38 -3.4e+38 -3.4e+38 -3.4e+38 -3.4e+38 -3.4e+38 -3.4e+38 -3.4e+38 -3.4e+38 -3.4e+38 -3.4e+38 -3.4e+38 -3.4e+38 -3.4e+38 -3.4e+38 -3.4e+38 -3.4e+38 -3.4e+38 -3.4e+38 -3.4e+38 -3.4e+38 -3.4e+38 -3.4e+38 -3.4e+38 -3.4e+38 -3.4e+38
-3.4e+38 -3.4e+38 -3.4e+38 -3.4e+38 -3.4e+38 -3.4e+38 -3.4e+38 -3.4e+38 -3.4e+38 -3.4e+38 -3.4e+38 -3.4e+38 -3.4e+38 -3.4e+38 -3.4e+38 -3.4e+38 -3.4e+38 -3.4e+38 -3.4e+38 -3.4e+38 -3.4e+38 -3.4e+38 -3.4e+38 -3.4e+38 -3.4e+38 -3.4e+38 -3.4e+38 30.9573345184326 30.9630966186523 -3.4e+38 -3.4e+38 -3.4e+38 -3.4e+38 -3.4e+38 -3.4e+38 -3.4e+38 -3.4e+38 -3.4e+38 -3.4e+38 -3.4e+38 -3.4e+38 -3.4e+38 -3.4e+38 -3.4e+38 -3.4e+38 -3.4e+38 -3.4e+38
-3.4e+38 -3.4e+38 -3.4e+38 -3.4e+38 -3.4e+38 -3.4e+38 -3.4e+38 -3.4e+38 -3.4e+38 -3.4e+38 -3.4e+38 -3.4e+38 -3.4e+38 -3.4e+38 -3.4e+38 -3.4e+38 -3.4e+38 -3.4e+38 -3.4e+38 -3.4e+38 -3.4e+38 -3.4e+38 -3.4e+38 -3.4e+38 -3.4e+38 -3.4e+38 -3.4e+38 30.9259452819824 30.8925666809082 -3.4e+38 -3.4e+38 -3.4e+38 -3.4e+38 -3.4e+38 -3.4e+38 -3.4e+38 -3.4e+38 -3.4e+38 -3.4e+38 -3.4e+38 -3.4e+38 -3.4e+38 -3.4e+38 -3.4e+38 -3.4e+38 -3.4e+38 -3.4e+38
-3.4e+38 -3.4e+38 -3.4e+38 -3.4e+38 -3.4e+38 -3.4e+38 -3.4e+38 -3.4e+38 -3.4e+38 31.3556251525879 31.3556251525879 31.3517971038818 31.3144474029541 -3.4e+38 -3.4e+38 -3.4e+38 -3.4e+38 -3.4e+38 30.9493923187256 30.906099319458 30.9163265228271 30.9473266601562 30.9672565460205 31.1295185089111 31.1016178131104 31.0164127349854 30.9230861663818 30.8634471893311 30.9759101867676 31.3221855163574 -3.4e+38 -3.4e+38 29.2862720489502 29.114688873291 29.5704135894775 29.1456508636475 28.8509769439697 29.1808128356934 29.3496227264404 28.7378845214844 29.153694152832 28.8320808410645 -3.4e+38 -3.4e+38 -3.4e+38 -3.4e+38 -3.4e+38
-3.4e+38 -3.4e+38 -3.4e+38 -3.4e+38 -3.4e+38 -3.4e+38 -3.4e+38 -3.4e+38 31.3556251525879 31.3556251525879 31.3556251525879 31.3556251525879 31.3479690551758 31.3065395355225 31.2476539611816 -3.4e+38 31.1649227142334 31.1729526519775 30.9514942169189 30.7670230865479 30.5460376739502 30.4380626678467 30.6842021942139 30.705150604248 30.6348495483398 30.4018974304199 30.3460063934326 30.6383934020996 30.8547992706299 31.2580528259277 29.7900657653809 29.531530380249 29.3386344909668 28.9886512756348 28.5610523223877 28.2569274902344 28.1472225189209 27.9590797424316 27.6673145294189 27.8689365386963 28.1513233184814 28.8125019073486 29.2108058929443 29.4797420501709 -3.4e+38 -3.4e+38 -3.4e+38
-3.4e+38 -3.4e+38 -3.4e+38 -3.4e+38 -3.4e+38 -3.4e+38 -3.4e+38 -3.4e+38 31.3519420623779 31.3556251525879 31.3556251525879 31.3556251525879 31.3556251525879 31.3403129577637 31.282564163208 31.2476539611816 31.1659984588623 31.0730876922607 30.8737678527832 30.7134647369385 30.0942554473877 29.6549777984619 29.225944519043 29.0638332366943 29.0373725891113 28.859203338623 28.7464199066162 29.1052780151367 29.1094779968262 29.0184879302979 28.8539218902588 28.3405437469482 27.9941253662109 27.480842590332 26.6698760986328 25.0884609222412 23.2781448364258 23.7253475189209 24.2357749938965 24.5376586914062 24.7262630462646 25.7891578674316 27.4117317199707 28.5679569244385 29.1866340637207 29.2056293487549 -3.4e+38
-3.4e+38 -3.4e+38 -3.4e+38 -3.4e+38 -3.4e+38 -3.4e+38 -3.4e+38 -3.4e+38 -3.4e+38 -3.4e+38 31.3556251525879 31.3556251525879 31.3556251525879 -3.4e+38 31.3249988555908 31.201976776123 31.1764678955078 31.1249523162842 31.0070018768311 30.774076461792 30.3259811401367 29.9326839447021 28.9980316162109 27.9855213165283 27.4402675628662 27.3208503723145 27.3438892364502 27.720645904541 27.838306427002 27.6145858764648 27.2175540924072 26.9296321868896 26.8848819732666 25.5808277130127 22.9144229888916 18.5537452697754 17.1662998199463 18.7792854309082 20.92848777771 21.7045211791992 22.3321113586426 23.6760196685791 25.6799869537354 26.8045654296875 28.439510345459 29.3811798095703 29.8151950836182
-3.4e+38 -3.4e+38 -3.4e+38 -3.4e+38 -3.4e+38 -3.4e+38 -3.4e+38 -3.4e+38 -3.4e+38 -3.4e+38 -3.4e+38 -3.4e+38 -3.4e+38 -3.4e+38 31.3275127410889 31.156078338623 31.193473815918 31.2100715637207 31.0538501739502 30.919189453125 30.6507396697998 30.2102737426758 28.8078002929688 27.4487571716309 26.0895519256592 25.8858032226562 26.1642322540283 26.3883190155029 26.5305614471436 26.5071830749512 26.4765872955322 26.3248500823975 25.4768562316895 20.9987144470215 16.9595031738281 14.9241256713867 15.1820268630981 16.5209980010986 18.1118850708008 19.6031913757324 20.5524654388428 22.3740348815918 23.6926193237305 24.8765163421631 26.5717792510986 28.4602012634277 29.5308933258057
31.6877269744873 -3.4e+38 -3.4e+38 -3.4e+38 -3.4e+38 -3.4e+38 -3.4e+38 -3.4e+38 -3.4e+38 -3.4e+38 31.2229270935059 31.2562026977539 -3.4e+38 -3.4e+38 -3.4e+38 31.1159477233887 31.2252788543701 31.2594966888428 31.0958023071289 30.9539813995361 30.8137474060059 29.8282165527344 28.5372734069824 27.0855331420898 25.3070335388184 25.1267719268799 25.3403053283691 25.553071975708 25.6326637268066 25.5520801544189 25.612455368042 24.6487979888916 21.5033531188965 15.5973234176636 14.0223321914673 14.0412225723267 14.5637350082397 15.1732597351074 15.9831552505493 17.4758358001709 19.4298515319824 22.5962295532227 23.4352855682373 24.4667415618896 25.9594192504883 27.5470218658447 29.1088047027588
31.4186725616455 31.4593677520752 -3.4e+38 -3.4e+38 -3.4e+38 -3.4e+38 -3.4e+38 -3.4e+38 -3.4e+38 -3.4e+38 31.1642971038818 31.1505870819092 31.1567783355713 -3.4e+38 -3.4e+38 30.8516807556152 31.0191917419434 31.2903137207031 31.1798896789551 31.0235900878906 30.4680442810059 29.0986461639404 28.2081851959229 26.524284362793 24.5298080444336 24.6408653259277 24.943359375 24.9878368377686 25.1085433959961 25.0450344085693 24.1877880096436 21.8374061584473 19.1496162414551 13.3608064651489 12.3160467147827 12.4572687149048 13.2431745529175 13.9898099899292 14.9861612319946 15.7483425140381 17.6795825958252 19.8576889038086 22.4405937194824 24.7610931396484 26.3123264312744 27.756685256958 28.999195098877
31.2037887573242 31.2668037414551 31.3205738067627 31.3248596191406 -3.4e+38 -3.4e+38 -3.4e+38 -3.4e+38 -3.4e+38 -3.4e+38 -3.4e+38 31.1648178100586 31.1335105895996 31.1567783355713 30.7773132324219 30.8160724639893 31.2778568267822 31.3635082244873 31.1472301483154 30.5652198791504 29.1704082489014 28.11159324646 26.7567310333252 24.1273593902588 23.3751697540283 23.6184577941895 23.6592311859131 23.3819351196289 22.5925407409668 21.9169216156006 21.0692710876465 18.5006160736084 12.8605947494507 10.4753389358521 9.63206958770752 9.46636486053467 10.4243545532227 11.6815519332886 13.2095098495483 14.4863691329956 15.4915628433228 17.6090927124023 19.966833114624 23.5891647338867 26.1655406951904 28.3064498901367 28.9457359313965
30.5659122467041 30.9324035644531 31.1961345672607 31.4578704833984 -3.4e+38 -3.4e+38 -3.4e+38 -3.4e+38 31.2480220794678 31.2233638763428 31.071117401123 30.9607028961182 31.2585182189941 30.9852352142334 30.1155586242676 29.9559555053711 30.547513961792 30.8021202087402 30.8670043945312 29.5166759490967 27.6240539550781 25.2767715454102 23.1615791320801 22.3251285552979 22.0889568328857 21.6770839691162 20.4812316894531 18.0665225982666 17.2652645111084 16.5559844970703 13.3144216537476 9.92174911499023 7.6225905418396 7.42833137512207 7.02978610992432 6.92382574081421 9.11943817138672 10.3292675018311 10.925440788269 12.4152297973633 13.8716306686401 14.9770593643188 16.9119167327881 19.3890972137451 21.1652278900146 22.7713241577148 24.3941650390625
30.1420211791992 30.1507587432861 30.3205509185791 30.7521095275879 31.0794792175293 31.0325202941895 31.0522060394287 31.0865840911865 31.0959033966064 30.9866504669189 30.9682140350342 31.1397361755371 30.3659267425537 29.5119152069092 28.8713874816895 29.3206081390381 30.1943683624268 30.326623916626 30.1578025817871 28.2489643096924 27.5615234375 22.4478759765625 20.927770614624 18.8426723480225 15.9271659851074 14.7106781005859 12.2909278869629 10.1988048553467 8.91904830932617 7.12940788269043 5.51774263381958 5.04689884185791 5.13240671157837 5.8228440284729 6.1227011680603 6.78220081329346 8.31979656219482 9.69795417785645 10.7740631103516 11.1623754501343 12.271635055542 13.4641466140747 14.5968894958496 15.345196723938 17.2480411529541 18.4590396881104 20.2162761688232
29.8313655853271 29.7396602630615 29.9758186340332 30.4966278076172 30.7812900543213 30.6974334716797 30.7977104187012 30.779411315918 30.6388206481934 30.4204540252686 30.2698345184326 29.4863567352295 28.8462905883789 27.7220554351807 26.6797313690186 27.6986236572266 28.8530235290527 30.7660503387451 30.509729385376 28.3164176940918 23.3473434448242 17.7910461425781 15.5313482284546 11.6053781509399 9.57417392730713 8.01607036590576 5.98506736755371 5.24231815338135 4.8309326171875 4.48835182189941 4.41932249069214 4.42089700698853 4.54949235916138 5.10994052886963 5.7447829246521 6.87774324417114 7.95214557647705 9.58284854888916 10.0065860748291 11.0659427642822 11.4721622467041 12.5299816131592 13.7907819747925 14.4122734069824 15.188925743103 16.0225143432617 19.0166072845459
28.9217624664307 29.1255874633789 29.4920806884766 29.9692306518555 30.0435638427734 29.9031963348389 29.8293552398682 29.7948608398438 29.639497756958 29.2741794586182 28.9006175994873 28.1608848571777 26.9210243225098 25.3578853607178 23.8053741455078 23.418212890625 25.4540500640869 27.3474578857422 24.2120056152344 22.1574077606201 16.5512714385986 11.8971586227417 9.83901786804199 8.28818988800049 6.19406080245972 5.27954912185669 4.89519739151001 4.41025161743164 4.28556823730469 4.236985206604 4.24369049072266 4.24378347396851 4.42691135406494 5.09615278244019 5.98692560195923 6.91484785079956 7.95588302612305 8.93097686767578 9.68100261688232 10.7387351989746 11.3277645111084 11.4643955230713 12.7578315734863 13.9675378799438 14.9958753585815 15.203145980835 16.3230457305908
27.996337890625 28.4329223632812 28.8811702728271 29.355073928833 29.6273517608643 29.470272064209 29.2897758483887 29.1417007446289 29.0198554992676 28.6883411407471 27.9069423675537 26.3667144775391 25.0330219268799 23.2575225830078 21.4374485015869 20.7566986083984 20.9519557952881 20.6926879882812 17.3174648284912 13.0336265563965 9.77330493927002 6.93513011932373 5.85530233383179 5.36330699920654 4.92152261734009 4.62225961685181 4.43086433410645 4.26339244842529 4.24850511550903 4.25080585479736 4.25340986251831 4.26787567138672 4.4694447517395 5.06709241867065 5.85727739334106 6.72242021560669 7.66675472259521 8.42019557952881 9.67066192626953 10.5052824020386 10.8887300491333 11.3394727706909 12.3282222747803 13.1285820007324 14.0074911117554 15.2911968231201 15.5433788299561
25.8390026092529 26.6903171539307 27.5754013061523 28.4223709106445 28.9840564727783 29.0287036895752 28.924036026001 28.7677307128906 28.4796028137207 27.9044208526611 26.5542240142822 23.9845962524414 19.401891708374 15.6227359771729 16.8954792022705 19.0008335113525 18.5282020568848 16.4178352355957 13.9345569610596 9.67258358001709 6.46334171295166 5.17409181594849 4.95239162445068 4.46540927886963 4.34656572341919 4.26629447937012 4.26375198364258 4.26508045196533 4.26976442337036 4.26992511749268 4.26770496368408 4.27964639663696 4.44454860687256 5.00725412368774 5.57801675796509 6.44763803482056 7.09081649780273 8.11975765228271 9.15042400360107 9.93772602081299 10.9067726135254 11.2935724258423 11.8159847259521 12.9880952835083 14.3494005203247 14.607852935791 15.3526754379272
23.2792949676514 23.7119407653809 24.3899555206299 25.2216415405273 26.0882892608643 26.6542282104492 26.8466815948486 26.6556282043457 25.9332027435303 25.1788940429688 24.2937107086182 22.8747806549072 19.010461807251 11.5710163116455 9.5374059677124 10.8069248199463 11.2734794616699 11.9224977493286 10.546856880188 8.06419467926025 6.10199737548828 5.11265134811401 4.48877429962158 4.34287214279175 4.27629709243774 4.27703905105591 4.27908897399902 4.27976608276367 4.27857732772827 4.27536821365356 4.27350902557373 4.25417280197144 4.35471963882446 4.86561012268066 5.22663164138794 6.04699373245239 6.59383630752563 7.17340040206909 8.06411170959473 9.15955448150635 10.0546922683716 10.6568880081177 11.0886116027832 11.9239435195923 13.272533416748 14.2686128616333 14.7819347381592
22.0874900817871 22.1435832977295 22.3118762969971 22.6448917388916 23.1574649810791 23.7618160247803 23.9156818389893 23.890308380127 23.7555751800537 23.4605960845947 22.8228874206543 21.7583103179932 20.0965919494629 13.5451164245605 9.78005599975586 6.94343423843384 6.93149375915527 7.54027795791626 7.31213569641113 6.28782033920288 5.01969623565674 4.71616172790527 4.4205641746521 4.32339668273926 4.29196357727051 4.29072856903076 4.28749418258667 4.28375577926636 4.28066921234131 4.27598524093628 4.26283740997314 4.24176597595215 4.24210834503174 4.47964763641357 4.90520477294922 5.30113363265991 5.83125782012939 6.41878223419189 6.95678234100342 7.70342636108398 8.5037899017334 9.69904041290283 10.2934188842773 10.9622259140015 11.927227973938 13.0263919830322 14.1181488037109
21.312536239624 21.1144866943359 21.1143169403076 21.2752933502197 21.3743133544922 21.5268783569336 21.7358684539795 21.8188438415527 21.7524471282959 21.4126968383789 20.4779815673828 19.6270065307617 17.1272411346436 13.1651268005371 9.20911979675293 6.23743915557861 5.31428575515747 5.48484563827515 5.72421503067017 5.07460594177246 4.83808279037476 4.42779922485352 4.31837844848633 4.30332708358765 4.2959246635437 4.29283285140991 4.28684091567993 4.28110551834106 4.27633666992188 4.27037286758423 4.25913429260254 4.23568058013916 4.21689462661743 4.20669984817505 4.2772011756897 4.37693309783936 4.66524171829224 5.21539497375488 6.0008749961853 6.56093263626099 6.96081113815308 7.68474912643433 8.46663379669189 9.53476619720459 10.4445943832397 11.4006767272949 12.1246309280396
