Ecospace-environmental-drivers/Outputs/ASCII-for-ecospace/Temp-bot/Temp-bot_X2004.10.asc
NCOLS 131 
NROWS 53 
XLLCORNER -98 
YLLCORNER 23.9265270233154 
CELLSIZE 0.133587792515755 
NODATA_value -3.4e+38 
[rows 21 to 41 of 53, columns 47 to 93 of 131]
19.6123905181885 19.0311832427979 19.0142707824707 19.1952991485596 19.4105186462402 19.7725563049316 18.8442897796631 18.8301067352295 18.785213470459 17.2510604858398 14.9559450149536 14.0106782913208 12.0222225189209 9.49168014526367 7.7787036895752 6.21940612792969 5.19016551971436 4.93381261825562 4.94240188598633 4.8158130645752 4.50397968292236 4.36500978469849 4.28573751449585 4.27116584777832 4.25887441635132 4.24722099304199 4.25057649612427 4.25597286224365 4.26611614227295 4.27159643173218 4.27273273468018 4.27514410018921 4.27436256408691 4.27322101593018 4.2673192024231 4.26430034637451 4.25985813140869 4.32338333129883 4.78798818588257 5.34032583236694 5.70352649688721 6.06331872940063 6.6706166267395 7.45341730117798 8.53452301025391 9.78392505645752 11.1226415634155
16.6294841766357 16.0791072845459 16.1618499755859 16.2163524627686 16.7486572265625 15.9844703674316 13.2863845825195 14.4220457077026 12.7910938262939 10.5191831588745 9.59837913513184 8.80008125305176 8.35476493835449 7.0679817199707 6.24205017089844 5.90313673019409 5.02036046981812 4.79102420806885 4.57585716247559 4.60762214660645 4.48671436309814 4.34111452102661 4.27613496780396 4.25097179412842 4.24674320220947 4.2505316734314 4.2570424079895 4.25891828536987 4.26723575592041 4.27378797531128 4.27731418609619 4.27793216705322 4.27571821212769 4.27327299118042 4.26884031295776 4.26747035980225 4.26988172531128 4.26905298233032 4.26066303253174 4.2373309135437 4.40197706222534 4.60287714004517 4.92996788024902 5.6486029624939 6.40539932250977 7.10123872756958 8.42965221405029
12.4897651672363 12.1645078659058 12.7357339859009 11.6758165359497 10.976544380188 9.81765556335449 9.90652275085449 8.37439250946045 6.94387197494507 6.57403993606567 6.56480360031128 6.77762126922607 6.1963005065918 5.80704593658447 5.30402278900146 5.07556581497192 4.82353496551514 4.5858588218689 4.42573547363281 4.41311931610107 4.41199350357056 4.33553504943848 4.2747483253479 4.24069976806641 4.24961614608765 4.25559139251709 4.25739431381226 4.26280927658081 4.26866388320923 4.27550077438354 4.28040552139282 4.28074836730957 4.27778673171997 4.27633619308472 4.27334117889404 4.26946115493774 4.26974010467529 4.27223682403564 4.29514980316162 4.29097461700439 4.28932332992554 4.2967848777771 4.27304029464722 4.40510416030884 4.98377323150635 5.96062803268433 6.66568088531494
7.81574583053589 7.80736970901489 7.26937198638916 7.6978063583374 7.31809520721436 6.72695684432983 6.2158350944519 5.73559141159058 5.38651037216187 5.60724067687988 5.55616569519043 5.68252801895142 5.23096036911011 5.06856870651245 4.94425106048584 4.82807683944702 4.5678129196167 4.46257877349854 4.3731255531311 4.32673501968384 4.30154657363892 4.28310108184814 4.27390432357788 4.25025320053101 4.2411003112793 4.25570964813232 4.26623487472534 4.26807260513306 4.26727151870728 4.27307605743408 4.27929925918579 4.28095388412476 4.27772426605225 4.27727746963501 4.30093383789062 4.29373550415039 4.29101991653442 4.29458379745483 4.29702568054199 4.29629898071289 4.30365228652954 4.30953788757324 4.29889965057373 4.28851938247681 4.29587316513062 4.70096397399902 5.60474395751953
5.76064157485962 5.59626150131226 5.51063060760498 5.37876272201538 5.19416189193726 5.39828729629517 5.03892803192139 5.12752389907837 4.96163558959961 4.9608325958252 4.91454553604126 4.89077854156494 4.86662817001343 4.82925271987915 4.7890796661377 4.56045579910278 4.3385329246521 4.29954957962036 4.29646110534668 4.27190637588501 4.26288032531738 4.26498985290527 4.26902198791504 4.27590131759644 4.24264240264893 4.24648189544678 4.26064682006836 4.26923704147339 4.27071332931519 4.27508115768433 4.27974033355713 4.28139925003052 4.27975082397461 4.28611516952515 4.30272150039673 4.29907035827637 4.29166173934937 4.30572175979614 4.31603527069092 4.30512142181396 4.30154371261597 4.30084466934204 4.30000305175781 4.29810094833374 4.30163764953613 4.26704788208008 4.67492008209229
4.99003791809082 5.03680515289307 4.99133157730103 4.56784439086914 4.58443307876587 4.80299377441406 4.81628561019897 4.65805387496948 4.81941509246826 4.75745677947998 4.83674955368042 4.74871492385864 4.80231475830078 4.58995914459229 4.39862251281738 4.29930639266968 4.27186727523804 4.2741003036499 4.27244997024536 4.27700090408325 4.27738475799561 4.27737379074097 4.24384164810181 4.24107074737549 4.23963499069214 4.24376821517944 4.25536441802979 4.26437282562256 4.26959419250488 4.27471780776978 4.27941751480103 4.2814154624939 4.28144836425781 4.31448888778687 4.31383037567139 4.29610252380371 4.29189348220825 4.30216503143311 4.30528163909912 4.29752397537231 4.29486703872681 4.30306339263916 4.30423545837402 4.30633544921875 4.30732202529907 4.30024480819702 4.29728603363037
4.5154504776001 4.54429817199707 4.4184627532959 4.34538602828979 4.37209129333496 4.42545318603516 4.49846982955933 4.59388113021851 4.64721488952637 4.4814567565918 4.47190618515015 4.45964670181274 4.43886709213257 4.38345956802368 4.28380060195923 4.26289892196655 4.24866819381714 4.25360631942749 4.25891447067261 4.26280546188354 4.2878475189209 4.24217128753662 4.24365854263306 4.25082731246948 4.25052261352539 4.25263404846191 4.25832223892212 4.2661600112915 4.27055263519287 4.27379035949707 4.27761077880859 4.27998971939087 4.27942419052124 4.2793927192688 4.29681301116943 4.32531547546387 4.28985023498535 4.3001070022583 4.2898907661438 4.29756927490234 4.30437183380127 4.30444002151489 4.30888080596924 4.31248760223389 4.31330633163452 4.30967378616333 4.27900266647339
4.38751602172852 4.32967233657837 4.28410625457764 4.27431154251099 4.33809232711792 4.32854700088501 4.3393440246582 4.38863229751587 4.39750862121582 4.42082834243774 4.40518379211426 4.34058523178101 4.29367542266846 4.26965427398682 4.25086212158203 4.25703287124634 4.26061582565308 4.26144027709961 4.25836706161499 4.25053453445435 4.240403175354 4.23751640319824 4.24842071533203 4.25704145431519 4.26015329360962 4.2649450302124 4.26989650726318 4.27016258239746 4.27187538146973 4.27390289306641 4.27743482589722 4.27943849563599 4.27924633026123 4.28026294708252 4.29196739196777 4.29198837280273 4.29767513275146 4.30212259292603 4.29667282104492 4.3049955368042 4.30778741836548 4.31104135513306 4.31409883499146 4.31768465042114 4.31976652145386 4.31445121765137 4.30187845230103
4.31439876556396 4.26348972320557 4.24919366836548 4.25753688812256 4.25955247879028 4.25361490249634 4.27966547012329 4.30547904968262 4.28983020782471 4.29470443725586 4.26987791061401 4.26150178909302 4.26028633117676 4.26095724105835 4.26299524307251 4.26591205596924 4.26849794387817 4.26952123641968 4.26633548736572 4.26047039031982 4.25102519989014 4.24450302124023 4.24826622009277 4.2583270072937 4.26538133621216 4.26767253875732 4.26851272583008 4.27105188369751 4.27312803268433 4.27489185333252 4.27746534347534 4.27845287322998 4.27836656570435 4.27768993377686 4.27408170700073 4.27176094055176 4.31036758422852 4.30240058898926 4.30385065078735 4.31150960922241 4.30452346801758 4.30885028839111 4.31187534332275 4.31519794464111 4.31962919235229 4.31762075424194 4.31206083297729
4.28316640853882 4.26144981384277 4.31439542770386 4.29186964035034 4.26439380645752 4.28335285186768 4.26749849319458 4.2761344909668 4.28670358657837 4.26423978805542 4.25919914245605 4.26781606674194 4.27288341522217 4.27044296264648 4.27233791351318 4.27317237854004 4.2790846824646 4.27982091903687 4.27875757217407 4.27354335784912 4.26135778427124 4.25298595428467 4.25155115127563 4.25765180587769 4.26658201217651 4.269775390625 4.27416944503784 4.27606439590454 4.27545642852783 4.27440977096558 4.27560710906982 4.27435255050659 4.27351999282837 4.2725076675415 4.27062559127808 4.26987218856812 4.2994818687439 4.30225563049316 4.31467342376709 4.30644178390503 4.29880952835083 4.29994106292725 4.30335474014282 4.30750370025635 4.31246614456177 4.31360626220703 4.31175994873047
4.29950428009033 4.27277088165283 4.28717708587646 4.28216314315796 4.27016448974609 4.26301860809326 4.26044273376465 4.26546859741211 4.27921009063721 4.26111650466919 4.27016115188599 4.27845144271851 4.27904939651489 4.27996921539307 4.28525543212891 4.28653621673584 4.28557395935059 4.28464221954346 4.28252506256104 4.27892780303955 4.27165651321411 4.26198720932007 4.25679159164429 4.25849342346191 4.26570177078247 4.27164793014526 4.27900075912476 4.27877283096313 4.27730321884155 4.27450227737427 4.27292585372925 4.2703275680542 4.26992273330688 4.26893472671509 4.2679123878479 4.26834344863892 4.30806541442871 4.31780958175659 4.3261923789978 4.31121015548706 4.30384397506714 4.29757022857666 4.29869747161865 4.29878282546997 4.29875564575195 4.29995155334473 4.30204391479492
4.26980257034302 4.26914930343628 4.26931667327881 4.26909065246582 4.27202272415161 4.26537609100342 4.25611543655396 4.25434064865112 4.26175880432129 4.28031873703003 4.28172016143799 4.28410720825195 4.28413867950439 4.28455305099487 4.28469514846802 4.28523969650269 4.28543519973755 4.28435754776001 4.28343439102173 4.28219938278198 4.2805290222168 4.27539300918579 4.26422786712646 4.26226949691772 4.26602458953857 4.27034044265747 4.27493810653687 4.27390813827515 4.27318000793457 4.2710280418396 4.27018404006958 4.26934337615967 4.26923847198486 4.26935577392578 4.26781606674194 4.2669472694397 4.31135368347168 4.33329772949219 4.34569120407104 4.32476091384888 4.31321954727173 4.30800819396973 4.30506706237793 4.30683755874634 4.30769062042236 4.30668258666992 4.30378866195679
4.27615594863892 4.26843595504761 4.2588152885437 4.25667715072632 4.25977945327759 4.25977897644043 4.25427579879761 4.266197681427 4.28675556182861 4.28843259811401 4.28867864608765 4.28930330276489 4.28668212890625 4.28517246246338 4.28515005111694 4.28507232666016 4.28542995452881 4.28518295288086 4.28493595123291 4.28449296951294 4.28301239013672 4.28115653991699 4.27647924423218 4.27414131164551 4.27025079727173 4.26984453201294 4.27043485641479 4.2697434425354 4.26874971389771 4.26864242553711 4.2703857421875 4.27056837081909 4.27061986923218 4.26987457275391 4.26699876785278 4.28835344314575 4.32541656494141 4.34224271774292 4.3473744392395 4.33279132843018 4.32179117202759 4.3227710723877 4.31938457489014 4.31396532058716 4.31017160415649 4.31223678588867 4.31251573562622
4.26300764083862 4.25645303726196 4.2510838508606 4.25155735015869 4.25486707687378 4.25751161575317 4.27941465377808 4.29143953323364 4.28938436508179 4.29579257965088 4.32841634750366 4.3436975479126 4.32752704620361 4.33556985855103 4.33187532424927 4.30842590332031 4.29497766494751 4.2865686416626 4.28649473190308 4.28548240661621 4.28299570083618 4.28100252151489 4.2780385017395 4.27312660217285 4.26949119567871 4.26785039901733 4.26772308349609 4.26850557327271 4.26818418502808 4.2699179649353 4.27164840698242 4.27476024627686 4.28738832473755 4.30258893966675 4.31604146957397 4.32524251937866 4.33620691299438 4.34561538696289 4.34758186340332 4.34057712554932 4.33084583282471 4.32691526412964 4.32382965087891 4.31983757019043 4.31931209564209 4.31380414962769 4.31630277633667
4.25218057632446 4.25105237960815 4.24816417694092 4.25195741653442 4.2586464881897 4.26243495941162 4.32811689376831 4.34415483474731 4.34172821044922 4.34654903411865 4.35318183898926 4.35170364379883 4.34755706787109 4.34652090072632 4.34706115722656 4.34487438201904 4.34131383895874 4.33663272857666 4.31508255004883 4.28308820724487 4.28083896636963 4.27757501602173 4.27374744415283 4.2675142288208 4.26472330093384 4.26619911193848 4.2674036026001 4.26881837844849 4.26944637298584 4.27039384841919 4.29271221160889 4.33235216140747 4.32589054107666 4.32734298706055 4.33076810836792 4.33472204208374 4.34192132949829 4.34142732620239 4.34294128417969 4.34457874298096 4.34643840789795 4.34019660949707 4.33795118331909 4.3313136100769 4.3194727897644 4.31303930282593 4.31667709350586
4.25216817855835 4.24956607818604 4.25160217285156 4.26322174072266 4.28007841110229 4.33126831054688 4.34155082702637 4.33229970932007 4.32803392410278 4.32269382476807 4.32560014724731 4.33035469055176 4.3271369934082 4.3273868560791 4.33994674682617 4.33587741851807 4.33579969406128 4.34102725982666 4.34044122695923 4.32942628860474 4.29625749588013 4.27342176437378 4.26959753036499 4.2672643661499 4.26689624786377 4.26683712005615 4.26717329025269 4.26853656768799 4.27227449417114 4.30038833618164 4.3337459564209 4.33218097686768 4.33355331420898 4.33547639846802 4.33490753173828 4.34330797195435 4.34538984298706 4.34474515914917 4.34250116348267 4.34342384338379 4.34408760070801 4.34328889846802 4.34109449386597 4.3306679725647 4.31144857406616 4.31215524673462 4.31524801254272
4.25794696807861 4.25862503051758 4.28004264831543 4.33929491043091 4.33925533294678 4.3248085975647 4.32108306884766 4.31979417800903 4.31661033630371 4.31681871414185 4.32114553451538 4.32279872894287 4.32328748703003 4.32090044021606 4.32466983795166 4.32345390319824 4.32438993453979 4.33708333969116 4.34277868270874 4.34105014801025 4.33898878097534 4.32287073135376 4.29245090484619 4.31278944015503 4.31379270553589 4.30026006698608 4.30815124511719 4.30760622024536 4.32416152954102 4.33063507080078 4.33159446716309 4.33106708526611 4.33157300949097 4.32976818084717 4.33178186416626 4.34172630310059 4.34751319885254 4.3472638130188 4.34994745254517 4.35165405273438 4.3484525680542 4.33960771560669 4.33014583587646 4.31921672821045 4.31051015853882 4.31308174133301 4.31848049163818
4.27483749389648 4.28468561172485 4.34558439254761 4.32695770263672 4.31883001327515 4.32201337814331 4.31809186935425 4.31620407104492 4.3187952041626 4.31981897354126 4.31884050369263 4.31629705429077 4.31735897064209 4.31595134735107 4.31680250167847 4.31521224975586 4.31758689880371 4.32908296585083 4.34221315383911 4.34307861328125 4.34246683120728 4.3416109085083 4.33755826950073 4.34021091461182 4.34161806106567 4.34240770339966 4.33755397796631 4.33491230010986 4.33211135864258 4.32940578460693 4.3297381401062 4.33240604400635 4.33164119720459 4.32684898376465 4.32610750198364 4.33326625823975 4.33976697921753 4.33726406097412 4.33878707885742 4.34567785263062 4.34813690185547 4.34027814865112 4.32459545135498 4.32134103775024 4.32487869262695 4.32286071777344 4.32052373886108
4.32275819778442 4.33243083953857 4.32603216171265 4.31699514389038 4.32013988494873 4.3166618347168 4.31369400024414 4.31245136260986 4.31280565261841 4.31193685531616 4.3095064163208 4.30926275253296 4.31101703643799 4.31271028518677 4.31410026550293 4.31762552261353 4.31463861465454 4.32072877883911 4.33366966247559 4.33742380142212 4.33976554870605 4.33673906326294 4.33613252639771 4.33971214294434 4.34581136703491 4.34877824783325 4.34911489486694 4.34694385528564 4.34419012069702 4.34185123443604 4.34083318710327 4.33650207519531 4.33160305023193 4.30724811553955 4.30412769317627 4.31295585632324 4.31999969482422 4.32728004455566 4.33668851852417 4.34130811691284 4.3460111618042 4.34436464309692 4.33767223358154 4.32681941986084 4.31867599487305 4.31060647964478 4.30782842636108
4.32698154449463 4.32612371444702 4.31541156768799 4.31408882141113 4.31313467025757 4.30965709686279 4.30920171737671 4.3086404800415 4.30670595169067 4.30727958679199 4.30758810043335 4.30886793136597 4.31512975692749 4.31499242782593 4.31379699707031 4.31576824188232 4.30544996261597 4.30742263793945 4.31292152404785 4.32384347915649 4.32962799072266 4.33568525314331 4.34121751785278 4.34676218032837 4.35022974014282 4.35305309295654 4.35719871520996 4.35456657409668 4.35285758972168 4.35148334503174 4.34961318969727 4.34408044815063 4.33354234695435 4.30284357070923 4.30991554260254 4.31933832168579 4.32612895965576 4.33800506591797 4.33908700942993 4.33881139755249 4.32760810852051 4.32245969772339 4.31994819641113 4.31205940246582 4.30571794509888 4.30599784851074 4.3196702003479
4.32506895065308 4.31967782974243 4.30874824523926 4.30881929397583 4.31078004837036 4.31321620941162 4.31538915634155 4.3164963722229 4.31404256820679 4.30961227416992 4.30500459671021 4.2975549697876 4.29672479629517 4.29892253875732 4.29927349090576 4.30318927764893 4.30224990844727 4.30002689361572 4.29821491241455 4.29580688476562 4.31224966049194 4.32237243652344 4.33589458465576 4.33892202377319 4.34191274642944 4.35118341445923 4.34725570678711 4.34516572952271 4.33670043945312 4.33283996582031 4.33172750473022 4.33914422988892 4.34645414352417 4.32733297348022 4.31578397750854 4.32228422164917 4.32981252670288 4.33857202529907 4.33412837982178 4.3124303817749 4.30519580841064 4.30945348739624 4.31013250350952 4.3060941696167 4.30388927459717 4.32164001464844 4.33268260955811
