Ecospace-environmental-drivers/Outputs/ASCII-for-ecospace/MOM6-ISIMIP3a/o2-bot/1980-08_o2-bot_MOM6-ISIMIP3a.asc
NCOLS 131 
NROWS 53 
XLLCORNER -98 
YLLCORNER 23.9265270233154 
CELLSIZE 0.133587792515755 
NODATA_value -9999 
[rows 0 to 20 of 53, columns 46 to 91 of 131]
-9999 -9999 -9999 -9999 -9999 -9999 -9999 -9999 -9999 -9999 -9999 -9999 -9999 -9999 -9999 -9999 -9999 -9999 -9999 -9999 -9999 -9999 -9999 -9999 -9999 -9999 -9999 -9999 -9999 -9999 -9999 -9999 -9999 -9999 -9999 -9999 -9999 -9999 -9999 -9999 -9999 -9999 -9999 -9999 -9999 -9999
-9999 -9999 -9999 -9999 -9999 -9999 -9999 -9999 -9999 -9999 -9999 -9999 -9999 -9999 -9999 -9999 -9999 -9999 -9999 -9999 -9999 -9999 -9999 -9999 -9999 -9999 -9999 -9999 -9999 -9999 -9999 -9999 -9999 -9999 -9999 -9999 -9999 -9999 -9999 -9999 -9999 -9999 -9999 -9999 -9999 -9999
-9999 -9999 -9999 -9999 -9999 -9999 -9999 -9999 -9999 -9999 -9999 -9999 -9999 -9999 -9999 -9999 -9999 -9999 -9999 -9999 -9999 -9999 -9999 -9999 -9999 -9999 -9999 -9999 0.181496486067772 0.184867009520531 -9999 -9999 -9999 -9999 -9999 -9999 -9999 -9999 -9999 -9999 -9999 -9999 -9999 -9999 -9999 -9999
-9999 -9999 -9999 -9999 -9999 -9999 -9999 -9999 -9999 -9999 -9999 -9999 -9999 -9999 -9999 -9999 -9999 -9999 -9999 -9999 -9999 -9999 -9999 -9999 -9999 -9999 -9999 -9999 0.182165399193764 0.185610830783844 -9999 -9999 -9999 -9999 -9999 -9999 -9999 -9999 -9999 -9999 -9999 -9999 -9999 -9999 -9999 -9999
-9999 -9999 -9999 -9999 -9999 -9999 -9999 -9999 -9999 -9999 -9999 -9999 -9999 -9999 -9999 -9999 -9999 -9999 -9999 0.193605318665504 0.191442355513573 0.18971198797226 0.179618328809738 0.172228068113327 0.16315470635891 0.163066655397415 0.169962972402573 0.177084937691689 0.183091819286346 0.186319455504417 0.187421217560768 -9999 -9999 0.188049629330635 0.195598050951958 0.203009054064751 0.205131396651268 0.201843574643135 0.198193415999413 0.194662109017372 0.193275302648544 0.195576161146164 0.20001657307148 -9999 -9999 -9999
-9999 -9999 -9999 -9999 -9999 -9999 -9999 -9999 -9999 -9999 -9999 -9999 -9999 -9999 -9999 0.186333671212196 -9999 0.190633729100227 0.194210261106491 0.193896323442459 0.193605318665504 0.191009759902954 0.18971198797226 0.169524654746056 0.157447576522827 0.162491887807846 0.169260501861572 0.178136542439461 0.183857783675194 0.187281116843224 0.187819465994835 0.187163054943085 0.185218766331673 0.183021321892738 0.195908814668655 0.207864001393318 0.205254346132278 0.202275842428207 0.198000535368919 0.194303885102272 0.191681921482086 0.193840101361275 0.20120644569397 0.205003172159195 0.206490203738213 -9999
-9999 -9999 -9999 -9999 -9999 -9999 -9999 -9999 -9999 -9999 -9999 0.139625146985054 0.139443695545197 0.139235064387321 0.138474464416504 0.161887064576149 0.185852631926537 0.186814710497856 0.190876215696335 0.194210261106491 0.193873375654221 0.193605318665504 0.18971198797226 0.169524654746056 0.157447576522827 0.162491887807846 0.169260501861572 0.178136542439461 0.183857783675194 0.187281116843224 0.187819465994835 0.187163054943085 0.185218766331673 0.183021321892738 0.195908814668655 0.207864001393318 0.205254346132278 0.202275842428207 0.198000535368919 0.194303885102272 0.191681921482086 0.193840101361275 0.20120644569397 0.205003172159195 0.206490203738213 0.206883206963539
-9999 -9999 -9999 -9999 -9999 -9999 -9999 -9999 -9999 -9999 -9999 0.140598028898239 0.139625146985054 0.139262229204178 -9999 0.13734333217144 0.160606771707535 0.184890568256378 0.186814710497856 0.191603660583496 0.194210261106491 0.193804547190666 0.191303387284279 0.180032581090927 0.16578596830368 0.145257145166397 0.138950645923615 0.150026738643646 0.157920837402344 0.163497224450111 0.169720575213432 0.17621186375618 0.17629511654377 0.175118714570999 0.192726776003838 0.209165215492249 0.207382440567017 0.204407408833504 0.197240337729454 0.193601951003075 0.196516707539558 0.199108198285103 0.201347440481186 0.197835654020309 0.190602660179138 0.196085661649704
-9999 -9999 -9999 -9999 -9999 -9999 -9999 -9999 -9999 -9999 -9999 -9999 -9999 -9999 -9999 0.137929022312164 0.135201662778854 0.15819787979126 0.182966411113739 0.186814710497856 0.193786025047302 0.193621575832367 0.193197473883629 0.191686749458313 0.175354987382889 0.12773485481739 0.107304133474827 0.120104484260082 0.13019010424614 0.138298332691193 0.150740757584572 0.164978101849556 0.167375415563583 0.16744527220726 0.189725413918495 0.210560187697411 0.209240421652794 0.20597992837429 0.19589576125145 0.192445039749146 0.201313331723213 0.204517722129822 0.201551109552383 0.190351590514183 0.173824980854988 0.184348955750465
0.201335459947586 0.201473891735077 -9999 -9999 -9999 -9999 -9999 -9999 -9999 -9999 -9999 0.172742709517479 0.141595244407654 -9999 -9999 -9999 0.135988429188728 0.131443068385124 0.153776749968529 0.179118126630783 0.179102286696434 0.189972102642059 0.199371010065079 0.202614098787308 0.195265457034111 0.165556907653809 0.144731745123863 0.134763926267624 0.139465257525444 0.154851362109184 0.170192405581474 0.185514762997627 0.192308261990547 0.197425201535225 0.20489239692688 0.210226401686668 0.193871483206749 0.180487811565399 0.177551165223122 0.178468480706215 0.186543017625809 0.194831416010857 0.203352808952332 0.199186459183693 0.186810553073883 0.190643191337585
0.201414436101913 0.201533362269402 0.201542139053345 -9999 -9999 -9999 -9999 -9999 -9999 -9999 -9999 0.187428519129753 0.167682930827141 0.141595244407654 -9999 -9999 0.136721849441528 0.131618306040764 0.12598904967308 0.145343542098999 0.166402488946915 0.187288209795952 0.205455958843231 0.212248712778091 0.211931228637695 0.196603417396545 0.175928682088852 0.148718893527985 0.149515673518181 0.170711994171143 0.187504857778549 0.202474072575569 0.212224170565605 0.220948293805122 0.214568540453911 0.205575913190842 0.176522776484489 0.154780641198158 0.158744290471077 0.1640814691782 0.171969458460808 0.185210362076759 0.204283446073532 0.207009896636009 0.199159294366837 0.197380304336548
0.201414436101913 0.201533362269402 0.201559692621231 0.201348304748535 0.201991692185402 -9999 -9999 -9999 -9999 -9999 -9999 -9999 0.179953902959824 0.161356627941132 0.141595244407654 0.139625146985054 0.136721849441528 0.131618306040764 0.12598904967308 0.144167959690094 0.16434408724308 0.189783498644829 0.211065694689751 0.21494947373867 0.21119299530983 0.191307291388512 0.173705518245697 0.158895164728165 0.16372437775135 0.182858765125275 0.193343073129654 0.200245082378387 0.205230057239532 0.209838211536407 0.194792956113815 0.177771523594856 0.148554980754852 0.127919927239418 0.137457832694054 0.147492915391922 0.158451303839684 0.175939425826073 0.200541958212852 0.209408149123192 0.20809218287468 0.206492930650711
0.200355395674706 0.200369030237198 0.200709074735641 0.201141968369484 0.201982468366623 -9999 -9999 -9999 -9999 0.202775105834007 0.193835854530334 0.186906263232231 0.182735696434975 0.170219734311104 0.150875806808472 0.143590912222862 0.142018124461174 0.138030111789703 0.133465021848679 0.14840392768383 0.165379256010056 0.192492187023163 0.2139652967453 0.21183517575264 0.203966841101646 0.183984637260437 0.168774351477623 0.159396320581436 0.164576053619385 0.180359467864037 0.18747167289257 0.190992832183838 0.192918315529823 0.194530129432678 0.174666151404381 0.153463676571846 0.12695500254631 0.108755350112915 0.119770631194115 0.130606397986412 0.141108796000481 0.15820837020874 0.182495817542076 0.196279168128967 0.203265845775604 0.206223353743553
0.196648672223091 0.196293830871582 0.198281645774841 0.200935706496239 0.201982468366623 0.202850639820099 0.203339502215385 0.203892454504967 0.204771474003792 0.202775105834007 0.193835854530334 0.186906263232231 0.182735696434975 0.17337042093277 0.15975496172905 0.15747132897377 0.160555347800255 0.160471737384796 0.159631296992302 0.166169032454491 0.174148485064507 0.195734336972237 0.210089415311813 0.194182932376862 0.180520534515381 0.171595558524132 0.157073020935059 0.135709151625633 0.132034450769424 0.141244262456894 0.152325645089149 0.164182126522064 0.167312204837799 0.168726861476898 0.153661221265793 0.137897372245789 0.121274933218956 0.108831509947777 0.111081719398499 0.11297494918108 0.114205241203308 0.119326576590538 0.128687337040901 0.144331276416779 0.164040744304657 0.182497754693031
0.185464322566986 0.18513885140419 0.191223472356796 0.199131116271019 0.20044618844986 0.201079159975052 0.201515644788742 0.202062875032425 0.203173354268074 0.20170134305954 0.193993672728539 0.18870247900486 0.186728775501251 0.181090384721756 0.172453626990318 0.171669393777847 0.174604743719101 0.17481230199337 0.174368098378181 0.177979335188866 0.182485371828079 0.195959940552711 0.201454311609268 0.173550769686699 0.154422804713249 0.153820782899857 0.145089939236641 0.126423999667168 0.123347230255604 0.13162536919117 0.144418567419052 0.159081593155861 0.159862235188484 0.157913953065872 0.144604057073593 0.131085783243179 0.119642026722431 0.110116861760616 0.107337579131126 0.103731028735638 0.0985881388187408 0.0959381833672523 0.0960043668746948 0.111066177487373 0.135830864310265 0.161066308617592
0.163707971572876 0.1639743745327 0.177618280053139 0.195066750049591 0.196737885475159 0.196803122758865 0.197113215923309 0.197646588087082 0.199315771460533 0.199109479784966 0.194374620914459 0.193038195371628 0.196367353200912 0.195270508527756 0.190552413463593 0.186316579580307 0.182309180498123 0.177699401974678 0.172945708036423 0.18137064576149 0.19021101295948 0.191920667886734 0.186090514063835 0.148705527186394 0.124576441943645 0.128431648015976 0.132708489894867 0.137500643730164 0.148385763168335 0.163708880543709 0.175022348761559 0.184675261378288 0.178081765770912 0.168294623494148 0.152438849210739 0.136651769280434 0.123731061816216 0.113111793994904 0.110584460198879 0.106345534324646 0.0989280045032501 0.0944546237587929 0.0931889936327934 0.10421509295702 0.123194523155689 0.142878383398056
0.157250866293907 0.158064857125282 0.172541826963425 0.190904527902603 0.194044440984726 0.195580810308456 0.195892915129662 0.196199595928192 0.196478649973869 0.196205317974091 0.194598183035851 0.195904240012169 0.201209709048271 0.201815038919449 0.198574855923653 0.192458897829056 0.184980750083923 0.180521801114082 0.176784217357635 0.18380956351757 0.19016720354557 0.176044806838036 0.159898787736893 0.135283783078194 0.121740378439426 0.131570011377335 0.142969444394112 0.156287506222725 0.170003175735474 0.184008449316025 0.191714778542519 0.196812480688095 0.187243789434433 0.174792036414146 0.157903283834457 0.141209170222282 0.128021761775017 0.116901807487011 0.113051153719425 0.108235746622086 0.101628690958023 0.0970837473869324 0.094785563647747 0.101128354668617 0.113062277436256 0.128232479095459
0.163677528500557 0.165001824498177 0.174647554755211 0.186659902334213 0.192205637693405 0.196930095553398 0.197352379560471 0.197253108024597 0.194500863552094 0.193038165569305 0.194689214229584 0.197532653808594 0.202013075351715 0.20192950963974 0.198111817240715 0.191439121961594 0.183414071798325 0.183289676904678 0.185053035616875 0.185446470975876 0.183580636978149 0.150201126933098 0.124588645994663 0.131481990218163 0.141650199890137 0.158731922507286 0.17229799926281 0.181567266583443 0.188739597797394 0.194384545087814 0.196692183613777 0.197617754340172 0.188778311014175 0.178019300103188 0.16137158870697 0.144917249679565 0.132482275366783 0.121361374855042 0.114860847592354 0.109516017138958 0.106317460536957 0.10317625105381 0.100097514688969 0.101211652159691 0.105038784444332 0.116569392383099
0.164825305342674 0.168002098798752 0.174966588616371 0.183008298277855 0.190509587526321 0.197711139917374 0.198313653469086 0.198433086276054 0.196095019578934 0.195093080401421 0.197317317128181 0.199273154139519 0.200860485434532 0.199634566903114 0.196106895804405 0.180346682667732 0.158792182803154 0.156749829649925 0.159369602799416 0.15839971601963 0.155754715204239 0.132318168878555 0.11749329417944 0.138709232211113 0.158424586057663 0.17497207224369 0.186631515622139 0.192316740751266 0.195965960621834 0.198132187128067 0.198476701974869 0.198066800832748 0.192055001854897 0.184942007064819 0.168097764253616 0.15133810043335 0.138924971222878 0.127351939678192 0.118732780218124 0.112246736884117 0.109722144901752 0.107326745986938 0.105072103440762 0.105155251920223 0.106751054525375 0.111970089375973
0.163389757275581 0.169075861573219 0.174411252140999 0.179646909236908 0.188883408904076 0.19821409881115 0.199031159281731 0.199674934148788 0.199437186121941 0.199703514575958 0.201186999678612 0.201068505644798 0.198750719428062 0.196160510182381 0.193347424268723 0.16432498395443 0.122887767851353 0.115867651998997 0.117070935666561 0.117316015064716 0.117534913122654 0.11833094805479 0.124205440282822 0.151333764195442 0.173664584755898 0.185867458581924 0.193626895546913 0.195955529808998 0.197559654712677 0.198636069893837 0.198698714375496 0.198341518640518 0.196184277534485 0.19367316365242 0.176418259739876 0.159086480736732 0.146337673068047 0.134091734886169 0.12361391633749 0.115687265992165 0.112498432397842 0.110526882112026 0.109881602227688 0.110987968742847 0.113227725028992 0.110827594995499
0.170917272567749 0.175684928894043 0.179254651069641 0.182483687996864 0.188042312860489 0.193671807646751 0.194776698946953 0.195713385939598 0.195794343948364 0.196249037981033 0.197606161236763 0.198076203465462 0.197328373789787 0.19446188211441 0.189861968159676 0.15873683989048 0.115047328174114 0.113405607640743 0.121810510754585 0.125132367014885 0.12829227745533 0.134177684783936 0.143169328570366 0.165160894393921 0.182414010167122 0.189663842320442 0.194442436099052 0.196200653910637 0.197563901543617 0.198639467358589 0.198695719242096 0.198329821228981 0.19743050634861 0.196426331996918 0.186598926782608 0.176596507430077 0.168076500296593 0.157939106225967 0.142114862799644 0.129736170172691 0.123756244778633 0.119421802461147 0.116880156099796 0.115841709077358 0.115775898098946 0.113185830414295
