Ecospace-environmental-drivers/Outputs/ASCII-for-ecospace/MOM6-ISIMIP3a/o2-bot/1980-11_o2-bot_MOM6-ISIMIP3a.asc
NCOLS 131 
NROWS 53 
XLLCORNER -98 
YLLCORNER 23.9265270233154 
CELLSIZE 0.133587792515755 
NODATA_value -9999 
[rows 21 to 41 of 53, columns 46 to 91 of 131]
0.199380695819855 0.197618946433067 0.19577431678772 0.193906098604202 0.193518415093422 0.19327475130558 0.192827641963959 0.1924097687006 0.192140594124794 0.19146816432476 0.189822033047676 0.188482955098152 0.187565460801125 0.183858528733253 0.177869334816933 0.151526033878326 0.115541435778141 0.123219475150108 0.141329988837242 0.147897109389305 0.153628781437874 0.158742696046829 0.165620416402817 0.17987984418869 0.190502300858498 0.193446815013885 0.195713043212891 0.197150304913521 0.19823482632637 0.199062407016754 0.198845267295837 0.198195457458496 0.197991892695427 0.197876051068306 0.197240069508553 0.196328297257423 0.192910596728325 0.185412704944611 0.163568660616875 0.146307736635208 0.137558192014694 0.130681976675987 0.125846818089485 0.121498413383961 0.117464989423752 0.116690784692764
0.195009395480156 0.193637743592262 0.190397143363953 0.186625018715858 0.185491219162941 0.184640973806381 0.184155255556107 0.18232050538063 0.173623397946358 0.167276158928871 0.166602924466133 0.162336498498917 0.153137117624283 0.147111102938652 0.143681481480598 0.132756426930428 0.118280947208405 0.127814009785652 0.143083512783051 0.155187979340553 0.166520029306412 0.169774428009987 0.174289956688881 0.18408340215683 0.191542908549309 0.194075271487236 0.196118324995041 0.197563305497169 0.198388665914536 0.198762685060501 0.198609113693237 0.198237046599388 0.198236614465714 0.198309242725372 0.198003336787224 0.197594836354256 0.196321174502373 0.192848592996597 0.181644484400749 0.172415181994438 0.166853278875351 0.158715188503265 0.147770255804062 0.139091104269028 0.13187800347805 0.126468524336815
0.188185513019562 0.187212079763412 0.182638719677925 0.177041545510292 0.175260201096535 0.173903420567513 0.173464059829712 0.170356661081314 0.153677344322205 0.142104744911194 0.142862856388092 0.136120766401291 0.119081936776638 0.110946878790855 0.110096663236618 0.114782594144344 0.122090876102448 0.132856830954552 0.144448950886726 0.161583408713341 0.178067967295647 0.179551512002945 0.181841894984245 0.187508940696716 0.192136600613594 0.194570034742355 0.196564942598343 0.198023870587349 0.198567569255829 0.19844463467598 0.198350355029106 0.198267921805382 0.198418721556664 0.198615357279778 0.197999462485313 0.197464302182198 0.198011890053749 0.198451980948448 0.198514193296432 0.197843506932259 0.195811733603477 0.186896800994873 0.170482411980629 0.158011868596077 0.148093163967133 0.137967318296432
0.149756953120232 0.149305686354637 0.145034089684486 0.139675989747047 0.138606801629066 0.138030365109444 0.138905227184296 0.138403356075287 0.130898207426071 0.127438858151436 0.133748516440392 0.13431890308857 0.127010077238083 0.123517170548439 0.123146370053291 0.128957524895668 0.137696951627731 0.148299872875214 0.159348055720329 0.170809298753738 0.181745603680611 0.184628412127495 0.187625989317894 0.191103920340538 0.193922907114029 0.195350825786591 0.196827635169029 0.198364183306694 0.198723003268242 0.19822396337986 0.198140397667885 0.198228880763054 0.198102444410324 0.197933748364449 0.197806924581528 0.197727620601654 0.198097229003906 0.198390915989876 0.198417633771896 0.198138505220413 0.197291389107704 0.193315282464027 0.1859300583601 0.180475264787674 0.176269575953484 0.163675427436829
0.122902221977711 0.123462475836277 0.120154283940792 0.115745916962624 0.115518786013126 0.115777216851711 0.117589943110943 0.119076050817966 0.118900679051876 0.121646977961063 0.131447955965996 0.137402340769768 0.13807587325573 0.138481691479683 0.138668432831764 0.144952788949013 0.154125452041626 0.164002999663353 0.174048960208893 0.180253535509109 0.186044871807098 0.189662516117096 0.192871317267418 0.194369107484818 0.195574209094048 0.196161434054375 0.197173237800598 0.198703944683075 0.198869317770004 0.198040187358856 0.197949826717377 0.19816543161869 0.19782580435276 0.197377040982246 0.197647988796234 0.197938576340675 0.19816055893898 0.198335289955139 0.19834378361702 0.198389455676079 0.198504164814949 0.198547258973122 0.198512345552444 0.19874607026577 0.19915360212326 0.186000481247902
0.146795511245728 0.150512874126434 0.151069283485413 0.150726720690727 0.15191125869751 0.153243511915207 0.154343917965889 0.15511029958725 0.154177516698837 0.154765143990517 0.15902391076088 0.161906406283379 0.162899494171143 0.163944184780121 0.165031105279922 0.16892971098423 0.174160152673721 0.180846512317657 0.187880724668503 0.190655082464218 0.193069785833359 0.194508999586105 0.195754334330559 0.196188226342201 0.196633487939835 0.197102770209312 0.197882398962975 0.199041336774826 0.19897572696209 0.198018178343773 0.197844266891479 0.197994902729988 0.197722971439362 0.197367981076241 0.197636350989342 0.197919994592667 0.198127403855324 0.198303520679474 0.198369577527046 0.198447316884995 0.198546752333641 0.198576688766479 0.198530912399292 0.198633477091789 0.198832005262375 0.193491727113724
0.167318522930145 0.172437489032745 0.175411179661751 0.177774742245674 0.17973405122757 0.181598126888275 0.182008311152458 0.182118684053421 0.180703938007355 0.179739773273468 0.17986361682415 0.180408522486687 0.181531488895416 0.183210268616676 0.185343787074089 0.187490865588188 0.189644366502762 0.19345822930336 0.197668820619583 0.198019281029701 0.198096930980682 0.198063477873802 0.197990462183952 0.197751879692078 0.197659879922867 0.197877302765846 0.198332414031029 0.199078008532524 0.198857918381691 0.197934418916702 0.197552338242531 0.197394475340843 0.197370648384094 0.197373151779175 0.197656571865082 0.197941333055496 0.198137626051903 0.198312640190125 0.198412850499153 0.198504999279976 0.198582172393799 0.198592454195023 0.198529854416847 0.198541060090065 0.198600009083748 0.198622077703476
0.180488064885139 0.183178439736366 0.185411527752876 0.187514573335648 0.188859075307846 0.190072417259216 0.189840570092201 0.189433947205544 0.18813818693161 0.186946421861649 0.186005815863609 0.18581523001194 0.186654314398766 0.188956692814827 0.192456290125847 0.194235622882843 0.195200085639954 0.196836829185486 0.198634192347527 0.198756396770477 0.198765233159065 0.198798939585686 0.198815152049065 0.198758170008659 0.198614507913589 0.198287889361382 0.19821697473526 0.198458582162857 0.198250889778137 0.197715938091278 0.196853771805763 0.195856094360352 0.196473971009254 0.197409421205521 0.197746336460114 0.198049753904343 0.198242470622063 0.198410958051682 0.198494255542755 0.198562294244766 0.198602005839348 0.1985784471035 0.19848595559597 0.198492646217346 0.198563501238823 0.198601305484772
0.189986169338226 0.191176936030388 0.192625761032104 0.19414795935154 0.194787681102753 0.195297658443451 0.19474384188652 0.19411912560463 0.193133696913719 0.192122429609299 0.191048845648766 0.190736204385757 0.191468268632889 0.193587943911552 0.196842953562737 0.198042273521423 0.198267862200737 0.198610678315163 0.198981493711472 0.198973447084427 0.19893741607666 0.198872640728951 0.198838740587234 0.198934108018875 0.198818296194077 0.198256686329842 0.197921648621559 0.197863504290581 0.197736516594887 0.197559386491776 0.196648702025414 0.195434227585793 0.196252658963203 0.19747069478035 0.19783690571785 0.198157668113708 0.19834241271019 0.198498889803886 0.198555931448936 0.198592364788055 0.198590531945229 0.198538661003113 0.198432266712189 0.198448091745377 0.198542982339859 0.198590576648712
0.194865301251411 0.195725202560425 0.196334794163704 0.196873188018799 0.196694895625114 0.196435332298279 0.195962205529213 0.195495441555977 0.195061057806015 0.194743722677231 0.194709002971649 0.195046097040176 0.195893630385399 0.196816235780716 0.197800248861313 0.198152542114258 0.198205590248108 0.19836562871933 0.198551207780838 0.198536232113838 0.198485434055328 0.198113769292831 0.197854459285736 0.198065385222435 0.198077440261841 0.197669684886932 0.197399988770485 0.197299033403397 0.197338685393333 0.197480767965317 0.197064518928528 0.196417033672333 0.196880996227264 0.19756343960762 0.197928503155708 0.198264896869659 0.198436185717583 0.198573753237724 0.198592782020569 0.19858817756176 0.198539674282074 0.198466449975967 0.198366284370422 0.198408409953117 0.198542580008507 0.198592469096184
0.197361096739769 0.197934731841087 0.198097035288811 0.19814233481884 0.19774417579174 0.19730731844902 0.197051629424095 0.196822300553322 0.196727097034454 0.196775749325752 0.197171777486801 0.197638377547264 0.198201879858971 0.198466822504997 0.198487475514412 0.198465332388878 0.198422938585281 0.198439255356789 0.198469594120979 0.198380872607231 0.198266014456749 0.197889640927315 0.197616502642632 0.197775423526764 0.19777749478817 0.197448432445526 0.197210073471069 0.197082594037056 0.197177961468697 0.197435662150383 0.197254538536072 0.19689168035984 0.197204500436783 0.197650149464607 0.197987750172615 0.198305323719978 0.198466569185257 0.198594257235527 0.198603942990303 0.198584765195847 0.198511987924576 0.198426052927971 0.198325753211975 0.198364719748497 0.198493808507919 0.19854162633419
0.198069378733635 0.198390185832977 0.198399141430855 0.198319405317307 0.198149979114532 0.197980046272278 0.19804435968399 0.198112085461617 0.19819712638855 0.198365822434425 0.198736503720284 0.198942452669144 0.198922261595726 0.198934093117714 0.198972135782242 0.198930040001869 0.198849990963936 0.198751896619797 0.198649480938911 0.198436915874481 0.198221012949944 0.198066577315331 0.197938308119774 0.197919547557831 0.197808220982552 0.197501480579376 0.197268962860107 0.197127163410187 0.197195068001747 0.197415724396706 0.197275221347809 0.196985170245171 0.197299376130104 0.197732344269753 0.198022723197937 0.198295637965202 0.198449417948723 0.198573991656303 0.198595836758614 0.19858193397522 0.198501691222191 0.198409512639046 0.198304325342178 0.198318049311638 0.198408737778664 0.198451220989227
0.198504060506821 0.198708906769753 0.198718816041946 0.19867330789566 0.198633626103401 0.198601469397545 0.198756918311119 0.198903203010559 0.199002876877785 0.199156224727631 0.199439182877541 0.199475020170212 0.19917157292366 0.199057355523109 0.199097946286201 0.199034601449966 0.198922038078308 0.198762431740761 0.198591589927673 0.198277279734612 0.197974875569344 0.197989091277122 0.197991788387299 0.19794625043869 0.197853043675423 0.19765916466713 0.197490677237511 0.197353214025497 0.19739405810833 0.197564780712128 0.197497189044952 0.197330921888351 0.19758203625679 0.197915211319923 0.198122605681419 0.198317587375641 0.198436856269836 0.198535785079002 0.198563158512115 0.198559731245041 0.198499098420143 0.198421850800514 0.198326513171196 0.198309496045113 0.198343142867088 0.198372095823288
0.198821499943733 0.198969021439552 0.199046045541763 0.199102997779846 0.199150621891022 0.199200928211212 0.199349418282509 0.199480608105659 0.199523940682411 0.199603915214539 0.199772417545319 0.199676930904388 0.19921900331974 0.199033185839653 0.199069961905479 0.198984816670418 0.19884192943573 0.198643490672112 0.198431789875031 0.198025196790695 0.197642520070076 0.197802573442459 0.197930291295052 0.197922646999359 0.197903901338577 0.197861701250076 0.197782188653946 0.19765704870224 0.197670996189117 0.197786271572113 0.197805419564247 0.197784751653671 0.197945192456245 0.19814121723175 0.198250293731689 0.198353096842766 0.198426261544228 0.198489889502525 0.198519974946976 0.198529228568077 0.19849981367588 0.198446586728096 0.198367416858673 0.198317259550095 0.198285862803459 0.198297783732414
0.199130669236183 0.199267864227295 0.199385687708855 0.199498027563095 0.199572756886482 0.199645534157753 0.199769482016563 0.199827566742897 0.199550643563271 0.199369862675667 0.199421271681786 0.199333935976028 0.199056133627892 0.198953479528427 0.198994129896164 0.198929190635681 0.198814213275909 0.198618993163109 0.198404595255852 0.198084428906441 0.1977808624506 0.197824776172638 0.197836518287659 0.197713583707809 0.197638332843781 0.197663739323616 0.197710901498795 0.197784617543221 0.197878926992416 0.197988227009773 0.198048159480095 0.19808766245842 0.198192194104195 0.198309496045113 0.198358908295631 0.198404923081398 0.198442190885544 0.198473557829857 0.198484137654305 0.198486477136612 0.198473498225212 0.198438063263893 0.198378160595894 0.198327943682671 0.19828400015831 0.198284789919853
0.199438124895096 0.199574694037437 0.199727922677994 0.199885874986649 0.199975252151489 0.200058102607727 0.200153887271881 0.200126841664314 0.199475064873695 0.198994755744934 0.198928520083427 0.198878198862076 0.198849737644196 0.198862299323082 0.198908418416977 0.198872342705727 0.198797330260277 0.19861401617527 0.198404833674431 0.198208048939705 0.198016583919525 0.197890162467957 0.197736069560051 0.197466164827347 0.19730731844902 0.197382926940918 0.197564542293549 0.19787572324276 0.19807256758213 0.198186129331589 0.198277369141579 0.198359355330467 0.198415160179138 0.198465839028358 0.198463603854179 0.19846011698246 0.198463618755341 0.198463350534439 0.198449835181236 0.198441192507744 0.198441594839096 0.198422655463219 0.198382675647736 0.198339253664017 0.198293596506119 0.198284476995468
0.199628248810768 0.199669122695923 0.199804604053497 0.199966996908188 0.200111076235771 0.20023612678051 0.19989812374115 0.199516475200653 0.198912814259529 0.198481246829033 0.198465242981911 0.198530420660973 0.198707044124603 0.198807120323181 0.198844566941261 0.19883094727993 0.19879312813282 0.198646396398544 0.198473632335663 0.19832356274128 0.198179677128792 0.1981031447649 0.198018133640289 0.197897672653198 0.197829216718674 0.197870537638664 0.197964534163475 0.198122918605804 0.198227912187576 0.198294013738632 0.198381409049034 0.198477625846863 0.19854861497879 0.19861464202404 0.198615625500679 0.198611870408058 0.198585331439972 0.198555707931519 0.198515206575394 0.198484003543854 0.198470085859299 0.198446497321129 0.198412358760834 0.198373511433601 0.198331609368324 0.198312938213348
0.199754491448402 0.199702620506287 0.199814721941948 0.199973464012146 0.200164467096329 0.200325071811676 0.199575796723366 0.198865056037903 0.198350310325623 0.197997853159904 0.19803723692894 0.198208957910538 0.198562353849411 0.198745414614677 0.198789075016975 0.198801904916763 0.19880011677742 0.19869402050972 0.198562994599342 0.198454260826111 0.19835239648819 0.198328509926796 0.198314175009727 0.19833979010582 0.198359042406082 0.198364853858948 0.198369652032852 0.1983732432127 0.19838735461235 0.198409169912338 0.198490187525749 0.198595732450485 0.198679521679878 0.198759019374847 0.198761597275734 0.198756217956543 0.198700994253159 0.198643788695335 0.198579639196396 0.198528096079826 0.198500007390976 0.198471501469612 0.198442548513412 0.198408231139183 0.198370441794395 0.198343828320503
0.199255228042603 0.199187785387039 0.199241608381271 0.199329942464828 0.199465960264206 0.199575871229172 0.198849081993103 0.198210060596466 0.198017567396164 0.197901785373688 0.197971269488335 0.198116600513458 0.198366045951843 0.198596864938736 0.198812425136566 0.198897302150726 0.198920249938965 0.198886469006538 0.198839113116264 0.198750853538513 0.198662623763084 0.198615521192551 0.198576390743256 0.198570594191551 0.198565900325775 0.198563560843468 0.198568433523178 0.198582097887993 0.198608785867691 0.198644950985909 0.19870924949646 0.198785215616226 0.19882595539093 0.198859766125679 0.198820412158966 0.198775604367256 0.198704078793526 0.198637157678604 0.198586449027061 0.198543816804886 0.198516234755516 0.198490306735039 0.198466211557388 0.19843702018261 0.198404520750046 0.198386892676353
0.198834702372551 0.198769822716713 0.198752626776695 0.198748990893364 0.198813006281853 0.19885841012001 0.198213666677475 0.197684243321419 0.19774129986763 0.197808802127838 0.197901502251625 0.198022469878197 0.198182240128517 0.198425561189651 0.198737248778343 0.198864638805389 0.198904722929001 0.198928698897362 0.198948815464973 0.198883399367332 0.198812812566757 0.198752492666245 0.19869889318943 0.198673397302628 0.198655858635902 0.198655128479004 0.19866968691349 0.198702961206436 0.198749557137489 0.198805868625641 0.198860347270966 0.198914080858231 0.198923990130424 0.198925271630287 0.198859289288521 0.198789298534393 0.198704391717911 0.198629572987556 0.198590204119682 0.198556825518608 0.198534563183784 0.198513612151146 0.198494076728821 0.198469877243042 0.198442652821541 0.198424518108368
0.198702856898308 0.198707118630409 0.198572069406509 0.198397412896156 0.198327109217644 0.198257327079773 0.197913125157356 0.197632044553757 0.197672143578529 0.19772706925869 0.197817802429199 0.197921887040138 0.198044285178185 0.198170825839043 0.198300749063492 0.198362410068512 0.198391735553741 0.198420166969299 0.198448374867439 0.198414385318756 0.198376193642616 0.198339283466339 0.198309049010277 0.19830684363842 0.198317140340805 0.198353812098503 0.198413446545601 0.198501154780388 0.198594599962234 0.198692247271538 0.198762208223343 0.19882071018219 0.198844566941261 0.198861613869667 0.198825135827065 0.198782101273537 0.198694512248039 0.198618426918983 0.198582783341408 0.198559865355492 0.19856059551239 0.198553338646889 0.198537409305573 0.198517739772797 0.198495656251907 0.198442175984383
