Ecospace-environmental-drivers/Outputs/ASCII-for-ecospace/MOM6-ISIMIP3a/o2-bot/1980-02_o2-bot_MOM6-ISIMIP3a.asc
NCOLS 131 
NROWS 53 
XLLCORNER -98 
YLLCORNER 23.9265270233154 
CELLSIZE 0.133587792515755 
NODATA_value -9999 
[rows 21 to 41 of 53, columns 0 to 45 of 131]
-9999 -9999 -9999 -9999 -9999 -9999 0.250465899705887 0.250648140907288 0.251123458147049 0.251993775367737 0.253176331520081 0.255935877561569 0.255679070949554 0.254914075136185 0.253277778625488 0.250636130571365 0.246931686997414 0.242497399449348 0.240521252155304 0.239494293928146 0.238320663571358 0.237121149897575 0.235217615962029 0.233486011624336 0.233315676450729 0.232985436916351 0.232136756181717 0.231336995959282 0.230622559785843 0.229872524738312 0.229085832834244 0.22850538790226 0.228050589561462 0.227729141712189 0.227452144026756 0.226942673325539 0.226397708058357 0.22538660466671 0.224496454000473 0.224376648664474 0.224283739924431 0.224265694618225 0.223954156041145 0.223189070820808 0.222663626074791 0.222358137369156
-9999 -9999 -9999 -9999 -9999 -9999 0.250415712594986 0.250465899705887 0.250830352306366 0.251203835010529 0.251993775367737 0.251599311828613 0.250204861164093 0.246831670403481 0.244424179196358 0.243130967020988 0.240321785211563 0.23647153377533 0.234448686242104 0.23313145339489 0.232182592153549 0.231298744678497 0.229677885770798 0.228194862604141 0.22799488902092 0.227711051702499 0.227155342698097 0.226589277386665 0.226005181670189 0.225392609834671 0.224750727415085 0.224217921495438 0.223751589655876 0.223503217101097 0.223327502608299 0.222811535000801 0.222249031066895 0.22175233066082 0.221320182085037 0.221299186348915 0.221312835812569 0.22142294049263 0.221427485346794 0.22126892209053 0.221163704991341 0.221107438206673
-9999 -9999 -9999 -9999 0.250809192657471 0.250464498996735 0.250408619642258 0.250372648239136 0.250465899705887 0.251194834709167 0.251160770654678 0.248206406831741 0.244265869259834 0.238373979926109 0.23527729511261 0.235405832529068 0.233604043722153 0.230476573109627 0.22845259308815 0.226854711771011 0.226024210453033 0.225329145789146 0.222784012556076 0.220448836684227 0.220200732350349 0.219945788383484 0.219668686389923 0.219450637698174 0.219335630536079 0.219472229480743 0.219867721199989 0.219734027981758 0.219277948141098 0.219092190265656 0.218996524810791 0.218441262841225 0.217820599675179 0.216940015554428 0.21613983809948 0.215851828455925 0.215643242001534 0.215655758976936 0.215833127498627 0.216265276074409 0.216564446687698 0.216741591691971
-9999 -9999 -9999 -9999 0.25164270401001 0.250720918178558 0.250520408153534 0.250408619642258 0.250243455171585 0.248141244053841 0.24562756717205 0.241538971662521 0.237020134925842 0.231649950146675 0.2284976541996 0.227904438972473 0.226596593856812 0.224798008799553 0.22357140481472 0.222565665841103 0.221127852797508 0.219613805413246 0.194722592830658 0.172040447592735 0.172032579779625 0.171909585595131 0.171413227915764 0.173222944140434 0.179057002067566 0.190271556377411 0.207022503018379 0.213301450014114 0.213200926780701 0.21281236410141 0.212327793240547 0.211740136146545 0.211026728153229 0.194815441966057 0.179936826229095 0.173545017838478 0.167956605553627 0.164604619145393 0.162665098905563 0.162908494472504 0.163071289658546 0.163160130381584
-9999 -9999 -9999 -9999 -9999 0.25164270401001 0.25031191110611 0.25063219666481 0.249292269349098 0.24471327662468 0.240053981542587 0.235087320208549 0.230135351419449 0.22521248459816 0.220194429159164 0.215066567063332 0.211787506937981 0.209778115153313 0.210233375430107 0.211640328168869 0.210529491305351 0.208974361419678 0.170248091220856 0.134952127933502 0.135024383664131 0.134990304708481 0.134611412882805 0.137916654348373 0.147651001811028 0.165489539504051 0.191667124629021 0.201190486550331 0.20056825876236 0.19987528026104 0.19915871322155 0.198633715510368 0.19795823097229 0.172692492604256 0.149543792009354 0.139877066016197 0.131421729922295 0.126338616013527 0.123337082564831 0.123552516102791 0.123722098767757 0.123849600553513
-9999 -9999 -9999 -9999 -9999 0.251014888286591 0.25164270401001 0.248564139008522 0.245145842432976 0.239643707871437 0.234303280711174 0.229581788182259 0.22483329474926 0.220031380653381 0.205210655927658 0.178829804062843 0.162770375609398 0.15379910171032 0.159814476966858 0.171616733074188 0.174929440021515 0.176743999123573 0.161501199007034 0.147499173879623 0.146949410438538 0.1468156427145 0.148030713200569 0.150497570633888 0.155148923397064 0.160082116723061 0.165305331349373 0.164181411266327 0.159190878272057 0.15774792432785 0.157487466931343 0.157441809773445 0.157377377152443 0.150576695799828 0.144625976681709 0.144088074564934 0.143784195184708 0.14413183927536 0.144693568348885 0.145586133003235 0.146390214562416 0.147113084793091
-9999 -9999 0.249518424272537 0.249722212553024 0.24997042119503 0.250386327505112 0.25101563334465 0.24619548022747 0.241032034158707 0.235206231474876 0.22966630756855 0.225220590829849 0.219155371189117 0.209885597229004 0.187076881527901 0.148646354675293 0.127038925886154 0.116984687745571 0.127920031547546 0.146960213780403 0.153267234563828 0.157327249646187 0.158436015248299 0.159271419048309 0.158367231488228 0.158180683851242 0.160320997238159 0.161930680274963 0.162614375352859 0.158541291952133 0.149573564529419 0.14201994240284 0.135327756404877 0.133849740028381 0.134109765291214 0.134537056088448 0.135026574134827 0.14095102250576 0.146747589111328 0.151729717850685 0.156405851244926 0.160230189561844 0.163199856877327 0.164848655462265 0.166237443685532 0.167387574911118
-9999.000000000000000 -9999 -9999 -9999 0.248809888958931 0.249554514884949 0.249171152710915 0.243170976638794 0.236989438533783 0.23214790225029 0.227459326386452 0.223356187343597 0.212657377123833 0.188907608389854 0.162070244550705 0.13167031109333 0.120294950902462 0.121984615921974 0.136443212628365 0.155832380056381 0.16201539337635 0.165867924690247 0.167767524719238 0.169353142380714 0.168678432703018 0.168541431427002 0.170147940516472 0.170859426259995 0.170008987188339 0.165436789393425 0.157034978270531 0.152253746986389 0.149678140878677 0.149724960327148 0.150645911693573 0.151532173156738 0.15245109796524 0.158576965332031 0.164228171110153 0.16685651242733 0.169593006372452 0.172630548477173 0.17548742890358 0.178065076470375 0.179929912090302 0.181140512228012
-9999 -9999 -9999 -9999 0.247183814644814 0.246488809585571 0.247077241539955 0.24078693985939 0.234335228800774 0.230236157774925 0.226142138242722 0.22206749022007 0.207109823822975 0.170617774128914 0.142188861966133 0.123063527047634 0.120855309069157 0.130264833569527 0.145352095365524 0.162631720304489 0.16957026720047 0.174683928489685 0.176809370517731 0.178574323654175 0.177880465984344 0.177512511610985 0.178201273083687 0.178121328353882 0.176699906587601 0.17248509824276 0.165395945310593 0.16271647810936 0.162723362445831 0.163671761751175 0.164934009313583 0.166197746992111 0.16748782992363 0.172409608960152 0.176889017224312 0.178551241755486 0.180440157651901 0.182960078120232 0.185466542840004 0.187952190637589 0.189731270074844 0.190861850976944
-9999 -9999 -9999 -9999 0.245998471975327 0.245508119463921 0.244902640581131 0.239208683371544 0.233427718281746 0.22976690530777 0.22594441473484 0.221503078937531 0.202757999300957 0.155709862709045 0.128755420446396 0.124985933303833 0.130605131387711 0.142671942710876 0.154746174812317 0.166823267936707 0.175623893737793 0.183846324682236 0.185486778616905 0.186712890863419 0.185687094926834 0.184735253453255 0.184023231267929 0.183286190032959 0.182505518198013 0.179725646972656 0.174888655543327 0.173467233777046 0.17412656545639 0.175192460417747 0.176393866539001 0.177932590246201 0.179520532488823 0.181469976902008 0.183486253023148 0.185928151011467 0.188343375921249 0.190684303641319 0.192541405558586 0.193650767207146 0.194637298583984 0.195511117577553
-9999 -9999 -9999 -9999 0.245508119463921 0.24477519094944 0.243914812803268 0.238792717456818 0.233551934361458 0.230080604553223 0.226365730166435 0.221718698740005 0.203280419111252 0.157553166151047 0.131749764084816 0.128935381770134 0.137718379497528 0.154465824365616 0.165495708584785 0.174317851662636 0.182157501578331 0.189823776483536 0.190924853086472 0.191618546843529 0.190115347504616 0.188602909445763 0.187060445547104 0.185925245285034 0.185500726103783 0.184393689036369 0.182584330439568 0.182249292731285 0.182812377810478 0.183721452951431 0.184745877981186 0.18636491894722 0.188058629631996 0.188708633184433 0.189543306827545 0.191554099321365 0.193471968173981 0.195131197571754 0.196315482258797 0.196765765547752 0.197353556752205 0.198067590594292
-9999 -9999 -9999 -9999 0.244732707738876 0.243914812803268 0.239865839481354 0.239248484373093 0.234449982643127 0.230981528759003 0.227251335978508 0.222519353032112 0.207458585500717 0.171960040926933 0.147065117955208 0.134405106306076 0.142854169011116 0.165799766778946 0.177261859178543 0.184289768338203 0.189051121473312 0.193412482738495 0.193933382630348 0.194099485874176 0.192009791731834 0.189954191446304 0.188009098172188 0.186669915914536 0.186388105154037 0.187132298946381 0.188932240009308 0.189554795622826 0.1894601136446 0.190006673336029 0.190766960382462 0.192320331931114 0.193975746631622 0.194580987095833 0.195195242762566 0.195866793394089 0.196519553661346 0.197120040655136 0.197613924741745 0.197943046689034 0.198427468538284 0.199054434895515
-9999 -9999 -9999 -9999 0.243914812803268 0.240306571125984 0.238609328866005 0.237507358193398 0.2367944419384 0.232274368405342 0.227689832448959 0.222858592867851 0.210766971111298 0.184309124946594 0.161175101995468 0.14187628030777 0.146585807204247 0.167782962322235 0.179558292031288 0.187695533037186 0.191732347011566 0.195045575499535 0.195359915494919 0.195452466607094 0.194244086742401 0.192999213933945 0.19163604080677 0.190655186772346 0.190341487526894 0.191096037626266 0.192949756979942 0.193554624915123 0.193398699164391 0.193736925721169 0.194239869713783 0.195498272776604 0.196854397654533 0.197280257940292 0.197677999734879 0.197896733880043 0.198103949427605 0.198279067873955 0.198460623621941 0.198652133345604 0.19893254339695 0.199294567108154
-9999 -9999 -9999 -9999 -9999 0.238976553082466 0.238836288452148 0.239072144031525 0.23975881934166 0.23373518884182 0.227936714887619 0.223000079393387 0.213702604174614 0.195776283740997 0.17476849257946 0.150205209851265 0.149715662002563 0.16575862467289 0.177796214818954 0.188287168741226 0.192608252167702 0.195840537548065 0.196108430624008 0.196322023868561 0.196624025702477 0.196770146489143 0.196410834789276 0.196029275655746 0.195608913898468 0.195584833621979 0.19596853852272 0.196137726306915 0.196176216006279 0.1963721960783 0.196620672941208 0.197485864162445 0.198430836200714 0.198619589209557 0.198802515864372 0.198948353528976 0.199061259627342 0.19908244907856 0.199113711714745 0.199160546064377 0.199193835258484 0.199214696884155
-9999 -9999 -9999 -9999 -9999 0.23912151157856 0.239484056830406 0.239929378032684 0.23950769007206 0.233507558703423 0.227691188454628 0.222578227519989 0.213579446077347 0.196891739964485 0.176496610045433 0.151823669672012 0.150682047009468 0.165700405836105 0.1769789904356 0.186813488602638 0.191937908530235 0.196231126785278 0.196797266602516 0.197273895144463 0.19768488407135 0.197955667972565 0.197771906852722 0.197619646787643 0.19752237200737 0.197501763701439 0.197560027241707 0.197624504566193 0.197692766785622 0.197803199291229 0.197927698493004 0.198428273200989 0.198977544903755 0.199069991707802 0.199158772826195 0.199224129319191 0.199270442128181 0.199263766407967 0.199259549379349 0.199259147047997 0.199240311980247 0.199204549193382
-9999 -9999 -9999 -9999 -9999 0.238709390163422 0.239044204354286 0.239450633525848 0.238591268658638 0.232930570840836 0.227343767881393 0.222039818763733 0.212823435664177 0.19586543738842 0.175769776105881 0.152053743600845 0.151200801134109 0.166048973798752 0.176357254385948 0.184912502765656 0.190947636961937 0.196538046002388 0.197473734617233 0.198242798447609 0.198472812771797 0.198606267571449 0.19842666387558 0.198427155613899 0.198741897940636 0.198886558413506 0.198856204748154 0.198884457349777 0.198948428034782 0.198985055088997 0.1990125477314 0.199154451489449 0.199311211705208 0.199336484074593 0.199356064200401 0.199339374899864 0.199324861168861 0.199316367506981 0.199300423264503 0.199272960424423 0.19924233853817 0.199208825826645
-9999 -9999 -9999 -9999 -9999 -9999 0.237599924206734 0.237752586603165 0.237307518720627 0.231819376349449 0.226478978991508 0.221704095602036 0.212597563862801 0.194919914007187 0.173484951257706 0.147714674472809 0.146726325154305 0.162756845355034 0.173422247171402 0.182015970349312 0.189758136868477 0.197350025177002 0.198223471641541 0.198897048830986 0.199130922555923 0.199202984571457 0.198750361800194 0.198514953255653 0.198658630251884 0.19871886074543 0.198693230748177 0.198712319135666 0.198758661746979 0.198783680796623 0.198801591992378 0.198836535215378 0.198875993490219 0.19921387732029 0.199511855840683 0.199555739760399 0.19958621263504 0.199579358100891 0.199571415781975 0.199561804533005 0.199561670422554 0.199570268392563
-9999 -9999 -9999 -9999 -9999 -9999 0.235999271273613 0.235596567392349 0.23595866560936 0.230620950460434 0.22552153468132 0.221334204077721 0.212175026535988 0.193177938461304 0.170420452952385 0.143324077129364 0.142471924424171 0.159642860293388 0.170683264732361 0.179356455802917 0.188690006732941 0.198140099644661 0.198946684598923 0.199518471956253 0.199710890650749 0.199697092175484 0.199014633893967 0.198567673563957 0.198531657457352 0.198505029082298 0.198488041758537 0.198491260409355 0.198506787419319 0.198520258069038 0.198533028364182 0.198483988642693 0.19843128323555 0.199056208133698 0.1996099203825 0.199709966778755 0.199782982468605 0.199780717492104 0.199784740805626 0.199798494577408 0.199829950928688 0.199877634644508
-9999 -9999 -9999 -9999 -9999 -9999 0.234506115317345 0.234648659825325 0.234090909361839 0.228747352957726 0.223822996020317 0.22050316631794 0.209401488304138 0.182901680469513 0.159783229231834 0.140566363930702 0.142950117588043 0.160168007016182 0.171140238642693 0.179700806736946 0.189011946320534 0.198455542325974 0.199351862072945 0.199939981102943 0.199519261717796 0.199122473597527 0.198803275823593 0.198589846491814 0.19856096804142 0.198540732264519 0.19852939248085 0.19843228161335 0.198282927274704 0.19825567305088 0.198269098997116 0.198260620236397 0.198252469301224 0.198710545897484 0.199112042784691 0.199153214693069 0.199191987514496 0.199224084615707 0.199272900819778 0.19934755563736 0.199401870369911 0.199437484145164
-9999 -9999 -9999 -9999 -9999 0.234421968460083 0.23338021337986 0.23327311873436 0.231757462024689 0.226649433374405 0.222063109278679 0.219473645091057 0.206243559718132 0.171958684921265 0.149139493703842 0.139549925923347 0.145570009946823 0.162309974431992 0.173078656196594 0.181541606783867 0.190164163708687 0.198814883828163 0.199561595916748 0.199986785650253 0.199175015091896 0.198546171188354 0.198510438203812 0.198480919003487 0.198462262749672 0.198450639843941 0.198446273803711 0.19829460978508 0.198053240776062 0.198010638356209 0.198034316301346 0.198065653443336 0.198099881410599 0.198391035199165 0.198641806840897 0.198635458946228 0.198641926050186 0.198684021830559 0.19875380396843 0.198866367340088 0.198958218097687 0.199031040072441
-9999 -9999 -9999 -9999 0.234377190470695 0.234074920415878 0.234421968460083 0.231177106499672 0.227716535329819 0.22372904419899 0.220078274607658 0.217716321349144 0.201676234602928 0.158570975065231 0.138471871614456 0.144918292760849 0.156042963266373 0.170380383729935 0.180449113249779 0.188869521021843 0.194360852241516 0.199335277080536 0.19905461370945 0.198659658432007 0.198271170258522 0.197963699698448 0.197918862104416 0.197891369462013 0.197894111275673 0.197899207472801 0.197906717658043 0.197868376970291 0.197802096605301 0.197837322950363 0.197906389832497 0.197974771261215 0.198043450713158 0.198167413473129 0.198272898793221 0.198260769248009 0.198241993784904 0.198204725980759 0.198208093643188 0.198274224996567 0.198457449674606 0.198748126626015
