Ecospace-environmental-drivers/Outputs/ASCII-for-ecospace/MOM6-ISIMIP3a/o2-bot/1980-05_o2-bot_MOM6-ISIMIP3a.asc
NCOLS 131 
NROWS 53 
XLLCORNER -98 
YLLCORNER 23.9265270233154 
CELLSIZE 0.133587792515755 
NODATA_value -9999 
[rows 21 to 41 of 53, columns 0 to 45 of 131]
-9999 -9999 -9999 -9999 -9999 -9999 0.22145739197731 0.221431702375412 0.221337020397186 0.221197292208672 0.221342965960503 0.221759736537933 0.222222834825516 0.223602294921875 0.222151890397072 0.217436283826828 0.207729667425156 0.194595500826836 0.195249795913696 0.201228335499763 0.204227313399315 0.20670048892498 0.199474394321442 0.192818343639374 0.192682519555092 0.193015784025192 0.194870054721832 0.197250261902809 0.20054829120636 0.20340783894062 0.205816179513931 0.208097323775291 0.210300967097282 0.212321609258652 0.214281246066093 0.214989796280861 0.215515419840813 0.214648768305779 0.213821262121201 0.213242948055267 0.212799772620201 0.21273273229599 0.212023496627808 0.210321828722954 0.209492176771164 0.209462851285934
-9999 -9999 -9999 -9999 -9999 -9999 0.221465051174164 0.22145739197731 0.221406012773514 0.221287369728088 0.221197292208672 0.221071854233742 0.219602704048157 0.21547469496727 0.212846308946609 0.211948230862617 0.206857815384865 0.198888316750526 0.199970543384552 0.204547971487045 0.206886544823647 0.208830013871193 0.203698113560677 0.19901779294014 0.199391573667526 0.199977532029152 0.20125150680542 0.202809765934944 0.204864159226418 0.206735894083977 0.208419695496559 0.210129961371422 0.211856335401535 0.213488236069679 0.21508863568306 0.214736714959145 0.214114814996719 0.2134730219841 0.212896794080734 0.212738156318665 0.21264623105526 0.212740004062653 0.212482482194901 0.211682096123695 0.211300760507584 0.211304023861885
-9999 -9999 -9999 -9999 0.220630824565887 0.221136868000031 0.221465468406677 0.221472293138504 0.22145739197731 0.221354618668556 0.221140146255493 0.220498099923134 0.216846972703934 0.20724168419838 0.203494012355804 0.206505134701729 0.206172347068787 0.203543141484261 0.205034300684929 0.208116501569748 0.208756789565086 0.20896615087986 0.205455929040909 0.202353715896606 0.203330382704735 0.204249694943428 0.204983040690422 0.205907538533211 0.207165628671646 0.208349987864494 0.209458500146866 0.210692420601845 0.212002739310265 0.213222905993462 0.214413031935692 0.21301931142807 0.211274459958076 0.210359767079353 0.209544867277145 0.209365516901016 0.20923438668251 0.209237545728683 0.209300145506859 0.209454640746117 0.209529310464859 0.209530740976334
-9999 -9999 -9999 -9999 0.219513088464737 0.220407888293266 0.220808252692223 0.221465468406677 0.221494033932686 0.221857503056526 0.22165684401989 0.219296842813492 0.215726420283318 0.209760844707489 0.206534594297409 0.20646907389164 0.205994859337807 0.205239996314049 0.206434771418571 0.208382397890091 0.201818525791168 0.193752631545067 0.174796149134636 0.157765835523605 0.158774182200432 0.159850433468819 0.161146864295006 0.165352910757065 0.174636483192444 0.184765115380287 0.195763289928436 0.200379148125648 0.20110696554184 0.201586484909058 0.201983243227005 0.201603427529335 0.201054483652115 0.191919401288033 0.182930737733841 0.174874559044838 0.167693004012108 0.162946105003357 0.160233363509178 0.160664290189743 0.161041498184204 0.161369413137436
-9999 -9999 -9999 -9999 -9999 0.219513088464737 0.219844773411751 0.220151036977768 0.220738470554352 0.220339670777321 0.219415783882141 0.216482102870941 0.213477805256844 0.210333794355392 0.20614293217659 0.200744181871414 0.198160201311111 0.197509244084358 0.199368894100189 0.202197998762131 0.191631823778152 0.178701803088188 0.150341480970383 0.124799452722073 0.12555855512619 0.126555263996124 0.128322392702103 0.134746119379997 0.149296060204506 0.164711773395538 0.181018322706223 0.186773717403412 0.186101451516151 0.18574646115303 0.185497239232063 0.185950055718422 0.18639674782753 0.17250956594944 0.158804476261139 0.146259039640427 0.135113552212715 0.127865210175514 0.123702391982079 0.124308064579964 0.125007405877113 0.12579271197319
-9999 -9999 -9999 -9999 -9999 0.220111802220345 0.219513088464737 0.21824948489666 0.216509416699409 0.209961533546448 0.205082774162292 0.20659264922142 0.206283032894135 0.202373147010803 0.190701961517334 0.170075476169586 0.156750977039337 0.148441106081009 0.15518045425415 0.167730867862701 0.167201638221741 0.164364263415337 0.15309451520443 0.142790049314499 0.142068147659302 0.141948387026787 0.143781095743179 0.147757858037949 0.155476197600365 0.160143241286278 0.161670535802841 0.158733144402504 0.153075903654099 0.151474878191948 0.151225909590721 0.151716530323029 0.152280613780022 0.148848950862885 0.145586952567101 0.143405556678772 0.141829669475555 0.141939327120781 0.142137363553047 0.142471984028816 0.143579393625259 0.145396083593369
-9999 -9999 0.221186622977257 0.221115320920944 0.221107840538025 0.220711216330528 0.220111086964607 0.214610710740089 0.208760663866997 0.20183439552784 0.197071462869644 0.20058885216713 0.20023712515831 0.192229509353638 0.174102231860161 0.144298478960991 0.126324608922005 0.116474844515324 0.127621620893478 0.146875947713852 0.153199478983879 0.157241120934486 0.157907977700233 0.158267378807068 0.156680583953857 0.155912399291992 0.157798483967781 0.15985631942749 0.162213832139969 0.159400448203087 0.151266351342201 0.143525332212448 0.13602377474308 0.133976846933365 0.133748129010201 0.134209290146828 0.134789600968361 0.138674601912498 0.14263978600502 0.14711557328701 0.151594340801239 0.156081393361092 0.159152552485466 0.160035535693169 0.161593943834305 0.163772270083427
-9999.000000000000000 -9999 -9999 -9999 0.221526890993118 0.221504479646683 0.221870064735413 0.207181572914124 0.193332478404045 0.198618605732918 0.202853202819824 0.203062996268272 0.196697890758514 0.177322909235954 0.154974266886711 0.129194483160973 0.119861170649529 0.121822394430637 0.136346191167831 0.155720844864845 0.161949723958969 0.165858760476112 0.167216956615448 0.168261095881462 0.167153730988503 0.166758269071579 0.168671190738678 0.169962152838707 0.170167788863182 0.167004883289337 0.16037580370903 0.156316742300987 0.153823345899582 0.153076305985451 0.152911394834518 0.153196349740028 0.153572112321854 0.157925337553024 0.162101030349731 0.165146172046661 0.168010547757149 0.17037171125412 0.173069968819618 0.176289185881615 0.178392261266708 0.17947094142437
-9999 -9999 -9999 -9999 0.221970275044441 0.222364962100983 0.222559094429016 0.203410759568214 0.185759797692299 0.197607442736626 0.206400692462921 0.203503116965294 0.191779643297195 0.162592187523842 0.138862684369087 0.121430799365044 0.120185196399689 0.130055442452431 0.145293980836868 0.162605419754982 0.169584006071091 0.174739152193069 0.176352337002754 0.17761392891407 0.176591977477074 0.176095724105835 0.177303969860077 0.177802592515945 0.177062883973122 0.174176067113876 0.169079929590225 0.167379274964333 0.167747125029564 0.167948603630066 0.168094620108604 0.168500825762749 0.168966442346573 0.172689408063889 0.176201298832893 0.178368896245956 0.180358842015266 0.181854292750359 0.184191673994064 0.187830239534378 0.189803957939148 0.19024969637394
-9999 -9999 -9999 -9999 0.222203180193901 0.222041398286819 0.221841648221016 0.204242408275604 0.188070014119148 0.199369892477989 0.207137361168861 0.201384276151657 0.185126468539238 0.148082733154297 0.126545980572701 0.122901827096939 0.129048392176628 0.141918674111366 0.154522627592087 0.167023733258247 0.175814300775528 0.183950081467628 0.185269296169281 0.186160460114479 0.184728264808655 0.183535441756248 0.183118745684624 0.182792961597443 0.18262580037117 0.180802196264267 0.177274137735367 0.176266729831696 0.176794856786728 0.177502781152725 0.178270623087883 0.179172322154045 0.180098161101341 0.181808903813362 0.183556988835335 0.185542896389961 0.187589392066002 0.189804509282112 0.191796153783798 0.193442463874817 0.194438874721527 0.194838806986809
-9999 -9999 -9999 -9999 0.222041398286819 0.221799597144127 0.221515730023384 0.207940250635147 0.195446461439133 0.204016923904419 0.209490269422531 0.203109115362167 0.186627849936485 0.150161266326904 0.129282638430595 0.126390039920807 0.135975450277328 0.154130086302757 0.165756925940514 0.174863159656525 0.18248775601387 0.189850896596909 0.190766021609306 0.191240593791008 0.18922059237957 0.187381580471992 0.186129480600357 0.185399100184441 0.185579150915146 0.18513023853302 0.184034138917923 0.18393312394619 0.184438318014145 0.185234785079956 0.186128348112106 0.187089115381241 0.188058018684387 0.188865959644318 0.189756065607071 0.191169455647469 0.192706882953644 0.194589525461197 0.195988282561302 0.196639224886894 0.1971136033535 0.197425901889801
-9999 -9999 -9999 -9999 0.221785575151443 0.221515730023384 0.214197993278503 0.213787779211998 0.206622615456581 0.210827425122261 0.21305538713932 0.207716748118401 0.194245219230652 0.164680942893028 0.143309459090233 0.131391152739525 0.14145040512085 0.166602626442909 0.178495511412621 0.185268461704254 0.189493581652641 0.193269103765488 0.193697527050972 0.193720906972885 0.190979897975922 0.188532501459122 0.187037155032158 0.186217054724693 0.186575323343277 0.187734723091125 0.189718469977379 0.190683737397194 0.191028535366058 0.191600129008293 0.192247331142426 0.192939877510071 0.19363896548748 0.194376170635223 0.195087656378746 0.195635423064232 0.196239560842514 0.197000622749329 0.197621122002602 0.19802437722683 0.198318153619766 0.198511436581612
-9999 -9999 -9999 -9999 0.221515730023384 0.216445460915565 0.214416027069092 0.213548198342323 0.213081628084183 0.214022144675255 0.214195385575294 0.211431860923767 0.2005924731493 0.173773229122162 0.152478396892548 0.137557849287987 0.14524419605732 0.168455705046654 0.180731549859047 0.18878473341465 0.192224889993668 0.194850966334343 0.195178240537643 0.195258229970932 0.193697199225426 0.192241966724396 0.191129773855209 0.190434828400612 0.190468043088913 0.191456839442253 0.19342890381813 0.194307416677475 0.194519758224487 0.194925308227539 0.195395261049271 0.195979475975037 0.196578949689865 0.197103232145309 0.197584763169289 0.197794184088707 0.198011457920074 0.198250576853752 0.198494330048561 0.198745280504227 0.198886841535568 0.198927998542786
-9999 -9999 -9999 -9999 -9999 0.215616852045059 0.215652108192444 0.215912118554115 0.217518985271454 0.215667203068733 0.214296042919159 0.214764460921288 0.206395387649536 0.180539458990097 0.159565344452858 0.144224107265472 0.148317486047745 0.1657575070858 0.178466454148293 0.189348548650742 0.1931242197752 0.195645809173584 0.196037173271179 0.196391418576241 0.196825087070465 0.19704794883728 0.19658736884594 0.196109682321548 0.195602163672447 0.195657938718796 0.196293354034424 0.196590974926949 0.196682825684547 0.196947529911995 0.197269856929779 0.197814285755157 0.19838710129261 0.19863748550415 0.198867067694664 0.198964133858681 0.199028730392456 0.199002876877785 0.199041992425919 0.199181526899338 0.199183017015457 0.199057847261429
-9999 -9999 -9999 -9999 -9999 0.216299220919609 0.216782405972481 0.217495992779732 0.217411160469055 0.215594887733459 0.21435908973217 0.215345025062561 0.207286685705185 0.181332245469093 0.160426154732704 0.14534504711628 0.148893609642982 0.165236011147499 0.177150785923004 0.187355905771255 0.192167907953262 0.196028187870979 0.196825906634331 0.19753472507 0.198061391711235 0.198337912559509 0.197803378105164 0.197443217039108 0.197387337684631 0.19749890267849 0.197782769799232 0.197921052575111 0.197970643639565 0.198105752468109 0.198269352316856 0.198590487241745 0.198931872844696 0.199060589075089 0.199176117777824 0.199207752943039 0.19921937584877 0.199175298213959 0.199172899127007 0.199234873056412 0.199222251772881 0.199141144752502
-9999 -9999 -9999 -9999 -9999 0.216062530875206 0.216463133692741 0.216939121484756 0.216362938284874 0.215167254209518 0.214414358139038 0.215356215834618 0.207161754369736 0.180889129638672 0.159998759627342 0.145318657159805 0.148953080177307 0.165164887905121 0.176031574606895 0.184834331274033 0.190827652812004 0.196325197815895 0.197600111365318 0.198680102825165 0.19890633225441 0.198900401592255 0.198141783475876 0.197878509759903 0.198479622602463 0.198851555585861 0.198987677693367 0.199053838849068 0.199077382683754 0.199085205793381 0.199087768793106 0.199147656559944 0.199215263128281 0.199253782629967 0.199283808469772 0.199259713292122 0.199239000678062 0.199227750301361 0.199217557907104 0.199208989739418 0.199208304286003 0.199214830994606
-9999 -9999 -9999 -9999 -9999 -9999 0.214942052960396 0.214954286813736 0.214905485510826 0.214490875601768 0.214331194758415 0.215147346258163 0.206919342279434 0.180795535445213 0.158829942345619 0.141662254929543 0.14454759657383 0.161204248666763 0.172430127859116 0.181558981537819 0.189530089497566 0.197296887636185 0.198427349328995 0.199326723814011 0.199511289596558 0.199464976787567 0.198670104146004 0.198264375329018 0.198537737131119 0.198703169822693 0.198757529258728 0.198798447847366 0.198831155896187 0.198837324976921 0.198834657669067 0.198842570185661 0.198853969573975 0.199146315455437 0.199409291148186 0.19948510825634 0.199538543820381 0.199529677629471 0.199525132775307 0.199527248740196 0.199552714824677 0.199599593877792
-9999 -9999 -9999 -9999 -9999 -9999 0.213405430316925 0.212932735681534 0.213460236787796 0.21384160220623 0.214286595582962 0.214975193142891 0.206581890583038 0.180218011140823 0.157202899456024 0.138051703572273 0.14037299156189 0.157440379261971 0.16903255879879 0.178510576486588 0.188334494829178 0.198219448328018 0.199197962880135 0.199909567832947 0.200022175908089 0.199922740459442 0.199135810136795 0.19861251115799 0.198549270629883 0.198509007692337 0.198492377996445 0.198502853512764 0.198529824614525 0.198535859584808 0.198534905910492 0.198504507541656 0.198474064469337 0.199003055691719 0.19948273897171 0.199648395180702 0.199768334627151 0.199761047959328 0.199765726923943 0.19978891313076 0.199841126799583 0.199919983744621
-9999 -9999 -9999 -9999 -9999 -9999 0.211990788578987 0.212329268455505 0.212340459227562 0.213600233197212 0.214719325304031 0.215299874544144 0.205286711454391 0.174311548471451 0.151042222976685 0.136664241552353 0.14079375565052 0.157633185386658 0.168995559215546 0.178243026137352 0.18820621073246 0.198295712471008 0.199339210987091 0.200050503015518 0.199644237756729 0.199240133166313 0.198843061923981 0.198581904172897 0.198557928204536 0.198543652892113 0.198539346456528 0.198441654443741 0.198287054896355 0.198248893022537 0.19824954867363 0.198226571083069 0.19820348918438 0.198621496558189 0.198992744088173 0.199066326022148 0.19912052154541 0.199120700359344 0.199166432023048 0.199282556772232 0.199361100792885 0.199405148625374
-9999 -9999 -9999 -9999 -9999 0.210043415427208 0.210977897047997 0.210710376501083 0.211491480469704 0.213199511170387 0.214357554912567 0.21341048181057 0.201185673475266 0.166645407676697 0.144587814807892 0.136933267116547 0.143353641033173 0.159439891576767 0.170570939779282 0.1797886043787 0.189131662249565 0.198496833443642 0.199358329176903 0.199883744120598 0.199160367250443 0.198587074875832 0.198500394821167 0.198447570204735 0.198453769087791 0.198461681604385 0.198471352458 0.19831520318985 0.198058053851128 0.198000013828278 0.198008343577385 0.197996973991394 0.197985127568245 0.198284909129143 0.198544844985008 0.198551043868065 0.198551252484322 0.19853475689888 0.198591396212578 0.19876104593277 0.198876172304153 0.198941275477409
-9999 -9999 -9999 -9999 0.209733888506889 0.210088089108467 0.210043415427208 0.210828527808189 0.211635515093803 0.212214440107346 0.211082592606544 0.203402653336525 0.186796307563782 0.152527078986168 0.13705638051033 0.143276259303093 0.153757154941559 0.167164295911789 0.178058534860611 0.187982439994812 0.193920746445656 0.199155732989311 0.198929637670517 0.198588788509369 0.198288142681122 0.198042407631874 0.197974741458893 0.197932869195938 0.197935983538628 0.197952166199684 0.197981789708138 0.197949528694153 0.197879567742348 0.197890803217888 0.197929114103317 0.197944715619087 0.197958216071129 0.198113307356834 0.198251321911812 0.198280587792397 0.198269963264465 0.198148280382156 0.198105275630951 0.198183879256248 0.198373228311539 0.198664218187332
