Ecospace-environmental-drivers/Outputs/ASCII-for-ecospace/MOM6-ISIMIP3a/o2-bot/1981-01_o2-bot_MOM6-ISIMIP3a.asc
NCOLS 131 
NROWS 53 
XLLCORNER -98 
YLLCORNER 23.9265270233154 
CELLSIZE 0.133587792515755 
NODATA_value -9999 
[rows 0 to 20 of 53, columns 46 to 91 of 131]
-9999 -9999 -9999 -9999 -9999 -9999 -9999 -9999 -9999 -9999 -9999 -9999 -9999 -9999 -9999 -9999 -9999 -9999 -9999 -9999 -9999 -9999 -9999 -9999 -9999 -9999 -9999 -9999 -9999 -9999 -9999 -9999 -9999 -9999 -9999 -9999 -9999 -9999 -9999 -9999 -9999 -9999 -9999 -9999 -9999 -9999
-9999 -9999 -9999 -9999 -9999 -9999 -9999 -9999 -9999 -9999 -9999 -9999 -9999 -9999 -9999 -9999 -9999 -9999 -9999 -9999 -9999 -9999 -9999 -9999 -9999 -9999 -9999 -9999 -9999 -9999 -9999 -9999 -9999 -9999 -9999 -9999 -9999 -9999 -9999 -9999 -9999 -9999 -9999 -9999 -9999 -9999
-9999 -9999 -9999 -9999 -9999 -9999 -9999 -9999 -9999 -9999 -9999 -9999 -9999 -9999 -9999 -9999 -9999 -9999 -9999 -9999 -9999 -9999 -9999 -9999 -9999 -9999 -9999 -9999 0.273611605167389 0.274608552455902 -9999 -9999 -9999 -9999 -9999 -9999 -9999 -9999 -9999 -9999 -9999 -9999 -9999 -9999 -9999 -9999
-9999 -9999 -9999 -9999 -9999 -9999 -9999 -9999 -9999 -9999 -9999 -9999 -9999 -9999 -9999 -9999 -9999 -9999 -9999 -9999 -9999 -9999 -9999 -9999 -9999 -9999 -9999 -9999 0.273599833250046 0.274988353252411 -9999 -9999 -9999 -9999 -9999 -9999 -9999 -9999 -9999 -9999 -9999 -9999 -9999 -9999 -9999 -9999
-9999 -9999 -9999 -9999 -9999 -9999 -9999 -9999 -9999 -9999 -9999 -9999 -9999 -9999 -9999 -9999 -9999 -9999 -9999 0.285746663808823 0.285113781690598 0.284607499837875 0.2816541492939 0.279063761234283 0.274649322032928 0.271915465593338 0.271173059940338 0.271888166666031 0.273678630590439 0.275232672691345 0.276053726673126 -9999 -9999 0.263344049453735 0.253971368074417 0.2436912804842 0.235057041049004 0.230881303548813 0.230698630213737 0.23436413705349 0.23940609395504 0.245861291885376 0.252625644207001 -9999 -9999 -9999
-9999 -9999 -9999 -9999 -9999 -9999 -9999 -9999 -9999 -9999 -9999 -9999 -9999 -9999 -9999 0.266847521066666 -9999 0.270764052867889 0.274046629667282 0.279760211706161 0.285746663808823 0.284987211227417 0.284607499837875 0.278700798749924 0.273883014917374 0.271364122629166 0.270499229431152 0.271655857563019 0.273509413003922 0.275870651006699 0.276317924261093 0.275972574949265 0.270988196134567 0.265091896057129 0.25395205616951 0.242870166897774 0.234251603484154 0.228049337863922 0.230342954397202 0.233703598380089 0.239045858383179 0.245468810200691 0.253069221973419 0.259338885545731 0.264747470617294 -9999
-9999 -9999 -9999 -9999 -9999 -9999 -9999 -9999 -9999 -9999 -9999 0.211805135011673 0.212081506848335 0.212053090333939 0.211398050189018 0.238311573863029 0.266427397727966 0.267267644405365 0.270977914333344 0.274046629667282 0.279487371444702 0.285746663808823 0.284607499837875 0.278700798749924 0.273883014917374 0.271364122629166 0.270499229431152 0.271655857563019 0.273509413003922 0.275870651006699 0.276317924261093 0.275972574949265 0.270988196134567 0.265091896057129 0.25395205616951 0.242870166897774 0.234251603484154 0.228049337863922 0.230342954397202 0.233703598380089 0.239045858383179 0.245468810200691 0.253069221973419 0.259338885545731 0.264747470617294 0.266176879405975
-9999 -9999 -9999 -9999 -9999 -9999 -9999 -9999 -9999 -9999 -9999 0.210323363542557 0.211805135011673 0.212357878684998 -9999 0.209840014576912 0.23602657020092 0.265587151050568 0.267267644405365 0.271619439125061 0.274046629667282 0.278668820858002 0.281075328588486 0.274208903312683 0.268173843622208 0.263893961906433 0.262065172195435 0.263232082128525 0.265102803707123 0.267486184835434 0.267836600542068 0.267345130443573 0.261810213327408 0.255283862352371 0.245210781693459 0.235292449593544 0.228169098496437 0.222992584109306 0.22466117143631 0.22777433693409 0.233570218086243 0.239986002445221 0.247077211737633 0.252211481332779 0.256079524755478 0.256215661764145
-9999 -9999 -9999 -9999 -9999 -9999 -9999 -9999 -9999 -9999 -9999 -9999 -9999 -9999 -9999 0.211273044347763 0.205336406826973 0.230668634176254 0.26390665769577 0.267267644405365 0.273544073104858 0.276323109865189 0.277046173810959 0.269164830446243 0.261825263500214 0.255629360675812 0.252740472555161 0.253893405199051 0.255751878023148 0.258124232292175 0.25833922624588 0.257660746574402 0.25155445933342 0.244381219148636 0.23552842438221 0.226907819509506 0.221163049340248 0.216971829533577 0.218243032693863 0.22126604616642 0.227542415261269 0.23392653465271 0.240428075194359 0.244328871369362 0.246546864509583 0.250118583440781
0.281752049922943 0.282043993473053 -9999 -9999 -9999 -9999 -9999 -9999 -9999 -9999 -9999 0.243585333228111 0.208804532885551 -9999 -9999 -9999 0.207997888326645 0.193995222449303 0.220175787806511 0.260545670986176 0.260296583175659 0.266130983829498 0.269462198019028 0.262317389249802 0.255305826663971 0.248575612902641 0.244997531175613 0.245272010564804 0.246053770184517 0.247205004096031 0.246337398886681 0.244633734226227 0.239328607916832 0.233315527439117 0.22687366604805 0.219717100262642 0.205733954906464 0.197277545928955 0.208253428339958 0.217472285032272 0.223428100347519 0.228974312543869 0.234074249863625 0.237696126103401 0.240361660718918 0.244778633117676
0.281807452440262 0.282280564308167 0.282315492630005 -9999 -9999 -9999 -9999 -9999 -9999 -9999 -9999 0.260431110858917 0.237598672509193 0.208804532885551 -9999 -9999 0.216227054595947 0.195961460471153 0.169797167181969 0.207306981086731 0.247017040848732 0.255083441734314 0.260370165109634 0.254023611545563 0.247536182403564 0.240751340985298 0.236888259649277 0.236596196889877 0.236471146345139 0.236467763781548 0.23471137881279 0.232229009270668 0.227718561887741 0.222809448838234 0.216975331306458 0.209585592150688 0.187333911657333 0.174333915114403 0.19386325776577 0.209129855036736 0.216480061411858 0.22267459332943 0.227609977126122 0.231353968381882 0.234327062964439 0.239452823996544
0.281807452440262 0.282280564308167 0.282385319471359 0.280840337276459 0.27992781996727 -9999 -9999 -9999 -9999 -9999 -9999 -9999 0.25125578045845 0.228508979082108 0.208804532885551 0.211805135011673 0.216227054595947 0.195961460471153 0.169797167181969 0.200651377439499 0.233565449714661 0.239447578787804 0.243189111351967 0.237971991300583 0.233060464262962 0.228794068098068 0.226814016699791 0.227628350257874 0.22750797867775 0.22670678794384 0.225101009011269 0.223162025213242 0.219411581754684 0.215305030345917 0.200406715273857 0.183680161833763 0.15299828350544 0.133961454033852 0.155869245529175 0.17638935148716 0.194332376122475 0.209147095680237 0.220553398132324 0.226570412516594 0.229100301861763 0.234202697873116
0.280956894159317 0.281496345996857 0.280954569578171 0.280105262994766 0.279916256666183 -9999 -9999 -9999 -9999 0.272988885641098 0.268890798091888 0.26275697350502 0.253828376531601 0.237181961536407 0.21422104537487 0.208498403429985 0.210941135883331 0.194429561495781 0.173389181494713 0.196856826543808 0.22192145884037 0.225726395845413 0.227909997105598 0.223308175802231 0.218288823962212 0.212388023734093 0.208013385534286 0.205504059791565 0.204493075609207 0.204573482275009 0.205237239599228 0.206142574548721 0.204053923487663 0.201376721262932 0.181373953819275 0.159624263644218 0.127077266573906 0.106046386063099 0.12550675868988 0.14569091796875 0.167219236493111 0.185572177171707 0.200465425848961 0.211489960551262 0.22001126408577 0.227729275822639
0.277979880571365 0.278751522302628 0.279381692409515 0.27997162938118 0.279916256666183 0.279761910438538 0.278717875480652 0.277524381875992 0.275570631027222 0.272988885641098 0.268890798091888 0.26275697350502 0.253828376531601 0.235161989927292 0.208528444170952 0.196924641728401 0.192440092563629 0.189067885279655 0.185961425304413 0.200215071439743 0.214796602725983 0.21679200232029 0.217385843396187 0.212113976478577 0.202777370810509 0.184859797358513 0.167396366596222 0.150487989187241 0.146348163485527 0.151508748531342 0.159739419817924 0.16924150288105 0.171069234609604 0.171388372778893 0.15618072450161 0.140192255377769 0.122193187475204 0.109275378286839 0.114223502576351 0.120097823441029 0.127692192792892 0.136878177523613 0.147798299789429 0.170666754245758 0.201266348361969 0.218197509646416
0.272202283143997 0.273180365562439 0.275325566530228 0.277802735567093 0.278172701597214 0.278272747993469 0.276908069849014 0.275350779294968 0.272813379764557 0.269656270742416 0.26500278711319 0.258693009614944 0.250109434127808 0.232598140835762 0.207782477140427 0.19415907561779 0.185837209224701 0.189213320612907 0.195384472608566 0.202795624732971 0.209835186600685 0.21022666990757 0.207536607980728 0.191950008273125 0.175600677728653 0.157641142606735 0.14040744304657 0.124060839414597 0.122953310608864 0.132945701479912 0.145176529884338 0.158334374427795 0.159705087542534 0.158758729696274 0.144954949617386 0.131029948592186 0.120572172105312 0.111696571111679 0.108383968472481 0.105969235301018 0.105221919715405 0.108039326965809 0.114740617573261 0.141190052032471 0.180417492985725 0.203601732850075
0.262465208768845 0.263613224029541 0.267758578062057 0.272756367921829 0.273964077234268 0.274678140878677 0.272539585828781 0.270104080438614 0.266157895326614 0.261611968278885 0.255617797374725 0.248883366584778 0.241132587194443 0.229265347123146 0.214030146598816 0.203846678137779 0.196056097745895 0.197144836187363 0.200355127453804 0.204276651144028 0.207932516932487 0.207010731101036 0.198641583323479 0.159104436635971 0.131931439042091 0.130860179662704 0.132686167955399 0.138053208589554 0.148688733577728 0.163161739706993 0.174349993467331 0.184177920222282 0.178908407688141 0.170671120285988 0.15347658097744 0.13638710975647 0.123564511537552 0.112975671887398 0.110240869224072 0.108049362897873 0.10686681419611 0.107272006571293 0.109407104551792 0.127755269408226 0.156594067811966 0.181846350431442
0.252281665802002 0.25269603729248 0.256759852170944 0.261861562728882 0.265217542648315 0.268191397190094 0.26567354798317 0.262624710798264 0.256874591112137 0.250684469938278 0.243431806564331 0.237362340092659 0.232917204499245 0.225910633802414 0.216808348894119 0.208150029182434 0.199702009558678 0.199769452214241 0.201871529221535 0.20263098180294 0.202360525727272 0.188442260026932 0.171217307448387 0.140153542160988 0.122353903949261 0.132555887103081 0.144202589988708 0.157615005970001 0.170418500900269 0.18277844786644 0.190580531954765 0.196495056152344 0.18827711045742 0.177281051874161 0.158851087093353 0.140678748488426 0.127712354063988 0.116671487689018 0.112400837242603 0.109391957521439 0.108726300299168 0.108428694307804 0.108532093465328 0.11930987983942 0.136994510889053 0.159778282046318
0.241722136735916 0.240641891956329 0.242871165275574 0.246041670441628 0.252649545669556 0.259269088506699 0.256704300642014 0.253265142440796 0.245378360152245 0.237328976392746 0.228887021541595 0.224400147795677 0.225343063473701 0.222537443041801 0.216664865612984 0.207919225096703 0.197812676429749 0.19792503118515 0.200479030609131 0.1983522772789 0.193698540329933 0.156945124268532 0.128189221024513 0.132903635501862 0.141485631465912 0.158232361078262 0.171919420361519 0.181866943836212 0.188775047659874 0.193469271063805 0.195911601185799 0.197421357035637 0.18936388194561 0.179425716400146 0.161575347185135 0.14407305419445 0.132833272218704 0.122402466833591 0.114816032350063 0.110113456845284 0.110766500234604 0.111205622553825 0.111411683261395 0.115066170692444 0.12095195800066 0.137446910142899
0.234840258955956 0.233677506446838 0.234558165073395 0.23601995408535 0.241728827357292 0.2475605905056 0.244973316788673 0.24177873134613 0.235494792461395 0.229289904236794 0.22327584028244 0.220482245087624 0.222109898924828 0.220826894044876 0.217162489891052 0.197487458586693 0.170228540897369 0.16626238822937 0.167861640453339 0.166057497262955 0.16244825720787 0.13596947491169 0.118537738919258 0.138968825340271 0.158138230443001 0.174644157290459 0.186492756009102 0.19264917075634 0.19615338742733 0.197725802659988 0.198009490966797 0.197759449481964 0.192147806286812 0.185482174158096 0.168214723467827 0.151171326637268 0.140151992440224 0.129485428333282 0.120059177279472 0.113677881658077 0.112951405346394 0.112672701478004 0.112881854176521 0.113771446049213 0.11510131508112 0.125333473086357
0.229758098721504 0.229203909635544 0.228973716497421 0.228835687041283 0.231614217162132 0.23448857665062 0.231890857219696 0.229251518845558 0.226400434970856 0.223852500319481 0.222036510705948 0.220990344882011 0.221001073718071 0.21993000805378 0.217973843216896 0.18206362426281 0.130070134997368 0.120007574558258 0.119963727891445 0.120052464306355 0.120143935084343 0.120142720639706 0.125219792127609 0.151550009846687 0.17357762157917 0.186522096395493 0.194634065032005 0.196839720010757 0.198159337043762 0.198833599686623 0.19852514564991 0.19780969619751 0.195762261748314 0.193452969193459 0.17677004635334 0.160082206130028 0.148546248674393 0.1372299939394 0.126686230301857 0.118633553385735 0.115207128226757 0.113498769700527 0.11366230994463 0.113919876515865 0.114238291978836 0.118220403790474
0.226042985916138 0.225475460290909 0.225103169679642 0.224786415696144 0.226219341158867 0.227707833051682 0.225860714912415 0.224104255437851 0.222808972001076 0.221678301692009 0.220945119857788 0.220419600605965 0.220179185271263 0.217828437685966 0.213751077651978 0.175575241446495 0.121247686445713 0.116912968456745 0.124523222446442 0.127398446202278 0.130122154951096 0.135375127196312 0.143811628222466 0.165571495890617 0.18294894695282 0.191074758768082 0.196173667907715 0.197573080658913 0.198502242565155 0.199088886380196 0.198725357651711 0.197968319058418 0.197153970599174 0.196328371763229 0.186769396066666 0.177103281021118 0.16954992711544 0.160089865326881 0.143925756216049 0.131321921944618 0.125329941511154 0.121356301009655 0.119581684470177 0.117731757462025 0.115833103656769 0.116574242711067
