Ecospace-environmental-drivers/Outputs/ASCII-for-ecospace/MOM6-ISIMIP3a/o2-bot/1981-02_o2-bot_MOM6-ISIMIP3a.asc
NCOLS 131 
NROWS 53 
XLLCORNER -98 
YLLCORNER 23.9265270233154 
CELLSIZE 0.133587792515755 
NODATA_value -9999 
[rows 21 to 41 of 53, columns 46 to 91 of 131]
0.224018007516861 0.224274352192879 0.224264159798622 0.224178165197372 0.224171251058578 0.224159359931946 0.223795026540756 0.22344583272934 0.223173677921295 0.22285683453083 0.222432106733322 0.2220578789711 0.221752971410751 0.221072360873222 0.220084339380264 0.180294454097748 0.12212497740984 0.124800130724907 0.142013102769852 0.147691190242767 0.152592211961746 0.157717019319534 0.164739087224007 0.179701387882233 0.1907978951931 0.193733379244804 0.195996791124344 0.197438791394234 0.198434501886368 0.199105128645897 0.198833391070366 0.198171362280846 0.19797483086586 0.197869792580605 0.197025582194328 0.196020245552063 0.193708389997482 0.18685083091259 0.164010375738144 0.146264463663101 0.137979656457901 0.131641268730164 0.127423584461212 0.122935742139816 0.118273101747036 0.116063319146633
0.222702637314796 0.222801968455315 0.222637623548508 0.222398310899734 0.222127750515938 0.22185717523098 0.221672177314758 0.219030529260635 0.203892305493355 0.192929565906525 0.192048981785774 0.185897871851921 0.172511026263237 0.165773510932922 0.164476275444031 0.146854981780052 0.121501341462135 0.128669828176498 0.143608927726746 0.154787749052048 0.165219396352768 0.168535843491554 0.173272311687469 0.183951660990715 0.192007958889008 0.194526746869087 0.196540147066116 0.197935864329338 0.198591336607933 0.198707595467567 0.19852802157402 0.198225945234299 0.198268726468086 0.198379293084145 0.198021799325943 0.197610393166542 0.196841657161713 0.193623095750809 0.181790843605995 0.172315299510956 0.167216449975967 0.1594258248806 0.148702427744865 0.14002488553524 0.132671132683754 0.126754269003868
0.218296349048615 0.218177005648613 0.217728108167648 0.217185512185097 0.216717511415482 0.21627613902092 0.216347500681877 0.211590394377708 0.182271495461464 0.161254942417145 0.160285294055939 0.148805528879166 0.122896783053875 0.11038301885128 0.108828648924828 0.113817416131496 0.121905520558357 0.132990971207619 0.144792571663857 0.161077544093132 0.176701068878174 0.1782146692276 0.180728271603584 0.187426954507828 0.192752242088318 0.195178240537643 0.197116702795029 0.198459312319756 0.198759600520134 0.198300719261169 0.198208913207054 0.198269128799438 0.198464781045914 0.198687046766281 0.198235929012299 0.1978420317173 0.198250770568848 0.19853937625885 0.198405638337135 0.197733953595161 0.196063280105591 0.187214776873589 0.170545786619186 0.158178642392159 0.148595005273819 0.13905169069767
0.163567304611206 0.163200333714485 0.160629913210869 0.157432824373245 0.156959429383278 0.156811460852623 0.157922238111496 0.156713142991066 0.143703103065491 0.136170759797096 0.141864880919456 0.140205100178719 0.128449350595474 0.122804298996925 0.122158847749233 0.128852963447571 0.139023691415787 0.149306058883667 0.159615099430084 0.170514181256294 0.180922850966454 0.183603778481483 0.186620429158211 0.191042080521584 0.194511890411377 0.195972263813019 0.197376132011414 0.198710918426514 0.198926001787186 0.198325499892235 0.198210000991821 0.19829535484314 0.198139637708664 0.197936534881592 0.197912856936455 0.197925671935081 0.198230162262917 0.198456183075905 0.198406264185905 0.198135212063789 0.19745346903801 0.1934794485569 0.185918405652046 0.180532693862915 0.176554530858994 0.164150029420853
0.123585559427738 0.123222798109055 0.119612440466881 0.11507847905159 0.114962577819824 0.115357004106045 0.117320038378239 0.118981420993805 0.119108371436596 0.122153393924236 0.132244393229485 0.138002395629883 0.137811779975891 0.13779978454113 0.137933969497681 0.145462587475777 0.156493797898293 0.165548101067543 0.17413005232811 0.18003922700882 0.185606315732002 0.18886710703373 0.191946730017662 0.194268077611923 0.196060061454773 0.196734517812729 0.197679102420807 0.198953822255135 0.19906947016716 0.198340907692909 0.198196366429329 0.198293700814247 0.197853416204453 0.197307452559471 0.197632238268852 0.197976589202881 0.198197111487389 0.198374643921852 0.198400989174843 0.198459461331367 0.198577642440796 0.198577180504799 0.198447495698929 0.198732197284698 0.19928503036499 0.186004370450974
0.148266568779945 0.149012267589569 0.149104505777359 0.149010896682739 0.150843650102615 0.152872338891029 0.154866933822632 0.156428068876266 0.155784204602242 0.156660869717598 0.161208987236023 0.16385193169117 0.163879320025444 0.164082437753677 0.164429351687431 0.168974027037621 0.175507083535194 0.18146987259388 0.187296390533447 0.189951881766319 0.192314103245735 0.193578973412514 0.194791957736015 0.195787772536278 0.196680948138237 0.197357445955276 0.198172986507416 0.199158519506454 0.19911253452301 0.19831520318985 0.198118165135384 0.198169723153114 0.197737783193588 0.197210818529129 0.197537809610367 0.197884082794189 0.198109522461891 0.198300391435623 0.198369726538658 0.198446080088615 0.198535442352295 0.198558241128922 0.198508530855179 0.198715195059776 0.199087738990784 0.193634778261185
0.169003695249557 0.170585840940475 0.173003658652306 0.175659164786339 0.178295493125916 0.180892318487167 0.182475388050079 0.183645322918892 0.182713761925697 0.182222679257393 0.182795256376266 0.183321744203568 0.183784961700439 0.184385135769844 0.185097351670265 0.187305212020874 0.190221503376961 0.193473234772682 0.196805104613304 0.197150737047195 0.197276338934898 0.197185471653938 0.197126373648643 0.197200194001198 0.197394385933876 0.197842672467232 0.198403671383858 0.199102386832237 0.198960363864899 0.198205932974815 0.197737157344818 0.197386682033539 0.197232156991959 0.197116151452065 0.19747294485569 0.197833776473999 0.19806307554245 0.198264613747597 0.198368534445763 0.19845823943615 0.198521569371223 0.198550283908844 0.198541283607483 0.198672667145729 0.198894888162613 0.198833256959915
0.181135848164558 0.182960942387581 0.184699967503548 0.186414510011673 0.1873559653759 0.188194811344147 0.188399583101273 0.18854358792305 0.18837833404541 0.1882663667202 0.188283056020737 0.188871905207634 0.190246239304543 0.191640436649323 0.193050891160965 0.194333851337433 0.195556417107582 0.196927204728127 0.198333412408829 0.198428511619568 0.198430001735687 0.1983802318573 0.1983462870121 0.198378548026085 0.198309719562531 0.198027521371841 0.198060035705566 0.198477193713188 0.198382258415222 0.197914302349091 0.196695476770401 0.195165693759918 0.195875599980354 0.197025775909424 0.197472527623177 0.19787560403347 0.198106423020363 0.198312744498253 0.198432892560959 0.198526158928871 0.198569476604462 0.198566243052483 0.198512300848961 0.1985744535923 0.198711737990379 0.198725700378418
0.189983025193214 0.191530898213387 0.192538306117058 0.193392008543015 0.193289667367935 0.19308514893055 0.192763820290565 0.192535042762756 0.192777037620544 0.19293574988842 0.192893385887146 0.193507358431816 0.195022419095039 0.196395248174667 0.197651743888855 0.198213264346123 0.198445618152618 0.198718592524529 0.199001267552376 0.198974639177322 0.198922589421272 0.198809683322906 0.198731303215027 0.198797404766083 0.198652595281601 0.198062524199486 0.197801247239113 0.197941824793816 0.197895288467407 0.197712451219559 0.196292459964752 0.194360122084618 0.195415496826172 0.197058200836182 0.197538644075394 0.197956293821335 0.19818089902401 0.198380529880524 0.198492288589478 0.198571816086769 0.198591485619545 0.198569342494011 0.198501646518707 0.198524862527847 0.198606923222542 0.198664724826813
0.194697439670563 0.195313692092896 0.195523023605347 0.195616647601128 0.195289626717567 0.194940775632858 0.1951654702425 0.195385694503784 0.195583149790764 0.195876136422157 0.196399763226509 0.196992069482803 0.197678610682487 0.198004260659218 0.198034629225731 0.198130697011948 0.19825790822506 0.19841830432415 0.198586627840996 0.198600336909294 0.198583483695984 0.198276311159134 0.198065936565399 0.19826078414917 0.19827526807785 0.197908997535706 0.19764918088913 0.197519466280937 0.197522982954979 0.197623535990715 0.196692928671837 0.195335283875465 0.196083232760429 0.197245121002197 0.197688460350037 0.198085874319077 0.198294535279274 0.198473021388054 0.198545426130295 0.198589473962784 0.198580875992775 0.198556214570999 0.198514059185982 0.198536470532417 0.198600649833679 0.198662370443344
0.196879267692566 0.197037607431412 0.196985706686974 0.196874007582664 0.196664154529572 0.196467906236649 0.196910977363586 0.197305366396904 0.197452187538147 0.197736203670502 0.198351487517357 0.198772966861725 0.198928341269493 0.198805943131447 0.198456257581711 0.198372200131416 0.198413953185081 0.198476880788803 0.198544859886169 0.19849781692028 0.198426634073257 0.198118925094604 0.197900757193565 0.198057234287262 0.19807605445385 0.197804316878319 0.19752798974514 0.197246059775352 0.197271645069122 0.197521224617958 0.196863204240799 0.195829316973686 0.196467071771622 0.197433426976204 0.197833403944969 0.198194116353989 0.198376104235649 0.198526084423065 0.198563620448112 0.198579505085945 0.198555156588554 0.198533028364182 0.198513329029083 0.198529526591301 0.19856895506382 0.198615625500679
0.197161659598351 0.197217375040054 0.197306841611862 0.197405904531479 0.197569593787193 0.19774866104126 0.198164358735085 0.198526814579964 0.198618397116661 0.198786005377769 0.199137195944786 0.199275985360146 0.199123188853264 0.199002102017403 0.19890695810318 0.198856756091118 0.198827818036079 0.198804602026939 0.198782756924629 0.198599144816399 0.198406472802162 0.19824355840683 0.198110684752464 0.198103472590446 0.198010459542274 0.197736278176308 0.197429955005646 0.197084337472916 0.197111010551453 0.197408840060234 0.196860834956169 0.195962518453598 0.196637973189354 0.197622790932655 0.19797471165657 0.19828636944294 0.198433607816696 0.198549583554268 0.198555633425713 0.198548823595047 0.198518127202988 0.198502317070961 0.198502719402313 0.198508679866791 0.198518216609955 0.198535576462746
0.19759401679039 0.197632193565369 0.197790920734406 0.197983950376511 0.198249533772469 0.19852577149868 0.198888957500458 0.199199333786964 0.199241071939468 0.199336275458336 0.199560567736626 0.199535891413689 0.199169412255287 0.198989376425743 0.19896188378334 0.19892905652523 0.198893681168556 0.198843896389008 0.198790669441223 0.19854661822319 0.198300689458847 0.198218241333961 0.198138907551765 0.19807268679142 0.197959840297699 0.197748571634293 0.197497308254242 0.197197169065475 0.197227001190186 0.197497189044952 0.197205677628517 0.196681544184685 0.197148069739342 0.197809353470802 0.198064833879471 0.198294401168823 0.19841742515564 0.198515996336937 0.198528587818146 0.1985242664814 0.198488533496857 0.198468998074532 0.198467090725899 0.198467075824738 0.198468297719955 0.198460310697556
0.19809065759182 0.198147743940353 0.198344841599464 0.198581784963608 0.198832824826241 0.199087008833885 0.199386924505234 0.199636608362198 0.199630796909332 0.199672430753708 0.199828654527664 0.199691608548164 0.199151918292046 0.19888710975647 0.198847204446793 0.198824673891068 0.198810383677483 0.198759570717812 0.19870001077652 0.198428153991699 0.198158219456673 0.198128625750542 0.198089256882668 0.198008880019188 0.197915643453598 0.197795301675797 0.197635546326637 0.197427675127983 0.197461560368538 0.197671547532082 0.197699323296547 0.197651654481888 0.197803556919098 0.197994709014893 0.198133021593094 0.198266327381134 0.198369652032852 0.198457941412926 0.198493361473083 0.198502331972122 0.198462143540382 0.198434561491013 0.198420718312263 0.198416590690613 0.198418721556664 0.198387086391449
0.198544234037399 0.198559582233429 0.198781609535217 0.199062421917915 0.199298352003098 0.199531093239784 0.199801877140999 0.199964702129364 0.19957834482193 0.199318662285805 0.199364826083183 0.199257835745811 0.198940604925156 0.198778748512268 0.198744043707848 0.198728188872337 0.198721274733543 0.198656693100929 0.198578342795372 0.198394984006882 0.198211535811424 0.198131650686264 0.198023825883865 0.197799116373062 0.197620064020157 0.197537377476692 0.197493195533752 0.197496086359024 0.197600245475769 0.197778180241585 0.197878822684288 0.197947442531586 0.198037251830101 0.198131233453751 0.19821560382843 0.198298037052155 0.198364958167076 0.198426261544228 0.19846773147583 0.198487624526024 0.198467448353767 0.198440283536911 0.198405504226685 0.198389634490013 0.198385983705521 0.198355987668037
0.198988884687424 0.198949977755547 0.199194148182869 0.199518814682961 0.199739500880241 0.19995091855526 0.200199648737907 0.200270190834999 0.199434414505959 0.198822140693665 0.198749557137489 0.198702096939087 0.198689162731171 0.198669120669365 0.198643267154694 0.198633342981339 0.198630958795547 0.19854998588562 0.19845025241375 0.19837948679924 0.198305383324623 0.19815382361412 0.197955131530762 0.197559177875519 0.197272479534149 0.197216436266899 0.197292789816856 0.197530955076218 0.197719097137451 0.197870790958405 0.19799330830574 0.198103725910187 0.198183685541153 0.198257654905319 0.198301151394844 0.198342099785805 0.198369175195694 0.198400020599365 0.198444083333015 0.198474436998367 0.198479309678078 0.198454305529594 0.198396742343903 0.198367550969124 0.198356717824936 0.198333606123924
0.199428573250771 0.199347540736198 0.199547305703163 0.199826940894127 0.200028583407402 0.200203999876976 0.199886634945869 0.199510872364044 0.198837995529175 0.198358863592148 0.198347508907318 0.198435291647911 0.198659136891365 0.198750108480453 0.198732361197472 0.198721528053284 0.198713958263397 0.198635250329971 0.198539555072784 0.198473230004311 0.198406621813774 0.198306515812874 0.198188945651054 0.197998240590096 0.197860151529312 0.197833135724068 0.197870746254921 0.197987332940102 0.198098406195641 0.198205471038818 0.198280945420265 0.198343351483345 0.198388904333115 0.19843116402626 0.198462679982185 0.198491424322128 0.19849693775177 0.19850204885006 0.198505774140358 0.198506265878677 0.198500752449036 0.198479667305946 0.198441609740257 0.198406621813774 0.198373630642891 0.198355749249458
0.199785187840462 0.199667453765869 0.199815988540649 0.200040236115456 0.200216054916382 0.200350672006607 0.199506878852844 0.19872310757637 0.19824481010437 0.197921484708786 0.197972387075424 0.198180004954338 0.198602750897408 0.19880485534668 0.198826417326927 0.19882620871067 0.198815703392029 0.198742583394051 0.198654517531395 0.198588386178017 0.198524758219719 0.198475897312164 0.198438808321953 0.198450952768326 0.198458924889565 0.198458090424538 0.19845312833786 0.198443084955215 0.198474645614624 0.19853650033474 0.198563396930695 0.198575809597969 0.198586910963058 0.198597744107246 0.19861789047718 0.198635280132294 0.198622405529022 0.19860477745533 0.198570430278778 0.198541790246964 0.198523730039597 0.198505192995071 0.198486119508743 0.198445573449135 0.198391139507294 0.198377892374992
0.199257865548134 0.199155747890472 0.199211746454239 0.19931273162365 0.199392184615135 0.199442118406296 0.19875456392765 0.198140785098076 0.197902232408524 0.197744637727737 0.197782531380653 0.197909742593765 0.19815956056118 0.198488742113113 0.198882848024368 0.19901967048645 0.19903464615345 0.198993727564812 0.198939472436905 0.19887962937355 0.198819503188133 0.198760896921158 0.198715388774872 0.198724746704102 0.198729157447815 0.198723122477531 0.198710769414902 0.198690697550774 0.198693543672562 0.198713064193726 0.198707774281502 0.198692202568054 0.198679864406586 0.198668166995049 0.19866943359375 0.198670476675034 0.198664531111717 0.198653757572174 0.198626086115837 0.198595255613327 0.198558568954468 0.198527008295059 0.19850105047226 0.198453888297081 0.198393017053604 0.198378697037697
0.198835402727127 0.198752269148827 0.19869302213192 0.198640540242195 0.198628902435303 0.19860365986824 0.198098331689835 0.197668194770813 0.197620585560799 0.197594359517097 0.197619751095772 0.197679772973061 0.197787314653397 0.198174223303795 0.198789730668068 0.199010267853737 0.199043735861778 0.199031740427017 0.199008882045746 0.198967918753624 0.198925286531448 0.198876798152924 0.198841631412506 0.198862254619598 0.19887612760067 0.198875784873962 0.198870211839676 0.198858261108398 0.198847994208336 0.198838949203491 0.198810830712318 0.198774814605713 0.198745712637901 0.19871798157692 0.198702976107597 0.198689535260201 0.19868677854538 0.198680222034454 0.198660328984261 0.198632091283798 0.198588311672211 0.19854998588562 0.198517575860023 0.198465675115585 0.198401153087616 0.198377653956413
0.198797434568405 0.198745682835579 0.198487773537636 0.198171228170395 0.198087781667709 0.198022201657295 0.19779434800148 0.197598069906235 0.197562381625175 0.197541475296021 0.197556301951408 0.197597578167915 0.197675198316574 0.197865590453148 0.198148265480995 0.198257014155388 0.198283359408379 0.198288217186928 0.198287948966026 0.198311939835548 0.198338180780411 0.198372736573219 0.198416709899902 0.198500066995621 0.198571190237999 0.198616504669189 0.198669627308846 0.198732286691666 0.198766127228737 0.198778986930847 0.198762387037277 0.19873358309269 0.198712155222893 0.198692172765732 0.19867043197155 0.198649406433105 0.198636144399643 0.198624044656754 0.198616057634354 0.198607891798019 0.198599398136139 0.198577180504799 0.19854000210762 0.19849020242691 0.198432207107544 0.198369786143303
