Ecospace-environmental-drivers/Outputs/ASCII-for-ecospace/MOM6-ISIMIP3a/o2-bot/1982-08_o2-bot_MOM6-ISIMIP3a.asc
NCOLS 131 
NROWS 53 
XLLCORNER -98 
YLLCORNER 23.9265270233154 
CELLSIZE 0.133587792515755 
NODATA_value -9999 
[rows 21 to 41 of 53, columns 46 to 91 of 131]
0.187775865197182 0.190412119030952 0.191024497151375 0.191061273217201 0.191330939531326 0.191584840416908 0.190769389271736 0.190267100930214 0.191357895731926 0.192715674638748 0.194718152284622 0.195913195610046 0.195999726653099 0.191770985722542 0.184011623263359 0.152859881520271 0.110627673566341 0.119221806526184 0.139960050582886 0.145864248275757 0.150886982679367 0.157912760972977 0.166325256228447 0.180541396141052 0.191172420978546 0.194234952330589 0.196356207132339 0.197327047586441 0.198316872119904 0.199320495128632 0.198883518576622 0.197849944233894 0.197771370410919 0.197880521416664 0.198171406984329 0.198276206851006 0.196497336030006 0.190257743000984 0.168334037065506 0.150276049971581 0.139397129416466 0.131639629602432 0.127283021807671 0.12369079887867 0.120593167841434 0.120154410600662
0.188729777932167 0.190140902996063 0.188436672091484 0.185846447944641 0.185578212141991 0.185552790760994 0.18566557765007 0.184378996491432 0.175973951816559 0.170400679111481 0.171664983034134 0.168092995882034 0.157881423830986 0.150236710906029 0.14469213783741 0.131438955664635 0.114534378051758 0.124537847936153 0.140970543026924 0.154214084148407 0.166637063026428 0.170306086540222 0.175226449966431 0.185383886098862 0.193050265312195 0.195457831025124 0.197226122021675 0.198213070631027 0.198737725615501 0.198925673961639 0.198600232601166 0.198062166571617 0.198155000805855 0.198371857404709 0.198183819651604 0.197960168123245 0.197535172104836 0.194797471165657 0.183928206562996 0.174651935696602 0.168334037065506 0.160092249512672 0.1497543156147 0.141518518328667 0.134642913937569 0.129224464297295
0.186488538980484 0.186640426516533 0.182245299220085 0.176556989550591 0.176073163747787 0.176159605383873 0.177260145545006 0.175310775637627 0.157846942543983 0.145821243524551 0.146926492452621 0.13912695646286 0.119102321565151 0.108504675328732 0.105619922280312 0.110730826854706 0.119629092514515 0.130392372608185 0.141601249575615 0.161735489964485 0.181172281503677 0.181533426046371 0.18306165933609 0.189474299550056 0.194489106535912 0.196552976965904 0.198128789663315 0.199108093976974 0.199129670858383 0.198453634977341 0.198239162564278 0.198215827345848 0.198480993509293 0.19880285859108 0.197430163621902 0.1961819678545 0.196762964129448 0.197380423545837 0.198126062750816 0.198159262537956 0.196869343519211 0.188683196902275 0.172983348369598 0.160662651062012 0.150528401136398 0.140080705285072
0.149807423353195 0.15022586286068 0.145412176847458 0.13911047577858 0.138810262084007 0.139149710536003 0.140173628926277 0.139770016074181 0.132104858756065 0.128631755709648 0.135280847549438 0.135385110974312 0.126504197716713 0.12187484651804 0.120723992586136 0.127277448773384 0.137480273842812 0.147379234433174 0.157205581665039 0.171075433492661 0.18443039059639 0.18624784052372 0.188474133610725 0.192411467432976 0.1955446600914 0.196980237960815 0.198241278529167 0.199288994073868 0.199039191007614 0.197844296693802 0.197751715779305 0.198115631937981 0.198013290762901 0.19781930744648 0.197380796074867 0.197004348039627 0.197322562336922 0.19766591489315 0.198097601532936 0.198185712099075 0.197635769844055 0.193983227014542 0.186950281262398 0.181770011782646 0.177788496017456 0.165455341339111
0.124302238225937 0.125443607568741 0.121152102947235 0.115315482020378 0.115220308303833 0.11573264747858 0.116779960691929 0.11770686507225 0.118021264672279 0.121193811297417 0.131267622113228 0.137158051133156 0.13730525970459 0.137569025158882 0.137928172945976 0.14527328312397 0.155927509069443 0.164538770914078 0.172661900520325 0.180582240223885 0.188153877854347 0.190852954983711 0.193368136882782 0.195113703608513 0.196577534079552 0.19744661450386 0.198399692773819 0.199455440044403 0.198953464627266 0.197316840291023 0.197325557470322 0.198015660047531 0.19764056801796 0.197056084871292 0.197377488017082 0.19770821928978 0.197802200913429 0.197911292314529 0.19807356595993 0.198198139667511 0.198252722620964 0.198296740651131 0.198329269886017 0.198903098702431 0.199827209115028 0.187333285808563
0.147800371050835 0.15166574716568 0.152021273970604 0.151378601789474 0.151582360267639 0.151916295289993 0.153425648808479 0.154739230871201 0.155056968331337 0.156513661146164 0.160720467567444 0.163111805915833 0.163010761141777 0.163453370332718 0.164340749382973 0.169623523950577 0.176988303661346 0.182455465197563 0.187469229102135 0.190820619463921 0.193917900323868 0.194978803396225 0.195988819003105 0.196785777807236 0.197510913014412 0.19808441400528 0.198759451508522 0.199558570981026 0.198888540267944 0.197148397564888 0.19716814160347 0.197916716337204 0.197684273123741 0.197258964180946 0.197576180100441 0.197892472147942 0.197931215167046 0.197980895638466 0.19806894659996 0.198149010539055 0.198214262723923 0.198284700512886 0.198360770940781 0.198610112071037 0.198971569538116 0.193879127502441
0.167806640267372 0.172552242875099 0.175662010908127 0.17830653488636 0.178808242082596 0.179138585925102 0.180764496326447 0.182205870747566 0.182708576321602 0.183089137077332 0.183174714446068 0.183016076683998 0.182522132992744 0.183253809809685 0.184988275170326 0.188437327742577 0.192698553204536 0.195470556616783 0.197886735200882 0.19805796444416 0.198071271181107 0.198030531406403 0.198026672005653 0.198177233338356 0.198337137699127 0.198516771197319 0.198827296495438 0.19929775595665 0.198611155152321 0.197081744670868 0.196924775838852 0.197336181998253 0.197407305240631 0.197411522269249 0.197733670473099 0.198036670684814 0.198037624359131 0.19804310798645 0.198064506053925 0.198107987642288 0.198192477226257 0.198277175426483 0.198362097144127 0.198399066925049 0.198404997587204 0.198401674628258
0.180194109678268 0.181797087192535 0.183531299233437 0.18530285358429 0.186100333929062 0.186808496713638 0.187797158956528 0.188801482319832 0.189885482192039 0.190585672855377 0.190359100699425 0.189721256494522 0.188518792390823 0.189780130982399 0.193057283759117 0.195171445608139 0.196734741330147 0.197791069746017 0.198726266622543 0.198747515678406 0.198710471391678 0.198738619685173 0.198792889714241 0.198956415057182 0.198929592967033 0.198500901460648 0.198258236050606 0.198242902755737 0.197870209813118 0.197237223386765 0.196493908762932 0.195704892277718 0.196430698037148 0.197454273700714 0.197801291942596 0.198093459010124 0.198094666004181 0.198089227080345 0.198060497641563 0.198084652423859 0.198207035660744 0.198279500007629 0.198297560214996 0.198366791009903 0.198469132184982 0.198509678244591
0.189136952161789 0.189220979809761 0.190094277262688 0.191192030906677 0.191927626729012 0.19262383878231 0.193257406353951 0.193964257836342 0.195044010877609 0.195732161402702 0.195474743843079 0.194819167256355 0.193616986274719 0.194732680916786 0.197744816541672 0.198743775486946 0.198789149522781 0.19888898730278 0.199001833796501 0.198968723416328 0.198922753334045 0.198835909366608 0.19879475235939 0.198944762349129 0.198840320110321 0.198198765516281 0.197732239961624 0.197479665279388 0.197372421622276 0.197371050715446 0.196489006280899 0.19524222612381 0.196183815598488 0.19755557179451 0.197881281375885 0.198141202330589 0.198137000203133 0.198121577501297 0.198066726326942 0.198077440261841 0.198209926486015 0.198268324136734 0.198245987296104 0.198323786258698 0.198466375470161 0.198539689183235
0.193746164441109 0.194353997707367 0.195013776421547 0.195688307285309 0.195912078022957 0.196105986833572 0.196739420294762 0.197324439883232 0.197663277387619 0.197922110557556 0.197987750172615 0.197895005345345 0.197584837675095 0.197705328464508 0.198178172111511 0.198338314890862 0.198350325226784 0.198448792099953 0.198567926883698 0.198600694537163 0.198597967624664 0.198164761066437 0.197834998369217 0.19793812930584 0.197893396019936 0.197536483407021 0.197260454297066 0.197083279490471 0.197180524468422 0.197477653622627 0.197020009160042 0.196249783039093 0.196854963898659 0.197730526328087 0.197976797819138 0.198177516460419 0.19816081225872 0.198136582970619 0.198085859417915 0.198090553283691 0.198198139667511 0.198240146040916 0.19821073114872 0.19826728105545 0.198379456996918 0.198471590876579
0.19675886631012 0.197358056902885 0.197743102908134 0.198067232966423 0.198086306452751 0.198090955615044 0.19854873418808 0.198932364583015 0.19893890619278 0.198981553316116 0.19911140203476 0.199167653918266 0.199122875928879 0.198861643671989 0.198423311114311 0.198251113295555 0.198204964399338 0.198271855711937 0.198365747928619 0.198410183191299 0.198422104120255 0.198010548949242 0.197676971554756 0.197669729590416 0.197591990232468 0.197365462779999 0.197203397750854 0.197120130062103 0.197290167212486 0.197644740343094 0.1973557472229 0.196800261735916 0.197255671024323 0.19790980219841 0.19808341562748 0.198224037885666 0.198216155171394 0.198199450969696 0.198151737451553 0.198142647743225 0.198205292224884 0.198227658867836 0.19820611178875 0.198239609599113 0.198308721184731 0.198393583297729
0.198574170470238 0.198765382170677 0.198829770088196 0.198858082294464 0.19890284538269 0.19895301759243 0.199103504419327 0.199226081371307 0.199206784367561 0.199193120002747 0.199193030595779 0.199087888002396 0.198838531970978 0.198655694723129 0.198527291417122 0.198402613401413 0.198279708623886 0.19829235970974 0.198337405920029 0.198352783918381 0.198357954621315 0.198244035243988 0.198120221495628 0.19795498251915 0.19777475297451 0.197562888264656 0.197457388043404 0.197481885552406 0.197625979781151 0.197857171297073 0.197545051574707 0.197007924318314 0.197453528642654 0.198092311620712 0.198198348283768 0.198278188705444 0.198295131325722 0.19829823076725 0.198252663016319 0.198223978281021 0.198226660490036 0.198226898908615 0.198224470019341 0.198233544826508 0.198250100016594 0.198308140039444
0.199074119329453 0.199153259396553 0.199139326810837 0.19909892976284 0.199145704507828 0.199201032519341 0.199246391654015 0.199265539646149 0.199151322245598 0.199069753289223 0.199067071080208 0.198929905891418 0.198608115315437 0.198437198996544 0.198389738798141 0.198286041617393 0.198155716061592 0.198141545057297 0.198155149817467 0.198062881827354 0.197977468371391 0.198097541928291 0.198170483112335 0.198046162724495 0.197924792766571 0.197809666395187 0.197763562202454 0.197801813483238 0.197894737124443 0.198027491569519 0.19783216714859 0.197500959038734 0.197800114750862 0.198223188519478 0.198275953531265 0.198313072323799 0.19833143055439 0.19833792746067 0.198302716016769 0.198272064328194 0.198249906301498 0.198243796825409 0.1982551664114 0.198257729411125 0.198254600167274 0.198280870914459
0.19901031255722 0.199104234576225 0.199115842580795 0.19910404086113 0.199142679572105 0.199185863137245 0.1992127597332 0.199196010828018 0.19895726442337 0.19880285859108 0.19885216653347 0.198738411068916 0.198400810360909 0.198213323950768 0.198148682713509 0.198054581880569 0.197946533560753 0.197917312383652 0.1979069262743 0.197673335671425 0.197461426258087 0.197788208723068 0.198052316904068 0.198054149746895 0.198060795664787 0.198077589273453 0.198092088103294 0.198103800415993 0.198134765028954 0.198179751634598 0.198161199688911 0.198116302490234 0.198210448026657 0.198331922292709 0.198337554931641 0.198339685797691 0.198349446058273 0.198352307081223 0.198330953717232 0.198305889964104 0.198273956775665 0.198268264532089 0.198291182518005 0.198294878005981 0.198286160826683 0.198278531432152
0.199041411280632 0.199154570698738 0.199196889996529 0.199219062924385 0.199284121394157 0.199353456497192 0.199419945478439 0.199403196573257 0.198963150382042 0.198654234409332 0.198661923408508 0.198569595813751 0.198339954018593 0.198194369673729 0.198117569088936 0.198029905557632 0.197937071323395 0.197915360331535 0.197910636663437 0.197772711515427 0.197647869586945 0.19784639775753 0.197994261980057 0.197930067777634 0.197903394699097 0.197955876588821 0.198002055287361 0.198040530085564 0.198124170303345 0.198240712285042 0.198284849524498 0.198299005627632 0.19832968711853 0.198363617062569 0.198354795575142 0.198345646262169 0.198348805308342 0.198348104953766 0.19833379983902 0.198318094015121 0.198299810290337 0.198297679424286 0.198313161730766 0.198320984840393 0.198323845863342 0.198311612010002
0.199092149734497 0.19922548532486 0.199299573898315 0.199356824159622 0.199455454945564 0.19955886900425 0.19967694580555 0.199667647480965 0.199010416865349 0.198530077934265 0.198476791381836 0.198405474424362 0.198309391736984 0.198217809200287 0.198129922151566 0.198048010468483 0.197968930006027 0.197959393262863 0.197966486215591 0.197973266243935 0.197979643940926 0.197980642318726 0.197948664426804 0.197778671979904 0.197685286402702 0.197753548622131 0.197825416922569 0.197901695966721 0.198061719536781 0.198282763361931 0.198366016149521 0.198392197489738 0.198388710618019 0.198379382491112 0.198362842202187 0.198347315192223 0.198344305157661 0.19834004342556 0.198331370949745 0.198325827717781 0.198326051235199 0.198328137397766 0.198332250118256 0.198344796895981 0.198362797498703 0.198352038860321
0.199238121509552 0.199293792247772 0.19938850402832 0.199494317173958 0.199686512351036 0.199869528412819 0.19956611096859 0.199213057756424 0.19860765337944 0.198182761669159 0.198193728923798 0.198229178786278 0.198298260569572 0.198271960020065 0.198167636990547 0.198096260428429 0.19804048538208 0.198035523295403 0.198042705655098 0.198078960180283 0.198115810751915 0.198132440447807 0.198130398988724 0.198050230741501 0.198003813624382 0.198028668761253 0.19805882871151 0.198095470666885 0.198177099227905 0.198291480541229 0.198334544897079 0.198348075151443 0.198376104235649 0.198406979441643 0.198426425457001 0.198443710803986 0.198444023728371 0.198441118001938 0.198426932096481 0.198414027690887 0.198403492569923 0.198396503925323 0.19839334487915 0.198392972350121 0.198394402861595 0.198380261659622
0.199341863393784 0.199320927262306 0.19942969083786 0.199575319886208 0.199846878647804 0.200095966458321 0.199390605092049 0.198716163635254 0.198199093341827 0.197855859994888 0.197932377457619 0.198066994547844 0.198281332850456 0.198319122195244 0.198212459683418 0.198156148195267 0.198123708367348 0.198123171925545 0.198130264878273 0.198185160756111 0.198242008686066 0.198279350996017 0.198311254382133 0.198320358991623 0.198321148753166 0.198304384946823 0.198294445872307 0.19829286634922 0.198298096656799 0.198308303952217 0.198314920067787 0.198320046067238 0.198379248380661 0.198449075222015 0.198499605059624 0.198544934391975 0.198546290397644 0.19854299724102 0.198523253202438 0.198502883315086 0.198481306433678 0.198465198278427 0.198455035686493 0.198441699147224 0.198426306247711 0.198408350348473
0.198949560523033 0.198910117149353 0.198968112468719 0.199053809046745 0.199224516749382 0.199373498558998 0.198700979351997 0.19811138510704 0.19794362783432 0.197853207588196 0.197949528694153 0.198061048984528 0.198193430900574 0.198277041316032 0.198320761322975 0.198325723409653 0.198312297463417 0.198318377137184 0.198329120874405 0.198342189192772 0.198355257511139 0.198365747928619 0.198374047875404 0.198373287916183 0.198369279503822 0.198358401656151 0.198357835412025 0.198369890451431 0.198394253849983 0.198427587747574 0.198475420475006 0.198529258370399 0.198584690690041 0.198640435934067 0.198648735880852 0.198652252554893 0.198626115918159 0.198601275682449 0.198581010103226 0.198560208082199 0.198538422584534 0.198519229888916 0.198502853512764 0.198484510183334 0.198464900255203 0.198440879583359
0.198614433407784 0.198565512895584 0.198561817407608 0.198570966720581 0.198639184236526 0.198689579963684 0.198095574975014 0.197617590427399 0.197729676961899 0.197843983769417 0.197963610291481 0.198058322072029 0.198118850588799 0.198220357298851 0.19835539162159 0.19839845597744 0.198397979140282 0.198407828807831 0.198420137166977 0.198401749134064 0.198381945490837 0.198372006416321 0.198363721370697 0.198362305760384 0.198362857103348 0.198367550969124 0.198386460542679 0.198422759771347 0.198470637202263 0.198526948690414 0.198603793978691 0.198689132928848 0.198736518621445 0.198776438832283 0.198749169707298 0.198717892169952 0.198671847581863 0.198631718754768 0.198612436652184 0.19859504699707 0.198581174015999 0.198564559221268 0.198544964194298 0.19852414727211 0.198502540588379 0.198467135429382
0.198488906025887 0.198463633656502 0.198358163237572 0.198229864239693 0.198189586400986 0.198147013783455 0.197799012064934 0.1975307315588 0.197667971253395 0.197810634970665 0.197966441512108 0.198067426681519 0.198093175888062 0.198110118508339 0.198119834065437 0.198116213083267 0.198106274008751 0.198109447956085 0.198115780949593 0.198103904724121 0.198091208934784 0.198084488511086 0.198085188865662 0.198116898536682 0.198156356811523 0.198212176561356 0.198287606239319 0.198387041687965 0.198474511504173 0.198553264141083 0.198614314198494 0.198668032884598 0.198691725730896 0.1987095028162 0.198671042919159 0.19863073527813 0.198592573404312 0.198560044169426 0.198547333478928 0.198547407984734 0.198571220040321 0.198577970266342 0.198566153645515 0.198552176356316 0.198536783456802 0.198470443487167
