Ecospace-environmental-drivers/Outputs/ASCII-for-ecospace/MOM6-ISIMIP3a/o2-bot/1982-03_o2-bot_MOM6-ISIMIP3a.asc
NCOLS 131 
NROWS 53 
XLLCORNER -98 
YLLCORNER 23.9265270233154 
CELLSIZE 0.133587792515755 
NODATA_value -9999 
[rows 0 to 20 of 53, columns 46 to 91 of 131]
-9999 -9999 -9999 -9999 -9999 -9999 -9999 -9999 -9999 -9999 -9999 -9999 -9999 -9999 -9999 -9999 -9999 -9999 -9999 -9999 -9999 -9999 -9999 -9999 -9999 -9999 -9999 -9999 -9999 -9999 -9999 -9999 -9999 -9999 -9999 -9999 -9999 -9999 -9999 -9999 -9999 -9999 -9999 -9999 -9999 -9999
-9999 -9999 -9999 -9999 -9999 -9999 -9999 -9999 -9999 -9999 -9999 -9999 -9999 -9999 -9999 -9999 -9999 -9999 -9999 -9999 -9999 -9999 -9999 -9999 -9999 -9999 -9999 -9999 -9999 -9999 -9999 -9999 -9999 -9999 -9999 -9999 -9999 -9999 -9999 -9999 -9999 -9999 -9999 -9999 -9999 -9999
-9999 -9999 -9999 -9999 -9999 -9999 -9999 -9999 -9999 -9999 -9999 -9999 -9999 -9999 -9999 -9999 -9999 -9999 -9999 -9999 -9999 -9999 -9999 -9999 -9999 -9999 -9999 -9999 0.24579419195652 0.246621921658516 -9999 -9999 -9999 -9999 -9999 -9999 -9999 -9999 -9999 -9999 -9999 -9999 -9999 -9999 -9999 -9999
-9999 -9999 -9999 -9999 -9999 -9999 -9999 -9999 -9999 -9999 -9999 -9999 -9999 -9999 -9999 -9999 -9999 -9999 -9999 -9999 -9999 -9999 -9999 -9999 -9999 -9999 -9999 -9999 0.245781034231186 0.246583059430122 -9999 -9999 -9999 -9999 -9999 -9999 -9999 -9999 -9999 -9999 -9999 -9999 -9999 -9999 -9999 -9999
-9999 -9999 -9999 -9999 -9999 -9999 -9999 -9999 -9999 -9999 -9999 -9999 -9999 -9999 -9999 -9999 -9999 -9999 -9999 0.251613527536392 0.250926405191422 0.25037670135498 0.247170180082321 0.244908779859543 0.242381170392036 0.24254909157753 0.244168236851692 0.24516399204731 0.245723247528076 0.246455892920494 0.247570052742958 -9999 -9999 0.248060286045074 0.247081622481346 0.246137484908104 0.245112285017967 0.242950856685638 0.239994212985039 0.237545400857925 0.237147003412247 0.238803073763847 0.240939125418663 -9999 -9999 -9999
-9999 -9999 -9999 -9999 -9999 -9999 -9999 -9999 -9999 -9999 -9999 -9999 -9999 -9999 -9999 0.161827549338341 -9999 0.176397949457169 0.188636884093285 0.220229402184486 0.251613527536392 0.250788986682892 0.25037670135498 0.243963673710823 0.240385964512825 0.242793872952461 0.244467422366142 0.245243430137634 0.245781108736992 0.246145188808441 0.247441381216049 0.249123573303223 0.248872265219688 0.248240858316422 0.247067719697952 0.245936289429665 0.245408430695534 0.243992120027542 0.239452019333839 0.236538499593735 0.236645668745041 0.238256856799126 0.241506710648537 0.243053793907166 0.243499115109444 -9999
-9999 -9999 -9999 -9999 -9999 -9999 -9999 -9999 -9999 -9999 -9999 0.0885277464985847 0.0876054018735886 0.086486242711544 0.0823123455047607 0.119384758174419 0.160322561860085 0.163332551717758 0.177224397659302 0.188636884093285 0.220437809824944 0.251613527536392 0.25037670135498 0.243963673710823 0.240385964512825 0.242793872952461 0.244467422366142 0.245243430137634 0.245781108736992 0.246145188808441 0.247441381216049 0.249123573303223 0.248872265219688 0.248240858316422 0.247067719697952 0.245936289429665 0.245408430695534 0.243992120027542 0.239452019333839 0.236538499593735 0.236645668745041 0.238256856799126 0.241506710648537 0.243053793907166 0.243499115109444 0.243616804480553
-9999 -9999 -9999 -9999 -9999 -9999 -9999 -9999 -9999 -9999 -9999 0.093472957611084 0.0885277464985847 0.086683064699173 -9999 0.0760060548782349 0.113014683127403 0.157312572002411 0.163332551717758 0.179703742265701 0.188636884093285 0.221063002943993 0.246211960911751 0.240905210375786 0.234503448009491 0.225790053606033 0.221139326691628 0.22145402431488 0.221969112753868 0.222630172967911 0.22829981148243 0.236043661832809 0.237174972891808 0.237006425857544 0.239566430449486 0.241536438465118 0.236755788326263 0.232326358556747 0.229131817817688 0.227572694420815 0.229050695896149 0.232013374567032 0.236593663692474 0.237542167305946 0.236140698194504 0.2387605458498
-9999 -9999 -9999 -9999 -9999 -9999 -9999 -9999 -9999 -9999 -9999 -9999 -9999 -9999 -9999 0.0793776735663414 0.0638021156191826 0.101248502731323 0.151292577385902 0.163332551717758 0.187141790986061 0.217712104320526 0.241608530282974 0.23757404088974 0.228223130106926 0.207648828625679 0.19608211517334 0.195524513721466 0.195865482091904 0.196860954165459 0.207312598824501 0.221680387854576 0.224425703287125 0.224886327981949 0.231329515576363 0.236510664224625 0.227198824286461 0.2195745408535 0.217883795499802 0.217816233634949 0.220763102173805 0.225166603922844 0.231157153844833 0.231506109237671 0.228204697370529 0.233602821826935
0.250779837369919 0.2508385181427 -9999 -9999 -9999 -9999 -9999 -9999 -9999 -9999 -9999 0.183237731456757 0.098541796207428 -9999 -9999 -9999 0.0684562623500824 0.0418010838329792 0.0813600495457649 0.139252603054047 0.140488341450691 0.194488614797592 0.237824037671089 0.23652608692646 0.230642780661583 0.215079441666603 0.200371533632278 0.186709150671959 0.18180838227272 0.18328945338726 0.195891559123993 0.213099241256714 0.220101952552795 0.225098609924316 0.226421356201172 0.226825430989265 0.219584330916405 0.213970854878426 0.214080154895782 0.215050905942917 0.217621460556984 0.221396520733833 0.226483955979347 0.228463381528854 0.228431761264801 0.232973545789719
0.250578969717026 0.251098036766052 0.251136362552643 -9999 -9999 -9999 -9999 -9999 -9999 -9999 -9999 0.225095599889755 0.173836559057236 0.098541796207428 -9999 -9999 0.0737702623009682 0.0430707782506943 0.00856221001595259 0.0525821000337601 0.103470958769321 0.175815880298615 0.234492108225822 0.235963568091393 0.232964932918549 0.220529600977898 0.203293696045876 0.18019050359726 0.171788290143013 0.174094036221504 0.187736317515373 0.206073448061943 0.215958550572395 0.224182203412056 0.220798537135124 0.216483131051064 0.207264810800552 0.200893193483353 0.204530730843544 0.208554983139038 0.213297381997108 0.217968165874481 0.222560942173004 0.226066440343857 0.228868424892426 0.232515946030617
0.250578969717026 0.251098036766052 0.251212984323502 0.249010294675827 0.248253092169762 -9999 -9999 -9999 -9999 -9999 -9999 -9999 0.211313307285309 0.157346919178963 0.098541796207428 0.0885277464985847 0.0737702623009682 0.0430707782506943 0.00856221001595259 0.0602035820484161 0.118139646947384 0.181552574038506 0.233587577939034 0.238004773855209 0.234764084219933 0.215356931090355 0.198882088065147 0.185991108417511 0.183421939611435 0.188371017575264 0.197098255157471 0.207390159368515 0.212782457470894 0.217211604118347 0.211342453956604 0.202616482973099 0.169708400964737 0.147726565599442 0.164162009954453 0.182048827409744 0.202630996704102 0.216372773051262 0.222661674022675 0.22713340818882 0.230429321527481 0.232979208230972
0.249577149748802 0.24999326467514 0.249008119106293 0.247624471783638 0.248195603489876 -9999 -9999 -9999 -9999 0.244244262576103 0.235521614551544 0.227721884846687 0.221189200878143 0.185028821229935 0.124627850949764 0.0951442569494247 0.0803055390715599 0.053232841193676 0.023237032815814 0.0775963887572289 0.13725520670414 0.189700022339821 0.232427015900612 0.234483852982521 0.228884309530258 0.207121506333351 0.190249502658844 0.179355055093765 0.178920358419418 0.186104401946068 0.192780926823616 0.199247255921364 0.202226668596268 0.204520627856255 0.195437669754028 0.182745814323425 0.138915076851845 0.109481483697891 0.130668967962265 0.153779000043869 0.180459424853325 0.197442963719368 0.203861460089684 0.213951095938683 0.226416125893593 0.230971604585648
0.246070712804794 0.246126443147659 0.246703431010246 0.24742865562439 0.248195603489876 0.248939201235771 0.248937278985977 0.248748064041138 0.247606217861176 0.244244262576103 0.235521614551544 0.227721884846687 0.221189200878143 0.191891565918922 0.143968254327774 0.118302367627621 0.103179350495338 0.0888005942106247 0.0745996683835983 0.119418017566204 0.167488172650337 0.203874453902245 0.230626329779625 0.217057317495346 0.203806892037392 0.191229060292244 0.171064287424088 0.141626700758934 0.13407988846302 0.142477989196777 0.154264733195305 0.167454823851585 0.173221245408058 0.177528336644173 0.163410767912865 0.147864744067192 0.125029817223549 0.108541019260883 0.114365480840206 0.121099919080734 0.129524260759354 0.135176301002502 0.137807846069336 0.165144816040993 0.208467409014702 0.222786709666252
0.233655259013176 0.234412759542465 0.23889297246933 0.244431927800179 0.245350688695908 0.245776802301407 0.245670586824417 0.245427146553993 0.244485631585121 0.241291493177414 0.232658162713051 0.225930362939835 0.221818625926971 0.201568245887756 0.16811366379261 0.147997722029686 0.134200006723404 0.127618029713631 0.122760124504566 0.155556187033653 0.189957082271576 0.210065826773643 0.220727697014809 0.191853448748589 0.170998379588127 0.167072460055351 0.152658522129059 0.125426098704338 0.119812667369843 0.129946187138557 0.143788158893585 0.159165933728218 0.163209110498428 0.165024176239967 0.147615328431129 0.130158573389053 0.119188509881496 0.109859049320221 0.106298066675663 0.102815166115761 0.0994772985577583 0.0979160815477371 0.0982906073331833 0.130428463220596 0.18311870098114 0.20611660182476
0.208644092082977 0.211604997515678 0.223298370838165 0.237475246191025 0.23848357796669 0.238143339753151 0.237785413861275 0.237411051988602 0.23695307970047 0.234164014458656 0.225746288895607 0.221605971455574 0.223337948322296 0.215223327279091 0.199052467942238 0.186935529112816 0.176738828420639 0.171029910445213 0.166393280029297 0.183658987283707 0.201449021697044 0.204970628023148 0.199380025267601 0.15565387904644 0.127259537577629 0.131231859326363 0.135354787111282 0.139661803841591 0.148770436644554 0.161376506090164 0.172954514622688 0.184106782078743 0.180050045251846 0.1730035841465 0.154768198728561 0.136734575033188 0.124719858169556 0.114370197057724 0.109874933958054 0.104881383478642 0.0989624336361885 0.0960104167461395 0.0962909683585167 0.115632645785809 0.14730778336525 0.177449986338615
0.193399399518967 0.195825085043907 0.208224445581436 0.223460301756859 0.228233963251114 0.231782630085945 0.231171488761902 0.229685232043266 0.223747357726097 0.218379870057106 0.214389637112617 0.215069368481636 0.222160324454308 0.221018344163895 0.213140398263931 0.204416126012802 0.195290982723236 0.192047402262688 0.19020913541317 0.195459455251694 0.199855476617813 0.184729680418968 0.166738018393517 0.136752486228943 0.119672328233719 0.129836410284042 0.142577782273293 0.15846911072731 0.171170100569725 0.181547284126282 0.189268976449966 0.195890933275223 0.188534140586853 0.178429454565048 0.159805312752724 0.14149135351181 0.129289403557777 0.118513256311417 0.11275028437376 0.107095845043659 0.101642958819866 0.0985310226678848 0.0979696214199066 0.107397653162479 0.123289324343204 0.151378765702248
0.186379253864288 0.185963451862335 0.193588986992836 0.203501477837563 0.215135857462883 0.226493746042252 0.225628092885017 0.222203835844994 0.205764159560204 0.195305809378624 0.199289947748184 0.206669807434082 0.218711525201797 0.22019425034523 0.213037893176079 0.203827232122421 0.193643495440483 0.194206148386002 0.197336465120316 0.193531423807144 0.187242403626442 0.151734188199043 0.124584838747978 0.132418230175972 0.142529100179672 0.157447889447212 0.170455187559128 0.181126236915588 0.188047051429749 0.192236214876175 0.194760620594025 0.196595594286919 0.189980775117874 0.181704938411713 0.163060739636421 0.144716113805771 0.133048981428146 0.122346341609955 0.115034863352776 0.109435148537159 0.107014387845993 0.104779079556465 0.102745838463306 0.10468765348196 0.109201520681381 0.127493187785149
0.191693097352982 0.190373688936234 0.193525388836861 0.197948664426804 0.207132756710052 0.216444283723831 0.216039076447487 0.213700965046883 0.201530411839485 0.194461569190025 0.199711367487907 0.206214636564255 0.214438736438751 0.2157943546772 0.211530342698097 0.192747831344604 0.167088225483894 0.164199993014336 0.166752606630325 0.162368312478065 0.15625011920929 0.131831750273705 0.116450093686581 0.138887941837311 0.159086555242538 0.174558013677597 0.185771614313126 0.191781282424927 0.195171549916267 0.19665390253067 0.19704969227314 0.196995496749878 0.192297294735909 0.18668620288372 0.168309226632118 0.150234043598175 0.13972544670105 0.129544913768768 0.1205178424716 0.113881289958954 0.111684173345566 0.109561592340469 0.107520215213299 0.106909893453121 0.107225522398949 0.116880394518375
0.203042805194855 0.201768144965172 0.200592815876007 0.199445724487305 0.201623007655144 0.204065144062042 0.204470247030258 0.204698234796524 0.204025238752365 0.20449598133564 0.207728356122971 0.209647193551064 0.209762722253799 0.209644570946693 0.209335222840309 0.176534697413445 0.128343820571899 0.118453301489353 0.117714032530785 0.116898402571678 0.116263583302498 0.11833667755127 0.124962963163853 0.150644779205322 0.172561317682266 0.186529070138931 0.194941088557243 0.196562826633453 0.19752348959446 0.198002636432648 0.197771519422531 0.197246253490448 0.195039510726929 0.192502230405807 0.174533054232597 0.156874194741249 0.147829353809357 0.138390451669693 0.127566039562225 0.119358442723751 0.116010591387749 0.113626904785633 0.112293690443039 0.111545816063881 0.111176691949368 0.112762913107872
0.210079029202461 0.209009319543839 0.207560941576958 0.20600488781929 0.206175103783607 0.206515163183212 0.206670194864273 0.207018077373505 0.2083470672369 0.209697008132935 0.211097553372383 0.211607933044434 0.210896208882332 0.208215788006783 0.203924655914307 0.169605806469917 0.121063478291035 0.116525746881962 0.122502192854881 0.125264301896095 0.128064215183258 0.134628355503082 0.14405332505703 0.165451124310493 0.182781606912613 0.191525623202324 0.196722850203514 0.197585135698318 0.198126927018166 0.19843527674675 0.198059856891632 0.197401255369186 0.196340560913086 0.195200830698013 0.185347899794579 0.175585433840752 0.16985884308815 0.161822065711021 0.145662620663643 0.132905796170235 0.126468032598495 0.121661365032196 0.118631839752197 0.116260193288326 0.11431422829628 0.113492093980312
