Ecospace-environmental-drivers/Outputs/ASCII-for-ecospace/MOM6-ISIMIP3a/o2-bot/1983-09_o2-bot_MOM6-ISIMIP3a.asc
NCOLS 131 
NROWS 53 
XLLCORNER -98 
YLLCORNER 23.9265270233154 
CELLSIZE 0.133587792515755 
NODATA_value -9999 
[rows 21 to 41 of 53, columns 0 to 45 of 131]
-9999 -9999 -9999 -9999 -9999 -9999 0.199908271431923 0.199958980083466 0.200021252036095 0.20016872882843 0.200261980295181 0.20125824213028 0.201462045311928 0.202069088816643 0.200287580490112 0.195750042796135 0.191247597336769 0.186769232153893 0.186497017741203 0.187848955392838 0.188539370894432 0.189113065600395 0.174512609839439 0.160448476672173 0.15362249314785 0.1474229991436 0.143254846334457 0.141247898340225 0.143012449145317 0.145721927285194 0.149403750896454 0.154356136918068 0.160082563757896 0.164806738495827 0.169196829199791 0.171682178974152 0.173889383673668 0.174028620123863 0.174009531736374 0.172982156276703 0.172154784202576 0.171884164214134 0.170612186193466 0.167792662978172 0.167466759681702 0.16942948102951
-9999 -9999 -9999 -9999 -9999 -9999 0.199895918369293 0.199908271431923 0.200009673833847 0.199998319149017 0.20016872882843 0.199358984827995 0.197936668992043 0.195302307605743 0.192998573184013 0.191076338291168 0.188467741012573 0.185387775301933 0.186077058315277 0.188221767544746 0.190009728074074 0.191734716296196 0.183318227529526 0.175073623657227 0.17011196911335 0.165325462818146 0.161106869578362 0.158470407128334 0.158594936132431 0.159963056445122 0.162610813975334 0.165760517120361 0.169215992093086 0.172759220004082 0.17633168399334 0.177871733903885 0.179128393530846 0.180039539933205 0.180821239948273 0.180778637528419 0.180760636925697 0.180811151862144 0.180268004536629 0.178807362914085 0.178635254502296 0.179645761847496
-9999 -9999 -9999 -9999 0.199016511440277 0.199587106704712 0.199892342090607 0.19988714158535 0.199908271431923 0.200111091136932 0.199805200099945 0.197552114725113 0.194181859493256 0.188601016998291 0.186096951365471 0.187143012881279 0.186505705118179 0.1847123503685 0.186353147029877 0.189319983124733 0.191324010491371 0.193158134818077 0.190803065896034 0.188304394483566 0.18537363409996 0.182185888290405 0.178164884448051 0.175206646323204 0.174103021621704 0.174088567495346 0.1751948595047 0.176318362355232 0.177452340722084 0.179714351892471 0.182352378964424 0.182863175868988 0.183086410164833 0.184205621480942 0.185228392481804 0.185636922717094 0.185955181717873 0.186022147536278 0.186090469360352 0.18616084754467 0.186254307627678 0.186368942260742
-9999 -9999 -9999 -9999 0.197728127241135 0.198858499526978 0.199281871318817 0.199892342090607 0.199860826134682 0.199459820985794 0.198236629366875 0.193866521120071 0.191088512539864 0.191460818052292 0.19315779209137 0.196383222937584 0.197520166635513 0.197222873568535 0.198370710015297 0.200076565146446 0.190630897879601 0.179217308759689 0.166077628731728 0.154163435101509 0.152776479721069 0.151122853159904 0.148604556918144 0.148842081427574 0.153888761997223 0.159826844930649 0.166682153940201 0.169530183076859 0.169937014579773 0.170917525887489 0.172089278697968 0.172660186886787 0.173113331198692 0.168740808963776 0.164450094103813 0.160680413246155 0.156811863183975 0.152668043971062 0.150097534060478 0.149958491325378 0.149824321269989 0.149694636464119
-9999 -9999 -9999 -9999 -9999 0.197728127241135 0.198531657457352 0.198671385645866 0.199367612600327 0.196584671735764 0.193486660718918 0.189182683825493 0.187841355800629 0.192362278699875 0.195686504244804 0.197629928588867 0.19828850030899 0.198064714670181 0.199713855981827 0.202086210250854 0.185865700244904 0.166364148259163 0.146555721759796 0.128857135772705 0.128796249628067 0.128526076674461 0.127577215433121 0.130363881587982 0.139669343829155 0.149084076285362 0.158611223101616 0.161665767431259 0.160777240991592 0.16059273481369 0.16064290702343 0.161293998360634 0.161969244480133 0.154459446668625 0.147152110934258 0.141134187579155 0.135020270943642 0.128639116883278 0.124628208577633 0.124280363321304 0.1240189447999 0.123836852610111
-9999 -9999 -9999 -9999 -9999 0.197674661874771 0.197728127241135 0.197834745049477 0.196919769048691 0.183958515524864 0.174787163734436 0.180121898651123 0.183919847011566 0.184676975011826 0.178343132138252 0.163827419281006 0.154130443930626 0.147742733359337 0.154252707958221 0.165742948651314 0.163245663046837 0.15828001499176 0.14984980225563 0.142288357019424 0.142598867416382 0.143051445484161 0.14396470785141 0.146465241909027 0.151735693216324 0.153770983219147 0.152477338910103 0.149082273244858 0.144407048821449 0.143568232655525 0.144008234143257 0.144827485084534 0.145690619945526 0.145367190241814 0.14511427283287 0.145310461521149 0.145463943481445 0.145498499274254 0.145301908254623 0.144748106598854 0.144799530506134 0.145406424999237
-9999 -9999 0.197437733411789 0.197493329644203 0.197585701942444 0.197621122002602 0.197674721479416 0.19534657895565 0.191825971007347 0.175791203975677 0.165480062365532 0.177076607942581 0.182646438479424 0.176291108131409 0.161437332630157 0.136777684092522 0.122644998133183 0.115741655230522 0.126678332686424 0.144503712654114 0.151299670338631 0.156149283051491 0.155600860714912 0.155049294233322 0.155456483364105 0.156277164816856 0.158438503742218 0.160497009754181 0.162376031279564 0.159265220165253 0.151019975543022 0.144041150808334 0.137833848595619 0.136787861585617 0.137462288141251 0.138430789113045 0.139464437961578 0.143904611468315 0.148340910673141 0.152752444148064 0.15696594119072 0.160628199577332 0.162898749113083 0.163018494844437 0.163614749908447 0.164648354053497
-9999.000000000000000 -9999 -9999 -9999 0.197273164987564 0.197550266981125 0.197517618536949 0.189255014061928 0.180959105491638 0.177352383732796 0.176665812730789 0.187156304717064 0.187150806188583 0.166376695036888 0.145486250519753 0.12446153908968 0.118809334933758 0.123714104294777 0.138130307197571 0.156219214200974 0.162642866373062 0.167007952928543 0.166712701320648 0.166347742080688 0.166252285242081 0.166667193174362 0.16873687505722 0.170013189315796 0.169905006885529 0.166520938277245 0.159766063094139 0.155456364154816 0.152636259794235 0.152358651161194 0.15292851626873 0.154004961252213 0.15517121553421 0.159088894724846 0.163053810596466 0.167319655418396 0.170777082443237 0.171984016895294 0.173782333731651 0.176494598388672 0.178141877055168 0.178811714053154
-9999 -9999 -9999 -9999 0.196790590882301 0.196648091077805 0.196932896971703 0.18605463206768 0.175766363739967 0.17928721010685 0.183744981884956 0.191788882017136 0.186572358012199 0.155117228627205 0.13235892355442 0.119635373353958 0.121519103646278 0.133434310555458 0.148392006754875 0.164524540305138 0.171164333820343 0.176128953695297 0.176209971308708 0.176127523183823 0.175573974847794 0.175472289323807 0.176835730671883 0.177302539348602 0.17620462179184 0.173112019896507 0.167966932058334 0.165746793150902 0.16530853509903 0.165727600455284 0.166432455182076 0.167534738779068 0.168704405426979 0.171604663133621 0.174613282084465 0.178311958909035 0.181198462843895 0.181824043393135 0.183508917689323 0.186830878257751 0.188571527600288 0.188860818743706
-9999 -9999 -9999 -9999 0.196410745382309 0.196173414587975 0.195880353450775 0.186491593718529 0.177712112665176 0.181692108511925 0.185657769441605 0.189568534493446 0.179599329829216 0.142165571451187 0.122784130275249 0.124232217669487 0.132463574409485 0.145353317260742 0.157156273722649 0.168539598584175 0.17613585293293 0.183063820004463 0.183675974607468 0.183996692299843 0.183041095733643 0.182283416390419 0.182167410850525 0.181790322065353 0.180957600474358 0.178866937756538 0.175481870770454 0.174622178077698 0.175300925970078 0.176326498389244 0.177467674016953 0.178492486476898 0.17950302362442 0.180763229727745 0.182205453515053 0.18480671942234 0.187355265021324 0.189757063984871 0.191779881715775 0.193217009305954 0.193846210837364 0.193733856081963
-9999 -9999 -9999 -9999 0.196173414587975 0.195818662643433 0.195402234792709 0.188394144177437 0.1818767786026 0.185439497232437 0.188765645027161 0.19118620455265 0.180416405200958 0.143546625971794 0.125343278050423 0.128678098320961 0.140032589435577 0.15689454972744 0.167394399642944 0.175437599420547 0.181863397359848 0.18800376355648 0.188740223646164 0.189095348119736 0.187258780002594 0.18565371632576 0.184799253940582 0.184100612998009 0.183673933148384 0.183025076985359 0.182147607207298 0.182281211018562 0.183030739426613 0.183977693319321 0.184990465641022 0.186042651534081 0.187097534537315 0.187768861651421 0.188561528921127 0.19012688100338 0.191937118768692 0.194429010152817 0.19610920548439 0.196534931659698 0.196589350700378 0.196302995085716
-9999 -9999 -9999 -9999 0.195798099040985 0.195402234792709 0.192550241947174 0.191395938396454 0.187705621123314 0.19019378721714 0.192769855260849 0.195682421326637 0.187076151371002 0.15567734837532 0.137003019452095 0.133010730147362 0.14506995677948 0.168152466416359 0.178737938404083 0.184497833251953 0.188157945871353 0.191447511315346 0.192003130912781 0.192116111516953 0.18903936445713 0.186443373560905 0.185406178236008 0.184777766466141 0.18486276268959 0.185985639691353 0.188176438212395 0.189027965068817 0.189063593745232 0.189418092370033 0.189878880977631 0.191037103533745 0.192288964986801 0.193159773945808 0.193990528583527 0.194566115736961 0.195337757468224 0.196655139327049 0.197482258081436 0.197551637887955 0.197433814406395 0.197144165635109
-9999 -9999 -9999 -9999 0.195402234792709 0.195308119058609 0.194991439580917 0.195008680224419 0.194132283329964 0.193339928984642 0.1935645788908 0.19768188893795 0.191494211554527 0.164915889501572 0.146975427865982 0.139001727104187 0.148561492562294 0.170162305235863 0.18110316991806 0.187927827239037 0.190890535712242 0.193171724677086 0.193995028734207 0.194497257471085 0.192589908838272 0.190945908427238 0.190155774354935 0.189602985978127 0.189464405179024 0.190378919243813 0.192377030849457 0.193090945482254 0.193022564053535 0.193211361765862 0.193485900759697 0.194479778409004 0.195569485425949 0.196158230304718 0.196696266531944 0.196911424398422 0.197221755981445 0.197797030210495 0.19813933968544 0.198121592402458 0.197960540652275 0.197667971253395
-9999 -9999 -9999 -9999 -9999 0.197815164923668 0.198288559913635 0.198569685220718 0.200815141201019 0.195796877145767 0.19298380613327 0.198611304163933 0.19495153427124 0.172914892435074 0.156224682927132 0.145703449845314 0.151390537619591 0.168208628892899 0.179620504379272 0.188944816589355 0.192096546292305 0.194158986210823 0.195442214608192 0.196604296565056 0.196899026632309 0.197039693593979 0.196680828928947 0.196205988526344 0.195528715848923 0.195386230945587 0.195794060826302 0.19600373506546 0.19609272480011 0.196298718452454 0.196543738245964 0.197257414460182 0.198031023144722 0.198131322860718 0.198234885931015 0.198359325528145 0.19845575094223 0.198474243283272 0.198489591479301 0.198500066995621 0.198351100087166 0.198055773973465
-9999 -9999 -9999 -9999 -9999 0.199638053774834 0.200165495276451 0.201287314295769 0.200924172997475 0.195445597171783 0.192207425832748 0.197544530034065 0.194221720099449 0.173763364553452 0.157690167427063 0.146676778793335 0.151762887835503 0.167905271053314 0.178653419017792 0.187318652868271 0.191451892256737 0.194785356521606 0.196319043636322 0.197699904441833 0.198135584592819 0.198380544781685 0.198007076978683 0.197699368000031 0.19750639796257 0.197440147399902 0.197504326701164 0.197563618421555 0.197619959712029 0.197713866829872 0.197820320725441 0.198196142911911 0.198606461286545 0.198638245463371 0.198669925332069 0.198700845241547 0.198710560798645 0.198661282658577 0.198640704154968 0.198664456605911 0.198584482073784 0.198409274220467
-9999 -9999 -9999 -9999 -9999 0.200109615921974 0.200460106134415 0.200639501214027 0.1996730864048 0.19451330602169 0.191390559077263 0.196064740419388 0.192625567317009 0.173132374882698 0.157545179128647 0.14646489918232 0.151626959443092 0.167943373322487 0.177793025970459 0.185145616531372 0.190424337983131 0.195337057113647 0.197077870368958 0.198586240410805 0.198736414313316 0.198737993836403 0.198257684707642 0.198135584592819 0.198638543486595 0.198883011937141 0.198861449956894 0.198843583464622 0.19882795214653 0.198783040046692 0.198728367686272 0.198754400014877 0.198791682720184 0.198841840028763 0.198876604437828 0.198813438415527 0.198762774467468 0.198746919631958 0.198750630021095 0.198784559965134 0.198785334825516 0.19875568151474
-9999 -9999 -9999 -9999 -9999 -9999 0.199703231453896 0.199453487992287 0.199038669466972 0.193840131163597 0.19054289162159 0.19452303647995 0.191410452127457 0.17426335811615 0.158072292804718 0.142984360456467 0.146674335002899 0.163259908556938 0.173577234148979 0.181474149227142 0.189153477549553 0.196794405579567 0.19798669219017 0.198943361639977 0.199113339185715 0.199115827679634 0.198575258255005 0.198322713375092 0.198572799563408 0.198694482445717 0.198684051632881 0.198668390512466 0.198649555444717 0.198604509234428 0.198550745844841 0.198516309261322 0.198485597968102 0.198598459362984 0.198713481426239 0.198842093348503 0.198943197727203 0.198967695236206 0.19899894297123 0.199040621519089 0.199081405997276 0.199121370911598
-9999 -9999 -9999 -9999 -9999 -9999 0.199202716350555 0.199016720056534 0.198496848344803 0.193152517080307 0.189646735787392 0.193178087472916 0.190324902534485 0.174838483333588 0.157967984676361 0.139500468969345 0.141955003142357 0.15877765417099 0.169581025838852 0.178060129284859 0.187994539737701 0.198185786604881 0.198846578598022 0.199267357587814 0.1994269490242 0.199414446949959 0.198843866586685 0.198474615812302 0.198456734418869 0.198449775576591 0.198454022407532 0.198430716991425 0.198390617966652 0.198348104953766 0.198304787278175 0.198231175541878 0.198155283927917 0.198342174291611 0.198544010519981 0.198840960860252 0.199072554707527 0.199122130870819 0.199173182249069 0.199226528406143 0.199304789304733 0.199405923485756
-9999 -9999 -9999 -9999 -9999 -9999 0.198567926883698 0.199137955904007 0.198647946119308 0.192187085747719 0.188248038291931 0.193961381912231 0.190439254045486 0.168642669916153 0.150807127356529 0.137541994452477 0.14202518761158 0.158696949481964 0.169529855251312 0.178108140826225 0.188145697116852 0.19844077527523 0.199112832546234 0.199490651488304 0.19917231798172 0.198858305811882 0.198558285832405 0.198369905352592 0.198376372456551 0.198384970426559 0.198395788669586 0.198221698403358 0.197934985160828 0.197856962680817 0.197848498821259 0.197824567556381 0.197801247239113 0.198161527514458 0.198483571410179 0.198562175035477 0.198595821857452 0.198504343628883 0.198491215705872 0.198599204421043 0.198707416653633 0.19881583750248
-9999 -9999 -9999 -9999 -9999 0.198209404945374 0.196669548749924 0.197549119591713 0.19643634557724 0.190424412488937 0.187207877635956 0.194690853357315 0.190138518810272 0.161771684885025 0.143601983785629 0.137198179960251 0.144252479076385 0.160549074411392 0.171340301632881 0.180005699396133 0.189302891492844 0.198711559176445 0.199199616909027 0.199394747614861 0.198776677250862 0.198285967111588 0.198208212852478 0.198166966438293 0.198189437389374 0.198207631707191 0.198221445083618 0.197963058948517 0.19753885269165 0.197453066706657 0.197480097413063 0.197505280375481 0.197533220052719 0.197979003190994 0.198352336883545 0.198264181613922 0.198151856660843 0.197972252964973 0.197920620441437 0.198066741228104 0.198205396533012 0.198337197303772
-9999 -9999 -9999 -9999 0.197531208395958 0.197813227772713 0.198209404945374 0.191781714558601 0.185561269521713 0.18573847413063 0.187482371926308 0.195222944021225 0.188315823674202 0.152425050735474 0.1362344622612 0.142774820327759 0.154389247298241 0.169488295912743 0.17997682094574 0.188685059547424 0.194148927927017 0.19904026389122 0.198628261685371 0.198128387331963 0.197863951325417 0.19765417277813 0.197621643543243 0.197603836655617 0.197611734271049 0.197617590427399 0.197621330618858 0.197522401809692 0.197360917925835 0.197369128465652 0.197433918714523 0.197506219148636 0.197580546140671 0.197789669036865 0.197961494326591 0.197895750403404 0.197827950119972 0.197754412889481 0.197758376598358 0.197882086038589 0.198052987456322 0.198267221450806
