Ecospace-environmental-drivers/Outputs/ASCII-for-ecospace/MOM6-ISIMIP3a/o2-bot/1984-08_o2-bot_MOM6-ISIMIP3a.asc
NCOLS 131 
NROWS 53 
XLLCORNER -98 
YLLCORNER 23.9265270233154 
CELLSIZE 0.133587792515755 
NODATA_value -9999 
[rows 21 to 41 of 53, columns 0 to 45 of 131]
-9999 -9999 -9999 -9999 -9999 -9999 0.202629253268242 0.20241142809391 0.201826259493828 0.200978621840477 0.200695037841797 0.201135501265526 0.201339021325111 0.201945215463638 0.201293990015984 0.199191868305206 0.19358891248703 0.185581788420677 0.186309695243835 0.190410539507866 0.193484038114548 0.196376249194145 0.188637048006058 0.181220054626465 0.178428038954735 0.175605431199074 0.172683596611023 0.170488640666008 0.169562175869942 0.169908553361893 0.171564698219299 0.173580095171928 0.175814360380173 0.178654417395592 0.181696400046349 0.184407994151115 0.187065348029137 0.188530564308167 0.189762070775032 0.189505100250244 0.188735142350197 0.186537101864815 0.18087200820446 0.169848740100861 0.163822531700134 0.162382617592812
-9999 -9999 -9999 -9999 -9999 -9999 0.202649861574173 0.202629253268242 0.202193588018417 0.201503559947014 0.200978621840477 0.199970975518227 0.198077946901321 0.194432944059372 0.192944645881653 0.193944856524467 0.192336440086365 0.188936576247215 0.190797716379166 0.194690302014351 0.197581619024277 0.200296223163605 0.195577964186668 0.191006436944008 0.189014032483101 0.186786845326424 0.183798372745514 0.181024789810181 0.178626164793968 0.178026795387268 0.179278805851936 0.180230870842934 0.181000217795372 0.182504907250404 0.184254705905914 0.185044303536415 0.185706734657288 0.187136635184288 0.188410326838493 0.188689261674881 0.188631251454353 0.18763530254364 0.184708416461945 0.178797379136086 0.175428956747055 0.174394160509109
-9999 -9999 -9999 -9999 0.200810700654984 0.201972767710686 0.202697709202766 0.202622622251511 0.202629253268242 0.201757937669754 0.200648427009583 0.198627203702927 0.194776251912117 0.187304764986038 0.185242414474487 0.189421340823174 0.191904500126839 0.193223088979721 0.196106046438217 0.199593067169189 0.201337933540344 0.202775374054909 0.200859725475311 0.198970317840576 0.197911515831947 0.196400031447411 0.193420812487602 0.190293088555336 0.186906203627586 0.185346692800522 0.185667544603348 0.185350671410561 0.184645310044289 0.184769958257675 0.185171261429787 0.183960676193237 0.182543784379959 0.183414414525032 0.184206783771515 0.184500858187675 0.184625387191772 0.184277921915054 0.183942168951035 0.183624550700188 0.183231294155121 0.182768628001213
-9999 -9999 -9999 -9999 0.198231115937233 0.200341194868088 0.201247841119766 0.202697709202766 0.202540904283524 0.200545266270638 0.198476985096931 0.196130678057671 0.195195585489273 0.197052896022797 0.199211835861206 0.201718792319298 0.203099250793457 0.203706070780754 0.204988688230515 0.206532269716263 0.198057994246483 0.187815874814987 0.175127908587456 0.163701310753822 0.16323222219944 0.162391230463982 0.160344317555428 0.160413816571236 0.164176672697067 0.168831795454025 0.17440502345562 0.176190987229347 0.175669759511948 0.175737977027893 0.176002681255341 0.175766453146935 0.175426453351974 0.170288220047951 0.165164917707443 0.160136729478836 0.154803469777107 0.148620992898941 0.144865781068802 0.144861802458763 0.144646659493446 0.144237726926804
-9999 -9999 -9999 -9999 -9999 0.198231115937233 0.199188113212585 0.199797958135605 0.201051875948906 0.197668850421906 0.194692000746727 0.193269744515419 0.194976925849915 0.202876374125481 0.206525847315788 0.205271512269974 0.203973889350891 0.202646538615227 0.203393325209618 0.204941019415855 0.190486505627632 0.173208102583885 0.153945773839951 0.136712446808815 0.13674920797348 0.136546611785889 0.135567992925644 0.138098046183586 0.146751061081886 0.155118405818939 0.163191825151443 0.165665104985237 0.164726838469505 0.164618939161301 0.164787843823433 0.165337428450584 0.165875017642975 0.157434597611427 0.149056658148766 0.141076564788818 0.132650107145309 0.122981116175652 0.117238812148571 0.117564991116524 0.117663957178593 0.117554388940334
-9999 -9999 -9999 -9999 -9999 0.198622167110443 0.198231115937233 0.19602569937706 0.193421185016632 0.187497437000275 0.183832108974457 0.188811033964157 0.191960841417313 0.191491320729256 0.184657737612724 0.170480996370316 0.159597784280777 0.15097638964653 0.1558548361063 0.165946081280708 0.164097785949707 0.16014252603054 0.152712717652321 0.146029740571976 0.146204471588135 0.146499693393707 0.147185623645782 0.148946046829224 0.152581572532654 0.153688922524452 0.15219484269619 0.149148896336555 0.145157560706139 0.144348725676537 0.144600734114647 0.145109489560127 0.14565072953701 0.145776182413101 0.145811513066292 0.145272821187973 0.144121184945107 0.141263216733932 0.139814347028732 0.140543133020401 0.141552463173866 0.142819300293922
-9999 -9999 0.199571445584297 0.199438512325287 0.199272751808167 0.19901368021965 0.198621705174446 0.191974684596062 0.185282558202744 0.181922137737274 0.18095588684082 0.189153492450714 0.19120454788208 0.18109330534935 0.165089517831802 0.142286658287048 0.127267763018608 0.117594458162785 0.126621633768082 0.142869740724564 0.149521231651306 0.154479205608368 0.155058532953262 0.155495569109917 0.155545815825462 0.155997604131699 0.157751381397247 0.158938363194466 0.159136235713959 0.155419752001762 0.147675469517708 0.141468673944473 0.136198490858078 0.135128855705261 0.135459378361702 0.136094883084297 0.136808782815933 0.142558693885803 0.148135259747505 0.152607977390289 0.15632189810276 0.157923460006714 0.15948674082756 0.16099089384079 0.162702828645706 0.164605468511581
-9999.000000000000000 -9999 -9999 -9999 0.200029134750366 0.199531808495522 0.199770584702492 0.187315464019775 0.176035717129707 0.18637490272522 0.19549885392189 0.199971362948418 0.195378735661507 0.172848805785179 0.150539338588715 0.12848424911499 0.121220543980598 0.124114766716957 0.137327864766121 0.154525488615036 0.160717099905014 0.164966493844986 0.165212944149971 0.165285423398018 0.164638549089432 0.164502367377281 0.166022077202797 0.167063668370247 0.167270883917809 0.16404590010643 0.157289266586304 0.153067260980606 0.150389328598976 0.15001916885376 0.150418236851692 0.151546150445938 0.152801424264908 0.15775802731514 0.162609547376633 0.16679173707962 0.170114547014236 0.171045005321503 0.172824949026108 0.175917729735374 0.177878901362419 0.178801476955414
-9999 -9999 -9999 -9999 0.201095953583717 0.201541915535927 0.201138585805893 0.185566514730453 0.171891883015633 0.189831241965294 0.203967988491058 0.203549966216087 0.192707911133766 0.161239579319954 0.137349665164948 0.122204042971134 0.122156791388988 0.132478266954422 0.146988660097122 0.163116559386253 0.169701382517815 0.174602136015892 0.17496782541275 0.175083950161934 0.173947915434837 0.17324960231781 0.173970595002174 0.174378246068954 0.174239099025726 0.171542063355446 0.166213005781174 0.163646474480629 0.162762850522995 0.163089394569397 0.163819327950478 0.165284484624863 0.166864395141602 0.170271083712578 0.173700526356697 0.177274987101555 0.180261433124542 0.181610986590385 0.183732733130455 0.187047868967056 0.188770458102226 0.189031407237053
-9999 -9999 -9999 -9999 0.201878011226654 0.202214121818542 0.202629134058952 0.187478959560394 0.174168080091476 0.192033976316452 0.204795747995377 0.198021024465561 0.181425452232361 0.145397216081619 0.125871598720551 0.12538743019104 0.131878823041916 0.143160656094551 0.155334204435349 0.167852059006691 0.175903305411339 0.183166325092316 0.184220045804977 0.184893354773521 0.183529809117317 0.182301893830299 0.181513771414757 0.180672869086266 0.179739832878113 0.177616581320763 0.174268648028374 0.172943279147148 0.172850027680397 0.17386981844902 0.175260603427887 0.176867812871933 0.178499713540077 0.17940454185009 0.180535048246384 0.183102697134018 0.185821652412415 0.188961863517761 0.191582858562469 0.193401411175728 0.194271698594093 0.194271668791771
-9999 -9999 -9999 -9999 0.202214121818542 0.202716499567032 0.203306242823601 0.191873237490654 0.181843981146812 0.195333331823349 0.204829946160316 0.199044048786163 0.18314303457737 0.14722703397274 0.128513216972351 0.129648014903069 0.139385521411896 0.155030906200409 0.166009843349457 0.175186887383461 0.182287767529488 0.189022272825241 0.189995229244232 0.190510630607605 0.188264340162277 0.186225399374962 0.184858813881874 0.183630079030991 0.182641878724098 0.181697577238083 0.180798456072807 0.180526614189148 0.180636897683144 0.181610360741615 0.182871550321579 0.184521079063416 0.186213210225105 0.186368048191071 0.186701223254204 0.188170105218887 0.190124124288559 0.193428665399551 0.195774629712105 0.196639195084572 0.196983963251114 0.196851670742035
-9999 -9999 -9999 -9999 0.202745616436005 0.203306242823601 0.198262199759483 0.198128908872604 0.193569719791412 0.199455127120018 0.20426894724369 0.204981133341789 0.194610774517059 0.162311151623726 0.141744717955589 0.134716510772705 0.1452307254076 0.167792081832886 0.17843309044838 0.184471219778061 0.188809126615524 0.19284699857235 0.193162634968758 0.192983761429787 0.189363285899162 0.1863022595644 0.185055211186409 0.184084191918373 0.183594882488251 0.184283405542374 0.186183884739876 0.186824843287468 0.186698496341705 0.187070980668068 0.18760971724987 0.189226746559143 0.190985321998596 0.191704049706459 0.192366108298302 0.192667275667191 0.193483263254166 0.195732340216637 0.197222590446472 0.197540104389191 0.197604447603226 0.197436437010765
-9999 -9999 -9999 -9999 0.203306242823601 0.200758084654808 0.199812069535255 0.199740424752235 0.19950658082962 0.201845034956932 0.204617291688919 0.209050014615059 0.202218443155289 0.173098012804985 0.152290612459183 0.141075149178505 0.148989766836166 0.170041874051094 0.180881842970848 0.187778517603874 0.191397666931152 0.194438427686691 0.194848790764809 0.194912195205688 0.192564204335213 0.190578535199165 0.189767703413963 0.188997566699982 0.18829844892025 0.188776880502701 0.190466970205307 0.19103416800499 0.190917313098907 0.191126346588135 0.191444009542465 0.192862898111343 0.194426730275154 0.194981142878532 0.195468217134476 0.195526450872421 0.195902138948441 0.197161555290222 0.197958752512932 0.19804160296917 0.197999268770218 0.197842046618462
-9999 -9999 -9999 -9999 -9999 0.201479822397232 0.201651811599731 0.201566874980927 0.202962473034859 0.203492671251297 0.20535534620285 0.2123182117939 0.208171784877777 0.182043164968491 0.161685526371002 0.147986710071564 0.151854738593102 0.167786717414856 0.179055720567703 0.188524186611176 0.1923006772995 0.195072695612907 0.195900127291679 0.196607172489166 0.196665972471237 0.196654602885246 0.196415707468987 0.195822075009346 0.194609418511391 0.194087907671928 0.194277614355087 0.194348245859146 0.194346353411674 0.194579482078552 0.194890931248665 0.196040689945221 0.197297811508179 0.19737583398819 0.197471976280212 0.197683602571487 0.197918027639389 0.198215991258621 0.198389858007431 0.198371917009354 0.198297366499901 0.198170840740204
-9999 -9999 -9999 -9999 -9999 0.202738106250763 0.20297560095787 0.203648135066032 0.203689396381378 0.204298719763756 0.206206575036049 0.213084653019905 0.208994761109352 0.183202341198921 0.163060560822487 0.149438738822937 0.152708724141121 0.16757906973362 0.178253322839737 0.187307327985764 0.191806271672249 0.195501372218132 0.196612045168877 0.197588607668877 0.197919219732285 0.198097839951515 0.197783574461937 0.197424963116646 0.196988970041275 0.196737542748451 0.196676060557365 0.196652203798294 0.196651265025139 0.196773067116737 0.196935787796974 0.197574287652969 0.198273465037346 0.198267996311188 0.198278442025185 0.198390290141106 0.198493897914886 0.198574542999268 0.198614254593849 0.198590710759163 0.198549285531044 0.198491409420967
-9999 -9999 -9999 -9999 -9999 0.203299298882484 0.203586921095848 0.203711777925491 0.20385168492794 0.204930633306503 0.207081213593483 0.21333347260952 0.208756268024445 0.18275061249733 0.162776291370392 0.149761199951172 0.153146624565125 0.167795047163963 0.17766273021698 0.185684412717819 0.191022723913193 0.195887520909309 0.197253733873367 0.198422387242317 0.198583111166954 0.198582530021667 0.198058992624283 0.19794750213623 0.19855509698391 0.198836535215378 0.198782339692116 0.198747172951698 0.198723584413528 0.198706060647964 0.198690548539162 0.198767691850662 0.198856949806213 0.198849275708199 0.19883719086647 0.198796898126602 0.198771819472313 0.198789089918137 0.198795884847641 0.198786452412605 0.198791652917862 0.198810279369354
-9999 -9999 -9999 -9999 -9999 -9999 0.203335389494896 0.203400835394859 0.203558191657066 0.205613568425179 0.208375304937363 0.213840708136559 0.208833187818527 0.18310272693634 0.161902636289597 0.145929887890816 0.148643419146538 0.164189666509628 0.174475073814392 0.182729080319405 0.190042361617088 0.197189629077911 0.19821409881115 0.19901579618454 0.19907845556736 0.19898596405983 0.19839046895504 0.198114350438118 0.198395550251007 0.198519691824913 0.198482260107994 0.198473781347275 0.198482975363731 0.198469743132591 0.198449030518532 0.198482856154442 0.198525235056877 0.1987095028162 0.198879659175873 0.198959812521935 0.199028134346008 0.199063509702682 0.199095517396927 0.199122279882431 0.199167788028717 0.19923047721386
-9999 -9999 -9999 -9999 -9999 -9999 0.203014209866524 0.202893555164337 0.203250735998154 0.206271559000015 0.209642797708511 0.214355230331421 0.208763033151627 0.182780861854553 0.160363182425499 0.14205838739872 0.144343614578247 0.160768955945969 0.1714778393507 0.179979398846626 0.189146190881729 0.198430359363556 0.199112802743912 0.199548542499542 0.199498161673546 0.199311271309853 0.198681771755219 0.198254927992821 0.198181718587875 0.19813434779644 0.198113545775414 0.198120787739754 0.198145106434822 0.198138445615768 0.198121473193169 0.198138281702995 0.198162272572517 0.19853501021862 0.19888299703598 0.199073374271393 0.199226036667824 0.199273750185966 0.199326828122139 0.199388206005096 0.199468284845352 0.199565529823303
-9999 -9999 -9999 -9999 -9999 -9999 0.202548876404762 0.202748224139214 0.203012079000473 0.206639260053635 0.21042612195015 0.214824184775352 0.206973418593407 0.174885660409927 0.152003183960915 0.139742150902748 0.144573658704758 0.161143377423286 0.171752467751503 0.180059924721718 0.189242228865623 0.198578923940659 0.199201598763466 0.199548900127411 0.19919154047966 0.198841974139214 0.198517665266991 0.198285296559334 0.198213368654251 0.198172047734261 0.198162227869034 0.198049739003181 0.197874695062637 0.197830379009247 0.197829633951187 0.197862699627876 0.197903260588646 0.198334559798241 0.198715627193451 0.19877678155899 0.198811084032059 0.198770642280579 0.19877302646637 0.198841571807861 0.198898151516914 0.198943763971329
-9999 -9999 -9999 -9999 -9999 0.200992196798325 0.202224716544151 0.202004849910736 0.203284904360771 0.207075953483582 0.210557475686073 0.212854295969009 0.202062591910362 0.165372431278229 0.143636807799339 0.139156401157379 0.146943688392639 0.163155734539032 0.173568651080132 0.181742295622826 0.190206214785576 0.198721334338188 0.199127227067947 0.199273824691772 0.198739379644394 0.198312669992447 0.198235332965851 0.198164150118828 0.198103711009026 0.198074892163277 0.198078617453575 0.197902888059616 0.1976178586483 0.197564125061035 0.197587490081787 0.197639912366867 0.197698950767517 0.19811874628067 0.198476344347 0.198437944054604 0.198383927345276 0.198286443948746 0.198258355259895 0.198337540030479 0.198391869664192 0.19842341542244
-9999 -9999 -9999 -9999 0.19950258731842 0.200554385781288 0.200992196798325 0.203153595328331 0.205433249473572 0.2077656686306 0.208298251032829 0.20194186270237 0.185707211494446 0.149926275014877 0.135247066617012 0.144915923476219 0.157160505652428 0.171173959970474 0.181037321686745 0.189298182725906 0.194352626800537 0.198841243982315 0.198454573750496 0.197988823056221 0.197753518819809 0.197563350200653 0.197519481182098 0.19748742878437 0.19747593998909 0.197483256459236 0.197509899735451 0.197478130459785 0.19741079211235 0.197451218962669 0.197527587413788 0.197610691189766 0.197695210576057 0.197846531867981 0.197973370552063 0.197944208979607 0.197912022471428 0.197871461510658 0.197887122631073 0.19798968732357 0.198119699954987 0.198274910449982
