Ecospace-environmental-drivers/Outputs/ASCII-for-ecospace/MOM6-ISIMIP3a/o2-bot/1984-02_o2-bot_MOM6-ISIMIP3a.asc
NCOLS 131 
NROWS 53 
XLLCORNER -98 
YLLCORNER 23.9265270233154 
CELLSIZE 0.133587792515755 
NODATA_value -9999 
[rows 21 to 41 of 53, columns 46 to 91 of 131]
0.218995600938797 0.218465447425842 0.217817723751068 0.217136591672897 0.217112362384796 0.217165037989616 0.217478349804878 0.217624306678772 0.21691882610321 0.215596944093704 0.212786704301834 0.211338296532631 0.211759507656097 0.205157697200775 0.192809849977493 0.160074934363365 0.117683120071888 0.123953685164452 0.14185132086277 0.148024082183838 0.153409481048584 0.159058690071106 0.166212499141693 0.179663211107254 0.189639210700989 0.192279800772667 0.194360718131065 0.195757582783699 0.196849837899208 0.197720244526863 0.198055997490883 0.198170334100723 0.198214337229729 0.198244497179985 0.198133587837219 0.197745844721794 0.194704636931419 0.187654882669449 0.166510805487633 0.149395406246185 0.139761656522751 0.131949558854103 0.126122176647186 0.1216886267066 0.118156932294369 0.116669125854969
0.217750117182732 0.216804832220078 0.21370455622673 0.20999139547348 0.209326058626175 0.209014430642128 0.209829181432724 0.207469001412392 0.188958406448364 0.175547391176224 0.174449861049652 0.170655339956284 0.163158223032951 0.156525373458862 0.150599628686905 0.136208966374397 0.117808654904366 0.127511918544769 0.143930077552795 0.155781850218773 0.166790723800659 0.170097202062607 0.174621894955635 0.184244960546494 0.191538408398628 0.193913906812668 0.195575103163719 0.196363270282745 0.197109118103981 0.197824150323868 0.198096945881844 0.198186606168747 0.198351994156837 0.198532253503799 0.198344811797142 0.198053956031799 0.196885973215103 0.193640977144241 0.183093145489693 0.174227759242058 0.16848686337471 0.160189121961594 0.149105578660965 0.140740409493446 0.13413417339325 0.128390997648239
0.213349521160126 0.212004899978638 0.206546559929848 0.199918299913406 0.198672205209732 0.198049187660217 0.199374049901962 0.194644600152969 0.159117668867111 0.134299978613853 0.135340839624405 0.129542171955109 0.114353738725185 0.108089201152325 0.109125934541225 0.113385513424873 0.119171686470509 0.131629079580307 0.145680457353592 0.16271148622036 0.178903743624687 0.179908186197281 0.181910917162895 0.188091591000557 0.193064317107201 0.195486977696419 0.196881458163261 0.197019293904305 0.197388082742691 0.197925090789795 0.1981161236763 0.198163881897926 0.198388025164604 0.19864684343338 0.19775553047657 0.196948572993279 0.197381839156151 0.197855353355408 0.198470398783684 0.198323637247086 0.19676211476326 0.188446342945099 0.172771587967873 0.161007553339005 0.151773929595947 0.141684129834175
0.156254559755325 0.155472368001938 0.152733892202377 0.149439051747322 0.148884817957878 0.148695737123489 0.150791436433792 0.149917647242546 0.133938446640968 0.124572351574898 0.131174266338348 0.132065609097481 0.125117093324661 0.122241720557213 0.12269888818264 0.129156067967415 0.138455301523209 0.149347960948944 0.16062131524086 0.171746164560318 0.182273909449577 0.184259444475174 0.186713263392448 0.191126987338066 0.194692119956017 0.196465834975243 0.197465196251869 0.197518110275269 0.197591125965118 0.197678789496422 0.197815835475922 0.197973325848579 0.197855874896049 0.197684392333031 0.197500243782997 0.197359934449196 0.197652339935303 0.197945594787598 0.19824181497097 0.198227912187576 0.197638094425201 0.193900525569916 0.186733350157738 0.181678503751755 0.177990421652794 0.166502043604851
0.115436315536499 0.115510948002338 0.115278907120228 0.114959642291069 0.11522800475359 0.115634337067604 0.118141584098339 0.120204508304596 0.120007239282131 0.122875064611435 0.133143872022629 0.138993322849274 0.138775572180748 0.138735398650169 0.138840511441231 0.14650371670723 0.157747030258179 0.166723996400833 0.175159484148026 0.180955722928047 0.186371266841888 0.188884809613228 0.191422283649445 0.194059863686562 0.196219176054001 0.197368815541267 0.198011815547943 0.198035582900047 0.197826147079468 0.197446838021278 0.197524234652519 0.197790786623955 0.197425231337547 0.196935430169106 0.197321265935898 0.197716027498245 0.197881028056145 0.198016077280045 0.198045745491982 0.198135107755661 0.198335319757462 0.198338851332664 0.1981281042099 0.198531106114388 0.199331253767014 0.187935680150986
0.145986989140511 0.14820921421051 0.149547800421715 0.150635078549385 0.152299299836159 0.154009014368057 0.15535244345665 0.156322807073593 0.155395433306694 0.15638855099678 0.162018865346909 0.165232509374619 0.165128394961357 0.1654943972826 0.16624504327774 0.170766547322273 0.177074238657951 0.182596862316132 0.187931925058365 0.190932080149651 0.193657100200653 0.194712102413177 0.195722013711929 0.196543276309967 0.197304531931877 0.197939112782478 0.198395729064941 0.198634847998619 0.198201268911362 0.197277724742889 0.197270780801773 0.197643429040909 0.197439655661583 0.197122558951378 0.197476834058762 0.197829723358154 0.197926327586174 0.197999849915504 0.197992250323296 0.198055073618889 0.198248729109764 0.198323011398315 0.198267251253128 0.198641359806061 0.199293598532677 0.194530189037323
0.17041203379631 0.173847824335098 0.176170155405998 0.178175806999207 0.180479660630226 0.182749211788177 0.183268666267395 0.183494135737419 0.182224124670029 0.18191297352314 0.183917120099068 0.18512150645256 0.185227900743484 0.185946181416512 0.187165081501007 0.189175561070442 0.191560983657837 0.194258019328117 0.197029486298561 0.19795797765255 0.198711588978767 0.198762848973274 0.198738649487495 0.198398545384407 0.198196053504944 0.198284104466438 0.198486879467964 0.198829874396324 0.198316141963005 0.19717837870121 0.196964576840401 0.197133406996727 0.197196334600449 0.197238445281982 0.197586119174957 0.197917640209198 0.197980910539627 0.198023781180382 0.197994977235794 0.198034003376961 0.198199018836021 0.19830347597599 0.198341965675354 0.198656097054482 0.199148610234261 0.198983073234558
0.181471809744835 0.184083297848701 0.186108872294426 0.18796780705452 0.189261332154274 0.190468445420265 0.190905377268791 0.191144496202469 0.190377220511436 0.190006464719772 0.190593153238297 0.19115523993969 0.191683560609818 0.192636519670486 0.193936929106712 0.194812387228012 0.195486560463905 0.196729809045792 0.198109045624733 0.19854636490345 0.198897585272789 0.198937475681305 0.198955714702606 0.198883309960365 0.198664709925652 0.198137536644936 0.197939231991768 0.198142915964127 0.197863161563873 0.197231277823448 0.196543291211128 0.195832073688507 0.196390688419342 0.197198912501335 0.197594463825226 0.197949305176735 0.198055759072304 0.198135316371918 0.19812037050724 0.198141545057297 0.198229804635048 0.19827589392662 0.198276057839394 0.19846248626709 0.198769420385361 0.198763236403465
0.189838767051697 0.191658273339272 0.193180218338966 0.194617539644241 0.195125743746758 0.195537328720093 0.195907637476921 0.196145281195641 0.195708066225052 0.195378571748734 0.195309221744537 0.195521414279938 0.196120172739029 0.196906059980392 0.197845056653023 0.197991952300072 0.197763666510582 0.198085993528366 0.198539897799492 0.198620423674583 0.198671132326126 0.198661297559738 0.198678225278854 0.198807150125504 0.198664203286171 0.197947308421135 0.197579801082611 0.197639301419258 0.197535663843155 0.19731317460537 0.196392089128494 0.195181682705879 0.19599337875843 0.197202563285828 0.19761560857296 0.197976157069206 0.19811175763607 0.198216393589973 0.198212221264839 0.198220998048782 0.198253780603409 0.198265552520752 0.198254406452179 0.198360592126846 0.198542654514313 0.198628291487694
0.194817885756493 0.195886135101318 0.196644186973572 0.197314023971558 0.19732004404068 0.197271883487701 0.197595536708832 0.197812721133232 0.19748829305172 0.197326958179474 0.197559460997581 0.197789639234543 0.19801664352417 0.198129996657372 0.198150381445885 0.198080092668533 0.19796684384346 0.198038637638092 0.198154643177986 0.198047399520874 0.197925761342049 0.197817951440811 0.197778537869453 0.198025301098824 0.198073416948318 0.197702139616013 0.197457104921341 0.19736635684967 0.197366029024124 0.197431564331055 0.196580663323402 0.195350214838982 0.196109771728516 0.197260528802872 0.197652876377106 0.197996973991394 0.198144048452377 0.198259145021439 0.198261886835098 0.198265105485916 0.198269203305244 0.198276877403259 0.198288455605507 0.198374092578888 0.198507651686668 0.198600143194199
0.197402596473694 0.198062777519226 0.198387876152992 0.198617666959763 0.19848258793354 0.19832469522953 0.19855885207653 0.198718920350075 0.198502153158188 0.198434412479401 0.198726519942284 0.1988695114851 0.198807805776596 0.198656648397446 0.198432311415672 0.198308855295181 0.198233172297478 0.198165848851204 0.19810052216053 0.197903081774712 0.197698950767517 0.197529599070549 0.197442412376404 0.197699189186096 0.197826489806175 0.197680428624153 0.197525128722191 0.197358533740044 0.197354227304459 0.197468131780624 0.196657046675682 0.195462867617607 0.196244418621063 0.197414353489876 0.197770684957504 0.198077976703644 0.19820037484169 0.198295205831528 0.198293015360832 0.198290199041367 0.198286175727844 0.198291093111038 0.198305755853653 0.198355868458748 0.198428928852081 0.198490887880325
0.198191449046135 0.198700994253159 0.198841333389282 0.198876678943634 0.198871344327927 0.198866188526154 0.198978692293167 0.199054166674614 0.198941245675087 0.198911175131798 0.199081167578697 0.199058100581169 0.198769971728325 0.198660328984261 0.198696702718735 0.198643088340759 0.198546841740608 0.198423981666565 0.198294758796692 0.19808030128479 0.197861075401306 0.197657465934753 0.19752898812294 0.197714880108833 0.197837442159653 0.197826310992241 0.197736203670502 0.197549566626549 0.197460800409317 0.197443336248398 0.1966492831707 0.195533633232117 0.196392744779587 0.197640061378479 0.197948902845383 0.198204085230827 0.198274746537209 0.198326230049133 0.198310270905495 0.198301047086716 0.19830434024334 0.198307499289513 0.198310479521751 0.19831383228302 0.198317438364029 0.19832082092762
0.19850155711174 0.198872789740562 0.198966324329376 0.198980882763863 0.199022501707077 0.199068307876587 0.199152857065201 0.199211284518242 0.199136912822723 0.199122339487076 0.199252158403397 0.199152320623398 0.198737144470215 0.198595836758614 0.198678597807884 0.198639988899231 0.198543891310692 0.198414668440819 0.198277533054352 0.197982490062714 0.197693139314651 0.197644606232643 0.197627186775208 0.1977399289608 0.197812527418137 0.197800412774086 0.197733789682388 0.197600513696671 0.197526291012764 0.197495087981224 0.197008162736893 0.196332514286041 0.196977153420448 0.197881326079369 0.198094859719276 0.198269248008728 0.198310941457748 0.198337852954865 0.198312759399414 0.198294252157211 0.19828799366951 0.198283046483994 0.198279559612274 0.198264449834824 0.198241829872131 0.198222666978836
0.198606476187706 0.198844701051712 0.198950543999672 0.199018746614456 0.199071824550629 0.199124976992607 0.199221715331078 0.199292063713074 0.199228256940842 0.199219673871994 0.19934444129467 0.199206084012985 0.198706477880478 0.198502138257027 0.198539406061172 0.198492288589478 0.198405221104622 0.198290720582008 0.198169678449631 0.197766795754433 0.197383761405945 0.197571441531181 0.197730377316475 0.197768986225128 0.19777224957943 0.197700902819633 0.197639867663383 0.197591453790665 0.197574183344841 0.197579637169838 0.197524160146713 0.197443470358849 0.197748452425003 0.198129236698151 0.198227018117905 0.198308289051056 0.198330774903297 0.19834116101265 0.198308929800987 0.198279902338982 0.198256850242615 0.198241114616394 0.198233351111412 0.198211908340454 0.198181599378586 0.198155328631401
0.19875505566597 0.198910474777222 0.19904787838459 0.199180170893669 0.199269354343414 0.199354827404022 0.199459180235863 0.199492245912552 0.199162632226944 0.198938012123108 0.198966965079308 0.198848098516464 0.198526307940483 0.198411956429482 0.198467344045639 0.198426395654678 0.19833979010582 0.198258087038994 0.198177546262741 0.197892174124718 0.197614908218384 0.197660624980927 0.197701454162598 0.197721794247627 0.197724491357803 0.197689965367317 0.197669714689255 0.197666943073273 0.197685912251472 0.197720751166344 0.197761967778206 0.197805836796761 0.197972327470779 0.198162943124771 0.198210030794144 0.198249354958534 0.198264598846436 0.198271989822388 0.198251724243164 0.198230311274529 0.198206752538681 0.198186382651329 0.198169514536858 0.198153987526894 0.198139309883118 0.198132917284966
0.198912680149078 0.198995679616928 0.199168622493744 0.199367135763168 0.199497520923615 0.199620500206947 0.199731543660164 0.199717134237289 0.199064522981644 0.19857794046402 0.198492273688316 0.198404908180237 0.19831520318985 0.198322504758835 0.198409184813499 0.198377400636673 0.198289528489113 0.198244333267212 0.198209345340729 0.198088109493256 0.197957903146744 0.197783410549164 0.197645202279091 0.197658836841583 0.197675213217735 0.197697356343269 0.197725176811218 0.197759926319122 0.197810858488083 0.197873562574387 0.197942197322845 0.198013305664062 0.198082953691483 0.19815231859684 0.198162212967873 0.198170155286789 0.198180615901947 0.198187813162804 0.198183491826057 0.198173433542252 0.198152735829353 0.198129028081894 0.198102042078972 0.198094949126244 0.198100730776787 0.198119789361954
0.199160858988762 0.199122279882431 0.19928415119648 0.199503034353256 0.199642151594162 0.19975745677948 0.199450209736824 0.19910629093647 0.198575735092163 0.198202267289162 0.198208078742027 0.198255121707916 0.198358744382858 0.198430836200714 0.198477134108543 0.198427438735962 0.198332279920578 0.198280140757561 0.198238283395767 0.198157012462616 0.198071017861366 0.19795560836792 0.197858214378357 0.197836220264435 0.19782429933548 0.197833627462387 0.197851821780205 0.19788084924221 0.197916656732559 0.197957396507263 0.197999835014343 0.198042958974838 0.198086872696877 0.198130920529366 0.198146089911461 0.198159456253052 0.198165848851204 0.198168203234673 0.198156386613846 0.198146164417267 0.198138892650604 0.198130294680595 0.198120221495628 0.19810838997364 0.198095396161079 0.198119893670082
0.199348419904709 0.199198752641678 0.199341341853142 0.199567034840584 0.199708878993988 0.19981250166893 0.199116036295891 0.198470562696457 0.198084488511086 0.19783927500248 0.197934120893478 0.198103159666061 0.198374032974243 0.198516964912415 0.198555216193199 0.198499485850334 0.198399260640144 0.198340088129044 0.198290720582008 0.198240891098976 0.198190927505493 0.198139429092407 0.198087021708488 0.198030903935432 0.197990193963051 0.197982028126717 0.197985216975212 0.198002278804779 0.19801938533783 0.198036536574364 0.198053956031799 0.198071479797363 0.19809402525425 0.198117554187775 0.198139265179634 0.198159068822861 0.198160976171494 0.198158040642738 0.198138102889061 0.198126256465912 0.198129445314407 0.198134243488312 0.198140770196915 0.19812536239624 0.198095768690109 0.198125943541527
0.198846101760864 0.198720768094063 0.198778569698334 0.198888450860977 0.198984563350677 0.199055403470993 0.198482632637024 0.197968631982803 0.197753697633743 0.197619080543518 0.197678431868553 0.197787970304489 0.197966426610947 0.198271751403809 0.198680862784386 0.198758944869041 0.198680222034454 0.198633879423141 0.198595285415649 0.198545262217522 0.198493242263794 0.198423624038696 0.19835576415062 0.198295339941978 0.198240697383881 0.198198229074478 0.198156490921974 0.198115617036819 0.198098406195641 0.198098421096802 0.198129326105118 0.198173001408577 0.198186829686165 0.198194786906242 0.198216482996941 0.19823594391346 0.19822870194912 0.198217839002609 0.198194265365601 0.19817079603672 0.198147550225258 0.198138684034348 0.198145493865013 0.198145523667336 0.198141187429428 0.198189228773117
0.198432967066765 0.198339283466339 0.198308542370796 0.198295697569847 0.19832880795002 0.198349967598915 0.197921216487885 0.197550401091576 0.197474285960197 0.197428897023201 0.197457671165466 0.197515934705734 0.197614669799805 0.198005080223083 0.198634132742882 0.198802262544632 0.198752075433731 0.198726534843445 0.198706895112991 0.198674723505974 0.198639795184135 0.198577433824539 0.198519244790077 0.198478519916534 0.19843465089798 0.198384180665016 0.198321625590324 0.198244333267212 0.198202326893806 0.198186054825783 0.198218867182732 0.198272034525871 0.198276683688164 0.198271796107292 0.19828961789608 0.19830510020256 0.198289558291435 0.198271423578262 0.198244199156761 0.198211744427681 0.198169618844986 0.198149621486664 0.198153719305992 0.19816780090332 0.198188364505768 0.19824692606926
0.198346808552742 0.198311656713486 0.198178544640541 0.198017567396164 0.197924509644508 0.197833985090256 0.197623834013939 0.197439044713974 0.197383314371109 0.197348684072495 0.197365060448647 0.197402164340019 0.19746769964695 0.197659745812416 0.197955280542374 0.198053076863289 0.19805720448494 0.198081657290459 0.198110982775688 0.198162823915482 0.198215216398239 0.198253214359283 0.198296785354614 0.198363661766052 0.198421224951744 0.19845911860466 0.198464274406433 0.198429435491562 0.198397636413574 0.198368027806282 0.198360428214073 0.198361948132515 0.198355719447136 0.198347955942154 0.19834777712822 0.198345944285393 0.19832518696785 0.198302179574966 0.19827127456665 0.198239535093307 0.198206260800362 0.198184341192245 0.19817478954792 0.198197826743126 0.198241978883743 0.198284149169922
