Ecospace-environmental-drivers/Outputs/ASCII-for-ecospace/MOM6-ISIMIP3a/o2-bot/1984-10_o2-bot_MOM6-ISIMIP3a.asc
NCOLS 131 
NROWS 53 
XLLCORNER -98 
YLLCORNER 23.9265270233154 
CELLSIZE 0.133587792515755 
NODATA_value -9999 
[rows 21 to 41 of 53, columns 0 to 45 of 131]
-9999 -9999 -9999 -9999 -9999 -9999 0.207629919052124 0.207624092698097 0.207573339343071 0.207531198859215 0.207607209682465 0.208268120884895 0.2082359790802 0.208140209317207 0.20723894238472 0.205408200621605 0.201441273093224 0.196007326245308 0.193427518010139 0.191949814558029 0.190522029995918 0.189103066921234 0.185248866677284 0.181672900915146 0.180859833955765 0.180580139160156 0.182029843330383 0.184783846139908 0.189813941717148 0.193046182394028 0.194428503513336 0.194870159029961 0.194738775491714 0.194747373461723 0.194802612066269 0.193914115428925 0.192894846200943 0.191827997565269 0.190796911716461 0.18999370932579 0.189083650708199 0.1878761947155 0.17828281223774 0.155729472637177 0.144194304943085 0.142771601676941
-9999 -9999 -9999 -9999 -9999 -9999 0.207626774907112 0.207629919052124 0.20761826634407 0.207514002919197 0.207531198859215 0.207022294402122 0.205874666571617 0.203463181853294 0.201520353555679 0.200118288397789 0.197778776288033 0.194795489311218 0.194028303027153 0.194116845726967 0.193918883800507 0.193670362234116 0.191308632493019 0.188975512981415 0.187266498804092 0.185494139790535 0.183516323566437 0.183015331625938 0.1850915402174 0.187148883938789 0.189186811447144 0.190564379096031 0.191539660096169 0.19201023876667 0.192312568426132 0.191480159759521 0.19049246609211 0.189719870686531 0.188843011856079 0.187302261590958 0.18567630648613 0.183813199400902 0.17746776342392 0.164195150136948 0.157090485095978 0.155646786093712
-9999 -9999 -9999 -9999 0.207671821117401 0.207627430558205 0.207631751894951 0.207618653774261 0.207629919052124 0.207606598734856 0.207288309931755 0.205840989947319 0.203316822648048 0.198661834001541 0.195809602737427 0.195037469267845 0.19453889131546 0.194228187203407 0.195352107286453 0.197030022740364 0.197551906108856 0.197869792580605 0.196251735091209 0.194487109780312 0.191854476928711 0.188574314117432 0.183194637298584 0.179501086473465 0.178749948740005 0.179837912321091 0.18281826376915 0.185266315937042 0.187390089035034 0.188368991017342 0.188966259360313 0.188211634755135 0.187271177768707 0.18647338449955 0.185446739196777 0.182962745428085 0.180404543876648 0.177639752626419 0.174789264798164 0.171806320548058 0.169648379087448 0.168247610330582
-9999 -9999 -9999 -9999 0.207784116268158 0.20764397084713 0.207623109221458 0.207631751894951 0.207594275474548 0.207117334008217 0.206152841448784 0.203322246670723 0.200270518660545 0.196781247854233 0.195722758769989 0.197468981146812 0.198586657643318 0.199272677302361 0.200384199619293 0.201660022139549 0.195406660437584 0.187824636697769 0.173337772488594 0.160134345293045 0.158886015415192 0.157310381531715 0.154673531651497 0.154727220535278 0.159476146101952 0.165844216942787 0.173878386616707 0.177356109023094 0.178058072924614 0.178408443927765 0.178641617298126 0.178338810801506 0.177919417619705 0.171593219041824 0.165301293134689 0.159227654337883 0.152917206287384 0.145947486162186 0.141075804829597 0.139446526765823 0.138131320476532 0.137104392051697
-9999 -9999 -9999 -9999 -9999 0.207784116268158 0.207536935806274 0.207614466547966 0.207344174385071 0.205998435616493 0.204169422388077 0.200490564107895 0.197131648659706 0.194405779242516 0.193349048495293 0.194218263030052 0.194541931152344 0.1944909542799 0.196324005723 0.198884546756744 0.188942804932594 0.176794797182083 0.154213532805443 0.13386082649231 0.133982956409454 0.134017050266266 0.133765667676926 0.136547043919563 0.144620805978775 0.153843775391579 0.164249241352081 0.167502418160439 0.166398480534554 0.166162297129631 0.166215345263481 0.166348800063133 0.166426971554756 0.157278925180435 0.148328185081482 0.140633881092072 0.132592394948006 0.123584419488907 0.117926597595215 0.117446258664131 0.11700164526701 0.116589829325676
-9999 -9999 -9999 -9999 -9999 0.207768395543098 0.207784116268158 0.207117393612862 0.206153705716133 0.202118784189224 0.198467865586281 0.19628681242466 0.193586900830269 0.189860373735428 0.180948182940483 0.166052520275116 0.155013903975487 0.146624103188515 0.152396768331528 0.163638085126877 0.163542985916138 0.161447361111641 0.151706099510193 0.143012508749962 0.144444480538368 0.145672604441643 0.146239802241325 0.147278293967247 0.149139255285263 0.150583118200302 0.151597827672958 0.149127140641212 0.144533172249794 0.143894374370575 0.144573971629143 0.145075455307961 0.145548194646835 0.145445823669434 0.145264849066734 0.14458329975605 0.143673285841942 0.142127260565758 0.141098618507385 0.140869587659836 0.141417637467384 0.142678901553154
-9999 -9999 0.207682833075523 0.207704737782478 0.207742244005203 0.207752659916878 0.207768425345421 0.206394925713539 0.20464663207531 0.199360623955727 0.194974020123482 0.194029927253723 0.190922364592552 0.183533862233162 0.167757958173752 0.142304301261902 0.125804260373116 0.115453042089939 0.125381976366043 0.143141821026802 0.149896636605263 0.154709413647652 0.153719648718834 0.152897536754608 0.154531225562096 0.156120672821999 0.157566696405411 0.157672882080078 0.155440956354141 0.151677399873734 0.146337866783142 0.140595719218254 0.134608298540115 0.133837521076202 0.134805604815483 0.135690927505493 0.13660041987896 0.142458036541939 0.1480633020401 0.152061522006989 0.155816316604614 0.15889348089695 0.161015525460243 0.161661490797997 0.163033977150917 0.165073275566101
-9999.000000000000000 -9999 -9999 -9999 0.207619294524193 0.20773184299469 0.207722246646881 0.205180615186691 0.202448815107346 0.199049443006516 0.196297034621239 0.196020886301994 0.190178290009499 0.173321232199669 0.152845531702042 0.128194496035576 0.119107767939568 0.120709776878357 0.135267674922943 0.15482833981514 0.161894664168358 0.166756108403206 0.165597304701805 0.164382576942444 0.163800269365311 0.163934215903282 0.166390493512154 0.167332902550697 0.165633454918861 0.16227351129055 0.157204940915108 0.153542131185532 0.150735676288605 0.150423362851143 0.150942400097847 0.152246043086052 0.153684362769127 0.158769473433495 0.163651362061501 0.167239114642143 0.170276820659637 0.171783372759819 0.173830196261406 0.176711991429329 0.178541868925095 0.179406315088272
-9999 -9999 -9999 -9999 0.207427397370338 0.207373395562172 0.207491263747215 0.204305127263069 0.201046362519264 0.198975220322609 0.19717875123024 0.196433663368225 0.187195345759392 0.161151319742203 0.139009088277817 0.121368899941444 0.119599185883999 0.128728449344635 0.144593834877014 0.163060277700424 0.170848801732063 0.176752984523773 0.175963580608368 0.174960404634476 0.173397243022919 0.172628730535507 0.174436748027802 0.175170257687569 0.174028664827347 0.171275943517685 0.166865408420563 0.164790883660316 0.164139449596405 0.164447635412216 0.165075704455376 0.166560292243958 0.168177425861359 0.171763569116592 0.175283566117287 0.178382307291031 0.180976748466492 0.182167321443558 0.184220567345619 0.187607035040855 0.189331546425819 0.189530700445175
-9999 -9999 -9999 -9999 0.207275182008743 0.207176968455315 0.207055702805519 0.203855872154236 0.200644597411156 0.199199095368385 0.197505265474319 0.194860950112343 0.181395724415779 0.146518990397453 0.126526311039925 0.123707465827465 0.129133567214012 0.1402218490839 0.153216004371643 0.166946083307266 0.175973504781723 0.184171035885811 0.184428408741951 0.184396892786026 0.18340677022934 0.182431563735008 0.181504741311073 0.180714547634125 0.180162742733955 0.178273439407349 0.175007879734039 0.173903867602348 0.174116656184196 0.175249263644218 0.176688462495804 0.178055375814438 0.179410979151726 0.180584207177162 0.181938990950584 0.184449926018715 0.186945557594299 0.189398586750031 0.191560983657837 0.193274185061455 0.194185301661491 0.194360241293907
-9999 -9999 -9999 -9999 0.207176968455315 0.207030177116394 0.206857845187187 0.204194039106369 0.201503977179527 0.200150221586227 0.198524981737137 0.195860624313354 0.182754918932915 0.148988738656044 0.129938036203384 0.127866685390472 0.136566817760468 0.152664199471474 0.16436867415905 0.174376890063286 0.182001367211342 0.189205184578896 0.189723387360573 0.189883813261986 0.18828296661377 0.1865274310112 0.184270411729813 0.182853475213051 0.182902574539185 0.182449355721474 0.181479275226593 0.181325748562813 0.181669652462006 0.182778000831604 0.184141159057617 0.185514271259308 0.18688140809536 0.187224537134171 0.187737822532654 0.189334779977798 0.191189154982567 0.193760097026825 0.19560182094574 0.196316584944725 0.196700498461723 0.196780771017075
-9999 -9999 -9999 -9999 0.207021668553352 0.206857845187187 0.205567061901093 0.205122768878937 0.203309237957001 0.201646789908409 0.200064599514008 0.19878962635994 0.189483299851418 0.164285227656364 0.145270824432373 0.133391425013542 0.142424181103706 0.165818244218826 0.177419230341911 0.18446646630764 0.188706621527672 0.192451402544975 0.1926409304142 0.192408546805382 0.189309105277061 0.186343014240265 0.183809265494347 0.182438358664513 0.183096691966057 0.184509083628654 0.186697378754616 0.187479287385941 0.187404453754425 0.187852039933205 0.188473761081696 0.189945995807648 0.191529452800751 0.192229583859444 0.19289419054985 0.193332567811012 0.194138839840889 0.195969238877296 0.197167947888374 0.197390377521515 0.197461754083633 0.197394505143166
-9999 -9999 -9999 -9999 0.206857845187187 0.206484094262123 0.206206440925598 0.206093594431877 0.205581158399582 0.20286913216114 0.200693741440773 0.200572356581688 0.194102391600609 0.175070330500603 0.156895473599434 0.139709681272507 0.145939573645592 0.168250069022179 0.180119141936302 0.187956377863884 0.191242292523384 0.193725049495697 0.194311618804932 0.194580510258675 0.19254806637764 0.19058595597744 0.188851878046989 0.187763348221779 0.187801361083984 0.188811287283897 0.190821275115013 0.191507041454315 0.191386103630066 0.191618680953979 0.191969096660614 0.19332580268383 0.194814473390579 0.195315346121788 0.195765540003777 0.195892930030823 0.196256548166275 0.197277754545212 0.197918355464935 0.197970733046532 0.19793102145195 0.197806790471077
-9999 -9999 -9999 -9999 -9999 0.207171738147736 0.207305029034615 0.207402944564819 0.208053052425385 0.203973948955536 0.200932681560516 0.201863840222359 0.197817474603653 0.183921977877617 0.16693089902401 0.146368011832237 0.148451238870621 0.166086569428444 0.178382977843285 0.188617810606956 0.191991001367569 0.194153308868408 0.195447936654091 0.196601271629333 0.196735382080078 0.196726366877556 0.196253284811974 0.195548430085182 0.19443915784359 0.194074556231499 0.194476217031479 0.194623723626137 0.194616392254829 0.194825008511543 0.195105627179146 0.196254760026932 0.197515323758125 0.197578549385071 0.197657585144043 0.197837248444557 0.198017686605453 0.198200285434723 0.198319166898727 0.198339611291885 0.198275148868561 0.19813272356987
-9999 -9999 -9999 -9999 -9999 0.207843825221062 0.208003759384155 0.208418548107147 0.208114117383957 0.20393680036068 0.200880900025368 0.20211735367775 0.19859990477562 0.185675829648972 0.168973445892334 0.14791151881218 0.149149686098099 0.165702328085899 0.177170887589455 0.186676293611526 0.191052779555321 0.194524168968201 0.196110770106316 0.197534963488579 0.197949662804604 0.198164165019989 0.197729527950287 0.197285294532776 0.196824297308922 0.196630090475082 0.196710407733917 0.196740657091141 0.196740418672562 0.196848303079605 0.196992233395576 0.197632566094398 0.198336452245712 0.198333859443665 0.198343381285667 0.198429942131042 0.198499739170074 0.198522865772247 0.198539927601814 0.198547601699829 0.198515802621841 0.198447808623314
-9999 -9999 -9999 -9999 -9999 0.208121329545975 0.208222687244415 0.208189785480499 0.207676351070404 0.203663364052773 0.200768977403641 0.202156111598015 0.198775574564934 0.185961127281189 0.169362261891365 0.148396775126457 0.14947298169136 0.165686219930649 0.176067233085632 0.184196218848228 0.18976554274559 0.194883167743683 0.196675628423691 0.198243722319603 0.198548808693886 0.198628976941109 0.197979867458344 0.197770774364471 0.19832955300808 0.198625385761261 0.198650643229485 0.198650762438774 0.198635578155518 0.198626831173897 0.198620229959488 0.198689445853233 0.198768645524979 0.198777183890343 0.198779597878456 0.198742985725403 0.198717162013054 0.198721334338188 0.198723420500755 0.198722288012505 0.198735073208809 0.198760628700256
-9999 -9999 -9999 -9999 -9999 -9999 0.208137527108192 0.208059743046761 0.207746908068657 0.203752964735031 0.200835362076759 0.202037557959557 0.198749706149101 0.186577320098877 0.168904796242714 0.144885957241058 0.144814506173134 0.161188811063766 0.171850726008415 0.180306896567345 0.188451945781708 0.196542099118233 0.197792664170265 0.198798984289169 0.199017882347107 0.199025541543961 0.198348209261894 0.198014721274376 0.198281273245811 0.198415130376816 0.198412477970123 0.198417291045189 0.19842666387558 0.198408395051956 0.198380902409554 0.198375016450882 0.198373809456825 0.198607012629509 0.198827713727951 0.198968917131424 0.199077904224396 0.199097216129303 0.19910928606987 0.19911016523838 0.199137836694717 0.199190124869347
-9999 -9999 -9999 -9999 -9999 -9999 0.208134636282921 0.208163067698479 0.207836627960205 0.2038713991642 0.200937166810036 0.201949089765549 0.198573663830757 0.186516910791397 0.167772874236107 0.141312748193741 0.140348136425018 0.156892463564873 0.167871445417404 0.176701426506042 0.18727234005928 0.198150470852852 0.19886739552021 0.199319437146187 0.199418261647224 0.199336126446724 0.198667272925377 0.198223009705544 0.198170676827431 0.198132261633873 0.198108151555061 0.198110967874527 0.198130190372467 0.198107242584229 0.198070243000984 0.198019757866859 0.197970926761627 0.198413282632828 0.198836371302605 0.199136763811111 0.199366360902786 0.199398919939995 0.199420168995857 0.199423983693123 0.199463874101639 0.199536889791489
-9999 -9999 -9999 -9999 -9999 -9999 0.207168310880661 0.208181113004684 0.207888007164001 0.204124093055725 0.201331481337547 0.202256619930267 0.196891844272614 0.179081082344055 0.159850880503654 0.138982847332954 0.140310734510422 0.156881555914879 0.16790945827961 0.17679700255394 0.187534585595131 0.198598623275757 0.199227169156075 0.199542120099068 0.199147924780846 0.198762267827988 0.198404237627983 0.198166221380234 0.198137640953064 0.198128238320351 0.198138564825058 0.198051258921623 0.197904467582703 0.197877630591393 0.197890758514404 0.197883948683739 0.197877198457718 0.19826152920723 0.198609590530396 0.198726683855057 0.198815286159515 0.198824554681778 0.198834657669067 0.198846057057381 0.198883727192879 0.198945537209511
-9999 -9999 -9999 -9999 -9999 0.203601017594337 0.204614967107773 0.20516075193882 0.206453889608383 0.203657805919647 0.201491117477417 0.201733484864235 0.193875342607498 0.169988557696342 0.151184365153313 0.138244688510895 0.142626732587814 0.158904388546944 0.169879078865051 0.178806081414223 0.188809603452682 0.199003100395203 0.199366420507431 0.199424922466278 0.198736876249313 0.198185533285141 0.198077440261841 0.198008880019188 0.198009327054024 0.198026955127716 0.198062270879745 0.197926163673401 0.197685599327087 0.197661235928535 0.197708934545517 0.197734713554382 0.197759464383125 0.198060020804405 0.198317587375641 0.198301255702972 0.198287785053253 0.198282286524773 0.198287114500999 0.198307931423187 0.198358073830605 0.198435127735138
-9999 -9999 -9999 -9999 0.204973354935646 0.203992009162903 0.203601017594337 0.20151698589325 0.199572831392288 0.200555250048637 0.200790241360664 0.198164463043213 0.185964867472649 0.15482135117054 0.139787912368774 0.143342956900597 0.153571993112564 0.168384358286858 0.178931400179863 0.187831431627274 0.193798214197159 0.199247375130653 0.198697075247765 0.198061481118202 0.197809800505638 0.197598233819008 0.197516784071922 0.197482779622078 0.197531625628471 0.19756905734539 0.197594746947289 0.197561293840408 0.197491824626923 0.197493344545364 0.197518527507782 0.197536215186119 0.197553634643555 0.197676092386246 0.197786420583725 0.197819545865059 0.197846800088882 0.197857663035393 0.197878792881966 0.197915762662888 0.198032200336456 0.198221579194069
