Ecospace-environmental-drivers/Outputs/ASCII-for-ecospace/MOM6-ISIMIP3a/o2-bot/1985-07_o2-bot_MOM6-ISIMIP3a.asc
NCOLS 131 
NROWS 53 
XLLCORNER -98 
YLLCORNER 23.9265270233154 
CELLSIZE 0.133587792515755 
NODATA_value -9999 
[rows 21 to 41 of 53, columns 46 to 91 of 131]
0.187506511807442 0.188868388533592 0.189592823386192 0.190135970711708 0.190205782651901 0.190223708748817 0.190148636698723 0.190162673592567 0.190629988908768 0.191276699304581 0.192356586456299 0.193302199244499 0.194063499569893 0.192669898271561 0.189513236284256 0.157689243555069 0.112286165356636 0.119852714240551 0.140075489878654 0.14663377404213 0.152228474617004 0.157461538910866 0.164252519607544 0.177563518285751 0.187828868627548 0.19166462123394 0.19447073340416 0.19601845741272 0.197119817137718 0.197896063327789 0.197890639305115 0.197561502456665 0.19728097319603 0.197010010480881 0.196364670991898 0.195428431034088 0.191786035895348 0.184139743447304 0.16241554915905 0.145463421940804 0.137373581528664 0.130923315882683 0.126259416341782 0.12152099609375 0.116734333336353 0.113944217562675
0.187108740210533 0.187696024775505 0.186438620090485 0.184656605124474 0.184275969862938 0.184048056602478 0.184070602059364 0.182735443115234 0.17449377477169 0.169008210301399 0.170177593827248 0.167077898979187 0.158117309212685 0.15210896730423 0.148516058921814 0.134210288524628 0.114830054342747 0.124190986156464 0.140419155359268 0.153138607740402 0.165016531944275 0.168154612183571 0.172676205635071 0.182987943291664 0.190942674875259 0.193921625614166 0.195995733141899 0.196963950991631 0.197406768798828 0.197466865181923 0.197504505515099 0.197532832622528 0.197518855333328 0.197496548295021 0.197361528873444 0.197092786431313 0.195558369159698 0.191902473568916 0.180787369608879 0.171813204884529 0.166814997792244 0.158994868397713 0.148100137710571 0.1392802298069 0.131802827119827 0.125431582331657
0.18413433432579 0.184126228094101 0.180792778730392 0.176513597369194 0.176129296422005 0.176154568791389 0.176474392414093 0.17402221262455 0.157469257712364 0.146221056580544 0.147781789302826 0.140868499875069 0.122321516275406 0.111830279231071 0.107930019497871 0.111451767385006 0.118489153683186 0.129034832119942 0.140418753027916 0.158828049898148 0.176580041646957 0.177740141749382 0.180135443806648 0.187700256705284 0.193612858653069 0.196037545800209 0.197551771998405 0.197953209280968 0.197730600833893 0.1970534324646 0.197128906846046 0.197516068816185 0.197714120149612 0.1978749781847 0.197529017925262 0.197222352027893 0.197482973337173 0.197738960385323 0.197978615760803 0.197559371590614 0.195916444063187 0.187128975987434 0.170557290315628 0.158149436116219 0.148435786366463 0.138272419571877
0.147904366254807 0.148218661546707 0.143888637423515 0.13823775947094 0.137753620743752 0.137859925627708 0.139628693461418 0.13995036482811 0.132910922169685 0.129817351698875 0.1362514346838 0.136414155364037 0.127967119216919 0.123195104300976 0.12142987549305 0.126909017562866 0.135819658637047 0.14588326215744 0.156222343444824 0.16894656419754 0.181143820285797 0.18328645825386 0.185874983668327 0.190329596400261 0.194190040230751 0.196796149015427 0.198360741138458 0.198652386665344 0.198175057768822 0.197137624025345 0.1971794962883 0.197668343782425 0.197546824812889 0.19730532169342 0.197361007332802 0.197442471981049 0.197668448090553 0.197869077324867 0.197980612516403 0.197812214493752 0.197123914957047 0.193202063441277 0.185757145285606 0.180426314473152 0.176463410258293 0.163696259260178
0.122879773378372 0.123937822878361 0.119659543037415 0.113863609731197 0.113600879907608 0.113988623023033 0.116647064685822 0.118946716189384 0.119421243667603 0.122468940913677 0.1317298412323 0.137004300951958 0.136805936694145 0.136919781565666 0.137289062142372 0.144190952181816 0.154187202453613 0.162979409098625 0.171483919024467 0.178892433643341 0.185935482382774 0.188755050301552 0.19135819375515 0.19305557012558 0.195020064711571 0.197548493742943 0.199031561613083 0.199236989021301 0.198565080761909 0.19725413620472 0.197252690792084 0.197793558239937 0.197412148118019 0.196849450469017 0.197229757905006 0.197624787688255 0.197822466492653 0.1979800760746 0.197996780276299 0.198037132620811 0.198121353983879 0.198157042264938 0.198139816522598 0.198532789945602 0.19919116795063 0.18576842546463
0.146987617015839 0.15063688158989 0.151006951928139 0.150444403290749 0.151811599731445 0.153359577059746 0.154455542564392 0.155243456363678 0.154464438557625 0.154825553297997 0.157939687371254 0.159713163971901 0.159646078944206 0.160991713404655 0.163493201136589 0.169473573565483 0.177101820707321 0.181161656975746 0.184368893504143 0.188081368803978 0.191726297140121 0.193882837891579 0.19571752846241 0.196205243468285 0.196958765387535 0.198273450136185 0.199096664786339 0.199319213628769 0.198716342449188 0.197512283921242 0.197424992918968 0.197800189256668 0.197420507669449 0.1968924254179 0.197259709239006 0.197641283273697 0.19783852994442 0.198007151484489 0.19807505607605 0.19813959300518 0.198197901248932 0.198209419846535 0.198169961571693 0.198353171348572 0.198680475354195 0.193144544959068
0.167341351509094 0.172143951058388 0.175510689616203 0.178469061851501 0.180586218833923 0.182541102170944 0.182439595460892 0.182167768478394 0.181029617786407 0.179989218711853 0.179184913635254 0.178703442215919 0.178665176033974 0.18054872751236 0.18400464951992 0.188492774963379 0.193469822406769 0.194235324859619 0.193994551897049 0.195011451840401 0.196139961481094 0.197635248303413 0.198791727423668 0.198530226945877 0.198435842990875 0.198694288730621 0.198920264840126 0.199106588959694 0.198610961437225 0.197618633508682 0.197185888886452 0.196984902024269 0.196939036250114 0.196923658251762 0.197298422455788 0.197669699788094 0.197865709662437 0.198040142655373 0.198138758540154 0.198214799165726 0.198248863220215 0.198231533169746 0.198158159852028 0.198190242052078 0.198290571570396 0.198186039924622
0.179504111409187 0.182322859764099 0.185082539916039 0.187825426459312 0.188772618770599 0.189490780234337 0.188988193869591 0.188642784953117 0.189097002148628 0.189458936452866 0.18959803879261 0.189580321311951 0.189347326755524 0.190254837274551 0.192095503211021 0.193846106529236 0.195554032921791 0.196162790060043 0.196508914232254 0.197013109922409 0.197548925876617 0.198386833071709 0.199061959981918 0.19905586540699 0.198905736207962 0.198451593518257 0.19821697473526 0.198250666260719 0.197945594787598 0.197393774986267 0.196049213409424 0.194376334547997 0.195388853549957 0.19692924618721 0.197356268763542 0.197724163532257 0.197917103767395 0.198086053133011 0.198170706629753 0.19823046028614 0.198244020342827 0.198187574744225 0.198054865002632 0.198063746094704 0.198164224624634 0.198133736848831
0.188532441854477 0.19002066552639 0.191997453570366 0.194113209843636 0.194278866052628 0.194224536418915 0.193620622158051 0.193284392356873 0.194309860467911 0.195228591561317 0.195889636874199 0.196180358529091 0.19596266746521 0.196197807788849 0.196803405880928 0.196986630558968 0.196969777345657 0.197408258914948 0.197955533862114 0.198052123188972 0.198129341006279 0.198375597596169 0.198623850941658 0.198880478739738 0.198823526501656 0.198104619979858 0.197661057114601 0.197554036974907 0.197414547204971 0.19725139439106 0.195660188794136 0.19347757101059 0.194890365004539 0.197009935975075 0.197450309991837 0.197809740900993 0.197985917329788 0.198135271668434 0.19819039106369 0.198221176862717 0.198206767439842 0.198128700256348 0.197981253266335 0.197981864213943 0.198078244924545 0.198096677660942
0.193617403507233 0.194597065448761 0.195569753646851 0.196540474891663 0.196413263678551 0.196170493960381 0.195842370390892 0.195619404315948 0.195931449532509 0.196343258023262 0.196996003389359 0.197399750351906 0.197461664676666 0.197406411170959 0.197255313396454 0.197343304753304 0.197544530034065 0.197795733809471 0.198058873414993 0.197880044579506 0.19766740500927 0.197404712438583 0.197294607758522 0.197823151946068 0.198046714067459 0.197626441717148 0.197290554642677 0.197057813405991 0.197052463889122 0.197212740778923 0.196211770176888 0.194729879498482 0.195715025067329 0.19718511402607 0.197589889168739 0.197934478521347 0.198076620697975 0.198188632726669 0.19819463789463 0.198180466890335 0.198128789663315 0.198051065206528 0.197944983839989 0.197956100106239 0.198043048381805 0.198078840970993
0.196312442421913 0.196993336081505 0.197397217154503 0.197722300887108 0.197548910975456 0.197329521179199 0.197245657444 0.197177186608315 0.197187066078186 0.197353020310402 0.19789582490921 0.198227912187576 0.198270738124847 0.19810263812542 0.197761982679367 0.197776824235916 0.197960048913956 0.19806444644928 0.198149994015694 0.197867915034294 0.19755132496357 0.19709986448288 0.196846321225166 0.197420999407768 0.197708547115326 0.197389960289001 0.197076454758644 0.196769148111343 0.196807831525803 0.197098523378372 0.196339815855026 0.195146515965462 0.196026176214218 0.19731330871582 0.197682932019234 0.197999075055122 0.198124781250954 0.198216959834099 0.198191285133362 0.198150485754013 0.198081567883492 0.198013886809349 0.197947531938553 0.197947472333908 0.197990298271179 0.198026672005653
0.197215005755424 0.197754502296448 0.197916015982628 0.197970032691956 0.197935506701469 0.197898343205452 0.198035091161728 0.198152020573616 0.198168203234673 0.198284089565277 0.198640719056129 0.198762655258179 0.198562368750572 0.19841456413269 0.198309704661369 0.198267981410027 0.1982561647892 0.198244094848633 0.198231965303421 0.197975754737854 0.19769461452961 0.197294563055038 0.197058752179146 0.197510242462158 0.197699397802353 0.197334751486778 0.196979641914368 0.196636170148849 0.196651294827461 0.19692762196064 0.196150198578835 0.194936379790306 0.195952177047729 0.197406262159348 0.197741091251373 0.198018595576286 0.198141008615494 0.198226511478424 0.198182225227356 0.198128551244736 0.198057428002357 0.198007017374039 0.19797919690609 0.197951689362526 0.197924375534058 0.197948753833771
0.19769062101841 0.198079764842987 0.198199853301048 0.19824343919754 0.198295086622238 0.198352456092834 0.198541730642319 0.1986945271492 0.198661834001541 0.19870837032795 0.198946163058281 0.198950782418251 0.198635309934616 0.198476865887642 0.198446899652481 0.198366031050682 0.19826103746891 0.198154002428055 0.198046460747719 0.19774979352951 0.197451695799828 0.19732166826725 0.197271227836609 0.197553843259811 0.1976637840271 0.197409212589264 0.197146221995354 0.196872964501381 0.196854412555695 0.197021380066872 0.196541652083397 0.195794090628624 0.19652234017849 0.197540670633316 0.197785064578056 0.1979910582304 0.198101818561554 0.198185116052628 0.198171839118004 0.198145046830177 0.198093146085739 0.198056131601334 0.198035344481468 0.197983965277672 0.197912812232971 0.197915092110634
0.197983235120773 0.198218211531639 0.198383003473282 0.198527827858925 0.19864310324192 0.198757410049438 0.198927164077759 0.199051737785339 0.198946535587311 0.198915436863899 0.199063256382942 0.198990374803543 0.198614507913589 0.19843216240406 0.198408156633377 0.19829560816288 0.198141112923622 0.197948291897774 0.197746321558952 0.197380781173706 0.197043240070343 0.197276949882507 0.197483733296394 0.197577893733978 0.197616845369339 0.19753922522068 0.197425678372383 0.197268232703209 0.197211652994156 0.197228536009789 0.19718211889267 0.19710947573185 0.197368562221527 0.197692856192589 0.197822973132133 0.197943344712257 0.198038876056671 0.198121890425682 0.198160871863365 0.198177993297577 0.198154494166374 0.198129221796989 0.198101982474327 0.198028281331062 0.19792452454567 0.197900384664536
0.198315024375916 0.19844163954258 0.198621273040771 0.19881597161293 0.198956072330475 0.199090749025345 0.19922998547554 0.199297398328781 0.198999613523483 0.198803886771202 0.198854580521584 0.19877216219902 0.198506981134415 0.198374956846237 0.198351860046387 0.198261871933937 0.198140203952789 0.197964623570442 0.197776168584824 0.197511211037636 0.197263702750206 0.197346732020378 0.19739431142807 0.197293534874916 0.197215154767036 0.197184041142464 0.197176352143288 0.197197303175926 0.197253048419952 0.197334140539169 0.19742688536644 0.197524473071098 0.197667583823204 0.197819650173187 0.197901993989944 0.19797945022583 0.19803424179554 0.198085263371468 0.198122978210449 0.198150545358658 0.19815930724144 0.198151767253876 0.198126465082169 0.198057904839516 0.19796134531498 0.197924688458443
0.198654904961586 0.19868266582489 0.198870956897736 0.199104890227318 0.199261784553528 0.199409291148186 0.199515700340271 0.199519991874695 0.199004769325256 0.198626399040222 0.198578521609306 0.198500633239746 0.198381528258324 0.198315158486366 0.198291927576065 0.198235735297203 0.198163911700249 0.19802688062191 0.197874277830124 0.197744980454445 0.197614297270775 0.197440207004547 0.19724240899086 0.196945369243622 0.196740061044693 0.196728467941284 0.196817621588707 0.197029918432236 0.197229102253914 0.197418734431267 0.197589784860611 0.19775316119194 0.197853371500969 0.197941184043884 0.197989523410797 0.198032885789871 0.198041677474976 0.198054149746895 0.198079511523247 0.198110610246658 0.198152393102646 0.198163852095604 0.198142245411873 0.198084503412247 0.198003381490707 0.197957053780556
0.198982089757919 0.199002772569656 0.199201643466949 0.199451193213463 0.199613094329834 0.199748575687408 0.199412673711777 0.199051141738892 0.198559239506721 0.198214516043663 0.198225095868111 0.198256865143776 0.198317721486092 0.198324799537659 0.198287844657898 0.198245108127594 0.198199614882469 0.19808392226696 0.197951465845108 0.197858557105064 0.197768047451973 0.197672635316849 0.197566911578178 0.197418004274368 0.197315588593483 0.197311341762543 0.197359666228294 0.197472244501114 0.197582691907883 0.197691574692726 0.197784647345543 0.197871163487434 0.197952628135681 0.198033094406128 0.198088452219963 0.19813771545887 0.198136433959007 0.198135629296303 0.198136493563652 0.198143154382706 0.198160603642464 0.198163792490959 0.198151454329491 0.198103502392769 0.198032483458519 0.197985604405403
0.199241429567337 0.19925457239151 0.199454084038734 0.199706599116325 0.199867814779282 0.199987754225731 0.199245393276215 0.198553204536438 0.198116257786751 0.197827398777008 0.197896093130112 0.198026046156883 0.198240101337433 0.198321759700775 0.198295086622238 0.198272690176964 0.198252290487289 0.198159664869308 0.198049768805504 0.197986945509911 0.19793039560318 0.19791804254055 0.197908073663712 0.197908088564873 0.197908744215965 0.197910740971565 0.197915598750114 0.197923958301544 0.197941794991493 0.197966545820236 0.197979882359505 0.197988525032997 0.198050379753113 0.198122695088387 0.19818340241909 0.198237270116806 0.198228538036346 0.198216900229454 0.198194965720177 0.198178067803383 0.198170483112335 0.198164433240891 0.198160082101822 0.198121294379234 0.198060229420662 0.198013633489609
0.198783323168755 0.198739990592003 0.198833137750626 0.198965087532997 0.199070557951927 0.199149250984192 0.19857856631279 0.198075369000435 0.197915554046631 0.197816610336304 0.19786462187767 0.197920009493828 0.197985514998436 0.198150336742401 0.198396384716034 0.198477447032928 0.198480322957039 0.198437377810478 0.198383465409279 0.198330715298653 0.198278650641441 0.198235526680946 0.198199346661568 0.198192253708839 0.198188126087189 0.198190271854401 0.198189333081245 0.198184639215469 0.198179543018341 0.198174193501472 0.198164075613022 0.198151975870132 0.19817353785038 0.198201686143875 0.198230430483818 0.198256030678749 0.198250815272331 0.198242157697678 0.198221430182457 0.198203578591347 0.198191031813622 0.198178350925446 0.198165506124496 0.198129996657372 0.198079839348793 0.198037877678871
0.198391377925873 0.198316365480423 0.198305815458298 0.198313593864441 0.198363229632378 0.198400989174843 0.198002815246582 0.197680830955505 0.197746440768242 0.197799161076546 0.197820737957954 0.197812080383301 0.197761937975883 0.197964176535606 0.19837287068367 0.198518946766853 0.19854062795639 0.19853687286377 0.198527038097382 0.198487833142281 0.198446542024612 0.198404401540756 0.198373183608055 0.19838772714138 0.198400467634201 0.19840943813324 0.198407202959061 0.198391273617744 0.19836437702179 0.198329493403435 0.198298394680023 0.198268890380859 0.1982581615448 0.198251113295555 0.198253735899925 0.198256149888039 0.198253273963928 0.198246866464615 0.198228061199188 0.198212459683418 0.19820274412632 0.198189496994019 0.198172360658646 0.198140427470207 0.198098927736282 0.198053494095802
0.198242112994194 0.1982262134552 0.198121771216393 0.197992146015167 0.19798569381237 0.197983682155609 0.197761058807373 0.197591692209244 0.197693198919296 0.197757348418236 0.197731271386147 0.197697162628174 0.19765205681324 0.197723984718323 0.197891652584076 0.197961866855621 0.197985932230949 0.197982937097549 0.197973474860191 0.197960585355759 0.197953134775162 0.198028370738029 0.198116406798363 0.198258027434349 0.198367059230804 0.198407277464867 0.198420226573944 0.198399811983109 0.198355138301849 0.198292821645737 0.19824992120266 0.198215052485466 0.19820149242878 0.198192119598389 0.198190063238144 0.198187991976738 0.198183119297028 0.198176190257072 0.198161989450455 0.198160350322723 0.198182046413422 0.198190495371819 0.198184475302696 0.198157146573067 0.198116034269333 0.198037430644035
