Ecospace-environmental-drivers/Outputs/ASCII-for-ecospace/MOM6-ISIMIP3a/o2-bot/1985-04_o2-bot_MOM6-ISIMIP3a.asc
NCOLS 131 
NROWS 53 
XLLCORNER -98 
YLLCORNER 23.9265270233154 
CELLSIZE 0.133587792515755 
NODATA_value -9999 
[rows 0 to 20 of 53, columns 46 to 91 of 131]
-9999 -9999 -9999 -9999 -9999 -9999 -9999 -9999 -9999 -9999 -9999 -9999 -9999 -9999 -9999 -9999 -9999 -9999 -9999 -9999 -9999 -9999 -9999 -9999 -9999 -9999 -9999 -9999 -9999 -9999 -9999 -9999 -9999 -9999 -9999 -9999 -9999 -9999 -9999 -9999 -9999 -9999 -9999 -9999 -9999 -9999
-9999 -9999 -9999 -9999 -9999 -9999 -9999 -9999 -9999 -9999 -9999 -9999 -9999 -9999 -9999 -9999 -9999 -9999 -9999 -9999 -9999 -9999 -9999 -9999 -9999 -9999 -9999 -9999 -9999 -9999 -9999 -9999 -9999 -9999 -9999 -9999 -9999 -9999 -9999 -9999 -9999 -9999 -9999 -9999 -9999 -9999
-9999 -9999 -9999 -9999 -9999 -9999 -9999 -9999 -9999 -9999 -9999 -9999 -9999 -9999 -9999 -9999 -9999 -9999 -9999 -9999 -9999 -9999 -9999 -9999 -9999 -9999 -9999 -9999 0.23406708240509 0.235374554991722 -9999 -9999 -9999 -9999 -9999 -9999 -9999 -9999 -9999 -9999 -9999 -9999 -9999 -9999 -9999 -9999
-9999 -9999 -9999 -9999 -9999 -9999 -9999 -9999 -9999 -9999 -9999 -9999 -9999 -9999 -9999 -9999 -9999 -9999 -9999 -9999 -9999 -9999 -9999 -9999 -9999 -9999 -9999 -9999 0.23441070318222 0.235554575920105 -9999 -9999 -9999 -9999 -9999 -9999 -9999 -9999 -9999 -9999 -9999 -9999 -9999 -9999 -9999 -9999
-9999 -9999 -9999 -9999 -9999 -9999 -9999 -9999 -9999 -9999 -9999 -9999 -9999 -9999 -9999 -9999 -9999 -9999 -9999 0.231642946600914 0.230789080262184 0.230105981230736 0.226121306419373 0.223631054162979 0.221805453300476 0.224294885993004 0.229196354746819 0.23273141682148 0.234780207276344 0.235720485448837 0.236163035035133 -9999 -9999 0.237781926989555 0.238661006093025 0.238436788320541 0.236642569303513 0.232640385627747 0.228334173560143 0.225175961852074 0.224958851933479 0.228147312998772 0.232084974646568 -9999 -9999 -9999
-9999 -9999 -9999 -9999 -9999 -9999 -9999 -9999 -9999 -9999 -9999 -9999 -9999 -9999 -9999 0.193211674690247 -9999 0.197183340787888 0.200543388724327 0.21627351641655 0.231642946600914 0.230618298053741 0.230105981230736 0.222136616706848 0.218650579452515 0.224629178643227 0.229604914784431 0.233354955911636 0.235234379768372 0.235751271247864 0.236175790429115 0.236562043428421 0.237037315964699 0.237530082464218 0.238778382539749 0.239674553275108 0.236857414245605 0.233395755290985 0.227667987346649 0.223938778042793 0.223921105265617 0.227016657590866 0.233504176139832 0.235734075307846 0.235209092497826 -9999
-9999 -9999 -9999 -9999 -9999 -9999 -9999 -9999 -9999 -9999 -9999 0.164521053433418 0.16461293399334 0.164452746510506 0.163445264101028 0.177413761615753 0.192832604050636 0.193590760231018 0.197415873408318 0.200543388724327 0.216634228825569 0.231642946600914 0.230105981230736 0.222136616706848 0.218650579452515 0.224629178643227 0.229604914784431 0.233354955911636 0.235234379768372 0.235751271247864 0.236175790429115 0.236562043428421 0.237037315964699 0.237530082464218 0.238778382539749 0.239674553275108 0.236857414245605 0.233395755290985 0.227667987346649 0.223938778042793 0.223921105265617 0.227016657590866 0.233504176139832 0.235734075307846 0.235209092497826 0.23507034778595
-9999 -9999 -9999 -9999 -9999 -9999 -9999 -9999 -9999 -9999 -9999 0.16402842104435 0.164521053433418 0.164704814553261 -9999 0.161498576402664 0.175014525651932 0.192074447870255 0.193590760231018 0.198113456368446 0.200543388724327 0.217716366052628 0.230736896395683 0.226379036903381 0.219653531908989 0.207929730415344 0.20382122695446 0.209020212292671 0.213363528251648 0.217083588242531 0.221257895231247 0.225620314478874 0.225974500179291 0.22554075717926 0.22868949174881 0.231215879321098 0.226366579532623 0.221852079033852 0.218514695763588 0.216753736138344 0.217920318245888 0.221783757209778 0.228585511445999 0.23139975965023 0.231633916497231 0.232995957136154
-9999 -9999 -9999 -9999 -9999 -9999 -9999 -9999 -9999 -9999 -9999 -9999 -9999 -9999 -9999 0.162987485527992 0.156619668006897 0.169800251722336 0.19055812060833 0.193590760231018 0.200206235051155 0.217525094747543 0.23143258690834 0.231063082814217 0.22098197042942 0.190398916602135 0.176347836852074 0.182502239942551 0.189304679632187 0.196579128503799 0.204925015568733 0.213714614510536 0.214055627584457 0.21273584663868 0.21773736178875 0.221839666366577 0.214870944619179 0.209282591938972 0.208547621965408 0.20893132686615 0.211392492055893 0.216069281101227 0.223160073161125 0.226614713668823 0.227716565132141 0.230748116970062
0.233657673001289 0.233900338411331 -9999 -9999 -9999 -9999 -9999 -9999 -9999 -9999 -9999 0.202852785587311 0.163523480296135 -9999 -9999 -9999 0.159185320138931 0.145417600870132 0.160249471664429 0.187525480985641 0.188489183783531 0.212239533662796 0.231946915388107 0.234734058380127 0.229588747024536 0.20769739151001 0.188840717077255 0.173693031072617 0.173482343554497 0.184151530265808 0.196843311190605 0.210372731089592 0.214827761054039 0.217498973011971 0.215551540255547 0.213223367929459 0.208846732974052 0.205449089407921 0.20549364387989 0.206584051251411 0.209616735577583 0.213751450181007 0.219086900353432 0.222878992557526 0.225672468543053 0.229439333081245
0.233578830957413 0.23422184586525 0.234269306063652 -9999 -9999 -9999 -9999 -9999 -9999 -9999 -9999 0.221918255090714 0.19723504781723 0.163523480296135 -9999 -9999 0.16599115729332 0.147043734788895 0.123217895627022 0.149869486689568 0.179904490709305 0.208711877465248 0.232980966567993 0.238256856799126 0.236701309680939 0.220724046230316 0.198120251297951 0.167417466640472 0.161999702453613 0.174999162554741 0.190459281206131 0.206938460469246 0.21431228518486 0.219896242022514 0.212591856718063 0.204957723617554 0.198764890432358 0.194933921098709 0.199407339096069 0.203699082136154 0.207653418183327 0.211692929267883 0.215825229883194 0.220033422112465 0.224290758371353 0.228410199284554
0.233578830957413 0.23422184586525 0.234364226460457 0.234709396958351 0.23572051525116 -9999 -9999 -9999 -9999 -9999 -9999 -9999 0.213650017976761 0.188710629940033 0.163523480296135 0.164521053433418 0.16599115729332 0.147043734788895 0.123217895627022 0.154052257537842 0.188121154904366 0.214613258838654 0.236802667379379 0.240984871983528 0.235799238085747 0.210837364196777 0.190163940191269 0.17473192512989 0.17379441857338 0.183414503931999 0.193181216716766 0.203008651733398 0.206890389323235 0.209603369235992 0.205481335520744 0.198573023080826 0.166918754577637 0.148579463362694 0.177056267857552 0.197930052876472 0.204684197902679 0.211025267839432 0.216916233301163 0.221962437033653 0.226462006568909 0.228881061077118
0.233118996024132 0.233610838651657 0.2341228723526 0.234640628099442 0.235709846019745 -9999 -9999 -9999 -9999 0.235792577266693 0.228732019662857 0.222621366381645 0.217814832925797 0.200513869524002 0.172990307211876 0.164854422211647 0.165902033448219 0.150903135538101 0.132070183753967 0.162964627146721 0.19657139480114 0.219933435320854 0.238434538245201 0.236592084169388 0.226252019405365 0.197972819209099 0.178962230682373 0.171279758214951 0.171964794397354 0.178744569420815 0.185320302844048 0.191811516880989 0.193586453795433 0.194434270262718 0.191124901175499 0.183913037180901 0.14008255302906 0.114469200372696 0.152908205986023 0.180359914898872 0.187407046556473 0.19441519677639 0.201380863785744 0.211463585495949 0.223563179373741 0.227311998605728
0.231509536504745 0.231472313404083 0.232805624604225 0.234528705477715 0.235709846019745 0.236811086535454 0.237252980470657 0.237643167376518 0.23777037858963 0.235792577266693 0.228732019662857 0.222621366381645 0.217814832925797 0.201151669025421 0.174787759780884 0.166021198034286 0.165590137243271 0.164411246776581 0.163053661584854 0.183701187372208 0.205605581402779 0.223800599575043 0.234591752290726 0.214396923780441 0.195091471076012 0.177663505077362 0.159646794199944 0.140910506248474 0.136073589324951 0.141360744833946 0.151001706719398 0.162445724010468 0.165577083826065 0.167074352502823 0.158653303980827 0.148564472794533 0.125771448016167 0.110970042645931 0.124267585575581 0.133286446332932 0.13435934484005 0.13794831931591 0.144278660416603 0.169894441962242 0.207988828420639 0.220643043518066
0.218285143375397 0.218631789088249 0.224543645977974 0.232038244605064 0.233732298016548 0.234800413250923 0.234999388456345 0.235173732042313 0.23522275686264 0.233297601342201 0.22660556435585 0.221610724925995 0.218945950269699 0.205803960561752 0.184089809656143 0.175122901797295 0.172194093465805 0.177377372980118 0.184498891234398 0.19795435667038 0.211589887738228 0.221512824296951 0.222817048430443 0.18805119395256 0.162176758050919 0.155072823166847 0.143773809075356 0.12734754383564 0.124820843338966 0.132418349385262 0.143072918057442 0.154993534088135 0.156797483563423 0.156612738966942 0.142422392964363 0.128158614039421 0.118244275450706 0.110208690166473 0.108778856694698 0.106651805341244 0.103229932487011 0.103781618177891 0.108662620186806 0.142270371317863 0.194465711712837 0.213149085640907
0.188639372587204 0.190660610795021 0.206463098526001 0.226184979081154 0.228958860039711 0.229947000741959 0.229559615254402 0.229212939739227 0.22907330095768 0.227275222539902 0.221472680568695 0.219171226024628 0.221676275134087 0.216132000088692 0.204001992940903 0.195443108677864 0.188575819134712 0.189577251672745 0.192458778619766 0.203041195869446 0.213262215256691 0.210523068904877 0.199828118085861 0.155837327241898 0.126782029867172 0.129256725311279 0.132767826318741 0.137545615434647 0.148402363061905 0.163686946034431 0.172454506158829 0.178523153066635 0.175205260515213 0.170042216777802 0.149152815341949 0.128879025578499 0.120308376848698 0.113318093121052 0.111884489655495 0.108913913369179 0.103088989853859 0.101143270730972 0.103424079716206 0.134362086653709 0.183842658996582 0.2044887393713
0.176105558872223 0.17882239818573 0.195394352078438 0.215906709432602 0.222017630934715 0.226471453905106 0.225984916090965 0.224981665611267 0.221350014209747 0.217815652489662 0.214516222476959 0.215229943394661 0.221453204751015 0.220162779092789 0.21272486448288 0.204648673534393 0.196270138025284 0.196343258023262 0.198435753583908 0.204425454139709 0.208994746208191 0.18899330496788 0.167204841971397 0.137937515974045 0.1213294044137 0.131445929408073 0.142878979444504 0.155921086668968 0.169468596577644 0.183384209871292 0.189129889011383 0.191492110490799 0.185547009110451 0.177968874573708 0.154370069503784 0.131586968898773 0.122567936778069 0.115130491554737 0.113253980875015 0.110332995653152 0.105472296476364 0.103178009390831 0.103679925203323 0.124876752495766 0.159464180469513 0.184887751936913
0.177982047200203 0.180570036172867 0.19023035466671 0.20190204679966 0.213250860571861 0.224156215786934 0.223980814218521 0.222206860780716 0.212301388382912 0.205461576581001 0.206024095416069 0.210024014115334 0.2187430113554 0.218890503048897 0.212025001645088 0.20449435710907 0.196648627519608 0.198533296585083 0.202742874622345 0.202691718935966 0.19972525537014 0.158587589859962 0.126468315720558 0.132091835141182 0.141091614961624 0.157218933105469 0.170773282647133 0.181182935833931 0.18841664493084 0.193337023258209 0.195105120539665 0.195567741990089 0.189096167683601 0.181261494755745 0.158313080668449 0.135968655347824 0.124992117285728 0.115850657224655 0.113161437213421 0.111042156815529 0.109981313347816 0.109148032963276 0.10856269299984 0.114063367247581 0.123501986265182 0.156073421239853
0.189373522996902 0.191254213452339 0.196161240339279 0.201928958296776 0.211163282394409 0.220411956310272 0.220467895269394 0.219205871224403 0.211239606142044 0.20599402487278 0.20731782913208 0.210340812802315 0.215696528553963 0.216158255934715 0.212615877389908 0.194090008735657 0.168466806411743 0.16621108353138 0.169538646936417 0.168376088142395 0.165169566869736 0.136703297495842 0.117707088589668 0.138344079256058 0.157301217317581 0.172712087631226 0.184439867734909 0.191666141152382 0.195658579468727 0.197295531630516 0.19756130874157 0.197259232401848 0.192730247974396 0.187370344996452 0.165450423955917 0.143918693065643 0.132170096039772 0.12201526761055 0.117464169859886 0.114066809415817 0.112812049686909 0.111889258027077 0.111328147351742 0.11172840744257 0.112750716507435 0.135141864418983
0.205421358346939 0.206311643123627 0.207521632313728 0.208822518587112 0.21234430372715 0.215968370437622 0.21621660888195 0.216094195842743 0.214086323976517 0.212832748889923 0.213400483131409 0.213360279798508 0.212485462427139 0.212711557745934 0.213838398456573 0.178669616580009 0.126308396458626 0.116999603807926 0.117977485060692 0.118115857243538 0.118239559233189 0.118989117443562 0.124593637883663 0.150516673922539 0.171772286295891 0.183174595236778 0.191143825650215 0.194917127490044 0.197171896696091 0.198320612311363 0.198295384645462 0.19778399169445 0.196405872702599 0.194857373833656 0.174150973558426 0.153614982962608 0.14167445898056 0.130844220519066 0.123917832970619 0.11822459846735 0.11482147872448 0.113050386309624 0.11305744946003 0.113542541861534 0.114336930215359 0.118067920207977
0.212766543030739 0.213215976953506 0.213467702269554 0.213663205504417 0.215169161558151 0.216753676533699 0.216837629675865 0.216811656951904 0.216226428747177 0.215777412056923 0.215657219290733 0.215098485350609 0.213937655091286 0.213111907243729 0.212560310959816 0.174033015966415 0.117517486214638 0.113247990608215 0.121461816132069 0.124470137059689 0.127349495887756 0.133556932210922 0.142696112394333 0.164104953408241 0.181024551391602 0.188467055559158 0.193558767437935 0.195777341723442 0.197332456707954 0.19840432703495 0.198342815041542 0.197811931371689 0.197303652763367 0.196799829602242 0.185155421495438 0.173477128148079 0.165498048067093 0.156110629439354 0.141771391034126 0.13033564388752 0.12429204583168 0.120331488549709 0.11864048987627 0.11715829372406 0.115811198949814 0.114986956119537
