Ecospace-environmental-drivers/Outputs/ASCII-for-ecospace/MOM6-ISIMIP3a/o2-bot/1986-03_o2-bot_MOM6-ISIMIP3a.asc
NCOLS 131 
NROWS 53 
XLLCORNER -98 
YLLCORNER 23.9265270233154 
CELLSIZE 0.133587792515755 
NODATA_value -9999 
[rows 21 to 41 of 53, columns 46 to 91 of 131]
0.222113028168678 0.221847489476204 0.221325039863586 0.220729529857635 0.220257788896561 0.219811871647835 0.219721391797066 0.219667226076126 0.219797700643539 0.219890758395195 0.219893470406532 0.220147266983986 0.220745772123337 0.218883812427521 0.215008795261383 0.177204757928848 0.123329289257526 0.126028463244438 0.142245203256607 0.147877097129822 0.15278685092926 0.157769754528999 0.164663583040237 0.179554745554924 0.190650910139084 0.193735525012016 0.196028649806976 0.197354421019554 0.198307514190674 0.198989182710648 0.198649615049362 0.197887107729912 0.197616770863533 0.197443187236786 0.19673915207386 0.195814400911331 0.192925423383713 0.185787558555603 0.163710296154022 0.146474182605743 0.138228580355644 0.131539538502693 0.126546427607536 0.121804356575012 0.117224730551243 0.114303067326546
0.221318736672401 0.221173286437988 0.220096006989479 0.218753710389137 0.218275025486946 0.217896446585655 0.217834159731865 0.214399844408035 0.193812593817711 0.179641082882881 0.180961042642593 0.1786088347435 0.171215265989304 0.166489079594612 0.163945272564888 0.147382169961929 0.124178439378738 0.130884617567062 0.144737273454666 0.155563220381737 0.165694534778595 0.168741881847382 0.173409953713417 0.184860959649086 0.193309053778648 0.195417746901512 0.197003766894341 0.197951003909111 0.198380097746849 0.198431774973869 0.198208272457123 0.197870805859566 0.197921186685562 0.198047816753387 0.197712495923042 0.197290912270546 0.196193888783455 0.192814812064171 0.181411862373352 0.172332718968391 0.167569130659103 0.159635722637177 0.148248687386513 0.139189541339874 0.131636649370193 0.125179812312126
0.216957256197929 0.216940760612488 0.215301886200905 0.213201597332954 0.212778776884079 0.212538108229637 0.212579846382141 0.20598129928112 0.165604576468468 0.137913674116135 0.140854015946388 0.136225715279579 0.121206663548946 0.113928437232971 0.112983532249928 0.11802888661623 0.125911712646484 0.136112719774246 0.146867632865906 0.162485629320145 0.177490666508675 0.178711876273155 0.181268021464348 0.189411014318466 0.195417061448097 0.196911826729774 0.197995111346245 0.198575511574745 0.198467180132866 0.197857201099396 0.197748109698296 0.197846457362175 0.19813871383667 0.198469057679176 0.197853744029999 0.197295561432838 0.197637632489204 0.197918131947517 0.197982087731361 0.197652369737625 0.196591526269913 0.187786236405373 0.170543104410172 0.157693892717361 0.14768773317337 0.137577846646309
0.160220935940742 0.160681009292603 0.159192651510239 0.157150164246559 0.156900316476822 0.156882554292679 0.158177271485329 0.156269967556 0.138074338436127 0.127331495285034 0.13458414375782 0.135955184698105 0.129251539707184 0.126025497913361 0.125644728541374 0.131895661354065 0.141287878155708 0.150860518217087 0.160476252436638 0.171464994549751 0.181990578770638 0.184402003884315 0.187303975224495 0.192258909344673 0.195995911955833 0.19716177880764 0.198106810450554 0.198781952261925 0.198598191142082 0.197788819670677 0.197698682546616 0.197906404733658 0.197712153196335 0.197438895702362 0.197446167469025 0.197490230202675 0.197792232036591 0.198035821318626 0.198074042797089 0.197959393262863 0.197560876607895 0.193632319569588 0.18585766851902 0.180328115820885 0.176251247525215 0.163704127073288
0.118998818099499 0.11999024450779 0.119083322584629 0.117636509239674 0.117852672934532 0.118305511772633 0.120552338659763 0.122374027967453 0.122033104300499 0.124595053493977 0.134166300296783 0.139770328998566 0.139927878975868 0.140131875872612 0.140373885631561 0.147208705544472 0.157166376709938 0.165680930018425 0.173850640654564 0.180414423346519 0.186647400259972 0.189671665430069 0.192537143826485 0.194738104939461 0.196515470743179 0.197398632764816 0.198215827345848 0.19895239174366 0.198694512248039 0.197712302207947 0.197629883885384 0.197920113801956 0.197350189089775 0.196611180901527 0.19711771607399 0.197643786668777 0.197910264134407 0.198123350739479 0.198148742318153 0.198212072253227 0.198345869779587 0.198384389281273 0.198319092392921 0.198717013001442 0.199414640665054 0.186318054795265
0.145802110433578 0.147565111517906 0.149129033088684 0.150636360049248 0.152603477239609 0.154612869024277 0.156492576003075 0.157824203372002 0.156367853283882 0.156259924173355 0.159407928586006 0.1615000218153 0.162142515182495 0.163048639893532 0.164170458912849 0.168863207101822 0.17524741590023 0.180819720029831 0.18619804084301 0.189232483506203 0.191992238163948 0.193097651004791 0.194250285625458 0.195600599050522 0.196775019168854 0.197578102350235 0.198313146829605 0.198965013027191 0.198638781905174 0.197600096464157 0.197476208209991 0.197731167078018 0.197271406650543 0.196671158075333 0.197136178612709 0.197617098689079 0.197867944836617 0.198078587651253 0.198147863149643 0.198226496577263 0.198322504758835 0.198339477181435 0.198270320892334 0.198491334915161 0.198900103569031 0.193531364202499
0.168041557073593 0.170044854283333 0.17295515537262 0.176123380661011 0.178844347596169 0.181475266814232 0.18291163444519 0.183799207210541 0.181895047426224 0.180200845003128 0.179013580083847 0.17878158390522 0.179861038923264 0.181350365281105 0.183175042271614 0.186020448803902 0.189349338412285 0.192354992032051 0.19528341293335 0.195788398385048 0.196093648672104 0.195915192365646 0.195903956890106 0.196592628955841 0.197211056947708 0.197681203484535 0.198170408606529 0.198682889342308 0.198369845747948 0.197455495595932 0.196960270404816 0.196638599038124 0.196624755859375 0.196671426296234 0.197143465280533 0.197608426213264 0.197850540280342 0.198060661554337 0.198158353567123 0.198245614767075 0.19831345975399 0.19831295311451 0.198238000273705 0.198322340846062 0.198509737849236 0.198445200920105
0.180323347449303 0.181407824158669 0.183210998773575 0.185218542814255 0.186517760157585 0.187730193138123 0.18855693936348 0.18910077214241 0.1882054656744 0.187289208173752 0.18632236123085 0.18635793030262 0.187769711017609 0.189582780003548 0.191724196076393 0.193365290760994 0.194769397377968 0.196027874946594 0.197251558303833 0.197408616542816 0.197482094168663 0.197405204176903 0.197427868843079 0.197867229580879 0.198032140731812 0.197617664933205 0.19750389456749 0.19775764644146 0.197635754942894 0.197240233421326 0.195653930306435 0.193574473261833 0.194739103317261 0.19654144346714 0.197126343846321 0.19763907790184 0.197887480258942 0.198101311922073 0.198193654417992 0.198274925351143 0.198335617780685 0.198326587677002 0.198241576552391 0.198276996612549 0.198390319943428 0.198341891169548
0.189001306891441 0.189601689577103 0.190578490495682 0.191662356257439 0.192018777132034 0.192312031984329 0.19291028380394 0.19336973130703 0.193123087286949 0.192798927426338 0.192287623882294 0.192509084939957 0.193736523389816 0.195188447833061 0.196824043989182 0.197526291012764 0.197786435484886 0.198013663291931 0.198233038187027 0.198210671544075 0.198164641857147 0.198015660047531 0.197952121496201 0.198246136307716 0.198219463229179 0.197515815496445 0.197143062949181 0.197174713015556 0.197167858481407 0.197132974863052 0.195005685091019 0.19201186299324 0.193791821599007 0.196510195732117 0.197152182459831 0.197688117623329 0.19793900847435 0.198151335120201 0.198228016495705 0.198293790221214 0.1983392983675 0.198320642113686 0.198232054710388 0.198231369256973 0.198287576436996 0.198256000876427
0.193145334720612 0.193808540701866 0.194312229752541 0.194770559668541 0.194786727428436 0.194789007306099 0.195638254284859 0.196339577436447 0.19628843665123 0.196322575211525 0.196562632918358 0.196867197751999 0.197260335087776 0.197489455342293 0.19758440554142 0.197681754827499 0.197780266404152 0.197876960039139 0.19797320663929 0.197983399033546 0.197959139943123 0.197519570589066 0.197218686342239 0.197498142719269 0.197609469294548 0.197365790605545 0.197166800498962 0.197022408246994 0.197034880518913 0.197161585092545 0.195185378193855 0.192338287830353 0.194025084376335 0.196603134274483 0.197232097387314 0.197760254144669 0.198008894920349 0.198213130235672 0.198261201381683 0.198299527168274 0.198319748044014 0.198290064930916 0.198206022381783 0.198185384273529 0.198205783963203 0.198192030191422
0.195565730333328 0.196144104003906 0.196385025978088 0.196529984474182 0.19649313390255 0.196469068527222 0.197293147444725 0.197984665632248 0.198001950979233 0.198140516877174 0.19857195019722 0.198793977499008 0.198728516697884 0.198473915457726 0.198064535856247 0.197936221957207 0.197941049933434 0.197946667671204 0.197952479124069 0.197917565703392 0.197856739163399 0.197459384799004 0.197172448039055 0.197347536683083 0.197443515062332 0.19737246632576 0.197228342294693 0.196994915604591 0.196983531117439 0.197133854031563 0.195454776287079 0.193018078804016 0.194488197565079 0.196726277470589 0.197299897670746 0.197786435484886 0.198024332523346 0.198218062520027 0.198256477713585 0.198281049728394 0.198279902338982 0.198243781924248 0.198169559240341 0.198139116168022 0.198137000203133 0.198129564523697
0.196693360805511 0.197076171636581 0.197212100028992 0.197277829051018 0.197403356432915 0.197551444172859 0.198143199086189 0.198636174201965 0.198626548051834 0.198679149150848 0.198881953954697 0.198897212743759 0.198654964566231 0.198470920324326 0.198334515094757 0.198264941573143 0.198227033019066 0.198171198368073 0.198111072182655 0.19797283411026 0.197831675410271 0.197726145386696 0.197641611099243 0.197644963860512 0.197610601782799 0.197496667504311 0.197318241000175 0.197061032056808 0.19699339568615 0.197063878178596 0.195791468024254 0.193962916731834 0.195123687386513 0.19687208533287 0.197358638048172 0.19777812063694 0.19799892604351 0.198180362582207 0.198223307728767 0.198244392871857 0.198224857449532 0.198185727000237 0.198125272989273 0.198092624545097 0.198077961802483 0.198068231344223
0.19735561311245 0.197611376643181 0.197724044322968 0.197796046733856 0.197954669594765 0.198130652308464 0.198536112904549 0.198873311281204 0.198863252997398 0.198895037174225 0.199027866125107 0.198958680033684 0.198612123727798 0.198424980044365 0.198368281126022 0.198325201869011 0.198288545012474 0.198215425014496 0.198133587837219 0.197858810424805 0.197594210505486 0.197670608758926 0.197725862264633 0.197692662477493 0.19764307141304 0.197558850049973 0.197426363825798 0.197234883904457 0.197153776884079 0.19715304672718 0.1963971555233 0.195328518748283 0.196045279502869 0.197112992405891 0.197452545166016 0.197752997279167 0.197934731841087 0.198089569807053 0.198149755597115 0.198185905814171 0.198177441954613 0.19814869761467 0.198097884654999 0.198058888316154 0.198027551174164 0.198005050420761
0.197818428277969 0.197976484894753 0.198100939393044 0.198215842247009 0.198352143168449 0.198494225740433 0.198733106255531 0.198932886123657 0.198933720588684 0.1989726126194 0.199103459715843 0.199002251029015 0.1985824406147 0.19836063683033 0.198300823569298 0.19827039539814 0.198253870010376 0.198182389140129 0.19809778034687 0.197672247886658 0.197265729308128 0.19747693836689 0.197645127773285 0.197633340954781 0.197617813944817 0.197594434022903 0.197542265057564 0.197454914450645 0.197378635406494 0.19731043279171 0.197118133306503 0.1968744546175 0.197089463472366 0.197394654154778 0.197561547160149 0.197720676660538 0.197853922843933 0.197976022958755 0.198058888316154 0.198118060827255 0.198133289813995 0.198120668530464 0.198077723383904 0.19803062081337 0.19798082113266 0.197941094636917
0.198075383901596 0.198170855641365 0.198316529393196 0.198476478457451 0.198640614748001 0.198806926608086 0.199020132422447 0.199157223105431 0.198907077312469 0.198738321661949 0.198766082525253 0.198669016361237 0.198400571942329 0.19825068116188 0.198197796940804 0.198178559541702 0.198175266385078 0.198091506958008 0.197988525032997 0.197705924510956 0.197432205080986 0.197467222809792 0.197453632950783 0.197236642241478 0.197092652320862 0.197102770209312 0.197119727730751 0.197145029902458 0.19720770418644 0.197297632694244 0.197322994470596 0.197321608662605 0.197439953684807 0.197581827640533 0.197684749960899 0.19778399169445 0.197861343622208 0.19793701171875 0.198006704449654 0.198064774274826 0.198101222515106 0.198099285364151 0.198055550456047 0.198004677891731 0.197949171066284 0.197909325361252
0.19828973710537 0.198329895734787 0.198498725891113 0.198704168200493 0.198906540870667 0.199109122157097 0.199325785040855 0.199415639042854 0.198860347270966 0.198439493775368 0.198343247175217 0.198257818818092 0.198187217116356 0.198131307959557 0.19808740913868 0.198079079389572 0.198087587952614 0.197988659143448 0.197864070534706 0.197785183787346 0.197701081633568 0.197495564818382 0.197239220142365 0.196770146489143 0.196464061737061 0.196502029895782 0.196585774421692 0.196725487709045 0.196954891085625 0.197249621152878 0.197421059012413 0.197541415691376 0.197646901011467 0.197749450802803 0.197810888290405 0.197867095470428 0.197887018322945 0.19791342318058 0.197962552309036 0.198014482855797 0.198071643710136 0.198079273104668 0.198032960295677 0.197979211807251 0.197920635342598 0.19788421690464
0.198723316192627 0.198675200343132 0.198876485228539 0.199148699641228 0.199327647686005 0.199481815099716 0.199224382638931 0.19892492890358 0.198411762714386 0.198036819696426 0.197995662689209 0.198032408952713 0.198176085948944 0.19822084903717 0.198184698820114 0.198156341910362 0.198131665587425 0.198032885789871 0.197916403412819 0.197848916053772 0.197781443595886 0.197665333747864 0.197525948286057 0.197289139032364 0.197137370705605 0.197165191173553 0.197217538952827 0.197299912571907 0.197430834174156 0.197597101330757 0.197693452239037 0.197760850191116 0.197819948196411 0.197877436876297 0.197924911975861 0.197968170046806 0.197973772883415 0.197980910539627 0.197993472218513 0.198014706373215 0.198052003979683 0.198061317205429 0.198040142655373 0.197996497154236 0.197938308119774 0.197895497083664
0.199095547199249 0.198968335986137 0.199189782142639 0.199510395526886 0.199661418795586 0.199765250086784 0.199063584208488 0.198405116796494 0.197966367006302 0.197659879922867 0.197672754526138 0.197816759347916 0.198140785098076 0.198288798332214 0.198292806744576 0.198256894946098 0.198202058672905 0.198107540607452 0.198003530502319 0.197939738631248 0.197881057858467 0.19785663485527 0.197835549712181 0.197828486561775 0.197828307747841 0.197842672467232 0.197859525680542 0.197879403829575 0.197907313704491 0.197941049933434 0.197960332036018 0.197973608970642 0.197989463806152 0.198005825281143 0.198039188981056 0.198069363832474 0.198062270879745 0.198051929473877 0.19803012907505 0.198021233081818 0.198036298155785 0.198045402765274 0.198048055171967 0.198014780879021 0.197958275675774 0.197909653186798
0.19870887696743 0.198615923523903 0.198722094297409 0.198884904384613 0.198989197611809 0.199062615633011 0.198463842272758 0.19793289899826 0.197746992111206 0.197606831789017 0.197577148675919 0.197616666555405 0.197751194238663 0.198026612401009 0.19841730594635 0.198521554470062 0.198490113019943 0.198436468839645 0.198377519845963 0.198326960206032 0.198275953531265 0.198209896683693 0.198149740695953 0.198114365339279 0.198085233569145 0.198069289326668 0.198053568601608 0.198038101196289 0.198041453957558 0.198058500885963 0.198085010051727 0.198115438222885 0.198137313127518 0.198157489299774 0.19816181063652 0.198163077235222 0.198140442371368 0.198117226362228 0.198091953992844 0.198070883750916 0.198057562112808 0.19805034995079 0.198049739003181 0.198023423552513 0.197980433702469 0.197936907410622
0.198377087712288 0.198325395584106 0.198304504156113 0.19829235970974 0.198344334959984 0.198384419083595 0.197926178574562 0.197544112801552 0.197549492120743 0.197535797953606 0.197476074099541 0.19743724167347 0.197427123785019 0.197763040661812 0.198382079601288 0.198574706912041 0.198565348982811 0.198547527194023 0.198527663946152 0.1984943151474 0.198457032442093 0.198376089334488 0.198303058743477 0.198263123631477 0.198229089379311 0.198207527399063 0.198184877634048 0.198160871863365 0.198154255747795 0.198160275816917 0.198186665773392 0.198221504688263 0.198241695761681 0.198259010910988 0.198239848017693 0.198218256235123 0.198186218738556 0.198155760765076 0.198130860924721 0.198104575276375 0.198075711727142 0.198058500885963 0.198053985834122 0.198032721877098 0.198000639677048 0.197954431176186
0.198246508836746 0.198261827230453 0.198070630431175 0.197820708155632 0.197799772024155 0.197795778512955 0.197616159915924 0.197461277246475 0.197432234883308 0.197398841381073 0.197354927659035 0.197333574295044 0.197343230247498 0.197494357824326 0.197761222720146 0.197852373123169 0.197860300540924 0.197859674692154 0.197857022285461 0.197855398058891 0.197854101657867 0.19785638153553 0.197866454720497 0.197909101843834 0.197958394885063 0.198021709918976 0.198086127638817 0.198151871562004 0.198188737034798 0.198204547166824 0.198203861713409 0.198196366429329 0.198186725378036 0.198176652193069 0.198154419660568 0.1981320977211 0.198113262653351 0.19809627532959 0.198085725307465 0.198079779744148 0.198082387447357 0.198078513145447 0.198067590594292 0.198044523596764 0.198013588786125 0.197936177253723
