Ecospace-environmental-drivers/Outputs/ASCII-for-ecospace/MOM6-ISIMIP3a/o2-bot/1986-07_o2-bot_MOM6-ISIMIP3a.asc
NCOLS 131 
NROWS 53 
XLLCORNER -98 
YLLCORNER 23.9265270233154 
CELLSIZE 0.133587792515755 
NODATA_value -9999 
[rows 21 to 41 of 53, columns 0 to 45 of 131]
-9999 -9999 -9999 -9999 -9999 -9999 0.201800435781479 0.202266275882721 0.203141078352928 0.204602539539337 0.20282855629921 0.203548312187195 0.204011827707291 0.205392524600029 0.203283995389938 0.197149455547333 0.188047260046005 0.176907047629356 0.179984778165817 0.188552588224411 0.194545954465866 0.200085014104843 0.192965611815453 0.18634070456028 0.186146289110184 0.185874298214912 0.18535079061985 0.184393107891083 0.182677760720253 0.182219296693802 0.183054119348526 0.185257896780968 0.188295602798462 0.192240029573441 0.196486681699753 0.199887067079544 0.203153863549232 0.204111933708191 0.204979404807091 0.205269888043404 0.20551697909832 0.205643236637115 0.203969582915306 0.199514269828796 0.196971818804741 0.196185007691383
-9999 -9999 -9999 -9999 -9999 -9999 0.201707169413567 0.201800435781479 0.202732115983963 0.203429222106934 0.204602539539337 0.200334817171097 0.196855530142784 0.194936364889145 0.19426791369915 0.195042610168457 0.191206529736519 0.184204041957855 0.187186360359192 0.194024190306664 0.199047833681107 0.2037513256073 0.198022469878197 0.192695692181587 0.192623242735863 0.192436277866364 0.191877990961075 0.191108584403992 0.189970776438713 0.18960702419281 0.190039798617363 0.19139838218689 0.193320959806442 0.195686966180801 0.198200762271881 0.199565425515175 0.200764805078506 0.201066419482231 0.20136097073555 0.201610550284386 0.20184762775898 0.202049940824509 0.201421916484833 0.199510663747787 0.198442727327347 0.198148787021637
-9999 -9999 -9999 -9999 0.198561370372772 0.200433000922203 0.201654031872749 0.201667040586472 0.201800435781479 0.203663781285286 0.203650146722794 0.196452185511589 0.189949750900269 0.184823572635651 0.185670286417007 0.193408772349358 0.194916099309921 0.192144215106964 0.194857597351074 0.1996890604496 0.202663123607635 0.20530940592289 0.200699403882027 0.196449264883995 0.196521937847137 0.196429550647736 0.195801928639412 0.195390447974205 0.195356130599976 0.195383593440056 0.195474654436111 0.196053996682167 0.196930810809135 0.197627171874046 0.198263376951218 0.197530388832092 0.196608066558838 0.195672795176506 0.19484044611454 0.194663494825363 0.194550335407257 0.194614738225937 0.194894835352898 0.195508286356926 0.19590562582016 0.196104630827904
-9999 -9999 -9999 -9999 0.194429650902748 0.197728767991066 0.199211984872818 0.201654031872749 0.201546639204025 0.200179740786552 0.198879361152649 0.197833523154259 0.196855053305626 0.196009933948517 0.196510776877403 0.198564693331718 0.199113920331001 0.198629826307297 0.200770646333694 0.203925058245659 0.197924375534058 0.190308094024658 0.17083540558815 0.153246268630028 0.153516471385956 0.153579413890839 0.152970343828201 0.15569643676281 0.164242699742317 0.173819705843925 0.184457361698151 0.188637286424637 0.18888321518898 0.189188197255135 0.189512848854065 0.189195796847343 0.188719153404236 0.178388118743896 0.168595641851425 0.162232786417007 0.156736299395561 0.153651520609856 0.151999294757843 0.152560994029045 0.15286673605442 0.152937576174736
-9999 -9999 -9999 -9999 -9999 0.194429650902748 0.195619404315948 0.196769922971725 0.198729902505875 0.194785848259926 0.192652836441994 0.197451770305634 0.201351627707481 0.203472450375557 0.201820090413094 0.195814102888107 0.19400542974472 0.195079252123833 0.197801947593689 0.201161339879036 0.189669594168663 0.175557076931 0.146950632333755 0.121192187070847 0.121811680495739 0.122182361781597 0.121746301651001 0.126618981361389 0.140755906701088 0.156115293502808 0.172732561826706 0.178487867116928 0.17762616276741 0.177489966154099 0.177595600485802 0.177678346633911 0.177643597126007 0.161719456315041 0.14663964509964 0.136936828494072 0.128565907478333 0.123902671039104 0.121207319200039 0.121553227305412 0.121737331151962 0.121772944927216
-9999 -9999 -9999 -9999 -9999 0.196545124053955 0.194429650902748 0.18962399661541 0.184675499796867 0.181017771363258 0.180043324828148 0.189339369535446 0.195286482572556 0.194606974720955 0.182876721024513 0.158395662903786 0.148091316223145 0.147522777318954 0.155889242887497 0.167705848813057 0.165998056530952 0.161903649568558 0.149282991886139 0.13802295923233 0.139657109975815 0.141003757715225 0.141418129205704 0.144092261791229 0.150709867477417 0.155333563685417 0.157905593514442 0.156356394290924 0.152296558022499 0.151500836014748 0.151793122291565 0.152204871177673 0.152595475316048 0.147751778364182 0.143488869071007 0.142924711108208 0.1426802277565 0.143325641751289 0.143486052751541 0.142896920442581 0.142827659845352 0.143235564231873
-9999 -9999 0.200417503714561 0.200139507651329 0.200064569711685 0.198663100600243 0.196542620658875 0.18574783205986 0.17529022693634 0.174140512943268 0.175428494811058 0.186046868562698 0.190655842423439 0.183373853564262 0.163984447717667 0.130624979734421 0.117093577980995 0.117178998887539 0.129781097173691 0.147216334939003 0.152618035674095 0.155896186828613 0.154258117079735 0.152885526418686 0.154622375965118 0.156321808695793 0.157899901270866 0.159251123666763 0.160206392407417 0.157252043485641 0.150274738669395 0.144302934408188 0.138943657279015 0.137901782989502 0.138299018144608 0.139095723628998 0.139963433146477 0.143025770783424 0.146402478218079 0.151781111955643 0.156692892313004 0.160305082798004 0.162314385175705 0.161846503615379 0.161926046013832 0.162508010864258
-9999.000000000000000 -9999 -9999 -9999 0.201690867543221 0.201466023921967 0.2027577906847 0.189005792140961 0.176092326641083 0.182298049330711 0.188256874680519 0.193270653486252 0.189155027270317 0.166974872350693 0.145203649997711 0.123904295265675 0.118641160428524 0.124390818178654 0.138156190514565 0.155016750097275 0.161692574620247 0.166571125388145 0.164999350905418 0.163453787565231 0.163303539156914 0.16399610042572 0.16742143034935 0.169360220432281 0.168704897165298 0.165061935782433 0.158344760537148 0.154238253831863 0.15172216296196 0.151336058974266 0.151659950613976 0.152963697910309 0.154421478509903 0.158463776111603 0.162547633051872 0.166896164417267 0.170483753085136 0.171953082084656 0.173614427447319 0.175572514533997 0.17667829990387 0.17700183391571
-9999 -9999 -9999 -9999 0.203492105007172 0.204943463206291 0.205469444394112 0.191654667258263 0.178961992263794 0.188279718160629 0.195747643709183 0.196135282516479 0.185155183076859 0.151681557297707 0.129824802279472 0.121372081339359 0.123531818389893 0.132979601621628 0.146352276206017 0.161240473389626 0.16904228925705 0.175593569874763 0.174450591206551 0.173155888915062 0.172000735998154 0.171885535120964 0.175142288208008 0.176786601543427 0.175617083907127 0.172244608402252 0.166605353355408 0.164021193981171 0.163298159837723 0.163594081997871 0.164229661226273 0.165748953819275 0.16740520298481 0.171120062470436 0.174802780151367 0.178280964493752 0.181033104658127 0.181764125823975 0.183234110474586 0.185846164822578 0.187163069844246 0.187291294336319
-9999 -9999 -9999 -9999 0.204505145549774 0.204066842794418 0.203525617718697 0.193537294864655 0.184432789683342 0.19152395427227 0.196523249149323 0.193515688180923 0.178011327981949 0.13777931034565 0.118725903332233 0.12410930544138 0.132628336548805 0.143300741910934 0.154323115944862 0.165480598807335 0.174222022294998 0.182537063956261 0.182278916239738 0.181768283247948 0.180718123912811 0.180045649409294 0.18059778213501 0.180837899446487 0.180533528327942 0.17863817512989 0.175105735659599 0.173612400889397 0.173361301422119 0.174372285604477 0.175803944468498 0.177172064781189 0.178534135222435 0.180276691913605 0.182163968682289 0.184972807765007 0.187504380941391 0.189264088869095 0.190739750862122 0.191776439547539 0.192278996109962 0.192291334271431
-9999 -9999 -9999 -9999 0.204066842794418 0.20341169834137 0.202642619609833 0.196556493639946 0.19110295176506 0.196824178099632 0.200277730822563 0.195051565766335 0.17840564250946 0.139163196086884 0.12115141004324 0.127636462450027 0.13911072909832 0.154011309146881 0.164503753185272 0.173294052481651 0.180576846003532 0.187593579292297 0.187581300735474 0.187252461910248 0.185568377375603 0.184117883443832 0.183424770832062 0.183151677250862 0.183611556887627 0.18332576751709 0.182272702455521 0.181808352470398 0.18170265853405 0.182813555002213 0.184329971671104 0.185509264469147 0.186639338731766 0.187407821416855 0.188315123319626 0.190106630325317 0.191871926188469 0.193564251065254 0.194685935974121 0.194925770163536 0.195082664489746 0.195163458585739
-9999 -9999 -9999 -9999 0.203373715281487 0.202642619609833 0.200576156377792 0.200428143143654 0.198672637343407 0.203666403889656 0.206266418099403 0.199704095721245 0.184453651309013 0.152011856436729 0.133720368146896 0.131756097078323 0.143632501363754 0.165013939142227 0.176341772079468 0.183787539601326 0.187812983989716 0.191234856843948 0.190989211201668 0.190390437841415 0.187518253922462 0.185124173760414 0.184280350804329 0.18416228890419 0.185310736298561 0.186733841896057 0.188439592719078 0.188957840204239 0.1887526512146 0.189502120018005 0.190569788217545 0.191532000899315 0.192476734519005 0.193019762635231 0.193558752536774 0.194071933627129 0.194661661982536 0.195464506745338 0.195962503552437 0.195989340543747 0.196152105927467 0.196439638733864
-9999 -9999 -9999 -9999 0.202642619609833 0.202393189072609 0.202364966273308 0.202677398920059 0.202593117952347 0.205337911844254 0.206747874617577 0.203048706054688 0.191434949636459 0.164160430431366 0.145702689886093 0.137418121099472 0.146271333098412 0.166893854737282 0.178660273551941 0.187007039785385 0.190310120582581 0.192723155021667 0.193053141236305 0.193116709589958 0.191340118646622 0.189803212881088 0.189043492078781 0.188814669847488 0.189512312412262 0.190677508711815 0.192323789000511 0.1928391456604 0.192665562033653 0.193117454648018 0.193777829408646 0.194492340087891 0.195211440324783 0.19552780687809 0.195820569992065 0.195963054895401 0.196154490113258 0.19648215174675 0.196713715791702 0.196796759963036 0.196967661380768 0.197219178080559
-9999 -9999 -9999 -9999 -9999 0.203732416033745 0.203989028930664 0.20398935675621 0.204949617385864 0.204793348908424 0.204869076609612 0.205832794308662 0.198816239833832 0.176008954644203 0.157433584332466 0.143741175532341 0.148103192448616 0.164863958954811 0.176898911595345 0.187109068036079 0.190776228904724 0.193288758397102 0.194541096687317 0.195666521787643 0.195964276790619 0.196056321263313 0.195481315255165 0.195027813315392 0.194786384701729 0.194850713014603 0.195229664444923 0.195319801568985 0.195233970880508 0.195415660738945 0.195686519145966 0.196140214800835 0.196616396307945 0.196705564856529 0.196804448962212 0.196965247392654 0.197091490030289 0.197121515870094 0.197239771485329 0.197494402527809 0.197674378752708 0.1977858543396
-9999 -9999 -9999 -9999 -9999 0.204688653349876 0.204843252897263 0.205300331115723 0.205215588212013 0.204057410359383 0.203551918268204 0.205544680356979 0.19951057434082 0.177593529224396 0.159214213490486 0.144916892051697 0.148474618792534 0.164294198155403 0.175468981266022 0.184850215911865 0.189667761325836 0.193679958581924 0.195337161421776 0.196826502680779 0.197346791625023 0.197616264224052 0.197072431445122 0.196680158376694 0.196552366018295 0.196578860282898 0.196764126420021 0.196789339184761 0.196717038750648 0.196766182780266 0.196855813264847 0.197053149342537 0.197263732552528 0.197247222065926 0.197250187397003 0.197377130389214 0.19747893512249 0.197510793805122 0.197621986269951 0.197855785489082 0.197990074753761 0.198033004999161
-9999 -9999 -9999 -9999 -9999 0.205074071884155 0.205233663320541 0.205240070819855 0.205049023032188 0.203281864523888 0.202350974082947 0.204620942473412 0.198821365833282 0.177054479718208 0.158936113119125 0.145027592778206 0.148543879389763 0.164026543498039 0.174107611179352 0.182102903723717 0.188233524560928 0.194035083055496 0.195990055799484 0.197698906064034 0.198058605194092 0.198205187916756 0.197660773992538 0.197388872504234 0.197592511773109 0.197801128029823 0.198014840483665 0.198049679398537 0.197975531220436 0.197920635342598 0.197872132062912 0.197814017534256 0.197754293680191 0.197657272219658 0.197584584355354 0.197666868567467 0.197752669453621 0.197848320007324 0.197974428534508 0.198147609829903 0.198224857449532 0.198214039206505
-9999 -9999 -9999 -9999 -9999 -9999 0.205145284533501 0.205160602927208 0.205062791705132 0.203821018338203 0.203292280435562 0.20549276471138 0.199757412075996 0.178319230675697 0.158923268318176 0.141883686184883 0.144178733229637 0.159751743078232 0.170120447874069 0.178479582071304 0.187163203954697 0.195904076099396 0.197320222854614 0.198472246527672 0.198759794235229 0.198825150728226 0.198170021176338 0.197773367166519 0.197827816009521 0.197890564799309 0.197961837053299 0.197946324944496 0.1978779733181 0.19787435233593 0.19789232313633 0.197848618030548 0.197798043489456 0.197979763150215 0.198147356510162 0.198224887251854 0.198291003704071 0.198325335979462 0.198387384414673 0.198492303490639 0.198556736111641 0.198584005236626
-9999 -9999 -9999 -9999 -9999 -9999 0.205042168498039 0.205035179853439 0.205067083239555 0.204377144575119 0.204286351799965 0.206488758325577 0.200659468770027 0.178937703371048 0.158216893672943 0.138651058077812 0.139984846115112 0.155671373009682 0.166377738118172 0.175161093473434 0.186228543519974 0.197699084877968 0.198588967323303 0.199195697903633 0.199373424053192 0.199336975812912 0.198606044054031 0.198104649782181 0.198003798723221 0.197921335697174 0.197857767343521 0.197791546583176 0.197723716497421 0.197769954800606 0.197854220867157 0.197836488485336 0.197808042168617 0.198248371481895 0.198638826608658 0.198711633682251 0.198758617043495 0.198733642697334 0.198735669255257 0.198779448866844 0.198834002017975 0.198898464441299
-9999 -9999 -9999 -9999 -9999 -9999 0.204566821455956 0.204930737614632 0.20488429069519 0.204486519098282 0.204819843173027 0.207951456308365 0.200422763824463 0.171800374984741 0.149985879659653 0.136026635766029 0.139735981822014 0.155579134821892 0.166496872901917 0.175512745976448 0.186567291617393 0.197981610894203 0.198879107832909 0.199434489011765 0.199058055877686 0.198680430650711 0.198298901319504 0.198022991418839 0.197931408882141 0.197867408394814 0.197831809520721 0.197739407420158 0.197612419724464 0.19761897623539 0.197670042514801 0.197672918438911 0.197671413421631 0.197983935475349 0.198260739445686 0.198309943079948 0.198345363140106 0.198342368006706 0.198365077376366 0.198427483439445 0.19848245382309 0.198530599474907
-9999 -9999 -9999 -9999 -9999 0.204337745904922 0.203234180808067 0.203734546899796 0.203169748187065 0.203427791595459 0.204350501298904 0.207817301154137 0.198409542441368 0.163526654243469 0.14181362092495 0.135296553373337 0.141967788338661 0.157696023583412 0.168633207678795 0.177720367908478 0.187910288572311 0.198294818401337 0.198976710438728 0.199318468570709 0.1985964179039 0.19802238047123 0.197928264737129 0.197844758629799 0.197779789566994 0.197744622826576 0.197740107774734 0.197645753622055 0.197496697306633 0.19747519493103 0.197496235370636 0.197512730956078 0.197529867291451 0.197724238038063 0.197896331548691 0.197926610708237 0.197952449321747 0.197965890169144 0.198003500699997 0.198078453540802 0.198144659399986 0.198202863335609
-9999 -9999 -9999 -9999 0.202689424157143 0.203788504004478 0.204337745904922 0.199933707714081 0.195838704705238 0.198085904121399 0.200204014778137 0.201827973127365 0.189882278442383 0.151086121797562 0.133856862783432 0.141512453556061 0.153295561671257 0.167913243174553 0.178166031837463 0.186733365058899 0.192935615777969 0.198720484972 0.198368310928345 0.197901427745819 0.197598427534103 0.197358831763268 0.197324857115746 0.197312459349632 0.197337716817856 0.197369277477264 0.197407320141792 0.197399884462357 0.197364717721939 0.197357878088951 0.197360500693321 0.197364911437035 0.19737035036087 0.197481855750084 0.197582095861435 0.19761061668396 0.197634100914001 0.197643578052521 0.197674944996834 0.197740122675896 0.197857350111008 0.198022335767746
