Ecospace-environmental-drivers/Outputs/ASCII-for-ecospace/MOM6-ISIMIP3a/o2-bot/1987-09_o2-bot_MOM6-ISIMIP3a.asc
NCOLS 131 
NROWS 53 
XLLCORNER -98 
YLLCORNER 23.9265270233154 
CELLSIZE 0.133587792515755 
NODATA_value -9999 
[rows 21 to 41 of 53, columns 0 to 45 of 131]
-9999 -9999 -9999 -9999 -9999 -9999 0.19936391711235 0.199387520551682 0.199370473623276 0.19938451051712 0.199078723788261 0.1995480209589 0.199630662798882 0.199876800179482 0.198909968137741 0.196543544530869 0.189873710274696 0.18024854362011 0.178210392594337 0.179101839661598 0.180786296725273 0.182610690593719 0.170616745948792 0.159432232379913 0.157514482736588 0.155516296625137 0.153257295489311 0.15163616836071 0.151128187775612 0.150465711951256 0.149644255638123 0.149943649768829 0.150925844907761 0.152989029884338 0.155412524938583 0.15896512567997 0.162666186690331 0.165309876203537 0.167729780077934 0.168724626302719 0.169573679566383 0.170016944408417 0.16681045293808 0.157963484525681 0.154599085450172 0.15626659989357
-9999 -9999 -9999 -9999 -9999 -9999 0.199354484677315 0.19936391711235 0.199411138892174 0.199322357773781 0.19938451051712 0.198303654789925 0.196207165718079 0.192101016640663 0.189659789204597 0.189139634370804 0.185286670923233 0.17914491891861 0.179334595799446 0.181969076395035 0.18487124145031 0.18782065808773 0.180696442723274 0.173951014876366 0.172200307250023 0.17042650282383 0.168577790260315 0.167137265205383 0.166409075260162 0.166320145130157 0.166888996958733 0.16751192510128 0.168167799711227 0.169849187135696 0.171872407197952 0.172367945313454 0.172667309641838 0.175046250224113 0.177236065268517 0.178221434354782 0.179047897458076 0.179431989789009 0.177750632166862 0.172877237200737 0.170889168977737 0.171549275517464
-9999 -9999 -9999 -9999 0.198868036270142 0.199150428175926 0.199356496334076 0.199343040585518 0.19936391711235 0.199458360671997 0.199082642793655 0.1969074010849 0.192728295922279 0.184584110975266 0.180838510394096 0.182168185710907 0.181328758597374 0.178999722003937 0.181465476751328 0.185782685875893 0.188919588923454 0.19184821844101 0.18960377573967 0.187328204512596 0.185737311840057 0.184185951948166 0.182762816548347 0.181613340973854 0.180941417813301 0.181050017476082 0.18196177482605 0.182552605867386 0.18294794857502 0.184284195303917 0.185934066772461 0.183467179536819 0.18046472966671 0.182105869054794 0.183589592576027 0.184070900082588 0.184441179037094 0.184502393007278 0.184415638446808 0.184100225567818 0.183884784579277 0.183761104941368
-9999 -9999 -9999 -9999 0.198254004120827 0.198711186647415 0.198944360017776 0.199356496334076 0.199308693408966 0.198700219392776 0.197659686207771 0.194965377449989 0.192668482661247 0.191157966852188 0.189945563673973 0.189077138900757 0.188807740807533 0.188949733972549 0.191060900688171 0.193932443857193 0.186376541852951 0.176980525255203 0.165479674935341 0.155101031064987 0.154457852244377 0.153646945953369 0.152292132377625 0.15311636030674 0.157743215560913 0.162997230887413 0.168896570801735 0.171247109770775 0.171435758471489 0.172143891453743 0.17302517592907 0.172285974025726 0.171299308538437 0.167045474052429 0.162601917982101 0.156950116157532 0.151444092392921 0.146343871951103 0.143287047743797 0.143388226628304 0.143391951918602 0.143306240439415
-9999 -9999 -9999 -9999 -9999 0.198254004120827 0.198289901018143 0.198532238602638 0.198563426733017 0.19552555680275 0.19271793961525 0.190791681408882 0.190641358494759 0.194005087018013 0.193712875247002 0.189202293753624 0.187912583351135 0.188834801316261 0.191384568810463 0.194562777876854 0.180617392063141 0.163650214672089 0.146406576037407 0.13103649020195 0.131329610943794 0.131324842572212 0.130354285240173 0.1325793415308 0.140381067991257 0.148650661110878 0.157401666045189 0.160133510828018 0.15919853746891 0.159120783209801 0.159328773617744 0.159984931349754 0.160642728209496 0.152922183275223 0.145023986697197 0.135994464159012 0.127246916294098 0.11928428709507 0.114538833498955 0.114765338599682 0.114908389747143 0.114974848926067
-9999 -9999 -9999 -9999 -9999 0.198327943682671 0.198254004120827 0.197016850113869 0.194792538881302 0.181755021214485 0.172347277402878 0.176832750439644 0.179988086223602 0.180511474609375 0.174066916108131 0.159582436084747 0.150299206376076 0.144587889313698 0.151054129004478 0.16222257912159 0.160756573081017 0.157060980796814 0.149480640888214 0.142762884497643 0.143942072987556 0.145031616091728 0.145830541849136 0.146944552659988 0.148608386516571 0.150554835796356 0.152792081236839 0.149861335754395 0.143782272934914 0.142226859927177 0.142179310321808 0.142773628234863 0.143447890877724 0.142907753586769 0.142396733164787 0.142071157693863 0.141634881496429 0.140890464186668 0.14007505774498 0.139149889349937 0.139082223176956 0.139801546931267
-9999 -9999 0.198451220989227 0.198445722460747 0.198450937867165 0.19840195775032 0.198327854275703 0.194284602999687 0.189086839556694 0.17279951274395 0.161664754152298 0.170251801609993 0.174120634794235 0.168653413653374 0.156198740005493 0.135681599378586 0.123449847102165 0.116908028721809 0.127051949501038 0.143638849258423 0.150567129254341 0.155790954828262 0.154817700386047 0.153968751430511 0.155286446213722 0.156825557351112 0.159082546830177 0.159620583057404 0.157158836722374 0.154571235179901 0.151854112744331 0.145644292235374 0.13730676472187 0.135081678628922 0.13489405810833 0.135498046875 0.136239573359489 0.140889063477516 0.145615816116333 0.150834679603577 0.155596628785133 0.159086614847183 0.160831868648529 0.159880727529526 0.160040751099586 0.161220625042915
-9999.000000000000000 -9999 -9999 -9999 0.198484256863594 0.198499917984009 0.198545053601265 0.188897341489792 0.179159671068192 0.174349695444107 0.172120347619057 0.179768577218056 0.178695127367973 0.160363912582397 0.142209410667419 0.124258831143379 0.120086021721363 0.125375032424927 0.138675630092621 0.155069783329964 0.161479234695435 0.166126668453217 0.165092259645462 0.164038866758347 0.163864031434059 0.164445951581001 0.167481541633606 0.168611064553261 0.166414335370064 0.163196176290512 0.158926993608475 0.154638662934303 0.150338649749756 0.149206817150116 0.149131044745445 0.149900808930397 0.150820359587669 0.156315878033638 0.161590740084648 0.165460497140884 0.16862840950489 0.169842585921288 0.171160757541656 0.172639667987823 0.173983991146088 0.175204783678055
-9999 -9999 -9999 -9999 0.198509335517883 0.198550879955292 0.198595091700554 0.185576409101486 0.173170611262321 0.176014855504036 0.179226964712143 0.183847114443779 0.177767977118492 0.150517970323563 0.130944356322289 0.120228074491024 0.123006269335747 0.135051727294922 0.148946911096573 0.163556352257729 0.170035287737846 0.175079450011253 0.1744564473629 0.173683360219002 0.172693520784378 0.172497346997261 0.174874484539032 0.175688803195953 0.173775851726532 0.170581519603729 0.166068702936172 0.163477033376694 0.162055686116219 0.161973387002945 0.162337437272072 0.163091599941254 0.1639284491539 0.168764248490334 0.173315033316612 0.176050752401352 0.178272217512131 0.179062142968178 0.180483669042587 0.182881325483322 0.184511989355087 0.185438707470894
-9999 -9999 -9999 -9999 0.198514044284821 0.198477193713188 0.198431700468063 0.184855118393898 0.172136023640633 0.177824676036835 0.182120278477669 0.181083872914314 0.169919312000275 0.138713926076889 0.123106628656387 0.125497087836266 0.133832380175591 0.146250277757645 0.157516777515411 0.168338656425476 0.175627276301384 0.182292371988297 0.182675316929817 0.182792350649834 0.181839913129807 0.181090950965881 0.181001737713814 0.18036013841629 0.178754568099976 0.176407352089882 0.173297002911568 0.172119140625 0.172118559479713 0.173030778765678 0.174247235059738 0.174757614731789 0.175183743238449 0.177465483546257 0.179691657423973 0.181563943624496 0.183653682470322 0.186348795890808 0.188541010022163 0.189955994486809 0.190743312239647 0.190954551100731
-9999 -9999 -9999 -9999 0.198477193713188 0.198422119021416 0.198357477784157 0.187976270914078 0.178270637989044 0.18289503455162 0.185952216386795 0.183010846376419 0.170723214745522 0.139941975474358 0.125503420829773 0.129921779036522 0.141232624650002 0.157276853919029 0.167524144053459 0.175533011555672 0.181638360023499 0.187407791614532 0.188013732433319 0.188280686736107 0.186664938926697 0.185110002756119 0.183752283453941 0.182502314448357 0.181440383195877 0.180395349860191 0.179367691278458 0.179292470216751 0.179797470569611 0.180834501981735 0.182048872113228 0.182846918702126 0.183590248227119 0.184726402163506 0.185848191380501 0.186878487467766 0.18839605152607 0.191270083189011 0.193259984254837 0.193883523344994 0.19407194852829 0.193861037492752
-9999 -9999 -9999 -9999 0.19841893017292 0.198357477784157 0.194491267204285 0.193979322910309 0.189782217144966 0.190410807728767 0.190488144755363 0.188455507159233 0.178016647696495 0.150944218039513 0.135576203465462 0.133713230490685 0.146063432097435 0.16817444562912 0.178609669208527 0.184536442160606 0.187963783740997 0.19095005095005 0.191191792488098 0.191053479909897 0.188248887658119 0.185698091983795 0.183970272541046 0.182747602462769 0.18240649998188 0.183004945516586 0.184570163488388 0.185364171862602 0.185688361525536 0.186197936534882 0.18676932156086 0.188253656029701 0.189860135316849 0.190907061100006 0.191839635372162 0.192044049501419 0.192659124732018 0.194417327642441 0.195475175976753 0.195450678467751 0.195223554968834 0.194810464978218
-9999 -9999 -9999 -9999 0.198357477784157 0.197653770446777 0.197334185242653 0.197651967406273 0.196767285466194 0.193420335650444 0.191023543477058 0.192263528704643 0.184971585869789 0.160797357559204 0.145220771431923 0.139564529061317 0.149363920092583 0.169777423143387 0.180421873927116 0.187294140458107 0.190246492624283 0.192507117986679 0.193081945180893 0.193382352590561 0.191703408956528 0.190100833773613 0.188745900988579 0.187638744711876 0.186964005231857 0.18738004565239 0.188918471336365 0.189653769135475 0.189899817109108 0.190283492207527 0.190713062882423 0.192108556628227 0.193630754947662 0.194206714630127 0.194707915186882 0.194732934236526 0.194986119866371 0.195874512195587 0.196329966187477 0.196116358041763 0.195880562067032 0.195624426007271
-9999 -9999 -9999 -9999 -9999 0.20002207159996 0.200432181358337 0.200371250510216 0.201812386512756 0.194498583674431 0.189844399690628 0.195370107889175 0.1917814463377 0.170157998800278 0.154681816697121 0.146298602223396 0.152008563280106 0.167396917939186 0.17825973033905 0.18737505376339 0.190796598792076 0.193213373422623 0.194420143961906 0.195520952343941 0.195959627628326 0.196138471364975 0.195474833250046 0.194520995020866 0.193060725927353 0.192511811852455 0.192900687456131 0.193179592490196 0.193391487002373 0.193821370601654 0.194323927164078 0.195298403501511 0.196330234408379 0.196271657943726 0.196237668395042 0.196360349655151 0.196483373641968 0.196607366204262 0.196601703763008 0.196395665407181 0.196325585246086 0.19638030230999
-9999 -9999 -9999 -9999 -9999 0.201984062790871 0.202299833297729 0.203273341059685 0.202660143375397 0.194831371307373 0.189878135919571 0.195931240916252 0.192805752158165 0.171518385410309 0.156071737408638 0.147364348173141 0.152348399162292 0.166734993457794 0.176950603723526 0.185555621981621 0.189908310770988 0.193510591983795 0.195216581225395 0.196771278977394 0.197411209344864 0.197737589478493 0.197047337889671 0.196399927139282 0.195827320218086 0.195580407977104 0.195668622851372 0.195755109190941 0.195840537548065 0.196076244115829 0.196362063288689 0.196793243288994 0.197239950299263 0.197051241993904 0.196896955370903 0.196961879730225 0.197027310729027 0.197094157338142 0.197096675634384 0.196999788284302 0.19703496992588 0.197191342711449
-9999 -9999 -9999 -9999 -9999 0.202884331345558 0.203220173716545 0.203254893422127 0.20263946056366 0.195009917020798 0.190162822604179 0.195965737104416 0.192633032798767 0.171223521232605 0.155791729688644 0.147257298231125 0.152211382985115 0.16642864048481 0.17581795156002 0.183343023061752 0.188722416758537 0.193723157048225 0.195900931954384 0.197837814688683 0.198282510042191 0.198418393731117 0.197552964091301 0.197243675589561 0.197904914617538 0.198222115635872 0.198185309767723 0.198134005069733 0.198073863983154 0.198065668344498 0.198074787855148 0.197937399148941 0.197779357433319 0.197564899921417 0.197376161813736 0.197351157665253 0.197374001145363 0.197530031204224 0.197637841105461 0.197671115398407 0.197799026966095 0.198013797402382
-9999 -9999 -9999 -9999 -9999 -9999 0.203133001923561 0.203132271766663 0.202618479728699 0.196094304323196 0.191902726888657 0.1966392993927 0.192803114652634 0.172003895044327 0.155160963535309 0.142883002758026 0.146868601441383 0.162023112177849 0.171992346644402 0.179959356784821 0.187865734100342 0.195761412382126 0.197326987981796 0.1986273676157 0.198872834444046 0.198884963989258 0.198140501976013 0.197777077555656 0.19807855784893 0.19819949567318 0.198134645819664 0.19808267056942 0.198038533329964 0.198018059134483 0.198005482554436 0.197898536920547 0.19778023660183 0.197899460792542 0.197993546724319 0.197927683591843 0.197915256023407 0.198051616549492 0.198176369071007 0.198283210396767 0.198428347706795 0.198608621954918
-9999 -9999 -9999 -9999 -9999 -9999 0.203046053647995 0.203011855483055 0.202600166201591 0.197173193097115 0.193644300103188 0.197380468249321 0.192927747964859 0.172271534800529 0.154009848833084 0.13851110637188 0.141730144619942 0.157803520560265 0.168366968631744 0.176802828907967 0.18708997964859 0.197703823447227 0.198657885193825 0.199325680732727 0.199370741844177 0.199264481663704 0.198667645454407 0.198253452777863 0.198157981038094 0.19806744158268 0.197981998324394 0.19792352616787 0.197881489992142 0.197854891419411 0.197833463549614 0.1977828592062 0.197731763124466 0.198172003030777 0.198538944125175 0.198439031839371 0.198393285274506 0.198498278856277 0.198627904057503 0.198795571923256 0.198949217796326 0.199089974164963
-9999 -9999 -9999 -9999 -9999 -9999 0.20253087580204 0.202994018793106 0.202610373497009 0.19776064157486 0.194708645343781 0.198537617921829 0.1924037784338 0.166556283831596 0.147475674748421 0.136202946305275 0.141257852315903 0.157525673508644 0.168163999915123 0.176628574728966 0.187020286917686 0.197752058506012 0.198619306087494 0.199182957410812 0.199016869068146 0.19881771504879 0.198511376976967 0.198269918560982 0.198141664266586 0.19804073870182 0.197967931628227 0.197775319218636 0.197509720921516 0.197431966662407 0.197416841983795 0.197412982583046 0.197413966059685 0.19786873459816 0.198250308632851 0.198165729641914 0.198103830218315 0.198104992508888 0.198152706027031 0.198272407054901 0.198377713561058 0.198469817638397
-9999 -9999 -9999 -9999 -9999 0.201620429754257 0.201112121343613 0.20158676803112 0.201212674379349 0.196866855025291 0.194140613079071 0.197613388299942 0.189698830246925 0.159251943230629 0.140664175152779 0.135759964585304 0.143248349428177 0.159247279167175 0.169772148132324 0.178183272480965 0.187883764505386 0.197811767458916 0.198445945978165 0.198798581957817 0.198500990867615 0.198257714509964 0.198190480470657 0.198100477457047 0.197970733046532 0.19787885248661 0.19782592356205 0.19756355881691 0.197173595428467 0.197076022624969 0.19707590341568 0.197112873196602 0.197157666087151 0.197576180100441 0.197928547859192 0.197859808802605 0.197790116071701 0.19771783053875 0.197706401348114 0.197789043188095 0.197869688272476 0.197948515415192
-9999 -9999 -9999 -9999 0.200369402766228 0.201206967234612 0.201620429754257 0.198247268795967 0.194652572274208 0.190541848540306 0.187587141990662 0.189057245850563 0.178996846079826 0.146120816469193 0.132835879921913 0.142155990004539 0.154269143939018 0.168300420045853 0.178021222352982 0.186077579855919 0.192168951034546 0.197913572192192 0.197778403759003 0.197528079152107 0.197391107678413 0.197282493114471 0.197265908122063 0.197249338030815 0.19723279774189 0.197221249341965 0.197214856743813 0.197118833661079 0.196968212723732 0.196965679526329 0.1970124989748 0.197068572044373 0.197126910090446 0.19732291996479 0.197485372424126 0.19743424654007 0.197387546300888 0.197353199124336 0.197365984320641 0.19745160639286 0.197594404220581 0.197789683938026
