Ecospace-environmental-drivers/Outputs/ASCII-for-ecospace/MOM6-ISIMIP3a/o2-bot/1987-04_o2-bot_MOM6-ISIMIP3a.asc
NCOLS 131 
NROWS 53 
XLLCORNER -98 
YLLCORNER 23.9265270233154 
CELLSIZE 0.133587792515755 
NODATA_value -9999 
[rows 0 to 20 of 53, columns 46 to 91 of 131]
-9999 -9999 -9999 -9999 -9999 -9999 -9999 -9999 -9999 -9999 -9999 -9999 -9999 -9999 -9999 -9999 -9999 -9999 -9999 -9999 -9999 -9999 -9999 -9999 -9999 -9999 -9999 -9999 -9999 -9999 -9999 -9999 -9999 -9999 -9999 -9999 -9999 -9999 -9999 -9999 -9999 -9999 -9999 -9999 -9999 -9999
-9999 -9999 -9999 -9999 -9999 -9999 -9999 -9999 -9999 -9999 -9999 -9999 -9999 -9999 -9999 -9999 -9999 -9999 -9999 -9999 -9999 -9999 -9999 -9999 -9999 -9999 -9999 -9999 -9999 -9999 -9999 -9999 -9999 -9999 -9999 -9999 -9999 -9999 -9999 -9999 -9999 -9999 -9999 -9999 -9999 -9999
-9999 -9999 -9999 -9999 -9999 -9999 -9999 -9999 -9999 -9999 -9999 -9999 -9999 -9999 -9999 -9999 -9999 -9999 -9999 -9999 -9999 -9999 -9999 -9999 -9999 -9999 -9999 -9999 0.234966307878494 0.235459893941879 -9999 -9999 -9999 -9999 -9999 -9999 -9999 -9999 -9999 -9999 -9999 -9999 -9999 -9999 -9999 -9999
-9999 -9999 -9999 -9999 -9999 -9999 -9999 -9999 -9999 -9999 -9999 -9999 -9999 -9999 -9999 -9999 -9999 -9999 -9999 -9999 -9999 -9999 -9999 -9999 -9999 -9999 -9999 -9999 0.235237747430801 0.235535383224487 -9999 -9999 -9999 -9999 -9999 -9999 -9999 -9999 -9999 -9999 -9999 -9999 -9999 -9999 -9999 -9999
-9999 -9999 -9999 -9999 -9999 -9999 -9999 -9999 -9999 -9999 -9999 -9999 -9999 -9999 -9999 -9999 -9999 -9999 -9999 0.233702138066292 0.233128502964973 0.232669606804848 0.229992687702179 0.228333577513695 0.22716398537159 0.228920206427574 0.232290372252464 0.234553545713425 0.235533460974693 0.235626250505447 0.235446438193321 -9999 -9999 0.237907201051712 0.239484697580338 0.239380955696106 0.237380385398865 0.233839690685272 0.231224864721298 0.230762138962746 0.232285499572754 0.235126674175262 0.237523287534714 -9999 -9999 -9999
-9999 -9999 -9999 -9999 -9999 -9999 -9999 -9999 -9999 -9999 -9999 -9999 -9999 -9999 -9999 0.200515389442444 -9999 0.207320794463158 0.21302242577076 0.223302990198135 0.233702138066292 0.233013778924942 0.232669606804848 0.227315783500671 0.225015357136726 0.229160815477371 0.232584446668625 0.235125854611397 0.235950320959091 0.235524222254753 0.235404193401337 0.235410898923874 0.23642586171627 0.237639039754868 0.239656701683998 0.241158336400986 0.237327843904495 0.233654975891113 0.230536267161369 0.229483351111412 0.232266813516617 0.235106319189072 0.238006874918938 0.239456653594971 0.239967688918114 -9999
-9999 -9999 -9999 -9999 -9999 -9999 -9999 -9999 -9999 -9999 -9999 0.171110615134239 0.170771881937981 0.170204281806946 0.167851075530052 0.182539284229279 0.199792459607124 0.201238319277763 0.207701653242111 0.21302242577076 0.223184406757355 0.233702138066292 0.232669606804848 0.227315783500671 0.225015357136726 0.229160815477371 0.232584446668625 0.235125854611397 0.235950320959091 0.235524222254753 0.235404193401337 0.235410898923874 0.23642586171627 0.237639039754868 0.239656701683998 0.241158336400986 0.237327843904495 0.233654975891113 0.230536267161369 0.229483351111412 0.232266813516617 0.235106319189072 0.238006874918938 0.239456653594971 0.239967688918114 0.240102753043175
-9999 -9999 -9999 -9999 -9999 -9999 -9999 -9999 -9999 -9999 -9999 0.172926783561707 0.171110615134239 0.170433133840561 -9999 0.164050981402397 0.178545564413071 0.198346599936485 0.201238319277763 0.208844199776649 0.21302242577076 0.222828671336174 0.230323180556297 0.228142723441124 0.224150463938713 0.216333359479904 0.213402256369591 0.216442838311195 0.21729739010334 0.216559648513794 0.218467772006989 0.22147162258625 0.22316338121891 0.224597215652466 0.227047771215439 0.229067906737328 0.22651569545269 0.224351212382317 0.223550081253052 0.224503234028816 0.228714317083359 0.232269167900085 0.235109031200409 0.234859749674797 0.232611641287804 0.235815584659576
-9999 -9999 -9999 -9999 -9999 -9999 -9999 -9999 -9999 -9999 -9999 -9999 -9999 -9999 -9999 0.166340962052345 0.156056344509125 0.170745640993118 0.195454865694046 0.201238319277763 0.212271854281425 0.220682740211487 0.227732047438622 0.229083001613617 0.223373204469681 0.202757596969604 0.192884117364883 0.196139737963676 0.196937620639801 0.19594532251358 0.200089603662491 0.206361100077629 0.208863198757172 0.210624322295189 0.213440001010895 0.215908065438271 0.214598894119263 0.213975504040718 0.215763315558434 0.218936547636986 0.224682658910751 0.229029089212418 0.231850519776344 0.229848146438599 0.224724546074867 0.230490639805794
0.245391085743904 0.245653316378593 -9999 -9999 -9999 -9999 -9999 -9999 -9999 -9999 -9999 0.202755093574524 0.174788370728493 -9999 -9999 -9999 0.159511536359787 0.140256762504578 0.157266676425934 0.18967142701149 0.18983793258667 0.209133893251419 0.225685730576515 0.23075307905674 0.228843450546265 0.212204903364182 0.199418321251869 0.191339656710625 0.18901801109314 0.190889686346054 0.196679592132568 0.204092174768448 0.209388703107834 0.214269280433655 0.213510513305664 0.212066888809204 0.205973029136658 0.202302232384682 0.207151055335999 0.212241545319557 0.217780858278275 0.222808033227921 0.227277219295502 0.228104218840599 0.226574555039406 0.229482531547546
0.245275139808655 0.246031492948532 0.246087312698364 -9999 -9999 -9999 -9999 -9999 -9999 -9999 -9999 0.215205058455467 0.197652369737625 0.174788370728493 -9999 -9999 0.165690809488297 0.141733199357986 0.113346293568611 0.140344142913818 0.170998007059097 0.19948510825634 0.224122688174248 0.232649594545364 0.233813628554344 0.219434022903442 0.204092085361481 0.187573924660683 0.183135896921158 0.187496840953827 0.194371849298477 0.202288046479225 0.209357529878616 0.216260567307472 0.212200284004211 0.206930100917816 0.193806827068329 0.185676202178001 0.19509993493557 0.203386157751083 0.209559872746468 0.216049268841743 0.222882628440857 0.226640224456787 0.228407666087151 0.228855848312378
0.245275139808655 0.246031492948532 0.24619896709919 0.245393201708794 0.246114432811737 -9999 -9999 -9999 -9999 -9999 -9999 -9999 0.208414897322655 0.192806422710419 0.174788370728493 0.171110615134239 0.165690809488297 0.141733199357986 0.113346293568611 0.140559583902359 0.171435624361038 0.200027868151665 0.22515182197094 0.235760763287544 0.236101493239403 0.21476523578167 0.198786675930023 0.189356312155724 0.188182577490807 0.193022847175598 0.197976410388947 0.202976882457733 0.206340312957764 0.209381952881813 0.203483954071999 0.194843873381615 0.162650927901268 0.142484426498413 0.164603486657143 0.182942867279053 0.194262951612473 0.20640629529953 0.21944659948349 0.226677730679512 0.23015008866787 0.23027503490448
0.244243323802948 0.244719132781029 0.244712576270103 0.244568839669228 0.246092408895493 -9999 -9999 -9999 -9999 0.236021652817726 0.220316201448441 0.211463704705238 0.212019413709641 0.201761573553085 0.182656362652779 0.172740131616592 0.167176514863968 0.147425055503845 0.124283641576767 0.149462684988976 0.177855044603348 0.204700946807861 0.227617934346199 0.23409204185009 0.230933725833893 0.207440584897995 0.190384417772293 0.181195542216301 0.180223852396011 0.18523745238781 0.190002053976059 0.194663509726524 0.195798769593239 0.196240857243538 0.188387483358383 0.177257180213928 0.137116193771362 0.111577585339546 0.137381702661514 0.158599510788918 0.171300053596497 0.185196548700333 0.200396060943604 0.213475406169891 0.225182920694351 0.228152826428413
0.240631878376007 0.240125775337219 0.241903230547905 0.244330137968063 0.246092408895493 0.24768203496933 0.246447026729584 0.244994089007378 0.242432534694672 0.236021652817726 0.220316201448441 0.211463704705238 0.212019413709641 0.203538134694099 0.187663033604622 0.178443491458893 0.172376558184624 0.167346835136414 0.162564933300018 0.180085435509682 0.199229270219803 0.21970009803772 0.233676552772522 0.220473378896713 0.207126468420029 0.193476110696793 0.174239814281464 0.148176327347755 0.139750927686691 0.144172832369804 0.15307979285717 0.163844153285027 0.16644598543644 0.167443245649338 0.157340317964554 0.145919024944305 0.125634610652924 0.111383683979511 0.118346728384495 0.124505802989006 0.129171803593636 0.135069280862808 0.142308443784714 0.167172804474831 0.203441485762596 0.217176973819733
0.219476014375687 0.21906541287899 0.227835029363632 0.239215508103371 0.241641283035278 0.2430210262537 0.240906074643135 0.238763362169266 0.236479371786118 0.23086453974247 0.217207074165344 0.210494086146355 0.213314920663834 0.207107812166214 0.19351427257061 0.184502944350243 0.17766210436821 0.17939230799675 0.183170422911644 0.196240544319153 0.209852397441864 0.222058042883873 0.22627304494381 0.197046473622322 0.175481632351875 0.170091286301613 0.156097561120987 0.131588727235794 0.125582158565521 0.133052334189415 0.144129931926727 0.156701490283012 0.157737284898758 0.156505420804024 0.142809301614761 0.129118800163269 0.119992509484291 0.112050496041775 0.108272455632687 0.105400651693344 0.104211829602718 0.104745864868164 0.10715701431036 0.135534450411797 0.180713295936584 0.202292501926422
0.173515573143959 0.174723699688911 0.197848841547966 0.227207183837891 0.230897068977356 0.231770187616348 0.227531239390373 0.223723530769348 0.222109526395798 0.218416199088097 0.20970219373703 0.208153560757637 0.216442048549652 0.213212624192238 0.200559571385384 0.191065818071365 0.183068573474884 0.180302157998085 0.178785562515259 0.191941052675247 0.205275475978851 0.206543609499931 0.199836567044258 0.159752532839775 0.132755905389786 0.13338777422905 0.135130971670151 0.138232424855232 0.14860263466835 0.164267316460609 0.174727916717529 0.183033302426338 0.178215548396111 0.170818105340004 0.151629105210304 0.132872551679611 0.122606344521046 0.113934218883514 0.110866978764534 0.107486583292484 0.103524632751942 0.102421499788761 0.104433141648769 0.12462867051363 0.156590044498444 0.181881994009018
0.150490939617157 0.150683730840683 0.174865826964378 0.20587046444416 0.215491712093353 0.222530871629715 0.218951150774956 0.214052319526672 0.202443420886993 0.193708941340446 0.191915079951286 0.197580218315125 0.213485583662987 0.213871091604233 0.201558694243431 0.192352771759033 0.184618309140205 0.1823790371418 0.181452736258507 0.191210374236107 0.200017169117928 0.184301540255547 0.166309341788292 0.138789474964142 0.12258142977953 0.130253493785858 0.140877306461334 0.155108764767647 0.16932013630867 0.183516874909401 0.190898939967155 0.195458814501762 0.187853306531906 0.177856370806694 0.15706180036068 0.136843040585518 0.126155599951744 0.116953864693642 0.112975887954235 0.109042398631573 0.105191521346569 0.103827878832817 0.105174161493778 0.117231093347073 0.136218324303627 0.160291254520416
0.146781012415886 0.143740281462669 0.157780304551125 0.176678121089935 0.196161150932312 0.214985474944115 0.214408800005913 0.208902135491371 0.178317233920097 0.158678203821182 0.165469080209732 0.180073842406273 0.205406010150909 0.209943100810051 0.197466239333153 0.189196765422821 0.182920232415199 0.185438692569733 0.190058574080467 0.193485081195831 0.19418503344059 0.156393975019455 0.126810878515244 0.131578966975212 0.139818981289864 0.155388474464417 0.169119089841843 0.180602207779884 0.188098236918449 0.19269010424614 0.194920763373375 0.196173548698425 0.188362047076225 0.178768739104271 0.15964213013649 0.140996009111404 0.130492582917213 0.120930083096027 0.114675864577293 0.110151797533035 0.108840838074684 0.108375988900661 0.108833014965057 0.112787827849388 0.119005873799324 0.137706652283669
0.154726758599281 0.151277154684067 0.157352283596992 0.166136234998703 0.181788742542267 0.197530314326286 0.196694865822792 0.192163035273552 0.168828159570694 0.154729828238487 0.162934094667435 0.176182717084885 0.196356564760208 0.201778993010521 0.195132225751877 0.179706230759621 0.160121724009514 0.159569203853607 0.163564071059227 0.164485841989517 0.163447603583336 0.136954471468925 0.119224898517132 0.138171687722206 0.156273856759071 0.172592997550964 0.184747993946075 0.191813573241234 0.195453122258186 0.196597218513489 0.196789354085922 0.196587234735489 0.191301301121712 0.185016021132469 0.166649878025055 0.148561894893646 0.137561500072479 0.127195551991463 0.119060344994068 0.113206833600998 0.111590698361397 0.110805027186871 0.110924176871777 0.112099722027779 0.113958798348904 0.125268131494522
0.168376430869102 0.16590029001236 0.165075927972794 0.164721339941025 0.169842720031738 0.175225600600243 0.172535136342049 0.169752657413483 0.166502043604851 0.165992245078087 0.172100424766541 0.178954467177391 0.186832472681999 0.191541850566864 0.193658739328384 0.167115777730942 0.126997277140617 0.119542650878429 0.1198925152421 0.120182074606419 0.120522230863571 0.121658980846405 0.127255946397781 0.151519298553467 0.172345742583275 0.185916587710381 0.194204524159431 0.196035698056221 0.197217836976051 0.197927251458168 0.197604209184647 0.196853592991829 0.195429965853691 0.193874046206474 0.175824299454689 0.157797962427139 0.145967349410057 0.134581327438354 0.124758541584015 0.117214001715183 0.113900400698185 0.112197056412697 0.11224814504385 0.113249272108078 0.114865109324455 0.117794826626778
0.176112040877342 0.174649327993393 0.172747105360031 0.170719891786575 0.171891182661057 0.173248291015625 0.170782700181007 0.168952777981758 0.170356377959251 0.172795206308365 0.177733689546585 0.182616531848907 0.18742299079895 0.1900584846735 0.190917775034904 0.162390142679214 0.119942590594292 0.117140889167786 0.123811908066273 0.126523688435555 0.129213213920593 0.135537639260292 0.144642218947411 0.165382072329521 0.18228405714035 0.191083982586861 0.196305081248283 0.197152078151703 0.197902500629425 0.19858255982399 0.198141321539879 0.197235718369484 0.196852818131447 0.196572676301003 0.186460882425308 0.176199480891228 0.168033301830292 0.158144563436508 0.142199292778969 0.129724785685539 0.123695909976959 0.119494751095772 0.117284946143627 0.11587231606245 0.114975489675999 0.115131326019764
