Ecospace-environmental-drivers/Outputs/ASCII-for-ecospace/MOM6-ISIMIP3a/o2-bot/1988-11_o2-bot_MOM6-ISIMIP3a.asc
NCOLS 131 
NROWS 53 
XLLCORNER -98 
YLLCORNER 23.9265270233154 
CELLSIZE 0.133587792515755 
NODATA_value -9999 
[rows 21 to 41 of 53, columns 0 to 45 of 131]
-9999 -9999 -9999 -9999 -9999 -9999 0.213178426027298 0.213146656751633 0.21304190158844 0.212950572371483 0.213254675269127 0.214525267481804 0.214223593473434 0.213324993848801 0.212374061346054 0.211362734436989 0.210332050919533 0.209288045763969 0.208078384399414 0.206804767251015 0.206541016697884 0.206455498933792 0.204842090606689 0.203410312533379 0.203770816326141 0.203933298587799 0.203453749418259 0.202951088547707 0.202408134937286 0.202512934803963 0.203284278512001 0.204131796956062 0.205025732517242 0.204843133687973 0.204301670193672 0.203867182135582 0.203448086977005 0.203113436698914 0.202776312828064 0.202423468232155 0.201951682567596 0.201148733496666 0.196267038583755 0.185081914067268 0.176847591996193 0.171321511268616
-9999 -9999 -9999 -9999 -9999 -9999 0.213171660900116 0.213178426027298 0.213114887475967 0.212923750281334 0.212950572371483 0.212288185954094 0.211481258273125 0.210388317704201 0.209378764033318 0.208465382456779 0.207214295864105 0.205731317400932 0.204859092831612 0.204222694039345 0.20419579744339 0.204276472330093 0.201470166444778 0.198929846286774 0.199132815003395 0.199114561080933 0.198379009962082 0.197573930025101 0.196647524833679 0.196252107620239 0.196403086185455 0.19638392329216 0.1962611079216 0.195705771446228 0.195006266236305 0.192316114902496 0.189370185136795 0.189111813902855 0.188869118690491 0.188726246356964 0.188513919711113 0.188108295202255 0.185422480106354 0.179212793707848 0.174285128712654 0.170534119009972
-9999 -9999 -9999 -9999 0.213421121239662 0.213221460580826 0.213188409805298 0.213148146867752 0.213178426027298 0.213051334023476 0.212514653801918 0.210410222411156 0.208603799343109 0.207387059926987 0.206320032477379 0.205425754189491 0.203952997922897 0.202082991600037 0.201564326882362 0.201567485928535 0.201393768191338 0.2011888474226 0.196692571043968 0.192598298192024 0.192637041211128 0.192445039749146 0.191504821181297 0.190519243478775 0.189454525709152 0.188823416829109 0.188638493418694 0.187865361571312 0.186733901500702 0.185833275318146 0.185009583830833 0.180191233754158 0.174855828285217 0.17439004778862 0.173948466777802 0.173661053180695 0.173346400260925 0.172955960035324 0.172438934445381 0.171726256608963 0.170504629611969 0.16881588101387
-9999 -9999 -9999 -9999 0.213903665542603 0.213370949029922 0.213254511356354 0.213188409805298 0.21307760477066 0.211667358875275 0.210151344537735 0.208230525255203 0.206354156136513 0.204565733671188 0.20258666574955 0.20038765668869 0.199016630649567 0.198214247822762 0.197722673416138 0.197351112961769 0.190750151872635 0.183049887418747 0.169067323207855 0.156485989689827 0.156727880239487 0.156899988651276 0.156845808029175 0.157937809824944 0.161029994487762 0.165572598576546 0.171607658267021 0.173361018300056 0.172505989670753 0.172052800655365 0.171733558177948 0.170045673847198 0.168146029114723 0.163106426596642 0.157976895570755 0.152274519205093 0.14644481241703 0.140260636806488 0.136387690901756 0.136086612939835 0.135540813207626 0.134770423173904
-9999 -9999 -9999 -9999 -9999 0.213903665542603 0.213137209415436 0.21332061290741 0.212549299001694 0.209930077195168 0.207455590367317 0.205535069108009 0.203362748026848 0.200692221522331 0.196633115410805 0.190971791744232 0.187942117452621 0.186719700694084 0.187331959605217 0.188652664422989 0.178623199462891 0.166590765118599 0.146949827671051 0.1293113976717 0.129748538136482 0.130249619483948 0.130958020687103 0.133613482117653 0.139666736125946 0.147450059652328 0.15701362490654 0.159603148698807 0.157944172620773 0.157686352729797 0.157895565032959 0.158761844038963 0.159659937024117 0.15236060321331 0.144889682531357 0.13632620871067 0.127518549561501 0.11803112924099 0.112286917865276 0.112327627837658 0.112392917275429 0.112480759620667
-9999 -9999 -9999 -9999 -9999 0.213550090789795 0.213903665542603 0.212136164307594 0.210146576166153 0.20664370059967 0.203302159905434 0.200578078627586 0.197118923068047 0.192205250263214 0.18094465136528 0.162360697984695 0.149953484535217 0.141788139939308 0.148225530982018 0.160301595926285 0.159992262721062 0.157497316598892 0.148982360959053 0.141326099634171 0.141923978924751 0.142600029706955 0.14352959394455 0.145494222640991 0.149265140295029 0.151813611388206 0.153104215860367 0.149118423461914 0.141918286681175 0.140750527381897 0.141593530774117 0.142487064003944 0.143385335803032 0.143972754478455 0.144449695944786 0.144223019480705 0.143561884760857 0.141691297292709 0.140585601329803 0.140662029385567 0.141054451465607 0.141736909747124
-9999 -9999 0.212804526090622 0.212885335087776 0.212961867451668 0.213196098804474 0.213550508022308 0.210939913988113 0.20809043943882 0.204269677400589 0.200592190027237 0.197463020682335 0.192289352416992 0.183070167899132 0.165594667196274 0.138592645525932 0.12224380671978 0.113210991024971 0.124575763940811 0.1438167989254 0.150181859731674 0.154274702072144 0.15360814332962 0.152958959341049 0.153322920203209 0.15394726395607 0.15541584789753 0.156939670443535 0.158559873700142 0.157138779759407 0.152588218450546 0.144931703805923 0.135383069515228 0.133871272206306 0.135038420557976 0.136152297258377 0.13729302585125 0.143189236521721 0.148926287889481 0.153649792075157 0.157983854413033 0.161233797669411 0.16342867910862 0.163993015885353 0.164807692170143 0.165852144360542
-9999.000000000000000 -9999 -9999 -9999 0.212498039007187 0.212727636098862 0.212511733174324 0.209717944264412 0.206790462136269 0.203886285424232 0.201031669974327 0.198366791009903 0.190545484423637 0.17252105474472 0.150983214378357 0.125391468405724 0.116961292922497 0.120316751301289 0.134650141000748 0.153222516179085 0.159616529941559 0.163861438632011 0.163892045617104 0.163758650422096 0.163027688860893 0.163105711340904 0.165806829929352 0.167435348033905 0.167192056775093 0.164562046527863 0.159476146101952 0.154486358165741 0.149555131793022 0.148934036493301 0.149749621748924 0.151505142450333 0.153416976332664 0.15899720788002 0.164130181074142 0.166414737701416 0.168868273496628 0.171792164444923 0.174368381500244 0.17640732228756 0.177851766347885 0.178750604391098
-9999 -9999 -9999 -9999 0.211887821555138 0.211570382118225 0.211693361401558 0.208841219544411 0.205885574221611 0.203552305698395 0.200986504554749 0.197530657052994 0.18633808195591 0.159836679697037 0.13726918399334 0.119240790605545 0.118496991693974 0.129623308777809 0.144444182515144 0.160691663622856 0.167752161622047 0.17319144308567 0.173746466636658 0.17399787902832 0.172610476613045 0.172060191631317 0.17422416806221 0.175236567854881 0.174239322543144 0.171450585126877 0.16681843996048 0.164065778255463 0.162458077073097 0.162635266780853 0.163407430052757 0.165156900882721 0.167059749364853 0.171505510807037 0.175518676638603 0.176776811480522 0.17839078605175 0.180995345115662 0.183465555310249 0.185728147625923 0.187223196029663 0.188013806939125
-9999 -9999 -9999 -9999 0.211467906832695 0.211365431547165 0.211238890886307 0.208398848772049 0.205477729439735 0.203280508518219 0.20033161342144 0.194505572319031 0.179031327366829 0.144465982913971 0.124684184789658 0.121960245072842 0.128610581159592 0.141698628664017 0.153885528445244 0.165724441409111 0.174253478646278 0.18219843506813 0.183060586452484 0.183531999588013 0.182039812207222 0.18075804412365 0.180158495903015 0.179647922515869 0.179292649030685 0.177666410803795 0.174732387065887 0.173676341772079 0.17376434803009 0.174623608589172 0.175739958882332 0.176668524742126 0.177580997347832 0.179862543940544 0.182107076048851 0.18411585688591 0.186199933290482 0.188493594527245 0.190244644880295 0.191157132387161 0.191974148154259 0.192703530192375
-9999 -9999 -9999 -9999 0.211365431547165 0.211212247610092 0.211032435297966 0.20846264064312 0.205818921327591 0.203894451260567 0.201183080673218 0.195459768176079 0.180516719818115 0.147330388426781 0.128644868731499 0.126691028475761 0.136044427752495 0.153163015842438 0.16450060904026 0.173605933785439 0.181046783924103 0.188193902373314 0.189013719558716 0.189406216144562 0.187392458319664 0.185394778847694 0.183449313044548 0.182314708828926 0.182595133781433 0.182384818792343 0.181669503450394 0.181682735681534 0.182139784097672 0.183016315102577 0.184032648801804 0.184765607118607 0.185463175177574 0.186687052249908 0.187982529401779 0.189733877778053 0.191478669643402 0.193205207586288 0.194345593452454 0.194580078125 0.194995790719986 0.195577815175056
-9999 -9999 -9999 -9999 0.211203366518021 0.211032435297966 0.208997502923012 0.208906054496765 0.206721886992455 0.205172702670097 0.203164339065552 0.19939848780632 0.188596323132515 0.163871303200722 0.145015001296997 0.132930308580399 0.141468435525894 0.164169177412987 0.175996005535126 0.183623999357224 0.188059061765671 0.191930681467056 0.192446082830429 0.192535489797592 0.189687520265579 0.18698562681675 0.184757456183434 0.183673024177551 0.184584498405457 0.185980141162872 0.187874004244804 0.188485994935036 0.188317090272903 0.188712254166603 0.189295426011086 0.190301731228828 0.191366016864777 0.192362159490585 0.193323254585266 0.194061100482941 0.194859579205513 0.195826828479767 0.196437895298004 0.196498468518257 0.196720436215401 0.19709050655365
-9999 -9999 -9999 -9999 0.211032435297966 0.209019362926483 0.208128124475479 0.207588866353035 0.20739383995533 0.205786272883415 0.204087480902672 0.202039554715157 0.194202154874802 0.174909055233002 0.156825348734856 0.140137061476707 0.145794749259949 0.166798427700996 0.178650677204132 0.186969220638275 0.190746247768402 0.19372184574604 0.194164499640465 0.194328397512436 0.192631438374519 0.190951660275459 0.189327567815781 0.188494458794594 0.189041718840599 0.190151527523994 0.191840201616287 0.192305088043213 0.192024439573288 0.192215546965599 0.192563906311989 0.193475157022476 0.194461420178413 0.195061385631561 0.195652231574059 0.196185067296028 0.196699693799019 0.197163626551628 0.197480499744415 0.197570100426674 0.197697892785072 0.19786074757576
-9999 -9999 -9999 -9999 -9999 0.208069995045662 0.207919403910637 0.207889452576637 0.207966774702072 0.20611497759819 0.204557150602341 0.204124480485916 0.198747783899307 0.183588296175003 0.166681453585625 0.147758439183235 0.149650618433952 0.165837496519089 0.177516400814056 0.187454596161842 0.191579788923264 0.194679170846939 0.195148378610611 0.195548549294472 0.19585345685482 0.195935636758804 0.195295676589012 0.19480012357235 0.194556593894958 0.194569781422615 0.194847121834755 0.194845229387283 0.194673225283623 0.194779142737389 0.194977685809135 0.195636004209518 0.196353629231453 0.196485206484795 0.196690440177917 0.197364777326584 0.197879463434219 0.197949782013893 0.198073238134384 0.198278814554214 0.198355123400688 0.198312804102898
-9999 -9999 -9999 -9999 -9999 0.208096742630005 0.20816245675087 0.2082799077034 0.208131641149521 0.206295147538185 0.204802662134171 0.204626977443695 0.199752300977707 0.185579642653465 0.168922200798988 0.149397730827332 0.150482729077339 0.165721192955971 0.176501259207726 0.185559764504433 0.190564408898354 0.194853693246841 0.195652455091476 0.196366876363754 0.197015300393105 0.197393789887428 0.196897000074387 0.196544572710991 0.196444064378738 0.196419298648834 0.196472480893135 0.196416050195694 0.196292862296104 0.196358472108841 0.196487009525299 0.196854904294014 0.197252452373505 0.197172686457634 0.197177290916443 0.197719156742096 0.198128417134285 0.198168560862541 0.198271498084068 0.198471486568451 0.198546513915062 0.198506847023964
-9999 -9999 -9999 -9999 -9999 0.208085089921951 0.208208352327347 0.208317995071411 0.208212092518806 0.206444576382637 0.205001816153526 0.204802080988884 0.200024157762527 0.186187237501144 0.169587314128876 0.149799302220345 0.150689244270325 0.165779635310173 0.175510749220848 0.183172449469566 0.189166486263275 0.194866254925728 0.19605727493763 0.197102054953575 0.197750896215439 0.198122426867485 0.197594836354256 0.197345301508904 0.197581008076668 0.197737336158752 0.197811990976334 0.197786346077919 0.197699576616287 0.197734162211418 0.19780920445919 0.197878926992416 0.197945728898048 0.197707816958427 0.197550058364868 0.197902768850327 0.19818477332592 0.198269948363304 0.198388144373894 0.198557376861572 0.198641508817673 0.198647528886795
-9999 -9999 -9999 -9999 -9999 -9999 0.207884460687637 0.208027169108391 0.207882508635521 0.206087723374367 0.204692751169205 0.204828098416328 0.200454041361809 0.187157139182091 0.169197589159012 0.145858079195023 0.145728334784508 0.161537781357765 0.171863332390785 0.180071339011192 0.187999442219734 0.19587816298008 0.196903795003891 0.197747692465782 0.198327422142029 0.198632195591927 0.198045417666435 0.197712197899818 0.197821468114853 0.197887241840363 0.197908282279968 0.1978689879179 0.197792917490005 0.197789072990417 0.19780932366848 0.197802364826202 0.197792038321495 0.197834298014641 0.197906404733658 0.198168486356735 0.198383808135986 0.198468953371048 0.198568999767303 0.198692098259926 0.198784291744232 0.198848143219948
-9999 -9999 -9999 -9999 -9999 -9999 0.207413822412491 0.20730821788311 0.207498624920845 0.205702170729637 0.204375863075256 0.204849019646645 0.200725317001343 0.187505722045898 0.168212041258812 0.141909793019295 0.140985518693924 0.157489433884621 0.168426617980003 0.17721426486969 0.186973571777344 0.196904361248016 0.197751954197884 0.198379561305046 0.198831513524055 0.199031785130501 0.198416009545326 0.198015376925468 0.19799017906189 0.197963073849678 0.197934031486511 0.197875380516052 0.197798699140549 0.197759196162224 0.197732076048851 0.197669208049774 0.197604134678841 0.197917759418488 0.198212340474129 0.198385670781136 0.198533594608307 0.198610797524452 0.198690488934517 0.198774054646492 0.198873117566109 0.198986411094666
-9999 -9999 -9999 -9999 -9999 -9999 0.207096204161644 0.20690606534481 0.206731364130974 0.205252453684807 0.204218357801437 0.204886719584465 0.199228972196579 0.181053638458252 0.161374598741531 0.139960512518883 0.141037195920944 0.157559305429459 0.168506547808647 0.177301123738289 0.187343373894691 0.197605788707733 0.198406368494034 0.198907405138016 0.19863885641098 0.198360711336136 0.198051512241364 0.19784614443779 0.197821944952011 0.197806820273399 0.197801023721695 0.197683542966843 0.197497993707657 0.19745571911335 0.197461202740669 0.197458103299141 0.197455868124962 0.19773730635643 0.197988361120224 0.198045924305916 0.198089972138405 0.198096334934235 0.198148086667061 0.198270007967949 0.198363527655602 0.198430955410004
-9999 -9999 -9999 -9999 -9999 0.208132088184357 0.207192033529282 0.207074329257011 0.205957561731339 0.204801827669144 0.203892365098 0.203925609588623 0.195967108011246 0.172195225954056 0.153070449829102 0.13930769264698 0.143304973840714 0.159498855471611 0.170293733477592 0.179003864526749 0.188562840223312 0.198271617293358 0.198811545968056 0.199035227298737 0.19829660654068 0.197716370224953 0.197649702429771 0.197598084807396 0.197572737932205 0.197564661502838 0.197574391961098 0.197430700063705 0.197193533182144 0.197159335017204 0.197192773222923 0.197235479950905 0.197280839085579 0.197516784071922 0.197717666625977 0.197695210576057 0.197668939828873 0.197632074356079 0.197666153311729 0.197809904813766 0.197905033826828 0.197955533862114
-9999 -9999 -9999 -9999 0.209343686699867 0.208411484956741 0.208132088184357 0.206655636429787 0.205159798264503 0.204347789287567 0.202948644757271 0.19930212199688 0.186231568455696 0.154513478279114 0.139388278126717 0.1434086561203 0.153698578476906 0.168294072151184 0.178341031074524 0.186631619930267 0.192897900938988 0.198806956410408 0.198302879929543 0.197696313261986 0.197405874729156 0.197170004248619 0.197111055254936 0.19706104695797 0.197026625275612 0.197007596492767 0.197004407644272 0.196954190731049 0.196875333786011 0.196888938546181 0.1969333589077 0.196970641613007 0.197007685899734 0.197149381041527 0.197275713086128 0.197304204106331 0.197330757975578 0.197351887822151 0.197405949234962 0.197510898113251 0.19763395190239 0.197773650288582
