Ecospace-environmental-drivers/Outputs/ASCII-for-ecospace/MOM6-ISIMIP3a/o2-bot/1990-03_o2-bot_MOM6-ISIMIP3a.asc
NCOLS 131 
NROWS 53 
XLLCORNER -98 
YLLCORNER 23.9265270233154 
CELLSIZE 0.133587792515755 
NODATA_value -9999 
[rows 21 to 41 of 53, columns 0 to 45 of 131]
-9999 -9999 -9999 -9999 -9999 -9999 0.243169873952866 0.243293210864067 0.243581920862198 0.244053870439529 0.24417445063591 0.244597405195236 0.244917199015617 0.245869770646095 0.245303809642792 0.242985680699348 0.236203581094742 0.226355865597725 0.224325269460678 0.225313156843185 0.227654919028282 0.230235606431961 0.228325679898262 0.22661292552948 0.227362737059593 0.227508962154388 0.225698083639145 0.224474489688873 0.224275782704353 0.224013835191727 0.223686829209328 0.223436519503593 0.223232924938202 0.222718968987465 0.222101554274559 0.221515998244286 0.220934048295021 0.220242992043495 0.219636559486389 0.219568952918053 0.219601467251778 0.219912692904472 0.219513818621635 0.218017518520355 0.217009767889977 0.216450408101082
-9999 -9999 -9999 -9999 -9999 -9999 0.243149623274803 0.243169873952866 0.243416547775269 0.243687391281128 0.244053870439529 0.243872061371803 0.242068111896515 0.237054437398911 0.234302520751953 0.234160333871841 0.230204835534096 0.223630547523499 0.22295705974102 0.224562078714371 0.226286351680756 0.228031665086746 0.226242169737816 0.224556967616081 0.224385723471642 0.22407104074955 0.22329118847847 0.222852751612663 0.223010078072548 0.223127827048302 0.22320482134819 0.223141208291054 0.222991913557053 0.222551077604294 0.222013056278229 0.221431419253349 0.220841884613037 0.219994276762009 0.219236731529236 0.219052717089653 0.218918040394783 0.218920722603798 0.218590259552002 0.217744961380959 0.217180535197258 0.216873899102211
-9999 -9999 -9999 -9999 0.242197826504707 0.24282705783844 0.2431311160326 0.243147864937782 0.243169873952866 0.243663221597672 0.243862584233284 0.242936655879021 0.238688051700592 0.227864846587181 0.223062112927437 0.225206062197685 0.224407345056534 0.221587747335434 0.222213581204414 0.224169820547104 0.224777802824974 0.225147843360901 0.222313091158867 0.219593971967697 0.218423143029213 0.217553719878197 0.217661529779434 0.21825760602951 0.219705745577812 0.220886290073395 0.221791490912437 0.222129583358765 0.222122222185135 0.221809327602386 0.221394598484039 0.220795348286629 0.22016453742981 0.218693494796753 0.217270538210869 0.216153919696808 0.21516989171505 0.214554935693741 0.214133575558662 0.21401135623455 0.213942393660545 0.213922306895256
-9999 -9999 -9999 -9999 0.240763023495674 0.242070093750954 0.242522984743118 0.2431311160326 0.24314258992672 0.243288576602936 0.242179200053215 0.23626483976841 0.230367392301559 0.224503427743912 0.221843764185905 0.222881346940994 0.222673803567886 0.221611171960831 0.221588671207428 0.221967801451683 0.219619050621986 0.2167888879776 0.192978978157043 0.171131744980812 0.169468387961388 0.168030381202698 0.167323097586632 0.173097789287567 0.190184146165848 0.203724265098572 0.213615357875824 0.21747237443924 0.217653498053551 0.217241033911705 0.216630727052689 0.216340720653534 0.216028600931168 0.206491485238075 0.196220800280571 0.181278616189957 0.168620243668556 0.162319511175156 0.158448070287704 0.158330917358398 0.158185571432114 0.158014327287674
-9999 -9999 -9999 -9999 -9999 0.240763023495674 0.241863250732422 0.241914853453636 0.242919817566872 0.24149152636528 0.238487884402275 0.229454472661018 0.222823664546013 0.220946952700615 0.21813602745533 0.214247167110443 0.212010771036148 0.210909217596054 0.211333736777306 0.21234755218029 0.208671405911446 0.204167604446411 0.167379260063171 0.133699834346771 0.131818771362305 0.13013069331646 0.129068329930305 0.138206332921982 0.165144890546799 0.186078131198883 0.20083199441433 0.206200465559959 0.205851450562477 0.205249547958374 0.204563349485397 0.20460370182991 0.204642713069916 0.190543428063393 0.175222754478455 0.15212394297123 0.132633805274963 0.123189307749271 0.117434076964855 0.117380395531654 0.117294386029243 0.117178685963154
-9999 -9999 -9999 -9999 -9999 0.240478485822678 0.240763023495674 0.241644024848938 0.241839915513992 0.233457654714584 0.225992307066917 0.22203654050827 0.218686550855637 0.216535195708275 0.20351305603981 0.177947744727135 0.162194430828094 0.153179481625557 0.158853888511658 0.170200422406197 0.172341078519821 0.17285718023777 0.158153906464577 0.144632712006569 0.143739089369774 0.143197447061539 0.14379708468914 0.148338690400124 0.159759387373924 0.166309282183647 0.167847245931625 0.16592501103878 0.161894857883453 0.160709366202354 0.160472109913826 0.160935372114182 0.161467880010605 0.158169999718666 0.154451295733452 0.14805269241333 0.142963990569115 0.141521766781807 0.140750572085381 0.141016438603401 0.141584888100624 0.142431050539017
-9999 -9999 0.239803642034531 0.239894822239876 0.240005120635033 0.240193620324135 0.240478828549385 0.240210428833961 0.238997682929039 0.227052137255669 0.217410817742348 0.216589063405991 0.214620724320412 0.210383653640747 0.189250573515892 0.148622140288353 0.125974237918854 0.115674369037151 0.126096501946449 0.144520163536072 0.150650814175606 0.154612138867378 0.155144318938255 0.155529990792274 0.155320420861244 0.155576571822166 0.15734276175499 0.158637657761574 0.159110054373741 0.155768096446991 0.148501217365265 0.142315611243248 0.136788696050644 0.135556533932686 0.135755926370621 0.136442601680756 0.137219592928886 0.141190737485886 0.145294338464737 0.150241434574127 0.154768794775009 0.158127710223198 0.160529062151909 0.161450549960136 0.162624835968018 0.164031133055687
-9999.000000000000000 -9999 -9999 -9999 0.239485740661621 0.23981662094593 0.23964287340641 0.236239850521088 0.232310324907303 0.224199458956718 0.217369228601456 0.215440779924393 0.210710510611534 0.20043620467186 0.17577463388443 0.134512394666672 0.119418822228909 0.122296459972858 0.136370629072189 0.154768213629723 0.160903036594391 0.164873853325844 0.165696606040001 0.166349589824677 0.16616216301918 0.166455402970314 0.168307140469551 0.169300079345703 0.168794363737106 0.165360257029533 0.158912897109985 0.155069127678871 0.152811422944069 0.152704000473022 0.153313338756561 0.153788104653358 0.154266253113747 0.157799288630486 0.161478504538536 0.166088581085205 0.169790983200073 0.170966684818268 0.172588169574738 0.174898594617844 0.17657259106636 0.177662506699562
-9999 -9999 -9999 -9999 0.238759383559227 0.238446965813637 0.238706409931183 0.233606591820717 0.228208869695663 0.222625449299812 0.217610493302345 0.214771375060081 0.205212250351906 0.182356134057045 0.156151622533798 0.126083582639694 0.120220273733139 0.130979418754578 0.145943567156792 0.162531420588493 0.169337719678879 0.174417853355408 0.175485402345657 0.176314428448677 0.175888061523438 0.175843000411987 0.177034348249435 0.177412629127502 0.176372066140175 0.173285737633705 0.168094381690025 0.165936663746834 0.165627017617226 0.166260331869125 0.167207956314087 0.167644590139389 0.168026953935623 0.170678690075874 0.173507407307625 0.177463218569756 0.180546283721924 0.181199908256531 0.182622164487839 0.185232296586037 0.186842307448387 0.187534391880035
-9999 -9999 -9999 -9999 0.238230764865875 0.238014549016953 0.237747594714165 0.232655748724937 0.227360665798187 0.22266012430191 0.218207612633705 0.214704409241676 0.197716102004051 0.154044553637505 0.128795102238655 0.124801859259605 0.130277246236801 0.142255157232285 0.154634356498718 0.167168498039246 0.175485789775848 0.18305891752243 0.184313639998436 0.185203909873962 0.184210106730461 0.183354511857033 0.182947039604187 0.18231725692749 0.181299492716789 0.179114431142807 0.17572820186615 0.174431517720222 0.174407765269279 0.175298675894737 0.176494479179382 0.177111640572548 0.177653655409813 0.178866490721703 0.180308640003204 0.183211073279381 0.185933500528336 0.188154891133308 0.190108403563499 0.191647931933403 0.192484721541405 0.192676544189453
-9999 -9999 -9999 -9999 0.238014549016953 0.237691387534142 0.237312033772469 0.233873054385185 0.230153128504753 0.22526091337204 0.220504730939865 0.216269165277481 0.19985194504261 0.159330651164055 0.135260924696922 0.13017375767231 0.137783348560333 0.154112383723259 0.165244102478027 0.174368932843208 0.181830644607544 0.188998863101006 0.190053731203079 0.19068044424057 0.188854739069939 0.187165826559067 0.185920521616936 0.18485751748085 0.184112668037415 0.183194875717163 0.182099133729935 0.181649804115295 0.181594267487526 0.182278007268906 0.183208152651787 0.184120520949364 0.185028702020645 0.185695335268974 0.186502426862717 0.188203945755959 0.190117761492729 0.192622527480125 0.194422990083694 0.19513501226902 0.195422753691673 0.195321083068848
-9999 -9999 -9999 -9999 0.237672656774521 0.237312033772469 0.236491411924362 0.236716508865356 0.235676109790802 0.229786321520805 0.224076867103577 0.219057723879814 0.209211871027946 0.189815327525139 0.167093858122826 0.140535950660706 0.143376305699348 0.166405767202377 0.177293106913567 0.18349190056324 0.188323080539703 0.192912936210632 0.193477690219879 0.193597257137299 0.190741270780563 0.188201978802681 0.18668957054615 0.18562451004982 0.185340136289597 0.185964152216911 0.187522903084755 0.187910661101341 0.187585070729256 0.187713027000427 0.187992185354233 0.189285770058632 0.190714970231056 0.191504925489426 0.192240595817566 0.192630603909492 0.193399801850319 0.195224612951279 0.196358799934387 0.196425661444664 0.196332454681396 0.196092367172241
-9999 -9999 -9999 -9999 0.237312033772469 0.237320303916931 0.237665608525276 0.238064035773277 0.237497478723526 0.230729684233665 0.22455458343029 0.220648020505905 0.214427798986435 0.20362950861454 0.18220280110836 0.148512572050095 0.14745719730854 0.16881363093853 0.17988084256649 0.18697501718998 0.191118851304054 0.194742038846016 0.195197403430939 0.195345968008041 0.193515971302986 0.191869258880615 0.190816879272461 0.189978569746017 0.189513817429543 0.189977556467056 0.191396668553352 0.191774263978004 0.191517353057861 0.191525921225548 0.191622987389565 0.192822933197021 0.194169342517853 0.194689050316811 0.195146664977074 0.195208877325058 0.195524647831917 0.196546226739883 0.197104662656784 0.196947380900383 0.196760311722755 0.19654592871666
-9999 -9999 -9999 -9999 -9999 0.237584084272385 0.237812161445618 0.238216280937195 0.237732410430908 0.230137884616852 0.223706096410751 0.221724763512611 0.217867702245712 0.210299074649811 0.190144211053848 0.155466809868813 0.150890067219734 0.166984781622887 0.178413718938828 0.188041031360626 0.192330300807953 0.19567759335041 0.196186706423759 0.196594059467316 0.196671307086945 0.196664184331894 0.196383476257324 0.195869967341423 0.194950193166733 0.194524154067039 0.194606155157089 0.194610446691513 0.194567397236824 0.194643601775169 0.19475956261158 0.195662304759026 0.196667149662971 0.196747943758965 0.196838945150375 0.196994990110397 0.1971535384655 0.197319030761719 0.197340548038483 0.1971395611763 0.196981653571129 0.196863308548927
-9999 -9999 -9999 -9999 -9999 0.236927658319473 0.237274467945099 0.237156167626381 0.236651092767715 0.22929011285305 0.223120674490929 0.221511915326118 0.217898577451706 0.210318714380264 0.190524309873581 0.156636252999306 0.151814624667168 0.166954204440117 0.177753135561943 0.186875984072685 0.191861674189568 0.196117281913757 0.196834608912468 0.19743537902832 0.197710365056992 0.197843462228775 0.197516456246376 0.197193413972855 0.196877300739288 0.196666389703751 0.196563750505447 0.196512922644615 0.196493655443192 0.196543022990227 0.196615263819695 0.197078213095665 0.197591364383698 0.197575092315674 0.197566598653793 0.19760762155056 0.197644159197807 0.197668254375458 0.197639212012291 0.19752810895443 0.197456851601601 0.197422176599503
-9999 -9999 -9999 -9999 -9999 0.23544155061245 0.235696345567703 0.23645094037056 0.235297441482544 0.228389397263527 0.222589701414108 0.221032246947289 0.21722412109375 0.208962485194206 0.189339980483055 0.156608819961548 0.152220204472542 0.167295694351196 0.177259430289268 0.185249328613281 0.191045418381691 0.196454375982285 0.197411894798279 0.198192536830902 0.198311567306519 0.198274657130241 0.197732120752335 0.197571769356728 0.198078319430351 0.198311164975166 0.198262348771095 0.198222219944 0.198187381029129 0.198190361261368 0.198205947875977 0.198199599981308 0.198189973831177 0.198147386312485 0.198094666004181 0.197977438569069 0.197899281978607 0.197929829359055 0.197950884699821 0.197957277297974 0.19798456132412 0.198031008243561
-9999 -9999 -9999 -9999 -9999 -9999 0.233353853225708 0.233481913805008 0.232977122068405 0.226878583431244 0.221456035971642 0.218620926141739 0.213435381650925 0.203598976135254 0.183386027812958 0.151200175285339 0.14761121571064 0.163661003112793 0.174049809575081 0.182252705097198 0.189857468008995 0.197356685996056 0.198130965232849 0.198703408241272 0.198821023106575 0.198744103312492 0.198036387562752 0.197680830955505 0.197939828038216 0.198056757450104 0.198027521371841 0.19800728559494 0.197992533445358 0.197957545518875 0.197915807366371 0.197837978601456 0.197758570313454 0.198152333498001 0.198490932583809 0.198478147387505 0.198472589254379 0.198487117886543 0.19850580394268 0.198530912399292 0.198568612337112 0.198617875576019
-9999 -9999 -9999 -9999 -9999 -9999 0.230874866247177 0.230128720402718 0.230636343359947 0.225399985909462 0.220393002033234 0.216263949871063 0.209494784474373 0.197501555085182 0.176710069179535 0.145766749978065 0.143230676651001 0.160203143954277 0.171025231480598 0.179472431540489 0.188763096928596 0.19820262491703 0.198797896504402 0.199164673686028 0.199241206049919 0.199106678366661 0.19828787446022 0.197763219475746 0.1977519094944 0.197739809751511 0.197726875543594 0.197718650102615 0.197713285684586 0.197643801569939 0.19755294919014 0.197431802749634 0.197313025593758 0.198105335235596 0.198802217841148 0.198891326785088 0.198956683278084 0.198955908417702 0.198971092700958 0.199010953307152 0.199054479598999 0.199101388454437
-9999 -9999 -9999 -9999 -9999 -9999 0.228259146213531 0.229013949632645 0.228538855910301 0.224556460976601 0.220371171832085 0.215409338474274 0.205421760678291 0.185489654541016 0.164610713720322 0.14263927936554 0.143682464957237 0.160530850291252 0.171271726489067 0.17965430021286 0.188844487071037 0.198177203536034 0.198840975761414 0.199214652180672 0.198752775788307 0.198310941457748 0.197934061288834 0.197689741849899 0.197676777839661 0.197662830352783 0.197647869586945 0.19756306707859 0.197435721755028 0.197364896535873 0.197312906384468 0.197258710861206 0.197208642959595 0.197775200009346 0.198270037770271 0.198308184742928 0.198336914181709 0.198339447379112 0.198364287614822 0.198423638939857 0.198466077446938 0.198492988944054
-9999 -9999 -9999 -9999 -9999 0.224704056978226 0.225898131728172 0.225634753704071 0.226297661662102 0.223245769739151 0.219662234187126 0.214043825864792 0.20084784924984 0.172657996416092 0.152346059679985 0.141124024987221 0.146232426166534 0.162555679678917 0.17309658229351 0.181404709815979 0.189795017242432 0.198199838399887 0.198723256587982 0.19895213842392 0.198164626955986 0.197556734085083 0.197531178593636 0.19751201570034 0.197503998875618 0.19749516248703 0.197485476732254 0.197361007332802 0.197166606783867 0.197103247046471 0.197083562612534 0.197085663676262 0.197093293070793 0.197451397776604 0.197760701179504 0.197759240865707 0.197757259011269 0.197753846645355 0.197781279683113 0.19785638153553 0.197916507720947 0.197962924838066
-9999 -9999 -9999 -9999 0.224604845046997 0.224484130740166 0.224704056978226 0.224239751696587 0.223529532551765 0.22022208571434 0.216433793306351 0.210804998874664 0.194437325000763 0.156820490956306 0.139475286006927 0.145520344376564 0.15647579729557 0.17080345749855 0.180708825588226 0.188906565308571 0.193932503461838 0.19839870929718 0.198015958070755 0.197543755173683 0.197210788726807 0.196954786777496 0.196948379278183 0.196952000260353 0.196973145008087 0.196994915604591 0.197017312049866 0.196988508105278 0.196928516030312 0.196904882788658 0.196893364191055 0.196912720799446 0.196937695145607 0.197150886058807 0.197335213422775 0.197335690259933 0.197324618697166 0.197281420230865 0.197285488247871 0.19736260175705 0.197509407997131 0.197720170021057
