Ecospace-environmental-drivers/Outputs/ASCII-for-ecospace/MOM6-ISIMIP3a/o2-bot/1991-04_o2-bot_MOM6-ISIMIP3a.asc
NCOLS 131 
NROWS 53 
XLLCORNER -98 
YLLCORNER 23.9265270233154 
CELLSIZE 0.133587792515755 
NODATA_value -9999 
[rows 21 to 41 of 53, columns 0 to 45 of 131]
-9999 -9999 -9999 -9999 -9999 -9999 0.23027016222477 0.230426713824272 0.230495497584343 0.230811938643456 0.229668512940407 0.232354506850243 0.232616618275642 0.233397379517555 0.22794371843338 0.215296506881714 0.203839614987373 0.193200170993805 0.193822219967842 0.19879275560379 0.202288612723351 0.205524235963821 0.203252956271172 0.201183319091797 0.201798871159554 0.202770933508873 0.204898983240128 0.206722989678383 0.208016410470009 0.209645733237267 0.211620673537254 0.212679907679558 0.213181301951408 0.214003637433052 0.214932963252068 0.215529873967171 0.216077923774719 0.216218441724777 0.21633143723011 0.216269120573997 0.216369658708572 0.21692356467247 0.216838702559471 0.215766623616219 0.21546895802021 0.215882048010826
-9999 -9999 -9999 -9999 -9999 -9999 0.2302116304636 0.23027016222477 0.230583265423775 0.230316624045372 0.230811938643456 0.225839093327522 0.221165627241135 0.217084527015686 0.212908178567886 0.208621919155121 0.203465819358826 0.197712332010269 0.199107944965363 0.203264072537422 0.205524384975433 0.207450151443481 0.206223115324974 0.205157920718193 0.206016689538956 0.207050263881683 0.208650633692741 0.209930047392845 0.210649371147156 0.211961671710014 0.213884130120277 0.214991524815559 0.21560238301754 0.21639309823513 0.217243745923042 0.217175468802452 0.216976448893547 0.216259583830833 0.215687736868858 0.216039374470711 0.216422438621521 0.216893047094345 0.216971948742867 0.216445460915565 0.216339841485023 0.21662050485611
-9999 -9999 -9999 -9999 0.229642808437347 0.229921221733093 0.230220958590508 0.230143755674362 0.23027016222477 0.23089636862278 0.229288041591644 0.219126835465431 0.209441035985947 0.200695917010307 0.198137417435646 0.202717289328575 0.204052120447159 0.203158423304558 0.205266520380974 0.208533734083176 0.208824649453163 0.208590343594551 0.207177996635437 0.206006586551666 0.207057744264603 0.208109363913536 0.209162414073944 0.210123464465141 0.210923954844475 0.212519094347954 0.214931935071945 0.216289356350899 0.21700382232666 0.217707142233849 0.218406736850739 0.21766160428524 0.216708660125732 0.214623227715492 0.212851539254189 0.213077828288078 0.213253602385521 0.213288724422455 0.213363766670227 0.213500529527664 0.213644623756409 0.213795453310013
-9999 -9999 -9999 -9999 0.229078963398933 0.229350075125694 0.229621469974518 0.230220958590508 0.229940131306648 0.226365998387337 0.221931591629982 0.214204475283623 0.20812039077282 0.205287382006645 0.20498526096344 0.207603365182877 0.208284959197044 0.207636699080467 0.208744987845421 0.210531532764435 0.209080278873444 0.207057654857635 0.1817377358675 0.158806577324867 0.160032778978348 0.16120257973671 0.162189528346062 0.16680645942688 0.177758023142815 0.189557373523712 0.202229097485542 0.207258656620979 0.207632690668106 0.207955047488213 0.20826019346714 0.20817369222641 0.207956448197365 0.197092935442924 0.186365082859993 0.176501035690308 0.167440727353096 0.160617798566818 0.156552091240883 0.15674751996994 0.157024055719376 0.157375007867813
-9999 -9999 -9999 -9999 -9999 0.229078963398933 0.228478878736496 0.229021996259689 0.228411018848419 0.22133831679821 0.21473553776741 0.209931433200836 0.207266092300415 0.208832770586014 0.208138063549995 0.204834043979645 0.202633872628212 0.201191738247871 0.202516093850136 0.204908698797226 0.203038409352303 0.200415834784508 0.160134479403496 0.123566225171089 0.124811671674252 0.126007288694382 0.127041339874268 0.13400736451149 0.151325225830078 0.1690953373909 0.187330782413483 0.193891793489456 0.193340852856636 0.193169683218002 0.193125128746033 0.193580791354179 0.193989053368568 0.178202956914902 0.162429198622704 0.146733984351158 0.132343307137489 0.121584072709084 0.115104123950005 0.115237548947334 0.115628711879253 0.116256430745125
-9999 -9999 -9999 -9999 -9999 0.229287907481194 0.229078963398933 0.225593611598015 0.221624255180359 0.214130163192749 0.208242833614349 0.20850545167923 0.208456590771675 0.207791388034821 0.195089146494865 0.168498054146767 0.153644412755966 0.146851405501366 0.15372322499752 0.165871545672417 0.169383704662323 0.171371847391129 0.155355513095856 0.140765562653542 0.141347199678421 0.14216360449791 0.143741130828857 0.147326409816742 0.154415383934975 0.159593656659126 0.162805870175362 0.1615120023489 0.15747307240963 0.156314805150032 0.156116768717766 0.156603991985321 0.157154604792595 0.153351098299026 0.149676844477654 0.146825730800629 0.144230097532272 0.142345651984215 0.141021713614464 0.140563994646072 0.140991806983948 0.142232343554497
-9999 -9999 0.229658380150795 0.22963510453701 0.229635506868362 0.229497089982033 0.229287654161453 0.22197388112545 0.214418992400169 0.208421528339386 0.204430058598518 0.208116680383682 0.20828565955162 0.201494202017784 0.179268673062325 0.13923467695713 0.118877045810223 0.112032063305378 0.12383259832859 0.142832845449448 0.149789556860924 0.154620930552483 0.155287817120552 0.155803471803665 0.155818849802017 0.156284794211388 0.158211722970009 0.159368216991425 0.159180268645287 0.155871018767357 0.149349987506866 0.14343124628067 0.137879431247711 0.136294335126877 0.136031478643417 0.136505097150803 0.137107565999031 0.141470402479172 0.146004617214203 0.151630267500877 0.156676545739174 0.160109952092171 0.162154853343964 0.162053883075714 0.162771433591843 0.16424024105072
-9999.000000000000000 -9999 -9999 -9999 0.229772731661797 0.229773923754692 0.229901507496834 0.217936635017395 0.206300601363182 0.205984607338905 0.206464514136314 0.209990918636322 0.205144241452217 0.183729633688927 0.157401114702225 0.125402733683586 0.115140207111835 0.119804672896862 0.135183870792389 0.154700428247452 0.160873427987099 0.16469170153141 0.1654993891716 0.16612546145916 0.165787354111671 0.165965676307678 0.167818501591682 0.16862328350544 0.167599201202393 0.16475735604763 0.160045102238655 0.15654893219471 0.153793573379517 0.153004080057144 0.152869865298271 0.15323132276535 0.153688222169876 0.157890886068344 0.162143886089325 0.166717424988747 0.170344039797783 0.171334609389305 0.172849014401436 0.175172939896584 0.17673248052597 0.177590474486351
-9999 -9999 -9999 -9999 0.229912966489792 0.230047181248665 0.230124831199646 0.214971661567688 0.200549095869064 0.204095259308815 0.207568019628525 0.210759863257408 0.201072454452515 0.165900632739067 0.138091713190079 0.118778429925442 0.118040196597576 0.130058273673058 0.145979702472687 0.163408353924751 0.169705972075462 0.174039304256439 0.174749925732613 0.175244018435478 0.174594670534134 0.174379110336304 0.175570100545883 0.175851076841354 0.174544021487236 0.172285303473473 0.169047325849533 0.16725754737854 0.166350021958351 0.166319832205772 0.166582077741623 0.167036682367325 0.167537584900856 0.170777916908264 0.174070060253143 0.177692249417305 0.180444002151489 0.180772677063942 0.182123303413391 0.185053303837776 0.186677381396294 0.187102869153023
-9999 -9999 -9999 -9999 0.229982480406761 0.229917779564857 0.229837879538536 0.213355675339699 0.197775319218636 0.202894821763039 0.207500293850899 0.210138276219368 0.195830196142197 0.147990584373474 0.122000701725483 0.121221944689751 0.129289865493774 0.143433183431625 0.15607675909996 0.168141216039658 0.175706177949905 0.182477101683617 0.182791411876678 0.182848572731018 0.181941106915474 0.181197986006737 0.180987730622292 0.18052838742733 0.17963433265686 0.178104251623154 0.175919696688652 0.17493537068367 0.174682214856148 0.175365656614304 0.176361307501793 0.177167385816574 0.177950754761696 0.179219573736191 0.180695861577988 0.183493450284004 0.18605574965477 0.187963053584099 0.189611285924911 0.190859138965607 0.191569641232491 0.191786974668503
-9999 -9999 -9999 -9999 0.229917779564857 0.229821056127548 0.229707524180412 0.214121431112289 0.199397653341293 0.204406350851059 0.208833873271942 0.21103698015213 0.197073400020599 0.151120513677597 0.126511067152023 0.126528590917587 0.137339413166046 0.155562505125999 0.166811570525169 0.175367698073387 0.181938350200653 0.188158631324768 0.188181847333908 0.187891021370888 0.186113983392715 0.184549927711487 0.183676511049271 0.182954266667366 0.182495817542076 0.182029783725739 0.181555941700935 0.18137514591217 0.181372880935669 0.182163402438164 0.183218196034431 0.184330031275749 0.185445353388786 0.185949727892876 0.18661817908287 0.188331618905067 0.190151646733284 0.192268446087837 0.193695724010468 0.194057390093803 0.194278284907341 0.194369971752167
-9999 -9999 -9999 -9999 0.229815453290939 0.229707524180412 0.218994706869125 0.216673538088799 0.204317137598991 0.207951873540878 0.21121846139431 0.213075906038284 0.20318078994751 0.170030638575554 0.146472677588463 0.133982583880424 0.142988845705986 0.166757598519325 0.17802469432354 0.184464409947395 0.188344523310661 0.191772937774658 0.191584005951881 0.191011890769005 0.18790665268898 0.185301646590233 0.184318616986275 0.183691561222076 0.183685675263405 0.18453523516655 0.186265036463737 0.186886355280876 0.186832383275032 0.187275066971779 0.187883287668228 0.189266592264175 0.190751001238823 0.191396236419678 0.192012891173363 0.192447498440742 0.193110674619675 0.194410070776939 0.195227473974228 0.195299953222275 0.19534920156002 0.195377096533775
-9999 -9999 -9999 -9999 0.229707524180412 0.221939578652382 0.217935740947723 0.215476304292679 0.213828280568123 0.210839286446571 0.209123536944389 0.21228115260601 0.20739534497261 0.186593905091286 0.165312349796295 0.143476814031601 0.147352069616318 0.168884083628654 0.180202811956406 0.187577798962593 0.190835148096085 0.193365871906281 0.193459898233414 0.193290337920189 0.191368982195854 0.189736396074295 0.18904010951519 0.188476517796516 0.188144505023956 0.188718512654305 0.190224796533585 0.1907919049263 0.190786883234978 0.191091865301132 0.191500186920166 0.192609772086143 0.193810924887657 0.194269388914108 0.194678694009781 0.19477491080761 0.195026993751526 0.195712998509407 0.196135431528091 0.19615051150322 0.196154683828354 0.196148857474327
-9999 -9999 -9999 -9999 -9999 0.221119031310081 0.221120357513428 0.221657380461693 0.225307315587997 0.213444650173187 0.205108761787415 0.210271924734116 0.210798695683479 0.202151358127594 0.183671176433563 0.153845429420471 0.151164054870605 0.167123958468437 0.178508728742599 0.188126862049103 0.191647678613663 0.194092497229576 0.194681659340858 0.195207744836807 0.195546880364418 0.195749595761299 0.195509925484657 0.194996222853661 0.194004327058792 0.193620845675468 0.193863391876221 0.194009318947792 0.194096371531487 0.194353729486465 0.194667845964432 0.195270046591759 0.195908397436142 0.196039661765099 0.196174934506416 0.196335807442665 0.196496441960335 0.196656480431557 0.196776032447815 0.196833044290543 0.196846425533295 0.196819737553596
-9999 -9999 -9999 -9999 -9999 0.22332452237606 0.224300980567932 0.226227402687073 0.225331351161003 0.212327718734741 0.203179329633713 0.208787098526955 0.210147842764854 0.203104913234711 0.185376167297363 0.155317634344101 0.151923686265945 0.166841492056847 0.177524968981743 0.186573415994644 0.190980717539787 0.194568991661072 0.195571050047874 0.196470990777016 0.196991741657257 0.197338223457336 0.197119623422623 0.196805596351624 0.196325033903122 0.196058884263039 0.19601334631443 0.19601483643055 0.196044966578484 0.196183949708939 0.196359232068062 0.196626707911491 0.196905091404915 0.196928888559341 0.196961015462875 0.197046235203743 0.197133898735046 0.197228372097015 0.19731505215168 0.197389721870422 0.197426110506058 0.197427377104759
-9999 -9999 -9999 -9999 -9999 0.223762303590775 0.224552243947983 0.225018173456192 0.222985327243805 0.210440650582314 0.201681345701218 0.207410767674446 0.208658173680305 0.201036900281906 0.18363544344902 0.154949173331261 0.152051761746407 0.166864737868309 0.176688179373741 0.184584960341454 0.190007641911507 0.19499371945858 0.196391686797142 0.1975988894701 0.197871148586273 0.198011428117752 0.197723761200905 0.197640389204025 0.197913482785225 0.197987049818039 0.197855308651924 0.197769612073898 0.197711974382401 0.1977179646492 0.197745159268379 0.197713643312454 0.19767402112484 0.197635814547539 0.197600156068802 0.197580710053444 0.197599217295647 0.197723388671875 0.197833061218262 0.197920352220535 0.197982624173164 0.198021933436394
-9999 -9999 -9999 -9999 -9999 -9999 0.22243370115757 0.222411140799522 0.221730977296829 0.213281139731407 0.207234680652618 0.210387349128723 0.209055826067924 0.198851317167282 0.179710820317268 0.150259613990784 0.147575259208679 0.163272932171822 0.173592984676361 0.181836560368538 0.189117252826691 0.196228042244911 0.197326019406319 0.198213338851929 0.198442280292511 0.198481217026711 0.197904154658318 0.197585120797157 0.197716355323792 0.197749882936478 0.197682827711105 0.197658807039261 0.197660967707634 0.197698295116425 0.197747349739075 0.197780191898346 0.197812095284462 0.198025554418564 0.198208868503571 0.198200210928917 0.198210060596466 0.198271453380585 0.198332250118256 0.198392122983932 0.198449090123177 0.198503419756889
-9999 -9999 -9999 -9999 -9999 -9999 0.220344036817551 0.219871789216995 0.220457419753075 0.216131195425987 0.212826013565063 0.213428974151611 0.209319189190865 0.195884168148041 0.174995839595795 0.14550755918026 0.143315806984901 0.159869804978371 0.170691519975662 0.179299786686897 0.188316002488136 0.197404205799103 0.198202893137932 0.198770403862 0.19892393052578 0.198848083615303 0.198028475046158 0.197495549917221 0.197462886571884 0.197445213794708 0.197442948818207 0.197472482919693 0.197521403431892 0.197590082883835 0.197665378451347 0.197764843702316 0.197870209813118 0.198328077793121 0.198724865913391 0.198732748627663 0.198738008737564 0.198735997080803 0.198746904730797 0.198777735233307 0.198827341198921 0.198894158005714
-9999 -9999 -9999 -9999 -9999 -9999 0.218219995498657 0.218749165534973 0.218457579612732 0.216825291514397 0.215454593300819 0.215085178613663 0.207248523831367 0.184636294841766 0.16289322078228 0.142152979969978 0.143571078777313 0.16020630300045 0.17093525826931 0.17938357591629 0.188425987958908 0.197573244571686 0.198412522673607 0.1989606320858 0.198598459362984 0.198213949799538 0.197757050395012 0.197465181350708 0.197461247444153 0.197454944252968 0.197446197271347 0.197371944785118 0.197257772088051 0.19727948307991 0.197346493601799 0.197363436222076 0.197376787662506 0.197851687669754 0.198266297578812 0.198296993970871 0.198312193155289 0.198284208774567 0.198268711566925 0.198272511363029 0.198307454586029 0.19837099313736
-9999 -9999 -9999 -9999 -9999 0.215222239494324 0.216502323746681 0.216039031744003 0.216859593987465 0.217220216989517 0.217233687639236 0.215918406844139 0.204274967312813 0.17219503223896 0.150367587804794 0.140369892120361 0.145960450172424 0.162256136536598 0.172764092683792 0.181037202477455 0.1894151866436 0.19781169295311 0.198466241359711 0.198824986815453 0.198131397366524 0.197564601898193 0.19740891456604 0.19731593132019 0.197332337498665 0.197336032986641 0.197326645255089 0.197194173932076 0.196986734867096 0.196989119052887 0.197061434388161 0.197028622031212 0.196984753012657 0.197423100471497 0.197807759046555 0.197850555181503 0.197869002819061 0.19781967997551 0.197783768177032 0.197768539190292 0.197806626558304 0.197893649339676
-9999 -9999 -9999 -9999 0.214596763253212 0.215053766965866 0.215222239494324 0.215998858213425 0.216735079884529 0.216518178582191 0.215897962450981 0.213734030723572 0.197990790009499 0.155377894639969 0.13629087805748 0.144349038600922 0.156174942851067 0.170588344335556 0.180405125021935 0.188446998596191 0.193628221750259 0.198304623365402 0.197948321700096 0.197494387626648 0.197145149111748 0.196859389543533 0.196779474616051 0.196730837225914 0.196736767888069 0.196745410561562 0.196756854653358 0.196733325719833 0.196688503026962 0.196772903203964 0.196900382637978 0.196937993168831 0.196964472532272 0.197169795632362 0.197349354624748 0.197364866733551 0.197362095117569 0.197308465838432 0.197274014353752 0.197269201278687 0.1973757147789 0.197584420442581
