Ecospace-environmental-drivers/Outputs/ASCII-for-ecospace/MOM6-ISIMIP3a/o2-bot/1992-03_o2-bot_MOM6-ISIMIP3a.asc
NCOLS 131 
NROWS 53 
XLLCORNER -98 
YLLCORNER 23.9265270233154 
CELLSIZE 0.133587792515755 
NODATA_value -9999 
[rows 21 to 41 of 53, columns 46 to 91 of 131]
0.216075509786606 0.217921406030655 0.219056248664856 0.219988867640495 0.220270499587059 0.220451354980469 0.219710350036621 0.219225913286209 0.220046579837799 0.220617145299911 0.220583811402321 0.220643371343613 0.220830470323563 0.218681871891022 0.214622288942337 0.17480294406414 0.118044979870319 0.120362713932991 0.136795610189438 0.143042013049126 0.148642033338547 0.155019327998161 0.163137540221214 0.178541660308838 0.189986363053322 0.193072393536568 0.195164039731026 0.196040347218513 0.196808263659477 0.197497248649597 0.197112217545509 0.196282401680946 0.195918753743172 0.195646733045578 0.194866821169853 0.193949520587921 0.19187393784523 0.185524359345436 0.164147168397903 0.146746560931206 0.136730954051018 0.128861278295517 0.123329691588879 0.119028382003307 0.115523114800453 0.114577047526836
0.215477392077446 0.216699957847595 0.216277703642845 0.215387642383575 0.215543508529663 0.215809568762779 0.216160640120506 0.21374499797821 0.197255358099937 0.186137154698372 0.187988832592964 0.183663055300713 0.170856460928917 0.163660034537315 0.161053672432899 0.143187716603279 0.118093617260456 0.124570116400719 0.138589888811111 0.151329725980759 0.163403823971748 0.167068019509315 0.172269731760025 0.183906123042107 0.192468345165253 0.194540768861771 0.195991426706314 0.196682184934616 0.197015807032585 0.197089299559593 0.19685623049736 0.196496218442917 0.196568056941032 0.19672480225563 0.196237653493881 0.195715859532356 0.195088520646095 0.192175954580307 0.181228443980217 0.171646356582642 0.164600059390068 0.156035408377647 0.145816490054131 0.13804903626442 0.131867796182632 0.125804305076599
0.211159110069275 0.211737260222435 0.20975561439991 0.207045957446098 0.207119569182396 0.207520037889481 0.209052860736847 0.204901441931725 0.171835079789162 0.149641066789627 0.153699532151222 0.145434960722923 0.120252512395382 0.108443655073643 0.107576690614223 0.112056761980057 0.119069613516331 0.129247605800629 0.140181839466095 0.158922523260117 0.177020505070686 0.177958548069 0.180284664034843 0.188419952988625 0.194398567080498 0.195824310183525 0.196835994720459 0.197341591119766 0.197225213050842 0.196655824780464 0.19658200442791 0.196713447570801 0.197071582078934 0.197474285960197 0.196753814816475 0.196106106042862 0.196575447916985 0.196958899497986 0.197040349245071 0.19580003619194 0.192105025053024 0.183349087834358 0.169079065322876 0.158386498689651 0.150008708238602 0.138688206672668
0.154820278286934 0.15553230047226 0.153983101248741 0.151790797710419 0.151765689253807 0.15203632414341 0.154302269220352 0.153757840394974 0.138917356729507 0.130695894360542 0.138456776738167 0.138127207756042 0.126690492033958 0.121281698346138 0.120804764330387 0.126529574394226 0.135192021727562 0.14574371278286 0.156746804714203 0.169452413916588 0.181573674082756 0.183487355709076 0.18600669503212 0.191060841083527 0.194855660200119 0.195991918444633 0.196897000074387 0.197519555687904 0.197300389409065 0.196468129754066 0.196477144956589 0.196834549307823 0.196736142039299 0.196548134088516 0.196482181549072 0.196456491947174 0.196779936552048 0.19704894721508 0.197126641869545 0.196619927883148 0.195027932524681 0.191110476851463 0.184659346938133 0.179951384663582 0.176371335983276 0.163764789700508
0.114395894110203 0.115324512124062 0.114496029913425 0.113167837262154 0.113411150872707 0.113901227712631 0.116710789501667 0.119032368063927 0.118871606886387 0.121567495167255 0.131161078810692 0.136654987931252 0.136520594358444 0.13648097217083 0.136518895626068 0.142920523881912 0.152336493134499 0.16244575381279 0.172720670700073 0.179784685373306 0.186345487833023 0.188792809844017 0.19119967520237 0.193437203764915 0.195252180099487 0.196175083518028 0.196996688842773 0.197694510221481 0.197367087006569 0.196292892098427 0.196364119648933 0.196909725666046 0.196465402841568 0.195826485753059 0.196288362145424 0.19676274061203 0.196961224079132 0.197131410241127 0.197202071547508 0.197289407253265 0.197407692670822 0.197432637214661 0.197355926036835 0.19751188158989 0.197818383574486 0.185500860214233
0.143751949071884 0.145259812474251 0.146416068077087 0.147472321987152 0.149593934416771 0.151835009455681 0.154357194900513 0.15629580616951 0.15526582300663 0.155482843518257 0.15871088206768 0.160769939422607 0.161224171519279 0.162033587694168 0.163133636116982 0.167721897363663 0.173962444067001 0.180050820112228 0.186102837324142 0.189250409603119 0.192075967788696 0.193119019269943 0.194072887301445 0.194653645157814 0.195383086800575 0.196426466107368 0.197265923023224 0.197856187820435 0.197396546602249 0.196172177791595 0.196215391159058 0.196783542633057 0.196478396654129 0.196001574397087 0.196435704827309 0.196875497698784 0.197040840983391 0.197180524468422 0.197229981422424 0.197299391031265 0.197405859827995 0.197444185614586 0.197408258914948 0.197514206171036 0.197711944580078 0.192589625716209
0.167230114340782 0.168978482484818 0.171270117163658 0.173716261982918 0.176659941673279 0.179619923233986 0.181645005941391 0.183114469051361 0.181757584214211 0.180521830916405 0.179578542709351 0.179461985826492 0.180480390787125 0.181963682174683 0.183827310800552 0.186670109629631 0.189976736903191 0.192853152751923 0.195626780390739 0.19603031873703 0.196260780096054 0.196341782808304 0.196323901414871 0.195892095565796 0.195848599076271 0.196624770760536 0.197262525558472 0.19773106276989 0.197250321507454 0.196078106760979 0.195746660232544 0.195763409137726 0.195905491709709 0.196072220802307 0.196523234248161 0.196956187486649 0.197109684348106 0.197238072752953 0.19727811217308 0.197330430150032 0.197405591607094 0.197438985109329 0.197426870465279 0.197493806481361 0.197611853480339 0.197449028491974
0.17788353562355 0.179133370518684 0.18070724606514 0.182373270392418 0.183834478259087 0.185261502861977 0.186331853270531 0.187144130468369 0.186643615365028 0.186193883419037 0.18586677312851 0.186322003602982 0.187851309776306 0.189626216888428 0.19160208106041 0.192847594618797 0.19374717772007 0.195176631212234 0.196732670068741 0.19695021212101 0.197073116898537 0.19715704023838 0.19721731543541 0.19717863202095 0.197044119238853 0.19670732319355 0.196664243936539 0.196980193257332 0.196720734238625 0.196042165160179 0.194579780101776 0.192792788147926 0.194054260849953 0.195914998650551 0.196480244398117 0.196966946125031 0.197155058383942 0.197313994169235 0.19737035036087 0.197407409548759 0.197408676147461 0.197397232055664 0.197371944785118 0.197423815727234 0.197525605559349 0.197444289922714
0.185918122529984 0.186856105923653 0.187814742326736 0.188779249787331 0.188916891813278 0.189000204205513 0.189901903271675 0.190658152103424 0.190674528479576 0.190737679600716 0.190913766622543 0.191651299595833 0.193159595131874 0.194654941558838 0.196139693260193 0.196368083357811 0.196001350879669 0.196519508957863 0.197249099612236 0.197326391935349 0.19734850525856 0.197219952940941 0.197172477841377 0.19746433198452 0.197417706251144 0.196656540036201 0.196294561028481 0.196420475840569 0.196311593055725 0.19603168964386 0.193994909524918 0.191230580210686 0.193061903119087 0.195796623826027 0.196451261639595 0.196994706988335 0.197204500436783 0.197380378842354 0.197437018156052 0.197454422712326 0.197398960590363 0.197354391217232 0.19732166826725 0.197351798415184 0.197422623634338 0.19741278886795
0.190658003091812 0.191518992185593 0.191991373896599 0.19235323369503 0.191367223858833 0.190344884991646 0.192066922783852 0.193523481488228 0.19362960755825 0.193861991167068 0.19439922273159 0.195054814219475 0.195872917771339 0.196370095014572 0.196604713797569 0.196545824408531 0.196347922086716 0.196628734469414 0.197023928165436 0.197018519043922 0.196948379278183 0.196336358785629 0.195947229862213 0.196490898728371 0.196757197380066 0.196438014507294 0.196212440729141 0.196101278066635 0.196053996682167 0.196053251624107 0.194142282009125 0.191440254449844 0.193150043487549 0.195727095007896 0.196439906954765 0.197043880820274 0.197259098291397 0.197434782981873 0.197471529245377 0.19746370613575 0.197373151779175 0.19731017947197 0.19727723300457 0.197277247905731 0.1972985714674 0.197347611188889
0.193576976656914 0.194254651665688 0.194462642073631 0.194537058472633 0.193554684519768 0.192562311887741 0.194220244884491 0.19562529027462 0.195744052529335 0.195988774299622 0.196537658572197 0.196963474154472 0.197220340371132 0.197216480970383 0.196999311447144 0.196833208203316 0.196691289544106 0.196811869740486 0.196995168924332 0.19689829647541 0.196749612689018 0.196127146482468 0.195710718631744 0.196156650781631 0.196430161595345 0.196339681744576 0.196202740073204 0.196009010076523 0.195972472429276 0.196050435304642 0.194376200437546 0.191976323723793 0.193561017513275 0.195928990840912 0.196602195501328 0.197172254323959 0.197347983717918 0.197487488389015 0.197499677538872 0.197471156716347 0.197367087006569 0.197296142578125 0.197261288762093 0.19723254442215 0.197207748889923 0.197264447808266
0.19513027369976 0.195544853806496 0.19565486907959 0.195678278803825 0.195545017719269 0.195434287190437 0.196364775300026 0.197154477238655 0.197228014469147 0.197367414832115 0.197665855288506 0.197751000523567 0.197543323040009 0.197411268949509 0.197341114282608 0.197202816605568 0.197032243013382 0.1970504373312 0.197113737463951 0.196918770670891 0.196701869368553 0.196423694491386 0.196215763688087 0.196301817893982 0.19635321199894 0.196331486105919 0.196247354149818 0.196086943149567 0.196023002266884 0.196029335260391 0.194675013422966 0.192757204174995 0.19421412050724 0.196334451436996 0.196894705295563 0.197360053658485 0.197462603449821 0.197538927197456 0.197523042559624 0.197477236390114 0.19737583398819 0.197304755449295 0.197266712784767 0.197210237383842 0.197141826152802 0.197167828679085
0.196083948016167 0.196343183517456 0.196475252509117 0.196571171283722 0.196687579154968 0.196821480989456 0.197371080517769 0.197831943631172 0.197841316461563 0.197905302047729 0.198101073503494 0.198035508394241 0.197611153125763 0.197412043809891 0.197397217154503 0.197282984852791 0.197121679782867 0.19706566631794 0.19703483581543 0.196710020303726 0.196389853954315 0.196431010961533 0.196443498134613 0.196336001157761 0.196261540055275 0.196256846189499 0.196221932768822 0.196150094270706 0.196141824126244 0.19617985188961 0.195406123995781 0.194296211004257 0.195336848497391 0.196800217032433 0.197165325284004 0.19746421277523 0.197513684630394 0.197547435760498 0.197525843977928 0.197485595941544 0.197410687804222 0.19734151661396 0.197278618812561 0.19720470905304 0.197123691439629 0.197132423520088
0.196780651807785 0.196930691599846 0.197136268019676 0.197357639670372 0.197466790676117 0.197572320699692 0.19788958132267 0.198144391179085 0.198081493377686 0.198082849383354 0.19823931157589 0.198104456067085 0.197569623589516 0.197329640388489 0.197330877184868 0.197239115834236 0.197103306651115 0.196985185146332 0.196871295571327 0.196403026580811 0.195964574813843 0.196314364671707 0.196552366018295 0.196322605013847 0.196163535118103 0.196153715252876 0.196166500449181 0.1962069272995 0.196289926767349 0.196403935551643 0.196322500705719 0.196160137653351 0.196660816669464 0.19729183614254 0.197426542639732 0.197532534599304 0.197537556290627 0.197537541389465 0.197519823908806 0.197494924068451 0.197456732392311 0.197390362620354 0.197293281555176 0.197206363081932 0.197126016020775 0.197123274207115
0.197261244058609 0.197358548641205 0.197585746645927 0.197849899530411 0.197974264621735 0.198088988661766 0.198329746723175 0.198479622602463 0.198167204856873 0.19795349240303 0.197978124022484 0.197839632630348 0.197477236390114 0.19731231033802 0.197308957576752 0.197247356176376 0.197158172726631 0.197031334042549 0.196895509958267 0.196538716554642 0.196191862225533 0.196210652589798 0.196170330047607 0.195882573723793 0.195707693696022 0.195771098136902 0.195904746651649 0.196124270558357 0.196377992630005 0.196656614542007 0.196783095598221 0.196846589446068 0.197108387947083 0.19740916788578 0.197453856468201 0.19748480618 0.197474241256714 0.197461053729057 0.197438672184944 0.197416439652443 0.197394460439682 0.197341069579124 0.197253435850143 0.197186291217804 0.197132393717766 0.197136446833611
0.19769711792469 0.197753384709358 0.197991475462914 0.198281273245811 0.198425501585007 0.198557212948799 0.198753699660301 0.198819562792778 0.198220953345299 0.19776064157486 0.197634279727936 0.1975057721138 0.197374314069748 0.19730843603611 0.197296231985092 0.197266399860382 0.197228208184242 0.197103694081306 0.196958556771278 0.19676598906517 0.1965541690588 0.196109622716904 0.195686712861061 0.195354267954826 0.19517782330513 0.195330649614334 0.195600315928459 0.196012750267982 0.196453630924225 0.196915224194527 0.197149395942688 0.197289407253265 0.197374626994133 0.197449073195457 0.197432771325111 0.197413071990013 0.197392880916595 0.197370782494545 0.197341993451118 0.197319775819778 0.197309777140617 0.197271481156349 0.197202309966087 0.197161719202995 0.197139605879784 0.197154223918915
0.198169633746147 0.19818477332592 0.19837498664856 0.198614984750748 0.198759630322456 0.198878273367882 0.198558419942856 0.198211282491684 0.197725385427475 0.197364524006844 0.197305604815483 0.197293624281883 0.197346076369286 0.197367280721664 0.197362914681435 0.19737309217453 0.197390139102936 0.197280332446098 0.197140216827393 0.196955889463425 0.196760594844818 0.196450129151344 0.196169629693031 0.196014553308487 0.19594818353653 0.196069031953812 0.196257516741753 0.196528643369675 0.196802958846092 0.197079584002495 0.19722306728363 0.197311416268349 0.197353467345238 0.197386428713799 0.197377145290375 0.197366371750832 0.197356298565865 0.197340950369835 0.197307020425797 0.197280868887901 0.197269156575203 0.197248190641403 0.197217121720314 0.197194144129753 0.197176396846771 0.197191432118416
0.198557823896408 0.198532119393349 0.198668703436852 0.198851451277733 0.198988452553749 0.199087515473366 0.198288768529892 0.197563499212265 0.19721195101738 0.196967154741287 0.196980163455009 0.197079390287399 0.197297021746635 0.197408825159073 0.197434067726135 0.197489351034164 0.197558879852295 0.197470635175705 0.197344675660133 0.197166532278061 0.196985825896263 0.196819797158241 0.196687817573547 0.196698218584061 0.196730986237526 0.196810990571976 0.196909725666046 0.197031319141388 0.197134867310524 0.197225242853165 0.19727686047554 0.19731242954731 0.197321742773056 0.197325885295868 0.197328492999077 0.19733090698719 0.197331890463829 0.197324186563492 0.197285920381546 0.197255164384842 0.197238370776176 0.19723179936409 0.197236344218254 0.197229281067848 0.197214707732201 0.197230041027069
0.198029026389122 0.197965353727341 0.198015138506889 0.198097184300423 0.19814969599247 0.198174118995667 0.197521731257439 0.196947425603867 0.196770310401917 0.19665339589119 0.19668185710907 0.196784868836403 0.196990251541138 0.197235986590385 0.197514742612839 0.197665721178055 0.197756171226501 0.19775664806366 0.197735622525215 0.197616502642632 0.197486102581024 0.197289794683456 0.197120368480682 0.197063416242599 0.19702559709549 0.197028189897537 0.197049394249916 0.197093337774277 0.197150155901909 0.197216361761093 0.197258487343788 0.197290629148483 0.197314545512199 0.197336837649345 0.197370886802673 0.197403311729431 0.197415754199028 0.19741778075695 0.197383165359497 0.197342693805695 0.197291374206543 0.197266817092896 0.197271391749382 0.197266355156898 0.197255074977875 0.197274148464203
0.197578698396683 0.197494879364967 0.197440341114998 0.197394147515297 0.197371318936348 0.197334483265877 0.196855202317238 0.196448400616646 0.196410313248634 0.19639465212822 0.196433171629906 0.19653132557869 0.196711376309395 0.197026759386063 0.197452858090401 0.197654962539673 0.197750955820084 0.197818696498871 0.197879672050476 0.197820752859116 0.197745487093925 0.197551980614662 0.197378426790237 0.197288349270821 0.197212919592857 0.19716839492321 0.197137624025345 0.197123676538467 0.197142586112022 0.197185441851616 0.197217792272568 0.19724577665329 0.197284400463104 0.197325110435486 0.197388902306557 0.197449430823326 0.197469830513 0.197479724884033 0.197452738881111 0.197409942746162 0.197337821125984 0.197301015257835 0.19730269908905 0.197300314903259 0.197295323014259 0.19731017947197
0.197416096925735 0.19737745821476 0.197154462337494 0.196879014372826 0.196814328432083 0.196765333414078 0.196557238698006 0.196378603577614 0.196349680423737 0.196337670087814 0.196366429328918 0.196428045630455 0.196534782648087 0.196684077382088 0.196868196129799 0.196958050131798 0.197003245353699 0.197059482336044 0.197118356823921 0.19712407886982 0.197121545672417 0.197052165865898 0.196996629238129 0.19699901342392 0.19700688123703 0.197026327252388 0.197037309408188 0.197037905454636 0.197051167488098 0.197073668241501 0.19709524512291 0.197116434574127 0.197170123457909 0.197230190038681 0.197317510843277 0.197399079799652 0.1974146515131 0.197425693273544 0.197420865297318 0.197402805089951 0.197360202670097 0.197332248091698 0.197320282459259 0.197322949767113 0.197335079312325 0.197316572070122
