Ecospace-environmental-drivers/Outputs/ASCII-for-ecospace/MOM6-ISIMIP3a/o2-bot/1992-09_o2-bot_MOM6-ISIMIP3a.asc
NCOLS 131 
NROWS 53 
XLLCORNER -98 
YLLCORNER 23.9265270233154 
CELLSIZE 0.133587792515755 
NODATA_value -9999 
[rows 21 to 41 of 53, columns 0 to 45 of 131]
-9999 -9999 -9999 -9999 -9999 -9999 0.198533415794373 0.198543831706047 0.198472484946251 0.198397636413574 0.198198199272156 0.19890284538269 0.198886916041374 0.198839470744133 0.196468725800514 0.191417276859283 0.184777587652206 0.177047193050385 0.177327230572701 0.180700406432152 0.180695429444313 0.180094316601753 0.172777131199837 0.166042029857635 0.165382996201515 0.165111407637596 0.166096031665802 0.166567906737328 0.166144967079163 0.16438564658165 0.161251217126846 0.160500109195709 0.161200910806656 0.162308305501938 0.163551241159439 0.164788499474525 0.166017517447472 0.166209235787392 0.166315495967865 0.165877357125282 0.165340587496758 0.164529204368591 0.163029104471207 0.160464629530907 0.158860415220261 0.158137515187263
-9999 -9999 -9999 -9999 -9999 -9999 0.198530480265617 0.198533415794373 0.198554247617722 0.198404654860497 0.198397636413574 0.197294116020203 0.195966362953186 0.194194883108139 0.192172810435295 0.189861580729485 0.185631081461906 0.180082514882088 0.180972665548325 0.184349060058594 0.185744166374207 0.186789631843567 0.182783201336861 0.179045647382736 0.178470566868782 0.178063258528709 0.178199931979179 0.177964225411415 0.177078664302826 0.175424590706825 0.172979757189751 0.171983033418655 0.171868517994881 0.172563225030899 0.17352768778801 0.174554824829102 0.175586700439453 0.176073849201202 0.176499783992767 0.176535815000534 0.176411703228951 0.175841808319092 0.174883902072906 0.173326343297958 0.17217805981636 0.171405419707298
-9999 -9999 -9999 -9999 0.1979129165411 0.198316842317581 0.19853013753891 0.19852788746357 0.198533415794373 0.198575079441071 0.198112487792969 0.195719882845879 0.192968100309372 0.189505621790886 0.187990412116051 0.188722014427185 0.18702757358551 0.183667048811913 0.185189291834831 0.188596963882446 0.190665528178215 0.192497804760933 0.191554039716721 0.190607860684395 0.190148159861565 0.189597457647324 0.188751682639122 0.18782651424408 0.186762794852257 0.18536938726902 0.183636695146561 0.182454571127892 0.181607827544212 0.181850418448448 0.182456120848656 0.183138579130173 0.183828234672546 0.18404421210289 0.184243246912956 0.18433441221714 0.184227287769318 0.183568134903908 0.183019891381264 0.182643070816994 0.182097792625427 0.181397899985313
-9999 -9999 -9999 -9999 0.196999624371529 0.197805032134056 0.198103547096252 0.19853013753891 0.198520109057426 0.198392406105995 0.197728425264359 0.195011794567108 0.19243361055851 0.190129324793816 0.189629018306732 0.191210240125656 0.192168235778809 0.192698240280151 0.19465109705925 0.197153359651566 0.189933851361275 0.180998742580414 0.169366538524628 0.158907577395439 0.158717647194862 0.158307567238808 0.157183691859245 0.157880127429962 0.161753132939339 0.166756197810173 0.17292208969593 0.174726754426956 0.173874601721764 0.173693895339966 0.173736989498138 0.174231335520744 0.174734711647034 0.167827025055885 0.161327078938484 0.157423794269562 0.153201043605804 0.148088902235031 0.144974693655968 0.144948184490204 0.144760891795158 0.14442603290081
-9999 -9999 -9999 -9999 -9999 0.196999624371529 0.197586834430695 0.197676956653595 0.198115363717079 0.195333808660507 0.192672356963158 0.190470591187477 0.188847601413727 0.188369855284691 0.188081473112106 0.188011601567268 0.189211294054985 0.191282868385315 0.194194778800011 0.197431191802025 0.184850424528122 0.169478431344032 0.151081144809723 0.134615316987038 0.134796723723412 0.134717881679535 0.133795142173767 0.135684788227081 0.142482280731201 0.151134878396988 0.161696344614029 0.164852514863014 0.163497447967529 0.162885412573814 0.162521049380302 0.162914127111435 0.163331553339958 0.152587115764618 0.142519131302834 0.136758998036385 0.130518332123756 0.12294002622366 0.118406362831593 0.118578031659126 0.118720032274723 0.118834808468819
-9999 -9999 -9999 -9999 -9999 0.197089120745659 0.196999624371529 0.197140604257584 0.195994317531586 0.179665178060532 0.167130962014198 0.169122144579887 0.171881496906281 0.176160886883736 0.172563537955284 0.15987765789032 0.150748610496521 0.144062206149101 0.15025033056736 0.161409795284271 0.160685852169991 0.1578648686409 0.149905353784561 0.142805129289627 0.143803298473358 0.144891396164894 0.146271124482155 0.14747565984726 0.148374497890472 0.148631975054741 0.148229479789734 0.145566835999489 0.141527339816093 0.140448853373528 0.140357345342636 0.14102990925312 0.141801297664642 0.141632378101349 0.141724646091461 0.14348030090332 0.144419714808464 0.143086865544319 0.142160847783089 0.14186355471611 0.14220903813839 0.143144473433495
-9999 -9999 0.197249665856361 0.19723904132843 0.197237998247147 0.197178721427917 0.197089016437531 0.194591134786606 0.190382197499275 0.167593717575073 0.150786548852921 0.156873315572739 0.162088677287102 0.165579780936241 0.157663881778717 0.13658607006073 0.122738741338253 0.113856889307499 0.123598352074623 0.140530973672867 0.147756367921829 0.153268739581108 0.152564510703087 0.151928693056107 0.152997314929962 0.154519602656364 0.157512828707695 0.15834154188633 0.155392974615097 0.150392830371857 0.143281683325768 0.137409150600433 0.132291167974472 0.130985125899315 0.130949735641479 0.131782129406929 0.132776290178299 0.139584571123123 0.146326869726181 0.152649000287056 0.157946571707726 0.160392045974731 0.16182279586792 0.161685332655907 0.162342712283134 0.163729578256607
-9999.000000000000000 -9999 -9999 -9999 0.197300419211388 0.197297289967537 0.197351947426796 0.187649369239807 0.177153065800667 0.163370788097382 0.154508620500565 0.16447851061821 0.167946845293045 0.158550411462784 0.144113227725029 0.123859815299511 0.11753536760807 0.120776571333408 0.134676024317741 0.152691036462784 0.159340187907219 0.163983598351479 0.163591012358665 0.163089603185654 0.162600338459015 0.162957981228828 0.166061580181122 0.167189255356789 0.164868712425232 0.161456614732742 0.156921312212944 0.153531134128571 0.150838539004326 0.149826243519783 0.149374023079872 0.150105178356171 0.151035904884338 0.156970411539078 0.162703946232796 0.167157500982285 0.170656248927116 0.171497106552124 0.172555401921272 0.173949733376503 0.175155520439148 0.176188290119171
-9999 -9999 -9999 -9999 0.197366327047348 0.197425246238708 0.197454512119293 0.183016508817673 0.168413311243057 0.16080217063427 0.157117754220963 0.168463125824928 0.16927832365036 0.149257242679596 0.131988972425461 0.117897056043148 0.118584781885147 0.129422351717949 0.144693046808243 0.161675542593002 0.168460696935654 0.17344631254673 0.173510536551476 0.173340052366257 0.172111675143242 0.171681120991707 0.173837512731552 0.174502357840538 0.172564297914505 0.170177727937698 0.167329639196396 0.165628716349602 0.164626628160477 0.164328143000603 0.16426420211792 0.164945557713509 0.165753707289696 0.169870108366013 0.173872455954552 0.177148506045341 0.179721817374229 0.180338874459267 0.181424275040627 0.183233439922333 0.184481516480446 0.185214653611183
-9999 -9999 -9999 -9999 0.197400853037834 0.19737645983696 0.197346344590187 0.181288436055183 0.165321558713913 0.160314813256264 0.158326730132103 0.167892768979073 0.164914861321449 0.137116014957428 0.121659263968468 0.12044333666563 0.12750069797039 0.140239700675011 0.153375685214996 0.166664943099022 0.17448216676712 0.181333735585213 0.18203741312027 0.18244506418705 0.181507617235184 0.180762529373169 0.180641174316406 0.179884806275368 0.178020298480988 0.175951585173607 0.173672735691071 0.172663271427155 0.172427117824554 0.173370987176895 0.174708187580109 0.175404414534569 0.176015645265579 0.177125841379166 0.178488165140152 0.18145614862442 0.184202775359154 0.186333253979683 0.187948420643806 0.188767194747925 0.189420804381371 0.189922824501991
-9999 -9999 -9999 -9999 0.19737645983696 0.197339996695518 0.19729720056057 0.184676572680473 0.172184094786644 0.168984234333038 0.167520686984062 0.172702997922897 0.166954308748245 0.139576241374016 0.125011190772057 0.125230327248573 0.135415971279144 0.152446061372757 0.164220839738846 0.173966348171234 0.180592179298401 0.186667487025261 0.187499657273293 0.187987044453621 0.18655800819397 0.185127884149551 0.183694258332253 0.182272046804428 0.180869802832603 0.179962292313576 0.179563894867897 0.179411336779594 0.179408550262451 0.180490881204605 0.181934893131256 0.182621225714684 0.183200716972351 0.183484271168709 0.184021338820457 0.186172857880592 0.188323825597763 0.190473303198814 0.191906079649925 0.192231252789497 0.192573145031929 0.192930370569229
-9999 -9999 -9999 -9999 0.197337880730629 0.19729720056057 0.192055404186249 0.191901907324791 0.186512440443039 0.184521332383156 0.182703480124474 0.18154875934124 0.173796027898788 0.152987703680992 0.138624474406242 0.1316978931427 0.142580762505531 0.165694192051888 0.176687926054001 0.183001801371574 0.186768621206284 0.190085962414742 0.190663382411003 0.190856710076332 0.188349187374115 0.185956165194511 0.18393437564373 0.18241286277771 0.181764408946037 0.182650655508041 0.185116082429886 0.185944512486458 0.185775712132454 0.186168551445007 0.1867486089468 0.187406480312347 0.188078120350838 0.189169734716415 0.190242633223534 0.191196367144585 0.192174926400185 0.193222567439079 0.193938851356506 0.194143012166023 0.194385260343552 0.19466245174408
-9999 -9999 -9999 -9999 0.19729720056057 0.195030316710472 0.194237723946571 0.194345951080322 0.193528786301613 0.189295530319214 0.186324194073677 0.188182979822159 0.183395639061928 0.165457531809807 0.150604069232941 0.13930980861187 0.147247612476349 0.168392941355705 0.17920258641243 0.186021253466606 0.189255744218826 0.191857740283012 0.192365542054176 0.192618831992149 0.191133469343185 0.189661607146263 0.188233524560928 0.18707486987114 0.186386421322823 0.187076777219772 0.189185917377472 0.189942926168442 0.189876228570938 0.190092742443085 0.190403640270233 0.190963372588158 0.191559597849846 0.192445397377014 0.193282693624496 0.193811163306236 0.194325387477875 0.194799974560738 0.195180639624596 0.195416137576103 0.195624694228172 0.195808544754982
-9999 -9999 -9999 -9999 -9999 0.19626122713089 0.196530908346176 0.196465313434601 0.197411388158798 0.189456984400749 0.184989660978317 0.193869382143021 0.194177225232124 0.177523776888847 0.161883473396301 0.147412165999413 0.150843903422356 0.166570439934731 0.177451863884926 0.18646240234375 0.190161719918251 0.19292376935482 0.193441286683083 0.193906292319298 0.194343373179436 0.194600149989128 0.19427227973938 0.193674549460411 0.192605897784233 0.192247673869133 0.192620441317558 0.192854985594749 0.193005338311195 0.193265408277512 0.19356207549572 0.193993836641312 0.194442808628082 0.194688275456429 0.194959357380867 0.195393636822701 0.195747002959251 0.195875152945518 0.196083441376686 0.196415558457375 0.196618720889091 0.196703493595123
-9999 -9999 -9999 -9999 -9999 0.197801485657692 0.198015064001083 0.198781475424767 0.198074966669083 0.189105376601219 0.184327706694603 0.195594936609268 0.197253033518791 0.179897353053093 0.163730129599571 0.148934230208397 0.151745051145554 0.166647180914879 0.17667643725872 0.184824079275131 0.189407795667648 0.193362593650818 0.194231435656548 0.195018351078033 0.195685654878616 0.196181789040565 0.196122899651527 0.195840895175934 0.195169538259506 0.194839671254158 0.194861218333244 0.194929212331772 0.195025488734245 0.195198535919189 0.195397153496742 0.195649415254593 0.195907786488533 0.195982724428177 0.196079030632973 0.196311473846436 0.196502581238747 0.196578592061996 0.196726098656654 0.196984082460403 0.197140261530876 0.197203010320663
-9999 -9999 -9999 -9999 -9999 0.198648750782013 0.198858469724655 0.198798403143883 0.198072522878647 0.188647598028183 0.183804899454117 0.19650100171566 0.198734506964684 0.180265486240387 0.163625150918961 0.149094834923744 0.152088567614555 0.167116865515709 0.176102787256241 0.182755529880524 0.188310444355011 0.193671628832817 0.194962486624718 0.196094110608101 0.196641519665718 0.197068870067596 0.197107002139091 0.197089985013008 0.196976751089096 0.196898087859154 0.196854993700981 0.196830078959465 0.196816205978394 0.196875184774399 0.196958422660828 0.197020545601845 0.197079330682755 0.197080940008163 0.197083458304405 0.197091817855835 0.197120353579521 0.197205111384392 0.197314918041229 0.19746345281601 0.19756406545639 0.197620689868927
-9999 -9999 -9999 -9999 -9999 -9999 0.1990727186203 0.198995545506477 0.198367983102798 0.190355256199837 0.186496436595917 0.198536977171898 0.200007483363152 0.180562913417816 0.162108913064003 0.14479786157608 0.14706726372242 0.162783414125443 0.172617465257645 0.180180221796036 0.18749962747097 0.194776073098183 0.196035146713257 0.19709375500679 0.19757978618145 0.197890117764473 0.197630777955055 0.197439581155777 0.197367325425148 0.197318851947784 0.197294861078262 0.197288513183594 0.197292923927307 0.19730880856514 0.197328522801399 0.197384849190712 0.197446912527084 0.197604760527611 0.197738394141197 0.197717890143394 0.197711378335953 0.197743758559227 0.197791263461113 0.197862103581429 0.197935625910759 0.198011636734009
-9999 -9999 -9999 -9999 -9999 -9999 0.199365824460983 0.199424222111702 0.19870787858963 0.192250698804855 0.189451336860657 0.200652539730072 0.201077461242676 0.18017914891243 0.159948006272316 0.140486687421799 0.142281249165535 0.158673167228699 0.169353172183037 0.177827566862106 0.18680328130722 0.195867449045181 0.197077289223671 0.198045194149017 0.198430195450783 0.19860003888607 0.198072269558907 0.197716251015663 0.197659969329834 0.197629392147064 0.197625264525414 0.19763208925724 0.197645589709282 0.197623118758202 0.19758865237236 0.197646632790565 0.197719052433968 0.198025181889534 0.198284700512886 0.198247343301773 0.198215320706367 0.198198169469833 0.198189720511436 0.198194772005081 0.198243513703346 0.198332324624062
-9999 -9999 -9999 -9999 -9999 -9999 0.199530005455017 0.199677720665932 0.19937951862812 0.195114776492119 0.193680077791214 0.203077584505081 0.20008173584938 0.172562927007675 0.151584655046463 0.13815313577652 0.142567709088326 0.159237995743752 0.169837117195129 0.178091928362846 0.18719120323658 0.196439504623413 0.197630733251572 0.19851890206337 0.198351711034775 0.198153719305992 0.197855919599533 0.197644740343094 0.197584763169289 0.197546407580376 0.197530344128609 0.197439357638359 0.197302743792534 0.197258353233337 0.197244688868523 0.197295770049095 0.197357222437859 0.197617098689079 0.197839066386223 0.197819650173187 0.197803363204002 0.197795808315277 0.197811245918274 0.197862222790718 0.197896867990494 0.197916522622108
-9999 -9999 -9999 -9999 -9999 0.200441986322403 0.198859497904778 0.199488088488579 0.198395401239395 0.196263775229454 0.195820823311806 0.201841324567795 0.194988563656807 0.162663251161575 0.142833337187767 0.137421146035194 0.145010560750961 0.161528781056404 0.171858802437782 0.179799318313599 0.188363611698151 0.197037979960442 0.197977513074875 0.198606252670288 0.198056474328041 0.197611570358276 0.1975067704916 0.197422727942467 0.197374925017357 0.197346076369286 0.197336748242378 0.197200164198875 0.196986079216003 0.19693785905838 0.196944937109947 0.196992188692093 0.197046056389809 0.197248384356499 0.197422921657562 0.197420507669449 0.197418510913849 0.1974176466465 0.197446227073669 0.197520360350609 0.197551012039185 0.197541758418083
-9999 -9999 -9999 -9999 0.199873968958855 0.200335144996643 0.200441986322403 0.195830181241035 0.191340118646622 0.191124051809311 0.190305352210999 0.187180057168007 0.174871236085892 0.144390821456909 0.132659494876862 0.142561659216881 0.155360355973244 0.170148238539696 0.179518967866898 0.186797961592674 0.192412480711937 0.197733283042908 0.197566494345665 0.197277024388313 0.196966484189034 0.196717992424965 0.196670681238174 0.196648836135864 0.196671456098557 0.19671542942524 0.1967813372612 0.196790605783463 0.196765348315239 0.19677971303463 0.196807280182838 0.196861952543259 0.196920692920685 0.197024032473564 0.197114869952202 0.197126105427742 0.197133049368858 0.197128117084503 0.197130545973778 0.197144329547882 0.197208017110825 0.197317481040955
