Ecospace-environmental-drivers/Outputs/ASCII-for-ecospace/MOM6-ISIMIP3a/o2-bot/1992-10_o2-bot_MOM6-ISIMIP3a.asc
NCOLS 131 
NROWS 53 
XLLCORNER -98 
YLLCORNER 23.9265270233154 
CELLSIZE 0.133587792515755 
NODATA_value -9999 
[rows 21 to 41 of 53, columns 0 to 45 of 131]
-9999 -9999 -9999 -9999 -9999 -9999 0.206024274230003 0.206031054258347 0.206019267439842 0.206066802144051 0.20660762488842 0.208139047026634 0.208075076341629 0.207884535193443 0.206286400556564 0.203064143657684 0.200000017881393 0.197044476866722 0.195608839392662 0.194760099053383 0.193878218531609 0.192990466952324 0.189219906926155 0.185401976108551 0.181715279817581 0.178098440170288 0.174708127975464 0.171911120414734 0.170149505138397 0.169329151511192 0.169477343559265 0.169457003474236 0.16933399438858 0.168646603822708 0.167771071195602 0.167359858751297 0.167021974921227 0.167955562472343 0.168666034936905 0.167955741286278 0.167474269866943 0.167629823088646 0.165764421224594 0.160775750875473 0.15842641890049 0.158499464392662
-9999 -9999 -9999 -9999 -9999 -9999 0.206016212701797 0.206024274230003 0.20603783428669 0.205948144197464 0.206066802144051 0.205617010593414 0.204543903470039 0.20223742723465 0.200522720813751 0.199490830302238 0.198213800787926 0.196768417954445 0.196062430739403 0.195641964673996 0.19501006603241 0.194340839982033 0.190696060657501 0.187096893787384 0.184420675039291 0.181631430983543 0.178475722670555 0.175725370645523 0.173682406544685 0.172153696417809 0.171154171228409 0.170523673295975 0.170117989182472 0.170057952404022 0.170113146305084 0.171534314751625 0.173140332102776 0.17420257627964 0.175134316086769 0.175234973430634 0.175350531935692 0.175507605075836 0.174549669027328 0.171868517994881 0.170473411679268 0.170258641242981
-9999 -9999 -9999 -9999 0.206037849187851 0.206004589796066 0.206022143363953 0.206002235412598 0.206024274230003 0.206051394343376 0.205650120973587 0.203609079122543 0.200828492641449 0.196584537625313 0.194849133491516 0.196008235216141 0.196589156985283 0.196773022413254 0.196860581636429 0.196910947561264 0.195953756570816 0.194818764925003 0.190962538123131 0.187291741371155 0.18566270172596 0.183733314275742 0.180830001831055 0.178255766630173 0.176255777478218 0.174309641122818 0.172418907284737 0.171314254403114 0.17068849503994 0.171294540166855 0.172311186790466 0.175501763820648 0.178973093628883 0.17970535159111 0.180427595973015 0.181086182594299 0.181557461619377 0.181507378816605 0.18144591152668 0.181366890668869 0.181083351373672 0.180612087249756
-9999 -9999 -9999 -9999 0.206128120422363 0.205996543169022 0.205987051129341 0.206022143363953 0.205960303544998 0.205173164606094 0.20390610396862 0.20080204308033 0.198261901736259 0.196837589144707 0.195509538054466 0.194292530417442 0.194563776254654 0.195857048034668 0.196758806705475 0.197509378194809 0.188397318124771 0.177544817328453 0.165949448943138 0.155471235513687 0.154438033699989 0.153151139616966 0.15104167163372 0.15096227824688 0.154425591230392 0.158863767981529 0.164305061101913 0.166134417057037 0.165763407945633 0.166003704071045 0.16644774377346 0.16817544400692 0.170023411512375 0.16393107175827 0.158155217766762 0.154394686222076 0.150510102510452 0.146280199289322 0.143712013959885 0.143711924552917 0.143444716930389 0.142932310700417
-9999 -9999 -9999 -9999 -9999 0.206128120422363 0.205848827958107 0.20595195889473 0.205643445253372 0.203891381621361 0.201635748147964 0.197452664375305 0.194609090685844 0.194415986537933 0.192161068320274 0.187527120113373 0.186044260859489 0.186725378036499 0.189008742570877 0.191910788416862 0.178432732820511 0.162064075469971 0.14589050412178 0.131423652172089 0.131143540143967 0.130672350525856 0.129581555724144 0.131362468004227 0.138154774904251 0.146270036697388 0.155746608972549 0.158854275941849 0.1580820530653 0.157910823822021 0.157939910888672 0.158527284860611 0.159117504954338 0.149378225207329 0.140154808759689 0.134216666221619 0.128106817603111 0.121518962085247 0.117518894374371 0.117518097162247 0.117323361337185 0.116950623691082
-9999 -9999 -9999 -9999 -9999 0.206061825156212 0.206128120422363 0.205293089151382 0.204217791557312 0.200840100646019 0.197057545185089 0.191725313663483 0.186193495988846 0.180266723036766 0.171234846115112 0.15862013399601 0.149049788713455 0.141570135951042 0.147723078727722 0.159140065312386 0.157909005880356 0.154445961117744 0.147554069757462 0.141458123922348 0.142620727419853 0.143724665045738 0.144638404250145 0.145497247576714 0.146260276436806 0.146182224154472 0.14523871243 0.142364919185638 0.138315215706825 0.137531816959381 0.137837171554565 0.138698622584343 0.139634132385254 0.14018090069294 0.140885889530182 0.142598494887352 0.143605440855026 0.142647951841354 0.1419288367033 0.14157809317112 0.141702070832253 0.142261743545532
-9999 -9999 0.205890893936157 0.205916926264763 0.205951511859894 0.205995440483093 0.206061899662018 0.20454078912735 0.202742427587509 0.19867254793644 0.19398121535778 0.186911165714264 0.17855216562748 0.167642667889595 0.153273358941078 0.134911969304085 0.122029893100262 0.112910710275173 0.122992970049381 0.140489622950554 0.147592023015022 0.152860149741173 0.152273595333099 0.151806324720383 0.153401464223862 0.155190527439117 0.157608285546303 0.158016830682755 0.154919102787971 0.149757206439972 0.142471313476562 0.136341422796249 0.130915731191635 0.129837930202484 0.130209401249886 0.131184741854668 0.132287323474884 0.13947382569313 0.146545246243477 0.152883738279343 0.158173859119415 0.160545527935028 0.16193088889122 0.161791950464249 0.162349611520767 0.163546621799469
-9999.000000000000000 -9999 -9999 -9999 0.205803796648979 0.205907598137856 0.205867126584053 0.203584596514702 0.201158553361893 0.198433175683022 0.194181770086288 0.184089496731758 0.172600135207176 0.158346369862556 0.141780510544777 0.122546888887882 0.116773076355457 0.120242722332478 0.134384647011757 0.15264755487442 0.159544602036476 0.164435938000679 0.163660794496536 0.162839025259018 0.16266268491745 0.163194939494133 0.166024699807167 0.167012304067612 0.164785221219063 0.16132390499115 0.156592592597008 0.153152897953987 0.150500044226646 0.149821132421494 0.149800196290016 0.150539919734001 0.151420682668686 0.157291248440742 0.162957414984703 0.167321965098381 0.17071270942688 0.171392619609833 0.172315567731857 0.17361406981945 0.174856290221214 0.176046833395958
-9999 -9999 -9999 -9999 0.205591574311256 0.20550836622715 0.205598145723343 0.202839314937592 0.200013652443886 0.198162630200386 0.194228634238243 0.182321920990944 0.167835935950279 0.148246258497238 0.131165400147438 0.116979315876961 0.117808036506176 0.128948092460632 0.144387468695641 0.161486968398094 0.168709933757782 0.174189999699593 0.17379991710186 0.173213362693787 0.172060787677765 0.171673223376274 0.173766180872917 0.1744694262743 0.172747492790222 0.170360907912254 0.16729037463665 0.165650755167007 0.164882823824883 0.164781153202057 0.164901554584503 0.165531173348427 0.166254729032516 0.170251473784447 0.174155235290527 0.17746676504612 0.179977908730507 0.180261000990868 0.181092396378517 0.182771161198616 0.18412783741951 0.185188859701157
-9999 -9999 -9999 -9999 0.205433547496796 0.205358743667603 0.205266356468201 0.202359348535538 0.199421033263206 0.197852894663811 0.194082126021385 0.18188051879406 0.164566114544868 0.137134879827499 0.121654517948627 0.119963563978672 0.126758575439453 0.139381274580956 0.152642965316772 0.166151389479637 0.174368664622307 0.181652203202248 0.182368844747543 0.182759433984756 0.181631073355675 0.180747672915459 0.180658549070358 0.179991155862808 0.178314596414566 0.176215335726738 0.173681110143661 0.172721698880196 0.172721639275551 0.173421591520309 0.174354881048203 0.175032272934914 0.175679847598076 0.177100971341133 0.178792983293533 0.182210087776184 0.185124576091766 0.186639964580536 0.187846422195435 0.188575446605682 0.18932931125164 0.190105989575386
-9999 -9999 -9999 -9999 0.205358743667603 0.205246910452843 0.205115646123886 0.202494338154793 0.199822843074799 0.198180854320526 0.194529578089714 0.183187633752823 0.166602745652199 0.139643549919128 0.125049948692322 0.124724313616753 0.134554609656334 0.151359423995018 0.163331374526024 0.173437178134918 0.180380016565323 0.186764672398567 0.187762826681137 0.188356474041939 0.186562091112137 0.184903964400291 0.183687686920166 0.182476803660393 0.181275367736816 0.180296197533607 0.179545760154724 0.179362758994102 0.179525434970856 0.180318236351013 0.181321069598198 0.182125359773636 0.182900816202164 0.183478727936745 0.184328898787498 0.186912909150124 0.189238369464874 0.190844103693962 0.191926762461662 0.192200988531113 0.192596197128296 0.193102434277534
-9999 -9999 -9999 -9999 0.205240428447723 0.205115646123886 0.203195005655289 0.20309054851532 0.200970515608788 0.198987081646919 0.195422530174255 0.185806140303612 0.172619253396988 0.152367368340492 0.138125255703926 0.130817458033562 0.14148473739624 0.164496317505836 0.175844505429268 0.182689011096954 0.186655849218369 0.190114855766296 0.19077555835247 0.190991699695587 0.18801361322403 0.185371607542038 0.183819338679314 0.182685360312462 0.182281345129013 0.183046862483025 0.185015842318535 0.185681402683258 0.185552969574928 0.185906991362572 0.186421856284142 0.187412440776825 0.188468620181084 0.189502656459808 0.190538436174393 0.191585347056389 0.192577481269836 0.193417102098465 0.194001793861389 0.194192484021187 0.194412127137184 0.19465833902359
-9999 -9999 -9999 -9999 0.205115646123886 0.203328907489777 0.202541053295135 0.202079460024834 0.20178048312664 0.199062913656235 0.195666283369064 0.189670503139496 0.179910853505135 0.162703529000282 0.148543030023575 0.137898102402687 0.146163523197174 0.167415514588356 0.178504705429077 0.185669660568237 0.189084902405739 0.191838428378105 0.192451164126396 0.192759111523628 0.190917804837227 0.189247950911522 0.188133955001831 0.187249019742012 0.186763823032379 0.187364757061005 0.189083307981491 0.1897032558918 0.189653933048248 0.189940840005875 0.190339848399162 0.191112667322159 0.191937133669853 0.19275937974453 0.193540498614311 0.194059669971466 0.194555699825287 0.194987252354622 0.195340290665627 0.195571944117546 0.195714384317398 0.195774972438812
-9999 -9999 -9999 -9999 -9999 0.202576443552971 0.202463924884796 0.202453151345253 0.20244574546814 0.198825731873512 0.195631816983223 0.1940688341856 0.187748923897743 0.172016382217407 0.157821863889694 0.14540196955204 0.149877414107323 0.165955632925034 0.17694216966629 0.185962617397308 0.189865320920944 0.192864894866943 0.19355371594429 0.194154620170593 0.194444596767426 0.194585174322128 0.194241300225258 0.193679183721542 0.192736253142357 0.192354321479797 0.192549660801888 0.192740723490715 0.192929208278656 0.193308293819427 0.193750903010368 0.194132804870605 0.194505944848061 0.194830149412155 0.195167914032936 0.195591941475868 0.195950672030449 0.196127608418465 0.196363106369972 0.196689084172249 0.196796506643295 0.196703314781189
-9999 -9999 -9999 -9999 -9999 0.202673479914665 0.202724367380142 0.202859163284302 0.202557191252708 0.198716014623642 0.195725902915001 0.19599324464798 0.190727978944778 0.174515247344971 0.159847378730774 0.146962091326714 0.150737136602402 0.165953576564789 0.176105439662933 0.184301689267159 0.189071714878082 0.193237125873566 0.194248348474503 0.195154920220375 0.195764884352684 0.196194246411324 0.196038022637367 0.195728525519371 0.195151582360268 0.194836363196373 0.194790437817574 0.194857507944107 0.194993436336517 0.19524846971035 0.195543184876442 0.195739552378654 0.195921987295151 0.196057200431824 0.196207791566849 0.196456179022789 0.196673676371574 0.196805194020271 0.196988254785538 0.197250947356224 0.197343617677689 0.197280243039131
-9999 -9999 -9999 -9999 -9999 0.202758133411407 0.202832147479057 0.202860772609711 0.202554047107697 0.198632687330246 0.19584658741951 0.197405800223351 0.192701697349548 0.175604283809662 0.160372197628021 0.147292420268059 0.151006311178207 0.16625314950943 0.175418898463249 0.18223649263382 0.187952443957329 0.193473994731903 0.194858595728874 0.196073442697525 0.196628645062447 0.19703197479248 0.196942865848541 0.1968714594841 0.196830943226814 0.196799576282501 0.196777641773224 0.196783795952797 0.196807101368904 0.196893334388733 0.197000548243523 0.197053879499435 0.19709949195385 0.197109684348106 0.197126105427742 0.197182208299637 0.197257667779922 0.197387024760246 0.19753110408783 0.197697907686234 0.197780042886734 0.197784468531609
-9999 -9999 -9999 -9999 -9999 -9999 0.202717900276184 0.202776491641998 0.202480882406235 0.198730677366257 0.19621068239212 0.198399439454079 0.19411438703537 0.177019506692886 0.160101965069771 0.143389046192169 0.146065205335617 0.162056729197502 0.171989023685455 0.179581612348557 0.187182530760765 0.194784924387932 0.196014150977135 0.197043269872665 0.197567850351334 0.19788870215416 0.197549030184746 0.197318583726883 0.197278738021851 0.197248861193657 0.197229281067848 0.197224140167236 0.197227820754051 0.197261691093445 0.197305634617805 0.197352573275566 0.197400704026222 0.197557047009468 0.197695285081863 0.197718217968941 0.197745963931084 0.197787091135979 0.197849556803703 0.197945043444633 0.198039710521698 0.198133647441864
-9999 -9999 -9999 -9999 -9999 -9999 0.202543988823891 0.202516451478004 0.202387630939484 0.198886454105377 0.196670040488243 0.199371129274368 0.195294260978699 0.177805781364441 0.159259825944901 0.139493733644485 0.141357034444809 0.158074215054512 0.168773844838142 0.177149876952171 0.186528325080872 0.196083679795265 0.197148054838181 0.197979301214218 0.198417067527771 0.198619902133942 0.198061004281044 0.197684109210968 0.197624832391739 0.197586208581924 0.197568833827972 0.197549730539322 0.197529599070549 0.197519034147263 0.197511672973633 0.197557300329208 0.197612002491951 0.197908952832222 0.198165610432625 0.19816555082798 0.198154896497726 0.198114722967148 0.198102742433548 0.198134332895279 0.198237702250481 0.198406964540482
-9999 -9999 -9999 -9999 -9999 -9999 0.201999336481094 0.202339038252831 0.202113538980484 0.199572041630745 0.198029205203056 0.200308725237846 0.194258734583855 0.171727046370506 0.152696818113327 0.137706756591797 0.141622245311737 0.158521056175232 0.169159293174744 0.177380084991455 0.186941504478455 0.196739509701729 0.197790652513504 0.198530301451683 0.198270320892334 0.19800278544426 0.197710752487183 0.197511598467827 0.197474524378777 0.197452619671822 0.197446286678314 0.197361171245575 0.19722805917263 0.197201892733574 0.197211384773254 0.197244718670845 0.19728285074234 0.197531819343567 0.197748273611069 0.197757735848427 0.197763025760651 0.197756722569466 0.197766751050949 0.197802037000656 0.197862207889557 0.197945207357407
-9999 -9999 -9999 -9999 -9999 0.20112831890583 0.200915515422821 0.201142504811287 0.201049283146858 0.199687838554382 0.198611184954643 0.198624655604362 0.189706772565842 0.163116261363029 0.145251110196114 0.137453645467758 0.144138678908348 0.160769492387772 0.171172142028809 0.179169848561287 0.188192471861839 0.197395950555801 0.198202177882195 0.198679938912392 0.197952970862389 0.197379112243652 0.197301745414734 0.197251692414284 0.197249323129654 0.197252452373505 0.197261229157448 0.19714742898941 0.196958959102631 0.196930453181267 0.196955278515816 0.196979701519012 0.197005271911621 0.197195261716843 0.197361677885056 0.197377949953079 0.197394460439682 0.197411596775055 0.197434633970261 0.197466790676117 0.197499230504036 0.197531923651695
-9999 -9999 -9999 -9999 0.203057914972305 0.201686874032021 0.20112831890583 0.199052184820175 0.197087734937668 0.197714284062386 0.196343496441841 0.187327668070793 0.172260940074921 0.145221158862114 0.134568765759468 0.142824858427048 0.154909700155258 0.169623911380768 0.179152250289917 0.186678141355515 0.192515388131142 0.198054626584053 0.197766438126564 0.197357907891273 0.19700999557972 0.196731328964233 0.196677252650261 0.196671321988106 0.196749478578568 0.196808189153671 0.196846887469292 0.196841344237328 0.196808844804764 0.196826621890068 0.196861147880554 0.19688917696476 0.19691675901413 0.197007521986961 0.19708776473999 0.197100982069969 0.197111338376999 0.197113677859306 0.197116702795029 0.197120741009712 0.197182223200798 0.197296410799026
