Ecospace-environmental-drivers/Outputs/ASCII-for-ecospace/MOM6-ISIMIP3a/o2-bot/1993-04_o2-bot_MOM6-ISIMIP3a.asc
NCOLS 131 
NROWS 53 
XLLCORNER -98 
YLLCORNER 23.9265270233154 
CELLSIZE 0.133587792515755 
NODATA_value -9999 
[rows 0 to 20 of 53, columns 46 to 91 of 131]
-9999 -9999 -9999 -9999 -9999 -9999 -9999 -9999 -9999 -9999 -9999 -9999 -9999 -9999 -9999 -9999 -9999 -9999 -9999 -9999 -9999 -9999 -9999 -9999 -9999 -9999 -9999 -9999 -9999 -9999 -9999 -9999 -9999 -9999 -9999 -9999 -9999 -9999 -9999 -9999 -9999 -9999 -9999 -9999 -9999 -9999
-9999 -9999 -9999 -9999 -9999 -9999 -9999 -9999 -9999 -9999 -9999 -9999 -9999 -9999 -9999 -9999 -9999 -9999 -9999 -9999 -9999 -9999 -9999 -9999 -9999 -9999 -9999 -9999 -9999 -9999 -9999 -9999 -9999 -9999 -9999 -9999 -9999 -9999 -9999 -9999 -9999 -9999 -9999 -9999 -9999 -9999
-9999 -9999 -9999 -9999 -9999 -9999 -9999 -9999 -9999 -9999 -9999 -9999 -9999 -9999 -9999 -9999 -9999 -9999 -9999 -9999 -9999 -9999 -9999 -9999 -9999 -9999 -9999 -9999 0.238708853721619 0.239778310060501 -9999 -9999 -9999 -9999 -9999 -9999 -9999 -9999 -9999 -9999 -9999 -9999 -9999 -9999 -9999 -9999
-9999 -9999 -9999 -9999 -9999 -9999 -9999 -9999 -9999 -9999 -9999 -9999 -9999 -9999 -9999 -9999 -9999 -9999 -9999 -9999 -9999 -9999 -9999 -9999 -9999 -9999 -9999 -9999 0.238735258579254 0.239756539463997 -9999 -9999 -9999 -9999 -9999 -9999 -9999 -9999 -9999 -9999 -9999 -9999 -9999 -9999 -9999 -9999
-9999 -9999 -9999 -9999 -9999 -9999 -9999 -9999 -9999 -9999 -9999 -9999 -9999 -9999 -9999 -9999 -9999 -9999 -9999 0.238371193408966 0.237982600927353 0.237671718001366 0.235858306288719 0.234687730669975 0.233703657984734 0.234555140137672 0.236398503184319 0.237765669822693 0.238740146160126 0.239699974656105 0.240829512476921 -9999 -9999 0.244015216827393 0.245120257139206 0.244712680578232 0.242396831512451 0.237925857305527 0.233449816703796 0.230037569999695 0.229390934109688 0.232410296797752 0.236817121505737 -9999 -9999 -9999
-9999 -9999 -9999 -9999 -9999 -9999 -9999 -9999 -9999 -9999 -9999 -9999 -9999 -9999 -9999 0.180011600255966 -9999 0.191546127200127 0.201215073466301 0.219587907195091 0.238371193408966 0.237904876470566 0.237671718001366 0.234044894576073 0.232346579432487 0.234719485044479 0.23659935593605 0.237876653671265 0.238820984959602 0.239522784948349 0.240756139159203 0.242209628224373 0.243033871054649 0.243734404444695 0.245277360081673 0.246348991990089 0.242511704564095 0.238329783082008 0.232936099171638 0.229083552956581 0.228093042969704 0.230996206402779 0.238141641020775 0.241313502192497 0.241914242506027 -9999
-9999 -9999 -9999 -9999 -9999 -9999 -9999 -9999 -9999 -9999 -9999 0.123739928007126 0.123043932020664 0.122299663722515 0.119675204157829 0.148199796676636 0.178786411881447 0.181236788630486 0.192186519503593 0.201215073466301 0.219177454710007 0.238371193408966 0.237671718001366 0.234044894576073 0.232346579432487 0.234719485044479 0.23659935593605 0.237876653671265 0.238820984959602 0.239522784948349 0.240756139159203 0.242209628224373 0.243033871054649 0.243734404444695 0.245277360081673 0.246348991990089 0.242511704564095 0.238329783082008 0.232936099171638 0.229083552956581 0.228093042969704 0.230996206402779 0.238141641020775 0.241313502192497 0.241914242506027 0.242073014378548
-9999 -9999 -9999 -9999 -9999 -9999 -9999 -9999 -9999 -9999 -9999 0.127471551299095 0.123739928007126 0.122347943484783 -9999 0.115866549313068 0.144298136234283 0.176336050033569 0.181236788630486 0.194107696413994 0.201215073466301 0.217946097254753 0.23109282553196 0.229238852858543 0.224663391709328 0.214342638850212 0.209776639938354 0.212244153022766 0.214187234640121 0.215748324990273 0.219286933541298 0.223644509911537 0.225384697318077 0.226610377430916 0.232611119747162 0.237837046384811 0.233766585588455 0.229786485433578 0.226124122738838 0.223689645528793 0.223535493016243 0.226185813546181 0.231891751289368 0.231899797916412 0.228221043944359 0.23371034860611
-9999 -9999 -9999 -9999 -9999 -9999 -9999 -9999 -9999 -9999 -9999 -9999 -9999 -9999 -9999 0.117737479507923 0.108906224370003 0.137274116277695 0.171435296535492 0.181236788630486 0.199871212244034 0.213120132684708 0.223844602704048 0.224003985524178 0.216443344950676 0.192585110664368 0.181008130311966 0.184441387653351 0.187324702739716 0.189807489514351 0.195838555693626 0.203339099884033 0.206208616495132 0.208167776465416 0.218831822276115 0.228400781750679 0.224122941493988 0.220394805073738 0.218599453568459 0.217710301280022 0.218504056334496 0.220914617180824 0.225086718797684 0.221755832433701 0.213570177555084 0.224019810557365
0.240149393677711 0.240404576063156 -9999 -9999 -9999 -9999 -9999 -9999 -9999 -9999 -9999 0.192795798182487 0.131296455860138 -9999 -9999 -9999 0.111300528049469 0.0972461551427841 0.125151842832565 0.16163381934166 0.161812171339989 0.192898914217949 0.218694612383842 0.222346737980843 0.218998685479164 0.20087268948555 0.187423899769783 0.179691597819328 0.177751705050468 0.180030897259712 0.186210110783577 0.194004461169243 0.201797768473625 0.209590867161751 0.215062901377678 0.219695597887039 0.216968730092049 0.214434668421745 0.212578490376472 0.212203562259674 0.214579492807388 0.218149155378342 0.223019421100616 0.222349181771278 0.21809396147728 0.224715635180473
0.240064337849617 0.240744814276695 0.240795031189919 -9999 -9999 -9999 -9999 -9999 -9999 -9999 -9999 0.223377496004105 0.186390355229378 0.131296455860138 -9999 -9999 0.112604036927223 0.0975576117634773 0.0815768167376518 0.103754185140133 0.129933372139931 0.176203966140747 0.214874640107155 0.221738830208778 0.221695616841316 0.20707032084465 0.191732197999954 0.175522834062576 0.16981141269207 0.171746537089348 0.177668020129204 0.185240387916565 0.196607396006584 0.208720341324806 0.209695264697075 0.209750682115555 0.204853072762489 0.201162219047546 0.201714426279068 0.204086005687714 0.209836408495903 0.215630739927292 0.221472933888435 0.223472103476524 0.22298464179039 0.226011723279953
0.240064337849617 0.240744814276695 0.240895479917526 0.239216834306717 0.238743141293526 -9999 -9999 -9999 -9999 -9999 -9999 -9999 0.214086502790451 0.174421936273575 0.131296455860138 0.123739928007126 0.112604036927223 0.0975576117634773 0.0815768167376518 0.104359105229378 0.131204187870026 0.178423255681992 0.218188613653183 0.226759403944016 0.22515207529068 0.20205794274807 0.184736505150795 0.174470499157906 0.170628681778908 0.171466156840324 0.174952864646912 0.179536715149879 0.187235817313194 0.195547327399254 0.195752516388893 0.193156197667122 0.16612508893013 0.148667842149734 0.164872780442238 0.181964457035065 0.200702905654907 0.214437410235405 0.222719937562943 0.227435573935509 0.229843243956566 0.230527490377426
0.239275977015495 0.239830046892166 0.239150136709213 0.238119289278984 0.238702446222305 -9999 -9999 -9999 -9999 0.235341146588326 0.230070859193802 0.225456401705742 0.221742272377014 0.195060834288597 0.149588167667389 0.127615869045258 0.116775162518024 0.103945016860962 0.090639516711235 0.113189712166786 0.139491885900497 0.184551417827606 0.221548780798912 0.224805131554604 0.21829254925251 0.191156983375549 0.172763869166374 0.165055811405182 0.162129670381546 0.162686616182327 0.165772140026093 0.169904828071594 0.175346195697784 0.181044831871986 0.178333416581154 0.172072142362595 0.134175628423691 0.109764352440834 0.13276781141758 0.155886679887772 0.179219886660576 0.195319384336472 0.203537508845329 0.21509425342083 0.228811234235764 0.230928346514702
0.236516669392586 0.236628353595734 0.237223252654076 0.237955570220947 0.238702446222305 0.239407703280449 0.238949090242386 0.238418221473694 0.237519860267639 0.235341146588326 0.230070859193802 0.225456401705742 0.221742272377014 0.198841750621796 0.160243436694145 0.141181826591492 0.131374314427376 0.126301258802414 0.122359424829483 0.142584934830666 0.165322169661522 0.200451985001564 0.225024461746216 0.205413401126862 0.185642555356026 0.1655343323946 0.14834862947464 0.134734854102135 0.130339488387108 0.132658705115318 0.140427112579346 0.150452226400375 0.157161325216293 0.163218572735786 0.152223199605942 0.139763906598091 0.119172818958759 0.104838766157627 0.11250476539135 0.119918167591095 0.126862451434135 0.131388708949089 0.13328044116497 0.161990106105804 0.20805224776268 0.22104175388813
0.224422484636307 0.226292058825493 0.230767771601677 0.235984683036804 0.237066194415092 0.237682580947876 0.237168967723846 0.236617803573608 0.235875681042671 0.233844086527824 0.228698894381523 0.224833235144615 0.222724184393883 0.204997926950455 0.174494102597237 0.158140704035759 0.14849004149437 0.14738617837429 0.148324429988861 0.166446521878242 0.185821667313576 0.206252589821815 0.216004937887192 0.181066319346428 0.153684571385384 0.142255946993828 0.131806284189224 0.122553125023842 0.122277468442917 0.128540873527527 0.138797879219055 0.15070877969265 0.154520809650421 0.156740769743919 0.140077650547028 0.123316332697868 0.112426981329918 0.103684335947037 0.102489627897739 0.100217446684837 0.0959442630410194 0.0930881127715111 0.0917758792638779 0.127115547657013 0.186170741915703 0.207607761025429
0.199130490422249 0.205868721008301 0.217909693717957 0.231458783149719 0.233116611838341 0.233518436551094 0.232872068881989 0.232271924614906 0.231906935572624 0.230230450630188 0.225387215614319 0.223329037427902 0.225094348192215 0.214512303471565 0.193828001618385 0.179896533489227 0.169163733720779 0.16667366027832 0.16615304350853 0.182484552264214 0.198784440755844 0.197773739695549 0.189319491386414 0.149713292717934 0.12270499765873 0.122291907668114 0.126394748687744 0.136016964912415 0.147762700915337 0.161055162549019 0.170698434114456 0.178830459713936 0.173857137560844 0.166307598352432 0.147675558924675 0.129292845726013 0.117354996502399 0.107861630618572 0.106963157653809 0.103516414761543 0.0953372567892075 0.091023787856102 0.0909221172332764 0.118014290928841 0.162702187895775 0.189158409833908
0.182904645800591 0.188260212540627 0.203400924801826 0.221324518322945 0.226706877350807 0.230634063482285 0.229931741952896 0.2288758456707 0.226021304726601 0.222736567258835 0.218413129448891 0.218249946832657 0.223798230290413 0.21813240647316 0.203291475772858 0.189662024378777 0.176606431603432 0.174441426992416 0.174878552556038 0.18425264954567 0.192533522844315 0.175966545939445 0.157826393842697 0.133102253079414 0.119198054075241 0.128135591745377 0.13999143242836 0.155414000153542 0.169053763151169 0.181394949555397 0.188240572810173 0.192810282111168 0.184661105275154 0.174011707305908 0.154393658041954 0.135137513279915 0.122661262750626 0.112408079206944 0.109971314668655 0.105962000787258 0.0990322902798653 0.0952649191021919 0.0949430167675018 0.110763937234879 0.137030035257339 0.166462033987045
0.174313575029373 0.173022150993347 0.187502056360245 0.20646733045578 0.218225419521332 0.228827401995659 0.22813381254673 0.226279586553574 0.218521401286125 0.211975052952766 0.208354860544205 0.21016038954258 0.219414696097374 0.216788813471794 0.204442888498306 0.189330235123634 0.172907054424286 0.172508224844933 0.175938159227371 0.174003779888153 0.170102402567863 0.142935320734978 0.122284643352032 0.128905743360519 0.138826340436935 0.155712455511093 0.169595286250114 0.179807469248772 0.186812832951546 0.191482380032539 0.193691208958626 0.194880977272987 0.188279822468758 0.180147171020508 0.160370841622353 0.140871152281761 0.128286048769951 0.117265410721302 0.111745469272137 0.107688941061497 0.106350146234035 0.104815982282162 0.103068962693214 0.105072259902954 0.10950218886137 0.140189155936241
0.178746819496155 0.175856038928032 0.184988155961037 0.197539582848549 0.208845719695091 0.219612270593643 0.219252422451973 0.217864245176315 0.211245149374008 0.206244841217995 0.205153286457062 0.206769675016403 0.212103679776192 0.210961103439331 0.204519554972649 0.18131896853447 0.150180011987686 0.147215366363525 0.150982528924942 0.14758238196373 0.142826199531555 0.125499814748764 0.115508869290352 0.136217445135117 0.155637860298157 0.172338902950287 0.184196397662163 0.19013412296772 0.193623229861259 0.195328801870346 0.195660129189491 0.19542233645916 0.190521568059921 0.184704154729843 0.166324585676193 0.148111537098885 0.136069774627686 0.124920800328255 0.116910941898823 0.111338101327419 0.110291056334972 0.109087809920311 0.107714362442493 0.106229856610298 0.104673482477665 0.123995810747147
0.189553767442703 0.18753382563591 0.189024463295937 0.191513523459435 0.199026450514793 0.206771656870842 0.206904590129852 0.206601202487946 0.20407834649086 0.202976793050766 0.205307170748711 0.205678418278694 0.203360050916672 0.202939003705978 0.204070284962654 0.169549614191055 0.118141390383244 0.110490992665291 0.113295808434486 0.113246612250805 0.113178960978985 0.115696392953396 0.122810304164886 0.149160921573639 0.171070948243141 0.183606520295143 0.191455617547035 0.193576887249947 0.195075690746307 0.196121081709862 0.195925205945969 0.195215299725533 0.192089453339577 0.188488692045212 0.172266855835915 0.156089276075363 0.144910007715225 0.133945479989052 0.123736031353474 0.115927927196026 0.112579390406609 0.110776126384735 0.11065648496151 0.110739283263683 0.110953070223331 0.112735100090504
0.196286588907242 0.194592490792274 0.19493180513382 0.195849418640137 0.200377658009529 0.205133348703384 0.20605206489563 0.206645771861076 0.205586269497871 0.205149233341217 0.206215173006058 0.206084340810776 0.204310536384583 0.201690092682838 0.198376968502998 0.162051737308502 0.110089428722858 0.108948893845081 0.119951389729977 0.123173378407955 0.126084342598915 0.132247984409332 0.141467675566673 0.163477212190628 0.180877536535263 0.188547432422638 0.193237334489822 0.194285094738007 0.195274755358696 0.196222111582756 0.196145638823509 0.195645168423653 0.194080352783203 0.192306324839592 0.183105573058128 0.173824518918991 0.166445627808571 0.157318621873856 0.142045080661774 0.12980517745018 0.123199090361595 0.118568055331707 0.116088919341564 0.114233449101448 0.112781517207623 0.111191138625145
