Ecospace-environmental-drivers/Outputs/ASCII-for-ecospace/MOM6-ISIMIP3a/o2-bot/1993-05_o2-bot_MOM6-ISIMIP3a.asc
NCOLS 131 
NROWS 53 
XLLCORNER -98 
YLLCORNER 23.9265270233154 
CELLSIZE 0.133587792515755 
NODATA_value -9999 
[rows 21 to 41 of 53, columns 0 to 45 of 131]
-9999 -9999 -9999 -9999 -9999 -9999 0.223744556307793 0.223659932613373 0.223331272602081 0.222882032394409 0.222465246915817 0.223193511366844 0.223562642931938 0.224662214517593 0.222113043069839 0.215353831648827 0.203444615006447 0.18799863755703 0.189178541302681 0.196778312325478 0.200072377920151 0.20260663330555 0.193430975079536 0.184932738542557 0.18421633541584 0.184250593185425 0.186718747019768 0.189908295869827 0.194356724619865 0.197952121496201 0.200669750571251 0.202612936496735 0.204084351658821 0.205126270651817 0.206025034189224 0.206842809915543 0.20764271914959 0.207514464855194 0.207338944077492 0.206862449645996 0.206081494688988 0.204452991485596 0.201930657029152 0.198026910424232 0.195736318826675 0.194926276803017
-9999 -9999 -9999 -9999 -9999 -9999 0.223750829696655 0.223744556307793 0.223575294017792 0.223123207688332 0.222882032394409 0.221320182085037 0.21866101026535 0.213830530643463 0.210273399949074 0.208185493946075 0.201703980565071 0.192205190658569 0.194433063268661 0.201189026236534 0.204463049769402 0.207122623920441 0.201190501451492 0.195653721690178 0.194979056715965 0.194842517375946 0.196450799703598 0.198469609022141 0.201204836368561 0.203709274530411 0.205976232886314 0.207591265439987 0.208809167146683 0.209821045398712 0.210764274001122 0.210694298148155 0.210485652089119 0.210463255643845 0.210457846522331 0.210560485720634 0.210453495383263 0.209762886166573 0.208454966545105 0.206193014979362 0.20465674996376 0.203786551952362
-9999 -9999 -9999 -9999 0.223121345043182 0.223499238491058 0.223771154880524 0.223736792802811 0.223744556307793 0.223406046628952 0.222460210323334 0.219189867377281 0.213416039943695 0.20268851518631 0.198242694139481 0.201044976711273 0.200193300843239 0.196832314133644 0.200075551867485 0.205868944525719 0.208251744508743 0.210032686591148 0.206614464521408 0.203398391604424 0.202815532684326 0.202548906207085 0.203307658433914 0.204345539212227 0.205870553851128 0.207604438066483 0.209553211927414 0.210906177759171 0.211896181106567 0.212817475199699 0.213715881109238 0.212771281599998 0.211575552821159 0.21087957918644 0.210300371050835 0.210464641451836 0.210610151290894 0.210703417658806 0.210626229643822 0.210285604000092 0.20976921916008 0.209091559052467
-9999 -9999 -9999 -9999 0.222298055887222 0.222916945815086 0.223227322101593 0.223771154880524 0.223694652318954 0.222720980644226 0.220803409814835 0.215272977948189 0.209157034754753 0.201882556080818 0.198363319039345 0.199177026748657 0.199504867196083 0.199499025940895 0.201962158083916 0.205378666520119 0.204918161034584 0.203773498535156 0.17931891977787 0.157066091895103 0.157414466142654 0.157864943146706 0.158646479249001 0.1623205691576 0.171042442321777 0.181732386350632 0.194447442889214 0.200091674923897 0.201428428292274 0.20256008207798 0.203623369336128 0.204586654901505 0.205430164933205 0.191547766327858 0.178233087062836 0.168533861637115 0.160436138510704 0.156796619296074 0.154596552252769 0.154621079564095 0.154549941420555 0.154391035437584
-9999 -9999 -9999 -9999 -9999 0.222298055887222 0.222371250391006 0.222683489322662 0.222834408283234 0.219997107982635 0.216449782252312 0.210184752941132 0.204602882266045 0.20037280023098 0.196046069264412 0.191607803106308 0.190805926918983 0.192501336336136 0.195255756378174 0.198419094085693 0.196725398302078 0.194174602627754 0.15676537156105 0.122769862413406 0.123582385480404 0.12442197650671 0.12534935772419 0.130848601460457 0.144326135516167 0.160415127873421 0.179191291332245 0.186624243855476 0.18714702129364 0.188095346093178 0.189185529947281 0.191476926207542 0.193761706352234 0.172057390213013 0.151191547513008 0.135665327310562 0.122735843062401 0.117035090923309 0.113695867359638 0.114006243646145 0.114353366196156 0.114734202623367
-9999 -9999 -9999 -9999 -9999 0.222694247961044 0.222298055887222 0.220732286572456 0.218421027064323 0.208333626389503 0.200271353125572 0.19996052980423 0.198754489421844 0.195777088403702 0.183039456605911 0.159040063619614 0.146983250975609 0.143127962946892 0.150871396064758 0.163093522191048 0.167226538062096 0.169932067394257 0.155004218220711 0.141248419880867 0.140477031469345 0.140267640352249 0.141880482435226 0.145648568868637 0.153177782893181 0.159069359302521 0.163275852799416 0.161524593830109 0.1561439037323 0.155182704329491 0.155694663524628 0.156771898269653 0.157876119017601 0.151871800422668 0.146186426281929 0.142532140016556 0.139729276299477 0.139296591281891 0.139131531119347 0.139380112290382 0.140027090907097 0.141039714217186
-9999 -9999 0.223337545990944 0.223314106464386 0.223353385925293 0.223090916872025 0.222693786025047 0.216826021671295 0.210201784968376 0.198082819581032 0.18927101790905 0.193117544054985 0.19354809820652 0.187219396233559 0.167742058634758 0.133093297481537 0.11615102738142 0.111368581652641 0.123511336743832 0.142189532518387 0.150030300021172 0.155958577990532 0.156599894165993 0.156885772943497 0.155174389481544 0.154333367943764 0.156314432621002 0.158579722046852 0.1613410115242 0.160018816590309 0.154494777321815 0.147444814443588 0.139465272426605 0.137613698840141 0.137804761528969 0.138086631894112 0.138412520289421 0.143110454082489 0.147706791758537 0.151656195521355 0.155384108424187 0.158495470881462 0.160608753561974 0.161179587244987 0.162091314792633 0.163315936923027
-9999.000000000000000 -9999 -9999 -9999 0.223497986793518 0.223615869879723 0.223857805132866 0.208654060959816 0.193678662180901 0.190914317965508 0.189568445086479 0.193651899695396 0.189742431044579 0.170017242431641 0.147446528077126 0.121592551469803 0.113662034273148 0.11804037541151 0.133295819163322 0.152751326560974 0.159676596522331 0.164390668272972 0.165519669651985 0.16632404923439 0.165077552199364 0.164515495300293 0.166172683238983 0.167433395981789 0.168002232909203 0.165976122021675 0.161279857158661 0.157408863306046 0.154040604829788 0.153522282838821 0.153953939676285 0.154354140162468 0.15477928519249 0.159275084733963 0.163464799523354 0.16570520401001 0.168118298053741 0.171012178063393 0.173449218273163 0.175180211663246 0.17628014087677 0.17680087685585
-9999 -9999 -9999 -9999 0.223577737808228 0.223787188529968 0.224061399698257 0.204082667827606 0.184918463230133 0.187806978821754 0.190812692046165 0.194266974925995 0.186034068465233 0.154675513505936 0.131155505776405 0.116679944097996 0.117128424346447 0.127825900912285 0.143426969647408 0.160921469330788 0.167921230196953 0.173068970441818 0.174301117658615 0.175176233053207 0.173790648579597 0.17293481528759 0.173796653747559 0.174149140715599 0.173612803220749 0.171638503670692 0.168184578418732 0.166617318987846 0.166199371218681 0.166498392820358 0.167036384344101 0.167711570858955 0.168426305055618 0.172003418207169 0.175259605050087 0.176472127437592 0.178067579865456 0.180729001760483 0.183147415518761 0.185190305113792 0.186241209506989 0.186381667852402
-9999 -9999 -9999 -9999 0.223558664321899 0.223330155014992 0.223048001527786 0.204041063785553 0.185924664139748 0.189808905124664 0.193248063325882 0.194983601570129 0.182448133826256 0.141674339771271 0.119902446866035 0.12005577981472 0.128087177872658 0.141528785228729 0.153994232416153 0.166082739830017 0.174402415752411 0.18205700814724 0.182908535003662 0.183291032910347 0.181006535887718 0.179136380553246 0.178609728813171 0.17817522585392 0.177901580929756 0.176929861307144 0.175239831209183 0.174875169992447 0.175317913293839 0.175785198807716 0.176260650157928 0.177407905459404 0.178651705384254 0.180408582091331 0.182068377733231 0.183109939098358 0.184513196349144 0.186923325061798 0.188892424106598 0.190179958939552 0.19088339805603 0.191050752997398
-9999 -9999 -9999 -9999 0.223330155014992 0.222988605499268 0.222587645053864 0.20780237019062 0.193632826209068 0.19581001996994 0.19758577644825 0.197824954986572 0.184525936841965 0.144438624382019 0.123499877750874 0.124655567109585 0.135916203260422 0.154116362333298 0.165136411786079 0.173383951187134 0.180531606078148 0.18748514354229 0.188128486275673 0.18826599419117 0.185339629650116 0.182837560772896 0.181711181998253 0.181010127067566 0.181051284074783 0.181037485599518 0.180967152118683 0.18133544921875 0.181970983743668 0.182654187083244 0.183353275060654 0.184497594833374 0.185700938105583 0.186554253101349 0.187401488423347 0.188209995627403 0.189264416694641 0.191003397107124 0.192428424954414 0.193368285894394 0.193929463624954 0.194143056869507
-9999 -9999 -9999 -9999 0.222968801856041 0.222587645053864 0.21502611041069 0.21441587805748 0.206367537379265 0.204810574650764 0.203350260853767 0.202259883284569 0.190851628780365 0.159027174115181 0.138235315680504 0.130173340439796 0.141397923231125 0.165867447853088 0.176709786057472 0.18229016661644 0.186396777629852 0.190243303775787 0.190807819366455 0.190886035561562 0.187510624527931 0.184663414955139 0.183528929948807 0.182951614260674 0.183346658945084 0.184257313609123 0.185698509216309 0.18644754588604 0.186774924397469 0.187709793448448 0.18884713947773 0.189632266759872 0.190367996692657 0.191005289554596 0.191627860069275 0.192156732082367 0.192744836211205 0.193497762084007 0.194307655096054 0.195205613970757 0.195778414607048 0.196052774786949
-9999 -9999 -9999 -9999 0.222587645053864 0.217897549271584 0.216020375490189 0.215298518538475 0.214237257838249 0.209599956870079 0.205899998545647 0.205787748098373 0.19693885743618 0.170802593231201 0.150735393166542 0.137670904397964 0.145473346114159 0.167606025934219 0.178760156035423 0.185675084590912 0.189060345292091 0.191822737455368 0.192500248551369 0.192850664258003 0.190855711698532 0.189126700162888 0.188259944319725 0.187708958983421 0.187709048390388 0.188316881656647 0.18955010175705 0.190199941396713 0.190494403243065 0.191240683197975 0.192137584090233 0.192724853754044 0.193268567323685 0.193706318736076 0.194130331277847 0.194466695189476 0.194801449775696 0.195131704211235 0.195597901940346 0.196274220943451 0.196688637137413 0.196862667798996
-9999 -9999 -9999 -9999 -9999 0.217767581343651 0.217956066131592 0.21834671497345 0.220021963119507 0.212584540247917 0.207071959972382 0.208926871418953 0.202923893928528 0.18137238919735 0.162277430295944 0.146016955375671 0.148946046829224 0.165053457021713 0.176729202270508 0.186693698167801 0.19035179913044 0.192897006869316 0.193769708275795 0.194534376263618 0.19470402598381 0.194720342755318 0.194239526987076 0.193673104047775 0.192957296967506 0.192736357450485 0.193024635314941 0.193369597196579 0.193749085068703 0.19411812722683 0.194483697414398 0.194942250847816 0.195412039756775 0.195657357573509 0.195893973112106 0.196075171232224 0.19624787569046 0.196396887302399 0.196635723114014 0.197013378143311 0.197196543216705 0.197201192378998
-9999 -9999 -9999 -9999 -9999 0.218723863363266 0.219326287508011 0.220222949981689 0.219797104597092 0.213300913572311 0.208548337221146 0.210469543933868 0.204639300704002 0.183471113443375 0.164378747344017 0.147681593894958 0.149693727493286 0.164554372429848 0.175645917654037 0.185282066464424 0.189899519085884 0.193631321191788 0.194779574871063 0.19579491019249 0.196174100041389 0.196383133530617 0.196040526032448 0.195705235004425 0.195382714271545 0.195258364081383 0.195337936282158 0.195522129535675 0.195770040154457 0.195966318249702 0.196145370602608 0.196416452527046 0.196698740124702 0.196769118309021 0.196835815906525 0.196878924965858 0.196925640106201 0.196982383728027 0.197100386023521 0.197313040494919 0.197407856583595 0.197394505143166
-9999 -9999 -9999 -9999 -9999 0.218447238206863 0.218889221549034 0.219409212470055 0.218328863382339 0.213547989726067 0.210087671875954 0.211681932210922 0.205471336841583 0.183817163109779 0.164526775479317 0.147963836789131 0.149877592921257 0.164480149745941 0.174758702516556 0.183367595076561 0.189086452126503 0.194295316934586 0.195735737681389 0.196967899799347 0.197152122855186 0.197232648730278 0.196976989507675 0.196923837065697 0.197224080562592 0.197387784719467 0.197410985827446 0.19746421277523 0.197535738348961 0.197601526975632 0.197665423154831 0.197736889123917 0.197808161377907 0.197707250714302 0.19760762155056 0.197516188025475 0.197444394230843 0.19742725789547 0.197446450591087 0.197521775960922 0.197557806968689 0.197557777166367
-9999 -9999 -9999 -9999 -9999 -9999 0.217126190662384 0.217035487294197 0.216768994927406 0.213604465126991 0.211334720253944 0.212489917874336 0.205891653895378 0.183951482176781 0.163254767656326 0.143992781639099 0.14536190032959 0.160899326205254 0.17158180475235 0.180389598011971 0.188051268458366 0.195510670542717 0.196647375822067 0.197562053799629 0.197780326008797 0.19784764945507 0.197425499558449 0.197211518883705 0.197360828518867 0.197439283132553 0.197444841265678 0.197480440139771 0.197534337639809 0.197588443756104 0.197642609477043 0.197719991207123 0.197801008820534 0.197939202189445 0.198049977421761 0.197986230254173 0.197926893830299 0.197879835963249 0.197861775755882 0.197888493537903 0.197917506098747 0.19794861972332
-9999 -9999 -9999 -9999 -9999 -9999 0.21545384824276 0.2149338722229 0.21525451540947 0.213651314377785 0.212530046701431 0.213253304362297 0.206122666597366 0.183451369404793 0.16139218211174 0.140039265155792 0.141082361340523 0.157505825161934 0.16859695315361 0.177629068493843 0.187105149030685 0.196659564971924 0.197500064969063 0.198103904724121 0.198325619101524 0.198362171649933 0.197798356413841 0.197432547807693 0.19741228222847 0.19739793241024 0.197389647364616 0.197406634688377 0.197439014911652 0.197483375668526 0.197531744837761 0.197621777653694 0.197719484567642 0.198083743453026 0.198394551873207 0.198365032672882 0.198325023055077 0.198255747556686 0.198209911584854 0.198200285434723 0.198223933577538 0.198278144001961
-9999 -9999 -9999 -9999 -9999 -9999 0.213934600353241 0.214392185211182 0.214267715811729 0.213686734437943 0.213313281536102 0.213734105229378 0.204530999064445 0.176284849643707 0.153908297419548 0.138304322957993 0.141566768288612 0.157785654067993 0.168754562735558 0.177696257829666 0.187215238809586 0.196836084127426 0.197745352983475 0.198364302515984 0.198153495788574 0.197916999459267 0.19759726524353 0.197387129068375 0.197368279099464 0.197358652949333 0.197358503937721 0.197292298078537 0.197185844182968 0.197184711694717 0.197218671441078 0.197294816374779 0.197378024458885 0.197633177042007 0.197853326797485 0.197850584983826 0.19784052670002 0.197810098528862 0.197808265686035 0.197850614786148 0.197861954569817 0.197844818234444
-9999 -9999 -9999 -9999 -9999 0.211845517158508 0.212570920586586 0.212477758526802 0.21310219168663 0.213244616985321 0.213166579604149 0.212244734168053 0.200509294867516 0.167376786470413 0.1458880007267 0.137834206223488 0.143930554389954 0.159744426608086 0.170525059103966 0.179362162947655 0.188220411539078 0.197082385420799 0.197867661714554 0.19835764169693 0.197860583662987 0.197453305125237 0.19733715057373 0.197259292006493 0.197248294949532 0.197247758507729 0.19725801050663 0.197145447134972 0.196958094835281 0.196926534175873 0.196946889162064 0.197005465626717 0.197069957852364 0.197224840521812 0.197361350059509 0.19738095998764 0.197394713759422 0.197392165660858 0.19741852581501 0.19748954474926 0.197500735521317 0.197457000613213
-9999 -9999 -9999 -9999 0.210817694664001 0.211550861597061 0.211845517158508 0.211568236351013 0.211281225085258 0.211051434278488 0.209610044956207 0.203531235456467 0.187577232718468 0.152082994580269 0.135900869965553 0.142001897096634 0.153185471892357 0.167859435081482 0.178209587931633 0.186890140175819 0.19250762462616 0.197584539651871 0.197539016604424 0.197371765971184 0.197124853730202 0.196921721100807 0.196860566735268 0.196829155087471 0.196849659085274 0.196874305605888 0.196903228759766 0.1968794465065 0.196823552250862 0.196816831827164 0.196826502680779 0.19685398042202 0.196884334087372 0.19697131216526 0.197049990296364 0.197075754404068 0.19709075987339 0.197075873613358 0.197072401642799 0.197086602449417 0.197142288088799 0.197236031293869
