Ecospace-environmental-drivers/Outputs/ASCII-for-ecospace/MOM6-ISIMIP3a/o2-bot/1993-02_o2-bot_MOM6-ISIMIP3a.asc
NCOLS 131 
NROWS 53 
XLLCORNER -98 
YLLCORNER 23.9265270233154 
CELLSIZE 0.133587792515755 
NODATA_value -9999 
[rows 21 to 41 of 53, columns 0 to 45 of 131]
-9999 -9999 -9999 -9999 -9999 -9999 0.246002286672592 0.24616602063179 0.246474608778954 0.247081935405731 0.247233256697655 0.249328076839447 0.249122813344002 0.248511403799057 0.246041432023048 0.241426974534988 0.236093640327454 0.230266600847244 0.229861214756966 0.231549337506294 0.231840714812279 0.231885597109795 0.230636149644852 0.229425773024559 0.228777214884758 0.228114157915115 0.227404072880745 0.226681277155876 0.225936278700829 0.225191578269005 0.224447205662727 0.223724469542503 0.223014920949936 0.222081929445267 0.221074461936951 0.219280779361725 0.217386677861214 0.216636031866074 0.215916320681572 0.215393498539925 0.214848771691322 0.214243039488792 0.213348910212517 0.21200904250145 0.21013431251049 0.207768678665161
-9999 -9999 -9999 -9999 -9999 -9999 0.245956838130951 0.246002286672592 0.246329754590988 0.24648442864418 0.247081935405731 0.245289742946625 0.242948710918427 0.239521652460098 0.236989051103592 0.235488533973694 0.232556641101837 0.228641778230667 0.22790652513504 0.228399038314819 0.227784633636475 0.226974874734879 0.225846499204636 0.224789619445801 0.224386602640152 0.223964840173721 0.223482266068459 0.222990602254868 0.222483113408089 0.22204002737999 0.221663236618042 0.221294701099396 0.220931217074394 0.220524191856384 0.220102682709694 0.218568727374077 0.216889098286629 0.216332897543907 0.215785592794418 0.215295001864433 0.214731246232986 0.213963836431503 0.212858289480209 0.211230173707008 0.209509193897247 0.207702979445457
-9999 -9999 -9999 -9999 0.246116667985916 0.245941251516342 0.24595083296299 0.24591737985611 0.246002286672592 0.246657237410545 0.246196255087852 0.241463974118233 0.23628543317318 0.230223849415779 0.22778594493866 0.229529201984406 0.229058444499969 0.227067247033119 0.225946992635727 0.22516305744648 0.22362057864666 0.221944242715836 0.219684913754463 0.217636540532112 0.217452332377434 0.217229411005974 0.216880902647972 0.216718569397926 0.216881081461906 0.217427685856819 0.218369513750076 0.218715965747833 0.218699738383293 0.218748793005943 0.218819618225098 0.217461302876472 0.2159074395895 0.214630305767059 0.213416144251823 0.212602987885475 0.211697921156883 0.210536971688271 0.209100887179375 0.207239627838135 0.20571357011795 0.204495176672935
-9999 -9999 -9999 -9999 0.246557220816612 0.24601736664772 0.245931670069695 0.24595083296299 0.245799019932747 0.243866801261902 0.240980982780457 0.234445169568062 0.228854134678841 0.225132510066032 0.223374798893929 0.223883137106895 0.223232835531235 0.221786826848984 0.221063792705536 0.220619931817055 0.219432830810547 0.218114584684372 0.192641422152519 0.169369593262672 0.168849483132362 0.168081730604172 0.166510954499245 0.168421149253845 0.176405906677246 0.189361840486526 0.20743303000927 0.214359521865845 0.214496746659279 0.213881298899651 0.213014975190163 0.210728779435158 0.20814236998558 0.191106557846069 0.175434216856956 0.168444931507111 0.161871239542961 0.156454458832741 0.152738437056541 0.151650801301003 0.150747284293175 0.150012761354446
-9999 -9999 -9999 -9999 -9999 0.246557220816612 0.245629757642746 0.245912507176399 0.244942486286163 0.240555301308632 0.235501736402512 0.227897554636002 0.222222298383713 0.220363825559616 0.217118144035339 0.212271854281425 0.209079816937447 0.207023844122887 0.207544639706612 0.209060415625572 0.209118694067001 0.208919763565063 0.169109955430031 0.132690712809563 0.131753668189049 0.130494192242622 0.128189325332642 0.131540864706039 0.144763365387917 0.165505528450012 0.193985283374786 0.204027637839317 0.202838063240051 0.201470449566841 0.200043484568596 0.197383120656013 0.194386556744576 0.168357416987419 0.144472375512123 0.134241625666618 0.124643869698048 0.116808168590069 0.111934781074524 0.111639462411404 0.111410565674305 0.111242644488811
-9999 -9999 -9999 -9999 -9999 0.246125414967537 0.246557220816612 0.244098469614983 0.241221621632576 0.234959080815315 0.228865042328835 0.223415970802307 0.219095930457115 0.217009961605072 0.202769488096237 0.174504652619362 0.15841343998909 0.150682404637337 0.156159207224846 0.166736021637917 0.171942010521889 0.176200211048126 0.160977765917778 0.146822303533554 0.145112946629524 0.143594712018967 0.142696171998978 0.144721582531929 0.151849523186684 0.160106867551804 0.169526353478432 0.167495176196098 0.158488377928734 0.155984088778496 0.155647307634354 0.155040681362152 0.154363065958023 0.149004757404327 0.144291609525681 0.143687158823013 0.142660930752754 0.140460610389709 0.13935212790966 0.139931008219719 0.140605077147484 0.141366541385651
-9999 -9999 0.245064616203308 0.24521578848362 0.245407044887543 0.245693102478981 0.246125936508179 0.241706997156143 0.236862748861313 0.230025202035904 0.223804131150246 0.219942644238472 0.215138226747513 0.20846800506115 0.185550183057785 0.143885210156441 0.122207567095757 0.114256128668785 0.124292597174644 0.141274854540825 0.149663195014 0.156534969806671 0.158194780349731 0.159354194998741 0.157294750213623 0.155734226107597 0.155791372060776 0.156698971986771 0.15909069776535 0.158414125442505 0.154580295085907 0.145558521151543 0.133376285433769 0.13071320950985 0.131223171949387 0.131999686360359 0.132865324616432 0.140998348593712 0.148731365799904 0.15391705930233 0.158211842179298 0.160026520490646 0.161700159311295 0.163155809044838 0.164527073502541 0.16582091152668
-9999.000000000000000 -9999 -9999 -9999 0.244547232985497 0.245120987296104 0.24485732614994 0.238055646419525 0.231111839413643 0.226536452770233 0.22218132019043 0.218669220805168 0.209366649389267 0.188606396317482 0.162067547440529 0.12886106967926 0.117552362382412 0.121281810104847 0.135013207793236 0.15260674059391 0.159889310598373 0.165352314710617 0.167082980275154 0.168395787477493 0.166907504200935 0.165776997804642 0.165806517004967 0.166050851345062 0.166670098900795 0.164807125926018 0.160390004515648 0.15546777844429 0.150237843394279 0.149549558758736 0.150375127792358 0.151071637868881 0.151788040995598 0.157747820019722 0.16325244307518 0.165858373045921 0.168381944298744 0.170676231384277 0.172987699508667 0.175325721502304 0.176945194602013 0.177905216813087
-9999 -9999 -9999 -9999 0.243329659104347 0.242827624082565 0.243300005793571 0.235319167375565 0.227313056588173 0.224228098988533 0.221100762486458 0.217811197042465 0.204004049301147 0.16938553750515 0.141513019800186 0.121424309909344 0.119297802448273 0.129506722092628 0.144260361790657 0.160768881440163 0.168149530887604 0.173919409513474 0.175453871488571 0.176617041230202 0.175459027290344 0.174470767378807 0.174032911658287 0.173547655344009 0.172979667782784 0.170575961470604 0.166283339262009 0.164074033498764 0.163133874535561 0.163727566599846 0.164832517504692 0.165909379720688 0.16700142621994 0.170745030045509 0.174167051911354 0.175541058182716 0.177219316363335 0.17974454164505 0.182192400097847 0.184520721435547 0.186022073030472 0.186764419078827
-9999 -9999 -9999 -9999 0.242433995008469 0.242040351033211 0.24155430495739 0.233733639121056 0.225970178842545 0.223404750227928 0.220702365040779 0.217475816607475 0.19915597140789 0.15097077190876 0.124642305076122 0.123533084988594 0.129095777869225 0.139240384101868 0.15165376663208 0.164943218231201 0.173936516046524 0.182171687483788 0.183173939585686 0.183806240558624 0.182675436139107 0.18146738409996 0.180008918046951 0.178710579872131 0.177691668272018 0.175559535622597 0.17228190600872 0.171041041612625 0.171040952205658 0.172045007348061 0.173383787274361 0.175420120358467 0.17754815518856 0.179021582007408 0.180544450879097 0.182382225990295 0.184380024671555 0.186823308467865 0.188776731491089 0.189973056316376 0.190895363688469 0.191566154360771
-9999 -9999 -9999 -9999 0.242040351033211 0.241451978683472 0.240761294960976 0.23418453335762 0.227558448910713 0.224413111805916 0.22121462225914 0.217812761664391 0.199815139174461 0.152936637401581 0.127980574965477 0.128319576382637 0.136761859059334 0.150769025087357 0.162073507905006 0.172334387898445 0.180096760392189 0.187418207526207 0.188103005290031 0.188439011573792 0.187079474329948 0.185529798269272 0.183363541960716 0.181637078523636 0.180678084492683 0.179595112800598 0.178384572267532 0.178088247776031 0.178348854184151 0.179282680153847 0.180440917611122 0.182500660419464 0.184673920273781 0.18530860543251 0.186067327857018 0.187615945935249 0.189250528812408 0.191124379634857 0.192499533295631 0.19310399889946 0.193740546703339 0.194406554102898
-9999 -9999 -9999 -9999 0.241417869925499 0.240761294960976 0.236452460289001 0.236162781715393 0.23134508728981 0.226795256137848 0.22240985929966 0.218653962016106 0.204604789614677 0.170188188552856 0.146475791931152 0.135114386677742 0.142828986048698 0.163643926382065 0.174763023853302 0.182138204574585 0.18653692305088 0.190410390496254 0.190938785672188 0.191154420375824 0.18937423825264 0.187391519546509 0.184752076864243 0.182886213064194 0.182370275259018 0.182919681072235 0.184565305709839 0.185195595026016 0.185207366943359 0.18571050465107 0.186377421021461 0.187758505344391 0.189233928918839 0.190103471279144 0.190949305891991 0.191644087433815 0.192403346300125 0.193342119455338 0.194076180458069 0.194493860006332 0.195064634084702 0.195775926113129
-9999 -9999 -9999 -9999 0.240761294960976 0.237120166420937 0.235567778348923 0.234701231122017 0.233991339802742 0.228268012404442 0.223003819584846 0.219497010111809 0.208932012319565 0.184400841593742 0.162489667534828 0.143601551651955 0.1472237855196 0.166304901242256 0.177399933338165 0.185411244630814 0.189083009958267 0.191988974809647 0.192575916647911 0.192955046892166 0.1920255869627 0.19088077545166 0.189037695527077 0.187679171562195 0.187166228890419 0.187657326459885 0.189181551337242 0.189752772450447 0.18974344432354 0.190049678087234 0.190461114048958 0.191363155841827 0.192331463098526 0.193087100982666 0.193789079785347 0.194149345159531 0.194520518183708 0.194922015070915 0.195293948054314 0.195620208978653 0.1960618942976 0.196609497070312
-9999 -9999 -9999 -9999 -9999 0.235828876495361 0.235699146986008 0.235839307308197 0.236148849129677 0.229351028800011 0.223340079188347 0.220340847969055 0.213061034679413 0.197311103343964 0.177440091967583 0.152814000844955 0.150901854038239 0.164588406682014 0.175728514790535 0.185885354876518 0.189960166811943 0.192961692810059 0.193699315190315 0.194363594055176 0.194829761981964 0.195067554712296 0.194564938545227 0.19399094581604 0.193292394280434 0.193000584840775 0.193127319216728 0.193217009305954 0.193284153938293 0.193493723869324 0.193750753998756 0.194259285926819 0.194802209734917 0.195294454693794 0.19575360417366 0.196001932024956 0.196193814277649 0.196228519082069 0.196357905864716 0.196633636951447 0.196919068694115 0.197213426232338
-9999 -9999 -9999 -9999 -9999 0.235942214727402 0.236219719052315 0.23655691742897 0.236068919301033 0.229469284415245 0.22361071407795 0.220588624477386 0.21374736726284 0.199349090456963 0.179861292243004 0.154500961303711 0.152012020349503 0.165229871869087 0.175561979413033 0.184779793024063 0.189626544713974 0.193701937794685 0.194680497050285 0.195549890398979 0.196074590086937 0.196411713957787 0.196140676736832 0.195883974432945 0.195652306079865 0.195479154586792 0.195366248488426 0.195351675152779 0.195397019386292 0.195529028773308 0.195689931511879 0.195971101522446 0.19626872241497 0.196544244885445 0.196799069643021 0.196922093629837 0.197008237242699 0.196991667151451 0.197051450610161 0.197229236364365 0.197390928864479 0.19753785431385
-9999 -9999 -9999 -9999 -9999 0.235599383711815 0.23590774834156 0.236262932419777 0.235526069998741 0.229387938976288 0.223867788910866 0.220713064074516 0.213721409440041 0.199137613177299 0.179690182209015 0.154630899429321 0.152590870857239 0.166359201073647 0.175706803798676 0.183347389101982 0.189042404294014 0.194394066929817 0.195632249116898 0.196690201759338 0.196996793150902 0.197167724370956 0.196898818016052 0.196862742304802 0.197232961654663 0.197365030646324 0.197252050042152 0.197211250662804 0.19721445441246 0.197272881865501 0.197349697351456 0.19743786752224 0.197527438402176 0.1975958943367 0.197654381394386 0.197649344801903 0.197644963860512 0.197642385959625 0.197668328881264 0.197738379240036 0.197783038020134 0.197804436087608
-9999 -9999 -9999 -9999 -9999 -9999 0.23467068374157 0.234903410077095 0.234437167644501 0.228656381368637 0.223356008529663 0.219894513487816 0.212824448943138 0.198614075779915 0.178016915917397 0.150050416588783 0.147624582052231 0.1627386957407 0.172744989395142 0.180778965353966 0.188152879476547 0.195410311222076 0.196493491530418 0.197375774383545 0.197710663080215 0.197873055934906 0.197476238012314 0.197285920381546 0.19745597243309 0.197507038712502 0.197435691952705 0.197413116693497 0.197420254349709 0.197446048259735 0.197478070855141 0.197509601712227 0.197542667388916 0.197798401117325 0.198027819395065 0.198089793324471 0.198129937052727 0.198109373450279 0.198113217949867 0.198154747486115 0.198193788528442 0.198230534791946
-9999 -9999 -9999 -9999 -9999 -9999 0.233195200562477 0.232845693826675 0.233250647783279 0.227815300226212 0.222737029194832 0.219025462865829 0.2116619348526 0.197072252631187 0.175341486930847 0.145371034741402 0.142879694700241 0.159259468317032 0.169930651783943 0.178397536277771 0.187350958585739 0.196390241384506 0.197318851947784 0.198023855686188 0.198345586657524 0.198473557829857 0.197973296046257 0.197638750076294 0.197593420743942 0.197555631399155 0.197525560855865 0.197515770792961 0.197518348693848 0.197513744235039 0.197506755590439 0.197494730353355 0.197485208511353 0.197917133569717 0.198307603597641 0.198434010148048 0.198517590761185 0.198481947183609 0.198468893766403 0.198490768671036 0.19852951169014 0.198583751916885
-9999 -9999 -9999 -9999 -9999 -9999 0.231649622321129 0.2318364828825 0.23128367960453 0.226116597652435 0.221341729164124 0.218068107962608 0.208082914352417 0.184817418456078 0.162693575024605 0.141887009143829 0.143145084381104 0.159555971622467 0.170173332095146 0.178553596138954 0.187629446387291 0.196828037500381 0.197804763913155 0.19848920404911 0.19823807477951 0.197980016469955 0.197699517011642 0.197506710886955 0.197466984391212 0.197440654039383 0.197428151965141 0.197352200746536 0.197237610816956 0.197206571698189 0.197203382849693 0.197222262620926 0.197246164083481 0.197548016905785 0.197818458080292 0.19788883626461 0.197939455509186 0.19793501496315 0.197955340147018 0.198013931512833 0.19805620610714 0.198083505034447
-9999 -9999 -9999 -9999 -9999 0.231304332613945 0.230404853820801 0.230266690254211 0.228887170553207 0.22413869202137 0.21979159116745 0.216980829834938 0.204285815358162 0.172032609581947 0.150121495127678 0.140143513679504 0.145575225353241 0.161589488387108 0.171970322728157 0.18017590045929 0.188700392842293 0.197281181812286 0.198074862360954 0.198563903570175 0.197935193777084 0.197431340813637 0.197332412004471 0.197260186076164 0.197234630584717 0.197226330637932 0.197235822677612 0.197136119008064 0.196969926357269 0.19693449139595 0.196942657232285 0.196985855698586 0.197034850716591 0.197213888168335 0.197372078895569 0.197397485375404 0.197420656681061 0.197437539696693 0.197475120425224 0.197544708848 0.197597369551659 0.197634503245354
-9999 -9999 -9999 -9999 0.232042670249939 0.231210812926292 0.231304332613945 0.228211939334869 0.224915653467178 0.221137017011642 0.217673689126968 0.215417206287384 0.199689120054245 0.157304510474205 0.137827455997467 0.144782111048698 0.155942872166634 0.169992133975029 0.17946657538414 0.187174499034882 0.192677155137062 0.197790637612343 0.19755357503891 0.19720621407032 0.196915969252586 0.196680590510368 0.196623086929321 0.196593850851059 0.196613952517509 0.196647688746452 0.196695432066917 0.196727558970451 0.196750178933144 0.196791142225266 0.196838214993477 0.196881771087646 0.196925133466721 0.197008028626442 0.197082534432411 0.19710348546505 0.197119444608688 0.197121471166611 0.197117239236832 0.19710336625576 0.197191581130028 0.19737346470356
