Ecospace-environmental-drivers/Outputs/ASCII-for-ecospace/MOM6-ISIMIP3a/o2-bot/1993-10_o2-bot_MOM6-ISIMIP3a.asc
NCOLS 131 
NROWS 53 
XLLCORNER -98 
YLLCORNER 23.9265270233154 
CELLSIZE 0.133587792515755 
NODATA_value -9999 
[rows 21 to 41 of 53, columns 46 to 91 of 131]
0.145424798130989 0.151290953159332 0.152923971414566 0.153353095054626 0.153492227196693 0.153572216629982 0.152856811881065 0.152448773384094 0.153604313731194 0.156261816620827 0.162545934319496 0.168279737234116 0.173258036375046 0.174325972795486 0.172194585204124 0.147881865501404 0.113062337040901 0.11939899623394 0.135569244623184 0.142368212342262 0.148554027080536 0.155185744166374 0.163429602980614 0.178420409560204 0.189369082450867 0.191784471273422 0.193510934710503 0.194395393133163 0.195463389158249 0.196665078401566 0.196522310376167 0.195822775363922 0.195840209722519 0.195998579263687 0.195570215582848 0.194857999682426 0.191585168242455 0.18399865925312 0.161245003342628 0.143356516957283 0.134503215551376 0.127369999885559 0.12211087346077 0.118008725345135 0.114655204117298 0.11373171210289
0.160737633705139 0.163940072059631 0.1627406924963 0.160289436578751 0.15922823548317 0.158349052071571 0.158541992306709 0.157039806246758 0.146914780139923 0.140916511416435 0.144882723689079 0.145573973655701 0.141769126057625 0.139874219894409 0.139541998505592 0.129272535443306 0.114296033978462 0.123012594878674 0.137390226125717 0.150882169604301 0.163699492812157 0.167583480477333 0.172817021608353 0.183698520064354 0.191580772399902 0.193131372332573 0.19437050819397 0.195228978991508 0.195906817913055 0.196453109383583 0.196422174572945 0.196152210235596 0.196374207735062 0.196692913770676 0.196309462189674 0.195834770798683 0.194722846150398 0.191277280449867 0.179626435041428 0.170147910714149 0.164703622460365 0.156326055526733 0.14475254714489 0.13603712618351 0.129171028733253 0.12381624430418
0.174264088273048 0.174523517489433 0.170571565628052 0.165421888232231 0.163762763142586 0.162554979324341 0.163886427879333 0.161509990692139 0.140271902084351 0.125753968954086 0.127462550997734 0.123047739267349 0.110226348042488 0.105385832488537 0.107075050473213 0.11118820309639 0.116449512541294 0.127150431275368 0.139151066541672 0.15879300236702 0.17773325741291 0.178820133209229 0.181062147021294 0.18813855946064 0.193280845880508 0.19434005022049 0.195298850536346 0.196134939789772 0.196391880512238 0.196226954460144 0.196292504668236 0.196453496813774 0.196797430515289 0.197177320718765 0.196203738451004 0.195338219404221 0.196017980575562 0.196576490998268 0.196708679199219 0.196212872862816 0.194550842046738 0.185454621911049 0.16825857758522 0.155479565262794 0.145558580756187 0.135514557361603
0.136924475431442 0.13658832013607 0.134295091032982 0.131445273756981 0.130809783935547 0.13048629462719 0.132466197013855 0.132582053542137 0.123215824365616 0.118353255093098 0.124365270137787 0.125579759478569 0.120207868516445 0.118280813097954 0.119172237813473 0.124571047723293 0.132104903459549 0.143818005919456 0.156529650092125 0.16960808634758 0.181997150182724 0.18398605287075 0.186412066221237 0.190667405724525 0.193859562277794 0.194807276129723 0.195762827992439 0.196727961301804 0.196810394525528 0.196249887347221 0.196292072534561 0.19658388197422 0.196427091956139 0.196182131767273 0.195966735482216 0.195816621184349 0.196293622255325 0.196686938405037 0.196786001324654 0.196614772081375 0.195941612124443 0.191881537437439 0.184131294488907 0.178523808717728 0.174302771687508 0.161719232797623
0.111979678273201 0.111813396215439 0.111384741961956 0.110881462693214 0.111349955201149 0.111974857747555 0.114137187600136 0.11595194786787 0.115998685359955 0.118525832891464 0.127042174339294 0.132301241159439 0.133088484406471 0.133712038397789 0.134201660752296 0.140315100550652 0.149092435836792 0.160598605871201 0.172756806015968 0.179861560463905 0.186344727873802 0.188833370804787 0.191183120012283 0.192951574921608 0.194429025053978 0.195292145013809 0.196228966116905 0.19725589454174 0.19713568687439 0.196179926395416 0.196204274892807 0.196634516119957 0.196114152669907 0.195406943559647 0.195807561278343 0.196235835552216 0.196533605456352 0.196781530976295 0.196854218840599 0.19694672524929 0.197076037526131 0.197118759155273 0.197067111730576 0.197280898690224 0.197666436433792 0.18444961309433
0.141382694244385 0.144742608070374 0.147081077098846 0.149129062891006 0.151053696870804 0.152908191084862 0.153209581971169 0.15324430167675 0.151922523975372 0.151905104517937 0.155037224292755 0.157392367720604 0.158680856227875 0.160263955593109 0.162088111042976 0.16641241312027 0.171920955181122 0.177874878048897 0.183935210108757 0.18765264749527 0.191059216856956 0.192283689975739 0.193416059017181 0.194163009524345 0.194957986474037 0.195854395627975 0.196704640984535 0.197498500347137 0.197052255272865 0.195702761411667 0.195733353495598 0.19633549451828 0.1960529088974 0.195596396923065 0.195989683270454 0.196395576000214 0.196617245674133 0.196806639432907 0.19688256084919 0.196971982717514 0.197086498141289 0.197139501571655 0.197125479578972 0.197240129113197 0.197438016533852 0.191946268081665
0.165520235896111 0.170515179634094 0.174141302704811 0.177378132939339 0.17993825674057 0.182317838072777 0.181692883372307 0.180891588330269 0.179193273186684 0.17780789732933 0.177178129553795 0.177334889769554 0.178571417927742 0.180705845355988 0.183574914932251 0.186279729008675 0.188906744122505 0.190731689333916 0.192364990711212 0.193588867783546 0.1947281062603 0.195044815540314 0.195318475365639 0.195411905646324 0.195667311549187 0.196264639496803 0.196843340992928 0.197399258613586 0.196830034255981 0.195441290736198 0.195126503705978 0.19525645673275 0.195463001728058 0.195684611797333 0.196113675832748 0.196525976061821 0.19669945538044 0.196851670742035 0.196929201483727 0.197010368108749 0.197098314762115 0.197139337658882 0.197129249572754 0.197174564003944 0.197255730628967 0.19709025323391
0.178169324994087 0.180673018097878 0.182358771562576 0.183811888098717 0.185216933488846 0.186584457755089 0.187072321772575 0.18749475479126 0.187584280967712 0.187398105859756 0.186546161770821 0.186043843626976 0.186021491885185 0.187816545367241 0.191098570823669 0.192554116249084 0.193144515156746 0.19394588470459 0.194797664880753 0.195478036999702 0.196115657687187 0.196302279829979 0.19649975001812 0.196742594242096 0.196770176291466 0.196343272924423 0.196246787905693 0.196554154157639 0.196305006742477 0.19565050303936 0.194223061203957 0.192475542426109 0.193719670176506 0.19555190205574 0.196110859513283 0.196592420339584 0.196778535842896 0.196940183639526 0.197015762329102 0.197077378630638 0.197113066911697 0.197093546390533 0.19701386988163 0.19705493748188 0.19717413187027 0.197101026773453
0.18728443980217 0.188333451747894 0.188917711377144 0.189369812607765 0.189850836992264 0.19035242497921 0.19132949411869 0.192298159003258 0.193224027752876 0.193677678704262 0.192991062998772 0.192399367690086 0.191937997937202 0.193084448575974 0.195546388626099 0.196057558059692 0.195644706487656 0.195861980319023 0.196229800581932 0.196473732590675 0.196701809763908 0.196823105216026 0.196966484189034 0.197202295064926 0.197085008025169 0.196222260594368 0.195776328444481 0.19583985209465 0.195805788040161 0.195700645446777 0.193903908133507 0.191406637430191 0.193073242902756 0.195558354258537 0.196178138256073 0.196694448590279 0.196874842047691 0.197027817368507 0.19708439707756 0.197116658091545 0.197103768587112 0.197041913866997 0.196926698088646 0.196953609585762 0.197072505950928 0.197070226073265
0.191953510046005 0.192851945757866 0.193390130996704 0.193825855851173 0.193673565983772 0.193493038415909 0.194174766540527 0.194837331771851 0.195402473211288 0.195792213082314 0.195758402347565 0.195794090628624 0.195925161242485 0.196033969521523 0.196124538779259 0.196074903011322 0.195958852767944 0.196144923567772 0.196403160691261 0.196345329284668 0.196279734373093 0.196417182683945 0.196534276008606 0.196566224098206 0.196408435702324 0.195850074291229 0.195464491844177 0.195290103554726 0.195339053869247 0.195550695061684 0.194319829344749 0.192491590976715 0.193806797266006 0.195739910006523 0.196333602070808 0.196841239929199 0.196992784738541 0.197114333510399 0.197130456566811 0.197121039032936 0.197064220905304 0.196982935070992 0.196875005960464 0.19687531888485 0.196945667266846 0.196987092494965
0.194523796439171 0.195342034101486 0.195771157741547 0.196089640259743 0.195807859301567 0.195494174957275 0.195977389812469 0.196432307362556 0.196743234992027 0.197011783719063 0.19717800617218 0.197364643216133 0.197579354047775 0.197299167513847 0.19661408662796 0.196371018886566 0.196337327361107 0.196442186832428 0.196580156683922 0.196339800953865 0.196098297834396 0.196218565106392 0.196291968226433 0.196169197559357 0.195986330509186 0.19567659497261 0.195403665304184 0.195175752043724 0.195242658257484 0.195524305105209 0.194553956389427 0.193065106868744 0.194268375635147 0.196000829339027 0.196528941392899 0.196977451443672 0.197084113955498 0.197159454226494 0.197124749422073 0.197077259421349 0.197006061673164 0.196933478116989 0.196859374642372 0.196849301457405 0.196880653500557 0.196937888860703
0.195519953966141 0.196310773491859 0.196583643555641 0.196709215641022 0.196675822138786 0.196640685200691 0.196998029947281 0.197319120168686 0.197455734014511 0.197560146450996 0.197586759924889 0.19756706058979 0.197483763098717 0.197301119565964 0.197037190198898 0.196876227855682 0.196764051914215 0.196750208735466 0.196759879589081 0.196426406502724 0.196097329258919 0.196175441145897 0.19619208574295 0.195951476693153 0.195755109190941 0.195652157068253 0.195531114935875 0.195387944579124 0.195424005389214 0.195590600371361 0.19465172290802 0.193255037069321 0.194525972008705 0.196321278810501 0.196754172444344 0.197105720639229 0.197155460715294 0.197173535823822 0.197080194950104 0.196997344493866 0.196933969855309 0.19689117372036 0.196870803833008 0.196862503886223 0.196862012147903 0.19691413640976
0.196107819676399 0.196764692664146 0.197003334760666 0.197123050689697 0.197185948491096 0.197250336408615 0.197511926293373 0.19774441421032 0.197828859090805 0.197890803217888 0.197898387908936 0.197802230715752 0.197563633322716 0.197395831346512 0.197285950183868 0.197164803743362 0.197038307785988 0.196971893310547 0.196919828653336 0.196477323770523 0.196041271090508 0.196089670062065 0.196082830429077 0.195844784379005 0.195687547326088 0.195700943470001 0.195671662688255 0.195590242743492 0.195617899298668 0.195724979043007 0.195207923650742 0.194432392716408 0.195354744791985 0.196610867977142 0.196915939450264 0.19716277718544 0.197184771299362 0.197179064154625 0.197075948119164 0.196989580988884 0.196934267878532 0.196901619434357 0.196893662214279 0.19688081741333 0.196864783763885 0.196900963783264
0.196520701050758 0.196997940540314 0.197254687547684 0.197448715567589 0.197542741894722 0.197629913687706 0.197808653116226 0.197971925139427 0.198056533932686 0.198128148913383 0.198168382048607 0.198051437735558 0.197718679904938 0.197530299425125 0.197460010647774 0.197360545396805 0.197247236967087 0.197156563401222 0.197071298956871 0.196512937545776 0.195961609482765 0.19598563015461 0.195969551801682 0.195785671472549 0.195690125226974 0.195781096816063 0.195817843079567 0.19578829407692 0.195817157626152 0.195888549089432 0.195960596203804 0.196032926440239 0.196428328752518 0.196887239813805 0.197050511837006 0.197189316153526 0.197196066379547 0.197180941700935 0.197088986635208 0.197012722492218 0.196965590119362 0.196934685111046 0.196921452879906 0.196901321411133 0.196876719594002 0.196892321109772
0.1969885379076 0.197255209088326 0.197502627968788 0.197744578123093 0.197861865162849 0.197969034314156 0.198147043585777 0.198260486125946 0.198045492172241 0.197886914014816 0.197864577174187 0.197768852114677 0.19757242500782 0.197447270154953 0.197380438446999 0.197316646575928 0.197254300117493 0.197173103690147 0.197087407112122 0.196710810065269 0.196332335472107 0.196217373013496 0.196061000227928 0.195731312036514 0.195518016815186 0.195550471544266 0.195596531033516 0.195659220218658 0.195787101984024 0.195962488651276 0.196205705404282 0.196477025747299 0.196728646755219 0.196976393461227 0.197075232863426 0.197160378098488 0.197165727615356 0.197157889604568 0.197103679180145 0.197053551673889 0.197011023759842 0.196970775723457 0.19693298637867 0.196905046701431 0.196883469820023 0.196896374225616
0.197467759251595 0.197517439723015 0.197749868035316 0.198034256696701 0.198173210024834 0.198299780488014 0.19849406182766 0.198561683297157 0.197985053062439 0.197546660900116 0.197442039847374 0.197376251220703 0.197363823652267 0.197319239377975 0.197248369455338 0.197223171591759 0.197219595313072 0.197154849767685 0.197075501084328 0.196942254900932 0.196796253323555 0.19651859998703 0.196194812655449 0.195677936077118 0.195309773087502 0.195255532860756 0.195299178361893 0.195462450385094 0.195709601044655 0.196017876267433 0.196345806121826 0.19668185710907 0.196868970990181 0.197026804089546 0.197077214717865 0.19711996614933 0.197126790881157 0.197129666805267 0.197118699550629 0.197098046541214 0.197059392929077 0.197007492184639 0.196941152215004 0.19690528512001 0.196889132261276 0.196903064846992
0.197967290878296 0.197917252779007 0.198107078671455 0.198365122079849 0.198511362075806 0.198630213737488 0.198318630456924 0.197978287935257 0.197491779923439 0.197143539786339 0.197129175066948 0.197167992591858 0.197279810905457 0.197297975420952 0.19723953306675 0.197237700223923 0.197262674570084 0.197211816906929 0.197142824530602 0.197024255990982 0.196896642446518 0.196687296032906 0.196457639336586 0.196142926812172 0.195910587906837 0.195852100849152 0.195863246917725 0.195959478616714 0.196115761995316 0.196315750479698 0.196531102061272 0.196752816438675 0.196876034140587 0.196979880332947 0.197038218379021 0.197091475129128 0.197111636400223 0.197125464677811 0.197117060422897 0.197099715471268 0.197065785527229 0.197027519345284 0.196984559297562 0.196952283382416 0.196926951408386 0.196925446391106
0.198378533124924 0.198246106505394 0.198388800024986 0.198609739542007 0.198755875229836 0.198861420154572 0.198077380657196 0.197361543774605 0.196992576122284 0.19675324857235 0.196826905012131 0.196959733963013 0.197173789143562 0.197260484099388 0.197242960333824 0.197271913290024 0.197322890162468 0.197288185358047 0.197233021259308 0.197121009230614 0.197003573179245 0.196864187717438 0.196729987859726 0.196617558598518 0.196522533893585 0.196464255452156 0.196443513035774 0.196468651294708 0.196529939770699 0.196617558598518 0.196718752384186 0.196825578808784 0.196889147162437 0.19694422185421 0.197010919451714 0.19707490503788 0.197108298540115 0.197132095694542 0.197122097015381 0.19710436463356 0.197072237730026 0.19704607129097 0.197026401758194 0.196998655796051 0.19696569442749 0.196950793266296
0.197838187217712 0.197752401232719 0.197812765836716 0.197914689779282 0.197988718748093 0.19803412258625 0.197383806109428 0.196811631321907 0.196636989712715 0.196529731154442 0.196585133671761 0.196663543581963 0.196773573756218 0.196998909115791 0.197318568825722 0.197464689612389 0.197528600692749 0.1975357234478 0.197529271245003 0.19744661450386 0.197353914380074 0.197191640734673 0.19704233109951 0.196947321295738 0.196866810321808 0.196816921234131 0.196785256266594 0.196775883436203 0.196798875927925 0.196845442056656 0.196909785270691 0.196981504559517 0.197030633687973 0.197075307369232 0.197128042578697 0.197179853916168 0.197219759225845 0.197242766618729 0.197206392884254 0.197161123156548 0.197099357843399 0.197056725621223 0.197034940123558 0.197016015648842 0.196998968720436 0.197000354528427
0.197386458516121 0.197344854474068 0.197317123413086 0.197293341159821 0.197290971875191 0.197273209691048 0.19678008556366 0.196364492177963 0.196343287825584 0.196339204907417 0.196376487612724 0.196408987045288 0.196434900164604 0.196730881929398 0.197247818112373 0.197458416223526 0.197523921728134 0.197564288973808 0.197598651051521 0.197555169463158 0.197499617934227 0.19734613597393 0.197209864854813 0.197145596146584 0.197093218564987 0.197065904736519 0.197038322687149 0.197010383009911 0.197006583213806 0.19702036678791 0.197053298354149 0.197094172239304 0.19712932407856 0.197163358330727 0.197202950716019 0.197243213653564 0.197287932038307 0.197311297059059 0.197259560227394 0.197199165821075 0.197122693061829 0.19707065820694 0.197045251727104 0.197034940123558 0.197034388780594 0.197043061256409
0.197259649634361 0.197253212332726 0.197116240859032 0.196942150592804 0.196847751736641 0.196755662560463 0.196505844593048 0.196294158697128 0.196276441216469 0.196269676089287 0.196289360523224 0.1963070333004 0.196321949362755 0.196439266204834 0.196640387177467 0.19672229886055 0.196747750043869 0.196789935231209 0.19683612883091 0.196867927908897 0.196894928812981 0.1968664675951 0.196846440434456 0.196861743927002 0.196887373924255 0.196934789419174 0.196966230869293 0.196978166699409 0.196989774703979 0.19700114428997 0.197022572159767 0.197048157453537 0.197071120142937 0.197093561291695 0.197123050689697 0.197154060006142 0.197197437286377 0.197225302457809 0.197198629379272 0.197168543934822 0.197132140398026 0.197096645832062 0.197062119841576 0.197059586644173 0.197077736258507 0.197060629725456
