Ecospace-environmental-drivers/Outputs/ASCII-for-ecospace/MOM6-ISIMIP3a/o2-bot/1993-03_o2-bot_MOM6-ISIMIP3a.asc
NCOLS 131 
NROWS 53 
XLLCORNER -98 
YLLCORNER 23.9265270233154 
CELLSIZE 0.133587792515755 
NODATA_value -9999 
[rows 21 to 41 of 53, columns 46 to 91 of 131]
0.213887065649033 0.213039264082909 0.212991878390312 0.213172152638435 0.212974518537521 0.212693437933922 0.211203962564468 0.209232151508331 0.20480665564537 0.200381726026535 0.195958107709885 0.193022519350052 0.192129775881767 0.184396535158157 0.17106656730175 0.142721429467201 0.107263945043087 0.116876125335693 0.137256950139999 0.144039243459702 0.149896696209908 0.155890211462975 0.163697272539139 0.179094240069389 0.190247416496277 0.192441672086716 0.193895623087883 0.194444805383682 0.195270553231239 0.196297749876976 0.196408793330193 0.196140438318253 0.196129143238068 0.196168392896652 0.195277288556099 0.194127291440964 0.190784841775894 0.18355792760849 0.162673026323318 0.145645976066589 0.13578337430954 0.1281548589468 0.122960463166237 0.118438474833965 0.114351563155651 0.1129454895854
0.211086556315422 0.210027441382408 0.205614149570465 0.200246915221214 0.197995945811272 0.196022897958755 0.192941442131996 0.188031300902367 0.173818871378899 0.163272485136986 0.161578118801117 0.157449319958687 0.14997835457325 0.143414288759232 0.137592226266861 0.126171782612801 0.112099528312683 0.122854523360729 0.139541581273079 0.152431204915047 0.164473295211792 0.167976930737495 0.172976151108742 0.184234470129013 0.192317456007004 0.193697065114975 0.194742277264595 0.19537878036499 0.195860832929611 0.19623039662838 0.196371242403984 0.19641737639904 0.196616768836975 0.196846291422844 0.196376100182533 0.195803120732307 0.194479152560234 0.191077798604965 0.180372253060341 0.171221911907196 0.164959743618965 0.156499922275543 0.145645692944527 0.137215182185173 0.130352944135666 0.124205000698566
0.205138310790062 0.203906178474426 0.195319265127182 0.184640645980835 0.180457353591919 0.176904901862144 0.172434389591217 0.164869174361229 0.141561642289162 0.125521332025528 0.127028495073318 0.12206906080246 0.108231872320175 0.103096954524517 0.105081997811794 0.110751256346703 0.118165642023087 0.12940488755703 0.141558021306992 0.160057336091995 0.177841395139694 0.178869381546974 0.181122660636902 0.188503935933113 0.193815961480141 0.194759622216225 0.195615530014038 0.196364179253578 0.196492239832878 0.196168273687363 0.196318209171295 0.196664378046989 0.197006195783615 0.19734713435173 0.196669384837151 0.196058630943298 0.196470841765404 0.196802943944931 0.196853369474411 0.196086078882217 0.193800196051598 0.185018226504326 0.169158533215523 0.157353833317757 0.148172900080681 0.137105539441109
0.148864760994911 0.148464560508728 0.14506733417511 0.140817776322365 0.139173969626427 0.137822821736336 0.137171238660812 0.134917169809341 0.124511487782001 0.119136668741703 0.125909373164177 0.127257078886032 0.121156990528107 0.11887925863266 0.119728863239288 0.126482784748077 0.136033445596695 0.14679779112339 0.15785214304924 0.170452475547791 0.182448104023933 0.184096589684486 0.186347991228104 0.19112266600132 0.194565057754517 0.195194914937019 0.195983827114105 0.196967154741287 0.197002246975899 0.196346655488014 0.19642461836338 0.196806371212006 0.196662247180939 0.19641475379467 0.196367129683495 0.196357637643814 0.196648150682449 0.196887493133545 0.196946874260902 0.19665464758873 0.195709422230721 0.191787391901016 0.184622034430504 0.179400190711021 0.175435900688171 0.16235987842083
0.109160237014294 0.109679952263832 0.110712096095085 0.111889965832233 0.11246944963932 0.113055169582367 0.115462757647038 0.117467761039734 0.117424868047237 0.120367258787155 0.130517959594727 0.136459931731224 0.136623874306679 0.136693105101585 0.136684849858284 0.143756315112114 0.154181271791458 0.163798213005066 0.173222094774246 0.180426210165024 0.187150508165359 0.18911075592041 0.191147431731224 0.193503886461258 0.195234015583992 0.195641860365868 0.196375280618668 0.197506606578827 0.197419881820679 0.196445941925049 0.196451708674431 0.196863234043121 0.196365401148796 0.195688828825951 0.196146890521049 0.196617931127548 0.196805328130722 0.196965843439102 0.197031855583191 0.197122991085052 0.197260782122612 0.197293281555176 0.197211086750031 0.197350636124611 0.197633653879166 0.184359446167946
0.142106264829636 0.143931731581688 0.146059319376945 0.148272827267647 0.149689078330994 0.151052340865135 0.153187766671181 0.154838755726814 0.154025495052338 0.154988631606102 0.160241007804871 0.163266763091087 0.163235694169998 0.163414746522903 0.163765698671341 0.167791053652763 0.173556908965111 0.179077625274658 0.184539780020714 0.188552215695381 0.192272529006004 0.193190827965736 0.194079428911209 0.194843754172325 0.195551529526711 0.196139931678772 0.196868225932121 0.197767466306686 0.197432473301888 0.196198463439941 0.196131080389023 0.196546822786331 0.196275040507317 0.195868089795113 0.196286156773567 0.196708500385284 0.196874186396599 0.197017014026642 0.197079434990883 0.19715191423893 0.197243019938469 0.197260111570358 0.197196558117867 0.197341650724411 0.197621718049049 0.192087680101395
0.16822761297226 0.170852363109589 0.17340025305748 0.175926312804222 0.177550166845322 0.179084300994873 0.180688828229904 0.181853413581848 0.180779933929443 0.180460646748543 0.181962415575981 0.182929545640945 0.183162704110146 0.183758705854416 0.18465156853199 0.186327069997787 0.188373297452927 0.190661579370499 0.193007677793503 0.194591835141182 0.196037292480469 0.196225717663765 0.196331977844238 0.196094304323196 0.196060180664062 0.196455791592598 0.196973159909248 0.197639331221581 0.197200030088425 0.195955529808998 0.195579871535301 0.195564016699791 0.195730343461037 0.195932477712631 0.196358889341354 0.196768656373024 0.196934714913368 0.197076916694641 0.197135239839554 0.197191789746284 0.197244986891747 0.197246566414833 0.197191879153252 0.197320118546486 0.197566702961922 0.197367444634438
0.179458543658257 0.181777492165565 0.183272674679756 0.184533581137657 0.184992283582687 0.185373604297638 0.185882791876793 0.186272084712982 0.186051398515701 0.18597012758255 0.186225458979607 0.187005057930946 0.188504427671432 0.190187513828278 0.192020893096924 0.192865654826164 0.193242117762566 0.194182574748993 0.195257782936096 0.196079313755035 0.196840688586235 0.196980223059654 0.197102069854736 0.197149977087975 0.196985825896263 0.19637405872345 0.196231514215469 0.196662411093712 0.196432963013649 0.195722505450249 0.194525584578514 0.193127200007439 0.194194376468658 0.195746213197708 0.196286410093307 0.196762397885323 0.196977034211159 0.19715590775013 0.197209000587463 0.197255581617355 0.197290048003197 0.19727586209774 0.197208657860756 0.197271183133125 0.197417676448822 0.197305008769035
0.187843054533005 0.189686760306358 0.190453857183456 0.190914765000343 0.190630555152893 0.190283954143524 0.190311744809151 0.190362304449081 0.190528571605682 0.190618455410004 0.190523892641068 0.191190764307976 0.192902967333794 0.194594785571098 0.196269914507866 0.196520924568176 0.196097373962402 0.19626048207283 0.196563765406609 0.196843698620796 0.19710049033165 0.197043806314468 0.197048619389534 0.197310745716095 0.197189390659332 0.196258455514908 0.195820674300194 0.195985615253448 0.195899412035942 0.195630267262459 0.194189235568047 0.19226285815239 0.193620130419731 0.195622891187668 0.196222692728043 0.196743682026863 0.197002276778221 0.197214365005493 0.197262972593307 0.197301730513573 0.197322204709053 0.197294235229492 0.19721345603466 0.197220727801323 0.197284951806068 0.197249814867973
0.192646518349648 0.193801805377007 0.194249242544174 0.194495350122452 0.193999469280243 0.193459436297417 0.19377826154232 0.194039314985275 0.194006472826004 0.19418340921402 0.194866865873337 0.19551508128643 0.196114912629128 0.19645881652832 0.196593329310417 0.196548774838448 0.196419402956963 0.196522876620293 0.196681976318359 0.196698382496834 0.196676388382912 0.196238175034523 0.19595904648304 0.196345672011375 0.196484506130219 0.196100205183029 0.195826008915901 0.195686370134354 0.195659637451172 0.195715144276619 0.194756075739861 0.193376809358597 0.194255828857422 0.195578753948212 0.1961699873209 0.196709275245667 0.197006016969681 0.197247013449669 0.197292074561119 0.197325706481934 0.197338134050369 0.197298854589462 0.197203204035759 0.197168305516243 0.197172716259956 0.197203725576401
0.195254325866699 0.196001037955284 0.196260511875153 0.196381434798241 0.195996895432472 0.195589616894722 0.19596540927887 0.196262091398239 0.19615626335144 0.196307495236397 0.197079420089722 0.197519242763519 0.197503134608269 0.197314515709877 0.196984738111496 0.19685135781765 0.196811020374298 0.196826159954071 0.196854561567307 0.1966692507267 0.196452215313911 0.195987060666084 0.195680499076843 0.196037635207176 0.196241930127144 0.19612355530262 0.195920512080193 0.195613995194435 0.195558845996857 0.195686817169189 0.195018276572227 0.194019868969917 0.194715052843094 0.195743158459663 0.196288734674454 0.196792557835579 0.197062849998474 0.197280302643776 0.197311893105507 0.19733364880085 0.197337105870247 0.19729246199131 0.197195425629616 0.197143599390984 0.197121039032936 0.197167932987213
0.196215331554413 0.196763351559639 0.196933701634407 0.196996629238129 0.19696569442749 0.196935787796974 0.197193026542664 0.197394162416458 0.197309955954552 0.197350919246674 0.197694152593613 0.197783276438713 0.197523549199104 0.197413936257362 0.197427168488503 0.197360023856163 0.197254821658134 0.197160124778748 0.197067931294441 0.196727246046066 0.196377962827682 0.196151822805405 0.19601021707058 0.196222379803658 0.196346089243889 0.196283087134361 0.196081876754761 0.195711746811867 0.195562288165092 0.195573568344116 0.195051997900009 0.194309741258621 0.195041924715042 0.196063950657845 0.196536093950272 0.196964085102081 0.1971595287323 0.19731405377388 0.197324767708778 0.197329550981522 0.197323337197304 0.197277814149857 0.197189480066299 0.197139650583267 0.197114750742912 0.197139859199524
0.196787267923355 0.197127282619476 0.19728134572506 0.197382539510727 0.197465598583221 0.197550490498543 0.1977349370718 0.197880744934082 0.197829991579056 0.197851419448853 0.198047146201134 0.197991967201233 0.197592347860336 0.197458043694496 0.197540834546089 0.19748418033123 0.197361469268799 0.197220876812935 0.197076007723808 0.196627020835876 0.196184605360031 0.196142002940178 0.19613054394722 0.196249455213547 0.196313545107841 0.196261912584305 0.196098148822784 0.195797339081764 0.195685908198357 0.19571241736412 0.195452257990837 0.195073381066322 0.195667386054993 0.196452647447586 0.196798101067543 0.197107627987862 0.197225511074066 0.197316959500313 0.197315454483032 0.197306349873543 0.19728310406208 0.197233512997627 0.197155237197876 0.197115585207939 0.197100922465324 0.197110787034035
0.197192460298538 0.197320446372032 0.197489485144615 0.197670191526413 0.197764545679092 0.197851702570915 0.197982981801033 0.198090702295303 0.198078483343124 0.198119252920151 0.198287963867188 0.198176935315132 0.197681874036789 0.197478443384171 0.197513595223427 0.197443515062332 0.197323605418205 0.1971645206213 0.196996092796326 0.196458965539932 0.19594019651413 0.196057349443436 0.196161136031151 0.196208968758583 0.196222424507141 0.196163266897202 0.196052223443985 0.195877715945244 0.195861041545868 0.195959314703941 0.196009621024132 0.196040064096451 0.196420833468437 0.196870476007462 0.197066366672516 0.197239175438881 0.197278335690498 0.197306618094444 0.197296649217606 0.197274953126907 0.197231516242027 0.1971765011549 0.197108864784241 0.197082877159119 0.197083845734596 0.197081282734871
0.197477757930756 0.197502538561821 0.197668358683586 0.197874262928963 0.198026806116104 0.198173746466637 0.198317542672157 0.19839072227478 0.198104679584503 0.197916641831398 0.197965279221535 0.197860509157181 0.197545111179352 0.1974166482687 0.197441145777702 0.197370365262032 0.197254464030266 0.19713519513607 0.197015136480331 0.196630105376244 0.196247667074203 0.196167722344398 0.196076527237892 0.195938348770142 0.195843175053596 0.195838749408722 0.195853665471077 0.195892184972763 0.196032017469406 0.196245640516281 0.196386337280273 0.196496814489365 0.196738138794899 0.197005167603493 0.19711209833622 0.197205543518066 0.197225272655487 0.197240442037582 0.19723953306675 0.197227239608765 0.197193801403046 0.19714318215847 0.197073861956596 0.197054207324982 0.197066679596901 0.197071745991707
0.197738245129585 0.197682350873947 0.197841167449951 0.198061063885689 0.198281466960907 0.198500111699104 0.198670014739037 0.198709398508072 0.198084875941277 0.197616696357727 0.197526022791862 0.197440341114998 0.197361513972282 0.197337850928307 0.197359323501587 0.197290480136871 0.197178855538368 0.197111457586288 0.197054639458656 0.196871429681778 0.196669325232506 0.196318432688713 0.195968106389046 0.195620119571686 0.195404306054115 0.195467501878738 0.195623531937599 0.195893034338951 0.196202158927917 0.196540147066116 0.196725681424141 0.196848079562187 0.196965202689171 0.197081282734871 0.197111770510674 0.197137728333473 0.197150304913521 0.197162717580795 0.1971745043993 0.197176143527031 0.197158947587013 0.197114765644073 0.197041183710098 0.197026342153549 0.197049513459206 0.197066321969032
0.19811624288559 0.198014050722122 0.198148310184479 0.198349803686142 0.198533400893211 0.198698580265045 0.198415860533714 0.198097810149193 0.19760000705719 0.197230949997902 0.197172820568085 0.197192192077637 0.197317957878113 0.197381108999252 0.197393044829369 0.197342291474342 0.197261855006218 0.197191432118416 0.197123408317566 0.196973070502281 0.196812942624092 0.196592450141907 0.196378484368324 0.196191728115082 0.196073025465012 0.196097955107689 0.196185559034348 0.196349769830704 0.196544110774994 0.196760401129723 0.196878671646118 0.19695633649826 0.197030231356621 0.197103381156921 0.197130173444748 0.197154074907303 0.197166681289673 0.197177782654762 0.197183653712273 0.19718199968338 0.197166368365288 0.19713482260704 0.197085916996002 0.197060704231262 0.197050839662552 0.197067260742188
0.198426112532616 0.198284864425659 0.198390439152718 0.19856621325016 0.198704868555069 0.198809832334518 0.198107466101646 0.197462677955627 0.197110831737518 0.196855768561363 0.196834444999695 0.196947917342186 0.197246477007866 0.197400838136673 0.197437196969986 0.197416320443153 0.197368323802948 0.197295099496841 0.197215840220451 0.197089791297913 0.196963369846344 0.196878209710121 0.196804940700531 0.196781367063522 0.196760475635529 0.196745306253433 0.196759432554245 0.196809381246567 0.196883872151375 0.196976214647293 0.197028756141663 0.197064802050591 0.197102397680283 0.197140291333199 0.197164803743362 0.197187483310699 0.197197109460831 0.197203770279884 0.197200044989586 0.197191849350929 0.197175309062004 0.197155088186264 0.197130888700485 0.197095990180969 0.197054177522659 0.197070330381393
0.197953000664711 0.197833359241486 0.197875007987022 0.197962507605553 0.198019355535507 0.198051780462265 0.197510033845901 0.197020694613457 0.196797981858253 0.196634277701378 0.19661308825016 0.196662962436676 0.19681042432785 0.197111189365387 0.197537377476692 0.197664305567741 0.197649493813515 0.197601929306984 0.197546556591988 0.197434037923813 0.197319358587265 0.197230324149132 0.197155177593231 0.197138160467148 0.197118759155273 0.197094351053238 0.197081238031387 0.197081908583641 0.197118014097214 0.197179943323135 0.197236761450768 0.197291478514671 0.197328090667725 0.197361141443253 0.197363823652267 0.197362571954727 0.197333872318268 0.197301894426346 0.197258442640305 0.197217211127281 0.197180092334747 0.1971545368433 0.1971415579319 0.197111427783966 0.197070181369781 0.19709312915802
0.19754546880722 0.197456419467926 0.19742739200592 0.197415426373482 0.197390735149384 0.197352185845375 0.196974501013756 0.196640446782112 0.196528360247612 0.196443483233452 0.196424275636673 0.196424677968025 0.196451961994171 0.196823075413704 0.197475492954254 0.197693362832069 0.197705373167992 0.19768425822258 0.197655245661736 0.197570577263832 0.197483152151108 0.197411090135574 0.197353273630142 0.197354942560196 0.197349220514297 0.197327896952629 0.19730432331562 0.197278037667274 0.197295814752579 0.197345688939095 0.197409138083458 0.197478204965591 0.197509840130806 0.197534114122391 0.197515115141869 0.197491049766541 0.197433322668076 0.197371929883957 0.197297692298889 0.197233304381371 0.197187215089798 0.197160363197327 0.197154477238655 0.197129622101784 0.197092488408089 0.197111949324608
0.197378501296043 0.19735287129879 0.197228446602821 0.197075933218002 0.196970835328102 0.196866974234581 0.196665912866592 0.196486502885818 0.196417272090912 0.196365267038345 0.196354866027832 0.196357473731041 0.196377947926521 0.196540519595146 0.196819335222244 0.196919560432434 0.196935191750526 0.196943387389183 0.196949794888496 0.19694547355175 0.196942120790482 0.196963623166084 0.196993485093117 0.197058394551277 0.197111055254936 0.197137892246246 0.197165489196777 0.197194054722786 0.197266951203346 0.197372138500214 0.197450801730156 0.197518467903137 0.197530493140221 0.197531580924988 0.19749142229557 0.197448700666428 0.197395965456963 0.197338938713074 0.197266757488251 0.197215422987938 0.197202831506729 0.197189584374428 0.197175651788712 0.197157949209213 0.197137832641602 0.197116181254387
