Ecospace-environmental-drivers/Outputs/ASCII-for-ecospace/MOM6-ISIMIP3a/o2-bot/1994-04_o2-bot_MOM6-ISIMIP3a.asc
NCOLS 131 
NROWS 53 
XLLCORNER -98 
YLLCORNER 23.9265270233154 
CELLSIZE 0.133587792515755 
NODATA_value -9999 
[rows 21 to 41 of 53, columns 0 to 45 of 131]
-9999 -9999 -9999 -9999 -9999 -9999 0.2370645403862 0.237080544233322 0.236920058727264 0.236830189824104 0.236284673213959 0.238376244902611 0.23839595913887 0.238454684615135 0.234186455607414 0.224925622344017 0.213194563984871 0.199767082929611 0.196452498435974 0.197042867541313 0.198710158467293 0.200567483901978 0.195304870605469 0.190634071826935 0.192194014787674 0.193981572985649 0.196507155895233 0.198903620243073 0.2010747641325 0.202446967363358 0.202997073531151 0.204273372888565 0.205992087721825 0.207978934049606 0.210055142641068 0.211415797472 0.212670192122459 0.212904438376427 0.213194191455841 0.213837444782257 0.214384704828262 0.214664772152901 0.2141392827034 0.212368845939636 0.211548492312431 0.211600095033646
-9999 -9999 -9999 -9999 -9999 -9999 0.237036988139153 0.2370645403862 0.237096548080444 0.236688956618309 0.236830189824104 0.233647570014 0.229899689555168 0.225033313035965 0.220318093895912 0.215777307748795 0.208821684122086 0.200207680463791 0.1981081366539 0.198524072766304 0.200252816081047 0.202213257551193 0.199003487825394 0.196208387613297 0.197812050580978 0.19957646727562 0.20186211168766 0.204000920057297 0.205883502960205 0.207283169031143 0.208185940980911 0.209289267659187 0.210514768958092 0.212237119674683 0.214125096797943 0.214365109801292 0.21437694132328 0.214329600334167 0.214329481124878 0.214630097150803 0.214915066957474 0.215156480669975 0.214944660663605 0.214032381772995 0.21356774866581 0.213513970375061
-9999 -9999 -9999 -9999 0.235736146569252 0.236543565988541 0.237059518694878 0.23698690533638 0.2370645403862 0.237128555774689 0.235732555389404 0.228748306632042 0.220872566103935 0.21123281121254 0.206394106149673 0.207095071673393 0.205160319805145 0.201415479183197 0.20070107281208 0.201156839728355 0.20200651884079 0.202925711870193 0.200974136590958 0.19934007525444 0.200875744223595 0.202477797865868 0.204295068979263 0.206234276294708 0.20838625729084 0.210255056619644 0.211832478642464 0.212948977947235 0.213784694671631 0.215212509036064 0.216837704181671 0.215965032577515 0.214748784899712 0.213761612772942 0.212809488177299 0.212080582976341 0.211525455117226 0.211454123258591 0.211420282721519 0.21144437789917 0.211386486887932 0.211253359913826
-9999 -9999 -9999 -9999 0.233949080109596 0.235392406582832 0.236027628183365 0.237059518694878 0.236836656928062 0.23400017619133 0.229982390999794 0.221443086862564 0.214034870266914 0.208864733576775 0.206822425127029 0.208389163017273 0.207646638154984 0.205318257212639 0.204874992370605 0.205159649252892 0.199610307812691 0.193031460046768 0.174200162291527 0.157207101583481 0.157768353819847 0.158181130886078 0.158112451434135 0.16262324154377 0.175125643610954 0.187935382127762 0.201061367988586 0.206939354538918 0.208401918411255 0.209325611591339 0.210069671273232 0.20989790558815 0.209517434239388 0.197724893689156 0.18573734164238 0.172508016228676 0.161406457424164 0.156228125095367 0.152914315462112 0.152481988072395 0.152158632874489 0.151935279369354
-9999 -9999 -9999 -9999 -9999 0.233949080109596 0.234533414244652 0.234995722770691 0.235520020127296 0.229272618889809 0.22257287800312 0.214141860604286 0.207883298397064 0.205923423171043 0.204275637865067 0.202987939119339 0.201053082942963 0.19867379963398 0.199396774172783 0.201317667961121 0.192402318120003 0.18157471716404 0.152343511581421 0.12585736811161 0.12560461461544 0.125100910663605 0.12378353625536 0.129875659942627 0.148898050189018 0.168186157941818 0.187747657299042 0.195730999112129 0.196661025285721 0.196925058960915 0.196967080235481 0.197384864091873 0.197723612189293 0.179862037301064 0.161617994308472 0.140938267111778 0.123558700084686 0.115365982055664 0.110100589692593 0.109359212219715 0.108992971479893 0.108971029520035
-9999 -9999 -9999 -9999 -9999 0.233952239155769 0.233949080109596 0.232129335403442 0.229429602622986 0.217533096671104 0.20788761973381 0.206858068704605 0.204740151762962 0.200468644499779 0.188683778047562 0.168229699134827 0.154646798968315 0.145782664418221 0.151596695184708 0.163078501820564 0.164095997810364 0.163266867399216 0.15204806625843 0.141789212822914 0.141425728797913 0.141201689839363 0.14142981171608 0.144761279225349 0.153508365154266 0.159707680344582 0.163285374641418 0.161727666854858 0.157041519880295 0.155963942408562 0.156089201569557 0.156608313322067 0.15715517103672 0.153992131352425 0.150445818901062 0.144458651542664 0.139516890048981 0.137485280632973 0.136092975735664 0.135688677430153 0.136255532503128 0.137713715434074
-9999 -9999 0.233897641301155 0.233918324112892 0.233957514166832 0.233955413103104 0.233952239155769 0.227963387966156 0.221148163080215 0.208336278796196 0.199015244841576 0.203055754303932 0.20229971408844 0.192052632570267 0.171694606542587 0.139670163393021 0.121065393090248 0.111676514148712 0.122174896299839 0.140352487564087 0.147924363613129 0.153624638915062 0.154662176966667 0.155438736081123 0.154891207814217 0.154834255576134 0.156368002295494 0.157793417572975 0.159029796719551 0.156207621097565 0.149209275841713 0.142020106315613 0.134714677929878 0.133114486932755 0.133416041731834 0.134076282382011 0.134827673435211 0.141358226537704 0.147509709000587 0.151247173547745 0.15457047522068 0.156740844249725 0.158081203699112 0.158138826489449 0.159417927265167 0.161818087100983
-9999.000000000000000 -9999 -9999 -9999 0.233842045068741 0.23395961523056 0.233961537480354 0.220961973071098 0.208086237311363 0.204687207937241 0.202825754880905 0.206849500536919 0.201392456889153 0.177175626158714 0.151656702160835 0.124635323882103 0.115465983748436 0.118556424975395 0.132851824164391 0.151473894715309 0.158228829503059 0.162889584898949 0.163624584674835 0.164108544588089 0.163217008113861 0.163081556558609 0.165397569537163 0.166781574487686 0.166539162397385 0.163569763302803 0.157794341444969 0.153503820300102 0.150117889046669 0.149782061576843 0.150462925434113 0.151351079344749 0.152299225330353 0.157603293657303 0.162543475627899 0.165166258811951 0.167650312185287 0.169748157262802 0.171332955360413 0.172124907374382 0.173634350299835 0.175802335143089
-9999 -9999 -9999 -9999 0.233654901385307 0.233611106872559 0.233741372823715 0.216968148946762 0.200859501957893 0.202977642416954 0.205177173018456 0.207688197493553 0.197338908910751 0.161542624235153 0.134421586990356 0.117310419678688 0.116834543645382 0.127782866358757 0.142889529466629 0.159601882100105 0.166685119271278 0.172069102525711 0.172710627317429 0.173060551285744 0.171845838427544 0.171355322003365 0.173213005065918 0.174044907093048 0.173086747527122 0.170414671301842 0.165979027748108 0.163752302527428 0.16287125647068 0.163493037223816 0.164615765213966 0.165639489889145 0.166668221354485 0.17029595375061 0.173705473542213 0.175725221633911 0.177772879600525 0.179898172616959 0.181591555476189 0.182617425918579 0.184011116623878 0.185742393136024
-9999 -9999 -9999 -9999 0.2335025370121 0.233393967151642 0.233259916305542 0.216758117079735 0.200973942875862 0.203708127140999 0.205692902207375 0.204809248447418 0.189327076077461 0.144958510994911 0.120712652802467 0.119685247540474 0.126969397068024 0.139961451292038 0.152123034000397 0.163963943719864 0.172816231846809 0.181141138076782 0.181952238082886 0.182367563247681 0.180855855345726 0.179662421345711 0.179500982165337 0.179138258099556 0.178424313664436 0.176608875393867 0.17365999519825 0.172446757555008 0.172290861606598 0.173484355211258 0.175127640366554 0.176170766353607 0.177133962512016 0.178519397974014 0.179996445775032 0.182056859135628 0.184174939990044 0.186453476548195 0.188084498047829 0.188714787364006 0.189557269215584 0.190594494342804
-9999 -9999 -9999 -9999 0.233393967151642 0.233231693506241 0.2330412119627 0.219150424003601 0.205709651112556 0.20611971616745 0.206000536680222 0.203855589032173 0.188324347138405 0.146305397152901 0.12396340072155 0.124325506389141 0.134658023715019 0.151837661862373 0.16295500099659 0.171731442213058 0.179510101675987 0.187112674117088 0.187908262014389 0.188241556286812 0.185964673757553 0.183959439396858 0.182835042476654 0.182020306587219 0.181745931506157 0.181065693497658 0.179967850446701 0.17960213124752 0.179682418704033 0.180871665477753 0.182430550456047 0.183625310659409 0.184764966368675 0.185242787003517 0.185861438512802 0.187376901507378 0.189002260565758 0.190933510661125 0.192228063941002 0.192538633942604 0.192995071411133 0.193585380911827
-9999 -9999 -9999 -9999 0.233222290873528 0.2330412119627 0.224908873438835 0.223494544625282 0.213911354541779 0.209792152047157 0.206152066588402 0.204345881938934 0.192578509449959 0.161100745201111 0.139934107661247 0.130664870142937 0.140511974692345 0.1634870916605 0.174985811114311 0.182053059339523 0.186626017093658 0.190758809447289 0.191400036215782 0.191540732979774 0.188147529959679 0.185248866677284 0.183953672647476 0.183243840932846 0.18355555832386 0.184219479560852 0.185245841741562 0.18560317158699 0.185552939772606 0.186305955052376 0.187326714396477 0.188772276043892 0.190269887447357 0.190841123461723 0.191406950354576 0.191938236355782 0.192648515105247 0.193857043981552 0.194609567523003 0.19465734064579 0.194851607084274 0.195180311799049
-9999 -9999 -9999 -9999 0.2330412119627 0.227798372507095 0.225279659032822 0.223949298262596 0.222201749682426 0.212896898388863 0.205433934926987 0.205020889639854 0.196611523628235 0.172379702329636 0.152556449174881 0.137819990515709 0.144447535276413 0.165746673941612 0.177548184990883 0.185682311654091 0.189518317580223 0.192595839500427 0.193265408277512 0.193584933876991 0.191426739096642 0.189549952745438 0.188585594296455 0.187911316752434 0.187743246555328 0.188127145171165 0.189078986644745 0.189408510923386 0.189358919858932 0.189922034740448 0.190689399838448 0.191927552223206 0.193224534392357 0.193654522299767 0.194071978330612 0.194409713149071 0.194826483726501 0.195463269948959 0.195852786302567 0.195860117673874 0.195964157581329 0.196156933903694
-9999 -9999 -9999 -9999 -9999 0.227807939052582 0.227963760495186 0.228395119309425 0.23053015768528 0.215758368372917 0.20434308052063 0.205775037407875 0.200549751520157 0.182151600718498 0.163743749260902 0.145324736833572 0.147560924291611 0.163981959223747 0.17605260014534 0.186443373560905 0.190600469708443 0.193657532334328 0.194433748722076 0.195091262459755 0.195175796747208 0.19514174759388 0.194723233580589 0.194054767489433 0.192950129508972 0.192357897758484 0.192292913794518 0.192272827029228 0.192280098795891 0.192758902907372 0.193394869565964 0.194229245185852 0.19508621096611 0.195274353027344 0.195502504706383 0.195985525846481 0.1963751912117 0.196504950523376 0.196608170866966 0.196670368313789 0.196757853031158 0.196868553757668
-9999 -9999 -9999 -9999 -9999 0.229348421096802 0.230180397629738 0.231546878814697 0.230587229132652 0.217120096087456 0.206515416502953 0.206867039203644 0.201268970966339 0.18389818072319 0.165987744927406 0.147454649209976 0.148932918906212 0.164153903722763 0.175149276852608 0.184512972831726 0.189655035734177 0.194052115082741 0.195121914148331 0.196050837635994 0.196413055062294 0.196626007556915 0.196354955434799 0.195957347750664 0.195338889956474 0.194944828748703 0.19478166103363 0.19471587240696 0.194709420204163 0.194994419813156 0.195376574993134 0.195809453725815 0.196246832609177 0.19633424282074 0.196447715163231 0.19672703742981 0.196940526366234 0.196970731019974 0.197011530399323 0.197068721055984 0.19713182747364 0.197200357913971
-9999 -9999 -9999 -9999 -9999 0.229246541857719 0.22990109026432 0.230599194765091 0.228932961821556 0.218171536922455 0.209362924098969 0.208028927445412 0.201322197914124 0.183984309434891 0.166381344199181 0.148472517728806 0.149944648146629 0.164726555347443 0.174368500709534 0.182025730609894 0.188290104269981 0.194308683276176 0.195710718631744 0.196897268295288 0.197130620479584 0.197260409593582 0.197054386138916 0.196982473134995 0.197144567966461 0.197191640734673 0.197120368480682 0.197071760892868 0.19703696668148 0.197105526924133 0.197208538651466 0.197240397334099 0.197262391448021 0.197278305888176 0.197292521595955 0.197295933961868 0.197302401065826 0.197317346930504 0.197342067956924 0.197381854057312 0.197418957948685 0.197453588247299
-9999 -9999 -9999 -9999 -9999 -9999 0.2276581376791 0.227557212114334 0.22687292098999 0.218467503786087 0.211343258619308 0.209122836589813 0.201555892825127 0.183409720659256 0.164430841803551 0.144491150975227 0.145480751991272 0.160843431949615 0.170854672789574 0.178799510002136 0.187122344970703 0.195511877536774 0.196596935391426 0.197450131177902 0.197704032063484 0.197813808917999 0.197456255555153 0.197256654500961 0.197332665324211 0.1973477602005 0.197300180792809 0.197274133563042 0.197261214256287 0.197274088859558 0.197295531630516 0.197260335087776 0.197219103574753 0.197429493069649 0.197621077299118 0.19769299030304 0.197748199105263 0.1977569013834 0.197777271270752 0.197815656661987 0.197851255536079 0.197884276509285
-9999 -9999 -9999 -9999 -9999 -9999 0.225513890385628 0.224817991256714 0.224866971373558 0.218654006719589 0.213117599487305 0.210170716047287 0.201641783118248 0.182067543268204 0.16170097887516 0.140420213341713 0.141207218170166 0.157149150967598 0.16756634414196 0.175850242376328 0.186096116900444 0.1966882199049 0.197458580136299 0.197979956865311 0.19821871817112 0.19828562438488 0.197795242071152 0.197469189763069 0.197429910302162 0.197396397590637 0.197368815541267 0.197358205914497 0.197357922792435 0.197326794266701 0.197285398840904 0.19720783829689 0.197128683328629 0.197519928216934 0.197877556085587 0.198021084070206 0.198127388954163 0.198130056262016 0.198146671056747 0.198184818029404 0.198216512799263 0.198242262005806
-9999 -9999 -9999 -9999 -9999 -9999 0.223410338163376 0.224166482686996 0.223631829023361 0.218033671379089 0.213108643889427 0.210760191082954 0.200064793229103 0.172853097319603 0.151777431368828 0.137781783938408 0.141579791903496 0.157597526907921 0.167989075183868 0.176208168268204 0.18648536503315 0.197125762701035 0.197915866971016 0.198404267430305 0.198175847530365 0.197925791144371 0.19760550558567 0.197382926940918 0.197330802679062 0.197297230362892 0.197282761335373 0.197208762168884 0.197098508477211 0.19707165658474 0.197072580456734 0.197056949138641 0.197041302919388 0.197341084480286 0.197611600160599 0.197695598006248 0.197755977511406 0.197750627994537 0.197764173150063 0.197806924581528 0.197797402739525 0.197739914059639
-9999 -9999 -9999 -9999 -9999 0.220646724104881 0.221095144748688 0.221246525645256 0.221433028578758 0.21640257537365 0.211911454796791 0.209484651684761 0.196536600589752 0.162769913673401 0.142231315374374 0.136955872178078 0.144117623567581 0.159820541739464 0.17011071741581 0.178310811519623 0.187819123268127 0.197558298707008 0.198160484433174 0.198462337255478 0.197928696870804 0.197481662034988 0.197315439581871 0.197193562984467 0.197149083018303 0.197131022810936 0.197140142321587 0.197040572762489 0.196874797344208 0.19685734808445 0.196889325976372 0.196919128298759 0.196949854493141 0.197151616215706 0.197330325841904 0.197362214326859 0.197383254766464 0.197374120354652 0.197385460138321 0.197428449988365 0.197402730584145 0.197313979268074
-9999 -9999 -9999 -9999 0.219078570604324 0.2199427485466 0.220646724104881 0.218320831656456 0.215700671076775 0.211065337061882 0.206357225775719 0.201370596885681 0.18585392832756 0.149501278996468 0.134069174528122 0.142776072025299 0.154594868421555 0.16855077445507 0.178461790084839 0.186810940504074 0.192616164684296 0.19797246158123 0.197625309228897 0.197177588939667 0.196932509541512 0.196728453040123 0.196657449007034 0.196626245975494 0.196664497256279 0.196718975901604 0.196790128946304 0.196803599596024 0.196781948208809 0.196792781352997 0.196814432740211 0.196829214692116 0.196843534708023 0.196923151612282 0.19699290394783 0.196999877691269 0.197005689144135 0.197008281946182 0.197020575404167 0.197047874331474 0.197097703814507 0.197168231010437
