Ecospace-environmental-drivers/Outputs/ASCII-for-ecospace/MOM6-ISIMIP3a/o2-bot/1994-07_o2-bot_MOM6-ISIMIP3a.asc
NCOLS 131 
NROWS 53 
XLLCORNER -98 
YLLCORNER 23.9265270233154 
CELLSIZE 0.133587792515755 
NODATA_value -9999 
[rows 21 to 41 of 53, columns 46 to 91 of 131]
0.182397723197937 0.182462438941002 0.181949809193611 0.181272953748703 0.17977586388588 0.178249344229698 0.178195253014565 0.178251206874847 0.178866997361183 0.179696545004845 0.181042239069939 0.18168930709362 0.181377291679382 0.180384606122971 0.178834989666939 0.150763303041458 0.110128708183765 0.116623394191265 0.134378850460052 0.140855118632317 0.146649539470673 0.153798088431358 0.162248805165291 0.176149278879166 0.186727851629257 0.1902936398983 0.192686811089516 0.193646758794785 0.194578140974045 0.195488706231117 0.195705264806747 0.195634394884109 0.195443198084831 0.195228353142738 0.194751486182213 0.193933203816414 0.18987438082695 0.182141065597534 0.161488011479378 0.144421949982643 0.13401734828949 0.127001568675041 0.123678043484688 0.120090946555138 0.116333320736885 0.115660212934017
0.182238325476646 0.183051526546478 0.182894557714462 0.182461693882942 0.181495949625969 0.180518582463264 0.180699929594994 0.179404824972153 0.170599222183228 0.164725258946419 0.165930077433586 0.161378160119057 0.148923024535179 0.143248721957207 0.143122315406799 0.131318226456642 0.113982692360878 0.122674010694027 0.137584030628204 0.150104209780693 0.161934837698936 0.166118860244751 0.171502605080605 0.18190723657608 0.189770206809044 0.192267537117004 0.19396898150444 0.194697707891464 0.195211976766586 0.195570036768913 0.195784777402878 0.195940151810646 0.196075469255447 0.196206852793694 0.195861533284187 0.195384696125984 0.193795561790466 0.190207451581955 0.179590821266174 0.170596793293953 0.164616107940674 0.156818091869354 0.147040069103241 0.13889841735363 0.13181559741497 0.126067101955414
0.179148882627487 0.18059353530407 0.180653214454651 0.180318996310234 0.180515706539154 0.180773138999939 0.181202292442322 0.178631380200386 0.160799503326416 0.148653358221054 0.15023598074913 0.140908420085907 0.116602636873722 0.106414251029491 0.107776336371899 0.112511321902275 0.118843980133533 0.129255130887032 0.140640765428543 0.158717721700668 0.17613759636879 0.177302837371826 0.179645404219627 0.186915248632431 0.192416191101074 0.194182813167572 0.195362612605095 0.195825174450874 0.195880919694901 0.195640340447426 0.19584321975708 0.196229740977287 0.19658699631691 0.19693848490715 0.19620954990387 0.195561617612839 0.196096077561378 0.196504756808281 0.19647116959095 0.196041449904442 0.194876059889793 0.186792507767677 0.171171367168427 0.159013345837593 0.149096116423607 0.138319209218025
0.139517292380333 0.140294447541237 0.139812901616096 0.138973370194435 0.139142334461212 0.139450624585152 0.140733644366264 0.14057070016861 0.133052244782448 0.129629090428352 0.136094480752945 0.135288551449776 0.124500080943108 0.120066851377487 0.120833314955235 0.126780644059181 0.135182037949562 0.145671918988228 0.156660795211792 0.168828189373016 0.180398926138878 0.182106927037239 0.18439419567585 0.189105749130249 0.192937523126602 0.194912016391754 0.196175053715706 0.196568533778191 0.19626384973526 0.195450633764267 0.195692718029022 0.196371838450432 0.196235343813896 0.195938512682915 0.195877343416214 0.195862919092178 0.196219623088837 0.196504056453705 0.196534425020218 0.196423679590225 0.196050897240639 0.192483216524124 0.185434594750404 0.180122137069702 0.175933063030243 0.164232507348061
0.112575940787792 0.113428615033627 0.112964697182178 0.112126335501671 0.11241389811039 0.112869642674923 0.114754520356655 0.11645270138979 0.117201156914234 0.120481699705124 0.129876255989075 0.135390028357506 0.135575979948044 0.135921224951744 0.136396795511246 0.142990231513977 0.152481555938721 0.16209788620472 0.171744093298912 0.178446546196938 0.184670388698578 0.186871588230133 0.189098924398422 0.191435679793358 0.193662703037262 0.195658028125763 0.196902632713318 0.197229713201523 0.196613356471062 0.195309847593307 0.195559993386269 0.19645357131958 0.195939764380455 0.195149302482605 0.195629149675369 0.196126490831375 0.196335002779961 0.19651386141777 0.196588426828384 0.196730881929398 0.19699938595295 0.197101935744286 0.197023674845695 0.1972646266222 0.197712153196335 0.186475485563278
0.141277760267258 0.145463809370995 0.147467970848083 0.148851618170738 0.14989946782589 0.150926098227501 0.152307838201523 0.153469488024712 0.153511464595795 0.154641643166542 0.158399343490601 0.160577923059464 0.160588547587395 0.161429777741432 0.162950560450554 0.167707279324532 0.173996791243553 0.178564146161079 0.18272003531456 0.185907125473022 0.188986286520958 0.191463276743889 0.193610414862633 0.194377079606056 0.195281744003296 0.196477711200714 0.197258070111275 0.197530433535576 0.196816265583038 0.19538351893425 0.195505201816559 0.196270629763603 0.195890083909035 0.195284262299538 0.195749282836914 0.196224734187126 0.196414679288864 0.196569710969925 0.196601927280426 0.196709081530571 0.196955382823944 0.197020217776299 0.196887314319611 0.197016015648842 0.197313979268074 0.19262507557869
0.165008202195168 0.170599937438965 0.173961609601974 0.17668904364109 0.178145706653595 0.179451197385788 0.180187433958054 0.180768921971321 0.180563196539879 0.180381253361702 0.18025678396225 0.180047035217285 0.179720237851143 0.180954217910767 0.183465167880058 0.186563760042191 0.189940720796585 0.190844982862473 0.191158443689346 0.191796749830246 0.192569226026535 0.194970056414604 0.196861788630486 0.196622863411903 0.196577608585358 0.19694122672081 0.197234719991684 0.197442516684532 0.196776703000069 0.195474579930305 0.195218533277512 0.195395708084106 0.195380538702011 0.195327565073967 0.195813179016113 0.196289360523224 0.196478500962257 0.196627795696259 0.196637034416199 0.196713343262672 0.196914196014404 0.196946546435356 0.1967953145504 0.196849077939987 0.1970354616642 0.196879699826241
0.177891820669174 0.180683299899101 0.182979345321655 0.18513448536396 0.186233058571815 0.187180235981941 0.186960369348526 0.18686655163765 0.18741400539875 0.187748953700066 0.187570735812187 0.187038645148277 0.186020702123642 0.187422186136246 0.190803200006485 0.192633345723152 0.193728879094124 0.19399382174015 0.194060295820236 0.194258749485016 0.19455298781395 0.196109727025032 0.197363764047623 0.197350934147835 0.19716839492321 0.196627572178841 0.196384891867638 0.196506604552269 0.196208119392395 0.195603579282761 0.194425955414772 0.193011000752449 0.193867638707161 0.195170819759369 0.195754379034042 0.196280643343925 0.196507692337036 0.196690782904625 0.19671930372715 0.19677446782589 0.196879118680954 0.196890443563461 0.196800112724304 0.19686034321785 0.197018012404442 0.196999743580818
0.187153369188309 0.188398420810699 0.189812496304512 0.191274642944336 0.191855490207672 0.192307636141777 0.191720142960548 0.191362902522087 0.192176923155785 0.192753478884697 0.192756697535515 0.192344233393669 0.191361099481583 0.192478865385056 0.195315510034561 0.196146473288536 0.196027413010597 0.195990115404129 0.195972383022308 0.195892378687859 0.195854991674423 0.196500077843666 0.197047606110573 0.197186812758446 0.197022929787636 0.196219190955162 0.195780083537102 0.195786625146866 0.195741772651672 0.19565948843956 0.193924069404602 0.191504046320915 0.192907452583313 0.195062458515167 0.195735096931458 0.196317926049232 0.19655953347683 0.196756020188332 0.196793794631958 0.196828201413155 0.196856364607811 0.196853205561638 0.196815937757492 0.196877285838127 0.197002455592155 0.197073608636856
0.191858068108559 0.193134099245071 0.193897262215614 0.194514557719231 0.194376885890961 0.194161936640739 0.193947210907936 0.193844720721245 0.194313064217567 0.194784969091415 0.195265457034111 0.195528700947762 0.195493698120117 0.195759996771812 0.196272805333138 0.196443378925323 0.196451857686043 0.196536466479301 0.196639254689217 0.196483850479126 0.196299254894257 0.195947736501694 0.195702195167542 0.195900231599808 0.195951193571091 0.195691630244255 0.195483520627022 0.195338264107704 0.195404008030891 0.195623442530632 0.193787917494774 0.191101372241974 0.192642599344254 0.195014923810959 0.195765554904938 0.196413069963455 0.196639880537987 0.196824103593826 0.196858510375023 0.196872651576996 0.196849122643471 0.196839705109596 0.196845665574074 0.196901366114616 0.196989268064499 0.197089374065399
0.194518074393272 0.19558410346508 0.195960029959679 0.196139693260193 0.195868223905563 0.195563331246376 0.195602566003799 0.195673108100891 0.195903047919273 0.196224197745323 0.196765631437302 0.197148412466049 0.197313398122787 0.19720584154129 0.196875289082527 0.196782857179642 0.196803227066994 0.196876212954521 0.196961775422096 0.196761593222618 0.196517825126648 0.195925369858742 0.195470735430717 0.195592924952507 0.195676147937775 0.195677131414413 0.195583626627922 0.195374622941017 0.195422351360321 0.195657089352608 0.193952545523643 0.191444858908653 0.192983627319336 0.195317819714546 0.196007207036018 0.19659298658371 0.19676162302494 0.196898028254509 0.196921110153198 0.19691626727581 0.196859583258629 0.196839556097984 0.196859449148178 0.196897938847542 0.196948423981667 0.197032183408737
0.195644542574883 0.196319818496704 0.196506276726723 0.196553722023964 0.196587026119232 0.196625038981438 0.196829095482826 0.197011440992355 0.197083383798599 0.197219237685204 0.197509363293648 0.197594568133354 0.19739842414856 0.197275206446648 0.197211667895317 0.197154268622398 0.197099775075912 0.197061017155647 0.197026014328003 0.196804001927376 0.196567103266716 0.196300491690636 0.196074739098549 0.196020066738129 0.195998638868332 0.196047440171242 0.195981234312057 0.195774510502815 0.195707768201828 0.195743009448051 0.194342747330666 0.19234798848629 0.193779051303864 0.195883542299271 0.196407273411751 0.196836486458778 0.196914404630661 0.196976333856583 0.196982115507126 0.196959272027016 0.196883320808411 0.196849405765533 0.196861311793327 0.196873858571053 0.196886837482452 0.196920275688171
0.196359142661095 0.196773961186409 0.196931302547455 0.197015419602394 0.197149083018303 0.197290182113647 0.197495266795158 0.197668045759201 0.197676569223404 0.197734624147415 0.197912290692329 0.197867646813393 0.197517812252045 0.197374433279037 0.197400003671646 0.197340235114098 0.197240054607391 0.197087317705154 0.196922019124031 0.196542710065842 0.196176946163177 0.196222528815269 0.196240678429604 0.196143910288811 0.196087345480919 0.196115612983704 0.19606326520443 0.195912405848503 0.195877745747566 0.195927754044533 0.195114821195602 0.19394451379776 0.194970741868019 0.196428775787354 0.196733385324478 0.196972548961639 0.196989700198174 0.197000026702881 0.196986377239227 0.196953386068344 0.196884408593178 0.19684661924839 0.196842759847641 0.196844637393951 0.19685024023056 0.196867808699608
0.196897223591805 0.197107449173927 0.197304397821426 0.197497561573982 0.197643965482712 0.19778536260128 0.197921261191368 0.198032468557358 0.198018088936806 0.198044449090958 0.198169156908989 0.198066562414169 0.197651922702789 0.197486460208893 0.197524875402451 0.197446718811989 0.197313353419304 0.197045683860779 0.196745932102203 0.196151241660118 0.195598438382149 0.195950403809547 0.196218863129616 0.19613778591156 0.196075856685638 0.196054309606552 0.196010053157806 0.195938006043434 0.195998251438141 0.196154862642288 0.196050554513931 0.195838198065758 0.196332275867462 0.196965217590332 0.197027802467346 0.197062566876411 0.197031795978546 0.197000309824944 0.196966350078583 0.196926519274712 0.196875795722008 0.196838393807411 0.196815475821495 0.196813225746155 0.196824327111244 0.196840822696686
0.197236746549606 0.197369083762169 0.197608649730682 0.19787871837616 0.198008298873901 0.198124513030052 0.198267862200737 0.198337271809578 0.198030665516853 0.197823464870453 0.197856366634369 0.197767078876495 0.197510063648224 0.197419658303261 0.197465553879738 0.197421163320541 0.197334006428719 0.197104781866074 0.196841597557068 0.196348607540131 0.195880115032196 0.195998027920723 0.196081146597862 0.196018621325493 0.195989772677422 0.196032047271729 0.196086689829826 0.196156427264214 0.196295514702797 0.196485117077827 0.196546658873558 0.196555137634277 0.196790233254433 0.197069853544235 0.197068214416504 0.197054520249367 0.197024941444397 0.196996495127678 0.196971997618675 0.196947038173676 0.19692125916481 0.19689179956913 0.196858376264572 0.196850121021271 0.196858137845993 0.196868896484375
0.197535201907158 0.197615846991539 0.197898671030998 0.198238983750343 0.198345646262169 0.198431372642517 0.198598027229309 0.198629751801491 0.197975158691406 0.197492673993111 0.197425708174706 0.19736447930336 0.197311103343964 0.197315841913223 0.197368115186691 0.197368294000626 0.197343781590462 0.197184726595879 0.196993514895439 0.196667805314064 0.196339756250381 0.196111813187599 0.195919468998909 0.195876061916351 0.195888265967369 0.196017876267433 0.196190193295479 0.196414723992348 0.196629330515862 0.196836739778519 0.196951791644096 0.197028607130051 0.197061225771904 0.197085171937943 0.19705605506897 0.197026163339615 0.197007969021797 0.196991831064224 0.196982949972153 0.196977362036705 0.196977883577347 0.196957975625992 0.196915805339813 0.19690115749836 0.196904316544533 0.196908339858055
0.197852835059166 0.197866052389145 0.198138475418091 0.198484629392624 0.198620542883873 0.198717281222343 0.198337480425835 0.197935312986374 0.19741927087307 0.19703683257103 0.196976944804192 0.19700676202774 0.197159737348557 0.197246596217155 0.19727934896946 0.197286367416382 0.197281211614609 0.197174191474915 0.19704282283783 0.196794375777245 0.196542158722878 0.196352124214172 0.196199655532837 0.196204468607903 0.196246713399887 0.196368008852005 0.196513384580612 0.196688190102577 0.196837320923805 0.196967765688896 0.197023943066597 0.197049364447594 0.19704607129097 0.197037130594254 0.197013482451439 0.196990579366684 0.196980282664299 0.196972995996475 0.196976363658905 0.196984678506851 0.197002202272415 0.197004839777946 0.196991264820099 0.196972399950027 0.196950122714043 0.196945533156395
0.198100253939629 0.198049083352089 0.198296189308167 0.198628127574921 0.198789641261101 0.198896870017052 0.198009639978409 0.197210311889648 0.196858152747154 0.196595460176468 0.196548759937286 0.196660682559013 0.196990340948105 0.197161853313446 0.19720396399498 0.197223022580147 0.197231158614159 0.197172775864601 0.197098478674889 0.196920707821846 0.196738436818123 0.196594312787056 0.196486383676529 0.196529969573021 0.196593075990677 0.196697413921356 0.196807935833931 0.196926042437553 0.197010233998299 0.197069749236107 0.197070240974426 0.197046309709549 0.197017401456833 0.196987509727478 0.196970567107201 0.196955323219299 0.196952223777771 0.19695320725441 0.196968629956245 0.196989998221397 0.197022467851639 0.197046265006065 0.197060629725456 0.197039395570755 0.196995109319687 0.19698366522789
0.197589442133904 0.19751387834549 0.197602078318596 0.197736829519272 0.197860062122345 0.197952538728714 0.197246089577675 0.196630954742432 0.196480318903923 0.196368128061295 0.196348831057549 0.196417167782784 0.196605816483498 0.196895241737366 0.197267144918442 0.197371557354927 0.197349280118942 0.197311863303185 0.197270825505257 0.197136417031288 0.19699202477932 0.196796104311943 0.196631759405136 0.196599528193474 0.196590751409531 0.196631506085396 0.196691989898682 0.196776628494263 0.196869060397148 0.196967199444771 0.196999877691269 0.197005450725555 0.196981385350227 0.196951508522034 0.196938455104828 0.196927025914192 0.196925312280655 0.196929961442947 0.196957007050514 0.196985080838203 0.197015061974525 0.197038978338242 0.197056293487549 0.197051182389259 0.197031557559967 0.197032824158669
0.197165310382843 0.197080343961716 0.197029739618301 0.19698891043663 0.197048008441925 0.197096541523933 0.196583956480026 0.196156799793243 0.19616425037384 0.196170493960381 0.196173772215843 0.196206495165825 0.196279630064964 0.196624338626862 0.197191268205643 0.197350740432739 0.197317212820053 0.197307884693146 0.197304353117943 0.197221875190735 0.197126343846321 0.196919649839401 0.19673778116703 0.196659833192825 0.196607261896133 0.196608304977417 0.196633040904999 0.196686744689941 0.196774661540985 0.196887537837029 0.19693586230278 0.196957468986511 0.196936830878258 0.196907877922058 0.196899697184563 0.196893274784088 0.196896448731422 0.196906596422195 0.196941256523132 0.196975648403168 0.197009533643723 0.197036474943161 0.197055876255035 0.197063475847244 0.197063446044922 0.197065606713295
0.197059080004692 0.197019562125206 0.196903973817825 0.196766749024391 0.196666821837425 0.196564480662346 0.196293637156487 0.196068346500397 0.196074739098549 0.196081668138504 0.196089863777161 0.196116179227829 0.196167334914207 0.196337670087814 0.196605518460274 0.196708932518959 0.196734488010406 0.196779355406761 0.196828827261925 0.196829810738564 0.196823298931122 0.196756213903427 0.196699500083923 0.196686148643494 0.196692809462547 0.196741729974747 0.196783065795898 0.196815133094788 0.196851760149002 0.196891695261002 0.196895122528076 0.196883410215378 0.196860924363136 0.196836322546005 0.196836560964584 0.196839556097984 0.196860447525978 0.196882799267769 0.196910336613655 0.196949645876884 0.197010844945908 0.197051510214806 0.19706979393959 0.197077602148056 0.197078630328178 0.19703833758831
