Ecospace-environmental-drivers/Outputs/ASCII-for-ecospace/MOM6-ISIMIP3a/o2-bot/1994-09_o2-bot_MOM6-ISIMIP3a.asc
NCOLS 131 
NROWS 53 
XLLCORNER -98 
YLLCORNER 23.9265270233154 
CELLSIZE 0.133587792515755 
NODATA_value -9999 
[rows 21 to 41 of 53, columns 0 to 45 of 131]
-9999 -9999 -9999 -9999 -9999 -9999 0.200391039252281 0.200391694903374 0.200352713465691 0.200310364365578 0.200221717357635 0.200461938977242 0.2005745023489 0.200909778475761 0.200139865279198 0.198094710707664 0.191217213869095 0.181021153926849 0.176287397742271 0.173662811517715 0.173458471894264 0.173681229352951 0.155094429850578 0.138024404644966 0.13702629506588 0.136433318257332 0.137153878808022 0.139240741729736 0.14371195435524 0.148429930210114 0.15340182185173 0.158344015479088 0.163268119096756 0.165820509195328 0.167582347989082 0.168860331177711 0.170071557164192 0.171298548579216 0.172562181949615 0.174059167504311 0.175954028964043 0.178956493735313 0.177160605788231 0.16794915497303 0.163733899593353 0.164104118943214
-9999 -9999 -9999 -9999 -9999 -9999 0.200390860438347 0.200391039252281 0.200392335653305 0.200317099690437 0.200310364365578 0.199892863631248 0.198321476578712 0.194466888904572 0.192068666219711 0.191350862383842 0.186698526144028 0.179344147443771 0.176238402724266 0.174773201346397 0.175273478031158 0.176120579242706 0.165825873613358 0.156331703066826 0.155541703104973 0.155060410499573 0.155580058693886 0.156934052705765 0.159744068980217 0.162916347384453 0.16646134853363 0.169599622488022 0.172490105032921 0.174167394638062 0.175440281629562 0.175387740135193 0.175159946084023 0.176034137606621 0.176884040236473 0.177579253911972 0.178410276770592 0.179619401693344 0.178355321288109 0.173269063234329 0.170815020799637 0.170776844024658
-9999 -9999 -9999 -9999 0.200082615017891 0.20028318464756 0.200390830636024 0.200390696525574 0.200391039252281 0.20039364695549 0.200173333287239 0.199099689722061 0.19576033949852 0.18793773651123 0.184043779969215 0.184682860970497 0.182615950703621 0.17869071662426 0.1775032132864 0.177372843027115 0.177804663777351 0.178335681557655 0.17646487057209 0.174687251448631 0.17412456870079 0.173736527562141 0.173914775252342 0.174554362893105 0.175999045372009 0.177440032362938 0.178877234458923 0.180035263299942 0.181023225188255 0.181870430707932 0.182670727372169 0.181292146444321 0.179624512791634 0.179637312889099 0.179586574435234 0.17913131415844 0.178535938262939 0.177550584077835 0.176810577511787 0.176449775695801 0.176075130701065 0.17568776011467
-9999 -9999 -9999 -9999 0.199629858136177 0.200026571750641 0.200175538659096 0.200390830636024 0.200390204787254 0.200382307171822 0.1994399279356 0.194920793175697 0.191015005111694 0.188322901725769 0.186568647623062 0.185896575450897 0.185508236289024 0.185314759612083 0.185828000307083 0.186614125967026 0.180797159671783 0.173814952373505 0.160683363676071 0.148798525333405 0.148425310850143 0.147825554013252 0.146491348743439 0.148334741592407 0.155723333358765 0.162826284766197 0.169635280966759 0.172995388507843 0.174254447221756 0.175229445099831 0.17610976099968 0.175912976264954 0.175523161888123 0.16899861395359 0.162514269351959 0.1562859416008 0.149847969412804 0.142826393246651 0.138562738895416 0.138561308383942 0.138390958309174 0.138065561652184
-9999 -9999 -9999 -9999 -9999 0.199629858136177 0.199910044670105 0.199960246682167 0.200124055147171 0.198130294680595 0.195217996835709 0.188789829611778 0.185166850686073 0.187094524502754 0.186356797814369 0.182543635368347 0.181610107421875 0.182654187083244 0.185497269034386 0.189035028219223 0.179883018136024 0.168491646647453 0.148249909281731 0.129990130662918 0.129861503839493 0.129273653030396 0.12719689309597 0.129933506250381 0.141069859266281 0.151280522346497 0.160538643598557 0.164210289716721 0.164478689432144 0.165154829621315 0.165966883301735 0.166749402880669 0.167450100183487 0.157345175743103 0.147372871637344 0.138245284557343 0.128788635134697 0.11841594427824 0.112158894538879 0.112262323498726 0.11225838214159 0.11215590685606
-9999 -9999 -9999 -9999 -9999 0.199576035141945 0.199629858136177 0.199659213423729 0.198694467544556 0.186053648591042 0.175699815154076 0.174099639058113 0.174483016133308 0.178791299462318 0.174145221710205 0.159167230129242 0.147937998175621 0.139283210039139 0.147214621305466 0.16155056655407 0.161839351058006 0.159649252891541 0.150496691465378 0.142226979136467 0.142584666609764 0.142989203333855 0.143545731902122 0.145813703536987 0.151068300008774 0.153187066316605 0.15207913517952 0.147772863507271 0.141518205404282 0.140024721622467 0.140118271112442 0.140992403030396 0.141962245106697 0.141242325305939 0.140697985887527 0.14127191901207 0.141178697347641 0.139228329062462 0.137687623500824 0.136780008673668 0.136776372790337 0.137602418661118
-9999 -9999 0.199513331055641 0.199507877230644 0.199486464262009 0.199522137641907 0.19957609474659 0.198816359043121 0.196566462516785 0.177343398332596 0.162680476903915 0.165471807122231 0.168108031153679 0.170437335968018 0.161078810691833 0.138234362006187 0.122632086277008 0.112003341317177 0.124504670500755 0.145937368273735 0.152450054883957 0.156329840421677 0.154958382248878 0.153667584061623 0.154007121920586 0.154879868030548 0.157481551170349 0.159422621130943 0.160210862755775 0.15692450106144 0.149445474147797 0.140873163938522 0.131634831428528 0.128971859812737 0.128500655293465 0.129393056035042 0.130506828427315 0.136193826794624 0.142020553350449 0.148737147450447 0.154501602053642 0.157615602016449 0.15911203622818 0.158108592033386 0.158368453383446 0.159787759184837
-9999.000000000000000 -9999 -9999 -9999 0.199515044689178 0.199450805783272 0.199417933821678 0.196791335940361 0.192914620041847 0.175978168845177 0.163840606808662 0.17007115483284 0.171134322881699 0.16197270154953 0.146147295832634 0.122632898390293 0.115579977631569 0.119831889867783 0.135772064328194 0.156225487589836 0.161943316459656 0.165060773491859 0.164252638816833 0.163370862603188 0.162591621279716 0.162788912653923 0.166152492165565 0.168075889348984 0.167486026883125 0.164656698703766 0.159523010253906 0.154783368110657 0.150283753871918 0.148633480072021 0.147932976484299 0.148683667182922 0.149668127298355 0.155264303088188 0.160792380571365 0.165886744856834 0.16985984146595 0.170711621642113 0.171581417322159 0.172479048371315 0.17357662320137 0.17485773563385
-9999 -9999 -9999 -9999 0.19958184659481 0.199572175741196 0.199481964111328 0.19558160007 0.190603956580162 0.175344616174698 0.164815455675125 0.17239136993885 0.170848459005356 0.151261955499649 0.132911011576653 0.115985751152039 0.116798877716064 0.129793748259544 0.146115556359291 0.163722008466721 0.169680312275887 0.173583075404167 0.173509061336517 0.173200994729996 0.171668156981468 0.171091288328171 0.173614054918289 0.174792066216469 0.173623353242874 0.171397358179092 0.168083429336548 0.165941283106804 0.16451296210289 0.163901135325432 0.163561463356018 0.164199709892273 0.164998561143875 0.16933473944664 0.173636198043823 0.177716553211212 0.180765122175217 0.180941477417946 0.181636676192284 0.183133721351624 0.184391811490059 0.185430601239204
-9999 -9999 -9999 -9999 0.19964736700058 0.199722543358803 0.199815362691879 0.195397511124611 0.189980611205101 0.175631567835808 0.165557160973549 0.171844258904457 0.166395649313927 0.13772539794445 0.121807508170605 0.120603866875172 0.128423362970352 0.142439469695091 0.155296713113785 0.167706474661827 0.175207793712616 0.181842908263206 0.182717889547348 0.183190733194351 0.181363701820374 0.179888516664505 0.179554104804993 0.179071202874184 0.178329169750214 0.176890552043915 0.174735203385353 0.173636615276337 0.173181787133217 0.173640817403793 0.174404442310333 0.174967020750046 0.175509467720985 0.177114710211754 0.17902210354805 0.182853609323502 0.186068207025528 0.187565475702286 0.188654780387878 0.189113631844521 0.189680233597755 0.190345749258995
-9999 -9999 -9999 -9999 0.199722543358803 0.199834913015366 0.199966818094254 0.195881769061089 0.191038236021996 0.179820984601974 0.171568229794502 0.174662232398987 0.167500928044319 0.140047281980515 0.125519007444382 0.125904589891434 0.136497244238853 0.15409953892231 0.165263503789902 0.173941388726234 0.180763736367226 0.187258660793304 0.188230827450752 0.188761696219444 0.18662291765213 0.184604629874229 0.182976961135864 0.181777253746986 0.181324332952499 0.180906802415848 0.180525690317154 0.180360302329063 0.180326327681541 0.181056022644043 0.182040274143219 0.182715564966202 0.183348312973976 0.184001296758652 0.184930726885796 0.187620535492897 0.190040960907936 0.191711440682411 0.19272418320179 0.192720398306847 0.192885056138039 0.193204328417778
-9999 -9999 -9999 -9999 0.199841424822807 0.199966818094254 0.197412088513374 0.196867287158966 0.193356603384018 0.186937302350998 0.181531354784966 0.180004045367241 0.172774836421013 0.154263153672218 0.140341892838478 0.131717264652252 0.141908094286919 0.165020361542702 0.175819531083107 0.181864142417908 0.186341047286987 0.190541297197342 0.190971821546555 0.191018551588058 0.188554838299751 0.186259850859642 0.18451189994812 0.183303460478783 0.183036506175995 0.183815330266953 0.185670211911201 0.186355248093605 0.18632760643959 0.186727851629257 0.18727071583271 0.188200011849403 0.189183071255684 0.190217837691307 0.19123138487339 0.192109867930412 0.193015962839127 0.193998888134956 0.194582015275955 0.194547280669212 0.194527164101601 0.194520443677902
-9999 -9999 -9999 -9999 0.199966818094254 0.19833593070507 0.19742688536644 0.19693249464035 0.19614115357399 0.190575003623962 0.185909152030945 0.184689313173294 0.179034873843193 0.164605617523193 0.151005253195763 0.138361304998398 0.145763784646988 0.166933044791222 0.177942529320717 0.185028940439224 0.188781529664993 0.191945806145668 0.192570120096207 0.192931786179543 0.191568002104759 0.190247818827629 0.189069032669067 0.188134223222733 0.18762518465519 0.188172221183777 0.189805954694748 0.190456435084343 0.190507933497429 0.190771266818047 0.191105231642723 0.19183224439621 0.192613527178764 0.193387106060982 0.194107815623283 0.194491758942604 0.194900453090668 0.195378020405769 0.195669800043106 0.195674404501915 0.195596277713776 0.195442214608192
-9999 -9999 -9999 -9999 -9999 0.198533803224564 0.198537915945053 0.198480859398842 0.19912551343441 0.192721843719482 0.187893211841583 0.189093187451363 0.185717537999153 0.173288002610207 0.159885913133621 0.14536164700985 0.148952960968018 0.164985030889511 0.176451310515404 0.186154589056969 0.189877644181252 0.192545369267464 0.193678706884384 0.194697752594948 0.195044547319412 0.195235550403595 0.194921419024467 0.19438125193119 0.193446636199951 0.193149849772453 0.193509370088577 0.193746015429497 0.19390781223774 0.194116771221161 0.194341465830803 0.194670662283897 0.195013538002968 0.195250391960144 0.195516690611839 0.195970445871353 0.196317583322525 0.196367889642715 0.196427553892136 0.19650162756443 0.196419835090637 0.196194976568222
-9999 -9999 -9999 -9999 -9999 0.199451744556427 0.199636608362198 0.200200408697128 0.19975121319294 0.194071412086487 0.189794629812241 0.190887987613678 0.187275812029839 0.174352705478668 0.160732969641685 0.146309450268745 0.149546697735786 0.164912387728691 0.1759182959795 0.185240745544434 0.189563035964966 0.193002939224243 0.194518730044365 0.195886105298996 0.196367830038071 0.196674287319183 0.196412429213524 0.196095108985901 0.195681005716324 0.195501923561096 0.195564657449722 0.195633381605148 0.195705741643906 0.195777401328087 0.195848807692528 0.196019515395164 0.196203604340553 0.196341067552567 0.196495860815048 0.196761012077332 0.196954309940338 0.196947559714317 0.196978867053986 0.197068989276886 0.19704382121563 0.196912869811058
-9999 -9999 -9999 -9999 -9999 0.19997151196003 0.200180694460869 0.200228542089462 0.199888899922371 0.195256024599075 0.191678941249847 0.192142963409424 0.187773838639259 0.173841282725334 0.159917861223221 0.146004974842072 0.149603441357613 0.165227755904198 0.175583526492119 0.18390491604805 0.188956528902054 0.193431124091148 0.195303201675415 0.196954950690269 0.197245612740517 0.197378739714622 0.197001084685326 0.196871057152748 0.197173193097115 0.197310745716095 0.197278946638107 0.197230622172356 0.197172239422798 0.197089418768883 0.196998447179794 0.197060167789459 0.197143331170082 0.197271883487701 0.197386130690575 0.197409212589264 0.197429567575455 0.197442337870598 0.197487458586693 0.197582572698593 0.197626531124115 0.197623550891876
-9999 -9999 -9999 -9999 -9999 -9999 0.200097233057022 0.200113132596016 0.19984045624733 0.196390211582184 0.193614855408669 0.193422675132751 0.18831542134285 0.173482671380043 0.157649993896484 0.14066356420517 0.14352098107338 0.160006061196327 0.171301081776619 0.180592015385628 0.187960118055344 0.194988906383514 0.196422398090363 0.197619423270226 0.197867035865784 0.197945430874825 0.197475209832191 0.197219863533974 0.197339460253716 0.197378858923912 0.197335720062256 0.197307989001274 0.197289645671844 0.197227135300636 0.197149887681007 0.197155222296715 0.197173297405243 0.197376474738121 0.197558477520943 0.197605580091476 0.19765941798687 0.19773206114769 0.197813600301743 0.197908863425255 0.197984427213669 0.198041871190071
-9999 -9999 -9999 -9999 -9999 -9999 0.199996247887611 0.199950009584427 0.199784189462662 0.197417765855789 0.195395186543465 0.194688782095909 0.188813239336014 0.172709420323372 0.15502804517746 0.135526433587074 0.137813836336136 0.155064731836319 0.167255327105522 0.177491948008537 0.187043353915215 0.196473836898804 0.197472870349884 0.19821971654892 0.198403477668762 0.198418110609055 0.19788433611393 0.197513833642006 0.197428226470947 0.19735936820507 0.197307750582695 0.197297617793083 0.197312787175179 0.197276189923286 0.197222322225571 0.197181791067123 0.197145327925682 0.197417989373207 0.197663843631744 0.197738990187645 0.197827488183975 0.197953179478645 0.19806681573391 0.198161825537682 0.198262363672256 0.198367983102798
-9999 -9999 -9999 -9999 -9999 -9999 0.1998450756073 0.19992558658123 0.199733346700668 0.197331860661507 0.195491373538971 0.19579815864563 0.188823372125626 0.167440444231033 0.149323225021362 0.134974151849747 0.139042511582375 0.155758962035179 0.167620122432709 0.177606478333473 0.187162265181541 0.196642085909843 0.197630435228348 0.198328405618668 0.198155999183655 0.197953745722771 0.197654694318771 0.197426930069923 0.197323605418205 0.197236984968185 0.197167590260506 0.197077423334122 0.196974635124207 0.196940377354622 0.196928977966309 0.196929782629013 0.196934014558792 0.197181344032288 0.1973976790905 0.197416707873344 0.197453647851944 0.197540402412415 0.197629377245903 0.197721809148788 0.197794824838638 0.197850033640862
-9999 -9999 -9999 -9999 -9999 0.200618162751198 0.199282109737396 0.199659630656242 0.198513612151146 0.195760354399681 0.193749025464058 0.194577515125275 0.186327412724495 0.160113349556923 0.142820939421654 0.135822743177414 0.142439842224121 0.158407166600227 0.169785380363464 0.179391548037529 0.188198417425156 0.196864247322083 0.197650596499443 0.198155552148819 0.197753310203552 0.197421997785568 0.19732066988945 0.197219014167786 0.197116777300835 0.197032570838928 0.196966916322708 0.196839720010757 0.196675047278404 0.196653589606285 0.196679905056953 0.196713820099831 0.19675001502037 0.196957007050514 0.197133287787437 0.19711397588253 0.197113111615181 0.197163566946983 0.197226777672768 0.197309732437134 0.197366267442703 0.19739855825901
-9999 -9999 -9999 -9999 0.200144231319427 0.200320318341255 0.200618162751198 0.196925088763237 0.193007856607437 0.188741505146027 0.185265272855759 0.184813365340233 0.174642279744148 0.1452397108078 0.133394554257393 0.14180788397789 0.153788954019547 0.16822013258934 0.178552478551865 0.187302127480507 0.192597851157188 0.197284057736397 0.197166919708252 0.196950346231461 0.196781501173973 0.196643203496933 0.19660396873951 0.196567326784134 0.196535244584084 0.196527361869812 0.196544423699379 0.19653782248497 0.196516841650009 0.196546539664268 0.196593150496483 0.196630045771599 0.196666151285172 0.196777865290642 0.196875438094139 0.196882873773575 0.196894660592079 0.196918472647667 0.196951910853386 0.197000175714493 0.197080671787262 0.197190746665001
