Ecospace-environmental-drivers/Outputs/ASCII-for-ecospace/MOM6-ISIMIP3a/o2-bot/1995-03_o2-bot_MOM6-ISIMIP3a.asc
NCOLS 131 
NROWS 53 
XLLCORNER -98 
YLLCORNER 23.9265270233154 
CELLSIZE 0.133587792515755 
NODATA_value -9999 
[rows 0 to 20 of 53, columns 46 to 91 of 131]
-9999 -9999 -9999 -9999 -9999 -9999 -9999 -9999 -9999 -9999 -9999 -9999 -9999 -9999 -9999 -9999 -9999 -9999 -9999 -9999 -9999 -9999 -9999 -9999 -9999 -9999 -9999 -9999 -9999 -9999 -9999 -9999 -9999 -9999 -9999 -9999 -9999 -9999 -9999 -9999 -9999 -9999 -9999 -9999 -9999 -9999
-9999 -9999 -9999 -9999 -9999 -9999 -9999 -9999 -9999 -9999 -9999 -9999 -9999 -9999 -9999 -9999 -9999 -9999 -9999 -9999 -9999 -9999 -9999 -9999 -9999 -9999 -9999 -9999 -9999 -9999 -9999 -9999 -9999 -9999 -9999 -9999 -9999 -9999 -9999 -9999 -9999 -9999 -9999 -9999 -9999 -9999
-9999 -9999 -9999 -9999 -9999 -9999 -9999 -9999 -9999 -9999 -9999 -9999 -9999 -9999 -9999 -9999 -9999 -9999 -9999 -9999 -9999 -9999 -9999 -9999 -9999 -9999 -9999 -9999 0.24646620452404 0.24801778793335 -9999 -9999 -9999 -9999 -9999 -9999 -9999 -9999 -9999 -9999 -9999 -9999 -9999 -9999 -9999 -9999
-9999 -9999 -9999 -9999 -9999 -9999 -9999 -9999 -9999 -9999 -9999 -9999 -9999 -9999 -9999 -9999 -9999 -9999 -9999 -9999 -9999 -9999 -9999 -9999 -9999 -9999 -9999 -9999 0.246584177017212 0.248152896761894 -9999 -9999 -9999 -9999 -9999 -9999 -9999 -9999 -9999 -9999 -9999 -9999 -9999 -9999 -9999 -9999
-9999 -9999 -9999 -9999 -9999 -9999 -9999 -9999 -9999 -9999 -9999 -9999 -9999 -9999 -9999 -9999 -9999 -9999 -9999 0.246868774294853 0.246276542544365 0.245802760124207 0.243039056658745 0.24114416539669 0.239188522100449 0.239924818277359 0.242470785975456 0.244785308837891 0.24672856926918 0.248238667845726 0.249491438269615 -9999 -9999 0.250206977128983 0.249927893280983 0.248747393488884 0.246563762426376 0.243459060788155 0.240545690059662 0.238199159502983 0.237550958991051 0.23962464928627 0.243314623832703 -9999 -9999 -9999
-9999 -9999 -9999 -9999 -9999 -9999 -9999 -9999 -9999 -9999 -9999 -9999 -9999 -9999 -9999 0.169775664806366 -9999 0.176156595349312 0.181585475802422 0.214357018470764 0.246868774294853 0.246158093214035 0.245802760124207 0.240275353193283 0.237354382872581 0.23993581533432 0.242484241724014 0.244992315769196 0.246879354119301 0.248314023017883 0.249522641301155 0.250637650489807 0.250496029853821 0.250107407569885 0.250017493963242 0.249658778309822 0.246565908193588 0.24346661567688 0.240344658493996 0.237825810909271 0.236427009105682 0.238400056958199 0.24404688179493 0.24749693274498 0.249525532126427 -9999
-9999 -9999 -9999 -9999 -9999 -9999 -9999 -9999 -9999 -9999 -9999 0.125887021422386 0.125933513045311 0.125927850604057 0.125813081860542 0.147560507059097 0.169189110398293 0.170362219214439 0.176522105932236 0.181585475802422 0.214616805315018 0.246868774294853 0.245802760124207 0.240275353193283 0.237354382872581 0.23993581533432 0.242484241724014 0.244992315769196 0.246879354119301 0.248314023017883 0.249522641301155 0.250637650489807 0.250496029853821 0.250107407569885 0.250017493963242 0.249658778309822 0.246565908193588 0.24346661567688 0.240344658493996 0.237825810909271 0.236427009105682 0.238400056958199 0.24404688179493 0.24749693274498 0.249525532126427 0.25006166100502
-9999 -9999 -9999 -9999 -9999 -9999 -9999 -9999 -9999 -9999 -9999 0.125637784600258 0.125887021422386 0.125979989767075 -9999 0.125542715191841 0.146791964769363 0.168016001582146 0.170362219214439 0.177618637681007 0.181585475802422 0.215396150946617 0.241826370358467 0.237368643283844 0.232956737279892 0.228641584515572 0.227307885885239 0.22961813211441 0.231771722435951 0.233811214566231 0.236076354980469 0.238434940576553 0.237862318754196 0.236713483929634 0.238885626196861 0.240540534257889 0.235941380262375 0.232038453221321 0.230583533644676 0.229843884706497 0.230432584881783 0.233368486166 0.238861739635468 0.240384042263031 0.239336967468262 0.243189185857773
-9999 -9999 -9999 -9999 -9999 -9999 -9999 -9999 -9999 -9999 -9999 -9999 -9999 -9999 -9999 0.125789642333984 0.124765545129776 0.145026460289955 0.165669783949852 0.170362219214439 0.180908203125 0.212524399161339 0.237415909767151 0.234163925051689 0.228202670812607 0.216521948575974 0.210991427302361 0.212977707386017 0.215364038944244 0.218041777610779 0.2214425355196 0.225142732262611 0.224153697490692 0.22224286198616 0.226705342531204 0.230385512113571 0.224117875099182 0.219347879290581 0.219843596220016 0.221113651990891 0.223821744322777 0.227776661515236 0.233090043067932 0.232587888836861 0.22832278907299 0.235920816659927
0.253494441509247 0.253532588481903 -9999 -9999 -9999 -9999 -9999 -9999 -9999 -9999 -9999 0.189575269818306 0.125382319092751 -9999 -9999 -9999 0.125222980976105 0.122814744710922 0.141062557697296 0.160977348685265 0.162628993391991 0.201874643564224 0.23326949775219 0.231808006763458 0.22794446349144 0.219010025262833 0.213250413537025 0.211371064186096 0.211832940578461 0.21400012075901 0.217233881354332 0.220909357070923 0.221629202365875 0.22176805138588 0.220935791730881 0.219427660107613 0.211668223142624 0.206909626722336 0.212702229619026 0.217097863554955 0.218899190425873 0.222145199775696 0.226965203881264 0.228432968258858 0.227731645107269 0.233750015497208
0.253297656774521 0.253767490386963 0.253802180290222 -9999 -9999 -9999 -9999 -9999 -9999 -9999 -9999 0.220190420746803 0.179793551564217 0.125382319092751 -9999 -9999 0.126630797982216 0.123151116073132 0.118662312626839 0.132159769535065 0.148809358477592 0.193353235721588 0.229409635066986 0.229945152997971 0.227954283356667 0.220630034804344 0.21450674533844 0.209851279854774 0.208952635526657 0.210790410637856 0.213758394122124 0.217194452881813 0.219172149896622 0.220863163471222 0.214556902647018 0.207499712705612 0.195999801158905 0.189677163958549 0.201557993888855 0.210273653268814 0.213111191987991 0.216945365071297 0.221865385770798 0.225343659520149 0.22788904607296 0.23218135535717
0.253297656774521 0.253767490386963 0.253871530294418 0.252772450447083 0.253093272447586 -9999 -9999 -9999 -9999 -9999 -9999 -9999 0.205754548311234 0.166529268026352 0.125382319092751 0.125887021422386 0.126630797982216 0.123151116073132 0.118662312626839 0.137441709637642 0.158909946680069 0.196247830986977 0.227086767554283 0.230727002024651 0.229401722550392 0.217593863606453 0.210385128855705 0.208797454833984 0.209563165903091 0.212043046951294 0.214215442538261 0.216260477900505 0.217076748609543 0.217651471495628 0.204909577965736 0.190368294715881 0.163066640496254 0.146729350090027 0.168943241238594 0.188385650515556 0.202681094408035 0.214060768485069 0.222263619303703 0.227970167994499 0.232061505317688 0.233842477202415
0.252542167901993 0.252873063087463 0.252421736717224 0.251747906208038 0.253048628568649 -9999 -9999 -9999 -9999 0.247181490063667 0.232435271143913 0.220309093594551 0.211779877543449 0.1851746737957 0.143780186772346 0.132031992077827 0.134326592087746 0.130553349852562 0.1253302693367 0.14704555273056 0.17103023827076 0.201110020279884 0.225868031382561 0.228353887796402 0.224865913391113 0.208766758441925 0.198367446660995 0.194934517145157 0.195056214928627 0.197767078876495 0.200976759195328 0.204393044114113 0.205160304903984 0.205406844615936 0.188683733344078 0.16978020966053 0.135715737938881 0.114750862121582 0.13984477519989 0.162782564759254 0.181716248393059 0.196269065141678 0.206048756837845 0.217309415340424 0.229528352618217 0.232199043035507
0.249898001551628 0.24974250793457 0.250530689954758 0.251587241888046 0.253048628568649 0.254483312368393 0.254078447818756 0.253543466329575 0.252346485853195 0.247181490063667 0.232435271143913 0.220309093594551 0.211779877543449 0.190413177013397 0.158543199300766 0.153539717197418 0.161262288689613 0.156461521983147 0.148668482899666 0.16745437681675 0.188199907541275 0.21089132130146 0.227409675717354 0.218093171715736 0.205371677875519 0.185462027788162 0.166609242558479 0.149048149585724 0.142754822969437 0.144668772816658 0.153498128056526 0.165191367268562 0.168690741062164 0.170579373836517 0.156011238694191 0.140550255775452 0.122320786118507 0.11019629240036 0.11953716725111 0.127891555428505 0.134413987398148 0.14120876789093 0.148300290107727 0.17342983186245 0.210230827331543 0.222294062376022
0.238100156188011 0.237929612398148 0.242276012897491 0.247907057404518 0.249501675367355 0.250608175992966 0.249690905213356 0.248735874891281 0.247588738799095 0.243024334311485 0.230208575725555 0.220419347286224 0.214785173535347 0.200106367468834 0.178027480840683 0.17622147500515 0.184018313884735 0.179786652326584 0.172680988907814 0.186671927571297 0.201966479420662 0.215140372514725 0.221178948879242 0.197355464100838 0.175817713141441 0.159105330705643 0.142577588558197 0.126275509595871 0.122113987803459 0.126795470714569 0.1380854845047 0.15211233496666 0.154731929302216 0.155109137296677 0.140846103429794 0.126502215862274 0.116665035486221 0.108971677720547 0.108816124498844 0.108109474182129 0.106379389762878 0.107740707695484 0.112470209598541 0.143868535757065 0.192522868514061 0.211259871721268
0.213360667228699 0.213841453194618 0.225024342536926 0.239250913262367 0.240939989686012 0.241254284977913 0.239100158214569 0.237131237983704 0.236104398965836 0.232989713549614 0.224833726882935 0.220685511827469 0.222039416432381 0.216097638010979 0.204186722636223 0.200563117861748 0.200865030288696 0.199459850788116 0.197646796703339 0.204205229878426 0.210921719670296 0.211567863821983 0.203959494829178 0.16180519759655 0.132041111588478 0.128433719277382 0.129469886422157 0.136181429028511 0.14623536169529 0.15872386097908 0.168008327484131 0.175965920090675 0.172599241137505 0.167006492614746 0.150433152914047 0.133918642997742 0.121951088309288 0.112455002963543 0.111648723483086 0.109688632190228 0.105585768818855 0.104800127446651 0.107628703117371 0.13455069065094 0.177062273025513 0.198629200458527
0.200106531381607 0.20011380314827 0.211333751678467 0.22574257850647 0.230305731296539 0.233644232153893 0.231127917766571 0.228088915348053 0.222391039133072 0.21785344183445 0.216117426753044 0.217377707362175 0.222751498222351 0.22157695889473 0.215044751763344 0.210296973586082 0.206394448876381 0.206755802035332 0.208135932683945 0.209625110030174 0.209906503558159 0.192499458789825 0.172277972102165 0.140277728438377 0.120879322290421 0.128084391355515 0.138724088668823 0.153561636805534 0.16684927046299 0.179007977247238 0.185207799077034 0.188939869403839 0.18306340277195 0.175298139452934 0.157334238290787 0.139520704746246 0.126865684986115 0.116429790854454 0.113796502351761 0.11084046214819 0.107285037636757 0.106283351778984 0.108064040541649 0.125665888190269 0.153504773974419 0.178110241889954
0.196524396538734 0.195110961794853 0.20064203441143 0.208148121833801 0.217926144599915 0.227502673864365 0.225360751152039 0.221204355359077 0.206800609827042 0.198421001434326 0.204587236046791 0.211060225963593 0.217954337596893 0.218203991651535 0.213017329573631 0.207729339599609 0.202393367886543 0.20362862944603 0.206433981657028 0.204844057559967 0.200494959950447 0.160381689667702 0.128417670726776 0.130559116601944 0.137183085083961 0.15327000617981 0.166809678077698 0.177236080169678 0.184509456157684 0.189486235380173 0.191692680120468 0.192751854658127 0.187293246388435 0.180553391575813 0.161973401904106 0.143594846129417 0.131467461585999 0.120818465948105 0.115367569029331 0.11163242161274 0.111083619296551 0.111491948366165 0.112943105399609 0.117145754396915 0.123128734529018 0.150948405265808
0.201732397079468 0.200434982776642 0.202694088220596 0.205964669585228 0.213605523109436 0.221350312232971 0.219823688268661 0.216668486595154 0.205228850245476 0.198742970824242 0.204218402504921 0.209260210394859 0.213706687092781 0.214637726545334 0.212692499160767 0.196007117629051 0.172339662909508 0.169558107852936 0.171766892075539 0.17015178501606 0.166532441973686 0.137565478682518 0.117711246013641 0.135994732379913 0.153678953647614 0.170098096132278 0.18188738822937 0.188018009066582 0.191815689206123 0.193914070725441 0.194415956735611 0.19425667822361 0.190037816762924 0.185020953416824 0.167409643530846 0.149971559643745 0.138781815767288 0.128229111433029 0.119916267693043 0.114130862057209 0.113039188086987 0.11293102055788 0.113894410431385 0.114384882152081 0.114569336175919 0.133125111460686
0.211242020130157 0.210812672972679 0.210982576012611 0.211322918534279 0.213228732347488 0.215192645788193 0.214399248361588 0.213282003998756 0.210517421364784 0.208732157945633 0.209311619400978 0.209670916199684 0.209727972745895 0.210976853966713 0.213200867176056 0.179804906249046 0.1295365691185 0.120344802737236 0.120967626571655 0.120821841061115 0.120555385947227 0.119301170110703 0.123229347169399 0.148846372961998 0.170268833637238 0.182836264371872 0.190599411725998 0.192490741610527 0.194054991006851 0.195381015539169 0.195298403501511 0.194632440805435 0.192055553197861 0.189103037118912 0.173235967755318 0.157475098967552 0.147423639893532 0.137118622660637 0.125922128558159 0.117464400827885 0.114092849195004 0.112525403499603 0.112923584878445 0.114442422986031 0.116686373949051 0.11987180262804
0.215690121054649 0.215566605329514 0.215473085641861 0.215388104319572 0.215695858001709 0.216025829315186 0.215870320796967 0.215578272938728 0.214591726660728 0.213666543364525 0.21288950741291 0.212255701422691 0.211818546056747 0.211695864796638 0.211830496788025 0.174891248345375 0.120390921831131 0.115266285836697 0.121939152479172 0.124653004109859 0.127274304628372 0.132506936788559 0.141016185283661 0.163238406181335 0.180732503533363 0.188245221972466 0.192773699760437 0.193654835224152 0.194755509495735 0.196016103029251 0.195894420146942 0.195200309157372 0.193890452384949 0.19245956838131 0.18380044400692 0.175102457404137 0.168639793992043 0.159945204854012 0.143403068184853 0.130468592047691 0.124233938753605 0.119771555066109 0.117240138351917 0.116011328995228 0.115625381469727 0.115437664091587
