Ecospace-environmental-drivers/Outputs/ASCII-for-ecospace/MOM6-ISIMIP3a/o2-bot/1996-07_o2-bot_MOM6-ISIMIP3a.asc
NCOLS 131 
NROWS 53 
XLLCORNER -98 
YLLCORNER 23.9265270233154 
CELLSIZE 0.133587792515755 
NODATA_value -9999 
[rows 21 to 41 of 53, columns 0 to 45 of 131]
-9999 -9999 -9999 -9999 -9999 -9999 0.202479675412178 0.202427878975868 0.202269732952118 0.202059477567673 0.201690584421158 0.201805949211121 0.202005907893181 0.202601507306099 0.202237129211426 0.200765058398247 0.194705158472061 0.18549457192421 0.187274768948555 0.193298906087875 0.197318732738495 0.200984865427017 0.189896956086159 0.179700955748558 0.17962971329689 0.179954543709755 0.181563556194305 0.183699771761894 0.18675597012043 0.189243122935295 0.191144749522209 0.194161757826805 0.197858244180679 0.201888799667358 0.206030711531639 0.206790193915367 0.20707693696022 0.206634849309921 0.206277370452881 0.206458821892738 0.206722244620323 0.207213878631592 0.205969616770744 0.202042669057846 0.200413286685944 0.200892612338066
-9999 -9999 -9999 -9999 -9999 -9999 0.20247645676136 0.202479675412178 0.20237609744072 0.202163696289062 0.202059477567673 0.201206341385841 0.200570061802864 0.200362861156464 0.200610563158989 0.201383143663406 0.196884989738464 0.188767179846764 0.189791679382324 0.194346368312836 0.197936594486237 0.20135660469532 0.192238703370094 0.183818846940994 0.183503746986389 0.183403447270393 0.183999612927437 0.184870004653931 0.186218932271004 0.187626883387566 0.189095601439476 0.191170394420624 0.193614393472672 0.19645719230175 0.199432924389839 0.198861017823219 0.197804495692253 0.197539478540421 0.197347164154053 0.197617933154106 0.197961658239365 0.19850842654705 0.198185071349144 0.196516960859299 0.196028977632523 0.196624085307121
-9999 -9999 -9999 -9999 0.201380059123039 0.201954036951065 0.202495947480202 0.202453762292862 0.202479675412178 0.2022725045681 0.201843157410622 0.200563371181488 0.199368730187416 0.198342606425285 0.199066340923309 0.201809138059616 0.198959901928902 0.192270368337631 0.192571952939034 0.195573076605797 0.197761207818985 0.19980588555336 0.192739352583885 0.18619829416275 0.185698583722115 0.185213983058929 0.184778407216072 0.184554949402809 0.184701681137085 0.185232609510422 0.186158880591393 0.187250509858131 0.188442870974541 0.189999341964722 0.191677168011665 0.189876034855843 0.187608152627945 0.187297537922859 0.187006935477257 0.186843782663345 0.186817809939384 0.187173798680305 0.187704294919968 0.188504502177238 0.189267352223396 0.189995944499969
-9999 -9999 -9999 -9999 0.200184941291809 0.20088529586792 0.20141214132309 0.202495947480202 0.202385663986206 0.200982168316841 0.200351655483246 0.202679827809334 0.20419979095459 0.204120486974716 0.202087327837944 0.197799697518349 0.194721445441246 0.192473739385605 0.193880394101143 0.196698144078255 0.191201195120811 0.184236958622932 0.167464509606361 0.152269572019577 0.152010142803192 0.151803553104401 0.151768296957016 0.154998555779457 0.163927420973778 0.171765089035034 0.178479924798012 0.181641265749931 0.182637825608253 0.183544024825096 0.184420108795166 0.183746546506882 0.182827979326248 0.177625313401222 0.171851605176926 0.16244138777256 0.154351785778999 0.149938479065895 0.147556766867638 0.148314744234085 0.148915067315102 0.149370685219765
-9999 -9999 -9999 -9999 -9999 0.200184941291809 0.199448138475418 0.200328320264816 0.20028692483902 0.197990134358406 0.197101771831512 0.201604321599007 0.2047398686409 0.205170512199402 0.200167953968048 0.188896328210831 0.184459716081619 0.184716999530792 0.187735110521317 0.191819295287132 0.181930214166641 0.169575303792953 0.147272109985352 0.127157911658287 0.127100393176079 0.127154797315598 0.127572149038315 0.133168637752533 0.1478031873703 0.159896045923233 0.16937355697155 0.17299996316433 0.173061937093735 0.173244282603264 0.173466771841049 0.173738017678261 0.173957973718643 0.166114866733551 0.157316148281097 0.142431765794754 0.129634380340576 0.122646741569042 0.118630446493626 0.119206190109253 0.119717195630074 0.120168767869473
-9999 -9999 -9999 -9999 -9999 0.200940445065498 0.200184941291809 0.194783329963684 0.189397931098938 0.187536686658859 0.186141952872276 0.186532825231552 0.186465159058571 0.185490116477013 0.176586478948593 0.158534452319145 0.147787556052208 0.142057403922081 0.148907333612442 0.160614892840385 0.160772413015366 0.158891722559929 0.149364799261093 0.140706583857536 0.140682741999626 0.140923604369164 0.142022773623466 0.145217195153236 0.152067989110947 0.155035868287086 0.154008343815804 0.151063993573189 0.146951958537102 0.146087780594826 0.146306216716766 0.146720916032791 0.147155195474625 0.146544396877289 0.145498678088188 0.141683205962181 0.138892576098442 0.13895483314991 0.138906031847 0.13868559896946 0.139428317546844 0.14105498790741
-9999 -9999 0.20238995552063 0.202267423272133 0.202197343111038 0.201696828007698 0.200939550995827 0.190885931253433 0.181225463747978 0.181913211941719 0.181661576032639 0.177814364433289 0.173686221241951 0.169002220034599 0.156304150819778 0.134359091520309 0.1215755417943 0.115083605051041 0.125477567315102 0.142391815781593 0.149282351136208 0.154403999447823 0.153836205601692 0.153208255767822 0.153117194771767 0.153414845466614 0.154972851276398 0.156377926468849 0.157516151666641 0.154289051890373 0.146570086479187 0.139880239963531 0.133817315101624 0.132416859269142 0.132570534944534 0.133235976099968 0.133996188640594 0.138098835945129 0.142193421721458 0.146236628293991 0.150324359536171 0.154535979032516 0.157011181116104 0.156802862882614 0.157805770635605 0.15992034971714
-9999.000000000000000 -9999 -9999 -9999 0.202908113598824 0.202697843313217 0.203159168362617 0.190583363175392 0.178980052471161 0.186828061938286 0.191318437457085 0.182957246899605 0.172898262739182 0.159479841589928 0.143220067024231 0.123681798577309 0.11818603426218 0.122333891689777 0.135644048452377 0.152492105960846 0.15888586640358 0.163434758782387 0.163497626781464 0.163425520062447 0.16304711997509 0.163118630647659 0.164648905396461 0.165601581335068 0.165546283125877 0.162516921758652 0.156427308917046 0.152156203985214 0.148992940783501 0.148169472813606 0.148125931620598 0.149276226758957 0.150605857372284 0.153926193714142 0.157460585236549 0.162358179688454 0.166498571634293 0.168531060218811 0.170380786061287 0.171948075294495 0.173273339867592 0.17437644302845
-9999 -9999 -9999 -9999 0.203760668635368 0.204329654574394 0.204374760389328 0.192192852497101 0.18114846944809 0.190990850329399 0.196364566683769 0.184634104371071 0.169589430093765 0.147986903786659 0.130955845117569 0.11919954419136 0.120571926236153 0.130960360169411 0.144894048571587 0.160196676850319 0.167003333568573 0.172310709953308 0.172724962234497 0.172922745347023 0.172209441661835 0.171868324279785 0.172733902931213 0.173011973500252 0.172264769673347 0.169694408774376 0.165248066186905 0.162955552339554 0.161975145339966 0.16200178861618 0.162364110350609 0.163588613271713 0.164939105510712 0.1672373265028 0.169859349727631 0.174543276429176 0.178344413638115 0.179688006639481 0.18126754462719 0.183211714029312 0.184295848011971 0.184590667486191
-9999 -9999 -9999 -9999 0.204292088747025 0.204254508018494 0.204208105802536 0.196207851171494 0.18886986374855 0.19420750439167 0.195610001683235 0.181950405240059 0.163109138607979 0.134014815092087 0.119723059237003 0.12251116335392 0.130223751068115 0.141318187117577 0.152991056442261 0.164887264370918 0.17325122654438 0.180991858243942 0.181406155228615 0.181514114141464 0.18040606379509 0.179417654871941 0.178817182779312 0.178141102194786 0.177333071827888 0.175550416111946 0.172764897346497 0.171897187829018 0.172197818756104 0.173418194055557 0.174945145845413 0.175727188587189 0.176408410072327 0.177382856607437 0.178649395704269 0.181776002049446 0.18474480509758 0.187274366617203 0.189030677080154 0.189592003822327 0.189726144075394 0.189468219876289
-9999 -9999 -9999 -9999 0.204254508018494 0.204198330640793 0.20413239300251 0.199287667870522 0.194930970668793 0.199287861585617 0.199523419141769 0.183984309434891 0.16412128508091 0.135702461004257 0.122421585023403 0.126607537269592 0.137397632002831 0.152723103761673 0.163338735699654 0.172135725617409 0.179447263479233 0.186496645212173 0.186931967735291 0.186968103051186 0.184884786605835 0.183015570044518 0.181840553879738 0.180964559316635 0.180610418319702 0.180150672793388 0.17958228290081 0.179826617240906 0.180566042661667 0.181997045874596 0.183658599853516 0.184481576085091 0.185186088085175 0.18553064763546 0.186058595776558 0.187754467129707 0.189634010195732 0.192024886608124 0.193462267518044 0.193426087498665 0.193178549408913 0.1927370429039
-9999 -9999 -9999 -9999 0.204195082187653 0.20413239300251 0.201955169439316 0.201666072010994 0.199746862053871 0.205766007304192 0.206937894225121 0.189556464552879 0.170752838253975 0.149135053157806 0.135568723082542 0.13129249215126 0.14271305501461 0.164913341403008 0.175374463200569 0.181302651762962 0.185604393482208 0.189619138836861 0.190091192722321 0.190069049596786 0.186575055122375 0.183649867773056 0.182568937540054 0.182058736681938 0.182544514536858 0.183809116482735 0.185875102877617 0.186996847391129 0.187543392181396 0.18844772875309 0.189471319317818 0.1906977891922 0.191945016384125 0.192180126905441 0.192432180047035 0.192792236804962 0.193389788269997 0.194648519158363 0.195395171642303 0.195350483059883 0.195147514343262 0.194799289107323
-9999 -9999 -9999 -9999 0.20413239300251 0.203233629465103 0.202804520726204 0.20273457467556 0.202811121940613 0.207505077123642 0.208553433418274 0.195647954940796 0.18060190975666 0.161320313811302 0.146563246846199 0.137026757001877 0.145822525024414 0.167207881808281 0.177954733371735 0.18459364771843 0.188121050596237 0.191099375486374 0.191818073391914 0.192185312509537 0.190035909414291 0.188196077942848 0.1873599588871 0.186943426728249 0.18725910782814 0.18836535513401 0.190285101532936 0.191233024001122 0.191588938236237 0.192102208733559 0.192667916417122 0.193681389093399 0.194749429821968 0.194800898432732 0.194872468709946 0.195072054862976 0.195375919342041 0.195970073342323 0.196308612823486 0.196252092719078 0.196098446846008 0.195855647325516
-9999 -9999 -9999 -9999 -9999 0.203922882676125 0.20404240489006 0.204012930393219 0.205124661326408 0.207213088870049 0.207683697342873 0.201962009072304 0.191829949617386 0.172970980405807 0.156635195016861 0.143210753798485 0.147986575961113 0.165261343121529 0.176482602953911 0.185366377234459 0.189077481627464 0.191875785589218 0.192931100726128 0.193879544734955 0.194255605340004 0.194418862462044 0.193892151117325 0.193452641367912 0.193165346980095 0.193306386470795 0.193888157606125 0.194211736321449 0.19437800347805 0.194558307528496 0.194743275642395 0.1952795535326 0.195859029889107 0.19569505751133 0.195627018809319 0.19616986811161 0.196603611111641 0.196733608841896 0.196785137057304 0.196715369820595 0.196613073348999 0.19648090004921
-9999 -9999 -9999 -9999 -9999 0.204719737172127 0.204921707510948 0.205379724502563 0.205438390374184 0.20617564022541 0.2060457020998 0.20259653031826 0.193949460983276 0.175017192959785 0.158358722925186 0.144323855638504 0.148416459560394 0.164958015084267 0.175485625863075 0.183691024780273 0.188268721103668 0.192206233739853 0.193765491247177 0.195178493857384 0.1958067715168 0.1961879581213 0.19576795399189 0.195457711815834 0.195338994264603 0.195387646555901 0.195608511567116 0.195742726325989 0.195824146270752 0.19591049849987 0.195998519659042 0.196297645568848 0.196622878313065 0.196520462632179 0.196472346782684 0.196769922971725 0.196992978453636 0.197008520364761 0.197007074952126 0.196979343891144 0.196948543190956 0.196914911270142
-9999 -9999 -9999 -9999 -9999 0.204981192946434 0.205195099115372 0.205372482538223 0.205338358879089 0.204983964562416 0.204248756170273 0.20205594599247 0.194184392690659 0.175076231360435 0.158354967832565 0.144387781620026 0.148487538099289 0.164994671940804 0.174586951732635 0.181509166955948 0.187094733119011 0.192444413900375 0.194542244076729 0.196395665407181 0.196805819869041 0.197035565972328 0.196680352091789 0.196530863642693 0.196740359067917 0.196877211332321 0.196939334273338 0.196974188089371 0.196992427110672 0.197034299373627 0.197084069252014 0.197195708751678 0.19731517136097 0.197331637144089 0.197336450219154 0.19726699590683 0.197208881378174 0.197182342410088 0.197176337242126 0.197202071547508 0.197246938943863 0.197309359908104
-9999 -9999 -9999 -9999 -9999 -9999 0.204826757311821 0.204833075404167 0.204782336950302 0.204211980104446 0.203437685966492 0.201882764697075 0.194483458995819 0.175519719719887 0.157799631357193 0.141514524817467 0.144557103514671 0.160872876644135 0.171017974615097 0.178780347108841 0.186459749937057 0.19412450492382 0.195806756615639 0.197224199771881 0.197526574134827 0.197655513882637 0.197222158312798 0.196968585252762 0.197028756141663 0.197053387761116 0.197041481733322 0.197041988372803 0.197050049901009 0.197064518928528 0.197081103920937 0.197063237428665 0.197041928768158 0.197203740477562 0.19735312461853 0.197423338890076 0.197475999593735 0.197479799389839 0.197495475411415 0.197529509663582 0.197584390640259 0.197658404707909
-9999 -9999 -9999 -9999 -9999 -9999 0.204448029398918 0.204274699091911 0.204250246286392 0.20353652536869 0.202775791287422 0.201835125684738 0.194677591323853 0.175218641757965 0.156474575400352 0.138555377721786 0.140826299786568 0.156962662935257 0.167660966515541 0.176259428262711 0.185918807983398 0.195765405893326 0.197015330195427 0.1979820728302 0.198157593607903 0.198175489902496 0.197682321071625 0.197333768010139 0.197237551212311 0.197151824831963 0.19707690179348 0.197042867541313 0.197033762931824 0.19702111184597 0.197007268667221 0.196877345442772 0.196734547615051 0.197032779455185 0.197318598628044 0.19752548635006 0.197685375809669 0.197714447975159 0.197749242186546 0.197792917490005 0.197854310274124 0.197931960225105
-9999 -9999 -9999 -9999 -9999 -9999 0.203996613621712 0.204236328601837 0.204191371798515 0.20369017124176 0.203234121203423 0.202950909733772 0.193721920251846 0.166791796684265 0.147202417254448 0.136083081364632 0.1411362439394 0.157295778393745 0.167840614914894 0.176217392086983 0.186123445630074 0.196299359202385 0.197394132614136 0.198171824216843 0.197964370250702 0.197737708687782 0.19744873046875 0.1972286850214 0.197128906846046 0.19704832136631 0.196987465023994 0.19688592851162 0.196759626269341 0.196714863181114 0.196697279810905 0.196613848209381 0.196524307131767 0.196851015090942 0.19714280962944 0.197212338447571 0.197254374623299 0.197219952940941 0.197234123945236 0.19732341170311 0.19738532602787 0.197422116994858
-9999 -9999 -9999 -9999 -9999 0.204383671283722 0.20296448469162 0.203478828072548 0.202517807483673 0.201456516981125 0.200621083378792 0.200650125741959 0.189673751592636 0.15692076086998 0.138071060180664 0.135263592004776 0.143528327345848 0.159396827220917 0.169721886515617 0.177906408905983 0.187248885631561 0.196795701980591 0.197571873664856 0.198044717311859 0.197590366005898 0.197216629981995 0.197104290127754 0.19700200855732 0.196917280554771 0.196855917572975 0.196818575263023 0.196688860654831 0.196502849459648 0.19644632935524 0.19643297791481 0.196394756436348 0.196355625987053 0.196668222546577 0.196934342384338 0.196904495358467 0.196862682700157 0.196787595748901 0.196786776185036 0.196900740265846 0.19696868956089 0.196994408965111
-9999 -9999 -9999 -9999 0.202455475926399 0.203968033194542 0.204383671283722 0.19975908100605 0.194923579692841 0.190469294786453 0.186746194958687 0.185821786522865 0.174286231398582 0.141754224896431 0.129456043243408 0.140504524111748 0.153555020689964 0.16798035800457 0.177842542529106 0.185942694544792 0.191750645637512 0.197154089808464 0.197012379765511 0.196755766868591 0.196553468704224 0.196390181779861 0.196353450417519 0.196329548954964 0.196328014135361 0.196337535977364 0.196358397603035 0.196344643831253 0.196309804916382 0.196316137909889 0.196336194872856 0.19633848965168 0.196339353919029 0.196481674909592 0.196606054902077 0.196616113185883 0.196615070104599 0.196583107113838 0.19658799469471 0.196649864315987 0.196744039654732 0.196867883205414
