Ecospace-environmental-drivers/Outputs/ASCII-for-ecospace/MOM6-ISIMIP3a/o2-bot/1996-12_o2-bot_MOM6-ISIMIP3a.asc
NCOLS 131 
NROWS 53 
XLLCORNER -98 
YLLCORNER 23.9265270233154 
CELLSIZE 0.133587792515755 
NODATA_value -9999 
[rows 21 to 41 of 53, columns 0 to 45 of 131]
-9999 -9999 -9999 -9999 -9999 -9999 0.231336534023285 0.231198206543922 0.230795681476593 0.230309799313545 0.230800673365593 0.233164072036743 0.232585176825523 0.230860784649849 0.229059368371964 0.227169081568718 0.225313037633896 0.223480522632599 0.221769481897354 0.220105335116386 0.218853443861008 0.217674314975739 0.217168629169464 0.216729789972305 0.216725185513496 0.216609165072441 0.216131910681725 0.215705588459969 0.215368181467056 0.214886501431465 0.214256376028061 0.21370030939579 0.213189333677292 0.212809443473816 0.212473228573799 0.21236552298069 0.212293565273285 0.21280138194561 0.2132598310709 0.213403910398483 0.213508382439613 0.213502541184425 0.209196716547012 0.198245480656624 0.19347183406353 0.194367974996567
-9999 -9999 -9999 -9999 -9999 -9999 0.231335327029228 0.231336534023285 0.23105987906456 0.230476528406143 0.230309799313545 0.228928163647652 0.227171406149864 0.224672466516495 0.222654521465302 0.221191585063934 0.219559133052826 0.217810273170471 0.216485545039177 0.215324595570564 0.214507907629013 0.21375198662281 0.212922766804695 0.212117493152618 0.211525082588196 0.211002260446548 0.210705116391182 0.210025280714035 0.208677589893341 0.207274988293648 0.20581591129303 0.20432585477829 0.202816933393478 0.201335549354553 0.199863344430923 0.194414868950844 0.188461408019066 0.188702136278152 0.188941687345505 0.189173847436905 0.189436689019203 0.189784914255142 0.187852248549461 0.18239463865757 0.180268660187721 0.181200459599495
-9999 -9999 -9999 -9999 0.231670200824738 0.231399774551392 0.231380000710487 0.231289431452751 0.231336534023285 0.230783239006996 0.229476511478424 0.225285962224007 0.221473276615143 0.218408316373825 0.216269239783287 0.215198516845703 0.21378368139267 0.212132543325424 0.211223766207695 0.210601657629013 0.209571346640587 0.208468988537788 0.206750243902206 0.205080732703209 0.203934028744698 0.203033119440079 0.202929183840752 0.202133476734161 0.200130566954613 0.198189839720726 0.196313068270683 0.194099679589272 0.191681236028671 0.189176425337791 0.186642840504646 0.176094681024551 0.164519354701042 0.16413114964962 0.163779899477959 0.163664057850838 0.163705825805664 0.164186388254166 0.164691045880318 0.165232956409454 0.165963023900986 0.166865780949593
-9999 -9999 -9999 -9999 0.232334539294243 0.231566518545151 0.231419548392296 0.231380000710487 0.231151759624481 0.228246986865997 0.225030139088631 0.220618844032288 0.216723263263702 0.213848173618317 0.211671397089958 0.210300356149673 0.20920242369175 0.208292052149773 0.20795014500618 0.207827731966972 0.195565983653069 0.181162029504776 0.169343188405037 0.158799082040787 0.158405929803848 0.158102884888649 0.158091962337494 0.15976557135582 0.164378806948662 0.169496819376945 0.175134271383286 0.176726520061493 0.175854489207268 0.174823731184006 0.173740044236183 0.168947979807854 0.163638174533844 0.157607033848763 0.151403352618217 0.144100874662399 0.137851729989052 0.13453483581543 0.132643505930901 0.132955297827721 0.133355766534805 0.13383761048317
-9999 -9999 -9999 -9999 -9999 0.232334539294243 0.231131970882416 0.231459096074104 0.230230793356895 0.22540482878685 0.220646038651466 0.216144308447838 0.211732476949692 0.207498535513878 0.203298881649971 0.199138805270195 0.196818500757217 0.195761650800705 0.196966752409935 0.199045285582542 0.180414736270905 0.158129647374153 0.140033543109894 0.1239845007658 0.124229736626148 0.124486476182938 0.124780535697937 0.128345534205437 0.137618631124496 0.147224441170692 0.157172605395317 0.160447508096695 0.159657120704651 0.159519776701927 0.159600093960762 0.159588828682899 0.15950021147728 0.150421440601349 0.141041740775108 0.129745498299599 0.12004566192627 0.114789828658104 0.111651405692101 0.111785344779491 0.111988045275211 0.112253867089748
-9999 -9999 -9999 -9999 -9999 0.231566101312637 0.232334539294243 0.229354247450829 0.226081714034081 0.221221417188644 0.216535001993179 0.212514206767082 0.205685928463936 0.193302407860756 0.178375527262688 0.160514011979103 0.150222033262253 0.145128384232521 0.152178272604942 0.163917243480682 0.160239055752754 0.153840214014053 0.146228849887848 0.13944984972477 0.139828413724899 0.140478000044823 0.142006412148476 0.144928887486458 0.150284141302109 0.153104737401009 0.153317227959633 0.148966014385223 0.141834631562233 0.140044838190079 0.140035524964333 0.140528738498688 0.141082048416138 0.140335440635681 0.139515057206154 0.138224929571152 0.137527972459793 0.138482242822647 0.139134377241135 0.139319568872452 0.139902561903 0.140850678086281
-9999 -9999 0.229974403977394 0.230140015482903 0.230287671089172 0.230796739459038 0.23156701028347 0.226995199918747 0.222153842449188 0.217448726296425 0.213040068745613 0.209766134619713 0.200482740998268 0.179308354854584 0.156125396490097 0.130624890327454 0.117423452436924 0.112668357789516 0.1246238052845 0.143031805753708 0.149560302495956 0.153992414474487 0.153825134038925 0.153617411851883 0.15391206741333 0.154673337936401 0.156947523355484 0.159170836210251 0.161305382847786 0.159216985106468 0.152783259749413 0.144251897931099 0.134442657232285 0.132085159420967 0.132211551070213 0.133162498474121 0.134254440665245 0.139101102948189 0.143952444195747 0.148833587765694 0.15370024740696 0.158526599407196 0.161609619855881 0.161998420953751 0.162847071886063 0.164117753505707
-9999.000000000000000 -9999 -9999 -9999 0.22933566570282 0.229778587818146 0.229309350252151 0.224081486463547 0.218708619475365 0.214572235941887 0.210889384150505 0.208942472934723 0.197119653224945 0.165755182504654 0.139707878232002 0.119795717298985 0.114729881286621 0.119859680533409 0.134671404957771 0.153221681714058 0.159602418541908 0.163835614919662 0.164478123188019 0.164953395724297 0.16469019651413 0.164949625730515 0.166903629899025 0.168304219841957 0.168739065527916 0.165835291147232 0.159496158361435 0.154303207993507 0.149808511137962 0.149250119924545 0.150003805756569 0.151310533285141 0.152715727686882 0.157179817557335 0.161402508616447 0.164087891578674 0.167014241218567 0.170611411333084 0.17315873503685 0.174083575606346 0.1749477237463 0.17575615644455
-9999 -9999 -9999 -9999 0.228099688887596 0.227431654930115 0.227637350559235 0.222187906503677 0.216593608260155 0.212791055440903 0.209302961826324 0.207018509507179 0.192294672131538 0.152956768870354 0.126740247011185 0.115663707256317 0.117901042103767 0.129281610250473 0.14450167119503 0.161204308271408 0.16798323392868 0.173010945320129 0.174099326133728 0.174911633133888 0.174142226576805 0.173795372247696 0.174818560481071 0.175312891602516 0.174884289503098 0.172084718942642 0.166845455765724 0.164200678467751 0.163136437535286 0.163672894239426 0.164742901921272 0.165924862027168 0.167139187455177 0.170702308416367 0.17398589849472 0.175489351153374 0.17735244333744 0.180216684937477 0.182372003793716 0.183431699872017 0.184121027588844 0.184470400214195
-9999 -9999 -9999 -9999 0.227260246872902 0.227088838815689 0.226877182722092 0.221577718853951 0.216152131557465 0.21238785982132 0.208426415920258 0.203710272908211 0.185630515217781 0.141107901930809 0.118112869560719 0.119957283139229 0.128450527787209 0.141509816050529 0.154058501124382 0.166410014033318 0.174273982644081 0.181346014142036 0.182422399520874 0.183136537671089 0.181925922632217 0.180841356515884 0.180165559053421 0.179648518562317 0.179408550262451 0.177870064973831 0.174995422363281 0.173904597759247 0.173900455236435 0.174645766615868 0.175640895962715 0.176093474030495 0.1764827221632 0.178492695093155 0.180446624755859 0.182043641805649 0.183946862816811 0.186702519655228 0.188646584749222 0.18933641910553 0.189611464738846 0.189505815505981
-9999 -9999 -9999 -9999 0.227088838815689 0.226832628250122 0.226531878113747 0.221699342131615 0.216717228293419 0.212963834404945 0.209026828408241 0.204387009143829 0.187001690268517 0.144396632909775 0.122651249170303 0.12497466802597 0.136031150817871 0.153084993362427 0.164392694830894 0.173481598496437 0.18039408326149 0.186922490596771 0.187916845083237 0.188495814800262 0.186623245477676 0.184843301773071 0.183363631367683 0.182440415024757 0.18248824775219 0.182236209511757 0.181675583124161 0.181634098291397 0.181908875703812 0.182510703802109 0.183221533894539 0.183645069599152 0.18403485417366 0.18525256216526 0.186464503407478 0.187639832496643 0.189072787761688 0.191222950816154 0.19269086420536 0.193104431033134 0.193153724074364 0.192868664860725
-9999 -9999 -9999 -9999 0.226817786693573 0.226531878113747 0.222620293498039 0.222369819879532 0.218037262558937 0.214274197816849 0.210734963417053 0.208052515983582 0.194399476051331 0.159038707613945 0.137064069509506 0.130534917116165 0.141385093331337 0.164170414209366 0.1753099411726 0.181952610611916 0.186386212706566 0.190430000424385 0.191289752721786 0.191705852746964 0.189005792140961 0.186562165617943 0.18495000898838 0.184074506163597 0.184484526515007 0.185537934303284 0.187253385782242 0.187882781028748 0.187850564718246 0.188044622540474 0.188314124941826 0.189233884215355 0.190243408083916 0.191239520907402 0.192150264978409 0.192517429590225 0.193097308278084 0.194269299507141 0.195062384009361 0.195269882678986 0.195234805345535 0.194977089762688
-9999 -9999 -9999 -9999 0.226531878113747 0.222713053226471 0.220948666334152 0.219880118966103 0.219426080584526 0.215730667114258 0.212294027209282 0.209847822785378 0.198770120739937 0.170613080263138 0.149960249662399 0.137966096401215 0.145540401339531 0.166553243994713 0.177696362137794 0.185028403997421 0.188937425613403 0.19224239885807 0.193136125802994 0.193707183003426 0.192029431462288 0.190465211868286 0.189269080758095 0.188539892435074 0.1886255890131 0.189432665705681 0.190982043743134 0.191509574651718 0.19141460955143 0.191500559449196 0.191646814346313 0.192533671855927 0.193520531058311 0.194180995225906 0.194777354598045 0.194965422153473 0.195253267884254 0.195818841457367 0.196204483509064 0.196312040090561 0.196259081363678 0.19605877995491
-9999 -9999 -9999 -9999 -9999 0.221054241061211 0.220751404762268 0.220596060156822 0.220844358205795 0.217249765992165 0.213789194822311 0.210841611027718 0.201843395829201 0.180872708559036 0.162206426262856 0.146199092268944 0.149181991815567 0.165206342935562 0.176426634192467 0.185791924595833 0.19001393020153 0.193328320980072 0.194328233599663 0.195190489292145 0.19532784819603 0.195304349064827 0.194759324193001 0.194218724966049 0.193685844540596 0.193581536412239 0.19391818344593 0.194012686610222 0.193959668278694 0.194065913558006 0.194225251674652 0.194852441549301 0.195541322231293 0.19581726193428 0.196093559265137 0.196372136473656 0.196608394384384 0.196726888418198 0.196819692850113 0.196872785687447 0.196830406785011 0.196700423955917
-9999 -9999 -9999 -9999 -9999 0.221347272396088 0.221462666988373 0.221778035163879 0.221471428871155 0.217881053686142 0.214362487196922 0.211118787527084 0.202385112643242 0.182788327336311 0.164519593119621 0.147783234715462 0.149879589676857 0.164909213781357 0.175414741039276 0.184173360466957 0.18924854695797 0.193673729896545 0.195004686713219 0.196170777082443 0.196527749300003 0.196687132120132 0.196205824613571 0.195837050676346 0.195664614439011 0.195604577660561 0.195660218596458 0.195650741457939 0.195601597428322 0.195663124322891 0.195761531591415 0.196076482534409 0.196419894695282 0.196559131145477 0.196708098053932 0.196919068694115 0.197088420391083 0.19714193046093 0.197192922234535 0.197239995002747 0.197236225008965 0.197185754776001
-9999 -9999 -9999 -9999 -9999 0.221542194485664 0.221827760338783 0.222013890743256 0.221934795379639 0.218328654766083 0.214745044708252 0.211247697472572 0.202403038740158 0.182977557182312 0.164777621626854 0.147991731762886 0.149968072772026 0.164829283952713 0.174456194043159 0.182061940431595 0.188102081418037 0.193865939974785 0.195574432611465 0.197046995162964 0.197293490171432 0.197354793548584 0.196815684437752 0.196615248918533 0.197005808353424 0.197187796235085 0.197155192494392 0.197109818458557 0.197056666016579 0.197060018777847 0.197082191705704 0.19707402586937 0.197062134742737 0.197115927934647 0.197177454829216 0.197288110852242 0.197387382388115 0.19745497405529 0.197516068816185 0.19756717979908 0.197607785463333 0.197638735175133
-9999 -9999 -9999 -9999 -9999 -9999 0.221336156129837 0.221691355109215 0.221382647752762 0.217531263828278 0.213851138949394 0.210826560854912 0.202475115656853 0.183583289384842 0.163970217108727 0.143524929881096 0.144788056612015 0.160959333181381 0.171160712838173 0.179056912660599 0.187185809016228 0.195355772972107 0.19661620259285 0.197629272937775 0.197841733694077 0.197865530848503 0.1972776055336 0.196963548660278 0.197127401828766 0.197190374135971 0.197149530053139 0.197104722261429 0.197057500481606 0.197029516100883 0.197007954120636 0.19696344435215 0.196918070316315 0.197195380926132 0.197455942630768 0.197609826922417 0.197736278176308 0.197786420583725 0.197839871048927 0.197898462414742 0.197958156466484 0.198018819093704
-9999 -9999 -9999 -9999 -9999 -9999 0.22047932446003 0.22030320763588 0.220692470669746 0.216625019907951 0.212883576750755 0.210389882326126 0.202376082539558 0.183439522981644 0.162431314587593 0.139032781124115 0.13982792198658 0.157237961888313 0.167994096875191 0.176180928945541 0.186310112476349 0.196782067418098 0.197603955864906 0.198165044188499 0.198313653469086 0.198283821344376 0.197675406932831 0.197260558605194 0.197183504700661 0.197122260928154 0.197077289223671 0.197029441595078 0.196979865431786 0.196923568844795 0.196865037083626 0.196802958846092 0.19674426317215 0.197224870324135 0.197666242718697 0.197857692837715 0.198006853461266 0.198038324713707 0.198083072900772 0.19814832508564 0.198221728205681 0.198302626609802
-9999 -9999 -9999 -9999 -9999 -9999 0.219555094838142 0.219443410634995 0.219014838337898 0.215152442455292 0.211740031838417 0.210050001740456 0.200425714254379 0.175101757049561 0.153598338365555 0.136503234505653 0.139729738235474 0.156912013888359 0.167318403720856 0.175108358263969 0.185757413506508 0.196910992264748 0.197790160775185 0.198345333337784 0.198075339198112 0.197790935635567 0.197459816932678 0.197215765714645 0.197123661637306 0.197055339813232 0.197011485695839 0.196904882788658 0.196760058403015 0.196694687008858 0.196655794978142 0.196639537811279 0.196628794074059 0.196949541568756 0.197240352630615 0.197340503334999 0.197418123483658 0.197433039546013 0.19746620953083 0.197527587413788 0.197569698095322 0.197594121098518
-9999 -9999 -9999 -9999 -9999 0.220462903380394 0.219100281596184 0.218918651342392 0.217145889997482 0.213646650314331 0.210643455386162 0.209538891911507 0.197956636548042 0.165641978383064 0.144321918487549 0.13568788766861 0.141914740204811 0.158347234129906 0.168363884091377 0.175903126597404 0.186235025525093 0.197059735655785 0.197802484035492 0.198210373520851 0.197667479515076 0.197227761149406 0.197122529149055 0.197022438049316 0.196931302547455 0.196868881583214 0.19683600962162 0.196709409356117 0.196525722742081 0.196474075317383 0.196466445922852 0.196490794420242 0.196520626544952 0.196695104241371 0.196849718689919 0.196877881884575 0.196899145841599 0.196901142597198 0.196922495961189 0.196973770856857 0.196998864412308 0.196999922394753
-9999 -9999 -9999 -9999 0.222316265106201 0.220788359642029 0.220462903380394 0.217576161026955 0.214575380086899 0.212019130587578 0.209719136357307 0.208399906754494 0.1935855448246 0.152068108320236 0.133419528603554 0.141158029437065 0.152471572160721 0.166240260004997 0.175720527768135 0.183544889092445 0.190490543842316 0.197281152009964 0.197177201509476 0.196919441223145 0.196637958288193 0.196406841278076 0.196339040994644 0.196284487843513 0.196253016591072 0.196244105696678 0.196258395910263 0.196253970265388 0.196238130331039 0.196283802390099 0.196349993348122 0.196395874023438 0.196439191699028 0.1965172290802 0.196588337421417 0.196615383028984 0.196635901927948 0.196638286113739 0.196646958589554 0.196665346622467 0.196725785732269 0.196824818849564
