Ecospace-environmental-drivers/Outputs/ASCII-for-ecospace/MOM6-ISIMIP3a/o2-bot/1996-04_o2-bot_MOM6-ISIMIP3a.asc
NCOLS 131 
NROWS 53 
XLLCORNER -98 
YLLCORNER 23.9265270233154 
CELLSIZE 0.133587792515755 
NODATA_value -9999 
[rows 21 to 41 of 53, columns 0 to 45 of 131]
-9999 -9999 -9999 -9999 -9999 -9999 0.239847555756569 0.239946946501732 0.24018606543541 0.240584045648575 0.240815341472626 0.241416946053505 0.241591826081276 0.242112725973129 0.241530925035477 0.239676788449287 0.234872370958328 0.228041887283325 0.227499127388 0.229384273290634 0.229822337627411 0.230005025863647 0.229247376322746 0.228497922420502 0.227988317608833 0.227402463555336 0.226569399237633 0.225995391607285 0.225873470306396 0.225490778684616 0.224839746952057 0.224186897277832 0.223532974720001 0.223124280571938 0.222797334194183 0.22267572581768 0.222583577036858 0.222640976309776 0.222674190998077 0.222553312778473 0.222465425729752 0.222469344735146 0.222056910395622 0.221001029014587 0.220637410879135 0.220909148454666
-9999 -9999 -9999 -9999 -9999 -9999 0.239829391241074 0.239847555756569 0.240046352148056 0.240266308188438 0.240584045648575 0.240445032715797 0.239527478814125 0.23706941306591 0.235154494643211 0.233866289258003 0.231075599789619 0.227253079414368 0.226948261260986 0.228001773357391 0.228207588195801 0.228263795375824 0.227725312113762 0.227203637361526 0.226930528879166 0.226615652441978 0.226165309548378 0.22584456205368 0.225749924778938 0.225421860814095 0.224853590130806 0.224201187491417 0.223497554659843 0.223039031028748 0.222662195563316 0.222226545214653 0.221785262227058 0.221691310405731 0.221609801054001 0.221607610583305 0.221630170941353 0.221721574664116 0.221568688750267 0.22103825211525 0.220813944935799 0.220870643854141
-9999 -9999 -9999 -9999 0.23930948972702 0.239640131592751 0.239816322922707 0.239824280142784 0.239847555756569 0.240245133638382 0.240388482809067 0.239558801054955 0.237188547849655 0.231769949197769 0.228590771555901 0.22799551486969 0.227427572011948 0.226878389716148 0.226806908845901 0.226919904351234 0.226498708128929 0.22598323225975 0.224183782935143 0.22254553437233 0.222484812140465 0.222403153777122 0.22225359082222 0.222520217299461 0.22351311147213 0.224030405282974 0.224058300256729 0.223652869462967 0.222983464598656 0.22251982986927 0.222124800086021 0.221395283937454 0.220619544386864 0.219844326376915 0.219050869345665 0.218141332268715 0.217461436986923 0.217420846223831 0.21742969751358 0.217514917254448 0.217518344521523 0.217446684837341
-9999 -9999 -9999 -9999 0.23856258392334 0.239218905568123 0.239463955163956 0.239816322922707 0.239808976650238 0.239715501666069 0.239059075713158 0.236247882246971 0.233183786273003 0.2296192497015 0.227239519357681 0.226226851344109 0.225647553801537 0.225365877151489 0.225416168570518 0.225594654679298 0.222904816269875 0.219708800315857 0.191284418106079 0.165398314595222 0.16526772081852 0.164933189749718 0.163937419652939 0.170509457588196 0.190287992358208 0.205380022525787 0.215649738907814 0.219502791762352 0.219446882605553 0.219237789511681 0.218977630138397 0.218425035476685 0.217774733901024 0.209161654114723 0.19922935962677 0.180895909667015 0.166313886642456 0.162174910306931 0.159857407212257 0.160354882478714 0.161037743091583 0.161890745162964
-9999 -9999 -9999 -9999 -9999 0.23856258392334 0.239032775163651 0.239111572504044 0.239564418792725 0.238550946116447 0.236900210380554 0.232810199260712 0.229342147707939 0.227104723453522 0.223071575164795 0.216966405510902 0.213975071907043 0.21312215924263 0.214286938309669 0.216230809688568 0.212798222899437 0.208416849374771 0.163398236036301 0.122374303638935 0.12205395847559 0.121477350592613 0.120069839060307 0.130725279450417 0.162431612610817 0.186308100819588 0.202127829194069 0.207988515496254 0.207782208919525 0.207641735672951 0.207523211836815 0.207249581813812 0.206863164901733 0.193781867623329 0.178560510277748 0.149710521101952 0.126792922616005 0.120389580726624 0.116840526461601 0.117702625691891 0.118962526321411 0.120587535202503
-9999 -9999 -9999 -9999 -9999 0.238692939281464 0.23856258392334 0.238640636205673 0.238416656851768 0.234602391719818 0.231104359030724 0.228816702961922 0.22621576488018 0.222994908690453 0.206553146243095 0.174856498837471 0.158926874399185 0.153825134038925 0.160457149147987 0.171619981527328 0.174135267734528 0.175124526023865 0.157493516802788 0.141276553273201 0.140240803360939 0.139469459652901 0.139555335044861 0.144551262259483 0.158115610480309 0.165387764573097 0.166185364127159 0.164184212684631 0.160478085279465 0.15959107875824 0.159643784165382 0.160096555948257 0.160581171512604 0.157806575298309 0.154176294803619 0.145096674561501 0.138251230120659 0.137625202536583 0.137644991278648 0.138662859797478 0.140050873160362 0.141778588294983
-9999 -9999 0.238893792033195 0.238889843225479 0.238909810781479 0.238823458552361 0.238692790269852 0.237750634551048 0.236440256237984 0.231312304735184 0.227032676339149 0.226000040769577 0.222954377532005 0.21592552959919 0.190102577209473 0.142594188451767 0.120191290974617 0.115029484033585 0.126284942030907 0.14387971162796 0.150464102625847 0.155105486512184 0.15632027387619 0.157187953591347 0.155788257718086 0.154962152242661 0.155995935201645 0.156938344240189 0.157721325755119 0.153657466173172 0.144606336951256 0.137959524989128 0.13277742266655 0.131671831011772 0.131925076246262 0.13289487361908 0.133985966444016 0.138169780373573 0.142378389835358 0.146744936704636 0.150774389505386 0.153865426778793 0.156311392784119 0.157760411500931 0.159294262528419 0.160905957221985
-9999.000000000000000 -9999 -9999 -9999 0.238936275243759 0.238996163010597 0.239075765013695 0.235946267843246 0.232655853033066 0.229458898305893 0.226722881197929 0.225751057267189 0.219398453831673 0.202398836612701 0.173800110816956 0.131817832589149 0.117047488689423 0.12096481025219 0.135002702474594 0.152948528528214 0.159502789378166 0.16404677927494 0.165470451116562 0.166573777794838 0.16557689011097 0.165001541376114 0.165793001651764 0.16618600487709 0.165883630514145 0.161978513002396 0.154366225004196 0.150090962648392 0.147848606109619 0.147676348686218 0.148194119334221 0.149224147200584 0.150344520807266 0.154181182384491 0.158041954040527 0.162056267261505 0.165620908141136 0.167933821678162 0.170312792062759 0.172793835401535 0.17451223731041 0.175530657172203
-9999 -9999 -9999 -9999 0.238928526639938 0.238989219069481 0.239102616906166 0.234427392482758 0.229734748601913 0.227793529629707 0.225965484976768 0.224570572376251 0.21302892267704 0.181409731507301 0.151715964078903 0.124243818223476 0.119025096297264 0.129088789224625 0.143871307373047 0.160475924611092 0.167425617575645 0.172671526670456 0.174052745103836 0.175118640065193 0.174261927604675 0.173659279942513 0.173880442976952 0.173646852374077 0.172619700431824 0.169299319386482 0.16361927986145 0.161335930228233 0.161121800541878 0.161768138408661 0.162701293826103 0.163581669330597 0.164470642805099 0.167570739984512 0.170733898878098 0.174298644065857 0.177431017160416 0.179359793663025 0.181451827287674 0.183796167373657 0.185175344347954 0.185668662190437
-9999 -9999 -9999 -9999 0.23889471590519 0.238800212740898 0.238683521747589 0.233267694711685 0.227899789810181 0.226364731788635 0.224644958972931 0.222218200564384 0.20311963558197 0.151032298803329 0.122357971966267 0.120698601007462 0.127445846796036 0.139966279268265 0.152929663658142 0.166064098477364 0.173944622278214 0.180898010730743 0.181920602917671 0.182605504989624 0.181558549404144 0.18057881295681 0.179817035794258 0.178859785199165 0.177561417222023 0.175361782312393 0.172234728932381 0.171465635299683 0.172132983803749 0.173453584313393 0.174991950392723 0.175458565354347 0.175788179039955 0.177661791443825 0.179687291383743 0.182680040597916 0.185421079397202 0.187461361289024 0.188989758491516 0.189727038145065 0.19010803103447 0.190162017941475
-9999 -9999 -9999 -9999 0.238800212740898 0.238658964633942 0.238493144512177 0.233633905649185 0.228779301047325 0.226978227496147 0.224937245249748 0.221978008747101 0.203670874238014 0.154994562268257 0.127670794725418 0.12498451769352 0.134303525090218 0.151867106556892 0.163824766874313 0.173617765307426 0.180270507931709 0.186369106173515 0.187054350972176 0.187393486499786 0.185836091637611 0.184339672327042 0.183040931820869 0.181844368577003 0.180826142430305 0.179988697171211 0.1793372631073 0.17966328561306 0.180584773421288 0.18194605410099 0.183453947305679 0.18405419588089 0.184533655643463 0.185663059353828 0.186908140778542 0.188889861106873 0.190780222415924 0.192416280508041 0.19341167807579 0.193417012691498 0.193334400653839 0.193171069025993
-9999 -9999 -9999 -9999 0.238650768995285 0.238493144512177 0.235360011458397 0.235144600272179 0.231694728136063 0.229123473167419 0.226439133286476 0.223321974277496 0.21206758916378 0.184711933135986 0.158987060189247 0.135143846273422 0.139988899230957 0.164535462856293 0.176097422838211 0.182645559310913 0.186451554298401 0.189773634076118 0.190137505531311 0.190157279372215 0.187849327921867 0.185731530189514 0.184230282902718 0.183157682418823 0.182833090424538 0.183538943529129 0.18530510365963 0.186411887407303 0.187116965651512 0.188043758273125 0.189044445753098 0.190188810229301 0.191350057721138 0.19209697842598 0.192829579114914 0.193470939993858 0.194166138768196 0.195011153817177 0.195496574044228 0.195426285266876 0.195280998945236 0.195066884160042
-9999 -9999 -9999 -9999 0.238493144512177 0.23580664396286 0.234779700636864 0.234168395400047 0.233650073409081 0.229549035429955 0.2258310765028 0.223579347133636 0.216175973415375 0.198578909039497 0.174554049968719 0.143112540245056 0.144062221050262 0.167256385087967 0.178824126720428 0.185902461409569 0.189035549759865 0.191472440958023 0.191909298300743 0.192109853029251 0.190706267952919 0.189398065209389 0.188399195671082 0.18765515089035 0.187355771660805 0.188015416264534 0.189661875367165 0.190595343708992 0.19109445810318 0.191691890358925 0.192322075366974 0.193206682801247 0.194123134016991 0.194575890898705 0.195026710629463 0.195465222001076 0.195909664034843 0.196370616555214 0.196622282266617 0.196550518274307 0.196405097842216 0.196192055940628
-9999 -9999 -9999 -9999 -9999 0.234614849090576 0.234593734145164 0.235026121139526 0.235193938016891 0.229237601161003 0.224318757653236 0.223371058702469 0.218446463346481 0.205652743577957 0.183371245861053 0.150142356753349 0.147444650530815 0.165714055299759 0.177459612488747 0.18668606877327 0.190077945590019 0.192440211772919 0.193119063973427 0.193714767694473 0.193924799561501 0.19403949379921 0.193845108151436 0.193517282605171 0.192956626415253 0.192888826131821 0.19332817196846 0.193679451942444 0.193977072834969 0.194290176033974 0.194608449935913 0.194888800382614 0.19516333937645 0.195359781384468 0.195627704262733 0.196350857615471 0.196949303150177 0.197200611233711 0.197336912155151 0.19729545712471 0.197176679968834 0.196986928582191
-9999 -9999 -9999 -9999 -9999 0.23407918214798 0.234471127390862 0.234586700797081 0.234190344810486 0.228105917572975 0.222951680421829 0.221357792615891 0.215675801038742 0.20190455019474 0.180600538849831 0.150604903697968 0.148503631353378 0.165558680891991 0.176647439599037 0.185432404279709 0.189670473337173 0.193106129765511 0.194055765867233 0.194906681776047 0.195388555526733 0.195750743150711 0.195724844932556 0.195580810308456 0.195230603218079 0.195106387138367 0.195214688777924 0.195358544588089 0.195524051785469 0.195690602064133 0.195857495069504 0.19598862528801 0.196114957332611 0.196263089776039 0.196456536650658 0.196938410401344 0.197328135371208 0.197461307048798 0.197540476918221 0.197536200284958 0.197473630309105 0.197357535362244
-9999 -9999 -9999 -9999 -9999 0.232886388897896 0.233172684907913 0.233800545334816 0.232659667730331 0.22680452466011 0.221614643931389 0.218971088528633 0.211862102150917 0.195917263627052 0.175432279706001 0.149708658456802 0.149081885814667 0.165690243244171 0.175949543714523 0.183757245540619 0.188963010907173 0.1937096118927 0.194935977458954 0.196013122797012 0.196489259600639 0.196855753660202 0.196866750717163 0.196858391165733 0.196816235780716 0.196774423122406 0.196732968091965 0.196746945381165 0.196794703602791 0.196843191981316 0.196891918778419 0.196967959403992 0.197048231959343 0.197191119194031 0.197332486510277 0.197464317083359 0.197570264339447 0.197604209184647 0.197638288140297 0.197672620415688 0.197672367095947 0.197640374302864
-9999 -9999 -9999 -9999 -9999 -9999 0.231015339493752 0.231130823493004 0.230723917484283 0.225817829370499 0.221172824501991 0.21752718091011 0.209716558456421 0.193664610385895 0.172485336661339 0.145389914512634 0.144665524363518 0.162051320075989 0.173042312264442 0.181564033031464 0.188427522778511 0.194998383522034 0.196100503206253 0.197014987468719 0.197363719344139 0.197565227746964 0.197289407253265 0.197096511721611 0.197048351168633 0.197003051638603 0.196960717439651 0.196962028741837 0.196989923715591 0.196998432278633 0.197000458836555 0.197006896138191 0.197015419602394 0.197230026125908 0.197434335947037 0.197573080658913 0.197679847478867 0.197697639465332 0.1977319419384 0.197791755199432 0.19783353805542 0.197858765721321
-9999 -9999 -9999 -9999 -9999 -9999 0.228738203644753 0.228114664554596 0.228750735521317 0.224826365709305 0.220777228474617 0.216250404715538 0.207592159509659 0.1907589584589 0.168838277459145 0.141047433018684 0.140488892793655 0.15863199532032 0.170337662100792 0.179557621479034 0.187969028949738 0.196237772703171 0.197206765413284 0.197949305176735 0.198136761784554 0.198155224323273 0.197625711560249 0.197265014052391 0.197198897600174 0.197147250175476 0.197110518813133 0.197097107768059 0.197097927331924 0.197069436311722 0.197031185030937 0.196975916624069 0.196920797228813 0.19721132516861 0.197482958436012 0.197634324431419 0.19774617254734 0.197748020291328 0.197781905531883 0.197865322232246 0.197943359613419 0.198016479611397
-9999 -9999 -9999 -9999 -9999 -9999 0.226272627711296 0.226969137787819 0.226571649312973 0.2236338108778 0.220446825027466 0.216306194663048 0.20489664375782 0.179103925824165 0.156662046909332 0.138086512684822 0.141255021095276 0.159356147050858 0.170849412679672 0.179791137576103 0.188249751925468 0.196623116731644 0.197555720806122 0.198213249444962 0.197936117649078 0.197659492492676 0.197384431958199 0.197187229990959 0.197125926613808 0.197078466415405 0.197045281529427 0.196939378976822 0.196789175271988 0.196718350052834 0.196673959493637 0.196648493409157 0.196628466248512 0.197002679109573 0.197333514690399 0.19738806784153 0.197414517402649 0.197362780570984 0.197367936372757 0.197461009025574 0.197523444890976 0.197557762265205
-9999 -9999 -9999 -9999 -9999 0.223143219947815 0.223967403173447 0.223734095692635 0.224139884114265 0.22201032936573 0.219466909766197 0.215339437127113 0.200952187180519 0.166263744235039 0.144217550754547 0.136758536100388 0.14410836994648 0.161628097295761 0.172713279724121 0.181313872337341 0.189214780926704 0.196992218494415 0.197703793644905 0.198139682412148 0.197567522525787 0.197115793824196 0.19705456495285 0.197000280022621 0.196958109736443 0.196927487850189 0.196908786892891 0.196755304932594 0.19651971757412 0.196428790688515 0.196386069059372 0.196386367082596 0.196395352482796 0.196785792708397 0.197121158242226 0.197105795145035 0.197071552276611 0.196984738111496 0.196970835328102 0.19706965982914 0.197134763002396 0.197168931365013
-9999 -9999 -9999 -9999 0.2222860455513 0.22272801399231 0.223143219947815 0.222023129463196 0.220781564712524 0.218806713819504 0.216105356812477 0.210623264312744 0.19242824614048 0.149077892303467 0.130789339542389 0.141418173909187 0.154615014791489 0.169575408101082 0.179535105824471 0.187563821673393 0.19268898665905 0.197301745414734 0.197115242481232 0.196828588843346 0.196583062410355 0.19639627635479 0.196399956941605 0.196413040161133 0.196442514657974 0.196475148200989 0.196511045098305 0.196474671363831 0.196394294500351 0.196364834904671 0.196352362632751 0.196363717317581 0.196379393339157 0.196538642048836 0.196678087115288 0.196691513061523 0.19668710231781 0.19663305580616 0.196635663509369 0.196725830435753 0.196860611438751 0.197036355733871
