Ecospace-environmental-drivers/Outputs/ASCII-for-ecospace/MOM6-ISIMIP3a/o2-bot/1998-05_o2-bot_MOM6-ISIMIP3a.asc
NCOLS 131 
NROWS 53 
XLLCORNER -98 
YLLCORNER 23.9265270233154 
CELLSIZE 0.133587792515755 
NODATA_value -9999 
[rows 0 to 20 of 53, columns 46 to 91 of 131]
-9999 -9999 -9999 -9999 -9999 -9999 -9999 -9999 -9999 -9999 -9999 -9999 -9999 -9999 -9999 -9999 -9999 -9999 -9999 -9999 -9999 -9999 -9999 -9999 -9999 -9999 -9999 -9999 -9999 -9999 -9999 -9999 -9999 -9999 -9999 -9999 -9999 -9999 -9999 -9999 -9999 -9999 -9999 -9999 -9999 -9999
-9999 -9999 -9999 -9999 -9999 -9999 -9999 -9999 -9999 -9999 -9999 -9999 -9999 -9999 -9999 -9999 -9999 -9999 -9999 -9999 -9999 -9999 -9999 -9999 -9999 -9999 -9999 -9999 -9999 -9999 -9999 -9999 -9999 -9999 -9999 -9999 -9999 -9999 -9999 -9999 -9999 -9999 -9999 -9999 -9999 -9999
-9999 -9999 -9999 -9999 -9999 -9999 -9999 -9999 -9999 -9999 -9999 -9999 -9999 -9999 -9999 -9999 -9999 -9999 -9999 -9999 -9999 -9999 -9999 -9999 -9999 -9999 -9999 -9999 0.181482166051865 0.182359278202057 -9999 -9999 -9999 -9999 -9999 -9999 -9999 -9999 -9999 -9999 -9999 -9999 -9999 -9999 -9999 -9999
-9999 -9999 -9999 -9999 -9999 -9999 -9999 -9999 -9999 -9999 -9999 -9999 -9999 -9999 -9999 -9999 -9999 -9999 -9999 -9999 -9999 -9999 -9999 -9999 -9999 -9999 -9999 -9999 0.181823238730431 0.18231637775898 -9999 -9999 -9999 -9999 -9999 -9999 -9999 -9999 -9999 -9999 -9999 -9999 -9999 -9999 -9999 -9999
-9999 -9999 -9999 -9999 -9999 -9999 -9999 -9999 -9999 -9999 -9999 -9999 -9999 -9999 -9999 -9999 -9999 -9999 -9999 0.176077589392662 0.175512731075287 0.175060853362083 0.172424912452698 0.170993536710739 0.170673742890358 0.173605591058731 0.177978470921516 0.180779591202736 0.182162597775459 0.182527557015419 0.182258993387222 -9999 -9999 0.198746934533119 0.211554154753685 0.216684177517891 0.21151827275753 0.198256328701973 0.18794721364975 0.182578206062317 0.183355763554573 0.191750720143318 0.203666254878044 -9999 -9999 -9999
-9999 -9999 -9999 -9999 -9999 -9999 -9999 -9999 -9999 -9999 -9999 -9999 -9999 -9999 -9999 0.173042893409729 -9999 0.187655195593834 0.199769511818886 0.187953397631645 0.176077589392662 0.175399765372276 0.175060853362083 0.169788971543312 0.168130800127983 0.174101456999779 0.178584516048431 0.181249424815178 0.182504817843437 0.182733535766602 0.182344302535057 0.181699156761169 0.188040718436241 0.19575572013855 0.212444350123405 0.226462408900261 0.211145788431168 0.196946635842323 0.186676561832428 0.180218458175659 0.180839583277702 0.189009249210358 0.205403313040733 0.216586202383041 0.224397227168083 -9999
-9999 -9999 -9999 -9999 -9999 -9999 -9999 -9999 -9999 -9999 -9999 0.11036191880703 0.109646119177341 0.108864426612854 0.106080211699009 0.137728586792946 0.1713707447052 0.174715057015419 0.188481032848358 0.199769511818886 0.188013091683388 0.176077589392662 0.175060853362083 0.169788971543312 0.168130800127983 0.174101456999779 0.178584516048431 0.181249424815178 0.182504817843437 0.182733535766602 0.182344302535057 0.181699156761169 0.188040718436241 0.19575572013855 0.212444350123405 0.226462408900261 0.211145788431168 0.196946635842323 0.186676561832428 0.180218458175659 0.180839583277702 0.189009249210358 0.205403313040733 0.216586202383041 0.224397227168083 0.22646152973175
-9999 -9999 -9999 -9999 -9999 -9999 -9999 -9999 -9999 -9999 -9999 0.114199742674828 0.11036191880703 0.108930319547653 -9999 0.102009266614914 0.133246794342995 0.16802641749382 0.174715057015419 0.19095852971077 0.199769511818886 0.188192188739777 0.179629787802696 0.183685138821602 0.181815877556801 0.167439311742783 0.162904664874077 0.170398876070976 0.174260631203651 0.175476580858231 0.178247973322868 0.181663528084755 0.18302384018898 0.183980152010918 0.201958179473877 0.217898771166801 0.207778111100197 0.198292821645737 0.191041529178619 0.186554357409477 0.18720044195652 0.191936016082764 0.201127216219902 0.201194599270821 0.195358440279961 0.207077085971832
-9999 -9999 -9999 -9999 -9999 -9999 -9999 -9999 -9999 -9999 -9999 -9999 -9999 -9999 -9999 0.104042500257492 0.0944865867495537 0.124963440001011 0.161337792873383 0.174715057015419 0.198391005396843 0.189148232340813 0.184468671679497 0.198886707425117 0.197098091244698 0.161095961928368 0.146613016724586 0.15843091905117 0.164808556437492 0.167223572731018 0.173607930541039 0.181636124849319 0.177916705608368 0.1718879789114 0.190848171710968 0.208462104201317 0.203884422779083 0.19947075843811 0.195633754134178 0.193363890051842 0.194004341959953 0.195029214024544 0.196472927927971 0.184665322303772 0.164283484220505 0.185636833310127
0.218842357397079 0.218926414847374 -9999 -9999 -9999 -9999 -9999 -9999 -9999 -9999 -9999 0.167652368545532 0.118133515119553 -9999 -9999 -9999 0.0971300825476646 0.0816941633820534 0.109940111637115 0.147960513830185 0.146540328860283 0.163091123104095 0.181222930550575 0.205971375107765 0.21498154103756 0.1907669454813 0.168764129281044 0.149464517831802 0.145432308316231 0.152520626783371 0.165957376360893 0.182023212313652 0.188696622848511 0.193523705005646 0.198146671056747 0.201695799827576 0.194828540086746 0.189840793609619 0.19146141409874 0.192339494824409 0.191838562488556 0.192722648382187 0.195115759968758 0.187607616186142 0.173692882061005 0.183668702840805
0.218773707747459 0.219079121947289 0.219101667404175 -9999 -9999 -9999 -9999 -9999 -9999 -9999 -9999 0.19100496172905 0.160861387848854 0.118133515119553 -9999 -9999 0.0989090949296951 0.0821192339062691 0.0640541687607765 0.0808515697717667 0.101415783166885 0.14194630086422 0.180924922227859 0.21340873837471 0.230425715446472 0.214790984988213 0.187128007411957 0.144764065742493 0.13272587954998 0.142776504158974 0.160742029547691 0.181985378265381 0.196505337953568 0.209703654050827 0.201790198683739 0.192892894148827 0.182022005319595 0.175178468227386 0.182495325803757 0.187556937336922 0.188430324196815 0.190657377243042 0.194359302520752 0.191559955477715 0.184553951025009 0.184048593044281
0.218773707747459 0.219079121947289 0.219146743416786 0.218728318810463 0.219116032123566 -9999 -9999 -9999 -9999 -9999 -9999 -9999 0.181617870926857 0.152380898594856 0.118133515119553 0.11036191880703 0.0989090949296951 0.0821192339062691 0.0640541687607765 0.0758700892329216 0.0923689901828766 0.147149935364723 0.196438014507294 0.222737923264503 0.232786148786545 0.208525791764259 0.185177937150002 0.162945359945297 0.155795112252235 0.159630581736565 0.168588727712631 0.179668337106705 0.188377112150192 0.196619838476181 0.185829162597656 0.173166081309319 0.149097606539726 0.13352358341217 0.14781653881073 0.162616446614265 0.178357794880867 0.189886376261711 0.196824997663498 0.200929999351501 0.203201487660408 0.197022721171379
0.218278363347054 0.218251183629036 0.218298718333244 0.218367472290993 0.219100326299667 -9999 -9999 -9999 -9999 0.214052826166153 0.197892934083939 0.188305541872978 0.187741324305534 0.168806731700897 0.134842023253441 0.116243779659271 0.104924283921719 0.0904649719595909 0.0752554535865784 0.0823311060667038 0.0944322347640991 0.157395273447037 0.211104810237885 0.22608757019043 0.227760955691338 0.201337173581123 0.180727660655975 0.167224392294884 0.162021175026894 0.162863567471504 0.167268469929695 0.173148706555367 0.177625954151154 0.181827425956726 0.169193729758263 0.154363974928856 0.124171726405621 0.104199007153511 0.120158702135086 0.13796991109848 0.159219563007355 0.173746645450592 0.180949255824089 0.193314284086227 0.209019616246223 0.202990293502808
0.216544643044472 0.215353384613991 0.216455966234207 0.218210905790329 0.219100326299667 0.219880297780037 0.22009751200676 0.220147922635078 0.219349786639214 0.214052826166153 0.197892934083939 0.188305541872978 0.187741324305534 0.174764022231102 0.15163066983223 0.136830568313599 0.125977754592896 0.119675502181053 0.114460535347462 0.117398992180824 0.124271161854267 0.180245161056519 0.223655879497528 0.214488103985786 0.20427131652832 0.191839948296547 0.170026764273643 0.13674707710743 0.126138493418694 0.132043182849884 0.143030345439911 0.156122341752052 0.160317361354828 0.162763461470604 0.150872349739075 0.137873694300652 0.119242556393147 0.105700798332691 0.110053576529026 0.114058293402195 0.117416620254517 0.119184322655201 0.119218990206718 0.14323328435421 0.182763546705246 0.191441103816032
0.196946248412132 0.195787534117699 0.2043147534132 0.215596631169319 0.216842725872993 0.217051789164543 0.216997399926186 0.216850817203522 0.216235309839249 0.211653858423233 0.197496205568314 0.190315127372742 0.192711919546127 0.186095297336578 0.172104105353355 0.158633232116699 0.145408794283867 0.141645044088364 0.140141755342484 0.145499333739281 0.153554871678352 0.194018632173538 0.220998674631119 0.191547974944115 0.171121180057526 0.169744551181793 0.155179977416992 0.124497048556805 0.117177687585354 0.126875996589661 0.140117302536964 0.154825866222382 0.156321480870247 0.155219748616219 0.143244475126266 0.130823627114296 0.117983542382717 0.107432253658772 0.104928471148014 0.100333951413631 0.0918567180633545 0.0857648700475693 0.0822719857096672 0.109100565314293 0.155548572540283 0.176151797175407
0.152090489864349 0.152656093239784 0.177613362669945 0.209507599473 0.211393296718597 0.210224315524101 0.209514304995537 0.208892241120338 0.208717525005341 0.205863192677498 0.196538597345352 0.195165902376175 0.204710051417351 0.205024406313896 0.197787180542946 0.182154878973961 0.162546008825302 0.153377145528793 0.146702736616135 0.16374883055687 0.182053580880165 0.194959729909897 0.196839734911919 0.152574226260185 0.124312900006771 0.129837617278099 0.134471639990807 0.138017043471336 0.146279484033585 0.157977744936943 0.167353972792625 0.175768554210663 0.17114731669426 0.163963541388512 0.150735303759575 0.137120261788368 0.121913440525532 0.109488390386105 0.106844186782837 0.101012550294399 0.0892614871263504 0.0822375565767288 0.0803639888763428 0.0975157842040062 0.126977905631065 0.155574634671211
0.138099104166031 0.138988077640533 0.165142774581909 0.198483034968376 0.204015016555786 0.206571400165558 0.205640435218811 0.203858226537704 0.197745829820633 0.192901372909546 0.191118523478508 0.196232959628105 0.210816487669945 0.214379012584686 0.208924487233162 0.195245176553726 0.17766997218132 0.170181021094322 0.165101990103722 0.181226834654808 0.196688607335091 0.181297942996025 0.163046330213547 0.13282136619091 0.115816906094551 0.126722007989883 0.13981269299984 0.155574634671211 0.167789086699486 0.177419602870941 0.183261439204216 0.187534242868423 0.180112034082413 0.170390874147415 0.156026259064674 0.141449883580208 0.126484811306 0.11386201530695 0.109474778175354 0.102969869971275 0.0925321951508522 0.086385503411293 0.0849139839410782 0.093020848929882 0.10732538998127 0.135251298546791
0.150099188089371 0.150131732225418 0.164656206965446 0.183302164077759 0.195012435317039 0.205591827630997 0.204805955290794 0.201287046074867 0.183865517377853 0.173900604248047 0.181940495967865 0.194113701581955 0.211961388587952 0.215670749545097 0.207812517881393 0.199551030993462 0.191098541021347 0.191255927085876 0.193470492959023 0.198055133223534 0.199648752808571 0.155338779091835 0.12113955616951 0.129254743456841 0.139584422111511 0.154589056968689 0.167090445756912 0.176532357931137 0.182905152440071 0.187042459845543 0.18962836265564 0.191571772098541 0.184140995144844 0.17486746609211 0.159464672207832 0.144123032689095 0.131596371531487 0.120187230408192 0.112707383930683 0.106004036962986 0.100742727518082 0.0969969406723976 0.094902366399765 0.0944963917136192 0.0951830223202705 0.115141712129116
0.168964833021164 0.169378817081451 0.176542088389397 0.185624852776527 0.195520028471947 0.205128043889999 0.204738304018974 0.20200988650322 0.187384992837906 0.179429844021797 0.187579482793808 0.197792053222656 0.210836723446846 0.213858291506767 0.208679229021072 0.190111830830574 0.165202677249908 0.163472071290016 0.167279586195946 0.167914494872093 0.166276305913925 0.134725823998451 0.113545194268227 0.135763376951218 0.155608877539635 0.170445412397385 0.180952519178391 0.186168164014816 0.189538717269897 0.191565304994583 0.192837208509445 0.193796589970589 0.187803149223328 0.180442944169044 0.164510130882263 0.148732274770737 0.137569412589073 0.126851007342339 0.117695368826389 0.110352553427219 0.106376357376575 0.103033229708672 0.100379839539528 0.0973886027932167 0.0941787660121918 0.103921391069889
0.191190287470818 0.192591458559036 0.194482684135437 0.196513265371323 0.200681611895561 0.204916685819626 0.205045908689499 0.204344719648361 0.199419409036636 0.19696332514286 0.200469464063644 0.204307571053505 0.208601415157318 0.210526749491692 0.21051424741745 0.1739462018013 0.120062597095966 0.111778184771538 0.114388942718506 0.114788666367531 0.115123771131039 0.116729147732258 0.122742310166359 0.147202536463737 0.167844086885452 0.180424109101295 0.188249379396439 0.190263390541077 0.192021176218987 0.193592354655266 0.194500595331192 0.195134297013283 0.191285789012909 0.186556190252304 0.170342043042183 0.154288977384567 0.143964037299156 0.13368047773838 0.123542383313179 0.115344278514385 0.110748939216137 0.106830574572086 0.103649809956551 0.100974090397358 0.0986251756548882 0.0970512181520462
0.202627673745155 0.204049050807953 0.204793035984039 0.205344378948212 0.206855803728104 0.208422377705574 0.208824470639229 0.208841308951378 0.206898435950279 0.205805689096451 0.206765681505203 0.20806460082531 0.209828794002533 0.210780069231987 0.211066260933876 0.170859158039093 0.111471273005009 0.108302086591721 0.118565432727337 0.121438808739185 0.124088861048222 0.130877688527107 0.140343695878983 0.16101399064064 0.177667260169983 0.185840263962746 0.19068418443203 0.191459283232689 0.192486315965652 0.193696841597557 0.194571942090988 0.195308163762093 0.193391993641853 0.190954446792603 0.181516796350479 0.172100558876991 0.165426015853882 0.156813606619835 0.141387522220612 0.129001870751381 0.122262679040432 0.116445541381836 0.111633025109768 0.107698678970337 0.10433254390955 0.101053461432457
