Ecospace-environmental-drivers/Outputs/ASCII-for-ecospace/MOM6-ISIMIP3a/o2-bot/1999-12_o2-bot_MOM6-ISIMIP3a.asc
NCOLS 131 
NROWS 53 
XLLCORNER -98 
YLLCORNER 23.9265270233154 
CELLSIZE 0.133587792515755 
NODATA_value -9999 
[rows 0 to 20 of 53, columns 46 to 91 of 131]
-9999 -9999 -9999 -9999 -9999 -9999 -9999 -9999 -9999 -9999 -9999 -9999 -9999 -9999 -9999 -9999 -9999 -9999 -9999 -9999 -9999 -9999 -9999 -9999 -9999 -9999 -9999 -9999 -9999 -9999 -9999 -9999 -9999 -9999 -9999 -9999 -9999 -9999 -9999 -9999 -9999 -9999 -9999 -9999 -9999 -9999
-9999 -9999 -9999 -9999 -9999 -9999 -9999 -9999 -9999 -9999 -9999 -9999 -9999 -9999 -9999 -9999 -9999 -9999 -9999 -9999 -9999 -9999 -9999 -9999 -9999 -9999 -9999 -9999 -9999 -9999 -9999 -9999 -9999 -9999 -9999 -9999 -9999 -9999 -9999 -9999 -9999 -9999 -9999 -9999 -9999 -9999
-9999 -9999 -9999 -9999 -9999 -9999 -9999 -9999 -9999 -9999 -9999 -9999 -9999 -9999 -9999 -9999 -9999 -9999 -9999 -9999 -9999 -9999 -9999 -9999 -9999 -9999 -9999 -9999 0.2469831854105 0.246763929724693 -9999 -9999 -9999 -9999 -9999 -9999 -9999 -9999 -9999 -9999 -9999 -9999 -9999 -9999 -9999 -9999
-9999 -9999 -9999 -9999 -9999 -9999 -9999 -9999 -9999 -9999 -9999 -9999 -9999 -9999 -9999 -9999 -9999 -9999 -9999 -9999 -9999 -9999 -9999 -9999 -9999 -9999 -9999 -9999 0.246995881199837 0.246885195374489 -9999 -9999 -9999 -9999 -9999 -9999 -9999 -9999 -9999 -9999 -9999 -9999 -9999 -9999 -9999 -9999
-9999 -9999 -9999 -9999 -9999 -9999 -9999 -9999 -9999 -9999 -9999 -9999 -9999 -9999 -9999 -9999 -9999 -9999 -9999 0.256233483552933 0.255858808755875 0.255559056997299 0.253810584545135 0.252279818058014 0.249677881598473 0.247969478368759 0.247201234102249 0.246955931186676 0.247048243880272 0.246983498334885 0.246623858809471 -9999 -9999 0.241339161992073 0.237513467669487 0.233312353491783 0.229985952377319 0.228493630886078 0.228381842374802 0.229592636227608 0.231289997696877 0.233513742685318 0.235726773738861 -9999 -9999 -9999
-9999 -9999 -9999 -9999 -9999 -9999 -9999 -9999 -9999 -9999 -9999 -9999 -9999 -9999 -9999 0.232817500829697 -9999 0.237614244222641 0.241633206605911 0.248893409967422 0.256233483552933 0.25578385591507 0.255559056997299 0.252062112092972 0.24921827018261 0.247753247618675 0.246936932206154 0.246913507580757 0.247017338871956 0.247213870286942 0.246719270944595 0.245938435196877 0.244216695427895 0.242309987545013 0.23749078810215 0.232739612460136 0.229706659913063 0.22751159965992 0.228262633085251 0.229371279478073 0.23114401102066 0.233354687690735 0.236042529344559 0.237783089280128 0.238910719752312 -9999
-9999 -9999 -9999 -9999 -9999 -9999 -9999 -9999 -9999 -9999 -9999 0.134543642401695 0.134387746453285 0.134244099259377 0.133777037262917 0.182976573705673 0.232308059930801 0.233326956629753 0.23788258433342 0.241633206605911 0.248813524842262 0.256233483552933 0.255559056997299 0.252062112092972 0.24921827018261 0.247753247618675 0.246936932206154 0.246913507580757 0.247017338871956 0.247213870286942 0.246719270944595 0.245938435196877 0.244216695427895 0.242309987545013 0.23749078810215 0.232739612460136 0.229706659913063 0.22751159965992 0.228262633085251 0.229371279478073 0.23114401102066 0.233354687690735 0.236042529344559 0.237783089280128 0.238910719752312 0.239208728075027
-9999 -9999 -9999 -9999 -9999 -9999 -9999 -9999 -9999 -9999 -9999 0.135379493236542 0.134543642401695 0.134231850504875 -9999 0.133142486214638 0.182148590683937 0.231289148330688 0.233326956629753 0.238687574863434 0.241633206605911 0.248573884367943 0.253331750631332 0.248954311013222 0.2452063113451 0.24278712272644 0.241478785872459 0.241528123617172 0.241679340600967 0.241904735565186 0.241316258907318 0.240390717983246 0.238227128982544 0.235820159316063 0.232075363397598 0.228287905454636 0.224567651748657 0.221800208091736 0.222382962703705 0.223688885569572 0.226337864995003 0.229002326726913 0.231683656573296 0.233346402645111 0.234350100159645 0.23519329726696
-9999 -9999 -9999 -9999 -9999 -9999 -9999 -9999 -9999 -9999 -9999 -9999 -9999 -9999 -9999 0.133406683802605 0.132100746035576 0.180619433522224 0.229251340031624 0.233326956629753 0.241102561354637 0.247033044695854 0.250792980194092 0.245468944311142 0.240746140480042 0.237292557954788 0.235453084111214 0.23558634519577 0.235788121819496 0.236039817333221 0.235341995954514 0.234250947833061 0.231617599725723 0.228681057691574 0.226123258471489 0.223357558250427 0.218424007296562 0.214734271168709 0.215417832136154 0.217175394296646 0.220927536487579 0.22417676448822 0.226878046989441 0.228482782840729 0.229377970099449 0.232137471437454
0.254748821258545 0.254869222640991 -9999 -9999 -9999 -9999 -9999 -9999 -9999 -9999 -9999 0.20073738694191 0.136236235499382 -9999 -9999 -9999 0.132379919290543 0.13062584400177 0.177513107657433 0.225175723433495 0.225197359919548 0.237306773662567 0.246079370379448 0.240887016057968 0.236203134059906 0.232592687010765 0.230751514434814 0.23107273876667 0.23125496506691 0.231335937976837 0.23035791516304 0.228941306471825 0.226558297872543 0.223985329270363 0.222383111715317 0.218971714377403 0.19753560423851 0.183186993002892 0.193758338689804 0.203871041536331 0.213132008910179 0.219705760478973 0.223351702094078 0.225864827632904 0.227644979953766 0.230492725968361
0.254915982484818 0.254822492599487 0.254815578460693 -9999 -9999 -9999 -9999 -9999 -9999 -9999 -9999 0.232471898198128 0.19149549305439 0.136236235499382 -9999 -9999 0.132049292325974 0.13054683804512 0.129281386733055 0.169234618544579 0.210371062159538 0.227514445781708 0.24044132232666 0.235721707344055 0.231278643012047 0.227419376373291 0.225487500429153 0.225911289453506 0.226150751113892 0.22625595331192 0.225203946232796 0.223672688007355 0.221694618463516 0.219628736376762 0.216058433055878 0.209535717964172 0.174715667963028 0.151712357997894 0.170257225632668 0.187315419316292 0.201612681150436 0.212270483374596 0.218962982296944 0.223191902041435 0.225826770067215 0.228734612464905
0.254915982484818 0.254822492599487 0.254801779985428 0.253931790590286 0.253183424472809 -9999 -9999 -9999 -9999 -9999 -9999 -9999 0.217958778142929 0.176526874303818 0.136236235499382 0.134543642401695 0.132049292325974 0.13054683804512 0.129281386733055 0.164750576019287 0.201331824064255 0.217367768287659 0.22984479367733 0.227427318692207 0.224307909607887 0.219706624746323 0.217206671833992 0.217274993658066 0.217983588576317 0.219158560037613 0.219138741493225 0.218624114990234 0.217880204319954 0.217091232538223 0.195870816707611 0.173011645674706 0.141535386443138 0.120627410709858 0.136878058314323 0.153320580720901 0.170119434595108 0.188935294747353 0.209948733448982 0.220224112272263 0.22355143725872 0.226368397474289
0.254412084817886 0.254444479942322 0.254098176956177 0.253644168376923 0.25318306684494 -9999 -9999 -9999 -9999 0.249496951699257 0.24572941660881 0.237364128232002 0.222686782479286 0.193825408816338 0.153359085321426 0.139084473252296 0.137216329574585 0.136178061366081 0.135338068008423 0.164588093757629 0.19483008980751 0.209423303604126 0.220601037144661 0.217484578490257 0.212941974401474 0.205388680100441 0.199472576379776 0.195557475090027 0.195763096213341 0.198970168828964 0.201511472463608 0.20377704501152 0.20485545694828 0.205700516700745 0.174676358699799 0.143021002411842 0.11672892421484 0.0990003943443298 0.111381746828556 0.124954149127007 0.140738472342491 0.16168586909771 0.188258647918701 0.203889220952988 0.212439656257629 0.218902558088303
0.252648413181305 0.253121495246887 0.253382563591003 0.253583341836929 0.25318306684494 0.252723008394241 0.252310335636139 0.251845628023148 0.251116156578064 0.249496951699257 0.24572941660881 0.237364128232002 0.222686782479286 0.198059245944023 0.165290743112564 0.154977664351463 0.155301198363304 0.155887588858604 0.156536787748337 0.17522968351841 0.194672271609306 0.206984505057335 0.214739307761192 0.203420832753181 0.190587803721428 0.174557387828827 0.158104807138443 0.1411362439394 0.138408541679382 0.146053642034531 0.154978439211845 0.164433196187019 0.16880439221859 0.172176286578178 0.15096478164196 0.129364281892776 0.112857468426228 0.101018689572811 0.105592973530293 0.110659003257751 0.116638250648975 0.124650672078133 0.134878322482109 0.154135897755623 0.179236277937889 0.198687434196472
0.248050093650818 0.248805373907089 0.250229805707932 0.251844525337219 0.251871466636658 0.251720726490021 0.251160383224487 0.250503689050674 0.249356865882874 0.247030839323997 0.241857498884201 0.233858779072762 0.221981182694435 0.203800693154335 0.180463343858719 0.172899350523949 0.172806829214096 0.173549890518188 0.174492582678795 0.184979155659676 0.195756420493126 0.201221823692322 0.201477989554405 0.17993301153183 0.160861700773239 0.147012487053871 0.132218256592751 0.116269007325172 0.11628346145153 0.127925649285316 0.139839932322502 0.151866912841797 0.154940545558929 0.156254172325134 0.139930441975594 0.123483709990978 0.112216010689735 0.103370033204556 0.103038936853409 0.102839358150959 0.102884031832218 0.103367149829865 0.104327976703644 0.122254684567451 0.151159137487411 0.174563214182854
0.239444121718407 0.240257546305656 0.243631333112717 0.247733309864998 0.248705521225929 0.249301344156265 0.248384565114975 0.247264489531517 0.245110273361206 0.241078093647957 0.232511401176453 0.225397482514381 0.220278009772301 0.211673647165298 0.200218051671982 0.193688988685608 0.189493522047997 0.188317745923996 0.18786346912384 0.193467319011688 0.198596522212029 0.190759807825089 0.177755013108253 0.143121257424355 0.120713040232658 0.124113939702511 0.128219321370125 0.133185714483261 0.14396645128727 0.158982262015343 0.169087544083595 0.177159190177917 0.172445371747017 0.165218248963356 0.146819427609444 0.128597170114517 0.116141177713871 0.106192238628864 0.105058223009109 0.104174911975861 0.103757157921791 0.104353614151478 0.106055073440075 0.115641370415688 0.130329519510269 0.144912242889404
0.230294749140739 0.230681911110878 0.234222114086151 0.238659024238586 0.241714343428612 0.244488939642906 0.24350269138813 0.242018043994904 0.237998083233833 0.232540935277939 0.223613545298576 0.218251928687096 0.217785656452179 0.214278668165207 0.208283871412277 0.199366018176079 0.18906357884407 0.187094122171402 0.187115684151649 0.188775569200516 0.189215019345284 0.170253083109856 0.150335595011711 0.126418963074684 0.114501163363457 0.12791383266449 0.141061052680016 0.153883844614029 0.166619554162025 0.179291844367981 0.186121493577957 0.190531507134438 0.182115897536278 0.171179100871086 0.151771828532219 0.132774025201797 0.120840564370155 0.110859446227551 0.107742846012115 0.105591259896755 0.105231814086437 0.106099151074886 0.108303107321262 0.112640969455242 0.118359573185444 0.127388432621956
0.220687761902809 0.220240756869316 0.222445875406265 0.225405275821686 0.231501877307892 0.237661316990852 0.236847266554832 0.235081255435944 0.228472754359245 0.221827417612076 0.215093150734901 0.212214395403862 0.214628726243973 0.212447494268417 0.206506282091141 0.192316442728043 0.174219399690628 0.172403767704964 0.174478307366371 0.172984778881073 0.169541493058205 0.14128752052784 0.119803316891193 0.126651242375374 0.136868089437485 0.154196992516518 0.168084651231766 0.177766397595406 0.185036927461624 0.190551161766052 0.192870110273361 0.193865776062012 0.18518902361393 0.174610882997513 0.155093386769295 0.136162146925926 0.126191943883896 0.117080360651016 0.11098774522543 0.107075653970242 0.107213027775288 0.108483918011189 0.110989816486835 0.112683072686195 0.113850504159927 0.12007712572813
0.217373058199883 0.216768503189087 0.217912420630455 0.219553619623184 0.224419727921486 0.229408442974091 0.228795349597931 0.22744382917881 0.222336038947105 0.217358946800232 0.212697461247444 0.210654139518738 0.212205216288567 0.210132911801338 0.205096080899239 0.181199669837952 0.148369863629341 0.144463106989861 0.147467046976089 0.145915895700455 0.143042907118797 0.125485390424728 0.11510743200779 0.134776666760445 0.153559952974319 0.170472994446754 0.182481944561005 0.188497096300125 0.192423433065414 0.194828286767006 0.195200935006142 0.194731965661049 0.188535109162331 0.181212291121483 0.161684647202492 0.142703220248222 0.133472919464111 0.124477475881577 0.116307891905308 0.110646031796932 0.109641313552856 0.109833687543869 0.111330337822437 0.11239992082119 0.113193154335022 0.116755232214928
0.217137590050697 0.216706603765488 0.216923370957375 0.21732434630394 0.218869462609291 0.22045810520649 0.220060020685196 0.219463527202606 0.217857629060745 0.215946644544601 0.21329902112484 0.211284935474396 0.210140600800514 0.207581788301468 0.20386566221714 0.168092519044876 0.117134653031826 0.110038161277771 0.113421626389027 0.113327845931053 0.113204337656498 0.116125039756298 0.123055100440979 0.146764740347862 0.167474612593651 0.181851774454117 0.19070029258728 0.192791670560837 0.194411754608154 0.195688545703888 0.195369824767113 0.194390341639519 0.192014783620834 0.189364805817604 0.169876009225845 0.150787264108658 0.14169816672802 0.132450193166733 0.12264358997345 0.115237228572369 0.112288378179073 0.110676951706409 0.110522702336311 0.111957587301731 0.114420719444752 0.115385644137859
0.213093191385269 0.212522655725479 0.212430402636528 0.212474152445793 0.213009551167488 0.213571816682816 0.213501125574112 0.21336242556572 0.212877795100212 0.212077513337135 0.210515096783638 0.209230959415436 0.208328872919083 0.203305616974831 0.194910556077957 0.159118786454201 0.11034981906414 0.109815023839474 0.120805002748966 0.123447902500629 0.125772282481194 0.131806924939156 0.140616178512573 0.161037519574165 0.177654936909676 0.186242014169693 0.191647425293922 0.193164229393005 0.194519951939583 0.19575834274292 0.195476278662682 0.194564566016197 0.193648055195808 0.192730590701103 0.181628823280334 0.170624569058418 0.164257243275642 0.155915841460228 0.140633508563042 0.128654614090919 0.122810550034046 0.11841681599617 0.115603260695934 0.114225372672081 0.113776415586472 0.1132782548666
