Ecospace-environmental-drivers/Outputs/ASCII-for-ecospace/MOM6-ISIMIP3a/o2-bot/1999-11_o2-bot_MOM6-ISIMIP3a.asc
NCOLS 131 
NROWS 53 
XLLCORNER -98 
YLLCORNER 23.9265270233154 
CELLSIZE 0.133587792515755 
NODATA_value -9999 
[rows 0 to 20 of 53, columns 46 to 91 of 131]
-9999 -9999 -9999 -9999 -9999 -9999 -9999 -9999 -9999 -9999 -9999 -9999 -9999 -9999 -9999 -9999 -9999 -9999 -9999 -9999 -9999 -9999 -9999 -9999 -9999 -9999 -9999 -9999 -9999 -9999 -9999 -9999 -9999 -9999 -9999 -9999 -9999 -9999 -9999 -9999 -9999 -9999 -9999 -9999 -9999 -9999
-9999 -9999 -9999 -9999 -9999 -9999 -9999 -9999 -9999 -9999 -9999 -9999 -9999 -9999 -9999 -9999 -9999 -9999 -9999 -9999 -9999 -9999 -9999 -9999 -9999 -9999 -9999 -9999 -9999 -9999 -9999 -9999 -9999 -9999 -9999 -9999 -9999 -9999 -9999 -9999 -9999 -9999 -9999 -9999 -9999 -9999
-9999 -9999 -9999 -9999 -9999 -9999 -9999 -9999 -9999 -9999 -9999 -9999 -9999 -9999 -9999 -9999 -9999 -9999 -9999 -9999 -9999 -9999 -9999 -9999 -9999 -9999 -9999 -9999 0.231695473194122 0.23159883916378 -9999 -9999 -9999 -9999 -9999 -9999 -9999 -9999 -9999 -9999 -9999 -9999 -9999 -9999 -9999 -9999
-9999 -9999 -9999 -9999 -9999 -9999 -9999 -9999 -9999 -9999 -9999 -9999 -9999 -9999 -9999 -9999 -9999 -9999 -9999 -9999 -9999 -9999 -9999 -9999 -9999 -9999 -9999 -9999 0.231696248054504 0.231684073805809 -9999 -9999 -9999 -9999 -9999 -9999 -9999 -9999 -9999 -9999 -9999 -9999 -9999 -9999 -9999 -9999
-9999 -9999 -9999 -9999 -9999 -9999 -9999 -9999 -9999 -9999 -9999 -9999 -9999 -9999 -9999 -9999 -9999 -9999 -9999 0.239325597882271 0.238999202847481 0.23873807489872 0.237214893102646 0.235902473330498 0.233722612261772 0.232355609536171 0.231782764196396 0.231611758470535 0.231723815202713 0.231753170490265 0.231575235724449 -9999 -9999 0.22789403796196 0.225111722946167 0.222143143415451 0.219850987195969 0.218635454773903 0.218105405569077 0.218394234776497 0.219272702932358 0.220818847417831 0.222464382648468 -9999 -9999 -9999
-9999 -9999 -9999 -9999 -9999 -9999 -9999 -9999 -9999 -9999 -9999 -9999 -9999 -9999 -9999 0.228080928325653 -9999 0.230800598859787 0.233075872063637 0.236145943403244 0.239325597882271 0.238933920860291 0.23873807489872 0.235691696405411 0.233277648687363 0.232198476791382 0.23159071803093 0.231559112668037 0.2316854596138 0.231926873326302 0.231647178530693 0.231151655316353 0.229961723089218 0.228635296225548 0.225085079669952 0.22161477804184 0.219729572534561 0.218208596110344 0.217968180775642 0.218139424920082 0.219075098633766 0.220603570342064 0.222777888178825 0.224011674523354 0.224636912345886 -9999
-9999 -9999 -9999 -9999 -9999 -9999 -9999 -9999 -9999 -9999 -9999 0.16392694413662 0.163374587893486 0.162729471921921 0.160361438989639 0.192824468016624 0.227787181735039 0.228374674916267 0.230951264500618 0.233075872063637 0.236036345362663 0.239325597882271 0.23873807489872 0.235691696405411 0.233277648687363 0.232198476791382 0.23159071803093 0.231559112668037 0.2316854596138 0.231926873326302 0.231647178530693 0.231151655316353 0.229961723089218 0.228635296225548 0.225085079669952 0.22161477804184 0.219729572534561 0.218208596110344 0.217968180775642 0.218139424920082 0.219075098633766 0.220603570342064 0.222777888178825 0.224011674523354 0.224636912345886 0.224802151322365
-9999 -9999 -9999 -9999 -9999 -9999 -9999 -9999 -9999 -9999 -9999 0.166888475418091 0.16392694413662 0.162822216749191 -9999 0.156822845339775 0.189698353409767 0.227199703454971 0.228374674916267 0.23140324652195 0.233075872063637 0.235707551240921 0.237079411745071 0.233178734779358 0.229912310838699 0.227984845638275 0.2269307076931 0.226943969726562 0.227036863565445 0.227187797427177 0.226719900965691 0.225995734333992 0.224123984575272 0.222026646137238 0.220112338662148 0.218101605772972 0.215082570910454 0.21114444732666 0.203974813222885 0.202324956655502 0.210925951600075 0.216785535216331 0.219658225774765 0.22126492857933 0.222052484750748 0.221665024757385
-9999 -9999 -9999 -9999 -9999 -9999 -9999 -9999 -9999 -9999 -9999 -9999 -9999 -9999 -9999 0.158673301339149 0.150077730417252 0.184166342020035 0.226024717092514 0.228374674916267 0.232759207487106 0.234642148017883 0.235231533646584 0.230407252907753 0.226214930415154 0.223356679081917 0.221812769770622 0.221875265240669 0.221924901008606 0.221965193748474 0.221281215548515 0.220297291874886 0.217722028493881 0.214833945035934 0.214640110731125 0.214117720723152 0.209411010146141 0.202556073665619 0.188147857785225 0.184623777866364 0.201312780380249 0.211963534355164 0.216035410761833 0.218241751194 0.219240993261337 0.220001250505447
0.236177787184715 0.236435294151306 -9999 -9999 -9999 -9999 -9999 -9999 -9999 -9999 -9999 0.203376367688179 0.169924035668373 -9999 -9999 -9999 0.152584910392761 0.138140246272087 0.175707161426544 0.223674774169922 0.22361347079277 0.229448139667511 0.233217090368271 0.228340789675713 0.223942503333092 0.220553383231163 0.218730375170708 0.218821510672569 0.218620911240578 0.218207806348801 0.217069759964943 0.215631484985352 0.214191809296608 0.212751850485802 0.210972100496292 0.207401424646378 0.186458468437195 0.168827995657921 0.162844404578209 0.162520319223404 0.172706514596939 0.187427952885628 0.207090690732002 0.21619738638401 0.218473836779594 0.220037236809731
0.236327528953552 0.236543044447899 0.236558958888054 -9999 -9999 -9999 -9999 -9999 -9999 -9999 -9999 0.219257578253746 0.196643024682999 0.169924035668373 -9999 -9999 0.155089169740677 0.138738602399826 0.12059298157692 0.167154759168625 0.215457320213318 0.224395900964737 0.230684220790863 0.225880846381187 0.221386298537254 0.217543661594391 0.215173900127411 0.214604273438454 0.213989764451981 0.213342547416687 0.212068155407906 0.210534036159515 0.210247799754143 0.210206881165504 0.205171912908554 0.197278812527657 0.16327178478241 0.137280851602554 0.139474958181381 0.142622724175453 0.147541537880898 0.165540784597397 0.197791635990143 0.213081806898117 0.217397645115852 0.219868496060371
0.236327528953552 0.236543044447899 0.236590772867203 0.236869752407074 0.237517192959785 -9999 -9999 -9999 -9999 -9999 -9999 -9999 0.208606153726578 0.187654569745064 0.169924035668373 0.16392694413662 0.155089169740677 0.138738602399826 0.12059298157692 0.165777012705803 0.21260903775692 0.220104113221169 0.225370645523071 0.221310496330261 0.217307880520821 0.213426768779755 0.209074482321739 0.204146325588226 0.202240064740181 0.202534914016724 0.202828377485275 0.20312125980854 0.20408433675766 0.205179169774055 0.187935218214989 0.168885424733162 0.138829246163368 0.117431826889515 0.126479119062424 0.134557083249092 0.140834882855415 0.15785913169384 0.186591997742653 0.204220443964005 0.214663803577423 0.21860159933567
0.235874980688095 0.236134126782417 0.23649263381958 0.236879408359528 0.237516179680824 -9999 -9999 -9999 -9999 0.234830245375633 0.229765862226486 0.221741750836372 0.209654346108437 0.194422349333763 0.176617547869682 0.165656015276909 0.157936006784439 0.143816366791725 0.128167659044266 0.168326258659363 0.209902375936508 0.216308802366257 0.220088824629784 0.212877169251442 0.206391528248787 0.201438590884209 0.193915188312531 0.183250114321709 0.180079519748688 0.182367786765099 0.185465976595879 0.188899576663971 0.191878020763397 0.194766983389854 0.170112475752831 0.144530430436134 0.119851909577847 0.103278264403343 0.115201808512211 0.125080093741417 0.131160110235214 0.144962757825851 0.167179480195045 0.185318887233734 0.200820058584213 0.207429051399231
0.234291031956673 0.234702885150909 0.23567658662796 0.236810073256493 0.237516179680824 0.238155990839005 0.238187283277512 0.238046631217003 0.237031355500221 0.234830245375633 0.229765862226486 0.221741750836372 0.209654346108437 0.195420742034912 0.179431214928627 0.171707883477211 0.167900070548058 0.161588832736015 0.15467943251133 0.180693179368973 0.207549810409546 0.213754683732986 0.214886367321014 0.194786220788956 0.178379952907562 0.169771760702133 0.156105652451515 0.136257708072662 0.131891295313835 0.138801380991936 0.147796586155891 0.157655298709869 0.164564222097397 0.170893296599388 0.150824576616287 0.13027161359787 0.114537872374058 0.103363655507565 0.108220942318439 0.112074710428715 0.114064827561378 0.119029261171818 0.127234309911728 0.141316324472427 0.159200981259346 0.171491861343384
0.227322548627853 0.226972982287407 0.229774802923203 0.233472883701324 0.234939470887184 0.23612941801548 0.23601721227169 0.235732093453407 0.234567418694496 0.231778517365456 0.225067749619484 0.21768257021904 0.209371507167816 0.198939338326454 0.186771735548973 0.181132972240448 0.178586781024933 0.176339745521545 0.174164190888405 0.188888058066368 0.203801929950714 0.204583749175072 0.199558287858963 0.170228853821754 0.148414775729179 0.142466247081757 0.132042914628983 0.116150476038456 0.115761280059814 0.126664400100708 0.138234183192253 0.150080054998398 0.155435591936111 0.159515291452408 0.141824662685394 0.12402617931366 0.113050043582916 0.104587398469448 0.104962326586246 0.104988895356655 0.104368537664413 0.104225754737854 0.104603305459023 0.115082696080208 0.132098451256752 0.146173626184464
0.212741330265999 0.210337921977043 0.216682747006416 0.22551554441452 0.228719770908356 0.23123762011528 0.230779051780701 0.23014523088932 0.228619948029518 0.224412202835083 0.213727355003357 0.207884430885315 0.20868881046772 0.206021025776863 0.200512409210205 0.195327192544937 0.190295174717903 0.186818778514862 0.18371407687664 0.19118444621563 0.198081359267235 0.186057835817337 0.169914469122887 0.136529162526131 0.115687571465969 0.121326796710491 0.127415627241135 0.134053960442543 0.144955709576607 0.158962860703468 0.168409928679466 0.175968512892723 0.172017470002174 0.165803909301758 0.147370040416718 0.129110231995583 0.116971775889397 0.107420571148396 0.10696629434824 0.106272280216217 0.105133056640625 0.105158001184464 0.106451354920864 0.113971121609211 0.125519677996635 0.135868668556213
0.194146022200584 0.189975410699844 0.19664241373539 0.206391647458076 0.215316563844681 0.223835155367851 0.223661556839943 0.222610116004944 0.217093154788017 0.21088245511055 0.202996671199799 0.200991287827492 0.207058966159821 0.208276867866516 0.205526828765869 0.197242215275764 0.186336010694504 0.182704612612724 0.180811405181885 0.184190258383751 0.186282619833946 0.164378926157951 0.142826154828072 0.122742041945457 0.113401867449284 0.126742988824844 0.140523791313171 0.154842004179955 0.167724296450615 0.179560676217079 0.18582321703434 0.189777463674545 0.18174210190773 0.171349853277206 0.152249678969383 0.133560448884964 0.122036024928093 0.11237420886755 0.109261430799961 0.10698951035738 0.106279149651527 0.107021011412144 0.109345123171806 0.11399120092392 0.120139695703983 0.127579212188721
0.172170370817184 0.166473925113678 0.170750841498375 0.177864193916321 0.195863991975784 0.21431839466095 0.21496145427227 0.213434353470802 0.200867921113968 0.192162379622459 0.192779406905174 0.196544513106346 0.204631507396698 0.206468790769577 0.203192725777626 0.188816711306572 0.169182911515236 0.166301220655441 0.167422190308571 0.169372290372849 0.169365346431732 0.140044808387756 0.117889873683453 0.12572368979454 0.136751517653465 0.154522180557251 0.168567344546318 0.178059190511703 0.185081541538239 0.190305143594742 0.192489013075829 0.193414032459259 0.185692116618156 0.176270395517349 0.156568691134453 0.137476906180382 0.128062412142754 0.119113527238369 0.111801765859127 0.107229962944984 0.107746571302414 0.109667837619781 0.113119527697563 0.114964284002781 0.115769267082214 0.12098703533411
0.172229543328285 0.168095707893372 0.169928580522537 0.173458382487297 0.188538789749146 0.204255223274231 0.205222740769386 0.204548135399818 0.195520237088203 0.190160840749741 0.193659409880638 0.19807904958725 0.203763201832771 0.203391462564468 0.198064967989922 0.175128057599068 0.143849492073059 0.140055432915688 0.142828345298767 0.143891230225563 0.143620401620865 0.125647574663162 0.114937767386436 0.134624421596527 0.15349580347538 0.170646101236343 0.182564377784729 0.188088044524193 0.191886231303215 0.194427624344826 0.194924578070641 0.194574877619743 0.188834607601166 0.182034686207771 0.162452325224876 0.143448367714882 0.13471919298172 0.125851705670357 0.116497926414013 0.110174402594566 0.109478421509266 0.110472664237022 0.113308474421501 0.114638291299343 0.114993654191494 0.1177718937397
0.183071911334991 0.182012051343918 0.181374475359917 0.180857017636299 0.187148377299309 0.193924635648727 0.194975778460503 0.195803642272949 0.19549572467804 0.19634085893631 0.199970096349716 0.202540695667267 0.203657910227776 0.199693024158478 0.191570088267326 0.15886378288269 0.114512868225574 0.108993045985699 0.11275127530098 0.113191939890385 0.113555453717709 0.116113156080246 0.12274406850338 0.146421775221825 0.167007625102997 0.181066304445267 0.189687475562096 0.191662892699242 0.193526819348335 0.195309519767761 0.195290014147758 0.194524154067039 0.191581934690475 0.188211888074875 0.169101640582085 0.150425508618355 0.141684472560883 0.132589340209961 0.122249081730843 0.114442095160484 0.111339658498764 0.110376067459583 0.111742809414864 0.113676577806473 0.115977235138416 0.116209357976913
0.182300552725792 0.181647092103958 0.180718556046486 0.179711788892746 0.183288365602493 0.187274441123009 0.189649760723114 0.191872403025627 0.193318441510201 0.194799780845642 0.196366399526596 0.197549268603325 0.198205307126045 0.19342115521431 0.184185966849327 0.151890575885773 0.108672045171261 0.109504222869873 0.120861582458019 0.123666919767857 0.126111760735512 0.131860852241516 0.140395164489746 0.160585910081863 0.177035197615623 0.18558594584465 0.190913930535316 0.192303046584129 0.193811863660812 0.195407882332802 0.19538950920105 0.194702565670013 0.19333179295063 0.191826611757278 0.181008785963058 0.170302912592888 0.164059519767761 0.155824989080429 0.140589475631714 0.128610819578171 0.12268054485321 0.118540197610855 0.116350024938583 0.11524922400713 0.114853285253048 0.114097341895103
