Ecospace-environmental-drivers/Outputs/ASCII-for-ecospace/MOM6-ISIMIP3a/o2-bot/1999-02_o2-bot_MOM6-ISIMIP3a.asc
NCOLS 131 
NROWS 53 
XLLCORNER -98 
YLLCORNER 23.9265270233154 
CELLSIZE 0.133587792515755 
NODATA_value -9999 
[rows 0 to 20 of 53, columns 46 to 91 of 131]
-9999 -9999 -9999 -9999 -9999 -9999 -9999 -9999 -9999 -9999 -9999 -9999 -9999 -9999 -9999 -9999 -9999 -9999 -9999 -9999 -9999 -9999 -9999 -9999 -9999 -9999 -9999 -9999 -9999 -9999 -9999 -9999 -9999 -9999 -9999 -9999 -9999 -9999 -9999 -9999 -9999 -9999 -9999 -9999 -9999 -9999
-9999 -9999 -9999 -9999 -9999 -9999 -9999 -9999 -9999 -9999 -9999 -9999 -9999 -9999 -9999 -9999 -9999 -9999 -9999 -9999 -9999 -9999 -9999 -9999 -9999 -9999 -9999 -9999 -9999 -9999 -9999 -9999 -9999 -9999 -9999 -9999 -9999 -9999 -9999 -9999 -9999 -9999 -9999 -9999 -9999 -9999
-9999 -9999 -9999 -9999 -9999 -9999 -9999 -9999 -9999 -9999 -9999 -9999 -9999 -9999 -9999 -9999 -9999 -9999 -9999 -9999 -9999 -9999 -9999 -9999 -9999 -9999 -9999 -9999 0.245918452739716 0.248903870582581 -9999 -9999 -9999 -9999 -9999 -9999 -9999 -9999 -9999 -9999 -9999 -9999 -9999 -9999 -9999 -9999
-9999 -9999 -9999 -9999 -9999 -9999 -9999 -9999 -9999 -9999 -9999 -9999 -9999 -9999 -9999 -9999 -9999 -9999 -9999 -9999 -9999 -9999 -9999 -9999 -9999 -9999 -9999 -9999 0.246348097920418 0.249478712677956 -9999 -9999 -9999 -9999 -9999 -9999 -9999 -9999 -9999 -9999 -9999 -9999 -9999 -9999 -9999 -9999
-9999 -9999 -9999 -9999 -9999 -9999 -9999 -9999 -9999 -9999 -9999 -9999 -9999 -9999 -9999 -9999 -9999 -9999 -9999 0.241259381175041 0.240358859300613 0.239638447761536 0.235436111688614 0.232602998614311 0.229827284812927 0.231568679213524 0.236772507429123 0.242088556289673 0.246924623847008 0.250031113624573 0.251480400562286 -9999 -9999 0.248534232378006 0.247418329119682 0.244417831301689 0.23872110247612 0.229467257857323 0.220186844468117 0.213676393032074 0.2131737023592 0.219702392816544 0.229143470525742 -9999 -9999 -9999
-9999 -9999 -9999 -9999 -9999 -9999 -9999 -9999 -9999 -9999 -9999 -9999 -9999 -9999 -9999 0.156202286481857 -9999 0.168578043580055 0.17898915708065 0.21027672290802 0.241259381175041 0.240178763866425 0.239638447761536 0.231233775615692 0.226936757564545 0.231311321258545 0.236457958817482 0.242548242211342 0.247259452939034 0.250966191291809 0.251867651939392 0.25160738825798 0.249953523278236 0.248025730252266 0.247623458504677 0.246605783700943 0.239024266600609 0.230533242225647 0.218844249844551 0.211183041334152 0.21100190281868 0.217336148023605 0.230769127607346 0.239325135946274 0.244725525379181 -9999
-9999 -9999 -9999 -9999 -9999 -9999 -9999 -9999 -9999 -9999 -9999 0.0942373499274254 0.0933803766965866 0.092344157397747 0.088485024869442 0.119888193905354 0.154942452907562 0.157462120056152 0.169282853603363 0.17898915708065 0.21058164536953 0.241259381175041 0.239638447761536 0.231233775615692 0.226936757564545 0.231311321258545 0.236457958817482 0.242548242211342 0.247259452939034 0.250966191291809 0.251867651939392 0.25160738825798 0.249953523278236 0.248025730252266 0.247623458504677 0.246605783700943 0.239024266600609 0.230533242225647 0.218844249844551 0.211183041334152 0.21100190281868 0.217336148023605 0.230769127607346 0.239325135946274 0.244725525379181 0.246152743697166
-9999 -9999 -9999 -9999 -9999 -9999 -9999 -9999 -9999 -9999 -9999 0.0988320633769035 0.0942373499274254 0.0925234034657478 -9999 0.0826599597930908 0.114104703068733 0.152422800660133 0.157462120056152 0.171397283673286 0.17898915708065 0.211496382951736 0.23645344376564 0.229812294244766 0.223538801074028 0.218041449785233 0.217390730977058 0.22266361117363 0.226656660437584 0.229717493057251 0.231971621513367 0.233891651034355 0.230962246656418 0.227079570293427 0.229204118251801 0.230845168232918 0.225589722394943 0.220007315278053 0.21327531337738 0.208915501832962 0.208961084485054 0.213816940784454 0.223913744091988 0.229149162769318 0.231239005923271 0.236685991287231
-9999 -9999 -9999 -9999 -9999 -9999 -9999 -9999 -9999 -9999 -9999 -9999 -9999 -9999 -9999 0.0857683271169662 0.0714020952582359 0.10346819460392 0.147383481264114 0.157462120056152 0.177740573883057 0.208740472793579 0.23287233710289 0.228260830044746 0.219965249300003 0.203892275691032 0.196955263614655 0.201184257864952 0.204341948032379 0.20671933889389 0.21041513979435 0.214656949043274 0.210442572832108 0.204565912485123 0.209316670894623 0.213702112436295 0.210674077272415 0.208061680197716 0.206910610198975 0.206289455294609 0.206652402877808 0.209928214550018 0.216377660632133 0.218061298131943 0.21666119992733 0.227206140756607
0.254496783018112 0.254573404788971 -9999 -9999 -9999 -9999 -9999 -9999 -9999 -9999 -9999 0.190452992916107 0.103541649878025 -9999 -9999 -9999 0.0756860598921776 0.0511386469006538 0.0856706723570824 0.137304827570915 0.13860946893692 0.188016176223755 0.227856397628784 0.227659896016121 0.223259225487709 0.209983244538307 0.202039018273354 0.200611278414726 0.201662451028824 0.204519212245941 0.207573011517525 0.210708409547806 0.209708586335182 0.207895874977112 0.209104642271996 0.209100648760796 0.196156471967697 0.187610283493996 0.194527640938759 0.200040891766548 0.202946603298187 0.206771403551102 0.211597576737404 0.214415088295937 0.215932920575142 0.224666193127632
0.25436344742775 0.254783391952515 0.254814386367798 -9999 -9999 -9999 -9999 -9999 -9999 -9999 -9999 0.233612775802612 0.181167617440224 0.103541649878025 -9999 -9999 0.0805258005857468 0.05229502171278 0.0205951128154993 0.0606962665915489 0.106939114630222 0.1707793623209 0.223085060715675 0.227117568254471 0.226041719317436 0.21418172121048 0.205247789621353 0.199890077114105 0.199491575360298 0.202705293893814 0.205105915665627 0.207169786095619 0.208805203437805 0.210356399416924 0.206960290670395 0.201592475175858 0.178753182291985 0.164182037115097 0.178682163357735 0.190302893519402 0.196576312184334 0.202255770564079 0.20728811621666 0.211864098906517 0.216144800186157 0.222951248288155
0.25436344742775 0.254783391952515 0.254876375198364 0.254317909479141 0.254524171352386 -9999 -9999 -9999 -9999 -9999 -9999 -9999 0.219774484634399 0.164354711771011 0.103541649878025 0.0942373499274254 0.0805258005857468 0.05229502171278 0.0205951128154993 0.0650912076234818 0.115286767482758 0.172248646616936 0.219625756144524 0.22688964009285 0.226080656051636 0.208229184150696 0.198399409651756 0.198373824357986 0.200048953294754 0.202962890267372 0.204650387167931 0.205829963088036 0.206993296742439 0.208153441548347 0.194451451301575 0.17849326133728 0.145871564745903 0.124786451458931 0.144264489412308 0.1618482619524 0.175914153456688 0.190451696515083 0.205503135919571 0.215187609195709 0.221399426460266 0.225661501288414
0.253767818212509 0.254171699285507 0.254068166017532 0.253820329904556 0.25450673699379 -9999 -9999 -9999 -9999 0.250685304403305 0.244251161813736 0.237256228923798 0.229491397738457 0.192575842142105 0.131809949874878 0.103968374431133 0.0917223319411278 0.0657913908362389 0.0365906655788422 0.0798984840512276 0.128229439258575 0.177170008420944 0.21732634305954 0.22071972489357 0.21699433028698 0.198240622878075 0.186878457665443 0.184550255537033 0.185835316777229 0.189752236008644 0.193007290363312 0.19598825275898 0.196908682584763 0.197424054145813 0.178551092743874 0.15743887424469 0.121465787291527 0.0976318717002869 0.116479858756065 0.134283348917961 0.150147065520287 0.167576283216476 0.18671116232872 0.20279560983181 0.216906279325485 0.222482070326805
0.2516830265522 0.25203076004982 0.252810657024384 0.253713488578796 0.25450673699379 0.255245447158813 0.25481441617012 0.254288762807846 0.253281712532043 0.250685304403305 0.244251161813736 0.237256228923798 0.229491397738457 0.201562687754631 0.1571364402771 0.138027474284172 0.130910769104958 0.11302936822176 0.0925759226083755 0.120737120509148 0.152659893035889 0.190721780061722 0.217926755547523 0.19969454407692 0.185094386339188 0.178161814808846 0.163675770163536 0.139957800507545 0.134693384170532 0.142870247364044 0.153394713997841 0.164891391992569 0.166141837835312 0.165378123521805 0.154171794652939 0.141496583819389 0.118249982595444 0.101080439984798 0.105278179049492 0.108942806720734 0.111617386341095 0.117021918296814 0.125400841236115 0.151113972067833 0.188043177127838 0.204578161239624
0.242854401469231 0.243434205651283 0.246901765465736 0.251190602779388 0.25237962603569 0.25320291519165 0.252719610929489 0.252140939235687 0.251077145338058 0.248418688774109 0.24190965294838 0.235597163438797 0.229554519057274 0.21081779897213 0.181695133447647 0.167965248227119 0.161526575684547 0.149548232555389 0.136246293783188 0.153485849499702 0.17294043302536 0.194095715880394 0.205031499266624 0.173197612166405 0.152287185192108 0.154437005519867 0.144619315862656 0.120174862444401 0.116788104176521 0.128739431500435 0.141911432147026 0.155588954687119 0.155285000801086 0.152232632040977 0.143407016992569 0.133721128106117 0.117720134556293 0.104271277785301 0.0997958853840828 0.0950067639350891 0.0896350219845772 0.0874315947294235 0.088680163025856 0.116423085331917 0.161309108138084 0.184529379010201
0.224491208791733 0.22571063041687 0.234416663646698 0.245251893997192 0.247245103120804 0.248272627592087 0.247663110494614 0.246956467628479 0.245755717158318 0.242947444319725 0.236257672309875 0.231592506170273 0.229706853628159 0.220452159643173 0.205168306827545 0.192076206207275 0.180022269487381 0.170912265777588 0.162505656480789 0.174796923995018 0.187353774905205 0.183080092072487 0.173055812716484 0.138964653015137 0.118197247385979 0.125557377934456 0.131424859166145 0.135468035936356 0.145873367786407 0.160912781953812 0.17019784450531 0.177099838852882 0.172577261924744 0.165808901190758 0.151890650391579 0.137492075562477 0.120987735688686 0.107097715139389 0.102399758994579 0.0971946120262146 0.0910475328564644 0.0874805748462677 0.0867247506976128 0.105754002928734 0.137585133314133 0.161448180675507
0.20897276699543 0.209663406014442 0.219280242919922 0.231435686349869 0.237382546067238 0.242489144206047 0.242067992687225 0.24110047519207 0.237353712320328 0.233314573764801 0.228569462895393 0.226269394159317 0.227326080203056 0.221141308546066 0.209031775593758 0.194469824433327 0.178746223449707 0.174227580428123 0.172386154532433 0.178461849689484 0.183368027210236 0.163335934281349 0.143524318933487 0.124635495245457 0.115585975348949 0.127308025956154 0.140420317649841 0.155231818556786 0.168363735079765 0.180272296071053 0.186002567410469 0.189174190163612 0.182269603013992 0.173384264111519 0.156659603118896 0.139781475067139 0.12424024939537 0.110824301838875 0.104880906641483 0.0991351827979088 0.0937565416097641 0.0899800881743431 0.0879492685198784 0.0988749489188194 0.118184097111225 0.140328094363213
0.195849940180779 0.195027887821198 0.201911121606827 0.210985720157623 0.223538398742676 0.235987171530724 0.236019268631935 0.234678968787193 0.226357504725456 0.220177084207535 0.219166487455368 0.219836011528969 0.222812131047249 0.214297518134117 0.196381524205208 0.178574874997139 0.160820037126541 0.162343725562096 0.168473720550537 0.167266622185707 0.163888081908226 0.136241286993027 0.116051115095615 0.127067729830742 0.139483496546745 0.154852986335754 0.16810230910778 0.178760349750519 0.185300439596176 0.188841074705124 0.191296234726906 0.193301871418953 0.185561895370483 0.175906181335449 0.158300310373306 0.140823215246201 0.127480044960976 0.115308910608292 0.107258692383766 0.1008675172925 0.097557358443737 0.0945432409644127 0.0918516740202904 0.0951875522732735 0.102423474192619 0.120859511196613
0.19506011903286 0.194144725799561 0.198089793324471 0.203417181968689 0.21417510509491 0.225075989961624 0.224829033017159 0.223619610071182 0.217514157295227 0.21359047293663 0.2149348706007 0.215090557932854 0.213614270091057 0.204358831048012 0.188738703727722 0.165312841534615 0.138189569115639 0.138000935316086 0.144247859716415 0.142068669199944 0.138445839285851 0.122236505150795 0.113526567816734 0.136202365159988 0.156298741698265 0.170949772000313 0.182083696126938 0.188919022679329 0.192275762557983 0.19309875369072 0.193817630410194 0.194493398070335 0.189238533377647 0.182817861437798 0.164419740438461 0.146193459630013 0.133978992700577 0.122341096401215 0.112730480730534 0.105374984443188 0.102207496762276 0.0993884801864624 0.0969491302967072 0.0965832248330116 0.097558930516243 0.109186388552189
0.200305700302124 0.199991554021835 0.200898379087448 0.202152445912361 0.207004621624947 0.21200704574585 0.211122706532478 0.210290625691414 0.209724381566048 0.210209667682648 0.213233962655067 0.211171105504036 0.202124238014221 0.192905589938164 0.183546364307404 0.153339266777039 0.113256998360157 0.107561081647873 0.110081225633621 0.110018201172352 0.110085807740688 0.11463750898838 0.123211152851582 0.148616954684258 0.169648140668869 0.181444153189659 0.189360424876213 0.192534863948822 0.194376274943352 0.195246711373329 0.194982379674911 0.19424806535244 0.193103268742561 0.191877767443657 0.172730892896652 0.153681933879852 0.142072856426239 0.130619987845421 0.119716368615627 0.111240513622761 0.107273273169994 0.104371763765812 0.102631419897079 0.100466407835484 0.0980266183614731 0.101328119635582
0.200751900672913 0.200063392519951 0.198810532689095 0.19739718735218 0.198824837803841 0.200431331992149 0.199014544487 0.197874560952187 0.198142647743225 0.198706209659576 0.199983268976212 0.198358461260796 0.192749783396721 0.185186177492142 0.176023110747337 0.146663874387741 0.107738152146339 0.108428277075291 0.118583954870701 0.121521227061749 0.124254897236824 0.131242975592613 0.14103727042675 0.162575885653496 0.179455012083054 0.186497539281845 0.191295087337494 0.193348780274391 0.194828778505325 0.1958909034729 0.195549964904785 0.194627985358238 0.194492027163506 0.194510579109192 0.183593064546585 0.172588855028152 0.164694011211395 0.154855042695999 0.138180449604988 0.125232845544815 0.119206719100475 0.114420913159847 0.11098650097847 0.107390552759171 0.103690080344677 0.103677287697792
