Ecospace-environmental-drivers/Outputs/ASCII-for-ecospace/MOM6-ISIMIP3a/o2-bot/2000-02_o2-bot_MOM6-ISIMIP3a.asc
NCOLS 131 
NROWS 53 
XLLCORNER -98 
YLLCORNER 23.9265270233154 
CELLSIZE 0.133587792515755 
NODATA_value -9999 
[rows 0 to 20 of 53, columns 46 to 91 of 131]
-9999 -9999 -9999 -9999 -9999 -9999 -9999 -9999 -9999 -9999 -9999 -9999 -9999 -9999 -9999 -9999 -9999 -9999 -9999 -9999 -9999 -9999 -9999 -9999 -9999 -9999 -9999 -9999 -9999 -9999 -9999 -9999 -9999 -9999 -9999 -9999 -9999 -9999 -9999 -9999 -9999 -9999 -9999 -9999 -9999 -9999
-9999 -9999 -9999 -9999 -9999 -9999 -9999 -9999 -9999 -9999 -9999 -9999 -9999 -9999 -9999 -9999 -9999 -9999 -9999 -9999 -9999 -9999 -9999 -9999 -9999 -9999 -9999 -9999 -9999 -9999 -9999 -9999 -9999 -9999 -9999 -9999 -9999 -9999 -9999 -9999 -9999 -9999 -9999 -9999 -9999 -9999
-9999 -9999 -9999 -9999 -9999 -9999 -9999 -9999 -9999 -9999 -9999 -9999 -9999 -9999 -9999 -9999 -9999 -9999 -9999 -9999 -9999 -9999 -9999 -9999 -9999 -9999 -9999 -9999 0.262320756912231 0.263730704784393 -9999 -9999 -9999 -9999 -9999 -9999 -9999 -9999 -9999 -9999 -9999 -9999 -9999 -9999 -9999 -9999
-9999 -9999 -9999 -9999 -9999 -9999 -9999 -9999 -9999 -9999 -9999 -9999 -9999 -9999 -9999 -9999 -9999 -9999 -9999 -9999 -9999 -9999 -9999 -9999 -9999 -9999 -9999 -9999 0.262489259243011 0.263986617326736 -9999 -9999 -9999 -9999 -9999 -9999 -9999 -9999 -9999 -9999 -9999 -9999 -9999 -9999 -9999 -9999
-9999 -9999 -9999 -9999 -9999 -9999 -9999 -9999 -9999 -9999 -9999 -9999 -9999 -9999 -9999 -9999 -9999 -9999 -9999 0.260573774576187 0.260286390781403 0.260056465864182 0.25871530175209 0.257708191871643 0.256399214267731 0.256518721580505 0.258208364248276 0.260486871004105 0.262763887643814 0.264217048883438 0.264978915452957 -9999 -9999 0.262567311525345 0.259585797786713 0.255045652389526 0.25016713142395 0.245893061161041 0.24292428791523 0.241399690508842 0.24153533577919 0.244293317198753 0.248527199029922 -9999 -9999 -9999
-9999 -9999 -9999 -9999 -9999 -9999 -9999 -9999 -9999 -9999 -9999 -9999 -9999 -9999 -9999 0.166398212313652 -9999 0.171553790569305 0.176000028848648 0.218318358063698 0.260573774576187 0.260228902101517 0.260056465864182 0.257374137639999 0.255693972110748 0.256129503250122 0.257732659578323 0.260762959718704 0.262964963912964 0.264563709497452 0.265122473239899 0.265250563621521 0.264485150575638 0.263544142246246 0.25967264175415 0.255540639162064 0.249923691153526 0.245037078857422 0.242718413472176 0.241017356514931 0.240463316440582 0.243125319480896 0.249291300773621 0.253164976835251 0.255555391311646 -9999
-9999 -9999 -9999 -9999 -9999 -9999 -9999 -9999 -9999 -9999 -9999 0.115274369716644 0.115282610058784 0.115194410085678 0.114717237651348 0.140111178159714 0.165980339050293 0.166816085577011 0.171845272183418 0.176000028848648 0.218381255865097 0.260573774576187 0.260056465864182 0.257374137639999 0.255693972110748 0.256129503250122 0.257732659578323 0.260762959718704 0.262964963912964 0.264563709497452 0.265122473239899 0.265250563621521 0.264485150575638 0.263544142246246 0.25967264175415 0.255540639162064 0.249923691153526 0.245037078857422 0.242718413472176 0.241017356514931 0.240463316440582 0.243125319480896 0.249291300773621 0.253164976835251 0.255555391311646 0.25618714094162
-9999 -9999 -9999 -9999 -9999 -9999 -9999 -9999 -9999 -9999 -9999 0.115230172872543 0.115274369716644 0.115290857851505 -9999 0.113842844963074 0.138898596167564 0.165144577622414 0.166816085577011 0.172719717025757 0.176000028848648 0.218569979071617 0.252581834793091 0.250777125358582 0.24832908809185 0.244523003697395 0.243589550256729 0.246167048811913 0.248392537236214 0.250361621379852 0.251527100801468 0.252359807491302 0.250569194555283 0.248262912034988 0.247819006443024 0.246982872486115 0.241641357541084 0.237123221158981 0.235500112175941 0.234624043107033 0.235135316848755 0.238203093409538 0.24405625462532 0.247524961829185 0.24945080280304 0.250879019498825
-9999 -9999 -9999 -9999 -9999 -9999 -9999 -9999 -9999 -9999 -9999 -9999 -9999 -9999 -9999 0.114472322165966 0.111748874187469 0.136311113834381 0.163473069667816 0.166816085577011 0.17534302175045 0.213635250926018 0.244375720620155 0.243511334061623 0.240238204598427 0.231880024075508 0.228208214044571 0.230264097452164 0.23248153924942 0.234816655516624 0.236611932516098 0.238183632493019 0.235337674617767 0.231623291969299 0.23483270406723 0.237509250640869 0.232475712895393 0.228374674916267 0.227552324533463 0.227599412202835 0.229261144995689 0.232752501964569 0.238237306475639 0.241281405091286 0.242746248841286 0.246697932481766
0.265975058078766 0.265969008207321 -9999 -9999 -9999 -9999 -9999 -9999 -9999 -9999 -9999 0.194448232650757 0.115184865891933 -9999 -9999 -9999 0.112802281975746 0.107104018330574 0.131360113620758 0.160130053758621 0.162265852093697 0.205144211649895 0.239539384841919 0.238431498408318 0.235287979245186 0.227847024798393 0.224161371588707 0.225065484642982 0.22611466050148 0.227269500494003 0.228186681866646 0.229005426168442 0.227952510118484 0.226531684398651 0.22811920940876 0.229227691888809 0.224568128585815 0.221145629882812 0.222072720527649 0.223263964056969 0.22494575381279 0.227933168411255 0.232343122363091 0.235824793577194 0.238705828785896 0.243129566311836
0.265887469053268 0.266050547361374 0.266062587499619 -9999 -9999 -9999 -9999 -9999 -9999 -9999 -9999 0.232974126935005 0.183755964040756 0.115184865891933 -9999 -9999 0.115406274795532 0.107726201415062 0.0981795862317085 0.123948618769646 0.153232827782631 0.198367595672607 0.234575539827347 0.233423858880997 0.230483919382095 0.223768815398216 0.220046386122704 0.219981610774994 0.220012500882149 0.220113083720207 0.220266863703728 0.220442697405815 0.221014693379402 0.221664562821388 0.22148859500885 0.220460653305054 0.211408913135529 0.205562308430672 0.210985168814659 0.215911909937859 0.219917297363281 0.22371344268322 0.227281600236893 0.231131285429001 0.235163152217865 0.239853918552399
0.265887469053268 0.266050547361374 0.266086637973785 0.264968931674957 0.264432668685913 -9999 -9999 -9999 -9999 -9999 -9999 -9999 0.217145353555679 0.167348176240921 0.115184865891933 0.115274369716644 0.115406274795532 0.107726201415062 0.0981795862317085 0.130607321858406 0.165891855955124 0.200786754488945 0.228927806019783 0.228803411126137 0.226463928818703 0.219448193907738 0.215565845370293 0.21551313996315 0.215330198407173 0.215052381157875 0.215058118104935 0.215181276202202 0.216476291418076 0.218001648783684 0.215302422642708 0.209089547395706 0.170080959796906 0.145168289542198 0.169817626476288 0.192379340529442 0.211064159870148 0.222709864377975 0.226686179637909 0.230530858039856 0.234290361404419 0.23814831674099
0.265374153852463 0.265548139810562 0.265040546655655 0.264339089393616 0.264409393072128 -9999 -9999 -9999 -9999 0.258546054363251 0.245998188853264 0.234750494360924 0.225287735462189 0.191397815942764 0.137522265315056 0.120496205985546 0.120924934744835 0.114180073142052 0.105721190571785 0.139370501041412 0.17526949942112 0.201808378100395 0.223283335566521 0.223565280437469 0.221289992332458 0.213616222143173 0.205949664115906 0.198291927576065 0.195842310786247 0.197186216711998 0.199053749442101 0.201138138771057 0.203356862068176 0.20560197532177 0.2000333070755 0.189807295799255 0.136911496520042 0.102777764201164 0.134612411260605 0.163692906498909 0.187658622860909 0.202634319663048 0.207815080881119 0.217291682958603 0.229547873139381 0.235306143760681
0.263577550649643 0.263789802789688 0.264018684625626 0.2642522752285 0.264409393072128 0.264549523591995 0.26444211602211 0.264165222644806 0.263026237487793 0.258546054363251 0.245998188853264 0.234750494360924 0.225287735462189 0.196562051773071 0.152075961232185 0.138772904872894 0.140240535140038 0.136768952012062 0.132117196917534 0.153395041823387 0.176443502306938 0.199336141347885 0.217647030949593 0.216782867908478 0.213231161236763 0.204005837440491 0.183494165539742 0.149188235402107 0.139339759945869 0.147305697202682 0.156059756875038 0.165140226483345 0.168784394860268 0.171359926462173 0.162056341767311 0.150746762752533 0.124138675630093 0.105396889150143 0.114313386380672 0.122121520340443 0.127871334552765 0.134877920150757 0.143253833055496 0.172454953193665 0.215130969882011 0.229622468352318
0.25732097029686 0.25790935754776 0.259785205125809 0.26202717423439 0.262073367834091 0.261882960796356 0.261373668909073 0.260664641857147 0.258939504623413 0.254321455955505 0.242718130350113 0.232951954007149 0.225707948207855 0.204448699951172 0.171722561120987 0.162112668156624 0.163452431559563 0.162496611475945 0.160992294549942 0.172384187579155 0.184921279549599 0.201231777667999 0.211594834923744 0.19706729054451 0.18542093038559 0.17985700070858 0.160751417279243 0.125095173716545 0.117608197033405 0.130639299750328 0.142541006207466 0.153974995017052 0.155669346451759 0.155449107289314 0.1424899995327 0.129209831357002 0.117401912808418 0.107281118631363 0.103092327713966 0.0985390618443489 0.0933089181780815 0.0942549481987953 0.101930141448975 0.137981832027435 0.192394465208054 0.21601103246212
0.24475884437561 0.246201068162918 0.251011103391647 0.256778925657272 0.256434559822083 0.255446374416351 0.253967046737671 0.252214878797531 0.249074921011925 0.244124084711075 0.234800636768341 0.228610590100288 0.22672227025032 0.216184362769127 0.198569595813751 0.192610710859299 0.192172959446907 0.192661941051483 0.1933723539114 0.198392391204834 0.203725278377533 0.20930278301239 0.204954624176025 0.159066587686539 0.129685863852501 0.135153412818909 0.137602537870407 0.136362537741661 0.145036473870277 0.160931587219238 0.170694828033447 0.177918657660484 0.172891154885292 0.165455311536789 0.148952916264534 0.132448047399521 0.119199022650719 0.108126349747181 0.1047058776021 0.100389644503593 0.0944098755717278 0.0919936746358871 0.0934600979089737 0.11816094070673 0.157895550131798 0.19119119644165
0.232341662049294 0.233365625143051 0.238800168037415 0.245489090681076 0.247097507119179 0.248071134090424 0.245946407318115 0.243285924196243 0.237900048494339 0.232197806239128 0.225731700658798 0.222777754068375 0.224645540118217 0.220765069127083 0.212181553244591 0.208530843257904 0.207216694951057 0.208094239234924 0.209495440125465 0.210919797420502 0.211215376853943 0.195058599114418 0.174855157732964 0.137716099619865 0.116520531475544 0.128982901573181 0.141564011573792 0.154290273785591 0.167212337255478 0.180277019739151 0.186826094985008 0.190676867961884 0.182339981198311 0.171607315540314 0.153187364339828 0.135070219635963 0.122692167758942 0.111932709813118 0.106864303350449 0.101830698549747 0.0968617498874664 0.0936541184782982 0.0923655107617378 0.105716779828072 0.128540739417076 0.163861230015755
0.220046520233154 0.219580993056297 0.223695039749146 0.229111522436142 0.234646067023277 0.239905416965485 0.237408742308617 0.233953431248665 0.225621744990349 0.218815609812737 0.215693101286888 0.215688914060593 0.219965755939484 0.219320461153984 0.214647993445396 0.212174639105797 0.210742950439453 0.211119547486305 0.211928218603134 0.21209479868412 0.209177821874619 0.162022337317467 0.125000193715096 0.130387082695961 0.139203950762749 0.155261784791946 0.168355628848076 0.177826851606369 0.184965044260025 0.190403878688812 0.192832946777344 0.194015577435493 0.185243055224419 0.174513593316078 0.15554516017437 0.137173622846603 0.127613589167595 0.118232674896717 0.109481573104858 0.102926902472973 0.100451245903969 0.0986171066761017 0.0974819287657738 0.0994847118854523 0.103517904877663 0.134417444467545
0.216519773006439 0.21584489941597 0.218294620513916 0.221632987260818 0.226403161883354 0.231083497405052 0.229381456971169 0.226877063512802 0.22029122710228 0.21521557867527 0.213786438107491 0.214363887906075 0.217696070671082 0.218078196048737 0.216046676039696 0.199948191642761 0.177186489105225 0.173252448439598 0.173816964030266 0.173728659749031 0.171412199735641 0.137317940592766 0.113946050405502 0.135448336601257 0.155224144458771 0.171355172991753 0.182860285043716 0.188711583614349 0.192416086792946 0.194556891918182 0.195029750466347 0.194811850786209 0.188668847084045 0.181361138820648 0.162199705839157 0.143592372536659 0.134686216711998 0.125484108924866 0.115241430699825 0.107492178678513 0.104373522102833 0.102185606956482 0.101011760532856 0.0996977463364601 0.0982930287718773 0.116747036576271
0.217283993959427 0.217026263475418 0.217643409967422 0.218509376049042 0.220219790935516 0.221940442919731 0.221603959798813 0.220904782414436 0.218360751867294 0.216402634978294 0.215859308838844 0.215859472751617 0.216605812311172 0.216934978961945 0.21692281961441 0.179955303668976 0.125482842326164 0.11537379771471 0.115864664316177 0.116012275218964 0.116162315011024 0.116690911352634 0.121879883110523 0.146573051810265 0.167983546853065 0.182464078068733 0.191352069377899 0.193404853343964 0.194825783371925 0.195786476135254 0.195362031459808 0.194363921880722 0.192350462079048 0.190137401223183 0.170956954360008 0.152122959494591 0.142811596393585 0.133201152086258 0.122539170086384 0.113755129277706 0.108458660542965 0.105071686208248 0.103765167295933 0.103064820170403 0.102756693959236 0.104838170111179
0.21905805170536 0.21907864511013 0.219266131520271 0.219501063227654 0.219993531703949 0.220497608184814 0.220603495836258 0.220519304275513 0.219468295574188 0.218546897172928 0.217938467860222 0.217672094702721 0.217875316739082 0.217561304569244 0.21682408452034 0.175790444016457 0.115669265389442 0.110977903008461 0.119530588388443 0.122240372002125 0.124801971018314 0.131049036979675 0.140079095959663 0.160756304860115 0.177746519446373 0.186953216791153 0.192653924226761 0.194069594144821 0.195155918598175 0.196002349257469 0.195529878139496 0.194511190056801 0.193816497921944 0.193185478448868 0.182197347283363 0.171269118785858 0.164673030376434 0.156146258115768 0.140831157565117 0.128504186868668 0.121726505458355 0.116659283638 0.113455660641193 0.110580757260323 0.107918545603752 0.105872191488743
