Ecospace-environmental-drivers/Outputs/ASCII-for-ecospace/MOM6-ISIMIP3a/o2-bot/2000-05_o2-bot_MOM6-ISIMIP3a.asc
NCOLS 131 
NROWS 53 
XLLCORNER -98 
YLLCORNER 23.9265270233154 
CELLSIZE 0.133587792515755 
NODATA_value -9999 
[rows 21 to 41 of 53, columns 46 to 91 of 131]
0.204949423670769 0.205510437488556 0.20556852221489 0.205483585596085 0.205595970153809 0.205730095505714 0.20590528845787 0.206181406974792 0.206970989704132 0.207938939332962 0.209337592124939 0.210716560482979 0.212068498134613 0.205754265189171 0.19316777586937 0.155929759144783 0.10701484978199 0.113984860479832 0.134307652711868 0.139760002493858 0.144313752651215 0.150657683610916 0.159033164381981 0.175910919904709 0.188329085707664 0.191332697868347 0.19339819252491 0.194317072629929 0.195169314742088 0.195973008871078 0.195643171668053 0.194843888282776 0.194583043456078 0.194428026676178 0.193459734320641 0.192316770553589 0.189761698246002 0.182898879051208 0.160889849066734 0.14268185198307 0.131532788276672 0.123259350657463 0.11811900138855 0.114216908812523 0.111116021871567 0.109780058264732
0.201131790876389 0.201657474040985 0.200925394892693 0.199835598468781 0.199590608477592 0.199449211359024 0.199769526720047 0.197812870144844 0.18427349627018 0.175321608781815 0.177446708083153 0.17378593981266 0.162181988358498 0.153826653957367 0.148129254579544 0.132430270314217 0.111993737518787 0.121020421385765 0.137086853384972 0.148530721664429 0.159167513251305 0.162679746747017 0.167948663234711 0.180569425225258 0.189857915043831 0.1921117156744 0.193799197673798 0.194794505834579 0.195345789194107 0.195573627948761 0.195426613092422 0.195124328136444 0.195235967636108 0.195428967475891 0.194867551326752 0.194251239299774 0.19337160885334 0.190159425139427 0.178745910525322 0.168738916516304 0.161343976855278 0.152183398604393 0.141099110245705 0.132875084877014 0.1265017837286 0.120481334626675
0.19465434551239 0.195173546671867 0.193627640604973 0.191494420170784 0.191024273633957 0.190752968192101 0.191253706812859 0.187184154987335 0.159866213798523 0.141468092799187 0.144607782363892 0.13623996078968 0.112073861062527 0.102069407701492 0.103651642799377 0.10977927595377 0.1180599629879 0.128547251224518 0.139561772346497 0.156575754284859 0.172930926084518 0.173698663711548 0.175952836871147 0.18442790210247 0.190788060426712 0.192683503031731 0.194215819239616 0.195304334163666 0.195541113615036 0.195157498121262 0.195187360048294 0.195388436317444 0.195767909288406 0.196182429790497 0.195365458726883 0.194630473852158 0.195142030715942 0.195500209927559 0.19531911611557 0.194082289934158 0.19088488817215 0.181357160210609 0.164932325482368 0.152839571237564 0.143549859523773 0.13253216445446
0.148318439722061 0.148651614785194 0.146446242928505 0.143518894910812 0.143132418394089 0.143057033419609 0.144359111785889 0.143440186977386 0.131223231554031 0.124946057796478 0.133011132478714 0.133073553442955 0.122149392962456 0.11753698438406 0.118088684976101 0.125129505991936 0.135244086384773 0.145146071910858 0.154997244477272 0.16653573513031 0.17757211625576 0.179613187909126 0.182268649339676 0.18749538064003 0.191528856754303 0.193043306469917 0.194368675351143 0.195462971925735 0.195547744631767 0.194897204637527 0.195034846663475 0.195498913526535 0.195241138339043 0.194841459393501 0.194857701659203 0.194925203919411 0.195342883467674 0.195662185549736 0.195635542273521 0.195147126913071 0.193801134824753 0.189507246017456 0.182001531124115 0.176556453108788 0.172444701194763 0.159219995141029
0.115504637360573 0.115912400186062 0.113736532628536 0.110825881361961 0.110850043594837 0.111224740743637 0.112952828407288 0.114413045346737 0.114510677754879 0.117777891457081 0.128698393702507 0.13496495783329 0.134842291474342 0.134777158498764 0.134759098291397 0.141994595527649 0.152665928006172 0.161350503563881 0.169560387730598 0.175923854112625 0.18195316195488 0.184964895248413 0.187855988740921 0.190242186188698 0.192232966423035 0.193388968706131 0.194517716765404 0.195613190531731 0.195561319589615 0.194673776626587 0.194894850254059 0.195575058460236 0.194810315966606 0.1937615275383 0.194452241063118 0.195169121026993 0.195512369275093 0.195800423622131 0.195894449949265 0.196013271808624 0.196178138256073 0.196166560053825 0.195962712168694 0.195947676897049 0.196054816246033 0.182483524084091
0.141981527209282 0.143606498837471 0.144481122493744 0.145142331719398 0.147010952234268 0.148950144648552 0.149458363652229 0.14991506934166 0.150109767913818 0.15162381529808 0.156323581933975 0.159033492207527 0.159011602401733 0.15978966653347 0.161222234368324 0.165501832962036 0.171130001544952 0.175825700163841 0.18029859662056 0.182804480195045 0.185193508863449 0.187848791480064 0.190249189734459 0.191582933068275 0.192776128649712 0.193672627210617 0.194650068879128 0.195726469159126 0.195605352520943 0.194611981511116 0.194809705018997 0.195500701665878 0.194800212979317 0.19382618367672 0.194495275616646 0.19519031047821 0.195544272661209 0.195834591984749 0.195901036262512 0.196008145809174 0.196190729737282 0.196289211511612 0.196296066045761 0.196372106671333 0.196492910385132 0.190732449293137
0.164107993245125 0.166154116392136 0.168917760252953 0.171885445713997 0.174639686942101 0.177258566021919 0.17681311070919 0.176453426480293 0.17653001844883 0.176673471927643 0.176978349685669 0.177271351218224 0.177548065781593 0.179081127047539 0.181642100214958 0.183688014745712 0.185489937663078 0.187089622020721 0.188640981912613 0.188538014888763 0.188471600413322 0.190591141581535 0.192419573664665 0.193029746413231 0.193586319684982 0.194029778242111 0.194693773984909 0.195627331733704 0.195489659905434 0.194571703672409 0.19421261548996 0.194084987044334 0.193813562393188 0.193513870239258 0.194356366991997 0.195193588733673 0.195565924048424 0.195870488882065 0.195936754345894 0.196044221520424 0.196228206157684 0.196384474635124 0.196510553359985 0.196631506085396 0.19674913585186 0.196428537368774
0.17674246430397 0.177472859621048 0.179591342806816 0.182104587554932 0.183652460575104 0.18502052128315 0.184202209115028 0.183434396982193 0.182923421263695 0.182530969381332 0.182424709200859 0.182787582278252 0.183794468641281 0.185890078544617 0.188876420259476 0.190264388918877 0.190895244479179 0.191347002983093 0.191755965352058 0.191768825054169 0.191832050681114 0.193024650216103 0.1941037774086 0.194707959890366 0.194979131221771 0.194547295570374 0.194544076919556 0.195064708590508 0.195025444030762 0.194578364491463 0.192498549818993 0.189742550253868 0.190696224570274 0.192379131913185 0.193820521235466 0.195157781243324 0.19556513428688 0.195910155773163 0.196035981178284 0.196170210838318 0.196319997310638 0.19641999900341 0.196465745568275 0.196530878543854 0.196608558297157 0.19655467569828
0.185864046216011 0.186030089855194 0.187462329864502 0.18925467133522 0.189851984381676 0.190274089574814 0.189268469810486 0.188326269388199 0.187706679105759 0.187234550714493 0.187118455767632 0.187628194689751 0.188997119665146 0.190967008471489 0.193428575992584 0.194203108549118 0.194178521633148 0.194055378437042 0.19390869140625 0.193896800279617 0.193921521306038 0.19434443116188 0.194813102483749 0.19547326862812 0.195683017373085 0.194941893219948 0.194615364074707 0.194795563817024 0.194806143641472 0.194693177938461 0.191732227802277 0.187591835856438 0.189029529690742 0.191563740372658 0.19346059858799 0.195198193192482 0.195610627532005 0.195966094732285 0.19612130522728 0.196263790130615 0.196382641792297 0.196445763111115 0.196448147296906 0.196480095386505 0.196531161665916 0.196610495448112
0.190566122531891 0.191113114356995 0.191807419061661 0.192543625831604 0.192512229084969 0.192371919751167 0.191412389278412 0.190589874982834 0.190464273095131 0.190486431121826 0.190865337848663 0.191618844866753 0.192886620759964 0.193864926695824 0.194606378674507 0.194823458790779 0.19479213654995 0.194814994931221 0.194850787520409 0.194637328386307 0.194411993026733 0.19426304101944 0.194295972585678 0.195090085268021 0.19552019238472 0.19518181681633 0.194964662194252 0.194895625114441 0.194894954562187 0.194944068789482 0.192158281803131 0.188198432326317 0.189187824726105 0.191150113940239 0.193321987986565 0.195334494113922 0.195714294910431 0.196042478084564 0.196189120411873 0.196316629648209 0.196408629417419 0.196459233760834 0.196464762091637 0.196492001414299 0.196533292531967 0.196577861905098
0.193127602338791 0.193694084882736 0.193967789411545 0.194158226251602 0.193920865654945 0.193629518151283 0.19306306540966 0.192617312073708 0.192785456776619 0.19307042658329 0.193637430667877 0.194321170449257 0.195165172219276 0.195526644587517 0.195493325591087 0.195443481206894 0.195385813713074 0.195431247353554 0.195501312613487 0.195182859897614 0.194838866591454 0.194512024521828 0.194383397698402 0.195084363222122 0.195518001914024 0.195387318730354 0.195216506719589 0.194996654987335 0.194963246583939 0.195065632462502 0.192698627710342 0.18930895626545 0.190219864249229 0.191976189613342 0.193862751126289 0.195606142282486 0.195903792977333 0.196159541606903 0.196267873048782 0.196361064910889 0.196426093578339 0.196464478969574 0.196473807096481 0.196491613984108 0.196514889597893 0.196524500846863
0.194083616137505 0.194398477673531 0.194489568471909 0.19451704621315 0.194390773773193 0.194256946444511 0.194343820214272 0.194467633962631 0.194779336452484 0.195153474807739 0.195678398013115 0.196057230234146 0.196235492825508 0.196261212229729 0.19616211950779 0.19606326520443 0.19596454501152 0.195939987897873 0.195933163166046 0.19558210670948 0.195218041539192 0.195008784532547 0.194924265146255 0.195361733436584 0.195636317133904 0.19556699693203 0.195395275950432 0.195098400115967 0.195016130805016 0.195090189576149 0.193324699997902 0.190797388553619 0.191907227039337 0.193732038140297 0.194913044571877 0.195979312062263 0.196157664060593 0.196307107806206 0.196354851126671 0.196399182081223 0.196437194943428 0.196463540196419 0.196477174758911 0.196481972932816 0.196481063961983 0.196455582976341
0.194689318537712 0.194875672459602 0.194957092404366 0.195008650422096 0.195060208439827 0.195122212171555 0.195465683937073 0.195802554488182 0.196105688810349 0.196430370211601 0.196807041764259 0.196950539946556 0.196773961186409 0.196632742881775 0.196520462632179 0.196405410766602 0.196289032697678 0.196135744452477 0.195973634719849 0.195481568574905 0.195003390312195 0.195057079195976 0.195150434970856 0.195409774780273 0.195590004324913 0.195603251457214 0.195498645305634 0.195250004529953 0.195213034749031 0.195330247282982 0.194291964173317 0.192775160074234 0.193633213639259 0.194958105683327 0.195628926157951 0.196224525570869 0.196321904659271 0.19640140235424 0.196418032050133 0.19643160700798 0.196439489722252 0.196448922157288 0.196460008621216 0.196454912424088 0.19643934071064 0.196400597691536
0.195144891738892 0.195255503058434 0.195401340723038 0.195557177066803 0.195815175771713 0.196089386940002 0.196519464254379 0.196916565299034 0.197145953774452 0.1973617374897 0.197544679045677 0.197482690215111 0.197084471583366 0.196848675608635 0.196745783090591 0.196628570556641 0.196504577994347 0.196197360754013 0.195846363902092 0.195166826248169 0.194534212350845 0.194913163781166 0.195241749286652 0.195359513163567 0.195473149418831 0.195578023791313 0.195569694042206 0.19542296230793 0.19547164440155 0.195662662386894 0.195405468344688 0.194962650537491 0.195375740528107 0.195957094430923 0.196201488375664 0.196414902806282 0.196447730064392 0.196472868323326 0.196471020579338 0.196461573243141 0.196438029408455 0.196428433060646 0.196434035897255 0.196420356631279 0.196394205093384 0.196351587772369
0.195741206407547 0.195825427770615 0.196007892489433 0.196218311786652 0.196519836783409 0.196832582354546 0.197196841239929 0.197485134005547 0.197387084364891 0.197332173585892 0.197381481528282 0.197290316224098 0.19700625538826 0.196836322546005 0.19675974547863 0.196677163243294 0.196591734886169 0.196340456604958 0.19604954123497 0.195537701249123 0.195038989186287 0.194952428340912 0.194861024618149 0.194749340415001 0.19472262263298 0.194875240325928 0.194999471306801 0.195088982582092 0.195297688245773 0.19559320807457 0.195630371570587 0.195560544729233 0.195802211761475 0.196105122566223 0.196233719587326 0.196347698569298 0.196381941437721 0.196415916085243 0.196448937058449 0.196461915969849 0.196437656879425 0.196417659521103 0.196402311325073 0.19637905061245 0.196350663900375 0.196329101920128
0.196366623044014 0.196434661746025 0.196648046374321 0.196902751922607 0.197214096784592 0.197529420256615 0.197796329855919 0.197940856218338 0.197462856769562 0.197103783488274 0.197031915187836 0.196948021650314 0.19684761762619 0.19677671790123 0.196729972958565 0.196689635515213 0.196652323007584 0.196500405669212 0.196321099996567 0.196050420403481 0.195745259523392 0.195029586553574 0.19438262283802 0.194023311138153 0.193840980529785 0.194032266736031 0.194296568632126 0.194650113582611 0.195034235715866 0.195440605282784 0.195671424269676 0.195829540491104 0.195956394076347 0.196077093482018 0.196154162287712 0.196227177977562 0.196276500821114 0.196332380175591 0.196411326527596 0.196456134319305 0.196437507867813 0.196408912539482 0.196369409561157 0.196336343884468 0.196307450532913 0.196312099695206
0.197022452950478 0.197116568684578 0.197317123413086 0.19754795730114 0.197755768895149 0.197944968938828 0.197695598006248 0.197414487600327 0.196972027420998 0.196642011404037 0.196583583950996 0.196608915925026 0.196749225258827 0.196785867214203 0.196737676858902 0.196704477071762 0.19667837023735 0.196565583348274 0.196432083845139 0.196258544921875 0.196064233779907 0.195607542991638 0.195192024111748 0.194948792457581 0.194819435477257 0.194930493831635 0.195066258311272 0.195232212543488 0.195419505238533 0.195622324943542 0.195766732096672 0.195886939764023 0.195985674858093 0.196080163121223 0.196145236492157 0.196205377578735 0.19622814655304 0.196262210607529 0.196336016058922 0.196389272809029 0.196404367685318 0.196398794651031 0.196370705962181 0.196336641907692 0.196298703551292 0.19632214307785
0.197586104273796 0.197695761919022 0.197874680161476 0.19807331264019 0.19817927479744 0.198246151208878 0.197513848543167 0.196839854121208 0.196462467312813 0.196184381842613 0.196146100759506 0.196271196007729 0.196620628237724 0.196769386529922 0.196753948926926 0.196737483143806 0.196720525622368 0.196644261479378 0.196553826332092 0.196464911103249 0.196370139718056 0.196188688278198 0.196019187569618 0.195899665355682 0.195828631520271 0.19585993885994 0.195865213871002 0.195838645100594 0.195827662944794 0.195828035473824 0.19588004052639 0.19595342874527 0.196030393242836 0.196108087897301 0.196161717176437 0.196208983659744 0.196202754974365 0.196211099624634 0.196270644664764 0.196325182914734 0.19637043774128 0.196387216448784 0.196372970938683 0.196338936686516 0.196292087435722 0.196331545710564
0.19715191423893 0.197144567966461 0.197228699922562 0.197338849306107 0.197415098547935 0.197461739182472 0.196802452206612 0.196219369769096 0.196023851633072 0.19588240981102 0.195871517062187 0.195946976542473 0.196140944957733 0.196446657180786 0.196843788027763 0.196963161230087 0.196950942277908 0.19691213965416 0.196866974234581 0.196797996759415 0.196721822023392 0.196564599871635 0.196420699357986 0.196332558989525 0.196277096867561 0.196290627121925 0.196272954344749 0.196217119693756 0.196170225739479 0.196129858493805 0.19615937769413 0.196217820048332 0.196299642324448 0.196386069059372 0.19641549885273 0.196436449885368 0.196395203471184 0.196356981992722 0.196329429745674 0.196319952607155 0.196344003081322 0.196360632777214 0.196369141340256 0.196342036128044 0.196291878819466 0.196321204304695
0.196792155504227 0.19670557975769 0.196672931313515 0.196655616164207 0.196688652038574 0.196706309914589 0.196169689297676 0.195713192224503 0.195664331316948 0.195632621645927 0.195642322301865 0.195675283670425 0.195740193128586 0.196123108267784 0.196766227483749 0.196967974305153 0.196960672736168 0.196953356266022 0.196946054697037 0.19690352678299 0.196854621171951 0.196747839450836 0.196654617786407 0.196618065237999 0.196596831083298 0.196607917547226 0.196582481265068 0.196512386202812 0.19644720852375 0.196385622024536 0.196398124098778 0.196441292762756 0.196514308452606 0.196593195199966 0.196596845984459 0.196591809391975 0.196529343724251 0.196460261940956 0.196367874741554 0.196310803294182 0.196319326758385 0.196335434913635 0.196359813213348 0.196340352296829 0.196292519569397 0.196304708719254
0.196705371141434 0.196677997708321 0.196447923779488 0.196160197257996 0.196100488305092 0.196057125926018 0.195825189352036 0.195626199245453 0.195594862103462 0.195574223995209 0.195579469203949 0.195596262812614 0.19562891125679 0.195796608924866 0.196074783802032 0.196162983775139 0.196161195635796 0.196163520216942 0.196166813373566 0.196174636483192 0.196184799075127 0.196224614977837 0.196273952722549 0.196363136172295 0.196444526314735 0.196509405970573 0.196531906723976 0.196502566337585 0.196483701467514 0.196472436189651 0.196488037705421 0.196514755487442 0.196528881788254 0.196540549397469 0.196512579917908 0.196482822299004 0.196449771523476 0.196407303214073 0.196331724524498 0.196287393569946 0.196301087737083 0.196315377950668 0.196330294013023 0.196321099996567 0.19629630446434 0.196265608072281
