Ecospace-environmental-drivers/Outputs/ASCII-for-ecospace/MOM6-ISIMIP3a/o2-bot/2000-12_o2-bot_MOM6-ISIMIP3a.asc
NCOLS 131 
NROWS 53 
XLLCORNER -98 
YLLCORNER 23.9265270233154 
CELLSIZE 0.133587792515755 
NODATA_value -9999 
[rows 21 to 41 of 53, columns 0 to 45 of 131]
-9999 -9999 -9999 -9999 -9999 -9999 0.234861969947815 0.235082700848579 0.23567721247673 0.236749961972237 0.238494738936424 0.2420534491539 0.241255685687065 0.23887936770916 0.23644395172596 0.233940362930298 0.231995046138763 0.230433136224747 0.229386448860168 0.228538706898689 0.227127999067307 0.225617945194244 0.224640861153603 0.223750472068787 0.223485350608826 0.223149314522743 0.222583338618279 0.222042113542557 0.221544057130814 0.22100342810154 0.220419019460678 0.219949379563332 0.219549685716629 0.219016179442406 0.218438059091568 0.217991039156914 0.217561721801758 0.217071831226349 0.216629952192307 0.216493889689445 0.216377049684525 0.216313734650612 0.216193169355392 0.215984135866165 0.215505167841911 0.214778482913971
-9999 -9999 -9999 -9999 -9999 -9999 0.234805062413216 0.234861969947815 0.235303431749344 0.235793501138687 0.236749961972237 0.236680805683136 0.235683023929596 0.232847705483437 0.230319604277611 0.228145971894264 0.226220190525055 0.224464625120163 0.223131790757179 0.221962168812752 0.220764949917793 0.219562843441963 0.21868696808815 0.217912450432777 0.217923030257225 0.217869237065315 0.217606738209724 0.217339098453522 0.217062503099442 0.216735556721687 0.216356813907623 0.21600729227066 0.215675577521324 0.215237900614738 0.214764907956123 0.214230790734291 0.213689610362053 0.213339120149612 0.213006839156151 0.212790623307228 0.21256223320961 0.212299972772598 0.212023347616196 0.211724579334259 0.211431354284286 0.211143255233765
-9999 -9999 -9999 -9999 0.23571665585041 0.235015243291855 0.234792590141296 0.234760627150536 0.234861969947815 0.235744893550873 0.235817193984985 0.232786685228348 0.229724168777466 0.226598337292671 0.224070757627487 0.222233474254608 0.220353662967682 0.218444675207138 0.216850012540817 0.215376734733582 0.213896885514259 0.212415859103203 0.210858434438705 0.20949698984623 0.209782630205154 0.210014715790749 0.210073187947273 0.210203692317009 0.210459917783737 0.210755839943886 0.211092591285706 0.211069732904434 0.210827797651291 0.210508584976196 0.210163623094559 0.209584355354309 0.208971977233887 0.208259478211403 0.207560762763023 0.20694974064827 0.2062878459692 0.205484330654144 0.20483024418354 0.204407066106796 0.20426681637764 0.204386249184608
-9999 -9999 -9999 -9999 0.237366050481796 0.235692739486694 0.235237881541252 0.234792590141296 0.234627321362495 0.232523858547211 0.230150923132896 0.226746454834938 0.22332201898098 0.219858050346375 0.217301964759827 0.215793430805206 0.214572712779045 0.213549643754959 0.212600216269493 0.211679250001907 0.201214030385017 0.189064532518387 0.173740103840828 0.160044252872467 0.160499215126038 0.160936117172241 0.161314517259598 0.163646906614304 0.169389173388481 0.1768449395895 0.186063855886459 0.189598307013512 0.189669832587242 0.189645707607269 0.189589694142342 0.189744919538498 0.189860343933105 0.180385708808899 0.171383827924728 0.165392503142357 0.159240648150444 0.152641877532005 0.148378640413284 0.147724837064743 0.14745044708252 0.147524297237396
-9999 -9999 -9999 -9999 -9999 0.237366050481796 0.23537440598011 0.235683172941208 0.233692288398743 0.229128032922745 0.224729835987091 0.220967233181 0.217210829257965 0.213466674089432 0.209042444825172 0.203833490610123 0.200888842344284 0.199499174952507 0.200119510293007 0.201516002416611 0.186262667179108 0.168071150779724 0.14411386847496 0.122663453221321 0.12315558642149 0.123716346919537 0.124499656260014 0.128435388207436 0.137872368097305 0.1496572047472 0.16385792195797 0.168944388628006 0.168478533625603 0.168496489524841 0.168675720691681 0.169364646077156 0.170015320181847 0.155564099550247 0.141876071691513 0.13304840028286 0.123941399157047 0.114056847989559 0.10775712877512 0.106997556984425 0.106754988431931 0.106986925005913
-9999 -9999 -9999 -9999 -9999 0.236850202083588 0.237366050481796 0.23365581035614 0.22968627512455 0.224965795874596 0.220383912324905 0.216332480311394 0.212375432252884 0.208605125546455 0.194246396422386 0.167670279741287 0.152552872896194 0.145304679870605 0.151548564434052 0.163002222776413 0.161364570260048 0.157416686415672 0.147338375449181 0.138214662671089 0.1381646245718 0.138494268059731 0.140055015683174 0.142969653010368 0.148246943950653 0.151948660612106 0.154029130935669 0.151874959468842 0.147141084074974 0.146091818809509 0.146270751953125 0.146612837910652 0.146954655647278 0.144125357270241 0.141610875725746 0.141101270914078 0.140153631567955 0.137986645102501 0.136546090245247 0.136228233575821 0.136745184659958 0.138028293848038
-9999 -9999 0.235690429806709 0.23583348095417 0.23599199950695 0.23633374273777 0.236850813031197 0.231659561395645 0.226222276687622 0.221423164010048 0.216789305210114 0.212788060307503 0.207214832305908 0.198531121015549 0.176197826862335 0.138115048408508 0.11822797358036 0.110836692154408 0.121985860168934 0.140294179320335 0.147521555423737 0.152793496847153 0.152474507689476 0.152033925056458 0.151600316166878 0.151739671826363 0.15373682975769 0.155684426426888 0.157545536756516 0.155574813485146 0.149661213159561 0.143394991755486 0.136913925409317 0.135463386774063 0.135689675807953 0.13591293990612 0.136169448494911 0.141105130314827 0.146019667387009 0.150799497961998 0.155035421252251 0.157757163047791 0.159623101353645 0.160166457295418 0.161424979567528 0.163339868187904
-9999.000000000000000 -9999 -9999 -9999 0.23517470061779 0.235650256276131 0.235335260629654 0.229731157422066 0.223940923810005 0.219232425093651 0.214834049344063 0.211622595787048 0.201344698667526 0.177084267139435 0.151052698493004 0.12297747284174 0.114473156630993 0.119409054517746 0.133896395564079 0.152071893215179 0.157799124717712 0.161329612135887 0.161781519651413 0.162074327468872 0.161603212356567 0.161641374230385 0.163330852985382 0.16442933678627 0.164496496319771 0.16211311519146 0.157208174467087 0.153655931353569 0.150927767157555 0.150528952479362 0.150906592607498 0.151508510112762 0.152167528867722 0.156452879309654 0.160626381635666 0.164087682962418 0.167014360427856 0.168452769517899 0.170237466692924 0.172557294368744 0.174518272280693 0.176149904727936
-9999 -9999 -9999 -9999 0.234058052301407 0.233540117740631 0.233873933553696 0.228419363498688 0.222739607095718 0.21799173951149 0.213641881942749 0.210815370082855 0.196521013975143 0.159535050392151 0.13247886300087 0.116880089044571 0.117581821978092 0.129477858543396 0.144357964396477 0.160390332341194 0.166325688362122 0.170479223132133 0.171380773186684 0.172048524022102 0.171361476182938 0.17099629342556 0.171674728393555 0.171798437833786 0.170954063534737 0.16859070956707 0.164664313197136 0.162945613265038 0.162571832537651 0.163016110658646 0.163733065128326 0.164487451314926 0.165264561772346 0.168480217456818 0.171610727906227 0.174199089407921 0.176419466733932 0.177615478634834 0.179422557353973 0.18217396736145 0.184077039361 0.185201525688171
-9999 -9999 -9999 -9999 0.233261942863464 0.232983767986298 0.232640296220779 0.227883324027061 0.222897082567215 0.217946290969849 0.213409751653671 0.21045882999897 0.193013891577721 0.146889358758926 0.122172273695469 0.122155994176865 0.129325315356255 0.141429305076599 0.152996629476547 0.164356708526611 0.172649338841438 0.180400654673576 0.18134768307209 0.181939423084259 0.18081197142601 0.179663315415382 0.1784458309412 0.177436634898186 0.17679089307785 0.174991890788078 0.172006204724312 0.171013370156288 0.171234548091888 0.172259405255318 0.173552140593529 0.174174427986145 0.17471182346344 0.176330208778381 0.178037837147713 0.180313855409622 0.182586476206779 0.184849664568901 0.186809495091438 0.188300520181656 0.189189091324806 0.189524754881859
-9999 -9999 -9999 -9999 0.232983767986298 0.232567980885506 0.232079893350601 0.227758154273033 0.223173469305038 0.21817272901535 0.213594809174538 0.210635259747505 0.193754330277443 0.149326920509338 0.126113221049309 0.127376854419708 0.13707908987999 0.152576506137848 0.162832230329514 0.171063929796219 0.178861871361732 0.186583265662193 0.187446072697639 0.18786758184433 0.185863077640533 0.183838218450546 0.181747302412987 0.180321976542473 0.180058196187019 0.179304972290993 0.178048118948936 0.177879512310028 0.178373843431473 0.179305732250214 0.18038347363472 0.181077614426613 0.181721389293671 0.182734236121178 0.183822810649872 0.185393735766411 0.187171950936317 0.189527258276939 0.191196590662003 0.191805765032768 0.192042112350464 0.191936254501343
-9999 -9999 -9999 -9999 0.232543885707855 0.232079893350601 0.228034570813179 0.227941140532494 0.223539039492607 0.218603104352951 0.214092761278152 0.211211428046227 0.197680503129959 0.163077056407928 0.140739992260933 0.132556438446045 0.141840547323227 0.163120493292809 0.173565536737442 0.179826810956001 0.184991061687469 0.189961731433868 0.190643042325974 0.190823674201965 0.187614604830742 0.184643983840942 0.182446494698524 0.181142657995224 0.181398332118988 0.182051956653595 0.183115050196648 0.183844447135925 0.184370547533035 0.184704318642616 0.184973955154419 0.185892924666405 0.186902657151222 0.188053756952286 0.189126163721085 0.189697414636612 0.190571263432503 0.192287385463715 0.193333745002747 0.19334502518177 0.193200826644897 0.192913934588432
-9999 -9999 -9999 -9999 0.232079893350601 0.227593347430229 0.225620299577713 0.224359095096588 0.223945051431656 0.219262167811394 0.214924484491348 0.211908057332039 0.200638055801392 0.173036575317383 0.152252107858658 0.13933339715004 0.145655766129494 0.165191844105721 0.175713419914246 0.182754144072533 0.187399312853813 0.191621735692024 0.192375138401985 0.1927570104599 0.190675869584084 0.188729539513588 0.187220394611359 0.186175331473351 0.185940131545067 0.186388105154037 0.187539041042328 0.188167065382004 0.188476547598839 0.188542574644089 0.188527435064316 0.189382076263428 0.190355628728867 0.191149666905403 0.191872492432594 0.192141905426979 0.192601948976517 0.193592607975006 0.194132268428802 0.193974941968918 0.193786129355431 0.193568423390388
-9999 -9999 -9999 -9999 -9999 0.225050583481789 0.224638640880585 0.224560678005219 0.224368408322334 0.22001925110817 0.215899243950844 0.212656304240227 0.203180477023125 0.181371510028839 0.162429332733154 0.146794959902763 0.149065464735031 0.163632020354271 0.174181774258614 0.18318048119545 0.188212841749191 0.192545250058174 0.193479418754578 0.194252029061317 0.194298431277275 0.19422073662281 0.193740621209145 0.193013176321983 0.19185408949852 0.191405341029167 0.191687494516373 0.191785842180252 0.191772222518921 0.191712096333504 0.191636472940445 0.192302852869034 0.193067893385887 0.193292573094368 0.193522945046425 0.193789586424828 0.194046065211296 0.194274291396141 0.194357082247734 0.19421511888504 0.194125667214394 0.194084376096725
-9999 -9999 -9999 -9999 -9999 0.224877655506134 0.224892824888229 0.224996134638786 0.224655613303185 0.220487773418427 0.216474249958992 0.21305139362812 0.203791037201881 0.182979866862297 0.164335861802101 0.148192420601845 0.149864658713341 0.163771718740463 0.173686146736145 0.182058855891228 0.187703505158424 0.192866742610931 0.194142311811447 0.195239752531052 0.195562154054642 0.195742666721344 0.195463091135025 0.195011585950851 0.194260075688362 0.193875297904015 0.193867892026901 0.193832114338875 0.193779036402702 0.193751692771912 0.193732932209969 0.194067299365997 0.194448173046112 0.19450569152832 0.19457083940506 0.194684416055679 0.194786965847015 0.194858774542809 0.194887354969978 0.194849118590355 0.194828316569328 0.194823518395424
-9999 -9999 -9999 -9999 -9999 0.22495125234127 0.225101515650749 0.225121662020683 0.22491466999054 0.22089658677578 0.216966524720192 0.213373407721519 0.204001873731613 0.183196485042572 0.16453118622303 0.148335188627243 0.150123730301857 0.164263054728508 0.17340487241745 0.180616959929466 0.18692047894001 0.193063661456108 0.194713890552521 0.196122527122498 0.196337834000587 0.196443349123001 0.196192890405655 0.19600872695446 0.195940241217613 0.195818215608597 0.195641115307808 0.195553034543991 0.19551919400692 0.195557504892349 0.195619881153107 0.195592522621155 0.195552840828896 0.19552643597126 0.195494040846825 0.195423483848572 0.195382356643677 0.195423156023026 0.195480838418007 0.195564612746239 0.195606112480164 0.195608824491501
-9999 -9999 -9999 -9999 -9999 -9999 0.224859416484833 0.225186765193939 0.224861800670624 0.220733627676964 0.216729164123535 0.213198274374008 0.203935652971268 0.183331564068794 0.163349643349648 0.144085600972176 0.145318940281868 0.160628765821457 0.170476153492928 0.17821429669857 0.186428427696228 0.194726556539536 0.195905819535255 0.196840718388557 0.197038277983665 0.197091400623322 0.196676135063171 0.196402058005333 0.196374386548996 0.196318209171295 0.196232721209526 0.196192041039467 0.196178674697876 0.196178942918777 0.196183770895004 0.19617010653019 0.196155607700348 0.196381464600563 0.19656465947628 0.196476191282272 0.19641400873661 0.196424975991249 0.196455880999565 0.196517586708069 0.196534693241119 0.19651086628437
-9999 -9999 -9999 -9999 -9999 -9999 0.224285513162613 0.224269807338715 0.224654123187065 0.220418378710747 0.216352328658104 0.212935835123062 0.203655332326889 0.182771608233452 0.161520674824715 0.139846041798592 0.140757963061333 0.157181084156036 0.167725563049316 0.176000088453293 0.186009883880615 0.196325913071632 0.197034999728203 0.197497248649597 0.197655469179153 0.197646766901016 0.197096794843674 0.196740567684174 0.196722432971001 0.19671618938446 0.196722194552422 0.196720197796822 0.196713343262672 0.196672648191452 0.196620658040047 0.196636691689491 0.196665242314339 0.19712607562542 0.197512149810791 0.197422221302986 0.197352305054665 0.19733814895153 0.19734451174736 0.197382584214211 0.197375953197479 0.197328299283981
-9999 -9999 -9999 -9999 -9999 -9999 0.223310396075249 0.223399966955185 0.222944021224976 0.218751803040504 0.214836239814758 0.211979657411575 0.201223537325859 0.17483651638031 0.15344312787056 0.137811616063118 0.141216561198235 0.157694697380066 0.168139666318893 0.176255017518997 0.186236500740051 0.196547299623489 0.19719859957695 0.197574719786644 0.197420373558998 0.197238564491272 0.19696769118309 0.19678258895874 0.196747153997421 0.196715146303177 0.196686655282974 0.196582689881325 0.196432739496231 0.196369394659996 0.196334898471832 0.196371987462044 0.196421146392822 0.19677209854126 0.197076007723808 0.19708040356636 0.197086378931999 0.197096720337868 0.197129130363464 0.197195693850517 0.197213858366013 0.197187602519989
-9999 -9999 -9999 -9999 -9999 0.223321080207825 0.222400233149529 0.222261399030685 0.220923364162445 0.216975182294846 0.213351532816887 0.210970059037209 0.19841755926609 0.165739476680756 0.14478063583374 0.137343928217888 0.143826261162758 0.15986742079258 0.170077323913574 0.178035572171211 0.187252536416054 0.196691617369652 0.197183653712273 0.197410136461258 0.197056144475937 0.196775108575821 0.196730554103851 0.196688011288643 0.196648940443993 0.196607008576393 0.196562126278877 0.196404591202736 0.196178391575813 0.196108356118202 0.196090370416641 0.196140810847282 0.196201950311661 0.196438372135162 0.196652770042419 0.196726992726326 0.196787267923355 0.196808651089668 0.196852415800095 0.196930795907974 0.196984469890594 0.1970154941082
-9999 -9999 -9999 -9999 0.226301193237305 0.22406131029129 0.223321080207825 0.22061850130558 0.21776394546032 0.214795053005219 0.211981862783432 0.209764614701271 0.194239526987076 0.152381986379623 0.133973330259323 0.142621025443077 0.154323428869247 0.16812364757061 0.17760144174099 0.18541020154953 0.191163122653961 0.196553260087967 0.196514114737511 0.196358054876328 0.196218430995941 0.19610895216465 0.196097284555435 0.196092545986176 0.196099936962128 0.19610621035099 0.19611132144928 0.196077659726143 0.196020349860191 0.196002155542374 0.195996984839439 0.196032509207726 0.196074113249779 0.196178942918777 0.196276903152466 0.196331083774567 0.196366474032402 0.196349620819092 0.196350798010826 0.196379870176315 0.196508392691612 0.196728199720383
