Ecospace-environmental-drivers/Outputs/ASCII-for-ecospace/MOM6-ISIMIP3a/o2-bot/2000-09_o2-bot_MOM6-ISIMIP3a.asc
NCOLS 131 
NROWS 53 
XLLCORNER -98 
YLLCORNER 23.9265270233154 
CELLSIZE 0.133587792515755 
NODATA_value -9999 
[rows 0 to 20 of 53, columns 46 to 91 of 131]
-9999 -9999 -9999 -9999 -9999 -9999 -9999 -9999 -9999 -9999 -9999 -9999 -9999 -9999 -9999 -9999 -9999 -9999 -9999 -9999 -9999 -9999 -9999 -9999 -9999 -9999 -9999 -9999 -9999 -9999 -9999 -9999 -9999 -9999 -9999 -9999 -9999 -9999 -9999 -9999 -9999 -9999 -9999 -9999 -9999 -9999
-9999 -9999 -9999 -9999 -9999 -9999 -9999 -9999 -9999 -9999 -9999 -9999 -9999 -9999 -9999 -9999 -9999 -9999 -9999 -9999 -9999 -9999 -9999 -9999 -9999 -9999 -9999 -9999 -9999 -9999 -9999 -9999 -9999 -9999 -9999 -9999 -9999 -9999 -9999 -9999 -9999 -9999 -9999 -9999 -9999 -9999
-9999 -9999 -9999 -9999 -9999 -9999 -9999 -9999 -9999 -9999 -9999 -9999 -9999 -9999 -9999 -9999 -9999 -9999 -9999 -9999 -9999 -9999 -9999 -9999 -9999 -9999 -9999 -9999 0.191212370991707 0.193828329443932 -9999 -9999 -9999 -9999 -9999 -9999 -9999 -9999 -9999 -9999 -9999 -9999 -9999 -9999 -9999 -9999
-9999 -9999 -9999 -9999 -9999 -9999 -9999 -9999 -9999 -9999 -9999 -9999 -9999 -9999 -9999 -9999 -9999 -9999 -9999 -9999 -9999 -9999 -9999 -9999 -9999 -9999 -9999 -9999 0.19163690507412 0.194213196635246 -9999 -9999 -9999 -9999 -9999 -9999 -9999 -9999 -9999 -9999 -9999 -9999 -9999 -9999 -9999 -9999
-9999 -9999 -9999 -9999 -9999 -9999 -9999 -9999 -9999 -9999 -9999 -9999 -9999 -9999 -9999 -9999 -9999 -9999 -9999 0.194398075342178 0.192963495850563 0.191815823316574 0.185121208429337 0.180497214198112 0.17562048137188 0.177162662148476 0.183025032281876 0.188176497817039 0.192159458994865 0.194574773311615 0.195905327796936 -9999 -9999 0.197347611188889 0.199064776301384 0.200838565826416 0.201783582568169 0.202293053269386 0.203089013695717 0.203795164823532 0.203724443912506 0.202649548649788 0.201129972934723 -9999 -9999 -9999
-9999 -9999 -9999 -9999 -9999 -9999 -9999 -9999 -9999 -9999 -9999 -9999 -9999 -9999 -9999 0.201932519674301 -9999 0.203344821929932 0.204501256346703 0.199430629611015 0.194398075342178 0.192676573991776 0.191815823316574 0.178426578640938 0.171249225735664 0.177185654640198 0.183053120970726 0.188836306333542 0.192640051245689 0.195002019405365 0.196082264184952 0.196631714701653 0.19655966758728 0.19636544585228 0.199117735028267 0.201711148023605 0.201686814427376 0.201952800154686 0.203239545226097 0.204074710607529 0.204071238636971 0.20302739739418 0.200849995017052 0.199512511491776 0.198718473315239 -9999
-9999 -9999 -9999 -9999 -9999 -9999 -9999 -9999 -9999 -9999 -9999 0.170414969325066 0.170439913868904 0.170364692807198 0.169924914836884 0.185539096593857 0.201755717396736 0.202109321951866 0.203423887491226 0.204501256346703 0.199392542243004 0.194398075342178 0.191815823316574 0.178426578640938 0.171249225735664 0.177185654640198 0.183053120970726 0.188836306333542 0.192640051245689 0.195002019405365 0.196082264184952 0.196631714701653 0.19655966758728 0.19636544585228 0.199117735028267 0.201711148023605 0.201686814427376 0.201952800154686 0.203239545226097 0.204074710607529 0.204071238636971 0.20302739739418 0.200849995017052 0.199512511491776 0.198718473315239 0.198508620262146
-9999 -9999 -9999 -9999 -9999 -9999 -9999 -9999 -9999 -9999 -9999 0.170281231403351 0.170414969325066 0.170464858412743 -9999 0.169095635414124 0.184520602226257 0.201402127742767 0.202109321951866 0.203661069273949 0.204501256346703 0.199278295040131 0.193221271038055 0.183673575520515 0.172530934214592 0.158021241426468 0.154971778392792 0.165929079055786 0.1743134111166 0.180823624134064 0.185850992798805 0.190264269709587 0.193083167076111 0.195588663220406 0.200314804911613 0.204855591058731 0.206782087683678 0.207167908549309 0.202136665582657 0.200902715325356 0.206720754504204 0.208119213581085 0.204702392220497 0.202466949820518 0.200995922088623 0.199473023414612
-9999 -9999 -9999 -9999 -9999 -9999 -9999 -9999 -9999 -9999 -9999 -9999 -9999 -9999 -9999 0.169713005423546 0.167059138417244 0.182319402694702 0.200694918632507 0.202109321951866 0.204372629523277 0.199662730097771 0.194842025637627 0.189557552337646 0.174326926469803 0.13809922337532 0.125330314040184 0.141232892870903 0.154416963458061 0.165620923042297 0.175019040703773 0.183669313788414 0.189623534679413 0.195047795772552 0.201815783977509 0.208326980471611 0.211843371391296 0.212018668651581 0.200446560978889 0.197126790881157 0.209132507443428 0.213286191225052 0.20888477563858 0.205782622098923 0.2035211622715 0.200894191861153
0.202588051557541 0.202621832489967 -9999 -9999 -9999 -9999 -9999 -9999 -9999 -9999 -9999 0.187192648649216 0.170144155621529 -9999 -9999 -9999 0.168109536170959 0.16245336830616 0.178229853510857 0.19928053021431 0.199007108807564 0.19883967936039 0.198473632335663 0.197276383638382 0.18876875936985 0.164828360080719 0.148743137717247 0.142258539795876 0.150387361645699 0.169160380959511 0.18242035806179 0.193397209048271 0.199873387813568 0.205464854836464 0.209127590060234 0.211035326123238 0.196496576070786 0.184774354100227 0.18295519053936 0.184799611568451 0.193447753787041 0.201768428087234 0.209732353687286 0.210218787193298 0.205866932868958 0.202523961663246
0.202681332826614 0.20256233215332 0.202553555369377 -9999 -9999 -9999 -9999 -9999 -9999 -9999 -9999 0.19515386223793 0.182574182748795 0.170144155621529 -9999 -9999 0.17081406712532 0.163099572062492 0.153446480631828 0.173213377594948 0.193880513310432 0.198233738541603 0.20214906334877 0.204231649637222 0.200811713933945 0.185775488615036 0.167761951684952 0.146109521389008 0.150423243641853 0.173650324344635 0.188770264387131 0.200532749295235 0.206989109516144 0.212402388453484 0.21198508143425 0.208652034401894 0.178945094347 0.15730918943882 0.1640515178442 0.17086173593998 0.177798062562943 0.190504983067513 0.20949912071228 0.213593229651451 0.208046287298203 0.204271480441093
0.202681332826614 0.20256233215332 0.20253598690033 0.203055649995804 0.203845709562302 -9999 -9999 -9999 -9999 -9999 -9999 -9999 0.187744900584221 0.176591515541077 0.170144155621529 0.170414969325066 0.17081406712532 0.163099572062492 0.153446480631828 0.171149298548698 0.190035492181778 0.19879238307476 0.20605942606926 0.207091346383095 0.199987664818764 0.175709038972855 0.163212150335312 0.165114983916283 0.172265559434891 0.183238536119461 0.189480572938919 0.193763375282288 0.197293892502785 0.200676515698433 0.190950557589531 0.17895819246769 0.149568006396294 0.128659412264824 0.137572512030602 0.148284330964088 0.162336558103561 0.180605500936508 0.203468725085258 0.211272865533829 0.209333077073097 0.206650659441948
0.202470034360886 0.202392011880875 0.202709317207336 0.203139051795006 0.203838214278221 -9999 -9999 -9999 -9999 0.205823391675949 0.202811479568481 0.197066754102707 0.187570244073868 0.178597718477249 0.170053914189339 0.167391374707222 0.167514652013779 0.162749007344246 0.156815245747566 0.171774297952652 0.187853544950485 0.199346095323563 0.207519680261612 0.20180307328701 0.189904108643532 0.16495369374752 0.156696110963821 0.168840557336807 0.175499990582466 0.178164228796959 0.180136054754257 0.181821152567863 0.183521345257759 0.185224518179893 0.169496014714241 0.152273833751678 0.126766428351402 0.108776845037937 0.117220319807529 0.127970859408379 0.143005862832069 0.16103358566761 0.182321965694427 0.194736257195473 0.201408565044403 0.203389510512352
0.201730504631996 0.201795861124992 0.202379733324051 0.203111052513123 0.203838214278221 0.204559877514839 0.205144673585892 0.205727517604828 0.206300377845764 0.205823391675949 0.202811479568481 0.197066754102707 0.187570244073868 0.17568002641201 0.161831349134445 0.156808614730835 0.155966550111771 0.161522015929222 0.168606087565422 0.179122164845467 0.189829394221306 0.199887529015541 0.202854514122009 0.176144421100616 0.156671315431595 0.152476102113724 0.145264312624931 0.134365662932396 0.13221375644207 0.136432871222496 0.14565397799015 0.156946584582329 0.159555315971375 0.160456985235214 0.146991387009621 0.133113339543343 0.120403915643692 0.110812738537788 0.112185478210449 0.113317385315895 0.114002034068108 0.117280036211014 0.123383581638336 0.142658293247223 0.170455351471901 0.186027303338051
0.19677147269249 0.196786120533943 0.19923435151577 0.202374711632729 0.203047454357147 0.20346911251545 0.203931733965874 0.204416498541832 0.205013900995255 0.203944027423859 0.198848336935043 0.193819537758827 0.188882574439049 0.179068967700005 0.165265411138535 0.158528536558151 0.155138969421387 0.163852736353874 0.175458401441574 0.182585179805756 0.189296200871468 0.194434404373169 0.191261023283005 0.153302818536758 0.129979759454727 0.137552678585052 0.135098069906235 0.120387814939022 0.118503734469414 0.125962048768997 0.138376116752625 0.15284252166748 0.153398528695107 0.151220083236694 0.138267979025841 0.125507861375809 0.118520841002464 0.112465888261795 0.109688192605972 0.105227917432785 0.0976428985595703 0.0928443297743797 0.0910816788673401 0.111134521663189 0.145303010940552 0.168129727244377
0.185846850275993 0.185536339879036 0.192107990384102 0.200636923313141 0.201138690114021 0.200836226344109 0.201003909111023 0.201251938939095 0.201908588409424 0.199407562613487 0.189282029867172 0.18598136305809 0.19205030798912 0.191374331712723 0.185179844498634 0.177642166614532 0.169468253850937 0.171213388442993 0.175328522920609 0.180555745959282 0.185215651988983 0.180506110191345 0.169872164726257 0.134444028139114 0.112536318600178 0.119171276688576 0.126721084117889 0.135389029979706 0.146609038114548 0.159687906503677 0.169560045003891 0.178104147315025 0.172420799732208 0.16394068300724 0.149028718471527 0.134239062666893 0.122970841825008 0.113577902317047 0.11077855527401 0.106418766081333 0.0991610661149025 0.0957205221056938 0.096438892185688 0.108670622110367 0.128352046012878 0.149475261569023
0.174124047160149 0.173993110656738 0.182154700160027 0.192674696445465 0.195691525936127 0.197854369878769 0.197695940732956 0.196989387273788 0.193494498729706 0.188532754778862 0.180029153823853 0.180303692817688 0.192629471421242 0.19594344496727 0.191884204745293 0.183484926819801 0.173029854893684 0.172318920493126 0.173936188220978 0.176044002175331 0.177049025893211 0.161512851715088 0.14529412984848 0.12621895968914 0.11642549932003 0.126226484775543 0.138916552066803 0.155137628316879 0.168770268559456 0.180517509579659 0.186866924166679 0.190980926156044 0.182376712560654 0.171272397041321 0.155488193035126 0.139840602874756 0.127220660448074 0.1162935718894 0.111318551003933 0.106651678681374 0.102557063102722 0.101442866027355 0.103575937449932 0.109593898057938 0.118125565350056 0.135309979319572
0.161729067564011 0.162202730774879 0.169820815324783 0.179470762610435 0.187264606356621 0.194578632712364 0.194067850708961 0.191802188754082 0.180609777569771 0.172320291399956 0.171040192246437 0.176445439457893 0.191028743982315 0.193997710943222 0.187464132905006 0.178152024745941 0.167523786425591 0.168156892061234 0.17148070037365 0.16944183409214 0.16544146835804 0.138254299759865 0.118030436336994 0.126948744058609 0.138279303908348 0.154702350497246 0.168436452746391 0.178884088993073 0.185925886034966 0.190486907958984 0.192487701773643 0.193428203463554 0.184697687625885 0.174066066741943 0.158325478434563 0.142806604504585 0.131301924586296 0.120359696447849 0.111395090818405 0.106077909469604 0.107534408569336 0.109562002122402 0.112211808562279 0.113369561731815 0.113561876118183 0.124925136566162
0.149769008159637 0.151753425598145 0.157794892787933 0.164990186691284 0.178258284926414 0.191662222146988 0.191951707005501 0.190562546253204 0.180634334683418 0.174058094620705 0.175575509667397 0.179537773132324 0.186856508255005 0.187066465616226 0.181460231542587 0.16566364467144 0.14504012465477 0.143701165914536 0.146969959139824 0.144893765449524 0.141478344798088 0.123915374279022 0.113842777907848 0.135118171572685 0.154953390359879 0.171748280525208 0.183648124337196 0.189565196633339 0.19297206401825 0.194550544023514 0.194688454270363 0.194229751825333 0.187947437167168 0.180520340800285 0.164239019155502 0.14816577732563 0.137328580021858 0.126432552933693 0.115329697728157 0.108587056398392 0.10994179546833 0.111891999840736 0.1144909709692 0.115141622722149 0.114531606435776 0.120604813098907
0.138021811842918 0.141960397362709 0.145919695496559 0.149884879589081 0.168968424201012 0.18892166018486 0.190575480461121 0.19125472009182 0.186976313591003 0.184580236673355 0.186729192733765 0.18603153526783 0.181425854563713 0.177695468068123 0.174681231379509 0.149673581123352 0.114248119294643 0.109314322471619 0.111666016280651 0.111563503742218 0.111468784511089 0.113941445946693 0.12094784528017 0.146928355097771 0.169092670083046 0.183200731873512 0.191857770085335 0.193852514028549 0.195070996880531 0.195724070072174 0.195215538144112 0.194225952029228 0.191651731729507 0.188766002655029 0.171657979488373 0.154696121811867 0.144307270646095 0.133487462997437 0.121152341365814 0.112604886293411 0.111091516911983 0.111388958990574 0.113659344613552 0.115933172404766 0.118209235370159 0.119252271950245
0.148416087031364 0.151278495788574 0.153837248682976 0.156309649348259 0.169043704867363 0.182423114776611 0.18486712872982 0.186843320727348 0.186439752578735 0.18672302365303 0.188664808869362 0.188133478164673 0.184206888079643 0.178857132792473 0.172342985868454 0.144833743572235 0.107379578053951 0.108123749494553 0.117994785308838 0.120546407997608 0.122859314084053 0.129016488790512 0.138365015387535 0.161069720983505 0.179332375526428 0.188217520713806 0.193579211831093 0.194634512066841 0.19537141919136 0.19587641954422 0.195391669869423 0.194497033953667 0.193404644727707 0.192273378372192 0.182293727993965 0.172240003943443 0.164663687348366 0.155250206589699 0.139377236366272 0.127196118235588 0.121871158480644 0.118583470582962 0.117515467107296 0.116962216794491 0.11674202978611 0.116650447249413
