Ecospace-environmental-drivers/Outputs/ASCII-for-ecospace/MOM6-ISIMIP3a/o2-bot/2000-04_o2-bot_MOM6-ISIMIP3a.asc
NCOLS 131 
NROWS 53 
XLLCORNER -98 
YLLCORNER 23.9265270233154 
CELLSIZE 0.133587792515755 
NODATA_value -9999 
[rows 0 to 20 of 53, columns 46 to 91 of 131]
-9999 -9999 -9999 -9999 -9999 -9999 -9999 -9999 -9999 -9999 -9999 -9999 -9999 -9999 -9999 -9999 -9999 -9999 -9999 -9999 -9999 -9999 -9999 -9999 -9999 -9999 -9999 -9999 -9999 -9999 -9999 -9999 -9999 -9999 -9999 -9999 -9999 -9999 -9999 -9999 -9999 -9999 -9999 -9999 -9999 -9999
-9999 -9999 -9999 -9999 -9999 -9999 -9999 -9999 -9999 -9999 -9999 -9999 -9999 -9999 -9999 -9999 -9999 -9999 -9999 -9999 -9999 -9999 -9999 -9999 -9999 -9999 -9999 -9999 -9999 -9999 -9999 -9999 -9999 -9999 -9999 -9999 -9999 -9999 -9999 -9999 -9999 -9999 -9999 -9999 -9999 -9999
-9999 -9999 -9999 -9999 -9999 -9999 -9999 -9999 -9999 -9999 -9999 -9999 -9999 -9999 -9999 -9999 -9999 -9999 -9999 -9999 -9999 -9999 -9999 -9999 -9999 -9999 -9999 -9999 0.227867111563683 0.22904634475708 -9999 -9999 -9999 -9999 -9999 -9999 -9999 -9999 -9999 -9999 -9999 -9999 -9999 -9999 -9999 -9999
-9999 -9999 -9999 -9999 -9999 -9999 -9999 -9999 -9999 -9999 -9999 -9999 -9999 -9999 -9999 -9999 -9999 -9999 -9999 -9999 -9999 -9999 -9999 -9999 -9999 -9999 -9999 -9999 0.228227540850639 0.229209885001183 -9999 -9999 -9999 -9999 -9999 -9999 -9999 -9999 -9999 -9999 -9999 -9999 -9999 -9999 -9999 -9999
-9999 -9999 -9999 -9999 -9999 -9999 -9999 -9999 -9999 -9999 -9999 -9999 -9999 -9999 -9999 -9999 -9999 -9999 -9999 0.222584441304207 0.221970826387405 0.221479937434196 0.218616455793381 0.216907650232315 0.21592766046524 0.218430280685425 0.223126724362373 0.226709693670273 0.228655397891998 0.229317530989647 0.229656726121902 -9999 -9999 0.230762630701065 0.2310950756073 0.231032729148865 0.230438947677612 0.22934864461422 0.228353038430214 0.227653861045837 0.227431744337082 0.227765738964081 0.228235378861427 -9999 -9999 -9999
-9999 -9999 -9999 -9999 -9999 -9999 -9999 -9999 -9999 -9999 -9999 -9999 -9999 -9999 -9999 0.186649307608604 -9999 0.192629083991051 0.197647929191589 0.210346937179565 0.222584441304207 0.221848100423813 0.221479937434196 0.215752959251404 0.213490039110184 0.218539983034134 0.223260805010796 0.227579385042191 0.229288876056671 0.229097917675972 0.229565784335136 0.23030649125576 0.230519488453865 0.230628743767738 0.231139674782753 0.231516823172569 0.230441704392433 0.229358330368996 0.228245884180069 0.227454885840416 0.227260813117027 0.227579519152641 0.228456899523735 0.228669732809067 0.22845259308815 -9999
-9999 -9999 -9999 -9999 -9999 -9999 -9999 -9999 -9999 -9999 -9999 0.147511124610901 0.147442817687988 0.147087916731834 0.145353719592094 0.164623230695724 0.186036735773087 0.187261879444122 0.19297744333744 0.197647929191589 0.2108084410429 0.222584441304207 0.221479937434196 0.215752959251404 0.213490039110184 0.218539983034134 0.223260805010796 0.227579385042191 0.229288876056671 0.229097917675972 0.229565784335136 0.23030649125576 0.230519488453865 0.230628743767738 0.231139674782753 0.231516823172569 0.230441704392433 0.229358330368996 0.228245884180069 0.227454885840416 0.227260813117027 0.227579519152641 0.228456899523735 0.228669732809067 0.22845259308815 0.228395208716393
-9999 -9999 -9999 -9999 -9999 -9999 -9999 -9999 -9999 -9999 -9999 0.147877335548401 0.147511124610901 0.147374510765076 -9999 0.14230851829052 0.161130905151367 0.184811592102051 0.187261879444122 0.194022506475449 0.197647929191589 0.212192937731743 0.223374754190445 0.220481246709824 0.215368017554283 0.205568730831146 0.203357979655266 0.210421949625015 0.215067878365517 0.217952519655228 0.221455514431 0.225214570760727 0.226211532950401 0.226665541529655 0.228194579482079 0.229434281587601 0.227458536624908 0.225653767585754 0.224450185894966 0.223872810602188 0.224458381533623 0.225529089570045 0.227128401398659 0.227740585803986 0.227714076638222 0.228022634983063
-9999 -9999 -9999 -9999 -9999 -9999 -9999 -9999 -9999 -9999 -9999 -9999 -9999 -9999 -9999 0.144385322928429 0.135302320122719 0.153893396258354 0.182361304759979 0.187261879444122 0.197157695889473 0.212787508964539 0.225453570485115 0.225716009736061 0.217668667435646 0.192078739404678 0.182322278618813 0.191917583346367 0.199589297175407 0.205859914422035 0.212687969207764 0.219746872782707 0.221627727150917 0.222490683197975 0.225018292665482 0.227089062333107 0.224094957113266 0.221483886241913 0.220219612121582 0.219904109835625 0.221350520849228 0.223241418600082 0.225616559386253 0.22667595744133 0.226883977651596 0.227552339434624
0.229304105043411 0.229375317692757 -9999 -9999 -9999 -9999 -9999 -9999 -9999 -9999 -9999 0.196412667632103 0.148252710700035 -9999 -9999 -9999 0.138680145144463 0.120262145996094 0.140901505947113 0.177460744976997 0.178246691823006 0.204627558588982 0.226629823446274 0.230307221412659 0.227246463298798 0.209960907697678 0.197967007756233 0.192440554499626 0.195080980658531 0.203670009970665 0.212214753031731 0.220741152763367 0.223940744996071 0.226093217730522 0.225108072161674 0.223680630326271 0.219067692756653 0.215488404035568 0.215543493628502 0.216322481632233 0.21844582259655 0.220633164048195 0.222890272736549 0.224514737725258 0.22572985291481 0.226868256926537
0.229249626398087 0.229501008987427 0.229519560933113 -9999 -9999 -9999 -9999 -9999 -9999 -9999 -9999 0.220266580581665 0.191328436136246 0.148252710700035 -9999 -9999 0.146418258547783 0.122111037373543 0.092257134616375 0.125416710972786 0.162793427705765 0.198542788624763 0.228596433997154 0.234812960028648 0.235562860965729 0.22477225959301 0.211186990141869 0.194186061620712 0.192844197154045 0.202908158302307 0.21216207742691 0.221080526709557 0.225081294775009 0.228115364909172 0.224200040102005 0.219439923763275 0.208941161632538 0.201703205704689 0.205930382013321 0.210152745246887 0.214366123080254 0.217740252614021 0.220199942588806 0.222526356577873 0.22476652264595 0.226258397102356
0.229249626398087 0.229501008987427 0.229556664824486 0.229486912488937 0.230084866285324 -9999 -9999 -9999 -9999 -9999 -9999 -9999 0.212923929095268 0.182182148098946 0.148252710700035 0.147511124610901 0.146418258547783 0.122111037373543 0.092257134616375 0.126900687813759 0.165886923670769 0.203589007258415 0.234802454710007 0.238860249519348 0.237113356590271 0.223112285137177 0.21140119433403 0.202488929033279 0.202791556715965 0.209806203842163 0.214365139603615 0.217907100915909 0.219932824373245 0.221660494804382 0.217940017580986 0.210735157132149 0.171463146805763 0.146135374903679 0.169836208224297 0.190100833773613 0.203984081745148 0.213320359587669 0.217702552676201 0.221465051174164 0.224826589226723 0.226046562194824
0.228836506605148 0.228982791304588 0.229105308651924 0.229221075773239 0.2300646007061 -9999 -9999 -9999 -9999 0.230847761034966 0.225515767931938 0.221398919820786 0.218950286507607 0.198422566056252 0.163103029131889 0.150781348347664 0.149353250861168 0.128840506076813 0.103767804801464 0.136477425694466 0.173126742243767 0.209341064095497 0.238311365246773 0.236964717507362 0.23179517686367 0.218555212020874 0.206250891089439 0.195090100169182 0.193649873137474 0.199289962649345 0.201875910162926 0.203197032213211 0.205426603555679 0.207834750413895 0.202399268746376 0.192358553409576 0.140167862176895 0.106409296393394 0.13745903968811 0.163545042276382 0.180412843823433 0.191507712006569 0.196312755346298 0.206344246864319 0.219757497310638 0.223821550607681
0.227390602231026 0.227169051766396 0.227998569607735 0.229127034544945 0.2300646007061 0.230968922376633 0.231503218412399 0.231990084052086 0.232235640287399 0.230847761034966 0.225515767931938 0.221398919820786 0.218950286507607 0.202020481228828 0.173242568969727 0.162227317690849 0.159625858068466 0.152393981814384 0.144055753946304 0.166286483407021 0.190732628107071 0.216857731342316 0.235077366232872 0.220211789011955 0.209304943680763 0.206755265593529 0.187689051032066 0.14843624830246 0.136784553527832 0.145237118005753 0.15265516936779 0.159644797444344 0.16752552986145 0.175581440329552 0.163656264543533 0.14980186522007 0.124329686164856 0.10628841817379 0.114374592900276 0.120729170739651 0.123867973685265 0.126212298870087 0.127691015601158 0.156073957681656 0.201865211129189 0.21656346321106
0.215176060795784 0.216454476118088 0.221452504396439 0.227508381009102 0.228655740618706 0.229290083050728 0.229639083147049 0.229989483952522 0.230347022414207 0.228976279497147 0.223432406783104 0.220108807086945 0.219833359122276 0.208156019449234 0.187149956822395 0.17712664604187 0.17230561375618 0.171423450112343 0.171482414007187 0.186362132430077 0.202163979411125 0.216568201780319 0.222545355558395 0.193254441022873 0.175084114074707 0.180390238761902 0.165206924080849 0.124981284141541 0.114859960973263 0.126666158437729 0.136735513806343 0.146085575222969 0.152966514229774 0.159362092614174 0.143685966730118 0.127782538533211 0.117643304169178 0.108448259532452 0.1025730073452 0.0968618020415306 0.0914552435278893 0.0881809517741203 0.0872298330068588 0.121541269123554 0.17866924405098 0.202135369181633
0.187736630439758 0.193155780434608 0.207216203212738 0.223734200000763 0.225254997611046 0.225237712264061 0.225139394402504 0.225160390138626 0.225788250565529 0.224458873271942 0.218403518199921 0.216994687914848 0.221964940428734 0.217879310250282 0.206384420394897 0.196908384561539 0.188388630747795 0.184056788682938 0.180725559592247 0.192676484584808 0.204865679144859 0.205242112278938 0.196867659687996 0.151869893074036 0.124278396368027 0.133432880043983 0.137182205915451 0.134325325489044 0.142335146665573 0.158260092139244 0.167897492647171 0.174930989742279 0.171408906579018 0.165811836719513 0.150256842374802 0.134799271821976 0.123895883560181 0.113832630217075 0.106723308563232 0.0997841358184814 0.0931609347462654 0.0886959880590439 0.0865825414657593 0.10925867408514 0.147974833846092 0.177570223808289
0.180107161402702 0.184640929102898 0.198917776346207 0.215965539216995 0.219983160495758 0.222563222050667 0.22234071791172 0.22157296538353 0.218031525611877 0.214460924267769 0.210819929838181 0.212392315268517 0.221121966838837 0.221659630537033 0.215494811534882 0.206723585724831 0.196717739105225 0.193047195672989 0.190890356898308 0.196369186043739 0.200847774744034 0.183133229613304 0.162744924426079 0.131166681647301 0.114011205732822 0.127303317189217 0.140205100178719 0.152629837393761 0.16562394797802 0.179032772779465 0.185923516750336 0.19011490046978 0.181752309203148 0.17092190682888 0.155170187354088 0.139719635248184 0.128991484642029 0.118651933968067 0.109678760170937 0.10179441422224 0.0959321409463882 0.0916163697838783 0.0889855399727821 0.100677117705345 0.121635966002941 0.151731103658676
0.189160019159317 0.188575863838196 0.195619747042656 0.204833060503006 0.213135614991188 0.221049085259438 0.220974504947662 0.219031170010567 0.207581728696823 0.19984769821167 0.201084971427917 0.206536635756493 0.217774078249931 0.220435246825218 0.216079562902451 0.208145767450333 0.198517128825188 0.198969826102257 0.201831296086311 0.197854116559029 0.191171154379845 0.15194396674633 0.121510483324528 0.127879619598389 0.137882277369499 0.155555605888367 0.169373780488968 0.178480163216591 0.185387343168259 0.190692663192749 0.192887499928474 0.193794190883636 0.18527540564537 0.174903810024261 0.158687695860863 0.142874583601952 0.133112743496895 0.122995391488075 0.111627988517284 0.103036619722843 0.099600650370121 0.0965623259544373 0.093957245349884 0.0952122882008553 0.0989650040864944 0.124819174408913
0.199386596679688 0.198203831911087 0.20129357278347 0.205598428845406 0.212205141782761 0.218798398971558 0.218667149543762 0.216980412602425 0.207381084561348 0.201209098100662 0.20331272482872 0.207903355360031 0.215908333659172 0.218413487076759 0.216418817639351 0.196613490581512 0.168371617794037 0.16554182767868 0.168783813714981 0.164361193776131 0.158015951514244 0.131351336836815 0.113806463778019 0.134428650140762 0.154107183218002 0.171793639659882 0.184050470590591 0.189671203494072 0.19314794242382 0.195063009858131 0.19525320827961 0.194729089736938 0.18860425055027 0.181378468871117 0.16387403011322 0.146808385848999 0.137747824192047 0.128168910741806 0.116767548024654 0.108102887868881 0.104520596563816 0.101464912295341 0.0989830046892166 0.0971207320690155 0.0956594049930573 0.110265150666237
0.210187539458275 0.210617810487747 0.211357966065407 0.212186262011528 0.214170292019844 0.216187253594398 0.215899229049683 0.215169951319695 0.212196096777916 0.210387989878654 0.211394652724266 0.212804526090622 0.214767917990685 0.216001495718956 0.216637969017029 0.178741663694382 0.122593231499195 0.112856768071651 0.114209681749344 0.113751113414764 0.113371014595032 0.115944392979145 0.122511237859726 0.145791172981262 0.166590288281441 0.18215224146843 0.191635221242905 0.193688452243805 0.195034727454185 0.19586606323719 0.195368647575378 0.194320946931839 0.191838040947914 0.189072996377945 0.169877037405968 0.151123344898224 0.142634317278862 0.133748650550842 0.123468369245529 0.11504054069519 0.110052958130836 0.106346286833286 0.104035213589668 0.102637447416782 0.101830646395683 0.101758725941181
0.212746888399124 0.21368645131588 0.213924124836922 0.213962182402611 0.21470345556736 0.215495139360428 0.215704530477524 0.215727433562279 0.214801639318466 0.214260116219521 0.214646488428116 0.215278178453445 0.21624667942524 0.214992016553879 0.211918443441391 0.17157644033432 0.113581217825413 0.109606802463531 0.118539772927761 0.121262073516846 0.123836971819401 0.130476504564285 0.139758959412575 0.160102382302284 0.17708320915699 0.186965331435204 0.192972093820572 0.194242343306541 0.195221245288849 0.195987924933434 0.195504441857338 0.194503203034401 0.193430095911026 0.192342877388 0.18109792470932 0.170001804828644 0.16403429210186 0.156074851751328 0.141111716628075 0.128744453191757 0.121198005974293 0.115556247532368 0.111989729106426 0.109075106680393 0.106582298874855 0.103773906826973
