Ecospace-environmental-drivers/Outputs/ASCII-for-ecospace/MOM6-ISIMIP3a/o2-bot/2000-10_o2-bot_MOM6-ISIMIP3a.asc
NCOLS 131 
NROWS 53 
XLLCORNER -98 
YLLCORNER 23.9265270233154 
CELLSIZE 0.133587792515755 
NODATA_value -9999 
[rows 0 to 20 of 53, columns 46 to 91 of 131]
-9999 -9999 -9999 -9999 -9999 -9999 -9999 -9999 -9999 -9999 -9999 -9999 -9999 -9999 -9999 -9999 -9999 -9999 -9999 -9999 -9999 -9999 -9999 -9999 -9999 -9999 -9999 -9999 -9999 -9999 -9999 -9999 -9999 -9999 -9999 -9999 -9999 -9999 -9999 -9999 -9999 -9999 -9999 -9999 -9999 -9999
-9999 -9999 -9999 -9999 -9999 -9999 -9999 -9999 -9999 -9999 -9999 -9999 -9999 -9999 -9999 -9999 -9999 -9999 -9999 -9999 -9999 -9999 -9999 -9999 -9999 -9999 -9999 -9999 -9999 -9999 -9999 -9999 -9999 -9999 -9999 -9999 -9999 -9999 -9999 -9999 -9999 -9999 -9999 -9999 -9999 -9999
-9999 -9999 -9999 -9999 -9999 -9999 -9999 -9999 -9999 -9999 -9999 -9999 -9999 -9999 -9999 -9999 -9999 -9999 -9999 -9999 -9999 -9999 -9999 -9999 -9999 -9999 -9999 -9999 0.220982894301414 0.22063235938549 -9999 -9999 -9999 -9999 -9999 -9999 -9999 -9999 -9999 -9999 -9999 -9999 -9999 -9999 -9999 -9999
-9999 -9999 -9999 -9999 -9999 -9999 -9999 -9999 -9999 -9999 -9999 -9999 -9999 -9999 -9999 -9999 -9999 -9999 -9999 -9999 -9999 -9999 -9999 -9999 -9999 -9999 -9999 -9999 0.22110478579998 0.220819965004921 -9999 -9999 -9999 -9999 -9999 -9999 -9999 -9999 -9999 -9999 -9999 -9999 -9999 -9999 -9999 -9999
-9999 -9999 -9999 -9999 -9999 -9999 -9999 -9999 -9999 -9999 -9999 -9999 -9999 -9999 -9999 -9999 -9999 -9999 -9999 0.227918967604637 0.227501764893532 0.227167993783951 0.225221067667007 0.223683819174767 0.221474096179008 0.220610871911049 0.220772475004196 0.221030965447426 0.221268311142921 0.221015080809593 0.220176488161087 -9999 -9999 0.215151339769363 0.213209077715874 0.211676061153412 0.21068312227726 0.210316896438599 0.210145115852356 0.210181176662445 0.210390567779541 0.210850358009338 0.211376771330833 -9999 -9999 -9999
-9999 -9999 -9999 -9999 -9999 -9999 -9999 -9999 -9999 -9999 -9999 -9999 -9999 -9999 -9999 0.214718952775002 -9999 0.216086983680725 0.217246040701866 0.222507283091545 0.227918967604637 0.227418318390846 0.227167993783951 0.223274156451225 0.220609292387962 0.220538854598999 0.220684468746185 0.221094116568565 0.221314311027527 0.221396505832672 0.220334440469742 0.218798503279686 0.217043355107307 0.215245127677917 0.213165521621704 0.211216583848 0.210646077990532 0.210186690092087 0.210117936134338 0.210130721330643 0.210294887423515 0.210746109485626 0.211510062217712 0.211874142289162 0.21197946369648 -9999
-9999 -9999 -9999 -9999 -9999 -9999 -9999 -9999 -9999 -9999 -9999 0.193579405546188 0.19414210319519 0.194557681679726 0.195704281330109 0.205588161945343 0.214583352208138 0.214854538440704 0.216160386800766 0.217246040701866 0.222356826066971 0.227918967604637 0.227167993783951 0.223274156451225 0.220609292387962 0.220538854598999 0.220684468746185 0.221094116568565 0.221314311027527 0.221396505832672 0.220334440469742 0.218798503279686 0.217043355107307 0.215245127677917 0.213165521621704 0.211216583848 0.210646077990532 0.210186690092087 0.210117936134338 0.210130721330643 0.210294887423515 0.210746109485626 0.211510062217712 0.211874142289162 0.21197946369648 0.21200729906559
-9999 -9999 -9999 -9999 -9999 -9999 -9999 -9999 -9999 -9999 -9999 0.19056248664856 0.193579405546188 0.194704785943031 -9999 0.197019219398499 0.206094861030579 0.214312165975571 0.214854538440704 0.216380596160889 0.217246040701866 0.221905469894409 0.224922567605972 0.221066430211067 0.217921108007431 0.216276407241821 0.215614780783653 0.216154664754868 0.216480150818825 0.216649442911148 0.216111928224564 0.215281695127487 0.214114218950272 0.212880462408066 0.211748525500298 0.210672527551651 0.210105940699577 0.208662807941437 0.204137712717056 0.202909886837006 0.207805439829826 0.210549786686897 0.21095035970211 0.210958778858185 0.210713461041451 0.209775179624557
-9999 -9999 -9999 -9999 -9999 -9999 -9999 -9999 -9999 -9999 -9999 -9999 -9999 -9999 -9999 0.196756914258003 0.198470562696457 0.206080138683319 0.213769808411598 0.214854538440704 0.217041209340096 0.220442473888397 0.222452998161316 0.218643099069595 0.214989095926285 0.211664229631424 0.210135504603386 0.210802033543587 0.211227506399155 0.211477383971214 0.211496204137802 0.211419343948364 0.2109065502882 0.210308074951172 0.210191369056702 0.210007831454277 0.208997130393982 0.206192582845688 0.19708077609539 0.194644942879677 0.204607099294662 0.209946244955063 0.210248455405235 0.209986135363579 0.209358543157578 0.208903700113297
0.226014420390129 0.225831642746925 -9999 -9999 -9999 -9999 -9999 -9999 -9999 -9999 -9999 0.204504102468491 0.187470152974129 -9999 -9999 -9999 0.198610424995422 0.198720335960388 0.204445570707321 0.212685078382492 0.212794855237007 0.217635840177536 0.220845878124237 0.217230275273323 0.213922753930092 0.211265563964844 0.20988442003727 0.210062846541405 0.210010424256325 0.209789842367172 0.209463849663734 0.209094181656837 0.209295004606247 0.20960795879364 0.209221839904785 0.207296848297119 0.19059194624424 0.177299663424492 0.176006287336349 0.178158476948738 0.186709448695183 0.196236044168472 0.206825628876686 0.210523962974548 0.20976334810257 0.209551185369492
0.226206973195076 0.225456312298775 0.225400909781456 -9999 -9999 -9999 -9999 -9999 -9999 -9999 -9999 0.212333142757416 0.200598955154419 0.187470152974129 -9999 -9999 0.202582463622093 0.199669390916824 0.193909153342247 0.201109692454338 0.209053233265877 0.214851498603821 0.218875139951706 0.215471774339676 0.212518349289894 0.210514768958092 0.209191486239433 0.20869967341423 0.208199337124825 0.207692801952362 0.207136079668999 0.20655857026577 0.207333281636238 0.208373785018921 0.205684199929237 0.200383499264717 0.170924738049507 0.149326547980309 0.155366480350494 0.162023484706879 0.169826462864876 0.183333814144135 0.203056246042252 0.210507035255432 0.210017487406731 0.210088089108467
0.226206973195076 0.225456312298775 0.225290104746819 0.225315675139427 0.225684210658073 -9999 -9999 -9999 -9999 -9999 -9999 -9999 0.206503972411156 0.195850938558578 0.187470152974129 0.193579405546188 0.202582463622093 0.199669390916824 0.193909153342247 0.200644910335541 0.208018854260445 0.212186753749847 0.214953929185867 0.211858972907066 0.209300637245178 0.207875117659569 0.206128522753716 0.203989505767822 0.203202143311501 0.203399270772934 0.20322385430336 0.202894136309624 0.203493297100067 0.204275071620941 0.188371822237968 0.170929491519928 0.144488304853439 0.126287117600441 0.137058138847351 0.147773608565331 0.158385902643204 0.174765273928642 0.197428077459335 0.207514524459839 0.209463447332382 0.210031852126122
0.22577990591526 0.225111439824104 0.225074574351311 0.225217327475548 0.22568067908287 -9999 -9999 -9999 -9999 0.223679006099701 0.217755883932114 0.212339073419571 0.20761738717556 0.199555471539497 0.188760712742805 0.191467732191086 0.200570270419121 0.199172243475914 0.195265293121338 0.200730606913567 0.20664045214653 0.20964939892292 0.211189016699791 0.206579372286797 0.202340334653854 0.198883667588234 0.194109261035919 0.187724322080612 0.185805156826973 0.187138810753822 0.189012825489044 0.191110625863075 0.192276328802109 0.193258792161942 0.169956311583519 0.145990148186684 0.124326050281525 0.110072903335094 0.121877074241638 0.133073449134827 0.143141105771065 0.158428326249123 0.179402455687523 0.192386731505394 0.20020118355751 0.204127371311188
0.224285155534744 0.223904356360435 0.224406883120537 0.225160598754883 0.22568067908287 0.226154610514641 0.226028829813004 0.225878924131393 0.225606381893158 0.223679006099701 0.217755883932114 0.212339073419571 0.20761738717556 0.197313889861107 0.182443544268608 0.184076800942421 0.193527445197105 0.197432205080986 0.200011864304543 0.202192485332489 0.204401969909668 0.20743054151535 0.207814857363701 0.197132676839828 0.186023369431496 0.174012362957001 0.159698784351349 0.142570972442627 0.137408137321472 0.140960395336151 0.149054303765297 0.159029081463814 0.162616461515427 0.164948239922523 0.148782923817635 0.132337689399719 0.119849532842636 0.11092209815979 0.114514335989952 0.117247551679611 0.11838548630476 0.122669897973537 0.130382508039474 0.14692011475563 0.169167920947075 0.183601960539818
0.215997129678726 0.216027453541756 0.21902996301651 0.222877755761147 0.223794966936111 0.224378943443298 0.224065214395523 0.22373078763485 0.223291113972664 0.22118017077446 0.215033784508705 0.21002970635891 0.206593871116638 0.197285249829292 0.183171704411507 0.183797121047974 0.191404074430466 0.196846187114716 0.201771035790443 0.202073529362679 0.20209875702858 0.20271024107933 0.199228733778 0.178617596626282 0.160875245928764 0.149189129471779 0.136281251907349 0.121880128979683 0.119989164173603 0.127210423350334 0.138303115963936 0.15099909901619 0.153021290898323 0.152945265173912 0.140320256352425 0.127651482820511 0.119094975292683 0.112139262259007 0.110812045633793 0.108643360435963 0.104911968111992 0.102956220507622 0.102935098111629 0.119286902248859 0.146232768893242 0.165686458349228
0.198104664683342 0.198720619082451 0.206995069980621 0.217447578907013 0.219243183732033 0.220092788338661 0.2193254083395 0.218545585870743 0.217702478170395 0.215148434042931 0.208463162183762 0.204455330967903 0.204123288393021 0.200385302305222 0.193860664963722 0.193571478128433 0.19623589515686 0.197891727089882 0.199306592345238 0.199719578027725 0.1997040361166 0.194453373551369 0.18327385187149 0.147281512618065 0.123241513967514 0.124433860182762 0.12840573489666 0.135774776339531 0.146367520093918 0.159308344125748 0.168845728039742 0.176973640918732 0.171793922781944 0.163998246192932 0.149828225374222 0.135641932487488 0.123602584004402 0.113876678049564 0.112284973263741 0.11024933308363 0.107389263808727 0.105926878750324 0.105987302958965 0.11686684936285 0.134746879339218 0.151460856199265
0.187509045004845 0.186883926391602 0.195439368486404 0.206605762243271 0.211747229099274 0.216078087687492 0.215174466371536 0.213745310902596 0.209642946720123 0.20511731505394 0.199569642543793 0.197533175349236 0.200317099690437 0.200271844863892 0.197911873459816 0.193880066275597 0.18905633687973 0.189330860972404 0.190823510289192 0.189869314432144 0.187877774238586 0.173234194517136 0.156581833958626 0.13152252137661 0.117825709283352 0.128116071224213 0.140398249030113 0.155114829540253 0.168022945523262 0.179613813757896 0.186055645346642 0.190365105867386 0.182100653648376 0.171364486217499 0.156196117401123 0.141096755862236 0.128274917602539 0.117357976734638 0.113138802349567 0.110165737569332 0.109506860375404 0.109531961381435 0.110302284359932 0.115987688302994 0.124853380024433 0.138867482542992
0.183058232069016 0.179653719067574 0.184287220239639 0.191206708550453 0.201771914958954 0.21229200065136 0.211519405245781 0.20926921069622 0.199502632021904 0.191718235611916 0.188720002770424 0.189476028084755 0.195386171340942 0.197452262043953 0.196373298764229 0.186217337846756 0.17176179587841 0.172680228948593 0.177272006869316 0.173706293106079 0.168109014630318 0.141099229454994 0.120847888290882 0.128881305456161 0.139541253447533 0.155746027827263 0.169121980667114 0.179040566086769 0.185701131820679 0.189988628029823 0.192037835717201 0.193160101771355 0.185278102755547 0.175626069307327 0.159919694066048 0.144416287541389 0.133085966110229 0.122307844460011 0.113471277058125 0.108659319579601 0.111321531236172 0.113671310245991 0.115680679678917 0.116406135261059 0.116300843656063 0.127648651599884
0.184259504079819 0.181718587875366 0.184195011854172 0.188098341226578 0.19702821969986 0.206114247441292 0.205525144934654 0.203804343938828 0.19632676243782 0.19067457318306 0.18942990899086 0.190224021673203 0.193817108869553 0.193754211068153 0.190700098872185 0.172013282775879 0.145921602845192 0.144235596060753 0.148380905389786 0.145705923438072 0.14163039624691 0.123989537358284 0.113928601145744 0.135590374469757 0.155605360865593 0.172143816947937 0.183851391077042 0.189654603600502 0.192904427647591 0.194294422864914 0.19447161257267 0.194146543741226 0.188272520899773 0.181307703256607 0.165055021643639 0.149030834436417 0.13859897851944 0.128113865852356 0.117441527545452 0.110991954803467 0.112384520471096 0.114179559051991 0.116413101553917 0.116644695401192 0.115580938756466 0.122315816581249
0.188226729631424 0.188332200050354 0.189515218138695 0.191004678606987 0.194844752550125 0.198766112327576 0.198386147618294 0.197855606675148 0.196559101343155 0.195677280426025 0.195796728134155 0.195280998945236 0.193893253803253 0.189626261591911 0.183003544807434 0.154608115553856 0.115899436175823 0.110019318759441 0.111983060836792 0.111912712454796 0.111868157982826 0.114232771098614 0.121110364794731 0.146875202655792 0.168903812766075 0.183044940233231 0.191732376813889 0.193754285573959 0.194981619715691 0.195630207657814 0.195168882608414 0.194247931241989 0.191177368164062 0.187684267759323 0.17088121175766 0.154279127717018 0.144455507397652 0.134338855743408 0.123192004859447 0.115203306078911 0.11307966709137 0.112910859286785 0.114871919155121 0.116795219480991 0.118694096803665 0.119863413274288
0.187026053667068 0.187614932656288 0.188354685902596 0.18913733959198 0.191325142979622 0.193588331341743 0.194003507494926 0.194405823945999 0.194742694497108 0.194794073700905 0.19415608048439 0.19307467341423 0.191384509205818 0.185634598135948 0.176563084125519 0.147454589605331 0.108855023980141 0.108951516449451 0.118293784558773 0.120953254401684 0.12339972704649 0.129428267478943 0.138611540198326 0.160997733473778 0.179074242711067 0.188052669167519 0.193467617034912 0.194527268409729 0.195291265845299 0.195839941501617 0.195404544472694 0.194561615586281 0.193076431751251 0.191465005278587 0.181576311588287 0.171663790941238 0.164512857794762 0.155578061938286 0.140371114015579 0.128549188375473 0.123013645410538 0.119512625038624 0.118228293955326 0.117420025169849 0.116919793188572 0.116915911436081
