Ecospace-environmental-drivers/Outputs/ASCII-for-ecospace/MOM6-ISIMIP3a/o2-bot/2001-08_o2-bot_MOM6-ISIMIP3a.asc
NCOLS 131 
NROWS 53 
XLLCORNER -98 
YLLCORNER 23.9265270233154 
CELLSIZE 0.133587792515755 
NODATA_value -9999 
[rows 0 to 19 of 53, columns 46 to 91 of 131]
-9999 -9999 -9999 -9999 -9999 -9999 -9999 -9999 -9999 -9999 -9999 -9999 -9999 -9999 -9999 -9999 -9999 -9999 -9999 -9999 -9999 -9999 -9999 -9999 -9999 -9999 -9999 -9999 -9999 -9999 -9999 -9999 -9999 -9999 -9999 -9999 -9999 -9999 -9999 -9999 -9999 -9999 -9999 -9999 -9999 -9999
-9999 -9999 -9999 -9999 -9999 -9999 -9999 -9999 -9999 -9999 -9999 -9999 -9999 -9999 -9999 -9999 -9999 -9999 -9999 -9999 -9999 -9999 -9999 -9999 -9999 -9999 -9999 -9999 -9999 -9999 -9999 -9999 -9999 -9999 -9999 -9999 -9999 -9999 -9999 -9999 -9999 -9999 -9999 -9999 -9999 -9999
-9999 -9999 -9999 -9999 -9999 -9999 -9999 -9999 -9999 -9999 -9999 -9999 -9999 -9999 -9999 -9999 -9999 -9999 -9999 -9999 -9999 -9999 -9999 -9999 -9999 -9999 -9999 -9999 0.183469787240028 0.186175882816315 -9999 -9999 -9999 -9999 -9999 -9999 -9999 -9999 -9999 -9999 -9999 -9999 -9999 -9999 -9999 -9999
-9999 -9999 -9999 -9999 -9999 -9999 -9999 -9999 -9999 -9999 -9999 -9999 -9999 -9999 -9999 -9999 -9999 -9999 -9999 -9999 -9999 -9999 -9999 -9999 -9999 -9999 -9999 -9999 0.184327200055122 0.186884641647339 -9999 -9999 -9999 -9999 -9999 -9999 -9999 -9999 -9999 -9999 -9999 -9999 -9999 -9999 -9999 -9999
-9999 -9999 -9999 -9999 -9999 -9999 -9999 -9999 -9999 -9999 -9999 -9999 -9999 -9999 -9999 -9999 -9999 -9999 -9999 0.176234409213066 0.174407377839088 0.172945752739906 0.164419740438461 0.159260094165802 0.156047478318214 0.162085980176926 0.172515824437141 0.179890900850296 0.185185894370079 0.187904819846153 0.187563225626945 -9999 -9999 0.19137516617775 0.19718824326992 0.201702162623405 0.203846737742424 0.204544916749001 0.20587632060051 0.207077100872993 0.207077413797379 0.205803394317627 0.204010963439941 -9999 -9999 -9999
-9999 -9999 -9999 -9999 -9999 -9999 -9999 -9999 -9999 -9999 -9999 -9999 -9999 -9999 -9999 0.090238131582737 -9999 0.0944159775972366 0.0980315804481506 0.137554973363876 0.176234409213066 0.174041971564293 0.172945752739906 0.155893728137016 0.148940801620483 0.163307905197144 0.174009248614311 0.180230319499969 0.185433119535446 0.18989422917366 0.188387110829353 0.184408336877823 0.186642646789551 0.19009830057621 0.197384551167488 0.204081863164902 0.203640088438988 0.203818276524544 0.206176370382309 0.207634314894676 0.207420617341995 0.206177324056625 0.20381224155426 0.202043324708939 0.200660139322281 -9999
-9999 -9999 -9999 -9999 -9999 -9999 -9999 -9999 -9999 -9999 -9999 0.0690557509660721 0.06873569637537 0.0684655755758286 0.0676366165280342 0.078518383204937 0.0899316146969795 0.0905446410179138 0.0946717113256454 0.0980315804481506 0.138398930430412 0.176234409213066 0.172945752739906 0.155893728137016 0.148940801620483 0.163307905197144 0.174009248614311 0.180230319499969 0.185433119535446 0.18989422917366 0.188387110829353 0.184408336877823 0.186642646789551 0.19009830057621 0.197384551167488 0.204081863164902 0.203640088438988 0.203818276524544 0.206176370382309 0.207634314894676 0.207420617341995 0.206177324056625 0.20381224155426 0.202043324708939 0.200660139322281 0.200294598937035
-9999 -9999 -9999 -9999 -9999 -9999 -9999 -9999 -9999 -9999 -9999 0.0707717314362526 0.0690557509660721 0.0684156492352486 -9999 0.0665688663721085 0.0776214599609375 0.0893185883760452 0.0905446410179138 0.0954389125108719 0.0980315804481506 0.14093080163002 0.174112588167191 0.16662585735321 0.159211590886116 0.151950299739838 0.152326822280884 0.162038311362267 0.169157817959785 0.174389377236366 0.17773063480854 0.180289044976234 0.183704376220703 0.187288165092468 0.198056399822235 0.208171546459198 0.209307566285133 0.20928293466568 0.205177426338196 0.204239875078201 0.209185585379601 0.210504710674286 0.20787250995636 0.205354273319244 0.202909767627716 0.20159550011158
-9999 -9999 -9999 -9999 -9999 -9999 -9999 -9999 -9999 -9999 -9999 -9999 -9999 -9999 -9999 0.0669447183609009 0.06498634070158 0.0763130038976669 0.0880925431847572 0.0905446410179138 0.0977405086159706 0.140470638871193 0.175536662340164 0.178527683019638 0.17080469429493 0.140463575720787 0.129625722765923 0.142624869942665 0.151716306805611 0.157961413264275 0.166597783565521 0.176224455237389 0.180965960025787 0.184747144579887 0.199087724089622 0.212676808238029 0.215104818344116 0.214578822255135 0.203666403889656 0.200223103165627 0.210650816559792 0.214832693338394 0.212209492921829 0.208987399935722 0.205377772450447 0.202905312180519
0.202918231487274 0.203076079487801 -9999 -9999 -9999 -9999 -9999 -9999 -9999 -9999 -9999 0.133326470851898 0.0725306123495102 -9999 -9999 -9999 0.0652830600738525 0.0631806179881096 0.0744641572237015 0.0856404453516006 0.0884315371513367 0.138929486274719 0.18129962682724 0.189654022455215 0.18855544924736 0.167500928044319 0.154212340712547 0.150415316224098 0.156113788485527 0.168728619813919 0.179531708359718 0.189584478735924 0.196125373244286 0.201975926756859 0.209804132580757 0.215861141681671 0.203900277614594 0.193487271666527 0.188516587018967 0.187870040535927 0.195253908634186 0.202829614281654 0.210614368319511 0.211065500974655 0.206771448254585 0.203603357076645
0.202882081270218 0.203270077705383 0.203298717737198 -9999 -9999 -9999 -9999 -9999 -9999 -9999 -9999 0.161466091871262 0.123836949467659 0.0725306123495102 -9999 -9999 0.0639349222183228 0.0628584995865822 0.0627484321594238 0.0705287680029869 0.0819836258888245 0.139030769467354 0.187511652708054 0.200141981244087 0.204194322228432 0.19013786315918 0.175494313240051 0.160133242607117 0.163439750671387 0.180343464016914 0.192119732499123 0.201772555708885 0.209316939115524 0.216446861624718 0.216705337166786 0.214364781975746 0.189120888710022 0.170014262199402 0.172486573457718 0.175934240221977 0.181193232536316 0.191855803132057 0.208405762910843 0.212410613894463 0.208298176527023 0.20477694272995
0.202882081270218 0.203270077705383 0.203355997800827 0.203999266028404 0.205417662858963 -9999 -9999 -9999 -9999 -9999 -9999 -9999 0.148217380046844 0.113217405974865 0.0725306123495102 0.0690557509660721 0.0639349222183228 0.0628584995865822 0.0627484321594238 0.0749775394797325 0.0908819437026978 0.147941634058952 0.196132406592369 0.207205876708031 0.208505496382713 0.189171731472015 0.179050758481026 0.180189698934555 0.186473533511162 0.196504846215248 0.202852442860603 0.207674473524094 0.211953267455101 0.216125279664993 0.203142464160919 0.187762081623077 0.155166640877724 0.133767545223236 0.151735380291939 0.166236624121666 0.174299985170364 0.186402767896652 0.202906653285027 0.209824085235596 0.210538610816002 0.208501189947128
0.202201828360558 0.202329605817795 0.203118845820427 0.204096212983131 0.205426022410393 -9999 -9999 -9999 -9999 0.195256501436234 0.17183081805706 0.157308176159859 0.155008226633072 0.132335752248764 0.0929950252175331 0.076507493853569 0.0708450153470039 0.0706258565187454 0.0717072859406471 0.0856859087944031 0.103144772350788 0.158362060785294 0.203629165887833 0.207253739237785 0.203888326883316 0.185766458511353 0.178212821483612 0.183575764298439 0.188630238175392 0.193460032343864 0.197482064366341 0.201169565320015 0.203410878777504 0.205367892980576 0.184714555740356 0.162136450409889 0.128935262560844 0.10826963186264 0.131679579615593 0.149713933467865 0.157765179872513 0.168990969657898 0.183675527572632 0.195085361599922 0.204376295208931 0.206283703446388
0.199820891022682 0.199037849903107 0.201078787446022 0.203922867774963 0.205426022410393 0.206730768084526 0.20638445019722 0.205745801329613 0.203620105981827 0.195256501436234 0.17183081805706 0.157308176159859 0.155008226633072 0.140379041433334 0.115662410855293 0.102588996291161 0.0950307175517082 0.0978119969367981 0.103063747286797 0.112043596804142 0.123819060623646 0.172556430101395 0.208315849304199 0.189761161804199 0.176949843764305 0.176263198256493 0.166388779878616 0.14528501033783 0.138593152165413 0.142398715019226 0.151853129267693 0.163646951317787 0.166921079158783 0.16852043569088 0.154123842716217 0.138953506946564 0.122011490166187 0.109644271433353 0.113362267613411 0.116128198802471 0.117126047611237 0.121681682765484 0.130113646388054 0.149965554475784 0.177206695079803 0.189211547374725
0.179129153490067 0.177694618701935 0.187820702791214 0.201234608888626 0.202713638544083 0.202946975827217 0.202531680464745 0.201797172427177 0.199438914656639 0.191657662391663 0.170782029628754 0.15967258810997 0.161970809102058 0.155034765601158 0.140543505549431 0.127253472805023 0.1145324036479 0.115654237568378 0.12008360773325 0.128916248679161 0.139777734875679 0.175765782594681 0.198786854743958 0.167539909482002 0.149032428860664 0.157418966293335 0.151040360331535 0.126615732908249 0.120098039507866 0.12662348151207 0.138083383440971 0.151586815714836 0.153223022818565 0.152526423335075 0.139667496085167 0.126867413520813 0.119042105972767 0.111332982778549 0.104032337665558 0.098190650343895 0.0950583890080452 0.0950699895620346 0.0985069423913956 0.121601909399033 0.15741653740406 0.174762383103371
0.132549256086349 0.130829870700836 0.158702328801155 0.194990694522858 0.196166411042213 0.193813607096672 0.193231791257858 0.192265897989273 0.18934628367424 0.182970732450485 0.16825045645237 0.165379837155342 0.178777188062668 0.179039269685745 0.168554410338402 0.149914517998695 0.127411752939224 0.120285920798779 0.11683414131403 0.132378801703453 0.149069398641586 0.163444310426712 0.169159531593323 0.13863317668438 0.119730971753597 0.125368297100067 0.130709156394005 0.135687664151192 0.146197527647018 0.160736352205276 0.169356688857079 0.175525993108749 0.171748340129852 0.166015356779099 0.148022204637527 0.130470246076584 0.121663525700569 0.11346572637558 0.107408925890923 0.102376751601696 0.0992474034428596 0.0977209359407425 0.0979408621788025 0.116928428411484 0.148059546947479 0.164021611213684
0.118341058492661 0.114345103502274 0.141150280833244 0.176715314388275 0.182657271623611 0.185464352369308 0.185499310493469 0.183649033308029 0.172208800911903 0.16257181763649 0.157288998365402 0.163259133696556 0.184678092598915 0.189593210816383 0.181005328893661 0.164517864584923 0.144288539886475 0.137048289179802 0.132911577820778 0.147698521614075 0.162150382995605 0.152803421020508 0.142055720090866 0.125445857644081 0.117042519152164 0.12596383690834 0.137896180152893 0.153508618474007 0.167695000767708 0.180842652916908 0.186171442270279 0.188262179493904 0.181925237178802 0.173931613564491 0.154099613428116 0.134836688637733 0.125415593385696 0.116730600595474 0.110633753240108 0.105875439941883 0.103602916002274 0.102237679064274 0.101860970258713 0.113648541271687 0.133306995034218 0.15034082531929
0.131393671035767 0.123443864285946 0.133338466286659 0.148308008909225 0.163285374641418 0.177775412797928 0.179086774587631 0.175802201032639 0.149138703942299 0.132310032844543 0.13922855257988 0.154546365141869 0.181395262479782 0.188820168375969 0.18035289645195 0.172335684299469 0.164531633257866 0.164026156067848 0.165264546871185 0.173003375530243 0.178422421216965 0.14357778429985 0.117077000439167 0.12549614906311 0.136765375733376 0.15405136346817 0.168256834149361 0.178697288036346 0.185316994786263 0.189153760671616 0.19081038236618 0.19156414270401 0.185071781277657 0.177155002951622 0.15825928747654 0.139846205711365 0.130119815468788 0.120948851108551 0.113730780780315 0.108795247972012 0.108098641037941 0.108325652778149 0.10955898463726 0.111542232334614 0.114010713994503 0.134184181690216
0.150411739945412 0.14392463862896 0.144025027751923 0.145998895168304 0.158766955137253 0.172147110104561 0.172222971916199 0.168929547071457 0.148496985435486 0.137180984020233 0.147877857089043 0.162148416042328 0.181325197219849 0.188601106405258 0.186140030622482 0.170974865555763 0.149792060256004 0.147937968373299 0.150702133774757 0.154371544718742 0.156206503510475 0.130436152219772 0.113537110388279 0.133765354752541 0.153207644820213 0.170990765094757 0.183403119444847 0.189251318573952 0.192211881279945 0.193069145083427 0.193242400884628 0.193132400512695 0.187683865427971 0.181185901165009 0.163097038865089 0.145370796322823 0.135379925370216 0.125762015581131 0.117455504834652 0.111625865101814 0.110396064817905 0.110319100320339 0.111498184502125 0.111185871064663 0.109908550977707 0.122831977903843
0.172349110245705 0.169975429773331 0.163764148950577 0.156461477279663 0.161517381668091 0.167527228593826 0.165138334035873 0.162533611059189 0.158831045031548 0.159244865179062 0.16959810256958 0.177734479308128 0.182827368378639 0.188653126358986 0.195078492164612 0.165122300386429 0.117932990193367 0.110774502158165 0.113180726766586 0.114238418638706 0.115155719220638 0.11537816375494 0.120488740503788 0.146056652069092 0.16804450750351 0.182474598288536 0.19110395014286 0.192643582820892 0.193857222795486 0.194833382964134 0.19459442794323 0.193852245807648 0.19003438949585 0.185611948370934 0.168266654014587 0.151147454977036 0.140912055969238 0.130866304039955 0.121487401425838 0.11441283673048 0.111617706716061 0.110308803617954 0.110619194805622 0.111685886979103 0.11324193328619 0.113830916583538
