Ecospace-environmental-drivers/Outputs/ASCII-for-ecospace/MOM6-ISIMIP3a/o2-bot/2002-03_o2-bot_MOM6-ISIMIP3a.asc
NCOLS 131 
NROWS 53 
XLLCORNER -98 
YLLCORNER 23.9265270233154 
CELLSIZE 0.133587792515755 
NODATA_value -9999 
[rows 21 to 41 of 53, columns 46 to 91 of 131]
0.22123184800148 0.220960035920143 0.220702320337296 0.220448598265648 0.219988346099854 0.21949103474617 0.218563973903656 0.217776149511337 0.217696651816368 0.217741936445236 0.21808847784996 0.218815118074417 0.220063582062721 0.215761363506317 0.206917718052864 0.170845583081245 0.121875926852226 0.122897066175938 0.135862693190575 0.142137184739113 0.147934183478355 0.153471782803535 0.16095794737339 0.176599100232124 0.18796905875206 0.190322160720825 0.192145451903343 0.193321198225021 0.194232523441315 0.194951236248016 0.194672554731369 0.193980813026428 0.193953111767769 0.194055944681168 0.193226024508476 0.192062020301819 0.187971755862236 0.179967015981674 0.158198863267899 0.140806704759598 0.131541222333908 0.124156087636948 0.118819631636143 0.114988803863525 0.112132184207439 0.110848560929298
0.220383077859879 0.220384582877159 0.219777330756187 0.218996942043304 0.218309581279755 0.217630803585052 0.216927036643028 0.21362991631031 0.197140768170357 0.185515373945236 0.185634061694145 0.181397303938866 0.171181112527847 0.163892596960068 0.158999428153038 0.142739683389664 0.121095828711987 0.126710474491119 0.138838067650795 0.15028889477253 0.16117262840271 0.164479151368141 0.169489949941635 0.181633293628693 0.190333694219589 0.191765770316124 0.193024829030037 0.194072440266609 0.194477394223213 0.194414258003235 0.194407418370247 0.194423869252205 0.194761052727699 0.195161268115044 0.194667547941208 0.194034844636917 0.192367792129517 0.18859651684761 0.177426755428314 0.167773738503456 0.16093747317791 0.152147442102432 0.14122873544693 0.132956400513649 0.126396417617798 0.120424091815948
0.215837806463242 0.216043472290039 0.215105503797531 0.213842272758484 0.213002130389214 0.212216705083847 0.211739212274551 0.206050187349319 0.173850730061531 0.15116985142231 0.151472553610802 0.142720982432365 0.121539123356342 0.111711785197258 0.111174412071705 0.115098938345909 0.121136970818043 0.130928784608841 0.141617506742477 0.157790929079056 0.173348933458328 0.174465477466583 0.177055582404137 0.185812667012215 0.192058056592941 0.193001091480255 0.193932637572289 0.194850146770477 0.194733619689941 0.19386388361454 0.194122165441513 0.194847598671913 0.195435434579849 0.195996224880219 0.195194691419601 0.194471374154091 0.19500507414341 0.195451125502586 0.195589020848274 0.194273144006729 0.190257504582405 0.180545121431351 0.164625927805901 0.152429074048996 0.142640754580498 0.13188861310482
0.154292374849319 0.154501557350159 0.154499366879463 0.154437065124512 0.154352053999901 0.15430349111557 0.155301749706268 0.153803050518036 0.139602735638618 0.131333202123642 0.137384176254272 0.13695327937603 0.127623677253723 0.123295105993748 0.123058252036572 0.128599420189857 0.136877492070198 0.146320357918739 0.156041532754898 0.167165011167526 0.17781288921833 0.180136233568192 0.18303057551384 0.188314616680145 0.19225150346756 0.193344444036484 0.194383054971695 0.195355236530304 0.195171236991882 0.194145083427429 0.194358110427856 0.1950843334198 0.195033490657806 0.194829896092415 0.19481848180294 0.194853335618973 0.195270463824272 0.195624738931656 0.195757985115051 0.195232033729553 0.193481862545013 0.189082458615303 0.1817966401577 0.17646436393261 0.172396123409271 0.159072250127792
0.109609261155128 0.110043935477734 0.111035965383053 0.112186513841152 0.113040238618851 0.11390670388937 0.115937255322933 0.11769487708807 0.118064127862453 0.121143907308578 0.130768552422523 0.136454552412033 0.136733338236809 0.136963665485382 0.137154310941696 0.143726721405983 0.153322026133537 0.161778137087822 0.16996206343174 0.176039278507233 0.181803122162819 0.185112372040749 0.188236951828003 0.190588667988777 0.19255456328392 0.193705976009369 0.194790750741959 0.195794060826302 0.195541128516197 0.194373175501823 0.194539755582809 0.195259034633636 0.194706425070763 0.193903788924217 0.19453027844429 0.195176348090172 0.195496529340744 0.195774868130684 0.195906102657318 0.1960239559412 0.196116954088211 0.196056485176086 0.195828780531883 0.196070551872253 0.196616113185883 0.182714939117432
0.138862639665604 0.140496164560318 0.142738655209541 0.145154342055321 0.147751837968826 0.150314465165138 0.15143296122551 0.152351453900337 0.152252614498138 0.15325553715229 0.156918823719025 0.15905873477459 0.15910729765892 0.159775361418724 0.160950288176537 0.165987193584442 0.17285344004631 0.177526235580444 0.181674942374229 0.182722002267838 0.183716237545013 0.187042906880379 0.190073251724243 0.191863432526588 0.193338230252266 0.194147169589996 0.195011168718338 0.195942431688309 0.195614159107208 0.194368466734886 0.19448333978653 0.195161685347557 0.194707632064819 0.194030985236168 0.194627925753593 0.195240914821625 0.195550099015236 0.195821970701218 0.195962682366371 0.196083724498749 0.196168303489685 0.196175768971443 0.19609922170639 0.196256473660469 0.196564987301826 0.190831497311592
0.163276523351669 0.165257826447487 0.168040931224823 0.17105208337307 0.17414478957653 0.177143141627312 0.177368834614754 0.177488058805466 0.177065789699554 0.176665842533112 0.17631983757019 0.176183357834816 0.176334500312805 0.17761492729187 0.17981930077076 0.183390393853188 0.187608882784843 0.189326047897339 0.190445557236671 0.188382431864738 0.186433181166649 0.189323827624321 0.191905200481415 0.193192139267921 0.194165289402008 0.194475948810577 0.194992080330849 0.195759311318398 0.195443004369736 0.194337487220764 0.194014891982079 0.19401653110981 0.194011345505714 0.194004833698273 0.194660320878029 0.195305600762367 0.195611611008644 0.19588103890419 0.196021854877472 0.196139127016068 0.196212664246559 0.196262374520302 0.196286112070084 0.196364864706993 0.196479216217995 0.196361556649208
0.177131339907646 0.177603513002396 0.17937844991684 0.181523904204369 0.182387620210648 0.183071658015251 0.182446539402008 0.181853458285332 0.181423410773277 0.181091144680977 0.180995002388954 0.181352332234383 0.18233223259449 0.184606000781059 0.187938377261162 0.190195724368095 0.19194383919239 0.192511290311813 0.192796632647514 0.191812366247177 0.190903961658478 0.192369267344475 0.193727627396584 0.194638520479202 0.195087030529976 0.194559440016747 0.194450408220291 0.194852933287621 0.194739118218422 0.194249197840691 0.192647442221642 0.190585225820541 0.191793218255043 0.193644061684608 0.194550380110741 0.195370495319366 0.195690408349037 0.195966184139252 0.196086719632149 0.196184948086739 0.196241810917854 0.196277678012848 0.196290701627731 0.196304127573967 0.196317836642265 0.196248278021812
0.186335504055023 0.186206579208374 0.187228843569756 0.188578531146049 0.188195779919624 0.18762195110321 0.186677068471909 0.185836389660835 0.185525745153427 0.185392633080482 0.185688197612762 0.186445847153664 0.18783788383007 0.19012314081192 0.1931391954422 0.194285750389099 0.194546774029732 0.194495543837547 0.194369688630104 0.194031611084938 0.193725496530533 0.194097116589546 0.194517806172371 0.195143908262253 0.195342898368835 0.194640189409256 0.194298043847084 0.194396585226059 0.194396480917931 0.194324553012848 0.192003697156906 0.188751488924026 0.190533921122551 0.193306043744087 0.194445565342903 0.195453971624374 0.195771977305412 0.196041449904442 0.196140244603157 0.196219578385353 0.196262791752815 0.196286991238594 0.196290478110313 0.196263134479523 0.196215823292732 0.196179077029228
0.189688757061958 0.190101131796837 0.19069217145443 0.191334009170532 0.190940886735916 0.190438359975815 0.189841821789742 0.189338147640228 0.189306929707527 0.18953837454319 0.190404087305069 0.191444411873817 0.19272443652153 0.193785920739174 0.19466857612133 0.194959729909897 0.194970682263374 0.194968834519386 0.194963932037354 0.194727674126625 0.194472149014473 0.194167330861092 0.194009274244308 0.194465458393097 0.194761022925377 0.194717511534691 0.19463549554348 0.194506376981735 0.194508358836174 0.194605812430382 0.192270457744598 0.188927605748177 0.190480887889862 0.192996621131897 0.194347247481346 0.195560798048973 0.195857018232346 0.196104303002357 0.196179524064064 0.196240112185478 0.196273520588875 0.196288764476776 0.196284234523773 0.196246951818466 0.196188479661942 0.196165338158607
0.191831201314926 0.19247031211853 0.192798659205437 0.193038612604141 0.192754477262497 0.192422360181808 0.192243084311485 0.192114621400833 0.192244589328766 0.19259937107563 0.193496957421303 0.194388255476952 0.195270925760269 0.195655077695847 0.195631340146065 0.195548892021179 0.195438653230667 0.195420876145363 0.195425197482109 0.195214748382568 0.194972589612007 0.194483578205109 0.194142207503319 0.194418683648109 0.194663926959038 0.1948431879282 0.194840952754021 0.194616913795471 0.194597393274307 0.194726839661598 0.192689940333366 0.189755901694298 0.191180810332298 0.193462580442429 0.194642290472984 0.195698231458664 0.195943996310234 0.196148172020912 0.19620606303215 0.196252688765526 0.196278408169746 0.196288570761681 0.196281805634499 0.196242034435272 0.196180909872055 0.196162402629852
0.193065509200096 0.193695455789566 0.193887516856194 0.193955048918724 0.193869411945343 0.193782061338425 0.194071739912033 0.194347098469734 0.194549605250359 0.194846764206886 0.195372506976128 0.195791020989418 0.196062326431274 0.196178987622261 0.19616910815239 0.196074455976486 0.195939645171165 0.195856958627701 0.195786729454994 0.195545062422752 0.195288375020027 0.194984346628189 0.194756209850311 0.19484569132328 0.194930404424667 0.195005103945732 0.194947436451912 0.194728001952171 0.194669291377068 0.194727674126625 0.193223968148232 0.191073328256607 0.192445456981659 0.194510072469711 0.195232361555099 0.195858627557755 0.19603243470192 0.196177795529366 0.196223050355911 0.196259319782257 0.196278914809227 0.196286901831627 0.196282237768173 0.196245566010475 0.196188181638718 0.196167558431625
0.193973228335381 0.194493338465691 0.194669842720032 0.194748610258102 0.194826737046242 0.194916382431984 0.195318639278412 0.195689514279366 0.195900782942772 0.196133986115456 0.1964201182127 0.196562603116035 0.196507841348648 0.196470677852631 0.196447908878326 0.196353375911713 0.196224853396416 0.19608074426651 0.195932894945145 0.195550069212914 0.195169985294342 0.195065096020699 0.194981724023819 0.194988459348679 0.195004418492317 0.195039883255959 0.194997727870941 0.194860711693764 0.194813132286072 0.194830685853958 0.193960636854172 0.192722991108894 0.19367428123951 0.195055857300758 0.19550421833992 0.195892184972763 0.196027979254723 0.196142941713333 0.19618459045887 0.196217209100723 0.19623301923275 0.196244224905968 0.196250423789024 0.196225419640541 0.196180239319801 0.196156233549118
0.194740995764732 0.195108130574226 0.195320785045624 0.195489495992661 0.195716515183449 0.195954114198685 0.196316197514534 0.196650460362434 0.196843177080154 0.197009682655334 0.197112888097763 0.197063654661179 0.196805119514465 0.196662858128548 0.19661571085453 0.19652658700943 0.196417570114136 0.196213528513908 0.195986777544022 0.195415630936623 0.194865524768829 0.194965809583664 0.195040717720985 0.195009410381317 0.194995954632759 0.19502018392086 0.195023939013481 0.19500270485878 0.194987788796425 0.194977462291718 0.19478414952755 0.194515064358711 0.194887772202492 0.195386633276939 0.195639684796333 0.195871412754059 0.195983722805977 0.196080446243286 0.196122393012047 0.196154206991196 0.196167215704918 0.1961839646101 0.196204781532288 0.196195140480995 0.196165785193443 0.196137830615044
0.19544829428196 0.195646077394485 0.195898056030273 0.196165472269058 0.196395590901375 0.196625217795372 0.196944788098335 0.19719198346138 0.197070986032486 0.196989685297012 0.19700425863266 0.196923539042473 0.196712002158165 0.196592479944229 0.196548223495483 0.196484789252281 0.196412280201912 0.196255505084991 0.196078583598137 0.195656269788742 0.195242747664452 0.195202320814133 0.195120558142662 0.194865822792053 0.194657117128372 0.194545596837997 0.194530323147774 0.194632723927498 0.19474196434021 0.194856211543083 0.194928765296936 0.194984078407288 0.195214778184891 0.195479974150658 0.19565849006176 0.195825561881065 0.195911973714828 0.195988729596138 0.196031525731087 0.196069732308388 0.196099430322647 0.196122497320175 0.196138322353363 0.196135640144348 0.196120992302895 0.196102261543274
0.196143090724945 0.19616810977459 0.196460098028183 0.19682802259922 0.197031080722809 0.197220474481583 0.197497054934502 0.197646737098694 0.197150945663452 0.196784377098083 0.19672979414463 0.196650758385658 0.196538120508194 0.196467772126198 0.196432039141655 0.196398511528969 0.196366026997566 0.196278691291809 0.196178242564201 0.195974513888359 0.195761010050774 0.195508286356926 0.195204704999924 0.194688200950623 0.19424994289875 0.193976894021034 0.193929150700569 0.194156810641289 0.194409161806107 0.194679498672485 0.194932922720909 0.195179343223572 0.195358380675316 0.19552418589592 0.195653170347214 0.195774525403976 0.195834547281265 0.195890963077545 0.19593471288681 0.195980802178383 0.196031227707863 0.196060761809349 0.196067541837692 0.196070089936256 0.196069911122322 0.196063131093979
0.196652248501778 0.196624055504799 0.196954816579819 0.197387650609016 0.197606697678566 0.197786793112755 0.197506338357925 0.197184130549431 0.196649566292763 0.196268856525421 0.196259632706642 0.196303352713585 0.196419760584831 0.196452632546425 0.196417167782784 0.196396946907043 0.19638392329216 0.196292489767075 0.196182310581207 0.19602507352829 0.195864051580429 0.195694908499718 0.19549885392189 0.195190146565437 0.194924622774124 0.194750249385834 0.19469852745533 0.194796681404114 0.194935441017151 0.195103779435158 0.195304170250893 0.195517838001251 0.195666640996933 0.195802673697472 0.195898801088333 0.195987284183502 0.19601546227932 0.196039259433746 0.196047738194466 0.196058884263039 0.196074992418289 0.196084216237068 0.196085959672928 0.196087285876274 0.196088314056396 0.196079447865486
0.197091639041901 0.197015807032585 0.197363644838333 0.197831973433495 0.198061734437943 0.198230937123299 0.197424486279488 0.19666388630867 0.196136638522148 0.195773959159851 0.195808678865433 0.195962056517601 0.196278378367424 0.196421250700951 0.196422234177589 0.196424558758736 0.196427524089813 0.196332320570946 0.196213647723198 0.196094334125519 0.195977166295052 0.195892050862312 0.195804640650749 0.195707589387894 0.195618167519569 0.195544809103012 0.195491015911102 0.19546115398407 0.195484519004822 0.195546641945839 0.195685669779778 0.195856541395187 0.195974767208099 0.196082651615143 0.196145787835121 0.196201324462891 0.196198701858521 0.196190983057022 0.196165278553963 0.196142077445984 0.196123495697975 0.196112409234047 0.196109488606453 0.19610895216465 0.196109935641289 0.196097820997238
0.1968754529953 0.196754172444344 0.196888417005539 0.197095334529877 0.197259083390236 0.197385713458061 0.196629762649536 0.195966988801956 0.195778220891953 0.195647314190865 0.195656150579453 0.195721596479416 0.195864796638489 0.196164265275002 0.196591585874557 0.196723133325577 0.19671456515789 0.1966542750597 0.19658163189888 0.196490958333015 0.196396112442017 0.196258589625359 0.196134373545647 0.19606576859951 0.195996150374413 0.195924371480942 0.195875659584999 0.195855110883713 0.195866316556931 0.195900678634644 0.196001172065735 0.196129068732262 0.196203082799911 0.196266502141953 0.196287304162979 0.196302935481071 0.196283534169197 0.19626159965992 0.196230784058571 0.196199968457222 0.196169152855873 0.196150422096252 0.196144819259644 0.19613890349865 0.19613279402256 0.196111530065536
0.196676224470139 0.196536004543304 0.196464970707893 0.196413606405258 0.196494176983833 0.196562096476555 0.195924147963524 0.195403143763542 0.195476964116096 0.195526152849197 0.195515856146812 0.195513069629669 0.195520579814911 0.195896685123444 0.196574360132217 0.196783810853958 0.196771457791328 0.196744963526726 0.196715086698532 0.196663752198219 0.196605011820793 0.196459844708443 0.196340277791023 0.19632788002491 0.196300402283669 0.196241065859795 0.196202710270882 0.196190029382706 0.196190863847733 0.19620156288147 0.196259781718254 0.196337670087814 0.196365490555763 0.196383476257324 0.196368768811226 0.196351662278175 0.19632314145565 0.196294292807579 0.196264266967773 0.196235656738281 0.196209698915482 0.196191921830177 0.196183085441589 0.19617123901844 0.196157455444336 0.196119427680969
0.196539089083672 0.196477144956589 0.196231350302696 0.195933267474174 0.195867672562599 0.19581763446331 0.195545256137848 0.195327192544937 0.195385366678238 0.195425122976303 0.195420429110527 0.195421576499939 0.195430740714073 0.195590317249298 0.195872947573662 0.195972174406052 0.19598451256752 0.195987671613693 0.195988655090332 0.19601583480835 0.196043685078621 0.196054980158806 0.196092173457146 0.196237772703171 0.196334287524223 0.196327179670334 0.196318686008453 0.196308493614197 0.196305438876152 0.196307554841042 0.196309715509415 0.196311891078949 0.196286305785179 0.196255266666412 0.196230053901672 0.196206495165825 0.196196973323822 0.196187883615494 0.196180358529091 0.196189969778061 0.196231454610825 0.196246281266212 0.196232080459595 0.196212247014046 0.196188807487488 0.196105986833572
