Ecospace-environmental-drivers/Outputs/ASCII-for-ecospace/MOM6-ISIMIP3a/o2-bot/2002-12_o2-bot_MOM6-ISIMIP3a.asc
NCOLS 131 
NROWS 53 
XLLCORNER -98 
YLLCORNER 23.9265270233154 
CELLSIZE 0.133587792515755 
NODATA_value -9999 
[rows 0 to 20 of 53, columns 46 to 91 of 131]
-9999 -9999 -9999 -9999 -9999 -9999 -9999 -9999 -9999 -9999 -9999 -9999 -9999 -9999 -9999 -9999 -9999 -9999 -9999 -9999 -9999 -9999 -9999 -9999 -9999 -9999 -9999 -9999 -9999 -9999 -9999 -9999 -9999 -9999 -9999 -9999 -9999 -9999 -9999 -9999 -9999 -9999 -9999 -9999 -9999 -9999
-9999 -9999 -9999 -9999 -9999 -9999 -9999 -9999 -9999 -9999 -9999 -9999 -9999 -9999 -9999 -9999 -9999 -9999 -9999 -9999 -9999 -9999 -9999 -9999 -9999 -9999 -9999 -9999 -9999 -9999 -9999 -9999 -9999 -9999 -9999 -9999 -9999 -9999 -9999 -9999 -9999 -9999 -9999 -9999 -9999 -9999
-9999 -9999 -9999 -9999 -9999 -9999 -9999 -9999 -9999 -9999 -9999 -9999 -9999 -9999 -9999 -9999 -9999 -9999 -9999 -9999 -9999 -9999 -9999 -9999 -9999 -9999 -9999 -9999 0.250149220228195 0.250052332878113 -9999 -9999 -9999 -9999 -9999 -9999 -9999 -9999 -9999 -9999 -9999 -9999 -9999 -9999 -9999 -9999
-9999 -9999 -9999 -9999 -9999 -9999 -9999 -9999 -9999 -9999 -9999 -9999 -9999 -9999 -9999 -9999 -9999 -9999 -9999 -9999 -9999 -9999 -9999 -9999 -9999 -9999 -9999 -9999 0.25036895275116 0.250344127416611 -9999 -9999 -9999 -9999 -9999 -9999 -9999 -9999 -9999 -9999 -9999 -9999 -9999 -9999 -9999 -9999
-9999 -9999 -9999 -9999 -9999 -9999 -9999 -9999 -9999 -9999 -9999 -9999 -9999 -9999 -9999 -9999 -9999 -9999 -9999 0.253436088562012 0.253070801496506 0.252778559923172 0.251073926687241 0.2497738301754 0.24802765250206 0.247729897499084 0.248708084225655 0.249822065234184 0.250673562288284 0.250611245632172 0.249747604131699 -9999 -9999 0.242039531469345 0.237505972385406 0.232703864574432 0.228835344314575 0.226953193545341 0.226638466119766 0.227916404604912 0.229912251234055 0.232671454548836 0.235700041055679 -9999 -9999 -9999
-9999 -9999 -9999 -9999 -9999 -9999 -9999 -9999 -9999 -9999 -9999 -9999 -9999 -9999 -9999 0.192233562469482 -9999 0.200465440750122 0.207401305437088 0.23036415874958 0.253436088562012 0.252997726202011 0.252778559923172 0.249369293451309 0.247173637151718 0.247540041804314 0.248476028442383 0.250108182430267 0.250881969928741 0.251030534505844 0.249921247363091 0.248291045427322 0.245706453919411 0.24293427169323 0.237477883696556 0.232105776667595 0.228527933359146 0.225872322916985 0.226459339261055 0.22758375108242 0.229706138372421 0.232446879148483 0.235861331224442 0.238791897892952 0.241409346461296 -9999
-9999 -9999 -9999 -9999 -9999 -9999 -9999 -9999 -9999 -9999 -9999 0.136816918849945 0.136886432766914 0.136592239141464 0.134923651814461 0.162092879414558 0.191398441791534 0.193068668246269 0.200926348567009 0.207401305437088 0.230255097150803 0.253436088562012 0.252778559923172 0.249369293451309 0.247173637151718 0.247540041804314 0.248476028442383 0.250108182430267 0.250881969928741 0.251030534505844 0.249921247363091 0.248291045427322 0.245706453919411 0.24293427169323 0.237477883696556 0.232105776667595 0.228527933359146 0.225872322916985 0.226459339261055 0.22758375108242 0.229706138372421 0.232446879148483 0.235861331224442 0.238791897892952 0.241409346461296 0.242101088166237
-9999 -9999 -9999 -9999 -9999 -9999 -9999 -9999 -9999 -9999 -9999 0.136444225907326 0.136816918849945 0.136955946683884 -9999 0.131811186671257 0.158182263374329 0.189728230237961 0.193068668246269 0.202309086918831 0.207401305437088 0.229927912354469 0.247454285621643 0.244054138660431 0.241124197840691 0.239186853170395 0.238803088665009 0.240318104624748 0.241087213158607 0.241313010454178 0.240310713648796 0.238799810409546 0.236782640218735 0.234665930271149 0.231122404336929 0.227564319968224 0.224380135536194 0.221908792853355 0.221943885087967 0.222949162125587 0.225756198167801 0.228534072637558 0.23128017783165 0.233786448836327 0.236137539148331 0.236197426915169
-9999 -9999 -9999 -9999 -9999 -9999 -9999 -9999 -9999 -9999 -9999 -9999 -9999 -9999 -9999 0.134099662303925 0.124238915741444 0.149775892496109 0.186387777328491 0.193068668246269 0.206457287073135 0.226174667477608 0.241448372602463 0.238124951720238 0.234450936317444 0.230036795139313 0.228216767311096 0.229567289352417 0.230320408940315 0.230638384819031 0.229758471250534 0.228382453322411 0.226999029517174 0.225614160299301 0.224149480462074 0.222520738840103 0.21931828558445 0.216741040349007 0.21636201441288 0.217402532696724 0.221079289913177 0.224026918411255 0.226180121302605 0.228291377425194 0.230375498533249 0.232644662261009
0.259689778089523 0.259785056114197 -9999 -9999 -9999 -9999 -9999 -9999 -9999 -9999 -9999 0.203464731574059 0.136062204837799 -9999 -9999 -9999 0.128109022974968 0.107234686613083 0.13407926261425 0.179706886410713 0.180324897170067 0.20923638343811 0.23238231241703 0.231398835778236 0.229422852396965 0.225351631641388 0.223120704293251 0.223138988018036 0.223509192466736 0.224135726690292 0.223497197031975 0.222334757447243 0.221697524189949 0.221163526177406 0.220194324851036 0.217562541365623 0.198846876621246 0.18559941649437 0.191578477621078 0.198353588581085 0.206607043743134 0.214093863964081 0.220745414495468 0.225060015916824 0.227862492203712 0.23077429831028
0.25981605052948 0.259754091501236 0.259749531745911 -9999 -9999 -9999 -9999 -9999 -9999 -9999 -9999 0.236777544021606 0.194059371948242 0.136062204837799 -9999 -9999 0.137929126620293 0.109581038355827 0.0741939023137093 0.113845832645893 0.158080562949181 0.19398544728756 0.223249599337578 0.224721536040306 0.224448904395103 0.220493346452713 0.217761024832726 0.216523736715317 0.216659039258957 0.217794120311737 0.217507779598236 0.216632768511772 0.216708824038506 0.216971829533577 0.213925302028656 0.208160817623138 0.177042484283447 0.155321031808853 0.166639551520348 0.178310424089432 0.19063563644886 0.202889695763588 0.215066239237785 0.221946910023689 0.225400894880295 0.228817522525787
0.25981605052948 0.259754091501236 0.259740382432938 0.258130818605423 0.256882190704346 -9999 -9999 -9999 -9999 -9999 -9999 -9999 0.222099125385284 0.178247466683388 0.136062204837799 0.136816918849945 0.137929126620293 0.109581038355827 0.0741939023137093 0.113305658102036 0.156690940260887 0.187785163521767 0.213759422302246 0.218306124210358 0.219765320420265 0.214706495404243 0.210987389087677 0.208905696868896 0.209600016474724 0.21231634914875 0.21297650039196 0.212785139679909 0.213398009538651 0.214168965816498 0.195245146751404 0.174924895167351 0.148088231682777 0.129672840237617 0.140867084264755 0.152934372425079 0.166623041033745 0.184867516160011 0.208075702190399 0.219468057155609 0.223214998841286 0.226397231221199
0.259256184101105 0.259280323982239 0.258477419614792 0.257439345121384 0.256866157054901 -9999 -9999 -9999 -9999 0.253284126520157 0.249962672591209 0.241967514157295 0.227555975317955 0.196773871779442 0.152597814798355 0.138783290982246 0.139350369572639 0.11521340161562 0.0851738080382347 0.12034023553133 0.159125238656998 0.185378551483154 0.206962630152702 0.209005504846573 0.208556368947029 0.202846378087997 0.197002172470093 0.190993919968605 0.190724387764931 0.19463486969471 0.197202548384666 0.199214115738869 0.201192751526833 0.203164905309677 0.175491109490395 0.147428795695305 0.126296162605286 0.11180280148983 0.120653428137302 0.130747154355049 0.143149465322495 0.162410527467728 0.189144447445869 0.203734368085861 0.210466548800468 0.217108502984047
0.257296651601791 0.25762203335762 0.257548004388809 0.257360398769379 0.256866157054901 0.256341099739075 0.255831688642502 0.255305051803589 0.254691034555435 0.253284126520157 0.249962672591209 0.241967514157295 0.227555975317955 0.199177086353302 0.159370481967926 0.14566570520401 0.144324779510498 0.134926959872246 0.12360405921936 0.146312072873116 0.171119511127472 0.19245633482933 0.206899434328079 0.192491680383682 0.181033685803413 0.175802826881409 0.164987653493881 0.147347271442413 0.14230665564537 0.146443516016006 0.153321281075478 0.16133414208889 0.166750952601433 0.171657457947731 0.15305233001709 0.134282559156418 0.122409954667091 0.113378584384918 0.114337109029293 0.116532146930695 0.121023498475552 0.128866344690323 0.140360742807388 0.154862865805626 0.171311110258102 0.190648317337036
0.253306031227112 0.254156470298767 0.25509437918663 0.256057143211365 0.255970299243927 0.255761384963989 0.255158424377441 0.254493653774261 0.253514617681503 0.251322418451309 0.246201023459435 0.238001301884651 0.225575432181358 0.20338761806488 0.173212841153145 0.161811769008636 0.15930338203907 0.158425197005272 0.157936528325081 0.170538902282715 0.183873191475868 0.194770976901054 0.198471784591675 0.172052502632141 0.15320947766304 0.150360554456711 0.141638606786728 0.125738605856895 0.123116977512836 0.130167111754417 0.139194622635841 0.149041026830673 0.153615742921829 0.157154157757759 0.143106564879417 0.129053488373756 0.121308878064156 0.114465840160847 0.110792808234692 0.108239412307739 0.107765302062035 0.108593471348286 0.110840506851673 0.123887449502945 0.143922448158264 0.167609587311745
0.246443778276443 0.248135790228844 0.250485837459564 0.253023058176041 0.253807842731476 0.254362046718597 0.25353330373764 0.252535074949265 0.250674903392792 0.246587246656418 0.237121105194092 0.228427574038506 0.220794767141342 0.210153385996819 0.197050452232361 0.191054940223694 0.188426047563553 0.187274307012558 0.186475515365601 0.192298591136932 0.197700515389442 0.19035142660141 0.178218320012093 0.146063581109047 0.124958999454975 0.127182170748711 0.130540937185287 0.135287597775459 0.145250409841537 0.159012585878372 0.167135536670685 0.17292308807373 0.17060412466526 0.16669163107872 0.150823622941971 0.135017886757851 0.124145478010178 0.11486242711544 0.111167632043362 0.108319707214832 0.107044510543346 0.107083804905415 0.108555264770985 0.118213832378387 0.13316984474659 0.149408176541328
0.239443704485893 0.241310253739357 0.244116723537445 0.247190520167351 0.248824447393417 0.25022628903389 0.249341443181038 0.247928008437157 0.243825733661652 0.237883895635605 0.227500259876251 0.219914242625237 0.216168984770775 0.211746498942375 0.206769913434982 0.199982240796089 0.192336693406105 0.191235706210136 0.191698431968689 0.192329421639442 0.191670075058937 0.172061920166016 0.152371898293495 0.132339239120483 0.121492885053158 0.13003958761692 0.14016517996788 0.152220502495766 0.16454952955246 0.177077889442444 0.182851001620293 0.185826525092125 0.180756211280823 0.174104273319244 0.156926870346069 0.139896154403687 0.12810617685318 0.11773881316185 0.112373434007168 0.108411550521851 0.107056111097336 0.106893345713615 0.108030050992966 0.114385575056076 0.124117933213711 0.135985985398293
0.232327565550804 0.233806908130646 0.236264988780022 0.239001423120499 0.241465464234352 0.243786111474037 0.242988109588623 0.241090595722198 0.233600109815598 0.225838869810104 0.217423900961876 0.21229387819767 0.211673632264137 0.20898362994194 0.204600229859352 0.191801175475121 0.175015822052956 0.174238696694374 0.177286475896835 0.174061983823776 0.168917059898376 0.142092272639275 0.121815554797649 0.128943115472794 0.138898149132729 0.154822215437889 0.167239740490913 0.175371557474136 0.181461811065674 0.186065003275871 0.188271179795265 0.189484670758247 0.185151308774948 0.179727554321289 0.161671072244644 0.14385974407196 0.133013471961021 0.122703477740288 0.114279024302959 0.108513124287128 0.107684463262558 0.107813827693462 0.108986981213093 0.112111330032349 0.116498202085495 0.126588463783264
0.225878566503525 0.226625040173531 0.227739945054054 0.228959634900093 0.230743795633316 0.232478260993958 0.231311544775963 0.229365035891533 0.223451837897301 0.217670619487762 0.212208122014999 0.208950027823448 0.208718299865723 0.206144154071808 0.201653525233269 0.180489972233772 0.151428803801537 0.14756865799427 0.149729862809181 0.146915972232819 0.142877921462059 0.125996828079224 0.116151086986065 0.135748893022537 0.154146879911423 0.170011952519417 0.180936932563782 0.185824111104012 0.188861191272736 0.190550699830055 0.191262811422348 0.191570162773132 0.187736988067627 0.183089882135391 0.165760904550552 0.148663923144341 0.138421088457108 0.128353044390678 0.118899561464787 0.11196906119585 0.109724044799805 0.108765743672848 0.109209351241589 0.110719442367554 0.112919591367245 0.11974910646677
0.21975602209568 0.2196004986763 0.21888542175293 0.218011230230331 0.218376517295837 0.218788295984268 0.217029944062233 0.215247347950935 0.213341414928436 0.211399555206299 0.209370970726013 0.207698985934258 0.206516608595848 0.203267186880112 0.198326587677002 0.167646959424019 0.124775312840939 0.116164900362492 0.115740649402142 0.115425065159798 0.115230642259121 0.116691023111343 0.122667968273163 0.14754718542099 0.168340265750885 0.180507212877274 0.188087627291679 0.190062373876572 0.191605240106583 0.192833513021469 0.193065986037254 0.192886054515839 0.189437210559845 0.185345768928528 0.169530510902405 0.153879433870316 0.14407354593277 0.134337797760963 0.124848715960979 0.117066532373428 0.112454243004322 0.109733045101166 0.109072253108025 0.109759345650673 0.111318580806255 0.114161618053913
0.21344780921936 0.213128954172134 0.212095826864243 0.210859552025795 0.210723504424095 0.210657551884651 0.209443554282188 0.208299711346626 0.207512825727463 0.206531420350075 0.205080345273018 0.203713059425354 0.202460795640945 0.195700779557228 0.184434488415718 0.155314832925797 0.11773843318224 0.115125216543674 0.120865881443024 0.12362764030695 0.126367494463921 0.131767138838768 0.140218615531921 0.161442309617996 0.178246721625328 0.185721695423126 0.190459445118904 0.191851764917374 0.192939147353172 0.193804427981377 0.193930834531784 0.193751260638237 0.191794291138649 0.189487919211388 0.180587261915207 0.171642988920212 0.164658263325691 0.156059220433235 0.141784206032753 0.129988387227058 0.122796714305878 0.117623254656792 0.114648699760437 0.112774290144444 0.111611731350422 0.11206428706646
