Ecospace-environmental-drivers/Outputs/ASCII-for-ecospace/MOM6-ISIMIP3a/o2-bot/2003-02_o2-bot_MOM6-ISIMIP3a.asc
NCOLS 131 
NROWS 53 
XLLCORNER -98 
YLLCORNER 23.9265270233154 
CELLSIZE 0.133587792515755 
NODATA_value -9999 
[rows 21 to 41 of 53, columns 46 to 91 of 131]
0.225460380315781 0.224883273243904 0.224137917160988 0.223344713449478 0.22357314825058 0.223884120583534 0.223600253462791 0.223254203796387 0.222591876983643 0.221945434808731 0.221337363123894 0.220730260014534 0.220124498009682 0.218468457460403 0.215953081846237 0.176781252026558 0.120246075093746 0.120354026556015 0.133995920419693 0.14025029540062 0.146046012639999 0.152552738785744 0.160704538226128 0.175741121172905 0.186637297272682 0.18879272043705 0.190642833709717 0.192119762301445 0.193375021219254 0.194468811154366 0.194561079144478 0.194238588213921 0.194412499666214 0.194683998823166 0.194005832076073 0.193005919456482 0.189206480979919 0.181651428341866 0.16089141368866 0.143729165196419 0.133248373866081 0.124917395412922 0.11892868578434 0.114330276846886 0.110631451010704 0.109545186161995
0.222303003072739 0.22195790708065 0.221106708049774 0.220111563801765 0.219965323805809 0.219899713993073 0.219665333628654 0.216301664710045 0.197019696235657 0.183704346418381 0.184796079993248 0.181092888116837 0.170806959271431 0.164766758680344 0.162200301885605 0.143632784485817 0.117485895752907 0.123317092657089 0.136788934469223 0.14947435259819 0.161513864994049 0.164938747882843 0.169840902090073 0.180925577878952 0.188949868083 0.190513432025909 0.191896185278893 0.193057969212532 0.19394750893116 0.194638758897781 0.194835036993027 0.194826304912567 0.195161551237106 0.195564404129982 0.195100396871567 0.194513812661171 0.193043410778046 0.189553052186966 0.178960368037224 0.169829651713371 0.163413926959038 0.154403552412987 0.142566204071045 0.133681729435921 0.126707926392555 0.12048501521349
0.215966805815697 0.215871140360832 0.214877054095268 0.213627442717552 0.2131327688694 0.212723776698112 0.212542459368706 0.206303268671036 0.16924861073494 0.143927007913589 0.146936073899269 0.140441536903381 0.120899833738804 0.110763937234879 0.108323611319065 0.110853366553783 0.115737326443195 0.126884266734123 0.139527633786201 0.15815781056881 0.175994366407394 0.176293954253197 0.177956819534302 0.185325130820274 0.190743416547775 0.192045047879219 0.193145170807838 0.193999007344246 0.194508105516434 0.194766104221344 0.195056781172752 0.195360988378525 0.195776164531708 0.196213155984879 0.195328071713448 0.194538235664368 0.19515722990036 0.195673376321793 0.195827901363373 0.195235669612885 0.193256616592407 0.184103727340698 0.167134657502174 0.154512330889702 0.144702523946762 0.133223876357079
0.15978467464447 0.159789010882378 0.157893463969231 0.155457600951195 0.155035972595215 0.154821693897247 0.154639378190041 0.151775062084198 0.135267734527588 0.125621482729912 0.13254202902317 0.13293032348156 0.1243507117033 0.120005309581757 0.119124226272106 0.12482013553381 0.13363142311573 0.144395232200623 0.155625566840172 0.168217286467552 0.180195972323418 0.181890517473221 0.184111207723618 0.188533887267113 0.191853418946266 0.192844152450562 0.193748280405998 0.194546565413475 0.194870993494987 0.194850280880928 0.195125043392181 0.19552218914032 0.195291608572006 0.194937616586685 0.194924309849739 0.194962233304977 0.195377513766289 0.195732995867729 0.195878282189369 0.195687383413315 0.194872200489044 0.190799117088318 0.183176472783089 0.177477493882179 0.173023194074631 0.159829318523407
0.118697009980679 0.118943363428116 0.116870023310184 0.114136964082718 0.114187262952328 0.114504724740982 0.11434306204319 0.114238001406193 0.114420868456364 0.117233350872993 0.12639531493187 0.13185578584671 0.132234573364258 0.132639423012733 0.133065611124039 0.140788957476616 0.15196880698204 0.161690965294838 0.171064823865891 0.17807100713253 0.184638753533363 0.187192380428314 0.189601823687553 0.191407829523087 0.192867010831833 0.193594083189964 0.194327160716057 0.19506761431694 0.195199802517891 0.194888964295387 0.195130944252014 0.195601865649223 0.194896206259727 0.193959265947342 0.19463138282299 0.195318207144737 0.195566788315773 0.195790439844131 0.195926502346992 0.196059599518776 0.196187227964401 0.196254879236221 0.196257174015045 0.196210309863091 0.196131646633148 0.182967260479927
0.143794402480125 0.144905418157578 0.145827308297157 0.146695405244827 0.14896659553051 0.151293501257896 0.15124736726284 0.151202350854874 0.151162967085838 0.152330175042152 0.156410828232765 0.159004226326942 0.159555822610855 0.160149767994881 0.160778388381004 0.165536165237427 0.172249853610992 0.178042903542519 0.183615997433662 0.187022492289543 0.190139070153236 0.191202133893967 0.192182004451752 0.192813724279404 0.193457916378975 0.194128409028053 0.194799825549126 0.19547238945961 0.195379182696342 0.19472824037075 0.194863364100456 0.195324048399925 0.194891795516014 0.194284006953239 0.194824427366257 0.195375919342041 0.195620074868202 0.195838272571564 0.195965245366096 0.196083202958107 0.196184441447258 0.196275100111961 0.196354240179062 0.196385562419891 0.19638592004776 0.190901175141335
0.164691776037216 0.166221737861633 0.16888140141964 0.171862334012985 0.174982681870461 0.178005963563919 0.178023844957352 0.178021907806396 0.177919164299965 0.178022682666779 0.178624212741852 0.179301559925079 0.180083006620407 0.181001290678978 0.182031542062759 0.184442341327667 0.187507078051567 0.190173983573914 0.192745819687843 0.193564146757126 0.194220140576363 0.194266527891159 0.194279745221138 0.194154143333435 0.194180086255074 0.194526001811028 0.194978356361389 0.195560798048973 0.195363581180573 0.194598495960236 0.194409191608429 0.194458350539207 0.194470405578613 0.194475173950195 0.194940626621246 0.195402070879936 0.195657536387444 0.195884868502617 0.196013271808624 0.196122497320175 0.19619607925415 0.196285709738731 0.196392804384232 0.196463331580162 0.196510180830956 0.196324169635773
0.176425352692604 0.177401766180992 0.179055601358414 0.180902078747749 0.181878656148911 0.182733401656151 0.182702839374542 0.182706981897354 0.182887613773346 0.183196365833282 0.183814510703087 0.184650778770447 0.185786515474319 0.187324196100235 0.189190745353699 0.190604224801064 0.191803082823753 0.193095713853836 0.194410741329193 0.194847911596298 0.195204630494118 0.19526831805706 0.195324882864952 0.195351645350456 0.195188701152802 0.194625273346901 0.194515123963356 0.194958955049515 0.194922551512718 0.194536358118057 0.193547889590263 0.192309990525246 0.193139269948006 0.194374933838844 0.194889158010483 0.195359349250793 0.195660471916199 0.195928737521172 0.196081534028053 0.196195989847183 0.196239203214645 0.19627533853054 0.196303769946098 0.196328446269035 0.196350708603859 0.196268647909164
0.184734106063843 0.185418665409088 0.186398282647133 0.187461793422699 0.1872388869524 0.186895996332169 0.186869397759438 0.186886116862297 0.18712317943573 0.187498688697815 0.188208431005478 0.189113646745682 0.190287202596664 0.191791489720345 0.193566367030144 0.194245606660843 0.194405868649483 0.194835409522057 0.195329278707504 0.195499166846275 0.195631712675095 0.195544555783272 0.19549648463726 0.195611998438835 0.195435360074043 0.194642007350922 0.194316685199738 0.194563388824463 0.194616407155991 0.194528341293335 0.192971915006638 0.190807402133942 0.192135319113731 0.194149777293205 0.194798707962036 0.195370778441429 0.195685833692551 0.195965155959129 0.196118786931038 0.196225479245186 0.196244984865189 0.196243152022362 0.19621804356575 0.196209520101547 0.196211725473404 0.196195378899574
0.188734143972397 0.189456105232239 0.19017867743969 0.190901428461075 0.190666988492012 0.190347999334335 0.190391272306442 0.190428748726845 0.190436750650406 0.190704733133316 0.191600412130356 0.192461386322975 0.193274676799774 0.19392429292202 0.194439992308617 0.194715991616249 0.194878458976746 0.195087999105453 0.195308789610863 0.19535468518734 0.195357486605644 0.194907978177071 0.194569110870361 0.194693326950073 0.194723442196846 0.194554910063744 0.19445139169693 0.194427356123924 0.194479957222939 0.194588392972946 0.192754924297333 0.190117254853249 0.191542983055115 0.193767488002777 0.194659262895584 0.195450305938721 0.195739433169365 0.195992186665535 0.196117028594017 0.196199640631676 0.19620381295681 0.196183502674103 0.196136519312859 0.196110680699348 0.196098506450653 0.196099758148193
0.191119134426117 0.191750764846802 0.192278370261192 0.192776381969452 0.192674890160561 0.192523330450058 0.192676618695259 0.192801520228386 0.19278210401535 0.193008542060852 0.193828642368317 0.194510072469711 0.19500108063221 0.195213794708252 0.195198819041252 0.195247650146484 0.195326700806618 0.195405170321465 0.195483490824699 0.195408284664154 0.195299848914146 0.194861188530922 0.194514632225037 0.194553524255753 0.194619163870811 0.194741293787956 0.194744899868965 0.194603651762009 0.19460728764534 0.194716468453407 0.192910000681877 0.190310224890709 0.191660344600677 0.193786919116974 0.194727182388306 0.195562496781349 0.19580166041851 0.19600984454155 0.196109145879745 0.196176096796989 0.196183010935783 0.196163162589073 0.196114152669907 0.196078643202782 0.196051880717278 0.196043506264687
0.19229282438755 0.192738324403763 0.193117499351501 0.193477794528008 0.193617612123489 0.193741142749786 0.194034546613693 0.194296911358833 0.194401249289513 0.194635644555092 0.195184037089348 0.195584446191788 0.195781663060188 0.195870816707611 0.195871531963348 0.19582524895668 0.195756688714027 0.195770740509033 0.195804551243782 0.19561043381691 0.195404648780823 0.195256739854813 0.195114821195602 0.194997861981392 0.19497062265873 0.195132806897163 0.195157513022423 0.195014238357544 0.194932475686073 0.194895550608635 0.19334414601326 0.191165536642075 0.192309975624084 0.19410765171051 0.194950640201569 0.195699170231819 0.195870354771614 0.196020483970642 0.196096658706665 0.196154281497002 0.196177467703819 0.196172282099724 0.19613616168499 0.196096748113632 0.196055173873901 0.196016773581505
0.193298265337944 0.193609520792961 0.193864092230797 0.194102540612221 0.194298267364502 0.19449682533741 0.194889768958092 0.195253849029541 0.195471093058586 0.195736929774284 0.196120068430901 0.196295127272606 0.196184560656548 0.19614414870739 0.19616112112999 0.196087881922722 0.195971891283989 0.195960640907288 0.195974409580231 0.195692658424377 0.195406526327133 0.195352077484131 0.195276021957397 0.195109471678734 0.195040300488472 0.195176720619202 0.195214003324509 0.195130124688148 0.195070162415504 0.195027649402618 0.193996027112007 0.192554786801338 0.193389415740967 0.194671437144279 0.195272207260132 0.195805564522743 0.195926859974861 0.196034118533134 0.196091949939728 0.196140289306641 0.196171015501022 0.196174174547195 0.196147277951241 0.196106478571892 0.196056663990021 0.196010068058968
0.194231584668159 0.194430842995644 0.194571033120155 0.194694399833679 0.194866597652435 0.195054441690445 0.195529520511627 0.195980027318001 0.196305513381958 0.196612849831581 0.196876347064972 0.196849957108498 0.196425586938858 0.196253031492233 0.196286514401436 0.196215525269508 0.196095034480095 0.196075230836868 0.196079477667809 0.195723488926888 0.19536429643631 0.19531874358654 0.195249080657959 0.195078462362289 0.194989204406738 0.195071667432785 0.195117861032486 0.195119723677635 0.195127502083778 0.195139586925507 0.19474121928215 0.194172859191895 0.194653064012527 0.195339396595955 0.195635825395584 0.195898979902267 0.195978164672852 0.196049019694328 0.196090564131737 0.196129649877548 0.196164175868034 0.196172967553139 0.196153730154037 0.196112617850304 0.196057379245758 0.196011930704117
0.195058196783066 0.195151820778847 0.195263162255287 0.19537952542305 0.195578441023827 0.195795372128487 0.196270674467087 0.196666926145554 0.19666101038456 0.196689009666443 0.196798905730247 0.196732938289642 0.196425527334213 0.196290075778961 0.196295291185379 0.196235150098801 0.1961440294981 0.196115866303444 0.196102723479271 0.195836395025253 0.195559710264206 0.195385783910751 0.195186853408813 0.194883331656456 0.194691672921181 0.194736123085022 0.194795623421669 0.194873481988907 0.195002138614655 0.195167765021324 0.195102497935295 0.194941610097885 0.195233330130577 0.195614010095596 0.19578754901886 0.195943042635918 0.195997416973114 0.196043401956558 0.196059867739677 0.196081236004829 0.196111708879471 0.196113958954811 0.196085438132286 0.196053951978683 0.196020543575287 0.195993915200233
0.195862725377083 0.195852026343346 0.195952221751213 0.196083948016167 0.196319967508316 0.196574226021767 0.197032809257507 0.197345688939095 0.196917414665222 0.196599707007408 0.196548983454704 0.196476921439171 0.196375593543053 0.196312233805656 0.196279928088188 0.196232408285141 0.196177676320076 0.196141183376312 0.196109056472778 0.195966273546219 0.195804312825203 0.195473581552505 0.195117339491844 0.194654241204262 0.194343149662018 0.194352895021439 0.194426596164703 0.194578468799591 0.194838970899582 0.195178598165512 0.195384338498116 0.195534631609917 0.195672199130058 0.195807248353958 0.195895418524742 0.19597689807415 0.196010053157806 0.196033537387848 0.196023106575012 0.196025013923645 0.196049809455872 0.196042984724045 0.196001678705215 0.195981860160828 0.195975944399834 0.195971772074699
0.196540683507919 0.196442544460297 0.19660122692585 0.196832954883575 0.19707016646862 0.197295665740967 0.19718986749649 0.197012946009636 0.196474224328995 0.196097820997238 0.196113333106041 0.196185454726219 0.196335300803185 0.196376487612724 0.196328788995743 0.196285426616669 0.196244120597839 0.196207568049431 0.196172133088112 0.196081340312958 0.195977911353111 0.195745855569839 0.195502117276192 0.195209413766861 0.195002540946007 0.19497686624527 0.194989055395126 0.195047497749329 0.195198029279709 0.195415645837784 0.195567756891251 0.195692718029022 0.195784628391266 0.195870026946068 0.195933595299721 0.195992395281792 0.196012511849403 0.196023508906364 0.196002453565598 0.19599361717701 0.196007445454597 0.196002870798111 0.195978224277496 0.195962876081467 0.195953533053398 0.195959955453873
0.197128087282181 0.19695408642292 0.197161480784416 0.197477355599403 0.197706192731857 0.197895094752312 0.197246164083481 0.196605756878853 0.196008741855621 0.195611298084259 0.195695728063583 0.195899412035942 0.196266829967499 0.19641637802124 0.196387693285942 0.196359440684319 0.196331396698952 0.196295514702797 0.196257755160332 0.196210920810699 0.196158140897751 0.196028232574463 0.195900321006775 0.195780754089355 0.195680141448975 0.19561955332756 0.195568457245827 0.195528969168663 0.195563942193985 0.19565312564373 0.195741429924965 0.195829376578331 0.195884272456169 0.195932656526566 0.195974662899971 0.196013242006302 0.19602070748806 0.196019738912582 0.195989027619362 0.195969611406326 0.195971116423607 0.195967942476273 0.195959642529488 0.195948347449303 0.195935100317001 0.195950970053673
0.196809872984886 0.196675717830658 0.196794241666794 0.196984618902206 0.197120174765587 0.197220340371132 0.196516558527946 0.19588765501976 0.195639610290527 0.195485800504684 0.195559456944466 0.195688381791115 0.195893168449402 0.196176141500473 0.196523100137711 0.196630865335464 0.196625307202339 0.196594059467316 0.19655667245388 0.196502327919006 0.196443125605583 0.196330264210701 0.19622477889061 0.196150094270706 0.19607050716877 0.195980608463287 0.195883721113205 0.19577831029892 0.195753455162048 0.195787250995636 0.195858433842659 0.195945084095001 0.196003317832947 0.196055978536606 0.196079760789871 0.196099892258644 0.196094915270805 0.196082681417465 0.196044936776161 0.196012511849403 0.195989966392517 0.195973679423332 0.195964187383652 0.195956021547318 0.195948705077171 0.195967301726341
0.196532756090164 0.196445345878601 0.196439102292061 0.19645594060421 0.196498304605484 0.196518063545227 0.195856928825378 0.195308476686478 0.195333331823349 0.19536916911602 0.195431530475616 0.195499196648598 0.195574149489403 0.19592559337616 0.196503251791 0.196704566478729 0.196727618575096 0.196717634797096 0.196699738502502 0.196654573082924 0.196604937314987 0.196517691016197 0.196442872285843 0.196420028805733 0.196371972560883 0.196270689368248 0.196149677038193 0.196004495024681 0.195934757590294 0.195919930934906 0.19596728682518 0.196040362119675 0.196092620491982 0.196140766143799 0.196147128939629 0.196150094270706 0.196135058999062 0.196114674210548 0.196075469255447 0.196038365364075 0.196005165576935 0.195982292294502 0.195970669388771 0.195967048406601 0.195968598127365 0.195982158184052
0.196406319737434 0.196390971541405 0.196128353476524 0.195795431733131 0.195744976401329 0.195714890956879 0.195453867316246 0.195238783955574 0.19525745511055 0.195285052061081 0.195334166288376 0.19539013504982 0.195455506443977 0.195637226104736 0.19591411948204 0.196053370833397 0.19612742960453 0.196199640631676 0.196271389722824 0.196296557784081 0.196315169334412 0.196284890174866 0.196270972490311 0.196325436234474 0.196347370743752 0.196300625801086 0.196234837174416 0.196145787835121 0.196085914969444 0.196047306060791 0.196046262979507 0.196060791611671 0.196072772145271 0.196084275841713 0.196076139807701 0.196066603064537 0.19605028629303 0.196033120155334 0.196012943983078 0.196001693606377 0.196006998419762 0.196001514792442 0.195984229445457 0.195990338921547 0.196011573076248 0.195991665124893
