Ecospace-environmental-drivers/Outputs/ASCII-for-ecospace/MOM6-ISIMIP3a/o2-bot/2004-07_o2-bot_MOM6-ISIMIP3a.asc
NCOLS 131 
NROWS 53 
XLLCORNER -98 
YLLCORNER 23.9265270233154 
CELLSIZE 0.133587792515755 
NODATA_value -9999 
[rows 21 to 41 of 53, columns 0 to 45 of 131]
-9999 -9999 -9999 -9999 -9999 -9999 0.202982485294342 0.202672839164734 0.201771572232246 0.200585886836052 0.199274867773056 0.200530976057053 0.200978636741638 0.202312111854553 0.200916394591331 0.196371644735336 0.184914708137512 0.168710872530937 0.169383838772774 0.176573559641838 0.182550132274628 0.188312605023384 0.173065200448036 0.158873215317726 0.157309845089912 0.156007766723633 0.155552938580513 0.155685186386108 0.156841993331909 0.158818274736404 0.161637783050537 0.165735512971878 0.170611917972565 0.177219942212105 0.184405162930489 0.189064681529999 0.193355232477188 0.194882050156593 0.196200340986252 0.196190655231476 0.195783495903015 0.194269895553589 0.190246045589447 0.182342752814293 0.178592368960381 0.17865352332592
-9999 -9999 -9999 -9999 -9999 -9999 0.202974528074265 0.202982485294342 0.202363193035126 0.201154693961143 0.200585886836052 0.196707755327225 0.192690685391426 0.188398718833923 0.187315493822098 0.189934611320496 0.183974951505661 0.172123849391937 0.17315773665905 0.179166987538338 0.184611156582832 0.189955607056618 0.179444402456284 0.169653788208961 0.168761253356934 0.168089181184769 0.168131917715073 0.168470934033394 0.169326946139336 0.17082054913044 0.172970190644264 0.175575584173203 0.178458616137505 0.18253467977047 0.187008410692215 0.189678594470024 0.192086771130562 0.192726090550423 0.193315908312798 0.193590611219406 0.193711131811142 0.193402409553528 0.19178032875061 0.188128530979156 0.186484262347221 0.186682522296906
-9999 -9999 -9999 -9999 0.201141387224197 0.202001184225082 0.203079804778099 0.202861279249191 0.202982485294342 0.201743915677071 0.199306502938271 0.192280516028404 0.184403672814369 0.174843221902847 0.174189299345016 0.183812126517296 0.183529257774353 0.176443725824356 0.177713260054588 0.182208999991417 0.185668379068375 0.188944876194 0.183385729789734 0.178228259086609 0.178030177950859 0.177978008985519 0.178398877382278 0.179012611508369 0.179962918162346 0.180998906493187 0.182123064994812 0.183250203728676 0.184379145503044 0.186089903116226 0.187994584441185 0.188760370016098 0.18935988843441 0.188728153705597 0.188137710094452 0.187810242176056 0.187682315707207 0.188109889626503 0.18862871825695 0.18928861618042 0.189809650182724 0.190203249454498
-9999 -9999 -9999 -9999 0.199465870857239 0.200018674135208 0.200922578573227 0.203079804778099 0.202521532773972 0.19541634619236 0.189503312110901 0.188153430819511 0.186749115586281 0.18523707985878 0.185614377260208 0.188171625137329 0.187982201576233 0.185906484723091 0.187591806054115 0.190729409456253 0.184794351458549 0.177258267998695 0.160064786672592 0.144520923495293 0.144485995173454 0.144463941454887 0.144483655691147 0.147905170917511 0.157263100147247 0.1657894551754 0.173460111021996 0.177043616771698 0.178137257695198 0.17939281463623 0.180702343583107 0.181524500250816 0.182230949401855 0.176217809319496 0.16942971944809 0.157706439495087 0.148241519927979 0.145063266158104 0.143275633454323 0.143637120723724 0.143863454461098 0.143965765833855
-9999 -9999 -9999 -9999 -9999 0.199465870857239 0.196606442332268 0.198765352368355 0.197205975651741 0.186006799340248 0.178080186247826 0.18267947435379 0.18722103536129 0.191648364067078 0.191396266222 0.18574483692646 0.18410661816597 0.185224443674088 0.188227310776711 0.191958069801331 0.180440187454224 0.166231393814087 0.1422298848629 0.12062244862318 0.120752312242985 0.120835117995739 0.120765365660191 0.126120164990425 0.140941321849823 0.153664723038673 0.164229571819305 0.168383538722992 0.168632030487061 0.169258043169975 0.170009881258011 0.170808792114258 0.171544954180717 0.162658855319023 0.152458876371384 0.133891612291336 0.11893679946661 0.1140381321311 0.111114196479321 0.111242093145847 0.111323714256287 0.111362874507904
-9999 -9999 -9999 -9999 -9999 0.201180428266525 0.199465870857239 0.185114726424217 0.170604288578033 0.163083702325821 0.159554019570351 0.171299919486046 0.17947818338871 0.180597141385078 0.172434404492378 0.153562054038048 0.14371283352375 0.14006020128727 0.148334622383118 0.161214500665665 0.160826608538628 0.158097356557846 0.148449808359146 0.139733031392097 0.140034943819046 0.140550300478935 0.141757681965828 0.145211443305016 0.152585357427597 0.155065596103668 0.152510359883308 0.14896559715271 0.144818037748337 0.144050016999245 0.144408509135246 0.144834950566292 0.145262226462364 0.144502013921738 0.143104940652847 0.137652143836021 0.134075984358788 0.135723888874054 0.13679450750351 0.136972978711128 0.137567520141602 0.138543948531151
-9999 -9999 0.204472810029984 0.204193755984306 0.204032868146896 0.202897012233734 0.201178401708603 0.176542654633522 0.152648642659187 0.151597857475281 0.153599187731743 0.167282775044441 0.174801498651505 0.170121744275093 0.155302226543427 0.128783032298088 0.115605287253857 0.111589722335339 0.124135255813599 0.14307564496994 0.150243476033211 0.155333817005157 0.155637338757515 0.155838787555695 0.156063035130501 0.156690433621407 0.158625021576881 0.160555616021156 0.162479236721992 0.15813972055912 0.147355541586876 0.139479294419289 0.13337454199791 0.13189922273159 0.131967037916183 0.13220876455307 0.132505968213081 0.137174621224403 0.141675174236298 0.145105347037315 0.149037584662437 0.154367431998253 0.157990321516991 0.158975183963776 0.160153925418854 0.161510601639748
-9999.000000000000000 -9999 -9999 -9999 0.205651357769966 0.20516873896122 0.206215709447861 0.179051280021667 0.153557375073433 0.165066450834274 0.175073146820068 0.179329365491867 0.176814779639244 0.160902678966522 0.142162099480629 0.120157890021801 0.11430449038744 0.119542576372623 0.134176462888718 0.152438417077065 0.159363493323326 0.164287954568863 0.164936080574989 0.165388479828835 0.164990171790123 0.16503033041954 0.166492253541946 0.167724132537842 0.168554574251175 0.164864629507065 0.156523287296295 0.151662349700928 0.148921623826027 0.148237362504005 0.148238554596901 0.148705199360847 0.149262472987175 0.153475493192673 0.157534807920456 0.160615399479866 0.163611695170403 0.16637334227562 0.169401615858078 0.17284195125103 0.174760386347771 0.175282016396523
-9999 -9999 -9999 -9999 0.207594931125641 0.208888337016106 0.208984717726707 0.183674067258835 0.160361841320992 0.176167175173759 0.188026860356331 0.184784263372421 0.174112007021904 0.14873856306076 0.129451021552086 0.11718562990427 0.118541918694973 0.129252836108208 0.143722295761108 0.159643083810806 0.16709953546524 0.173062279820442 0.173889145255089 0.174441188573837 0.17364014685154 0.173080548644066 0.173303812742233 0.173552632331848 0.173846021294594 0.17098431289196 0.164876088500023 0.162188544869423 0.161584839224815 0.161755457520485 0.162184178829193 0.162960201501846 0.163799971342087 0.166827619075775 0.169815093278885 0.172546729445457 0.175001099705696 0.176683589816093 0.179186776280403 0.182958334684372 0.184823915362358 0.184940189123154
-9999 -9999 -9999 -9999 0.208808034658432 0.208727717399597 0.208628535270691 0.190956637263298 0.174583598971367 0.184288933873177 0.19026143848896 0.181946262717247 0.165476053953171 0.132869347929955 0.117279715836048 0.121325135231018 0.12974688410759 0.141174048185349 0.15264493227005 0.164132684469223 0.173094421625137 0.181610375642776 0.182407334446907 0.182868644595146 0.181941449642181 0.180766314268112 0.178787276148796 0.177695274353027 0.178151279687881 0.176342591643333 0.172203615307808 0.170630261301994 0.170619875192642 0.171725705265999 0.173203602433205 0.17439529299736 0.175545796751976 0.17646998167038 0.177592232823372 0.179975748062134 0.182383880019188 0.184860542416573 0.186926141381264 0.188356429338455 0.189172074198723 0.189423561096191
-9999 -9999 -9999 -9999 0.208727717399597 0.208607658743858 0.208466738462448 0.197280600667 0.18695479631424 0.193622589111328 0.196462735533714 0.18465231359005 0.166075840592384 0.134111255407333 0.119778424501419 0.125789850950241 0.137239381670952 0.152423501014709 0.162879422307014 0.171509623527527 0.179227709770203 0.186784833669662 0.187500402331352 0.187867552042007 0.186579629778862 0.184858307242393 0.181731700897217 0.179991140961647 0.18066930770874 0.180326044559479 0.178931713104248 0.178411528468132 0.178423836827278 0.179471999406815 0.180865421891212 0.182343825697899 0.183823943138123 0.18391340970993 0.18420846760273 0.185812935233116 0.187612876296043 0.189956977963448 0.191493853926659 0.191783234477043 0.192005336284637 0.192165687680244
-9999 -9999 -9999 -9999 0.208600699901581 0.208466738462448 0.202706262469292 0.202885612845421 0.197938054800034 0.203865170478821 0.205639109015465 0.19151645898819 0.173602521419525 0.148186698555946 0.133279785513878 0.130498498678207 0.141947507858276 0.163169100880623 0.174097806215286 0.181052058935165 0.185464784502983 0.189429014921188 0.190024614334106 0.190295025706291 0.188470438122749 0.186254918575287 0.182771861553192 0.180901899933815 0.181846916675568 0.18327833712101 0.185210257768631 0.185697436332703 0.185304492712021 0.185550302267075 0.186009019613266 0.187677398324013 0.189501330256462 0.189707592129707 0.189954027533531 0.190456256270409 0.191226527094841 0.192742973566055 0.193682819604874 0.193731561303139 0.193702444434166 0.193601876497269
-9999 -9999 -9999 -9999 0.208466738462448 0.204277321696281 0.202715083956718 0.202192112803459 0.202306732535362 0.206312820315361 0.207461461424828 0.197672978043556 0.183188319206238 0.159411266446114 0.143406838178635 0.136370822787285 0.145455554127693 0.165611118078232 0.176698848605156 0.184285134077072 0.187898531556129 0.190810814499855 0.191393435001373 0.191739156842232 0.190535947680473 0.18904210627079 0.186605885624886 0.185341075062752 0.186120495200157 0.187417685985565 0.189247667789459 0.189743191003799 0.189425751566887 0.189427882432938 0.189536526799202 0.190883412957191 0.192391321063042 0.192496374249458 0.192621052265167 0.192870691418648 0.193277224898338 0.194120511412621 0.194640710949898 0.194661572575569 0.194583505392075 0.194414645433426
-9999 -9999 -9999 -9999 -9999 0.20332333445549 0.203221201896667 0.203067541122437 0.20384056866169 0.205419734120369 0.206132024526596 0.203526213765144 0.193656608462334 0.16941399872303 0.15208774805069 0.14274188876152 0.148449271917343 0.164494410157204 0.175606667995453 0.184814170002937 0.18870222568512 0.191651567816734 0.192267075181007 0.192761853337288 0.192676350474358 0.192425265908241 0.191637307405472 0.191292464733124 0.19172091782093 0.19206577539444 0.192324593663216 0.19240029156208 0.192364409565926 0.192362293601036 0.192371428012848 0.193177595734596 0.194086715579033 0.193997114896774 0.193968698382378 0.194329887628555 0.194658070802689 0.194894418120384 0.19507098197937 0.195155173540115 0.195114836096764 0.194960221648216
-9999 -9999 -9999 -9999 -9999 0.203976288437843 0.204033702611923 0.204403936862946 0.204418510198593 0.204902529716492 0.204926267266273 0.20318828523159 0.193838104605675 0.169425517320633 0.152265086770058 0.143472537398338 0.148931100964546 0.164176553487778 0.174573704600334 0.183098748326302 0.187845706939697 0.191925957798958 0.192884519696236 0.193706423044205 0.193959102034569 0.194091185927391 0.193832263350487 0.193676307797432 0.193700060248375 0.193719267845154 0.19373382627964 0.193772807717323 0.1938266903162 0.193828076124191 0.193811982870102 0.194222867488861 0.194689139723778 0.194654762744904 0.194658175110817 0.194902330636978 0.195100679993629 0.19517157971859 0.195245683193207 0.195324718952179 0.195328578352928 0.195263430476189
-9999 -9999 -9999 -9999 -9999 0.204538807272911 0.204673960804939 0.204629614949226 0.204798698425293 0.204463094472885 0.203746110200882 0.201569393277168 0.191891238093376 0.167369827628136 0.150683045387268 0.143036171793938 0.148893222212791 0.164023995399475 0.173552989959717 0.180918946862221 0.186645686626434 0.192083150148392 0.193448930978775 0.194634810090065 0.195064410567284 0.195401817560196 0.195440337061882 0.195322006940842 0.19492994248867 0.194753184914589 0.194797992706299 0.194879546761513 0.194983497262001 0.194990009069443 0.194964051246643 0.195009738206863 0.195065438747406 0.195137962698936 0.195211470127106 0.195291295647621 0.195349171757698 0.195345968008041 0.195367485284805 0.19542720913887 0.195476591587067 0.195516511797905
-9999 -9999 -9999 -9999 -9999 -9999 0.204908758401871 0.204988315701485 0.204984858632088 0.204920470714569 0.204031363129616 0.199985563755035 0.189440742135048 0.16603621840477 0.148847624659538 0.138831272721291 0.144006311893463 0.159613966941833 0.169751808047295 0.177777543663979 0.185466021299362 0.193094983696938 0.194569811224937 0.195810064673424 0.196218445897102 0.196465954184532 0.196191802620888 0.19592821598053 0.195683106780052 0.195552498102188 0.195539712905884 0.195550382137299 0.195575356483459 0.195564478635788 0.195541679859161 0.195526391267776 0.195512503385544 0.195550382137299 0.195584073662758 0.195591151714325 0.195591107010841 0.195571199059486 0.195583447813988 0.195645421743393 0.195728316903114 0.195830404758453
-9999 -9999 -9999 -9999 -9999 -9999 0.205061331391335 0.205108344554901 0.205140471458435 0.205329179763794 0.204277068376541 0.198475643992424 0.187000751495361 0.164299592375755 0.146581426262856 0.134612828493118 0.139287978410721 0.155393153429031 0.166155204176903 0.174854099750519 0.184392437338829 0.194078892469406 0.195641860365868 0.196915328502655 0.197258561849594 0.197388455271721 0.196826562285423 0.196436807513237 0.196347430348396 0.196268320083618 0.196199804544449 0.196136385202408 0.196076080203056 0.196046993136406 0.196028307080269 0.195973441004753 0.195914059877396 0.195925071835518 0.195927336812019 0.195873960852623 0.195826202630997 0.19579404592514 0.195801466703415 0.195870041847229 0.195982411503792 0.196134999394417
-9999 -9999 -9999 -9999 -9999 -9999 0.204793319106102 0.205087348818779 0.205062881112099 0.204790353775024 0.203401118516922 0.197737604379654 0.184913158416748 0.157919242978096 0.139841064810753 0.132050231099129 0.138684138655663 0.155224144458771 0.166069075465202 0.174714908003807 0.184440612792969 0.194356873631477 0.195927277207375 0.197155982255936 0.197060063481331 0.196917921304703 0.196625873446465 0.196400552988052 0.196291714906693 0.196205675601959 0.196143105626106 0.196025595068932 0.195874616503716 0.195829153060913 0.195818856358528 0.195807099342346 0.195796191692352 0.19593109190464 0.196044072508812 0.196017369627953 0.195991367101669 0.195967271924019 0.195996388792992 0.196107760071754 0.196212559938431 0.196311339735985
-9999 -9999 -9999 -9999 -9999 0.205054819583893 0.203613772988319 0.204184249043465 0.203224018216133 0.201749816536903 0.19952155649662 0.194407090544701 0.180687889456749 0.149942353367805 0.13268780708313 0.130999729037285 0.140149548649788 0.156742244958878 0.167591258883476 0.176222428679466 0.185432732105255 0.194745227694511 0.19609671831131 0.197105750441551 0.196713536977768 0.196397438645363 0.196328148245811 0.196245044469833 0.196137875318527 0.196060359477997 0.196013361215591 0.195874065160751 0.195678532123566 0.195626214146614 0.195621624588966 0.195642739534378 0.195668742060661 0.195882216095924 0.19606651365757 0.196064963936806 0.19605940580368 0.196042656898499 0.19608536362648 0.196219950914383 0.196331381797791 0.196421563625336
-9999 -9999 -9999 -9999 0.203636363148689 0.204788640141487 0.205054819583893 0.200128674507141 0.194927126169205 0.189536169171333 0.184628516435623 0.181570664048195 0.168624311685562 0.136111408472061 0.124020591378212 0.135493665933609 0.149202406406403 0.164446488022804 0.175010740756989 0.183767914772034 0.18988598883152 0.195538341999054 0.195840954780579 0.195988908410072 0.195824190974236 0.195693790912628 0.19567459821701 0.195652216672897 0.195624232292175 0.19561193883419 0.195615753531456 0.19557312130928 0.195502191781998 0.195477947592735 0.195469260215759 0.195485636591911 0.19550621509552 0.195632055401802 0.195743247866631 0.195761188864708 0.195771232247353 0.195759281516075 0.195785835385323 0.195871859788895 0.196042016148567 0.196289390325546
