Ecospace-environmental-drivers/Outputs/ASCII-for-ecospace/MOM6-ISIMIP3a/o2-bot/2005-07_o2-bot_MOM6-ISIMIP3a.asc
NCOLS 131 
NROWS 53 
XLLCORNER -98 
YLLCORNER 23.9265270233154 
CELLSIZE 0.133587792515755 
NODATA_value -9999 
[rows 21 to 41 of 53, columns 46 to 91 of 131]
0.179651886224747 0.180402502417564 0.180281937122345 0.179913595318794 0.180791527032852 0.181691959500313 0.179755449295044 0.177883803844452 0.176342219114304 0.17461533844471 0.172441020607948 0.17096896469593 0.170460999011993 0.172107338905334 0.175516247749329 0.149987563490868 0.110751785337925 0.117798812687397 0.135904356837273 0.142470076680183 0.148202940821648 0.153352588415146 0.160367488861084 0.17518875002861 0.186309888958931 0.189619794487953 0.192249417304993 0.194047629833221 0.195202678442001 0.195889294147491 0.195430651307106 0.194497719407082 0.194303542375565 0.194254592061043 0.193219795823097 0.191850870847702 0.187574431300163 0.179936990141869 0.160482138395309 0.143770277500153 0.132152423262596 0.123178459703922 0.117085129022598 0.113028220832348 0.110288977622986 0.110604010522366
0.183226376771927 0.183736950159073 0.183233052492142 0.182440623641014 0.182482212781906 0.182587936520576 0.182120874524117 0.179346159100533 0.164832800626755 0.154500111937523 0.15426205098629 0.150534838438034 0.14201745390892 0.139153257012367 0.140914350748062 0.130171656608582 0.11350616812706 0.122769623994827 0.138228371739388 0.150433897972107 0.161843806505203 0.164926335215569 0.169471144676208 0.180135741829872 0.188160851597786 0.190613806247711 0.19278609752655 0.194615334272385 0.195452809333801 0.195567891001701 0.19523811340332 0.194724097847939 0.194859236478806 0.195121973752975 0.194175824522972 0.19313471019268 0.191603317856789 0.188253477215767 0.17850998044014 0.169270753860474 0.160968035459518 0.151581361889839 0.141013696789742 0.132788747549057 0.126079648733139 0.120678655803204
0.182688444852829 0.182961195707321 0.181877657771111 0.180408403277397 0.180234953761101 0.180238828063011 0.181449547410011 0.178084433078766 0.15144270658493 0.133317187428474 0.135754868388176 0.1299699395895 0.11289644241333 0.105160631239414 0.105064660310745 0.109867788851261 0.116991505026817 0.128075495362282 0.140105709433556 0.1575016528368 0.174194395542145 0.175286948680878 0.177481397986412 0.184287413954735 0.189513981342316 0.191406235098839 0.193288400769234 0.19515822827816 0.195677444338799 0.195212870836258 0.19502118229866 0.194942489266396 0.195287197828293 0.195715144276619 0.194234669208527 0.192915380001068 0.193861171603203 0.194694072008133 0.19513002038002 0.193856224417686 0.189407229423523 0.180228218436241 0.165895685553551 0.154089853167534 0.143918931484222 0.132585138082504
0.141963675618172 0.142260447144508 0.141221672296524 0.139803066849709 0.139801189303398 0.139984011650085 0.141238763928413 0.140331506729126 0.128426477313042 0.121952682733536 0.128593116998672 0.129221126437187 0.121594876050949 0.118177510797977 0.118203721940517 0.124694727361202 0.134247958660126 0.144332259893417 0.154543444514275 0.166458860039711 0.177859723567963 0.18006756901741 0.182702273130417 0.187123492360115 0.190571278333664 0.191964089870453 0.193542659282684 0.195348247885704 0.195708602666855 0.195016264915466 0.194909632205963 0.195045575499535 0.194769591093063 0.194412648677826 0.19401778280735 0.193715214729309 0.19432806968689 0.194874003529549 0.19518455862999 0.194721683859825 0.192822471261024 0.18874703347683 0.182300537824631 0.176973953843117 0.17237201333046 0.158976137638092
0.113909840583801 0.114625059068203 0.114049762487411 0.113107442855835 0.113498844206333 0.114050723612309 0.11524910479784 0.11625948548317 0.116313502192497 0.119023934006691 0.128148570656776 0.133431449532509 0.133440107107162 0.133615612983704 0.133927628397942 0.141199141740799 0.151767179369926 0.160338506102562 0.168432742357254 0.175167337059975 0.181572899222374 0.184549197554588 0.187393352389336 0.189684584736824 0.191567584872246 0.19258876144886 0.193897530436516 0.195557817816734 0.195745304226875 0.194860056042671 0.194808423519135 0.195102021098137 0.194361358880997 0.193417400121689 0.193903028964996 0.194421723484993 0.194746151566505 0.195041418075562 0.195234149694443 0.195422410964966 0.195602342486382 0.195684462785721 0.195659980177879 0.195624694228172 0.195582419633865 0.181989073753357
0.141414403915405 0.144277602434158 0.146001771092415 0.147402003407478 0.149158865213394 0.150913238525391 0.151615113019943 0.152174383401871 0.152008190751076 0.153083622455597 0.157157137989998 0.159386217594147 0.159083098173141 0.159670099616051 0.160985380411148 0.165058776736259 0.170438647270203 0.175246298313141 0.179917231202126 0.182785183191299 0.185495853424072 0.187719836831093 0.189761474728584 0.191039964556694 0.192296430468559 0.193506464362144 0.194693684577942 0.195853024721146 0.195806279778481 0.194881036877632 0.194752544164658 0.194954007863998 0.194432660937309 0.193769201636314 0.194236099720001 0.194719061255455 0.194950133562088 0.195153966546059 0.195262059569359 0.195400774478912 0.195596352219582 0.195687934756279 0.195666193962097 0.195713400840759 0.195805221796036 0.190190047025681
0.164522245526314 0.168179869651794 0.171111047267914 0.173835605382919 0.176098018884659 0.178246542811394 0.178597792983055 0.178808942437172 0.178307309746742 0.178084835410118 0.178536459803581 0.178718641400337 0.178530886769295 0.17959851026535 0.181693211197853 0.183376908302307 0.184865906834602 0.18677793443203 0.188791036605835 0.189041465520859 0.189258307218552 0.190748795866966 0.19205404818058 0.192584052681923 0.193278312683105 0.194319322705269 0.195197999477386 0.195878267288208 0.195674151182175 0.19482584297657 0.194304406642914 0.193918317556381 0.193934768438339 0.194030344486237 0.194508656859398 0.194971188902855 0.195140987634659 0.195281684398651 0.195320099592209 0.19541135430336 0.195600777864456 0.195690304040909 0.195671036839485 0.195768222212791 0.195940777659416 0.195812329649925
0.178037077188492 0.179535895586014 0.181290447711945 0.183117717504501 0.18400950729847 0.184788510203362 0.185107424855232 0.185195133090019 0.184106692671776 0.183321803808212 0.183269873261452 0.183602079749107 0.184461668133736 0.186160683631897 0.188546493649483 0.189604252576828 0.190032958984375 0.190943285822868 0.191968694329262 0.192326962947845 0.192670628428459 0.193468600511551 0.194181755185127 0.19453988969326 0.194812223315239 0.194903448224068 0.195065602660179 0.195314452052116 0.19512066245079 0.194604456424713 0.19300040602684 0.190945833921432 0.192195028066635 0.194093659520149 0.194649219512939 0.19512465596199 0.195303186774254 0.195442497730255 0.195443868637085 0.19549223780632 0.19562791287899 0.195690304040909 0.195672884583473 0.195749133825302 0.195885986089706 0.195808231830597
0.187071204185486 0.187439650297165 0.188383847475052 0.189491793513298 0.189484089612961 0.189377218484879 0.189675644040108 0.189742505550385 0.188631430268288 0.187826439738274 0.187760517001152 0.188243225216866 0.189479142427444 0.191010653972626 0.192784026265144 0.193322062492371 0.193274945020676 0.193572551012039 0.193952530622482 0.194199830293655 0.194431290030479 0.194564923644066 0.194738268852234 0.195077776908875 0.195212468504906 0.194914743304253 0.194745272397995 0.194732531905174 0.194627851247787 0.194456189870834 0.19238255918026 0.189521253108978 0.191340178251266 0.194079130887985 0.1947121322155 0.195233106613159 0.195421382784843 0.195568278431892 0.195569708943367 0.195597931742668 0.195675939321518 0.195706248283386 0.19568458199501 0.195731565356255 0.19582299888134 0.195789441466331
0.190468207001686 0.191000193357468 0.191594839096069 0.192207306623459 0.191892832517624 0.191508561372757 0.1918014138937 0.191976502537727 0.191552594304085 0.191409781575203 0.191945746541023 0.192579537630081 0.193347617983818 0.193706557154655 0.193730741739273 0.193882644176483 0.194095030426979 0.194269299507141 0.194434463977814 0.194295480847359 0.194114029407501 0.193618774414062 0.193318098783493 0.193831786513329 0.194186463952065 0.194205418229103 0.19418853521347 0.194127842783928 0.194211348891258 0.194399893283844 0.192627936601639 0.190044060349464 0.191598609089851 0.193966671824455 0.194677382707596 0.195284932851791 0.195484191179276 0.195649996399879 0.195698156952858 0.195734843611717 0.195750251412392 0.195742219686508 0.195708677172661 0.195715948939323 0.195749655365944 0.195752173662186
0.192537561058998 0.19312572479248 0.193449839949608 0.193698838353157 0.193420767784119 0.19311198592186 0.193430781364441 0.19368751347065 0.193628594279289 0.193760499358177 0.194353193044662 0.194844186306 0.195195600390434 0.195050567388535 0.194499358534813 0.194470897316933 0.194690048694611 0.194769829511642 0.194816306233406 0.194534257054329 0.194209516048431 0.193592101335526 0.193168893456459 0.193558439612389 0.193855881690979 0.193958878517151 0.193993225693703 0.193943664431572 0.194098368287086 0.194401830434799 0.192995429039001 0.190880909562111 0.192111924290657 0.194000601768494 0.194714337587357 0.195340260863304 0.195533514022827 0.195698887109756 0.195766299962997 0.195809632539749 0.195808246731758 0.195790737867355 0.195755660533905 0.195734828710556 0.195723176002502 0.195725008845329
0.193611145019531 0.194175004959106 0.194287836551666 0.194272398948669 0.194288104772568 0.194319471716881 0.194687828421593 0.195006266236305 0.19507072865963 0.195186734199524 0.195427253842354 0.195555090904236 0.195528194308281 0.195380657911301 0.195134401321411 0.195079907774925 0.195116251707077 0.195123195648193 0.195123106241226 0.19488038122654 0.194614544510841 0.19425505399704 0.193972930312157 0.194014579057693 0.194046884775162 0.194059446454048 0.194068998098373 0.194074884057045 0.194213002920151 0.194447442889214 0.193454504013062 0.191953286528587 0.19281642138958 0.194144308567047 0.194805055856705 0.195398211479187 0.195572704076767 0.195723176002502 0.195789217948914 0.195837810635567 0.195854008197784 0.195848658680916 0.195819839835167 0.19577956199646 0.19573187828064 0.195705398917198
0.194243088364601 0.194644123315811 0.194749310612679 0.194770351052284 0.194906651973724 0.195061877369881 0.195409163832664 0.195714801549911 0.195808604359627 0.195911228656769 0.196035161614418 0.19602233171463 0.1958217471838 0.19566997885704 0.195558145642281 0.195447236299515 0.195336759090424 0.195226237177849 0.195115715265274 0.194760710000992 0.194414734840393 0.194445058703423 0.194451555609703 0.19435840845108 0.194299906492233 0.194314539432526 0.194325968623161 0.194333493709564 0.194428905844688 0.194588363170624 0.194035977125168 0.193188786506653 0.193790882825851 0.194677889347076 0.195114746689796 0.195507347583771 0.19563053548336 0.195737555623055 0.195787757635117 0.195827037096024 0.195846065878868 0.195847645401955 0.195830225944519 0.195788830518723 0.195731922984123 0.195691540837288
0.194685757160187 0.194864615797997 0.195049419999123 0.195235908031464 0.1954185962677 0.19560495018959 0.1959008872509 0.196161806583405 0.196244657039642 0.196334972977638 0.196443289518356 0.1963851749897 0.196098551154137 0.1959418207407 0.195891350507736 0.195710986852646 0.195469096302986 0.195222020149231 0.194973677396774 0.194441393017769 0.193955704569817 0.194432362914085 0.194790720939636 0.19465409219265 0.194579496979713 0.194635853171349 0.19466058909893 0.194646686315536 0.194688230752945 0.194770127534866 0.194669887423515 0.19449420273304 0.194881081581116 0.195378541946411 0.195518270134926 0.195638403296471 0.195696353912354 0.195747703313828 0.195775836706161 0.195799559354782 0.195815101265907 0.19582137465477 0.195817559957504 0.195782899856567 0.195728287100792 0.195680141448975
0.195162937045097 0.195281177759171 0.195535868406296 0.19582936167717 0.195999965071678 0.196161478757858 0.196417272090912 0.196606010198593 0.19645369052887 0.196356534957886 0.196392670273781 0.196330115199089 0.196132093667984 0.196010589599609 0.195951700210571 0.195800706744194 0.195606097579002 0.195381075143814 0.195148766040802 0.194717302918434 0.194313257932663 0.194507330656052 0.194632440805435 0.194468900561333 0.194384559988976 0.194467395544052 0.194545030593872 0.194616287946701 0.194755062460899 0.194943025708199 0.195033848285675 0.195084437727928 0.195316717028618 0.195584699511528 0.195627465844154 0.19566148519516 0.195691540837288 0.195717707276344 0.19573013484478 0.195742413401604 0.195754393935204 0.19575572013855 0.195745408535004 0.195720866322517 0.195687115192413 0.195652589201927
0.19564725458622 0.195738315582275 0.196060881018639 0.196449279785156 0.196595698595047 0.196720793843269 0.196938768029213 0.197049647569656 0.196615725755692 0.196294903755188 0.196247115731239 0.19618858397007 0.196115300059319 0.196037352085114 0.195955589413643 0.195854425430298 0.195744067430496 0.195573911070824 0.195389464497566 0.195116385817528 0.194839760661125 0.194600462913513 0.194371238350868 0.194184213876724 0.194091439247131 0.194197624921799 0.194336339831352 0.194514811038971 0.194782093167305 0.195114061236382 0.195341944694519 0.195526719093323 0.195616915822029 0.195688530802727 0.195675730705261 0.195662215352058 0.195672124624252 0.195679396390915 0.195677444338799 0.195679128170013 0.195687547326088 0.195681914687157 0.195660948753357 0.195647209882736 0.195638164877892 0.195621713995934
0.196107223629951 0.196301847696304 0.196599021553993 0.1969253718853 0.197074308991432 0.197192326188087 0.196965381503105 0.196693778038025 0.196194991469383 0.195846185088158 0.195859536528587 0.195917934179306 0.19603818655014 0.196040853857994 0.19594731926918 0.195844203233719 0.195736572146416 0.195573836565018 0.195397943258286 0.195211783051491 0.195030614733696 0.194932445883751 0.194847792387009 0.194819688796997 0.194826021790504 0.194905027747154 0.194989696145058 0.195081293582916 0.195209980010986 0.195365682244301 0.195474803447723 0.1955646276474 0.195615261793137 0.195658177137375 0.195684626698494 0.195711359381676 0.195746660232544 0.195773139595985 0.195768535137177 0.195760175585747 0.195744812488556 0.195719107985497 0.195682123303413 0.195656076073647 0.195637121796608 0.195621326565742
0.196514144539833 0.196790263056755 0.197048485279083 0.197301611304283 0.19745209813118 0.197563737630844 0.196910008788109 0.196277469396591 0.195752799510956 0.19540436565876 0.195481449365616 0.195649400353432 0.195942103862762 0.19602920114994 0.195948109030724 0.195848509669304 0.195740133523941 0.195581942796707 0.195411846041679 0.195299461483955 0.195201233029366 0.195251598954201 0.195315718650818 0.195437341928482 0.195536687970161 0.195588961243629 0.195619940757751 0.195624873042107 0.195616662502289 0.195598900318146 0.195590153336525 0.195585131645203 0.195606648921967 0.19563339650631 0.19570118188858 0.195769444108009 0.195827543735504 0.195870950818062 0.19586269557476 0.195844277739525 0.195806980133057 0.195762485265732 0.195710107684135 0.195671319961548 0.195641309022903 0.195624783635139
0.196366623044014 0.196426510810852 0.196545645594597 0.196681633591652 0.196810334920883 0.196908980607986 0.196216329932213 0.19559833407402 0.195360124111176 0.195220828056335 0.195320412516594 0.195465311408043 0.195672437548637 0.195867091417313 0.196051552891731 0.196038231253624 0.195931240916252 0.195769459009171 0.195594593882561 0.195449665188789 0.195316210389137 0.195319637656212 0.195339038968086 0.195425316691399 0.195501372218132 0.195555835962296 0.195591747760773 0.195604979991913 0.195605725049973 0.195597380399704 0.195602461695671 0.195613101124763 0.195668295025826 0.195732250809669 0.195818290114403 0.195899963378906 0.195931106805801 0.195949077606201 0.195920780301094 0.195892006158829 0.195862367749214 0.195818901062012 0.195760369300842 0.195715069770813 0.195678353309631 0.195654660463333
0.196232035756111 0.196136817336082 0.196114301681519 0.196112453937531 0.196194410324097 0.196258366107941 0.195605337619781 0.195057213306427 0.195042669773102 0.195064634084702 0.195174783468246 0.195295110344887 0.195429444313049 0.195686489343643 0.1960439234972 0.196097925305367 0.196008205413818 0.195863321423531 0.195705279707909 0.195552483201027 0.195407688617706 0.195374310016632 0.195356890559196 0.195406273007393 0.195456594228745 0.195508927106857 0.19555290043354 0.195586681365967 0.195605903863907 0.195614531636238 0.195629507303238 0.195647090673447 0.195723593235016 0.195811688899994 0.195903852581978 0.195988103747368 0.195993795990944 0.195987671613693 0.195940017700195 0.19590462744236 0.195892035961151 0.195858314633369 0.195801600813866 0.195754244923592 0.195712938904762 0.19567483663559
0.196144849061966 0.196118697524071 0.195945113897324 0.195729583501816 0.195673227310181 0.195622965693474 0.195297598838806 0.195022210478783 0.195001035928726 0.195008620619774 0.195085629820824 0.195175856351852 0.195284217596054 0.195438042283058 0.195629075169563 0.19568082690239 0.195666611194611 0.19561380147934 0.195551738142967 0.195481449365616 0.195413023233414 0.195379987359047 0.195354640483856 0.195361480116844 0.195377171039581 0.195411518216133 0.195475026965141 0.195574164390564 0.195646822452545 0.19570018351078 0.195710584521294 0.195703163743019 0.195755675435066 0.195819944143295 0.195873752236366 0.195920869708061 0.195906594395638 0.195881232619286 0.195816844701767 0.195788562297821 0.195827379822731 0.19583535194397 0.195809721946716 0.195776537060738 0.195738434791565 0.195659399032593
