Ecospace-environmental-drivers/Outputs/ASCII-for-ecospace/MOM6-ISIMIP3a/o2-bot/2005-12_o2-bot_MOM6-ISIMIP3a.asc
NCOLS 131 
NROWS 53 
XLLCORNER -98 
YLLCORNER 23.9265270233154 
CELLSIZE 0.133587792515755 
NODATA_value -9999 
[rows 21 to 41 of 53, columns 46 to 91 of 131]
0.208978295326233 0.208470538258553 0.20798859000206 0.207513988018036 0.208005025982857 0.208567515015602 0.208390325307846 0.208073228597641 0.207044392824173 0.205625146627426 0.203263238072395 0.201724395155907 0.201315507292747 0.192189663648605 0.175931826233864 0.148000866174698 0.114540599286556 0.119877226650715 0.134483739733696 0.141262263059616 0.147395879030228 0.151970282196999 0.158646270632744 0.174117535352707 0.185872405767441 0.189781650900841 0.192651763558388 0.194251835346222 0.195040389895439 0.195237845182419 0.195096984505653 0.194815993309021 0.194481074810028 0.194135561585426 0.192245036363602 0.190050140023232 0.185440689325333 0.177823632955551 0.159631684422493 0.144144430756569 0.133680090308189 0.126043975353241 0.121489308774471 0.117978937923908 0.115144267678261 0.114787220954895
0.196697279810905 0.196103692054749 0.192622125148773 0.188319191336632 0.188846006989479 0.189886897802353 0.191459864377975 0.190645724534988 0.177688807249069 0.168455556035042 0.168213471770287 0.164960920810699 0.157575443387032 0.14980885386467 0.141730487346649 0.129610255360603 0.115575477480888 0.123696655035019 0.137111619114876 0.150003179907799 0.162181302905083 0.164498865604401 0.168524071574211 0.179695904254913 0.188184946775436 0.191010370850563 0.193189889192581 0.194580003619194 0.19521851837635 0.195309564471245 0.195201709866524 0.195011466741562 0.195063963532448 0.195164158940315 0.193672671914101 0.192098706960678 0.19029489159584 0.186854302883148 0.177658766508102 0.169189959764481 0.162070825695992 0.153532102704048 0.143446698784828 0.135834380984306 0.129822254180908 0.124563060700893
0.182577937841415 0.181964784860611 0.175564050674438 0.167517319321632 0.168078392744064 0.169585958123207 0.172859042882919 0.171600803732872 0.147292405366898 0.130736112594604 0.132898077368736 0.128188923001289 0.11404662579298 0.108014896512032 0.108619019389153 0.112372450530529 0.117617644369602 0.127974852919579 0.139553502202034 0.158060520887375 0.17583067715168 0.175948187708855 0.17741060256958 0.184501498937607 0.189966425299644 0.191998794674873 0.193657442927361 0.194859355688095 0.195369258522987 0.195375114679337 0.195296987891197 0.19518406689167 0.195434227585793 0.195755749940872 0.194165155291557 0.192733749747276 0.193549111485481 0.194234013557434 0.194460272789001 0.193458899855614 0.190177693963051 0.18128414452076 0.166275784373283 0.155067771673203 0.146318763494492 0.135884508490562
0.14506296813488 0.145358443260193 0.140696138143539 0.134623825550079 0.134669616818428 0.135390520095825 0.137430548667908 0.137362837791443 0.126573458313942 0.120856799185276 0.127388790249825 0.128539219498634 0.12230146676302 0.119695536792278 0.120061062276363 0.126009404659271 0.134602203965187 0.144651859998703 0.155049607157707 0.167471989989281 0.179333060979843 0.180999845266342 0.183187171816826 0.18755304813385 0.190973103046417 0.192396476864815 0.193718641996384 0.194917097687721 0.195371091365814 0.195282831788063 0.195248365402222 0.195236176252365 0.194621905684471 0.193889290094376 0.193681880831718 0.193571045994759 0.194213688373566 0.194771572947502 0.1950314193964 0.194707080721855 0.193297877907753 0.189309373497963 0.182510644197464 0.17750771343708 0.173666760325432 0.160989612340927
0.119082376360893 0.120290644466877 0.117720864713192 0.114076599478722 0.114088028669357 0.114496536552906 0.115522958338261 0.116403393447399 0.1165412068367 0.119293443858624 0.128358483314514 0.133699089288712 0.133926585316658 0.134152591228485 0.134377405047417 0.141555845737457 0.152028068900108 0.161093607544899 0.169823050498962 0.176680937409401 0.183147206902504 0.18578477203846 0.188289314508438 0.190237119793892 0.191869139671326 0.192834541201591 0.193880185484886 0.195023879408836 0.195389717817307 0.195188969373703 0.195179507136345 0.195249259471893 0.193993270397186 0.192476660013199 0.193364039063454 0.19429387152195 0.194768562912941 0.195200338959694 0.195481285452843 0.195704430341721 0.195820242166519 0.195831134915352 0.195727676153183 0.195777326822281 0.195926025509834 0.182845532894135
0.143676847219467 0.145816087722778 0.146891474723816 0.147664293646812 0.149750009179115 0.151925653219223 0.15290080010891 0.1536665558815 0.153367206454277 0.154193237423897 0.157736614346504 0.159947603940964 0.160329416394234 0.160783499479294 0.16129669547081 0.165474817156792 0.171388953924179 0.176503896713257 0.181427866220474 0.185001894831657 0.188328295946121 0.189400151371956 0.190434172749519 0.191309899091721 0.192280068993568 0.193449661135674 0.194481730461121 0.195345729589462 0.195481970906258 0.195088133215904 0.195021882653236 0.195091277360916 0.194169953465462 0.193053871393204 0.193771600723267 0.194514691829681 0.194842293858528 0.195152088999748 0.195399358868599 0.195601880550385 0.195721358060837 0.195760607719421 0.195712462067604 0.195761203765869 0.195872634649277 0.190454706549644
0.164360135793686 0.166521400213242 0.169733643531799 0.173244774341583 0.176287665963173 0.179203435778618 0.179981172084808 0.180525466799736 0.179882273077965 0.179354622960091 0.179105952382088 0.179260939359665 0.17997008562088 0.180912330746651 0.18204528093338 0.183974221348763 0.186280220746994 0.1883365213871 0.190333172678947 0.191450268030167 0.192438006401062 0.192422389984131 0.192437723278999 0.19258251786232 0.193004071712494 0.194009885191917 0.194843158125877 0.195465534925461 0.19544643163681 0.194960102438927 0.194464921951294 0.193966060876846 0.193635240197182 0.193337455391884 0.194021165370941 0.194696292281151 0.194932475686073 0.195160374045372 0.195359110832214 0.195527136325836 0.195638135075569 0.195696741342545 0.195698246359825 0.195748671889305 0.195830762386322 0.195681422948837
0.176509812474251 0.176709905266762 0.178768053650856 0.181354641914368 0.182917341589928 0.184332504868507 0.184594005346298 0.184683844447136 0.183900415897369 0.18326823413372 0.183001309633255 0.183442756533623 0.184856712818146 0.186854630708694 0.189330294728279 0.190648898482323 0.191419407725334 0.192363262176514 0.193348541855812 0.193812921643257 0.19421012699604 0.194150522351265 0.194132909178734 0.19429112970829 0.194411113858223 0.194450348615646 0.194680646061897 0.195144459605217 0.195132032036781 0.194772720336914 0.193036675453186 0.19073049724102 0.191548362374306 0.192980349063873 0.19392603635788 0.194792315363884 0.195058584213257 0.195291981101036 0.195409789681435 0.195512995123863 0.195589125156403 0.195647388696671 0.195686176419258 0.195743933320045 0.195813953876495 0.195709988474846
0.184991344809532 0.184311270713806 0.185539916157722 0.187311410903931 0.187818825244904 0.188189476728439 0.188360810279846 0.188391327857971 0.18770557641983 0.187219753861427 0.187216624617577 0.187856644392014 0.18937960267067 0.191321894526482 0.193607270717621 0.194346219301224 0.194352671504021 0.194626241922379 0.19496363401413 0.194999322295189 0.195007726550102 0.194920524954796 0.194882959127426 0.195053026080132 0.195040047168732 0.194640606641769 0.194531977176666 0.19477878510952 0.194781050086021 0.194605201482773 0.192344337701797 0.189220011234283 0.190527707338333 0.192706629633904 0.193856090307236 0.194889858365059 0.195165768265724 0.195398509502411 0.195479393005371 0.195544764399529 0.195581346750259 0.195621326565742 0.195665016770363 0.195708632469177 0.195752218365669 0.195698082447052
0.188858032226562 0.18865779042244 0.189465299248695 0.190559402108192 0.190546125173569 0.190446063876152 0.191063210368156 0.191531524062157 0.191242814064026 0.191218942403793 0.191834509372711 0.192562520503998 0.193444862961769 0.193933442234993 0.194099843502045 0.194297805428505 0.194510728120804 0.194670274853706 0.194817066192627 0.194705903530121 0.194579258561134 0.194485172629356 0.194443926215172 0.194623857736588 0.194690033793449 0.194516092538834 0.194400727748871 0.194356963038445 0.194384038448334 0.194462686777115 0.192577823996544 0.189879804849625 0.190848410129547 0.192537814378738 0.193817794322968 0.194989308714867 0.195249155163765 0.195473447442055 0.195572793483734 0.19563427567482 0.195625469088554 0.195624604821205 0.19563239812851 0.19563490152359 0.195633947849274 0.195635318756104
0.191437944769859 0.191583946347237 0.192096889019012 0.192714184522629 0.192644163966179 0.192531049251556 0.193153887987137 0.193665325641632 0.193610101938248 0.19375915825367 0.194401472806931 0.194875329732895 0.19511790573597 0.194968342781067 0.1944979429245 0.194497555494308 0.194719821214676 0.194764122366905 0.194765880703926 0.194601252675056 0.194432035088539 0.194362357258797 0.1943279504776 0.194441124796867 0.194502353668213 0.19445389509201 0.194370970129967 0.194245904684067 0.194269090890884 0.194400280714035 0.193002685904503 0.190971985459328 0.191720604896545 0.193015575408936 0.194126754999161 0.195148855447769 0.195367380976677 0.195558980107307 0.195655927062035 0.195708572864532 0.19567896425724 0.195654928684235 0.195636987686157 0.195606365799904 0.195567563176155 0.195578902959824
0.193052783608437 0.193444803357124 0.193758115172386 0.194049045443535 0.194270253181458 0.194487333297729 0.19478577375412 0.195044308900833 0.195099890232086 0.195205122232437 0.195430219173431 0.195393323898315 0.194996744394302 0.194820731878281 0.194825187325478 0.194883435964584 0.194967195391655 0.194895312190056 0.194786265492439 0.194638177752495 0.194495722651482 0.194473952054977 0.19445426762104 0.194443255662918 0.194436430931091 0.194438457489014 0.194417327642441 0.1943678855896 0.194365710020065 0.194397956132889 0.193571090698242 0.192388460040092 0.19300639629364 0.193978294730186 0.194696143269539 0.195353493094444 0.195511758327484 0.195652440190315 0.195731356739998 0.195771470665932 0.195739507675171 0.195705562829971 0.19566947221756 0.195611760020256 0.195540070533752 0.195527255535126
0.193961292505264 0.19435378909111 0.194596618413925 0.19479689002037 0.195044040679932 0.195293664932251 0.195480242371559 0.195642128586769 0.195678412914276 0.195734411478043 0.195838034152985 0.19569106400013 0.195200070738792 0.195038035511971 0.195145159959793 0.195160493254662 0.195132344961166 0.194996029138565 0.194833874702454 0.194555714726448 0.194297045469284 0.194438055157661 0.194543153047562 0.194497853517532 0.194472163915634 0.194487899541855 0.19449807703495 0.194501474499702 0.194528132677078 0.194571703672409 0.19422858953476 0.193725317716599 0.194164514541626 0.194788962602615 0.19518455862999 0.195544973015785 0.195644319057465 0.19573301076889 0.195784211158752 0.195805892348289 0.195772707462311 0.195730552077293 0.195678621530533 0.195609301328659 0.195528730750084 0.195508912205696
0.194567084312439 0.194854840636253 0.195082530379295 0.195293128490448 0.1954525411129 0.195607140660286 0.195772960782051 0.195905148983002 0.195866361260414 0.195870831608772 0.195979744195938 0.195894435048103 0.195542454719543 0.195411711931229 0.195462003350258 0.195390895009041 0.195262268185616 0.195083692669868 0.194893181324005 0.1944220662117 0.193985909223557 0.194338947534561 0.194615975022316 0.194574952125549 0.194551482796669 0.194565147161484 0.19459356367588 0.194640040397644 0.19471874833107 0.194820940494537 0.194924265146255 0.195028066635132 0.195267900824547 0.195534467697144 0.195638284087181 0.195730805397034 0.1957718282938 0.195808038115501 0.195827394723892 0.19582810997963 0.195794194936752 0.195744559168816 0.195677772164345 0.195603474974632 0.195524290204048 0.19550484418869
0.195041164755821 0.195255309343338 0.195496469736099 0.195745319128036 0.195902481675148 0.196050554513931 0.196206659078598 0.196301683783531 0.196086004376411 0.195940956473351 0.195966422557831 0.195886239409447 0.195660963654518 0.195580750703812 0.195619195699692 0.195534914731979 0.19539250433445 0.195220366120338 0.195041105151176 0.194705277681351 0.194390594959259 0.194540306925774 0.194643154740334 0.194549977779388 0.194507211446762 0.19457083940506 0.194663569331169 0.194791883230209 0.194943726062775 0.195112735033035 0.195279911160469 0.195446342229843 0.195585802197456 0.195719957351685 0.19575072824955 0.19577656686306 0.195791527628899 0.195803552865982 0.195805281400681 0.19579105079174 0.195747151970863 0.195692241191864 0.195625305175781 0.19556824862957 0.19551756978035 0.19551645219326
0.19548799097538 0.195634946227074 0.195895507931709 0.196188390254974 0.196360975503922 0.196520835161209 0.196669518947601 0.196725815534592 0.196312204003334 0.195997357368469 0.195921033620834 0.195834264159203 0.195733174681664 0.195707425475121 0.195743352174759 0.195661067962646 0.19552281498909 0.19536717236042 0.195207387208939 0.195074737071991 0.194943383336067 0.194803819060326 0.194660902023315 0.194503903388977 0.194437354803085 0.19456173479557 0.194728314876556 0.194946467876434 0.19517582654953 0.195413321256638 0.195565208792686 0.195681616663933 0.195741191506386 0.195789575576782 0.195792570710182 0.195793345570564 0.19578891992569 0.195782616734505 0.195769667625427 0.195741727948189 0.195685938000679 0.195626199245453 0.195562154054642 0.195526942610741 0.195510372519493 0.19553130865097
0.19599649310112 0.196083873510361 0.196296885609627 0.196545630693436 0.196762293577194 0.19695907831192 0.196707755327225 0.196431025862694 0.196025103330612 0.195727959275246 0.19569343328476 0.195715963840485 0.195816829800606 0.195871472358704 0.195888310670853 0.195813804864883 0.195696026086807 0.195529893040657 0.195352211594582 0.195238545536995 0.195131376385689 0.195054590702057 0.194979384541512 0.194910779595375 0.194888189435005 0.194962710142136 0.195066750049591 0.195206865668297 0.195351034402847 0.195498123764992 0.195594117045403 0.195668920874596 0.195703417062759 0.195729985833168 0.195738941431046 0.195746287703514 0.195744395256042 0.195738643407822 0.195719376206398 0.195690244436264 0.195642814040184 0.195601314306259 0.195566281676292 0.19554740190506 0.195538982748985 0.195558458566666
0.196444392204285 0.196472689509392 0.196631357073784 0.196827113628387 0.197079002857208 0.197304949164391 0.196675181388855 0.196087270975113 0.195712134242058 0.195449754595757 0.195459619164467 0.195583239197731 0.195863023400307 0.196002617478371 0.196027502417564 0.19597116112709 0.195876345038414 0.195703938603401 0.195512965321541 0.195407345890999 0.195313349366188 0.195303127169609 0.195298314094543 0.19531612098217 0.19533608853817 0.195360586047173 0.195400193333626 0.195458248257637 0.195514485239983 0.195569425821304 0.195610985159874 0.195647016167641 0.195661127567291 0.195670917630196 0.195687219500542 0.195702269673347 0.195702701807022 0.195697605609894 0.195673167705536 0.195643797516823 0.195605307817459 0.19558173418045 0.195574387907982 0.195570319890976 0.195568352937698 0.195585504174232
0.196216553449631 0.196187168359756 0.196251064538956 0.196341499686241 0.196520537137985 0.196680828928947 0.196090310811996 0.195564553141594 0.195368260145187 0.195233330130577 0.195246577262878 0.19532835483551 0.195504233241081 0.195764899253845 0.196094959974289 0.196165025234222 0.19611194729805 0.195991083979607 0.195854008197784 0.195727571845055 0.195605337619781 0.195533931255341 0.195478305220604 0.195488721132278 0.195504009723663 0.195529639720917 0.195549666881561 0.19556288421154 0.195579886436462 0.195599615573883 0.195621997117996 0.195645466446877 0.195662915706635 0.195679187774658 0.195701509714127 0.195721045136452 0.195711180567741 0.195698782801628 0.195677533745766 0.195652157068253 0.195619091391563 0.195598915219307 0.195592790842056 0.195589795708656 0.195588797330856 0.195605561137199
0.196036383509636 0.195969849824905 0.195926144719124 0.195888921618462 0.195987164974213 0.19607737660408 0.195576071739197 0.195147976279259 0.195092350244522 0.195056483149529 0.195068389177322 0.195111781358719 0.195198372006416 0.195517510175705 0.196026921272278 0.196178585290909 0.196160823106766 0.196090996265411 0.196008741855621 0.195883363485336 0.195756584405899 0.195652455091476 0.195569902658463 0.195577681064606 0.195592060685158 0.195620372891426 0.195630460977554 0.195618256926537 0.195613458752632 0.19561405479908 0.195626243948936 0.195643231272697 0.195668891072273 0.195696249604225 0.195723667740822 0.195746600627899 0.19572576880455 0.195703729987144 0.195677474141121 0.195653632283211 0.195634230971336 0.195621445775032 0.195615842938423 0.195613726973534 0.195613861083984 0.195623084902763
0.196031004190445 0.196002677083015 0.195804223418236 0.19555738568306 0.195545837283134 0.195549741387367 0.19532085955143 0.195120558142662 0.195065632462502 0.195024818181992 0.19501805305481 0.195035621523857 0.195086598396301 0.195234626531601 0.195462048053741 0.195531040430069 0.195524975657463 0.195504397153854 0.195480346679688 0.195436328649521 0.195391774177551 0.195359259843826 0.195337370038033 0.195359975099564 0.195387169718742 0.195424020290375 0.195459380745888 0.195492908358574 0.195530384778976 0.195570722222328 0.195605680346489 0.195638433098793 0.195690140128136 0.195745587348938 0.195774704217911 0.195797055959702 0.195762738585472 0.195722445845604 0.195661127567291 0.195629864931107 0.195654407143593 0.195663541555405 0.195655882358551 0.195654019713402 0.195655882358551 0.195631265640259
