Ecospace-environmental-drivers/Outputs/ASCII-for-ecospace/MOM6-ISIMIP3a/o2-bot/2005-06_o2-bot_MOM6-ISIMIP3a.asc
NCOLS 131 
NROWS 53 
XLLCORNER -98 
YLLCORNER 23.9265270233154 
CELLSIZE 0.133587792515755 
NODATA_value -9999 
[rows 21 to 41 of 53, columns 0 to 45 of 131]
-9999 -9999 -9999 -9999 -9999 -9999 0.208561077713966 0.208398044109344 0.208023071289062 0.207389876246452 0.207560509443283 0.206938788294792 0.207305788993835 0.2083989828825 0.208630606532097 0.207868084311485 0.197960585355759 0.181772798299789 0.181584641337395 0.18757452070713 0.19303372502327 0.198399275541306 0.188965126872063 0.180128753185272 0.178974136710167 0.178020030260086 0.177716016769409 0.177575677633286 0.177720963954926 0.177812919020653 0.177849993109703 0.17905780673027 0.180978819727898 0.182640925049782 0.184216737747192 0.186851799488068 0.189625844359398 0.191366657614708 0.19296932220459 0.193692073225975 0.194185569882393 0.194040849804878 0.191195830702782 0.184177696704865 0.180462315678596 0.179778218269348
-9999 -9999 -9999 -9999 -9999 -9999 0.208600297570229 0.208561077713966 0.208234995603561 0.20790633559227 0.207389876246452 0.208352863788605 0.207300677895546 0.20226101577282 0.200353026390076 0.202058479189873 0.195956215262413 0.184492036700249 0.184295892715454 0.188450783491135 0.193500250577927 0.198707610368729 0.192161619663239 0.186031982302666 0.185516521334648 0.184971645474434 0.184331402182579 0.183649688959122 0.182895585894585 0.182295173406601 0.181852921843529 0.182598724961281 0.184068292379379 0.185736998915672 0.187472090125084 0.188787207007408 0.190043836832047 0.191237315535545 0.192388832569122 0.193273171782494 0.193982288241386 0.194203674793243 0.192917883396149 0.189302831888199 0.187356680631638 0.186942234635353
-9999 -9999 -9999 -9999 0.208788126707077 0.208621054887772 0.208612322807312 0.208627507090569 0.208561077713966 0.207908928394318 0.207765460014343 0.209568947553635 0.207048460841179 0.195972084999084 0.191938251256943 0.196030393242836 0.193990036845207 0.187738180160522 0.187669888138771 0.189989298582077 0.19341941177845 0.197045534849167 0.19306093454361 0.189371332526207 0.189528852701187 0.189417794346809 0.188435912132263 0.187461137771606 0.186498761177063 0.18564210832119 0.184894263744354 0.185239940881729 0.186251789331436 0.187826409935951 0.189588621258736 0.189429730176926 0.189007818698883 0.188931599259377 0.188935235142708 0.189447492361069 0.189913377165794 0.190250217914581 0.190462410449982 0.190481960773468 0.190441444516182 0.190345764160156
-9999 -9999 -9999 -9999 0.209200009703636 0.208719089627266 0.208629786968231 0.208612322807312 0.208709120750427 0.209941193461418 0.210298880934715 0.207309886813164 0.203163653612137 0.196727618575096 0.193881303071976 0.195176973938942 0.194650501012802 0.192872703075409 0.193603008985519 0.19530177116394 0.190868005156517 0.18535204231739 0.164025396108627 0.144717693328857 0.145119190216064 0.145332738757133 0.144936859607697 0.148169502615929 0.157734215259552 0.168100848793983 0.179292649030685 0.183940857648849 0.18460276722908 0.185154736042023 0.185670047998428 0.185666725039482 0.185523122549057 0.175847247242928 0.166421338915825 0.158587396144867 0.151952311396599 0.148654624819756 0.146731227636337 0.146931707859039 0.147038340568542 0.147058859467506
-9999 -9999 -9999 -9999 -9999 0.209200009703636 0.208434224128723 0.208647266030312 0.208166062831879 0.208864971995354 0.208335101604462 0.2031020373106 0.198797583580017 0.196330606937408 0.192701980471611 0.187732964754105 0.186610117554665 0.188128590583801 0.190713569521904 0.193710371851921 0.184745773673058 0.173670366406441 0.141691759228706 0.112776674330235 0.113204762339592 0.113576143980026 0.113763675093651 0.119795441627502 0.136025935411453 0.153241693973541 0.171471282839775 0.178112208843231 0.177693396806717 0.177314251661301 0.176948338747025 0.177153185009956 0.177325129508972 0.161963358521461 0.146950230002403 0.134157463908195 0.12336990237236 0.118164390325546 0.115163594484329 0.115570046007633 0.115917503833771 0.11621081084013
-9999 -9999 -9999 -9999 -9999 0.209711268544197 0.209200009703636 0.207277312874794 0.204592660069466 0.194158986210823 0.186652392148972 0.190349340438843 0.192321315407753 0.1908800303936 0.177831873297691 0.151391178369522 0.140418887138367 0.140069425106049 0.149139761924744 0.161847427487373 0.16296648979187 0.162040531635284 0.148744031786919 0.136576920747757 0.136078432202339 0.135876461863518 0.136635914444923 0.139291882514954 0.145257472991943 0.150142922997475 0.15391694009304 0.152422592043877 0.147718816995621 0.146810010075569 0.147166177630424 0.147809907793999 0.14846071600914 0.144573763012886 0.140820905566216 0.137921988964081 0.135910198092461 0.136367961764336 0.136929646134377 0.137651950120926 0.138650864362717 0.139903664588928
-9999 -9999 0.210690066218376 0.210607886314392 0.210561841726303 0.210223138332367 0.209710672497749 0.20358344912529 0.196639806032181 0.183587178587914 0.175054296851158 0.183821022510529 0.187813401222229 0.182358667254448 0.161915212869644 0.124177113175392 0.109094761312008 0.109571129083633 0.123787239193916 0.143308773636818 0.151120811700821 0.156866490840912 0.15651923418045 0.155974954366684 0.154900684952736 0.154339343309402 0.155441150069237 0.155764624476433 0.154729798436165 0.151202619075775 0.145110860466957 0.138777494430542 0.132296919822693 0.131156504154205 0.131796106696129 0.132789120078087 0.133850306272507 0.137598261237144 0.141364604234695 0.14524807035923 0.149109274148941 0.152908563613892 0.155819922685623 0.157359018921852 0.159088462591171 0.160992607474327
-9999.000000000000000 -9999 -9999 -9999 0.211038693785667 0.210900545120239 0.211212739348412 0.194819152355194 0.179131641983986 0.182035535573959 0.185459390282631 0.190873399376869 0.187600150704384 0.167137280106544 0.143715113401413 0.116878382861614 0.110208503901958 0.117388114333153 0.133827239274979 0.15384179353714 0.16094882786274 0.165778070688248 0.165871769189835 0.165768042206764 0.16488328576088 0.164429441094398 0.165372803807259 0.165640071034431 0.164727479219437 0.161335483193398 0.155392244458199 0.151411712169647 0.14862684905529 0.147905126214027 0.147871106863022 0.149017930030823 0.150340050458908 0.153344750404358 0.156467840075493 0.160344913601875 0.163745731115341 0.165820822119713 0.168435633182526 0.171884551644325 0.174517020583153 0.176400169730186
-9999 -9999 -9999 -9999 0.211608961224556 0.211992397904396 0.212027475237846 0.190518796443939 0.170613631606102 0.182810425758362 0.192864179611206 0.194715246558189 0.184752449393272 0.151413336396217 0.127363383769989 0.114031702280045 0.11546628177166 0.127041518688202 0.143239200115204 0.161221757531166 0.168475806713104 0.173836588859558 0.17422778904438 0.174387603998184 0.173526138067245 0.172908022999763 0.173078954219818 0.172989100217819 0.172444194555283 0.169623166322708 0.164460048079491 0.162278145551682 0.161912381649017 0.161943778395653 0.162107571959496 0.163044407963753 0.164096996188164 0.166387349367142 0.168871313333511 0.172588303685188 0.1756332218647 0.176807314157486 0.178912594914436 0.182456955313683 0.184984862804413 0.186579838395119
-9999 -9999 -9999 -9999 0.211963176727295 0.211933955550194 0.211897864937782 0.191834449768066 0.173405990004539 0.186512291431427 0.196494325995445 0.194517999887466 0.178590372204781 0.135057106614113 0.113337062299252 0.116786062717438 0.125937581062317 0.139005273580551 0.151861026883125 0.164634943008423 0.173107907176018 0.180821895599365 0.181330114603043 0.18153078854084 0.180483475327492 0.179359167814255 0.177985206246376 0.177159696817398 0.17729127407074 0.175589457154274 0.172001108527184 0.170920595526695 0.171367809176445 0.172573059797287 0.174030989408493 0.174300193786621 0.174415871500969 0.176028221845627 0.177878245711327 0.181241810321808 0.184062302112579 0.185371026396751 0.18669880926609 0.188056021928787 0.189211696386337 0.190182402729988
-9999 -9999 -9999 -9999 0.211933955550194 0.211890265345573 0.211838990449905 0.197236374020576 0.183813944458961 0.193244844675064 0.199874341487885 0.195781245827675 0.179076015949249 0.137414947152138 0.117057934403419 0.121282495558262 0.133306965231895 0.150687977671623 0.162063226103783 0.171119421720505 0.178339436650276 0.185235410928726 0.185806199908257 0.186011970043182 0.1843301653862 0.182552069425583 0.180461719632149 0.179310157895088 0.179796889424324 0.179393082857132 0.178072929382324 0.178066968917847 0.178861618041992 0.180215999484062 0.181756973266602 0.182078585028648 0.182239770889282 0.18352635204792 0.184953644871712 0.187277093529701 0.189243510365486 0.190216079354286 0.190940871834755 0.191282734274864 0.191763550043106 0.192371919751167
-9999 -9999 -9999 -9999 0.21188773214817 0.211838990449905 0.205367788672447 0.205703049898148 0.199933677911758 0.202250435948372 0.203066736459732 0.198139905929565 0.184547528624535 0.153808534145355 0.134089395403862 0.127085492014885 0.138349860906601 0.162159875035286 0.173450708389282 0.17990742623806 0.184020534157753 0.187720060348511 0.188312560319901 0.188496604561806 0.185843825340271 0.183301240205765 0.181115880608559 0.179945513606071 0.180546417832375 0.181574702262878 0.183042794466019 0.184091284871101 0.184884175658226 0.185619160532951 0.186334848403931 0.187248915433884 0.188192427158356 0.189417406916618 0.190580397844315 0.191348671913147 0.191988781094551 0.19227209687233 0.192524805665016 0.192730158567429 0.193059161305428 0.193501636385918
-9999 -9999 -9999 -9999 0.211838990449905 0.207927286624908 0.206764563918114 0.206692725419998 0.206221133470535 0.20372585952282 0.201307415962219 0.199183061718941 0.189826354384422 0.166158840060234 0.147406205534935 0.134324565529823 0.142211809754372 0.164499297738075 0.175919532775879 0.183143511414528 0.186570316553116 0.189327016472816 0.190087407827377 0.190555319190025 0.18895024061203 0.18736669421196 0.18585292994976 0.184836983680725 0.18468976020813 0.185350775718689 0.18684346973896 0.187822058796883 0.188487470149994 0.188980743288994 0.189416632056236 0.190203726291656 0.191039949655533 0.19195818901062 0.192787632346153 0.193051561713219 0.193267524242401 0.193349972367287 0.193509444594383 0.193787932395935 0.194037705659866 0.194261103868484
-9999 -9999 -9999 -9999 -9999 0.207591012120247 0.207737803459167 0.207897916436195 0.208294689655304 0.201974004507065 0.19742588698864 0.199662432074547 0.195022597908974 0.17677628993988 0.159130975604057 0.142179131507874 0.145567610859871 0.162924721837044 0.174566000699997 0.184000179171562 0.187778070569038 0.190557807683945 0.191548749804497 0.192431524395943 0.192739278078079 0.192853420972824 0.192339837551117 0.191552549600601 0.190287634730339 0.189810201525688 0.190143063664436 0.190569877624512 0.191053912043571 0.191467329859734 0.191857218742371 0.192209020256996 0.192556694149971 0.193063139915466 0.193529352545738 0.193739295005798 0.193917766213417 0.194008648395538 0.194237262010574 0.194678723812103 0.194880366325378 0.194861873984337
-9999 -9999 -9999 -9999 -9999 0.207995250821114 0.208270654082298 0.20862278342247 0.208012610673904 0.199808210134506 0.194399937987328 0.199693948030472 0.197103694081306 0.178912654519081 0.161038592457771 0.143530249595642 0.146211713552475 0.16275842487812 0.173641607165337 0.182337895035744 0.187031611800194 0.191018983721733 0.19237108528614 0.193591147661209 0.194191873073578 0.194537609815598 0.19405660033226 0.193562671542168 0.193046182394028 0.19279383122921 0.192813277244568 0.192969843745232 0.193209931254387 0.193439424037933 0.193665385246277 0.19371822476387 0.193748384714127 0.193952456116676 0.194139987230301 0.194222196936607 0.194310486316681 0.194415703415871 0.194623291492462 0.194989114999771 0.195164233446121 0.195164307951927
-9999 -9999 -9999 -9999 -9999 0.207738772034645 0.207977294921875 0.208291277289391 0.207243129611015 0.197556793689728 0.191551014780998 0.199632808566093 0.198540270328522 0.179294288158417 0.160915017127991 0.143535807728767 0.146294757723808 0.16288349032402 0.17280600965023 0.18015444278717 0.185880810022354 0.191320911049843 0.19306118786335 0.194602519273758 0.195161059498787 0.195435047149658 0.194786429405212 0.194599241018295 0.19521726667881 0.195472121238708 0.195353269577026 0.195297837257385 0.195281028747559 0.195305064320564 0.19534270465374 0.195124790072441 0.194872826337814 0.194797158241272 0.194723501801491 0.194662719964981 0.194649919867516 0.194770693778992 0.194938614964485 0.195179432630539 0.195332482457161 0.195405006408691
-9999 -9999 -9999 -9999 -9999 -9999 0.206968352198601 0.207017824053764 0.206444084644318 0.199277922511101 0.19518518447876 0.202856183052063 0.200991585850716 0.180258721113205 0.15951631963253 0.138762921094894 0.140735074877739 0.158313885331154 0.168809771537781 0.176570668816566 0.184722915291786 0.192944213747978 0.194254815578461 0.195352017879486 0.195932030677795 0.196233347058296 0.195631071925163 0.195352807641029 0.195639982819557 0.195751950144768 0.195683643221855 0.195664525032043 0.195675387978554 0.195698782801628 0.195726364850998 0.195640206336975 0.195539996027946 0.19567021727562 0.195763781666756 0.195623904466629 0.195507898926735 0.195458322763443 0.195460125803947 0.195541337132454 0.195653453469276 0.195793956518173
-9999 -9999 -9999 -9999 -9999 -9999 0.205907002091408 0.205595970153809 0.205652222037315 0.201239705085754 0.199190199375153 0.206185281276703 0.203213855624199 0.180521547794342 0.157471567392349 0.134008914232254 0.135434865951538 0.153952971100807 0.16503569483757 0.173247367143631 0.18369559943676 0.194538533687592 0.195423200726509 0.196077197790146 0.196626082062721 0.196921035647392 0.196392610669136 0.196030110120773 0.195957198739052 0.195914089679718 0.195901647210121 0.195919260382652 0.195955201983452 0.195983648300171 0.196009576320648 0.196059226989746 0.196114152669907 0.196449980139732 0.196713134646416 0.196513444185257 0.196312963962555 0.196110263466835 0.195963263511658 0.195902347564697 0.195972546935081 0.196163073182106
-9999 -9999 -9999 -9999 -9999 -9999 0.204804718494415 0.20510721206665 0.204951226711273 0.203871056437492 0.204054266214371 0.209073126316071 0.202508091926575 0.173021748661995 0.149144381284714 0.131738930940628 0.135598063468933 0.154060542583466 0.165141180157661 0.173371389508247 0.184064626693726 0.195192515850067 0.196081921458244 0.196667954325676 0.196594327688217 0.196476027369499 0.196212947368622 0.196029275655746 0.195984199643135 0.195966348052025 0.195976495742798 0.195916563272476 0.195813938975334 0.195810213685036 0.195839464664459 0.195875510573387 0.195914432406425 0.196220949292183 0.196474432945251 0.196390151977539 0.196306124329567 0.19622278213501 0.196172118186951 0.196171939373016 0.196198627352715 0.196249976754189
-9999 -9999 -9999 -9999 -9999 0.202956885099411 0.203967958688736 0.203710988163948 0.20456662774086 0.206147447228432 0.207830980420113 0.20990763604641 0.19925232231617 0.163404032588005 0.140086248517036 0.131226718425751 0.13821679353714 0.156091541051865 0.16705359518528 0.17534638941288 0.185421660542488 0.195811480283737 0.196555212140083 0.19697479903698 0.196453362703323 0.196040913462639 0.195981845259666 0.195937901735306 0.195920348167419 0.19592872262001 0.195963770151138 0.19586181640625 0.195676386356354 0.195650488138199 0.195677787065506 0.195700213313103 0.195723637938499 0.195977136492729 0.19619756937027 0.196207419037819 0.196216434240341 0.196223139762878 0.196243792772293 0.196285992860794 0.19629742205143 0.196280583739281
-9999 -9999 -9999 -9999 0.201663881540298 0.202665060758591 0.202956885099411 0.204096749424934 0.205342218279839 0.207122325897217 0.207620680332184 0.203213050961494 0.186646416783333 0.146020501852036 0.128347888588905 0.137159764766693 0.149839386343956 0.165175154805183 0.175591573119164 0.184108451008797 0.190401449799538 0.196301996707916 0.196348637342453 0.196240618824959 0.195912003517151 0.195642024278641 0.195562124252319 0.195514529943466 0.195523351430893 0.195561528205872 0.195629924535751 0.195616215467453 0.195552483201027 0.195541054010391 0.195547074079514 0.195555791258812 0.1955656260252 0.195679157972336 0.195780813694 0.195806711912155 0.195822939276695 0.195812195539474 0.195812493562698 0.195829808712006 0.195929497480392 0.196104750037193
