Ecospace-environmental-drivers/Outputs/ASCII-for-ecospace/MOM6-ISIMIP3a/o2-bot/2006-06_o2-bot_MOM6-ISIMIP3a.asc
NCOLS 131 
NROWS 53 
XLLCORNER -98 
YLLCORNER 23.9265270233154 
CELLSIZE 0.133587792515755 
NODATA_value -9999 
[rows 0 to 20 of 53, columns 46 to 91 of 131]
-9999 -9999 -9999 -9999 -9999 -9999 -9999 -9999 -9999 -9999 -9999 -9999 -9999 -9999 -9999 -9999 -9999 -9999 -9999 -9999 -9999 -9999 -9999 -9999 -9999 -9999 -9999 -9999 -9999 -9999 -9999 -9999 -9999 -9999 -9999 -9999 -9999 -9999 -9999 -9999 -9999 -9999 -9999 -9999 -9999 -9999
-9999 -9999 -9999 -9999 -9999 -9999 -9999 -9999 -9999 -9999 -9999 -9999 -9999 -9999 -9999 -9999 -9999 -9999 -9999 -9999 -9999 -9999 -9999 -9999 -9999 -9999 -9999 -9999 -9999 -9999 -9999 -9999 -9999 -9999 -9999 -9999 -9999 -9999 -9999 -9999 -9999 -9999 -9999 -9999 -9999 -9999
-9999 -9999 -9999 -9999 -9999 -9999 -9999 -9999 -9999 -9999 -9999 -9999 -9999 -9999 -9999 -9999 -9999 -9999 -9999 -9999 -9999 -9999 -9999 -9999 -9999 -9999 -9999 -9999 0.200428321957588 0.201049387454987 -9999 -9999 -9999 -9999 -9999 -9999 -9999 -9999 -9999 -9999 -9999 -9999 -9999 -9999 -9999 -9999
-9999 -9999 -9999 -9999 -9999 -9999 -9999 -9999 -9999 -9999 -9999 -9999 -9999 -9999 -9999 -9999 -9999 -9999 -9999 -9999 -9999 -9999 -9999 -9999 -9999 -9999 -9999 -9999 0.201390340924263 0.20171332359314 -9999 -9999 -9999 -9999 -9999 -9999 -9999 -9999 -9999 -9999 -9999 -9999 -9999 -9999 -9999 -9999
-9999 -9999 -9999 -9999 -9999 -9999 -9999 -9999 -9999 -9999 -9999 -9999 -9999 -9999 -9999 -9999 -9999 -9999 -9999 0.182210445404053 0.181552305817604 0.181025788187981 0.177954524755478 0.176659926772118 0.177821397781372 0.184013843536377 0.192853882908821 0.199190363287926 0.202499613165855 0.202481031417847 0.200159341096878 -9999 -9999 0.19943068921566 0.207528904080391 0.212182030081749 0.20894618332386 0.199151381850243 0.191715449094772 0.189058572053909 0.191738128662109 0.199745878577232 0.207588270306587 -9999 -9999 -9999
-9999 -9999 -9999 -9999 -9999 -9999 -9999 -9999 -9999 -9999 -9999 -9999 -9999 -9999 -9999 0.161792352795601 -9999 0.173177972435951 0.182646989822388 0.18266724050045 0.182210445404053 0.181420668959618 0.181025788187981 0.174883261322975 0.174070715904236 0.184510231018066 0.193460568785667 0.200590834021568 0.203519701957703 0.203388303518295 0.200535073876381 0.196554630994797 0.195389568805695 0.194777950644493 0.208124563097954 0.219684183597565 0.208737328648567 0.198417022824287 0.190299794077873 0.186429530382156 0.190446391701698 0.198338478803635 0.210452780127525 0.213973566889763 0.21193391084671 -9999
-9999 -9999 -9999 -9999 -9999 -9999 -9999 -9999 -9999 -9999 -9999 0.103567883372307 0.103843457996845 0.103897258639336 0.10367439687252 0.132101610302925 0.160530462861061 0.163054227828979 0.173832699656487 0.182646989822388 0.183144271373749 0.182210445404053 0.181025788187981 0.174883261322975 0.174070715904236 0.184510231018066 0.193460568785667 0.200590834021568 0.203519701957703 0.203388303518295 0.200535073876381 0.196554630994797 0.195389568805695 0.194777950644493 0.208124563097954 0.219684183597565 0.208737328648567 0.198417022824287 0.190299794077873 0.186429530382156 0.190446391701698 0.198338478803635 0.210452780127525 0.213973566889763 0.21193391084671 0.211394876241684
-9999 -9999 -9999 -9999 -9999 -9999 -9999 -9999 -9999 -9999 -9999 0.102090358734131 0.103567883372307 0.104119040071964 -9999 0.1028992831707 0.130019217729568 0.158006697893143 0.163054227828979 0.175796881318092 0.182646989822388 0.184575393795967 0.186274990439415 0.187017008662224 0.183193027973175 0.169729888439178 0.167269960045815 0.178258195519447 0.184009850025177 0.18594728410244 0.187709391117096 0.189398899674416 0.189672201871872 0.189667120575905 0.204285830259323 0.217321008443832 0.209596633911133 0.201313391327858 0.191065117716789 0.187296524643898 0.195561394095421 0.203408345580101 0.21079994738102 0.212351158261299 0.210123360157013 0.210573777556419
-9999 -9999 -9999 -9999 -9999 -9999 -9999 -9999 -9999 -9999 -9999 -9999 -9999 -9999 -9999 0.103776514530182 0.100251138210297 0.125007525086403 0.152959182858467 0.163054227828979 0.181689441204071 0.186666399240494 0.192277491092682 0.200542479753494 0.193666219711304 0.154825627803802 0.139860957860947 0.154077544808388 0.1626046448946 0.166987627744675 0.173898249864578 0.181855663657188 0.18383976817131 0.184649646282196 0.20024485886097 0.214470729231834 0.209970936179161 0.203763782978058 0.191553473472595 0.188078805804253 0.200827151536942 0.208675861358643 0.211186245083809 0.21070422232151 0.208285957574844 0.209451332688332
0.206438362598419 0.206768304109573 -9999 -9999 -9999 -9999 -9999 -9999 -9999 -9999 -9999 0.160911813378334 0.100575894117355 -9999 -9999 -9999 0.101989157497883 0.0929917544126511 0.114043280482292 0.142864137887955 0.143080100417137 0.175599694252014 0.204062253236771 0.21554571390152 0.2156071215868 0.191555678844452 0.169983088970184 0.151440158486366 0.150465711951256 0.162287905812263 0.175038531422615 0.18817363679409 0.195697709918022 0.202118784189224 0.203832268714905 0.203985914587975 0.190604731440544 0.180104032158852 0.17973130941391 0.18270455300808 0.191891580820084 0.201507911086082 0.211591973900795 0.214353546500206 0.21237713098526 0.212815672159195
0.206369966268539 0.207166656851768 0.207225456833839 -9999 -9999 -9999 -9999 -9999 -9999 -9999 -9999 0.190310060977936 0.152876079082489 0.100575894117355 -9999 -9999 0.107977114617825 0.0944224819540977 0.0765756741166115 0.0932998731732368 0.114702098071575 0.169624507427216 0.21650655567646 0.229738876223564 0.234174817800522 0.220040917396545 0.192473784089088 0.148488491773605 0.140412077307701 0.158491119742393 0.175480127334595 0.19201771914959 0.203547820448875 0.214093565940857 0.20360541343689 0.191410630941391 0.170153647661209 0.155632272362709 0.164793685078621 0.173487618565559 0.181313440203667 0.19365257024765 0.210909098386765 0.217116087675095 0.216173484921455 0.216065913438797
0.206369966268539 0.207166656851768 0.207343071699142 0.207633048295975 0.208485037088394 -9999 -9999 -9999 -9999 -9999 -9999 -9999 0.178187772631645 0.140582412481308 0.100575894117355 0.103567883372307 0.107977114617825 0.0944224819540977 0.0765756741166115 0.106716461479664 0.141203045845032 0.190959349274635 0.232488617300987 0.239587038755417 0.23464934527874 0.20430251955986 0.174030885100365 0.143851161003113 0.141543492674828 0.159537434577942 0.17217418551445 0.182592332363129 0.189900666475296 0.196597680449486 0.182919442653656 0.167622476816177 0.143883481621742 0.126804992556572 0.133145198225975 0.143659308552742 0.161924809217453 0.182110130786896 0.204387158155441 0.215122014284134 0.21838852763176 0.218704268336296
0.206123486161232 0.206661269068718 0.20713073015213 0.207580745220184 0.208477631211281 -9999 -9999 -9999 -9999 0.209186211228371 0.200509890913963 0.192056313157082 0.18390853703022 0.158598482608795 0.119246728718281 0.107834041118622 0.109655477106571 0.0982503592967987 0.0836849734187126 0.121379442512989 0.162800863385201 0.206212744116783 0.240805059671402 0.238486647605896 0.225014314055443 0.187995180487633 0.158060237765312 0.136783629655838 0.136875823140144 0.152532696723938 0.162597805261612 0.170347183942795 0.174860835075378 0.178738430142403 0.163108944892883 0.14618319272995 0.123651385307312 0.106758661568165 0.109693221747875 0.118953116238117 0.139959871768951 0.160861015319824 0.181647107005119 0.197081312537193 0.209052592515945 0.214316248893738
0.205260798335075 0.204892382025719 0.205980569124222 0.207483023405075 0.208477631211281 0.209396749734879 0.209681332111359 0.210077881813049 0.211043983697891 0.209186211228371 0.200509890913963 0.192056313157082 0.18390853703022 0.164793163537979 0.136704415082932 0.122765809297562 0.11552982032299 0.111648127436638 0.108567886054516 0.139158502221107 0.172140568494797 0.206262245774269 0.229957044124603 0.210014373064041 0.190104871988297 0.170265391469002 0.148270279169083 0.123640537261963 0.117710091173649 0.12539991736412 0.137345045804977 0.151052430272102 0.156339213252068 0.159970715641975 0.145487129688263 0.130616188049316 0.118514776229858 0.108665153384209 0.106732897460461 0.107052490115166 0.111554026603699 0.115344725549221 0.118360936641693 0.138923212885857 0.170838624238968 0.19236196577549
0.193175211548805 0.191594004631042 0.197580128908157 0.205718398094177 0.206962376832962 0.207489714026451 0.207721322774887 0.208240404725075 0.210221886634827 0.208855599164963 0.199405819177628 0.192511782050133 0.189126417040825 0.177623748779297 0.159479737281799 0.147372037172318 0.138123616576195 0.137230440974236 0.1383336186409 0.160772040486336 0.184504449367523 0.205737471580505 0.215959906578064 0.180101841688156 0.153937682509422 0.148238122463226 0.137725815176964 0.121331334114075 0.117550782859325 0.122958034276962 0.135102972388268 0.150038227438927 0.152947947382927 0.153493717312813 0.138503849506378 0.123759046196938 0.117028467357159 0.110829651355743 0.106500528752804 0.101902902126312 0.096806637942791 0.0903571918606758 0.0824334248900414 0.10095601528883 0.136590674519539 0.1673394292593
0.165222525596619 0.161995023488998 0.178929075598717 0.201597094535828 0.20330485701561 0.20288647711277 0.202990189194679 0.203805059194565 0.20823746919632 0.208057567477226 0.196740806102753 0.193611174821854 0.201721414923668 0.199836283922195 0.189773201942444 0.185656175017357 0.184355646371841 0.180039465427399 0.175002738833427 0.187806814908981 0.201143950223923 0.204400807619095 0.197510465979576 0.148153051733971 0.115992277860641 0.120135024189949 0.126114636659622 0.134339272975922 0.144263088703156 0.155424550175667 0.165393844246864 0.174869403243065 0.170948222279549 0.164393559098244 0.146561548113823 0.12921604514122 0.120703004300594 0.113358929753304 0.110125005245209 0.106298059225082 0.101369805634022 0.0943935811519623 0.0851860418915749 0.0915350615978241 0.107949927449226 0.137978926301003
0.156701847910881 0.152737990021706 0.170815423130989 0.195161402225494 0.198977991938591 0.200634032487869 0.200692251324654 0.200460970401764 0.198757097125053 0.196098372340202 0.191134080290794 0.193998590111732 0.207610994577408 0.210970565676689 0.205941557884216 0.203702911734581 0.202785968780518 0.199381664395332 0.19538302719593 0.200814217329025 0.205303475260735 0.186654195189476 0.165018573403358 0.130884855985641 0.111399941146374 0.122839815914631 0.136428728699684 0.152644217014313 0.165559694170952 0.176071509718895 0.182666286826134 0.187638878822327 0.18062037229538 0.171244695782661 0.152505055069923 0.134286403656006 0.124544881284237 0.116131968796253 0.112390495836735 0.108657605946064 0.104940645396709 0.0994464755058289 0.0920159816741943 0.0914749577641487 0.0953917428851128 0.117656767368317
0.164545252919197 0.160611286759377 0.171575486660004 0.186776712536812 0.194087475538254 0.200361251831055 0.200443357229233 0.198035880923271 0.182964235544205 0.174740120768547 0.183050110936165 0.193786442279816 0.207853823900223 0.212775677442551 0.210214883089066 0.204707339406013 0.197803974151611 0.19896200299263 0.202046185731888 0.202008917927742 0.198953375220299 0.155088424682617 0.120701253414154 0.125979483127594 0.134894847869873 0.151488527655602 0.165206536650658 0.175409883260727 0.182295680046082 0.186765000224113 0.188975661993027 0.19025094807148 0.183279231190681 0.174686342477798 0.156668156385422 0.139031156897545 0.128527671098709 0.119110263884068 0.113511554896832 0.109302930533886 0.107675828039646 0.105355381965637 0.102279521524906 0.0992977991700172 0.0963769853115082 0.104945957660675
0.177903309464455 0.175143256783485 0.180377125740051 0.187884449958801 0.195794314146042 0.203456774353981 0.203327149152756 0.201186269521713 0.188814386725426 0.182886734604836 0.19251936674118 0.2016671448946 0.21014928817749 0.21288326382637 0.210914209485054 0.192170783877373 0.165481716394424 0.163715943694115 0.167905181646347 0.167002126574516 0.163806349039078 0.132332131266594 0.111177422106266 0.133210882544518 0.153273478150368 0.169175460934639 0.18052376806736 0.186306565999985 0.189831078052521 0.191710695624352 0.192178085446358 0.192060634493828 0.185991629958153 0.178752690553665 0.162008464336395 0.145498052239418 0.134710267186165 0.124647289514542 0.117132790386677 0.111617840826511 0.109816282987595 0.108104921877384 0.106491811573505 0.104679137468338 0.102737337350845 0.104760326445103
0.193960070610046 0.192933782935143 0.193114072084427 0.193637490272522 0.200729712843895 0.208200663328171 0.207744002342224 0.207065135240555 0.205256000161171 0.20547217130661 0.210578665137291 0.213508263230324 0.213449254631996 0.212160125374794 0.209864541888237 0.173007696866989 0.119779951870441 0.11142685264349 0.113795824348927 0.114279396831989 0.114566974341869 0.113886930048466 0.118680492043495 0.146381661295891 0.169148370623589 0.181498020887375 0.189253807067871 0.191394925117493 0.192864015698433 0.193843603134155 0.193860068917274 0.193477675318718 0.188730239868164 0.183124750852585 0.167924880981445 0.15280769765377 0.141969367861748 0.131436482071877 0.121977522969246 0.114749804139137 0.111665703356266 0.10930834710598 0.107742793858051 0.108865678310394 0.111728109419346 0.110704138875008
0.199906602501869 0.199583917856216 0.199126154184341 0.19862999022007 0.203030690550804 0.20776204764843 0.207888260483742 0.20806385576725 0.208490595221519 0.209459736943245 0.211738541722298 0.21281935274601 0.21225543320179 0.209730744361877 0.205601796507835 0.166438460350037 0.11068007349968 0.107264026999474 0.116354331374168 0.119586512446404 0.122584320604801 0.128028392791748 0.136961564421654 0.160496979951859 0.179014682769775 0.186939612030983 0.191842764616013 0.193052709102631 0.193879410624504 0.194426953792572 0.194388896226883 0.194108292460442 0.191360741853714 0.188128262758255 0.179209858179092 0.170289278030396 0.163404479622841 0.154745042324066 0.139845877885818 0.127768471837044 0.120931431651115 0.115978717803955 0.113079033792019 0.112647272646427 0.113812372088432 0.11264456063509
