Ecospace-environmental-drivers/Outputs/ASCII-for-ecospace/MOM6-ISIMIP3a/o2-bot/2006-11_o2-bot_MOM6-ISIMIP3a.asc
NCOLS 131 
NROWS 53 
XLLCORNER -98 
YLLCORNER 23.9265270233154 
CELLSIZE 0.133587792515755 
NODATA_value -9999 
[rows 0 to 20 of 53, columns 46 to 91 of 131]
-9999 -9999 -9999 -9999 -9999 -9999 -9999 -9999 -9999 -9999 -9999 -9999 -9999 -9999 -9999 -9999 -9999 -9999 -9999 -9999 -9999 -9999 -9999 -9999 -9999 -9999 -9999 -9999 -9999 -9999 -9999 -9999 -9999 -9999 -9999 -9999 -9999 -9999 -9999 -9999 -9999 -9999 -9999 -9999 -9999 -9999
-9999 -9999 -9999 -9999 -9999 -9999 -9999 -9999 -9999 -9999 -9999 -9999 -9999 -9999 -9999 -9999 -9999 -9999 -9999 -9999 -9999 -9999 -9999 -9999 -9999 -9999 -9999 -9999 -9999 -9999 -9999 -9999 -9999 -9999 -9999 -9999 -9999 -9999 -9999 -9999 -9999 -9999 -9999 -9999 -9999 -9999
-9999 -9999 -9999 -9999 -9999 -9999 -9999 -9999 -9999 -9999 -9999 -9999 -9999 -9999 -9999 -9999 -9999 -9999 -9999 -9999 -9999 -9999 -9999 -9999 -9999 -9999 -9999 -9999 0.236104413866997 0.236138612031937 -9999 -9999 -9999 -9999 -9999 -9999 -9999 -9999 -9999 -9999 -9999 -9999 -9999 -9999 -9999 -9999
-9999 -9999 -9999 -9999 -9999 -9999 -9999 -9999 -9999 -9999 -9999 -9999 -9999 -9999 -9999 -9999 -9999 -9999 -9999 -9999 -9999 -9999 -9999 -9999 -9999 -9999 -9999 -9999 0.236178651452065 0.236324325203896 -9999 -9999 -9999 -9999 -9999 -9999 -9999 -9999 -9999 -9999 -9999 -9999 -9999 -9999 -9999 -9999
-9999 -9999 -9999 -9999 -9999 -9999 -9999 -9999 -9999 -9999 -9999 -9999 -9999 -9999 -9999 -9999 -9999 -9999 -9999 0.2414790391922 0.241092681884766 0.240783601999283 0.238980650901794 0.237585455179214 0.23565585911274 0.235034868121147 0.235363692045212 0.235789403319359 0.236277669668198 0.236468851566315 0.236226424574852 -9999 -9999 0.229910343885422 0.225931063294411 0.222038492560387 0.219144001603127 0.217907056212425 0.21766172349453 0.218355268239975 0.219519779086113 0.221338257193565 0.223499268293381 -9999 -9999 -9999
-9999 -9999 -9999 -9999 -9999 -9999 -9999 -9999 -9999 -9999 -9999 -9999 -9999 -9999 -9999 0.206990793347359 -9999 0.210098132491112 0.212736904621124 0.227118626236916 0.2414790391922 0.241015419363976 0.240783601999283 0.237177714705467 0.234795063734055 0.234994798898697 0.235314726829529 0.23578155040741 0.236271947622299 0.236779525876045 0.2363550812006 0.235544681549072 0.233230143785477 0.230619937181473 0.225880965590477 0.221292302012444 0.218942195177078 0.217197507619858 0.217581450939178 0.218206197023392 0.219278141856194 0.221074983477592 0.223661631345749 0.22576117515564 0.227545559406281 -9999
-9999 -9999 -9999 -9999 -9999 -9999 -9999 -9999 -9999 -9999 -9999 0.146192997694016 0.147665709257126 0.148644357919693 0.151074156165123 0.179593160748482 0.206697642803192 0.207283943891525 0.210273563861847 0.212736904621124 0.227139919996262 0.2414790391922 0.240783601999283 0.237177714705467 0.234795063734055 0.234994798898697 0.235314726829529 0.23578155040741 0.236271947622299 0.236779525876045 0.2363550812006 0.235544681549072 0.233230143785477 0.230619937181473 0.225880965590477 0.221292302012444 0.218942195177078 0.217197507619858 0.217581450939178 0.218206197023392 0.219278141856194 0.221074983477592 0.223661631345749 0.22576117515564 0.227545559406281 0.228017136454582
-9999 -9999 -9999 -9999 -9999 -9999 -9999 -9999 -9999 -9999 -9999 0.138296961784363 0.146192997694016 0.149138405919075 -9999 0.153482377529144 0.179900169372559 0.206111326813698 0.207283943891525 0.210799843072891 0.212736904621124 0.227203816175461 0.238014608621597 0.233524292707443 0.230282753705978 0.229677513241768 0.229656919836998 0.230350852012634 0.230896160006523 0.231333211064339 0.230836927890778 0.229954123497009 0.227472230792046 0.224675983190536 0.221057489514351 0.217571809887886 0.215681046247482 0.213708505034447 0.211448460817337 0.211221680045128 0.21477085351944 0.217880368232727 0.220510825514793 0.222424671053886 0.22387483716011 0.223360657691956
-9999 -9999 -9999 -9999 -9999 -9999 -9999 -9999 -9999 -9999 -9999 -9999 -9999 -9999 -9999 0.153528153896332 0.154835134744644 0.177742302417755 0.20493870973587 0.207283943891525 0.212378665804863 0.225441664457321 0.234939351677895 0.229515895247459 0.225355371832848 0.223860993981361 0.223460212349892 0.224396035075188 0.224994376301765 0.225346922874451 0.224769160151482 0.223806127905846 0.221159651875496 0.218182250857353 0.215781018137932 0.21344518661499 0.211539894342422 0.208969429135323 0.204060196876526 0.203059747815132 0.209318354725838 0.213989928364754 0.216932371258736 0.218761026859283 0.219869032502174 0.220874205231667
0.239912748336792 0.239895313978195 -9999 -9999 -9999 -9999 -9999 -9999 -9999 -9999 -9999 0.192704454064369 0.130203530192375 -9999 -9999 -9999 0.156416833400726 0.150113940238953 0.169958099722862 0.202593475580215 0.203211039304733 0.21959163248539 0.231912225484848 0.227241396903992 0.223363414406776 0.221159189939499 0.22031657397747 0.221138134598732 0.22151842713356 0.221577286720276 0.220861867070198 0.21982578933239 0.217742085456848 0.215452447533607 0.213325545191765 0.209565818309784 0.189796507358551 0.174904108047485 0.177159130573273 0.181251138448715 0.188754662871361 0.198509469628334 0.210717141628265 0.216580599546432 0.218339055776596 0.220029667019844
0.240080267190933 0.239710375666618 0.239683076739311 -9999 -9999 -9999 -9999 -9999 -9999 -9999 -9999 0.223696991801262 0.184435978531837 0.130203530192375 -9999 -9999 0.169756308197975 0.153301194310188 0.127284318208694 0.159327551722527 0.194275394082069 0.213445290923119 0.228221550583839 0.224610105156898 0.221217229962349 0.218285784125328 0.2169538885355 0.21757698059082 0.217738091945648 0.217562720179558 0.216767966747284 0.215716704726219 0.214226558804512 0.212650135159492 0.208414345979691 0.201360419392586 0.167738705873489 0.143366545438766 0.151516258716583 0.159820556640625 0.16841197013855 0.183036595582962 0.204234600067139 0.214114353060722 0.216670647263527 0.219008594751358
0.240080267190933 0.239710375666618 0.239628478884697 0.239009097218513 0.238673835992813 -9999 -9999 -9999 -9999 -9999 -9999 -9999 0.210858002305031 0.170147195458412 0.130203530192375 0.146192997694016 0.169756308197975 0.153301194310188 0.127284318208694 0.155483320355415 0.186584115028381 0.205709636211395 0.22097173333168 0.220065012574196 0.218243792653084 0.214491963386536 0.212416261434555 0.212389141321182 0.212325170636177 0.212234362959862 0.211673080921173 0.210916966199875 0.21018548309803 0.209458857774734 0.190331071615219 0.169950976967812 0.143994361162186 0.125387385487556 0.132622048258781 0.140417590737343 0.149254754185677 0.167604386806488 0.196318224072456 0.210115030407906 0.214259833097458 0.21704064309597
0.239636540412903 0.239336058497429 0.239028111100197 0.238718047738075 0.238661766052246 -9999 -9999 -9999 -9999 0.23782554268837 0.23497673869133 0.228291034698486 0.21633780002594 0.187945172190666 0.146102279424667 0.147208943963051 0.168659865856171 0.155597478151321 0.13428869843483 0.157013729214668 0.182273402810097 0.200395137071609 0.214782819151878 0.213543221354485 0.210511460900307 0.203696295619011 0.198406368494034 0.194980576634407 0.193721264600754 0.194040015339851 0.195096254348755 0.196457922458649 0.19772444665432 0.198972269892693 0.171808838844299 0.14450304210186 0.126084759831429 0.112896300852299 0.118096135556698 0.124021135270596 0.131292834877968 0.148518323898315 0.176588818430901 0.191987127065659 0.19918592274189 0.205232694745064
0.238083526492119 0.238025888800621 0.238294422626495 0.238655716180801 0.238661766052246 0.238641694188118 0.238897725939751 0.239072039723396 0.238830581307411 0.23782554268837 0.23497673869133 0.228291034698486 0.21633780002594 0.190464705228806 0.153202757239342 0.1507648229599 0.16482225060463 0.163634613156319 0.158804401755333 0.171980991959572 0.186414286494255 0.201133593916893 0.211246237158775 0.202079564332962 0.190881669521332 0.17539569735527 0.160715326666832 0.147019550204277 0.142139241099358 0.143679991364479 0.149813950061798 0.157850131392479 0.164213046431541 0.170247033238411 0.152189239859581 0.133959218859673 0.122762329876423 0.114125721156597 0.114491164684296 0.115141071379185 0.116319268941879 0.12029742449522 0.127326235175133 0.138536989688873 0.152453660964966 0.1688242405653
0.232619911432266 0.232652381062508 0.234598949551582 0.237089887261391 0.237669289112091 0.238043859601021 0.238171100616455 0.238187298178673 0.237638622522354 0.236102983355522 0.232184231281281 0.225492984056473 0.214995458722115 0.194922223687172 0.16701440513134 0.163162887096405 0.170706301927567 0.17513969540596 0.178829982876778 0.185325741767883 0.192072361707687 0.199665024876595 0.201988160610199 0.182257801294327 0.164025411009789 0.14895536005497 0.135240167379379 0.123180896043777 0.120942048728466 0.125856250524521 0.135019540786743 0.145942538976669 0.152325198054314 0.157815337181091 0.144056335091591 0.130163133144379 0.121922522783279 0.1149647757411 0.112517647445202 0.110142275691032 0.107900157570839 0.104546889662743 0.0999829843640327 0.107246309518814 0.12216242402792 0.141952887177467
0.221627444028854 0.221534058451653 0.226716071367264 0.233398422598839 0.235273614525795 0.236600801348686 0.236417159438133 0.236051723361015 0.234761461615562 0.231945052742958 0.225443631410599 0.218738973140717 0.211755275726318 0.202119693160057 0.190314412117004 0.18806217610836 0.190335020422935 0.191547825932503 0.192507341504097 0.196376532316208 0.199875459074974 0.195076107978821 0.184640929102898 0.150619208812714 0.126952275633812 0.125145077705383 0.127036020159721 0.133446872234344 0.142703458666801 0.154032871127129 0.163329437375069 0.171784162521362 0.171009123325348 0.168419733643532 0.152163550257683 0.135907128453255 0.124592691659927 0.115251928567886 0.112850710749626 0.110630869865417 0.108747847378254 0.106427177786827 0.103629671037197 0.107285067439079 0.115115791559219 0.128565266728401
0.213173478841782 0.212660908699036 0.218119025230408 0.225275188684464 0.229001432657242 0.232244089245796 0.231909036636353 0.231110036373138 0.227950975298882 0.223847761750221 0.217464774847031 0.212331667542458 0.20891447365284 0.204743355512619 0.199955388903618 0.194828718900681 0.189541637897491 0.189638450741768 0.191021651029587 0.192292273044586 0.192400634288788 0.175705388188362 0.157622411847115 0.133731693029404 0.120043516159058 0.127893716096878 0.138223350048065 0.151583343744278 0.163303092122078 0.173828095197678 0.180727571249008 0.186125606298447 0.181390941143036 0.174664437770844 0.157390251755714 0.140198066830635 0.127622723579407 0.117041602730751 0.113472327589989 0.110754035413265 0.109616115689278 0.108643412590027 0.107850700616837 0.109294600784779 0.112185694277287 0.120236918330193
0.206857219338417 0.205678477883339 0.208920538425446 0.213419884443283 0.219464763998985 0.225433707237244 0.225081562995911 0.223805293440819 0.217828199267387 0.212433069944382 0.208443164825439 0.206216350197792 0.206410005688667 0.20351530611515 0.198093831539154 0.186325341463089 0.171550422906876 0.172303557395935 0.176766857504845 0.175462499260902 0.172059997916222 0.143886610865593 0.122459515929222 0.129266321659088 0.138536766171455 0.153008133172989 0.165740579366684 0.176347717642784 0.182924345135689 0.186565190553665 0.188936710357666 0.190782532095909 0.184781417250633 0.177237764000893 0.160191252827644 0.14326536655426 0.130955785512924 0.120096571743488 0.114336922764778 0.110569462180138 0.11050171405077 0.111142545938492 0.112555392086506 0.112963765859604 0.11272220313549 0.116169072687626
0.201869264245033 0.200609251856804 0.202098518610001 0.204369693994522 0.21019284427166 0.216144770383835 0.215757563710213 0.214674264192581 0.210050031542778 0.206199735403061 0.204218149185181 0.202681735157967 0.201756462454796 0.198093622922897 0.192190945148468 0.172762870788574 0.14692810177803 0.145016357302666 0.148820608854294 0.147426158189774 0.144616156816483 0.126401528716087 0.115482233464718 0.135094687342644 0.15336911380291 0.168818905949593 0.180405557155609 0.187270626425743 0.190829306840897 0.191979676485062 0.192524537444115 0.192818656563759 0.187205404043198 0.180430918931961 0.163752421736717 0.147239953279495 0.135932236909866 0.125397175550461 0.117578834295273 0.112252831459045 0.111555367708206 0.111905708909035 0.113397665321827 0.11409305036068 0.114273019134998 0.115697763860226
0.197531342506409 0.19647628068924 0.196439474821091 0.196692243218422 0.201050490140915 0.205642879009247 0.205211848020554 0.20464950799942 0.203419253230095 0.202501982450485 0.202340438961983 0.200410053133965 0.196051254868507 0.190619677305222 0.184310361742973 0.156724631786346 0.119060724973679 0.112858779728413 0.114174157381058 0.113905645906925 0.113696247339249 0.115930929780006 0.122298158705235 0.145960494875908 0.166409939527512 0.180076763033867 0.18878099322319 0.191419914364815 0.193000674247742 0.193810686469078 0.193850859999657 0.193572223186493 0.18915644288063 0.183927401900291 0.167685598134995 0.15165850520134 0.141712889075279 0.131796717643738 0.121984131634235 0.11485031247139 0.112691260874271 0.111819334328175 0.112349785864353 0.113979391753674 0.116320200264454 0.116986490786076
0.188652724027634 0.187520101666451 0.186939984560013 0.186516985297203 0.188717797398567 0.191073954105377 0.19037327170372 0.189669921994209 0.188953056931496 0.188725307583809 0.189678579568863 0.189697936177254 0.188435181975365 0.183960229158401 0.176857173442841 0.149642333388329 0.112900972366333 0.1115368232131 0.118625469505787 0.121846325695515 0.125016465783119 0.131315693259239 0.140221908688545 0.160038709640503 0.176429703831673 0.185588538646698 0.191340088844299 0.19292725622654 0.193860560655594 0.19431759417057 0.194195359945297 0.193833231925964 0.191298440098763 0.188336566090584 0.17864528298378 0.169053494930267 0.162868171930313 0.154721200466156 0.139677077531815 0.127783089876175 0.121739283204079 0.117508620023727 0.115253441035748 0.114659622311592 0.115140795707703 0.115296021103859
