Ecospace-environmental-drivers/Outputs/ASCII-for-ecospace/MOM6-ISIMIP3a/o2-bot/2006-07_o2-bot_MOM6-ISIMIP3a.asc
NCOLS 131 
NROWS 53 
XLLCORNER -98 
YLLCORNER 23.9265270233154 
CELLSIZE 0.133587792515755 
NODATA_value -9999 
[rows 21 to 41 of 53, columns 0 to 45 of 131]
-9999 -9999 -9999 -9999 -9999 -9999 0.202754631638527 0.202746853232384 0.202721446752548 0.202672779560089 0.202930808067322 0.203233882784843 0.203344762325287 0.203675046563148 0.203475788235664 0.202665522694588 0.197973266243935 0.190615102648735 0.191200420260429 0.194853022694588 0.197366908192635 0.199679866433144 0.194658577442169 0.189974024891853 0.189433753490448 0.188935294747353 0.188572406768799 0.188928008079529 0.190537452697754 0.19186906516552 0.192914798855782 0.194414168596268 0.196189895272255 0.198412671685219 0.200784489512444 0.202548563480377 0.204225406050682 0.205452561378479 0.206602647900581 0.207262024283409 0.207782179117203 0.207914724946022 0.205189198255539 0.198046624660492 0.194645270705223 0.194677606225014
-9999 -9999 -9999 -9999 -9999 -9999 0.202761456370354 0.202754631638527 0.202739074826241 0.202719300985336 0.202672779560089 0.202885761857033 0.202499657869339 0.200928166508675 0.200659528374672 0.201894178986549 0.198892310261726 0.192981064319611 0.194144278764725 0.198039218783379 0.201032653450966 0.203867003321648 0.198760241270065 0.193973422050476 0.193301886320114 0.192615076899529 0.191878736019135 0.191477909684181 0.191662579774857 0.192002072930336 0.1925008893013 0.193319067358971 0.194331780076027 0.195701882243156 0.19719110429287 0.197453662753105 0.197551116347313 0.198266729712486 0.198932319879532 0.199279367923737 0.199600890278816 0.199851363897324 0.198645636439323 0.195189446210861 0.193528488278389 0.193515196442604
-9999 -9999 -9999 -9999 0.202933430671692 0.202740699052811 0.202757075428963 0.20277264714241 0.202754631638527 0.202723518013954 0.202726244926453 0.202858462929726 0.201806277036667 0.198410525918007 0.198062285780907 0.201230406761169 0.199912041425705 0.195512592792511 0.197157308459282 0.201135873794556 0.203580364584923 0.20575413107872 0.200383991003036 0.195369079709053 0.194690808653831 0.193930923938751 0.192906454205513 0.191999152302742 0.191296339035034 0.19096502661705 0.191015973687172 0.191182017326355 0.191418170928955 0.191872820258141 0.192400306463242 0.191140800714493 0.189642563462257 0.189290732145309 0.188925683498383 0.188476458191872 0.188182756304741 0.188322022557259 0.188632011413574 0.18920587003231 0.189474791288376 0.189463824033737
-9999 -9999 -9999 -9999 0.203419998288155 0.20281594991684 0.202724307775497 0.202757075428963 0.20280621945858 0.203431650996208 0.204068571329117 0.204749509692192 0.204917594790459 0.204070851206779 0.203417539596558 0.20298744738102 0.201622992753983 0.199616864323616 0.200590029358864 0.202713593840599 0.194898426532745 0.185329377651215 0.168748050928116 0.153783634305 0.153572663664818 0.153213664889336 0.152374684810638 0.154253199696541 0.160873964428902 0.168151631951332 0.17610527575016 0.179280564188957 0.179544925689697 0.179882794618607 0.180245161056519 0.180042862892151 0.179704502224922 0.171301543712616 0.163043931126595 0.155711859464645 0.149653524160385 0.147140935063362 0.145764380693436 0.146143555641174 0.146261692047119 0.14614026248455
-9999 -9999 -9999 -9999 -9999 0.203419998288155 0.202362447977066 0.202691555023193 0.201924577355385 0.201155424118042 0.200917780399323 0.202714517712593 0.204225108027458 0.205169528722763 0.203043878078461 0.19737583398819 0.194614127278328 0.193848341703415 0.195416316390038 0.197885453701019 0.183946371078491 0.167111739516258 0.143761977553368 0.122796654701233 0.122890211641788 0.122853025794029 0.122391931712627 0.126258835196495 0.13767845928669 0.149620234966278 0.162099286913872 0.166385009884834 0.165679425001144 0.165670588612556 0.165893986821175 0.166575580835342 0.167222663760185 0.15427540242672 0.141584262251854 0.130524292588234 0.121372252702713 0.117531478404999 0.115223370492458 0.115283913910389 0.115307778120041 0.115297980606556
-9999 -9999 -9999 -9999 -9999 0.204074546694756 0.203419998288155 0.200581133365631 0.196951001882553 0.185793712735176 0.178065940737724 0.183464884757996 0.186854124069214 0.186266735196114 0.177550479769707 0.159454822540283 0.149371400475502 0.144790351390839 0.152505859732628 0.16496953368187 0.163040533661842 0.158571675419807 0.147933647036552 0.138280972838402 0.137965276837349 0.137903228402138 0.138663575053215 0.141022428870201 0.146170824766159 0.149864166975021 0.152060270309448 0.149130642414093 0.143078446388245 0.141714781522751 0.141913920640945 0.142719313502312 0.143587008118629 0.141471862792969 0.139514222741127 0.138559803366661 0.138025432825089 0.138660401105881 0.138731062412262 0.137929603457451 0.13810695707798 0.13918262720108
-9999 -9999 0.205348148941994 0.205235779285431 0.205163478851318 0.204729855060577 0.204073771834373 0.196190550923347 0.187573447823524 0.174810603260994 0.166110455989838 0.172960594296455 0.175713658332825 0.170359715819359 0.155808806419373 0.130646005272865 0.117863386869431 0.11358281224966 0.12616391479969 0.145255923271179 0.151455491781235 0.155379936099052 0.15387187898159 0.152342036366463 0.15162193775177 0.151520952582359 0.153427422046661 0.154767632484436 0.155119642615318 0.152895152568817 0.148019477725029 0.14103789627552 0.132773414254189 0.130761429667473 0.130833610892296 0.131683319807053 0.132671535015106 0.137973144650459 0.14331941306591 0.148950025439262 0.15388298034668 0.15687383711338 0.158404484391212 0.157678470015526 0.15828762948513 0.160122200846672
-9999.000000000000000 -9999 -9999 -9999 0.205814003944397 0.205597102642059 0.205996781587601 0.186824977397919 0.168587058782578 0.173380941152573 0.177929222583771 0.18153740465641 0.178167298436165 0.160989120602608 0.142252817749977 0.121718674898148 0.116322532296181 0.121322333812714 0.135972008109093 0.154347866773605 0.160207062959671 0.163857460021973 0.163664489984512 0.163297727704048 0.162183791399002 0.162013247609138 0.164901494979858 0.166290819644928 0.165064379572868 0.162007093429565 0.15706592798233 0.152934461832047 0.149296283721924 0.148177579045296 0.147898688912392 0.148619323968887 0.149509608745575 0.154776215553284 0.159943446516991 0.164477869868279 0.168004587292671 0.168726101517677 0.169712096452713 0.17110687494278 0.172755137085915 0.174636036157608
-9999 -9999 -9999 -9999 0.206608548760414 0.207115054130554 0.207115978002548 0.182228803634644 0.159236550331116 0.17382775247097 0.185247480869293 0.184528157114983 0.175298169255257 0.149228006601334 0.12980192899704 0.118042059242725 0.1197115406394 0.130603566765785 0.145168095827103 0.161150708794594 0.167371526360512 0.171869680285454 0.172516196966171 0.172900438308716 0.171801701188087 0.171512380242348 0.17384746670723 0.174666702747345 0.172840610146523 0.169663175940514 0.165095239877701 0.162924692034721 0.16221459209919 0.16203610599041 0.162034809589386 0.162429124116898 0.162906259298325 0.16729249060154 0.171586692333221 0.175294905900955 0.178034797310829 0.178079098463058 0.178900331258774 0.180922269821167 0.18273101747036 0.184344127774239
-9999 -9999 -9999 -9999 0.207114279270172 0.20711350440979 0.207112550735474 0.183632925152779 0.162008762359619 0.176635310053825 0.186903759837151 0.180491209030151 0.165732592344284 0.13445945084095 0.11874134093523 0.120971277356148 0.129302740097046 0.141824394464493 0.153594180941582 0.165073648095131 0.172539249062538 0.179296523332596 0.180184170603752 0.18080098927021 0.180232033133507 0.17976202070713 0.179612889885902 0.179083004593849 0.177888676524162 0.175487652420998 0.171844944357872 0.170516565442085 0.170598074793816 0.171418860554695 0.172486066818237 0.172305911779404 0.171973332762718 0.174415618181229 0.176963686943054 0.180185347795486 0.182917684316635 0.184287846088409 0.185422211885452 0.1861921697855 0.187056064605713 0.188006162643433
-9999 -9999 -9999 -9999 0.20711350440979 0.207112342119217 0.207110986113548 0.189452394843102 0.173253312706947 0.185069486498833 0.192625641822815 0.183876186609268 0.167677521705627 0.13673897087574 0.121695414185524 0.124992199242115 0.136124759912491 0.152638494968414 0.16328527033329 0.171666592359543 0.178005218505859 0.183983355760574 0.184740081429482 0.18524506688118 0.184604987502098 0.183739989995956 0.182145789265633 0.180911302566528 0.180304616689682 0.179118722677231 0.177336856722832 0.17687314748764 0.177212446928024 0.178109884262085 0.179193392395973 0.179189085960388 0.179047107696533 0.180668085813522 0.182372123003006 0.184605181217194 0.186693280935287 0.188377857208252 0.189482241868973 0.189689964056015 0.19011689722538 0.190745010972023
-9999 -9999 -9999 -9999 0.207112282514572 0.207110986113548 0.198740214109421 0.198583409190178 0.190852209925652 0.19772370159626 0.201396778225899 0.192827701568604 0.178255468606949 0.151804700493813 0.135160624980927 0.129831895232201 0.140869855880737 0.163147538900375 0.173925116658211 0.180262073874474 0.1836948543787 0.186615139245987 0.186961933970451 0.187096759676933 0.185934871435165 0.18451415002346 0.182254254817963 0.180798590183258 0.180746391415596 0.181104719638824 0.181885436177254 0.182303234934807 0.182499960064888 0.182782098650932 0.183092713356018 0.183826997876167 0.184625908732414 0.186267524957657 0.187804132699966 0.188672035932541 0.189638406038284 0.190878808498383 0.191695868968964 0.191858664155006 0.192229554057121 0.19279146194458
-9999 -9999 -9999 -9999 0.207110986113548 0.202118918299675 0.200255110859871 0.199814051389694 0.19942133128643 0.201854214072227 0.203201845288277 0.200395613908768 0.190004542469978 0.164605230093002 0.146289393305779 0.136146783828735 0.144570857286453 0.165745511651039 0.176660656929016 0.18361422419548 0.186348885297775 0.188339039683342 0.188915833830833 0.189339399337769 0.188744202256203 0.187912732362747 0.186315208673477 0.185194984078407 0.18490768969059 0.185229599475861 0.186178356409073 0.18661966919899 0.186751827597618 0.186821177601814 0.186869591474533 0.187721580266953 0.188684895634651 0.189682424068451 0.190627902746201 0.191241860389709 0.191903993487358 0.192700296640396 0.193261176347733 0.19345822930336 0.193739578127861 0.194098278880119
-9999 -9999 -9999 -9999 -9999 0.20221996307373 0.202369332313538 0.202367886900902 0.204120486974716 0.20233166217804 0.202021420001984 0.207370564341545 0.202255547046661 0.176434949040413 0.156416833400726 0.143093898892403 0.147824376821518 0.164952978491783 0.176008582115173 0.184719204902649 0.187701925635338 0.189673855900764 0.190754875540733 0.191749602556229 0.192187577486038 0.192436069250107 0.192070111632347 0.191523879766464 0.190663084387779 0.190271154046059 0.190361708402634 0.190458789467812 0.190559864044189 0.190588921308517 0.190593987703323 0.191297590732574 0.192092508077621 0.192161083221436 0.192333847284317 0.193170070648193 0.193878367543221 0.194230571389198 0.19454862177372 0.194813892245293 0.194991320371628 0.195088118314743
-9999 -9999 -9999 -9999 -9999 0.203635275363922 0.204035431146622 0.204926058650017 0.204713776707649 0.201861724257469 0.201146155595779 0.208608210086823 0.204762056469917 0.178540155291557 0.158152893185616 0.144497871398926 0.148621454834938 0.164954423904419 0.175283059477806 0.183293208479881 0.187227636575699 0.190442815423012 0.191873893141747 0.193177208304405 0.193741217255592 0.194106802344322 0.193828985095024 0.19354085624218 0.19323468208313 0.193056464195251 0.193009898066521 0.193030387163162 0.193091720342636 0.19310550391674 0.193103432655334 0.193462193012238 0.193867519497871 0.193814963102341 0.193834841251373 0.194315835833549 0.194717764854431 0.194899588823318 0.195077955722809 0.195250988006592 0.195374190807343 0.195451661944389
-9999 -9999 -9999 -9999 -9999 0.204067438840866 0.204501062631607 0.204812332987785 0.204457566142082 0.201195761561394 0.200334027409554 0.208658799529076 0.205252423882484 0.178633362054825 0.158152759075165 0.144754961133003 0.14891029894352 0.165120154619217 0.174542337656021 0.181343555450439 0.186375260353088 0.19109471142292 0.192843943834305 0.194401517510414 0.19490385055542 0.19518731534481 0.194761097431183 0.194665685296059 0.195147559046745 0.195374950766563 0.195340469479561 0.19533970952034 0.195359528064728 0.195363208651543 0.195361524820328 0.195334762334824 0.195304721593857 0.195298194885254 0.195293426513672 0.195299699902534 0.195322319865227 0.195390403270721 0.195450440049171 0.195498034358025 0.195577308535576 0.195685639977455
-9999 -9999 -9999 -9999 -9999 -9999 0.203665807843208 0.203764796257019 0.203674912452698 0.20266418159008 0.203323170542717 0.210373133420944 0.205987438559532 0.178973793983459 0.15693087875843 0.140623390674591 0.143913984298706 0.160663455724716 0.170634493231773 0.177988141775131 0.185212090611458 0.192413151264191 0.193927228450775 0.195225223898888 0.195760324597359 0.196073651313782 0.195667967200279 0.195505976676941 0.195769235491753 0.195884823799133 0.19584846496582 0.195857092738152 0.195893108844757 0.195879027247429 0.195848241448402 0.195850998163223 0.195857614278793 0.195757016539574 0.195677861571312 0.195735305547714 0.195799797773361 0.195883870124817 0.195945277810097 0.195971637964249 0.196029409766197 0.196116000413895
-9999 -9999 -9999 -9999 -9999 -9999 0.202725306153297 0.202420309185982 0.202879875898361 0.204222202301025 0.206460490822792 0.212128087878227 0.206529721617699 0.178639128804207 0.155071288347244 0.136491239070892 0.139155820012093 0.156410053372383 0.166942283511162 0.174878910183907 0.184163764119148 0.193686559796333 0.194960340857506 0.195993185043335 0.196523383259773 0.196842133998871 0.196475267410278 0.196249932050705 0.196271538734436 0.196264609694481 0.196228310465813 0.196240589022636 0.196282461285591 0.196251064538956 0.196195259690285 0.196240335702896 0.196297749876976 0.196133151650429 0.196006640791893 0.196122691035271 0.196231096982956 0.19631826877594 0.196377530694008 0.196393668651581 0.196433335542679 0.196494579315186
-9999 -9999 -9999 -9999 -9999 -9999 0.201900780200958 0.20199079811573 0.202204272150993 0.2057164311409 0.209362626075745 0.213521808385849 0.204899206757545 0.17098505795002 0.146992892026901 0.134449109435081 0.139462515711784 0.156533256173134 0.167063027620316 0.175067096948624 0.18448905646801 0.194161221385002 0.195404157042503 0.196357578039169 0.196436405181885 0.196446254849434 0.196232467889786 0.196102097630501 0.196117296814919 0.196120575070381 0.196111589670181 0.196051985025406 0.195961564779282 0.195921421051025 0.195898041129112 0.195923909544945 0.195957496762276 0.196116775274277 0.196254819631577 0.196257561445236 0.19623064994812 0.19612118601799 0.196083635091782 0.196157231926918 0.196204274892807 0.196226939558983
-9999 -9999 -9999 -9999 -9999 0.200691044330597 0.201677262783051 0.201291233301163 0.202225789427757 0.206711053848267 0.210442304611206 0.21128748357296 0.199048414826393 0.160919278860092 0.138440608978271 0.134020119905472 0.142028361558914 0.158571973443031 0.168935358524323 0.176912352442741 0.185742199420929 0.194722548127174 0.195754483342171 0.19649401307106 0.196247383952141 0.196039110422134 0.195955201983452 0.195902287960052 0.195903450250626 0.195907637476921 0.195914939045906 0.195813879370689 0.195646807551384 0.195608526468277 0.195613160729408 0.195629566907883 0.195650041103363 0.196012496948242 0.196314543485641 0.196232035756111 0.196106880903244 0.195863008499146 0.19575759768486 0.19586618244648 0.195941612124443 0.195986613631248
-9999 -9999 -9999 -9999 0.199487552046776 0.200491860508919 0.200691044330597 0.202735960483551 0.204803466796875 0.205873742699623 0.204839512705803 0.195750176906586 0.177722990512848 0.142010346055031 0.128150746226311 0.139506101608276 0.152877867221832 0.167634382843971 0.177230343222618 0.184833601117134 0.190397575497627 0.195601671934128 0.19576196372509 0.195794627070427 0.195684194564819 0.195590600371361 0.195551633834839 0.19551195204258 0.195471048355103 0.195442035794258 0.195425286889076 0.195394232869148 0.195354491472244 0.195356979966164 0.19537353515625 0.195416152477264 0.195462927222252 0.195585831999779 0.195683255791664 0.195618331432343 0.195530921220779 0.195380851626396 0.19531375169754 0.195374846458435 0.195555701851845 0.195846453309059
