Ecospace-environmental-drivers/Outputs/ASCII-for-ecospace/MOM6-ISIMIP3a/o2-bot/2006-04_o2-bot_MOM6-ISIMIP3a.asc
NCOLS 131 
NROWS 53 
XLLCORNER -98 
YLLCORNER 23.9265270233154 
CELLSIZE 0.133587792515755 
NODATA_value -9999 
[rows 21 to 41 of 53, columns 46 to 91 of 131]
0.217789545655251 0.217784762382507 0.217639327049255 0.217453896999359 0.217386305332184 0.217332780361176 0.217333167791367 0.217262178659439 0.216828003525734 0.21643827855587 0.216155871748924 0.215896874666214 0.215670019388199 0.212822616100311 0.207831129431725 0.169777199625969 0.116062313318253 0.117454089224339 0.132012695074081 0.139571189880371 0.146503388881683 0.151319339871407 0.158384650945663 0.174863815307617 0.187191560864449 0.190755367279053 0.193132624030113 0.194059640169144 0.194564640522003 0.194762259721756 0.19484069943428 0.194869801402092 0.19446986913681 0.193985596299171 0.192430227994919 0.190669924020767 0.187295138835907 0.180114209651947 0.159550666809082 0.142228111624718 0.130924418568611 0.122898235917091 0.118443034589291 0.11505064368248 0.112345956265926 0.111826159060001
0.217300727963448 0.217670917510986 0.216113194823265 0.214007183909416 0.213600143790245 0.213387250900269 0.213721066713333 0.210817292332649 0.191444396972656 0.178062483668327 0.17914642393589 0.175866276025772 0.166594803333282 0.160577863454819 0.157223701477051 0.139735460281372 0.115552201867104 0.121823310852051 0.1353709846735 0.148835957050323 0.161608591675758 0.164387211203575 0.168941304087639 0.180926010012627 0.189832001924515 0.192238599061966 0.193867757916451 0.194546759128571 0.19493480026722 0.195110931992531 0.195151805877686 0.195136681199074 0.195130243897438 0.19512552022934 0.193755373358727 0.192369773983955 0.191327109932899 0.188170373439789 0.177580431103706 0.168209910392761 0.16110397875309 0.152216330170631 0.141387432813644 0.132995709776878 0.126180976629257 0.120814993977547
0.213423877954483 0.21410907804966 0.211096733808517 0.207032799720764 0.206362828612328 0.206076964735985 0.206781804561615 0.201221272349358 0.16378952562809 0.138119399547577 0.14084891974926 0.134860321879387 0.116902902722359 0.108025848865509 0.106578104197979 0.110101789236069 0.115980334579945 0.126685261726379 0.138543367385864 0.157328724861145 0.175403758883476 0.17621348798275 0.178360790014267 0.186106026172638 0.191869258880615 0.193448305130005 0.194529071450233 0.195000812411308 0.195289939641953 0.195446044206619 0.195443108677864 0.195374295115471 0.195566788315773 0.195810630917549 0.194103434681892 0.192581906914711 0.193579822778702 0.194364562630653 0.194399788975716 0.193574219942093 0.191150069236755 0.18194454908371 0.165350511670113 0.152439668774605 0.141912043094635 0.131309404969215
0.158255711197853 0.158799082040787 0.155831962823868 0.1518664509058 0.151336461305618 0.15119668841362 0.152098119258881 0.150100320577621 0.133354544639587 0.123541548848152 0.130468457937241 0.131089895963669 0.123054727911949 0.119103401899338 0.118493363261223 0.124552607536316 0.133770957589149 0.144121304154396 0.154742106795311 0.166865274310112 0.178453013300896 0.180745735764503 0.183514952659607 0.188278332352638 0.191986754536629 0.193468078970909 0.194563135504723 0.19518606364727 0.195390850305557 0.195291057229042 0.19529065489769 0.195331424474716 0.194897726178169 0.19437076151371 0.193790823221207 0.193333551287651 0.194093868136406 0.194711476564407 0.194827273488045 0.194568619132042 0.193614587187767 0.18952739238739 0.182026505470276 0.176367327570915 0.171899825334549 0.158943921327591
0.117751620709896 0.118716590106487 0.116445377469063 0.11325378715992 0.113200664520264 0.113494396209717 0.114479430019855 0.115317165851593 0.11540561914444 0.118198879063129 0.127523198723793 0.132910862565041 0.13289400935173 0.132997095584869 0.133198320865631 0.140783816576004 0.15186707675457 0.161023452877998 0.169719412922859 0.175439268350601 0.180846482515335 0.184679135680199 0.188184827566147 0.190322130918503 0.192202255129814 0.193539500236511 0.194612234830856 0.195361658930779 0.195484340190887 0.195150509476662 0.195143282413483 0.195271342992783 0.194371938705444 0.193270549178123 0.193614229559898 0.194023475050926 0.194550454616547 0.195000812411308 0.195181682705879 0.195376738905907 0.195598110556602 0.195675060153008 0.195594653487206 0.195817291736603 0.196235984563828 0.182828232645988
0.14154540002346 0.145402461290359 0.146680176258087 0.147224336862564 0.149125322699547 0.151112794876099 0.151686042547226 0.152170658111572 0.152204558253288 0.153349965810776 0.157179236412048 0.159248560667038 0.15890172123909 0.159238785505295 0.160135373473167 0.164821535348892 0.171302735805511 0.175584614276886 0.179340988397598 0.179792776703835 0.180364534258842 0.185986742377281 0.190731257200241 0.191802471876144 0.192847549915314 0.193837404251099 0.194727256894112 0.195494890213013 0.195545300841331 0.195073306560516 0.195018231868744 0.195135831832886 0.194474309682846 0.193659648299217 0.194034069776535 0.194442674517632 0.194755077362061 0.195037707686424 0.195215672254562 0.195367962121964 0.195472612977028 0.195529937744141 0.195535719394684 0.195633739233017 0.195791468024254 0.190268889069557
0.162156030535698 0.166954800486565 0.170248910784721 0.173115104436874 0.175861746072769 0.178510099649429 0.178835570812225 0.179068714380264 0.178832218050957 0.178648829460144 0.178593695163727 0.178521767258644 0.178426772356033 0.179307579994202 0.180986747145653 0.183416903018951 0.18620277941227 0.186981752514839 0.187281206250191 0.184662386775017 0.182396218180656 0.188181027770042 0.192913293838501 0.193240478634834 0.193618595600128 0.19410428404808 0.194706365466118 0.195450723171234 0.195468574762344 0.194957256317139 0.194491729140282 0.194045171141624 0.193949013948441 0.193921744823456 0.194359764456749 0.194788724184036 0.194960981607437 0.19513364136219 0.195307686924934 0.19542421400547 0.195433914661407 0.195464551448822 0.195518001914024 0.195523768663406 0.195498690009117 0.195398092269897
0.17582143843174 0.177306562662125 0.179273277521133 0.181376978754997 0.18255078792572 0.183606460690498 0.184042051434517 0.184245452284813 0.183267638087273 0.182451605796814 0.182026252150536 0.182381257414818 0.183807596564293 0.185908049345016 0.188560053706169 0.190137818455696 0.191206768155098 0.191475465893745 0.191552966833115 0.190658017992973 0.189912244677544 0.19230991601944 0.194300293922424 0.194586053490639 0.194664061069489 0.19430348277092 0.194388940930367 0.195019528269768 0.195091441273689 0.194756433367729 0.193089321255684 0.19087053835392 0.192054226994514 0.193906739354134 0.194480031728745 0.194975182414055 0.195169731974602 0.195358380675316 0.195526346564293 0.195622324943542 0.195584610104561 0.19557312130928 0.195590227842331 0.195574298501015 0.195537015795708 0.195484027266502
0.185033217072487 0.184958383440971 0.186051353812218 0.187476456165314 0.187711611390114 0.187839210033417 0.188351690769196 0.188577473163605 0.187344938516617 0.186368197202682 0.186009109020233 0.186663553118706 0.188709437847137 0.19090823829174 0.193232133984566 0.194046691060066 0.194146320223808 0.194155514240265 0.194143116474152 0.194164097309113 0.194209113717079 0.194570630788803 0.194905132055283 0.19512651860714 0.195064589381218 0.194404497742653 0.194229066371918 0.194646000862122 0.194744274020195 0.194610446691513 0.192413985729218 0.189363330602646 0.191104561090469 0.193787753582001 0.194495692849159 0.195091545581818 0.195307210087776 0.195508271455765 0.195657998323441 0.195737391710281 0.195686146616936 0.195648699998856 0.195626318454742 0.195596441626549 0.195561721920967 0.195540517568588
0.188641965389252 0.189213484525681 0.190003424882889 0.190855488181114 0.190949782729149 0.190985456109047 0.191532984375954 0.191846802830696 0.190971717238426 0.190427973866463 0.190684244036674 0.191477730870247 0.193008705973625 0.193895146250725 0.194254249334335 0.194417774677277 0.194488644599915 0.194553837180138 0.194617673754692 0.194538101553917 0.194456055760384 0.194481030106544 0.19452591240406 0.194654107093811 0.194653734564781 0.194381952285767 0.194267392158508 0.194345012307167 0.19443479180336 0.194533422589302 0.192653372883797 0.189953863620758 0.191343933343887 0.193537935614586 0.194379717111588 0.195119768381119 0.195355042815208 0.195563957095146 0.195680186152458 0.195748001337051 0.195725858211517 0.195682808756828 0.195616960525513 0.19558285176754 0.195569306612015 0.195559978485107
0.191323727369308 0.192178636789322 0.192701533436775 0.193130016326904 0.193215429782867 0.193279728293419 0.193721815943718 0.194011002779007 0.193522334098816 0.193283200263977 0.193646594882011 0.194214880466461 0.195064470171928 0.195247307419777 0.19488462805748 0.194735914468765 0.194688573479652 0.194731518626213 0.194796055555344 0.194661512970924 0.194516733288765 0.194422081112862 0.194356083869934 0.194410011172295 0.194415330886841 0.194318071007729 0.194243729114532 0.194197416305542 0.194292575120926 0.194490760564804 0.19298392534256 0.190770998597145 0.191869586706161 0.193619161844254 0.194456726312637 0.195206165313721 0.195424556732178 0.195614263415337 0.195703104138374 0.195759609341621 0.195756062865257 0.195716112852097 0.195636481046677 0.195589855313301 0.195564582943916 0.195560067892075
0.193310245871544 0.194176316261292 0.194459185004234 0.194576174020767 0.19475169479847 0.194934979081154 0.195166289806366 0.195346355438232 0.195265829563141 0.195235028862953 0.195324301719666 0.195394232869148 0.195437580347061 0.195373386144638 0.195221185684204 0.195014372467995 0.194781705737114 0.194743737578392 0.194752305746078 0.194596961140633 0.194437742233276 0.194386139512062 0.19434329867363 0.194337144494057 0.194306269288063 0.194223195314407 0.194173589348793 0.194164872169495 0.194275796413422 0.19447386264801 0.193382874131203 0.191758066415787 0.192609950900078 0.193948686122894 0.194678470492363 0.195336192846298 0.19551032781601 0.195660531520844 0.195726558566093 0.195771977305412 0.195779129862785 0.195748820900917 0.195677682757378 0.19561231136322 0.1955506503582 0.195545643568039
0.19441556930542 0.195013120770454 0.195189744234085 0.195246651768684 0.195411488413811 0.195586651563644 0.195742532610893 0.195883736014366 0.19595031440258 0.195997565984726 0.195998206734657 0.195899784564972 0.195665374398232 0.19551482796669 0.195432886481285 0.19525183737278 0.195023864507675 0.194921538233757 0.194849252700806 0.194473654031754 0.194112077355385 0.194257944822311 0.194370597600937 0.194344207644463 0.194321855902672 0.194308012723923 0.194309204816818 0.194328784942627 0.19441545009613 0.194550976157188 0.193879261612892 0.192873239517212 0.193527847528458 0.194508910179138 0.195009827613831 0.195460006594658 0.195588067173958 0.195698022842407 0.195744320750237 0.195770770311356 0.195760324597359 0.195721209049225 0.195650845766068 0.195588961243629 0.195532575249672 0.195539057254791
0.195143237709999 0.195352405309677 0.19548012316227 0.195584684610367 0.195695638656616 0.195808216929436 0.195946678519249 0.196079105138779 0.196180924773216 0.196250423789024 0.19624188542366 0.19611656665802 0.195830881595612 0.195662841200829 0.195591077208519 0.195471733808517 0.195329874753952 0.195170298218727 0.195006489753723 0.194325178861618 0.193680703639984 0.194090217351913 0.194415047764778 0.194385528564453 0.194390878081322 0.194469839334488 0.194533005356789 0.194576904177666 0.194622159004211 0.194668412208557 0.194417417049408 0.194043308496475 0.194521844387054 0.195168003439903 0.195388182997704 0.195581153035164 0.195662349462509 0.195731744170189 0.195759668946266 0.195763751864433 0.195723578333855 0.1956677287817 0.195594817399979 0.195545986294746 0.195512726902962 0.195535823702812
0.195507660508156 0.19556987285614 0.195709258317947 0.195870608091354 0.19596703350544 0.196061596274376 0.196285456418991 0.196451246738434 0.196321666240692 0.196214377880096 0.196160867810249 0.196041271090508 0.195830926299095 0.195701882243156 0.195639371871948 0.195560470223427 0.195473805069923 0.195332631468773 0.195178419351578 0.194696292281151 0.194233700633049 0.19438336789608 0.194463685154915 0.194253787398338 0.194134876132011 0.194208040833473 0.194276556372643 0.194339409470558 0.194447949528694 0.194589778780937 0.194608345627785 0.194575861096382 0.194914251565933 0.195325523614883 0.195464909076691 0.195589289069176 0.195665642619133 0.19572888314724 0.195746034383774 0.195743232965469 0.195703372359276 0.195638656616211 0.195546850562096 0.195504412055016 0.195493936538696 0.195533961057663
0.195796951651573 0.195762127637863 0.19592572748661 0.196145758032799 0.196235775947571 0.196321561932564 0.196652084589005 0.196859940886497 0.196443825960159 0.19611856341362 0.196012675762177 0.195905551314354 0.195796743035316 0.195718377828598 0.195664942264557 0.195622071623802 0.195584192872047 0.195477053523064 0.195353373885155 0.195174902677536 0.19499035179615 0.194771856069565 0.19451317191124 0.194086238741875 0.193811640143394 0.193858593702316 0.193920746445656 0.194001451134682 0.194194942712784 0.194470569491386 0.194727435708046 0.194976508617401 0.195182174444199 0.195379287004471 0.195479214191437 0.195574045181274 0.19565424323082 0.195718452334404 0.19572639465332 0.19571989774704 0.195686608552933 0.195614635944366 0.195500537753105 0.195463135838509 0.195475354790688 0.195532366633415
0.19621767103672 0.196124270558357 0.196351587772369 0.19667012989521 0.196801736950874 0.196904197335243 0.196736454963684 0.196521058678627 0.196063324809074 0.195721805095673 0.195660933852196 0.195685312151909 0.1958267390728 0.195849776268005 0.195775926113129 0.195742189884186 0.195727452635765 0.195617198944092 0.195484131574631 0.195322707295418 0.195159554481506 0.194999694824219 0.194828540086746 0.194610059261322 0.194472670555115 0.194506451487541 0.19454587996006 0.194592192769051 0.194719836115837 0.194906696677208 0.195075392723083 0.195236563682556 0.195349112153053 0.195452108979225 0.195515155792236 0.19557648897171 0.195635542273521 0.195681884884834 0.195683598518372 0.195676043629646 0.195651262998581 0.19560818374157 0.19554515182972 0.195511162281036 0.195495992898941 0.195549070835114
0.196580141782761 0.196440398693085 0.196716964244843 0.197111904621124 0.197279170155525 0.197395160794258 0.196756184101105 0.196145206689835 0.195676654577255 0.19534008204937 0.195322260260582 0.195463269948959 0.195822343230247 0.195952072739601 0.195894151926041 0.19587653875351 0.195878013968468 0.195762202143669 0.195618361234665 0.19546289741993 0.195311069488525 0.195223584771156 0.195150703191757 0.195138901472092 0.19513738155365 0.195157572627068 0.195174306631088 0.195186793804169 0.195250421762466 0.195351287722588 0.195428296923637 0.195495441555977 0.19552019238472 0.195536598563194 0.195561170578003 0.195586979389191 0.195622116327286 0.195648685097694 0.195645108819008 0.195636406540871 0.195618197321892 0.195602566003799 0.195589736104012 0.1955596357584 0.195518344640732 0.195565208792686
0.196258515119553 0.196184769272804 0.196337044239044 0.196553602814674 0.196670427918434 0.196754202246666 0.19622141122818 0.195732146501541 0.195464253425598 0.195262432098389 0.195220127701759 0.195262268185616 0.19542033970356 0.195689231157303 0.19604879617691 0.196134731173515 0.196091070771217 0.195961192250252 0.195810720324516 0.195680037140846 0.195554375648499 0.195482015609741 0.19541834294796 0.195391058921814 0.195371240377426 0.19536717236042 0.195369258522987 0.195378854870796 0.19547013938427 0.195620909333229 0.195724666118622 0.195808947086334 0.195783495903015 0.195736467838287 0.195704162120819 0.195674791932106 0.195668667554855 0.195663824677467 0.195663511753082 0.195651575922966 0.195618078112602 0.195597380399704 0.195590659976006 0.195569947361946 0.195540204644203 0.195566609501839
0.196001976728439 0.195986047387123 0.195992410182953 0.19600510597229 0.196063756942749 0.196110680699348 0.19571378827095 0.195365279912949 0.195262923836708 0.195173665881157 0.195116072893143 0.19508296251297 0.195083484053612 0.195420205593109 0.196032002568245 0.196184977889061 0.196120649576187 0.195998102426529 0.195861637592316 0.1957688331604 0.195682495832443 0.195646658539772 0.195614606142044 0.195598423480988 0.195583388209343 0.195570766925812 0.195573881268501 0.195596218109131 0.195705354213715 0.195877715945244 0.195988833904266 0.196074604988098 0.195996820926666 0.195886880159378 0.195801720023155 0.195722013711929 0.195686519145966 0.195659130811691 0.195660248398781 0.195648923516273 0.195614546537399 0.195595517754555 0.195593252778053 0.195580765604973 0.195561677217484 0.195561826229095
0.19598414003849 0.195996046066284 0.195777133107185 0.195492595434189 0.195464730262756 0.195457756519318 0.195305734872818 0.195167899131775 0.195102095603943 0.195044115185738 0.195004999637604 0.194983288645744 0.194985494017601 0.195128455758095 0.195386588573456 0.19547276198864 0.195477470755577 0.195440664887428 0.195393934845924 0.19538702070713 0.195388212800026 0.195467442274094 0.195549175143242 0.195641487836838 0.195715844631195 0.195752337574959 0.195813968777657 0.195906311273575 0.19599737226963 0.19608747959137 0.196134999394417 0.196164861321449 0.196026921272278 0.195856004953384 0.195732623338699 0.195620328187943 0.195599138736725 0.195581719279289 0.195577532052994 0.195580944418907 0.195598468184471 0.195605784654617 0.195601984858513 0.195593357086182 0.195581629872322 0.195534348487854
