Ecospace-environmental-drivers/Outputs/ASCII-for-ecospace/MOM6-ISIMIP3a/o2-bot/2007-05_o2-bot_MOM6-ISIMIP3a.asc
NCOLS 131 
NROWS 53 
XLLCORNER -98 
YLLCORNER 23.9265270233154 
CELLSIZE 0.133587792515755 
NODATA_value -9999 
[rows 0 to 20 of 53, columns 46 to 91 of 131]
-9999 -9999 -9999 -9999 -9999 -9999 -9999 -9999 -9999 -9999 -9999 -9999 -9999 -9999 -9999 -9999 -9999 -9999 -9999 -9999 -9999 -9999 -9999 -9999 -9999 -9999 -9999 -9999 -9999 -9999 -9999 -9999 -9999 -9999 -9999 -9999 -9999 -9999 -9999 -9999 -9999 -9999 -9999 -9999 -9999 -9999
-9999 -9999 -9999 -9999 -9999 -9999 -9999 -9999 -9999 -9999 -9999 -9999 -9999 -9999 -9999 -9999 -9999 -9999 -9999 -9999 -9999 -9999 -9999 -9999 -9999 -9999 -9999 -9999 -9999 -9999 -9999 -9999 -9999 -9999 -9999 -9999 -9999 -9999 -9999 -9999 -9999 -9999 -9999 -9999 -9999 -9999
-9999 -9999 -9999 -9999 -9999 -9999 -9999 -9999 -9999 -9999 -9999 -9999 -9999 -9999 -9999 -9999 -9999 -9999 -9999 -9999 -9999 -9999 -9999 -9999 -9999 -9999 -9999 -9999 0.226526826620102 0.226713359355927 -9999 -9999 -9999 -9999 -9999 -9999 -9999 -9999 -9999 -9999 -9999 -9999 -9999 -9999 -9999 -9999
-9999 -9999 -9999 -9999 -9999 -9999 -9999 -9999 -9999 -9999 -9999 -9999 -9999 -9999 -9999 -9999 -9999 -9999 -9999 -9999 -9999 -9999 -9999 -9999 -9999 -9999 -9999 -9999 0.226999878883362 0.22699011862278 -9999 -9999 -9999 -9999 -9999 -9999 -9999 -9999 -9999 -9999 -9999 -9999 -9999 -9999 -9999 -9999
-9999 -9999 -9999 -9999 -9999 -9999 -9999 -9999 -9999 -9999 -9999 -9999 -9999 -9999 -9999 -9999 -9999 -9999 -9999 0.21841835975647 0.217938974499702 0.217555478215218 0.215318411588669 0.214264661073685 0.214655190706253 0.218205705285072 0.223095610737801 0.226177185773849 0.22749862074852 0.227323830127716 0.226147904992104 -9999 -9999 0.224333897233009 0.224564343690872 0.224861145019531 0.225165247917175 0.225565120577812 0.225964069366455 0.226121187210083 0.225906386971474 0.225391507148743 0.224676057696342 -9999 -9999 -9999
-9999 -9999 -9999 -9999 -9999 -9999 -9999 -9999 -9999 -9999 -9999 -9999 -9999 -9999 -9999 0.189790487289429 -9999 0.193038016557693 0.195777490735054 0.207469895482063 0.21841835975647 0.217843100428581 0.217555478215218 0.21308134496212 0.212157145142555 0.218727096915245 0.223732858896255 0.22682686150074 0.227971836924553 0.227697148919106 0.22630250453949 0.224444046616554 0.22418911755085 0.224249392747879 0.22456319630146 0.224880456924438 0.225139766931534 0.225475519895554 0.226080060005188 0.226336613297462 0.225946888327599 0.225435644388199 0.224792003631592 0.223800510168076 0.222583934664726 -9999
-9999 -9999 -9999 -9999 -9999 -9999 -9999 -9999 -9999 -9999 -9999 0.16064527630806 0.160760328173637 0.160648450255394 0.159851610660553 0.174061164259911 0.189483448863029 0.190097510814667 0.193239063024521 0.195777490735054 0.208213821053505 0.21841835975647 0.217555478215218 0.21308134496212 0.212157145142555 0.218727096915245 0.223732858896255 0.22682686150074 0.227971836924553 0.227697148919106 0.22630250453949 0.224444046616554 0.22418911755085 0.224249392747879 0.22456319630146 0.224880456924438 0.225139766931534 0.225475519895554 0.226080060005188 0.226336613297462 0.225946888327599 0.225435644388199 0.224792003631592 0.223800510168076 0.222583934664726 0.222262412309647
-9999 -9999 -9999 -9999 -9999 -9999 -9999 -9999 -9999 -9999 -9999 0.16002844274044 0.16064527630806 0.160875365138054 -9999 0.158254772424698 0.172045394778252 0.188869386911392 0.190097510814667 0.193842172622681 0.195777490735054 0.210445627570152 0.221787855029106 0.21921081840992 0.214924767613411 0.20703087747097 0.205501273274422 0.211750134825706 0.216534018516541 0.220250815153122 0.222414821386337 0.223935768008232 0.224454700946808 0.224776685237885 0.225324586033821 0.225804284214973 0.225535973906517 0.225200146436691 0.224626839160919 0.224439203739166 0.224967747926712 0.225215598940849 0.225157618522644 0.224569603800774 0.223638623952866 0.22347891330719
-9999 -9999 -9999 -9999 -9999 -9999 -9999 -9999 -9999 -9999 -9999 -9999 -9999 -9999 -9999 0.159523323178291 0.154135555028915 0.167601183056831 0.187641263008118 0.190097510814667 0.195651531219482 0.212726011872292 0.226417556405067 0.225951164960861 0.218157038092613 0.194893553853035 0.186215966939926 0.195365354418755 0.203904792666435 0.211999952793121 0.218090459704399 0.223350763320923 0.224753886461258 0.225398778915405 0.226106196641922 0.226667463779449 0.225778296589851 0.224692970514297 0.222917929291725 0.22230027616024 0.223832011222839 0.22492328286171 0.225534662604332 0.225401252508163 0.224785953760147 0.224231138825417
0.218882173299789 0.218997597694397 -9999 -9999 -9999 -9999 -9999 -9999 -9999 -9999 -9999 0.193812370300293 0.159396201372147 -9999 -9999 -9999 0.156359061598778 0.14448194205761 0.159426137804985 0.18518503010273 0.186223328113556 0.209468826651573 0.228566288948059 0.23030386865139 0.22673188149929 0.211951032280922 0.199987664818764 0.191467866301537 0.193979933857918 0.20452743768692 0.21360670030117 0.222077921032906 0.225191473960876 0.227251827716827 0.224698752164841 0.221978172659874 0.219290316104889 0.217343986034393 0.218004956841469 0.219118073582649 0.221070885658264 0.223004832863808 0.224918231368065 0.225453764200211 0.225097745656967 0.224648296833038
0.218760803341866 0.21923440694809 0.21926936507225 -9999 -9999 -9999 -9999 -9999 -9999 -9999 -9999 0.210613638162613 0.189266011118889 0.159396201372147 -9999 -9999 0.162486016750336 0.145945876836777 0.125013947486877 0.150888323783875 0.179901689291 0.207800850272179 0.230946570634842 0.234198674559593 0.233771532773972 0.225577250123024 0.211405798792839 0.189928978681564 0.187748908996582 0.199624270200729 0.210322320461273 0.220532819628716 0.224760234355927 0.227811515331268 0.222631245851517 0.216864913702011 0.208351507782936 0.203216329216957 0.209959238767624 0.215289622545242 0.217996746301651 0.220987364649773 0.22428685426712 0.225481256842613 0.225313559174538 0.22496497631073
0.218760803341866 0.21923440694809 0.219339281320572 0.219380453228951 0.220195740461349 -9999 -9999 -9999 -9999 -9999 -9999 -9999 0.204118132591248 0.181912049651146 0.159396201372147 0.16064527630806 0.162486016750336 0.145945876836777 0.125013947486877 0.156171098351479 0.190243154764175 0.214657172560692 0.234568804502487 0.235637411475182 0.232576757669449 0.220798924565315 0.210199773311615 0.201041206717491 0.2013308852911 0.208502531051636 0.213471114635468 0.217527329921722 0.219668820500374 0.221433907747269 0.217023313045502 0.209477558732033 0.173539310693741 0.152729153633118 0.185110062360764 0.207994684576988 0.213243693113327 0.218438863754272 0.223575383424759 0.22537462413311 0.225014492869377 0.224742785096169
0.218450963497162 0.218707919120789 0.218911364674568 0.21909961104393 0.220171540975571 -9999 -9999 -9999 -9999 0.221819683909416 0.215542659163475 0.210892975330353 0.208477422595024 0.192983984947205 0.16679060459137 0.159860864281654 0.162055894732475 0.148868203163147 0.13200506567955 0.164836645126343 0.200071856379509 0.220601871609688 0.236461535096169 0.232775270938873 0.226396352052689 0.21433299779892 0.204363912343979 0.196954429149628 0.195979237556458 0.199690669775009 0.202212333679199 0.204241260886192 0.205497860908508 0.20660263299942 0.201469883322716 0.192133590579033 0.14399017393589 0.115884907543659 0.158234745264053 0.187757551670074 0.193459182977676 0.199174731969833 0.204905465245247 0.212281763553619 0.220722809433937 0.22345919907093
0.217366471886635 0.21686515212059 0.217737197875977 0.218999847769737 0.220171540975571 0.221316054463387 0.22197762131691 0.222629472613335 0.223231941461563 0.221819683909416 0.215542659163475 0.210892975330353 0.208477422595024 0.191929802298546 0.16381973028183 0.157115399837494 0.160550475120544 0.159096494317055 0.156474351882935 0.181959271430969 0.208618625998497 0.224267452955246 0.234030455350876 0.219160750508308 0.207751601934433 0.203648000955582 0.186953186988831 0.154869347810745 0.143292486667633 0.146652609109879 0.154933884739876 0.165253162384033 0.168627545237541 0.170636743307114 0.161052227020264 0.149897590279579 0.127598941326141 0.113148733973503 0.126294001936913 0.135164216160774 0.136095240712166 0.138120666146278 0.141338497400284 0.166722595691681 0.206449344754219 0.219522073864937
0.200851917266846 0.202145576477051 0.208809971809387 0.217001795768738 0.218391388654709 0.219080850481987 0.219666570425034 0.220327854156494 0.221373602747917 0.220154777169228 0.213467851281166 0.20993535220623 0.210733473300934 0.196930035948753 0.171179994940758 0.163583964109421 0.164587095379829 0.168371200561523 0.172819778323174 0.193201929330826 0.213812038302422 0.221808224916458 0.223027557134628 0.195885017514229 0.177831932902336 0.178967356681824 0.164794310927391 0.131911143660545 0.121496044099331 0.127446368336678 0.138579905033112 0.151859998703003 0.154235884547234 0.154468283057213 0.14054548740387 0.126712501049042 0.118877731263638 0.111949488520622 0.10820859670639 0.104928106069565 0.1025026217103 0.101921997964382 0.103351429104805 0.136047512292862 0.188974604010582 0.209694519639015
0.162522062659264 0.16922053694725 0.188921302556992 0.212319940328598 0.214094400405884 0.213685482740402 0.214088097214699 0.214772179722786 0.216887935996056 0.216135993599892 0.20845964550972 0.207623839378357 0.21617916226387 0.210490077733994 0.193146571516991 0.183079496026039 0.176459118723869 0.176297724246979 0.17767958343029 0.196131378412247 0.214264392852783 0.210689663887024 0.199905663728714 0.158950135111809 0.131971567869186 0.134499460458755 0.135922387242317 0.135994806885719 0.143372818827629 0.156072109937668 0.165947481989861 0.174653366208076 0.171624913811684 0.166289761662483 0.148189127445221 0.130461916327477 0.121000528335571 0.112923175096512 0.10971213132143 0.106301009654999 0.102518320083618 0.100864343345165 0.101529680192471 0.126415759325027 0.166973814368248 0.191538959741592
0.143467530608177 0.148111149668694 0.170736655592918 0.198476210236549 0.206126242876053 0.211523741483688 0.21162460744381 0.210616573691368 0.203967645764351 0.198320180177689 0.19509083032608 0.199785441160202 0.215358644723892 0.214854076504707 0.201195120811462 0.191200986504555 0.182942792773247 0.182470858097076 0.183859318494797 0.196904912590981 0.208593621850014 0.188877001404762 0.167359188199043 0.138303160667419 0.120766967535019 0.127550095319748 0.137205749750137 0.150372236967087 0.162904962897301 0.174976050853729 0.181949377059937 0.186811521649361 0.181175753474236 0.173476338386536 0.15381808578968 0.134597972035408 0.123984113335609 0.114873744547367 0.111049748957157 0.107356049120426 0.103904329240322 0.102376379072666 0.102944433689117 0.117872968316078 0.142093420028687 0.168213352560997
0.140645101666451 0.136951923370361 0.153986975550652 0.176917120814323 0.195066526532173 0.212085098028183 0.211784303188324 0.207640007138252 0.183944404125214 0.168885618448257 0.174681350588799 0.187292754650116 0.209261193871498 0.211473912000656 0.197523027658463 0.189744159579277 0.184888824820518 0.187167435884476 0.191150590777397 0.195862948894501 0.197766453027725 0.158058643341064 0.126876071095467 0.131372511386871 0.13874663412571 0.152195766568184 0.163883447647095 0.173418238759041 0.180462643504143 0.185693085193634 0.188380002975464 0.190013572573662 0.184125915169716 0.176759779453278 0.157750427722931 0.139059618115425 0.127692565321922 0.117646969854832 0.112247638404369 0.108143404126167 0.106444306671619 0.10605239123106 0.107084698975086 0.110247209668159 0.114788055419922 0.140533939003944
0.158825635910034 0.15480849146843 0.164322912693024 0.177685707807541 0.192620515823364 0.207141324877739 0.20614093542099 0.202152818441391 0.182966560125351 0.171672835946083 0.179436475038528 0.190431460738182 0.205862671136856 0.207006007432938 0.196459367871284 0.180060565471649 0.160889700055122 0.160015508532524 0.163513019680977 0.164848536252975 0.164153635501862 0.136068046092987 0.117054730653763 0.136009827256203 0.153474971652031 0.167794674634933 0.178490117192268 0.184755951166153 0.188597217202187 0.190672487020493 0.191390410065651 0.191546186804771 0.186758160591125 0.180998295545578 0.162886887788773 0.145006328821182 0.133849516510963 0.123485736548901 0.115910351276398 0.110483132302761 0.109045289456844 0.108674377202988 0.109465934336185 0.109344191849232 0.108631499111652 0.124448902904987
0.187284395098686 0.186864525079727 0.18791376054287 0.189380794763565 0.194389775395393 0.199503511190414 0.197657719254494 0.195436984300613 0.191308960318565 0.190228432416916 0.196506410837173 0.201219692826271 0.203784912824631 0.20200577378273 0.196672201156616 0.166351020336151 0.124193772673607 0.11727786809206 0.118782304227352 0.119166523218155 0.119390204548836 0.118397481739521 0.122238330543041 0.14630813896656 0.166612178087234 0.178966358304024 0.187189593911171 0.190363958477974 0.192120417952538 0.192844077944756 0.192727029323578 0.192261829972267 0.18923482298851 0.185704216361046 0.168612584471703 0.151679798960686 0.141204670071602 0.130824685096741 0.120779268443584 0.113582536578178 0.111676126718521 0.11078055948019 0.110986344516277 0.111731082201004 0.11282454431057 0.114037804305553
0.2011848539114 0.202132865786552 0.202046945691109 0.201666966080666 0.203090965747833 0.204569146037102 0.202525466680527 0.200690016150475 0.199913859367371 0.200392439961433 0.203900679945946 0.206207245588303 0.206864088773727 0.203362703323364 0.196459144353867 0.162139371037483 0.114833116531372 0.11286923289299 0.121739149093628 0.124570779502392 0.12714546918869 0.132018014788628 0.13984303176403 0.160024389624596 0.176349878311157 0.184535264968872 0.189988374710083 0.192102059721947 0.193158730864525 0.1934455037117 0.19325578212738 0.19286872446537 0.191338360309601 0.189583256840706 0.18000727891922 0.170394733548164 0.16325406730175 0.154254153370857 0.138716995716095 0.126582339406013 0.1207664757967 0.116762280464172 0.114731952548027 0.113882638514042 0.113797508180141 0.112600192427635
