Ecospace-environmental-drivers/Outputs/ASCII-for-ecospace/MOM6-ISIMIP3a/o2-bot/2008-04_o2-bot_MOM6-ISIMIP3a.asc
NCOLS 131 
NROWS 53 
XLLCORNER -98 
YLLCORNER 23.9265270233154 
CELLSIZE 0.133587792515755 
NODATA_value -9999 
[rows 21 to 41 of 53, columns 0 to 45 of 131]
-9999 -9999 -9999 -9999 -9999 -9999 0.231572672724724 0.23179367184639 0.232111752033234 0.232730776071548 0.231897830963135 0.233564913272858 0.233778208494186 0.234413549304008 0.230193018913269 0.220369532704353 0.209388837218285 0.197613403201103 0.196803495287895 0.20022776722908 0.203659921884537 0.207093477249146 0.207593649625778 0.208180114626884 0.210020944476128 0.211774721741676 0.213246196508408 0.21449288725853 0.215347290039062 0.215754061937332 0.2157002389431 0.216103360056877 0.216784849762917 0.217396333813667 0.21798449754715 0.218254536390305 0.218479469418526 0.218545645475388 0.21863417327404 0.218865051865578 0.219150424003601 0.219587504863739 0.219410210847855 0.218283414840698 0.217906191945076 0.218216896057129
-9999 -9999 -9999 -9999 -9999 -9999 0.231520280241966 0.231572672724724 0.232014685869217 0.232128888368607 0.232730776071548 0.229397803544998 0.226024016737938 0.222569495439529 0.218953505158424 0.215151205658913 0.210207760334015 0.20448063313961 0.205575361847878 0.209304258227348 0.211830139160156 0.214143738150597 0.213343411684036 0.212706193327904 0.213996261358261 0.215186432003975 0.21605272591114 0.216782584786415 0.217274367809296 0.217547550797462 0.217595770955086 0.217882931232452 0.218315616250038 0.21881790459156 0.219343364238739 0.218790009617805 0.218090176582336 0.21775871515274 0.217497676610947 0.217685237526894 0.217859193682671 0.217995315790176 0.217822253704071 0.21717132627964 0.216928213834763 0.21705935895443
-9999 -9999 -9999 -9999 0.230118855834007 0.231003358960152 0.231503218412399 0.231484964489937 0.231572672724724 0.232456684112549 0.231755450367928 0.224986508488655 0.218004956841469 0.210602685809135 0.207877784967422 0.21054981648922 0.211810648441315 0.212102353572845 0.215055018663406 0.21903520822525 0.219536289572716 0.219423413276672 0.216413497924805 0.213745281100273 0.214453041553497 0.215044438838959 0.215258553624153 0.215746700763702 0.216713070869446 0.217483088374138 0.218051075935364 0.218412682414055 0.218648567795753 0.219055339694023 0.219519063830376 0.218227922916412 0.216695860028267 0.215386718511581 0.214182212948799 0.213644132018089 0.213135465979576 0.212708726525307 0.212421134114265 0.212348610162735 0.212306648492813 0.212292745709419
-9999 -9999 -9999 -9999 0.228133097290993 0.229835733771324 0.230503499507904 0.231503218412399 0.231378987431526 0.229797944426537 0.227237612009048 0.220928937196732 0.215919762849808 0.213481917977333 0.212705761194229 0.213846936821938 0.213972166180611 0.213399708271027 0.214808538556099 0.216982424259186 0.211245521903038 0.204112619161606 0.182750970125198 0.163360640406609 0.162994131445885 0.162507191300392 0.161629691720009 0.16682069003582 0.182601749897003 0.195990204811096 0.206916704773903 0.210900634527206 0.210655212402344 0.210690900683403 0.210820287466049 0.21093338727951 0.210957601666451 0.198941707611084 0.186748221516609 0.173423752188683 0.162118420004845 0.156433910131454 0.152935564517975 0.15281580388546 0.152913317084312 0.153210237622261
-9999 -9999 -9999 -9999 -9999 0.228133097290993 0.229203134775162 0.229503780603409 0.230528205633163 0.22664600610733 0.222493931651115 0.217308923602104 0.214263126254082 0.21545022726059 0.213952869176865 0.209358081221581 0.20617501437664 0.203961417078972 0.205056309700012 0.207428738474846 0.198417842388153 0.187398135662079 0.154749572277069 0.125041142106056 0.123780369758606 0.122480615973473 0.121054485440254 0.129406750202179 0.154823198914528 0.175892397761345 0.192488372325897 0.197898492217064 0.196494296193123 0.196070164442062 0.195972725749016 0.197255998849869 0.198588743805885 0.180278986692429 0.161621361970901 0.140748456120491 0.123132452368736 0.114582866430283 0.109325312077999 0.109155423939228 0.109451681375504 0.110175758600235
-9999 -9999 -9999 -9999 -9999 0.228417634963989 0.228133097290993 0.227672412991524 0.226796224713326 0.221331477165222 0.216759964823723 0.215607464313507 0.214485600590706 0.213424384593964 0.199498891830444 0.170730009675026 0.154711902141571 0.147450312972069 0.153624087572098 0.16498576104641 0.165697023272514 0.164528831839561 0.151570662856102 0.139624014496803 0.138258084654808 0.137309834361076 0.137715846300125 0.142470002174377 0.154812008142471 0.161911636590958 0.163616940379143 0.160823836922646 0.155290335416794 0.154017314314842 0.15416444838047 0.155591562390327 0.157146587967873 0.151892200112343 0.146610677242279 0.141156315803528 0.136899426579475 0.135975986719131 0.135323911905289 0.135091215372086 0.135846093297005 0.137507408857346
-9999 -9999 0.228906720876694 0.228880420327187 0.228891015052795 0.228702515363693 0.228417292237282 0.225310087203979 0.221911892294884 0.216843008995056 0.213153898715973 0.21474589407444 0.213150322437286 0.205247461795807 0.181532651185989 0.139573365449905 0.118039213120937 0.11053191870451 0.121321782469749 0.139176845550537 0.146630048751831 0.152247622609138 0.152900412678719 0.153234496712685 0.151818588376045 0.15107299387455 0.15250089764595 0.154450058937073 0.157308921217918 0.154742553830147 0.146593764424324 0.139175161719322 0.132201388478279 0.130827635526657 0.13132056593895 0.132686197757721 0.134185567498207 0.137509971857071 0.141052901744843 0.145987451076508 0.150616466999054 0.154394909739494 0.156833469867706 0.157201334834099 0.158484905958176 0.160608932375908
-9999.000000000000000 -9999 -9999 -9999 0.229047730565071 0.229079514741898 0.229253262281418 0.221789240837097 0.214513286948204 0.214156925678253 0.214190542697906 0.21571683883667 0.208416238427162 0.183649733662605 0.155903235077858 0.124718315899372 0.113637074828148 0.116361923515797 0.130758121609688 0.14966107904911 0.157353729009628 0.163068115711212 0.164067462086678 0.164723366498947 0.163377836346626 0.162510186433792 0.163192063570023 0.164066791534424 0.165278092026711 0.162435561418533 0.155421748757362 0.151183724403381 0.148636683821678 0.148794651031494 0.149854272603989 0.150710359215736 0.15154767036438 0.153683602809906 0.156119957566261 0.160469532012939 0.164224565029144 0.16632454097271 0.168548598885536 0.170964419841766 0.172929525375366 0.174480974674225
-9999 -9999 -9999 -9999 0.229190140962601 0.229361161589622 0.229500040411949 0.219292461872101 0.209617018699646 0.21256797015667 0.215074598789215 0.215880557894707 0.203205704689026 0.163856148719788 0.134720742702484 0.117370866239071 0.115947812795639 0.125462427735329 0.140564978122711 0.157825261354446 0.165924713015556 0.172407567501068 0.173539593815804 0.17430679500103 0.173010185360909 0.171938821673393 0.171597823500633 0.171467497944832 0.171704858541489 0.169149771332741 0.163721352815628 0.161716222763062 0.161796525120735 0.162820816040039 0.164159759879112 0.164670348167419 0.165074482560158 0.16659277677536 0.168375849723816 0.171845123171806 0.17479644715786 0.176305964589119 0.178373962640762 0.181305095553398 0.183267861604691 0.184341862797737
-9999 -9999 -9999 -9999 0.229245454072952 0.229129731655121 0.228986844420433 0.218084037303925 0.20786888897419 0.21235927939415 0.215766653418541 0.215028703212738 0.197395741939545 0.146332308650017 0.119132816791534 0.119468584656715 0.126703917980194 0.138677477836609 0.150837972760201 0.163070648908615 0.171787425875664 0.179883748292923 0.180879428982735 0.181493028998375 0.18021833896637 0.178840517997742 0.177128329873085 0.176080271601677 0.176191136240959 0.174632579088211 0.171356216073036 0.170391708612442 0.170835554599762 0.171889066696167 0.173145800828934 0.173517271876335 0.173776179552078 0.175395011901855 0.1770950704813 0.179312482476234 0.1815485060215 0.183836370706558 0.185821875929832 0.18734011054039 0.188440158963203 0.189156413078308
-9999 -9999 -9999 -9999 0.229129731655121 0.228956758975983 0.228753715753555 0.218919917941093 0.209719762206078 0.2140202075243 0.217067718505859 0.215319514274597 0.197354674339294 0.147301658987999 0.12143562734127 0.123477600514889 0.134116068482399 0.150658130645752 0.161566361784935 0.170299142599106 0.177634686231613 0.184723645448685 0.185659691691399 0.186203166842461 0.184598103165627 0.182824015617371 0.180501893162727 0.179084494709969 0.179245933890343 0.178859204053879 0.177908435463905 0.177776262164116 0.178142786026001 0.178791955113411 0.17953534424305 0.180061921477318 0.180566474795341 0.182173535227776 0.183729082345963 0.184956520795822 0.186429932713509 0.188588052988052 0.190178856253624 0.190892890095711 0.191485673189163 0.191967144608498
-9999 -9999 -9999 -9999 0.228946730494499 0.228753715753555 0.222294807434082 0.221289053559303 0.214269950985909 0.217083394527435 0.218825548887253 0.216467350721359 0.201640337705612 0.162141084671021 0.137156665325165 0.128920093178749 0.139020219445229 0.161712974309921 0.172636285424232 0.17901499569416 0.183470353484154 0.187586307525635 0.188520237803459 0.189056202769279 0.186856552958488 0.184618845582008 0.182257696986198 0.180882290005684 0.181227073073387 0.182143673300743 0.183648645877838 0.184192627668381 0.184151187539101 0.184070825576782 0.183977484703064 0.184879839420319 0.185923188924789 0.187434270977974 0.188799157738686 0.189233049750328 0.189908355474472 0.191255643963814 0.192217588424683 0.192583993077278 0.192936077713966 0.193274989724159
-9999 -9999 -9999 -9999 0.228753715753555 0.223853632807732 0.221562623977661 0.220216557383537 0.219504326581955 0.219069182872772 0.21834272146225 0.216501131653786 0.204739049077034 0.17334708571434 0.149950832128525 0.135780394077301 0.142688050866127 0.164070978760719 0.175107032060623 0.182147771120071 0.186049416661263 0.189397096633911 0.190327510237694 0.190966188907623 0.189614668488503 0.188197359442711 0.186566695570946 0.185504198074341 0.185433253645897 0.186095327138901 0.187511697411537 0.187974482774734 0.187856361269951 0.187679037451744 0.187481969594955 0.188508048653603 0.189702287316322 0.190772578120232 0.191722989082336 0.191909968852997 0.192234292626381 0.192940950393677 0.193451076745987 0.193657472729683 0.19386850297451 0.194083794951439
-9999 -9999 -9999 -9999 -9999 0.222834810614586 0.222803384065628 0.223182246088982 0.225031942129135 0.220593258738518 0.216899573802948 0.216057479381561 0.207329079508781 0.18299588561058 0.161490619182587 0.143248319625854 0.145826011896133 0.162701711058617 0.173892334103584 0.182887747883797 0.187232747673988 0.19075708091259 0.191683396697044 0.192471981048584 0.192586928606033 0.192540317773819 0.19196991622448 0.19133648276329 0.190593019127846 0.190332934260368 0.19057023525238 0.190627232193947 0.190574422478676 0.190571248531342 0.190584614872932 0.191626384854317 0.192805275321007 0.193287000060081 0.193727001547813 0.193901315331459 0.194066300988197 0.194205269217491 0.194339454174042 0.19446624815464 0.194578945636749 0.194678708910942
-9999 -9999 -9999 -9999 -9999 0.223535120487213 0.22413843870163 0.225011348724365 0.22470723092556 0.219792306423187 0.215775027871132 0.215193554759026 0.207177296280861 0.184449717402458 0.163535922765732 0.144714936614037 0.146562084555626 0.162602946162224 0.173275038599968 0.18187403678894 0.186907023191452 0.191310718655586 0.192530229687691 0.1935955286026 0.193956851959229 0.194154337048531 0.193820610642433 0.193440437316895 0.192979201674461 0.192731812596321 0.192704483866692 0.192686289548874 0.192673683166504 0.192737624049187 0.192827075719833 0.193468987941742 0.194184005260468 0.194447830319405 0.194686874747276 0.194768086075783 0.194831237196922 0.194844126701355 0.194878488779068 0.19494603574276 0.195005655288696 0.195058017969131
-9999 -9999 -9999 -9999 -9999 0.223196551203728 0.223663553595543 0.224221736192703 0.223171681165695 0.218510299921036 0.214716374874115 0.214242666959763 0.206458255648613 0.184208020567894 0.163616821169853 0.144939869642258 0.146801188588142 0.162767052650452 0.172781318426132 0.180497467517853 0.186269074678421 0.191697522997856 0.193271741271019 0.194639980792999 0.194995254278183 0.195203736424446 0.194936275482178 0.194773003458977 0.19479151070118 0.194750264286995 0.194647490978241 0.194622501730919 0.194644898176193 0.19475382566452 0.194891571998596 0.195047646760941 0.195205971598625 0.195328608155251 0.195430740714073 0.195402175188065 0.195375397801399 0.195353582501411 0.195345237851143 0.195357739925385 0.19537365436554 0.195392698049545
-9999 -9999 -9999 -9999 -9999 -9999 0.221787646412849 0.22175757586956 0.221441864967346 0.217666730284691 0.214529037475586 0.213831216096878 0.205790340900421 0.183219611644745 0.16155731678009 0.140943184494972 0.142199039459229 0.158474013209343 0.169160187244415 0.17768831551075 0.185377076268196 0.192917704582214 0.194273918867111 0.195405825972557 0.195797145366669 0.196016684174538 0.195679247379303 0.195455193519592 0.195429027080536 0.195372134447098 0.195283651351929 0.195242002606392 0.195228904485703 0.195267751812935 0.195323914289474 0.195385158061981 0.195448696613312 0.19573238492012 0.195969417691231 0.195909336209297 0.195861995220184 0.195850163698196 0.195837736129761 0.195824414491653 0.195815488696098 0.195810601115227
-9999 -9999 -9999 -9999 -9999 -9999 0.219940140843391 0.219383612275124 0.219739332795143 0.216875687241554 0.214417308568954 0.213510110974312 0.205010741949081 0.1814886033535 0.158742025494576 0.136890321969986 0.137823358178139 0.154403701424599 0.16574315726757 0.175058931112289 0.184569865465164 0.19411526620388 0.195247665047646 0.196135342121124 0.196518689393997 0.196719408035278 0.196328029036522 0.196048587560654 0.195964500308037 0.195889189839363 0.19582287967205 0.195758447051048 0.195695161819458 0.195662349462509 0.195639714598656 0.195634633302689 0.195635110139847 0.196070402860641 0.196435585618019 0.196354314684868 0.196293845772743 0.196291208267212 0.196276232600212 0.196242183446884 0.196210980415344 0.196182399988174
-9999 -9999 -9999 -9999 -9999 -9999 0.218234807252884 0.218679219484329 0.218420773744583 0.216435730457306 0.214695960283279 0.213894978165627 0.203015312552452 0.172192737460136 0.148887142539024 0.134254917502403 0.138175934553146 0.154838278889656 0.165997341275215 0.175031393766403 0.184788540005684 0.194673299789429 0.195793688297272 0.196610435843468 0.196496039628983 0.196359306573868 0.196150213479996 0.196005389094353 0.195972725749016 0.195954978466034 0.195952564477921 0.19580465555191 0.195568099617958 0.195501714944839 0.195492044091225 0.195537760853767 0.19559320807457 0.195934861898422 0.196226164698601 0.196196779608727 0.196169048547745 0.196145907044411 0.196126282215118 0.196112096309662 0.196077018976212 0.196022778749466
-9999 -9999 -9999 -9999 -9999 0.216272205114365 0.216770440340042 0.216641589999199 0.2168939858675 0.215546518564224 0.214206248521805 0.212893515825272 0.199392005801201 0.161772325634956 0.138973698019981 0.133276253938675 0.14057956635952 0.156811103224754 0.167690083384514 0.176502242684364 0.185827881097794 0.195244148373604 0.196180820465088 0.19680243730545 0.196345910429955 0.195980280637741 0.195909455418587 0.195867329835892 0.195875331759453 0.19590038061142 0.195942938327789 0.195755124092102 0.19542695581913 0.195346772670746 0.195349261164665 0.195429712533951 0.195521995425224 0.195760205388069 0.195969328284264 0.195993229746819 0.196000397205353 0.195960998535156 0.195937126874924 0.195937231183052 0.195914760231972 0.195871576666832
-9999 -9999 -9999 -9999 0.21547894179821 0.215975478291512 0.216272205114365 0.215488761663437 0.214603662490845 0.213009998202324 0.210899129509926 0.206808686256409 0.189799681305885 0.147228479385376 0.128845632076263 0.138372346758842 0.150503873825073 0.164424270391464 0.174657613039017 0.183467239141464 0.189876392483711 0.19586193561554 0.195985332131386 0.195956453680992 0.195728346705437 0.195531859993935 0.195437893271446 0.195381492376328 0.195390671491623 0.195404306054115 0.195422530174255 0.195354595780373 0.195234179496765 0.195212811231613 0.195224449038506 0.195280656218529 0.195343285799026 0.195442080497742 0.195538640022278 0.195620983839035 0.195670947432518 0.195630833506584 0.195604130625725 0.195598140358925 0.195648729801178 0.195751249790192
