Ecospace-environmental-drivers/Outputs/ASCII-for-ecospace/MOM6-ISIMIP3a/o2-bot/2008-02_o2-bot_MOM6-ISIMIP3a.asc
NCOLS 131 
NROWS 53 
XLLCORNER -98 
YLLCORNER 23.9265270233154 
CELLSIZE 0.133587792515755 
NODATA_value -9999 
[rows 21 to 41 of 53, columns 0 to 45 of 131]
-9999 -9999 -9999 -9999 -9999 -9999 0.248147651553154 0.248311802744865 0.24867208302021 0.249325692653656 0.249533593654633 0.251056551933289 0.250929594039917 0.250551462173462 0.249452382326126 0.247521474957466 0.243454709649086 0.237921163439751 0.237048000097275 0.237974405288696 0.237533271312714 0.236850798130035 0.234089836478233 0.231494456529617 0.230658128857613 0.229956582188606 0.229692101478577 0.229139789938927 0.228085145354271 0.227258011698723 0.226664960384369 0.226391762495041 0.226313441991806 0.226114869117737 0.225876212120056 0.225674033164978 0.225472316145897 0.224634915590286 0.223867624998093 0.223546743392944 0.22327446937561 0.223137512803078 0.222682699561119 0.221736654639244 0.22107307612896 0.220668762922287
-9999 -9999 -9999 -9999 -9999 -9999 0.248105928301811 0.248147651553154 0.248475968837738 0.248739033937454 0.249325692653656 0.248218536376953 0.246511220932007 0.243616312742233 0.241567552089691 0.240495100617409 0.237735196948051 0.233816474676132 0.232815623283386 0.232941478490829 0.232113629579544 0.231117486953735 0.228768244385719 0.226571515202522 0.225892439484596 0.225428909063339 0.22566419839859 0.22554087638855 0.224791720509529 0.224215254187584 0.223816484212875 0.223645240068436 0.223612621426582 0.223534256219864 0.223440662026405 0.223049536347389 0.222615018486977 0.221867278218269 0.221208781003952 0.221118554472923 0.221044421195984 0.221015065908432 0.22082707285881 0.220393925905228 0.220056891441345 0.219808086752892
-9999 -9999 -9999 -9999 0.247311443090439 0.247799798846245 0.248096063733101 0.24807408452034 0.248147651553154 0.248804271221161 0.248678490519524 0.245558008551598 0.241685017943382 0.236322999000549 0.233392849564552 0.233268663287163 0.23198638856411 0.229908794164658 0.228801161050797 0.228068053722382 0.226732596755028 0.225290834903717 0.22205114364624 0.219067230820656 0.218542769551277 0.218291208148003 0.218924447894096 0.219393640756607 0.2195765376091 0.219913721084595 0.220409646630287 0.220609426498413 0.220628798007965 0.220603734254837 0.220563858747482 0.219910487532616 0.219166606664658 0.2176274061203 0.216245412826538 0.215864509344101 0.215544268488884 0.215392902493477 0.215339079499245 0.215435996651649 0.215431854128838 0.215334951877594
-9999 -9999 -9999 -9999 0.246223762631416 0.247126132249832 0.24750354886055 0.248096063733101 0.247978538274765 0.246482789516449 0.244380593299866 0.239957213401794 0.23567308485508 0.231664478778839 0.22902923822403 0.227978676557541 0.226758718490601 0.22542242705822 0.224732175469398 0.224291354417801 0.222475007176399 0.220415934920311 0.193405404686928 0.168757200241089 0.16834782063961 0.167843714356422 0.167032510042191 0.170617371797562 0.181873753666878 0.194598704576492 0.208834797143936 0.214140191674232 0.214005082845688 0.213713809847832 0.213370487093925 0.212525516748428 0.211500018835068 0.19502267241478 0.17946095764637 0.16973027586937 0.161334782838821 0.156656071543694 0.153838157653809 0.153896003961563 0.153886616230011 0.153815537691116
-9999 -9999 -9999 -9999 -9999 0.246223762631416 0.246681183576584 0.246911019086838 0.247292771935463 0.243667483329773 0.239710092544556 0.234481528401375 0.230040654540062 0.227158442139626 0.222659751772881 0.216295883059502 0.212553098797798 0.210610315203667 0.211272388696671 0.212940290570259 0.211647480726242 0.209832221269608 0.168054535984993 0.129932180047035 0.129562467336655 0.128887489438057 0.12722273170948 0.132890954613686 0.151355877518654 0.171633034944534 0.193774968385696 0.201502710580826 0.200449451804161 0.199812710285187 0.199314802885056 0.198469400405884 0.197400867938995 0.171997874975204 0.148026823997498 0.133174762129784 0.120368428528309 0.113256864249706 0.108986184000969 0.109105922281742 0.109175734221935 0.109199732542038
-9999 -9999 -9999 -9999 -9999 0.245776936411858 0.246223762631416 0.245493873953819 0.244341641664505 0.238686978816986 0.233405843377113 0.229554399847984 0.226072311401367 0.223321080207825 0.207494959235191 0.176582470536232 0.158981695771217 0.150522649288177 0.156636595726013 0.168377742171288 0.172012597322464 0.174216940999031 0.157150775194168 0.141465604305267 0.140804961323738 0.140317171812057 0.140389829874039 0.143615052103996 0.152341783046722 0.158968538045883 0.163434430956841 0.161819189786911 0.156499356031418 0.155169576406479 0.155169785022736 0.155162245035172 0.155096769332886 0.147131308913231 0.140052393078804 0.138619244098663 0.137469530105591 0.137108817696571 0.137135118246078 0.137759551405907 0.138278812170029 0.138701543211937
-9999 -9999 0.244718000292778 0.244860902428627 0.245033577084541 0.245329588651657 0.245777472853661 0.243607416749001 0.240955382585526 0.234266892075539 0.22841115295887 0.225742846727371 0.221636846661568 0.214686080813408 0.189860731363297 0.14441092312336 0.120512828230858 0.111415281891823 0.122369237244129 0.141065821051598 0.148105382919312 0.153087839484215 0.153192952275276 0.153093785047531 0.152182415127754 0.151747435331345 0.152857139706612 0.154152616858482 0.155772298574448 0.152946442365646 0.145546227693558 0.138373747467995 0.131339982151985 0.12980030477047 0.130091980099678 0.130786225199699 0.131558299064636 0.135415434837341 0.139714732766151 0.146830037236214 0.153067126870155 0.156859457492828 0.159670606255531 0.160965383052826 0.161981478333473 0.162741810083389
-9999.000000000000000 -9999 -9999 -9999 0.244219526648521 0.244737565517426 0.244464725255966 0.240697011351585 0.236619770526886 0.231069549918175 0.226273715496063 0.224365293979645 0.216182202100754 0.195583298802376 0.166838482022285 0.128694549202919 0.114995516836643 0.118083886802197 0.132542788982391 0.151392266154289 0.15851366519928 0.163565441966057 0.164390102028847 0.164928659796715 0.1638543009758 0.163178995251656 0.163797631859779 0.164283201098442 0.164536565542221 0.16141714155674 0.154827177524567 0.150357380509377 0.147179171442986 0.146483808755875 0.146616071462631 0.147715196013451 0.148963660001755 0.152392417192459 0.156039446592331 0.161076560616493 0.1653843075037 0.167661681771278 0.169958367943764 0.172284886240959 0.173901230096817 0.174865767359734
-9999 -9999 -9999 -9999 0.243081420660019 0.242591425776482 0.242997124791145 0.238064274191856 0.232915788888931 0.228533357381821 0.224719285964966 0.223080649971962 0.210023030638695 0.174370437860489 0.144062280654907 0.119920745491982 0.116403065621853 0.127048715949059 0.142166972160339 0.159012272953987 0.166498884558678 0.172333970665932 0.173510685563087 0.174353197216988 0.173260673880577 0.17238812148571 0.172228828072548 0.171991392970085 0.171617612242699 0.16884046792984 0.163590297102928 0.161172091960907 0.160479098558426 0.160672515630722 0.16116139292717 0.162264719605446 0.163463160395622 0.166075631976128 0.168789878487587 0.172152265906334 0.175047934055328 0.176644429564476 0.178589373826981 0.181072816252708 0.182768866419792 0.183742240071297
-9999 -9999 -9999 -9999 0.242253348231316 0.24191527068615 0.241497814655304 0.235780879855156 0.230006456375122 0.226828917860985 0.223898321390152 0.221912890672684 0.202977508306503 0.150502935051918 0.12159563601017 0.119881249964237 0.126522675156593 0.138902395963669 0.151100039482117 0.163227379322052 0.171435683965683 0.178952395915985 0.1800187677145 0.180745303630829 0.179816871881485 0.178801283240318 0.177503123879433 0.176652014255524 0.176581040024757 0.174946129322052 0.171701982617378 0.170516222715378 0.170584425330162 0.171722546219826 0.173217296600342 0.173820704221725 0.174306839704514 0.175615012645721 0.177043586969376 0.179238811135292 0.181373178958893 0.18333812057972 0.185136035084724 0.186675801873207 0.18779668211937 0.188533127307892
-9999 -9999 -9999 -9999 0.24191527068615 0.241409942507744 0.240816742181778 0.235549882054329 0.230194658041 0.227053984999657 0.224037826061249 0.221498191356659 0.202542468905449 0.151103913784027 0.123660407960415 0.123903416097164 0.133641690015793 0.149900779128075 0.160844311118126 0.169735297560692 0.176782459020615 0.183504238724709 0.184484139084816 0.185117617249489 0.183912113308907 0.182565182447433 0.18075966835022 0.179668366909027 0.179823443293571 0.179408758878708 0.178407803177834 0.178206965327263 0.178493529558182 0.179597675800323 0.180974319577217 0.181439340114594 0.181781589984894 0.182574227452278 0.183423221111298 0.184631153941154 0.186022192239761 0.187922924757004 0.189385935664177 0.190172478556633 0.19081623852253 0.191328927874565
-9999 -9999 -9999 -9999 0.241380646824837 0.240816742181778 0.236931964755058 0.23685821890831 0.232706055045128 0.228726208209991 0.224897682666779 0.221648305654526 0.207065358757973 0.170056506991386 0.144124001264572 0.130971878767014 0.138510227203369 0.160257682204247 0.17119699716568 0.177962869405746 0.182436749339104 0.186506152153015 0.187417432665825 0.187975034117699 0.186161607503891 0.184342101216316 0.182502880692482 0.18145152926445 0.18177504837513 0.182639062404633 0.184059217572212 0.184657633304596 0.184755474328995 0.185091599822044 0.185507148504257 0.186104908585548 0.186729595065117 0.187598258256912 0.188397288322449 0.188752830028534 0.189414009451866 0.190926015377045 0.191913232207298 0.192089408636093 0.192329540848732 0.192628383636475
-9999 -9999 -9999 -9999 0.240816742181778 0.236937373876572 0.235435530543327 0.234503030776978 0.234024927020073 0.229227051138878 0.224766984581947 0.221599891781807 0.210504785180092 0.183722391724586 0.159654393792152 0.138718411326408 0.14236718416214 0.162899419665337 0.173915535211563 0.181257098913193 0.185065865516663 0.188251197338104 0.189356088638306 0.19018928706646 0.189138099551201 0.188038840889931 0.186783745884895 0.185982018709183 0.185971468687057 0.186605632305145 0.187903210520744 0.188415542244911 0.188449501991272 0.188533648848534 0.188634529709816 0.189311340451241 0.190066903829575 0.190705075860023 0.191283479332924 0.191481336951256 0.191870093345642 0.192790314555168 0.193351492285728 0.193357780575752 0.193463355302811 0.193660065531731
-9999 -9999 -9999 -9999 -9999 0.234751716256142 0.234565243124962 0.234945356845856 0.23483270406723 0.229225873947144 0.224211767315865 0.221466407179832 0.213479861617088 0.195122495293617 0.173070520162582 0.146755561232567 0.145790591835976 0.162234604358673 0.173362240195274 0.182437017560005 0.186398476362228 0.189457565546036 0.190868452191353 0.192127898335457 0.192426145076752 0.192558363080025 0.192152172327042 0.19168995320797 0.191129937767982 0.190887749195099 0.190972581505775 0.191019371151924 0.191042974591255 0.191096320748329 0.191159576177597 0.191892430186272 0.192713916301727 0.192990213632584 0.19327487051487 0.19361275434494 0.193925142288208 0.19416655600071 0.194323018193245 0.194348201155663 0.19443453848362 0.194576993584633
-9999 -9999 -9999 -9999 -9999 0.233898416161537 0.234254375100136 0.234247356653214 0.233898133039474 0.22855818271637 0.223755612969398 0.221009880304337 0.213362738490105 0.196017071604729 0.174450784921646 0.148014575242996 0.146452710032463 0.161973193287849 0.17258557677269 0.181302756071091 0.186069488525391 0.190139099955559 0.191825032234192 0.193335175514221 0.193815350532532 0.194143652915955 0.193979561328888 0.193749830126762 0.193405568599701 0.193175598978996 0.193063244223595 0.193013608455658 0.193002194166183 0.193046554923058 0.19310949742794 0.193534269928932 0.194006681442261 0.194152772426605 0.194307625293732 0.194518208503723 0.194701507687569 0.194808855652809 0.194887787103653 0.19492281973362 0.194989085197449 0.195084020495415
-9999 -9999 -9999 -9999 -9999 0.232609957456589 0.232875630259514 0.233570396900177 0.232603058218956 0.227752611041069 0.223319977521896 0.220486521720886 0.212605819106102 0.194738030433655 0.173340812325478 0.147871181368828 0.14654353260994 0.161795243620872 0.171762689948082 0.179689660668373 0.185396730899811 0.190712049603462 0.192666620016098 0.194391131401062 0.194811671972275 0.195121869444847 0.195074290037155 0.195054903626442 0.195084735751152 0.195050850510597 0.194951400160789 0.194881737232208 0.194830194115639 0.194870084524155 0.194940447807312 0.194981768727303 0.195019260048866 0.19508308172226 0.195142030715942 0.195170000195503 0.195213302969933 0.195299312472343 0.195368409156799 0.195411399006844 0.195457428693771 0.195506229996681
-9999 -9999 -9999 -9999 -9999 -9999 0.230699881911278 0.230809152126312 0.230453625321388 0.226229161024094 0.222360476851463 0.219853639602661 0.211921900510788 0.193255826830864 0.170690774917603 0.143626913428307 0.142075747251511 0.158045306801796 0.168639302253723 0.177157610654831 0.184719547629356 0.1921127140522 0.193832218647003 0.195302277803421 0.195728838443756 0.196005165576935 0.195794314146042 0.195659264922142 0.195656478404999 0.195620372891426 0.195549979805946 0.195483312010765 0.195418879389763 0.195400610566139 0.195397719740868 0.195350140333176 0.19529727101326 0.195369958877563 0.195444598793983 0.195531696081161 0.195616275072098 0.195693805813789 0.195756375789642 0.195795834064484 0.195845246315002 0.195903822779655
-9999 -9999 -9999 -9999 -9999 -9999 0.228407546877861 0.227720111608505 0.228283315896988 0.224677726626396 0.221375182271004 0.219232574105263 0.21105845272541 0.190949693322182 0.16721785068512 0.139305546879768 0.137828439474106 0.154505580663681 0.165720745921135 0.174826845526695 0.184135615825653 0.193480148911476 0.194955512881279 0.196161851286888 0.196562334895134 0.196784183382988 0.196426898241043 0.196181133389473 0.196130022406578 0.196082636713982 0.196039095520973 0.195971637964249 0.195889621973038 0.195815861225128 0.195744857192039 0.19563302397728 0.195517092943192 0.19561305642128 0.195715144276619 0.195856183767319 0.195977449417114 0.196043714880943 0.196099475026131 0.196138992905617 0.196192622184753 0.19625923037529
-9999 -9999 -9999 -9999 -9999 -9999 0.226844415068626 0.226693361997604 0.226298242807388 0.223170757293701 0.2203648686409 0.218789860606194 0.208245098590851 0.179951742291451 0.155702888965607 0.136120721697807 0.138110414147377 0.154914483428001 0.166085839271545 0.175082176923752 0.184548512101173 0.1940977871418 0.195472791790962 0.196540683507919 0.196541026234627 0.196496322751045 0.196305602788925 0.196157857775688 0.196085080504417 0.196024477481842 0.195976421236992 0.195856958627701 0.195693999528885 0.195618942379951 0.195573210716248 0.195519655942917 0.195467039942741 0.1956966817379 0.195898368954659 0.195922166109085 0.195944681763649 0.195963680744171 0.196008056402206 0.196091651916504 0.196146965026855 0.196176320314407
-9999 -9999 -9999 -9999 -9999 0.227788001298904 0.226411908864975 0.22611977159977 0.224294692277908 0.221660062670708 0.219266206026077 0.217793926596642 0.204579383134842 0.168130218982697 0.144167274236679 0.134611442685127 0.140514671802521 0.157034322619438 0.167985111474991 0.176785573363304 0.185722470283508 0.194683447480202 0.195813313126564 0.196638360619545 0.196352183818817 0.196119964122772 0.19606277346611 0.195998594164848 0.195922195911407 0.19586256146431 0.195820167660713 0.19568282365799 0.195487648248672 0.19542321562767 0.19540236890316 0.195400446653366 0.195403262972832 0.195702865719795 0.195953920483589 0.195895716547966 0.195847302675247 0.195826098322868 0.19585582613945 0.195964246988297 0.196038588881493 0.196081638336182
-9999 -9999 -9999 -9999 0.228927060961723 0.22799451649189 0.227788001298904 0.22504648566246 0.222223401069641 0.220135688781738 0.217843636870384 0.21476948261261 0.197788238525391 0.153288811445236 0.132555946707726 0.139245957136154 0.150700703263283 0.165427625179291 0.175509840250015 0.183798581361771 0.18968702852726 0.195151880383492 0.195505768060684 0.195705085992813 0.195549041032791 0.195419192314148 0.19537428021431 0.195340692996979 0.195326879620552 0.195320174098015 0.195320814847946 0.195290729403496 0.195241928100586 0.195231795310974 0.195234537124634 0.195259869098663 0.195289090275764 0.195425182580948 0.195541307330132 0.195530384778976 0.195512965321541 0.195477515459061 0.195480614900589 0.19554328918457 0.195700272917747 0.195943787693977
