Ecospace-environmental-drivers/Outputs/ASCII-for-ecospace/MOM6-ISIMIP3a/o2-bot/2008-01_o2-bot_MOM6-ISIMIP3a.asc
NCOLS 131 
NROWS 53 
XLLCORNER -98 
YLLCORNER 23.9265270233154 
CELLSIZE 0.133587792515755 
NODATA_value -9999 
[rows 21 to 41 of 53, columns 46 to 91 of 131]
0.218859985470772 0.217897057533264 0.217018932104111 0.216164916753769 0.215510413050652 0.214869573712349 0.214046791195869 0.213317707180977 0.213065281510353 0.212823167443275 0.212605953216553 0.212320879101753 0.211942628026009 0.206189572811127 0.196038991212845 0.161327913403511 0.114983074367046 0.120348155498505 0.138068467378616 0.143774479627609 0.148657932877541 0.153582468628883 0.160206317901611 0.173941910266876 0.184663444757462 0.189022123813629 0.191725447773933 0.192405611276627 0.192795887589455 0.192975044250488 0.193211898207664 0.193472653627396 0.193710178136826 0.193943127989769 0.193380028009415 0.192567244172096 0.189603373408318 0.182440936565399 0.160516053438187 0.142781183123589 0.132827579975128 0.125338137149811 0.120533458888531 0.117071971297264 0.114479579031467 0.113287724554539
0.215857207775116 0.215217396616936 0.213829785585403 0.212229490280151 0.21150204539299 0.210858806967735 0.210076823830605 0.206268206238747 0.187063604593277 0.173474878072739 0.173446327447891 0.170184880495071 0.162485107779503 0.156426578760147 0.151710897684097 0.136477172374725 0.116261258721352 0.124780468642712 0.140165448188782 0.151351228356361 0.161731109023094 0.16458024084568 0.168965801596642 0.179781496524811 0.188050121068954 0.190941751003265 0.192674830555916 0.192991957068443 0.19321620464325 0.193372771143913 0.193685859441757 0.194063752889633 0.194519728422165 0.194991037249565 0.194395735859871 0.1937265843153 0.192721799015999 0.189482524991035 0.178386673331261 0.168994441628456 0.162765979766846 0.154089406132698 0.142745554447174 0.134426787495613 0.128065422177315 0.122637875378132
0.20961157977581 0.209318295121193 0.207464262843132 0.205166339874268 0.204437240958214 0.203864812850952 0.20318678021431 0.19648614525795 0.159149408340454 0.132893145084381 0.133391797542572 0.127480834722519 0.112770281732082 0.106751710176468 0.107844673097134 0.112404443323612 0.118606366217136 0.129692032933235 0.141944587230682 0.158179923892021 0.173681274056435 0.174517437815666 0.176753312349319 0.18484716117382 0.190885990858078 0.192586526274681 0.193531826138496 0.19355408847332 0.193641439080238 0.193776175379753 0.19414909183979 0.194620624184608 0.195125594735146 0.195637121796608 0.194486245512962 0.19344699382782 0.194099545478821 0.19468642771244 0.195042476058006 0.194537058472633 0.192431807518005 0.183080926537514 0.165835723280907 0.153144583106041 0.143400147557259 0.133676663041115
0.151943475008011 0.151923045516014 0.151000142097473 0.149820581078529 0.149678319692612 0.149695798754692 0.151159554719925 0.149618804454803 0.132794603705406 0.122648470103741 0.128627210855484 0.1292714625597 0.122592158615589 0.119845077395439 0.120315231382847 0.126558974385262 0.135537534952164 0.145686164498329 0.156114354729652 0.167288884520531 0.177915379405022 0.179819211363792 0.182263046503067 0.186966896057129 0.190815687179565 0.192859351634979 0.19402289390564 0.194110780954361 0.194115549325943 0.194059789180756 0.194424107670784 0.194962412118912 0.194499537348747 0.193839862942696 0.193958267569542 0.194132849574089 0.194574594497681 0.194964706897736 0.195173263549805 0.194981828331947 0.194047555327415 0.189802318811417 0.181949689984322 0.176502585411072 0.172611996531487 0.159875437617302
0.110629886388779 0.1110949665308 0.111184231936932 0.1111666187644 0.111709460616112 0.112389363348484 0.115220934152603 0.117568001151085 0.117450512945652 0.120154120028019 0.129669561982155 0.13515992462635 0.135124400258064 0.13523368537426 0.135461449623108 0.142751827836037 0.153387606143951 0.162002712488174 0.170135006308556 0.176355764269829 0.18222264945507 0.184850454330444 0.187333837151527 0.189212769269943 0.191164314746857 0.193269148468971 0.194495394825935 0.194647803902626 0.194565892219543 0.194313302636147 0.194656386971474 0.195246160030365 0.193989560008049 0.192369982600212 0.193531155586243 0.194702833890915 0.194971054792404 0.195199221372604 0.195286482572556 0.195350587368011 0.19537165760994 0.195292890071869 0.195105314254761 0.195517733693123 0.196318358182907 0.182631924748421
0.14102628827095 0.142909303307533 0.144366040825844 0.145701557397842 0.147360369563103 0.149020612239838 0.149826318025589 0.150483503937721 0.150385290384293 0.151642754673958 0.156173676252365 0.159016221761703 0.159540846943855 0.160686284303665 0.162339672446251 0.167882174253464 0.175266861915588 0.179733008146286 0.183501824736595 0.18523807823658 0.186850652098656 0.18869549036026 0.190479934215546 0.192011624574661 0.193349823355675 0.194279551506042 0.194886401295662 0.195098608732224 0.194912001490593 0.19443491101265 0.19470126926899 0.195275485515594 0.193988472223282 0.192335560917854 0.193546324968338 0.194764822721481 0.195022955536842 0.195241823792458 0.195322588086128 0.195385947823524 0.195416942238808 0.195386633276939 0.195289522409439 0.195490628480911 0.195884704589844 0.190294921398163
0.165360167622566 0.167923778295517 0.170091763138771 0.172147244215012 0.17428395152092 0.176335707306862 0.175869449973106 0.175456956028938 0.175317868590355 0.175509765744209 0.176500841975212 0.177506059408188 0.178530678153038 0.180417567491531 0.183009967207909 0.186766117811203 0.19107349216938 0.192419961094856 0.193058952689171 0.191947013139725 0.19086728990078 0.192007407546043 0.193141758441925 0.194251984357834 0.194996148347855 0.19496750831604 0.195055216550827 0.195285111665726 0.195050865411758 0.194478541612625 0.194292441010475 0.19426628947258 0.193407654762268 0.192385375499725 0.19362273812294 0.194843426346779 0.195083782076836 0.1952865421772 0.195357173681259 0.195416614413261 0.195455312728882 0.195458725094795 0.19542370736599 0.195464134216309 0.195553377270699 0.195520266890526
0.176466569304466 0.178101941943169 0.179549366235733 0.180943340063095 0.182165771722794 0.183324292302132 0.183231025934219 0.183101966977119 0.182790830731392 0.182747513055801 0.183350846171379 0.18428710103035 0.185680419206619 0.18766576051712 0.19013549387455 0.192021310329437 0.193630561232567 0.194103047251701 0.194303929805756 0.193913951516151 0.193550020456314 0.194156169891357 0.194747000932693 0.19527380168438 0.195466011762619 0.194951921701431 0.194739252328873 0.19489498436451 0.194737553596497 0.194352030754089 0.192893728613853 0.190991148352623 0.191561952233315 0.1926189661026 0.19383279979229 0.194958284497261 0.195164024829865 0.195335850119591 0.19538839161396 0.195437058806419 0.195478573441505 0.195483580231667 0.195448815822601 0.195438995957375 0.195445314049721 0.195427045226097
0.184663280844688 0.185763508081436 0.186720117926598 0.187635913491249 0.188095256686211 0.188497334718704 0.188614189624786 0.188656285405159 0.188318103551865 0.188235238194466 0.188768818974495 0.189662918448448 0.191051959991455 0.192627176642418 0.194354712963104 0.194980457425117 0.195084318518639 0.195087298750877 0.195066198706627 0.195042952895164 0.195028781890869 0.195148706436157 0.195287376642227 0.195504516363144 0.195466786623001 0.194891050457954 0.194579601287842 0.194591179490089 0.194500252604485 0.194334670901299 0.192288979887962 0.189464688301086 0.190841689705849 0.193044573068619 0.194087103009224 0.195010468363762 0.195189580321312 0.195339173078537 0.195384964346886 0.195431068539619 0.19547775387764 0.195488438010216 0.19545990228653 0.195421919226646 0.195377826690674 0.195370957255363
0.189199388027191 0.190258979797363 0.191013857722282 0.191682055592537 0.191568538546562 0.191386267542839 0.1915083527565 0.191580355167389 0.191397562623024 0.191521286964417 0.192385166883469 0.193270817399025 0.194186374545097 0.194711625576019 0.194917574524879 0.195050969719887 0.195150002837181 0.195192351937294 0.195221155881882 0.195117756724358 0.194992810487747 0.194686636328697 0.19448809325695 0.19473996758461 0.194877400994301 0.194773197174072 0.194616615772247 0.194396018981934 0.194358602166176 0.194454610347748 0.192683100700378 0.190138190984726 0.191537320613861 0.193711757659912 0.194397076964378 0.194983810186386 0.195146292448044 0.195284605026245 0.195337936282158 0.195391803979874 0.195446655154228 0.195468172430992 0.195453390479088 0.195415019989014 0.195361405611038 0.195361569523811
0.191821947693825 0.192835971713066 0.193404629826546 0.193846613168716 0.193620935082436 0.193342924118042 0.19349716603756 0.193614661693573 0.193545192480087 0.193727344274521 0.194517031311989 0.195144757628441 0.195550143718719 0.195552676916122 0.195225611329079 0.195158764719963 0.195215180516243 0.195249542593956 0.195278644561768 0.195173382759094 0.195040136575699 0.194633811712265 0.194347366690636 0.194562673568726 0.194712698459625 0.194724872708321 0.194582372903824 0.194250792264938 0.19422772526741 0.194429352879524 0.192974671721458 0.190834075212479 0.192046880722046 0.193918913602829 0.194430068135262 0.194861963391304 0.195011898875237 0.195145085453987 0.195219457149506 0.195296227931976 0.195377469062805 0.195426300168037 0.195439800620079 0.19540798664093 0.195346832275391 0.195343032479286
0.193009331822395 0.193974077701569 0.194368153810501 0.194599941372871 0.194607645273209 0.194600343704224 0.194806963205338 0.194981649518013 0.19499397277832 0.195123374462128 0.195535480976105 0.195718184113503 0.195585936307907 0.195461168885231 0.195342510938644 0.195294514298439 0.195279970765114 0.195270851254463 0.195263028144836 0.19521464407444 0.195149928331375 0.194887921214104 0.194700598716736 0.194825828075409 0.194866493344307 0.194728687405586 0.194494664669037 0.194143056869507 0.194104939699173 0.194295197725296 0.193189337849617 0.191546723246574 0.19241689145565 0.193781018257141 0.194255337119102 0.194668740034103 0.194809138774872 0.194941833615303 0.195047378540039 0.195158436894417 0.195279717445374 0.195368200540543 0.195420920848846 0.195400834083557 0.195333629846573 0.195317625999451
0.193875357508659 0.19463811814785 0.194929733872414 0.195087358355522 0.195188477635384 0.195286840200424 0.1954665184021 0.195619136095047 0.19563402235508 0.195706009864807 0.195915877819061 0.19592110812664 0.195645391941071 0.195492967963219 0.195441409945488 0.195387348532677 0.19533209502697 0.195262268185616 0.195188954472542 0.19499483704567 0.194804012775421 0.194781795144081 0.194787606596947 0.194910734891891 0.194948226213455 0.194804951548576 0.194615036249161 0.194368109107018 0.194305315613747 0.194376647472382 0.193647995591164 0.192588046193123 0.193127483129501 0.19398133456707 0.194320723414421 0.194621443748474 0.194730624556541 0.194838270545006 0.194940462708473 0.195053741335869 0.195187613368034 0.195298433303833 0.195384174585342 0.195388913154602 0.195341244339943 0.195319563150406
0.194603651762009 0.195099011063576 0.195319056510925 0.195460796356201 0.195595353841782 0.195728629827499 0.195847421884537 0.195943981409073 0.195927485823631 0.195940062403679 0.196022808551788 0.195965215563774 0.195714980363846 0.1955776065588 0.195532590150833 0.195461794734001 0.19537878036499 0.19524085521698 0.195089817047119 0.194663137197495 0.194262772798538 0.194521263241768 0.194760516285896 0.194919258356094 0.194999068975449 0.194912254810333 0.194824576377869 0.194735795259476 0.194644182920456 0.194550484418869 0.194211214780807 0.193770214915276 0.193984061479568 0.194326609373093 0.194489032030106 0.194636687636375 0.194705367088318 0.194777429103851 0.194861471652985 0.194963231682777 0.195097908377647 0.195223689079285 0.195339769124985 0.195374950766563 0.195357769727707 0.195333212614059
0.19512277841568 0.195391282439232 0.195564597845078 0.195710852742195 0.195841208100319 0.195970058441162 0.196102231740952 0.196187287569046 0.196032673120499 0.195925578474998 0.195933267474174 0.195868611335754 0.195704653859138 0.195604681968689 0.195557072758675 0.195504620671272 0.195449888706207 0.195316195487976 0.195163622498512 0.194848850369453 0.194549798965454 0.194641977548599 0.194697067141533 0.194597020745277 0.194506615400314 0.194436565041542 0.194389685988426 0.194371089339256 0.194399282336235 0.194461539387703 0.194390535354614 0.194264337420464 0.194411545991898 0.194612503051758 0.19472861289978 0.194834798574448 0.194874778389931 0.194914743304253 0.194954723119736 0.195013016462326 0.195105314254761 0.19519716501236 0.1952885389328 0.195333033800125 0.195347189903259 0.195339843630791
0.195598632097244 0.195648655295372 0.195780396461487 0.195935368537903 0.196053758263588 0.196170032024384 0.196330964565277 0.196413740515709 0.196098908782005 0.19585970044136 0.195803090929985 0.195742890238762 0.195677787065506 0.195619851350784 0.195567756891251 0.19554091989994 0.195526048541069 0.195411548018456 0.195273235440254 0.19514162838459 0.19500820338726 0.19484156370163 0.194626107811928 0.194206357002258 0.193901747465134 0.193840265274048 0.193821474909782 0.193854853510857 0.194033592939377 0.194318205118179 0.194490432739258 0.194616094231606 0.194750264286995 0.194886103272438 0.194982945919037 0.195070758461952 0.195084467530251 0.195093050599098 0.195083618164062 0.19509182870388 0.195132806897163 0.195180624723434 0.195235878229141 0.195285320281982 0.195331007242203 0.195345014333725
0.195977732539177 0.195999830961227 0.19618022441864 0.196405634284019 0.196547970175743 0.196668818593025 0.196439564228058 0.196184352040291 0.195797100663185 0.195514708757401 0.195485442876816 0.195509999990463 0.195608466863632 0.195625498890877 0.195575922727585 0.195546567440033 0.19552680850029 0.195409014821053 0.195267826318741 0.19514599442482 0.195026159286499 0.194915652275085 0.194785371422768 0.194572374224663 0.194424152374268 0.194412648677826 0.194428384304047 0.194477424025536 0.194597885012627 0.194770380854607 0.194876775145531 0.194955796003342 0.195039182901382 0.195123448967934 0.195176273584366 0.195223405957222 0.195226237177849 0.195223644375801 0.195201903581619 0.195190399885178 0.195197850465775 0.19521676003933 0.195248141884804 0.195282325148582 0.195318296551704 0.195337980985641
0.196309342980385 0.196308732032776 0.19652533531189 0.196803703904152 0.196965202689171 0.197087809443474 0.196483433246613 0.195907846093178 0.195478811860085 0.195175349712372 0.195175111293793 0.195275887846947 0.195515364408493 0.195612072944641 0.195591986179352 0.195566922426224 0.195539534091949 0.195421367883682 0.195281535387039 0.195165604352951 0.19505563378334 0.195008546113968 0.19497038424015 0.194969519972801 0.194980427622795 0.195016115903854 0.195061787962914 0.195119649171829 0.19517357647419 0.195224672555923 0.195255607366562 0.195278212428093 0.195311188697815 0.19534620642662 0.195355743169785 0.195362970232964 0.195356756448746 0.195345059037209 0.195314094424248 0.195285648107529 0.195261895656586 0.19525383412838 0.195262834429741 0.195281833410263 0.195307284593582 0.195330962538719
0.196180686354637 0.196122035384178 0.196198970079422 0.196314439177513 0.196426838636398 0.196512833237648 0.195894226431847 0.195346653461456 0.19516034424305 0.1950294226408 0.195032238960266 0.195079877972603 0.195189028978348 0.195399716496468 0.195693477988243 0.195758834481239 0.195715993642807 0.19563914835453 0.195554152131081 0.19548536837101 0.195418417453766 0.195362105965614 0.195319965481758 0.195337206125259 0.195359617471695 0.195392966270447 0.19541634619236 0.195427551865578 0.195426717400551 0.195417106151581 0.195417478680611 0.195421993732452 0.195426374673843 0.195430755615234 0.195416539907455 0.195402711629868 0.195399448275566 0.195391327142715 0.195366159081459 0.195336252450943 0.195297539234161 0.19527579843998 0.195272535085678 0.195286870002747 0.195312604308128 0.195330023765564
0.196069106459618 0.195978552103043 0.195910677313805 0.195849269628525 0.195896968245506 0.195933550596237 0.195368260145187 0.194896280765533 0.194899037480354 0.194902747869492 0.194908767938614 0.194915995001793 0.194924920797348 0.195193395018578 0.195674240589142 0.195796817541122 0.195749714970589 0.195711106061935 0.195674538612366 0.195654302835464 0.195634484291077 0.19560419023037 0.195587173104286 0.195625782012939 0.195661395788193 0.195690661668777 0.195696741342545 0.195674479007721 0.19563053548336 0.195570781826973 0.195541173219681 0.195524051785469 0.195502907037735 0.195480972528458 0.1954485476017 0.195418536663055 0.195415914058685 0.195409253239632 0.195388361811638 0.195361569523811 0.195323824882507 0.195297718048096 0.19528429210186 0.195293709635735 0.195317909121513 0.195320010185242
0.196020200848579 0.195993483066559 0.195762053132057 0.19547238945961 0.195398181676865 0.195338442921638 0.195074066519737 0.19485230743885 0.194847360253334 0.19484668970108 0.194856360554695 0.194869950413704 0.194888919591904 0.195009157061577 0.195212259888649 0.195270448923111 0.195259988307953 0.19524846971035 0.195236682891846 0.195270195603371 0.1953125 0.195437535643578 0.195552349090576 0.195624351501465 0.195679292082787 0.195698156952858 0.195705235004425 0.195697888731956 0.195653572678566 0.195582330226898 0.195524886250496 0.195473164319992 0.195437654852867 0.195405334234238 0.195375040173531 0.195346668362617 0.195336237549782 0.195323184132576 0.195300981402397 0.195294111967087 0.19531574845314 0.195319473743439 0.195303663611412 0.19530713558197 0.195323079824448 0.195276692509651
