Ecospace-environmental-drivers/Outputs/ASCII-for-ecospace/MOM6-ISIMIP3a/o2-bot/2008-03_o2-bot_MOM6-ISIMIP3a.asc
NCOLS 131 
NROWS 53 
XLLCORNER -98 
YLLCORNER 23.9265270233154 
CELLSIZE 0.133587792515755 
NODATA_value -9999 
[rows 0 to 20 of 53, columns 46 to 91 of 131]
-9999 -9999 -9999 -9999 -9999 -9999 -9999 -9999 -9999 -9999 -9999 -9999 -9999 -9999 -9999 -9999 -9999 -9999 -9999 -9999 -9999 -9999 -9999 -9999 -9999 -9999 -9999 -9999 -9999 -9999 -9999 -9999 -9999 -9999 -9999 -9999 -9999 -9999 -9999 -9999 -9999 -9999 -9999 -9999 -9999 -9999
-9999 -9999 -9999 -9999 -9999 -9999 -9999 -9999 -9999 -9999 -9999 -9999 -9999 -9999 -9999 -9999 -9999 -9999 -9999 -9999 -9999 -9999 -9999 -9999 -9999 -9999 -9999 -9999 -9999 -9999 -9999 -9999 -9999 -9999 -9999 -9999 -9999 -9999 -9999 -9999 -9999 -9999 -9999 -9999 -9999 -9999
-9999 -9999 -9999 -9999 -9999 -9999 -9999 -9999 -9999 -9999 -9999 -9999 -9999 -9999 -9999 -9999 -9999 -9999 -9999 -9999 -9999 -9999 -9999 -9999 -9999 -9999 -9999 -9999 0.248829513788223 0.250135958194733 -9999 -9999 -9999 -9999 -9999 -9999 -9999 -9999 -9999 -9999 -9999 -9999 -9999 -9999 -9999 -9999
-9999 -9999 -9999 -9999 -9999 -9999 -9999 -9999 -9999 -9999 -9999 -9999 -9999 -9999 -9999 -9999 -9999 -9999 -9999 -9999 -9999 -9999 -9999 -9999 -9999 -9999 -9999 -9999 0.249001562595367 0.250286638736725 -9999 -9999 -9999 -9999 -9999 -9999 -9999 -9999 -9999 -9999 -9999 -9999 -9999 -9999 -9999 -9999
-9999 -9999 -9999 -9999 -9999 -9999 -9999 -9999 -9999 -9999 -9999 -9999 -9999 -9999 -9999 -9999 -9999 -9999 -9999 0.25069323182106 0.249760016798973 0.249013438820839 0.244658499956131 0.241812020540237 0.239303469657898 0.241030231118202 0.244924664497375 0.247538655996323 0.249137684702873 0.250328332185745 0.251393914222717 -9999 -9999 0.24908858537674 0.247298330068588 0.245697438716888 0.244156271219254 0.242631942033768 0.241262495517731 0.240422189235687 0.240344777703285 0.241052970290184 0.24213057756424 -9999 -9999 -9999
-9999 -9999 -9999 -9999 -9999 -9999 -9999 -9999 -9999 -9999 -9999 -9999 -9999 -9999 -9999 0.195910885930061 -9999 0.204986348748207 0.212609767913818 0.231537863612175 0.25069323182106 0.249573364853859 0.249013438820839 0.240303575992584 0.236119031906128 0.24148778617382 0.245483890175819 0.247802332043648 0.249329745769501 0.250280976295471 0.251374304294586 0.252526491880417 0.251009672880173 0.248968213796616 0.247287884354591 0.245638906955719 0.244165509939194 0.242664411664009 0.241065919399261 0.24005714058876 0.24014350771904 0.240833684802055 0.242181733250618 0.243376329541206 0.244471609592438 -9999
-9999 -9999 -9999 -9999 -9999 -9999 -9999 -9999 -9999 -9999 -9999 0.128745138645172 0.12841372191906 0.127927228808403 0.125985518097878 0.159570172429085 0.194964945316315 0.196856841444969 0.205492436885834 0.212609767913818 0.231310576200485 0.25069323182106 0.249013438820839 0.240303575992584 0.236119031906128 0.24148778617382 0.245483890175819 0.247802332043648 0.249329745769501 0.250280976295471 0.251374304294586 0.252526491880417 0.251009672880173 0.248968213796616 0.247287884354591 0.245638906955719 0.244165509939194 0.242664411664009 0.241065919399261 0.24005714058876 0.24014350771904 0.240833684802055 0.242181733250618 0.243376329541206 0.244471609592438 0.244761079549789
-9999 -9999 -9999 -9999 -9999 -9999 -9999 -9999 -9999 -9999 -9999 0.130522012710571 0.128745138645172 0.128082320094109 -9999 0.122919999063015 0.156154826283455 0.193073034286499 0.196856841444969 0.207010716199875 0.212609767913818 0.230628728866577 0.243903234601021 0.237321808934212 0.230122029781342 0.221616894006729 0.218098908662796 0.220676273107529 0.223568812012672 0.226690918207169 0.231841877102852 0.23783303797245 0.239677146077156 0.240706041455269 0.241425231099129 0.241662368178368 0.237302303314209 0.233709618449211 0.232815071940422 0.232822671532631 0.234505638480186 0.236631736159325 0.239240646362305 0.240677013993263 0.241354703903198 0.242037713527679
-9999 -9999 -9999 -9999 -9999 -9999 -9999 -9999 -9999 -9999 -9999 -9999 -9999 -9999 -9999 0.124698117375374 0.116642378270626 0.149503737688065 0.18928924202919 0.196856841444969 0.211565524339676 0.226792335510254 0.238273814320564 0.234080702066422 0.223746314644814 0.200447216629982 0.188797637820244 0.191386193037033 0.195644021034241 0.20111770927906 0.210665240883827 0.221899896860123 0.227417945861816 0.231812253594398 0.234979674220085 0.237123176455498 0.229708060622215 0.223909586668015 0.223795309662819 0.224905163049698 0.228288412094116 0.231964156031609 0.235958620905876 0.237683594226837 0.237940102815628 0.239871457219124
0.249089926481247 0.249105542898178 -9999 -9999 -9999 -9999 -9999 -9999 -9999 -9999 -9999 0.201211854815483 0.132343322038651 -9999 -9999 -9999 0.119255363941193 0.104577921330929 0.1375392973423 0.18172162771225 0.182177379727364 0.211126267910004 0.234297394752502 0.233287945389748 0.227152466773987 0.210195511579514 0.197807922959328 0.191005051136017 0.19147515296936 0.197242751717567 0.207381412386894 0.219330251216888 0.226467996835709 0.232659995555878 0.230864897370338 0.228477016091347 0.223187893629074 0.21920308470726 0.219804286956787 0.221096739172935 0.223672896623611 0.227340042591095 0.232195824384689 0.234887853264809 0.236179828643799 0.238041907548904
0.249002829194069 0.249208256602287 0.249223411083221 -9999 -9999 -9999 -9999 -9999 -9999 -9999 -9999 0.235543012619019 0.193806618452072 0.132343322038651 -9999 -9999 0.123442567884922 0.105578385293484 0.0847128182649612 0.118826843798161 0.156885951757431 0.197390958666801 0.230501741170883 0.232666999101639 0.23011888563633 0.21762053668499 0.204624637961388 0.191020682454109 0.18889257311821 0.195123314857483 0.205195441842079 0.216858431696892 0.224673971533775 0.231733188033104 0.225906863808632 0.2194744348526 0.211782529950142 0.206801161170006 0.211350172758102 0.215475037693977 0.218812227249146 0.223228260874748 0.228819742798805 0.232367902994156 0.234593942761421 0.236349508166313
0.249002829194069 0.249208256602287 0.249253734946251 0.24848298728466 0.248414441943169 -9999 -9999 -9999 -9999 -9999 -9999 -9999 0.224426865577698 0.180044785141945 0.132343322038651 0.128745138645172 0.123442567884922 0.105578385293484 0.0847128182649612 0.11717014759779 0.153568595647812 0.194011747837067 0.227675631642342 0.232967525720596 0.23072674870491 0.212583914399147 0.199675470590591 0.193164527416229 0.194818615913391 0.202420011162758 0.208898261189461 0.214911371469498 0.218352526426315 0.221288084983826 0.21642592549324 0.208560168743134 0.174173921346664 0.153122454881668 0.178956761956215 0.200127243995667 0.212636500597 0.221864625811577 0.227517887949944 0.231327220797539 0.233943477272987 0.235392823815346
0.248568743467331 0.248734921216965 0.248390659689903 0.247901231050491 0.248386308550835 -9999 -9999 -9999 -9999 0.248242914676666 0.244181379675865 0.238947823643684 0.232105240225792 0.202227517962456 0.153503075242043 0.134302601218224 0.129086971282959 0.113418780267239 0.0952531173825264 0.124709501862526 0.157739147543907 0.195159554481506 0.226110622286797 0.229986861348152 0.225870430469513 0.204880908131599 0.190354123711586 0.183726131916046 0.185611724853516 0.193698480725288 0.198847338557243 0.202779516577721 0.203705906867981 0.204041436314583 0.198870956897736 0.189651474356651 0.142869979143143 0.114064007997513 0.148460894823074 0.176343232393265 0.192127346992493 0.202751711010933 0.207754388451576 0.217138901352882 0.229358687996864 0.233333051204681
0.247049391269684 0.247078239917755 0.247405454516411 0.247817516326904 0.248386308550835 0.248955771327019 0.249110266566277 0.249256327748299 0.24935944378376 0.248242914676666 0.244181379675865 0.238947823643684 0.232105240225792 0.207883507013321 0.169442623853683 0.153754025697708 0.148842677474022 0.140860542654991 0.132144704461098 0.155239447951317 0.180629819631577 0.207625105977058 0.227698490023613 0.218803033232689 0.20735339820385 0.190511748194695 0.170102089643478 0.145331561565399 0.138571694493294 0.144930511713028 0.154411375522614 0.165185183286667 0.168245956301689 0.169790536165237 0.161130517721176 0.150756284594536 0.127328008413315 0.111556924879551 0.122708961367607 0.131468236446381 0.135783895850182 0.139264672994614 0.14183583855629 0.170080795884132 0.214937910437584 0.228515490889549
0.241724476218224 0.241756126284599 0.243795976042747 0.246406942605972 0.247191295027733 0.247770458459854 0.24785777926445 0.247915580868721 0.247823223471642 0.246552884578705 0.242438167333603 0.237875506281853 0.232697859406471 0.215499371290207 0.188465774059296 0.175915822386742 0.170226439833641 0.167565152049065 0.165627360343933 0.181989774107933 0.199468806385994 0.214901775121689 0.222496896982193 0.197289824485779 0.176971942186356 0.166975542902946 0.150612458586693 0.126468002796173 0.120641574263573 0.128157734870911 0.139190927147865 0.151680648326874 0.153926074504852 0.154157727956772 0.142006054520607 0.129613772034645 0.119350768625736 0.110812850296497 0.10834039747715 0.105634957551956 0.102496832609177 0.101323418319225 0.102290615439415 0.13823214173317 0.196803718805313 0.217952907085419
0.231019169092178 0.231251731514931 0.236476227641106 0.243120416998863 0.244306743144989 0.244909301400185 0.24483448266983 0.244679257273674 0.244115054607391 0.24247345328331 0.238230377435684 0.235287129878998 0.234128341078758 0.225886180996895 0.211848601698875 0.201909601688385 0.193912014365196 0.193227529525757 0.194290399551392 0.203396379947662 0.212579444050789 0.214842319488525 0.207696244120598 0.161172777414322 0.129816353321075 0.130478784441948 0.132200762629509 0.13521771132946 0.143867537379265 0.156620278954506 0.165275886654854 0.172234714031219 0.169494405388832 0.164847478270531 0.149201214313507 0.133570313453674 0.12206869572401 0.112561330199242 0.110065847635269 0.106723211705685 0.101807318627834 0.0994992256164551 0.100032433867455 0.12788687646389 0.173419460654259 0.199267894029617
0.223551005125046 0.223468214273453 0.22890205681324 0.235904827713966 0.239022642374039 0.241638168692589 0.241429015994072 0.240949854254723 0.239097088575363 0.236836344003677 0.233590424060822 0.232044637203217 0.232832908630371 0.229306250810623 0.222249209880829 0.214655146002769 0.20680670440197 0.206902876496315 0.208897262811661 0.212444454431534 0.214687079191208 0.196389213204384 0.174815475940704 0.139531955122948 0.118450209498405 0.12734954059124 0.138217851519585 0.151492640376091 0.163741812109947 0.175243929028511 0.180911421775818 0.184162586927414 0.178927481174469 0.172024175524712 0.15463300049305 0.137398600578308 0.125489875674248 0.115357704460621 0.111471958458424 0.107393026351929 0.102955311536789 0.100678004324436 0.100754529237747 0.117834255099297 0.145915850996971 0.174158036708832
0.218808889389038 0.217975988984108 0.221113622188568 0.225380480289459 0.231717839837074 0.238021790981293 0.23770172894001 0.236805200576782 0.232976153492928 0.229887470602989 0.228586509823799 0.228251308202744 0.229241952300072 0.226859495043755 0.221717268228531 0.216244116425514 0.210614219307899 0.210483685135841 0.211667150259018 0.211085185408592 0.207528859376907 0.162446439266205 0.126709088683128 0.130081847310066 0.137223049998283 0.152319714426994 0.164806872606277 0.174104705452919 0.180793553590775 0.185582056641579 0.187747299671173 0.18882617354393 0.183193936944008 0.176242455840111 0.158579811453819 0.141118884086609 0.129503294825554 0.119036540389061 0.112609155476093 0.107710458338261 0.105650715529919 0.104385636746883 0.103986375033855 0.108028061687946 0.114943258464336 0.14363768696785
0.219298422336578 0.218681260943413 0.220085009932518 0.222063511610031 0.227044388651848 0.232133910059929 0.231859892606735 0.231166213750839 0.228337824344635 0.226196780800819 0.225715428590775 0.225533679127693 0.225763291120529 0.224251538515091 0.221315070986748 0.203113302588463 0.177680686116219 0.173742681741714 0.174940437078476 0.173770770430565 0.170433565974236 0.137915268540382 0.11536467820406 0.134529829025269 0.152465209364891 0.167804479598999 0.178944319486618 0.184951603412628 0.188505098223686 0.190271303057671 0.190887451171875 0.19102731347084 0.186299070715904 0.180613860487938 0.163742646574974 0.146988421678543 0.135423853993416 0.124568924307823 0.116209089756012 0.110121540725231 0.108253881335258 0.107010252773762 0.106446549296379 0.105975024402142 0.105563148856163 0.123837493360043
0.222348183393478 0.222419396042824 0.222364455461502 0.222273647785187 0.223658636212349 0.225134432315826 0.224983230233192 0.224795952439308 0.224425047636032 0.224100559949875 0.223888069391251 0.223342478275299 0.222339570522308 0.221564695239067 0.220976367592812 0.182779058814049 0.126767188310623 0.117269344627857 0.11888525635004 0.118860974907875 0.118687935173512 0.117989875376225 0.122010476887226 0.145779117941856 0.165979579091072 0.178647384047508 0.186988323926926 0.190040960907936 0.191645830869675 0.192196160554886 0.192219018936157 0.192023426294327 0.188835889101028 0.185060203075409 0.169500544667244 0.153909742832184 0.142277732491493 0.131008386611938 0.121014222502708 0.113557197153568 0.110811911523342 0.109104886651039 0.108529083430767 0.107716143131256 0.106749758124352 0.109283432364464
0.223103374242783 0.223207458853722 0.222920581698418 0.222522497177124 0.22285121679306 0.223235890269279 0.223123088479042 0.223008528351784 0.222884923219681 0.222762808203697 0.2226442694664 0.222206875681877 0.221331760287285 0.220514163374901 0.219743639230728 0.177927732467651 0.116669535636902 0.111677117645741 0.120128482580185 0.122893840074539 0.125447899103165 0.130611762404442 0.138708546757698 0.159079790115356 0.17572420835495 0.184500992298126 0.190052002668381 0.191660478711128 0.192481473088264 0.192728891968727 0.192843988537788 0.192904278635979 0.191408351063728 0.189606502652168 0.180701225996017 0.171683311462402 0.16413477063179 0.154777720570564 0.139061912894249 0.126665309071541 0.120432823896408 0.116079226136208 0.113772734999657 0.111679889261723 0.109725281596184 0.108817003667355
