Ecospace-environmental-drivers/Outputs/ASCII-for-ecospace/MOM6-ISIMIP3a/o2-bot/2009-02_o2-bot_MOM6-ISIMIP3a.asc
NCOLS 131 
NROWS 53 
XLLCORNER -98 
YLLCORNER 23.9265270233154 
CELLSIZE 0.133587792515755 
NODATA_value -9999 
[rows 0 to 20 of 53, columns 46 to 91 of 131]
-9999 -9999 -9999 -9999 -9999 -9999 -9999 -9999 -9999 -9999 -9999 -9999 -9999 -9999 -9999 -9999 -9999 -9999 -9999 -9999 -9999 -9999 -9999 -9999 -9999 -9999 -9999 -9999 -9999 -9999 -9999 -9999 -9999 -9999 -9999 -9999 -9999 -9999 -9999 -9999 -9999 -9999 -9999 -9999 -9999 -9999
-9999 -9999 -9999 -9999 -9999 -9999 -9999 -9999 -9999 -9999 -9999 -9999 -9999 -9999 -9999 -9999 -9999 -9999 -9999 -9999 -9999 -9999 -9999 -9999 -9999 -9999 -9999 -9999 -9999 -9999 -9999 -9999 -9999 -9999 -9999 -9999 -9999 -9999 -9999 -9999 -9999 -9999 -9999 -9999 -9999 -9999
-9999 -9999 -9999 -9999 -9999 -9999 -9999 -9999 -9999 -9999 -9999 -9999 -9999 -9999 -9999 -9999 -9999 -9999 -9999 -9999 -9999 -9999 -9999 -9999 -9999 -9999 -9999 -9999 0.2554971575737 0.257061511278152 -9999 -9999 -9999 -9999 -9999 -9999 -9999 -9999 -9999 -9999 -9999 -9999 -9999 -9999 -9999 -9999
-9999 -9999 -9999 -9999 -9999 -9999 -9999 -9999 -9999 -9999 -9999 -9999 -9999 -9999 -9999 -9999 -9999 -9999 -9999 -9999 -9999 -9999 -9999 -9999 -9999 -9999 -9999 -9999 0.255625039339066 0.257250934839249 -9999 -9999 -9999 -9999 -9999 -9999 -9999 -9999 -9999 -9999 -9999 -9999 -9999 -9999 -9999 -9999
-9999 -9999 -9999 -9999 -9999 -9999 -9999 -9999 -9999 -9999 -9999 -9999 -9999 -9999 -9999 -9999 -9999 -9999 -9999 0.256926745176315 0.256168901920319 0.255562603473663 0.252025991678238 0.249649554491043 0.247345969080925 0.248405188322067 0.251365661621094 0.253738671541214 0.255742251873016 0.257394164800644 0.258616387844086 -9999 -9999 0.256434679031372 0.253316462039948 0.249474182724953 0.246047243475914 0.243645563721657 0.242127239704132 0.241530641913414 0.242144525051117 0.244824811816216 0.248832151293755 -9999 -9999 -9999
-9999 -9999 -9999 -9999 -9999 -9999 -9999 -9999 -9999 -9999 -9999 -9999 -9999 -9999 -9999 0.215282365679741 -9999 0.225337967276573 0.23375079035759 0.245106101036072 0.256926745176315 0.256017327308655 0.255562603473663 0.248489364981651 0.244896709918976 0.248651817440987 0.251667052507401 0.253778070211411 0.255770921707153 0.257677763700485 0.258733808994293 0.259437561035156 0.258574455976486 0.257403343915939 0.253326267004013 0.249219730496407 0.2458765655756 0.243045434355736 0.242014691233635 0.241321608424187 0.241255640983582 0.243856325745583 0.249362453818321 0.253277659416199 0.256163477897644 -9999
-9999 -9999 -9999 -9999 -9999 -9999 -9999 -9999 -9999 -9999 -9999 0.144846618175507 0.144629418849945 0.144214823842049 0.142440646886826 0.17748948931694 0.214195340871811 0.216369390487671 0.225893706083298 0.23375079035759 0.24464076757431 0.256926745176315 0.255562603473663 0.248489364981651 0.244896709918976 0.248651817440987 0.251667052507401 0.253778070211411 0.255770921707153 0.257677763700485 0.258733808994293 0.259437561035156 0.258574455976486 0.257403343915939 0.253326267004013 0.249219730496407 0.2458765655756 0.243045434355736 0.242014691233635 0.241321608424187 0.241255640983582 0.243856325745583 0.249362453818321 0.253277659416199 0.256163477897644 0.256926149129868
-9999 -9999 -9999 -9999 -9999 -9999 -9999 -9999 -9999 -9999 -9999 0.146011173725128 0.144846618175507 0.144412219524384 -9999 0.139524087309837 0.173972994089127 0.212021291255951 0.216369390487671 0.227560952305794 0.23375079035759 0.243244752287865 0.249657064676285 0.243172451853752 0.238093882799149 0.235983550548553 0.236831650137901 0.241295546293259 0.244620129466057 0.247114837169647 0.249229371547699 0.251186460256577 0.247969940304756 0.243736401200294 0.241564676165581 0.239278644323349 0.235130205750465 0.231913954019547 0.23197528719902 0.232638835906982 0.234420716762543 0.237817868590355 0.242974936962128 0.2460797727108 0.247856751084328 0.250273317098618
-9999 -9999 -9999 -9999 -9999 -9999 -9999 -9999 -9999 -9999 -9999 -9999 -9999 -9999 -9999 0.141332536935806 0.133261904120445 0.166879832744598 0.207673192024231 0.216369390487671 0.232562690973282 0.239032745361328 0.24314121901989 0.237366214394569 0.230739787220955 0.222315981984138 0.220769673585892 0.227629080414772 0.232321456074715 0.235435381531715 0.238693982362747 0.242012500762939 0.236357420682907 0.228938326239586 0.228707417845726 0.228273585438728 0.223256975412369 0.219647169113159 0.220983669161797 0.223162978887558 0.226907506585121 0.231145739555359 0.235921889543533 0.238168984651566 0.238779678940773 0.244527757167816
0.262547969818115 0.262554824352264 -9999 -9999 -9999 -9999 -9999 -9999 -9999 -9999 -9999 0.211817413568497 0.147204831242561 -9999 -9999 -9999 0.136042013764381 0.120634689927101 0.153679892420769 0.198977008461952 0.198785543441772 0.220927014946938 0.238185837864876 0.235010251402855 0.230344831943512 0.222534224390984 0.219054669141769 0.220868542790413 0.223123490810394 0.225699737668037 0.229013741016388 0.232633262872696 0.230537042021751 0.227317228913307 0.223034307360649 0.218650877475739 0.21367010474205 0.210835233330727 0.215545415878296 0.219526872038841 0.222154960036278 0.225741803646088 0.230373203754425 0.233213275671005 0.234894275665283 0.240593984723091
0.262415677309036 0.26269394159317 0.262714475393295 -9999 -9999 -9999 -9999 -9999 -9999 -9999 -9999 0.243710696697235 0.202133417129517 0.147204831242561 -9999 -9999 0.141371369361877 0.12190805375576 0.0986246466636658 0.132520392537117 0.170156881213188 0.205065995454788 0.233173668384552 0.232816591858864 0.230039298534393 0.222152695059776 0.216753751039505 0.214395225048065 0.214736193418503 0.217043429613113 0.220232665538788 0.223787173628807 0.224431276321411 0.224503263831139 0.215793371200562 0.206903427839279 0.199431777000427 0.195659056305885 0.204891994595528 0.212293028831482 0.216292038559914 0.22063185274601 0.225342988967896 0.228883862495422 0.231667533516884 0.237082973122597
0.262415677309036 0.26269394159317 0.262755542993546 0.261801302433014 0.261397212743759 -9999 -9999 -9999 -9999 -9999 -9999 -9999 0.228583350777626 0.186017781496048 0.147204831242561 0.144846618175507 0.141371369361877 0.12190805375576 0.0986246466636658 0.132104068994522 0.169143751263618 0.20124514400959 0.227856799960136 0.231493428349495 0.230213433504105 0.218554064631462 0.21131007373333 0.209462612867355 0.210697114467621 0.21417647600174 0.216274619102478 0.21780076622963 0.216794818639755 0.215291112661362 0.200142845511436 0.183759242296219 0.160243898630142 0.1463463306427 0.166265323758125 0.185761675238609 0.204473152756691 0.217098757624626 0.223093613982201 0.227913782000542 0.231973856687546 0.235839560627937
0.261962592601776 0.262274563312531 0.261853873729706 0.261224776506424 0.261370986700058 -9999 -9999 -9999 -9999 0.260902673006058 0.257511675357819 0.249048754572868 0.233622759580612 0.203078523278236 0.16016498208046 0.145100951194763 0.143228635191917 0.127428203821182 0.108299896121025 0.139482229948044 0.173689052462578 0.201611295342445 0.224842101335526 0.22843873500824 0.225867733359337 0.210276305675507 0.198890268802643 0.192644059658051 0.192668110132217 0.197259321808815 0.200311318039894 0.202725872397423 0.201928377151489 0.200499475002289 0.181577011942863 0.160941898822784 0.1299047768116 0.110840111970901 0.133871138095856 0.157368451356888 0.181731700897217 0.197554141283035 0.204071059823036 0.214794009923935 0.228238448500633 0.233312532305717
0.260376781225204 0.260806769132614 0.261011987924576 0.261153250932693 0.261370986700058 0.261595845222473 0.261801958084106 0.261967331171036 0.261925399303436 0.260902673006058 0.257511675357819 0.249048754572868 0.233622759580612 0.202221289277077 0.157749116420746 0.145991131663322 0.149729132652283 0.146749034523964 0.142163753509521 0.166346937417984 0.192130714654922 0.212445229291916 0.227582916617393 0.221055135130882 0.210222154855728 0.190300554037094 0.169029772281647 0.146110057830811 0.139663577079773 0.145215973258018 0.154334262013435 0.164929300546646 0.168986663222313 0.171758860349655 0.155722722411156 0.138941675424576 0.121687985956669 0.109850838780403 0.117058478295803 0.124320447444916 0.13168329000473 0.137979865074158 0.14311471581459 0.171299427747726 0.214398518204689 0.227576375007629
0.25717693567276 0.257574617862701 0.258630663156509 0.259873986244202 0.260168939828873 0.260358512401581 0.260323911905289 0.260235846042633 0.259875953197479 0.258311420679092 0.253838121891022 0.245772197842598 0.232774049043655 0.205528691411018 0.166626632213593 0.157959803938866 0.163614749908447 0.167875245213509 0.171802550554276 0.188966691493988 0.206623286008835 0.218211770057678 0.223252147436142 0.200888082385063 0.18046635389328 0.164145067334175 0.145154282450676 0.122900828719139 0.118430785834789 0.126913905143738 0.138512745499611 0.151401922106743 0.155491232872009 0.157850727438927 0.142552375793457 0.127189368009567 0.117582835257053 0.109662286937237 0.107669748365879 0.105410531163216 0.102656066417694 0.102669849991798 0.105699725449085 0.140614479780197 0.196160286664963 0.216778486967087
0.251695215702057 0.251847892999649 0.25407287478447 0.256887227296829 0.257267445325851 0.257371813058853 0.256756126880646 0.25605633854866 0.254928976297379 0.25205659866333 0.244970858097076 0.237863183021545 0.230725437402725 0.214724138379097 0.191470921039581 0.185591459274292 0.187941581010818 0.191553950309753 0.195467904210091 0.205584853887558 0.215532541275024 0.216813966631889 0.208923473954201 0.162647560238838 0.1307612657547 0.129252567887306 0.129740461707115 0.132668569684029 0.142117410898209 0.156315848231316 0.165325686335564 0.172186732292175 0.169489338994026 0.1649129986763 0.147314801812172 0.129925757646561 0.119290791451931 0.11060581356287 0.108777090907097 0.106489300727844 0.103348970413208 0.101665042340755 0.101567909121513 0.128040015697479 0.171703681349754 0.198824241757393
0.24336402118206 0.242714360356331 0.24549001455307 0.249239832162857 0.251422792673111 0.253335177898407 0.252271682024002 0.250719249248505 0.246679469943047 0.24173292517662 0.234596952795982 0.229590088129044 0.227506250143051 0.219958990812302 0.207941725850105 0.203851565718651 0.20351630449295 0.205629855394363 0.208328515291214 0.212666526436806 0.215650275349617 0.197284027934074 0.17554834485054 0.139711230993271 0.118170082569122 0.126808822154999 0.137133300304413 0.149518102407455 0.162414371967316 0.175683200359344 0.181660071015358 0.184617102146149 0.178376719355583 0.170328333973885 0.151430010795593 0.132913768291473 0.122055068612099 0.112941607832909 0.109964497387409 0.107193008065224 0.104803390800953 0.102889999747276 0.101495489478111 0.117224752902985 0.144033893942833 0.175258055329323
0.232633218169212 0.230711862444878 0.233517542481422 0.237667605280876 0.243099674582481 0.248414292931557 0.247015327215195 0.244407281279564 0.235648855566978 0.227982774376869 0.222954273223877 0.221010401844978 0.22330130636692 0.221858561038971 0.217361077666283 0.214219704270363 0.211720690131187 0.211619064211845 0.212090238928795 0.211717307567596 0.20836453139782 0.162484660744667 0.126133814454079 0.129662856459618 0.136833235621452 0.151690781116486 0.163732081651688 0.172331362962723 0.179856866598129 0.186600238084793 0.189170300960541 0.190012067556381 0.182960242033005 0.174356743693352 0.155000194907188 0.136113688349724 0.125708892941475 0.116449855268002 0.111219309270382 0.107580855488777 0.106899082660675 0.105992689728737 0.104841560125351 0.107890941202641 0.113658241927624 0.146965965628624
0.228523135185242 0.226496800780296 0.227927982807159 0.230342492461205 0.234811648726463 0.239281639456749 0.238095879554749 0.235979110002518 0.229126393795013 0.223454833030701 0.220635339617729 0.219850271940231 0.221858218312263 0.222053527832031 0.220765799283981 0.203964814543724 0.1798155605793 0.175106048583984 0.175041347742081 0.173954457044601 0.170742318034172 0.137619644403458 0.114539630711079 0.133489161729813 0.151364892721176 0.166973724961281 0.178058043122292 0.183612480759621 0.188129454851151 0.191890761256218 0.192723780870438 0.192344099283218 0.187226235866547 0.181176945567131 0.162029176950455 0.143271088600159 0.133058249950409 0.123432248830795 0.115869618952274 0.110604807734489 0.109607309103012 0.10851264744997 0.107312113046646 0.106369644403458 0.105594150722027 0.127264752984047
0.227653011679649 0.226092666387558 0.225462034344673 0.225095793604851 0.226540818810463 0.228087857365608 0.227383822202682 0.226515308022499 0.22481007874012 0.223439991474152 0.222879156470299 0.222321063280106 0.221766710281372 0.221414297819138 0.221227124333382 0.183617636561394 0.128282010555267 0.117793709039688 0.118020944297314 0.118176095187664 0.118274323642254 0.117616191506386 0.121453613042831 0.144105345010757 0.163874730467796 0.177559211850166 0.186378061771393 0.189250111579895 0.191914573311806 0.194427832961082 0.194340929389 0.193177223205566 0.191336810588837 0.189363375306129 0.170750811696053 0.152365177869797 0.142216071486473 0.13211478292942 0.122181572020054 0.114918790757656 0.112615287303925 0.110747434198856 0.109354220330715 0.108671568334103 0.108448684215546 0.111767679452896
0.225389614701271 0.224498897790909 0.223923325538635 0.223437398672104 0.223980635404587 0.224592417478561 0.224210515618324 0.223798215389252 0.223231300711632 0.222780361771584 0.222609475255013 0.22224372625351 0.221610471606255 0.220803990960121 0.219855785369873 0.178598061203957 0.118246592581272 0.112091854214668 0.118886530399323 0.121927082538605 0.124882608652115 0.130354464054108 0.138546362519264 0.158121958374977 0.174281314015388 0.183228746056557 0.189136773347855 0.191330030560493 0.193341270089149 0.195219963788986 0.195041552186012 0.194011226296425 0.193324595689774 0.192705526947975 0.182197332382202 0.171707138419151 0.164970517158508 0.156170904636383 0.140117734670639 0.127727150917053 0.122138381004333 0.117960952222347 0.115321218967438 0.113316677510738 0.111723132431507 0.110768154263496
