Ecospace-environmental-drivers/Outputs/ASCII-for-ecospace/MOM6-ISIMIP3a/o2-bot/2009-09_o2-bot_MOM6-ISIMIP3a.asc
NCOLS 131 
NROWS 53 
XLLCORNER -98 
YLLCORNER 23.9265270233154 
CELLSIZE 0.133587792515755 
NODATA_value -9999 
[rows 21 to 41 of 53, columns 46 to 91 of 131]
0.184371456503868 0.185870960354805 0.18654702603817 0.186988905072212 0.187243387103081 0.187459692358971 0.187163010239601 0.187075257301331 0.188050299882889 0.189321681857109 0.191308587789536 0.192997872829437 0.194278538227081 0.187867105007172 0.175162211060524 0.146139770746231 0.109388075768948 0.115162223577499 0.131097227334976 0.13769556581974 0.143583208322525 0.148462161421776 0.155640572309494 0.172442406415939 0.184962496161461 0.188443452119827 0.190606534481049 0.191158890724182 0.192182525992393 0.193549424409866 0.1938087195158 0.193609327077866 0.193640664219856 0.193717375397682 0.193525299429893 0.193001374602318 0.189333006739616 0.181570217013359 0.159411296248436 0.141441270709038 0.131250500679016 0.123838789761066 0.119454979896545 0.115827552974224 0.112689539790154 0.112048402428627
0.186073586344719 0.186549559235573 0.183278232812881 0.178941190242767 0.178584307432175 0.178642362356186 0.178903922438622 0.177749469876289 0.169392004609108 0.163938105106354 0.165495157241821 0.163172170519829 0.155522391200066 0.147976130247116 0.14051453769207 0.127505972981453 0.111869901418686 0.120064772665501 0.133953645825386 0.146441444754601 0.158205315470695 0.160833716392517 0.165401488542557 0.178085789084435 0.187664851546288 0.190688505768776 0.192561015486717 0.193026587367058 0.193382978439331 0.19365981221199 0.193866074085236 0.194043099880219 0.194310933351517 0.194596603512764 0.194500803947449 0.194258749485016 0.192725911736488 0.189028143882751 0.1777184009552 0.168096199631691 0.161607936024666 0.15302386879921 0.142156347632408 0.133744850754738 0.126922503113747 0.121732421219349
0.18489870429039 0.184451773762703 0.177328392863274 0.168306246399879 0.167537048459053 0.16763436794281 0.168318599462509 0.166059494018555 0.148827910423279 0.137072563171387 0.138540089130402 0.132506117224693 0.116173624992371 0.108033299446106 0.106595605611801 0.10988012701273 0.115401461720467 0.125504150986671 0.136701464653015 0.154597386717796 0.171801060438156 0.172231078147888 0.174242287874222 0.182870998978615 0.189691916108131 0.192696437239647 0.194519519805908 0.194898650050163 0.194594219326973 0.193791896104813 0.193943306803703 0.194489672780037 0.194892331957817 0.195266738533974 0.194608420133591 0.194003313779831 0.194291546940804 0.194565564393997 0.194789603352547 0.194079294800758 0.191633820533752 0.182387933135033 0.165732756257057 0.153050348162651 0.142938524484634 0.133041709661484
0.144559592008591 0.144800886511803 0.141038417816162 0.136137291789055 0.13575878739357 0.135854706168175 0.136260867118835 0.135330870747566 0.127603992819786 0.123768351972103 0.129328519105911 0.129481390118599 0.122210755944252 0.118578553199768 0.117923215031624 0.123137183487415 0.131131306290627 0.141040071845055 0.151406332850456 0.163792625069618 0.175670698285103 0.178132101893425 0.180936306715012 0.185175091028214 0.189207270741463 0.192803263664246 0.194944649934769 0.195308238267899 0.195001974701881 0.194207802414894 0.194314196705818 0.194793552160263 0.194228872656822 0.19345897436142 0.193852424621582 0.194272577762604 0.194532603025436 0.194763600826263 0.194892525672913 0.194615870714188 0.193586006760597 0.18950167298317 0.182089403271675 0.176435932517052 0.171920478343964 0.159552574157715
0.116119369864464 0.117482215166092 0.117092780768871 0.116205006837845 0.116376414895058 0.116651102900505 0.11678709089756 0.116864949464798 0.116647109389305 0.118847921490669 0.126888826489449 0.13158917427063 0.131703361868858 0.131843253970146 0.13200418651104 0.138647094368935 0.148360356688499 0.157377704977989 0.166228771209717 0.17307348549366 0.179603531956673 0.183559894561768 0.186901077628136 0.187667682766914 0.189380571246147 0.193091154098511 0.195290550589561 0.195642963051796 0.195345804095268 0.194575488567352 0.194633036851883 0.195033416152 0.193758517503738 0.192154288291931 0.193323910236359 0.194500222802162 0.194738239049911 0.194935649633408 0.194990336894989 0.195067510008812 0.195186480879784 0.195294752717018 0.195391416549683 0.195462331175804 0.195516601204872 0.182542771100998
0.139852449297905 0.144236862659454 0.147273659706116 0.149927169084549 0.151346623897552 0.152590021491051 0.152490466833115 0.152167528867722 0.150708317756653 0.150687962770462 0.154141902923584 0.156201630830765 0.156347259879112 0.157032027840614 0.158157899975777 0.164035156369209 0.172163054347038 0.177230522036552 0.181566759943962 0.182729855179787 0.183813452720642 0.1869126111269 0.189668327569962 0.19098673760891 0.192438811063766 0.194173038005829 0.195289060473442 0.19564950466156 0.195409342646599 0.194731682538986 0.194723531603813 0.194992646574974 0.194134816527367 0.193055436015129 0.193792834877968 0.194545358419418 0.194788500666618 0.194993749260902 0.195065706968307 0.195146784186363 0.195244774222374 0.195297092199326 0.195299655199051 0.195374935865402 0.195497259497643 0.190095797181129
0.161102399230003 0.166779801249504 0.171270325779915 0.175423309206963 0.177298754453659 0.178869441151619 0.17850649356842 0.177887216210365 0.175963997840881 0.17475588619709 0.175274446606636 0.175677329301834 0.175921410322189 0.177060887217522 0.178932949900627 0.183545634150505 0.18945649266243 0.191391810774803 0.192377254366875 0.190001800656319 0.18770569562912 0.189925044775009 0.192017018795013 0.193575918674469 0.194705456495285 0.194928586483002 0.195202946662903 0.195539951324463 0.19534994661808 0.194776058197021 0.194342836737633 0.19396784901619 0.193721830844879 0.193501159548759 0.19403213262558 0.194562509655952 0.194815203547478 0.195031732320786 0.195121079683304 0.195206895470619 0.195286124944687 0.195294916629791 0.195226952433586 0.195295244455338 0.195451721549034 0.195263534784317
0.176934570074081 0.180133387446404 0.181773990392685 0.182971447706223 0.183574721217155 0.184073269367218 0.18338617682457 0.182698428630829 0.182007327675819 0.18186616897583 0.183052867650986 0.183945402503014 0.184434100985527 0.185831591486931 0.187972620129585 0.190232113003731 0.192547708749771 0.193135038018227 0.193309426307678 0.192071244120598 0.190904811024666 0.192195028066635 0.193452447652817 0.194572582840919 0.195244953036308 0.194972082972527 0.194932222366333 0.195177108049393 0.195022329688072 0.19457645714283 0.19293400645256 0.190796002745628 0.19158673286438 0.192953184247017 0.193770438432693 0.194518595933914 0.194790482521057 0.195025861263275 0.195132851600647 0.195225238800049 0.195290490984917 0.195282861590385 0.195195809006691 0.195232406258583 0.195349007844925 0.195226892828941
0.187102243304253 0.188774853944778 0.188882574439049 0.188545241951942 0.18853648006916 0.188534408807755 0.187805384397507 0.187182068824768 0.187096506357193 0.187421455979347 0.188737645745277 0.189776480197906 0.190434530377388 0.191699609160423 0.193461373448372 0.194212153553963 0.194484055042267 0.194345578551292 0.194109052419662 0.193602368235588 0.193149968981743 0.193757608532906 0.19436939060688 0.194998428225517 0.19529327750206 0.194882616400719 0.194702371954918 0.19480374455452 0.194700360298157 0.194447845220566 0.192212089896202 0.189155027270317 0.190322831273079 0.19232115149498 0.193459123373032 0.194489121437073 0.194775551557541 0.195024579763412 0.195142090320587 0.195236682891846 0.195288747549057 0.195270910859108 0.195176884531975 0.195187509059906 0.195265859365463 0.195210054516792
0.190143525600433 0.191488087177277 0.191719859838486 0.19163516163826 0.19184485077858 0.192061245441437 0.191645279526711 0.191253557801247 0.19098524749279 0.19102044403553 0.191788464784622 0.192541599273682 0.193274304270744 0.193915843963623 0.194482803344727 0.194787293672562 0.194967463612556 0.194885969161987 0.194741949439049 0.19445626437664 0.194194972515106 0.194430232048035 0.194634035229683 0.1947061419487 0.194723635911942 0.194625839591026 0.194523975253105 0.194417133927345 0.194385454058647 0.194408550858498 0.192354395985603 0.189439967274666 0.190154954791069 0.191583380103111 0.19308540225029 0.194477811455727 0.194772943854332 0.195029079914093 0.195148140192032 0.19523948431015 0.195279330015182 0.195259064435959 0.195173308253288 0.195165202021599 0.195207327604294 0.195218130946159
0.192120179533958 0.193105027079582 0.193372264504433 0.193435415625572 0.193702682852745 0.193977281451225 0.19388610124588 0.193770959973335 0.193534031510353 0.19347383081913 0.19384041428566 0.194277003407478 0.19480973482132 0.195071831345558 0.195112481713295 0.1951914280653 0.195288494229317 0.195208743214607 0.195086732506752 0.194884747266769 0.194692641496658 0.194724455475807 0.194732189178467 0.194639161229134 0.194576233625412 0.194576784968376 0.194447368383408 0.194159090518951 0.194131463766098 0.194293677806854 0.192554578185081 0.190028056502342 0.190564557909966 0.191703170537949 0.193149045109749 0.194497689604759 0.194785207509995 0.195035368204117 0.195154190063477 0.195242419838905 0.195273846387863 0.195259556174278 0.195195466279984 0.195181325078011 0.195199519395828 0.195234179496765
0.19329833984375 0.193899720907211 0.194135993719101 0.194268435239792 0.194472596049309 0.194685205817223 0.194927603006363 0.19512277841568 0.195077791810036 0.195068001747131 0.195143193006516 0.195240125060081 0.195366904139519 0.195432603359222 0.195448338985443 0.19546727836132 0.19548773765564 0.195368319749832 0.195215463638306 0.194994166493416 0.194779828190804 0.194734871387482 0.194705471396446 0.194741174578667 0.194745495915413 0.19468355178833 0.194447129964828 0.193997502326965 0.193923145532608 0.194122135639191 0.192798167467117 0.190843492746353 0.191407293081284 0.192466154694557 0.19354073703289 0.194540932774544 0.194808632135391 0.19504302740097 0.19516022503376 0.195245459675789 0.195271298289299 0.195269286632538 0.195236921310425 0.195226311683655 0.195229753851891 0.195256233215332
0.194119825959206 0.194507718086243 0.194731697440147 0.194909065961838 0.19509094953537 0.195275604724884 0.19552218914032 0.195721447467804 0.195680022239685 0.195655763149261 0.19567297399044 0.195605054497719 0.195420309901237 0.195335060358047 0.195331230759621 0.195294082164764 0.195241183042526 0.195106223225594 0.19495165348053 0.194754019379616 0.194569304585457 0.19461578130722 0.194659680128098 0.194692760705948 0.194693684577942 0.194626688957214 0.194442704319954 0.194115728139877 0.194041162729263 0.194150432944298 0.193337395787239 0.19214241206646 0.192592516541481 0.19336599111557 0.194015204906464 0.194619819521904 0.194833844900131 0.195026636123657 0.195144847035408 0.195230886340141 0.195257216691971 0.195263981819153 0.195249408483505 0.195242926478386 0.195241704583168 0.195249393582344
0.194788441061974 0.195035696029663 0.195255383849144 0.195467233657837 0.195644348859787 0.195815622806549 0.19592522084713 0.195997327566147 0.195878729224205 0.195812195539474 0.195871442556381 0.195713624358177 0.195257797837257 0.195041075348854 0.195019975304604 0.19492843747139 0.194803550839424 0.194663405418396 0.194519639015198 0.194364041090012 0.19423121213913 0.194441199302673 0.194605708122253 0.194579884409904 0.194547116756439 0.19449970126152 0.194436460733414 0.194353893399239 0.194299042224884 0.194264367222786 0.194003328680992 0.193648532032967 0.193924516439438 0.194324493408203 0.194525137543678 0.194713994860649 0.194859802722931 0.19499996304512 0.195120275020599 0.19520877301693 0.195238202810287 0.195252224802971 0.195249453186989 0.195247396826744 0.195245787501335 0.195230156183243
0.195152193307877 0.195300221443176 0.19549398124218 0.195700764656067 0.19584546983242 0.19598114490509 0.196044132113457 0.19607050716877 0.195910573005676 0.195800602436066 0.195811316370964 0.19567559659481 0.195338845252991 0.195155173540115 0.195096746087074 0.194992497563362 0.194866538047791 0.194756403565407 0.194650053977966 0.194516152143478 0.194391548633575 0.194430112838745 0.194442957639694 0.194348126649857 0.194261029362679 0.19419027864933 0.194161891937256 0.19418528676033 0.194245532155037 0.194332614541054 0.194314613938332 0.194253087043762 0.194429010152817 0.194651618599892 0.19473959505558 0.194822758436203 0.19490759074688 0.194992944598198 0.19508008658886 0.195148169994354 0.195180863142014 0.195195153355598 0.195189386606216 0.195184394717216 0.195179894566536 0.1951604783535
0.195452854037285 0.195510223507881 0.195673599839211 0.195867121219635 0.195973724126816 0.196069180965424 0.196104258298874 0.196101740002632 0.195907890796661 0.195754244923592 0.195697695016861 0.195607244968414 0.195470288395882 0.195353716611862 0.195253804326057 0.195145457983017 0.195033103227615 0.1949602663517 0.19489686191082 0.194780394434929 0.194655016064644 0.194452866911888 0.194257691502571 0.194091767072678 0.193946078419685 0.193843126296997 0.19383180141449 0.193932503461838 0.194127574563026 0.194391414523125 0.194552525877953 0.194671079516411 0.194762289524078 0.194848120212555 0.194892913103104 0.194934532046318 0.19495989382267 0.19498997926712 0.195036664605141 0.19507959485054 0.195115610957146 0.195128723978996 0.195116877555847 0.19510743021965 0.195099517703056 0.195080354809761
0.195537835359573 0.195567280054092 0.195737242698669 0.195947155356407 0.196106418967247 0.19625099003315 0.196138709783554 0.195994168519974 0.195685535669327 0.195460841059685 0.195438802242279 0.195443153381348 0.195483729243279 0.195433795452118 0.195309802889824 0.195207297801971 0.195114985108376 0.195052981376648 0.194998219609261 0.194900363683701 0.194798558950424 0.194682374596596 0.194571152329445 0.194480627775192 0.194404020905495 0.194356769323349 0.194359764456749 0.194424137473106 0.194537654519081 0.194686964154243 0.194771081209183 0.194828197360039 0.194884717464447 0.194941103458405 0.195003673434258 0.195061534643173 0.195071175694466 0.195081457495689 0.195093974471092 0.195107489824295 0.195122838020325 0.195120975375175 0.195100352168083 0.195073693990707 0.195043131709099 0.195032507181168
0.195614874362946 0.195620641112328 0.195791378617287 0.196009039878845 0.196216195821762 0.196405306458473 0.196136146783829 0.195845872163773 0.19544829428196 0.195171684026718 0.195187106728554 0.195276886224747 0.195468723773956 0.195486292243004 0.195361286401749 0.195273295044899 0.195202827453613 0.195152550935745 0.195107087492943 0.195027872920036 0.194949954748154 0.194924876093864 0.194901615381241 0.194885939359665 0.194877877831459 0.194885894656181 0.194901868700981 0.194927573204041 0.194956421852112 0.194987550377846 0.194991230964661 0.194983541965485 0.195008784532547 0.195040509104729 0.195114955306053 0.195183500647545 0.195178896188736 0.195171236991882 0.195152893662453 0.195139139890671 0.195133954286575 0.195117086172104 0.195087522268295 0.195044577121735 0.194992989301682 0.19499072432518
0.195710197091103 0.195707395672798 0.195799469947815 0.195918530225754 0.196079358458519 0.196221753954887 0.19575110077858 0.1953294724226 0.195157214999199 0.195045873522758 0.19508159160614 0.195133149623871 0.195206448435783 0.195300996303558 0.195412904024124 0.195427015423775 0.195394799113274 0.195378348231316 0.19536566734314 0.195304900407791 0.195242688059807 0.195207148790359 0.195175230503082 0.195158392190933 0.195152282714844 0.195168823003769 0.195185214281082 0.1952014118433 0.195215731859207 0.195228666067123 0.19523748755455 0.19524459540844 0.195251256227493 0.195257812738419 0.195252195000648 0.195244461297989 0.195220440626144 0.195197924971581 0.195180684328079 0.195164859294891 0.195151701569557 0.195126235485077 0.195087403059006 0.195044159889221 0.194998070597649 0.194998443126678
0.195788815617561 0.195784851908684 0.195783600211143 0.195783123373985 0.19587941467762 0.195961222052574 0.195384964346886 0.194904804229736 0.194913432002068 0.194933414459229 0.194980844855309 0.195000126957893 0.194980785250664 0.195116132497787 0.195378065109253 0.195461913943291 0.19546140730381 0.195474117994308 0.19548998773098 0.19545091688633 0.195408329367638 0.195369437336922 0.195337742567062 0.195336103439331 0.19534794986248 0.195388212800026 0.1954175978899 0.195433676242828 0.195438921451569 0.195436269044876 0.195440366864204 0.195447251200676 0.195426046848297 0.195399343967438 0.195327535271645 0.195257514715195 0.195221319794655 0.195189923048019 0.195175468921661 0.195164263248444 0.195159122347832 0.195135429501534 0.195091530680656 0.19504901766777 0.195007413625717 0.194994926452637
0.195806190371513 0.195828139781952 0.195679843425751 0.19548311829567 0.195448115468025 0.195418521761894 0.195088237524033 0.194816559553146 0.194843083620071 0.194869935512543 0.194897592067719 0.194906383752823 0.194889292120934 0.194932907819748 0.195026189088821 0.195061087608337 0.195068329572678 0.195093095302582 0.19512203335762 0.195116490125656 0.195108041167259 0.19509182870388 0.195092916488647 0.195166438817978 0.195254847407341 0.195374697446823 0.195463225245476 0.195513486862183 0.1955296844244 0.195521056652069 0.195484235882759 0.195435732603073 0.195352777838707 0.195263043045998 0.195175960659981 0.195095002651215 0.195073053240776 0.195054724812508 0.195049181580544 0.195067152380943 0.195128753781319 0.195144817233086 0.195111259818077 0.195073306560516 0.195032492280006 0.194950208067894
