Ecospace-environmental-drivers/Outputs/ASCII-for-ecospace/MOM6-ISIMIP3a/o2-bot/2010-07_o2-bot_MOM6-ISIMIP3a.asc
NCOLS 131 
NROWS 53 
XLLCORNER -98 
YLLCORNER 23.9265270233154 
CELLSIZE 0.133587792515755 
NODATA_value -9999 
[rows 21 to 41 of 53, columns 0 to 45 of 131]
-9999 -9999 -9999 -9999 -9999 -9999 0.20333905518055 0.203134700655937 0.202547520399094 0.20170184969902 0.201006129384041 0.201140955090523 0.201264619827271 0.201632961630821 0.199939802289009 0.195867955684662 0.188309550285339 0.178356781601906 0.17752243578434 0.180209070444107 0.182904377579689 0.185601204633713 0.176991105079651 0.169340923428535 0.171753108501434 0.174401193857193 0.177814200520515 0.181779101490974 0.186707109212875 0.191641703248024 0.196583047509193 0.201584234833717 0.20662185549736 0.209452450275421 0.211547359824181 0.212230175733566 0.212715491652489 0.212875366210938 0.212996378540993 0.212869867682457 0.212879702448845 0.213269025087357 0.211165651679039 0.205209955573082 0.202557817101479 0.202937707304955
-9999 -9999 -9999 -9999 -9999 -9999 0.203355804085732 0.20333905518055 0.202930346131325 0.202218860387802 0.20170184969902 0.200175583362579 0.197928532958031 0.194255203008652 0.191554486751556 0.18997597694397 0.184625446796417 0.176684513688087 0.176948487758636 0.180380672216415 0.184481099247932 0.188699454069138 0.186065480113029 0.183734238147736 0.185176163911819 0.18673187494278 0.18865655362606 0.190853253006935 0.193524643778801 0.196489989757538 0.199757799506187 0.202898040413857 0.2059605717659 0.207930907607079 0.209537193179131 0.209554582834244 0.209352821111679 0.209215134382248 0.209100544452667 0.209133148193359 0.209258899092674 0.209643930196762 0.208616778254509 0.20540714263916 0.203978925943375 0.204185664653778
-9999 -9999 -9999 -9999 0.201478570699692 0.202701643109322 0.203403279185295 0.20332507789135 0.20333905518055 0.2025216370821 0.201312884688377 0.198606207966805 0.194257274270058 0.186658754944801 0.183141618967056 0.184333756566048 0.181355834007263 0.175514176487923 0.176938638091087 0.181168809533119 0.186140477657318 0.191243007779121 0.194122940301895 0.196700796484947 0.197166949510574 0.197615429759026 0.198006615042686 0.19863486289978 0.19967682659626 0.200722396373749 0.201771676540375 0.202850371599197 0.203946992754936 0.205041915178299 0.206136271357536 0.205487757921219 0.20460020005703 0.203969776630402 0.20334492623806 0.202755510807037 0.202301397919655 0.202223941683769 0.202146798372269 0.202070146799088 0.202084600925446 0.202182665467262
-9999 -9999 -9999 -9999 0.198737233877182 0.20107214152813 0.201999992132187 0.203403279185295 0.203232914209366 0.201064556837082 0.198398545384407 0.193827688694 0.189418226480484 0.185328125953674 0.184592992067337 0.187728986144066 0.187888458371162 0.186003804206848 0.187262177467346 0.189734190702438 0.18975405395031 0.189341187477112 0.174826398491859 0.161715343594551 0.162875026464462 0.164118215441704 0.165632143616676 0.171684473752975 0.185656726360321 0.194035142660141 0.196657598018646 0.198245823383331 0.19920402765274 0.19990237057209 0.200514107942581 0.200287863612175 0.199926689267159 0.196908518671989 0.192412510514259 0.17850498855114 0.166191846132278 0.158317029476166 0.15351939201355 0.153477340936661 0.153476372361183 0.153513073921204
-9999 -9999 -9999 -9999 -9999 0.198737233877182 0.200148075819016 0.20059671998024 0.201967820525169 0.196463719010353 0.191291198134422 0.18738779425621 0.184648081660271 0.184210926294327 0.184613913297653 0.185986280441284 0.18643045425415 0.186237201094627 0.188141956925392 0.190856844186783 0.187926217913628 0.183999329805374 0.158230558037758 0.134944230318069 0.136330261826515 0.137949466705322 0.140324726700783 0.149907037615776 0.17206634581089 0.18464183807373 0.187355801463127 0.188467055559158 0.188601940870285 0.188818827271461 0.189063042402267 0.18921086192131 0.189314678311348 0.185154497623444 0.178588479757309 0.15670120716095 0.137316256761551 0.124897159636021 0.117380991578102 0.117442011833191 0.117582492530346 0.117795892059803
-9999 -9999 -9999 -9999 -9999 0.199152916669846 0.198737233877182 0.197855070233345 0.195621088147163 0.178078383207321 0.165798649191856 0.173663258552551 0.180179983377457 0.184029579162598 0.178362652659416 0.161715134978294 0.14993591606617 0.141499981284142 0.147613525390625 0.15934519469738 0.162239298224449 0.163573861122131 0.153476491570473 0.144190758466721 0.143754601478577 0.143913984298706 0.146004319190979 0.150811567902565 0.160360082983971 0.163383290171623 0.159692078828812 0.156000718474388 0.152309253811836 0.151672452688217 0.152053847908974 0.15236434340477 0.152664035558701 0.152824014425278 0.152085542678833 0.145625591278076 0.140159487724304 0.137459993362427 0.136003404855728 0.136467650532722 0.137437492609024 0.138871356844902
-9999 -9999 0.199982166290283 0.199903666973114 0.199844479560852 0.199569091200829 0.199152424931526 0.19449457526207 0.188195750117302 0.165270537137985 0.150384694337845 0.166270136833191 0.178293481469154 0.182674810290337 0.17112672328949 0.141198545694351 0.1230493709445 0.112989366054535 0.123040460050106 0.140857189893723 0.147687569260597 0.152579188346863 0.153265342116356 0.153631538152695 0.15209898352623 0.15131351351738 0.15295048058033 0.154256045818329 0.154983296990395 0.151426643133163 0.143461927771568 0.137035682797432 0.131546646356583 0.130559310317039 0.131072521209717 0.131618678569794 0.132189631462097 0.135574594140053 0.139024183154106 0.142885386943817 0.146656155586243 0.150175139307976 0.152912706136703 0.154442608356476 0.156139642000198 0.157990053296089
-9999.000000000000000 -9999 -9999 -9999 0.200297445058823 0.200119853019714 0.20037367939949 0.189783826470375 0.178417056798935 0.164631932973862 0.156960755586624 0.172691181302071 0.182039603590965 0.178759798407555 0.161742359399796 0.128873854875565 0.117126077413559 0.119882874190807 0.133279636502266 0.150784879922867 0.15743114054203 0.162161126732826 0.162966161966324 0.16349621117115 0.162450700998306 0.16184401512146 0.162660136818886 0.163242369890213 0.163416475057602 0.159765347838402 0.152178168296814 0.147528529167175 0.144668400287628 0.144428357481956 0.145061671733856 0.14600270986557 0.147009402513504 0.151229858398438 0.155290320515633 0.158331826329231 0.161124110221863 0.16322261095047 0.166084215044975 0.170125141739845 0.172326445579529 0.172839343547821
-9999 -9999 -9999 -9999 0.200866177678108 0.201203376054764 0.201160207390785 0.187856063246727 0.174232214689255 0.165043815970421 0.160978049039841 0.176519528031349 0.181472256779671 0.165472820401192 0.145840778946877 0.122017286717892 0.118282817304134 0.128344401717186 0.142527058720589 0.158301025629044 0.16546094417572 0.171100750565529 0.171893551945686 0.172429114580154 0.171705290675163 0.171095013618469 0.170852914452553 0.170612439513206 0.170374765992165 0.167156040668488 0.160869896411896 0.157894194126129 0.156935200095177 0.157428696751595 0.158406347036362 0.159481316804886 0.160588353872299 0.164281755685806 0.16780760884285 0.170266583561897 0.17254401743412 0.174316138029099 0.177085161209106 0.181394815444946 0.183334738016129 0.183099716901779
-9999 -9999 -9999 -9999 0.201239347457886 0.201275303959846 0.201319724321365 0.18942953646183 0.177084907889366 0.166777312755585 0.161776185035706 0.177086040377617 0.175478234887123 0.140395149588585 0.121739991009235 0.122040085494518 0.128346830606461 0.138778612017632 0.150526762008667 0.162783205509186 0.171334654092789 0.179232284426689 0.179847896099091 0.180189803242683 0.179579570889473 0.178736284375191 0.177137359976768 0.175949111580849 0.175477534532547 0.173354044556618 0.169530779123306 0.168099880218506 0.16812638938427 0.16933611035347 0.170940220355988 0.17182083427906 0.172606259584427 0.174058347940445 0.175608530640602 0.177783340215683 0.180129259824753 0.182951465249062 0.185355350375175 0.187112763524055 0.187828049063683 0.187586843967438
-9999 -9999 -9999 -9999 0.201275303959846 0.201329067349434 0.201392188668251 0.19211907684803 0.182438150048256 0.173698395490646 0.169044002890587 0.180026665329933 0.176183834671974 0.143005549907684 0.125650152564049 0.126551866531372 0.135466501116753 0.149883955717087 0.160701364278793 0.170128658413887 0.177459999918938 0.184421464800835 0.184922993183136 0.185127392411232 0.184034571051598 0.182674661278725 0.180448785424232 0.178899541497231 0.17853108048439 0.177659064531326 0.17626890540123 0.176124796271324 0.176739811897278 0.177890375256538 0.179219454526901 0.179981902241707 0.180665969848633 0.181340113282204 0.182133480906487 0.183686107397079 0.185534477233887 0.188206121325493 0.19000831246376 0.190466806292534 0.190587550401688 0.190398305654526
-9999 -9999 -9999 -9999 0.201332181692123 0.201392188668251 0.197129726409912 0.195645675063133 0.189666822552681 0.184510231018066 0.181164145469666 0.184747889637947 0.18191422522068 0.166382297873497 0.150568798184395 0.134430438280106 0.140377879142761 0.16149266064167 0.172507166862488 0.17962159216404 0.183774068951607 0.187403857707977 0.18783862888813 0.187947645783424 0.1859250664711 0.183835819363594 0.18153041601181 0.180060267448425 0.1800477206707 0.180544346570969 0.181564942002296 0.182514145970345 0.183419853448868 0.183929741382599 0.184307679533958 0.185009106993675 0.185756996273994 0.18675072491169 0.18770144879818 0.188378378748894 0.189304694533348 0.190925255417824 0.191948309540749 0.192047894001007 0.192046701908112 0.191952988505363
-9999 -9999 -9999 -9999 0.201392188668251 0.200469255447388 0.199617341160774 0.199361965060234 0.1976388245821 0.188750967383385 0.182347699999809 0.185454443097115 0.185469552874565 0.179367214441299 0.165088295936584 0.14137490093708 0.143667012453079 0.163818269968033 0.175090759992599 0.182934820652008 0.186333149671555 0.188946917653084 0.189644783735275 0.190098062157631 0.188862830400467 0.187564536929131 0.186061829328537 0.185018301010132 0.184776112437248 0.185188710689545 0.186275064945221 0.187116473913193 0.187808632850647 0.188019648194313 0.188070267438889 0.188628137111664 0.189256772398949 0.189977020025253 0.190653190016747 0.191048517823219 0.191566586494446 0.192426308989525 0.192964285612106 0.193004965782166 0.19304658472538 0.193089067935944
-9999 -9999 -9999 -9999 -9999 0.203281685709953 0.203737750649452 0.203844398260117 0.205929398536682 0.190175458788872 0.178844094276428 0.184440389275551 0.188092708587646 0.187898442149162 0.175150945782661 0.147919028997421 0.146260857582092 0.162165343761444 0.17372190952301 0.183599576354027 0.187282904982567 0.18987312912941 0.190975457429886 0.191961422562599 0.192249417304993 0.192393645644188 0.192071720957756 0.191603779792786 0.190880998969078 0.19058695435524 0.190734088420868 0.190952911973 0.191215440630913 0.191274061799049 0.191264718770981 0.191643670201302 0.192074552178383 0.192267179489136 0.192483648657799 0.192852020263672 0.193182036280632 0.193405330181122 0.193584248423576 0.193694591522217 0.193849638104439 0.19404573738575
-9999 -9999 -9999 -9999 -9999 0.205873772501945 0.206489965319633 0.208006873726845 0.206702530384064 0.18958842754364 0.177436649799347 0.184278547763824 0.188860133290291 0.188969224691391 0.176300048828125 0.148886740207672 0.146758183836937 0.161993831396103 0.17274372279644 0.181761488318443 0.186458915472031 0.190393939614296 0.191851779818535 0.193150892853737 0.193579167127609 0.193864047527313 0.193684011697769 0.193449854850769 0.193121269345284 0.192941144108772 0.192913800477982 0.192971736192703 0.193081632256508 0.193102151155472 0.193092867732048 0.193282723426819 0.193499132990837 0.193581223487854 0.193678602576256 0.193873271346092 0.194042518734932 0.194140955805779 0.194242224097252 0.194347888231277 0.194496154785156 0.194683536887169
-9999 -9999 -9999 -9999 -9999 0.206867575645447 0.207393616437912 0.207618609070778 0.205920308828354 0.188585206866264 0.176462903618813 0.184293016791344 0.189243599772453 0.188496440649033 0.175604909658432 0.148700669407845 0.146821737289429 0.162128821015358 0.171846359968185 0.179405570030212 0.185267940163612 0.190830856561661 0.192634120583534 0.194200932979584 0.19448333978653 0.194639533758163 0.194386422634125 0.194315358996391 0.194561943411827 0.194665506482124 0.194621920585632 0.194614484906197 0.194629073143005 0.19463512301445 0.194638326764107 0.194636985659599 0.194635435938835 0.194693312048912 0.194742068648338 0.194732695817947 0.194746792316437 0.194826230406761 0.194908082485199 0.194993659853935 0.195110276341438 0.195255383849144
-9999 -9999 -9999 -9999 -9999 -9999 0.206719130277634 0.206555381417274 0.205281645059586 0.189169093966484 0.177822127938271 0.184715896844864 0.188706696033478 0.186953380703926 0.172927886247635 0.144742220640182 0.142479240894318 0.158018514513969 0.168233528733253 0.176392659544945 0.184428974986076 0.192443609237671 0.193780317902565 0.194881722331047 0.19524085521698 0.195449948310852 0.195172622799873 0.195025727152824 0.195106446743011 0.195137724280357 0.195118129253387 0.195110946893692 0.195111349225044 0.195091679692268 0.195065319538116 0.195018410682678 0.19496938586235 0.195022016763687 0.195080325007439 0.195174872875214 0.195264890789986 0.195342212915421 0.195418566465378 0.195493385195732 0.195587486028671 0.195699274539948
-9999 -9999 -9999 -9999 -9999 -9999 0.2062097042799 0.205983385443687 0.204731523990631 0.189921259880066 0.179404497146606 0.185321420431137 0.188157722353935 0.184898361563683 0.169717341661453 0.140780583024025 0.138354405760765 0.15413424372673 0.164858400821686 0.173630371689796 0.183705702424049 0.194011032581329 0.194886103272438 0.195526584982872 0.195932850241661 0.196175113320351 0.195885568857193 0.195665657520294 0.195567265152931 0.195519030094147 0.195522412657738 0.195508569478989 0.195484235882759 0.19543918967247 0.195387229323387 0.195307523012161 0.195225074887276 0.195294767618179 0.195379987359047 0.195564180612564 0.195717737078667 0.195785984396935 0.195854514837265 0.195923507213593 0.195996925234795 0.196074441075325
-9999 -9999 -9999 -9999 -9999 -9999 0.205477073788643 0.206090360879898 0.205057233572006 0.191710442304611 0.182252615690231 0.187680065631866 0.187919542193413 0.177893474698067 0.161762312054634 0.138586804270744 0.138656213879585 0.154688969254494 0.165315881371498 0.173855409026146 0.18404832482338 0.19453302025795 0.195386826992035 0.195964306592941 0.195996254682541 0.195974245667458 0.195777341723442 0.195628434419632 0.195563316345215 0.195528626441956 0.195525243878365 0.195399358868599 0.195198848843575 0.195137560367584 0.19512265920639 0.195076748728752 0.195029139518738 0.195344939827919 0.195614382624626 0.195588618516922 0.195563480257988 0.195540085434914 0.195569649338722 0.195681020617485 0.195749148726463 0.195777595043182
-9999 -9999 -9999 -9999 -9999 0.205364599823952 0.203330338001251 0.204357460141182 0.202516809105873 0.19152307510376 0.183615192770958 0.187518656253815 0.184251919388771 0.166797369718552 0.151024505496025 0.137192025780678 0.140987068414688 0.156887710094452 0.167398229241371 0.17582742869854 0.185327127575874 0.195015758275986 0.195719793438911 0.196147263050079 0.195909425616264 0.195700168609619 0.1955835968256 0.195495411753654 0.195456802845001 0.195432797074318 0.195423796772957 0.195234045386314 0.194934159517288 0.194872930645943 0.194891229271889 0.194885492324829 0.194879680871964 0.195324569940567 0.195685520768166 0.195511907339096 0.195360332727432 0.195270076394081 0.195270463824272 0.195410892367363 0.195493206381798 0.19552218914032
-9999 -9999 -9999 -9999 0.201386347413063 0.203540161252022 0.205364599823952 0.197508960962296 0.18946698307991 0.184088140726089 0.179530650377274 0.17811693251133 0.168009549379349 0.140699848532677 0.130082949995995 0.138726949691772 0.150757804512978 0.16511458158493 0.175438463687897 0.184205114841461 0.19003863632679 0.195354551076889 0.195437595248222 0.195396110415459 0.19527180492878 0.195157647132874 0.1950763463974 0.195011183619499 0.194974184036255 0.194950357079506 0.194940090179443 0.19486303627491 0.194745317101479 0.194743916392326 0.194781303405762 0.194839209318161 0.194900572299957 0.195045456290245 0.195157960057259 0.195064291357994 0.194977879524231 0.194911628961563 0.194918781518936 0.195039376616478 0.195207327604294 0.195418760180473
