Ecospace-environmental-drivers/Outputs/ASCII-for-ecospace/MOM6-ISIMIP3a/o2-bot/2010-01_o2-bot_MOM6-ISIMIP3a.asc
NCOLS 131 
NROWS 53 
XLLCORNER -98 
YLLCORNER 23.9265270233154 
CELLSIZE 0.133587792515755 
NODATA_value -9999 
[rows 21 to 41 of 53, columns 46 to 91 of 131]
0.219744727015495 0.218833580613136 0.217971488833427 0.217123374342918 0.216804534196854 0.216489806771278 0.214822992682457 0.213296189904213 0.212481647729874 0.21183368563652 0.211587995290756 0.211367428302765 0.21118138730526 0.206312492489815 0.197612211108208 0.163151651620865 0.116488978266716 0.118697039783001 0.132581949234009 0.138898774981499 0.144664078950882 0.149969145655632 0.157169237732887 0.172300085425377 0.183463633060455 0.186251893639565 0.188891768455505 0.191350281238556 0.193195104598999 0.194592908024788 0.194631308317184 0.194106757640839 0.194086700677872 0.19416581094265 0.193415492773056 0.192413866519928 0.189257264137268 0.18195104598999 0.160054534673691 0.142490223050117 0.132971256971359 0.125622436404228 0.120638072490692 0.117033116519451 0.114320702850819 0.115043461322784
0.214581519365311 0.213514760136604 0.211565867066383 0.209366083145142 0.208276525139809 0.2072913646698 0.206057235598564 0.202443078160286 0.186722099781036 0.175875544548035 0.176798835396767 0.173420578241348 0.164136871695518 0.157407477498055 0.152767971158028 0.137212723493576 0.116486936807632 0.12281709164381 0.135611832141876 0.147851318120956 0.159459218382835 0.16242952644825 0.166958123445511 0.178008273243904 0.186084821820259 0.187883868813515 0.189787402749062 0.19181863963604 0.193226099014282 0.194179207086563 0.194428503513336 0.194386303424835 0.194643646478653 0.194959864020348 0.194315850734711 0.193591564893723 0.19243061542511 0.18907319009304 0.177992895245552 0.168522983789444 0.162043705582619 0.153424203395844 0.142472818493843 0.134275525808334 0.127860262989998 0.12326742708683
0.206148847937584 0.204934403300285 0.201980024576187 0.198530793190002 0.196756705641747 0.19518569111824 0.19446836411953 0.188955843448639 0.15905074775219 0.138586714863777 0.140919074416161 0.134691417217255 0.116711996495724 0.10849903523922 0.108276709914207 0.11188717931509 0.117313161492348 0.127325981855392 0.138434737920761 0.156144827604294 0.173185914754868 0.173888936638832 0.175834491848946 0.182980090379715 0.188187956809998 0.189305126667023 0.190644443035126 0.192255243659019 0.193233281373978 0.19375042617321 0.194207847118378 0.194640517234802 0.195055440068245 0.195466876029968 0.194276243448257 0.193195372819901 0.193766444921494 0.194302603602409 0.194715991616249 0.193923428654671 0.190891310572624 0.181539863348007 0.165303289890289 0.153068244457245 0.143422365188599 0.133326962590218
0.149213433265686 0.148834943771362 0.148161560297012 0.147404327988625 0.146762028336525 0.146170854568481 0.146642446517944 0.144875392317772 0.13172073662281 0.124191656708717 0.130246117711067 0.130427032709122 0.122544378042221 0.118995912373066 0.118993550539017 0.124935731291771 0.133693724870682 0.143493667244911 0.153542563319206 0.165770828723907 0.177497670054436 0.179747492074966 0.182402059435844 0.186750531196594 0.189959824085236 0.190764248371124 0.191764891147614 0.193005323410034 0.193614169955254 0.193762972950935 0.194206446409225 0.194771960377693 0.194290578365326 0.193603411316872 0.193649485707283 0.193761020898819 0.194246783852577 0.194686233997345 0.194962814450264 0.19469927251339 0.19343264400959 0.189246490597725 0.181879386305809 0.176165610551834 0.171521633863449 0.159044221043587
0.108499631285667 0.109145775437355 0.110507249832153 0.112072169780731 0.112629607319832 0.113114796578884 0.114433273673058 0.115596376359463 0.115969076752663 0.118650816380978 0.126907959580421 0.131834983825684 0.132190197706223 0.132483139634132 0.132725164294243 0.140060633420944 0.150756105780602 0.159635797142982 0.168081641197205 0.175290644168854 0.18216310441494 0.18537400662899 0.188325047492981 0.190188497304916 0.191630288958549 0.192181944847107 0.192885011434555 0.193773120641708 0.194030538201332 0.193828552961349 0.19422772526741 0.194875836372375 0.193659380078316 0.192076399922371 0.193142622709274 0.194236755371094 0.194645062088966 0.194998368620872 0.195158243179321 0.195319324731827 0.195482641458511 0.195503249764442 0.195368364453316 0.195019245147705 0.194531500339508 0.181528925895691
0.138912990689278 0.141411110758781 0.143728151917458 0.145993679761887 0.148048773407936 0.150033473968506 0.150699228048325 0.151217445731163 0.150985240936279 0.151933223009109 0.15573088824749 0.15811450779438 0.158556818962097 0.159082263708115 0.15967570245266 0.164289698004723 0.170808121562004 0.17566591501236 0.180126920342445 0.184344902634621 0.188379198312759 0.189983129501343 0.191421762108803 0.192168682813644 0.192856103181839 0.193417951464653 0.194003686308861 0.194618597626686 0.194602459669113 0.194126695394516 0.194348394870758 0.194858953356743 0.193614318966866 0.192024648189545 0.193161502480507 0.194318309426308 0.194683521986008 0.194996938109398 0.195128247141838 0.195256248116493 0.19537815451622 0.195402726531029 0.195321261882782 0.195265263319016 0.195225775241852 0.189839839935303
0.163696333765984 0.167036801576614 0.169758230447769 0.17230361700058 0.174887880682945 0.177387923002243 0.177506938576698 0.177494093775749 0.176810473203659 0.176506593823433 0.177119642496109 0.177769154310226 0.178468719124794 0.17945559322834 0.180677533149719 0.183135822415352 0.186179757118225 0.187949895858765 0.189415708184242 0.19128355383873 0.193085089325905 0.193519249558449 0.193867683410645 0.193857297301292 0.193987265229225 0.194413527846336 0.194808229804039 0.195164352655411 0.194962561130524 0.194354385137558 0.194013714790344 0.193783819675446 0.192895650863647 0.191878065466881 0.193123996257782 0.194362193346024 0.194705933332443 0.194999501109123 0.195116579532623 0.195223540067673 0.195311665534973 0.195330575108528 0.195274069905281 0.195395648479462 0.195632442831993 0.195492759346962
0.17619577050209 0.178175747394562 0.180099040269852 0.182006195187569 0.183006510138512 0.183874577283859 0.183678150177002 0.1833825558424 0.182582423090935 0.182078123092651 0.182288110256195 0.182969287037849 0.184297353029251 0.186245188117027 0.18870010972023 0.190237149596214 0.191339433193207 0.192060381174088 0.192690223455429 0.193606317043304 0.1944959461689 0.194714292883873 0.194893643260002 0.194909766316414 0.194911897182465 0.194884464144707 0.194927349686623 0.195056185126305 0.194860458374023 0.194428339600563 0.192685469985008 0.190399780869484 0.190707296133041 0.191524595022202 0.192963436245918 0.194323867559433 0.194693371653557 0.195010781288147 0.195144951343536 0.195257022976875 0.195328071713448 0.195320323109627 0.195226728916168 0.19527368247509 0.1954116076231 0.195346310734749
0.185137689113617 0.186246886849403 0.187450215220451 0.188680320978165 0.188477516174316 0.188136383891106 0.188020259141922 0.187816500663757 0.187166944146156 0.186747476458549 0.186883613467216 0.187591537833214 0.189084485173225 0.191095560789108 0.193530559539795 0.194338515400887 0.194375768303871 0.194476649165154 0.194592729210854 0.194862619042397 0.195127829909325 0.195171266794205 0.195224180817604 0.195316731929779 0.195308461785316 0.195087358355522 0.194936543703079 0.194871619343758 0.194704279303551 0.194462329149246 0.191975399851799 0.188558742403984 0.189429730176926 0.191143572330475 0.192764684557915 0.194268360733986 0.19465833902359 0.194995000958443 0.19514411687851 0.19526170194149 0.195320725440979 0.195304185152054 0.195205345749855 0.1952074021101 0.195274755358696 0.195270031690598
0.189603939652443 0.190458446741104 0.191040217876434 0.191544428467751 0.190617606043816 0.189599141478539 0.190061211585999 0.190420582890511 0.190257593989372 0.190281853079796 0.190758243203163 0.191486746072769 0.192561328411102 0.193506240844727 0.194345071911812 0.194665655493736 0.194740757346153 0.194761455059052 0.194769158959389 0.194777235388756 0.194779679179192 0.194699674844742 0.194679781794548 0.194911569356918 0.195040687918663 0.194953039288521 0.194807425141335 0.19459094107151 0.194480046629906 0.194446057081223 0.192043036222458 0.188658937811852 0.189297989010811 0.190727889537811 0.192517876625061 0.194191232323647 0.194595038890839 0.19494517147541 0.195106565952301 0.195230141282082 0.195283472537994 0.195280656218529 0.19521664083004 0.195211157202721 0.195243537425995 0.195282027125359
0.192207112908363 0.192760080099106 0.192960634827614 0.193060979247093 0.192174136638641 0.191244050860405 0.191873908042908 0.192418798804283 0.192531496286392 0.19276836514473 0.193305030465126 0.19386100769043 0.19444352388382 0.194775104522705 0.194901376962662 0.194969177246094 0.195009291172028 0.194945856928825 0.194857686758041 0.19475419819355 0.194648608565331 0.19452777504921 0.194477498531342 0.19472262263298 0.194881469011307 0.194858193397522 0.194722801446915 0.194450333714485 0.194343224167824 0.194356545805931 0.192272186279297 0.189319103956223 0.189899235963821 0.191173911094666 0.192754089832306 0.194232612848282 0.19460740685463 0.194934040307999 0.195091292262077 0.195211544632912 0.19526307284832 0.195272266864777 0.195235371589661 0.195224687457085 0.195230975747108 0.195258870720863
0.193412974476814 0.193629249930382 0.19362884759903 0.19356681406498 0.193292990326881 0.193025544285774 0.193515405058861 0.193962603807449 0.194192841649055 0.194468975067139 0.194855883717537 0.19509457051754 0.195129737257957 0.195187598466873 0.195264011621475 0.195254966616631 0.195205464959145 0.195054948329926 0.194880306720734 0.194777920842171 0.194680333137512 0.194580644369125 0.194531798362732 0.194695800542831 0.194803655147552 0.194792971014977 0.194671541452408 0.194414779543877 0.194271951913834 0.19421212375164 0.192622467875481 0.190399259328842 0.191050231456757 0.192266196012497 0.193352594971657 0.1943628937006 0.194676548242569 0.194951921701431 0.195092722773552 0.19520266354084 0.195255294442177 0.195275261998177 0.195259660482407 0.195245563983917 0.195232421159744 0.195209369063377
0.194138765335083 0.194212824106216 0.194197654724121 0.194157108664513 0.194123491644859 0.194105982780457 0.194504171609879 0.194866746664047 0.195048108696938 0.195256963372231 0.195532202720642 0.195585235953331 0.195333227515221 0.195243328809738 0.195286080241203 0.195246532559395 0.195167973637581 0.194968655705452 0.194740489125252 0.194558441638947 0.194394007325172 0.194439843297005 0.194495990872383 0.194595262408257 0.19465634226799 0.194636821746826 0.194544747471809 0.19436402618885 0.194250836968422 0.194186851382256 0.193219587206841 0.191878229379654 0.192440718412399 0.193377465009689 0.194033473730087 0.194638788700104 0.19485042989254 0.195037066936493 0.195135727524757 0.195214033126831 0.195254549384117 0.19527143239975 0.195262551307678 0.195246785879135 0.195226565003395 0.195174962282181
0.194658830761909 0.194673970341682 0.194723844528198 0.194783598184586 0.194830402731895 0.194885954260826 0.195213213562965 0.195496752858162 0.19555789232254 0.195653811097145 0.195833697915077 0.195757523179054 0.195329815149307 0.195146173238754 0.19516222178936 0.195111975073814 0.195030331611633 0.194798618555069 0.194531053304672 0.194234728813171 0.19397135078907 0.194216057658195 0.194421574473381 0.194463104009628 0.19447922706604 0.194441705942154 0.194385588169098 0.194306746125221 0.194251209497452 0.194212660193443 0.193922489881516 0.193528100848198 0.193933844566345 0.194496870040894 0.194749653339386 0.194977104663849 0.195069223642349 0.195151031017303 0.195196524262428 0.195234075188637 0.19525682926178 0.195264667272568 0.195256248116493 0.195239588618279 0.195217579603195 0.195147022604942
0.195113703608513 0.195110812783241 0.195193901658058 0.195301428437233 0.195396780967712 0.195495516061783 0.19571977853775 0.195877850055695 0.195699170231819 0.195591062307358 0.19565337896347 0.195569947361946 0.195286452770233 0.195169821381569 0.195189744234085 0.195130050182343 0.19503265619278 0.194857284426689 0.194663271307945 0.19441682100296 0.19418753683567 0.194260761141777 0.19430510699749 0.194228574633598 0.194166362285614 0.194134384393692 0.194133147597313 0.194169461727142 0.194248557090759 0.194358795881271 0.194353312253952 0.194299906492233 0.194566667079926 0.194896355271339 0.195001527667046 0.195092141628265 0.195121765136719 0.19514824450016 0.19516359269619 0.195177808403969 0.195189937949181 0.195188164710999 0.195171266794205 0.195156708359718 0.195143669843674 0.195089921355247
0.195555090904236 0.195542618632317 0.195652335882187 0.1957967877388 0.195934072136879 0.196069836616516 0.196184456348419 0.19620743393898 0.195764198899269 0.195433244109154 0.195373371243477 0.195307925343513 0.195234805345535 0.195218473672867 0.19524858891964 0.19517970085144 0.195063933730125 0.1949632614851 0.194866180419922 0.194703549146652 0.194535911083221 0.19436103105545 0.194179937243462 0.193972855806351 0.193825408816338 0.193803861737251 0.193861410021782 0.194015637040138 0.194245263934135 0.194529816508293 0.194727852940559 0.194890052080154 0.195021495223045 0.195146888494492 0.195157319307327 0.19516097009182 0.195139914751053 0.195121303200722 0.195111259818077 0.195105776190758 0.195108741521835 0.195097237825394 0.195069998502731 0.195058166980743 0.195056319236755 0.195026770234108
0.195872738957405 0.195843711495399 0.195967108011246 0.196133866906166 0.196289241313934 0.19642972946167 0.196199506521225 0.195931330323219 0.195470049977303 0.195137813687325 0.195117115974426 0.195150628685951 0.195258527994156 0.195296362042427 0.195276841521263 0.195204749703407 0.195107772946358 0.195044651627541 0.194989636540413 0.194855824112892 0.19471700489521 0.194584280252457 0.194453790783882 0.194332674145699 0.194247499108315 0.194238170981407 0.194281384348869 0.194388821721077 0.194542557001114 0.194730013608932 0.194864183664322 0.194976285099983 0.195045202970505 0.195105642080307 0.195099547505379 0.195089936256409 0.195070043206215 0.195050477981567 0.195032104849815 0.195022508502007 0.195029228925705 0.195030152797699 0.195024788379669 0.195013463497162 0.194998294115067 0.194985345005989
0.196134984493256 0.196088448166847 0.196217551827431 0.196396589279175 0.196565106511116 0.196706801652908 0.196152836084366 0.195616081357002 0.195166826248169 0.194854602217674 0.194873258471489 0.19499446451664 0.195256426930428 0.195348784327507 0.195302367210388 0.195234999060631 0.19515772163868 0.19513013958931 0.19511441886425 0.195010602474213 0.194902434945107 0.194819226861 0.194745108485222 0.194708988070488 0.194684207439423 0.194683343172073 0.194705486297607 0.194755762815475 0.194825604557991 0.19490972161293 0.194974675774574 0.195031717419624 0.195047155022621 0.195054396986961 0.195038646459579 0.195022165775299 0.195006728172302 0.194989070296288 0.19496363401413 0.194949880242348 0.194957807660103 0.194969400763512 0.194984972476959 0.194975137710571 0.194948852062225 0.194952130317688
0.19586555659771 0.195794612169266 0.195850148797035 0.195941656827927 0.196081981062889 0.196202829480171 0.1956627368927 0.195172846317291 0.194938227534294 0.194767326116562 0.19475032389164 0.194800451397896 0.194942757487297 0.195115625858307 0.195313483476639 0.195332631468773 0.195267111063004 0.19527094066143 0.195291340351105 0.195256263017654 0.195213854312897 0.195120126008987 0.195031970739365 0.194967180490494 0.19491246342659 0.19487901031971 0.194843173027039 0.194804400205612 0.194813221693039 0.194856703281403 0.194923266768456 0.194999381899834 0.195022866129875 0.195036023855209 0.19504651427269 0.195055902004242 0.195055440068245 0.195049092173576 0.195022001862526 0.194995954632759 0.194971859455109 0.194964751601219 0.194976150989532 0.194979295134544 0.194977089762688 0.194996073842049
0.195650741457939 0.195573523640633 0.195539578795433 0.19551794230938 0.195613026618958 0.195699378848076 0.195227727293968 0.194823428988457 0.194761872291565 0.19470426440239 0.194656237959862 0.194646283984184 0.194688633084297 0.194897413253784 0.195242375135422 0.195318669080734 0.195267677307129 0.195294260978699 0.195339351892471 0.195360973477364 0.195374578237534 0.19529527425766 0.195219680666924 0.195159584283829 0.195105969905853 0.195066019892693 0.195001736283302 0.194907680153847 0.194871693849564 0.19487801194191 0.194931760430336 0.195005133748055 0.195029929280281 0.195045158267021 0.195076048374176 0.195105448365211 0.19511453807354 0.19511391222477 0.19507908821106 0.195040225982666 0.194993853569031 0.19497112929821 0.194974169135094 0.194989114999771 0.195011764764786 0.195036932826042
0.195636138319969 0.195619165897369 0.195437386631966 0.195208758115768 0.19519604742527 0.195197850465775 0.194994673132896 0.194818124175072 0.194777116179466 0.194729954004288 0.194667920470238 0.194638192653656 0.194652810692787 0.194734022021294 0.194869741797447 0.194895520806313 0.194869220256805 0.194886714220047 0.194914668798447 0.194948732852936 0.194982722401619 0.195009335875511 0.195043727755547 0.195110738277435 0.195172041654587 0.19522126019001 0.195236831903458 0.195211306214333 0.195190027356148 0.195171862840652 0.195159941911697 0.195150598883629 0.19515186548233 0.195155203342438 0.195185109972954 0.195213004946709 0.195211693644524 0.195196330547333 0.19513151049614 0.195077881217003 0.195045009255409 0.195017963647842 0.194997236132622 0.195019662380219 0.195070028305054 0.19506648182869
