Ecospace-environmental-drivers/Outputs/ASCII-for-ecospace/MOM6-ISIMIP3a/o2-bot/2012_mo08_avg31y_o2-bot_MOM6-ISIMIP3a.asc
NCOLS 131 
NROWS 53 
XLLCORNER -98 
YLLCORNER 23.9265270233154 
CELLSIZE 0.133587792515755 
NODATA_value -9999 
[rows 21 to 41 of 53, columns 46 to 91 of 131]
0.179307162281006 0.180858026589117 0.18155119832485 0.182000445262078 0.182577473982688 0.183142216936235 0.183022103482677 0.183042963185618 0.183780926850534 0.184748148245196 0.186268940087288 0.187748664809812 0.189172010267934 0.187913423584354 0.184460554392107 0.155025000053067 0.113282021495604 0.119294311490751 0.136716936384478 0.143168269626556 0.14885555688412 0.154392506807081 0.161783278469116 0.176932492083119 0.188170641180008 0.191152219810793 0.193274730155545 0.194347280648447 0.195320850899143 0.196222324044474 0.196191374332674 0.195774274487649 0.195629299648346 0.195537815651586 0.195109338529648 0.194446479601245 0.191615892994788 0.184503989834939 0.162338775492484 0.144527586237077 0.134802310697494 0.127167381346226 0.121809964939471 0.11757751241807 0.114072964076073 0.112952608735331
0.182823315743477 0.183787874156429 0.182957579051295 0.181616825922843 0.18161332366928 0.181751546359831 0.18202047915228 0.180838459922421 0.172275648482384 0.166601332445298 0.167901589024451 0.164327204227448 0.154060590651728 0.148176552787904 0.145878217393352 0.133049852905735 0.115233642920371 0.123890945507634 0.138873655949869 0.151283335781867 0.162934998831441 0.166126636728164 0.170898917701937 0.182286341344157 0.190700687227711 0.192838618351567 0.194393684306452 0.195236359392443 0.195787668708832 0.19612675424545 0.196143196475121 0.196026019031002 0.196168328004499 0.196361642210714 0.19602462024458 0.195608967734921 0.194617064729814 0.191344520257365 0.180053146135423 0.170607920135221 0.164591190315062 0.156084146711134 0.144863817960985 0.136329374005718 0.129532821716801 0.123729626257573
0.183234583466284 0.183591108649008 0.181082102079545 0.177758137064595 0.177571427437567 0.177725027165105 0.178396561453419 0.176097005125015 0.158683920579572 0.14684550223812 0.148467683503705 0.140257738770977 0.118549602646982 0.108315445002048 0.107468983819408 0.11164134836966 0.118191020863671 0.128956073955182 0.140728322248305 0.158616774024502 0.175806522850067 0.176711206474612 0.178957434431199 0.186818166125205 0.192684833080538 0.194341877295125 0.195532219544534 0.196152151111634 0.196268542158988 0.196018160350861 0.196076556078849 0.19626282924606 0.196595103509964 0.196956080775107 0.196077367951793 0.195287684279103 0.195816166458591 0.196275862474595 0.196493691975071 0.195952979787703 0.194003559889332 0.185120147082113 0.168681907557672 0.156370705654544 0.14672988845456 0.136081307165084
0.144290858699429 0.144586162221047 0.142147912613807 0.138932240105444 0.138838980947771 0.139099216749591 0.140274276175807 0.139983243999943 0.132234395992371 0.128657764004123 0.135155369197169 0.134809152733895 0.125067278983132 0.120469026027187 0.120079142191718 0.126027454051279 0.134978031919849 0.145271310883184 0.155885408001561 0.168072487558088 0.179707209910116 0.181729658957451 0.184287820131548 0.189087985023375 0.19290713629415 0.194655293899198 0.195922158898846 0.196600780852379 0.196547153015291 0.195960162147399 0.196034743420539 0.196383305614994 0.196151110433763 0.19580475457253 0.195732385400803 0.195712463028969 0.196105757547963 0.196440650570777 0.196570196940053 0.196373187726544 0.195569720960432 0.191609007696952 0.184208366178697 0.178807343686781 0.174700169794021 0.162082685097571
0.117396270075152 0.118096232894928 0.116331741213799 0.113866360437485 0.11409092526282 0.114623092355267 0.116026209967752 0.117200726943631 0.117212383256805 0.119989463398533 0.129443943981201 0.134931364367085 0.134972547331164 0.1351024792079 0.135305025885182 0.142316916296559 0.152554244283707 0.161710424769309 0.170608283050599 0.177379394731214 0.183758026169192 0.186550720084098 0.189214711227725 0.191340076827234 0.193328659380636 0.195028477618771 0.196286875394083 0.197005767495401 0.196793707147721 0.19590355744285 0.19598169913215 0.196460843566925 0.195794167537843 0.194902247959568 0.195477156869827 0.196073689287709 0.196350770131234 0.196579791365131 0.196639841602695 0.196723016039018 0.196849136102584 0.196896442482548 0.196857886448983 0.197070652919431 0.197446045375639 0.184622719883919
0.143333754231853 0.14648113567983 0.148034406765815 0.149134313867938 0.150660499930382 0.152189372527984 0.152612696251562 0.152871976937017 0.1522967930763 0.153061220242131 0.15706027900019 0.159479984833348 0.159731454906925 0.160609481315459 0.162000138432749 0.166952062037683 0.173590878805807 0.178692696555968 0.18342727566919 0.18603383485348 0.188467119489947 0.190506267932154 0.192372399472421 0.193514446577718 0.194623698149958 0.195663718446609 0.196541002200496 0.197219389580911 0.19689971496982 0.19585306413712 0.195879411312842 0.196350128419938 0.195818914521125 0.195090743322526 0.195615486752602 0.196156256141201 0.196400316972886 0.196606482709608 0.196679405627712 0.196764249955454 0.196871241734874 0.19691596252303 0.196892837362905 0.197035096345409 0.197284363931225 0.191985747506542
0.165152347856952 0.169369082297048 0.172758923903588 0.17591359778758 0.177985371120514 0.179869128331061 0.17966945757789 0.179383677340323 0.178659871220589 0.178222964367559 0.178478796155222 0.1787385104164 0.179003548237585 0.180410269768007 0.182751088373123 0.18585074044043 0.189309834953277 0.19126578492503 0.192862580380132 0.192644792218362 0.192409967703204 0.193741588342574 0.194903544841274 0.195355445627243 0.195772138814772 0.196114506452314 0.196559965129822 0.197131424661606 0.196792270387373 0.195789845239732 0.195452840097489 0.19539140693603 0.195291164901949 0.195183293954019 0.195709873111017 0.19622960206001 0.19645285558316 0.196644677750526 0.196725977524634 0.196808672239704 0.19689395975682 0.196928381439178 0.196907386183739 0.196989903526921 0.19713939053397 0.197025340410971
0.177984129517309 0.180263474102943 0.182258147385813 0.184171860737185 0.185139653182799 0.185977934348968 0.185933753848076 0.185910581581054 0.185994283806893 0.186126211958547 0.186374589320152 0.186454823420894 0.186304216423342 0.187760946731414 0.190532749699008 0.192233289922437 0.193426398500319 0.194218671610278 0.194915172073149 0.194797176507212 0.194680986385192 0.195405478919706 0.196067662969712 0.19646908102497 0.19660072413183 0.196162847741958 0.196065838779173 0.196385434558315 0.196219115968673 0.195698865959721 0.194318717525851 0.192582457776993 0.193557945951339 0.195066498652581 0.195708389243772 0.196282827565747 0.196511919940672 0.196707969711673 0.196787842819768 0.196860045194626 0.196918004943478 0.196925309877242 0.196877423794039 0.196923691899546 0.197030879797474 0.196995536646535
0.187049527322092 0.188179728965605 0.189235545935169 0.190270207101299 0.19048932242778 0.190622604662372 0.190692299316006 0.190817401293785 0.191224361138959 0.191605727999441 0.191925303589913 0.192041485540328 0.191878438476593 0.193023026950898 0.19523748755455 0.195918847956965 0.195874013727711 0.196001032667775 0.196169112478533 0.196072895200022 0.195976889902546 0.196148262869927 0.196358283200572 0.196730039292766 0.196760843357732 0.196071876152869 0.195734857551513 0.195827991251023 0.195792066474115 0.195662136039426 0.193774341575561 0.191158554246349 0.192648738141983 0.194946059776891 0.195692995382893 0.196339942755238 0.196571023714158 0.196767092712464 0.196840056007908 0.196898677656727 0.196930664681619 0.196917978025252 0.196856615524138 0.196875226113104 0.196945584108753 0.196964738349761
0.191376501994748 0.192349244990656 0.19304028057283 0.193651198379455 0.193568644504393 0.193425274664356 0.19355648900232 0.193686025757943 0.193807012131137 0.194035989622916 0.19452571965033 0.194948879461135 0.195280648046924 0.195657486877134 0.196071204158568 0.196211369768266 0.196221961609779 0.196310774933907 0.196418278640316 0.196245689545908 0.196046020715467 0.19573222341076 0.19554997307639 0.195918260562804 0.196079982384559 0.195805631337627 0.195609124437455 0.19550775664468 0.195548833858582 0.195693661609004 0.193971911745687 0.19147714780223 0.192776204116883 0.194821034227648 0.195660105636043 0.196401946967648 0.196630179401367 0.196820972427245 0.196880128114454 0.196921279834163 0.196928998154979 0.196905285600693 0.19684732585184 0.19684908947637 0.196889495657336 0.196932691720224
0.193883204652417 0.194677928282369 0.195130007882272 0.195484634849333 0.195349195791829 0.195177974720155 0.19539488659751 0.195580122932311 0.195604195517878 0.195749819278717 0.196188931503604 0.196577950831382 0.196898197454791 0.196902967749103 0.196649623493994 0.196563080433876 0.196555547656551 0.196579771657144 0.196611584194245 0.196403538988483 0.19616569097965 0.19573391541358 0.195439129587143 0.195717662092178 0.19587769143043 0.195787559593877 0.195645117471295 0.195438742156952 0.195481848812872 0.195706674648869 0.194205470623509 0.191989462221822 0.193132885040775 0.194936695118104 0.195749329463128 0.196472806795951 0.196683873572657 0.196858811763025 0.196906720918994 0.19693488219092 0.196926362572178 0.19689796240099 0.196847898825522 0.196834228692516 0.196844100952148 0.196884302362319
0.195024683590858 0.195625970921209 0.195933457343809 0.196157385745356 0.196155659133388 0.19614318157396 0.19646392954934 0.196743312862612 0.196812272071838 0.196926319791425 0.19714923299128 0.197248269954035 0.197177238522037 0.197106701231772 0.197036569156954 0.196959184062096 0.196878364489925 0.196818213789694 0.196763000661327 0.19655017747033 0.196323266913814 0.196048911540739 0.195851392803654 0.195975451700149 0.19603433051417 0.195955616812552 0.195802406437935 0.195558149487742 0.195547055332891 0.195705797403089 0.194466019830396 0.192647064885786 0.193661481142044 0.195232869636628 0.195930141595102 0.196550310138733 0.196733470885984 0.19688462009353 0.196923204006687 0.196941729034147 0.196923002119987 0.196894670205732 0.196855872388809 0.196827822635251 0.196806727878509 0.19682365463626
0.195750203824812 0.196205250197841 0.19645574785048 0.196648071369817 0.196731043438758 0.196810548343966 0.197098771410604 0.197348638888328 0.19740340882732 0.1974816091599 0.197616388720851 0.1975803130096 0.197309675235902 0.197172016866745 0.197143156201609 0.197052504266462 0.196932580682539 0.196810591124719 0.196688108386532 0.196395660119672 0.19610881084396 0.196073397032676 0.196052059531212 0.196089636894964 0.196100034060017 0.196053042046485 0.195951133005081 0.195782109133659 0.195763956154546 0.195855697316508 0.195075008176988 0.19393301779224 0.194649829018501 0.195732036905904 0.196203118370425 0.196622840339138 0.196761965751648 0.196877504068036 0.196910112134872 0.196925863142936 0.196910316905668 0.196886982167921 0.196855161459215 0.196821231034494 0.196785933548404 0.196786435861741
0.19629745521853 0.196626484394073 0.196857541318863 0.197060732110854 0.197207386935911 0.19735026888309 0.197547523244735 0.197714878186103 0.197730138417213 0.197770664768834 0.197872192148239 0.197767376899719 0.197379282885982 0.197178009056276 0.197129590376731 0.197016056026182 0.196871676271962 0.196697512461293 0.196516229260352 0.196112078043722 0.195734911387967 0.19597337803533 0.196162040195157 0.196142276448588 0.196126755687498 0.196120193889064 0.196096192444524 0.196050879455382 0.196045869300442 0.196070213952372 0.195833330192874 0.19548826448379 0.195835216872154 0.196318203883786 0.196515589952469 0.196693244480318 0.196781414651102 0.196856276642892 0.196884343220342 0.196900266312784 0.196893634334687 0.19687740937356 0.196850731488197 0.196814560121106 0.196772246591506 0.196759255663041
0.196757760259413 0.196971302070925 0.19719518048148 0.19742199442079 0.197586865194382 0.19774597787088 0.197920909812374 0.198029439295492 0.197800189256668 0.197643519409241 0.197662089140184 0.197561464482738 0.197297207290126 0.197155306416173 0.197113518753359 0.197023044670782 0.196909505994089 0.196762650243698 0.196607837753911 0.196313915233458 0.196033592185666 0.196090260821004 0.196106652098317 0.195954476152697 0.19585107459176 0.195850642938768 0.195870149520136 0.195914022384151 0.196007547359313 0.196137239856105 0.196135258963031 0.196078748472275 0.196279843488047 0.196531577937065 0.196634997763941 0.196728897190863 0.196783450341994 0.196830297670057 0.196850044112052 0.196863458521904 0.196865115915575 0.196853173355902 0.196826410870398 0.196796388395371 0.196764252358867 0.19675477185557
0.197200076233956 0.197300310577116 0.197519546074252 0.197772624511873 0.197946298987635 0.198111890785156 0.198278703035847 0.19833330617797 0.197817136203089 0.197430261200474 0.197355588116953 0.197274246042775 0.197183748406749 0.19712667022982 0.19709692991549 0.197039020157629 0.196967763285483 0.196864668400057 0.196753963828087 0.196616192017832 0.196471432524343 0.196252023981464 0.196017050454693 0.195716927128453 0.195512826404264 0.195511426175794 0.195567319470067 0.195693240531029 0.195902968606641 0.196173746258982 0.19634275667129 0.196469621792916 0.196571206854236 0.196667822618638 0.196714457004301 0.196757360812156 0.196781883316655 0.196803332336487 0.196813978014454 0.196824332398753 0.196834148418519 0.196825901827505 0.196797974648014 0.196775834406576 0.196757438682741 0.196754982875239
0.197630798143725 0.197683125734329 0.19788943086901 0.198139530997122 0.198314162511979 0.198464677218468 0.198172655317091 0.197845741145072 0.19734134597163 0.196976834727872 0.196950082336703 0.196989737210735 0.197120557388952 0.197160627572767 0.197126455364689 0.197077957372512 0.197022676948578 0.196933389671387 0.196835980780663 0.196730661296075 0.196622611534211 0.196482725201115 0.19633920731083 0.196180485909985 0.196071942487071 0.196069323247479 0.196096702929466 0.196160747158912 0.196270464408782 0.196413452106137 0.196510483661006 0.196588481626203 0.196655939182928 0.19672132259415 0.196767433516441 0.196810188793367 0.196827127568183 0.196839895459913 0.196838014548825 0.196837538673032 0.196839667616352 0.196831465728821 0.196812007696398 0.196788479243555 0.196762319534056 0.196762653608476
0.197990325189406 0.197997224907721 0.198182184369333 0.19841777941873 0.198588848594696 0.198721628996634 0.197999131294989 0.197319808986879 0.19686012306521 0.196541756391525 0.196564625828497 0.196713579277838 0.197035628941751 0.1971741006259 0.197162378218866 0.197131106449712 0.197090573849217 0.197015264341908 0.196931644312797 0.196851425113217 0.19677306952015 0.196718382739252 0.19667060144486 0.196651723596358 0.196637525193153 0.196633211066646 0.196631048956225 0.196631513295635 0.196640255951112 0.196655025405269 0.196676516725171 0.196700789274708 0.196738846840397 0.196779616417423 0.196825305300374 0.196867790914351 0.196877193547064 0.196881326456224 0.196866937222019 0.196855191261538 0.196848355954693 0.196839066763078 0.196827105456783 0.196802280602917 0.196769132248817 0.196772432134997
0.197595974610698 0.197552681449921 0.197630409271486 0.197742557333362 0.19786557987813 0.197962593647741 0.197327397523388 0.196762653127793 0.196556277332767 0.196417126924761 0.196440304479291 0.196525199278708 0.196694818235213 0.196939122292303 0.197244532165989 0.19732486336462 0.197298574351495 0.197253300778327 0.197203488119187 0.197129049608784 0.197052748933915 0.196973988125401 0.196903873835841 0.196869951102041 0.196843415018051 0.196832470836178 0.196820808514472 0.196808267504938 0.196809019773237 0.196819455392899 0.196843469335187 0.196873106302754 0.196901005121969 0.196928558330382 0.196948043281032 0.196964673457607 0.196956366300583 0.196944340582817 0.196919248469414 0.196895289324945 0.196873437973761 0.196852729685845 0.196833273576152 0.196812526352944 0.196790949471535 0.196801143788522
0.197262825504426 0.197191439328655 0.197158804824275 0.197137195256449 0.197199053341343 0.197248614603473 0.196735493117763 0.196305554720663 0.196298752100237 0.196300640221565 0.19632350292898 0.196356754629843 0.196404272029477 0.196696901033002 0.197190071305921 0.19734153680263 0.197331145886452 0.19731635335953 0.197300509099037 0.197244705211732 0.197184805427828 0.197105238033879 0.19703474592778 0.197002209963337 0.196978155643709 0.196972004348232 0.196962886760312 0.196950142902713 0.196949431973119 0.196957481484259 0.19697924775462 0.197006694732174 0.197022693291787 0.197036436007869 0.197034517603536 0.197030147237162 0.1970074849744 0.196982496688443 0.196949326703625 0.196918833640314 0.196893313238698 0.196867824081452 0.196842368091306 0.196825891252487 0.196815224905168 0.196823523409905
0.197154084520955 0.197135649381145 0.196981170485097 0.196788000964349 0.196740587392161 0.196699844252679 0.196436297989661 0.196215348378305 0.196211092414394 0.196214013041988 0.196234264681416 0.196261417481207 0.196298039728595 0.196428124943087 0.196634676187269 0.196708905600732 0.196720456884753 0.196737786454539 0.196756497986855 0.196766470709155 0.196775559456118 0.196780520100747 0.196790137117909 0.196819238124355 0.196852010103964 0.196892533090807 0.196930123913673 0.196964130286248 0.196985876848621 0.196998695212026 0.197000716963122 0.196998266923812 0.196995988007515 0.19699374081627 0.196988032229485 0.196980442731611 0.196955743816591 0.196929508159238 0.196897880204262 0.19688167254771 0.19689410107751 0.196888161763068 0.196862212592556 0.196850692552905 0.196848504485623 0.196822681734639
