Ecospace-environmental-drivers/Outputs/ASCII-for-ecospace/MOM6-ISIMIP3a/o2-bot/2013_mo08_avg50y_o2-bot_MOM6-ISIMIP3a.asc
NCOLS 131 
NROWS 53 
XLLCORNER -98 
YLLCORNER 23.9265270233154 
CELLSIZE 0.133587792515755 
NODATA_value -9999 
[rows 0 to 20 of 53, columns 46 to 91 of 131]
-9999 -9999 -9999 -9999 -9999 -9999 -9999 -9999 -9999 -9999 -9999 -9999 -9999 -9999 -9999 -9999 -9999 -9999 -9999 -9999 -9999 -9999 -9999 -9999 -9999 -9999 -9999 -9999 -9999 -9999 -9999 -9999 -9999 -9999 -9999 -9999 -9999 -9999 -9999 -9999 -9999 -9999 -9999 -9999 -9999 -9999
-9999 -9999 -9999 -9999 -9999 -9999 -9999 -9999 -9999 -9999 -9999 -9999 -9999 -9999 -9999 -9999 -9999 -9999 -9999 -9999 -9999 -9999 -9999 -9999 -9999 -9999 -9999 -9999 -9999 -9999 -9999 -9999 -9999 -9999 -9999 -9999 -9999 -9999 -9999 -9999 -9999 -9999 -9999 -9999 -9999 -9999
-9999 -9999 -9999 -9999 -9999 -9999 -9999 -9999 -9999 -9999 -9999 -9999 -9999 -9999 -9999 -9999 -9999 -9999 -9999 -9999 -9999 -9999 -9999 -9999 -9999 -9999 -9999 -9999 -9999 -9999 -9999 -9999 -9999 -9999 -9999 -9999 -9999 -9999 -9999 -9999 -9999 -9999 -9999 -9999 -9999 -9999
-9999 -9999 -9999 -9999 -9999 -9999 -9999 -9999 -9999 -9999 -9999 -9999 -9999 -9999 -9999 -9999 -9999 -9999 -9999 -9999 -9999 -9999 -9999 -9999 -9999 -9999 -9999 -9999 -9999 -9999 -9999 -9999 -9999 -9999 -9999 -9999 -9999 -9999 -9999 -9999 -9999 -9999 -9999 -9999 -9999 -9999
-9999 -9999 -9999 -9999 -9999 -9999 -9999 -9999 -9999 -9999 -9999 -9999 -9999 -9999 -9999 -9999 -9999 -9999 -9999 -9999 -9999 -9999 -9999 -9999 -9999 -9999 -9999 -9999 -9999 -9999 -9999 -9999 -9999 -9999 -9999 -9999 -9999 -9999 -9999 -9999 -9999 -9999 -9999 -9999 -9999 -9999
-9999 -9999 -9999 -9999 -9999 -9999 -9999 -9999 -9999 -9999 -9999 -9999 -9999 -9999 -9999 -9999 -9999 -9999 -9999 -9999 -9999 -9999 0.159559390693903 0.151747215241194 0.149907023310661 0.160674178004265 0.169667819738388 0.17649386703968 0.179850891232491 0.180681132376194 0.179342627227306 0.177105973958969 0.178691706061363 0.181028825342655 0.193286139667034 0.204337649941444 0.200021111667156 0.196300925016403 0.194677540659904 0.193550917357206 0.193346831798553 0.195363766998053 0.199800582230091 0.201591140329838 0.20166944205761 -9999
-9999 -9999 -9999 -9999 -9999 -9999 -9999 -9999 -9999 -9999 -9999 -9999 -9999 -9999 -9999 -9999 -9999 -9999 -9999 -9999 -9999 0.161066050082445 0.159559390693903 0.151747215241194 0.149907023310661 0.160674178004265 0.169667819738388 0.17649386703968 0.179850891232491 0.180681132376194 0.179342627227306 0.177105973958969 0.178691706061363 0.181028825342655 0.193286139667034 0.204337649941444 0.200021111667156 0.196300925016403 0.194677540659904 0.193550917357206 0.193346831798553 0.195363766998053 0.199800582230091 0.201591140329838 0.20166944205761 0.201690136194229
-9999 -9999 -9999 -9999 -9999 -9999 -9999 -9999 -9999 -9999 -9999 -9999 -9999 -9999 -9999 -9999 -9999 -9999 -9999 -9999 0.161167313307524 0.163038102388382 0.164787029325962 0.166025955677032 0.161902056336403 0.146456807404757 0.141996738016605 0.150962817519903 0.156423949599266 0.159332133084536 0.163365364521742 0.167864515483379 0.170690875351429 0.17318840354681 0.189661094844341 0.204915058612823 0.203207762539387 0.200301469564438 0.193179434835911 0.190313816666603 0.19535282805562 0.199030039906502 0.201223520636559 0.199504432976246 0.195253725349903 0.197224785387516
-9999 -9999 -9999 -9999 -9999 -9999 -9999 -9999 -9999 -9999 -9999 -9999 -9999 -9999 -9999 -9999 -9999 -9999 -9999 0.14774498835206 0.16054296374321 0.164961703717709 0.170679471790791 0.181833799779415 0.175467660725117 0.132114433348179 0.11299390360713 0.123490710556507 0.131033404618502 0.136424364894629 0.146414599120617 0.158309547007084 0.162622463405132 0.165444932729006 0.186112721562386 0.205531054735184 0.206287835836411 0.204045862853527 0.191260116696358 0.186647813022137 0.197214493751526 0.202736168801785 0.202761137187481 0.197395783662796 0.188542635589838 0.192394375056028
-9999 -9999 -9999 -9999 -9999 -9999 -9999 -9999 -9999 -9999 -9999 -9999 -9999 -9999 -9999 -9999 -9999 -9999 -9999 0.133950112238526 0.134167718589306 0.157476443201303 0.179425815939903 0.195686175227165 0.197117223143578 0.167242420911789 0.143261135816574 0.126482938528061 0.127389928847551 0.141178537905216 0.156730601787567 0.17301296889782 0.182487514019012 0.190623805820942 0.198869016170502 0.205277390182018 0.193702680170536 0.18396346360445 0.180677933990955 0.180628356635571 0.186588300168514 0.193944419920444 0.202821723520756 0.202425750792027 0.196029527038336 0.196649097204208
0.201957977712154 0.202407120466232 -9999 -9999 -9999 -9999 -9999 -9999 -9999 -9999 -9999 -9999 -9999 -9999 -9999 0.0852245713025332 0.0793748920410872 0.0699893709644675 0.0597590185143054 0.0834473473764956 0.110451866611838 0.151807663291693 0.188983054161072 0.208663024902344 0.215754879117012 0.19627220839262 0.169020204544067 0.132272480875254 0.128248355835676 0.148059601336718 0.167001753896475 0.185583983361721 0.198635428845882 0.210599655210972 0.207252394258976 0.201576323211193 0.178689814507961 0.162156210839748 0.167959739863873 0.172825318574905 0.17594902664423 0.185529784858227 0.202145726382732 0.206617356538773 0.203231042176485 0.201176009327173
0.201957977712154 0.202407120466232 0.202506572008133 -9999 -9999 -9999 -9999 -9999 -9999 -9999 -9999 -9999 -9999 -9999 0.0891940125077963 0.0852245713025332 0.0793748920410872 0.0699893709644675 0.0597590185143054 0.0782868625316769 0.101000494286418 0.155882151722908 0.202889766991138 0.216943723857403 0.218237228989601 0.192592406272888 0.170598352849483 0.153066286891699 0.153254138529301 0.16634890511632 0.177032342851162 0.186717168092728 0.19484532892704 0.20266748636961 0.192180276215076 0.179384041726589 0.150655179321766 0.131097182631493 0.143784392476082 0.155455501079559 0.165239595770836 0.179137919545174 0.197518841028213 0.20631216108799 0.208901846706867 0.20716291218996
0.201119945049286 0.201249611079693 0.201323174238205 0.201380781531334 0.202818211913109 0.204334612488747 0.204169838726521 0.203943346440792 0.203402905762196 0.198332155048847 0.182322501838207 0.170878689289093 0.165703166425228 0.143467264324427 0.107273025512695 0.0913711857795715 0.0850814097374678 0.0772315710410476 0.0690089805098251 0.0823707190901041 0.100248309373856 0.162271104604006 0.21309317022562 0.217039071619511 0.211596757769585 0.186335171163082 0.16877717345953 0.160634547472 0.161824169754982 0.169811259955168 0.175824602246284 0.181020550727844 0.18557040899992 0.189993259310722 0.174862189888954 0.157773677110672 0.128637286573648 0.109109025597572 0.123363421112299 0.136778841763735 0.14863619223237 0.162900361120701 0.179786839783192 0.193023928105831 0.203899686634541 0.205603578090668
0.198186787366867 0.197198272049427 0.198812732696533 0.201167480349541 0.202818211913109 0.204334612488747 0.204169838726521 0.203943346440792 0.203402905762196 0.198332155048847 0.182322501838207 0.170878689289093 0.165703166425228 0.150097150206566 0.125957189053297 0.112884654253721 0.105054514631629 0.102579643428326 0.101384324654937 0.109565897509456 0.121244536936283 0.174446328580379 0.214038107991219 0.196670623421669 0.182148757874966 0.173634221553802 0.158457512259483 0.135138263404369 0.129303980767727 0.13620548248291 0.146520458459854 0.158249074220657 0.162583156228065 0.165463647544384 0.15192907333374 0.137618137001991 0.121661558151245 0.109798521846533 0.11232858762145 0.114835018217564 0.117297556400299 0.12204805880785 0.129291376471519 0.147277436256409 0.172214559912682 0.185178263485432
0.178371403217316 0.17688025444746 0.185952388346195 0.198028720915318 0.200017242133617 0.200930787622929 0.200699823498726 0.200501455962658 0.200468906462193 0.196221825778484 0.181798320114613 0.172954403460026 0.17177051872015 0.163121635615826 0.148365096449852 0.137210610955954 0.12776233792305 0.126064085364342 0.126217572838068 0.134138702005148 0.144442260414362 0.181654762327671 0.205503043830395 0.173420739173889 0.152417825758457 0.154804382622242 0.146469619870186 0.125031200498343 0.121086819171906 0.12988482773304 0.141774329543114 0.154944121539593 0.156670187711716 0.156146693229675 0.1420056027174 0.127903523892164 0.119108938276768 0.111322151422501 0.107078839689493 0.102950206696987 0.0990345458686352 0.0976409702003002 0.098995294123888 0.117800935208797 0.14789840862155 0.167179584205151
0.134687636345625 0.133564128875732 0.158459177315235 0.190753901898861 0.193256212472916 0.192714577019215 0.192323840856552 0.192193360030651 0.193386770784855 0.191127878427506 0.180533043146133 0.177964800000191 0.186415991187096 0.185186912715435 0.176037698984146 0.165512913167477 0.154336548000574 0.146913693100214 0.140387678295374 0.155003948360682 0.170752502381802 0.181841059327126 0.183564989864826 0.146097033917904 0.122286876738071 0.127309416234493 0.1321231508255 0.136681681275368 0.147229691743851 0.16214034974575 0.171748734414577 0.179161268174648 0.17489713549614 0.168337651193142 0.150475399494171 0.132950472682714 0.122809783667326 0.114025090932846 0.110008144974709 0.105286999791861 0.0992580784857273 0.0964844064414501 0.0972574403882027 0.111327224075794 0.134000637084246 0.152611721903086
0.118439989462495 0.116779028400779 0.14252850368619 0.176073502898216 0.183325727283955 0.187724049687386 0.187732771039009 0.18698041498661 0.182356559336185 0.178086084723473 0.174668889939785 0.178877235949039 0.193554431200027 0.196216543316841 0.189048243463039 0.179840541481972 0.169666817784309 0.163444019556046 0.158165229260921 0.170594213008881 0.182557542920113 0.170037436485291 0.15544401705265 0.132173581272364 0.119557122141123 0.129432055950165 0.14125387609005 0.155455186069012 0.16898995667696 0.182039227187634 0.188283118009567 0.191708671450615 0.18459470063448 0.175408912301064 0.156263750493526 0.137567933499813 0.126864673346281 0.117417713701725 0.112387971431017 0.10721342459321 0.101769958883524 0.0991386118531227 0.0995711635053158 0.108144714236259 0.121985880434513 0.13874808087945
0.12529681801796 0.122336205616593 0.136334859952331 0.155156730562448 0.170726185590029 0.185449927449226 0.186329049766064 0.184373956620693 0.168001599907875 0.158351260721684 0.164931935369968 0.176338704526424 0.194371052384377 0.197952847182751 0.189711590707302 0.182399829924107 0.175528349578381 0.176336993873119 0.178980678021908 0.18174231171608 0.182147484719753 0.148136875927448 0.122116288542748 0.129534732252359 0.139902431070805 0.156496242582798 0.17015518784523 0.18022712379694 0.187059540748596 0.191532341241837 0.19349940687418 0.194428762793541 0.187109508812428 0.178168776333332 0.159794005155563 0.141823719441891 0.131217710673809 0.121391133368015 0.114305072128773 0.108794271200895 0.106208902001381 0.105001938194036 0.105296795964241 0.107733789086342 0.111556847542524 0.125477476418018
0.140534593835473 0.138750111758709 0.144351741373539 0.15205398067832 0.16711192175746 0.182380113899708 0.182997106909752 0.181476321518421 0.16908094137907 0.162937126457691 0.17188836991787 0.181631522476673 0.192461858391762 0.194664908051491 0.189809347689152 0.174851452410221 0.155108307003975 0.154216579198837 0.157829091250896 0.157680208981037 0.155757774710655 0.131782655268908 0.116444987356663 0.137255909144878 0.156664172410965 0.17311132222414 0.184865694046021 0.190884524583817 0.194202947318554 0.195554430782795 0.195846339464188 0.195699443817139 0.190339384675026 0.183954542577267 0.16612519800663 0.148561019301414 0.137727455198765 0.127362702488899 0.118646326512098 0.112093382626772 0.109558173418045 0.108269957154989 0.108340381681919 0.108838994204998 0.109614664614201 0.118046377450228
0.159873754531145 0.160476980507374 0.159322833865881 0.157668890357018 0.16789478585124 0.178920909166336 0.178721551001072 0.178436193168163 0.177713371217251 0.179424817860126 0.187014053761959 0.190756771862507 0.189218730926514 0.188918253183365 0.189630316495895 0.16235668182373 0.12182683929801 0.114961650818586 0.11614007756114 0.116387274712324 0.116654394865036 0.118142649829388 0.124307923018932 0.150046972632408 0.171672224402428 0.184612917900085 0.192631635665894 0.194634687006474 0.195999402105808 0.196899161338806 0.19678909599781 0.196260828077793 0.193919194340706 0.191221094727516 0.173827086985111 0.156512700021267 0.145292625427246 0.134312109947205 0.124173890501261 0.116233363300562 0.112374192327261 0.110267907828093 0.110071453899145 0.110686148107052 0.111825695633888 0.113472956120968
0.172854666411877 0.174100483357906 0.172986451983452 0.171201282739639 0.176578939259052 0.182462263703346 0.182203155457973 0.182176272273064 0.183330679833889 0.185525680184364 0.190233306884766 0.192271410524845 0.190644621551037 0.189437919259071 0.188574919104576 0.158675408065319 0.115021939426661 0.1131399127841 0.121238485723734 0.124263194948435 0.127164032012224 0.133335300981998 0.14247323513031 0.16402696788311 0.18127956956625 0.189452134668827 0.194447293877602 0.195559007525444 0.196491153538227 0.19729250818491 0.197174563407898 0.196675907373428 0.195649644136429 0.194519666731358 0.184672709703445 0.174743688106537 0.167166520357132 0.157824529707432 0.142277334928513 0.129856646060944 0.123242222219706 0.11857825756073 0.116039385199547 0.114484145194292 0.113565360307693 0.113167421966791
