Ecospace-environmental-drivers/Outputs/ASCII-for-ecospace/MOM6-ISIMIP3a/o2-bot/2015_mo12_avg31y_o2-bot_MOM6-ISIMIP3a.asc
NCOLS 131 
NROWS 53 
XLLCORNER -98 
YLLCORNER 23.9265270233154 
CELLSIZE 0.133587792515755 
NODATA_value -9999 
[rows 21 to 41 of 53, columns 46 to 91 of 131]
0.199829345268588 0.198305328046122 0.197024951538732 0.195813866872941 0.195969623423392 0.196256131414444 0.196295423373099 0.196199090730759 0.19541284826494 0.194326459400115 0.19251535111858 0.191470734534725 0.191478413439566 0.18542699419683 0.174418185507098 0.14796791826525 0.11420337327065 0.121232340653096 0.138008245056675 0.144277914397178 0.149822238952883 0.155314501735472 0.162618511626797 0.177504858182323 0.188489605822871 0.191237771703351 0.193288473832992 0.19448673148309 0.195499700403983 0.196377707585212 0.196311172458433 0.195853472717347 0.195728624539991 0.195669213129628 0.195105277242199 0.194282237560518 0.191110560970922 0.183888229150926 0.162423593382682 0.145175825684301 0.135759253175028 0.128286255463477 0.122930850473142 0.118580616770252 0.114880775011355 0.114092064480628
0.193053441662942 0.191765167059437 0.188115764529474 0.183794859436251 0.183609448132976 0.183853708447949 0.184269838756131 0.183077538686414 0.173703378246677 0.166965811964004 0.166594572124943 0.162563149006136 0.15350678563118 0.146400697288975 0.140890268548842 0.129932816230482 0.116395225207652 0.125671319663525 0.140398363913259 0.152499625279057 0.163852798842615 0.166943289579884 0.171564219459411 0.182590192844791 0.190697787750152 0.192644443723463 0.194179028753311 0.19520997520416 0.195857045631255 0.196224505382199 0.196224224182867 0.19607164878999 0.196216443373311 0.19641969617336 0.196001193696453 0.19549197343088 0.19432145357132 0.190986841436355 0.180043164760836 0.17082987052779 0.164830079482448 0.15640285851494 0.145330871785841 0.136810109499962 0.129940112752299 0.124304961292974
0.184199001039228 0.183197061381032 0.17731800098573 0.170051889554147 0.169586268163496 0.169837370995552 0.17064541049542 0.168438552368072 0.150895327329636 0.138914019350083 0.140362542002432 0.133690832603362 0.115871127815016 0.107998396360105 0.108264005232242 0.11291094653068 0.119633227827088 0.130560276008421 0.142491985713282 0.159950578405011 0.176690760639406 0.177448326060849 0.179482718629222 0.186860750759802 0.192353161592637 0.193864878627562 0.195085843243907 0.195951452659022 0.196220420541302 0.196054802786919 0.196112697643618 0.196263152745462 0.196573980392948 0.196916333129329 0.19602806145145 0.195232830701336 0.195791669910954 0.196267052523551 0.19644899425968 0.195788908869989 0.19356508168482 0.184682923459238 0.168546286321455 0.156412190487308 0.146867933773225 0.13633251815073
0.142453807496255 0.14212147074361 0.139076831360017 0.135260810775142 0.135074766893541 0.135304603845842 0.136730933862348 0.136642557959403 0.128849087463271 0.125305079404385 0.132021848232515 0.132550517397542 0.124583754327989 0.121070196792003 0.121200131312493 0.127391263121559 0.136453452129518 0.14683214166472 0.157525385099073 0.169291821218306 0.180503745232859 0.182571798563004 0.185119825505441 0.189676601079202 0.193174987550705 0.194439031904744 0.195527580476576 0.19640163356258 0.196485944332615 0.195995017886162 0.196042350222988 0.196312593356256 0.196067344277136 0.195720761533706 0.195664860067829 0.195661858204872 0.196070482173274 0.196417243249955 0.196546505535803 0.196304507313236 0.195373038130422 0.191415303657132 0.184160339255487 0.178816812173013 0.174710073778706 0.162041857357948
0.113877623071594 0.114407678044611 0.114042654393181 0.113423069398249 0.113741052727545 0.114204174087894 0.11599482499784 0.117493668390859 0.117508126362678 0.120429924178508 0.130371797469354 0.136166392314819 0.136267328454602 0.136403118410418 0.136567420536472 0.143564811156642 0.153798879634949 0.163009211421013 0.171974941607445 0.178471766652599 0.184580515469274 0.187509516554494 0.190266721671627 0.192304950087301 0.194012458285978 0.195021788920126 0.195962731876681 0.196820093258735 0.196724500867628 0.19593479171876 0.195964817558565 0.196334320210641 0.195662259574859 0.194785454580861 0.195397086681858 0.19602789801936 0.196307591372921 0.196544594822391 0.196631508969492 0.196729274046037 0.196847193183437 0.196897432688744 0.196873928270032 0.19704925725537 0.19735324382782 0.184372053511681
0.143043851179461 0.145281608066251 0.146917438314807 0.148382083542885 0.150188231660474 0.152000774779627 0.153042170309251 0.153798793592761 0.153106816353336 0.153849958892791 0.158058340030332 0.160636825426932 0.160977678433541 0.161650414909086 0.162594683228001 0.167162687067063 0.173447173929984 0.178770645491539 0.183864496888653 0.18694446932885 0.189813910472778 0.191632762551308 0.193264178691372 0.194111167903869 0.194918541177627 0.195642285289303 0.196369037993493 0.197099465516306 0.196844808036281 0.195872635610642 0.19585577470641 0.196234541554605 0.19570246290776 0.194991336234154 0.195547744631767 0.19611773567815 0.196361839290588 0.196571790883618 0.196661658825413 0.196755757735622 0.196857707635049 0.196897566799195 0.196869779017664 0.19698787889173 0.197200376660593 0.191885654003389
0.166856296600834 0.169858076880055 0.172594563134255 0.175255601925235 0.177660893528692 0.179969708765707 0.18038059963334 0.180552320614938 0.179507423793116 0.178826802199887 0.179025756735956 0.179379345909242 0.179945230003326 0.181132729495725 0.182828822924245 0.185390950691315 0.188363300696496 0.190605634162503 0.192673544249227 0.193327149075847 0.19390754257479 0.194836512207985 0.195597871657341 0.195657767595783 0.19579359985167 0.196089736396267 0.196505935442063 0.197068871990327 0.196747465479758 0.195781918783342 0.195428539187677 0.195328679776961 0.195218842356436 0.195107042789459 0.195657864693672 0.196200339063521 0.196421546801444 0.196613982319832 0.19670524568327 0.196794460858068 0.196879872871983 0.196906335892216 0.19686856529405 0.19693704045588 0.197074261884536 0.197025404341759
0.178987565059816 0.180694407032382 0.182567444539839 0.184487748049921 0.185552462454765 0.186496111173784 0.186535596366852 0.186465666659417 0.185839166564326 0.185381847043191 0.185333026993659 0.185624404299644 0.186382826297514 0.188036701371593 0.190423216550581 0.191903501749039 0.192954525351524 0.193873698192258 0.194761364210036 0.195149698084401 0.195514376125028 0.196034061812585 0.196483337110089 0.196637932812014 0.196600976490205 0.196159630533188 0.196055021978194 0.1963619772465 0.196175229164862 0.195628877128324 0.194307048474589 0.192664069514121 0.193592316200656 0.195026007390791 0.195679535788874 0.196267159715776 0.19649316706965 0.196688892860566 0.196778138318369 0.196859822157891 0.19692746045128 0.196933930920016 0.196873755704972 0.196909200279943 0.197006516879605 0.196985755716601
0.18762298985835 0.188554375883072 0.189721817451139 0.190956393076528 0.191096732693334 0.191121262888755 0.191042927965041 0.190924688212333 0.190603454747508 0.190383640989181 0.19040871964347 0.190750197537484 0.19152605004849 0.193005890134842 0.19506171393779 0.195721845473013 0.195720869206613 0.19587199293798 0.196059457236721 0.196210608366997 0.196353972438843 0.196420317215304 0.196520783247486 0.196764058643772 0.196715743791673 0.196051857163829 0.195724536814997 0.195808567347065 0.195740940590059 0.195562845756931 0.193796334728118 0.191372010977037 0.192777806712735 0.194936511978026 0.195667253867272 0.196303950682763 0.19653851610999 0.196740484045398 0.196827832729586 0.196901760755047 0.196950767309435 0.196942248652058 0.196871051865239 0.196881465373501 0.196944690039081 0.196947709687294
0.191860358561239 0.192669840589646 0.193330277839015 0.19394832753366 0.193687912917906 0.193354479247524 0.193477361432968 0.193554049057345 0.193395754502666 0.193431321651705 0.193934987148931 0.194467864209606 0.195040847985975 0.195540959315915 0.195981451580601 0.196150656188688 0.196191357989465 0.19627281494679 0.196364007649883 0.196313319667693 0.196228326328339 0.195785895951333 0.195491353350301 0.195815732402186 0.195959155117312 0.195720564453833 0.195545556083802 0.195448257269398 0.195480197668076 0.195606271586111 0.194054028680248 0.191806735050294 0.192984877094146 0.194836374252073 0.195612251758575 0.196302964322029 0.196550814374801 0.196762739169982 0.196848336727388 0.196914231104236 0.196943532555334 0.196926315945964 0.196858417122595 0.196853867461604 0.196890306568915 0.196911676276115
0.19429059374717 0.194950052807408 0.19531254951031 0.195590594603169 0.195287085829243 0.194945216659577 0.195174692619231 0.19536059662219 0.195324841526247 0.195465788725884 0.196033397989888 0.196476440756552 0.196748468664385 0.196770341165604 0.196587545256461 0.196539192430435 0.196554523802573 0.196564465761185 0.196573117086964 0.196417329292144 0.196227358714227 0.195704267390313 0.19533098657285 0.195584667305793 0.195737301822632 0.195676618045376 0.195549734657811 0.195341936522915 0.195386802477221 0.195615704982511 0.194310830966119 0.192370766593564 0.193371389662066 0.194950083571096 0.195670471076042 0.196317084854649 0.196553525905455 0.196756711890621 0.196842968463898 0.196906238794327 0.196926815375205 0.19690968048188 0.196851457318952 0.196836031733021 0.196848298753462 0.196869148362067
0.195365463053027 0.19585380919518 0.19607516690608 0.196220591664314 0.196142250491727 0.196054085127769 0.196319193609299 0.196550025574623 0.1966065105892 0.196740335514469 0.197060900830453 0.197203177117532 0.197100684046745 0.197020441774399 0.196958406317619 0.196897524499124 0.196837192581546 0.196774234214137 0.19671065047864 0.196522315663676 0.196319898770701 0.196037237201968 0.195822424946293 0.195891557201262 0.19591650895534 0.195848184727853 0.195691280307308 0.195426106452942 0.195418918805738 0.195599647779619 0.194566969909976 0.193031777297297 0.193892488556523 0.195224179856239 0.195813604900914 0.196342536037968 0.196549046424127 0.196729473529323 0.196818197446485 0.196882900211119 0.196902986015043 0.196892516266915 0.196848756363315 0.196825521607553 0.196815569554606 0.196821752094453
0.195993742635173 0.196347290469754 0.196523245303862 0.196648693853809 0.196682026790034 0.196713737903103 0.196956252859485 0.197169325044078 0.19723261604386 0.197336679024081 0.197539188688801 0.197536016183515 0.197250470519066 0.19710463621924 0.197073116417854 0.196995875527782 0.19689697507889 0.196776118490004 0.196650011404868 0.19636461090657 0.196085255472891 0.196053156929631 0.196028372933788 0.196034204094641 0.196024808191484 0.195983272406363 0.195869890432204 0.195668699279908 0.195645533742443 0.195752045800609 0.195136242816525 0.194221307673762 0.194812219950461 0.195699143794275 0.196088915871036 0.196439853598995 0.196591277276316 0.196725358886103 0.196798464944286 0.196852813324621 0.196872327596911 0.196867511637749 0.196836184109411 0.196812049515786 0.196792577543566 0.196786233494359
0.196430621608611 0.19666493419678 0.196836520106562 0.196990267884347 0.197086637058566 0.197180865272399 0.197375836391603 0.197544276233642 0.197577760584893 0.197642360483446 0.197782097324248 0.197700041917063 0.197313496182042 0.197117726649007 0.197078043895383 0.196982800479858 0.196861240171617 0.196688907761728 0.196504445325944 0.196094324511866 0.195710389844833 0.195933190084273 0.196111960757163 0.196106457421857 0.196102722517906 0.196102725402001 0.196064387598345 0.1959791866041 0.195955504813502 0.195976638986218 0.19583972182966 0.195637350601535 0.19590279219612 0.196260194624624 0.196420872884412 0.1965679665727 0.196653529040275 0.196731157360538 0.196780892149095 0.196819834651486 0.196838739418214 0.196839141268884 0.196819378964363 0.196797313709413 0.196773757376978 0.196755804842518
0.196836077397869 0.196978050854898 0.197153251017294 0.197337897554521 0.197462831293383 0.197584167603524 0.197773383509728 0.197895772995487 0.19767820546704 0.197535578281649 0.19757389878073 0.197489517350351 0.197236675889261 0.197102099657059 0.197064274741757 0.196983024958641 0.196881203401473 0.19672796803136 0.196562444971454 0.196260064359634 0.195971913876072 0.196027726415665 0.196043403879289 0.19589112554827 0.195788215725653 0.195789531353981 0.195813676522624 0.195865726278674 0.195964176327951 0.19609642461423 0.196149256921584 0.196169199482087 0.196326139953829 0.196510012111356 0.196588141783591 0.196659956247576 0.196708307150872 0.196751562818404 0.196776903925403 0.196798260654173 0.196812214389924 0.19680842564952 0.196785300970078 0.196765532416682 0.196747933183947 0.196734514928633
0.197235030512656 0.197290232585322 0.197470692857619 0.197686780844965 0.197833148221816 0.197974267025148 0.198166374237307 0.198242413901514 0.197728024375054 0.197343458571742 0.197272368015782 0.197201496651096 0.19713092619373 0.197080528063159 0.19704663849646 0.196986001826102 0.196912693881219 0.196793153401344 0.196662565392833 0.196516019202048 0.196365107932398 0.196166638405092 0.195943367577368 0.195616288531211 0.19539251539015 0.195386820743161 0.195470852717277 0.19566455002754 0.195910506671475 0.196194526649291 0.196377284584507 0.19651810440325 0.196611438066729 0.196695433989648 0.196721338937359 0.196744471788406 0.19676154034753 0.196774992250627 0.196775726252987 0.196779042963059 0.196787152078844 0.196777226463441 0.196747651503932 0.196730223874892 0.196720657810088 0.196715115539489
0.197675556425125 0.197689353939026 0.19785774330939 0.198070100718929 0.198221757046638 0.19835233592218 0.198081553943696 0.197774724614236 0.197284527363316 0.196933738166286 0.196919558509704 0.196958167899039 0.197069247403452 0.197100269217645 0.197065786488595 0.19701591614754 0.196958760100026 0.196853447825678 0.196736630893523 0.19662102576225 0.196505429763948 0.196388774821835 0.196263569977976 0.19610256725742 0.195995119310194 0.196000732721821 0.19605210327333 0.196159394998704 0.196294777816342 0.196450618966933 0.196556850306449 0.19664253486741 0.196703803635413 0.196760272306781 0.196785755695835 0.196808364602827 0.196814139043131 0.19681535565084 0.19680053957047 0.196790360635327 0.196788793609988 0.196777750407496 0.19675638694917 0.196734433693271 0.196712101659467 0.19670582202173
0.198041173719591 0.198015755703372 0.198164970163376 0.198363851155004 0.19851580790935 0.198632490731055 0.19792657465704 0.197265219303869 0.196830550028432 0.196536334772264 0.196581258408485 0.196720095411424 0.196987863509886 0.197101873255545 0.197090083072262 0.197058551734494 0.197017669197052 0.196928369902795 0.196827499135848 0.196735827192183 0.196648663570804 0.196617882097921 0.196593666749616 0.196596924816408 0.196604180720545 0.196619880776252 0.196636198509124 0.196653272355756 0.196675480854127 0.196701427140544 0.196728669827984 0.19675644751518 0.196788835429376 0.196822126546214 0.196848491026509 0.196871804614221 0.196867849076948 0.196858284454192 0.196828998384937 0.196805587218654 0.196793088028508 0.196780080756833 0.196766523584243 0.196740381179317 0.196706094568776 0.196699380393951
0.197587866936961 0.197524911453647 0.197587471335165 0.197685728630712 0.197792444978991 0.197873952888673 0.197251439094543 0.196698631490431 0.196500397016925 0.196374264936293 0.196422233216224 0.19651675560782 0.196675195809334 0.196890277727958 0.197151698412434 0.197223968563541 0.197206640916486 0.197161649504016 0.19711005014758 0.197027242472095 0.196943757995482 0.196881591312347 0.196828582594472 0.196813911680252 0.196805249298772 0.196809276457756 0.196809282225947 0.19680437157231 0.196808937095827 0.196820404741072 0.196841013047003 0.196865408170608 0.196887773852194 0.196909739125159 0.196926147707047 0.196940239879393 0.196933681445737 0.196920481901015 0.196883927429876 0.196847925263066 0.196812950795697 0.196786530556217 0.196769428829993 0.196745959501113 0.196718368799456 0.19671853655769
0.197211575123572 0.197131362172865 0.197098525301103 0.197079158598377 0.1971287919629 0.19716550986613 0.196662912445684 0.196240599116971 0.196226679509686 0.196230637450372 0.196277767419815 0.196334246185518 0.196403561580566 0.196668058153122 0.197092249028144 0.197231004795721 0.197234560885737 0.197228994100325 0.197221249341965 0.197158313566639 0.19709129391178 0.197020046172603 0.196959211461006 0.196941959761804 0.196931359748687 0.19693480143624 0.196931062206145 0.196918550518251 0.196915344365181 0.196918917759772 0.196932190848935 0.196949481964111 0.196961503836416 0.196972493683138 0.196979587116549 0.196985000083523 0.196975411907319 0.196958625989576 0.196916541745586 0.196874011428125 0.196830659624069 0.196797948691153 0.196776826054819 0.196756129783969 0.196735711828355 0.196733804960405
0.197117681945524 0.197094576493386 0.196934284702424 0.196734973980534 0.196684083150279 0.196640771723563 0.196391945885074 0.19618059502494 0.19615989154385 0.196154636721457 0.196186692483964 0.196228109059795 0.196282383895689 0.196406897517943 0.196588876747316 0.196657305763614 0.196671949278924 0.196687903615736 0.196704172318982 0.196701450693992 0.196697777317416 0.196699236669848 0.196707442883522 0.196743894969263 0.196782614434919 0.196826123902875 0.196864730408115 0.196897344243142 0.196922564698804 0.19694239766367 0.196945759077226 0.196942300565781 0.196942814415501 0.196944114661986 0.19694422377694 0.196942967272574 0.196928762620495 0.196908569624347 0.196867327055623 0.196840508330253 0.196840475643835 0.196827582774624 0.196800675603651 0.196783135975561 0.19677165631325 0.196734829775749
