Ecospace-environmental-drivers/Outputs/ASCII-for-ecospace/MOM6-ISIMIP3a/o2-bot/2016_mo04_avg50y_o2-bot_MOM6-ISIMIP3a.asc
NCOLS 131 
NROWS 53 
XLLCORNER -98 
YLLCORNER 23.9265270233154 
CELLSIZE 0.133587792515755 
NODATA_value -9999 
[rows 21 to 41 of 53, columns 46 to 91 of 131]
0.213419871330261 0.213903291523457 0.213910489678383 0.213782253265381 0.213844478130341 0.213924081027508 0.213946507275105 0.213906169235706 0.213546562194824 0.213152546286583 0.212675448656082 0.21269572198391 0.213398814499378 0.211170439124107 0.206543618440628 0.170511789321899 0.119604099094868 0.122484914511442 0.138217608034611 0.144509073495865 0.150138501822948 0.155572355389595 0.162920022010803 0.178277194499969 0.189676421582699 0.192720109224319 0.19487445384264 0.195941838622093 0.196844007372856 0.197625838220119 0.197584518492222 0.197202307283878 0.19706475019455 0.196975289285183 0.196317182779312 0.195421678721905 0.192412800788879 0.18516903012991 0.163035176694393 0.145250958502293 0.135544497072697 0.127957010269165 0.122678220868111 0.118287428468466 0.114471213519573 0.113131789714098
0.21427570939064 0.21453759521246 0.213297437131405 0.211630099117756 0.211231328845024 0.210984253287315 0.211326919794083 0.209413343071938 0.19602256923914 0.186731665432453 0.187340330481529 0.182281769514084 0.169442861676216 0.161726050376892 0.158199995160103 0.141881350576878 0.119503140151501 0.126494560539722 0.140503372251987 0.152705368101597 0.164208117425442 0.167340099811554 0.17210428327322 0.18369940161705 0.192221662402153 0.194256881177425 0.195769504308701 0.196643409729004 0.197178836166859 0.197467723190784 0.197502654492855 0.197432413995266 0.197556048035622 0.197717795372009 0.197376739382744 0.196941573023796 0.19576896160841 0.192348995506763 0.181027214825153 0.171550788879395 0.165501389205456 0.156928966641426 0.145607624948025 0.136912884414196 0.129917684793472 0.123969279974699
0.21166704416275 0.211714023053646 0.209200077056885 0.205957802832127 0.205224779248238 0.204789782166481 0.205466575622559 0.201790401637554 0.175971256792545 0.15832305431366 0.160404443740845 0.150717233419418 0.124873309731483 0.11207839936018 0.109959836900234 0.113743473887444 0.120322851836681 0.130916581451893 0.142469470798969 0.160107244849205 0.177059635519981 0.177952143251896 0.180226979553699 0.188287004828453 0.194201674759388 0.195587331056595 0.196662631332874 0.197358609139919 0.197522289156914 0.197298249900341 0.197403657734394 0.197645502090454 0.197942854762077 0.198251119852066 0.197579230964184 0.196970214545727 0.197329970002174 0.197642262876034 0.197787674665451 0.197168765068054 0.195130430757999 0.186053545773029 0.169307917654514 0.156818101406097 0.147081996798515 0.136494063138962
0.157794564068317 0.158164730370045 0.155727155208588 0.152491057515144 0.152177432179451 0.15220256537199 0.153297208249569 0.152324978411198 0.140838847160339 0.134704396724701 0.141492138803005 0.140543133020401 0.12897260427475 0.123244193345308 0.1222956392169 0.128012733310461 0.136887196302414 0.147079775631428 0.157587294280529 0.169549152255058 0.180967138409615 0.183015005290508 0.185646800100803 0.190722385048866 0.194595131278038 0.195928577780724 0.196998400092125 0.197746015787125 0.197788606882095 0.197317670583725 0.197426085472107 0.197774428427219 0.197622422575951 0.197372060418129 0.197308797240257 0.197281631529331 0.197539383769035 0.197759245634079 0.19784588098526 0.197603702843189 0.196750878691673 0.192692004144192 0.185140029788017 0.179645472168922 0.175482162237167 0.162795512378216
0.118786986023188 0.119716560542583 0.117889428585768 0.115278290063143 0.115586432516575 0.116221505999565 0.117615615725517 0.118791884332895 0.118860015869141 0.121703909486532 0.131250171363354 0.13680450886488 0.136878474354744 0.137008066177368 0.137183172404766 0.144084369242191 0.154171568155289 0.163335813879967 0.172279532849789 0.178896527886391 0.185119370818138 0.187931897640228 0.190665651857853 0.193069725036621 0.19509242773056 0.19631002664566 0.197327505648136 0.19810039550066 0.198025650680065 0.197333503067493 0.197435346245766 0.197866007089615 0.197359697818756 0.196669202446938 0.19709771335125 0.197540116906166 0.197713414728642 0.197856850624084 0.197895284295082 0.197957207858562 0.198062751591206 0.198089484274387 0.19803034722805 0.198220940828323 0.198573119342327 0.185592401027679
0.144957843720913 0.147482570707798 0.148607642650604 0.149334650635719 0.151151893734932 0.153053791821003 0.154228296875954 0.155117574632168 0.154555932879448 0.155261120200157 0.159025197327137 0.16128365457058 0.16147509843111 0.162163791656494 0.163259319961071 0.168058919608593 0.174613053500652 0.179998945295811 0.18510570704937 0.187829414308071 0.190344671010971 0.192208753228188 0.193926370739937 0.195031016767025 0.196045038998127 0.196867746710777 0.197627396285534 0.19830997645855 0.198134342133999 0.197333599030972 0.197386872172356 0.19779382288456 0.197350005507469 0.196738950610161 0.197146860659122 0.197566518485546 0.19773230701685 0.19786948800087 0.197906092107296 0.197953665554523 0.198021615743637 0.198045614361763 0.198021728396416 0.19815300822258 0.198384686410427 0.193022775352001
0.166933737397194 0.170096818506718 0.172937549948692 0.1756866055727 0.178104459643364 0.180433994233608 0.181294382214546 0.181880166530609 0.181069076359272 0.180426425337791 0.180190488398075 0.18018418431282 0.180493137538433 0.181704232692719 0.183653435409069 0.186613958179951 0.190053523778915 0.192425578534603 0.194542570114136 0.19457363396883 0.194536214470863 0.195587728321552 0.196479390561581 0.196702059805393 0.19696029484272 0.197293617129326 0.197721962928772 0.198266449570656 0.198057049512863 0.197298523783684 0.197038538455963 0.196985014081001 0.196863613724709 0.196728872954845 0.19715892136097 0.197583390772343 0.197749046981335 0.197886294126511 0.197923641502857 0.197961132228374 0.197998885512352 0.198015040159225 0.19800765901804 0.198088326752186 0.198225966989994 0.198113563060761
0.179756833314896 0.181470674574375 0.183329114019871 0.185228674709797 0.186264945566654 0.18719113856554 0.187531194090843 0.187777475714684 0.18754675090313 0.187281821668148 0.186934304535389 0.186912994384766 0.18733952075243 0.188992944061756 0.191650181114674 0.193344421386719 0.194582509994507 0.195608787238598 0.19658445507288 0.196542503833771 0.196472255587578 0.197007663846016 0.197488317191601 0.1977398198843 0.197794044911861 0.197431807518005 0.19736854583025 0.197670691311359 0.197573968172073 0.197186712324619 0.19603595584631 0.19456900626421 0.195337133705616 0.196544624865055 0.19709006279707 0.197579474747181 0.197761100530624 0.197912191748619 0.197955913245678 0.197992627024651 0.198016323447227 0.198013471961021 0.197981692254543 0.198030735254288 0.198132075071335 0.198099713921547
0.188737396001816 0.1896451151371 0.190752681791782 0.19191708356142 0.19202349960804 0.192026093900204 0.192149453163147 0.192262796759605 0.192325193583965 0.192320983111858 0.192155940234661 0.192269666492939 0.192766108214855 0.194223437607288 0.196466941833496 0.19719911634922 0.197215409576893 0.197443436980247 0.197722053825855 0.197630024254322 0.197523986101151 0.197584679126739 0.197691108286381 0.197988959848881 0.198006680011749 0.197433017194271 0.197157538533211 0.197246499955654 0.197229639291763 0.197135700881481 0.195563118755817 0.193378179967403 0.194558175802231 0.196399638354778 0.197034123539925 0.197586776912212 0.197776682078838 0.197933846116066 0.197975890636444 0.198006865680218 0.198017283082008 0.198002842068672 0.197961315512657 0.197986989617348 0.198056142032146 0.198076176941395
0.192883732020855 0.193794429600239 0.194442268311977 0.195015350282192 0.194760227203369 0.194442780315876 0.194731442928314 0.194971721768379 0.19496586471796 0.195075170695782 0.195462546348572 0.195900080800056 0.196406475901604 0.196864523887634 0.197283019125462 0.197435859441757 0.197462871074677 0.197581485211849 0.197721986472607 0.197608733773232 0.197463183403015 0.197101228237152 0.196879714131355 0.197245959043503 0.197437905669212 0.197261895537376 0.197125698328018 0.197038159370422 0.197059878110886 0.197161176800728 0.195756743550301 0.193728733956814 0.194719663858414 0.196304046213627 0.19699443936348 0.197608195543289 0.197796701192856 0.197950161099434 0.197980396747589 0.197999393045902 0.197997512221336 0.197980814874172 0.19794797629118 0.197960661351681 0.198002806603909 0.198040446937084
0.195326274335384 0.196115179359913 0.196471205353737 0.196704118251801 0.196437061131001 0.196142534017563 0.196488052010536 0.196776572465897 0.196775144040585 0.196921229958534 0.197423513829708 0.197836492061615 0.198126866519451 0.198113124370575 0.197850564718246 0.19776175558567 0.197755247652531 0.197784515023231 0.197822330892086 0.197676236629486 0.197500543296337 0.197077926397324 0.196788934469223 0.197059178352356 0.1972438788414 0.197247982919216 0.197171149849892 0.196995396614075 0.197007996439934 0.197157787978649 0.195969489216805 0.194227040410042 0.195091292560101 0.196467959880829 0.197107239663601 0.197677045464516 0.19783494412899 0.197961990833282 0.197980567216873 0.197990005612373 0.197982477545738 0.197967673242092 0.197944940626621 0.197945159673691 0.197960226237774 0.197994580566883
0.196490951776505 0.197064484655857 0.197254633009434 0.197335747480392 0.197318961918354 0.197304581403732 0.197625617384911 0.197903359234333 0.197960867583752 0.198086186647415 0.198375237286091 0.198502381742001 0.198407250344753 0.198317343890667 0.198231711983681 0.198154514729977 0.198081310987473 0.198036282360554 0.197997984886169 0.197810335755348 0.197611531019211 0.197399741709232 0.19723862349987 0.197289570271969 0.197330911457539 0.197351980209351 0.197274575829506 0.197076816856861 0.197044523954391 0.197132751941681 0.19619657933712 0.194836167693138 0.195620529949665 0.196826504766941 0.197334402501583 0.197781472206116 0.197886854708195 0.197970457971096 0.19797748208046 0.197979182898998 0.197970995903015 0.197961196601391 0.19794963657856 0.197937774658203 0.197925717532635 0.197941108644009
0.197146631479263 0.197539108991623 0.197691537737846 0.197775693833828 0.197863110899925 0.19795778721571 0.198239495456219 0.198483574986458 0.198536258637905 0.198627638816833 0.198812457919121 0.198785285055637 0.198467076420784 0.198305108845234 0.198270971775055 0.198202408254147 0.19811753898859 0.198039944767952 0.197964090406895 0.197695952653885 0.197431931197643 0.197420065999031 0.197404586672783 0.197373984754086 0.197360543608665 0.197383327186108 0.197335587441921 0.197201651632786 0.197178409397602 0.197235796749592 0.196668021976948 0.195841346681118 0.196397448778152 0.197225373983383 0.197557605206966 0.197848471105099 0.197914550304413 0.19796637147665 0.197968052923679 0.197965043485165 0.19795332044363 0.197944286167622 0.197938179969788 0.19792358905077 0.197903505265713 0.197907540202141
0.197584167718887 0.197810295820236 0.197979927659035 0.19813349455595 0.198262506127357 0.198392916619778 0.198628930449486 0.19882954210043 0.19885007172823 0.198901871442795 0.199029174149036 0.198904049992561 0.198432378470898 0.198200105130672 0.198163706660271 0.198102501928806 0.198029547035694 0.197937273681164 0.197840386331081 0.197475079298019 0.197127790749073 0.197311176657677 0.197448952496052 0.197395837903023 0.197365571260452 0.197383538484573 0.197378420829773 0.197345089912415 0.197354022264481 0.197393733263016 0.197244188785553 0.197016264498234 0.197280517816544 0.197641522586346 0.197779109179974 0.197899426817894 0.197931868433952 0.19795690536499 0.197955906689167 0.197949484586716 0.197932987809181 0.197922903001308 0.197919800877571 0.197906487286091 0.197886566221714 0.197882502377033
0.197928684949875 0.198063948154449 0.198262414634228 0.198478858470917 0.198640286028385 0.198798293471336 0.199015982151032 0.1991521063447 0.198873318731785 0.198684645593166 0.198713571429253 0.198598800897598 0.198286753892899 0.198131464421749 0.198104427456856 0.198061474263668 0.198010982573032 0.197928560674191 0.197838508784771 0.197579550147057 0.197327246963978 0.197340692579746 0.197319100499153 0.197150871157646 0.197039504349232 0.197048176229 0.197091976702213 0.197178713083267 0.197290015518665 0.197419215142727 0.197443164288998 0.197423529922962 0.197576716244221 0.197763875722885 0.197832988500595 0.197893513739109 0.197912863194942 0.197928110957146 0.197928928434849 0.197927258312702 0.197920967936516 0.197909971177578 0.197893844544888 0.197882018089294 0.197872974574566 0.197875499427319
0.198253958821297 0.198313973546028 0.198543682098389 0.198821651041508 0.199013592898846 0.199197512865067 0.199402540624142 0.199469826519489 0.198836445510387 0.198365739285946 0.19828783005476 0.19820581972599 0.198118182718754 0.198070346415043 0.19805507838726 0.198032630383968 0.198006782829762 0.197939284741878 0.197861835956573 0.197751336097717 0.197630896568298 0.197398842871189 0.19715320289135 0.196850700974464 0.196644933819771 0.196643382608891 0.196737404167652 0.196948231160641 0.197176433801651 0.197417288720608 0.197564100027084 0.197671966850758 0.197751490175724 0.197825442254543 0.197852184772491 0.19787583231926 0.197886344492435 0.19789531648159 0.197898882031441 0.197903654873371 0.197910669445992 0.197898789644241 0.197866322696209 0.197856025397778 0.197860074341297 0.197872226536274
0.198670971095562 0.19867480635643 0.198884735405445 0.199153278470039 0.19934478610754 0.199512296319008 0.199244790971279 0.198921613693237 0.198315228521824 0.197878497838974 0.197851413190365 0.197906976938248 0.198076013326645 0.19813681781292 0.198109072744846 0.19808237105608 0.198056165575981 0.197985922694206 0.197905158102512 0.197819651663303 0.197729723453522 0.197580182254314 0.197429675757885 0.197275133728981 0.197170478999615 0.197171133160591 0.197223941385746 0.197340486049652 0.197469688355923 0.197608108520508 0.197696252167225 0.197763576209545 0.197817078232765 0.197867863476276 0.197897543311119 0.197924499511719 0.197932490706444 0.197937245666981 0.197930616140366 0.197926633656025 0.197927563488483 0.197917709350586 0.197896106243134 0.197881646454334 0.197871809005737 0.19788511544466
0.199020639359951 0.198973126113415 0.199154559671879 0.199401107132435 0.199585444927216 0.199731554985046 0.199017489254475 0.198331859707832 0.197790887951851 0.197415724098682 0.197440922260284 0.197619429528713 0.198008413314819 0.198178880214691 0.198170564472675 0.198149580061436 0.198122594952583 0.198051267266274 0.197969345748425 0.197902327775955 0.19783661365509 0.197774976193905 0.197723626792431 0.197715329229832 0.197710109651089 0.19771138459444 0.19772013425827 0.197738016247749 0.197766090631485 0.197801588773727 0.197829686999321 0.197854718565941 0.197886548936367 0.197919715344906 0.197952562868595 0.197982728779316 0.197986823022366 0.197986057698727 0.197968201041222 0.197954035699368 0.197946724295616 0.197937802672386 0.19792712777853 0.197908837795258 0.197885621786118 0.197899702787399
0.198608154952526 0.198551708161831 0.198636025190353 0.198760377168655 0.198880491256714 0.198972181081772 0.198308253884315 0.19771264642477 0.197464562356472 0.197294337749481 0.197312105298042 0.197407398819923 0.197609125971794 0.197899601459503 0.198262689113617 0.198365596234798 0.198345260620117 0.19829901278019 0.198246571719646 0.19818762332201 0.198127357959747 0.198054462373257 0.197992699146271 0.197977526783943 0.197960493862629 0.197939532101154 0.197917561531067 0.197894360423088 0.197901739180088 0.19793139308691 0.197971440255642 0.19801578938961 0.198049584329128 0.198081307113171 0.198098137676716 0.198111282289028 0.198093777298927 0.198072625994682 0.198038666844368 0.198006340563297 0.197977047562599 0.197956020236015 0.19794400036335 0.197928153574467 0.197909833490849 0.197924710512161
0.198267012834549 0.198212996721268 0.198183033764362 0.198159910440445 0.198207617104053 0.198240646719933 0.197681645750999 0.19721147954464 0.197193201780319 0.197183347344398 0.197193827927113 0.197221807837486 0.197273811399937 0.197618534862995 0.198202756643295 0.198384398818016 0.1983753490448 0.19835658878088 0.19833550542593 0.198296291530132 0.198254395723343 0.198191597163677 0.198139852285385 0.198134363293648 0.198122621178627 0.198097683191299 0.198064513802528 0.19802128225565 0.198017327487469 0.198041982352734 0.198086073100567 0.1981382137537 0.198169096410274 0.198195803463459 0.198199309110641 0.198198772966862 0.198167144954205 0.198132372200489 0.198086542487144 0.198043148815632 0.19800428122282 0.19797721862793 0.197963018715382 0.19794968098402 0.19793690353632 0.197944362461567
0.198187469244003 0.198177559673786 0.197970370948315 0.197707076966763 0.197652382254601 0.197611187398434 0.197358012199402 0.197143176198006 0.197123375833035 0.197110469937325 0.197114202976227 0.197133171856403 0.197173056304455 0.197330903112888 0.197585264444351 0.197680077254772 0.197699311971664 0.197716869115829 0.197734023332596 0.197757321894169 0.197781164646149 0.19780677318573 0.197839960157871 0.19790486395359 0.19796113461256 0.197999178767204 0.198026379346848 0.198040324151516 0.198059358000755 0.198082098960876 0.198101259469986 0.198118933737278 0.198129027485847 0.198137630522251 0.198137656450272 0.198135690391064 0.198117371499538 0.198093765974045 0.198051584362984 0.198023135066032 0.198020185530186 0.198009344637394 0.197989902198315 0.197979312837124 0.197974447607994 0.197944374680519
