Ecospace-environmental-drivers/Outputs/ASCII-for-ecospace/MOM6-ISIMIP3a/o2-bot/2016_mo05_avg31y_o2-bot_MOM6-ISIMIP3a.asc
NCOLS 131 
NROWS 53 
XLLCORNER -98 
YLLCORNER 23.9265270233154 
CELLSIZE 0.133587792515755 
NODATA_value -9999 
[rows 21 to 41 of 53, columns 0 to 45 of 131]
-9999 -9999 -9999 -9999 -9999 -9999 0.219964868599369 0.219936153100383 0.219764019212415 0.219526945583282 0.219231504105753 0.219736722688521 0.220048408354482 0.220976833854952 0.219181741437604 0.214244142174721 0.204274749082904 0.190849800744364 0.191350714814278 0.197228921036566 0.200780207591672 0.203920865731855 0.198236613504348 0.193091628532256 0.194050743695228 0.195137432506008 0.196637763611732 0.198262685248929 0.200105030209787 0.201591164354355 0.202710768868846 0.203950065278238 0.205262278837542 0.20643862697386 0.2075696851938 0.208266957152274 0.208899601813286 0.208882669287343 0.208894714232414 0.209091294196344 0.209274073281596 0.209418425156224 0.20834859052012 0.205402296877676 0.20426256041373 0.204780881443331
-9999 -9999 -9999 -9999 -9999 -9999 0.219969282227178 0.219964868599369 0.21990743808208 0.219656823142882 0.219526945583282 0.21843084500682 0.216645908932532 0.21349796124043 0.211306231156472 0.210217824386012 0.204654261950524 0.196017411928023 0.196603158789296 0.200750089460804 0.203581739337214 0.206181283439359 0.202327124053432 0.198838887195433 0.199577576210422 0.200395568724601 0.201470702886581 0.202607530259317 0.203852018040995 0.205000105404085 0.206048991410963 0.207124848519602 0.208217136802212 0.209229032358816 0.210214126494623 0.209948044630789 0.209509074207275 0.209075241800277 0.208725124597549 0.208908120951345 0.209100564641337 0.209319304554693 0.208861261606216 0.2073572907717 0.206757373386814 0.206987201686828
-9999 -9999 -9999 -9999 0.219289167273429 0.21971375423093 0.219973891973495 0.219969087550717 0.219964868599369 0.219850008045473 0.219285471785453 0.216999747099415 0.213067381612716 0.205876773403537 0.203368838756315 0.206263974308968 0.205254948908283 0.201564759977402 0.202265883645704 0.204662660437246 0.205916401840025 0.206968433433963 0.204258081413084 0.201820692708415 0.202344475253936 0.202893074001035 0.203522127962882 0.204383860191991 0.205651624068137 0.206848344014537 0.207971959344802 0.208929943461572 0.20978702845112 0.210567293147887 0.211321951881532 0.210067249594196 0.208535929360697 0.207156805261489 0.205915568336364 0.205552445784692 0.205299676425995 0.205354096908723 0.20544511223993 0.20559267795855 0.205670972024241 0.205685691487405
-9999 -9999 -9999 -9999 0.218344630733613 0.219124393117043 0.219453616969047 0.219973891973495 0.219968503040652 0.219899917802503 0.219060217661242 0.215269006067707 0.211290906513891 0.206943006284775 0.20484876007803 0.205354878979345 0.204720075572691 0.203301756132034 0.20406587037348 0.205672704885083 0.202192300269681 0.197814152125389 0.176786752958452 0.157736692697771 0.158202303032721 0.15862638863825 0.158915831677375 0.163275798962962 0.174739194012457 0.185657846350824 0.196015971322213 0.200166342719909 0.200535005138766 0.200795181335941 0.201019193376264 0.200566591755036 0.19995302923264 0.189966483462241 0.179959104426445 0.169819032472949 0.161114817665469 0.15640767976161 0.153650933215695 0.153908413744742 0.154135808348656 0.154335592062243
-9999 -9999 -9999 -9999 -9999 0.218344630733613 0.218725434234065 0.218933344368012 0.219398377403136 0.218049612256788 0.216150518867277 0.212144997331404 0.208827034600319 0.206869569997634 0.20342367166473 0.198260352976861 0.195887788649528 0.195431757357813 0.197180254805473 0.199779999352271 0.193858886918714 0.186434103596595 0.154135915060197 0.124845848929498 0.125161860739031 0.125447970724875 0.125637121979267 0.132314669749429 0.150315045829742 0.167003174943309 0.182341034854612 0.18760331215397 0.186727631476618 0.1863798066493 0.186207934252677 0.186450128593752 0.186641307607774 0.171790449850021 0.156810202425526 0.14100596645186 0.127444315581552 0.12012547374733 0.115813913845247 0.116149930704025 0.116577079699885 0.117087868192504
-9999 -9999 -9999 -9999 -9999 0.21878481488074 0.218344630733613 0.217649871303189 0.216312462283719 0.207867394051244 0.20147028228929 0.202911885034653 0.203349120674595 0.201798999982495 0.189260924535413 0.164044472479051 0.150673662943225 0.145437785694676 0.152210707145353 0.16362066903422 0.165314939714247 0.16529468807482 0.15262159705162 0.141033858541519 0.140799383482625 0.140888475602673 0.14202670897207 0.145844987323207 0.154340189791495 0.159467399120331 0.161129010300482 0.158380862205259 0.152946325079087 0.151605036470198 0.151628154420084 0.152094652095149 0.152595063371043 0.149292337317621 0.14597166642066 0.142536683909355 0.139876318554724 0.139372294468264 0.139175097307851 0.139452087783044 0.140301094420495 0.141675102614587
-9999 -9999 0.219586654536186 0.219530176731848 0.219517135331708 0.219225521049192 0.218784293340098 0.215079669510165 0.210673599954574 0.200055792447059 0.192596154347543 0.197224659304465 0.198676334754113 0.193841967851885 0.174072206020355 0.137069345001251 0.118789704576615 0.113368136267508 0.124548822641373 0.142140257262414 0.14894552865336 0.153847375223714 0.154698022430943 0.155308543674407 0.154657261986886 0.154579281806946 0.156360184954059 0.158056037079903 0.15960346498797 0.156705042527568 0.149231928971506 0.14189711789931 0.134646560395918 0.132983754719457 0.133183518244374 0.133844435214996 0.134595929614959 0.139077208695873 0.143592973870616 0.148328350436303 0.152788671755022 0.156483306038764 0.1590378183511 0.159830343338751 0.161139299311946 0.162922233823807
-9999 -9999 -9999 -9999 0.219847876218057 0.219808749133541 0.220077540124616 0.209702008674222 0.199464576859628 0.19741652713668 0.196390103909277 0.199274032827347 0.195760223654009 0.179587095975876 0.156644969697921 0.125892481255916 0.115990216453229 0.120406736769984 0.134649729536426 0.152687089577798 0.159139177972271 0.163546817917978 0.164608926061661 0.165408639177199 0.164632216576607 0.16445250136237 0.166207539939111 0.167388635777658 0.167568156796117 0.164357590579217 0.157658690887113 0.153207366985659 0.150125249258934 0.149607015713569 0.149943404140011 0.150733537250949 0.151609243885163 0.155661745898185 0.159672426119927 0.163416777887652 0.166749071690344 0.168934289486178 0.17126740322959 0.173829075790221 0.175681081510359 0.176881747861062
-9999 -9999 -9999 -9999 0.220210348886828 0.220509359913488 0.220627214639418 0.206503647950388 0.193035374245336 0.1960419046302 0.198692089126956 0.1999783299623 0.191337053333559 0.163052022457123 0.139108831844022 0.120175450559585 0.118768743209301 0.12939838896836 0.144238937285639 0.160705466904948 0.167580257500372 0.172762398758242 0.17386676995985 0.174669864677614 0.173706432023356 0.173203689436759 0.174194681548303 0.17463135478958 0.174100692714414 0.171192726781291 0.165838561711773 0.163513621014933 0.16303405838628 0.163394469407297 0.164034867959638 0.164896691518445 0.165805276363127 0.168959029739903 0.172083038476206 0.175017603462742 0.17759596532391 0.179182747679372 0.181261364971438 0.184100095783511 0.185847532845313 0.18659338643474
-9999 -9999 -9999 -9999 0.220411148282789 0.220312938574822 0.220191669560248 0.206047025419051 0.192619574646796 0.196258306503296 0.199117061111235 0.198990406047913 0.185017877048062 0.143648263908202 0.121435692473765 0.121327340843216 0.128564869684558 0.1408471431463 0.153184379781446 0.165542839996276 0.173816464120342 0.181369238322781 0.182303011417389 0.182875726011492 0.181647437234079 0.180543265515758 0.179841526573704 0.17924483408851 0.178831458572418 0.176999491068625 0.173707823599538 0.172556768982641 0.172709754397792 0.173614246229972 0.174769236676155 0.175630377665643 0.176456930175904 0.17812068375849 0.179877951741219 0.182230738382186 0.18452581859404 0.18666024121546 0.188442733499312 0.189681339167779 0.190509463990888 0.190960848043042
-9999 -9999 -9999 -9999 0.220312938574822 0.220166143871123 0.219993819632838 0.208687678460152 0.197922323499956 0.200477215551561 0.202136668947435 0.200368754325374 0.185785791566295 0.145845454546713 0.124818187327154 0.125613641594687 0.135824096298987 0.152500254973289 0.163811470231702 0.173051078473368 0.18018273143999 0.186942397586761 0.187662143380411 0.187991983467533 0.186174783495165 0.184425637606652 0.182897155804019 0.181865106186559 0.181699372587665 0.181135476116211 0.180161879427971 0.180008643096493 0.180355166235278 0.181265121506106 0.182362884283066 0.183286967777437 0.184187599728184 0.185165139936632 0.186220304619881 0.187769821574611 0.189408103304525 0.19129347705072 0.192594844968088 0.192993667817885 0.193315029144287 0.19356530183746
-9999 -9999 -9999 -9999 0.220157634827398 0.219993819632838 0.214198648448913 0.213651323030072 0.207514038489711 0.207698048122468 0.20710227806722 0.203521828978292 0.191869095929207 0.164243571219906 0.1439926239752 0.132250782462858 0.141180623442896 0.164306640144317 0.175699809385884 0.182562493508862 0.18664654849037 0.190240261054808 0.190713408973909 0.190791009895263 0.188141849252485 0.185715069693904 0.184009346750475 0.182990451012888 0.183170132098659 0.184018360991632 0.185554513527501 0.186267049562547 0.18647784235016 0.186989293944451 0.187600963538693 0.188635705940185 0.189727501042428 0.190621673580139 0.191473225432058 0.192053346383956 0.192754689724215 0.193793487644965 0.19447498215783 0.194604280014192 0.194728304301539 0.194847485230815
-9999 -9999 -9999 -9999 0.219993819632838 0.216497302055359 0.215026991982614 0.2144617669044 0.213617600740925 0.210165999589428 0.207045051840044 0.205189715470037 0.197126592839918 0.176780008500622 0.157487608252033 0.139411572967806 0.144917980797829 0.166619519552877 0.178205361289363 0.185885162603471 0.189290898942178 0.191942390414976 0.192486157340388 0.192760628557974 0.191175615595233 0.189673190155337 0.188438541946873 0.187590702406822 0.187417879219978 0.188064166134404 0.189553302622611 0.190216938334127 0.190377687734942 0.19070008156761 0.191076358479838 0.191944236236234 0.192877680063248 0.193481042981148 0.194041645815296 0.194329942907056 0.194676797236166 0.195186670749418 0.195518292727009 0.195574435014879 0.195619295200994 0.195653797638032
-9999 -9999 -9999 -9999 -9999 0.216628980732733 0.21676974623434 0.216967886013369 0.218226217935162 0.210596969050746 0.20483515531786 0.206221080595447 0.20203016794497 0.186804259977033 0.168548505633108 0.146796787458081 0.147961400689617 0.164863688330496 0.17668965651143 0.186555472112471 0.19029830876858 0.192960626175327 0.193710961649495 0.194374781462454 0.194666550044091 0.194775048763521 0.194289330513247 0.193680220073269 0.192855778721071 0.192608370415626 0.192954718585937 0.193177445761619 0.193324870159549 0.193547976593817 0.193796307809891 0.194378376487763 0.195003679202449 0.195227325443299 0.195459552349583 0.195746412200312 0.195988404174005 0.196105493172523 0.196202960706526 0.196270103896818 0.196286445183139 0.19625616362018
-9999 -9999 -9999 -9999 -9999 0.217648020675105 0.218090206384659 0.218879580497742 0.218250679873651 0.20964284145063 0.203344787320783 0.205887609431821 0.202704606517669 0.188191806116412 0.170200796857957 0.148196479005198 0.148686636840144 0.164624762631232 0.175738976847741 0.184990504095631 0.189640602757854 0.19347869052041 0.194566394052198 0.195536135185149 0.196024722629978 0.196312644308613 0.195949931779215 0.195569862281123 0.19515950929734 0.194984965747403 0.195053070783615 0.195131361003845 0.19521585347191 0.195351281473714 0.195503682859482 0.195780392616026 0.196072662549634 0.196139895146893 0.196217189392736 0.19635858026243 0.196478311092623 0.196537742210973 0.196602623789541 0.196675924043502 0.196708977703125 0.196705092826197
-9999 -9999 -9999 -9999 -9999 0.217710691113626 0.218084109406317 0.218423155526961 0.21732667521123 0.208402135679799 0.202003295863828 0.205271752130601 0.202504028716395 0.18779240981225 0.169906436916321 0.148357758598943 0.148932240182354 0.164699687111762 0.174905204965222 0.182963055468375 0.188638382861691 0.193893268704414 0.195345404648012 0.196603801461958 0.196941627129432 0.197112790999874 0.19674357675737 0.196590546158052 0.196814774986236 0.196913081792093 0.196881819155908 0.196877005119478 0.196888305967854 0.196938455585511 0.197001554792927 0.196968861645268 0.196922949725582 0.196879964682364 0.196838216916207 0.196804337924527 0.196798205375671 0.196869318523715 0.19694331528679 0.197021774226619 0.197080896746728 0.197122273906585
-9999 -9999 -9999 -9999 -9999 -9999 0.216957756588536 0.216949588348789 0.216332065001611 0.20862021225114 0.203071702391871 0.205803576015657 0.202589751251282 0.187611069410078 0.168444504180262 0.144445779823488 0.14437011076558 0.160723475198592 0.171425999172272 0.179946519674793 0.187607347003875 0.195116465610843 0.196291462548317 0.197251129054254 0.197572191396067 0.197701534917278 0.197209242851503 0.19693107037775 0.197026558460728 0.197059024245508 0.197026642580186 0.197021421405577 0.197032742923306 0.197060332663598 0.197093348829977 0.197070484680514 0.197041350026285 0.197213705989622 0.19735861016858 0.197328709786938 0.197313514928664 0.197339258847698 0.197380027944042 0.197444011607478 0.197508791762014 0.197574299189352
-9999 -9999 -9999 -9999 -9999 -9999 0.215838174185445 0.215500524928493 0.215356852739088 0.208952181281582 0.204314028063128 0.206437357491063 0.202531285824314 0.186694725386558 0.166248459008432 0.140483315913908 0.14002307047767 0.156940833214791 0.168147879262124 0.177149804369096 0.186676040291786 0.19629480136979 0.197193072688195 0.197853192687035 0.198119995574797 0.198185856303861 0.197600178180202 0.197208868399743 0.197156738850378 0.197116730674621 0.197089191406004 0.197079698885641 0.197081204864287 0.197087951725529 0.197096445868092 0.19709665832981 0.197098447430518 0.197478631331075 0.197804662489122 0.197785839919121 0.197767011580929 0.197748174109767 0.197756920130022 0.197808300295184 0.197875607398248 0.197957531098397
-9999 -9999 -9999 -9999 -9999 -9999 0.21427328403919 0.215064407356324 0.214622245200219 0.20980226849356 0.206260396588233 0.207610541774381 0.200798021689538 0.177833878705578 0.156779259923966 0.137927935488762 0.140266859242993 0.157158080127931 0.168278404781895 0.1771703747011 0.186822312974161 0.196608364101379 0.197540746100487 0.198173190797529 0.197921751006957 0.197657292408328 0.197350629875737 0.19714240585604 0.197105966268047 0.197084506192515 0.197078459685849 0.196984040160333 0.19683578754625 0.196810025361276 0.196825095722752 0.19683713826441 0.196851197269655 0.197203599156872 0.197505782208135 0.197488157018538 0.197467837602861 0.197440015692865 0.197449865360414 0.197517930980652 0.197564141404244 0.197590293422822
-9999 -9999 -9999 -9999 -9999 0.211680152243184 0.21191722106549 0.212254922236166 0.212562997494974 0.209388703107834 0.206879407648117 0.206915433849058 0.196899439538679 0.166993328640538 0.146482182606574 0.13681134966112 0.142621870483122 0.159064128033576 0.170003663147649 0.178818396022243 0.187878093892528 0.196981019070072 0.19773569318556 0.198183003452516 0.197592266144291 0.197121725928399 0.197040915489197 0.196982947088057 0.196964840254476 0.196961752830013 0.19697411454493 0.196834542578267 0.196602412769871 0.196560044923136 0.196580926737478 0.196604285990038 0.196629947231662 0.196928330486821 0.197184536726244 0.197172126462383 0.197153599992875 0.197118040054075 0.197125590616657 0.197199766193667 0.197244421608986 0.19726198382916
-9999 -9999 -9999 -9999 0.209948408026849 0.211038572172965 0.211680152243184 0.208669399061511 0.205646658135999 0.204341656258029 0.202631362984257 0.199369798264196 0.18506122741007 0.148893748079577 0.133149494567225 0.140970444006305 0.15271815897957 0.167162560647534 0.177576377026496 0.186433835856376 0.19226878064294 0.197570340767983 0.197370650787507 0.197055456619109 0.196781566546809 0.196560476095446 0.196510584123673 0.196482482937074 0.196492413839986 0.196507049183692 0.196526521155911 0.196487632970656 0.196413195902301 0.196412523427317 0.196436437868303 0.196469213693373 0.196504032900257 0.19665219754942 0.196781280059968 0.196788823892993 0.196784133391996 0.196745387969478 0.196738171962 0.19677968179026 0.196894437074661 0.197076414861987
