Ecospace-environmental-drivers/Outputs/ASCII-for-ecospace/MOM6-ISIMIP3a/phyc/1980-12_phyc_MOM6-ISIMIP3a.asc
NCOLS 131 
NROWS 53 
XLLCORNER -98 
YLLCORNER 23.9265270233154 
CELLSIZE 0.133587792515755 
NODATA_value -9999 
[rows 19 to 37 of 53, columns 44 to 87 of 131]
0.00298191234469414 0.00305958231911063 0.00312829134054482 0.00319217494688928 0.00331153348088264 0.00344666885212064 0.00341312377713621 0.00336523214355111 0.00339615950360894 0.00340935774147511 0.00333236972801387 0.00330584798939526 0.00340118212625384 0.00367535278201103 0.00419504148885608 0.00459064170718193 0.00488471565768123 0.00515867490321398 0.00542310578748584 0.005308723077178 0.00510382885113358 0.00491126626729965 0.0047083655372262 0.00434267101809382 0.00397099601104856 0.00357429310679436 0.00322792795486748 0.00298783020116389 0.00276103243231773 0.00255048950202763 0.00241158436983824 0.00232485868036747 0.00220165099017322 0.00206333468668163 0.00195802142843604 0.00185919553041458 0.0017828457057476 0.0017078168457374 0.00163756113033742 0.00157348497305065 0.00153113680426031 0.00149971817154437 0.00148859689943492 0.00148525403346866
0.00233151530846953 0.00235392432659864 0.00237429398111999 0.00239356537349522 0.00244401418603957 0.00250332988798618 0.00249670003540814 0.0024865276645869 0.00256295409053564 0.00263381726108491 0.00267638266086578 0.00275600631721318 0.00292511144652963 0.00319308834150434 0.0035968036390841 0.00395556446164846 0.00427754456177354 0.00456453021615744 0.00483493972569704 0.00471376674249768 0.0044990312308073 0.00428256765007973 0.00406043417751789 0.00375750521197915 0.00345901399850845 0.00317909568548203 0.00292820623144507 0.00273859919980168 0.00256652967073023 0.00241589499637485 0.00229683285579085 0.00220076786354184 0.00206223293207586 0.0019061096245423 0.00179592648055404 0.0016947741387412 0.00162886606995016 0.00156627874821424 0.00152337993495166 0.0014840658986941 0.00145735626574606 0.0014388277195394 0.00143549230415374 0.00143734912853688
0.00172939023468643 0.00171202654018998 0.00170405069366097 0.00170112971682101 0.00170396489556879 0.00170843710657209 0.00173414207529277 0.00176473055034876 0.00186848954763263 0.00198324304074049 0.00215392396785319 0.0023440436925739 0.00258110021241009 0.00282684224657714 0.00308450823649764 0.00338436709716916 0.00371874682605267 0.00402463972568512 0.00431703915819526 0.00420507835224271 0.00399650214239955 0.0037193289026618 0.00343911512754858 0.00318323681131005 0.00294565805234015 0.00278466404415667 0.00262864120304585 0.00248311250470579 0.00236401869915426 0.00227723410353065 0.00217721681110561 0.00206756079569459 0.0019084953237325 0.00172896776348352 0.00161819346249104 0.00152093451470137 0.00147273577749729 0.00142948736902326 0.00141685048583895 0.0014044342096895 0.0013927937252447 0.00138606654945761 0.00138846389017999 0.00139324425254017
0.00152888742741197 0.00152633001562208 0.00152346957474947 0.00152044591959566 0.00153876398690045 0.00156315159983933 0.00165748153813183 0.0017583187436685 0.00184155569877476 0.00193686631973833 0.00209359405562282 0.00227119284681976 0.00249918620102108 0.00270855170674622 0.00289234356023371 0.00310106948018074 0.00333019578829408 0.0035388118121773 0.00373771274462342 0.00364441098645329 0.00348129193298519 0.00323902443051338 0.00299191661179066 0.00275350199081004 0.00253767450340092 0.00241637509316206 0.00231226906180382 0.00224445969797671 0.00217258324846625 0.00209573609754443 0.00198217271827161 0.00184186594560742 0.00171119824517518 0.00158452254254371 0.0015085149789229 0.00144246767740697 0.00141357572283596 0.00138788507319987 0.0013800251763314 0.00137236015871167 0.00136537977959961 0.00136153830680996 0.00136352598201483 0.00136622472200543
0.00136267696507275 0.00137758441269398 0.00138210982549936 0.00138104509096593 0.00141758879180998 0.0014648282667622 0.00162322586402297 0.00178913539275527 0.0018506683409214 0.00192431744653732 0.00205960054881871 0.00221647135913372 0.00242546759545803 0.00259700953029096 0.0027171322144568 0.00283829448744655 0.00296030729077756 0.00306724780239165 0.00316704879514873 0.00309269619174302 0.00297673232853413 0.00277543207630515 0.0025673124473542 0.00234526256099343 0.00214878842234612 0.00205935165286064 0.0020005339756608 0.00200635637156665 0.00197804532945156 0.00190801627468318 0.00178236945066601 0.00161621137522161 0.00151845742948353 0.00144903210457414 0.00140928872860968 0.00137538008857518 0.00136504776310176 0.00135598320048302 0.0013507732655853 0.00134594575501978 0.00134246272500604 0.0013404858764261 0.00134130613878369 0.00134137354325503
0.00125251477584243 0.00125947350170463 0.00126637541688979 0.00127324694767594 0.00129318051040173 0.00131682888604701 0.00141802709549665 0.00152616074774414 0.00160723086446524 0.00170300365425646 0.00187356700189412 0.00203044433146715 0.00215427577495575 0.00228206906467676 0.00241530174389482 0.00254871044307947 0.00268226326443255 0.00276242499239743 0.00281729665584862 0.0027546922210604 0.00266401888802648 0.00248233857564628 0.00229451362974942 0.00210824911482632 0.00194127566646785 0.00185503799002618 0.00178665202111006 0.00175595260225236 0.00171825580764562 0.00167200644500554 0.00159977748990059 0.001508625340648 0.00145619444083422 0.00141979951877147 0.00139614706858993 0.00137499929405749 0.00136886804830283 0.00136331748217344 0.00135800766292959 0.00135255407076329 0.00134659488685429 0.00134095188695937 0.00133589620236307 0.00133061408996582
0.00116222526412457 0.00116163061466068 0.00116986047942191 0.00118284218478948 0.00118829356506467 0.00119160325266421 0.00124023214448243 0.00129469577223063 0.00138144544325769 0.00148416520096362 0.00166812306270003 0.00181676645297557 0.00188013887964189 0.00197405437938869 0.00210990174673498 0.002246527466923 0.00238379021175206 0.0024413550272584 0.00246116891503334 0.00241103512234986 0.00234418851323426 0.00218712282367051 0.00202508643269539 0.00188091292511672 0.00174709386192262 0.00165660982020199 0.00157821306493133 0.00152533338405192 0.00148792122490704 0.00146941328421235 0.00144622381776571 0.00141962431371212 0.00140479335095733 0.00139483634848148 0.00138382578734308 0.00137260823976249 0.00137083942536265 0.00136908539570868 0.0013640591641888 0.00135824363678694 0.00134965276811272 0.0013404677156359 0.00133017904590815 0.00131981226149946
0.00115907215513289 0.00115265720523894 0.00115761754568666 0.00116870296187699 0.00116900214925408 0.00116623390931636 0.00118259550072253 0.00120139203500003 0.0012330588651821 0.00127618038095534 0.00137757055927068 0.00148184632416815 0.00159308919683099 0.00169640895910561 0.00178885133937001 0.0018891025101766 0.0019957423210144 0.00204904610291123 0.00207708566449583 0.00204259040765464 0.00199315324425697 0.00188260187860578 0.00177044386509806 0.00169600988738239 0.00161136535461992 0.0014839880168438 0.00139363994821906 0.00138146360404789 0.00138673861511052 0.00141334277577698 0.00141999463085085 0.00141211342997849 0.00140101846773177 0.00138859241269529 0.00137510220520198 0.00136140279937536 0.00136470410507172 0.00136798562016338 0.00136492389719933 0.0013599043013528 0.00134800036903471 0.00133581703994423 0.00132311449851841 0.00130882509984076
0.00116496242117137 0.00115933560300618 0.00116446986794472 0.00117539858911186 0.00117305421736091 0.00116693507879972 0.00116057915147394 0.00115424382966012 0.00114911654964089 0.00115045020356774 0.0011846492998302 0.00124425068497658 0.00136518850922585 0.00146062765270472 0.0015210605924949 0.00159341923426837 0.00167553510982543 0.00172119773924351 0.00174959341529757 0.001724743982777 0.00168717256747186 0.00161658576689661 0.00154653179924935 0.00151724717579782 0.00146802677772939 0.00133537291549146 0.00125310150906444 0.00127719156444073 0.00131606694776565 0.00137301301583648 0.00139945896808058 0.00140368903521448 0.00139753601979464 0.00138708297163248 0.00137357413768768 0.00135946448426694 0.00136423483490944 0.00136896653566509 0.00136648945044726 0.00136094237677753 0.00134460115805268 0.00132861838210374 0.00131330150179565 0.00129646551795304
0.00119058426935226 0.00120016338769346 0.00121298513840884 0.00122755288612098 0.00122803810518235 0.00122451828792691 0.0012162810890004 0.00120780046563596 0.00120578240603209 0.00120418763253838 0.00120474491268396 0.00121900287922472 0.00126634212210774 0.00131618767045438 0.00136947422288358 0.00143244746141136 0.00150334578938782 0.00153399328701198 0.00154557474888861 0.00151729630306363 0.00147949391975999 0.00143458135426044 0.00138966960366815 0.00135188165586442 0.0013080844655633 0.00123913725838065 0.00120864051859826 0.00125931587535888 0.0013119651703164 0.0013670272892341 0.00139134586788714 0.00139327137731016 0.00139469187706709 0.00139590341132134 0.00138774537481368 0.00137774553149939 0.00137612817343324 0.00137448729947209 0.00136958376970142 0.00136062176898122 0.0013373902766034 0.00131586065981537 0.00129749171901494 0.00128111138474196
0.00123493326827884 0.00125719455536455 0.00127767771482468 0.0012972034746781 0.00130128499586135 0.00130097416695207 0.00129333965014666 0.00128536904230714 0.00128856813535094 0.00128815032076091 0.00126933341380209 0.00125465448945761 0.00124996737577021 0.00125931156799197 0.00128791888710111 0.00132610055152327 0.00137211557012051 0.00138926599174738 0.00139274401590228 0.00136359035968781 0.00132663978729397 0.001302914111875 0.00127930974122137 0.00124424789100885 0.00121093878988177 0.00118496501818299 0.0011878734221682 0.00125175470020622 0.00131029286421835 0.00136230071075261 0.00138613034505397 0.00138943537604064 0.00140010076574981 0.0014138143742457 0.00141319399699569 0.00140975590329617 0.00140135211404413 0.00139245542231947 0.00138054008129984 0.00136452948208898 0.00133411982096732 0.00130757596343756 0.00128821132238954 0.00127295916900039
0.00130284286569804 0.00133461062796414 0.00136272248346359 0.00138886575587094 0.00139750819653273 0.0014011733001098 0.00139726640190929 0.00139314692933112 0.00140421488322318 0.00141013902612031 0.00138989742845297 0.0013669227482751 0.00133734871633351 0.00131259777117521 0.00129446829669178 0.00128847628366202 0.00129241496324539 0.00129797856789082 0.0013043120270595 0.00127749587409198 0.00124275905545801 0.0012345751747489 0.0012274538166821 0.00120924541261047 0.00119279662612826 0.00118371204007417 0.00119691540021449 0.00125717034097761 0.00131167692597955 0.00135915807913989 0.00138455990236253 0.00139387953095138 0.00141589250415564 0.00144316221121699 0.00145283050369471 0.00145903893280774 0.00144334707874805 0.00142608338501304 0.00140138750430197 0.00137375667691231 0.00133580667898059 0.00130491866730154 0.00128714565653354 0.00127386744134128
0.00137676578015089 0.00140576076228172 0.00143332430161536 0.00146011693868786 0.00147143320646137 0.0014783478109166 0.00148077646736056 0.0014833266614005 0.00150155834853649 0.00151455402374268 0.00150091492105275 0.00147900579031557 0.00143712770659477 0.00139258557464927 0.00134438590612262 0.00130768131930381 0.00128038146067411 0.00127048860304058 0.0012688412098214 0.00124066590797156 0.00120615202467889 0.00120666483417153 0.00120855320710689 0.00119543832261115 0.00118528702296317 0.00118753826245666 0.00120648520532995 0.00126067781820893 0.00131013442296535 0.00135380250867456 0.00138249422889203 0.00140027748420835 0.00143038958776742 0.00146560755092651 0.00147922057658434 0.00148858653847128 0.00146848242729902 0.00144582136999816 0.00140884518623352 0.00137061020359397 0.00132794876117259 0.0012952167307958 0.00128092442173511 0.00127102271653712
0.00145519885700196 0.0014722115593031 0.00149309367407113 0.00151605950668454 0.001528634224087 0.00153825373854488 0.00154897372703999 0.00156030768994242 0.0015851742355153 0.0016057884786278 0.00160477252211422 0.00159095006529242 0.0015462051378563 0.00149259972386062 0.00142683030571789 0.00136950879823416 0.00131909898482263 0.00129084743093699 0.00127309188246727 0.00124078476801515 0.00120500079356134 0.00120907637756318 0.00121436943300068 0.00119752797763795 0.0011857517529279 0.00119517405983061 0.00121645117178559 0.00126275431830436 0.00130639679264277 0.00134678732138127 0.00138005730696023 0.00140814064070582 0.00144391565117985 0.0014828760176897 0.00149567553307861 0.00150333251804113 0.00148097286000848 0.00145514192990959 0.00140626064967364 0.00135818310081959 0.00131293211597949 0.00128023105207831 0.00127083668485284 0.0012653631856665
0.00147720542736351 0.00147659820504487 0.00148000498302281 0.00148557312786579 0.00149306003004313 0.00150109268724918 0.00151511165313423 0.00153056439012289 0.00156818272080272 0.00160346133634448 0.00162683881353587 0.00163635285571218 0.00161239225417376 0.00157044071238488 0.00150379014667124 0.00143848836887628 0.00137429020833224 0.00132882862817496 0.00129224208649248 0.00125552911777049 0.00121878599748015 0.00122116587590426 0.00122423400171101 0.00119820225518197 0.00117960385978222 0.00119211489800364 0.00121326616499573 0.00125265761744231 0.00129236816428602 0.00133246881887317 0.00137049925979227 0.00140702177304775 0.00144111504778266 0.00147420237772167 0.00148102839011699 0.00148269219789654 0.00145757757127285 0.00142895721364766 0.00137577683199197 0.00132358109112829 0.00127484695985913 0.0012414192315191 0.00123641698155552 0.00123590126167983
0.00147502892650664 0.001454385695979 0.00143569090869278 0.00141804525628686 0.0014177244156599 0.00142233085352927 0.00143750919960439 0.00145508151035756 0.00150807306636125 0.0015610356349498 0.00161385128740221 0.00165323761757463 0.00166019762400538 0.00163877883460373 0.00157839944586158 0.00151053338777274 0.00143654178828001 0.00137436226941645 0.00131777790375054 0.00127654161769897 0.00123897253070027 0.0012374030193314 0.00123583362437785 0.00119826989248395 0.00117062195204198 0.0011844722321257 0.00120444514323026 0.00123734364751726 0.00127392890863121 0.00131502014119178 0.0013578892685473 0.00140205351635814 0.00143131741788238 0.00145441060885787 0.00145305169280618 0.00144688610453159 0.00141880265437067 0.00138755585066974 0.0013333362294361 0.00127947528380901 0.00122687523253262 0.00119239604100585 0.00119156925939023 0.0011962380958721
0.00139829143881798 0.00135914201382548 0.00132099201437086 0.00128338020294905 0.00126995914615691 0.00126341788563877 0.00126901990734041 0.00127776560839266 0.001337826019153 0.00140222627669573 0.00148870260454714 0.00156648340635002 0.00162326777353883 0.00164500065147877 0.00161861244123429 0.0015638469485566 0.00148586381692439 0.00141314615029842 0.00134292256552726 0.00129846704658121 0.00126016838476062 0.0012536346912384 0.00124665105249733 0.00120135676115751 0.00116641737986356 0.00117481430061162 0.00119003804866225 0.00121967389713973 0.00125309149734676 0.00129113136790693 0.00133083632681519 0.00137175410054624 0.00139121746178716 0.00140179565642029 0.0013883839128539 0.00137025630101562 0.00133856188040227 0.00130445149261504 0.00125164852943271 0.00120094686280936 0.00115763302892447 0.00112945423461497 0.00112938310485333 0.00113531074021012
0.0013061270583421 0.00124878797214478 0.00119173037819564 0.00113482435699552 0.00110720808152109 0.00108792167156935 0.00108172616455704 0.00107938039582223 0.00114479148760438 0.00121933699119836 0.00134034769143909 0.00145828607492149 0.00156880600843579 0.00163837056607008 0.0016517088515684 0.00161328504327685 0.00153251073788851 0.00145053339656442 0.00136798620223999 0.00132058141753078 0.00128157320432365 0.00126986531540751 0.00125730677973479 0.001205068314448 0.00116320117376745 0.00116473948583007 0.00117447518277913 0.0012015167158097 0.00123175804037601 0.00126590998843312 0.00130079500377178 0.00133621378336102 0.00134484795853496 0.00134238961618394 0.0013161248061806 0.00128518010023981 0.00124974176287651 0.0012127187801525 0.00116184062790126 0.00111529626883566 0.00108398997690529 0.0010636328952387 0.00106360961217433 0.00106998393312097
0.0012079463340342 0.00114108133129776 0.00108301476575434 0.001029685838148 0.000996861141175032 0.000969867862295359 0.000953424663748592 0.000940488185733557 0.000993070774711668 0.00105822773184627 0.00118734920397401 0.00132133916486055 0.00146708451211452 0.00157186388969421 0.00162040232680738 0.00160755438264459 0.00154448172543198 0.00146756856702268 0.0013840994797647 0.00133446999825537 0.00129292579367757 0.00127979728858918 0.00126554362941533 0.00120650208555162 0.0011567174224183 0.00114567403215915 0.00114612677134573 0.00117084919475019 0.00119456194806844 0.00121704058256 0.00123691582120955 0.00125489453785121 0.00125581247266382 0.00124966481234878 0.00121782172936946 0.00118092738557607 0.0011412852909416 0.00110139104072005 0.001060027978383 0.00102396449074149 0.00100653409026563 0.000996869057416916 0.00100162473972887 0.00100929290056229
