Ecospace-environmental-drivers/Outputs/ASCII-for-ecospace/MOM6-ISIMIP3a/phyc/1981-06_phyc_MOM6-ISIMIP3a.asc
NCOLS 131 
NROWS 53 
XLLCORNER -98 
YLLCORNER 23.9265270233154 
CELLSIZE 0.133587792515755 
NODATA_value -9999 
[rows 19 to 37 of 53, columns 43 to 85 of 131]
0.00133433996234089 0.00132961163762957 0.00133899319916964 0.00140274479053915 0.00149577204138041 0.00166766240727156 0.0018619813490659 0.00201275502331555 0.00215417193248868 0.00216331402771175 0.00216191075742245 0.00210686586797237 0.00209742970764637 0.00219812127761543 0.0023675411939621 0.00263131596148014 0.00288513069972396 0.00313079613260925 0.00318300840444863 0.00314358598552644 0.00305923051200807 0.00296413875184953 0.00297322636470199 0.00299047469161451 0.00302233546972275 0.00304886163212359 0.00305306096561253 0.00299006490968168 0.00278521492145956 0.0025822096504271 0.00238145911134779 0.002344154054299 0.00242590042762458 0.0024953952524811 0.0025598166976124 0.00253699021413922 0.00249701272696257 0.00245730741880834 0.0024229190312326 0.00244037294760346 0.0024512461386621 0.00243898155167699 0.00237694149836898
0.00119335134513676 0.00117882492486387 0.00116943451575935 0.00118130329065025 0.00120461941696703 0.00126679823733866 0.00134002952836454 0.00140161684248596 0.0014601016882807 0.00146700558252633 0.00147079187445343 0.0014587203040719 0.00147070491220802 0.00154077576007694 0.00164863490499556 0.00180837232619524 0.00197275099344552 0.00214092689566314 0.00218613166362047 0.00217308779247105 0.00211891368962824 0.00205491227097809 0.00207627471536398 0.00210335315205157 0.00212826882489026 0.00215718918479979 0.00220287055708468 0.00219503650441766 0.00207422790117562 0.00194019172340631 0.00178998860064894 0.00175840267911553 0.00181321566924453 0.00185406382661313 0.00188912882003933 0.00187112251296639 0.00184268364682794 0.00186023581773043 0.00188665848691016 0.00198309775441885 0.00207340554334223 0.00214215624146163 0.00215739756822586
0.00113622180651873 0.00112261821050197 0.00111082044895738 0.00110322248656303 0.0010978861246258 0.00109996844548732 0.00110416079405695 0.00110980798490345 0.00111528614070266 0.00111217482481152 0.00110865663737059 0.00110306881833822 0.00110403087455779 0.00112080830149353 0.00115556898526847 0.00121501844841987 0.00128091650549322 0.00135209073778242 0.00137829245068133 0.00138319144025445 0.00136403879150748 0.00133913918398321 0.00137165002524853 0.00140692503191531 0.00142502784729004 0.00145511410664767 0.00153535197023302 0.00157623214181513 0.00153402471914887 0.00146275002043694 0.00135594897437841 0.00132373638916761 0.00134585297200829 0.00135139119811356 0.00135006394702941 0.00132846820633858 0.00130288815125823 0.00134917674586177 0.00140771712176502 0.00155994179658592 0.0017084552673623 0.00184391974471509 0.00192667450755835
0.00113507371861488 0.00111977406777442 0.00110639620106667 0.0010953777236864 0.0010856295702979 0.00107896607369184 0.0010731799993664 0.00106897566001862 0.00106484000571072 0.00105819036252797 0.00105129624716938 0.00104315846692771 0.00103732175193727 0.00103704142384231 0.00104573974385858 0.00106676458381116 0.00109317642636597 0.00112399586942047 0.00113576464354992 0.00113850936759263 0.00112823653034866 0.00111485319212079 0.00113227660767734 0.00115121563430876 0.00116141105536371 0.00118166417814791 0.00124400982167572 0.00128635379951447 0.00128647254314274 0.00125514902174473 0.00118539645336568 0.00115839694626629 0.00116253807209432 0.0011554294032976 0.00114366190973669 0.00112424301914871 0.00110332004260272 0.00115029176231474 0.00120787264313549 0.00134453037753701 0.00148108461871743 0.00161727506201714 0.00171433808282018
0.00113407615572214 0.00111704517621547 0.00110235868487507 0.00108937511686236 0.00107730831950903 0.00106620427686721 0.00105537392664701 0.00104528304655105 0.00103528529871255 0.00102576171047986 0.00101596105378121 0.00100475118961185 0.000992850051261485 0.000979279167950153 0.000967071449849755 0.000956735108047724 0.000950579240452498 0.000947843713220209 0.000946684973314404 0.000946273154113442 0.000942810089327395 0.000938618031796068 0.000939929683227092 0.000941670616157353 0.00094415619969368 0.00095391710055992 0.000994125846773386 0.00103316979948431 0.00106975471135229 0.00107433460652828 0.00103979767300189 0.00101843650918454 0.00100667239166796 0.000989488675259054 0.000970060413237661 0.000953709241002798 0.000937962962780148 0.000983470235951245 0.00103752582799643 0.00115292717237025 0.00127161387354136 0.00140185153577477 0.00150727014988661
0.00106449925806373 0.00104848179034889 0.0010359154548496 0.00102461490314454 0.00101399584673345 0.00100430729798973 0.000994883361272514 0.000985830090939999 0.000976791721768677 0.000967135303653777 0.000957187730818987 0.000945759762544185 0.000934546464122832 0.000923851563129574 0.000916117103770375 0.000912446877919137 0.000912998511921614 0.000917004479561001 0.00092195876641199 0.00092736235819757 0.000929737463593483 0.00093138893134892 0.000932988477870822 0.00093444500816986 0.00093387154629454 0.000936225696932524 0.000950832385569811 0.000967945088632405 0.000990348402410746 0.000992994988337159 0.000971494882833213 0.000955378753133118 0.000943184189964086 0.000929593690671027 0.000915425189305097 0.000909521942958236 0.000905243447050452 0.000949462642893195 0.000999640207737684 0.00109047896694392 0.00118286907672882 0.00128071359358728 0.00136379932519048
0.000986828934401274 0.000972666894085705 0.000962785794399679 0.000953833165112883 0.000945380481425673 0.000937755510676652 0.000930366048123688 0.000923235376831144 0.000916087243240327 0.000907753536012024 0.00089928659144789 0.000890141760464758 0.000882043736055493 0.000876473262906075 0.00087490800069645 0.000878841441590339 0.000886181485839188 0.000896308803930879 0.000906270754057914 0.00091615435667336 0.000922910869121552 0.000928920286241919 0.000930703594349325 0.000931915186811239 0.000929030124098063 0.00092544819926843 0.000918949779588729 0.000917409313842654 0.000926335633266717 0.000926263222936541 0.000915192533284426 0.000902460073120892 0.000888517184648663 0.000877153011970222 0.0008668567170389 0.000869666051585227 0.000875051657203585 0.00091738358605653 0.000963293481618166 0.00103078980464488 0.00109818042255938 0.00116519944276661 0.00122568034566939
0.000873670680448413 0.000865055772010237 0.000860337924677879 0.000856648781336844 0.000853513658512384 0.000850793847348541 0.000848192139528692 0.000846865004859865 0.000845688628032804 0.000845059985294938 0.000845209287945181 0.000849315489176661 0.000854975776746869 0.000864388654008508 0.000876429199706763 0.000892077048774809 0.000906560046132654 0.000920089893043041 0.000930212438106537 0.000938721059355885 0.00094347185222432 0.000947324791923165 0.000948835397139192 0.000949974986724555 0.000948056054767221 0.000944986415561289 0.000937100674491376 0.000931280083023012 0.000929819245357066 0.000923582527320832 0.000911508803255856 0.000893998774699867 0.000872529111802578 0.000857396924402565 0.000844889378640801 0.000848802214022726 0.000855942955240607 0.000893760821782053 0.00093369436217472 0.000983198289759457 0.00103127688635141 0.00107434380333871 0.00111102755181491
0.000783534487709403 0.000779638940002769 0.000778813031502068 0.000779250462073833 0.000780368223786354 0.000782224291469902 0.000784290372394025 0.000789188896305859 0.000794460996985435 0.000801992020569742 0.000810739118605852 0.000825671944767237 0.000842056528199464 0.000861946668010205 0.000883036351297051 0.00090577284572646 0.000924033054616302 0.00093863089568913 0.000947734224610031 0.000954234914388508 0.00095692666945979 0.000958708289545029 0.000959957193117589 0.000961042591370642 0.000960280769504607 0.000958262186031789 0.000950983841903508 0.000943331106100231 0.000934888201300055 0.000924303021747619 0.000911099486984313 0.000890820752829313 0.000865388487000018 0.000846953771542758 0.000831417040899396 0.000833415950182825 0.000838862033560872 0.000870195683091879 0.000902569037862122 0.000935734307859093 0.000966693973168731 0.000989898573607206 0.00100769649725407
0.000743629119824618 0.000742646690923721 0.000742939009796828 0.000745022320188582 0.00074807001510635 0.000753783737309277 0.000760255672503263 0.000772300874814391 0.000785061856731772 0.000801744288764894 0.00081904890248552 0.000839518615975976 0.000860007654409856 0.000880543317180127 0.000900740385986865 0.000920472608413547 0.000935166724957526 0.000945738807786256 0.000951248686760664 0.000954360642936081 0.000954876886680722 0.000954772986005992 0.00095578411128372 0.000956854142714292 0.000957666197791696 0.000957874406594783 0.00095555535517633 0.000951411726418883 0.000943416263908148 0.000932444294448942 0.000917834520805627 0.000899169826880097 0.000877551676239818 0.000856829981785268 0.000836479535792023 0.000829980999697 0.000826205359771848 0.000846756331156939 0.000868113769683987 0.000888548558577895 0.000907174427993596 0.000919440179131925 0.000929067842662334
0.000724985613487661 0.000725233694538474 0.000725644640624523 0.000728825980331749 0.000733499007765204 0.000742540112696588 0.000752823427319527 0.00076858390821144 0.000785025244113058 0.000804711424279958 0.000824754068162292 0.000846610346343368 0.000868180941324681 0.000889061775524169 0.000908956048078835 0.000927495711948723 0.000940240162890404 0.000948243075981736 0.000951273133978248 0.000951947702560574 0.000950476853176951 0.000948493427131325 0.000949006294831634 0.000949763983953744 0.00095158931799233 0.000953394046518952 0.000955112569499761 0.000954409944824874 0.000948596163652837 0.000938777287956327 0.000924063439015299 0.000907053297851235 0.000888370559550822 0.000866872898768634 0.000844209454953671 0.000831209355965257 0.000820108805783093 0.000830545730423182 0.000841753324493766 0.000852697878144681 0.000862577871885151 0.000868714647367597 0.000874292512889951
0.000733091437723488 0.00073245307430625 0.000731724954675883 0.000735315028578043 0.000741230265703052 0.000752931577153504 0.00076627847738564 0.00078143720747903 0.000796767475549132 0.000811723177321255 0.000827182491775602 0.000845203758217394 0.000864052912220359 0.000884901208337396 0.000905234541278332 0.000924861058592796 0.000937689328566194 0.000944955565501004 0.000946906977333128 0.000946340966038406 0.000943119928706437 0.000939264544285834 0.00093895144527778 0.000939023331739008 0.000941156526096165 0.000943764811381698 0.000948361412156373 0.000951014284510165 0.000949563807807863 0.000942835176829249 0.000929655623622239 0.000914350966922939 0.000897498335689306 0.000877125654369593 0.000855295220389962 0.000838304636999965 0.000822265457827598 0.000823429378215224 0.000825576775241643 0.000831107783596963 0.000836755672935396 0.000842814741190523 0.000849526666570455
0.000743461132515222 0.000742864736821502 0.000742287142202258 0.000746098929084837 0.000752274179831147 0.00076274701859802 0.000774442043621093 0.000785103242378682 0.000795672822277993 0.000806624302640557 0.000818621600046754 0.000835938495583832 0.000854711106512696 0.000876998819876462 0.000898924365174025 0.000920352758839726 0.000933886098209769 0.000940959900617599 0.000941911072004586 0.000939962104894221 0.000934815208893269 0.000928904220927507 0.000927592976950109 0.00092680036323145 0.000928957480937243 0.000931886315811425 0.000938044919166714 0.000943113525863737 0.000945880950894207 0.00094260455807671 0.000931941263843328 0.000918828649446368 0.000903931970242411 0.000885305227711797 0.0008651337120682 0.00084696541307494 0.000829190947115421 0.000824363378342241 0.000820618122816086 0.000822761794552207 0.000825865194201469 0.000832342775538564 0.000840144464746118
0.000755528744775802 0.00075567071326077 0.000756210647523403 0.0007601038669236 0.000765802687965333 0.000772130326367915 0.000778636836912483 0.00078187882900238 0.000784950389061123 0.000792442413512617 0.00080181856174022 0.000820779066998512 0.000841458851937205 0.000866290065459907 0.000890672614332289 0.000914439267944545 0.000929143512621522 0.00093643314903602 0.000936442811507732 0.000933004135731608 0.000925799598917365 0.000917695346288383 0.000915256794542074 0.000913465686608106 0.00091543368762359 0.000918320787604898 0.000925054424442351 0.000931833870708942 0.000938710232730955 0.000939157442189753 0.00093174702487886 0.000921191414818168 0.000908344984054565 0.000891929783392698 0.000874036748427898 0.000856800412293524 0.000839693238958716 0.000831335259135813 0.000824072922114283 0.000824349117465317 0.00082617363659665 0.000833442027214915 0.000842300127260387
0.000762754585593939 0.000763603195082396 0.000764424388762563 0.00076674239244312 0.000769866339396685 0.00077165465336293 0.000773063104134053 0.000771439808886498 0.000769809703342617 0.000776375585701317 0.000785246607847512 0.000805843446869403 0.000828210904728621 0.000854853715281934 0.000881315674632788 0.000907529436517507 0.000923807441722602 0.000931956281419843 0.000931521120946854 0.000927019980736077 0.000918040866963565 0.000907991896383464 0.000904335232917219 0.000901417573913932 0.00090286391787231 0.000905233842786402 0.00091146893100813 0.00091876822989434 0.000928314111661166 0.000931547547224909 0.000927065731957555 0.000919149664696306 0.00090873206499964 0.000895188073627651 0.000880349369253963 0.000865750072989613 0.000851197866722941 0.000841856061015278 0.000833512167446315 0.000833031837828457 0.000834230275359005 0.000841331435367465 0.000849985110107809
0.00076790526509285 0.000769447069615126 0.000770191021729261 0.000770223792642355 0.0007698736153543 0.000766953628044575 0.000763302785344422 0.000757908739615232 0.000752775464206934 0.000759500951971859 0.000768773606978357 0.000791003694757819 0.000814964761957526 0.000843105488456786 0.000871485099196434 0.000900192651897669 0.00091821706155315 0.000927500776015222 0.000926833716221154 0.000921453174669296 0.000910820788703859 0.00089893356198445 0.0008940200204961 0.000889920920599252 0.000890703056938946 0.000892351963557303 0.000897628429811448 0.000904937100131065 0.000916535791475326 0.000922153587453067 0.000920461490750313 0.000915220240131021 0.000907393754459918 0.000897003628779203 0.000885551853571087 0.000874320336151868 0.000863132125232369 0.000853897887282073 0.000845516216941178 0.000844755384605378 0.000845607544761151 0.000852130993735045 0.000860039843246341
0.000760986935347319 0.000763732299674302 0.000764508557040244 0.000763338641263545 0.00076112081296742 0.000756050169002265 0.000750168110243976 0.000743191922083497 0.000736594665795565 0.0007432532729581 0.000752596592064947 0.000775596359744668 0.000800307665485889 0.000829151656944305 0.000859222142025828 0.000890976400114596 0.000911793555133045 0.000923662271816283 0.000924032356124371 0.000918955716770142 0.000907391775399446 0.000894277705810964 0.000888178881723434 0.000882865337189287 0.000881965679582208 0.000882138847373426 0.000886801863089204 0.000893889053259045 0.000906093860976398 0.000912728835828602 0.000912556308321655 0.000908997666556388 0.000902972649782896 0.000895276200026274 0.000886887544766068 0.000879597500897944 0.000872523465659469 0.000865838082972914 0.000859792693518102 0.00085985817713663 0.000861087813973427 0.000866410438902676 0.000872564851306379
0.000751571555156261 0.000755626067984849 0.000756457331590354 0.000754308712203056 0.000750555540435016 0.000743863347452134 0.000736335292458534 0.000728229701053351 0.000720590411219746 0.000727135338820517 0.000736480753403157 0.000760071503464133 0.000785358599387109 0.000814741535577923 0.000846455921418965 0.00088137126294896 0.000905197637621313 0.000919951417017728 0.000921621161978692 0.000917093304451555 0.000904747052118182 0.000890532741323113 0.000883263535797596 0.000876728561706841 0.000873936631251127 0.000872477947268635 0.000876598933245987 0.000883416854776442 0.00089592847507447 0.000903297681361437 0.000904381915461272 0.00090230064233765 0.000897913705557585 0.00089281564578414 0.000887423229869455 0.000884193344973028 0.000881388667039573 0.000877757265698165 0.000874539429787546 0.000875660160090774 0.000877416925504804 0.000881409971043468 0.000885601039044559
0.000718353257980198 0.000724316632840782 0.000727468228433281 0.000727100588846952 0.000724837882444263 0.00071985914837569 0.000714107940439135 0.000707717321347445 0.000701714772731066 0.000707956380210817 0.000717118091415614 0.00074113393202424 0.000766894198022783 0.000796866428572685 0.000830440258141607 0.000868958653882146 0.000896893499884754 0.000916169141419232 0.000921171973459423 0.000919413985684514 0.00090710906079039 0.000892284093424678 0.00088391755707562 0.000876287871506065 0.000872924865689129 0.000871011870913208 0.000875167199410498 0.000881290528923273 0.000891568488441408 0.000897390593308955 0.000897766905836761 0.000895777135156095 0.000892064068466425 0.00088890444021672 0.000885973917320371 0.000885996676515788 0.000886599940713495 0.000885967107024044 0.000885387242306024 0.000885772285982966 0.000886402791365981 0.000887896283529699 0.000889264279976487
