Ecospace-environmental-drivers/Outputs/ASCII-for-ecospace/MOM6-ISIMIP3a/phyc/1982-05_phyc_MOM6-ISIMIP3a.asc
NCOLS 131 
NROWS 53 
XLLCORNER -98 
YLLCORNER 23.9265270233154 
CELLSIZE 0.133587792515755 
NODATA_value -9999 
[rows 19 to 37 of 53, columns 0 to 42 of 131]
-9999 -9999 -9999 -9999 -9999 -9999 -9999 -9999 0.00593332620337605 0.00642743380740285 0.00642445543780923 0.00646464992314577 0.00687480857595801 0.00758426915854216 0.00744515843689442 0.00714553520083427 0.00705892127007246 0.0071185901761055 0.00689997943118215 0.00657391548156738 0.005699940957129 0.00472927745431662 0.00425173621624708 0.0038039234932512 0.00351386424154043 0.00325602176599205 0.00310263992287219 0.00295855896547437 0.00283070863224566 0.00270188832655549 0.00257206964306533 0.00241980352438986 0.00225386233069003 0.00212084082886577 0.00199879240244627 0.0019438941963017 0.00189913134090602 0.00197313935495913 0.0020631558727473 0.00225512031465769 0.00247028400190175 0.00275002932175994 0.00305222836323082
-9999 -9999 -9999 -9999 -9999 -9999 -9999 -9999 0.00546866795048118 0.00590387638658285 0.00642743380740285 0.00638128258287907 0.00646464992314577 0.00657550664618611 0.00650113355368376 0.00621303450316191 0.00605443399399519 0.00598476594313979 0.00565149076282978 0.00521642668172717 0.00454263016581535 0.00382670504041016 0.00343809998594224 0.00306969252415001 0.00280987145379186 0.00258024944923818 0.00244854437187314 0.00232564611360431 0.00221811654046178 0.00210307049565017 0.00198028981685638 0.00184550858102739 0.00170341634657234 0.00159935816191137 0.00150797807145864 0.00146937370300293 0.00143852725159377 0.00147214974276721 0.00151372270192951 0.0016059271292761 0.00171636010054499 0.00187753676436841 0.00205627735704184
-9999 -9999 -9999 -9999 -9999 -9999 0.00546675734221935 0.00546032888814807 0.00545494304969907 0.00546866795048118 0.00581552693620324 0.00642743380740285 0.00625176401808858 0.00572849297896028 0.00532109709456563 0.00504740327596664 0.00479881931096315 0.00456747971475124 0.00422908691689372 0.00384935759939253 0.00343321170657873 0.00301063968800008 0.00271683000028133 0.00243185390718281 0.00219699530862272 0.0019880086183548 0.00186290987767279 0.00175154686439782 0.00166415388230234 0.00156728411093354 0.00146066292654723 0.00135556620080024 0.00125139812007546 0.00118657608982176 0.00113486929330975 0.00111610838212073 0.00110206205863506 0.00111042452044785 0.00112104520667344 0.001146046561189 0.00117860606405884 0.00123220519162714 0.0012936502462253
-9999 -9999 -9999 -9999 -9999 -9999 0.0054651191458106 0.00546675734221935 0.00545390043407679 0.00543044554069638 0.00546866795048118 0.0055504790507257 0.0054560243152082 0.00501279160380363 0.00461879698559642 0.00428161676973104 0.0040022861212492 0.00376268313266337 0.00350289139896631 0.00323530402965844 0.00293732737191021 0.00263398792594671 0.00240094843320549 0.00217337999492884 0.00197857432067394 0.00180138228461146 0.00168130069505423 0.00157498300541192 0.00149268459063023 0.00140989862848073 0.00132661103270948 0.00124861428048462 0.00117384071927518 0.00112482917029411 0.0010844049975276 0.00106638460420072 0.00105157971847802 0.00105334189720452 0.00105661188717932 0.00106948334723711 0.00108624994754791 0.001113859587349 0.00114574655890465
-9999 -9999 -9999 -9999 0.00578984525054693 0.00556834880262613 0.00546877784654498 0.00545982224866748 0.00546675734221935 0.00544104399159551 0.00534531287848949 0.00498158577829599 0.00463524647057056 0.00432331254705787 0.00397229380905628 0.00357617740519345 0.00327491201460361 0.00303878495469689 0.00285888998769224 0.0027007085736841 0.00250560790300369 0.00230399216525257 0.00212789443321526 0.00195466680452228 0.00180069939233363 0.00165600655600429 0.00154138577636331 0.00143982958979905 0.00136107241269201 0.00129101297352463 0.00122990342788398 0.00117693655192852 0.0011289301328361 0.0010929424315691 0.0010609608143568 0.00104233622550964 0.00102565600536764 0.00102264911402017 0.00102078320924193 0.00102618441451341 0.00103251892141998 0.0010414517018944 0.00105171930044889
-9999 -9999 -9999 -9999 0.00629812059924006 0.00582413375377655 0.00566791975870728 0.00546877784654498 0.0054439315572381 0.00512770703062415 0.00480450876057148 0.0044546159915626 0.00414117239415646 0.00389985018409789 0.00364006427116692 0.00335897435434163 0.00310599151998758 0.00287231127731502 0.00268742861226201 0.00252138823270798 0.00235386565327644 0.0021860811393708 0.00204694434069097 0.00191048998385668 0.00179116171784699 0.00167643080931157 0.00157660676632077 0.00148336566053331 0.00140161230228841 0.00132707844022661 0.00125997327268124 0.00120115838944912 0.0011473938357085 0.00110818014945835 0.00107381667476147 0.00105664937291294 0.00104195566382259 0.00104070664383471 0.00104029371868819 0.00104520539753139 0.00105076271574944 0.00105811760295182 0.00106638669967651
-9999 -9999 -9999 -9999 -9999 0.00629812059924006 0.00586171774193645 0.00586706167086959 0.00540581997483969 0.00485667074099183 0.00434615323320031 0.00398350087925792 0.00367836165241897 0.00348702538758516 0.00330301863141358 0.00312746874988079 0.0029217682313174 0.00269536208361387 0.0025098524056375 0.00234013446606696 0.00219757971353829 0.00205981824547052 0.00195330730639398 0.00184950709808618 0.0017625946784392 0.00167659460566938 0.00159355322830379 0.00151118740905076 0.00143000052776188 0.00135351589415222 0.00128186971414834 0.00121813884470612 0.00115923001430929 0.00111833377741277 0.00108344154432416 0.00106855423655361 0.00105652131605893 0.00105694483499974 0.00105792575050145 0.00106245628558099 0.00106734922155738 0.00107325101271272 0.00107949890661985
-9999 -9999 -9999 -9999 -9999 0.00651481514796615 0.00629812059924006 0.00581291085109115 0.0053006848320365 0.00477111106738448 0.00424931524321437 0.00375729077495635 0.00335263134911656 0.00312084262259305 0.00294485408812761 0.00283325067721307 0.00267044617794454 0.00247247912921011 0.00230546481907368 0.00215040217153728 0.00202137138694525 0.00189693423453718 0.00180404155980796 0.00171483494341373 0.00165058928541839 0.00158792163711041 0.00153037055861205 0.00147010630462319 0.00140510743949562 0.00133773789275438 0.00126792874652892 0.00120336888357997 0.00114200683310628 0.0011061952682212 0.00107890029903501 0.00106989894993603 0.00106348446570337 0.00106520624831319 0.00106732174754143 0.00107194588053972 0.00107666826806962 0.00108166423160583 0.00108579162042588
-9999 -9999 0.00703553901985288 0.00696373218670487 0.00687532220035791 0.00673176627606153 0.00651455810293555 0.00589840207248926 0.00526766991242766 0.00471223657950759 0.00415321113541722 0.0035804370418191 0.0031120078638196 0.00285004801116884 0.00267161964438856 0.00258957361802459 0.00245232810266316 0.00227717426605523 0.00212194258347154 0.00197440339252353 0.00185099407099187 0.00173184287268668 0.00164782966021448 0.00156862521544099 0.00152308237738907 0.00148061418440193 0.00144811591599137 0.0014104382134974 0.00136372190900147 0.00130759109742939 0.00124177313409746 0.00118012458551675 0.00112101621925831 0.00109252391848713 0.00107423693407327 0.00107090605888516 0.00106967065948993 0.00107239396311343 0.00107533310074359 0.00107964652124792 0.00108371069654822 0.0010870803380385 0.00108776357956231
-9999.000000000000000 -9999 -9999 -9999 0.00728410761803389 0.00701887859031558 0.0071511990390718 0.00628857268020511 0.00539201125502586 0.00471158605068922 0.00405870843678713 0.0035112714394927 0.00305707543157041 0.00278737675398588 0.00258368952199817 0.00245616934262216 0.00230665667913854 0.0021420402918011 0.00198394572362304 0.00182836910244077 0.00169333931989968 0.00156193529255688 0.00147646199911833 0.00139724218752235 0.00136175309307873 0.00133264914620668 0.00132424919866025 0.00131021591369063 0.00128635205328465 0.00124609412159771 0.00118896702770144 0.00113839097321033 0.00109180575236678 0.00107550853863358 0.00106930721085519 0.00107117625884712 0.00107416126411408 0.00107723916880786 0.00108032289426774 0.00108344410546124 0.00108578568324447 0.00108595727942884 0.00108030799310654
-9999 -9999 -9999 -9999 0.00785859115421772 0.00810167845338583 0.00788955576717854 0.00673405360430479 0.00555814756080508 0.00472523691132665 0.00395708344876766 0.00343679427169263 0.00300381961278617 0.00274361576884985 0.00253137806430459 0.00237448536790907 0.00220952718518674 0.00203902996145189 0.0018711342709139 0.00170424277894199 0.00156193063594401 0.00142395601142198 0.00133933732286096 0.00126132578589022 0.00122863706201315 0.00120506284292787 0.00121104170102626 0.00121295533608645 0.00120777462143451 0.00118228618521243 0.00113590143155307 0.00109839555807412 0.00106629880610853 0.00106100598350167 0.00106464792042971 0.00106995727401227 0.00107547116931528 0.00107739109080285 0.00107904523611069 0.00107900658622384 0.00107798830140382 0.00107424310408533 0.00106376479379833
-9999 -9999 -9999 -9999 0.00827844627201557 0.00845521502196789 0.00867348443716764 0.00724911876022816 0.00577686540782452 0.00475687999278307 0.00384649843908846 0.00335563439875841 0.00295267277397215 0.00272364565171301 0.00252387742511928 0.00235786917619407 0.00217346730642021 0.00197643390856683 0.00179000804200768 0.00160767836496234 0.00146354176104069 0.00132614513859153 0.00124529318418354 0.00117002951446921 0.00113101582974195 0.00110311468597502 0.00111124443355948 0.00111942074727267 0.00112767796963453 0.00111557100899518 0.00108250952325761 0.00106058723758906 0.00104545103386045 0.00104966491926461 0.00106032879557461 0.00106686470098794 0.001072779414244 0.00107163842767477 0.00106988241896033 0.00106420868542045 0.00105777056887746 0.00104920449666679 0.00103578867856413
-9999 -9999 -9999 -9999 0.00845521502196789 0.00871943030506372 0.00902959238737822 0.00758952647447586 0.00609898939728737 0.00490540731698275 0.00385606708005071 0.00335882580839097 0.00295289908535779 0.00272765895351768 0.00252055516466498 0.00233437749557197 0.00212893378920853 0.00191025901585817 0.00171343015972525 0.00152503687422723 0.0013857128797099 0.00125504820607603 0.00118053727783263 0.00111074279993773 0.00107000535354018 0.00103962991852313 0.00104285217821598 0.00104987598024309 0.00106353382579982 0.00106005882844329 0.00103895436041057 0.00103021715767682 0.00102901377249509 0.00103959266562015 0.00105409882962704 0.00106092216446996 0.0010666218586266 0.00106372544541955 0.00106001901440322 0.00105115480255336 0.00104164145886898 0.00103032146580517 0.00101573998108506
-9999 -9999 -9999 -9999 0.00873474590480328 0.00902959238737822 0.00778464693576097 0.00779893854632974 0.00649866973981261 0.00514159863814712 0.00395575212314725 0.00342528126202524 0.00299165560863912 0.0027496600523591 0.00252036633901298 0.00230572884902358 0.00207804446108639 0.00184140005148947 0.00164026347920299 0.00145283772144467 0.00132330413907766 0.00120398681610823 0.00113774766214192 0.00107546371873468 0.00103645329363644 0.00100499310065061 0.00099801376927644 0.000998323666863143 0.00101135403383523 0.00101294904015958 0.00100277713499963 0.00100542581640184 0.00101588468533009 0.00103047210723162 0.0010464359074831 0.00105284212622792 0.00105786486528814 0.0010541919618845 0.00104963034391403 0.00103940884582698 0.00102857884485275 0.00101605535019189 0.00100163684692234
-9999 -9999 -9999 -9999 0.00902959238737822 0.0075969765894115 0.00707823084667325 0.00672052940353751 0.00661016209051013 0.00519006140530109 0.00395411625504494 0.00342304166406393 0.00298679224215448 0.00273817498236895 0.00249374937266111 0.00225416081957519 0.00200800714083016 0.00175734504591674 0.00155634293332696 0.00137451640330255 0.00125629303511232 0.00114929373376071 0.00109340308699757 0.00104107265360653 0.00100908346939832 0.000981922727078199 0.000970418099313974 0.000966816674917936 0.000977006973698735 0.000980495824478567 0.000977088930085301 0.000986183993518353 0.00100289518013597 0.00101980066392571 0.00103677087463439 0.00104367744643241 0.00104913581162691 0.00104663416277617 0.00104320177342743 0.00103384221438318 0.0010235570371151 0.00101069489028305 0.000996562535874546
-9999 -9999 -9999 -9999 -9999 0.00657308800145984 0.00649543665349483 0.00671522505581379 0.00659814337268472 0.00515806768089533 0.00390905700623989 0.00339136109687388 0.00296323397196829 0.00271233846433461 0.00245580612681806 0.00219276966527104 0.00192976335529238 0.00166677730157971 0.00146781362127513 0.0012935713166371 0.00118730950634927 0.00109304417856038 0.00104839215055108 0.00100706215016544 0.000984363141469657 0.000963809608947486 0.000950212357565761 0.000943900609854609 0.000950302579440176 0.000954324088525027 0.000955896044615656 0.000969320593867451 0.000989965512417257 0.00100846448913217 0.00102624797727913 0.00103404792025685 0.00104041863232851 0.00103992293588817 0.00103847030550241 0.00103092403151095 0.00102198135573417 0.00100915122311562 0.000995357637293637
-9999 -9999 -9999 -9999 -9999 0.0060476534999907 0.00614559650421143 0.0060505555011332 0.00599326891824603 0.00476216059178114 0.00370028708130121 0.00328617170453072 0.0029220434371382 0.00265682581812143 0.00237696641124785 0.00208021234720945 0.00180488708429039 0.00154427799861878 0.00136018625926226 0.0012056406121701 0.00111802050378174 0.00104221061337739 0.00100991956423968 0.000980201759375632 0.00096398702589795 0.000948807108215988 0.000936982338316739 0.000930828566197306 0.000934571144171059 0.000938217039220035 0.000941763340961188 0.000956288364250213 0.000977501622401178 0.000996788265183568 0.00101543276105076 0.00102331128437072 0.00102966069243848 0.00103028654120862 0.00103012367617339 0.00102493760641664 0.00101814488880336 0.00100687961094081 0.000994294881820679
-9999 -9999 -9999 -9999 -9999 0.00550182349979877 0.00550192780792713 0.00567100895568728 0.0052657313644886 0.0042909593321383 0.00345764541998506 0.00316577311605215 0.00287720467895269 0.00259517342783511 0.00228966516442597 0.00195706821978092 0.00167036254424602 0.00141517212614417 0.00124860752839595 0.00111626461148262 0.00104866828769445 0.000992497778497636 0.000972799840383232 0.000954820716287941 0.000944509694818407 0.00093444820959121 0.000925195636227727 0.000919793325010687 0.000921110040508211 0.000924192368984222 0.000929091358557343 0.000944048864766955 0.00096513400785625 0.000985041726380587 0.00100455700885504 0.00101234554313123 0.00101848051417619 0.00102004501968622 0.0010210289619863 0.00101831625215709 0.00101384066510946 0.00100445735733956 0.000993261579424143
-9999 -9999 -9999 -9999 -9999 -9999 0.00485794572159648 0.00478421943262219 0.00471948878839612 0.00397026585415006 0.0033245193772018 0.00307483854703605 0.00279285595752299 0.00244695763103664 0.00210294686257839 0.00176111422479153 0.00149190856609493 0.0012725789565593 0.00113998353481293 0.0010408794041723 0.000998920411802828 0.00096704566385597 0.000958513177465647 0.000950363639276475 0.000941146339755505 0.000931726186536252 0.000921648112125695 0.000915034732315689 0.000914467556867748 0.000916703604161739 0.000921824248507619 0.000935825402848423 0.000955236493609846 0.000974385067820549 0.000993446097709239 0.00100060261320323 0.00100607995409518 0.00100686319638044 0.00100752874277532 0.00100744538940489 0.00100603408645838 0.00100092636421323 0.000992469373159111
