Ecospace-environmental-drivers/Outputs/ASCII-for-ecospace/MOM6-ISIMIP3a/phyc/1982-01_phyc_MOM6-ISIMIP3a.asc
NCOLS 131 
NROWS 53 
XLLCORNER -98 
YLLCORNER 23.9265270233154 
CELLSIZE 0.133587792515755 
NODATA_value -9999 
[rows 0 to 18 of 53, columns 44 to 87 of 131]
-9999 -9999 -9999 -9999 -9999 -9999 -9999 -9999 -9999 -9999 -9999 -9999 -9999 -9999 -9999 -9999 -9999 -9999 -9999 -9999 -9999 -9999 -9999 -9999 -9999 -9999 -9999 -9999 -9999 -9999 -9999 -9999 -9999 -9999 -9999 -9999 -9999 -9999 -9999 -9999 -9999 -9999 -9999 -9999
-9999 -9999 -9999 -9999 -9999 -9999 -9999 -9999 -9999 -9999 -9999 -9999 -9999 -9999 -9999 -9999 -9999 -9999 -9999 -9999 -9999 -9999 -9999 -9999 -9999 -9999 -9999 -9999 -9999 -9999 -9999 -9999 -9999 -9999 -9999 -9999 -9999 -9999 -9999 -9999 -9999 -9999 -9999 -9999
-9999 -9999 -9999 -9999 -9999 -9999 -9999 -9999 -9999 -9999 -9999 -9999 -9999 -9999 -9999 -9999 -9999 -9999 -9999 -9999 -9999 -9999 -9999 -9999 -9999 -9999 -9999 -9999 -9999 -9999 0.00812200643122196 0.007997065782547 -9999 -9999 -9999 -9999 -9999 -9999 -9999 -9999 -9999 -9999 -9999 -9999
-9999 -9999 -9999 -9999 -9999 -9999 -9999 -9999 -9999 -9999 -9999 -9999 -9999 -9999 -9999 -9999 -9999 -9999 -9999 -9999 -9999 -9999 -9999 -9999 -9999 -9999 -9999 -9999 -9999 -9999 0.00811062473803759 0.0080220140516758 -9999 -9999 -9999 -9999 -9999 -9999 -9999 -9999 -9999 -9999 -9999 -9999
-9999 -9999 -9999 -9999 -9999 -9999 -9999 -9999 -9999 -9999 -9999 -9999 -9999 -9999 -9999 -9999 -9999 -9999 -9999 -9999 -9999 0.00937435962259769 0.00935348775237799 0.00933679100126028 0.00923939235508442 0.00912941247224808 0.00888289418071508 0.00862078089267015 0.00838442798703909 0.00821523834019899 0.00810047890990973 0.00801615603268147 0.00794940628111362 -9999 -9999 0.00596054969355464 0.00498204631730914 0.0043094321154058 0.00392968766391277 0.00386760430410504 0.00388165051117539 0.00397556880488992 0.00402212236076593 0.00392894307151437
-9999 -9999 -9999 -9999 -9999 -9999 -9999 -9999 -9999 -9999 -9999 -9999 -9999 -9999 -9999 -9999 -9999 0.0100493924692273 -9999 0.00991290342062712 0.00979827903211117 0.00960709899663925 0.00937435962259769 0.00934931356459856 0.00933679100126028 0.00914199277758598 0.00890945270657539 0.00859723705798388 0.00835565291345119 0.00820039492100477 0.00808966718614101 0.00801137555390596 0.00794742628931999 0.00788941793143749 0.00699349911883473 0.00593286752700806 0.00495528196915984 0.00405798992142081 0.00391502445563674 0.00381604838185012 0.00387173984199762 0.00395716354250908 0.00409780303016305 0.00401140004396439
-9999 -9999 -9999 -9999 -9999 -9999 -9999 -9999 -9999 -9999 -9999 -9999 -9999 0.0108304638415575 0.0108463037759066 0.0108623150736094 0.0109171830117702 0.0105147128924727 0.0100645795464516 0.0100342044606805 0.00990622770041227 0.00979827903211117 0.00964865833520889 0.00937435962259769 0.00933679100126028 0.00914199277758598 0.00890945270657539 0.00859723705798388 0.00835565291345119 0.00820039492100477 0.00808966718614101 0.00801137555390596 0.00794742628931999 0.00788941793143749 0.00699349911883473 0.00593286752700806 0.00495528196915984 0.00405798992142081 0.00391502445563674 0.00381604838185012 0.00387173984199762 0.00395716354250908 0.00409780303016305 0.00401140004396439
-9999 -9999 -9999 -9999 -9999 -9999 -9999 -9999 -9999 -9999 -9999 -9999 -9999 0.0107455365359783 0.0108304638415575 0.0108621437102556 -9999 0.0109950685873628 0.0105853769928217 0.0100949555635452 0.0100342044606805 0.00988620053976774 0.00979827903211117 0.00977333541959524 0.00968123599886894 0.00930808112025261 0.00890222657471895 0.00842733681201935 0.00805194489657879 0.00779815996065736 0.00762493861839175 0.00751039898023009 0.00741402385756373 0.00732517149299383 0.00669687613844872 0.00596253992989659 0.00516002764925361 0.00440966431051493 0.00419339071959257 0.00401703175157309 0.00398101378232241 0.00397918047383428 0.00404083216562867 0.00402287906035781
-9999 0.00871187914162874 -9999 -9999 -9999 -9999 -9999 -9999 -9999 -9999 -9999 -9999 -9999 -9999 -9999 -9999 -9999 0.0109587209299207 0.0111326603218913 0.0107063446193933 0.0101557057350874 0.0100342044606805 0.009826117195189 0.0100182285532355 0.0100641073659062 0.00949799455702305 0.00890430063009262 0.00825238227844238 0.00773045467212796 0.00736740231513977 0.00712424842640758 0.00696842651814222 0.00683653121814132 0.00671454472467303 0.00637609930709004 0.00599510315805674 0.00538461562246084 0.00479583209380507 0.00450209015980363 0.0042427284643054 0.00410424871370196 0.00400476064532995 0.00397768383845687 0.00403134850785136
0.00871187914162874 0.00868266075849533 0.00866301078349352 0.00866110250353813 -9999 -9999 -9999 -9999 -9999 -9999 -9999 -9999 -9999 0.00974282994866371 0.010658485814929 -9999 -9999 -9999 0.0110885156318545 0.0113522820174694 0.0109010143205523 0.0102772079408169 0.0103088617324829 0.0104502588510513 0.010452195070684 0.00987047515809536 0.00924996379762888 0.00854756403714418 0.00795186869800091 0.00748658832162619 0.0071566728875041 0.00692535517737269 0.00677524926140904 0.0066587757319212 0.00635474873706698 0.00601385300979018 0.00551029294729233 0.00502614304423332 0.00479045324027538 0.00454937154427171 0.00428933231160045 0.00406830850988626 0.00391974113881588 0.00389410578645766
0.00869220495223999 0.00866682827472687 0.00865973066538572 0.00866247434169054 0.00866267737001181 -9999 -9999 -9999 -9999 -9999 -9999 -9999 -9999 0.00933508295565844 0.0100719789043069 0.010658485814929 -9999 -9999 0.011083903722465 0.0113511793315411 0.0116217620670795 0.0112207168713212 0.0108064515516162 0.0108713200315833 0.0108101768419147 0.0102216582745314 0.00958163011819124 0.00883285887539387 0.00817049853503704 0.00761375017464161 0.00720336567610502 0.00689958967268467 0.00673019187524915 0.00661644479259849 0.00635244976729155 0.00605891970917583 0.00566527247428894 0.00528729427605867 0.00509859994053841 0.00486728828400373 0.00448613008484244 0.00414890376850963 0.00389326340518892 0.00378798344172537
0.00866263080388308 0.00865916069597006 0.00865973066538572 0.00866247434169054 0.00866308249533176 0.00861911941319704 0.00859550107270479 -9999 -9999 -9999 -9999 -9999 -9999 -9999 0.00987720116972923 0.0104476911947131 0.010658485814929 0.0108304638415575 0.011083903722465 0.0113511793315411 0.0116217620670795 0.0115162385627627 0.0113836713135242 0.0112335439771414 0.0110066719353199 0.0104586109519005 0.00983821786940098 0.0090651223435998 0.00837419647723436 0.00778369745239615 0.00732659315690398 0.00696665234863758 0.00677216332405806 0.00664619402959943 0.00645234109833837 0.00624514417722821 0.0059774243272841 0.00571386655792594 0.00551286386325955 0.00524567347019911 0.00474576372653246 0.00432093860581517 0.00403555482625961 0.00384878553450108
0.00858003087341785 0.00860730186104774 0.00862093362957239 0.0086272219195962 0.00861661043018103 0.00860119238495827 0.00859559141099453 -9999 -9999 -9999 -9999 0.00853533856570721 0.00874223932623863 0.00919295940548182 0.00997840985655785 0.0104602333158255 0.0106936357915401 0.0109682083129883 0.0112622817978263 0.0115418620407581 0.0118179796263576 0.0117784002795815 0.0117048006504774 0.0114516858011484 0.0111402841284871 0.0105849420651793 0.00997159816324711 0.00923580769449472 0.00855431519448757 0.00793918501585722 0.00744780572131276 0.00704656401649117 0.00682540610432625 0.00667882664129138 0.00652118213474751 0.00636136205866933 0.00619490304961801 0.0060241986066103 0.00581442378461361 0.0055251233279705 0.00495620677247643 0.0044769630767405 0.00416425196453929 0.0039159394800663
0.00836486183106899 0.0084449602290988 0.00848514307290316 0.00850383378565311 0.00854615960270166 0.00859520677477121 0.00859559141099453 0.00858972035348415 0.00854940060526133 0.00851210858672857 0.00849022250622511 0.00853533856570721 0.00874223932623863 0.00919295940548182 0.00997840985655785 0.0105735613033175 0.011013014242053 0.0114503232762218 0.0118866162374616 0.0122092608362436 0.0125047508627176 0.0119571620598435 0.0113856913521886 0.0113096162676811 0.0111166881397367 0.0104347132146358 0.00979695562273264 0.00925254449248314 0.00867548584938049 0.00805852469056845 0.00756397936493158 0.00715859979391098 0.00690682744607329 0.00671866862103343 0.00651239464059472 0.00630255928263068 0.0061756931245327 0.00604392262175679 0.00583421811461449 0.00555723067373037 0.00504367053508759 0.00459295930340886 0.00425896467640996 0.00399897247552872
0.00771216256543994 0.00784990284591913 0.00796355586498976 0.00806423835456371 0.0082382932305336 0.00843321532011032 0.00846873503178358 0.00848539173603058 0.00843324419111013 0.00839370116591454 0.00841827783733606 0.00851621851325035 0.00879130326211452 0.00926447659730911 0.010009597055614 0.0106334947049618 0.0111582102254033 0.0116552645340562 0.0121392179280519 0.0124101331457496 0.0126301469281316 0.0118423458188772 0.0110318548977375 0.0108988340944052 0.0106691177934408 0.0100347241386771 0.00947845540940762 0.00908711366355419 0.00862042792141438 0.00806165486574173 0.00760080013424158 0.00721126841381192 0.0069448291324079 0.00672936718910933 0.00649556424468756 0.00625815568491817 0.00613989308476448 0.0060147768817842 0.00577960954979062 0.00549493404105306 0.00503618502989411 0.00462160212919116 0.00428903941065073 0.00402930192649364
0.00644087558612227 0.00664306664839387 0.00689652282744646 0.00717758340761065 0.00759476516395807 0.00805065967142582 0.00816252734512091 0.00823356118053198 0.00815286301076412 0.00810788664966822 0.00824461784213781 0.00847006682306528 0.0089097348973155 0.00943710468709469 0.0100848767906427 0.0106179369613528 0.0110571440309286 0.0114683350548148 0.0118662556633353 0.0119514232501388 0.0119618633762002 0.0113124651834369 0.0106289200484753 0.0101081393659115 0.00962212681770325 0.00928162224590778 0.00895656738430262 0.00866413116455078 0.00831621326506138 0.00790048576891422 0.00752543145790696 0.00718000251799822 0.0069214440882206 0.0066988617181778 0.00646736240014434 0.00623411033302546 0.00608063628897071 0.00591653864830732 0.00561980810016394 0.00529916724190116 0.00489445868879557 0.00452674366533756 0.00422772904857993 0.00398511718958616
0.00554059026762843 0.00579039799049497 0.00609804363921285 0.00643683224916458 0.00689497357234359 0.0073870588093996 0.00758883124217391 0.00775251956656575 0.0076902974396944 0.00767989968881011 0.00793312583118677 0.00824212003499269 0.00868577044457197 0.009140744805336 0.00961126480251551 0.00998120382428169 0.0102688502520323 0.0105878757312894 0.0109217641875148 0.0109043242409825 0.0108029413968325 0.0102869439870119 0.00973788928240538 0.00912225991487503 0.0085828797891736 0.008362608961761 0.00814353581517935 0.00792699120938778 0.00770015129819512 0.00746072735637426 0.00719682686030865 0.00691509898751974 0.00669888453558087 0.0065098013728857 0.00627958122640848 0.00604127440601587 0.00584966037422419 0.00564465066418052 0.00529188802465796 0.00493521243333817 0.00456477794796228 0.00424536131322384 0.00402069045230746 0.0038226826582104
0.00495273200795054 0.00523598119616508 0.00552571844309568 0.00581894908100367 0.00614780141040683 0.00648678420111537 0.00678987801074982 0.00707845622673631 0.00707430997863412 0.00713218655437231 0.00750556401908398 0.00786107964813709 0.00817346759140491 0.00844944082200527 0.00867542251944542 0.00882136821746826 0.00890182889997959 0.00912338122725487 0.00941176433116198 0.00936173368245363 0.0092308446764946 0.00884403567761183 0.00843582488596439 0.00797201134264469 0.00755015294998884 0.00730387959629297 0.00708532705903053 0.00692529510706663 0.00682147685438395 0.00678636319935322 0.00665496895089746 0.00645344471558928 0.00630859611555934 0.00618721870705485 0.00595741486176848 0.00570629630237818 0.00547407707199454 0.00522652827203274 0.00482239201664925 0.00442962208762765 0.00407681707292795 0.00380690419115126 0.00369093148037791 0.00356066739186645
0.004273546859622 0.00449499394744635 0.00470428168773651 0.0049070231616497 0.00518345693126321 0.00548084918409586 0.00590160815045238 0.00632433500140905 0.00645924359560013 0.00662833452224731 0.00697130616754293 0.00727842887863517 0.00749899027869105 0.00766245927661657 0.00774754816666245 0.00776621280238032 0.00773053150624037 0.00783353578299284 0.00800223369151354 0.00792581867426634 0.00779083883389831 0.00756226060912013 0.00732223503291607 0.00700917840003967 0.00670347828418016 0.00642856489866972 0.00618175696581602 0.00599428126588464 0.00590278534218669 0.00592859741300344 0.00585362175479531 0.00570523459464312 0.00559937488287687 0.0055111269466579 0.00532044051215053 0.00510961702093482 0.00487617496401072 0.00462752254679799 0.00423847185447812 0.00387152493931353 0.00358229712583125 0.00336819747462869 0.00329361925832927 0.0031959842890501
