Ecospace-environmental-drivers/Outputs/ASCII-for-ecospace/MOM6-ISIMIP3a/phyc/1983-05_phyc_MOM6-ISIMIP3a.asc
NCOLS 131 
NROWS 53 
XLLCORNER -98 
YLLCORNER 23.9265270233154 
CELLSIZE 0.133587792515755 
NODATA_value -9999 
[rows 0 to 18 of 53, columns 44 to 87 of 131]
-9999 -9999 -9999 -9999 -9999 -9999 -9999 -9999 -9999 -9999 -9999 -9999 -9999 -9999 -9999 -9999 -9999 -9999 -9999 -9999 -9999 -9999 -9999 -9999 -9999 -9999 -9999 -9999 -9999 -9999 -9999 -9999 -9999 -9999 -9999 -9999 -9999 -9999 -9999 -9999 -9999 -9999 -9999 -9999
-9999 -9999 -9999 -9999 -9999 -9999 -9999 -9999 -9999 -9999 -9999 -9999 -9999 -9999 -9999 -9999 -9999 -9999 -9999 -9999 -9999 -9999 -9999 -9999 -9999 -9999 -9999 -9999 -9999 -9999 -9999 -9999 -9999 -9999 -9999 -9999 -9999 -9999 -9999 -9999 -9999 -9999 -9999 -9999
-9999 -9999 -9999 -9999 -9999 -9999 -9999 -9999 -9999 -9999 -9999 -9999 -9999 -9999 -9999 -9999 -9999 -9999 -9999 -9999 -9999 -9999 -9999 -9999 -9999 -9999 -9999 -9999 -9999 -9999 0.0110702505335212 0.0108731519430876 -9999 -9999 -9999 -9999 -9999 -9999 -9999 -9999 -9999 -9999 -9999 -9999
-9999 -9999 -9999 -9999 -9999 -9999 -9999 -9999 -9999 -9999 -9999 -9999 -9999 -9999 -9999 -9999 -9999 -9999 -9999 -9999 -9999 -9999 -9999 -9999 -9999 -9999 -9999 -9999 -9999 -9999 0.0110683077946305 0.0108769545331597 -9999 -9999 -9999 -9999 -9999 -9999 -9999 -9999 -9999 -9999 -9999 -9999
-9999 -9999 -9999 -9999 -9999 -9999 -9999 -9999 -9999 -9999 -9999 -9999 -9999 -9999 -9999 -9999 -9999 -9999 -9999 -9999 -9999 0.01111148763448 0.0111468490213156 0.0111751379445195 0.0113401543349028 0.0114610064774752 0.0116094760596752 0.0116018913686275 0.0114596150815487 0.0112741105258465 0.0110627412796021 0.0108680706471205 0.0107000516727567 -9999 -9999 0.00915755238384008 0.00777814770117402 0.00630857143551111 0.00523008592426777 0.00465819146484137 0.00426692282781005 0.00403557904064655 0.00382366846315563 0.00361418235115707
-9999 -9999 -9999 -9999 -9999 -9999 -9999 -9999 -9999 -9999 -9999 -9999 -9999 -9999 -9999 -9999 -9999 0.010783402249217 -9999 0.0106744347140193 0.0105845667421818 0.0108627704903483 0.01111148763448 0.0111539214849472 0.0111751379445195 0.011505170725286 0.01170271076262 0.0116205476224422 0.011482416652143 0.0112758819013834 0.0110640320926905 0.0108483107760549 0.0106918681412935 0.0105599751695991 0.0101115368306637 0.00960087403655052 0.00776024674996734 0.0059733223170042 0.0051921452395618 0.00452479021623731 0.00425763940438628 0.00401833886280656 0.00383075908757746 0.0036219076719135
-9999 -9999 -9999 -9999 -9999 -9999 -9999 -9999 -9999 -9999 -9999 -9999 -9999 0.0118311662226915 0.0118145793676376 0.0117999631911516 0.0117537714540958 0.0112498113885522 0.0107970554381609 0.0107697490602732 0.0106689892709255 0.0105845667421818 0.0108922561630607 0.01111148763448 0.0111751379445195 0.011505170725286 0.01170271076262 0.0116205476224422 0.011482416652143 0.0112758819013834 0.0110640320926905 0.0108483107760549 0.0106918681412935 0.0105599751695991 0.0101115368306637 0.00960087403655052 0.00776024674996734 0.0059733223170042 0.0051921452395618 0.00452479021623731 0.00425763940438628 0.00401833886280656 0.00383075908757746 0.0036219076719135
-9999 -9999 -9999 -9999 -9999 -9999 -9999 -9999 -9999 -9999 -9999 -9999 -9999 0.0119200991466641 0.0118311662226915 0.0117979915812612 -9999 0.0116925900802016 0.0112189296633005 0.0108243627473712 0.0107697490602732 0.0106526520103216 0.0105845667421818 0.0109807131811976 0.0113070216029882 0.0113410484045744 0.0113202380016446 0.0111836642026901 0.0110197030007839 0.0108222682029009 0.0105845518410206 0.0103174960240722 0.0100426133722067 0.00976449064910412 0.00923842564225197 0.00866362079977989 0.00731706898659468 0.00602298462763429 0.00552064320072532 0.00508096255362034 0.0048615993000567 0.00461215293034911 0.00430683884769678 0.00396712822839618
-9999 0.0103447055444121 -9999 -9999 -9999 -9999 -9999 -9999 -9999 -9999 -9999 -9999 -9999 -9999 -9999 -9999 -9999 0.011716210283339 0.0115967430174351 0.0111875850707293 0.0108789764344692 0.0107697490602732 0.0106036392971873 0.0111023159697652 0.0114486822858453 0.0111576104536653 0.0108970245346427 0.0107007967308164 0.0105079859495163 0.0103193512186408 0.0100507866591215 0.00972400140017271 0.00932030193507671 0.00888474937528372 0.0082793403416872 0.00764054106548429 0.00683690421283245 0.0060839643701911 0.00588589999824762 0.00569459283724427 0.00552704278379679 0.00526547757908702 0.00482931500300765 0.00434555765241385
0.0103447055444121 0.0102973701432347 0.0102416621521115 0.0102217737585306 -9999 -9999 -9999 -9999 -9999 -9999 -9999 -9999 -9999 0.0114562716335058 0.0120112560689449 -9999 -9999 -9999 0.0116189951077104 0.0114727653563023 0.0111974384635687 0.0109882028773427 0.0110260024666786 0.0112984562292695 0.0114244492724538 0.0109374914318323 0.0105335768312216 0.0103049743920565 0.0100782765075564 0.00985390786081553 0.00948279816657305 0.0090048061683774 0.00856691226363182 0.00814562384039164 0.00769578106701374 0.00724032474681735 0.00677357614040375 0.00634215259924531 0.00625990144908428 0.00616056611761451 0.00600116141140461 0.00569871347397566 0.0051306183449924 0.00454884814098477
0.0103217596188188 0.0102814370766282 0.0102415783330798 0.010201970115304 0.0101990466937423 -9999 -9999 -9999 -9999 -9999 -9999 -9999 -9999 0.0111998254433274 0.0115070277824998 0.0120112560689449 -9999 -9999 0.0115657709538937 0.0114600481465459 0.0113924769684672 0.0113767152652144 0.0113686872646213 0.0114214103668928 0.0113416658714414 0.010707525536418 0.010195073671639 0.00993951689451933 0.00968068838119507 0.00941786263138056 0.00896347779780626 0.00836956594139338 0.00791398249566555 0.00751568609848619 0.00720514496788383 0.00691185425966978 0.00673628738150001 0.00658175582066178 0.00659012608230114 0.00656347209587693 0.00641367072239518 0.00608063256368041 0.00540730310603976 0.00474485056474805
0.0103129427880049 0.0102791506797075 0.0102415783330798 0.010201970115304 0.0101931998506188 0.0102286152541637 0.0102874170988798 -9999 -9999 -9999 -9999 -9999 -9999 -9999 0.0112566379830241 0.0115567203611135 0.0120112560689449 0.0118311662226915 0.0115657709538937 0.0114600481465459 0.0113924769684672 0.0113403098657727 0.0112839890643954 0.0111518111079931 0.0109448228031397 0.010424742475152 0.00999037083238363 0.0097369346767664 0.00945539493113756 0.00913950707763433 0.00870520155876875 0.00818464253097773 0.00779990293085575 0.00747141009196639 0.00721292989328504 0.00696821184828877 0.00683866860345006 0.00672166887670755 0.00668553961440921 0.00662809750065207 0.00649571837857366 0.00618729460984468 0.00555193657055497 0.00490175932645798
0.0103023070842028 0.010281347669661 0.0102502573281527 0.0102137112990022 0.0102131422609091 0.0102228056639433 0.0102853132411838 -9999 -9999 -9999 -9999 0.0109820570796728 0.0111785922199488 0.0112573802471161 0.0111745158210397 0.0113380178809166 0.011703091673553 0.0116740809753537 0.0114584024995565 0.0113904867321253 0.0113578764721751 0.0113056348636746 0.0112352008000016 0.0109196081757545 0.0105844996869564 0.0101677160710096 0.00980073120445013 0.00953887682408094 0.00922203902155161 0.00883799977600574 0.00840949360281229 0.00794859789311886 0.00762482127174735 0.00735783064737916 0.00713632488623261 0.00692376121878624 0.00681786006316543 0.00671913428232074 0.00665190955623984 0.00657675927504897 0.00647374149411917 0.0062138014473021 0.00566243939101696 0.00505867879837751
0.0102871237322688 0.0102947503328323 0.0102806324139237 0.0102548077702522 0.0102385273203254 0.0102249616757035 0.0102853132411838 0.010354133322835 0.0104473531246185 0.010560305789113 0.0107736410573125 0.0109820570796728 0.0111785922199488 0.0112573802471161 0.0111745158210397 0.0111417314037681 0.0111499214544892 0.0111242774873972 0.0110826082527637 0.011147016659379 0.011236771941185 0.0112752877175808 0.0112761911004782 0.0107808979228139 0.010315477848053 0.00997508224099874 0.00964875612407923 0.00935213081538677 0.0089685246348381 0.00847861170768738 0.00802020542323589 0.0075847483240068 0.0072972341440618 0.00707098748534918 0.00684874271973968 0.00662728399038315 0.00648907152935863 0.006360471714288 0.00629566423594952 0.0062355063855648 0.00619169836863875 0.0060399160720408 0.00568761397153139 0.00521562388166785
0.0100215589627624 0.0101034659892321 0.0101617649197578 0.0102073503658175 0.0102292476221919 0.0102444067597389 0.0103056980296969 0.0103730903938413 0.0104777002707124 0.0105917016044259 0.0107534704729915 0.0109030222520232 0.0110230706632137 0.0110638188198209 0.0109957000240684 0.0108782695606351 0.0107204923406243 0.0106760784983635 0.0106853609904647 0.0107599897310138 0.0108502311632037 0.0109164044260979 0.0109399249777198 0.0103666950017214 0.00983203388750553 0.00945878122001886 0.00908601470291615 0.00871427357196808 0.00828332733362913 0.00778001872822642 0.00733840651810169 0.00694173295050859 0.00668868143111467 0.00649510882794857 0.00626485468819737 0.00602739024907351 0.00587732205167413 0.00574312824755907 0.00573238963261247 0.00573498383164406 0.00578445848077536 0.0057583381421864 0.00559182977303863 0.00526117254048586
0.00940199755132198 0.0096227927133441 0.00983189325779676 0.0100346971303225 0.0101709570735693 0.0102882916107774 0.0103549035266042 0.0104188490658998 0.0105509543791413 0.0106674851849675 0.0107047827914357 0.0107122464105487 0.0106476685032248 0.0105965984985232 0.0105640729889274 0.010519833303988 0.0104660112410784 0.0103715276345611 0.0102577842772007 0.0101699968799949 0.010088412091136 0.0100930333137512 0.0100702857598662 0.00956299807876348 0.00904543604701757 0.00848487485200167 0.00794252753257751 0.00743862893432379 0.0069878064095974 0.00660185283049941 0.00624305196106434 0.0059040286578238 0.00568289589136839 0.00551058584824204 0.00526204565539956 0.00499852001667023 0.00486551783978939 0.0047600562684238 0.0048764138482511 0.00500928424298763 0.00520021375268698 0.005324502941221 0.00532503332942724 0.0051492266356945
0.00846848823130131 0.00875914376229048 0.00902530923485756 0.00927828624844551 0.00947471614927053 0.0096550639718771 0.00976365990936756 0.00986517779529095 0.00997389294207096 0.0100683392956853 0.0100901992991567 0.0100880293175578 0.0100278360769153 0.00997903198003769 0.00994586199522018 0.00988293439149857 0.00979566015303135 0.00955994799733162 0.00925392378121614 0.00902313366532326 0.0088103199377656 0.00874990038573742 0.00867573823779821 0.00824915803968906 0.00779583072289824 0.00723056541755795 0.00670977588742971 0.00628287857398391 0.00593274366110563 0.00567642925307155 0.00541048124432564 0.00513751618564129 0.00494385836645961 0.00478304410353303 0.00453481217846274 0.00426939642056823 0.00410766806453466 0.00397889455780387 0.00413454417139292 0.00432350719347596 0.00462960172444582 0.00487647857517004 0.00501338113099337 0.00497487094253302
0.00727059599012136 0.0075729857198894 0.00781727582216263 0.00803028233349323 0.00824124552309513 0.00845162663608789 0.0086330808699131 0.00880671571940184 0.00884918868541718 0.00890082307159901 0.00899906270205975 0.00909880269318819 0.00920216459780931 0.00923485588282347 0.00917052570730448 0.00901153590530157 0.00877509824931622 0.00832138862460852 0.00776476273313165 0.00740731786936522 0.00709746405482292 0.00696906819939613 0.0068391552194953 0.00650571705773473 0.00615631835535169 0.00574012333527207 0.00540185440331697 0.00522809335961938 0.00508017558604479 0.00496384454891086 0.00479920534417033 0.00459938030689955 0.00442945398390293 0.00427191006019711 0.00403964659199119 0.00379269453696907 0.0035636774264276 0.00336776580661535 0.00348876533098519 0.00367134949192405 0.00407046917825937 0.00441650440916419 0.00466395635157824 0.00474795931950212
0.00610141735523939 0.00636150641366839 0.00655592232942581 0.00671497639268637 0.0068653728812933 0.00701330741867423 0.00717435497790575 0.00733197154477239 0.00736071355640888 0.0074076191522181 0.00754692126065493 0.00769673148170114 0.00787191372364759 0.00793601386249065 0.00784761179238558 0.0076725441031158 0.00742656923830509 0.00699060037732124 0.00646463548764586 0.00613025622442365 0.00584165332838893 0.0056773079559207 0.00551727646961808 0.00529579306021333 0.00507321627810597 0.00484606670215726 0.00468240631744266 0.00465277768671513 0.00460921367630363 0.00454861856997013 0.0044316602870822 0.00427364930510521 0.00411880295723677 0.0039652674458921 0.00374091463163495 0.00350264110602438 0.00325105269439518 0.00302648521028459 0.00307069672271609 0.00319414702244103 0.00359620526432991 0.00396781135350466 0.00428286474198103 0.0044531780295074
