Ecospace-environmental-drivers/Outputs/ASCII-for-ecospace/MOM6-ISIMIP3a/phyc/1983-11_phyc_MOM6-ISIMIP3a.asc
NCOLS 131 
NROWS 53 
XLLCORNER -98 
YLLCORNER 23.9265270233154 
CELLSIZE 0.133587792515755 
NODATA_value -9999 
[rows 19 to 37 of 53, columns 86 to 128 of 131]
0.00135660276282579 0.0012826913734898 0.00121559773106128 0.00116796384099871 0.00113292108289897 0.00108478020410985 0.00103193405084312 0.000982013763859868 0.000932552735321224 0.000921183440368623 0.000912456365767866 0.000920863763894886 0.000920297636184841 0.000892811745870858 0.00085524917813018 0.000801145914010704 0.000759972783271223 0.000731365405954421 0.00074925908120349 0.000793799001257867 0.00113879749551415 0.00157645822037011 0.00248738587833941 0.00345229217782617 0.0042888754978776 0.0049538710154593 0.00464657321572304 0.00459414394572377 0.00520174019038677 -9999 -9999 -9999 -9999 -9999 -9999 -9999 -9999 -9999 -9999 -9999 -9999 -9999 -9999
0.00138744851574302 0.00133413623552769 0.00128444738220423 0.00124523276463151 0.00121279573068023 0.00116359908133745 0.00110838213004172 0.00103732000570744 0.00096376973669976 0.00093581440160051 0.000912954390514642 0.000924587191548198 0.000930832815356553 0.000920917198527604 0.000896395125892013 0.000847896793857217 0.000803099130280316 0.000761897768825293 0.000745031575206667 0.000742109899874777 0.000913472613319755 0.00113858515396714 0.00176792638376355 0.00244569429196417 0.00311989220790565 0.00369000714272261 0.00367034180089831 0.00364454812370241 0.00360288331285119 -9999 -9999 -9999 -9999 -9999 -9999 -9999 -9999 -9999 -9999 -9999 -9999 -9999 -9999
0.00142969051375985 0.00139321980532259 0.00135852012317628 0.00132663862314075 0.001296580536291 0.00124785816296935 0.00119243119843304 0.0010988051071763 0.000999181065708399 0.000951475871261209 0.000911588489543647 0.000925561704207212 0.00093798793386668 0.000945773208513856 0.000936083262786269 0.000897708174306899 0.000852347817271948 0.000800199166405946 0.000759486865717918 0.000725327874533832 0.00077351025538519 0.000847086892463267 0.00115208339411765 0.00148865603841841 0.00199904176406562 0.0024848694447428 0.00283154053613544 0.00315555185079575 -9999 -9999 -9999 -9999 -9999 -9999 -9999 -9999 -9999 -9999 -9999 -9999 -9999 -9999 -9999
0.00148551189340651 0.00144839927088469 0.00140774191822857 0.00136759178712964 0.00132776971440762 0.00127821310888976 0.00122515973635018 0.00113063852768391 0.00102960621006787 0.000961036770604551 0.000901530380360782 0.000905905908439308 0.00091292557772249 0.000927877495996654 0.000931463378947228 0.000916392193175852 0.000884588051121682 0.00083652266766876 0.000789141224231571 0.000742151692975312 0.00075309124076739 0.000781896291300654 0.000997221213765442 0.00124128779862076 0.00177574157714844 0.00231799599714577 0.00290445098653436 0.00332786212675273 0.00332904211245477 0.00357195013202727 -9999 -9999 -9999 -9999 -9999 -9999 -9999 -9999 -9999 -9999 -9999 -9999 -9999
0.00153409712947905 0.00149508565664291 0.00144715688657016 0.00139782426413149 0.00134758336935192 0.00129739753901958 0.00124723149929196 0.00115502730477601 0.00105622236151248 0.000968704698607326 0.000891188974492252 0.000885449408087879 0.000886424153577536 0.00090754113625735 0.000923660991247743 0.000931578106246889 0.000914238160476089 0.000872353091835976 0.000820269400719553 0.000762341776862741 0.000743450364097953 0.000736597809009254 0.000881920452229679 0.00105423771310598 0.00162533600814641 0.00223406823351979 0.00305605167523026 0.00371809094212949 0.00396592682227492 0.0038093775510788 0.00403738347813487 -9999 -9999 -9999 -9999 -9999 -9999 -9999 -9999 -9999 -9999 -9999 -9999
0.00144604116212577 0.00140658288728446 0.00135629146825522 0.00130250328220427 0.00124645244795829 0.00120067968964577 0.00115859904326499 0.00109420856460929 0.00102631514891982 0.000952880480326712 0.000887206522747874 0.00087796914158389 0.000877072918228805 0.000901199411600828 0.000919587095268071 0.000928554509300739 0.000922738923691213 0.000902556930668652 0.000856423517689109 0.000795419269707054 0.00075991201447323 0.000732268090359867 0.000834262871649116 0.000961656274739653 0.00153843034058809 0.00220088101923466 0.00334881315939128 0.00416741613298655 0.00413316348567605 0.0047308225184679 0.00527789024636149 -9999 -9999 -9999 -9999 -9999 -9999 -9999 -9999 -9999 -9999 -9999 -9999
0.00133195077069104 0.00129400915466249 0.00124443299137056 0.00119091430678964 0.0011348444968462 0.00109592417720705 0.0010631640907377 0.00102554238401353 0.000987157109193504 0.000930827809497714 0.000879937899298966 0.000869335548486561 0.000868135131895542 0.000895139994099736 0.000915785261895508 0.000925991276744753 0.000930737238377333 0.00093017693143338 0.000889895134605467 0.000826852105092257 0.000777473556809127 0.000732309243176132 0.000792086531873792 0.00087474228348583 0.00142701424192637 0.00210686237551272 0.00350961228832603 0.00486405054107308 0.00609337724745274 0.00574917485937476 -9999 -9999 -9999 -9999 -9999 -9999 -9999 -9999 -9999 -9999 -9999 -9999 -9999
0.00110370723996311 0.00107589177787304 0.00104052573442459 0.00100799463689327 0.000977297895587981 0.000955925497692078 0.000937902601435781 0.000922466861084104 0.000907437351997942 0.000881465151906013 0.000858260085806251 0.000855644699186087 0.000861010339576751 0.000890318478923291 0.000913176510948688 0.000925446744076908 0.000936532451305538 0.000946467102039605 0.000911604962311685 0.000851073244120926 0.000799857603851706 0.000751515035517514 0.000773943902458996 0.000812678073998541 0.00120812677778304 0.00174611480906606 0.00309179280884564 0.00447338260710239 0.00594797264784575 0.00682218559086323 -9999 -9999 -9999 -9999 -9999 -9999 -9999 -9999 -9999 -9999 -9999 -9999 -9999
0.000918739940971136 0.000901287537999451 0.00088006432633847 0.000865089241415262 0.00085415702778846 0.000846137409098446 0.000839164014905691 0.000838089443277568 0.00083794113015756 0.000835259328596294 0.000833539350423962 0.000838910404127091 0.000850513519253582 0.000880812178365886 0.000905202061403543 0.000919892860110849 0.000935659278184175 0.000952470989432186 0.000927160785067827 0.000877713842783123 0.000825136026833206 0.000771592662204057 0.000761807488743216 0.000762792653404176 0.00101577816531062 0.00140940200071782 0.00259994412772357 0.00388357136398554 0.00540825864300132 0.00609277281910181 -9999 -9999 -9999 -9999 -9999 -9999 -9999 -9999 -9999 -9999 -9999 -9999 -9999
0.000828195130452514 0.000821622496005148 0.000814395432826132 0.000809489109087735 0.000806084484793246 0.000802264257799834 0.000798294728156179 0.000794508552644402 0.000790751189924777 0.000795941276010126 0.000802179507445544 0.000815535779111087 0.000832659308798611 0.000861084321513772 0.000885520596057177 0.000903409498278052 0.000920236459933221 0.000936031516175717 0.000929289497435093 0.000909633294213563 0.000856729689985514 0.000793572573456913 0.000762775889597833 0.000739479495678097 0.000881333369761705 0.00112512952182442 0.00194657477550209 0.0028592583257705 0.00400821957737207 0.00482303788885474 -9999 -9999 -9999 -9999 -9999 -9999 -9999 -9999 -9999 -9999 -9999 -9999 -9999
0.000774876098148525 0.000774774525780231 0.000775748572777957 0.000776154571212828 0.000776192988269031 0.000774299842305481 0.000771712861023843 0.000765873643103987 0.000759523769374937 0.00076700170757249 0.000775804335717112 0.000793471757788211 0.000813300372101367 0.000839612330310047 0.000864172412548214 0.000885856687091291 0.000904623826500028 0.000920556136406958 0.000928597175516188 0.000932116236072034 0.000881956773810089 0.000815242645330727 0.000768137397244573 0.000725631485693157 0.000785686250310391 0.00091114203678444 0.00140718894544989 0.00199760007672012 0.00283238338306546 0.00356953428126872 0.00416452251374722 -9999 -9999 -9999 -9999 -9999 -9999 -9999 -9999 -9999 -9999 -9999 -9999
0.000768390134908259 0.000769213074818254 0.00077109772246331 0.00077083200449124 0.000769174774177372 0.000766350014600903 0.000763105868827552 0.000756042136345059 0.000748378632124513 0.000751119165215641 0.000755700282752514 0.000773056584876031 0.000792048289440572 0.000815946143120527 0.000840727298054844 0.000866958464030176 0.000888772425241768 0.000906293804291636 0.000924355699680746 0.000942727376241237 0.000899174134247005 0.000836523016914725 0.00077902595512569 0.00072369136614725 0.000738849572371691 0.000785578915383667 0.00101120385807008 0.00134057458490133 0.00193861301522702 0.00276039377786219 0.00390796782448888 0.00444076349958777 -9999 -9999 -9999 -9999 -9999 -9999 -9999 -9999 -9999 -9999 -9999
0.000768958881963044 0.000769641017541289 0.000770944985561073 0.000769771751947701 0.000766995595768094 0.000763246556743979 0.00075914803892374 0.000751836283598095 0.000744019984267652 0.000742871023248881 0.000743626442272216 0.000757812929805368 0.000774050888139755 0.000796442967839539 0.000821445952169597 0.00085073453374207 0.000875911442562938 0.000897092628292739 0.000919695419725031 0.000943112769164145 0.000909634225536138 0.000858608807902783 0.000794659426901489 0.000730286061298102 0.000717360875569284 0.000718552502803504 0.000799735717009753 0.000988960266113281 0.00145797687582672 0.00233562057837844 0.003808269277215 0.00450133997946978 0.00451879063621163 0.00452683120965958 -9999 -9999 -9999 -9999 -9999 -9999 -9999 -9999 -9999
0.000774818763602525 0.000774561136495322 0.000774165848270059 0.000771908322349191 0.000768445781432092 0.000763777934480458 0.00075867708073929 0.000751849729567766 0.000744751247111708 0.000740348768886179 0.000737575406674296 0.000746448058634996 0.000758494483307004 0.000780062167905271 0.000805287389084697 0.000836516381241381 0.000865293375682086 0.000891687406692654 0.000914720934815705 0.000935828778892756 0.000915026350412518 0.000881298736203462 0.000813851540442556 0.000743281911127269 0.000714883382897824 0.000695429218467325 0.000726657162886113 0.00086640747031197 0.00128719548229128 0.00219912664033473 0.00382621493190527 0.00456532556563616 0.00453487224876881 -9999 -9999 -9999 -9999 -9999 -9999 -9999 -9999 -9999 -9999
0.000788357341662049 0.000787411525379866 0.00078578875400126 0.000782590534072369 0.00077837286517024 0.000773248088080436 0.000767797522712499 0.000760045368224382 0.000751931860577315 0.000745003926567733 0.000739326060283929 0.00074263074202463 0.000749837607145309 0.000768750731367618 0.000792085309512913 0.000822677568066865 0.000854398997034878 0.000887217815034091 0.000914245436433703 0.000937954464461654 0.000930020702071488 0.000912328192498535 0.000841450411826372 0.000764962460380048 0.000723710283637047 0.00068999663926661 0.000698999385349452 0.000801353307906538 0.00114545633550733 0.00204270170070231 0.00374538241885602 0.00540810963138938 0.00703621190041304 0.00654286565259099 0.00758277997374535 -9999 -9999 -9999 -9999 -9999 -9999 -9999 -9999
0.00080518692266196 0.000803660717792809 0.000801012618467212 0.000796935171820223 0.000791932863648981 0.000786549237091094 0.000781028589699417 0.00077174772741273 0.000761876464821398 0.000752735126297921 0.000744420394767076 0.000742048199754208 0.000744137680158019 0.000759612012188882 0.000780150352511555 0.000809001328889281 0.000843386282213032 0.000883149332366884 0.000915698066819459 0.000944112951401621 0.000949130277149379 0.000946931832004339 0.000872652162797749 0.000790365040302277 0.00073738198261708 0.00069214595714584 0.000690808054059744 0.00076094176620245 0.00101616384927183 0.00187773501966149 0.00362221570685506 0.00533405272290111 0.00701759895309806 0.00758277997374535 0.00763579225167632 0.00791591871529818 -9999 -9999 -9999 -9999 -9999 -9999 -9999
0.000821224821265787 0.000819210603367537 0.000816251267679036 0.000812338315881789 0.00080780842108652 0.00080267817247659 0.000797332206275314 0.000787560362368822 0.000777093518991023 0.000766409677453339 0.000756167515646666 0.000749131839256734 0.000746243051253259 0.000755794404540211 0.000771362218074501 0.000796805950812995 0.00083045958308503 0.000872091797646135 0.000910836039111018 0.00094792537856847 0.000964467297308147 0.000974672380834818 0.000901679159142077 0.000819154316559434 0.0007572504109703 0.000703042896930128 0.000692446774337441 0.000731389387510717 0.00089862133609131 0.00153723498806357 0.00286223110742867 0.00450632022693753 0.00642694998532534 0.00740867760032415 0.00791591871529818 0.00792818516492844 -9999 -9999 -9999 -9999 -9999 -9999 -9999
0.000837098923511803 0.000834615784697235 0.000831492943689227 0.000827960495371372 0.000824163085781038 0.000819392153061926 0.000814271508716047 0.000804223353043199 0.000793401501141489 0.000781313981860876 0.000769291073083878 0.000757801695726812 0.000749963277485222 0.000753077736590058 0.000763225136324763 0.000784916919656098 0.000817136897239834 0.000859588268212974 0.000904667424038053 0.000951252353843302 0.000979023752734065 0.00100099295377731 0.000930256210267544 0.000848644296638668 0.000778400921262801 0.00071574974572286 0.000696119328495115 0.000704083766322583 0.000783509865868837 0.00116041686851531 0.00197048834525049 0.00352265127003193 0.00571794575080276 0.00701082218438387 0.00784764904528856 0.008020986802876 -9999 -9999 -9999 -9999 -9999 -9999 -9999
0.000833713740576059 0.000830867909826338 0.000828537449706346 0.000826610368676484 0.000824944349005818 0.000822390662506223 0.000819518114440143 0.000812349084299058 0.000804505369160324 0.000793507439084351 0.000782218819949776 0.00076899107079953 0.000758355774451047 0.000755497487261891 0.000760075985454023 0.000776861677877605 0.000804553157649934 0.000842842971906066 0.000891600269824266 0.000946355634368956 0.000983422389253974 0.00101503392215818 0.000948801869526505 0.000871064199600369 0.000804053212050349 0.000742607109714299 0.000712693843524903 0.000700907199643552 0.000736062473151833 0.000936946482397616 0.0013791493838653 0.00248151808045805 0.00415601767599583 0.00575400702655315 0.00731333065778017 0.00763997295871377 -9999 -9999 -9999 -9999 -9999 -9999 -9999
