Ecospace-environmental-drivers/Outputs/ASCII-for-ecospace/MOM6-ISIMIP3a/phyc/1983-01_phyc_MOM6-ISIMIP3a.asc
NCOLS 131 
NROWS 53 
XLLCORNER -98 
YLLCORNER 23.9265270233154 
CELLSIZE 0.133587792515755 
NODATA_value -9999 
[rows 19 to 37 of 53, columns 44 to 87 of 131]
0.00488959951326251 0.00529557606205344 0.00578239839524031 0.00631275260820985 0.00682902382686734 0.00734129035845399 0.00744042824953794 0.00750014558434486 0.00763727398589253 0.00780541822314262 0.00813133455812931 0.00838390365242958 0.00845937058329582 0.00854815170168877 0.00865521468222141 0.00869373977184296 0.00867618899792433 0.00878562871366739 0.00895522069185972 0.00885062478482723 0.00868051592260599 0.00876051187515259 0.00881828460842371 0.00830252654850483 0.00784425344318151 0.00762656331062317 0.00730512430891395 0.0067646624520421 0.00620711967349052 0.00562869943678379 0.00517919240519404 0.00482358271256089 0.00446555437520146 0.00410652440041304 0.00384329445660114 0.00359889632090926 0.00334175629541278 0.0030911706853658 0.0029092226177454 0.0027301968075335 0.00256144674494863 0.00239631137810647 0.00223788945004344 0.00207287655211985
0.00458047678694129 0.00504888733848929 0.00550634087994695 0.0059578949585557 0.00635955668985844 0.00674702925607562 0.0068409601226449 0.0069090761244297 0.00709143374115229 0.00730829173699021 0.00770064909011126 0.00800920277833939 0.00811540428549051 0.0081639988347888 0.00813350826501846 0.00812787003815174 0.00814256444573402 0.0082134734839201 0.00831100903451443 0.00816034432500601 0.0079503757879138 0.00798329804092646 0.0079925237223506 0.00741398381069303 0.00690992036834359 0.00671755196526647 0.00643663899973035 0.00596880167722702 0.00549726421013474 0.00502120470628142 0.00464255595579743 0.00433486048132181 0.00405778456479311 0.0037933886051178 0.00357213523238897 0.0033593624830246 0.0031162656378001 0.00287683680653572 0.00268420926295221 0.0024959968868643 0.00232330779545009 0.00216465839184821 0.00203208159655333 0.00190057419240475
0.00430760439485312 0.00485418364405632 0.00529594905674458 0.00568127725273371 0.0059774499386549 0.0062482669018209 0.00634284922853112 0.00642409594729543 0.00663233082741499 0.00687686447054148 0.00730604445561767 0.00764659559354186 0.00777314184233546 0.00775664858520031 0.00754378130659461 0.00749758630990982 0.00758775882422924 0.0076636434532702 0.00773276062682271 0.00753777008503675 0.00727967498824 0.00723674241453409 0.00717039685696363 0.00654813926666975 0.00600866368040442 0.00581563776358962 0.00556197576224804 0.00518030533567071 0.00480695674195886 0.00444377865642309 0.00413219956681132 0.00385820423252881 0.00365762761794031 0.00348745589144528 0.00330670550465584 0.00312387594021857 0.00289172003977001 0.00265969731844962 0.00244682119227946 0.00224170740693808 0.00206388672813773 0.00191123527474701 0.00180532608646899 0.00171161885373294
0.00462310900911689 0.00505770370364189 0.00539161218330264 0.00567130604758859 0.00587490340694785 0.00605685915797949 0.00616023922339082 0.00625962903723121 0.00646843342110515 0.00669931527227163 0.00704250065609813 0.00731171993538737 0.00740233808755875 0.00736570870503783 0.00715438509359956 0.0070764790289104 0.00710773235186934 0.00720711285248399 0.00733876461163163 0.00711564626544714 0.00680776219815016 0.00662127044051886 0.00642080698162317 0.00589560903608799 0.00542448787018657 0.00517968088388443 0.00489906081929803 0.00454283505678177 0.00420651352033019 0.00389451975934207 0.00362483458593488 0.00338596687652171 0.00320842885412276 0.00305628986097872 0.00289317592978477 0.00272790435701609 0.00251129828393459 0.00229663820937276 0.00211956235580146 0.00195272720884532 0.0018218990880996 0.00171444716397673 0.00165040721185505 0.00159700203221291
0.00493925390765071 0.00525508308783174 0.00547782378271222 0.00565044116228819 0.00576502829790115 0.00586311146616936 0.00597226852551103 0.00608594343066216 0.00629099970683455 0.006505629979074 0.00676896097138524 0.00697032455354929 0.00702205952256918 0.00696926983073354 0.00677298149093986 0.00666421093046665 0.00662704510614276 0.00674409745261073 0.00693419901654124 0.00668896920979023 0.00633972464129329 0.00601372309029102 0.00568324653431773 0.00526439258828759 0.00486908294260502 0.0045723058283329 0.00426278170198202 0.00392634654417634 0.00362044270150363 0.00335185346193612 0.00312047312036157 0.0029161951970309 0.00275746872648597 0.00261760666035116 0.00247002742253244 0.00232093129307032 0.002122767502442 0.00192874704953283 0.00179295346606523 0.00166952307336032 0.0015895621618256 0.00152961129788309 0.00150682125240564 0.00149207841604948
0.00451910030096769 0.00484563456848264 0.00501956604421139 0.00511132832616568 0.00517933862283826 0.00524059357121587 0.00529534369707108 0.00535328965634108 0.00551547855138779 0.00572342192754149 0.00616410980001092 0.00648614158853889 0.00652166642248631 0.00646126456558704 0.00626916717737913 0.00613226881250739 0.00604053307324648 0.00605563260614872 0.00612133787944913 0.00593270175158978 0.00568329449743032 0.00537054566666484 0.00505210133269429 0.00471409596502781 0.00438593281432986 0.00409895926713943 0.0037972372956574 0.00346438004635274 0.00315745337866247 0.00288221891969442 0.00266187242232263 0.00248150574043393 0.00233969464898109 0.00221385061740875 0.00207615806721151 0.00193613627925515 0.00179829692933708 0.00166634807828814 0.00159115064889193 0.00152566749602556 0.00149433978367597 0.00147010793443769 0.00145905360113829 0.00145274063106626
0.0041157491505146 0.00444176187738776 0.00457453820854425 0.00460326485335827 0.00462984666228294 0.00465581798925996 0.00466342223808169 0.00467327795922756 0.00479468097910285 0.00499256234616041 0.00557947810739279 0.0059963040985167 0.00600243080407381 0.00593217276036739 0.00575704826042056 0.00559164211153984 0.0054341871291399 0.00535735068842769 0.00531870126724243 0.00517460284754634 0.00500530935823917 0.00470660487189889 0.00440194131806493 0.00413994025439024 0.00387542368844151 0.00360038038343191 0.00330991065129638 0.00298687489703298 0.00269004749134183 0.00242525269277394 0.00222486979328096 0.00207140343263745 0.00195019517559558 0.00184234604239464 0.00172118574846536 0.0015974089037627 0.00151621317490935 0.00144180515781045 0.00141829962376505 0.00140165106859058 0.00140911154448986 0.00141362985596061 0.00141268444713205 0.00141392706427723
0.00378607166931033 0.00406233826652169 0.00418751733377576 0.00423134304583073 0.00423907162621617 0.00423653423786163 0.00422882614657283 0.00422408804297447 0.00431383075192571 0.00448685279116035 0.00508350459858775 0.00548167107626796 0.00540057523176074 0.00531062390655279 0.00520851649343967 0.00501293456181884 0.00474087428301573 0.0046160202473402 0.00456089479848742 0.00440847594290972 0.00423281081020832 0.0039516226388514 0.00366840534843504 0.00346116744913161 0.00324495229870081 0.00299116526730359 0.00272707594558597 0.00244123698212206 0.00220327638089657 0.0020238331053406 0.00188256683759391 0.00176910811569542 0.00168467150069773 0.0016122538363561 0.00153676653280854 0.00146067573223263 0.00141998322214931 0.00138325046282262 0.001372393919155 0.0013646234292537 0.00136770401149988 0.00137041695415974 0.0013724472373724 0.00137741270009428
0.00345326401293278 0.00367522984743118 0.00378936599008739 0.00384544068947434 0.00383803178556263 0.00381256849505007 0.00378194567747414 0.00375385396182537 0.00380835798569024 0.00394832296296954 0.00452301651239395 0.00488490844145417 0.00473296828567982 0.00462411250919104 0.00457440502941608 0.0043731676414609 0.00404795166105032 0.00389090832322836 0.00381352473050356 0.00364620587788522 0.00345739861950278 0.0032004660461098 0.00294569251127541 0.00279046362265944 0.00262447353452444 0.00241344585083425 0.00219917483627796 0.00197805650532246 0.00180949876084924 0.00170518073718995 0.00161829800345004 0.00154411466792226 0.00149333826266229 0.00145225552842021 0.0014130799099803 0.00137427914887667 0.00135870976373553 0.00134493340738118 0.0013402693439275 0.00133623240981251 0.00133440061472356 0.00133437535259873 0.00133770518004894 0.00134449219331145
0.00311362650245428 0.00327135506086051 0.00336692901328206 0.00342903519049287 0.00341459619812667 0.00337838754057884 0.00330826314166188 0.00323770474642515 0.00324916164390743 0.00333818350918591 0.00382176740095019 0.00410895049571991 0.00392190320417285 0.00379586173221469 0.00375357246957719 0.00360017805360258 0.00335588026791811 0.00320118200033903 0.00308892503380775 0.00289235054515302 0.00267562968656421 0.00245765666477382 0.00224659428931773 0.00213736481964588 0.00202579749748111 0.00190444535110146 0.00179113121703267 0.00169478612951934 0.00161861919332296 0.00156711414456367 0.00152428774163127 0.00148778269067407 0.00146387808490545 0.0014451916795224 0.00142190291080624 0.00139770947862417 0.00137370603624731 0.00135077175218612 0.0013382132165134 0.00132668495643884 0.00131877907551825 0.00131398043595254 0.00131495227105916 0.00131941272411495
0.00280120363458991 0.00291766808368266 0.0029953857883811 0.00305224000476301 0.0030476211104542 0.00302551942877471 0.00294337281957269 0.00285778869874775 0.00284532667137682 0.00289457500912249 0.00325773609802127 0.00346138165332377 0.00327986152842641 0.00314421812072396 0.00307155749760568 0.00293123628944159 0.0027355570346117 0.00258373818360269 0.00245269504375756 0.00226677372120321 0.00206773984245956 0.00191193097271025 0.00176498317159712 0.00170378654729575 0.00164549658074975 0.00159937143325806 0.00156162376515567 0.00154156133066863 0.0015221891226247 0.00150366046000272 0.0014876815257594 0.00147355964872986 0.00146469532046467 0.00145800830796361 0.00144404696766287 0.00142865569796413 0.00140003673732281 0.00137160683516413 0.00134980864822865 0.00132882257457823 0.0013106920523569 0.00129799509886652 0.00129538914188743 0.00129781162831932
0.00252301921136677 0.00262712151743472 0.00268787099048495 0.0027252770960331 0.0027516782283783 0.0027749496512115 0.00271535268984735 0.00264926487579942 0.00263694883324206 0.00266047660261393 0.00286633637733757 0.00297533790580928 0.00285046547651291 0.00271476106718183 0.00256418669596314 0.00239319493994117 0.00220549874939024 0.00205723149701953 0.00192764110397547 0.00180258124601096 0.00167860405053943 0.00161415222100914 0.00155698868911713 0.00154638290405273 0.00153992953710258 0.00155085406731814 0.00155672908294946 0.00155194429680705 0.00154458405449986 0.0015340760583058 0.0015232942532748 0.00151231326162815 0.00150360411498696 0.00149583606980741 0.00148294994141906 0.00146905763540417 0.00144062715116888 0.00141130900010467 0.0013785787159577 0.0013456610031426 0.00131208403035998 0.00128755765035748 0.00127983884885907 0.00128058646805584
0.00231578852981329 0.00239803129807115 0.00244895345531404 0.00248301052488387 0.00250874389894307 0.00253210985101759 0.00250535015948117 0.00247408356517553 0.00245966040529311 0.00246132165193558 0.00254480051808059 0.00257419282570481 0.00247298739850521 0.00233716843649745 0.00215383036993444 0.00198415480554104 0.00182565802242607 0.00170984165742993 0.00161424186080694 0.00154686532914639 0.00148623215500265 0.00147578585892916 0.00147039617877454 0.0014884234406054 0.00151033408474177 0.0015484964242205 0.00157564273104072 0.00157953309826553 0.00158006232231855 0.00157648383174092 0.00157086434774101 0.00156375824008137 0.00155571731738746 0.00154728919733316 0.00153411913197488 0.00152001692913473 0.00149389286525548 0.00146604375913739 0.00142569199670106 0.00138285371940583 0.00133127241861075 0.00129112950526178 0.00127222912851721 0.00126663933042437
0.00216177362017334 0.00221503432840109 0.00226148450747132 0.00230426737107337 0.00230556633323431 0.00229506706818938 0.00230886111967266 0.00232390919700265 0.0023056895006448 0.0022883745841682 0.00227566342800856 0.00223672273568809 0.00213444861583412 0.00199847482144833 0.00181623594835401 0.00167186697944999 0.00155848218128085 0.00149679102469236 0.00145958585198969 0.00144750869367272 0.00144143530633301 0.00145698012784123 0.00147485628258437 0.0015050481306389 0.00153771811164916 0.00158075930085033 0.00161241285968572 0.0016200264217332 0.00162535347044468 0.00162788608577102 0.00162740249652416 0.00162472215015441 0.00161773373838514 0.00160896137822419 0.00159448815975338 0.00157889421097934 0.00155666517093778 0.00153205310925841 0.00148656277451664 0.00143531209323555 0.00136380805633962 0.00130520865786821 0.00127057486679405 0.00125515076797456
0.00201198947615921 0.00205093179829419 0.00208566174842417 0.00211812322959304 0.00212717102840543 0.00212955963797867 0.00215989141725004 0.00219038594514132 0.00214805733412504 0.00210113334469497 0.00203083222731948 0.00195038982201368 0.00184545933734626 0.00172681559342891 0.00158934528008103 0.00149393652100116 0.00143294129520655 0.00141314615029842 0.00141286640428007 0.00143024395219982 0.00145184039138258 0.00148626323789358 0.00152135989628732 0.00155343802180141 0.00158714852295816 0.00162769027519971 0.00165755907073617 0.00166489614639431 0.00167124450672418 0.00167638447601348 0.00168083782773465 0.00168479117564857 0.00168411072809249 0.00168151129037142 0.00167090306058526 0.00165872042998672 0.00163623178377748 0.00161042483523488 0.00155593105591834 0.00149455072823912 0.00140895752701908 0.00133535300847143 0.0012840130366385 0.0012544896453619
0.00186401826795191 0.00189492700155824 0.00191483029630035 0.00192880758550018 0.00195939699187875 0.00199471064843237 0.00203128741122782 0.00206399871967733 0.0019888561218977 0.00190776563249528 0.00179641833528876 0.0016859732568264 0.00157770607620478 0.00148388592060655 0.00140989967621863 0.00137358857318759 0.00136810226831585 0.00138496176805347 0.00141240609809756 0.00144816190004349 0.00148590363096446 0.00153615593444556 0.00158588227350265 0.00161544175352901 0.00164602743461728 0.00168090779334307 0.00170629506465048 0.00171164143830538 0.00171739258803427 0.00172363838646561 0.00173294346313924 0.00174447684548795 0.00175235653296113 0.00175872317049652 0.0017541948473081 0.00174752494785935 0.00172299612313509 0.00169409485533834 0.00162894104141742 0.00155669520609081 0.00145951297599822 0.00137238251045346 0.0013039194745943 0.00125846918672323
0.00172328937333077 0.00174863974098116 0.00177682470530272 0.00180653587449342 0.00184005359187722 0.00187465397175401 0.0018797192024067 0.00187829823698848 0.00178338319528848 0.00168729398865253 0.00158523255959153 0.00149192952085286 0.0014197746058926 0.00136549933813512 0.0013357704738155 0.0013335223775357 0.00135375838726759 0.00139159592799842 0.00143777090124786 0.00149170600343496 0.00154749536886811 0.00160465913359076 0.00165938842110336 0.00167731009423733 0.00169298879336566 0.00169928022660315 0.0016998682403937 0.00168841576669365 0.00168162118643522 0.00168051931541413 0.00169007026124746 0.00170738052111119 0.001730015152134 0.00175485480576754 0.00177446380257607 0.00179304461926222 0.0017766336677596 0.00175377260893583 0.0016805607592687 0.00160183850675821 0.0015037409029901 0.00141267303843051 0.00133466010447592 0.00127519282978028
0.00158405897673219 0.00160436308942735 0.00164561078418046 0.00169813563115895 0.00173073075711727 0.00175765785388649 0.00172339950222522 0.00168032583314925 0.00156833650544286 0.00146121461875737 0.00137885275762528 0.00131244608201087 0.00128456542734057 0.0012728808214888 0.00128343119286001 0.00131006655283272 0.00134986208286136 0.00140543410088867 0.00146847893483937 0.00154055224265903 0.00161478272639215 0.00167701276950538 0.00173475337214768 0.0017391504952684 0.00173748435918242 0.00171044305898249 0.00168202805798501 0.00165071315132082 0.00162890052888542 0.00161870196461678 0.00162754580378532 0.00165025983005762 0.0016889312537387 0.00173421099316329 0.00178169331047684 0.00182960869278759 0.00182341726031154 0.00180848629679531 0.00172775483224541 0.0016434642020613 0.00154665962327272 0.00145363819319755 0.00136764231137931 0.00129455316346139
0.00149537692777812 0.00153060478623956 0.00155836041085422 0.00158209248911589 0.0015856510726735 0.00158347235992551 0.00153680890798569 0.00148458732292056 0.00140523992013186 0.00133098871447146 0.00128266017418355 0.00124681170564145 0.00124109780881554 0.0012474162504077 0.00127025344409049 0.00130909099243581 0.0013610195601359 0.00142808584496379 0.00150232249870896 0.00158254965208471 0.00166420813184232 0.00172060204204172 0.00177029764745384 0.00174776325002313 0.00171263806987554 0.00162481865845621 0.00154949375428259 0.0015005455352366 0.00146328052505851 0.00144029490184039 0.00144316593650728 0.00146487075835466 0.00151991168968379 0.0015887584304437 0.0016741439467296 0.00176278071012348 0.00178252044133842 0.00179069337900728 0.00171079754363745 0.00163124781101942 0.00155291461851448 0.00147392228245735 0.00139370572287589 0.00131444190628827
