Ecospace-environmental-drivers/Outputs/ASCII-for-ecospace/MOM6-ISIMIP3a/phyc/1983-10_phyc_MOM6-ISIMIP3a.asc
NCOLS 131 
NROWS 53 
XLLCORNER -98 
YLLCORNER 23.9265270233154 
CELLSIZE 0.133587792515755 
NODATA_value -9999 
[rows 0 to 18 of 53, columns 43 to 85 of 131]
-9999 -9999 -9999 -9999 -9999 -9999 -9999 -9999 -9999 -9999 -9999 -9999 -9999 -9999 -9999 -9999 -9999 -9999 -9999 -9999 -9999 -9999 -9999 -9999 -9999 -9999 -9999 -9999 -9999 -9999 -9999 -9999 -9999 -9999 -9999 -9999 -9999 -9999 -9999 -9999 -9999 -9999 -9999
-9999 -9999 -9999 -9999 -9999 -9999 -9999 -9999 -9999 -9999 -9999 -9999 -9999 -9999 -9999 -9999 -9999 -9999 -9999 -9999 -9999 -9999 -9999 -9999 -9999 -9999 -9999 -9999 -9999 -9999 -9999 -9999 -9999 -9999 -9999 -9999 -9999 -9999 -9999 -9999 -9999 -9999 -9999
-9999 -9999 -9999 -9999 -9999 -9999 -9999 -9999 -9999 -9999 -9999 -9999 -9999 -9999 -9999 -9999 -9999 -9999 -9999 -9999 -9999 -9999 -9999 -9999 -9999 -9999 -9999 -9999 -9999 -9999 -9999 0.00686935381963849 0.00638065673410892 -9999 -9999 -9999 -9999 -9999 -9999 -9999 -9999 -9999 -9999
-9999 -9999 -9999 -9999 -9999 -9999 -9999 -9999 -9999 -9999 -9999 -9999 -9999 -9999 -9999 -9999 -9999 -9999 -9999 -9999 -9999 -9999 -9999 -9999 -9999 -9999 -9999 -9999 -9999 -9999 -9999 0.00689524924382567 0.00642382819205523 -9999 -9999 -9999 -9999 -9999 -9999 -9999 -9999 -9999 -9999
-9999 -9999 -9999 -9999 -9999 -9999 -9999 -9999 -9999 -9999 -9999 -9999 -9999 -9999 -9999 -9999 -9999 -9999 -9999 -9999 -9999 -9999 0.00921299587935209 0.00917350593954325 0.00914191454648972 0.00895763374865055 0.00876958388835192 0.00838553067296743 0.00800326280295849 0.00764305563643575 0.0072942222468555 0.00692967558279634 0.0064618494361639 0.00587995909154415 -9999 -9999 0.00334365759044886 0.0024727345444262 0.0018764320993796 0.00152655609417707 0.00142600096296519 0.001363814342767 0.00134108553174883
-9999 -9999 -9999 -9999 -9999 -9999 -9999 -9999 -9999 -9999 -9999 -9999 -9999 -9999 -9999 -9999 -9999 -9999 0.0096176341176033 -9999 0.00956182926893234 0.00951488595455885 0.00936167407780886 0.00921299587935209 0.00916560832411051 0.00914191454648972 0.00877335201948881 0.00839348509907722 0.00798975490033627 0.00762654701247811 0.00731286499649286 0.00694325473159552 0.00653290748596191 0.00590938655659556 0.00519758369773626 0.00427363719791174 0.00330798863433301 0.00244934693910182 0.00166086805984378 0.00151908118277788 0.00139971892349422 0.00135920278262347 0.00133252143859863
-9999 -9999 -9999 -9999 -9999 -9999 -9999 -9999 -9999 -9999 -9999 -9999 -9999 -9999 0.0103902313858271 0.0103758927434683 0.0103681450709701 0.0103538138791919 0.00998794753104448 0.0096232183277607 0.00961205083876848 0.00955855194479227 0.00951488595455885 0.0093571413308382 0.00921299587935209 0.00914191454648972 0.00877335201948881 0.00839348509907722 0.00798975490033627 0.00762654701247811 0.00731286499649286 0.00694325473159552 0.00653290748596191 0.00590938655659556 0.00519758369773626 0.00427363719791174 0.00330798863433301 0.00244934693910182 0.00166086805984378 0.00151908118277788 0.00139971892349422 0.00135920278262347 0.00133252143859863
-9999 -9999 -9999 -9999 -9999 -9999 -9999 -9999 -9999 -9999 -9999 -9999 -9999 -9999 0.0104671083390713 0.0103902313858271 0.0103615541011095 -9999 0.0103472396731377 0.0100045818835497 0.00963438581675291 0.00961205083876848 0.00954871997237206 0.00951488595455885 0.00934354122728109 0.00907894503325224 0.00842408183962107 0.00775070255622268 0.00703823240473866 0.00635936995968223 0.00572158256545663 0.00515981437638402 0.00465341797098517 0.00416151341050863 0.00367561099119484 0.00308457924984396 0.00247288192622364 0.00195510243065655 0.00147678377106786 0.00134997477289289 0.00124139117542654 0.00119688967242837 0.00116823939606547
-9999 -9999 0.00890479702502489 -9999 -9999 -9999 -9999 -9999 -9999 -9999 -9999 -9999 -9999 -9999 -9999 -9999 -9999 -9999 0.0103348363190889 0.0103740049526095 0.0100676324218512 0.00965672079473734 0.00961205083876848 0.00951922405511141 0.00933595187962055 0.00900153163820505 0.00803453847765923 0.00704026967287064 0.00598842231556773 0.00496455142274499 0.00397487357258797 0.00320839113555849 0.00260448083281517 0.00225901487283409 0.00202057976275682 0.00179175438825041 0.00156481785234064 0.00141658610664308 0.00127463776152581 0.00116559804882854 0.00107007368933409 0.0010220700642094 0.000991320470348001
-9999 0.00890479702502489 0.00887663848698139 0.00884537026286125 0.00883462838828564 -9999 -9999 -9999 -9999 -9999 -9999 -9999 -9999 -9999 0.0103220473974943 0.0105459075421095 -9999 -9999 -9999 0.0103387553244829 0.0105077363550663 0.0102228997275233 0.0097013907507062 0.00968112796545029 0.00923690479248762 0.00867089256644249 0.00759518053382635 0.0064581548795104 0.00519169261679053 0.00401734327897429 0.0029555750079453 0.00228346604853868 0.00189517915714532 0.00170286931097507 0.0015917201526463 0.00146322476211935 0.00133131945040077 0.00124013354070485 0.00115386734250933 0.00110093015246093 0.00105528463609517 0.00103527726605535 0.00100542698055506
0.00889894925057888 0.00888974964618683 0.00886685401201248 0.00884515512734652 0.00882410071790218 0.00882254634052515 -9999 -9999 -9999 -9999 -9999 -9999 -9999 -9999 0.0103003596886992 0.0105264661833644 0.0105459075421095 -9999 -9999 0.0101608149707317 0.0104652205482125 0.0108971744775772 0.0104386610910296 0.0099024074152112 0.00912503339350224 0.00827634055167437 0.00712917326018214 0.00589581206440926 0.00448048766702414 0.00319833122193813 0.00207893270999193 0.00149080436676741 0.00128964486066252 0.00122823449783027 0.00122469896450639 0.00118492590263486 0.00113802950363606 0.00110267836134881 0.00107111246325076 0.00107234774623066 0.00107419339474291 0.00107818504329771 0.00104508327785879
0.00888620410114527 0.00887548178434372 0.00886315479874611 0.00884515512734652 0.00882410071790218 0.00881943851709366 0.00878921244293451 0.00876143481582403 -9999 -9999 -9999 -9999 -9999 -9999 -9999 0.0105816265568137 0.010595740750432 0.0105459075421095 0.0103902313858271 0.0101608149707317 0.0104652205482125 0.0108971744775772 0.0107316980138421 0.0104421647265553 0.00894437171518803 0.00753896962851286 0.00652022613212466 0.00543952360749245 0.00422802101820707 0.0030669360421598 0.00196747179143131 0.00140757777262479 0.00124069850426167 0.00119080836884677 0.00118936749640852 0.00117605528794229 0.00116040953435004 0.00117439718451351 0.00119226530659944 0.00123732117936015 0.00127385079395026 0.00128040194977075 0.00122178439050913
0.00878801941871643 0.00883342977613211 0.00885372050106525 0.00885169673711061 0.00883765704929829 0.00880674924701452 0.00877104513347149 0.00875961594283581 -9999 -9999 -9999 -9999 0.00926507543772459 0.0100321304053068 0.010513381101191 0.0106022618710995 0.0106292357668281 0.0106055587530136 0.0104806143790483 0.0103077022358775 0.010599210858345 0.0110016856342554 0.0110615966841578 0.0109555581584573 0.00877669267356396 0.00684016058221459 0.00591781549155712 0.00497115263715386 0.00397315109148622 0.00296808639541268 0.00195438857190311 0.00142683717422187 0.00125338742509484 0.00120132241863757 0.00119952694512904 0.00120926206000149 0.00122126378118992 0.00127273763064295 0.00132777076214552 0.00140329299028963 0.00146373722236603 0.00147116626612842 0.00139167497400194
0.00847623124718666 0.00872191600501537 0.00882994942367077 0.00887459330260754 0.00888510514050722 0.00883763283491135 0.00877366866916418 0.00875961594283581 0.00875364243984222 0.00882785115391016 0.0089030871167779 0.00898354221135378 0.00926507543772459 0.0100321304053068 0.010513381101191 0.0106022618710995 0.0106827672570944 0.0107564209029078 0.0107969604432583 0.010821814648807 0.0110681839287281 0.0113674812018871 0.0114836515858769 0.0114030437543988 0.00864146929234266 0.00623775832355022 0.00533174769952893 0.00447257282212377 0.00371227343566716 0.00295060244388878 0.00218725530430675 0.00170231738593429 0.00142016808968037 0.00133168930187821 0.00132341613061726 0.00134766427800059 0.00137830537278205 0.00143763376399875 0.00149915856309235 0.00157176109496504 0.00162919575814158 0.00163329904899001 0.00154453853610903
0.00821345672011375 0.00860788766294718 0.00884327292442322 0.0089702419936657 0.00903883576393127 0.00896743126213551 0.00885621178895235 0.00883848126977682 0.00883575528860092 0.00897979829460382 0.00911749340593815 0.0092228977009654 0.00948254391551018 0.010114623233676 0.0105066867545247 0.0105692408978939 0.0106001766398549 0.0106052439659834 0.0105947162955999 0.0105768013745546 0.0106521928682923 0.0107498774304986 0.0106920078396797 0.0104602798819542 0.007853620685637 0.00559161556884646 0.00477202795445919 0.00402787234634161 0.00344295939430594 0.00286636431701481 0.00229993578977883 0.0018827875610441 0.00157437287271023 0.00147070956882089 0.00145184085704386 0.00147659215144813 0.00150991813279688 0.00156519841402769 0.00162183120846748 0.00168373284395784 0.00173379143234342 0.00174220942426473 0.00165698677301407
0.00801997724920511 0.00849030539393425 0.00890904106199741 0.00916874967515469 0.00934282969683409 0.00923707988113165 0.00905174668878317 0.00902884639799595 0.00903396215289831 0.00934657081961632 0.00963503215461969 0.00980065762996674 0.0100074727088213 0.0103137465193868 0.0104905273765326 0.0104895336553454 0.0103251338005066 0.010027039796114 0.00965928006917238 0.00925852172076702 0.00898502115160227 0.00874192826449871 0.00818441528826952 0.00755195785313845 0.00614307960495353 0.00488363113254309 0.00424956064671278 0.0036593466065824 0.00316171813756227 0.00268774828873575 0.00224269437603652 0.00192893098574132 0.0017107977764681 0.00162196415476501 0.00158667808864266 0.00159212504513562 0.00160557904746383 0.00163998338393867 0.00167562963906676 0.00171582901384681 0.00175233837217093 0.00177587324287742 0.00171229499392211
0.00779050262644887 0.00829207524657249 0.00878553185611963 0.00909229274839163 0.00929852668195963 0.0092321177944541 0.00908816885203123 0.00906928535550833 0.00907463207840919 0.00938852876424789 0.00968349818140268 0.00988218560814857 0.010050293058157 0.0101445624604821 0.0100953904911876 0.00984929315745831 0.00950274709612131 0.00907401647418737 0.00853009801357985 0.00793161801993847 0.00745838554576039 0.00701507879421115 0.00633727433159947 0.00564364949241281 0.00495424028486013 0.00431665778160095 0.00389597378671169 0.003474140772596 0.00304988119751215 0.00263753044418991 0.00223973486572504 0.00196222122758627 0.00177231908310205 0.00167835736647248 0.00162412784993649 0.00161192414816469 0.00160798174329102 0.00162213633302599 0.00163825787603855 0.0016670465702191 0.00169978849589825 0.00174643052741885 0.00171530456282198
0.0075307167135179 0.00802593026310205 0.00850262679159641 0.0087842820212245 0.0089609157294035 0.00899590086191893 0.00899060070514679 0.00898346956819296 0.00898263789713383 0.00915695447474718 0.00933694839477539 0.00954582635313272 0.00968711916357279 0.00966522004455328 0.00938110984861851 0.00873701646924019 0.00821943115442991 0.00780535163357854 0.00723775988444686 0.00659745326265693 0.00605009682476521 0.00552494917064905 0.00504631130024791 0.00457747187465429 0.00420473562553525 0.00386843201704323 0.00368460547178984 0.00344331213273108 0.00308070285245776 0.00269543891772628 0.00228248676285148 0.00198468728922307 0.00177076272666454 0.00165486603509635 0.00157956592738628 0.00155110412742943 0.00153184973169118 0.00152628216892481 0.00152410997543484 0.00155015464406461 0.00158736680168658 0.00166384468320757 0.00167427258566022
0.00668569235131145 0.00712841609492898 0.00755468755960464 0.00779433129355311 0.007933484390378 0.00803061295300722 0.00811579078435898 0.00812702998518944 0.00813380349427462 0.00822435133159161 0.00832926668226719 0.00850727036595345 0.00860155280679464 0.00849368330091238 0.00817289669066668 0.00755980471149087 0.00709948549047112 0.00676416046917439 0.00624689180403948 0.00564343994483352 0.00513268914073706 0.00464408844709396 0.00427397107705474 0.00392318796366453 0.00373533135280013 0.00356306182220578 0.00345602608285844 0.00327052478678524 0.00291937636211514 0.00253668474033475 0.00211544102057815 0.00181004067417234 0.00158901873510331 0.00147609796840698 0.00140794564504176 0.00139080500230193 0.00138369202613831 0.00138817133847624 0.00139659864362329 0.00143939768895507 0.00149332522414625 0.00158638053108007 0.00162442564032972
