Ecospace-environmental-drivers/Outputs/ASCII-for-ecospace/MOM6-ISIMIP3a/phyc/1985-05_phyc_MOM6-ISIMIP3a.asc
NCOLS 131 
NROWS 53 
XLLCORNER -98 
YLLCORNER 23.9265270233154 
CELLSIZE 0.133587792515755 
NODATA_value -9999 
[rows 19 to 37 of 53, columns 0 to 43 of 131]
-9999 -9999 -9999 -9999 -9999 -9999 -9999 -9999 0.00590115552768111 0.00664723105728626 0.00663632666692138 0.00667768670246005 0.0071266139857471 0.00793374981731176 0.00767184607684612 0.00710774678736925 0.00687373895198107 0.00686641968786716 0.00668403878808022 0.00643405970185995 0.0054416167549789 0.00431815162301064 0.00393053516745567 0.00359297823160887 0.0035383072681725 0.00349732302129269 0.00350071699358523 0.00350361363962293 0.00350564275868237 0.0035069698933512 0.00350757478736341 0.00349468016065657 0.00347356148995459 0.00345750944688916 0.0034431463573128 0.00343309505842626 0.00342362024821341 0.00341143063269556 0.00339740514755249 0.00337169039994478 0.00334260333329439 0.00330412876792252 0.00326683721505105 0.0032313740812242
-9999 -9999 -9999 -9999 -9999 -9999 -9999 -9999 0.00519256247207522 0.00586367258802056 0.00664723105728626 0.00658406270667911 0.00667768670246005 0.00676840590313077 0.00659007718786597 0.00610130932182074 0.005843885242939 0.0057453359477222 0.00543945701792836 0.00505352066829801 0.00439677853137255 0.00369224790483713 0.00352073134854436 0.00337482313625515 0.0033450573682785 0.00331945414654911 0.00330734718590975 0.00329393171705306 0.00327823287807405 0.00326129561290145 0.00324308383278549 0.00321361306123435 0.00317728356458247 0.00314787146635354 0.00312076508998871 0.00310595124028623 0.0030928123742342 0.0030763684771955 0.00305845588445663 0.00303118908777833 0.00300397630780935 0.00297691393643618 0.00294369203038514 0.00290095084346831
-9999 -9999 -9999 -9999 -9999 -9999 0.00649210531264544 0.00630239211022854 0.00585386576130986 0.00519256247207522 0.00575122470036149 0.00664723105728626 0.006427270360291 0.00577206909656525 0.00523785967379808 0.00484325690194964 0.00455656228587031 0.00434397393837571 0.00407754629850388 0.00379032967612147 0.00356016121804714 0.00334005989134312 0.00329441111534834 0.00325392000377178 0.00322457798756659 0.00319474702700973 0.00316333095543087 0.00313148694112897 0.00309889647178352 0.0030652133282274 0.00303040584549308 0.00298408116213977 0.0029307403601706 0.00288255768828094 0.00283609423786402 0.00281259859912097 0.0027922869194299 0.00277331098914146 0.00275375694036484 0.0027305216062814 0.002712162444368 0.00270737730897963 0.00268776435405016 0.00264523574151099
-9999 -9999 -9999 -9999 -9999 -9999 0.00651736976578832 0.00649210531264544 0.00611267890781164 0.00561811588704586 0.00519256247207522 0.00541388057172298 0.00539160287007689 0.00488731730729342 0.00447874050587416 0.0041805962100625 0.00396742159500718 0.00381259876303375 0.00363568612374365 0.0034502437338233 0.00332129979506135 0.00320232636295259 0.0031736649107188 0.00314753456041217 0.00312601961195469 0.00310333329252899 0.00307684927247465 0.00304729817435145 0.00301239499822259 0.00297578377649188 0.00293741561472416 0.00289053632877767 0.00283847260288894 0.00278857978992164 0.00273941038176417 0.00270470301620662 0.00267201079986989 0.00264161801896989 0.0026107884477824 0.00257717864587903 0.00254623265936971 0.00252270302735269 0.00248795351944864 0.00243586441501975
-9999 -9999 -9999 -9999 0.00790900737047195 0.00699000898748636 0.00655172951519489 0.00650827493518591 0.00649210531264544 0.00573325250297785 0.00505454372614622 0.00468258932232857 0.00433698436245322 0.00404351716861129 0.00379160582087934 0.00358764361590147 0.00345278228633106 0.0033653755672276 0.00327767315320671 0.00318985665217042 0.00313365506008267 0.00308303278870881 0.00306276069022715 0.00304383877664804 0.0030306305270642 0.00301596941426396 0.00299659790471196 0.00297150854021311 0.00293644098564982 0.00289895921014249 0.00285899359732866 0.00281352689489722 0.00276470929384232 0.00271505303680897 0.00266511715017259 0.00262010633014143 0.00257579609751701 0.00253420975059271 0.00249223411083221 0.00244777882471681 0.00240324321202934 0.00235848408192396 0.00230679591186345 0.00224439939484
-9999 -9999 -9999 -9999 0.0100070480257273 0.00808724202215672 0.00742828892543912 0.00655172951519489 0.00648099044337869 0.00558067765086889 0.00477583799511194 0.00433643022552133 0.00396644277498126 0.00373381772078574 0.00353943114168942 0.00338916550390422 0.00328124244697392 0.00320239807479084 0.00313533004373312 0.00307280919514596 0.0030323548708111 0.00299579440616071 0.00298024783842266 0.00296609383076429 0.0029597117099911 0.00295317149721086 0.00294611812569201 0.00293497322127223 0.00291668740101159 0.00289474288001657 0.00286903348751366 0.00283674709498882 0.00280045391991735 0.00276150228455663 0.00272166449576616 0.00268455338664353 0.00264781177975237 0.00261000241152942 0.00257124612107873 0.00252645998261869 0.00247899582609534 0.00242407713085413 0.00236220378428698 0.00228958250954747
-9999 -9999 -9999 -9999 -9999 0.0100070480257273 0.00836190022528172 0.00830484833568335 0.00657211244106293 0.00553189497441053 0.00460082059726119 0.00408749794587493 0.00368133117444813 0.00348719512112439 0.00333111803047359 0.00321895536035299 0.00312747433781624 0.00305019621737301 0.0029974109493196 0.00295408302918077 0.00292568653821945 0.00289992475882173 0.00288987811654806 0.00288139237090945 0.00288304989226162 0.00288564036600292 0.00289125577546656 0.00289404182694852 0.00289189000613987 0.00288473279215395 0.00287242466583848 0.00285236211493611 0.00282757543027401 0.00279817776754498 0.00276724342256784 0.00273629650473595 0.00270531349815428 0.00266954977996647 0.0026324363425374 0.00258672796189785 0.00253626378253102 0.00247256201691926 0.00240126601420343 0.00231823441572487
-9999 -9999 -9999 -9999 -9999 0.0100066782906651 0.0100070480257273 0.00858397595584393 0.00711151631549001 0.00593821424990892 0.00488044368103147 0.00426487764343619 0.00377080775797367 0.00351714505814016 0.00331512512639165 0.00317269307561219 0.00305163022130728 0.00294524268247187 0.00287888944149017 0.00282799499109387 0.00279548089019954 0.00276621035300195 0.0027650585398078 0.00276618893258274 0.00278120604343712 0.0027973554097116 0.00281717628240585 0.00283383531495929 0.00284497672691941 0.00284931808710098 0.00284666242077947 0.00283463066443801 0.00281688710674644 0.00279199937358499 0.00276473024860024 0.00273233652114868 0.00269917584955692 0.00265786633826792 0.0026154825463891 0.00256625819019973 0.002512481296435 0.00244603166356683 0.0023686580825597 0.00227440218441188
-9999 -9999 0.0100138587877154 0.0100111626088619 0.0100060626864433 0.0100063076242805 0.0100066782906651 0.00876803137362003 0.00746395858004689 0.00615737773478031 0.00498454133048654 0.0043236194178462 0.00378569378517568 0.00349114183336496 0.00325122359208763 0.00307434424757957 0.00292023387737572 0.00278175971470773 0.00271011819131672 0.00266428338363767 0.00263031385838985 0.00259843817912042 0.00261015072464943 0.00262500252574682 0.00265806051902473 0.00269271223805845 0.00273253046907485 0.00276736915111542 0.00279351719655097 0.00281026773154736 0.00281734834425151 0.00281328172422945 0.00280242459848523 0.002780377632007 0.00275460118427873 0.00271579134277999 0.00267508928664029 0.00262176780961454 0.00256820791400969 0.00251313159242272 0.00245393230579793 0.0023832549341023 0.00229868944734335 0.00219266046769917
-9999.000000000000000 -9999 -9999 -9999 0.0100211184471846 0.0100058177486062 0.0100055923685431 0.00874465145170689 0.00740847969427705 0.00596819492056966 0.00470566609874368 0.00412351218983531 0.00363783468492329 0.00334305735304952 0.0030827927403152 0.00286235054954886 0.00266763032414019 0.00249057426117361 0.0024317093193531 0.00241848267614841 0.00238886591978371 0.00235635647550225 0.00238959398120642 0.00242712488397956 0.00248843780718744 0.00255237682722509 0.00262483116239309 0.00268724537454545 0.00273213861510158 0.0027632846031338 0.00278028496541083 0.00278404052369297 0.00277972710318863 0.00275688013061881 0.00272785569541156 0.00267178704962134 0.00261184037663043 0.00253239856101573 0.00245477771386504 0.0023887527640909 0.00231952755711973 0.00224139355123043 0.00214720517396927 0.00202820636332035
-9999 -9999 -9999 -9999 0.0100455041974783 0.0100512308999896 0.0100342910736799 0.00875848904252052 0.00740217044949532 0.00587861239910126 0.00455155083909631 0.00397659512236714 0.00348639930598438 0.00316391885280609 0.00286607583984733 0.00259666121564806 0.00236301124095917 0.00215392210520804 0.00210221973247826 0.00211129011586308 0.00210426095873117 0.00209439056925476 0.00215715053491294 0.00222460739314556 0.00231795362196863 0.00241431640461087 0.00252046063542366 0.00261158146895468 0.0026764846406877 0.00272149289958179 0.0027460299897939 0.00275402725674212 0.00275194877758622 0.00272103841416538 0.00268051773309708 0.00259733991697431 0.00250814692117274 0.00240232842043042 0.00230074464343488 0.00222612824290991 0.0021481360308826 0.00206074654124677 0.00195555971004069 0.00182286789640784
-9999 -9999 -9999 -9999 0.0100653469562531 0.0100794639438391 0.0100968945771456 0.00881914980709553 0.00745772197842598 0.00591433513909578 0.00455439276993275 0.00389659660868347 0.00333046494051814 0.00294571183621883 0.00258861156180501 0.00226341863162816 0.0019929523114115 0.00176006939727813 0.0017084659775719 0.00172686122823507 0.00176536093931645 0.00180740852374583 0.00190975237637758 0.00201625260524452 0.00214638584293425 0.00227911816909909 0.00242027826607227 0.00254152808338404 0.00262803281657398 0.00268623302690685 0.00271530821919441 0.00272304331883788 0.00271777808666229 0.00266966642811894 0.00260727293789387 0.00248459330759943 0.00235357112251222 0.00222105346620083 0.00209563015960157 0.00201538717374206 0.00193021132145077 0.00183130439836532 0.00171338801737875 0.00156609376426786
-9999 -9999 -9999 -9999 0.0100794639438391 0.0101005639880896 0.0101253325119615 0.00894461385905743 0.00766779715195298 0.00599278835579753 0.00450888928025961 0.00375647679902613 0.00312624080106616 0.00273775774985552 0.00237887445837259 0.00205414416268468 0.00177003093995154 0.00151381094474345 0.00144477235153317 0.00144801149144769 0.00151455623563379 0.00159227254334837 0.00172183057293296 0.00185566465370357 0.00201567192561924 0.00217659724876285 0.00234049931168556 0.0024802319239825 0.00257778610102832 0.00264187809079885 0.00267153792083263 0.00267128506675363 0.00265280972234905 0.00257631414569914 0.00248047872446477 0.00232359976507723 0.00215847021900117 0.0020192249212414 0.00188816559966654 0.00180923729203641 0.00172342464793473 0.00161844759713858 0.00149588193744421 0.00134613423142582
-9999 -9999 -9999 -9999 0.01010178681463 0.0101253325119615 0.00904063507914543 0.00911868084222078 0.00799376703798771 0.00610328977927566 0.00442712660878897 0.00357126537710428 0.00288579845800996 0.00253749336116016 0.00221993308514357 0.00193784758448601 0.00165746407583356 0.0013782496098429 0.00127862521912903 0.00124834734015167 0.00132982397917658 0.00143102195579559 0.00157851655967534 0.00173090223688632 0.00191559852100909 0.00209858431480825 0.00227602361701429 0.0024255036842078 0.00252619292587042 0.00259070168249309 0.00261798105202615 0.0026039460208267 0.00256474269554019 0.00245147617533803 0.00231352238915861 0.00212642038241029 0.00193297513760626 0.00180198124144226 0.00167893851175904 0.00160653097555041 0.00152499135583639 0.0014180300058797 0.00129687541630119 0.00115378608461469
-9999 -9999 -9999 -9999 0.0101253325119615 0.00874199252575636 0.00829925388097763 0.00797391124069691 0.00785391684621572 0.00583572033792734 0.00407443381845951 0.00329649168998003 0.00268703070469201 0.00241094687953591 0.00213955459184945 0.00187357561662793 0.0015945442719385 0.00130654941312969 0.00119976932182908 0.00116296287160367 0.00125948910135776 0.00137954438105226 0.00152976287063211 0.00168396637309343 0.00186587451025844 0.00204462208785117 0.00221312209032476 0.00235249707475305 0.00244104582816362 0.0024918639101088 0.00250385794788599 0.00246754148975015 0.00240179523825645 0.00225907238200307 0.0020906908903271 0.0019010427640751 0.00170903617981821 0.00159772858023643 0.00149317528121173 0.00143163604661822 0.00136013829614967 0.00126091833226383 0.00115480402018875 0.00103803514502943
-9999 -9999 -9999 -9999 -9999 0.00757273519411683 0.0075027490966022 0.00780516862869263 0.00751442648470402 0.00540611706674099 0.00360562629066408 0.00298333331011236 0.00250612385571003 0.00231599411927164 0.0020928462035954 0.00183160020969808 0.00155290216207504 0.00126221880782396 0.0011583244195208 0.00112655630800873 0.00123818230349571 0.00137511303182691 0.00152153568342328 0.0016703853616491 0.00183772889431566 0.00200096727348864 0.00215089553967118 0.00227165664546192 0.00234151841141284 0.00237259967252612 0.00236377702094615 0.00230153719894588 0.00220675580203533 0.00203771120868623 0.00184391252696514 0.00166357995476574 0.00148576404899359 0.00139904348179698 0.00131746823899448 0.00126866041682661 0.00120967696420848 0.0011223666369915 0.00103713397402316 0.000955112045630813
-9999 -9999 -9999 -9999 -9999 0.00677528697997332 0.00691620307043195 0.00672916742041707 0.00663934135809541 0.00481508346274495 0.00327381445094943 0.00281570572406054 0.00245344405993819 0.0022808366920799 0.00206073722802103 0.00178583932574838 0.00150552706327289 0.00122149672824889 0.00111343653406948 0.00107332516927272 0.00118082272820175 0.00131436868105084 0.00146171334199607 0.0016096739564091 0.00176024914253503 0.00190476549323648 0.00202963687479496 0.00212596263736486 0.00217247405089438 0.002178437076509 0.00214267615228891 0.00205474137328565 0.00193502253387123 0.00176706362981349 0.00158302474301308 0.0014433569740504 0.00131036096718162 0.00125228438992053 0.00119711738079786 0.00116047949995846 0.00111558160278946 0.00104769004974514 0.000984335201792419 0.000927991524804384
-9999 -9999 -9999 -9999 -9999 0.00590684218332171 0.0059069087728858 0.00621427362784743 0.00565344141796231 0.00419064983725548 0.00297034741379321 0.00267818896099925 0.00242729461751878 0.00225805072113872 0.00203164876438677 0.00173929508309811 0.00145696604158729 0.00118152122013271 0.00106783641967922 0.00101661297958344 0.00111600372474641 0.00124197301920503 0.00139121594838798 0.00153921113815159 0.00167256197892129 0.00179769156966358 0.0018961641471833 0.0019668503664434 0.00198904681019485 0.00196877773851156 0.00190481205936521 0.00179122970439494 0.00164742127526551 0.00148621853441 0.00131921761203557 0.00122670095879585 0.00114486191887408 0.00111626880243421 0.00108821981120855 0.0010636355727911 0.00103314849548042 0.000986229162663221 0.000944958243053406 0.000912416609935462
-9999 -9999 -9999 -9999 -9999 -9999 0.00489741424098611 0.00477728480473161 0.00468936236575246 0.0037047672085464 0.00287402514368296 0.0026321685872972 0.00240998319350183 0.00222672102972865 0.00198502792045474 0.00167591497302055 0.00139890529680997 0.00114394235424697 0.001033850829117 0.000979699427261949 0.00104665663093328 0.00113498570863158 0.00126358889974654 0.00139119103550911 0.00150310376193374 0.00160694599617273 0.00168462039437145 0.00173819856718183 0.00174972682725638 0.00172353012021631 0.00165851530618966 0.00155082764104009 0.00141714396886528 0.00128690397832543 0.00115781184285879 0.00110168661922216 0.00105590792372823 0.00104650494176894 0.00103633129037917 0.00102124852128327 0.00100104662124068 0.000966594205237925 0.000935976859182119 0.000911286391783506
