Ecospace-environmental-drivers/Outputs/ASCII-for-ecospace/MOM6-ISIMIP3a/phyc/1985-12_phyc_MOM6-ISIMIP3a.asc
NCOLS 131 
NROWS 53 
XLLCORNER -98 
YLLCORNER 23.9265270233154 
CELLSIZE 0.133587792515755 
NODATA_value -9999 
[rows 0 to 18 of 53, columns 44 to 87 of 131]
-9999 -9999 -9999 -9999 -9999 -9999 -9999 -9999 -9999 -9999 -9999 -9999 -9999 -9999 -9999 -9999 -9999 -9999 -9999 -9999 -9999 -9999 -9999 -9999 -9999 -9999 -9999 -9999 -9999 -9999 -9999 -9999 -9999 -9999 -9999 -9999 -9999 -9999 -9999 -9999 -9999 -9999 -9999 -9999
-9999 -9999 -9999 -9999 -9999 -9999 -9999 -9999 -9999 -9999 -9999 -9999 -9999 -9999 -9999 -9999 -9999 -9999 -9999 -9999 -9999 -9999 -9999 -9999 -9999 -9999 -9999 -9999 -9999 -9999 -9999 -9999 -9999 -9999 -9999 -9999 -9999 -9999 -9999 -9999 -9999 -9999 -9999 -9999
-9999 -9999 -9999 -9999 -9999 -9999 -9999 -9999 -9999 -9999 -9999 -9999 -9999 -9999 -9999 -9999 -9999 -9999 -9999 -9999 -9999 -9999 -9999 -9999 -9999 -9999 -9999 -9999 -9999 -9999 0.00615958496928215 0.00554078072309494 -9999 -9999 -9999 -9999 -9999 -9999 -9999 -9999 -9999 -9999 -9999 -9999
-9999 -9999 -9999 -9999 -9999 -9999 -9999 -9999 -9999 -9999 -9999 -9999 -9999 -9999 -9999 -9999 -9999 -9999 -9999 -9999 -9999 -9999 -9999 -9999 -9999 -9999 -9999 -9999 -9999 -9999 0.00622559059411287 0.00561489630490541 -9999 -9999 -9999 -9999 -9999 -9999 -9999 -9999 -9999 -9999 -9999 -9999
-9999 -9999 -9999 -9999 -9999 -9999 -9999 -9999 -9999 -9999 -9999 -9999 -9999 -9999 -9999 -9999 -9999 -9999 -9999 -9999 -9999 0.00944126863032579 0.00935894809663296 0.00929309148341417 0.00890893395990133 0.00854962691664696 0.00788347609341145 0.00734198139980435 0.00695815403014421 0.00664111413061619 0.00631553679704666 0.00572012038901448 0.0048090317286551 -9999 -9999 0.00257427431643009 0.00237726559862494 0.00232060393318534 0.00223975768312812 0.00215654331259429 0.00210898811928928 0.00209742272272706 0.00210422999225557 0.00213315011933446
-9999 -9999 -9999 -9999 -9999 -9999 -9999 -9999 -9999 -9999 -9999 -9999 -9999 -9999 -9999 -9999 -9999 0.00990270357578993 -9999 0.00981932785362005 0.0097493277862668 0.0095998290926218 0.00944126863032579 0.00934248417615891 0.00929309148341417 0.00852477643638849 0.00783101376146078 0.00729463854804635 0.00690029142424464 0.00667953165248036 0.00634351978078485 0.00592355895787477 0.00489328289404511 0.0036102537997067 0.00294569972902536 0.00240272283554077 0.0023744001518935 0.00235467380844057 0.0022327380720526 0.00213186140172184 0.00210503046400845 0.00209007272496819 0.00209716497920454 0.00212545250542462
-9999 -9999 -9999 -9999 -9999 -9999 -9999 -9999 -9999 -9999 -9999 -9999 -9999 0.0107287289574742 0.010742349550128 0.0107554439455271 0.0107990968972445 0.0103744342923164 0.00991159584373236 0.00989381037652493 0.00981484539806843 0.0097493277862668 0.00960889086127281 0.00944126863032579 0.00929309148341417 0.00852477643638849 0.00783101376146078 0.00729463854804635 0.00690029142424464 0.00667953165248036 0.00634351978078485 0.00592355895787477 0.00489328289404511 0.0036102537997067 0.00294569972902536 0.00240272283554077 0.0023744001518935 0.00235467380844057 0.0022327380720526 0.00213186140172184 0.00210503046400845 0.00209007272496819 0.00209716497920454 0.00212545250542462
-9999 -9999 -9999 -9999 -9999 -9999 -9999 -9999 -9999 -9999 -9999 -9999 -9999 0.0106556983664632 0.0107287289574742 0.0107559710741043 -9999 0.0108596868813038 0.0104254446923733 0.00992938131093979 0.00989381037652493 0.00980139896273613 0.0097493277862668 0.00963607616722584 0.00932551175355911 0.00818917900323868 0.00716011691838503 0.00635751290246844 0.00582761829718947 0.0056310323998332 0.00538943940773606 0.00511506479233503 0.00437713274732232 0.00344722555018961 0.00285322405397892 0.00232525356113911 0.00219794292934239 0.00208113412372768 0.00192196888383478 0.00179871555883437 0.00180173071566969 0.00182780367322266 0.00189669779501855 0.00199005519971251
-9999 0.00862223096191883 -9999 -9999 -9999 -9999 -9999 -9999 -9999 -9999 -9999 -9999 -9999 -9999 -9999 -9999 -9999 0.0108329560607672 0.0109628904610872 0.0105081861838698 0.00996495317667723 0.00989381037652493 0.00976105872541666 0.00970383174717426 0.00936142820864916 0.00782553851604462 0.00643359590321779 0.00534553732722998 0.00466853054240346 0.00449391454458237 0.0043522953055799 0.00423471024259925 0.00381444301456213 0.00326882442459464 0.00275078509002924 0.00223816675134003 0.00200331793166697 0.00178126548416913 0.0015837320825085 0.00143759313505143 0.0014721592888236 0.00154146226122975 0.00167527550365776 0.00183827104046941
0.00862223096191883 0.00852690171450377 0.00843506306409836 0.00840919278562069 -9999 -9999 -9999 -9999 -9999 -9999 -9999 -9999 -9999 0.0101684266701341 0.0105808423832059 -9999 -9999 -9999 0.0109324418008327 0.0111185321584344 0.0106311943382025 0.0100360959768295 0.010037500411272 0.0098538538441062 0.00939370132982731 0.00777634652331471 0.00635057920590043 0.00532926712185144 0.00462403846904635 0.00430512800812721 0.00409556925296783 0.0039656599983573 0.00361945806071162 0.00318368221633136 0.00265896646305919 0.00211676745675504 0.00185764161869884 0.0016196504002437 0.00148571003228426 0.00138393335510045 0.00139524589758366 0.00142752798274159 0.00149875320494175 0.00164085114374757
0.00856799259781837 0.00848680268973112 0.00843058153986931 0.00838780496269464 0.0083846477791667 -9999 -9999 -9999 -9999 -9999 -9999 -9999 -9999 0.0100604984909296 0.0104318344965577 0.0105808423832059 -9999 -9999 0.0109466658905149 0.0111219314858317 0.0112870000302792 0.0108171328902245 0.0103119155392051 0.00992706418037415 0.00930076092481613 0.00766396056860685 0.00625643180683255 0.00533291418105364 0.00461911829188466 0.00416164426133037 0.00387887959368527 0.0037233701441437 0.00344548933207989 0.00311693060211837 0.00261022010818124 0.00206848932430148 0.00178264873102307 0.0015230888966471 0.00142768758814782 0.00134987058117986 0.00133388140238822 0.00132859172299504 0.00134317227639258 0.00145747349597514
0.00851335003972054 0.00847263634204865 0.00843058153986931 0.00838780496269464 0.00837833341211081 0.00835104659199715 0.00837475620210171 -9999 -9999 -9999 -9999 -9999 -9999 -9999 0.0104414774104953 0.0105704590678215 0.0105808423832059 0.0107287289574742 0.0109466658905149 0.0111219314858317 0.0112870000302792 0.0109682651236653 0.0105754565447569 0.00958826951682568 0.00853620376437902 0.00721261324360967 0.00610258197411895 0.0054433923214674 0.00482645444571972 0.00426115747541189 0.00387694034725428 0.00362461945042014 0.00338424788787961 0.0031488249078393 0.00279250531457365 0.00241242023184896 0.00208678748458624 0.00177546311169863 0.00158421520609409 0.00142092211171985 0.00135591882281005 0.00131010205950588 0.00129991688299924 0.00134941609576344
0.00837612897157669 0.00838911347091198 0.00837428774684668 0.00834448914974928 0.00833094399422407 0.00832202285528183 0.00837288703769445 -9999 -9999 -9999 -9999 0.00889680068939924 0.00968112610280514 0.0102384435012937 0.0104841105639935 0.0106018790975213 0.0106150042265654 0.0107754115015268 0.0110055822879076 0.0111739542335272 0.0113275600597262 0.0110836420208216 0.0107384696602821 0.00931703858077526 0.00796890072524548 0.00692750653252006 0.00607228232547641 0.00561007903888822 0.00508006708696485 0.00446717767044902 0.00403204746544361 0.00372639438137412 0.00349992630071938 0.00330625171773136 0.00303631438873708 0.00275138556025922 0.0023799859918654 0.00201395503245294 0.00173165195155889 0.00148824020288885 0.00138157233595848 0.00130244286265224 0.00127445533871651 0.00127503438852727
0.00803245790302753 0.0081321969628334 0.00817725900560617 0.00819287821650505 0.00824828166514635 0.00831499882042408 0.00837288703769445 0.00842935778200626 0.00847193971276283 0.00852153543382883 0.00860680546611547 0.00889680068939924 0.00968112610280514 0.0102384435012937 0.0104841105639935 0.0106413597241044 0.0107262674719095 0.0109388027340174 0.0112117929384112 0.0113560371100903 0.0114695206284523 0.0111096268519759 0.0106501569971442 0.00921471603214741 0.00789474137127399 0.00705800764262676 0.0063508627936244 0.0059172916226089 0.00544937234371901 0.00493947276845574 0.00457977876067162 0.00432949233800173 0.00405791308730841 0.00377751584164798 0.0034339358098805 0.00307793566025794 0.00264583295211196 0.00221774075180292 0.00185636058449745 0.00154622469563037 0.0014162661973387 0.00132186035625637 0.0012934795813635 0.00128484377637506
0.00720267277210951 0.00738378101959825 0.00752798467874527 0.00765231717377901 0.00787639245390892 0.00812883488833904 0.00825721770524979 0.00837059412151575 0.00842164177447557 0.00848549511283636 0.0086144870147109 0.00891707465052605 0.0096388254314661 0.0101377088576555 0.010330623947084 0.0104619143530726 0.0105427838861942 0.0107345515862107 0.0109788486734033 0.0110591286793351 0.0111002195626497 0.0106696514412761 0.010151581838727 0.00883155595511198 0.0076411385089159 0.00699314055964351 0.00643371930345893 0.00606128899380565 0.0056631350889802 0.00523354159668088 0.00491479318588972 0.00467678252607584 0.00436928169801831 0.00403300300240517 0.00364182703197002 0.00323985982686281 0.0027717303019017 0.00230839173309505 0.00191579002421349 0.00157869909889996 0.00143678672611713 0.00133438152261078 0.00130534532945603 0.00129152007866651
0.00568560976535082 0.00594047363847494 0.00623931968584657 0.00656184880062938 0.0070955902338028 0.00768940011039376 0.00797801371663809 0.00822874810546637 0.00830022990703583 0.00839849933981895 0.00863302778452635 0.00896601006388664 0.00953671894967556 0.00989455264061689 0.00996013730764389 0.0099729485809803 0.00994258187711239 0.0100105199962854 0.0101250223815441 0.0100850146263838 0.0100080883130431 0.00957089476287365 0.00907296873629093 0.00805134419351816 0.00713383406400681 0.00665205856785178 0.00623985705897212 0.00597453024238348 0.00565698929131031 0.00527563085779548 0.00494906399399042 0.0046624056994915 0.0043319771066308 0.00398342125117779 0.00358147430233657 0.00316903251223266 0.00269976467825472 0.00223909085616469 0.00188292656093836 0.00157510675489902 0.0014372686855495 0.00133715255651623 0.00130709039513022 0.00129376666154712
0.0045781834051013 0.00482725771144032 0.00517486874014139 0.0055755372159183 0.0061977431178093 0.00688295438885689 0.00734975840896368 0.00778396427631378 0.00794166512787342 0.00812305510044098 0.00842494424432516 0.00875598285347223 0.00915740337222815 0.00935050472617149 0.00925761368125677 0.00919306557625532 0.0091517074033618 0.00914911273866892 0.00916488096117973 0.00907009094953537 0.00894888490438461 0.00854802969843149 0.00810673180967569 0.00735643459483981 0.006684310734272 0.00633935257792473 0.0060318810865283 0.00580354733392596 0.00551602244377136 0.00515615334734321 0.00482677156105638 0.00451959669589996 0.00418266095221043 0.00383340055122972 0.00343309948220849 0.00302276480942965 0.00257410132326186 0.0021377804223448 0.00183589709922671 0.00157476018648595 0.00145689002238214 0.00136782485060394 0.00133225379977375 0.00131083198357373
0.00381571962498128 0.00399201875552535 0.00429923227056861 0.00467693759128451 0.00520133087411523 0.00576744275167584 0.00642756093293428 0.00708407163619995 0.00738338939845562 0.00768891489133239 0.00802601687610149 0.00832787808030844 0.00854464434087276 0.00855307187885046 0.00827547628432512 0.00816819630563259 0.00820026360452175 0.00817202031612396 0.00811520963907242 0.00802080146968365 0.00791740883141756 0.0075890738517046 0.00723512889817357 0.00673336116597056 0.00628344621509314 0.00605054199695587 0.00581201957538724 0.00556163769215345 0.00526152085512877 0.0049006175249815 0.00457263505086303 0.00426863227039576 0.00393901858478785 0.00359879923053086 0.0032105993013829 0.00281296763569117 0.00240321829915047 0.00200951425358653 0.00177693809382617 0.00157714681699872 0.00149262906052172 0.00142199324909598 0.00137713807635009 0.00134037621319294
0.0034607530105859 0.00364739284850657 0.00394645379856229 0.00430604862049222 0.00472538312897086 0.00516170728951693 0.0057800798676908 0.00640664109960198 0.00675118528306484 0.00708995200693607 0.00739932712167501 0.00764132384210825 0.00772062875330448 0.00766998948529363 0.00744095398113132 0.00739381881430745 0.00749550992622972 0.00747795030474663 0.00740390457212925 0.00728960521519184 0.00716568809002638 0.00693078059703112 0.00668175145983696 0.00633816374465823 0.00602326821535826 0.00582845276221633 0.00559400208294392 0.0052758795209229 0.00493248738348484 0.00455821119248867 0.0042157806456089 0.00389654585160315 0.00357912061735988 0.00326244486495852 0.00290617602877319 0.00254212412983179 0.0022034530993551 0.00188179372344166 0.00171713752206415 0.00157562154345214 0.0015154677676037 0.00146008119918406 0.00141354801598936 0.00136974710039794
