Ecospace-environmental-drivers/Outputs/ASCII-for-ecospace/MOM6-ISIMIP3a/phyc/1985-09_phyc_MOM6-ISIMIP3a.asc
NCOLS 131 
NROWS 53 
XLLCORNER -98 
YLLCORNER 23.9265270233154 
CELLSIZE 0.133587792515755 
NODATA_value -9999 
[rows 19 to 37 of 53, columns 43 to 85 of 131]
0.00429254397749901 0.00466954335570335 0.00502743711695075 0.00533511955291033 0.00561576522886753 0.00593101559206843 0.00625610770657659 0.00631749024614692 0.00634710770100355 0.0062478962354362 0.00615861918777227 0.00611987756565213 0.00611863937228918 0.00620795553550124 0.00625997642055154 0.00626079458743334 0.00621856935322285 0.00614112755283713 0.00584689946845174 0.00544998422265053 0.00518087297677994 0.00494229793548584 0.00469474075362086 0.00445465603843331 0.00433231145143509 0.00419836537912488 0.00401586340740323 0.00380026060156524 0.00351477810181677 0.00324256811290979 0.00298657943494618 0.00276586529798806 0.00257084425538778 0.00239324546419084 0.00222286209464073 0.00207511964254081 0.00193182774819434 0.00180671829730272 0.00168599304743111 0.00160151813179255 0.00152642920147628 0.00148434191942215 0.00144871545489877
0.00379205262288451 0.00408255076035857 0.00436635315418243 0.00461681233718991 0.00484931841492653 0.00509995548054576 0.00535574881359935 0.00541339535266161 0.00544736674055457 0.00538973696529865 0.00533870002254844 0.00532119767740369 0.00532253598794341 0.00536936661228538 0.00538540165871382 0.0053591588512063 0.00530544901266694 0.00522926682606339 0.00494771217927337 0.00456887762993574 0.00429292116314173 0.00404154509305954 0.00381621834821999 0.00360186700709164 0.00352121517062187 0.00343739963136613 0.00334034278057516 0.00321368011645973 0.00302451686002314 0.00283819623291492 0.00265534990467131 0.0024967307690531 0.00235575810074806 0.00222062133252621 0.00208790181204677 0.00196569017134607 0.00184554443694651 0.00173588143661618 0.00163007737137377 0.00155817903578281 0.00149518926627934 0.0014635220868513 0.00143431220203638
0.00325720454566181 0.00346132344566286 0.00368533981963992 0.00390025065280497 0.00411025807261467 0.00430078338831663 0.00448576780036092 0.00453883036971092 0.00457650423049927 0.00456326827406883 0.00455318810418248 0.0045591639354825 0.0045635374262929 0.00456404173746705 0.00454764207825065 0.00450803572311997 0.00444182241335511 0.00435384036973119 0.00409058015793562 0.00374429486691952 0.00346847414039075 0.00320949009619653 0.00301087088882923 0.00282616564072669 0.00278361910022795 0.00274229841306806 0.00270610768347979 0.00264981854707003 0.00255109975114465 0.00244807777926326 0.00233979639597237 0.00224258913658559 0.00215344782918692 0.00205712765455246 0.00195783446542919 0.00186103628948331 0.00176472880411893 0.00167153996881098 0.00158168189227581 0.00152323278598487 0.00147220410872251 0.00144726573489606 0.00142025074455887
0.00291564036160707 0.00304640759713948 0.00319217029027641 0.00335467350669205 0.00352619052864611 0.00367988343350589 0.0038285069167614 0.00388275436125696 0.00392598891630769 0.00393270794302225 0.00394031591713428 0.00395244685932994 0.00396446790546179 0.00397622352465987 0.0039764977991581 0.00396100990474224 0.00391579512506723 0.00384625885635614 0.00363472080789506 0.00335591961629689 0.00310747278854251 0.00286627863533795 0.00268885330297053 0.00252354564145207 0.00247084419243038 0.00242227572016418 0.00239100400358438 0.00234853778965771 0.00228243879973888 0.00221203290857375 0.00213636341504753 0.00207042344845831 0.00201157014816999 0.0019397649448365 0.00186259567271918 0.00178550824057311 0.00170843687374145 0.00163796299602836 0.00156937690917403 0.00151684624142945 0.0014689089730382 0.00143712223507464 0.00139919156208634
0.00259792199358344 0.00265888241119683 0.00272789946757257 0.00283768563531339 0.00296942424029112 0.00308831757865846 0.00320355803705752 0.0032594061922282 0.00330825871787965 0.00333237531594932 0.00335519155487418 0.00337139191105962 0.00339052034541965 0.00341671844944358 0.00343622593209147 0.00344654778018594 0.00342481210827827 0.00337684759870172 0.00321994163095951 0.00301143247634172 0.00279432651586831 0.00257516629062593 0.00241936184465885 0.00227336748503149 0.00220680539496243 0.00214693276211619 0.00211505428887904 0.00208045495674014 0.00204011076129973 0.00199615419842303 0.00194778258446604 0.00190876657143235 0.00187656516209245 0.00182699284050614 0.00177022663410753 0.00171165354549885 0.00165272515732795 0.00160477194003761 0.00155727204401046 0.00151023140642792 0.00146488333120942 0.001425486872904 0.00137621583417058
0.00242833304218948 0.00246144249103963 0.00250204000622034 0.00257540447637439 0.00266641238704324 0.00275450362823904 0.00284176529385149 0.00289876270107925 0.00295182038098574 0.0029821558855474 0.00300879636779428 0.00301664089784026 0.00302810524590313 0.0030483091250062 0.00306693976745009 0.00308341067284346 0.00308356015011668 0.00307035632431507 0.00297366781160235 0.00283743441104889 0.00268255337141454 0.00252321688458323 0.00240307371132076 0.00228801090270281 0.00220770272426307 0.00213273032568395 0.00208008848130703 0.00202685967087746 0.00197239243425429 0.00191745790652931 0.00186195259448141 0.00181645678821951 0.00177825172431767 0.00173141271807253 0.00168099824804813 0.00162843812722713 0.00157545635011047 0.00153889693319798 0.00150265684351325 0.00146359507925808 0.00142380886245519 0.0013814753619954 0.00133049592841417
0.0022522653453052 0.00226331525482237 0.00228128116577864 0.00232453364878893 0.00238140183500946 0.00244332035072148 0.0025066751986742 0.00256502931006253 0.0026221654843539 0.00266024214215577 0.00269254413433373 0.00269547058269382 0.00270156958140433 0.00271532963961363 0.00273135351017118 0.00275048590265214 0.00276803481392562 0.00278428778983653 0.00274345348589122 0.0026755784638226 0.00258071557618678 0.00247940444387496 0.00239232764579356 0.00230586156249046 0.00221405108459294 0.0021262124646455 0.00205499562434852 0.00198531080968678 0.0019188595470041 0.00185440783388913 0.00179239991120994 0.00174036028329283 0.00169558124616742 0.00164868170395494 0.00160090404096991 0.00155177898705006 0.00150238897185773 0.00147381681017578 0.00144558551255614 0.00141315383370966 0.00137824914418161 0.00133464927785099 0.00128393538761884
0.00204779021441936 0.0020621744915843 0.00208288617432117 0.00212369300425053 0.00217532063834369 0.00223136600106955 0.00228866771794856 0.00234928913414478 0.00240994803607464 0.00246244133450091 0.00250845961272717 0.00252154096961021 0.00253235595300794 0.00253769918344915 0.00254353159107268 0.00255003594793379 0.00256531266495585 0.00258776685222983 0.00258365576155484 0.00256696157157421 0.00252244062721729 0.00247127073816955 0.00240588188171387 0.00233777379617095 0.00224430020898581 0.00215338775888085 0.00207319459877908 0.00199658144265413 0.00192752596922219 0.00185996119398624 0.00179421831853688 0.00173535454086959 0.00168150127865374 0.00162229035049677 0.0015608606627211 0.00150386651512235 0.00144774431828409 0.00141222169622779 0.00137774460017681 0.00134602887555957 0.00131302303634584 0.00127548142336309 0.00123368867207319
0.00182155729271472 0.00183971785008907 0.00186397891957313 0.00190572009887546 0.00195687357336283 0.00201493222266436 0.00207495479844511 0.00213999254629016 0.00220525241456926 0.00226265494711697 0.00231233914382756 0.00232275971211493 0.00232799910008907 0.00232072873041034 0.00231642695143819 0.00231620040722191 0.00233496073633432 0.00236925599165261 0.00240073935128748 0.00243089068681002 0.00243291747756302 0.00242822454310954 0.00238659861497581 0.00233961292542517 0.0022515463642776 0.00216413871385157 0.00207948801107705 0.00199910858646035 0.0019277457613498 0.00185780017636716 0.00178958650212735 0.0017260251333937 0.00166585214901716 0.00159745733253658 0.00152565736789256 0.00146232370752841 0.00140065420418978 0.00135903980117291 0.00131896405946463 0.00128666462842375 0.00125426065642387 0.00122148904483765 0.00118707015644759
0.00154785194899887 0.0015707528218627 0.00160031707491726 0.00165036646649241 0.00171144609339535 0.00178872572723776 0.00187061261385679 0.00194475473836064 0.00201696902513504 0.00205853721126914 0.00208995724096894 0.00206975545734167 0.00204696482978761 0.00201792409643531 0.00200361269526184 0.00200952240265906 0.00204432476311922 0.00210276641882956 0.00216738064773381 0.0022349189966917 0.0022752161603421 0.00230900454334915 0.0022956682369113 0.00227583758533001 0.00220860377885401 0.00213905307464302 0.00205980567261577 0.00198255898430943 0.00190953619312495 0.00183880713302642 0.00177088147029281 0.00170726212672889 0.00164677947759628 0.00157602422405034 0.00150101468898356 0.0014346782118082 0.00137004675343633 0.00132421404123306 0.00127995212096721 0.00124423345550895 0.00120960117783397 0.00117878860328346 0.0011483677662909
0.00125953718088567 0.00128581619355828 0.00132398027926683 0.00139051291625947 0.0014723208732903 0.00157183711417019 0.00167638959828764 0.0017494052881375 0.00181702151894569 0.00182601041160524 0.00182634219527245 0.00178263685666025 0.00174542143940926 0.00172387657221407 0.00172070064581931 0.00174274272285402 0.00179046567063779 0.00185920007061213 0.00194077403284609 0.00202842988073826 0.00210057501681149 0.00216901395469904 0.00218494050204754 0.00219364929944277 0.00214981148019433 0.00210069236345589 0.00202947109937668 0.00195650034584105 0.00187983631622046 0.00180643098428845 0.00173700822051615 0.00167198921553791 0.00161017768550664 0.00153950520325452 0.00146516319364309 0.00140000600367785 0.00133665441535413 0.00128988898359239 0.00124452251475304 0.00120682292617857 0.00117085978854448 0.00114100181963295 0.0011129945050925
0.000952842296101153 0.000980786164291203 0.00103169749490917 0.00112499843817204 0.00124112446792424 0.00136667129117996 0.0014948972966522 0.00155391555745155 0.00160239986144006 0.00155774282757193 0.00151085224933922 0.00145259976852685 0.00141807564068586 0.00144084612838924 0.00147540809120983 0.00152615807019174 0.00158287468366325 0.0016444728244096 0.00172266154550016 0.00180870865006 0.00190462183672935 0.00200289231725037 0.00204930640757084 0.00208829599432647 0.00207107863388956 0.00204563047736883 0.00198573525995016 0.00191847851965576 0.00183568079955876 0.00175721757113934 0.00168405217118561 0.00161594513338059 0.00155152264051139 0.00148400687612593 0.00141521019395441 0.00135649368166924 0.00129975867457688 0.0012561937328428 0.00121359992772341 0.00117572885937989 0.0011395636247471 0.00110939657315612 0.00108180975075811
0.000756549590732902 0.000793385494034737 0.000859123247209936 0.000971501518506557 0.00110899365972728 0.00124013400636613 0.00136946782004088 0.0014075271319598 0.0014330530539155 0.00137243850622326 0.00131769373547286 0.00129280763212591 0.00129240052774549 0.0013511007418856 0.00140916940290481 0.00146637123543769 0.00151544041000307 0.00155785563401878 0.00161794398445636 0.00168640387710184 0.00178874016273767 0.0018991706892848 0.00195937231183052 0.00201179273426533 0.00200118590146303 0.00198097550310194 0.00192057434469461 0.00185071851592511 0.00176090316381305 0.00167582556605339 0.00159653823357075 0.00152407167479396 0.00145657325629145 0.00139330083038658 0.00133177847601473 0.00128133944235742 0.0012330791214481 0.00119965965859592 0.0011669856030494 0.00113622529897839 0.0011064657010138 0.00108022498898208 0.00105593760963529
0.000643059727735817 0.00069420802174136 0.00077633181354031 0.00090201897546649 0.00105116306804121 0.00117256888188422 0.00128608592785895 0.00129796506371349 0.00129766273312271 0.00124935759231448 0.00121628527995199 0.00126070098485798 0.00131798058282584 0.00140632118564099 0.00147722323890775 0.00152418424841017 0.00155312509741634 0.00156732206232846 0.00159827386960387 0.00163716217502952 0.00173291272949427 0.00184224953409284 0.00190371368080378 0.00195692735724151 0.00193792302161455 0.00190912582911551 0.00183934427332133 0.00176065450068563 0.00166315888054669 0.00157029915135354 0.0014831053558737 0.00140532560180873 0.00133440282661468 0.00127618864644319 0.00122323737014085 0.0011824534740299 0.00114406133070588 0.0011259961174801 0.00110860238783062 0.00109041458927095 0.00107201642822474 0.00105287879705429 0.00103405001573265
0.000602453772444278 0.000654960691463202 0.000735104840714484 0.000853585486765951 0.000992708606645465 0.00110368884634227 0.00120666529983282 0.00121889135334641 0.00122130638919771 0.00120963272638619 0.00121324684005231 0.00129462801851332 0.00137847452424467 0.00146827369462699 0.00153455347754061 0.00156854442320764 0.00158897379878908 0.00159830739721656 0.00162223575171083 0.0016530774300918 0.00172794121317565 0.00181332346983254 0.00184829824138433 0.00187523302156478 0.0018355508800596 0.00178618461359292 0.00169628870207816 0.00160049798432738 0.00149226293433458 0.00139463529922068 0.0013099720235914 0.00123839592561126 0.00117635237984359 0.00112842884846032 0.00108635285869241 0.00105532445013523 0.00102646765299141 0.00101894768886268 0.00101225078105927 0.00100587657652795 0.000999331939965487 0.000992188462987542 0.000984480022452772
0.000593084318097681 0.000641398073639721 0.000711691565811634 0.000814173195976764 0.000933986622840166 0.00103424524422735 0.0011289423564449 0.0011528842151165 0.001170250819996 0.00120563257951289 0.00125236762687564 0.00135685573332012 0.00145393190905452 0.00153311132453382 0.00158728787209839 0.00160713877994567 0.00162403553258628 0.00163851527031511 0.00166489742696285 0.00169691746123135 0.00174476555548608 0.00179639540147036 0.00179298676084727 0.00178204046096653 0.00171641737688333 0.00164134660735726 0.00152673618867993 0.00141030154190958 0.0012900159927085 0.00118891207966954 0.00111125234980136 0.0010508158011362 0.00100292451679707 0.000967534200754017 0.000937320932280272 0.000916090968530625 0.000896626967005432 0.000897591118700802 0.00089962687343359 0.000904740882106125 0.00091026077279821 0.00091720768250525 0.000923046143725514
0.000589822942856699 0.000632180192042142 0.000691124878358096 0.000780250644311309 0.000885627523530275 0.000982339726760983 0.0010765875922516 0.00111820257734507 0.00115524139255285 0.00121418200433254 0.00128136074636132 0.00139044621028006 0.00148852809797972 0.00156004086602479 0.00160903891082853 0.001627127523534 0.00164136558305472 0.00165245321113616 0.00166407076176256 0.00167593942023814 0.00168009009212255 0.00168239662889391 0.00163337064441293 0.00157850421965122 0.00148996047209948 0.00139667012263089 0.00128351442981511 0.00117721455171704 0.00108538789208978 0.00101290130987763 0.000964052102062851 0.000925892498344183 0.000895518984179944 0.00086921313777566 0.00084459176287055 0.000824561051558703 0.000805432733613998 0.000801675952970982 0.000799336179625243 0.000805277901235968 0.000812944024801254 0.000826673291157931 0.000840620137751102
0.000587825372349471 0.000623861153144389 0.00067114713601768 0.000747463956940919 0.000839412561617792 0.000934062816668302 0.00102948141284287 0.00109000224620104 0.0011476898798719 0.00122532795649022 0.00130825850646943 0.00141811172943562 0.00151467008981854 0.001579127041623 0.00162437953986228 0.00164326664526016 0.00165502680465579 0.00166095583699644 0.00165424635633826 0.00164155033417046 0.00159855221863836 0.00154831388499588 0.00145217368844897 0.00135213788598776 0.00124129827599972 0.00113133678678423 0.00102505029644817 0.000935253396164626 0.000880267296452075 0.000843038025777787 0.000827511365059763 0.000813932914752513 0.000801773567218333 0.000783838622737676 0.000763511750847101 0.000742901058401912 0.000722234544809908 0.000711024680640548 0.000701597309671342 0.000706160964909941 0.000713921268470585 0.00073292083106935 0.000753850908949971
0.000586747191846371 0.000622684077825397 0.000668551248963922 0.000740148185286671 0.000825599418021739 0.000919677317142487 0.00101620866917074 0.00108404015190899 0.00114944239612669 0.00122856802772731 0.00131116551347077 0.00141142320353538 0.00149833702016622 0.00155303091742098 0.0015871764626354 0.00159311189781874 0.00158356956671923 0.00156136357691139 0.00151653285138309 0.00146098539698869 0.00137717952020466 0.00128662178758532 0.00119164702482522 0.00109722907654941 0.00101533113047481 0.000937707955017686 0.000877975253388286 0.000831764366012067 0.000814099155832082 0.000803414382971823 0.000801261165179312 0.000790486577898264 0.000773432431742549 0.000747018028050661 0.000716727343387902 0.000689959735609591 0.00066388474078849 0.000650085916277021 0.000638163357507437 0.000640128972008824 0.000645604857709259 0.000663423095829785 0.000684366677887738
