Ecospace-environmental-drivers/Outputs/ASCII-for-ecospace/MOM6-ISIMIP3a/phyc/1986-05_phyc_MOM6-ISIMIP3a.asc
NCOLS 131 
NROWS 53 
XLLCORNER -98 
YLLCORNER 23.9265270233154 
CELLSIZE 0.133587792515755 
NODATA_value -9999 
[rows 19 to 37 of 53, columns 0 to 43 of 131]
-9999 -9999 -9999 -9999 -9999 -9999 -9999 -9999 0.00514753954485059 0.00565773108974099 0.00567305367439985 0.00572705501690507 0.00621185312047601 0.00697495229542255 0.00682254740968347 0.00649429112672806 0.00636678049340844 0.00637713121250272 0.00621128361672163 0.0059773987159133 0.0050879274494946 0.00408276496455073 0.00376142654567957 0.00348210241645575 0.00342811434529722 0.00338401249609888 0.00337196560576558 0.00336104282177985 0.00335208233445883 0.00334083056077361 0.00332722114399076 0.00331013579852879 0.00329093262553215 0.00326864537782967 0.0032453304156661 0.00320016709156334 0.00315200560726225 0.00310681690461934 0.00306202261708677 0.00301974010653794 0.00298153795301914 0.00295469374395907 0.00294317933730781 0.00295535591430962
-9999 -9999 -9999 -9999 -9999 -9999 -9999 -9999 0.00466651190072298 0.00511837610974908 0.00565773108974099 0.0056343749165535 0.00572705501690507 0.00593355158343911 0.00589216547086835 0.00556476088240743 0.00539388321340084 0.00533049926161766 0.00505903037264943 0.00470721209421754 0.00413445103913546 0.00352270039729774 0.00339354551397264 0.00328588299453259 0.00326926028355956 0.00325450790114701 0.00324581912718713 0.00323515688069165 0.00322105037048459 0.00320332194678485 0.00318186660297215 0.00315780728124082 0.00313216168433428 0.00310912146233022 0.00308694993145764 0.00305929896421731 0.00303092692047358 0.00300754979252815 0.00298410630784929 0.00296023930422962 0.00293704960495234 0.00291574513539672 0.00290150032378733 0.00289816549047828
-9999 -9999 -9999 -9999 -9999 -9999 0.00428014667704701 0.00432662293314934 0.00445222714915872 0.00466651190072298 0.00503088580444455 0.00565773108974099 0.00551833910867572 0.00510313035920262 0.00472918245941401 0.00440284237265587 0.00417775521054864 0.00402220338582993 0.0038132555782795 0.00358368991874158 0.00341236614622176 0.00325132044963539 0.00322794751264155 0.00320902396924794 0.0032020581420511 0.00319460313767195 0.00318556325510144 0.00317433848977089 0.00315930182114244 0.00314229167997837 0.003123251022771 0.00310273841023445 0.00308132916688919 0.00306265335530043 0.00304488884285092 0.00302396109327674 0.00300259306095541 0.00298073678277433 0.0029589063487947 0.00293724006041884 0.0029159055557102 0.00289549515582621 0.00287896930240095 0.00286844628863037
-9999 -9999 -9999 -9999 -9999 -9999 0.00427104579284787 0.00428014667704701 0.00437309965491295 0.00448914989829063 0.00466651190072298 0.0047684139572084 0.00472157448530197 0.00438041752204299 0.00409393711015582 0.0038705444894731 0.00371773447841406 0.00361339608207345 0.00348971947096288 0.00335857551544905 0.0032780256588012 0.0032064039260149 0.00318779284134507 0.00317134708166122 0.00316327414475381 0.00315458327531815 0.0031438902951777 0.00312776188366115 0.00310214841738343 0.00308146118186414 0.0030658426694572 0.00304918573237956 0.00303189619444311 0.00301646534353495 0.00300165452063084 0.00297607644461095 0.00294894236139953 0.00291233719326556 0.00287558720447123 0.00283791497349739 0.00280094053596258 0.00276590790599585 0.0027371731121093 0.00271817087195814
-9999 -9999 -9999 -9999 0.0048892805352807 0.00445705372840166 0.00426553981378675 0.00426745135337114 0.00428014667704701 0.00446605263277888 0.00454388884827495 0.00420807860791683 0.00391231710091233 0.00369580066762865 0.00352540193125606 0.00340821593999863 0.00333391153253615 0.0032890560105443 0.00324779725633562 0.00320792733691633 0.00319051765836775 0.00317707168869674 0.00315359351225197 0.00313139334321022 0.00312167266383767 0.00311124580912292 0.00309852929785848 0.00307659525424242 0.00303857587277889 0.00301309442147613 0.00300051388330758 0.00298735313117504 0.00297383894212544 0.00296132429502904 0.00294914306141436 0.00291665666736662 0.00288121751509607 0.00282542174682021 0.0027695179451257 0.00271292543038726 0.0026576560921967 0.00260606966912746 0.00256417575292289 0.00253726146183908
-9999 -9999 -9999 -9999 0.00588232418522239 0.00495220441371202 0.00464856764301658 0.00426553981378675 0.00425666756927967 0.00414374936372042 0.00401395792141557 0.00381958531215787 0.00364337232895195 0.00350309163331985 0.0033877610694617 0.00330121954903007 0.00324764708057046 0.00321671622805297 0.00318191712722182 0.00314562441781163 0.00312972627580166 0.00311742676422 0.00305842724628747 0.0030041269492358 0.00299750594422221 0.00298792077228427 0.00296872342005372 0.00293161417357624 0.00286324648186564 0.00282011646777391 0.00280295475386083 0.00278696953319013 0.00277170073240995 0.00275809317827225 0.00274503976106644 0.0026828208938241 0.00261338800191879 0.00248576398007572 0.00236182170920074 0.00226132594980299 0.0021661629434675 0.00208584475331008 0.00202771765179932 0.00200388487428427
-9999 -9999 -9999 -9999 -9999 0.00588232418522239 0.0050123855471611 0.00503159547224641 0.00418012635782361 0.00384506676346064 0.00356362760066986 0.00348742608912289 0.00340991676785052 0.00332981953397393 0.00325777404941618 0.00319501874037087 0.00315728900022805 0.00313674518838525 0.00310524716041982 0.00306951883248985 0.00305021996609867 0.00303382053971291 0.00293661002069712 0.00284701469354331 0.00283562182448804 0.00282166129909456 0.00279937544837594 0.00275171780958772 0.00265978346578777 0.0025990093126893 0.00257029803469777 0.00254634511657059 0.0025252909399569 0.00250690942630172 0.00248941872268915 0.00240003503859043 0.00230014114640653 0.00212046364322305 0.00194782053586096 0.00181997427716851 0.00170057348441333 0.00160468276590109 0.00153905735351145 0.00152020517271012
-9999 -9999 -9999 -9999 -9999 0.00613669864833355 0.00588232418522239 0.00487008318305016 0.00387092400342226 0.00364995654672384 0.00346232275478542 0.0034022752661258 0.00333207240328193 0.00324177462607622 0.00316134630702436 0.00309230550192297 0.00304898014292121 0.00302331452257931 0.002981266239658 0.00293289194814861 0.00288865552283823 0.00284514902159572 0.00269793579354882 0.0025590374134481 0.00250835553742945 0.00246714544482529 0.00245664617978036 0.00241872807964683 0.0023329621180892 0.00225456408225 0.00218374747782946 0.00212927674874663 0.0020847637206316 0.00204546586610377 0.00200790632516146 0.0019026177469641 0.00178775121457875 0.00164272799156606 0.00150617421604693 0.00142355693969876 0.00134856498334557 0.00129479973111302 0.00125997792929411 0.00125443178694695
-9999 -9999 0.0067485854960978 0.00666407728567719 0.0065598925575614 0.0063913743942976 0.00613639689981937 0.00489857420325279 0.00369851663708687 0.00354797043837607 0.00341547071002424 0.00335204391740263 0.00326730869710445 0.00314040970988572 0.00303508597426116 0.00295465695671737 0.0028961724601686 0.00285275839269161 0.00278708687983453 0.00271282135508955 0.0026347276289016 0.00255595869384706 0.00238641304895282 0.00222537270747125 0.00215177307836711 0.00209436705335975 0.00208946643397212 0.00206024316139519 0.00198857416398823 0.00190766749437898 0.00181725504808128 0.00174933555535972 0.00169511826243252 0.00164642499294132 0.00159957294818014 0.00149339565541595 0.00137907615862787 0.00127268396317959 0.00117453630082309 0.00112889264710248 0.00108964485116303 0.00106820138171315 0.00105771655216813 0.00106416747439653
-9999.000000000000000 -9999 -9999 -9999 0.0070409644395113 0.00672841118648648 0.00688373995944858 0.0053416253067553 0.00382457603700459 0.0036491674836725 0.00348742702044547 0.0033780022058636 0.00323108537122607 0.00300998263992369 0.00284373597241938 0.00274078408256173 0.00264627486467361 0.00255756312981248 0.00243974523618817 0.00231068837456405 0.0021792771294713 0.00204745051451027 0.00191594660282135 0.00179202458821237 0.00173122680280358 0.00168174225836992 0.00166893983259797 0.00164613069500774 0.00160585902631283 0.00155542267020792 0.00149452674668282 0.00145040010102093 0.00141648901626468 0.00138353707734495 0.00135090493131429 0.00127660296857357 0.00119669188279659 0.00113760749809444 0.00108292046934366 0.00105623842682689 0.00103382987435907 0.00102331780362874 0.00102306099142879 0.00103865284472704
-9999 -9999 -9999 -9999 0.00771728157997131 0.0080031082034111 0.00775277661159635 0.00591057538986206 0.00411534076556563 0.00385341770015657 0.00360792758874595 0.00342533458024263 0.00320201902650297 0.00289812451228499 0.0026724508497864 0.00253703212365508 0.00239923782646656 0.00225981208495796 0.00210514198988676 0.00194458523765206 0.00179380725603551 0.00164475489873439 0.00154424621723592 0.00145060278009623 0.00140531139913946 0.00136781274341047 0.0013555814512074 0.00134250428527594 0.00132795097306371 0.00130314379930496 0.0012677856720984 0.00124205695465207 0.00122219417244196 0.0012008638586849 0.0011790442513302 0.00113142305053771 0.00108040368650109 0.00105271546635777 0.0010266334284097 0.00101077940780669 0.000997401191852987 0.000990915228612721 0.000995845417492092 0.00101841881405562
-9999 -9999 -9999 -9999 0.00821171700954437 0.00842032488435507 0.00867790915071964 0.00663791783154011 0.00461331754922867 0.0041873175650835 0.00378950103186071 0.00349955772981048 0.00318195624276996 0.00280962721444666 0.00252640969119966 0.00234601297415793 0.00215580011717975 0.00195884611457586 0.00178656470961869 0.00162381026893854 0.0014963784487918 0.00137517997063696 0.0012968018418178 0.00122483202721924 0.00119844952132553 0.00117805006448179 0.00117704982403666 0.00117787846829742 0.00118189875502139 0.00117663037963212 0.00116180442273617 0.00114768615458161 0.00113399897236377 0.00111910712439567 0.00110381364356726 0.00107633764855564 0.00104726967401803 0.00103095988743007 0.00101479282602668 0.000999534269794822 0.000985362101346254 0.000974214693997055 0.000977990217506886 0.00100482814013958
-9999 -9999 -9999 -9999 0.00842032488435507 0.00873213168233633 0.00909816008061171 0.00718369334936142 0.00526986969634891 0.0045452369377017 0.00387941277585924 0.0034386848565191 0.00301059801131487 0.00260752509348094 0.00230957590974867 0.0021329231094569 0.0019399052252993 0.00173564860597253 0.00156985456123948 0.00141891208477318 0.00131153280381113 0.0012118408922106 0.00114829803351313 0.00109034671913832 0.00107239570934325 0.00105936813633889 0.0010623048292473 0.00106872734613717 0.00108123268000782 0.00108681409619749 0.00108527112752199 0.00107984291389585 0.00107204797677696 0.00106290518306196 0.00105331314262003 0.00103906390722841 0.00102421024348587 0.00101481669116765 0.00100468844175339 0.00098988099489361 0.00097490637563169 0.000959466211497784 0.000960992008913308 0.00098873779643327
-9999 -9999 -9999 -9999 0.00875020585954189 0.00909816008061171 0.00762389693409204 0.00759329181164503 0.00604535453021526 0.0049211704172194 0.00390057754702866 0.00327648827806115 0.00272576650604606 0.00232021836563945 0.00203964719548821 0.00190327980089933 0.00174466741736978 0.00157077831681818 0.00142954557668418 0.00130092271137983 0.0012111256364733 0.00112817995250225 0.00107400061096996 0.00102432665880769 0.00100694864522666 0.000993997557088733 0.000995400594547391 0.00100118282716721 0.00101460667792708 0.00102452095597982 0.0010308240307495 0.00103189563378692 0.00102978048380464 0.00102586962748319 0.00102136039640754 0.00101514894049615 0.00100870674941689 0.00100288284011185 0.000995886279270053 0.000981421791948378 0.0009656380279921 0.000946181709878147 0.00094463664572686 0.000970772409345955
-9999 -9999 -9999 -9999 0.00909816008061171 0.00755672669038177 0.0069954632781446 0.00662044249475002 0.00646795239299536 0.00497008301317692 0.00363506097346544 0.00292334822006524 0.00233529298566282 0.00199192040599883 0.00176218268461525 0.00166356121189892 0.00155236979480833 0.0014325458323583 0.00132966064848006 0.00123331614304334 0.00115235347766429 0.00107410526834428 0.00102353398688138 0.000977409770712256 0.000963294296525419 0.000953087699599564 0.000955555296968669 0.000961640966124833 0.000974040536675602 0.000984860002063215 0.000994053669273853 0.00099874020088464 0.00100068119354546 0.00100101006682962 0.00100080168340355 0.000998767092823982 0.000996459973976016 0.000991335022263229 0.000984953017905354 0.000970565190073103 0.00095464795595035 0.000934473122470081 0.000930506561417133 0.000951589085161686
-9999 -9999 -9999 -9999 -9999 0.00656616454944015 0.00650938693434 0.00677265552803874 0.00673930998891592 0.00487884180620313 0.00324667920358479 0.00248837401159108 0.00189954333472997 0.00164605467580259 0.00148148846346885 0.00141952466219664 0.00136133225169033 0.00130572984926403 0.0012471005320549 0.00118730252142996 0.00111142522655427 0.00103271042462438 0.000983280595391989 0.00093867996474728 0.000928979890886694 0.000922661274671555 0.000927306769881397 0.000934100535232574 0.00094464304856956 0.000954898714553565 0.000964859151281416 0.00097192422254011 0.000977225485257804 0.000981368822976947 0.000985126243904233 0.000985613907687366 0.000985608901828527 0.000979952747002244 0.000973106361925602 0.000958681164775044 0.000942920043598861 0.000923439918551594 0.000917330209631473 0.000931883754674345
-9999 -9999 -9999 -9999 -9999 0.00602776929736137 0.00619364436715841 0.00613506231456995 0.00604682648554444 0.00431296462193131 0.00280228327028453 0.00214584008790553 0.00164932443294674 0.00146926019806415 0.00136362807825208 0.00134387903381139 0.0013183755800128 0.00128892029169947 0.00123482116032392 0.00117120600771159 0.0010870712576434 0.000999315408989787 0.000951634137891233 0.000909232185222208 0.000903511187061667 0.00090095546329394 0.000908662565052509 0.000917764846235514 0.000929301721043885 0.000940055469982326 0.000950003508478403 0.000957501004450023 0.000963505764957517 0.000967405911069363 0.00097060453845188 0.000969399872701615 0.000967547413893044 0.000960250443313271 0.000952159287407994 0.000939010409638286 0.00092513399431482 0.000909232476260513 0.000903194420970976 0.000912399787921458
-9999 -9999 -9999 -9999 -9999 0.00532981380820274 0.00538027752190828 0.00567321479320526 0.00515492307022214 0.00364888529293239 0.00234629795886576 0.00182243227027357 0.00143749220296741 0.00132744666188955 0.0012794581707567 0.00130307371728122 0.00130605709273368 0.00129487132653594 0.00123708276078105 0.00116129929665476 0.00106614641845226 0.000967575353570282 0.000921768485568464 0.000881704851053655 0.000879872706718743 0.00088105391478166 0.000892005511559546 0.000903747451957315 0.000916868622880429 0.000928340246900916 0.000938114593736827 0.000945641892030835 0.000951800378970802 0.000954617804381996 0.000956321600824594 0.000952552596572787 0.000947994063608348 0.000938826822675765 0.000929329369682819 0.000917728582862765 0.00090609461767599 0.000894368335139006 0.000888860144186765 0.00089296157239005
-9999 -9999 -9999 -9999 -9999 -9999 0.00441551953554153 0.00433255499228835 0.00423584552481771 0.0031328999903053 0.00217149662785232 0.00175185583066195 0.00144417444244027 0.00135802919976413 0.00132395385298878 0.00134995894040912 0.00134388485457748 0.00131578044965863 0.0012437216937542 0.00115469063166529 0.00105184328276664 0.000946557673159987 0.000901666528079659 0.000862660759594291 0.000861679029185325 0.000863540102727711 0.000874618825037032 0.000885759247466922 0.000897007470484823 0.000906239438336343 0.000913396768737584 0.000918739126063883 0.000922975828871131 0.000924080435652286 0.000924140913411975 0.000920718943234533 0.000916797900572419 0.000910411181394011 0.000903855252545327 0.000896221550647169 0.00088861957192421 0.000881105777807534 0.000877268554177135 0.000879113329574466
