Ecospace-environmental-drivers/Outputs/ASCII-for-ecospace/MOM6-ISIMIP3a/phyc/1986-02_phyc_MOM6-ISIMIP3a.asc
NCOLS 131 
NROWS 53 
XLLCORNER -98 
YLLCORNER 23.9265270233154 
CELLSIZE 0.133587792515755 
NODATA_value -9999 
[rows 19 to 37 of 53, columns 44 to 87 of 131]
0.00541911413893104 0.00559161603450775 0.00575067615136504 0.00590249802917242 0.00606010016053915 0.00621934654191136 0.00634995149448514 0.00647115474566817 0.00641766469925642 0.006375877186656 0.00639361888170242 0.00643152371048927 0.00651811622083187 0.00662232609465718 0.00675072241574526 0.00685566570609808 0.00694142142310739 0.00691615510731936 0.00683830073103309 0.00684101646766067 0.00686298310756683 0.00697654346004128 0.00708665093407035 0.00705492589622736 0.00701803481206298 0.00695952353999019 0.00695458566769958 0.00706274621188641 0.00709446985274553 0.00703277112916112 0.00698391674086452 0.00694441748782992 0.00689848884940147 0.0068498975597322 0.00671425508335233 0.00656150095164776 0.00638866098597646 0.0062183914706111 0.00608049379661679 0.00594657054170966 0.00582662224769592 0.00566078070551157 0.00540970964357257 0.00517255393788218
0.00461177574470639 0.00471482519060373 0.00480207987129688 0.00488083017989993 0.00498321373015642 0.00509231863543391 0.00520570576190948 0.00531436409801245 0.0052835033275187 0.00526115577667952 0.00528211332857609 0.00532759353518486 0.00543228583410382 0.00557366432622075 0.00576540874317288 0.00599014246836305 0.00624186731874943 0.00624085729941726 0.006120131816715 0.00612229062244296 0.00615381030365825 0.00637586042284966 0.00659329956397414 0.00655311951413751 0.00651150569319725 0.0064638932235539 0.00645644357427955 0.00653378153219819 0.0065545067191124 0.00650603976100683 0.00644834386184812 0.00638392521068454 0.00632441090419888 0.00626692781224847 0.00614781258627772 0.00601658225059509 0.00586083810776472 0.00571243232116103 0.00564458314329386 0.00556891830638051 0.00546577107161283 0.00527063151821494 0.00490465248003602 0.00460706558078527
0.00378750311210752 0.00380933936685324 0.00382383167743683 0.00383436935953796 0.00387339573353529 0.00392052391543984 0.00399585627019405 0.00407068710774183 0.00405403692275286 0.00404413649812341 0.00406857021152973 0.00412309821695089 0.00425029173493385 0.00443331617861986 0.00469298800453544 0.00505437096580863 0.00549897132441401 0.00554064894095063 0.00539147155359387 0.00540523370727897 0.00545792793855071 0.00579324457794428 0.00612128106877208 0.00606076465919614 0.00600188551470637 0.00594985811039805 0.00592357758432627 0.00595164904370904 0.00595591543242335 0.00593108590692282 0.00585926836356521 0.00575322518125176 0.00566806411370635 0.00559155130758882 0.00548448506742716 0.00537141319364309 0.00524257170036435 0.00512612285092473 0.0051364479586482 0.00512815406545997 0.00505439564585686 0.0048349522985518 0.00434495601803064 0.00398519076406956
0.00347090302966535 0.00346854818053544 0.00345537113025784 0.00343636679463089 0.00343487621285021 0.00343836634419858 0.00347171886824071 0.00350652309134603 0.00349799869582057 0.00349687156267464 0.00353337358683348 0.00357615947723389 0.00363411824218929 0.0037543757352978 0.00396016193553805 0.00427212659269571 0.00467096408829093 0.00477720331400633 0.00474484544247389 0.00486814556643367 0.00502863759174943 0.00531092425808311 0.00556880468502641 0.00534967472776771 0.00514938682317734 0.00502795493230224 0.00496833864599466 0.00503922021016479 0.00504145817831159 0.0049597998149693 0.00486555602401495 0.00476214569061995 0.00467348331585526 0.00459092808887362 0.00447947718203068 0.00436234613880515 0.00426650699228048 0.00417782412841916 0.00415134336799383 0.00410875119268894 0.00400951225310564 0.00381575501523912 0.00344646722078323 0.00318768690340221
0.00320117804221809 0.00317914341576397 0.00314292241819203 0.00309906294569373 0.00306192319840193 0.00302669475786388 0.00302127888426185 0.00301902997307479 0.00301988865248859 0.00302856741473079 0.00307702738791704 0.00310747721232474 0.00309444055892527 0.00314823375083506 0.00329377478919923 0.00354258390143514 0.00387588376179338 0.0040444009937346 0.00413486454635859 0.00436618737876415 0.00463116681203246 0.00484212161973119 0.00501160742715001 0.00463153095915914 0.00428796326741576 0.00409719021990895 0.00400367798283696 0.00411549117416143 0.00411289278417826 0.00397046003490686 0.00385274225845933 0.00375302671454847 0.00366283534094691 0.0035765883512795 0.00346230994910002 0.00334252137690783 0.0032808247487992 0.0032204648014158 0.0031521450728178 0.00307136401534081 0.00294676865451038 0.00278544332832098 0.00255590560846031 0.00240914686582983
0.00306051736697555 0.00302085489965975 0.00298067182302475 0.00294020865112543 0.00291875284165144 0.0029027028940618 0.00291649345308542 0.00293411989696324 0.00297284126281738 0.00301303411833942 0.00306071387603879 0.00309541821479797 0.00309879239648581 0.00315763615071774 0.00329263205640018 0.003487792564556 0.00373217766173184 0.00389752816408873 0.00402544206008315 0.00421547004953027 0.00442033912986517 0.00446905661374331 0.0044786324724555 0.00407464988529682 0.00371452467516065 0.0035379461478442 0.00341969425790012 0.00342457462102175 0.00335248466581106 0.00318632135167718 0.00303837447427213 0.00290369638241827 0.00281641818583012 0.00274877017363906 0.00267822691239417 0.00260711438022554 0.00259062112309039 0.00257310573942959 0.00252584647387266 0.00247172615490854 0.00239348062314093 0.00231243879534304 0.00222620437853038 0.00216646981425583
0.00291220517829061 0.00285977008752525 0.00282017630524933 0.00278749642893672 0.00278290524147451 0.00278630247339606 0.00281553342938423 0.00284891156479716 0.00292285648174584 0.00299340998753905 0.00304671074263752 0.00309074064716697 0.00311238458380103 0.00318038417026401 0.00331202405504882 0.00346190389245749 0.00362670700997114 0.00378527725115418 0.00394089473411441 0.00408180942758918 0.00421921024098992 0.00413031782954931 0.0040069199167192 0.00360758020542562 0.00325156934559345 0.00307689374312758 0.00292853661812842 0.00283574033528566 0.00269789388403296 0.00250498717650771 0.002331358846277 0.00217177276499569 0.0020916482899338 0.00204443163238466 0.0020148865878582 0.00198881514370441 0.00201117293909192 0.0020303837954998 0.00200132885947824 0.00196996331214905 0.00193047279026359 0.00191433914005756 0.00194158195517957 0.0019510614220053
0.00273034465499222 0.00268642534501851 0.00266737537458539 0.00266171642579138 0.00267916638404131 0.00270318822003901 0.00273134699091315 0.00276239425875247 0.00285999244078994 0.00295584811829031 0.00304283900186419 0.00311842979863286 0.00316649372689426 0.00326164881698787 0.0034214542247355 0.00356274540536106 0.00368888885714114 0.00382483284920454 0.00396541925147176 0.00402293773368001 0.00406060833483934 0.00394209008663893 0.00380382430739701 0.00353430770337582 0.0032730542588979 0.00304638431407511 0.00284439511597157 0.00269450899213552 0.00250728335231543 0.00227442150935531 0.00209505204111338 0.00195464538410306 0.00190026743803173 0.00188151700422168 0.00188096973579377 0.00188400084152818 0.00191735802218318 0.00194646581076086 0.00192309101112187 0.00189735554158688 0.00186331977602094 0.00184467621147633 0.0018546178471297 0.00185521796811372
0.00256753363646567 0.00253292103298008 0.0025317994877696 0.0025487111415714 0.00258061545901 0.00261678383685648 0.00264812144450843 0.00268190633505583 0.00279511325061321 0.00290721678175032 0.00301370909437537 0.00311020365916193 0.00318255671299994 0.00330962939187884 0.00351182441227138 0.00365028809756041 0.00373660819604993 0.00384897249750793 0.00397367356345057 0.0039778919890523 0.00395332323387265 0.00382112897932529 0.00367842777632177 0.00349041796289384 0.00328675122000277 0.00301755941472948 0.00276843411847949 0.00256167026236653 0.00232978514395654 0.00206719618290663 0.00189433130435646 0.00178681989200413 0.00176347710657865 0.00177499128039926 0.00179798866156489 0.00182324345223606 0.00186512584332377 0.00190088187810034 0.00187077443115413 0.00183947337791324 0.00180397520307451 0.00177969085052609 0.00177623191848397 0.00176919309888035
0.00244628544896841 0.0024227062240243 0.00243380595929921 0.00246357871219516 0.00249338475987315 0.00252320058643818 0.00256699230521917 0.00261457334272563 0.0027258365880698 0.00283443392254412 0.00292947003617883 0.00302361510694027 0.00311560952104628 0.0032849891576916 0.0035606084857136 0.00370881403796375 0.00375277292914689 0.00383947673253715 0.0039464277215302 0.00396301224827766 0.00395800545811653 0.00384693290106952 0.00372255872935057 0.00351063767448068 0.00328345620073378 0.00299240974709392 0.00271032098680735 0.00244714342989028 0.00218089576810598 0.00191089604049921 0.00177125458139926 0.00172656401991844 0.001745795016177 0.00179149815812707 0.00182614172808826 0.00185861124191433 0.00190362124703825 0.00193893699906766 0.00187501439359039 0.00181372021324933 0.00176166731398553 0.00172491103876382 0.001716562313959 0.00170459086075425
0.00235934788361192 0.0023434329777956 0.00235575437545776 0.00238327984698117 0.00241003837436438 0.00243657897226512 0.00247700721956789 0.002520581940189 0.00261072791181505 0.0027019705157727 0.00279879034496844 0.00290592107921839 0.00303794909268618 0.00323431193828583 0.00351899862289429 0.00367029896005988 0.00371246645227075 0.00379790063016117 0.00390382902696729 0.00393750471994281 0.00395391695201397 0.00383009295910597 0.00368825043551624 0.00342437368817627 0.00315242679789662 0.00284670572727919 0.0025473665446043 0.00226150033995509 0.00200125016272068 0.00177230779081583 0.00168215809389949 0.0016931026475504 0.00174935371614993 0.00182436755858362 0.00185723009053618 0.00188180676195771 0.00192604132462293 0.00195736112073064 0.00185540539678186 0.00176310969982296 0.00170477875508368 0.00166310125496238 0.0016523509984836 0.001636519911699
0.00231557595543563 0.0023030866868794 0.0023027912247926 0.00230906181968749 0.00233157863840461 0.00235871598124504 0.00237588095478714 0.00239305221475661 0.00243795895949006 0.00249442411586642 0.00260968506336212 0.00274909380823374 0.00294681056402624 0.00315087847411633 0.00336366565898061 0.00350969866849482 0.003601114731282 0.00371596496552229 0.00384191540069878 0.00389862665906549 0.00393879413604736 0.00375960324890912 0.00355525873601437 0.00320414430461824 0.00286069675348699 0.00254933466203511 0.00225251307711005 0.00198638765141368 0.00178291054908186 0.00165600283071399 0.001635811640881 0.00169335107784718 0.0017796348547563 0.00187782244756818 0.00189201161265373 0.00188968854490668 0.00192823738325387 0.00195108738262206 0.00180579221341759 0.00168122653849423 0.00162954640109092 0.00159244704991579 0.00158242578618228 0.00156408490147442
0.00227424735203385 0.00225655967369676 0.00224453560076654 0.0022355611436069 0.00224908720701933 0.00226901262067258 0.00227763480506837 0.00228540622629225 0.00230143708176911 0.00233063008636236 0.00242677726782858 0.00254825036972761 0.0027308757416904 0.00290794647298753 0.00307739106938243 0.00321186217479408 0.0033177190925926 0.00345698371529579 0.00361207267269492 0.00365813821554184 0.00367815420031548 0.00343873212113976 0.00317564862780273 0.00282758614048362 0.00249542761594057 0.00222982792183757 0.00198275549337268 0.00177479570265859 0.00163914193399251 0.00159186101518571 0.00162333389744163 0.00171216996386647 0.00181189365684986 0.00191612611524761 0.00190268584992737 0.00186611397657543 0.00189215817954391 0.001901859883219 0.00172926194500178 0.00158492324408144 0.00153994560241699 0.00150796736124903 0.00150013051461428 0.00148562656249851
0.00223475112579763 0.00220539723522961 0.00218231044709682 0.00216259830631316 0.00216357200406492 0.00217042863368988 0.00218154909089208 0.00219267280772328 0.00219210074283183 0.00219965074211359 0.0022485179360956 0.00231439480558038 0.00242134276777506 0.00254538888111711 0.0026929082814604 0.00281109730713069 0.00290528894402087 0.00306521612219512 0.00325628113932908 0.00326644000597298 0.00323337409645319 0.0029300726018846 0.00261107180267572 0.00233377958647907 0.00207500369288027 0.00189371919259429 0.00173182017169893 0.00161084509454668 0.00155130226630718 0.00156684219837189 0.00163625821005553 0.00174491689540446 0.00184563570655882 0.00194306625053287 0.00189527962356806 0.00181894679553807 0.00182737223803997 0.00182041665539145 0.00163254351355135 0.00147780473344028 0.00143956812098622 0.00141311821062118 0.00140855764038861 0.00140265072695911
0.00217646430246532 0.00213569938205183 0.00210791174322367 0.00208711205050349 0.00208329921588302 0.00208431761711836 0.00209629768505692 0.00210896064527333 0.00210976344533265 0.00211492087692022 0.00214222981594503 0.00217785383574665 0.00223355600610375 0.00229499791748822 0.00236432044766843 0.00242470181547105 0.002477768342942 0.00259969942271709 0.00275425030849874 0.00273207644931972 0.00266767712309957 0.0024149464443326 0.00215518684126437 0.00198143580928445 0.00181952503044158 0.0017071672482416 0.00160877709276974 0.00153987377416342 0.00152268540114164 0.00156870356295258 0.00164978508837521 0.00175640638917685 0.00184165337122977 0.00191804836504161 0.00184492138214409 0.00174240174237639 0.00171728024724871 0.00168261397629976 0.00152670638635755 0.00140076701063663 0.0013801974710077 0.00136765814386308 0.00137003173585981 0.00136945839039981
0.00211012409999967 0.00205805758014321 0.00202829577028751 0.00201054429635406 0.00200527347624302 0.00200355215929449 0.00201568962074816 0.00202911463566124 0.00203899759799242 0.00205001258291304 0.00206678686663508 0.00208302005194128 0.00209794705733657 0.00209267949685454 0.00205968739464879 0.0020444649271667 0.002043780637905 0.00210257549770176 0.00218954426236451 0.00213656947016716 0.00205015786923468 0.00189704878721386 0.00174588488880545 0.00168971973471344 0.00163473864085972 0.00158471218310297 0.00154054595623165 0.00150875130202621 0.00151945021934807 0.00158208527136594 0.00166357029229403 0.00175878556910902 0.00182150327600539 0.00187076267320663 0.0017761547351256 0.00165326602291316 0.00158777099568397 0.00152065686415881 0.00141696108039469 0.00133662112057209 0.00133840146008879 0.00134336506016552 0.00135424069594592 0.00135760218836367
0.00205922685563564 0.00201101135462523 0.00198735855519772 0.00197693146765232 0.00196970021352172 0.00196337793022394 0.00197326531633735 0.00198473362252116 0.0019940824713558 0.00200388766825199 0.00201601325534284 0.00202505476772785 0.00202664965763688 0.00199840520508587 0.00192919524852186 0.00188406545203179 0.00185863755177706 0.00187087256927043 0.00190094765275717 0.00185985979624093 0.00180176866706461 0.00171686301473528 0.00163417228031904 0.00161053077317774 0.00158381322398782 0.0015442221192643 0.00151279475539923 0.00149860163219273 0.00151909864507616 0.00158199400175363 0.00164460425730795 0.0017070067115128 0.00173565756995231 0.00175033078994602 0.00166870304383337 0.00156814500223845 0.00149134721141309 0.00141767226159573 0.00136590865440667 0.00133385939989239 0.00137112708762288 0.00140095932874829 0.00141698273364455 0.00141687132418156
0.00201152451336384 0.00197029579430819 0.00195442396216094 0.0019522060174495 0.00194291048683226 0.00193160225171596 0.00193874142132699 0.00194769015070051 0.00195451616309583 0.00196164916269481 0.00197034375742078 0.00197471771389246 0.00196865852922201 0.0019264854490757 0.00183473282959312 0.00176915084011853 0.0017249807715416 0.00169408565852791 0.00166947848629206 0.00164910941384733 0.00162975303828716 0.00160655018407851 0.0015840312698856 0.00157531385775656 0.00156058394350111 0.00152069074101746 0.001493418822065 0.00149279122706503 0.00151934358291328 0.00157911528367549 0.00161886191926897 0.00164402241352946 0.00163621932733804 0.00161476491484791 0.00155324744991958 0.00148385460488498 0.00140176864806563 0.00132688914891332 0.00132699974346906 0.00134379812516272 0.00141927145887166 0.00147549610119313 0.00149597343988717 0.00149085640441626
0.00200847373344004 0.00198513711802661 0.00198727520182729 0.00200313027016819 0.00199695606715977 0.00198451662436128 0.00198549358174205 0.00198746891692281 0.00197932124137878 0.00197112746536732 0.00196270039305091 0.00194598513189703 0.00190925726201385 0.00185120257083327 0.0017638688441366 0.0017088825115934 0.00168036215472966 0.00165277055930346 0.00162561901379377 0.00161506095901132 0.00160846777725965 0.00158856820780784 0.0015687074046582 0.0015627162065357 0.00155007280409336 0.00150958879385144 0.00148432783316821 0.00149120402056724 0.00151309394277632 0.00155333359725773 0.00156942685134709 0.00156793231144547 0.00155538902617991 0.00153827003668994 0.00150271179154515 0.00146352883893996 0.00140402826946229 0.00135116267483681 0.00137046189047396 0.00140691443812102 0.00150367920286953 0.00157075165770948 0.00158268201630563 0.0015679975040257
