Ecospace-environmental-drivers/Outputs/ASCII-for-ecospace/MOM6-ISIMIP3a/phyc/1987-06_phyc_MOM6-ISIMIP3a.asc
NCOLS 131 
NROWS 53 
XLLCORNER -98 
YLLCORNER 23.9265270233154 
CELLSIZE 0.133587792515755 
NODATA_value -9999 
[rows 0 to 18 of 53, columns 43 to 85 of 131]
-9999 -9999 -9999 -9999 -9999 -9999 -9999 -9999 -9999 -9999 -9999 -9999 -9999 -9999 -9999 -9999 -9999 -9999 -9999 -9999 -9999 -9999 -9999 -9999 -9999 -9999 -9999 -9999 -9999 -9999 -9999 -9999 -9999 -9999 -9999 -9999 -9999 -9999 -9999 -9999 -9999 -9999 -9999
-9999 -9999 -9999 -9999 -9999 -9999 -9999 -9999 -9999 -9999 -9999 -9999 -9999 -9999 -9999 -9999 -9999 -9999 -9999 -9999 -9999 -9999 -9999 -9999 -9999 -9999 -9999 -9999 -9999 -9999 -9999 -9999 -9999 -9999 -9999 -9999 -9999 -9999 -9999 -9999 -9999 -9999 -9999
-9999 -9999 -9999 -9999 -9999 -9999 -9999 -9999 -9999 -9999 -9999 -9999 -9999 -9999 -9999 -9999 -9999 -9999 -9999 -9999 -9999 -9999 -9999 -9999 -9999 -9999 -9999 -9999 -9999 -9999 -9999 0.00915984809398651 0.00854715704917908 -9999 -9999 -9999 -9999 -9999 -9999 -9999 -9999 -9999 -9999
-9999 -9999 -9999 -9999 -9999 -9999 -9999 -9999 -9999 -9999 -9999 -9999 -9999 -9999 -9999 -9999 -9999 -9999 -9999 -9999 -9999 -9999 -9999 -9999 -9999 -9999 -9999 -9999 -9999 -9999 -9999 0.00914490502327681 0.00855362974107265 -9999 -9999 -9999 -9999 -9999 -9999 -9999 -9999 -9999 -9999
-9999 -9999 -9999 -9999 -9999 -9999 -9999 -9999 -9999 -9999 -9999 -9999 -9999 -9999 -9999 -9999 -9999 -9999 -9999 -9999 -9999 -9999 0.0110332332551479 0.0110498564317822 0.0110631557181478 0.0111407320946455 0.0111813880503178 0.0111847585067153 0.0109712379053235 0.0104530435055494 0.00978073757141829 0.0091092437505722 0.00854473374783993 0.00800691265612841 -9999 -9999 0.00519606377929449 0.00402050511911511 0.00298540177755058 0.00214752904139459 0.00165296194609255 0.00138112693093717 0.00131907209288329
-9999 -9999 -9999 -9999 -9999 -9999 -9999 -9999 -9999 -9999 -9999 -9999 -9999 -9999 -9999 -9999 -9999 -9999 0.0107367727905512 -9999 0.0106922294944525 0.0106557495892048 0.0108541194349527 0.0110332332551479 0.0110531812533736 0.0110631557181478 0.0112183084711432 0.0112626999616623 0.0110732680186629 0.0105777457356453 0.00970811769366264 0.00905634928494692 0.00856326520442963 0.00801458675414324 0.00744288507848978 0.0063740061596036 0.00520739378407598 0.00400679092854261 0.00284733111038804 0.00210208329372108 0.00149317248724401 0.00136363005731255 0.00128657836467028
-9999 -9999 -9999 -9999 -9999 -9999 -9999 -9999 -9999 -9999 -9999 -9999 -9999 -9999 0.0113405864685774 0.011329198256135 0.0113212065771222 0.0113002005964518 0.0110131688416004 0.0107427816838026 0.0107307629659772 0.0106901749968529 0.0106557495892048 0.0108733763918281 0.0110332332551479 0.0110631557181478 0.0112183084711432 0.0112626999616623 0.0110732680186629 0.0105777457356453 0.00970811769366264 0.00905634928494692 0.00856326520442963 0.00801458675414324 0.00744288507848978 0.0063740061596036 0.00520739378407598 0.00400679092854261 0.00284733111038804 0.00210208329372108 0.00149317248724401 0.00136363005731255 0.00128657836467028
-9999 -9999 -9999 -9999 -9999 -9999 -9999 -9999 -9999 -9999 -9999 -9999 -9999 -9999 0.0114016467705369 0.0113405864685774 0.01131780911237 -9999 0.0112775666639209 0.0110095096752048 0.0107548013329506 0.0107307629659772 0.0106840124353766 0.0106557495892048 0.0109311463311315 0.0111404312774539 0.0110730333253741 0.0108596747741103 0.0103381825610995 0.0096611650660634 0.00879406463354826 0.00820845272392035 0.00782787520438433 0.00741653935983777 0.00699246674776077 0.00617610476911068 0.00528262834995985 0.00423670839518309 0.00320585141889751 0.00237728818319738 0.00168813380878419 0.00148914684541523 0.00135628285352141
-9999 -9999 0.00959792267531157 -9999 -9999 -9999 -9999 -9999 -9999 -9999 -9999 -9999 -9999 -9999 -9999 -9999 -9999 -9999 0.0112800551578403 0.0112576130777597 0.0110243149101734 0.0107788387686014 0.0107307629659772 0.010665524750948 0.0110075231641531 0.0112227099016309 0.0109071787446737 0.0104083698242903 0.00952264480292797 0.00865060929208994 0.00779530359432101 0.00728533649817109 0.00702690845355392 0.00676393928006291 0.00649909023195505 0.00595707120373845 0.00536056747660041 0.00448472425341606 0.00359575520269573 0.0026796218007803 0.00190527690574527 0.00162946770433336 0.00143488799221814
-9999 0.00959792267531157 0.00958445481956005 0.0095517709851265 0.00953430216759443 -9999 -9999 -9999 -9999 -9999 -9999 -9999 -9999 -9999 0.011097613722086 0.0114642344415188 -9999 -9999 -9999 0.0112501000985503 0.0112732611596584 0.0110886134207249 0.0108269155025482 0.0108517007902265 0.0110983420163393 0.0111831165850163 0.0105904573574662 0.0098381619900465 0.00874886102974415 0.00790771190077066 0.00736985448747873 0.0070081353187561 0.00677471235394478 0.00651601096615195 0.00624684151262045 0.00576720526441932 0.00524619640782475 0.0044794175773859 0.00369817833416164 0.00286458968184888 0.0021400498226285 0.00179893046151847 0.00155277852900326
0.00950792618095875 0.00959778297692537 0.0095867095515132 0.0095554031431675 0.00951320119202137 0.00951008591800928 -9999 -9999 -9999 -9999 -9999 -9999 -9999 -9999 0.0109823970124125 0.0113198729231954 0.0114642344415188 -9999 -9999 0.0111583694815636 0.0112513434141874 0.0114100705832243 0.0112239737063646 0.0110343545675278 0.0111382640898228 0.0110609056428075 0.0102249253541231 0.00926740746945143 0.00805331114679575 0.0072682211175561 0.00700746430084109 0.00677039427682757 0.00655057840049267 0.00628725718706846 0.00600591907277703 0.00558440666645765 0.00513533921912313 0.00447965273633599 0.0038082879036665 0.00305850827135146 0.00238485657609999 0.00197887537069619 0.00167941255494952
0.00959958974272013 0.00962365046143532 0.009593416005373 0.0095554031431675 0.00951320119202137 0.00950385630130768 0.00953453686088324 0.00955040380358696 -9999 -9999 -9999 -9999 -9999 -9999 -9999 0.0113248219713569 0.0114835081622005 0.0114642344415188 0.0113405864685774 0.0111583694815636 0.0112513434141874 0.0114100705832243 0.0113186128437519 0.0111981183290482 0.0109051754698157 0.0104955481365323 0.00959758087992668 0.00869371462613344 0.00777739565819502 0.00718338834121823 0.00698331091552973 0.00674431258812547 0.00647696480154991 0.00616135075688362 0.00582574820145965 0.00543951569125056 0.00504333060234785 0.00450961478054523 0.00395962689071894 0.0033004351425916 0.00268348236568272 0.00221504434011877 0.00185294554103166
0.00961845926940441 0.0096320454031229 0.00960581563413143 0.00957239326089621 0.00953509844839573 0.00953587889671326 0.00954748783260584 0.00955092534422874 -9999 -9999 -9999 -9999 0.010239283554256 0.0106089869514108 0.010998060926795 0.01141372974962 0.0115626743063331 0.0114933932200074 0.011374001391232 0.0112308720126748 0.0113112647086382 0.0114450650289655 0.0114022791385651 0.0113094365224242 0.0106645952910185 0.00996787752956152 0.00905405636876822 0.00821966864168644 0.0075529720634222 0.00710929557681084 0.00693819532170892 0.00669378601014614 0.00639597978442907 0.00605476927012205 0.00569558329880238 0.00533483410254121 0.00497377756983042 0.00453373929485679 0.00407799379900098 0.00349738053046167 0.00293201534077525 0.00242026406340301 0.00201131706126034
0.00945533905178308 0.00959676038473845 0.00963244680315256 0.00963186006993055 0.00961174163967371 0.00958285667002201 0.00955147854983807 0.00955092534422874 0.00955279730260372 0.00953498855233192 0.00957373529672623 0.00990017410367727 0.010239283554256 0.0106089869514108 0.010998060926795 0.01141372974962 0.0115697626024485 0.0115133691579103 0.0114909540861845 0.0114846350625157 0.0115209929645061 0.011567547917366 0.0114585151895881 0.0112896356731653 0.0104052815586329 0.00953442975878716 0.00872008688747883 0.00799474213272333 0.00745728053152561 0.00706205517053604 0.00684067187830806 0.00658214557915926 0.00629656529054046 0.00599650014191866 0.00569043634459376 0.0053306776098907 0.00496036419644952 0.0045432704500854 0.00411392888054252 0.00358186941593885 0.00305531336925924 0.00254810811020434 0.00213178410194814
0.00915301125496626 0.00945583544671535 0.00963539630174637 0.00974467676132917 0.00981611385941505 0.00980805605649948 0.00977739039808512 0.00973960664123297 0.00970349740236998 0.00973226968199015 0.00980010721832514 0.0100666712969542 0.0103384898975492 0.0106229986995459 0.0109193306416273 0.0112318946048617 0.0113362139090896 0.0112701542675495 0.0112378867343068 0.0112216267734766 0.0111744403839111 0.0111198639497161 0.010952040553093 0.0107294796034694 0.0098234610632062 0.00895837601274252 0.00826460681855679 0.00765556655824184 0.0072253979742527 0.00687551312148571 0.00662375008687377 0.00636445451527834 0.00609967205673456 0.00583956902846694 0.00558140408247709 0.00524420710280538 0.0048914747312665 0.00450179120525718 0.00410153530538082 0.00361136440187693 0.0031201986130327 0.00262553431093693 0.00221227831207216
0.00865386892110109 0.00916555244475603 0.0096048628911376 0.00993291940540075 0.0102010713890195 0.0102852284908295 0.010317056439817 0.010195049457252 0.0100672598928213 0.0102084698155522 0.0103465290740132 0.0104685639962554 0.0105779562145472 0.0106568206101656 0.0107292886823416 0.0107929762452841 0.0107624493539333 0.0106548378244042 0.0104616787284613 0.0102279977872968 0.0100414073094726 0.00986606907099485 0.00964999757707119 0.00940535962581635 0.00878567341715097 0.00818070489913225 0.00763733265921474 0.00715486379340291 0.00680096773430705 0.00649202382192016 0.00623802049085498 0.00599682657048106 0.00576496263965964 0.00554314907640219 0.0053254971280694 0.00504135899245739 0.0047441516071558 0.00438819313421845 0.00402081292122602 0.00356310838833451 0.00310249906033278 0.00263167801313102 0.002236258238554
0.007506113499403 0.00806524325162172 0.00863238610327244 0.00914346426725388 0.00962435454130173 0.00988286640495062 0.0100781330838799 0.0100368438288569 0.00997903291136026 0.0101289125159383 0.0102615859359503 0.0103067336603999 0.0103255491703749 0.0102807814255357 0.0101916026324034 0.0100414538756013 0.00988117698580027 0.00971261505037546 0.00940618384629488 0.00903444830328226 0.0087655009701848 0.0085211144760251 0.00833060219883919 0.00813137553632259 0.0077514392323792 0.00736970780417323 0.00698046199977398 0.00662589119747281 0.00634452095255256 0.00608717743307352 0.00585919944569468 0.00564373563975096 0.00543738761916757 0.00523888040333986 0.00504362024366856 0.00479271169751883 0.00453086383640766 0.00421239575371146 0.00388300837948918 0.00346743385307491 0.00304552726447582 0.00260135717689991 0.00222693150863051
0.00581214902922511 0.00628279568627477 0.00686668092384934 0.00753067061305046 0.00823779311031103 0.00873983185738325 0.0091835455968976 0.00936187244951725 0.00951017625629902 0.00958134233951569 0.00964495912194252 0.00967018119990826 0.00965892523527145 0.00955959130078554 0.00936115998774767 0.00902668014168739 0.00874094758182764 0.00849509797990322 0.00811549741774797 0.00767254084348679 0.00736927799880505 0.00709939282387495 0.00699659390375018 0.00689961016178131 0.00672019692137837 0.00653064623475075 0.00629866821691394 0.00607311213389039 0.00586111284792423 0.0056643458083272 0.00548619590699673 0.00530288740992546 0.00511582056060433 0.00492800259962678 0.00473987311124802 0.00450549507513642 0.00426202593371272 0.00398421892896295 0.00369713339023292 0.00333182769827545 0.00295548373833299 0.00254032830707729 0.00218955636955798
0.00451186392456293 0.00485078617930412 0.00531747099012136 0.00590366777032614 0.00655421707779169 0.00707772187888622 0.00756509555503726 0.00778943486511707 0.00798065681010485 0.00800466444343328 0.00803795736283064 0.00811848044395447 0.00817425362765789 0.00817026570439339 0.00805325992405415 0.00778109580278397 0.00753467949107289 0.00730932923033834 0.00699975294992328 0.00665028020739555 0.00639139115810394 0.00615414511412382 0.00605407217517495 0.0059627084992826 0.00586094334721565 0.00575268734246492 0.00561726745218039 0.00548279378563166 0.00535031780600548 0.0052184984087944 0.00508748274296522 0.00493481149896979 0.00476636784151196 0.00457216473296285 0.00436729425564408 0.00412200996652246 0.00386878196150064 0.00362818408757448 0.00338279106654227 0.00308598345145583 0.00277618994005024 0.00242073694244027 0.00211699842475355
