Ecospace-environmental-drivers/Outputs/ASCII-for-ecospace/MOM6-ISIMIP3a/phyc/1987-07_phyc_MOM6-ISIMIP3a.asc
NCOLS 131 
NROWS 53 
XLLCORNER -98 
YLLCORNER 23.9265270233154 
CELLSIZE 0.133587792515755 
NODATA_value -9999 
[rows 19 to 37 of 53, columns 86 to 128 of 131]
0.00183729093987495 0.00162385741714388 0.00138926052022725 0.00120101007632911 0.00104274798650295 0.000969302374869585 0.000926324166357517 0.000914617092348635 0.000907820125576109 0.000900312035810202 0.000891265051905066 0.000871121417731047 0.000846708950120956 0.000809489982202649 0.000766832148656249 0.000715246656909585 0.000672888825647533 0.000639498583041131 0.000666820036713034 0.00072893057949841 0.00100578519050032 0.00134886743035167 0.00188275193795562 0.00246676034294069 0.00429391069337726 0.00607095425948501 0.00756407342851162 0.00869258958846331 0.00887689925730228 -9999 -9999 -9999 -9999 -9999 -9999 -9999 -9999 -9999 -9999 -9999 -9999 -9999 -9999
0.00181608460843563 0.00161142693832517 0.00138118781615049 0.00120118062477559 0.00105367612559348 0.000980745069682598 0.000934602052439004 0.000919095647986978 0.000908399815671146 0.000903695239685476 0.000897926511242986 0.000884146487805992 0.000866182497702539 0.000835666782222688 0.000798371445853263 0.000749947445001453 0.00070099113509059 0.000651517359074205 0.00063228711951524 0.000630386988632381 0.000740406569093466 0.000884942477568984 0.00127745897043496 0.00172183394897729 0.00317530333995819 0.00462932325899601 0.00608646403998137 0.00710207736119628 0.00697427662089467 -9999 -9999 -9999 -9999 -9999 -9999 -9999 -9999 -9999 -9999 -9999 -9999 -9999 -9999
0.00178744434379041 0.00159509154036641 0.00137365399859846 0.00120469671674073 0.0010696966201067 0.000996201997622848 0.000944801198784262 0.000923816172871739 0.000907606969121844 0.000905360444448888 0.000902592903003097 0.000895329401828349 0.00088426360161975 0.000861791020724922 0.000831853831186891 0.000789663637988269 0.000739068258553743 0.000680304481647909 0.000636889308225363 0.00060226913774386 0.000621062412392348 0.000656328571494669 0.00091360550140962 0.00121227488853037 0.00218447833321989 0.00320038013160229 0.00446389522403479 0.00560214789584279 -9999 -9999 -9999 -9999 -9999 -9999 -9999 -9999 -9999 -9999 -9999 -9999 -9999 -9999 -9999
0.00175106560345739 0.00158807612024248 0.00139410083647817 0.00124310026876628 0.00111990608274937 0.00103919021785259 0.000973733200225979 0.000938655575737357 0.000908348127268255 0.000904359563719481 0.000900599698070437 0.000897125632036477 0.000890589493792504 0.000874867546372116 0.000852146069519222 0.000817935157101601 0.000774157524574548 0.000721082789823413 0.000669944274704903 0.000619915197603405 0.000610521878115833 0.000613660726230592 0.000786225020419806 0.000989714870229363 0.00167695502750576 0.00240631471388042 0.00337434094399214 0.00407134927809238 0.0040665096603334 0.0043565877713263 -9999 -9999 -9999 -9999 -9999 -9999 -9999 -9999 -9999 -9999 -9999 -9999 -9999
0.00171409058384597 0.00158217828720808 0.00141766690649092 0.00128509325440973 0.00117318495176733 0.00108470674604177 0.00100464490242302 0.000954808201640844 0.000909717346075922 0.000903328356798738 0.000897955673281103 0.000897922844160348 0.000895577308256179 0.000886293826624751 0.00087056343909353 0.000844250724185258 0.000807833333965391 0.0007615961949341 0.000704561418388039 0.000641339342109859 0.000609312031883746 0.000586905283853412 0.000680682540405542 0.000795213389210403 0.0012207591207698 0.00168426963500679 0.0023629053030163 0.002794697182253 0.00258724438026547 0.00303367059677839 0.00326438760384917 -9999 -9999 -9999 -9999 -9999 -9999 -9999 -9999 -9999 -9999 -9999 -9999
0.00167709600646049 0.00158289086539298 0.00145718280691653 0.00134203163906932 0.0012337111402303 0.00113699375651777 0.00104444462340325 0.000979784643277526 0.000919503916520625 0.000905181572306901 0.000893025426194072 0.000894151104148477 0.000893406744580716 0.000887052447069436 0.000874787103384733 0.000852819008287042 0.000821978726889938 0.000782516377512366 0.000728837971109897 0.000667013577185571 0.000623954809270799 0.00058668345445767 0.000635316595435143 0.000699395139236003 0.000998024246655405 0.00134473678190261 0.00196391204372048 0.00241858651861548 0.00244725798256695 0.00240290397778153 0.00248398631811142 -9999 -9999 -9999 -9999 -9999 -9999 -9999 -9999 -9999 -9999 -9999 -9999
0.0016340910224244 0.00157564273104072 0.0014867220306769 0.0013892010319978 0.00128611526452005 0.00118349294643849 0.00108103698585182 0.00100370810832828 0.000930324720684439 0.000907807552721351 0.000888542097527534 0.000890156487002969 0.000890442577656358 0.000886744004674256 0.000877606100402772 0.000859539548400789 0.000833735859487206 0.000800413079559803 0.000750494131352752 0.00069106527371332 0.000638557481579483 0.000588184280786663 0.000596714729908854 0.00061592145357281 0.000799863366410136 0.0010381150059402 0.00158410868607461 0.00202075112611055 0.00217420980334282 0.00223418208770454 -9999 -9999 -9999 -9999 -9999 -9999 -9999 -9999 -9999 -9999 -9999 -9999 -9999
0.00156473205424845 0.00153348944149911 0.00147251563612372 0.00139353633858263 0.0013029066612944 0.00120461313053966 0.00110356649383903 0.00102301430888474 0.000945680076256394 0.000913821742869914 0.000886018096935004 0.000885184155777097 0.000883998407516629 0.000881756946910173 0.000874266028404236 0.000858158164191991 0.000835020968224853 0.000805052521172911 0.000760660215746611 0.000708002713508904 0.000652984483167529 0.000597238191403449 0.0005877711228095 0.000586574897170067 0.000709453306626529 0.000875798694323748 0.00128844729624689 0.00168722297530621 0.00205007242038846 0.00226518814451993 -9999 -9999 -9999 -9999 -9999 -9999 -9999 -9999 -9999 -9999 -9999 -9999 -9999
0.00149754795711488 0.00148328940849751 0.00144353765062988 0.00138033996336162 0.00130197172984481 0.00121094007045031 0.00111535959877074 0.0010357063729316 0.000958553981035948 0.000919093668926507 0.000884192471858114 0.000880316249094903 0.000877063488587737 0.000875681289471686 0.00086935207946226 0.000854902493301779 0.000834101578220725 0.000807128380984068 0.000767866498790681 0.000721562944818288 0.000665671192109585 0.000606822490226477 0.000582990236580372 0.000565303489565849 0.000636359793134034 0.000741248892154545 0.00103784899692982 0.00138584908563644 0.00186695833690464 0.00210357247851789 -9999 -9999 -9999 -9999 -9999 -9999 -9999 -9999 -9999 -9999 -9999 -9999 -9999
0.00143510906491429 0.00141553219873458 0.00138232996687293 0.00132889184169471 0.00126236013602465 0.00118499028030783 0.00110372714698315 0.00103396736085415 0.000966013874858618 0.000922746025025845 0.000883890665136278 0.000875675876159221 0.000869057956151664 0.000867230526637286 0.000861004169564694 0.000847557210363448 0.000828372139949352 0.000803610717412084 0.000768614874687046 0.000727754435501993 0.000674560898914933 0.000617563724517822 0.000587291549891233 0.000561650667805225 0.000601048581302166 0.000667281332425773 0.00088557176059112 0.00115463125985116 0.00155516632366925 0.00182223808951676 -9999 -9999 -9999 -9999 -9999 -9999 -9999 -9999 -9999 -9999 -9999 -9999 -9999
0.00138833757955581 0.00136616488453001 0.00133589399047196 0.00128839944954962 0.00122976023703814 0.00116246659308672 0.00109206407796592 0.00103031110484153 0.000969916174653918 0.000924456166103482 0.000883113709278405 0.000870785035658628 0.000860855274368078 0.000858122133649886 0.000851570977829397 0.000838752661366016 0.000820987450424582 0.000798414926975965 0.000767626042943448 0.000732128974050283 0.000683401594869792 0.000630593916866928 0.000595731718931347 0.000564018439035863 0.000577761849854141 0.000611901574302465 0.000761616043746471 0.000965117418672889 0.00130790937691927 0.0016969459829852 0.00215331977233291 -9999 -9999 -9999 -9999 -9999 -9999 -9999 -9999 -9999 -9999 -9999 -9999
0.00136127672158182 0.00133993348572403 0.00130804197397083 0.00126169016584754 0.00120598170906305 0.0011442534159869 0.00108036259189248 0.00102424260694534 0.000969342887401581 0.000923722865991294 0.00088173890253529 0.000865579000674188 0.000852404627948999 0.000848186493385583 0.000840772408992052 0.000828112126328051 0.000811520323622972 0.000791107944678515 0.000764451688155532 0.000734217639546841 0.000692180707119405 0.000646503758616745 0.000609378912486136 0.000573960540350527 0.00056960282381624 0.000579906918574125 0.000673291215207428 0.000828070449642837 0.00114184257108718 0.00155354721937329 0.00210785237140954 0.00236520520411432 -9999 -9999 -9999 -9999 -9999 -9999 -9999 -9999 -9999 -9999 -9999
0.00131781480740756 0.00130605953745544 0.00127826235257089 0.00123632303439081 0.00118523300625384 0.00112824654206634 0.00106914201751351 0.0010161668760702 0.000964154140092432 0.00091939081903547 0.000877882353961468 0.000859546009451151 0.000844356312882155 0.000838606618344784 0.000830230768769979 0.000817544001620263 0.000801896210759878 0.000783370865974575 0.000760775699745864 0.000735848385374993 0.000700644799508154 0.00066227198112756 0.000625194748863578 0.000588700349908322 0.000571717915590852 0.000565435504540801 0.000619783822912723 0.00073708692798391 0.0010174224153161 0.00143541791476309 0.00205386127345264 0.00233657378703356 0.00232832552865148 0.00232452503405511 -9999 -9999 -9999 -9999 -9999 -9999 -9999 -9999 -9999
0.00126205175183713 0.00126645341515541 0.00124703708570451 0.00121196254622191 0.00116675649769604 0.0011138942791149 0.00105828198138624 0.00100658542942256 0.00095550378318876 0.000912359624635428 0.000872164557222277 0.00085289275739342 0.000836609862744808 0.000829293567221612 0.00081988179590553 0.000807030242867768 0.000792154402006418 0.000775311316829175 0.00075672339880839 0.000737135589588434 0.000708872568793595 0.000677933974657208 0.000642637140117586 0.000607038440648466 0.000581538770347834 0.000564106740057468 0.000592389900702983 0.000680651457514614 0.000924237596336752 0.001336240908131 0.00199347781017423 0.00230633094906807 0.00232072453945875 -9999 -9999 -9999 -9999 -9999 -9999 -9999 -9999 -9999 -9999
0.00119207834359258 0.00121189199853688 0.00120281660929322 0.00117526401299983 0.00113575579598546 0.00108787964563817 0.0010369976516813 0.000987294944934547 0.000937777571380138 0.000898506259545684 0.000861925596836954 0.000844278489239514 0.000828956312034279 0.000820608867798001 0.000810074037872255 0.000795948784798384 0.00078075093915686 0.000764510768931359 0.000748953956644982 0.000733788823708892 0.000711093714926392 0.000686076295096427 0.000654344912618399 0.00062189158052206 0.000593256670981646 0.000570291536860168 0.000579454062972218 0.000640104291960597 0.000834091100841761 0.00121858390048146 0.00188047403935343 0.00296245911158621 0.00440851878374815 0.00400164676830173 0.00489397346973419 -9999 -9999 -9999 -9999 -9999 -9999 -9999 -9999
0.00111601455137134 0.00115092098712921 0.00115302670747042 0.00113327766302973 0.00109938764944673 0.00105686672031879 0.00101124541833997 0.000963843369390815 0.000916161632630974 0.000881729065440595 0.000849749019835144 0.000834823760669678 0.000821342517156154 0.000812193378806114 0.00080049829557538 0.000784624135121703 0.000768635421991348 0.000752535474020988 0.000739591487217695 0.000728456012438983 0.000710740510839969 0.000690995831973851 0.000663595041260123 0.000635251053608954 0.000605787616223097 0.000579696497879922 0.000572714605368674 0.000606366491410881 0.000745246768929064 0.00109300680924207 0.00174491840880364 0.00286240153945982 0.0043833707459271 0.00489397346973419 0.005602918099612 0.00681756576523185 -9999 -9999 -9999 -9999 -9999 -9999 -9999
0.001041604205966 0.00108354457188398 0.00109406490810215 0.00108113419264555 0.00105302943848073 0.00101691856980324 0.000977931777015328 0.000935297226533294 0.000892089912667871 0.000862593820784241 0.000835383485537022 0.000823997426778078 0.000813033722806722 0.000803337024990469 0.000790744263213128 0.000773397739976645 0.000756430032197386 0.000739830546081066 0.000726864847820252 0.000715981412213296 0.000701254000887275 0.000685341190546751 0.000662211736198515 0.000638178258668631 0.000612404954154044 0.000588418275583535 0.000574555655475706 0.000589369738008827 0.000678447191603482 0.000926218752283603 0.00140506611205637 0.00229352293536067 0.00353696662932634 0.00509721552953124 0.00681756576523185 0.00689451117068529 -9999 -9999 -9999 -9999 -9999 -9999 -9999
0.000967535888776183 0.00101484288461506 0.00103320542257279 0.00102688907645643 0.00100460427347571 0.000975121685769409 0.000943053513765335 0.00090569700114429 0.000867510098032653 0.00084297067951411 0.000820565037429333 0.000812887272331864 0.000804581039119512 0.000794389401562512 0.000780953385401517 0.000762191717512906 0.000744206074159592 0.000726974685676396 0.000713442161213607 0.000702029152307659 0.000689877779223025 0.000677498755976558 0.000658628414385021 0.000638947007246315 0.00061779870884493 0.000596998725086451 0.000578172039240599 0.00057583674788475 0.000616208650171757 0.000750904087908566 0.00102294469252229 0.0016276448732242 0.00252064364030957 0.00436576455831528 0.00669205328449607 0.00717391446232796 -9999 -9999 -9999 -9999 -9999 -9999 -9999
0.000912363932002336 0.000956504663918167 0.000975342351011932 0.000972985522821546 0.000956914853304625 0.000935048912651837 0.000911101175006479 0.000879081315360963 0.000845793983899057 0.000825493189040571 0.000807161792181432 0.000802402850240469 0.000796292501036078 0.000786127813626081 0.000773093895986676 0.000755350163672119 0.00073785986751318 0.000720615789759904 0.000705016544088721 0.000690359680447727 0.000677131989505142 0.000664344988763332 0.000649042252916843 0.000633431773167104 0.000617555750068277 0.000601727108005434 0.000586166570428759 0.000579057028517127 0.000593832693994045 0.000671740912366658 0.00084157707169652 0.00125996686983854 0.00189376494381577 0.00324196857400239 0.00495120696723461 0.00532297557219863 -9999 -9999 -9999 -9999 -9999 -9999 -9999
