Ecospace-environmental-drivers/Outputs/ASCII-for-ecospace/MOM6-ISIMIP3a/phyc/1987-05_phyc_MOM6-ISIMIP3a.asc
NCOLS 131 
NROWS 53 
XLLCORNER -98 
YLLCORNER 23.9265270233154 
CELLSIZE 0.133587792515755 
NODATA_value -9999 
[rows 19 to 37 of 53, columns 0 to 43 of 131]
-9999 -9999 -9999 -9999 -9999 -9999 -9999 -9999 0.00514547014608979 0.00555860623717308 0.00554227689281106 0.00557306315749884 0.00593537930399179 0.00661694956943393 0.00634406181052327 0.00575630506500602 0.00554213300347328 0.00558451795950532 0.00538054993376136 0.00508145615458488 0.00446169869974256 0.00378535431809723 0.00366370100528002 0.0035629509948194 0.0035351796541363 0.00350744277238846 0.00347981811501086 0.00345292477868497 0.00342730828560889 0.0034011930692941 0.00337456515990198 0.00335577153600752 0.00334175070747733 0.00333801680244505 0.00333771202713251 0.00334965344518423 0.0033633466809988 0.00338528421707451 0.00340570230036974 0.00341644533909857 0.00343212578445673 0.00346155138686299 0.00351240928284824 0.00359638966619968
-9999 -9999 -9999 -9999 -9999 -9999 -9999 -9999 0.00475649954751134 0.00512130465358496 0.00555860623717308 0.00549516081809998 0.00557306315749884 0.00561612565070391 0.00546796340495348 0.0050991578027606 0.00493737496435642 0.00491776410490274 0.00467212032526731 0.00433919718489051 0.00400746800005436 0.00367594975978136 0.00361865409649909 0.00357069983147085 0.00355055090039968 0.00352887529879808 0.0035022497177124 0.00347324786707759 0.00344009860418737 0.00339885102584958 0.00334927090443671 0.00331197888590395 0.00328217283822596 0.00327010778710246 0.00326395616866648 0.00326585047878325 0.00326894246973097 0.00328392651863396 0.00329596432857215 0.00328923994675279 0.00328386877663434 0.00328226364217699 0.00329367304220796 0.00332519575022161
-9999 -9999 -9999 -9999 -9999 -9999 0.005302210804075 0.00522398995235562 0.00503423484042287 0.00475649954751134 0.00504880771040916 0.00555860623717308 0.00535381305962801 0.004743792116642 0.00437283469364047 0.00427772011607885 0.00418142415583134 0.00408431747928262 0.00398321636021137 0.00388057273812592 0.00380834890529513 0.00374149344861507 0.00370390457101166 0.00366833154112101 0.00364421564154327 0.00361813721247017 0.00358569412492216 0.00354870525188744 0.00350378430448472 0.00344179896637797 0.00336225517094135 0.00330115109682083 0.00325128063559532 0.00323140760883689 0.00322153349407017 0.0032165702432394 0.00321241817437112 0.00322671537287533 0.0032371524721384 0.00322300847619772 0.00320667354390025 0.00318423938006163 0.00316635426133871 0.00315549969673157
-9999 -9999 -9999 -9999 -9999 -9999 0.00531315756961703 0.005302210804075 0.00514576956629753 0.0049324594438076 0.00475649954751134 0.00483131688088179 0.00475488184019923 0.00437916163355112 0.00415984680876136 0.004120999481529 0.004064432810992 0.00399569747969508 0.0039267186075449 0.00385764613747597 0.00379908597096801 0.00374238099902868 0.00371042033657432 0.00367906806059182 0.00364826945587993 0.00361677259206772 0.00358301121741533 0.00354571361094713 0.00350224459543824 0.00343661778606474 0.0033481908030808 0.00328020635060966 0.00322467554360628 0.00320177292451262 0.00318974582478404 0.00318460678681731 0.00318050337955356 0.00318802590481937 0.00319372490048409 0.00318781123496592 0.00318034761585295 0.00316856964491308 0.00315372063778341 0.00313412514515221
-9999 -9999 -9999 -9999 0.00627910485491157 0.00563749205321074 0.00532679446041584 0.00531046791002154 0.005302210804075 0.00498932786285877 0.00468180002644658 0.00439476873725653 0.00417288113385439 0.00407989555969834 0.0040255761705339 0.00401587132364511 0.00399082293733954 0.00395523803308606 0.00390900578349829 0.00385866197757423 0.0037949422840029 0.00372886192053556 0.00370098208077252 0.00367283844389021 0.00363552803173661 0.00359893124550581 0.00356464763171971 0.00352837517857552 0.00348863145336509 0.00342297507449985 0.00333065516315401 0.00325917173177004 0.00320038199424744 0.00317485257983208 0.00316040962934494 0.00315491599030793 0.00315069174394011 0.00315100234001875 0.00315166567452252 0.00315457652322948 0.00315683498047292 0.00315727689303458 0.00314768240787089 0.00312257674522698
-9999 -9999 -9999 -9999 0.00774186290800571 0.00641026999801397 0.00594818918034434 0.00532679446041584 0.0053023979999125 0.00499190064147115 0.0047072721645236 0.00452166050672531 0.00435220869258046 0.00421473244205117 0.00407044030725956 0.00391828315332532 0.00382196926511824 0.00376400561071932 0.00372850685380399 0.00370168266817927 0.00363426981493831 0.00355969415977597 0.00352822686545551 0.00349695072509348 0.00345940073020756 0.00342424749396741 0.00339686474762857 0.00337388529442251 0.00335858995094895 0.00333080650307238 0.00329017359763384 0.0032494948245585 0.00320878811180592 0.00318121747113764 0.00315802544355392 0.0031407424248755 0.0031243481207639 0.00311795552261174 0.00311265815980732 0.00311433593742549 0.00311517249792814 0.00311366817913949 0.00310489605180919 0.00308489263989031
-9999 -9999 -9999 -9999 -9999 0.00774186290800571 0.00662423437461257 0.00656958390027285 0.00540981534868479 0.00512030906975269 0.00485658273100853 0.00469153327867389 0.00451277801766992 0.004306904040277 0.0040638935752213 0.00377803412266076 0.00360864214599133 0.00351923401467502 0.00349243241362274 0.00348980538547039 0.00342380744405091 0.00334662641398609 0.00331672839820385 0.00328763830475509 0.00325665413402021 0.0032296918798238 0.00321577023714781 0.00321013736538589 0.00321896909736097 0.0032267312053591 0.00323339249007404 0.00322249508462846 0.00320090143941343 0.00317531125620008 0.00314838881604373 0.00312269432470202 0.00309726060368121 0.00308445026166737 0.00307314703240991 0.00307144224643707 0.00306976609863341 0.00306816911324859 0.00306102936156094 0.00304532400332391
-9999 -9999 -9999 -9999 -9999 0.00799150671809912 0.00774186290800571 0.00685869622975588 0.00598740437999368 0.00580047257244587 0.00554889254271984 0.00504986476153135 0.00459109852090478 0.0042119980789721 0.00383192440494895 0.00345072825439274 0.0032003119122237 0.00303970836102962 0.0030126734636724 0.0030372142791748 0.00299503025598824 0.00294107128866017 0.00293535133823752 0.00293176830746233 0.00293718976899981 0.00294800498522818 0.00297630834393203 0.00300579494796693 0.00303734675981104 0.00307044736109674 0.00310514192096889 0.00311954040080309 0.00312157487496734 0.00311559881083667 0.00310695264488459 0.00308765843510628 0.00306691275909543 0.00304893543943763 0.00303142843768001 0.00301691656932235 0.00300794187933207 0.00301438197493553 0.00301242549903691 0.00299749313853681
-9999 -9999 0.00849889125674963 0.00844847876578569 0.00840683095157146 0.00824144575744867 0.00799121055752039 0.00731443660333753 0.00664950208738446 0.00638667959719896 0.00600727833807468 0.00518166227266192 0.0044704801402986 0.0039857286028564 0.00353416288271546 0.00312088872306049 0.00283299572765827 0.00263120792806149 0.00259048468433321 0.00261195446364582 0.002586500486359 0.00255276588723063 0.00257939356379211 0.00260982755571604 0.00266096484847367 0.00271611660718918 0.00278428383171558 0.00284475879743695 0.00289181037805974 0.00293880281969905 0.00298573425970972 0.0030149957165122 0.003033492481336 0.0030398084782064 0.00304206437431276 0.00303394347429276 0.00302429846487939 0.00300215440802276 0.00298065482638776 0.00296325911767781 0.00295216334052384 0.00295860623009503 0.00295630958862603 0.00294050667434931
-9999.000000000000000 -9999 -9999 -9999 0.00869716051965952 0.00857221521437168 0.00872465502470732 0.00813373457640409 0.00749598536640406 0.00676788669079542 0.00595527747645974 0.00481919571757317 0.00391580490395427 0.00347284297458827 0.00309285242110491 0.00278552086092532 0.00255516590550542 0.00237767398357391 0.00229390547610819 0.00224632676690817 0.00222214730456471 0.00220209709368646 0.00227889721281826 0.00236191577278078 0.00247908197343349 0.00259288074448705 0.00269576045684516 0.00277821021154523 0.00282500800676644 0.00286091677844524 0.00288562080822885 0.00290698162280023 0.00292630586773157 0.00292893825098872 0.00292600668035448 0.00293947313912213 0.00295492145232856 0.00293079274706542 0.00291012483648956 0.00291149597615004 0.00290957558900118 0.00289849191904068 0.00288380333222449 0.00286354310810566
-9999 -9999 -9999 -9999 0.00906818173825741 0.00927781965583563 0.0092318058013916 0.00870068185031414 0.00810383167117834 0.00703561631962657 0.00592204136773944 0.00463485065847635 0.00362341711297631 0.00315763056278229 0.00278806313872337 0.00252951704896986 0.00233078026212752 0.0021731173619628 0.00206622830592096 0.001978944754228 0.001958929002285 0.00195078377146274 0.00207104301080108 0.00219808961264789 0.00235826498828828 0.00250608962960541 0.00261386879719794 0.00269233505241573 0.00271964725106955 0.00272813928313553 0.00271726516075432 0.00272582587786019 0.00274622649885714 0.00273897428996861 0.00272250478155911 0.00276602688245475 0.00281732250005007 0.00279662129469216 0.0027823110576719 0.00280870124697685 0.00281988782808185 0.00278875115327537 0.00276343035511672 0.00274709751829505
-9999 -9999 -9999 -9999 0.00931616500020027 0.00935450941324234 0.00940185692161322 0.00895015336573124 0.00841145496815443 0.00716058211401105 0.00591241382062435 0.00467459671199322 0.0036610085517168 0.00309110712260008 0.00265502836555243 0.00237335963174701 0.00217363238334656 0.00203017774038017 0.0019252352649346 0.00183516379911453 0.00182294636033475 0.00182446779217571 0.00197974033653736 0.00214004935696721 0.00231427350081503 0.00246514938771725 0.00254032085649669 0.0025821456220001 0.0025657769292593 0.00252630305476487 0.00246305484324694 0.00245265197008848 0.00247444189153612 0.00244950433261693 0.00240899086929858 0.00249322247691453 0.00259389518760145 0.00258342991583049 0.00258242944255471 0.00264170439913869 0.00267094490118325 0.00261657638475299 0.00258283736184239 0.00258098007179797
-9999 -9999 -9999 -9999 0.00935450941324234 0.00941182393580675 0.00947910454124212 0.00907066650688648 0.0085690151900053 0.00722633022814989 0.00589746842160821 0.0046215164475143 0.0035705475602299 0.00296475761570036 0.00251651811413467 0.00225006719119847 0.00206658337265253 0.00194007670506835 0.00183787138666958 0.00174504972528666 0.00173208501655608 0.0017332126153633 0.00189377402421087 0.00205683102831244 0.0022115926258266 0.00233541359193623 0.00235891318880022 0.00235139927826822 0.00228976388461888 0.00221089040860534 0.00211428012698889 0.00209716591052711 0.00212848046794534 0.0021001324057579 0.00205189711414278 0.00214897841215134 0.00226533645763993 0.00226947572082281 0.0022831775713712 0.00235777720808983 0.00240255706012249 0.00236432533711195 0.00234869960695505 0.00236801011487842
-9999 -9999 -9999 -9999 0.0094151459634304 0.00947910454124212 0.00902028474956751 0.00909445993602276 0.00861402601003647 0.00724766403436661 0.00587853556498885 0.00449881562963128 0.00338404602371156 0.00279353791847825 0.00237390142865479 0.00215142359957099 0.00199710903689265 0.0018896049587056 0.00179072981700301 0.00169518659822643 0.00167506525758654 0.00166825344786048 0.00181181018706411 0.00195472897030413 0.00206489395350218 0.00213908054865897 0.00209660991095006 0.00203023431822658 0.00192214257549495 0.0018102943431586 0.00169458077289164 0.00167994515504688 0.00172688544262201 0.00170583371073008 0.00166211801115423 0.0017511541955173 0.00185792823322117 0.0018799485405907 0.00190939707681537 0.00198615132831037 0.00204458436928689 0.00205201609060168 0.00207440252415836 0.00211990042589605
-9999 -9999 -9999 -9999 0.00947910454124212 0.00876457430422306 0.00859419070184231 0.00843690894544125 0.00835783407092094 0.00681106047704816 0.00532170757651329 0.00405213469639421 0.00305196433328092 0.00258486461825669 0.00225456408225 0.00208210805431008 0.00195177260320634 0.00185036333277822 0.00174972403328866 0.00164938205853105 0.00161401182413101 0.00159010698553175 0.00168625672813505 0.00178136618342251 0.00184590031858534 0.00187799416016787 0.0018049031496048 0.00172259705141187 0.00162420992273837 0.00153334205970168 0.00145021150819957 0.00144249422010034 0.00148071791045368 0.00147099373862147 0.00144528714008629 0.00150838890112936 0.00158343114890158 0.00161208887584507 0.00164604152087122 0.00171371316537261 0.00177944882307202 0.0018397948006168 0.00188696873374283 0.00191378605086356
-9999 -9999 -9999 -9999 -9999 0.00798371341079473 0.0079647172242403 0.00825120229274035 0.00797255244106054 0.00617819465696812 0.00453434977680445 0.00346660311333835 0.00265748985111713 0.00236013950780034 0.00214520376175642 0.00202536187134683 0.00191678130067885 0.0018159345490858 0.00171134783886373 0.00160531711298972 0.00155122962314636 0.00150630867574364 0.00154202175326645 0.00157746265176684 0.00159592262934893 0.00158915598876774 0.00150059477891773 0.00142075750045478 0.00135614420287311 0.00130938098300248 0.00128098495770246 0.00128208857495338 0.00130116287618876 0.00130449433345348 0.00130257813725621 0.00133207847829908 0.00136589678004384 0.00139637349639088 0.00143001182004809 0.00148378498852253 0.00155410100705922 0.00167046871501952 0.00173676258418709 0.00172567018307745
-9999 -9999 -9999 -9999 -9999 0.00727249961346388 0.00739223230630159 0.00720604043453932 0.00712461676448584 0.00544473063200712 0.00394803518429399 0.00315251480787992 0.00254760426469147 0.00231985724531114 0.00214362097904086 0.00202682032249868 0.0019142251694575 0.00180451804772019 0.00169194547925144 0.00157826649956405 0.00150730565655977 0.00144388317130506 0.00144047441426665 0.00143772887531668 0.00142955989576876 0.00140838883817196 0.00134505948517472 0.00129333813674748 0.00126187375281006 0.00124224531464279 0.00123479566536844 0.00124150654301047 0.00125684379599988 0.00126801012083888 0.0012777860974893 0.00129725656006485 0.00131809082813561 0.00134223082568496 0.00136876967735589 0.00141058431472629 0.00146180123556405 0.00153919134754688 0.00157747988123447 0.00155533920042217
-9999 -9999 -9999 -9999 -9999 0.00646700849756598 0.00646054884418845 0.00671945372596383 0.00618095742538571 0.00469045294448733 0.00340331671759486 0.00289458828046918 0.00249660038389266 0.00231773615814745 0.00216433731839061 0.00204032147303224 0.00191837991587818 0.00179786281660199 0.00167646876070648 0.0015547361690551 0.00146728334948421 0.0013858798192814 0.00134775915648788 0.00131127191707492 0.00128049729391932 0.0012499816948548 0.00122030545026064 0.00120200647506863 0.00120356178376824 0.00120755704119802 0.00121406291145831 0.00122571608517319 0.00124050513841212 0.00125842611305416 0.00127739110030234 0.00129170890431851 0.00130540190730244 0.00132151786237955 0.00133955315686762 0.00136981089599431 0.00139702914748341 0.00141578633338213 0.00141631928272545 0.00138868775684386
-9999 -9999 -9999 -9999 -9999 -9999 0.00554824434220791 0.00545615237206221 0.00535702612251043 0.00420901319012046 0.00321391643956304 0.0028041189070791 0.00247629755176604 0.00231068441644311 0.00216214405372739 0.00203330302610993 0.0019077860051766 0.00178455165587366 0.00166143116075546 0.00153835455421358 0.00144634523894638 0.00135981827042997 0.00131690863054246 0.00127603102009743 0.00124412763398141 0.00121581892017275 0.00119916559197009 0.00119014375377446 0.00119443971198052 0.00119938503485173 0.00120499834883958 0.00121572776697576 0.00122957385610789 0.00124255497939885 0.00125524785835296 0.00126623886171728 0.00127697770949453 0.00128537707496434 0.00129517295863479 0.00131386308930814 0.00132510857656598 0.00131563015747815 0.00130413169972599 0.00128951156511903
