Ecospace-environmental-drivers/Outputs/ASCII-for-ecospace/MOM6-ISIMIP3a/phyc/1988-07_phyc_MOM6-ISIMIP3a.asc
NCOLS 131 
NROWS 53 
XLLCORNER -98 
YLLCORNER 23.9265270233154 
CELLSIZE 0.133587792515755 
NODATA_value -9999 
[rows 19 to 37 of 53, columns 86 to 128 of 131]
0.00214597512967885 0.00205116765573621 0.00196459144353867 0.0018862544093281 0.00181324873119593 0.00174195738509297 0.00167128187604249 0.00160618720110506 0.00154196878429502 0.00148034759331495 0.00141471717506647 0.00131994404364377 0.00121394032612443 0.00107424531597644 0.000939381774514914 0.000812449143268168 0.000718176539521664 0.000655643409118056 0.000687877298332751 0.000774414744228125 0.00121136254165322 0.001756377867423 0.00344845210202038 0.00528714479878545 0.00753575563430786 0.00946439057588577 0.00957990344613791 0.00965975597500801 0.00964725762605667 -9999 -9999 -9999 -9999 -9999 -9999 -9999 -9999 -9999 -9999 -9999 -9999 -9999 -9999
0.0020975770894438 0.0020267297513783 0.00195501302368939 0.00188399956095964 0.00181344128213823 0.00174184038769454 0.00166986486874521 0.00160349381621927 0.0015380026306957 0.00148344237823039 0.00142650713678449 0.00135182158555835 0.00126547738909721 0.00114415818825364 0.00101796141825616 0.000883758417330682 0.000767869525589049 0.000669778499286622 0.000642741098999977 0.000656418967992067 0.000913287745788693 0.00124515732750297 0.00257710856385529 0.00405373005196452 0.00665651727467775 0.00893493555486202 0.00937534030526876 0.00969365052878857 0.00969577766954899 -9999 -9999 -9999 -9999 -9999 -9999 -9999 -9999 -9999 -9999 -9999 -9999 -9999 -9999
0.00204003998078406 0.0019942126236856 0.00193806539755315 0.00187514408025891 0.00180783960968256 0.00173647282645106 0.00166364677716047 0.0015957843279466 0.00152870127931237 0.00148035679012537 0.00143134943209589 0.00137657194864005 0.00131071056239307 0.00121159909758717 0.00109813362360001 0.000961106678005308 0.000829291471745819 0.000702541205100715 0.000630328373517841 0.000589366653002799 0.000690394779667258 0.000835212995298207 0.00174302887171507 0.00278266984969378 0.00566086824983358 0.0082367779687047 0.00909978989511728 0.00971861369907856 -9999 -9999 -9999 -9999 -9999 -9999 -9999 -9999 -9999 -9999 -9999 -9999 -9999 -9999 -9999
0.00193199457135051 0.00190128746908158 0.00185652042273432 0.00180349475704134 0.00174512539524585 0.00168121396563947 0.00161531160119921 0.0015530101954937 0.00149127410259098 0.00144997984170914 0.00140904157888144 0.00136961543466896 0.00132106686942279 0.00124515185598284 0.00114984111860394 0.00102269265335053 0.000891274074092507 0.00075570575427264 0.000662562961224467 0.000593731005210429 0.000628391921054572 0.000694970367476344 0.00128514622338116 0.00197259965352714 0.00423284852877259 0.00638743489980698 0.00794329214841127 0.00906496960669756 0.009062260389328 0.00858145952224731 -9999 -9999 -9999 -9999 -9999 -9999 -9999 -9999 -9999 -9999 -9999 -9999 -9999
0.00181649078149348 0.00179986411239952 0.00176599447149783 0.00172303838189691 0.00167420308571309 0.0016186471330002 0.00156067695934325 0.00150494428817183 0.00144956295844167 0.00141576724126935 0.00138324522413313 0.00135881593450904 0.0013272378128022 0.00127421354409307 0.00119741377420723 0.00108158681541681 0.000952365167904645 0.000810126541182399 0.000698736985214055 0.000605024746619165 0.000582350126933306 0.00058158376486972 0.000872132484801114 0.00122449826449156 0.0028032201807946 0.0044760312885046 0.00668199080973864 0.00799096748232841 0.00697705103084445 0.00744406133890152 0.00725223496556282 -9999 -9999 -9999 -9999 -9999 -9999 -9999 -9999 -9999 -9999 -9999 -9999
0.00164203310851008 0.00163489545229822 0.00160927278921008 0.00157696614041924 0.00154033466242254 0.00149882223922759 0.00145555660128593 0.00141407013870776 0.00137286284007132 0.00135290366597474 0.00133434915915132 0.00132485118228942 0.00130861881189048 0.00127218361012638 0.00121288863010705 0.00111606961581856 0.000998033327050507 0.000859377963934094 0.000743240350857377 0.000640005921013653 0.000595452496781945 0.000568996474612504 0.000721964868716896 0.000913773605134338 0.0018959017470479 0.00300187151879072 0.00480958120897412 0.00615274207666516 0.00629287213087082 0.00573118356987834 0.00534929288551211 -9999 -9999 -9999 -9999 -9999 -9999 -9999 -9999 -9999 -9999 -9999 -9999
0.00146305304951966 0.00146638974547386 0.00144979497417808 0.00142845674417913 0.00140404910780489 0.00137638940941542 0.00134756171610206 0.00131999398581684 0.00129262427799404 0.00128677196335047 0.00128246704116464 0.0012882377486676 0.00128749827854335 0.0012672288576141 0.00122498604469001 0.00114667473826557 0.00104009732604027 0.000906050554476678 0.000786271528340876 0.000674668292049319 0.000610461051110178 0.000560870859771967 0.00059616140788421 0.000650563451927155 0.00111250404734164 0.00171661609783769 0.00312633323483169 0.00409546587616205 0.00392362801358104 0.0044001741334796 -9999 -9999 -9999 -9999 -9999 -9999 -9999 -9999 -9999 -9999 -9999 -9999 -9999
0.00126424431800842 0.001282375655137 0.00127823266666383 0.00126926100347191 0.00125716486945748 0.00124252110254019 0.00122696219477803 0.0012118787271902 0.00119686999823898 0.00120631011668593 0.00121749273966998 0.00124001118820161 0.00125540990848094 0.00124944956041873 0.00122227484825999 0.00116027717012912 0.00106635747943074 0.000941415491979569 0.000822847709059715 0.000707932398654521 0.000633827585261315 0.000572308781556785 0.000577187805902213 0.00059569108998403 0.000872464792337269 0.00125965394545346 0.00227250438183546 0.0031250468455255 0.00356244249269366 0.00382175343111157 -9999 -9999 -9999 -9999 -9999 -9999 -9999 -9999 -9999 -9999 -9999 -9999 -9999
0.00108310079667717 0.00111192872282118 0.0011195206316188 0.00112189096398652 0.00112088269088417 0.00111808371730149 0.00111464131623507 0.00111102138180286 0.00110737339127809 0.00112973025534302 0.00115418515633792 0.00119246693793684 0.00122313585598022 0.00123096653260291 0.00121785351075232 0.00117036211304367 0.00108843052294105 0.000973029586020857 0.000855908379890025 0.000737801368813962 0.000655938929412514 0.000585254456382245 0.000566615024581552 0.000557260937057436 0.000686709419824183 0.000895168981514871 0.00155133986845613 0.00224482151679695 0.00303492578677833 0.00336636463180184 -9999 -9999 -9999 -9999 -9999 -9999 -9999 -9999 -9999 -9999 -9999 -9999 -9999
0.000940500583965331 0.000971083471085876 0.000988845713436604 0.00100032275076956 0.00100773281883448 0.0010142233222723 0.00102038355544209 0.00102599954698235 0.0010315302060917 0.00106162042357028 0.00109451403841376 0.0011464114068076 0.00119045691099018 0.00121094798669219 0.0012097010621801 0.00117277202662081 0.00110136775765568 0.000996459857560694 0.000881298794411123 0.000760262424591929 0.000675311661325395 0.000601489853579551 0.000574371719267219 0.00055470532970503 0.000619393424130976 0.000732455926481634 0.0011196288978681 0.00156138592865318 0.00214449805207551 0.00257364101707935 -9999 -9999 -9999 -9999 -9999 -9999 -9999 -9999 -9999 -9999 -9999 -9999 -9999
0.000835674698464572 0.000862924323882908 0.000884244742337614 0.000899808714166284 0.000911648035980761 0.000924826948903501 0.000938487064559013 0.000951681984588504 0.000964803795795888 0.00100048002786934 0.00103968044277281 0.00110320432577282 0.00115875597111881 0.0011903919512406 0.00119954894762486 0.00117180740926415 0.00111000565811992 0.00101510353852063 0.000902501051314175 0.000779755820985883 0.000692825007718056 0.000616939447354525 0.000584916502702981 0.000559158099349588 0.000579118728637695 0.000625828397460282 0.000824110058601946 0.00108603900298476 0.00151279382407665 0.00190225150436163 0.00223740027286112 -9999 -9999 -9999 -9999 -9999 -9999 -9999 -9999 -9999 -9999 -9999 -9999
0.000778372050262988 0.000795887084677815 0.000812446931377053 0.000825782772153616 0.000837032683193684 0.00085362745448947 0.000872142263688147 0.000890831055585295 0.000909547146875411 0.000948107626754791 0.000990932807326317 0.00106358097400516 0.00112828554119915 0.00116915965918452 0.00118688098154962 0.0011665973579511 0.00111323466990143 0.00102772528771311 0.000918434234336019 0.000795515719801188 0.000707999104633927 0.000631400616839528 0.00059896893799305 0.000572427932638675 0.00057286414084956 0.000589761126320809 0.000699932221323252 0.000872484699357301 0.00120658474043012 0.00161968136671931 0.00214780541136861 0.0023930030874908 -9999 -9999 -9999 -9999 -9999 -9999 -9999 -9999 -9999 -9999 -9999
0.000736612011678517 0.000747952552046627 0.000760330294724554 0.000771145743783563 0.000780950300395489 0.000798566965386271 0.000818989821709692 0.000841565895825624 0.000864479981828481 0.000904733024071902 0.000949742097873241 0.00102825940120965 0.0010992392199114 0.00114760687574744 0.00117229472380131 0.00115811242721975 0.00111201393883675 0.00103489914909005 0.000929106376133859 0.000806880532763898 0.000719319679774344 0.000642449595034122 0.00061160244513303 0.000586588983424008 0.000575787853449583 0.000575439888052642 0.000634324213024229 0.000754175067413598 0.00103190960362554 0.00146347749978304 0.00211904314346611 0.00242895842529833 0.00243931659497321 0.00244408939033747 -9999 -9999 -9999 -9999 -9999 -9999 -9999 -9999 -9999
0.000706509163137525 0.000714345253072679 0.000722974829841405 0.000731050618924201 0.000738767965231091 0.000755610875785351 0.000775731867179275 0.000800990150310099 0.000827055016998202 0.000868106784764677 0.000914219010155648 0.000996164046227932 0.00107126089278609 0.0011258136946708 0.00115626968909055 0.00114717124961317 0.00110745592974126 0.00103798694908619 0.000935832620598376 0.000814948987681419 0.000727750011719763 0.000650939531624317 0.000623171683400869 0.00060141843277961 0.000585595378652215 0.000577428436372429 0.000612644129432738 0.000707299914211035 0.000955886265728623 0.00140204944182187 0.00213590590283275 0.00246693752706051 0.00244886195287108 -9999 -9999 -9999 -9999 -9999 -9999 -9999 -9999 -9999 -9999
0.000681374978739768 0.000688219908624887 0.000695757509674877 0.000702650344464928 0.000709126004949212 0.000724940386135131 0.000744109391234815 0.000770563550759107 0.00079816160723567 0.000838895386550575 0.000884783104993403 0.00096727634081617 0.00104400108102709 0.0011034207418561 0.00113861996214837 0.00113406218588352 0.00109897996298969 0.00103423360269517 0.000935467309318483 0.00081720674643293 0.000731617561541498 0.00065610435558483 0.000630902824923396 0.000611846975516528 0.000597750651650131 0.000588096969295293 0.000603617227170616 0.000674399663694203 0.000888293085154146 0.00134744972456247 0.00216373614966869 0.00366422231309116 0.00575766805559397 0.00510937580838799 0.00646045617759228 -9999 -9999 -9999 -9999 -9999 -9999 -9999 -9999
0.00065837032161653 0.000665301166009158 0.000672885216772556 0.000679262331686914 0.000684858590830117 0.000699535245075822 0.000717473682016134 0.000744486693292856 0.00077292462810874 0.000812861835584044 0.00085795612540096 0.000939763325732201 0.00101704907137901 0.00108077062759548 0.00112027407158166 0.00112002401147038 0.00108882470522076 0.00102754833642393 0.000932062626816332 0.000816974206827581 0.000733529624994844 0.000659844139590859 0.000636989076156169 0.000620389415416867 0.000610912102274597 0.000602485612034798 0.000600013241637498 0.000647488748654723 0.000824312854092568 0.00129577645566314 0.00219626701436937 0.00371534377336502 0.00577051658183336 0.00646045617759228 0.00668027624487877 0.00737660331651568 -9999 -9999 -9999 -9999 -9999 -9999 -9999
0.000641565711703151 0.000647912966087461 0.000655665644444525 0.000662204460240901 0.000667957821860909 0.000681795412674546 0.000698536925483495 0.00072502507828176 0.000753043685108423 0.000791200320236385 0.000834504258818924 0.000914521981030703 0.000991272856481373 0.00105822365731001 0.00110075308475643 0.00110319559462368 0.00107347150333226 0.00101248756982386 0.000919485930353403 0.000808137585408986 0.000729423307348043 0.000660773424897343 0.000641525548417121 0.000628341222181916 0.000621349026914686 0.000613846234045923 0.000603449938353151 0.000632400973699987 0.000763248710427433 0.00114159705117345 0.00188033282756805 0.00313974032178521 0.0048503871075809 0.00620376924052835 0.00737660331651568 0.0074114603921771 -9999 -9999 -9999 -9999 -9999 -9999 -9999
0.000626043940428644 0.000631669070571661 0.000639615638647228 0.00064645626116544 0.000652581278700382 0.00066564156441018 0.000681193138007075 0.000706932216417044 0.000734270957764238 0.00077044329373166 0.000811750709544867 0.000889750604983419 0.00096574000781402 0.00103569787461311 0.00108098902273923 0.00108578987419605 0.00105704297311604 0.000995693844743073 0.000905011547729373 0.000797520740889013 0.000724071695003659 0.000661121273878962 0.000645741354674101 0.000636170851066709 0.00063122232677415 0.000624580425210297 0.000608343339990824 0.000619759375695139 0.000702787889167666 0.000966208870522678 0.00149230076931417 0.00243446696549654 0.00373722310177982 0.00539741292595863 0.00723823765292764 0.00761954067274928 -9999 -9999 -9999 -9999 -9999 -9999 -9999
0.000615418597590178 0.000620091333985329 0.000626845518127084 0.000633522227872163 0.000640148704405874 0.000652376154903322 0.000666615611407906 0.000691816909238696 0.000718739465810359 0.000753113650716841 0.000792538223322481 0.000868114526383579 0.000942813523579389 0.00101488037034869 0.00106166815385222 0.00106696074362844 0.00103636155836284 0.000970882421825081 0.000881396583281457 0.000778154411818832 0.000713609799277037 0.000660999561659992 0.000651288719382137 0.000646744156256318 0.000643053324893117 0.000637695600744337 0.000622892868705094 0.000624599575530738 0.000669060565996915 0.000851687684189528 0.00123549974523485 0.00193024659529328 0.00289446418173611 0.00407818844541907 0.00537284277379513 0.00565977813676 -9999 -9999 -9999 -9999 -9999 -9999 -9999
