Ecospace-environmental-drivers/Outputs/ASCII-for-ecospace/MOM6-ISIMIP3a/phyc/1989-01_phyc_MOM6-ISIMIP3a.asc
NCOLS 131 
NROWS 53 
XLLCORNER -98 
YLLCORNER 23.9265270233154 
CELLSIZE 0.133587792515755 
NODATA_value -9999 
[rows 19 to 37 of 53, columns 44 to 87 of 131]
0.00436790473759174 0.00461285095661879 0.00491744419559836 0.00525415409356356 0.00548507552593946 0.00568591058254242 0.00577933667227626 0.00586325395852327 0.00598728191107512 0.00608110334724188 0.00602126773446798 0.00592713430523872 0.00575018348172307 0.00573612982407212 0.00594571232795715 0.00617730291560292 0.00642689922824502 0.00638554012402892 0.00620636157691479 0.00588194606825709 0.00552282854914665 0.00517022144049406 0.00484114047139883 0.00484796985983849 0.00486310245469213 0.00491298642009497 0.00490259844809771 0.00476497132331133 0.00462464522570372 0.0044810208491981 0.00437284074723721 0.00429047690704465 0.00423716893419623 0.00419589411467314 0.00416391948238015 0.00413377303630114 0.00405242294073105 0.00398205034434795 0.0040374374948442 0.00408141780644655 0.00408529071137309 0.00402046833187342 0.00382807198911905 0.00353202712722123
0.00368817360140383 0.00393119035288692 0.00423739291727543 0.00457761716097593 0.00480904802680016 0.00500953802838922 0.00509293237701058 0.00516599509865046 0.00528371194377542 0.00535854185000062 0.00521521223708987 0.0050652758218348 0.00489938817918301 0.0049054310657084 0.00514751207083464 0.00540046114474535 0.00566230295225978 0.00561833754181862 0.00542951794341207 0.00508119305595756 0.00469475612044334 0.00435110740363598 0.00403076549991965 0.00400685984641314 0.00400548614561558 0.00409840885549784 0.00413565430790186 0.00405536172911525 0.00397031009197235 0.00387944211252034 0.00381991150788963 0.00378320645540953 0.00376888969913125 0.00376384449191391 0.00379699934273958 0.00383766298182309 0.00382355228066444 0.00381493102759123 0.00387975363992155 0.00392979523167014 0.00392786739394069 0.00384550378657877 0.00361376255750656 0.00330226449295878
0.00299072917550802 0.00322328973561525 0.00353341270238161 0.00388529966585338 0.00413277093321085 0.00435054628178477 0.00442891754209995 0.00449448637664318 0.00459966249763966 0.00464902492240071 0.00441446853801608 0.00420773075893521 0.00406816368922591 0.00409318786114454 0.00434417370706797 0.00460312515497208 0.00486859399825335 0.00483251409605145 0.00465359771624207 0.00431439466774464 0.00393689284101129 0.00364613486453891 0.00337364780716598 0.00328035955317318 0.00322443363256752 0.00332487234845757 0.00338595220819116 0.00336394226178527 0.00333430781029165 0.00329535501077771 0.00328236655332148 0.00328828999772668 0.00330546637997031 0.00332730263471603 0.00342735112644732 0.00354277435690165 0.00360131007619202 0.00365914846770465 0.00373075716197491 0.00378269632346928 0.00376547710038722 0.00365559570491314 0.00337363034486771 0.0030419765971601
0.00260911299847066 0.00276030995883048 0.0029633620288223 0.00319433561526239 0.0033638272434473 0.00351583352312446 0.00360758625902236 0.00369444931857288 0.00381581159308553 0.00389406690374017 0.00375304487533867 0.00365510792471468 0.00366120436228812 0.00374603550881147 0.00393895898014307 0.00413002027198672 0.00431955745443702 0.00429811142385006 0.00417672703042626 0.00393327046185732 0.00366064673289657 0.00345943262800574 0.00326926470734179 0.0031684641726315 0.00308592640794814 0.00307982042431831 0.00306043610908091 0.00301302061416209 0.00294305686838925 0.00284553435631096 0.00277007929980755 0.00271069793961942 0.00270356656983495 0.00271807401441038 0.00283282250165939 0.00296727567911148 0.00309931300580502 0.00323444744572043 0.00340071297250688 0.00352558633312583 0.00350492191500962 0.00337898079305887 0.00305752898566425 0.00272033084183931
0.00225388212129474 0.00232125236652792 0.00241210241802037 0.00251559540629387 0.00260046171024442 0.00268003065139055 0.00278350850567222 0.00289054401218891 0.00302756018936634 0.00313603389076889 0.00309931579977274 0.00311888079158962 0.00327434693463147 0.00342333526350558 0.00356343062594533 0.0036877179518342 0.0037990715354681 0.0037947332020849 0.00373559445142746 0.00359319662675261 0.00343090551905334 0.00331862084567547 0.0032100616954267 0.00310572981834412 0.00299893133342266 0.00288180960342288 0.00277750636450946 0.00270026386715472 0.00258311349898577 0.00241718674078584 0.00227005407214165 0.0021366102155298 0.00210041040554643 0.00210448261350393 0.00222643371671438 0.00237155705690384 0.00257169222459197 0.00277945143170655 0.0030417877715081 0.00324128661304712 0.00321984593756497 0.00308221974410117 0.00272882403805852 0.00239132577553391
0.00193312985356897 0.00196603778749704 0.00200091139413416 0.00203684344887733 0.00204676738940179 0.00204929453320801 0.00211379933170974 0.0021859547123313 0.00229338672943413 0.00238493760116398 0.00239570252597332 0.00246613449417055 0.00268063833937049 0.00291374535299838 0.00317239225842059 0.00334212300367653 0.00343910488300025 0.00348414503969252 0.0035045815166086 0.00344093423336744 0.00335719645954669 0.00327716255560517 0.00319475145079195 0.00307403760962188 0.00294630159623921 0.00278917793184519 0.00265884026885033 0.00258504995144904 0.00242909975349903 0.00217273319140077 0.00194030103739351 0.0017253024270758 0.0016523003578186 0.00163810385856777 0.00170980393886566 0.00179838924668729 0.00197636894881725 0.00216591474600136 0.00243610865436494 0.00264797476120293 0.00265475665219128 0.00256308657117188 0.0022885799407959 0.00201877183280885
0.00165275589097291 0.00165863812435418 0.00165005982853472 0.00163369509391487 0.0015866591129452 0.00153090024832636 0.00155975739471614 0.00159855466336012 0.00167187850456685 0.00174044480081648 0.0017848095158115 0.00188746524509043 0.00213087070733309 0.00241694366559386 0.00276159378699958 0.00296675274148583 0.00305778416804969 0.00315540796145797 0.00325615424662828 0.00327225145883858 0.0032681233715266 0.00321560888551176 0.00315411319024861 0.00301027996465564 0.00286155007779598 0.00269232899881899 0.00255127414129674 0.00246968073770404 0.00227528810501099 0.00194303214084357 0.00164434767793864 0.00137011613696814 0.00126987905241549 0.00124169909395278 0.0012695393525064 0.00130839180201292 0.00145388452801853 0.00161298352759331 0.00186642131302506 0.00206991797313094 0.00209781946614385 0.00204863795079291 0.00185630540363491 0.00166079087648541
0.00154942902736366 0.00156089442316443 0.00156378105748445 0.00156204868108034 0.00153690052684397 0.0015050929505378 0.00151288392953575 0.0015249972930178 0.00154437578748912 0.00156337826047093 0.0015804679132998 0.00163360266014934 0.00177377229556441 0.00197621551342309 0.00226415181532502 0.00246082548983395 0.00258283060975373 0.00274709216319025 0.0029313697014004 0.00303157116286457 0.00311168376356363 0.00306594208814204 0.00300241867080331 0.00280592520721257 0.00263595534488559 0.00257698888890445 0.00249237800016999 0.00235362979583442 0.00212236237712204 0.00177801726385951 0.00149659579619765 0.00126100680790842 0.00117548485286534 0.00115211075171828 0.00116411480121315 0.00118307338561863 0.00125077809207141 0.00132578983902931 0.00145454739686102 0.0015587517991662 0.00157662609126419 0.00155472988262773 0.00145897560287267 0.00136670819483697
0.00146724935621023 0.00148308102507144 0.00149459624662995 0.00150378700345755 0.00149733375292271 0.00148643122520298 0.00148045259993523 0.00147453555837274 0.00145667628385127 0.0014411712763831 0.00143764168024063 0.00145136716309935 0.00150675664190203 0.00162916851695627 0.0018435928504914 0.00201833015307784 0.00216059619560838 0.00236598285846412 0.00260126846842468 0.00275025493465364 0.00287862168624997 0.00285215419717133 0.00280424603261054 0.0025990882422775 0.00243075657635927 0.00241654668934643 0.00234797247685492 0.0021646311506629 0.00192049902398139 0.00160206819418818 0.00135995168238878 0.00117342139128596 0.00110479630529881 0.00108499987982213 0.00108430290129036 0.00108736043330282 0.00109913409687579 0.00111341790761799 0.00114906986709684 0.00117899139877409 0.00118876434862614 0.00118721241597086 0.00116462854202837 0.00114991946611553
0.00143120961729437 0.00144875305704772 0.00146270741242915 0.00147472927346826 0.00148000405170023 0.00148336007259786 0.00147953163832426 0.00147446477785707 0.00145582156255841 0.00143865961581469 0.00142903323285282 0.00142541143577546 0.00143628846853971 0.00148652063217014 0.00159078184515238 0.0017142336582765 0.00185338663868606 0.00204423326067626 0.00225956621579826 0.00238027703016996 0.00247837975621223 0.00249846302904189 0.00250466470606625 0.00238683493807912 0.00227005989290774 0.00215769861824811 0.00201699789613485 0.00181647087447345 0.0016118612838909 0.00140226236544549 0.00124754337593913 0.0011327980319038 0.00108583038672805 0.00106693175621331 0.00106037396471947 0.00105624215211719 0.00105977326165885 0.00106429611332715 0.00107573356945068 0.00108593911863863 0.00109181308653206 0.0010954609606415 0.00109497481025755 0.00110177474562079
0.00140923005528748 0.00143030029721558 0.00144325732253492 0.00145184574648738 0.00146123114973307 0.00147084321361035 0.00146607856731862 0.0014594258973375 0.00144152750726789 0.00142431340645999 0.0014105795416981 0.00139628164470196 0.00138062157202512 0.00138434139080346 0.00141466746572405 0.00148742308374494 0.00159489340148866 0.00175165943801403 0.00193177571054548 0.00203321455046535 0.00211585476063192 0.00216644327156246 0.00220711133442819 0.00213543558493257 0.00204629055224359 0.00188403530046344 0.00171586975920945 0.00153522717300802 0.00138096534647048 0.00125894614029676 0.0011716780718416 0.00110972207039595 0.00107900123111904 0.00106121588032693 0.00105034827720374 0.00104084052145481 0.00103827018756419 0.00103595177643001 0.00103358551859856 0.0010326657211408 0.00103683210909367 0.00104358640965074 0.00105514645110816 0.0010732855880633
0.00140493921935558 0.00143181974999607 0.00143945589661598 0.00143672991544008 0.00144064240157604 0.00144644279498607 0.00143685925286263 0.0014255556743592 0.00141032587271184 0.00139507825952023 0.00137973995879292 0.00136315857525915 0.00134357577189803 0.00133307534269989 0.00133504346013069 0.00135784409940243 0.00139768933877349 0.00149579090066254 0.00162148731760681 0.00171498104464263 0.00180078053381294 0.00186168809887022 0.00191210897173733 0.00183478684630245 0.00174317078199238 0.00159173330757767 0.0014522906858474 0.00133817014284432 0.00124787469394505 0.00118669855874032 0.00114178692456335 0.00110872217919677 0.00108744110912085 0.00107104005292058 0.00105781387537718 0.00104521168395877 0.00103923340793699 0.00103374745231122 0.00103067478630692 0.00102943752426654 0.001034653512761 0.00104188011027873 0.00105284107849002 0.00106952479109168
0.00140639045275748 0.001438218052499 0.00144167232792825 0.00142984883859754 0.00142841634806246 0.00142993906047195 0.00141729321330786 0.00140307541005313 0.00138557504396886 0.00136816035956144 0.00135118199978024 0.00133264402393252 0.00131034036166966 0.00129143963567913 0.00127721077296883 0.0012738088844344 0.00127926538698375 0.00133563077542931 0.00141611066646874 0.00148669548798352 0.00155491603072733 0.00160834740381688 0.00165256310719997 0.00157743599265814 0.00149584119208157 0.0013871785486117 0.00129300216212869 0.001229407498613 0.00118370214477181 0.00115986110176891 0.00113997072912753 0.00112295802682638 0.00110633263830096 0.00108986755367368 0.00107577862218022 0.00106215686537325 0.00105386029463261 0.0010460204211995 0.00104071537498385 0.00103737530298531 0.00104094413109124 0.00104629131965339 0.00105494109448045 0.0010688528418541
0.00141214812174439 0.00144827540498227 0.00144840206485242 0.00142914371099323 0.00142246240284294 0.00141935795545578 0.0014049670426175 0.0013891375856474 0.00136566220317036 0.00134298030752689 0.00132433522958308 0.00130408583208919 0.00127996259834617 0.00125702703371644 0.00123572163283825 0.00122393190395087 0.00121992744971067 0.00124725291971117 0.00128941889852285 0.00132587167900056 0.00136095948982984 0.00139356788713485 0.00141960999462754 0.00135255907662213 0.00129035499412566 0.00124843511730433 0.0012119326274842 0.00118686677888036 0.00117121881339699 0.00116708176210523 0.00115921115502715 0.0011486210860312 0.00113306299317628 0.00111544749233872 0.00110161793418229 0.00108853273559362 0.00107873522210866 0.00106915167998523 0.00106046942528337 0.00105368753429502 0.00105358695145696 0.00105529057327658 0.00106034497730434 0.00107049744110554
0.00143187609501183 0.00146018492523581 0.00145857874304056 0.00144086463842541 0.00142978620715439 0.00142059498466551 0.00140436796937138 0.00138702010735869 0.00135885458439589 0.00133180269040167 0.0013104157987982 0.00128864997532219 0.00126596924383193 0.00124295044224709 0.00121946772560477 0.0012009342899546 0.00118645001202822 0.00119360361713916 0.00121100654359907 0.00122908712364733 0.00124732975382358 0.0012652522418648 0.00127917167264968 0.00123514549341053 0.00119819748215377 0.00119087239727378 0.00118506082799286 0.00118244462646544 0.00118205405306071 0.00118438364006579 0.00118017138447613 0.00117119401693344 0.00115482287947088 0.00113538978621364 0.00112118222750723 0.00110800203401595 0.00109660194721073 0.00108547962736338 0.00107642565853894 0.00106907484587282 0.0010677125537768 0.00106799998320639 0.00107135123107582 0.00107830774504691
0.00145759142469615 0.00147288816515356 0.00147023284807801 0.00145791110116988 0.00144280062522739 0.00142689701169729 0.00140879501122981 0.0013899685582146 0.0013576636556536 0.00132662628311664 0.00130203680600971 0.00127883802633733 0.001258997595869 0.00123758951667696 0.00121402903459966 0.00118945655412972 0.0011640558950603 0.00115483812987804 0.00115328573156148 0.0011597485281527 0.00116812635678798 0.00117399310693145 0.00117838301230222 0.0011637881398201 0.00115461007226259 0.0011681019095704 0.00118141702841967 0.00119435938540846 0.00120288296602666 0.00120600603986531 0.00120186863932759 0.0011924427235499 0.00117445271462202 0.00115291588008404 0.00113805721048266 0.00112451135646552 0.00111146527342498 0.00109889183659106 0.00109075417276472 0.00108406587969512 0.00108247366733849 0.00108229939360172 0.00108475831802934 0.00108876044396311
0.00153015658725053 0.00153824710287154 0.00153165135998279 0.00151714752428234 0.00148811005055904 0.00145493913441896 0.00142717687413096 0.00139970704913139 0.0013651855988428 0.00133182760328054 0.00130438746418804 0.00128022243734449 0.00126396550331265 0.00124193541705608 0.00121197965927422 0.00118086556904018 0.00114880385808647 0.00113412470091134 0.00112767925020307 0.00113236787728965 0.00113971682731062 0.00114188913721591 0.00114372838288546 0.00114589650183916 0.00115074228961021 0.00116679398342967 0.00118216464761645 0.00119609711691737 0.00120456621516496 0.00120635784696788 0.0011999512789771 0.0011875731870532 0.00116810959298164 0.00114571175072342 0.00112643465399742 0.00110777094960213 0.00109485012944788 0.00108275248203427 0.00107661949004978 0.0010718988487497 0.00107214448507875 0.00107376545201987 0.00107794080395252 0.00108376855496317
0.00161241495516151 0.00161450065206736 0.00160336610861123 0.00158511311747134 0.00154010124970227 0.00148747931234539 0.00144844606984407 0.00141085032373667 0.00137451034970582 0.00133917608764023 0.00130895827896893 0.00128392339684069 0.00127140351105481 0.00124828959815204 0.00121063145343214 0.00117287202738225 0.0011350295972079 0.00111714634113014 0.00110871740616858 0.00111366843339056 0.00112181657459587 0.00112202437594533 0.00112275686115026 0.00113906688056886 0.00115509238094091 0.00116992683615535 0.00118382077198476 0.00119572912808508 0.00120228796731681 0.00120230868924409 0.00119314808398485 0.0011772996513173 0.00115639274008572 0.00113339070230722 0.00110891577787697 0.00108415121212602 0.00107172201387584 0.00106049899477512 0.00105659570544958 0.00105411279946566 0.00105662399437279 0.00106050737667829 0.00106693874113262 0.0010755811817944
0.00166185654234141 0.00167716399300843 0.00167794525623322 0.00167090480681509 0.00162890320643783 0.00157695857342333 0.00151743507012725 0.00145741854794323 0.00140503898728639 0.00135468156076968 0.00131461094133556 0.00128188030794263 0.00126687297597528 0.00124289968516678 0.00120661722030491 0.0011683275224641 0.00112839543726295 0.00111023790668696 0.00110239430796355 0.00110471982043236 0.00110947492066771 0.00111369369551539 0.00111845461651683 0.00113164493814111 0.00114408216904849 0.00115336757153273 0.0011616584379226 0.00116784975398332 0.00117044488433748 0.00116864463780075 0.00115600263234228 0.001135463709943 0.00111276039388031 0.00108916067983955 0.00106207048520446 0.0010342940222472 0.00102554552722722 0.00101791764609516 0.00101435207761824 0.0010120237711817 0.00101404578890651 0.00101856852415949 0.00102773553226143 0.00103884085547179
