Ecospace-environmental-drivers/Outputs/ASCII-for-ecospace/MOM6-ISIMIP3a/phyc/1990-07_phyc_MOM6-ISIMIP3a.asc
NCOLS 131 
NROWS 53 
XLLCORNER -98 
YLLCORNER 23.9265270233154 
CELLSIZE 0.133587792515755 
NODATA_value -9999 
[rows 19 to 37 of 53, columns 0 to 42 of 131]
-9999 -9999 -9999 -9999 -9999 -9999 -9999 -9999 0.00488390354439616 0.00515887467190623 0.00515962019562721 0.00519782118499279 0.00557538028806448 0.00621448690071702 0.00596165889874101 0.00541710760444403 0.00508394837379456 0.00489596137776971 0.00481519196182489 0.00477582355961204 0.00425658980384469 0.00365267437882721 0.00338049069978297 0.0031359470449388 0.00306120095774531 0.00299761001951993 0.00297018769197166 0.00291265640407801 0.00280258199200034 0.00266309338621795 0.00249333819374442 0.00237442506477237 0.00228648469783366 0.00227586948312819 0.00229102908633649 0.00235601328313351 0.00242795213125646 0.00250941142439842 0.00259356177411973 0.00269484962336719 0.00279892887920141 0.00291077909059823 0.00302315014414489
-9999 -9999 -9999 -9999 -9999 -9999 -9999 -9999 0.0046364851295948 0.00485635129734874 0.00515887467190623 0.00512216426432133 0.00519782118499279 0.00531383231282234 0.00515924440696836 0.00469242781400681 0.00440974859520793 0.00425352388992906 0.00407692603766918 0.00389246083796024 0.00358008546754718 0.00324513809755445 0.00308977556414902 0.00294855795800686 0.00289244274608791 0.00283853244036436 0.00279177096672356 0.00271565839648247 0.00258832494728267 0.00243725976906717 0.0022617750801146 0.00214043189771473 0.00205207173712552 0.00204142951406538 0.00205669295974076 0.00211677281185985 0.00218307529576123 0.0022533752489835 0.00232478696852922 0.00240328046493232 0.00248186662793159 0.00256071169860661 0.00263497489504516
-9999 -9999 -9999 -9999 -9999 -9999 0.00678717670962214 0.0064877588301897 0.00574991153553128 0.0046364851295948 0.00477369409054518 0.00515887467190623 0.00500979647040367 0.00456573395058513 0.00415622116997838 0.00378657411783934 0.00356699479743838 0.00345047377049923 0.00332569796591997 0.00319773494265974 0.0030716669280082 0.00294593349099159 0.00288214441388845 0.00282167084515095 0.00277752382680774 0.0027296794578433 0.00266984687186778 0.00258467230014503 0.00245527410879731 0.0023043230175972 0.00213119457475841 0.00200572749599814 0.00190929567907006 0.0018866442842409 0.00188858609180897 0.00193218456115574 0.00198155594989657 0.00203312793746591 0.00208488060161471 0.0021377862431109 0.00219066860154271 0.00224348600022495 0.0022871985565871
-9999 -9999 -9999 -9999 -9999 -9999 0.0068274075165391 0.00678717670962214 0.00618834048509598 0.00538764428347349 0.0046364851295948 0.00452572200447321 0.0043314783833921 0.00397205073386431 0.0036535644903779 0.00338231865316629 0.00320807984098792 0.00310045992955565 0.00299966195598245 0.00290149776265025 0.00280848005786538 0.0027163706254214 0.00266342284157872 0.00261377706192434 0.00258450116962194 0.00255372980609536 0.00251810904592276 0.00246634520590305 0.00238641095347703 0.00229069520719349 0.00217874115332961 0.0020869777072221 0.00200751423835754 0.00197651260532439 0.00196166476234794 0.0019755840767175 0.00199348293244839 0.00201188889332116 0.00203017215244472 0.00204767496325076 0.00206636148504913 0.00208834372460842 0.00210682745091617
-9999 -9999 -9999 -9999 0.00746094156056643 0.00707198679447174 0.00688127987086773 0.0068137664347887 0.00678717670962214 0.00558950426056981 0.00453741056844592 0.00404252903535962 0.00363571918569505 0.00340317841619253 0.00319574843160808 0.00301729189231992 0.00288416282273829 0.00278216204605997 0.00270177889615297 0.00262974272482097 0.00255722808651626 0.00248462916351855 0.00243679340928793 0.0023930782917887 0.0023791822604835 0.0023665816988796 0.00235818163491786 0.0023430222645402 0.00231606746092439 0.00227882573381066 0.00223099929280579 0.00217551551759243 0.00211536674760282 0.00207733595743775 0.00204667798243463 0.00203072465956211 0.00201679184101522 0.00200122897513211 0.00198533595539629 0.00196734210476279 0.00195196049753577 0.00194385135546327 0.00193855771794915
-9999 -9999 -9999 -9999 0.0083466712385416 0.00754382740706205 0.00726269371807575 0.00688127987086773 0.00677284272387624 0.00539274234324694 0.00419360678642988 0.00368712842464447 0.00327453203499317 0.00304770190268755 0.00284269219264388 0.00266285985708237 0.00252357358112931 0.00241213222034276 0.00232871971093118 0.00225613010115921 0.00219161878339946 0.0021285330876708 0.00209375168196857 0.00206391327083111 0.00207010004669428 0.00207981374114752 0.00210096314549446 0.00212119333446026 0.00213981955312192 0.00214451993815601 0.00213489076122642 0.00211017695255578 0.00207627355121076 0.00204837159253657 0.00202247011475265 0.00199020118452609 0.00195697136223316 0.00191251665819436 0.00186831632163376 0.00182573648635298 0.00178917043376714 0.00176934525370598 0.00175747077446431
-9999 -9999 -9999 -9999 -9999 0.0083466712385416 0.00768466433510184 0.00764410803094506 0.00684187887236476 0.00530447950586677 0.00396978063508868 0.00341092981398106 0.00295774382539093 0.00271363789215684 0.00249776570126414 0.00231447070837021 0.0021688099950552 0.00204899441450834 0.00196184194646776 0.00188730226363987 0.00182944745756686 0.00177453702781349 0.00175155850593001 0.00173416454344988 0.00175748253241181 0.00178683560807258 0.00183575670234859 0.00188864290248603 0.00194844813086092 0.0019917490426451 0.0020180675201118 0.00202131480909884 0.00201050727628171 0.00198848755098879 0.00196273066103458 0.00191294809337705 0.00185974850319326 0.00179314857814461 0.00172780815046281 0.0016704888548702 0.00162156764417887 0.0015960248420015 0.00158181693404913
-9999 -9999 -9999 -9999 -9999 0.00833292305469513 0.0083466712385416 0.00786659866571426 0.00727646704763174 0.00569195579737425 0.00427202042192221 0.00348200974985957 0.00283563206903636 0.00247346283867955 0.00218848651275039 0.00199257885105908 0.00183959014248103 0.00171607569791377 0.00162206846289337 0.00153945514466614 0.00148235133383423 0.00142974907066673 0.00141308584716171 0.00140185770578682 0.00142936396878213 0.00146662711631507 0.00153552566189319 0.00160908163525164 0.00169076502788812 0.0017580158310011 0.00181041576433927 0.00182930752635002 0.00182778656017035 0.00179302971810102 0.00174719432834536 0.00167464604601264 0.00159852765500546 0.00153936387505382 0.00148430932313204 0.00145542423706502 0.00143286259844899 0.00142790342215449 0.00142998597584665
-9999 -9999 0.00835201051086187 0.00833836104720831 0.00831004977226257 0.00831915810704231 0.0083329388871789 0.00797263719141483 0.00749346101656556 0.00585110858082771 0.00435718614608049 0.00343139097094536 0.00267459684982896 0.00225220830179751 0.001933858031407 0.00173555198125541 0.00157622457481921 0.00144366559106857 0.00133799063041806 0.00124269677326083 0.00118292891420424 0.00112943036947399 0.00111763831228018 0.00111102254595608 0.00113993161357939 0.00118052051402628 0.00125897966790944 0.00134332489687949 0.00143794168252498 0.00152106489986181 0.00159236160106957 0.00162211444694549 0.00162655930034816 0.00158499437384307 0.0015280928928405 0.00145161128602922 0.00137268693652004 0.00133036391343921 0.00129292043857276 0.00128655147273093 0.00128375692293048 0.00129091285634786 0.00130238081328571
-9999.000000000000000 -9999 -9999 -9999 0.00838587433099747 0.00830094143748283 0.00829254649579525 0.00782459415495396 0.00723569700494409 0.00551209272816777 0.00396872824057937 0.00311524327844381 0.00242863688617945 0.00207223556935787 0.00179846910759807 0.00162005051970482 0.0014565431047231 0.00130327593069524 0.00117543269880116 0.00105740653816611 0.000987523933872581 0.000926137203350663 0.000916065531782806 0.000910672708414495 0.000934906769543886 0.000968818843830377 0.00103411066811532 0.00110768736340106 0.00119572156108916 0.00127709389198571 0.00135161122307181 0.00138178828638047 0.00138495350256562 0.00134951679501683 0.00130121293477714 0.00126188772264868 0.00122404017020017 0.0012190779671073 0.0012152282288298 0.00121846236288548 0.00122105143964291 0.00122184481006116 0.00122763309627771
-9999 -9999 -9999 -9999 0.00851327367126942 0.00853752251714468 0.00843921955674887 0.00760427908971906 0.00666908547282219 0.00501287216320634 0.00354422442615032 0.00279349740594625 0.00220157648436725 0.00192388868890703 0.00169898814056069 0.00153499573934823 0.00136594998184592 0.00119343400001526 0.00105141324456781 0.000921167782507837 0.000849939126055688 0.000789125100709498 0.000782960036303848 0.000780641625169665 0.000800406676717103 0.000827188487164676 0.00087672151857987 0.000935209274757653 0.00100932375062257 0.00108090415596962 0.00114987697452307 0.00118030223529786 0.00118724466301501 0.00116845720913261 0.0011410933220759 0.00113393599167466 0.00112970359623432 0.0011438608635217 0.0011560118291527 0.00115538667887449 0.00115204777102917 0.00114115467295051 0.00113828771281987
-9999 -9999 -9999 -9999 0.00861944071948528 0.00870135799050331 0.0088025089353323 0.00729303900152445 0.00571391964331269 0.00431210128590465 0.00307437218725681 0.00246470794081688 0.00199829344637692 0.00181532988790423 0.00164468225557357 0.00148824544157833 0.00131195259746164 0.0011220236774534 0.000975878559984267 0.000846639915835112 0.000785096839535981 0.000735499954316765 0.000735991983674467 0.000739077222533524 0.000754632405005395 0.000773713574744761 0.000804227369371802 0.000842190987896174 0.000893154938239604 0.00094482721760869 0.000997228198684752 0.00102768046781421 0.00104476185515523 0.00105585996061563 0.0010649636387825 0.00108369800727814 0.00110369373578578 0.00111402128823102 0.00112003984395415 0.00109861802775413 0.00107512017711997 0.00104584277141839 0.00103057699743658
-9999 -9999 -9999 -9999 0.00870135799050331 0.00882380083203316 0.00896753650158644 0.00713979406282306 0.00526104075834155 0.00391218811273575 0.00274010607972741 0.00224462547339499 0.00187800114508718 0.00176634720992297 0.0016319069545716 0.0014711752301082 0.00128527742344886 0.00108209694735706 0.00093421945348382 0.000807696545962244 0.000752296997234225 0.000709448591805995 0.000718091439921409 0.00072861387161538 0.000745403522159904 0.000763097137678415 0.000783721916377544 0.000809421588201076 0.000843977439217269 0.000881286978255957 0.000921429949812591 0.000952425471041352 0.0009778484236449 0.00100520963314921 0.00103321694768965 0.00105636427178979 0.00107864290475845 0.00107353727798909 0.00106390938162804 0.00102548196446151 0.000988204032182693 0.000954126066062599 0.000936651893425733
-9999 -9999 -9999 -9999 0.0088308984413743 0.00896753650158644 0.00723048765212297 0.00710504688322544 0.00518488278612494 0.00373792229220271 0.00250753085128963 0.00210607424378395 0.00181995274033397 0.00176204717718065 0.00165028020273894 0.00147636525798589 0.00127909414004534 0.00106578308623284 0.000917967350687832 0.000795441796071827 0.000743529235478491 0.000704077770933509 0.000721991760656238 0.000741476600524038 0.000763584044761956 0.000784625066444278 0.000802208436653018 0.000821839494165033 0.000845044094603509 0.000872150063514709 0.000903270381968468 0.00093519629444927 0.000967612955719233 0.00100102031137794 0.00103475793730468 0.00104620901402086 0.00105431117117405 0.00102506997063756 0.000992660061456263 0.000940070080105215 0.000893796386662871 0.000865105830598623 0.000853066041599959
-9999 -9999 -9999 -9999 0.00896753650158644 0.00709905242547393 0.0062642116099596 0.00570957362651825 0.00551417795941234 0.0038084420375526 0.00238772528246045 0.00205794046632946 0.00182673044037074 0.00179057172499597 0.00168222305364907 0.00149057852104306 0.00128034572117031 0.00105734763201326 0.000905493507161736 0.000781110720708966 0.000729097344446927 0.000689854903612286 0.000716143928002566 0.000744470744393766 0.000777821987867355 0.000808883807621896 0.000832522287964821 0.000855074846185744 0.000875732395797968 0.000898573489394039 0.00092366139870137 0.000951583730056882 0.000981232849881053 0.00100580230355263 0.00102867861278355 0.00101899111177772 0.0010045658564195 0.0009571987320669 0.00090987840667367 0.00086285563884303 0.000824016577098519 0.000807959004305303 0.000803738133981824
-9999 -9999 -9999 -9999 -9999 0.00607921462506056 0.00593397486954927 0.00597801385447383 0.00601724209263921 0.0039838720113039 0.00231625023297966 0.00204855808988214 0.00186129123903811 0.00183316401671618 0.00171998154837638 0.00150865875184536 0.00128478382248431 0.00105228857137263 0.000894638884346932 0.000765889708418399 0.000712237844709307 0.000671838293783367 0.00070611818227917 0.000743235403206199 0.000790370220784098 0.00083431281382218 0.000867905037011951 0.000897232035640627 0.000919115787837654 0.000940237252507359 0.000960574368946254 0.000982378609478474 0.00100507657043636 0.00101442926097661 0.00101933360565454 0.000984460464678705 0.00094392872415483 0.000881011364981532 0.000822154281195253 0.000789154495578259 0.000764791737310588 0.000764472468290478 0.000769092352129519
-9999 -9999 -9999 -9999 -9999 0.00587758747860789 0.00603945786133409 0.00611433666199446 0.00596162397414446 0.00390121061354876 0.00223067146725953 0.00205240491777658 0.00191802287008613 0.00187047640793025 0.00173580646514893 0.0015006095636636 0.00126293662469834 0.00102356332354248 0.000863815541379154 0.000734814035240561 0.000680948258377612 0.000640341604594141 0.000676526862662286 0.00071691139601171 0.000778277928475291 0.000836406659800559 0.000884037173818797 0.000924432068131864 0.000952200149185956 0.000974305905401707 0.000990585307590663 0.00100332777947187 0.00101391540374607 0.0010043092770502 0.000987971900030971 0.00093239062698558 0.000871428346727043 0.000816413317807019 0.000766540062613785 0.000749411177821457 0.0007373972912319 0.000739622104447335 0.000742569332942367
-9999 -9999 -9999 -9999 -9999 0.00548049760982394 0.00565933017060161 0.00602602260187268 0.00579041382297873 0.00376515020616353 0.00214217486791313 0.00205898890271783 0.00197934149764478 0.00190669647417963 0.00174709327984601 0.0014871540479362 0.00123565108515322 0.00098994153086096 0.000828860618639737 0.000700457952916622 0.000646673026494682 0.000606055895332247 0.000642887374851853 0.00068539654603228 0.000761087518185377 0.00083367241313681 0.000896186335012317 0.000948537432122976 0.000983153586275876 0.00100680312607437 0.00101916817948222 0.00102223979774863 0.00101964990608394 0.000990310567431152 0.000952054979279637 0.000876691949088126 0.000796473410446197 0.000754213077016175 0.000717569375410676 0.000716693815775216 0.000716588576324284 0.000718627590686083 0.000717726943548769
-9999 -9999 -9999 -9999 -9999 -9999 0.00474270433187485 0.00483763078227639 0.00471160328015685 0.00326427957043052 0.00211138161830604 0.00208542193286121 0.00202793767675757 0.00190807529725134 0.00170512427575886 0.00140630197711289 0.00114463176578283 0.000908475485630333 0.000763215008191764 0.000653052760753781 0.00061027315678075 0.000579384563025087 0.000610071641858667 0.000646855856757611 0.000723213015589863 0.000799275236204267 0.000874381395988166 0.00093798351008445 0.000981510267592967 0.00100890174508095 0.00101969053503126 0.00101463904138654 0.000999937881715596 0.000952676986344159 0.00089456292334944 0.000821827561594546 0.000747429730836302 0.000722830707672983 0.000701413140632212 0.00070025579771027 0.000698096759151667 0.000693148991558701 0.00068572023883462
