Ecospace-environmental-drivers/Outputs/ASCII-for-ecospace/MOM6-ISIMIP3a/phyc/1990-03_phyc_MOM6-ISIMIP3a.asc
NCOLS 131 
NROWS 53 
XLLCORNER -98 
YLLCORNER 23.9265270233154 
CELLSIZE 0.133587792515755 
NODATA_value -9999 
[rows 19 to 37 of 53, columns 0 to 43 of 131]
-9999 -9999 -9999 -9999 -9999 -9999 -9999 -9999 0.00641498761251569 0.00675569288432598 0.00678737415000796 0.00683778105303645 0.00723073072731495 0.00777211366221309 0.00762077188119292 0.00729480572044849 0.00705655245110393 0.00687853619456291 0.00690837157890201 0.00701846648007631 0.006484464276582 0.00583679834380746 0.00591418519616127 0.00597796589136124 0.00579606229439378 0.00565927149727941 0.00566875422373414 0.00562713341787457 0.00549633428454399 0.00538227148354053 0.00528542976826429 0.00522596854716539 0.00518927862867713 0.00519449869170785 0.0052136885933578 0.00530832633376122 0.00541339488700032 0.00551902037113905 0.00564261199906468 0.00588061660528183 0.00614511501044035 0.00648336391896009 0.00686316704377532 0.00730718905106187
-9999 -9999 -9999 -9999 -9999 -9999 -9999 -9999 0.00608391314744949 0.00640535680577159 0.00675569288432598 0.00676864851266146 0.00683778105303645 0.0070822979323566 0.00712648686021566 0.00693952757865191 0.00676547642797232 0.00660028960555792 0.00651179580017924 0.0064529157243669 0.00590724404901266 0.00527566857635975 0.00528252543881536 0.00527153396978974 0.00499531859531999 0.00477379467338324 0.00472960202023387 0.00464358972385526 0.00448459899052978 0.00434922007843852 0.00423813750967383 0.00415787799283862 0.00409639580175281 0.00408552214503288 0.00409151753410697 0.00417215004563332 0.00426317565143108 0.00436499994248152 0.00448496267199516 0.00472043221816421 0.00497594149783254 0.0052872346714139 0.00562854390591383 0.00601624231785536
-9999 -9999 -9999 -9999 -9999 -9999 0.00580544536933303 0.00583577528595924 0.00592921022325754 0.00608391314744949 0.00637646485120058 0.00675569288432598 0.00671247113496065 0.00658372603356838 0.0065086274407804 0.00649542827159166 0.00640162965282798 0.00625248020514846 0.00604665232822299 0.00581893883645535 0.0052702147513628 0.00466484203934669 0.00458288146182895 0.00448403367772698 0.00414895452558994 0.00386921316385269 0.00376890087500215 0.00363731104880571 0.00345113989897072 0.00329976761713624 0.00318420259281993 0.00308762048371136 0.00300260237418115 0.00298183574341238 0.0029824860394001 0.00305252941325307 0.00313230510801077 0.00323176570236683 0.00334717775695026 0.00356417358852923 0.00379071501083672 0.00404382776468992 0.00430833594873548 0.00459045544266701
-9999 -9999 -9999 -9999 -9999 -9999 0.00579971354454756 0.00580544536933303 0.00586610520258546 0.00596137717366219 0.00608391314744949 0.00628978898748755 0.00638932734727859 0.00627845386043191 0.00609791232272983 0.00583698507398367 0.00565879419445992 0.00553742283955216 0.00533337472006679 0.00509740225970745 0.00468404218554497 0.00423937849700451 0.00418521463871002 0.00412249425426126 0.00391721678897738 0.00373301934450865 0.00361717352643609 0.00347797945141792 0.00329804024659097 0.0031242361292243 0.00295674451626837 0.0028337414842099 0.00273784063756466 0.00271329050883651 0.00271252356469631 0.0027913386002183 0.00288142892532051 0.0030099421273917 0.00314616900868714 0.00333152152597904 0.00350607326254249 0.00365055864676833 0.0037988715339452 0.00395309925079346
-9999 -9999 -9999 -9999 0.00604279385879636 0.00586796924471855 0.00579591281712055 0.00579778244718909 0.00580544536933303 0.00592676503583789 0.00602938421070576 0.00606042426079512 0.00605543795973063 0.00597916496917605 0.00569577934220433 0.00517341773957014 0.00490581197664142 0.00481315748766065 0.00462311087176204 0.00439545698463917 0.0041270274668932 0.00385140255093575 0.00382860936224461 0.00380576262250543 0.00373633741401136 0.00365307764150202 0.00352496164850891 0.00337961874902248 0.00320421392098069 0.00300699775107205 0.00278733856976032 0.00264107249677181 0.00253951642662287 0.00251703127287328 0.00252090278081596 0.00261592282913625 0.00272390386089683 0.00288242730312049 0.00304015912115574 0.00319285201840103 0.00331435981206596 0.00334905716590583 0.00338150002062321 0.0034104585647583
-9999 -9999 -9999 -9999 0.00644677737727761 0.00606051506474614 0.00594002567231655 0.00579591281712055 0.0057919891551137 0.00574205117300153 0.00572248129174113 0.00581914838403463 0.00579536287114024 0.00553323747590184 0.00517231272533536 0.00469738943502307 0.00446647265926003 0.00440312596037984 0.0042775496840477 0.00412794435396791 0.00398659845814109 0.0038467098493129 0.00376623496413231 0.00368769932538271 0.0036144822370261 0.00352597935125232 0.00338791427202523 0.00321224215440452 0.00297094252891839 0.00274231936782598 0.00252674007788301 0.00242213206365705 0.00238512665964663 0.0024534584954381 0.00255690258927643 0.0027662105858326 0.0029897247441113 0.00315417954698205 0.00331259937956929 0.00343258655630052 0.00351287913508713 0.00348267238587141 0.00345461955294013 0.00342989573255181
-9999 -9999 -9999 -9999 -9999 0.00644677737727761 0.00605934485793114 0.00608413899317384 0.00571790616959333 0.00553334644064307 0.0054115979000926 0.00553026190027595 0.00548024661839008 0.00509646208956838 0.00470178108662367 0.00429452629759908 0.00409347657114267 0.00403403677046299 0.00395435513928533 0.00386685784906149 0.00383103243075311 0.00380432512611151 0.00368955032899976 0.00357791129499674 0.00350847560912371 0.00342045770958066 0.00327218929305673 0.00306686526164412 0.00276197446510196 0.00250194640830159 0.00228808191604912 0.00222319248132408 0.00224905740469694 0.00240872404538095 0.00261299125850201 0.00293537066318095 0.00327282748185098 0.00343698007054627 0.00359141454100609 0.00368396239355206 0.00372566073201597 0.00362580711953342 0.00353200640529394 0.0034475598949939
-9999 -9999 -9999 -9999 -9999 0.00641253171488643 0.00644677737727761 0.00591054931282997 0.00537799205631018 0.00521945161744952 0.00508326152339578 0.00503261899575591 0.00492378836497664 0.00469981925562024 0.00446335459128022 0.00421247305348516 0.00401137629523873 0.00384446932002902 0.00372923351824284 0.00363394990563393 0.00360909663140774 0.00359667185693979 0.00355011830106378 0.003504408756271 0.00347196008078754 0.0034095433074981 0.00324995699338615 0.00301795173436403 0.00265956902876496 0.00236814678646624 0.00214562541805208 0.00211195042356849 0.00219331891275942 0.00244659068994224 0.00275716278702021 0.00318728154525161 0.00363170704804361 0.00376822287216783 0.00389818171970546 0.0039863814599812 0.00400097807869315 0.00381068186834455 0.00362810329534113 0.0034574510063976
-9999 -9999 0.00640500662848353 0.00639024097472429 0.00635555759072304 0.00637824507430196 0.00641257222741842 0.00574581092223525 0.00508398655802011 0.00491277826949954 0.0047466098330915 0.00459973234683275 0.00446730805560946 0.00436348374933004 0.00423563737422228 0.00408007344231009 0.00387047976255417 0.0036237807944417 0.00348173989914358 0.0033801116514951 0.00336476741358638 0.00336465006694198 0.00337984226644039 0.0033941026777029 0.00339780328795314 0.00335868238471448 0.00318071665242314 0.00291982130147517 0.00251420657150447 0.0022116363979876 0.00201509660109878 0.00202166335657239 0.00215196050703526 0.00248488015495241 0.00288533978164196 0.00339753553271294 0.00392218073830009 0.00403087446466088 0.00413361843675375 0.00419847015291452 0.00418241741135716 0.00394114619120955 0.00370100466534495 0.00346260797232389
-9999.000000000000000 -9999 -9999 -9999 0.0064369197934866 0.00633287010714412 0.00631195865571499 0.00560038536787033 0.00489014806225896 0.00462186150252819 0.00439181458204985 0.0043081333860755 0.00422896631062031 0.00415873061865568 0.004031284712255 0.00383782712742686 0.00360129796899855 0.00333518977276981 0.00318543403409421 0.00308060646057129 0.00307157984934747 0.00307945930399001 0.00314226886257529 0.00320349656976759 0.00324151804670691 0.00322066410444677 0.00300891161896288 0.00271430728025734 0.00227511883713305 0.00200557499192655 0.00191059219650924 0.00197709631174803 0.00214197696186602 0.00252409232780337 0.00297861895523965 0.00351689988747239 0.00406340323388577 0.00414386996999383 0.00421342300251126 0.00421347143128514 0.00415902864187956 0.00395289529114962 0.00372329703532159 0.00345743587240577
-9999 -9999 -9999 -9999 0.00658115604892373 0.00659964373335242 0.006472856272012 0.00575462309643626 0.00502915866672993 0.00458393571898341 0.00421827752143145 0.00415715994313359 0.00409433199092746 0.00402812054380774 0.00387852522544563 0.00363271846435964 0.00338017148897052 0.00312299584038556 0.0029741027392447 0.00286702183075249 0.00284997373819351 0.00284881331026554 0.0029311659745872 0.00301212770864367 0.00306626106612384 0.00304790679365396 0.00279451836831868 0.00248192972503603 0.00206603156402707 0.001846740138717 0.00182975339703262 0.00194101710803807 0.0021304099354893 0.00253689917735755 0.00301575334742665 0.00353518920019269 0.00405670003965497 0.00408711563795805 0.00410586595535278 0.00405032699927688 0.00397361349314451 0.00383795634843409 0.00365552329458296 0.00340080028399825
-9999 -9999 -9999 -9999 0.00670529901981354 0.00681095477193594 0.00694141536951065 0.00628586206585169 0.00558692030608654 0.00486429361626506 0.00427277851849794 0.00418310379609466 0.00409016944468021 0.00399078708142042 0.00379067356698215 0.00347433262504637 0.00321950297802687 0.00300691579468548 0.00286967679858208 0.0027615325525403 0.00271842256188393 0.00268678949214518 0.00275336485356092 0.00281979865394533 0.0028671354521066 0.00283144484274089 0.00252654519863427 0.00221575587056577 0.00189468753524125 0.00174732028972358 0.00177868793252856 0.00191561609972268 0.00211685081012547 0.00251648551784456 0.00298225320875645 0.00342631712555885 0.00386389368213713 0.00381680252030492 0.00376259395852685 0.0036630597896874 0.0035843551158905 0.00356363458558917 0.00347443902865052 0.0032794198486954
-9999 -9999 -9999 -9999 0.00681095477193594 0.00696887774392962 0.00715426309034228 0.00659844325855374 0.00599202187731862 0.00513524375855923 0.00442188559100032 0.00425747642293572 0.00409220717847347 0.0039252364076674 0.00368343130685389 0.00335527933202684 0.00312612392008305 0.00296495389193296 0.00284559815190732 0.00274238875135779 0.00267489347606897 0.00261370069347322 0.00263541168533266 0.00265482417307794 0.00263995677232742 0.00255405926145613 0.00223785382695496 0.00196082307957113 0.00175215653143823 0.00167285883799195 0.00172667915467173 0.00186978385318071 0.00206728000193834 0.0024290862493217 0.00284566218033433 0.00320068327710032 0.00354407215490937 0.00345321907661855 0.00335832568816841 0.00323770404793322 0.00315460632555187 0.0031759669072926 0.00314320693723857 0.00302680698223412
-9999 -9999 -9999 -9999 0.00697803171351552 0.00715426309034228 0.00674616079777479 0.00674702925607562 0.00628262665122747 0.0053991386666894 0.0046419482678175 0.00436817156150937 0.00409889500588179 0.00383852259255946 0.00356164597906172 0.0032657259143889 0.00308321276679635 0.00297858100384474 0.00288178096525371 0.00278800493106246 0.00269738142378628 0.00260731414891779 0.00256234523840249 0.00251036579720676 0.00239173788577318 0.0022309806663543 0.00193362298887223 0.00171432155184448 0.00163123558741063 0.00161711650434881 0.00167396292090416 0.00180862797424197 0.00199069967493415 0.00229144678451121 0.0026317520532757 0.0028874771669507 0.00312898820266128 0.00301968166604638 0.00290830945596099 0.00278378138318658 0.0026944896671921 0.00270328880287707 0.00269936211407185 0.00267576891928911
-9999 -9999 -9999 -9999 0.00715426309034228 0.00674372166395187 0.00658162217587233 0.00648490665480494 0.00640924042090774 0.00552776735275984 0.00474938051775098 0.00436556339263916 0.0040056137368083 0.00369289168156683 0.00341765652410686 0.00318567571230233 0.00304975500330329 0.00297980289906263 0.0028910068795085 0.0027949339710176 0.00267628859728575 0.00255365949124098 0.00243351282551885 0.00230651302263141 0.00212195166386664 0.00193241168744862 0.00172672828193754 0.00158745737280697 0.00156408222392201 0.00157954136375338 0.0016349604120478 0.0017538444371894 0.0019113909220323 0.0021339850500226 0.00237826141528785 0.00252720690332353 0.00266139348968863 0.00257557071745396 0.00249056820757687 0.0024107878562063 0.0023606528993696 0.00239304383285344 0.00242824526503682 0.00246779015287757
-9999 -9999 -9999 -9999 -9999 0.00651796767488122 0.00649284152314067 0.00651293061673641 0.00646557146683335 0.00559842446818948 0.00480854185298085 0.00431439559906721 0.0038694879040122 0.00352201005443931 0.00326415104791522 0.00310969818383455 0.00302034872584045 0.00297570833936334 0.00288867950439453 0.00278528267517686 0.00263651763089001 0.00247974670492113 0.00228078057989478 0.00207720533944666 0.00184292229823768 0.00164434674661607 0.00156154960859567 0.00151186704169959 0.00151997234206647 0.00154975242912769 0.0016018352471292 0.00170179188717157 0.00183091277722269 0.00196802779100835 0.00210780766792595 0.00214676582254469 0.0021712938323617 0.00212692795321345 0.0020866587292403 0.00207247864454985 0.0020809369161725 0.00215241452679038 0.00223115598782897 0.00232112384401262
-9999 -9999 -9999 -9999 -9999 0.00641180574893951 0.00647943885996938 0.00648068729788065 0.00641531543806195 0.00553571386262774 0.0047327121719718 0.00422290014103055 0.00376362609677017 0.00340435234829783 0.00317114288918674 0.00308339181356132 0.00302367494441569 0.00298321037553251 0.00287559954449534 0.00274206115864217 0.00255936034955084 0.00236798380501568 0.00212902552448213 0.00189455377403647 0.00170615408569574 0.00155587680637836 0.00152920803520828 0.00151650724001229 0.00152818183414638 0.00155535235535353 0.00159846770111471 0.00168186251539737 0.00178979523479939 0.00187290133908391 0.00194773182738572 0.00193943991325796 0.00191988353617489 0.0019314254168421 0.00195060786791146 0.00201844819821417 0.0020995473023504 0.00221755565144122 0.00232942495495081 0.00243180640973151
-9999 -9999 -9999 -9999 -9999 0.00616689957678318 0.00626313639804721 0.00644469819962978 0.00634300615638494 0.0054454100318253 0.00462895259261131 0.00412306096404791 0.00366402557119727 0.00329770636744797 0.00309065147303045 0.00306736212223768 0.00303377350792289 0.00299311149865389 0.00286029512062669 0.00269189407117665 0.00247446773573756 0.00224838987924159 0.00197747256606817 0.0017215555999428 0.00159881997387856 0.00150870333891362 0.00152435060590506 0.00153774721547961 0.00154721620492637 0.00156827422324568 0.00160125712864101 0.00166857964359224 0.00175682140979916 0.00179242971353233 0.00181049352977425 0.00176793185528368 0.00171785848215222 0.00178829778451473 0.00186997710261494 0.0020232351962477 0.00217988179065287 0.00234596128575504 0.00248880381695926 0.00259573478251696
-9999 -9999 -9999 -9999 -9999 -9999 0.00575812347233295 0.00586402369663119 0.00579317519441247 0.00496898218989372 0.00424716714769602 0.0039172125980258 0.00359638198278844 0.00329360412433743 0.00312160863541067 0.00310051534324884 0.0030459719710052 0.00296845682896674 0.00282405177131295 0.00265381834469736 0.00243325205519795 0.0022038035094738 0.00194248324260116 0.00169797230046242 0.00159935303963721 0.00153075181879103 0.0015594809083268 0.00158025685232133 0.00158715341240168 0.00159041583538055 0.00158993876539171 0.00162432587239891 0.00167995213996619 0.00169193441979587 0.00168936909176409 0.00169380649458617 0.00170020433142781 0.00184451299719512 0.00199567154049873 0.0021904525347054 0.0023725510109216 0.00251934514380991 0.00263149687089026 0.00269011105410755
