Ecospace-environmental-drivers/Outputs/ASCII-for-ecospace/MOM6-ISIMIP3a/phyc/1991-12_phyc_MOM6-ISIMIP3a.asc
NCOLS 131 
NROWS 53 
XLLCORNER -98 
YLLCORNER 23.9265270233154 
CELLSIZE 0.133587792515755 
NODATA_value -9999 
[rows 19 to 37 of 53, columns 0 to 43 of 131]
-9999 -9999 -9999 -9999 -9999 -9999 -9999 -9999 0.0046193148009479 0.0050007039681077 0.00500936387106776 0.00505165522918105 0.00544277718290687 0.0060732513666153 0.00586923072114587 0.00542980199679732 0.00514937192201614 0.00497813336551189 0.00505788391456008 0.00523455068469048 0.00471544498577714 0.0040735574439168 0.003783218562603 0.00352960173040628 0.00351785169914365 0.00349504384212196 0.00343638239428401 0.00333942682482302 0.00317564397118986 0.00302907871082425 0.0029002302326262 0.00286147277802229 0.00287759816274047 0.00288957776501775 0.00290017551742494 0.0029113907366991 0.0029224285390228 0.0028969703707844 0.00288116163574159 0.00292680435813963 0.00301318615674973 0.00321297557093203 0.00347531097941101 0.00383430765941739
-9999 -9999 -9999 -9999 -9999 -9999 -9999 -9999 0.00426577497273684 0.00459146546199918 0.0050007039681077 0.00497573241591454 0.00505165522918105 0.00520342448726296 0.00516049144789577 0.00489290244877338 0.00471289316192269 0.00459302822127938 0.00456841988489032 0.00458059413358569 0.00409106072038412 0.00351299182511866 0.00328416819684207 0.00308628287166357 0.00308248703368008 0.00306828110478818 0.00302032078616321 0.00293656252324581 0.00279033300466835 0.00265639368444681 0.00253510056063533 0.00248653092421591 0.00248226360417902 0.0024821509141475 0.00248342310078442 0.00248465011827648 0.00248581194318831 0.00247876602225006 0.00247642933391035 0.0025040830951184 0.00255872448906302 0.00268849334679544 0.00286565884016454 0.00311607285402715
-9999 -9999 -9999 -9999 -9999 -9999 0.00415187515318394 0.00416178954765201 0.00419414415955544 0.00426577497273684 0.004507917445153 0.0050007039681077 0.00487483851611614 0.00449992064386606 0.00427456339821219 0.00422177510336041 0.00416729133576155 0.0041116438806057 0.004001225810498 0.003869658568874 0.00344793871045113 0.00297501566819847 0.0027935286052525 0.00263839052058756 0.00264964741654694 0.00264964113011956 0.00261311465874314 0.00255006272345781 0.00244072149507701 0.00233457307331264 0.00223171012476087 0.00216925330460072 0.0021314115729183 0.00210563722066581 0.00208388548344374 0.0020692755933851 0.00205581285990775 0.00206457660533488 0.00207447889260948 0.00209163199178874 0.00211834558285773 0.00217167381197214 0.00225628865882754 0.00238925544545054
-9999 -9999 -9999 -9999 -9999 -9999 0.00414685206487775 0.00415187515318394 0.00417170394212008 0.00418722210451961 0.00426577497273684 0.00425727292895317 0.00417672796174884 0.00395363103598356 0.00378352799452841 0.0036745723336935 0.00354293314740062 0.00339571619406343 0.00327763962559402 0.00317081529647112 0.00288508040830493 0.00256777345202863 0.00241544237360358 0.00228005368262529 0.00225574453361332 0.0022243068087846 0.00216975621879101 0.00211876025423408 0.00207396759651601 0.00203017331659794 0.00198740628547966 0.00196638307534158 0.00195860560052097 0.00194167322479188 0.00192168902140111 0.00191780459135771 0.00191622006241232 0.00192501663696021 0.00193396606482565 0.00194388860836625 0.00195985403843224 0.00199264171533287 0.00204605376347899 0.00213134009391069
-9999 -9999 -9999 -9999 0.00452185142785311 0.00425935303792357 0.00414875894784927 0.00413992255926132 0.00415187515318394 0.0041915331967175 0.00413970462977886 0.00373770343139768 0.00346266315318644 0.0034388427156955 0.0033431479241699 0.00316452118568122 0.00294785853475332 0.00270507461391389 0.00258781830780208 0.00251903268508613 0.00236841617152095 0.00220335926860571 0.00208025658503175 0.0019643772393465 0.00190103705972433 0.00183476158417761 0.00175896845757961 0.0017157398397103 0.0017293393611908 0.00174449826590717 0.00176126207225025 0.00178323627915233 0.00180838454980403 0.00180409220047295 0.00178998638875782 0.00179799401666969 0.00180902436841279 0.00181539170444012 0.00182129861786962 0.00182427209801972 0.00183091894723475 0.00184779125265777 0.00187538773752749 0.00191955780610442
-9999 -9999 -9999 -9999 0.00512740015983582 0.00455189356580377 0.00436994712799788 0.00414875894784927 0.00411913357675076 0.00374208274297416 0.00340675003826618 0.00323109654709697 0.00314705935306847 0.00324430572800338 0.00323736318387091 0.00311020272783935 0.00293596927076578 0.00272940867580473 0.00265367259271443 0.00262845307588577 0.00251211575232446 0.00237969937734306 0.00231009698472917 0.00223897001706064 0.00214367639273405 0.00204426911659539 0.00193152343854308 0.00183627707883716 0.00177156866993755 0.00174569012597203 0.00175976671744138 0.00178032205440104 0.00180482433643192 0.00183205166831613 0.00186018738895655 0.0018656188622117 0.00186777696944773 0.00185111770406365 0.00183624681085348 0.00183276471216232 0.00183187355287373 0.00183819443918765 0.00185099302325398 0.00187380262650549
-9999 -9999 -9999 -9999 -9999 0.00512740015983582 0.00456146849319339 0.00459113484248519 0.00401581358164549 0.00331346481107175 0.00276418984867632 0.00280081667006016 0.00288639264181256 0.00306882546283305 0.00312546803615987 0.00303696841001511 0.00290532968938351 0.00274406583048403 0.0027031940408051 0.00270881038159132 0.00262635597027838 0.00252835964784026 0.00250103231519461 0.00246570166200399 0.00235078134573996 0.00222995434887707 0.00208997586742043 0.00195496995002031 0.00182864128146321 0.00176701066084206 0.00177195307333022 0.00178914016578346 0.00181378668639809 0.00186395749915391 0.00192263640929013 0.00192400917876512 0.00191725080367178 0.001881173113361 0.00184852408710867 0.00183770910371095 0.0018286908743903 0.00182467431295663 0.00182413076981902 0.00182895478792489
-9999 -9999 -9999 -9999 -9999 0.00513874506577849 0.00512740015983582 0.00437857955694199 0.00360302883200347 0.00297619262710214 0.00251798378303647 0.00270520965568721 0.00286660878919065 0.00297690415754914 0.00298678199760616 0.00288079376332462 0.00279247597791255 0.00271629309281707 0.0026811002753675 0.00266173505224288 0.00261142384260893 0.00255565182305872 0.00252137938514352 0.00248257466591895 0.00240207696333528 0.00231118546798825 0.00218659336678684 0.00206557614728808 0.00195079750847071 0.00187659030780196 0.00184413010720164 0.00184940081089735 0.00187765678856522 0.00191316707059741 0.00195109541527927 0.00194190873298794 0.00192603922914714 0.00188636488746852 0.00184908998198807 0.00182709551881999 0.00180736812762916 0.00179395184386522 0.00178644899278879 0.00178808497730643
-9999 -9999 0.00520558701828122 0.00518800411373377 0.00515761971473694 0.0051501034758985 0.00513873156160116 0.00424158805981278 0.00332797225564718 0.00276789558120072 0.00237794360145926 0.00263915676623583 0.00282514258287847 0.00286227487958968 0.00283245556056499 0.00272538512945175 0.00266669830307364 0.00264123897068202 0.00260385451838374 0.00256186490878463 0.00253942143172026 0.00252042687498033 0.00248781056143343 0.0024529742076993 0.00240212259814143 0.00233846716582775 0.00223329546861351 0.00213056826032698 0.00203210674226284 0.00195493944920599 0.00189968373160809 0.0018962409812957 0.0019243621500209 0.00193998729810119 0.00195144722238183 0.00192792050074786 0.00189944612793624 0.00185538234654814 0.0018130864482373 0.00178204872645438 0.00175303139258176 0.00172963831573725 0.00171294470783323 0.00170660484582186
-9999.000000000000000 -9999 -9999 -9999 0.00525628868490458 0.00516513548791409 0.00517206313088536 0.00426946626976132 0.00335341854952276 0.00284100347198546 0.00246954127214849 0.00263758655637503 0.00273636914789677 0.00269810063764453 0.00264400476589799 0.00257164682261646 0.00251272250898182 0.00246302364394069 0.002406275132671 0.00234680459834635 0.0023428990971297 0.00234879925847054 0.00233660498633981 0.00232197507284582 0.00229034875519574 0.0022480390034616 0.00217108963988721 0.00209603691473603 0.0020242934115231 0.00196514860726893 0.00191896769683808 0.00191379978787154 0.00193361658602953 0.00191795779392123 0.0018904737662524 0.00184435769915581 0.0017956558149308 0.00174547301139683 0.00169729383196682 0.00166187388822436 0.00162666302639991 0.00159203400835395 0.00156128115486354 0.00153651868458837
-9999 -9999 -9999 -9999 0.00541077833622694 0.00545362755656242 0.00535766081884503 0.00441657193005085 0.00346610439009964 0.00292728049680591 0.00252009020186961 0.0026167375035584 0.00265774806030095 0.00258866860531271 0.00252224132418633 0.00245887390337884 0.00238100998103619 0.00229318998754025 0.00221903854981065 0.00215016468428075 0.00215605762787163 0.00217514461837709 0.00218251254409552 0.0021868112962693 0.00216767261736095 0.00214016973040998 0.00208554766140878 0.00203494005836546 0.0019913378637284 0.00195138866547495 0.001915198052302 0.00190561881754547 0.00191225088201463 0.00186941563151777 0.00181009154766798 0.00174482585862279 0.00167877809144557 0.00161815411411226 0.00156004179734737 0.00151792482938617 0.00147685350384563 0.00143869279418141 0.00140433071646839 0.00137583923060447
-9999 -9999 -9999 -9999 0.00553359929472208 0.00561357149854302 0.00571231869980693 0.00471367500722408 0.00368854450061917 0.00303012505173683 0.00251899636350572 0.00257163471542299 0.00259189959615469 0.00254810671322048 0.00248437584377825 0.00239763921126723 0.00227730628103018 0.00213390146382153 0.00204481347464025 0.00197669910266995 0.00198139529675245 0.00199894024990499 0.00202478817664087 0.00204640813171864 0.0020312808919698 0.00201035849750042 0.00197064667008817 0.0019404215272516 0.0019267515745014 0.00190747366286814 0.00188242527656257 0.0018650550628081 0.00185236230026931 0.00178751873318106 0.00170529156457633 0.00162520387675613 0.00154543528333306 0.00146893248893321 0.00139579235110432 0.00134406588040292 0.00129755295347422 0.00126555317547172 0.00124072900507599 0.00122699420899153
-9999 -9999 -9999 -9999 0.00561357149854302 0.00573310535401106 0.00587342586368322 0.00491726072505116 0.0039303838275373 0.00317350123077631 0.00257144984789193 0.00256202532909811 0.00254349410533905 0.00250694272108376 0.0024328688159585 0.00231549958698452 0.00217030779458582 0.00200600922107697 0.00192316900938749 0.00187178293708712 0.00187362916767597 0.00188486929982901 0.00190868228673935 0.00192882330156863 0.00191606988664716 0.00190100306645036 0.00187843479216099 0.00186432630289346 0.00186498102266341 0.00184994039591402 0.00181874947156757 0.00178092997521162 0.00173907214775681 0.00165799609385431 0.00156384729780257 0.00147854897659272 0.00139455799944699 0.0013222589623183 0.00125475344248116 0.00121777411550283 0.00118648167699575 0.00117101997602731 0.00116046564653516 0.00115749577526003
-9999 -9999 -9999 -9999 0.0057400343939662 0.00587342586368322 0.00505714304745197 0.00505070760846138 0.00418677274137735 0.00334727670997381 0.00266406405717134 0.00257903663441539 0.00250817090272903 0.002465327270329 0.00237113097682595 0.00221768137998879 0.00206083827652037 0.00190166442189366 0.00184096035081893 0.00181827927008271 0.00181603594683111 0.00181739928666502 0.00182379095349461 0.00182835245504975 0.00181674491614103 0.0018069896614179 0.00180323992390186 0.00180204876232892 0.00180532247759402 0.00178219343069941 0.0017318963073194 0.00166413327679038 0.00158573035150766 0.0014927537413314 0.00139491946902126 0.00131161918397993 0.00123052962590009 0.00117749650962651 0.00113112269900739 0.0011271582916379 0.00112658308353275 0.00113544217310846 0.00114270707126707 0.00114750827196985
-9999 -9999 -9999 -9999 0.00587342586368322 0.00498645380139351 0.00461987825110555 0.00438717706128955 0.00431182608008385 0.00345341931097209 0.00274049723520875 0.00258442852646112 0.00246377405710518 0.00241319416090846 0.00230004591867328 0.00211470364592969 0.00196002540178597 0.00182640587445349 0.00178478239104152 0.00177868187893182 0.00177466776221991 0.00177102175075561 0.0017685079947114 0.00176527956500649 0.00175588834099472 0.00174914335366338 0.00175097805913538 0.00174332829192281 0.00171912729274482 0.00167272472754121 0.00160347728524357 0.00152249506209046 0.00143436400685459 0.00135306327138096 0.0012740392703563 0.00121974025387317 0.00116903556045145 0.00114294548984617 0.00112168479245156 0.00113117985893041 0.00114242336712778 0.00115853419993073 0.00117112335283309 0.00117826997302473
-9999 -9999 -9999 -9999 -9999 0.0044638542458415 0.00439536850899458 0.004421750549227 0.00438059214502573 0.00353057566098869 0.00280999531969428 0.00258484063670039 0.00241548847407103 0.00235655345022678 0.00222495524212718 0.00200951448641717 0.00186292291618884 0.00176361319608986 0.00173976051155478 0.00174504448659718 0.00174025318119675 0.00173368398100138 0.00172591453883797 0.00171823462005705 0.00171151850372553 0.00170679739676416 0.00170854467432946 0.00168613228015602 0.00162155902944505 0.001545375213027 0.00145724415779114 0.00137021008413285 0.00128384435083717 0.00122432364150882 0.00117375131230801 0.00116002641152591 0.00115148536860943 0.00115562858991325 0.00116118742153049 0.00117576087359339 0.00119072373490781 0.0012067707721144 0.0012193291913718 0.00122649595141411
-9999 -9999 -9999 -9999 -9999 0.00434709852561355 0.00437631504610181 0.00437717791646719 0.00431962450966239 0.00352475489489734 0.00283520575612783 0.00254877912811935 0.00233238865621388 0.00225457921624184 0.0021188564132899 0.0019163106335327 0.00179501692764461 0.00172952259890735 0.00170541508123279 0.00169728859327734 0.00168413936626166 0.0016701037529856 0.00165688095148653 0.0016442354535684 0.00163625332061201 0.00162440002895892 0.00159999472089112 0.00155722117051482 0.00148239370901138 0.00140759791247547 0.00133283459581435 0.00127364706713706 0.00122394796926528 0.00120328972116113 0.00119231163989753 0.00120491604320705 0.00122074584942311 0.00123186188284308 0.00124339992180467 0.00125762552488595 0.00127162458375096 0.00128499267157167 0.00129462860058993 0.00129849661607295
-9999 -9999 -9999 -9999 -9999 0.00423594750463963 0.00426961202174425 0.00433001713827252 0.00423181476071477 0.00350176566280425 0.00285125290974975 0.00250517134554684 0.00224208575673401 0.00214322516694665 0.00200634193606675 0.00182558654341847 0.00173315173014998 0.00170137058012187 0.00167327874805778 0.00164661160670221 0.001623535878025 0.00160109391435981 0.0015823767753318 0.00156465952750295 0.00155459600500762 0.00153371610213071 0.00147776503581554 0.00141347211319953 0.00133462180383503 0.00126766308676451 0.00121294043492526 0.00118861277587712 0.00118280167225748 0.00120454013813287 0.00123546191025525 0.00127144833095372 0.00130796746816486 0.00132124370429665 0.00133444915991277 0.00134720432106405 0.00135927053634077 0.00136941845994443 0.00137553364038467 0.00137541629374027
-9999 -9999 -9999 -9999 -9999 -9999 0.00406191498041153 0.00410164101049304 0.00404798705130816 0.00339115527458489 0.00279574003070593 0.00243540084920824 0.00216057989746332 0.00205497513525188 0.00192906579468399 0.00177972787059844 0.00169504841323942 0.00165477301925421 0.0016278448747471 0.00160607055295259 0.00157743180170655 0.00154758151620626 0.0015163563657552 0.0014853406464681 0.00145632121711969 0.00142064818646759 0.00136340211611241 0.00130695942789316 0.00125191907864064 0.00121488620061427 0.00119638291653246 0.00120064080692828 0.00121876457706094 0.00124980288092047 0.00128514610696584 0.00133335881400853 0.00138310377951711 0.00139859551563859 0.00141465209890157 0.00143430486787111 0.00145056145265698 0.00145736383274198 0.00145807198714465 0.00144936190918088
