Ecospace-environmental-drivers/Outputs/ASCII-for-ecospace/MOM6-ISIMIP3a/phyc/1991-02_phyc_MOM6-ISIMIP3a.asc
NCOLS 131 
NROWS 53 
XLLCORNER -98 
YLLCORNER 23.9265270233154 
CELLSIZE 0.133587792515755 
NODATA_value -9999 
[rows 0 to 18 of 53, columns 44 to 87 of 131]
-9999 -9999 -9999 -9999 -9999 -9999 -9999 -9999 -9999 -9999 -9999 -9999 -9999 -9999 -9999 -9999 -9999 -9999 -9999 -9999 -9999 -9999 -9999 -9999 -9999 -9999 -9999 -9999 -9999 -9999 -9999 -9999 -9999 -9999 -9999 -9999 -9999 -9999 -9999 -9999 -9999 -9999 -9999 -9999
-9999 -9999 -9999 -9999 -9999 -9999 -9999 -9999 -9999 -9999 -9999 -9999 -9999 -9999 -9999 -9999 -9999 -9999 -9999 -9999 -9999 -9999 -9999 -9999 -9999 -9999 -9999 -9999 -9999 -9999 -9999 -9999 -9999 -9999 -9999 -9999 -9999 -9999 -9999 -9999 -9999 -9999 -9999 -9999
-9999 -9999 -9999 -9999 -9999 -9999 -9999 -9999 -9999 -9999 -9999 -9999 -9999 -9999 -9999 -9999 -9999 -9999 -9999 -9999 -9999 -9999 -9999 -9999 -9999 -9999 -9999 -9999 -9999 -9999 0.00861884001642466 0.00850981380790472 -9999 -9999 -9999 -9999 -9999 -9999 -9999 -9999 -9999 -9999 -9999 -9999
-9999 -9999 -9999 -9999 -9999 -9999 -9999 -9999 -9999 -9999 -9999 -9999 -9999 -9999 -9999 -9999 -9999 -9999 -9999 -9999 -9999 -9999 -9999 -9999 -9999 -9999 -9999 -9999 -9999 -9999 0.00862221885472536 0.00853749644011259 -9999 -9999 -9999 -9999 -9999 -9999 -9999 -9999 -9999 -9999 -9999 -9999
-9999 -9999 -9999 -9999 -9999 -9999 -9999 -9999 -9999 -9999 -9999 -9999 -9999 -9999 -9999 -9999 -9999 -9999 -9999 -9999 -9999 0.00978813692927361 0.00976166222244501 0.00974048208445311 0.00961693562567234 0.00948723871260881 0.0092148631811142 0.00896093901246786 0.00877755135297775 0.00868010055273771 0.00863276422023773 0.00855379179120064 0.00842593424022198 -9999 -9999 0.0069713881239295 0.00614428427070379 0.00539193907752633 0.00484219519421458 0.00453748740255833 0.00431432528421283 0.00417462037876248 0.0040184585377574 0.00378839578479528
-9999 -9999 -9999 -9999 -9999 -9999 -9999 -9999 -9999 -9999 -9999 -9999 -9999 -9999 -9999 -9999 -9999 0.0102214198559523 -9999 0.0101393749937415 0.0100703295320272 0.0099487230181694 0.00978813692927361 0.00975636672228575 0.00974048208445311 0.009493388235569 0.00922784581780434 0.00892335455864668 0.00873161572962999 0.00867768377065659 0.00863100308924913 0.0085896048694849 0.0084407664835453 0.0082474322989583 0.00770015455782413 0.00708330096676946 0.0061307093128562 0.00521884253248572 0.00482626585289836 0.00448147766292095 0.00430471822619438 0.00415677949786186 0.00406236341223121 0.00383623200468719
-9999 -9999 -9999 -9999 -9999 -9999 -9999 -9999 -9999 -9999 -9999 -9999 -9999 0.0110583528876305 0.0110590811818838 0.0110616842284799 0.011073986068368 0.0106582418084145 0.0102307517081499 0.0102120889350772 0.0101357065141201 0.0100703295320272 0.00998770259320736 0.00978813692927361 0.00974048208445311 0.009493388235569 0.00922784581780434 0.00892335455864668 0.00873161572962999 0.00867768377065659 0.00863100308924913 0.0085896048694849 0.0084407664835453 0.0082474322989583 0.00770015455782413 0.00708330096676946 0.0061307093128562 0.00521884253248572 0.00482626585289836 0.00448147766292095 0.00430471822619438 0.00415677949786186 0.00406236341223121 0.00383623200468719
-9999 -9999 -9999 -9999 -9999 -9999 -9999 -9999 -9999 -9999 -9999 -9999 -9999 0.0110544469207525 0.0110583528876305 0.0110598094761372 -9999 0.0110952584072948 0.0106862224638462 0.0102494135499001 0.0102120889350772 0.0101247010752559 0.0100703295320272 0.0101046413183212 0.0100480522960424 0.00961103197187185 0.00915683526545763 0.00866637844592333 0.00832425802946091 0.00816343538463116 0.008017354644835 0.00788201205432415 0.00766059430316091 0.00740353064611554 0.00691667571663857 0.00638464977964759 0.00574353290721774 0.00512898759916425 0.00481347879394889 0.00453002611175179 0.00435928348451853 0.00422444334253669 0.00415627704933286 0.00399472145363688
-9999 0.00929716229438782 -9999 -9999 -9999 -9999 -9999 -9999 -9999 -9999 -9999 -9999 -9999 -9999 -9999 -9999 -9999 0.0110810492187738 0.0111434580758214 0.0107450997456908 0.0102867390960455 0.0102120889350772 0.0100916856899858 0.010325513780117 0.0103905033320189 0.00974888633936644 0.00909019261598587 0.00839545205235481 0.00788727309554815 0.00760711403563619 0.00734939472749829 0.0071080201305449 0.00680755963549018 0.00648262910544872 0.0060627949424088 0.00562430545687675 0.00532148731872439 0.00502986321225762 0.00479850731790066 0.0045822081156075 0.00441884901374578 0.00429817941039801 0.00425679003819823 0.00416405219584703
0.00929716229438782 0.009264150634408 0.00923765264451504 0.00923259183764458 -9999 -9999 -9999 -9999 -9999 -9999 -9999 -9999 -9999 0.0105186142027378 0.0110504440963268 -9999 -9999 -9999 0.0111206155270338 0.011245577596128 0.0108604775741696 0.0103613892570138 0.0103925187140703 0.0106611102819443 0.0107568977400661 0.0101294806227088 0.0094403950497508 0.00862111803144217 0.00798204354941845 0.00756321335211396 0.00715327775105834 0.00674982042983174 0.00642470642924309 0.0061320373788476 0.0057752993889153 0.00540596758946776 0.00517667969688773 0.00495504960417747 0.00475756917148829 0.00457453075796366 0.00444227177649736 0.00432274676859379 0.00422687036916614 0.00410316418856382
0.00927690137177706 0.00924777612090111 0.00923476088792086 0.00923042185604572 0.00923010148108006 -9999 -9999 -9999 -9999 -9999 -9999 -9999 -9999 0.0103231305256486 0.0107520511373878 0.0110504440963268 -9999 -9999 0.0110700083896518 0.0112334853038192 0.0114332381635904 0.0110621880739927 0.010694463737309 0.0109458845108747 0.0110270688310266 0.010395796969533 0.00967889092862606 0.00878120772540569 0.00804738327860832 0.00751382857561111 0.00698118004947901 0.00644919136539102 0.00610474357381463 0.00583796249702573 0.00554195838049054 0.00524020940065384 0.00507021835073829 0.00490480195730925 0.00473640859127045 0.00458238646388054 0.00447889324277639 0.00435863062739372 0.0042072250507772 0.00404948880895972
0.00925361178815365 0.0092417374253273 0.00923476088792086 0.00923042185604572 0.00922946073114872 0.0091709652915597 0.00912165082991123 -9999 -9999 -9999 -9999 -9999 -9999 -9999 0.0106767555698752 0.0109263369813561 0.0110504440963268 0.0110583528876305 0.0110700083896518 0.0112334853038192 0.0114332381635904 0.0112256491556764 0.0110023720189929 0.010958056896925 0.0107811177149415 0.0100491382181644 0.00931822415441275 0.00858956016600132 0.00795486848801374 0.00743502844125032 0.00693791732192039 0.00645736092701554 0.00612210994586349 0.00584703497588634 0.00559909036383033 0.00535647897049785 0.00516944145783782 0.00498631922528148 0.00482133170589805 0.00467355875298381 0.00458631198853254 0.00445521622896194 0.00424268841743469 0.00403449870646
0.00920389965176582 0.00922191143035889 0.00922652520239353 0.00922392588108778 0.0091888690367341 0.00914458092302084 0.00912095047533512 -9999 -9999 -9999 -9999 0.00947436224669218 0.00995773728936911 0.0103818075731397 0.0107244597747922 0.0109239984303713 0.0110064465552568 0.0110596753656864 0.0110990628600121 0.0112388897687197 0.01140271499753 0.0113028828054667 0.011173983104527 0.01088563259691 0.010494327172637 0.00967214070260525 0.00893143378198147 0.00836273841559887 0.00783179141581059 0.00734698260203004 0.00688801007345319 0.0064478563144803 0.00614479742944241 0.00589851383119822 0.00569487130269408 0.00549961114302278 0.00529985968023539 0.00510114058852196 0.00491413287818432 0.00474537769332528 0.00464079901576042 0.00448156474158168 0.00422082887962461 0.00398213183507323
0.00908813066780567 0.00916761253029108 0.00919770076870918 0.00920119136571884 0.00917638000100851 0.00914351921528578 0.00912095047533512 0.00909942202270031 0.00907756853848696 0.00908331573009491 0.009229457937181 0.00947436224669218 0.00995773728936911 0.0103818075731397 0.0107244597747922 0.0109060006216168 0.0109557257965207 0.0110643012449145 0.0112007539719343 0.0112578049302101 0.0112958857789636 0.0111645460128784 0.0110048437491059 0.0106017151847482 0.0101054329425097 0.00921929348260164 0.00847933534532785 0.00804797559976578 0.00763230863958597 0.00723582087084651 0.00682149175554514 0.0063941664993763 0.00618078792467713 0.00605601258575916 0.00588727788999677 0.0057099019177258 0.00550826545804739 0.00529922498390079 0.00502663059160113 0.00476881349459291 0.00456295581534505 0.00433231750503182 0.00405565928667784 0.00383632117882371
0.00884629599750042 0.00900331605225801 0.00909996312111616 0.00916410144418478 0.00916455779224634 0.00914690177887678 0.00911555346101522 0.00908340327441692 0.00906745344400406 0.00908070616424084 0.00924250297248363 0.00947581510990858 0.00988180749118328 0.0102162258699536 0.0104523813351989 0.0105805415660143 0.0106203416362405 0.0107435863465071 0.0109063573181629 0.0109156342223287 0.0108882365748286 0.0107676638290286 0.0106185637414455 0.0101474188268185 0.00960013177245855 0.00873418617993593 0.00804326217621565 0.00772182224318385 0.00739628169685602 0.00706572830677032 0.00671365717425942 0.00634591234847903 0.00618624966591597 0.0061127613298595 0.00597343873232603 0.00582117540761828 0.0056008524261415 0.00536719942465425 0.00502794701606035 0.00470863142982125 0.00445941695943475 0.0041945893317461 0.00390076776966453 0.00369055545888841
0.00842622667551041 0.00868350081145763 0.00890479609370232 0.00910671707242727 0.00915367715060711 0.00915656704455614 0.0091025261208415 0.00904473569244146 0.00904303696006536 0.00907440669834614 0.00927399098873138 0.00947932153940201 0.00969852600246668 0.00981654040515423 0.00979563407599926 0.00982038769870996 0.00988249760121107 0.0099628996104002 0.010051965713501 0.0100629534572363 0.0100552858784795 0.0100052459165454 0.00992528721690178 0.00945223774760962 0.00893025286495686 0.008203468285501 0.00762984715402126 0.00737956538796425 0.00710858823731542 0.00681231776252389 0.00654740910977125 0.00630534347146749 0.00614854879677296 0.0060270675458014 0.00590938841924071 0.00579245621338487 0.00552969239652157 0.00525122182443738 0.0048720738850534 0.00453022960573435 0.00431954907253385 0.00407314719632268 0.00376040767878294 0.00354485306888819
0.0081225698813796 0.00838844384998083 0.0086381109431386 0.00887904968112707 0.00895622931420803 0.00898683536797762 0.00896552298218012 0.00893958378583193 0.00893221981823444 0.00895151868462563 0.00910644885152578 0.00924120098352432 0.00932723190635443 0.00932818371802568 0.00921233464032412 0.009211091324687 0.00930361542850733 0.00935694389045238 0.00939170550554991 0.00939673464745283 0.00939465966075659 0.0093454560264945 0.00926823262125254 0.00883031170815229 0.00835891626775265 0.00774742197245359 0.00724848592653871 0.00698716938495636 0.00672667985782027 0.00646720128133893 0.00625827210023999 0.0060861618258059 0.00597145222127438 0.00588051369413733 0.00579217681661248 0.00570435030385852 0.0054176808334887 0.00511643895879388 0.0047447863034904 0.00440556416288018 0.00418037082999945 0.00392994144931436 0.00363264442421496 0.00341744278557599
0.0079169450327754 0.00811423547565937 0.00831119902431965 0.00850798469036818 0.0086016682907939 0.00866602826863527 0.00872411578893661 0.00877844449132681 0.00874864216893911 0.00873044785112143 0.00877129938453436 0.00879960227757692 0.0087976073846221 0.00876515451818705 0.00869088713079691 0.00872883573174477 0.00885859783738852 0.00889813154935837 0.00889492686837912 0.00888753961771727 0.00887915212661028 0.00877209194004536 0.00864168163388968 0.00827007554471493 0.0078705633059144 0.00735425762832165 0.0068941181525588 0.00655255047604442 0.00626543071120977 0.00604485766962171 0.00586564792320132 0.00571656646206975 0.00567696755751967 0.0056827082298696 0.00563019700348377 0.00556623470038176 0.00527126714587212 0.00496581988409162 0.00464157108217478 0.00432615075260401 0.0040417741984129 0.00376840820536017 0.00351548916660249 0.00330543634481728
0.00772633915767074 0.00787438917905092 0.00801451411098242 0.00815037358552217 0.00824789330363274 0.00833451095968485 0.0084014879539609 0.00846271030604839 0.00842283200472593 0.00838722754269838 0.00837336573749781 0.0083560710772872 0.00833048950880766 0.00829715933650732 0.00825319066643715 0.00828395131975412 0.00837585423141718 0.00840190146118402 0.00839675404131413 0.00836072023957968 0.0083173057064414 0.0081383278593421 0.00794088374823332 0.00761022139340639 0.00725523661822081 0.00679845781996846 0.00639966782182455 0.00612329738214612 0.00589480437338352 0.00572482775896788 0.00558309396728873 0.00546193262562156 0.00545399961993098 0.00549295824021101 0.00543069327250123 0.00534852966666222 0.00505912955850363 0.00475907418876886 0.00442990241572261 0.00410772999748588 0.00381016917526722 0.00353336078114808 0.00329509191215038 0.00307669909670949
