Ecospace-environmental-drivers/Outputs/ASCII-for-ecospace/MOM6-ISIMIP3a/phyc/1991-01_phyc_MOM6-ISIMIP3a.asc
NCOLS 131 
NROWS 53 
XLLCORNER -98 
YLLCORNER 23.9265270233154 
CELLSIZE 0.133587792515755 
NODATA_value -9999 
[rows 19 to 37 of 53, columns 44 to 87 of 131]
0.00552548235282302 0.00567216100171208 0.00586951803416014 0.00609416235238314 0.00628455309197307 0.00646520173177123 0.00667267991229892 0.00687953503802419 0.00699542416259646 0.0071028252132237 0.00716704782098532 0.00722603313624859 0.00727237109094858 0.00726009393110871 0.00716734491288662 0.00717923417687416 0.00727673480287194 0.00711278477683663 0.00682499073445797 0.00647940114140511 0.00612000236287713 0.00572837935760617 0.00533440755680203 0.00493847159668803 0.00454275077208877 0.004147928673774 0.00379226007498801 0.00351924658752978 0.00331276445649564 0.00318759749643505 0.00313722225837409 0.00314132450148463 0.00324982684105635 0.00340156513266265 0.00344874011352658 0.0034753605723381 0.00335435778833926 0.003223319305107 0.0030476504471153 0.00287302350625396 0.00270206015557051 0.00256013101898134 0.00247212173417211 0.00238289078697562
0.00489703891798854 0.00506524415686727 0.00524147134274244 0.00542201846837997 0.00556099647656083 0.00568815227597952 0.00586504768580198 0.00604606280103326 0.00620084535330534 0.006342520006001 0.00641751615330577 0.00646761665120721 0.00645760353654623 0.00640565995126963 0.00629615131765604 0.00631821528077126 0.00644792849197984 0.00632190890610218 0.00607475405558944 0.00574500299990177 0.00539551628753543 0.00499280542135239 0.00459076650440693 0.00425173062831163 0.00391111942008138 0.00356391537934542 0.00327207241207361 0.00309710158035159 0.0029899172950536 0.0029655818361789 0.00298148859292269 0.00302670733071864 0.00316167948767543 0.00333382142707705 0.00338518340140581 0.00341280270367861 0.00330575671978295 0.00318825477734208 0.00301732588559389 0.00284918141551316 0.00269082677550614 0.00254710065200925 0.0024305407423526 0.00231991708278656
0.00422667572274804 0.00443146005272865 0.00459254253655672 0.00473009329289198 0.00481619127094746 0.00488765677437186 0.00501077761873603 0.00514139514416456 0.00533166015520692 0.00550379045307636 0.00558366905897856 0.0056165368296206 0.00553589221090078 0.00544162187725306 0.00532864546403289 0.00536631653085351 0.00552724301815033 0.00544593064114451 0.00524987513199449 0.00495225563645363 0.0046303691342473 0.00424556946381927 0.0038640049751848 0.00359243364073336 0.0033154496923089 0.00301581411622465 0.00278444844298065 0.00269720563665032 0.00268005230464041 0.00274856318719685 0.00282903108745813 0.00291820871643722 0.00307199894450605 0.00325254769995809 0.00330316694453359 0.00332824513316154 0.00323981349356472 0.00314050726592541 0.00297603057697415 0.00281856209039688 0.0026857340708375 0.00254804920405149 0.00240134517662227 0.00226535368710756
0.00370047520846128 0.00386056094430387 0.00393930310383439 0.00397424539551139 0.00401662848889828 0.00406112801283598 0.00416123680770397 0.0042683226056397 0.00441011134535074 0.00453462358564138 0.00457125250250101 0.00460382690653205 0.00462661124765873 0.00460413843393326 0.00451953336596489 0.00455269264057279 0.00468220328912139 0.00454778876155615 0.0042883581481874 0.00408350024372339 0.00389168155379593 0.00361747550778091 0.0033401504624635 0.00309980497695506 0.00286684627644718 0.00266480166465044 0.00252541713416576 0.00251831277273595 0.00255400571040809 0.00264200544916093 0.00274126860313118 0.0028487357776612 0.00299750384874642 0.00316337589174509 0.0031931665726006 0.00319620687514544 0.0030757721979171 0.00294666620902717 0.00277752382680774 0.00262393616139889 0.00252503948286176 0.00241719326004386 0.0022927273530513 0.00217166496440768
0.00319701922126114 0.00330715370364487 0.00330364820547402 0.00323895225301385 0.00323931523598731 0.00325818080455065 0.00333469570614398 0.00341730518266559 0.00350513705052435 0.00357732269912958 0.00356991635635495 0.00360311497934163 0.00373435765504837 0.00378778530284762 0.00373438326641917 0.00376157113350928 0.00385469547472894 0.00366783514618874 0.00334835215471685 0.00323789776302874 0.00317738740704954 0.00301616615615785 0.0028453073464334 0.00263488059863448 0.00244499021209776 0.00234104669652879 0.00229264283552766 0.00236148689873517 0.00244507170282304 0.00254667224362493 0.00266028242185712 0.00278264028020203 0.0029223442543298 0.00306923151947558 0.00307520409114659 0.00305347610265017 0.00289619131945074 0.00273272907361388 0.00255795824341476 0.00240735779516399 0.00234174053184688 0.00226561515592039 0.00216997507959604 0.00206989259459078
0.00288587063550949 0.00296256178990006 0.0029636297840625 0.00292397802695632 0.00289865373633802 0.00287740421481431 0.0028816785197705 0.00289010629057884 0.00294013181701303 0.0029813963919878 0.00297809601761401 0.00300555792637169 0.00310729839839041 0.00315946014598012 0.00314355711452663 0.00316622643731534 0.00322045455686748 0.00311615201644599 0.00293675716966391 0.0028708369936794 0.00283202948048711 0.00270559405907989 0.00257162027992308 0.00241554109379649 0.00227781385183334 0.00221689138561487 0.00220296415500343 0.0022882476914674 0.00238517625257373 0.00249633775092661 0.00260899402201176 0.00272273924201727 0.00281694578006864 0.00290306098759174 0.00286138034425676 0.00279457797296345 0.00258472096174955 0.00237262900918722 0.00219045812264085 0.0020367216784507 0.00198296294547617 0.00193940871395171 0.00191480573266745 0.00188439362682402
0.00259450124576688 0.00263412459753454 0.0026305781211704 0.00260378699749708 0.00255036959424615 0.00248937937431037 0.00243510049767792 0.00238401838578284 0.00240070628933609 0.00241493503563106 0.00241665472276509 0.0024396306835115 0.00251393276266754 0.00256682536564767 0.00259032542817295 0.00261388858780265 0.00263750343583524 0.00260615209117532 0.0025487644597888 0.00252275937236845 0.00250425236299634 0.00241342862136662 0.00231683603487909 0.00220859237015247 0.00211559515446424 0.00208640517666936 0.00209574005566537 0.0021864038426429 0.00229077227413654 0.00241189054213464 0.00252743740566075 0.00263892603106797 0.00268821697682142 0.00271174940280616 0.00262478226795793 0.00251609343104064 0.00226967548951507 0.00202504359185696 0.0018476857803762 0.00170081004034728 0.00166111101862043 0.00164649402722716 0.00167845713440329 0.00170373066794127
0.0023898589424789 0.00237652030773461 0.00232807383872569 0.00226072315126657 0.00216866261325777 0.0020695747807622 0.0020167559850961 0.00197049602866173 0.00197344203479588 0.00197766977362335 0.00198841653764248 0.00201239087618887 0.00206830562092364 0.00213068374432623 0.00220193481072783 0.00225012376904488 0.00227944389916956 0.00227892026305199 0.00226426008157432 0.00225791824050248 0.00225356360897422 0.00220196903683245 0.00214493554085493 0.00205597374588251 0.00197511399164796 0.00192816031631082 0.00191158428788185 0.00195913761854172 0.00204505701549351 0.00217786803841591 0.0023131628986448 0.00245026662014425 0.00245719007216394 0.00241020135581493 0.0022883249912411 0.00215172744356096 0.00193895446136594 0.00173233076930046 0.0016133381286636 0.00151715439278632 0.00150116800796241 0.00149955425877124 0.00152463174890727 0.00154427159577608
0.00218698824755847 0.00212669931352139 0.00204715225845575 0.00195723539218307 0.00184705248102546 0.00173110573086888 0.00168118567671627 0.00163943239022046 0.00163570092990994 0.00163516832981259 0.00165090872906148 0.00167264300398529 0.00170885038096458 0.00176527409348637 0.00184945215005428 0.00190286757424474 0.00193111377302557 0.00195061543490738 0.00196597492322326 0.00197414006106555 0.00198058597743511 0.00196285173296928 0.00194059161003679 0.00187663407996297 0.00181544409133494 0.00176583626307547 0.00173780380282551 0.00175531895365566 0.00182187755126506 0.00194837735034525 0.00208191853016615 0.0022205887362361 0.00220132269896567 0.00211665011011064 0.00198563328012824 0.00184550625272095 0.00167053088080138 0.00150374183431268 0.00142952986061573 0.00137231033295393 0.0013748366618529 0.00138224824331701 0.00139873253647238 0.00140827288851142
0.00198798277415335 0.00189385958947241 0.0018133211415261 0.00174009741749614 0.0016565645346418 0.00157009973190725 0.00152621627785265 0.00148828176315874 0.00149328564293683 0.00149942794814706 0.00151136168278754 0.00152378913480788 0.00153740937821567 0.00155419181101024 0.0015753157204017 0.00159163086209446 0.00160401163157076 0.00161996961105615 0.00163762189913541 0.00164904375560582 0.00165897700935602 0.00166338903363794 0.00166546099353582 0.00163899268954992 0.00161390751600266 0.00159461155999452 0.00158666062634438 0.00160266004968435 0.00164786772802472 0.001728774048388 0.00181364885065705 0.00190141424536705 0.00189125689212233 0.00184054626151919 0.00175661267712712 0.00166614819318056 0.00153803138528019 0.00141506129875779 0.00135599134955555 0.00131214770954102 0.0013218407984823 0.00132959906477481 0.00133376417215914 0.00132346095051616
0.00182441878132522 0.00173358770553023 0.00166138343047351 0.00159920880105346 0.00153272750321776 0.00146502128336579 0.00142459850758314 0.00138855504337698 0.00139534915797412 0.00140222371555865 0.00140950677450746 0.00141420960426331 0.00141268246807158 0.0014054604107514 0.00139042013324797 0.00138182914815843 0.00137851480394602 0.00138716388028115 0.00140147982165217 0.0014144133310765 0.00142701645381749 0.00144181842915714 0.00145578302908689 0.00145536032505333 0.00145548931322992 0.00145792670082301 0.00146562769077718 0.00148444040678442 0.00151842785999179 0.00157096202019602 0.00162675720639527 0.00168492749799043 0.00168460083659738 0.0016600483795628 0.00160236225929111 0.00153816281817853 0.00144365010783076 0.00135237677022815 0.00130371341947466 0.00126756844110787 0.00127543834969401 0.00127806991804391 0.00127097324002534 0.00124578224495053
0.00170544302091002 0.00166461186017841 0.00161247397772968 0.00155424815602601 0.0014927425654605 0.00143030437175184 0.00139010138809681 0.00135352357756346 0.00135337072424591 0.00135350099299103 0.00135507166851312 0.00135404034517705 0.00134672573767602 0.0013351715169847 0.00131779699586332 0.00129964097868651 0.00128084560856223 0.00127744907513261 0.00128134666010737 0.00129359622951597 0.001307841273956 0.00131824263371527 0.00132844992913306 0.00133967597503215 0.00135131715796888 0.00136469583958387 0.00138247606810182 0.00140954821836203 0.00144506059587002 0.00149088853504509 0.00154224573634565 0.00159763020928949 0.00160804262850434 0.00159983057528734 0.0015421787975356 0.0014748084358871 0.00139722495805472 0.00132239703088999 0.00127818319015205 0.00124259432777762 0.00123733084183186 0.00122794974595308 0.00121092156041414 0.00117707753088325
0.001629026257433 0.00162470771465451 0.001586944446899 0.00153117277659476 0.00147160550113767 0.00141095893923193 0.00137211405672133 0.0013365886406973 0.00133043038658798 0.00132432265672833 0.00131847115699202 0.0013105469988659 0.00129761779680848 0.00128241116181016 0.00126407796051353 0.00124317046720535 0.00122015655506402 0.00121254753321409 0.00121223530732095 0.00122496846597642 0.00124081876128912 0.00124815630260855 0.00125538860447705 0.00126960058696568 0.00128466822206974 0.0013033167924732 0.00132567854598165 0.00135587935801595 0.00139113655313849 0.00143257377203554 0.0014797521289438 0.00153111212421209 0.00154415215365589 0.00154132267925888 0.00148889189586043 0.00142671063076705 0.00135695934295654 0.00128923379816115 0.0012440353166312 0.00120592606253922 0.00119274330791086 0.00117720116395503 0.00115727772936225 0.00112379773054272
0.00158452917821705 0.0016066076932475 0.0015789499739185 0.00152451160829514 0.00146460451651365 0.00140314223244786 0.00136650935746729 0.00133322633337229 0.00132176908664405 0.00130980275571346 0.00129524676594883 0.00127956073265523 0.00126114650629461 0.00124279723968357 0.00122453726362437 0.00120598846115172 0.00118720310274512 0.00118125625886023 0.00118139071855694 0.0011954833753407 0.00121291121467948 0.00121818762272596 0.00122303154785186 0.00123373244423419 0.00124616210814565 0.00126582686789334 0.00128864694852382 0.00131812796462327 0.00135179504286498 0.00139057834167033 0.00143377215135843 0.00148017867468297 0.0014897626824677 0.00148409721441567 0.00144077732693404 0.00139005563687533 0.00132131366990507 0.00125368277076632 0.00120342394802719 0.0011604871833697 0.0011432955507189 0.00112598144914955 0.00110843998845667 0.00108208670280874
0.00155911908950657 0.00158161565195769 0.00155303883366287 0.00149696110747755 0.00143997115083039 0.00138272170443088 0.00135090539697558 0.00132219074293971 0.00130693148821592 0.00129107793327421 0.00127220083959401 0.00125242106150836 0.00123046163935214 0.0012112963013351 0.00119596719741821 0.0011823388049379 0.0011701020412147 0.0011685659410432 0.00117209856398404 0.00118409853894264 0.00119812169577926 0.00119781191460788 0.00119694916065782 0.00120236678048968 0.00121036823838949 0.00122918374836445 0.00125200347974896 0.0012832764768973 0.0013188534649089 0.00135969114489853 0.00139694707468152 0.00143159402068704 0.00143811770249158 0.0014329943805933 0.00139121315442026 0.00134222581982613 0.00126797740813345 0.00119547371286899 0.00114915298763663 0.00111028796527535 0.00109763699583709 0.00108506099786609 0.00107262411620468 0.0010570966405794
0.00154188927263021 0.00155366992112249 0.00151944893877953 0.00146045780275017 0.00140778080094606 0.0013568993890658 0.00133101607207209 0.00130786665249616 0.00128944695461541 0.00127055088523775 0.00124923151452094 0.00122692994773388 0.00120225665159523 0.00118327257223427 0.00117209879681468 0.00116448884364218 0.00115979486145079 0.00116384739521891 0.00117204315029085 0.00118047092109919 0.00118895410560071 0.00118154776282609 0.00117355585098267 0.00117293070070446 0.00117573689203709 0.00119290361180902 0.00121552648488432 0.00124966772273183 0.0012886548647657 0.00133356463629752 0.00136404542718083 0.00138401612639427 0.00138764886651188 0.00138451554812491 0.00134102755691856 0.00128960679285228 0.00120705913286656 0.00112755375448614 0.00108902808278799 0.00105804856866598 0.00105360243469477 0.00104855454992503 0.0010423893108964 0.00103927275631577
0.00151660095434636 0.00150651868898422 0.00146597356069833 0.00140902562998235 0.00136741902679205 0.00133017543703318 0.00130863511003554 0.00128860422410071 0.00126593490131199 0.00124336569570005 0.00122130638919771 0.00119902624282986 0.00117621256504208 0.0011624040780589 0.00116095854900777 0.00116946059279144 0.00118610134813935 0.00120599719230086 0.00122743484098464 0.00123369286302477 0.00123632384929806 0.00121817656327039 0.00119888503104448 0.00118371727876365 0.00117356341797858 0.00118439341895282 0.00120088539551944 0.00122933054808527 0.00125890458002687 0.00128985848277807 0.00130707153584808 0.00131427613086998 0.00131158379372209 0.00130479282233864 0.00126156955957413 0.00121118477545679 0.0011397625785321 0.00107178743928671 0.00104509596712887 0.0010246749734506 0.00102630176115781 0.00102775823324919 0.0010288986377418 0.0010373480618
0.0014896453358233 0.0014553937362507 0.00140838394872844 0.00135450449306518 0.00132536655291915 0.00130326498765498 0.00128573854453862 0.00126832013484091 0.00124117557425052 0.00121480284724385 0.00119235599413514 0.00117062346544117 0.00115061562974006 0.00114301615394652 0.00115245184861124 0.00117915403097868 0.00121998332906514 0.00125784403644502 0.00129429867956787 0.00129867705982178 0.00129539135377854 0.00126574898604304 0.00123429484665394 0.00120282580610365 0.00117810547817498 0.00118162878789008 0.00119076238479465 0.00121173937804997 0.00122924719471484 0.00124251493252814 0.00124511716421694 0.00123995076864958 0.00123022275511175 0.00121860567014664 0.00117605517152697 0.00112742406781763 0.00107114634010941 0.00101853569503874 0.00100451416801661 0.000995204783976078 0.00100246327929199 0.00101021234877408 0.00101887225173414 0.0010387129150331
0.00145207578316331 0.00141179095953703 0.0013690065825358 0.00132487644441426 0.0013010036200285 0.0012828919570893 0.00126268749590963 0.00124213402159512 0.00121794047299773 0.00119449256453663 0.00117483839858323 0.00115771871060133 0.00114671885967255 0.00115090911276639 0.00117595342453569 0.00122468871995807 0.00129280763212591 0.00135024695191532 0.00140262767672539 0.00140780990477651 0.00140171498060226 0.00135743001010269 0.00131030171178281 0.00125997513532639 0.0012188054388389 0.00121595745440573 0.00121450319420546 0.00121599074918777 0.00121440005023032 0.00120904692448676 0.0011989704798907 0.0011854536132887 0.00116801518015563 0.00114895263686776 0.00111084466334432 0.00106899265665561 0.00102881074417382 0.000992031418718398 0.000987885985523462 0.000987631152383983 0.0010010558180511 0.00101372529752553 0.0010249923216179 0.00105007528327405
