Ecospace-environmental-drivers/Outputs/ASCII-for-ecospace/MOM6-ISIMIP3a/phyc/1992-05_phyc_MOM6-ISIMIP3a.asc
NCOLS 131 
NROWS 53 
XLLCORNER -98 
YLLCORNER 23.9265270233154 
CELLSIZE 0.133587792515755 
NODATA_value -9999 
[rows 0 to 18 of 53, columns 44 to 87 of 131]
-9999 -9999 -9999 -9999 -9999 -9999 -9999 -9999 -9999 -9999 -9999 -9999 -9999 -9999 -9999 -9999 -9999 -9999 -9999 -9999 -9999 -9999 -9999 -9999 -9999 -9999 -9999 -9999 -9999 -9999 -9999 -9999 -9999 -9999 -9999 -9999 -9999 -9999 -9999 -9999 -9999 -9999 -9999 -9999
-9999 -9999 -9999 -9999 -9999 -9999 -9999 -9999 -9999 -9999 -9999 -9999 -9999 -9999 -9999 -9999 -9999 -9999 -9999 -9999 -9999 -9999 -9999 -9999 -9999 -9999 -9999 -9999 -9999 -9999 -9999 -9999 -9999 -9999 -9999 -9999 -9999 -9999 -9999 -9999 -9999 -9999 -9999 -9999
-9999 -9999 -9999 -9999 -9999 -9999 -9999 -9999 -9999 -9999 -9999 -9999 -9999 -9999 -9999 -9999 -9999 -9999 -9999 -9999 -9999 -9999 -9999 -9999 -9999 -9999 -9999 -9999 -9999 -9999 0.0108077917248011 0.010796407237649 -9999 -9999 -9999 -9999 -9999 -9999 -9999 -9999 -9999 -9999 -9999 -9999
-9999 -9999 -9999 -9999 -9999 -9999 -9999 -9999 -9999 -9999 -9999 -9999 -9999 -9999 -9999 -9999 -9999 -9999 -9999 -9999 -9999 -9999 -9999 -9999 -9999 -9999 -9999 -9999 -9999 -9999 0.0107918716967106 0.0107908900827169 -9999 -9999 -9999 -9999 -9999 -9999 -9999 -9999 -9999 -9999 -9999 -9999
-9999 -9999 -9999 -9999 -9999 -9999 -9999 -9999 -9999 -9999 -9999 -9999 -9999 -9999 -9999 -9999 -9999 -9999 -9999 -9999 -9999 0.0113426307216287 0.0113375196233392 0.011333430185914 0.0113095762208104 0.0112719256430864 0.0111674983054399 0.0110369557514787 0.010914639569819 0.0108322696760297 0.0107749290764332 0.0107684154063463 0.0108293257653713 -9999 -9999 0.0100296949967742 0.00902349967509508 0.0077679231762886 0.0066405781544745 0.00580004835501313 0.00519920652732253 0.00486886873841286 0.00468431552872062 0.00463838689029217
-9999 -9999 -9999 -9999 -9999 -9999 -9999 -9999 -9999 -9999 -9999 -9999 -9999 -9999 -9999 -9999 -9999 0.0110219828784466 -9999 0.0109434416517615 0.0108788590878248 0.0111185377463698 0.0113426307216287 0.0113364970311522 0.011333430185914 0.0112857222557068 0.0111966244876385 0.011020147241652 0.0108940955251455 0.0108296750113368 0.0107730384916067 0.010722073726356 0.0108101340010762 0.0109557695686817 0.010699019767344 0.010363170877099 0.00902689341455698 0.00768043519929051 0.00659644044935703 0.00564485881477594 0.00515884626656771 0.00479391496628523 0.00465384451672435 0.00460518756881356
-9999 -9999 -9999 -9999 -9999 -9999 -9999 -9999 -9999 -9999 -9999 -9999 -9999 0.0115819163620472 0.0115774711593986 0.0115727121010423 0.0115559184923768 0.011281699873507 0.0110318772494793 0.0110120894387364 0.0109393754974008 0.0108788590878248 0.011134123429656 0.0113426307216287 0.011333430185914 0.0112857222557068 0.0111966244876385 0.011020147241652 0.0108940955251455 0.0108296750113368 0.0107730384916067 0.010722073726356 0.0108101340010762 0.0109557695686817 0.010699019767344 0.010363170877099 0.00902689341455698 0.00768043519929051 0.00659644044935703 0.00564485881477594 0.00515884626656771 0.00479391496628523 0.00465384451672435 0.00460518756881356
-9999 -9999 -9999 -9999 -9999 -9999 -9999 -9999 -9999 -9999 -9999 -9999 -9999 0.0116057498380542 0.0115819163620472 0.0115730259567499 -9999 0.0115315373986959 0.0112698031589389 0.0110516650602221 0.0110120894387364 0.010927177965641 0.0108788590878248 0.0111808814108372 0.0113816456869245 0.0111586349084973 0.0109291989356279 0.0106861991807818 0.0105006340891123 0.0103852655738592 0.010289590805769 0.0102082593366504 0.0101804556325078 0.0101748192682862 0.00977369677275419 0.00929483119398355 0.0081272330135107 0.00696222111582756 0.0060716331936419 0.00528092728927732 0.00484141148626804 0.00451044086366892 0.00438105221837759 0.00432990258559585
-9999 0.0102983806282282 -9999 -9999 -9999 -9999 -9999 -9999 -9999 -9999 -9999 -9999 -9999 -9999 -9999 -9999 -9999 0.011543526314199 0.0114869512617588 0.0112547818571329 0.0110912406817079 0.0110120894387364 0.0108905863016844 0.0112343514338136 0.0114319091662765 0.0110175777226686 0.0106348060071468 0.0103186620399356 0.0100665576756001 0.00989272259175777 0.00975011195987463 0.00963024329394102 0.00946951843798161 0.00929187331348658 0.00873157847672701 0.00809606444090605 0.00711891334503889 0.0061583686619997 0.00548363802954555 0.00487287156283855 0.00448700645938516 0.00419521937146783 0.00407814607024193 0.00402477104216814
0.0102983806282282 0.0103121986612678 0.0103225111961365 0.0103237442672253 -9999 -9999 -9999 -9999 -9999 -9999 -9999 -9999 -9999 0.0111646754667163 0.0116301784291863 -9999 -9999 -9999 0.0115023087710142 0.0114121893420815 0.0112560829147696 0.0111703919246793 0.0111946612596512 0.0113435378298163 0.0113695971667767 0.0108816493302584 0.0104338396340609 0.010070763528347 0.00973809231072664 0.009442581795156 0.00913202203810215 0.00881050154566765 0.00837463047355413 0.00789140444248915 0.00721418717876077 0.00649883598089218 0.0058150147087872 0.00515617150813341 0.00472992658615112 0.00433947378769517 0.00407487014308572 0.00387153215706348 0.00378197128884494 0.00374487903900445
0.0103061161935329 0.0103200431913137 0.0103242546319962 0.010323234833777 0.0103231593966484 -9999 -9999 -9999 -9999 -9999 -9999 -9999 -9999 0.0109756058081985 0.0113063026219606 0.0116301784291863 -9999 -9999 0.011510793119669 0.0114142168313265 0.0113115590065718 0.0113721564412117 0.011436466127634 0.0113915642723441 0.0112532312050462 0.0107238730415702 0.0102373352274299 0.00984119158238173 0.00944013614207506 0.00903307739645243 0.00855647958815098 0.00802923087030649 0.00733827892690897 0.00657953135669231 0.00581246893852949 0.00504377204924822 0.00462230015546083 0.004232716280967 0.00402902206405997 0.00383673678152263 0.00368456658907235 0.00356354331597686 0.00350036378949881 0.00347783928737044
0.0103082880377769 0.0103206066414714 0.0103242546319962 0.010323234833777 0.0103230085223913 0.0103854313492775 0.0103986589238048 -9999 -9999 -9999 -9999 -9999 -9999 -9999 0.0111863305792212 0.0114094307646155 0.0116301784291863 0.0115819163620472 0.011510793119669 0.0114142168313265 0.0113115590065718 0.0113320928066969 0.0113442651927471 0.0111115388572216 0.0108469324186444 0.010448906570673 0.0100647611543536 0.00970991980284452 0.00930582825094461 0.00884154252707958 0.00820915307849646 0.00745431985706091 0.00661590322852135 0.00574287166818976 0.00503120198845863 0.00435125175863504 0.00402595708146691 0.00373161700554192 0.003611363703385 0.00349845457822084 0.00341136730276048 0.00333975837565958 0.00329689402133226 0.00327973696403205
0.010331773199141 0.0103460559621453 0.0103517351672053 0.0103527801111341 0.0103870509192348 0.0104307709261775 0.0104008931666613 -9999 -9999 -9999 -9999 0.0104093290865421 0.0107723353430629 0.0110419895499945 0.0111834844574332 0.0113335186615586 0.0114905405789614 0.0115007916465402 0.0114415194839239 0.0113549064844847 0.0112617621198297 0.0112526984885335 0.0112262973561883 0.010863471776247 0.0105125000700355 0.0102111389860511 0.00990035478025675 0.00956967659294605 0.00916534475982189 0.00867099314928055 0.00794962793588638 0.00706291012465954 0.00615028943866491 0.00522694131359458 0.00455194665119052 0.0039257719181478 0.0036348991561681 0.00337481731548905 0.00329422485083342 0.00322209112346172 0.00317969871684909 0.00314349494874477 0.00311878393404186 0.00310795265249908
0.0104085421189666 0.0104337250813842 0.0104479165747762 0.0104561895132065 0.0104483729228377 0.0104359816759825 0.0104008931666613 0.0103643136098981 0.0103502068668604 0.0103353094309568 0.010316395200789 0.0104093290865421 0.0107723353430629 0.0110419895499945 0.0111834844574332 0.0112417973577976 0.0112320547923446 0.0112168500199914 0.0111990571022034 0.0111473193392158 0.0110874716192484 0.0110749732702971 0.0110439108684659 0.0106953037902713 0.0103577366098762 0.0100663714110851 0.0097563648596406 0.00940700434148312 0.00900942459702492 0.00855290982872248 0.00790961273014545 0.0071302643045783 0.00632659392431378 0.00551285082474351 0.00482773641124368 0.00416790740564466 0.00375706516206264 0.00337877380661666 0.00322838895954192 0.00310052721761167 0.0030518586281687 0.00301603716798127 0.00300407456234097 0.00300196465104818
0.0102773858234286 0.010368263348937 0.0104475365951657 0.0105205597355962 0.0105325886979699 0.0105272717773914 0.0104843806475401 0.0104387104511261 0.0104218553751707 0.0104021690785885 0.0103680836036801 0.0104208700358868 0.0106834191828966 0.0108734732493758 0.0109640005975962 0.0109450398012996 0.0108364978805184 0.010780175216496 0.0107485884800553 0.0107172271236777 0.0106859197840095 0.0106720151379704 0.0106412153691053 0.0103471046313643 0.0100567089393735 0.00978185515850782 0.00949298683553934 0.00917452946305275 0.00881210528314114 0.00839594285935163 0.00781304482370615 0.00710869813337922 0.00638374825939536 0.00565026607364416 0.00496568623930216 0.00429071951657534 0.00381194520741701 0.00336591713130474 0.00316880433820188 0.00300262914970517 0.00294523360207677 0.00290641561150551 0.00290209869854152 0.00290542189031839
0.00985225941985846 0.010086303576827 0.0103106340393424 0.0105297351256013 0.0106491716578603 0.0107402633875608 0.0106859039515257 0.0106182899326086 0.0105948019772768 0.0105635561048985 0.0104928491637111 0.0104487258940935 0.010468790307641 0.0104667041450739 0.0104342084378004 0.0103583978489041 0.0102471467107534 0.0101275648921728 0.0100040370598435 0.00997255370020866 0.00996306352317333 0.00995061919093132 0.00992704275995493 0.00974437594413757 0.00954889040440321 0.00929975975304842 0.00906081311404705 0.00884336698800325 0.00855625607073307 0.00818399991840124 0.00763652240857482 0.00696141505613923 0.00627244636416435 0.00557773746550083 0.00490875449031591 0.00424482906237245 0.00377169484272599 0.00332929030992091 0.0031180577352643 0.0029381902422756 0.0028686027508229 0.00282201147638261 0.00281812599860132 0.00282223266549408
0.00880475249141455 0.00915795005857944 0.00949726346880198 0.00982910208404064 0.0100643904879689 0.0102722197771072 0.0102912234142423 0.0102897090837359 0.010256040841341 0.0102123841643333 0.0101179135963321 0.0100268693640828 0.00994409713894129 0.00984742306172848 0.00973166152834892 0.00959391705691814 0.00943818688392639 0.00924606714397669 0.00903670955449343 0.00902233645319939 0.00905455183237791 0.00905353389680386 0.00904459320008755 0.0089535741135478 0.00885053724050522 0.0086972126737237 0.00854939501732588 0.00841320492327213 0.0081735122948885 0.00780731905251741 0.00727840280160308 0.0066309617832303 0.00597714772447944 0.0053206947632134 0.00468208035454154 0.0040469728410244 0.00362037494778633 0.00322238053195179 0.00302837276831269 0.00286187883466482 0.00279212463647127 0.00274511100724339 0.00274032959714532 0.00274369725957513
0.00723312655463815 0.00768525572493672 0.00811422616243362 0.00853072479367256 0.0088889766484499 0.00923066306859255 0.00939447060227394 0.00953319668769836 0.0094863623380661 0.00942957680672407 0.00932216923683882 0.00922630075365305 0.00915829371660948 0.0090491808950901 0.0088836345821619 0.00867967586964369 0.0084442887455225 0.0081718172878027 0.0078817792236805 0.00789902731776237 0.00798969622701406 0.00800849590450525 0.00802043545991182 0.0080043924972415 0.00799173209816217 0.00799322966486216 0.00797124207019806 0.00789967272430658 0.00768390903249383 0.00729190791025758 0.00676735630258918 0.00614625681191683 0.00552690215408802 0.00490826927125454 0.0043124626390636 0.00372114265337586 0.00337552162818611 0.00305628427304327 0.00290589709766209 0.00277556967921555 0.00271577481180429 0.00267452979460359 0.00266773463226855 0.00266908132471144
0.00568174663931131 0.00608955789357424 0.00648279814049602 0.00686819199472666 0.00723769422620535 0.00760267674922943 0.00781265925616026 0.00800096336752176 0.00803233124315739 0.00804974231868982 0.00799615029245615 0.00796149671077728 0.00797256827354431 0.00795170664787292 0.00788700208067894 0.00775759341195226 0.00757524371147156 0.00730510428547859 0.00699338084086776 0.00697263097390532 0.00702140433713794 0.00702639389783144 0.00703049171715975 0.00706539722159505 0.00710738822817802 0.00717903487384319 0.00720971031114459 0.00715389335528016 0.0069475001655519 0.00655707251280546 0.00607454031705856 0.00552492076531053 0.00496925180777907 0.00441107759252191 0.00389981619082391 0.00339777674525976 0.00313271395862103 0.00289007206447423 0.00278072617948055 0.00268592243082821 0.00264224968850613 0.00261224224232137 0.00260761263780296 0.00260934745892882
