Ecospace-environmental-drivers/Outputs/ASCII-for-ecospace/MOM6-ISIMIP3a/phyc/1992-04_phyc_MOM6-ISIMIP3a.asc
NCOLS 131 
NROWS 53 
XLLCORNER -98 
YLLCORNER 23.9265270233154 
CELLSIZE 0.133587792515755 
NODATA_value -9999 
[rows 0 to 18 of 53, columns 44 to 87 of 131]
-9999 -9999 -9999 -9999 -9999 -9999 -9999 -9999 -9999 -9999 -9999 -9999 -9999 -9999 -9999 -9999 -9999 -9999 -9999 -9999 -9999 -9999 -9999 -9999 -9999 -9999 -9999 -9999 -9999 -9999 -9999 -9999 -9999 -9999 -9999 -9999 -9999 -9999 -9999 -9999 -9999 -9999 -9999 -9999
-9999 -9999 -9999 -9999 -9999 -9999 -9999 -9999 -9999 -9999 -9999 -9999 -9999 -9999 -9999 -9999 -9999 -9999 -9999 -9999 -9999 -9999 -9999 -9999 -9999 -9999 -9999 -9999 -9999 -9999 -9999 -9999 -9999 -9999 -9999 -9999 -9999 -9999 -9999 -9999 -9999 -9999 -9999 -9999
-9999 -9999 -9999 -9999 -9999 -9999 -9999 -9999 -9999 -9999 -9999 -9999 -9999 -9999 -9999 -9999 -9999 -9999 -9999 -9999 -9999 -9999 -9999 -9999 -9999 -9999 -9999 -9999 -9999 -9999 0.0106139248237014 0.0104030007496476 -9999 -9999 -9999 -9999 -9999 -9999 -9999 -9999 -9999 -9999 -9999 -9999
-9999 -9999 -9999 -9999 -9999 -9999 -9999 -9999 -9999 -9999 -9999 -9999 -9999 -9999 -9999 -9999 -9999 -9999 -9999 -9999 -9999 -9999 -9999 -9999 -9999 -9999 -9999 -9999 -9999 -9999 0.0106149418279529 0.0104096373543143 -9999 -9999 -9999 -9999 -9999 -9999 -9999 -9999 -9999 -9999 -9999 -9999
-9999 -9999 -9999 -9999 -9999 -9999 -9999 -9999 -9999 -9999 -9999 -9999 -9999 -9999 -9999 -9999 -9999 -9999 -9999 -9999 -9999 0.0112100373953581 0.0112227713689208 0.0112329581752419 0.0112923821434379 0.0113202454522252 0.0113093471154571 0.0111979236826301 0.0110146785154939 0.0108211040496826 0.0106158023700118 0.0104079181328416 0.010205190628767 -9999 -9999 0.00893405638635159 0.00804474577307701 0.00710706645622849 0.00637372164055705 0.00593075761571527 0.00561442226171494 0.00540644023567438 0.00521912472322583 0.00505567202344537
-9999 -9999 -9999 -9999 -9999 -9999 -9999 -9999 -9999 -9999 -9999 -9999 -9999 -9999 -9999 -9999 -9999 0.0110451253131032 -9999 0.0109738307073712 0.0109149487689137 0.0110716624185443 0.0112100373953581 0.0112253176048398 0.0112329581752419 0.0113518061116338 0.0113759730011225 0.0112002622336149 0.0110175358131528 0.0108262365683913 0.0106195397675037 0.0104016298428178 0.0102025857195258 0.0100113553926349 0.00960654951632023 0.00915975868701935 0.0080358600243926 0.00693861721083522 0.00634672213345766 0.00583582557737827 0.00560972513630986 0.00539771653711796 0.00521187949925661 0.00504777766764164
-9999 -9999 -9999 -9999 -9999 -9999 -9999 -9999 -9999 -9999 -9999 -9999 -9999 0.0116231217980385 0.0116169396787882 0.0116104390472174 0.0115877063944936 0.0113058909773827 0.0110539495944977 0.0110363010317087 0.0109702423214912 0.0109149487689137 0.0110900020226836 0.0112100373953581 0.0112329581752419 0.0113518061116338 0.0113759730011225 0.0112002622336149 0.0110175358131528 0.0108262365683913 0.0106195397675037 0.0104016298428178 0.0102025857195258 0.0100113553926349 0.00960654951632023 0.00915975868701935 0.0080358600243926 0.00693861721083522 0.00634672213345766 0.00583582557737827 0.00560972513630986 0.00539771653711796 0.00521187949925661 0.00504777766764164
-9999 -9999 -9999 -9999 -9999 -9999 -9999 -9999 -9999 -9999 -9999 -9999 -9999 0.0116562684997916 0.0116231217980385 0.0116107575595379 -9999 0.011554921977222 0.0112868435680866 0.0110715981572866 0.0110363010317087 0.0109594780951738 0.0109149487689137 0.0111450208351016 0.0112960394471884 0.0111162131652236 0.0109015349298716 0.0106132803484797 0.0103607550263405 0.0101518966257572 0.00986005179584026 0.00950776040554047 0.0091616315767169 0.00881805457174778 0.00838775373995304 0.00794040504842997 0.00717978551983833 0.00644019665196538 0.00601938040927052 0.00565356714650989 0.00548114441335201 0.00531499879434705 0.00516051054000854 0.00501037016510963
-9999 0.0101461373269558 -9999 -9999 -9999 -9999 -9999 -9999 -9999 -9999 -9999 -9999 -9999 -9999 -9999 -9999 -9999 0.011570799164474 0.0114955753087997 0.0112599460408092 0.011106894351542 0.0110363010317087 0.0109271854162216 0.0112221194431186 0.0113625302910805 0.0108562419191003 0.0103800529614091 0.00996740162372589 0.00963327381759882 0.00939511507749557 0.00900512002408504 0.00850452948361635 0.00800114311277866 0.00749659864231944 0.00704176397994161 0.00659670075401664 0.00623349845409393 0.00588531326502562 0.0056542088277638 0.0054495413787663 0.00533783016726375 0.00522305211052299 0.00510257901623845 0.00496738171204925
0.0101461373269558 0.010153085924685 0.0101569490507245 0.0101565467193723 -9999 -9999 -9999 -9999 -9999 -9999 -9999 -9999 -9999 0.0112784272059798 0.0116902431473136 -9999 -9999 -9999 0.0115156108513474 0.0113974502310157 0.0112434728071094 0.0111774876713753 0.0111988838762045 0.0113277696073055 0.01130660623312 0.0106574725359678 0.0100514991208911 0.00953664071857929 0.00898329354822636 0.00838290341198444 0.00777439726516604 0.00715997908264399 0.00670918123796582 0.00632614409551024 0.00597577262669802 0.00563182262703776 0.00545424781739712 0.00529371481388807 0.00523947179317474 0.00519399484619498 0.00517934001982212 0.00512982858344913 0.00501558370888233 0.00487596355378628
0.0101502360776067 0.010157753713429 0.010158215649426 0.0101548777893186 0.0101546319201589 -9999 -9999 -9999 -9999 -9999 -9999 -9999 -9999 0.0111214127391577 0.0114018898457289 0.0116902431473136 -9999 -9999 0.0115242069587111 0.0113995037972927 0.0112686399370432 0.0113354325294495 0.0114079741761088 0.0113665573298931 0.0111858388409019 0.0104221301153302 0.00970008876174688 0.00906600803136826 0.00830380711704493 0.0073850154876709 0.00658896798267961 0.00588232511654496 0.00547698838636279 0.00519643351435661 0.00495317718014121 0.00471725268289447 0.00472049228847027 0.00474197650328279 0.00485516339540482 0.00495828175917268 0.00502600101754069 0.00503077916800976 0.00491866981610656 0.0047737411223352
0.0101510537788272 0.010157966054976 0.010158215649426 0.0101548777893186 0.0101541392505169 0.0102600613608956 0.0103126019239426 -9999 -9999 -9999 -9999 -9999 -9999 -9999 0.0112945204600692 0.01146624609828 0.0116902431473136 0.0116231217980385 0.0115242069587111 0.0113995037972927 0.0112686399370432 0.0112782772630453 0.0112812491133809 0.0110467066988349 0.0107172587886453 0.00999062322080135 0.00922608003020287 0.00838150922209024 0.00746605265885592 0.00646395748481154 0.00564648630097508 0.00496349250897765 0.00456538889557123 0.00428526708856225 0.00416334671899676 0.00407252507284284 0.00423076609149575 0.00440404005348682 0.00463406788185239 0.00482895597815514 0.00490029016509652 0.0049004815518856 0.00476855365559459 0.00461356621235609
0.0101542333140969 0.0101774474605918 0.0101893562823534 0.0101951789110899 0.0102507146075368 0.0103203896433115 0.0103150028735399 -9999 -9999 -9999 -9999 0.0105481687933207 0.0109644187614322 0.0112269129604101 0.0112783210352063 0.0113783264532685 0.0115180918946862 0.0115096569061279 0.0114310225471854 0.0113271893933415 0.0112173352390528 0.0111840423196554 0.0111317550763488 0.0107264555990696 0.0102442866191268 0.00944041926413774 0.00857014488428831 0.00755968131124973 0.00655646715313196 0.00556211452931166 0.0047844429500401 0.00416459888219833 0.00380349415354431 0.00354954227805138 0.00353622692637146 0.00357021484524012 0.003852310590446 0.00414402456954122 0.00443993834778666 0.00468296650797129 0.00474004773423076 0.00472628325223923 0.00458094943314791 0.00442458083853126
0.0101633127778769 0.0102451024577022 0.0102983508259058 0.0103362323716283 0.0103372316807508 0.0103277405723929 0.0103150028735399 0.0103024123236537 0.0103027811273932 0.0103139029815793 0.0103797223418951 0.0105481687933207 0.0109644187614322 0.0112269129604101 0.0112783210352063 0.0112474542111158 0.0111492723226547 0.0111125223338604 0.0111048715189099 0.0110740838572383 0.0110377687960863 0.0109971072524786 0.0109253404662013 0.010405202396214 0.00976033601909876 0.00859346706420183 0.00745938532054424 0.00639452040195465 0.00546730030328035 0.00470831012353301 0.00412349868565798 0.00366555689834058 0.0034158700145781 0.00325242872349918 0.00331589044071734 0.00342395575717092 0.00375203927978873 0.00407881522551179 0.00431322306394577 0.00449531711637974 0.00449347449466586 0.0044423290528357 0.00429962342604995 0.00416356790810823
0.0100618274882436 0.0102455066516995 0.0103750238195062 0.0104753775522113 0.0104649513959885 0.0104230213910341 0.0103784184902906 0.0103349573910236 0.0103296805173159 0.0103355599567294 0.0103981886059046 0.0105392392724752 0.0108696492388844 0.0110826911404729 0.0111346058547497 0.0110550811514258 0.0108680184930563 0.0107916174456477 0.0107676340267062 0.010715601965785 0.0106568681076169 0.0105334399268031 0.010374017059803 0.00975538976490498 0.00898937974125147 0.00760656176134944 0.00634178426116705 0.00532620027661324 0.00452162139117718 0.00397493364289403 0.00357132009230554 0.00327191944234073 0.00312853022478521 0.00304975057952106 0.00316738989204168 0.00332364020869136 0.00366507796570659 0.0039973808452487 0.00417345343157649 0.00430086115375161 0.00425716349855065 0.00418224791064858 0.00404935702681541 0.00393509818241
0.00980402249842882 0.0101508321240544 0.0104060005396605 0.010611823759973 0.010650928132236 0.0106426179409027 0.0105314925312996 0.0104135135188699 0.0103946104645729 0.0103878369554877 0.0104427626356483 0.0105176847428083 0.0106408922001719 0.0107345683500171 0.0107877012342215 0.010775757022202 0.0107105672359467 0.0105784879997373 0.0104147233068943 0.0102081373333931 0.00999131891876459 0.00967852585017681 0.00933505408465862 0.00864105205982924 0.00781265180557966 0.00642178952693939 0.00521451141685247 0.0043947952799499 0.00377880875021219 0.00341182085685432 0.00317291566170752 0.00302730407565832 0.00298297358676791 0.00298058683983982 0.00312045216560364 0.00328828045167029 0.00359693472273648 0.00389300705865026 0.00401522638276219 0.00409678183495998 0.00403536297380924 0.00395591929554939 0.003843002486974 0.00375263928435743
0.00891534984111786 0.00942370016127825 0.00979669112712145 0.0100967949256301 0.01021717954427 0.0102864503860474 0.0102169113233685 0.0101370941847563 0.0101633835583925 0.0101992236450315 0.0102836517617106 0.0103596718981862 0.0104153864085674 0.010472783818841 0.0105324927717447 0.0105350958183408 0.0104909753426909 0.0102530084550381 0.00992321968078613 0.009543945081532 0.00915284641087055 0.00863848719745874 0.0081024793908 0.00737462611868978 0.00654918747022748 0.0053153452463448 0.00428014108911157 0.00366427912376821 0.00322826695628464 0.00301206856966019 0.00290920049883425 0.00288888043724 0.00292803184129298 0.00299181207083166 0.00313607649877667 0.00329616200178862 0.0035570771433413 0.00380540592595935 0.00389430485665798 0.00395150575786829 0.00389725505374372 0.00382784311659634 0.00373027543537319 0.00365510792471468
0.00749541120603681 0.00816396437585354 0.00864818412810564 0.0090331481769681 0.00926154851913452 0.00944542232900858 0.00950850918889046 0.0095617426559329 0.00968275591731071 0.00980775337666273 0.00995301548391581 0.0100867431610823 0.0101926177740097 0.0102837085723877 0.0103545030578971 0.0103269936516881 0.0102190542966127 0.00983291771262884 0.0093150045722723 0.00874777045100927 0.00816875230520964 0.00744255306199193 0.00670685851946473 0.00598012423142791 0.00521268043667078 0.00427486281841993 0.00350821856409311 0.0031029349192977 0.00283964024856687 0.00274988519959152 0.00275890924967825 0.00283988285809755 0.00294939847663045 0.00307073444128036 0.00320438551716506 0.00334045733325183 0.00354103953577578 0.00373192923143506 0.00380479940213263 0.00385574926622212 0.00382962683215737 0.00378250749781728 0.00369639392010868 0.00362909585237503
0.00592986354604363 0.00650607468560338 0.00697218673303723 0.00737901544198394 0.00771380355581641 0.00802810396999121 0.00824112538248301 0.00844700541347265 0.00873995199799538 0.00901032611727715 0.00916587375104427 0.00934499874711037 0.00958105362951756 0.00976743455976248 0.00988562125712633 0.00987819489091635 0.0097679952159524 0.00930149666965008 0.00866622850298882 0.00788388773798943 0.00706640677526593 0.00622753333300352 0.00540002016350627 0.00475923577323556 0.00411951541900635 0.00348424818366766 0.00297872978262603 0.00274712103419006 0.00261828815564513 0.0026150681078434 0.0027030180208385 0.00285737449303269 0.00302084931172431 0.00318810017779469 0.00331145781092346 0.00342618697322905 0.00357516459189355 0.00371655751951039 0.00377146597020328 0.00381110492162406 0.00379705568775535 0.00375922024250031 0.00367721146903932 0.0036043506115675
