Ecospace-environmental-drivers/Outputs/ASCII-for-ecospace/MOM6-ISIMIP3a/phyc/1992-03_phyc_MOM6-ISIMIP3a.asc
NCOLS 131 
NROWS 53 
XLLCORNER -98 
YLLCORNER 23.9265270233154 
CELLSIZE 0.133587792515755 
NODATA_value -9999 
[rows 0 to 18 of 53, columns 44 to 87 of 131]
-9999 -9999 -9999 -9999 -9999 -9999 -9999 -9999 -9999 -9999 -9999 -9999 -9999 -9999 -9999 -9999 -9999 -9999 -9999 -9999 -9999 -9999 -9999 -9999 -9999 -9999 -9999 -9999 -9999 -9999 -9999 -9999 -9999 -9999 -9999 -9999 -9999 -9999 -9999 -9999 -9999 -9999 -9999 -9999
-9999 -9999 -9999 -9999 -9999 -9999 -9999 -9999 -9999 -9999 -9999 -9999 -9999 -9999 -9999 -9999 -9999 -9999 -9999 -9999 -9999 -9999 -9999 -9999 -9999 -9999 -9999 -9999 -9999 -9999 -9999 -9999 -9999 -9999 -9999 -9999 -9999 -9999 -9999 -9999 -9999 -9999 -9999 -9999
-9999 -9999 -9999 -9999 -9999 -9999 -9999 -9999 -9999 -9999 -9999 -9999 -9999 -9999 -9999 -9999 -9999 -9999 -9999 -9999 -9999 -9999 -9999 -9999 -9999 -9999 -9999 -9999 -9999 -9999 0.0104005821049213 0.0103151649236679 -9999 -9999 -9999 -9999 -9999 -9999 -9999 -9999 -9999 -9999 -9999 -9999
-9999 -9999 -9999 -9999 -9999 -9999 -9999 -9999 -9999 -9999 -9999 -9999 -9999 -9999 -9999 -9999 -9999 -9999 -9999 -9999 -9999 -9999 -9999 -9999 -9999 -9999 -9999 -9999 -9999 -9999 0.0103805521503091 0.0103089725598693 -9999 -9999 -9999 -9999 -9999 -9999 -9999 -9999 -9999 -9999 -9999 -9999
-9999 -9999 -9999 -9999 -9999 -9999 -9999 -9999 -9999 -9999 -9999 -9999 -9999 -9999 -9999 -9999 -9999 -9999 -9999 -9999 -9999 0.0107043283060193 0.0107270982116461 0.010745313949883 0.0108515722677112 0.0109190903604031 0.0109723443165421 0.0108891678974032 0.0106888581067324 0.010494758374989 0.0103530492633581 0.0102938497439027 0.0102800186723471 -9999 -9999 0.00955921038985252 0.00893561728298664 0.00822149403393269 0.00758722051978111 0.00707340147346258 0.00661820685490966 0.0062194624915719 0.00585677847266197 0.00554806180298328
-9999 -9999 -9999 -9999 -9999 -9999 -9999 -9999 -9999 -9999 -9999 -9999 -9999 -9999 -9999 -9999 -9999 0.010379146784544 -9999 0.0103083485737443 0.0102500524371862 0.0104946130886674 0.0107043283060193 0.0107316523790359 0.010745313949883 0.0109578305855393 0.0110541274771094 0.0109050748869777 0.0107083003968 0.0104531981050968 0.0103227775543928 0.0102831730619073 0.0102755976840854 0.0102812862023711 0.0100252470001578 0.00971775781363249 0.00893462728708982 0.00815446581691504 0.00757539039477706 0.00703180581331253 0.00661300774663687 0.00620980700477958 0.00583557225763798 0.00552495662122965
-9999 -9999 -9999 -9999 -9999 -9999 -9999 -9999 -9999 -9999 -9999 -9999 -9999 0.0114857070147991 0.0114905312657356 0.0114931128919125 0.0114977993071079 0.0109397396445274 0.0103885075077415 0.0103697860613465 0.0103052072227001 0.0102500524371862 0.0105294594541192 0.0107043283060193 0.010745313949883 0.0109578305855393 0.0110541274771094 0.0109050748869777 0.0107083003968 0.0104531981050968 0.0103227775543928 0.0102831730619073 0.0102755976840854 0.0102812862023711 0.0100252470001578 0.00971775781363249 0.00893462728708982 0.00815446581691504 0.00757539039477706 0.00703180581331253 0.00661300774663687 0.00620980700477958 0.00583557225763798 0.00552495662122965
-9999 -9999 -9999 -9999 -9999 -9999 -9999 -9999 -9999 -9999 -9999 -9999 -9999 0.0114598413929343 0.0114857070147991 0.0114953555166721 -9999 0.0114997681230307 0.0109423631802201 0.0104072280228138 0.0103697860613465 0.0102957831695676 0.0102500524371862 0.0106339985504746 0.0109576899558306 0.0110292108729482 0.0109692141413689 0.0106315724551678 0.0103301843628287 0.0100731030106544 0.00997190456837416 0.00998424738645554 0.00996404606848955 0.00993036758154631 0.00972319673746824 0.00948192179203033 0.00886618997901678 0.00824939925223589 0.0077577312476933 0.00729985814541578 0.00696081249043345 0.00661598471924663 0.00626041879877448 0.00593683030456305
-9999 0.00993060693144798 -9999 -9999 -9999 -9999 -9999 -9999 -9999 -9999 -9999 -9999 -9999 -9999 -9999 -9999 -9999 0.0115041136741638 0.0114901857450604 0.0109405042603612 0.0104446709156036 0.0103697860613465 0.01026751101017 0.0107899243012071 0.0111951632425189 0.011110014282167 0.0108769070357084 0.0103314509615302 0.00991370342671871 0.00965204183012247 0.00958040542900562 0.00964718032628298 0.009612200781703 0.00953507982194424 0.00937994755804539 0.00920948013663292 0.00877917651087046 0.00834354665130377 0.00794989708811045 0.00758771877735853 0.00733619043603539 0.0070562525652349 0.00672355480492115 0.00638864934444427
0.00993060693144798 0.00989450886845589 0.00986022688448429 0.00985108874738216 -9999 -9999 -9999 -9999 -9999 -9999 -9999 -9999 -9999 0.0106398314237595 0.0114333285018802 -9999 -9999 -9999 0.0115023320540786 0.011443923227489 0.0109418099746108 0.0105195548385382 0.0105677060782909 0.0111003797501326 0.011483633890748 0.0112415496259928 0.0108540579676628 0.0101595995947719 0.00962137337774038 0.00927409436553717 0.00913320202380419 0.00914263911545277 0.0090673565864563 0.00895698834210634 0.00877702794969082 0.00858338829129934 0.00831903144717216 0.00805223733186722 0.00778721086680889 0.00753629626706243 0.00733499880880117 0.0071210004389286 0.00688341446220875 0.00664253160357475
0.00991083867847919 0.00987850315868855 0.0098580876365304 0.00984408985823393 0.00984305702149868 -9999 -9999 -9999 -9999 -9999 -9999 -9999 -9999 0.0102607142180204 0.0107855210080743 0.0114333285018802 -9999 -9999 0.0115628959611058 0.0114583941176534 0.0113104796037078 0.011050833389163 0.0108319390565157 0.0113179227337241 0.0116386841982603 0.0112679731100798 0.0107641629874706 0.0099793728441 0.00936406850814819 0.00895591266453266 0.00875485595315695 0.00870464742183685 0.00857909489423037 0.00842233933508396 0.00821874011307955 0.00800593290477991 0.00789936631917953 0.00779323605820537 0.00765292951837182 0.0075075956992805 0.00734458724036813 0.00717943534255028 0.00701030297204852 0.0068439687602222
0.00989749003201723 0.00987504236400127 0.0098580876365304 0.00984408985823393 0.00984099041670561 0.00988948252052069 0.00991781335324049 -9999 -9999 -9999 -9999 -9999 -9999 -9999 0.0104904007166624 0.010980598628521 0.0114333285018802 0.0114857070147991 0.0115628959611058 0.0114583941176534 0.0113104796037078 0.0110978232696652 0.0109032783657312 0.0110370982438326 0.0110780913382769 0.0107305906713009 0.010314648039639 0.00975421722978354 0.00929463375359774 0.00895830616354942 0.00874584820121527 0.00862361490726471 0.00839432794600725 0.00812070537358522 0.00789984781295061 0.00768936239182949 0.00769682880491018 0.00770753296092153 0.00767100974917412 0.00760077312588692 0.00741199729964137 0.00720400922000408 0.00696034263819456 0.00676410458981991
0.0098751513287425 0.00987725425511599 0.00987037271261215 0.00985865388065577 0.00988232158124447 0.00991605408489704 0.00991856306791306 -9999 -9999 -9999 -9999 0.00990133546292782 0.0100408690050244 0.010219749994576 0.0104526495561004 0.0107988025993109 0.011237614788115 0.0114525146782398 0.0115613518282771 0.0114599633961916 0.0113083450123668 0.0111364796757698 0.0109642390161753 0.010806780308485 0.0106099741533399 0.0102484887465835 0.00988063216209412 0.00949932169169188 0.00916729774326086 0.00889551267027855 0.00868491362780333 0.00851888116449118 0.00823001749813557 0.00789028406143188 0.00767190754413605 0.00747738685458899 0.00758077902719378 0.00768693443387747 0.00771230924874544 0.00768094416707754 0.00745007721707225 0.00719194673001766 0.00688318395987153 0.00665210373699665
0.00983033422380686 0.00989364832639694 0.0099133737385273 0.00990962795913219 0.009913120418787 0.00991867110133171 0.00991856306791306 0.00991882383823395 0.00994466710835695 0.00995697733014822 0.00990044698119164 0.00990133546292782 0.0100408690050244 0.010219749994576 0.0104526495561004 0.010742568410933 0.0110791372135282 0.0113363387063146 0.0115559455007315 0.0114654554054141 0.0113008730113506 0.0111543023958802 0.0109992492944002 0.0107027310878038 0.0103730522096157 0.00990459136664867 0.00948536489158869 0.00917007308453321 0.00889520812779665 0.00866975169628859 0.00849416200071573 0.00835489202290773 0.00811684876680374 0.00783789902925491 0.00767135387286544 0.00752690527588129 0.00768095208331943 0.0078291017562151 0.00781165808439255 0.00772859854623675 0.00741483131423593 0.00708829099312425 0.00673802895471454 0.00645975908264518
0.00965760461986065 0.00977924652397633 0.00985325686633587 0.00990161951631308 0.00993008725345135 0.00995289720594883 0.00994846131652594 0.00994153041392565 0.0099425008520484 0.009933159686625 0.00987136643379927 0.00983881484717131 0.00987687055021524 0.00997242145240307 0.0101469028741121 0.0103604504838586 0.0106059601530433 0.0108468309044838 0.0110855037346482 0.0110493814572692 0.0109476018697023 0.0108269564807415 0.0106901926919818 0.0103377113118768 0.0099510233849287 0.00942117627710104 0.00897608976811171 0.00870993547141552 0.00850168894976377 0.00836421735584736 0.0082363523542881 0.00811548437923193 0.00794374756515026 0.00775094423443079 0.00763634080067277 0.00753711024299264 0.00772789400070906 0.00790455937385559 0.00783838983625174 0.00770506635308266 0.00733563117682934 0.00696016941219568 0.0065735150128603 0.00624561635777354
0.00930403079837561 0.00947992503643036 0.00964735168963671 0.00981021858751774 0.00992749817669392 0.0100318128243089 0.010020631365478 0.00999633874744177 0.00993727147579193 0.00987566914409399 0.00980117078870535 0.00968790054321289 0.00948100909590721 0.00937541387975216 0.00940888654440641 0.00951759424060583 0.00968785583972931 0.00982949975878 0.00995758734643459 0.0100372908636928 0.0101054338738322 0.0100116031244397 0.00989468768239021 0.00960372854024172 0.00926728919148445 0.00874051079154015 0.0083056278526783 0.00806474592536688 0.00793649349361658 0.00794589798897505 0.00788373593240976 0.00776944775134325 0.00768591277301311 0.00761511409655213 0.00755260838195682 0.00749173341318965 0.00769957667216659 0.00788570195436478 0.00776245351880789 0.00758089032024145 0.00719428807497025 0.00679745757952332 0.00638163182884455 0.00600065477192402
0.00876014307141304 0.00892298948019743 0.0091448500752449 0.00939848739653826 0.00961716193705797 0.00982589274644852 0.00985348038375378 0.00985753443092108 0.00972680747509003 0.00959667935967445 0.00946959480643272 0.00928164646029472 0.00894673448055983 0.00871562957763672 0.00862703938037157 0.00864501018077135 0.00875016488134861 0.00879548024386168 0.00881244987249374 0.00893578119575977 0.00908452644944191 0.00898875016719103 0.00886986311525106 0.00865910109132528 0.00840899348258972 0.00799421966075897 0.00766804767772555 0.00752892065793276 0.00748456921428442 0.00755605241283774 0.00752822030335665 0.00742804817855358 0.00739371869713068 0.00738665740936995 0.00740689504891634 0.00743249943479896 0.00763314682990313 0.00780684780329466 0.00765399355441332 0.00744913378730416 0.00706141907721758 0.00666516600176692 0.00625305715948343 0.00585956778377295
0.00805598683655262 0.00814911257475615 0.00839257892221212 0.0087169986218214 0.00904766470193863 0.00938010774552822 0.00948479492217302 0.0095556853339076 0.00934351235628128 0.00913116056472063 0.00891790445894003 0.00866036489605904 0.00829589925706387 0.00800297968089581 0.0078082806430757 0.00774739123880863 0.00779598066583276 0.00774740753695369 0.00765280984342098 0.00775896990671754 0.00791309680789709 0.00779115594923496 0.0076519250869751 0.00753708649426699 0.00740369595587254 0.00719266524538398 0.0070581566542387 0.0070851924829185 0.00712803239002824 0.00719018699601293 0.00717026274651289 0.00709055317565799 0.0070725898258388 0.00708019779995084 0.00720898667350411 0.00736159645020962 0.00753462128341198 0.00767746940255165 0.00751814432442188 0.00731099350377917 0.00693568587303162 0.00655849231407046 0.00617779558524489 0.00580595619976521
0.00726762320846319 0.00722121633589268 0.00732660945504904 0.00751374056562781 0.00781155843287706 0.00814085453748703 0.00831796415150166 0.00846529472619295 0.0082292016595602 0.00799848325550556 0.00779510987922549 0.00756812375038862 0.00728412205353379 0.0070466143079102 0.00687293615192175 0.00681920675560832 0.00686361687257886 0.00683575589209795 0.00677366135641932 0.00679450295865536 0.00683516031131148 0.00671200035139918 0.00658519100397825 0.0065690646879375 0.00655219284817576 0.0065322034060955 0.00655311159789562 0.00666035758331418 0.00675166072323918 0.00682347826659679 0.00685067288577557 0.00684536527842283 0.00687535293400288 0.0069199581630528 0.00710145616903901 0.00730986427515745 0.00743196532130241 0.0075251036323607 0.00736653618514538 0.00717007974162698 0.00684040319174528 0.00651054503396153 0.00618034927174449 0.00584996910765767
