Ecospace-environmental-drivers/Outputs/ASCII-for-ecospace/MOM6-ISIMIP3a/phyc/1992-12_phyc_MOM6-ISIMIP3a.asc
NCOLS 131 
NROWS 53 
XLLCORNER -98 
YLLCORNER 23.9265270233154 
CELLSIZE 0.133587792515755 
NODATA_value -9999 
[rows 19 to 37 of 53, columns 44 to 87 of 131]
0.00416074879467487 0.00451253540813923 0.00483218673616648 0.00513453362509608 0.00542871514335275 0.00572057440876961 0.00599339744076133 0.00626114849001169 0.00644457619637251 0.00660927454009652 0.00667869905009866 0.00675458461046219 0.0068460707552731 0.00694581214338541 0.00705688679590821 0.00723153818398714 0.00745820580050349 0.00756347319111228 0.00761123560369015 0.00759198050945997 0.00755671272054315 0.00743621867150068 0.00730307213962078 0.00707098422572017 0.00681977206841111 0.0064885257743299 0.00613129511475563 0.00571920908987522 0.00536754867061973 0.00508974073454738 0.00484241079539061 0.00461728079244494 0.00436679739505053 0.00410581426694989 0.00378824933432043 0.00345956184901297 0.0031523653306067 0.00285399658605456 0.00263409083709121 0.00243364088237286 0.00230159820057452 0.00220369594171643 0.00216919626109302 0.00215225596912205
0.00384577224031091 0.00425254786387086 0.00457513751462102 0.00485239597037435 0.00508770067244768 0.00531107326969504 0.00556624727323651 0.00582316238433123 0.00603918544948101 0.00623530428856611 0.00633017066866159 0.00642799865454435 0.00653297593817115 0.00663046026602387 0.00671765767037868 0.00684516178444028 0.00700564356520772 0.00708700530230999 0.00713088875636458 0.00708899414166808 0.0070266043767333 0.00684029283002019 0.00664251111447811 0.00640169018879533 0.00616219453513622 0.00592824397608638 0.00565120065584779 0.00528318388387561 0.00496846018359065 0.00471887132152915 0.00448465812951326 0.00426164455711842 0.00401082402095199 0.00374848721548915 0.00343098933808506 0.00310264783911407 0.00282747833989561 0.00256374501623213 0.0023924948181957 0.00223863846622407 0.00214593927375972 0.00207962980493903 0.00206232932396233 0.00205210316926241
0.00350866001099348 0.0039695892482996 0.00429768580943346 0.00455425726249814 0.00472661014646292 0.00487501081079245 0.00511678215116262 0.00536815170198679 0.00562063558027148 0.00585415679961443 0.00599121861159801 0.00612611044198275 0.00625576265156269 0.0063568027690053 0.00641856295987964 0.00649836892262101 0.00659293960779905 0.00665111606940627 0.00669205375015736 0.00661989254876971 0.00652070762589574 0.00625551957637072 0.00598116125911474 0.00573932193219662 0.00551508786156774 0.00536453211680055 0.00515640527009964 0.00482674175873399 0.00454358942806721 0.00431728409603238 0.00409700721502304 0.00388112221844494 0.00363746774382889 0.00338231329806149 0.00307779246941209 0.00276356749236584 0.00251457700505853 0.00227925088256598 0.00215380825102329 0.00204407144337893 0.00198955740779638 0.00195366144180298 0.00195234059356153 0.00194773764815181
0.00291678821668029 0.00337712792679667 0.0037375669926405 0.0040442137978971 0.0042425780557096 0.00441014626994729 0.00469733215868473 0.00499774003401399 0.00532456580549479 0.00562301650643349 0.00577712710946798 0.00592398690059781 0.00605333922430873 0.00615204125642776 0.0062086652033031 0.00624584639444947 0.00626712013036013 0.00632554013282061 0.0064015556126833 0.00630414206534624 0.00616529025137424 0.00591665366664529 0.00565917324274778 0.00538274645805359 0.0051252176053822 0.00494677759706974 0.00472537567839026 0.00441327830776572 0.0041539310477674 0.00395905552431941 0.00377484015189111 0.00359838991425931 0.0033740159124136 0.00312979496084154 0.00283010979183018 0.0025195216294378 0.00228359131142497 0.00206303992308676 0.00196571089327335 0.00188021245412529 0.00183631095569581 0.00180967606138438 0.00181510706897825 0.00181835971307009
0.00231828284449875 0.00276398472487926 0.00315176229923964 0.00350835011340678 0.00374095956794918 0.00393830938264728 0.00427604932337999 0.00462984899058938 0.00502926576882601 0.00539060821756721 0.00555827189236879 0.00571475503966212 0.00584424240514636 0.00594275584444404 0.00599874602630734 0.00599733972921968 0.00594897288829088 0.00600871536880732 0.00611966708675027 0.00599858537316322 0.00582206295803189 0.0055988454259932 0.0053670140914619 0.00505649670958519 0.00476446142420173 0.00454977573826909 0.00430956017225981 0.0040154499001801 0.00378003832884133 0.00361636956222355 0.00346742453984916 0.0033292043954134 0.00312248687259853 0.00288740219548345 0.00259121973067522 0.00228302692994475 0.00206129369325936 0.00185645814053714 0.0017854132456705 0.001722248387523 0.00168679025955498 0.00166747299954295 0.00167813117150217 0.00168870470952243
0.00193370773922652 0.00220244913361967 0.00250092474743724 0.00281541096046567 0.00310520641505718 0.00338797969743609 0.00378642370924354 0.0041961632668972 0.00459119444712996 0.00494686607271433 0.00510231591761112 0.00526158884167671 0.00543009210377932 0.00557136302813888 0.00567524740472436 0.00569543009623885 0.00564713031053543 0.00569626502692699 0.0057915523648262 0.00566657586023211 0.00548897031694651 0.00531636038795114 0.00513627985492349 0.00484248017892241 0.00455758208408952 0.00430993596091866 0.00406384980306029 0.00382105633616447 0.00362160080112517 0.0034751130733639 0.00332030095160007 0.00315942498855293 0.00292818993330002 0.00266781635582447 0.00236348039470613 0.00205050269141793 0.00187837658450007 0.00172209192533046 0.00166960223577917 0.00162257777992636 0.00159476930275559 0.00157754844985902 0.00157998979557306 0.00158622942399234
0.00159336335491389 0.00170439039357007 0.00190881290473044 0.00216352473944426 0.00247919000685215 0.00281218998134136 0.00325244059786201 0.00370147521607578 0.00409126793965697 0.00444330601021647 0.00460328767076135 0.00477193994447589 0.00496152834966779 0.00513371592387557 0.00528201553970575 0.00532655604183674 0.0052862036973238 0.00533034419640899 0.0054145073518157 0.0052967369556427 0.00513071799650788 0.00500377779826522 0.00487015675753355 0.00460021663457155 0.00433243252336979 0.0040736747905612 0.00383580988273025 0.00364205217920244 0.00347513775341213 0.00334103195928037 0.00317841954529285 0.00299504306167364 0.00273572281002998 0.00244495179504156 0.00214065308682621 0.00183369545266032 0.00171122152823955 0.00160311011131853 0.00156856200192124 0.00153704744298011 0.00151619885582477 0.00150047510396689 0.00149426842108369 0.00149447133298963
0.00144695804920048 0.00148465973325074 0.00157419650349766 0.00169164419639856 0.00189586624037474 0.00212476681917906 0.00252396310679615 0.00293931155465543 0.00332012353464961 0.00367746269330382 0.00391539791598916 0.00412232428789139 0.00425437465310097 0.00440556323155761 0.00458302488550544 0.00466406298801303 0.00466620968654752 0.00472997035831213 0.00482291635125875 0.00476102810353041 0.00466214492917061 0.00455922912806273 0.00444886367768049 0.00423409510403872 0.00402717525139451 0.00385310291312635 0.00368524924851954 0.00353052420541644 0.00338118011131883 0.00323841231875122 0.00305952411144972 0.00285432627424598 0.00255127972923219 0.00220771040767431 0.00193936366122216 0.00168580398894846 0.00161317898891866 0.00155158457346261 0.00153228722047061 0.00151351792737842 0.0014966051094234 0.00147975096479058 0.00146300566848367 0.00144970556721091
0.00133596581872553 0.0013217389350757 0.00132945994846523 0.00134899886325002 0.00145374401472509 0.00158272171393037 0.00189817417412996 0.00223282491788268 0.00257047195918858 0.00289768073707819 0.00317179132252932 0.00339617091231048 0.00350046902894974 0.00364585896022618 0.00384766259230673 0.00397274410352111 0.00403505424037576 0.00413012923672795 0.00424072425812483 0.00423286715522408 0.00419670762494206 0.00412199925631285 0.00403971085324883 0.00388563447631896 0.00373973790556192 0.00362807349301875 0.00351510965265334 0.0033994026016444 0.0032696770504117 0.00312281819060445 0.00292495894245803 0.00268995179794729 0.00235464330762625 0.00197779666632414 0.00175287888851017 0.00155782699584961 0.00152899185195565 0.00150784535799176 0.00150167511310428 0.00149340438656509 0.00147774862125516 0.00145896698813885 0.00143438007216901 0.00141122669447213
0.00130223960150033 0.00128276913892478 0.00128082814626396 0.00128832587506622 0.00131970271468163 0.00135787087492645 0.001496437122114 0.0016478180186823 0.00186771480366588 0.0020874859765172 0.00230661849491298 0.002503024879843 0.00264455634169281 0.00281731435097754 0.00303294183686376 0.00321853207424283 0.00337954633869231 0.00353145063854754 0.00367904012091458 0.00372117478400469 0.00373811298049986 0.00370073900558054 0.00365704717114568 0.00357570732012391 0.0034911809489131 0.00339331873692572 0.00330225145444274 0.00322552933357656 0.00311989244073629 0.00297891534864902 0.00275620422326028 0.00247395876795053 0.00213140319101512 0.00176387082319707 0.00159869622439146 0.00147330039180815 0.00147503498010337 0.00148109497968107 0.00148341816384345 0.00148074445314705 0.00146050122566521 0.00143805262632668 0.00141150841955096 0.00138646503910422
0.00127307826187462 0.00125188287347555 0.00124544883146882 0.00124696327839047 0.00123981444630772 0.00123020180035383 0.00126157281920314 0.00130017008632421 0.00142060709185898 0.00154573458712548 0.00169472163543105 0.00183830840978771 0.00196885573677719 0.0021282690577209 0.00232731178402901 0.00254466291517019 0.00277699320577085 0.00297693070024252 0.00316152418963611 0.00324647151865065 0.00330761005170643 0.00331448717042804 0.00331607181578875 0.00329488213174045 0.00326431007124484 0.00319447182118893 0.00312717561610043 0.00306524662300944 0.00296068494208157 0.00280401762574911 0.00255402806214988 0.00223606405779719 0.00191260920837522 0.00158688018564135 0.00147396000102162 0.00140287296380848 0.00142407475505024 0.00144686293788254 0.00145176134537905 0.00145045109093189 0.00142731086816639 0.00140383781399578 0.00137974694371223 0.00135733769275248
0.00124965992290527 0.00123116606846452 0.00122674240265042 0.00122989481315017 0.00122805510181934 0.0012247955892235 0.0012366478331387 0.00125113944523036 0.00129512755665928 0.0013417067239061 0.00140146666672081 0.00146097515244037 0.00151987618301064 0.00161472533363849 0.00175892666447908 0.00197187229059637 0.00224106223322451 0.00247796578332782 0.00269957561977208 0.00281830341555178 0.0029124494176358 0.00297227944247425 0.00302754389122128 0.00305066979490221 0.00306472205556929 0.00304080010391772 0.00299963355064392 0.0029220615979284 0.00278962310403585 0.00259012565948069 0.00230980548076332 0.00197061523795128 0.00169940886553377 0.00145635707303882 0.00138626992702484 0.00135018350556493 0.0013768847566098 0.00140321836806834 0.00140324630774558 0.00139797339215875 0.00137406308203936 0.0013528901617974 0.00133680121507496 0.00132271787151694
0.00122423260472715 0.00120847544167191 0.0012052406091243 0.00120874843560159 0.00121155939996243 0.00121417199261487 0.00122202769853175 0.00123054557479918 0.00124245148617774 0.00125529465731233 0.00127290561795235 0.00129154580645263 0.00131267122924328 0.00136133236810565 0.00144779635593295 0.00160519301425666 0.00182062480598688 0.00203730468638241 0.00225457595661283 0.00239955307915807 0.00252725672908127 0.00263730436563492 0.00274348817765713 0.00281109032221138 0.00286810053512454 0.00288078212179244 0.00285521801561117 0.00274891429580748 0.00259140902198851 0.00237132515758276 0.00208420632407069 0.00174826022703201 0.00152752874419093 0.00135451159439981 0.0013089356943965 0.00128841178957373 0.00131415610667318 0.00133887713309377 0.00133686303161085 0.00133105309214443 0.00131189625244588 0.0012979885796085 0.00129382906015962 0.00128972111269832
0.0011972984066233 0.00118430436123163 0.00118164229206741 0.00118454347830266 0.00119151116814464 0.00119963532779366 0.00121513626072556 0.00123127945698798 0.00124437874183059 0.001257095602341 0.00126786646433175 0.0012780464021489 0.00128679978661239 0.00130305520724505 0.00132960977498442 0.00139309954829514 0.00148680852726102 0.00164037232752889 0.0018222879152745 0.00198786612600088 0.00214954046532512 0.00230775377713144 0.0024627863895148 0.00257498561404645 0.00267370417714119 0.00271600414998829 0.00269814720377326 0.00255329464562237 0.00237283110618591 0.00214884337037802 0.00187257491052151 0.00155822595115751 0.00138663908001035 0.00127417466137558 0.00123936857562512 0.00121982826385647 0.00123977323528379 0.00125901296269149 0.00125707860570401 0.00125330057926476 0.00124304031487554 0.0012401215499267 0.00125083699822426 0.00125794182531536
0.00117351289372891 0.00116389896720648 0.00116430001799017 0.00117009377572685 0.00118173367809504 0.00119503622408956 0.00121779937762767 0.00124117603991181 0.00125497533008456 0.00126748741604388 0.00127345183864236 0.00127884082030505 0.00128284061793238 0.00128763925749809 0.00129353464581072 0.0013209778117016 0.00136605103034526 0.00146324269007891 0.00158512184862047 0.00172887556254864 0.00187785585876554 0.00204252940602601 0.00220577511936426 0.00233254279009998 0.00244407984428108 0.00249187625013292 0.00247887102887034 0.0023375095333904 0.00215883948840201 0.00193457049317658 0.00168532726820558 0.00141789321787655 0.00128443667199463 0.00120646471623331 0.00117592990864068 0.00115471996832639 0.00116982974577695 0.00118489400483668 0.00118637387640774 0.00118727912195027 0.00118616409599781 0.00119069044012576 0.00120569334831089 0.00121776130981743
0.00115107698366046 0.00114510755520314 0.00114963902160525 0.00115982501301914 0.00117635796777904 0.00119469605851918 0.00122455740347505 0.00125499977730215 0.00126928731333464 0.00128156109713018 0.00128359056543559 0.00128576124552637 0.0012882724404335 0.00129059271421283 0.00129265058785677 0.00130884500686079 0.00133660563733429 0.00138031563255936 0.00143158051650971 0.00153532740660012 0.00165161397308111 0.00180487404577434 0.00195891689509153 0.00208738329820335 0.00219935760833323 0.00224231230095029 0.00223293504677713 0.00211308198049664 0.00194681342691183 0.00172381568700075 0.00150852999649942 0.00129886134527624 0.00119881483260542 0.00114416645374149 0.00111511768773198 0.00109110109042376 0.00110178894829005 0.00111323746386915 0.00111956056207418 0.00112628529313952 0.00113442225847393 0.00114487484097481 0.00115962780546397 0.00117398018483073
0.00113118358422071 0.00113050290383399 0.0011401855153963 0.00115544826257974 0.00117569218855351 0.0011973527725786 0.00122987467329949 0.00126284023281187 0.00127777073066682 0.00129021110478789 0.00128998479340225 0.00128849956672639 0.00128397450316697 0.00127936259377748 0.00127463159151375 0.00128515879623592 0.00130816968157887 0.00134581595193595 0.00139039463829249 0.00146553514059633 0.00154797791037709 0.00166364421602339 0.00178061879705638 0.00188341352622956 0.00196986342780292 0.00198790919966996 0.00197089579887688 0.00187986984383315 0.00173986563459039 0.00153999973554164 0.0013630532193929 0.00120280066039413 0.00112563744187355 0.0010828843805939 0.00106012239120901 0.00104129011742771 0.00105092627927661 0.00106157211121172 0.00107178336475044 0.00108174525666982 0.00109083042480052 0.00110097334254533 0.00111308065243065 0.00112339819315821
0.00111181626562029 0.00111676461528987 0.00113180943299085 0.00115229072980583 0.001176000921987 0.00120062939822674 0.00123489380348474 0.00126944296061993 0.00128504831809551 0.00129773910157382 0.00129560427740216 0.00129037257283926 0.00127766327932477 0.00126519799232483 0.00125306739937514 0.00125908199697733 0.0012799424584955 0.00132133590523154 0.0013724552700296 0.00142134807538241 0.00146970897912979 0.00154236506205052 0.00161650590598583 0.00168796605430543 0.00174351991154253 0.00173250492662191 0.0017055245116353 0.00164484034758061 0.00153396860696375 0.00136175751686096 0.00122405670117587 0.00111149286385626 0.00105503492522985 0.00102181255351752 0.00100633059628308 0.000994336092844605 0.00100361765362322 0.00101404299493879 0.00102794484701008 0.00104060955345631 0.00104892475064844 0.00105746777262539 0.00106643396429718 0.00107140908949077
0.00110419816337526 0.0011204348411411 0.00114664703141898 0.0011782303918153 0.00120859418530017 0.00123861106112599 0.00127711961977184 0.00131569453515112 0.00133259955327958 0.00134577543940395 0.00133998249657452 0.0013288272311911 0.00130472390446812 0.00128032802604139 0.00125553063116968 0.00124638737179339 0.00125005177687854 0.00128760864026845 0.00134121952578425 0.00138511206023395 0.00142668257467449 0.00146113731898367 0.00149543886072934 0.00153462588787079 0.00156111025717109 0.00153443322051316 0.00149831839371473 0.00144227989949286 0.00135238014627248 0.00122109486255795 0.00112265476491302 0.00104813883081079 0.00100451777689159 0.000973691407125443 0.000963028229307383 0.000956328643951565 0.000968506967183203 0.000981476507149637 0.000995345530100167 0.00100779777858406 0.0010152681497857 0.0010225921869278 0.00102964451070875 0.00103303662035614
