Ecospace-environmental-drivers/Outputs/ASCII-for-ecospace/MOM6-ISIMIP3a/phyc/1993-11_phyc_MOM6-ISIMIP3a.asc
NCOLS 131 
NROWS 53 
XLLCORNER -98 
YLLCORNER 23.9265270233154 
CELLSIZE 0.133587792515755 
NODATA_value -9999 
[rows 19 to 37 of 53, columns 43 to 85 of 131]
0.00531315105035901 0.00547500839456916 0.00567701272666454 0.00594024918973446 0.0062364568002522 0.00654718326404691 0.00686203921213746 0.00697387009859085 0.00706217624247074 0.0070764166302979 0.00706856837496161 0.00694835837930441 0.00681724725291133 0.0066598136909306 0.00650422647595406 0.00635117432102561 0.00640208134427667 0.00661986228078604 0.00664795283228159 0.00658619031310081 0.00633588386699557 0.00604052795097232 0.00584221025928855 0.00564154610037804 0.00530969677492976 0.00493317283689976 0.00436967983841896 0.00384929613210261 0.00341992010362446 0.00306733138859272 0.00280859274789691 0.0026424175594002 0.00254366407170892 0.0025111383292824 0.00250603980384767 0.00253512989729643 0.00257094064727426 0.0026100913528353 0.00264570862054825 0.00264559779316187 0.0026178197003901 0.00249276170507073 0.00230336817912757
0.0050381668843329 0.00517357885837555 0.00533374818041921 0.00554506061598659 0.00578391086310148 0.00601124064996839 0.0062352935783565 0.00631922949105501 0.00638683699071407 0.00640083383768797 0.00639131059870124 0.00626214360818267 0.00611842423677444 0.00593956466764212 0.00574855506420135 0.00554086407646537 0.00553935719653964 0.00570654403418303 0.00580023834481835 0.00585912074893713 0.00565656693652272 0.00539154699072242 0.00519789475947618 0.0049985172227025 0.00464445073157549 0.00425787875428796 0.00373526848852634 0.0032785905059427 0.00296110124327242 0.00271040271036327 0.00254133646376431 0.002455766312778 0.00243101362138987 0.00244202301837504 0.00246784323826432 0.0025057690218091 0.00254607480019331 0.00257202913053334 0.00259291520342231 0.00256948452442884 0.00251969275996089 0.0023772141430527 0.00218080333434045
0.00475592399016023 0.0048856376670301 0.00502970768138766 0.00520141329616308 0.00538799911737442 0.00551289552822709 0.00562024721875787 0.00566663779318333 0.00570579245686531 0.0057180467993021 0.00570611748844385 0.00557116512209177 0.00541696790605783 0.00521630188450217 0.0049873641692102 0.00471961405128241 0.00465844152495265 0.00476628541946411 0.00491056032478809 0.00507209217175841 0.00493455352261662 0.00472555682063103 0.00453290995210409 0.00433005718514323 0.00396230537444353 0.00357749429531395 0.00312128965742886 0.00274375290609896 0.00253229029476643 0.0023797198664397 0.00229912786744535 0.00229357741773129 0.00234268652275205 0.00239061750471592 0.00243806047365069 0.00247755157761276 0.00251547945663333 0.00252579338848591 0.0025296846870333 0.00248082284815609 0.00240796944126487 0.00225076009519398 0.00205146428197622
0.00425986293703318 0.00436523417010903 0.00449724961072206 0.0046162661164999 0.0047282837331295 0.00478307530283928 0.00482159201055765 0.00482702907174826 0.00483046099543571 0.00487116444855928 0.00488621741533279 0.00477078789845109 0.00462563103064895 0.00440869340673089 0.00419111037626863 0.00397264119237661 0.00391529919579625 0.00398978684097528 0.00408498756587505 0.0041899997740984 0.00410702172666788 0.00397912645712495 0.00381462462246418 0.00363910500891507 0.00333982775919139 0.00303075928241014 0.00268071447499096 0.0023974699433893 0.0022552462760359 0.00216854782775044 0.00214971299283206 0.00217081047594547 0.00222099362872541 0.0022505612578243 0.00227159145288169 0.00229279976338148 0.00231404299847782 0.00232642097398639 0.00233381730504334 0.00229575671255589 0.00223870598711073 0.00211488478817046 0.00195798533968627
0.00375768286176026 0.00383750884793699 0.00395633839070797 0.00402185274288058 0.00405865861102939 0.00404887413606048 0.00402583973482251 0.00399258825927973 0.00396193517372012 0.00402967305853963 0.00407067919149995 0.00397570570930839 0.0038412450812757 0.00361143820919096 0.00341071817092597 0.00324993068352342 0.00320144835859537 0.00324485125020146 0.00328562897630036 0.00332516338676214 0.00329371145926416 0.00324529851786792 0.00311117409728467 0.00296558300033212 0.00273879943415523 0.00250869756564498 0.002264708513394 0.00207416899502277 0.00199646549299359 0.00197081966325641 0.00200879876501858 0.0020512870978564 0.0020970597397536 0.00210485723800957 0.0020969279576093 0.00209819339215755 0.00210126652382314 0.0021163837518543 0.00212826183997095 0.00210413942113519 0.00206621782854199 0.00197977712377906 0.00186895066872239
0.00342595623806119 0.00348404562100768 0.00356589676812291 0.00358108035288751 0.00356036657467484 0.00353620364330709 0.00351105956360698 0.00348081393167377 0.003452327568084 0.00348543375730515 0.00349811115302145 0.00340686971321702 0.00328566180542111 0.00309209595434368 0.00293657649308443 0.00283328979276121 0.00279605342075229 0.002812857972458 0.00283745140768588 0.00286573427729309 0.00284900981932878 0.00282153161242604 0.0027201755438 0.00260822614654899 0.00241596740670502 0.00222412217408419 0.00203400780446827 0.00189074745867401 0.00184640032239258 0.00184322078712285 0.00189035665243864 0.001935247448273 0.00197850284166634 0.00197848840616643 0.00196055416017771 0.00193968147505075 0.00191823113709688 0.00192475854419172 0.00193121004849672 0.00192679837346077 0.00191356090363115 0.00186929141636938 0.00180773134343326
0.00311159994453192 0.00314946263097227 0.00319690955802798 0.00317100714892149 0.0031056092120707 0.00307044433429837 0.00304387789219618 0.00301601691171527 0.00298919272609055 0.00299394014291465 0.00298476475290954 0.00290476623922586 0.00280288443900645 0.00264816335402429 0.00253336504101753 0.00247337529435754 0.00244325888343155 0.00243758410215378 0.00244511035270989 0.00245888996869326 0.00244840048253536 0.00243211211636662 0.0023550249170512 0.00226861890405416 0.00210737087763846 0.00195010879542679 0.00180952821392566 0.00170874816831201 0.0016919900663197 0.00170778925530612 0.00176338001620024 0.00181395234540105 0.00186086958274245 0.00185884919483215 0.00183656217996031 0.00179895875044167 0.00175834458786994 0.00175717764068395 0.00175850605592132 0.00176994036883116 0.00177698500920087 0.00176859518978745 0.00174942484591156
0.00287340907379985 0.00289766537025571 0.00292199547402561 0.00289553985930979 0.00284173875115812 0.00281037855893373 0.00278540048748255 0.00275720050558448 0.00272982870228589 0.00273372116498649 0.00273108878172934 0.00269526615738869 0.00263934233225882 0.00253488239832222 0.00244116340763867 0.00236219051294029 0.00232110149227083 0.00231100828386843 0.00229759723879397 0.00228261481970549 0.00224112230353057 0.0021932958625257 0.00210321112535894 0.00200683786533773 0.00186119240242988 0.00172240636311471 0.00161232764367014 0.00153298489749432 0.0015185282099992 0.00153801299165934 0.00159898144192994 0.00166961376089603 0.00174728524871171 0.00176871777512133 0.0017668599030003 0.00173623661976308 0.0016999589279294 0.00169502419885248 0.00169256038498133 0.0017028950387612 0.00171091977972537 0.00171082222368568 0.00170389062259346
0.00260665942914784 0.0026139656547457 0.00261607044376433 0.00258966791443527 0.00254791555926204 0.0025207013823092 0.00249762204475701 0.00247386773116887 0.00245105219073594 0.00245544989593327 0.00245837750844657 0.00245382590219378 0.00243168394081295 0.00236706784926355 0.00229254318401217 0.00220441492274404 0.00215309858322144 0.00213190051726997 0.00209794170223176 0.00205793837085366 0.00199266336858273 0.00192134990356863 0.00182667665649205 0.00172902003396302 0.00161129888147116 0.00150130176916718 0.00142363004852086 0.00136698724236339 0.00135473825503141 0.00137419486418366 0.00143240229226649 0.00151262385770679 0.0016088803531602 0.0016555356560275 0.00168164947535843 0.00166683504357934 0.00164397503249347 0.00163890782278031 0.00163571478333324 0.0016443933127448 0.00165167741943151 0.00165405916050076 0.00165292492602021
0.00227759918197989 0.00226065889000893 0.00224248389713466 0.00221745693124831 0.00218874006532133 0.00216641719453037 0.00214591273106635 0.002137043280527 0.00212992029264569 0.00213779136538506 0.00214413343928754 0.00214269757270813 0.00212777080014348 0.00208026985637844 0.00202082539908588 0.00194498454220593 0.00188506650738418 0.00183817616198212 0.00178451964166015 0.00172765797469765 0.00165435310918838 0.00157711945939809 0.00149620557203889 0.00141621229704469 0.00135329994373024 0.00129459286108613 0.00125348486471921 0.00122229696717113 0.00121205113828182 0.00122337613720447 0.00126106524839997 0.00132803060114384 0.00141632033046335 0.00149206013884395 0.00156260258518159 0.00158285954967141 0.00159323145635426 0.00159596360754222 0.00159872474614531 0.00160453224088997 0.00160732166841626 0.0015994991408661 0.00159010838251561
0.00188177463132888 0.00185598398093134 0.0018331139581278 0.00181830360088497 0.00180783285759389 0.0017949934117496 0.00178148038685322 0.00178158888593316 0.00178336689714342 0.00179257348645478 0.00180029543116689 0.00180046597961336 0.00179065566044301 0.00175674550700933 0.00171201408375055 0.00165242643561214 0.00159629224799573 0.00154298369307071 0.00148926686961204 0.00143535656388849 0.00137135095428675 0.00130493321921676 0.00124480004888028 0.00118722871411592 0.00116065936163068 0.00113575754221529 0.00111783493775874 0.0011027887230739 0.00109381496440619 0.00109822954982519 0.00111900747288018 0.0011694086715579 0.0012413872173056 0.00132578983902931 0.00141533766873181 0.00146384083200246 0.00150427559856325 0.0015218494227156 0.00153758004307747 0.00154357554856688 0.00154403725173324 0.00152504188008606 0.00150555919390172
0.00140195549465716 0.00138668389990926 0.00137872516643256 0.00138525478541851 0.00139958562795073 0.00140200695022941 0.00140104128513485 0.00140269624534994 0.00140483118593693 0.00141268351580948 0.00141922582406551 0.00141910428646952 0.00141176942270249 0.00138701684772968 0.00135653605684638 0.0013181910617277 0.00128142267931253 0.00124594429507852 0.00121687271166593 0.00119083584286273 0.00115793070290238 0.00112338433973491 0.00109286559745669 0.00106370251160115 0.00105024478398263 0.00103715131990612 0.00102558278013021 0.00101496151182801 0.00100634025875479 0.00100538053084165 0.00101378501858562 0.00104346079751849 0.00108863040804863 0.00115600356366485 0.0012325718998909 0.0013007348170504 0.00136724533513188 0.00140852073673159 0.00144604709930718 0.00145607884041965 0.00145693914964795 0.00142555218189955 0.00139366870280355
0.00107499083969742 0.00107443786691874 0.00108097330667078 0.00110043957829475 0.00112686853390187 0.00113985792268068 0.00114902516361326 0.00115267047658563 0.00115583837032318 0.00116137147415429 0.00116608967073262 0.00116666266694665 0.0011629193322733 0.00114875414874405 0.00113186484668404 0.00111123593524098 0.00108953565359116 0.00106695876456797 0.00105311698280275 0.0010434128344059 0.00102855486329645 0.00101246545091271 0.000999278505332768 0.000986763625405729 0.000981127959676087 0.000975394970737398 0.00096925551770255 0.00096310448134318 0.000956928823143244 0.000954585499130189 0.000956925912760198 0.000972661247942597 0.000998153234831989 0.00104320084210485 0.00109634711407125 0.00116116972640157 0.00122828781604767 0.00128409243188798 0.00133625615853816 0.00135694467462599 0.00136567396111786 0.00133235403336585 0.00129619613289833
0.000862668792251498 0.000879984116181731 0.000900700688362122 0.00092680100351572 0.000955800293013453 0.000975838222075254 0.000993327470496297 0.000999296316877007 0.00100400380324572 0.0010064939269796 0.00100890465546399 0.00101091212127358 0.00101159792393446 0.00100909208413213 0.00100530020426959 0.000999742420390248 0.00098988669924438 0.000976514653302729 0.000970841152593493 0.000968814245425165 0.000962213380262256 0.000954519666265696 0.000949452689383179 0.000944765808526427 0.000942984770517796 0.000941276492085308 0.000939872465096414 0.000938225421123207 0.000936065393034369 0.000935331219807267 0.000936339842155576 0.000943223480135202 0.000954386370722204 0.000973136397078633 0.000995028531178832 0.00103926076553762 0.00108788453508168 0.00115133926738054 0.00121277151629329 0.00124908227007836 0.00127128337044269 0.00124387466348708 0.00120953726582229
0.000771002261899412 0.000794513442087919 0.000820518878754228 0.000848529220093042 0.000877619138918817 0.000898836529813707 0.000917815021239221 0.000925335043575615 0.000931556918658316 0.000934396754018962 0.000937181699555367 0.000939687481150031 0.000940947269555181 0.00093919865321368 0.00093733734684065 0.000935321266297251 0.000930596492253244 0.000923655461519957 0.000923516170587391 0.000926598731894046 0.000925794127397239 0.000924060703255236 0.000923976360354573 0.000923956744372845 0.000923231069464236 0.000922062958125025 0.000919043144676834 0.000915857730433345 0.000912322604563087 0.000910287548322231 0.000910085800569504 0.000914798292797059 0.000923090148717165 0.000936559401452541 0.000952172733377665 0.000979167758487165 0.00100839999504387 0.00105800339952111 0.0011076161172241 0.00114995089825243 0.0011803904781118 0.00116900552529842 0.0011458289809525
0.000731046078726649 0.000755750515963882 0.000783233786933124 0.000811129517387599 0.000839247310068458 0.000859128893353045 0.000876668083947152 0.000885408371686935 0.000893133867066354 0.000897777499631047 0.00090208591427654 0.000904688728041947 0.00090487051056698 0.000899206439498812 0.000894489989150316 0.000891074480023235 0.000888603099156171 0.000886904308572412 0.00089117034804076 0.000898261845577508 0.000902198837138712 0.000905382097698748 0.000908935733605176 0.000912228773813695 0.00091135868569836 0.000909237423911691 0.000901879800949246 0.000894566299393773 0.00088734581368044 0.000882762600667775 0.000881402578670532 0.000886807043571025 0.000897138612344861 0.000914334377739578 0.000934372947085649 0.00094556767726317 0.00095502391923219 0.000981560908257961 0.00101031607482582 0.0010545615805313 0.00109099654946476 0.00109996949322522 0.00109195674303919
0.000731423671822995 0.000756604713387787 0.000783431343734264 0.000808490614872426 0.000832598248962313 0.000848331488668919 0.000861683045513928 0.000868541246745735 0.000874608696904033 0.000877270475029945 0.000879743078257889 0.000881253334227949 0.000880252744536847 0.000873189186677337 0.000867232389282435 0.000862794986460358 0.000862110464368016 0.00086449651280418 0.000872154778335243 0.000882310443557799 0.000889362476300448 0.00089567294344306 0.000898703001439571 0.000900881423149258 0.000893944466952235 0.000885942135937512 0.000873480981681496 0.000861729262396693 0.000851475342642516 0.000844580354169011 0.000841790752019733 0.000845026108436286 0.000852649915032089 0.000872499775141478 0.000897412828635424 0.000915704818908125 0.000932695285882801 0.000948269851505756 0.000965008162893355 0.00099362782202661 0.00101948506198823 0.00103562965523452 0.00103675585705787
0.000740146322641522 0.000765655655413866 0.00079138414002955 0.000813043850939721 0.000832512625493109 0.000843515619635582 0.000852110853884369 0.000856445170938969 0.00086020037997514 0.000860097003169358 0.000860038795508444 0.000860210449900478 0.000858005834743381 0.000850063399411738 0.000843200366944075 0.000837819185107946 0.00083882495528087 0.000845056318212301 0.00085589726222679 0.000868921575602144 0.000878752151038498 0.000887819624040276 0.000889465038198978 0.000889612769242376 0.000875383615493774 0.000860480591654778 0.000842757464852184 0.000826503499411047 0.0008133509545587 0.000804193143267184 0.00079991779057309 0.000800392066594213 0.000804325856734067 0.000826607807539403 0.000856488477438688 0.000886615249328315 0.000916790391784161 0.000923906802199781 0.000930457434151322 0.000939822930376977 0.00095167342806235 0.000972261535935104 0.000981280114501715
0.000754152541048825 0.000777861510869116 0.000801110465545207 0.000819058448541909 0.000834152102470398 0.000842453853692859 0.000848823983687907 0.000852218247018754 0.000855089048855007 0.000852050085086375 0.000848624738864601 0.000843233719933778 0.000837112835142761 0.000829229538794607 0.000823401263915002 0.000820394256152213 0.000824771530460566 0.000835190352518111 0.000849871255923063 0.000866570975631475 0.000877004233188927 0.000885940331500024 0.000880807463545352 0.000873819750268012 0.000853901961818337 0.000834550068248063 0.000817566295154393 0.000802107795607299 0.000789869285654277 0.000780807808041573 0.000775629305280745 0.000773766252677888 0.000774318119511008 0.000789979239925742 0.000811897625681013 0.000847666698973626 0.000886158493813127 0.000901742372661829 0.000915242009796202 0.00091666862135753 0.00092033896362409 0.000931898364797235 0.000937779259402305
