Ecospace-environmental-drivers/Outputs/ASCII-for-ecospace/MOM6-ISIMIP3a/phyc/1993-03_phyc_MOM6-ISIMIP3a.asc
NCOLS 131 
NROWS 53 
XLLCORNER -98 
YLLCORNER 23.9265270233154 
CELLSIZE 0.133587792515755 
NODATA_value -9999 
[rows 0 to 18 of 53, columns 44 to 87 of 131]
-9999 -9999 -9999 -9999 -9999 -9999 -9999 -9999 -9999 -9999 -9999 -9999 -9999 -9999 -9999 -9999 -9999 -9999 -9999 -9999 -9999 -9999 -9999 -9999 -9999 -9999 -9999 -9999 -9999 -9999 -9999 -9999 -9999 -9999 -9999 -9999 -9999 -9999 -9999 -9999 -9999 -9999 -9999 -9999
-9999 -9999 -9999 -9999 -9999 -9999 -9999 -9999 -9999 -9999 -9999 -9999 -9999 -9999 -9999 -9999 -9999 -9999 -9999 -9999 -9999 -9999 -9999 -9999 -9999 -9999 -9999 -9999 -9999 -9999 -9999 -9999 -9999 -9999 -9999 -9999 -9999 -9999 -9999 -9999 -9999 -9999 -9999 -9999
-9999 -9999 -9999 -9999 -9999 -9999 -9999 -9999 -9999 -9999 -9999 -9999 -9999 -9999 -9999 -9999 -9999 -9999 -9999 -9999 -9999 -9999 -9999 -9999 -9999 -9999 -9999 -9999 -9999 -9999 0.00994972884654999 0.00975238345563412 -9999 -9999 -9999 -9999 -9999 -9999 -9999 -9999 -9999 -9999 -9999 -9999
-9999 -9999 -9999 -9999 -9999 -9999 -9999 -9999 -9999 -9999 -9999 -9999 -9999 -9999 -9999 -9999 -9999 -9999 -9999 -9999 -9999 -9999 -9999 -9999 -9999 -9999 -9999 -9999 -9999 -9999 0.00994052737951279 0.00977517571300268 -9999 -9999 -9999 -9999 -9999 -9999 -9999 -9999 -9999 -9999 -9999 -9999
-9999 -9999 -9999 -9999 -9999 -9999 -9999 -9999 -9999 -9999 -9999 -9999 -9999 -9999 -9999 -9999 -9999 -9999 -9999 -9999 -9999 0.0109749110415578 0.0109702255576849 0.0109664769843221 0.0109446104615927 0.0109064457938075 0.010795708745718 0.0106159374117851 0.0103610316291451 0.0101133324205875 0.00992608442902565 0.00978216622024775 0.00961727742105722 -9999 -9999 0.0078451381996274 0.00711477734148502 0.0065836338326335 0.00620621535927057 0.00599619233980775 0.00582194328308105 0.00567252049222589 0.00553327612578869 0.00542128598317504
-9999 -9999 -9999 -9999 -9999 -9999 -9999 -9999 -9999 -9999 -9999 -9999 -9999 -9999 -9999 -9999 -9999 0.0120773296803236 -9999 0.0119114173576236 0.0117715951055288 0.0113973012194037 0.0109749110415578 0.0109692886471748 0.0109664769843221 0.0109227448701859 0.0108301164582372 0.010634264908731 0.0103834308683872 0.0100653981789947 0.00989116914570332 0.00982168596237898 0.00963364355266094 0.00939650181680918 0.00864455103874207 0.00779140181839466 0.00709946267306805 0.00645346799865365 0.00619797129184008 0.0059672063216567 0.00582339894026518 0.00567522412165999 0.00551893888041377 0.00540566490963101
-9999 -9999 -9999 -9999 -9999 -9999 -9999 -9999 -9999 -9999 -9999 -9999 -9999 0.0138009395450354 0.0138093326240778 0.013816392980516 0.0138380089774728 0.0129704102873802 0.0120952278375626 0.0120594315230846 0.0119032263755798 0.0117715951055288 0.0114453984424472 0.0109749110415578 0.0109664769843221 0.0109227448701859 0.0108301164582372 0.010634264908731 0.0103834308683872 0.0100653981789947 0.00989116914570332 0.00982168596237898 0.00963364355266094 0.00939650181680918 0.00864455103874207 0.00779140181839466 0.00709946267306805 0.00645346799865365 0.00619797129184008 0.0059672063216567 0.00582339894026518 0.00567522412165999 0.00551893888041377 0.00540566490963101
-9999 -9999 -9999 -9999 -9999 -9999 -9999 -9999 -9999 -9999 -9999 -9999 -9999 0.0137559380382299 0.0138009395450354 0.0138177257031202 -9999 0.0138657866045833 0.0130010899156332 0.0121310241520405 0.0120594315230846 0.0118786515668035 0.0117715951055288 0.0115896891802549 0.0114017846062779 0.0111887725070119 0.0109466277062893 0.0106429848819971 0.0103550422936678 0.0100862886756659 0.00990666728466749 0.00979196839034557 0.00954658538103104 0.00924708321690559 0.0085491007193923 0.00777278700843453 0.00711645232513547 0.00649904040619731 0.00621845619753003 0.00597734237089753 0.00587500771507621 0.00575717259198427 0.00561055215075612 0.00547242350876331
-9999 0.0101339695975184 -9999 -9999 -9999 -9999 -9999 -9999 -9999 -9999 -9999 -9999 -9999 -9999 -9999 -9999 -9999 0.0138560887426138 0.0139067601412535 0.0130521422252059 0.0122026177123189 0.0120594315230846 0.0118049280717969 0.0118870083242655 0.0118773076683283 0.0114834941923618 0.0110807018354535 0.0106589514762163 0.0103303091600537 0.0101154614239931 0.00993066746741533 0.00976776424795389 0.00945834442973137 0.00908824801445007 0.00845027342438698 0.00775964092463255 0.00714512541890144 0.00656143855303526 0.00625137519091368 0.00599653925746679 0.00593588687479496 0.00584841007366776 0.00571111775934696 0.00554438820108771
0.0101339695975184 0.0100649846717715 0.0100215403363109 0.0100201610475779 -9999 -9999 -9999 -9999 -9999 -9999 -9999 -9999 -9999 0.0134481219574809 0.013709812425077 -9999 -9999 -9999 0.0138992415741086 0.0139529537409544 0.0131464684382081 0.0123458039015532 0.0123643605038524 0.0122394077479839 0.0120755359530449 0.0117487814277411 0.011371711269021 0.0108884181827307 0.0105371698737144 0.010347306728363 0.0101852118968964 0.0100433444604278 0.0096588209271431 0.0091738048940897 0.00859730504453182 0.0080028222873807 0.00750691443681717 0.00702377501875162 0.00662970310077071 0.00628556543961167 0.006116998847574 0.00594585482031107 0.00576992519199848 0.0055411453358829
0.0100896554067731 0.0100242989137769 0.0100120147690177 0.010028307326138 0.0100295096635818 -9999 -9999 -9999 -9999 -9999 -9999 -9999 -9999 0.0134503077715635 0.0138234766200185 0.013709812425077 -9999 -9999 0.0139352306723595 0.0139615535736084 0.0139620779082179 0.0134034752845764 0.0128270518034697 0.0125503065064549 0.012274008244276 0.011999580077827 0.0116464700549841 0.0111272549256682 0.0107618421316147 0.0105844074860215 0.0104344682767987 0.0103045552968979 0.00986157823354006 0.00928894989192486 0.00877221580594778 0.00826646946370602 0.00787386950105429 0.00747880712151527 0.00701875472441316 0.00659911753609776 0.00632157968357205 0.00605925498530269 0.00582518149167299 0.00552612217143178
0.0100426711142063 0.0100121181458235 0.0100120147690177 0.010028307326138 0.0100319152697921 0.0106004532426596 0.010953476652503 -9999 -9999 -9999 -9999 -9999 -9999 -9999 0.0140237947925925 0.0140228029340506 0.013709812425077 0.0138009395450354 0.0139352306723595 0.0139615535736084 0.0139620779082179 0.0133707216009498 0.0127708343788981 0.0126385968178511 0.012473788112402 0.0121726645156741 0.0118340654298663 0.0114163542166352 0.0110820531845093 0.010849698446691 0.0106553509831429 0.0104886889457703 0.0100765712559223 0.00956280063837767 0.00909666623920202 0.00863989628851414 0.00826853606849909 0.00789466127753258 0.007465326692909 0.00704421987757087 0.00665204552933574 0.00625823577865958 0.00586138945072889 0.00544791016727686
0.010088287293911 0.0101054301485419 0.0101293763145804 0.0101569835096598 0.0104915145784616 0.0109133347868919 0.01096504740417 -9999 -9999 -9999 -9999 0.01196707226336 0.0128211164847016 0.0135807152837515 0.0142106534913182 0.0142800156027079 0.013890728354454 0.0138444676995277 0.0139606902375817 0.0139997592195868 0.01402039360255 0.0133788315579295 0.0127322198823094 0.0126742264255881 0.012559287250042 0.0122060207650065 0.0118656940758228 0.01155268214643 0.0112554188817739 0.0109774060547352 0.0107452357187867 0.0105464588850737 0.0101716406643391 0.009723917581141 0.00928201898932457 0.00884126499295235 0.00848443619906902 0.00812762975692749 0.00774067314341664 0.00733613455668092 0.00686977570876479 0.00638016127049923 0.00584735814481974 0.0053388006053865
0.010365410707891 0.0104624824598432 0.0105401454493403 0.0106073562055826 0.0107596386224031 0.0109361158683896 0.01096504740417 0.0109820477664471 0.0110846655443311 0.0112184034660459 0.0115104438737035 0.01196707226336 0.0128211164847016 0.0135807152837515 0.0142106534913182 0.0143374027684331 0.0140524571761489 0.0139968181028962 0.0140497963875532 0.0141334813088179 0.0142245031893253 0.0134891038760543 0.0127376094460487 0.0125781996175647 0.012359076179564 0.0118900528177619 0.0115073975175619 0.0113070728257298 0.0110616628080606 0.0107611492276192 0.0105076190084219 0.0102883102372289 0.00996689591556787 0.00960319582372904 0.009119619615376 0.00861247815191746 0.00825341138988733 0.00790337193757296 0.00758794974535704 0.00724507216364145 0.00680566113442183 0.00630944222211838 0.00570772541686893 0.00515244528651237
0.0104450192302465 0.0106189921498299 0.0107788126915693 0.0109310131520033 0.0110118538141251 0.0110724000260234 0.0111065926030278 0.0111413346603513 0.0112637495622039 0.0114153157919645 0.0117151690647006 0.0121330907568336 0.0128360968083143 0.0134606147184968 0.0139773786067963 0.0141203636303544 0.0139575330540538 0.0139455329626799 0.0140049764886498 0.0140874153003097 0.0141753489151597 0.0134868677705526 0.0127729596570134 0.0124653046950698 0.0121326223015785 0.0116951977834105 0.0113239074125886 0.0110922297462821 0.0107983006164432 0.010428287088871 0.0101519180461764 0.00994375627487898 0.00965822581201792 0.00934065505862236 0.00887194182723761 0.00837351754307747 0.0080398665741086 0.00771443312987685 0.00740967318415642 0.00708046928048134 0.00666532013565302 0.00618474557995796 0.00558266788721085 0.00502781197428703
0.0102453762665391 0.0104919718578458 0.0107741616666317 0.0110755171626806 0.0112415757030249 0.0113691566511989 0.0114482557401061 0.0115258228033781 0.0116960247978568 0.0118906255811453 0.0122093399986625 0.0125338276848197 0.0128722554072738 0.0131707126274705 0.0134142972528934 0.0135153355076909 0.0134997479617596 0.0136063415557146 0.0137708093971014 0.0137871615588665 0.0137681243941188 0.0133255645632744 0.0128506673499942 0.0123285623267293 0.0118690636008978 0.011671575717628 0.0113875614479184 0.0109208840876818 0.0104365283623338 0.0099305659532547 0.00962926726788282 0.00947704073041677 0.00920262653380632 0.00887760892510414 0.00850369688123465 0.00812017265707254 0.00785103347152472 0.00757542764768004 0.0071952692233026 0.00681189447641373 0.00641721021384001 0.0059837345033884 0.0054782172665 0.00499044312164187
0.00978071987628937 0.0100282430648804 0.0103743970394135 0.0107736587524414 0.0110618304461241 0.0113184070214629 0.0115272626280785 0.0117314755916595 0.0119422310963273 0.0121659459546208 0.0124555844813585 0.0126817096024752 0.0127544738352299 0.0128023214638233 0.0128159625455737 0.0128658395260572 0.0129453651607037 0.0131224943324924 0.0133458552882075 0.0133639136329293 0.013332917355001 0.0130890440195799 0.0128106903284788 0.0122433202341199 0.0117551852017641 0.0115986578166485 0.0113453008234501 0.0108875287696719 0.0103811779990792 0.00981545448303223 0.00948948133736849 0.00933813862502575 0.00905133504420519 0.00870843231678009 0.00832933746278286 0.00794312730431557 0.00765209039673209 0.00735609931871295 0.00697728339582682 0.00659666629508138 0.00620971759781241 0.00580370798707008 0.00536230113357306 0.00491337571293116
0.00909289158880711 0.00928096566349268 0.00964189972728491 0.0100959101691842 0.0105372630059719 0.0109750153496861 0.0113850822672248 0.0117865279316902 0.0120317451655865 0.0122728524729609 0.0124930469319224 0.0126166576519608 0.0125070558860898 0.0123678324744105 0.0121879409998655 0.0121788969263434 0.0123096350580454 0.0125168282538652 0.012760235927999 0.0128370886668563 0.0128741459921002 0.0127891814336181 0.0126716084778309 0.01220144610852 0.0117673547938466 0.0114842271432281 0.0112138474360108 0.0109703782945871 0.0105838719755411 0.0100225452333689 0.00967211276292801 0.00947529263794422 0.00915630720555782 0.00878672860562801 0.00831825286149979 0.00783033575862646 0.00744463317096233 0.00706912949681282 0.00675628054887056 0.00642636278644204 0.00603642920032144 0.00564135378226638 0.00523672951385379 0.00480287754908204
0.00841165147721767 0.00871422700583935 0.00907570216804743 0.00946889165788889 0.00990614201873541 0.0103559214621782 0.0107871685177088 0.011209849268198 0.0114524913951755 0.0116874752566218 0.0118835018947721 0.0119855925440788 0.0118608651682734 0.0117148971185088 0.0115397684276104 0.0115724941715598 0.0117752803489566 0.0120282303541899 0.0123049430549145 0.0124039584770799 0.0124605167657137 0.0124819567427039 0.0124749904498458 0.0120896901935339 0.0117088481783867 0.0113466661423445 0.0110163195058703 0.010753178037703 0.0103741707280278 0.00985355023294687 0.00948632322251797 0.00923082511872053 0.0088872779160738 0.00850726570934057 0.00803934875875711 0.00755415111780167 0.00711613055318594 0.00669107027351856 0.00637554470449686 0.00605356693267822 0.00570890353992581 0.00533561315387487 0.00490915961563587 0.00447210855782032
