Ecospace-environmental-drivers/Outputs/ASCII-for-ecospace/MOM6-ISIMIP3a/phyc/1993-08_phyc_MOM6-ISIMIP3a.asc
NCOLS 131 
NROWS 53 
XLLCORNER -98 
YLLCORNER 23.9265270233154 
CELLSIZE 0.133587792515755 
NODATA_value -9999 
[rows 19 to 37 of 53, columns 86 to 128 of 131]
0.00280910776928067 0.00278832181356847 0.00279010459780693 0.00280282367020845 0.00282261916436255 0.00274635874666274 0.00263559352606535 0.00237493356689811 0.00209073745645583 0.00174172583501786 0.0014030501479283 0.00114252662751824 0.000915617973078042 0.000789551180787385 0.000701375829521567 0.000675398332532495 0.000724666635505855 0.00084705970948562 0.00121250795200467 0.00171723193489015 0.00280754873529077 0.00407846365123987 0.00505834585055709 0.00600509159266949 0.00703334901481867 0.0079814437776804 0.00847530085593462 0.00883377622812986 0.00884165707975626 -9999 -9999 -9999 -9999 -9999 -9999 -9999 -9999 -9999 -9999 -9999 -9999 -9999 -9999
0.00265618623234332 0.00263167195953429 0.0026278393343091 0.00264269090257585 0.00266963220201433 0.00265666167251766 0.00262935413047671 0.00247171591036022 0.00229361304081976 0.00198668823577464 0.0016780107980594 0.00136335601564497 0.00107786012813449 0.000879838829860091 0.000731985841412097 0.000666483014356345 0.000656172400340438 0.000699498283211142 0.000886962923686951 0.00115702219773084 0.00183806894347072 0.00264586531557143 0.00359798735007644 0.00457364693284035 0.0058332565240562 0.00703503889963031 0.00790914613753557 0.00853247940540314 0.00850638747215271 -9999 -9999 -9999 -9999 -9999 -9999 -9999 -9999 -9999 -9999 -9999 -9999 -9999 -9999
0.00247326213866472 0.00244866125285625 0.00244298041798174 0.00246306206099689 0.00249981298111379 0.00254359119571745 0.00258989352732897 0.00253141322173178 0.0024564799387008 0.00221532583236694 0.00195916835218668 0.00160310720093548 0.00126758392434567 0.000993672758340836 0.000785550626460463 0.000685419770888984 0.000625347893219441 0.000604205881245434 0.000640420883428305 0.000709502783138305 0.00099818326998502 0.00135458854492754 0.00211678817868233 0.00294270692393184 0.00445466442033648 0.00593541096895933 0.00723930634558201 0.00822625402361155 -9999 -9999 -9999 -9999 -9999 -9999 -9999 -9999 -9999 -9999 -9999 -9999 -9999 -9999 -9999
0.00219613406807184 0.00217527244240046 0.00217094947583973 0.00219558132812381 0.00223894836381078 0.00231230678036809 0.00239643850363791 0.00241470523178577 0.00242263008840382 0.00225904863327742 0.00207526166923344 0.00175420928280801 0.00143638357985765 0.00112823687959462 0.000885493180248886 0.000750106992200017 0.00066275562858209 0.000622085004579276 0.000612503616139293 0.00062073691515252 0.000759203860070556 0.000937835138756782 0.00144285219721496 0.00200019869953394 0.0031586023978889 0.00431518210098147 0.00546142645180225 0.00628621596843004 0.0062785423360765 0.0060934629291296 -9999 -9999 -9999 -9999 -9999 -9999 -9999 -9999 -9999 -9999 -9999 -9999 -9999
0.00191363715566695 0.00189695146400481 0.00189438066445291 0.0019232677295804 0.00197250954806805 0.00207174313254654 0.00218893471173942 0.00228023645468056 0.00236747320741415 0.00228188023902476 0.00217164331115782 0.00189209799282253 0.00159818353131413 0.0012611624551937 0.000987441278994083 0.000817625550553203 0.000705384591128677 0.000649095454718918 0.000603420950938016 0.000563828798476607 0.00057680526515469 0.000605993962381035 0.000857471022754908 0.00114606122951955 0.00191128882579505 0.00270310835912824 0.00364560866728425 0.00416952278465033 0.00360943377017975 0.00437315646559 0.00452222488820553 -9999 -9999 -9999 -9999 -9999 -9999 -9999 -9999 -9999 -9999 -9999 -9999
0.00166212941985577 0.00165197311434895 0.00165359291713685 0.00168272515293211 0.00172965927049518 0.0018281223019585 0.00194509536959231 0.00207662349566817 0.00221043708734214 0.00219471519812942 0.00215229392051697 0.00192448089364916 0.00167104369029403 0.00134073582012206 0.00106361194048077 0.000873788609169424 0.000747556448914111 0.000683122954797 0.000627611007075757 0.0005772112053819 0.000565269845537841 0.000565189169719815 0.000708611914888024 0.000876256846822798 0.00136361387558281 0.00188644789159298 0.00261030974797904 0.00315408455207944 0.00323149259202182 0.0031000564340502 0.003191884374246 -9999 -9999 -9999 -9999 -9999 -9999 -9999 -9999 -9999 -9999 -9999 -9999
0.00142944208346307 0.00142485741525888 0.00143031205516309 0.00145938654895872 0.00150374416261911 0.00159936561249197 0.00171340175438672 0.00187752116471529 0.00204950477927923 0.00209920830093324 0.00212054513394833 0.00194301165174693 0.00172985403332859 0.00140982714947313 0.00113281758967787 0.000926420034375042 0.000787906348705292 0.000715363130439073 0.000651163456495851 0.000591744785197079 0.000557862920686603 0.000531856610905379 0.000581772648729384 0.000644840241875499 0.000892418553121388 0.00118247396312654 0.00171322352252901 0.00217523612082005 0.00245924270711839 0.00266670854762197 -9999 -9999 -9999 -9999 -9999 -9999 -9999 -9999 -9999 -9999 -9999 -9999 -9999
0.00127927679568529 0.00127606512978673 0.00128379464149475 0.00131148274522275 0.00135208514984697 0.00143578404095024 0.00153496384155005 0.00169819663278759 0.00187148689292371 0.00196712277829647 0.00203442829661071 0.00190080446191132 0.00172706006560475 0.00143295747693628 0.00117148284334689 0.000963566009886563 0.000820267538074404 0.000739765993785113 0.000671920250169933 0.00061132648261264 0.000568558403756469 0.000531287747435272 0.000551484408788383 0.000581743195652962 0.000756564666517079 0.000972598791122437 0.0014221619348973 0.00187765015289187 0.00234848260879517 0.00262761651538312 -9999 -9999 -9999 -9999 -9999 -9999 -9999 -9999 -9999 -9999 -9999 -9999 -9999
0.00115464243572205 0.00115005497355014 0.00115608400665224 0.00117965822573751 0.00121458503417671 0.00128711003344506 0.00137314072344452 0.00153246812988073 0.00170330447144806 0.00183576322160661 0.00194057624321431 0.00184736994560808 0.00171099894214422 0.00144513673149049 0.00120166013948619 0.000994928646832705 0.000848729745484889 0.000761357136070728 0.000690837565343827 0.000629975169431418 0.000579852377995849 0.000533041602466255 0.000529550656210631 0.000533616286702454 0.000645361316855997 0.000794888997916132 0.00115850928705186 0.00157945184037089 0.00214884011074901 0.00242565525695682 -9999 -9999 -9999 -9999 -9999 -9999 -9999 -9999 -9999 -9999 -9999 -9999 -9999
0.00108571269083768 0.00107375218067318 0.00106940709520131 0.00108291616197675 0.00110797793604434 0.00117096211761236 0.00124756863806397 0.00139640434645116 0.00155658135190606 0.00170598761178553 0.00182984734419733 0.00176943955011666 0.00166599079966545 0.00143342232331634 0.00121331796981394 0.0010136729106307 0.000868685019668192 0.000776813423726708 0.000705741578713059 0.000646588334348053 0.000592452182900161 0.00053986330749467 0.000525845040101558 0.000518152141012251 0.00058794190408662 0.000687359250150621 0.000954658957198262 0.00127991719637066 0.00175526889506727 0.00207408866845071 -9999 -9999 -9999 -9999 -9999 -9999 -9999 -9999 -9999 -9999 -9999 -9999 -9999
0.0010315568652004 0.00101563974749297 0.00100426620338112 0.00100770918652415 0.00102073908783495 0.0010725389001891 0.00113826547749341 0.00127627223264426 0.00142562831752002 0.00158422614913434 0.00171957269776613 0.00168621633201838 0.00161096884403378 0.00141005148179829 0.00121341098565608 0.00102379114832729 0.000882607011590153 0.000788493314757943 0.000717672053724527 0.000660197925753891 0.000603880791459233 0.000547920470125973 0.00052612362196669 0.00050958851352334 0.000546122202649713 0.000605513982009143 0.000794429623056203 0.0010460945777595 0.00146025989670306 0.00193085183855146 0.00248360726982355 -9999 -9999 -9999 -9999 -9999 -9999 -9999 -9999 -9999 -9999 -9999 -9999
0.000995987793430686 0.000980412121862173 0.000966219406109303 0.000959594850428402 0.000957867305260152 0.000996414921246469 0.00104942987672985 0.0011761833447963 0.00131451524794102 0.00147254718467593 0.00160986953414977 0.00159633427392691 0.00154334888793528 0.00137201580218971 0.00119895476382226 0.00102305691689253 0.000888938666321337 0.000795422121882439 0.00072586175519973 0.000670028734020889 0.000613835814874619 0.000557531951926649 0.000531414640136063 0.000509706442244351 0.000523928203620017 0.000555981823708862 0.00068907905369997 0.000894943252205849 0.0012892500963062 0.00178783526644111 0.00243826094083488 0.00274024065583944 -9999 -9999 -9999 -9999 -9999 -9999 -9999 -9999 -9999 -9999 -9999
0.00096370599931106 0.000951577909290791 0.000938872050028294 0.000927638320717961 0.000917357101570815 0.000942003331147134 0.000979196047410369 0.00109364883974195 0.00122023292351514 0.00137407972943038 0.00150956341531128 0.00151077227201313 0.00147516990546137 0.00132913677953184 0.00117750244680792 0.00101667374838144 0.000890641065780073 0.000798423425294459 0.000729898689314723 0.000674950424581766 0.000619770900812 0.000564520072657615 0.000535789469722658 0.000510827812831849 0.000512652040924877 0.000528186210431159 0.000621406827121973 0.000791163591202348 0.00115912430919707 0.00166302884463221 0.00236488203518093 0.00268170470371842 0.00266484147869051 0.00265707145445049 -9999 -9999 -9999 -9999 -9999 -9999 -9999 -9999 -9999
0.000933889590669423 0.000927538785617799 0.000919549376703799 0.000907800218556076 0.000893618329428136 0.000903876381926239 0.000922913604881614 0.00102428009267896 0.0011385737452656 0.00128552108071744 0.00141630531288683 0.00142845022492111 0.00140657171141356 0.00128262513317168 0.00115080317482352 0.00100605376064777 0.000888871436472982 0.000798479130025953 0.000730821047909558 0.000676190189551562 0.000622690946329385 0.000569540716242045 0.00053947715787217 0.000512701692059636 0.000509564473759383 0.000516693224199116 0.000581993605010211 0.000722913246136159 0.0010596620850265 0.00155188026838005 0.00227047828957438 0.00261987396515906 0.00264930143021047 -9999 -9999 -9999 -9999 -9999 -9999 -9999 -9999 -9999 -9999
0.000892771000508219 0.000892373325768858 0.000890878844074905 0.000884501729160547 0.00087496533524245 0.000877856509760022 0.000885211804416031 0.000971494591794908 0.00107017054688185 0.00120907800737768 0.0013339074794203 0.00135478936135769 0.00134435342624784 0.00123996625188738 0.00112557644024491 0.000994767411611974 0.000884926528669894 0.000795462809037417 0.000727661652490497 0.000672273687086999 0.000620282429736108 0.000569338677451015 0.000540135137271136 0.000514018116518855 0.00050971849123016 0.000512734695803374 0.00055720581440255 0.000668931577820331 0.000954824965447187 0.00143099040724337 0.00218421244062483 0.00360147934406996 0.00559423957020044 0.00502241961658001 0.00626322627067566 -9999 -9999 -9999 -9999 -9999 -9999 -9999 -9999
0.00084680860163644 0.000852439377922565 0.000858201994560659 0.000859720166772604 0.000858492101542652 0.000857025443110615 0.000855473161209375 0.000925816362723708 0.00100744853261858 0.00113782740663737 0.00125616404693574 0.00128484051674604 0.0012848696205765 0.0011989587219432 0.00110098090954125 0.000983195495791733 0.000880049366969615 0.000791129830759019 0.000722752942238003 0.000666147388983518 0.000615590193774551 0.000566898379474878 0.000539494620170444 0.000515095714945346 0.00051126180915162 0.000512005237396806 0.000538686115760356 0.00062106508994475 0.000847684219479561 0.00130592565983534 0.00210143416188657 0.00355641008354723 0.0055829118937254 0.00626322627067566 0.00715464679524302 0.00850345846265554 -9999 -9999 -9999 -9999 -9999 -9999 -9999
0.000803391740191728 0.00080982013605535 0.000817743421066552 0.000824623857624829 0.000830829492770135 0.000833816186059266 0.000835646584164351 0.000893518968950957 0.0009601911297068 0.00108002230990678 0.00118980533443391 0.00122412457130849 0.00123247993178666 0.00116294540930539 0.00107931590173393 0.00097254995489493 0.000875213998369873 0.000787042372394353 0.000718228810001165 0.000660507881548256 0.000610727292951196 0.000563395500648767 0.000538412423338741 0.00051652843831107 0.00051370047731325 0.000513582723215222 0.000528822420164943 0.000585183151997626 0.000748033984564245 0.00110702821984887 0.00175162858795375 0.00303750927560031 0.00487915426492691 0.00669725565239787 0.00850345846265554 0.00859406869858503 -9999 -9999 -9999 -9999 -9999 -9999 -9999
0.000760501599870622 0.000766645243857056 0.000775674823671579 0.000787393364589661 0.000800851790700108 0.000810114841442555 0.000817870779428631 0.000863990106154233 0.000916133285500109 0.00102499907370657 0.00112580193672329 0.0011653188848868 0.00118155800737441 0.0011279652826488 0.0010582571849227 0.000962096033617854 0.000870387360919267 0.000783005671110004 0.000713784247636795 0.000654969131574035 0.000605829060077667 0.000559672771487385 0.000537238898687065 0.000518034677952528 0.000516324362251908 0.000515637511853129 0.000520749657880515 0.000551780743990093 0.000649933470413089 0.000892854703124613 0.00134657463058829 0.00242057233117521 0.0040321322157979 0.00610107323154807 0.00840115733444691 0.00887759029865265 -9999 -9999 -9999 -9999 -9999 -9999 -9999
0.000724372628610581 0.000729796942323446 0.000738553004339337 0.000751109560951591 0.000766125274822116 0.000780517642851919 0.000794686144217849 0.000837195198982954 0.000884154345840216 0.000984433456324041 0.00107779819518328 0.00111836497671902 0.00113803264684975 0.00109500496182591 0.00103569030761719 0.000949641282204539 0.000864552392158657 0.00078039662912488 0.000712549954187125 0.00065404869383201 0.00060629565268755 0.000561857421416789 0.000540090084541589 0.000521418172866106 0.000519870663993061 0.000518604356329888 0.0005189313669689 0.000535127415787429 0.000592419295571744 0.000749873288441449 0.00105317402631044 0.00184745993465185 0.00306725664995611 0.00491693429648876 0.00708493124693632 0.00754674663767219 -9999 -9999 -9999 -9999 -9999 -9999 -9999
