Ecospace-environmental-drivers/Outputs/ASCII-for-ecospace/MOM6-ISIMIP3a/phyc/1993-02_phyc_MOM6-ISIMIP3a.asc
NCOLS 131 
NROWS 53 
XLLCORNER -98 
YLLCORNER 23.9265270233154 
CELLSIZE 0.133587792515755 
NODATA_value -9999 
[rows 19 to 37 of 53, columns 44 to 87 of 131]
0.00676768412813544 0.00683690467849374 0.00695302290841937 0.00709439348429441 0.00719920312985778 0.00729361455887556 0.00735710002481937 0.00741945998743176 0.00753690162673593 0.00764660444110632 0.00771693978458643 0.00778532633557916 0.00784900598227978 0.00791955646127462 0.00799953658133745 0.00816142465919256 0.0083903269842267 0.00860633887350559 0.00881624408066273 0.00894616730511189 0.00905697979032993 0.00869578123092651 0.00829334929585457 0.00776275666430593 0.00723913637921214 0.00674469862133265 0.00627613812685013 0.00586220668628812 0.00549446046352386 0.00518316263332963 0.00482219317927957 0.00442504370585084 0.00404921174049377 0.00368220754899085 0.00351675972342491 0.00339093315415084 0.00330392876639962 0.00323175103403628 0.00329036475159228 0.00334260473027825 0.00337243499234319 0.00338403484784067 0.00336177949793637 0.00333122187294066
0.00643775565549731 0.00651387125253677 0.00660079624503851 0.0066935415379703 0.00672148307785392 0.00673099467530847 0.00671726698055863 0.00670626666396856 0.00683312211185694 0.00696334429085255 0.00711069256067276 0.00723365973681211 0.00729775754734874 0.00739303417503834 0.00753111531957984 0.00772610399872065 0.00796765368431807 0.00812290050089359 0.00823726877570152 0.00829310156404972 0.00833494868129492 0.00790598895400763 0.00744415679946542 0.00697464821860194 0.0065174219198525 0.00611159903928638 0.00571488309651613 0.00533739104866982 0.00496421242132783 0.00459630554541945 0.00421471521258354 0.00382315833121538 0.00351435411721468 0.00323982071131468 0.00312389456667006 0.00303914700634778 0.0030040021520108 0.00298063224181533 0.00305434525944293 0.00312009337358177 0.00315783615224063 0.00318865478038788 0.00320661393925548 0.0032175243832171
0.00609263451769948 0.00618202658370137 0.00624569784849882 0.00629551988095045 0.0062456289306283 0.00616737967357039 0.00606972491368651 0.00597808510065079 0.00610245345160365 0.00624572997912765 0.00648519117385149 0.00667528016492724 0.00674615474417806 0.00687576271593571 0.00708600413054228 0.00731973815709352 0.00757269328460097 0.00765482475981116 0.0076560415327549 0.00764719350263476 0.00763594079762697 0.00714410934597254 0.00662774918600917 0.00623490335419774 0.00586031097918749 0.00556211033836007 0.0052481172606349 0.00490078516304493 0.00449878117069602 0.0040299566462636 0.00361254950985312 0.00323259341530502 0.00300476653501391 0.00283994153141975 0.00278432900086045 0.00275018531829119 0.00276541127823293 0.00278723705559969 0.00285567599348724 0.00291615026071668 0.00294862105511129 0.00299000763334334 0.00304795219562948 0.00309865083545446
0.00572434486821294 0.00585719803348184 0.00593237485736609 0.00597649486735463 0.0059303343296051 0.005858498159796 0.00571059482172132 0.00556437624618411 0.00567386299371719 0.00579994916915894 0.00601047370582819 0.0062178410589695 0.00641758600249887 0.00663433969020844 0.00687444489449263 0.0070576467551291 0.00719429180026054 0.00718152709305286 0.00709799025207758 0.00705402018502355 0.00701950350776315 0.00643840106204152 0.00584905687719584 0.00568628450855613 0.00550362421199679 0.00523773021996021 0.00492739723995328 0.00452324980869889 0.00408739596605301 0.00361279072239995 0.00322260451503098 0.00289390794932842 0.00271263625472784 0.00259241810999811 0.00255944672971964 0.00254362565465271 0.00258120312355459 0.00262422091327608 0.00270106852985919 0.00276913796551526 0.00280634290538728 0.00285526877269149 0.00292596151120961 0.00297823105938733
0.00535113550722599 0.00552461994811893 0.00561250606551766 0.00565430102869868 0.00562077155336738 0.00556581979617476 0.00537925260141492 0.00518967071548104 0.00528243742883205 0.00538819981738925 0.0055600730702281 0.00577714061364532 0.00610333541408181 0.00640039518475533 0.00665745511651039 0.00678282650187612 0.00680045410990715 0.00670004077255726 0.00654371408745646 0.00646303221583366 0.00640042452141643 0.00575136626139283 0.00510996347293258 0.00516637833788991 0.00516461301594973 0.00491935852915049 0.004602893255651 0.00413609528914094 0.00367078324779868 0.00320728681981564 0.00285488972440362 0.00258341571316123 0.00244667730294168 0.00236573745496571 0.00235131080262363 0.00234995898790658 0.00240590050816536 0.00246670399792492 0.00255427299998701 0.00263183587230742 0.00267421687021852 0.00273015652783215 0.00281127588823438 0.00286212121136487
0.0049261599779129 0.00505525013431907 0.00513160135596991 0.00517955422401428 0.00520198699086905 0.00521716149523854 0.00514034228399396 0.00505938101559877 0.00512081338092685 0.00519294757395983 0.00531951850280166 0.00548450322821736 0.00574224209412932 0.00593969644978642 0.00605438742786646 0.00611482700332999 0.00613087927922606 0.00609006406739354 0.00602231174707413 0.0058411699719727 0.00563293602317572 0.00530115747824311 0.00497641740366817 0.00487765017896891 0.00473592104390264 0.00441438937559724 0.00403056433424354 0.0035152337513864 0.00309930136427283 0.00280485395342112 0.00258460780605674 0.00241840863600373 0.00233653536997736 0.00228958460502326 0.00227393466047943 0.00226443773135543 0.0023085200227797 0.00236136675812304 0.00248045148327947 0.00258249929174781 0.00262464419938624 0.002682771300897 0.00277057872153819 0.0028190934099257
0.0045155487023294 0.00461114244535565 0.00467978231608868 0.00473390892148018 0.00480362167581916 0.00487776705995202 0.00489412667229772 0.00490574631839991 0.00494908401742578 0.00499848229810596 0.00507870968431234 0.00519507797434926 0.00539871118962765 0.00551659846678376 0.00551676796749234 0.00551792606711388 0.00551989208906889 0.00548962131142616 0.00544408103451133 0.00519239204004407 0.00489144679158926 0.00481469463557005 0.00474262936040759 0.00451461272314191 0.00425572693347931 0.00386765203438699 0.00344017008319497 0.0029294965788722 0.00258827675133944 0.00245416397228837 0.00235800561495125 0.00228949286974967 0.00225649145431817 0.00223819678649306 0.00222821533679962 0.00221986812539399 0.00225230306386948 0.00229544728063047 0.00242845620959997 0.00254164705984294 0.00258515612222254 0.0026449803262949 0.00273510278202593 0.00277768610976636
0.00416792323812842 0.00427780160680413 0.00435549719259143 0.00441586365923285 0.00449478952214122 0.00457899365574121 0.00461588008329272 0.00464975368231535 0.00473304651677608 0.00480747129768133 0.00483678607270122 0.00491973431780934 0.00513218576088548 0.00525837112218142 0.0052661239169538 0.00523277372121811 0.00516579439863563 0.00493098283186555 0.0046166735701263 0.00442559365183115 0.00426395703107119 0.00416926713660359 0.00406930968165398 0.00382574670948088 0.00354971108026803 0.00313777453266084 0.0027705633547157 0.0024977708235383 0.00234234123490751 0.00233035278506577 0.00232292804867029 0.00231882743537426 0.00230841874144971 0.00229539745487273 0.00232130265794694 0.00235485984012485 0.00237657758407295 0.00240236264653504 0.00247216201387346 0.00253799580968916 0.00258988607674837 0.00264925695955753 0.00272252061404288 0.00274338363669813
0.00382080138660967 0.00394846964627504 0.00404402939602733 0.00412230053916574 0.00420582294464111 0.0042908382602036 0.00433920882642269 0.00438568647950888 0.00448232050985098 0.00456141959875822 0.00455132173374295 0.00460162339732051 0.00479776505380869 0.00490434980019927 0.00488798413425684 0.00479066418483853 0.00462710997089744 0.00426033651456237 0.00379730248823762 0.00364572159014642 0.00356855685822666 0.00348675111308694 0.00339505262672901 0.0031640122178942 0.00290734181180596 0.00254340888932347 0.00227207131683826 0.0021962106693536 0.00218727672472596 0.0022601408418268 0.00231203692965209 0.00234866002574563 0.00235585495829582 0.0023508626036346 0.00238866428844631 0.00243487814441323 0.00244090752676129 0.00244787544943392 0.00247854925692081 0.00251507456414402 0.00257217395119369 0.00262908008880913 0.00268562720157206 0.00269006658345461
0.00347477896139026 0.00362788513302803 0.00376052828505635 0.00388215319253504 0.00396019918844104 0.00402585137635469 0.00406597647815943 0.00410400237888098 0.00415590917691588 0.00419527618214488 0.00417085736989975 0.00419019954279065 0.0043152067810297 0.00434132106602192 0.00423166854307055 0.0040060980245471 0.00368568580597639 0.00334530510008335 0.00299546588212252 0.00283732474781573 0.00272498675622046 0.00272331433370709 0.00271875225007534 0.00256147468462586 0.00240383995696902 0.00224470999091864 0.0021469269413501 0.00217865267768502 0.00223047938197851 0.00230687414295971 0.0023539166431874 0.00237957946956158 0.00239349319599569 0.00240254122763872 0.00239989627152681 0.00239495257847011 0.00237444718368351 0.00235941773280501 0.00240351329557598 0.00245010922662914 0.0025054975412786 0.00255554937757552 0.00259569054469466 0.00259526260197163
0.00313980667851865 0.00329261226579547 0.00344139779917896 0.00358801847323775 0.00366744073107839 0.00372775178402662 0.00376244517974555 0.00379372341558337 0.00380358821712434 0.00380664365366101 0.00377506064251065 0.0037710948381573 0.0038338138256222 0.00378409656696022 0.00358001934364438 0.00328372535295784 0.00291198212653399 0.00263477978296578 0.00240235915407538 0.00227798847481608 0.00217943452298641 0.00221564224921167 0.00225277780555189 0.00216867122799158 0.00209583714604378 0.00207017967477441 0.00208058767020702 0.00216713291592896 0.00224567530676723 0.00231443694792688 0.00235030124895275 0.00236220378428698 0.00237715803086758 0.00239337584935129 0.00235960818827152 0.00231601437553763 0.00226736790500581 0.00222713360562921 0.00227090297266841 0.00231676595285535 0.00236999080516398 0.00241587776690722 0.00244813761673868 0.00244644028134644
0.00281873648054898 0.00293886056169868 0.00307744275778532 0.00322596379555762 0.00331538310274482 0.00338799390010536 0.00342079647816718 0.00344746955670416 0.00341867096722126 0.00338971731252968 0.00335997412912548 0.00334232719615102 0.00335388747043908 0.00323417433537543 0.00293424050323665 0.00263959798030555 0.0023492849431932 0.00218153954483569 0.00207185163162649 0.00203199055977166 0.00200881320051849 0.00202974281273782 0.00205141119658947 0.00203973078168929 0.0020337887108326 0.00205186381936073 0.00208822987042367 0.00216321018524468 0.00222563673742115 0.00227271998301148 0.0022894493304193 0.00228406907990575 0.00229291967116296 0.00230766367167234 0.00225450377911329 0.00218799547292292 0.00210918742232025 0.00203971215523779 0.00206585950218141 0.0020973973441869 0.00214788969606161 0.00219299574382603 0.00222809892147779 0.00222965865395963
0.00259002018719912 0.00268923654220998 0.002798683475703 0.00291363918222487 0.00297782849520445 0.00302758021280169 0.00304583297111094 0.00305879884399474 0.00301607022993267 0.00297672231681645 0.00295457034371793 0.00293138157576323 0.00290568894706666 0.00276683829724789 0.00247263698838651 0.00223371130414307 0.00204001041129231 0.00195527076721191 0.00192214362323284 0.00192843202967197 0.00194413820281625 0.00195561232976615 0.00196707947179675 0.00198267749510705 0.00200082804076374 0.00202966062352061 0.00206791493110359 0.00212605856359005 0.00217253132723272 0.00220473995432258 0.00220502750016749 0.00218206434510648 0.00217673974111676 0.00217871996574104 0.00212610210292041 0.00206275121308863 0.0019627136643976 0.00187162682414055 0.00188124959822744 0.00189732923172414 0.00193611159920692 0.00197237054817379 0.00200394331477582 0.00200915709137917
0.00243057101033628 0.00251770974136889 0.00258382200263441 0.00263861264102161 0.00265115150250494 0.00265167444013059 0.00264588347636163 0.00263831508345902 0.00260020676068962 0.0025666756555438 0.00255642854608595 0.00253380252979696 0.00248128641396761 0.00236144266091287 0.00214916677214205 0.00200650724582374 0.00192080542910844 0.00189923285506666 0.00190803699661046 0.00193170458078384 0.0019589236471802 0.00196530972607434 0.00197052536532283 0.00197954080067575 0.0019896833691746 0.0020045421551913 0.00202663149684668 0.0020639852155 0.00209462596103549 0.00211706198751926 0.00210292777046561 0.00206215679645538 0.00203660340048373 0.00201735226437449 0.0019802269525826 0.001939587877132 0.0018250202992931 0.00171804358251393 0.00171196507290006 0.00171173643320799 0.00173207570333034 0.0017534380313009 0.00177670025732368 0.00178586540278047
0.00229719444178045 0.00238173152320087 0.00244138925336301 0.0024876503739506 0.00245040841400623 0.0023894184269011 0.00235557276755571 0.0023244668263942 0.00229230872355402 0.00226659164763987 0.00227363989688456 0.00226919469423592 0.00223699677735567 0.00216025626286864 0.00202236464247108 0.00193817354738712 0.0018979188753292 0.0019045730587095 0.00193344673607498 0.00196511880494654 0.00199745944701135 0.00200052000582218 0.00200115516781807 0.0019957663025707 0.0019887441303581 0.00197488581761718 0.00196985062211752 0.00198344164527953 0.00199067476205528 0.00199013715609908 0.00196494837291539 0.00192180392332375 0.00189052638597786 0.00186416343785822 0.00183106260374188 0.0017966371960938 0.00169787649065256 0.00160511594731361 0.0015942434547469 0.00158810068387538 0.00159858772531152 0.00161128514446318 0.00162808760069311 0.00163938896730542
0.00217499234713614 0.00226098881103098 0.00232999748550355 0.00238985917530954 0.00230363779701293 0.00217587011866271 0.00211225100792944 0.00205632019788027 0.00203068205155432 0.00201363489031792 0.00204028910957277 0.00206157518550754 0.00206989957951009 0.00204658973962069 0.00197984976693988 0.00193792814388871 0.00191631237976253 0.00193621846847236 0.00197579246014357 0.00201145093888044 0.00204617413692176 0.00204666471108794 0.00204343535006046 0.00202029035426676 0.00199217908084393 0.00194328487850726 0.00190642790403217 0.00189498218242079 0.00187556107994169 0.00184639205690473 0.00181159132625908 0.00177268858533353 0.00174190325196832 0.00171447964385152 0.00168048834893852 0.00164520600810647 0.00157525402028114 0.00150961242616177 0.00149862049147487 0.00149101833812892 0.00149533501826227 0.00150203844532371 0.00151317426934838 0.00152583373710513
0.00206716218963265 0.00214874465018511 0.00223017809912562 0.00231153168715537 0.00221232394687831 0.00206176424399018 0.00199212483130395 0.00193295360077173 0.001932782237418 0.00193976820446551 0.0019831620156765 0.00202498165890574 0.00206300034187734 0.00206159567460418 0.00200606789439917 0.00196281867101789 0.00192961539141834 0.00194849434774369 0.00199204334057868 0.00202760845422745 0.00206126598641276 0.00204875995405018 0.00203182455152273 0.00199658190831542 0.00195664679631591 0.00189707288518548 0.0018496778793633 0.0018279931973666 0.00179549143649638 0.00174976873677224 0.00171237078029662 0.00168103643227369 0.00165528000798076 0.00163183349650353 0.00159860902931541 0.00156346242874861 0.00151914625894278 0.00147727853618562 0.00146264571230859 0.00144956400617957 0.00144193682353944 0.00143616658169776 0.00143384491093457 0.00143588520586491
0.00196230574510992 0.00203825882636011 0.00213275314308703 0.00223723147064447 0.00213248399086297 0.00196823291480541 0.00189748767297715 0.00183954206295311 0.0018687576521188 0.0019029553513974 0.00196249573491514 0.00202377350069582 0.00208924617618322 0.00210322416387498 0.00204650708474219 0.00199290970340371 0.00194186507724226 0.0019567625131458 0.00200289557687938 0.00203752284869552 0.00206940132193267 0.00204174104146659 0.00200906349346042 0.00196289434097707 0.00191305193584412 0.0018478378187865 0.00179430842399597 0.00176544650457799 0.00172267248854041 0.00166289496701211 0.00162435113452375 0.00160127354320139 0.00158148456830531 0.00156305753625929 0.00153094273991883 0.00149613711982965 0.0014768005348742 0.00145801459439099 0.00143901212140918 0.00141961930785328 0.0013988537248224 0.00137926917523146 0.00136187800671905 0.00135082076303661
0.00193567830137908 0.00198966078460217 0.00206723157316446 0.00215750397183001 0.0020584175363183 0.0019054776057601 0.00185053353197873 0.00180888990871608 0.00185551983304322 0.00190642743837088 0.0019790951628238 0.00204673036932945 0.00210221484303474 0.00211800821125507 0.00207931152544916 0.00204284046776593 0.00200819061137736 0.00201574619859457 0.00204329355619848 0.00205814582295716 0.00206996453925967 0.0020180877763778 0.00196198094636202 0.00190799310803413 0.00185610447078943 0.00181300065014511 0.00177379359956831 0.00174281245563179 0.00169877929147333 0.00163879373576492 0.00160129449795932 0.00158017408102751 0.00155891303438693 0.00153759401291609 0.00151141243986785 0.0014842749806121 0.00147081888280809 0.00145606289152056 0.00142365915235132 0.00139176286756992 0.00136165041476488 0.00133533519692719 0.00131607195362449 0.00130313506815583
