Ecospace-environmental-drivers/Outputs/ASCII-for-ecospace/MOM6-ISIMIP3a/phyc/1994-09_phyc_MOM6-ISIMIP3a.asc
NCOLS 131 
NROWS 53 
XLLCORNER -98 
YLLCORNER 23.9265270233154 
CELLSIZE 0.133587792515755 
NODATA_value -9999 
[rows 19 to 37 of 53, columns 86 to 128 of 131]
0.00201481347903609 0.00194301223382354 0.00189605168998241 0.00187782326247543 0.00187818601261824 0.00189094443339854 0.00190815550740808 0.00189172313548625 0.00187000818550587 0.00175706343725324 0.00162921624723822 0.00139829458203167 0.00116977351717651 0.000948454195167869 0.000775041698943824 0.000680267228744924 0.000639381294604391 0.000650864967610687 0.000764568452723324 0.000936846132390201 0.00131590897217393 0.00175874505657703 0.00268887775018811 0.00369381322525442 0.00544430641457438 0.00705335009843111 0.0078608775511384 0.00844543147832155 0.00845255516469479 -9999 -9999 -9999 -9999 -9999 -9999 -9999 -9999 -9999 -9999 -9999 -9999 -9999 -9999
0.00191151048056781 0.00182424660306424 0.00176095578353852 0.00173345964867622 0.00172912434209138 0.00175413303077221 0.00178968254476786 0.00181533314753324 0.00183942925650626 0.00178253743797541 0.00170965655706823 0.00152530882041901 0.00132589275017381 0.00108127249404788 0.000873697397764772 0.000726930913515389 0.000634828873444349 0.000595850346144289 0.000620400998741388 0.000681355188135058 0.000889812014065683 0.00114375911653042 0.00184677762445062 0.00262139574624598 0.00420475332066417 0.00571632152423263 0.00682109827175736 0.00759735889732838 0.00752286892384291 -9999 -9999 -9999 -9999 -9999 -9999 -9999 -9999 -9999 -9999 -9999 -9999 -9999 -9999
0.00179912650492042 0.00169343617744744 0.00161026220303029 0.00157018227037042 0.00155798636842519 0.00159335369244218 0.00164580636192113 0.00171394273638725 0.00178454164415598 0.00178380764555186 0.00176703161559999 0.00163790339138359 0.00147667003329843 0.00121912313625216 0.000984448823146522 0.000787319266237319 0.000657395226880908 0.000592782453168184 0.000573527533560991 0.000580263556912541 0.000653266615699977 0.000746706617064774 0.00114761758595705 0.00160380988381803 0.00289945770055056 0.00420837150886655 0.00559245422482491 0.00672311149537563 -9999 -9999 -9999 -9999 -9999 -9999 -9999 -9999 -9999 -9999 -9999 -9999 -9999 -9999 -9999
0.0016608047299087 0.00154539418872446 0.00145417836029083 0.00140659720636904 0.00138724979478866 0.00141889695078135 0.00146886194124818 0.00155929347965866 0.00165607884991914 0.001708242460154 0.00174354529008269 0.00165918190032244 0.00153828551992774 0.00130779319442809 0.0010802143951878 0.000857418344821781 0.000702581775840372 0.000613789190538228 0.000573401863221079 0.000560751825105399 0.000598421436734498 0.000651609792839736 0.000911512994207442 0.00120989524293691 0.00213259481824934 0.00309674791060388 0.00429579615592957 0.00515926303341985 0.00515368347987533 0.0052777212113142 -9999 -9999 -9999 -9999 -9999 -9999 -9999 -9999 -9999 -9999 -9999 -9999 -9999
0.00152136210817844 0.00139768840745091 0.00130033725872636 0.00124610227067024 0.00121976551599801 0.00124657899141312 0.00129248469602317 0.00140256737358868 0.00152272696141154 0.0016261242562905 0.00171182560734451 0.00167036848142743 0.00158912059850991 0.00138850312214345 0.00117118482012302 0.000926452747080475 0.000749085622373968 0.000637184595689178 0.000577776867430657 0.000548448937479407 0.000559382315259427 0.000582732434850186 0.000718373921699822 0.000876223261002451 0.00143280811607838 0.00205427664332092 0.00304340315051377 0.00369706936180592 0.00348200160078704 0.00399085413664579 0.00418355641886592 -9999 -9999 -9999 -9999 -9999 -9999 -9999 -9999 -9999 -9999 -9999 -9999
0.00139634916558862 0.00127740297466516 0.00119034422095865 0.00113698712084442 0.00110543670598418 0.00112691498361528 0.00116744195111096 0.00127917784266174 0.00140209496021271 0.00153340876568109 0.00164689321536571 0.00163094501476735 0.00157524493988603 0.0014002921525389 0.00120205373968929 0.000965592276770622 0.00078861229121685 0.000669437169563025 0.000597077130805701 0.000551543140318245 0.000550512224435806 0.000563206209335476 0.000646416796371341 0.00074494257569313 0.00115637783892453 0.00164979649707675 0.00260776886716485 0.0033071527723223 0.00333687663078308 0.00328209437429905 0.00337032554671168 -9999 -9999 -9999 -9999 -9999 -9999 -9999 -9999 -9999 -9999 -9999 -9999
0.00128399115055799 0.00117030518595129 0.00109321379568428 0.00104067684151232 0.00100402778480202 0.00102006597444415 0.00105503026861697 0.00116751983296126 0.00129218213260174 0.00144621462095529 0.00158241880126297 0.00158810755237937 0.00155443628318608 0.00140268797986209 0.00122303143143654 0.000997564289718866 0.00082377198850736 0.000700198113918304 0.000617133802734315 0.000557282415684313 0.000543914502486587 0.000544882263056934 0.000583157641813159 0.00063093367498368 0.000908078800421208 0.00127744337078184 0.00216936320066452 0.00285956985317171 0.00302740489132702 0.00308144837617874 -9999 -9999 -9999 -9999 -9999 -9999 -9999 -9999 -9999 -9999 -9999 -9999 -9999
0.001227120985277 0.0011210311204195 0.00105248275212944 0.00100051250774413 0.000959269178565592 0.00096940720686689 0.000998002244159579 0.00110730028245598 0.00122927024494857 0.0013832300901413 0.0015199527842924 0.00153030105866492 0.00150322867557406 0.00136389676481485 0.00120063940994442 0.000998108880594373 0.000839783868286759 0.000724418321624398 0.000640506972558796 0.00057461962569505 0.00054728047689423 0.000531829777173698 0.000558037019800395 0.000592656608205289 0.000783127674367279 0.00104595778975636 0.00171880621928722 0.00234156451188028 0.00283460575155914 0.00312690599821508 -9999 -9999 -9999 -9999 -9999 -9999 -9999 -9999 -9999 -9999 -9999 -9999 -9999
0.00117525609675795 0.00107626558747143 0.0010152660543099 0.000964849721640348 0.000921281229238957 0.000927319866605103 0.000951178080867976 0.00105628068558872 0.00117414037231356 0.00132452684920281 0.00145837001036853 0.00147083099000156 0.00144843244925141 0.00132145825773478 0.0011748312972486 0.00099594471976161 0.000853505567647517 0.000746486359275877 0.000663059880025685 0.000593152653891593 0.000554032798390836 0.000524407892953604 0.000539640721399337 0.000562352302949876 0.000680761353578418 0.000854571349918842 0.00134230696130544 0.00188958481885493 0.00259105768054724 0.00295531423762441 -9999 -9999 -9999 -9999 -9999 -9999 -9999 -9999 -9999 -9999 -9999 -9999 -9999
0.00113431189674884 0.00104133668355644 0.000985717168077826 0.000939008663408458 0.000898066035006195 0.000903934065718204 0.000926617125514895 0.00102533411700279 0.00113598990719765 0.00127516489010304 0.0013987144920975 0.00140773085877299 0.00138580647762865 0.00127106194850057 0.00114157004281878 0.000987870735116303 0.000862230604980141 0.000763858610298485 0.000683823076542467 0.000614294724073261 0.00056817353470251 0.000529271201230586 0.000535915954969823 0.00054944324074313 0.000627671892289072 0.000750675215385854 0.00112739100586623 0.00158166361507028 0.00223678327165544 0.00265661394223571 -9999 -9999 -9999 -9999 -9999 -9999 -9999 -9999 -9999 -9999 -9999 -9999 -9999
0.00109074858482927 0.00100225443020463 0.000949492095969617 0.000907773151993752 0.000873199780471623 0.000882640888448805 0.000907892594113946 0.000999859417788684 0.0011023017577827 0.00122755637858063 0.00133843964431435 0.00134415889624506 0.0013231533812359 0.00122197589371353 0.00110942870378494 0.000978218507952988 0.000867855735123158 0.00077775283716619 0.000701157900039107 0.000632303184829652 0.00058118166634813 0.000535529106855392 0.000533304759301245 0.000537253683432937 0.000585128029342741 0.000666263920720667 0.000935873948037624 0.00131510337814689 0.00197821133770049 0.00312198931351304 0.00496567459776998 -9999 -9999 -9999 -9999 -9999 -9999 -9999 -9999 -9999 -9999 -9999 -9999
0.00104389048647135 0.000957946700509638 0.000904867891222239 0.000869751034770161 0.000846256443765014 0.000863980443682522 0.000896510784514248 0.000981268822215497 0.00107422762084752 0.00118215393740684 0.00127738562878221 0.00127999309916049 0.0012604664079845 0.00117453839629889 0.00107869633939117 0.00096658052643761 0.000869580951984972 0.000787271477747709 0.000714179535862058 0.000646369415335357 0.00059276499086991 0.000543541566003114 0.000532094622030854 0.000525969313457608 0.000555851380340755 0.000606366200372577 0.000773794832639396 0.00110057869460434 0.00184004078619182 0.00304929772391915 0.00494262622669339 0.00582166155800223 -9999 -9999 -9999 -9999 -9999 -9999 -9999 -9999 -9999 -9999 -9999
0.00100204418413341 0.000918585457839072 0.000865069159772247 0.000837620638776571 0.000827039300929755 0.000852293218486011 0.000890419702045619 0.000966200430411845 0.0010478935437277 0.00113687058910728 0.00121506152208894 0.00121483579277992 0.00119673414155841 0.0011250062379986 0.00104388606268913 0.000947348482441157 0.000861988461110741 0.000787490978837013 0.000719272647984326 0.000654652423691005 0.000601544510573149 0.000551987031940371 0.000535015424247831 0.000522659276612103 0.000542502326425165 0.000575351994484663 0.000681902980431914 0.000962278456427157 0.00169280276168138 0.00291141821071506 0.00484074698761106 0.00572095392271876 0.00569194229319692 0.00567857455462217 -9999 -9999 -9999 -9999 -9999 -9999 -9999 -9999 -9999
0.000963956874329597 0.000882934255059808 0.000828889606054872 0.000809909193776548 0.000813616905361414 0.000845835951622576 0.000888296752236784 0.000953773676883429 0.00102286459878087 0.00109167664777488 0.00115178467240185 0.00114893459249288 0.00113221805077046 0.00107390317134559 0.00100601720623672 0.000922420644201338 0.0008474076166749 0.000780736096203327 0.000718419323675334 0.000658597913570702 0.000608221162110567 0.000560757122002542 0.00054103450383991 0.000525330018717796 0.000541098997928202 0.000566000759135932 0.000642652390524745 0.000881147338077426 0.00153876387048513 0.00272464705631137 0.00467974320054054 0.00561457825824618 0.00566520635038614 -9999 -9999 -9999 -9999 -9999 -9999 -9999 -9999 -9999 -9999
0.000944974308367819 0.000868446193635464 0.000816065177787095 0.000800170237198472 0.000807883567176759 0.000839771935716271 0.000880344363395125 0.000934686162509024 0.000991189968772233 0.00104322016704828 0.00108838814776391 0.00108414061833173 0.00106882129330188 0.00102028774563223 0.00096229393966496 0.000888771202880889 0.000822208181489259 0.000762408715672791 0.000706809456460178 0.000653617084026337 0.000607904396019876 0.000564498477615416 0.000545261311344802 0.000529521668795496 0.000541060871910304 0.000559418695047498 0.000616413890384138 0.000799091823864728 0.00130724720656872 0.00235251383855939 0.00417987210676074 0.00591250788420439 0.00756305269896984 0.00719415675848722 0.00811715517193079 -9999 -9999 -9999 -9999 -9999 -9999 -9999 -9999
0.000934179697651416 0.000863028224557638 0.000813250138889998 0.000798133958596736 0.00080544565571472 0.000833876489195973 0.00086989370174706 0.00091274396982044 0.000956667237915099 0.000993365421891212 0.0010249400511384 0.00101982092019171 0.00100590428337455 0.000965595711022615 0.000916061573661864 0.00085138384019956 0.00079245789675042 0.000739121518563479 0.000690589542500675 0.000644810614176095 0.00060459045926109 0.000566084636375308 0.00054871995234862 0.000534365186467767 0.000541607791092247 0.000554023485165089 0.000595752033405006 0.000716640031896532 0.00104252528399229 0.00190093845594674 0.00353476963937283 0.00538794416934252 0.00743121234700084 0.00811715517193079 0.00786189828068018 0.00830073561519384 -9999 -9999 -9999 -9999 -9999 -9999 -9999
0.000935197458602488 0.000872582313604653 0.000830350501928478 0.000813126214779913 0.000812083017081022 0.000829922442790121 0.000854544807225466 0.000885005341842771 0.000916382647119462 0.000945607258472592 0.000970827124547213 0.000967184780165553 0.000955599767621607 0.000920187274459749 0.000875453348271549 0.000815418548882008 0.000760645838454366 0.000710986845660955 0.000667895365040749 0.000628567126113921 0.000594941433519125 0.000563074427191168 0.00054996192920953 0.00053946377011016 0.000545579881872982 0.000555939448531717 0.000590343843214214 0.000670004985295236 0.00086686632130295 0.00141054741106927 0.00245923548936844 0.00393918948248029 0.0057928990572691 0.00716780312359333 0.00830073561519384 0.00830317474901676 -9999 -9999 -9999 -9999 -9999 -9999 -9999
0.000938659184612334 0.000885234097950161 0.000851571385283023 0.000831641722470522 0.000820598041173071 0.000826370029244572 0.000838182517327368 0.000856067461427301 0.000874905905220658 0.000898282800335437 0.000918645644560456 0.000916965946089476 0.000907904759515077 0.000876699632499367 0.000836008810438216 0.000779747439082712 0.000728407176211476 0.000681849254760891 0.000643861596472561 0.000610784976743162 0.000583981745876372 0.000559113279450685 0.000550745229702443 0.000544615089893341 0.000550260709132999 0.000559368112590164 0.000588091730605811 0.000630780472420156 0.000709634507074952 0.000912125280592591 0.00129464454948902 0.00229921867139637 0.00384289538487792 0.00584284635260701 0.00807338114827871 0.0085354084149003 -9999 -9999 -9999 -9999 -9999 -9999 -9999
0.000926006527151912 0.000882378604728729 0.000854991609230638 0.000839251559227705 0.000831047655083239 0.000830669421702623 0.000833102327305824 0.00084156944649294 0.000850984011776745 0.000865789712406695 0.000879162107594311 0.000881884363479912 0.000877188867889345 0.000850240816362202 0.000813202874269336 0.000759602466132492 0.000708748470060527 0.000660563528072089 0.000624404987320304 0.000595137942582369 0.000574455945752561 0.000556421582587063 0.000553224293980747 0.000551991339307278 0.000559161591809243 0.000569028605241328 0.00059417710872367 0.000628409441560507 0.000686165818478912 0.000805518706329167 0.0010145625565201 0.00158450077287853 0.00246720714494586 0.00391325168311596 0.00564398663118482 0.00602650828659534 -9999 -9999 -9999 -9999 -9999 -9999 -9999
