Ecospace-environmental-drivers/Outputs/ASCII-for-ecospace/MOM6-ISIMIP3a/phyc/1994-11_phyc_MOM6-ISIMIP3a.asc
NCOLS 131 
NROWS 53 
XLLCORNER -98 
YLLCORNER 23.9265270233154 
CELLSIZE 0.133587792515755 
NODATA_value -9999 
[rows 19 to 37 of 53, columns 86 to 128 of 131]
0.00158567377366126 0.001535834511742 0.00138517236337066 0.00122310209553689 0.00105365016497672 0.000961061450652778 0.000896083249244839 0.000884586945176125 0.000881488376762718 0.00088654097635299 0.000893363321665674 0.000912565679755062 0.000926145003177226 0.000922855746466666 0.000903166306670755 0.000856556405778974 0.000816211686469615 0.000781955488491803 0.000900055398233235 0.00110545870848 0.0017620186554268 0.00255771656520665 0.00356636522337794 0.00460190046578646 0.00569832511246204 0.00674036610871553 0.00747424410656095 0.00801798608154058 0.00806933641433716 -9999 -9999 -9999 -9999 -9999 -9999 -9999 -9999 -9999 -9999 -9999 -9999 -9999 -9999
0.00145530607551336 0.00147081352770329 0.0013997801579535 0.00127561704721302 0.00111707660835236 0.00101107708178461 0.000923951214645058 0.00089047645451501 0.000865425972733647 0.000860621046740562 0.00085779873188585 0.00086826819460839 0.000879187835380435 0.000891457952093333 0.000892312149517238 0.000874427380040288 0.000834439240861684 0.000772970728576183 0.000800555862952024 0.000879170664120466 0.00127710087690502 0.0017735087312758 0.00259132054634392 0.00345149240456522 0.0044848769903183 0.00551019934937358 0.00648983800783753 0.00717684952542186 0.00710605178028345 -9999 -9999 -9999 -9999 -9999 -9999 -9999 -9999 -9999 -9999 -9999 -9999 -9999 -9999
0.00129691255278885 0.00137745623942465 0.00139636115636677 0.00132096000015736 0.00118453823961318 0.0010691056959331 0.000961212790571153 0.000906671164557338 0.000860506726894528 0.000844208349008113 0.000829865515697747 0.000828117888886482 0.000832390680443496 0.000854724203236401 0.000875329889822751 0.00089309923350811 0.000864147557877004 0.000789791869465262 0.000752660154830664 0.000736858695745468 0.000878761289641261 0.00106930022593588 0.00161515886429697 0.00221130647696555 0.00315685127861798 0.00414169253781438 0.00534920766949654 0.00634593423455954 -9999 -9999 -9999 -9999 -9999 -9999 -9999 -9999 -9999 -9999 -9999 -9999 -9999 -9999 -9999
0.00112521392293274 0.00122019078116864 0.00130394019652158 0.00129299308173358 0.00122077285777777 0.00112846388947219 0.00102893880102783 0.000961296842433512 0.000898661150131375 0.000868234492372721 0.000839991553220898 0.000825872062705457 0.000818243017420173 0.000830084783956409 0.000847598479595035 0.00087442243238911 0.000864124798681587 0.000817752035800368 0.000768491823691875 0.000717577058821917 0.00077032670378685 0.000855046731885523 0.00118453928735107 0.00155250530224293 0.00233604712411761 0.00320505723357201 0.00455836718901992 0.00553397089242935 0.0055314376950264 0.00566302658990026 -9999 -9999 -9999 -9999 -9999 -9999 -9999 -9999 -9999 -9999 -9999 -9999 -9999
0.000958099670242518 0.00106112821958959 0.00120233604684472 0.00125464226584882 0.0012494248803705 0.00118410354480147 0.00109719194006175 0.00101837026886642 0.000940818921662867 0.000896184123121202 0.00085396459326148 0.00082750670844689 0.000807622040156275 0.000807456439360976 0.000819875684101135 0.000852952711284161 0.000861434789840132 0.000846015173010528 0.00078962225234136 0.000709750689566135 0.000689466251060367 0.000687558553181589 0.000814222381450236 0.00096655118977651 0.00158626586198807 0.0023354240693152 0.00381806609220803 0.00483825756236911 0.00466085318475962 0.00491114472970366 0.00511945225298405 -9999 -9999 -9999 -9999 -9999 -9999 -9999 -9999 -9999 -9999 -9999 -9999
0.000883524480741471 0.000953536364249885 0.00106217642314732 0.0011380024952814 0.00119259627535939 0.00117669580504298 0.00113547267392278 0.0010670511983335 0.000994359143078327 0.000937542296014726 0.000883105036336929 0.000845058064442128 0.000813750550150871 0.000802660884801298 0.000805940537247807 0.00083280703984201 0.000852471799589694 0.000865137844812125 0.00081729399971664 0.000734776665922254 0.00069560733390972 0.000669806613586843 0.000746462901588529 0.000844650785438716 0.00136457663029432 0.00202319375239313 0.00346769625321031 0.00451662437990308 0.00454114284366369 0.00478418543934822 0.00510296039283276 -9999 -9999 -9999 -9999 -9999 -9999 -9999 -9999 -9999 -9999 -9999 -9999
0.000820484303403646 0.000859089428558946 0.000934805255383253 0.00102482817601413 0.001124108559452 0.00115273392293602 0.00115597888361663 0.00110305100679398 0.00104130280669779 0.000975038332398981 0.00091094512026757 0.000862796267028898 0.000821406370960176 0.000800292822532356 0.000795080850366503 0.000815970997791737 0.000843914691358805 0.000878713035490364 0.000841270142700523 0.000762431416660547 0.000706534658093005 0.0006577133317478 0.000689489243086427 0.000738966860808432 0.00115508411545306 0.00171523832250386 0.00309156905859709 0.0043167625553906 0.00515056028962135 0.00507163349539042 -9999 -9999 -9999 -9999 -9999 -9999 -9999 -9999 -9999 -9999 -9999 -9999 -9999
0.000808022101409733 0.000822279194835573 0.000863508088514209 0.000926849315874279 0.00100449833553284 0.00105618603993207 0.00109854806214571 0.00108344701584429 0.00105932308360934 0.00099560001399368 0.000933083239942789 0.000881353742443025 0.000835759041365236 0.000808568322099745 0.000797706248704344 0.000813647173345089 0.000837137398775667 0.000867964175995439 0.000849041971378028 0.000801612564828247 0.000738448521587998 0.000670431822072715 0.00067980820313096 0.000704387377481908 0.000999070703983307 0.00142602738924325 0.00260250270366669 0.00377777963876724 0.00494995340704918 0.00564487837255001 -9999 -9999 -9999 -9999 -9999 -9999 -9999 -9999 -9999 -9999 -9999 -9999 -9999
0.00080484215868637 0.000799380359239876 0.000812456244602799 0.00085090531501919 0.000905772030819207 0.000967914762441069 0.00103267107624561 0.00104957539588213 0.00105896592140198 0.00100472057238221 0.000950201414525509 0.000897010904736817 0.000849133764859289 0.000817196501884609 0.000801789748948067 0.000813517370261252 0.00083336269017309 0.000861096777953207 0.000858726270962507 0.000839105166960508 0.000771606515627354 0.000689342326950282 0.000677167205139995 0.000677519245073199 0.00086583016673103 0.0011706268414855 0.0021354821510613 0.00320693850517273 0.0045544570311904 0.00522791920229793 -9999 -9999 -9999 -9999 -9999 -9999 -9999 -9999 -9999 -9999 -9999 -9999 -9999
0.000821914814878255 0.000806834083050489 0.000805576448328793 0.00082303793169558 0.000852611497975886 0.000897701771464199 0.000948365777730942 0.000984573853202164 0.0010185120627284 0.000988878426142037 0.000956366769969463 0.000906340079382062 0.000860374886542559 0.000826594070531428 0.000809054588899016 0.000818174798041582 0.000836139195598662 0.000862698361743242 0.000872583361342549 0.000872913689818233 0.000807479256764054 0.000721762829925865 0.000689886568579823 0.000667476153466851 0.000782276620157063 0.000988995307125151 0.001716562313959 0.00256658787839115 0.00373374135233462 0.00450209248811007 -9999 -9999 -9999 -9999 -9999 -9999 -9999 -9999 -9999 -9999 -9999 -9999 -9999
0.000842281035147607 0.000821449677459896 0.000810204539448023 0.000812094018328935 0.00082248222315684 0.000851835473440588 0.000888001290149987 0.000930874550249428 0.000974800961557776 0.000966664287261665 0.000953892013058066 0.000910289469175041 0.000869119889102876 0.000835249142255634 0.000816935731563717 0.0008241594186984 0.000841213797684759 0.000867821741849184 0.000884450855664909 0.00089536199811846 0.000838070933241397 0.000759746122639626 0.000709353946149349 0.000664543593302369 0.000721549789886922 0.00084438972407952 0.00134027178864926 0.0019863280467689 0.00302128680050373 0.00447540497407317 0.00653986446559429 -9999 -9999 -9999 -9999 -9999 -9999 -9999 -9999 -9999 -9999 -9999 -9999
0.000866790767759085 0.00084507541032508 0.000829310389235616 0.000822441244963557 0.000821328139863908 0.000836599443573505 0.000857756240293384 0.000891394331119955 0.00092699215747416 0.000936433905735612 0.000940547266509384 0.000907470763195306 0.000874724646564573 0.000842969981022179 0.000825592200271785 0.000831813726108521 0.000849179574288428 0.000877375714480877 0.000893815362360328 0.000903518288396299 0.000862018554471433 0.000804727838840336 0.000737310794647783 0.000670556561090052 0.000689540931489319 0.000746365927625448 0.00101761240512133 0.00148166727740318 0.00244503328576684 0.00399131141602993 0.00638637272641063 0.00749835232272744 -9999 -9999 -9999 -9999 -9999 -9999 -9999 -9999 -9999 -9999 -9999
0.000883046304807067 0.000864728179294616 0.000849202449899167 0.000838497711811215 0.000830912496894598 0.000835544662550092 0.0008445656276308 0.000867097114678472 0.000891749979928136 0.000908385030925274 0.000920447986572981 0.000899848819244653 0.000877447659149766 0.000849640462547541 0.000834037666209042 0.00083846808411181 0.000856258266139776 0.00088703166693449 0.000907691137399524 0.000922555162105709 0.000898152939043939 0.000861640961375087 0.000773611711338162 0.000681305886246264 0.000675980991218239 0.00069285073550418 0.000835484766867012 0.00118972919881344 0.00209197564981878 0.00365333980880678 0.00617445027455688 0.00731695722788572 0.00726470118388534 0.00724062277004123 -9999 -9999 -9999 -9999 -9999 -9999 -9999 -9999 -9999
0.000893111166078597 0.000881401123479009 0.000869684154167771 0.000858836283441633 0.000848550698719919 0.000845126050990075 0.000844165973830968 0.000854187295772135 0.000865932961460203 0.000881972373463213 0.000895282661076635 0.000888624519575387 0.00087800930486992 0.000855523045174778 0.000842324807308614 0.000844372494611889 0.000862671644426882 0.000896764162462205 0.00092495052376762 0.000949752575252205 0.000943427497986704 0.000927502755075693 0.000816170766483992 0.000695607450325042 0.000676257943268865 0.000672717462293804 0.000758757465519011 0.00105733540840447 0.00190631742589176 0.00342496111989021 0.00591870443895459 0.00712535344064236 0.00721654435619712 -9999 -9999 -9999 -9999 -9999 -9999 -9999 -9999 -9999 -9999
0.000882927153725177 0.000877385376952589 0.000870720949023962 0.00086448882939294 0.000858536397572607 0.000855280202813447 0.000852992583531886 0.000855345046147704 0.000858426152262837 0.000867809518240392 0.000876157719176263 0.000876688573043793 0.000873218465130776 0.000857746053952724 0.00084825890371576 0.000848596333526075 0.000866887508891523 0.000902626314200461 0.000937274191528559 0.000971296860370785 0.000980896991677582 0.000982965109869838 0.000860667903907597 0.0007256317185238 0.000690308690536767 0.000668521272018552 0.000723432749509811 0.000962263206019998 0.00167738425079733 0.0031062273774296 0.00557432696223259 0.00703549850732088 0.00762401754036546 0.00755387591198087 0.00782158877700567 -9999 -9999 -9999 -9999 -9999 -9999 -9999 -9999
0.000864064844790846 0.00086450285743922 0.000863424094859511 0.000863847264554352 0.000865242385771126 0.000865679874550551 0.000865773414261639 0.000862531887833029 0.000858766725286841 0.000858896761201322 0.000859621679410338 0.000864447560161352 0.000866133661475033 0.000858400599099696 0.000853184494189918 0.000852099969051778 0.000870161631610245 0.000906829780433327 0.000947482418268919 0.000990418368019164 0.00101502134930342 0.00103397062048316 0.000905995722860098 0.000762394338380545 0.000710262509528548 0.00067115540150553 0.000705852289684117 0.000883186352439225 0.00142990436870605 0.00274876947514713 0.00519196363165975 0.0067543382756412 0.00755335250869393 0.00782158877700567 0.00781489908695221 0.00802576914429665 -9999 -9999 -9999 -9999 -9999 -9999 -9999
0.000823320879135281 0.000824928865768015 0.000826217117719352 0.000830822507850826 0.000837574189063162 0.000846128270495683 0.000855329853948206 0.000857225735671818 0.000857974460814148 0.000856967933941633 0.000856390222907066 0.000859005958773196 0.0008601417648606 0.000856837723404169 0.000854441081173718 0.00085353379836306 0.000869995274115354 0.000903336040209979 0.000943953054957092 0.000988739426247776 0.0010190192842856 0.00104482506867498 0.000948954257182777 0.000839058484416455 0.0007554343319498 0.000686698069330305 0.000702323333825916 0.000820714165456593 0.00120523443911225 0.00223955558612943 0.00422005681321025 0.00576166249811649 0.00692290067672729 0.00759734027087688 0.00802576914429665 0.00803269259631634 -9999 -9999 -9999 -9999 -9999 -9999 -9999
0.000778049579821527 0.000779832364059985 0.000782821734901518 0.000791097583714873 0.000802793947514147 0.000820379762444645 0.000840081193018705 0.000849334755912423 0.000856947794090956 0.00085648411186412 0.000855911523103714 0.000854971178341657 0.000854375946801156 0.000854816113132983 0.000854938465636224 0.00085453933570534 0.000869117153342813 0.000898249738384038 0.000937581295147538 0.000982756959274411 0.00101678387727588 0.00104737235233188 0.000991422683000565 0.000923978281207383 0.000805823772680014 0.000704911537468433 0.00070170167600736 0.000761677511036396 0.000985283986665308 0.00169894343707711 0.00312617281451821 0.00462177349254489 0.00617662817239761 0.00720120361074805 0.00795779470354319 0.00811451300978661 -9999 -9999 -9999 -9999 -9999 -9999 -9999
0.00073681928915903 0.000736694666557014 0.000738097412977368 0.000745482044294477 0.000756737310439348 0.000776004162617028 0.000798148917965591 0.000817300111521035 0.000835981220006943 0.000842636451125145 0.000848523341119289 0.000849476724397391 0.000850408512633294 0.0008512755157426 0.000852408411446959 0.00085397792281583 0.000867234717588872 0.000891849456820637 0.000930711918044835 0.000977738643996418 0.00101867935154587 0.00105774321127683 0.00104009499773383 0.00101322622504085 0.000876084319315851 0.000754630251321942 0.000722070399206132 0.000732395390514284 0.000853778154123574 0.00126604549586773 0.00210187211632729 0.00320755201391876 0.00454709958285093 0.00585097959265113 0.00713683478534222 0.00740992929786444 -9999 -9999 -9999 -9999 -9999 -9999 -9999
