Ecospace-environmental-drivers/Outputs/ASCII-for-ecospace/MOM6-ISIMIP3a/phyc/1995-10_phyc_MOM6-ISIMIP3a.asc
NCOLS 131 
NROWS 53 
XLLCORNER -98 
YLLCORNER 23.9265270233154 
CELLSIZE 0.133587792515755 
NODATA_value -9999 
[rows 0 to 18 of 53, columns 43 to 85 of 131]
-9999 -9999 -9999 -9999 -9999 -9999 -9999 -9999 -9999 -9999 -9999 -9999 -9999 -9999 -9999 -9999 -9999 -9999 -9999 -9999 -9999 -9999 -9999 -9999 -9999 -9999 -9999 -9999 -9999 -9999 -9999 -9999 -9999 -9999 -9999 -9999 -9999 -9999 -9999 -9999 -9999 -9999 -9999
-9999 -9999 -9999 -9999 -9999 -9999 -9999 -9999 -9999 -9999 -9999 -9999 -9999 -9999 -9999 -9999 -9999 -9999 -9999 -9999 -9999 -9999 -9999 -9999 -9999 -9999 -9999 -9999 -9999 -9999 -9999 -9999 -9999 -9999 -9999 -9999 -9999 -9999 -9999 -9999 -9999 -9999 -9999
-9999 -9999 -9999 -9999 -9999 -9999 -9999 -9999 -9999 -9999 -9999 -9999 -9999 -9999 -9999 -9999 -9999 -9999 -9999 -9999 -9999 -9999 -9999 -9999 -9999 -9999 -9999 -9999 -9999 -9999 -9999 0.0069634560495615 0.00678617181256413 -9999 -9999 -9999 -9999 -9999 -9999 -9999 -9999 -9999 -9999
-9999 -9999 -9999 -9999 -9999 -9999 -9999 -9999 -9999 -9999 -9999 -9999 -9999 -9999 -9999 -9999 -9999 -9999 -9999 -9999 -9999 -9999 -9999 -9999 -9999 -9999 -9999 -9999 -9999 -9999 -9999 0.00698558753356338 0.00684939417988062 -9999 -9999 -9999 -9999 -9999 -9999 -9999 -9999 -9999 -9999
-9999 -9999 -9999 -9999 -9999 -9999 -9999 -9999 -9999 -9999 -9999 -9999 -9999 -9999 -9999 -9999 -9999 -9999 -9999 -9999 -9999 -9999 0.00915159285068512 0.00906716100871563 0.00899961497634649 0.00860560405999422 0.00826092157512903 0.00767569243907928 0.00728984223678708 0.00711016030982137 0.00703515578061342 0.00702084321528673 0.00690076407045126 0.00662657571956515 -9999 -9999 0.00425160536542535 0.00328390439972281 0.00260556885041296 0.00221461872570217 0.00213415455073118 0.00211196951568127 0.00212540524080396
-9999 -9999 -9999 -9999 -9999 -9999 -9999 -9999 -9999 -9999 -9999 -9999 -9999 -9999 -9999 -9999 -9999 -9999 0.00989800971001387 -9999 0.00985128153115511 0.00981136877089739 0.0094674164429307 0.00915159285068512 0.0090502742677927 0.00899961497634649 0.00821159314364195 0.00757155613973737 0.00724392803385854 0.00705404300242662 0.00703250942751765 0.00701891537755728 0.00701110484078526 0.00667227152734995 0.00619635079056025 0.00526115717366338 0.00423568161204457 0.00325797731056809 0.00235805427655578 0.00220067473128438 0.00208512716926634 0.00211666198447347 0.00213411962613463
-9999 -9999 -9999 -9999 -9999 -9999 -9999 -9999 -9999 -9999 -9999 -9999 -9999 -9999 0.010927340015769 0.0109220258891582 0.0109180640429258 0.010907038114965 0.0103992559015751 0.00990149658173323 0.00989452190697193 0.00984795484691858 0.00981136877089739 0.00943928677588701 0.00915159285068512 0.00899961497634649 0.00821159314364195 0.00757155613973737 0.00724392803385854 0.00705404300242662 0.00703250942751765 0.00701891537755728 0.00701110484078526 0.00667227152734995 0.00619635079056025 0.00526115717366338 0.00423568161204457 0.00325797731056809 0.00235805427655578 0.00220067473128438 0.00208512716926634 0.00211666198447347 0.00213411962613463
-9999 -9999 -9999 -9999 -9999 -9999 -9999 -9999 -9999 -9999 -9999 -9999 -9999 -9999 0.0109558328986168 0.010927340015769 0.0109167117625475 -9999 0.0108942640945315 0.0103958565741777 0.0099084721878171 0.00989452190697193 0.00983797386288643 0.00981136877089739 0.00935489870607853 0.00876963324844837 0.00764534575864673 0.00669205514714122 0.00609975401312113 0.00570000428706408 0.00553559139370918 0.00540396338328719 0.00529621448367834 0.00498227309435606 0.00458294060081244 0.00392090482637286 0.00320722791366279 0.00258181127719581 0.00200814101845026 0.00190804048907012 0.00184554455336183 0.00191526801791042 0.00197698152624071
-9999 -9999 0.00897720642387867 -9999 -9999 -9999 -9999 -9999 -9999 -9999 -9999 -9999 -9999 -9999 -9999 -9999 -9999 -9999 0.0108969938009977 0.0108797159045935 0.0103995809331536 0.00992242246866226 0.00989452190697193 0.00980802997946739 0.00925003737211227 0.00851278286427259 0.00702529679983854 0.0057313647121191 0.00484604015946388 0.00421430310234427 0.0038925011176616 0.00363321858458221 0.00341947400011122 0.00313515798188746 0.00282161612994969 0.00245854631066322 0.00208574044518173 0.00184349797200412 0.00162464089225978 0.00158699695020914 0.00158205907791853 0.00169211789034307 0.00180099962744862
-9999 0.00897720642387867 0.0090386476367712 0.00905781053006649 0.00904463324695826 -9999 -9999 -9999 -9999 -9999 -9999 -9999 -9999 -9999 0.0107516683638096 0.0109850373119116 -9999 -9999 -9999 0.0108788134530187 0.0108755072578788 0.0104266377165914 0.00995032209903002 0.00990549381822348 0.00912759732455015 0.00821122340857983 0.00671531166881323 0.0053330478258431 0.00419070385396481 0.00336768780834973 0.00293495552614331 0.00266689597629011 0.00251878146082163 0.00233099167235196 0.00212677079252899 0.00190813455265015 0.00168666453100741 0.00154677091632038 0.0014211650704965 0.00140562059823424 0.00141103053465486 0.00149011716712266 0.00157797243446112
0.00896341167390347 0.00902192667126656 0.00908416602760553 0.00907129235565662 0.00901797413825989 0.00901403836905956 -9999 -9999 -9999 -9999 -9999 -9999 -9999 -9999 0.0107567235827446 0.0111442869529128 0.0109850373119116 -9999 -9999 0.0108423139899969 0.0108667863532901 0.0109174223616719 0.010504137724638 0.0100184362381697 0.00894260592758656 0.00778740970417857 0.00630005868151784 0.00486127426847816 0.00352501892484725 0.00256337597966194 0.00205958681181073 0.00179645011667162 0.00170860125217587 0.00160841667093337 0.00150312343612313 0.00141301949042827 0.00132590136490762 0.00127622438594699 0.0012327095028013 0.00123584654647857 0.00124958995729685 0.00130062596872449 0.00136758026201278
0.00906164385378361 0.00907823815941811 0.00909876544028521 0.00907129235565662 0.00901797413825989 0.00900616776198149 0.00889070890843868 0.00882588420063257 -9999 -9999 -9999 -9999 -9999 -9999 -9999 0.0113701531663537 0.0113936066627502 0.0109850373119116 0.010927340015769 0.0108423139899969 0.0108667863532901 0.0109174223616719 0.0106251547113061 0.0102144088596106 0.00842210929840803 0.00670784572139382 0.00532016949728131 0.00399549538269639 0.0028038234449923 0.00198596972040832 0.00162499898578972 0.00144026975613087 0.00138391216751188 0.00132348330225796 0.00126136839389801 0.00121450528968126 0.00117064034566283 0.00114610453601927 0.001124820089899 0.00112830463331193 0.00113957712892443 0.00117823283653706 0.00122495996765792
0.00898716971278191 0.00903397891670465 0.00903886090964079 0.00901243928819895 0.00896916072815657 0.00890299770981073 0.00883032660931349 0.00882334262132645 -9999 -9999 -9999 -9999 0.009308110922575 0.0100745670497417 0.0108323283493519 0.0115781538188457 0.0116999763995409 0.0113112581893802 0.0110805043950677 0.0109245739877224 0.0109023079276085 0.0109119778499007 0.0106634022668004 0.0102617349475622 0.00789006799459457 0.00572271924465895 0.00441045965999365 0.00320143066346645 0.00221032928675413 0.00155689415987581 0.00131615612190217 0.00119461200665683 0.00115988682955503 0.00112692709080875 0.00109469867311418 0.00107722659595311 0.00106265512295067 0.00105355586856604 0.00104545312933624 0.00104510632809252 0.00105007761158049 0.00107374752406031 0.0010998344514519
0.00848092138767242 0.00873828772455454 0.008792694658041 0.0088064493611455 0.00879831332713366 0.00880777277052402 0.0088222362101078 0.00882334262132645 0.00882398430258036 0.00884900707751513 0.00888868235051632 0.00900288764387369 0.009308110922575 0.0100745670497417 0.0108323283493519 0.0115781538188457 0.0119070187211037 0.0118947392329574 0.0116165848448873 0.0112124904990196 0.0110266339033842 0.0108929220587015 0.0104947229847312 0.00993743911385536 0.00732916640117764 0.00497369142249227 0.00367620098404586 0.00258665485307574 0.00193609565030783 0.00149865297134966 0.00132168212439865 0.00122526660561562 0.00118752603884786 0.00115131866186857 0.00111574621405452 0.0010930395219475 0.00107286183629185 0.00105493690352887 0.00103739416226745 0.00102276855614036 0.00101186207029969 0.0010140324011445 0.00101844663731754
0.00785329658538103 0.00819429103285074 0.00827429816126823 0.00837494153529406 0.00848669745028019 0.00866452883929014 0.00886115152388811 0.00888428557664156 0.00889044255018234 0.0089176744222641 0.0089716799557209 0.00916187558323145 0.00951580423861742 0.010265083052218 0.0109640629962087 0.0115939872339368 0.011919611133635 0.0119962645694613 0.011611707508564 0.0110086845234036 0.010561297647655 0.0101510966196656 0.00949868652969599 0.00872126687318087 0.00636652717366815 0.00423736637458205 0.00305227399803698 0.00212484947405756 0.00174138264264911 0.00147959752939641 0.00136653252411634 0.00129900872707367 0.00126465631183237 0.0012301558163017 0.00119559396989644 0.00116866384632885 0.00114323408342898 0.00111643061973155 0.00108932401053607 0.00105975416954607 0.00103263813070953 0.00101414998061955 0.00099762377794832
0.0070540658198297 0.00729923881590366 0.00737101584672928 0.00762459356337786 0.00797606352716684 0.00845339614897966 0.0089665250852704 0.00903139170259237 0.00905086100101471 0.00908342562615871 0.00917202141135931 0.00954564567655325 0.0100171407684684 0.0107249561697245 0.0112820453941822 0.0116322077810764 0.0116572873666883 0.0114163924008608 0.0108420150354505 0.010109675116837 0.00926228612661362 0.00838740821927786 0.00733292009681463 0.00624414440244436 0.0048359059728682 0.00351900071837008 0.00258433585986495 0.00187931663822383 0.00165909714996815 0.001515943557024 0.00146698032040149 0.00143366877455264 0.00141175766475499 0.00138596899341792 0.00135857437271625 0.00132885086350143 0.00129866937641054 0.00126291229389608 0.00122606719378382 0.00118061213288456 0.00113681727088988 0.00109886005520821 0.00106242846231908
0.00687784375622869 0.0070900022983551 0.00720580201596022 0.00754856411367655 0.0080135352909565 0.00853272713720798 0.00906733889132738 0.00909334048628807 0.00907016359269619 0.00912479870021343 0.00924006476998329 0.00966375973075628 0.0101405838504434 0.0107456920668483 0.0111138448119164 0.0111566884443164 0.0109861064702272 0.0106409061700106 0.0099690854549408 0.00914255250245333 0.00812955852597952 0.0070720138028264 0.00589893572032452 0.00473583303391933 0.00383343477733433 0.00296856695786119 0.00226076901890337 0.00174131477251649 0.00161946890875697 0.00154800654854625 0.00153812335338444 0.00153313367627561 0.00153170828707516 0.00152340100612491 0.0015122436452657 0.00149275583680719 0.00147163053043187 0.00143519206903875 0.00139637477695942 0.00133985991124064 0.00128472887445241 0.00123446364887059 0.00118501880206168
0.00722626876085997 0.0074583045206964 0.00766213005408645 0.00804039090871811 0.00851257611066103 0.00885666068643332 0.00916431285440922 0.0090835765004158 0.00897063128650188 0.0090614315122366 0.00919669773429632 0.00955816172063351 0.00994579680263996 0.0103966239839792 0.0105362208560109 0.0102485390380025 0.00997062120586634 0.00970069039613008 0.00900921784341335 0.00811807066202164 0.00713686272501945 0.00613413657993078 0.00508119957521558 0.00404337560757995 0.0032757290173322 0.00255955196917057 0.00205877982079983 0.00169386679772288 0.00161576305981725 0.00157646287698299 0.00158458843361586 0.00160296005196869 0.00162879470735788 0.00164535385556519 0.00165807164739817 0.00165979191660881 0.00165935035329312 0.00162919680587947 0.00159494765102863 0.0015314364572987 0.00146946834865957 0.00141292554326355 0.00135627167765051
0.00669563887640834 0.00687202578410506 0.00700385123491287 0.00732264714315534 0.00774211855605245 0.0080361096188426 0.00829441286623478 0.00828862190246582 0.00826303381472826 0.00843282230198383 0.00861969217658043 0.00889345072209835 0.00917330011725426 0.00946785602718592 0.0094706229865551 0.00907280389219522 0.00879045110195875 0.00860257167369127 0.0079684192314744 0.00712287565693259 0.00620549218729138 0.00527094397693872 0.00439662206918001 0.00354067957960069 0.00289201503619552 0.00229516415856779 0.00191515835467726 0.00163498870097101 0.00156558095477521 0.00153996027074754 0.00156785605940968 0.00161345221567899 0.00167194113600999 0.00171741435769945 0.00175749731715769 0.00177927571348846 0.00179745594505221 0.00177827628795058 0.00175423617474735 0.00169623165857047 0.00163830840028822 0.00158067117445171 0.00152158399578184
