Ecospace-environmental-drivers/Outputs/ASCII-for-ecospace/MOM6-ISIMIP3a/phyc/1995-06_phyc_MOM6-ISIMIP3a.asc
NCOLS 131 
NROWS 53 
XLLCORNER -98 
YLLCORNER 23.9265270233154 
CELLSIZE 0.133587792515755 
NODATA_value -9999 
[rows 19 to 37 of 53, columns 86 to 128 of 131]
0.00314449216239154 0.00311990431509912 0.00301015959121287 0.00285722548142076 0.00267634587362409 0.00247871619649231 0.00227506994269788 0.00206778361462057 0.00185992603655905 0.00167224183678627 0.00148613785859197 0.00131041638087481 0.00114376959390938 0.00100434618070722 0.000884557084646076 0.000796997454017401 0.00075426121475175 0.000755084853153676 0.000844632799271494 0.000985021586529911 0.00130044016987085 0.00166983832605183 0.0031373945530504 0.00475293258205056 0.00710853282362223 0.00918749906122684 0.00969893857836723 0.0100651392713189 0.0100552225485444 -9999 -9999 -9999 -9999 -9999 -9999 -9999 -9999 -9999 -9999 -9999 -9999 -9999 -9999
0.00292994803749025 0.00293655064888299 0.00287480792030692 0.00277082505635917 0.00263951043598354 0.00249112723395228 0.00233661266975105 0.00216613127849996 0.00199314299970865 0.00180785835254937 0.00162209523841739 0.00143350940197706 0.00125341664534062 0.00109880184754729 0.000959675526246428 0.000845972856041044 0.000763529620599002 0.000711464672349393 0.000720076553989202 0.000763457617722452 0.00092256924835965 0.00111737253610045 0.00217365031130612 0.00335886096581817 0.00571108888834715 0.00787565857172012 0.00897687394171953 0.00976369995623827 0.00973635632544756 -9999 -9999 -9999 -9999 -9999 -9999 -9999 -9999 -9999 -9999 -9999 -9999 -9999 -9999
0.00271671521477401 0.00275137461721897 0.00273453374393284 0.0026734636630863 0.00258377543650568 0.00247909827157855 0.00236903689801693 0.00223935418762267 0.00210659042932093 0.00193103938363492 0.00175246805883944 0.00155427015852183 0.00136372912675142 0.00119615742005408 0.00104127638041973 0.000907226523850113 0.000802937138359994 0.000727569276932627 0.000695074209943414 0.000687146093696356 0.000743162643630058 0.000818899890873581 0.00134986650664359 0.00197000522166491 0.00416742824018002 0.00630447221919894 0.00809938460588455 0.00944278482347727 -9999 -9999 -9999 -9999 -9999 -9999 -9999 -9999 -9999 -9999 -9999 -9999 -9999 -9999 -9999
0.00248840893618762 0.00253158994019032 0.00254174135625362 0.00250720302574337 0.00244374852627516 0.00236185151152313 0.00227332953363657 0.00217738887295127 0.00208028336055577 0.00194181129336357 0.00179773208219558 0.00161523837596178 0.00143633037805557 0.00126817903947085 0.00111155747435987 0.000973861839156598 0.000856900354847312 0.000760088616516441 0.000708449340891093 0.00068269477924332 0.000708901672624052 0.00075113371713087 0.00106908578891307 0.00144575466401875 0.00299266679212451 0.00458799581974745 0.0064576780423522 0.0078047220595181 0.00779830291867256 0.0076449322514236 -9999 -9999 -9999 -9999 -9999 -9999 -9999 -9999 -9999 -9999 -9999 -9999 -9999
0.00225963559933007 0.0023092005867511 0.00234317895956337 0.00233263056725264 0.00229327124543488 0.00223199371248484 0.00216284277848899 0.0020994832739234 0.00203703297302127 0.00193801743444055 0.00183089741040021 0.00166704412549734 0.00150239770300686 0.00133537221699953 0.00117889081593603 0.00103971746284515 0.000911755487322807 0.000794688938185573 0.000725825608242303 0.000684583676047623 0.000687186198774725 0.000703310477547348 0.000840361462906003 0.00100758648477495 0.00188994151540101 0.00292214122600853 0.0048034256324172 0.00602095620706677 0.00551958102732897 0.00616638083010912 0.00631496962159872 -9999 -9999 -9999 -9999 -9999 -9999 -9999 -9999 -9999 -9999 -9999 -9999
0.00204228912480175 0.00208776374347508 0.0021160717587918 0.00210836273618042 0.00207734853029251 0.00202760449610651 0.00197113258764148 0.00193014927208424 0.0018915981054306 0.00183656380977482 0.00177245622035116 0.00164355977904052 0.0015085197519511 0.00135504943318665 0.00121195055544376 0.0010858760215342 0.000962851394433528 0.000842790643218905 0.000760509283281863 0.000699876341968775 0.000688239000737667 0.000691711960826069 0.000781342212576419 0.000892355397809297 0.00150761811528355 0.00227603013627231 0.00391225283965468 0.00511196535080671 0.00518125900998712 0.00513359485194087 0.00528023391962051 -9999 -9999 -9999 -9999 -9999 -9999 -9999 -9999 -9999 -9999 -9999 -9999
0.00181642838288099 0.00185613275971264 0.00188059569336474 0.00187657051719725 0.00185411202255636 0.00181627308484167 0.00177290919236839 0.00175423291511834 0.00173943303525448 0.0017267590155825 0.00170426932163537 0.00161065219435841 0.00150586012750864 0.00136754428967834 0.00123898999299854 0.00112645875196904 0.00100992899388075 0.000889513175934553 0.000795641506556422 0.000716980139259249 0.000692111498210579 0.000683832680806518 0.00073149666422978 0.000792837236076593 0.00117211451288313 0.00170047476422042 0.00307360361330211 0.00420272490009665 0.00469994451850653 0.00482623837888241 -9999 -9999 -9999 -9999 -9999 -9999 -9999 -9999 -9999 -9999 -9999 -9999 -9999
0.00155323429498821 0.0015798028325662 0.00160842447075993 0.00161178736016154 0.00159880670253187 0.00157450162805617 0.00154612876940519 0.0015494548715651 0.00155775819439441 0.00158033648040146 0.00159335066564381 0.00153642648365349 0.00146469578612596 0.0013485464733094 0.00123963190708309 0.001142593100667 0.00103938730899245 0.000930188340134919 0.000832740101031959 0.000742025324143469 0.000708348001353443 0.000692261208314449 0.000721875170711428 0.000762215466238558 0.00104190327692777 0.00143428728915751 0.00246525625698268 0.00347483693622053 0.00442902790382504 0.00499472208321095 -9999 -9999 -9999 -9999 -9999 -9999 -9999 -9999 -9999 -9999 -9999 -9999 -9999
0.00130837073083967 0.00132239889353514 0.00134990294463933 0.00135741906706244 0.00135200191289186 0.00134067772887647 0.00132723164279014 0.00135182053782046 0.00138238165527582 0.00143587775528431 0.00148014747537673 0.00145647081080824 0.00141549680847675 0.00132263184059411 0.0012339010136202 0.0011519561521709 0.00106206291820854 0.000964445120189339 0.000865731795784086 0.000766390701755881 0.000722990371286869 0.000696842325851321 0.000713314744643867 0.000738574890419841 0.000931551214307547 0.00120673154015094 0.00194771471433342 0.00281748129054904 0.00402075471356511 0.00462200958281755 -9999 -9999 -9999 -9999 -9999 -9999 -9999 -9999 -9999 -9999 -9999 -9999 -9999
0.00110350188333541 0.00110628886613995 0.00112116360105574 0.00112577446270734 0.00112374429591 0.00112419412471354 0.00112553487997502 0.00116977305151522 0.00122074701357633 0.00129570416174829 0.0013619598466903 0.001364013296552 0.00134876754600555 0.00128162582404912 0.00121426512487233 0.0011465452844277 0.00106993934605271 0.000984697951935232 0.00088976277038455 0.000789272773545235 0.00073415448423475 0.000693029025569558 0.000707069295458496 0.000730166211724281 0.00086452899267897 0.00106346467509866 0.00162829831242561 0.00231401668861508 0.00331278750672936 0.00397320510819554 -9999 -9999 -9999 -9999 -9999 -9999 -9999 -9999 -9999 -9999 -9999 -9999 -9999
0.000939250690862536 0.00093570351600647 0.000941789476200938 0.000944789033383131 0.000945791543927044 0.000955822761170566 0.000969097192864865 0.00102559081278741 0.00108887068927288 0.00117455783765763 0.00125267310068011 0.00127483997493982 0.00128033536020666 0.00123581709340215 0.00118753279093653 0.00113306636922061 0.00106867810245603 0.000994647620245814 0.000904909567907453 0.000806170632131398 0.000743943324778229 0.00069297623122111 0.000700832228176296 0.000717258895747364 0.000802729919087142 0.000937288568820804 0.00134999898727983 0.0018956585554406 0.0027856130618602 0.0040415427647531 0.00583037128672004 -9999 -9999 -9999 -9999 -9999 -9999 -9999 -9999 -9999 -9999 -9999 -9999
0.000826099887490273 0.000822392001282424 0.000824521062895656 0.000827536918222904 0.000831126468256116 0.000847980438265949 0.000869599229190499 0.000929046072997153 0.000994432717561722 0.00107734941411763 0.00115458422806114 0.00118979869876057 0.00120976066682488 0.00118396617472172 0.00115187221672386 0.00110943743493408 0.00105592096224427 0.000991635140962899 0.000908879330381751 0.000815540028270334 0.000752001826185733 0.000697654439136386 0.00069460563827306 0.000698691874276847 0.000747502082958817 0.000832614139653742 0.00112342857755721 0.00158437108621001 0.00248589040711522 0.00381239224225283 0.0057577146217227 0.00666088936850429 -9999 -9999 -9999 -9999 -9999 -9999 -9999 -9999 -9999 -9999 -9999
0.00075796467717737 0.000754243752453476 0.000754162319935858 0.000756722060032189 0.000760990660637617 0.00077922863420099 0.000802484515588731 0.000859365973155946 0.000921527273021638 0.000998918898403645 0.00107209477573633 0.00111397670116276 0.00114226725418121 0.00112978427205235 0.00110974034760147 0.00107728561852127 0.00103312032297254 0.000977574614807963 0.000902483414392918 0.00081619230331853 0.000754765525925905 0.00070100708398968 0.000692876579705626 0.000690841174218804 0.000717112212441862 0.000768166093621403 0.000959650089498609 0.00133645441383123 0.00219317805022001 0.00352019048295915 0.00553199416026473 0.00643047457560897 0.0063640964217484 0.00633351132273674 -9999 -9999 -9999 -9999 -9999 -9999 -9999 -9999 -9999
0.000723591714631766 0.000719968404155225 0.000718986266292632 0.000720735639333725 0.000724252313375473 0.000739795039407909 0.000759657646995038 0.000809834629762918 0.000864771602209657 0.000934572133701295 0.00100130494683981 0.0010450694244355 0.00107708491850644 0.00107385392766446 0.0010627550072968 0.00103874132037163 0.00100278679747134 0.000955227995291352 0.000888313050381839 0.000810306693892926 0.000753558124415576 0.000703365483786911 0.000694520771503448 0.000691027787979692 0.000705351121723652 0.000733888184186071 0.000842966313939542 0.00113606627564877 0.00190572335850447 0.00318069919012487 0.0051914737559855 0.00618709158152342 0.00630292622372508 -9999 -9999 -9999 -9999 -9999 -9999 -9999 -9999 -9999 -9999
0.000713070679921657 0.000709545332938433 0.000707388913724571 0.000706931343302131 0.000707573082763702 0.000718265015166253 0.000732567103113979 0.00077398115536198 0.00081965234130621 0.000882443564478308 0.00094296270981431 0.00098615325987339 0.00101908796932548 0.00102125608827919 0.00101558153983206 0.000997033203020692 0.000966821273323148 0.000925274449400604 0.000865931739099324 0.000796391628682613 0.000746557838283479 0.000702801567967981 0.000697112292982638 0.000696147326380014 0.000702325894962996 0.000716115173418075 0.000773029925767332 0.000985988299362361 0.00160304876044393 0.00277824723161757 0.00476615503430367 0.00677890330553055 0.00881318002939224 0.00833497289568186 0.00949610490351915 -9999 -9999 -9999 -9999 -9999 -9999 -9999 -9999
0.00071277201641351 0.000709344749338925 0.000705896818544716 0.00070263392990455 0.000699490774422884 0.000704408099409193 0.00071222084807232 0.000743989716283977 0.000779520138166845 0.000835551414638758 0.000889955321326852 0.000931518967263401 0.000964170612860471 0.000970086664892733 0.000968327338341624 0.000953969138208777 0.000928441993892193 0.000892060692422092 0.000840031367260963 0.000779035384766757 0.000737074937205762 0.000700985197909176 0.000700109812896699 0.000703380967024714 0.000703044584952295 0.000705415732227266 0.000723128439858556 0.000857471954077482 0.00129385129548609 0.00234881183132529 0.00430449284613132 0.00643871910870075 0.00872768089175224 0.00949610490351915 0.0091043496504426 0.00937075726687908 -9999 -9999 -9999 -9999 -9999 -9999 -9999
0.000725460704416037 0.000722613069228828 0.000719309027772397 0.000715235539246351 0.00071066414238885 0.000710129679646343 0.000711045227944851 0.000730380648747087 0.000752608350012451 0.0007987663266249 0.000844215683173388 0.000883293163497001 0.00091463141143322 0.000922752311453223 0.000923484505619854 0.00091208826052025 0.000890269002411515 0.000858320505358279 0.000813228660263121 0.00076060532592237 0.000726746977306902 0.000698675692547113 0.000703224795870483 0.000711491738911718 0.000710791791789234 0.000711078988388181 0.000716960057616234 0.000796734821051359 0.00106787018012255 0.00180520943831652 0.00322139193303883 0.00501052336767316 0.00712287006899714 0.00844618678092957 0.00937075726687908 0.00936049502342939 -9999 -9999 -9999 -9999 -9999 -9999 -9999
0.000740836490876973 0.000738668080884963 0.000735804962459952 0.000731333566363901 0.0007258215919137 0.000719902047421783 0.000713836052455008 0.000720161129720509 0.000728431856259704 0.00076407240703702 0.000799979723524302 0.00083639333024621 0.000866204965859652 0.000876211503054947 0.000879140570759773 0.000870452262461185 0.000852138735353947 0.000824471411760896 0.000786239223089069 0.000741953204851598 0.000716244103386998 0.000696264207363129 0.000706364109646529 0.000719784002285451 0.000719993142411113 0.000720127776730806 0.000719840114470571 0.000750021252315491 0.000859106658026576 0.00123798591084778 0.00200971425510943 0.00335721671581268 0.00520371226593852 0.00715069426223636 0.00914845801889896 0.00956226978451014 -9999 -9999 -9999 -9999 -9999 -9999 -9999
0.000757636153139174 0.000754757900722325 0.000752161606214941 0.000748658319935203 0.000744568184018135 0.000739035371225327 0.000732984393835068 0.000731749983970076 0.000731271924450994 0.000751264335121959 0.000772432540543377 0.000801043177489191 0.000825086783152074 0.000835429935250431 0.000839074898976833 0.000831724843010306 0.000816074025351554 0.000792356382589787 0.000760926050134003 0.000725076126400381 0.00070690514985472 0.00069418631028384 0.000709304236806929 0.000727425038348883 0.000730142870452255 0.000731930485926569 0.00072844693204388 0.000740221817977726 0.000791511149145663 0.000997384893707931 0.00142835010774434 0.0022248774766922 0.00333821820095181 0.00478152558207512 0.00639158673584461 0.00675199739634991 -9999 -9999 -9999 -9999 -9999 -9999 -9999
