Ecospace-environmental-drivers/Outputs/ASCII-for-ecospace/MOM6-ISIMIP3a/phyc/1995-11_phyc_MOM6-ISIMIP3a.asc
NCOLS 131 
NROWS 53 
XLLCORNER -98 
YLLCORNER 23.9265270233154 
CELLSIZE 0.133587792515755 
NODATA_value -9999 
[rows 19 to 37 of 53, columns 43 to 85 of 131]
0.00369052914902568 0.00385511154308915 0.00410904921591282 0.00443437322974205 0.0047981352545321 0.00508439540863037 0.00534861348569393 0.00538370944559574 0.00539444852620363 0.00538078974932432 0.00537923676893115 0.00543926563113928 0.0055486224591732 0.00577708706259727 0.00592224719002843 0.0059530409052968 0.00615619076415896 0.00650035729631782 0.00648515531793237 0.00629972899332643 0.00601669494062662 0.00571033963933587 0.00534888869151473 0.00498453062027693 0.00463295355439186 0.00428638979792595 0.00396080780774355 0.00361782079562545 0.00323809054680169 0.0029060177039355 0.0026321925688535 0.00237446813844144 0.00212847138755023 0.00196531228721142 0.00183645903598517 0.00176757876761258 0.00171048776246607 0.00168563378974795 0.00166318949777633 0.00165262212976813 0.00165208824910223 0.00168683216907084 0.0017381077632308
0.00322626112028956 0.00338495802134275 0.00363814528100193 0.00393565557897091 0.00425703125074506 0.00446289265528321 0.00463590212166309 0.00462777633219957 0.00460164528340101 0.00458997208625078 0.00459433300420642 0.00468025961890817 0.00481014791876078 0.00504618464037776 0.00519919767975807 0.00523822894319892 0.00545030413195491 0.00580395851284266 0.00579553470015526 0.00561560224741697 0.00535024935379624 0.00506448606029153 0.00473976507782936 0.00441404618322849 0.00411276146769524 0.00381568912416697 0.00353624648414552 0.00324024423025548 0.00290928315371275 0.00261629815213382 0.00236972747370601 0.00215257424861193 0.00195684796199203 0.00183408590964973 0.00174154073465616 0.00170615024399012 0.00168199487961829 0.00167873268947005 0.00167708413209766 0.00168364169076085 0.00169733038637787 0.00173609284684062 0.00178771559149027
0.00283807865343988 0.00299563049338758 0.0032510501332581 0.00351488450542092 0.00378324999473989 0.00389737007208169 0.0039676227606833 0.00389958894811571 0.00381977879442275 0.00380418985150754 0.00380957825109363 0.00392167409881949 0.00407306617125869 0.00431934278458357 0.00448041968047619 0.00452452758327127 0.00473780045285821 0.00508947996422648 0.0050998623482883 0.00494857970625162 0.00470922235399485 0.00444882083684206 0.00416523031890392 0.00388155644759536 0.00361985387280583 0.00336091569624841 0.00311354664154351 0.00285569182597101 0.00257570133544505 0.00232179625891149 0.00209977244958282 0.00192155677359551 0.00177525018807501 0.00169427006039768 0.00164034380577505 0.00164001621305943 0.00165022478904575 0.00166882446501404 0.00168816815130413 0.00171174318529665 0.00173926062416285 0.00178063951898366 0.00183028832543641
0.00260745454579592 0.00274576293304563 0.00297167641110718 0.00316466204822063 0.00333991763181984 0.00338274799287319 0.00338791660033166 0.00330329383723438 0.00321241351775825 0.00320071913301945 0.00320773292332888 0.00330991228111088 0.00344461528584361 0.00365785020403564 0.00382798188365996 0.00393893849104643 0.00416834279894829 0.00449465773999691 0.00452912971377373 0.00442536175251007 0.00423771608620882 0.00403002882376313 0.00377520732581615 0.00351653480902314 0.0032489406876266 0.00298510026186705 0.00273696938529611 0.00248607550747693 0.00222934875637293 0.0020000021904707 0.00180412048939615 0.00166949431877583 0.00157948583364487 0.00154873088467866 0.00154251488856971 0.00156843732111156 0.00160067738033831 0.00162717653438449 0.00165305030532181 0.00167489261366427 0.00169832329265773 0.00172733899671584 0.00176008115522563
0.00238729850389063 0.00250489125028253 0.00269779888913035 0.00281894160434604 0.00290144165046513 0.00287869479507208 0.00282601523213089 0.00273015210404992 0.00263315881602466 0.00262499134987593 0.00263241841457784 0.00271917134523392 0.00283164461143315 0.00300622219219804 0.00318311271257699 0.00336317857727408 0.003610071958974 0.00391164189204574 0.00397067004814744 0.00391481211408973 0.00377973192371428 0.00362572283484042 0.00339774391613901 0.00316190533339977 0.00288563244976103 0.00261441781185567 0.00236437097191811 0.00211948505602777 0.00188549421727657 0.00168117904104292 0.00151313317473978 0.00142141536343843 0.00138529378455132 0.00140198005829006 0.00144053599797189 0.00148956733755767 0.00154065771494061 0.00157263909932226 0.00160268880426884 0.00162078102584928 0.00163836649153382 0.00165416998788714 0.00166947755496949
0.00213987217284739 0.00223543355241418 0.00237787282094359 0.0024579509627074 0.00250445026904345 0.00248442660085857 0.00244548404589295 0.00237164087593555 0.00229625357314944 0.0022756305988878 0.00226270267739892 0.00228891870938241 0.00233621685765684 0.00243442039936781 0.00257892347872257 0.00278699025511742 0.00305482256226242 0.00337155326269567 0.00345613528043032 0.00343075348064303 0.00332968914881349 0.00321054155938327 0.0029933110345155 0.00276617635972798 0.0024929610081017 0.0022282088175416 0.0019988757558167 0.00178386189509183 0.00159907736815512 0.0014460189267993 0.00133173645008355 0.0012657823972404 0.00123503024224192 0.00124250131193548 0.00126580183859915 0.00129729509353638 0.00133039860520512 0.00134570151567459 0.0013594365445897 0.00136429443955421 0.00136975909117609 0.00137735740281641 0.00138547108508646
0.00189086771570146 0.00196713861078024 0.00206809025257826 0.002115607727319 0.00213435315527022 0.00211864127777517 0.00209312979131937 0.00203883275389671 0.00198243744671345 0.00194893218576908 0.00191691273357719 0.00189245119690895 0.0018856575479731 0.00192152452655137 0.00203531817533076 0.00225609471090138 0.00252843089401722 0.00284295133315027 0.00294169876724482 0.00293823913671076 0.00286483997479081 0.00277472985908389 0.00257112039253116 0.00235680444166064 0.00210014078766108 0.00185423844959587 0.00165337359067053 0.00147316255606711 0.00133655359968543 0.00123056652955711 0.00116200582124293 0.00111749453935772 0.0010905007366091 0.00108879676554352 0.00109756621532142 0.00111361895687878 0.00113110325764865 0.00113335868809372 0.00113445485476404 0.00112973467912525 0.00112650205846876 0.00112849986180663 0.00113173248246312
0.00163494294974953 0.001703942543827 0.00180278287734836 0.0018550269305706 0.00188218080438673 0.0018777446821332 0.00186432420741767 0.0018187272362411 0.00176985922735184 0.00172160170041025 0.00167603022418916 0.0016441224142909 0.00163183326367289 0.00166691571939737 0.00175735598895699 0.00192379497457296 0.00212857127189636 0.00236471393145621 0.00242769345641136 0.00240864930674434 0.00233506900258362 0.00224845809862018 0.00207106629386544 0.00188761076424271 0.0017066685250029 0.00153393170330673 0.00139553542248905 0.00127174635417759 0.00117879430763423 0.00110152654815465 0.00104342820122838 0.00100141309667379 0.000971112982369959 0.000960410805419087 0.000957824871875346 0.000967634317930788 0.000979880453087389 0.000985009595751762 0.000989584485068917 0.000991318491287529 0.000994399655610323 0.00100221775937825 0.00101070967502892
0.00141372776124626 0.00147512054536492 0.0015641349600628 0.00161422335077077 0.00164335174486041 0.00164420169312507 0.00163700920529664 0.00159884768072516 0.00155709823593497 0.00150406279135495 0.00145457859616727 0.00142315914854407 0.00141105114016682 0.00144557270687073 0.0015144282951951 0.00163041998166591 0.00176948914304376 0.00192743982188404 0.00195546518079937 0.00192194757983088 0.00184932991396636 0.00176737003494054 0.00162382062990218 0.00147816177923232 0.00136338348966092 0.0012544592609629 0.00117003393825144 0.00109425035770983 0.00103671033866704 0.00098458444699645 0.000939075718633831 0.000903420906979591 0.000874943565577269 0.000861228792928159 0.000853627745527774 0.000860281521454453 0.000869737414177507 0.000877502490766346 0.000885149755049497 0.000892257376108319 0.000900406623259187 0.000912218121811748 0.00092428590869531
0.00126824341714382 0.00132129772100598 0.0013836536090821 0.00141657039057463 0.00143363559618592 0.00142670329660177 0.00141294626519084 0.00137946149334311 0.00134393793996423 0.00130788749083877 0.00127552240155637 0.00126190367154777 0.0012623619986698 0.00129681068938226 0.00134794099722058 0.00142197287641466 0.00149937765672803 0.00157954182941467 0.00157438789028674 0.00152882072143257 0.00145966187119484 0.00138486619107425 0.00129179493524134 0.00119906640611589 0.00112959975376725 0.00106408121064305 0.00101508595980704 0.000968944514170289 0.000928827445022762 0.000894038181286305 0.000865760666783899 0.000844896887429059 0.000829433149192482 0.000825765484478325 0.000826983014121652 0.000837217550724745 0.000849224568810314 0.000859106483403593 0.000868939503561705 0.000879063620232046 0.000889562943484634 0.000901381543371826 0.000913352414499968
0.00114079681225121 0.00117873214185238 0.00121431332081556 0.0012306320713833 0.00123657879885286 0.00122677581384778 0.00121249351650476 0.00118875398766249 0.0011642137542367 0.00114419602323323 0.00112703582271934 0.00112441123928875 0.00113068264909089 0.00115843454841524 0.00119108124636114 0.00123044813517481 0.00126134091988206 0.00128530047368258 0.00126067840028554 0.00121304404456168 0.00115455314517021 0.00109346816316247 0.00103899231180549 0.000986118800938129 0.000949959910940379 0.000916261109523475 0.000892857788130641 0.000869458715897053 0.000846068491227925 0.000826945877633989 0.000813039252534509 0.000803803559392691 0.000797970104031265 0.000800260284449905 0.0008059146348387 0.000817594467662275 0.000830458768177778 0.000842211244162172 0.000854087644256651 0.000867575989104807 0.000880686973687261 0.000892471056431532 0.000904352695215493
0.00103604316245764 0.00105032871942967 0.00105898943729699 0.00105943169910461 0.00105544866528362 0.00104895373806357 0.0010417444864288 0.00103412638418376 0.00102655496448278 0.00102137203793973 0.00101700855884701 0.00101681449450552 0.0010204027639702 0.00103312451392412 0.00104633392766118 0.00106021284591407 0.00106365687679499 0.00105856347363442 0.00103172264061868 0.00099458044860512 0.000955827068537474 0.000916688819415867 0.000885858491528779 0.000856390106491745 0.00083843752508983 0.000821982335764915 0.000811793666798621 0.000802456634119153 0.000794917577877641 0.000789360608905554 0.000786226300988346 0.000784639501944184 0.000784179952461272 0.000787283119279891 0.000791861733887345 0.0008023003465496 0.000813890888821334 0.000827204261440784 0.000840944761876017 0.000858234881889075 0.000874286575708538 0.000885983812622726 0.000897785823326558
0.000948620901908726 0.000948291621170938 0.000943233899306506 0.000936978205572814 0.000930077454540879 0.000927699613384902 0.000926608045119792 0.000928437104448676 0.000930572452489287 0.000932905240915716 0.000935001997277141 0.000935898569878191 0.000937806558795273 0.000942156941164285 0.000944762665312737 0.000944973086006939 0.000936628261115402 0.000921283673960716 0.000897924590390176 0.000870769203174859 0.000845791772007942 0.000821334717329592 0.000803987495601177 0.000787690572906286 0.000779572583269328 0.000772455357946455 0.000769526464864612 0.000767767196521163 0.000768476922530681 0.000769698875956237 0.000771546794567257 0.000773127423599362 0.000774513406213373 0.000776977569330484 0.000779888243414462 0.000787887896876782 0.000796887907199562 0.0008099036058411 0.000823563023004681 0.000842057925183326 0.000859086285345256 0.000870958319865167 0.000882520573213696
0.000874197343364358 0.000866029295139015 0.000857155013363808 0.000851085467729717 0.000846526119858027 0.000848872005008161 0.000853181758429855 0.000859452004078776 0.000865847454406321 0.000870206742547452 0.000874011195264757 0.000874993624165654 0.000875973317306489 0.000876946549396962 0.000875573896337301 0.000870980555191636 0.000862591783516109 0.000851097633130848 0.000835495826322585 0.000817948312032968 0.000802275433670729 0.00078705046325922 0.000775564229115844 0.000764763506595045 0.000760201190132648 0.000756492663640529 0.000756357505451888 0.000757312576752156 0.000760569237172604 0.000763479853048921 0.00076596753206104 0.000767354445997626 0.000767939607612789 0.0007686757016927 0.000769474252592772 0.000774136686231941 0.00077955867163837 0.000790882797446102 0.000803002098109573 0.000820753979496658 0.00083728606114164 0.000849529111292213 0.000860731466673315
0.000842277542687953 0.000832912453915924 0.000823977461550385 0.000818016764242202 0.000813657592516392 0.000815350213088095 0.000818763917777687 0.000824167218524963 0.000829799333587289 0.000836110324598849 0.000842334935441613 0.000848120253067464 0.000852759054396302 0.000854629266541451 0.00085267418762669 0.000845467671751976 0.000836765859276056 0.000826840696390718 0.000814099796116352 0.000800025125499815 0.000788146571721882 0.000776792760007083 0.000767723948229104 0.000759205548092723 0.000756412511691451 0.000754503533244133 0.000756294000893831 0.000759557588025928 0.000765931152272969 0.000770802667830139 0.00077383843017742 0.000774962943978608 0.000774695363361388 0.000773104664403945 0.000770965998526663 0.000770649174228311 0.000770690501667559 0.000777376350015402 0.0007849948015064 0.000799320405349135 0.000813025282695889 0.000824547896627337 0.000834765727631748
0.000828574004117399 0.000820858171209693 0.000813472201116383 0.00080758729018271 0.000802510650828481 0.000801245449110866 0.000801064248662442 0.000803325674496591 0.00080604141112417 0.000814272090792656 0.000823222158942372 0.000835832150187343 0.000846096023451537 0.000850694952532649 0.00084961304673925 0.000840732071083039 0.000831601908430457 0.000822267902549356 0.000810289464425296 0.000797058397438377 0.000786612567026168 0.000776832283008844 0.000768705096561462 0.000761091592721641 0.000759302347432822 0.000758503098040819 0.000761847186367959 0.000767245423048735 0.000776980130467564 0.000783929252065718 0.000787473807577044 0.000788306526374072 0.00078716390999034 0.000782989838626236 0.000777560286223888 0.000771560473367572 0.000765448610763997 0.00076623325003311 0.000768081983551383 0.000777831242885441 0.000787710014265031 0.000798044260591269 0.000807009928394109
0.000823201960884035 0.000819168635644019 0.000816262327134609 0.000811714504379779 0.000806282856501639 0.000802582828328013 0.000799375295173377 0.000798816327005625 0.000798841065261513 0.000807304924819618 0.000816712854430079 0.000830923207104206 0.00084261636948213 0.00084823154611513 0.000847335322760046 0.000837499916087836 0.000827325799036771 0.000816874613519758 0.000805909920018166 0.000794701976701617 0.000787361233960837 0.000780944421421736 0.000777246081270278 0.00077409140067175 0.000776130880694836 0.000778977875597775 0.000785204640123993 0.000793405808508396 0.000805775111075491 0.000814476399682462 0.0008186946506612 0.000819762179162353 0.00081853469600901 0.000813297694548965 0.000806400261353701 0.000796009961050004 0.000784933159593493 0.000776791479438543 0.000769410748034716 0.000768401543609798 0.000768733501899987 0.000773780862800777 0.000778333109337837
0.000819553795736283 0.000819623528514057 0.000821803288999945 0.000818853557575494 0.000813141814433038 0.000807115167845041 0.000800998997874558 0.000797686167061329 0.000795066531281918 0.000803414615802467 0.00081281119491905 0.000827540992759168 0.00083979539340362 0.000846072449348867 0.000845219707116485 0.000834578764624894 0.000823233334813267 0.000811311532743275 0.000801412621513009 0.00079247186658904 0.000788582081440836 0.000785899232141674 0.000787351280450821 0.000789390585850924 0.000795843312516809 0.000802861468400806 0.000812245823908597 0.000823388167191297 0.000838241714518517 0.00084862788207829 0.000853553996421397 0.000854965299367905 0.000853816396556795 0.000847831077408046 0.000839842890854925 0.000825329567305744 0.000809533579740673 0.000791839731391519 0.000774513697251678 0.000761466973926872 0.000751068408135325 0.000749980914406478 0.000749465718399733
0.000803422881290317 0.000805902993306518 0.000810123630799353 0.000806831754744053 0.00079949467908591 0.000793493061792105 0.000787871133070439 0.000786035321652889 0.000784948817454278 0.000793631363194436 0.000802846625447273 0.000814772094599903 0.00082460354315117 0.000829378783237189 0.000828649091999978 0.000820361892692745 0.000811868463642895 0.000803206290584058 0.000798555498477072 0.000795804779045284 0.000798243039753288 0.000801921123638749 0.000810066296253353 0.000818568572867662 0.000827801879495382 0.000837424071505666 0.000848674157168716 0.00085975433466956 0.000870475894771516 0.000877179496455938 0.000878972292412072 0.000879213737789541 0.000878325256053358 0.000875336118042469 0.000871477124746889 0.000860203057527542 0.0008474713540636 0.000827851938083768 0.000807514530606568 0.000782654853537679 0.000759807415306568 0.000744034943636507 0.000731861684471369
