Ecospace-environmental-drivers/Outputs/ASCII-for-ecospace/MOM6-ISIMIP3a/phyc/1996-01_phyc_MOM6-ISIMIP3a.asc
NCOLS 131 
NROWS 53 
XLLCORNER -98 
YLLCORNER 23.9265270233154 
CELLSIZE 0.133587792515755 
NODATA_value -9999 
[rows 19 to 37 of 53, columns 0 to 43 of 131]
-9999 -9999 -9999 -9999 -9999 -9999 -9999 -9999 0.0052349828183651 0.00565734459087253 0.00566113227978349 0.00571313686668873 0.00621761009097099 0.00706036668270826 0.00678835995495319 0.00620250077918172 0.00567841995507479 0.00519676459953189 0.00484017934650183 0.00453188829123974 0.00424019526690245 0.00395143171772361 0.00383725110441446 0.00373348407447338 0.00368463713675737 0.00363167584873736 0.00356537383049726 0.00349346757866442 0.00341178104281425 0.00333333644084632 0.00325822830200195 0.00322843319736421 0.00322624272666872 0.00323030678555369 0.00323645584285259 0.00324097066186368 0.00324507057666779 0.00322291650809348 0.00320309167727828 0.0031981011852622 0.00320407375693321 0.00324056530371308 0.00327512971125543 0.0033067159820348
-9999 -9999 -9999 -9999 -9999 -9999 -9999 -9999 0.00485471123829484 0.00519289262592793 0.00565734459087253 0.00561291584745049 0.00571313686668873 0.00587932672351599 0.00576317263767123 0.00532123818993568 0.00491538271307945 0.00453430414199829 0.00418287236243486 0.00384288863278925 0.00361335673369467 0.00340331671759486 0.00333062163554132 0.00326589331962168 0.00324249407276511 0.00321018509566784 0.00314898765645921 0.00307821738533676 0.00299074151553214 0.00289192423224449 0.00278143654577434 0.00272552552632987 0.00270286248996854 0.00269703497178853 0.00269681913778186 0.00268872966989875 0.00267956056632102 0.00267158728092909 0.00266450643539429 0.00266310945153236 0.00267133954912424 0.00270636938512325 0.00275251502171159 0.00281583913601935
-9999 -9999 -9999 -9999 -9999 -9999 0.00487571116536856 0.00487021543085575 0.00485293287783861 0.00485471123829484 0.00506662204861641 0.00565734459087253 0.00546826655045152 0.00490505713969469 0.00448168255388737 0.0042196549475193 0.00396158220246434 0.00370622472837567 0.00344607816077769 0.0031840824522078 0.00302400137297809 0.00288190529681742 0.00285570113919675 0.00283602066338062 0.00284955697134137 0.00284572294913232 0.00278556765988469 0.00271443161182106 0.00262413360178471 0.00250701559707522 0.00236230040900409 0.00227718008682132 0.00222836434841156 0.00220057787373662 0.00217980123125017 0.00215442734770477 0.00212867464870214 0.00213862466625869 0.00214794324710965 0.00215324107557535 0.00216413196176291 0.00219059246592224 0.00224563130177557 0.0023448362480849
-9999 -9999 -9999 -9999 -9999 -9999 0.00487215304747224 0.00487571116536856 0.00486471969634295 0.00481658987700939 0.00485471123829484 0.00468781031668186 0.00440598279237747 0.00389674678444862 0.00356394145637751 0.00343470927327871 0.00328317750245333 0.00311633129604161 0.00290731783024967 0.00268202158622444 0.00255638407543302 0.00244833319447935 0.00241082161664963 0.00238127447664738 0.00240522599779069 0.00241932459175587 0.00240147649310529 0.00237280922010541 0.00232526171021163 0.00225024134851992 0.00214695208705962 0.00206570164300501 0.00199787691235542 0.00194537558127195 0.00189798197243363 0.00187827949412167 0.00186261674389243 0.00187650753650814 0.00189243769273162 0.00192135444376618 0.00195480487309396 0.00200087623670697 0.00207153591327369 0.00218019587919116
-9999 -9999 -9999 -9999 0.00530729349702597 0.00500241573899984 0.00487743830308318 0.00486330920830369 0.00487571116536856 0.00485372822731733 0.00468220841139555 0.00393832568079233 0.00331184780225158 0.00291768065653741 0.00270097772590816 0.00268904096446931 0.00263377279043198 0.00254874676465988 0.00238971505314112 0.00220210687257349 0.0021081508602947 0.00203072186559439 0.00197734567336738 0.00193348084576428 0.00196448829956353 0.00199415162205696 0.00201945565640926 0.00203416286967695 0.00203037704341114 0.00200084573589265 0.00194482260849327 0.00187253323383629 0.00179033481981605 0.0017169495113194 0.00164650182705373 0.00163438334129751 0.00163046817760915 0.00164625479374081 0.00166694866493344 0.00171889283228666 0.00177508231718093 0.00184308970347047 0.00193000421859324 0.00204613874666393
-9999 -9999 -9999 -9999 0.00601209932938218 0.00533722154796124 0.00512739270925522 0.00487743830308318 0.00483677862212062 0.0043192938901484 0.00378833594731987 0.00320580834522843 0.00272975652478635 0.00246439082548022 0.00228016474284232 0.00218956149183214 0.0021133164409548 0.00204693153500557 0.0019698569085449 0.00188865419477224 0.00182524579577148 0.00176497746724635 0.00169390754308552 0.00163198716472834 0.00164828426204622 0.00166781654115766 0.00169783923774958 0.00171649258118123 0.00171530561055988 0.00171055225655437 0.00170212925877422 0.00168082513846457 0.00165167381055653 0.00162411760538816 0.00159709295257926 0.00159497722052038 0.00159630679991096 0.00159799191169441 0.00160538300406188 0.00164911174215376 0.00170574057847261 0.00179828016553074 0.00190336885862052 0.00202785129658878
-9999 -9999 -9999 -9999 -9999 0.00601209932938218 0.00533195678144693 0.00537734711542726 0.00469137728214264 0.00379653996787965 0.00299788336269557 0.00256736460141838 0.00222341320477426 0.00205075368285179 0.00188723963219672 0.00173427781555802 0.00164376897737384 0.00159614940639585 0.00158904772251844 0.00159759155940264 0.00156941800378263 0.00153476500418037 0.00145869411062449 0.00139056169427931 0.00139613938517869 0.0014083122368902 0.00144186918623745 0.001462024403736 0.00145879201591015 0.00147081026807427 0.00149852083995938 0.00151967047713697 0.00153682299423963 0.00154896301683038 0.00155943224672228 0.00156758271623403 0.00157530629076064 0.00156826118472964 0.00156726071145386 0.00160475354641676 0.0016611295286566 0.00177007168531418 0.00188888423144817 0.0020229509100318
-9999 -9999 -9999 -9999 -9999 0.00588805042207241 0.00601209932938218 0.00506094237789512 0.00407913886010647 0.0033250015694648 0.00266089849174023 0.00234140828251839 0.00204920233227313 0.00181098387110978 0.001616595312953 0.0014727795496583 0.00139744218904525 0.00136913207825273 0.00137945800088346 0.00140470277983695 0.00143231730908155 0.00146034988574684 0.0014349325792864 0.00141251785680652 0.00142487662378699 0.00144184136297554 0.00147374044172466 0.00148467882536352 0.00145903893280774 0.00145272223744541 0.00146628892980516 0.00149248412344605 0.00152637262362987 0.0015513189136982 0.00157328462228179 0.00159285520203412 0.0016120127402246 0.00161978916730732 0.00163193035405129 0.00167186767794192 0.00172495609149337 0.00181465432979167 0.00192767765838653 0.00207674852572381
-9999 -9999 0.00564362108707428 0.00566598493605852 0.00568167492747307 0.00576385483145714 0.0058881975710392 0.00473445560783148 0.00356033258140087 0.00293605518527329 0.00238898815587163 0.0021374486386776 0.0018777484074235 0.00160190055612475 0.00139727513305843 0.00127482926473022 0.00121633755043149 0.00120176596101373 0.00122499151621014 0.00126281182747334 0.00133427267428488 0.00141167000401765 0.00143297505564988 0.0014521119883284 0.00146341591607779 0.00147624884266406 0.00149403954856098 0.00149342336226255 0.00146068551111966 0.0014468936715275 0.00145259709097445 0.00148133817128837 0.00152411381714046 0.00155870930757374 0.00159057811833918 0.00161874969489872 0.00164632813539356 0.00166249205358326 0.00168240757193416 0.00172621582169086 0.00177720282226801 0.00184817414265126 0.00195037270896137 0.00210083113051951
-9999.000000000000000 -9999 -9999 -9999 0.00555242504924536 0.005599495023489 0.00552374729886651 0.00438597053289413 0.00324538140557706 0.00272731343284249 0.00225906120613217 0.00198148237541318 0.00171230977866799 0.00145977060310543 0.0012899364810437 0.00121553090866655 0.00117753772065043 0.00116455042734742 0.00119079591240734 0.00123219063971192 0.00132144289091229 0.00141914049163461 0.00147859065327793 0.00153018964920193 0.00152334163431078 0.00151257263496518 0.00148909003473818 0.00147181865759194 0.00146538624539971 0.00146781350485981 0.00147935724817216 0.00150519015733153 0.00153972790576518 0.00157708383630961 0.00161537912208587 0.00164600124116987 0.00167542672716081 0.00168593961279839 0.00170191889628768 0.00175271055195481 0.00180418416857719 0.00185755651909858 0.00193794339429587 0.00206007971428335
-9999 -9999 -9999 -9999 0.00539224082604051 0.00529392482712865 0.00530029786750674 0.00418040668591857 0.00305704865604639 0.00258818687871099 0.00215557613410056 0.00186171906534582 0.00159213051665574 0.00137056247331202 0.00123329472262412 0.00119329639710486 0.00117070064879954 0.00116005609743297 0.0011886297725141 0.00123234710190445 0.00133716908749193 0.00145277415867895 0.0015275701880455 0.00159000605344772 0.00155688810627908 0.00152480811811984 0.00149609369691461 0.00148148450534791 0.00149149005301297 0.00150592892896384 0.00152492942288518 0.00154402619227767 0.001563181867823 0.00159458490088582 0.00163007038645446 0.0016580440569669 0.00168484193272889 0.00169249041937292 0.00170587887987494 0.00175582116935402 0.00180458440445364 0.00185006507672369 0.00191132549662143 0.00199697259813547
-9999 -9999 -9999 -9999 0.0052886139601469 0.00528330262750387 0.00527674471959472 0.00415464956313372 0.00302801211364567 0.00253664166666567 0.00208535674028099 0.00178750196937472 0.00152889150194824 0.00134793412871659 0.00124043365940452 0.00121769087854773 0.00120407529175282 0.00119672785513103 0.0012267593992874 0.00127122434787452 0.00138882093597203 0.00151932309381664 0.00158078176900744 0.00162684835959226 0.00155724724754691 0.00150673859752715 0.00151813542470336 0.00153049128130078 0.00154452084098011 0.00156567769590765 0.00159416836686432 0.00160171359311789 0.0015964990016073 0.00161098700482398 0.00163204246200621 0.0016509530832991 0.00166949350386858 0.00167778367176652 0.00169027398806065 0.00172951282002032 0.00177154329139739 0.00182134471833706 0.00186685693915933 0.00190574035514146
-9999 -9999 -9999 -9999 0.00528330262750387 0.00527536449953914 0.00526604568585753 0.00420525064691901 0.00313673913478851 0.00263247359544039 0.00216088420711458 0.00181436550337821 0.00152387330308557 0.00134424166753888 0.00124159408733249 0.00122777419164777 0.00122398650273681 0.00122708815615624 0.00126730522606522 0.00132185395341367 0.00144030502997339 0.00157003290951252 0.00160482386127114 0.00162678072229028 0.00155911175534129 0.00151556148193777 0.00155021378304809 0.00157964369282126 0.00159996002912521 0.00162159593310207 0.00164458970539272 0.00163944624364376 0.00161716202273965 0.00162560795433819 0.00164429727010429 0.00166339694987983 0.00168245739769191 0.00168817688245326 0.00169630884192884 0.00171980424784124 0.00174693611916155 0.00178419123403728 0.00180730596184731 0.00180856778752059
-9999 -9999 -9999 -9999 0.00527490442618728 0.00526604568585753 0.00438378099352121 0.00431312201544642 0.00334879034198821 0.00283883954398334 0.00234572310000658 0.00191704055760056 0.0015625215601176 0.00135475117713213 0.00123827054630965 0.00122712401207536 0.00123379973229021 0.00125271489378065 0.00130966340657324 0.00138129806146026 0.00149166327901185 0.00160886335652322 0.00160698848776519 0.00159903021994978 0.00156210537534207 0.00154455413576216 0.00158981967251748 0.00162890506908298 0.00165720551740378 0.00167464127298445 0.00168089743237942 0.0016622127732262 0.00162833440117538 0.00163889303803444 0.00166426401119679 0.00169049203395844 0.00171665567904711 0.001717395382002 0.00171857373788953 0.00172254571225494 0.00172865472268313 0.00174071278888732 0.00173644302412868 0.00170693977270275
-9999 -9999 -9999 -9999 0.00526604568585753 0.00440791714936495 0.0039999894797802 0.00375070585869253 0.00366702768951654 0.00314161251299083 0.00261232163757086 0.00206819572485983 0.0016252335626632 0.00138244591653347 0.00124486209824681 0.00122866698075086 0.00123357796110213 0.0012529834639281 0.00132938066963106 0.0014277845621109 0.00153373426292092 0.00164101563859731 0.00162245472893119 0.00160109216812998 0.00157934508752078 0.0015717085916549 0.00160982483066618 0.00164541741833091 0.00167660648003221 0.00169689592439681 0.00170596968382597 0.00168450374621898 0.0016444333596155 0.00165094283875078 0.00167297886218876 0.00170877377968282 0.00174625334329903 0.00175359472632408 0.001759372651577 0.0017551938071847 0.00175019504968077 0.00174291408620775 0.00172456435393542 0.0016891083214432
-9999 -9999 -9999 -9999 -9999 0.0040521826595068 0.00398185290396214 0.00393613986670971 0.00403077434748411 0.0034857033751905 0.00291396072134376 0.00224012834951282 0.00169825868215412 0.00141750590410084 0.00125570315867662 0.00123115000315011 0.00122905534226447 0.0012423840817064 0.0013393945991993 0.00146871770266443 0.0015718248905614 0.00167030584998429 0.00164362182840705 0.00161593116354197 0.00160269031766802 0.00159807538148016 0.00162142945919186 0.00164789438713342 0.00167978811077774 0.00170595420058817 0.00172622653190047 0.00170659087598324 0.0016626437427476 0.00166246329899877 0.00167687155772001 0.00172327819745988 0.00177387916482985 0.00179278594441712 0.00180811493191868 0.00180065934546292 0.00178880232851952 0.00176469283178449 0.00173796492163092 0.00170719006564468
-9999 -9999 -9999 -9999 -9999 0.00414850236847997 0.00417470559477806 0.00425871228799224 0.00420599291101098 0.00362834264524281 0.00301815057173371 0.00228340388275683 0.00169992982409894 0.00141578167676926 0.00125657964963466 0.00124154589138925 0.0012374249054119 0.00124079827219248 0.0013339021243155 0.00146165420301259 0.00157545728143305 0.00168679864145815 0.00166519801132381 0.00164152926299721 0.00162488489877433 0.00161639589350671 0.00163435027934611 0.00165845174342394 0.00169328029733151 0.0017249264055863 0.00175329810008407 0.0017317725578323 0.00167985016014427 0.00166713551152498 0.00166749011259526 0.00170140899717808 0.00173990149050951 0.00176930264569819 0.00179512915201485 0.00179819180630147 0.00179569446481764 0.00177771900780499 0.00175765249878168 0.00173435441683978
-9999 -9999 -9999 -9999 -9999 0.00422451132908463 0.00428894860669971 0.00432926416397095 0.00434220535680652 0.0037293010391295 0.00308148819021881 0.00230006035417318 0.00168683787342161 0.00140644668135792 0.00125539442524314 0.00125357881188393 0.00124846177641302 0.00124107743613422 0.00132520135957748 0.00144466012716293 0.00157196004875004 0.00170064368285239 0.00168685882817954 0.00166935345623642 0.00164684129413217 0.00163305155001581 0.00164754351135343 0.00167068094015121 0.00170890556182712 0.00174594996497035 0.00178177957423031 0.00175759452395141 0.00169684877619147 0.00167039094958454 0.00165536219719797 0.0016720142448321 0.00169317796826363 0.00173285184428096 0.00176937179639935 0.00178580707870424 0.00179602461867034 0.00178893411066383 0.00177864090073854 0.00176339794415981
-9999 -9999 -9999 -9999 -9999 -9999 0.00420988071709871 0.00427886936813593 0.0042270733974874 0.00358450855128467 0.00292356079444289 0.00219224882312119 0.00162761262618005 0.00139278033748269 0.00127076357603073 0.00127891823649406 0.00128351920284331 0.00128567987121642 0.00133258639834821 0.00139677105471492 0.00152769067790359 0.0016703869914636 0.00170709914527833 0.0017338905017823 0.00169734912924469 0.00167354044970125 0.00169101636856794 0.00170682440511882 0.00171972205862403 0.0017577646067366 0.00182168046012521 0.00181974051520228 0.00177768163848668 0.00174388103187084 0.00171283341478556 0.00169606239069253 0.00168146344367415 0.00169450754765421 0.00170886644627899 0.00173159805126488 0.00174989504739642 0.00175584747921675 0.00175703351851553 0.00175085349474102
