Ecospace-environmental-drivers/Outputs/ASCII-for-ecospace/MOM6-ISIMIP3a/phyc/1996-11_phyc_MOM6-ISIMIP3a.asc
NCOLS 131 
NROWS 53 
XLLCORNER -98 
YLLCORNER 23.9265270233154 
CELLSIZE 0.133587792515755 
NODATA_value -9999 
[rows 0 to 18 of 53, columns 43 to 85 of 131]
-9999 -9999 -9999 -9999 -9999 -9999 -9999 -9999 -9999 -9999 -9999 -9999 -9999 -9999 -9999 -9999 -9999 -9999 -9999 -9999 -9999 -9999 -9999 -9999 -9999 -9999 -9999 -9999 -9999 -9999 -9999 -9999 -9999 -9999 -9999 -9999 -9999 -9999 -9999 -9999 -9999 -9999 -9999
-9999 -9999 -9999 -9999 -9999 -9999 -9999 -9999 -9999 -9999 -9999 -9999 -9999 -9999 -9999 -9999 -9999 -9999 -9999 -9999 -9999 -9999 -9999 -9999 -9999 -9999 -9999 -9999 -9999 -9999 -9999 -9999 -9999 -9999 -9999 -9999 -9999 -9999 -9999 -9999 -9999 -9999 -9999
-9999 -9999 -9999 -9999 -9999 -9999 -9999 -9999 -9999 -9999 -9999 -9999 -9999 -9999 -9999 -9999 -9999 -9999 -9999 -9999 -9999 -9999 -9999 -9999 -9999 -9999 -9999 -9999 -9999 -9999 -9999 0.00721839582547545 0.007146205753088 -9999 -9999 -9999 -9999 -9999 -9999 -9999 -9999 -9999 -9999
-9999 -9999 -9999 -9999 -9999 -9999 -9999 -9999 -9999 -9999 -9999 -9999 -9999 -9999 -9999 -9999 -9999 -9999 -9999 -9999 -9999 -9999 -9999 -9999 -9999 -9999 -9999 -9999 -9999 -9999 -9999 0.00720113050192595 0.00715840561315417 -9999 -9999 -9999 -9999 -9999 -9999 -9999 -9999 -9999 -9999
-9999 -9999 -9999 -9999 -9999 -9999 -9999 -9999 -9999 -9999 -9999 -9999 -9999 -9999 -9999 -9999 -9999 -9999 -9999 -9999 -9999 -9999 0.00873220805078745 0.00870219245553017 0.00867817923426628 0.00853810831904411 0.00838765222579241 0.0080648148432374 0.00773618509992957 0.00744455773383379 0.00725816749036312 0.00718423025682569 0.00716099329292774 0.0071299928240478 -9999 -9999 0.00577928125858307 0.00455767149105668 0.00324817397631705 0.00227515818551183 0.00179500423837453 0.00154630374163389 0.00150371878407896
-9999 -9999 -9999 -9999 -9999 -9999 -9999 -9999 -9999 -9999 -9999 -9999 -9999 -9999 -9999 -9999 -9999 -9999 0.00913695059716702 -9999 0.00905824452638626 0.00899219233542681 0.00886838044971228 0.00873220805078745 0.0086961891502142 0.00867817923426628 0.00839803740382195 0.00808673910796642 0.00770966801792383 0.00741214863955975 0.0072118560783565 0.00715049775317311 0.00719033693894744 0.00714214518666267 0.0070574963465333 0.00663912855088711 0.00615515979006886 0.00454355543479323 0.00297429878264666 0.00222666747868061 0.00162450829520822 0.00153383682481945 0.00148056622128934
-9999 -9999 -9999 -9999 -9999 -9999 -9999 -9999 -9999 -9999 -9999 -9999 -9999 -9999 0.00967724900692701 0.00967846717685461 0.0096796378493309 0.00968354102224112 0.00941380206495523 0.0091454703360796 0.00912842992693186 0.00905411038547754 0.00899219233542681 0.00888074096292257 0.00873220805078745 0.00867817923426628 0.00839803740382195 0.00808673910796642 0.00770966801792383 0.00741214863955975 0.0072118560783565 0.00715049775317311 0.00719033693894744 0.00714214518666267 0.0070574963465333 0.00663912855088711 0.00615515979006886 0.00454355543479323 0.00297429878264666 0.00222666747868061 0.00162450829520822 0.00153383682481945 0.00148056622128934
-9999 -9999 -9999 -9999 -9999 -9999 -9999 -9999 -9999 -9999 -9999 -9999 -9999 -9999 0.00967071764171124 0.00967724900692701 0.00967968534678221 -9999 0.00968895852565765 0.00942417327314615 0.00916251167654991 0.00912842992693186 0.00904170982539654 0.00899219233542681 0.00891782343387604 0.00876837596297264 0.0083047216758132 0.00783487595617771 0.00735196471214294 0.00694258045405149 0.00662306230515242 0.0064247390255332 0.00631469255313277 0.00614651013165712 0.0059542516246438 0.00543823791667819 0.00485858181491494 0.00367639656178653 0.00252960599027574 0.00194655323866755 0.00147636933252215 0.00140303804073483 0.00135968415997922
-9999 -9999 0.00819152873009443 -9999 -9999 -9999 -9999 -9999 -9999 -9999 -9999 -9999 -9999 -9999 -9999 -9999 -9999 -9999 0.00968656875193119 0.00969818420708179 0.00944517087191343 0.00919659342616796 0.00912842992693186 0.00900450721383095 0.00900053046643734 0.00886900909245014 0.00820369739085436 0.00756020424887538 0.00696276873350143 0.00643144221976399 0.00598091399297118 0.00563008198514581 0.00535186706110835 0.00505029363557696 0.00473904656246305 0.00411809328943491 0.00343625852838159 0.00272341095842421 0.00203845114447176 0.00163713959045708 0.00131266785319895 0.00125836860388517 0.00122587836813182
-9999 0.00819152873009443 0.00814303942024708 0.00809579901397228 0.00808226503431797 -9999 -9999 -9999 -9999 -9999 -9999 -9999 -9999 -9999 0.00910267792642117 0.0096640232950449 -9999 -9999 -9999 0.00969546288251877 0.00971209537237883 0.00949327368289232 0.00926475692540407 0.0092725632712245 0.00919709168374538 0.00898371450603008 0.0081931808963418 0.00746155204251409 0.00685427337884903 0.00628098053857684 0.00574922561645508 0.00523483520373702 0.00473309215158224 0.00429583247750998 0.00388527731411159 0.0032803020440042 0.00263710832223296 0.00212846021167934 0.00164762511849403 0.00138981558848172 0.00117951456923038 0.00113625603262335 0.00110935815609992
0.00817112531512976 0.00816412176936865 0.00812286790460348 0.0080936411395669 0.00807088892906904 0.00806920975446701 -9999 -9999 -9999 -9999 -9999 -9999 -9999 -9999 0.00888394191861153 0.00935881491750479 0.0096640232950449 -9999 -9999 0.00969673879444599 0.0097124008461833 0.00972714740782976 0.00963363330811262 0.00952677242457867 0.0093338955193758 0.00900619849562645 0.00811426434665918 0.00731127057224512 0.00669603608548641 0.00607864279299974 0.0054586105979979 0.00479974271729589 0.0041125868447125 0.00356342317536473 0.00307140639051795 0.00249891239218414 0.00191059848293662 0.00158822617959231 0.00129282439593226 0.00116468349006027 0.00105789490044117 0.00102618196979165 0.00100548146292567
0.00814309623092413 0.0081370547413826 0.00811585132032633 0.0080936411395669 0.00807088892906904 0.00806585140526295 0.00800668727606535 0.00796945206820965 -9999 -9999 -9999 -9999 -9999 -9999 -9999 0.00929050333797932 0.00958213023841381 0.0096640232950449 0.00967724900692701 0.00969673879444599 0.0097124008461833 0.00972714740782976 0.00973529275506735 0.0097067104652524 0.00915016978979111 0.00853403098881245 0.00766846351325512 0.00688405847176909 0.00627099489793181 0.00559805193915963 0.00485192518681288 0.00415092753246427 0.00348280207253993 0.00294929766096175 0.00247154431417584 0.00202004960738122 0.00157371640671045 0.00134148180950433 0.00113125680945814 0.00105858477763832 0.000998139032162726 0.000980681157670915 0.00096942309755832
0.00800192635506392 0.00804642215371132 0.0080570038408041 0.00805208180099726 0.00803881045430899 0.0080115795135498 0.00798037741333246 0.00796894077211618 -9999 -9999 -9999 -9999 0.0080652441829443 0.00844653509557247 0.00887638237327337 0.00937288999557495 0.0096222385764122 0.00966936815530062 0.00969995092600584 0.0097226956859231 0.00972809549421072 0.0097293509170413 0.00976326130330563 0.00974587723612785 0.00894926767796278 0.00814762804657221 0.00732493354007602 0.00656844908371568 0.0059517384506762 0.00524902855977416 0.00444120960310102 0.00370958144776523 0.00303344987332821 0.0024960795417428 0.00201617483980954 0.00165492482483387 0.00131699931807816 0.0011613538954407 0.0010233687935397 0.000991959823295474 0.000965101353358477 0.000954242597799748 0.000946832005865872
0.00757789937779307 0.00779686821624637 0.00786857958883047 0.00790662132203579 0.00792653486132622 0.00795030500739813 0.00797517132014036 0.00796894077211618 0.00795903895050287 0.0079359682276845 0.00791992619633675 0.00793963950127363 0.0080652441829443 0.00844653509557247 0.00887638237327337 0.00937288999557495 0.0096433199942112 0.00972877815365791 0.00977941136807203 0.00981354806572199 0.00978303048759699 0.00973706413060427 0.00960699841380119 0.00943310651928186 0.00870542321354151 0.00797564256936312 0.00723708746954799 0.00653185043483973 0.00589695014059544 0.00522892968729138 0.00452042883262038 0.00378691731020808 0.00303518818691373 0.00244513782672584 0.00192204432096332 0.00157415133435279 0.0012606984237209 0.00114777055568993 0.00104968273080885 0.00102402118500322 0.000998860457912087 0.00097546074539423 0.000957909855060279
0.00689324224367738 0.00720243249088526 0.00734330480918288 0.00746457790955901 0.00757529772818089 0.007714977953583 0.00786289386451244 0.00789321586489677 0.00790981948375702 0.00788104347884655 0.007860342040658 0.00788071379065514 0.00798808969557285 0.00830554589629173 0.00866964180022478 0.00909776799380779 0.00934980716556311 0.00945777725428343 0.00951334647834301 0.00954409502446651 0.00947128981351852 0.00937374215573072 0.0091619836166501 0.00891791563481092 0.00831780023872852 0.00770973740145564 0.00706841889768839 0.00642585381865501 0.00578065635636449 0.0051295617595315 0.00447125965729356 0.00375975691713393 0.00300950324162841 0.00241887453012168 0.00189435167703778 0.00157642923295498 0.00129911932162941 0.00121530680917203 0.00114280532579869 0.00111079728230834 0.00107544031925499 0.00102830864489079 0.000991479028016329
0.00584010267630219 0.00612039677798748 0.00634178705513477 0.00660321954637766 0.00688621308654547 0.00723357358947396 0.00759923923760653 0.00771042983978987 0.00779101205989718 0.00774846551939845 0.00771651696413755 0.0077384770847857 0.00780185079202056 0.00796522293239832 0.00817060936242342 0.00843367446213961 0.00861151795834303 0.00871963426470757 0.00875877216458321 0.00876523740589619 0.00864113867282867 0.00848584435880184 0.00830872543156147 0.00811654143035412 0.00772690121084452 0.00731104612350464 0.00678548170253634 0.00622174050658941 0.00557740451768041 0.00491812219843268 0.00424057245254517 0.00358485756441951 0.00294504757039249 0.00242750183679163 0.00196059001609683 0.00169612653553486 0.0014714595163241 0.00139753159601241 0.00133038323838264 0.00127492984756827 0.00121256068814546 0.00112587527837604 0.00105684692971408
0.00498026516288519 0.0052272635512054 0.00547931343317032 0.00577990571036935 0.00610663555562496 0.00651361327618361 0.0069434130564332 0.00713834073394537 0.00730124861001968 0.00724875740706921 0.00720632169395685 0.00721503561362624 0.00725232670083642 0.00735862227156758 0.00750933075323701 0.0077210133895278 0.00790323689579964 0.00806135777384043 0.00810316763818264 0.00808988511562347 0.00793621316552162 0.00774899870157242 0.00758175132796168 0.00741012208163738 0.00715475669130683 0.00685959914699197 0.00639790669083595 0.00589732779189944 0.00531465793028474 0.00470887590199709 0.00407484639436007 0.00349325779825449 0.00294986693188548 0.00249317823909223 0.00207239575684071 0.00183032813947648 0.00162339129019529 0.00155597680713981 0.00149406702257693 0.00143545516766608 0.00136575091164559 0.001257044961676 0.00116416823584586
0.00428321212530136 0.00449320860207081 0.00473393220454454 0.0049886298365891 0.00525085208937526 0.00559276062995195 0.00595733150839806 0.00623841118067503 0.0064990958198905 0.00643988186493516 0.0063875992782414 0.00637057377025485 0.00639687292277813 0.00652778334915638 0.00671142293140292 0.00696745235472918 0.00722022680565715 0.00747033767402172 0.00753090716898441 0.00750169530510902 0.00733674317598343 0.00713935820385814 0.00696112215518951 0.00678366562351584 0.00659840647131205 0.0063637257553637 0.00592221412807703 0.0054716095328331 0.00500180944800377 0.00450147641822696 0.0039638252928853 0.00347180594690144 0.0030130238737911 0.00260689645074308 0.00222257478162646 0.00197674380615354 0.00175813667010516 0.00169439683668315 0.00163762900047004 0.00159294274635613 0.0015324738342315 0.00141651241574436 0.00130681949667633
0.0037167901173234 0.00388527545146644 0.00408618152141571 0.0043012467212975 0.0045239357277751 0.00481022847816348 0.00511460984125733 0.00536891305819154 0.00560959102585912 0.00562080321833491 0.00563948694616556 0.00569617841392756 0.00580414058640599 0.00603590020909905 0.00629600370302796 0.00659502018243074 0.00685649598017335 0.00708725769072771 0.00713331857696176 0.00709189055487514 0.00690813455730677 0.0066903717815876 0.00646321242675185 0.00623675622045994 0.0060299257747829 0.00578403519466519 0.0053746709600091 0.00497315591201186 0.00458821142092347 0.00417425436899066 0.00372483883984387 0.00330388941802084 0.00290367449633777 0.00255809421651065 0.00223513995297253 0.00202362448908389 0.00183401501271874 0.00177368603181094 0.00171966583002359 0.0016805047634989 0.00162715895567089 0.00152393872849643 0.00141780148260295
