Ecospace-environmental-drivers/Outputs/ASCII-for-ecospace/MOM6-ISIMIP3a/phyc/1997-09_phyc_MOM6-ISIMIP3a.asc
NCOLS 131 
NROWS 53 
XLLCORNER -98 
YLLCORNER 23.9265270233154 
CELLSIZE 0.133587792515755 
NODATA_value -9999 
[rows 19 to 37 of 53, columns 43 to 85 of 131]
0.00371432211250067 0.00396652705967426 0.00427633663639426 0.00458054523915052 0.00488173868507147 0.00516333896666765 0.00543936714529991 0.00553642958402634 0.00561122829094529 0.00557950651273131 0.00553562911227345 0.00542991934344172 0.00534783396869898 0.00532279210165143 0.00533364666625857 0.00539378123357892 0.0053958548232913 0.00535042444244027 0.00522283790633082 0.00505633652210236 0.00478697614744306 0.0044930400326848 0.00418130634352565 0.00386518519371748 0.00350299477577209 0.00314478040672839 0.00280320667661726 0.00252319592982531 0.00237315008416772 0.00227492512203753 0.00224003568291664 0.00225741136819124 0.00231285602785647 0.00237880391068757 0.0024491015356034 0.00249474751763046 0.00253554759547114 0.00255034142173827 0.0025623831897974 0.00255694799125195 0.00255240686237812 0.00255100894719362 0.00255185691639781
0.00289828306995332 0.00302759325131774 0.00318424752913415 0.00334371090866625 0.00350468698889017 0.00369136547669768 0.00388535391539335 0.00396300200372934 0.00402544252574444 0.00399880716577172 0.00396400596946478 0.0038876635953784 0.00384326162748039 0.0038759836461395 0.00394626753404737 0.00406811991706491 0.00414857314899564 0.00419515557587147 0.0041568293236196 0.00407828344032168 0.00387650495395064 0.00364528177306056 0.00331547250971198 0.00297931884415448 0.00264939898625016 0.00233422848396003 0.0020807848777622 0.0018884144956246 0.00182497501373291 0.00182016741018742 0.00188701995648444 0.00199603522196412 0.00213576108217239 0.00225466582924128 0.00236494792625308 0.00242445571348071 0.00247398274950683 0.00249405344948173 0.00251131341792643 0.00251177325844765 0.00251274625770748 0.00251552346162498 0.00251939170993865
0.0021151804830879 0.00214481260627508 0.00217285682447255 0.00219880579970777 0.00222362671047449 0.00230426760390401 0.00240078382194042 0.00245130783878267 0.00249462202191353 0.00247038039378822 0.00244365003891289 0.00240426207892597 0.00240388000383973 0.00249768095090985 0.00262744002975523 0.0028065643273294 0.00296214618720114 0.00309846620075405 0.00314798462204635 0.00315638678148389 0.00302172522060573 0.00285288062877953 0.00251096743158996 0.00216083019040525 0.00186404585838318 0.00159443565644324 0.00143855134956539 0.00133837480098009 0.00135580182541162 0.00143904623109847 0.00160273315850645 0.00179595756344497 0.00201069680042565 0.00217297859489918 0.00231353589333594 0.00237822835333645 0.00242800754494965 0.00244850572198629 0.0024665726814419 0.00247148261405528 0.00247658439911902 0.00248236092738807 0.00248789438046515
0.00168420525733382 0.00168944580946118 0.00168640387710184 0.00168142805341631 0.00167541089467704 0.00170766049996018 0.00175079319160432 0.00177306064870209 0.00179166393354535 0.00176900415681303 0.00174497836269438 0.0017140032723546 0.00171159906312823 0.00177818175870925 0.00187283044215292 0.00200600968673825 0.00213287654332817 0.00225457851774991 0.00231308443471789 0.0023416553158313 0.00225774757564068 0.00214696465991437 0.00190089282114059 0.00164772802963853 0.00142660399433225 0.00123175315093249 0.00114685785956681 0.0011071942280978 0.00116301816888154 0.00127659388817847 0.00146075442899019 0.00167893641628325 0.00192189926747233 0.00211607711389661 0.00229005119763315 0.00236257305368781 0.00241515203379095 0.00243059685453773 0.0024434186052531 0.00244404934346676 0.00244414713233709 0.00244237226434052 0.00243690586648881
0.00129015254788101 0.00127780460752547 0.00125263817608356 0.00122615578584373 0.00119896477553993 0.00118959450628608 0.00118529249448329 0.00118050805758685 0.00117509579285979 0.0011540639679879 0.0011324294609949 0.00110772962216288 0.00110003561712801 0.00113340432289988 0.00118654582183808 0.00126683269627392 0.00135698635131121 0.00145521271042526 0.00151545729022473 0.00155771081335843 0.00152199366129935 0.00146764679811895 0.00132349820341915 0.00117364607285708 0.00103057199157774 0.000911661540158093 0.00089387857588008 0.000910457281861454 0.000999576179310679 0.00113714300096035 0.00133392307907343 0.00157033395953476 0.00183561106678098 0.00205960846506059 0.00226651062257588 0.00234758737497032 0.00240393006242812 0.00241416250355542 0.00242145056836307 0.00241665705107152 0.00241043628193438 0.00239919731393456 0.00238056643866003
0.001058378838934 0.00104512961115688 0.00102192128542811 0.000999118550680578 0.000976534036453813 0.000964104081504047 0.000954562041442841 0.000944046012591571 0.000933180213905871 0.000915563257876784 0.000897970283403993 0.000880499428603798 0.000872040749527514 0.000885342888068408 0.000911487673874944 0.000955263676587492 0.00100854435004294 0.00106960150878876 0.00111207645386457 0.00114574946928769 0.00113669876009226 0.00111743982415646 0.00103855156339705 0.000955786206759512 0.000876212317962199 0.000815666397102177 0.000834754551760852 0.000877323269378394 0.000969461456406862 0.00109966716263443 0.00127639912534505 0.00149521790444851 0.00174469209741801 0.00197882135398686 0.00220659584738314 0.00230483897030354 0.00237761926837265 0.00238697207532823 0.00239165127277374 0.00237362133339047 0.00235097669064999 0.00231210608035326 0.00226067588664591
0.000848868512548506 0.000835440587252378 0.000815316627267748 0.000796974229160696 0.000779591151513159 0.000765818345826119 0.000753072265069932 0.000739118782803416 0.000725062214769423 0.000711561413481832 0.000698567251674831 0.000688150059431791 0.00068003695923835 0.000677487580105662 0.00068144133547321 0.000694323040079325 0.00071554648457095 0.000743594893720001 0.000769335601944476 0.000793983228504658 0.000806217023637146 0.000815484672784805 0.000792746839579195 0.000767895253375173 0.000744280521757901 0.000734704139176756 0.000783879717346281 0.000847323273774236 0.000940887723118067 0.00106311356648803 0.00122036936227232 0.0014205650659278 0.00165203760843724 0.00189074140507728 0.00213243998587132 0.00224575609900057 0.00233383546583354 0.00234380806796253 0.00234743370674551 0.00231731194071472 0.00227957591414452 0.00221506855450571 0.0021335743367672
0.000736977264750749 0.000726538768503815 0.000714437162969261 0.000703978876117617 0.000694405345711857 0.000686817627865821 0.000679794698953629 0.000672463036607951 0.000665137311443686 0.000658827659208328 0.00065287557663396 0.000648742949124426 0.000645844149403274 0.000645924592390656 0.000648758956231177 0.000655374024063349 0.000665655941702425 0.000678937998600304 0.000692484143655747 0.000706155376974493 0.000716076116077602 0.000725100690033287 0.000718568335287273 0.000711409607902169 0.000710688706021756 0.000719656934961677 0.000769175298046321 0.000831064884550869 0.000919070967938751 0.00103060400579125 0.0011708919191733 0.00134794355835766 0.00155177363194525 0.0017706846119836 0.00199584104120731 0.00211505149491131 0.00221343524754047 0.00223060348071158 0.002239994937554 0.0022028002422303 0.00215581711381674 0.00207441789098084 0.00197485531680286
0.000649197492748499 0.000641077931504697 0.000635008735116571 0.000630602415185422 0.000627091503702104 0.000624399690423161 0.000621940882410854 0.000619733764324337 0.000617607904132456 0.000616981531493366 0.000616602308582515 0.000617479905486107 0.000618830323219299 0.000621322426013649 0.000623945088591427 0.000626746972557157 0.000629642396233976 0.000632614304777235 0.000637072254903615 0.00064223405206576 0.000649575144052505 0.000657436903566122 0.000662008358631283 0.000666955951601267 0.000680668337736279 0.000700290082022548 0.000744643330108374 0.000799211964476854 0.000875346129760146 0.000971716537605971 0.00109281972981989 0.00124368199612945 0.00141622044611722 0.00161303929053247 0.00181991362478584 0.00194377533625811 0.00205131876282394 0.00208242074586451 0.00210467516444623 0.00206815055571496 0.00202012807130814 0.00193167664110661 0.00182520295493305
0.000614025513641536 0.000606762012466788 0.000602383108343929 0.000600031577050686 0.000598771730437875 0.000598163052927703 0.000597739475779235 0.000597389996983111 0.000597123405896127 0.000598890881519765 0.000600878440309316 0.000603985914494842 0.000607480062171817 0.000611907860729843 0.000616299279499799 0.000620640930719674 0.000623906264081597 0.000626291031949222 0.000628438370767981 0.000630473194178194 0.000634652969893068 0.000639345322269946 0.000643889361526817 0.000648754416033626 0.000658440345432609 0.000671498361043632 0.000698668940458447 0.000733334163669497 0.000783821276854724 0.000855276244692504 0.000952358299400657 0.00107038649730384 0.0012036714470014 0.0013733817031607 0.00155817670747638 0.0016839784802869 0.00179818354081362 0.00185792171396315 0.00190852221567184 0.00188956304918975 0.00185840856283903 0.00178437435533851 0.00169533304870129
0.000584432506002486 0.000579194573219866 0.000576983962673694 0.000576633377932012 0.000577284255996346 0.000578452076297253 0.000579766929149628 0.00058104406343773 0.000582390988711268 0.000585725414566696 0.000589229166507721 0.000593594275414944 0.000598183716647327 0.000603314954787493 0.000608234258834273 0.000612862582784146 0.000616029428783804 0.000618000456597656 0.000618986203335226 0.00061950518283993 0.000621947925537825 0.000624850392341614 0.000629209214821458 0.000633829738944769 0.000640802492853254 0.000649399938993156 0.000664796563796699 0.000685306207742542 0.000716609880328178 0.000766530225519091 0.000839203945361078 0.000928122608456761 0.00102887384127825 0.00117289950139821 0.00133484660182148 0.00145549955777824 0.00156803510617465 0.00164159934502095 0.00170632440131158 0.0016988004790619 0.00168018019758165 0.00162254378665239 0.00155129667837173
0.000561858352739364 0.000560117303393781 0.000560676387976855 0.000562258763238788 0.000564392190426588 0.000566950999200344 0.000569630763493478 0.000572243938222528 0.000574895064346492 0.000578756385948509 0.000582706066779792 0.000587105459999293 0.000591471267398447 0.000595755875110626 0.000599641818553209 0.000602980377152562 0.000605459266807884 0.000607234833296388 0.000608504517003894 0.000609534617979079 0.000612032192293555 0.000614880409557372 0.000618855527136475 0.000623027561232448 0.000628939422313124 0.000635722186416388 0.000646149506792426 0.000659734825603664 0.000679986958857626 0.000712625856976956 0.000760404043830931 0.000824899063445628 0.00090157036902383 0.00102170335594565 0.00115983537398279 0.00126642128452659 0.00136680586729199 0.00143556389957666 0.00149652152322233 0.00149272091221064 0.00148118217475712 0.00144243543036282 0.00138943770434707
0.000549627060536295 0.000550229393411428 0.00055223616072908 0.000554550613742322 0.000557030783966184 0.000559709907975048 0.00056244560983032 0.000565303373150527 0.000568203744478524 0.000571917800698429 0.000575713929720223 0.000579927582293749 0.000584044610150158 0.000587928283493966 0.000591395306400955 0.000594290439039469 0.000596808269619942 0.000599017483182251 0.000600948929786682 0.000602748885285109 0.000605585577432066 0.000608670059591532 0.000612576259300113 0.000616579316556454 0.000621170911472291 0.000626013381406665 0.000631906150374562 0.000639900856185704 0.000652332848403603 0.000673211412504315 0.000704413454513997 0.000750243256334215 0.000806727737654001 0.00090397399617359 0.00101810111664236 0.00111194013152272 0.00120179099030793 0.00127106299623847 0.00133295531850308 0.00133020279463381 0.00132106069941074 0.00128945254255086 0.00124295812565833
0.000545152986887842 0.000547233561519533 0.000549696502275765 0.000551842385903001 0.000553817488253117 0.000555663951672614 0.000557473802473396 0.000559757521841675 0.000562115805223584 0.000565177062526345 0.000568369985558093 0.000572232878766954 0.000576082267798483 0.000579899293370545 0.000583408342208713 0.000586494687013328 0.000589596689678729 0.000592711381614208 0.000595587946008891 0.000598351762164384 0.000601740903221071 0.000605279463343322 0.000609352893661708 0.000613396579865366 0.000616473262198269 0.000619281374383718 0.00062096567125991 0.000624369946308434 0.000631405506283045 0.000644664571154863 0.00066553003853187 0.000697013572789729 0.000736231100745499 0.000811345118563622 0.00090132508194074 0.000983407371677458 0.00106393720488995 0.00113771320320666 0.00120406690984964 0.00120035605505109 0.00119009695481509 0.00115681404713541 0.00110801320988685
0.000541073968634009 0.000543070549611002 0.000545142393093556 0.00054691347759217 0.000548522686585784 0.000550226075574756 0.000551956240087748 0.000554461963474751 0.000557063322048634 0.00056010257685557 0.000563255802262574 0.000566988892387599 0.000570779666304588 0.000574709731154144 0.000578401086386293 0.000581764848902822 0.000584981520660222 0.000588077760767192 0.000590856710914522 0.000593485310673714 0.000597323291003704 0.00060145027237013 0.000606537447310984 0.000611505936831236 0.000613786571193486 0.000615324592217803 0.00061375496443361 0.000612940639257431 0.000613720971159637 0.000619070138782263 0.0006300033419393 0.000650689064059407 0.00067847833270207 0.000735691923182458 0.000805091112852097 0.000876865582540631 0.000949107052292675 0.00102473446168005 0.00109410565346479 0.00110113655682653 0.00109845981933177 0.00106165092438459 0.00101232226006687
0.000537164276465774 0.000538407359272242 0.000539724889677018 0.000541032932233065 0.000542335736099631 0.000544191629160196 0.000546204741112888 0.00054927368182689 0.000552454614080489 0.000555742240976542 0.000559097272343934 0.000562795321457088 0.000566616945434362 0.0005707370582968 0.000574670848436654 0.000578348932322115 0.000581479107495397 0.000584160967264324 0.000586395326536149 0.000588417751714587 0.000592660217080265 0.000597433128859848 0.000603896914981306 0.000610169081483036 0.000611961702816188 0.000612557225394994 0.000608142756391317 0.000603269145358354 0.000597426318563521 0.000594741140957922 0.000595915247686207 0.000607323891017586 0.000626187305897474 0.000667314161546528 0.000717660994268954 0.000779748719651252 0.000844144378788769 0.00092048617079854 0.000992256216704845 0.00101504323538393 0.00102367729414254 0.000982548925094306 0.000933454721234739
0.000533146609086543 0.00053398497402668 0.000534965074621141 0.00053622352425009 0.00053763174219057 0.000540040957275778 0.000542734807822853 0.0005465152207762 0.000550400698557496 0.000554119644220918 0.000557799998205155 0.000561283843126148 0.000564776826649904 0.000568292045500129 0.000571411335840821 0.000573987141251564 0.00057610945077613 0.000577860802877694 0.000580342544708401 0.000583170331083238 0.000589909497648478 0.000597583188209683 0.000604794244281948 0.000611496914643794 0.000611261988524348 0.000609559938311577 0.000601717852987349 0.000593258591834456 0.000583496352192014 0.000576206773985177 0.000571939162909985 0.000576195423491299 0.000586660229600966 0.00061584310606122 0.000652777729555964 0.00070466217584908 0.000759485410526395 0.000832254823762923 0.000902245636098087 0.000938600627705455 0.000959519180469215 0.0009261624654755 0.000889815273694694
0.000529106648173183 0.000529612356331199 0.00053034134907648 0.000531635712832212 0.000533234560862184 0.000536280043888837 0.000539736938662827 0.000544259557500482 0.000548875366803259 0.000553063582628965 0.000557094754185528 0.000560327258426696 0.000563417212106287 0.000566163100302219 0.000568249204661697 0.000569429597817361 0.00057035346981138 0.000571067444980145 0.000573960482142866 0.000577885715756565 0.000587554415687919 0.000598595419432968 0.000606423593126237 0.000613376090768725 0.000610794988460839 0.000606515037361532 0.000595124787651002 0.000583177839871496 0.000570055621210486 0.000558871251996607 0.000550055294297636 0.000547598639968783 0.000549774034880102 0.000567870098166168 0.000592559401411563 0.000634133815765381 0.000679027405567467 0.000747337413486093 0.00081468460848555 0.000864154833834618 0.000897559337317944 0.000874475750606507 0.000853464589454234
0.000526478397659957 0.000526834977790713 0.000527379976119846 0.000528555479831994 0.000530070508830249 0.000532985257450491 0.00053629808826372 0.000541134679224342 0.000546118477359414 0.000550865544937551 0.000555364298634231 0.000558599946089089 0.000561421387828887 0.000563242589123547 0.000564456800930202 0.000564837595447898 0.000565758731681854 0.000567121955100447 0.000572014367207885 0.000578578445129097 0.000590182025916874 0.000602989632170647 0.000609298935160041 0.000614364864304662 0.000607831927482039 0.000599761900957674 0.000585258880164474 0.000570979027543217 0.000557170133106411 0.000545557239092886 0.000536628358531743 0.000532580597791821 0.000532088102772832 0.00054336927132681 0.000559526379220188 0.000592341471929103 0.000628431094810367 0.000688833242747933 0.000749678874853998 0.000806062074843794 0.000848772353492677 0.000843407877255231 0.000842115201521665
