Ecospace-environmental-drivers/Outputs/ASCII-for-ecospace/MOM6-ISIMIP3a/phyc/1997-02_phyc_MOM6-ISIMIP3a.asc
NCOLS 131 
NROWS 53 
XLLCORNER -98 
YLLCORNER 23.9265270233154 
CELLSIZE 0.133587792515755 
NODATA_value -9999 
[rows 19 to 37 of 53, columns 44 to 87 of 131]
0.00513564655557275 0.00549432635307312 0.0057080234400928 0.00584365334361792 0.00591131905093789 0.00595965562388301 0.0061536761932075 0.00636224774643779 0.00656105857342482 0.00677267415449023 0.00704942783340812 0.0072797704488039 0.00739804981276393 0.00744926137849689 0.00740839820355177 0.0070849759504199 0.00653037242591381 0.00599622633308172 0.00547177018597722 0.00519067188724875 0.00496772024780512 0.00490404386073351 0.00486291805282235 0.00499074812978506 0.00509526021778584 0.00510218553245068 0.00509520946070552 0.00505888648331165 0.00503344787284732 0.00502131134271622 0.00502931606024504 0.00505199050530791 0.00505794258788228 0.00505696889013052 0.00503063295036554 0.00499931117519736 0.0048576588742435 0.00471900030970573 0.00464950362220407 0.00463104341179132 0.00479203043505549 0.00490410858765244 0.00492535764351487 0.00485498877242208
0.00426968187093735 0.00456275325268507 0.00476762559264898 0.00492500606924295 0.00506811775267124 0.00520717073231936 0.00538125168532133 0.00556020112708211 0.00577381113544106 0.00599520560353994 0.00625619664788246 0.00647468399256468 0.00659054005518556 0.00665176985785365 0.00663800537586212 0.00636253971606493 0.00587295787408948 0.0053837145678699 0.00489463098347187 0.00469179591163993 0.0045573553070426 0.00456529390066862 0.00458988454192877 0.00471447594463825 0.00481931120157242 0.00484146550297737 0.00485702697187662 0.0048586712218821 0.00486643658950925 0.00488168466836214 0.00487889442592859 0.00486296648159623 0.00485853478312492 0.00485886447131634 0.00484349485486746 0.0048250388354063 0.00468750298023224 0.00455120438709855 0.0044700694270432 0.00443855114281178 0.00458148680627346 0.00470701698213816 0.0048002228140831 0.00478071812540293
0.00337522570043802 0.00358504196628928 0.00378035404719412 0.00396785605698824 0.00421145046129823 0.0044709974899888 0.00460015749558806 0.00471929740160704 0.00492823496460915 0.00514091039076447 0.00537259830161929 0.0055769900791347 0.00571547262370586 0.00581637490540743 0.00586568471044302 0.0056894738227129 0.00532874837517738 0.00491717783734202 0.00448152236640453 0.00433435570448637 0.00425611855462193 0.00434359768405557 0.00444226060062647 0.0045380019582808 0.00461865914985538 0.00463618664070964 0.00465864548459649 0.00469151418656111 0.0047247945331037 0.00475857732817531 0.00473784096539021 0.00467739254236221 0.00466057611629367 0.0046618296764791 0.00465744407847524 0.00465194974094629 0.00450405152514577 0.00435752095654607 0.00427586771547794 0.00423663761466742 0.00434656953439116 0.00447600986808538 0.00464167911559343 0.00467646447941661
0.00297227874398232 0.00307700131088495 0.00319330324418843 0.00331584038212895 0.00353083247318864 0.00377211882732809 0.00393781578168273 0.00409596273675561 0.00425917143002152 0.00440621096640825 0.00447099935263395 0.00452499138191342 0.0045529124327004 0.00459837168455124 0.00466790702193975 0.00462477048859 0.00448944885283709 0.00431355647742748 0.00411844672635198 0.00408306485041976 0.00408584764227271 0.00416707154363394 0.00425314251333475 0.00433132890611887 0.00440173456445336 0.00443957792595029 0.0044798762537539 0.00452535692602396 0.00456073135137558 0.00458375457674265 0.00457764696329832 0.00455032149329782 0.00454807188361883 0.0045562069863081 0.00451998226344585 0.0044750371016562 0.00436452124267817 0.00425547081977129 0.004184456076473 0.0041308905929327 0.00413867784664035 0.0042048036120832 0.00437927106395364 0.00440762098878622
0.00262063229456544 0.00262338574975729 0.00265758181922138 0.0027087084017694 0.00288238772191107 0.00309092062525451 0.00329176196828485 0.00348868314176798 0.00360102695412934 0.00367821659892797 0.00357658043503761 0.00348053127527237 0.00339797209016979 0.00338688818737864 0.00347393075935543 0.00356143852695823 0.00364932673983276 0.00371183129027486 0.00376231200061738 0.00383866718038917 0.0039212042465806 0.00399000057950616 0.00405746605247259 0.00411931006237864 0.00418050354346633 0.00423897430300713 0.00429659662768245 0.00435242895036936 0.00438858009874821 0.00440067611634731 0.00441156700253487 0.00442157918587327 0.00443397182971239 0.00444734981283545 0.00437767431139946 0.00429167272523046 0.00421950360760093 0.00414885254576802 0.0040880236774683 0.00401998264715075 0.00392658170312643 0.00392665760591626 0.00410033063963056 0.00411441037431359
0.00249158986844122 0.00247165071777999 0.0024608145467937 0.00245487969368696 0.00254136230796576 0.0026541284751147 0.00276373256929219 0.00287014083005488 0.00289899832569063 0.00290905591100454 0.00282348203472793 0.0027563392650336 0.00273370114155114 0.00276867649517953 0.00288274674676359 0.00301787164062262 0.00317022250965238 0.00331541220657527 0.00345720956102014 0.00357327051460743 0.00368318217806518 0.00374659686349332 0.00380623596720397 0.00385741842910647 0.00390886934474111 0.0039614443667233 0.00401400029659271 0.0040665166452527 0.00411142082884908 0.00414702109992504 0.00417264411225915 0.00419100048020482 0.00418506748974323 0.00416907528415322 0.00409372383728623 0.0040067033842206 0.00392818078398705 0.00385052477940917 0.00377826206386089 0.00370184192433953 0.00361080304719508 0.00358502380549908 0.00368043826892972 0.00362804881297052
0.00237948005087674 0.0023360070772469 0.00228257500566542 0.00222378014586866 0.00223408220335841 0.00226403516717255 0.00229536602273583 0.00232439371757209 0.00228742579929531 0.00224567460827529 0.00217958982102573 0.00214009801857173 0.00216481788083911 0.00223390921019018 0.00236391648650169 0.00253139506094158 0.00272953184321523 0.00293659372255206 0.00314788357354701 0.00329526979476213 0.00342738721519709 0.00348859117366374 0.00354398926720023 0.00358579168096185 0.00362734450027347 0.00366785260848701 0.00370991532690823 0.00375525956042111 0.00380208995193243 0.00385073642246425 0.00388205167837441 0.0039007430896163 0.00387781974859536 0.00383766205050051 0.00376265565864742 0.0036807986907661 0.00359787116758525 0.00351555878296494 0.00343964598141611 0.00336476066149771 0.00329348840750754 0.00325480615720153 0.00327664706856012 0.00317159830592573
0.00234161596745253 0.00227092043496668 0.0021855749655515 0.00209234119392931 0.00207476457580924 0.00207870476879179 0.00208860426209867 0.00209783297032118 0.00207247957587242 0.00204610521905124 0.00201453664340079 0.00199718959629536 0.00201418180949986 0.00206502364017069 0.0021623361390084 0.00229524332098663 0.00245727319270372 0.00263494998216629 0.00282003823667765 0.00296200276352465 0.0030936636030674 0.00316655915230513 0.00323343649506569 0.00327147985808551 0.00330245238728821 0.00330383470281959 0.00331160775385797 0.00333287264220417 0.00335169536992908 0.00336753344163299 0.00336489919573069 0.00334881013259292 0.0033147509675473 0.00327325006946921 0.00322499126195908 0.00317540415562689 0.00309661612845957 0.00301994453184307 0.00297451065853238 0.00294463033787906 0.00296943727880716 0.00297464500181377 0.00294345477595925 0.00284630060195923
0.00232156086713076 0.00222641159780324 0.00211748341098428 0.00200113584287465 0.00196654931642115 0.00195521558634937 0.00194860040210187 0.00194207741878927 0.00192500080447644 0.00190882035531104 0.00189719814807177 0.00189082464203238 0.00189712434075773 0.00192761293146759 0.00199130969122052 0.00208568992093205 0.00220517418347299 0.0023446090053767 0.00249349372461438 0.0026226385962218 0.00274706678465009 0.0028206049464643 0.00288824434392154 0.00292090955190361 0.00294345081783831 0.00292362202890217 0.00291095487773418 0.0029134068172425 0.00290959072299302 0.00289811380207539 0.00287006073631346 0.00282993377186358 0.00279256980866194 0.00275634974241257 0.00273247621953487 0.00271102995611727 0.00265142996795475 0.0025945904199034 0.00257851835340261 0.00258270534686744 0.00265812454745173 0.00268347631208599 0.00261584762483835 0.00252734869718552
0.00234036287292838 0.00222680112347007 0.00211246637627482 0.00199771509505808 0.00196983222849667 0.00196665455587208 0.00195425259880722 0.001940808724612 0.00192472641356289 0.00190743117127568 0.00188396591693163 0.00186419184319675 0.00185333041008562 0.00185887631960213 0.00188694731332362 0.00193416955880821 0.00199706107378006 0.00207892945036292 0.00216978695243597 0.00226997048594058 0.00237238220870495 0.00242245593108237 0.00246747327037156 0.00249122898094356 0.00251002656295896 0.00250807451084256 0.00250518461689353 0.00250031519681215 0.0024855739902705 0.00245876680128276 0.00242390739731491 0.00238318275660276 0.00235959864221513 0.00234311330132186 0.00233847089111805 0.00233615678735077 0.0023285779170692 0.00232253363355994 0.00233338586986065 0.00234777596779168 0.00237460481002927 0.00236829067580402 0.00230042613111436 0.00222224253229797
0.00234200805425644 0.00222089979797602 0.00211007427424192 0.00200478592887521 0.00197936315089464 0.00197665416635573 0.00196018605493009 0.0019420578610152 0.00191713043022901 0.00189143826719373 0.00186185573693365 0.00183587765786797 0.00181860325392336 0.00181309145409614 0.00182372808922082 0.00184171390719712 0.0018657126929611 0.0019027303205803 0.00194591458421201 0.00201027630828321 0.00207969802431762 0.00210969685576856 0.00213651382364333 0.00215643597766757 0.00217516766861081 0.00218891724944115 0.00219623278826475 0.00218996591866016 0.00217144633643329 0.00213795178569853 0.0021057017147541 0.00207435851916671 0.002068598754704 0.0020734341815114 0.0020871504675597 0.00210261275060475 0.00212396611459553 0.00214481307193637 0.00215858197771013 0.00216612499207258 0.00215177657082677 0.00211774348281324 0.00204715388827026 0.0019747638143599
0.00232206913642585 0.00220708386041224 0.0021109851077199 0.00202505569905043 0.00199675443582237 0.00198484258726239 0.00196647341363132 0.00194647465832531 0.00190032343380153 0.00185707269702107 0.00182857632171363 0.00180544843897223 0.00179528293665498 0.00179618177935481 0.00181227026041597 0.00182356615550816 0.00183094071689993 0.00183910434134305 0.00184764177538455 0.00186755100730807 0.00189017714001238 0.00190436572302133 0.00191854464355856 0.00194101978559047 0.00196431251242757 0.00199102680198848 0.00200908607803285 0.00200887466780841 0.00199556886218488 0.0019662594422698 0.00194846466183662 0.00193905725609511 0.00195620977319777 0.00198436179198325 0.00201533944346011 0.00204687239602208 0.00206811027601361 0.00208577467128634 0.00207225722260773 0.00205150293186307 0.00200530258007348 0.00194851635023952 0.00187207025010139 0.00179978483356535
0.00227629602886736 0.00217326846905053 0.00209041847847402 0.00201843306422234 0.00199040514416993 0.00197487859986722 0.00194989726878703 0.00192287552636117 0.00186689826659858 0.00181524828076363 0.00178561022039503 0.00176300818566233 0.00175739545375109 0.00176454114262015 0.00178920256439596 0.00180713960435241 0.00181957485619932 0.0018223844235763 0.00182063446845859 0.00181522313505411 0.00180893705692142 0.00180751830339432 0.00180769932921976 0.00182629842311144 0.00184724468272179 0.00187801453284919 0.00189869990572333 0.00189809629227966 0.0018872459186241 0.00186387216672301 0.00185793440323323 0.00186469685286283 0.00189467589370906 0.00193426990881562 0.0019776145927608 0.00202169641852379 0.00203326670452952 0.00203886884264648 0.00199793186038733 0.00195280741900206 0.00189295993186533 0.00182781997136772 0.00175285153090954 0.00168483390007168
0.00221114698797464 0.00212445319630206 0.00205374369397759 0.0019916407763958 0.00196625012904406 0.00195130007341504 0.00191617314703763 0.00187826436012983 0.0018210094422102 0.00176782964263111 0.00173537887167186 0.00171155959833413 0.00170858227647841 0.0017218521097675 0.00175742711871862 0.00179200386628509 0.00182576372753829 0.00184084428474307 0.0018470766954124 0.00183069438207895 0.00180890853516757 0.00179203471634537 0.00177719793282449 0.0017870991723612 0.00180051859933883 0.00182866200339049 0.00184588471893221 0.00184005324263126 0.00182958960067481 0.00181346456520259 0.00181743502616882 0.001836042618379 0.00187128386460245 0.00191341352183372 0.00196545454673469 0.00201944378204644 0.00201418227516115 0.00200106203556061 0.00193260586820543 0.00186605716589838 0.00180621584877372 0.00174352223984897 0.00167553185019642 0.00161490449681878
0.0021499153226614 0.00207841047085822 0.00201431987807155 0.00195422139950097 0.00192598148714751 0.00190680229570717 0.00186498533003032 0.00182073749601841 0.00177342270035297 0.00172866450157017 0.0016969118732959 0.001673040445894 0.00166819954756647 0.00167948589660227 0.00171291292645037 0.00175383023452014 0.00180087611079216 0.00182799471076578 0.00184567435644567 0.00183164258487523 0.00181003392208368 0.00178573839366436 0.001762714702636 0.00176088768057525 0.00176466221455485 0.00179188034962863 0.00180869444739074 0.00180354458279908 0.00179696059785783 0.00178862374741584 0.00180052011273801 0.00182715419214219 0.0018582254415378 0.00189113430678844 0.00192736717872322 0.00196425337344408 0.001952447113581 0.00193379481788725 0.00186588091310114 0.00180153478868306 0.00174973264802247 0.00169153022579849 0.00162144156638533 0.00155998591799289
0.00209036259911954 0.00203355611301959 0.00197371793910861 0.00191224727313966 0.00187880708836019 0.00185333879198879 0.0018063128227368 0.00175767531618476 0.00172510812990367 0.00169303664006293 0.00166348670609295 0.00164006266277283 0.00163142988458276 0.0016372581012547 0.00166293897200376 0.0017057831864804 0.00176266964990646 0.00180172675754875 0.00183233828283846 0.00182636652607471 0.0018116538412869 0.0017833795864135 0.00175509636756033 0.0017402422381565 0.00173346442170441 0.00176048651337624 0.00177820061799139 0.00177626498043537 0.00177505752071738 0.00177474005613476 0.00179371307604015 0.00182673684321344 0.00184959580656141 0.00186824530828744 0.00187816796824336 0.00188637513201684 0.00187243265099823 0.00185390131082386 0.00179855653550476 0.00174653867725283 0.00170621869619936 0.0016533836023882 0.00157730677165091 0.00151150079909712
0.00203933380544186 0.0019856842700392 0.00192822504322976 0.00186871457844973 0.00182793661952019 0.00179248605854809 0.00175265816505998 0.00171288766432554 0.00168676814064384 0.00166018074378371 0.00163121288642287 0.00160790979862213 0.00159828492905945 0.0015996479196474 0.00161609577480704 0.00164998357649893 0.00169814028777182 0.00174094422254711 0.00178121286444366 0.00178964668884873 0.00179047405254096 0.00176967133302242 0.00174746150150895 0.00172639917582273 0.00171457033138722 0.00174138532020152 0.00176512205507606 0.00178236002102494 0.00179526209831238 0.00180286471731961 0.00182020466309041 0.00184463697951287 0.00185219617560506 0.00185276754200459 0.00184061285108328 0.00182595639489591 0.00181217899080366 0.00179598655086011 0.0017558850813657 0.00171410094480962 0.00166640023235232 0.00160321965813637 0.00151129125151783 0.00143669883254915
0.00199006893672049 0.00193718809168786 0.00188172026537359 0.00182485941331834 0.00177630130201578 0.00173010455910116 0.00170004169922322 0.00167188106570393 0.00165049196220934 0.00162789819296449 0.00159917713608593 0.00157592759933323 0.00156588980462402 0.001562993042171 0.00156990031246096 0.00159258011262864 0.00162816455122083 0.00167302077170461 0.00172226876020432 0.00174642109777778 0.00176457711495459 0.00175361498259008 0.00173982325941324 0.00171396334189922 0.00169822201132774 0.00172482768539339 0.0017556466627866 0.00179536023642868 0.00182417861651629 0.00183968083001673 0.00185358570888638 0.00186632724944502 0.00185712007805705 0.00183882319834083 0.00180546683259308 0.0017691501416266 0.00175601395312697 0.00174261932261288 0.00171831448096782 0.00168633053544909 0.00162734638433903 0.00155056919902563 0.00144074845593423 0.00135645177215338
0.00193296954967082 0.00187343219295144 0.00182174460496753 0.00177428405731916 0.00173230865038931 0.00169189320877194 0.00166745961178094 0.00164468388538808 0.00162249675486237 0.00159863254521042 0.00156623614020646 0.00154165865387768 0.00153596047312021 0.0015330605674535 0.00153400213457644 0.00155081925913692 0.00158062519039959 0.00162324530538172 0.00167193508241326 0.00171056983526796 0.00174680189229548 0.00176321889739484 0.00177570572122931 0.00175080203916878 0.00173518713563681 0.00175844668410718 0.00179498863872141 0.00185957073699683 0.00190763454884291 0.00193550938274711 0.00194730155635625 0.00194737955462188 0.00192553666420281 0.001894615823403 0.00185935921035707 0.00182325020432472 0.00180163094773889 0.00178004312328994 0.00175352185033262 0.00171261234208941 0.00162111385725439 0.00151215039659292 0.00137075281236321 0.00127180269919336
