Ecospace-environmental-drivers/Outputs/ASCII-for-ecospace/MOM6-ISIMIP3a/phyc/1998-04_phyc_MOM6-ISIMIP3a.asc
NCOLS 131 
NROWS 53 
XLLCORNER -98 
YLLCORNER 23.9265270233154 
CELLSIZE 0.133587792515755 
NODATA_value -9999 
[rows 19 to 37 of 53, columns 0 to 43 of 131]
-9999 -9999 -9999 -9999 -9999 -9999 -9999 -9999 0.00657260557636619 0.00692448113113642 0.0069505600258708 0.00701451674103737 0.00756150018423796 0.00838727597147226 0.00823771674185991 0.00791558995842934 0.00764336250722408 0.00740540307015181 0.00700204260647297 0.00653481390327215 0.00562279159203172 0.00463227648288012 0.00426251348108053 0.00393512519076467 0.00384758971631527 0.00376706966198981 0.0037092964630574 0.00364499259740114 0.00356929213739932 0.00350629957392812 0.00345638301223516 0.00342989666387439 0.00341768399812281 0.00342901423573494 0.00344819179736078 0.00350874848663807 0.00357536086812615 0.00368876405991614 0.00378842209465802 0.0038005446549505 0.00379281910136342 0.0037298402749002 0.00367717887274921 0.00364046194590628
-9999 -9999 -9999 -9999 -9999 -9999 -9999 -9999 0.00624840054661036 0.00654493505135179 0.00692448113113642 0.00691268173977733 0.00701451674103737 0.00728270784020424 0.00725301215425134 0.00687960209324956 0.00652945740148425 0.00619529047980905 0.00572066986933351 0.0051918150857091 0.00455834856256843 0.00390642182901502 0.00367410387843847 0.00346767599694431 0.00340042915195227 0.00333460164256394 0.00327337696217 0.00320227444171906 0.00311393407173455 0.00302965799346566 0.0029495635535568 0.00288642616942525 0.00283361854963005 0.0028039098251611 0.00278190057724714 0.00279786996543407 0.00281945685856044 0.00289226579479873 0.00295696454122663 0.00297001400031149 0.00296951946802437 0.00293132150545716 0.00289699761196971 0.00286866119131446
-9999 -9999 -9999 -9999 -9999 -9999 0.00569011131301522 0.00576352700591087 0.00594701338559389 0.00624840054661036 0.0064619230106473 0.00692448113113642 0.00679904734715819 0.00642541609704494 0.00602212501689792 0.00558461062610149 0.00513706961646676 0.00468264240771532 0.00430896924808621 0.00396647863090038 0.00368482922203839 0.00341391703113914 0.00325833912938833 0.00311473244801164 0.00304983858950436 0.00298442761413753 0.00291734049096704 0.00284099974669516 0.00274851056747139 0.00264945020899177 0.00254362798295915 0.00244524166919291 0.0023513853084296 0.00227739219553769 0.00221001985482872 0.0021767660509795 0.00214862008579075 0.00217503868043423 0.00220019952394068 0.00221735099330544 0.00222937995567918 0.00222714897245169 0.00222293054684997 0.00221564061939716
-9999 -9999 -9999 -9999 -9999 -9999 0.00567666022107005 0.00569011131301522 0.00583694316446781 0.00601259805262089 0.00624840054661036 0.00621288781985641 0.00606386363506317 0.00569023285061121 0.00533006293699145 0.00498542608693242 0.00464590732008219 0.00430990336462855 0.00402842834591866 0.00376800890080631 0.00354972458444536 0.00333887594752014 0.00318311364389956 0.00303584430366755 0.00294929533265531 0.00286336080171168 0.00277941767126322 0.00269291712902486 0.00260195299051702 0.00250684889033437 0.00240748492069542 0.00231395778246224 0.00222398643381894 0.00214436813257635 0.00206820084713399 0.00201309425756335 0.00196130643598735 0.00196622870862484 0.00197256449609995 0.00198790174908936 0.00199960195459425 0.0020011777523905 0.0020000459626317 0.00199472927488387
-9999 -9999 -9999 -9999 0.00634831888601184 0.0058757271617651 0.00566703779622912 0.00567283155396581 0.00569011131301522 0.00598377455025911 0.00612810673192143 0.00570086482912302 0.00530661130324006 0.00497763184830546 0.00468754023313522 0.00444231973960996 0.00422120932489634 0.00401665642857552 0.00382332922890782 0.0036343359388411 0.00345923728309572 0.00328659056685865 0.00312880193814635 0.00297662033699453 0.0028684507124126 0.00276208994910121 0.00266159395687282 0.00256538204848766 0.00247664633207023 0.00238681538030505 0.00229585776105523 0.00221030041575432 0.00212803296744823 0.00204661418683827 0.00196547829546034 0.00189210963435471 0.00182023947127163 0.00180741015356034 0.00179801846388727 0.00181051844265312 0.00182030559517443 0.00182254100218415 0.00182183412835002 0.00181658018846065
-9999 -9999 -9999 -9999 0.00743440585210919 0.00641610473394394 0.00608441699296236 0.00566703779622912 0.00566134508699179 0.00558889098465443 0.00546891801059246 0.00516706006601453 0.00484492536634207 0.00448266929015517 0.00417849188670516 0.0039413277991116 0.00374924717471004 0.00358812743797898 0.00342721748165786 0.00326638808473945 0.00316765252500772 0.00307987444102764 0.00298731541261077 0.00289399898611009 0.00279524619691074 0.00269664917141199 0.00259855855256319 0.00250628800131381 0.00242417491972446 0.00233755609951913 0.00224630115553737 0.00216913293115795 0.00210054614581168 0.00203135912306607 0.00196197209879756 0.00189485237933695 0.00182852044235915 0.00182812416460365 0.00182782229967415 0.00182812195271254 0.00182617036625743 0.00181795167736709 0.00180804752744734 0.00179553858470172
-9999 -9999 -9999 -9999 -9999 0.00743440585210919 0.00647855829447508 0.0065017961896956 0.00556883215904236 0.00520733697339892 0.00488172797486186 0.00469347555190325 0.00443922448903322 0.00405438058078289 0.00373719143681228 0.00349806598387659 0.00332107790745795 0.0031867625657469 0.00305280461907387 0.00291898450814188 0.00288306595757604 0.00286442367359996 0.00282963062636554 0.00278979656286538 0.00271090399473906 0.00262845656834543 0.00253448379226029 0.00244623213075101 0.00236796424724162 0.00228368141688406 0.00219320948235691 0.00212474074214697 0.00206967582926154 0.00201360648497939 0.00195720233023167 0.00189501664135605 0.00183255330193788 0.00184253754559904 0.00184966681990772 0.00183861434925348 0.00182642089203 0.00181105104275048 0.00179445173125714 0.00177595228888094
-9999 -9999 -9999 -9999 -9999 0.0075159571133554 0.00743440585210919 0.0063109933398664 0.0051968083716929 0.00488422717899084 0.00461023487150669 0.00448394427075982 0.00427900301292539 0.00391843495890498 0.00359294679947197 0.00330793461762369 0.00308492872864008 0.00290450523607433 0.00277353567071259 0.00266166217625141 0.00262916460633278 0.00261067436076701 0.00260092155076563 0.00259096594527364 0.0025777262635529 0.0025481975171715 0.00246585253626108 0.00238195760175586 0.00229535764083266 0.00220956956036389 0.00212461710907519 0.00206620851531625 0.00202397024258971 0.00198490242473781 0.00194689130876213 0.00188387534581125 0.00181795959360898 0.00182932487223297 0.00183661177288741 0.0018179266480729 0.00180205516517162 0.00179401598870754 0.00178169226273894 0.00176274718251079
-9999 -9999 0.00772909261286259 0.00769607350230217 0.00765163172036409 0.00759760523214936 0.00751586072146893 0.00627961661666632 0.00506531726568937 0.00482094427570701 0.00459565781056881 0.00444342475384474 0.00420843856409192 0.00380970677360892 0.00344304530881345 0.00311338808387518 0.00285504688508809 0.00264568137936294 0.00251775281503797 0.00242127012461424 0.00238838000223041 0.00236671208404005 0.00237499549984932 0.00238672504201531 0.0024217062164098 0.00243350095115602 0.00237011653371155 0.00229973252862692 0.00221713399514556 0.00213595945388079 0.00205625034868717 0.00200323853641748 0.00196649064309895 0.00194146169815212 0.00192033918574452 0.00185993709601462 0.00179463112726808 0.00180225085932761 0.00180612853728235 0.00178617495112121 0.00177116971462965 0.00176993967033923 0.00176245835609734 0.00174531619995832
-9999.000000000000000 -9999 -9999 -9999 0.00783898402005434 0.00770565774291754 0.00775545556098223 0.00659608328714967 0.00545863201841712 0.0053245653398335 0.00514163356274366 0.00477166613563895 0.00433349329978228 0.00376036134548485 0.0032808012329042 0.00290920841507614 0.00263883988372982 0.00243798620067537 0.00231321272440255 0.0022178168874234 0.00217621400952339 0.0021441038697958 0.00215514120645821 0.00217067892663181 0.00221584690734744 0.002243667608127 0.0022152413148433 0.0021783416159451 0.00212665507569909 0.00206344458274543 0.00198837625794113 0.00193058582954109 0.00188332085963339 0.0018658674089238 0.00185835105367005 0.00180807802826166 0.00175224477425218 0.00174493389204144 0.00173761951737106 0.00173028302378953 0.00172605912666768 0.0017305004876107 0.00172909814864397 0.00171866500750184
-9999 -9999 -9999 -9999 0.00810914114117622 0.00821368861943483 0.00809705536812544 0.00705802347511053 0.00603868532925844 0.00581962009891868 0.00550827709957957 0.004843735601753 0.00418240530416369 0.00352742872200906 0.00301577430218458 0.00266949110664427 0.0024258375633508 0.00225266464985907 0.00214123073965311 0.00205363682471216 0.00200945581309497 0.00197293586097658 0.00197912519797683 0.00199029035866261 0.00203512865118682 0.00206942739896476 0.0020695524290204 0.00205966224893928 0.00203229510225356 0.00198617368005216 0.00192075443919748 0.00186316936742514 0.00181035662535578 0.00179374485742301 0.00178920000325888 0.0017545644659549 0.00171597045846283 0.00170522788539529 0.00169623701367527 0.00169840245507658 0.00170248292852193 0.00171189452521503 0.00171680562198162 0.00171476136893034
-9999 -9999 -9999 -9999 0.00831088237464428 0.0084080770611763 0.0085280891507864 0.00770298065617681 0.00685367127880454 0.00630389805883169 0.00564930727705359 0.00459352042526007 0.00368390697985888 0.00306352903135121 0.00262143858708441 0.00238506426103413 0.00221686740405858 0.00209549115970731 0.00201020948588848 0.00193886552006006 0.00189982471056283 0.00186648441012949 0.00185826129745692 0.00185476150363684 0.00188603973947465 0.00191480468492955 0.00193542055785656 0.00194439466577023 0.00193305278662592 0.00190291937906295 0.00185344973579049 0.00180234026629478 0.00175023183692247 0.00172599020879716 0.00171103735920042 0.00169896951410919 0.00168738584034145 0.00168767792638391 0.0016889818944037 0.00169673026539385 0.0017059986712411 0.00171949865762144 0.00173101795371622 0.00173947599250823
-9999 -9999 -9999 -9999 0.0084080770611763 0.00855335220694542 0.00872389134019613 0.00804211385548115 0.00730558065697551 0.00634772796183825 0.0053468644618988 0.00418137479573488 0.00324631459079683 0.00276720989495516 0.00242934748530388 0.00225445674732327 0.00212186155840755 0.00201831292361021 0.00194110500160605 0.00187406793702394 0.00183442851994187 0.00179962394759059 0.00178259029053152 0.00176968402229249 0.0017879301449284 0.00180807826109231 0.00183439336251467 0.00184998929034919 0.00184687913861126 0.00182765594217926 0.00179185252636671 0.00175067456439137 0.0017062226543203 0.00168586638756096 0.00167354196310043 0.00167559669353068 0.00167964352294803 0.00168436020612717 0.00168997666332871 0.00170132238417864 0.00171653914730996 0.00174253166187555 0.00176716793794185 0.00178970827255398
-9999 -9999 -9999 -9999 0.00856177322566509 0.00872389134019613 0.0081082284450531 0.00815187487751245 0.00748517969623208 0.00606121681630611 0.00471181143075228 0.00364777911454439 0.00285440287552774 0.00259657786227763 0.0023889415897429 0.0022392151877284 0.00211233063600957 0.00200113235041499 0.00191843847278506 0.00184675108175725 0.00180220906622708 0.00176245730835944 0.00174081441946328 0.00172244559507817 0.00172805576585233 0.00173727481160313 0.00175819511059672 0.00177123094908893 0.00177050731144845 0.00175838568247855 0.00173453590832651 0.00170588167384267 0.00167430052533746 0.00166646612342447 0.00166654738131911 0.00167639052961022 0.00168753298930824 0.00169171683955938 0.00169715890660882 0.00171061302535236 0.00173234834801406 0.00177713634911925 0.00181977136526257 0.00185907923150808
-9999 -9999 -9999 -9999 0.00872389134019613 0.00793280731886625 0.00769685441628098 0.00751503324136138 0.00740711484104395 0.00576772401109338 0.00429016863927245 0.0034320515114814 0.00279041449539363 0.00257713021710515 0.00238737696781754 0.00222477526403964 0.00209047924727201 0.00197562202811241 0.00189242849592119 0.00182146159932017 0.00177713634911925 0.00173751264810562 0.00171535310801119 0.00169564713723958 0.00169320043642074 0.00169417238794267 0.00170622894074768 0.00171391968615353 0.00171399186365306 0.00170766178052872 0.00169474387075752 0.0016781446756795 0.00165930273942649 0.00166524399537593 0.00167944631539285 0.00169242068659514 0.00170514220371842 0.00170632312074304 0.00170837482437491 0.00171597162261605 0.00173621298745275 0.00179165357258171 0.00184409634675831 0.00189190614037216
-9999 -9999 -9999 -9999 -9999 0.00723097054287791 0.00720225600525737 0.00742365512996912 0.0072186216711998 0.00547123840078712 0.00395998870953918 0.00335255498066545 0.00286696688272059 0.00262247654609382 0.00240245880559087 0.00221067853271961 0.00206334749236703 0.00194654159713537 0.00186498567927629 0.00179704092442989 0.00175512675195932 0.0017178060952574 0.00169688381720334 0.00167760869953781 0.00166906765662134 0.00166294211521745 0.00166464794892818 0.00166580022778362 0.00166598649229854 0.00166488636750728 0.0016624623676762 0.00165771739557385 0.00165155832655728 0.00167181261349469 0.00170087139122188 0.00171498069539666 0.00172691722400486 0.00172403641045094 0.00172131939325482 0.00171964487526566 0.00173495826311409 0.00179756176657975 0.00185630179475993 0.00190907099749893
-9999 -9999 -9999 -9999 -9999 0.00666573690250516 0.0067938007414341 0.0066680796444416 0.00658796075731516 0.00506776291877031 0.00376986130140722 0.00332281389273703 0.00293176388368011 0.00265151727944613 0.00240649934858084 0.00220213015563786 0.00205150642432272 0.00193779228720814 0.00185790460091084 0.00179107871372253 0.00174979923758656 0.00171302806120366 0.0016911030979827 0.0016705539310351 0.00165876070968807 0.00164854759350419 0.00164345814846456 0.00164087186567485 0.00164265430066735 0.00164784397929907 0.00165653973817825 0.00166457379236817 0.00167220470029861 0.00170306500513107 0.0017416684422642 0.00174360477831215 0.00174034619703889 0.00171942170709372 0.00170101935509592 0.00169867870863527 0.00170959183014929 0.00175740011036396 0.00180590793024749 0.00185549689922482
-9999 -9999 -9999 -9999 -9999 0.00596813764423132 0.0060011544264853 0.00628966698423028 0.00586581556126475 0.00464215129613876 0.00360871106386185 0.00330336694605649 0.00299412850290537 0.00267718406394124 0.00240825535729527 0.00219472963362932 0.00204282905906439 0.00193324941210449 0.00185503647662699 0.00178893550764769 0.00174792343750596 0.00171133864205331 0.00168794766068459 0.00166577170602977 0.00165131432004273 0.00163763656746596 0.00162648723926395 0.00162074191030115 0.00162442680448294 0.00163612572941929 0.00165607058443129 0.00167707516811788 0.001698725274764 0.00173942465335131 0.00178647367283702 0.00177348358556628 0.00175204838160425 0.00171018729452044 0.00167384103406221 0.00167261471506208 0.00167923665139824 0.00170770660042763 0.00174256227910519 0.00178728683385998
-9999 -9999 -9999 -9999 -9999 -9999 0.00510945776477456 0.00504571665078402 0.00497328396886587 0.00417684344574809 0.00349494814872742 0.00325148529373109 0.00298269791528583 0.00266380072571337 0.00239611533470452 0.00218752003274858 0.00204037316143513 0.00193542521446943 0.00185836327727884 0.00179206894244999 0.00174827431328595 0.00170845037791878 0.00168433086946607 0.00166141299996525 0.00164564384613186 0.00163110089488328 0.00162053434178233 0.0016170566668734 0.00162594963330775 0.00164703605696559 0.00168066937476397 0.00170572544448078 0.00172555632889271 0.00174871378112584 0.00177297985646874 0.00174690270796418 0.00171387568116188 0.00168195704463869 0.00165473623201251 0.00165743299294263 0.00165641272906214 0.00164504523854703 0.00165158743038774 0.00168580794706941
