Ecospace-environmental-drivers/Outputs/ASCII-for-ecospace/MOM6-ISIMIP3a/phyc/1998-06_phyc_MOM6-ISIMIP3a.asc
NCOLS 131 
NROWS 53 
XLLCORNER -98 
YLLCORNER 23.9265270233154 
CELLSIZE 0.133587792515755 
NODATA_value -9999 
[rows 19 to 37 of 53, columns 86 to 128 of 131]
0.00401184288784862 0.00392824644222856 0.00366188329644501 0.00341931194998324 0.00319213536567986 0.00304610095918179 0.0029292143881321 0.00273729395121336 0.00253359158523381 0.00217349757440388 0.00182175892405212 0.0015386079903692 0.00130972126498818 0.0012436235556379 0.00124585337471217 0.00136024109087884 0.00167295301798731 0.0021783986594528 0.00319539615884423 0.00450552441179752 0.00648393947631121 0.0086684562265873 0.00982165616005659 0.0108232581987977 0.0105534726753831 0.010310229845345 0.0102173872292042 0.010147419758141 0.0101366927847266 -9999 -9999 -9999 -9999 -9999 -9999 -9999 -9999 -9999 -9999 -9999 -9999 -9999 -9999
0.00359063502401114 0.00358158024027944 0.00342780305072665 0.00325599731877446 0.00307252584025264 0.00294519821181893 0.00283803790807724 0.002730653854087 0.00262323464266956 0.00239610904827714 0.00215863296762109 0.00185249780770391 0.00156832940410823 0.00135006033815444 0.00121273205149919 0.00120826635975391 0.0013880847254768 0.00174699258059263 0.00261075864546001 0.00376381911337376 0.00572442961856723 0.00793409068137407 0.00940498244017363 0.0107572861015797 0.0107426140457392 0.0106867542490363 0.0103975050151348 0.0101896664127707 0.0101926559582353 -9999 -9999 -9999 -9999 -9999 -9999 -9999 -9999 -9999 -9999 -9999 -9999 -9999 -9999
0.00322652305476367 0.00326557620428503 0.00320223113521934 0.00309357629157603 0.00295560364611447 0.00285280751995742 0.00276264711283147 0.00272141047753394 0.00268785562366247 0.00262182182632387 0.00252703693695366 0.00222592754289508 0.00190378318075091 0.00151853496208787 0.00122957292478532 0.00109866249840707 0.00112998578697443 0.0013189697638154 0.00198836624622345 0.00293304957449436 0.00486116809770465 0.00709258066490293 0.0089279729872942 0.010682919062674 0.0109346313402057 0.0110749593004584 0.0105841364711523 0.0102247428148985 -9999 -9999 -9999 -9999 -9999 -9999 -9999 -9999 -9999 -9999 -9999 -9999 -9999 -9999 -9999
0.00302312709391117 0.00306768366135657 0.00304169021546841 0.00296998303383589 0.00286869681440294 0.00278915744274855 0.00271743000485003 0.00268282135948539 0.00265404116362333 0.00263530272059143 0.00259915878996253 0.0024365670979023 0.0022229291498661 0.00185615662485361 0.00152919290121645 0.00126757426187396 0.00115162704605609 0.00117724493611604 0.00153036904521286 0.00207116105593741 0.00340459402650595 0.00498247984796762 0.00669321417808533 0.00840022228658199 0.00920930691063404 0.00991525501012802 0.0100367870181799 0.0101243378594518 0.0101238917559385 0.00949022360146046 -9999 -9999 -9999 -9999 -9999 -9999 -9999 -9999 -9999 -9999 -9999 -9999 -9999
0.00283889449201524 0.0028854024130851 0.00289096427150071 0.0028528633993119 0.00278651108965278 0.00272936839610338 0.00267553422600031 0.00264294934459031 0.00261370139196515 0.00263053481467068 0.0026430890429765 0.00262228632345796 0.00252461479976773 0.00219634152017534 0.00184691057074815 0.00146274943836033 0.00120619067456573 0.00107363751158118 0.00111121137160808 0.00124627142213285 0.00195376365445554 0.0028377955313772 0.0043556266464293 0.00594393443316221 0.00727769546210766 0.00852681417018175 0.00929631479084492 0.00947879161685705 0.00814106781035662 0.00850111618638039 0.00820597540587187 -9999 -9999 -9999 -9999 -9999 -9999 -9999 -9999 -9999 -9999 -9999 -9999
0.00276687182486057 0.00281079858541489 0.00281964405439794 0.00279327784664929 0.00274412822909653 0.00269680540077388 0.00265013868920505 0.00261915614828467 0.00259063625708222 0.00259404932148755 0.00259791989810765 0.00260344007983804 0.00255888537503779 0.00236410880461335 0.00210430333390832 0.00173775409348309 0.0014489118475467 0.00123558635823429 0.00112427026033401 0.00107140792533755 0.00135085254441947 0.0017327816458419 0.00255251489579678 0.00342643796466291 0.00437597138807178 0.00532886665314436 0.00630081538110971 0.00705350516363978 0.00723838759586215 0.00662658829241991 0.0061867912299931 -9999 -9999 -9999 -9999 -9999 -9999 -9999 -9999 -9999 -9999 -9999 -9999
0.002690683118999 0.00273632118478417 0.00275048520416021 0.00273578893393278 0.00270241824910045 0.00266434531658888 0.00262458296492696 0.00259542209096253 0.00256792549043894 0.00256039923988283 0.0025570304132998 0.00258270394988358 0.00258257961831987 0.00250506331212819 0.00233056698925793 0.00199688016436994 0.00169032823760062 0.00141014601103961 0.00117035198491067 0.000953701266553253 0.00086863141041249 0.000824141490738839 0.00104571413248777 0.00130632857326418 0.0018918284913525 0.00255257473327219 0.0036396998912096 0.0044406084343791 0.00450030900537968 0.00508375838398933 -9999 -9999 -9999 -9999 -9999 -9999 -9999 -9999 -9999 -9999 -9999 -9999 -9999
0.00259622698649764 0.00266239931806922 0.00269080325961113 0.00268749194219708 0.00266365939751267 0.00263233738951385 0.00259832479059696 0.00257194694131613 0.00254676770418882 0.00253918138332665 0.00253490707837045 0.00255368207581341 0.00255990074947476 0.0025284516159445 0.00242033880203962 0.00218638381920755 0.00192602339666337 0.00164000142831355 0.00136122945696115 0.00108661188278347 0.000915602198801935 0.000776545493863523 0.000838154111988842 0.000928649387788028 0.00123866298235953 0.00162512355018407 0.00244476599618793 0.00325930630788207 0.00406063394621015 0.00453570252284408 -9999 -9999 -9999 -9999 -9999 -9999 -9999 -9999 -9999 -9999 -9999 -9999 -9999
0.00249619875103235 0.00257805758155882 0.002622005995363 0.00263098068535328 0.00261732609942555 0.0025928639806807 0.00256451964378357 0.00254139909520745 0.00251909904181957 0.00251391204074025 0.00251129455864429 0.00252637593075633 0.00253810989670455 0.00253980257548392 0.00248510087840259 0.00233782967552543 0.00212355959229171 0.0018441790016368 0.00154211965855211 0.00122706475667655 0.00098688411526382 0.000769794976804405 0.000708363484591246 0.000668884837068617 0.000778921996243298 0.000960040022619069 0.00154393282718956 0.00230658636428416 0.00353217264637351 0.00413962872698903 -9999 -9999 -9999 -9999 -9999 -9999 -9999 -9999 -9999 -9999 -9999 -9999 -9999
0.00238401303067803 0.00247098132967949 0.00253332080319524 0.00255654752254486 0.00255446648225188 0.00253710243850946 0.00251424848102033 0.00249542039819062 0.00247722445055842 0.00247980351559818 0.0024844326544553 0.00250281393527985 0.00251825782470405 0.00252488953992724 0.00249529560096562 0.0024062383454293 0.00223783822730184 0.00199233158491552 0.00170121935661882 0.00138397386763245 0.00111120950896293 0.000852163066156209 0.000748254358768463 0.000666392792481929 0.000741205003578216 0.000867404218297452 0.00128478452097625 0.00185259967111051 0.00280999206006527 0.00345015898346901 -9999 -9999 -9999 -9999 -9999 -9999 -9999 -9999 -9999 -9999 -9999 -9999 -9999
0.00223883730359375 0.00233743386343122 0.00241480162367225 0.00244956999085844 0.00245677470229566 0.00244199438020587 0.00241931644268334 0.00240861484780908 0.00239979359321296 0.00241909129545093 0.00243990635499358 0.00247023697011173 0.00249598314985633 0.00250797672197223 0.00249702576547861 0.00244841235689819 0.00231741741299629 0.00210636272095144 0.0018295175395906 0.00151497300248593 0.00122170126996934 0.000934990239329636 0.000792954117059708 0.000671772693749517 0.000710140855517238 0.000784793053753674 0.00106504582799971 0.00146339787170291 0.00216758856549859 0.00266158604063094 0.0028495192527771 -9999 -9999 -9999 -9999 -9999 -9999 -9999 -9999 -9999 -9999 -9999 -9999
0.00205215718597174 0.00217058323323727 0.00225874851457775 0.00230164942331612 0.00231526186689734 0.00229738536290824 0.00226819748058915 0.00227044569328427 0.00227762991562486 0.00232490967027843 0.00237315683625638 0.00242631859146059 0.00247066142037511 0.00248854770325124 0.00248810648918152 0.00245758099481463 0.00235334155149758 0.00217746593989432 0.00191906502004713 0.00161337514873594 0.00131478952243924 0.00101839483249933 0.000843703805003315 0.000687056046444923 0.000687446619849652 0.000714793626684695 0.000894887547474355 0.00115570076741278 0.00162555102724582 0.00212877057492733 0.002680579200387 0.00293677300214767 -9999 -9999 -9999 -9999 -9999 -9999 -9999 -9999 -9999 -9999 -9999
0.00178354035597295 0.00189935474190861 0.00198671873658895 0.00203617289662361 0.00206109811551869 0.00204860884696245 0.00202267989516258 0.00205580447800457 0.00209820154123008 0.00219040247611701 0.00228161993436515 0.00236312998458743 0.00243206019513309 0.00246325135231018 0.00247595109976828 0.00245829741470516 0.00237460876815021 0.00222674640826881 0.00198446726426482 0.00168808491434902 0.00139000779017806 0.0010914079612121 0.000893009884748608 0.000709931249730289 0.000677326170261949 0.00066628004424274 0.00077739596599713 0.000950731220655143 0.0012851944193244 0.00177812040783465 0.00250178528949618 0.00281970086507499 0.00278597441501915 0.00277043436653912 -9999 -9999 -9999 -9999 -9999 -9999 -9999 -9999 -9999
0.00145346997305751 0.00154984171967953 0.00162770482711494 0.00168252864386886 0.00172244512941688 0.00172170589212328 0.00170636258553714 0.00178380846045911 0.00187582394573838 0.00202565127983689 0.00217149243690073 0.00228548864834011 0.00238349917344749 0.00243355426937342 0.00246136845089495 0.00245267478749156 0.00238488311879337 0.00225965958088636 0.00203176005743444 0.00174502516165376 0.00145182339474559 0.0011566273169592 0.000941233185585588 0.000738500384613872 0.000676636293064803 0.000633881019894034 0.000699404918123037 0.000822808244265616 0.00109610054641962 0.00156409631017596 0.00231560110114515 0.00269603938795626 0.00275489431805909 -9999 -9999 -9999 -9999 -9999 -9999 -9999 -9999 -9999 -9999
0.00119001406710595 0.00125077099073678 0.001302310382016 0.00134573550894856 0.00138391042128205 0.00139724649488926 0.00140166003257036 0.00151092652231455 0.00163665693253279 0.0018322947435081 0.00202261656522751 0.00217084167525172 0.00230206176638603 0.00238226912915707 0.00243397848680615 0.0024389096070081 0.00238757836632431 0.00228157080709934 0.00206636474467814 0.00178858579602093 0.00149310322012752 0.00119216088205576 0.000968944455962628 0.000757986039388925 0.000680860655847937 0.000620577076915652 0.000655726413242519 0.00074303534347564 0.00096542073879391 0.00141618808265775 0.00219950429163873 0.00351667404174805 0.00529650691896677 0.00480731856077909 0.00589401228353381 -9999 -9999 -9999 -9999 -9999 -9999 -9999 -9999
0.000955107621848583 0.000973318819887936 0.000991324428468943 0.00101616431493312 0.00104542635381222 0.00107383436989039 0.00110193539876491 0.00123766507022083 0.0013902944047004 0.00162667874246836 0.00185713393148035 0.00204033474437892 0.00220653438009322 0.0023217317648232 0.00240109977312386 0.00242165476083755 0.00238702539354563 0.00229876697994769 0.0020955316722393 0.00182641216088086 0.0015255818143487 0.00121497188229114 0.000987864681519568 0.000773578707594424 0.000687191262841225 0.000615456898231059 0.00062675355002284 0.000683898513671011 0.000859775871504098 0.00129661581013352 0.00211344542913139 0.00346635608002543 0.00528386048972607 0.00589401228353381 0.0075749377720058 0.00949219707399607 -9999 -9999 -9999 -9999 -9999 -9999 -9999
0.000845148169901222 0.000850724580232054 0.00085796118946746 0.000872010888997465 0.000890468945726752 0.000914115167688578 0.000939625082537532 0.00104924896731973 0.00117208040319383 0.0014095229562372 0.00164628797210753 0.00187219027429819 0.00208118185400963 0.00223944336175919 0.00235334341414273 0.00239442568272352 0.00237666023895144 0.00230170600116253 0.00211240607313812 0.00185758306179196 0.00154782459139824 0.00122112384997308 0.000991218374110758 0.0007758112042211 0.000692051893565804 0.000620253733359277 0.000616232398897409 0.000650374684482813 0.000783348281402141 0.00115408073179424 0.00187101564370096 0.00326422369107604 0.00524352258071303 0.00733860349282622 0.00949219707399607 0.00964151602238417 -9999 -9999 -9999 -9999 -9999 -9999 -9999
0.000761040428187698 0.000760170631110668 0.000761348230298609 0.00076622050255537 0.000773483363445848 0.00078826432581991 0.000805745890829712 0.000878387596458197 0.000959690543822944 0.00118997949175537 0.00142605637665838 0.00169625831767917 0.00194965850096196 0.00215265457518399 0.00230250903405249 0.0023651325609535 0.0023642648011446 0.00230169552378356 0.00212673703208566 0.00188737688586116 0.00156794942449778 0.0012238291092217 0.000991351320408285 0.000775279477238655 0.000696608447469771 0.000627102388534695 0.000609528971835971 0.000622150197159499 0.000712965789716691 0.00100679451134056 0.00159623252693564 0.00303068081848323 0.00519745517522097 0.00734948553144932 0.00949406437575817 0.00993828661739826 -9999 -9999 -9999 -9999 -9999 -9999 -9999
0.000736568763386458 0.000736461079213768 0.000737586815375835 0.000740858726203442 0.000745519297197461 0.00075472320895642 0.000765559088904411 0.0008082429994829 0.000855927588418126 0.00102669699117541 0.00121341424528509 0.00150911102537066 0.00179473252501339 0.00205012899823487 0.0022420973982662 0.00232995045371354 0.00234590983018279 0.00229200208559632 0.00213130097836256 0.00190940522588789 0.00158249109517783 0.00122318894136697 0.000985470251180232 0.000765650125686079 0.000696914561558515 0.000634906871709973 0.000611022231169045 0.000610442599281669 0.00067021552240476 0.000882542924955487 0.00131700607016683 0.00245631672441959 0.00420648138970137 0.00626875041052699 0.00848874449729919 0.00895797461271286 -9999 -9999 -9999 -9999 -9999 -9999 -9999
