Ecospace-environmental-drivers/Outputs/ASCII-for-ecospace/MOM6-ISIMIP3a/phyc/1998-02_phyc_MOM6-ISIMIP3a.asc
NCOLS 131 
NROWS 53 
XLLCORNER -98 
YLLCORNER 23.9265270233154 
CELLSIZE 0.133587792515755 
NODATA_value -9999 
[rows 19 to 37 of 53, columns 44 to 87 of 131]
0.00470514502376318 0.00502788089215755 0.00533049646764994 0.00562227750197053 0.00590474484488368 0.00618456350639462 0.00640466157346964 0.00661542033776641 0.00673907762393355 0.00686607742682099 0.00701008038595319 0.00714209862053394 0.00724517880007625 0.00737016135826707 0.00752521259710193 0.00786212924867868 0.00834784284234047 0.00853165611624718 0.00857246480882168 0.00880018528550863 0.00907256547361612 0.00938822701573372 0.00968622602522373 0.0096838790923357 0.00952530279755592 0.00871289521455765 0.00782849919050932 0.00679213088005781 0.00577205093577504 0.00477187847718596 0.00401257630437613 0.00342871923930943 0.00307638105005026 0.00281992321833968 0.00272289663553238 0.00265721045434475 0.00266223074868321 0.00268155499361455 0.00281502795405686 0.00292885373346508 0.00297359772957861 0.00301149417646229 0.00303667387925088 0.00305101089179516
0.00395660055801272 0.00422664638608694 0.00455853948369622 0.00492373434826732 0.00524174608290195 0.00554633932188153 0.00579737359657884 0.0060403598472476 0.00621406640857458 0.00638715783134103 0.00655712280422449 0.00669991178438067 0.00677708396688104 0.00691550876945257 0.00713802641257644 0.00743186427280307 0.00778405508026481 0.00783545896410942 0.00774438632652164 0.00780020607635379 0.00789112318307161 0.00804993603378534 0.00820266548544168 0.00819896999746561 0.00805044081062078 0.00729576731100678 0.00646421732380986 0.00547037553042173 0.00457176007330418 0.0037895308341831 0.00324194389395416 0.00286526698619127 0.00266461330465972 0.00253685656934977 0.00252066692337394 0.00252640852704644 0.00257540331222117 0.00263479514978826 0.00278010591864586 0.0029017839115113 0.00294036907143891 0.0029741614125669 0.00299905310384929 0.00301664136350155
0.00314322113990784 0.00334394071251154 0.00372000364586711 0.00419048126786947 0.00456884643062949 0.00492101442068815 0.00522089656442404 0.00551295047625899 0.00573816103860736 0.00595831824466586 0.00615277420729399 0.00630590319633484 0.00635924469679594 0.00651490595191717 0.00681103859096766 0.00704895239323378 0.0072392332367599 0.00714764650911093 0.00692254537716508 0.00681334733963013 0.00673184217885137 0.00666292244568467 0.00660317856818438 0.00666441209614277 0.00657542934641242 0.00585777498781681 0.00506665837019682 0.004120456520468 0.00337560568004847 0.0028768468182534 0.0025779043789953 0.00242450530640781 0.00236783851869404 0.00235123210586607 0.00239578285254538 0.00245235580950975 0.00253133662045002 0.0026171759236604 0.00276190391741693 0.00288116047158837 0.00291085802018642 0.0029397311154753 0.00296707241795957 0.00298938970081508
0.00299332872964442 0.00308887078426778 0.00339518534019589 0.00381499202921987 0.00421748124063015 0.00461504608392715 0.00491752242669463 0.00520758284255862 0.00542520079761744 0.00563988415524364 0.00583963934332132 0.00601851427927613 0.00614697113633156 0.00630381936207414 0.00649964436888695 0.00662281876429915 0.00668655196204782 0.00638395780697465 0.00590784195810556 0.00563934026286006 0.00542044406756759 0.00522658554837108 0.00504367798566818 0.00499513279646635 0.00485616596415639 0.00433877808973193 0.00380656612105668 0.0032430593855679 0.00280689331702888 0.0025263640563935 0.00236943084746599 0.00230252323672175 0.00229635345749557 0.00231533753685653 0.00237938412465155 0.00245228898711503 0.00253597227856517 0.00262157618999481 0.00272204447537661 0.00280636153183877 0.00283389072865248 0.00286638527177274 0.00290810177102685 0.00294566317461431
0.00290275900624692 0.00289443088695407 0.00311724026687443 0.00346450740471482 0.00387428374961019 0.0043018376454711 0.0046015833504498 0.00488541135564446 0.00509269256144762 0.00529901636764407 0.00550046935677528 0.00570414774119854 0.00591319939121604 0.00606721127405763 0.00614566169679165 0.00614891573786736 0.00609064614400268 0.0055858469568193 0.00486953742802143 0.0044563002884388 0.00411547720432281 0.00381893152371049 0.00353404646739364 0.00337460380978882 0.00318671111017466 0.00287975370883942 0.00261588348075747 0.00244297366589308 0.00231348490342498 0.00223706499673426 0.00220801844261587 0.00221347785554826 0.00224843015894294 0.0022955967579037 0.00237360992468894 0.00245768669992685 0.00254188268445432 0.00262331706471741 0.00267773191444576 0.00272600026801229 0.00275265658274293 0.00279012741521001 0.00284768245182931 0.00290188728831708
0.00294885877519846 0.00290374248288572 0.00296064955182374 0.00307249184697866 0.00325770024210215 0.00346377375535667 0.00373162468895316 0.00400410266593099 0.00423077773302794 0.00444782618433237 0.00461590429767966 0.00480927806347609 0.00506373029202223 0.00516890129074454 0.0050691282376647 0.00494163343682885 0.00479145674034953 0.00431605707854033 0.00368660618551075 0.0033617727458477 0.00310972216539085 0.00294718891382217 0.00279655028134584 0.00272952811792493 0.00264919735491276 0.002513169310987 0.00239603989757597 0.00231880671344697 0.00226620677858591 0.00224371370859444 0.00224487762898207 0.00226327264681458 0.0023033251054585 0.00235234689898789 0.00240544090047479 0.00245933560654521 0.0025070090778172 0.00255322316661477 0.00258743157610297 0.0026226204354316 0.00266125681810081 0.00271521415561438 0.00279762432910502 0.00287821143865585
0.0029874867759645 0.00291025475598872 0.00282975379377604 0.00274749239906669 0.0027347335126251 0.00274174148216844 0.00295543274842203 0.00318988668732345 0.00341372331604362 0.00362267880700529 0.00375593709759414 0.00392725970596075 0.00419049151241779 0.00424409238621593 0.00400989828631282 0.00379146751947701 0.00358593347482383 0.00317277363501489 0.00266126589849591 0.00243601039983332 0.00227915029972792 0.0022402519825846 0.00221225921995938 0.00222504651173949 0.00223567988723516 0.00223729969002306 0.00223830319009721 0.00223800586536527 0.00224835542030632 0.00227171764709055 0.00229710200801492 0.00232395902276039 0.00236683874391019 0.00241635367274284 0.00244807451963425 0.00247629731893539 0.00249089277349412 0.00250521302223206 0.00252177193760872 0.00254572345875204 0.00259566796012223 0.00266417488455772 0.00276715401560068 0.00286885560490191
0.00299335387535393 0.00290449289605021 0.00281152245588601 0.0027163396589458 0.00262225070036948 0.00252847326919436 0.00259038037620485 0.00266985432244837 0.00279336841776967 0.00291172228753567 0.0030038261320442 0.00310159171931446 0.0032130281906575 0.00320309586822987 0.00302654015831649 0.00289174262434244 0.00279111019335687 0.00258418708108366 0.00232691643759608 0.00225023692473769 0.00221670651808381 0.00225594127550721 0.00229972903616726 0.00233703013509512 0.00236585224047303 0.0023591888602823 0.00235288823023438 0.00234735338017344 0.00235953112132847 0.00239335722289979 0.00241669872775674 0.00243240292184055 0.00246814265847206 0.00251218001358211 0.00253807427361608 0.00256040203385055 0.00255702226422727 0.00255403248593211 0.00256415503099561 0.00258494704030454 0.00264325249008834 0.00271781603805721 0.00282257213257253 0.00292228953912854
0.00297531858086586 0.00288044125773013 0.00278087565675378 0.00267878524027765 0.00254197139292955 0.00239528203383088 0.00235209357924759 0.00232215342111886 0.00236386223696172 0.00240819365717471 0.00246586813591421 0.00250347191467881 0.00249261339195073 0.00243619713000953 0.00231723603792489 0.00224500079639256 0.00221099518239498 0.00215791095979512 0.00209578988142312 0.00213442975655198 0.00219714478589594 0.00229629082605243 0.00239501427859068 0.00245116511359811 0.00249286950565875 0.00247411360032856 0.00245921104215086 0.00245244288817048 0.00246489932760596 0.00250085163861513 0.00251765013672411 0.00252049672417343 0.00254805781878531 0.00258585368283093 0.00260969926603138 0.0026308021042496 0.00261048064567149 0.00259187957271934 0.00260507548227906 0.00262903259135783 0.00269082817249 0.00276684085838497 0.00286925653927028 0.0029636996332556
0.00290513155050576 0.00281648500822484 0.00272313947789371 0.00262726400978863 0.00253195478580892 0.00243680691346526 0.00239039142616093 0.00235045491717756 0.00235075899399817 0.00235724239610136 0.00239516003057361 0.00240182783454657 0.00233304011635482 0.00226733973249793 0.00220587779767811 0.00215023104101419 0.0020993419457227 0.00208577257581055 0.00208988063968718 0.00217127939686179 0.0022711455821991 0.00239044521003962 0.00250735157169402 0.00256999372504652 0.0026130024343729 0.00257384264841676 0.00254750647582114 0.00254824268631637 0.00255759665742517 0.00257748342119157 0.00257792021147907 0.00256418995559216 0.00258130463771522 0.00261119334027171 0.002641232451424 0.00267130136489868 0.00263629271648824 0.00260578631423414 0.00264280359260738 0.0026837270706892 0.00273838429711759 0.00280579389072955 0.0028968860860914 0.00297887623310089
0.0028638627845794 0.00277963606640697 0.00268548144958913 0.00258598104119301 0.00251860381104052 0.00246036215685308 0.00241346214897931 0.00236936612054706 0.0023696378339082 0.00237248162738979 0.00238840887323022 0.00237278081476688 0.00228095985949039 0.00221210019662976 0.00217476324178278 0.00212607253342867 0.00206809188239276 0.00207518134266138 0.00211309315636754 0.00221010926179588 0.0023212474770844 0.00243986444547772 0.00255527533590794 0.00261653983034194 0.00265714316628873 0.00261127552948892 0.0025827856734395 0.00259098131209612 0.00259618600830436 0.00259773503057659 0.00258129881694913 0.00255176215432584 0.00255798548460007 0.00257901824079454 0.00261788279749453 0.00266025261953473 0.00261525623500347 0.00257724313996732 0.00263905432075262 0.00269632553681731 0.00273763295263052 0.00279524107463658 0.00288312183693051 0.00295948516577482
0.00285897543653846 0.00277689099311829 0.00267308321781456 0.00255757849663496 0.00250105722807348 0.00246131047606468 0.00241737556643784 0.0023764637298882 0.00242875306867063 0.00247099413536489 0.0024621207267046 0.00243506697006524 0.00236411462537944 0.00229980098083615 0.00224460172466934 0.00219074822962284 0.00213799579069018 0.00214202213101089 0.00217294343747199 0.00225143041461706 0.00234128232114017 0.00243300339207053 0.00252216146327555 0.00257214903831482 0.00260567967779934 0.00257033528760076 0.00255136587657034 0.00256696529686451 0.00256670359522104 0.00254705641418695 0.0025131031870842 0.00246872985735536 0.00246350187808275 0.00247448519803584 0.00252548581920564 0.00258435239084065 0.00253528030589223 0.00249529466964304 0.00258312281221151 0.00265596364624798 0.0026761069893837 0.00272240652702749 0.00281728128902614 0.00289660575799644
0.00286465091630816 0.00278095854446292 0.00267026177607477 0.00254502426832914 0.00249967817217112 0.00247705308720469 0.00243633962236345 0.00239821034483612 0.0024798340164125 0.00254654907621443 0.00253742514178157 0.00251561962068081 0.00246319407597184 0.00240382459014654 0.00233492231927812 0.00227686273865402 0.00222767423838377 0.00222444697283208 0.00224299030378461 0.00229054479859769 0.002345030894503 0.00239470112137496 0.00244319415651262 0.00247936882078648 0.00250297505408525 0.0024739820510149 0.00245948997326195 0.00247560977004468 0.00246953219175339 0.00243632472120225 0.00239474489353597 0.00234706676565111 0.00233949651010334 0.00234853615984321 0.00239927181974053 0.0024582042824477 0.00241501536220312 0.00238157017156482 0.00248025148175657 0.00255745998583734 0.00255916826426983 0.00259366678074002 0.00268906052224338 0.00277427840046585
0.00287824845872819 0.00279013556428254 0.00267462292686105 0.0025443562772125 0.00251042516902089 0.00250389147549868 0.00246659200638533 0.00243094353936613 0.0025248893070966 0.00260488595813513 0.00261392374522984 0.00260987272486091 0.00257421704009175 0.00252009020186961 0.00244060484692454 0.00237905629910529 0.00233218353241682 0.00231855968013406 0.00232068472541869 0.00232800422236323 0.0023365649394691 0.00233281822875142 0.00232983636669815 0.0023502956610173 0.00236183917149901 0.00233606901019812 0.00232227123342454 0.00233374885283411 0.00232159323059022 0.00228055287152529 0.00223876419477165 0.00219643046148121 0.00219334941357374 0.00220652436837554 0.00224769511260092 0.00229436927475035 0.00226453365758061 0.00224401336163282 0.0023421747609973 0.00241534924134612 0.00240066973492503 0.00242299796082079 0.00251405406743288 0.00260736444033682
0.00286923605017364 0.00276529416441917 0.0026509037707001 0.00253088702447712 0.00251539750024676 0.00252963532693684 0.00253007025457919 0.00253193103708327 0.00261043710634112 0.00268058339133859 0.0027082038577646 0.00272062071599066 0.00269632716663182 0.0026371325366199 0.00253002368845046 0.00244703004136682 0.0023837664630264 0.00236124685034156 0.00235802680253983 0.00232565146870911 0.00228631030768156 0.00224606622941792 0.00220880843698978 0.00221591489389539 0.00221508508548141 0.0021810419857502 0.00215964298695326 0.00216493709012866 0.00215494283474982 0.00212626298889518 0.00209788256324828 0.00206972006708384 0.00207226327620447 0.00208752253092825 0.00211168918758631 0.00213760719634593 0.00211703008972108 0.00210313475690782 0.00217133085243404 0.00222251284867525 0.00221387203782797 0.00223647453822196 0.00231709913350642 0.00241833622567356
0.00285053323023021 0.00272587314248085 0.00261515006422997 0.00251193111762404 0.00251789507456124 0.00255491025745869 0.00260778842493892 0.00266217114403844 0.00271333917044103 0.00276372116059065 0.00281010451726615 0.00283843791112304 0.00282318866811693 0.00275450781919062 0.00261247251182795 0.00250033778138459 0.0024126663338393 0.00238189450465143 0.002378074452281 0.0023062361869961 0.00221814587712288 0.00214865617454052 0.00208449317142367 0.00207925913855433 0.00206592329777777 0.00201868056319654 0.00198612478561699 0.00198457459919155 0.0019802728202194 0.00197260803543031 0.00196347199380398 0.00195326399989426 0.0019619173835963 0.00197838200256228 0.0019823566544801 0.00198387610726058 0.00197080313228071 0.00196083215996623 0.0019864437635988 0.00200793636031449 0.00201494595967233 0.00204315618611872 0.00211073784157634 0.00221983017399907
0.00284426868893206 0.00268479553051293 0.00256554246880114 0.00246794614940882 0.00245868461206555 0.0024745452683419 0.00256721512414515 0.00266684615053236 0.00274215079843998 0.00281470897607505 0.00287329591810703 0.00291297351941466 0.00290699303150177 0.0028297295793891 0.00265460438095033 0.00253113964572549 0.00244994228705764 0.00239449599757791 0.0023512477055192 0.00224290695041418 0.00211901357397437 0.00204064068384469 0.00196935073472559 0.00195564073510468 0.00193678354844451 0.00189638463780284 0.0018643835792318 0.00185011129360646 0.00184976356104016 0.00186643458437175 0.00187506515067071 0.00187783921137452 0.00188730738591403 0.00189954787492752 0.00189197401050478 0.00188050500582904 0.00186890899203718 0.00185829459223896 0.00185731635428965 0.00185876397881657 0.00186874123755842 0.00189777219202369 0.00196218769997358 0.00206861598417163
0.00284057739190757 0.00264337519183755 0.00251306872814894 0.00241878256201744 0.00238670664839447 0.0023723233025521 0.00250216736458242 0.00264554168097675 0.0027556330896914 0.00285904505290091 0.00292847841046751 0.00297855399549007 0.00298188882879913 0.00289622996933758 0.00268839439377189 0.00255728513002396 0.00248895119875669 0.0024054329842329 0.002314722398296 0.00217049196362495 0.00201347400434315 0.00193043053150177 0.00185610633343458 0.0018347199074924 0.00181178643833846 0.00178237818181515 0.00175335491076112 0.00172514456789941 0.00172839127480984 0.00177008495666087 0.00179617654066533 0.00181090366095304 0.0018200910417363 0.00182698422577232 0.00180965021718293 0.00178755354136229 0.00177618744783103 0.00176398456096649 0.00173972547054291 0.00172312359791249 0.0017334446310997 0.00176230596844107 0.00182559876702726 0.0019271862693131
0.00286994106136262 0.00267622224055231 0.00253861770033836 0.00243122805841267 0.00238651060499251 0.00235961750149727 0.00247348472476006 0.00260169943794608 0.00272827502340078 0.002847965573892 0.002932631643489 0.00299672433175147 0.0030111400410533 0.00294481520541012 0.00276764458976686 0.00263141840696335 0.00252869189716876 0.00240006390959024 0.00225916691124439 0.00209473865106702 0.00192468811292201 0.00183959677815437 0.00176407664548606 0.00174291396979243 0.00172309880144894 0.0017089230241254 0.00169794168323278 0.00169370393268764 0.00170485058333725 0.00173480028752238 0.00176161096896976 0.00178613525349647 0.00179655011743307 0.00180112174712121 0.00179094693157822 0.00177787325810641 0.00177391001489013 0.0017685474595055 0.00174622028134763 0.00172545597888529 0.00171018659602851 0.0017153873341158 0.00175860349554569 0.0018346804426983
