Ecospace-environmental-drivers/Outputs/ASCII-for-ecospace/MOM6-ISIMIP3a/phyc/1998-07_phyc_MOM6-ISIMIP3a.asc
NCOLS 131 
NROWS 53 
XLLCORNER -98 
YLLCORNER 23.9265270233154 
CELLSIZE 0.133587792515755 
NODATA_value -9999 
[rows 19 to 37 of 53, columns 0 to 42 of 131]
-9999 -9999 -9999 -9999 -9999 -9999 -9999 -9999 0.00404938030987978 0.00439394311979413 0.00437957374379039 0.00439733639359474 0.00462334416806698 0.00506525347009301 0.00484832283109426 0.00438108760863543 0.00402416149154305 0.00374298938550055 0.00358174182474613 0.00346680148504674 0.00324301118962467 0.00300001190043986 0.0028477949090302 0.00270972237922251 0.00267295190133154 0.00264702667482197 0.00265626586042345 0.00266134389676154 0.00265915971249342 0.00264139450155199 0.00260759657248855 0.00255777477286756 0.0024981910828501 0.00245140539482236 0.00240888562984765 0.00239334534853697 0.00238169566728175 0.00239248480647802 0.00241023092530668 0.00247228122316301 0.00254501402378082 0.00264748488552868 0.00274015520699322
-9999 -9999 -9999 -9999 -9999 -9999 -9999 -9999 0.00373246287927032 0.00402173493057489 0.00439394311979413 0.004347441252321 0.00439733639359474 0.00440744310617447 0.00424291519448161 0.00387688586488366 0.00358895352110267 0.00335465394891798 0.00315493089146912 0.00296855927444994 0.00278759561479092 0.00260758632794023 0.00249759457074106 0.00239755166694522 0.00236763712018728 0.00234525604173541 0.00234730076044798 0.00234536337666214 0.00233647599816322 0.00231682346202433 0.00228609330952168 0.00224321661517024 0.00219294033013284 0.00215048482641578 0.0021106363274157 0.00209004478529096 0.00207221228629351 0.0020679144654423 0.00206880341283977 0.00210272194817662 0.002148212864995 0.0022259175311774 0.00230403267778456
-9999 -9999 -9999 -9999 -9999 -9999 0.00389419682323933 0.0038682003505528 0.00380680384114385 0.00373246287927032 0.00393879832699895 0.00439394311979413 0.00425104424357414 0.00382538884878159 0.0034861525055021 0.00324663054198027 0.00304494076408446 0.0028692320920527 0.0026947867590934 0.00252082897350192 0.00237628165632486 0.00223692459985614 0.00216503813862801 0.0020995622035116 0.00207519182004035 0.00205430411733687 0.00204470846801996 0.00203154655173421 0.00201216083951294 0.00198962166905403 0.00196383777074516 0.00193204882089049 0.0018966015195474 0.00186130288057029 0.0018260539509356 0.00179918587673455 0.00177349941805005 0.00175105629023165 0.0017313645221293 0.00172919465694577 0.0017386096296832 0.00178027374204248 0.00183541537262499
-9999 -9999 -9999 -9999 -9999 -9999 0.00389509345404804 0.00389419682323933 0.00384220387786627 0.00375835178419948 0.00373246287927032 0.00368998874910176 0.00353252934291959 0.00314754620194435 0.00284683634527028 0.00264336448162794 0.00247894925996661 0.00234135566279292 0.00220983731560409 0.00208066496998072 0.00197736406698823 0.00187862839084119 0.00182983092963696 0.0017861679662019 0.00177618081215769 0.00176889565773308 0.00177037180401385 0.0017659564036876 0.00175125955138355 0.00173185777384788 0.00170761451590806 0.00168190093245357 0.00165529153309762 0.00162763975095004 0.00159964035265148 0.00157058297190815 0.00154136586934328 0.00151028460822999 0.00148097088094801 0.00146291428245604 0.00145219918340445 0.00146192114334553 0.00148325122427195
-9999 -9999 -9999 -9999 0.00410082750022411 0.00395881896838546 0.00390236708335578 0.00388871622271836 0.00389419682323933 0.00379021116532385 0.00361653650179505 0.00317612080834806 0.00278021604754031 0.0024723862297833 0.00222727307118475 0.00205452530644834 0.00192413129843771 0.00182282354217023 0.00173468783032149 0.00165163830388337 0.00158873328473419 0.00152938324026763 0.0015016314573586 0.00147790974006057 0.0014820055803284 0.00148836942389607 0.00150208675768226 0.00150764943100512 0.00149898161180317 0.00148333190008998 0.00146049808245152 0.00143996940460056 0.00142084516119212 0.00139992730692029 0.00137841154355556 0.00134720874484628 0.0013146239798516 0.00127605954185128 0.00123845890630037 0.00120699673425406 0.00117858161684126 0.00115864910185337 0.00114732165820897
-9999 -9999 -9999 -9999 0.00442987447604537 0.00411224970594049 0.00401527108624578 0.00390236708335578 0.00386958476155996 0.00345235760323703 0.00302784750238061 0.00257546128705144 0.00219656410627067 0.00196308037266135 0.0017845673719421 0.0016694818623364 0.00158159248530865 0.00151238008402288 0.00145273457746953 0.00139678339473903 0.0013541157823056 0.00131379230879247 0.00129243533592671 0.0012739528901875 0.00127596338279545 0.00128137099090964 0.00129779404960573 0.00130830542184412 0.00130850076675415 0.00129910244140774 0.00127983244601637 0.00125615857541561 0.00122980191372335 0.00119993556290865 0.00116889935452491 0.00113108626101166 0.00109233451075852 0.00105327810160816 0.00101550936233252 0.000985940801911056 0.00095968326786533 0.000942642975132912 0.000931457907427102
-9999 -9999 -9999 -9999 -9999 0.00442987447604537 0.00410148641094565 0.00412817485630512 0.00378303928300738 0.0031147375702858 0.00249321316368878 0.00205073249526322 0.00170215941034257 0.00153940345626324 0.00142051558941603 0.00135224452242255 0.00129696552176028 0.00125060859136283 0.00121156894601882 0.00117535458412021 0.00114852818660438 0.00112335837911814 0.00110762531403452 0.00109373207669705 0.00109344895463437 0.0010972103336826 0.00111408554948866 0.00112694583367556 0.00113279977813363 0.00112707971129566 0.00110945000778884 0.00108223513234407 0.00104918121360242 0.0010117901256308 0.000972953450400382 0.000930991081986576 0.000888633134309202 0.000851337041240185 0.000815568258985877 0.000789525569416583 0.000766805489547551 0.000753334723412991 0.000743239361327142
-9999 -9999 -9999 -9999 -9999 0.00447423662990332 0.00442987447604537 0.00394552992656827 0.00342493248172104 0.00277814222499728 0.00219559390097857 0.00185893673915416 0.00159907864872366 0.00149118446279317 0.0014013386098668 0.00133231782820076 0.00126626517158002 0.00120225083082914 0.00114924495574087 0.00110048998612911 0.00107022875454277 0.00104323111008853 0.00102974125184119 0.00101758702658117 0.00101409782655537 0.00101318652741611 0.00102063361555338 0.00102444319054484 0.00102190487086773 0.00100858020596206 0.000984156737104058 0.000951665628235787 0.000914259755518287 0.000875586993061006 0.000836492050439119 0.00080117053585127 0.000766435929108411 0.000740775023587048 0.000716512266080827 0.00070115301059559 0.000688021013047546 0.000681089120917022 0.000676237628795207
-9999 -9999 0.00458681723102927 0.00457002921029925 0.00454804021865129 0.00451865140348673 0.00447418401017785 0.00377390231005847 0.00305040250532329 0.00245939823798835 0.00194330292288214 0.00171392632182688 0.00153725128620863 0.00146485795266926 0.00138813722878695 0.00130642356816679 0.00122348102740943 0.00113969459198415 0.00107382296118885 0.00101486872881651 0.000983189675025642 0.000956323754508048 0.000947298249229789 0.000939330202527344 0.000936918659135699 0.000935428543016315 0.000936925993300974 0.000934190873522311 0.000924069492612034 0.000904326152522117 0.000874681863933802 0.000839365238789469 0.000800593115855008 0.000763567863032222 0.000727124977856874 0.000699469179380685 0.000673107337206602 0.000657789700198919 0.000643629115074873 0.000636837503407151 0.000631348229944706 0.000629484595265239 0.000628617184702307
-9999.000000000000000 -9999 -9999 -9999 0.00464339600875974 0.00457742949947715 0.0046045184135437 0.00362631399184465 0.00264003896154463 0.0021796035580337 0.00178991130087525 0.00167099433019757 0.00156543264165521 0.00148629758041352 0.00138797354884446 0.00126750860363245 0.00115433149039745 0.00104615942109376 0.000969822576735169 0.00090577855007723 0.000877081998623908 0.000854623271152377 0.000854908197652549 0.000856465834658593 0.000864478468429297 0.000871341908350587 0.000874478893820196 0.000870666932314634 0.000854728452395648 0.000831153360195458 0.000799720291979611 0.000766925571952015 0.000733301334548742 0.000704314617905766 0.00067687378032133 0.00065911968704313 0.000642765953671187 0.000634972471743822 0.000627851171884686 0.000625010696239769 0.000622919818852097 0.000622915744315833 0.000623284024186432
-9999 -9999 -9999 -9999 0.00477979332208633 0.00483410758897662 0.00477786595001817 0.00358295510523021 0.00239841546863317 0.00203830865211785 0.001740253996104 0.00167970906477422 0.00160386995412409 0.00149776751641184 0.0013688534963876 0.0012136185541749 0.00107789586763829 0.000955573283135891 0.000875829253345728 0.000812526443041861 0.000787568860687315 0.000769378093536943 0.000777406734414399 0.000786778458859771 0.000802558148279786 0.000815436884295195 0.000818909495137632 0.000814342114608735 0.000795744301285595 0.000771722348872572 0.000742119096685201 0.000713217712473124 0.000684743805322796 0.000662795675452799 0.000643022765871137 0.00063272553961724 0.000623782980255783 0.000621099141426384 0.00061876216204837 0.000618633930571377 0.000618840043898672 0.000619976781308651 0.000621056067757308
-9999 -9999 -9999 -9999 0.00488097500056028 0.00492784241214395 0.00498571339994669 0.00367072597146034 0.00236908090300858 0.00207125814631581 0.00182110304012895 0.00175339996349066 0.0016552098095417 0.00149669451639056 0.00132588460110128 0.00114088854752481 0.000992293702438474 0.000868697301484644 0.000794425548519939 0.00073919992428273 0.000718932948075235 0.000704835052601993 0.000718636263627559 0.00073366891592741 0.000753872678615153 0.000769825128372759 0.000771992839872837 0.000767074408940971 0.00074978987686336 0.000729579536709934 0.000706358696334064 0.000683076039422303 0.000659755663946271 0.000643588020466268 0.000629804562777281 0.000623888510745019 0.000619089871179312 0.00061847799224779 0.000618088350165635 0.000619113736320287 0.000620231148786843 0.000621604500338435 0.000622734718490392
-9999 -9999 -9999 -9999 0.00492784241214395 0.00499789556488395 0.00508013041689992 0.00377156934700906 0.00248002517037094 0.00219571008346975 0.00194740830920637 0.00183695123996586 0.00169428018853068 0.00148786639329046 0.00128289812710136 0.00107959774322808 0.000925090280361474 0.000804090988822281 0.000735860201530159 0.000688005238771439 0.000673091504722834 0.000663990969769657 0.000680506636854261 0.000697875861078501 0.000717683346010745 0.00073314382461831 0.000734509842004627 0.000730142695829272 0.000715770816896111 0.000699183729011565 0.000680317229125649 0.000661950558423996 0.000643888371996582 0.000632675131782889 0.000623744912445545 0.000620628765318543 0.000618334917817265 0.00061864493181929 0.000619098369497806 0.000620465783867985 0.000621793675236404 0.000623011379502714 0.000623904983513057
-9999 -9999 -9999 -9999 0.00500195613130927 0.00508013041689992 0.00393436010926962 0.00388221722096205 0.00269618025049567 0.00238878978416324 0.00210780627094209 0.00192789814900607 0.00172414805274457 0.00147322157863528 0.00123989838175476 0.00102688663173467 0.000871686090249568 0.000756187248043716 0.000694423797540367 0.000653409515507519 0.000644346233457327 0.000640921294689178 0.000657857919577509 0.00067507044877857 0.000690866145305336 0.000703160534612834 0.000704102101735771 0.00070096313720569 0.000690703396685421 0.000677598232869059 0.000661565049085766 0.000647587352432311 0.000634861877188087 0.000627983477897942 0.000623054162133485 0.000621552055235952 0.000620533595792949 0.000620902865193784 0.000621371378656477 0.000622472027316689 0.000623484782408923 0.000624252599664032 0.000624693988356739
-9999 -9999 -9999 -9999 0.00508013041689992 0.00388918211683631 0.00334158260375261 0.0030035232193768 0.00294458866119385 0.00258874567225575 0.00225394661538303 0.00199969531968236 0.00173715455457568 0.00145821168553084 0.00120800756849349 0.000990963191725314 0.000836630759295076 0.00072536536026746 0.000668996595777571 0.000633825431577861 0.000629141752142459 0.000629838206805289 0.000645061139948666 0.000660328078083694 0.000673310423735529 0.000683503341861069 0.000684651720803231 0.00068222574191168 0.000673562055453658 0.000662734324578196 0.000649679859634489 0.000639568665064871 0.000631250441074371 0.000627162866294384 0.000624485546723008 0.000623532861936837 0.000622824940364808 0.000623000378254801 0.000623222556896508 0.000623742525931448 0.00062411732506007 0.000624087988398969 0.00062384398188442
-9999 -9999 -9999 -9999 -9999 0.00330943893641233 0.00320065510459244 0.00313900713808835 0.00320681999437511 0.002791648497805 0.00239397631958127 0.00206328509375453 0.00174293457530439 0.00144304533023387 0.00118087755981833 0.00096223468426615 0.000809439341537654 0.000701864424627274 0.000650430622044951 0.000620674923993647 0.000619740574620664 0.000623892294242978 0.000636486744042486 0.000649041379801929 0.000659723940771073 0.000668271677568555 0.00066989753395319 0.00066796358441934 0.000659817538689822 0.000650751171633601 0.000640737765934318 0.000634269090369344 0.000629959802608937 0.000628001289442182 0.000626826367806643 0.000625966931693256 0.00062515604076907 0.000625029148068279 0.000624892942141742 0.000624697655439377 0.000624296197202057 0.000623320869635791 0.000622291583567858
-9999 -9999 -9999 -9999 -9999 0.00338731938973069 0.00338607910089195 0.00345943472348154 0.00341183203272521 0.00293872482143342 0.00248333811759949 0.00209577823989093 0.00173496780917048 0.00142708723433316 0.00116140709724277 0.000944419880397618 0.000793922459706664 0.00068908667890355 0.00064112659310922 0.000615128315985203 0.00061555381398648 0.000620642269495875 0.000632138573564589 0.00064353586640209 0.00065293867373839 0.000660252931993455 0.000660795194562525 0.000658475852105767 0.00065116275800392 0.000643861712887883 0.000636573066003621 0.000632048060651869 0.000629206537269056 0.000627802568487823 0.00062687776517123 0.000626075721811503 0.00062529492424801 0.000625102198682725 0.000624798354692757 0.000623786589130759 0.000622579653281718 0.00062082929071039 0.000619304715655744
-9999 -9999 -9999 -9999 -9999 0.00354274571873248 0.00357522419653833 0.00355979544110596 0.00360500533133745 0.00307425064966083 0.00256221671588719 0.00212183734402061 0.0017241567838937 0.00141096522565931 0.00114352139644325 0.000928863068111241 0.000780821079388261 0.000678527518175542 0.000633738818578422 0.000611154944635928 0.000612445874139667 0.000617950048763305 0.000628664856776595 0.000639226520434022 0.00064756057690829 0.000653726514428854 0.000652862305287272 0.000649976020213217 0.000643561012111604 0.000638026103843004 0.000633396848570555 0.000630463939160109 0.00062856450676918 0.000627389294095337 0.000626455468591303 0.000625703483819962 0.000624980311840773 0.000624770647846162 0.000624338514171541 0.000622489431407303 0.000620470906142145 0.00061798095703125 0.000616021105088294
-9999 -9999 -9999 -9999 -9999 -9999 0.0036669340915978 0.00370644242502749 0.00366262882016599 0.00309773231856525 0.00255563459359109 0.00210080132819712 0.00169556774199009 0.001388477277942 0.0011270638788119 0.000918354431632906 0.000774165615439415 0.000674285925924778 0.000631083792541176 0.000609767041169107 0.000611363735515624 0.000617003999650478 0.000627649715170264 0.00063793919980526 0.00064434704836458 0.000648903718683869 0.000647457898594439 0.000644564453978091 0.000639144680462778 0.000634343829005957 0.00063017982756719 0.000627172412350774 0.000624869484454393 0.000623686239123344 0.000622876221314073 0.000622651015873998 0.000622506311628968 0.000622321444097906 0.000621825747657567 0.000619350583292544 0.000616896082647145 0.000614498858340085 0.000612906878814101
