Ecospace-environmental-drivers/Outputs/ASCII-for-ecospace/MOM6-ISIMIP3a/phyc/1998-09_phyc_MOM6-ISIMIP3a.asc
NCOLS 131 
NROWS 53 
XLLCORNER -98 
YLLCORNER 23.9265270233154 
CELLSIZE 0.133587792515755 
NODATA_value -9999 
[rows 0 to 18 of 53, columns 43 to 85 of 131]
-9999 -9999 -9999 -9999 -9999 -9999 -9999 -9999 -9999 -9999 -9999 -9999 -9999 -9999 -9999 -9999 -9999 -9999 -9999 -9999 -9999 -9999 -9999 -9999 -9999 -9999 -9999 -9999 -9999 -9999 -9999 -9999 -9999 -9999 -9999 -9999 -9999 -9999 -9999 -9999 -9999 -9999 -9999
-9999 -9999 -9999 -9999 -9999 -9999 -9999 -9999 -9999 -9999 -9999 -9999 -9999 -9999 -9999 -9999 -9999 -9999 -9999 -9999 -9999 -9999 -9999 -9999 -9999 -9999 -9999 -9999 -9999 -9999 -9999 -9999 -9999 -9999 -9999 -9999 -9999 -9999 -9999 -9999 -9999 -9999 -9999
-9999 -9999 -9999 -9999 -9999 -9999 -9999 -9999 -9999 -9999 -9999 -9999 -9999 -9999 -9999 -9999 -9999 -9999 -9999 -9999 -9999 -9999 -9999 -9999 -9999 -9999 -9999 -9999 -9999 -9999 -9999 0.00794750358909369 0.00757084181532264 -9999 -9999 -9999 -9999 -9999 -9999 -9999 -9999 -9999 -9999
-9999 -9999 -9999 -9999 -9999 -9999 -9999 -9999 -9999 -9999 -9999 -9999 -9999 -9999 -9999 -9999 -9999 -9999 -9999 -9999 -9999 -9999 -9999 -9999 -9999 -9999 -9999 -9999 -9999 -9999 -9999 0.00793452002108097 0.00755343306809664 -9999 -9999 -9999 -9999 -9999 -9999 -9999 -9999 -9999 -9999
-9999 -9999 -9999 -9999 -9999 -9999 -9999 -9999 -9999 -9999 -9999 -9999 -9999 -9999 -9999 -9999 -9999 -9999 -9999 -9999 -9999 -9999 0.00921183917671442 0.00922841392457485 0.00924167409539223 0.00931902229785919 0.00935457274317741 0.00933744013309479 0.00915146060287952 0.00879098754376173 0.00836082641035318 0.00791186280548573 0.00753086991608143 0.00721756694838405 -9999 -9999 0.00619297893717885 0.00571717508137226 0.00522705540060997 0.00479124812409282 0.0044518243521452 0.00419806782156229 0.00407142797484994
-9999 -9999 -9999 -9999 -9999 -9999 -9999 -9999 -9999 -9999 -9999 -9999 -9999 -9999 -9999 -9999 -9999 -9999 0.00893678702414036 -9999 0.00886743236333132 0.00881032273173332 0.00902403984218836 0.00921183917671442 0.00923172943294048 0.00924167409539223 0.00939636956900358 0.00942567549645901 0.00919027626514435 0.00883842911571264 0.0083442572504282 0.00789979379624128 0.00749153736978769 0.00720127811655402 0.00695988582447171 0.0066146831959486 0.0062490738928318 0.00571517972275615 0.00518727162852883 0.00477871485054493 0.0044077574275434 0.00416900031268597 0.00401744619011879
-9999 -9999 -9999 -9999 -9999 -9999 -9999 -9999 -9999 -9999 -9999 -9999 -9999 -9999 0.00944187678396702 0.0094336960464716 0.00942486524581909 0.00939358491450548 0.00914986710995436 0.00894572678953409 0.00892784725874662 0.00886412803083658 0.00881032273173332 0.00904995854943991 0.00921183917671442 0.00924167409539223 0.00939636956900358 0.00942567549645901 0.00919027626514435 0.00883842911571264 0.0083442572504282 0.00789979379624128 0.00749153736978769 0.00720127811655402 0.00695988582447171 0.0066146831959486 0.0062490738928318 0.00571517972275615 0.00518727162852883 0.00477871485054493 0.0044077574275434 0.00416900031268597 0.00401744619011879
-9999 -9999 -9999 -9999 -9999 -9999 -9999 -9999 -9999 -9999 -9999 -9999 -9999 -9999 0.00948573648929596 0.00944187678396702 0.00942551624029875 -9999 0.00934803392738104 0.00912052299827337 0.00896360725164413 0.00892784725874662 0.00885421503335238 0.00881032273173332 0.00912771467119455 0.0093479547649622 0.00916160549968481 0.00891113188117743 0.00852528400719166 0.00802726298570633 0.00739214336499572 0.00683100987225771 0.00632376782596111 0.00601529469713569 0.00578913884237409 0.00546932825818658 0.00513110682368279 0.00470426958054304 0.00428086519241333 0.0039230533875525 0.00359654845669866 0.00338011956773698 0.00325028272345662
-9999 -9999 0.00833282712846994 -9999 -9999 -9999 -9999 -9999 -9999 -9999 -9999 -9999 -9999 -9999 -9999 -9999 -9999 -9999 0.0093705803155899 0.00926436576992273 0.00907621439546347 0.00899936631321907 0.00892784725874662 0.00882447604089975 0.00923489034175873 0.00945840869098902 0.00889974366873503 0.00834195595234632 0.00778602063655853 0.00712596299126744 0.00633864616975188 0.00565178086981177 0.00503808213397861 0.0047103869728744 0.00450113555416465 0.00420993287116289 0.00390262063592672 0.00359388324432075 0.00328585924580693 0.00298531772568822 0.00270894239656627 0.00251753651537001 0.00241107097826898
-9999 0.00833282712846994 0.00836121570318937 0.00838791765272617 0.00839589815586805 -9999 -9999 -9999 -9999 -9999 -9999 -9999 -9999 -9999 0.00975310429930687 0.0095306932926178 -9999 -9999 -9999 0.00929343141615391 0.0091232331469655 0.00903719291090965 0.00907088536769152 0.00909657217562199 0.00928954407572746 0.0093091931194067 0.0086034694686532 0.00785927288234234 0.00703385751694441 0.00622464111074805 0.00543522322550416 0.00475529534742236 0.00415511801838875 0.00384271936491132 0.00364949950017035 0.00340034649707377 0.00314019806683064 0.00292056589387357 0.00270289997570217 0.00248978403396904 0.00228862673975527 0.00212951702997088 0.00202060025185347
0.00830482225865126 0.00835147593170404 0.00837195571511984 0.00838860496878624 0.00840319134294987 0.00840426795184612 -9999 -9999 -9999 -9999 -9999 -9999 -9999 -9999 0.00989857316017151 0.00981109589338303 0.0095306932926178 -9999 -9999 0.00931098964065313 0.00912742875516415 0.00893128197640181 0.00912851933389902 0.00933259632438421 0.00924286805093288 0.00901798810809851 0.00822748430073261 0.00734556280076504 0.00627065170556307 0.00532958284020424 0.00455209705978632 0.00389478774741292 0.00332501321099699 0.0030392506159842 0.0028711068443954 0.00267129275016487 0.00246525299735367 0.00233003008179367 0.00219748239032924 0.00206544995307922 0.00193435966502875 0.00180658209137619 0.0016945933457464
0.0083765983581543 0.00838806014508009 0.00838144030421972 0.00838860496878624 0.00840319134294987 0.00840642116963863 0.00886190496385098 0.00919696409255266 -9999 -9999 -9999 -9999 -9999 -9999 -9999 0.00998867861926556 0.00978978630155325 0.0095306932926178 0.00944187678396702 0.00931098964065313 0.00912742875516415 0.00893128197640181 0.00917012523859739 0.00937513075768948 0.00865267869085073 0.00796517729759216 0.00742394477128983 0.00666543049737811 0.00544821610674262 0.00446812203153968 0.00377783761359751 0.00322725786827505 0.0027784367557615 0.00258013210259378 0.00248557492159307 0.00237420061603189 0.0022595205809921 0.00218351767398417 0.00210798182524741 0.00202301703393459 0.00193436502013355 0.00183274934533983 0.00171435694210231
0.00845111068338156 0.00847996957600117 0.00847024098038673 0.00847876816987991 0.00849712546914816 0.0087551511824131 0.00908133946359158 0.00920470803976059 -9999 -9999 -9999 -9999 0.00958103127777576 0.00978335365653038 0.00995106436312199 0.0100712580606341 0.00994371436536312 0.00961347948759794 0.00941045116633177 0.00926767848432064 0.0091131990775466 0.00895592384040356 0.00918290857225657 0.0093428585678339 0.00814292393624783 0.00709304213523865 0.00667114974930882 0.00597221404314041 0.00468841847032309 0.00370720634236932 0.00309581332840025 0.00264688744209707 0.00231629982590675 0.00219448120333254 0.00215912098065019 0.00211934978142381 0.0020787117537111 0.00204432592727244 0.00200894894078374 0.00196162983775139 0.00190845318138599 0.00183468055911362 0.00171948806382716
0.00853246916085482 0.00871019624173641 0.00875733140856028 0.00879434123635292 0.00882589817047119 0.00894885137677193 0.00909779779613018 0.00920470803976059 0.00930484477430582 0.00933824200183153 0.00937981437891722 0.00946297310292721 0.00958103127777576 0.00978335365653038 0.00995106436312199 0.0100712580606341 0.00991968531161547 0.00954576022922993 0.00930045917630196 0.00911608431488276 0.00906339567154646 0.00904217176139355 0.00912363268435001 0.00912356935441494 0.00783425755798817 0.00667260540649295 0.00604521716013551 0.00524628721177578 0.00408521899953485 0.0031976590398699 0.00264438171871006 0.00228441995568573 0.00206526601687074 0.0019925027154386 0.001980364555493 0.00197010417468846 0.00196021283045411 0.0019234357168898 0.00188608490861952 0.00185285659972578 0.00181774666998535 0.0017760208575055 0.00168803695123643
0.00827041640877724 0.0085572162643075 0.00870912428945303 0.00884018931537867 0.00896003097295761 0.0090626310557127 0.00916032865643501 0.00924655888229609 0.00932990107685328 0.00936692859977484 0.0094093419611454 0.00947914645075798 0.00957177393138409 0.00971950776875019 0.00982359889894724 0.0098677733913064 0.00964149739593267 0.00919394381344318 0.00880299787968397 0.00843886472284794 0.00836629793047905 0.00836339499801397 0.00834726449102163 0.00825894623994827 0.00713317235931754 0.00608016271144152 0.0053316792473197 0.00450786016881466 0.00352500099688768 0.00276888650842011 0.00228990102186799 0.00199994212016463 0.00184766750317067 0.00179408013354987 0.00178136269096285 0.00178444653283805 0.00179063656833023 0.00176054064650089 0.00173038546927273 0.00171277893241495 0.00169614225160331 0.00168291572481394 0.00162685115355998
0.00752284470945597 0.00786245428025723 0.00818686652928591 0.00850469432771206 0.00881897564977407 0.00906341895461082 0.00928799901157618 0.00934757944196463 0.0093903811648488 0.00943617522716522 0.0094806170091033 0.00951818656176329 0.00954942964017391 0.00956539623439312 0.00951591972261667 0.00937660038471222 0.00900397542864084 0.0084404656663537 0.00775772519409657 0.00701850652694702 0.00675404351204634 0.00660301512107253 0.00655705947428942 0.00648193899542093 0.00587727734819055 0.00524453679099679 0.00449428427964449 0.00375175988301635 0.00302554992958903 0.00245431484654546 0.0020724912174046 0.00182572775520384 0.00167734012939036 0.0016006852965802 0.00155373744200915 0.00154730898793787 0.00154884567018598 0.00153825804591179 0.00152826297562569 0.00152844272088259 0.00153085379861295 0.0015411110362038 0.00152362603694201
0.00673270085826516 0.00705973617732525 0.00744476309046149 0.00785100366920233 0.00826866738498211 0.00858728028833866 0.00887772254645824 0.00893872044980526 0.00897704064846039 0.00903719756752253 0.00909399893134832 0.00913373194634914 0.00914797373116016 0.00910066813230515 0.00894820038229227 0.0086513590067625 0.00815981905907393 0.00750898150727153 0.00666489731520414 0.00572927622124553 0.00535803521052003 0.00512164318934083 0.0050681484863162 0.0050124442204833 0.00474170688539743 0.00439128978177905 0.00370740401558578 0.0030740185175091 0.00254724267870188 0.00212332280352712 0.00182511389721185 0.00161981524433941 0.00148219091352075 0.00140294968150556 0.00134788686409593 0.00133902055677027 0.00133923522662371 0.0013410042738542 0.00134427461307496 0.0013616478536278 0.00138137780595571 0.00140939455013722 0.00142072141170502
0.00590670667588711 0.00616610608994961 0.00651752250269055 0.00692935427650809 0.00737371807917953 0.00770951341837645 0.00801443215459585 0.00810048170387745 0.00816468428820372 0.008243921212852 0.008321781642735 0.00839264411479235 0.00842726230621338 0.00837436504662037 0.00816149450838566 0.007729004137218 0.00714165112003684 0.00642759399488568 0.00553202209994197 0.00455047143623233 0.0041441316716373 0.00387522950768471 0.00383296329528093 0.0038019111379981 0.00370746455155313 0.00352320424281061 0.00296306330710649 0.00246226438321173 0.00208674091845751 0.00177850259933621 0.00155250041279942 0.00138720916584134 0.00126613874454051 0.00120155874174088 0.00116037332918495 0.00115502637345344 0.00115672440733761 0.00116482772864401 0.00117555726319551 0.00120962492655963 0.00124521786347032 0.00128617347218096 0.00131808675359935
0.00496652070432901 0.00516136549413204 0.00544785894453526 0.0057874103076756 0.00615553045645356 0.00644779345020652 0.00671848282217979 0.00681548845022917 0.00689543224871159 0.00699470937252045 0.00709112221375108 0.00717296497896314 0.00721680093556643 0.00716886622831225 0.00697103561833501 0.00656741810962558 0.00604772474616766 0.0054330606944859 0.00466544972732663 0.00382539094425738 0.00341487256810069 0.00310698593966663 0.0030134676489979 0.0029377993196249 0.00290758581832051 0.00280373939312994 0.00239173206500709 0.00202290085144341 0.00174521736335009 0.00151011161506176 0.00132704456336796 0.00118658901192248 0.00107717118225992 0.00102890061680228 0.00100595317780972 0.00101266626734287 0.0010252099018544 0.00103811651933938 0.00105356937274337 0.00109376525506377 0.00113583658821881 0.0011845015687868 0.00122856092639267
