Ecospace-environmental-drivers/Outputs/ASCII-for-ecospace/MOM6-ISIMIP3a/phyc/1999-06_phyc_MOM6-ISIMIP3a.asc
NCOLS 131 
NROWS 53 
XLLCORNER -98 
YLLCORNER 23.9265270233154 
CELLSIZE 0.133587792515755 
NODATA_value -9999 
[rows 0 to 18 of 53, columns 43 to 85 of 131]
-9999 -9999 -9999 -9999 -9999 -9999 -9999 -9999 -9999 -9999 -9999 -9999 -9999 -9999 -9999 -9999 -9999 -9999 -9999 -9999 -9999 -9999 -9999 -9999 -9999 -9999 -9999 -9999 -9999 -9999 -9999 -9999 -9999 -9999 -9999 -9999 -9999 -9999 -9999 -9999 -9999 -9999 -9999
-9999 -9999 -9999 -9999 -9999 -9999 -9999 -9999 -9999 -9999 -9999 -9999 -9999 -9999 -9999 -9999 -9999 -9999 -9999 -9999 -9999 -9999 -9999 -9999 -9999 -9999 -9999 -9999 -9999 -9999 -9999 -9999 -9999 -9999 -9999 -9999 -9999 -9999 -9999 -9999 -9999 -9999 -9999
-9999 -9999 -9999 -9999 -9999 -9999 -9999 -9999 -9999 -9999 -9999 -9999 -9999 -9999 -9999 -9999 -9999 -9999 -9999 -9999 -9999 -9999 -9999 -9999 -9999 -9999 -9999 -9999 -9999 -9999 -9999 0.0105046182870865 0.0103997718542814 -9999 -9999 -9999 -9999 -9999 -9999 -9999 -9999 -9999 -9999
-9999 -9999 -9999 -9999 -9999 -9999 -9999 -9999 -9999 -9999 -9999 -9999 -9999 -9999 -9999 -9999 -9999 -9999 -9999 -9999 -9999 -9999 -9999 -9999 -9999 -9999 -9999 -9999 -9999 -9999 -9999 0.0104954950511456 0.0103906048461795 -9999 -9999 -9999 -9999 -9999 -9999 -9999 -9999 -9999 -9999
-9999 -9999 -9999 -9999 -9999 -9999 -9999 -9999 -9999 -9999 -9999 -9999 -9999 -9999 -9999 -9999 -9999 -9999 -9999 -9999 -9999 -9999 0.0105593102052808 0.0105797685682774 0.0105961346998811 0.0106916036456823 0.0107605699449778 0.0108425505459309 0.0108353774994612 0.0107573661953211 0.0106429057195783 0.0104829901829362 0.0103605892509222 0.0103282341733575 -9999 -9999 0.00917966011911631 0.00785611197352409 0.00611705472692847 0.00449350476264954 0.00332894152961671 0.00262712221592665 0.00236430438235402
-9999 -9999 -9999 -9999 -9999 -9999 -9999 -9999 -9999 -9999 -9999 -9999 -9999 -9999 -9999 -9999 -9999 -9999 0.0105225369334221 -9999 0.0104087982326746 0.0103144217282534 0.0104530304670334 0.0105593102052808 0.0105838598683476 0.0105961346998811 0.0107870735228062 0.010898501612246 0.0108420765027404 0.0107655534520745 0.0106644676998258 0.0104986960068345 0.0102858077734709 0.0102972649037838 0.0104016307741404 0.0100535815581679 0.00961659755557775 0.00786880124360323 0.00608293851837516 0.00439942488446832 0.00299815158359706 0.00258924788795412 0.00229396717622876
-9999 -9999 -9999 -9999 -9999 -9999 -9999 -9999 -9999 -9999 -9999 -9999 -9999 -9999 0.0112050538882613 0.0111947944387794 0.0111885648220778 0.0111747151240706 0.01084921695292 0.010536253452301 0.0105088204145432 0.0104031525552273 0.0103144217282534 0.010485359467566 0.0105593102052808 0.0105961346998811 0.0107870735228062 0.010898501612246 0.0108420765027404 0.0107655534520745 0.0106644676998258 0.0104986960068345 0.0102858077734709 0.0102972649037838 0.0104016307741404 0.0100535815581679 0.00961659755557775 0.00786880124360323 0.00608293851837516 0.00439942488446832 0.00299815158359706 0.00258924788795412 0.00229396717622876
-9999 -9999 -9999 -9999 -9999 -9999 -9999 -9999 -9999 -9999 -9999 -9999 -9999 -9999 0.0112600587308407 0.0112050538882613 0.01118453592062 -9999 0.01116350479424 0.0108614005148411 0.0105636864900589 0.0105088204145432 0.0103862145915627 0.0103144217282534 0.0105823464691639 0.0107771195471287 0.010665750131011 0.0105606392025948 0.010468740016222 0.0103313475847244 0.010138351470232 0.00988071784377098 0.00957600399851799 0.00934342667460442 0.00914072524756193 0.00859606079757214 0.00798417534679174 0.00649668090045452 0.0050034848973155 0.00377135723829269 0.00273518287576735 0.00238799001090229 0.00211436534300447
-9999 -9999 0.00947564840316772 -9999 -9999 -9999 -9999 -9999 -9999 -9999 -9999 -9999 -9999 -9999 -9999 -9999 -9999 -9999 0.0111592411994934 0.011167255230248 0.0109080001711845 0.0106185516342521 0.0105088204145432 0.0103354025632143 0.0107346503064036 0.0109718609601259 0.0105309318751097 0.0101880710572004 0.0100522376596928 0.00984250660985708 0.00954245869070292 0.00918032601475716 0.00877297017723322 0.00827590376138687 0.00774168502539396 0.00698718056082726 0.00618937239050865 0.00499443151056767 0.00382866919972003 0.00309161539189517 0.00245613721199334 0.0021778023801744 0.00192883994895965
-9999 0.00947564840316772 0.00947464816272259 0.00946497265249491 0.00945826433598995 -9999 -9999 -9999 -9999 -9999 -9999 -9999 -9999 -9999 0.0106665473431349 0.0113164391368628 -9999 -9999 -9999 0.0111496895551682 0.011229095980525 0.0110338451340795 0.010728282853961 0.0107592716813087 0.0109243122860789 0.0109505159780383 0.0103956712409854 0.00991197768598795 0.00957849249243736 0.00913644954562187 0.00856172759085894 0.00801245216280222 0.00748171238228679 0.00694663589820266 0.00640976382419467 0.00573856290429831 0.00504095619544387 0.00425172504037619 0.00348980934359133 0.0030278810299933 0.00262403534725308 0.00242441217415035 0.0022205135319382
0.0094757629558444 0.00947738904505968 0.00947838742285967 0.00946716591715813 0.00944936368614435 0.00944804958999157 -9999 -9999 -9999 -9999 -9999 -9999 -9999 -9999 0.0103954738005996 0.0108658252283931 0.0113164391368628 -9999 -9999 0.0110409092158079 0.0112031046301126 0.0114432740956545 0.0112857418134809 0.0111088817939162 0.01104836165905 0.0108754336833954 0.0102320676669478 0.00962638575583696 0.00910025835037231 0.00844666454941034 0.00763727957382798 0.00692645413801074 0.00628741690889001 0.00572261493653059 0.00518855545669794 0.00460468698292971 0.00401102704927325 0.00358717935159802 0.00318833952769637 0.00297236163169146 0.00277635618112981 0.00265057547949255 0.00249337335117161
0.00948871485888958 0.00948298908770084 0.00947983935475349 0.00946716591715813 0.00944936368614435 0.00944542232900858 0.00946452002972364 0.0094709126278758 -9999 -9999 -9999 -9999 -9999 -9999 -9999 0.0106972130015492 0.0110370703041553 0.0113164391368628 0.0112050538882613 0.0110409092158079 0.0112031046301126 0.0114432740956545 0.0112671554088593 0.0110601894557476 0.0108204782009125 0.0105121163651347 0.00991644710302353 0.00928984675556421 0.00859795045107603 0.00784416124224663 0.00701472628861666 0.00627961615100503 0.00561321154236794 0.00506311748176813 0.00456119189038873 0.00408626161515713 0.00361663778312504 0.00334187410771847 0.00308742304332554 0.00296090682968497 0.00284512178041041 0.0027670671697706 0.00266531948000193
0.00941328052431345 0.00942924898117781 0.009444460272789 0.00945017114281654 0.0094507671892643 0.0094628743827343 0.00947825517505407 0.00947152823209763 -9999 -9999 -9999 -9999 0.00969599280506372 0.0100954631343484 0.0104384338483214 0.0107038374990225 0.0109493676573038 0.0111786369234324 0.0111600430682302 0.0110240411013365 0.0111530898138881 0.0113454675301909 0.011172279715538 0.0109607819467783 0.0105572240427136 0.0101234503090382 0.00956322159618139 0.00892949104309082 0.00814059376716614 0.0073378817178309 0.00651828665286303 0.00578440306708217 0.00511295115575194 0.00457343133166432 0.00408854894340038 0.00369140482507646 0.00331150810234249 0.00314047839492559 0.00298699154518545 0.00292931846342981 0.0028759203851223 0.00283755431883037 0.00278325076214969
0.00911687221378088 0.00922715291380882 0.0093170003965497 0.00939069036394358 0.00945567898452282 0.00947406888008118 0.00947920698672533 0.00947152823209763 0.00946295354515314 0.00946561433374882 0.00947759672999382 0.00953699834644794 0.00969599280506372 0.0100954631343484 0.0104384338483214 0.0107038374990225 0.0108834216371179 0.0109927915036678 0.0110025014728308 0.010965003632009 0.010978034697473 0.0110031394287944 0.0108866738155484 0.0107345841825008 0.0102055417373776 0.00967141054570675 0.00911598280072212 0.00850959215313196 0.00779561419039965 0.00707216467708349 0.00633713882416487 0.00566826062276959 0.00504756346344948 0.0045082806609571 0.00400271452963352 0.00360547564923763 0.00322953145951033 0.00304885883815587 0.00288777379319072 0.0028473949059844 0.00281180045567453 0.00279302801936865 0.00276614166796207
0.00818441715091467 0.00846078619360924 0.00875076744705439 0.00901423860341311 0.00926343630999327 0.00938140694051981 0.00946205668151379 0.00948291644454002 0.00949800293892622 0.00952242780476809 0.00955215282738209 0.00960883311927319 0.00974270794540644 0.0100629767403007 0.0103350980207324 0.010541120544076 0.0106411790475249 0.0106545416638255 0.0106361955404282 0.01060282997787 0.0105195296928287 0.0104242982342839 0.0103428578004241 0.0102321309968829 0.00968137197196484 0.00913091097027063 0.00858169794082642 0.00800153519958258 0.00735603272914886 0.00670835236087441 0.00605800934135914 0.0054615493863821 0.00490433676168323 0.0043827430345118 0.00387590052559972 0.00348607823252678 0.0031192593742162 0.00294114719145 0.00278348522260785 0.00275732926093042 0.00273616914637387 0.00273257377557456 0.0027261117938906
0.00635270774364471 0.0068966425023973 0.00756418658420444 0.00818964932113886 0.00879245344549417 0.00914190988987684 0.00941931456327438 0.00951040722429752 0.00958260521292686 0.00965956691652536 0.00973211787641048 0.00978222955018282 0.00985547062009573 0.00998456031084061 0.0100856646895409 0.0101483501493931 0.0101496838033199 0.0101008201017976 0.00997473672032356 0.0098120765760541 0.0096602775156498 0.00951107311993837 0.0094339782372117 0.00933910347521305 0.00891333539038897 0.00846534315496683 0.0079243453219533 0.00736883748322725 0.00678270123898983 0.0062058512121439 0.00564035214483738 0.00512679060921073 0.00465105986222625 0.00417182920500636 0.00369114917702973 0.00331936264410615 0.00296898209489882 0.00281068426556885 0.00267202756367624 0.00265575223602355 0.00264426274225116 0.00264960108324885 0.0026536756195128
0.0049707074649632 0.00559549173340201 0.00638082437217236 0.0071381819434464 0.00788047630339861 0.00841255951672792 0.0088848602026701 0.00911976024508476 0.00932710058987141 0.00944644678384066 0.00955098122358322 0.00958017259836197 0.00960584823042154 0.00962303299456835 0.00961256213486195 0.00956412125378847 0.00945545174181461 0.00929750502109528 0.00902674067765474 0.00870253704488277 0.00845745578408241 0.00823128037154675 0.00816454645246267 0.00809435080736876 0.00781433098018169 0.00749495718628168 0.00701087946072221 0.00651552760973573 0.00599637301638722 0.00549248419702053 0.00500725256279111 0.00457159243524075 0.00417203921824694 0.00376132014207542 0.00334597704932094 0.0030341821257025 0.00274274218827486 0.00262908078730106 0.00253221369348466 0.00253509124740958 0.00254122796468437 0.00255882344208658 0.00257413624785841
0.00396741554141045 0.00451581319794059 0.00520017230883241 0.00589565560221672 0.00659712823107839 0.00727069424465299 0.007936323992908 0.00837699044495821 0.0087851844727993 0.00893836561590433 0.00906575378030539 0.00906193908303976 0.00905105378478765 0.00902309361845255 0.00895110238343477 0.00881866179406643 0.00859049335122108 0.0082840034738183 0.00783744640648365 0.00732454238459468 0.00696530984714627 0.00664279470220208 0.00659148674458265 0.00655340263620019 0.00643661338835955 0.006267876829952 0.00588173745200038 0.00547643471509218 0.00503067672252655 0.00460154237225652 0.0041927257552743 0.00383075815625489 0.00350291538052261 0.00318272830918431 0.00286571145989001 0.0026492397300899 0.00245253276079893 0.00240441109053791 0.00236852024681866 0.0023983595892787 0.00242882152087986 0.0024614732246846 0.00248861499130726
0.00298474496230483 0.00338296010158956 0.00388851575553417 0.00445708213374019 0.00505957752466202 0.00571191543713212 0.00637842854484916 0.0068757152184844 0.00734704174101353 0.00758514879271388 0.00779471546411514 0.00785910058766603 0.00790851004421711 0.00792175810784101 0.00787634123116732 0.00775038404390216 0.0075075775384903 0.00716916797682643 0.00670446688309312 0.00617994414642453 0.00578825641423464 0.00542830675840378 0.00533383758738637 0.00525945145636797 0.00521191814914346 0.00512080872431397 0.00484732864424586 0.00454050628468394 0.0041632940992713 0.00379235250875354 0.00342907407321036 0.00311926123686135 0.00284839211963117 0.00260889460332692 0.00238238926976919 0.00224468903616071 0.0021244459785521 0.00212497753091156 0.00213509425520897 0.00219515361823142 0.00225354474969208 0.00230606994591653 0.00235039577819407
