Ecospace-environmental-drivers/Outputs/ASCII-for-ecospace/MOM6-ISIMIP3a/phyc/1999-07_phyc_MOM6-ISIMIP3a.asc
NCOLS 131 
NROWS 53 
XLLCORNER -98 
YLLCORNER 23.9265270233154 
CELLSIZE 0.133587792515755 
NODATA_value -9999 
[rows 19 to 37 of 53, columns 86 to 128 of 131]
0.00241165142506361 0.0024427177850157 0.0024823525454849 0.00250654551200569 0.00252074701711535 0.00252073351293802 0.00251561379991472 0.00247134943492711 0.00242093834094703 0.00224408414214849 0.00205266755074263 0.00176247023046017 0.00147033913526684 0.00117240694817156 0.000916628283448517 0.00073004380101338 0.000616409408394247 0.000573668803554028 0.00061347521841526 0.000700582808349282 0.00125584285706282 0.001955482410267 0.0036300984211266 0.00542606506496668 0.00742105953395367 0.00915874727070332 0.00943842343986034 0.00963751319795847 0.00962791312485933 -9999 -9999 -9999 -9999 -9999 -9999 -9999 -9999 -9999 -9999 -9999 -9999 -9999 -9999
0.0020903532858938 0.00215141498483717 0.00222898228093982 0.00230567157268524 0.00238179252482951 0.00243401457555592 0.00247765192762017 0.00247686076909304 0.00246909377165139 0.00236009177751839 0.00223369570448995 0.00198671780526638 0.00171815045177937 0.00138481659814715 0.00108448439277709 0.000838323554489762 0.000672990339808166 0.000586206442676485 0.000566880975384265 0.000586210517212749 0.000851554737892002 0.00119277054909617 0.0024561716709286 0.00385146425105631 0.0062162522226572 0.00834379717707634 0.00912701897323132 0.00969323981553316 0.00969749875366688 -9999 -9999 -9999 -9999 -9999 -9999 -9999 -9999 -9999 -9999 -9999 -9999 -9999 -9999
0.001747369999066 0.00183211045805365 0.00194220477715135 0.00207060971297324 0.00221086223609746 0.00231949612498283 0.00241677206940949 0.00245774164795876 0.00248986994847655 0.00244651059620082 0.00238470011390746 0.00219332263804972 0.00195995368994772 0.00160061311908066 0.0012621843488887 0.000958081800490618 0.000742931093554944 0.000614224874880165 0.000554278783965856 0.000533733633346856 0.000577780127059668 0.000641746912151575 0.00136156904045492 0.00220014364458621 0.00486741168424487 0.00734427897259593 0.0087422514334321 0.00974322576075792 -9999 -9999 -9999 -9999 -9999 -9999 -9999 -9999 -9999 -9999 -9999 -9999 -9999 -9999 -9999
0.00144258479122072 0.00152355874888599 0.00161937426310033 0.00174574181437492 0.0018918780842796 0.00203761900775135 0.00218321802094579 0.00228793732821941 0.00238623772747815 0.00240214006043971 0.00239971070550382 0.00226893881335855 0.0020890396554023 0.00176176300738007 0.00143103115260601 0.00109462742693722 0.000845169532112777 0.000680206634569913 0.000588986265938729 0.000540021865162998 0.000543502392247319 0.000563157023862004 0.000962283695116639 0.00143883097916842 0.00337116653099656 0.00528479088097811 0.00709238974377513 0.00839487742632627 0.00838929042220116 0.00802916660904884 -9999 -9999 -9999 -9999 -9999 -9999 -9999 -9999 -9999 -9999 -9999 -9999 -9999
0.00114782177843153 0.00122260593343526 0.0013005401706323 0.001419099397026 0.00156394497025758 0.00174133048858494 0.00193040492013097 0.00209794472903013 0.00226210290566087 0.00233795726671815 0.00239557959139347 0.00232588802464306 0.00220134132541716 0.00191223400179297 0.00159467710182071 0.00123042066115886 0.000949459208641201 0.000749444647226483 0.000628181907813996 0.000552045705262572 0.000529437442310154 0.000523337279446423 0.000632895855233073 0.000778101908508688 0.00191719154827297 0.00320936972275376 0.00536901270970702 0.00672114966437221 0.00598210608586669 0.00661826832219958 0.00651725707575679 -9999 -9999 -9999 -9999 -9999 -9999 -9999 -9999 -9999 -9999 -9999 -9999
0.000969949411228299 0.00103339261841029 0.00109341798815876 0.00117717334069312 0.00127628317568451 0.00141968228854239 0.00157899083569646 0.0017661004094407 0.00195757509209216 0.00211287476122379 0.00224822130985558 0.00224109017290175 0.00217976444400847 0.0019558584317565 0.00168374227359891 0.00133249035570771 0.00104659842327237 0.000824224145617336 0.000681383302435279 0.000584116904065013 0.000544891459867358 0.000523566093761474 0.000574265548493713 0.000647349748760462 0.00134783959947526 0.0022165474947542 0.00403845077380538 0.00538126798346639 0.00548340892419219 0.00490433629602194 0.00453420449048281 -9999 -9999 -9999 -9999 -9999 -9999 -9999 -9999 -9999 -9999 -9999 -9999
0.000810547091532499 0.000861919543240219 0.000905850611161441 0.000957935117185116 0.00101529527455568 0.00112369656562805 0.00125043257139623 0.00144632789306343 0.00165308255236596 0.00187835888937116 0.00208314321935177 0.00213870406150818 0.00214020139537752 0.00197951286099851 0.00175357377156615 0.00142052792944014 0.00113459955900908 0.000894460536073893 0.000733375491108745 0.000617590034380555 0.000561962719075382 0.000524888397194445 0.000526045972947031 0.000538473250344396 0.000855975784361362 0.00134227878879756 0.00278507848270237 0.00369991408661008 0.00324749457649887 0.00363493687473238 -9999 -9999 -9999 -9999 -9999 -9999 -9999 -9999 -9999 -9999 -9999 -9999 -9999
0.000732130778487772 0.000768232624977827 0.000804025738034397 0.000838176696561277 0.000871265132445842 0.00094023352721706 0.00102209055330604 0.00117948674596846 0.00134874414652586 0.00160248170141131 0.00184037024155259 0.00195919745601714 0.00202177418395877 0.00191560399252921 0.00173907075077295 0.00144703825935721 0.00118253217078745 0.000944776809774339 0.000780065660364926 0.000657210475765169 0.000586125068366528 0.000531005556695163 0.000523474416695535 0.000525515526533127 0.000703875499311835 0.000987834413535893 0.0018701630178839 0.00257704267278314 0.00282956729643047 0.00297927693463862 -9999 -9999 -9999 -9999 -9999 -9999 -9999 -9999 -9999 -9999 -9999 -9999 -9999
0.000670048932079226 0.000692139670718461 0.000719105359166861 0.000738595437724143 0.000753248401451856 0.00079034420195967 0.00083550187991932 0.000956928881350905 0.00109033158514649 0.00135506433434784 0.00160938641056418 0.0017815571045503 0.00189598742872477 0.00183720083441585 0.00170656433328986 0.00145798781886697 0.00121803814545274 0.000986472121439874 0.000820823537651449 0.000692947010975331 0.000608902890235186 0.000538376858457923 0.000523032853379846 0.000516033382155001 0.00058770168107003 0.000716410228051245 0.00116833404172212 0.0016872106352821 0.00237947353161871 0.00270840874873102 -9999 -9999 -9999 -9999 -9999 -9999 -9999 -9999 -9999 -9999 -9999 -9999 -9999
0.000643606530502439 0.000654434144962579 0.000671068031806499 0.00068303756415844 0.000691989029292017 0.000713707937393337 0.000740013201721013 0.000830990436952561 0.00093212240608409 0.00116974220145494 0.00140412501059473 0.00160798872821033 0.00175414304248989 0.00172717345412821 0.00163477763999254 0.00143498624674976 0.00122643064241856 0.00100935786031187 0.000848637952003628 0.000720209383871406 0.000628660141956061 0.000548484502360225 0.000527238589711487 0.000514134590048343 0.00054991414071992 0.000626123859547079 0.000931428628973663 0.00130583613645285 0.00185919739305973 0.00223689153790474 -9999 -9999 -9999 -9999 -9999 -9999 -9999 -9999 -9999 -9999 -9999 -9999 -9999
0.000627115776296705 0.000630491238553077 0.000639310746919364 0.000645971100311726 0.000651234295219183 0.000662150210700929 0.00067509658401832 0.000741346564609557 0.000815966224763542 0.00102377834264189 0.00123403803445399 0.00145507743582129 0.00162041373550892 0.00161864445544779 0.00155780324712396 0.00139999703969806 0.0012208929983899 0.00102109159342945 0.000867798225954175 0.000741154886782169 0.000645250838715583 0.000558826955966651 0.000532964477315545 0.000515041523613036 0.000527822703588754 0.000566775212064385 0.00075402605580166 0.00102444807998836 0.00151025620289147 0.00214807572774589 0.00300724036060274 -9999 -9999 -9999 -9999 -9999 -9999 -9999 -9999 -9999 -9999 -9999 -9999
0.000623145024292171 0.000623862957581878 0.000628035049885511 0.000632168259471655 0.000636276206932962 0.000642143248114735 0.000648642133455724 0.000697364215739071 0.000752716150600463 0.000927330227568746 0.00110820308327675 0.00132815458346158 0.00149689393583685 0.0015120004536584 0.00147430226206779 0.00134992634411901 0.00119783030822873 0.00101879541762173 0.000876070931553841 0.000754153123125434 0.000657857919577509 0.000569464871659875 0.000540602894034237 0.000519478344358504 0.000525478273630142 0.000546348805073649 0.000651483016554266 0.000868851086124778 0.00137686857488006 0.00205401028506458 0.00297741498798132 0.00340613350272179 -9999 -9999 -9999 -9999 -9999 -9999 -9999 -9999 -9999 -9999 -9999
0.000621842220425606 0.000621799321379513 0.000623825646471232 0.000627052155323327 0.000631055154372007 0.000634570547845215 0.000637910678051412 0.000673640170134604 0.000714455323759466 0.000860690604895353 0.00101507618092 0.00122294540051371 0.00138575199525803 0.00141337420791388 0.00139363040216267 0.00129613617900759 0.00116813706699759 0.001010493026115 0.000878917286172509 0.000762279261834919 0.000667436863295734 0.000579316285438836 0.000549835909623653 0.00052794290240854 0.000531205965671688 0.000541786488611251 0.000593831297010183 0.000764884112868458 0.00124412891454995 0.00193196500185877 0.00292353238910437 0.00337983947247267 0.00337226456031203 0.00336877442896366 -9999 -9999 -9999 -9999 -9999 -9999 -9999 -9999 -9999
0.000622540479525924 0.000623159226961434 0.000624916050583124 0.000628451176453382 0.000633137009572238 0.000636323587968946 0.000638971629086882 0.000665109953843057 0.000694936723448336 0.000816407613456249 0.000946480548009276 0.0011340215569362 0.0012838935945183 0.00132076151203364 0.00131508044432849 0.00123955612070858 0.00113347079604864 0.000997685943730175 0.000877693761140108 0.00076675129821524 0.000674744718708098 0.000588577939197421 0.000560264918021858 0.000539428321644664 0.000542987778317183 0.000549122341908514 0.000569848634768277 0.000699640193488449 0.00111187540460378 0.00178893469274044 0.00285160657949746 0.00335206557065248 0.00336528406478465 -9999 -9999 -9999 -9999 -9999 -9999 -9999 -9999 -9999 -9999
0.00062472332501784 0.000625881424639374 0.000627177185378969 0.000630142458248883 0.000634187890682369 0.000637890479993075 0.000641469960100949 0.000662203528918326 0.000685630715452135 0.000786474731285125 0.000895627890713513 0.00106087059248239 0.00119568372610956 0.00123921048361808 0.00124432554002851 0.00118638889398426 0.00109915575012565 0.00098345207516104 0.000873608281835914 0.000767122430261225 0.000678730488289148 0.000595918856561184 0.00056943908566609 0.000550192082300782 0.000552548910491168 0.000555447768419981 0.000561417953576893 0.000657346216030419 0.000986236380413175 0.00162241642829031 0.00270604342222214 0.00446298532187939 0.00680345436558127 0.00613238615915179 0.00758917024359107 -9999 -9999 -9999 -9999 -9999 -9999 -9999 -9999
0.000627542496658862 0.000629187503363937 0.000629940128419548 0.00063195894472301 0.000634796975646168 0.000639377627521753 0.000644584244582802 0.0006617073668167 0.00068070157431066 0.000762691895943135 0.000852379482239485 0.000994479516521096 0.00111332337837666 0.00116240011993796 0.00117691140621901 0.00113468419294804 0.00106499122921377 0.000968606676906347 0.000868296134285629 0.000765735923778266 0.000681292614899576 0.000602436542976648 0.000578075530938804 0.000560646585654467 0.000561158347409219 0.000561340188141912 0.000559652631636709 0.000624888052698225 0.000863432243932039 0.00144583149813116 0.00252892100252211 0.00433638831600547 0.00677163619548082 0.00758917024359107 0.00732297077775002 0.00775024760514498 -9999 -9999 -9999 -9999 -9999 -9999 -9999
0.000633580377325416 0.000635390693787485 0.000636248092632741 0.000637405726592988 0.000638757657725364 0.000641287071630359 0.000644239480607212 0.000656431773677468 0.000670074950903654 0.000735823065042496 0.000809014891274273 0.000933351402636617 0.00104074296541512 0.00109730067197233 0.00112120353151113 0.00109150423668325 0.00103544327430427 0.00095376354875043 0.000860717904288322 0.000761159288231283 0.000680950179230422 0.000606708519626409 0.000583367131184787 0.000566496455576271 0.000566197966691107 0.000565694237593561 0.000564027170185 0.000605728186201304 0.000759738497436047 0.00117753853555769 0.00197944510728121 0.00336318649351597 0.00525117386132479 0.006629494484514 0.00775024760514498 0.00775174656882882 -9999 -9999 -9999 -9999 -9999 -9999 -9999
0.000640284270048141 0.00064219324849546 0.000643289473373443 0.000643603678327054 0.000643411884084344 0.000643283943645656 0.000643178937025368 0.000650167290586978 0.000658269447740167 0.000708315696101636 0.000765626260545105 0.000873312179464847 0.000970185967162251 0.00103462405968457 0.00106791756115854 0.00105008808895946 0.00100685039069504 0.00093892082804814 0.000852670753374696 0.000755922577809542 0.000680006865877658 0.000610515882726759 0.000587966700550169 0.000571393640711904 0.000570499047171324 0.000569730007555336 0.000569672032725066 0.000589319737628102 0.000659998680930585 0.000890271097887307 0.00135292881168425 0.00221482128836215 0.00342270918190479 0.00530279893428087 0.00752259511500597 0.0079823974519968 -9999 -9999 -9999 -9999 -9999 -9999 -9999
0.000641783874016255 0.00064297579228878 0.000644101004581898 0.000644996529445052 0.000645743450149894 0.000645997701212764 0.000646075000986457 0.000648860004730523 0.0006520701572299 0.000685632869135588 0.000726034108083695 0.000814332626760006 0.000898567377589643 0.000970610941294581 0.00101422378793359 0.00101116835139692 0.000981277204118669 0.000925306754652411 0.000845003814902157 0.00075075775384903 0.00067883386509493 0.000613794138189405 0.000591274816542864 0.000574196339584887 0.000572582765016705 0.000571180542465299 0.000570975709706545 0.000583198794629425 0.000627605943009257 0.000790242862422019 0.00112503510899842 0.00171302654780447 0.00252045271918178 0.00385908666066825 0.00546617386862636 0.00581976771354675 -9999 -9999 -9999 -9999 -9999 -9999 -9999
