Ecospace-environmental-drivers/Outputs/ASCII-for-ecospace/MOM6-ISIMIP3a/phyc/1999-01_phyc_MOM6-ISIMIP3a.asc
NCOLS 131 
NROWS 53 
XLLCORNER -98 
YLLCORNER 23.9265270233154 
CELLSIZE 0.133587792515755 
NODATA_value -9999 
[rows 19 to 37 of 53, columns 44 to 87 of 131]
0.00436893152073026 0.00462834117934108 0.00495602702721953 0.00532047683373094 0.00567459175363183 0.00602576788514853 0.00621184799820185 0.00637640524655581 0.00641613639891148 0.0064428080804646 0.00640304945409298 0.00637853005900979 0.00639080768451095 0.00645910715684295 0.00660431804135442 0.00682440074160695 0.0071057416498661 0.00730499066412449 0.00746535416692495 0.00749350991100073 0.0074900770559907 0.0075468011200428 0.00760739902034402 0.00766421807929873 0.00773002812638879 0.00783346593379974 0.00783110968768597 0.00760541297495365 0.00734578678384423 0.0070446920581162 0.00683827279135585 0.00670081283897161 0.00653135543689132 0.00634864717721939 0.00613793032243848 0.00592170748859644 0.00565826194360852 0.00538487173616886 0.00503141526132822 0.00468522496521473 0.00436458550393581 0.00405736034736037 0.00377504830248654 0.00351771898567677
0.0043576555326581 0.00462128547951579 0.00489572342485189 0.00517598120495677 0.00544323306530714 0.00570678571239114 0.00581534393131733 0.00590628106147051 0.00594982225447893 0.00598086463287473 0.00594832515344024 0.00593999167904258 0.00599010521546006 0.0060684927739203 0.00618569692596793 0.00639112666249275 0.00666873948648572 0.00686907535418868 0.00703280698508024 0.00707784993574023 0.00709453411400318 0.00714264251291752 0.00718184653669596 0.00706001976504922 0.0069882906973362 0.00712622236460447 0.00715122232213616 0.00693781487643719 0.00669729663059115 0.00642364332452416 0.00620581163093448 0.00602863961830735 0.00583548890426755 0.0056357211433351 0.00538332620635629 0.00512058613821864 0.00487539079040289 0.00462680077180266 0.0043387021869421 0.00406113499775529 0.00382059696130455 0.00358898332342505 0.00337394303642213 0.00317058386281133
0.0044084289111197 0.00468448968604207 0.00489910133183002 0.00508062494918704 0.00525122368708253 0.00541871506720781 0.00545749999582767 0.00548325618728995 0.00551293091848493 0.00553412083536386 0.00551215093582869 0.0055310744792223 0.0056487382389605 0.00575392413884401 0.00584198022261262 0.00603173673152924 0.00630470225587487 0.00650982093065977 0.00668280199170113 0.0067561436444521 0.00680567789822817 0.00682692974805832 0.00682489154860377 0.00651214830577374 0.00629058945924044 0.00645064376294613 0.00649658078327775 0.00630160700529814 0.00608000066131353 0.00582584319636226 0.00557979010045528 0.00533963972702622 0.00511272111907601 0.00489128287881613 0.0045840167440474 0.00425987876951694 0.00403424305841327 0.00381275685504079 0.00359616964124143 0.00339255062863231 0.00323452893644571 0.00307866442017257 0.00292680598795414 0.00277579110115767
0.00402567116543651 0.00430229119956493 0.00454568350687623 0.00477118417620659 0.00493519613519311 0.00508172065019608 0.00511634070426226 0.00514067430049181 0.00519655039533973 0.0052522667683661 0.00530717382207513 0.00538053316995502 0.00549844792112708 0.00558084202930331 0.00561447255313396 0.00575382076203823 0.00597966415807605 0.00614344282075763 0.00627782335504889 0.00630100816488266 0.00629762466996908 0.00626914063468575 0.00621983921155334 0.00589264556765556 0.005649802275002 0.00575997540727258 0.00577035546302795 0.00557006429880857 0.00533406529575586 0.00505442405119538 0.00477559259161353 0.00449735065922141 0.00424774130806327 0.00400998955592513 0.00371409463696182 0.00340677052736282 0.0032390309497714 0.00307890330441296 0.00294263591058552 0.00281401537358761 0.00271228165365756 0.00261430046521127 0.00252328836359084 0.0024184191133827
0.00361302029341459 0.00388631364330649 0.00415980163961649 0.00443339440971613 0.00459852628409863 0.00473281182348728 0.0047730877995491 0.00480570131912827 0.00489124143496156 0.00498425262048841 0.00511526735499501 0.00524109182879329 0.00535438489168882 0.00541300280019641 0.00539656030014157 0.00548541266471148 0.00566041423007846 0.00577831035479903 0.00586915668100119 0.0058355676010251 0.00577224651351571 0.00569124752655625 0.00559321045875549 0.00526486290618777 0.00500926654785872 0.00505814049392939 0.00502336863428354 0.00481201428920031 0.00455797323957086 0.00425176043063402 0.0039443401619792 0.00363603979349136 0.00337076978757977 0.00312331994064152 0.00285007967613637 0.00257176952436566 0.00246479897759855 0.00236813747324049 0.00231019873172045 0.00225435779429972 0.00220589223317802 0.00216281414031982 0.00212974101305008 0.00206891889683902
0.00325741525739431 0.00347832613624632 0.00369113124907017 0.00389957195147872 0.00407866109162569 0.0042494023218751 0.00437411479651928 0.00449416832998395 0.00461565470322967 0.00473529659211636 0.00484555633738637 0.00495682517066598 0.00507053174078465 0.00515207694843411 0.00518946908414364 0.00527047645300627 0.00538716930896044 0.0054427650757134 0.00546942092478275 0.00536945415660739 0.00523923337459564 0.00508890813216567 0.00492547685280442 0.0045913876965642 0.00430062552914023 0.00419119372963905 0.00402466068044305 0.00373758189380169 0.00344755523838103 0.00315392576158047 0.00289282808080316 0.00265542580746114 0.00247644586488605 0.00232166051864624 0.00217316672205925 0.00202590972185135 0.00197845231741667 0.00193655793555081 0.00191290548536927 0.00189189321827143 0.00188016437459737 0.00186549045611173 0.00184534688014537 0.00180181150790304
0.00292923278175294 0.00310114561580122 0.0032558417879045 0.00340126780793071 0.00358631904236972 0.00378263997845352 0.00397546589374542 0.00416646525263786 0.00431780889630318 0.00446092616766691 0.0045621981844306 0.00466793123632669 0.00478443782776594 0.00488676270470023 0.00496961874887347 0.00504226749762893 0.00510656461119652 0.00510845147073269 0.00508077535778284 0.00492374831810594 0.00473581487312913 0.00449447566643357 0.00424230191856623 0.00388583703897893 0.00355223938822746 0.00331434374675155 0.00304890261031687 0.00272531039081514 0.00243103876709938 0.00217260280624032 0.00196916051208973 0.00180577510036528 0.00170647248160094 0.00163370883092284 0.00159055087715387 0.00155321264173836 0.00155408936552703 0.00155653886031359 0.00156052666716278 0.00156714511103928 0.00158301251940429 0.0015901691513136 0.00158114871010184 0.00155416002962738
0.00272128987126052 0.00285904482007027 0.00296691805124283 0.00305870152078569 0.00321465963497758 0.00338886887766421 0.00357823865488172 0.00376785919070244 0.003922363743186 0.00407512253150344 0.00421900115907192 0.00435874750837684 0.00448851473629475 0.00460220500826836 0.00469382386654615 0.00475585926324129 0.00479368912056088 0.00477953627705574 0.00474075926467776 0.00456752395257354 0.00436216127127409 0.00393471121788025 0.00349142146296799 0.0030396468937397 0.00262958090752363 0.00239406921900809 0.00217377278022468 0.00198559649288654 0.00182625348679721 0.00170215067919344 0.00160605541896075 0.00153036031406373 0.00148174038622528 0.00144433311652392 0.00142140034586191 0.00140131276566535 0.00140150845982134 0.00140259845647961 0.00140508625190705 0.00140777276828885 0.00141115800943226 0.00141132192220539 0.00140550383366644 0.00139181746635586
0.00244931969791651 0.00255653844214976 0.00263106706552207 0.00268799345940351 0.00281103211455047 0.0029528730083257 0.00313993310555816 0.00333015294745564 0.00348071660846472 0.00363730476237833 0.00382453901693225 0.00400105770677328 0.00415170332416892 0.00428907293826342 0.00440821517258883 0.00447303615510464 0.00449341256171465 0.00445887120440602 0.00439831661060452 0.00416120048612356 0.00388189777731895 0.00333181349560618 0.00277005438692868 0.00230912049300969 0.00189858884550631 0.00169899640604854 0.0015377402305603 0.00145741528831422 0.00140056887175888 0.00137241801712662 0.00135042704641819 0.00133292272221297 0.0013165493728593 0.00130064424593002 0.00129015429411083 0.00128072884399444 0.00128041079733521 0.00128053221851587 0.0012816513190046 0.00128138926811516 0.00127627130132169 0.0012717698700726 0.00126841373275965 0.00126460241153836
0.00203765113838017 0.00212223618291318 0.00219282787293196 0.00225588493049145 0.00233765575103462 0.00242474838159978 0.00261200126260519 0.00280713569372892 0.00293826358392835 0.00308599998243153 0.00331822200678289 0.00353753566741943 0.00372567982412875 0.00391359440982342 0.00410119350999594 0.00419803662225604 0.00422062491998076 0.00415620859712362 0.0040505793876946 0.00364556908607483 0.00316902599297464 0.00263480399735272 0.00211308128200471 0.00183095526881516 0.00158578541595489 0.00149528053589165 0.00142338313162327 0.00139076774939895 0.00136565580032766 0.00134971435181797 0.00132929708342999 0.00130561960395426 0.00128126807976514 0.00125663750804961 0.00124161050189286 0.00122847128659487 0.00122800481040031 0.00122801074758172 0.00122804753482342 0.00122698245104402 0.00122204271610826 0.00121795386075974 0.00121544464491308 0.00121403008233756
0.00172388227656484 0.00178073311690241 0.00183712411671877 0.00189326738473028 0.00194093235768378 0.00198618602007627 0.00214476999826729 0.00231341738253832 0.00244056549854577 0.00258932937867939 0.00284804892726243 0.00309220398776233 0.00330119137652218 0.00351617042906582 0.00373937468975782 0.00385217531584203 0.003874646499753 0.0037592644803226 0.00357858464121819 0.00309486291371286 0.00253873434849083 0.00209297379478812 0.0016732478979975 0.00152209203224629 0.0013952994486317 0.00137047027237713 0.00135228608269244 0.00134812982287258 0.00134037563111633 0.00132822419982404 0.00130684021860361 0.00127873127348721 0.00124980090186 0.00122053013183177 0.00120215094648302 0.00118591275531799 0.00118274090345949 0.00118024623952806 0.00117964053060859 0.00117828219663352 0.00117427750956267 0.00117142114322633 0.00117069750558585 0.00117080134805292
0.00153327896259725 0.00155597913544625 0.00158525630831718 0.00161807495169342 0.00164064485579729 0.00166030018590391 0.00175390508957207 0.00185655942186713 0.00199917331337929 0.0021613931749016 0.00242334743961692 0.00266975746490061 0.00287863402627409 0.00309113669209182 0.00330861681140959 0.00341716478578746 0.00343658728525043 0.0032437068875879 0.00295026320964098 0.00250003021210432 0.00201233476400375 0.00174637185409665 0.00150659389328212 0.00142622424755245 0.00135869905352592 0.00134492991492152 0.001335613662377 0.00133569783065468 0.00132721476256847 0.00130826060194522 0.00128271384164691 0.00125236494932324 0.00122313189785928 0.00119436089880764 0.00117412023246288 0.00115555652882904 0.00114646239671856 0.00113846629392356 0.00113777141086757 0.0011367613915354 0.0011346434475854 0.00113405159208924 0.00113629398401827 0.00113681133370847
0.001423126203008 0.00142985687125474 0.00144747842568904 0.00147096428554505 0.00148605357389897 0.00149875471834093 0.00155004707630724 0.0016072487924248 0.00171734776813537 0.00184266082942486 0.002045365748927 0.00225074402987957 0.0024625773075968 0.00266426545567811 0.0028520249761641 0.00292931660078466 0.00291622639633715 0.0026991106569767 0.00238535250537097 0.00203236099332571 0.00166999502107501 0.00152234465349466 0.00139543146360666 0.00135564990341663 0.00132248539011925 0.00131701398640871 0.00131400919053704 0.00131621153559536 0.00130829610861838 0.00128801469691098 0.00126259785611182 0.00123344047460705 0.00120532256551087 0.0011776351602748 0.00115745328366756 0.00113874685484916 0.00112366082612425 0.00110980111639947 0.00110661191865802 0.00110383762512356 0.00110252224840224 0.00110290152952075 0.00110642786603421 0.00110724405385554
0.00137331220321357 0.00137770920991898 0.00139526906423271 0.00141991639975458 0.00144073565024883 0.00146046630106866 0.00148644624277949 0.00151360081508756 0.00155519915279001 0.00160583225078881 0.00170242425519973 0.0018343054689467 0.00205139606259763 0.00223601586185396 0.00237605744041502 0.00240183947607875 0.00233413791283965 0.00213273474946618 0.00186800037045032 0.00166006537619978 0.00146570161450654 0.00139024970121682 0.00132588820997626 0.0013040459016338 0.00128656171727926 0.00128731643781066 0.00128870573826134 0.00129143451340497 0.00128505926113576 0.00126755703240633 0.0012454898096621 0.00122009741608053 0.00119415810331702 0.00116799212992191 0.00114930921699852 0.00113209732808173 0.00111096701584756 0.00109097210224718 0.00108348461799324 0.00107736163772643 0.00107603578362614 0.00107641599606723 0.0010799648007378 0.0010809936793521
0.00138382206205279 0.00138930045068264 0.00140268029645085 0.0014203148894012 0.00143541512079537 0.00144979450851679 0.0014636340783909 0.00147749751340598 0.00149349810089916 0.00151408079545945 0.00155797123443335 0.00162954046390951 0.00176794314756989 0.00187861535232514 0.00195121753495187 0.00194620853289962 0.00187770021148026 0.0017340132035315 0.00155471567995846 0.00143781176302582 0.00133581575937569 0.00129678484518081 0.00126380973961204 0.00125601736363024 0.00125101488083601 0.00125768838915974 0.00126277341041714 0.00126450508832932 0.00125973951071501 0.00124703301116824 0.00122872274369001 0.00120633083861321 0.00118341983761638 0.00116029393393546 0.00114351522643119 0.00112798425834626 0.00110743718687445 0.00108779896982014 0.00107885512989014 0.00107163516804576 0.0010704769520089 0.00107043224852532 0.00107245554681867 0.00107258127536625
0.00142018555197865 0.00142820866312832 0.00143564376048744 0.00144276220817119 0.00144723639823496 0.00145095866173506 0.00145830295514315 0.00146605656482279 0.0014748468529433 0.00148450618144125 0.00149858591612428 0.00151549407746643 0.00153923151083291 0.00155157898552716 0.00154828978702426 0.00152136897668242 0.00147511356044561 0.00140714435838163 0.00132888974621892 0.00127986283041537 0.00123781920410693 0.0012198758777231 0.00120493047870696 0.00120952120050788 0.00121562974527478 0.00122809002641588 0.00123657146468759 0.00123665307182819 0.00123352708760649 0.00122648070100695 0.00121210201177746 0.00119238253682852 0.00117286434397101 0.00115342938806862 0.00113872857764363 0.00112495827488601 0.00110783474519849 0.00109133578371257 0.0010821531759575 0.00107480143196881 0.0010738872224465 0.00107323506381363 0.00107306952122599 0.00107181374914944
0.00147828715853393 0.00149422371760011 0.00150267442222685 0.00150709436275065 0.00150383985601366 0.00149840279482305 0.0014935564249754 0.00148893496952951 0.00148875138256699 0.0014866174897179 0.00147456291597337 0.00145872111897916 0.00143373478204012 0.0014051916077733 0.0013717656256631 0.0013419451424852 0.00131507473997772 0.00128049496561289 0.00124226359184831 0.00121315068099648 0.00118621648289263 0.00117235840298235 0.00116071559023112 0.00116824172437191 0.00117703434079885 0.00119112688116729 0.001199662219733 0.00119646545499563 0.00119353178888559 0.00119091931264848 0.00118166254833341 0.00116756628267467 0.00115428131539375 0.00114133243914694 0.00113405915908515 0.00112790171988308 0.00112043449189514 0.00111325294710696 0.0011093356879428 0.00110664370004088 0.00110826024319977 0.00110926071647555 0.00110911717638373 0.00110629014670849
0.001540886471048 0.00156584731303155 0.00157675379887223 0.00158009270671755 0.00156970880925655 0.00155542220454663 0.00153720681555569 0.00151891412679106 0.00150939170271158 0.00149528472684324 0.00145785638596863 0.00141379819251597 0.0013537312624976 0.00129618076607585 0.00124208466149867 0.00121329817920923 0.00120521930512041 0.00119527138303965 0.00118443800602108 0.00116531550884247 0.00114421255420893 0.00113092188257724 0.00111953471787274 0.00112804165109992 0.0011377747869119 0.00115263997577131 0.00116053747478873 0.00115372566506267 0.0011506846640259 0.00115225254558027 0.00114836415741593 0.00114050135016441 0.00113403738941997 0.00112815282773226 0.00112941418774426 0.00113208021502942 0.00113555893767625 0.00113897293340415 0.00114145979750901 0.00114441919140518 0.00114903948269784 0.00115216022823006 0.00115249620284885 0.00114805856719613
0.00160711328499019 0.0016320290742442 0.00164190609939396 0.00164368539117277 0.00163510220590979 0.00162357196677476 0.00160112476442009 0.00157767941709608 0.00155745551455766 0.00153198570478708 0.00147983012720942 0.0014222435420379 0.00135154335293919 0.00128570373635739 0.00122653727885336 0.00119396985974163 0.00118316512089223 0.00117415969725698 0.00116600666660815 0.00114754610694945 0.00112662278115749 0.00110831158235669 0.00109154346864671 0.00109462428372353 0.00109975587110966 0.00111347087658942 0.00112152332440019 0.00111762154847383 0.00111486145760864 0.00111349660437554 0.00111274479422718 0.001112439786084 0.00111545179970562 0.00111983763054013 0.00113219302147627 0.00114611512981355 0.00116043665912002 0.0011742259375751 0.0011826726840809 0.00119059951975942 0.00119669851846993 0.00120013847481459 0.001198640326038 0.00119328720029444
