Ecospace-environmental-drivers/Outputs/ASCII-for-ecospace/MOM6-ISIMIP3a/phyc/1999-08_phyc_MOM6-ISIMIP3a.asc
NCOLS 131 
NROWS 53 
XLLCORNER -98 
YLLCORNER 23.9265270233154 
CELLSIZE 0.133587792515755 
NODATA_value -9999 
[rows 19 to 37 of 53, columns 0 to 42 of 131]
-9999 -9999 -9999 -9999 -9999 -9999 -9999 -9999 0.00788725167512894 0.00722452765330672 0.00712021486833692 0.00704115955159068 0.00661215279251337 0.00630034180358052 0.00600053416565061 0.00535479607060552 0.00485837692394853 0.00446450151503086 0.00420424342155457 0.00399557966738939 0.00366746983490884 0.00331828091293573 0.00311377737671137 0.00291730463504791 0.00276135583408177 0.00259668286889791 0.00240372237749398 0.00221938686445355 0.00205010245554149 0.00192647764924914 0.00184983562212437 0.00178281392436475 0.00172165292315185 0.00163287168834358 0.00153488386422396 0.00142618641257286 0.00131642690394074 0.00126478564925492 0.00122256088070571 0.00124030304141343 0.00127627665642649 0.00136300176382065 0.00147550471592695
-9999 -9999 -9999 -9999 -9999 -9999 -9999 -9999 0.00854574143886566 0.00789148733019829 0.00722452765330672 0.00709495740011334 0.00704115955159068 0.00649495702236891 0.00591081660240889 0.0052829016931355 0.00474575441330671 0.0042709419503808 0.00387932732701302 0.00351983844302595 0.00325863691978157 0.00301477988250554 0.00287982658483088 0.00274557247757912 0.00259727565571666 0.00243553961627185 0.00223022839054465 0.00203388626687229 0.00185319571755826 0.00171466753818095 0.00161952374037355 0.00154251779895276 0.00147656130138785 0.00140623690094799 0.00133445661049336 0.00126908824313432 0.00120486388914287 0.00117645505815744 0.00115155417006463 0.00114899280015379 0.00115428096614778 0.00118142040446401 0.00122888770420104
-9999 -9999 -9999 -9999 -9999 -9999 0.00992027390748262 0.00974557641893625 0.00927567575126886 0.00854574143886566 0.00790419243276119 0.00722452765330672 0.00701918546110392 0.00640752958133817 0.00579866906628013 0.00519303325563669 0.00460497615858912 0.00402899133041501 0.00359044782817364 0.0032049750443548 0.00299885985441506 0.00282439566217363 0.00274092564359307 0.00265244604088366 0.00250561675056815 0.00234375637955964 0.00213315943256021 0.00193257455248386 0.00174946163315326 0.00160115235485137 0.00148865510709584 0.00140301778446883 0.00133374345023185 0.00127920228987932 0.00122957210987806 0.00119819911196828 0.00116947223432362 0.00115782639477402 0.00114597484935075 0.00113281316589564 0.00111949688289315 0.00110575079452246 0.00110067590139806
-9999 -9999 -9999 -9999 -9999 -9999 0.00994440726935863 0.00992027390748262 0.00957087986171246 0.00906580686569214 0.00854574143886566 0.00794230960309505 0.00735095608979464 0.00678350171074271 0.00616720644757152 0.00549455592408776 0.00485392147675157 0.00423527369275689 0.00374953378923237 0.00331511488184333 0.00308047374710441 0.00288108736276627 0.00279408949427307 0.00270605483092368 0.0025888744276017 0.00246035004965961 0.00229504331946373 0.00213455478660762 0.00198247423395514 0.00185241049621254 0.00174500106368214 0.00165768747683614 0.00158261600881815 0.0015243737725541 0.0014717411249876 0.00143856997601688 0.00140815949998796 0.00138763047289103 0.00136600248515606 0.00133737700525671 0.00130705663468689 0.00127201771829277 0.00123897253070027
-9999 -9999 -9999 -9999 0.0098655903711915 0.00993259530514479 0.0099751790985465 0.00993776880204678 0.00992027390748262 0.00922148488461971 0.00857572816312313 0.00813295319676399 0.0076592662371695 0.007124412804842 0.0064954818226397 0.00575799867510796 0.00507673993706703 0.00443409383296967 0.00391401303932071 0.00344125973060727 0.00317833293229342 0.00295243412256241 0.00285911909304559 0.00276919198222458 0.00268330308608711 0.00259009306319058 0.00247314455918968 0.00235563376918435 0.00223714183084667 0.00212789629586041 0.00202816491946578 0.00194055389147252 0.00186032615602016 0.00179711577948183 0.00173957785591483 0.00170118024107069 0.00166545435786247 0.00163339148275554 0.0015996313886717 0.0015550620155409 0.00150791136547923 0.0014535749796778 0.00139547034632415
-9999 -9999 -9999 -9999 0.00971719063818455 0.00983739830553532 0.00989001151174307 0.0099751790985465 0.00991785433143377 0.00918827671557665 0.00847713369876146 0.00783655419945717 0.00713141914457083 0.00629854528233409 0.0055492022074759 0.00489624170586467 0.00437372969463468 0.00394080253317952 0.00359884486533701 0.00329201389104128 0.00311089726164937 0.00295196520164609 0.00287614716216922 0.00280329817906022 0.00274002528749406 0.00267229950986803 0.00259013590402901 0.00250686868093908 0.00242167571559548 0.00234012701548636 0.00226232828572392 0.0021883430890739 0.0021166808437556 0.00205232901498675 0.0019904135260731 0.00193565629888326 0.00188188103493303 0.00182710459921509 0.00177131209056824 0.00170904910191894 0.00164590938948095 0.00158032914623618 0.00151400349568576
-9999 -9999 -9999 -9999 -9999 0.00971719063818455 0.009767210111022 0.00980484392493963 0.00982559658586979 0.00900769792497158 0.00817930418998003 0.00731073832139373 0.00639403238892555 0.00538207171484828 0.0045905839651823 0.00405348744243383 0.00369325745850801 0.00345448963344097 0.00327575649134815 0.00312020536512136 0.00301674450747669 0.00292247626930475 0.00286738434806466 0.00281462003476918 0.00277410238049924 0.00273129623383284 0.00268107117153704 0.00262859044596553 0.0025721734855324 0.00251354486681521 0.00245264009572566 0.00238701095804572 0.00231850380077958 0.00224793329834938 0.00217667524702847 0.00210276385769248 0.00202845991589129 0.00195057154633105 0.00187258596997708 0.00179398071486503 0.00171648967079818 0.00164210039656609 0.00157009344547987
-9999 -9999 -9999 -9999 -9999 0.00971779506653547 0.00971719063818455 0.00957162771373987 0.00933942012488842 0.0081809451803565 0.00700788386166096 0.0057789902202785 0.00473787495866418 0.00406831875443459 0.00357786077074707 0.00329405325464904 0.00311160809360445 0.00299877324141562 0.00291794142685831 0.00284946686588228 0.00280544627457857 0.00276574096642435 0.00274553569033742 0.00272603891789913 0.00270888698287308 0.00268852547742426 0.00265775783918798 0.00262090470641851 0.002573432167992 0.00251677772030234 0.00245067593641579 0.00237029627896845 0.00228121899999678 0.0021821700502187 0.00207979721017182 0.00197447929531336 0.00186877569649369 0.00176602916326374 0.00166514539159834 0.00157612375915051 0.00149146257899702 0.00141893932595849 0.00135238724760711
-9999 -9999 0.00972411967813969 0.00972221698611975 0.00971879996359348 0.0097183994948864 0.0097177941352129 0.0092436745762825 0.00866796355694532 0.00719312578439713 0.00575462682172656 0.00445521716028452 0.00346507667563856 0.00308689218945801 0.00283901509828866 0.00274149212054908 0.00268701789900661 0.00266210664995015 0.00264910026453435 0.00264069065451622 0.00263612810522318 0.00263224449008703 0.00263561122119427 0.00263870437629521 0.00263819564133883 0.00263336580246687 0.00261452561244369 0.00258412049151957 0.00253353314474225 0.00246238638646901 0.00237008463591337 0.00225676828995347 0.00213065044954419 0.00199593976140022 0.00185836479067802 0.00172958965413272 0.00160218006931245 0.00149551627691835 0.00139240408316255 0.00131190975662321 0.00123711256310344 0.00117817486170679 0.00112631393130869
-9999.000000000000000 -9999 -9999 -9999 0.00972945336252451 0.00971919950097799 0.00971956830471754 0.00870901811867952 0.00759225524961948 0.00585388205945492 0.0043228124268353 0.00358521449379623 0.00302871316671371 0.00283055170439184 0.00269772950559855 0.00264029856771231 0.00260510738007724 0.00258518941700459 0.00257438793778419 0.00256710662506521 0.002558404346928 0.00254945154301822 0.002551703248173 0.00255408976227045 0.00255555636249483 0.00255117495544255 0.00252783321775496 0.00248384708538651 0.00240383460186422 0.00228226743638515 0.00211794069036841 0.00193200819194317 0.00173291377723217 0.00154686812311411 0.00136517209466547 0.00123028410598636 0.00110231933649629 0.00103742815554142 0.000977186136879027 0.000946551270317286 0.000918784469831735 0.000899001897778362 0.000881985062733293
-9999 -9999 -9999 -9999 0.00974637363106012 0.00975076016038656 0.00973972026258707 0.0082809878513217 0.00672662770375609 0.00494434731081128 0.00344999739900231 0.00305772526189685 0.00276622059755027 0.00267410627566278 0.00260658282786608 0.0025674335192889 0.0025407939683646 0.00252274516969919 0.00251647387631238 0.00251475046388805 0.00250122882425785 0.00248562544584274 0.00248204031959176 0.00247797742486 0.00246774102561176 0.00244892272166908 0.00240227719768882 0.00232440559193492 0.00219204137101769 0.00200971122831106 0.00177596707362682 0.00154777988791466 0.0013229779433459 0.00114297901745886 0.000977914314717054 0.000872274045832455 0.000775337975937873 0.000746670120861381 0.000721863412763923 0.000721646065358073 0.000722142809536308 0.00072462746175006 0.000727207865566015
-9999 -9999 -9999 -9999 0.00975996069610119 0.00976916123181581 0.00978052150458097 0.00798710528761148 0.00612529926002026 0.00457542156800628 0.00328044942580163 0.00296114664524794 0.00272247171960771 0.00264333677478135 0.00257851486094296 0.00253020832315087 0.00249861879274249 0.00247850921005011 0.00247969361953437 0.00248910044319928 0.00246990495361388 0.00244566192850471 0.00243029883131385 0.00241256109438837 0.00237341434694827 0.00232143141329288 0.00222782790660858 0.00209052604623139 0.00187696586363018 0.00162086170166731 0.001320980489254 0.00108873576391488 0.000897694495506585 0.000795933126937598 0.000723931472748518 0.000692025350872427 0.000665853207465261 0.000666426902171224 0.000667701882775873 0.000673442729748785 0.000678592768963426 0.000682098267134279 0.000685094157233834
-9999 -9999 -9999 -9999 0.00976916123181581 0.00978291314095259 0.0097990557551384 0.0079426895827055 0.00602376786991954 0.00451702484861016 0.00325736729428172 0.00294344872236252 0.00270747463218868 0.0026257298886776 0.00255071092396975 0.00248345243744552 0.0024437066167593 0.00242285523563623 0.00243799993768334 0.0024670441634953 0.00244916626252234 0.00242300843819976 0.00238987803459167 0.00235048262402415 0.0022601499222219 0.00215351884253323 0.00199404079467058 0.00179526873398572 0.00152792513836175 0.00126003625337034 0.000991586362943053 0.000808515935204923 0.000677458010613918 0.000627256056759506 0.000604005937930197 0.00060609943466261 0.000611742259934545 0.000623845786321908 0.000635267526376992 0.000642347265966237 0.000648438406642526 0.00065177766373381 0.000654476229101419
-9999 -9999 -9999 -9999 0.00978371035307646 0.0097990557551384 0.00817091017961502 0.00808537751436234 0.0062970882281661 0.00469152675941586 0.00334413605742157 0.00298491236753762 0.00271404138766229 0.00261799502186477 0.00252310466021299 0.00242954795248806 0.00237924186512828 0.00235863775014877 0.0023926212452352 0.00244768289849162 0.0024363670963794 0.0024133378174156 0.00235794810578227 0.00229090754874051 0.00213268236257136 0.00195529009215534 0.00171574938576669 0.00145397754386067 0.00115341017954051 0.000920229242183268 0.000756387715227902 0.000662416103295982 0.000611008668784052 0.000592357362620533 0.000584624649491161 0.000590916664805263 0.000599162129219621 0.000609511625953019 0.000619128870312124 0.00062408292433247 0.000628330977633595 0.000630613707471639 0.00063248019432649
-9999 -9999 -9999 -9999 0.0097990557551384 0.00807449966669083 0.00733849359676242 0.00685651786625385 0.0066684172488749 0.00490604434162378 0.00342435971833766 0.00301702995784581 0.00271186023019254 0.002608836395666 0.00249725626781583 0.00237580318935215 0.0023056014906615 0.00227059633471072 0.00232297019101679 0.00240908470004797 0.00241585168987513 0.00240861671045423 0.00233195978216827 0.00223889574408531 0.00202177325263619 0.00178446806967258 0.00148172257468104 0.00119480025023222 0.00093549070879817 0.000757140573114157 0.00066209607757628 0.000613518292084336 0.000593247532378882 0.000586065114475787 0.000583245418965816 0.000588832655921578 0.000595587422139943 0.000603127875365317 0.000610127346590161 0.000613681855611503 0.00061688240384683 0.000619097671005875 0.000621130573563278
-9999 -9999 -9999 -9999 -9999 0.00710884621366858 0.00698954053223133 0.00707358540967107 0.00708175031468272 0.00513771176338196 0.003501778235659 0.00304514192976058 0.00270592980086803 0.00259906775318086 0.00247216131538153 0.00232212687842548 0.00222802860662341 0.00217234436422586 0.00224291672930121 0.00236224150285125 0.00239202938973904 0.00240601669065654 0.00230851816013455 0.00219012540765107 0.00191796070430428 0.00162539212033153 0.00126666657160968 0.000970815133769065 0.000784684612881392 0.000669789500534534 0.000628194131422788 0.000606279063504189 0.000596353027503937 0.000592032971326262 0.00058958149747923 0.000592362543102354 0.000595872290432453 0.000600151543039829 0.000604184693656862 0.000606650835834444 0.000609144859481603 0.000611716590356082 0.00061434373492375
-9999 -9999 -9999 -9999 -9999 0.00686567835509777 0.00699850544333458 0.00703851785510778 0.00690600229427218 0.00501429568976164 0.00342790549620986 0.00301013584248722 0.00269581796601415 0.00258620246313512 0.00244421209208667 0.00226486590690911 0.00213797250762582 0.00204710033722222 0.00211507035419345 0.00224437471479177 0.0023215520195663 0.00238953018561006 0.00229440885595977 0.0021752726752311 0.00188577524386346 0.00157638906966895 0.00120251614134759 0.000906644389033318 0.000746891717426479 0.000653782859444618 0.000629249319899827 0.000617529964074492 0.000613616954069585 0.000611466879490763 0.000609904411248863 0.000610150455031544 0.000610655115451664 0.000612351868767291 0.000614007585681975 0.000615402008406818 0.000616902951151133 0.00061870040372014 0.000620345992501825
-9999 -9999 -9999 -9999 -9999 0.00648751761764288 0.00660898955538869 0.0068834125995636 0.00660837255418301 0.00481741270050406 0.00332273007370532 0.00296207051724195 0.00268484116531909 0.00257269642315805 0.00241567217744887 0.00220686360262334 0.00204533361829817 0.00191627175081521 0.00197733519598842 0.00211181305348873 0.00224142149090767 0.00237017055042088 0.00228223064914346 0.0021674376912415 0.00186840957030654 0.00155016023200005 0.00116958830039948 0.00087553943740204 0.000732481305021793 0.000652537506539375 0.000637537101283669 0.000632606504950672 0.000633810297586024 0.000633686897344887 0.000633121177088469 0.00063088838942349 0.000628437555860728 0.000627692264970392 0.000627092376817018 0.000627418572548777 0.000627867120783776 0.000628656300250441 0.000628994312137365
-9999 -9999 -9999 -9999 -9999 -9999 0.00585505831986666 0.0059050377458334 0.00578603520989418 0.00438932329416275 0.00322101358324289 0.00292693055234849 0.00268410937860608 0.00254272157326341 0.00235690455883741 0.00211982289329171 0.00193292996846139 0.00178050377871841 0.00182614510413259 0.00194826780352741 0.00213291682302952 0.0023285998031497 0.00227101123891771 0.00218458101153374 0.00190402311272919 0.0016000367468223 0.00122008612379432 0.000920355378184468 0.000760615104809403 0.000670129316858947 0.000650905072689056 0.000644787156488746 0.000646653468720615 0.000647422741167247 0.00064782629488036 0.000645747990347445 0.000643334700725973 0.000642045342829078 0.000640792073681951 0.000639768783003092 0.000638282333966345 0.000635506585240364 0.000631352653726935
