Ecospace-environmental-drivers/Outputs/ASCII-for-ecospace/MOM6-ISIMIP3a/phyc/2000-03_phyc_MOM6-ISIMIP3a.asc
NCOLS 131 
NROWS 53 
XLLCORNER -98 
YLLCORNER 23.9265270233154 
CELLSIZE 0.133587792515755 
NODATA_value -9999 
[rows 19 to 37 of 53, columns 44 to 87 of 131]
0.00353906070813537 0.00354043068364263 0.00362470629625022 0.00375362299382687 0.00402457639575005 0.00433592451736331 0.00467169936746359 0.00500291306525469 0.00514350598677993 0.00530776055529714 0.00559237878769636 0.0058149010874331 0.00588748464360833 0.00579949608072639 0.00549106346443295 0.00560048362240195 0.00605177972465754 0.00600791163742542 0.00572949554771185 0.00540021061897278 0.00505877193063498 0.00500762043520808 0.00497584417462349 0.0049358126707375 0.00488996645435691 0.00481978198513389 0.00471034273505211 0.00451803300529718 0.00438081379979849 0.00431092549115419 0.0043712854385376 0.00452651595696807 0.00469399383291602 0.00486654322594404 0.00479708798229694 0.00468006124719977 0.00443554762750864 0.00419721845537424 0.00406541908159852 0.00395832257345319 0.00393808260560036 0.00390406046062708 0.00384444440715015 0.00375378783792257
0.00278550409711897 0.00273500336334109 0.00274128909222782 0.00277815200388432 0.00293322815559804 0.00312192435376346 0.00334380427375436 0.00356435729190707 0.00365738430991769 0.00377441802993417 0.00401357049122453 0.00422255136072636 0.00435868138447404 0.00436103157699108 0.00417971983551979 0.00437316810712218 0.00487323431298137 0.00491936085745692 0.00475046597421169 0.00450933165848255 0.00425093714147806 0.0041856556199491 0.00413296511396766 0.00407044449821115 0.00401101866737008 0.00396454380825162 0.00388766964897513 0.00374661921523511 0.00364363845437765 0.00358718633651733 0.00364840519614518 0.00379533413797617 0.00401592906564474 0.00426703179255128 0.00428277160972357 0.00425224471837282 0.0040521714836359 0.00385457812808454 0.00374254258349538 0.00365973613224924 0.00367970205843449 0.00368965812958777 0.00368102476932108 0.00362579571083188
0.00215081521309912 0.00208556768484414 0.00203866139054298 0.0020016310736537 0.00203554262407124 0.00208963034674525 0.00216815015301108 0.00224734470248222 0.00227723154239357 0.00232847011648118 0.00248832092620432 0.00265784398652613 0.0028507225215435 0.00295107555575669 0.00292440410703421 0.00319368066266179 0.00370509386993945 0.00385657022707164 0.00383755192160606 0.0037083295173943 0.00355277536436915 0.00348719907924533 0.00342620816081762 0.00334198609925807 0.00326545140706003 0.00322108762338758 0.00315452949143946 0.00304111745208502 0.00295600458048284 0.00290547916665673 0.00296088890172541 0.00309346010908484 0.00335562089458108 0.00367144937627017 0.00376227241940796 0.00380886509083211 0.00365641876123846 0.003503322834149 0.0034158849157393 0.00335982139222324 0.00341407163068652 0.00346457283012569 0.00350811239331961 0.00348884658887982
0.00185664859600365 0.00182007486000657 0.00179442297667265 0.00177465192973614 0.00179389829281718 0.00182424101512879 0.00186841026879847 0.00191307440400124 0.00193289131857455 0.00196420517750084 0.00205400190316141 0.00215386389754713 0.00227802945300937 0.00234239222481847 0.00232465378940105 0.00250848312862217 0.00285722920671105 0.00297869322821498 0.00299249892123044 0.00293032801710069 0.00285000377334654 0.00280887889675796 0.00276929582469165 0.00271295756101608 0.00266257766634226 0.00263713346794248 0.0025948341935873 0.00251695257611573 0.00247085257433355 0.00246359594166279 0.00254273694008589 0.00268480856902897 0.00291760172694921 0.00318796560168266 0.00327296298928559 0.0033215219154954 0.00322726345621049 0.00313121336512268 0.00306933000683784 0.00303708855062723 0.00310906954109669 0.00317531474865973 0.00323090818710625 0.00322931492701173
0.00160168309230357 0.00159668282140046 0.00159804918803275 0.00160284363664687 0.00161708088126034 0.00163400359451771 0.00165377650409937 0.00167358526960015 0.00168648664839566 0.00170092016924173 0.00172314746305346 0.00175256165675819 0.00179932918399572 0.0018174919532612 0.00179638434201479 0.00188405974768102 0.00206073862500489 0.00214186892844737 0.00217774044722319 0.00217680027708411 0.00216706492938101 0.00215179193764925 0.00213549402542412 0.00210981513373554 0.00208800984546542 0.00208241608925164 0.00206516939215362 0.00202332180924714 0.00201672315597534 0.00205320632085204 0.00215623574331403 0.00230773608200252 0.00250528822652996 0.00272191176190972 0.00279499613679945 0.00283986423164606 0.00280179013498127 0.00276099913753569 0.00272367405705154 0.00271412171423435 0.0028022185433656 0.00288210506550968 0.00294674350880086 0.00296148261986673
0.00156132434494793 0.00158062612172216 0.00160962052177638 0.00164383393712342 0.00167721207253635 0.00171035272069275 0.00173161341808736 0.00175060878973454 0.00174127845093608 0.00173083855770528 0.00171475415118039 0.00169908010866493 0.00168439676053822 0.00165798037778586 0.00161545642185956 0.00163503515068442 0.00170542462728918 0.0017477294895798 0.00177673145662993 0.00179791869595647 0.00181723874993622 0.0018195133889094 0.00181976438034326 0.0018076051492244 0.00179938797373325 0.00180766929406673 0.00181087106466293 0.00180334935430437 0.00181747751776129 0.00185806618537754 0.00195007573347539 0.00207953946664929 0.00223497836850584 0.00240117451176047 0.00246460037305951 0.00250782421790063 0.00247947475872934 0.0024485292378813 0.00241811363957822 0.00241626123897731 0.00251483940519392 0.00260515091940761 0.00268011027947068 0.00271228281781077
0.00152830313891172 0.00157178763765842 0.00162553682457656 0.0016848131781444 0.00173312542028725 0.00177831959445029 0.00179677177220583 0.00181075627915561 0.00177802052348852 0.00174243887886405 0.00169237970840186 0.00163822411559522 0.00157417729496956 0.00151309825014323 0.0014560935087502 0.0014221181627363 0.0014069847529754 0.00141745305154473 0.00144004821777344 0.00147820066194981 0.00152007024735212 0.00153368874453008 0.00154460221529007 0.00154439173638821 0.00154763774480671 0.00156534905545413 0.0015841550193727 0.00160527194384485 0.00163736497052014 0.00168287323322147 0.00176474382169545 0.00187310029286891 0.0019907217938453 0.00211217999458313 0.00217005610466003 0.00221543363295496 0.00219790590927005 0.00217776373028755 0.00215483969077468 0.00215959851630032 0.00226169195957482 0.00235625356435776 0.00243682810105383 0.00248278514482081
0.00152745482046157 0.00159459840506315 0.00166050449479371 0.00172574433963746 0.0017705449135974 0.00180953240487725 0.00180633878335357 0.00179690669756383 0.00173561950214207 0.00167371949646622 0.0016087016556412 0.00154503330122679 0.00148462352808565 0.00143236212898046 0.00139128742739558 0.00136752321850508 0.00135792186483741 0.00136719760484993 0.00138541497290134 0.00141789868939668 0.00145379127934575 0.00145155133213848 0.00144731590989977 0.0014521679840982 0.00145755964331329 0.00146521022543311 0.00147837912663817 0.00150319747626781 0.00154114607721567 0.00159514276310802 0.00167073681950569 0.0017620618455112 0.0018607007805258 0.0019623686093837 0.00203271047212183 0.00209689442999661 0.00209499779157341 0.00208986131474376 0.00207698135636747 0.00208357558585703 0.0021586415823549 0.00223037879914045 0.00229593412950635 0.00233967509120703
0.00152637914288789 0.0016056242166087 0.00167241727467626 0.0017325053922832 0.00176970881875604 0.00180040369741619 0.00178355828393251 0.00175999011844397 0.00168630154803395 0.00161293894052505 0.00154123373795301 0.00147398398257792 0.0014174923999235 0.00137148494832218 0.00133987073786557 0.00132107606623322 0.00131276983302087 0.00131703913211823 0.00132726493757218 0.00135116232559085 0.00137832621112466 0.00136846338864416 0.00135748845059425 0.00136734975967556 0.00137628649827093 0.00138135405723006 0.00139554985798895 0.00142901623621583 0.00147655641194433 0.00154129776638001 0.00161559320986271 0.00169684772845358 0.00177976989652961 0.00186338275671005 0.00193921104073524 0.00201350916177034 0.0020210596267134 0.00202538003213704 0.00202229339629412 0.00203249347396195 0.00208941148594022 0.00214492343366146 0.00219782488420606 0.00223833369091153
0.00152480695396662 0.00159093749243766 0.00163402780890465 0.00166471197735518 0.00168540456797928 0.00170325569342822 0.00169020041357726 0.00167274475097656 0.00162189186085016 0.00156947947107255 0.00150913395918906 0.00145124434493482 0.00139928446151316 0.00135393708478659 0.00131766789127141 0.00129240623209625 0.00127615081146359 0.00126709195319563 0.00126144208479673 0.00127038673963398 0.00128281849902123 0.00128330185543746 0.00128393457271159 0.00129868963267654 0.00131422455888242 0.00133302400354296 0.00136278674472123 0.0014156938996166 0.00148097693454474 0.00156138581223786 0.00164524430874735 0.00173161551356316 0.00180594634730369 0.00187529064714909 0.00194137741345912 0.00200682389549911 0.00201032962650061 0.00201200088486075 0.00201815972104669 0.00203582947142422 0.00209397217258811 0.00214765733107924 0.00219306512735784 0.00222812592983246
0.0014939873944968 0.00154431792907417 0.00157217786181718 0.00158793840091676 0.00160345027688891 0.00161889148876071 0.00161543232388794 0.00160903390496969 0.00157551257871091 0.00153855851385742 0.00148414238356054 0.00143108423799276 0.00138130516279489 0.0013353805989027 0.00129474780987948 0.00126361881848425 0.00124026567209512 0.00122414773795754 0.00121145707089454 0.00121174927335232 0.00121514347847551 0.00122312130406499 0.00123226817231625 0.00125384924467653 0.00127829296980053 0.00131471711210907 0.00136294157709926 0.00143607775680721 0.001517424127087 0.00160880491603166 0.00169661082327366 0.00178181298542768 0.00184389133937657 0.00189639336895198 0.00194159359671175 0.00198535853996873 0.00197644322179258 0.00196834583766758 0.00198729592375457 0.00201850850135088 0.0020928350277245 0.00215181917883456 0.00218231044709682 0.00220683682709932
0.0014263722114265 0.00145752460230142 0.00148081302177161 0.00149986695032567 0.00152445223648101 0.0015506106428802 0.00156405149027705 0.00157493131700903 0.00155181705486029 0.00152341194916517 0.00146809325087816 0.00141416944097728 0.00136361352633685 0.00131555506959558 0.00127092539332807 0.00123468332458287 0.00120530382264405 0.00119001371785998 0.00118139735423028 0.00118096335791051 0.00118248432409018 0.00119436869863421 0.00120813783723861 0.00123897625599056 0.00127523543778807 0.00133418163750321 0.00140450987964869 0.00149886682629585 0.00159416347742081 0.00169060868211091 0.00177529721986502 0.00185142224654555 0.00189664249774069 0.00192906393203884 0.00193935632705688 0.00194529863074422 0.00191342434845865 0.00188660132698715 0.00192280358169228 0.00197519897483289 0.00208452995866537 0.0021577775478363 0.00216401391662657 0.00217160675674677
0.00134154676925391 0.00136572390329093 0.00139034271705896 0.00141519936732948 0.00144700484815985 0.00148078647907823 0.00150781241245568 0.0015328781446442 0.00152368703857064 0.00150765432044864 0.00145681924186647 0.0014044480631128 0.00134836765937507 0.00129638367798179 0.00125002348795533 0.00121311389375478 0.00118393660522997 0.00116922042798251 0.00116135401185602 0.00116086343768984 0.0011621352750808 0.00117991690058261 0.00120042182970792 0.00124405568931252 0.00129483686760068 0.00137552956584841 0.00146487867459655 0.00157250196207315 0.00167095568031073 0.00175820232834667 0.00182552263140678 0.00187832885421813 0.00190293090417981 0.00191585253924131 0.00189251103438437 0.001862041070126 0.00181652640458196 0.00177858199458569 0.00182003411464393 0.00187989766709507 0.00200449698604643 0.00207868358120322 0.00205924827605486 0.00205144332721829
0.00124381354544312 0.00127016787882894 0.00130054354667664 0.00133308465592563 0.0013707202160731 0.0014098045649007 0.00144792976789176 0.00148486183024943 0.0014922310365364 0.00149143836461008 0.00144912640098482 0.00140012160409242 0.00133495626505464 0.00127770297694951 0.00123131193686277 0.00119706918485463 0.0011727656237781 0.00115843291860074 0.00114882306661457 0.00114877836313099 0.00115101889241487 0.00117619067896158 0.00120501662604511 0.00126409984659404 0.00133143260609359 0.00143329030834138 0.00153934792615473 0.00165427173487842 0.00174778746441007 0.00181513815186918 0.00185440212953836 0.00187320809345692 0.00187437178101391 0.00186822924297303 0.00181220937520266 0.00174638477619737 0.00169421860482544 0.00165085622575134 0.00168855639640242 0.00174560211598873 0.00187066744547337 0.00193579972255975 0.00188962952233851 0.00186757871415466
0.00118066184222698 0.001202855957672 0.00123414711561054 0.00127033656463027 0.00130906887352467 0.00134852423798293 0.00138574826996773 0.00142223772127181 0.00144505989737809 0.0014607198536396 0.00143994682002813 0.00140713748987764 0.00134526542387903 0.00128560117445886 0.00122896791435778 0.00118837621994317 0.00116090918891132 0.00114522303920239 0.00113511725794524 0.00113742926623672 0.00114270823542029 0.00117492617573589 0.00121126824524254 0.00128069799393415 0.00135801755823195 0.00146835658233613 0.00157928687985986 0.00169146538246423 0.00177414331119508 0.00182076543569565 0.00182993325870484 0.00181181996595114 0.00179175939410925 0.00177089218050241 0.00170398969203234 0.00162803777493536 0.00157600140664726 0.00153138651512563 0.0015506170457229 0.00158612011000514 0.00167883827816695 0.00172560627106577 0.00168703962117434 0.0016790833324194
0.00113233085721731 0.00114764890167862 0.00117778044659644 0.0012158885365352 0.00125368894077837 0.00129140180069953 0.00132258166559041 0.00135335314553231 0.00139115343336016 0.00142378592863679 0.00143012998159975 0.00141901441384107 0.00136574078351259 0.00130489049479365 0.00123363872990012 0.00118283415213227 0.00114875903818756 0.00113097508437932 0.00112090783659369 0.00112639565486461 0.00113559991586953 0.00117471686098725 0.00121822988148779 0.00129581929650158 0.00138031202368438 0.00149369647260755 0.00160442700143903 0.00170955481007695 0.00177886628080159 0.00180440302938223 0.00178260053507984 0.00172631698660553 0.001685980707407 0.00165224890224636 0.00158380495849997 0.00150853744708002 0.00145953753963113 0.00141545501537621 0.00140990829095244 0.00141584372613579 0.00146215176209807 0.00148656545206904 0.00147031899541616 0.00148860330227762
0.00110936805140227 0.00112297048326582 0.00115630379877985 0.00120026152580976 0.00123711337801069 0.00127194437664002 0.00129426340572536 0.0013157797511667 0.00135020655579865 0.00138545909430832 0.00142491247970611 0.00144322868436575 0.0014105070149526 0.00135744689032435 0.00127646478358656 0.00120945868548006 0.00115388748236001 0.00112552649807185 0.00111005431972444 0.00111552642192692 0.00112600275315344 0.00116532808169723 0.00120884855277836 0.00128458288963884 0.00136719655711204 0.00147860171273351 0.00158600055146962 0.00168494193349034 0.00174669467378408 0.00176299526356161 0.00172037072479725 0.00163482618518174 0.00157701969146729 0.00153070047963411 0.00146342697553337 0.0013920342316851 0.00134750618599355 0.00130716874264181 0.00129804853349924 0.00129999278578907 0.00134084036108106 0.00136467174161226 0.00135690229944885 0.00137571652885526
0.00109165394678712 0.0011046085273847 0.00114204606506974 0.00119266659021378 0.00122856651432812 0.00126028002705425 0.00127315521240234 0.00128468475304544 0.00131194095592946 0.001346844015643 0.00142064655665308 0.00146999547723681 0.00146029912866652 0.00141688622534275 0.00132718507666141 0.00124273844994605 0.00116259092465043 0.00112189841456711 0.00109989510383457 0.0011046911822632 0.00111589068546891 0.00115404010284692 0.00119608570821583 0.00126789300702512 0.00134675472509116 0.00145514088217169 0.00155856006313115 0.00165149383246899 0.0017068893648684 0.0017164055025205 0.00165505870245397 0.00154209649190307 0.001467400114052 0.00140855100471526 0.00134300894569606 0.00127615116070956 0.00123639206867665 0.00120046408846974 0.00119215762242675 0.00119540235027671 0.00123926205560565 0.00126701581757516 0.00126485934015363 0.00127888389397413
0.0010966636473313 0.00111895275767893 0.00115055043715984 0.00118716037832201 0.00123066443484277 0.00127612915821373 0.00129215221386403 0.00130537303630263 0.00132430042140186 0.00135230971500278 0.00142651831265539 0.0014785974053666 0.00147724256385118 0.00144566863309592 0.00137260789051652 0.00129186001140624 0.00120482291094959 0.00115072820335627 0.0011122376890853 0.00110721902456135 0.00111019785981625 0.0011437643552199 0.00118162611033767 0.00125142012257129 0.00132852955721319 0.00143625529017299 0.00153727037832141 0.00162411900237203 0.00165731878951192 0.00162494869437069 0.00155133963562548 0.00144769297912717 0.00138314568903297 0.00133479083888233 0.00128046330064535 0.00122496159747243 0.0011927392333746 0.00116331304889172 0.00115277990698814 0.00114999362267554 0.00117444572970271 0.00118970987387002 0.00118791090790182 0.00119498348794878
