Ecospace-environmental-drivers/Outputs/ASCII-for-ecospace/MOM6-ISIMIP3a/phyc/2000-04_phyc_MOM6-ISIMIP3a.asc
NCOLS 131 
NROWS 53 
XLLCORNER -98 
YLLCORNER 23.9265270233154 
CELLSIZE 0.133587792515755 
NODATA_value -9999 
[rows 19 to 37 of 53, columns 0 to 43 of 131]
-9999 -9999 -9999 -9999 -9999 -9999 -9999 -9999 0.00559358391910791 0.00602483516559005 0.00604138989001513 0.00609350902959704 0.00655535515397787 0.0072744875214994 0.00710848532617092 0.00675094220787287 0.00640900991857052 0.00607779808342457 0.00575604382902384 0.00543794129043818 0.00498077226802707 0.00449906243011355 0.00425340188667178 0.00402534613385797 0.00390092516317964 0.00379099743440747 0.00372806307859719 0.0036527500487864 0.0035558354575187 0.00347473984584212 0.00340992142446339 0.00336914416402578 0.00334301218390465 0.00333364796824753 0.00332987285219133 0.00329254753887653 0.00325079169124365 0.00323770544491708 0.00321911252103746 0.00316544994711876 0.00309342960827053 0.00297030573710799 0.0028599095530808 0.00276918360032141
-9999 -9999 -9999 -9999 -9999 -9999 -9999 -9999 0.00519395573064685 0.00556196086108685 0.00602483516559005 0.00600582547485828 0.00609350902959704 0.00629806937649846 0.00624118512496352 0.00588263478130102 0.00554688740521669 0.00522679975256324 0.00487156119197607 0.00450274953618646 0.00417704740539193 0.00385895231738687 0.00369063555262983 0.00353014678694308 0.00340756168588996 0.00329386512748897 0.00320899020880461 0.00311620160937309 0.00300960335880518 0.0029130126349628 0.00282672001048923 0.00276214396581054 0.00271079782396555 0.00269021093845367 0.0026798767503351 0.00266424566507339 0.00264814728870988 0.00266879959963262 0.0026842225342989 0.00266634300351143 0.00262652314268053 0.00252562644891441 0.0024256706237793 0.0023271688260138
-9999 -9999 -9999 -9999 -9999 -9999 0.00579882692545652 0.00571097759529948 0.00549842417240143 0.00519395573064685 0.00546709168702364 0.00602483516559005 0.00589913222938776 0.00552469864487648 0.00515705440193415 0.00479724491015077 0.00446922890841961 0.00416304636746645 0.00390583486296237 0.00366753246635199 0.00350583391264081 0.00335765327326953 0.00323710544034839 0.00311561208218336 0.00298119732178748 0.00285326060838997 0.00274632941000164 0.00263882637955248 0.00253032520413399 0.00242527690716088 0.00232378183864057 0.00223832298070192 0.00216263323090971 0.00212411885149777 0.00209799618460238 0.00208761286921799 0.00207975180819631 0.00212012091651559 0.00215861992910504 0.00218520942144096 0.00219200644642115 0.00214370549656451 0.00208538700826466 0.00201158714480698
-9999 -9999 -9999 -9999 -9999 -9999 0.00580885214731097 0.00579882692545652 0.00562312826514244 0.00537778623402119 0.00519395573064685 0.00518248416483402 0.0050546582788229 0.00469660060480237 0.00436779484152794 0.00407274067401886 0.00381708750501275 0.00358849298208952 0.0034023798070848 0.00323267048224807 0.00312659400515258 0.00303174671716988 0.00294470530934632 0.00285533582791686 0.00274513754993677 0.0026387358084321 0.00254464452154934 0.00245141424238682 0.00235968641936779 0.00226886756718159 0.00217898422852159 0.0020982010755688 0.0020229616202414 0.00197259872220457 0.0019305277382955 0.00190306140575558 0.00187784666195512 0.00188500725198537 0.00189192988909781 0.00189733691513538 0.00189233222045004 0.00185834360308945 0.00181904283817858 0.00177153281401843
-9999 -9999 -9999 -9999 0.00677733821794391 0.00612721545621753 0.00582643691450357 0.00580129213631153 0.00579882692545652 0.00544742913916707 0.00507093407213688 0.00459837820380926 0.00418449565768242 0.00388671038672328 0.00362236052751541 0.00339658954180777 0.00321703357622027 0.00306921568699181 0.00295033422298729 0.00284262630157173 0.00278138881549239 0.00272835209034383 0.00267208856530488 0.00261284434236586 0.00252934941090643 0.00244703097268939 0.00236852606758475 0.00229165540076792 0.00221763667650521 0.00214242725633085 0.00206599314697087 0.00199203100055456 0.00191957515198737 0.00185884488746524 0.00180202315095812 0.00175683724228293 0.00171336519997567 0.00168457569088787 0.00165691005531698 0.0016364025650546 0.00161490950267762 0.00159067253116518 0.00156680087093264 0.00154349382501096
-9999 -9999 -9999 -9999 0.00826553162187338 0.00689016794785857 0.00642799399793148 0.00582643691450357 0.00577861210331321 0.00516993785277009 0.00458978675305843 0.00411880994215608 0.00371566321700811 0.00344673334620893 0.00322578963823617 0.00306021445430815 0.00293633015826344 0.00284107681363821 0.00275980145670474 0.0026839233469218 0.00262717064470053 0.00257379305548966 0.00252137985080481 0.00246801064349711 0.00240649911575019 0.00234489655122161 0.0022829978261143 0.00222012447193265 0.00215554959140718 0.0020899276714772 0.00202322821132839 0.00195904495194554 0.00189639464952052 0.00184202613309026 0.00179041805677116 0.00174535263795406 0.00170120119582862 0.00165840273257345 0.00161582499276847 0.00157465389929712 0.00153349072206765 0.00149235012941062 0.00145340384915471 0.00141784886363894
-9999 -9999 -9999 -9999 -9999 0.00826553162187338 0.00704071018844843 0.0070295506156981 0.00576417474076152 0.00491694640368223 0.00414866907522082 0.00368258403614163 0.00329705094918609 0.00307090836577117 0.00289957085624337 0.00279146945104003 0.00271537620574236 0.00266126426868141 0.00260759983211756 0.0025541081558913 0.00249837362207472 0.00244224327616394 0.00239181541837752 0.00234216218814254 0.00229792133904994 0.0022525480017066 0.00220350152812898 0.00215143547393382 0.00209409976378083 0.00203545251861215 0.00197545578703284 0.00191806768998504 0.00186226854566485 0.00181168306153268 0.00176283565815538 0.0017158193513751 0.00166899373289198 0.00161349284462631 0.00155773712322116 0.0015003583393991 0.0014440679224208 0.0013908069813624 0.00134115945547819 0.00129709602333605
-9999 -9999 -9999 -9999 -9999 0.00826968997716904 0.00826553162187338 0.00704132160171866 0.00577506935223937 0.00477137975394726 0.00388307310640812 0.00343640265055001 0.00309863942675292 0.00297637260518968 0.002881825203076 0.00281926174648106 0.00275640585459769 0.00269334926269948 0.00262347096577287 0.00255095842294395 0.00248104124329984 0.0024115820415318 0.00235496298409998 0.00229955767281353 0.0022519244812429 0.00220310757867992 0.0021504529286176 0.00209520803764462 0.00203544367104769 0.00197231583297253 0.00190572766587138 0.00184205139521509 0.00178014906123281 0.00172204058617353 0.00166519673075527 0.00160714739467949 0.00154890108387917 0.00148642726708204 0.0014250969979912 0.00137104897294194 0.00131954904645681 0.00127514195628464 0.00123396900016814 0.00119779375381768
-9999 -9999 0.00826996378600597 0.00827198009938002 0.00827660877257586 0.00827385392040014 0.00826968532055616 0.00696796039119363 0.00562114082276821 0.00454636197537184 0.00361628970131278 0.00324009358882904 0.00297728879377246 0.00293885287828743 0.00289841997437179 0.00285568251274526 0.00278858281672001 0.00270475237630308 0.00261304434388876 0.00251829461194575 0.00243553100153804 0.00235488289035857 0.00229860842227936 0.00224382570013404 0.00219702580943704 0.00214833300560713 0.0020935027860105 0.00203600991517305 0.00197386997751892 0.00190555292647332 0.00183087936602533 0.00175849441438913 0.00168750365264714 0.00161915109492838 0.00155167805496603 0.00148409290704876 0.00141652766615152 0.00135387224145234 0.00129346863832325 0.0012474050745368 0.00120477587915957 0.00117170659359545 0.00114150054287165 0.00111571955494583
-9999.000000000000000 -9999 -9999 -9999 0.00826547853648663 0.00827936362475157 0.00828190241008997 0.00670885248109698 0.00510759325698018 0.00414799293503165 0.00334691628813744 0.00315259862691164 0.00302407378330827 0.00302573386579752 0.00298993964679539 0.00291092903353274 0.00280144391581416 0.00267103081569076 0.0025452405679971 0.00242123543284833 0.00232854136265814 0.00224137282930315 0.0021997035946697 0.00215945113450289 0.00212270463816822 0.00208191969431937 0.00202804105356336 0.0019703300204128 0.00190593139268458 0.0018308776197955 0.00174485973548144 0.00165848468896002 0.0015718920622021 0.00148735882248729 0.00140351208392531 0.00132965785451233 0.00125735951587558 0.00120934017468244 0.00116404786240309 0.00113612250424922 0.0011112664360553 0.00109495420474559 0.00108115363400429 0.00107123458292335
-9999 -9999 -9999 -9999 0.00824595056474209 0.00824321806430817 0.00825998652726412 0.0065356339327991 0.00479424465447664 0.00392771605402231 0.00322513771243393 0.00315009197220206 0.00309692439623177 0.00308704702183604 0.0030225187074393 0.00289493170566857 0.00273805554024875 0.00256106490269303 0.00240666163153946 0.00226097973063588 0.00216665863990784 0.00208140118047595 0.00206290232017636 0.00204555410891771 0.00202561356127262 0.00199830043129623 0.001947081531398 0.00189079146366566 0.00182565173599869 0.00174565019551665 0.00165035633835942 0.00155456154607236 0.0014584616292268 0.00136879470665008 0.00128127203788608 0.0012117512524128 0.00114493921864778 0.00110880867578089 0.00107531843241304 0.00105864182114601 0.00104519352316856 0.00104073225520551 0.00104069150984287 0.00104748224839568
-9999 -9999 -9999 -9999 0.00822924450039864 0.00821527000516653 0.00819801446050406 0.00647047068923712 0.00473276386037469 0.00393149303272367 0.00328904576599598 0.00325450790114701 0.00320256780833006 0.00311619369313121 0.00298094539903104 0.0027893038932234 0.00257873861119151 0.00235517788678408 0.00217904173769057 0.00202121795155108 0.00193571613635868 0.00186297704931349 0.00187842443119735 0.00189451524056494 0.00189987663179636 0.00189303467050195 0.00184662453830242 0.00179381715133786 0.00172984576784074 0.00164714746642858 0.00154517951887101 0.00144571484997869 0.00134777510538697 0.00126687251031399 0.00119164888747036 0.00113980018068105 0.00109133159276098 0.00106363359373063 0.00103778182528913 0.00102368649095297 0.00101363810244948 0.00101485545746982 0.00102524599060416 0.00104981334879994
-9999 -9999 -9999 -9999 0.00821527000516653 0.00819438230246305 0.00816986337304115 0.00652347318828106 0.00486765103414655 0.00411739340052009 0.00350191234610975 0.00340229668654501 0.00327640562318265 0.00309852347709239 0.00288404291495681 0.00262733339332044 0.00237087812274694 0.00211459770798683 0.00193433987442404 0.00178343732841313 0.00171719677746296 0.00166589650325477 0.00170970614999533 0.00175308284815401 0.00177549768704921 0.00178203475661576 0.00173708936199546 0.00168351200409234 0.00161487108562142 0.0015303841792047 0.00142959214281291 0.00133797503076494 0.00125194725114852 0.00118772371206433 0.00113076821435243 0.00109283067286015 0.00105760083533823 0.00103339506313205 0.00101058057043701 0.000996625400148332 0.000987578532658517 0.000992194865830243 0.00101074785925448 0.00105083885136992
-9999 -9999 -9999 -9999 0.00819317158311605 0.00816986337304115 0.00672346074134111 0.00666510127484798 0.00514981662854552 0.00443988898769021 0.00382649921812117 0.00358261563815176 0.00332638924010098 0.00304574030451477 0.00274564302526414 0.00242310529574752 0.00212660920806229 0.0018479973077774 0.00167682662140578 0.00154714297968894 0.0015079949516803 0.00148482376243919 0.0015528075164184 0.00161885528359562 0.00165213737636805 0.00166673411149532 0.00162074528634548 0.0015632085269317 0.00148551957681775 0.00139992532785982 0.00130619667470455 0.00123106548562646 0.0011672634864226 0.00112565525341779 0.0010914447484538 0.00106459739618003 0.00103877787478268 0.00101435917895287 0.000991131062619388 0.000975485134404153 0.000965640763752162 0.000971946574281901 0.000996960094198585 0.001050885184668
-9999 -9999 -9999 -9999 0.00816986337304115 0.00661383662372828 0.00596300140023232 0.00553540512919426 0.00544250058010221 0.00470555573701859 0.00404027244076133 0.00364927691407502 0.0032683121971786 0.00290719536133111 0.00254852999933064 0.00219269329681993 0.00189479847904295 0.00163669523317367 0.00149863678961992 0.00140693201683462 0.0013929873239249 0.00139276485424489 0.00145875650923699 0.00152128341142088 0.00154285656753927 0.00154714426025748 0.00149538519326597 0.00143569929059595 0.00136217998806387 0.00128888932522386 0.00121583370491862 0.00116077810525894 0.0011166880140081 0.00108716846443713 0.00106250576209277 0.00103957275860012 0.00101686187554151 0.000991787062957883 0.000967838568612933 0.000951063062530011 0.000940842845011503 0.000948870903812349 0.000978360767476261 0.00104101863689721
-9999 -9999 -9999 -9999 -9999 0.00570659013465047 0.00559902191162109 0.00568849826231599 0.00573969259858131 0.00494686746969819 0.0042065535672009 0.00366722722537816 0.00316392281092703 0.00273189484141767 0.00232625380158424 0.00195105921011418 0.00166832702234387 0.00144909287337214 0.00135444314219058 0.00130790006369352 0.00131834915373474 0.00133885547984391 0.00139164051506668 0.0014394213212654 0.00143961003050208 0.001425716211088 0.00136616104282439 0.00130510155577213 0.00124141701962799 0.00118617748375982 0.0011396276531741 0.00110618630424142 0.00108073058072478 0.00105878838803619 0.00103801733348519 0.0010159231023863 0.00099362013861537 0.000967699335888028 0.000942899088840932 0.000925234577152878 0.000914819131139666 0.000924583408050239 0.000957699259743094 0.00102690374478698
-9999 -9999 -9999 -9999 -9999 0.00548052228987217 0.00555774755775928 0.00557316187769175 0.0055321017280221 0.00479580508545041 0.00409074453637004 0.00350524066016078 0.00296301115304232 0.00250640884041786 0.00210560765117407 0.00176919181831181 0.0015306263230741 0.00135925912763923 0.0012919339351356 0.00126478320453316 0.00127531960606575 0.00129250646568835 0.00131851760670543 0.00134042126592249 0.00132648623548448 0.00130465556867421 0.00125722412485629 0.00121171097271144 0.00116954522673041 0.0011342343641445 0.00110597687307745 0.00108323234599084 0.00106384628452361 0.00104366103187203 0.00102320953737944 0.0010027241660282 0.000982206664048135 0.000957856886088848 0.000933969800826162 0.000913029129151255 0.000899717444553971 0.000907642708625644 0.000940177589654922 0.00101074518170208
-9999 -9999 -9999 -9999 -9999 0.00524384900927544 0.00528479786589742 0.00541158206760883 0.00522007094696164 0.00456356024369597 0.00391657091677189 0.00330602494068444 0.00274212867952883 0.00227053952403367 0.0018852986395359 0.00159969017840922 0.00141129235271364 0.00128965370822698 0.00124632520601153 0.00123323523439467 0.00123882992193103 0.00124772184062749 0.00124415196478367 0.00123787543270737 0.00121131876949221 0.00118367082905024 0.00115248467773199 0.00112601858563721 0.00110778911039233 0.00109279528260231 0.00108113081660122 0.00106682430487126 0.00105090823490173 0.00103127583861351 0.00101040466688573 0.000991687527857721 0.000973240414168686 0.000950961722992361 0.000928352936170995 0.000903642387129366 0.00088687555398792 0.000892222102265805 0.000923305517062545 0.00099416368175298
-9999 -9999 -9999 -9999 -9999 -9999 0.00488900206983089 0.00486964965239167 0.00482272170484066 0.00428054295480251 0.00372221320867538 0.00310206227004528 0.00254447758197784 0.00211069313809276 0.00176859914790839 0.00153230119030923 0.00137152848765254 0.00126262218691409 0.00121772452257574 0.00119754299521446 0.00119570689275861 0.00119710841681808 0.00118989718612283 0.00118112075142562 0.00116087088827044 0.00114140287041664 0.0011244696797803 0.00110962940379977 0.00109844130929559 0.00108770141378045 0.00107742252293974 0.00106448004953563 0.0010499149793759 0.00103306164965034 0.00101544556673616 0.0010002963244915 0.000985464313998818 0.000967355503235012 0.000947708205785602 0.000918263336643577 0.000895168166607618 0.000889748916961253 0.000911001639906317 0.000973474234342575
