Ecospace-environmental-drivers/Outputs/ASCII-for-ecospace/MOM6-ISIMIP3a/phyc/2000-08_phyc_MOM6-ISIMIP3a.asc
NCOLS 131 
NROWS 53 
XLLCORNER -98 
YLLCORNER 23.9265270233154 
CELLSIZE 0.133587792515755 
NODATA_value -9999 
[rows 19 to 37 of 53, columns 86 to 128 of 131]
0.00251068524084985 0.00231105228886008 0.00212358660064638 0.00200282316654921 0.00192521943245083 0.00183006806764752 0.0017286135116592 0.00154630839824677 0.00135130831040442 0.00115096673835069 0.00095869367942214 0.000825073919259012 0.000710975786205381 0.000655440962873399 0.000613240583334118 0.000592928379774094 0.000586535141337663 0.00059366860659793 0.000666044652462006 0.000775806081946939 0.00120781932491809 0.00173921592067927 0.00303119723685086 0.00442408956587315 0.00625735567882657 0.00792169570922852 0.00862882472574711 0.00914305448532104 0.00915773678570986 -9999 -9999 -9999 -9999 -9999 -9999 -9999 -9999 -9999 -9999 -9999 -9999 -9999 -9999
0.0023606747854501 0.00217304448597133 0.00203192327171564 0.00194611283950508 0.00189609092194587 0.00184003554750234 0.00178181275259703 0.00164403533563018 0.00149376632180065 0.0012904996983707 0.00109149934723973 0.00092612172011286 0.000782707938924432 0.000705184007529169 0.000645776628516614 0.000616107194218785 0.000595040910411626 0.000582335283979774 0.000611116760410368 0.00066367129329592 0.000934597628656775 0.00127287046052516 0.00230193324387074 0.00342645077034831 0.00512461317703128 0.00668731657788157 0.00748245092108846 0.00802892167121172 0.0079314336180687 -9999 -9999 -9999 -9999 -9999 -9999 -9999 -9999 -9999 -9999 -9999 -9999 -9999 -9999
0.00221354025416076 0.002043696353212 0.00194554275367409 0.00188471679575741 0.00184804352466017 0.00182375847361982 0.00180392351467162 0.00171795603819191 0.00162160466425121 0.0014235416892916 0.00122523924801499 0.00103049399331212 0.000859476218465716 0.000759638904128224 0.000683431746438146 0.000646013009827584 0.000612832081969827 0.00058376946253702 0.000578631937969476 0.00058720400556922 0.000735998502932489 0.000928037974517792 0.00165692553855479 0.00246446626260877 0.00392190786078572 0.00528505258262157 0.00611387379467487 0.00688475230708718 -9999 -9999 -9999 -9999 -9999 -9999 -9999 -9999 -9999 -9999 -9999 -9999 -9999 -9999 -9999
0.00217199884355068 0.00203069881536067 0.00193134089931846 0.00185527664143592 0.001794284558855 0.00177058205008507 0.00176027440465987 0.00170907017309219 0.00165144447237253 0.00148590048775077 0.00131521408911794 0.00111293548252434 0.000931187474634498 0.000811029924079776 0.000720936863217503 0.000680194003507495 0.000643566541839391 0.000610938528552651 0.000589374918490648 0.000574151519685984 0.000654294155538082 0.000763847900088876 0.00125692295841873 0.00180800328962505 0.00290626962669194 0.00396911194548011 0.00483122561126947 0.00545184267684817 0.0054470612667501 0.00561366509646177 -9999 -9999 -9999 -9999 -9999 -9999 -9999 -9999 -9999 -9999 -9999 -9999 -9999
0.00214169453829527 0.00202720449306071 0.00192206411156803 0.00182740460149944 0.00173952674958855 0.00171355763450265 0.00170982722193003 0.00169140170328319 0.00167066883295774 0.00153934734407812 0.00139813136775047 0.00119108078069985 0.00100084545556456 0.000861054577399045 0.000757612811867148 0.000713837333023548 0.000674619921483099 0.000639831996522844 0.000603952328674495 0.000567446986678988 0.000585264293476939 0.000619834871031344 0.000888281268998981 0.00119427556637675 0.00193327595479786 0.00269591109827161 0.00359247042797506 0.00416281213983893 0.00388835486955941 0.00434619002044201 0.00459812162443995 -9999 -9999 -9999 -9999 -9999 -9999 -9999 -9999 -9999 -9999 -9999 -9999
0.00216277502477169 0.0020328329410404 0.00190243241377175 0.00178484071511775 0.00167553673963994 0.0016398795414716 0.00163067749235779 0.00163392291869968 0.00163912284187973 0.00153546128422022 0.00142014562152326 0.00122617476154119 0.00104304170235991 0.000892421638127416 0.000780797214247286 0.000733183289412409 0.000694506044965237 0.000664513616356999 0.000626928813289851 0.000584993336815387 0.000576993857976049 0.000579460291191936 0.000726122467312962 0.000897902646102011 0.00142650108318776 0.00201839138753712 0.00296892132610083 0.00366522278636694 0.00370315462350845 0.0038345092907548 0.00409867335110903 -9999 -9999 -9999 -9999 -9999 -9999 -9999 -9999 -9999 -9999 -9999 -9999
0.00217936490662396 0.00203477335162461 0.00188098626676947 0.00174159335438162 0.00161151401698589 0.00156505324412137 0.00154862948693335 0.00157186214346439 0.0016013216227293 0.00152439880184829 0.00143423525150865 0.00125380954705179 0.00107867771293968 0.000919426907785237 0.000801011454313993 0.000749626138713211 0.000711343600414693 0.000685794453602284 0.000648096320219338 0.00060343649238348 0.000573175610043108 0.000547355390153825 0.000589026778470725 0.000644907588139176 0.000979782547801733 0.00140891247428954 0.00237213168293238 0.00325112883001566 0.00391201861202717 0.00391016621142626 -9999 -9999 -9999 -9999 -9999 -9999 -9999 -9999 -9999 -9999 -9999 -9999 -9999
0.00217626569792628 0.00202054367400706 0.00185158371459693 0.00169534876476973 0.00154734752140939 0.00148519198410213 0.00145387358497828 0.00148971099406481 0.0015360931865871 0.00148186937440187 0.00141357770189643 0.00124873849563301 0.00108554866164923 0.000927307119127363 0.000808202312327921 0.000753339729271829 0.000714813708327711 0.000692163768690079 0.000661331927403808 0.000625811808276922 0.000588879047427326 0.000551510602235794 0.000561825989279896 0.000582112290430814 0.000796394655480981 0.00109777296893299 0.00189267471432686 0.00273969024419785 0.00372166372835636 0.00430382834747434 -9999 -9999 -9999 -9999 -9999 -9999 -9999 -9999 -9999 -9999 -9999 -9999 -9999
0.0021468501072377 0.00198480556719005 0.00180560234002769 0.00163758546113968 0.00147680670488626 0.00140375306364149 0.00136221165303141 0.00140857324004173 0.0014687372604385 0.00143482419662178 0.0013862595660612 0.0012365848524496 0.0010855000000447 0.000930184847675264 0.000811955833341926 0.000754602951928973 0.000715961330570281 0.000695503666065633 0.000670818088110536 0.000643709732685238 0.000603307737037539 0.000558805884793401 0.00054491066839546 0.00053738581482321 0.00065302912844345 0.000844494788907468 0.00146560277789831 0.00221948884427547 0.00331722665578127 0.00382356438785791 -9999 -9999 -9999 -9999 -9999 -9999 -9999 -9999 -9999 -9999 -9999 -9999 -9999
0.00206001522019506 0.00190213997848332 0.00172344851307571 0.00155468983575702 0.00139235809911042 0.00131887197494507 0.00127730052918196 0.00132964656222612 0.0013967395061627 0.0013779264409095 0.00134440930560231 0.00120897812303156 0.00107035331893712 0.000922147941309959 0.000808209530077875 0.000750519684515893 0.000712041684892029 0.000692233967129141 0.000672123220283538 0.00065183883998543 0.000614955148193985 0.000572952150832862 0.000550436554476619 0.000532082922291011 0.000596986617892981 0.000717461574822664 0.00115282717160881 0.00168016762472689 0.00244569359347224 0.00298753869719803 -9999 -9999 -9999 -9999 -9999 -9999 -9999 -9999 -9999 -9999 -9999 -9999 -9999
0.00193904852494597 0.00179023179225624 0.00161902175750583 0.00145738304127008 0.00130193762015551 0.00123498076573014 0.00119981053285301 0.00125685927923769 0.00132838834542781 0.00132019724696875 0.0012976600555703 0.00117547565605491 0.00104901008307934 0.000909701338969171 0.00080148340202868 0.000744300486985594 0.000706177088432014 0.000686576124280691 0.000669850327540189 0.000654772098641843 0.000623147876467556 0.000586420821491629 0.000557244697120041 0.000530145014636219 0.00055647682165727 0.000620084232650697 0.000894911005161703 0.00123832386452705 0.00175935227889568 0.0021971098612994 0.00251361611299217 -9999 -9999 -9999 -9999 -9999 -9999 -9999 -9999 -9999 -9999 -9999 -9999
0.00177514087408781 0.00164153415244073 0.00148657383397222 0.00134194607380778 0.00120400392916054 0.00115233508404344 0.00113165681250393 0.00119179580360651 0.00126462464686483 0.00126142217777669 0.00124474742915481 0.00113455578684807 0.00101987097878009 0.000891706964466721 0.000791008467786014 0.000735394016373903 0.000697865674737841 0.000677913776598871 0.000663075945340097 0.000651168578770012 0.00062699435511604 0.000599036982748657 0.000565666065085679 0.000532440550159663 0.000535508443135768 0.000560016371309757 0.000706012651789933 0.000919114449061453 0.00130599772091955 0.00178016116842628 0.00238141394220293 0.00266056368127465 -9999 -9999 -9999 -9999 -9999 -9999 -9999 -9999 -9999 -9999 -9999
0.00160772015806288 0.00149213243275881 0.00135643221437931 0.0012304704869166 0.00111081008799374 0.00107582588680089 0.00107125868089497 0.00113197811879218 0.0012029487406835 0.00120177865028381 0.0011882089311257 0.00108868186362088 0.000984999467618763 0.000868851901032031 0.000776828266680241 0.000724403595086187 0.00068838958395645 0.000668323657009751 0.000654307717923075 0.000643758568912745 0.00062536244513467 0.000604546279646456 0.000570229487493634 0.000534854014404118 0.000525107549037784 0.000527611409779638 0.000599530641920865 0.000733291439246386 0.00102720188442618 0.00147954223211855 0.00216257362626493 0.00244668335653841 0.00238506868481636 0.00235667824745178 -9999 -9999 -9999 -9999 -9999 -9999 -9999 -9999 -9999
0.00143766461405903 0.00134220242034644 0.00122802029363811 0.00112196605186909 0.00102117098867893 0.00100391916930676 0.00101667747367173 0.00107609480619431 0.00114283862058073 0.00114148354623467 0.00112895097117871 0.00103909219615161 0.000945828738622367 0.000842351350001991 0.000759869173634797 0.000711850239895284 0.00067803991260007 0.00065803766483441 0.000644044135697186 0.000633493706118315 0.000619621714577079 0.000604725384619087 0.000571899407077581 0.000537356012500823 0.000522632384672761 0.000515953812282532 0.000554861733689904 0.000647509645204991 0.000879326835274696 0.00126617180649191 0.00187875400297344 0.00222076545469463 0.0023282878100872 -9999 -9999 -9999 -9999 -9999 -9999 -9999 -9999 -9999 -9999
0.0012990856776014 0.00122140615712851 0.00112325558438897 0.00103115709498525 0.000942974700592458 0.000936959986574948 0.000960461271461099 0.0010164303239435 0.00107749737799168 0.00107810064218938 0.00106858380604535 0.000988993793725967 0.000906600849702954 0.000815799634438008 0.000743051932659 0.00069993850775063 0.00066867982968688 0.000648941670078784 0.000634224037639797 0.000622383260633796 0.00061050133081153 0.000598606711719185 0.000568852003198117 0.000537285231985152 0.000520835514180362 0.00051003519911319 0.000531246943864971 0.000596602621953934 0.000776276690885425 0.00112266337964684 0.00171180174220353 0.00305655575357378 0.00505616283044219 0.00453670555725694 0.00572744803503156 -9999 -9999 -9999 -9999 -9999 -9999 -9999 -9999
0.00117399671580642 0.00111309578642249 0.00102862541098148 0.000947932072449476 0.000869682582560927 0.000872121308930218 0.00090354448184371 0.000955145165789872 0.00100991409271955 0.00101339432876557 0.00100774120073766 0.000938677170779556 0.000867348455358297 0.000789226032793522 0.000726295460481197 0.000688301748596132 0.000659743847791106 0.000640355632640421 0.00062459398759529 0.000610910472460091 0.000599932507611811 0.000589788949582726 0.000563782814424485 0.000536111823748797 0.000519329274538904 0.000506576150655746 0.000516655505634844 0.000560642161872238 0.000692437577527016 0.00100909639149904 0.00159493635874242 0.00297205173410475 0.00503492401912808 0.00572744803503156 0.00634244456887245 0.00752468034625053 -9999 -9999 -9999 -9999 -9999 -9999 -9999
0.00108949572313577 0.0010377875296399 0.000958299671765417 0.000881396525073797 0.000806165859103203 0.000809509423561394 0.00084107811562717 0.000889106246177107 0.000939718796871603 0.000948014843743294 0.000948233064264059 0.00089220964582637 0.000833836209494621 0.000768412952311337 0.000714803871233016 0.000680587370879948 0.000653808703646064 0.000634258089121431 0.000617217796389014 0.00060161593137309 0.000590013980399817 0.000579645624384284 0.000557232997380197 0.000533542479388416 0.000517491018399596 0.000504487194120884 0.000508752884343266 0.000537484185770154 0.000629573420155793 0.000861699227243662 0.00129773339722306 0.00239127315580845 0.00405463855713606 0.00577520579099655 0.00752468034625053 0.00759585155174136 -9999 -9999 -9999 -9999 -9999 -9999 -9999
0.00101339246612042 0.000969307438936085 0.000893002550583333 0.000818314147181809 0.000744671677239239 0.0007473582518287 0.000777463486883789 0.000822083675302565 0.000868983042892069 0.000882496125996113 0.000889001006726176 0.00084653845988214 0.000801511516328901 0.000748791731894016 0.000704401638358831 0.00067368452437222 0.000648494402412325 0.000628675450570881 0.000610307906754315 0.000592772092204541 0.000580230029299855 0.000569228082895279 0.000550376833416522 0.000530684308614582 0.000515584019012749 0.00050268170889467 0.000502234208397567 0.000516975065693259 0.000571049051359296 0.000707302591763437 0.000963218451943249 0.00170781509950757 0.0028759257402271 0.00490764994174242 0.00737581308931112 0.00788706168532372 -9999 -9999 -9999 -9999 -9999 -9999 -9999
0.000963787257205695 0.000924837950151414 0.000854837649967521 0.000785091426223516 0.000715509580913931 0.000708397245034575 0.000723724893759936 0.000760220980737358 0.000800040899775922 0.000816433457657695 0.00082728179404512 0.000799236062448472 0.000768173136748374 0.000728058745153248 0.00069298583548516 0.000666188483592123 0.000642957456875592 0.000623192288912833 0.000604124797973782 0.000585457019042224 0.000572146207559854 0.000560487562324852 0.000545672955922782 0.000530502060428262 0.000516354397404939 0.000503816932905465 0.0005004036356695 0.000507498101796955 0.000541804183740169 0.000641514430753887 0.000836460152640939 0.00140804704278708 0.00230604922398925 0.00379724660888314 0.00558822369202971 0.00597748486325145 -9999 -9999 -9999 -9999 -9999 -9999 -9999
