Ecospace-environmental-drivers/Outputs/ASCII-for-ecospace/MOM6-ISIMIP3a/phyc/2001-05_phyc_MOM6-ISIMIP3a.asc
NCOLS 131 
NROWS 53 
XLLCORNER -98 
YLLCORNER 23.9265270233154 
CELLSIZE 0.133587792515755 
NODATA_value -9999 
[rows 0 to 18 of 53, columns 43 to 85 of 131]
-9999 -9999 -9999 -9999 -9999 -9999 -9999 -9999 -9999 -9999 -9999 -9999 -9999 -9999 -9999 -9999 -9999 -9999 -9999 -9999 -9999 -9999 -9999 -9999 -9999 -9999 -9999 -9999 -9999 -9999 -9999 -9999 -9999 -9999 -9999 -9999 -9999 -9999 -9999 -9999 -9999 -9999 -9999
-9999 -9999 -9999 -9999 -9999 -9999 -9999 -9999 -9999 -9999 -9999 -9999 -9999 -9999 -9999 -9999 -9999 -9999 -9999 -9999 -9999 -9999 -9999 -9999 -9999 -9999 -9999 -9999 -9999 -9999 -9999 -9999 -9999 -9999 -9999 -9999 -9999 -9999 -9999 -9999 -9999 -9999 -9999
-9999 -9999 -9999 -9999 -9999 -9999 -9999 -9999 -9999 -9999 -9999 -9999 -9999 -9999 -9999 -9999 -9999 -9999 -9999 -9999 -9999 -9999 -9999 -9999 -9999 -9999 -9999 -9999 -9999 -9999 -9999 0.0113178277388215 0.0111166704446077 -9999 -9999 -9999 -9999 -9999 -9999 -9999 -9999 -9999 -9999
-9999 -9999 -9999 -9999 -9999 -9999 -9999 -9999 -9999 -9999 -9999 -9999 -9999 -9999 -9999 -9999 -9999 -9999 -9999 -9999 -9999 -9999 -9999 -9999 -9999 -9999 -9999 -9999 -9999 -9999 -9999 0.0113187059760094 0.0111298877745867 -9999 -9999 -9999 -9999 -9999 -9999 -9999 -9999 -9999 -9999
-9999 -9999 -9999 -9999 -9999 -9999 -9999 -9999 -9999 -9999 -9999 -9999 -9999 -9999 -9999 -9999 -9999 -9999 -9999 -9999 -9999 -9999 0.0117571400478482 0.0117785511538386 0.011795680038631 0.0118955969810486 0.0119519717991352 0.011972795240581 0.0118660191074014 0.0116847986355424 0.0115087674930692 0.0113211032003164 0.0111262472346425 0.0109423128888011 -9999 -9999 0.00924848392605782 0.00803455337882042 0.00668666325509548 0.00550689827650785 0.00459068175405264 0.00382983637973666 0.00324802659451962
-9999 -9999 -9999 -9999 -9999 -9999 -9999 -9999 -9999 -9999 -9999 -9999 -9999 -9999 -9999 -9999 -9999 -9999 0.0117034316062927 -9999 0.0116625633090734 0.0116287330165505 0.0116980290040374 0.0117571400478482 0.0117828333750367 0.011795680038631 0.0119955148547888 0.0120647195726633 0.0118581522256136 0.0116751845926046 0.0115210600197315 0.0113300569355488 0.011112192645669 0.0109364921227098 0.010778252966702 0.0101923374459147 0.00952235143631697 0.00803076196461916 0.00655054766684771 0.00547868013381958 0.00449146656319499 0.00380189879797399 0.00319614354521036
-9999 -9999 -9999 -9999 -9999 -9999 -9999 -9999 -9999 -9999 -9999 -9999 -9999 -9999 0.0116958990693092 0.0116895632818341 0.0116825997829437 0.0116577250882983 0.0116678504273295 0.0117084085941315 0.0116984536871314 0.0116605022922158 0.0116287330165505 0.0117082139477134 0.0117571400478482 0.011795680038631 0.0119955148547888 0.0120647195726633 0.0118581522256136 0.0116751845926046 0.0115210600197315 0.0113300569355488 0.011112192645669 0.0109364921227098 0.010778252966702 0.0101923374459147 0.00952235143631697 0.00803076196461916 0.00655054766684771 0.00547868013381958 0.00449146656319499 0.00380189879797399 0.00319614354521036
-9999 -9999 -9999 -9999 -9999 -9999 -9999 -9999 -9999 -9999 -9999 -9999 -9999 -9999 0.0117298709228635 0.0116958990693092 0.0116832265630364 -9999 0.0116212740540504 0.0116424411535263 0.0117183635011315 0.0116984536871314 0.0116543211042881 0.0116287330165505 0.0117387678474188 0.0118161384016275 0.0117568001151085 0.0116354348137975 0.0113831236958504 0.0110462876036763 0.0106061464175582 0.0102201495319605 0.00987359043210745 0.0095875533297658 0.0093265799805522 0.00879536382853985 0.00821102410554886 0.00723162852227688 0.00625305855646729 0.00542546855285764 0.00464471383020282 0.00402863416820765 0.00345444399863482
-9999 -9999 0.0101665575057268 -9999 -9999 -9999 -9999 -9999 -9999 -9999 -9999 -9999 -9999 -9999 -9999 -9999 -9999 -9999 0.011639567092061 0.0115537019446492 0.0116021204739809 0.0117382742464542 0.0116984536871314 0.0116357766091824 0.0117846028879285 0.0118380207568407 0.0114921489730477 0.0111572230234742 0.0108454069122672 0.0103368610143661 0.00958787091076374 0.00899247359484434 0.00850895047187805 0.00810602586716413 0.00773648079484701 0.00726868445053697 0.00678157340735197 0.00635717716068029 0.00592216290533543 0.00536073418334126 0.00480530969798565 0.00427099782973528 0.00373287033289671
-9999 0.0101665575057268 0.0101896477863193 0.0102054486051202 0.0102066434919834 -9999 -9999 -9999 -9999 -9999 -9999 -9999 -9999 -9999 0.0114539628848433 0.0117646912112832 -9999 -9999 -9999 0.0115775903686881 0.0114383045583963 0.0115579785779119 0.0117780938744545 0.0117909200489521 0.0118754049763083 0.0118310526013374 0.0112475082278252 0.0106373252347112 0.00997090619057417 0.00926529709249735 0.00851179007440805 0.00795388966798782 0.00753846764564514 0.00721284048631787 0.00692440057173371 0.00660987617447972 0.0062902239151299 0.00594108365476131 0.00557934679090977 0.00510521978139877 0.00463673239573836 0.00418807379901409 0.00371969002299011
0.0101677449420094 0.0101804509758949 0.0102030588313937 0.0102085247635841 0.0102047612890601 0.0102044837549329 -9999 -9999 -9999 -9999 -9999 -9999 -9999 -9999 0.0113611668348312 0.011595063842833 0.0117646912112832 -9999 -9999 0.0115945218130946 0.0114423502236605 0.0112780425697565 0.0115929516032338 0.0119176274165511 0.0119052790105343 0.0117427408695221 0.0109516410157084 0.0101016787812114 0.00912745483219624 0.00826563127338886 0.00754118571057916 0.00703673111274838 0.0066925142891705 0.00643886625766754 0.00622272584587336 0.00603637285530567 0.0058558750897646 0.00556680047884583 0.00526444567367435 0.00487163942307234 0.00448392098769546 0.00411409139633179 0.00371157727204263
0.0101909311488271 0.0101901143789291 0.0102055640891194 0.0102085247635841 0.0102047612890601 0.0102039277553558 0.0103272059932351 0.0104019176214933 -9999 -9999 -9999 -9999 -9999 -9999 -9999 0.0115521615371108 0.0116460407152772 0.0117646912112832 0.0116958990693092 0.0115945218130946 0.0114423502236605 0.0112780425697565 0.0115887578576803 0.0118918102234602 0.0116083538159728 0.011218118481338 0.0103810019791126 0.00948155950754881 0.00845054537057877 0.00765161402523518 0.00713633745908737 0.00677086738869548 0.00651451433077455 0.00630432134494185 0.00611324422061443 0.00592042645439506 0.00572726689279079 0.00541677931323647 0.00509927794337273 0.0047557083889842 0.00441567413508892 0.00408807210624218 0.00373064586892724
0.0102074723690748 0.0102173015475273 0.0102348579093814 0.0102383019402623 0.0102341482415795 0.0103043830022216 0.0103957736864686 0.0104047395288944 -9999 -9999 -9999 -9999 0.0106282318010926 0.0111908279359341 0.0115228705108166 0.0115383910015225 0.0115952240303159 0.0116858556866646 0.0116612203419209 0.0115819852799177 0.0114585096016526 0.0113244634121656 0.0116163473576307 0.0118810031563044 0.0113234594464302 0.0106993308290839 0.00979654118418694 0.00886317994445562 0.00786528177559376 0.00715598464012146 0.0067994175478816 0.00654226401820779 0.0063575217500329 0.00618682196363807 0.00602193735539913 0.00583291193470359 0.00563914095982909 0.00533629208803177 0.00502877356484532 0.00471510039642453 0.00440329452976584 0.00409805541858077 0.00376911554485559
0.0102074034512043 0.0102882981300354 0.0103311249986291 0.010342525318265 0.0103370035067201 0.0103642707690597 0.0104008624330163 0.0104047395288944 0.010405239649117 0.010404990054667 0.0104099335148931 0.0104412939399481 0.0106282318010926 0.0111908279359341 0.0115228705108166 0.0115383910015225 0.0115440962836146 0.0115417698398232 0.0115398438647389 0.0115381088107824 0.011515068821609 0.0114869391545653 0.0117234000936151 0.0119077237322927 0.01106864400208 0.0101951332762837 0.00917752459645271 0.00824914593249559 0.00750913843512535 0.00695633143186569 0.00663232291117311 0.00640681246295571 0.0062530473805964 0.00611193664371967 0.00597606739029288 0.00581647641956806 0.00565222185105085 0.00542964367195964 0.00519493315368891 0.00486280443146825 0.00453058490529656 0.0041980454698205 0.00385608826763928
0.010108401067555 0.0102509008720517 0.0103344433009624 0.0103830480948091 0.010412841103971 0.0104427142068744 0.0104726115241647 0.0104665076360106 0.0104574169963598 0.0104671623557806 0.0104803359135985 0.0105109475553036 0.0106560867279768 0.0110777663066983 0.0112986750900745 0.0112439543008804 0.0111796716228127 0.0111075658351183 0.0111091760918498 0.0111457053571939 0.0111927697435021 0.0112423524260521 0.0113969780504704 0.0114882718771696 0.0105527499690652 0.00961020961403847 0.00863829720765352 0.00779967941343784 0.00724245747551322 0.00678948126733303 0.00646391417831182 0.00623946310952306 0.00608866289258003 0.0059613804332912 0.0058438372798264 0.00571048306301236 0.00557402102276683 0.00540588749572635 0.00522148888558149 0.00488965585827827 0.0045567462220788 0.00422005075961351 0.00388420047238469
0.00986952614039183 0.0100602572783828 0.010206351056695 0.0103335119783878 0.0104504786431789 0.0105473939329386 0.0106386067345738 0.0106156058609486 0.0105833625420928 0.0106172347441316 0.0106502752751112 0.0106790782883763 0.0107233244925737 0.0108048543334007 0.0107575105503201 0.0105332378298044 0.0103723024949431 0.0102631887421012 0.0102412272244692 0.0102605484426022 0.0103348344564438 0.0104222539812326 0.0104577038437128 0.0104380147531629 0.00966773740947247 0.00891115330159664 0.00821187533438206 0.0075828805565834 0.0071022599004209 0.00666900677606463 0.00629364792257547 0.00602701539173722 0.0058395778760314 0.00570383854210377 0.00558950891718268 0.0054778722114861 0.0053667644970119 0.00521656358614564 0.00505067175254226 0.00474564358592033 0.00443992856889963 0.00413179863244295 0.00382909388281405
0.00902010127902031 0.00922471471130848 0.0094053503125906 0.00959286373108625 0.00978408008813858 0.00996736530214548 0.0101483948528767 0.0101739605888724 0.0101836631074548 0.0101947151124477 0.0102028772234917 0.0101963374763727 0.0101635092869401 0.0100672086700797 0.0099057974293828 0.00965499598532915 0.00949647836387157 0.00941346399486065 0.00938878767192364 0.00939174368977547 0.00946023687720299 0.00954438932240009 0.00952107179909945 0.00945588946342468 0.00888881832361221 0.00833497010171413 0.00783645920455456 0.00735528208315372 0.00691069941967726 0.00648975092917681 0.00609768787398934 0.0058149378746748 0.00561180897057056 0.00547051662579179 0.00535483239218593 0.00525046838447452 0.00514832930639386 0.00499604176729918 0.00482952501624823 0.00454214587807655 0.00425771996378899 0.00398367550224066 0.00371673610061407
0.00765651976689696 0.00784609280526638 0.00803768169134855 0.00827021617442369 0.00852479878813028 0.00881072971969843 0.00910557806491852 0.0092348400503397 0.00934130884706974 0.0092900050804019 0.00923560932278633 0.00916548259556293 0.00907564256340265 0.0089382017031312 0.00879256520420313 0.00863567739725113 0.00856300536543131 0.00855923723429441 0.0085494089871645 0.00853670947253704 0.00857160799205303 0.00861787889152765 0.00858666468411684 0.00853113923221827 0.0081992419436574 0.00786226056516171 0.00750399567186832 0.00711858924478292 0.00667588599026203 0.00626099342480302 0.00588009133934975 0.00560317141935229 0.00540199084207416 0.0052575902082026 0.0051367050036788 0.00502744968980551 0.00492048030719161 0.00474924873560667 0.00456599518656731 0.00428855558857322 0.00402044458314776 0.00378513452596962 0.00355616584420204
0.00603697262704372 0.00623644795268774 0.00645224237814546 0.00670750997960567 0.00698403222486377 0.0072865067049861 0.00759636238217354 0.00776506867259741 0.00791237317025661 0.00787194725126028 0.00782808009535074 0.00776671478524804 0.00770752225071192 0.00765357771888375 0.00763231050223112 0.007655905559659 0.0077269715256989 0.00783687736839056 0.00786964781582355 0.00786588154733181 0.00786404218524694 0.00786266382783651 0.007816799916327 0.00775805814191699 0.00755635509267449 0.00733771501109004 0.00704819010570645 0.00672730570659041 0.00634021870791912 0.00597721338272095 0.00564364157617092 0.00539313396438956 0.00520312925800681 0.00505274347960949 0.00491876574233174 0.0047853272408247 0.00465199491009116 0.00446367310360074 0.00426806090399623 0.0040211258456111 0.00378352659754455 0.0035787548404187 0.00337953353300691
