Ecospace-environmental-drivers/Outputs/ASCII-for-ecospace/MOM6-ISIMIP3a/phyc/2001-12_phyc_MOM6-ISIMIP3a.asc
NCOLS 131 
NROWS 53 
XLLCORNER -98 
YLLCORNER 23.9265270233154 
CELLSIZE 0.133587792515755 
NODATA_value -9999 
[rows 0 to 18 of 53, columns 44 to 87 of 131]
-9999 -9999 -9999 -9999 -9999 -9999 -9999 -9999 -9999 -9999 -9999 -9999 -9999 -9999 -9999 -9999 -9999 -9999 -9999 -9999 -9999 -9999 -9999 -9999 -9999 -9999 -9999 -9999 -9999 -9999 -9999 -9999 -9999 -9999 -9999 -9999 -9999 -9999 -9999 -9999 -9999 -9999 -9999 -9999
-9999 -9999 -9999 -9999 -9999 -9999 -9999 -9999 -9999 -9999 -9999 -9999 -9999 -9999 -9999 -9999 -9999 -9999 -9999 -9999 -9999 -9999 -9999 -9999 -9999 -9999 -9999 -9999 -9999 -9999 -9999 -9999 -9999 -9999 -9999 -9999 -9999 -9999 -9999 -9999 -9999 -9999 -9999 -9999
-9999 -9999 -9999 -9999 -9999 -9999 -9999 -9999 -9999 -9999 -9999 -9999 -9999 -9999 -9999 -9999 -9999 -9999 -9999 -9999 -9999 -9999 -9999 -9999 -9999 -9999 -9999 -9999 -9999 -9999 0.00604338943958282 0.00549754872918129 -9999 -9999 -9999 -9999 -9999 -9999 -9999 -9999 -9999 -9999 -9999 -9999
-9999 -9999 -9999 -9999 -9999 -9999 -9999 -9999 -9999 -9999 -9999 -9999 -9999 -9999 -9999 -9999 -9999 -9999 -9999 -9999 -9999 -9999 -9999 -9999 -9999 -9999 -9999 -9999 -9999 -9999 0.00614423491060734 0.0056284056045115 -9999 -9999 -9999 -9999 -9999 -9999 -9999 -9999 -9999 -9999 -9999 -9999
-9999 -9999 -9999 -9999 -9999 -9999 -9999 -9999 -9999 -9999 -9999 -9999 -9999 -9999 -9999 -9999 -9999 -9999 -9999 -9999 -9999 0.00804609246551991 0.00798436626791954 0.00793498568236828 0.00764693599194288 0.00738718314096332 0.00692741340026259 0.00660231616348028 0.00644059805199504 0.0063546085730195 0.00627737585455179 0.00580071983858943 0.0048071201890707 -9999 -9999 0.00184996298048645 0.00157318776473403 0.00152664328925312 0.00147287955041975 0.00146376236807555 0.00152412021998316 0.00162762182299048 0.00172399182338268 0.00182712206151336
-9999 -9999 -9999 -9999 -9999 -9999 -9999 -9999 -9999 -9999 -9999 -9999 -9999 -9999 -9999 -9999 -9999 0.00834903959184885 -9999 0.00826477445662022 0.00819437205791473 0.00811999011784792 0.00804609246551991 0.00797202158719301 0.00793498568236828 0.00735888630151749 0.0068676769733429 0.00655567646026611 0.00638359505683184 0.00638252263888717 0.00629770802333951 0.0061518969014287 0.00495255505666137 0.00331690930761397 0.00238706427626312 0.00159596267621964 0.00156686210539192 0.00155673851259053 0.0014563292497769 0.00140557077247649 0.00152938708197325 0.00163740292191505 0.00171607558149844 0.00181849696673453
-9999 -9999 -9999 -9999 -9999 -9999 -9999 -9999 -9999 -9999 -9999 -9999 -9999 0.00918144918978214 0.00917176343500614 0.00916539132595062 0.00914974696934223 0.00874733924865723 0.00835815630853176 0.00833992380648851 0.00826002657413483 0.00819437205791473 0.00811950489878654 0.00804609246551991 0.00793498568236828 0.00735888630151749 0.0068676769733429 0.00655567646026611 0.00638359505683184 0.00638252263888717 0.00629770802333951 0.0061518969014287 0.00495255505666137 0.00331690930761397 0.00238706427626312 0.00159596267621964 0.00156686210539192 0.00155673851259053 0.0014563292497769 0.00140557077247649 0.00152938708197325 0.00163740292191505 0.00171607558149844 0.00181849696673453
-9999 -9999 -9999 -9999 -9999 -9999 -9999 -9999 -9999 -9999 -9999 -9999 -9999 0.0092333797365427 0.00918144918978214 0.00916207768023014 -9999 0.00913451705127954 0.00875145383179188 0.00837638787925243 0.00833992380648851 0.00824578385800123 0.00819437205791473 0.00811804924160242 0.00787454191595316 0.00693134497851133 0.00610653683543205 0.00553165562450886 0.00521431025117636 0.00521172629669309 0.00510687986388803 0.00492754625156522 0.00400615204125643 0.00277744536288083 0.00212679104879498 0.00158976786769927 0.00157258298713714 0.00156277976930141 0.00143702619243413 0.00135948124807328 0.00145144003909081 0.00154343212489039 0.0016354862600565 0.00174882798455656
-9999 0.0080375662073493 -9999 -9999 -9999 -9999 -9999 -9999 -9999 -9999 -9999 -9999 -9999 -9999 -9999 -9999 -9999 0.0091337850317359 0.00912706088274717 0.00878011342138052 0.00841285195201635 0.00833992380648851 0.00820305477827787 0.00813216902315617 0.00781506858766079 0.00646753050386906 0.00527506461367011 0.00440996792167425 0.00393146323040128 0.00392545340582728 0.00379949458874762 0.00358616700395942 0.00297136115841568 0.00219028908759356 0.0018433335935697 0.00158171495422721 0.00157741783186793 0.0015680497745052 0.00141605455428362 0.00131029461044818 0.00136709993239492 0.00144069246016443 0.0015454605454579 0.00166923156939447
0.0080375662073493 0.00796679500490427 0.00791442301124334 0.0079069547355175 -9999 -9999 -9999 -9999 -9999 -9999 -9999 -9999 -9999 0.00873111095279455 0.00928660947829485 -9999 -9999 -9999 0.00911594182252884 0.00916127767413855 0.00887057278305292 0.00848578009754419 0.00849356222897768 0.00840395130217075 0.00801701284945011 0.00638572406023741 0.00492793694138527 0.00383642502129078 0.00320511381141841 0.00313626322895288 0.00302816601470113 0.00289148231968284 0.00250693433918059 0.00201973714865744 0.00175494828727096 0.00153387966565788 0.00153050431981683 0.00152426364365965 0.00141127733513713 0.00132994202431291 0.00135989265982062 0.00139483867678791 0.00143906171433628 0.00151529849972576
0.00799328461289406 0.00792935956269503 0.00790696870535612 0.00790694076567888 0.00790693890303373 -9999 -9999 -9999 -9999 -9999 -9999 -9999 -9999 0.00849782768636942 0.00893836747854948 0.00928660947829485 -9999 -9999 0.00902647618204355 0.0091399010270834 0.00931745581328869 0.00906980503350496 0.00880003161728382 0.00863343197852373 0.0081404997035861 0.00628183735534549 0.00461059482768178 0.00333500979468226 0.00256810267455876 0.00242290459573269 0.00231675733812153 0.00223905453458428 0.00206074863672256 0.00184077955782413 0.0016576568596065 0.00148177740629762 0.00147893140092492 0.00147540983743966 0.0014026906574145 0.0013474979205057 0.00135392916854471 0.00135456712450832 0.00134444609284401 0.00137456844095141
0.00794301647692919 0.00791632756590843 0.00790696870535612 0.00790694076567888 0.00790693424642086 0.00787750538438559 0.00785794854164124 -9999 -9999 -9999 -9999 -9999 -9999 -9999 0.00882999040186405 0.0091368667781353 0.00928660947829485 0.00918144918978214 0.00902647618204355 0.0091399010270834 0.00931745581328869 0.0092783672735095 0.00919211562722921 0.00863601174205542 0.00784316379576921 0.00605951715260744 0.00445301458239555 0.0032204759772867 0.00241028540767729 0.00211629061959684 0.00192674761638045 0.00181328586768359 0.00171240593772382 0.00161673675756902 0.00151259487029165 0.00140678766183555 0.00140236609149724 0.00139937421772629 0.00137367041315883 0.0013538358034566 0.00135463802143931 0.0013442380586639 0.00131303432863206 0.00130465684924275
0.00783990509808064 0.00786163099110126 0.00787386577576399 0.00788099132478237 0.00787643156945705 0.00786854885518551 0.00785810593515635 -9999 -9999 -9999 -9999 0.00787629559636116 0.00814270041882992 0.00847146660089493 0.00888584926724434 0.00913265440613031 0.00924235302954912 0.00919903255999088 0.00908322911709547 0.00919600389897823 0.0093633932992816 0.0094426479190588 0.00945534743368626 0.00858747866004705 0.00754883931949735 0.00579550815746188 0.00423936359584332 0.0030994969420135 0.00230525596998632 0.00193344068247825 0.00168914278037846 0.00153772649355233 0.00147810508497059 0.00145649909973145 0.0014082764973864 0.00135482160840183 0.00134661747142673 0.00134108017664403 0.0013452225830406 0.00134819082450122 0.00134703028015792 0.00133182667195797 0.00129054358694702 0.00125753355678171
0.00760468142107129 0.00770276971161366 0.00775800598785281 0.00779016828164458 0.00782663095742464 0.00786431785672903 0.00785810593515635 0.00784719176590443 0.00783062633126974 0.00781515892595053 0.00780526921153069 0.00787629559636116 0.00814270041882992 0.00847146660089493 0.00888584926724434 0.00912340078502893 0.00921627506613731 0.00926057528704405 0.00928186532109976 0.00939236488193274 0.00952417962253094 0.00949621945619583 0.00939644314348698 0.00841116160154343 0.00726204598322511 0.0054272748529911 0.00388553435914218 0.0029624046292156 0.00233219936490059 0.00206000753678381 0.00183255807496607 0.00163769838400185 0.0015289147850126 0.00145577802322805 0.00140581885352731 0.00136041583027691 0.00134291173890233 0.00132714060600847 0.00131820631213486 0.00131258822511882 0.00131863064598292 0.00131420942489058 0.00129035615827888 0.00126738217659295
0.00706541677936912 0.00725432951003313 0.00739849032834172 0.007518554572016 0.00766422878950834 0.00781718641519547 0.0078281806781888 0.00782427005469799 0.00781026668846607 0.0077959974296391 0.0077803754247725 0.00783652532845736 0.0080659743398428 0.00835634674876928 0.00873035751283169 0.00894361454993486 0.00902534835040569 0.00909170135855675 0.00915076769888401 0.00920096598565578 0.00924904365092516 0.00906917173415422 0.00881929602473974 0.00777845317497849 0.00660782726481557 0.0048940465785563 0.00350817386060953 0.00281454087235034 0.00234085344709456 0.0021359845995903 0.00192599894944578 0.00171228614635766 0.00158044707495719 0.00148251478094608 0.00142853171564639 0.00138318783137947 0.00135266850702465 0.00132311088964343 0.00129758415278047 0.00127835315652192 0.00128125783521682 0.00127970241010189 0.0012698641512543 0.0012578908354044
0.00609629601240158 0.00639647757634521 0.00669449055567384 0.00699133519083261 0.00734262727200985 0.00770940352231264 0.00775594683364034 0.00776894064620137 0.0077611212618649 0.00774974655359983 0.00772028649225831 0.00774052692577243 0.00788077339529991 0.00807846710085869 0.00835502799600363 0.00852272566407919 0.00860135536640882 0.0085970601066947 0.00855348538607359 0.00846134219318628 0.00835759472101927 0.00796261802315712 0.00750944763422012 0.00650049280375242 0.00543413544073701 0.0041275448165834 0.00309754465706646 0.00265144812874496 0.00232365028932691 0.00214043748565018 0.00194878515321761 0.00175098539330065 0.0016330013750121 0.00154807197395712 0.00148683076258749 0.00143024604767561 0.00138145906385034 0.00133309164084494 0.0012860024580732 0.00124605128075927 0.00123119831550866 0.00122131616808474 0.00122066540643573 0.00122105597984046
0.0055439923889935 0.0058828042820096 0.0062195211648941 0.00655510928481817 0.0069376127794385 0.00733345886692405 0.00741468276828527 0.00746203865855932 0.0074644866399467 0.00746222632005811 0.00743601797148585 0.00744930282235146 0.00755794625729322 0.00770447123795748 0.00790300220251083 0.00799972843378782 0.00801315903663635 0.00782904773950577 0.00755136460065842 0.00724123138934374 0.00692334491759539 0.00647817645221949 0.00600283732637763 0.00521563366055489 0.00440347846597433 0.00348690082319081 0.00277537433430552 0.0024967270437628 0.00227009877562523 0.00210704817436635 0.00194368418306112 0.00178009178489447 0.00167233787942678 0.00158770871348679 0.00151779258158058 0.00145076878834516 0.0013917675241828 0.00133305753115565 0.00127429142594337 0.00122265331447124 0.00119607686065137 0.00117791374213994 0.00117537518963218 0.00117618078365922
0.00534269958734512 0.00565897021442652 0.00593742216005921 0.00619551073759794 0.00646235560998321 0.00673169130459428 0.00684686377644539 0.00694328360259533 0.00695943646132946 0.00697152875363827 0.00696296384558082 0.00699367513880134 0.0071192211471498 0.00724953319877386 0.00738638918846846 0.00739074172452092 0.00728668365627527 0.0068308231420815 0.00620832154527307 0.00561649212613702 0.00503199128434062 0.00467550987377763 0.00433053029701114 0.0039249649271369 0.0034932738635689 0.0029522436670959 0.00252769677899778 0.00234905630350113 0.00218593794852495 0.00204179133288562 0.00191509886644781 0.00180111988447607 0.00170054333284497 0.00160551734734327 0.00152573338709772 0.00144894560799003 0.0013865118380636 0.00132458959706128 0.00126247177831829 0.00120675330981612 0.00117353501264006 0.00114712957292795 0.00113337626680732 0.00112453487236053
0.0046169557608664 0.00490968162193894 0.00516995135694742 0.00541274482384324 0.00564573286101222 0.00587593205273151 0.00601801415905356 0.00614813948050141 0.00619897991418839 0.00624851323664188 0.00629139738157392 0.00637037865817547 0.00653651962056756 0.00666482094675303 0.00674117263406515 0.00666856719180942 0.00647408934310079 0.00588134210556746 0.00509994383901358 0.0044703739695251 0.00387708097696304 0.00360736739821732 0.00336049613542855 0.0031225448474288 0.00287201954051852 0.00256887194700539 0.00232920027337968 0.00222353124991059 0.00211672601290047 0.00200853287242353 0.0019043703796342 0.00180314399767667 0.00169570581056178 0.00158569531049579 0.0014984249137342 0.00141562474891543 0.00135778775438666 0.00130096345674247 0.00124500144738704 0.00119427032768726 0.00116193084977567 0.00113444949965924 0.00111599010415375 0.00110069836955518
