Ecospace-environmental-drivers/Outputs/ASCII-for-ecospace/MOM6-ISIMIP3a/phyc/2001-08_phyc_MOM6-ISIMIP3a.asc
NCOLS 131 
NROWS 53 
XLLCORNER -98 
YLLCORNER 23.9265270233154 
CELLSIZE 0.133587792515755 
NODATA_value -9999 
[rows 0 to 18 of 53, columns 43 to 85 of 131]
-9999 -9999 -9999 -9999 -9999 -9999 -9999 -9999 -9999 -9999 -9999 -9999 -9999 -9999 -9999 -9999 -9999 -9999 -9999 -9999 -9999 -9999 -9999 -9999 -9999 -9999 -9999 -9999 -9999 -9999 -9999 -9999 -9999 -9999 -9999 -9999 -9999 -9999 -9999 -9999 -9999 -9999 -9999
-9999 -9999 -9999 -9999 -9999 -9999 -9999 -9999 -9999 -9999 -9999 -9999 -9999 -9999 -9999 -9999 -9999 -9999 -9999 -9999 -9999 -9999 -9999 -9999 -9999 -9999 -9999 -9999 -9999 -9999 -9999 -9999 -9999 -9999 -9999 -9999 -9999 -9999 -9999 -9999 -9999 -9999 -9999
-9999 -9999 -9999 -9999 -9999 -9999 -9999 -9999 -9999 -9999 -9999 -9999 -9999 -9999 -9999 -9999 -9999 -9999 -9999 -9999 -9999 -9999 -9999 -9999 -9999 -9999 -9999 -9999 -9999 -9999 -9999 0.0093808863312006 0.00921615678817034 -9999 -9999 -9999 -9999 -9999 -9999 -9999 -9999 -9999 -9999
-9999 -9999 -9999 -9999 -9999 -9999 -9999 -9999 -9999 -9999 -9999 -9999 -9999 -9999 -9999 -9999 -9999 -9999 -9999 -9999 -9999 -9999 -9999 -9999 -9999 -9999 -9999 -9999 -9999 -9999 -9999 0.00936142448335886 0.00921024195849895 -9999 -9999 -9999 -9999 -9999 -9999 -9999 -9999 -9999 -9999
-9999 -9999 -9999 -9999 -9999 -9999 -9999 -9999 -9999 -9999 -9999 -9999 -9999 -9999 -9999 -9999 -9999 -9999 -9999 -9999 -9999 -9999 0.00974623113870621 0.00977807398885489 0.00980354845523834 0.00995214655995369 0.0100474469363689 0.0101255346089602 0.0100303646177053 0.00980613194406033 0.00957085564732552 0.00933599192649126 0.0091774258762598 0.00911730993539095 -9999 -9999 0.00752166984602809 0.00615749694406986 0.00469769909977913 0.00351047934964299 0.00271652615629137 0.00211731414310634 0.0017236570129171
-9999 -9999 -9999 -9999 -9999 -9999 -9999 -9999 -9999 -9999 -9999 -9999 -9999 -9999 -9999 -9999 -9999 -9999 0.0106415348127484 -9999 0.010577728971839 0.0105229569599032 0.0101543860509992 0.00974623113870621 0.00978444237262011 0.00980354845523834 0.0101007437333465 0.010238048620522 0.010037811473012 0.00981523375958204 0.00956535059958696 0.00933198165148497 0.00911064259707928 0.00908965244889259 0.0091516338288784 0.0085657425224781 0.00785249657928944 0.00614676997065544 0.004473224747926 0.00347310327924788 0.0025851100217551 0.00209136516787112 0.00167546700686216
-9999 -9999 -9999 -9999 -9999 -9999 -9999 -9999 -9999 -9999 -9999 -9999 -9999 -9999 0.0106227481737733 0.0106224669143558 0.0106221837922931 0.0106212124228477 0.0106320474296808 0.0106479302048683 0.0106351394206285 0.0105750896036625 0.0105229569599032 0.0101939709857106 0.00974623113870621 0.00980354845523834 0.0101007437333465 0.010238048620522 0.010037811473012 0.00981523375958204 0.00956535059958696 0.00933198165148497 0.00911064259707928 0.00908965244889259 0.0091516338288784 0.0085657425224781 0.00785249657928944 0.00614676997065544 0.004473224747926 0.00347310327924788 0.0025851100217551 0.00209136516787112 0.00167546700686216
-9999 -9999 -9999 -9999 -9999 -9999 -9999 -9999 -9999 -9999 -9999 -9999 -9999 -9999 0.0106242559850216 0.0106227481737733 0.0106221856549382 -9999 0.0106198359280825 0.0106357168406248 0.0106607200577855 0.0106351394206285 0.0105671733617783 0.0105229569599032 0.010312725789845 0.0101463310420513 0.0101633947342634 0.0100773656740785 0.00977370049804449 0.0094341142103076 0.00905062537640333 0.00873053818941116 0.00845663156360388 0.00830168556421995 0.00819600559771061 0.00767502747476101 0.00707241240888834 0.00561563298106194 0.00418072519823909 0.00326848076656461 0.00246134027838707 0.00202374928630888 0.00166184618137777
-9999 -9999 0.00871435552835464 -9999 -9999 -9999 -9999 -9999 -9999 -9999 -9999 -9999 -9999 -9999 -9999 -9999 -9999 -9999 0.0106204766780138 0.0106174070388079 0.0106448400765657 0.0106863006949425 0.0106351394206285 0.0105434227734804 0.0105605963617563 0.0105191450566053 0.0102323424071074 0.00990245677530766 0.00948161818087101 0.00901159457862377 0.00848145689815283 0.00806599576026201 0.00773406308144331 0.0074347541667521 0.00714895594865084 0.00669670617207885 0.00621173577383161 0.00502534909173846 0.00385018135420978 0.00303835864178836 0.00232362397946417 0.00195025617722422 0.00164930825121701
-9999 0.00871435552835464 0.0087798498570919 0.00881526060402393 0.00881209224462509 -9999 -9999 -9999 -9999 -9999 -9999 -9999 -9999 -9999 0.0103327790275216 0.0106258019804955 -9999 -9999 -9999 0.0106181837618351 0.0106135373935103 0.0106710400432348 0.0107374619692564 0.0107447784394026 0.0107108009979129 0.010617951862514 0.0102787166833878 0.00985096488147974 0.00923634693026543 0.00862132478505373 0.00800580717623234 0.00752831995487213 0.00715137226507068 0.00685996096581221 0.00660397252067924 0.00610492005944252 0.00555808702483773 0.00443067448213696 0.00333116645924747 0.00271428609266877 0.00217932462692261 0.00193239480722696 0.00172505946829915
0.00867016427218914 0.00875746365636587 0.00882159639149904 0.00882598385214806 0.00879820063710213 0.00879614986479282 -9999 -9999 -9999 -9999 -9999 -9999 -9999 -9999 0.0102861691266298 0.0105360634624958 0.0106258019804955 -9999 -9999 0.0106182489544153 0.0106135532259941 0.0106088109314442 0.0107602356001735 0.0109061161056161 0.0108151603490114 0.0106665827333927 0.0102768503129482 0.00976588204503059 0.00899897422641516 0.00827233400195837 0.00759490812197328 0.0070713865570724 0.00665996689349413 0.00637797266244888 0.00614957837387919 0.00560570834204555 0.0049998234026134 0.00392693839967251 0.00289658829569817 0.00245069665834308 0.00207282183691859 0.00193409714847803 0.00180677545722574
0.0087575651705265 0.00880184676498175 0.00883310288190842 0.00882598385214806 0.00879820063710213 0.00879204925149679 0.00879285112023354 0.00876625068485737 -9999 -9999 -9999 -9999 -9999 -9999 -9999 0.01055664755404 0.0105779534205794 0.0106258019804955 0.0106227481737733 0.0106182489544153 0.0106135532259941 0.0106088109314442 0.0107364160940051 0.0108528044074774 0.0106736170127988 0.0104460865259171 0.0100162336602807 0.00950062274932861 0.00880396738648415 0.00814475957304239 0.00753132021054626 0.00704753817990422 0.0066581959836185 0.00639377348124981 0.00618108455091715 0.00560304615646601 0.00495318928733468 0.00391097972169518 0.00291491183452308 0.00251152762211859 0.0021690521389246 0.00204073474742472 0.00192048470489681
0.00873551331460476 0.00877726823091507 0.00880759954452515 0.00881517399102449 0.00881049409508705 0.00880751665681601 0.00880502350628376 0.00876681692898273 -9999 -9999 -9999 -9999 0.00915741361677647 0.0100422250106931 0.0105543863028288 0.0105549460276961 0.0105606112629175 0.0105704534798861 0.010567388497293 0.0105582112446427 0.0105525739490986 0.0105477832257748 0.0106523800641298 0.0107415709644556 0.0104971583932638 0.0102105783298612 0.00974752381443977 0.00923759303987026 0.00862870272248983 0.00804690830409527 0.00749823218211532 0.00705146882683039 0.00667893840000033 0.00643081637099385 0.00623421696946025 0.00567913940176368 0.00505359331145883 0.00402368186041713 0.0030380692332983 0.00263149058446288 0.00228467816486955 0.00214800541289151 0.00202045636251569
0.00843982025980949 0.00858028326183558 0.00868957210332155 0.00877733994275331 0.00885352026671171 0.00884309876710176 0.00880804657936096 0.00876681692898273 0.00872691255062819 0.008739841170609 0.00876360666006804 0.00884249992668629 0.00915741361677647 0.0100422250106931 0.0105543863028288 0.0105549460276961 0.0105069316923618 0.0104191731661558 0.0103736268356442 0.0103480750694871 0.0103391436859965 0.010334181599319 0.0104177994653583 0.0104855271056294 0.0102334106341004 0.00993754342198372 0.00945858005434275 0.00898013822734356 0.00850279536098242 0.00802336912602186 0.00754139525815845 0.00712485052645206 0.00675596250221133 0.00652096467092633 0.0063414154574275 0.00595212355256081 0.0055216015316546 0.00445804093033075 0.00342331570573151 0.0028992872685194 0.00244879466481507 0.00225685839541256 0.0020860827062279
0.00760564208030701 0.00785514619201422 0.00809963326901197 0.00840255059301853 0.00873693078756332 0.00880536995828152 0.00879817549139261 0.00881465431302786 0.00883384793996811 0.00886090099811554 0.0089033730328083 0.00902427919209003 0.00931626930832863 0.0100213587284088 0.0104032615199685 0.0103414701297879 0.0102369831874967 0.0100975641980767 0.0100413244217634 0.0100244851782918 0.010031109675765 0.0100433398038149 0.0101096024736762 0.0101591609418392 0.00991157256066799 0.00962186697870493 0.00915589835494757 0.00871603842824697 0.00833129696547985 0.00792936980724335 0.0075064399279654 0.00712019577622414 0.00676067313179374 0.00653201667591929 0.00635755620896816 0.00608831970021129 0.0058004530146718 0.00477469712495804 0.00376150687225163 0.00313800759613514 0.00259695225395262 0.00234577292576432 0.00212527322582901
0.00601014401763678 0.00638329703360796 0.00684249913319945 0.00755136832594872 0.00839467346668243 0.00866399426013231 0.00877007469534874 0.00893012620508671 0.00909197237342596 0.00915311835706234 0.00924074277281761 0.00946306250989437 0.00969971809536219 0.00997099187225103 0.0100384736433625 0.00982617679983377 0.00966127123683691 0.00953513942658901 0.00951315090060234 0.00954049173742533 0.00958932470530272 0.00964329205453396 0.00969732273370028 0.00973337143659592 0.00950760673731565 0.00924590416252613 0.00883379206061363 0.00844254344701767 0.008095339871943 0.00773575529456139 0.00736103858798742 0.00700521236285567 0.00666314549744129 0.00643124058842659 0.006244957447052 0.00603112252429128 0.00581187149509788 0.00492494273930788 0.00403317017480731 0.00333561981096864 0.00272254645824432 0.00240649771876633 0.00212708860635757
0.00460934033617377 0.00503055518493056 0.00556882424280047 0.00640270067378879 0.00739574898034334 0.00788928382098675 0.00824075657874346 0.00861578527837992 0.00898226071149111 0.0090527031570673 0.00914053618907928 0.00931683741509914 0.00943904183804989 0.00943062826991081 0.00930850021541119 0.00903025828301907 0.00884492881596088 0.00873561762273312 0.00872113741934299 0.0087515776976943 0.00883790664374828 0.00893758982419968 0.00902331061661243 0.00909200869500637 0.00892691034823656 0.00872797518968582 0.00838742777705193 0.0080610690638423 0.00776466354727745 0.00745714223012328 0.00713603617623448 0.00682238070294261 0.00651415158063173 0.00628360314294696 0.00608522538095713 0.00588564109057188 0.00568581977859139 0.0048932651989162 0.00408847210928798 0.00337855634279549 0.00274551124311984 0.00238274806179106 0.00205865548923612
0.00337249226868153 0.00377811584621668 0.00428122049197555 0.00500351516529918 0.0058438335545361 0.00658122915774584 0.00728935282677412 0.00793949235230684 0.008562789298594 0.0086216451600194 0.00867183785885572 0.00867796503007412 0.00863593630492687 0.00847763009369373 0.0082709975540638 0.0079980194568634 0.0078259464353323 0.00773643096908927 0.00770694110542536 0.00770588312298059 0.00782574154436588 0.00797449145466089 0.00812888611108065 0.00826910696923733 0.00819738395512104 0.0080904932692647 0.00783642288297415 0.00758866220712662 0.00735422130674124 0.00710695050656796 0.00684399995952845 0.0065824119374156 0.00632181717082858 0.00609650323167443 0.00588580081239343 0.00566581403836608 0.00544400187209249 0.00470838649198413 0.00396157195791602 0.00329123716801405 0.00268204975873232 0.00228786049410701 0.00193106511142105
0.00255182664841413 0.0029111651238054 0.0033506560139358 0.00395156675949693 0.00463939551264048 0.00535196019336581 0.00607155961915851 0.00669521139934659 0.00729123177006841 0.00740641821175814 0.00750777591019869 0.00753878988325596 0.00752978539094329 0.00742415292188525 0.00728581612929702 0.00710258120670915 0.00698617659509182 0.00692445132881403 0.006877101957798 0.00683656195178628 0.00691566988825798 0.00702336570248008 0.00719588715583086 0.0073623894713819 0.00737646920606494 0.0073577263392508 0.00720162037760019 0.00704409694299102 0.00688358303159475 0.00670804316177964 0.00651413900777698 0.00630494672805071 0.00608461862429976 0.00586508680135012 0.00564588466659188 0.00538210105150938 0.00510955415666103 0.00442572683095932 0.00373410410247743 0.00311511685140431 0.00254299561493099 0.00213565700687468 0.00176682963501662
