Ecospace-environmental-drivers/Outputs/ASCII-for-ecospace/MOM6-ISIMIP3a/phyc/2002-08_phyc_MOM6-ISIMIP3a.asc
NCOLS 131 
NROWS 53 
XLLCORNER -98 
YLLCORNER 23.9265270233154 
CELLSIZE 0.133587792515755 
NODATA_value -9999 
[rows 19 to 37 of 53, columns 43 to 85 of 131]
0.00199663988314569 0.00220854603685439 0.00244866451248527 0.00274273357354105 0.00306585291400552 0.00349537027068436 0.00395514722913504 0.00437961285933852 0.0047939931973815 0.00503366999328136 0.00527402572333813 0.005517837125808 0.0057806046679616 0.00608914392068982 0.00633048824965954 0.00647958414629102 0.00646458566188812 0.00631533050909638 0.0057770237326622 0.00505443150177598 0.00436725839972496 0.00368854776024818 0.00317508261650801 0.00269024120643735 0.00245678448118269 0.00227264780551195 0.00229491968639195 0.00234229979105294 0.00244268449023366 0.00247489521279931 0.00242378329858184 0.00225892523303628 0.00201121671125293 0.0017816184554249 0.0015595203731209 0.00141451775562018 0.00128467031754553 0.00122388312593102 0.00116715277545154 0.00112506805453449 0.00107350817415863 0.000988633488304913 0.000908477930352092
0.00161672756075859 0.00175786612089723 0.00191370001994073 0.00208778423257172 0.00227169576101005 0.00252043665386736 0.00278761517256498 0.00307298405095935 0.0033577885478735 0.00357707869261503 0.00380238820798695 0.00405831634998322 0.00432318728417158 0.00460965139791369 0.00483416859060526 0.0049736425280571 0.00497823487967253 0.00487247109413147 0.00449562771245837 0.00399037962779403 0.0034879413433373 0.00298617430962622 0.00258151744492352 0.00219439249485731 0.00196533580310643 0.00178402010351419 0.00180250429548323 0.00185793731361628 0.00199137232266366 0.00207558507099748 0.00209963810630143 0.00200497172772884 0.00182383204810321 0.00164172833319753 0.00145922531373799 0.00132852932438254 0.0012080172309652 0.00114751956425607 0.0010917306644842 0.00106022960972041 0.00102297961711884 0.000965515675488859 0.000908949237782508
0.00132579368073493 0.00139864988159388 0.00148278858978301 0.00156823778524995 0.0016543926903978 0.00174934195820242 0.00184679229278117 0.00196606758981943 0.00208877306431532 0.00224377610720694 0.00241048983298242 0.00263677467592061 0.00286338455043733 0.00309077952988446 0.00327459443360567 0.00339858024381101 0.0034313767682761 0.00338956504128873 0.00320259411819279 0.00294686458073556 0.00265900627709925 0.00236347131431103 0.00209470605477691 0.00183084397576749 0.00161157874390483 0.0014322871575132 0.00142028916161507 0.00145706976763904 0.00159682566300035 0.00171637919265777 0.0018112410325557 0.00178754981607199 0.00167750637046993 0.0015419356059283 0.00139579293318093 0.00127289944794029 0.00115457619540393 0.00109086337033659 0.00103269889950752 0.00100897962693125 0.000983185949735343 0.000950098503381014 0.000914311676751822
0.00134541909210384 0.00136058358475566 0.00138431787490845 0.00141176173929125 0.00144120305776596 0.00147407106123865 0.00150791357737035 0.00155389122664928 0.00160208821762353 0.00167666748166084 0.00176097359508276 0.00189475831575692 0.00203343899920583 0.00218394142575562 0.00231204112060368 0.00240938528440893 0.00245570787228644 0.00246028555557132 0.00237917457707226 0.00225747446529567 0.00210320064797997 0.00194114400073886 0.00178109819535166 0.0016206024447456 0.0014515477232635 0.00130463822279125 0.00125040882267058 0.00124387955293059 0.00133804883807898 0.0014397706836462 0.00155072321649641 0.0015682871453464 0.00151782808825374 0.00142321782186627 0.00131032301578671 0.00120122951921076 0.00109288329258561 0.00102797406725585 0.000968893989920616 0.000951043155509979 0.00093359244056046 0.000917548662982881 0.000897507241461426
0.00138985924422741 0.00134942657314241 0.00131513201631606 0.00128835474606603 0.00126562535297126 0.00124538177624345 0.00122584530618042 0.00120866892393678 0.00119221955537796 0.00118887412827462 0.0011926400475204 0.00123258144594729 0.00128250173293054 0.00135651719756424 0.00142866675741971 0.00149825448170304 0.00155533279757947 0.00160217611119151 0.00161579868290573 0.00161368516273797 0.00158177642151713 0.00154274876695126 0.00148539955262095 0.0014231113018468 0.00130725605413318 0.00119554286357015 0.00110116472933441 0.00105164700653404 0.00109683291520923 0.00117577519267797 0.00129597447812557 0.00134993146639317 0.00135563837829977 0.00130046263802797 0.00122007320169359 0.00112574896775186 0.00102868548128754 0.000963683763984591 0.000904676562640816 0.000892629555892199 0.000883225002326071 0.000883111555594951 0.000877991842571646
0.00144954991992563 0.0013746393378824 0.00130718073341995 0.00124974560458213 0.00119770772289485 0.00115594745147973 0.00111711025238037 0.00108636659570038 0.00105682155117393 0.00103727006353438 0.00102154200430959 0.00102526356931776 0.00103575806133449 0.00106260669417679 0.00109398213680834 0.00113157241139561 0.00117233209311962 0.00121568492613733 0.00124709121882915 0.00127283879555762 0.00128097424749285 0.00128490163479 0.00126535957679152 0.00124140945263207 0.00117676751688123 0.00110815197695047 0.00102290662471205 0.00096700427820906 0.000973046931903809 0.00101505871862173 0.0011010323651135 0.00114887941163033 0.00116895569954067 0.00113510631490499 0.00107892439700663 0.00100775016471744 0.000933628878556192 0.000884186418261379 0.000839711050502956 0.000834830454550683 0.000832526129670441 0.000839280255604535 0.000841881439555436
0.00147227896377444 0.00136729737278074 0.00127213704399765 0.00119057623669505 0.00111633818596601 0.00105904205702245 0.00100656424183398 0.000966166029684246 0.000927266315557063 0.000895439472515136 0.000864654371980578 0.000839168787933886 0.000817618041764945 0.000805568532086909 0.000802862166892737 0.000812982732895762 0.000838132633361965 0.000875579018611461 0.000918709032703191 0.000964531267527491 0.00100415188353509 0.00104229082353413 0.00105732760857791 0.00106882024556398 0.0010518291965127 0.00102392525877804 0.000950349087361246 0.000891267904080451 0.000862786604557186 0.000871067517437041 0.000924279273021966 0.000964094826485962 0.000994152738712728 0.000978700118139386 0.000944400031585246 0.000895344419404864 0.000843388203065842 0.000808900105766952 0.000778390734922141 0.000780428817961365 0.000784964533522725 0.000798282155301422 0.000807947129942477
0.00133294227998704 0.00121721159666777 0.00111830094829202 0.0010412564733997 0.000975985778495669 0.000929377740249038 0.000888077425770462 0.000855181366205215 0.000823330250568688 0.000796462525613606 0.000770075188484043 0.000746131350751966 0.000724897196050733 0.000710206048097461 0.000702761404681951 0.000705265207216144 0.000717912742402405 0.000738859525881708 0.000767141405958682 0.000798897701315582 0.000832475023344159 0.000866487505845726 0.000901947089005262 0.000936186930630356 0.000951227440964431 0.000953572627622634 0.000902786501683295 0.00085458334069699 0.000811833015177399 0.000800411391537637 0.000827280047815293 0.000850637850817293 0.000871438474860042 0.000861537468153983 0.00083892181282863 0.000807462318334728 0.000774264277424663 0.000752078194636852 0.000733053195290267 0.000740924151614308 0.000751159328501672 0.000769707141444087 0.000783554278314114
0.00118221086449921 0.00106570974458009 0.00097116589313373 0.000903073465451598 0.000849223928526044 0.000813363993074745 0.000782620394602418 0.000756656634621322 0.000731285545043647 0.000708707084413618 0.000686380662955344 0.000665336381644011 0.000646274304017425 0.000631998351309448 0.000622891762759537 0.000620882026851177 0.00062459910986945 0.000633001851383597 0.000648621353320777 0.000667659332975745 0.000693782116286457 0.000721597636584193 0.00076906627509743 0.000817421532701701 0.000859029358252883 0.000887124624568969 0.000858668587170541 0.000822784320916981 0.000771218619775027 0.000745110854040831 0.000750118051655591 0.000759117654524744 0.000771025312133133 0.000764871074352413 0.000751236802898347 0.000733796856366098 0.000715608824975789 0.000703577417880297 0.000694015237968415 0.00070634699659422 0.000721043674275279 0.000744055490940809 0.000761306146159768
0.00100661825854331 0.000911118113435805 0.000838651321828365 0.000789189478382468 0.000752114749047905 0.000727133883628994 0.000705592450685799 0.000685317441821098 0.000665186147671193 0.000645435298793018 0.000626434979494661 0.000611252791713923 0.000598410901147872 0.000591219926718622 0.000587163667660207 0.000587410933803767 0.000589991104789078 0.000594480079598725 0.000602206506300718 0.000611466413829476 0.000627055298537016 0.000644156301859766 0.000685276638250798 0.000728913932107389 0.000785166921559721 0.000829195894766599 0.000822066213004291 0.00080164463724941 0.000753162836190313 0.000723313889466226 0.000716238107997924 0.000715460220817477 0.000719269679393619 0.000712924462277442 0.000702373858075589 0.000691150198690593 0.00067979417508468 0.000673232309054583 0.000668722146656364 0.000682520971167833 0.000698978139553219 0.00072478229412809 0.000743737444281578
0.000856707396451384 0.000782592687755823 0.000730720348656178 0.000697232375387102 0.000673643487971276 0.00065750174690038 0.000643478007987142 0.00062925776001066 0.000614997115917504 0.00060018920339644 0.000586294801905751 0.000577047176193446 0.000569826690480113 0.000567500770557672 0.00056664552539587 0.000567809154745191 0.000569189141970128 0.00057074602227658 0.000573181489016861 0.000576033140532672 0.000584197929129004 0.000593632226809859 0.000627160829026252 0.000664133694954216 0.000727145583368838 0.000779748894274235 0.00078879133798182 0.000781078066211194 0.000737992057111114 0.000707370578311384 0.000691983383148909 0.000683844555169344 0.000680985278449953 0.000673850125167519 0.000664944236632437 0.000657674565445632 0.000650726608000696 0.000647956796456128 0.000646968488581479 0.000661870988551527 0.000679585442412645 0.000707186642102897 0.00072683155303821
0.000739106326363981 0.000686860643327236 0.000653717608656734 0.000632861105259508 0.000618620309978724 0.000608751433901489 0.000600125873461366 0.000592420867178589 0.000584824592806399 0.00057762092910707 0.000571071519516408 0.000567849725484848 0.000565497204661369 0.000565243535675108 0.000565262685995549 0.000565656227990985 0.000565756228752434 0.000565616006497294 0.000566034286748618 0.000566717179026455 0.000571370357647538 0.000576972204726189 0.000601344683673233 0.000629204500000924 0.000689053675159812 0.000740972580388188 0.000759702699724585 0.000761232455261052 0.000726450816728175 0.000698791758622974 0.000679838063661009 0.000667378306388855 0.000659648678265512 0.000650970148853958 0.000641898601315916 0.00063573697116226 0.000630147289484739 0.000629059330094606 0.000629667541943491 0.000645216787233949 0.00066355534363538 0.000691701599862427 0.000710759661160409
0.000663777464069426 0.000628039997536689 0.000607503287028521 0.000595226651057601 0.00058739772066474 0.000581815605983138 0.000576872436795384 0.000572884338907897 0.000569039897527546 0.000566436618100852 0.000564239046070725 0.00056410557590425 0.000564140500500798 0.00056458218023181 0.000564706511795521 0.000564395159017295 0.000563684036023915 0.000562645902391523 0.000562006665859371 0.000561556371394545 0.000564819027204067 0.000568968767765909 0.000588332070037723 0.000610815826803446 0.000663505110424012 0.000710465013980865 0.000733446853701025 0.000740350398700684 0.000713311193976551 0.000689171953126788 0.000668577034957707 0.000653164752293378 0.000641527352854609 0.000631631177384406 0.000622456078417599 0.000617438112385571 0.000613237265497446 0.000614458578638732 0.000617288518697023 0.000633872055914253 0.000652599730528891 0.000678866403177381 0.000695721886586398
0.00062015320872888 0.000596903148107231 0.00058438052656129 0.000577645027078688 0.000574025791138411 0.000571240845602006 0.000568693212699145 0.000566323229577392 0.00056404632050544 0.000563790323212743 0.000563699868507683 0.000564451445825398 0.000565013440791517 0.000565117690712214 0.000564770307391882 0.0005638028960675 0.000562632456421852 0.000561295833904296 0.000560318760108203 0.000559512001927942 0.000562974892091006 0.000567457929719239 0.000584922265261412 0.00060483260313049 0.000647364242468029 0.000686159182805568 0.00070931576192379 0.000718690978828818 0.000698972842656076 0.000678771350067109 0.000657979224342853 0.000640640617348254 0.000625817512627691 0.000614948046859354 0.000605715962592512 0.000601868377998471 0.000599079241510481 0.000603080319706351 0.000608600967098027 0.000626509601715952 0.00064545008353889 0.000668018648866564 0.000681459787301719
0.000609088398050517 0.00059093936579302 0.000580268679186702 0.000574253150261939 0.000570744217839092 0.000567874871194363 0.000565187365282327 0.000563205045182258 0.000561399676371366 0.000562421744689345 0.00056342117022723 0.000564305402804166 0.000564832240343094 0.000564495974685997 0.000563765410333872 0.000562493631150573 0.000561150547582656 0.000559749081730843 0.000558604893740267 0.000557582476176322 0.000560648797545582 0.000564692018087953 0.000581559899728745 0.000600397703237832 0.00063508446328342 0.000667024811264127 0.000687471532728523 0.000696638424415141 0.000681992969475687 0.000664831139147282 0.000644593907054514 0.000626770197413862 0.000610704359132797 0.000600798346567899 0.000593443284742534 0.00059222150593996 0.000592205324210227 0.000599025399424136 0.000607062422204763 0.000624514592345804 0.000641931721474975 0.000659225916024297 0.000668551190756261
0.000611977884545922 0.000595764140598476 0.000584304507356137 0.000576942635234445 0.000571787240915 0.000567598384805024 0.000563684443477541 0.00056156242499128 0.000559758860617876 0.000561600725632161 0.000563254056032747 0.000563948589842767 0.00056419923203066 0.000563378212973475 0.000562302535399795 0.000560877087991685 0.000559484236873686 0.000558118044864386 0.000556879851501435 0.000555702194105834 0.000558116124011576 0.000561388209462166 0.000578217848669738 0.000596626428887248 0.000624459469690919 0.000650106929242611 0.000666607404127717 0.000674417358823121 0.000663881015498191 0.000649373978376389 0.000630013935733587 0.000612322706729174 0.000595846970099956 0.000587734393775463 0.000583085347898304 0.000585113011766225 0.000588453200180084 0.000598109036218375 0.000608587753959 0.000624819891527295 0.000639969715848565 0.000651313923299313 0.000656222691759467
0.000618041260167956 0.000601327687036246 0.000588293245527893 0.000578759121708572 0.000571109645534307 0.000565757451113313 0.000561058579478413 0.000559527426958084 0.000558440515305847 0.000560591521207243 0.000562394445296377 0.000562427041586488 0.000562075525522232 0.00056079652858898 0.000559408043045551 0.000557869207113981 0.00055650866124779 0.000555294041987509 0.00055426883045584 0.000553333316929638 0.000555183447431773 0.000557699240744114 0.000573161290958524 0.000589984352700412 0.000613672367762774 0.000635292322840542 0.000648257322609425 0.000654393341392279 0.000646112661343068 0.000633521471172571 0.000615662080235779 0.000600023195147514 0.000586001784540713 0.000580923457164317 0.000579548825044185 0.000584253866691142 0.000590154086239636 0.000600173778366297 0.000610616698395461 0.000623703352175653 0.000635434174910188 0.000642397732008249 0.000644430634565651
0.000624761334620416 0.000607044086791575 0.000592272263020277 0.000580394931603223 0.000570076168514788 0.000563592824619263 0.000558200292289257 0.000557411287445575 0.000557188875973225 0.000559543317649513 0.000561391585506499 0.000560664513614029 0.000559643318410963 0.000557911931537092 0.000556217331904918 0.0005545734311454 0.000553262187168002 0.000552223180420697 0.000551474513486028 0.000550863391254097 0.000552168057765812 0.000553930527530611 0.000567749899346381 0.000582748325541615 0.000602851680014282 0.000620912935119122 0.000630427442956716 0.000634823809377849 0.00062841537874192 0.000617587240412831 0.000601357431150973 0.00058816815726459 0.000577193626668304 0.000575406302232295 0.000577423721551895 0.000584687746595591 0.000592983153183013 0.00060285534709692 0.000612749892752618 0.000622292631305754 0.000630366150289774 0.000633273855783045 0.000632749521173537
0.000620436505414546 0.000603480671998113 0.000589023053180426 0.000577480881474912 0.000567508512176573 0.000561384717002511 0.000556355458684266 0.00055622129002586 0.000556636601686478 0.000558358151465654 0.000559565844014287 0.000558159896172583 0.000556568440515548 0.000554529193323106 0.000552623649127781 0.000550901691894978 0.000549693591892719 0.000548905925825238 0.000548539857845753 0.000548373500350863 0.000549647957086563 0.000551266712136567 0.000563209061510861 0.000576146005187184 0.000593235890846699 0.000608438858762383 0.00061574496794492 0.00061898969579488 0.000613660551607609 0.000604929751716554 0.000592041411437094 0.000582088599912822 0.000574273988604546 0.000574398727621883 0.00057781144278124 0.000584787863772362 0.00059246487217024 0.000600435247179121 0.000608281116001308 0.000614804681390524 0.000619974453002214 0.000620384118519723 0.000618576828856021
