Ecospace-environmental-drivers/Outputs/ASCII-for-ecospace/MOM6-ISIMIP3a/phyc/2002-11_phyc_MOM6-ISIMIP3a.asc
NCOLS 131 
NROWS 53 
XLLCORNER -98 
YLLCORNER 23.9265270233154 
CELLSIZE 0.133587792515755 
NODATA_value -9999 
[rows 19 to 37 of 53, columns 43 to 85 of 131]
0.00336651084944606 0.00345324934460223 0.0035128656309098 0.00357082462869585 0.00362789095379412 0.0037162380758673 0.00381348165683448 0.00397285353392363 0.00413617538288236 0.00423444714397192 0.00431222002953291 0.00428571784868836 0.00423998897895217 0.00414783507585526 0.00414141686633229 0.00425270246341825 0.0046154479496181 0.00518393144011497 0.00556994415819645 0.00586952362209558 0.00583498831838369 0.00572062144055963 0.00547406729310751 0.0052124559879303 0.00486386707052588 0.00451070023700595 0.00413837470114231 0.0037558376789093 0.00335174473002553 0.00295071676373482 0.00255343527533114 0.00221037329174578 0.00190680404193699 0.0016765424516052 0.00147664011456072 0.00133437034673989 0.00120342965237796 0.001158716971986 0.00111793680116534 0.00108437740709633 0.00105026841629297 0.0010142270475626 0.000974129943642765
0.00323514337651432 0.00334326061420143 0.00343942828476429 0.0035185853485018 0.00358858308754861 0.00365566951222718 0.00372192822396755 0.00380742968991399 0.0038950543384999 0.00398682337254286 0.00406144419685006 0.00404883595183492 0.00402445299550891 0.00397163908928633 0.00400106003507972 0.00414337869733572 0.0044131800532341 0.00478728441521525 0.00503207696601748 0.00521561689674854 0.00512355240061879 0.00496563594788313 0.00471583334729075 0.00445346720516682 0.00410012062638998 0.00375226209871471 0.00342736975289881 0.00309479283168912 0.0027459932025522 0.00241014547646046 0.00209012790583074 0.00181804352905601 0.00158087280578911 0.00141178991179913 0.00127090432215482 0.00117142801173031 0.00108009180985391 0.00105245038866997 0.00102804601192474 0.00101222074590623 0.000995811773464084 0.000977350282482803 0.000952605449128896
0.00309558748267591 0.00322751002386212 0.00337811233475804 0.00349868554621935 0.00360308936797082 0.00367104075849056 0.00372862489894032 0.00377099867910147 0.00381269841454923 0.00387823930941522 0.00393132353201509 0.00392104452475905 0.00390894338488579 0.00389244314283133 0.00395033089444041 0.00411034328863025 0.00427150540053844 0.00443360907956958 0.00452223420143127 0.00457605486735702 0.00442961463704705 0.00423532584682107 0.00397282186895609 0.00369975552894175 0.00334116909652948 0.00299810105934739 0.00271997833624482 0.00243791122920811 0.00214751693420112 0.00187931687105447 0.00163824309129268 0.00143557484261692 0.00126088061369956 0.00114936276804656 0.00106400833465159 0.00100966077297926 0.000961408310104162 0.000950075627770275 0.000941137841437012 0.000942238664720207 0.000942423997912556 0.000939390389248729 0.000928384601138532
0.0028257283847779 0.00293435039930046 0.00307402503676713 0.00321919028647244 0.00336731225252151 0.00346519146114588 0.00354878138750792 0.00360685191117227 0.0036623734049499 0.00371960690245032 0.00376970786601305 0.00378352776169777 0.00380050134845078 0.00382508989423513 0.00389219005592167 0.00401765201240778 0.00410806201398373 0.00416979240253568 0.00412926357239485 0.00404029712080956 0.0038510540034622 0.00363785168156028 0.00334432395175099 0.00304162222892046 0.00268570869229734 0.00235132174566388 0.00210702582262456 0.00187768193427473 0.00167990289628506 0.00149319763295352 0.00132002704776824 0.00118114403448999 0.00106723560020328 0.000996542046777904 0.000943745137192309 0.00091627991059795 0.000893794232979417 0.00089321396080777 0.000894336204510182 0.0009041657904163 0.000912091636564583 0.000913324067369103 0.000906272267457098
0.00255509791895747 0.00263589411042631 0.00275720655918121 0.00292137358337641 0.00310861598700285 0.00323606817983091 0.00334651628509164 0.00342549406923354 0.00350038753822446 0.00355197442695498 0.00360164046287537 0.00364153506234288 0.00368842761963606 0.00375221692956984 0.00382567150518298 0.00391239486634731 0.00393586466088891 0.0039075817912817 0.00374557892791927 0.00352023565210402 0.00328960013575852 0.00305769988335669 0.00273006921634078 0.00239498051814735 0.00204705749638379 0.00172591954469681 0.00151687883771956 0.00134111510124058 0.00123560172505677 0.00112941511906683 0.00102240557316691 0.000945510342717171 0.000890550028998405 0.000858200713992119 0.000835215381812304 0.000831989047583193 0.000832646852359176 0.000841856119222939 0.00085210392717272 0.000869403535034508 0.000883813947439194 0.00088806584244594 0.000884010340087116
0.0024371447507292 0.00247523700818419 0.00253848475404084 0.00265076057985425 0.00278943590819836 0.00290371524170041 0.00301105645485222 0.00312225800007582 0.00323226558975875 0.00329936412163079 0.00336709315888584 0.00343802897259593 0.00350745278410614 0.00357322581112385 0.00363032193854451 0.00367550528608263 0.00364686059765518 0.00355781172402203 0.00336676719598472 0.0031274096108973 0.00286396592855453 0.00259476690553129 0.00220547500066459 0.00181663199327886 0.00155440776143223 0.00131695391610265 0.00118316733278334 0.00107231410220265 0.00100987521000206 0.000950521556660533 0.000894938595592976 0.000857518753036857 0.000833328638691455 0.000819652748759836 0.000810331199318171 0.000810885045211762 0.00081338023301214 0.000823544047307223 0.000834359496366233 0.00084876618348062 0.000860175117850304 0.000861043925397098 0.000856602157000452
0.00232658628374338 0.00233063846826553 0.00234635057859123 0.00241088797338307 0.00250171567313373 0.00260250386781991 0.00270612514577806 0.00283778458833694 0.00297035439871252 0.00305001065135002 0.00313192559406161 0.00322533119469881 0.00331068271771073 0.00337658752687275 0.00341782346367836 0.00342519255355 0.00335188559256494 0.00321257207542658 0.00300132227130234 0.00275599770247936 0.00246636429801583 0.00216614385135472 0.0017400102224201 0.00132139702327549 0.00113814359065145 0.00097653002012521 0.000905481982044876 0.00084850104758516 0.000821216788608581 0.000800437817815691 0.000787609722465277 0.000783106428571045 0.000784666801337153 0.000786814605817199 0.000789205660112202 0.000793021637946367 0.000797117711044848 0.00080755545059219 0.000818285741843283 0.000829579948913306 0.000837929372210056 0.000835924583952874 0.000831280427519232
0.00224845367483795 0.00225645187310874 0.00227079726755619 0.00230580428615212 0.00235193665139377 0.00243783928453922 0.00253505283035338 0.00263558025471866 0.00273567507974803 0.00281493691727519 0.00289403949864209 0.00297233182936907 0.00304465624503791 0.00310257077217102 0.00313013209961355 0.00311602279543877 0.0030307297129184 0.00288719614036381 0.00269448547624052 0.00247848033905029 0.00219167768955231 0.00188795896247029 0.00153381284326315 0.00119059206917882 0.00105680944398046 0.000936642056331038 0.00087345577776432 0.000821947236545384 0.000795091444160789 0.000776677334215492 0.000768580823205411 0.000768235477153212 0.000773535983171314 0.000779012101702392 0.000784560979809612 0.000789367011748254 0.000794027117080986 0.000801754300482571 0.000809537305030972 0.000816756568383425 0.000821791705675423 0.000819147506263107 0.000815107137896121
0.00217039720155299 0.00218754541128874 0.0022036493755877 0.00222014100290835 0.00223684124648571 0.00230326293967664 0.00238382560200989 0.00244890432804823 0.00251265242695808 0.00258326437324286 0.00265307235531509 0.0027187904343009 0.00277900323271751 0.002825923031196 0.00284132687374949 0.00281346286647022 0.00272403215058148 0.0025842294562608 0.00241310661658645 0.00222714827395976 0.00195194990374148 0.00165542913600802 0.00136864744126797 0.00109466211870313 0.000997186521999538 0.000907466863282025 0.000850206590257585 0.000802784983534366 0.000776133558247238 0.000758585461881012 0.000752163410652429 0.000753507076296955 0.000760507071390748 0.000768408935982734 0.000776684260927141 0.000782864168286324 0.000788632140029222 0.000794902909547091 0.000801017566118389 0.000805424526333809 0.000808255048468709 0.000805542571470141 0.00080219266237691
0.0020925069693476 0.00213015894405544 0.00215484132058918 0.00217685056850314 0.00219742045737803 0.00223433482460678 0.00227589765563607 0.00229610968381166 0.00231506209820509 0.00235901214182377 0.00240538269281387 0.00246406625956297 0.0025141651276499 0.00254353485070169 0.00255009019747376 0.00252532446756959 0.00244888081215322 0.00233015581034124 0.00218727346509695 0.00203294865787029 0.00178849720396101 0.00152251159306616 0.00129300763364881 0.00107482436578721 0.000984934042207897 0.000901665131095797 0.000846107548568398 0.000799749919679016 0.000772814033553004 0.000752861436922103 0.000741443887818605 0.000739089504349977 0.000743336684536189 0.000751695013605058 0.000761755858547986 0.000770146783906966 0.000778209359850734 0.000785760232247412 0.000792996666859835 0.000797346408944577 0.000800393230747432 0.000798858935013413 0.000796388369053602
0.00202174973674119 0.00207885843701661 0.00211207894608378 0.00213679717853665 0.002156937494874 0.00216235313564539 0.00216358108446002 0.00213877810165286 0.00211284752003849 0.00212841178290546 0.00215003150515258 0.00220245495438576 0.00224541523493826 0.00226552505046129 0.00226900889538229 0.00224966742098331 0.00218763644807041 0.00209067761898041 0.00197156704962254 0.00184196373447776 0.00162189605180174 0.00138021318707615 0.00120058900211006 0.00103167025372386 0.000956514209974557 0.000886579044163227 0.000838493404444307 0.000797792337834835 0.000772680621594191 0.000752512365579605 0.000738386006560177 0.000733564025722444 0.000735519279260188 0.000743296463042498 0.000753484666347504 0.000763273041229695 0.000772982777561992 0.000782024930231273 0.000790708465501666 0.00079613080015406 0.000800461624749005 0.000800954469013959 0.000800111331045628
0.00195996672846377 0.00203521479852498 0.00207692268304527 0.0021008166950196 0.00211511831730604 0.002086530206725 0.00204574386589229 0.00197573914192617 0.00190481555182487 0.00188982510007918 0.00188504147808999 0.00193217908963561 0.00197174400091171 0.00199302402324975 0.00200070417486131 0.00198971293866634 0.00194388767704368 0.00186956184916198 0.00176860089413822 0.00165502331219614 0.00145133351907134 0.0012261129450053 0.00108706124592572 0.000959181925281882 0.000907754467334598 0.000859812367707491 0.000826456991489977 0.000797190412413329 0.000776555621996522 0.000758925336413085 0.000744967081118375 0.00073922541923821 0.000739468552637845 0.000745359226129949 0.000753588799852878 0.000763751158956438 0.000774293497670442 0.000785092532169074 0.00079563248436898 0.000803548900876194 0.000810506870038807 0.000814094964880496 0.000815820414572954
0.00189424364361912 0.00198540510609746 0.00203766929917037 0.0020558990072459 0.00205580261535943 0.00199518795125186 0.0019173618638888 0.00180992775131017 0.00170219258870929 0.00166814692784101 0.00164611067157239 0.00168516475241631 0.00171800621319562 0.00173584651201963 0.00174254225566983 0.00173393788281828 0.00169582129456103 0.00163355877157301 0.00154125317931175 0.00143471686169505 0.00125999830197543 0.00106898869853467 0.000975221511907876 0.000891833449713886 0.000862279382999986 0.000834488309919834 0.000814075581729412 0.000795304018538445 0.000779997208155692 0.000766485405620188 0.00075516733340919 0.000750876090023667 0.000751703046262264 0.000757258210796863 0.000764771539252251 0.000775872322265059 0.000787678291089833 0.000800684560090303 0.00081343820784241 0.000823290087282658 0.000832297722809017 0.000838337116874754 0.000842280685901642
0.00182556558866054 0.00193097069859505 0.00199534324929118 0.00200427882373333 0.00198336434550583 0.00189220637548715 0.001781071186997 0.00164203706663102 0.00150362658314407 0.00145915022585541 0.00142672436777502 0.00145559688098729 0.00147921871393919 0.0014901616377756 0.00149198761209846 0.00148129719309509 0.00144451670348644 0.00138639006763697 0.00129561917856336 0.00118938554078341 0.00105308322235942 0.000909596565179527 0.000864647794514894 0.000828339776489884 0.000819267821498215 0.000810246216133237 0.000801435380708426 0.000792454287875444 0.00078311376273632 0.00077490572584793 0.000768081925343722 0.000767018762417138 0.000770151615142822 0.00077653449261561 0.000784263305831701 0.000796725798863918 0.000810118799563497 0.000825670023914427 0.000840905355289578 0.000852273777127266 0.000862898014020175 0.00087090564193204 0.000876804580911994
0.00175274058710784 0.00185981055255979 0.00192784774117172 0.00192489032633603 0.0018837054958567 0.00177158648148179 0.00163929397240281 0.00148986547719687 0.00134227436501533 0.00129164196550846 0.00125181954354048 0.00126698624808341 0.00127856712788343 0.0012814897345379 0.00127432949375361 0.00125332688912749 0.00121207314077765 0.00115425046533346 0.00107563589699566 0.000987172708846629 0.000901659659575671 0.000816851505078375 0.000802233524154872 0.000793141836766154 0.000794301799032837 0.000794510240666568 0.000790736230555922 0.000786577060353011 0.000781604612711817 0.000778081361204386 0.000776329368818551 0.000779872993007302 0.000787273922469467 0.000795699190348387 0.000804548733867705 0.000819249078631401 0.000835099606774747 0.000851117423735559 0.000866585120093077 0.000876618199981749 0.000886048772372305 0.000893360818736255 0.000899034843314439
0.00167813838925213 0.00178148213308305 0.00184956542216241 0.001833600923419 0.00177238043397665 0.00164340727496892 0.00149516528472304 0.00134443084243685 0.00119687127880752 0.00114191474858671 0.00109597877599299 0.00109592883381993 0.00109425967093557 0.00108868058305234 0.00107076996937394 0.00103592965751886 0.000987712992355227 0.000928552006371319 0.000866645947098732 0.000803439586888999 0.000774018524680287 0.000752669933717698 0.000760459224693477 0.000770070764701813 0.000777069770265371 0.000782419869210571 0.000780869042500854 0.000779402267653495 0.000778112967964262 0.000779009191319346 0.000782576506026089 0.000791317841503769 0.000803827890194952 0.000814816157799214 0.000825174211058766 0.000842488079797477 0.000861169246491045 0.000876762787811458 0.000891498755663633 0.000898974307347089 0.000906006782315671 0.00091148167848587 0.00091599632287398
0.00160632014740258 0.00169407145585865 0.00174467905890197 0.00171598000451922 0.00164457759819925 0.00151679757982492 0.00137298367917538 0.00123671058099717 0.00110407324973494 0.00104875233955681 0.00100005243439227 0.00098503241315484 0.000968901091255248 0.000950086512602866 0.000923702609725296 0.000886927009560168 0.000847470946609974 0.000805821677204221 0.000771049584727734 0.000739535025786608 0.00073500449070707 0.00073692126898095 0.000749501283280551 0.000762418378144503 0.000769579492043704 0.000775079650338739 0.000773628533352166 0.000773197854869068 0.000774921325501055 0.000779991212766618 0.000789151003118604 0.000803442962933332 0.000821473076939583 0.000833824567962438 0.000843824294861406 0.000862870656419545 0.000883695262018591 0.000892528390977532 0.00090006465325132 0.000899270176887512 0.000898840604349971 0.000899694219697267 0.000900797953363508
0.00153507792856544 0.00160478171892464 0.0016342883463949 0.00159291096497327 0.00151336553972214 0.0013905125670135 0.00125534296967089 0.00113679363857955 0.00102215923834592 0.000967293337453157 0.000916522578336298 0.000886583351530135 0.000855739112012088 0.000822709582280368 0.000788323581218719 0.000752075284253806 0.000724632991477847 0.000704395642969757 0.000698914518579841 0.000700423144735396 0.00071432744152844 0.000731193460524082 0.000744919292628765 0.000757956120651215 0.000764104770496488 0.000768722267821431 0.000766931567341089 0.000767194200307131 0.000771791732404381 0.000780984351877123 0.000795793195720762 0.000815708772279322 0.000839344051200897 0.000852810509968549 0.000862065702676773 0.000882662192452699 0.000905488152056932 0.000906249857507646 0.000905248103663325 0.000895001750905067 0.000886062392964959 0.000881718762684613 0.000878945691511035
0.00146037398371845 0.00151080917567015 0.0015174055006355 0.00147234706673771 0.00139947468414903 0.00129057408776134 0.00117142696399242 0.00107238010969013 0.000976975541561842 0.000924362451769412 0.000873741984833032 0.000833258032798767 0.00079595303395763 0.000766323762945831 0.000738848932087421 0.000714331865310669 0.000698263116646558 0.00068910646950826 0.000691293855197728 0.000698854622896761 0.000714207533746958 0.000731422274839133 0.000743188546039164 0.000754159642383456 0.00075900461524725 0.000762997660785913 0.000763425370678306 0.000766603974625468 0.000775589898694307 0.000788832199759781 0.000807276694104075 0.000829655735287815 0.00085490063065663 0.000867871625814587 0.000875759636983275 0.000893177348189056 0.000912468356546015 0.000901532592251897 0.000888821028638631 0.000869697309099138 0.000852785888127983 0.000843652815092355 0.000837348401546478
