Ecospace-environmental-drivers/Outputs/ASCII-for-ecospace/MOM6-ISIMIP3a/phyc/2002-05_phyc_MOM6-ISIMIP3a.asc
NCOLS 131 
NROWS 53 
XLLCORNER -98 
YLLCORNER 23.9265270233154 
CELLSIZE 0.133587792515755 
NODATA_value -9999 
[rows 19 to 37 of 53, columns 86 to 128 of 131]
0.00266931718215346 0.0025627554859966 0.00243037287145853 0.0022467018570751 0.00202984502539039 0.00178676110226661 0.00153425626922399 0.0013217794476077 0.00111558777280152 0.00102462689392269 0.000942881393712014 0.000921816332265735 0.000901245046406984 0.00088215502910316 0.000858922896441072 0.000828891701530665 0.00079956918489188 0.000770935439504683 0.000753124593757093 0.000741515541449189 0.00078735314309597 0.000850907468702644 0.00132547761313617 0.00186565285548568 0.00314936228096485 0.00437426380813122 0.00526593206450343 0.00611560186371207 0.00685650995001197 -9999 -9999 -9999 -9999 -9999 -9999 -9999 -9999 -9999 -9999 -9999 -9999 -9999 -9999
0.00267150159925222 0.00256723654456437 0.00244385213591158 0.00228388491086662 0.00210024649277329 0.00188926991540939 0.00166847312357277 0.00143948243930936 0.00120920513290912 0.00108038552571088 0.000964133883826435 0.000933533301576972 0.000906802713871002 0.000891681935172528 0.000870814139489084 0.000840512861032039 0.000808902783319354 0.00077602086821571 0.00075299758464098 0.000735623470973223 0.00074505916563794 0.000762763142120093 0.0010125357657671 0.00130386545788497 0.00222114007920027 0.00311289913952351 0.00386007432825863 0.00437048776075244 0.00426776427775621 -9999 -9999 -9999 -9999 -9999 -9999 -9999 -9999 -9999 -9999 -9999 -9999 -9999 -9999
0.00267663365229964 0.00257168221287429 0.00245339027605951 0.00231563206762075 0.00216527841985226 0.00199140375480056 0.00180908001493663 0.00156603497453034 0.00131345563568175 0.00114268704783171 0.000988037441857159 0.000945752544794232 0.000911362294573337 0.000900655461009592 0.000882670981809497 0.000852740427944809 0.000819555774796754 0.000783208641223609 0.000756868568714708 0.000736262823920697 0.000736628833692521 0.000743462587706745 0.000864269910380244 0.00100766180548817 0.00155777484178543 0.00210209912620485 0.00261362129822373 0.00316487997770309 -9999 -9999 -9999 -9999 -9999 -9999 -9999 -9999 -9999 -9999 -9999 -9999 -9999 -9999 -9999
0.00260531553067267 0.00250222254544497 0.00239124777726829 0.00227355118840933 0.00215150485746562 0.00200873310677707 0.00185851671267301 0.00163282104767859 0.00139527360443026 0.00119875581003726 0.00101954059209675 0.000963376136496663 0.000918690871912986 0.000908442481886595 0.000891697010956705 0.000864286790601909 0.000831684039440006 0.000794035091530532 0.000764540687669069 0.000739718903787434 0.000734456931240857 0.000735227251425385 0.0008099953411147 0.000900333630852401 0.00129614712204784 0.00170236430130899 0.0021675331518054 0.0025026835501194 0.00250112754292786 0.00277893524616957 -9999 -9999 -9999 -9999 -9999 -9999 -9999 -9999 -9999 -9999 -9999 -9999 -9999
0.00251968088559806 0.00241869455203414 0.00231651379726827 0.00221899058669806 0.00212448067031801 0.00201267679221928 0.00189466041047126 0.00168995908461511 0.00147164647933096 0.00125247484538704 0.00105143163818866 0.000981592456810176 0.000926584529224783 0.000916069082450122 0.000900133629329503 0.00087530113523826 0.000843524059746414 0.000804998097009957 0.000772540224716067 0.000743559619877487 0.0007330043008551 0.000728131388314068 0.000764163269195706 0.000809847027994692 0.00107210502028465 0.00136035203468055 0.00179586431477219 0.00208969903178513 0.00201663514599204 0.00216169841587543 0.00230244593694806 -9999 -9999 -9999 -9999 -9999 -9999 -9999 -9999 -9999 -9999 -9999 -9999
0.00229484983719885 0.00219684396870434 0.00212499569170177 0.00205222005024552 0.00197884486988187 0.00190338934771717 0.00182718655560166 0.00166376237757504 0.00148664263542742 0.00127533287741244 0.00108007492963225 0.00100272963754833 0.000940287834964693 0.000922555045690387 0.000902436557225883 0.000878402090165764 0.000848735275212675 0.00081359496107325 0.000781119102612138 0.000750170031096786 0.00073547539068386 0.000725793652236462 0.000738329777959734 0.000757509900722653 0.000958307122346014 0.00119514705147594 0.00163622084073722 0.00195723469369113 0.0019673325587064 0.00196670414879918 0.0020075929351151 -9999 -9999 -9999 -9999 -9999 -9999 -9999 -9999 -9999 -9999 -9999 -9999
0.00207154150120914 0.00197263224981725 0.00192513456568122 0.0018738053040579 0.00181999686174095 0.00177840434480458 0.00174119998700917 0.00162126799114048 0.00148834614083171 0.00129123881924897 0.00110748363658786 0.00102367007639259 0.000954475428443402 0.000929136876948178 0.000904287910088897 0.000880242616403848 0.000852302880957723 0.000820578541606665 0.000788637669757009 0.000756572699174285 0.000738004280719906 0.000723598175682127 0.000717356742825359 0.000715268950443715 0.000858092331327498 0.00104454043321311 0.00147818529512733 0.00181828753557056 0.00191614497452974 0.00192780909128487 -9999 -9999 -9999 -9999 -9999 -9999 -9999 -9999 -9999 -9999 -9999 -9999 -9999
0.0018549095839262 0.00173806911334395 0.0016886928351596 0.00164433242753148 0.00160321756266057 0.0015845897141844 0.00157403957564384 0.00150731264147907 0.00143176480196416 0.00127666140906513 0.0011294794967398 0.00104374717921019 0.000970786320976913 0.000936139258556068 0.000904159096535295 0.000876556616276503 0.000848663621582091 0.000820488145109266 0.000791507191024721 0.000762064650189131 0.000740786723326892 0.000722026859875768 0.000717695336788893 0.000717297196388245 0.000817435560747981 0.000957943149842322 0.00132720009423792 0.00165024120360613 0.00185359886381775 0.00197415985167027 -9999 -9999 -9999 -9999 -9999 -9999 -9999 -9999 -9999 -9999 -9999 -9999 -9999
0.00170152925420552 0.0015786912990734 0.00152543326839805 0.00148297578562051 0.00144750659819692 0.00143660348840058 0.00143452489282936 0.0014063793933019 0.00137414073105901 0.0012576108565554 0.001144346781075 0.0010590945603326 0.000984662328846753 0.000942688784562051 0.000904872140381485 0.000873878831043839 0.000845382222905755 0.000819311884697527 0.00079303135862574 0.000766630400903523 0.000744472665246576 0.000723623554222286 0.000720351177733392 0.000720487209036946 0.000779942783992738 0.000876292993780226 0.00118170445784926 0.00148095155600458 0.00176423485390842 0.00191412074491382 -9999 -9999 -9999 -9999 -9999 -9999 -9999 -9999 -9999 -9999 -9999 -9999 -9999
0.00168615486472845 0.00158335687592626 0.0015218467451632 0.00147023878525943 0.00142503785900772 0.00138860812876374 0.00135532929562032 0.00133385846856982 0.00131424167193472 0.00122880062554032 0.00114366062916815 0.00106412277091295 0.000993225607089698 0.000948250468354672 0.000907422159798443 0.000873400655109435 0.000842881680000573 0.000815766397863626 0.000791620230302215 0.000769175414461643 0.000750129751395434 0.000732132408302277 0.000728062936104834 0.000726212165318429 0.000749353144783527 0.000805436575319618 0.00104818632826209 0.00130894873291254 0.00161635770928115 0.00180960702709854 -9999 -9999 -9999 -9999 -9999 -9999 -9999 -9999 -9999 -9999 -9999 -9999 -9999
0.00167079025413841 0.00159638363402337 0.0015370164765045 0.00148326705675572 0.00143315270543098 0.0013805286725983 0.00132700323592871 0.00129972281865776 0.00127656338736415 0.00121049955487251 0.00114316295366734 0.00106884981505573 0.0010014830622822 0.000954954884946346 0.000912604795303196 0.000877112906891853 0.000844894675537944 0.000815857667475939 0.000792249164078385 0.000771751278080046 0.000754600798245519 0.000738482689484954 0.000730036699678749 0.000722692988347262 0.000723641249351203 0.000751740648411214 0.000933690287638456 0.00116143852937967 0.00150779029354453 0.00192399939987808 0.00244192825630307 -9999 -9999 -9999 -9999 -9999 -9999 -9999 -9999 -9999 -9999 -9999 -9999
0.00165543786715716 0.0016199293313548 0.0015757828950882 0.00152871024329215 0.00147974409628659 0.00142266671173275 0.00136267556808889 0.00131387915462255 0.00126684072893113 0.00120541977230459 0.00114290229976177 0.00107319804374129 0.00100935541559011 0.0009630968561396 0.000921099563129246 0.000886097026523203 0.000852586003020406 0.000820524292066693 0.000795444648247212 0.000774365791585296 0.000757579575292766 0.000742117234040052 0.000724791607353836 0.000707543978933245 0.000704066012986004 0.000719634117558599 0.000843125453684479 0.00104474206455052 0.0014486777363345 0.00190445885527879 0.00243573263287544 0.00268239248543978 -9999 -9999 -9999 -9999 -9999 -9999 -9999 -9999 -9999 -9999 -9999
0.00157001311890781 0.00156766967847943 0.00154074025340378 0.0015047051711008 0.00146277830936015 0.00141763524152339 0.00137133675161749 0.00132067664526403 0.00126933166757226 0.00120966963004321 0.00114893831778318 0.00108090287540108 0.00101810274645686 0.000971008383203298 0.000928400491829962 0.000893156800884753 0.000858529529068619 0.000824501272290945 0.000797836808487773 0.00077539193443954 0.000758637092076242 0.000743637036066502 0.000723478966392577 0.000702951743733138 0.000693829904776067 0.000697283365298063 0.000771994120441377 0.000945677806157619 0.0013756692642346 0.00193655979819596 0.00268805329687893 0.00310166319832206 0.00322244712151587 0.0032781008630991 -9999 -9999 -9999 -9999 -9999 -9999 -9999 -9999 -9999
0.00143203360494226 0.00145855511073023 0.00145033991429955 0.00142861320637167 0.00139814394060522 0.00137722620274872 0.00135973957367241 0.00132195488549769 0.00128098297864199 0.00122091674711555 0.00115969707258046 0.00109112495556474 0.00102750619407743 0.000978747149929404 0.000934806012082845 0.000898773316293955 0.000863162218593061 0.000827960902824998 0.000799626461230218 0.000775226799305528 0.000758253620006144 0.000743570795748383 0.000725115707609802 0.000706277263816446 0.000690598215442151 0.000682249548844993 0.000715438043698668 0.000859837920870632 0.00129223894327879 0.00200739246793091 0.00313426437787712 0.00354453129693866 0.00333375483751297 -9999 -9999 -9999 -9999 -9999 -9999 -9999 -9999 -9999 -9999
0.00129055767320096 0.00132943165954202 0.00133560772519559 0.0013257252285257 0.00130545208230615 0.00130493496544659 0.00131151464302093 0.00129423232283443 0.00127320329193026 0.00121882651001215 0.00116266554687172 0.00109533069189638 0.00103219819720834 0.000981672783382237 0.000936469063162804 0.000900000857654959 0.000864474452100694 0.000829863303806633 0.000800972396973521 0.000775359338149428 0.00075759063474834 0.000742241099942476 0.000725337537005544 0.000708252948243171 0.000691415392793715 0.000679051852785051 0.000692039669957012 0.000803637900389731 0.00117060518823564 0.00194231339264661 0.00330336787737906 0.00543252052739263 0.00822734367102385 0.00724438205361366 0.00916559062898159 -9999 -9999 -9999 -9999 -9999 -9999 -9999 -9999
0.00114758335985243 0.0011917328229174 0.00121044728439301 0.0012113528791815 0.0012007353361696 0.001218979828991 0.00124759192112833 0.00125408067833632 0.00125709583517164 0.00121102016419172 0.00116229546256363 0.00109695782884955 0.00103487086016685 0.000982535537332296 0.000936099619138986 0.000899347418453544 0.000864363566506654 0.000831098237540573 0.000802128226496279 0.000775619526393712 0.000756807858124375 0.000740370014682412 0.000724952958989888 0.000709650106728077 0.000693967915140092 0.000680926896166056 0.000682851881720126 0.000760140945203602 0.00103259843308479 0.00181898544542491 0.00335370912216604 0.00552600063383579 0.00825083907693624 0.00916559062898159 0.0092819482088089 0.00961263570934534 -9999 -9999 -9999 -9999 -9999 -9999 -9999
0.00106513185892254 0.0011020345846191 0.00112342950887978 0.00113036134280264 0.00112793466541916 0.00115404033567756 0.00119039521086961 0.00121283426415175 0.0012330882018432 0.00119496521074325 0.00115347909741104 0.00109069910831749 0.00103071017656475 0.000979094067588449 0.00093337194994092 0.000897324469406158 0.00086335395462811 0.000831401732284576 0.000802799419034272 0.000776116678025573 0.000756495050154626 0.000739051145501435 0.000725500111002475 0.000712421198841184 0.000699568772688508 0.000688358675688505 0.000686454528477043 0.00073557160794735 0.000916817225515842 0.00155299971811473 0.00285161938518286 0.00495771365240216 0.00776360416784883 0.00906761735677719 0.00961263570934534 0.00962978322058916 -9999 -9999 -9999 -9999 -9999 -9999 -9999
0.000995202455669641 0.00102226762101054 0.00104430364444852 0.00105627626180649 0.00106173730455339 0.00109344907104969 0.00113459024578333 0.00117136130575091 0.00120744609739631 0.00117720349226147 0.00114291533827782 0.00108280871063471 0.00102513551246375 0.000974762020632625 0.000930156325921416 0.000895018223673105 0.000862158369272947 0.000831512559670955 0.000803370377980173 0.000776662782300264 0.000756279507186264 0.000737846596166492 0.000726240046788007 0.000715476460754871 0.000705800310242921 0.000696940114721656 0.000692703470122069 0.000714918482117355 0.000805634481366724 0.00125749781727791 0.00223523075692356 0.00425250642001629 0.00717069953680038 0.00870949123054743 0.00955118425190449 0.00972552970051765 -9999 -9999 -9999 -9999 -9999 -9999 -9999
0.000967235129792243 0.000988774816505611 0.00100773735903203 0.00102021615020931 0.00102849944960326 0.00105806416831911 0.00109527353197336 0.00113741192035377 0.00118032447062433 0.00115706492215395 0.00112923583947122 0.00107178837060928 0.00101662892848253 0.000968333450146019 0.000925298314541578 0.000890898052603006 0.000859032210428268 0.0008296292508021 0.000802391266915947 0.000776393804699183 0.000756154651753604 0.000737691414542496 0.000727657868992537 0.000718677591066808 0.000711602799128741 0.000704508216585964 0.00069730170071125 0.000707312196027488 0.000761909293942153 0.0010865266667679 0.00180432258639485 0.00338064646348357 0.00570101151242852 0.00713907228782773 0.00813124794512987 0.00834993552416563 -9999 -9999 -9999 -9999 -9999 -9999 -9999
