Ecospace-environmental-drivers/Outputs/ASCII-for-ecospace/MOM6-ISIMIP3a/phyc/2003-05_phyc_MOM6-ISIMIP3a.asc
NCOLS 131 
NROWS 53 
XLLCORNER -98 
YLLCORNER 23.9265270233154 
CELLSIZE 0.133587792515755 
NODATA_value -9999 
[rows 0 to 18 of 53, columns 44 to 87 of 131]
-9999 -9999 -9999 -9999 -9999 -9999 -9999 -9999 -9999 -9999 -9999 -9999 -9999 -9999 -9999 -9999 -9999 -9999 -9999 -9999 -9999 -9999 -9999 -9999 -9999 -9999 -9999 -9999 -9999 -9999 -9999 -9999 -9999 -9999 -9999 -9999 -9999 -9999 -9999 -9999 -9999 -9999 -9999 -9999
-9999 -9999 -9999 -9999 -9999 -9999 -9999 -9999 -9999 -9999 -9999 -9999 -9999 -9999 -9999 -9999 -9999 -9999 -9999 -9999 -9999 -9999 -9999 -9999 -9999 -9999 -9999 -9999 -9999 -9999 -9999 -9999 -9999 -9999 -9999 -9999 -9999 -9999 -9999 -9999 -9999 -9999 -9999 -9999
-9999 -9999 -9999 -9999 -9999 -9999 -9999 -9999 -9999 -9999 -9999 -9999 -9999 -9999 -9999 -9999 -9999 -9999 -9999 -9999 -9999 -9999 -9999 -9999 -9999 -9999 -9999 -9999 -9999 -9999 0.0110065173357725 0.0109574478119612 -9999 -9999 -9999 -9999 -9999 -9999 -9999 -9999 -9999 -9999 -9999 -9999
-9999 -9999 -9999 -9999 -9999 -9999 -9999 -9999 -9999 -9999 -9999 -9999 -9999 -9999 -9999 -9999 -9999 -9999 -9999 -9999 -9999 -9999 -9999 -9999 -9999 -9999 -9999 -9999 -9999 -9999 0.0110056679695845 0.0109957261011004 -9999 -9999 -9999 -9999 -9999 -9999 -9999 -9999 -9999 -9999 -9999 -9999
-9999 -9999 -9999 -9999 -9999 -9999 -9999 -9999 -9999 -9999 -9999 -9999 -9999 -9999 -9999 -9999 -9999 -9999 -9999 -9999 -9999 0.0110865831375122 0.0110967233777046 0.0111048361286521 0.0111521575599909 0.0111739905551076 0.0111638465896249 0.0110985012724996 0.0110328961163759 0.0110129099339247 0.0110086658969522 0.0109954280778766 0.0109830824658275 -9999 -9999 0.0082546453922987 0.00615646410733461 0.00426587602123618 0.00309008150361478 0.00276789860799909 0.00266746943816543 0.00270662317052484 0.0027061861474067 0.00268845562823117
-9999 -9999 -9999 -9999 -9999 -9999 -9999 -9999 -9999 -9999 -9999 -9999 -9999 -9999 -9999 -9999 -9999 0.0104039562866092 -9999 0.0102857807651162 0.0101889725774527 0.0106498682871461 0.0110865831375122 0.0110987517982721 0.0111048361286521 0.0111994799226522 0.011217656545341 0.0110744033008814 0.0110034439712763 0.0110208420082927 0.0110144438222051 0.0109907118603587 0.0109811294823885 0.0109774069860578 0.00994447246193886 0.00870921928435564 0.00611024582758546 0.00364992721006274 0.00303745525889099 0.00258286204189062 0.00268337829038501 0.00273616774939001 0.00270032323896885 0.00268206768669188
-9999 -9999 -9999 -9999 -9999 -9999 -9999 -9999 -9999 -9999 -9999 -9999 -9999 0.0112663488835096 0.0112652704119682 0.011264163069427 0.0112603353336453 0.0108329560607672 0.0104192243888974 0.0103886881843209 0.0102796806022525 0.0101889725774527 0.0106740482151508 0.0110865831375122 0.0111048361286521 0.0111994799226522 0.011217656545341 0.0110744033008814 0.0110034439712763 0.0110208420082927 0.0110144438222051 0.0109907118603587 0.0109811294823885 0.0109774069860578 0.00994447246193886 0.00870921928435564 0.00611024582758546 0.00364992721006274 0.00303745525889099 0.00258286204189062 0.00268337829038501 0.00273616774939001 0.00270032323896885 0.00268206768669188
-9999 -9999 -9999 -9999 -9999 -9999 -9999 -9999 -9999 -9999 -9999 -9999 -9999 0.0112721286714077 0.0112663488835096 0.0112641928717494 -9999 0.0112548666074872 0.0108400518074632 0.0104497605934739 0.0103886881843209 0.0102613801136613 0.0101889725774527 0.0107465889304876 0.0111731328070164 0.0110511286184192 0.0109245534986258 0.0107883289456367 0.0107185384258628 0.0107299434021115 0.0107154482975602 0.0106820873916149 0.0104140834882855 0.0100489053875208 0.00869279820472002 0.00714189792051911 0.00523488689213991 0.00346307503059506 0.0031408267095685 0.00290317018516362 0.00296294246800244 0.00298344064503908 0.00293100159615278 0.00285279797390103
-9999 0.0100627653300762 -9999 -9999 -9999 -9999 -9999 -9999 -9999 -9999 -9999 -9999 -9999 -9999 -9999 -9999 -9999 0.0112574594095349 0.0112451026216149 0.0108592491596937 0.0105108339339495 0.0103886881843209 0.0102064786478877 0.0108192907646298 0.011244734749198 0.0108860228210688 0.0106009226292372 0.0104712238535285 0.0104005848988891 0.0104021281003952 0.0103718424215913 0.01031837426126 0.00976112764328718 0.00899525079876184 0.00730084720999002 0.00542391743510962 0.00427934760227799 0.00326486257836223 0.0032562012784183 0.00325277075171471 0.00326773151755333 0.0032527029979974 0.00318198092281818 0.00303941546007991
0.0100627653300762 0.0100610889494419 0.0100521864369512 0.0100464690476656 -9999 -9999 -9999 -9999 -9999 -9999 -9999 -9999 -9999 0.0107281105592847 0.0112780537456274 -9999 -9999 -9999 0.011248305439949 0.0112292775884271 0.0109191397204995 0.0106329787522554 0.0106763951480389 0.0109988944604993 0.0111706806346774 0.0107117192819715 0.0103466687723994 0.0101798726245761 0.0100353686138988 0.00991811137646437 0.00964101403951645 0.00924749206751585 0.00832941941916943 0.00719411112368107 0.00586827052757144 0.00450497586280107 0.00390485906973481 0.00338636641390622 0.00338915293104947 0.00338817154988647 0.00337394117377698 0.00333538930863142 0.00325166969560087 0.00312117580324411
0.0100641222670674 0.0100636202841997 0.0100538497790694 0.0100390883162618 0.0100379986688495 -9999 -9999 -9999 -9999 -9999 -9999 -9999 -9999 0.0104764020070434 0.0108265038579702 0.0112780537456274 -9999 -9999 0.0112490998581052 0.0112294675782323 0.0112092662602663 0.0111352987587452 0.0110655464231968 0.0111109120771289 0.0110459066927433 0.0105189876630902 0.010096319951117 0.00989373307675123 0.00967769511044025 0.00944521836936474 0.00893821567296982 0.00823125150054693 0.00704108597710729 0.00565081089735031 0.00468924501910806 0.00381195335648954 0.00367284147068858 0.00357181951403618 0.00357584096491337 0.00356776174157858 0.00351713551208377 0.00344643439166248 0.00333845219574869 0.00321109243668616
0.010071556083858 0.0100655471906066 0.0100538497790694 0.0100390883162618 0.0100358203053474 0.0100298719480634 0.010003823786974 -9999 -9999 -9999 -9999 -9999 -9999 -9999 0.0106221847236156 0.0109322965145111 0.0112780537456274 0.0112663488835096 0.0112490998581052 0.0112294675782323 0.0112092662602663 0.0111199058592319 0.011021489277482 0.0108604179695249 0.0106490859761834 0.0102274091914296 0.00986690819263458 0.00963555183261633 0.0093604838475585 0.00903199054300785 0.00838575977832079 0.00750809302553535 0.00652179541066289 0.00549051025882363 0.00487021775916219 0.00433071702718735 0.0042050126940012 0.00410028407350183 0.00405076099559665 0.00398437678813934 0.00385870924219489 0.00370959076099098 0.00351692177355289 0.00334475608542562
0.0100749982520938 0.0100765619426966 0.0100686335936189 0.0100555941462517 0.010044758208096 0.0100345490500331 0.0100043592974544 -9999 -9999 -9999 -9999 0.0101692136377096 0.0103438142687082 0.0104875881224871 0.0105890408158302 0.0107899261638522 0.011072164401412 0.0111553259193897 0.0111441891640425 0.0111307986080647 0.0111168706789613 0.0110436836257577 0.0109505485743284 0.0106263356283307 0.010298321954906 0.00995440315455198 0.00964182429015636 0.00939540378749371 0.00909595936536789 0.00873170793056488 0.00806534942239523 0.00717894034460187 0.00642007729038596 0.00571403512731194 0.00533864973112941 0.00502826320007443 0.00485307397320867 0.00468528224155307 0.00454084854573011 0.00438271136954427 0.00417639268562198 0.00394928921014071 0.00368358707055449 0.00346420239657164
0.0100684640929103 0.0101102963089943 0.0101203788071871 0.0101133650168777 0.0100792739540339 0.0100374817848206 0.0100043592974544 0.00997256394475698 0.00995261780917645 0.00995193794369698 0.0100492602214217 0.0101692136377096 0.0103438142687082 0.0104875881224871 0.0105890408158302 0.0106714563444257 0.0107382955029607 0.010766739025712 0.0107769947499037 0.0107854530215263 0.0107934819534421 0.0108153838664293 0.0108123980462551 0.0104332827031612 0.0100627010688186 0.00972782820463181 0.00942755863070488 0.00920033920556307 0.00896315556019545 0.00871379394084215 0.00832506455481052 0.00783482193946838 0.00736231170594692 0.00689714541658759 0.00652574421837926 0.00617277529090643 0.00579086504876614 0.00541161745786667 0.00506885629147291 0.00473534315824509 0.00443434901535511 0.00413034204393625 0.00382074085064232 0.00354810454882681
0.0096624344587326 0.00978068821132183 0.00986350234597921 0.0099272346124053 0.00996973738074303 0.0100062023848295 0.00999162998050451 0.00997202750295401 0.00995763018727303 0.00995602644979954 0.0100195063278079 0.0100923711434007 0.0101878978312016 0.0102568427100778 0.0102892955765128 0.0102851130068302 0.0102509558200836 0.0102869011461735 0.0103560518473387 0.0104015870019794 0.010441480204463 0.0105039980262518 0.0105399508029222 0.0101666375994682 0.00980504788458347 0.00949252769351006 0.00920725986361504 0.00897952541708946 0.00877292733639479 0.00859216414391994 0.00838110968470573 0.00814799219369888 0.00785788707435131 0.00754418270662427 0.00715676508843899 0.00675485748797655 0.00622788490727544 0.0057036061771214 0.00525089120492339 0.00482631614431739 0.00450068153440952 0.00418042717501521 0.00387016427703202 0.00358473649248481
0.00869159121066332 0.00893738027662039 0.00917029194533825 0.0093962699174881 0.00965653546154499 0.00992655195295811 0.0099609037861228 0.00997073203325272 0.00996972806751728 0.00996589660644531 0.00994768738746643 0.0099068870767951 0.00981154292821884 0.00969986617565155 0.00956576596945524 0.00952004548162222 0.00954663660377264 0.00967804994434118 0.00985911581665277 0.00996326096355915 0.0100490264594555 0.0100751426070929 0.0100776357576251 0.00979594420641661 0.00951624661684036 0.00924489181488752 0.00897843204438686 0.00872230622917414 0.00850151013582945 0.00832389760762453 0.00814920105040073 0.00797662883996964 0.00772196892648935 0.0074333124794066 0.00700160022825003 0.00654176622629166 0.00595690542832017 0.00538150779902935 0.00494378386065364 0.0045473501086235 0.00429609278216958 0.00404534768313169 0.0037955529987812 0.00355453719384968
0.00703221000730991 0.00730149680748582 0.00761596020311117 0.00795474927872419 0.00837228540331125 0.00881221797317266 0.0089682200923562 0.00909142289310694 0.00911375321447849 0.0091210063546896 0.00905155949294567 0.00894996430724859 0.00877074338495731 0.00858122855424881 0.00837758183479309 0.00834597274661064 0.00845512188971043 0.00872491300106049 0.0090707978233695 0.009279097430408 0.00945452321320772 0.0095213707536459 0.00956632755696774 0.00940124597400427 0.00921390950679779 0.00893343705683947 0.00863250065594912 0.00828836485743523 0.00797500647604465 0.00769926607608795 0.00749662658199668 0.00734723312780261 0.00708465371280909 0.00677519990131259 0.00629112869501114 0.00577273173257709 0.00521348603069782 0.00467519275844097 0.00435636378824711 0.00407994166016579 0.00395262381061912 0.00381168909370899 0.00364546640776098 0.00346804386936128
0.00479299761354923 0.00499816937372088 0.00533646065741777 0.00574643118306994 0.00627029687166214 0.00682655489072204 0.007165452465415 0.00747272139415145 0.00752675952389836 0.00755630573257804 0.00746126612648368 0.00734339701011777 0.00717040291056037 0.00698960805311799 0.00679810345172882 0.00682746898382902 0.00703754415735602 0.00748184835538268 0.00803710147738457 0.00838791113346815 0.00868987198919058 0.00886240415275097 0.0090137617662549 0.00898633245378733 0.00890017487108707 0.0085682375356555 0.00818795338273048 0.00770560232922435 0.0072336895391345 0.00677453400567174 0.0064898026175797 0.0063321185298264 0.00602510338649154 0.00565624469891191 0.00511302333325148 0.00453552696853876 0.00407221494242549 0.00364532181993127 0.00353288697078824 0.0034538428299129 0.00349220097996294 0.00349501543678343 0.0034318205434829 0.00333414389751852
0.00341112422756851 0.00351116852834821 0.00374536588788033 0.00405179942026734 0.00448224786669016 0.00494796643033624 0.00530405668541789 0.00564008764922619 0.00573750492185354 0.00581046752631664 0.0057590315118432 0.0056953551247716 0.00560212275013328 0.00551084382459521 0.00542224524542689 0.0055310265161097 0.00580129772424698 0.00627905875444412 0.00685510272160172 0.00728324707597494 0.00767605286091566 0.00800353474915028 0.00831190682947636 0.00840745493769646 0.00841274484992027 0.00804029777646065 0.00758236460387707 0.00694396672770381 0.00630714278668165 0.00567224249243736 0.00529466569423676 0.00510451896116138 0.00480831926688552 0.00446819933131337 0.00404262123629451 0.00360024371184409 0.003321573138237 0.00307355378754437 0.0030657360330224 0.0030776197090745 0.00315877492539585 0.0032073026522994 0.00319523736834526 0.0031469773966819
