Ecospace-environmental-drivers/Outputs/ASCII-for-ecospace/MOM6-ISIMIP3a/phyc/2003-04_phyc_MOM6-ISIMIP3a.asc
NCOLS 131 
NROWS 53 
XLLCORNER -98 
YLLCORNER 23.9265270233154 
CELLSIZE 0.133587792515755 
NODATA_value -9999 
[rows 0 to 18 of 53, columns 44 to 87 of 131]
-9999 -9999 -9999 -9999 -9999 -9999 -9999 -9999 -9999 -9999 -9999 -9999 -9999 -9999 -9999 -9999 -9999 -9999 -9999 -9999 -9999 -9999 -9999 -9999 -9999 -9999 -9999 -9999 -9999 -9999 -9999 -9999 -9999 -9999 -9999 -9999 -9999 -9999 -9999 -9999 -9999 -9999 -9999 -9999
-9999 -9999 -9999 -9999 -9999 -9999 -9999 -9999 -9999 -9999 -9999 -9999 -9999 -9999 -9999 -9999 -9999 -9999 -9999 -9999 -9999 -9999 -9999 -9999 -9999 -9999 -9999 -9999 -9999 -9999 -9999 -9999 -9999 -9999 -9999 -9999 -9999 -9999 -9999 -9999 -9999 -9999 -9999 -9999
-9999 -9999 -9999 -9999 -9999 -9999 -9999 -9999 -9999 -9999 -9999 -9999 -9999 -9999 -9999 -9999 -9999 -9999 -9999 -9999 -9999 -9999 -9999 -9999 -9999 -9999 -9999 -9999 -9999 -9999 0.0111161917448044 0.0109314247965813 -9999 -9999 -9999 -9999 -9999 -9999 -9999 -9999 -9999 -9999 -9999 -9999
-9999 -9999 -9999 -9999 -9999 -9999 -9999 -9999 -9999 -9999 -9999 -9999 -9999 -9999 -9999 -9999 -9999 -9999 -9999 -9999 -9999 -9999 -9999 -9999 -9999 -9999 -9999 -9999 -9999 -9999 0.0111173177137971 0.0109392683953047 -9999 -9999 -9999 -9999 -9999 -9999 -9999 -9999 -9999 -9999 -9999 -9999
-9999 -9999 -9999 -9999 -9999 -9999 -9999 -9999 -9999 -9999 -9999 -9999 -9999 -9999 -9999 -9999 -9999 -9999 -9999 -9999 -9999 0.0115614803507924 0.0115699609741569 0.0115767456591129 0.0116163212805986 0.0116367479786277 0.0116371791809797 0.0115721756592393 0.0114537160843611 0.0113045573234558 0.0111176958307624 0.0109296990558505 0.0107704102993011 -9999 -9999 0.00919779669493437 0.00795923639088869 0.006671077106148 0.00570140453055501 0.00519433803856373 0.00490126293152571 0.00479602254927158 0.00473382929340005 0.004719577729702
-9999 -9999 -9999 -9999 -9999 -9999 -9999 -9999 -9999 -9999 -9999 -9999 -9999 -9999 -9999 -9999 -9999 0.0112803466618061 -9999 0.0112351411953568 0.0111980624496937 0.0113916825503111 0.0115614803507924 0.0115716569125652 0.0115767456591129 0.0116558959707618 0.0116776023060083 0.0115780401974916 0.0114608835428953 0.0113222235813737 0.0111305639147758 0.010900299064815 0.0107582351192832 0.0106526967138052 0.0101279318332672 0.0095207579433918 0.00794470123946667 0.00641224905848503 0.0056562814861536 0.00503568351268768 0.00489104958251119 0.00477705569937825 0.00471996236592531 0.0047044693492353
-9999 -9999 -9999 -9999 -9999 -9999 -9999 -9999 -9999 -9999 -9999 -9999 -9999 0.0114377699792385 0.0114390859380364 0.0114390077069402 0.0114361876621842 0.0113561227917671 0.011286485940218 0.0112742073833942 0.0112331537529826 0.0111980624496937 0.0114155048504472 0.0115614803507924 0.0115767456591129 0.0116558959707618 0.0116776023060083 0.0115780401974916 0.0114608835428953 0.0113222235813737 0.0111305639147758 0.010900299064815 0.0107582351192832 0.0106526967138052 0.0101279318332672 0.0095207579433918 0.00794470123946667 0.00641224905848503 0.0056562814861536 0.00503568351268768 0.00489104958251119 0.00477705569937825 0.00471996236592531 0.0047044693492353
-9999 -9999 -9999 -9999 -9999 -9999 -9999 -9999 -9999 -9999 -9999 -9999 -9999 0.0114307133480906 0.0114377699792385 0.0114404018968344 -9999 0.0114293089136481 0.011351759545505 0.0112987644970417 0.0112742073833942 0.0112271923571825 0.0111980624496937 0.011486972682178 0.0116990115493536 0.0115893399342895 0.0114581556990743 0.0112815573811531 0.0111160697415471 0.0109641626477242 0.0107671013101935 0.0105371521785855 0.0102904262021184 0.0100367525592446 0.00940075423568487 0.00868960097432137 0.00739819090813398 0.00614611525088549 0.0054882038384676 0.00494632264599204 0.00481240730732679 0.00471893232315779 0.00470055919140577 0.00469381641596556
-9999 0.0106195891276002 -9999 -9999 -9999 -9999 -9999 -9999 -9999 -9999 -9999 -9999 -9999 -9999 -9999 -9999 -9999 0.0114357499405742 0.0114091420546174 0.0113409319892526 0.0113233216106892 0.0112742073833942 0.011209306307137 0.0115858158096671 0.0118287745863199 0.0115128150209785 0.0112145794555545 0.0109537616372108 0.0107344482094049 0.0105658629909158 0.0103611741214991 0.0101301874965429 0.0097686406224966 0.0093530248850584 0.0085975332185626 0.00777522986754775 0.00679886387661099 0.00585720036178827 0.00531026953831315 0.00485715875402093 0.00473392521962523 0.00466120708733797 0.00468230294063687 0.00468345591798425
0.0106195891276002 0.0105025768280029 0.010409276932478 0.0103924199938774 -9999 -9999 -9999 -9999 -9999 -9999 -9999 -9999 -9999 0.0108744008466601 0.0114234806969762 -9999 -9999 -9999 0.0114211803302169 0.0113579481840134 0.0113280052319169 0.0113724349066615 0.0113969324156642 0.0116361146792769 0.0117515008896589 0.011348782107234 0.0109796458855271 0.0106814038008451 0.0104040466248989 0.0101522151380777 0.00988455582410097 0.00960536766797304 0.00917898304760456 0.00869163870811462 0.00795608107000589 0.0071717300452292 0.00646848604083061 0.00579919433221221 0.0054322318173945 0.00511235930025578 0.00495805544778705 0.0048366510309279 0.00477634510025382 0.00472328485921025
0.0105495294556022 0.0104429917410016 0.0103981951251626 0.0103866448625922 0.0103857927024364 -9999 -9999 -9999 -9999 -9999 -9999 -9999 -9999 0.0106280241161585 0.0109615391120315 0.0114234806969762 -9999 -9999 0.0114588271826506 0.011366942897439 0.011248073540628 0.0113783683627844 0.0115228462964296 0.0116245988756418 0.011617467738688 0.0111546497792006 0.0107366368174553 0.0104132117703557 0.0100930668413639 0.00977692939341068 0.00945740193128586 0.0091354064643383 0.00865882262587547 0.00811821781098843 0.00743159139528871 0.00671625975519419 0.00625974265858531 0.00583444721996784 0.00562052428722382 0.00541129754856229 0.00521858269348741 0.00503973523154855 0.00488664070144296 0.00477680843323469
0.0104829277843237 0.0104257240891457 0.0103981951251626 0.0103866448625922 0.0103840874508023 0.0102967619895935 0.0102202026173472 -9999 -9999 -9999 -9999 -9999 -9999 -9999 0.010747067630291 0.0110353026539087 0.0114234806969762 0.0114377699792385 0.0114588271826506 0.011366942897439 0.011248073540628 0.0112802563235164 0.0113177504390478 0.0112815136089921 0.011178994551301 0.0107990726828575 0.0104503193870187 0.0101673668250442 0.00988625921308994 0.00960740447044373 0.00929556600749493 0.00895970221608877 0.00851143710315228 0.00801662355661392 0.00753446482121944 0.00705479457974434 0.00670342380180955 0.00636992463842034 0.00616459688171744 0.00594483781605959 0.00567433796823025 0.00539107713848352 0.00508411647751927 0.00490378635004163
0.0104139251634479 0.0103992633521557 0.0103864790871739 0.0103747053071856 0.0103232003748417 0.0102603957056999 0.0102193644270301 -9999 -9999 -9999 -9999 0.0102570438757539 0.0105371791869402 0.0106958774849772 0.0106878578662872 0.0108574666082859 0.0111724054440856 0.0112947868183255 0.0113259581848979 0.0112508442252874 0.0111503358930349 0.0111435018479824 0.0111336223781109 0.010985741391778 0.0108039379119873 0.0104801654815674 0.0101814437657595 0.00993560813367367 0.00969268288463354 0.00945331528782845 0.00915235467255116 0.00880652945488691 0.00837487168610096 0.00790766812860966 0.00757142016664147 0.00726091535761952 0.0069904075935483 0.00672875251621008 0.00653910683467984 0.00632430100813508 0.00602102931588888 0.00567704439163208 0.00525744957849383 0.0050149355083704
0.0103389183059335 0.0103498147800565 0.0103454701602459 0.0103329168632627 0.010298696346581 0.0102583132684231 0.0102193644270301 0.0101808467879891 0.0101499883458018 0.010128659196198 0.0101558063179255 0.0102570438757539 0.0105371791869402 0.0106958774849772 0.0106878578662872 0.0107033280655742 0.0107380179688334 0.0107943406328559 0.0108609097078443 0.0108444932848215 0.0108082480728626 0.0109101422131062 0.0110019156709313 0.0108082536607981 0.0105874305590987 0.0102529376745224 0.0099561745300889 0.00973906461149454 0.00953218713402748 0.00933781731873751 0.00905570574104786 0.00870968401432037 0.00826535373926163 0.00778031209483743 0.00744357705116272 0.00713599566370249 0.00688563985750079 0.00664594583213329 0.00648970250040293 0.00631856452673674 0.00609505455940962 0.00579957151785493 0.00537042645737529 0.00508651044219732
0.0101502425968647 0.0101977977901697 0.010233704932034 0.0102633386850357 0.0102756517007947 0.0102830370888114 0.0102467006072402 0.0102062085643411 0.0101743377745152 0.0101474178954959 0.0101456809788942 0.0101962424814701 0.0103730829432607 0.0104546686634421 0.0104054845869541 0.010333607904613 0.0102431662380695 0.0102782789617777 0.0103728631511331 0.0104042598977685 0.0104205580428243 0.0105702700093389 0.0107067255303264 0.01051683165133 0.0103044724091887 0.00999809708446264 0.00973070785403252 0.00954562053084373 0.00936860777437687 0.00920146238058805 0.00892273150384426 0.00856272410601377 0.00810640398412943 0.00761019717901945 0.0072649591602385 0.00694939726963639 0.00670715095475316 0.00647788727656007 0.00634892843663692 0.00621340842917562 0.00605482002720237 0.00580573035404086 0.00538856908679008 0.00508202379569411
0.0098008569329977 0.0099007673561573 0.0100219044834375 0.010154471732676 0.0102546690031886 0.0103456592187285 0.0103126857429743 0.0102674281224608 0.0102331144735217 0.0101926978677511 0.010121239349246 0.0100494781509042 0.00997698307037354 0.0098724365234375 0.00972388591617346 0.00965909380465746 0.00966282840818167 0.00974013935774565 0.00985230132937431 0.00991612207144499 0.00996839348226786 0.0100798076018691 0.0101803997531533 0.0100643280893564 0.00992756709456444 0.00970421731472015 0.00950495898723602 0.00935656018555164 0.00920066889375448 0.00903561990708113 0.00873840227723122 0.0083449138328433 0.00787756592035294 0.00737963011488318 0.00701455539092422 0.00667559774592519 0.0064244344830513 0.00618929928168654 0.00607897341251373 0.00596769107505679 0.00585304293781519 0.00564736453816295 0.00527263386175036 0.00496999965980649
0.00900083035230637 0.00911412760615349 0.00928995013237 0.00949943996965885 0.00968926679342985 0.00987350195646286 0.00991883315145969 0.0099472152069211 0.00990190450102091 0.00984307751059532 0.0097154974937439 0.00956754386425018 0.00937039777636528 0.00919677875936031 0.00905545987188816 0.00901446957141161 0.00905556418001652 0.00912600383162498 0.00921034440398216 0.00928339455276728 0.00935374852269888 0.00947713572531939 0.00959317851811647 0.00954930204898119 0.00948721822351217 0.00934893637895584 0.00922574568539858 0.00913441646844149 0.009006317704916 0.00883328076452017 0.008532939478755 0.00813987385481596 0.00768371857702732 0.00720143597573042 0.00680897664278746 0.00643417425453663 0.00615228246897459 0.00588890863582492 0.00577282812446356 0.00565621769055724 0.00553774693980813 0.00533963134512305 0.00499360635876656 0.00469884648919106
0.00782131124287844 0.00791518110781908 0.0081199649721384 0.0083844717592001 0.00866539962589741 0.00895099714398384 0.00913774222135544 0.0093057919293642 0.00924227945506573 0.00916090328246355 0.00898865424096584 0.00880335830152035 0.00858655758202076 0.00844244565814734 0.00839812587946653 0.00839501712471247 0.00842562410980463 0.00844787154346704 0.00846615806221962 0.00852890498936176 0.00860227551311255 0.00877996906638145 0.0089546786621213 0.00898162554949522 0.00899344403296709 0.00894194841384888 0.0089015094563365 0.00888441223651171 0.00878972467035055 0.00860020518302917 0.0083096818998456 0.0079455878585577 0.00751933781430125 0.00706734601408243 0.00664114579558372 0.00622001523151994 0.00588902598246932 0.00557857984676957 0.00543620530515909 0.00528937065973878 0.00512685533612967 0.00490611279383302 0.00457723578438163 0.00429368717595935
0.00647928798571229 0.00649289740249515 0.00664713839069009 0.00687710335478187 0.00715871015563607 0.00745500391349196 0.00769698200747371 0.0079241506755352 0.00790160242468119 0.00786468852311373 0.00775469793006778 0.00765613140538335 0.0075851515866816 0.00757304392755032 0.0076417587697506 0.00768209714442492 0.00769921857863665 0.00768701825290918 0.00766092911362648 0.00771770346909761 0.00779427727684379 0.00804797559976578 0.00830335449427366 0.00840609520673752 0.0084942914545536 0.00852161459624767 0.00855679903179407 0.00860857963562012 0.00856374390423298 0.00840082205832005 0.00813469849526882 0.0077934036962688 0.00739630497992039 0.00697609549388289 0.0065185334533453 0.00605362933129072 0.00563629856333137 0.00523746060207486 0.0050020613707602 0.00477566849440336 0.00458094151690602 0.00435052672401071 0.00405383668839931 0.00379514740779996
