Ecospace-environmental-drivers/Outputs/ASCII-for-ecospace/MOM6-ISIMIP3a/phyc/2005-05_phyc_MOM6-ISIMIP3a.asc
NCOLS 131 
NROWS 53 
XLLCORNER -98 
YLLCORNER 23.9265270233154 
CELLSIZE 0.133587792515755 
NODATA_value -9999 
[rows 19 to 37 of 53, columns 44 to 87 of 131]
0.00505244173109531 0.00547434948384762 0.00586216291412711 0.00623161857947707 0.00651161978021264 0.00676618050783873 0.00688324496150017 0.00698604388162494 0.00708365486934781 0.007179522421211 0.00726652052253485 0.00734774814918637 0.00741504319012165 0.00746609177440405 0.00749483611434698 0.00749093666672707 0.00746032828465104 0.00728621520102024 0.00704412674531341 0.0066465544514358 0.00621183170005679 0.00603399751707911 0.00589129142463207 0.0060030110180378 0.00611971318721771 0.00625726720318198 0.00629800977185369 0.00613437546417117 0.00575630366802216 0.00511614652350545 0.00440880423411727 0.0036525244358927 0.00325301848351955 0.00300126452930272 0.00295490096323192 0.00294891209341586 0.00298141874372959 0.00301239360123873 0.00301447929814458 0.00301300920546055 0.00299903634004295 0.00297852419316769 0.00294586806558073 0.00290787452831864
0.00417550373822451 0.00443902192637324 0.00469938525930047 0.0049580498598516 0.00518769677728415 0.00540909171104431 0.00553500792011619 0.00565052730962634 0.0057492102496326 0.00584419444203377 0.00592036778107285 0.00600157119333744 0.00609492044895887 0.00618522800505161 0.00627135997638106 0.00635809218510985 0.00644531566649675 0.0063826204277575 0.00624891184270382 0.00592719437554479 0.00556055502966046 0.00535167520865798 0.00517035322263837 0.00523239048197865 0.00530932564288378 0.00544861005619168 0.00552316848188639 0.00546108605340123 0.00519644981250167 0.00468425219878554 0.00410844292491674 0.00348630012013018 0.0031537814065814 0.00294120609760284 0.00290338206104934 0.00289990985766053 0.00292268628254533 0.00294327293522656 0.00293297274038196 0.00292270281352103 0.00291254045441747 0.00289939041249454 0.00288069131784141 0.00285403802990913
0.00339544238522649 0.00349625456146896 0.00361224287189543 0.00373640307225287 0.00389943900518119 0.004073531832546 0.004204704426229 0.00433005765080452 0.00441690906882286 0.00449739629402757 0.00454550981521606 0.00461174454540014 0.00472173467278481 0.00484556658193469 0.00498840119689703 0.00517998123541474 0.00541144330054522 0.00547257158905268 0.00545301707461476 0.00523959193378687 0.00497984467074275 0.0047498825006187 0.0045359400101006 0.00452538160607219 0.00453720381483436 0.00464269332587719 0.00472626043483615 0.00476354639977217 0.00461873412132263 0.00425135996192694 0.00381568842567503 0.00333027099259198 0.00306334090419114 0.00288689392618835 0.00285469135269523 0.0028508435934782 0.00286188535392284 0.00287019833922386 0.00284646404907107 0.00282667600549757 0.00282076233997941 0.00281586335040629 0.0028128488920629 0.00279874983243644
0.00310885813087225 0.00315725617110729 0.0032131033949554 0.00327296135947108 0.00336627964861691 0.00346911419183016 0.00355467759072781 0.00363701325841248 0.00367993372492492 0.00371338846161962 0.00369869358837605 0.00370808877050877 0.00377565203234553 0.00386033509857953 0.0039685214869678 0.00415130704641342 0.00439512729644775 0.00451646745204926 0.00457979179918766 0.00449878443032503 0.00438329158350825 0.00423024129122496 0.00408022105693817 0.00401184940710664 0.00396097730845213 0.00398334255442023 0.00402011256664991 0.00408729165792465 0.0040244460105896 0.00380268413573503 0.00351058901287615 0.00316726416349411 0.00296787614934146 0.00282809673808515 0.00280024507082999 0.00279439543373883 0.00279753562062979 0.00279784435406327 0.00276724039576948 0.00274268328212202 0.00273938803002238 0.00274109258316457 0.00275208242237568 0.00275098835118115
0.00287009007297456 0.00287543307058513 0.00287825660780072 0.00287972344085574 0.00290366052649915 0.00293398788198829 0.00296889152377844 0.00300288107246161 0.00299954018555582 0.00298427464440465 0.00290834903717041 0.002861283486709 0.00288390414789319 0.00292597385123372 0.00299474433995783 0.0031593032181263 0.0034022331237793 0.00357515783980489 0.00371492258273065 0.00376179395243526 0.00378646980971098 0.00371570070274174 0.00363568123430014 0.00351645727641881 0.00340898521244526 0.00335069489665329 0.00334006361663342 0.00343004427850246 0.00344285671599209 0.00336135365068913 0.00320846890099347 0.00300359120592475 0.00287065235897899 0.00276750535704195 0.00274439225904644 0.00273701176047325 0.0027330219745636 0.00272613624110818 0.00268973596394062 0.00266118836589158 0.00266025168821216 0.00266818702220917 0.00269259908236563 0.00270419497974217
0.0027939269784838 0.00277064763940871 0.00273097236640751 0.00268246838822961 0.00264651956968009 0.00261414120905101 0.00257961475290358 0.00254441983997822 0.00249711726792157 0.00244657602161169 0.00237956154160202 0.00233543594367802 0.00234657758846879 0.00238111172802746 0.00244776112958789 0.0025827104691416 0.00277354102581739 0.0029364344663918 0.0030860947445035 0.00315531878732145 0.00320532382465899 0.00318104005418718 0.00314878579229116 0.00307480688206851 0.00300823082216084 0.00297263823449612 0.00297547364607453 0.00305943307466805 0.00309184705838561 0.00306126172654331 0.00297118700109422 0.00283778132870793 0.00275078183040023 0.002683000639081 0.00267263781279325 0.00267356191761792 0.00267030904069543 0.00266417069360614 0.00263135670684278 0.00260563287883997 0.00260483846068382 0.00261494750156999 0.0026453051250428 0.00266382773406804
0.00269261351786554 0.00262739532627165 0.00254121399484575 0.00244374480098486 0.0023583872243762 0.0022764743771404 0.00219246628694236 0.00210858881473541 0.0020340362098068 0.001962621929124 0.00190717098303139 0.00186927907634526 0.0018737850477919 0.00190354569349438 0.00196797773241997 0.00207445397973061 0.0022153293248266 0.0023611206561327 0.00250924029387534 0.00259161344729364 0.00265827728435397 0.00267343292944133 0.00268232985399663 0.00265163811855018 0.00262493221089244 0.00261490582488477 0.00263428501784801 0.00271574151702225 0.00276711606420577 0.00278172455728054 0.00274764024652541 0.00267808907665312 0.0026317685842514 0.00259506888687611 0.00259616086259484 0.00260468153283 0.00260363542474806 0.00259984470903873 0.00257270527072251 0.0025514280423522 0.00255076424218714 0.00256237247958779 0.00259677111171186 0.00262127607129514
0.00248102168552577 0.00231547653675079 0.00216521834954619 0.00202319188974798 0.00193436606787145 0.00186067062895745 0.0018146492075175 0.00177198427263647 0.00174345972482115 0.00171432201750576 0.00168206414673477 0.00166484923101962 0.00168395671062171 0.00172105338424444 0.0017828467534855 0.00186583178583533 0.00196615536697209 0.002063840162009 0.00216027512215078 0.00221544154919684 0.0022607478313148 0.00228444812819362 0.00230549415573478 0.00230950815603137 0.0023181710857898 0.00234628934413195 0.00239570625126362 0.00249008554965258 0.00255761039443314 0.00259231356903911 0.00258431816473603 0.00254522194154561 0.00251651485450566 0.00249211071059108 0.00249897665344179 0.00251198979094625 0.00251959543675184 0.00252517033368349 0.00251286034472287 0.00250314665026963 0.00250256061553955 0.002512710634619 0.00254279840737581 0.00256914622150362
0.00223643123172224 0.00201523490250111 0.00183947233017534 0.00168817373923957 0.00160647206939757 0.00154456379823387 0.00152365874964744 0.00150748703163117 0.00150579260662198 0.00150166021194309 0.00148512714076787 0.00148194888606668 0.00151101755909622 0.00155059352982789 0.00160459487233311 0.00166380242444575 0.00172726961318403 0.00178532558493316 0.00184081844054163 0.00187573640141636 0.00190573837608099 0.00193353183567524 0.001961411209777 0.00199274998158216 0.00202883617021143 0.00208479096181691 0.0021533586550504 0.00224855355918407 0.00232319603674114 0.0023727195803076 0.00238961912691593 0.0023827557452023 0.00237617129459977 0.00236970209516585 0.00238325633108616 0.00240074656903744 0.002414918737486 0.00242834654636681 0.00243570562452078 0.00244285422377288 0.00244926288723946 0.00246292259544134 0.00249004852958024 0.00251835188828409
0.00191984255798161 0.00174047192558646 0.00162336323410273 0.00153977994341403 0.00148831342812628 0.00144598097540438 0.00142211117781699 0.00140031788032502 0.00138356571551412 0.0013667558087036 0.00134965230245143 0.00134602282196283 0.00137492804788053 0.00140638707671314 0.00144135218579322 0.00147615745663643 0.00151083176024258 0.00154775590635836 0.00158574560191482 0.00161559600383043 0.00164350168779492 0.00166567484848201 0.00168879015836865 0.00173134973738343 0.001777523313649 0.0018388224998489 0.00190278794616461 0.00197238218970597 0.00203443481586874 0.00208727037534118 0.00212645949795842 0.0021557086147368 0.00218108459375799 0.0022048563696444 0.00222709286026657 0.00224902760237455 0.00226521515287459 0.00228319689631462 0.0023207834456116 0.0023563567083329 0.00238485052250326 0.00241285911761224 0.00243996735662222 0.00247047143056989
0.00171894696541131 0.00157930189743638 0.00150476489216089 0.00146528577897698 0.00143288157414645 0.0014024896081537 0.00137216504663229 0.00134179892484099 0.00131012476049364 0.00127996038645506 0.00125747616402805 0.00124752288684249 0.00126782688312232 0.0012877102708444 0.00130701600573957 0.00132358889095485 0.0013379257870838 0.00136010861024261 0.00138600799255073 0.00141324452124536 0.0014408006099984 0.00146132591180503 0.00148309650830925 0.00153002073056996 0.00157870864495635 0.00163477763999254 0.00168751960154623 0.00173323799390346 0.00177925685420632 0.00182564288843423 0.00187032937537879 0.00191377813462168 0.0019586025737226 0.00200399663299322 0.00204417575150728 0.00208332948386669 0.00210574665106833 0.00213100644759834 0.00219008885324001 0.00224908394739032 0.00230777240358293 0.0023574901279062 0.00239054881967604 0.0024258412886411
0.00166360265575349 0.00156104122288525 0.00150884315371513 0.00148376356810331 0.00145636545494199 0.00142830784898251 0.00138713780324906 0.00134448579046875 0.00129806040786207 0.00125368998851627 0.00121977308299392 0.00119610771071166 0.00119719561189413 0.00120115198660642 0.00120904634241015 0.0012151492992416 0.00121978635434061 0.00123526807874441 0.0012558865128085 0.00128359626978636 0.00131300021894276 0.00133687548805028 0.00136160326655954 0.00140426657162607 0.00144594081211835 0.00148347590584308 0.00151666451711208 0.00154067727271467 0.00156632927246392 0.00159398501273245 0.00162304320838302 0.00165312294848263 0.00170165509916842 0.00175782898440957 0.00182760006282479 0.00190004415344447 0.00193399272393435 0.00196995818987489 0.00203955103643239 0.00211567454971373 0.00221475982107222 0.00229544634930789 0.00234196474775672 0.00238530058413744
0.00164387095719576 0.00156484148465097 0.0015264751855284 0.00151000428013504 0.00148491677828133 0.00145737861748785 0.00141140352934599 0.00136323575861752 0.00130682054441422 0.0012525818310678 0.00120941468048841 0.00117503327783197 0.00116186635568738 0.00115472392644733 0.00115585210733116 0.0011559019330889 0.00115506933070719 0.00116587104275823 0.00118218373972923 0.00120527937542647 0.00122999562881887 0.00124936422798783 0.00126916926819831 0.00130067265126854 0.00133045413531363 0.00135302927810699 0.00137240323238075 0.00138501916080713 0.0013994371984154 0.00141605804674327 0.00143435795325786 0.00145388103555888 0.0014934967039153 0.00154143339022994 0.00162492459639907 0.00171540514566004 0.00177153095137328 0.0018280535005033 0.00190088071394712 0.00198395131155849 0.0021030381321907 0.00220505776815116 0.00227538170292974 0.00233583245426416
0.00165084900800139 0.00158518785610795 0.00155427283607423 0.00154206727165729 0.00151726871263236 0.00148888863623142 0.0014426390407607 0.00139403319917619 0.00133119930978864 0.00127034564502537 0.00121956481598318 0.00117671466432512 0.00115301390178502 0.00113839376717806 0.00113623996730894 0.00113354925997555 0.00113041943404824 0.00113805732689798 0.00115079549141228 0.00116546149365604 0.00118058815132827 0.00118955771904439 0.00119853008072823 0.00121369922999293 0.00122792844194919 0.00123822409659624 0.00124808750115335 0.00125703844241798 0.00126707227900624 0.00127842964138836 0.00128962402231991 0.00130069965962321 0.00132193055469543 0.00134736718609929 0.0014326743548736 0.00152975076343864 0.00161603814922273 0.00170050689484924 0.00177111104130745 0.00185349280945957 0.00197728467173874 0.00209341035224497 0.00219529960304499 0.00227966858074069
0.00166128226555884 0.0016044742660597 0.00157549465075135 0.00156149931717664 0.00153341132681817 0.00150131538975984 0.00145632505882531 0.00140945729799569 0.00134753924794495 0.00128682318609208 0.00123222230467945 0.00118475954513997 0.00115453288890421 0.00113517616409808 0.00113074225373566 0.00112603325396776 0.00112109945621341 0.00112596864346415 0.00113548128865659 0.00114487984683365 0.00115425104741007 0.00115876039490104 0.00116307241842151 0.00116937630809844 0.00117491220589727 0.00117723469156772 0.00117987487465143 0.00118318560998887 0.00118687993381172 0.00119104306213558 0.00119473971426487 0.00119809655006975 0.00120729231275618 0.0012189062545076 0.00128569954540581 0.00136333983391523 0.00146413932088763 0.00156410469207913 0.00164754292927682 0.00173740123864263 0.00184983306098729 0.00196440075524151 0.00208293530158699 0.00218730000779033
0.00167319609317929 0.00162330642342567 0.00159389805048704 0.00157551793381572 0.00154260697308928 0.00150556350126863 0.00146248983219266 0.00141829275526106 0.00136043375823647 0.00130274950060993 0.00124595430679619 0.00119553180411458 0.00116049684584141 0.00113757816143334 0.00113129371311516 0.00112487596925348 0.0011183493770659 0.0011206193594262 0.00112705619540066 0.00113254238385707 0.0011378014460206 0.00114039564505219 0.00114269286859781 0.0011433323379606 0.00114311464130878 0.00113930960651487 0.00113570678513497 0.00113253074232489 0.00112904759589583 0.00112518901005387 0.00112121982965618 0.00111717008985579 0.00111705204471946 0.00111856230068952 0.00115812884178013 0.00120517623145133 0.00131378078367561 0.00142390734981745 0.00152663246262819 0.00162746699061245 0.00172165385447443 0.00182795024011284 0.0019567352719605 0.00207941490225494
0.00167542812414467 0.0016314007807523 0.00160211918409914 0.00158077734522521 0.00154650374315679 0.00150855223182589 0.00146752700675279 0.00142571667674929 0.00137120380531996 0.00131591910030693 0.00125670747365803 0.00120404362678528 0.0011671899119392 0.00114216830115765 0.00113339070230722 0.00112676818389446 0.00112190889194608 0.00112404569517821 0.00112949637696147 0.00113439315464348 0.00113915745168924 0.00114064186345786 0.00114169484004378 0.0011397497728467 0.00113667279947549 0.00112885935232043 0.00112095742952079 0.00111286866012961 0.00110489095095545 0.00109704898204654 0.00108973076567054 0.00108279392588884 0.00107921566814184 0.00107702822424471 0.00109770963899791 0.00112288654781878 0.00120832922402769 0.00129889883100986 0.00141775119118392 0.00153126509394497 0.00162600935436785 0.00172935577575117 0.00184867740608752 0.00196923757903278
0.00167565699666739 0.00163727346807718 0.00160823343321681 0.00158422451931983 0.00154930411372334 0.00151128030847758 0.00147233088500798 0.00143284851219505 0.00138153438456357 0.00132851826492697 0.00126684422139078 0.00121208769269288 0.00117403385229409 0.00114721118006855 0.00113580748438835 0.00112929125316441 0.00112677388824522 0.00112928764428943 0.00113418465480208 0.00113917945418507 0.00114419753663242 0.00114473863504827 0.00114470685366541 0.00114081439096481 0.00113547721412033 0.00112409377470613 0.00111229484900832 0.0010996189666912 0.00108770176302642 0.00107671192381531 0.00106693780981004 0.00105804915074259 0.00105222163256258 0.00104766199365258 0.00105118425562978 0.00105629535391927 0.00111216888763011 0.00117703282739967 0.00131135853007436 0.00143790454603732 0.00153709633741528 0.00163859373424202 0.0017443731194362 0.0018585859797895
0.00166151078883559 0.00163485808297992 0.00160832598339766 0.00158185861073434 0.00154875149019063 0.00151375599671155 0.0014809985877946 0.00144797982648015 0.00140171905513853 0.00135279516689479 0.0012903253082186 0.00123326189350337 0.00118925317656249 0.0011589948553592 0.00114761386066675 0.00114233989734203 0.00114206236321479 0.00114408833906054 0.00114720547571778 0.00115122878924012 0.00115546863526106 0.00115286197979003 0.00114953215233982 0.00114252197090536 0.00113419943954796 0.00112038396764547 0.00110614509321749 0.00109101238194853 0.00107724242843688 0.00106513779610395 0.00105481571517885 0.00104579178150743 0.00104026368353516 0.00103618332650512 0.0010371480602771 0.00103910441976041 0.00107271573506296 0.00111578148789704 0.00123975402675569 0.00136062724050134 0.00147060351446271 0.00157626229338348 0.0016739028505981 0.00177925988100469
