Ecospace-environmental-drivers/Outputs/ASCII-for-ecospace/MOM6-ISIMIP3a/phyc/2006-11_phyc_MOM6-ISIMIP3a.asc
NCOLS 131 
NROWS 53 
XLLCORNER -98 
YLLCORNER 23.9265270233154 
CELLSIZE 0.133587792515755 
NODATA_value -9999 
[rows 19 to 37 of 53, columns 0 to 42 of 131]
-9999 -9999 -9999 -9999 -9999 -9999 -9999 -9999 0.00459919590502977 0.00514925178140402 0.00515285041183233 0.00520351016893983 0.00569525035098195 0.00651710946112871 0.00622650701552629 0.00560059538111091 0.00509663810953498 0.00467643234878778 0.00444468157365918 0.00428570061922073 0.00407271552830935 0.00385019998066127 0.00376074248924851 0.00368018681183457 0.00364953279495239 0.00363327190279961 0.0036636795848608 0.00370367662981153 0.00376040791161358 0.00381871243007481 0.00387863558717072 0.00395967904478312 0.00405358895659447 0.00404090667143464 0.00399269489571452 0.00388374738395214 0.00376630201935768 0.00363445072434843 0.00351129891350865 0.00344355124980211 0.00338362879119813 0.00334549113176763 0.00333101279102266
-9999 -9999 -9999 -9999 -9999 -9999 -9999 -9999 0.00408383319154382 0.0045645022764802 0.00514925178140402 0.00510578975081444 0.00520351016893983 0.00536513142287731 0.00523995142430067 0.0047838487662375 0.00442328723147511 0.00412833783775568 0.00392279215157032 0.00375176826491952 0.00360722583718598 0.00346735655330122 0.00341663509607315 0.00337148364633322 0.00335648329928517 0.00335756735876203 0.00341080408543348 0.00346079678274691 0.00350512797012925 0.0035416076425463 0.00357000855728984 0.00362281803973019 0.00369049678556621 0.00364887621253729 0.0035708227660507 0.00348541419953108 0.00339885917492211 0.00329424277879298 0.00319609697908163 0.00313915917649865 0.00308854086324573 0.00305551453493536 0.00303768506273627
-9999 -9999 -9999 -9999 -9999 -9999 0.0037061907351017 0.00375180691480637 0.00387308886274695 0.00408383319154382 0.00446042232215405 0.00514925178140402 0.00496460776776075 0.00441460590809584 0.00400675088167191 0.00376291084103286 0.00358159467577934 0.00344321643933654 0.00335015240125358 0.00327458581887186 0.00320916133932769 0.0031455266289413 0.00313238287344575 0.00312131666578352 0.00311834854073822 0.00313150486908853 0.00319694285281003 0.00324736395850778 0.00327157927677035 0.00327983312308788 0.00327166332863271 0.00328829092904925 0.00332002528011799 0.00325067923404276 0.00314764003269374 0.00309977633878589 0.00305931083858013 0.00298718875274062 0.00291931279934943 0.00287847989238799 0.00283996644429862 0.00280790962278843 0.00278493855148554
-9999 -9999 -9999 -9999 -9999 -9999 0.00369678344577551 0.0037061907351017 0.00379742309451103 0.00390490796416998 0.00408383319154382 0.0041481819935143 0.00405274331569672 0.00364113016985357 0.00335765792988241 0.00322204013355076 0.00314208795316517 0.00310036400333047 0.00305630150251091 0.00301133585162461 0.0029801819473505 0.00295146531425416 0.00293740117922425 0.0029244024772197 0.00291760917752981 0.00292052119038999 0.00295490259304643 0.00298059266060591 0.00299111614003778 0.00298315682448447 0.00295617990195751 0.00295488140545785 0.00296922610141337 0.00292305951006711 0.00285672233439982 0.00282674445770681 0.00280154217034578 0.00274163787253201 0.00268538505770266 0.00265238853171468 0.00262287980876863 0.00260308175347745 0.00258261198177934
-9999 -9999 -9999 -9999 0.00430172961205244 0.00388001743704081 0.00369185418821871 0.00369230564683676 0.0037061907351017 0.00388865568675101 0.00394095247611403 0.00349502149038017 0.00312727643176913 0.00291423918679357 0.00278108939528465 0.00274011678993702 0.00274923793040216 0.00279276072978973 0.00279078888706863 0.0027712497394532 0.00276933261193335 0.0027705249376595 0.00275172665715218 0.00273327040486038 0.00272131175734103 0.00271250773221254 0.00271393149159849 0.00271419039927423 0.00271241622976959 0.00269064167514443 0.00264828721992671 0.00263165961951017 0.00263070478104055 0.00261064013466239 0.0025842054747045 0.00256961514241993 0.00255640107207 0.00250696204602718 0.00246057589538395 0.00243363296613097 0.00241150869987905 0.00240279734134674 0.0023843334056437
-9999 -9999 -9999 -9999 0.00527005409821868 0.0043649934232235 0.00406818091869354 0.00369185418821871 0.00367887201718986 0.0035136453807354 0.00332537735812366 0.00304891751147807 0.0028316006064415 0.00273131066933274 0.0026598006952554 0.00262149795889854 0.00261574168689549 0.00263233692385256 0.00263900146819651 0.00264183105900884 0.00264301267452538 0.002643903484568 0.00260631274431944 0.0025699504185468 0.00255084526725113 0.00253436039201915 0.00252637220546603 0.00252158031798899 0.00252236658707261 0.00251109129749238 0.0024874045047909 0.00247513013891876 0.00246980786323547 0.00245945528149605 0.00244742608629167 0.00243195542134345 0.00241582188755274 0.00237366603687406 0.00233182962983847 0.00229202816262841 0.00225447583943605 0.00222318503074348 0.00218885182403028
-9999 -9999 -9999 -9999 -9999 0.00527005409821868 0.00442988518625498 0.00444450741633773 0.00360982329584658 0.00317752710543573 0.00280927238054574 0.00268614175729454 0.00259848521091044 0.00258102267980576 0.00255176750943065 0.00250890548340976 0.00248474953696132 0.00247343978844583 0.00248411297798157 0.00250327470712364 0.00250555877573788 0.00250486494041979 0.00245391484349966 0.00240488699637353 0.00238104723393917 0.00235924497246742 0.00234405021183193 0.00233534420840442 0.00233796215616167 0.00233449530787766 0.00232476741075516 0.00231437827460468 0.00230358610861003 0.00229847966693342 0.0022952682338655 0.00227828416973352 0.0022592730820179 0.00222310959361494 0.00218491186387837 0.00213375920429826 0.00208197347819805 0.0020284247584641 0.00197746302001178
-9999 -9999 -9999 -9999 -9999 0.00521214725449681 0.00527005409821868 0.00431312434375286 0.00335780065506697 0.00301194027997553 0.00272931694053113 0.00268873712047935 0.00263968133367598 0.0025738540571183 0.00250185583718121 0.00242273788899183 0.00236473605036736 0.00232123606838286 0.00231562787666917 0.00232465122826397 0.00231928564608097 0.00231138081289828 0.00227089389227331 0.00223217951133847 0.00221418077126145 0.00219742371700704 0.0021846923045814 0.00217705545946956 0.00217830925248563 0.00217085378244519 0.00215443689376116 0.00213511241599917 0.00211401656270027 0.00209457334131002 0.00207568076439202 0.00205440632998943 0.00203270115889609 0.00199686968699098 0.00195831572636962 0.00190242426469922 0.00184164172969759 0.00176724360790104 0.00169632665347308
-9999 -9999 0.00512919528409839 0.00512875523418188 0.00511580891907215 0.00515417149290442 0.00521221570670605 0.00419000862166286 0.00317398156039417 0.00289717921987176 0.00267854006960988 0.00268252519890666 0.00265094824135303 0.00254900380969048 0.00244381604716182 0.00233488599769771 0.00223879492841661 0.00215152092278004 0.00211802450940013 0.00210529332980514 0.00209249486215413 0.00207968452014029 0.0020547085441649 0.00203143595717847 0.00202457653358579 0.00201792409643531 0.0020119424443692 0.00200816220603883 0.00200822344049811 0.00199656933546066 0.00197286019101739 0.00194296496920288 0.00190930103417486 0.00187288387678564 0.00183554913382977 0.00180463260039687 0.00177453830838203 0.00173541146796197 0.00169370661024004 0.00163558428175747 0.0015710957814008 0.00148888560943305 0.00141051725950092
-9999.000000000000000 -9999 -9999 -9999 0.00511628575623035 0.00507744634523988 0.00504208635538816 0.00408492982387543 0.00313897291198373 0.00289331190288067 0.00269142701290548 0.00265709776431322 0.00259691500104964 0.002485575620085 0.00236804131418467 0.0022433593403548 0.00209991983138025 0.00194359885063022 0.00185688899364322 0.00179705873597413 0.00177730096038431 0.00176461483351886 0.00176616373937577 0.00176952208857983 0.00178536167368293 0.00179985305294394 0.001809973269701 0.00181613117456436 0.00181537424214184 0.00179906294215471 0.00176674651447684 0.00172271218616515 0.00167153927031904 0.00161239469889551 0.00155059283133596 0.0014983577420935 0.0014474488561973 0.00139711215160787 0.00134615867864341 0.00129127746913582 0.00123462674673647 0.00117304990999401 0.0011145124444738
-9999 -9999 -9999 -9999 0.00513942632824183 0.00511723896488547 0.0050534256733954 0.00414943881332874 0.00325446762144566 0.00298379361629486 0.00275361863896251 0.00267845531925559 0.00258735567331314 0.00246472214348614 0.00232544774189591 0.00216697226278484 0.00195933715440333 0.00171794195193797 0.00157218414824456 0.00146335549652576 0.00144446711055934 0.00144145055674016 0.00146394339390099 0.0014879273949191 0.00151968165300786 0.00154894776642323 0.00157014629803598 0.00158253416884691 0.0015795462531969 0.00155841291416436 0.00151860830374062 0.00146546878386289 0.00140420580282807 0.00133386929519475 0.00126050820108503 0.00119976210407913 0.00114083918742836 0.0010929728159681 0.00104573962744325 0.0010025380179286 0.000959859869908541 0.000918638834264129 0.000879617698956281
-9999 -9999 -9999 -9999 0.00517041608691216 0.00522359367460012 0.00528925564140081 0.00442730356007814 0.00355930789373815 0.0031929740216583 0.00287783937528729 0.0027586726937443 0.00263374857604504 0.0024974315892905 0.00232459860853851 0.00210963166318834 0.00181660579983145 0.00146997324191034 0.00125782692339271 0.00109761080238968 0.00108944077510387 0.00110810238402337 0.00114451837725937 0.00118157255928963 0.00122070638462901 0.00125673424918205 0.00128269102424383 0.00129664363339543 0.00128964753821492 0.00126348459161818 0.00121759960893542 0.00116168812382966 0.00109966879244894 0.00103265279904008 0.000963971309829503 0.000910827657207847 0.000859994499478489 0.000831809651572257 0.000804612704087049 0.000783706840593368 0.000762719428166747 0.000741505005862564 0.000721604621503502
-9999 -9999 -9999 -9999 0.00522359367460012 0.00530307786539197 0.00539638381451368 0.00463960831984878 0.0038709370419383 0.00342985754832625 0.00304396427236497 0.00286930054426193 0.00269986991770566 0.0025407939683646 0.00233266758732498 0.00206794450059533 0.00170942442491651 0.00128648953977972 0.00103982596192509 0.000861227279528975 0.000852501951158047 0.000873754033818841 0.000910236733034253 0.000946802028920501 0.000981276854872704 0.00101258035283536 0.00103360170032829 0.00104292982723564 0.0010318523272872 0.00100590859074146 0.000964667939115316 0.00091808894649148 0.00086825795006007 0.00081783632049337 0.000767217832617462 0.000730920699425042 0.00069674919359386 0.000682910555042326 0.000669885484967381 0.000662041187752038 0.000654027797281742 0.0006455437396653 0.00063788698753342
-9999 -9999 -9999 -9999 0.00530768511816859 0.00539638381451368 0.00480562262237072 0.00480274204164743 0.00418765796348453 0.00368751864880323 0.00324151781387627 0.0030027364846319 0.00278078787960112 0.00259214593097568 0.00234742509201169 0.00203799759037793 0.00162890588399023 0.00115137023385614 0.000894093071110547 0.000721865973901004 0.000704129808582366 0.000713656656444073 0.00073981360765174 0.000765720382332802 0.000786507036536932 0.000804471899755299 0.00081328721717 0.00081334903370589 0.000798135239165276 0.000776347238570452 0.000747794576454908 0.000719626375939697 0.000691692403052002 0.000667820626404136 0.000645303050987422 0.00063278543530032 0.000621704559307545 0.000618210702668875 0.000614959106314927 0.000613250595051795 0.000611673574894667 0.000610462797340006 0.000609891780186445
-9999 -9999 -9999 -9999 0.00539638381451368 0.00479001132771373 0.00453594140708447 0.00438375724479556 0.0043361815623939 0.00383999058976769 0.00338741880841553 0.00310180289670825 0.00284300232306123 0.00263726222328842 0.00237669493071735 0.00205286638811231 0.0016216142103076 0.00111658975947648 0.000849950884003192 0.000675361487083137 0.000649663037620485 0.000650239351671189 0.000664760475046933 0.000679083110298961 0.000689207226969302 0.000697503273840994 0.000699872151017189 0.000696645933203399 0.000683655729517341 0.000668635533656925 0.000651526497676969 0.000636192678939551 0.000621940358541906 0.000611628231126815 0.000602629384957254 0.000599343271460384 0.00059686548775062 0.000596992031205446 0.000597146223299205 0.000597476668190211 0.000598071434069425 0.000599401944782585 0.000601418258156627
-9999 -9999 -9999 -9999 -9999 0.0044686091132462 0.00442209700122476 0.00442132540047169 0.00441261939704418 0.00394738093018532 0.00351118296384811 0.00318613927811384 0.00289720110595226 0.00267970585264266 0.00241218484006822 0.00208694208413363 0.00164570612832904 0.00112481252290308 0.000849348318297416 0.000668653403408825 0.000635442032944411 0.000628257053904235 0.000630580761935562 0.000632922688964754 0.000633680843748152 0.000633881019894034 0.000632271869108081 0.000628319743555039 0.000620278879068792 0.000613145879469812 0.000606947112828493 0.000602057843934745 0.000597966311033815 0.000595646328292787 0.000593916804064065 0.00059362716274336 0.000593543343711644 0.000594408367760479 0.000595239282120019 0.000595853023696691 0.000596791855059564 0.000598635640926659 0.000601311272475868
-9999 -9999 -9999 -9999 -9999 0.00444513885304332 0.00444778893142939 0.00446120882406831 0.00442839693278074 0.00401029549539089 0.00360878487117589 0.0032707778736949 0.00297597702592611 0.00276666879653931 0.00250700674951077 0.00218924437649548 0.00175236095674336 0.0012336716754362 0.000931881018914282 0.000713842862751335 0.000661071040667593 0.000637463701423258 0.000633443531114608 0.000629733316600323 0.000625032349489629 0.000620624399743974 0.000617166282609105 0.000612800824455917 0.000606851885095239 0.00060212065000087 0.000598642451222986 0.000596171943470836 0.00059431535191834 0.000594031065702438 0.000594270823057741 0.00059535657055676 0.000596562866121531 0.000598279119003564 0.000599903520196676 0.000600943458266556 0.000602351035922766 0.000604782020673156 0.000608360336627811
-9999 -9999 -9999 -9999 -9999 0.0044533247128129 0.00446553016081452 0.00446083303540945 0.0044316234998405 0.00406400766223669 0.00370097393169999 0.00335547933354974 0.00305983796715736 0.00286284298636019 0.0026141048874706 0.00230566295795143 0.0018760982202366 0.00136335275601596 0.0010316144907847 0.000769769947510213 0.000694945047143847 0.000653123366646469 0.000643970386590809 0.000635434756986797 0.000626082997769117 0.000617788464296609 0.000612921896390617 0.000608207774348557 0.00060375954490155 0.000600295141339302 0.000597843085415661 0.00059613079065457 0.000594869197811931 0.000595388235524297 0.000596500758547336 0.000598626444116235 0.000600894505623728 0.000603485212195665 0.000605927314609289 0.000607423076871783 0.000609325186815113 0.000612358679063618 0.00061689002905041
-9999 -9999 -9999 -9999 -9999 -9999 0.00444665551185608 0.00447454862296581 0.00444656610488892 0.00408842647448182 0.00373769388534129 0.00341531145386398 0.00315071153454483 0.00300044729374349 0.00277299899607897 0.00245649227872491 0.00205346965231001 0.00159103283658624 0.00124786328524351 0.000950747227761894 0.000834371836390346 0.000749891623854637 0.000716434791684151 0.00068495242157951 0.000660613237414509 0.000639120815321803 0.000626858847681433 0.000616785022430122 0.000610529852565378 0.000605901645030826 0.000602947606239468 0.000601192121393979 0.000600166851654649 0.000601298583205789 0.000603149295784533 0.000606227957177907 0.000609484035521746 0.000613811193034053 0.000617988931480795 0.000621215382125229 0.000624408770818263 0.000627510074991733 0.000632516574114561
