Ecospace-environmental-drivers/Outputs/ASCII-for-ecospace/MOM6-ISIMIP3a/phyc/2006-10_phyc_MOM6-ISIMIP3a.asc
NCOLS 131 
NROWS 53 
XLLCORNER -98 
YLLCORNER 23.9265270233154 
CELLSIZE 0.133587792515755 
NODATA_value -9999 
[rows 19 to 37 of 53, columns 86 to 128 of 131]
0.000802979222498834 0.000840434164274484 0.000877203419804573 0.00090334058040753 0.000922598293982446 0.000924513558857143 0.000920199090614915 0.000889202812686563 0.000854016980156302 0.000815487408544868 0.000781395530793816 0.000779584457632154 0.000779001275077462 0.00078210182255134 0.000790821737609804 0.000808765820693225 0.000838798412587494 0.000880578823853284 0.00104288943111897 0.0012742665130645 0.00189737405162305 0.00264129228889942 0.00377083080820739 0.00495092896744609 0.00632677832618356 0.00758200604468584 0.00815373938530684 0.00856292340904474 0.00855115707963705 -9999 -9999 -9999 -9999 -9999 -9999 -9999 -9999 -9999 -9999 -9999 -9999 -9999 -9999
0.000777766050305218 0.000803147559054196 0.000829880125820637 0.000852897996082902 0.000873512239195406 0.000887889647856355 0.000900026643648744 0.000890527153387666 0.000877630314789712 0.000838241481687874 0.000801049405708909 0.000781128997914493 0.00076527678174898 0.000761629082262516 0.000764173397328705 0.000776881701312959 0.00079883192665875 0.000829763652291149 0.000934464565943927 0.00108143675606698 0.00156893907114863 0.00216146162711084 0.00329715781845152 0.00450248504057527 0.00591113790869713 0.00722873723134398 0.00803038943558931 0.00860964227467775 0.00861295405775309 -9999 -9999 -9999 -9999 -9999 -9999 -9999 -9999 -9999 -9999 -9999 -9999 -9999 -9999
0.000749053375329822 0.000761714996770024 0.000777037290390581 0.000796190637629479 0.000817822816316038 0.00084314274135977 0.00086978729814291 0.000884921988472342 0.000898249330930412 0.000862561340909451 0.000826170202344656 0.000787241384387016 0.000755414133891463 0.000744890887290239 0.000741448602639139 0.000749629456549883 0.000766063982155174 0.000790519523434341 0.0008446752326563 0.0009158497559838 0.0012794480426237 0.00173323065973818 0.00286555639468133 0.00408378103747964 0.0055064600892365 0.00687112379819155 0.00790704693645239 0.00864851102232933 -9999 -9999 -9999 -9999 -9999 -9999 -9999 -9999 -9999 -9999 -9999 -9999 -9999 -9999 -9999
0.000709577579982579 0.0007148397853598 0.000722286698874086 0.000734571949578822 0.000749987841118127 0.000776218716055155 0.000806334486696869 0.000836317776702344 0.000866280228365213 0.000855660240631551 0.000840934866573662 0.000798618129920214 0.00076205050572753 0.000742729636840522 0.000730836938600987 0.000731137522961944 0.000740700634196401 0.00075926526915282 0.000796147563960403 0.00084352632984519 0.00108582223765552 0.00138823105953634 0.00235430640168488 0.00340779032558203 0.00481613585725427 0.00619884440675378 0.00743628107011318 0.00832862034440041 0.00832726806402206 0.00804487988352776 -9999 -9999 -9999 -9999 -9999 -9999 -9999 -9999 -9999 -9999 -9999 -9999 -9999
0.000671011861413717 0.000669764936901629 0.000669990142341703 0.000675335933919996 0.000683995021972805 0.000709757674485445 0.000741664203815162 0.000784805626608431 0.000829711148981005 0.000845196307636797 0.000853317382279783 0.000809689576271921 0.000770006037782878 0.000742154952604324 0.000721929769497365 0.000714222260285169 0.000716963317245245 0.000729858467821032 0.000752401654608548 0.000780473463237286 0.000905274006072432 0.00105990597512573 0.00184056721627712 0.00270751281641424 0.00408419547602534 0.0054683880880475 0.00689513189718127 0.00776221323758364 0.00717994896695018 0.00743142049759626 0.00730281369760633 -9999 -9999 -9999 -9999 -9999 -9999 -9999 -9999 -9999 -9999 -9999 -9999
0.00066112563945353 0.000661306781694293 0.00066060881363228 0.000661650439724326 0.000663817627355456 0.000679087708704174 0.000699064636137336 0.000739891838748008 0.000783992931246758 0.000815574021544307 0.000839537649881095 0.000809040386229753 0.000778785382863134 0.00074925716035068 0.000725771300494671 0.000712203967850655 0.000710657972376794 0.000720794545486569 0.000735183071810752 0.00075200799619779 0.000818832835648209 0.00090107781579718 0.00138685409910977 0.00193307304289192 0.00302813737653196 0.00417737709358335 0.00563360005617142 0.00670657120645046 0.00678704399615526 0.00643214164301753 0.00618178816512227 -9999 -9999 -9999 -9999 -9999 -9999 -9999 -9999 -9999 -9999 -9999 -9999
0.000654577801469713 0.000656228978186846 0.000654762727208436 0.000652102229651064 0.000648668967187405 0.000654252420645207 0.000663074897602201 0.000700052129104733 0.000741450232453644 0.000786356453318149 0.000823724607471377 0.00080637278733775 0.000785794400144368 0.000755536428187042 0.000729490595404059 0.000710358843207359 0.000704390171449631 0.000711213506292552 0.000718958384823054 0.000727231265045702 0.000746453006286174 0.000769051373936236 0.000991920474916697 0.00125076330732554 0.00205484265461564 0.00295261363498867 0.00438128225505352 0.0053939763456583 0.00532943150028586 0.00557242473587394 -9999 -9999 -9999 -9999 -9999 -9999 -9999 -9999 -9999 -9999 -9999 -9999 -9999
0.000662667909637094 0.00066597294062376 0.000664417748339474 0.000660695019178092 0.000655569834634662 0.000655000447295606 0.000656067626550794 0.000682460959069431 0.000712831038981676 0.000758913112804294 0.00079899572301656 0.000794854830019176 0.000785040727350861 0.000758207403123379 0.000732673681341112 0.000709273270331323 0.000698287039995193 0.000699364929459989 0.00070709188003093 0.000718628813046962 0.000735728244762868 0.000754543114453554 0.000854718440677971 0.000972417357843369 0.00144444312900305 0.00201832456514239 0.00316936429589987 0.0041919881477952 0.00488205719739199 0.00529116578400135 -9999 -9999 -9999 -9999 -9999 -9999 -9999 -9999 -9999 -9999 -9999 -9999 -9999
0.000670793117024004 0.000675105780828744 0.000672677182592452 0.000667731044813991 0.000661156023852527 0.000656041142065078 0.00065145076951012 0.000668546825181693 0.000689048087224364 0.000734626373741776 0.000775694206822664 0.000782824296038598 0.000782424700446427 0.000759436748921871 0.000735243200324476 0.000709070707671344 0.000694165821187198 0.000690210959874094 0.000696828647051007 0.000709504703991115 0.000725284859072417 0.000742022413760424 0.000754985434468836 0.000771706399973482 0.000980678480118513 0.00128668744582683 0.00214254972524941 0.00307296309620142 0.00419643940404058 0.00467808730900288 -9999 -9999 -9999 -9999 -9999 -9999 -9999 -9999 -9999 -9999 -9999 -9999 -9999
0.000678994983900338 0.000682905141729861 0.000677891657687724 0.000671370478812605 0.000663873739540577 0.00065772031666711 0.000652049435302615 0.000662655394989997 0.000675817194860429 0.0007172268233262 0.000755506916902959 0.000769675301853567 0.000775745254941285 0.000757520727347583 0.000736474001314491 0.000710794702172279 0.000694368965923786 0.00068693608045578 0.000690063461661339 0.000699242169503123 0.000715455447789282 0.000733838183805346 0.000737004389520735 0.000740383577067405 0.000836848979815841 0.00099720642901957 0.0015196034219116 0.00213495059870183 0.00299100880511105 0.0036108628846705 -9999 -9999 -9999 -9999 -9999 -9999 -9999 -9999 -9999 -9999 -9999 -9999 -9999
0.00068784155882895 0.000690800370648503 0.000683585123624653 0.000675650895573199 0.000667251355480403 0.000660617719404399 0.00065461837220937 0.000660020974464715 0.000667213869746774 0.000703616882674396 0.000738074304535985 0.000756936671677977 0.000767769757658243 0.000754515640437603 0.000737029826268554 0.000712597859092057 0.000695071066729724 0.000684254919178784 0.000683288963045925 0.000687967345584184 0.000705527374520898 0.000727060076314956 0.000726057449355721 0.000722955970559269 0.000747486774343997 0.000808938348200172 0.00107959925662726 0.00146280124317855 0.00213744840584695 0.00338059803470969 0.00545154791325331 -9999 -9999 -9999 -9999 -9999 -9999 -9999 -9999 -9999 -9999 -9999 -9999
0.000697499257512391 0.000698816147632897 0.000689881155267358 0.000680737663060427 0.000671459245495498 0.00066504767164588 0.000659666024148464 0.000661484024021775 0.000664432533085346 0.00069477449869737 0.000724107318092138 0.000744714343454689 0.000758163689170033 0.000750140403397381 0.000736736576072872 0.000714500609319657 0.000696400878950953 0.00068232073681429 0.000676502648275346 0.000675418938044459 0.000695475144311786 0.000722051016055048 0.000723960052710027 0.000723009812645614 0.00072664872277528 0.000748004473280162 0.000869751267600805 0.0011251294054091 0.00172656949143857 0.00302515109069645 0.00533884624019265 0.00641304906457663 -9999 -9999 -9999 -9999 -9999 -9999 -9999 -9999 -9999 -9999 -9999
0.000712308217771351 0.000712129112798721 0.000702662800904363 0.000692973495461047 0.000683139835018665 0.000675680465064943 0.000669074011966586 0.000668259861413389 0.000668355147354305 0.00069112959317863 0.000713729357812554 0.000733885390218347 0.000748178164940327 0.000744881690479815 0.000735475623514503 0.000716040842235088 0.000698372256010771 0.00068242009729147 0.00067294028121978 0.000667169282678515 0.000686623505316675 0.000713857240043581 0.000721193675417453 0.000725899764802307 0.000719524046871811 0.000720911368262023 0.000766287615988404 0.000957559735979885 0.0015266549307853 0.00287657277658582 0.00536345317959785 0.00653722649440169 0.00657299999147654 0.00658948346972466 -9999 -9999 -9999 -9999 -9999 -9999 -9999 -9999 -9999
0.000730980711523443 0.000729414925444871 0.000720308744348586 0.000710571184754372 0.000700425065588206 0.000690965447574854 0.00068175233900547 0.000679020246025175 0.000677305855788291 0.000691382912918925 0.000706043210811913 0.000724101439118385 0.000737908121664077 0.000738960283342749 0.000733488879632205 0.000717309070751071 0.000700824777595699 0.000684044614899904 0.0006717958021909 0.000662143691442907 0.000678672222420573 0.000703274912666529 0.000717925431672484 0.000730916915927082 0.000722684490028769 0.000719199189916253 0.000742613279726356 0.000917568453587592 0.00148496578913182 0.0028831479139626 0.00549104250967503 0.00666839303448796 0.00660596648231149 -9999 -9999 -9999 -9999 -9999 -9999 -9999 -9999 -9999 -9999
0.000756138528231531 0.000753626751247793 0.00074507697718218 0.000735398789402097 0.000724990386515856 0.000712736160494387 0.000699818832799792 0.000694022048264742 0.000689343258272856 0.000697195762768388 0.000705740822013468 0.000718644179869443 0.000729135819710791 0.000732392247300595 0.000729572726413608 0.000716779846698046 0.000701998302247375 0.000685284205246717 0.000671037763822824 0.000658205419313163 0.000670098699629307 0.000689617416355759 0.000710350286681205 0.000730674131773412 0.000725672347471118 0.000723222095984966 0.000735230278223753 0.000883776170667261 0.00138591032009572 0.00277269165962934 0.00544761493802071 0.00715438975021243 0.0080221202224493 0.00773658743128181 0.00831342488527298 -9999 -9999 -9999 -9999 -9999 -9999 -9999 -9999
0.000784075818955898 0.00078080699313432 0.000772897736169398 0.00076332496246323 0.000752675696276128 0.000737286463845521 0.000720194599125534 0.000710841501131654 0.000702703546267003 0.000705391343217343 0.000708602892700583 0.000715041242074221 0.000721005431842059 0.000725547026377171 0.000724829791579396 0.00071548018604517 0.000702623627148569 0.000686358835082501 0.000670445384457707 0.000654733215924352 0.000661258527543396 0.000674641923978925 0.000700929260347039 0.000728177081327885 0.000728586222976446 0.000729702995158732 0.000734829460270703 0.000852640718221664 0.00126226886641234 0.00261207856237888 0.00533089367672801 0.0070856255479157 0.00800483766943216 0.00831342488527298 0.00834541488438845 0.00857473444193602 -9999 -9999 -9999 -9999 -9999 -9999 -9999
0.0008011405589059 0.000796943029854447 0.000789574580267072 0.00078161881538108 0.000773283012676984 0.000760075578000396 0.000745118129998446 0.000731506675947458 0.000718106515705585 0.000716328213457018 0.000715089496225119 0.000717149814590812 0.000719059316907078 0.000720516196452081 0.00071895046858117 0.000712423177901655 0.000701352604664862 0.0006858668057248 0.000670260284096003 0.000654584553558379 0.000659649900626391 0.000671111862175167 0.000697928597219288 0.000726059428416193 0.000730065978132188 0.000734573986846954 0.000741923111490905 0.000827418465632945 0.00111528707202524 0.00213607307523489 0.00422406569123268 0.00595813989639282 0.0073854923248291 0.00814808625727892 0.00857473444193602 0.00858421064913273 -9999 -9999 -9999 -9999 -9999 -9999 -9999
0.000815955805592239 0.000810794008430094 0.000803945702500641 0.000797919754404575 0.000792425824329257 0.000782500253990293 0.000770982645917684 0.000752967491280288 0.0007339320727624 0.000727832317352295 0.000722325930837542 0.000720440119039267 0.000718392780981958 0.000715860805939883 0.000712836044840515 0.000709002488292754 0.000699689204338938 0.000685050676111132 0.0006701594684273 0.000655123556498438 0.000659537501633167 0.000669949862640351 0.000696256349328905 0.000724020239431411 0.000731249048840255 0.000739111914299428 0.000750567414797843 0.000803419679868966 0.000963476079050452 0.00159481237642467 0.00291238306090236 0.00461160345003009 0.0066415797919035 0.0077987308613956 0.00851478707045317 0.00866310950368643 -9999 -9999 -9999 -9999 -9999 -9999 -9999
0.000804076960776001 0.000796975800767541 0.000790076155681163 0.000785314477980137 0.00078193616354838 0.000777271692641079 0.000772145227529109 0.000761787057854235 0.00075060740346089 0.000739789800718427 0.000729753461200744 0.000725351157598197 0.000720619573257864 0.000714900204911828 0.000709566520527005 0.000704865728039294 0.000695761991664767 0.00068237935192883 0.000669407425448298 0.000656670774333179 0.000663464597892016 0.000676281633786857 0.000704083009622991 0.000733143941033632 0.00073762284591794 0.000743272132240236 0.000755553599447012 0.000790435180533677 0.000883843749761581 0.00124376954045147 0.00199177302420139 0.00322230975143611 0.00487103266641498 0.00643678940832615 0.00796061847358942 0.00827992893755436 -9999 -9999 -9999 -9999 -9999 -9999 -9999
