Ecospace-environmental-drivers/Outputs/ASCII-for-ecospace/MOM6-ISIMIP3a/phyc/2007-08_phyc_MOM6-ISIMIP3a.asc
NCOLS 131 
NROWS 53 
XLLCORNER -98 
YLLCORNER 23.9265270233154 
CELLSIZE 0.133587792515755 
NODATA_value -9999 
[rows 0 to 18 of 53, columns 43 to 85 of 131]
-9999 -9999 -9999 -9999 -9999 -9999 -9999 -9999 -9999 -9999 -9999 -9999 -9999 -9999 -9999 -9999 -9999 -9999 -9999 -9999 -9999 -9999 -9999 -9999 -9999 -9999 -9999 -9999 -9999 -9999 -9999 -9999 -9999 -9999 -9999 -9999 -9999 -9999 -9999 -9999 -9999 -9999 -9999
-9999 -9999 -9999 -9999 -9999 -9999 -9999 -9999 -9999 -9999 -9999 -9999 -9999 -9999 -9999 -9999 -9999 -9999 -9999 -9999 -9999 -9999 -9999 -9999 -9999 -9999 -9999 -9999 -9999 -9999 -9999 -9999 -9999 -9999 -9999 -9999 -9999 -9999 -9999 -9999 -9999 -9999 -9999
-9999 -9999 -9999 -9999 -9999 -9999 -9999 -9999 -9999 -9999 -9999 -9999 -9999 -9999 -9999 -9999 -9999 -9999 -9999 -9999 -9999 -9999 -9999 -9999 -9999 -9999 -9999 -9999 -9999 -9999 -9999 0.00885600317269564 0.00833450816571712 -9999 -9999 -9999 -9999 -9999 -9999 -9999 -9999 -9999 -9999
-9999 -9999 -9999 -9999 -9999 -9999 -9999 -9999 -9999 -9999 -9999 -9999 -9999 -9999 -9999 -9999 -9999 -9999 -9999 -9999 -9999 -9999 -9999 -9999 -9999 -9999 -9999 -9999 -9999 -9999 -9999 0.00887598376721144 0.00839255563914776 -9999 -9999 -9999 -9999 -9999 -9999 -9999 -9999 -9999 -9999
-9999 -9999 -9999 -9999 -9999 -9999 -9999 -9999 -9999 -9999 -9999 -9999 -9999 -9999 -9999 -9999 -9999 -9999 -9999 -9999 -9999 -9999 0.0101206507533789 0.010128621943295 0.010134999640286 0.0101721994578838 0.0101826526224613 0.0101470947265625 0.00999006722122431 0.00969155784696341 0.00931248906999826 0.00889436528086662 0.00842109881341457 0.00786220282316208 -9999 -9999 0.00409682421013713 0.002721200697124 0.00177616090513766 0.00113070826046169 0.000853855453897268 0.000712996930815279 0.000694906164426357
-9999 -9999 -9999 -9999 -9999 -9999 -9999 -9999 -9999 -9999 -9999 -9999 -9999 -9999 -9999 -9999 -9999 -9999 0.00952115189284086 -9999 0.00941027794033289 0.00931929051876068 0.00973903946578503 0.0101206507533789 0.0101302163675427 0.010134999640286 0.0102093992754817 0.0102035589516163 0.0100283259525895 0.0097383176907897 0.00930803082883358 0.00889111775904894 0.00848394725471735 0.00788823049515486 0.00721443025395274 0.00566230108961463 0.00393751310184598 0.00269065820612013 0.00153543089982122 0.00110239372588694 0.00075430009746924 0.000704872538335621 0.000679818214848638
-9999 -9999 -9999 -9999 -9999 -9999 -9999 -9999 -9999 -9999 -9999 -9999 -9999 -9999 0.0104185799136758 0.0104037784039974 0.0103929275646806 0.0103631904348731 0.00993464421480894 0.00953567866235971 0.00950662512332201 0.00940491817891598 0.00931929051876068 0.00977717712521553 0.0101206507533789 0.010134999640286 0.0102093992754817 0.0102035589516163 0.0100283259525895 0.0097383176907897 0.00930803082883358 0.00889111775904894 0.00848394725471735 0.00788823049515486 0.00721443025395274 0.00566230108961463 0.00393751310184598 0.00269065820612013 0.00153543089982122 0.00110239372588694 0.00075430009746924 0.000704872538335621 0.000679818214848638
-9999 -9999 -9999 -9999 -9999 -9999 -9999 -9999 -9999 -9999 -9999 -9999 -9999 -9999 0.0104979397729039 0.0104185799136758 0.0103889768943191 -9999 0.0103293694555759 0.00993032101541758 0.00956473313271999 0.00950662512332201 0.00938883889466524 0.00931929051876068 0.00989159103482962 0.0103222578763962 0.0101601770147681 0.00996761210262775 0.00971069652587175 0.00929733086377382 0.00869275070726871 0.00814878009259701 0.00764895649626851 0.00692325131967664 0.00610400084406137 0.00482983980327845 0.00346625433303416 0.00250582187436521 0.00161032867617905 0.00120336189866066 0.000864152330905199 0.000763180083595216 0.000695434748195112
-9999 -9999 0.00915693212300539 -9999 -9999 -9999 -9999 -9999 -9999 -9999 -9999 -9999 -9999 -9999 -9999 -9999 -9999 -9999 0.0103357248008251 0.0102930096909404 0.00995151232928038 0.0096228402107954 0.00950662512332201 0.00934060197323561 0.0100378422066569 0.0105198826640844 0.01010128762573 0.00970545969903469 0.00935769360512495 0.00880909617990255 0.00801504217088223 0.00733047351241112 0.00672565260902047 0.00585973216220737 0.00488568097352982 0.00391913624480367 0.00295406696386635 0.00230752700008452 0.00169665622524917 0.00131899886764586 0.000989998923614621 0.000832080957479775 0.000716699869371951
-9999 0.00915693212300539 0.00915480777621269 0.00913972686976194 0.00912971049547195 -9999 -9999 -9999 -9999 -9999 -9999 -9999 -9999 -9999 0.0101097440347075 0.0105792842805386 -9999 -9999 -9999 0.0102884275838733 0.0102904355153441 0.0100492322817445 0.0097390552982688 0.00978437624871731 0.0101536316797137 0.0103624258190393 0.00989967677742243 0.00944368541240692 0.00900196097791195 0.00838047079741955 0.00753927184268832 0.00673378584906459 0.00595431262627244 0.00509156659245491 0.00419433461502194 0.00349327665753663 0.00283078174106777 0.00234997691586614 0.00188865547534078 0.00155193556565791 0.0012446561595425 0.00104089151136577 0.000871039635967463
0.00916176848113537 0.0091597642749548 0.0091597605496645 0.00914277508854866 0.00911664590239525 0.00911471713334322 -9999 -9999 -9999 -9999 -9999 -9999 -9999 -9999 0.00993040110915899 0.0102835008874536 0.0105792842805386 -9999 -9999 0.0101817538961768 0.0102649480104446 0.0104246055707335 0.0103109255433083 0.0101896766573191 0.0102315731346607 0.0101701579988003 0.00967637076973915 0.00917498953640461 0.00865757744759321 0.00797606818377972 0.00709399953484535 0.00618577469140291 0.00525849778205156 0.00440831109881401 0.0035900492221117 0.00311963469721377 0.00271759857423604 0.00238670711405575 0.00206178682856262 0.00176946120336652 0.00148850330151618 0.00124751473776996 0.00103078363463283
0.00918639916926622 0.00917277671396732 0.00916313473135233 0.00914277508854866 0.00911664590239525 0.00911086052656174 0.00916926842182875 0.00918590743094683 -9999 -9999 -9999 -9999 -9999 -9999 -9999 0.0101910540834069 0.0104002878069878 0.0105792842805386 0.0104185799136758 0.0101817538961768 0.0102649480104446 0.0104246055707335 0.0104208085685968 0.0103886127471924 0.0101065123453736 0.0097911674529314 0.00933669228106737 0.00886916182935238 0.00837407074868679 0.00770159298554063 0.00681231124326587 0.00589885516092181 0.0049677905626595 0.00418049562722445 0.00345274084247649 0.00302607752382755 0.00265860138460994 0.00239275768399239 0.00213371333666146 0.00190432509407401 0.00167436699848622 0.00144240469671786 0.00121951499022543
0.00915532652288675 0.00915995053946972 0.00916615687310696 0.00915939081460238 0.00914564076811075 0.0091710090637207 0.00920750200748444 0.00918770115822554 -9999 -9999 -9999 -9999 0.00922807585448027 0.00967136863619089 0.0100108729675412 0.0102078905329108 0.0103543978184462 0.0104595804587007 0.0103584034368396 0.0101594785228372 0.0102334665134549 0.0103726619854569 0.0104421684518456 0.0104692373424768 0.00994833931326866 0.00944261904805899 0.00900042615830898 0.00853246077895164 0.00801008939743042 0.00735194608569145 0.00652785925194621 0.00566071690991521 0.00476221367716789 0.00403185095638037 0.00337112159468234 0.00296133453957736 0.00260087661445141 0.00237392843700945 0.00215622805990279 0.00198056804947555 0.00179729994852096 0.00158728112000972 0.00137270393315703
0.00898499600589275 0.00908252876251936 0.00916830077767372 0.00921754632145166 0.0092471232637763 0.00923587381839752 0.00921301264315844 0.00918770115822554 0.00916251912713051 0.00914761703461409 0.00913192331790924 0.00911219976842403 0.00922807585448027 0.00967136863619089 0.0100108729675412 0.0102078905329108 0.0102660413831472 0.010210576467216 0.0101477811113 0.0100815137848258 0.0101232789456844 0.0101908575743437 0.0102422144263983 0.0102540794759989 0.00970738474279642 0.00917017925530672 0.00867268908768892 0.0081185745075345 0.00744491722434759 0.00681436620652676 0.00623649917542934 0.00554453581571579 0.00476946728304029 0.00408113701269031 0.00342872785404325 0.00296862865798175 0.00254633277654648 0.00229289848357439 0.00205521029420197 0.0019102554069832 0.00176290306262672 0.00160712073557079 0.00143703503999859
0.00818937551230192 0.0084910225123167 0.00878832768648863 0.00902531389147043 0.00922982022166252 0.00927972607314587 0.00928566232323647 0.00927236676216125 0.00925700832158327 0.00923912134021521 0.00921834725886583 0.00918287970125675 0.00925634428858757 0.00959283392876387 0.00979145336896181 0.00980079639703035 0.0096659492701292 0.00941312965005636 0.00929298624396324 0.00923568848520517 0.00925381667912006 0.00928996689617634 0.00936690624803305 0.00940899830311537 0.00890311226248741 0.00840060040354729 0.00791221391409636 0.00737757561728358 0.0067452946677804 0.0062374509871006 0.00588169461116195 0.00534550519660115 0.00467789079993963 0.00402502343058586 0.00337826344184577 0.00289412285201252 0.00244194944389164 0.00217881798744202 0.00193543033674359 0.001816526055336 0.00169932213611901 0.00158809707500041 0.00145612831693143
0.00650970824062824 0.0071726948954165 0.00786810927093029 0.00847907830029726 0.0090445764362812 0.00929387006908655 0.00945323426276445 0.00947673246264458 0.0094850854948163 0.00945999566465616 0.00942695792764425 0.00935348775237799 0.00932457856833935 0.00940326508134604 0.00926181487739086 0.00881814584136009 0.00834235548973083 0.0078402841463685 0.00752744823694229 0.00730424933135509 0.00731087801977992 0.0073724202811718 0.00753677124157548 0.00767331989482045 0.00730241043493152 0.00692815938964486 0.00653992546722293 0.00617410102859139 0.00585558451712132 0.00560492230579257 0.0054371920414269 0.00502934027463198 0.00444658752530813 0.00381989544257522 0.00317500648088753 0.00270396703854203 0.0022671022452414 0.0020180104766041 0.00178912398405373 0.00168968946672976 0.00159448035992682 0.00151412782724947 0.00141126359812915
0.00488137360662222 0.00555308908224106 0.00627216510474682 0.00701440032571554 0.00776910549029708 0.00828610826283693 0.00873550772666931 0.00887759309262037 0.00898219645023346 0.00892409961670637 0.00884932279586792 0.00868969690054655 0.00852269865572453 0.00833790097385645 0.00790300406515598 0.00712475460022688 0.00648729875683784 0.00596503727138042 0.00564013654366136 0.0054087215103209 0.00541590759530663 0.00548010366037488 0.00566529855132103 0.00583284208551049 0.0056224949657917 0.00541495718061924 0.00521917827427387 0.00506913429126143 0.0050156400538981 0.0049511631950736 0.00487326411530375 0.00452478602528572 0.00397922145202756 0.00340380403213203 0.00281602400355041 0.00239922222681344 0.00201603071764112 0.00180444424040616 0.00161149085033685 0.00153847876936197 0.00146847916767001 0.0014090717304498 0.00132751127239317
0.00329626793973148 0.00367977051064372 0.00410717912018299 0.00477628502994776 0.00557553442195058 0.00641778064891696 0.00727225467562675 0.00760180642828345 0.00786374602466822 0.00775091303512454 0.00760957645252347 0.0073232427239418 0.00698807975277305 0.00653501320630312 0.00584593182429671 0.00483283400535583 0.0041846870444715 0.00383513304404914 0.00365027692168951 0.0035434344317764 0.00356133212335408 0.00360903446562588 0.00375901395455003 0.00390411051921546 0.00387587188743055 0.00386742944829166 0.00394183536991477 0.0040471232496202 0.00421760417521 0.00427952595055103 0.00420876638963819 0.00386158493347466 0.00331306224688888 0.00281005701981485 0.00232590176165104 0.00199797982349992 0.00170076941139996 0.00154644926078618 0.00140747707337141 0.00136674207169563 0.00132465921342373 0.00127783650532365 0.00121101108379662
0.00229568942449987 0.0025386456400156 0.00281331781297922 0.00329784094356 0.00389535981230438 0.00457827607169747 0.00528547912836075 0.00559844123199582 0.0058577018789947 0.00575661333277822 0.00562615459784865 0.00534629495814443 0.00502030597999692 0.00458293175324798 0.00400013057515025 0.00321767665445805 0.00275615183636546 0.00255720200948417 0.00245122262276709 0.00238928128965199 0.00238566799089313 0.00239599123597145 0.00249305390752852 0.00259348354302347 0.00265618483535945 0.00274881045334041 0.00296667241491377 0.00319480709731579 0.00344462739303708 0.00353859132155776 0.00344206672161818 0.00312677351757884 0.0026521326508373 0.00225191144272685 0.00188250991050154 0.00165018881671131 0.00144481449387968 0.00134491547942162 0.00125565147027373 0.0012321206741035 0.00120362953748554 0.00115769798867404 0.00109635025728494
