Ecospace-environmental-drivers/Outputs/ASCII-for-ecospace/MOM6-ISIMIP3a/phyc/2007-12_phyc_MOM6-ISIMIP3a.asc
NCOLS 131 
NROWS 53 
XLLCORNER -98 
YLLCORNER 23.9265270233154 
CELLSIZE 0.133587792515755 
NODATA_value -9999 
[rows 0 to 18 of 53, columns 44 to 87 of 131]
-9999 -9999 -9999 -9999 -9999 -9999 -9999 -9999 -9999 -9999 -9999 -9999 -9999 -9999 -9999 -9999 -9999 -9999 -9999 -9999 -9999 -9999 -9999 -9999 -9999 -9999 -9999 -9999 -9999 -9999 -9999 -9999 -9999 -9999 -9999 -9999 -9999 -9999 -9999 -9999 -9999 -9999 -9999 -9999
-9999 -9999 -9999 -9999 -9999 -9999 -9999 -9999 -9999 -9999 -9999 -9999 -9999 -9999 -9999 -9999 -9999 -9999 -9999 -9999 -9999 -9999 -9999 -9999 -9999 -9999 -9999 -9999 -9999 -9999 -9999 -9999 -9999 -9999 -9999 -9999 -9999 -9999 -9999 -9999 -9999 -9999 -9999 -9999
-9999 -9999 -9999 -9999 -9999 -9999 -9999 -9999 -9999 -9999 -9999 -9999 -9999 -9999 -9999 -9999 -9999 -9999 -9999 -9999 -9999 -9999 -9999 -9999 -9999 -9999 -9999 -9999 -9999 -9999 0.00237225438468158 0.00182503508403897 -9999 -9999 -9999 -9999 -9999 -9999 -9999 -9999 -9999 -9999 -9999 -9999
-9999 -9999 -9999 -9999 -9999 -9999 -9999 -9999 -9999 -9999 -9999 -9999 -9999 -9999 -9999 -9999 -9999 -9999 -9999 -9999 -9999 -9999 -9999 -9999 -9999 -9999 -9999 -9999 -9999 -9999 0.00230925134383142 0.00175160041544586 -9999 -9999 -9999 -9999 -9999 -9999 -9999 -9999 -9999 -9999 -9999 -9999
-9999 -9999 -9999 -9999 -9999 -9999 -9999 -9999 -9999 -9999 -9999 -9999 -9999 -9999 -9999 -9999 -9999 -9999 -9999 -9999 -9999 0.00794145371764898 0.00786593649536371 0.00780552299693227 0.00745311565697193 0.00703943753615022 0.00608273223042488 0.00499650603160262 0.00391670595854521 0.00300969462841749 0.00224133394658566 0.00167672568932176 0.00133674161043018 -9999 -9999 0.00126366585027426 0.00131794100161642 0.00134407647419721 0.00133843615185469 0.00132058735471219 0.00132375187240541 0.00134300719946623 0.00136359606403857 0.00138750439509749
-9999 -9999 -9999 -9999 -9999 -9999 -9999 -9999 -9999 -9999 -9999 -9999 -9999 -9999 -9999 -9999 -9999 0.00847935397177935 -9999 0.00838279351592064 0.00830173306167126 0.00812406558543444 0.00794145371764898 0.00785083323717117 0.00780552299693227 0.00710070878267288 0.0062120808288455 0.00493540707975626 0.00384203041903675 0.00297268014401197 0.00221437332220376 0.00153694848995656 0.00127885513938963 0.00119442131835967 0.00121460238005966 0.00125534820836037 0.00132104707881808 0.00137742783408612 0.00133375450968742 0.00130412622820586 0.0013238814426586 0.00134324794635177 0.00136189232580364 0.00138564803637564
-9999 -9999 -9999 -9999 -9999 -9999 -9999 -9999 -9999 -9999 -9999 -9999 -9999 0.00940868444740772 0.00940322782844305 0.00940021127462387 0.00939440168440342 0.00893896352499723 0.00848954729735851 0.00846915971487761 0.00837748870253563 0.00830173306167126 0.00812901090830564 0.00794145371764898 0.00780552299693227 0.00710070878267288 0.0062120808288455 0.00493540707975626 0.00384203041903675 0.00297268014401197 0.00221437332220376 0.00153694848995656 0.00127885513938963 0.00119442131835967 0.00121460238005966 0.00125534820836037 0.00132104707881808 0.00137742783408612 0.00133375450968742 0.00130412622820586 0.0013238814426586 0.00134324794635177 0.00136189232580364 0.00138564803637564
-9999 -9999 -9999 -9999 -9999 -9999 -9999 -9999 -9999 -9999 -9999 -9999 -9999 0.00943794287741184 0.00940868444740772 0.0093977702781558 -9999 0.00939125660806894 0.00895067397505045 0.00850993581116199 0.00846915971487761 0.00836157239973545 0.00830173306167126 0.00814384594559669 0.00781381595879793 0.00676334835588932 0.00569744221866131 0.0045989453792572 0.00370344775728881 0.00305605796165764 0.00245909136720002 0.00189885240979493 0.00162384647410363 0.00146696506999433 0.00145462830550969 0.00147070561069995 0.00152048422023654 0.00155906297732145 0.00147604127414525 0.00140531116630882 0.00137779943179339 0.00136396568268538 0.00137553364038467 0.00139145110733807
-9999 0.00809365138411522 -9999 -9999 -9999 -9999 -9999 -9999 -9999 -9999 -9999 -9999 -9999 -9999 -9999 -9999 -9999 0.00938699208199978 0.00939992256462574 0.00898736156523228 0.00855071097612381 0.00846915971487761 0.00831382442265749 0.00819907058030367 0.00783281773328781 0.00641401717439294 0.00516043417155743 0.00425563799217343 0.00357340998016298 0.00316320545971394 0.00273996731266379 0.00230723549611866 0.00201307563111186 0.00177630328107625 0.00172599905636162 0.00171234994195402 0.00174254400189966 0.00175969861447811 0.00163361302111298 0.00151778559666127 0.00143802596721798 0.00138705992139876 0.00138956704176962 0.00139638991095126
0.00809365138411522 0.00807024352252483 0.00804777536541224 0.00804141443222761 -9999 -9999 -9999 -9999 -9999 -9999 -9999 -9999 -9999 0.00863761734217405 0.00946793239563704 -9999 -9999 -9999 0.00938726309686899 0.00944747589528561 0.0090821972116828 0.00863226316869259 0.0086398059502244 0.00852156523615122 0.00818462017923594 0.00693237083032727 0.00580734759569168 0.00495090940967202 0.00425758259370923 0.0037636118941009 0.0033257226459682 0.0029286821372807 0.00260306266136467 0.00230702105909586 0.00215630349703133 0.00203415332362056 0.00198031333275139 0.00192013452760875 0.00177331920713186 0.00163182592950761 0.00150904571637511 0.00141268584411591 0.00136539153754711 0.00135001353919506
0.00808009784668684 0.00806049723178148 0.00804672855883837 0.00803610030561686 0.00803531613200903 -9999 -9999 -9999 -9999 -9999 -9999 -9999 -9999 0.00824118219316006 0.00886043626815081 0.00946793239563704 -9999 -9999 0.00932137295603752 0.00943173188716173 0.00958932191133499 0.00928850751370192 0.00896756909787655 0.00881208758801222 0.00847723614424467 0.00739170191809535 0.00639417301863432 0.00558243039995432 0.00487404968589544 0.00429199915379286 0.00383137702010572 0.00345920142717659 0.00311119738034904 0.00277320365421474 0.00254051736555994 0.00232853181660175 0.00220112758688629 0.0020731498952955 0.00190897157881409 0.00174568395595998 0.00158552860375494 0.00144829298369586 0.00135362183209509 0.00131203467026353
0.00806479528546333 0.00805652979761362 0.00804672855883837 0.00803610030561686 0.0080337468534708 0.00799091346561909 0.00796263758093119 -9999 -9999 -9999 -9999 -9999 -9999 -9999 0.00862105749547482 0.00916042272001505 0.00946793239563704 0.00940868444740772 0.00932137295603752 0.00943173188716173 0.00958932191133499 0.00946418382227421 0.00930488668382168 0.0089311096817255 0.00845238566398621 0.00753444852307439 0.00665869796648622 0.00587200652807951 0.00512735592201352 0.00443408871069551 0.00390738481655717 0.00350200315006077 0.00318029150366783 0.00289323041215539 0.00267750793136656 0.00247580907307565 0.0023309972602874 0.00218636263161898 0.00202287989668548 0.00185856339521706 0.00169131450820714 0.00153743801638484 0.00140839524101466 0.00131909851916134
0.0079812528565526 0.00800009816884995 0.00800562277436256 0.00800397433340549 0.00799141731113195 0.00797575805336237 0.00796273164451122 -9999 -9999 -9999 -9999 0.00783637072890997 0.00782233662903309 0.00807176530361176 0.00868289358913898 0.00910851266235113 0.00938235316425562 0.00945277139544487 0.00942683406174183 0.00955082383006811 0.00971063785254955 0.00967003125697374 0.00958628207445145 0.00907498877495527 0.00849438924342394 0.00762373907491565 0.00677107460796833 0.00595638062804937 0.00517410924658179 0.0044314656406641 0.00388298043981194 0.00347591680474579 0.00319500383920968 0.00296633434481919 0.00277502625249326 0.00259106256999075 0.00243367464281619 0.00227650278247893 0.00211182632483542 0.00194536615163088 0.00177263398654759 0.00160625390708447 0.00145167030859739 0.001327118370682
0.0077271037735045 0.00781250093132257 0.00786174833774567 0.00789153017103672 0.00792981777340174 0.00797052402049303 0.00796273164451122 0.00794942304491997 0.00792123470455408 0.00789265614002943 0.00786209292709827 0.00783637072890997 0.00782233662903309 0.00807176530361176 0.00868289358913898 0.00911102257668972 0.00938942655920982 0.00960707757622004 0.0097959516569972 0.00996765214949846 0.010135249234736 0.00995130743831396 0.00972786545753479 0.00928101036697626 0.00870353262871504 0.00757938623428345 0.00650307303294539 0.0055277394130826 0.00470447028055787 0.00406705448403955 0.00360754039138556 0.00327760656364262 0.00307375914417207 0.00292212818749249 0.00277386140078306 0.00262625608593225 0.00246837083250284 0.00230896007269621 0.00213836622424424 0.00196697609499097 0.00179278606083244 0.00162424589507282 0.00146619859151542 0.00133752799592912
0.00706340931355953 0.00722589110955596 0.00736404210329056 0.00748909125104547 0.00764013128355145 0.00779856275767088 0.00783959031105042 0.00786630529910326 0.00783106591552496 0.00779607705771923 0.00776235805824399 0.00772275496274233 0.0076689450070262 0.00787025317549706 0.00842180568724871 0.00882330909371376 0.00910204648971558 0.00940653029829264 0.00972320884466171 0.00991837214678526 0.0100845014676452 0.00981447007507086 0.00950341764837503 0.00903141591697931 0.00841316021978855 0.00718281837180257 0.00601481180638075 0.00497839972376823 0.00417756615206599 0.00366465770639479 0.00330469920299947 0.00305614713579416 0.00291631394065917 0.00282150506973267 0.0027156004216522 0.00260751438327134 0.0024552617687732 0.00230031204409897 0.0021349941380322 0.00196866737678647 0.00179879413917661 0.00163286668248475 0.00147426733747125 0.00134389416780323
0.00582069251686335 0.00607515079900622 0.00636608153581619 0.00667665153741837 0.00702797062695026 0.0073908781632781 0.00754234893247485 0.00766567373648286 0.00761341722682118 0.00756295397877693 0.00752161582931876 0.00744850700721145 0.00729868607595563 0.00738384108990431 0.0077915876172483 0.00812527257949114 0.00839836243540049 0.00870428327471018 0.00902575440704823 0.00921010039746761 0.00936168245971203 0.00908649805933237 0.00876146648079157 0.0081376638263464 0.00741656729951501 0.00628828350454569 0.00521514285355806 0.00425841333344579 0.00356969935819507 0.00320855574682355 0.00296311802230775 0.00280195870436728 0.00270768813788891 0.0026411188300699 0.00257661542855203 0.00251251831650734 0.0023745649959892 0.0022335487883538 0.00208933162502944 0.00194219697732478 0.0017848052084446 0.00162823835853487 0.00147320353426039 0.00134454376529902
0.00483194412663579 0.00510014360770583 0.00542463734745979 0.00577944284304976 0.00616167997941375 0.00655171880498528 0.00681820791214705 0.00706140883266926 0.0070172930136323 0.00697446474805474 0.00693818461149931 0.00687754945829511 0.00675810594111681 0.00680938316509128 0.00709503702819347 0.00737210689112544 0.00764215365052223 0.00788837298750877 0.00812330655753613 0.00826137047261 0.0083762900903821 0.00808329507708549 0.00774176977574825 0.00710176909342408 0.0064073484390974 0.00548517378047109 0.00459967739880085 0.00379161164164543 0.00322173489257693 0.00294297398068011 0.00275875627994537 0.00264340243302286 0.00256851990707219 0.00251039816066623 0.00245897192507982 0.00240886188112199 0.00228588841855526 0.00215922924689949 0.00202292646281421 0.00188476429320872 0.00174006528686732 0.00159569294191897 0.00145192712079734 0.00133271294180304
0.00405706791207194 0.00427312543615699 0.00453078653663397 0.00481084873899817 0.00508138258010149 0.00534920673817396 0.00573456706479192 0.00611723633483052 0.00610244832932949 0.00608671410009265 0.00606616865843534 0.00605672644451261 0.00607409467920661 0.00616077939048409 0.00634262664243579 0.00657251570373774 0.00684171169996262 0.00697674509137869 0.00704822922125459 0.00711014633998275 0.00716977845877409 0.0068483161740005 0.00648817792534828 0.0059461728669703 0.00538749760016799 0.0047590546309948 0.00413933303207159 0.00353802181780338 0.00309263891540468 0.00283783255144954 0.00266994955018163 0.00256537972018123 0.00248784315772355 0.00242150179110467 0.00235930038616061 0.00229791249148548 0.00219049188308418 0.00207854644395411 0.00193905341438949 0.00180125760380179 0.00166942935902625 0.00153963803313673 0.00141362939029932 0.0013103720266372
0.00339863472618163 0.00353171862661839 0.00370822893455625 0.00390812288969755 0.00411915872246027 0.00433336338028312 0.00466281920671463 0.00499471696093678 0.00507403630763292 0.00515174772590399 0.00522127700969577 0.00530379172414541 0.00541765941306949 0.00555023876950145 0.00570850679650903 0.00590542750433087 0.00613397266715765 0.00614940235391259 0.0060638845898211 0.00603522267192602 0.00602014642208815 0.00571481417864561 0.00538213457912207 0.00494164461269975 0.00449844310060143 0.004043891094625 0.00359835848212242 0.00317186606116593 0.00284400815144181 0.00263670179992914 0.00249194586649537 0.00239275069907308 0.00230891024693847 0.00223142863251269 0.00216467678546906 0.00210003438405693 0.00201491499319673 0.00192595238331705 0.00180685392115265 0.00168992951512337 0.00158064893912524 0.00147546001244336 0.0013778698630631 0.00130046368576586
