Ecospace-environmental-drivers/Outputs/ASCII-for-ecospace/MOM6-ISIMIP3a/phyc/2007-06_phyc_MOM6-ISIMIP3a.asc
NCOLS 131 
NROWS 53 
XLLCORNER -98 
YLLCORNER 23.9265270233154 
CELLSIZE 0.133587792515755 
NODATA_value -9999 
[rows 19 to 37 of 53, columns 43 to 85 of 131]
0.00300132529810071 0.00321110244840384 0.00346535677090287 0.00398831907659769 0.00465596886351705 0.00540148606523871 0.00616914965212345 0.00616712914779782 0.00607622601091862 0.00571269169449806 0.00536169391125441 0.00507447170093656 0.00488845258951187 0.00494679948315024 0.00512831937521696 0.00547893950715661 0.00584356533363461 0.00621965061873198 0.00641621369868517 0.00652774143964052 0.00640660431236029 0.00622987514361739 0.00568512221798301 0.00513103604316711 0.00480910250917077 0.00445464253425598 0.0039640567265451 0.0034705507569015 0.00297088059596717 0.00254905712790787 0.00222237897105515 0.00194033409934491 0.00169079925399274 0.00156637153122574 0.00149375479668379 0.00151317368727177 0.00155068468302488 0.00155693932902068 0.00155997392721474 0.00154286029282957 0.00152278470341116 0.00149229471571743 0.00146227143704891
0.00199028360657394 0.0021120656747371 0.00227152020670474 0.0026338673196733 0.00310546299442649 0.00368301477283239 0.00429070042446256 0.0043346993625164 0.00431258324533701 0.00406322535127401 0.00382393784821033 0.00363587820902467 0.00354382302612066 0.00368358078412712 0.00392047315835953 0.00429071765393019 0.00463423086330295 0.00495587289333344 0.00510895997285843 0.0051822061650455 0.00503183342516422 0.00482803024351597 0.00431307079270482 0.00379255623556674 0.00350232166238129 0.0032005188986659 0.00285030179657042 0.00250419112853706 0.00216674874536693 0.00188937690109015 0.00168542377650738 0.00150069163646549 0.00132995960302651 0.00125305738765746 0.00121501332614571 0.00127282610628754 0.00134948210325092 0.0013991593150422 0.00144474091939628 0.00146007223520428 0.00146979617420584 0.0014598045963794 0.00144668773282319
0.00126251927576959 0.00128824799321592 0.00133211677893996 0.00149064976722002 0.00171092466916889 0.00205356860533357 0.00243101455271244 0.00253355596214533 0.0026018253993243 0.00250451127067208 0.00241339416243136 0.00235379952937365 0.00237220712006092 0.0025789593346417 0.00284402770921588 0.00318915629759431 0.00347445602528751 0.00371080543845892 0.00379532040096819 0.00380791467614472 0.00363740045577288 0.00342313549481332 0.00299213849939406 0.00255899853073061 0.00231138058006763 0.00207570823840797 0.00189002905972302 0.00170824560336769 0.00153468619100749 0.00139021861832589 0.00128130707889795 0.00117536773905158 0.00107159349136055 0.00103159190621227 0.00101800065021962 0.00109686830546707 0.00119391107000411 0.00127412204165012 0.00135009537916631 0.00139076204504818 0.00142436125315726 0.00143311126157641 0.00143549463246018
0.00114199577365071 0.00113518675789237 0.00113918818533421 0.00120256445370615 0.00129791139625013 0.00147172377910465 0.00166785169858485 0.00173471786547452 0.00178514129947871 0.00174886011518538 0.00171639292966574 0.00170332728885114 0.00174191279802471 0.00190521555487067 0.00211499631404877 0.00238858489319682 0.00262154242955148 0.00282125687226653 0.0028911114204675 0.0028994542080909 0.00278437766246498 0.00263981218449771 0.00235364376567304 0.00206446996890008 0.00187314231880009 0.00169274397194386 0.00155808567069471 0.00142828514799476 0.00130873988382518 0.00120681908447295 0.00112643896136433 0.00104861333966255 0.000972648616880178 0.000946591841056943 0.000941203674301505 0.00102991086896509 0.00113711494486779 0.00122621655464172 0.00131116260308772 0.00136206205934286 0.00140556273981929 0.00142304913606495 0.00143330916762352
0.00107303133700043 0.00103979115374386 0.00101129803806543 0.000992331653833389 0.000978494994342327 0.000996547285467386 0.00102366867940873 0.0010487453546375 0.00107322260737419 0.0010871667182073 0.00110277161002159 0.00112682464532554 0.00117651280015707 0.00128809933084995 0.00143651058897376 0.00163547706324607 0.00181671197060496 0.00198343931697309 0.00204359903000295 0.00205327989533544 0.00199774978682399 0.00192663830239326 0.00178447749931365 0.00163821422029287 0.00150328013114631 0.00137632130645216 0.00128273945301771 0.00119497824925929 0.00111950479913503 0.00105214933864772 0.000994715606793761 0.000940510304644704 0.000888656591996551 0.000874481396749616 0.000875910220202059 0.00097286538220942 0.00108859862666577 0.00118478725198656 0.00127692928072065 0.00133661227300763 0.00138864119071513 0.00141375767998397 0.00143100903369486
0.00108402641490102 0.00104449514765292 0.00100904796272516 0.000981259508989751 0.000957594893407077 0.000951706315390766 0.000950873247347772 0.000952868605963886 0.000955120660364628 0.000956484989728779 0.000959251658059657 0.000969152140896767 0.000994795118458569 0.00105845020152628 0.00115108268801123 0.00128349754959345 0.00141577771864831 0.00154794764239341 0.00161191436927766 0.00164357468020171 0.00161944830324501 0.00158199248835444 0.00149303139187396 0.00140042277052999 0.00130622799042612 0.00121621717698872 0.00114371639210731 0.00107652088627219 0.00102052523288876 0.000970730092376471 0.000928513414692134 0.000888112932443619 0.000849035277497023 0.000841835455503315 0.000847837247420102 0.000941012403927743 0.00105132372118533 0.00115230900701135 0.00124952103942633 0.00131324573885649 0.00136888027191162 0.00139606895390898 0.00141538504976779
0.00108577345963567 0.00104033946990967 0.000998695963062346 0.000963640457484871 0.000932132243178785 0.000907212030142546 0.000884165405295789 0.000867933500558138 0.000852644734550267 0.000843986228574067 0.000836436054669321 0.000834523816592991 0.000839664426166564 0.00086183485109359 0.000905260036233813 0.000977865187451243 0.00106435501947999 0.00116220489144325 0.00122590886894614 0.00127343880012631 0.00127593171782792 0.00126766366884112 0.00122488767374307 0.00117894972208887 0.00112149317283183 0.0010651060147211 0.00101319397799671 0.000965892395470291 0.000928323774132878 0.000895031553227454 0.000866966031026095 0.000839399523101747 0.000812196580227464 0.000811954843811691 0.00082287861732766 0.000911243841983378 0.00101483229082078 0.00111898861359805 0.00121976039372385 0.00128726474940777 0.00134623318444937 0.00137518893461674 0.00139590341132134
0.00104697037022561 0.000997336232103407 0.000952819478698075 0.000917315483093262 0.000886664434801787 0.000864237837959081 0.000844150257762522 0.000830974197015166 0.000818684115074575 0.000811214733403176 0.000804403272923082 0.000800938170868903 0.000801110058091581 0.000810063851531595 0.000833094934932888 0.00087545212591067 0.000930026290006936 0.000994596048258245 0.0010401934850961 0.00107680400833488 0.00108493701554835 0.00108626578003168 0.00105891923885792 0.00102902762591839 0.000990765867754817 0.000953426060732454 0.000919943966437131 0.000889590766746551 0.000865842797793448 0.000844416674226522 0.000825828232336789 0.000806839263532311 0.000787558557931334 0.00079419941175729 0.000811575271654874 0.000890614872332662 0.000981776043772697 0.00108197459485382 0.00117968500126153 0.00124981999397278 0.00131093140225857 0.00134031532797962 0.00135950662661344
0.00099552923347801 0.000945083447732031 0.000901556864846498 0.000868741481099278 0.000841693603433669 0.00082374777412042 0.000808390555903316 0.000799161614850163 0.0007906673126854 0.000785070937126875 0.000779763213358819 0.00077592401066795 0.000773150997702032 0.000772952276747674 0.000780514325015247 0.000798730878159404 0.000826973177026957 0.00086341833230108 0.000892519426997751 0.000918141682632267 0.000928913126699626 0.00093613617355004 0.000921582512091845 0.000905139022506773 0.000882963591720909 0.000861535547301173 0.000843235407955945 0.00082669168477878 0.000813855789601803 0.000801859714556485 0.000790890015196055 0.000779431138653308 0.000767615914810449 0.000780123227741569 0.000802703318186104 0.000874928256962448 0.000956912175752223 0.00105184118729085 0.00114479113835841 0.00121372623834759 0.00127301854081452 0.00129840592853725 0.00131202023476362
0.000916513556148857 0.000872649485245347 0.000838542473502457 0.000815260398667306 0.000797807006165385 0.000788677600212395 0.000781915558036417 0.00077857862925157 0.000775619177147746 0.000773387670051306 0.000771253136917949 0.00076961173908785 0.00076830928446725 0.000767825171351433 0.000770664191804826 0.000778065470512956 0.00079215900041163 0.000811728008557111 0.000827846233732998 0.000842329987790436 0.000849190400913358 0.000854229379910976 0.00084671622607857 0.000838051782920957 0.000825180031824857 0.00081282266182825 0.000802617869339883 0.000793035025708377 0.000784765055868775 0.000776883971411735 0.000769478268921375 0.000763264135457575 0.000757917936425656 0.000774074578657746 0.000799136294517666 0.000870025134645402 0.000949922541622072 0.00103672000113875 0.00112120294943452 0.00118058046791703 0.00122940877918154 0.00124114518985152 0.00124033784959465
0.000851045246236026 0.000817261752672493 0.000794087711255997 0.000780276488512754 0.000771506689488888 0.000768698344472796 0.000767585530411452 0.000767194840591401 0.000766878540161997 0.00076657539466396 0.00076628930401057 0.000766090175602585 0.000765838485676795 0.000765459903050214 0.000765713164582849 0.000766833894886076 0.000771685095969588 0.000779588590376079 0.000786528224125504 0.000793011276982725 0.000796544074546546 0.000799371977336705 0.000796505250036716 0.000793049752246588 0.000786719785537571 0.000780602509621531 0.000775375752709806 0.000770093582104892 0.00076469435589388 0.000759692746214569 0.000755177054088563 0.000753444095607847 0.000753737927880138 0.000771716528106481 0.0007970190490596 0.000861864071339369 0.000934482202865183 0.0010103554232046 0.00108342233579606 0.00112789880950004 0.0011618867283687 0.00115899695083499 0.00114574388135225
0.000802620488684624 0.000783319585025311 0.000772982486523688 0.00076856353553012 0.000767331221140921 0.000767704681493342 0.000768534780945629 0.000767384481150657 0.00076607329538092 0.000765891105402261 0.000765786913689226 0.000766079523600638 0.000766350422054529 0.000766569166444242 0.000766925513744354 0.000767470803111792 0.000769252539612353 0.000772045867051929 0.000774592801462859 0.000777023029513657 0.000777962210122496 0.000778545101638883 0.000777312554419041 0.000775832799263299 0.00077256967779249 0.000769131584092975 0.000764961063396186 0.000760632799938321 0.000755971588660032 0.000752294959966093 0.000749821600038558 0.00075160909909755 0.000756500056013465 0.000774001644458622 0.000796725740656257 0.000849604199174792 0.00090841029305011 0.000969845801591873 0.00102778675500304 0.00105063931550831 0.00106428109575063 0.00104553776327521 0.00102232489734888
0.000779337249696255 0.000770055514294654 0.000767274643294513 0.0007671182975173 0.000768375175539404 0.000768339727073908 0.000767936813645065 0.000765962118748575 0.000763933290727437 0.000764788128435612 0.00076568714575842 0.000766810670029372 0.000767793681006879 0.000768437108490616 0.000768964237067848 0.000769331527408212 0.00076975382398814 0.000770221056882292 0.000770698999986053 0.000771182007156312 0.000770818500313908 0.000770252721849829 0.000769582693465054 0.000768824422266334 0.000766885525081307 0.000764611933846027 0.00076093734242022 0.000757076602894813 0.0007528230198659 0.000750100123696029 0.000749248021747917 0.000753957137931138 0.000762716867029667 0.000780002796091139 0.000800819660071284 0.000839562329929322 0.00088182877516374 0.000924952153582126 0.00096483901143074 0.000972799374721944 0.000974557129666209 0.000954506162088364 0.000933834933675826
0.000774910382460803 0.000772300292737782 0.000773115025367588 0.000773373991250992 0.000773333653341979 0.000770196435041726 0.00076617841841653 0.000763330666813999 0.000760792230721563 0.000763371121138334 0.000765889242757112 0.0007680983399041 0.000769935373682529 0.00077087408863008 0.000771622697357088 0.0007721102447249 0.000772455590777099 0.000772684696130455 0.000772836385294795 0.00077295140363276 0.000772253551986068 0.000771361461374909 0.000770450104027987 0.000769472564570606 0.000767550896853209 0.000765305827371776 0.000761706847697496 0.000757948844693601 0.000753855099901557 0.000751807529013604 0.000752260908484459 0.000759442511480302 0.000771524792071432 0.000788791046943516 0.000808204174973071 0.00083118409384042 0.000854865123983473 0.000876770413015038 0.000896407058462501 0.000894524157047272 0.000890744442585856 0.000880295352544636 0.000871542026288807
0.000777973851654679 0.000777282461058348 0.000777772685978562 0.000776094209868461 0.000773247971665114 0.000767867837566882 0.000761767092626542 0.000760137394536287 0.000759179354645312 0.000763998541515321 0.000768465280998498 0.000771138817071915 0.000773229112382978 0.000773911131545901 0.000774417247157544 0.000774681800976396 0.000775024993345141 0.000775432388763875 0.000775870226789266 0.000776322500314564 0.000775820284616202 0.000775090011302382 0.000774045998696238 0.000772907689679414 0.000770710350479931 0.000768242112826556 0.000764640048146248 0.000761006202083081 0.000757305242586881 0.000756634748540819 0.000759668182581663 0.000769824080634862 0.000785167911089957 0.000802395399659872 0.00082040298730135 0.000834725156892091 0.000848322815727443 0.000858223182149231 0.000866731454152614 0.000862978748045862 0.00085889792535454 0.000853663485031575 0.000850033480674028
0.000784247531555593 0.000783437804784626 0.00078192341607064 0.000777299224864691 0.000771000515669584 0.000763745629228652 0.000756218796595931 0.000756703317165375 0.000758221372961998 0.000765502278227359 0.000772058789152652 0.000774930522311479 0.000777016568463296 0.000777205277699977 0.000777270062826574 0.00077716464875266 0.000777537585236132 0.000778301851823926 0.000779288297053427 0.000780379981733859 0.000780300586484373 0.000779941387008876 0.000778811285272241 0.000777537235990167 0.000774938729591668 0.000772139523178339 0.000768500554841012 0.000764999946113676 0.000761791714467108 0.000762799056246877 0.000768958765547723 0.000782304094173014 0.000800883339252323 0.000818063854239881 0.000834665086586028 0.000843374524265528 0.000850532611366361 0.000852376571856439 0.000853665987960994 0.000851460732519627 0.000849322997964919 0.00084742292528972 0.000846004171762615
0.000787614146247506 0.00078549375757575 0.000781672075390816 0.000774849089793861 0.000766410026699305 0.000759078830014914 0.000752062711399049 0.000754603126551956 0.000758290581870824 0.000766535871662199 0.000773879000917077 0.000776632863562554 0.000778582063503563 0.000778588349930942 0.000778671295847744 0.000778859481215477 0.000779707625042647 0.000781095703132451 0.00078264920739457 0.00078428111737594 0.000784723844844848 0.000784882460720837 0.000783859111834317 0.000782645831350237 0.000779850408434868 0.000776901084464043 0.000773307692725211 0.00077096902532503 0.000771279272157699 0.00077676767250523 0.000788584817200899 0.000803838658612221 0.000821595778688788 0.000835133134387434 0.000846922979690135 0.000851456599775702 0.000854563841130584 0.000852759054396302 0.000850555836223066 0.00084623706061393 0.000842092209495604 0.000838558829855174 0.000835423183161765
0.0007903793011792 0.000786701508332044 0.000780509843025357 0.000771642662584782 0.000761334784328938 0.000754299340769649 0.000748194637708366 0.000752778898458928 0.000758572365157306 0.000767472200095654 0.000775332271587104 0.000777902838308364 0.000779687892645597 0.000779576017521322 0.0007797721773386 0.000780391274020076 0.000781806767918169 0.000783873896580189 0.000785998301580548 0.000788149889558554 0.000789135287050158 0.000789842044468969 0.00078896532068029 0.000787853554356843 0.000784903473686427 0.000781841459684074 0.000778310641180724 0.000777346722315997 0.000781801587436348 0.000792351027484983 0.000810349360108376 0.00082724669482559 0.000843342044390738 0.000852492230478674 0.000858766201417893 0.000859421328641474 0.0008589718490839 0.00085443037096411 0.000849505478981882 0.000842315785121173 0.00083534640725702 0.000829151889774948 0.000823486654553562
0.000790629768744111 0.000785411684773862 0.000777333974838257 0.000767553981859237 0.000756857392843813 0.000750378530938178 0.000745099212508649 0.000749864615499973 0.000755781657062471 0.000765031378250569 0.000773309031501412 0.000776642351411283 0.000779191555920988 0.000779847498051822 0.000780760252382606 0.000782025454100221 0.000783896422944963 0.000786262971814722 0.000788491510320455 0.000790654623415321 0.000791787169873714 0.000792673381511122 0.000792012899182737 0.000791156548075378 0.000788996927440166 0.000787442724686116 0.000788422650657594 0.000793037354014814 0.000805325456894934 0.000819284759927541 0.000835286569781601 0.000847678747959435 0.000857441802509129 0.000860804691910744 0.000861517095472664 0.000857706647366285 0.000853007193654776 0.000843988207634538 0.000834702572319657 0.000824374437797815 0.00081460049841553 0.000806775176897645 0.000799790199380368
