Ecospace-environmental-drivers/Outputs/ASCII-for-ecospace/MOM6-ISIMIP3a/phyc/2008-01_phyc_MOM6-ISIMIP3a.asc
NCOLS 131 
NROWS 53 
XLLCORNER -98 
YLLCORNER 23.9265270233154 
CELLSIZE 0.133587792515755 
NODATA_value -9999 
[rows 19 to 37 of 53, columns 44 to 87 of 131]
0.00410996144637465 0.00446540536358953 0.00477591203525662 0.00506222154945135 0.00531310169026256 0.00555390538647771 0.00589329702779651 0.00624170806258917 0.00656117452308536 0.00685342121869326 0.00700720399618149 0.00710312370210886 0.00705932592973113 0.00686858408153057 0.0064761065877974 0.00626265816390514 0.00619568722322583 0.00586525723338127 0.00541003281250596 0.00481261871755123 0.00418122997507453 0.00362209836021066 0.00308654387481511 0.00282189925201237 0.00260798702947795 0.00260639493353665 0.00257488084025681 0.00248019956052303 0.00239683897234499 0.00232731504365802 0.00228806585073471 0.0022708682809025 0.00225654430687428 0.00224341009743512 0.00226686242967844 0.00229750713333488 0.00230722641572356 0.00231792917475104 0.00234580738469958 0.00236757355742157 0.00236785039305687 0.00235558813437819 0.00232003978453577 0.00225936807692051
0.00329154636710882 0.00353551399894059 0.0037433544639498 0.00393174262717366 0.00408668164163828 0.00423210766166449 0.00455329800024629 0.00489539094269276 0.00531609216704965 0.00569106778129935 0.00583344185724854 0.00594115955755115 0.00596519652754068 0.00586122833192348 0.00558152655139565 0.00541760073974729 0.00534839974716306 0.00508161634206772 0.00472124293446541 0.00416395999491215 0.00355962873436511 0.00306977983564138 0.00260760355740786 0.00243372842669487 0.00229431595653296 0.00229913368821144 0.0022867233492434 0.00223794253543019 0.0021931417286396 0.00215320568531752 0.00213916716165841 0.00214399234391749 0.00214659329503775 0.00214827293530107 0.00217166589573026 0.00219932710751891 0.0022048563696444 0.00221044989302754 0.00222467537969351 0.00223482027649879 0.00223061698488891 0.00221779244020581 0.0021889575291425 0.00214395043440163
0.00243587698787451 0.00253506889566779 0.00261794426478446 0.00269203423522413 0.00274726073257625 0.0027971223462373 0.00310218473896384 0.00344012351706624 0.00396040733903646 0.00441700592637062 0.00454964581876993 0.00467647192999721 0.0047892602160573 0.00479628425091505 0.00465810904279351 0.00455363374203444 0.00447673024609685 0.00426244689151645 0.00398308923467994 0.00347097241319716 0.00290324166417122 0.00252134795300663 0.00217213458381593 0.00211275974288583 0.00206568860448897 0.00207011005841196 0.00206919386982918 0.00205701007507741 0.00204519019462168 0.00203381502069533 0.00204302649945021 0.00206723297014832 0.00207771826535463 0.00208252132870257 0.00209789304062724 0.00211534230038524 0.00211639353074133 0.00211689970456064 0.00211801356635988 0.00211768574081361 0.00211228895932436 0.00210140645503998 0.00208033714443445 0.00204860023222864
0.00207546795718372 0.00212446949444711 0.00216026487760246 0.00218894914723933 0.00220581493340433 0.00221931957639754 0.00240986351855099 0.00262374943122268 0.00297857029363513 0.00330639211460948 0.0034968729596585 0.0036784631665796 0.00383858499117196 0.00391729827970266 0.00388424913398921 0.00383769371546805 0.00378008792176843 0.00360823096707463 0.00338225532323122 0.00296228774823248 0.00249596894718707 0.00227103987708688 0.00207462534308434 0.00205187150277197 0.0020336948800832 0.0020346746314317 0.00203149509616196 0.00201953458599746 0.00200612633489072 0.0019909490365535 0.00199279910884798 0.00200705230236053 0.0020135419908911 0.00201681675389409 0.00202596629969776 0.00203627068549395 0.00203570630401373 0.00203461805358529 0.00203234422951937 0.00202943733893335 0.00202430575154722 0.00201484677381814 0.00199735164642334 0.00197319569997489
0.00176972313784063 0.00177809980232269 0.0017752384301275 0.00176632567308843 0.00175163999665529 0.00173531239852309 0.00180815136991441 0.00189340696670115 0.00206747651100159 0.00225280341692269 0.00249539501965046 0.00272471504285932 0.00292198942042887 0.00306377001106739 0.00312936515547335 0.00314005394466221 0.00310581992380321 0.00297696539200842 0.00280329142697155 0.00248186336830258 0.00212513213045895 0.00205365195870399 0.00200547021813691 0.00201116688549519 0.00201524794101715 0.00201256712898612 0.0020061198156327 0.00199172203429043 0.00197412609122694 0.00195262173656374 0.00194507243577391 0.00194768782239407 0.00194941903464496 0.00195078423712403 0.00195426354184747 0.00195815856568515 0.00195619650185108 0.00195378321222961 0.00194907980039716 0.00194435706362128 0.00193956668954343 0.00193147710524499 0.00191726058255881 0.00190008024219424
0.00173731870017946 0.00174284749664366 0.00174146040808409 0.00173634919337928 0.0017245898488909 0.00171093991957605 0.00173838704358786 0.00177167786750942 0.00184916669968516 0.0019327134359628 0.00204707542434335 0.00216279691085219 0.00228180061094463 0.00239426665939391 0.00249775778502226 0.00255648186430335 0.00257857865653932 0.00251502101309597 0.00241089076735079 0.00223381444811821 0.00203930889256299 0.00200105458498001 0.00197518710047007 0.00197337288409472 0.00197073328308761 0.00196463987231255 0.00195582257583737 0.0019412551773712 0.0019204601412639 0.00189205387141556 0.00188032619189471 0.00188074714969844 0.00188021210487932 0.00187928124796599 0.00188391399569809 0.00188964046537876 0.00188624358270317 0.00188251549843699 0.00187885342165828 0.00187488493975252 0.00186983949970454 0.00186288682743907 0.00185239245183766 0.00183942192234099
0.00171901402063668 0.00172125082463026 0.0017196120461449 0.0017158865230158 0.00170513382181525 0.00169238273520023 0.00168289360590279 0.00167399132624269 0.00167191948276013 0.00167133111972362 0.00167828833218664 0.00169772421941161 0.00174729072023183 0.00182899518404156 0.00195482093840837 0.00204799580387771 0.00211445684544742 0.00211041839793324 0.00207298574969172 0.00201714457944036 0.00195690500549972 0.00194275379180908 0.00193200632929802 0.00192471907939762 0.001917356508784 0.00190967891830951 0.00190034648403525 0.00188752007670701 0.001865673228167 0.00183280173223466 0.00181848928332329 0.00181769486516714 0.00181633490137756 0.00181474070996046 0.00182040862273425 0.0018275041365996 0.00182347313966602 0.00181926600635052 0.00181736156810075 0.00181471579708159 0.00180946325417608 0.00180337007623166 0.00179571600165218 0.00178636179771274
0.00176253286190331 0.00175952992867678 0.00175007234793156 0.0017371391877532 0.00171897548716515 0.00169932411517948 0.00168997421860695 0.00168172491248697 0.00167472020257264 0.00166736519895494 0.00165822822600603 0.00165729096625 0.00167615315876901 0.00172075047157705 0.00180067890323699 0.00186874123755842 0.00192709511611611 0.00195724237710238 0.00197402876801789 0.00193806330207735 0.00188949343282729 0.00185944489203393 0.0018322728574276 0.00182844803202897 0.00182512099854648 0.00182387698441744 0.00182216253597289 0.0018194547155872 0.00180597184225917 0.00177931960206479 0.0017694088164717 0.00177169207017869 0.00177582690957934 0.00178072857670486 0.00178691314067692 0.00179334974382073 0.00179219688288867 0.0017911740578711 0.00179416802711785 0.00179533672053367 0.00179008801933378 0.00178363814484328 0.0017749578692019 0.00176661810837686
0.0018066264456138 0.00179855478927493 0.00178333022631705 0.00176425429526716 0.00174200441688299 0.00171885197050869 0.00170915573835373 0.00170078256633133 0.00169094395823777 0.00167930696625262 0.00165852159261703 0.0016416214639321 0.0016341027803719 0.00164703815244138 0.00168805418070406 0.0017316706944257 0.00177741493098438 0.00182647223118693 0.0018770988099277 0.00185311678797007 0.00181130832061172 0.00176965841092169 0.00173068686854094 0.00173053820617497 0.00173157488461584 0.0017375722527504 0.00174402073025703 0.00175142136868089 0.00174563168548048 0.0017237204592675 0.0017173868836835 0.00172239961102605 0.00173068756703287 0.00174033164512366 0.00174775312189013 0.00175473757553846 0.00175654864870012 0.00175869604572654 0.00176599947735667 0.00177035760134459 0.00176436011679471 0.00175711256451905 0.00174754357431084 0.00174042501021177
0.00185197393875569 0.00183920655399561 0.00182269222568721 0.00180416030343622 0.00178507901728153 0.00176584150176495 0.00175473943818361 0.00174454774241894 0.0017364548984915 0.00172595668118447 0.00170322344638407 0.00167998264078051 0.00165551644749939 0.0016486702952534 0.00166601408272982 0.00168663950171322 0.00170995004009455 0.00174458790570498 0.00178459123708308 0.0017553735524416 0.00170961662661284 0.00166573864407837 0.00162505905609578 0.00162905280012637 0.00163516937755048 0.00165017053950578 0.0016659707762301 0.00168345798738301 0.00168389780446887 0.00166350218933076 0.00165894685778767 0.00166592933237553 0.00167544279247522 0.00168600433971733 0.00169623421970755 0.00170639902353287 0.00171136180870235 0.00171664799563587 0.00172697613015771 0.00173315976280719 0.00172477157320827 0.00171576417051256 0.00170560658443719 0.00170016021002084
0.00189874297939241 0.00188590353354812 0.00187076290603727 0.0018543831538409 0.00183652993291616 0.00181825761683285 0.00180488754995167 0.00179222016595304 0.00178497657179832 0.00177540141157806 0.0017539655091241 0.00172655319329351 0.00168471003416926 0.0016572232125327 0.00164944550488144 0.00164782232604921 0.00165123457554728 0.00167235475964844 0.00170186266768724 0.00166737381368876 0.00161759403999895 0.0015727550489828 0.00153153436258435 0.00153803650755435 0.00154739979188889 0.0015687377890572 0.00158978125546128 0.00161020341329277 0.00161385769024491 0.00159701821394265 0.00159430527128279 0.00160188192967325 0.00161249574739486 0.00162436743266881 0.00163775379769504 0.00165143783669919 0.00165952881798148 0.00166805298067629 0.00168283365201205 0.00169240788090974 0.00168367626611143 0.00167418958153576 0.00166330032516271 0.00165818852838129
0.00194730027578771 0.00194020592607558 0.00192979001440108 0.00191758561413735 0.00189851911272854 0.00187750102486461 0.00186077819671482 0.00184480799362063 0.00183728628326207 0.00182836246676743 0.0018123066984117 0.00178345164749771 0.00172369147185236 0.00167448294814676 0.00163976044859737 0.00161682267207652 0.00160352687817067 0.00161226361524314 0.00163143663667142 0.001591632142663 0.0015377359231934 0.00149353011511266 0.0014532363275066 0.00146019132807851 0.00147049513179809 0.00149481440894306 0.00151593238115311 0.00153029221110046 0.00153336767107248 0.00152265140786767 0.00152186141349375 0.00152830162551254 0.00153985864017159 0.00155353453010321 0.00157051498536021 0.001588145038113 0.00159933452960104 0.00161122134886682 0.00163225072901696 0.00164718448650092 0.00164068525191396 0.00163233047351241 0.00162052968516946 0.00161406956613064
0.00197425181977451 0.00197096914052963 0.00196344591677189 0.00195363932289183 0.00193427421618253 0.00191219081170857 0.00189203175250441 0.00187244138214737 0.00186288473196328 0.00185314565896988 0.00184247898869216 0.00181526364758611 0.00174808979500085 0.00168512924574316 0.00162795279175043 0.00158973992802203 0.00156704254914075 0.00156659563072026 0.00157668825704604 0.00153508491348475 0.00148112967144698 0.001436767866835 0.00139617000240833 0.00140076549723744 0.001409069634974 0.00143289449624717 0.00145317369606346 0.00146596773993224 0.00147159944754094 0.00146847707219422 0.00147208478301764 0.00148059474304318 0.00149578973650932 0.00151375320274383 0.00153726409189403 0.00156186532694846 0.00157798244617879 0.00159475731197745 0.00162102677859366 0.00164078257512301 0.00163763598538935 0.00163147528655827 0.00161971698980778 0.00161138654220849
0.00198499858379364 0.00198407797142863 0.00197807350195944 0.00196933140978217 0.00195035373326391 0.00192846509162337 0.00190480740275234 0.00188135891221464 0.00186844961717725 0.00185679504647851 0.00185152422636747 0.00182826037053019 0.00176155078224838 0.00169081543572247 0.00161455327179283 0.00156559492461383 0.0015389759792015 0.00153174519073218 0.00153369829058647 0.00149293371941894 0.00144196266774088 0.00139685266185552 0.00135502766352147 0.00135515443980694 0.00135925353970379 0.00137997721321881 0.00139873276930302 0.00141333369538188 0.00142387277446687 0.00142944732215255 0.00143930886406451 0.00145229313056916 0.00147314730565995 0.00149726076051593 0.00152950419578701 0.00156334578059614 0.00158576248213649 0.0016085694078356 0.00163932226132601 0.00166349718347192 0.00166454340796918 0.00166137341875583 0.00165037310216576 0.00163978105410933
0.00198769033886492 0.00198877556249499 0.00198599044233561 0.00198112148791552 0.00196564337238669 0.00194714812096208 0.00192144024185836 0.00189517356920987 0.00187375454697758 0.00185379490721971 0.00184125837404281 0.00181469810195267 0.00175427598878741 0.0016832920955494 0.00159780844114721 0.00154218508396298 0.0015109924133867 0.00149576121475548 0.00148809037636966 0.00145316356793046 0.00141172425355762 0.00137246516533196 0.00133578816894442 0.0013345128390938 0.0013370324159041 0.00135543395299464 0.00137342570815235 0.00139055214822292 0.00140648370143026 0.00142095482442528 0.00143772060982883 0.00145615777000785 0.00148228509351611 0.00151159707456827 0.00155188876669854 0.00159433879889548 0.00162220012862235 0.00164962140843272 0.00167802313808352 0.00170031934976578 0.00170114811044186 0.0016983252717182 0.00168872100766748 0.00167832965962589
0.00198692944832146 0.00198986800387502 0.001991031691432 0.00199123937636614 0.00198059459216893 0.00196686340495944 0.00193972617853433 0.00191108696162701 0.00187894818373024 0.00184794468805194 0.0018227162072435 0.00178975309245288 0.0017381141660735 0.0016701074782759 0.00157962995581329 0.00151909014675766 0.00148304458707571 0.00145929132122546 0.00144136056769639 0.00141441368032247 0.00138531252741814 0.00135473255068064 0.00132593582384288 0.00132457271683961 0.00132663792464882 0.0013430513208732 0.00136060477234423 0.00138056476134807 0.00140209670644253 0.00142554985359311 0.0014494985807687 0.00147380819544196 0.00150504312478006 0.00153914582915604 0.00158719252794981 0.00163798034191132 0.0016709198243916 0.00170234800316393 0.00172546925023198 0.00174318766221404 0.00174190883990377 0.0017383003141731 0.00173036532942206 0.00172123010270298
0.00199275487102568 0.00200128927826881 0.0020114139188081 0.00202239491045475 0.00202554673887789 0.00202647177502513 0.00200207391753793 0.00197423249483109 0.00192340323701501 0.00187382497824728 0.00183061102870852 0.00178367260377854 0.00172774109523743 0.00165772717446089 0.00156838016118854 0.00150661240331829 0.00146740942727774 0.00143834378104657 0.00141408015042543 0.00139198254328221 0.00137040240224451 0.00135041971225291 0.00133204506710172 0.00133547827135772 0.00134152837563306 0.00135853060055524 0.00137804704718292 0.00140287145040929 0.00143123511224985 0.00146392418537289 0.00149642489850521 0.00152878824155778 0.00156361144036055 0.0015994532732293 0.00164523592684418 0.00169297272805125 0.00171620049513876 0.00173780252225697 0.00175238936208189 0.00176243914756924 0.00175653642509133 0.00174917955882847 0.00173912243917584 0.00172918091993779
0.00199994281865656 0.00201484747231007 0.00203497032634914 0.00205790321342647 0.00207670591771603 0.00209433399140835 0.00207353825680912 0.00204715062864125 0.00197598151862621 0.00190627027768642 0.00184397562406957 0.00178149505518377 0.001718565588817 0.00164551334455609 0.00155856390483677 0.00149633141700178 0.00145432178396732 0.00142060802318156 0.00139082386158407 0.00137292768340558 0.00135787203907967 0.00134888349566609 0.00134145678021014 0.00135069701354951 0.0013616505311802 0.00137977441772819 0.00140175083652139 0.00143185979686677 0.00146730977576226 0.00150928751099855 0.00155062333215028 0.00159149174578488 0.00162958889268339 0.00166653853375465 0.00170798413455486 0.00175031356047839 0.00176076975185424 0.00176968355663121 0.00177506264299154 0.0017768043326214 0.00176575698424131 0.00175403885077685 0.00174107518978417 0.00172990059945732
0.00199331366457045 0.00200980319641531 0.0020356138702482 0.00206644320860505 0.00210274080745876 0.00214059324935079 0.00212748791091144 0.00210674223490059 0.00202053971588612 0.0019376443233341 0.00187157245818526 0.00180319789797068 0.00172926334198564 0.00165059661958367 0.00156543322373182 0.00150428747292608 0.00146279239561409 0.00142394215799868 0.00138634478207678 0.00136565498542041 0.0013490051496774 0.00135011458769441 0.00135326862800866 0.00136842369101942 0.00138573325239122 0.00141205952968448 0.00144347688183188 0.00148564181290567 0.00152986671309918 0.00157660944387317 0.00162076135165989 0.00166302628349513 0.00169762561563402 0.0017290503019467 0.00174894335214049 0.00176656967960298 0.00175267562735826 0.00173769134562463 0.00172345922328532 0.00170852930750698 0.00169114570599049 0.00167518621310592 0.00166187132708728 0.0016538689378649
