Ecospace-environmental-drivers/Outputs/ASCII-for-ecospace/MOM6-ISIMIP3a/phyc/2008-05_phyc_MOM6-ISIMIP3a.asc
NCOLS 131 
NROWS 53 
XLLCORNER -98 
YLLCORNER 23.9265270233154 
CELLSIZE 0.133587792515755 
NODATA_value -9999 
[rows 19 to 37 of 53, columns 44 to 87 of 131]
0.00253328215330839 0.00254661752842367 0.00262578809633851 0.00274040806107223 0.00288565643131733 0.00303961546160281 0.00317427702248096 0.00330302095972002 0.00332533288747072 0.00334569066762924 0.00335610960610211 0.00337996101006866 0.0034362468868494 0.00352944154292345 0.00367330759763718 0.00383909628726542 0.00402282178401947 0.00418484816327691 0.00433659693226218 0.00473466608673334 0.00519158970564604 0.00626276060938835 0.00735345249995589 0.00811408832669258 0.00874807219952345 0.00885200314223766 0.00887172110378742 0.00871365796774626 0.00858354475349188 0.00848759524524212 0.0083737438544631 0.00824685394763947 0.00808262918144464 0.00790294166654348 0.00737696886062622 0.00678292475640774 0.00587890017777681 0.00500028859823942 0.00448207324370742 0.00399933243170381 0.00364132318645716 0.00332042528316379 0.00306844711303711 0.00287069194018841
0.0022958773188293 0.00223301840014756 0.00219910289160907 0.00218077166937292 0.00219496106728911 0.00221839896403253 0.00224455981515348 0.00226950645446777 0.00225415150634944 0.00224203709512949 0.00224640872329473 0.0022668254096061 0.00232598488219082 0.00241689872927964 0.00255140755325556 0.00270352582447231 0.00287005165591836 0.00301947607658803 0.00316080008633435 0.0034754672087729 0.0038315518759191 0.00481946533545852 0.00584626942873001 0.00680735893547535 0.00761227495968342 0.00776358786970377 0.00778962997719646 0.0075512146577239 0.00743152014911175 0.00745692756026983 0.00743323704227805 0.0073737851344049 0.00720505369827151 0.00699106650426984 0.00649845087900758 0.00595106324180961 0.00519947055727243 0.00447702407836914 0.00411317404359579 0.00376954721286893 0.00349702383391559 0.00324142375029624 0.00301725254394114 0.00283443392254412
0.00222614803351462 0.0021155490539968 0.00200755964033306 0.00190097535960376 0.00181411032099277 0.00173285347409546 0.00166250288020819 0.00159333681222051 0.0015260127838701 0.00146468181628734 0.00143383594695479 0.00141650042496622 0.00143178727012128 0.00147366686724126 0.00155205477494746 0.001659847330302 0.00179169804323465 0.00191876175813377 0.00204355781897902 0.00225200690329075 0.00248044333420694 0.0033146315254271 0.00420730421319604 0.00534551218152046 0.00630112737417221 0.00649257423356175 0.00651601701974869 0.00618478981778026 0.00607861950993538 0.00624751625582576 0.00633444264531136 0.00636166241019964 0.00619261059910059 0.00594227621331811 0.00550085632130504 0.00502187432721257 0.00445920927450061 0.00392744550481439 0.00372782349586487 0.00353138311766088 0.00334613025188446 0.00315695605240762 0.00296049914322793 0.0027925840113312
0.00209075515158474 0.00197649491019547 0.00186487217433751 0.00175466935615987 0.00165984698105603 0.00156939891166985 0.00149352161679417 0.00141943944618106 0.00135355221573263 0.00129256607033312 0.00125651096459478 0.00123094266746193 0.00123069540131837 0.00124750263057649 0.00128772330936044 0.00134861574042588 0.00142642098944634 0.00150273297913373 0.00157833774574101 0.0016935410676524 0.00181820581201464 0.00231647794134915 0.00286147301085293 0.00371294398792088 0.0044399369508028 0.004645976703614 0.00471328292042017 0.00448771193623543 0.00443355040624738 0.00458888709545135 0.00471829855814576 0.00482882698997855 0.00478650210425258 0.00468087522312999 0.00442822044715285 0.00414666347205639 0.00377076747827232 0.00342083349823952 0.00335864489898086 0.0032898117788136 0.00319761480204761 0.00308061949908733 0.00291757029481232 0.00277003040537238
0.00193670915905386 0.00182275869883597 0.00171405589208007 0.00160817871801555 0.00151474238373339 0.00142484426032752 0.00135263765696436 0.00128266750834882 0.00122418534010649 0.00116927304770797 0.00113251945003867 0.00110303563997149 0.00109110551420599 0.00108653027564287 0.00109205232001841 0.00110812648199499 0.00113283412065357 0.00115848239511251 0.00118457630742341 0.00121198734268546 0.00123971316497773 0.00140298495534807 0.00159865838941187 0.00213039945811033 0.00260065053589642 0.00281355902552605 0.00292351096868515 0.00281611294485629 0.00281484401784837 0.00294328690506518 0.0031054625287652 0.00329220877029002 0.00338084949180484 0.00342886126600206 0.00336989969946444 0.00328990980051458 0.00309574836865067 0.00292205717414618 0.00298964139074087 0.00304270186461508 0.00304469629190862 0.00300153926946223 0.00287453131750226 0.0027492712251842
0.00155822292435914 0.00145414983853698 0.00136708980426192 0.00128919060807675 0.00123313954100013 0.00118330214172602 0.00115103623829782 0.00112092914059758 0.00110054458491504 0.00108332582749426 0.00108221150003374 0.00108258426189423 0.0010865475051105 0.00109106011223048 0.00109632674138993 0.00110520736780018 0.0011170448269695 0.00112951837945729 0.00114229309838265 0.00115543219726533 0.00116865825839341 0.00124331447295845 0.0013336039846763 0.00159001152496785 0.00182102713733912 0.00194577558431774 0.00201929570175707 0.00198466889560223 0.00200202455744147 0.00208291318267584 0.00220392248593271 0.00235415529459715 0.00248243496753275 0.00260162353515625 0.00264305435121059 0.00266920006833971 0.00257643824443221 0.00249804183840752 0.00260299420915544 0.00270852702669799 0.0028161013033241 0.00286686536855996 0.00281212688423693 0.00273362221196294
0.0012115768622607 0.00112407724373043 0.00106190878432244 0.00101338024251163 0.000992768094874918 0.000980095355771482 0.000983879435807467 0.000989616150036454 0.00100259354803711 0.00101831543724984 0.00104799855034798 0.00107361935079098 0.0010894313454628 0.0011002115206793 0.00110408349428326 0.00110644474625587 0.00110757013317198 0.00110969122033566 0.00111228402238339 0.00111425993964076 0.00111608835868537 0.00111827638465911 0.00112217466812581 0.00115060491953045 0.00118259899318218 0.00122950808145106 0.00126842269673944 0.00129046046640724 0.00132009689696133 0.00135902070906013 0.00144041760358959 0.00155275117140263 0.0017056519864127 0.00187535316217691 0.00199670298025012 0.00210854830220342 0.00210258364677429 0.00210540182888508 0.00223663356155157 0.00238110194914043 0.00257211085408926 0.00270265876315534 0.00272092409431934 0.00269436091184616
0.0010045412927866 0.000962974736467004 0.000939943362027407 0.000926892389543355 0.000933184812311083 0.000944978499319404 0.000967752013821155 0.000991709413938224 0.00101728527806699 0.00104510760866106 0.00108435773290694 0.00111501978244632 0.00112494546920061 0.0011296272277832 0.00112710986286402 0.00112590799108148 0.00112578237894922 0.00112992653157562 0.00113609305117279 0.00114053720608354 0.0011445697164163 0.00114509207196534 0.00114587577991188 0.00115397328045219 0.00116327172145247 0.00117759546265006 0.00118991208728403 0.00119799131061882 0.0012120942119509 0.00123355921823531 0.00128215667791665 0.00135051703546196 0.00146218866575509 0.00159179698675871 0.001703295041807 0.00181123311631382 0.00182803848292679 0.00185033341404051 0.00195922469720244 0.00208327313885093 0.00226061535067856 0.0024089589715004 0.00250344863161445 0.00255156541243196
0.000855989695992321 0.000847755349241197 0.000853765988722444 0.000867446942720562 0.000893917167559266 0.00092402461450547 0.000959330471232533 0.000995079171843827 0.00102841819170862 0.00106370646972209 0.00110891018994153 0.00114237889647484 0.0011475122300908 0.00114769965875894 0.00114109681453556 0.00113761192187667 0.00113667780533433 0.0011427904246375 0.00115224090404809 0.00115787179674953 0.00116259010974318 0.00116104574408382 0.0011588818160817 0.00115396094042808 0.00114861899055541 0.0011415146291256 0.00113639398477972 0.00113546091597527 0.00113964802585542 0.00115009339060634 0.0011763054644689 0.00121400190982968 0.00129088771063834 0.00138400332070887 0.00147906725760549 0.00157451420091093 0.0016047265380621 0.00163769326172769 0.00172116525936872 0.00182057730853558 0.00197603553533554 0.00212712259963155 0.00227009295485914 0.00237501016817987
0.000835041515529156 0.000832646095659584 0.000845672970172018 0.000867004040628672 0.000898975122254342 0.00093397224554792 0.000967721862252802 0.00100123404990882 0.0010317862033844 0.00106442836113274 0.00110770214814693 0.00113910180516541 0.00114182976540178 0.00114102219231427 0.00113536114804447 0.0011323862709105 0.00113160908222198 0.00113957142457366 0.00115167326293886 0.00115569506306201 0.00115778623148799 0.00115330028347671 0.00114855263382196 0.0011465719435364 0.00114416540600359 0.00113997654989362 0.00113740598317236 0.0011382520897314 0.00114478101022542 0.0011582556180656 0.00118480424862355 0.00122087576892227 0.00127703452017158 0.00134151207748801 0.00140578020364046 0.00147000723518431 0.00149319868069142 0.00151762505993247 0.00156896095722914 0.00163453677669168 0.00175018073059618 0.00187117059249431 0.00200208858586848 0.00212479615584016
0.000820344896055758 0.000820414337795228 0.000836089311633259 0.00086016725981608 0.00089327828027308 0.000928958295844495 0.000960440142080188 0.000991445383988321 0.0010211857734248 0.00105305761098862 0.00109577213879675 0.00112782826181501 0.00113414833322167 0.00113650574348867 0.00113342306576669 0.00113126891665161 0.00112987472675741 0.0011360899079591 0.00114590954035521 0.00114807428326458 0.00114841002505273 0.00114394072443247 0.00113952823448926 0.001140745007433 0.00114187656436116 0.00114265130832791 0.00114417099393904 0.00114726379979402 0.00115510274190456 0.00116874231025577 0.00119221489876509 0.00122284982353449 0.00126131856814027 0.00130303157493472 0.00134322873782367 0.00138312776107341 0.00140024395659566 0.00141756201628596 0.00144509447272867 0.00148368859663606 0.00156117579899728 0.00164980872068554 0.00175914051942527 0.00188474799506366
0.000813513295724988 0.00081180251436308 0.00082463031867519 0.000845286471303552 0.000874050951097161 0.000905121385585517 0.000933440402150154 0.000961598358117044 0.000993011868558824 0.00102647335734218 0.00107035273686051 0.00110649433918297 0.00112395221367478 0.0011347079416737 0.00113626266829669 0.00113532040268183 0.0011323350481689 0.00113227823749185 0.00113360863178968 0.00113360432442278 0.00113328127190471 0.0011325505329296 0.00113214529119432 0.00113688327837735 0.00114231102634221 0.00115062610711902 0.00115817377809435 0.00116410141345114 0.0011719522299245 0.00118215347174555 0.00119825685396791 0.00121865922119468 0.00124325894284993 0.00126959686167538 0.00129418319556862 0.0013184251729399 0.00133065599948168 0.00134266726672649 0.00135687924921513 0.00137711502611637 0.00141853070817888 0.0014719640603289 0.00154771516099572 0.00165748922154307
0.000809387071058154 0.000803333939984441 0.000811531092040241 0.000827401352580637 0.00085162982577458 0.000878235383424908 0.000904420216102153 0.000930855050683022 0.000965201528742909 0.0010019144974649 0.00105066527612507 0.0010929424315691 0.00111958826892078 0.00113772123586386 0.00114416715223342 0.00114528345875442 0.00114203919656575 0.00113914848770946 0.00113642530050129 0.00113628804683685 0.001136768842116 0.00113887060433626 0.00114139309152961 0.00114841770846397 0.00115635106340051 0.00116808759048581 0.00117825227789581 0.00118509877938777 0.00119219266343862 0.00119958899449557 0.00121014541946352 0.00122300360817462 0.00123533443547785 0.00124744675122201 0.00125971913803369 0.00127202295698225 0.00127953698392957 0.00128681433852762 0.00129351345822215 0.00130320468451828 0.0013234163634479 0.0013520261272788 0.00139623216819018 0.00148095563054085
0.000807289790827781 0.000794972758740187 0.000797201704699546 0.000807263015303761 0.00082681339699775 0.00084906246047467 0.000873884651809931 0.00089943956118077 0.000937664008233696 0.000978874857537448 0.00103527668397874 0.0010852268896997 0.00111959839705378 0.00114434282295406 0.00115587038453668 0.00115968042518944 0.00115717633161694 0.00115403032395989 0.00115058035589755 0.00115183729212731 0.0011542186839506 0.00115847343113273 0.00116311421152204 0.00117149949073792 0.0011805952526629 0.00119266426190734 0.00120288785547018 0.00120921584311873 0.00121497618965805 0.00122004293370992 0.00122641923371702 0.00123374932445586 0.00123501126654446 0.00123376015108079 0.0012361912522465 0.00123934622388333 0.00124226987827569 0.00124524312559515 0.00124878506176174 0.00125379208475351 0.00126395036932081 0.00127551890909672 0.00128970667719841 0.00134246645029634
0.000814042810816318 0.000794629682786763 0.000790612888522446 0.000794886378571391 0.000808854179922491 0.000825578987132758 0.000847822579089552 0.000871265539899468 0.000911840121261775 0.00095580070046708 0.00101698550861329 0.00107276567723602 0.00111549568828195 0.00114768976345658 0.00116541946772486 0.00117393827531487 0.00117492116987705 0.00117379857692868 0.00117167865391821 0.00117449217941612 0.00117848441004753 0.00118286942597479 0.00118741171900183 0.00119384948629886 0.00120131159201264 0.00121306104119867 0.00122263340745121 0.00122760981321335 0.00123158912174404 0.00123434979468584 0.0012367672752589 0.00123893492855132 0.00123453920241445 0.0012274255277589 0.00122488848865032 0.0012232509907335 0.00122314295731485 0.00122323411051184 0.00122471700888127 0.00122726161498576 0.00123353919479996 0.00123840558808297 0.00124065123964101 0.00127159722615033
0.00082458887482062 0.000797722896095365 0.000787341443356127 0.000785836193244904 0.000793833751231432 0.000804533949121833 0.000823677633889019 0.000844480760861188 0.0008867506403476 0.0009327118168585 0.000997450319118798 0.00105827068910003 0.0011096301022917 0.00114963320083916 0.00117404526099563 0.00118813663721085 0.00119378371164203 0.00119566102512181 0.00119575252756476 0.0012001923751086 0.00120567111298442 0.0012093196855858 0.00121281365863979 0.00121588574256748 0.0012205159291625 0.00123166630510241 0.00124028313439339 0.0012435510288924 0.00124555744696409 0.00124602217692882 0.00124457583297044 0.00124173739459366 0.00123400334268808 0.00122424180153757 0.00121882499661297 0.00121426209807396 0.00121179060079157 0.00120960897766054 0.00120950338896364 0.00121053785551339 0.00121558038517833 0.00121817574836314 0.00121622637379915 0.00122970843221992
0.000846755574457347 0.00081371667329222 0.000797064625658095 0.000789236160926521 0.00079107831697911 0.000795670785009861 0.000809375080280006 0.000824845803435892 0.000862826476804912 0.000905161432456225 0.000969645800068974 0.00103280984330922 0.00109278585296124 0.00114184385165572 0.0011759129120037 0.00119703006930649 0.00120755052193999 0.00121121190022677 0.001211624359712 0.00121582415886223 0.00122092897072434 0.00122384587302804 0.00122633867431432 0.00122484704479575 0.00122532702516764 0.00123405875638127 0.00124033028259873 0.00124140852130949 0.00124129967298359 0.00123973994050175 0.00123609602451324 0.00123093381989747 0.00122169277165085 0.0012107624206692 0.00120408041402698 0.00119823357090354 0.0011953100329265 0.00119278708007187 0.00119312014430761 0.00119468313641846 0.00120057060848922 0.00120495690498501 0.00120655540376902 0.00121503137052059
0.000871326599735767 0.000832379620987922 0.000809476419817656 0.000795212108641863 0.000790860503911972 0.000789328070823103 0.000797108805272728 0.00080669007729739 0.000839143409393728 0.000876687932759523 0.000940130383241922 0.00100508029572666 0.00107367010787129 0.00113204086665064 0.0011763822985813 0.00120482605416328 0.00122026284225285 0.0012254569446668 0.0012257993221283 0.00122937292326242 0.00123371870722622 0.0012359048705548 0.00123740639537573 0.00123110308777541 0.00122716021724045 0.00123309658374637 0.00123673561029136 0.0012355245416984 0.00123327085748315 0.00122974300757051 0.0012242462253198 0.00121731520630419 0.00120694597717375 0.00119515275582671 0.00118753977585584 0.0011807483388111 0.0011777684558183 0.0011753038270399 0.00117649487219751 0.00117900816258043 0.0011861709645018 0.00119318871293217 0.00119993719272316 0.0012059846194461
0.000898380938451737 0.000860056490637362 0.000833074329420924 0.000812199548818171 0.000801959598902613 0.00079474423546344 0.000797241751570255 0.000801435904577374 0.000824594171717763 0.000852929661050439 0.000907601148355752 0.00096685899188742 0.0010371912503615 0.00110161607153714 0.00115793058648705 0.00119652494322509 0.00122062105219811 0.00123023416381329 0.00123298692051321 0.00123400881420821 0.00123461720068008 0.00123439182061702 0.00123374979011714 0.00122787442523986 0.00122395495418459 0.00122822099365294 0.0012304651318118 0.00122844113502651 0.00122505566105247 0.00122000637929887 0.00121243670582771 0.00120303127914667 0.00119055842515081 0.00117681513074785 0.00116774754133075 0.0011595991672948 0.00115545664448291 0.00115197768900543 0.00115353125147521 0.00115648948121816 0.00116438698023558 0.00117363221943378 0.00118538050446659 0.00119467277545482
