Ecospace-environmental-drivers/Outputs/ASCII-for-ecospace/MOM6-ISIMIP3a/phyc/2008-04_phyc_MOM6-ISIMIP3a.asc
NCOLS 131 
NROWS 53 
XLLCORNER -98 
YLLCORNER 23.9265270233154 
CELLSIZE 0.133587792515755 
NODATA_value -9999 
[rows 19 to 37 of 53, columns 0 to 43 of 131]
-9999 -9999 -9999 -9999 -9999 -9999 -9999 -9999 0.00700115086510777 0.00745081901550293 0.00747940549626946 0.00752848479896784 0.00791883375495672 0.00846818648278713 0.00842725858092308 0.00833910796791315 0.0083863353356719 0.00852653291076422 0.00841382797807455 0.008203468285501 0.00771718518808484 0.00718220975250006 0.00691544450819492 0.00666866777464747 0.0065395194105804 0.00640334328636527 0.00624438095837831 0.00606613652780652 0.00585424387827516 0.00567930983379483 0.00554240588098764 0.00540830846875906 0.00527592096477747 0.0051841945387423 0.0051060221157968 0.00504353037104011 0.00498286494985223 0.00487486086785793 0.00474965246394277 0.00451488001272082 0.00427180901169777 0.00400563748553395 0.0037500225007534 0.00351072242483497
-9999 -9999 -9999 -9999 -9999 -9999 -9999 -9999 0.00657036248594522 0.00698227109387517 0.00745081901550293 0.00745891267433763 0.00752848479896784 0.00775982905179262 0.00783197022974491 0.00772041548043489 0.00768053811043501 0.00768988486379385 0.00747084524482489 0.00716361682862043 0.00675827171653509 0.00633561192080379 0.00601125136017799 0.00569780031219125 0.0054573267698288 0.00521905394271016 0.00498791644349694 0.00475588673725724 0.00452229892835021 0.00433702161535621 0.00420145411044359 0.00407814746722579 0.00396230956539512 0.00388202699832618 0.00381359620951116 0.0037759228143841 0.00374233326874673 0.00368550326675177 0.00361550785601139 0.00346166989766061 0.0032954141497612 0.00309458933770657 0.00288592022843659 0.00266512855887413
-9999 -9999 -9999 -9999 -9999 -9999 0.00572890555486083 0.0058362209238112 0.00611883727833629 0.00657036248594522 0.00692563224583864 0.00745081901550293 0.0073974346742034 0.00723841786384583 0.00708785513415933 0.00694704614579678 0.00679828785359859 0.00664407014846802 0.00637548696249723 0.00606274325400591 0.00575956190004945 0.0054580676369369 0.00508184777572751 0.00470759114250541 0.00436333194375038 0.00402865232899785 0.00372503232210875 0.00344441365450621 0.00320393475703895 0.00302073918282986 0.00289648748002946 0.00279164640232921 0.0026986300945282 0.00262986146844923 0.00256917532533407 0.00254510948434472 0.00252615218050778 0.00251372903585434 0.00249505438841879 0.00243656849488616 0.00236576399765909 0.00226066703908145 0.00213675550185144 0.00198376737535
-9999 -9999 -9999 -9999 -9999 -9999 0.00571118388324976 0.00572890555486083 0.00594353675842285 0.00623254477977753 0.00657036248594522 0.00675571570172906 0.0068251951597631 0.00666539277881384 0.00649267667904496 0.00630506128072739 0.00611617881804705 0.0059264269657433 0.00563217187300324 0.00529756443575025 0.0050044166855514 0.00471858540549874 0.00440142443403602 0.0040861526504159 0.0037923448253423 0.00350178661756217 0.00322176632471383 0.00296878488734365 0.00276298844255507 0.00260003469884396 0.00248116510920227 0.00238587707281113 0.00230495491996408 0.00224779965355992 0.00219856691546738 0.00216710311360657 0.00213811313733459 0.00211158511228859 0.0020825220271945 0.00203731702640653 0.00198706961236894 0.00192278472241014 0.00184678623918444 0.001752684940584
-9999 -9999 -9999 -9999 0.00597981456667185 0.00577844865620136 0.00569517770782113 0.00570946838706732 0.00572890555486083 0.00615816749632359 0.00647274358198047 0.0063483496196568 0.00621992209926248 0.00608351407572627 0.00590034388005733 0.00566321844235063 0.00544037157669663 0.00522733107209206 0.00491446536034346 0.0045630531385541 0.00427740393206477 0.00400335993617773 0.00375381810590625 0.00350680854171515 0.00327643007040024 0.00304228044115007 0.00279590371064842 0.00257809273898602 0.00241013127379119 0.00226864614523947 0.00215440429747105 0.00206737848930061 0.00199693231843412 0.00195026607252657 0.00191152631305158 0.00187083042692393 0.00182983849663287 0.00178526865784079 0.00174154329579324 0.00170319492463022 0.00166717742104083 0.00163764855824411 0.0016045494703576 0.0015659328782931
-9999 -9999 -9999 -9999 0.00644501252099872 0.00600061938166618 0.00586171960458159 0.00569517770782113 0.00570432189851999 0.00582070369273424 0.00588936125859618 0.00577534874901175 0.00562960281968117 0.00542106432840228 0.00516590056940913 0.00485693849623203 0.00461448822170496 0.00441771419718862 0.00417245412245393 0.00390847167000175 0.00370542891323566 0.00351314013823867 0.00333167565986514 0.00315394694916904 0.00300537375733256 0.0028519940096885 0.00268303020857275 0.00252793915569782 0.00239705736748874 0.00227423594333231 0.00215970841236413 0.0020709540694952 0.00199790066108108 0.00194303900934756 0.00189424143172801 0.00184071075636894 0.0017865322297439 0.00173323322087526 0.00168264622334391 0.00164933083578944 0.00161821336951107 0.00159321469254792 0.00156705570407212 0.00153910357039422
-9999 -9999 -9999 -9999 -9999 0.00644501252099872 0.00600056862458587 0.00602826150134206 0.00561277754604816 0.00546937994658947 0.00533084152266383 0.00521090207621455 0.00503759412094951 0.00475868582725525 0.00443914020434022 0.00407270574942231 0.00381461507640779 0.00363092916086316 0.00344989099539816 0.00326987565495074 0.00314721302129328 0.00303467130288482 0.00292067439295352 0.00281130173243582 0.00274073029868305 0.00266431807540357 0.002568966941908 0.00247378484345973 0.0023788979742676 0.002276293002069 0.00216574617661536 0.00207778671756387 0.00200358754955232 0.00194150814786553 0.00188346882350743 0.0018166801892221 0.00174873182550073 0.00168766977731138 0.00163100543431938 0.00160234654322267 0.00157595484051853 0.00155587424524128 0.00153556652367115 0.00151490780990571
-9999 -9999 -9999 -9999 -9999 0.0066259759478271 0.00644501252099872 0.00583382230252028 0.00522762956097722 0.00505728274583817 0.00488133728504181 0.0046839602291584 0.00443817861378193 0.00409661838784814 0.00374606717377901 0.00338514242321253 0.00312879076227546 0.00294425361789763 0.00281260232441127 0.00270137190818787 0.00264932704158127 0.00260772672481835 0.00255852332338691 0.00251345266588032 0.00250420649535954 0.00248808786273003 0.00244968617334962 0.00240208767354488 0.00233844039030373 0.00226285960525274 0.00217500026337802 0.00209890049882233 0.00202996446751058 0.0019649532623589 0.0019012502161786 0.00181934819556773 0.00173507258296013 0.00167048454750329 0.00161118060350418 0.00158552837092429 0.00156309781596065 0.00154963613022119 0.0015304054832086 0.00150225916877389
-9999 -9999 0.00704618263989687 0.00699133472517133 0.00692703947424889 0.00680715404450893 0.00662576174363494 0.00584013992920518 0.00506768701598048 0.00482260948047042 0.00456244964152575 0.00424456130713224 0.00389932654798031 0.00349998264573514 0.00312718888744712 0.00278503005392849 0.00254273437894881 0.00236901920288801 0.00227827555499971 0.00221957033500075 0.00221935147419572 0.00222945376299322 0.00223110266961157 0.00223674695007503 0.00227722735144198 0.00231047184206545 0.00232025561854243 0.00231338106095791 0.00227743620052934 0.00222729658707976 0.00216255080886185 0.00209906580857933 0.00203634914942086 0.00196740310639143 0.00189638079609722 0.00180575076956302 0.00171263562515378 0.00165076041594148 0.00159437512047589 0.00157295097596943 0.00155490590259433 0.00154626695439219 0.00152724888175726 0.0014921905240044
-9999.000000000000000 -9999 -9999 -9999 0.00723981019109488 0.00704692443832755 0.00715742632746696 0.00628447951748967 0.00539910979568958 0.00497504835948348 0.00452854949980974 0.00399616733193398 0.00349261565133929 0.00304611050523818 0.00267019285820425 0.00237572216428816 0.00217435718514025 0.00203693215735257 0.00196859706193209 0.00192693993449211 0.00193754630163312 0.00195737555623055 0.0019794583786279 0.0020061731338501 0.0020710735116154 0.00212983251549304 0.00216867960989475 0.00218756147660315 0.00217160256579518 0.0021434489171952 0.00210274709388614 0.00205352553166449 0.00199911347590387 0.00192404468543828 0.00184209039434791 0.00175666436553001 0.00167104683350772 0.00162549712695181 0.00158415723126382 0.00156962673645467 0.00155689229723066 0.00154915731400251 0.00152846577111632 0.00148775079287589
-9999 -9999 -9999 -9999 0.00767350103706121 0.00786535255610943 0.00771962758153677 0.00680682016536593 0.00587289035320282 0.00516470614820719 0.00445122690871358 0.00371748139150441 0.00307983113452792 0.00263232667930424 0.00228788098320365 0.00206234934739769 0.00191167590674013 0.00181241112295538 0.00176247337367386 0.00173158245161176 0.00174284016247839 0.00176153576467186 0.00178905110806227 0.0018213321454823 0.00189171719830483 0.00195881794206798 0.00201526912860572 0.00205398816615343 0.00206176238134503 0.00205628154799342 0.00203716172836721 0.00200141058303416 0.00195552804507315 0.00188404018990695 0.00180401722900569 0.00172666716389358 0.00165000790730119 0.00161799916531891 0.00158883759286255 0.00157780747395009 0.00156689644791186 0.00155631697271019 0.00153187452815473 0.00148600793909281
-9999 -9999 -9999 -9999 0.00798678956925869 0.00810822565108538 0.00825817231088877 0.00742729241028428 0.00652576936408877 0.00540118804201484 0.00431927619501948 0.00340068503282964 0.00265940581448376 0.00226897746324539 0.00199952838011086 0.00186967046465725 0.00178196851629764 0.00172321707941592 0.00168663018848747 0.0016586019191891 0.00165771145839244 0.0016616100911051 0.00167568470351398 0.00169402686879039 0.00174607441294938 0.0017999114934355 0.00185955117922276 0.00191066006664187 0.00194688187912107 0.00196493789553642 0.0019643020350486 0.00194102467503399 0.00190395431127399 0.00184825516771525 0.00178634654730558 0.00172068586107343 0.00165482237935066 0.00163285166490823 0.00161226140335202 0.00160046212840825 0.00158698728773743 0.00156884780153632 0.0015380410477519 0.00148765812627971
-9999 -9999 -9999 -9999 0.00810822565108538 0.00828973669558764 0.00850281212478876 0.00769920507445931 0.00680749258026481 0.00537854433059692 0.00405146088451147 0.0031142714433372 0.00238531082868576 0.00206837616860867 0.0018591625848785 0.00177424238063395 0.001713857636787 0.00167032249737531 0.00163910316769034 0.00161263963673264 0.00160434865392745 0.00159926468040794 0.00160302431322634 0.00161084881983697 0.00165093445684761 0.00169613619800657 0.00175792654044926 0.00181800813879818 0.00187510740943253 0.00190626143012196 0.00191071815788746 0.0018911340739578 0.00185690459329635 0.00181583408266306 0.00177248334512115 0.00171755533665419 0.00166135630570352 0.00165087543427944 0.00163991691078991 0.00162591622211039 0.00160849618259817 0.00158155732788146 0.00154322478920221 0.00148728385102004
-9999 -9999 -9999 -9999 0.00830025784671307 0.00850281212478876 0.00768337119370699 0.00770969549193978 0.00681084534153342 0.00516155362129211 0.00368174514733255 0.00285064545460045 0.00222096522338688 0.00198983727023005 0.00182978832162917 0.00175175338517874 0.00169194466434419 0.00164465280249715 0.00161281356122345 0.00158694118726999 0.0015748105943203 0.00156510493252426 0.0015608937246725 0.0015607668319717 0.0015936722047627 0.00163370964583009 0.00169687252491713 0.00176336371805519 0.00183566298801452 0.00187208538409323 0.00187159120105207 0.00184911512769759 0.00181324779987335 0.00178593583405018 0.0017614756943658 0.00171656312886626 0.00166917988099158 0.00167127791792154 0.0016707464819774 0.00165346986614168 0.00163106853142381 0.00159440084826201 0.00154767127241939 0.00148539140354842
-9999 -9999 -9999 -9999 0.00850281212478876 0.00746606988832355 0.00709185656160116 0.0068217720836401 0.00670359283685684 0.00497349444776773 0.00344974570907652 0.00271581672132015 0.00216076406650245 0.00195965822786093 0.00181411334779114 0.00173267722129822 0.00167094415519387 0.00162274192553014 0.00159229221753776 0.00156869750935584 0.00155505386646837 0.00154316623229533 0.00153857341501862 0.00153833057265729 0.00157300720456988 0.00161480135284364 0.00167967332527041 0.00174334738403559 0.00180493132211268 0.00182976387441158 0.00181677984073758 0.00179181830026209 0.00175955996382982 0.00173906807322055 0.00172249821480364 0.00168559944722801 0.00164624536409974 0.00165612145792693 0.0016631674952805 0.00165219127666205 0.00163373304530978 0.00159444729797542 0.00154375669080764 0.00147544092033058
-9999 -9999 -9999 -9999 -9999 0.0066549819894135 0.00658624013885856 0.00674410164356232 0.0065489374101162 0.0047978344373405 0.00327676837332547 0.00263618747703731 0.0021451972424984 0.00195020507089794 0.00180430966429412 0.00171506393235177 0.00165033468510956 0.00160244188737124 0.00157424306962639 0.0015536486171186 0.00153948925435543 0.00152646540664136 0.00152474315837026 0.00152774271555245 0.00156802707351744 0.00161454395856708 0.00168126926291734 0.00173817202448845 0.00177793379407376 0.00178395118564367 0.00175524654332548 0.00172797369305044 0.00170157302636653 0.00168492738157511 0.00167153333313763 0.00164179061539471 0.00161012855824083 0.00162572530098259 0.00163912761490792 0.00163855578284711 0.0016278657130897 0.0015890090726316 0.00153625884559005 0.00146203674376011
-9999 -9999 -9999 -9999 -9999 0.00618413649499416 0.00628684973344207 0.00619284668937325 0.00609610415995121 0.00450872629880905 0.00313363503664732 0.00257108733057976 0.00213152798824012 0.00193532824050635 0.00178825121838599 0.00169785390608013 0.00163349707145244 0.00158702349290252 0.00156224344391376 0.00154584005940706 0.00153329141903669 0.00152142299339175 0.0015235124155879 0.00152870512101799 0.0015572109259665 0.00159132701810449 0.00164363428484648 0.00167923385743052 0.00168567697983235 0.00167463638354093 0.0016456056619063 0.00162246450781822 0.00160291139036417 0.00159339979290962 0.00158723536878824 0.00157465715892613 0.00156147684901953 0.00158782885409892 0.00161191285587847 0.00162155332509428 0.0016178204677999 0.00157685927115381 0.00152053055353463 0.00144045217894018
-9999 -9999 -9999 -9999 -9999 0.00562703283503652 0.00567931914702058 0.00592360086739063 0.00558157823979855 0.00419614603742957 0.00299667660146952 0.00250899302773178 0.0021182510536164 0.00191932916641235 0.00177089858334512 0.00168072734959424 0.00161744002252817 0.00157261500135064 0.00155149539932609 0.00153952930122614 0.0015290315495804 0.00151879282202572 0.0015248884446919 0.00153205718379468 0.00154518720228225 0.00156335975043476 0.00159788236487657 0.00160917197354138 0.00157991785090417 0.0015521829482168 0.00152601127047092 0.00150833500083536 0.00149583409074694 0.00149413687177002 0.0014960408443585 0.00150269770529121 0.00151023163925856 0.00154838059097528 0.00158404116518795 0.00160385435447097 0.00160691095516086 0.00156332075130194 0.00150309922173619 0.0014171750517562
-9999 -9999 -9999 -9999 -9999 -9999 0.00491493009030819 0.00492151034995914 0.00482954690232873 0.00376494857482612 0.00283568003214896 0.00242439610883594 0.00208743498660624 0.00189753761515021 0.00175450718961656 0.00166555412579328 0.00160492374561727 0.00156374392099679 0.00154916173778474 0.0015448498306796 0.00153330725152045 0.00152048876043409 0.00152704725041986 0.00153163867071271 0.00151630351319909 0.00150438502896577 0.00150354474317282 0.0014937132364139 0.00146819127257913 0.00144952512346208 0.0014379135100171 0.00143373711034656 0.00143409019801766 0.00144369504414499 0.00145638361573219 0.00147293112240732 0.00149013393092901 0.00152430462185293 0.00155604816973209 0.00157233385834843 0.00157541513908654 0.00154173851478845 0.00148770259693265 0.00140220276080072
