Ecospace-environmental-drivers/Outputs/ASCII-for-ecospace/MOM6-ISIMIP3a/phyc/2008-08_phyc_MOM6-ISIMIP3a.asc
NCOLS 131 
NROWS 53 
XLLCORNER -98 
YLLCORNER 23.9265270233154 
CELLSIZE 0.133587792515755 
NODATA_value -9999 
[rows 19 to 37 of 53, columns 0 to 42 of 131]
-9999 -9999 -9999 -9999 -9999 -9999 -9999 -9999 0.00789405219256878 0.00744363013654947 0.00736064650118351 0.00731471460312605 0.00714217452332377 0.00718109775334597 0.00666471011936665 0.00555249257013202 0.00489506591111422 0.00454996386542916 0.00438425596803427 0.00428781844675541 0.00399182736873627 0.00366062065586448 0.00346850976347923 0.00329120457172394 0.00321189663372934 0.00313609652221203 0.00307167088612914 0.00300542381592095 0.00293599860742688 0.00287021603435278 0.00280818180181086 0.00276062311604619 0.00272188265807927 0.00268172449432313 0.00264109368436038 0.00259859184734523 0.00255581503733993 0.0025107772089541 0.00246224459260702 0.00239145546220243 0.00232432270422578 0.00226736697368324 0.00222694175317883
-9999 -9999 -9999 -9999 -9999 -9999 -9999 -9999 0.00835034344345331 0.00788818206638098 0.00744363013654947 0.00732359476387501 0.00731471460312605 0.00693071167916059 0.00634550442919135 0.00552813848480582 0.00499135348945856 0.00464725587517023 0.00433875247836113 0.0040439935401082 0.00379556766711175 0.00355531787499785 0.00341260759159923 0.00327717233449221 0.00318456371314824 0.00309538445435464 0.00301732495427132 0.00293825543485582 0.0028574236202985 0.00277562998235226 0.00269284704700112 0.00262040831148624 0.00255427160300314 0.00249277707189322 0.00243282993324101 0.00237881275825202 0.00232562818564475 0.00227424898184836 0.00222055101767182 0.00215208530426025 0.00208316929638386 0.0020129990298301 0.00195022532716393
-9999 -9999 -9999 -9999 -9999 -9999 0.00925876013934612 0.00914665590971708 0.00883380975574255 0.00835034344345331 0.00787057355046272 0.00744363013654947 0.0072124395519495 0.0065237870439887 0.00594649510458112 0.00549769587814808 0.00511171389371157 0.00476887170225382 0.00445413216948509 0.00415024487301707 0.00390983698889613 0.00368063151836395 0.00352525408379734 0.00337428483180702 0.00324658001773059 0.00312541658058763 0.00302546285092831 0.0029285722412169 0.00283702695742249 0.0027408201713115 0.00263981684111059 0.00254402146674693 0.00245139887556434 0.00236781523562968 0.0022872444242239 0.00222145672887564 0.00215777033008635 0.0021021633874625 0.00204589683562517 0.00198542769066989 0.0019224404823035 0.00185244285967201 0.00178153242450207
-9999 -9999 -9999 -9999 -9999 -9999 0.00927394162863493 0.00925876013934612 0.00903455168008804 0.00869158282876015 0.00835034344345331 0.00781774614006281 0.00725950533524156 0.00665052328258753 0.00613528629764915 0.0057282168418169 0.00537431566044688 0.00505692837759852 0.00476399110630155 0.00448049465194345 0.00423447089269757 0.00399505952373147 0.00379327544942498 0.00359587068669498 0.0034280966501683 0.00327060441486537 0.00314645073376596 0.00303024076856673 0.00292789377272129 0.0028254899661988 0.0027230279520154 0.00262464652769268 0.00252875126898289 0.00244212849065661 0.00235859653912485 0.00228750333189964 0.00221818103455007 0.00215602549724281 0.00209375098347664 0.00203071697615087 0.0019667421001941 0.00190014718100429 0.00183263176586479
-9999 -9999 -9999 -9999 0.00932797230780125 0.00929625704884529 0.0092939930036664 0.00926907081156969 0.00925876013934612 0.00881034415215254 0.00834688544273376 0.00782584957778454 0.00730343163013458 0.00677827838808298 0.00631353398784995 0.00591849256306887 0.00558638386428356 0.00529749458655715 0.00503196241334081 0.00477544916793704 0.00452909711748362 0.00428453786298633 0.00404139421880245 0.00380260986275971 0.00359989702701569 0.00341062946245074 0.00326495757326484 0.00313153746537864 0.00301949819549918 0.00291225919499993 0.00280996039509773 0.00271099060773849 0.00261404947377741 0.0025260045658797 0.00244092498905957 0.00236493046395481 0.0022902307100594 0.00222095800563693 0.00215199450030923 0.00208500074222684 0.00201891385950148 0.00195535132661462 0.00189167936332524
-9999 -9999 -9999 -9999 0.00940590724349022 0.00931573286652565 0.00929852109402418 0.0092939930036664 0.00925445929169655 0.00875130854547024 0.00824639853090048 0.00773475458845496 0.00710597541183233 0.00624541798606515 0.00557165266945958 0.00511341542005539 0.00478402804583311 0.0045431274920702 0.00436187069863081 0.0042036441154778 0.0040615270845592 0.00392225245013833 0.00376386288553476 0.00360635435208678 0.00345967733301222 0.00331928580999374 0.00319927465170622 0.00308534572832286 0.00298203155398369 0.00288200308568776 0.00278535578399897 0.00269239628687501 0.00260168313980103 0.00251471670344472 0.00242899893783033 0.00234656315296888 0.0022645746357739 0.00218174699693918 0.0020992262288928 0.00201865751296282 0.00194068707060069 0.00186994986142963 0.00180288054980338
-9999 -9999 -9999 -9999 -9999 0.00940590724349022 0.00926451198756695 0.00930304918438196 0.00916119478642941 0.00862552411854267 0.00808333605527878 0.00751620437949896 0.00677017169073224 0.00567014468833804 0.0048454818315804 0.00433854479342699 0.00401429366320372 0.00381550169549882 0.00370815489441156 0.00363611825741827 0.00358635722659528 0.00354052684269845 0.00346201611682773 0.00338149140588939 0.00329014915041625 0.00319799198769033 0.00310319289565086 0.00300780334509909 0.00291138421744108 0.00281631713733077 0.00272264145314693 0.00263251224532723 0.00254454347305 0.00245615956373513 0.00236763712018728 0.00227710837498307 0.00218626228161156 0.00208983244374394 0.00199384894222021 0.00190070550888777 0.00181194604374468 0.00173538993112743 0.00166583736427128
-9999 -9999 -9999 -9999 -9999 0.00932527612894773 0.00940590724349022 0.00905509851872921 0.00867784954607487 0.0082070603966713 0.0076458933763206 0.00673879589885473 0.00582775240764022 0.0049089016392827 0.00418819673359394 0.00369612220674753 0.00338759901933372 0.00320512871257961 0.00312624429352582 0.00308735808357596 0.00307786581106484 0.00307356077246368 0.00305355177260935 0.00303119234740734 0.00299211172387004 0.00294537609443069 0.00287382071837783 0.0027927968185395 0.0026952491607517 0.00259528215974569 0.0024928255006671 0.00239158468320966 0.00229108450002968 0.00219033914618194 0.00208951206877828 0.00198365072719753 0.00187706691212952 0.00176682695746422 0.00165779597591609 0.00155646388884634 0.00146171334199607 0.00138528412207961 0.00131725566461682
-9999 -9999 0.00917451083660126 0.0091862129047513 0.00919113215059042 0.00924454908818007 0.00932537112385035 0.0087701827287674 0.00818284414708614 0.00761102419346571 0.00693558482453227 0.00586353614926338 0.00490114558488131 0.00415573688223958 0.00355194788426161 0.00311156548559666 0.00284256041049957 0.00269124796614051 0.00264177774079144 0.00263163261115551 0.00265447539277375 0.00268313940614462 0.00270851771347225 0.00273053091950715 0.00272510107606649 0.00270565669052303 0.00264077167958021 0.00255947024561465 0.00244952063076198 0.00233551487326622 0.00221733562648296 0.00210000248625875 0.00198318483307958 0.00186869164463133 0.00175497331656516 0.00163920945487916 0.00152319925837219 0.00141225522384048 0.0013036330929026 0.00120979687198997 0.00112352799624205 0.00105832435656339 0.00100123474840075
-9999.000000000000000 -9999 -9999 -9999 0.00912295840680599 0.00913771521300077 0.00908847898244858 0.0084046171978116 0.00766240013763309 0.00662754941731691 0.00562992366030812 0.00477477861568332 0.00400903727859259 0.0034201992675662 0.00296159624122083 0.00265326374210417 0.00247568427585065 0.00238789897412062 0.00236991955898702 0.00237889471463859 0.00241676182486117 0.00245972722768784 0.00250187865458429 0.00253817089833319 0.0025257864035666 0.00249407533556223 0.00239969999529421 0.00228617247194052 0.0021392225753516 0.00199123914353549 0.0018421916756779 0.00169789930805564 0.00155650381930172 0.00142523751128465 0.0012973474804312 0.00118352985009551 0.0010718631092459 0.000988810905255377 0.000909956928808242 0.000857838080264628 0.000811627833172679 0.000781865615863353 0.000756256456952542
-9999 -9999 -9999 -9999 0.00904434267431498 0.00898661185055971 0.00897335913032293 0.00807153433561325 0.00709127215668559 0.00573958642780781 0.00453316420316696 0.00388274830766022 0.00330584798939526 0.00287441397085786 0.00254562986083329 0.00233528763055801 0.00222691101953387 0.00218855822458863 0.00219094031490386 0.00220905127935112 0.00224712467752397 0.00228872080333531 0.00232947198674083 0.00236163125373423 0.00232234667055309 0.00225937785580754 0.0021196159068495 0.00196735002100468 0.00179326359648257 0.00162467185873538 0.00146173406392336 0.00131216167937964 0.00117073126602918 0.00105067680124193 0.000937747536227107 0.000848698662593961 0.000763193122111261 0.000711438653524965 0.00066372734727338 0.000641763675957918 0.000623588566668332 0.000615960045251995 0.000610009476076812
-9999 -9999 -9999 -9999 0.00899765640497208 0.00900870002806187 0.00902233738452196 0.00777932023629546 0.00645637977868319 0.00497178547084332 0.00369922094978392 0.00323821697384119 0.00284033454954624 0.00256735226139426 0.00234905420802534 0.00219385279342532 0.00212672026827931 0.00212006852962077 0.00212881015613675 0.00214349594898522 0.00216313358396292 0.00218364503234625 0.00220013246871531 0.00220499490387738 0.00211371714249253 0.00199559843167663 0.00179045146796852 0.00159125414211303 0.00140243989881128 0.00123006035573781 0.00107459165155888 0.000947013089898974 0.000836424937006086 0.000762789801228791 0.0007014722796157 0.000665904488414526 0.000634008669294417 0.00061783695127815 0.000602997548412532 0.000596642901655287 0.000591376447118819 0.000589139410294592 0.000587974500376731
-9999 -9999 -9999 -9999 0.00900870002806187 0.00902520772069693 0.00904458668082952 0.00771874329075217 0.0063051083125174 0.00468025542795658 0.00331492978148162 0.0029429632704705 0.00262716459110379 0.0024225062225014 0.00225038803182542 0.00211581564508379 0.00206804578192532 0.00207988684996963 0.00207393639720976 0.00206111557781696 0.00206011813133955 0.00206120708025992 0.00203878385946155 0.00200099591165781 0.00183946033939719 0.00166165956761688 0.00143112102523446 0.00122534763067961 0.00106279202736914 0.00092470709932968 0.000811802106909454 0.000725960941053927 0.000656606745906174 0.000618510355707258 0.000590833078604192 0.000581986096221954 0.000575782905798405 0.000575309153646231 0.000574959733057767 0.000575402285903692 0.000575884710997343 0.000576477963477373 0.00057831103913486
-9999 -9999 -9999 -9999 0.00902616512030363 0.00904458668082952 0.00799348205327988 0.00783189665526152 0.00651655811816454 0.00474593415856361 0.00326788192614913 0.00290967151522636 0.00260325497947633 0.00239932350814342 0.00222515477798879 0.00208532717078924 0.00204050866886973 0.00206093699671328 0.0020245045889169 0.0019661164842546 0.00194283435121179 0.00192574725951999 0.00185342808254063 0.00176147453021258 0.00151598243974149 0.00127510027959943 0.00104916573036462 0.000867083261255175 0.000761526462156326 0.000686298590153456 0.000642278580926359 0.000612982548773289 0.000592656375374645 0.000581937958486378 0.00057442212710157 0.00057222560280934 0.000570776872336864 0.000571087235584855 0.000571441138163209 0.00057207205099985 0.000572933349758387 0.00057443609694019 0.000577926402911544
-9999 -9999 -9999 -9999 0.00904458668082952 0.00808815192431211 0.00766581995412707 0.00737870018929243 0.00711998343467712 0.00501490756869316 0.00327119440771639 0.00291062355972826 0.00260233110748231 0.0023974827490747 0.00221686530858278 0.00206420640461147 0.00200846046209335 0.0020192691590637 0.00194696767721325 0.00184257433284074 0.00179000163916498 0.0017465737182647 0.00162387068849057 0.0014847774291411 0.00122356449719518 0.000985325779765844 0.00082157866563648 0.000695905182510614 0.00063667370704934 0.000598547921981663 0.000582139531616122 0.00057322985958308 0.000568888441193849 0.000567098148167133 0.000566158152651042 0.000566191738471389 0.00056636257795617 0.000566915783565491 0.000567515788134187 0.000568413641303778 0.000569827447179705 0.000572677527088672 0.000577815575525165
-9999 -9999 -9999 -9999 -9999 0.00767048820853233 0.00764871994033456 0.00778686301782727 0.00789140071719885 0.00537100899964571 0.00329609005711973 0.00292625185102224 0.00261125876568258 0.00240478874184191 0.00221583759412169 0.00204710010439157 0.00197447882965207 0.00196786504238844 0.00185738527216017 0.00170679902657866 0.00162193330470473 0.00154866522643715 0.00137536961119622 0.00119214761070907 0.00094445823924616 0.000737031165044755 0.000660150311887264 0.000604908214882016 0.000587427639402449 0.000575365964323282 0.000568880292121321 0.000564860121812671 0.000562341883778572 0.000561572378501296 0.000561385822948068 0.000561755034141243 0.000562201894354075 0.000562765926588327 0.00056341610616073 0.000564614601898938 0.000566655304282904 0.00057104037841782 0.000577822094783187
-9999 -9999 -9999 -9999 -9999 0.00744816707447171 0.00769692473113537 0.00778059614822268 0.00761782750487328 0.00520594092085958 0.00322760478593409 0.00290871737524867 0.00262632011435926 0.00241612573154271 0.00221616541966796 0.00202801311388612 0.00193286966532469 0.00190159922931343 0.00177317450288683 0.00160723482258618 0.00147892942186445 0.00135726516600698 0.00118142599239945 0.00100365933030844 0.000819715729448944 0.000667926215101033 0.000620393198914826 0.000586331414524466 0.000575778132770211 0.000567764043807983 0.000562362722121179 0.000559078122023493 0.000557083054445684 0.000556794519070536 0.000557074788957834 0.000557741965167224 0.00055846112081781 0.000558966246899217 0.000559593376237899 0.000560997694265097 0.000563346780836582 0.000568326038774103 0.000575712241698056
-9999 -9999 -9999 -9999 -9999 0.00680345296859741 0.00699885655194521 0.00752331549301744 0.00712804449722171 0.00493304198607802 0.00313979899510741 0.00288432184606791 0.00264265039004385 0.00242829672060907 0.00221677357330918 0.00200851657427847 0.00188968214206398 0.00183225842192769 0.00169007503427565 0.00151516287587583 0.00134111125953496 0.00116721168160439 0.000998770352452993 0.000836718070786446 0.000726911181118339 0.000635895819868892 0.000605809967964888 0.00058273843023926 0.000571907381527126 0.000563385605346411 0.000557239982299507 0.000553831632714719 0.000552090699784458 0.000552171375602484 0.000552859157323837 0.000553816556930542 0.000554807251319289 0.000555238977540284 0.000555827980861068 0.000557418446987867 0.000560010084882379 0.000565388763789088 0.000573164550587535
-9999 -9999 -9999 -9999 -9999 -9999 0.00571457715705037 0.00569265754893422 0.00556613365188241 0.00418081227689981 0.00304419198073447 0.00285949255339801 0.00266035832464695 0.002432661363855 0.00220379838719964 0.00197359058074653 0.00183030671905726 0.0017467177240178 0.00160946417599916 0.00145148858428001 0.00126830616500229 0.00108067528344691 0.00093750556698069 0.000801305170170963 0.000715069298166782 0.000641646096482873 0.000609766982961446 0.000584480236284435 0.000570697768125683 0.000560491986107081 0.000553966558072716 0.000550508557353169 0.000548919138964266 0.000549169548321515 0.000550033117178828 0.000551301229279488 0.000552620564121753 0.000553298508748412 0.000554122088942677 0.000555873615667224 0.000558393192477524 0.000563050794880837 0.00056973664322868
