Ecospace-environmental-drivers/Outputs/ASCII-for-ecospace/MOM6-ISIMIP3a/phyc/2009-01_phyc_MOM6-ISIMIP3a.asc
NCOLS 131 
NROWS 53 
XLLCORNER -98 
YLLCORNER 23.9265270233154 
CELLSIZE 0.133587792515755 
NODATA_value -9999 
[rows 19 to 37 of 53, columns 0 to 43 of 131]
-9999 -9999 -9999 -9999 -9999 -9999 -9999 -9999 0.00520256441086531 0.00571079552173615 0.00570069905370474 0.00573867047205567 0.00615110853686929 0.00689295353367925 0.00664696469902992 0.00611714366823435 0.00563843734562397 0.00519483396783471 0.0048551200889051 0.00455552153289318 0.00431438395753503 0.00408356264233589 0.00398401683196425 0.00389963178895414 0.00391762750223279 0.00392261240631342 0.00388541095890105 0.00382952811196446 0.00374104455113411 0.0036350111477077 0.0035109193995595 0.00343129853717983 0.00337876891717315 0.0033382133115083 0.00330164865590632 0.00327811576426029 0.00325636193156242 0.00323155289515853 0.00320655945688486 0.00318038952536881 0.00314924423582852 0.0031042480841279 0.00307685206644237 0.00307665602304041
-9999 -9999 -9999 -9999 -9999 -9999 -9999 -9999 0.00473552895709872 0.00516136921942234 0.00571079552173615 0.00565263163298368 0.00573867047205567 0.00582170113921165 0.0056812590919435 0.00528296362608671 0.0048984638415277 0.00452343793585896 0.00419981218874454 0.0038960340898484 0.00369606586173177 0.00351441674865782 0.0034166662953794 0.00333306728862226 0.00335208768956363 0.00335979438386858 0.00333081744611263 0.00328866462223232 0.00322351814247668 0.00313887093216181 0.00303415744565427 0.00297042331658304 0.00293165375478566 0.00289330817759037 0.00285510392859578 0.0028454742860049 0.00284010148607194 0.00287745497189462 0.0029099143575877 0.0029112056363374 0.00290476810187101 0.0028768153861165 0.0028525167144835 0.00283386488445103
-9999 -9999 -9999 -9999 -9999 -9999 0.00470973644405603 0.00470870733261108 0.00470812385901809 0.00473552895709872 0.00503778271377087 0.00571079552173615 0.00550842890515924 0.0049056364223361 0.00447412114590406 0.00424023391678929 0.0039734928868711 0.00368418917059898 0.0034647099673748 0.00327219278551638 0.0031180833466351 0.00297075207345188 0.00287358183413744 0.00279037305153906 0.00281435297802091 0.00282672047615051 0.00280143530108035 0.00277327699586749 0.00274010491557419 0.00268872198648751 0.00261860038153827 0.00257668597623706 0.00255195540376008 0.00250426703132689 0.00244892621412873 0.0024515874683857 0.00246293703094125 0.00256763468496501 0.00266233831644058 0.0026933962944895 0.00271419622004032 0.00270644063130021 0.00269167800433934 0.00266608619131148
-9999 -9999 -9999 -9999 -9999 -9999 0.00470601348206401 0.00470973644405603 0.00470767822116613 0.00467955134809017 0.00473552895709872 0.00466702319681644 0.00445660669356585 0.0039653885178268 0.0036421800032258 0.00351282744668424 0.00334854447282851 0.00316027319058776 0.00300637423060834 0.00286574778147042 0.00274920044466853 0.00263690226711333 0.00253271963447332 0.00244179531000555 0.00245987437665462 0.00246745510958135 0.00244099670089781 0.00241390336304903 0.00238570175133646 0.002360207028687 0.00233749742619693 0.00233629555441439 0.00234819599427283 0.00231686956249177 0.0022711344063282 0.00226528127677739 0.00226544588804245 0.00233591953292489 0.00240062037482858 0.00242855725809932 0.00245456048287451 0.00247518136166036 0.00248804641887546 0.00248892582021654
-9999 -9999 -9999 -9999 0.00513042323291302 0.00483658537268639 0.00471005961298943 0.00469824392348528 0.00470973644405603 0.00470562046393752 0.0045673199929297 0.00391541793942451 0.00337481126189232 0.00305442791432142 0.00286742555908859 0.00283432379364967 0.00276788556948304 0.00267855357378721 0.00258730677887797 0.00249532051384449 0.0024163625203073 0.00233970349654555 0.00223024468868971 0.00213283370248973 0.00214180699549615 0.00214154436253011 0.00211133575066924 0.00208229129202664 0.00205527804791927 0.00205240282230079 0.00207436480559409 0.00211296952329576 0.00216171308420599 0.00214984337799251 0.00211776932701468 0.00210327911190689 0.00209151208400726 0.0021204543299973 0.00214850576594472 0.00217088358476758 0.00219993037171662 0.00224754260852933 0.00228811800479889 0.00231781858019531
-9999 -9999 -9999 -9999 0.00580709520727396 0.00516795227304101 0.00496311066672206 0.00471005961298943 0.00467493524774909 0.00422790134325624 0.00376605778001249 0.00324752810411155 0.00284133688546717 0.00265743164345622 0.00256005045957863 0.00256250496022403 0.00253720209002495 0.00249283737502992 0.00246488302946091 0.00244326516985893 0.0024128807708621 0.00238094921223819 0.00230450206436217 0.00223117275163531 0.00219194637611508 0.00214539328590035 0.00207508401945233 0.00201073242351413 0.00195677718147635 0.0019319464918226 0.00193708413280547 0.00197656964883208 0.00203697942197323 0.00206300150603056 0.00207756110467017 0.00207882397808135 0.00207822280935943 0.00207398482598364 0.00207281042821705 0.00209114491008222 0.00211556721478701 0.00215693586505949 0.00220361491665244 0.0022585007827729
-9999 -9999 -9999 -9999 -9999 0.00580709520727396 0.00519154407083988 0.00521616172045469 0.00458081439137459 0.00378935039043427 0.00307966629043221 0.00268300110474229 0.00239762873388827 0.00233247340656817 0.00230895215645432 0.00233347062021494 0.00233850278891623 0.0023301534820348 0.00235347915440798 0.00238903588615358 0.00240470515564084 0.00241686496883631 0.00238231243565679 0.00234309630468488 0.00227354047819972 0.00219592149369419 0.00209215888753533 0.00199520541355014 0.00191013410221785 0.00185937725473195 0.00184392929077148 0.00187782233115286 0.0019417735747993 0.00199217372573912 0.0020380571950227 0.00205180142074823 0.00206085271202028 0.00203497521579266 0.00201490288600326 0.00203180056996644 0.00205489411018789 0.00209523504599929 0.00214775302447379 0.00221908930689096
-9999 -9999 -9999 -9999 -9999 0.00578601006418467 0.00580709520727396 0.00503285927698016 0.00422659050673246 0.00352253951132298 0.0028969522099942 0.00257168966345489 0.00234751915559173 0.00232338113710284 0.00230461079627275 0.00229203375056386 0.00228004436939955 0.00226845848374069 0.00229039462283254 0.00232527474872768 0.00237594847567379 0.00242940918542445 0.00247570010833442 0.00251458445563912 0.00249305483885109 0.00245112646371126 0.00234305672347546 0.00222536246292293 0.0020908722653985 0.00199677911587059 0.00194425333756953 0.0019441720796749 0.00197603949345648 0.00199156417511404 0.00200164131820202 0.00201352289877832 0.00202558911405504 0.00202867458574474 0.00203499034978449 0.00206187856383622 0.00209809513762593 0.00216027954593301 0.00221747579053044 0.00226696254685521
-9999 -9999 0.00576515728607774 0.00576173048466444 0.0057509308680892 0.00576489977538586 0.00578603474423289 0.00488452846184373 0.00396083248779178 0.00334638217464089 0.00280325231142342 0.00253310846164823 0.00234987610019743 0.00233861710876226 0.00230871443636715 0.002257299143821 0.00221877172589302 0.00218909489922225 0.00219915853813291 0.00222456711344421 0.00229179090820253 0.00236639380455017 0.00247488985769451 0.00257617281749845 0.00261116214096546 0.00261912983842194 0.00253948196768761 0.00242691952735186 0.00225691846571863 0.00212316401302814 0.00202670693397522 0.00198633642867208 0.00198013335466385 0.00196640426293015 0.00195016618818045 0.00196319166570902 0.00198038667440414 0.00201496877707541 0.00204965635202825 0.00208501564338803 0.00212904950603843 0.00219723139889538 0.00225110398605466 0.0022828618530184
-9999.000000000000000 -9999 -9999 -9999 0.00576936127617955 0.00573696242645383 0.00572408689185977 0.0048125023022294 0.00388809479773045 0.00336801679804921 0.00290376902557909 0.00265321461483836 0.00246670795604587 0.00240693357773125 0.0023312431294471 0.00223718769848347 0.00215135933831334 0.00207118107937276 0.00204650009982288 0.0020432488527149 0.00208675721660256 0.00213851756416261 0.00226855301298201 0.00239797635003924 0.00250801467336714 0.00259687285870314 0.0026170564815402 0.0025660761166364 0.00239090854302049 0.00222551194019616 0.00207016966305673 0.00197573145851493 0.00191839598119259 0.00188767851796001 0.0018658337648958 0.0018865637248382 0.00191349943634123 0.00198510615155101 0.00205249316059053 0.00209300871938467 0.00213328376412392 0.0021728896535933 0.00220597954466939 0.00222899904474616
-9999 -9999 -9999 -9999 0.00580718321725726 0.00580622162669897 0.00576293468475342 0.0048358328640461 0.00389973144046962 0.00340359495021403 0.00295762764289975 0.00270368717610836 0.00250293151475489 0.00240741320885718 0.00230236863717437 0.00218633166514337 0.00207234499976039 0.00195976626127958 0.00191247218754143 0.00189038692042232 0.00191340909805149 0.0019443912897259 0.00208618864417076 0.00223265239037573 0.00239778263494372 0.00254770065657794 0.00264829397201538 0.00265161693096161 0.00248519447632134 0.00230251648463309 0.00210311193950474 0.00196924223564565 0.00187529588583857 0.00183092581573874 0.00180308113340288 0.00182690203655511 0.00185826723463833 0.00194572506006807 0.00202752253971994 0.00207327352836728 0.00211175973527133 0.00213002297095954 0.00214792648330331 0.0021652732975781
-9999 -9999 -9999 -9999 0.00584229361265898 0.00587836559861898 0.00592290656641126 0.00497913174331188 0.00401751836761832 0.00345671456307173 0.00295278686098754 0.0026665551122278 0.00243774335831404 0.00232254876755178 0.0022088245023042 0.00209679617546499 0.00197873404249549 0.00185652810614556 0.00180188298691064 0.00177332560997456 0.00177992356475443 0.00179272552486509 0.00193398364353925 0.00208352343179286 0.00227863783948123 0.00246466672979295 0.00262123579159379 0.0026697046123445 0.00252952892333269 0.00234763673506677 0.00212281895801425 0.00196793070062995 0.00185564311686903 0.00180181674659252 0.00176747736986727 0.00178858509752899 0.00181769824121147 0.00189436925575137 0.00196756795048714 0.00201865332201123 0.00205782917328179 0.00206385087221861 0.00207360833883286 0.0020891388412565
-9999 -9999 -9999 -9999 0.00587836559861898 0.0059322826564312 0.00599557533860207 0.00501099182292819 0.00400756066665053 0.00339079974219203 0.00284302234649658 0.0025592849124223 0.00233313487842679 0.00222093379124999 0.00211989670060575 0.00203174073249102 0.00192310696002096 0.00180040998384356 0.00173450470902026 0.00169052858836949 0.0016825906932354 0.00168101233430207 0.00181213859468699 0.00195549754425883 0.00217657932080328 0.00239150691777468 0.002586480230093 0.00266843452118337 0.00255316030234098 0.00237980135716498 0.00214667408727109 0.00197982857935131 0.00185336102731526 0.0017909532180056 0.00174989853985608 0.00176504568662494 0.00178823026362807 0.0018488964997232 0.00190788030158728 0.00195614947006106 0.00199276627972722 0.00199694558978081 0.002004788024351 0.00201829127036035
-9999 -9999 -9999 -9999 0.00593540770933032 0.00599557533860207 0.0049912198446691 0.00495927268639207 0.0039017943199724 0.00323560764081776 0.00265456363558769 0.00239941035397351 0.00219896109774709 0.00210675573907793 0.00203443085774779 0.00198504538275301 0.00189596798736602 0.00177963252644986 0.00169953505974263 0.00163343036547303 0.00161237257998437 0.00159926409833133 0.0017130640335381 0.00184329913463444 0.0020873355679214 0.00232575298286974 0.00254595186561346 0.00265264580957592 0.00256126374006271 0.00240224879235029 0.00217364076524973 0.00200163340196013 0.00186410720925778 0.00179377407766879 0.00174583843909204 0.00175258982926607 0.00176708830986172 0.00180783611722291 0.00184839288704097 0.00188773253466934 0.00191935407929122 0.0019294903613627 0.00194009090773761 0.00195140880532563
-9999 -9999 -9999 -9999 0.00599557533860207 0.00484910979866982 0.00433476595208049 0.00399903999641538 0.00392902549356222 0.00317453290335834 0.00252763647586107 0.00229257228784263 0.00211285636760294 0.00204265979118645 0.00198767869733274 0.0019502539653331 0.00186775275506079 0.0017542956629768 0.00165704812388867 0.00156605953816324 0.00153773231431842 0.00152046279981732 0.00162339687813073 0.00174571771640331 0.00200765929184854 0.00226302840746939 0.00249708723276854 0.00262675271369517 0.00257424265146255 0.00243692984804511 0.00221235677599907 0.00203161058016121 0.00187756307423115 0.00180338718928397 0.001755834906362 0.00176340574398637 0.001778659876436 0.00180291465949267 0.00182776432484388 0.00185640249401331 0.00187984108924866 0.00188880460336804 0.00189788499847054 0.00190714572090656
-9999 -9999 -9999 -9999 -9999 0.00418688077479601 0.0040748780593276 0.00404598517343402 0.00401325616985559 0.00315379491075873 0.00242708041332662 0.00220846454612911 0.00204735342413187 0.00200002850033343 0.00195751851424575 0.00192056433297694 0.00183907628525048 0.00172700476832688 0.00161133927758783 0.00149428611621261 0.00146119669079781 0.00144292437471449 0.0015377615345642 0.00165440083947033 0.00193208339624107 0.00220160209573805 0.00244464981369674 0.00259652896784246 0.00258931098505855 0.00247685424983501 0.00225610868074 0.00206508976407349 0.00189218018203974 0.00181591126602143 0.00177185575012118 0.00178419554140419 0.00180425180587918 0.00181348144542426 0.00182378967292607 0.00184096721932292 0.00185485638212413 0.00185959169175476 0.00186531827785075 0.00187257677316666
-9999 -9999 -9999 -9999 -9999 0.00413659960031509 0.00415099784731865 0.00417960900813341 0.00410468829795718 0.00321436580270529 0.00246247416362166 0.00224043778143823 0.00207450264133513 0.00201957649551332 0.00195664004422724 0.00188446079846472 0.00178597844205797 0.00166943250223994 0.00154473562724888 0.00141689123120159 0.00138501415494829 0.00137007224839181 0.00146025489084423 0.00157451862469316 0.00187027454376221 0.00215681339614093 0.00241346657276154 0.00258557591587305 0.00261014886200428 0.00251432717777789 0.00229462189599872 0.0020948916207999 0.00190733000636101 0.00183635926805437 0.00180425168946385 0.00182514346670359 0.00185318337753415 0.00185663695447147 0.00186064362060279 0.00186817278154194 0.00187089829705656 0.00186025153379887 0.00185403553768992 0.00185466720722616
-9999 -9999 -9999 -9999 -9999 0.00413330225273967 0.00418392335996032 0.00422739889472723 0.00419761054217815 0.00329175940714777 0.00252599571831524 0.00229642819613218 0.00212082196958363 0.00205198954790831 0.00196181982755661 0.00184703024569899 0.00172782782465219 0.0016055948799476 0.00147380866110325 0.00133833335712552 0.00130890461150557 0.00129818986169994 0.00138443009927869 0.00149700243491679 0.00181131402496248 0.00211546686477959 0.00238668057136238 0.00257860962301493 0.00263218022882938 0.00255129300057888 0.00233205128461123 0.00212393258698285 0.00192259007599205 0.00185844663064927 0.00184003578033298 0.00187026220373809 0.00190694397315383 0.00190653512254357 0.00190594501327723 0.0019042007625103 0.00189542851876467 0.0018670919816941 0.00184715655632317 0.00184020446613431
-9999 -9999 -9999 -9999 -9999 -9999 0.00406498601660132 0.00414476217702031 0.00407838122919202 0.00325170322321355 0.00255144690163434 0.00233507854864001 0.002156519331038 0.00205277348868549 0.00192824716214091 0.00177974347025156 0.00164303055498749 0.00151441490743309 0.00139348558150232 0.0012755241477862 0.00126220681704581 0.00126735586673021 0.00135469844099134 0.00146768870763481 0.00177940854337066 0.0020860843360424 0.00237640528939664 0.00258535169996321 0.00265229260548949 0.00258109671995044 0.00236776121892035 0.00215519429184496 0.00194309570360929 0.00189950119238347 0.0019120741635561 0.00194040802307427 0.00197054399177432 0.00194841052871197 0.00192645401693881 0.0019056253368035 0.00188109430018812 0.00184625678230077 0.00181999534834176 0.00180698791518807
