Ecospace-environmental-drivers/Outputs/ASCII-for-ecospace/MOM6-ISIMIP3a/phyc/2009-05_phyc_MOM6-ISIMIP3a.asc
NCOLS 131 
NROWS 53 
XLLCORNER -98 
YLLCORNER 23.9265270233154 
CELLSIZE 0.133587792515755 
NODATA_value -9999 
[rows 0 to 18 of 53, columns 44 to 87 of 131]
-9999 -9999 -9999 -9999 -9999 -9999 -9999 -9999 -9999 -9999 -9999 -9999 -9999 -9999 -9999 -9999 -9999 -9999 -9999 -9999 -9999 -9999 -9999 -9999 -9999 -9999 -9999 -9999 -9999 -9999 -9999 -9999 -9999 -9999 -9999 -9999 -9999 -9999 -9999 -9999 -9999 -9999 -9999 -9999
-9999 -9999 -9999 -9999 -9999 -9999 -9999 -9999 -9999 -9999 -9999 -9999 -9999 -9999 -9999 -9999 -9999 -9999 -9999 -9999 -9999 -9999 -9999 -9999 -9999 -9999 -9999 -9999 -9999 -9999 -9999 -9999 -9999 -9999 -9999 -9999 -9999 -9999 -9999 -9999 -9999 -9999 -9999 -9999
-9999 -9999 -9999 -9999 -9999 -9999 -9999 -9999 -9999 -9999 -9999 -9999 -9999 -9999 -9999 -9999 -9999 -9999 -9999 -9999 -9999 -9999 -9999 -9999 -9999 -9999 -9999 -9999 -9999 -9999 0.011007403023541 0.010877501219511 -9999 -9999 -9999 -9999 -9999 -9999 -9999 -9999 -9999 -9999 -9999 -9999
-9999 -9999 -9999 -9999 -9999 -9999 -9999 -9999 -9999 -9999 -9999 -9999 -9999 -9999 -9999 -9999 -9999 -9999 -9999 -9999 -9999 -9999 -9999 -9999 -9999 -9999 -9999 -9999 -9999 -9999 0.0110120503231883 0.0108910817652941 -9999 -9999 -9999 -9999 -9999 -9999 -9999 -9999 -9999 -9999 -9999 -9999
-9999 -9999 -9999 -9999 -9999 -9999 -9999 -9999 -9999 -9999 -9999 -9999 -9999 -9999 -9999 -9999 -9999 -9999 -9999 -9999 -9999 0.0111228926107287 0.0111370030790567 0.0111482916399837 0.0112141398712993 0.0112609704956412 0.0113144861534238 0.0112985828891397 0.0112197482958436 0.0111213801428676 0.0110161006450653 0.010898670181632 0.0107584735378623 -9999 -9999 0.00960404518991709 0.00872864574193954 0.00758017087355256 0.00640990771353245 0.00529006216675043 0.00429828558117151 0.00351031846366823 0.00293109496124089 0.00258206157013774
-9999 -9999 -9999 -9999 -9999 -9999 -9999 -9999 -9999 -9999 -9999 -9999 -9999 -9999 -9999 -9999 -9999 0.011067901737988 -9999 0.0109751746058464 0.0108983116224408 0.011021051555872 0.0111228926107287 0.0111398249864578 0.0111482916399837 0.0112799881026149 0.0113546326756477 0.0113088367506862 0.0112322801724076 0.0111181270331144 0.0110137322917581 0.010916443541646 0.0107658337801695 0.0105931423604488 0.0102339359000325 0.00983806513249874 0.00874013453722 0.00760773848742247 0.00639263913035393 0.00522934505715966 0.00424820277839899 0.00341730890795588 0.00286544370464981 0.00251053227111697
-9999 -9999 -9999 -9999 -9999 -9999 -9999 -9999 -9999 -9999 -9999 -9999 -9999 0.0121472179889679 0.012143668718636 0.0121393306180835 0.012123104184866 0.0115881701931357 0.0110790319740772 0.0110567715018988 0.0109704416245222 0.0108983116224408 0.0110419513657689 0.0111228926107287 0.0111482916399837 0.0112799881026149 0.0113546326756477 0.0113088367506862 0.0112322801724076 0.0111181270331144 0.0110137322917581 0.010916443541646 0.0107658337801695 0.0105931423604488 0.0102339359000325 0.00983806513249874 0.00874013453722 0.00760773848742247 0.00639263913035393 0.00522934505715966 0.00424820277839899 0.00341730890795588 0.00286544370464981 0.00251053227111697
-9999 -9999 -9999 -9999 -9999 -9999 -9999 -9999 -9999 -9999 -9999 -9999 -9999 0.0121662495657802 0.0121472179889679 0.0121401185169816 -9999 0.0120985386893153 0.0115758553147316 0.0111012933775783 0.0110567715018988 0.010956241749227 0.0108983116224408 0.0111046507954597 0.0112592624500394 0.0111973891034722 0.0111192688345909 0.0110068507492542 0.0108801908791065 0.0107361227273941 0.0105493338778615 0.0103314267471433 0.0100870886817575 0.0098318038508296 0.00937658920884132 0.0088820718228817 0.00792949926108122 0.00696275476366282 0.00602327194064856 0.00508988369256258 0.00417792284861207 0.00341534405015409 0.00293018412776291 0.00259900582022965
-9999 0.010302409529686 -9999 -9999 -9999 -9999 -9999 -9999 -9999 -9999 -9999 -9999 -9999 -9999 -9999 -9999 -9999 0.0121117234230042 0.0120508726686239 0.0115586137399077 0.0111458152532578 0.0110567715018988 0.010913641192019 0.0112001532688737 0.0113789970055223 0.0111072398722172 0.0108625767752528 0.0106751108542085 0.010489895939827 0.0103074321523309 0.0100276814773679 0.00967706926167011 0.00932882633060217 0.0089815640822053 0.00842502061277628 0.00782733783125877 0.00703886849805713 0.00625804113224149 0.00562089355662465 0.00493981596082449 0.00410427851602435 0.00341654755175114 0.00300330831669271 0.00269745127297938
0.010302409529686 0.0102393105626106 0.0101877506822348 0.0101777445524931 -9999 -9999 -9999 -9999 -9999 -9999 -9999 -9999 -9999 0.0116484370082617 0.0121857561171055 -9999 -9999 -9999 0.0120691321790218 0.0119646647945046 0.0115566868335009 0.0112348590046167 0.0112577462568879 0.0113565316423774 0.0113774444907904 0.0110724484547973 0.0107699269428849 0.0104726264253259 0.0101308049634099 0.00973456911742687 0.00931383855640888 0.00887526664882898 0.00843123719096184 0.0079849474132061 0.00750899175181985 0.00702720461413264 0.00649098865687847 0.00595930824056268 0.00549162225797772 0.00495605170726776 0.00418179389089346 0.00353292049840093 0.00311689963564277 0.00280068907886744
0.0102649796754122 0.0102077629417181 0.0101820891723037 0.0101734008640051 0.0101727591827512 -9999 -9999 -9999 -9999 -9999 -9999 -9999 -9999 0.0114668468013406 0.0119372187182307 0.0121857561171055 -9999 -9999 0.0120904250070453 0.0119697526097298 0.0118338167667389 0.0116882361471653 0.011546527966857 0.0114708309993148 0.0113458465784788 0.011014586314559 0.01065943390131 0.0102538438513875 0.0097670815885067 0.00918111205101013 0.00863685645163059 0.00812298525124788 0.00758859049528837 0.00704569555819035 0.00664522731676698 0.00627275602892041 0.00597143871709704 0.00567196495831013 0.00536475842818618 0.00497145717963576 0.00427544442936778 0.00367302703671157 0.0032444263342768 0.00291152205318213
0.0102301118895411 0.0101987225934863 0.0101820891723037 0.0101734008640051 0.0101714767515659 0.0102108046412468 0.0102275032550097 -9999 -9999 -9999 -9999 -9999 -9999 -9999 0.0119094653055072 0.012139268219471 0.0121857561171055 0.0121472179889679 0.0120904250070453 0.0119697526097298 0.0118338167667389 0.0116875823587179 0.0115385707467794 0.0113594271242619 0.0111530935391784 0.0108329718932509 0.0104532334953547 0.00994763989001513 0.00937851704657078 0.00873174611479044 0.00815759040415287 0.00763632729649544 0.00704064220190048 0.00641413684934378 0.00606179889291525 0.00576335517689586 0.00560384336858988 0.00544571131467819 0.00525080412626266 0.00498241232708097 0.00445564370602369 0.0039404365234077 0.00344669912010431 0.00306309433653951
0.0101777696982026 0.0101832896471024 0.0101852817460895 0.0101853739470243 0.0102073354646564 0.0102355154231191 0.0102288899943233 -9999 -9999 -9999 -9999 0.0103756366297603 0.0110033880919218 0.0115510411560535 0.0119887301698327 0.0121886245906353 0.0121939620003104 0.0121627226471901 0.0121141579002142 0.0119883744046092 0.0118441404774785 0.0116877816617489 0.0115228816866875 0.011245776899159 0.0109580047428608 0.010625590570271 0.010207443498075 0.00960830692201853 0.00898584723472595 0.00833488069474697 0.00775707326829433 0.00723255472257733 0.00660195713862777 0.0059274286031723 0.00558293284848332 0.00530331349000335 0.00522009981796145 0.00514142541214824 0.00503603555262089 0.00487314769998193 0.00450809393078089 0.00409526657313108 0.0035937181673944 0.00319616449996829
0.0100817382335663 0.0101518724113703 0.0101964566856623 0.0102272816002369 0.0102357817813754 0.0102379331365228 0.0102288899943233 0.0102181052789092 0.0101912319660187 0.0101707950234413 0.0101830950006843 0.0103756366297603 0.0110033880919218 0.0115510411560535 0.0119887301698327 0.0121988309547305 0.0122227249667048 0.0122169898822904 0.0121972216293216 0.0120535511523485 0.0118802757933736 0.0116901136934757 0.0114878611639142 0.0111265126615763 0.0107570765540004 0.0103537905961275 0.00986267626285553 0.0091861467808485 0.00858291611075401 0.00806927029043436 0.00755343306809664 0.0070360004901886 0.00643643364310265 0.00580285303294659 0.00536547740921378 0.0049666715785861 0.00479598715901375 0.00464205350726843 0.00456922547891736 0.00446332944557071 0.00424116523936391 0.0039686425589025 0.00360259902663529 0.00328297796659172
0.00951905734837055 0.00974425114691257 0.00992107484489679 0.0100718531757593 0.0101362951099873 0.010176183655858 0.0101813599467278 0.0101821329444647 0.0101599581539631 0.0101451985538006 0.01016815751791 0.0103373629972339 0.0108596961945295 0.011273710988462 0.0115390196442604 0.0116677181795239 0.0116846458986402 0.011743163689971 0.0118213798850775 0.0117367887869477 0.0116132963448763 0.011473385617137 0.0113162137567997 0.0109242396429181 0.010520744137466 0.0100690359249711 0.00953837390989065 0.00884103588759899 0.00826485361903906 0.00783675070852041 0.00734901474788785 0.00681784469634295 0.006237109657377 0.00563584780320525 0.0051172086969018 0.00461481139063835 0.00436023715883493 0.0041307033970952 0.00405612448230386 0.00397733692079782 0.00388374947942793 0.00374573818407953 0.00352522637695074 0.00330247008241713
0.00829662103205919 0.00880474410951138 0.00924055371433496 0.00963742658495903 0.00985593348741531 0.0100237140432 0.0100666303187609 0.0100953010842204 0.0100844679400325 0.010083413682878 0.0101321004331112 0.0102449776604772 0.0105128511786461 0.0106042874976993 0.010453499853611 0.0103712789714336 0.010345159098506 0.0105227073654532 0.0107967294752598 0.010880034416914 0.0109177706763148 0.0109469462186098 0.0109513998031616 0.0106046060100198 0.010234359651804 0.00976596400141716 0.00924300495535135 0.00860485713928938 0.00806678086519241 0.00765101425349712 0.00714349653571844 0.0065691489726305 0.00598999671638012 0.00540885515511036 0.00482537457719445 0.00424143439158797 0.00390803394839168 0.0036024171859026 0.00347757758572698 0.00338364858180285 0.0033984025940299 0.00338671123608947 0.00332590728066862 0.00322678219527006
0.00689669465646148 0.00745985098183155 0.00797971338033676 0.0084762629121542 0.00881195813417435 0.00910190679132938 0.00920684449374676 0.00928817968815565 0.00924355071038008 0.00920630991458893 0.00920665264129639 0.00923210382461548 0.00931818131357431 0.0092506418004632 0.00897220708429813 0.00886668916791677 0.0089026466012001 0.00913853663951159 0.00946913007646799 0.00974088255316019 0.00999857485294342 0.0102431951090693 0.0104558803141117 0.0102168181911111 0.00993871781975031 0.00949723366647959 0.00901703722774982 0.00845511443912983 0.00796675216406584 0.00756829651072621 0.00708657270297408 0.00654419884085655 0.00598127767443657 0.00540984701365232 0.00476347515359521 0.00410237209871411 0.0036832089535892 0.00329673429951072 0.00314205791801214 0.00303367199376225 0.00308804516680539 0.00313340127468109 0.00316201196983457 0.00314155011437833
0.00534730032086372 0.00577357457950711 0.00623017316684127 0.00670310109853745 0.00712492875754833 0.00753222359344363 0.0077196336351335 0.00787448789924383 0.00775805162265897 0.00764261046424508 0.00753223337233067 0.00744406972080469 0.00740954279899597 0.00732080033048987 0.00715762702748179 0.00718681048601866 0.00737337488681078 0.00761649757623672 0.00788641069084406 0.00836391560733318 0.00889102276414633 0.00939012784510851 0.00985028967261314 0.00977163854986429 0.00963528174906969 0.0092574218288064 0.00884951185435057 0.0083781611174345 0.00794928893446922 0.00757233146578074 0.00715478323400021 0.00670766923576593 0.00617331406101584 0.00560282915830612 0.00489520840346813 0.00416063098236918 0.00364986411295831 0.00317850965075195 0.00301119638606906 0.00288892979733646 0.00292504951357841 0.00296911806799471 0.00302794808521867 0.00304828095249832
0.0044279471039772 0.00475543923676014 0.00510475412011147 0.00546581903472543 0.00578754628077149 0.00609808648005128 0.00623815087601542 0.00635242741554976 0.00624158279970288 0.00613144086673856 0.00602487148717046 0.00593104679137468 0.00586799532175064 0.00580485258251429 0.00574158504605293 0.00582874054089189 0.00603896845132113 0.0062529961578548 0.00646882364526391 0.00693927146494389 0.00747055653482676 0.00813206005841494 0.00877227913588285 0.00897251162678003 0.00908173620700836 0.00881007872521877 0.0085030309855938 0.00812127254903316 0.00774872489273548 0.00738743366673589 0.00700262002646923 0.00660067377611995 0.00609231414273381 0.00553988572210073 0.00485391868278384 0.00414170138537884 0.0036126954946667 0.00312286731787026 0.00294947787187994 0.00281973415985703 0.00284345191903412 0.00288039306178689 0.00294189108535647 0.00297652278095484
