Ecospace-environmental-drivers/Outputs/ASCII-for-ecospace/MOM6-ISIMIP3a/phyc/2010-07_phyc_MOM6-ISIMIP3a.asc
NCOLS 131 
NROWS 53 
XLLCORNER -98 
YLLCORNER 23.9265270233154 
CELLSIZE 0.133587792515755 
NODATA_value -9999 
[rows 19 to 37 of 53, columns 43 to 85 of 131]
0.00224296259693801 0.00239594932645559 0.00252347951754928 0.00269128987565637 0.00288078910671175 0.00315915583632886 0.00346279656514525 0.00372227234765887 0.00397170800715685 0.00407212600111961 0.00417648255825043 0.00430087372660637 0.0044654980301857 0.00472726905718446 0.00491386000066996 0.00499723898246884 0.00504519278183579 0.00506416242569685 0.00494017591699958 0.00474847387522459 0.00457572191953659 0.00440749758854508 0.00444746529683471 0.00450407434254885 0.00459472788497806 0.00464652664959431 0.00453571323305368 0.00435854913666844 0.00404131412506104 0.00367818842642009 0.00325897429138422 0.00290548382326961 0.00259986496530473 0.00240096356719732 0.00224625784903765 0.00224627763964236 0.0022767127957195 0.00237185135483742 0.00245791440829635 0.00243191048502922 0.00238390290178359 0.002258530119434 0.00214659119956195
0.00189288321416825 0.00198926171287894 0.00206389161758125 0.00215181661769748 0.00224690069444478 0.00240358291193843 0.00257778353989124 0.00272876676172018 0.00287401559762657 0.0029286181088537 0.00298828980885446 0.00307374726980925 0.00319474819116294 0.00340157211758196 0.0035897889174521 0.00375246070325375 0.00391311245039105 0.00407211156561971 0.00408896990120411 0.00403849966824055 0.00393671449273825 0.00382266915403306 0.00384602835401893 0.0038840789347887 0.0039985696785152 0.00407008640468121 0.00396175496280193 0.00377571280114353 0.00342561630532146 0.00304583739489317 0.00262977997772396 0.0022841626778245 0.00198985286988318 0.0018269371939823 0.00171843613497913 0.00175652198959142 0.0018234234303236 0.00193291576579213 0.00203442992642522 0.00204259832389653 0.00203598965890706 0.00197742483578622 0.00192575622349977
0.001582320779562 0.0016359620494768 0.00167561834678054 0.00170681963209063 0.00173346837982535 0.00178986508399248 0.00185472227167338 0.00191564147826284 0.00197478500194848 0.00199687224812806 0.00202213111333549 0.00206352421082556 0.0021316681522876 0.00226440513506532 0.00242429412901402 0.00262145907618105 0.00285857147537172 0.00312836794182658 0.00326819950714707 0.00334646995179355 0.00333490618504584 0.00330187799409032 0.00332124857231975 0.00335075706243515 0.00347543065436184 0.0035514710471034 0.00342397624626756 0.00321138394065201 0.00281914439983666 0.00242087943479419 0.00201524957083166 0.00168599816970527 0.00141237967181951 0.00130435917526484 0.00126491847913712 0.00135306955780834 0.00146630208473653 0.00158139527775347 0.00168874382507056 0.00171976385172457 0.00174310756847262 0.00173946109134704 0.00173616560641676
0.00146445527207106 0.00148280512075871 0.00149608834180981 0.00150360644329339 0.00150802021380514 0.00152851222082973 0.00155357678886503 0.0015818658284843 0.00160989386495203 0.00162196601741016 0.00163544283714145 0.00165606511291116 0.00169174186885357 0.00176376930903643 0.00186135270632803 0.00199402077123523 0.00218715844675899 0.00242977077141404 0.00260405661538243 0.00274597783572972 0.00281079206615686 0.00285718264058232 0.00289757712744176 0.00294161750935018 0.00304471980780363 0.00309834256768227 0.00294488738290966 0.00272738235071301 0.00237466301769018 0.00202076556161046 0.00166542863007635 0.00139298860449344 0.00118092959746718 0.00111744168680161 0.00111548230051994 0.00120614853221923 0.00131502281874418 0.00141629949212074 0.00151123316027224 0.00154695089440793 0.00157524005044252 0.00157740979921073 0.00157416146248579
0.00136260117869824 0.00134732387959957 0.00133567256852984 0.00132273940835148 0.00130911613814533 0.00129983085207641 0.00129177945200354 0.00129260832909495 0.00129440962336957 0.00129792408552021 0.00130123400595039 0.00130350433755666 0.00130952161271125 0.00132458633743227 0.0013599107041955 0.00142304878681898 0.00156349467579275 0.00176719145383686 0.00196577608585358 0.00216193939559162 0.00229808175936341 0.00241988268680871 0.00248116627335548 0.00253969733603299 0.00261867581866682 0.00264858501031995 0.00247313524596393 0.00225604488514364 0.00195104791782796 0.00164811790455133 0.00134771398734301 0.00113474181853235 0.00098545360378921 0.000962655991315842 0.00099224247969687 0.00108039402402937 0.00118005822878331 0.00126651430036873 0.00134809722658247 0.00138685246929526 0.00141786597669125 0.00142165913712233 0.00141456641722471
0.00128034607041627 0.00124945282004774 0.00122568756341934 0.00120369356591254 0.00118265359196812 0.00116297940257937 0.00114369369111955 0.00112947018351406 0.0011159130372107 0.00110635382588953 0.00109742279164493 0.00109168665949255 0.00108849327079952 0.00109143950976431 0.00110840378329158 0.00114461279008538 0.00124140304978937 0.00138775922823697 0.00155543524306267 0.00173321017064154 0.00187492358963937 0.00200802087783813 0.00205621682107449 0.0020992667414248 0.00215231045149267 0.0021713285241276 0.00204794597811997 0.00189171230886132 0.00166612665634602 0.00144327711313963 0.00122377171646804 0.00106275943107903 0.000944352534133941 0.000911995477508754 0.000915274722501636 0.000978273688815534 0.00105301197618246 0.00113272538874298 0.00120868033263832 0.00124612112995237 0.00127495231572539 0.00127351214177907 0.001259705866687
0.00117438600864261 0.00113352132029831 0.00110283412504941 0.00107613392174244 0.0010515806498006 0.00102528813295066 0.000998501083813608 0.000972956360783428 0.000947746390011162 0.00092814234085381 0.000909835565835238 0.000898127967957407 0.000887936970684677 0.000881408050190657 0.000883091066498309 0.000896047917194664 0.000953359412960708 0.00104696059133857 0.00118342065252364 0.00134018191602081 0.00148012407589704 0.00161604746244848 0.00165156612638384 0.00168019102420658 0.00170887541025877 0.00171752588357776 0.00164233322720975 0.00154245679732412 0.00139047089032829 0.00124249502550811 0.00109942001290619 0.000988904037512839 0.000902103492990136 0.00086410716176033 0.000846322276629508 0.000885104935150594 0.000935007410589606 0.00100478471722454 0.0010720060672611 0.00110706780105829 0.00113334809429944 0.00112875283230096 0.0011113085784018
0.0009644859819673 0.000938400393351912 0.000923556857742369 0.000911243376322091 0.000900292245205492 0.0008839150541462 0.000865994661580771 0.000845488044433296 0.000824873917736113 0.000808504759334028 0.000793386192526668 0.000784629082772881 0.000777144043240696 0.000772730389144272 0.000772632658481598 0.000778460002038628 0.000814606668427587 0.000875559693668038 0.000979455769993365 0.00110369315370917 0.00120966846588999 0.00131128053180873 0.00133592041675001 0.0013547504786402 0.00136598374228925 0.00136656337417662 0.00132255698554218 0.00125930947251618 0.00115544255822897 0.00105950923170894 0.00097327254479751 0.000906835834030062 0.000854821177199483 0.000828373711556196 0.000812514568679035 0.000831187120638788 0.000856647791806608 0.000902487779967487 0.000947357097174972 0.000975371745880693 0.000997484778054059 0.000998847419396043 0.000991250271908939
0.000796533189713955 0.000783798866905272 0.000781531911343336 0.000780039117671549 0.000778963032644242 0.000770458253100514 0.00075984065188095 0.000744419812690467 0.000728610844817013 0.000715597532689571 0.000703751982655376 0.000697846699040383 0.000693056266754866 0.000690957880578935 0.000690232904162258 0.000691393448505551 0.00071018747985363 0.000743408803828061 0.000815071281976998 0.000904942571651191 0.000978290219791234 0.00104768993332982 0.00106220657471567 0.00107215519528836 0.00107049476355314 0.00106543442234397 0.00104614498559386 0.00101358781103045 0.000953021459281445 0.000901963270734996 0.00086252624168992 0.000832449062727392 0.000809189514257014 0.000793953309766948 0.000782039773184806 0.000787094992119819 0.000795485859271139 0.000821901543531567 0.000848439114633948 0.000869646668434143 0.00088742736261338 0.000893159187398851 0.000893397140316665
0.000720103038474917 0.000717604765668511 0.00072078627999872 0.000722333323210478 0.000723000208381563 0.000717910588718951 0.000711183878593147 0.000700952659826726 0.000690405489876866 0.000681011937558651 0.000672624621074647 0.000669355620630085 0.000667235290165991 0.000667888438329101 0.000669053115416318 0.000670920067932457 0.00068067922256887 0.000696895585861057 0.000737045193091035 0.000788531498983502 0.000832173100207001 0.000873940298333764 0.000879982078913599 0.000883042521309108 0.000878431659657508 0.000873034645337611 0.000864347501192242 0.000849523697979748 0.000821744906716049 0.000799923378508538 0.00078538287198171 0.000774821848608553 0.000767159392125905 0.000762397539801896 0.000758836918976158 0.000764441094361246 0.000771846855059266 0.000788685050792992 0.00080566230462864 0.000820586399640888 0.000833674857858568 0.000840309367049485 0.000843992689624429
0.000676488620229065 0.000678790791425854 0.000683610793203115 0.000686087762005627 0.000687303079757839 0.000684302009176463 0.000680101860780269 0.000672972644679248 0.000665554602164775 0.000658433767966926 0.000652225455269217 0.000650659203529358 0.000650244648568332 0.000652610964607447 0.000654992065392435 0.000657393480651081 0.000661526573821902 0.000667076441459358 0.000684983737301081 0.000708744511939585 0.000730197469238192 0.000751099025364965 0.000752779887989163 0.000752916326746345 0.000749793078284711 0.000747417972888798 0.000748173682950437 0.000747358542867005 0.000743227312341332 0.000741886324249208 0.000743955606594682 0.000746168836485595 0.000748486898373812 0.00075017410563305 0.000751599960494787 0.000756592489778996 0.000762286072131246 0.000771683175116777 0.000781188660766929 0.000790413527283818 0.000798955501522869 0.000805096584372222 0.000809997087344527
0.000674159033223987 0.000674423179589212 0.000676088500767946 0.000676840951200575 0.000677101837936789 0.000674520328175277 0.000671130430418998 0.000664476654492319 0.000657504715491086 0.000650961825158447 0.00064532330725342 0.000644285173621029 0.000644363230094314 0.000647136417683214 0.00064988702069968 0.000652606599032879 0.000655402080155909 0.000658259785268456 0.000665587896946818 0.000675033545121551 0.000683755555655807 0.00069230463122949 0.000694800168275833 0.000696999952197075 0.000700947770383209 0.000705819751601666 0.000714559806510806 0.00072306755464524 0.000731084903236479 0.000739208539016545 0.000747461919672787 0.000753967557102442 0.000759200134780258 0.000762272160500288 0.000764449359849095 0.00076737004565075 0.00077043694909662 0.000775080698076636 0.000779741909354925 0.000784002593718469 0.000788181438110769 0.000792072620242834 0.000795387197285891
0.000680129218380898 0.000678493175655603 0.000677872623782605 0.000677007774356753 0.000676011317409575 0.000672799942549318 0.000668958644382656 0.0006617316394113 0.000654189905617386 0.000647507840767503 0.000641755817923695 0.000640734622720629 0.000640829151961952 0.000643617357127368 0.000646560918539762 0.000649717752821743 0.00065239891409874 0.000654690957162529 0.000657931552268565 0.000661621452309191 0.000666662119328976 0.000672025547828525 0.00067932455567643 0.000687003484927118 0.000698275689501315 0.000710379390511662 0.000725962745491415 0.000740930961910635 0.000754600623622537 0.000766176090110093 0.000775192049331963 0.000781138194724917 0.000784848292823881 0.000785502314101905 0.000784890784416348 0.000784042873419821 0.000783148454502225 0.000782697752583772 0.000782265153247863 0.000781848444603384 0.000781813520006835 0.000783121213316917 0.000784541887696832
0.000692324189003557 0.000688891508616507 0.000686636660248041 0.000684234837535769 0.000681753910612315 0.000677125586662441 0.000671886606141925 0.00066329981200397 0.000654426403343678 0.000647067266982049 0.000640689278952777 0.000639301782939583 0.000639055506326258 0.00064156495500356 0.000644569110590965 0.000648252433165908 0.000651736685540527 0.00065505801467225 0.000659079931210726 0.00066343363141641 0.000671580375637859 0.00068063335493207 0.000695727474521846 0.000711447326466441 0.000730234081856906 0.000749557802919298 0.000771128688938916 0.000790410558693111 0.000804860203061253 0.000815377978142351 0.000821090245153755 0.000822837871965021 0.000821697700303048 0.000817081716377288 0.000811026256997138 0.000805137096904218 0.000799280591309071 0.000793479557614774 0.000787765951827168 0.00078288686927408 0.000778750283643603 0.000777224369812757 0.000776520057115704
0.000707804516423494 0.000703738129232079 0.000700565869919956 0.00069686834467575 0.000692887988407165 0.00068638741504401 0.000679170130752027 0.000668543507345021 0.000657653086818755 0.000649061694275588 0.000641556514892727 0.000639576755929738 0.000638945901300758 0.000641572172753513 0.000645558815449476 0.000651413050945848 0.000657758733723313 0.000664506515022367 0.000673132366500795 0.000682647747453302 0.000697348907124251 0.000713289133273065 0.000733716588001698 0.000754417909774929 0.000774618936702609 0.000794791616499424 0.000814845785498619 0.000831777579151094 0.000842117588035762 0.0008483991259709 0.000849720439873636 0.000847102433908731 0.000841615197714418 0.000832077988889068 0.000820863584522158 0.000810210534837097 0.000799667846877128 0.000789061130490154 0.000778643705416471 0.000770098820794374 0.000762763200327754 0.000759679300244898 0.000758148613385856
0.000724692828953266 0.000720491167157888 0.00071670877514407 0.000711818982381374 0.000706332793924958 0.000697764800861478 0.000688320258632302 0.000675362418405712 0.000662161270156503 0.000652099610306323 0.000643252511508763 0.00064058369025588 0.00063954945653677 0.000642462109681219 0.00064782629488036 0.00065655616344884 0.000666645530145615 0.000677847128827125 0.000692715169861913 0.000709319894667715 0.000732053420506418 0.000756251276470721 0.000780957052484155 0.000805328658316284 0.000824329443275928 0.000842620618641376 0.000857941980939358 0.000869667623192072 0.000873802520800382 0.000874485645908862 0.000870949937961996 0.000863894762005657 0.000854276120662689 0.000839967164210975 0.00082371587632224 0.000808417797088623 0.000793307146523148 0.000778128218371421 0.000763254356570542 0.000751384999603033 0.000741237192414701 0.000737142167054117 0.000735341454856098
0.000735084875486791 0.000732424785383046 0.000729681167285889 0.000725186197087169 0.000719748088158667 0.000710168678779155 0.000699411553796381 0.00068409345112741 0.000668448919896036 0.000656596035696566 0.000646151253022254 0.000642869039438665 0.000641974329482764 0.000646844389848411 0.000655812851618975 0.000670407840516418 0.000686920422594994 0.000705001933965832 0.000725769787095487 0.000747810117900372 0.000771347724366933 0.00079524313332513 0.000816100102383643 0.000836294610053301 0.000849885982461274 0.000862572400365025 0.00087147147860378 0.000877872807905078 0.000879001221619546 0.000877728627528995 0.000873521552421153 0.000866058107931167 0.000856222817674279 0.000838926935102791 0.000818541331682354 0.000797124637756497 0.000775505148340017 0.000755888409912586 0.000736928544938564 0.000723661622032523 0.000712490233127028 0.000708687060978264 0.000707278843037784
0.000744132907129824 0.000743361189961433 0.000741997617296875 0.000738225760869682 0.00073315721238032 0.000722785014659166 0.000710904423613101 0.000693220004905015 0.000675104674883187 0.000661394209600985 0.000649298774078488 0.00064541888423264 0.000644776038825512 0.000651949259918183 0.0006649827118963 0.000686061335727572 0.00070955156115815 0.000735014909878373 0.000761611736379564 0.00078874547034502 0.000811591744422913 0.000833413563668728 0.000848740106448531 0.000863133871462196 0.000870445044711232 0.000876756384968758 0.00087888358393684 0.000879936094861478 0.00087871978757903 0.000876245263498276 0.000872232834808528 0.000865194771904498 0.000855952792335302 0.000836039194837213 0.000811706122476608 0.000783865747507662 0.000755335961002856 0.000731309119146317 0.000708339968696237 0.000694074085913599 0.000682249257806689 0.000679007614962757 0.000678128795698285
0.000747090147342533 0.000748000165913254 0.000748019083403051 0.000745254918001592 0.000740992196369916 0.000731110048945993 0.00071962975198403 0.000701104756444693 0.000681986450217664 0.000666318519506603 0.000652503164019436 0.000648111687041819 0.000648132001515478 0.000658805016428232 0.000676596770063043 0.000704161764588207 0.000732041313312948 0.000760178256314248 0.000785955984611064 0.000810616125818342 0.000828672840725631 0.000845151778776199 0.000855195801705122 0.000864398956764489 0.000867797643877566 0.000870492134708911 0.000870239455252886 0.000869693059939891 0.000868526345584542 0.000866233196575195 0.00086256314534694 0.000855800928547978 0.000846786424517632 0.00082279572961852 0.000792602892033756 0.000758447800762951 0.000723513774573803 0.000697563111316413 0.000673094589728862 0.00065985502442345 0.000649152207188308 0.000647368666250259 0.00064791482873261
