Ecospace-environmental-drivers/Outputs/ASCII-for-ecospace/MOM6-ISIMIP3a/phyc/2010-06_phyc_MOM6-ISIMIP3a.asc
NCOLS 131 
NROWS 53 
XLLCORNER -98 
YLLCORNER 23.9265270233154 
CELLSIZE 0.133587792515755 
NODATA_value -9999 
[rows 19 to 37 of 53, columns 43 to 85 of 131]
0.00114109402056783 0.00111976871266961 0.00111342791933566 0.00114163535181433 0.00118844560347497 0.00126056640874594 0.00133988563902676 0.00143042160198092 0.00152264093048871 0.00162930495571345 0.00174415484070778 0.00190064532216638 0.00204218924045563 0.00214764359407127 0.00221659569069743 0.00223543494939804 0.00221496215090156 0.00216232542879879 0.00211158907040954 0.00206175283528864 0.0020638364367187 0.002078325022012 0.00217635370790958 0.00228608353063464 0.00248258840292692 0.00269267405383289 0.0029595959931612 0.00321330828592181 0.00343913328833878 0.00364382122643292 0.00382267590612173 0.0039399666711688 0.00401241471990943 0.00410015461966395 0.00419422704726458 0.00445720599964261 0.00475338846445084 0.00486147729679942 0.00493144849315286 0.00469709932804108 0.00441008154302835 0.00393788143992424 0.00351325026713312
0.00113246927503496 0.00111349718645215 0.0011040986282751 0.00110954127740115 0.00112297513987869 0.00114831700921059 0.00117704551666975 0.00121862755622715 0.00126226746942848 0.00132594862952828 0.0013974264729768 0.0015085656195879 0.0016152475727722 0.00171116751153022 0.00178175873588771 0.00181757693644613 0.00180374609772116 0.00174929376225919 0.00169828732032329 0.00164891325403005 0.00165905267931521 0.00168341188691556 0.00177870679181069 0.00188268336933106 0.00204209354706109 0.00221378658898175 0.0024368860758841 0.00264569302089512 0.00282432744279504 0.00299136131070554 0.0031442167237401 0.00322019425220788 0.00324017484672368 0.00326578551903367 0.00329372799023986 0.00353135098703206 0.00381019222550094 0.004003562964499 0.0041626337915659 0.00401755468919873 0.00382883916608989 0.00348669616505504 0.00318524078465998
0.0012045216280967 0.00118206511251628 0.00116571458056569 0.00115600158460438 0.00114986253902316 0.00115107302553952 0.00115437374915928 0.00116178637836128 0.00117024779319763 0.00119565520435572 0.00122606637887657 0.00128193118143827 0.00134119775611907 0.0014086781302467 0.00145662657450885 0.00147776037920266 0.00146012858022004 0.00141077965963632 0.00136447290424258 0.00131960702128708 0.00134162802714854 0.00137963052839041 0.00148073933087289 0.00158663478214294 0.001699099666439 0.0018172434065491 0.00195915414951742 0.00209029205143452 0.00219868845306337 0.00232320441864431 0.0024674222804606 0.00251410435885191 0.00248974328860641 0.00246433145366609 0.00243848469108343 0.0026327408850193 0.00287026446312666 0.00313876778818667 0.00337901571765542 0.00333203165791929 0.00325045804493129 0.00304726464673877 0.00287100672721863
0.00132801244035363 0.00130137999076396 0.00127849145792425 0.00125960982404649 0.00124288583174348 0.00123161706142128 0.00122189987450838 0.00121402053628117 0.00120674923527986 0.00121081178076565 0.00121778738684952 0.0012395812664181 0.00126418669242412 0.00129558145999908 0.00131578103173524 0.00132061121985316 0.00130266835913062 0.00126609310973436 0.00122933054808527 0.00119247916154563 0.001207061461173 0.00123393291141838 0.00132020795717835 0.00140931375790387 0.00148022396024317 0.00155227538198233 0.00162910320796072 0.00170923245605081 0.00179633137304336 0.00190454279072583 0.00203855778090656 0.00208945339545608 0.00207980605773628 0.00205245055258274 0.00201776134781539 0.00214686710387468 0.00230817124247551 0.00254088523797691 0.0027547215577215 0.00275831366889179 0.00273319892585278 0.00260714977048337 0.0024970315862447
0.00145061011426151 0.00141984224319458 0.00139062304515392 0.00136333366390318 0.00133708340581506 0.00131466204766184 0.00129332952201366 0.00127223401796073 0.00125137774739414 0.001236327807419 0.00122223794460297 0.00121303112246096 0.00120539136696607 0.00120153569150716 0.00119461212307215 0.00118347664829344 0.00116520083975047 0.0011410831939429 0.00111364899203181 0.00108464399818331 0.00109070644248277 0.00110514764674008 0.00117477681487799 0.00124548235908151 0.00127667293418199 0.00130492227617651 0.0013208620948717 0.00135397491976619 0.00142334133852273 0.00151662959251553 0.00163915508892387 0.00169608986470848 0.00170524907298386 0.00168060685973614 0.00164196616970003 0.00170634337700903 0.00179097149521112 0.00197753915563226 0.00215460918843746 0.00220202258788049 0.0022264258004725 0.00216992339119315 0.00211895001120865
0.00149317306932062 0.00145981553941965 0.00142716255504638 0.00139642017893493 0.00136670644860715 0.00134023011196405 0.00131467450410128 0.00129065255168825 0.00126696797087789 0.00124815304297954 0.00122972542885691 0.00121326767839491 0.00119705614633858 0.00118143868166953 0.00116419745609164 0.00114472722634673 0.00112132832873613 0.00109471520408988 0.00106690020766109 0.00103851582389325 0.00104274461045861 0.00105476565659046 0.00110405730083585 0.0011535343946889 0.00116844358853996 0.00118121551349759 0.0011850429000333 0.00120317575056106 0.0012515087146312 0.00131939782295376 0.00141118827741593 0.00146175199188292 0.00148228683974594 0.00147490343078971 0.00145595811773092 0.00149022252298892 0.00153494661208242 0.00164527120068669 0.0017512779450044 0.00179137277882546 0.00181509193498641 0.00178123323712498 0.00174894428346306
0.00151375390123576 0.00148042687214911 0.00144745502620935 0.00141554174479097 0.00138419843278825 0.00135511090047657 0.00132666493300349 0.00130015343893319 0.00127397268079221 0.00125137704890221 0.00122862472198904 0.00120507611427456 0.00118085416033864 0.00115500646643341 0.0011290175607428 0.00110283470712602 0.00107568397652358 0.00104774127248675 0.00102094339672476 0.000994687667116523 0.00099905941169709 0.00101074913982302 0.00104109093081206 0.00107073551043868 0.0010715841781348 0.0010710961651057 0.00106501404661685 0.00107012887019664 0.00109888112638146 0.0011430662125349 0.001206113724038 0.00125006656162441 0.00128011126071215 0.00128776859492064 0.00128615472931415 0.00129504012875259 0.00130598933901638 0.00134922936558723 0.00139240897260606 0.00142331758979708 0.00144430040381849 0.00143038318492472 0.0014149637427181
0.00143794936593622 0.00141614093445241 0.00139650877099484 0.00137343117967248 0.00134849839378148 0.0013231304474175 0.00129763863515109 0.00127055251505226 0.00124333193525672 0.00121688691433519 0.00118986773304641 0.00115992862265557 0.00113015854731202 0.0011007966240868 0.00107294286135584 0.00104715989436954 0.00102226994931698 0.000998110743239522 0.000978459604084492 0.00096094369655475 0.000974126334767789 0.000994643894955516 0.00101211946457624 0.00102805276401341 0.00102457904722542 0.00102055398747325 0.00101422180887312 0.00101492053363472 0.0010304618626833 0.00105837674345821 0.00110141490586102 0.00113770482130349 0.0011690795654431 0.00118205230683088 0.00118740415200591 0.00119166704826057 0.00119571597315371 0.00121202855370939 0.00122849480248988 0.00124202750157565 0.00125127437058836 0.00124545197468251 0.00123894354328513
0.00135152437724173 0.00134204362984747 0.00133539247326553 0.00132101122289896 0.00130246754270047 0.0012798624811694 0.00125610234681517 0.00122641283087432 0.00119615090079606 0.00116681761574 0.00113678222987801 0.00110317522194237 0.00107094005215913 0.00104201701469719 0.00101615604944527 0.000994498957879841 0.000974543218035251 0.000955979572609067 0.000943517370615155 0.000933945295400918 0.000951967725995928 0.000976583454757929 0.000984797021374106 0.000991011038422585 0.000984524027444422 0.000978141557425261 0.000972197449300438 0.000969951215665787 0.000975511677097529 0.00099082279484719 0.00101805140729994 0.00104704743716866 0.00107733113691211 0.00109343999065459 0.00110367871820927 0.00110550899989903 0.00110568630043417 0.00110338721424341 0.00110134901478887 0.00110275391489267 0.00110406312160194 0.00110503635369241 0.00110595743171871
0.00124192726798356 0.00124653929378837 0.00125208648387343 0.00124609714839607 0.00123389577493072 0.0012119667371735 0.00118727108929306 0.0011505518341437 0.00111288134939969 0.0010827569058165 0.00105243362486362 0.00102109939325601 0.000993125839158893 0.000973267073277384 0.000957815267611295 0.000948413508012891 0.000939224963076413 0.000930210866499692 0.000925029860809445 0.000921664526686072 0.000935862597543746 0.000954257149714977 0.000961071928031743 0.000966277031693608 0.000959633034653962 0.000953467271756381 0.000949303212109953 0.000947322056163102 0.000949949200730771 0.000960656092502177 0.000981238204985857 0.00100374582689255 0.00102765567135066 0.00104214635211974 0.00105273618828505 0.00105691107455641 0.00105982506647706 0.00105705892201513 0.00105442642234266 0.00105515401810408 0.00105681305285543 0.00106174719985574 0.00106686528306454
0.00113600923214108 0.00114820618182421 0.00115982792340219 0.00115794525481761 0.00114879093598574 0.00112836889456958 0.0011047424050048 0.00106785446405411 0.00103007676079869 0.00100492313504219 0.000980126322247088 0.000957144889980555 0.000937789096496999 0.000927187735214829 0.000920494378078729 0.000919166253879666 0.00091697828611359 0.000914086762350053 0.000913114636205137 0.000913051597308367 0.000922925770282745 0.000935174233745784 0.000940503261517733 0.000944685307331383 0.000939092074986547 0.000933769450057298 0.000929579138755798 0.0009264683467336 0.000925636501051486 0.000932066410314292 0.000947371649090201 0.000964760140050203 0.00098366616293788 0.000997014343738556 0.00100806087721139 0.00101476802956313 0.00102062220685184 0.00102053314913064 0.00102045107632875 0.00102258624974638 0.00102591305039823 0.00103342963848263 0.00104132352862507
0.00103471975307912 0.00104631448630244 0.00105630641337484 0.0010531391017139 0.00104288593865931 0.00102501665242016 0.00100498122628778 0.000976556504610926 0.000947857100982219 0.000934923242311925 0.000922967679798603 0.000915988581255078 0.000910730916075408 0.000909629801753908 0.000909618334844708 0.000911102746613324 0.000911176612135023 0.000910096394363791 0.000909467751625925 0.000909053138457239 0.000913974887225777 0.000920171674806625 0.000923905638046563 0.000927046872675419 0.000924023857805878 0.000920332386158407 0.000913843279704452 0.00090784823987633 0.000902896281331778 0.000905460794456303 0.000917212048079818 0.000931204587686807 0.000946829735767096 0.00095963419880718 0.000971270492300391 0.000980745768174529 0.000989796128123999 0.000996339949779212 0.00100276432931423 0.00100893015041947 0.0010155828204006 0.00102394737768918 0.00103282905183733
0.000957201409619302 0.00096397363813594 0.000970314140431583 0.000966959865763783 0.000958385411649942 0.000945663079619408 0.000931761111132801 0.000914520933292806 0.000897438090760261 0.000893827818799764 0.000891214061994106 0.000893669319339097 0.000896498560905457 0.000900230719707906 0.000903408508747816 0.000905825290828943 0.000906699104234576 0.000906310509890318 0.000905528606381267 0.000904560438357294 0.000906183384358883 0.000908425427041948 0.000910095521248877 0.000911431445274502 0.000908474379684776 0.000904540705960244 0.000896519515663385 0.000888839480467141 0.0008818797650747 0.000882037100382149 0.000890892813913524 0.00090190873015672 0.000914497999474406 0.000927234825212508 0.00094003276899457 0.000951791007537395 0.000963344820775092 0.000972926092799753 0.000982342637144029 0.000990863889455795 0.000999186770059168 0.00100681255571544 0.00101500155869871
0.000897511607035995 0.000896296289283782 0.000897468882612884 0.000894751050509512 0.000889938324689865 0.00088430882897228 0.000878447026479989 0.000874432385899127 0.00087086990242824 0.000874411081895232 0.000878514489158988 0.00088547810446471 0.000891885720193386 0.000896950834430754 0.000900698476471007 0.000902637315448374 0.000903214677236974 0.000902678119018674 0.000901370251085609 0.000899697071872652 0.000899261387530714 0.000899121456313878 0.000898376107215881 0.000897333200555295 0.00089256395585835 0.000886982947122306 0.000878004764672369 0.000869539275299758 0.000862156099174172 0.000860999745782465 0.000867453985847533 0.000875807658303529 0.000885544810444117 0.000898571102879941 0.000912959570996463 0.000926637032534927 0.000940174737479538 0.000950096873566508 0.000959869532380253 0.000969489919953048 0.000978241441771388 0.000983938341960311 0.000990174361504614
0.000884648528881371 0.000875574012752622 0.00087164604337886 0.000867510156240314 0.00086326221935451 0.000860216736327857 0.00085751322330907 0.000858258281368762 0.000859527266584337 0.000865411071572453 0.000871724274475127 0.000880221545230597 0.000887934293132275 0.000893752905540168 0.000897634366992861 0.0008988564950414 0.000898405502084643 0.000896585697773844 0.000893965479917824 0.000890966155566275 0.000888712762389332 0.000886637659277767 0.000883949163835496 0.000881051179021597 0.000875718193128705 0.000870145857334137 0.00086357188411057 0.000857720791827887 0.000853395846206695 0.000852948811370879 0.000857241218909621 0.000862607907038182 0.000868756964337081 0.000878500053659081 0.00088973151287064 0.000900307204574347 0.000910754024516791 0.000916781136766076 0.00092267693253234 0.000928888330236077 0.0009345329599455 0.000938184908591211 0.000942766899242997
0.000891854346264154 0.000874975696206093 0.000865976035129279 0.000859541527461261 0.000854488229379058 0.000852094381116331 0.000850456883199513 0.000852333381772041 0.000854709942359477 0.000860875530634075 0.000867466733325273 0.000876222737133503 0.000884266395587474 0.000890590075869113 0.000894418568350375 0.000894821539986879 0.000893028627615422 0.000889439019374549 0.000885169429238886 0.000880577659700066 0.000876609818078578 0.000872791104484349 0.000868361734319478 0.000863833236508071 0.000858471554238349 0.000853617617394775 0.000850888318382204 0.000849108851980418 0.000849334406666458 0.000850463518872857 0.000852696946822107 0.000854937417898327 0.000857182953041047 0.000862111628521234 0.000868151430040598 0.000873473472893238 0.000878654303960502 0.000878971070051193 0.000879175786394626 0.000880046107340604 0.00088106858311221 0.000882625987287611 0.00088568200590089
0.000935475982259959 0.000912695715669543 0.000896744022611529 0.000883612781763077 0.000872000295203179 0.000864166649989784 0.000857407692819834 0.000854983634781092 0.000853196659591049 0.00085662875790149 0.000860690604895353 0.000867955852299929 0.000875131750945002 0.000882091873791069 0.000886382826138288 0.000887009256985039 0.000885075889527798 0.000881048094015568 0.0008764315280132 0.000871536030899733 0.000866848335135728 0.000862210290506482 0.000858307350426912 0.000854562735185027 0.000852387107443064 0.000850773882120848 0.000851514632813632 0.000852645083796233 0.000854598300065845 0.000856142432894558 0.000857186620123684 0.000857199018355459 0.000856459781061858 0.000855702965054661 0.00085493887308985 0.000853788922540843 0.000852563127409667 0.000847476767376065 0.000842349079903215 0.000838214124087244 0.000834554608445615 0.000832566583994776 0.000832695281133056
0.000986632076092064 0.000958343909587711 0.000935051066335291 0.000914313131943345 0.000894950935617089 0.000880417122971267 0.000867256603669375 0.000859408115502447 0.000852366967592388 0.000852441706229001 0.000853393343277276 0.000858805957250297 0.00086486607324332 0.000872489821631461 0.00087734981207177 0.000878415477927774 0.00087659020209685 0.000872399657964706 0.000867705617565662 0.000862773100379854 0.000857571314554662 0.000852305151056498 0.000849397736601532 0.000846936600282788 0.000848612107802182 0.000850761542096734 0.000854894751682878 0.000858694780617952 0.000861791661009192 0.000863510591443628 0.000863545457832515 0.00086151558207348 0.000857981678564101 0.000851359160151333 0.00084345752838999 0.000835583603475243 0.00082771509187296 0.000817289226688445 0.000806903291959316 0.000797832559328526 0.000789478654041886 0.000783644965849817 0.000780556467361748
0.00102617521770298 0.000994866830296814 0.000965345476288348 0.000938429438974708 0.000912916322704405 0.000893788179382682 0.000876475882250816 0.000865333247929811 0.000855076301377267 0.000851679011248052 0.000849244184792042 0.000851705262903124 0.000855130841955543 0.000860885309521109 0.000864849309436977 0.000866355141624808 0.000865757057908922 0.000863437599036843 0.000860862026456743 0.000858165149111301 0.0008551268838346 0.0008520070114173 0.000851010088808835 0.000850422075018287 0.000853662844747305 0.000857083534356207 0.000861257140059024 0.00086479913443327 0.00086700776591897 0.000867658818606287 0.000866406306158751 0.000862910237628967 0.000857779930811375 0.000848079798743129 0.000836487160995603 0.000824607734102756 0.000812671903986484 0.000797576969489455 0.00078264920739457 0.000770497776102275 0.000759263115469366 0.000751251587644219 0.000745959929190576
