Ecospace-environmental-drivers/Outputs/ASCII-for-ecospace/MOM6-ISIMIP3a/phyc/2011_mo03_avg31y_phyc_MOM6-ISIMIP3a.asc
NCOLS 131 
NROWS 53 
XLLCORNER -98 
YLLCORNER 23.9265270233154 
CELLSIZE 0.133587792515755 
NODATA_value -9999 
[rows 19 to 37 of 53, columns 0 to 43 of 131]
-9999 -9999 -9999 -9999 -9999 -9999 -9999 -9999 0.0070550954720426 0.00748675438244977 0.00750660902309802 0.00754963381276015 0.00790967521888595 0.00844245821598076 0.00835463775682353 0.00816548596166315 0.00805456828205816 0.00799737747518286 0.00790191944988985 0.00779168488037202 0.00727074052537641 0.00667731837940312 0.00644694049392016 0.00623833976926342 0.00614496846232683 0.00606546440582362 0.00603092349915495 0.00599809986118588 0.00596827294136728 0.00595044980817024 0.00594497814534172 0.00593739334163406 0.0059285212698723 0.00592843464185153 0.00593127646002798 0.0059617678935249 0.00599606800824404 0.00602858971744295 0.00605919623687383 0.00607760603569688 0.00609171120149474 0.00609383333264099 0.00610921000160517 0.00614507084021405
-9999 -9999 -9999 -9999 -9999 -9999 -9999 -9999 0.00664468865180689 0.00703384347199913 0.00748675438244977 0.00748343875391349 0.00754963381276015 0.00773693364293825 0.00776050715977626 0.00759516632364642 0.00744353436053761 0.00730131679184495 0.00707130789035751 0.00680739947805001 0.00636953463958156 0.00590097190692059 0.00570099380227827 0.00551538075500679 0.00540046553097425 0.00529855128467804 0.00523879120667135 0.00517829596215198 0.00511651785082875 0.00506611260014676 0.00502740981568012 0.00499156643185885 0.00495746510193473 0.00493689062404296 0.00492082509182153 0.00493244144825205 0.0049480507901359 0.00498688119583793 0.00502545575821592 0.0050624007990043 0.00509532354021024 0.00511704906520824 0.00514938706351865 0.00519812596030533
-9999 -9999 -9999 -9999 -9999 -9999 0.00630311634872229 0.00634210465115405 0.0064539315118905 0.00664468865180689 0.00697008738174073 0.00748675438244977 0.00741392803648787 0.00719699897472897 0.00701784048109285 0.00688226351274117 0.0066797383460066 0.00643123674296564 0.00609789853314719 0.00573180172772658 0.00541053064948609 0.00509716990974642 0.00491435637307023 0.00473975130326806 0.00460972816443011 0.00448985532256624 0.00440289386578145 0.00431453474917479 0.00422373658136254 0.00414280541571638 0.00407202721333071 0.0040091491349402 0.00395108370350734 0.00390723655601182 0.0038681288490132 0.00385647405299448 0.00384898341801618 0.00389291330300752 0.00393872737373796 0.00399654111524503 0.00405151648597131 0.00409859062863454 0.00415437115025857 0.00422360700735402
-9999 -9999 -9999 -9999 -9999 -9999 0.00629487928123243 0.00630311634872229 0.00638109296860714 0.00648682821361769 0.00664468865180689 0.00677881917105086 0.00677272145666422 0.0064891516982067 0.00623166996745333 0.00600428967886875 0.00576912452496829 0.0055286132339989 0.00522997585545865 0.0049088939708928 0.00466729317521376 0.00443971832282841 0.00428946391348877 0.00414669094607234 0.00405215408893362 0.00396256944194676 0.00388904214806614 0.00381246227921257 0.0037305555306375 0.00365195773361671 0.00357676467167274 0.00351028242749312 0.00344910676170501 0.00339844077825546 0.00335127798720233 0.00333220142150118 0.0033173207869573 0.00334609395283605 0.00337762486249689 0.00342671833782186 0.00347568673051653 0.00352430690620695 0.00358154151528593 0.00365208922660038
-9999 -9999 -9999 -9999 0.0067193805570564 0.00642348615632903 0.00629086281743742 0.00629065866251626 0.00630311634872229 0.00645906960351333 0.00654043813025759 0.00633632816794899 0.0060925226989052 0.00577017121888216 0.00544854748483387 0.00512776349581057 0.00486606347464746 0.00464493902249923 0.00439358055741797 0.0041305476108626 0.00396441503788435 0.00381538243363461 0.00369864529479415 0.00358894116605722 0.00353195181026334 0.00347487473740212 0.00341751319055836 0.00335547021560131 0.00328525787805237 0.0032118558320367 0.00313517170011877 0.00306751019877171 0.00300534525811071 0.00295018386321082 0.00289735702362152 0.00287271579427104 0.00285220419942972 0.00286422644351279 0.00287972358731373 0.00291735022479007 0.00295765464749908 0.00300541344744664 0.0030617423340558 0.00313131589697854
-9999 -9999 -9999 -9999 0.00739854789008537 0.00676462540943776 0.00655610948019931 0.00629086281743742 0.00627799682138908 0.0061142489073738 0.00593316523478396 0.00568572730727253 0.00541058553743266 0.00508062564767897 0.00477094547222218 0.00448466476143127 0.00427399908432797 0.00411526137031615 0.00394351797689113 0.00376675250158916 0.00365362036973238 0.00355171751711638 0.0034647663274119 0.00338210389318485 0.003332452728383 0.0032832607807171 0.00323555759725071 0.00318323230115517 0.0031228409028582 0.00306015771873776 0.00299511638079439 0.00293654604860011 0.00288191782836352 0.00283971514117213 0.00280165419568338 0.00278197215764873 0.00276491467675735 0.00275959244238273 0.00275748952351991 0.00277588824411073 0.00279930491195691 0.0028366902880671 0.002881086716849 0.00293631842284794
-9999 -9999 -9999 -9999 -9999 0.00739854789008537 0.00681298164530627 0.00682135615798254 0.00622700261432798 0.00578764124563144 0.00537797955105141 0.00508199592361287 0.00477491424328858 0.00444587246484814 0.00415432399078723 0.00390603680974774 0.00374243087736109 0.00363697931771317 0.00353480425603207 0.00343389439606859 0.00336787435826996 0.00330801125645878 0.00324873958203581 0.00319139922653595 0.00315004519201935 0.00310973350649639 0.00307280143662806 0.00303099266133241 0.00298067358803124 0.00292747724996579 0.00287132032756363 0.00281963581519742 0.00277067580065059 0.00273885506565773 0.00271274736376419 0.00269651933077482 0.00268162620599352 0.00266248489459676 0.00264631170073464 0.00264904025431362 0.00265785868489935 0.00268362991647014 0.00271504564255837 0.00275518465411639
-9999 -9999 -9999 -9999 -9999 0.00746616863855912 0.00739854789008537 0.00674115965563443 0.00606255497663252 0.00554089184339729 0.00505118167418386 0.00468377400219681 0.00434210565271637 0.00405136853336327 0.00380508527309904 0.00361009478388775 0.0034761217633082 0.00338405215992562 0.00330739378959181 0.00323668633767914 0.00319195985643854 0.00315181823492411 0.00311098994702221 0.00307143142732281 0.0030425793018132 0.00301551154529255 0.0029942293448614 0.00296644011377207 0.00292729542425443 0.00287818383695858 0.00281881646914107 0.00276434774916138 0.00271286318574341 0.00268012643866842 0.00265363895619709 0.00263426519720064 0.00261588096092906 0.00259837857447565 0.00258361228982047 0.00258627044592774 0.00259052974457342 0.00259924637183787 0.00261308495781475 0.00263483920735457
-9999 -9999 0.00763862416328442 0.00761273760168302 0.00757866708802119 0.00753386955588095 0.0074660885448177 0.00673740474326957 0.00598541997192848 0.0053681003215212 0.00479062651133826 0.004365666138549 0.0039943883856458 0.00372933347018496 0.00351582040199109 0.0033617784764858 0.00325165565816625 0.00317169402936293 0.00311519110184764 0.00306774642423636 0.00303719804862574 0.00300963138485508 0.00298250956656111 0.00295636016545036 0.00293823310189069 0.00292245873189982 0.00291431264486164 0.00289855784766616 0.00286952521832239 0.00282478675756964 0.00276388736036155 0.00270768169373755 0.00265433533763092 0.00262034515054115 0.00259280692590701 0.00257199441999077 0.00255215642297821 0.00253856956072512 0.00252709425460067 0.00252906587575713 0.00252935471719191 0.0025249591224917 0.00252372843603934 0.00252738888300354
-9999 -9999 -9999 -9999 0.00772567616114693 0.00762346463518277 0.00766475599319223 0.00690043433719585 0.00609878857710188 0.00535667377463993 0.00467460307352726 0.00422235573792169 0.0038323279004544 0.00356541492135054 0.00335740958220295 0.00321737454543191 0.00311848492692074 0.00304785167287675 0.00299980657761015 0.00296048353606414 0.00292858834408464 0.00289800391727758 0.00287425324260708 0.0028519724090133 0.00284069362697342 0.00283195684859229 0.0028314623087945 0.00282341095003029 0.00280217228517417 0.00276243614198099 0.00270366648797907 0.00264800890844556 0.00259424715242799 0.0025582671082849 0.00252821430143329 0.00250968728740249 0.00249284067221226 0.00248813662197321 0.00248406300952117 0.00248400393062301 0.00248160669129462 0.00247270049857757 0.00246187229640782 0.00244807381738698
-9999 -9999 -9999 -9999 0.00793625668231999 0.00801969435246241 0.00793214381161717 0.00712813726896721 0.00628532723133122 0.00542967131872091 0.00465126458795801 0.00416853528980526 0.00374782764382901 0.00344984357305352 0.0032296032314339 0.00309906693385734 0.00301079610512862 0.00295155087576037 0.00291013590721113 0.00287560591354005 0.00284166063647717 0.0028078185221661 0.00278599143418814 0.00276608650587619 0.00276000709122708 0.00275568880381123 0.00275708096958096 0.00275253004304344 0.00273760793460233 0.00270333764098224 0.0026491584534186 0.00259449754676391 0.00253954312704023 0.00250268760212367 0.00247186500083415 0.0024593221737192 0.00244938233311498 0.00245007743022495 0.00245036599000976 0.00244806555189913 0.00244333183077434 0.00243182436022307 0.00241458609760288 0.00238849119763942
-9999 -9999 -9999 -9999 0.00809265270588859 0.00816561093914413 0.008255697922 0.00743720453653124 0.00656392016718465 0.00560888135805726 0.00474453154921291 0.0042273004223863 0.00376090447929117 0.00339509708987128 0.00314029974622592 0.00301359062113108 0.00293516565204388 0.00288989958954194 0.0028528154925293 0.00281889080595706 0.00278201066858826 0.00274460901310968 0.00272288436310426 0.0027034773130811 0.00270052277858579 0.00269732805674956 0.00269335436995231 0.00268701625417077 0.00267655191372239 0.00264833059402243 0.00260183762668842 0.00254873770679678 0.00249161286610028 0.00245528376000302 0.00242588654791396 0.00242398107694762 0.0024258739187292 0.00242758539295004 0.00242841221962965 0.00242360531082076 0.00241697493625144 0.00240526836170184 0.00238563001696621 0.00235373362328016
-9999 -9999 -9999 -9999 0.00816561093914413 0.00827466157234965 0.00840267594603281 0.00763552611873996 0.00681171594788471 0.00579693706165398 0.00487038862681197 0.00428154868554444 0.00375311998199792 0.00334422785278049 0.00307070351986875 0.002953372392503 0.00288478460448283 0.0028496710283141 0.00281623443363295 0.00278344539354645 0.00274714300664322 0.00271022062928927 0.00268956245253644 0.00267084154690946 0.00266529594908559 0.00265811041237847 0.00264560739930359 0.00263405481593743 0.00262416086174668 0.00259881575531777 0.00255757179712096 0.00250644671670612 0.00244930214173491 0.00241589707682931 0.00239040508806225 0.00239525982103641 0.00240427628159523 0.00240877494140859 0.00241199871450062 0.00240710356663312 0.0023997507260872 0.00238555618712018 0.00236308283262676 0.00232781497611394
-9999 -9999 -9999 -9999 0.00828098283419686 0.00840267594603281 0.00776106963354734 0.00775078706623566 0.00703641372702775 0.0059916271692923 0.0050206886634471 0.00433240929288009 0.00372968916781247 0.0032962666779396 0.00301588805497534 0.00291209798606653 0.00285334083732338 0.00282550980186751 0.00279520814412183 0.00276395243277112 0.0027308622638004 0.00269744839639433 0.00267857978601129 0.00266068608635255 0.00264826244223983 0.00263325029969095 0.00260984526586629 0.00259050777963092 0.0025782685636753 0.00255342022395663 0.00251559725016235 0.00246675737622765 0.00241120613270229 0.00238252322625128 0.00236279643966906 0.0023715035396538 0.00238411172833895 0.00239272574488554 0.00239974050031554 0.00239657072140084 0.00238937608552195 0.00237097698939784 0.00234534234679755 0.00230852558818315
-9999 -9999 -9999 -9999 0.00840267594603281 0.00770778743730437 0.00743469361576342 0.0072552892980316 0.00716175430364186 0.00609560631546042 0.00509037336544885 0.00431829681920428 0.00366326041459557 0.00323981333584074 0.00297205571475769 0.00288393931283105 0.00283483830806349 0.00281253093177633 0.00278572002125363 0.00275717010616415 0.00272376800046092 0.00268950957744833 0.00266980824451293 0.00265056456273962 0.00263247826707459 0.00261131476520771 0.00258017358024635 0.00255475218798364 0.00253931232803171 0.00251527146751722 0.00248238039503415 0.00244043688590248 0.00239297867407121 0.00236692138001203 0.00234799763758577 0.00235496625499499 0.00236553442288911 0.00237901723613181 0.00239080824934307 0.00239182541131853 0.00238720241994146 0.00236687840398161 0.00233909903815196 0.00229979795028245
-9999 -9999 -9999 -9999 -9999 0.00727501362862606 0.0072327105388526 0.00729800437787367 0.00724451231860345 0.0061607088803524 0.00512550817802548 0.00427633840140075 0.00357840363416941 0.00317972044520561 0.00293293059052479 0.00286140176843131 0.00282188212769406 0.00280434459132413 0.00278117692834067 0.00275583526179675 0.00272061079815631 0.00268364226400492 0.00266198436879823 0.00264045754222259 0.00261722955732576 0.00259063259938792 0.00255311212141908 0.00252233582338498 0.0025033287275883 0.00248022861553416 0.00245291692385029 0.00241984591834367 0.00238326643293183 0.00235893609257595 0.00233868882060051 0.00234152289528039 0.00234763737347338 0.00236631189698293 0.00238330144390103 0.00238956053996639 0.00238854350191691 0.00236727158358741 0.00233778322956735 0.00229559690811701
-9999 -9999 -9999 -9999 -9999 0.00708872150449503 0.00715763686645416 0.00714483797069519 0.00707248359497997 0.00599981449364174 0.00497747145052398 0.00414775507975249 0.00347686636321727 0.00312025302029665 0.00290194485381606 0.00284321918602913 0.00281467963190329 0.00280687024050783 0.00278750747337096 0.00276368356219703 0.00272533631763391 0.00268442618976077 0.00265330862584374 0.00262244394980371 0.00259189985151733 0.00255948011462967 0.00252097874744645 0.0024900066914157 0.00247217385443829 0.00245156899214752 0.00242811167282203 0.00240244332235307 0.00237542793770591 0.00235342867897763 0.00233310139212277 0.0023345201944692 0.00233904804073034 0.00235796063357303 0.0023758023744449 0.00238682452829615 0.00239046166966399 0.00237354068761511 0.00234714509438603 0.00230610692843554
-9999 -9999 -9999 -9999 -9999 0.0068066673833997 0.006875817048093 0.00703006834092159 0.00684773914455887 0.00579216113434203 0.00479153633087633 0.0040012490184557 0.00337187798633691 0.00306091497411891 0.00287264315111022 0.00282593763944122 0.00280866760294884 0.00281161217830114 0.00279608778955956 0.00277343179444752 0.00273169280825964 0.0026865862347486 0.00264445660756 0.00260279441793119 0.00256448438120705 0.00252616131723288 0.00248779598698621 0.00245769557377864 0.00244201810264419 0.00242423004801235 0.00240427028808382 0.00238570039190592 0.00236797715432101 0.00234843388710532 0.00232828389327492 0.00232885009609163 0.00233238445775163 0.00235051022572142 0.00236830488222861 0.00238399110328887 0.00239249926450993 0.00238102557317864 0.00235871614647969 0.0023196606799179
-9999 -9999 -9999 -9999 -9999 -9999 0.00638654812299196 0.00645254485519423 0.00636909193839998 0.00537341136124826 0.00444637740691823 0.00378209346484753 0.00325350043544125 0.00299340139533724 0.00284140211935606 0.00281413302065865 0.00280849242793216 0.00281770504830826 0.0028049333937346 0.00278367277520198 0.00274051182843264 0.00269348607698996 0.0026355589319381 0.00257870548539945 0.00253278843968386 0.00248988442152979 0.00245674977439546 0.00242936571369008 0.00241201685651416 0.00239235981022038 0.00237032757591336 0.00235244999038837 0.00233710331902389 0.0023205234263573 0.002303532467434 0.00231011630216193 0.0023200428413768 0.00234170819467474 0.00236324958818694 0.00238400175341315 0.00239652745996512 0.00238615266918655 0.00236378011158517 0.00232286565756846
