Ecospace-environmental-drivers/Outputs/ASCII-for-ecospace/MOM6-ISIMIP3a/phyc/2012_mo05_avg31y_phyc_MOM6-ISIMIP3a.asc
NCOLS 131 
NROWS 53 
XLLCORNER -98 
YLLCORNER 23.9265270233154 
CELLSIZE 0.133587792515755 
NODATA_value -9999 
[rows 19 to 37 of 53, columns 44 to 87 of 131]
0.00322300167153439 0.00335518246321308 0.0035237806864203 0.00371198820686268 0.00393694030841993 0.00417234263412895 0.00440049400523065 0.00462475482134088 0.00476401855027483 0.00490013644429705 0.00502025188818093 0.00513944686240246 0.00525641934044899 0.00535503415120465 0.00542844669713128 0.0054987093899399 0.00556639511318457 0.00554344085075202 0.00547755243737371 0.00538370460121622 0.00528317629810302 0.00530144563245197 0.00533238926812285 0.00542901936287601 0.00548235149753671 0.00535447730292236 0.00519851653371006 0.00498326288370956 0.0047593166781289 0.00452474649289563 0.00431797307194962 0.0041314463371471 0.00395546834765663 0.0037838589557777 0.00361436016241749 0.00344527635212627 0.00330335618327222 0.00316906377162424 0.00309945857002129 0.0030450745553319 0.00304420904496745 0.00303255906704092 0.00300088113609461 0.00293810796293039
0.00275752308117526 0.00282591437890885 0.00291118975127897 0.00300555639795118 0.0031272784446276 0.00325678032447374 0.00339611183716765 0.00353538060200311 0.00364579239694942 0.00375757103921064 0.0038763027255153 0.00400173214955195 0.00414333387368148 0.00427112188340435 0.00437994547668965 0.00448617883657496 0.00459029289683507 0.00461555309894104 0.00460346193323212 0.00453357584023428 0.0044498807194853 0.00445859939716156 0.00447950331539276 0.00458535621122968 0.00465696640763312 0.00458526735254113 0.00448518318890203 0.00432517575926237 0.00415987174041689 0.00398809416219592 0.00383111254702653 0.00368490805398793 0.00354473853874351 0.00340706839661805 0.00327668334507654 0.00314773037098348 0.00304636255943126 0.00295111061930056 0.00290562351414513 0.00287179889968566 0.00287898010273855 0.00287748049689277 0.00285985958086507 0.00281503075553525
0.00241256190929562 0.00243134061325221 0.00245159692806943 0.00247264887777067 0.00250627445582781 0.00254347601214484 0.0025929196685132 0.00264405214317864 0.00270694874662666 0.00277457282232541 0.00286624515278926 0.00297317933291197 0.00311696504227697 0.00325675203930587 0.00339104928031203 0.00352675524059563 0.00366361358863932 0.00373518742215369 0.0037758375382832 0.00373928588364393 0.00368428819497386 0.00368263329859943 0.00369109022581289 0.00379338485354017 0.00387167535542 0.00384950622420518 0.00379886188649482 0.00368810403761604 0.00357868497620427 0.00347090222977943 0.0033631234715182 0.00325534766870401 0.00314973193716498 0.00304501077475687 0.0029522227949553 0.00286178063270786 0.00280228991722388 0.0027475172143069 0.00272763693975585 0.00271483580581844 0.00272692549943684 0.00273199193179607 0.00272401552947779 0.00269334277348413
0.00220512159379019 0.00220245715501087 0.0022001038831208 0.00219791813287884 0.00220354847354634 0.00221140172347547 0.00223185535850784 0.00225413481389443 0.00229088578283066 0.00233113994040797 0.00238921441843793 0.00246254737008243 0.0025727235216407 0.00268380449063355 0.00279612764866362 0.00291244048745401 0.0030320176306451 0.00310529336603659 0.00315663717957514 0.00314734323746375 0.00312356093537904 0.00312561508748801 0.00313435580896875 0.00321458417531704 0.00327969410441696 0.00328153158883534 0.0032602813575537 0.00319029114419414 0.00311803865817285 0.00304302131201351 0.00296513139525609 0.0028851491496748 0.00281195162284759 0.00274156387745132 0.00268014726950036 0.00262049417341909 0.00258583313740429 0.00255537814941377 0.00255696985104512 0.00256226115274213 0.00258056029692412 0.00259324490287972 0.00259550260530124 0.00257557120189191
0.00200797756007242 0.00198650031891321 0.00196551627689792 0.00194479773692306 0.00192818664870555 0.00191274366431659 0.00191012781579047 0.0019093512467319 0.00192278340428827 0.00193819987978185 0.00196371040111708 0.00200373336162058 0.00207879815265656 0.00215899095787937 0.00224622391209367 0.00233959913959787 0.00243799987384268 0.00250906546810462 0.00256718307050065 0.00258346349601784 0.00258974765705305 0.00259640650267923 0.00260632653390208 0.0026633384179384 0.00271375692119041 0.00273658151197578 0.00274214497767389 0.00271126886288966 0.00267390784762439 0.00262862090922652 0.00257859755713012 0.00252512430081204 0.00248365797808454 0.0024471640879769 0.00241623085457832 0.00238639070472169 0.00237442900036131 0.00236619161366816 0.00238786797760235 0.00241020621146045 0.00243487159886788 0.00245516700670123 0.00246734692219404 0.00245768354544716
0.00180616629339995 0.00177352191249449 0.00174572774314231 0.00172054516001334 0.00170034501183357 0.00168156186156275 0.0016762686634226 0.00167284008761447 0.00168247276451439 0.00169353038373013 0.00171183664990108 0.00174253117931526 0.00180313846419355 0.0018681060718072 0.00193905982849819 0.00201303755015796 0.00208948938468952 0.00215042205039232 0.00220400360488002 0.00222579489326886 0.00223999042552145 0.00224815790481385 0.00225787556489869 0.00229618324702906 0.00233219142612671 0.00235857630163551 0.00237381901787294 0.00236553980052591 0.00234928848071685 0.00232329368666415 0.00229228466313573 0.00225762339804562 0.00223926233030075 0.00222765176083832 0.00222045183745063 0.00221411897350223 0.00221134382750719 0.00221118542756284 0.00223530222842049 0.00226115713256501 0.00229312316890085 0.00231957337218187 0.00233577995846469 0.00233290842058317
0.00161314354796383 0.00157160456142118 0.00153878884344933 0.00151067023961655 0.00148841108180462 0.00146781834360633 0.00146101438815916 0.00145605201795397 0.00146270402699649 0.00147034720172204 0.00148303227333893 0.00150595331985143 0.0015535902348347 0.00160484262479229 0.00166105866176827 0.00171687909882636 0.0017723759050451 0.0018223067595353 0.0018696011111681 0.00189433548216438 0.00191367948765776 0.00192306054035021 0.00193263616247643 0.00195500607632341 0.00197866982630184 0.00200774816180309 0.00203130964279896 0.00204322458575329 0.0020462962152857 0.00203855951587039 0.00202545632360383 0.00200844431416162 0.00201004440145146 0.00201935244859346 0.00203243518556138 0.00204625993689162 0.00205237186145819 0.00206008296452403 0.00208620624166102 0.00211441013661604 0.00214992961921399 0.00217973704134384 0.00219893657166751 0.00220229811290459
0.00145865613481991 0.00141818676286587 0.00138819195337654 0.00136383722025541 0.0013462279006959 0.00133053696669278 0.00132733719956671 0.00132574399016918 0.00133300579393343 0.00134137543782051 0.00135538054464926 0.00137734618563686 0.00141853328809262 0.00146269150671639 0.00151092861403501 0.00155403002563323 0.00159292954823843 0.00162804890574226 0.00166137771297907 0.00167779609816329 0.0016901740323632 0.0016994746852546 0.00170917294904469 0.00172773552232332 0.00174811263118059 0.00177608364291729 0.00180199851972922 0.00182357268978751 0.00183813275972141 0.00184412015181395 0.00184406228588834 0.00183960115499494 0.00184737635783911 0.00186021908959975 0.00187845420911007 0.00189774931265762 0.00191143523871658 0.0019260972941054 0.00195232431231547 0.00197775750383434 0.00200039950845342 0.00202129769980186 0.00203895749854705 0.0020461022636042
0.00132733936263849 0.00129064080688441 0.00126476724061274 0.00124472241488195 0.00123214948126265 0.00122170155537465 0.00122147760046045 0.0012225259936625 0.00122967141778058 0.00123801333041141 0.00125244145484401 0.00127241645015836 0.00130578494563158 0.00134068498417975 0.00137768765618544 0.00140767792923256 0.00143193081960142 0.00145466460831343 0.00147667882828823 0.0014876271767031 0.00149593153788197 0.00150589335093936 0.00151633074687373 0.00153203241737379 0.00154983341288302 0.00157642024268787 0.00160348756734522 0.00163156929944131 0.00165403320363933 0.00166963097158699 0.00167916640977285 0.00168428615471649 0.00169622179143311 0.00171098014670274 0.00173197352447577 0.00175419254341133 0.001773682022993 0.001793775320684 0.00182075445510207 0.00184481446969233 0.00185861072180072 0.00187282819646381 0.0018878280140099 0.00189695618070302
0.00124657748927993 0.00121954348944728 0.00120062826974918 0.00118608467070566 0.00117939152762354 0.00117493106893474 0.00117631192927459 0.00117841446884878 0.00118385915524296 0.00119052765958552 0.00120342167792842 0.00121914742011276 0.0012417106660113 0.00126263110582987 0.00128129622786336 0.00129731980926027 0.00131118215335112 0.0013268232953945 0.00134330701773926 0.00135499472174072 0.00136553648776645 0.00137777750628189 0.00139029906131327 0.00140520488850832 0.00142197998901529 0.00144657849769799 0.00147217802793509 0.00149989085865297 0.00152243755292147 0.00153867018807139 0.00155026715759548 0.00155848755516232 0.00157018789210387 0.00158332940003264 0.00160185743363634 0.00162144434908705 0.0016428746448289 0.00166508333847648 0.00169422922302939 0.00171996528966232 0.00173371231686624 0.0017461113335054 0.00175600703768132 0.00176319172192786
0.0011822989984085 0.00116386207293779 0.00115169750736846 0.00114291037748297 0.00114146862254148 0.00114211589548617 0.00114413811412129 0.00114632847403447 0.00114925847493953 0.00115335414433972 0.00116337928733218 0.00117443896634805 0.00118799661586602 0.00119831719841327 0.00120419368801278 0.00121028748183181 0.00121655909254426 0.00122668642753495 0.00123864015744578 0.0012502727031167 0.00126182849729253 0.00127505361019904 0.00128841676726757 0.00130211962612286 0.00131744159866245 0.00133953972028628 0.00136255697842928 0.00138751458894882 0.00140822462684986 0.00142374329434167 0.00143549607450803 0.00144450587686151 0.00145475477385785 0.00146551682583747 0.00148164550210499 0.00149882909271025 0.00152080922928308 0.00154378754462326 0.00157478148297917 0.00160224743059746 0.00161730879054014 0.00162923398555347 0.00163533507035144 0.00163977945058216
0.0011387579274484 0.0011275750941657 0.0011218999223333 0.00111919039139344 0.0011222094443867 0.00112685769976627 0.00112830918102014 0.00112937153279481 0.00112876292663596 0.00112915412905896 0.00113463116952428 0.00114050039818751 0.0011473166260628 0.00115128930643081 0.001151358141684 0.00115260091655317 0.0011548041628914 0.00116140403664641 0.00117008646409358 0.00118066428507107 0.00119169496916114 0.00120427490084342 0.00121691635239028 0.00122890415255942 0.00124223537239877 0.00126118893029108 0.00128022178954956 0.00129942203901948 0.00131588062128773 0.00132898832934218 0.00133849942921511 0.0013453908275903 0.00135265829815199 0.00136008148922795 0.00137389371652276 0.0013889618905171 0.00140974194096822 0.00143179672604968 0.00146423778008489 0.00149350131921951 0.00151159245550873 0.00152473552753368 0.00152868949883287 0.00152939102695053
0.00110375195846803 0.00109790391176038 0.00109655360293184 0.00109762511771893 0.00110307332473777 0.00110976624813291 0.00111042779509819 0.00111035986112491 0.00110726557003575 0.00110506596261515 0.00110741747513173 0.00111005997525588 0.00111340510568792 0.00111462891612562 0.00111294047336184 0.00111218070002994 0.0011121807807696 0.00111568686665006 0.00112085366216038 0.00112887154025356 0.00113757062260242 0.00114811876518351 0.00115881249451289 0.00116977620787258 0.00118169356175067 0.00119760189573431 0.00121318458038713 0.0012280797518249 0.00124136059575023 0.00125266842716824 0.00126026902392867 0.00126516935978866 0.0012694364695269 0.00127344137065173 0.00128483796124196 0.00129768760469291 0.00131648289407754 0.001336547814595 0.00136686467768384 0.00139450303639375 0.00141272365844118 0.0014250734764632 0.0014265205527115 0.00142412589892985
0.00107514738262961 0.00107319463014362 0.00107454576702308 0.00107767591027603 0.00108402948864105 0.00109129982827712 0.00109100703810973 0.00108980710971199 0.00108501685017179 0.00108106169406505 0.00108135459689243 0.00108224317063427 0.00108456998057063 0.00108574427882089 0.00108533633136821 0.00108471043565641 0.0010839062179589 0.00108464382168266 0.00108611173627357 0.00109044072263303 0.00109545331666126 0.0011029297208053 0.00111075618018907 0.00112121405958709 0.0011321502050475 0.00114508785848175 0.00115762104565698 0.00116930032269128 0.00118020873689543 0.00119017498500104 0.00119611348078075 0.00119911823534377 0.00120037086608429 0.00120089784820354 0.00120980440706555 0.00122035816762476 0.00123658021461339 0.00125385553861457 0.00127936966506945 0.00130281573905039 0.00131899057587068 0.00132903875970852 0.00132770913900928 0.00132270329519205
0.00105222361725605 0.00105142721252876 0.00105366763854099 0.00105754326232859 0.00106330216118705 0.00106959667567524 0.00106923216428127 0.00106806966716484 0.00106376518059762 0.00106012941743698 0.00105989546582644 0.00106014174619509 0.00106154759264281 0.00106272743188686 0.00106359694731392 0.00106405410840507 0.00106417389977123 0.0010640062391758 0.00106370242147316 0.00106510030473733 0.00106690479667797 0.00107169389957562 0.00107693628618313 0.00108579149649989 0.00109503773461667 0.00110592044168903 0.00111628465932764 0.00112555435137643 0.00113404050634633 0.00114156900822455 0.00114531485897098 0.00114630553646073 0.00114600726350721 0.00114517521879245 0.00115196062665012 0.00116024343972845 0.00117455007350673 0.00118968068178923 0.00121068107264657 0.00122976416323875 0.0012421059241939 0.00124924483280929 0.0012467214743787 0.00124115865835319
0.00103173449432718 0.00103092060289195 0.00103327366448338 0.00103733197583126 0.00104185330095671 0.00104650631434314 0.00104644836204487 0.00104582448294687 0.00104294082848355 0.00104051377556677 0.00104040939420942 0.00104048980339881 0.00104101643063909 0.00104222538122427 0.00104437108271785 0.00104631810081041 0.00104810257870404 0.00104782820468949 0.00104657861013566 0.0010453701627651 0.00104417153559024 0.00104643813439555 0.00104921780744447 0.00105600025797743 0.00106325285929826 0.00107247307107994 0.00108104574892129 0.00108825137478209 0.00109429390079552 0.00109891488870245 0.00110024074280274 0.00109916647535659 0.00109794462332502 0.00109666165512716 0.00110148399835452 0.00110750651032093 0.00112017971133032 0.00113344196447982 0.00115005249315272 0.0011646994201827 0.00117244216192874 0.0011764113611031 0.00117337268461744 0.00116813330415396
0.00101567864710946 0.0010138729515846 0.00101577370397506 0.00101967023933427 0.00102374423483026 0.00102786870387894 0.00102904336451883 0.00102982887690286 0.00102826013162191 0.00102687386548026 0.00102641588009353 0.00102630355245163 0.00102702580625191 0.00102888321271166 0.00103229905794104 0.00103562961955885 0.00103889043337756 0.00103977878743242 0.00103954336936435 0.00103820731390208 0.00103660827810546 0.00103771477381909 0.00103924359615532 0.00104421406098071 0.00104952353097859 0.00105625189532856 0.00106227696467672 0.00106681740256928 0.00107021611221435 0.00107221940960435 0.00107145359769704 0.00106867077204609 0.00106633858447294 0.001064193008783 0.0010680178135273 0.00107301626684925 0.00108366257195631 0.00109476662398646 0.00110829907146493 0.00112021292161737 0.00112643574492165 0.0011297443115543 0.00112764076367321 0.00112449658861864
0.00100054004184541 0.00099754094844684 0.00099887254257356 0.00100253600882547 0.00100632617437852 0.00101015235545234 0.00101275125428313 0.00101512634841305 0.00101485057178164 0.00101447036121822 0.00101355880296098 0.00101324814867469 0.00101438842360832 0.00101702244982364 0.0010217071619756 0.00102639928152184 0.00103109745842014 0.00103341119040945 0.00103459547409007 0.00103364466321504 0.00103218372227744 0.00103241199582455 0.00103294069225329 0.00103615310921844 0.00103952994029368 0.00104359482722958 0.00104691589161033 0.00104866675364094 0.00104938022747275 0.00104882579574722 0.00104603623115127 0.00104161860015724 0.00103813743278865 0.00103504407865506 0.00103807109858721 0.0010423012389501 0.00105083927196721 0.00105972516898727 0.00107045092942914 0.00107998410690456 0.00108532406645076 0.0010884911039724 0.00108762280902855 0.00108694041433233
0.000991320415895673 0.000988927761828827 0.000990786555884105 0.000994934565237453 0.000999022960557692 0.00100309442683694 0.00100557935506766 0.00100778626661087 0.00100687130038897 0.00100588945544235 0.00100456739235069 0.00100441713021287 0.00100709627487607 0.00101140110317858 0.0010179377314935 0.00102395073683452 0.00102953528497188 0.00103254886081202 0.00103434463662486 0.00103445397689939 0.00103416036055874 0.00103493586685809 0.00103590667488114 0.00103865093326256 0.00104135139131798 0.00104386845581053 0.00104549585188168 0.00104524505384747 0.00104393294614349 0.00104132371451405 0.00103722778411822 0.0010320489227231 0.00102794553986901 0.00102428754325956 0.00102487545190079 0.00102629799455885 0.00103254931708497 0.00103908143336734 0.00104660966110626 0.00105359626843804 0.00105867861402071 0.00106249985495402 0.00106397903929915 0.00106596247661078
