Ecospace-environmental-drivers/Outputs/ASCII-for-ecospace/MOM6-ISIMIP3a/phyc/2015_mo11_avg50y_phyc_MOM6-ISIMIP3a.asc
NCOLS 131 
NROWS 53 
XLLCORNER -98 
YLLCORNER 23.9265270233154 
CELLSIZE 0.133587792515755 
NODATA_value -9999 
[rows 19 to 37 of 53, columns 44 to 87 of 131]
0.00422678384464234 0.00436491016298532 0.00453411857131869 0.00472006336320192 0.00490598463919014 0.00509189916308969 0.00523658660240471 0.00537509047426283 0.00546058438718319 0.00554043740965426 0.0055915958667174 0.00564317165873945 0.00569575525354594 0.00572414254769683 0.00571931155864149 0.00580783103592694 0.00597272742073983 0.00588914087042213 0.00568785345181823 0.00536160249728709 0.00500549358781427 0.00469359379727393 0.0043853573827073 0.00408623604336754 0.00378137883148156 0.00345251653227024 0.00313477602321655 0.00284051445662044 0.00257443662849255 0.00234280505450442 0.00214602431748062 0.00197462842101231 0.0018479077424854 0.00173968858318403 0.00167348208837211 0.00161553424783051 0.00158869090839289 0.00156418277765624 0.00155123430071399 0.00153699472080916 0.00151821558480151 0.00149108219542541 0.0014484340918716 0.00139895801432431
0.00374275428708643 0.00384832555428147 0.00397811514791101 0.00412094528786838 0.0042586353700608 0.00439486359246075 0.00449912499636412 0.00459973316639662 0.00469005146063864 0.00477482583839446 0.00483139917254448 0.00488696126267314 0.00494008147157729 0.00497759259771556 0.00499367457348853 0.00508119971025735 0.0052271776041016 0.00516819429118186 0.00501212534029037 0.00473154287785292 0.00442120993044227 0.00414241237100214 0.00386661545140669 0.00360296084778383 0.00333700451534241 0.0030614151712507 0.00279773919726722 0.00255921329953708 0.00234211235539988 0.00215119715081528 0.00198970983037725 0.0018496572971344 0.00174498134641908 0.00165495604276657 0.0015997785422951 0.00155145128141157 0.00152813337510452 0.00150659461156465 0.00149338854243979 0.00147916858200915 0.00146138374810107 0.00143795738113113 0.00140405407757498 0.00136511861113831
0.00326685310341418 0.00334801440592855 0.00344758388819173 0.00355706533882767 0.00365397532703355 0.00374731000280008 0.00381122761638835 0.00387292301515117 0.00395591818494722 0.00403506108792499 0.0040946080069989 0.00415265566669405 0.00420708340359852 0.004253849030938 0.00429009565152228 0.00437070187414065 0.0044876019610092 0.00445198304019868 0.00434411927592009 0.00411974623799324 0.00386753522558138 0.00362552087986842 0.00338456024299376 0.00314874129020609 0.0029146818164736 0.00268798563396558 0.00247471348964609 0.00228978063678369 0.00212001869338565 0.0019687987130601 0.00184180999407545 0.00173247096128762 0.00164867791114375 0.00157546431641094 0.00152997618308291 0.00148993821116164 0.00146849124343134 0.00144823776441626 0.00143291742657311 0.00141690714401193 0.00139847096870653 0.00137776713585481 0.00135285206371918 0.00132508451468311
0.00290731204906479 0.00296951930504292 0.00304644997231662 0.00313130852533504 0.00320386875187978 0.00327293136622757 0.00332133729709312 0.00336852852255106 0.00344000957207754 0.00350793111138046 0.0035577459493652 0.00360732044558972 0.00365631447406486 0.00369879092788324 0.00373231962323189 0.00379265905125067 0.00387493437388912 0.00384381599258631 0.00375898550264537 0.00358666312415153 0.00339343599742278 0.00319138948107138 0.00298893588013016 0.00278937521972694 0.00259217139333487 0.00240483116474934 0.00223026406369172 0.00208266205037944 0.00194727994734421 0.00182683309074491 0.00172533545410261 0.00163764013559558 0.00156889789155684 0.00150800477829762 0.00146705297287554 0.00143002115073614 0.00140670673106797 0.00138419007416815 0.00136450424906798 0.0013445774349384 0.00132380330236629 0.00130327370832674 0.00128319823998027 0.00126303895958699
0.0025629143230617 0.00260681638726965 0.00266196638578549 0.00272317288210616 0.00277322257403284 0.00282009931048378 0.00285530858207494 0.00289022026117891 0.00294934024801478 0.00300515179056674 0.00304413379868492 0.00308416551910341 0.00312673195963725 0.00316353863105178 0.00319243792677298 0.00323203979991376 0.00328039824496955 0.00325253097806126 0.00318855727324262 0.00306693573482335 0.00293154017068446 0.00276947977254167 0.0026056303572841 0.00244240421568975 0.00228183101164177 0.00213236051611602 0.00199487301521003 0.00188268248690292 0.00178012688993476 0.00168934715795331 0.00161228623357601 0.00154521788936108 0.00149089621379972 0.00144185336888768 0.00140495604719035 0.00137044625822455 0.00134492030367255 0.00131981605198234 0.00129558135522529 0.00127157194772735 0.00124835465685464 0.00122777886688709 0.00121210867306218 0.00119906544336118
0.00232069248799235 0.00235006991541013 0.00238797596888617 0.00243047430412844 0.00246750630438328 0.0025029836781323 0.0025316748325713 0.0025600323616527 0.00259813590208069 0.00263426954159513 0.00266038249013945 0.0026871343399398 0.00271542886039242 0.00274097650079057 0.00276275306241587 0.00279079248895869 0.00282395606394857 0.0028026689728722 0.00275558987166733 0.00266767475288361 0.00257000255398452 0.00244418642134406 0.00231588548980653 0.00217956071370281 0.00204560935031623 0.00192159102298319 0.00180921195074916 0.00172140432638116 0.00164249326218851 0.00157445559743792 0.00151586763327941 0.00146416267496534 0.00142126474413089 0.00138201409950852 0.00134776157909073 0.00131449157721363 0.00128582205041312 0.00125728086568415 0.00122832915280014 0.00120019585010596 0.00117494011879899 0.00115391592262313 0.00114075017161667 0.00113121935166419
0.00208902258425951 0.00210449709091336 0.00212572471471503 0.00215005014790222 0.00217422281391919 0.00219835204537958 0.00222053874866106 0.00224245511810295 0.00226244064630009 0.00228156615397893 0.00229631701484323 0.00231129101593979 0.00232680371496826 0.00234201913699508 0.00235682637314312 0.00237420425168239 0.0023936853162013 0.00237838142318651 0.00234660062124021 0.00228827669867314 0.00222361074876972 0.00213004611199722 0.00203353958204389 0.00192310949438252 0.00181494593503885 0.00171626802184619 0.00162845599115826 0.00156358269858174 0.00150716334814206 0.00146107645821758 0.00142067452310584 0.00138441343442537 0.00135265752207488 0.00132276735967025 0.00129133732640184 0.00125960458884947 0.00122826642822474 0.00119682252407074 0.00116420288686641 0.00113296485040337 0.00110658449470066 0.00108559607644565 0.0010746210499201 0.00106801271205768
0.00190361970104277 0.00190791747067124 0.00191494634142146 0.00192344582872465 0.00193545361980796 0.00194845918449573 0.00196420143125579 0.00198017214424908 0.00199474817141891 0.00200857184710912 0.00201856836676598 0.00202835052739829 0.00203761509619653 0.00204656198387966 0.00205507275532 0.00206573910079896 0.0020781691162847 0.00206623050384223 0.00204274898744188 0.00199597193626687 0.00194362882524729 0.00186480895616114 0.00178363591548987 0.00169468675972894 0.00160865398589522 0.00153482646681368 0.00146920738858171 0.00142091694637202 0.00138193466584198 0.00135432885726914 0.0013308548531495 0.00131039038533345 0.0012885412783362 0.00126611873158254 0.00123829026357271 0.00120939911226742 0.00117747475975193 0.00114547050558031 0.0011137830466032 0.00108390897396021 0.00106041078222916 0.00104158109403215 0.0010314213426318 0.00102514878846705
0.00172903770464472 0.00172438723850064 0.00172033391660079 0.00171660210820846 0.00171777114272118 0.00172033394686878 0.0017291887535248 0.00173867324367166 0.0017477695690468 0.00175631468067877 0.00176205571042374 0.00176739725400694 0.00177177415578626 0.00177558289840817 0.00177861163276248 0.00178357029217295 0.00179010799969547 0.00178068448673002 0.00176370048429817 0.00172647292842157 0.00168440849054605 0.00161899323225953 0.00155190682620741 0.00148384573869407 0.00141897550900467 0.00136745943920687 0.0013223735243082 0.00129086219123565 0.00126853413297795 0.00125742989126593 0.00124836002592929 0.00124077194137499 0.00122728258371353 0.00121134929941036 0.00118750079418533 0.00116209633997642 0.00113105431315489 0.00109992325189523 0.00106996210408397 0.00104200787376612 0.00102111003594473 0.00100413403124548 0.000994441326474771 0.000988167580217123
0.00157806521398015 0.0015693289542105 0.00156099319108762 0.00155287308967672 0.00154609671561047 0.00153970249812119 0.00154070342890918 0.00154252223903313 0.00154598558438011 0.00154930284596048 0.00155187696102075 0.00155441693612374 0.00155687450314872 0.00155801136279479 0.00155733503401279 0.00155877620680258 0.00156194987590425 0.00155318648205139 0.00153876879019663 0.00150673264404759 0.00147048689657822 0.00141555220936425 0.00135983197949827 0.00131136536016129 0.00126554524176754 0.00123080092016608 0.00120262677781284 0.00118832278880291 0.00118094088393264 0.00118201919831336 0.0011818469048012 0.00118076368700713 0.00117225863737985 0.00116067994735204 0.00114163703517988 0.00112112683593296 0.00109417119296268 0.00106704113888554 0.00104053898248822 0.00101571744657122 0.000996805105824024 0.000981017205631361 0.000971031755907461 0.000964021537220106
0.00144309622002766 0.00143178139231168 0.00142028937465511 0.00140870194416493 0.00139623979805037 0.00138352885027416 0.00137841300223954 0.00137421364313923 0.001373768808553 0.00137362936628051 0.00137504330486991 0.00137643718509935 0.00137778262491338 0.00137724880012684 0.00137413504067808 0.00137255068635568 0.00137221764656715 0.00136301873601042 0.00134962026262656 0.00132158873486333 0.0012900608649943 0.00124681053101085 0.00120353297912516 0.00117158081382513 0.00114194288966246 0.00112199023598805 0.00110816954169422 0.00110729391337372 0.00111057230154984 0.0011189277691301 0.00112375362426974 0.0011260085599497 0.00112032890901901 0.00111136324470863 0.00109670862671919 0.00108093566261232 0.00105912217637524 0.00103699121740647 0.00101394439232536 0.000992120577720925 0.000974596912274137 0.000959633857710287 0.000949426140869036 0.000941902354825288
0.00132826091255993 0.00131626377347857 0.00130303233047016 0.00128913623280823 0.00127383106853813 0.0012581251503434 0.00124907790916041 0.00124093306716532 0.00123875002842397 0.00123738210299052 0.00124016051995568 0.00124249097891152 0.00124373982311226 0.00124279498821124 0.0012388385029044 0.00123484755749814 0.00123082836624235 0.00121981552336365 0.00120548993814737 0.00117996984161437 0.00115177499479614 0.00112172343302518 0.00109224290121347 0.00107293028966524 0.00105586651479825 0.00104821439133957 0.00104552858392708 0.00105332704959437 0.00106187375145964 0.00107133498764597 0.00107625318923965 0.00107786233886145 0.00107229194953106 0.00106374827679247 0.00105295693036169 0.00104172375053167 0.00102638059062883 0.00101050442317501 0.000990908361272886 0.000971912440145388 0.000955026607261971 0.000940431380877271 0.000930090059991926 0.000922333128983155
0.00123125938349403 0.00121847294620238 0.00120462433202192 0.00119020378100686 0.00117465061834082 0.00115877536009066 0.00114848604425788 0.00113906691665761 0.00113770433468744 0.00113732725498267 0.00114196325419471 0.00114577999920584 0.00114761856500991 0.00114710227353498 0.00114335305639543 0.00113777083926834 0.00113068892038427 0.00111773779382929 0.00110200656577945 0.00107956750201993 0.0010555257264059 0.00103496875963174 0.00101534391171299 0.00100580153055489 0.000998051983769983 0.00099780562100932 0.00100133106345311 0.00101281908922829 0.00102342578698881 0.00103295528679155 0.00103718932485208 0.00103756622411311 0.00103150737704709 0.00102278327103704 0.00101418214151636 0.00100560521124862 0.000995125460904092 0.000984066326636821 0.000968035685364157 0.000952113941311836 0.000936575083760545 0.000922878342680633 0.000912602625321597 0.000904889133526012
0.00114763337885961 0.00113397738547064 0.001120353321312 0.00110674645053223 0.00109289162326604 0.00107896626694128 0.001069451890653 0.00106076188152656 0.00106213879189454 0.0010644170769956 0.00107128049363382 0.00107699579908513 0.00107993885409087 0.00108048078487627 0.00107772630406544 0.00107116435770877 0.00106148726423271 0.00104650459834374 0.00102900881902315 0.00101007802062668 0.000990804340690374 0.000976963790599257 0.000964238579617813 0.000962314420612529 0.000961434101918712 0.000964922370621935 0.000970966306049377 0.00098240545601584 0.000992665840312839 0.00100148549652658 0.00100445296964608 0.00100315778516233 0.000996162167284638 0.000986805809661746 0.000979140099370852 0.000971806735033169 0.000964985197642818 0.000957664757734165 0.000945285537745804 0.000932622697437182 0.000918962646974251 0.000906562391901389 0.000896501713432372 0.000889039091998711
0.00108086063642986 0.00106799424625933 0.00105566055048257 0.00104361368576065 0.00103257168782875 0.00102181548834778 0.00101429942180403 0.00100747164222412 0.00101027232245542 0.00101381198153831 0.00102111077518202 0.00102714617270976 0.00103013095562346 0.00103086533490568 0.00102851019240916 0.00102184771210887 0.00101166107575409 0.000997496882919222 0.000981448608217761 0.000966842543566599 0.000952581072924659 0.000943761875387281 0.000935932383872569 0.000937066102633253 0.000938772198278457 0.000942873702151701 0.000948803374776617 0.000958592472597957 0.000967865625862032 0.000976508206222206 0.000979167841142044 0.000977469584904611 0.00097073846613057 0.000961923060240224 0.000954366123769432 0.000947056569857523 0.000940724720712751 0.000934107204666361 0.000924345414387062 0.00091418124968186 0.00090260234195739 0.000891736005432904 0.000882192996796221 0.000875177809502929
0.00102131082676351 0.00100994513486512 0.000999358581611887 0.000989191571716219 0.000981440083123743 0.000974375563673675 0.000969382133334875 0.000964902212144807 0.000968562754569575 0.00097276636515744 0.000979732503183186 0.000985411490546539 0.000987982517108321 0.000988538280362263 0.000986327325226739 0.000979941104305908 0.00097013880033046 0.000958014514762908 0.000944790362846106 0.000934858963591978 0.000925714304903522 0.000921190018998459 0.000917397416196763 0.000919634536840022 0.000922091510146856 0.000925468493951485 0.000930155572714284 0.000937608358217403 0.000945619626436383 0.000954313445836306 0.000957076142076403 0.000955518689006567 0.000949566893978044 0.000941795251565054 0.000933992804493755 0.000926184316631407 0.000918984187301248 0.000911768533987924 0.000904181022197008 0.000896189708728343 0.000886778666172177 0.000877548010321334 0.000868652370991185 0.000862168873427436
0.000978220872348175 0.000968172634020448 0.000959433079697192 0.000951398172182962 0.000946541690500453 0.000942589159822092 0.000939342068741098 0.000936369894770905 0.000938870290992781 0.00094178005005233 0.000946772152092308 0.000950698275119066 0.00095205050543882 0.000951857739128172 0.000949543871684 0.000943960341392085 0.00093570168945007 0.000926378795411438 0.000916551786940545 0.000911242908332497 0.000907013562973589 0.000906000296818092 0.000905420737108216 0.00090793791343458 0.000910554508445784 0.000913587165996432 0.00091728652594611 0.000922393321525305 0.000928395813098177 0.000935493001015857 0.000938164172694087 0.000937611480476335 0.000933313261484727 0.000927463885163888 0.000919793447246775 0.000911765022901818 0.000903663008939475 0.000895557603798807 0.000887445616535842 0.000879402343416587 0.000871600672835484 0.000863847285509109 0.000856183579890057 0.000850442228838801
0.000938536470057443 0.000929767793277279 0.000922895882977173 0.000917045280802995 0.000915001983521506 0.000914041477954015 0.000912380126537755 0.000910741868428886 0.000911664185114205 0.000912875006906688 0.000915553458034992 0.000917437807656825 0.000917404684005305 0.000916345465229824 0.000913877554703504 0.000909205655334517 0.000902730512898415 0.000896366547094658 0.000890055240597576 0.00088935810374096 0.0008900023822207 0.000892337961122394 0.000894800979876891 0.000897427841555327 0.000900081737199798 0.000902848737314343 0.000905613100621849 0.000908371902769432 0.000912211090326309 0.000917370720999315 0.00091991008608602 0.000920540924416855 0.000918077152455226 0.000914331815438345 0.00090687146759592 0.000898680844111368 0.000889669995522127 0.000880614506313577 0.00087141967494972 0.000862864117370918 0.000856556276557967 0.000850247390335426 0.000843936551827937 0.000838980874978006
0.000910159016493708 0.000902405194938183 0.000897491730283946 0.000894107667263597 0.00089407701510936 0.000895000069867819 0.000894165259087458 0.000893183829030022 0.00089310196461156 0.000893136970698833 0.000893766513327137 0.000893993992358446 0.000893250701483339 0.00089169736369513 0.000889031949918717 0.000884879546938464 0.000879510539816692 0.000875353270675987 0.000871769960504025 0.000873346334556118 0.00087615551892668 0.000880971875740215 0.00088582722353749 0.000889243006240576 0.000892504082294181 0.000895117692416534 0.000896979597164318 0.000897254631854594 0.000898760461714119 0.000901770585915074 0.000903719476191327 0.000904895379208028 0.000903644791105762 0.000901389307109639 0.000894257689360529 0.000886167550925165 0.000876032853266224 0.000865814407588914 0.000855517499148846 0.000846260574180633 0.000840660278918222 0.000835147418547422 0.000829796944744885 0.000825995482737198
