Ecospace-environmental-drivers/Outputs/ASCII-for-ecospace/MOM6-ISIMIP3a/phyc/2015_mo11_avg31y_phyc_MOM6-ISIMIP3a.asc
NCOLS 131 
NROWS 53 
XLLCORNER -98 
YLLCORNER 23.9265270233154 
CELLSIZE 0.133587792515755 
NODATA_value -9999 
[rows 19 to 37 of 53, columns 86 to 128 of 131]
0.00144953861449575 0.00140076461285653 0.0013449914685841 0.00128870102156314 0.0012320758260396 0.00117839847488569 0.00112578004313212 0.00108814640947047 0.00105286567779859 0.00103950847668814 0.00103014356066142 0.00104852225781689 0.0010649808194308 0.00107567917345272 0.0010778087476689 0.00106587284244597 0.00106086723521472 0.00106259659420879 0.00117282609214946 0.00134522853899867 0.00188587334818177 0.00254008513800199 0.00355400496928562 0.00461119401358789 0.00567324446033566 0.00664153510344125 0.00707854158545454 0.00743447000070685 0.00758043278549467 -9999 -9999 -9999 -9999 -9999 -9999 -9999 -9999 -9999 -9999 -9999 -9999 -9999 -9999
0.0014168921606465 0.00137594154652869 0.00132773747111881 0.00127827464565334 0.00122799737859638 0.00118130494675208 0.00113590023360185 0.00109682035174281 0.00105873356956328 0.00103471682579707 0.00101442422507511 0.00102034387847168 0.00102900997773113 0.00104591525497756 0.00105702979189734 0.00105863896333763 0.00105373772619773 0.00104250963364217 0.00109816696156838 0.00119215108063673 0.00155945001695786 0.00201104001908173 0.00287187982335567 0.00378519938056988 0.00485248490416956 0.00585887441411614 0.0065202001602419 0.00698915802152647 0.00695994506860452 -9999 -9999 -9999 -9999 -9999 -9999 -9999 -9999 -9999 -9999 -9999 -9999 -9999 -9999
0.00137788798066697 0.00134515211609523 0.00130572210576746 0.00126447130535399 0.00122204236498463 0.00118399838421253 0.00114752951401076 0.00110847714184333 0.001069019097955 0.00103468234620748 0.00100369470930027 0.000996671500615776 0.000996313623017481 0.00101595121293118 0.001034704102729 0.00105200476396168 0.00105066671253993 0.00103121532330049 0.0010413899811195 0.00106854101214858 0.00127281785582102 0.00153172080172226 0.00220260316235644 0.00293050637663973 0.00400474688578998 0.00505223694527822 0.00594814682018853 0.00664630181516611 -9999 -9999 -9999 -9999 -9999 -9999 -9999 -9999 -9999 -9999 -9999 -9999 -9999 -9999 -9999
0.00130948481608122 0.0012844180474208 0.00125648237148961 0.00122645261111639 0.0011950678946901 0.00116748282227725 0.0011412626368955 0.0011100395443669 0.00107803092443294 0.00104105878891724 0.0010062653116972 0.000987492576842346 0.000976772049456955 0.000990207562403333 0.00100810320356921 0.00103332000529213 0.00103983835452386 0.00102818529159131 0.00101837808371431 0.00100962858226511 0.00113160148893874 0.00129388953416398 0.00180530282405896 0.00236912767192529 0.00341319163975817 0.00446141213403955 0.00553318521668834 0.0063060900692137 0.00630502364478044 0.00630558319690247 -9999 -9999 -9999 -9999 -9999 -9999 -9999 -9999 -9999 -9999 -9999 -9999 -9999
0.00123831303414678 0.00122079510624791 0.00120433790030919 0.00118569837086984 0.00116564674610873 0.00114862055277392 0.00113268113589936 0.00110996651252912 0.00108618806153836 0.00104763716151337 0.00101001227777752 0.000979855438814529 0.000958843815756301 0.000965267113755427 0.000981297208777358 0.00101309666229833 0.0010276815887811 0.00102553722418604 0.000999087666822297 0.000958710715490123 0.00100657854589724 0.00108166129493545 0.00143935369522942 0.00184414383482128 0.00285096349750435 0.00389218702912331 0.00512835806265714 0.0059677014773291 0.00577939032096296 0.0059122447104704 0.00586499234721545 -9999 -9999 -9999 -9999 -9999 -9999 -9999 -9999 -9999 -9999 -9999 -9999
0.0011587745863043 0.00114751369842599 0.00113882008759725 0.00113054274040605 0.00112253473883855 0.00111541866828057 0.00110862301399691 0.00109572025887187 0.00108185855506529 0.00104940953596886 0.00101628734902929 0.000979261703774213 0.000950838681385522 0.000948222924865061 0.00095653414891492 0.000982781765126293 0.00100345178056628 0.00101870139910569 0.000998345040340698 0.000957585644021991 0.00096417622145025 0.000985369668342173 0.00124549170986058 0.00154738589715693 0.00244746946414272 0.00340543057198726 0.00469135110747189 0.00562629436383084 0.0056523201656678 0.00537714911174149 0.00515293227809091 -9999 -9999 -9999 -9999 -9999 -9999 -9999 -9999 -9999 -9999 -9999 -9999
0.00108564115174475 0.00107970500117048 0.00107734561747601 0.00107773413859128 0.00107990067467214 0.00108165824372742 0.00108326890415722 0.00107975676843536 0.00107544024414834 0.00104925733420157 0.00102094940150217 0.000978404396934615 0.000943693206570442 0.000932482921803791 0.000933544648315517 0.000954750596710871 0.000980785430123609 0.00101151301961152 0.000998310449968783 0.000959934927748456 0.000930979342815737 0.000904928904116875 0.00106988235324201 0.0012702192273742 0.00203961306326692 0.00288712538238014 0.00417729107392651 0.0050190839570977 0.00469973683357239 0.00481192415369855 -9999 -9999 -9999 -9999 -9999 -9999 -9999 -9999 -9999 -9999 -9999 -9999 -9999
0.00104059195033305 0.00103589260364853 0.00103360007051378 0.00103521652730002 0.00103936232288458 0.00104544872808601 0.00105223225639953 0.00105626369270706 0.00105986298970698 0.00104066639793135 0.00101853881759809 0.000976391463360238 0.000940317124684131 0.000922461374542646 0.000918331702480153 0.000936733057437044 0.000964974494455683 0.00100277867468615 0.00100138041213335 0.000977518288568864 0.000938145708548085 0.000893989660506768 0.000974305740167056 0.00107895469691064 0.00161262897158703 0.00223048802299966 0.00332537477069925 0.00417407411300848 0.0043852282162275 0.00451041126413451 -9999 -9999 -9999 -9999 -9999 -9999 -9999 -9999 -9999 -9999 -9999 -9999 -9999
0.00100239615083762 0.000998443339936315 0.000995956252389137 0.000997918999693807 0.00100276100584456 0.00101151357915613 0.00102167087982619 0.00103162264361257 0.00104154212280147 0.00102872714107375 0.00101243540073835 0.000972171939323626 0.000936159824637035 0.00091290149664987 0.000904206845593909 0.000919418152226436 0.000947756354787177 0.000988851447830037 0.000999412172654223 0.00099247602760912 0.000948723336125934 0.000893616324080335 0.000904438358115693 0.000929700099908176 0.0012530293371979 0.00165841902320784 0.00252879889036018 0.0033160048319147 0.00388781743259319 0.00410482037301746 -9999 -9999 -9999 -9999 -9999 -9999 -9999 -9999 -9999 -9999 -9999 -9999 -9999
0.000979153430014248 0.000974877442668883 0.000971625527111633 0.000972010895624877 0.000974749782002501 0.000982540742223782 0.000992146502774689 0.00100447689070396 0.00101723511057395 0.00100948238715289 0.000998274794959974 0.000963137952625872 0.000930298078474739 0.000904348898573869 0.000892456050121015 0.000903636339165631 0.000927467896197472 0.000963594122309117 0.000986451335671929 0.00100170509822126 0.000966743864644799 0.000916296180578009 0.000890664773197064 0.000872105027684161 0.00104045273075181 0.0012708657605183 0.00185296788526278 0.00242944191690655 0.00299134098684355 0.00339878287406698 -9999 -9999 -9999 -9999 -9999 -9999 -9999 -9999 -9999 -9999 -9999 -9999 -9999
0.000957624714506129 0.000953055931360371 0.000949312388266046 0.000948402326508996 0.000949325661490401 0.00095590086646318 0.000964506307706958 0.000977752929283005 0.000991728325795022 0.000988313761134181 0.000981625892417205 0.000952160100437581 0.000923473145737643 0.000897122639036106 0.000883348539636861 0.000890218296028193 0.000909887806272074 0.000941996254222167 0.000973789088968788 0.00100540109316728 0.000980856319543936 0.000938992648791041 0.000889736943082103 0.000841889999836924 0.0008988575089813 0.00099901270098804 0.0013438880128125 0.00174027648303778 0.00227006735850967 0.00285716961333228 0.00352772336543327 -9999 -9999 -9999 -9999 -9999 -9999 -9999 -9999 -9999 -9999 -9999 -9999
0.000938252354371211 0.000933428999081615 0.000929537537177244 0.000927686743858841 0.00092715636504093 0.000932196040652813 0.000939236580198931 0.000951559635840597 0.000964712137506614 0.000964724727260369 0.000961846486109519 0.00093873669092934 0.000915436479713648 0.000891565009125418 0.000877566464741023 0.000879774072898492 0.000895715044480899 0.000925002266622839 0.000961502537041182 0.00100213602267867 0.000990052112273031 0.000961710004166009 0.000904970120773801 0.000846121309986038 0.000846562708067077 0.000872719999132378 0.00104459469965208 0.00129945329277806 0.00176921320305536 0.00243743472627454 0.00339463777885201 0.0038390482190035 -9999 -9999 -9999 -9999 -9999 -9999 -9999 -9999 -9999 -9999 -9999
0.000920828942569994 0.000915725206610777 0.000911692514144365 0.000909281641079654 0.000907920158257888 0.000911363415540226 0.000916532621974306 0.000927524207415239 0.000939430038054143 0.000941722330847575 0.00094163064627097 0.000924790903340064 0.000907202363915501 0.000887367419988638 0.000874327645907479 0.000872441986200189 0.000884475913124099 0.000910037093900985 0.000947021721531787 0.000990552253149931 0.000992515498036218 0.00098165929234857 0.000921967041288172 0.000857117018782564 0.000824328374883701 0.000808166473307797 0.000886218860790494 0.00106456544956252 0.0015026414917121 0.00222765320100852 0.00337047417152433 0.00391238085895536 0.00393350658217265 0.00394324075445653 -9999 -9999 -9999 -9999 -9999 -9999 -9999 -9999 -9999
0.000904867280980632 0.000899463801855041 0.000895294894073759 0.000892609429185189 0.000890883829279412 0.000892684978973721 0.000895753007141813 0.000905107212958917 0.000915448476124795 0.000919159929898958 0.000921087482223107 0.000910453357538509 0.00089882017346099 0.000884189854391039 0.000872996288366736 0.000867444047358848 0.000875437067025491 0.000896593546419735 0.000930895213969052 0.000972729377193196 0.000989929532572146 0.000999532480378665 0.000940286794737462 0.000873186099793642 0.000824639708885262 0.000789917960402466 0.000833532549515967 0.000984131240270912 0.00141178404409138 0.00217533887424056 0.00342800328883553 0.00398984080886528 0.00395297488167642 -9999 -9999 -9999 -9999 -9999 -9999 -9999 -9999 -9999 -9999
0.00088954245063266 0.000883898771022476 0.000879737685599755 0.000877652232790546 0.000876909795953261 0.000878418427741816 0.000880735661579116 0.000888218323985535 0.000896512068838121 0.000900098302912328 0.000902431652761034 0.000895945312109806 0.000888692924842959 0.000879142482224251 0.000870732320172171 0.000864193864887761 0.000869448645971715 0.000886164235717226 0.000917952855102598 0.000958378638906945 0.000987419982500855 0.00101295031697279 0.000956846996315665 0.000891108328716889 0.000832681910270044 0.000786540825145259 0.000810013684038554 0.000934990791363582 0.0013228309633691 0.00209595618258801 0.00343009801731715 0.00494549872969548 0.00661798698016472 0.00609257305792022 0.00717945587671092 -9999 -9999 -9999 -9999 -9999 -9999 -9999 -9999
0.000874490552251377 0.000868632187766414 0.000864540675519815 0.000863430056450588 0.000864248206433389 0.00086604269604469 0.000868187896201327 0.000873698667067313 0.0008797379015314 0.000882537029082737 0.00088458473328501 0.000881364202922991 0.000877817796032515 0.000873293759556667 0.000868068641847781 0.000861692743661303 0.000864767582125721 0.0008770267651867 0.000906375141048263 0.000945515994493279 0.000984943175177661 0.00102445868317098 0.000972653102625402 0.000909824750476306 0.000844037385597344 0.000789537231603097 0.000798995338094931 0.000899262155496305 0.00123469404042548 0.00200497261398742 0.00340843483835699 0.00495300791226327 0.00661987427531952 0.00717945587671092 0.00737027822422885 0.00782215327865654 -9999 -9999 -9999 -9999 -9999 -9999 -9999
0.000860817955746766 0.000855118976981049 0.000850730759632443 0.000849830311527776 0.000851186615745387 0.000853795222111888 0.000856853674180926 0.000861951052361438 0.00086736855390031 0.000869543019366721 0.000871062954707492 0.000868015988324318 0.000865116405616244 0.000862658942013138 0.000859890439202108 0.000856611361321543 0.000860369323016775 0.000870965954457079 0.000898994221877787 0.000937011199928219 0.000980669886039029 0.0010260684855072 0.000983159476515627 0.000929362133085247 0.000862235193997021 0.000804053238337679 0.000796557559947213 0.000861479778729019 0.0011139408358553 0.00174778039499577 0.00293694817716436 0.00438980273752203 0.00607118074361595 0.00710922550980843 0.00782215327865654 0.00784716245928599 -9999 -9999 -9999 -9999 -9999 -9999 -9999
0.000847430751403613 0.000841968533237495 0.000837207831923039 0.000836359355748901 0.000838042278173229 0.000841574296505461 0.000845770531844708 0.000850776957738544 0.000855910597414139 0.000857493990371304 0.000858436045687525 0.000854922864105432 0.000852037166740986 0.000851033886353816 0.000850571257497875 0.000850996128358548 0.000856029568240047 0.000865541702707208 0.000892481623938487 0.000929408055174375 0.000976024899676803 0.00102563028321451 0.00099256933636723 0.000949069382547731 0.00088184867279544 0.000820952657264687 0.000795895109824356 0.00082327248791473 0.000986439288563786 0.00145619942040573 0.00237239249831726 0.00370851603727187 0.00540857133455575 0.00668586371466517 0.00774950687322886 0.00796982703069525 -9999 -9999 -9999 -9999 -9999 -9999 -9999
0.000831485707162609 0.000827155552894598 0.000823625397207516 0.000823368494879575 0.000825229553400629 0.000829587253035917 0.000834841778757231 0.000840838172382885 0.000846951060192359 0.000848787660229831 0.000849850888874742 0.000845541204926708 0.000841620057115271 0.000838864497059295 0.000838348339687312 0.000841508121905668 0.000848445096879356 0.000859052793408233 0.000884399137219354 0.000918191029585057 0.000963561636801328 0.00101250315257799 0.00099417793887457 0.000967038641383331 0.000906000033982338 0.000848276290907374 0.000809335989141536 0.000806324739730166 0.00089635805887801 0.00118873570670163 0.00177574857145608 0.0028059134192224 0.00422013477392254 0.00557707521253295 0.00690506788481387 0.00718763378268528 -9999 -9999 -9999 -9999 -9999 -9999 -9999
