Ecospace-environmental-drivers/Outputs/ASCII-for-ecospace/MOM6-ISIMIP3a/chl/1980-11_chl_MOM6-ISIMIP3a.asc
NCOLS 131 
NROWS 53 
XLLCORNER -98 
YLLCORNER 23.9265270233154 
CELLSIZE 0.133587792515755 
NODATA_value -9999 
[rows 19 to 37 of 53, columns 0 to 42 of 131]
-9999 -9999 -9999 -9999 -9999 -9999 -9999 -9999 1.4632421425631e-06 1.62743492637674e-06 1.61208265581081e-06 1.61038565238414e-06 1.64613220476895e-06 1.76841024313035e-06 1.72867316905467e-06 1.64308585226536e-06 1.52956317833741e-06 1.39685585054394e-06 1.27970008634293e-06 1.16854937459721e-06 1.0609423952701e-06 9.53960807237308e-07 9.1587605766108e-07 8.8263948327949e-07 8.77232423590613e-07 8.72901523507608e-07 8.72059899847955e-07 8.73104909260292e-07 8.77442232649628e-07 8.79492347394262e-07 8.79189087754639e-07 8.9598324848339e-07 9.23193056223681e-07 9.60316924647486e-07 1.00074566944386e-06 1.06466893612378e-06 1.13199553197774e-06 1.22101550914522e-06 1.31078968479414e-06 1.40536633352895e-06 1.47528396610141e-06 1.47655714499706e-06 1.49380116454267e-06
-9999 -9999 -9999 -9999 -9999 -9999 -9999 -9999 1.31185447571625e-06 1.45043702559633e-06 1.62743492637674e-06 1.59842750235839e-06 1.61038565238414e-06 1.55960071879235e-06 1.47942034800508e-06 1.36532219130459e-06 1.24534085443884e-06 1.1213192010473e-06 1.00759098131675e-06 8.97837367119791e-07 8.28080374049023e-07 7.65381628298201e-07 7.46404168694426e-07 7.3138113521054e-07 7.41333394671528e-07 7.52001369619393e-07 7.64989863455412e-07 7.75077182879613e-07 7.80101856889814e-07 7.79885226620536e-07 7.74275406456582e-07 7.82942834121059e-07 8.00307930148847e-07 8.30652425065637e-07 8.65323443122179e-07 9.14798476969736e-07 9.66515244726907e-07 1.04543187262607e-06 1.12311420252809e-06 1.19293576972268e-06 1.24230507481116e-06 1.234740466316e-06 1.23797678952542e-06
-9999 -9999 -9999 -9999 -9999 -9999 1.16944102046546e-06 1.18784555525053e-06 1.23343022551126e-06 1.31185447571625e-06 1.41202167469601e-06 1.62743492637674e-06 1.5574619283143e-06 1.34903223170113e-06 1.16785281534248e-06 1.01811588137934e-06 8.90061187419633e-07 7.76896740717348e-07 7.03340617747017e-07 6.45078728211956e-07 6.24463723397639e-07 6.10492179475841e-07 6.06907804012735e-07 6.06211585818528e-07 6.27687029464141e-07 6.49572541533416e-07 6.72787450639589e-07 6.88298655404651e-07 6.90366277922294e-07 6.85803456690337e-07 6.74417947266193e-07 6.73942508910841e-07 6.80113373618951e-07 7.01984674833511e-07 7.29089435935748e-07 7.60851719405764e-07 7.93502408669156e-07 8.60153932080721e-07 9.23155653254071e-07 9.62914327828912e-07 9.88075271379785e-07 9.72600105342281e-07 9.61157411438762e-07
-9999 -9999 -9999 -9999 -9999 -9999 1.16576404707303e-06 1.16944102046546e-06 1.20625020372245e-06 1.2461749747672e-06 1.31185447571625e-06 1.2967755083082e-06 1.22706046568055e-06 1.04923594790307e-06 8.99844224022672e-07 7.83259224590438e-07 6.88709405949339e-07 6.09292101216852e-07 5.62998707209772e-07 5.29495650880563e-07 5.30383204022655e-07 5.37339644779422e-07 5.27699000940629e-07 5.21067420322652e-07 5.4253911230262e-07 5.6492086741855e-07 5.90253648624639e-07 6.05603759140649e-07 6.03533237608644e-07 5.99755651364831e-07 5.94221603478218e-07 5.95047936258197e-07 5.99749057528243e-07 6.11792017934931e-07 6.26282314897253e-07 6.47483318516606e-07 6.69843529976788e-07 7.24405367691361e-07 7.75622766013839e-07 8.05541844783875e-07 8.23559389573347e-07 8.08446088740311e-07 7.94536106241139e-07
-9999 -9999 -9999 -9999 1.14747331281251e-06 1.15621219265449e-06 1.16365674784902e-06 1.16419425921777e-06 1.16944102046546e-06 1.24305938697944e-06 1.2603451295945e-06 1.06201355265512e-06 8.85608699263685e-07 7.52590779029561e-07 6.44840213226416e-07 5.66244239053049e-07 5.07690685935813e-07 4.62901112996406e-07 4.41964488118174e-07 4.30238344506506e-07 4.48615395498564e-07 4.7230469135684e-07 4.55621062656064e-07 4.42110234644133e-07 4.62406177348385e-07 4.84091515318141e-07 5.10281836341164e-07 5.24700226378627e-07 5.18575632213469e-07 5.15931787958834e-07 5.168695906832e-07 5.19814761901216e-07 5.23982805589185e-07 5.2670247896458e-07 5.28939324340172e-07 5.40338305654586e-07 5.5321578429357e-07 5.95578171669331e-07 6.35168873941439e-07 6.57108330415213e-07 6.69546238896146e-07 6.55533881399606e-07 6.40358337022917e-07
-9999 -9999 -9999 -9999 1.12893144432746e-06 1.14109286641906e-06 1.14876752377313e-06 1.16365674784902e-06 1.15948489565199e-06 1.10638882233616e-06 1.0289730880686e-06 8.58471537412697e-07 7.14042926119873e-07 6.21205174411443e-07 5.49133005733893e-07 5.01021077070618e-07 4.66796478804099e-07 4.42108955667209e-07 4.31465991823643e-07 4.26246174356493e-07 4.30976882626055e-07 4.37463540947647e-07 4.24681473987221e-07 4.14436641449356e-07 4.28851308242884e-07 4.43767817159824e-07 4.60311497363364e-07 4.68172572709591e-07 4.60881722119666e-07 4.58607701148139e-07 4.61495915260457e-07 4.66782580588188e-07 4.73530320732607e-07 4.76979380437115e-07 4.79328889468889e-07 4.84376812437404e-07 4.89959973037912e-07 5.18090132572979e-07 5.44978433936194e-07 5.63958280963561e-07 5.74957425669709e-07 5.63740456982487e-07 5.51627465483762e-07
-9999 -9999 -9999 -9999 -9999 1.12893144432746e-06 1.12301574972662e-06 1.13387841338408e-06 1.12640998395364e-06 9.70288738244562e-07 8.17378293049842e-07 6.76757565543085e-07 5.64353911158832e-07 5.07783909142745e-07 4.67250856672763e-07 4.45221814970864e-07 4.30512557159091e-07 4.20830104985725e-07 4.17228136484482e-07 4.15974056977575e-07 4.09166119652582e-07 4.01378059677882e-07 3.92485532074716e-07 3.8552451542273e-07 3.94860762753524e-07 4.04099637307809e-07 4.13022775092031e-07 4.15999210190421e-07 4.08598168633034e-07 4.06673649422373e-07 4.10384359383897e-07 4.17082333115104e-07 4.2560012047943e-07 4.29293351089655e-07 4.31378452958597e-07 4.30551580166139e-07 4.29438131277493e-07 4.44426206058779e-07 4.59415929299212e-07 4.74416026463587e-07 4.83190888189711e-07 4.74636067337997e-07 4.65384403014468e-07
-9999 -9999 -9999 -9999 -9999 1.18204786758724e-06 1.12893144432746e-06 1.06559639334591e-06 9.91965862340294e-07 8.36689991956518e-07 6.92501942012314e-07 5.9075307490275e-07 5.10588051838567e-07 4.73131535727589e-07 4.4598795057027e-07 4.30743881452145e-07 4.14443320551072e-07 3.9741723867337e-07 3.86594138035434e-07 3.78166191694618e-07 3.69061098126622e-07 3.59836491270471e-07 3.54780922862119e-07 3.51181910218656e-07 3.58959965751637e-07 3.67305716508781e-07 3.77492114012057e-07 3.82918329933091e-07 3.80037619152063e-07 3.78373385956365e-07 3.77960901687402e-07 3.81991696940531e-07 3.88729347378103e-07 3.90539241834631e-07 3.90706588859757e-07 3.86093091719886e-07 3.80903827590373e-07 3.87529837553302e-07 3.94145274640323e-07 4.00693210167447e-07 4.03798850356907e-07 3.97321997525069e-07 3.9004979157653e-07
-9999 -9999 1.29798763737199e-06 1.28447288716416e-06 1.27041585074039e-06 1.23522715966828e-06 1.18198488507915e-06 1.03330080492015e-06 8.79859157976171e-07 7.29532530385768e-07 5.96175937062071e-07 5.27773124758824e-07 4.74202522582345e-07 4.49980689154472e-07 4.29981469096674e-07 4.14854497421402e-07 3.93832948475392e-07 3.6876329545521e-07 3.51166050904794e-07 3.36454149874044e-07 3.25665979516998e-07 3.15570218845096e-07 3.13290740905359e-07 3.12098165977659e-07 3.18536649501766e-07 3.26203490885746e-07 3.37853151677336e-07 3.46065718304089e-07 3.48280281059488e-07 3.48357701795976e-07 3.46236021186996e-07 3.48284714846159e-07 3.52873939846177e-07 3.51717972080223e-07 3.48646949532849e-07 3.39361946544159e-07 3.29279089328338e-07 3.27674541722445e-07 3.2634451940794e-07 3.26762830127336e-07 3.25834008663151e-07 3.21155283700136e-07 3.15603500666839e-07
-9999.000000000000000 -9999 -9999 -9999 1.34777565108379e-06 1.30560442812566e-06 1.33803894186713e-06 1.0795226899063e-06 8.16489659882791e-07 6.80066136737878e-07 5.62142588478309e-07 5.15029398684419e-07 4.75738204386289e-07 4.51924563549255e-07 4.25443801077563e-07 3.95885621173875e-07 3.6331442743176e-07 3.28674019556274e-07 3.05277950474192e-07 2.86223752254955e-07 2.75092332913118e-07 2.65359034301582e-07 2.63541011236157e-07 2.62669971107243e-07 2.68245827328428e-07 2.75701154350827e-07 2.89250522200746e-07 3.00983856504899e-07 3.09547999677307e-07 3.14599134298987e-07 3.16035368541634e-07 3.17596601462355e-07 3.19233947720932e-07 3.12750188413702e-07 3.03559431813483e-07 2.87672264676075e-07 2.70911471034196e-07 2.6136331143789e-07 2.53023586083145e-07 2.52379635412581e-07 2.50983163141427e-07 2.47491868776706e-07 2.43095371388335e-07
-9999 -9999 -9999 -9999 1.45181434163533e-06 1.50249536545743e-06 1.47558637308975e-06 1.13106784738193e-06 7.87332623986003e-07 6.48818627269065e-07 5.31117279933824e-07 4.93078175622941e-07 4.60113682265728e-07 4.37190408320021e-07 4.08327082368487e-07 3.72609804344393e-07 3.35693698616524e-07 2.97954329653294e-07 2.72822120450655e-07 2.52558010060966e-07 2.42002244021933e-07 2.331596959948e-07 2.31692823149388e-07 2.30966378467201e-07 2.35064490539116e-07 2.41149479052183e-07 2.53676688544147e-07 2.65767766904901e-07 2.77097711887109e-07 2.8535325213852e-07 2.90445314021781e-07 2.91431064169956e-07 2.89915277562613e-07 2.78509105555713e-07 2.63806185785143e-07 2.45407733245884e-07 2.2653949827145e-07 2.13363065881822e-07 2.01656675358208e-07 1.99312054860457e-07 1.96913717331881e-07 1.94365895822557e-07 1.91188206599691e-07
-9999 -9999 -9999 -9999 1.52491929839016e-06 1.54734334500972e-06 1.57503188802366e-06 1.18930995540723e-06 8.01217822754552e-07 6.40492032744078e-07 5.03876208313159e-07 4.59543116448913e-07 4.22900200192089e-07 4.01473982947209e-07 3.75384871631468e-07 3.43915445455423e-07 3.11718650891635e-07 2.79022344784607e-07 2.57265156733411e-07 2.39731974716051e-07 2.30907886589193e-07 2.23620702399785e-07 2.22366168145527e-07 2.21561833768646e-07 2.23408335386921e-07 2.26665036962004e-07 2.34494180517686e-07 2.42963693608544e-07 2.52550648838223e-07 2.61784776967033e-07 2.70655789336161e-07 2.70955325731848e-07 2.66033168827562e-07 2.5021461169672e-07 2.30763902209219e-07 2.15000852676894e-07 1.9977517240477e-07 1.88399567946362e-07 1.77909797116627e-07 1.7306126665062e-07 1.68989004123432e-07 1.67077658375092e-07 1.65198784429776e-07
-9999 -9999 -9999 -9999 1.54734334500972e-06 1.58086038481997e-06 1.62020603511337e-06 1.23920915484632e-06 8.54567304031661e-07 6.62338663914852e-07 4.97856262882124e-07 4.39574677102428e-07 3.94634867006971e-07 3.76094590137654e-07 3.53282274545563e-07 3.25540696621829e-07 2.95998745514225e-07 2.6522042162469e-07 2.45744303128959e-07 2.30632423381394e-07 2.23784482500378e-07 2.1839487374109e-07 2.17540460312193e-07 2.16923083939946e-07 2.17453660411593e-07 2.18962085796193e-07 2.23641052343737e-07 2.29628795977987e-07 2.37900479760356e-07 2.46879466203609e-07 2.56586304203665e-07 2.55249005931546e-07 2.47183749024771e-07 2.3051860864598e-07 2.10986883075748e-07 1.9719122690276e-07 1.84209412168457e-07 1.74154720866682e-07 1.64860210816187e-07 1.60406699478699e-07 1.56793106498299e-07 1.55517597022481e-07 1.54432626686685e-07
-9999 -9999 -9999 -9999 1.58280329287663e-06 1.62020603511337e-06 1.30412809085101e-06 1.28285091705038e-06 9.37515494570107e-07 7.06815512785397e-07 5.07752361045277e-07 4.29781351840575e-07 3.73080723647945e-07 3.58468042804816e-07 3.3930950849026e-07 3.14905719278613e-07 2.86470253740845e-07 2.55266058957204e-07 2.37250603163375e-07 2.24327806108704e-07 2.19639332499355e-07 2.16403975628054e-07 2.16090484173037e-07 2.15858747765196e-07 2.15775173728616e-07 2.16345299008935e-07 2.19035030113446e-07 2.2339588667819e-07 2.3067303800417e-07 2.38471670854778e-07 2.46806934001143e-07 2.43119842480155e-07 2.3210883171032e-07 2.17271590940982e-07 2.01158940171808e-07 1.88829673675173e-07 1.77042693394469e-07 1.679489827211e-07 1.59833703605727e-07 1.5794942953562e-07 1.56393952011058e-07 1.55753809849557e-07 1.55084066477684e-07
-9999 -9999 -9999 -9999 1.62020603511337e-06 1.31002354919474e-06 1.16302601327334e-06 1.07424614270712e-06 1.03975776255538e-06 7.68813322338247e-07 5.33049956175091e-07 4.31944840784126e-07 3.61759788347626e-07 3.52756813981614e-07 3.34984179062303e-07 3.07092733464742e-07 2.76985190339474e-07 2.45355721517626e-07 2.29454499844906e-07 2.19626514308402e-07 2.17270837765682e-07 2.1623377222113e-07 2.16415116938151e-07 2.16600838598424e-07 2.16600781755005e-07 2.16760597027132e-07 2.17438753224997e-07 2.20311150656016e-07 2.27012705522611e-07 2.33485209832907e-07 2.3972205553946e-07 2.34889412809025e-07 2.2331330740144e-07 2.09406806561674e-07 1.9472349777061e-07 1.82780226509749e-07 1.71247663161012e-07 1.64164404736766e-07 1.57949372692201e-07 1.57263556843645e-07 1.56711820409328e-07 1.56533303652395e-07 1.56634399672839e-07
-9999 -9999 -9999 -9999 -9999 1.17960485113144e-06 1.1527339438544e-06 1.13198086637567e-06 1.15026898583892e-06 8.38320204366028e-07 5.64948379633279e-07 4.39232735516271e-07 3.54824550186095e-07 3.52152198956901e-07 3.34793554657153e-07 3.00489233495682e-07 2.6751874315778e-07 2.35464241882255e-07 2.2195735027708e-07 2.15612388387854e-07 2.15663760627649e-07 2.16843886846618e-07 2.17500300436768e-07 2.18117122585681e-07 2.18499593529486e-07 2.18475364022197e-07 2.17132395619046e-07 2.18575664234777e-07 2.24881148369604e-07 2.29965053222259e-07 2.33791993764498e-07 2.28329895435309e-07 2.17208992125961e-07 2.03848728119738e-07 1.89742010547889e-07 1.77721688032761e-07 1.66040493354558e-07 1.61417460731172e-07 1.57411690793197e-07 1.57336870643121e-07 1.57336970119104e-07 1.57545628098887e-07 1.58569989139323e-07
-9999 -9999 -9999 -9999 -9999 1.22093524623779e-06 1.22305470995343e-06 1.25197482248041e-06 1.22271251257189e-06 8.94241054538725e-07 6.0465617934824e-07 4.63912670056743e-07 3.67866931583194e-07 3.60265545396032e-07 3.352517978783e-07 2.90146914494471e-07 2.5524133207e-07 2.27340109404395e-07 2.17620637954496e-07 2.14921811902968e-07 2.17163218962924e-07 2.20276405116238e-07 2.21482636675319e-07 2.22495970092496e-07 2.22249781245409e-07 2.21497856500719e-07 2.19106127019586e-07 2.19857341221541e-07 2.26093320065957e-07 2.29717386446282e-07 2.3065383913945e-07 2.24090840106328e-07 2.12959221812525e-07 1.99630648012317e-07 1.85569760446924e-07 1.73648970758222e-07 1.62087346211592e-07 1.59334376803599e-07 1.56979041321392e-07 1.57156023306015e-07 1.57657069621564e-07 1.59060306259562e-07 1.61235874429622e-07
-9999 -9999 -9999 -9999 -9999 1.2700352272077e-06 1.28701719859237e-06 1.28520832731738e-06 1.28727970150067e-06 9.47350940805336e-07 6.45979810087738e-07 4.9219102038478e-07 3.85042682182757e-07 3.70182647202455e-07 3.35844305254795e-07 2.79031013405984e-07 2.42382355963855e-07 2.19581650640066e-07 2.13937823900778e-07 2.14918898677752e-07 2.19305405835257e-07 2.24292875827814e-07 2.26064400976611e-07 2.27467083391275e-07 2.26383008339326e-07 2.24790923653018e-07 2.21551601953252e-07 2.21763286845089e-07 2.27997304591554e-07 2.30146781632357e-07 2.28093341547719e-07 2.20331884293046e-07 2.09093158787255e-07 1.95689807469535e-07 1.81564942636214e-07 1.6978022188141e-07 1.58393646643162e-07 1.57388640786849e-07 1.56568134457302e-07 1.56922567384754e-07 1.57914058718234e-07 1.60678894189914e-07 1.64052863738107e-07
-9999 -9999 -9999 -9999 -9999 -9999 1.30003388676414e-06 1.32386855966615e-06 1.29881084376393e-06 9.78891876002308e-07 6.9349061959656e-07 5.40208930033259e-07 4.22693858581624e-07 3.75950918396484e-07 3.22924705642436e-07 2.62648569560042e-07 2.29460340506193e-07 2.14874603443604e-07 2.13877115129435e-07 2.18126558593212e-07 2.24052655539708e-07 2.30274622481375e-07 2.32718193160508e-07 2.34523355402416e-07 2.31697939057085e-07 2.28745378194617e-07 2.25380574647716e-07 2.25044757939941e-07 2.29994796541177e-07 2.30843568260752e-07 2.27472213509827e-07 2.18503956261884e-07 2.06126102852977e-07 1.91482300238022e-07 1.76083176484099e-07 1.65480315672539e-07 1.55609058083428e-07 1.55284908487374e-07 1.5515165330271e-07 1.56234122528076e-07 1.57995998506522e-07 1.61649168717304e-07 1.65621983683195e-07
