Ecospace-environmental-drivers/Outputs/ASCII-for-ecospace/MOM6-ISIMIP3a/chl/1980-07_chl_MOM6-ISIMIP3a.asc
NCOLS 131 
NROWS 53 
XLLCORNER -98 
YLLCORNER 23.9265270233154 
CELLSIZE 0.133587792515755 
NODATA_value -9999 
[rows 0 to 18 of 53, columns 43 to 85 of 131]
-9999 -9999 -9999 -9999 -9999 -9999 -9999 -9999 -9999 -9999 -9999 -9999 -9999 -9999 -9999 -9999 -9999 -9999 -9999 -9999 -9999 -9999 -9999 -9999 -9999 -9999 -9999 -9999 -9999 -9999 -9999 -9999 -9999 -9999 -9999 -9999 -9999 -9999 -9999 -9999 -9999 -9999 -9999
-9999 -9999 -9999 -9999 -9999 -9999 -9999 -9999 -9999 -9999 -9999 -9999 -9999 -9999 -9999 -9999 -9999 -9999 -9999 -9999 -9999 -9999 -9999 -9999 -9999 -9999 -9999 -9999 -9999 -9999 -9999 -9999 -9999 -9999 -9999 -9999 -9999 -9999 -9999 -9999 -9999 -9999 -9999
-9999 -9999 -9999 -9999 -9999 -9999 -9999 -9999 -9999 -9999 -9999 -9999 -9999 -9999 -9999 -9999 -9999 -9999 -9999 -9999 -9999 -9999 -9999 -9999 -9999 -9999 -9999 -9999 -9999 -9999 -9999 2.32829847846006e-06 2.32483648687776e-06 -9999 -9999 -9999 -9999 -9999 -9999 -9999 -9999 -9999 -9999
-9999 -9999 -9999 -9999 -9999 -9999 -9999 -9999 -9999 -9999 -9999 -9999 -9999 -9999 -9999 -9999 -9999 -9999 -9999 -9999 -9999 -9999 -9999 -9999 -9999 -9999 -9999 -9999 -9999 -9999 -9999 2.32339152717032e-06 2.32630418395274e-06 -9999 -9999 -9999 -9999 -9999 -9999 -9999 -9999 -9999 -9999
-9999 -9999 -9999 -9999 -9999 -9999 -9999 -9999 -9999 -9999 -9999 -9999 -9999 -9999 -9999 -9999 -9999 -9999 -9999 -9999 -9999 -9999 2.74868898486602e-06 2.73685873253271e-06 2.72739453066606e-06 2.67218774752109e-06 2.61852983385324e-06 2.5144838673441e-06 2.42499845626298e-06 2.36043047152634e-06 2.32621550821932e-06 2.31895273827831e-06 2.32500610763964e-06 2.33495370594028e-06 -9999 -9999 2.13155931305664e-06 1.95638153854816e-06 1.74164301824931e-06 1.53095197674702e-06 1.33785476919002e-06 1.16471744604496e-06 1.01590205758839e-06
-9999 -9999 -9999 -9999 -9999 -9999 -9999 -9999 -9999 -9999 -9999 -9999 -9999 -9999 -9999 -9999 -9999 -9999 2.68043731921352e-06 -9999 2.65756193584821e-06 2.63871652350645e-06 2.6951836389344e-06 2.74868898486602e-06 2.73449268206605e-06 2.72739453066606e-06 2.61698096437613e-06 2.51121400651755e-06 2.41525685851229e-06 2.34852427638543e-06 2.3175102796813e-06 2.31261196859123e-06 2.32673596656241e-06 2.3356701603916e-06 2.3424552182405e-06 2.26531778935168e-06 2.17168326344108e-06 1.95767711375083e-06 1.73978412476572e-06 1.52746770254453e-06 1.32560398924397e-06 1.16049250209471e-06 1.0080558467962e-06
-9999 -9999 -9999 -9999 -9999 -9999 -9999 -9999 -9999 -9999 -9999 -9999 -9999 -9999 2.69276006292785e-06 2.69353063231392e-06 2.69397787633352e-06 2.69490897153446e-06 2.68824805971235e-06 2.6832440198632e-06 2.67763039119018e-06 2.65633866547432e-06 2.63871652350645e-06 2.69814518105704e-06 2.74868898486602e-06 2.72739453066606e-06 2.61698096437613e-06 2.51121400651755e-06 2.41525685851229e-06 2.34852427638543e-06 2.3175102796813e-06 2.31261196859123e-06 2.32673596656241e-06 2.3356701603916e-06 2.3424552182405e-06 2.26531778935168e-06 2.17168326344108e-06 1.95767711375083e-06 1.73978412476572e-06 1.52746770254453e-06 1.32560398924397e-06 1.16049250209471e-06 1.0080558467962e-06
-9999 -9999 -9999 -9999 -9999 -9999 -9999 -9999 -9999 -9999 -9999 -9999 -9999 -9999 2.68862845587137e-06 2.69276006292785e-06 2.6943012017e-06 -9999 2.69555334853067e-06 2.68994040197867e-06 2.68885787590989e-06 2.67763039119018e-06 2.65266885435267e-06 2.63871652350645e-06 2.70702980742499e-06 2.73104365078325e-06 2.56966018241656e-06 2.41588713834062e-06 2.27818077291886e-06 2.17613751374302e-06 2.11768201552331e-06 2.09761310543399e-06 2.10550410884025e-06 2.1108137389092e-06 2.11505425795622e-06 2.05759624805069e-06 1.98800944417599e-06 1.84089424237754e-06 1.69072620792576e-06 1.53878443143185e-06 1.38392067583482e-06 1.2187828133392e-06 1.06866286841978e-06
-9999 -9999 2.45468140747107e-06 -9999 -9999 -9999 -9999 -9999 -9999 -9999 -9999 -9999 -9999 -9999 -9999 -9999 -9999 -9999 2.69601355284976e-06 2.69480437964376e-06 2.69239581029979e-06 2.7000853606296e-06 2.67763039119018e-06 2.64165964836138e-06 2.71584053734841e-06 2.73385535365378e-06 2.51680990004388e-06 2.30979935622599e-06 2.1239736724965e-06 1.98220004676841e-06 1.89426702945639e-06 1.85800297458627e-06 1.85937392416236e-06 1.8611160612636e-06 1.86301190296945e-06 1.82755002242629e-06 1.78474454060051e-06 1.71065630638623e-06 1.63431525379565e-06 1.54728559209616e-06 1.44308717153763e-06 1.27852274545148e-06 1.13159592274314e-06
-9999 2.45468140747107e-06 2.54768997365318e-06 2.61972968473856e-06 2.62872231360234e-06 -9999 -9999 -9999 -9999 -9999 -9999 -9999 -9999 -9999 2.56059979619749e-06 2.68439362116624e-06 -9999 -9999 -9999 2.69635620497866e-06 2.68913208856247e-06 2.69877477876435e-06 2.72254033006902e-06 2.72718807536876e-06 2.73462160294002e-06 2.69439897238044e-06 2.45473120230599e-06 2.19798312173225e-06 1.90517732789885e-06 1.70679936672968e-06 1.62383150836831e-06 1.59386615905532e-06 1.60250726821687e-06 1.61631930950534e-06 1.63227286975598e-06 1.62324010943848e-06 1.60929550929723e-06 1.56414637331181e-06 1.51323126829084e-06 1.4172780993249e-06 1.31079843868065e-06 1.16730723220826e-06 1.04461764749431e-06
2.38385587181256e-06 2.50219227382331e-06 2.601744427011e-06 2.632142013681e-06 2.62530261352367e-06 2.62479784396419e-06 -9999 -9999 -9999 -9999 -9999 -9999 -9999 -9999 2.49273784902471e-06 2.54263545684807e-06 2.68439362116624e-06 -9999 -9999 2.70508940047876e-06 2.69121892415569e-06 2.67108816842665e-06 2.73139653472754e-06 2.78933748631971e-06 2.7323894755682e-06 2.63628794527904e-06 2.37632389143982e-06 2.07585208045202e-06 1.68986480275635e-06 1.44157797876687e-06 1.361589283988e-06 1.33805133373244e-06 1.35563141157036e-06 1.38091195367451e-06 1.4093815252636e-06 1.42308181239059e-06 1.43387865136901e-06 1.4133194099486e-06 1.38427390083962e-06 1.28367196339241e-06 1.17848730951664e-06 1.05718868326221e-06 9.5742814210098e-07
2.35584889196616e-06 2.48199876295985e-06 2.59650914813392e-06 2.632142013681e-06 2.62530261352367e-06 2.62378830484522e-06 2.6103396066901e-06 2.60081333181006e-06 -9999 -9999 -9999 -9999 -9999 -9999 -9999 2.46030253947538e-06 2.53743269240658e-06 2.68439362116624e-06 2.69276006292785e-06 2.70508940047876e-06 2.69121892415569e-06 2.67108816842665e-06 2.70143186753558e-06 2.72608485829551e-06 2.61744708041078e-06 2.47811613007798e-06 2.21033269554027e-06 1.89839340691833e-06 1.49323818732228e-06 1.23095594517508e-06 1.14329418465786e-06 1.12687393993838e-06 1.16234491542855e-06 1.19586786695436e-06 1.22858398299286e-06 1.24519226574193e-06 1.25863425637363e-06 1.23933568829671e-06 1.21308494271943e-06 1.13076373509102e-06 1.04605533124413e-06 9.52953655541933e-07 8.69105292622407e-07
2.25659709940373e-06 2.41104476117471e-06 2.55003646998375e-06 2.60264891949191e-06 2.60875026469876e-06 2.60903016169323e-06 2.60765477833047e-06 2.60088495451782e-06 -9999 -9999 -9999 -9999 2.54423093792866e-06 2.54060296356329e-06 2.5036590614036e-06 2.42097735281277e-06 2.45627097683609e-06 2.58808881881123e-06 2.64032814811799e-06 2.65487301476242e-06 2.64404593508516e-06 2.62715661847324e-06 2.63866945715563e-06 2.6416196305945e-06 2.49154231823923e-06 2.31536250794306e-06 2.02994147002755e-06 1.70712826275121e-06 1.30537671338971e-06 1.04252762866963e-06 9.49446018694289e-07 9.35316279537801e-07 9.78693833530997e-07 1.01655484741059e-06 1.05213121059933e-06 1.0720866612246e-06 1.08897131667618e-06 1.07552580175252e-06 1.05627702851052e-06 9.9131091246818e-07 9.24658763779007e-07 8.52078130719747e-07 7.80333778038766e-07
1.9792298644461e-06 2.21318714466179e-06 2.40046801991411e-06 2.49942195296171e-06 2.5508156795695e-06 2.58105478678772e-06 2.60527781392739e-06 2.60088495451782e-06 2.59390003520821e-06 2.59600824392692e-06 2.5931631171261e-06 2.56512225860206e-06 2.54423093792866e-06 2.54060296356329e-06 2.5036590614036e-06 2.42097735281277e-06 2.40079089053324e-06 2.43173644776107e-06 2.45681417254673e-06 2.47911248152377e-06 2.47893763116735e-06 2.47339335146535e-06 2.49391155193734e-06 2.50412085733842e-06 2.33823129747179e-06 2.14115334529197e-06 1.81355005679507e-06 1.48134563460189e-06 1.13942860480165e-06 9.09584400687891e-07 8.16716408280627e-07 7.92809032645891e-07 8.19131457774347e-07 8.51569723181456e-07 8.86540760802745e-07 9.10940627818491e-07 9.33262469970941e-07 9.37150446134183e-07 9.35422065140301e-07 8.85497797753487e-07 8.30851320188231e-07 7.59601505251339e-07 6.90440572270745e-07
1.57174088144529e-06 1.81236543994601e-06 2.01146758627146e-06 2.17819888348458e-06 2.32749971473822e-06 2.43387580667331e-06 2.52804397860018e-06 2.53068969868764e-06 2.52438667303068e-06 2.52941117651062e-06 2.52749532592134e-06 2.49027470999863e-06 2.44400098381448e-06 2.37586823459424e-06 2.27851228373765e-06 2.14103670259647e-06 2.06598474505881e-06 2.04200591724657e-06 2.05313835976995e-06 2.08090250453097e-06 2.10508437703538e-06 2.12841018765175e-06 2.16653825191315e-06 2.19306070903258e-06 2.03586296265712e-06 1.84729276497819e-06 1.52742597947508e-06 1.22605592878244e-06 9.63734123615723e-07 7.84272742748726e-07 7.06083767454402e-07 6.81347955833189e-07 6.95546702900174e-07 7.21748222076712e-07 7.52920527702372e-07 7.80174730152794e-07 8.06658761121071e-07 8.21978687781666e-07 8.3155941865698e-07 7.89113983046263e-07 7.41339988508116e-07 6.74830630487122e-07 6.11600739830465e-07
9.80283743956534e-07 1.12458963030804e-06 1.28395402043679e-06 1.54876909164159e-06 1.87036482657277e-06 2.11816450246261e-06 2.34497633755382e-06 2.36125083574734e-06 2.35659399550059e-06 2.36865798797226e-06 2.36898495131754e-06 2.30960608860187e-06 2.20206447920646e-06 1.9782289655268e-06 1.73504895428778e-06 1.46531147038331e-06 1.33626258502773e-06 1.3223213954916e-06 1.33819435177429e-06 1.3681896007256e-06 1.43610316172271e-06 1.51307665419154e-06 1.58098077918112e-06 1.63661627539113e-06 1.52275481468678e-06 1.384266624882e-06 1.14271290385659e-06 9.29048439957114e-07 7.74260286107165e-07 6.69750761517207e-07 6.26692042260402e-07 6.1378051441352e-07 6.22827712959406e-07 6.41641634047119e-07 6.64500305447291e-07 6.92360742959863e-07 7.21204401088471e-07 7.39612573852355e-07 7.51720790503896e-07 7.06061484834208e-07 6.57902489820117e-07 6.00954365381767e-07 5.48388413790235e-07
6.25850475444167e-07 7.03848456851119e-07 8.12391760973696e-07 1.04844889392552e-06 1.35316668092855e-06 1.60333149779035e-06 1.83798147190828e-06 1.87645002824866e-06 1.89442789633176e-06 1.90134278454934e-06 1.89333491107391e-06 1.80941742655705e-06 1.67985831467377e-06 1.44009288760572e-06 1.18942273275024e-06 9.23781840356241e-07 7.97843028976786e-07 7.86204736868967e-07 7.99549241037312e-07 8.24727521830937e-07 8.95522703103779e-07 9.77217268882669e-07 1.04255502719752e-06 1.09859240637888e-06 1.03562149433856e-06 9.56302301347023e-07 8.0856392514761e-07 6.87246313191281e-07 6.21705055436905e-07 5.80197706767649e-07 5.68064706385485e-07 5.66780897770514e-07 5.73399347558734e-07 5.87103954785562e-07 6.03743217197916e-07 6.29041267075081e-07 6.56041436286614e-07 6.70224721943669e-07 6.7820434423993e-07 6.30218607966526e-07 5.82616166866501e-07 5.36361653757922e-07 4.94690027608158e-07
4.71019518499816e-07 5.07982292674569e-07 5.56370991944277e-07 6.56854240332905e-07 7.85388067470194e-07 9.20814443361451e-07 1.05820106455212e-06 1.12607710889279e-06 1.1843644642795e-06 1.17586557735194e-06 1.1506155033203e-06 1.04015498436638e-06 9.21632022254926e-07 7.83641780799371e-07 6.41975020698737e-07 4.95260962907196e-07 4.20522979993621e-07 4.04673926368559e-07 4.0936882328424e-07 4.23794944026668e-07 4.63070932710252e-07 5.08284358602396e-07 5.43819851372973e-07 5.7608104953033e-07 5.70362203689001e-07 5.57864382244588e-07 5.1699583991649e-07 4.91933519697341e-07 5.00239650591539e-07 5.11671430558636e-07 5.26923486177111e-07 5.37101811914908e-07 5.4358446277547e-07 5.54098392058222e-07 5.66281698866078e-07 5.86349131026509e-07 6.07966285315342e-07 6.11766211022768e-07 6.10012023116724e-07 5.60447062980529e-07 5.14194141487678e-07 4.79586731216841e-07 4.49003607627674e-07
3.53043986933699e-07 3.71997344927877e-07 3.9499667536802e-07 4.36682341842243e-07 4.88429748202179e-07 5.5639480933678e-07 6.28972202321165e-07 6.81198571328423e-07 7.29057660464605e-07 7.15247097105021e-07 6.8961503529863e-07 6.03848548053065e-07 5.20990283803258e-07 4.45154086037292e-07 3.67840812032227e-07 2.88499705902723e-07 2.44766880541647e-07 2.30167728432207e-07 2.29819889341343e-07 2.36222575722422e-07 2.56012697263941e-07 2.79001540093304e-07 2.9847896598767e-07 3.17462223620169e-07 3.32763846699891e-07 3.47002412581787e-07 3.56791900912867e-07 3.76885736841359e-07 4.18732895468565e-07 4.54689597972902e-07 4.83447024635097e-07 4.99291331834684e-07 5.05729985889047e-07 5.12379301653709e-07 5.19115758379485e-07 5.3349862128016e-07 5.49384594705771e-07 5.47579020349076e-07 5.41387635166757e-07 4.9875262675414e-07 4.60070310737137e-07 4.35286096944765e-07 4.13795476106316e-07
