Ecospace-environmental-drivers/Outputs/ASCII-for-ecospace/MOM6-ISIMIP3a/chl/1982-09_chl_MOM6-ISIMIP3a.asc
NCOLS 131 
NROWS 53 
XLLCORNER -98 
YLLCORNER 23.9265270233154 
CELLSIZE 0.133587792515755 
NODATA_value -9999 
[rows 19 to 37 of 53, columns 86 to 128 of 131]
1.8911769927854e-07 1.93724901009773e-07 1.98354456415473e-07 1.97435213067365e-07 1.92925625697171e-07 1.82534037662663e-07 1.70029551327389e-07 1.52852948076543e-07 1.34942737872734e-07 1.14468257095268e-07 9.41251627750717e-08 7.48659516602856e-08 5.78273890994296e-08 4.74506265391028e-08 4.03185431707698e-08 3.85125282775789e-08 3.94657249103147e-08 4.31003606138347e-08 5.25069694390368e-08 6.52210516705054e-08 9.23502199157156e-08 1.23925048001183e-07 1.95698049765269e-07 2.73067655598425e-07 3.85732562335761e-07 4.91258504098369e-07 5.56331997358939e-07 6.29419162123668e-07 7.23259347523708e-07 -9999 -9999 -9999 -9999 -9999 -9999 -9999 -9999 -9999 -9999 -9999 -9999 -9999 -9999
1.49317983755282e-07 1.52160140487467e-07 1.55771346044276e-07 1.57565921199421e-07 1.58185031295943e-07 1.56522446559393e-07 1.54040222355434e-07 1.45983534594052e-07 1.37051557658197e-07 1.2129682147588e-07 1.05031034536296e-07 8.54226982482942e-08 6.73315696531063e-08 5.37919575549495e-08 4.36833289541028e-08 3.92065757637283e-08 3.78403619549772e-08 3.94970101069703e-08 4.57985116497639e-08 5.47616174628729e-08 7.31100513462479e-08 9.4352955670729e-08 1.37880121542366e-07 1.84792199320327e-07 2.64162167695758e-07 3.431167101553e-07 4.19717338218106e-07 4.72944464036118e-07 4.6564179001507e-07 -9999 -9999 -9999 -9999 -9999 -9999 -9999 -9999 -9999 -9999 -9999 -9999 -9999 -9999
1.14707368936706e-07 1.14456859989787e-07 1.14984445076516e-07 1.17043633451885e-07 1.20093844202529e-07 1.25511505189024e-07 1.31779600565096e-07 1.33623558440377e-07 1.34772847104614e-07 1.25238329928834e-07 1.14493147407302e-07 9.55446921580005e-08 7.72134214344078e-08 6.0733668760804e-08 4.7698186733669e-08 4.03163866735667e-08 3.66033212628736e-08 3.6455578111827e-08 3.98463804174298e-08 4.52648478699302e-08 5.92064033355655e-08 7.57765050707349e-08 1.06666760757435e-07 1.39839073654002e-07 1.98748594470999e-07 2.58877690839654e-07 3.25917426380329e-07 3.87236696042237e-07 -9999 -9999 -9999 -9999 -9999 -9999 -9999 -9999 -9999 -9999 -9999 -9999 -9999 -9999 -9999
1.08080506322494e-07 1.05718669374255e-07 1.03855249733442e-07 1.0305748077144e-07 1.02949236691074e-07 1.06124311116673e-07 1.10478808323933e-07 1.15757480045886e-07 1.21181258805336e-07 1.17755021733501e-07 1.1293266766188e-07 9.8469840281723e-08 8.34028099916395e-08 6.65232064989141e-08 5.24974161919545e-08 4.31560778224593e-08 3.77092135295243e-08 3.60470515659017e-08 3.74404329761546e-08 4.05847124795855e-08 5.08279036637305e-08 6.32604155725858e-08 9.08004764710313e-08 1.20699141348268e-07 1.75516191802672e-07 2.31466003697278e-07 2.93834517606228e-07 3.38796240839656e-07 3.38680024469795e-07 3.57878889190033e-07 -9999 -9999 -9999 -9999 -9999 -9999 -9999 -9999 -9999 -9999 -9999 -9999 -9999
1.03900326564599e-07 9.95844331441731e-08 9.54909111783309e-08 9.17286513413273e-08 8.81807338259932e-08 8.84014283997203e-08 8.99758632044723e-08 9.78947127805441e-08 1.06809764588434e-07 1.09307372042622e-07 1.10277497356037e-07 1.00530044733205e-07 8.89795401803894e-08 7.20199793136089e-08 5.726065310796e-08 4.61129658901882e-08 3.90279879525224e-08 3.58912046749538e-08 3.54123130819062e-08 3.64564449739646e-08 4.31115481092093e-08 5.14970928122693e-08 7.62142846610914e-08 1.03430629394552e-07 1.55276566715656e-07 2.08163513093496e-07 2.66949228944213e-07 3.07584258507632e-07 3.0121486815915e-07 3.12270600488773e-07 3.26941830053329e-07 -9999 -9999 -9999 -9999 -9999 -9999 -9999 -9999 -9999 -9999 -9999 -9999
1.04570922587754e-07 9.96505633565903e-08 9.51025356243917e-08 9.05639296888694e-08 8.60314273154472e-08 8.33865669847e-08 8.14197775866887e-08 8.70760317184249e-08 9.39292448265405e-08 9.94495650274985e-08 1.03550696906041e-07 9.74533804765088e-08 8.91339269060154e-08 7.41482324428944e-08 6.04342815790915e-08 4.88078732985286e-08 4.08854994304875e-08 3.65627528253754e-08 3.51172388945997e-08 3.53204470115998e-08 3.93078316562878e-08 4.44622649808935e-08 6.32695744684497e-08 8.42757543750849e-08 1.30876699699911e-07 1.80531060323119e-07 2.47487463411744e-07 2.96036631652896e-07 2.96916908837375e-07 3.1067600048118e-07 3.27824068335758e-07 -9999 -9999 -9999 -9999 -9999 -9999 -9999 -9999 -9999 -9999 -9999 -9999
1.05485320034404e-07 1.00041752659763e-07 9.51015124428523e-08 8.98399008519846e-08 8.43703489294967e-08 7.92263321613973e-08 7.41992494113219e-08 7.75644153350186e-08 8.22473253947464e-08 9.01972896372172e-08 9.68719930938278e-08 9.41502378282166e-08 8.8857788682617e-08 7.58534213218809e-08 6.32283203572115e-08 5.12257685159057e-08 4.26038013756624e-08 3.72671280501891e-08 3.49757272033457e-08 3.44293304976873e-08 3.60199514659598e-08 3.82696363487867e-08 5.12722380108244e-08 6.6125672049111e-08 1.06571164337765e-07 1.51788185576152e-07 2.24042821628245e-07 2.88746633714254e-07 3.33896252868726e-07 3.27686393575277e-07 -9999 -9999 -9999 -9999 -9999 -9999 -9999 -9999 -9999 -9999 -9999 -9999 -9999
1.07468771659569e-07 1.01858276480016e-07 9.67989350897369e-08 9.10481645632899e-08 8.48500079086989e-08 7.88133789342282e-08 7.28347799849871e-08 7.37839513931249e-08 7.58209210971472e-08 8.36001348147875e-08 9.04041641547337e-08 8.98540690741356e-08 8.66938805188511e-08 7.57035962806185e-08 6.4357962514805e-08 5.24290335590649e-08 4.3711708030969e-08 3.81154521278404e-08 3.55075187030707e-08 3.46119541916323e-08 3.49938851229581e-08 3.57697977904081e-08 4.34288303097219e-08 5.2381327719786e-08 8.26792927455244e-08 1.18176423313798e-07 1.83134261533269e-07 2.4944714027697e-07 3.19269162218916e-07 3.60663278797801e-07 -9999 -9999 -9999 -9999 -9999 -9999 -9999 -9999 -9999 -9999 -9999 -9999 -9999
1.09893328215094e-07 1.04075176921015e-07 9.87746275882273e-08 9.2600288326139e-08 8.5860563103779e-08 7.91092560348261e-08 7.2353792290869e-08 7.10883014676256e-08 7.06848410914063e-08 7.79982443077643e-08 8.46159764478216e-08 8.57991295788452e-08 8.44045970893603e-08 7.52771995848889e-08 6.5195273180052e-08 5.35465183304495e-08 4.49045316486263e-08 3.91845560443471e-08 3.62526826336307e-08 3.49184503534161e-08 3.44006956254361e-08 3.41347501375822e-08 3.76149422720573e-08 4.19067767154502e-08 6.27318001988897e-08 8.8702904577076e-08 1.43833915444702e-07 2.06278613745781e-07 2.87663368681024e-07 3.25265119727192e-07 -9999 -9999 -9999 -9999 -9999 -9999 -9999 -9999 -9999 -9999 -9999 -9999 -9999
1.13280314906206e-07 1.07165639917639e-07 1.01357478854425e-07 9.49026670582498e-08 8.80294450666952e-08 8.09516791377973e-08 7.38004430900219e-08 7.07595617654988e-08 6.8364073513294e-08 7.45678789826343e-08 8.03106487978766e-08 8.22704961933596e-08 8.18417404957472e-08 7.42473602599603e-08 6.5394765158544e-08 5.44768390398076e-08 4.6282629284633e-08 4.0735365303135e-08 3.74633941646607e-08 3.54952192083147e-08 3.47519879539959e-08 3.43865345087124e-08 3.62291601163633e-08 3.85664336022273e-08 5.13903515297898e-08 6.82584300193412e-08 1.08042478075276e-07 1.54668398977265e-07 2.19012548541286e-07 2.63645318909767e-07 -9999 -9999 -9999 -9999 -9999 -9999 -9999 -9999 -9999 -9999 -9999 -9999 -9999
1.15479089402015e-07 1.0930170191159e-07 1.03358786418539e-07 9.69171267684033e-08 9.0152738607685e-08 8.29482473818643e-08 7.55856603973371e-08 7.12346022169186e-08 6.73564173325758e-08 7.21675661452537e-08 7.6743546628677e-08 7.91659928722765e-08 7.94468064668763e-08 7.33028500121691e-08 6.56902372497825e-08 5.56668382500902e-08 4.80062460894715e-08 4.26418580445898e-08 3.9005051633012e-08 3.63581840190363e-08 3.52872646658398e-08 3.47023672020441e-08 3.53480018588925e-08 3.6281360138446e-08 4.36097451483874e-08 5.39306377334015e-08 8.12083911228001e-08 1.16441427167047e-07 1.72276074295041e-07 3.51091728134634e-07 7.08980962826899e-07 -9999 -9999 -9999 -9999 -9999 -9999 -9999 -9999 -9999 -9999 -9999 -9999
1.16183009879478e-07 1.10237039052663e-07 1.04628469443924e-07 9.85693446864389e-08 9.22186842444717e-08 8.5138736949375e-08 7.77968125476036e-08 7.27208799844448e-08 6.80007516962178e-08 7.10631482547797e-08 7.41051806585347e-08 7.65950929348946e-08 7.72631310042016e-08 7.24657027717512e-08 6.61064589735361e-08 5.71835343521343e-08 5.01645445183385e-08 4.49958221793167e-08 4.09630551700957e-08 3.75812163611045e-08 3.60540113319985e-08 3.50987789943247e-08 3.5101695772255e-08 3.53239002492955e-08 4.03089650546917e-08 4.7298129857154e-08 6.56433840617865e-08 9.50516820807934e-08 1.53109667166973e-07 3.37126493832329e-07 7.04553031027899e-07 8.75141893175169e-07 -9999 -9999 -9999 -9999 -9999 -9999 -9999 -9999 -9999 -9999 -9999
1.13412340851937e-07 1.08395333597855e-07 1.03710327437057e-07 9.85839037070946e-08 9.31718560082118e-08 8.66118057274434e-08 7.96393706536946e-08 7.41302201845428e-08 6.88508237089991e-08 7.0411012131899e-08 7.2109394011477e-08 7.44517762996111e-08 7.53130535713353e-08 7.17310939535309e-08 6.65640556007929e-08 5.87951376473939e-08 5.23808054708752e-08 4.72828673991899e-08 4.29361008968954e-08 3.90197705257833e-08 3.70818433736986e-08 3.5754059268811e-08 3.53195090951886e-08 3.50761801826138e-08 3.86695617748956e-08 4.38066187768982e-08 5.76908227856165e-08 8.41642986415536e-08 1.43239887506752e-07 3.3469791560492e-07 7.18919011433172e-07 9.01350006188295e-07 9.08900062768225e-07 9.12378936845926e-07 -9999 -9999 -9999 -9999 -9999 -9999 -9999 -9999 -9999
1.08035706603005e-07 1.04470814221713e-07 1.01151293563362e-07 9.73701972384333e-08 9.32904455908101e-08 8.75468089134301e-08 8.12054921084382e-08 7.54818501036425e-08 6.98551971822781e-08 7.0098103321925e-08 7.05955329749486e-08 7.26291560226855e-08 7.35381675553981e-08 7.10734013864567e-08 6.70526887347478e-08 6.04779231139219e-08 5.46405303225583e-08 4.95197234329225e-08 4.49204264896252e-08 4.06199660574202e-08 3.83054903352331e-08 3.66034953458438e-08 3.58854244097984e-08 3.53607667591405e-08 3.82762017636651e-08 4.26708908207729e-08 5.54476677905313e-08 8.11537788081296e-08 1.403426779234e-07 3.40921900487956e-07 7.47380681787035e-07 9.29033149077441e-07 9.15857754080207e-07 -9999 -9999 -9999 -9999 -9999 -9999 -9999 -9999 -9999 -9999
1.00604047759134e-07 9.83706840429477e-08 9.63586685998052e-08 9.39716073844465e-08 9.13418674031163e-08 8.69967706762509e-08 8.20354912889343e-08 7.64643885986516e-08 7.07975331692978e-08 6.9911109790155e-08 6.93714028443537e-08 7.1091548647928e-08 7.19665180781703e-08 7.03060081264084e-08 6.72263311685128e-08 6.18171398514278e-08 5.64544713199666e-08 5.11370217282092e-08 4.63467983990995e-08 4.18586907358076e-08 3.93889649785706e-08 3.75417172904235e-08 3.66231986959065e-08 3.58730929406192e-08 3.77241207161205e-08 4.0994585503995e-08 5.23082022141352e-08 7.57268878714967e-08 1.30493774008755e-07 3.30259041447789e-07 7.41157634820411e-07 1.35695938752178e-06 2.1503399239009e-06 1.90729349469621e-06 2.41668476519408e-06 -9999 -9999 -9999 -9999 -9999 -9999 -9999 -9999
9.22916569834342e-08 9.1338144159181e-08 9.06087791463506e-08 8.96366145752836e-08 8.85073561107674e-08 8.58102708889419e-08 8.25500023893255e-08 7.72887389643984e-08 7.17132806471454e-08 6.97780748737387e-08 6.82714400568329e-08 6.9676090674875e-08 7.04819740349194e-08 6.94915982535349e-08 6.72649775879108e-08 6.30091037123748e-08 5.807735803387e-08 5.2488793755856e-08 4.75340478089947e-08 4.29424957815172e-08 4.04123703390269e-08 3.85179959039306e-08 3.74346313947171e-08 3.64830299304231e-08 3.7104015859768e-08 3.90866041755089e-08 4.87846030239325e-08 6.92643951083483e-08 1.17665528875932e-07 3.12358849896555e-07 7.20069408544077e-07 1.34085144054552e-06 2.14629153560963e-06 2.41668476519408e-06 2.30904197451309e-06 2.42019768847967e-06 -9999 -9999 -9999 -9999 -9999 -9999 -9999
8.45073273580965e-08 8.40124982914858e-08 8.37329423575284e-08 8.35812059563068e-08 8.3512162518673e-08 8.23693113716217e-08 8.08407349950357e-08 7.70695223195617e-08 7.29461717696722e-08 7.00776894291266e-08 6.76773339591819e-08 6.85985668269495e-08 6.91558454946062e-08 6.86212828782118e-08 6.69854784973722e-08 6.35420178696222e-08 5.88818700464344e-08 5.30393293729503e-08 4.80289408244516e-08 4.34953868477805e-08 4.10578131493367e-08 3.92666450466095e-08 3.81184364073306e-08 3.70664920978925e-08 3.68870409772626e-08 3.78820388391432e-08 4.55319835168666e-08 6.09564310138921e-08 9.65143271969282e-08 2.23839379032142e-07 4.84787335608416e-07 9.68096060205426e-07 1.64411324021785e-06 2.0902436972392e-06 2.42019768847967e-06 2.41868383454857e-06 -9999 -9999 -9999 -9999 -9999 -9999 -9999
7.68322507838093e-08 7.66262076012936e-08 7.66241541327872e-08 7.71698367429963e-08 7.80699238589477e-08 7.84619018645571e-08 7.86713627576319e-08 7.66343930536095e-08 7.42446886192738e-08 7.04668181583656e-08 6.71878837010809e-08 6.75909603842229e-08 6.78624871852662e-08 6.77393927617231e-08 6.66401476223655e-08 6.39385717704499e-08 5.95170561723535e-08 5.34240918170781e-08 4.8380581318952e-08 4.3938431559809e-08 4.16250571788623e-08 3.99681994167622e-08 3.87758376518832e-08 3.76444795335829e-08 3.67534731537944e-08 3.68230139713432e-08 4.23354258316522e-08 5.22666354640933e-08 7.3641089670673e-08 1.20708691042637e-07 2.05188271706902e-07 5.21549850418523e-07 1.0388714599685e-06 1.66547681601514e-06 2.34731032833224e-06 2.48854348683381e-06 -9999 -9999 -9999 -9999 -9999 -9999 -9999
7.25534050616261e-08 7.22577979672678e-08 7.21598070185792e-08 7.25145454794074e-08 7.31622264993348e-08 7.39942009886363e-08 7.48923696392012e-08 7.45304333804597e-08 7.39706393915185e-08 7.06374905234952e-08 6.76213787187407e-08 6.70433308869178e-08 6.66529800241733e-08 6.68257129632366e-08 6.60708749933292e-08 6.37934505220983e-08 5.95806426417766e-08 5.34869961654749e-08 4.85933817628847e-08 4.43874128563948e-08 4.22092973906274e-08 4.06565767718803e-08 3.94573191897507e-08 3.83019944649732e-08 3.72160080530648e-08 3.68845221032643e-08 4.08283504782503e-08 4.7548766701766e-08 6.14596586956395e-08 8.77521557640648e-08 1.32073608938299e-07 3.04626524894047e-07 5.88310911098233e-07 1.03650722849125e-06 1.56784210503247e-06 1.68558915447647e-06 -9999 -9999 -9999 -9999 -9999 -9999 -9999
