Ecospace-environmental-drivers/Outputs/ASCII-for-ecospace/MOM6-ISIMIP3a/chl/1983-08_chl_MOM6-ISIMIP3a.asc
NCOLS 131 
NROWS 53 
XLLCORNER -98 
YLLCORNER 23.9265270233154 
CELLSIZE 0.133587792515755 
NODATA_value -9999 
[rows 19 to 37 of 53, columns 43 to 85 of 131]
7.04628632774984e-07 7.41853966701456e-07 7.89842260928708e-07 8.45289150674944e-07 9.04752141650533e-07 9.19647447972238e-07 9.21867751912941e-07 9.45617557590595e-07 9.70819428403047e-07 9.75727289187489e-07 9.8354826150171e-07 1.00618819942611e-06 1.02623766906618e-06 1.04003254364216e-06 1.01625914794568e-06 9.40909444580029e-07 8.62192621298163e-07 7.80720881721209e-07 6.80024811572366e-07 5.7022253940886e-07 4.83384781091445e-07 4.02034004309826e-07 3.49854701653385e-07 3.01300929095305e-07 2.76347833505497e-07 2.52634208663949e-07 2.34107972119091e-07 2.17554642745199e-07 2.05166287514658e-07 1.9590034128214e-07 1.90450634818262e-07 1.86735448437503e-07 1.84283678095198e-07 1.81923113018456e-07 1.79600320393547e-07 1.7507016991658e-07 1.70106090990885e-07 1.66688593594699e-07 1.63421304932854e-07 1.61061990411326e-07 1.60113344804813e-07 1.64124699608692e-07 1.6706876238004e-07
5.19103195983917e-07 5.33265392732574e-07 5.54122607354657e-07 5.7954946441896e-07 6.0743695939891e-07 6.07056051649124e-07 5.98635608639597e-07 6.10609959039721e-07 6.24266021986841e-07 6.26965970695892e-07 6.32028843483567e-07 6.49111598249874e-07 6.65249388021039e-07 6.7910548295913e-07 6.66768016799324e-07 6.18470266999793e-07 5.66051937767043e-07 5.10262339048495e-07 4.44069172544914e-07 3.72948079530033e-07 3.13082693992328e-07 2.55906684287766e-07 2.19491212760659e-07 1.85633382443484e-07 1.68243232678833e-07 1.52587219304223e-07 1.44188689432667e-07 1.3780436347588e-07 1.35672138412701e-07 1.36029541408789e-07 1.3942978682735e-07 1.42603241215511e-07 1.45611494417608e-07 1.46746884865934e-07 1.47106632653049e-07 1.45873229939752e-07 1.44326662621097e-07 1.44607611218817e-07 1.45052482025676e-07 1.46437400871946e-07 1.48821726497772e-07 1.54719970169026e-07 1.59037284674923e-07
3.60816414968212e-07 3.58600829031275e-07 3.61418415195658e-07 3.64770500027589e-07 3.68410354667503e-07 3.5631771311273e-07 3.39750727107457e-07 3.36727623562183e-07 3.35005893248308e-07 3.30989593066988e-07 3.28273188188177e-07 3.3216909400835e-07 3.37235093184063e-07 3.45126352385705e-07 3.4233380574733e-07 3.24873752788335e-07 3.0141944762363e-07 2.73060777544742e-07 2.40738131651597e-07 2.0653786236835e-07 1.74651688666927e-07 1.43318445111618e-07 1.23674638530247e-07 1.05369196035099e-07 9.48552667523472e-08 8.57216448935105e-08 8.23647496872582e-08 8.12779461512037e-08 8.49835046778935e-08 9.09702890794506e-08 9.97451934381388e-08 1.06675358324537e-07 1.12261844265049e-07 1.14851417265527e-07 1.1619986395317e-07 1.1762745799615e-07 1.19070612925043e-07 1.23214761060808e-07 1.27585437326161e-07 1.33191917939257e-07 1.39213881311662e-07 1.46696706337934e-07 1.52001106812349e-07
2.85470633798468e-07 2.79294965821464e-07 2.76048268688101e-07 2.73839191322622e-07 2.72188799499418e-07 2.62176229171018e-07 2.49785500727739e-07 2.45091399619923e-07 2.41165395209464e-07 2.36706057421543e-07 2.32557141544021e-07 2.29987307420743e-07 2.28504148935826e-07 2.29644911087235e-07 2.25895263383791e-07 2.15431768424423e-07 2.01390335519136e-07 1.84421551807645e-07 1.65304570032276e-07 1.4517003421588e-07 1.26342072803709e-07 1.07826302553349e-07 9.56607735247417e-08 8.42386285171415e-08 7.72865931253364e-08 7.12730923169147e-08 6.91874504354928e-08 6.87407109012383e-08 7.17538171102206e-08 7.63661631708601e-08 8.29330986107379e-08 8.7991509190033e-08 9.19511364827486e-08 9.41868165682536e-08 9.57085433128668e-08 9.98330165202788e-08 1.04469123130002e-07 1.1239863084711e-07 1.20356943966726e-07 1.2740511579068e-07 1.34422649011867e-07 1.4133236447833e-07 1.46064394357381e-07
2.17752145204031e-07 2.08814100233212e-07 2.00747066969598e-07 1.94536113440336e-07 1.89324595112339e-07 1.82377277724299e-07 1.74936275243454e-07 1.69714311937241e-07 1.64742786523675e-07 1.60400503546043e-07 1.55452170247372e-07 1.4742094833764e-07 1.40206950050015e-07 1.34966214204724e-07 1.29605325582816e-07 1.24079463148519e-07 1.17598190740864e-07 1.10335228953318e-07 1.02331021878399e-07 9.39757001106045e-08 8.65439844233151e-08 7.93329490988981e-08 7.36618730456939e-08 6.82136942486977e-08 6.44698729956872e-08 6.1230451819938e-08 6.01019962687133e-08 5.99296541281547e-08 6.17757436316424e-08 6.45178062086416e-08 6.83549217228574e-08 7.1169836246554e-08 7.3240180142875e-08 7.50350821476786e-08 7.67159065162559e-08 8.34702049701264e-08 9.1221828313337e-08 1.02748209940273e-07 1.1409093048087e-07 1.22273988267807e-07 1.30000017861676e-07 1.36119098215204e-07 1.40118146418899e-07
1.70608416283358e-07 1.62908364131908e-07 1.55345873054102e-07 1.49901154600229e-07 1.45596743550414e-07 1.40463086495402e-07 1.35093571884681e-07 1.31290107674431e-07 1.27671825111975e-07 1.24725346495325e-07 1.21367406791251e-07 1.1591633608532e-07 1.1073343841872e-07 1.06198044136363e-07 1.0176240294868e-07 9.74636904516046e-08 9.27882624068843e-08 8.78046009233913e-08 8.26100503559246e-08 7.73156187960922e-08 7.27964248881108e-08 6.8462469471342e-08 6.48484430598728e-08 6.13738819765786e-08 5.92094018259104e-08 5.73528495806386e-08 5.67850122479285e-08 5.67653657412848e-08 5.79029943992282e-08 5.94833551303964e-08 6.16048225765553e-08 6.31866114986224e-08 6.43753068629849e-08 6.65910491193245e-08 6.923212225729e-08 7.74642714418405e-08 8.67954952354921e-08 9.89071438084466e-08 1.10710317358098e-07 1.18494156708948e-07 1.25545867035726e-07 1.30023380506827e-07 1.32619021542268e-07
1.26171016745502e-07 1.19812298748911e-07 1.13117934574802e-07 1.08622423056204e-07 1.0531089600363e-07 1.01923333772902e-07 9.85141426212977e-08 9.60843706820924e-08 9.37790076704914e-08 9.21257452546342e-08 9.02286672044283e-08 8.70913225980985e-08 8.37914413409635e-08 8.00991202254409e-08 7.66683356800968e-08 7.35966096954144e-08 7.06161955577045e-08 6.77104949886598e-08 6.50201243956872e-08 6.24317451070056e-08 6.04682597327155e-08 5.86540842562044e-08 5.68947164936162e-08 5.52028005529337e-08 5.44378409017554e-08 5.38057172150275e-08 5.37295328228993e-08 5.3835940150293e-08 5.43278204645503e-08 5.48902434616139e-08 5.55388801615209e-08 5.60937678528717e-08 5.65803688346023e-08 5.91923097204017e-08 6.26844283146966e-08 7.1983897953487e-08 8.24249468678317e-08 9.46025124903827e-08 1.06386899290101e-07 1.13702192550136e-07 1.20094469480136e-07 1.23241406413399e-07 1.24698132708545e-07
9.3600171169328e-08 8.90358364813437e-08 8.48038226308745e-08 8.20598913264803e-08 8.01172319597754e-08 7.81795606030755e-08 7.62433103318472e-08 7.49907442809672e-08 7.38214609441457e-08 7.30115559122169e-08 7.20074666560322e-08 7.00155808885938e-08 6.79494647215506e-08 6.57040928331298e-08 6.36272261544946e-08 6.17817121906228e-08 6.00104428372106e-08 5.82999213349922e-08 5.67742048929176e-08 5.53360308686024e-08 5.43637028727062e-08 5.35026813963668e-08 5.27105754599688e-08 5.19639300478048e-08 5.18100193858118e-08 5.17076017558793e-08 5.18206810795618e-08 5.19363361206615e-08 5.20574339191171e-08 5.22322629592509e-08 5.24727710171646e-08 5.29049763997591e-08 5.34768176407852e-08 5.63769226857858e-08 6.02412413286402e-08 6.88079566657507e-08 7.82990454695209e-08 8.82652599898393e-08 9.79295293745963e-08 1.0447232767774e-07 1.10270477193808e-07 1.13450404626292e-07 1.14927885874749e-07
6.75379396852804e-08 6.44837214736071e-08 6.21999305394638e-08 6.07996284429646e-08 5.98750347080568e-08 5.90513380416269e-08 5.82563366435807e-08 5.79015448920472e-08 5.75970950933424e-08 5.74352867488415e-08 5.7135334685654e-08 5.61326949366503e-08 5.51102061763231e-08 5.40397948611826e-08 5.30636548035091e-08 5.22169365524405e-08 5.14288345243585e-08 5.06886905782267e-08 5.00964283389749e-08 4.95742185080417e-08 4.93739733542498e-08 4.92506586624586e-08 4.91925824519512e-08 4.91618514786296e-08 4.94638570103234e-08 4.97617556050045e-08 5.00424803817623e-08 5.02075749864161e-08 5.01285661869133e-08 5.00778831735715e-08 5.00618213550297e-08 5.04337513973496e-08 5.10882927073908e-08 5.40319256003841e-08 5.79235504005737e-08 6.5434662133157e-08 7.36572758341936e-08 8.14087783851392e-08 8.89287079530732e-08 9.43569062883398e-08 9.92818129930129e-08 1.02437091697993e-07 1.04037297887771e-07
5.56765620274291e-08 5.35122453015902e-08 5.20549257032599e-08 5.11081239551459e-08 5.04362063225017e-08 4.99935524089778e-08 4.96160978968874e-08 4.95494312247047e-08 4.95179719450789e-08 4.95782330744987e-08 4.95703957881233e-08 4.92161298382143e-08 4.88224465300391e-08 4.83335682588404e-08 4.79057042923614e-08 4.75615991035738e-08 4.72636152437644e-08 4.70033647559376e-08 4.68401069042557e-08 4.6722792745868e-08 4.68166376776935e-08 4.69609382491853e-08 4.71280223734993e-08 4.73127919065064e-08 4.77322252834256e-08 4.81481379210891e-08 4.85493316659813e-08 4.88515539132095e-08 4.89448552798422e-08 4.90222902271853e-08 4.90803415686969e-08 4.95281433643413e-08 5.0259838957345e-08 5.27132471006553e-08 5.58796742211598e-08 6.16307715972653e-08 6.78899496620033e-08 7.34194145479705e-08 7.87421399195409e-08 8.23093415647236e-08 8.57520205954643e-08 8.8756891614139e-08 9.07022865703766e-08
4.79640576145357e-08 4.64296618929438e-08 4.55327722193033e-08 4.4953633704381e-08 4.45455938802297e-08 4.43485106416119e-08 4.42114185261744e-08 4.42554224378e-08 4.43205365741051e-08 4.44552625822325e-08 4.45734364973305e-08 4.46074324145229e-08 4.46108074925178e-08 4.45402541515705e-08 4.45271730598051e-08 4.45929941861323e-08 4.46997496794665e-08 4.48399930519372e-08 4.50446329125498e-08 4.52797763728086e-08 4.56436950457828e-08 4.60383837719291e-08 4.63660754235207e-08 4.66947263078055e-08 4.71043541949712e-08 4.74986343590444e-08 4.78286743543777e-08 4.81027022658509e-08 4.82584781025253e-08 4.84088751306899e-08 4.85526960858351e-08 4.90142788578396e-08 4.97073138205906e-08 5.15644771326151e-08 5.39037436908529e-08 5.79632910557848e-08 6.23610034722333e-08 6.59474252984182e-08 6.93852868494105e-08 7.16653829613279e-08 7.40657384312726e-08 7.68889094615588e-08 7.91146064216264e-08
4.54711752695403e-08 4.42396270727841e-08 4.35684590627261e-08 4.3249002601442e-08 4.31189270955201e-08 4.29969766457816e-08 4.28773354599343e-08 4.28087538750788e-08 4.27484998510863e-08 4.27719832885032e-08 4.28072155500558e-08 4.2902215113827e-08 4.30111057880822e-08 4.3153537632179e-08 4.3387295534103e-08 4.37464322544656e-08 4.41505143555787e-08 4.45913634905537e-08 4.50870309975926e-08 4.56086617361962e-08 4.62124383204809e-08 4.68358365424137e-08 4.72429242392991e-08 4.76253489978262e-08 4.78651074331538e-08 4.80620663267928e-08 4.80798796331783e-08 4.81177124811438e-08 4.81977977528913e-08 4.83517581528758e-08 4.85960143237207e-08 4.89932538982885e-08 4.95019314428191e-08 5.06294668412011e-08 5.20132950043717e-08 5.44674314539861e-08 5.71319667130865e-08 5.91263500382411e-08 6.10722779015305e-08 6.27872864811252e-08 6.46987388108755e-08 6.73008599960667e-08 6.97252175996255e-08
4.40867076179075e-08 4.31689102242672e-08 4.27915836098691e-08 4.27010142800555e-08 4.27648565448635e-08 4.26793427266148e-08 4.25513526636223e-08 4.23861408194171e-08 4.22214760931183e-08 4.21745340872803e-08 4.21660146798786e-08 4.23529513682297e-08 4.25988879726447e-08 4.29872848428658e-08 4.34769376056465e-08 4.4105604501965e-08 4.47572219286485e-08 4.54276189998382e-08 4.61345415203596e-08 4.6858762203783e-08 4.75691166457182e-08 4.82761599585046e-08 4.86736517757436e-08 4.90330798186278e-08 4.91480598441285e-08 4.92041571931168e-08 4.90138489794845e-08 4.88615192750785e-08 4.87893636602621e-08 4.88059725967105e-08 4.89310707507684e-08 4.91593681317681e-08 4.94628409342113e-08 5.00674346426422e-08 5.0796728601199e-08 5.21405638664874e-08 5.36051985022823e-08 5.47511902482256e-08 5.59076482886667e-08 5.72816318822333e-08 5.89277568963098e-08 6.1530741390925e-08 6.3991308252298e-08
4.35335678616866e-08 4.29376889599098e-08 4.29053024220138e-08 4.30205275847584e-08 4.32152376106387e-08 4.31371418585513e-08 4.29814548397189e-08 4.27315747231205e-08 4.24782236052579e-08 4.23914663372216e-08 4.23685868611301e-08 4.26706598943838e-08 4.30772928439183e-08 4.3736395838323e-08 4.44887362505142e-08 4.53690844892662e-08 4.62309017734697e-08 4.70775525229783e-08 4.79358988059175e-08 4.8799783769482e-08 4.95167604697144e-08 5.0198639911514e-08 5.05197910172228e-08 5.07986541720129e-08 5.08226598583406e-08 5.07802511151567e-08 5.04598922645982e-08 5.01519288320651e-08 4.98701275830626e-08 4.96436918240306e-08 4.94849317078661e-08 4.94658358718425e-08 4.95484719920114e-08 4.97851360137247e-08 5.00855890095409e-08 5.06904527242114e-08 5.13551512426602e-08 5.22104919298272e-08 5.31043333751313e-08 5.43053317869635e-08 5.58538246764329e-08 5.86241135636101e-08 6.09990635780377e-08
4.33652331821577e-08 4.30048174848707e-08 4.31746727258542e-08 4.33659863574576e-08 4.35688498612308e-08 4.34749729549821e-08 4.32966977825799e-08 4.30268549678203e-08 4.27553636939138e-08 4.26923563168202e-08 4.26990887092416e-08 4.30606021950553e-08 4.3564035934196e-08 4.44101431185118e-08 4.53147777079721e-08 4.62997569172785e-08 4.72289869435372e-08 4.811260012616e-08 4.89718701146558e-08 4.98196150999775e-08 5.03835728693502e-08 5.08797270981631e-08 5.09874453769044e-08 5.10542754739163e-08 5.09143873728135e-08 5.07321438192321e-08 5.03726518275016e-08 5.00499979239066e-08 4.98051129227406e-08 4.9576570404497e-08 4.93680012425557e-08 4.92952665354096e-08 4.93214749042181e-08 4.94448961774197e-08 4.96085768020293e-08 4.9957382231014e-08 5.03425816589242e-08 5.10751974047707e-08 5.18635658863786e-08 5.30709094448412e-08 5.45408482821585e-08 5.6934094772032e-08 5.8865349927828e-08
4.33618190243124e-08 4.31998152805591e-08 4.3510755887155e-08 4.37225615712578e-08 4.38809841796228e-08 4.37613856263397e-08 4.35627178774212e-08 4.33006448474771e-08 4.30412399055058e-08 4.30292281805578e-08 4.30844195875579e-08 4.34815028427238e-08 4.40543459490073e-08 4.50515926786466e-08 4.60612064046018e-08 4.7087798549228e-08 4.80232422717108e-08 4.88841145340757e-08 4.96798158167167e-08 5.04446440174888e-08 5.07871646959757e-08 5.10287812005572e-08 5.08643083207971e-08 5.06627664265125e-08 5.03277277630332e-08 4.99879391213653e-08 4.9628280152092e-08 4.93513461208295e-08 4.92490457304484e-08 4.9121652523354e-08 4.89635851863568e-08 4.89202527376165e-08 4.89604907727426e-08 4.90798228724998e-08 4.92319038869482e-08 4.95316250237465e-08 4.9860368278587e-08 5.05422299568181e-08 5.12924742679388e-08 5.25830152753315e-08 5.39825819600992e-08 5.57654900035232e-08 5.70995872806179e-08
4.34297717788468e-08 4.33378950503993e-08 4.36147544746746e-08 4.37980069989408e-08 4.39308500688185e-08 4.38429204052682e-08 4.36922000801587e-08 4.34309797014976e-08 4.316983037711e-08 4.32159552588018e-08 4.33224087714734e-08 4.37357599025745e-08 4.42984138260272e-08 4.52215758173224e-08 4.61611442403864e-08 4.7123236868174e-08 4.80376343148237e-08 4.89130123071391e-08 4.96687171391841e-08 5.03677384244838e-08 5.04664967593271e-08 5.04218284902436e-08 4.99098398165643e-08 4.93588956373969e-08 4.87082516542614e-08 4.80938027180855e-08 4.76308343877463e-08 4.73044465820749e-08 4.72663934658613e-08 4.73144048385166e-08 4.74676049577738e-08 4.7707853667589e-08 4.80115112111434e-08 4.82814996871639e-08 4.85375473147087e-08 4.8913676664597e-08 4.93134173495946e-08 4.9987733063972e-08 5.07201818322756e-08 5.19212015603898e-08 5.31850865570505e-08 5.46700036352377e-08 5.57275470214336e-08
4.35124896114303e-08 4.3464201127108e-08 4.36707381368251e-08 4.38152838455608e-08 4.39264482565704e-08 4.38820606518675e-08 4.37934311037225e-08 4.35316351854453e-08 4.32658779914163e-08 4.33716174086385e-08 4.35299085665974e-08 4.39555414288861e-08 4.44915322361794e-08 4.52940120965195e-08 4.61273224061642e-08 4.70029632992919e-08 4.78906727607864e-08 4.8788258766308e-08 4.95088485763517e-08 5.01456014490032e-08 4.99959753597068e-08 4.96584569020797e-08 4.8783370232286e-08 4.78662585123857e-08 4.68750904758508e-08 4.59617481851637e-08 4.53741257899765e-08 4.49785950706882e-08 4.49885781961257e-08 4.52273596351915e-08 4.57457787206295e-08 4.63222029623012e-08 4.69408725223275e-08 4.73935379829982e-08 4.77774548812704e-08 4.82559663339543e-08 4.87530726900332e-08 4.94287846208863e-08 5.01476407066548e-08 5.12234059613093e-08 5.23380947470287e-08 5.35896447217965e-08 5.44369669341904e-08
4.34219558087534e-08 4.33882441086553e-08 4.35481091187739e-08 4.36808633708097e-08 4.37990230750529e-08 4.3782474534737e-08 4.37276170828227e-08 4.35330278492074e-08 4.33413518408088e-08 4.36143530180289e-08 4.39251195416546e-08 4.44279777411793e-08 4.4995896786304e-08 4.57209061721642e-08 4.64792186960494e-08 4.72832581976945e-08 4.80973731953327e-08 4.89197340414194e-08 4.9384013323106e-08 4.96786789483394e-08 4.90827964938489e-08 4.82741313589941e-08 4.70264396312814e-08 4.576097012432e-08 4.46757582039936e-08 4.37016076659802e-08 4.31922480004232e-08 4.28570352539737e-08 4.28894573190064e-08 4.31727187333308e-08 4.37625509164263e-08 4.45117684932939e-08 4.53770816477572e-08 4.60708733385218e-08 4.66936285192787e-08 4.7305452000046e-08 4.79151260890376e-08 4.8606132452278e-08 4.93183662797492e-08 5.0208516455541e-08 5.11753590615172e-08 5.24118455302869e-08 5.32803738906296e-08
