Ecospace-environmental-drivers/Outputs/ASCII-for-ecospace/MOM6-ISIMIP3a/chl/1983-12_chl_MOM6-ISIMIP3a.asc
NCOLS 131 
NROWS 53 
XLLCORNER -98 
YLLCORNER 23.9265270233154 
CELLSIZE 0.133587792515755 
NODATA_value -9999 
[rows 0 to 18 of 53, columns 43 to 85 of 131]
-9999 -9999 -9999 -9999 -9999 -9999 -9999 -9999 -9999 -9999 -9999 -9999 -9999 -9999 -9999 -9999 -9999 -9999 -9999 -9999 -9999 -9999 -9999 -9999 -9999 -9999 -9999 -9999 -9999 -9999 -9999 -9999 -9999 -9999 -9999 -9999 -9999 -9999 -9999 -9999 -9999 -9999 -9999
-9999 -9999 -9999 -9999 -9999 -9999 -9999 -9999 -9999 -9999 -9999 -9999 -9999 -9999 -9999 -9999 -9999 -9999 -9999 -9999 -9999 -9999 -9999 -9999 -9999 -9999 -9999 -9999 -9999 -9999 -9999 -9999 -9999 -9999 -9999 -9999 -9999 -9999 -9999 -9999 -9999 -9999 -9999
-9999 -9999 -9999 -9999 -9999 -9999 -9999 -9999 -9999 -9999 -9999 -9999 -9999 -9999 -9999 -9999 -9999 -9999 -9999 -9999 -9999 -9999 -9999 -9999 -9999 -9999 -9999 -9999 -9999 -9999 -9999 2.12070790439611e-06 2.03150079869374e-06 -9999 -9999 -9999 -9999 -9999 -9999 -9999 -9999 -9999 -9999
-9999 -9999 -9999 -9999 -9999 -9999 -9999 -9999 -9999 -9999 -9999 -9999 -9999 -9999 -9999 -9999 -9999 -9999 -9999 -9999 -9999 -9999 -9999 -9999 -9999 -9999 -9999 -9999 -9999 -9999 -9999 2.12777604247094e-06 2.05135393116507e-06 -9999 -9999 -9999 -9999 -9999 -9999 -9999 -9999 -9999 -9999
-9999 -9999 -9999 -9999 -9999 -9999 -9999 -9999 -9999 -9999 -9999 -9999 -9999 -9999 -9999 -9999 -9999 -9999 -9999 -9999 -9999 -9999 2.28477847485919e-06 2.28865656026755e-06 2.29175907406898e-06 2.30985688176588e-06 2.31836929742713e-06 2.31515969062457e-06 2.28255521506071e-06 2.23066149374063e-06 2.18168452192913e-06 2.13663497561356e-06 2.06500885724381e-06 1.95241818801151e-06 -9999 -9999 1.1058268682973e-06 8.90696071564889e-07 8.08786637662706e-07 7.57967256959091e-07 7.10633514700021e-07 6.37893322164018e-07 5.48450316273374e-07
-9999 -9999 -9999 -9999 -9999 -9999 -9999 -9999 -9999 -9999 -9999 -9999 -9999 -9999 -9999 -9999 -9999 -9999 2.41313546212041e-06 -9999 2.38318716583308e-06 2.35807078752259e-06 2.32603656513675e-06 2.28477847485919e-06 2.28943213187449e-06 2.29175907406898e-06 2.32795446208911e-06 2.33539458349696e-06 2.28212979891396e-06 2.23014149014489e-06 2.17971319216304e-06 2.13519911085314e-06 2.09499239645083e-06 1.96483529180114e-06 1.79742664840887e-06 1.42380611123372e-06 1.00964916782686e-06 8.8402515530106e-07 7.78413834723324e-07 7.63920979807153e-07 7.31567013190215e-07 6.36412551102694e-07 5.45700402199145e-07
-9999 -9999 -9999 -9999 -9999 -9999 -9999 -9999 -9999 -9999 -9999 -9999 -9999 -9999 2.52559129876317e-06 2.53283383244707e-06 2.5397889658052e-06 2.56296038969595e-06 2.50026869252906e-06 2.41650627685885e-06 2.40976464738196e-06 2.381725835221e-06 2.35807078752259e-06 2.33526066040213e-06 2.28477847485919e-06 2.29175907406898e-06 2.32795446208911e-06 2.33539458349696e-06 2.28212979891396e-06 2.23014149014489e-06 2.17971319216304e-06 2.13519911085314e-06 2.09499239645083e-06 1.96483529180114e-06 1.79742664840887e-06 1.42380611123372e-06 1.00964916782686e-06 8.8402515530106e-07 7.78413834723324e-07 7.63920979807153e-07 7.31567013190215e-07 6.36412551102694e-07 5.45700402199145e-07
-9999 -9999 -9999 -9999 -9999 -9999 -9999 -9999 -9999 -9999 -9999 -9999 -9999 -9999 2.4867592856026e-06 2.52559129876317e-06 2.54007659350464e-06 -9999 2.59510579780908e-06 2.52626819019497e-06 2.42324813370942e-06 2.40976464738196e-06 2.37734184338478e-06 2.35807078752259e-06 2.3629327188246e-06 2.36623600358143e-06 2.36301502809511e-06 2.32516072173894e-06 2.21419281842827e-06 2.12662507692585e-06 2.06765685106802e-06 2.02270348381717e-06 1.98795828509901e-06 1.87460273082252e-06 1.7286919273829e-06 1.44644718602649e-06 1.13740259166661e-06 1.02461217466043e-06 9.23665993468603e-07 8.67425512751652e-07 8.05328625119728e-07 7.22640322692314e-07 6.41779649868113e-07
-9999 -9999 2.26305041906016e-06 -9999 -9999 -9999 -9999 -9999 -9999 -9999 -9999 -9999 -9999 -9999 -9999 -9999 -9999 -9999 2.58094337368675e-06 2.64981258624175e-06 2.56757220995496e-06 2.43673139266321e-06 2.40976464738196e-06 2.36419032262347e-06 2.41630982600327e-06 2.44931061388343e-06 2.40229746850673e-06 2.31431272368354e-06 2.13983344110602e-06 2.01286707124382e-06 1.94397080122144e-06 1.898078380691e-06 1.86894169473817e-06 1.77403808265808e-06 1.65189828749135e-06 1.46972138281853e-06 1.27574276120868e-06 1.17705610591656e-06 1.08134872789378e-06 9.80271352091222e-07 8.86227326191147e-07 8.16913143353304e-07 7.46542127672001e-07
-9999 2.26305041906016e-06 2.26740667130798e-06 2.27503051064559e-06 2.27880036618444e-06 -9999 -9999 -9999 -9999 -9999 -9999 -9999 -9999 -9999 2.38960001297528e-06 2.44695661422156e-06 -9999 -9999 -9999 2.63370634456805e-06 2.7321987090545e-06 2.62546018348075e-06 2.46369813794445e-06 2.47187040258723e-06 2.52109498433128e-06 2.54333940574725e-06 2.45266983256442e-06 2.32124557442148e-06 2.10378448173287e-06 1.94198446479277e-06 1.84821317361639e-06 1.78604511802405e-06 1.74689625964675e-06 1.66308439020213e-06 1.56077589963388e-06 1.42897204113979e-06 1.29137004023505e-06 1.20148524729302e-06 1.11289352844324e-06 1.01967236787459e-06 9.31113277147233e-07 8.58946066273347e-07 7.83537359438924e-07
2.26301335715107e-06 2.26479210141406e-06 2.26749034482054e-06 2.27429359256348e-06 2.28330736717908e-06 2.28397266255342e-06 -9999 -9999 -9999 -9999 -9999 -9999 -9999 -9999 2.36534128816857e-06 2.40972713072551e-06 2.44695661422156e-06 -9999 -9999 2.64147342932119e-06 2.73405453299347e-06 2.82106816484884e-06 2.69871520686138e-06 2.57273745774e-06 2.60334513768612e-06 2.60439401245094e-06 2.48173682848574e-06 2.32053344006999e-06 2.0779559690709e-06 1.89005277206888e-06 1.76897310666391e-06 1.68726273841457e-06 1.63422839705163e-06 1.55933764744987e-06 1.47539549288922e-06 1.38795758175547e-06 1.29983232000086e-06 1.22079507036688e-06 1.14163026410097e-06 1.05793219518091e-06 9.76068918134843e-07 9.00656857538706e-07 8.20064542494947e-07
2.26524548452289e-06 2.26632914746006e-06 2.26788870349992e-06 2.27429359256348e-06 2.28330736717908e-06 2.28530325330212e-06 2.28870999308128e-06 2.28801218327135e-06 -9999 -9999 -9999 -9999 -9999 -9999 -9999 2.39768132814788e-06 2.42893429458491e-06 2.44695661422156e-06 2.52559129876317e-06 2.64147342932119e-06 2.73405453299347e-06 2.82106816484884e-06 2.73418550023052e-06 2.63705965153349e-06 2.5647218535596e-06 2.4885814582376e-06 2.39652604250296e-06 2.27881605496805e-06 2.10694656743726e-06 1.93976984519395e-06 1.77832885128737e-06 1.65955498232506e-06 1.5718593431302e-06 1.49424829487543e-06 1.42081353260437e-06 1.3455210137181e-06 1.26986321902223e-06 1.21264622521267e-06 1.15530428956845e-06 1.09007032733643e-06 1.02139858881856e-06 9.40639552027278e-07 8.5408089489647e-07
2.25139024223608e-06 2.25871690417989e-06 2.26175984607835e-06 2.2694046037941e-06 2.27952682507748e-06 2.28715293815185e-06 2.29406941798516e-06 2.28831459025969e-06 -9999 -9999 -9999 -9999 2.3064271772455e-06 2.33058312915091e-06 2.36200912695494e-06 2.40341591961624e-06 2.42761871049879e-06 2.43774570662936e-06 2.51710571319563e-06 2.62925982497109e-06 2.71961675935017e-06 2.80476547231956e-06 2.72983515969827e-06 2.64072377831326e-06 2.50527682510437e-06 2.3838017568778e-06 2.32080128625967e-06 2.24016298489005e-06 2.12228997042985e-06 1.9738170067285e-06 1.78794516614289e-06 1.64345476605376e-06 1.52910604356293e-06 1.44963564707723e-06 1.38460950438457e-06 1.32113041217963e-06 1.25795543226559e-06 1.2118093764002e-06 1.16541571060225e-06 1.11044380446401e-06 1.0489129635971e-06 9.6432006557734e-07 8.74374165960035e-07
2.1973160073685e-06 2.22823200601852e-06 2.23931260734389e-06 2.25229246098024e-06 2.26629481403506e-06 2.27992768486729e-06 2.29345550906146e-06 2.28831459025969e-06 2.2816525415692e-06 2.28551016334677e-06 2.2896663267602e-06 2.29534043683088e-06 2.3064271772455e-06 2.33058312915091e-06 2.36200912695494e-06 2.40341591961624e-06 2.42149212681397e-06 2.4204798592109e-06 2.48740548158821e-06 2.58651220974571e-06 2.66908432422497e-06 2.74770559371973e-06 2.62593039224157e-06 2.49273966801411e-06 2.39377527577744e-06 2.30660452871234e-06 2.26879183173878e-06 2.20917149817978e-06 2.1035139070591e-06 1.96868813873152e-06 1.79821290657856e-06 1.65637391091877e-06 1.53539292568894e-06 1.45621606861823e-06 1.39435155688261e-06 1.34185575006995e-06 1.29120155634155e-06 1.2292525752855e-06 1.1666207910821e-06 1.10140524611779e-06 1.0318877912141e-06 9.47244416238391e-07 8.60359136822808e-07
2.04351749744092e-06 2.0922316252836e-06 2.12093232221378e-06 2.15333648156957e-06 2.18773425331165e-06 2.22622020373819e-06 2.26586848839361e-06 2.271621269756e-06 2.27395503316075e-06 2.27765713134431e-06 2.28135331781232e-06 2.28502040044987e-06 2.28949716074567e-06 2.29592865252926e-06 2.3153056645242e-06 2.3524551124865e-06 2.36350251725526e-06 2.35319384955801e-06 2.40796657635656e-06 2.49356708081905e-06 2.56423231803637e-06 2.6313291527913e-06 2.5016220206453e-06 2.3627151222172e-06 2.28669114221702e-06 2.22035669139586e-06 2.19457479033736e-06 2.14354804484174e-06 2.03922786568e-06 1.91448498298996e-06 1.76478181401762e-06 1.63414642884163e-06 1.51739970988274e-06 1.44134969559673e-06 1.38215352762927e-06 1.33464243390335e-06 1.28942849642044e-06 1.2210642807986e-06 1.15175032533443e-06 1.08153244582354e-06 1.00889565146645e-06 9.27753205814952e-07 8.47501667067263e-07
1.74872729985509e-06 1.8070517171509e-06 1.86692091119767e-06 1.93866799236275e-06 2.01681109501806e-06 2.10679536394309e-06 2.20014703700144e-06 2.2313265617413e-06 2.25537473852455e-06 2.25870098802261e-06 2.26128736358078e-06 2.26011002268933e-06 2.24863151743193e-06 2.21227924157574e-06 2.20257197725005e-06 2.22944481720333e-06 2.2321876258502e-06 2.21518848775304e-06 2.25820599553117e-06 2.32965226132364e-06 2.38258303397743e-06 2.43108956965443e-06 2.3484662960982e-06 2.25808184950438e-06 2.18585205402633e-06 2.12131294574647e-06 2.088960400215e-06 2.02896148948639e-06 1.91059893950296e-06 1.79090022811579e-06 1.66956829161791e-06 1.5622280216121e-06 1.46507886711333e-06 1.39616167871282e-06 1.33893604470359e-06 1.28792908071773e-06 1.23814447761106e-06 1.17663773835375e-06 1.11415192804998e-06 1.04634204944887e-06 9.77467038865143e-07 9.04846842786355e-07 8.36280889870977e-07
1.49967627294245e-06 1.55303621340863e-06 1.61950276833522e-06 1.70084865658282e-06 1.79020651103201e-06 1.90104003650049e-06 2.01798115995189e-06 2.08117876354663e-06 2.13693988371233e-06 2.14045530810836e-06 2.14106580642692e-06 2.12689997169946e-06 2.09923541660828e-06 2.03897707251599e-06 2.01431362256699e-06 2.03851686819689e-06 2.0459731331357e-06 2.03972740564495e-06 2.07898256121553e-06 2.13979024010769e-06 2.17661454371409e-06 2.20770834857831e-06 2.16389685192553e-06 2.11425867746584e-06 2.05471405934077e-06 1.99733472072694e-06 1.9490164504532e-06 1.87927912520536e-06 1.76432445186947e-06 1.65579581334896e-06 1.55512111632561e-06 1.46568061154539e-06 1.38442294428387e-06 1.31979061279708e-06 1.26204361095006e-06 1.2054381386406e-06 1.14905708414881e-06 1.0947835562547e-06 1.04031005321303e-06 9.83119889497175e-07 9.25415633901139e-07 8.65903871272167e-07 8.10233700576646e-07
1.28914302877092e-06 1.32526474772021e-06 1.3776370906271e-06 1.44353327868885e-06 1.51671133608033e-06 1.62258425007167e-06 1.73775561052025e-06 1.83852148438746e-06 1.93441564988461e-06 1.93859568753396e-06 1.93650112123578e-06 1.9024885204999e-06 1.85844407951663e-06 1.79017672508053e-06 1.76245407601527e-06 1.79039409431425e-06 1.81352618255914e-06 1.83272447884519e-06 1.87494765668816e-06 1.92807738130796e-06 1.95016650650359e-06 1.96483892977994e-06 1.95287316273607e-06 1.93743312593142e-06 1.89806121397851e-06 1.85235887784074e-06 1.78016307472717e-06 1.70004204846919e-06 1.60319018505106e-06 1.51099050071934e-06 1.42447686357627e-06 1.34839274323895e-06 1.27990529108502e-06 1.21716004741756e-06 1.1567926776479e-06 1.092818251891e-06 1.0281346476404e-06 9.81410835265706e-07 9.35946729896386e-07 8.96291453500453e-07 8.55997200233105e-07 8.13456210835284e-07 7.71700968016376e-07
1.10788334950485e-06 1.12863847334665e-06 1.16121259452484e-06 1.20734500796971e-06 1.26077816275938e-06 1.34445792809856e-06 1.43673992170079e-06 1.53236112510058e-06 1.62543767601164e-06 1.64058815244061e-06 1.648750185268e-06 1.62136268500035e-06 1.58604075295443e-06 1.53156008764199e-06 1.51533538428339e-06 1.55163115778123e-06 1.59972307756107e-06 1.65746644142928e-06 1.70104226526746e-06 1.73790726876177e-06 1.75075365405064e-06 1.75786101408448e-06 1.76486321379343e-06 1.76893604475481e-06 1.73047908447188e-06 1.68437566117063e-06 1.60627087097964e-06 1.52732695823943e-06 1.44661180456751e-06 1.36777009629441e-06 1.29121792724618e-06 1.22501808164088e-06 1.16635862923431e-06 1.10316238988162e-06 1.03808736184874e-06 9.69517486737459e-07 9.00260658909247e-07 8.57133841236646e-07 8.16437136563763e-07 7.90026490449236e-07 7.64039214118384e-07 7.39540382710402e-07 7.13788153916539e-07
