Ecospace-environmental-drivers/Outputs/ASCII-for-ecospace/MOM6-ISIMIP3a/chl/1984-07_chl_MOM6-ISIMIP3a.asc
NCOLS 131 
NROWS 53 
XLLCORNER -98 
YLLCORNER 23.9265270233154 
CELLSIZE 0.133587792515755 
NODATA_value -9999 
[rows 0 to 18 of 53, columns 43 to 85 of 131]
-9999 -9999 -9999 -9999 -9999 -9999 -9999 -9999 -9999 -9999 -9999 -9999 -9999 -9999 -9999 -9999 -9999 -9999 -9999 -9999 -9999 -9999 -9999 -9999 -9999 -9999 -9999 -9999 -9999 -9999 -9999 -9999 -9999 -9999 -9999 -9999 -9999 -9999 -9999 -9999 -9999 -9999 -9999
-9999 -9999 -9999 -9999 -9999 -9999 -9999 -9999 -9999 -9999 -9999 -9999 -9999 -9999 -9999 -9999 -9999 -9999 -9999 -9999 -9999 -9999 -9999 -9999 -9999 -9999 -9999 -9999 -9999 -9999 -9999 -9999 -9999 -9999 -9999 -9999 -9999 -9999 -9999 -9999 -9999 -9999 -9999
-9999 -9999 -9999 -9999 -9999 -9999 -9999 -9999 -9999 -9999 -9999 -9999 -9999 -9999 -9999 -9999 -9999 -9999 -9999 -9999 -9999 -9999 -9999 -9999 -9999 -9999 -9999 -9999 -9999 -9999 -9999 2.19914909393992e-06 2.1300393200363e-06 -9999 -9999 -9999 -9999 -9999 -9999 -9999 -9999 -9999 -9999
-9999 -9999 -9999 -9999 -9999 -9999 -9999 -9999 -9999 -9999 -9999 -9999 -9999 -9999 -9999 -9999 -9999 -9999 -9999 -9999 -9999 -9999 -9999 -9999 -9999 -9999 -9999 -9999 -9999 -9999 -9999 2.19995081351954e-06 2.13900943890621e-06 -9999 -9999 -9999 -9999 -9999 -9999 -9999 -9999 -9999 -9999
-9999 -9999 -9999 -9999 -9999 -9999 -9999 -9999 -9999 -9999 -9999 -9999 -9999 -9999 -9999 -9999 -9999 -9999 -9999 -9999 -9999 -9999 2.723196075749e-06 2.70910595645546e-06 2.69783390649536e-06 2.63208130490966e-06 2.57222473010188e-06 2.46495824285375e-06 2.37987183027144e-06 2.31575904763304e-06 2.25811163545586e-06 2.20159108721418e-06 2.14014994526224e-06 2.07528705686855e-06 -9999 -9999 1.35840195980563e-06 9.43292832289444e-07 5.74034004330315e-07 3.12419160763966e-07 1.88970588510529e-07 1.18487925249156e-07 9.84066090836677e-08
-9999 -9999 -9999 -9999 -9999 -9999 -9999 -9999 -9999 -9999 -9999 -9999 -9999 -9999 -9999 -9999 -9999 -9999 2.71224325842923e-06 -9999 2.7093037715531e-06 2.70690202341939e-06 2.71449084721098e-06 2.723196075749e-06 2.70628788712202e-06 2.69783390649536e-06 2.56632870332396e-06 2.45251135311264e-06 2.37603467212466e-06 2.31106923820334e-06 2.26017300519743e-06 2.20309266296681e-06 2.14150782085198e-06 2.07584935196792e-06 2.00850377041206e-06 1.72975239820516e-06 1.40944348459016e-06 9.36010053464997e-07 4.8442490196976e-07 3.01667029134478e-07 1.5116555118766e-07 1.14079170998593e-07 9.02190606666409e-08
-9999 -9999 -9999 -9999 -9999 -9999 -9999 -9999 -9999 -9999 -9999 -9999 -9999 -9999 2.75287516160461e-06 2.75212414635462e-06 2.75045181297173e-06 2.74306580649863e-06 2.72269880952081e-06 2.71258045358991e-06 2.71190583589487e-06 2.70910322797135e-06 2.70690202341939e-06 2.71337444246456e-06 2.723196075749e-06 2.69783390649536e-06 2.56632870332396e-06 2.45251135311264e-06 2.37603467212466e-06 2.31106923820334e-06 2.26017300519743e-06 2.20309266296681e-06 2.14150782085198e-06 2.07584935196792e-06 2.00850377041206e-06 1.72975239820516e-06 1.40944348459016e-06 9.36010053464997e-07 4.8442490196976e-07 3.01667029134478e-07 1.5116555118766e-07 1.14079170998593e-07 9.02190606666409e-08
-9999 -9999 -9999 -9999 -9999 -9999 -9999 -9999 -9999 -9999 -9999 -9999 -9999 -9999 2.75690149464936e-06 2.75287516160461e-06 2.75137313110463e-06 -9999 2.73071736955899e-06 2.71118324235431e-06 2.71325507128495e-06 2.71190583589487e-06 2.70850205197348e-06 2.70690202341939e-06 2.71002545559895e-06 2.68082112597767e-06 2.51632195613638e-06 2.37521476265101e-06 2.28349017561413e-06 2.19357593778113e-06 2.1058740458102e-06 2.02403566618159e-06 1.94646781892516e-06 1.87022419595451e-06 1.79452888460219e-06 1.54326903611945e-06 1.25749727430957e-06 8.6401558974103e-07 4.87415377392608e-07 3.14693579639425e-07 1.69664517102319e-07 1.2200464993839e-07 9.00559342653651e-08
-9999 -9999 2.42926648752473e-06 -9999 -9999 -9999 -9999 -9999 -9999 -9999 -9999 -9999 -9999 -9999 -9999 -9999 -9999 -9999 2.73857494903496e-06 2.70370605903736e-06 2.68847361439839e-06 2.7146045340487e-06 2.71190583589487e-06 2.70669806923252e-06 2.70185250883515e-06 2.65937751464662e-06 2.45942055698833e-06 2.28909379984543e-06 2.18131822293799e-06 2.06486515708093e-06 1.93780601875915e-06 1.82945768756326e-06 1.73473802078661e-06 1.64610582942259e-06 1.55999452999822e-06 1.33734454266232e-06 1.08785434349556e-06 7.82775089192e-07 4.89231865685724e-07 3.28492006929082e-07 1.90284552559206e-07 1.31302243744358e-07 9.05892889591087e-08
-9999 2.42926648752473e-06 2.50880725616298e-06 2.56638827522693e-06 2.57341844189796e-06 -9999 -9999 -9999 -9999 -9999 -9999 -9999 -9999 -9999 2.59938246927049e-06 2.76102855423233e-06 -9999 -9999 -9999 2.71598241852189e-06 2.64826826423814e-06 2.6516074740357e-06 2.71730323220254e-06 2.71338171842217e-06 2.64459072241152e-06 2.55155032391485e-06 2.35702464124188e-06 2.19496519093809e-06 2.10144435186521e-06 1.99865758077067e-06 1.88454612271016e-06 1.78367201897345e-06 1.69243980963074e-06 1.5700890116932e-06 1.43485101489205e-06 1.17495983431581e-06 8.90564876954159e-07 6.59156057736254e-07 4.39825612374989e-07 3.19317081221016e-07 2.1313262266176e-07 1.57312257442754e-07 1.15423191004993e-07
2.39404562307755e-06 2.4780890726106e-06 2.55232794188487e-06 2.5755457500054e-06 2.57129090641683e-06 2.57097690337105e-06 -9999 -9999 -9999 -9999 -9999 -9999 -9999 -9999 2.51797882810934e-06 2.59464400187426e-06 2.76102855423233e-06 -9999 -9999 2.74085959972581e-06 2.65421226686158e-06 2.54973292612704e-06 2.62488265434513e-06 2.69864472102199e-06 2.57259875979798e-06 2.43592262449965e-06 2.25475832849042e-06 2.10613461604225e-06 2.02620640266105e-06 1.93719984054042e-06 1.83709812517918e-06 1.74175806932908e-06 1.64988637152419e-06 1.4963735566198e-06 1.31733304442605e-06 1.03386958016927e-06 7.29879161553981e-07 5.63223977678717e-07 4.08568268994713e-07 3.21449192597356e-07 2.41605903283926e-07 1.87344610935725e-07 1.43127280693989e-07
2.45162709688884e-06 2.52450990956277e-06 2.56436305789975e-06 2.5755457500054e-06 2.57129090641683e-06 2.5703486699058e-06 2.54768337981659e-06 2.53521761806041e-06 -9999 -9999 -9999 -9999 -9999 -9999 -9999 2.50375228461053e-06 2.59593389273505e-06 2.76102855423233e-06 2.75287516160461e-06 2.74085959972581e-06 2.65421226686158e-06 2.54973292612704e-06 2.56075213656004e-06 2.56901034845214e-06 2.4215955818363e-06 2.27845271183469e-06 2.1531870970648e-06 2.04572188522434e-06 1.9758344933507e-06 1.90121886589623e-06 1.82082430910668e-06 1.720611521705e-06 1.60596334808361e-06 1.43500085414416e-06 1.24071664231451e-06 1.00699867289222e-06 7.65528966439888e-07 6.15799308434362e-07 4.74658293114771e-07 3.84230020245013e-07 3.00251741691682e-07 2.38952083009281e-07 1.86226557730151e-07
2.43876456806902e-06 2.52912172982178e-06 2.55291092798871e-06 2.56136581811006e-06 2.5615636332077e-06 2.55016425398935e-06 2.53546636486135e-06 2.53475377576251e-06 -9999 -9999 -9999 -9999 2.50594848694163e-06 2.54953170042427e-06 2.54148721978709e-06 2.46256536229339e-06 2.50720427175111e-06 2.65293761003704e-06 2.69396127805521e-06 2.68538633463322e-06 2.6120692382392e-06 2.5232827738364e-06 2.49107733907294e-06 2.45404703491658e-06 2.2902172531758e-06 2.1424400529213e-06 2.06184517992369e-06 1.98747193280724e-06 1.92623338080011e-06 1.86562692761072e-06 1.80579286279681e-06 1.70841985891457e-06 1.58370414737874e-06 1.40672659654228e-06 1.2081056866009e-06 1.01775583516428e-06 8.29031819193915e-07 6.94751236096636e-07 5.6558053529443e-07 4.66631092876924e-07 3.73032349898494e-07 2.98247130103846e-07 2.32758125662258e-07
2.24978816731891e-06 2.42920896198484e-06 2.48274000114179e-06 2.51173491960799e-06 2.52751829066256e-06 2.53229814006772e-06 2.53394841820409e-06 2.53475377576251e-06 2.53543294093106e-06 2.53504140346195e-06 2.53106850323093e-06 2.50887728725502e-06 2.50594848694163e-06 2.54953170042427e-06 2.54148721978709e-06 2.46256536229339e-06 2.44420107264887e-06 2.4753835532465e-06 2.4877592750272e-06 2.49122695095139e-06 2.46456579588994e-06 2.43070576289028e-06 2.40754161495715e-06 2.37576296058251e-06 2.20790116145508e-06 2.06007121050789e-06 1.99607643480704e-06 1.93462892639218e-06 1.87855937383574e-06 1.8310078075956e-06 1.79386722720665e-06 1.71861597664247e-06 1.61560569722496e-06 1.46120032695762e-06 1.28551062061888e-06 1.12258499029849e-06 9.62168542173458e-07 8.39646247641213e-07 7.18584658443433e-07 5.98083715885878e-07 4.81150550513121e-07 3.76761619236277e-07 2.87870562942771e-07
1.93991149899375e-06 2.17273964153719e-06 2.29334250434476e-06 2.37535959968227e-06 2.4365999706788e-06 2.47621665039333e-06 2.50968355430814e-06 2.51502933679149e-06 2.51732308242936e-06 2.51492701863754e-06 2.50859307016071e-06 2.48222795562469e-06 2.46706008510955e-06 2.47892830884666e-06 2.45452292801929e-06 2.38031839217001e-06 2.32994034377043e-06 2.29905617743498e-06 2.29232796300494e-06 2.29704187404423e-06 2.29758802561264e-06 2.29713828048261e-06 2.28395356316469e-06 2.26128690883343e-06 2.11334622690629e-06 1.98454790734104e-06 1.93586083696573e-06 1.88674164292024e-06 1.83670988462836e-06 1.79779749487352e-06 1.77247534338676e-06 1.71020963080082e-06 1.62103503953404e-06 1.48697813528997e-06 1.33433400151262e-06 1.19487606298208e-06 1.05801018435159e-06 9.44623423038138e-07 8.30276917440642e-07 6.98060603099293e-07 5.67401343687379e-07 4.42216560259112e-07 3.36646735377144e-07
1.45910405535687e-06 1.69492818713479e-06 1.93538039638952e-06 2.1163432393223e-06 2.26527390623232e-06 2.36610571846541e-06 2.45325850301015e-06 2.46741819864837e-06 2.47360912908334e-06 2.46637432610441e-06 2.45434148382628e-06 2.41790166910505e-06 2.37319000007119e-06 2.3085049178917e-06 2.24460700337659e-06 2.18178934119351e-06 2.1432103949337e-06 2.12446298064606e-06 2.1121238660271e-06 2.10282018997532e-06 2.10307712222857e-06 2.10561825042532e-06 2.10373855225043e-06 2.09564245778893e-06 2.00148838302994e-06 1.91870276466943e-06 1.88349645213748e-06 1.84586053819658e-06 1.80309564257186e-06 1.766579202922e-06 1.73769990396977e-06 1.67550285823381e-06 1.58903765168361e-06 1.4721850902788e-06 1.34274807805923e-06 1.22116398415528e-06 1.10112353013392e-06 9.93164235296717e-07 8.83561767750507e-07 7.53536539832567e-07 6.22735683464271e-07 4.89207764076127e-07 3.7646455552931e-07
1.1247043403273e-06 1.3111114185449e-06 1.54254394146847e-06 1.74635295024927e-06 1.93528808267729e-06 2.06791901291581e-06 2.18453692468756e-06 2.20304536924232e-06 2.21082564166863e-06 2.20009155782463e-06 2.18640161619987e-06 2.15767522604438e-06 2.11773362934764e-06 2.05071137315826e-06 1.99402074940735e-06 1.95151415027794e-06 1.92803599929903e-06 1.92012680599873e-06 1.90648540865368e-06 1.89012860118964e-06 1.89113984561118e-06 1.89630100067006e-06 1.91015010386764e-06 1.92073071048071e-06 1.8750547496893e-06 1.83413987997483e-06 1.81315090230783e-06 1.78767857050843e-06 1.75274124103453e-06 1.71545912053261e-06 1.67531129591225e-06 1.60154763761966e-06 1.50329879033961e-06 1.39743917770829e-06 1.28842771118798e-06 1.18665764148318e-06 1.08631104467349e-06 9.86917143563915e-07 8.85094777913764e-07 7.59206216116581e-07 6.3223978941096e-07 5.01483725656726e-07 3.91178531344849e-07
9.13597375529207e-07 1.00644945177919e-06 1.12033899313246e-06 1.28290935208497e-06 1.4716920304636e-06 1.61134983045486e-06 1.73703631389799e-06 1.75613331521163e-06 1.76355945313844e-06 1.75045431660692e-06 1.73851105955691e-06 1.73247758539219e-06 1.72620207194996e-06 1.71934186710132e-06 1.7091857671403e-06 1.69450470366428e-06 1.68890790064324e-06 1.69074371569877e-06 1.67942812367983e-06 1.66188306138793e-06 1.66452764460701e-06 1.67199607403745e-06 1.70529926890595e-06 1.73801481651026e-06 1.73634703060088e-06 1.7338145426038e-06 1.72766317518835e-06 1.71492706613208e-06 1.68828967161971e-06 1.64757943821314e-06 1.58966918206715e-06 1.49454081110889e-06 1.37230324526172e-06 1.27220596368716e-06 1.18127752557484e-06 1.10095550098777e-06 1.02271826563083e-06 9.3453195404436e-07 8.43046620957466e-07 7.22933066299447e-07 6.03149374001077e-07 4.84525344290887e-07 3.84752070203831e-07
7.66395828577515e-07 8.18677790448419e-07 8.79654066920921e-07 9.88378701549664e-07 1.12281384190283e-06 1.2173949244243e-06 1.30064154291176e-06 1.30766704842245e-06 1.30677290144376e-06 1.30270268527966e-06 1.30181911117688e-06 1.31714568851748e-06 1.33726985040994e-06 1.36897824631887e-06 1.38849270570063e-06 1.39126632348052e-06 1.39985729674663e-06 1.41320776947396e-06 1.4137434618533e-06 1.40820907290617e-06 1.41413340770669e-06 1.42279554893321e-06 1.46487570873433e-06 1.50843175106274e-06 1.54005465446971e-06 1.56770397552464e-06 1.5787230722708e-06 1.57748263518442e-06 1.55036150317756e-06 1.4999823179096e-06 1.4211771031114e-06 1.31459171370807e-06 1.18777177249285e-06 1.09740790321666e-06 1.02214187336358e-06 9.62566559792322e-07 9.06075854345545e-07 8.31655313504598e-07 7.53456731672486e-07 6.44837314212054e-07 5.38311894615617e-07 4.39149033581998e-07 3.55683368979953e-07
