Ecospace-environmental-drivers/Outputs/ASCII-for-ecospace/MOM6-ISIMIP3a/chl/1984-09_chl_MOM6-ISIMIP3a.asc
NCOLS 131 
NROWS 53 
XLLCORNER -98 
YLLCORNER 23.9265270233154 
CELLSIZE 0.133587792515755 
NODATA_value -9999 
[rows 19 to 37 of 53, columns 86 to 128 of 131]
1.57171442083381e-07 1.33534996393792e-07 1.1474524796995e-07 1.00156057669665e-07 8.82848212313547e-08 7.94966155126531e-08 7.18158759127618e-08 6.63571313452849e-08 6.12472845773482e-08 5.85057051694093e-08 5.5985612590348e-08 5.49447740638698e-08 5.43419282905688e-08 5.50530501186586e-08 5.72729881298528e-08 6.19696152170945e-08 6.94301220960369e-08 7.95765942029902e-08 1.18203224985791e-07 1.7314960132353e-07 3.81695770101942e-07 6.37612515674846e-07 8.02938131982955e-07 9.61982777880621e-07 1.33056198592385e-06 1.71109502389299e-06 2.15936370295822e-06 2.48392643698025e-06 2.48813080361288e-06 -9999 -9999 -9999 -9999 -9999 -9999 -9999 -9999 -9999 -9999 -9999 -9999 -9999 -9999
1.65149643294171e-07 1.40947960858284e-07 1.21196393365608e-07 1.05777004932861e-07 9.31607289089698e-08 8.3780562931679e-08 7.55628590809465e-08 6.95667026207047e-08 6.39193658003023e-08 6.07272170327633e-08 5.77631347198349e-08 5.6321372454704e-08 5.51654757430242e-08 5.48671366118469e-08 5.57539543422081e-08 5.85861741342342e-08 6.33065084798545e-08 6.98617412808744e-08 8.82406325786178e-08 1.13394733602945e-07 2.23840743274195e-07 3.6059100239072e-07 4.70344616587681e-07 5.80853509291046e-07 8.73743317697517e-07 1.20499498734716e-06 1.75362129084533e-06 2.14104898077494e-06 2.11102474168001e-06 -9999 -9999 -9999 -9999 -9999 -9999 -9999 -9999 -9999 -9999 -9999 -9999 -9999 -9999
1.71281186567285e-07 1.47293832242212e-07 1.27131471572284e-07 1.11171544858735e-07 9.7930794140666e-08 8.80092656529996e-08 7.92800491922208e-08 7.27824698287804e-08 6.66353017209076e-08 6.30811385349261e-08 5.97799072465932e-08 5.81737715776853e-08 5.67133682238818e-08 5.56901547099642e-08 5.53598837882419e-08 5.61670603360653e-08 5.8884673137527e-08 6.34588630532562e-08 6.85571208691726e-08 7.39556824669307e-08 1.00650098033839e-07 1.33912223532207e-07 1.82059025632952e-07 2.34993251524429e-07 4.24955175049035e-07 6.78519256780419e-07 1.29248087432643e-06 1.78867105660174e-06 -9999 -9999 -9999 -9999 -9999 -9999 -9999 -9999 -9999 -9999 -9999 -9999 -9999 -9999 -9999
1.68144879353349e-07 1.4652849245067e-07 1.28461479675934e-07 1.14017474572847e-07 1.01917720485289e-07 9.23840985933566e-08 8.37722708979527e-08 7.68552013141743e-08 7.02042370903655e-08 6.59433325722603e-08 6.19631350673444e-08 5.98895368852936e-08 5.80835575192395e-08 5.70804026267524e-08 5.63864404057313e-08 5.62000010972952e-08 5.7423058308359e-08 6.00158855945665e-08 6.2432448544314e-08 6.47480078441731e-08 7.71183863434999e-08 9.25897083448035e-08 1.2388555603593e-07 1.59259656129507e-07 2.94135276135421e-07 4.73820620072729e-07 9.07417302187241e-07 1.21966775168403e-06 1.21767061500577e-06 1.25948531604081e-06 -9999 -9999 -9999 -9999 -9999 -9999 -9999 -9999 -9999 -9999 -9999 -9999 -9999
1.64346218411993e-07 1.45214883673361e-07 1.29357914602224e-07 1.1656075571409e-07 1.05743417577742e-07 9.66998712215172e-08 8.82935040635857e-08 8.10110947213616e-08 7.39051770892729e-08 6.88982737528931e-08 6.41971453774204e-08 6.15990956021051e-08 5.94156048805417e-08 5.84757309241013e-08 5.74933594066351e-08 5.64412232506584e-08 5.6264951808771e-08 5.6939846615478e-08 5.75897125543179e-08 5.82252290826091e-08 6.20536368955982e-08 6.6866732595372e-08 8.53071213668954e-08 1.06775324582031e-07 1.91824753414949e-07 3.00211411286e-07 5.40837049811671e-07 6.85339387018757e-07 5.8091370647162e-07 7.69677626522025e-07 8.36249853364279e-07 -9999 -9999 -9999 -9999 -9999 -9999 -9999 -9999 -9999 -9999 -9999 -9999
1.61382274654898e-07 1.43881180747485e-07 1.28945586652662e-07 1.17345180683515e-07 1.07902792478853e-07 9.98555762521391e-08 9.23095271332386e-08 8.54514823345198e-08 7.87014613479187e-08 7.27384517063001e-08 6.70578685912915e-08 6.33796730653557e-08 6.03438010671198e-08 5.92348285977096e-08 5.81230956697709e-08 5.70068259264644e-08 5.63573365752745e-08 5.61614754701623e-08 5.66889788444769e-08 5.76309879818382e-08 6.01972232061598e-08 6.3264373295624e-08 7.79669022676899e-08 9.50342524674852e-08 1.56325739908425e-07 2.31153080676449e-07 3.82680383381739e-07 4.96016241413599e-07 5.10448558088683e-07 4.79586617530003e-07 5.01938245633937e-07 -9999 -9999 -9999 -9999 -9999 -9999 -9999 -9999 -9999 -9999 -9999 -9999
1.57540085865548e-07 1.42043518280843e-07 1.2843051422351e-07 1.18090333955934e-07 1.09867841047162e-07 1.02768673571063e-07 9.60730304200297e-08 8.96686458418117e-08 8.33099917940672e-08 7.64572405387298e-08 6.98576272384344e-08 6.51151879083045e-08 6.12373156627655e-08 5.99530523004432e-08 5.87230601922784e-08 5.75821488268957e-08 5.65502773497428e-08 5.56243726634875e-08 5.58865345112736e-08 5.68294851177598e-08 5.82700252493851e-08 5.98640212956525e-08 7.08524794390542e-08 8.35626892126129e-08 1.23414054087334e-07 1.68677161127562e-07 2.44605587340629e-07 3.09843755985639e-07 3.47397588029708e-07 3.88827231745381e-07 -9999 -9999 -9999 -9999 -9999 -9999 -9999 -9999 -9999 -9999 -9999 -9999 -9999
1.49846982822055e-07 1.37996210014535e-07 1.27464929278176e-07 1.18663287196341e-07 1.1098079966132e-07 1.04618003149426e-07 9.8729259434549e-08 9.2907036730594e-08 8.70952518994272e-08 7.96437618078016e-08 7.23901081300937e-08 6.66531363435752e-08 6.19787527966764e-08 6.04920558089361e-08 5.91924980142267e-08 5.82001078441863e-08 5.71841098917503e-08 5.61451685143766e-08 5.55150556635908e-08 5.51192087527852e-08 5.60324551202029e-08 5.73494354227932e-08 6.47281126475718e-08 7.32728722141474e-08 1.01847028588509e-07 1.35063316974993e-07 1.94583932966452e-07 2.57193249808552e-07 3.27801330968214e-07 3.6966144989492e-07 -9999 -9999 -9999 -9999 -9999 -9999 -9999 -9999 -9999 -9999 -9999 -9999 -9999
1.40255124847499e-07 1.31531564306897e-07 1.23878450608572e-07 1.17010444000698e-07 1.10650447027183e-07 1.05336802391776e-07 1.00399034863585e-07 9.52059338032996e-08 8.99727510272896e-08 8.20665277956323e-08 7.43184358498183e-08 6.78535130305136e-08 6.25925764552449e-08 6.09435062415287e-08 5.95866218588981e-08 5.87093538229055e-08 5.77382337496601e-08 5.66759119635663e-08 5.54653745155065e-08 5.41699023415276e-08 5.45114282601844e-08 5.53578054507398e-08 5.96566636090756e-08 6.46732942755079e-08 8.35463112025536e-08 1.06317287418278e-07 1.51175797213909e-07 2.07476887226221e-07 2.93410522544946e-07 3.33470637770006e-07 -9999 -9999 -9999 -9999 -9999 -9999 -9999 -9999 -9999 -9999 -9999 -9999 -9999
1.26520475873804e-07 1.19792630925986e-07 1.14573516896144e-07 1.10501225947246e-07 1.07170976093585e-07 1.03588952526934e-07 9.99164910808759e-08 9.54550003484655e-08 9.08696122792207e-08 8.28228934324216e-08 7.4928628635007e-08 6.83173766446998e-08 6.29279526265236e-08 6.12039130487574e-08 5.98164291432113e-08 5.89814028728597e-08 5.81184522729927e-08 5.72283624933334e-08 5.61178055136224e-08 5.4880917588207e-08 5.45537766072357e-08 5.45072005309066e-08 5.68825022639885e-08 5.97615681385832e-08 7.23722024531526e-08 8.81921380369022e-08 1.22197377550037e-07 1.64162287319414e-07 2.26740169750883e-07 2.70471048224863e-07 -9999 -9999 -9999 -9999 -9999 -9999 -9999 -9999 -9999 -9999 -9999 -9999 -9999
1.14397103345709e-07 1.08909851803674e-07 1.05327465860228e-07 1.03486627267557e-07 1.02772652610383e-07 1.00891931253955e-07 9.85920891594105e-08 9.47897405012554e-08 9.07514632331186e-08 8.26069097570326e-08 7.4649577186392e-08 6.82604408552834e-08 6.30529868317353e-08 6.13904944657406e-08 6.00359584268517e-08 5.91869522281741e-08 5.83802268749878e-08 5.76145957609242e-08 5.67020492781012e-08 5.57053141392316e-08 5.50686465317085e-08 5.454302254293e-08 5.58125101690621e-08 5.74195624380991e-08 6.46039879370619e-08 7.42530872344105e-08 9.78681313767993e-08 1.27371976077484e-07 1.72125893982411e-07 2.55081261002488e-07 3.93662020314878e-07 -9999 -9999 -9999 -9999 -9999 -9999 -9999 -9999 -9999 -9999 -9999 -9999
1.04300845293892e-07 9.91041559927908e-08 9.61554889045146e-08 9.58362349479103e-08 9.7218325834092e-08 9.70007576484022e-08 9.62085664468759e-08 9.29741901245507e-08 8.9356340993163e-08 8.11676130751948e-08 7.32517975166047e-08 6.75483065037952e-08 6.29134078167226e-08 6.14841937363053e-08 6.02425629381287e-08 5.9308831623639e-08 5.84929935598666e-08 5.77917234068082e-08 5.72005056653779e-08 5.66723450390327e-08 5.6177981377914e-08 5.56940413787288e-08 5.68864955141635e-08 5.83104728946182e-08 6.11206587564084e-08 6.5580486818817e-08 7.93879237903639e-08 9.87897337267896e-08 1.32679147668568e-07 2.19176811810939e-07 3.82277789867658e-07 4.58002347158981e-07 -9999 -9999 -9999 -9999 -9999 -9999 -9999 -9999 -9999 -9999 -9999
9.82246390890396e-08 9.29032495378124e-08 8.96581653364592e-08 8.98322554121478e-08 9.22187268770358e-08 9.31305450535547e-08 9.35126536205644e-08 9.07089372503833e-08 8.74049845833724e-08 7.93761714135144e-08 7.16992119009774e-08 6.68136763692928e-08 6.28506526823003e-08 6.16550792642556e-08 6.05350436444496e-08 5.95390012847474e-08 5.86862185514292e-08 5.79726524563284e-08 5.75322118834265e-08 5.72482719007894e-08 5.70902578544974e-08 5.69710749687147e-08 5.83415733501624e-08 5.98613851821028e-08 6.00371663495025e-08 6.1413054197601e-08 6.95892623525651e-08 8.35889366612719e-08 1.12669496843409e-07 2.02129342596891e-07 3.79507923753408e-07 4.62565509451451e-07 4.63880070356026e-07 4.64485793827407e-07 -9999 -9999 -9999 -9999 -9999 -9999 -9999 -9999 -9999
9.51635144019747e-08 8.94059724032559e-08 8.5166853125429e-08 8.50631209914354e-08 8.76351791134766e-08 8.92760567694495e-08 9.05824393271359e-08 8.8106396844978e-08 8.50364401117076e-08 7.73206139115246e-08 7.00305022860448e-08 6.60621708448161e-08 6.28455225637481e-08 6.18838527088883e-08 6.08919421551946e-08 5.98503859805533e-08 5.89397828321125e-08 5.81564343349328e-08 5.77388519218403e-08 5.75308654049422e-08 5.78547343366154e-08 5.83426249534114e-08 6.00824705543346e-08 6.19073077245957e-08 6.075357816826e-08 6.0624543607446e-08 6.63018511204427e-08 7.84243709972543e-08 1.07237880797584e-07 1.99224757579941e-07 3.83198909048588e-07 4.67385518732044e-07 4.65091517298788e-07 -9999 -9999 -9999 -9999 -9999 -9999 -9999 -9999 -9999 -9999
9.38003097417095e-08 8.81448514178373e-08 8.30548501085104e-08 8.22638739350623e-08 8.42545659907046e-08 8.60598845520144e-08 8.77986110481288e-08 8.54692316920591e-08 8.25010886273958e-08 7.53960165411627e-08 6.87466723547914e-08 6.56097327578209e-08 6.30559284786614e-08 6.22514946257979e-08 6.13914821201433e-08 6.04402359272171e-08 5.95361164812402e-08 5.86777915145831e-08 5.81549102207646e-08 5.78242449478239e-08 5.83478758642286e-08 5.91349724743395e-08 6.09207120305655e-08 6.27612877224237e-08 6.16344877357733e-08 6.12694464052765e-08 6.52209024565309e-08 7.53815427856352e-08 1.01621978387811e-07 1.9459974964775e-07 3.84754258675457e-07 9.6215251232934e-07 1.87515445304598e-06 1.5994181694623e-06 2.18165723708807e-06 -9999 -9999 -9999 -9999 -9999 -9999 -9999 -9999
9.31647932134183e-08 8.784208915813e-08 8.19625611825359e-08 8.03088724410372e-08 8.1389501360718e-08 8.31172854987017e-08 8.50775236926893e-08 8.28172375122449e-08 7.98942423330118e-08 7.35275449414985e-08 6.76277878142173e-08 6.52854623695021e-08 6.33587120546508e-08 6.26786516022548e-08 6.19521571820769e-08 6.11494357372067e-08 6.02793548409863e-08 5.93438258533752e-08 5.86607136199291e-08 5.8122243018488e-08 5.87247264149937e-08 5.96790883378162e-08 6.13720914088844e-08 6.3104423020377e-08 6.25858902481014e-08 6.25286915578727e-08 6.50855866979327e-08 7.32480529563873e-08 9.59271062583866e-08 1.89237383096952e-07 3.85394343993539e-07 9.64598370956082e-07 1.87576927146438e-06 2.18165723708807e-06 2.15995169128291e-06 2.36418327403953e-06 -9999 -9999 -9999 -9999 -9999 -9999 -9999
9.18865552534953e-08 8.75795862498308e-08 8.18497980503707e-08 7.95065346892443e-08 7.93545140709284e-08 8.06500537464672e-08 8.24655828068899e-08 8.03129722726226e-08 7.75372939187946e-08 7.20841057955113e-08 6.7052354779662e-08 6.5208922706006e-08 6.36758841210394e-08 6.30740188967138e-08 6.24729850073891e-08 6.18733011492623e-08 6.11113151194331e-08 6.01915886022653e-08 5.93824154293543e-08 5.863659069405e-08 5.91010298478523e-08 5.99387135480356e-08 6.17789126522439e-08 6.37173158679616e-08 6.46472813059518e-08 6.55394458703995e-08 6.62173889054429e-08 7.14565331350059e-08 8.85076900658532e-08 1.53654795553848e-07 2.88834741013488e-07 7.22781635431602e-07 1.41565419653489e-06 1.93401479009481e-06 2.36418327403953e-06 2.37013318837853e-06 -9999 -9999 -9999 -9999 -9999 -9999 -9999
9.04753321151475e-08 8.73254109023947e-08 8.19396959172991e-08 7.89426763958545e-08 7.74912578549447e-08 7.82811753197166e-08 7.98762158638056e-08 7.783928168692e-08 7.52320516994587e-08 7.07286105239291e-08 6.6589350922186e-08 6.51836273846129e-08 6.39960333614908e-08 6.34628065654397e-08 6.2985563431539e-08 6.26002076842269e-08 6.19616287167446e-08 6.10769532727318e-08 6.01487855078631e-08 5.91957061146786e-08 5.94772160411594e-08 6.0139484503452e-08 6.21765181563205e-08 6.43860218474401e-08 6.69383339868546e-08 6.89125840835914e-08 6.76113529607392e-08 6.97357620538241e-08 8.07314677331306e-08 1.11819595360885e-07 1.72164433820399e-07 4.30426723596611e-07 8.60213674513943e-07 1.51876645304583e-06 2.29292913900281e-06 2.45328715209325e-06 -9999 -9999 -9999 -9999 -9999 -9999 -9999
8.82725217365987e-08 8.64937632627516e-08 8.22956636170602e-08 7.90337395528695e-08 7.63775602763417e-08 7.65829355486858e-08 7.78162245751446e-08 7.62279768196095e-08 7.41966914574732e-08 7.03556182202192e-08 6.6797525732909e-08 6.53809451023335e-08 6.41647517340971e-08 6.35496988365958e-08 6.31175680609886e-08 6.29857197509409e-08 6.25737541781746e-08 6.18895725779112e-08 6.10561983194202e-08 6.013733866439e-08 6.02686682782405e-08 6.07238774819052e-08 6.27987120083162e-08 6.50921592182385e-08 6.84937759842796e-08 7.11541332520937e-08 6.96141810863082e-08 7.04007305785126e-08 7.72121566683381e-08 9.59343751105735e-08 1.31999996710874e-07 2.77249171176663e-07 5.17121975462942e-07 9.81109792519419e-07 1.55835721216135e-06 1.68528003996471e-06 -9999 -9999 -9999 -9999 -9999 -9999 -9999
