Ecospace-environmental-drivers/Outputs/ASCII-for-ecospace/MOM6-ISIMIP3a/chl/1985-09_chl_MOM6-ISIMIP3a.asc
NCOLS 131 
NROWS 53 
XLLCORNER -98 
YLLCORNER 23.9265270233154 
CELLSIZE 0.133587792515755 
NODATA_value -9999 
[rows 19 to 37 of 53, columns 0 to 42 of 131]
-9999 -9999 -9999 -9999 -9999 -9999 -9999 -9999 1.3647905916514e-06 1.46076297369291e-06 1.44756586450967e-06 1.44353225550731e-06 1.448641000934e-06 1.51018400629255e-06 1.50136179399851e-06 1.48236028962856e-06 1.45212391089444e-06 1.41417206123151e-06 1.36917265081138e-06 1.32145214593038e-06 1.2015044603686e-06 1.06881100236933e-06 1.00930935786891e-06 9.55761265686306e-07 9.38470520850387e-07 9.20644538382476e-07 9.01083467397257e-07 8.71442580319126e-07 8.24211554117937e-07 7.84897451922006e-07 7.53729693769856e-07 7.30652914171515e-07 7.12505084266013e-07 6.91008608555421e-07 6.68396012315498e-07 6.53141910333943e-07 6.38983067346999e-07 6.35692344985728e-07 6.33594709142926e-07 6.39095333099249e-07 6.51562743314571e-07 6.83424104863661e-07 7.45571412608115e-07
-9999 -9999 -9999 -9999 -9999 -9999 -9999 -9999 1.277672595279e-06 1.35593620598229e-06 1.46076297369291e-06 1.43840225064196e-06 1.44353225550731e-06 1.39220674100216e-06 1.34781373617443e-06 1.3114197372488e-06 1.26426255064871e-06 1.20971378692047e-06 1.14377178306313e-06 1.07343055333331e-06 9.80633672043041e-07 8.83874008650309e-07 8.41495705117268e-07 8.02832744284387e-07 7.852081580495e-07 7.67564642956131e-07 7.49859850657231e-07 7.2711787879598e-07 6.95585640642093e-07 6.68699613015633e-07 6.46594514819299e-07 6.29367036708572e-07 6.15110991475376e-07 5.93893503264553e-07 5.70355553008994e-07 5.54990378986986e-07 5.40836651907739e-07 5.38064057309384e-07 5.3612870942743e-07 5.39525331078039e-07 5.4793059689473e-07 5.70278530176438e-07 6.14393002251745e-07
-9999 -9999 -9999 -9999 -9999 -9999 1.23125698792137e-06 1.23689551401185e-06 1.25055873922975e-06 1.277672595279e-06 1.32937304897496e-06 1.46076297369291e-06 1.41091163641249e-06 1.2624186638277e-06 1.15587772597792e-06 1.09774305201427e-06 1.02943465662975e-06 9.54139636633045e-07 8.95467394457228e-07 8.43213740608917e-07 7.86126463481196e-07 7.2818619401005e-07 6.98177927915822e-07 6.69874168579554e-07 6.50678146030259e-07 6.32340118045249e-07 6.16783836449031e-07 6.01086412643781e-07 5.85142686304607e-07 5.70980375869112e-07 5.58651265691879e-07 5.4649405001328e-07 5.3444165359906e-07 5.13207396579674e-07 4.88912633045402e-07 4.740944916648e-07 4.60652074707468e-07 4.56374067425713e-07 4.52577836540513e-07 4.51849729188325e-07 4.53916953802036e-07 4.63765758240697e-07 4.86521855691535e-07
-9999 -9999 -9999 -9999 -9999 -9999 1.22950791592302e-06 1.23125698792137e-06 1.24253415378917e-06 1.25077110624261e-06 1.277672595279e-06 1.24968357795296e-06 1.18796219794604e-06 1.05949413864437e-06 9.60448687692406e-07 8.95352229690616e-07 8.34616571410152e-07 7.7687565180895e-07 7.34625700715696e-07 6.98357382589165e-07 6.59385250401101e-07 6.19935974555119e-07 5.96270183450542e-07 5.73934357817052e-07 5.59801890176459e-07 5.4679992445017e-07 5.37463279215444e-07 5.28457178461395e-07 5.20027811035106e-07 5.11752659804188e-07 5.0363615855531e-07 4.94474932111189e-07 4.84677286749502e-07 4.68194144787049e-07 4.49482541853286e-07 4.39091962789462e-07 4.2988338577743e-07 4.25117065105951e-07 4.20638428977327e-07 4.17992140455681e-07 4.17165608723735e-07 4.2140470668528e-07 4.32972598218839e-07
-9999 -9999 -9999 -9999 1.38640473323903e-06 1.27701650853851e-06 1.22948483749497e-06 1.2277818086659e-06 1.23125698792137e-06 1.25381131965696e-06 1.24034340842627e-06 1.08899735096202e-06 9.54704887590196e-07 8.54156553486973e-07 7.6793793368779e-07 6.98253586506326e-07 6.47521460450662e-07 6.09804715168139e-07 5.84457836794172e-07 5.63887397220242e-07 5.41309759682918e-07 5.18377873959253e-07 5.0059634304489e-07 4.8388750428785e-07 4.75178012493416e-07 4.67771229750724e-07 4.64588396198451e-07 4.61930142137135e-07 4.60187322914862e-07 4.57142590448711e-07 4.52758229130268e-07 4.46445596935519e-07 4.38958295490011e-07 4.27520916446156e-07 4.14766873291228e-07 4.08726805289916e-07 4.03613739763387e-07 3.98368001697236e-07 3.9324626754933e-07 3.88914173754529e-07 3.8554748016395e-07 3.84868116043435e-07 3.86469480417873e-07
-9999 -9999 -9999 -9999 1.63812762821181e-06 1.40098995871085e-06 1.32454806589521e-06 1.22948483749497e-06 1.22260371426819e-06 1.13502653675823e-06 1.03879938251339e-06 9.0946366526623e-07 7.9295779187305e-07 7.0183853040362e-07 6.28017346571141e-07 5.74155421873002e-07 5.37076857654029e-07 5.11524262947205e-07 4.99395127917523e-07 4.92449260036665e-07 4.80207177133707e-07 4.67030417894421e-07 4.5522358504968e-07 4.44089465645447e-07 4.38311388961665e-07 4.3312127218087e-07 4.29837683668666e-07 4.28308226219087e-07 4.29839900562001e-07 4.29868208584594e-07 4.28349636649727e-07 4.25087108624211e-07 4.20762177100187e-07 4.13180600844498e-07 4.04513485818825e-07 3.96627001464367e-07 3.88854914490366e-07 3.81986154707192e-07 3.75373133465473e-07 3.7038896039121e-07 3.65945680869117e-07 3.63008126669229e-07 3.61892006139897e-07
-9999 -9999 -9999 -9999 -9999 1.63812762821181e-06 1.41179930324142e-06 1.41961129429546e-06 1.19378205454268e-06 1.01706427813042e-06 8.54426275509468e-07 7.45680267755233e-07 6.46279033844621e-07 5.65368566185498e-07 5.02672833135875e-07 4.60993959450207e-07 4.33673164934589e-07 4.16212714071662e-07 4.13210813121623e-07 4.15791902241835e-07 4.11696959190522e-07 4.06423879439899e-07 4.01018041884527e-07 3.96075307662613e-07 3.95016030552142e-07 3.94122707803035e-07 3.93767521700283e-07 3.95494708982369e-07 4.00855782345388e-07 4.03960058292796e-07 4.04742138471192e-07 4.03561358552906e-07 4.01184820475464e-07 3.95778300799066e-07 3.89361787256348e-07 3.79338985112554e-07 3.68832814956477e-07 3.60421154255164e-07 3.52389548652354e-07 3.46778051607544e-07 3.4142266258641e-07 3.36780118459501e-07 3.33631788862476e-07
-9999 -9999 -9999 -9999 -9999 1.62709852702392e-06 1.63812762821181e-06 1.35997345296346e-06 1.07652772385336e-06 9.02708109151718e-07 7.45342788377457e-07 6.50957645120798e-07 5.65671030017256e-07 4.9838786253531e-07 4.41240132431631e-07 3.9578708310728e-07 3.61141843541191e-07 3.33918819706014e-07 3.22108519412723e-07 3.1624963980903e-07 3.10706383288561e-07 3.05218804896867e-07 3.08083059508135e-07 3.12035552951784e-07 3.23532532320314e-07 3.36056814376207e-07 3.51912035512214e-07 3.66225776815554e-07 3.77849460164725e-07 3.84042436962773e-07 3.8464733620458e-07 3.81302328378297e-07 3.75551081788217e-07 3.64950039966061e-07 3.52732428154923e-07 3.39302090424098e-07 3.25732685269031e-07 3.16129614930105e-07 3.06997890220373e-07 3.00867753821876e-07 2.95321314069952e-07 2.91399743446163e-07 2.89223777372172e-07
-9999 -9999 1.6330634480255e-06 1.62537833148235e-06 1.60874969878932e-06 1.61605635184969e-06 1.62711160101026e-06 1.30622481719911e-06 9.81084667728283e-07 8.10943220130866e-07 6.58950966681005e-07 5.7642586170914e-07 5.01781187267625e-07 4.42729430005784e-07 3.86991246159596e-07 3.35076322244277e-07 2.93600237455394e-07 2.59292932014432e-07 2.40837579212894e-07 2.28503282073689e-07 2.22017931150731e-07 2.16564728816593e-07 2.23705328039614e-07 2.32321966109339e-07 2.50940786372666e-07 2.71489085434951e-07 2.98293628020474e-07 3.22248581596796e-07 3.41230759204336e-07 3.52159389649387e-07 3.54801130697524e-07 3.50396305748291e-07 3.41698807915236e-07 3.26995291288767e-07 3.10289834715149e-07 2.94570980940989e-07 2.79026806992988e-07 2.68805308678566e-07 2.59128910329309e-07 2.52923967991592e-07 2.47537656150598e-07 2.44430140128316e-07 2.43205988681439e-07
-9999.000000000000000 -9999 -9999 -9999 1.6513288301212e-06 1.60144315941579e-06 1.594708464836e-06 1.26532586364192e-06 9.33230751343217e-07 7.68469305967301e-07 6.22069023847871e-07 5.45947614227771e-07 4.74367823244393e-07 4.11774607300686e-07 3.4841636420424e-07 2.84175456499725e-07 2.36945425058366e-07 2.01397526211622e-07 1.81017298928055e-07 1.66493848041682e-07 1.60170941398974e-07 1.55295168724479e-07 1.57998286454131e-07 1.62047484764116e-07 1.75931006651808e-07 1.92735370774244e-07 2.19010303226241e-07 2.46180178464783e-07 2.74911855058235e-07 2.94169552716994e-07 3.03678746149671e-07 3.00623810289835e-07 2.899149365021e-07 2.73491679081417e-07 2.55163598694708e-07 2.3959779582583e-07 2.24453700070626e-07 2.14863874248294e-07 2.05854703949626e-07 2.00543411210674e-07 1.96083377090872e-07 1.93993059838249e-07 1.93675930404424e-07
-9999 -9999 -9999 -9999 1.72414877397387e-06 1.73648697909812e-06 1.67766904723976e-06 1.29500472212385e-06 9.13543999558897e-07 7.4608112754504e-07 5.98509132032632e-07 5.27070540101704e-07 4.55430466672624e-07 3.83391608238526e-07 3.12379938804952e-07 2.42553483076335e-07 1.9457307587345e-07 1.61595323788788e-07 1.40591097874676e-07 1.24210288277027e-07 1.17119284936962e-07 1.1166765290227e-07 1.11673450930994e-07 1.12806112895214e-07 1.22333332797098e-07 1.34938403562046e-07 1.57523118105019e-07 1.83157794708677e-07 2.14114905361384e-07 2.36142426501829e-07 2.48981564254791e-07 2.47911515316446e-07 2.38368116356469e-07 2.24101242451979e-07 2.08259905321029e-07 1.94771189399034e-07 1.81633424745087e-07 1.72080234506211e-07 1.62946108162032e-07 1.56480624013966e-07 1.50889675865074e-07 1.47733160815733e-07 1.4664202296899e-07
-9999 -9999 -9999 -9999 1.7855015812529e-06 1.83451618340769e-06 1.89503816727665e-06 1.41347618409782e-06 9.2929366246608e-07 7.48962577290513e-07 5.91709465425083e-07 5.22788695889176e-07 4.47156509153501e-07 3.58244250264761e-07 2.79537118785811e-07 2.12605144156441e-07 1.70169229818384e-07 1.44555869496799e-07 1.24564280667983e-07 1.06743478056615e-07 9.77137091240365e-08 9.02352894627256e-08 8.97330423299536e-08 9.00261198921726e-08 9.56738261947976e-08 1.03506742732407e-07 1.1842496405734e-07 1.36548351292731e-07 1.60265045678898e-07 1.78068404466103e-07 1.89787030535626e-07 1.91500717505733e-07 1.87119468364472e-07 1.798855890911e-07 1.71700833107025e-07 1.62709881124101e-07 1.53599174268493e-07 1.43334048630095e-07 1.33078287944954e-07 1.22882312325601e-07 1.13572284021757e-07 1.0672848560489e-07 1.02748458630231e-07
-9999 -9999 -9999 -9999 1.83451618340769e-06 1.90777836905909e-06 1.99378041543241e-06 1.50596429193683e-06 1.01526541129715e-06 7.91849686265778e-07 5.98738552071154e-07 5.21620620475005e-07 4.35689798905514e-07 3.32320723828161e-07 2.50010145919077e-07 1.91997784781961e-07 1.54181776679252e-07 1.30235505935161e-07 1.1143922051815e-07 9.46315381611385e-08 8.5884785505641e-08 7.85605394071354e-08 7.75047936940609e-08 7.70271526562283e-08 8.02231454599678e-08 8.49544292691462e-08 9.46637470633505e-08 1.07221254097567e-07 1.24749107044408e-07 1.39009202371199e-07 1.49906867363825e-07 1.54042027133983e-07 1.54057531176477e-07 1.50487039718428e-07 1.45721216426864e-07 1.37779039732777e-07 1.29378022961646e-07 1.18219809053244e-07 1.07086535194867e-07 9.61121671139153e-08 8.62199058815349e-08 7.93399692611274e-08 7.53060760416702e-08
-9999 -9999 -9999 -9999 1.91202502719534e-06 1.99378041543241e-06 1.60845593200065e-06 1.57896442942729e-06 1.15390446353558e-06 8.64741423356463e-07 6.16139459452825e-07 5.22787956924731e-07 4.21828502794597e-07 3.05815092360717e-07 2.22970086838359e-07 1.78396234673528e-07 1.44506671517775e-07 1.17954492395711e-07 1.00490510135387e-07 8.65358131818539e-08 7.97384345219143e-08 7.42041024182072e-08 7.25607662843686e-08 7.13640559979467e-08 7.31791871544374e-08 7.60617524520057e-08 8.24053856263163e-08 9.08560835455319e-08 1.02983783278887e-07 1.14211339052872e-07 1.24512666843657e-07 1.30797616293421e-07 1.34635840254305e-07 1.32201492419881e-07 1.27676287320355e-07 1.1819615508557e-07 1.08016749322815e-07 9.58295771624762e-08 8.40018543613041e-08 7.44632018268021e-08 6.63413928236878e-08 6.21637070707948e-08 6.02022467433017e-08
-9999 -9999 -9999 -9999 1.99378041543241e-06 1.62683932103391e-06 1.45779586091521e-06 1.35511447751924e-06 1.30723162783397e-06 9.42804661008267e-07 6.30449278560263e-07 5.17401815613994e-07 4.02055377435317e-07 2.8215981728863e-07 2.01371619823476e-07 1.65707177757213e-07 1.35119904598469e-07 1.080193428038e-07 9.33030364080878e-08 8.33687465728872e-08 7.85901406175071e-08 7.47213633189858e-08 7.31306357693029e-08 7.18795973853048e-08 7.30434948081893e-08 7.50650741565551e-08 7.98676182967029e-08 8.63228493130919e-08 9.56621875047858e-08 1.04676253442904e-07 1.13355625330769e-07 1.17903624641258e-07 1.19934824738266e-07 1.15667752709214e-07 1.09301275585949e-07 9.94331728065845e-08 8.90840325951103e-08 7.91405767586184e-08 6.96670525712761e-08 6.31862491218271e-08 5.78216834412615e-08 5.55644525945809e-08 5.49241505609643e-08
-9999 -9999 -9999 -9999 -9999 1.47331070365908e-06 1.44732507578738e-06 1.43930878948595e-06 1.46685385971068e-06 1.02308422356145e-06 6.43434304947732e-07 5.09207040977344e-07 3.79748570367155e-07 2.5972613570957e-07 1.82105296175905e-07 1.5340920356266e-07 1.25856715271766e-07 9.9089575655853e-08 8.77275496691254e-08 8.23139956196428e-08 7.95839127931686e-08 7.7327378278369e-08 7.60636424956829e-08 7.50431539131569e-08 7.58685274604431e-08 7.74524480107175e-08 8.14958696082613e-08 8.68605312120962e-08 9.45308613609086e-08 1.01682466890907e-07 1.08300319823229e-07 1.09445579710155e-07 1.07256973080894e-07 9.98848079802883e-08 9.07847947928531e-08 8.10215894375688e-08 7.11921401830296e-08 6.48949907144925e-08 5.90822644142008e-08 5.63545121678999e-08 5.41701119516347e-08 5.34982724786914e-08 5.38571427455281e-08
-9999 -9999 -9999 -9999 -9999 1.49412096561718e-06 1.51481117427466e-06 1.54755207404378e-06 1.50937307807908e-06 1.03671493434376e-06 6.32341027539951e-07 4.89329693209584e-07 3.56504017418047e-07 2.43832744217798e-07 1.71100609236419e-07 1.44451917094557e-07 1.1829621371362e-07 9.24790626299909e-08 8.35123827869211e-08 8.10523062000357e-08 7.99798414163888e-08 7.91522509757669e-08 7.88171377053004e-08 7.86322047474641e-08 7.96089594246041e-08 8.10812892382273e-08 8.41605043433447e-08 8.78285035810222e-08 9.25239618254636e-08 9.58135473183575e-08 9.76565104338079e-08 9.55208960817799e-08 9.09615707200828e-08 8.38938305491865e-08 7.59899592139845e-08 6.90965933358711e-08 6.23655864728789e-08 5.87885722325154e-08 5.55287016368311e-08 5.42884990295533e-08 5.33292698889909e-08 5.31521990865258e-08 5.37708508829837e-08
-9999 -9999 -9999 -9999 -9999 1.48762376284139e-06 1.52022641941585e-06 1.55757277298108e-06 1.52766347127908e-06 1.03655588645779e-06 6.16265879216371e-07 4.67035249585024e-07 3.33065457880366e-07 2.29292552944571e-07 1.61805246534641e-07 1.36185818178092e-07 1.11088006349291e-07 8.63483933244424e-08 7.9578676093206e-08 7.97477994751716e-08 8.02520787601679e-08 8.08154965170615e-08 8.15334857406924e-08 8.23092989321594e-08 8.35387865549819e-08 8.49669987701418e-08 8.70395737706531e-08 8.88854927438842e-08 9.03359023141093e-08 8.93497471565752e-08 8.58564206396295e-08 8.04651563157677e-08 7.39176826414223e-08 6.78598084391524e-08 6.19651316924319e-08 5.85136810116182e-08 5.5414666633169e-08 5.43661613505719e-08 5.34299076093703e-08 5.32085238091895e-08 5.306997152843e-08 5.3162018787134e-08 5.3887472262204e-08
-9999 -9999 -9999 -9999 -9999 -9999 1.42783369483368e-06 1.45555441122269e-06 1.4187883152772e-06 9.66680204328441e-07 5.76813022235001e-07 4.25177915985842e-07 2.96006419375772e-07 2.11284046258697e-07 1.5250255103183e-07 1.23652782235695e-07 9.85746453352476e-08 7.60866782911762e-08 7.08405067939566e-08 7.22520354656808e-08 7.3677512091308e-08 7.51054543002283e-08 7.64496803640213e-08 7.77421860220784e-08 7.86189247037328e-08 7.93745584815042e-08 7.97375463434946e-08 7.96103378775115e-08 7.86276856956647e-08 7.63835501516041e-08 7.28413667161476e-08 6.88422758798879e-08 6.45648441377489e-08 6.10105743703571e-08 5.76973562260719e-08 5.58378872028698e-08 5.41866747028052e-08 5.35554356417833e-08 5.29868238174913e-08 5.28170431834951e-08 5.27306163178309e-08 5.28762349460976e-08 5.36885984558921e-08
