Ecospace-environmental-drivers/Outputs/ASCII-for-ecospace/MOM6-ISIMIP3a/chl/1985-07_chl_MOM6-ISIMIP3a.asc
NCOLS 131 
NROWS 53 
XLLCORNER -98 
YLLCORNER 23.9265270233154 
CELLSIZE 0.133587792515755 
NODATA_value -9999 
[rows 19 to 37 of 53, columns 0 to 42 of 131]
-9999 -9999 -9999 -9999 -9999 -9999 -9999 -9999 1.09644474832749e-06 1.10226915239764e-06 1.09160441752465e-06 1.09602024167543e-06 1.17652120934508e-06 1.35613674956403e-06 1.25566748465644e-06 1.03927254713199e-06 8.9095351540891e-07 7.89385353527905e-07 7.45600004847802e-07 7.24126834938943e-07 6.28142856839986e-07 5.19010029620404e-07 4.51417037083957e-07 3.8980729755167e-07 3.70477550859505e-07 3.54518277845273e-07 3.49487464745835e-07 3.4564456541375e-07 3.4387466030239e-07 3.42526732310944e-07 3.41613002774466e-07 3.39950361194497e-07 3.3783149433475e-07 3.35958816322091e-07 3.34168163362847e-07 3.32005726022544e-07 3.298109163552e-07 3.30259581460268e-07 3.3128839049823e-07 3.3601173754505e-07 3.40220367434085e-07 3.42996173685606e-07 3.4107938517991e-07
-9999 -9999 -9999 -9999 -9999 -9999 -9999 -9999 1.0987325822498e-06 1.08833251033502e-06 1.10226915239764e-06 1.07652397218772e-06 1.09602024167543e-06 1.07740675048262e-06 9.92811692412943e-07 8.32084595003835e-07 7.18311753189482e-07 6.36784534435719e-07 5.70766360397101e-07 5.10736867909145e-07 4.54172891295457e-07 3.98220436181873e-07 3.70435003560488e-07 3.45442629168247e-07 3.38585863346452e-07 3.32913600686879e-07 3.31081906779218e-07 3.29452802816377e-07 3.28177208075431e-07 3.27007910527755e-07 3.25948036561385e-07 3.23755813269599e-07 3.20873823511647e-07 3.18164410373356e-07 3.15512522774952e-07 3.13249358896428e-07 3.1104875120036e-07 3.10074085518863e-07 3.09389946551164e-07 3.10556202975931e-07 3.11181082679468e-07 3.10298958083877e-07 3.06479478240362e-07
-9999 -9999 -9999 -9999 -9999 -9999 1.58342652412102e-06 1.51865651787375e-06 1.35164623316086e-06 1.0987325822498e-06 1.06399579635763e-06 1.10226915239764e-06 1.03128240880324e-06 8.1983284871967e-07 6.64240474179678e-07 5.73098475342704e-07 5.02508555655368e-07 4.46032572654076e-07 4.07163526006116e-07 3.75093179627584e-07 3.55077588665154e-07 3.3718933423188e-07 3.29582945823859e-07 3.22876189784438e-07 3.2178982678488e-07 3.20802854503199e-07 3.2013815598475e-07 3.19230593959219e-07 3.17899207402661e-07 3.16523539822811e-07 3.15102340664453e-07 3.12230412191639e-07 3.08474739085796e-07 3.04866659917025e-07 3.01307750305568e-07 2.98755651328975e-07 2.96340886052349e-07 2.93680955110176e-07 2.91089776283115e-07 2.8893643388983e-07 2.86764418433449e-07 2.84540362827101e-07 2.80912274774892e-07
-9999 -9999 -9999 -9999 -9999 -9999 1.59230091867357e-06 1.58342652412102e-06 1.45388662531332e-06 1.27053931464616e-06 1.0987325822498e-06 9.90985768112296e-07 8.60191732954263e-07 6.8379392814677e-07 5.56838585907826e-07 4.86932094645454e-07 4.34545256666752e-07 3.94189925145838e-07 3.67567849934858e-07 3.46248668847693e-07 3.33873003910412e-07 3.23075568076092e-07 3.1841122449805e-07 3.14307726512197e-07 3.13758903303096e-07 3.13332861878735e-07 3.13304951760074e-07 3.1295337521442e-07 3.12036888772127e-07 3.11041475242746e-07 3.09964889311232e-07 3.07742311633774e-07 3.04821611507577e-07 3.01938115399025e-07 2.99066982734075e-07 2.95961484653162e-07 2.92810398150323e-07 2.87827191414181e-07 2.82769207160527e-07 2.77235102430495e-07 2.71858596079255e-07 2.66920807234783e-07 2.61590543004786e-07
-9999 -9999 -9999 -9999 1.83372844730911e-06 1.67444807175343e-06 1.60378294822294e-06 1.58969316998991e-06 1.58342652412102e-06 1.32434661281877e-06 1.07565165308188e-06 8.66705534008361e-07 6.85667487232422e-07 5.59851685011381e-07 4.68080628479584e-07 4.15591784985736e-07 3.79218988655339e-07 3.53913804929107e-07 3.38067366101313e-07 3.25873315887293e-07 3.18709481916812e-07 3.12433371618681e-07 3.09376588347732e-07 3.06671267935599e-07 3.0630744163318e-07 3.06159677165851e-07 3.06712564679401e-07 3.0689326990796e-07 3.06424567497743e-07 3.05854086946056e-07 3.05178900816827e-07 3.03670532275646e-07 3.01654608847457e-07 2.99499703260153e-07 2.97298470286478e-07 2.93419930130767e-07 2.89285168264541e-07 2.81758531173182e-07 2.74036068503847e-07 2.65066489646415e-07 2.56420463529139e-07 2.48675178227131e-07 2.41495683894755e-07
-9999 -9999 -9999 -9999 2.19963749259477e-06 1.85704550403898e-06 1.74511319528392e-06 1.60378294822294e-06 1.58187015131261e-06 1.30298201383994e-06 1.03138631857291e-06 7.87702958859882e-07 5.89488479363354e-07 4.8124388740689e-07 4.06218646276102e-07 3.69523206700251e-07 3.44751555303446e-07 3.28168482610636e-07 3.17735953103693e-07 3.09678341636754e-07 3.04357286040613e-07 2.99519143709404e-07 2.97930455417372e-07 2.96644799391288e-07 2.97291137485445e-07 2.97993096864957e-07 2.98875420412514e-07 2.994085264163e-07 2.99332327813318e-07 2.99178992690941e-07 2.98946332577543e-07 2.97535535764837e-07 2.95407090789013e-07 2.91986822276158e-07 2.88135993287142e-07 2.80195422419638e-07 2.71658308292899e-07 2.5876562403937e-07 2.45827123990239e-07 2.32596917726369e-07 2.20125727423692e-07 2.09767478054346e-07 2.00716058884609e-07
-9999 -9999 -9999 -9999 -9999 2.19963749259477e-06 1.8796481526806e-06 1.8864434423449e-06 1.5590243265251e-06 1.25809503970231e-06 9.65002072916832e-07 7.01903047684027e-07 4.97432040447165e-07 4.08969413001614e-07 3.51202601223122e-07 3.28853900555259e-07 3.13681937313959e-07 3.03438554283275e-07 2.9587675953735e-07 2.89350424509394e-07 2.84028402575132e-07 2.7891891818399e-07 2.78585702062628e-07 2.78623701888137e-07 2.80883313052982e-07 2.83195987549334e-07 2.85680641809449e-07 2.8775784244317e-07 2.89123988750362e-07 2.90164251737224e-07 2.90869166974517e-07 2.89649619844567e-07 2.87257677200614e-07 2.82127729178683e-07 2.76085074801813e-07 2.63870418848455e-07 2.50768295018133e-07 2.32879386885543e-07 2.15067274211833e-07 1.97744242314002e-07 1.81665015475119e-07 1.6904822075503e-07 1.58481810785815e-07
-9999 -9999 -9999 -9999 -9999 2.20009292206669e-06 2.19963749259477e-06 1.82872895493347e-06 1.44283035297121e-06 1.11006954739423e-06 8.01632779712236e-07 5.86298313010047e-07 4.23451922415552e-07 3.64464682434118e-07 3.26204087741644e-07 3.11858798340836e-07 2.97510752034214e-07 2.83160829894769e-07 2.67318881697065e-07 2.50900768605788e-07 2.37493608779005e-07 2.24617778599168e-07 2.2460766047061e-07 2.25548447474466e-07 2.32065772820533e-07 2.3932582848829e-07 2.48994211915488e-07 2.57840554240829e-07 2.65252452891218e-07 2.70890780029731e-07 2.74704149205718e-07 2.74086374929539e-07 2.70769191956788e-07 2.6198105729236e-07 2.51369328907458e-07 2.3395058690312e-07 2.15570324257897e-07 1.94306750245232e-07 1.73122359115041e-07 1.52442325429547e-07 1.33707118266102e-07 1.20385848845217e-07 1.09869517928018e-07
-9999 -9999 2.21058417082531e-06 2.20715128307347e-06 2.20085053115326e-06 2.20054880628595e-06 2.20009223994566e-06 1.73396870195575e-06 1.25629014746664e-06 9.30522048747662e-07 6.39151210179989e-07 4.79438881484384e-07 3.62415818244699e-07 3.2986278597491e-07 3.0756936553189e-07 2.97113899705437e-07 2.78538664133521e-07 2.54387202858197e-07 2.29354029102069e-07 2.03980377477819e-07 1.85421825449339e-07 1.68065938055406e-07 1.68377411569054e-07 1.69964309293391e-07 1.78955872343067e-07 1.89391528238048e-07 2.04509575496559e-07 2.19115023014638e-07 2.32825925650104e-07 2.43776185016031e-07 2.51885751367809e-07 2.52699379643673e-07 2.49068364155391e-07 2.37458863239226e-07 2.23189886128239e-07 2.01457268644845e-07 1.78686676122197e-07 1.55020330794287e-07 1.31745437670361e-07 1.10963441102285e-07 9.25165295484476e-08 8.05699045258734e-08 7.15215549007553e-08
-9999.000000000000000 -9999 -9999 -9999 2.2200545117812e-06 2.20115225602058e-06 2.20143033402564e-06 1.55837983584206e-06 9.1626526455002e-07 6.82198390222766e-07 4.78606580145424e-07 3.91660421428242e-07 3.29621599348684e-07 3.168673856635e-07 3.02819444186753e-07 2.87278709265593e-07 2.5345545395794e-07 2.0707673797915e-07 1.70864552728744e-07 1.38578030828285e-07 1.2126915294175e-07 1.0660336613455e-07 1.072331841101e-07 1.08906121454311e-07 1.16480656231488e-07 1.26226083807524e-07 1.43010424835666e-07 1.61171115564684e-07 1.81733668114248e-07 1.9955338359523e-07 2.14550780697209e-07 2.18605890722756e-07 2.1599504407277e-07 2.0338981698842e-07 1.87453167654894e-07 1.63348985893208e-07 1.38125145099366e-07 1.14176536669675e-07 9.16077240731283e-08 7.78258595346415e-08 6.6091217831854e-08 6.00555480900766e-08 5.55688544068289e-08
-9999 -9999 -9999 -9999 2.25079998017463e-06 2.25846247303707e-06 2.23786878450483e-06 1.465458808525e-06 7.03714647443121e-07 5.31085561306099e-07 3.85078323006383e-07 3.40968341561165e-07 3.11552042830954e-07 3.112104138836e-07 2.98962191891405e-07 2.72975626103289e-07 2.25598341785371e-07 1.63531083785529e-07 1.23906701787746e-07 9.29483476852511e-08 7.94756829236576e-08 6.90887063115042e-08 6.97278252914657e-08 7.10907528400639e-08 7.64733698588316e-08 8.40625062892286e-08 9.880605489343e-08 1.16317323772819e-07 1.38658506898537e-07 1.59249580633514e-07 1.7803985485898e-07 1.83944990794771e-07 1.82000619020073e-07 1.68839605407811e-07 1.51939744341689e-07 1.28021909517884e-07 1.03166136966593e-07 8.27608346298803e-08 6.40252153516485e-08 5.59226442931049e-08 4.93631837628072e-08 4.70993626322525e-08 4.5495013978325e-08
-9999 -9999 -9999 -9999 2.27562372856482e-06 2.29278498409258e-06 2.31397530114918e-06 1.47654077409243e-06 6.51537106932665e-07 5.02271745972394e-07 3.75862072132804e-07 3.36933965172648e-07 3.12007358616029e-07 3.14785808086526e-07 2.9622805186591e-07 2.53051581466934e-07 1.9425147002039e-07 1.24721879046774e-07 9.14565916332322e-08 7.2194296762973e-08 6.58119319041361e-08 6.17024795701582e-08 6.19621047803776e-08 6.25167473344845e-08 6.47325606450977e-08 6.83209790963701e-08 7.63599388164948e-08 8.79319657087763e-08 1.05669521133223e-07 1.23876219504382e-07 1.42565639293935e-07 1.48570251212732e-07 1.4684738403048e-07 1.33684039838045e-07 1.1670722699364e-07 9.61938084742542e-08 7.5255563558585e-08 6.32064427463774e-08 5.22381782275261e-08 4.81531969853677e-08 4.48351364923383e-08 4.36519940194557e-08 4.28172626243395e-08
-9999 -9999 -9999 -9999 2.29278498409258e-06 2.31843591791403e-06 2.34854746850033e-06 1.51658457525627e-06 6.96176812198246e-07 5.24781626154436e-07 3.80445499104098e-07 3.39679814942428e-07 3.14074981133672e-07 3.18469204785288e-07 2.94497681352368e-07 2.37796513147259e-07 1.7252688166991e-07 1.013729260535e-07 7.33570288957708e-08 6.19983211436193e-08 5.94390670016764e-08 5.84326400598911e-08 5.85143631326446e-08 5.86851172101888e-08 5.93992339759097e-08 6.09712742516422e-08 6.53250467053113e-08 7.29667704035819e-08 8.63462616962352e-08 1.0077354772875e-07 1.16279004203079e-07 1.20480379450782e-07 1.17795394771747e-07 1.05602552480377e-07 9.02404408975599e-08 7.4372195513206e-08 5.84996300290186e-08 5.1746937401731e-08 4.56552093908158e-08 4.37726939139793e-08 4.22505941344298e-08 4.17318126721966e-08 4.13867198290063e-08
-9999 -9999 -9999 -9999 2.31992271437775e-06 2.34854746850033e-06 1.59352873652097e-06 1.57835006575624e-06 8.13430517609959e-07 5.85784789564059e-07 3.95378805251312e-07 3.47510933806916e-07 3.1735189054416e-07 3.22233603355926e-07 2.93520173499928e-07 2.26043198381376e-07 1.58019119567143e-07 8.96193341759499e-08 6.60205117242185e-08 5.97210103592261e-08 5.85344324122161e-08 5.82501300527838e-08 5.83051438241e-08 5.84103183598472e-08 5.88715920457616e-08 5.99155285385677e-08 6.28486986897769e-08 6.80668250652161e-08 7.72724249031853e-08 8.6874038629503e-08 9.68831415093518e-08 9.78542189500331e-08 9.33194002072923e-08 8.28266948360579e-08 7.03480509400833e-08 6.00555623009313e-08 5.01097936478345e-08 4.63586893317824e-08 4.2975337066764e-08 4.19339265533836e-08 4.11237017772237e-08 4.09570404258375e-08 4.0891599439874e-08
-9999 -9999 -9999 -9999 2.34854746850033e-06 1.51574477058602e-06 1.15956322588318e-06 9.30632950257859e-07 9.00427437500184e-07 6.29691669473686e-07 4.0441241822009e-07 3.53121293983349e-07 3.20882207915929e-07 3.26341790923834e-07 2.95174601205872e-07 2.21745864337208e-07 1.51874218090597e-07 8.44454106641024e-08 6.28113383527307e-08 5.88603086271178e-08 5.82189265685429e-08 5.81615928751944e-08 5.83534358611359e-08 5.85984913925586e-08 5.9241504146712e-08 6.03175891455976e-08 6.27978451461786e-08 6.66576696062293e-08 7.29249336473003e-08 7.86209142233929e-08 8.37290485833364e-08 8.21394863237401e-08 7.64697318800245e-08 6.79631142475046e-08 5.85108779205257e-08 5.18943821248286e-08 4.56992488295782e-08 4.35954810029671e-08 4.17105354699743e-08 4.12191312193499e-08 4.08709865951096e-08 4.0921662503024e-08 4.10388700800013e-08
-9999 -9999 -9999 -9999 -9999 1.03150398444996e-06 9.61339424065955e-07 9.6970654794859e-07 9.74456952462788e-07 6.66271546378994e-07 4.10917522231102e-07 3.57779867954378e-07 3.24521153061141e-07 3.3059731663343e-07 2.9795702971569e-07 2.20643997295156e-07 1.49313478914337e-07 8.20913896859565e-08 6.13710469110629e-08 5.86067372410071e-08 5.81559049805946e-08 5.81133292598679e-08 5.85120965013175e-08 5.89850905896583e-08 5.99960898739482e-08 6.13444228747539e-08 6.37865156249973e-08 6.67445831936675e-08 7.06030576225203e-08 7.27877136341704e-08 7.32500424760474e-08 6.93868358325744e-08 6.28885530318257e-08 5.64905562328022e-08 5.01259940222099e-08 4.63712943599148e-08 4.29941415802659e-08 4.19573069621038e-08 4.10522034144378e-08 4.09860412275975e-08 4.0992926386707e-08 4.12031724295048e-08 4.14614547139536e-08
-9999 -9999 -9999 -9999 -9999 9.58702912612353e-07 9.73609417087573e-07 9.83678887678252e-07 9.61552586886683e-07 6.58471776660008e-07 4.08048549616069e-07 3.59176112851856e-07 3.28879934841098e-07 3.35340928359074e-07 3.0326117439472e-07 2.2671140698094e-07 1.53576152683854e-07 8.27858031016149e-08 6.12999286886406e-08 5.88523363376225e-08 5.84442965134713e-08 5.83961679012646e-08 5.88005057977625e-08 5.92782747332876e-08 6.02854015596677e-08 6.14457107417365e-08 6.31026821906744e-08 6.47131201958473e-08 6.62423573771775e-08 6.62157688680054e-08 6.45882636263195e-08 6.06233641065046e-08 5.52345404969401e-08 5.06097137531469e-08 4.62395526312775e-08 4.39349676639722e-08 4.19269845508552e-08 4.14640339840844e-08 4.10807885486975e-08 4.12051370801692e-08 4.13722496261926e-08 4.16584136075926e-08 4.19866985623685e-08
-9999 -9999 -9999 -9999 -9999 9.24634264265478e-07 9.41159839840111e-07 9.67442701949039e-07 9.30661485654127e-07 6.4148986211876e-07 4.03240079549505e-07 3.5989742741549e-07 3.33387674800179e-07 3.40185522418324e-07 3.09087056393764e-07 2.34262145681896e-07 1.59250618025908e-07 8.41109297766707e-08 6.15120896441113e-08 5.92012163735944e-08 5.88053907790709e-08 5.87475135205295e-08 5.91157629514782e-08 5.9552135667218e-08 6.04784489155463e-08 6.13554931305771e-08 6.2072807338609e-08 6.22433731223282e-08 6.14598221204687e-08 5.94909757012374e-08 5.63024791233602e-08 5.26852588222937e-08 4.88068714332712e-08 4.58858053775657e-08 4.32838405117764e-08 4.21372980952128e-08 4.11987208792652e-08 4.12076452960264e-08 4.12514999936775e-08 4.15177900947583e-08 4.18048244910096e-08 4.21495975899688e-08 4.25331805331552e-08
-9999 -9999 -9999 -9999 -9999 -9999 8.59133649555588e-07 8.72357929893042e-07 8.51663457979157e-07 5.99578356741404e-07 3.92764150092262e-07 3.59228010893275e-07 3.38693865842288e-07 3.43886938480864e-07 3.13746539859494e-07 2.42836819097647e-07 1.66725740768925e-07 8.70426291044168e-08 6.266180463399e-08 5.96352407455925e-08 5.9070902835856e-08 5.89410760198916e-08 5.88546633650822e-08 5.88034048121244e-08 5.90371520559074e-08 5.91877764577475e-08 5.90688955526275e-08 5.84731232322611e-08 5.70451419434903e-08 5.49259198123764e-08 5.20954266391982e-08 4.91566964910817e-08 4.6152035082514e-08 4.40984599947569e-08 4.23619113121276e-08 4.17397494345551e-08 4.12758005552405e-08 4.1395129102284e-08 4.15409076026663e-08 4.18551593384109e-08 4.21886205970168e-08 4.2575567960057e-08 4.29875512963918e-08
