Ecospace-environmental-drivers/Outputs/ASCII-for-ecospace/MOM6-ISIMIP3a/chl/1986-10_chl_MOM6-ISIMIP3a.asc
NCOLS 131 
NROWS 53 
XLLCORNER -98 
YLLCORNER 23.9265270233154 
CELLSIZE 0.133587792515755 
NODATA_value -9999 
[rows 0 to 18 of 53, columns 43 to 85 of 131]
-9999 -9999 -9999 -9999 -9999 -9999 -9999 -9999 -9999 -9999 -9999 -9999 -9999 -9999 -9999 -9999 -9999 -9999 -9999 -9999 -9999 -9999 -9999 -9999 -9999 -9999 -9999 -9999 -9999 -9999 -9999 -9999 -9999 -9999 -9999 -9999 -9999 -9999 -9999 -9999 -9999 -9999 -9999
-9999 -9999 -9999 -9999 -9999 -9999 -9999 -9999 -9999 -9999 -9999 -9999 -9999 -9999 -9999 -9999 -9999 -9999 -9999 -9999 -9999 -9999 -9999 -9999 -9999 -9999 -9999 -9999 -9999 -9999 -9999 -9999 -9999 -9999 -9999 -9999 -9999 -9999 -9999 -9999 -9999 -9999 -9999
-9999 -9999 -9999 -9999 -9999 -9999 -9999 -9999 -9999 -9999 -9999 -9999 -9999 -9999 -9999 -9999 -9999 -9999 -9999 -9999 -9999 -9999 -9999 -9999 -9999 -9999 -9999 -9999 -9999 -9999 -9999 2.39568453253014e-06 2.33097443924635e-06 -9999 -9999 -9999 -9999 -9999 -9999 -9999 -9999 -9999 -9999
-9999 -9999 -9999 -9999 -9999 -9999 -9999 -9999 -9999 -9999 -9999 -9999 -9999 -9999 -9999 -9999 -9999 -9999 -9999 -9999 -9999 -9999 -9999 -9999 -9999 -9999 -9999 -9999 -9999 -9999 -9999 2.40379449678585e-06 2.34987601288594e-06 -9999 -9999 -9999 -9999 -9999 -9999 -9999 -9999 -9999 -9999
-9999 -9999 -9999 -9999 -9999 -9999 -9999 -9999 -9999 -9999 -9999 -9999 -9999 -9999 -9999 -9999 -9999 -9999 -9999 -9999 -9999 -9999 2.55733471021813e-06 2.55491249845363e-06 2.55297459261783e-06 2.54167116509052e-06 2.52930976785137e-06 2.5023543912539e-06 2.47508978645783e-06 2.45221826844499e-06 2.43355884776975e-06 2.41437146542012e-06 2.36345294979401e-06 2.2718036234437e-06 -9999 -9999 1.42216083531821e-06 9.81472339844913e-07 6.01834642566246e-07 3.42427370014775e-07 2.33077415145999e-07 1.75620513687136e-07 1.64026289439789e-07
-9999 -9999 -9999 -9999 -9999 -9999 -9999 -9999 -9999 -9999 -9999 -9999 -9999 -9999 -9999 -9999 -9999 -9999 2.54195947491098e-06 -9999 2.54962606049958e-06 2.55599297815934e-06 2.55796248893603e-06 2.55733471021813e-06 2.55442796515126e-06 2.55297459261783e-06 2.53036751018954e-06 2.50458720074676e-06 2.47210823545174e-06 2.44857415054867e-06 2.43597241933458e-06 2.41612974605232e-06 2.39101245824713e-06 2.28321687245625e-06 2.14118131225405e-06 1.82310873242386e-06 1.47043147080694e-06 9.72942302723823e-07 5.01043359690811e-07 3.31518293705813e-07 1.94720485069411e-07 1.72993466662774e-07 1.59147575118368e-07
-9999 -9999 -9999 -9999 -9999 -9999 -9999 -9999 -9999 -9999 -9999 -9999 -9999 -9999 2.7877913453267e-06 2.78482070825703e-06 2.78211746262969e-06 2.77339700005541e-06 2.65338076133048e-06 2.54115366260521e-06 2.54276528721675e-06 2.55011968874896e-06 2.55599297815934e-06 2.56056000580429e-06 2.55733471021813e-06 2.55297459261783e-06 2.53036751018954e-06 2.50458720074676e-06 2.47210823545174e-06 2.44857415054867e-06 2.43597241933458e-06 2.41612974605232e-06 2.39101245824713e-06 2.28321687245625e-06 2.14118131225405e-06 1.82310873242386e-06 1.47043147080694e-06 9.72942302723823e-07 5.01043359690811e-07 3.31518293705813e-07 1.94720485069411e-07 1.72993466662774e-07 1.59147575118368e-07
-9999 -9999 -9999 -9999 -9999 -9999 -9999 -9999 -9999 -9999 -9999 -9999 -9999 -9999 2.80371909866517e-06 2.7877913453267e-06 2.78184984381369e-06 -9999 2.7616297302302e-06 2.64464415522525e-06 2.53954181061999e-06 2.54276528721675e-06 2.55160057349713e-06 2.55599297815934e-06 2.56835232903541e-06 2.56174257629027e-06 2.47574439526943e-06 2.39582118410908e-06 2.32872230299108e-06 2.28758631237724e-06 2.27818281928194e-06 2.24536734094727e-06 2.19549883695436e-06 2.06193567464652e-06 1.89371178294095e-06 1.605602278687e-06 1.29392617509438e-06 8.86330724370055e-07 4.97461087434203e-07 3.26220600754823e-07 1.88395574696187e-07 1.68060935834546e-07 1.55493410147756e-07
-9999 -9999 2.58642307926493e-06 -9999 -9999 -9999 -9999 -9999 -9999 -9999 -9999 -9999 -9999 -9999 -9999 -9999 -9999 -9999 2.76643390861864e-06 2.7425467123976e-06 2.63193260252592e-06 2.53631833402324e-06 2.54276528721675e-06 2.55604345511529e-06 2.58064824265603e-06 2.57060651165375e-06 2.41556517721619e-06 2.27659938900615e-06 2.17156980397704e-06 2.11050678444735e-06 2.10317966775619e-06 2.05529113372904e-06 1.97785811906215e-06 1.81658140263607e-06 1.62058188379888e-06 1.3657104318554e-06 1.09926622826606e-06 7.89952991908649e-07 4.91926414269983e-07 3.1966564506547e-07 1.8140625002161e-07 1.62697347150242e-07 1.51578916529616e-07
-9999 2.58642307926493e-06 2.57250576396473e-06 2.56356656791468e-06 2.5632450615376e-06 -9999 -9999 -9999 -9999 -9999 -9999 -9999 -9999 -9999 2.73992827715119e-06 2.82004521068302e-06 -9999 -9999 -9999 2.74748481388087e-06 2.71612998403725e-06 2.61696459347149e-06 2.52987160820339e-06 2.53056464316614e-06 2.55996633313771e-06 2.54960764323187e-06 2.37284780268965e-06 2.21281175072363e-06 2.08808114621206e-06 1.99451505977777e-06 1.93903815670637e-06 1.85367571248207e-06 1.74654519469186e-06 1.58873854161357e-06 1.40994518460502e-06 1.186458803204e-06 9.54186702983861e-07 6.88741238263901e-07 4.33536712307614e-07 2.90374202904786e-07 1.75722036033221e-07 1.61313693070042e-07 1.52619449522717e-07
2.56989642366534e-06 2.57779356616084e-06 2.56420935329515e-06 2.56159705713799e-06 2.56489306593721e-06 2.56513635576994e-06 -9999 -9999 -9999 -9999 -9999 -9999 -9999 -9999 2.71006365437643e-06 2.77869662568264e-06 2.82004521068302e-06 -9999 -9999 2.74025978796999e-06 2.71440353571961e-06 2.69372640104848e-06 2.60405613516923e-06 2.51697292696917e-06 2.53652933679405e-06 2.51507776738435e-06 2.32200363825541e-06 2.14415035770799e-06 1.99842907022685e-06 1.87251669103716e-06 1.77081471974816e-06 1.65315555022971e-06 1.52387337948312e-06 1.37401184474584e-06 1.21562777621875e-06 1.02408387192554e-06 8.26021619104722e-07 6.03216903982684e-07 3.89338026707264e-07 2.71604704948913e-07 1.77003556700583e-07 1.63736288527616e-07 1.55257097844697e-07
2.5690533220768e-06 2.57069609688187e-06 2.56236921813979e-06 2.56159705713799e-06 2.56489306593721e-06 2.56562293543539e-06 2.56038879342668e-06 2.55518625635887e-06 -9999 -9999 -9999 -9999 -9999 -9999 -9999 2.77122876468638e-06 2.80952303910453e-06 2.82004521068302e-06 2.7877913453267e-06 2.74025978796999e-06 2.71440353571961e-06 2.69372640104848e-06 2.63198103311879e-06 2.56714065471897e-06 2.49831327892025e-06 2.40796839534596e-06 2.2275701212493e-06 2.04934758585296e-06 1.87571822607424e-06 1.71830038198095e-06 1.58069610733946e-06 1.4585089047614e-06 1.34755123326613e-06 1.22963763260486e-06 1.1088434348494e-06 9.52233392581547e-07 7.88582781297009e-07 6.01836745772744e-07 4.21257283278464e-07 3.09273019638567e-07 2.15647986578915e-07 1.8657492262264e-07 1.66461305184384e-07
2.55909708357649e-06 2.56626321970543e-06 2.56475482274254e-06 2.56558564615261e-06 2.56767589235096e-06 2.56347675531288e-06 2.5574886421964e-06 2.55496706813574e-06 -9999 -9999 -9999 -9999 2.57679653259402e-06 2.64461891674728e-06 2.71350313596486e-06 2.78384527518938e-06 2.81633811027859e-06 2.81786378764082e-06 2.78167999567813e-06 2.72763418251998e-06 2.69946167463786e-06 2.67747122961737e-06 2.63980587078549e-06 2.59430385085579e-06 2.45041587731976e-06 2.29904890147736e-06 2.11638257496816e-06 1.93213645616197e-06 1.74455465185019e-06 1.57116789978318e-06 1.41513032758667e-06 1.29404634208186e-06 1.19842184176377e-06 1.1057569508921e-06 1.0143177178179e-06 8.87576959485159e-07 7.53896870264725e-07 5.98771407567256e-07 4.47708771389443e-07 3.44093336934748e-07 2.53924213211576e-07 2.11032968877589e-07 1.7999661849899e-07
2.52635732067574e-06 2.56849284596683e-06 2.57770579992211e-06 2.5795457077038e-06 2.57741589848592e-06 2.56861881098303e-06 2.55792565440061e-06 2.55496706813574e-06 2.55310328611813e-06 2.55942609328486e-06 2.5640274543548e-06 2.55987220043608e-06 2.57679653259402e-06 2.64461891674728e-06 2.71350313596486e-06 2.78384527518938e-06 2.81459847428778e-06 2.81296115645091e-06 2.76028936241346e-06 2.68344388132391e-06 2.64716459241754e-06 2.62057778854796e-06 2.59737885244249e-06 2.56395469477866e-06 2.3783138658473e-06 2.18560398934642e-06 1.96331006918626e-06 1.75890340869955e-06 1.59225885454362e-06 1.44174555316567e-06 1.31094805055909e-06 1.20504546430311e-06 1.11727581497689e-06 1.03311094790115e-06 9.50439073221787e-07 8.409062957071e-07 7.26093333014433e-07 5.9149306252948e-07 4.60490639397904e-07 3.71793561271261e-07 2.91279917519205e-07 2.39539645008335e-07 1.99359845964864e-07
2.50126799983263e-06 2.57499459621613e-06 2.60543197327934e-06 2.61481500274385e-06 2.61286118075077e-06 2.59822127191001e-06 2.57997339758731e-06 2.57755232269119e-06 2.57720171248366e-06 2.58901945926482e-06 2.59770445154572e-06 2.59045373240951e-06 2.59919579548296e-06 2.64655363935162e-06 2.69573502009735e-06 2.74741933026235e-06 2.76387027042801e-06 2.75149386652629e-06 2.69160022980941e-06 2.60919864558673e-06 2.55665690929163e-06 2.51124947681092e-06 2.48388914769748e-06 2.44542115979129e-06 2.227234062957e-06 2.00571116693027e-06 1.77022729985765e-06 1.56169562615105e-06 1.41006182730052e-06 1.28023793877219e-06 1.17707020308444e-06 1.08979611468385e-06 1.01409864328161e-06 9.39080791795277e-07 8.64344485762558e-07 7.69492942254146e-07 6.7068719999952e-07 5.58948897833034e-07 4.50417189767904e-07 3.77888312641517e-07 3.09294790667991e-07 2.54538065291854e-07 2.10809531608902e-07
2.48699507210404e-06 2.58753698290093e-06 2.65404764832056e-06 2.68021108240646e-06 2.68464896180376e-06 2.66240613200353e-06 2.63257493315905e-06 2.63206879935751e-06 2.63537094724597e-06 2.66045231001044e-06 2.67899440586916e-06 2.66427196038421e-06 2.65326366388763e-06 2.65122389464523e-06 2.65284552369849e-06 2.65949370259477e-06 2.64388063442311e-06 2.61005425272742e-06 2.55603936238913e-06 2.49246159000904e-06 2.41212660512247e-06 2.32778779718501e-06 2.26992983698437e-06 2.20221136260079e-06 1.96449423128797e-06 1.73187299878919e-06 1.52057793911808e-06 1.33059177187533e-06 1.18559012207697e-06 1.07336768451205e-06 1.00120837487339e-06 9.37436368531053e-07 8.79773494943947e-07 8.14817326499906e-07 7.46840669307858e-07 6.63097978303995e-07 5.76256127260422e-07 4.90683646603429e-07 4.0803053025229e-07 3.53436917066574e-07 2.99965250860623e-07 2.50438233706518e-07 2.11070926070533e-07
2.37630024457758e-06 2.48598917096388e-06 2.57585520557768e-06 2.62839625975175e-06 2.66083907263237e-06 2.63996275862155e-06 2.60392243944807e-06 2.59931471191521e-06 2.59855801232334e-06 2.61491436504002e-06 2.62516050497652e-06 2.60432375398523e-06 2.580042973932e-06 2.54744645644678e-06 2.51819687946409e-06 2.49354229708842e-06 2.46008085014182e-06 2.4194141587941e-06 2.3585337203258e-06 2.2880783490109e-06 2.19100161302777e-06 2.0875640984741e-06 2.01119155462948e-06 1.92744596461125e-06 1.70932685250591e-06 1.49593211062893e-06 1.3023092151343e-06 1.12585371425666e-06 9.85640213002625e-07 8.90917760898446e-07 8.51794823120144e-07 8.07040635208978e-07 7.58184796723071e-07 6.95568246555922e-07 6.2725297311772e-07 5.53410302472912e-07 4.7848106987658e-07 4.1476977230559e-07 3.53790795770692e-07 3.15444992793346e-07 2.77018727956602e-07 2.38309610267606e-07 2.07542896646373e-07
2.18440641219786e-06 2.28836393034726e-06 2.39087535192084e-06 2.47787579610304e-06 2.55652457781252e-06 2.54456836046302e-06 2.50684433922288e-06 2.49306822297513e-06 2.48175911110593e-06 2.47087314164673e-06 2.45753585659259e-06 2.43172848968243e-06 2.39963037529378e-06 2.3523430172645e-06 2.30627574637765e-06 2.26188353735779e-06 2.22254493564833e-06 2.18734089685313e-06 2.1088628727739e-06 2.00988688447978e-06 1.90537480193598e-06 1.79953997303528e-06 1.71474368926283e-06 1.62610706411215e-06 1.46053628213849e-06 1.29190516418021e-06 1.11046654183156e-06 9.43318923418701e-07 8.06340722192544e-07 7.29032592516887e-07 7.24653773431783e-07 6.95141181950021e-07 6.47321542146528e-07 5.8054195051227e-07 5.05910350057093e-07 4.40949690982961e-07 3.77890103209211e-07 3.32414970216632e-07 2.89569413780555e-07 2.66050307118348e-07 2.42605096900661e-07 2.19419803215715e-07 2.00823691898222e-07
1.91578146768734e-06 2.00285421669832e-06 2.08940468837682e-06 2.17320507545082e-06 2.25552457777667e-06 2.23202255256183e-06 2.17842489291797e-06 2.16433363675606e-06 2.15396016756131e-06 2.13478438126913e-06 2.11473343370017e-06 2.0902307369397e-06 2.06078561859613e-06 2.01940633814957e-06 1.98146062757587e-06 1.94822882804147e-06 1.92714605873334e-06 1.91600338439457e-06 1.85737246738427e-06 1.77624724528869e-06 1.6818167978272e-06 1.5842073253225e-06 1.51055144215206e-06 1.43409738484479e-06 1.2929635886394e-06 1.14512840809766e-06 9.69248048932059e-07 8.08839217825152e-07 6.81092046761478e-07 6.10607230555615e-07 6.10108656928787e-07 5.79797017508099e-07 5.27770055214205e-07 4.59995078472275e-07 3.85698314175897e-07 3.39500076051991e-07 2.98825312938789e-07 2.72606911266848e-07 2.48043079409399e-07 2.34412695476749e-07 2.20995900690468e-07 2.08330064310758e-07 1.97623279518666e-07
