Ecospace-environmental-drivers/Outputs/ASCII-for-ecospace/MOM6-ISIMIP3a/chl/1986-12_chl_MOM6-ISIMIP3a.asc
NCOLS 131 
NROWS 53 
XLLCORNER -98 
YLLCORNER 23.9265270233154 
CELLSIZE 0.133587792515755 
NODATA_value -9999 
[rows 19 to 37 of 53, columns 43 to 85 of 131]
1.54829763232556e-06 1.58724992616044e-06 1.64983248396311e-06 1.72606746673409e-06 1.80965366780583e-06 1.87866430678696e-06 1.94352969629108e-06 2.00544150175119e-06 2.06639469979564e-06 2.10962843993912e-06 2.15533646041877e-06 2.21363188757095e-06 2.25033249989792e-06 2.23489018935652e-06 2.21312120629591e-06 2.18266700358072e-06 2.20049901145103e-06 2.25783787755063e-06 2.17876299757336e-06 2.03507170226658e-06 1.91229287338501e-06 1.79451080839499e-06 1.59375417752017e-06 1.39016992761753e-06 1.22839571758959e-06 1.07606422261597e-06 9.63251522989594e-07 8.6318874537028e-07 7.90041838172328e-07 7.3107827347485e-07 6.89449620949745e-07 6.57356338251702e-07 6.32208468687168e-07 6.17076864273258e-07 6.06093294663879e-07 6.03736225457396e-07 6.0307490912237e-07 6.15449948782043e-07 6.26588303020981e-07 6.20929085926036e-07 6.08996970186126e-07 5.75009039494034e-07 5.36933328021405e-07
1.43617307912791e-06 1.46670390677173e-06 1.50800656228967e-06 1.56977102960809e-06 1.64255322943063e-06 1.71730562215089e-06 1.79261837729427e-06 1.85058502211177e-06 1.90568607649766e-06 1.93135610970785e-06 1.96226915250008e-06 2.01985244530078e-06 2.05262654162652e-06 2.02549563255161e-06 1.99665214495326e-06 1.96545738617715e-06 1.97390181710944e-06 2.01477814698592e-06 1.94154472410446e-06 1.81426014478347e-06 1.68032602232415e-06 1.54480301262083e-06 1.38208588396083e-06 1.22030803595408e-06 1.09939298909012e-06 9.83101472229464e-07 8.86160080426635e-07 8.02624356310844e-07 7.4738892408277e-07 7.0112048433657e-07 6.65811569433572e-07 6.35738444998424e-07 6.09479002378066e-07 5.91673313010688e-07 5.77368552967528e-07 5.7580064094509e-07 5.76736454149795e-07 5.88175907978439e-07 5.98436997734098e-07 5.93387539993273e-07 5.84283554871945e-07 5.60923865577934e-07 5.35205515461712e-07
1.3307809467733e-06 1.35708728521422e-06 1.3804306036036e-06 1.43087083870341e-06 1.49590141518274e-06 1.57446822868224e-06 1.65688481956749e-06 1.7035812334143e-06 1.74529122887179e-06 1.75109357769543e-06 1.76631294834806e-06 1.82943506388256e-06 1.86398813184496e-06 1.82955852778832e-06 1.79540904809983e-06 1.76164439835702e-06 1.75440732164134e-06 1.7688745401756e-06 1.70366820384515e-06 1.60072215749096e-06 1.45891704050882e-06 1.30782711948996e-06 1.17993783987913e-06 1.05655260540516e-06 9.75525722424209e-07 8.94990932920336e-07 8.16515409951535e-07 7.51013942590362e-07 7.12901680799405e-07 6.77848731811537e-07 6.46534829229495e-07 6.16228419403342e-07 5.86655858114682e-07 5.64461856811249e-07 5.45323587175517e-07 5.45108264304872e-07 5.48612661077641e-07 5.60207809030544e-07 5.70655743103998e-07 5.66969617921131e-07 5.61306080726354e-07 5.48689797597035e-07 5.34970638454979e-07
1.28412318645132e-06 1.31446006434999e-06 1.3541505268222e-06 1.3995413610246e-06 1.44800151247182e-06 1.50967468925955e-06 1.57510567078134e-06 1.62381695645308e-06 1.66933614309528e-06 1.67487951330259e-06 1.68471319739183e-06 1.71637111634482e-06 1.73062574049254e-06 1.70285841250006e-06 1.67115592830669e-06 1.63405081821111e-06 1.61038781243406e-06 1.59772264396452e-06 1.53993914864259e-06 1.46078400575789e-06 1.33499145249516e-06 1.19805565645947e-06 1.09303255158011e-06 9.92594436866057e-07 9.26981897464429e-07 8.60413194914145e-07 7.89842772519478e-07 7.28348879874829e-07 6.86016278450552e-07 6.47233548534132e-07 6.1278956309252e-07 5.81025062729168e-07 5.51212337995821e-07 5.27266706740193e-07 5.05750847423769e-07 5.04509671372944e-07 5.07254014792125e-07 5.25207269674866e-07 5.42504153600021e-07 5.47887339052977e-07 5.51079494925943e-07 5.46567548553867e-07 5.39931420462381e-07
1.24037671866972e-06 1.27519717807445e-06 1.33275898406282e-06 1.374279349875e-06 1.40716235819127e-06 1.45086983138754e-06 1.4976559441493e-06 1.54808810748364e-06 1.59734395310807e-06 1.60476326982462e-06 1.61061154813069e-06 1.60846855123964e-06 1.60075671828963e-06 1.57959811986075e-06 1.55079919750278e-06 1.51151107274927e-06 1.47304842812446e-06 1.43526142437622e-06 1.3848226672053e-06 1.32839102207072e-06 1.22107155675621e-06 1.10159305677371e-06 1.01761077075935e-06 9.37860590966011e-07 8.84215410223987e-07 8.28538816222135e-07 7.64360720495461e-07 7.05366289821541e-07 6.57314899399353e-07 6.13951101513521e-07 5.76316494971252e-07 5.43399607977335e-07 5.13919076183811e-07 4.88747900817543e-07 4.65361438273248e-07 4.62885168417415e-07 4.64519331444535e-07 4.89333160658134e-07 5.1401144673946e-07 5.28980649505684e-07 5.41372344287083e-07 5.44701606486342e-07 5.44648514733126e-07
1.17011541078682e-06 1.20641334433458e-06 1.26345037188003e-06 1.3125900295563e-06 1.35747711738077e-06 1.39181690883561e-06 1.42315707307716e-06 1.45359479120089e-06 1.48355741202977e-06 1.50318828673335e-06 1.51507163081988e-06 1.48754418205499e-06 1.4583672509616e-06 1.42520775625599e-06 1.39700614454341e-06 1.37561107749207e-06 1.35013453927968e-06 1.32131879126973e-06 1.27770283597783e-06 1.22707649552467e-06 1.14851115995407e-06 1.06327024695929e-06 9.85393853625283e-07 9.08658535081486e-07 8.41167604903603e-07 7.73319527525018e-07 7.03976695604069e-07 6.40400571683131e-07 5.88998318562517e-07 5.45976831745065e-07 5.13198415319494e-07 4.85727696286631e-07 4.62123040279039e-07 4.41060990397091e-07 4.2105190800612e-07 4.1690589114296e-07 4.15878162129957e-07 4.47971302719452e-07 4.80360426990956e-07 5.03658441175503e-07 5.24051245065493e-07 5.3422911605594e-07 5.38748508915887e-07
1.0968329888783e-06 1.13530188627919e-06 1.19194226044783e-06 1.24615860386257e-06 1.29906970869342e-06 1.32115235373931e-06 1.33446724248643e-06 1.3474926845447e-06 1.36091125568782e-06 1.38574091579358e-06 1.39909764129698e-06 1.35409254653496e-06 1.30939622522419e-06 1.2654454621952e-06 1.23629752124543e-06 1.22747167097259e-06 1.21192726965091e-06 1.19088599603856e-06 1.15355464913591e-06 1.10850692180975e-06 1.05312369669264e-06 9.95270852399699e-07 9.22047320273123e-07 8.47694707317714e-07 7.7227855399542e-07 6.98318103786733e-07 6.3044996068129e-07 5.68253199162427e-07 5.18029253271379e-07 4.7810533487791e-07 4.50770102133902e-07 4.28865206458795e-07 4.10915674819989e-07 3.94030962524994e-07 3.7758726989523e-07 3.720411143604e-07 3.68637188330467e-07 4.05707680783962e-07 4.43686360540596e-07 4.758943532579e-07 5.04536615153484e-07 5.20641719958803e-07 5.29443354935211e-07
1.01030491350684e-06 1.05398487448838e-06 1.11078952613752e-06 1.15893487873109e-06 1.20241770673601e-06 1.19957360311673e-06 1.18355410450022e-06 1.19048991109594e-06 1.19941807952273e-06 1.19869730497157e-06 1.19352557703678e-06 1.1657124332487e-06 1.13156636416534e-06 1.0821290743479e-06 1.04526588984299e-06 1.02566548321192e-06 1.00666284197359e-06 9.88149281511141e-07 9.54741608438781e-07 9.14278871277929e-07 8.57645545693231e-07 7.97148516085144e-07 7.22206493719568e-07 6.47464787562058e-07 5.90082720464125e-07 5.3657731768908e-07 4.9929599299503e-07 4.64616562112496e-07 4.35429939216192e-07 4.10684236840098e-07 3.91366228313927e-07 3.75551849174371e-07 3.62289483746281e-07 3.49881418060249e-07 3.37827117391498e-07 3.32063137875593e-07 3.27535644828458e-07 3.59490002210805e-07 3.93757460415145e-07 4.37423267385384e-07 4.75404107191935e-07 4.93396214551467e-07 5.05207253809203e-07
8.99078088423266e-07 9.45464250889927e-07 1.00047384421487e-06 1.039203880282e-06 1.06916809272661e-06 1.05045819509542e-06 1.01790521966905e-06 1.01825241927145e-06 1.02102296750672e-06 9.98299924503954e-07 9.76197611635143e-07 9.57252836997213e-07 9.29479824662849e-07 8.80389961821493e-07 8.40037955640582e-07 8.11681900358963e-07 7.88174645549589e-07 7.68634606629348e-07 7.38689664103731e-07 7.03816112945788e-07 6.54124619359209e-07 6.00892576585466e-07 5.37630398866895e-07 4.75398792332271e-07 4.38197247376593e-07 4.0538643020227e-07 3.90951186091115e-07 3.7676144870602e-07 3.63090038035807e-07 3.49893468865048e-07 3.37277214157439e-07 3.27100877939301e-07 3.18701751211847e-07 3.1089359708858e-07 3.03330153883508e-07 2.98128895792615e-07 2.93391991590397e-07 3.18165149337801e-07 3.46194724443194e-07 3.95359563754027e-07 4.38946216263503e-07 4.62919672372664e-07 4.80196320040704e-07
7.33962622234685e-07 7.77589775680099e-07 8.26528889774636e-07 8.48546619636181e-07 8.56068368193519e-07 8.41261908135493e-07 8.2010529922627e-07 8.12775056147075e-07 8.05750346444256e-07 7.68766710734781e-07 7.33220019810688e-07 7.04982937804743e-07 6.74468537908979e-07 6.38455333046295e-07 6.03835587753565e-07 5.71128907722596e-07 5.40834207640728e-07 5.12512940531451e-07 4.85025054786092e-07 4.57931946584722e-07 4.33055561188667e-07 4.08708871191266e-07 3.86359658932633e-07 3.64782465567259e-07 3.52444516238393e-07 3.40850903057799e-07 3.32372536604453e-07 3.23339321539606e-07 3.13134648877167e-07 3.0356903835127e-07 2.94784427978811e-07 2.89258878183318e-07 2.86107166402871e-07 2.83167935322126e-07 2.80316669432068e-07 2.77381275282096e-07 2.74429311275526e-07 2.87515774743952e-07 3.03794649880729e-07 3.45457266348603e-07 3.86505490723721e-07 4.25393409386743e-07 4.53494749308447e-07
5.72885198835138e-07 6.10045503890433e-07 6.49899163818191e-07 6.61461740492086e-07 6.57790735658637e-07 6.46608782517433e-07 6.33290710538859e-07 6.20781804627768e-07 6.07458559898078e-07 5.69913140680001e-07 5.3373810260382e-07 5.04533886669378e-07 4.76156742479361e-07 4.49776564437343e-07 4.22058633375855e-07 3.92504148294393e-07 3.64514249895365e-07 3.37804436867373e-07 3.1710240477878e-07 2.99246124768615e-07 2.90659016854988e-07 2.84286670648726e-07 2.84623695279151e-07 2.8542859809022e-07 2.86334625343443e-07 2.86284517869717e-07 2.82233116877251e-07 2.77345037602572e-07 2.7069071961705e-07 2.64913950331902e-07 2.6020967425211e-07 2.58683940046467e-07 2.59473438291025e-07 2.60494658732568e-07 2.61611859286859e-07 2.60947217611829e-07 2.59932306789779e-07 2.64839059127553e-07 2.72438029469413e-07 3.04194571754124e-07 3.38887076622996e-07 3.83902658995794e-07 4.18305461380442e-07
4.168879286226e-07 4.42916643805802e-07 4.69891745069617e-07 4.78871129416802e-07 4.78160643524461e-07 4.70252160766904e-07 4.60296575965913e-07 4.45752817768152e-07 4.30530150197228e-07 4.09657189948121e-07 3.88977355214593e-07 3.69279888445817e-07 3.49177668113043e-07 3.28098110458086e-07 3.08753357103342e-07 2.91790342998866e-07 2.77543989568585e-07 2.65520355924309e-07 2.57050089658151e-07 2.5026298544617e-07 2.47238943984485e-07 2.4511402330063e-07 2.45206507543116e-07 2.45405487930839e-07 2.44937041316007e-07 2.44260178305922e-07 2.42710854081452e-07 2.40695641195998e-07 2.37696852423142e-07 2.35907521073386e-07 2.35596402831106e-07 2.37251569501495e-07 2.40338948742647e-07 2.44177755348574e-07 2.48327722829345e-07 2.49939972718494e-07 2.5105339318543e-07 2.5219256372111e-07 2.54975020652637e-07 2.73801191497114e-07 2.97335560617285e-07 3.37424239660322e-07 3.72437938267467e-07
3.19901403145195e-07 3.35553778540998e-07 3.52015717908216e-07 3.57882157686618e-07 3.58043394044216e-07 3.53862532165294e-07 3.48446747011621e-07 3.3653867603789e-07 3.23984238548292e-07 3.11920160811496e-07 2.99656107927149e-07 2.86374785218868e-07 2.72565955583559e-07 2.57483407040127e-07 2.44891651846046e-07 2.35719397778666e-07 2.29343029900519e-07 2.25254197516733e-07 2.22615568645779e-07 2.20663878280902e-07 2.20038714360271e-07 2.19730509343208e-07 2.19921005850665e-07 2.20109939164104e-07 2.19777405163768e-07 2.19488129005185e-07 2.19379913346529e-07 2.19099490550434e-07 2.1845551145816e-07 2.18810754404331e-07 2.2038729241558e-07 2.23384716946384e-07 2.27417103815242e-07 2.32376564213155e-07 2.37719973483763e-07 2.40711301557894e-07 2.43240236841302e-07 2.43528461396636e-07 2.44647679892296e-07 2.54695464718679e-07 2.69568829480704e-07 3.01409215808235e-07 3.32985479190029e-07
2.67173533075038e-07 2.7301598493068e-07 2.80738845503947e-07 2.83094976794018e-07 2.82561387621172e-07 2.8244872396499e-07 2.82455800970638e-07 2.76686364486523e-07 2.70225882559316e-07 2.61072955254349e-07 2.51915054150231e-07 2.4273188614643e-07 2.3373030444418e-07 2.25167099188184e-07 2.18113100913797e-07 2.13131073678596e-07 2.10219454288563e-07 2.09001811413145e-07 2.0739463479913e-07 2.05602972869201e-07 2.05003559017314e-07 2.04689015959048e-07 2.05234442773872e-07 2.0586026039382e-07 2.0679635781562e-07 2.07655517669991e-07 2.08192602713098e-07 2.08793409228747e-07 2.09528693062566e-07 2.10646362575062e-07 2.12231384466577e-07 2.15192088148797e-07 2.19154799196986e-07 2.2396224608201e-07 2.29119535788413e-07 2.32816518064283e-07 2.3622642686405e-07 2.37851196516203e-07 2.39672175439409e-07 2.44055627263151e-07 2.52140893053365e-07 2.73241795412105e-07 2.98344360771807e-07
2.46312993112952e-07 2.48190985985275e-07 2.5084628418881e-07 2.50507667942657e-07 2.4855697233761e-07 2.48125985535808e-07 2.48127207669313e-07 2.43705528646387e-07 2.38768876670292e-07 2.32151592172158e-07 2.25579157131506e-07 2.19234848941596e-07 2.12985156622381e-07 2.06963960636131e-07 2.02061983145541e-07 1.98696540110177e-07 1.96668111129839e-07 1.95733605323767e-07 1.95012518133808e-07 1.94392526964293e-07 1.95120762214174e-07 1.96171129118738e-07 1.97999725060072e-07 1.99899091057887e-07 2.02050344455529e-07 2.03948815169497e-07 2.04789429858465e-07 2.05872126457507e-07 2.07465873813817e-07 2.09282134733257e-07 2.11370348779383e-07 2.14408203191851e-07 2.18137770957583e-07 2.22081965262078e-07 2.26115062673671e-07 2.29796597750465e-07 2.33409025440778e-07 2.35363131650956e-07 2.373334098138e-07 2.40061439171768e-07 2.44987603537083e-07 2.57642454926099e-07 2.74974951253171e-07
2.39110079292004e-07 2.39528901602171e-07 2.3869014853517e-07 2.36006300724512e-07 2.32328915217295e-07 2.29699608667033e-07 2.27368360583569e-07 2.22241226310871e-07 2.16869707969636e-07 2.1262717098125e-07 2.08417063163324e-07 2.04371858103514e-07 1.9999322375952e-07 1.94809430809073e-07 1.90608389516456e-07 1.87756540981354e-07 1.85504902106004e-07 1.83744361947902e-07 1.83847049584074e-07 1.84832316563188e-07 1.87446147492665e-07 1.90449100045953e-07 1.93958712202402e-07 1.97490209075113e-07 2.00833667918232e-07 2.03724709990638e-07 2.04722368835064e-07 2.06115814194163e-07 2.08344800967097e-07 2.10832297398156e-07 2.13635729551243e-07 2.16799563190762e-07 2.20225913949434e-07 2.23002032839759e-07 2.25508884454939e-07 2.28865943086021e-07 2.32390121368553e-07 2.34241881003072e-07 2.36124662933435e-07 2.38915419004115e-07 2.42237831571401e-07 2.47429511546216e-07 2.56436322843001e-07
2.54878443683992e-07 2.5298743366875e-07 2.48219947707184e-07 2.41812955437126e-07 2.34523199083014e-07 2.2842914404464e-07 2.2267512633789e-07 2.14933109532467e-07 2.07040471877917e-07 2.00575371422929e-07 1.94402829833962e-07 1.8971850579419e-07 1.85168161692673e-07 1.80941299277038e-07 1.77602828443923e-07 1.75484004216742e-07 1.73911033130025e-07 1.72784652363589e-07 1.73955100990497e-07 1.76213518443546e-07 1.79815785372739e-07 1.83739146564221e-07 1.89032490993668e-07 1.94396349684212e-07 1.99416504642613e-07 2.04016558313924e-07 2.06858430829016e-07 2.10178100701341e-07 2.14506371776224e-07 2.18529848439175e-07 2.22180801756622e-07 2.25268536269141e-07 2.27946017616887e-07 2.29613036140108e-07 2.30861587624531e-07 2.33436253438413e-07 2.3627160317119e-07 2.37611274656047e-07 2.38976525679391e-07 2.4113268182191e-07 2.43014966372357e-07 2.43934380250721e-07 2.46129104652937e-07
2.75399571592061e-07 2.71022770448326e-07 2.62236568460139e-07 2.51821404617658e-07 2.40529089978736e-07 2.30708252502154e-07 2.21305882064371e-07 2.10553935175994e-07 1.99708523496156e-07 1.90069656014202e-07 1.81039894187052e-07 1.75108525013457e-07 1.69963826124331e-07 1.66718621130713e-07 1.64276158898247e-07 1.62935762659799e-07 1.62228033673273e-07 1.62037949280602e-07 1.6432665006505e-07 1.67789494298631e-07 1.7219457504325e-07 1.76824784148266e-07 1.83923134500219e-07 1.91160765439236e-07 1.97957845671226e-07 2.04415144366976e-07 2.09450334409667e-07 2.15030453887266e-07 2.21760927843206e-07 2.27499299398914e-07 2.32025143986903e-07 2.34994956826995e-07 2.36831397160131e-07 2.37401494018741e-07 2.3744718191665e-07 2.391447253558e-07 2.41166986825192e-07 2.41909788201156e-07 2.426685057344e-07 2.44045764929979e-07 2.44521828562938e-07 2.41829127389792e-07 2.37524943713652e-07
2.92638191012884e-07 2.85635820773678e-07 2.75750466016689e-07 2.63923510601671e-07 2.51051091026966e-07 2.40379876004226e-07 2.3033470597511e-07 2.17066713048553e-07 2.0345642326447e-07 1.8951118363475e-07 1.76575895238784e-07 1.68778001352621e-07 1.62482805876607e-07 1.59816025302462e-07 1.58169967789945e-07 1.57925256871749e-07 1.58226256985472e-07 1.58973733732637e-07 1.61534032372401e-07 1.64953021908332e-07 1.70018509493275e-07 1.75477396169299e-07 1.83233311190634e-07 1.91100241409004e-07 1.98286414843096e-07 2.05418729137818e-07 2.12325630855048e-07 2.18672099094874e-07 2.23835456836241e-07 2.28408069347097e-07 2.32258685173292e-07 2.33958772355436e-07 2.34092439654887e-07 2.35859474173594e-07 2.38302945376745e-07 2.41441057369229e-07 2.44715749886382e-07 2.46311742557737e-07 2.47821446919261e-07 2.49095194249094e-07 2.48747937803273e-07 2.42701105435117e-07 2.34466583037829e-07
