Ecospace-environmental-drivers/Outputs/ASCII-for-ecospace/MOM6-ISIMIP3a/chl/1986-01_chl_MOM6-ISIMIP3a.asc
NCOLS 131 
NROWS 53 
XLLCORNER -98 
YLLCORNER 23.9265270233154 
CELLSIZE 0.133587792515755 
NODATA_value -9999 
[rows 19 to 37 of 53, columns 86 to 128 of 131]
6.44019394258066e-07 6.06437254191405e-07 5.80991297738365e-07 5.68562654734706e-07 5.64556842164166e-07 5.67104962101439e-07 5.72007422761089e-07 5.89486887747626e-07 6.08941149948805e-07 6.41797441858216e-07 6.7279739823789e-07 6.89669604980736e-07 6.70065105623507e-07 5.41033045919903e-07 4.09520566790889e-07 2.73936478834003e-07 1.80563105800502e-07 1.28210615457647e-07 1.10074182657627e-07 1.11544288472487e-07 1.95912789990871e-07 3.0584737942263e-07 6.87350507178053e-07 1.09896427602507e-06 1.39754422434635e-06 1.65226731496659e-06 1.65847905009286e-06 1.68898066021939e-06 1.78238531134411e-06 -9999 -9999 -9999 -9999 -9999 -9999 -9999 -9999 -9999 -9999 -9999 -9999 -9999 -9999
5.99575798787555e-07 5.71045688957383e-07 5.51960454231448e-07 5.41658778274723e-07 5.37040421022539e-07 5.37829521363165e-07 5.40561131856521e-07 5.54528980956093e-07 5.70261136090267e-07 6.00381156345975e-07 6.30558020020544e-07 6.60397915908106e-07 6.61415185732039e-07 5.7596679425842e-07 4.76619391065469e-07 3.54457085904869e-07 2.49721324507846e-07 1.61920965524587e-07 1.20992297070188e-07 1.06922136922094e-07 1.393616742007e-07 1.86144930580667e-07 4.37954724930023e-07 7.14515920208214e-07 9.97902475319279e-07 1.24648772725777e-06 1.29787406422111e-06 1.32786180984112e-06 1.30243438434263e-06 -9999 -9999 -9999 -9999 -9999 -9999 -9999 -9999 -9999 -9999 -9999 -9999 -9999 -9999
5.68570783343603e-07 5.46076478258328e-07 5.29338706201088e-07 5.18151352935092e-07 5.10555310029304e-07 5.09288383909734e-07 5.10294910327502e-07 5.21522110830119e-07 5.34354114734015e-07 5.59788020382257e-07 5.8687152204584e-07 6.25234520157392e-07 6.43922874132841e-07 6.03588716785453e-07 5.40804819593177e-07 4.41170016074466e-07 3.27981609871131e-07 2.01621617179626e-07 1.37595520754985e-07 1.09288109229055e-07 1.08310089785846e-07 1.15760528274222e-07 2.18169873278384e-07 3.34796681045191e-07 5.80308665121265e-07 8.04649459951179e-07 9.09025175133138e-07 1.02943351976137e-06 -9999 -9999 -9999 -9999 -9999 -9999 -9999 -9999 -9999 -9999 -9999 -9999 -9999 -9999 -9999
5.4262642379399e-07 5.24456709172227e-07 5.1136731826773e-07 5.03138608110021e-07 4.9805504431788e-07 4.94603568768071e-07 4.91738319396973e-07 4.97275607358461e-07 5.04132287915127e-07 5.27221175161685e-07 5.52099606920819e-07 5.89080855206703e-07 6.13867541687796e-07 6.02071224875544e-07 5.70960651202768e-07 5.08146172251145e-07 4.09006474910711e-07 2.74565479685407e-07 1.89133587014112e-07 1.31784958057324e-07 1.13746601471121e-07 1.07831638729294e-07 1.66438752557951e-07 2.3545349847609e-07 4.26157328092813e-07 6.11159009622497e-07 7.63849584473064e-07 8.73906401466229e-07 8.73555734415277e-07 9.3690556468573e-07 -9999 -9999 -9999 -9999 -9999 -9999 -9999 -9999 -9999 -9999 -9999 -9999 -9999
5.15385409016744e-07 5.01642603012442e-07 4.92467052026768e-07 4.87683848859888e-07 4.8574270294921e-07 4.80457913454302e-07 4.73972136205703e-07 4.73954429480727e-07 4.74952344120538e-07 4.95568258429557e-07 5.18066315180477e-07 5.53161214611464e-07 5.83153166644479e-07 5.97836788074346e-07 5.96872439473373e-07 5.70222198348347e-07 4.87511158553389e-07 3.50319595554538e-07 2.44563295836997e-07 1.56820078700548e-07 1.22824644677166e-07 1.05405177919238e-07 1.297919851595e-07 1.61491314543127e-07 2.98017198474554e-07 4.43699860852576e-07 6.4126885490623e-07 7.75520391016471e-07 7.4580020736903e-07 7.81700464358437e-07 8.29220766718208e-07 -9999 -9999 -9999 -9999 -9999 -9999 -9999 -9999 -9999 -9999 -9999 -9999
4.60323207107649e-07 4.54868455790347e-07 4.52336678335996e-07 4.54151432904837e-07 4.58778572465235e-07 4.57620956240135e-07 4.54385343573449e-07 4.5478148535949e-07 4.55747880323543e-07 4.68807570541685e-07 4.84905854136741e-07 5.2235935754652e-07 5.57511384613463e-07 5.85759323712409e-07 5.95948222326115e-07 5.76493562221003e-07 5.20920536928315e-07 4.30247212079848e-07 3.19863545428234e-07 1.98185418298635e-07 1.45674363238868e-07 1.14494618230765e-07 1.28728217418939e-07 1.50437870161113e-07 2.64679613337648e-07 3.90536996519586e-07 5.82213658617547e-07 7.21637889000704e-07 7.25745394447586e-07 7.69056214267039e-07 8.23527557258785e-07 -9999 -9999 -9999 -9999 -9999 -9999 -9999 -9999 -9999 -9999 -9999 -9999
4.09506156984207e-07 4.11695680213597e-07 4.15434101341816e-07 4.2227492258462e-07 4.31123140742784e-07 4.33604640193153e-07 4.33799101529075e-07 4.34785448533148e-07 4.35896168937688e-07 4.43027886376512e-07 4.54032431207452e-07 4.92743538416107e-07 5.31868067810137e-07 5.72232579543197e-07 5.92790854625491e-07 5.80837706820603e-07 5.50970355561731e-07 5.03693740938616e-07 3.91343490946383e-07 2.41704555037359e-07 1.70803531318597e-07 1.24185490335549e-07 1.27564803165114e-07 1.38681670591723e-07 2.29156555064947e-07 3.33592709012009e-07 5.17139653766208e-07 6.90095305344585e-07 8.3562309782792e-07 8.21453966182162e-07 -9999 -9999 -9999 -9999 -9999 -9999 -9999 -9999 -9999 -9999 -9999 -9999 -9999
3.77302967535798e-07 3.84313892709542e-07 3.92684484040728e-07 3.97659107420623e-07 4.00436363179324e-07 4.04417249910693e-07 4.08830487685918e-07 4.11180479886752e-07 4.13206521443499e-07 4.21549714246794e-07 4.33187040016492e-07 4.68328579472654e-07 5.06217986639967e-07 5.52350911675603e-07 5.79841582748486e-07 5.76731395085517e-07 5.66289486414462e-07 5.48722596249718e-07 4.46072334625569e-07 2.94667472644505e-07 2.05927463525768e-07 1.36513449433551e-07 1.25964419339653e-07 1.23844003496743e-07 1.84050733764707e-07 2.60068048874018e-07 4.2567495484036e-07 6.01230055963242e-07 8.02547901912476e-07 9.21899527384085e-07 -9999 -9999 -9999 -9999 -9999 -9999 -9999 -9999 -9999 -9999 -9999 -9999 -9999
3.48649450643279e-07 3.5860355751538e-07 3.69549411516346e-07 3.73828015653999e-07 3.73792602204048e-07 3.78525157884724e-07 3.84970405775675e-07 3.88787782412692e-07 3.92192504250488e-07 4.00377359710546e-07 4.11383325626957e-07 4.42551595369878e-07 4.78181505059183e-07 5.27195936683711e-07 5.60302225949272e-07 5.67295614928298e-07 5.73118256852467e-07 5.778030640613e-07 4.87007582705701e-07 3.41499827527514e-07 2.38439753275088e-07 1.48470661542888e-07 1.25700751141267e-07 1.12021623976943e-07 1.45244285931767e-07 1.94490098692768e-07 3.34530028567315e-07 4.9707904281604e-07 7.17919135695411e-07 8.17417628695694e-07 -9999 -9999 -9999 -9999 -9999 -9999 -9999 -9999 -9999 -9999 -9999 -9999 -9999
3.27740877992255e-07 3.36540040279942e-07 3.45573312188208e-07 3.51709076085172e-07 3.55970058762978e-07 3.59822820428235e-07 3.63528954494541e-07 3.69040066061643e-07 3.74834570493476e-07 3.79872176381468e-07 3.87488739761466e-07 4.13803007859315e-07 4.4493808104562e-07 4.90535171593365e-07 5.2638415581896e-07 5.46231888165494e-07 5.61422268674505e-07 5.72086662486981e-07 4.97847224778525e-07 3.7495613014471e-07 2.65253817133271e-07 1.59618977590981e-07 1.28353576656082e-07 1.06778180963829e-07 1.20182164664584e-07 1.46250798138681e-07 2.44082883682495e-07 3.59576603159439e-07 5.20808157489228e-07 6.35539493032411e-07 -9999 -9999 -9999 -9999 -9999 -9999 -9999 -9999 -9999 -9999 -9999 -9999 -9999
3.10215398258151e-07 3.18707549240571e-07 3.25894689012785e-07 3.3234275065297e-07 3.38312588610279e-07 3.42484980819791e-07 3.46011688634462e-07 3.52237179868098e-07 3.58886438789341e-07 3.60727653969661e-07 3.64852553502715e-07 3.85750155373898e-07 4.11513667586405e-07 4.51874598184077e-07 4.88970329115546e-07 5.20706294082629e-07 5.47907859527186e-07 5.70702979985072e-07 5.14593978095945e-07 4.13271237675872e-07 2.97284685757404e-07 1.76775770910353e-07 1.35615294993841e-07 1.04639738651713e-07 1.0396149718872e-07 1.12281853148488e-07 1.71592176911872e-07 2.44436620278066e-07 3.52330005171098e-07 4.02486307393701e-07 3.68571136277751e-07 -9999 -9999 -9999 -9999 -9999 -9999 -9999 -9999 -9999 -9999 -9999 -9999
2.9694609793296e-07 3.06198046473583e-07 3.11622670778888e-07 3.16439411562897e-07 3.20862824310097e-07 3.26863727195814e-07 3.33431273702445e-07 3.39139148763934e-07 3.44712049127338e-07 3.43294885851719e-07 3.43799598567784e-07 3.58572577852101e-07 3.77861539391233e-07 4.10698049790881e-07 4.47158441829743e-07 4.89567355543841e-07 5.32105786987813e-07 5.74770183447981e-07 5.38772269464971e-07 4.57699115941068e-07 3.35878695523206e-07 2.01491715756674e-07 1.48675411537624e-07 1.06407647137985e-07 9.88641062349416e-08 9.62661630410366e-08 1.21692167454057e-07 1.57430463332275e-07 2.19874294771216e-07 2.77764939937697e-07 3.29025652945347e-07 3.52824997662537e-07 -9999 -9999 -9999 -9999 -9999 -9999 -9999 -9999 -9999 -9999 -9999
2.85455968196402e-07 2.95386911375317e-07 2.98482177640835e-07 3.01735184393692e-07 3.05090281926823e-07 3.11360821569906e-07 3.18678587518662e-07 3.24692535969007e-07 3.30501762846325e-07 3.28453324982547e-07 3.27633159713514e-07 3.36108172405147e-07 3.48916671555344e-07 3.74725232177298e-07 4.06951954801116e-07 4.49714008254887e-07 5.0190817546536e-07 5.63268599762523e-07 5.48144384993066e-07 4.89192814256967e-07 3.67774077858485e-07 2.27090268367647e-07 1.63048582635383e-07 1.09128009739834e-07 9.74177538637377e-08 8.85336461919906e-08 9.56637720150866e-08 1.11047768314165e-07 1.4780663093461e-07 2.07181230393871e-07 2.99486799804072e-07 3.40429409106946e-07 3.3685850553411e-07 3.35213115931765e-07 -9999 -9999 -9999 -9999 -9999 -9999 -9999 -9999 -9999
2.75300209295892e-07 2.85849552028594e-07 2.86190328324665e-07 2.87930333797703e-07 2.90575684402938e-07 2.9594662009913e-07 3.0229665526349e-07 3.0923445137887e-07 3.16264561206481e-07 3.15555183760807e-07 3.15131643446875e-07 3.17178660225181e-07 3.23502263199771e-07 3.42655255280988e-07 3.67949581914218e-07 4.03324804665317e-07 4.60913696542775e-07 5.4009012728784e-07 5.4641168389935e-07 5.10985785240337e-07 3.94645439882879e-07 2.53350805223818e-07 1.78406565964906e-07 1.12562723586507e-07 9.87097195093156e-08 8.7013603433661e-08 8.75393411092773e-08 9.51330747511747e-08 1.210306095345e-07 1.77201300743945e-07 2.77452983254989e-07 3.27336209693385e-07 3.3356772632942e-07 -9999 -9999 -9999 -9999 -9999 -9999 -9999 -9999 -9999 -9999
2.66162459183761e-07 2.7615158160188e-07 2.7618852982414e-07 2.77333953135894e-07 2.79196598285125e-07 2.82967988596283e-07 2.87424995804031e-07 2.92986641170501e-07 2.98721715807915e-07 3.00492558835685e-07 3.01878742448025e-07 3.00687815979472e-07 3.03688267422331e-07 3.192624831172e-07 3.40508279350615e-07 3.71063777038216e-07 4.2793234911187e-07 5.10372331063991e-07 5.33347758846503e-07 5.22248797096836e-07 4.13806304777609e-07 2.75342841860038e-07 1.93070974319198e-07 1.18806788407255e-07 1.0229942404294e-07 8.79457360269953e-08 8.57957189737135e-08 8.99020236033721e-08 1.10210159220969e-07 1.67222395930366e-07 2.77679788496243e-07 7.18336423233268e-07 1.44515945521562e-06 1.22893243315048e-06 1.68916028542299e-06 -9999 -9999 -9999 -9999 -9999 -9999 -9999 -9999
2.57460982311386e-07 2.66384773794925e-07 2.67168161371956e-07 2.68112643198037e-07 2.691613474326e-07 2.71033144372268e-07 2.7320061235514e-07 2.76400328402815e-07 2.79762133459371e-07 2.84502306158174e-07 2.8830376663791e-07 2.85242123254648e-07 2.86274485006288e-07 2.99588606367251e-07 3.18021761813725e-07 3.44857767231588e-07 3.9838525367486e-07 4.77851870073209e-07 5.1542752999012e-07 5.289987825563e-07 4.29662634360284e-07 2.9550551516877e-07 2.07438134225413e-07 1.26254889210031e-07 1.06873891070336e-07 8.99288181699376e-08 8.67867768761243e-08 8.92497524773717e-08 1.06227908247547e-07 1.65815492891852e-07 2.8744699420713e-07 7.2901048042695e-07 1.44784223721217e-06 1.68916028542299e-06 1.87369937520998e-06 2.12498707696795e-06 -9999 -9999 -9999 -9999 -9999 -9999 -9999
2.45829284040155e-07 2.53426577501159e-07 2.54859060078161e-07 2.57532320802056e-07 2.61008409552232e-07 2.61886043517734e-07 2.61830280123831e-07 2.62196067524201e-07 2.62628020664124e-07 2.64781760961341e-07 2.66273502802505e-07 2.62886032942333e-07 2.64857590082102e-07 2.8290580189605e-07 3.04566157183217e-07 3.32155792648337e-07 3.79427234520335e-07 4.45825691031132e-07 4.79586844903679e-07 4.94646087645378e-07 4.12911532521321e-07 3.01325485452253e-07 2.15201851005986e-07 1.3345524507713e-07 1.12051509404409e-07 9.31561956463156e-08 8.84746853557772e-08 8.87148416950367e-08 1.01700521781822e-07 1.53522364598757e-07 2.61893831066118e-07 6.79618835874862e-07 1.3654442909683e-06 1.80695064955216e-06 2.12498707696795e-06 2.1427836145449e-06 -9999 -9999 -9999 -9999 -9999 -9999 -9999
2.33591279652501e-07 2.39808088053906e-07 2.41869514638893e-07 2.46670794012971e-07 2.5324490593448e-07 2.5331573283438e-07 2.51050465749358e-07 2.4848463908711e-07 2.45871603965497e-07 2.44289452666635e-07 2.42493825908241e-07 2.39100188537122e-07 2.42612458123403e-07 2.66841880147695e-07 2.92979080995792e-07 3.22247814210641e-07 3.62660102837253e-07 4.13901801721295e-07 4.40038405713494e-07 4.51789219368948e-07 3.89413912671444e-07 3.04177916632398e-07 2.2159930779253e-07 1.40604356602125e-07 1.17353927464592e-07 9.66410169667142e-08 9.03067771673705e-08 8.82042172634101e-08 9.70603508676504e-08 1.38976858465867e-07 2.29032821152941e-07 6.17799514657236e-07 1.26544307477161e-06 1.7341783404845e-06 2.11249971471261e-06 2.1908642793278e-06 -9999 -9999 -9999 -9999 -9999 -9999 -9999
2.27211160108709e-07 2.3336228593962e-07 2.35328499798015e-07 2.38307322319997e-07 2.41941336298623e-07 2.4062967440841e-07 2.37541428305121e-07 2.33725685916397e-07 2.29795716677472e-07 2.27033865485282e-07 2.24335636289652e-07 2.22036902641776e-07 2.24910280621771e-07 2.43299581370593e-07 2.66136112259119e-07 2.96272673949716e-07 3.33774494265526e-07 3.78433981040871e-07 3.99513680804375e-07 4.07081643061247e-07 3.56520217792422e-07 2.88031515083276e-07 2.1421715246106e-07 1.40909776291664e-07 1.19924024488682e-07 1.00872426855858e-07 9.27805885453381e-08 8.7923694991332e-08 9.14442921384762e-08 1.17494494134007e-07 1.76350241076761e-07 4.61708111743064e-07 9.43363488659088e-07 1.46752336149802e-06 2.0131635665166e-06 2.12679924516124e-06 -9999 -9999 -9999 -9999 -9999 -9999 -9999
