Ecospace-environmental-drivers/Outputs/ASCII-for-ecospace/MOM6-ISIMIP3a/chl/1986-09_chl_MOM6-ISIMIP3a.asc
NCOLS 131 
NROWS 53 
XLLCORNER -98 
YLLCORNER 23.9265270233154 
CELLSIZE 0.133587792515755 
NODATA_value -9999 
[rows 19 to 37 of 53, columns 0 to 42 of 131]
-9999 -9999 -9999 -9999 -9999 -9999 -9999 -9999 1.27748467093625e-06 1.31137971948192e-06 1.30206001358601e-06 1.30066530346085e-06 1.31873878217448e-06 1.38680070449482e-06 1.37469430683268e-06 1.34861909373285e-06 1.32247316741996e-06 1.29627869682736e-06 1.20290144423052e-06 1.0835823331945e-06 9.44189537221973e-07 8.01254429916298e-07 7.34311754513328e-07 6.72962300996005e-07 6.44356077827979e-07 6.17785474332777e-07 5.97815244418598e-07 5.78875813062041e-07 5.61735248538753e-07 5.51273103610583e-07 5.47682759588497e-07 5.50349341210676e-07 5.56827501441148e-07 5.51862285647076e-07 5.43082705917186e-07 5.06778803810448e-07 4.66734519477541e-07 4.35545842947249e-07 4.07125043011547e-07 3.96330875673812e-07 3.87642245414099e-07 3.84814910603382e-07 3.83710840878848e-07
-9999 -9999 -9999 -9999 -9999 -9999 -9999 -9999 1.25207111523196e-06 1.2690032917817e-06 1.31137971948192e-06 1.29413501781528e-06 1.30066530346085e-06 1.26875022488093e-06 1.22306119010318e-06 1.1614791901593e-06 1.11023109639063e-06 1.06607978977991e-06 9.6345581823698e-07 8.38253470192285e-07 7.37615607704356e-07 6.41312624338752e-07 5.94530661146564e-07 5.51274865756568e-07 5.2836759323327e-07 5.07082347667165e-07 4.91056653117994e-07 4.76087279821513e-07 4.62961338598689e-07 4.53315408321942e-07 4.4725035763804e-07 4.44572634705764e-07 4.43958413143264e-07 4.36386557112201e-07 4.26495489591616e-07 3.98171948745585e-07 3.67356705055499e-07 3.44295898457858e-07 3.22845238542868e-07 3.11648619799598e-07 3.02321950584883e-07 2.98200717452346e-07 2.93949341312327e-07
-9999 -9999 -9999 -9999 -9999 -9999 1.23296740639489e-06 1.23643235383497e-06 1.2405981806296e-06 1.25207111523196e-06 1.24355915431806e-06 1.31137971948192e-06 1.27036003050307e-06 1.14817396479339e-06 1.0335188562749e-06 9.27553116980562e-07 8.44927171783638e-07 7.78329763306829e-07 7.05495381225774e-07 6.30252714017843e-07 5.76764534798713e-07 5.27115332715766e-07 4.94311393595126e-07 4.63306463416302e-07 4.44218841266775e-07 4.26763591576673e-07 4.14601032616702e-07 4.03606634336029e-07 3.94650754742543e-07 3.86638504323855e-07 3.79597281607857e-07 3.72204965515266e-07 3.6459880448092e-07 3.52782308254973e-07 3.39562404860771e-07 3.19162126061201e-07 2.97795168080484e-07 2.80000534758074e-07 2.62802188899514e-07 2.49401153951112e-07 2.38216898651444e-07 2.3320360753587e-07 2.28488630682477e-07
-9999 -9999 -9999 -9999 -9999 -9999 1.23151755815343e-06 1.23296740639489e-06 1.23989741496189e-06 1.23745667224284e-06 1.25207111523196e-06 1.16722662824031e-06 1.07008418126497e-06 9.48607407735835e-07 8.41416067487444e-07 7.50707783936377e-07 6.80438404287997e-07 6.24205256372079e-07 5.65865150292666e-07 5.06711387515679e-07 4.68251556640098e-07 4.33443545944101e-07 4.11460462146351e-07 3.90923105442198e-07 3.80092899376905e-07 3.70659762438663e-07 3.65756363862602e-07 3.60640740382223e-07 3.55154725184548e-07 3.48502993574584e-07 3.40651695296401e-07 3.31121441377036e-07 3.20568375400399e-07 3.05275506207181e-07 2.88402702608437e-07 2.66344756028047e-07 2.43588772264047e-07 2.23410026478632e-07 2.03983617552694e-07 1.89348327239713e-07 1.76820392994159e-07 1.70158884316152e-07 1.65075306313156e-07
-9999 -9999 -9999 -9999 1.5308789897972e-06 1.32348577608354e-06 1.23187840017636e-06 1.22970698157587e-06 1.23296740639489e-06 1.24682742352888e-06 1.21796051644196e-06 1.02555293324258e-06 8.5967246832297e-07 7.46281898500456e-07 6.52031872050429e-07 5.79867048600136e-07 5.24297206538904e-07 4.80123901525076e-07 4.3474940980559e-07 3.8891113263162e-07 3.62670647291452e-07 3.39888600819904e-07 3.28164077245674e-07 3.17638466640346e-07 3.15085941338111e-07 3.13673126584035e-07 3.15955674068391e-07 3.16636771913181e-07 3.1452313464797e-07 3.09273531229337e-07 3.00797012187104e-07 2.89540963649415e-07 2.76591634928991e-07 2.58294335253595e-07 2.38214411751869e-07 2.14317495306204e-07 1.89906813830021e-07 1.67413546137141e-07 1.45888918723358e-07 1.30533024389479e-07 1.17104931973699e-07 1.09043376994578e-07 1.03754487668084e-07
-9999 -9999 -9999 -9999 2.00748922907223e-06 1.56066266754351e-06 1.41509303830389e-06 1.23187840017636e-06 1.22427525184321e-06 1.12750797143235e-06 1.01539194474753e-06 8.44527676235884e-07 6.97766893154039e-07 5.98700125920004e-07 5.10757786287286e-07 4.35651230645817e-07 3.77927932504463e-07 3.32142491288323e-07 2.93926291305979e-07 2.58632837812911e-07 2.39034903870561e-07 2.22206750777332e-07 2.15470109310445e-07 2.09698200137609e-07 2.10124312616244e-07 2.11380992709564e-07 2.15330700825689e-07 2.18037797594661e-07 2.18576388988367e-07 2.1576273923074e-07 2.09499688708092e-07 2.0004813450214e-07 1.8865416961944e-07 1.74165649013958e-07 1.58645633518972e-07 1.42078832254811e-07 1.25387089155993e-07 1.1143860234597e-07 9.81845218461785e-08 8.93526035383729e-08 8.16902669953379e-08 7.72837580598207e-08 7.43635197864023e-08
-9999 -9999 -9999 -9999 -9999 2.00748922907223e-06 1.5881901163084e-06 1.59830767643143e-06 1.1870329217345e-06 1.00376371392485e-06 8.27834242045355e-07 6.7999815200892e-07 5.52666335806862e-07 4.65906907720637e-07 3.83380296398173e-07 3.05737785311067e-07 2.46698562023084e-07 2.0043508186518e-07 1.69266996863371e-07 1.43927806561805e-07 1.30616726323751e-07 1.19428221978524e-07 1.16941230032808e-07 1.15178139026284e-07 1.17859698889333e-07 1.2108027647173e-07 1.26048561810421e-07 1.30131056153004e-07 1.32667764773942e-07 1.31921424895154e-07 1.27796866422614e-07 1.20402788184037e-07 1.11016959181143e-07 1.00518704471142e-07 8.96496317182027e-08 7.99484851654597e-08 7.04314473409795e-08 6.40671089513489e-08 5.8132087588092e-08 5.49310854580654e-08 5.22356984333783e-08 5.09478219612447e-08 5.00551671223093e-08
-9999 -9999 -9999 -9999 -9999 2.02284695660637e-06 2.00748922907223e-06 1.51508538692724e-06 1.02460626294487e-06 8.60618342812813e-07 7.06094908764499e-07 5.87797330808826e-07 4.81251049677667e-07 3.97957279574257e-07 3.16935796718099e-07 2.38536188135186e-07 1.81853380354369e-07 1.40084495114934e-07 1.15481562090736e-07 9.75070548747681e-08 8.89232296685805e-08 8.19965677578693e-08 8.05223621114237e-08 7.95019161614618e-08 8.12678777606379e-08 8.33584365977913e-08 8.6501501073144e-08 8.9106777068082e-08 9.07735895339101e-08 9.04780037558339e-08 8.81631692095652e-08 8.39358591520067e-08 7.85434863814771e-08 7.28312201658809e-08 6.70123228019293e-08 6.21403231093609e-08 5.74116860718732e-08 5.44193170526341e-08 5.16313889420417e-08 5.01454380241739e-08 4.89144440507516e-08 4.83932041106527e-08 4.80326818319554e-08
-9999 -9999 2.07273706109845e-06 2.06311278816429e-06 2.0483971638896e-06 2.03822287403455e-06 2.02282876671234e-06 1.46145748658455e-06 9.05616730051406e-07 7.51618870253878e-07 6.10503434472776e-07 5.18696310791711e-07 4.28429103749295e-07 3.41208902909784e-07 2.58139010611558e-07 1.79857906346115e-07 1.27144303974092e-07 9.19890510431287e-08 7.41634522682943e-08 6.30294678671817e-08 5.85092436722334e-08 5.51561463169037e-08 5.45005498508999e-08 5.407085978959e-08 5.50315171210514e-08 5.61363933115899e-08 5.7708902545528e-08 5.90343667283832e-08 5.99287162117434e-08 5.99240550513969e-08 5.89943347506505e-08 5.7227758532008e-08 5.49513785585987e-08 5.28427932522391e-08 5.07901418700385e-08 4.94264362771446e-08 4.81628923409971e-08 4.7587136009497e-08 4.70546908104552e-08 4.67980676432944e-08 4.66192275894173e-08 4.66569112234083e-08 4.66852654312788e-08
-9999.000000000000000 -9999 -9999 -9999 2.10271809919504e-06 2.05857145374466e-06 2.06794925361464e-06 1.47240041314944e-06 8.81400637808838e-07 7.17120713034092e-07 5.71962800677284e-07 4.99995678637788e-07 4.16175140571795e-07 3.08899984702293e-07 2.16028368527077e-07 1.39776204832742e-07 9.45506926086637e-08 7.06325664623364e-08 6.00471992129314e-08 5.46101084353268e-08 5.27054915266945e-08 5.14242479709992e-08 5.11635889210993e-08 5.09932398529145e-08 5.1389253741263e-08 5.18233598256757e-08 5.23809760011318e-08 5.2857316745758e-08 5.31918260548991e-08 5.31293267158617e-08 5.26583079363263e-08 5.18120195636129e-08 5.07371211710961e-08 4.9652591371796e-08 4.85648499193303e-08 4.78275161697184e-08 4.7141796244432e-08 4.68982115364724e-08 4.66758685035984e-08 4.65888199130404e-08 4.65626790457918e-08 4.67060949915776e-08 4.68107472784141e-08
-9999 -9999 -9999 -9999 2.18424929698813e-06 2.21135996980593e-06 2.16848570744332e-06 1.54148335695936e-06 9.19857370718091e-07 7.21814444659685e-07 5.50991273939871e-07 4.84353677165927e-07 3.98167429693785e-07 2.73300059916437e-07 1.74963446397669e-07 1.07239188196218e-07 7.1091150743996e-08 5.6627921907193e-08 5.13600362239686e-08 4.96428178564656e-08 4.93266476553345e-08 4.92577143518247e-08 4.92425229481341e-08 4.92377552063772e-08 4.9310028060745e-08 4.93556058245304e-08 4.93146146141044e-08 4.92659140149954e-08 4.92037592891847e-08 4.90674665343249e-08 4.88548863586402e-08 4.85516231663041e-08 4.81931188289764e-08 4.77316852709464e-08 4.72359431569203e-08 4.6919154783609e-08 4.6629008210175e-08 4.66039544733121e-08 4.65861802467771e-08 4.66147653810367e-08 4.66944278798564e-08 4.69162877436702e-08 4.70912624450648e-08
-9999 -9999 -9999 -9999 2.24708810492302e-06 2.2828164674138e-06 2.32693264479167e-06 1.68371138897783e-06 1.03716160992917e-06 7.75814783082751e-07 5.52123140096228e-07 4.72559577247011e-07 3.72921050484365e-07 2.33559774187597e-07 1.35214094143521e-07 8.41939993279084e-08 5.91230246982377e-08 5.18724867504261e-08 4.95031038383331e-08 4.90185172452584e-08 4.89985332308152e-08 4.90605387426513e-08 4.91027734028648e-08 4.91456226825449e-08 4.91972294014431e-08 4.92093583659425e-08 4.90934937147358e-08 4.89274754045255e-08 4.86739395455515e-08 4.84437840952978e-08 4.82376876220769e-08 4.80028212734851e-08 4.77504258356021e-08 4.74076564671577e-08 4.70347600867171e-08 4.68795633423724e-08 4.67557086381021e-08 4.68062246739009e-08 4.68602472381008e-08 4.69366021604856e-08 4.70630716620235e-08 4.73290420188732e-08 4.7566818039968e-08
-9999 -9999 -9999 -9999 2.2828164674138e-06 2.3362192678178e-06 2.3989089186216e-06 1.78454945398698e-06 1.16315140985535e-06 8.38404275782523e-07 5.59704346869694e-07 4.57253662489165e-07 3.41488174626647e-07 1.99376430032316e-07 1.06169558478086e-07 6.93912269866814e-08 5.25429442177483e-08 4.93815264235309e-08 4.85518647508343e-08 4.86225779638971e-08 4.87064468757126e-08 4.87926321568466e-08 4.88688272071158e-08 4.89421587701599e-08 4.89934421921134e-08 4.89973004391686e-08 4.88473794746369e-08 4.86400715260515e-08 4.83326196842881e-08 4.80820254722403e-08 4.78899409017686e-08 4.77113815122721e-08 4.75410644185104e-08 4.73232191211537e-08 4.70895322735032e-08 4.70873189328813e-08 4.71176377914162e-08 4.72230112791294e-08 4.73412278267915e-08 4.75412313960533e-08 4.77777106766553e-08 4.81157371723384e-08 4.84175117776431e-08
-9999 -9999 -9999 -9999 2.33931496040896e-06 2.3989089186216e-06 1.88075864571147e-06 1.85434453214839e-06 1.29565523820929e-06 9.07435662611533e-07 5.7212264437112e-07 4.39313822653276e-07 3.05415369439288e-07 1.6936084534791e-07 8.51537222956722e-08 6.07703469768239e-08 5.0003947649202e-08 4.85889479762136e-08 4.82799080714358e-08 4.83979185617045e-08 4.84413753554236e-08 4.84716764503901e-08 4.85642352998639e-08 4.86551918754685e-08 4.87214109057277e-08 4.87358740031141e-08 4.8582517564455e-08 4.8390944584753e-08 4.81326765111589e-08 4.7916714152052e-08 4.77442831936514e-08 4.76129713433693e-08 4.7506702571809e-08 4.74184780330233e-08 4.73362682384959e-08 4.74805865735561e-08 4.76559911533059e-08 4.78006931814434e-08 4.79774016071133e-08 4.83579540855317e-08 4.87518505565276e-08 4.91828906490355e-08 4.95495626751108e-08
-9999 -9999 -9999 -9999 2.3989089186216e-06 1.8610174947753e-06 1.63270067332633e-06 1.48523156440206e-06 1.43235729410662e-06 9.7268548415741e-07 5.74672583297797e-07 4.1266358152825e-07 2.64817515471805e-07 1.44995979667328e-07 7.30000380144702e-08 5.61873569893123e-08 4.89460170172151e-08 4.82777444688054e-08 4.81371493776805e-08 4.82003095214623e-08 4.82156927716915e-08 4.82226418796472e-08 4.82916142630074e-08 4.83598689982045e-08 4.84108078069312e-08 4.84182152149515e-08 4.82844662030857e-08 4.81461661649973e-08 4.79999329172642e-08 4.78883919186046e-08 4.78125521397033e-08 4.77843684620893e-08 4.77852211133722e-08 4.78341775078661e-08 4.78991672991924e-08 4.81083759495959e-08 4.8337554403588e-08 4.85722360110685e-08 4.88361315831298e-08 4.92860365852721e-08 4.97016827694097e-08 5.00219456966988e-08 5.0273033735948e-08
-9999 -9999 -9999 -9999 -9999 1.56719340793643e-06 1.53170162775496e-06 1.5585258097417e-06 1.5708584442109e-06 1.03631464298815e-06 5.72993144487555e-07 3.82280234134669e-07 2.22280363004757e-07 1.23052871003893e-07 6.46444746621455e-08 5.33349187037402e-08 4.85228319746511e-08 4.81728505974388e-08 4.80497668320368e-08 4.80142965386676e-08 4.80068891306473e-08 4.80044306527816e-08 4.80326960428101e-08 4.80609649855523e-08 4.80836739313872e-08 4.80764512644782e-08 4.79721862234328e-08 4.79032564726367e-08 4.78959840677362e-08 4.79187747259857e-08 4.79724988622365e-08 4.80714028583407e-08 4.81978332800281e-08 4.83872071299629e-08 4.85975668595984e-08 4.8836671595609e-08 4.90804907826714e-08 4.94268697082134e-08 4.97902412632811e-08 5.02618497932872e-08 5.06410948730718e-08 5.07632407220626e-08 5.08213986449846e-08
-9999 -9999 -9999 -9999 -9999 1.50838786794338e-06 1.53717803641484e-06 1.55134750912111e-06 1.51589551933284e-06 9.98971813714888e-07 5.47956119589799e-07 3.49208079342134e-07 1.89947840567584e-07 1.08822902689099e-07 6.11817156936922e-08 5.21755438853688e-08 4.83821693819664e-08 4.81686583952978e-08 4.80371120659129e-08 4.79372168626924e-08 4.7908617517578e-08 4.78925947788866e-08 4.79073207770853e-08 4.79273296605243e-08 4.79857682478269e-08 4.80434714233979e-08 4.80987836226632e-08 4.81722146616903e-08 4.82772648524588e-08 4.84150888269141e-08 4.85866387123224e-08 4.87439066887418e-08 4.88924740693619e-08 4.91266938240642e-08 4.93894631858893e-08 4.96207448463792e-08 4.98485057676135e-08 5.01914207973186e-08 5.05180324239518e-08 5.0740815993322e-08 5.08744406602091e-08 5.07598691967814e-08 5.06489961082934e-08
-9999 -9999 -9999 -9999 -9999 1.43334534641326e-06 1.45628382597351e-06 1.50166090406856e-06 1.42090470944822e-06 9.40737891141907e-07 5.18086437750753e-07 3.15579598009208e-07 1.59726681658867e-07 9.61887920425397e-08 5.87312882771585e-08 5.13664666357272e-08 4.82999595874389e-08 4.8185302858883e-08 4.80399222624328e-08 4.78826791550091e-08 4.78332147224592e-08 4.78027715189455e-08 4.78095749656404e-08 4.7827885651941e-08 4.79352912918785e-08 4.80743764796898e-08 4.83161812780963e-08 4.85470792455089e-08 4.87589382203168e-08 4.90078058135168e-08 4.92947513919262e-08 4.94961653885184e-08 4.96454717335837e-08 4.99047558832899e-08 5.02007040381613e-08 5.04163573111782e-08 5.06217112672402e-08 5.09373379031786e-08 5.11989952656222e-08 5.11169844230608e-08 5.09616953081604e-08 5.06024200319644e-08 5.03274719676483e-08
-9999 -9999 -9999 -9999 -9999 -9999 1.30657417685143e-06 1.31584317841771e-06 1.28155579659506e-06 8.64831349645101e-07 4.93040488436236e-07 2.93236411152975e-07 1.42775746780899e-07 8.99518539654309e-08 5.83837582723845e-08 5.13415088221336e-08 4.84401923017685e-08 4.8382638340172e-08 4.82083706287995e-08 4.7989029638984e-08 4.79928168317656e-08 4.80359751975357e-08 4.82034963056321e-08 4.83833737519035e-08 4.86435105528926e-08 4.89222529154176e-08 4.92613096980676e-08 4.9585352712711e-08 4.98831980166869e-08 5.00757089128001e-08 5.01598336200004e-08 5.02793966461468e-08 5.04205566187466e-08 5.06017450163654e-08 5.07962774065618e-08 5.09531297154808e-08 5.11047311135826e-08 5.12505700100974e-08 5.13280191682952e-08 5.09699162876132e-08 5.0628361947247e-08 5.03328898560085e-08 5.0127685113921e-08
