Ecospace-environmental-drivers/Outputs/ASCII-for-ecospace/MOM6-ISIMIP3a/chl/1987-10_chl_MOM6-ISIMIP3a.asc
NCOLS 131 
NROWS 53 
XLLCORNER -98 
YLLCORNER 23.9265270233154 
CELLSIZE 0.133587792515755 
NODATA_value -9999 
[rows 19 to 37 of 53, columns 43 to 85 of 131]
1.130702798946e-06 1.13208454877167e-06 1.14209831281187e-06 1.16027683816355e-06 1.18285174721677e-06 1.22565461424529e-06 1.27421026263619e-06 1.29275008475815e-06 1.30773162254627e-06 1.30959790567431e-06 1.31355125176924e-06 1.32812067477062e-06 1.3235649021226e-06 1.27282987705257e-06 1.1852107490995e-06 1.04695448044367e-06 9.48404533573921e-07 8.82341225860728e-07 7.39941185656789e-07 5.61382080377371e-07 4.65808653871136e-07 3.90063291888509e-07 3.69569761460298e-07 3.53682509057762e-07 3.49592795600984e-07 3.43595303320399e-07 3.29613698113462e-07 3.13405593033167e-07 2.924971909124e-07 2.64963148310926e-07 2.2933127752367e-07 1.98816749730213e-07 1.7202962965257e-07 1.54968986976201e-07 1.4193642527971e-07 1.33588613948632e-07 1.26161722846518e-07 1.21692721677391e-07 1.17594609605476e-07 1.16049612586266e-07 1.14982192656043e-07 1.15593948635251e-07 1.16415847628559e-07
8.58776218137791e-07 8.44585599679704e-07 8.36627975786541e-07 8.37108871110104e-07 8.42133488276886e-07 8.65567528762767e-07 8.94237189186242e-07 9.04232308585051e-07 9.11899803668348e-07 9.0833447075056e-07 9.06817433588003e-07 9.15719681415794e-07 9.13197254703846e-07 8.8308860313191e-07 8.32978457765421e-07 7.55408962049842e-07 7.09243749952293e-07 6.8877272951795e-07 5.91355501455837e-07 4.57490557437268e-07 3.85276592851369e-07 3.27793117094188e-07 3.13950067720725e-07 3.03602206486175e-07 3.00490142990384e-07 2.96164756719008e-07 2.86761462575669e-07 2.75749101774636e-07 2.61339948792738e-07 2.41394474187473e-07 2.14682472687855e-07 1.8909328503014e-07 1.6432191785043e-07 1.50266913578889e-07 1.40649930813197e-07 1.36216897317354e-07 1.32802924213138e-07 1.30686970578608e-07 1.28717488223629e-07 1.2770921387073e-07 1.2694478357389e-07 1.27037623087745e-07 1.27263277249767e-07
6.14020223110856e-07 5.94061020819936e-07 5.77230650833371e-07 5.65203606583964e-07 5.55762937892723e-07 5.55208430341736e-07 5.57181124349881e-07 5.5115253871918e-07 5.4421468576038e-07 5.34839784904761e-07 5.28037389813107e-07 5.34320690803725e-07 5.36793265837332e-07 5.30064255599427e-07 5.23531355156592e-07 5.17267608302063e-07 5.15000067480287e-07 5.16002160111384e-07 4.57774575579606e-07 3.7149121112634e-07 3.21553187632162e-07 2.80299246924187e-07 2.69465886049147e-07 2.61098989540187e-07 2.58213532333684e-07 2.5501179834464e-07 2.50486380082293e-07 2.44986608777253e-07 2.37429915728171e-07 2.25668316033989e-07 2.08767445997182e-07 1.8778720800583e-07 1.6383563661293e-07 1.51688226424085e-07 1.44429336046414e-07 1.42804097436056e-07 1.42286282311943e-07 1.41984941137707e-07 1.41653075047543e-07 1.40944763415973e-07 1.40266735115802e-07 1.39695160328301e-07 1.39159979539727e-07
5.19052775871387e-07 5.05041384712968e-07 4.92911169658328e-07 4.83510234516871e-07 4.7557895754835e-07 4.7123137392191e-07 4.67903021217353e-07 4.61080077229781e-07 4.53821741075444e-07 4.44466763838136e-07 4.36209688814415e-07 4.33537564958897e-07 4.28761893545015e-07 4.18907092125664e-07 4.11697641311548e-07 4.08119916528449e-07 4.06111865913772e-07 4.05388107083127e-07 3.67051882221858e-07 3.10899480382432e-07 2.7672089686348e-07 2.47792570462479e-07 2.3954692096595e-07 2.32913151876346e-07 2.29059565981515e-07 2.25581999302449e-07 2.23678156885398e-07 2.21445432657674e-07 2.18518394490275e-07 2.12703767488165e-07 2.03359917350099e-07 1.89714413068032e-07 1.72935656905793e-07 1.62696963457165e-07 1.55166745230417e-07 1.53726020357681e-07 1.53482346831879e-07 1.52804489061964e-07 1.52000495745597e-07 1.50121522324298e-07 1.48302362390496e-07 1.46693551528188e-07 1.45341019219813e-07
4.36102709500119e-07 4.28576839794914e-07 4.21940711703428e-07 4.16153113746986e-07 4.10822423191348e-07 4.04358416972173e-07 3.97572080146347e-07 3.91025992030336e-07 3.8441930882982e-07 3.75512286154844e-07 3.66177658861488e-07 3.54667889723714e-07 3.42260818797513e-07 3.27687047274594e-07 3.16610226036573e-07 3.1033420100357e-07 3.05252711996218e-07 3.01148560311049e-07 2.80620668036136e-07 2.52313213877642e-07 2.33068703892059e-07 2.15989615526269e-07 2.10422101076801e-07 2.056531513972e-07 2.00996552734978e-07 1.97327892692556e-07 1.97793852407813e-07 1.98560101694056e-07 1.9996028299829e-07 1.99747290707819e-07 1.97562656012451e-07 1.91346259725833e-07 1.82193190312319e-07 1.73973717210174e-07 1.66140893043121e-07 1.64684138326265e-07 1.64480752573581e-07 1.63175457146281e-07 1.61657922603808e-07 1.58465752519987e-07 1.55390466716199e-07 1.52726173041628e-07 1.50567160517312e-07
3.61313169605637e-07 3.54273169023145e-07 3.49003215660559e-07 3.43907430533363e-07 3.38905380203869e-07 3.32354545662383e-07 3.25363259889855e-07 3.17439457830915e-07 3.09392504505013e-07 3.00596752822457e-07 2.91544097308361e-07 2.81184554751235e-07 2.70363671006635e-07 2.58428855204329e-07 2.47007335474336e-07 2.36290546240525e-07 2.28532272217308e-07 2.2319458992115e-07 2.10599722549887e-07 1.94567292055581e-07 1.84909239919762e-07 1.76774236138044e-07 1.75913015709739e-07 1.75496424503763e-07 1.74278127929028e-07 1.73592781038678e-07 1.75137870428443e-07 1.77330207407067e-07 1.80888932277412e-07 1.83418492838427e-07 1.84690193805181e-07 1.84000015224228e-07 1.81880821514824e-07 1.77502812448438e-07 1.72189359659569e-07 1.70736896620838e-07 1.70043421121591e-07 1.66751874530746e-07 1.63215290172047e-07 1.58224708002308e-07 1.53553671111695e-07 1.50006087551446e-07 1.47291999041954e-07
2.85500135532857e-07 2.78477301662861e-07 2.74047096127106e-07 2.69572581146349e-07 2.65074248773089e-07 2.58932971064496e-07 2.52324440452867e-07 2.43902462671031e-07 2.35310466223382e-07 2.27139906883167e-07 2.18850303213003e-07 2.09955103969151e-07 2.00976444375556e-07 1.9179624644039e-07 1.80858506837467e-07 1.6750790621245e-07 1.58349223511323e-07 1.52620259541436e-07 1.47215985180082e-07 1.41965514899312e-07 1.40518892521868e-07 1.39981125357735e-07 1.43095135740623e-07 1.46361983865972e-07 1.48201849015095e-07 1.50247515762203e-07 1.53154417148471e-07 1.56934547135279e-07 1.62558151828307e-07 1.67793359651114e-07 1.72553882293869e-07 1.76767116499832e-07 1.80581707809324e-07 1.79968452584944e-07 1.77521471300679e-07 1.76067089796561e-07 1.74807809116828e-07 1.69329396726425e-07 1.63583251833188e-07 1.56748129143125e-07 1.50462639680882e-07 1.46109684351359e-07 1.42889149401526e-07
2.0519935617358e-07 1.96138699948278e-07 1.90239745734289e-07 1.86077485864189e-07 1.82850342866914e-07 1.79295000179991e-07 1.75646320599299e-07 1.70582637792904e-07 1.65371133675762e-07 1.60079110855804e-07 1.54661975670933e-07 1.48608407357642e-07 1.42594430485588e-07 1.36676092665766e-07 1.29854669239649e-07 1.21793448215612e-07 1.16830889851371e-07 1.14403583495459e-07 1.12934529283848e-07 1.1191936977184e-07 1.12655008877027e-07 1.13808980017893e-07 1.17692714241002e-07 1.21709973655015e-07 1.24941223589303e-07 1.28611603145146e-07 1.34119815697886e-07 1.40196803499748e-07 1.47474509049061e-07 1.55253559341872e-07 1.63645353268294e-07 1.70031199786536e-07 1.74955957277234e-07 1.7777114180717e-07 1.79712671410925e-07 1.78228987124385e-07 1.76071992541438e-07 1.67526948757768e-07 1.58736014554961e-07 1.49854031405994e-07 1.41872220638106e-07 1.37055423010679e-07 1.33541647073798e-07
1.37770754804478e-07 1.28765307749745e-07 1.22921079537264e-07 1.19557242328483e-07 1.17528983878401e-07 1.16029639229964e-07 1.14680723584115e-07 1.12434136667616e-07 1.1008202704943e-07 1.07361920242965e-07 1.04522541732877e-07 1.0107643788615e-07 9.76450920120442e-08 9.42493656452825e-08 9.06907331454931e-08 8.69084644250506e-08 8.53461088468066e-08 8.56000355042852e-08 8.71510508204665e-08 8.93164724402595e-08 9.16852442855998e-08 9.41026030432113e-08 9.80879022449699e-08 1.02168627336141e-07 1.06070366712174e-07 1.10603920688845e-07 1.17781674191519e-07 1.25458129218714e-07 1.34187388312057e-07 1.44039105975935e-07 1.55262696921454e-07 1.63403385045058e-07 1.69298544960839e-07 1.74905821381799e-07 1.80393868731699e-07 1.78733728262159e-07 1.75668432689235e-07 1.64327303764367e-07 1.5279670151358e-07 1.42409149361811e-07 1.33248747147263e-07 1.28403002008781e-07 1.24851609939469e-07
9.84273142989878e-08 9.40438269481092e-08 9.15783076038679e-08 9.0073676517477e-08 8.90864342295572e-08 8.84868853745502e-08 8.79975985412784e-08 8.73872565421152e-08 8.6757580675112e-08 8.59403854747143e-08 8.50357366743992e-08 8.36862241726521e-08 8.20038650317656e-08 7.95178181078882e-08 7.73597150782734e-08 7.56518403477457e-08 7.57531068984463e-08 7.73345689708549e-08 7.99089434622147e-08 8.29536332958014e-08 8.57573922985466e-08 8.85035902342679e-08 9.11326267782897e-08 9.37779418563878e-08 9.6777377223134e-08 1.00512536960196e-07 1.07326798115537e-07 1.15081121521143e-07 1.24819990787728e-07 1.3571634838172e-07 1.48027396562611e-07 1.57011399437579e-07 1.63572039468818e-07 1.70583007275127e-07 1.77780449917009e-07 1.7562278742389e-07 1.71626126643787e-07 1.58079188850024e-07 1.44474654462101e-07 1.33762526388637e-07 1.24553125147031e-07 1.20627362321102e-07 1.17596052007229e-07
7.48028980979143e-08 7.33732576918555e-08 7.28928455373534e-08 7.2464942491024e-08 7.20653190455778e-08 7.18874986205265e-08 7.17727530741286e-08 7.19604784649164e-08 7.21809172432586e-08 7.24487136949392e-08 7.26551832030964e-08 7.25496818176907e-08 7.20397324016631e-08 7.05531775224699e-08 6.95378901127697e-08 6.91695873911158e-08 7.03553482139796e-08 7.2812603946204e-08 7.61906946422641e-08 8.00049519966706e-08 8.34208080391363e-08 8.67414655658649e-08 8.88285356381857e-08 9.08286779122136e-08 9.27971157693719e-08 9.55092787080503e-08 1.01334002522435e-07 1.08454905500821e-07 1.18312144081756e-07 1.29524664771452e-07 1.42393588475898e-07 1.51987933350028e-07 1.5919712836876e-07 1.66675278023831e-07 1.74264826569015e-07 1.71568757423302e-07 1.66850796290419e-07 1.51993802433026e-07 1.37205645955873e-07 1.26757896623531e-07 1.18015201167054e-07 1.15267582145862e-07 1.12957941666991e-07
7.09543144239433e-08 7.03798903600727e-08 7.01313069839671e-08 6.97957247552949e-08 6.94132964440541e-08 6.90557513394197e-08 6.8705276135006e-08 6.8636566652458e-08 6.86096868207642e-08 6.89334669345953e-08 6.92148773850931e-08 6.92807802238349e-08 6.92178403483013e-08 6.88437822304877e-08 6.86470826849472e-08 6.86938790295244e-08 7.02355507087304e-08 7.3000272493573e-08 7.6905742218969e-08 8.13515583786284e-08 8.5602316346467e-08 8.98064627108397e-08 9.23760126170237e-08 9.47251450611475e-08 9.5500709562657e-08 9.6907307067795e-08 1.00954871129488e-07 1.0654748905381e-07 1.15401853406638e-07 1.26014029433463e-07 1.38774623792415e-07 1.48686197576353e-07 1.5652258866794e-07 1.6328976926161e-07 1.69614139622354e-07 1.66328263162541e-07 1.61153238309453e-07 1.461131233782e-07 1.31261415958761e-07 1.2181899933239e-07 1.14191820443921e-07 1.12947141417408e-07 1.11612784792214e-07
6.90687969040482e-08 6.89498236283725e-08 6.88734402842783e-08 6.86375472014333e-08 6.83157637126897e-08 6.80261607044486e-08 6.77457023812167e-08 6.77120013392596e-08 6.771659855076e-08 6.8073539694069e-08 6.83706389281724e-08 6.83633771814129e-08 6.84226577618574e-08 6.86425991602846e-08 6.89132022557715e-08 6.92533603796619e-08 7.08216347788948e-08 7.33947231879029e-08 7.72645023516816e-08 8.17485030779608e-08 8.6452402570103e-08 9.1208853802982e-08 9.46440366078605e-08 9.78435608089967e-08 9.89343078572347e-08 1.00369959454838e-07 1.03249078620138e-07 1.07693537643172e-07 1.15442574610825e-07 1.25121843552733e-07 1.37160284907623e-07 1.46360719099903e-07 1.53493999732746e-07 1.59194257776107e-07 1.64301056315708e-07 1.60993693043565e-07 1.56032314180266e-07 1.41439059575532e-07 1.27076390299408e-07 1.18450714126084e-07 1.11578749795171e-07 1.10872932168604e-07 1.09896383548858e-07
6.8655602092349e-08 6.86922447812321e-08 6.8743347014788e-08 6.86126711002544e-08 6.83841108184424e-08 6.83482070940045e-08 6.83670862144936e-08 6.85869636640746e-08 6.88321506459033e-08 6.92051216333311e-08 6.94734723083457e-08 6.92096264742759e-08 6.91475321445978e-08 6.95725930199842e-08 7.00470295100786e-08 7.05892375663097e-08 7.1937144241474e-08 7.39442498343124e-08 7.73560344669022e-08 8.14331784226852e-08 8.63039133491839e-08 9.13642637101475e-08 9.59524584231986e-08 1.00378429124248e-07 1.0291542196228e-07 1.05381097625923e-07 1.0754830981341e-07 1.11129715207881e-07 1.17696572488057e-07 1.26193526739371e-07 1.37049440240844e-07 1.44767454912653e-07 1.50199838344633e-07 1.54566237142717e-07 1.58491175739073e-07 1.55588594452638e-07 1.51343868992626e-07 1.37669957211983e-07 1.24210785656942e-07 1.16260416405112e-07 1.09873433018493e-07 1.08983407187679e-07 1.07901541923638e-07
6.84461980426931e-08 6.87442067714983e-08 6.90462371721878e-08 6.92135131430405e-08 6.93082142788626e-08 6.9500224242347e-08 6.97199098453893e-08 7.01081503962087e-08 7.05141971479861e-08 7.09353074057617e-08 7.12485572762489e-08 7.10131473624642e-08 7.09054219782956e-08 7.11060081926007e-08 7.14941705837191e-08 7.21398620839864e-08 7.32197236175125e-08 7.46548209917819e-08 7.72938619775232e-08 8.05031774575582e-08 8.5064939980839e-08 8.99498502349161e-08 9.53787520074911e-08 1.00774961708794e-07 1.05151407581161e-07 1.09148800220282e-07 1.11559785409554e-07 1.15018089275054e-07 1.20687360549709e-07 1.27794820059535e-07 1.36660077032502e-07 1.42365465194416e-07 1.45769263326656e-07 1.49174141483854e-07 1.52579488599258e-07 1.50149119804155e-07 1.46571593973022e-07 1.34143263608166e-07 1.21914283113256e-07 1.14834513453843e-07 1.09083423183165e-07 1.08004044818699e-07 1.06856084869378e-07
6.83241196952622e-08 6.89288270905308e-08 6.95347068813135e-08 7.00825211197298e-08 7.05990714777727e-08 7.10079532950658e-08 7.13862178258751e-08 7.19062924758873e-08 7.24390361028782e-08 7.29220417383658e-08 7.33117602180755e-08 7.32269498371352e-08 7.31060509906456e-08 7.28980396047518e-08 7.30756042344183e-08 7.3782523202226e-08 7.45739114904609e-08 7.54344142706032e-08 7.71658150711119e-08 7.93097356677208e-08 8.33586071280479e-08 8.78626380540481e-08 9.39983948455847e-08 1.00255036272756e-07 1.06639475916381e-07 1.12383595762822e-07 1.15447932103052e-07 1.19100270978834e-07 1.23993899592278e-07 1.29623117572919e-07 1.36151342644553e-07 1.3961688694053e-07 1.40851611263315e-07 1.43454585099789e-07 1.46624174135468e-07 1.44694936921042e-07 1.41763393912697e-07 1.30720465563172e-07 1.19861681469047e-07 1.13736213336324e-07 1.08685696886823e-07 1.07414763306224e-07 1.06217513007323e-07
6.93350159508554e-08 7.03363340903707e-08 7.12991194973256e-08 7.21940338621607e-08 7.30523979086684e-08 7.3555710855544e-08 7.39580414688135e-08 7.4245029679787e-08 7.45221200304513e-08 7.48507318348857e-08 7.51519522168564e-08 7.53137783249258e-08 7.53760787119973e-08 7.51980451241252e-08 7.52591944319647e-08 7.56486926434263e-08 7.60672236310711e-08 7.65095080623723e-08 7.77459803202873e-08 7.93586494296505e-08 8.26796053843282e-08 8.64087326135632e-08 9.20257789971402e-08 9.78692753506039e-08 1.05121010562925e-07 1.11808816427583e-07 1.16136540384559e-07 1.20577951179257e-07 1.25259347782958e-07 1.29692978134699e-07 1.33823775172459e-07 1.35882118001973e-07 1.36430912789365e-07 1.38441023977975e-07 1.41056318625488e-07 1.39130648335595e-07 1.36312337417621e-07 1.26936029687386e-07 1.17729690884971e-07 1.12556129749919e-07 1.08275131083246e-07 1.07132414939315e-07 1.06167597380136e-07
7.0580320254976e-08 7.19968653584147e-08 7.33275342668094e-08 7.45626209663897e-08 7.57462501610462e-08 7.63186491781198e-08 7.67172210203171e-08 7.669562052115e-08 7.6637938661861e-08 7.67674208645985e-08 7.69459944649498e-08 7.73743380477754e-08 7.76604593966113e-08 7.76031612303996e-08 7.7567364087372e-08 7.75611042058699e-08 7.7589319857907e-08 7.76457440565537e-08 7.8472687903286e-08 7.96646020262415e-08 8.22131553945837e-08 8.50858512535524e-08 8.99306158430591e-08 9.50974765601131e-08 1.02980486360593e-07 1.10445824930139e-07 1.16163157315441e-07 1.21516748663453e-07 1.26102477793211e-07 1.2939901239406e-07 1.31119875845798e-07 1.31943309611415e-07 1.32113044060134e-07 1.33573550442634e-07 1.35568626546956e-07 1.33543579750039e-07 1.30728267322411e-07 1.23076773661523e-07 1.15581265447418e-07 1.11359128140975e-07 1.07861914955265e-07 1.06913567776701e-07 1.06239482988713e-07
7.37474650236436e-08 7.55329310209163e-08 7.72064794318794e-08 7.82459679271597e-08 7.89440335324798e-08 7.91866554550325e-08 7.9299745436856e-08 7.91227705576603e-08 7.89132528211667e-08 7.86265061947233e-08 7.8403303405139e-08 7.85033904548982e-08 7.86440992328608e-08 7.88829055409224e-08 7.90198058098213e-08 7.90167931086216e-08 7.89459022598749e-08 7.88194753909011e-08 7.94871510834128e-08 8.05309738893811e-08 8.25752550781544e-08 8.48585699486648e-08 8.87710456254354e-08 9.30111667685196e-08 1.00391225998919e-07 1.07496418877417e-07 1.13451314120994e-07 1.18785216329798e-07 1.22808174296551e-07 1.25562706898563e-07 1.26766934727129e-07 1.27666666571713e-07 1.28344595395902e-07 1.29077832866642e-07 1.29833978235183e-07 1.27560113583058e-07 1.24690615166401e-07 1.19009222032673e-07 1.13520847833115e-07 1.10935289399094e-07 1.08919216756931e-07 1.08905446438712e-07 1.09070249720844e-07
