Ecospace-environmental-drivers/Outputs/ASCII-for-ecospace/MOM6-ISIMIP3a/chl/1987-09_chl_MOM6-ISIMIP3a.asc
NCOLS 131 
NROWS 53 
XLLCORNER -98 
YLLCORNER 23.9265270233154 
CELLSIZE 0.133587792515755 
NODATA_value -9999 
[rows 19 to 37 of 53, columns 43 to 85 of 131]
4.08550079100678e-07 4.16066370689805e-07 4.30038198828697e-07 4.54406375638428e-07 4.8437249233757e-07 5.20737103215652e-07 5.58921442461724e-07 5.97874645791308e-07 6.35432172657602e-07 6.33182821729861e-07 6.31547607099492e-07 6.33036108865781e-07 6.39395750567928e-07 6.57517261970497e-07 6.79584388763033e-07 7.07068295469071e-07 7.42289273603092e-07 7.83840562235127e-07 7.99204087797989e-07 8.02163071966788e-07 7.679464033572e-07 7.24847211586166e-07 6.76546676459111e-07 6.29566443421936e-07 6.07003585173516e-07 5.88483146657381e-07 5.8688050330602e-07 5.6694273098401e-07 5.0829811470976e-07 4.56229088285909e-07 4.12196868637693e-07 3.83977265983049e-07 3.67275390544819e-07 3.43665249147307e-07 3.1719420690024e-07 2.81070839491804e-07 2.43050067183503e-07 2.07537638630129e-07 1.72771436268704e-07 1.44387456657569e-07 1.17928074416795e-07 9.82357093448627e-08 8.27023853844366e-08
3.20547059118326e-07 3.19831144679483e-07 3.22976262623342e-07 3.30165335071797e-07 3.39531908366553e-07 3.52384489588076e-07 3.66228505299659e-07 3.8321277884279e-07 4.00040136128155e-07 4.0395337919108e-07 4.0815331203703e-07 4.13811591215563e-07 4.22793021925827e-07 4.39798668594449e-07 4.64882532469346e-07 5.01056717894244e-07 5.48375226117059e-07 6.04811589255405e-07 6.36917775409529e-07 6.57499356293556e-07 6.43192038296547e-07 6.20548632923601e-07 5.75208389363979e-07 5.29522822034778e-07 5.01505326155893e-07 4.77898595363513e-07 4.72751622737633e-07 4.53147009693566e-07 4.03021118700053e-07 3.60389947218209e-07 3.26918780046981e-07 3.12277649072712e-07 3.11351953996564e-07 2.99801996561655e-07 2.83852159554954e-07 2.53022705010153e-07 2.19268258661032e-07 1.8529404144374e-07 1.52147890730703e-07 1.27170494579332e-07 1.04499868314178e-07 8.99399950071711e-08 7.8954528248687e-08
2.51929492378622e-07 2.47335350422873e-07 2.4604511850157e-07 2.45003775489749e-07 2.44096412416184e-07 2.44741670485382e-07 2.45828488232291e-07 2.48430893634577e-07 2.51179841370686e-07 2.53696384788782e-07 2.56406849530322e-07 2.60103774962772e-07 2.66019384298488e-07 2.7729225848816e-07 2.97214342026564e-07 3.29010617861059e-07 3.78330696548801e-07 4.41988220245548e-07 4.85372083858238e-07 5.19152763445163e-07 5.27472195699374e-07 5.29708074736845e-07 4.91926186896308e-07 4.51822131708468e-07 4.17933762264511e-07 3.88093042147375e-07 3.75192342971786e-07 3.53445472001113e-07 3.1302371894526e-07 2.79093967492372e-07 2.53098818348008e-07 2.48422850290808e-07 2.59275424241423e-07 2.58260826058176e-07 2.52331631145353e-07 2.26437506967159e-07 1.96618742620558e-07 1.63522443585862e-07 1.31383572465893e-07 1.09783300672461e-07 9.09542805516139e-08 8.18691532344928e-08 7.56548814706548e-08
2.47531431796233e-07 2.40020767705573e-07 2.34491920991786e-07 2.29488236413999e-07 2.2476733363419e-07 2.211218230741e-07 2.17782144318335e-07 2.15366696920682e-07 2.13053354514159e-07 2.10942687317583e-07 2.09082770652458e-07 2.08498477149988e-07 2.09499148695613e-07 2.14326917102881e-07 2.25388717467467e-07 2.45009033505994e-07 2.7953515768786e-07 3.26256838434347e-07 3.62820088639637e-07 3.9457154343836e-07 4.11841540426394e-07 4.25651450086661e-07 4.09079291330272e-07 3.90257326898791e-07 3.69068573036202e-07 3.49363830309812e-07 3.35869884793283e-07 3.14880026053288e-07 2.78065641623471e-07 2.46282468197023e-07 2.20648431081827e-07 2.15927158819795e-07 2.26438388040151e-07 2.30038978088487e-07 2.30777615684019e-07 2.08456143013791e-07 1.81601592430525e-07 1.48949311551405e-07 1.1751371431501e-07 1.00061143371022e-07 8.54271604566748e-08 8.07034581384869e-08 7.77829853859657e-08
2.46904164669104e-07 2.36641639617119e-07 2.27053718049319e-07 2.18518579231386e-07 2.10550311408042e-07 2.03324844960662e-07 1.96310608657768e-07 1.8980180982453e-07 1.83337945713902e-07 1.76690733155738e-07 1.70355590967119e-07 1.65607858093608e-07 1.61857713010249e-07 1.60516322011972e-07 1.6283495085645e-07 1.70178324765402e-07 1.89055356258905e-07 2.17368906874071e-07 2.4564891987211e-07 2.73913030923723e-07 2.98396059861261e-07 3.21975647921136e-07 3.26845679410326e-07 3.29740373672394e-07 3.22592057955262e-07 3.14325404815463e-07 3.01378378253503e-07 2.81875486507488e-07 2.48532700197757e-07 2.18536200691233e-07 1.92629556750035e-07 1.86890844133814e-07 1.95842133621227e-07 2.03383862640294e-07 2.10341866591079e-07 1.91518736869511e-07 1.67627661085135e-07 1.35528551936659e-07 1.04896948016631e-07 9.15704845283472e-08 8.10500822012727e-08 8.03959494533046e-08 8.04801558729196e-08
2.26979324224885e-07 2.15461525954197e-07 2.0452745275179e-07 1.94152875110376e-07 1.84079567588924e-07 1.74953953546719e-07 1.66097862575043e-07 1.58864622790134e-07 1.51850372276385e-07 1.46263658962198e-07 1.4093393474468e-07 1.36911594950107e-07 1.33466002694149e-07 1.31413059989427e-07 1.31615820464503e-07 1.34915353555698e-07 1.45351833680252e-07 1.61627554007282e-07 1.80462706111939e-07 2.00510228864914e-07 2.20894719404896e-07 2.41359742858549e-07 2.54178246450465e-07 2.66031094042773e-07 2.71475016688782e-07 2.75352988410305e-07 2.72677425527945e-07 2.63027573055297e-07 2.38654450868125e-07 2.12826876122563e-07 1.85221622928111e-07 1.75131262381001e-07 1.77798483491642e-07 1.856742670725e-07 1.95707102079723e-07 1.80886175371597e-07 1.61179613655804e-07 1.31985743223595e-07 1.04205831519266e-07 9.36708275389719e-08 8.54714059528305e-08 8.54839825592535e-08 8.5677584138466e-08
1.99108484366661e-07 1.86921013778374e-07 1.75469324403821e-07 1.64387827794599e-07 1.53505666844467e-07 1.43798629892444e-07 1.34425789610759e-07 1.27373567693212e-07 1.20660502034298e-07 1.16690870299863e-07 1.12835707000158e-07 1.0956283347241e-07 1.06536013788627e-07 1.04103328624205e-07 1.0276658457542e-07 1.02934436085889e-07 1.0645240422491e-07 1.12711369126828e-07 1.2352953149275e-07 1.36507281922604e-07 1.53114669387833e-07 1.70589302683766e-07 1.8934726142561e-07 2.08019287128991e-07 2.24157545858361e-07 2.38413250031044e-07 2.44790243186799e-07 2.44143222971616e-07 2.28667985879838e-07 2.07280223207817e-07 1.78666141437134e-07 1.64674858638136e-07 1.61334597237328e-07 1.69159477536596e-07 1.81608243110531e-07 1.70943451394123e-07 1.55735094153897e-07 1.29787579794538e-07 1.0513360848563e-07 9.70010489709239e-08 9.07073882672194e-08 9.08793680309827e-08 9.07978972009005e-08
1.3639672147292e-07 1.26107167375267e-07 1.17770802887662e-07 1.10948164433466e-07 1.04940610867743e-07 1.0043432752127e-07 9.63550093047161e-08 9.34539556851632e-08 9.07759556412202e-08 9.08639563590441e-08 9.05402899320507e-08 8.81225403759345e-08 8.60152837844907e-08 8.46577421498296e-08 8.43087519797336e-08 8.53443467008219e-08 8.8617603921648e-08 9.37216597662882e-08 1.02783531019668e-07 1.13720126648786e-07 1.2795972281765e-07 1.42988511697695e-07 1.58876957812026e-07 1.74989267520687e-07 1.93500255818435e-07 2.10386176036081e-07 2.20471065404126e-07 2.25099000772389e-07 2.18206935187482e-07 2.02446912567211e-07 1.75848455796768e-07 1.59932511678562e-07 1.51797536318554e-07 1.57883633278288e-07 1.69859148968499e-07 1.64025394155942e-07 1.54690766862586e-07 1.33485343667417e-07 1.13159785541939e-07 1.05723920285072e-07 9.95154181282487e-08 9.76223901716367e-08 9.55800771862414e-08
8.63801119521668e-08 7.88031471188333e-08 7.36441734261462e-08 7.04307865362352e-08 6.82650167505017e-08 6.75092692858925e-08 6.71545237196369e-08 6.73050024602162e-08 6.75853755183198e-08 6.99762807698789e-08 7.17117103476994e-08 7.011282576741e-08 6.88822510142018e-08 6.85410199707803e-08 6.92113459876964e-08 7.12703851490915e-08 7.48592796639969e-08 7.96998449459352e-08 8.78785044733377e-08 9.76383489614818e-08 1.10079270143615e-07 1.23160802445454e-07 1.36619732415966e-07 1.5045301893224e-07 1.69357505797052e-07 1.86986028438696e-07 1.99274424517171e-07 2.07578665367691e-07 2.07472069746473e-07 1.96561913412552e-07 1.72447613522309e-07 1.55302544158076e-07 1.43233791050079e-07 1.47529533478519e-07 1.58602404098929e-07 1.56979922394385e-07 1.52861844071595e-07 1.36632053227004e-07 1.20834357630883e-07 1.13639103460628e-07 1.07159820572633e-07 1.03197919543163e-07 9.92732793747564e-08
6.40624691072844e-08 6.09755659297662e-08 5.91294302410006e-08 5.81079397932172e-08 5.75304817118649e-08 5.73610776655187e-08 5.73077301169178e-08 5.81105261687753e-08 5.90000546196734e-08 5.98653073780042e-08 6.04472560894465e-08 5.95881068932158e-08 5.91406781325077e-08 5.96873874769699e-08 6.14459096937026e-08 6.48680895665166e-08 6.99952096283596e-08 7.65172600836195e-08 8.57176516433356e-08 9.61867172577513e-08 1.0807072925445e-07 1.20292824590251e-07 1.32282210074663e-07 1.44448875971648e-07 1.59428552137797e-07 1.73681115711588e-07 1.84890680543504e-07 1.93383186797291e-07 1.96139779973237e-07 1.88382273336174e-07 1.6777435973836e-07 1.509177849357e-07 1.36793630645116e-07 1.39186610681463e-07 1.48419871948136e-07 1.49656415260324e-07 1.49320982245627e-07 1.38576453423411e-07 1.27741756728028e-07 1.19792034070088e-07 1.12265368557019e-07 1.06226181628699e-07 1.00590490603736e-07
5.11534672398284e-08 5.07099464641669e-08 5.07367161617367e-08 5.08423276812664e-08 5.09903976819714e-08 5.10792226293688e-08 5.1151204161215e-08 5.21789935703509e-08 5.32656017071531e-08 5.3298840896332e-08 5.32760964233603e-08 5.29685557637549e-08 5.30173025481417e-08 5.39263353971364e-08 5.60645148084404e-08 5.9890140846619e-08 6.55316441111609e-08 7.26588567090403e-08 8.20100467535667e-08 9.24146803527037e-08 1.03711990107058e-07 1.15222590579833e-07 1.26259493526959e-07 1.3734279491473e-07 1.49575186014772e-07 1.61359309913678e-07 1.71267373616502e-07 1.79534353605959e-07 1.84336911956962e-07 1.79281940404508e-07 1.6217904885707e-07 1.46378326348895e-07 1.31526078916977e-07 1.32223476612126e-07 1.39360537332323e-07 1.423298527925e-07 1.44479884056636e-07 1.37910731723423e-07 1.30863924141522e-07 1.22305436889292e-07 1.1396920029938e-07 1.06414454137393e-07 9.94856748093298e-08
5.00813115422716e-08 4.99578938217837e-08 5.00460046737317e-08 4.99391354935597e-08 4.97272800714654e-08 4.96615299994119e-08 4.96373360192592e-08 5.03525150463702e-08 5.11177660200701e-08 5.11916624645892e-08 5.12546307618322e-08 5.12620204062841e-08 5.14459195244399e-08 5.20560199390729e-08 5.36824344976594e-08 5.67041169574622e-08 6.15719457641717e-08 6.79502250022779e-08 7.63564997896538e-08 8.57233786177858e-08 9.63965121059118e-08 1.07381758596148e-07 1.18116659564294e-07 1.2885037392607e-07 1.39816918931501e-07 1.50274303223341e-07 1.58600741428927e-07 1.66121651545836e-07 1.71941991311542e-07 1.6902329491586e-07 1.55423705905378e-07 1.41644221685056e-07 1.27733713384259e-07 1.26996283711378e-07 1.31714259055116e-07 1.34999439183048e-07 1.38002974381379e-07 1.33961279402683e-07 1.29223948874824e-07 1.2023998863242e-07 1.11393404722548e-07 1.03029790921028e-07 9.53337604414628e-08
4.94759220259766e-08 4.94553837881995e-08 4.95128240629583e-08 4.93411675961397e-08 4.90461609103932e-08 4.90516605111679e-08 4.91426241921999e-08 4.97729999437979e-08 5.04391088895773e-08 5.05792208116418e-08 5.07180821784914e-08 5.08505735297149e-08 5.10459976510447e-08 5.13933713364167e-08 5.24450456396153e-08 5.44636336030635e-08 5.80429357910361e-08 6.2899168540298e-08 6.97742592592476e-08 7.76056268136927e-08 8.71537082502982e-08 9.71119717974034e-08 1.06896813178992e-07 1.16675693107027e-07 1.26541053191431e-07 1.36044064902308e-07 1.4403062209567e-07 1.51528141145718e-07 1.57993241600707e-07 1.57266711653392e-07 1.47750554901904e-07 1.3679090216101e-07 1.24779845123157e-07 1.23229199289199e-07 1.26010547774058e-07 1.28842671642815e-07 1.31684771531582e-07 1.28526750131641e-07 1.24608973806062e-07 1.15440080605822e-07 1.06366634611277e-07 9.76287992671132e-08 8.9647848255936e-08
4.92206027047359e-08 4.91400342639281e-08 4.90977853928598e-08 4.8972122357327e-08 4.8801542362753e-08 4.90476601555656e-08 4.94122893712756e-08 5.01287225063152e-08 5.08623507755601e-08 5.10878521708946e-08 5.12952347264672e-08 5.14104563364981e-08 5.15246831866989e-08 5.16364906388844e-08 5.20661913583353e-08 5.29323145315175e-08 5.48369563091455e-08 5.75912899591913e-08 6.24954878958306e-08 6.84180250232203e-08 7.6465390463909e-08 8.50204457947257e-08 9.33691737259323e-08 1.01739288993485e-07 1.10626935168057e-07 1.1945485312026e-07 1.28032880297724e-07 1.36049038701458e-07 1.42879102327242e-07 1.44386675060559e-07 1.39389044306881e-07 1.31848182149952e-07 1.22454849815767e-07 1.20557203331373e-07 1.21763775950967e-07 1.23566124443641e-07 1.25485598800879e-07 1.21978402489731e-07 1.17762716911329e-07 1.08589283343008e-07 9.95016193883203e-08 9.07155524032532e-08 8.2811418167239e-08
4.90472835679157e-08 4.89981317741695e-08 4.89635887390705e-08 4.89892677535408e-08 4.90473759384713e-08 4.9469601748342e-08 4.99953856092361e-08 5.06555579704582e-08 5.13121278800099e-08 5.15000735390458e-08 5.16628375635264e-08 5.1697472969181e-08 5.17114884246439e-08 5.16757019397573e-08 5.17896836527143e-08 5.21092715644045e-08 5.304364592007e-08 5.44810170310939e-08 5.768266575501e-08 6.17200157648767e-08 6.79151597182681e-08 7.4625873480727e-08 8.13036038493919e-08 8.80273063330606e-08 9.54530605667969e-08 1.03127220540955e-07 1.11841011118941e-07 1.20085843491324e-07 1.27340683775401e-07 1.30751246274485e-07 1.29463302300792e-07 1.25270162243396e-07 1.18960912232069e-07 1.17338615268636e-07 1.17657350529043e-07 1.18637373702768e-07 1.19747397775427e-07 1.15720766302729e-07 1.11043213735229e-07 1.01865133217416e-07 9.28419865431351e-08 8.43635774572249e-08 7.69423280644332e-08
4.89091078748061e-08 4.8930566265426e-08 4.89497544720052e-08 4.91719269746227e-08 4.95034022662821e-08 5.00740888753626e-08 5.07128135041057e-08 5.12557214449316e-08 5.17732772209456e-08 5.18709803998263e-08 5.19406277987855e-08 5.18675449256989e-08 5.1773206166672e-08 5.16275271422728e-08 5.15570413028854e-08 5.15897831121492e-08 5.18557676798537e-08 5.23125898155286e-08 5.39267013266453e-08 5.60889930056874e-08 6.02812733063729e-08 6.4958584289343e-08 6.98646474006637e-08 7.48400807992766e-08 8.05964361916267e-08 8.6911690289071e-08 9.55659658075092e-08 1.03915191118631e-07 1.11620430232051e-07 1.16792087112572e-07 1.1886717032894e-07 1.17991298509423e-07 1.14965985176241e-07 1.13885761265919e-07 1.13611072549702e-07 1.13857673511575e-07 1.14206748946799e-07 1.09587737995298e-07 1.04378031551278e-07 9.51952685568358e-08 8.62703686266286e-08 7.82521567543881e-08 7.14878183316614e-08
4.8975152822095e-08 4.91032672300662e-08 4.92835781074064e-08 4.96618426382156e-08 5.01466956848162e-08 5.07206792121906e-08 5.13200042462358e-08 5.17201286243107e-08 5.2085418644765e-08 5.20607912335436e-08 5.20128722314439e-08 5.18464808862973e-08 5.16721669896469e-08 5.14787146244089e-08 5.13188318507218e-08 5.12050277734488e-08 5.11841591332995e-08 5.12393221185903e-08 5.20583718355283e-08 5.32392547825111e-08 5.60883677280799e-08 5.9336073832128e-08 6.31629220038121e-08 6.70494770815822e-08 7.1226025966098e-08 7.59088294444155e-08 8.27103789902139e-08 8.9707477002321e-08 9.7117428765614e-08 1.03156622799361e-07 1.0752047785445e-07 1.09135392278858e-07 1.08748018590177e-07 1.08629187423048e-07 1.08621563299494e-07 1.08612489668758e-07 1.08603117610073e-07 1.040640569272e-07 9.8963006678332e-08 9.00106940093792e-08 8.14160046047618e-08 7.4078741363337e-08 6.81484522147002e-08
4.90834501931658e-08 4.93256777645001e-08 4.96893299839485e-08 5.02153270076633e-08 5.0828738551445e-08 5.13759736975317e-08 5.19043901192617e-08 5.21564480493453e-08 5.23667331719935e-08 5.22131315960905e-08 5.20425871286534e-08 5.17858680382233e-08 5.15374516396605e-08 5.13090796516735e-08 5.10794677666127e-08 5.0848150578986e-08 5.06193629234986e-08 5.03926465000859e-08 5.05805957118355e-08 5.09649709101723e-08 5.26074082074501e-08 5.45504370563776e-08 5.74413370202365e-08 6.03754486405705e-08 6.29907148663733e-08 6.59844801020881e-08 7.0562279574915e-08 7.59059091137715e-08 8.28662720664397e-08 8.95881271389953e-08 9.60184962650601e-08 9.99532048240326e-08 1.02070110585828e-07 1.02999422324501e-07 1.03436903486909e-07 1.03270991758109e-07 1.02986462025001e-07 9.86664616675625e-08 9.38066477829125e-08 8.51334363005662e-08 7.69169403724845e-08 7.03062994489301e-08 6.52467022632663e-08
4.93978227211755e-08 4.97317849124101e-08 5.01698416144336e-08 5.07117476900021e-08 5.13095734788749e-08 5.17561673518685e-08 5.21597520730666e-08 5.21863867675165e-08 5.2164967456747e-08 5.18878238153775e-08 5.16048679344294e-08 5.12923463702464e-08 5.09786914903998e-08 5.06622939155932e-08 5.03793131656494e-08 5.01422015020125e-08 4.9908194910131e-08 4.96767249558161e-08 4.96907119895695e-08 4.98209651311754e-08 5.09109057134083e-08 5.22301455418983e-08 5.44935794266621e-08 5.67791325067901e-08 5.84425308147729e-08 6.03267693577436e-08 6.31352889968184e-08 6.70338664576775e-08 7.32336360442787e-08 7.97128620888543e-08 8.65336247102277e-08 9.13888769105142e-08 9.48124707633724e-08 9.6518078862573e-08 9.7512220520457e-08 9.77344214447839e-08 9.78048788624619e-08 9.3632479547523e-08 8.89540459070304e-08 8.08672169227975e-08 7.34186755835253e-08 6.82143692642967e-08 6.41923136868172e-08
