Ecospace-environmental-drivers/Outputs/ASCII-for-ecospace/MOM6-ISIMIP3a/chl/1987-12_chl_MOM6-ISIMIP3a.asc
NCOLS 131 
NROWS 53 
XLLCORNER -98 
YLLCORNER 23.9265270233154 
CELLSIZE 0.133587792515755 
NODATA_value -9999 
[rows 19 to 37 of 53, columns 0 to 42 of 131]
-9999 -9999 -9999 -9999 -9999 -9999 -9999 -9999 1.48681613154622e-06 1.59870273819251e-06 1.59865680871007e-06 1.60755962497205e-06 1.69630277468968e-06 1.84740690656326e-06 1.81891175543569e-06 1.75753757503117e-06 1.67259383943019e-06 1.5714639403086e-06 1.49742572830291e-06 1.43384875173069e-06 1.37020731472148e-06 1.3065545090285e-06 1.28848762415146e-06 1.27299426821992e-06 1.27062855881377e-06 1.26318604998232e-06 1.23928282391716e-06 1.22067751817667e-06 1.2113172260797e-06 1.18969774121069e-06 1.15546367851493e-06 1.14990746169497e-06 1.16182150122768e-06 1.19131027531694e-06 1.22665721846715e-06 1.2346645235084e-06 1.2386765320116e-06 1.2125607327107e-06 1.18672437565692e-06 1.16266744498716e-06 1.15786735932488e-06 1.20667402825347e-06 1.2562234132929e-06
-9999 -9999 -9999 -9999 -9999 -9999 -9999 -9999 1.38462155518937e-06 1.47712410125678e-06 1.59870273819251e-06 1.58970806296566e-06 1.60755962497205e-06 1.6339416788469e-06 1.61920706887031e-06 1.55703014570463e-06 1.48218134654599e-06 1.39863016102026e-06 1.32538207253674e-06 1.25611245493928e-06 1.20101208267442e-06 1.14841213871841e-06 1.13737792162283e-06 1.12780401195778e-06 1.12281429665018e-06 1.11508165900887e-06 1.09845586848678e-06 1.08724862002418e-06 1.08549716060224e-06 1.0631997611199e-06 1.01976081623434e-06 1.00660759017046e-06 1.01190403256624e-06 1.03405523077527e-06 1.06182460513082e-06 1.06812819922197e-06 1.07134621885052e-06 1.05803894712153e-06 1.04259902400372e-06 1.01357818493852e-06 1.00495083188434e-06 1.05309425180167e-06 1.10064627278916e-06
-9999 -9999 -9999 -9999 -9999 -9999 1.54190945522714e-06 1.51916867707769e-06 1.46343563756091e-06 1.38462155518937e-06 1.44804789670161e-06 1.59870273819251e-06 1.56286171204556e-06 1.45610158597265e-06 1.36957498853008e-06 1.3063947790215e-06 1.24416453672893e-06 1.18258674319804e-06 1.13147325464524e-06 1.08440019630507e-06 1.04001594536385e-06 9.9610610959644e-07 9.90672106127022e-07 9.85531755759439e-07 9.75817897597153e-07 9.6651456260588e-07 9.58542045736976e-07 9.5639177288831e-07 9.64401465353149e-07 9.44012356285384e-07 8.9440146666675e-07 8.73238434451196e-07 8.69405596404249e-07 8.78726950759301e-07 8.92433035915019e-07 8.96536960226513e-07 8.9932342461907e-07 9.0344548198118e-07 9.02456633866677e-07 8.68919869390083e-07 8.56116969316645e-07 9.01032137790025e-07 9.44191413054796e-07
-9999 -9999 -9999 -9999 -9999 -9999 1.54421024944895e-06 1.54190945522714e-06 1.49642778524139e-06 1.43078386827256e-06 1.38462155518937e-06 1.36081928303611e-06 1.31022216010024e-06 1.20660547509033e-06 1.13188912109763e-06 1.09051916297176e-06 1.05258345683978e-06 1.01700629784318e-06 9.90206103779201e-07 9.66795141721377e-07 9.3309040494205e-07 8.97569179869606e-07 8.9386503532296e-07 8.89932664449589e-07 8.78293121786555e-07 8.68137362886046e-07 8.62792603584239e-07 8.62683464220027e-07 8.71710994942987e-07 8.64231651576119e-07 8.39767153593129e-07 8.24490086870355e-07 8.14810050542292e-07 8.09335631402064e-07 8.05263084657781e-07 8.02527608811943e-07 8.00061002337316e-07 8.0926798773362e-07 8.14423060546687e-07 7.93774574958661e-07 7.92197567989206e-07 8.43711177367368e-07 8.95929019861796e-07
-9999 -9999 -9999 -9999 1.7424175666747e-06 1.61031925927091e-06 1.54905660565419e-06 1.54166457377869e-06 1.54190945522714e-06 1.45094622894248e-06 1.3456584611049e-06 1.18554237360513e-06 1.04949288015632e-06 9.61064529292344e-07 9.04735770745901e-07 8.85445103904203e-07 8.71151030423789e-07 8.60288423609745e-07 8.56320184539072e-07 8.55014093303907e-07 8.32317823551421e-07 8.05846866569482e-07 8.03687612460635e-07 8.00799057287804e-07 7.8739714126641e-07 7.76380090883322e-07 7.73095450767869e-07 7.74486977661581e-07 7.84038718393276e-07 7.89756484209647e-07 7.9152920307024e-07 7.83150028382806e-07 7.68586403410154e-07 7.49250261833367e-07 7.28323300336342e-07 7.18721196335537e-07 7.10829397121415e-07 7.23110474609712e-07 7.32796195279661e-07 7.25954407698737e-07 7.3619082741061e-07 7.93968922607746e-07 8.55318660342164e-07
-9999 -9999 -9999 -9999 2.04474008569377e-06 1.76555442976678e-06 1.67158191288763e-06 1.54905660565419e-06 1.53402777414158e-06 1.34275239815906e-06 1.16277112738317e-06 1.02601870821672e-06 9.1923368472635e-07 8.71745498898235e-07 8.3621540625245e-07 8.14483144040423e-07 7.9823701071291e-07 7.85758345500653e-07 7.7740907045154e-07 7.70654253301473e-07 7.64439334943745e-07 7.58319686156028e-07 7.59565125463268e-07 7.59104807457334e-07 7.4308570674475e-07 7.30149281480408e-07 7.2720820298855e-07 7.30085048417095e-07 7.43114640044951e-07 7.52805647152854e-07 7.59061322241905e-07 7.56637405174843e-07 7.48926083815604e-07 7.33637079974869e-07 7.15822238817054e-07 7.04792398664722e-07 6.94757034125359e-07 6.92600565344037e-07 6.90740534992074e-07 6.90768729327829e-07 7.02961813203729e-07 7.4901907964886e-07 8.03637135504687e-07
-9999 -9999 -9999 -9999 -9999 2.04474008569377e-06 1.7968393422052e-06 1.79410722012108e-06 1.52955794874288e-06 1.25650274185318e-06 1.01652676676167e-06 9.03163822840725e-07 8.2071159113184e-07 7.99423162334278e-07 7.74393811298069e-07 7.45047998407244e-07 7.24242909200257e-07 7.09303208168421e-07 6.97985058195627e-07 6.88065313170227e-07 6.94546201884805e-07 7.03921330114099e-07 7.09487494532368e-07 7.12758946974645e-07 6.97603525168233e-07 6.85626105223491e-07 6.83952805502486e-07 6.88538023041474e-07 7.04044794019865e-07 7.16730824024125e-07 7.26514201687678e-07 7.2871659995144e-07 7.26300811493275e-07 7.14509610588721e-07 6.99593329045456e-07 6.87617728090117e-07 6.76036961522186e-07 6.62847014609724e-07 6.52257710953563e-07 6.5822968053908e-07 6.71563668674935e-07 7.05391641986353e-07 7.53189794977516e-07
-9999 -9999 -9999 -9999 -9999 2.05246419682226e-06 2.04474008569377e-06 1.79945334366494e-06 1.54004851538048e-06 1.26647250908718e-06 1.03095192116598e-06 9.41090775086195e-07 8.61347984937311e-07 8.01626470092742e-07 7.41944177207188e-07 6.82307131683046e-07 6.45513352992566e-07 6.24406993665616e-07 6.16312036072486e-07 6.13241184055369e-07 6.15819601534895e-07 6.19394938894402e-07 6.33297815966216e-07 6.46017042527092e-07 6.46988382868585e-07 6.48590457785758e-07 6.5223741785303e-07 6.59508827993704e-07 6.73105148507602e-07 6.84496797020984e-07 6.93619767844211e-07 6.94621178354282e-07 6.90675051373546e-07 6.79972856687527e-07 6.670186962765e-07 6.56210431770887e-07 6.45707416424557e-07 6.36410106835683e-07 6.29440648935997e-07 6.37295556771278e-07 6.48193577035272e-07 6.67562744638417e-07 7.08153834239056e-07
-9999 -9999 2.0719005533465e-06 2.06903541766223e-06 2.06531467483728e-06 2.06019763027143e-06 2.05245510187524e-06 1.80311337771855e-06 1.54035251398454e-06 1.2693426469923e-06 1.03632999071124e-06 9.48754006913077e-07 8.60639204347535e-07 7.71458076087583e-07 6.89786304519657e-07 6.16779118445265e-07 5.72447618196747e-07 5.47809008821787e-07 5.40432893103571e-07 5.39722407211229e-07 5.39877817118395e-07 5.40185965292039e-07 5.60224805212783e-07 5.80203959543724e-07 5.96085442339245e-07 6.10517247423559e-07 6.20248613358854e-07 6.3080921108849e-07 6.42817099105741e-07 6.53058691568731e-07 6.61482772557065e-07 6.60670934848895e-07 6.54232621855044e-07 6.43336250050197e-07 6.3095393443291e-07 6.22550942352973e-07 6.14707005297532e-07 6.0812158153567e-07 6.03791022513178e-07 6.13820191119885e-07 6.23819801148784e-07 6.33737045063754e-07 6.66834978346742e-07
-9999.000000000000000 -9999 -9999 -9999 2.08159394787799e-06 2.07043171940313e-06 2.07514835892653e-06 1.80309439201665e-06 1.51843119056139e-06 1.2567224985105e-06 1.02196861462289e-06 8.90386104401841e-07 7.69721225424291e-07 6.70659403567697e-07 5.94627920236235e-07 5.45169882570917e-07 5.11739699504687e-07 4.89316448692989e-07 4.77195101211692e-07 4.69051741447402e-07 4.70012082587346e-07 4.72578932431134e-07 4.9395191581425e-07 5.16417344442743e-07 5.4455449571833e-07 5.70180247905228e-07 5.87663123496895e-07 6.02828777118702e-07 6.13950589922752e-07 6.23357095719257e-07 6.30998499673296e-07 6.27037479716819e-07 6.16008321685513e-07 6.02118007009267e-07 5.87273973451374e-07 5.83977453061379e-07 5.8224298982168e-07 5.75793194457219e-07 5.71961152218137e-07 5.84800204705971e-07 5.97256189394102e-07 6.08645734700985e-07 6.33626370927232e-07
-9999 -9999 -9999 -9999 2.10482198781392e-06 2.11415272133308e-06 2.10471557693381e-06 1.78546622464637e-06 1.45580736443662e-06 1.19529647690797e-06 9.58871964940045e-07 8.14639520285709e-07 6.86853695697209e-07 5.91611239997292e-07 5.24855806816049e-07 4.90969966904231e-07 4.65078755951254e-07 4.44677766608947e-07 4.29453194783491e-07 4.16227379673728e-07 4.17386786466523e-07 4.21084706658803e-07 4.43194238641809e-07 4.66842607238505e-07 4.99954921906465e-07 5.30164754763973e-07 5.5096342066463e-07 5.69002850170364e-07 5.82227187351236e-07 5.91598052324116e-07 5.9700380461436e-07 5.90219997320673e-07 5.76010506847524e-07 5.612109816866e-07 5.46214721452998e-07 5.44072349839553e-07 5.43689623100363e-07 5.40954260941362e-07 5.39997984105867e-07 5.50371453300613e-07 5.60849116482132e-07 5.71616908473516e-07 5.89537194173317e-07
-9999 -9999 -9999 -9999 2.12201712201932e-06 2.12988129533187e-06 2.1395919702627e-06 1.74568401689612e-06 1.34197648549161e-06 1.07246887637302e-06 8.3446246890162e-07 7.17029195129726e-07 6.14114242125652e-07 5.39927043519128e-07 4.87021736716997e-07 4.58672417380512e-07 4.36090147104551e-07 4.17468413616007e-07 4.01206250444375e-07 3.85855202011953e-07 3.86451347367256e-07 3.8986166828181e-07 4.11955852541723e-07 4.35147512689582e-07 4.64075583295198e-07 4.90553588861076e-07 5.09087669797736e-07 5.27822976437164e-07 5.46909575405152e-07 5.57250587007729e-07 5.58592716970452e-07 5.49396872884245e-07 5.33781417288992e-07 5.20695323302789e-07 5.08452387748548e-07 5.02491900533641e-07 4.97475298288919e-07 5.02956879699923e-07 5.07867071064538e-07 5.09138033066847e-07 5.12058306867402e-07 5.19569709922507e-07 5.31759553723532e-07
-9999 -9999 -9999 -9999 2.12988129533187e-06 2.14163605960493e-06 2.15543491322023e-06 1.73455123331223e-06 1.30439730128273e-06 1.02530600543105e-06 7.81270500738174e-07 6.71413147301791e-07 5.7661895880301e-07 5.11630446453637e-07 4.63916251192131e-07 4.36133831271945e-07 4.13769157603383e-07 3.95125141494646e-07 3.77951693053546e-07 3.61346081945157e-07 3.6285635474087e-07 3.67563558256734e-07 3.87721144079478e-07 4.08997038903181e-07 4.36772864986779e-07 4.61105656768268e-07 4.74274770567717e-07 4.8993115342455e-07 5.09928099745593e-07 5.19141337917972e-07 5.17258342824789e-07 5.08146115407726e-07 4.94629887271003e-07 4.82315272165579e-07 4.70401118946029e-07 4.63741571365972e-07 4.5789414571118e-07 4.63983894860576e-07 4.68732906711011e-07 4.64943497036074e-07 4.63333662992227e-07 4.67791267055873e-07 4.75663000543136e-07
-9999 -9999 -9999 -9999 2.14231749851024e-06 2.15543491322023e-06 1.77023810010724e-06 1.74490583049192e-06 1.32400748498185e-06 1.03489242064825e-06 7.81492303758569e-07 6.64793390114937e-07 5.65557172649278e-07 5.00874818953889e-07 4.51857346206452e-07 4.20914574306153e-07 3.96448967876495e-07 3.76431501081242e-07 3.58441468506498e-07 3.41234311918015e-07 3.44766789339701e-07 3.51959215549869e-07 3.68739279110741e-07 3.87005087532089e-07 4.15902718486905e-07 4.39280228192729e-07 4.44759137963047e-07 4.54505453717502e-07 4.71698740511783e-07 4.7821060888964e-07 4.73731546435374e-07 4.66574704205414e-07 4.57786597962695e-07 4.45536812776481e-07 4.32133163030812e-07 4.27113832301984e-07 4.23287985995557e-07 4.24279193111943e-07 4.24346239924489e-07 4.185280602087e-07 4.14658728686845e-07 4.16214447795937e-07 4.20827319658201e-07
-9999 -9999 -9999 -9999 2.15543491322023e-06 1.74740080183255e-06 1.56500448156294e-06 1.4460605370914e-06 1.4084421309235e-06 1.09839311335236e-06 8.21832884412288e-07 6.73453484978381e-07 5.53858285456954e-07 4.91218827392004e-07 4.42182567894633e-07 4.08842311117041e-07 3.82374452101431e-07 3.60626131623576e-07 3.42265394692731e-07 3.25212710095002e-07 3.29077494143348e-07 3.36633547703968e-07 3.49159165580204e-07 3.62839216450084e-07 3.85232908683975e-07 4.03527167236462e-07 4.08529388096213e-07 4.16455890217549e-07 4.29485453423695e-07 4.340134580616e-07 4.29793516332211e-07 4.2415805978635e-07 4.17660288576371e-07 4.06856031531788e-07 3.94616279209004e-07 3.89191228578056e-07 3.84727826485687e-07 3.83015787974728e-07 3.80733041538406e-07 3.74815812165252e-07 3.70610592881349e-07 3.71171239521573e-07 3.73506793494016e-07
-9999 -9999 -9999 -9999 -9999 1.53085431975342e-06 1.49892571243981e-06 1.50404719079233e-06 1.52065911152022e-06 1.18500020107604e-06 8.79367462403025e-07 6.88662282755104e-07 5.41886379323842e-07 4.82034067772474e-07 4.33529606880256e-07 3.9811880014895e-07 3.696909232076e-07 3.46058584455022e-07 3.27518222320577e-07 3.10944074044528e-07 3.1441686587641e-07 3.21427336302804e-07 3.29322659808895e-07 3.37741653311241e-07 3.50363166035095e-07 3.61805064130749e-07 3.69422139101516e-07 3.77281793362272e-07 3.85564760563284e-07 3.88416395935565e-07 3.85679271630579e-07 3.81379180680597e-07 3.76126934042986e-07 3.67359916708665e-07 3.57421299668204e-07 3.50713662555791e-07 3.44473079394447e-07 3.41084415822479e-07 3.37451353971119e-07 3.32262089841606e-07 3.28545411321102e-07 3.28928166482001e-07 3.29407072285903e-07
-9999 -9999 -9999 -9999 -9999 1.51196422848443e-06 1.52863265157066e-06 1.54666952312255e-06 1.52188613355975e-06 1.19126673325809e-06 8.87358794443571e-07 6.85690793034155e-07 5.3194077054286e-07 4.73007105483703e-07 4.2505922692726e-07 3.89787260246521e-07 3.60383239694784e-07 3.35009019636345e-07 3.15648946980218e-07 2.9861115535823e-07 3.01117665912898e-07 3.07073179328654e-07 3.12598359641925e-07 3.18313141178805e-07 3.25686727364882e-07 3.32754467535779e-07 3.38830574264648e-07 3.43601868735277e-07 3.4609612953318e-07 3.46805933304495e-07 3.45679609381477e-07 3.42808448294818e-07 3.3887437211888e-07 3.33248266315422e-07 3.27058188531737e-07 3.20736035064328e-07 3.14412289981192e-07 3.10403947878513e-07 3.06276859873833e-07 3.01393555446339e-07 2.97199733267917e-07 2.94925314392458e-07 2.92604141804986e-07
-9999 -9999 -9999 -9999 -9999 1.4862024499962e-06 1.50833420775598e-06 1.5351812407971e-06 1.50014909650054e-06 1.18091077183635e-06 8.85099609604367e-07 6.78957746913511e-07 5.22414438819396e-07 4.64012799739066e-07 4.16626647847806e-07 3.81950627570404e-07 3.5177401969122e-07 3.2468736321789e-07 3.04375134874135e-07 2.86678755401226e-07 2.8810018193326e-07 2.92895322218101e-07 2.965179533021e-07 3.00057564572853e-07 3.03119264799534e-07 3.06325603105506e-07 3.10000928038789e-07 3.1105872722037e-07 3.07548646105715e-07 3.06020353946224e-07 3.06531262594945e-07 3.0510838655573e-07 3.02507487504045e-07 3.00250690088433e-07 2.98108631113791e-07 2.92517086109001e-07 2.86460675624767e-07 2.82051331623734e-07 2.77607369980615e-07 2.72942713763769e-07 2.68071943310133e-07 2.62627338543098e-07 2.57310944107303e-07
-9999 -9999 -9999 -9999 -9999 -9999 1.42164037697512e-06 1.44315197303513e-06 1.41873113079782e-06 1.11942688363342e-06 8.43084251300752e-07 6.54629275231855e-07 5.10121935803909e-07 4.52574681730766e-07 4.0647972809893e-07 3.73598965097699e-07 3.44062812018819e-07 3.16823559387558e-07 2.97625348366637e-07 2.8153206699244e-07 2.8080808078812e-07 2.82796293049614e-07 2.8519809802674e-07 2.87556389366728e-07 2.8947636110388e-07 2.91193430257408e-07 2.9225267894617e-07 2.92692476477896e-07 2.92051197448018e-07 2.92625088604836e-07 2.94449307602918e-07 2.93054881694843e-07 2.89699642053165e-07 2.88177290030944e-07 2.87265919496349e-07 2.82073443713671e-07 2.7629678811536e-07 2.71565710363575e-07 2.66699743178833e-07 2.60974815091686e-07 2.54714933589639e-07 2.46965896621987e-07 2.39272765156784e-07
