Ecospace-environmental-drivers/Outputs/ASCII-for-ecospace/MOM6-ISIMIP3a/chl/1989-08_chl_MOM6-ISIMIP3a.asc
NCOLS 131 
NROWS 53 
XLLCORNER -98 
YLLCORNER 23.9265270233154 
CELLSIZE 0.133587792515755 
NODATA_value -9999 
[rows 19 to 37 of 53, columns 0 to 42 of 131]
-9999 -9999 -9999 -9999 -9999 -9999 -9999 -9999 8.28252268547658e-07 8.89000716597366e-07 8.92527168616652e-07 9.02542694802833e-07 9.90110379461839e-07 1.1249080671405e-06 1.11457165985485e-06 1.0923085937975e-06 1.06486584172671e-06 1.03386616956413e-06 1.00749423381785e-06 9.82909227786877e-07 8.27675137315964e-07 6.49385583528783e-07 5.89154126373614e-07 5.35095068698865e-07 5.10929510255664e-07 4.87527358927764e-07 4.66600369009029e-07 4.46797201902882e-07 4.28955303277689e-07 4.07229009624643e-07 3.8150574255269e-07 3.59464735311121e-07 3.39666911486347e-07 3.31485438209711e-07 3.27176024939035e-07 3.29350882566359e-07 3.32510580847156e-07 3.47986713222781e-07 3.65042666317095e-07 3.92159336115583e-07 4.24926554387639e-07 4.73423511948567e-07 5.353178949008e-07
-9999 -9999 -9999 -9999 -9999 -9999 -9999 -9999 7.74028819705563e-07 8.21727212496626e-07 8.89000716597366e-07 8.86038094449759e-07 9.02542694802833e-07 9.42880490129028e-07 9.4105911330189e-07 8.90592673385981e-07 8.43528027871798e-07 7.98799646872794e-07 7.42941779208195e-07 6.82786321704043e-07 5.8029246474689e-07 4.70327137236382e-07 4.40329216644386e-07 4.14257101510884e-07 4.06308004130551e-07 3.97968875631705e-07 3.88365123171752e-07 3.75835014665427e-07 3.58198207095484e-07 3.36927115540675e-07 3.1191646598927e-07 2.91609381974922e-07 2.74167717861928e-07 2.64986482534368e-07 2.58558742416426e-07 2.58548112697099e-07 2.59499074672931e-07 2.70825267989494e-07 2.83230065178941e-07 3.02503536886434e-07 3.24712914334668e-07 3.55095124859872e-07 3.92555875805556e-07
-9999 -9999 -9999 -9999 -9999 -9999 7.26512951132463e-07 7.32678074655269e-07 7.47208218854212e-07 7.74028819705563e-07 8.02152044343529e-07 8.89000716597366e-07 8.66570871949079e-07 7.99758709035814e-07 7.24167477983428e-07 6.3844657915979e-07 5.66854396311101e-07 5.04965157688275e-07 4.58591273400089e-07 4.18208514929574e-07 3.839108160264e-07 3.50686946148926e-07 3.40778029794819e-07 3.32049467033357e-07 3.28902899582317e-07 3.25420245417263e-07 3.20847902912647e-07 3.11456631152396e-07 2.93655858740749e-07 2.74017878609811e-07 2.52489485319529e-07 2.35026917039249e-07 2.20041229681556e-07 2.09397811090639e-07 2.0020181068503e-07 1.95940643266113e-07 1.92420998246234e-07 1.97165505255725e-07 2.02793373205168e-07 2.1404677852388e-07 2.2652675113477e-07 2.42421180018937e-07 2.60353345993281e-07
-9999 -9999 -9999 -9999 -9999 -9999 7.24864548828918e-07 7.26512951132463e-07 7.38843255021493e-07 7.49447963244165e-07 7.74028819705563e-07 7.4342653988424e-07 6.94983498306101e-07 6.11238533565484e-07 5.34587115907925e-07 4.66120553710425e-07 4.12367370472566e-07 3.68718531262857e-07 3.36011140689152e-07 3.07528694065695e-07 2.86379417957505e-07 2.665242391231e-07 2.61691326386426e-07 2.57571656447908e-07 2.56654601571427e-07 2.55581909414104e-07 2.54004532962426e-07 2.48609040909287e-07 2.3655053382754e-07 2.23682306454975e-07 2.09980882459604e-07 1.97476438756894e-07 1.85701196642185e-07 1.75278472624996e-07 1.65306573762791e-07 1.58608301603635e-07 1.52402677144892e-07 1.51783396518113e-07 1.51948810866998e-07 1.57111330167936e-07 1.63229088911976e-07 1.72006025422888e-07 1.82062819931161e-07
-9999 -9999 -9999 -9999 8.63412992657686e-07 7.66385142014769e-07 7.24575329513755e-07 7.23505422683957e-07 7.26512951132463e-07 7.51173502067104e-07 7.46076693758368e-07 6.27081590209855e-07 5.17149487677671e-07 4.25150460614532e-07 3.53551115495065e-07 3.05489805896286e-07 2.71838331400431e-07 2.48082727694054e-07 2.28740674401706e-07 2.11102829439369e-07 1.98508388393748e-07 1.8680394475723e-07 1.8560265857559e-07 1.84840828865163e-07 1.8582468896966e-07 1.86860546591561e-07 1.88065016004657e-07 1.86679059765993e-07 1.80772588009859e-07 1.74919861706258e-07 1.69122444049208e-07 1.61642589091571e-07 1.53137804659309e-07 1.43216837500404e-07 1.32823828380424e-07 1.24047616623102e-07 1.15516073151412e-07 1.09932692282655e-07 1.05033102215657e-07 1.04488066199337e-07 1.04737175377068e-07 1.07196989063141e-07 1.10523821206243e-07
-9999 -9999 -9999 -9999 1.08684321276087e-06 8.75848343184771e-07 8.08194954515784e-07 7.24575329513755e-07 7.19428044249071e-07 6.53917766157974e-07 5.83208816351544e-07 4.92601657242631e-07 4.08387563766155e-07 3.36823603674929e-07 2.78838541589721e-07 2.36521444207938e-07 2.06529691126889e-07 1.85002321018146e-07 1.68746936424213e-07 1.54527270979088e-07 1.44564737070141e-07 1.35353445784858e-07 1.33007475255909e-07 1.31125105440333e-07 1.31853170159957e-07 1.33129674395605e-07 1.3618442551433e-07 1.37947637313118e-07 1.37457021764931e-07 1.36154781671394e-07 1.34017412278808e-07 1.29975774143531e-07 1.24774075516143e-07 1.17856821191253e-07 1.10367714967197e-07 1.03138219742505e-07 9.59567216796131e-08 9.04585988337203e-08 8.53841939374433e-08 8.30081177127795e-08 8.12583564879787e-08 8.12520681847673e-08 8.19571184251799e-08
-9999 -9999 -9999 -9999 -9999 1.08684321276087e-06 8.83779932792095e-07 8.91814522674395e-07 6.91994955559494e-07 5.56366046566836e-07 4.35355275385518e-07 3.70296561413852e-07 3.09130911091415e-07 2.55668538784448e-07 2.10131659628132e-07 1.73739536535322e-07 1.47503612879518e-07 1.28242433561354e-07 1.14871262724137e-07 1.03774446813532e-07 9.62840758234051e-08 8.94301308562717e-08 8.63376499182777e-08 8.37002573916834e-08 8.41689384856181e-08 8.55208597272394e-08 8.97365950436324e-08 9.37719946136895e-08 9.74926805952236e-08 9.98460194523432e-08 1.00792391322102e-07 9.9774148054621e-08 9.75590808138804e-08 9.34594197588012e-08 8.87315607656092e-08 8.3163548936227e-08 7.74834845174155e-08 7.23681523595587e-08 6.7447047058522e-08 6.37628403410417e-08 6.05397829644971e-08 5.86004276215135e-08 5.72071705562394e-08
-9999 -9999 -9999 -9999 -9999 1.17296588086901e-06 1.08684321276087e-06 8.31886666219361e-07 5.75340493469412e-07 4.5751639277114e-07 3.53335451563908e-07 3.01374768696405e-07 2.51552052077386e-07 2.05959793220245e-07 1.67757946201164e-07 1.38083521505905e-07 1.16024857277353e-07 9.91962920693368e-08 8.78215544730665e-08 7.85527376478967e-08 7.28341049693881e-08 6.77419649264266e-08 6.56487699757236e-08 6.38592112522929e-08 6.40526991446677e-08 6.47555395971722e-08 6.71099229521133e-08 6.9572131167206e-08 7.22225195204373e-08 7.43075148079697e-08 7.58107248088891e-08 7.59969722707865e-08 7.53809317188825e-08 7.32828340233027e-08 7.06907243852584e-08 6.72873881057967e-08 6.37725605656669e-08 6.03445968749838e-08 5.70154945478407e-08 5.43159579535768e-08 5.19241218910338e-08 5.03888557545906e-08 4.91926144263743e-08
-9999 -9999 1.36597827804508e-06 1.34230936055246e-06 1.31624528876273e-06 1.25919063975743e-06 1.17286379008874e-06 8.20033505988249e-07 4.74030088071231e-07 3.72577659391027e-07 2.83429983483074e-07 2.4137963805515e-07 2.0108851117584e-07 1.64278361580728e-07 1.33214669517656e-07 1.08781499363886e-07 8.99855621128154e-08 7.5060960114115e-08 6.56090577422219e-08 5.82703627571846e-08 5.43276215125843e-08 5.09841662221788e-08 4.98183467811941e-08 4.88280491595106e-08 4.8903036287129e-08 4.91952860670608e-08 5.01919927842209e-08 5.14564391096428e-08 5.31881134691048e-08 5.49016263562407e-08 5.65964519694262e-08 5.75316079221011e-08 5.80039767328344e-08 5.73948355508946e-08 5.64251898538259e-08 5.46951994806477e-08 5.28580699210579e-08 5.07360944368429e-08 4.8648903572257e-08 4.67832705908222e-08 4.51045956140206e-08 4.39463718748812e-08 4.29694715364803e-08
-9999.000000000000000 -9999 -9999 -9999 1.45149215313722e-06 1.37330005145486e-06 1.42588919516129e-06 9.13072426556027e-07 4.06198068958474e-07 3.17990497933351e-07 2.39956250425166e-07 2.00861151711251e-07 1.66149476399369e-07 1.401113678412e-07 1.15756236596098e-07 9.33429760152649e-08 7.58143698931235e-08 6.16402715536424e-08 5.39506288532721e-08 4.87648712521604e-08 4.66071092830589e-08 4.4983696767531e-08 4.45883614474951e-08 4.42913652420884e-08 4.45897185841204e-08 4.4991704584163e-08 4.57297097966602e-08 4.66155007927682e-08 4.7759197485675e-08 4.88762204042814e-08 4.99657986097191e-08 5.06558492929798e-08 5.11025071148197e-08 5.08638855478694e-08 5.03968387022269e-08 4.9268162882754e-08 4.80449884321388e-08 4.63968667929748e-08 4.47877610554315e-08 4.34270788218782e-08 4.22039612146818e-08 4.13637764040686e-08 4.06549247600196e-08
-9999 -9999 -9999 -9999 1.63598519975494e-06 1.72198588188621e-06 1.66757524766581e-06 1.00583019957412e-06 3.60181161340734e-07 2.78150139365607e-07 2.05679825171501e-07 1.69803740845964e-07 1.4060810826777e-07 1.24631228004546e-07 1.05451746890139e-07 8.25769674861476e-08 6.55686278605572e-08 5.25890300195897e-08 4.65321647880046e-08 4.31484217244815e-08 4.21082937407391e-08 4.14817407090595e-08 4.14771719192686e-08 4.1524341298782e-08 4.18891765718854e-08 4.22959018919755e-08 4.28384403505788e-08 4.34532871906868e-08 4.41943193152383e-08 4.48961792187674e-08 4.55577300328969e-08 4.60147475678241e-08 4.63471572231811e-08 4.62557707692213e-08 4.60231142085377e-08 4.52195045852477e-08 4.43341718892043e-08 4.30577209442617e-08 4.18250998279746e-08 4.08715727928666e-08 4.00212591955551e-08 3.9458278422444e-08 3.89910006504124e-08
-9999 -9999 -9999 -9999 1.7673278307484e-06 1.81266977961059e-06 1.86865679552284e-06 1.0982344065269e-06 3.41609393217368e-07 2.56862477954201e-07 1.82974346785159e-07 1.50649128727309e-07 1.26889759144433e-07 1.20079818088925e-07 1.04147503066088e-07 7.76893713805293e-08 6.02614207423358e-08 4.9034902360745e-08 4.44479155703448e-08 4.24246984209731e-08 4.1662634231443e-08 4.11231191321804e-08 4.10315905696734e-08 4.09836928838558e-08 4.12176426323185e-08 4.14970067197373e-08 4.19236378945698e-08 4.24030481838145e-08 4.29745590224684e-08 4.3489375656236e-08 4.39458567313977e-08 4.41850218635409e-08 4.42917986731572e-08 4.40667307088916e-08 4.37310454515227e-08 4.29049613615007e-08 4.20100967346571e-08 4.09767544340411e-08 3.99928055117016e-08 3.93233889894873e-08 3.87417813385582e-08 3.84046217050127e-08 3.81456217724008e-08
-9999 -9999 -9999 -9999 1.81266977961059e-06 1.88044225524209e-06 1.96000019059284e-06 1.14369095172151e-06 3.44497465221139e-07 2.49862978307647e-07 1.69041811659554e-07 1.41092201033644e-07 1.22809836966553e-07 1.23656235473391e-07 1.09477227283605e-07 7.79612534529406e-08 5.86672754820938e-08 4.77666937115373e-08 4.37660645502547e-08 4.2429764590679e-08 4.17410035424837e-08 4.11665119770532e-08 4.09458422723219e-08 4.07632789745094e-08 4.08337008650506e-08 4.09464107065105e-08 4.11962339796901e-08 4.14965590778138e-08 4.18850056860265e-08 4.22200869820699e-08 4.25002575354938e-08 4.25738235776407e-08 4.25215240795751e-08 4.22165449265322e-08 4.18273380375922e-08 4.11114911003096e-08 4.03506028590073e-08 3.96034742777829e-08 3.88985093024985e-08 3.84620655324852e-08 3.8088789011681e-08 3.78913576071227e-08 3.77736064649525e-08
-9999 -9999 -9999 -9999 1.88437070391956e-06 1.96000019059284e-06 1.16518629056372e-06 1.15393640953698e-06 3.63480637588509e-07 2.53579770514989e-07 1.61689058586489e-07 1.38733625476561e-07 1.25958820262895e-07 1.33328583729053e-07 1.19782498586574e-07 8.21028010022928e-08 5.98579603661165e-08 4.82129429713041e-08 4.41360228364829e-08 4.29814264180095e-08 4.2212398909669e-08 4.15114129737049e-08 4.11299723168668e-08 4.07830462734182e-08 4.06654585560773e-08 4.05820337334717e-08 4.06093860760848e-08 4.06978877265374e-08 4.08931093431875e-08 4.10539371387131e-08 4.11793728005705e-08 4.11265226318847e-08 4.09650660060379e-08 4.06204989644721e-08 4.02149034073318e-08 3.97088406600687e-08 3.91895440543522e-08 3.87609624397101e-08 3.83577223317388e-08 3.81158962170502e-08 3.79056643851072e-08 3.77833977438513e-08 3.77566209408542e-08
-9999 -9999 -9999 -9999 1.96000019059284e-06 1.04995581295952e-06 6.58563294564374e-07 4.03117525138441e-07 3.89564178249202e-07 2.62223124991579e-07 1.57887939167267e-07 1.41609504566986e-07 1.34993626943469e-07 1.4749726062746e-07 1.35133234380191e-07 9.40758084766458e-08 6.75838194297285e-08 5.10945561416065e-08 4.55652759967506e-08 4.42680523349281e-08 4.33736175864397e-08 4.25502619805229e-08 4.2009688172584e-08 4.15039806966888e-08 4.12372394009708e-08 4.10017939600493e-08 4.08678282326491e-08 4.07804314761506e-08 4.07743065977684e-08 4.07499598509276e-08 4.070686188129e-08 4.05242985834775e-08 4.02567756907501e-08 3.990119523678e-08 3.95162622623957e-08 3.91423853329798e-08 3.87707643767499e-08 3.85001861502587e-08 3.82484159899832e-08 3.81164433349568e-08 3.80069486993762e-08 3.79600457733886e-08 3.80020352963584e-08
-9999 -9999 -9999 -9999 -9999 4.98927136050042e-07 4.16073305586906e-07 4.18635949017698e-07 4.1869077449519e-07 2.72977871418334e-07 1.556089728183e-07 1.46728737604462e-07 1.4655097402283e-07 1.63592957846959e-07 1.52646322248984e-07 1.09405213777336e-07 7.8110502954587e-08 5.5019906852749e-08 4.74485197798913e-08 4.58696725047503e-08 4.48304788847054e-08 4.38865228602481e-08 4.3187515785803e-08 4.25254178537671e-08 4.21261745486845e-08 4.17576124789321e-08 4.14885441557544e-08 4.12406464533888e-08 4.10296898678553e-08 4.0815489654733e-08 4.05979427853254e-08 4.02842559310557e-08 3.99119990390773e-08 3.95576407186127e-08 3.92092545098421e-08 3.89343099982398e-08 3.86701124455158e-08 3.84887322013583e-08 3.83240355006365e-08 3.82655827024792e-08 3.82301266199647e-08 3.82586726743739e-08 3.8359910803365e-08
-9999 -9999 -9999 -9999 -9999 4.16084702692388e-07 4.22144864842267e-07 4.26466471026288e-07 4.15469600056895e-07 2.68719048790445e-07 1.52393326402489e-07 1.52520826190994e-07 1.60133069471158e-07 1.82555510264137e-07 1.77109939158981e-07 1.39509097607515e-07 1.03875294144018e-07 6.95923745297478e-08 5.6320477170857e-08 5.11617166409906e-08 4.90411551368197e-08 4.74567443120577e-08 4.59772984129359e-08 4.45840946383669e-08 4.38904095290127e-08 4.32612310419245e-08 4.2841225678103e-08 4.24663149090065e-08 4.21701038533229e-08 4.18533829815715e-08 4.1515558990568e-08 4.10770617520484e-08 4.05772340172916e-08 4.01486488499359e-08 3.97438171262365e-08 3.94292278826924e-08 3.91281069767047e-08 3.89649912335699e-08 3.88230745329565e-08 3.88161218722871e-08 3.88244068005861e-08 3.88750969193552e-08 3.89892846897055e-08
-9999 -9999 -9999 -9999 -9999 4.02795450327176e-07 4.10035909226281e-07 4.21332146061104e-07 4.05555653060219e-07 2.61353903852068e-07 1.48983872350072e-07 1.58452124310315e-07 1.74134086705635e-07 2.02111195335419e-07 2.03011637722739e-07 1.72669814446635e-07 1.32792877138854e-07 8.63677342977098e-08 6.66384067926629e-08 5.7217317106506e-08 5.38215978451717e-08 5.14891738134793e-08 4.91005955893797e-08 4.68573766454483e-08 4.58357440891177e-08 4.49195738383423e-08 4.43453522791515e-08 4.38503597877116e-08 4.34936282545095e-08 4.30924593786131e-08 4.26455670776704e-08 4.20835668535346e-08 4.14514431668067e-08 4.09330205286551e-08 4.04525017927426e-08 4.00695974178689e-08 3.97016854947196e-08 3.95421615451141e-08 3.94097163791685e-08 3.94497128297644e-08 3.94954682292337e-08 3.95572712363901e-08 3.96748305320216e-08
-9999 -9999 -9999 -9999 -9999 -9999 3.76205548491271e-07 3.82309139013159e-07 3.7196673474682e-07 2.45179279545482e-07 1.48048258097333e-07 1.64429465598914e-07 1.86527387313618e-07 2.19937135170767e-07 2.29869485224299e-07 2.12712592428943e-07 1.81444562485922e-07 1.40485752808672e-07 1.13253072697717e-07 9.13205440156162e-08 8.01368287284276e-08 7.08499356960601e-08 6.34510541885902e-08 5.65068880575836e-08 5.30075467963798e-08 4.98495147382982e-08 4.77981458857357e-08 4.61802756035468e-08 4.53188917504121e-08 4.46253878294556e-08 4.41046275057033e-08 4.3534569726944e-08 4.29344808594578e-08 4.23332977561586e-08 4.17317522760641e-08 4.12318570397474e-08 4.0747565321908e-08 4.04792821484534e-08 4.02395130549849e-08 4.01813302630671e-08 4.014594878754e-08 4.01740400945982e-08 4.02585627057306e-08
