Ecospace-environmental-drivers/Outputs/ASCII-for-ecospace/MOM6-ISIMIP3a/chl/1990-02_chl_MOM6-ISIMIP3a.asc
NCOLS 131 
NROWS 53 
XLLCORNER -98 
YLLCORNER 23.9265270233154 
CELLSIZE 0.133587792515755 
NODATA_value -9999 
[rows 19 to 37 of 53, columns 0 to 42 of 131]
-9999 -9999 -9999 -9999 -9999 -9999 -9999 -9999 1.61906280027324e-06 1.72652755736635e-06 1.72937029674358e-06 1.73896899013926e-06 1.82473252152704e-06 1.95919983525528e-06 1.9504525425873e-06 1.93161258721375e-06 1.87416435437626e-06 1.79020219093218e-06 1.75881621089502e-06 1.74773163053032e-06 1.67995631272788e-06 1.60217689426645e-06 1.54520785144996e-06 1.49371976476687e-06 1.48410731526383e-06 1.47284015383775e-06 1.45620742841857e-06 1.43422664677928e-06 1.40291308525775e-06 1.37809934130928e-06 1.35997390771081e-06 1.34954950681276e-06 1.34381650696014e-06 1.33614923925052e-06 1.32783713979734e-06 1.30408500353951e-06 1.27833675378497e-06 1.27176315345423e-06 1.26659085708525e-06 1.27034252273006e-06 1.26563145386172e-06 1.23736231216753e-06 1.2259674804227e-06
-9999 -9999 -9999 -9999 -9999 -9999 -9999 -9999 1.52051040913648e-06 1.61015032063005e-06 1.72652755736635e-06 1.72261445641197e-06 1.73896899013926e-06 1.77602862549975e-06 1.78806351414096e-06 1.77122365130344e-06 1.71796637005173e-06 1.63969946243014e-06 1.58073453349061e-06 1.52922291363211e-06 1.4669407164547e-06 1.40275778903742e-06 1.35838899950613e-06 1.31805745695601e-06 1.30775435991382e-06 1.29437569285074e-06 1.27102441638272e-06 1.2410644103511e-06 1.19957167044049e-06 1.16323826659936e-06 1.13221381070616e-06 1.11018107418204e-06 1.09362599687302e-06 1.07459277387534e-06 1.05473350231478e-06 1.02468345630768e-06 9.93353182821011e-07 9.798433211472e-07 9.67354935710318e-07 9.61371483754192e-07 9.49833918184595e-07 9.22835113215115e-07 9.10581547941547e-07
-9999 -9999 -9999 -9999 -9999 -9999 1.35087645958265e-06 1.37315487336309e-06 1.42871897423902e-06 1.52051040913648e-06 1.58341299538733e-06 1.72652755736635e-06 1.70234693541715e-06 1.63031961619708e-06 1.58507612013636e-06 1.5707366856077e-06 1.52271786646452e-06 1.45157002862106e-06 1.36958919938479e-06 1.28342526295455e-06 1.22845244732162e-06 1.17898389362381e-06 1.15264185751585e-06 1.12876352886815e-06 1.12119619188888e-06 1.10863913960202e-06 1.07990342712583e-06 1.04416551494069e-06 9.96208200376714e-07 9.49803791172599e-07 9.04997250472661e-07 8.69141047132871e-07 8.38737378217047e-07 8.05785646207369e-07 7.71984502989653e-07 7.40634163776122e-07 7.0970696697259e-07 6.9050821593919e-07 6.71757561576669e-07 6.55860333154124e-07 6.38514904949261e-07 6.17137914105115e-07 6.05691127475438e-07
-9999 -9999 -9999 -9999 -9999 -9999 1.34666640860814e-06 1.35087645958265e-06 1.39543340083037e-06 1.44805562740657e-06 1.52051040913648e-06 1.50320113334601e-06 1.46341756135371e-06 1.37916379117087e-06 1.32871957703173e-06 1.31728643282258e-06 1.28326064441353e-06 1.2337196722001e-06 1.18930165626807e-06 1.14686190499924e-06 1.11561621451983e-06 1.08634594653267e-06 1.07694518192147e-06 1.06793743270828e-06 1.05857975540857e-06 1.04549553725519e-06 1.02032856830192e-06 9.86379177447816e-07 9.37103777687298e-07 8.82591052686621e-07 8.22689230517426e-07 7.72239445723244e-07 7.27547785572824e-07 6.91867171553895e-07 6.5919022063099e-07 6.3260102933782e-07 6.06923492796341e-07 5.91012678796687e-07 5.75987485262885e-07 5.66602466278709e-07 5.55745373276295e-07 5.40790438208205e-07 5.29146632288757e-07
-9999 -9999 -9999 -9999 1.60644719926495e-06 1.42735041208653e-06 1.34387460093421e-06 1.34524805162073e-06 1.35087645958265e-06 1.43999034207809e-06 1.48084552620276e-06 1.3369864291235e-06 1.21239179406984e-06 1.12591646939109e-06 1.07660207504523e-06 1.07016580841446e-06 1.05134529349016e-06 1.0240198662359e-06 1.01941850516596e-06 1.02359183529188e-06 1.01650971373601e-06 1.00744136943831e-06 1.01395687579497e-06 1.01890202586219e-06 1.00791817203572e-06 9.94415017885331e-07 9.72743691818323e-07 9.4041843112791e-07 8.89500938683341e-07 8.26652183150145e-07 7.51526272324554e-07 6.86979376496311e-07 6.28877046437992e-07 5.91903358326817e-07 5.61972512969078e-07 5.41123597486148e-07 5.2158844709993e-07 5.10180598212173e-07 5.00039618600567e-07 4.97966993862065e-07 4.9416451020079e-07 4.85546479467303e-07 4.73695422442688e-07
-9999 -9999 -9999 -9999 2.01615171135927e-06 1.63841184530611e-06 1.51082622323884e-06 1.34387460093421e-06 1.34099298065848e-06 1.30431760680949e-06 1.24855910144106e-06 1.11975839445222e-06 1.01856824130664e-06 9.72011662270234e-07 9.62180138230906e-07 9.94723677649745e-07 9.99997041617462e-07 9.86542886494135e-07 9.82049527920026e-07 9.81016114565136e-07 9.84457983577158e-07 9.88689635050832e-07 9.95586106000701e-07 1.00135048342054e-06 9.97195570562326e-07 9.86772306532657e-07 9.56024678089307e-07 9.13004271296813e-07 8.48566855893296e-07 7.71132306454092e-07 6.80323921642412e-07 6.10849440363381e-07 5.54371410999011e-07 5.2559278174158e-07 5.0604722900971e-07 4.99402176501462e-07 4.94587311550276e-07 4.96336724609137e-07 4.9752213726606e-07 4.95116296406195e-07 4.92103026772384e-07 4.87398722270882e-07 4.76447553410253e-07
-9999 -9999 -9999 -9999 -9999 2.01615171135927e-06 1.68279495937895e-06 1.67777784554346e-06 1.33796356749372e-06 1.19010815069487e-06 1.04943546830327e-06 9.36255503347638e-07 8.5934510707375e-07 8.542021419089e-07 8.77484978900611e-07 9.33566809635522e-07 9.49516675063933e-07 9.37906122544518e-07 9.30425017031666e-07 9.24538539948117e-07 9.37043978410657e-07 9.52795005559892e-07 9.63451157076634e-07 9.73622945821262e-07 9.80687900664634e-07 9.77890522335656e-07 9.43116049256787e-07 8.9180525719712e-07 8.11637221431738e-07 7.1947499691305e-07 6.14970986134722e-07 5.42139105164097e-07 4.88601642700814e-07 4.68496409666841e-07 4.59535129948563e-07 4.65871096366755e-07 4.74352077617368e-07 4.8711041245042e-07 4.97710630043002e-07 4.94567473197094e-07 4.91785499434627e-07 4.90009313125483e-07 4.78993683827866e-07
-9999 -9999 -9999 -9999 -9999 2.03857734959456e-06 2.01615171135927e-06 1.69337567967887e-06 1.36498749725433e-06 1.17000899990671e-06 9.95721052277077e-07 9.00627640021412e-07 8.51835523008049e-07 8.94660502126499e-07 9.23133768537809e-07 9.3504741016659e-07 9.02841406968946e-07 8.40336497276439e-07 8.16294573269261e-07 8.07104697742034e-07 8.22269953459909e-07 8.41733196921268e-07 8.70964299792831e-07 9.0127639396087e-07 9.38813911943726e-07 9.6357609891129e-07 9.46915406530024e-07 8.97858114967676e-07 7.92265893778676e-07 6.84753786117653e-07 5.75266199120961e-07 5.05961736507743e-07 4.61136494323e-07 4.51801696499388e-07 4.54296923635411e-07 4.68252551399928e-07 4.83783594518172e-07 4.98131043968897e-07 5.09764163325599e-07 5.04111540067242e-07 4.99115060392796e-07 4.9594484607951e-07 4.80636401789525e-07
-9999 -9999 2.08056985684379e-06 2.07729385692801e-06 2.07588618650334e-06 2.06102959054988e-06 2.03855074687453e-06 1.73791158886161e-06 1.42785768275644e-06 1.17907939056749e-06 9.65253775575547e-07 8.85211875356617e-07 8.53329254368873e-07 9.16740248158021e-07 9.3838258408141e-07 9.11830511540757e-07 8.43744601297658e-07 7.47135516121489e-07 7.10784433977096e-07 6.97701239005255e-07 7.13706981514406e-07 7.3484608265062e-07 7.80542848133337e-07 8.28800580165989e-07 8.93918127076176e-07 9.41775056162442e-07 9.33666342461947e-07 8.82101289789716e-07 7.54701034111349e-07 6.38261326457723e-07 5.33099751010013e-07 4.73898978725629e-07 4.42697057678743e-07 4.45405845539426e-07 4.59418117770838e-07 4.78462027331261e-07 4.98128429171629e-07 5.07656295667402e-07 5.14549526542396e-07 5.04664456002502e-07 4.96201607802504e-07 4.91697790039325e-07 4.74026052188492e-07
-9999.000000000000000 -9999 -9999 -9999 2.09496579373081e-06 2.0907427824568e-06 2.10443658943404e-06 1.84558643923083e-06 1.56893884195597e-06 1.2517933782874e-06 9.85508449957706e-07 9.13895803478226e-07 8.74466820732778e-07 8.98720429631794e-07 8.87303201579925e-07 8.3472741607693e-07 7.57545819851657e-07 6.63466209971375e-07 6.24082531430759e-07 6.05818911481038e-07 6.18695594312157e-07 6.37067557818227e-07 6.94627715347451e-07 7.56042538796464e-07 8.42429074054962e-07 9.03639772786846e-07 8.8322030933341e-07 8.18758962850552e-07 6.77440596064116e-07 5.66085645914427e-07 4.85562452468002e-07 4.50813786301296e-07 4.43950540329752e-07 4.61480681224202e-07 4.87141903704469e-07 5.05751131640864e-07 5.23193421031465e-07 5.13919019340392e-07 5.03477053825918e-07 4.85599798594194e-07 4.70939426122641e-07 4.65233881641325e-07 4.49408787517314e-07
-9999 -9999 -9999 -9999 2.11702217711718e-06 2.13312478081207e-06 2.13668022297497e-06 1.91070557775674e-06 1.66239669852075e-06 1.2938385225425e-06 9.87766384241695e-07 9.20864295039792e-07 8.75690375323757e-07 8.73510543897282e-07 8.43812415496359e-07 7.8236246281449e-07 7.07857509496534e-07 6.24387041625596e-07 5.86361238674726e-07 5.65883283343283e-07 5.75442470562848e-07 5.90302306591184e-07 6.5407067495471e-07 7.2156274200097e-07 8.11160987268522e-07 8.68155041189311e-07 8.19433239485079e-07 7.39202562272112e-07 6.0398605228329e-07 5.09044184582308e-07 4.55544068245217e-07 4.42343718987104e-07 4.5369370127446e-07 4.80882590636611e-07 5.13351096742554e-07 5.26095107034052e-07 5.35842843873979e-07 5.08043285663007e-07 4.80821825021849e-07 4.57281970511758e-07 4.38767926880246e-07 4.34244583402688e-07 4.22208017880621e-07
-9999 -9999 -9999 -9999 2.13016187444737e-06 2.12719896808267e-06 2.12354052564478e-06 1.92228617379442e-06 1.69594045473787e-06 1.2972996046301e-06 9.6738278898556e-07 9.00512930002151e-07 8.5186042042551e-07 8.39254994389194e-07 8.09868765827559e-07 7.61120077186206e-07 7.04102376403171e-07 6.41405847545684e-07 6.10261622568942e-07 5.91300818086893e-07 5.97305529481673e-07 6.0771589005526e-07 6.7057794694847e-07 7.35240064386744e-07 8.05332433628791e-07 8.36004858228989e-07 7.38861956506298e-07 6.3924744608812e-07 5.35319713890203e-07 4.71042795879839e-07 4.47565838612718e-07 4.52260707106689e-07 4.74117598514567e-07 5.04470278883673e-07 5.37654784693586e-07 5.37701680514147e-07 5.32872491021408e-07 4.86896453821828e-07 4.43594558419136e-07 4.17322780776885e-07 3.97903932025656e-07 3.9756193359608e-07 3.91756969975177e-07
-9999 -9999 -9999 -9999 2.12719896808267e-06 2.12277041100606e-06 2.11757151191705e-06 1.90896957974473e-06 1.67588086696924e-06 1.28438011870458e-06 9.58220198299387e-07 8.821569963402e-07 8.2365556863806e-07 7.99904000814422e-07 7.74212367105065e-07 7.4628218271755e-07 7.14413204150333e-07 6.79839331496623e-07 6.62067463963467e-07 6.50783420041989e-07 6.553385674124e-07 6.62688876218454e-07 7.13142469521699e-07 7.61353476264048e-07 7.83011103067111e-07 7.72021280681656e-07 6.55175369956851e-07 5.56738143586699e-07 4.90425861698895e-07 4.54791631909757e-07 4.50724542133685e-07 4.64547753153965e-07 4.89269552872429e-07 5.15449187332706e-07 5.42114776180824e-07 5.26909218478977e-07 5.05691048147128e-07 4.53108981446348e-07 4.04393318831353e-07 3.80299809421558e-07 3.62631453754148e-07 3.62849192470094e-07 3.59769273927668e-07
-9999 -9999 -9999 -9999 2.12251370612648e-06 2.11757151191705e-06 1.86963507076143e-06 1.87697992259928e-06 1.61561808909028e-06 1.2591751783475e-06 9.57473389462393e-07 8.65297579366597e-07 7.92169487340288e-07 7.56731367346219e-07 7.37271363959735e-07 7.36247613986052e-07 7.3527371569071e-07 7.34334037133522e-07 7.34802711122029e-07 7.35815149255359e-07 7.4049950171684e-07 7.45831812309916e-07 7.75250271090044e-07 7.9679398368171e-07 7.48319962440291e-07 6.84162330344407e-07 5.69152177831711e-07 4.87313400299172e-07 4.63361658376016e-07 4.5485336386264e-07 4.62236101839153e-07 4.78612378174148e-07 5.00467535857751e-07 5.16971454089798e-07 5.31691739524831e-07 4.99317309277103e-07 4.60350918274344e-07 4.09840964721297e-07 3.63711535555922e-07 3.45478980534608e-07 3.31552655552514e-07 3.29613897065428e-07 3.26629105984466e-07
-9999 -9999 -9999 -9999 2.11757151191705e-06 1.78886830326519e-06 1.66536756296409e-06 1.57501938247151e-06 1.55497730247589e-06 1.20993752261711e-06 9.19580543268239e-07 8.38525522794953e-07 7.68204699852504e-07 7.19123761427909e-07 7.02575789546245e-07 7.2356561986453e-07 7.46424461794959e-07 7.70566828123265e-07 7.81199560151435e-07 7.8661577163075e-07 7.87441877037054e-07 7.87457963724592e-07 7.88532531714736e-07 7.79928996053059e-07 6.9048223849677e-07 6.0122619061076e-07 5.12588258061442e-07 4.5615817612088e-07 4.55933502507833e-07 4.6056914015935e-07 4.7020594706737e-07 4.80979394978931e-07 4.92445224153926e-07 4.9197296903003e-07 4.87521390368784e-07 4.47365039235592e-07 4.02316089775923e-07 3.63118004997887e-07 3.27559263268995e-07 3.15177061338545e-07 3.06055426335661e-07 3.06010434769632e-07 3.06004210415267e-07
-9999 -9999 -9999 -9999 -9999 1.52869529301825e-06 1.50289895373135e-06 1.54410338382149e-06 1.49417439843091e-06 1.15040018044965e-06 8.65767674440576e-07 8.0750504594107e-07 7.4746327527464e-07 6.83901248521579e-07 6.68842517370649e-07 7.09748974259128e-07 7.53413814891246e-07 7.98972905613482e-07 8.16308443063463e-07 8.22745732875774e-07 8.18004707525688e-07 8.11291045010876e-07 7.80889251927874e-07 7.40647010388784e-07 6.22724428467336e-07 5.20399794368132e-07 4.68649943741184e-07 4.4140435306872e-07 4.56920901115154e-07 4.68708094558679e-07 4.76657930903457e-07 4.78332992770447e-07 4.76185562092724e-07 4.55608244465111e-07 4.28887631187536e-07 3.84972423717045e-07 3.38840550284658e-07 3.14914331056571e-07 2.93348193736165e-07 2.86811854266489e-07 2.82950367136436e-07 2.86535026816637e-07 2.90743088271483e-07
-9999 -9999 -9999 -9999 -9999 1.39698158818646e-06 1.41781947604613e-06 1.38957409490104e-06 1.37298786739848e-06 1.0695788432713e-06 8.23800576199574e-07 7.98608141394652e-07 7.54738152863865e-07 6.73910506066022e-07 6.51359641778981e-07 6.96051131399145e-07 7.45506497423776e-07 7.98233429577522e-07 8.17244085737912e-07 8.23235552616097e-07 8.14693066786276e-07 8.03585805897455e-07 7.49805678879056e-07 6.8882064852005e-07 5.75581850625895e-07 4.80767766930512e-07 4.45693956407922e-07 4.30356351444061e-07 4.49460230811383e-07 4.62136767964694e-07 4.68199687020388e-07 4.59936700281105e-07 4.42946458178994e-07 4.08362552661856e-07 3.67914140042558e-07 3.2994014986798e-07 2.92494490850004e-07 2.8093830906073e-07 2.70790394552023e-07 2.69610836767242e-07 2.70413067937625e-07 2.76732180282124e-07 2.82541407159442e-07
-9999 -9999 -9999 -9999 -9999 1.26423685742338e-06 1.27022622109507e-06 1.31978083572903e-06 1.23930772133463e-06 9.84353846433805e-07 7.84284338806174e-07 7.94288666838838e-07 7.67809638091421e-07 6.69140263198642e-07 6.3723905441293e-07 6.82377844896109e-07 7.34517016098835e-07 7.91463719451713e-07 8.1110920291394e-07 8.16351359844703e-07 8.04372803031583e-07 7.89355340202746e-07 7.13872339019872e-07 6.34398816146131e-07 5.32704575562093e-07 4.49658898560301e-07 4.27079243081607e-07 4.20075110696416e-07 4.4025168222106e-07 4.52521845772935e-07 4.56656522374033e-07 4.3828171669702e-07 4.0619428887112e-07 3.58865605676328e-07 3.06456513499143e-07 2.76430768053615e-07 2.49692533316193e-07 2.49906008775724e-07 2.50643665822281e-07 2.54719680015114e-07 2.60062222423585e-07 2.68930619995444e-07 2.7580031769503e-07
-9999 -9999 -9999 -9999 -9999 -9999 1.10466476144211e-06 1.10132384634198e-06 1.08554775124503e-06 9.06339664652478e-07 7.69342022977071e-07 7.93907986462727e-07 7.75463774971286e-07 6.71914563099563e-07 6.28792122370214e-07 6.55392625503737e-07 7.02405429819919e-07 7.63436332817946e-07 7.88290947184578e-07 7.99176518739841e-07 7.85848669693223e-07 7.68247957694257e-07 6.87928320530773e-07 6.04925219249708e-07 5.11004600411979e-07 4.34208260458036e-07 4.12935463600661e-07 4.0454418126501e-07 4.18632225773763e-07 4.24767620188504e-07 4.22719921289172e-07 3.97667434981486e-07 3.58600658501018e-07 3.14404672963065e-07 2.68498979494325e-07 2.48249847345505e-07 2.3169496898845e-07 2.35751755894853e-07 2.40170237475468e-07 2.46892255972853e-07 2.5414408355573e-07 2.6287074206266e-07 2.70584138206686e-07
