Ecospace-environmental-drivers/Outputs/ASCII-for-ecospace/MOM6-ISIMIP3a/chl/1990-09_chl_MOM6-ISIMIP3a.asc
NCOLS 131 
NROWS 53 
XLLCORNER -98 
YLLCORNER 23.9265270233154 
CELLSIZE 0.133587792515755 
NODATA_value -9999 
[rows 19 to 37 of 53, columns 0 to 42 of 131]
-9999 -9999 -9999 -9999 -9999 -9999 -9999 -9999 1.3664711104866e-06 1.41623468152829e-06 1.38907591917814e-06 1.37820461532101e-06 1.36314190513076e-06 1.44629746046121e-06 1.38895677537221e-06 1.26545376133436e-06 1.17093634344201e-06 1.09632458134001e-06 1.00004410796828e-06 8.95396681244165e-07 7.31487205030135e-07 5.57119847144349e-07 5.07607921917952e-07 4.63490295032898e-07 4.41542198359457e-07 4.22709661052068e-07 4.13979108770945e-07 4.06066334335264e-07 3.99580642351793e-07 3.94953133309173e-07 3.92237637925064e-07 3.92821050354542e-07 3.95414161857843e-07 3.93784262087138e-07 3.90746720313473e-07 3.90062950827996e-07 3.89695088642839e-07 3.88016360375332e-07 3.86705181654179e-07 3.87734615969748e-07 3.90235726399624e-07 3.96833627291926e-07 4.04384735475105e-07
-9999 -9999 -9999 -9999 -9999 -9999 -9999 -9999 1.3264310609884e-06 1.35674747525627e-06 1.41623468152829e-06 1.37278834699828e-06 1.37820461532101e-06 1.2649237532969e-06 1.15254124466446e-06 1.0411951052447e-06 9.49381046666531e-07 8.70980386480369e-07 7.5768588203573e-07 6.30917554644839e-07 5.30037311818887e-07 4.33725432458232e-07 3.94124697322695e-07 3.5753475913225e-07 3.35686308972072e-07 3.17116729320333e-07 3.0917857429813e-07 3.0165796260917e-07 2.94865969863167e-07 2.89492277261161e-07 2.85578011016696e-07 2.84662490912524e-07 2.855738046037e-07 2.84353291135631e-07 2.82422149666672e-07 2.86521441239529e-07 2.91442006528086e-07 2.94669433742456e-07 2.97960298212274e-07 3.01655148859936e-07 3.06788081161358e-07 3.15924353344599e-07 3.25815136648089e-07
-9999 -9999 -9999 -9999 -9999 -9999 1.60345211952517e-06 1.56592295752489e-06 1.46918500831816e-06 1.3264310609884e-06 1.32757656956528e-06 1.41623468152829e-06 1.32392563045869e-06 1.04896287211886e-06 8.57020438616019e-07 7.60870534577407e-07 6.72435533033422e-07 5.89298792874615e-07 5.13522081746487e-07 4.40587399452852e-07 3.93022247635599e-07 3.49934055066115e-07 3.14122871714062e-07 2.79783847645376e-07 2.56384936392351e-07 2.3616979660801e-07 2.2627774853845e-07 2.17445617067824e-07 2.10463156236074e-07 2.04475014697891e-07 1.99509997855785e-07 1.96449533973464e-07 1.94549301113511e-07 1.93066995279878e-07 1.91723998455018e-07 1.98826199948599e-07 2.07069646762648e-07 2.11707515518356e-07 2.16254150586792e-07 2.20219718016779e-07 2.2593495430101e-07 2.36520904195459e-07 2.48339290465083e-07
-9999 -9999 -9999 -9999 -9999 -9999 1.60787726599665e-06 1.60345211952517e-06 1.52839379552461e-06 1.41846294354764e-06 1.3264310609884e-06 1.24006385249231e-06 1.11369342903345e-06 9.0816780584646e-07 7.51891775507829e-07 6.52442167847767e-07 5.67703068554692e-07 4.93066295348399e-07 4.34782464253658e-07 3.82813055921361e-07 3.5000411457986e-07 3.20576390322458e-07 2.93310705501426e-07 2.66872831389264e-07 2.469388107329e-07 2.28898585419302e-07 2.16998856217288e-07 2.05821578447285e-07 1.95905045075051e-07 1.87261917972137e-07 1.79929102728238e-07 1.74198007130144e-07 1.6944267144936e-07 1.65859503908905e-07 1.62667078029699e-07 1.65304442134584e-07 1.68734302974372e-07 1.70323460224608e-07 1.71975543139524e-07 1.74028429000828e-07 1.76990582190228e-07 1.82483930188937e-07 1.89092887126208e-07
-9999 -9999 -9999 -9999 1.83939380349329e-06 1.68311112247466e-06 1.61524701525195e-06 1.60493277689966e-06 1.60345211952517e-06 1.45333558521088e-06 1.29063323583978e-06 1.07975813534722e-06 8.98325197340455e-07 7.75149942455755e-07 6.61033766391483e-07 5.5737029924785e-07 4.76703888807606e-07 4.11830569646554e-07 3.69169185887586e-07 3.35084678226849e-07 3.137112969398e-07 2.94581042226127e-07 2.76124183073989e-07 2.5794929570111e-07 2.42001220840393e-07 2.2661780008093e-07 2.13065305842974e-07 1.9980937793207e-07 1.87071023560748e-07 1.75873367425083e-07 1.66261060030592e-07 1.57992943172758e-07 1.50543698396177e-07 1.44818926628432e-07 1.39668955512207e-07 1.37425402613189e-07 1.35584343752271e-07 1.33854300088387e-07 1.32351047454904e-07 1.32292100829545e-07 1.32278984210643e-07 1.3239341001281e-07 1.33458868845082e-07
-9999 -9999 -9999 -9999 2.19904882214905e-06 1.86016836778435e-06 1.75097511601052e-06 1.61524701525195e-06 1.59609930960869e-06 1.35240247800539e-06 1.12350528524985e-06 9.51255174186372e-07 7.9617024084655e-07 6.75050330301019e-07 5.63976072953665e-07 4.64493069785021e-07 3.93715140489803e-07 3.42650281481838e-07 3.10167877159984e-07 2.84860817600929e-07 2.6907503070106e-07 2.54969449997589e-07 2.43630012164431e-07 2.32516981668596e-07 2.22786269432618e-07 2.13161598594525e-07 2.03880759386266e-07 1.94255918017916e-07 1.84030739092123e-07 1.74526363139194e-07 1.65763665904706e-07 1.57830513103363e-07 1.50402726717402e-07 1.44198196494472e-07 1.38401404115029e-07 1.33890125653124e-07 1.2955995032371e-07 1.25707884990334e-07 1.22014199632758e-07 1.1932911547774e-07 1.16908459801834e-07 1.15223919294749e-07 1.14293122521758e-07
-9999 -9999 -9999 -9999 -9999 2.19904882214905e-06 1.87540263141273e-06 1.88670321676909e-06 1.55919951794203e-06 1.24671976209356e-06 9.68142899182567e-07 8.19332285573182e-07 6.8175808110027e-07 5.66417497793736e-07 4.62733453332476e-07 3.7249915862958e-07 3.1312703185904e-07 2.74949400136393e-07 2.51552393137899e-07 2.33862778031835e-07 2.23048900238609e-07 2.13448387853532e-07 2.08585177574605e-07 2.03935556442048e-07 2.00201426991953e-07 1.96210152125786e-07 1.91385169046043e-07 1.85664404739327e-07 1.78380403781375e-07 1.70961669709868e-07 1.63404308750614e-07 1.56073440393811e-07 1.48880545225438e-07 1.4227572364689e-07 1.35866926598283e-07 1.29324988051849e-07 1.22769634458564e-07 1.16907273195466e-07 1.11163970473172e-07 1.06178937642198e-07 1.01661527196484e-07 9.84458736752458e-08 9.58830597141969e-08
-9999 -9999 -9999 -9999 -9999 2.21020832213981e-06 2.19904882214905e-06 1.80061147148081e-06 1.39274413868407e-06 1.1202113228137e-06 8.64369496866857e-07 6.7241415990793e-07 5.13601605689473e-07 4.2036930381073e-07 3.43140811764897e-07 2.8437827381822e-07 2.43065102267792e-07 2.1373514869083e-07 1.94628782423933e-07 1.79470106331792e-07 1.70928586840091e-07 1.63554787491194e-07 1.62356570854172e-07 1.61546154231473e-07 1.62840493089789e-07 1.63933080443712e-07 1.64371542155095e-07 1.63751863624384e-07 1.61285655053689e-07 1.57673042622264e-07 1.52880801351785e-07 1.47324286103867e-07 1.4130219483377e-07 1.34645546268075e-07 1.27777383340799e-07 1.20244251888835e-07 1.12620938352848e-07 1.05238108005778e-07 9.80626637669957e-08 9.22079550491617e-08 8.69564686922786e-08 8.33842292990994e-08 8.07864637408784e-08
-9999 -9999 2.25430812861305e-06 2.24457380681997e-06 2.22877361011342e-06 2.22138078243006e-06 2.21019513446663e-06 1.74540605257789e-06 1.27357191104238e-06 9.99089252218255e-07 7.39692723072949e-07 5.3803984201295e-07 3.80681512979208e-07 3.10969625161306e-07 2.55998230613841e-07 2.18035054899701e-07 1.87733306233895e-07 1.626929986287e-07 1.45672032658695e-07 1.31747626141987e-07 1.24760944686386e-07 1.18998542575355e-07 1.20353561783304e-07 1.22220058074163e-07 1.27050100218185e-07 1.31863700403301e-07 1.3662402409409e-07 1.40399194492602e-07 1.42455206741943e-07 1.42589115625924e-07 1.40745228804917e-07 1.37062855287695e-07 1.32260481677804e-07 1.25722849020349e-07 1.18606777732566e-07 1.10255015783878e-07 1.01732560153778e-07 9.32230435068959e-08 8.50242329875073e-08 7.88041134569539e-08 7.32946077164343e-08 6.97632955848349e-08 6.73719071642154e-08
-9999.000000000000000 -9999 -9999 -9999 2.28356680054276e-06 2.23616666517046e-06 2.24298105422349e-06 1.75758987097652e-06 1.2575645769175e-06 8.89719558472279e-07 5.69407973216585e-07 4.31034209213976e-07 3.24641888482802e-07 2.81531782775346e-07 2.39656969824864e-07 1.99207491391462e-07 1.64540594482787e-07 1.33844849870002e-07 1.14097836956262e-07 9.85785462148669e-08 9.15811639856656e-08 8.60876383512732e-08 8.7570192874864e-08 8.95776537390702e-08 9.46863849549118e-08 1.00247461887193e-07 1.07275248240057e-07 1.13904349063887e-07 1.19837707757142e-07 1.23588137057595e-07 1.25092370240054e-07 1.23501820326055e-07 1.20025958949554e-07 1.13980043181527e-07 1.07077454458704e-07 9.82835715035435e-08 8.92302836064118e-08 8.04532760412258e-08 7.21230009048668e-08 6.66376962499271e-08 6.1908842496905e-08 5.92857745118636e-08 5.7627318028608e-08
-9999 -9999 -9999 -9999 2.36748041970714e-06 2.39315318140143e-06 2.3451718789147e-06 1.87477394320013e-06 1.38180655540054e-06 8.8488292249167e-07 4.71919719302605e-07 3.80321409920725e-07 3.07367571394934e-07 2.7130596436109e-07 2.29593780431969e-07 1.81361741624642e-07 1.4180665175445e-07 1.08210429061728e-07 8.83552431218959e-08 7.38059711125061e-08 6.78196698800093e-08 6.33444727782262e-08 6.46708571139243e-08 6.64577228803864e-08 7.10232654910214e-08 7.63173702011954e-08 8.39737595015322e-08 9.1840213656269e-08 1.00073265230094e-07 1.06222977080961e-07 1.1022898149804e-07 1.10456831237116e-07 1.08383055419381e-07 1.0301956621106e-07 9.65595106094952e-08 8.76560974916174e-08 7.8421066973533e-08 7.00304028100618e-08 6.21613978069036e-08 5.76145069430822e-08 5.37853352966522e-08 5.19541210053376e-08 5.0864652934024e-08
-9999 -9999 -9999 -9999 2.43313729697547e-06 2.47312141254952e-06 2.52249287768791e-06 2.12405711863539e-06 1.68249368925899e-06 1.01155740139802e-06 4.66015421807242e-07 4.00429541969061e-07 3.38863202387074e-07 2.8525047923722e-07 2.27428969878929e-07 1.64751185138812e-07 1.19649882890371e-07 8.66191456339038e-08 6.9949258829638e-08 5.95968998595708e-08 5.59071544614653e-08 5.33931547863631e-08 5.42064455544278e-08 5.53178338691396e-08 5.8306216743631e-08 6.2057090133294e-08 6.82802578921837e-08 7.53502931161165e-08 8.38981861761567e-08 9.09158188733272e-08 9.63588462354892e-08 9.80610863621223e-08 9.74844738266256e-08 9.3043304616458e-08 8.73139569534942e-08 7.87194380791334e-08 6.97418442996423e-08 6.2560111757648e-08 5.58980914888707e-08 5.25457650724093e-08 4.97660224141327e-08 4.85802189587048e-08 4.78534865067104e-08
-9999 -9999 -9999 -9999 2.47312141254952e-06 2.53288567364507e-06 2.60304295807146e-06 2.29365878112731e-06 1.93470145859465e-06 1.18534512694168e-06 5.72096098494512e-07 4.79808363706979e-07 3.88172821885746e-07 2.97827824624619e-07 2.16039182987515e-07 1.44123248446704e-07 9.84198464948349e-08 7.0717760536354e-08 5.81968073731787e-08 5.15378530963062e-08 4.93990306438263e-08 4.80578705719381e-08 4.85190128074464e-08 4.91669673863271e-08 5.10428321831569e-08 5.3619370277147e-08 5.84677799508881e-08 6.45182254288557e-08 7.26663387240478e-08 7.97948231934242e-08 8.58741202591773e-08 8.83398101336752e-08 8.86041178205232e-08 8.46083807459763e-08 7.91926382248676e-08 7.12454450990663e-08 6.29656469186557e-08 5.7085273397206e-08 5.16859230970113e-08 4.93498646392254e-08 4.74440398079423e-08 4.67358844957744e-08 4.62929463651562e-08
-9999 -9999 -9999 -9999 2.53634993896412e-06 2.60304295807146e-06 2.39064934248745e-06 2.4034986836341e-06 2.15054933505598e-06 1.39446819957811e-06 7.6216673505769e-07 6.03640785357129e-07 4.5084306066201e-07 3.09379743157479e-07 1.97730557260911e-07 1.2048224107275e-07 7.78848701088464e-08 5.90838595826426e-08 5.14345792623772e-08 4.80913904254976e-08 4.69442547057497e-08 4.61846560995127e-08 4.64143568024156e-08 4.67579184260103e-08 4.78697508299319e-08 4.95486389695543e-08 5.30661310449432e-08 5.79296184355371e-08 6.51419753694427e-08 7.1813495594597e-08 7.7928497432822e-08 8.06244102591336e-08 8.12374452152653e-08 7.73294672740121e-08 7.1914492139058e-08 6.48684661541665e-08 5.76167380472725e-08 5.31070440956682e-08 4.90121259133502e-08 4.755861127137e-08 4.6395072672567e-08 4.60387461487244e-08 4.58203892605979e-08
-9999 -9999 -9999 -9999 2.60304295807146e-06 2.38455709222762e-06 2.30684486268729e-06 2.26239717449062e-06 2.21157665691862e-06 1.54219901560282e-06 9.60634224611567e-07 7.15179965027346e-07 4.89677518089593e-07 3.03654019262467e-07 1.71382808389353e-07 1.01133302621292e-07 6.5441597030258e-08 5.34822710562821e-08 4.86704365698643e-08 4.66185134939678e-08 4.58213804677143e-08 4.52456809796331e-08 4.5396241432627e-08 4.56351720856674e-08 4.64779752462618e-08 4.78418726856944e-08 5.08953661437772e-08 5.52244223683829e-08 6.17794455592957e-08 6.7755166810457e-08 7.31347924443071e-08 7.50672413118991e-08 7.48996953348069e-08 7.07602652028072e-08 6.52968878966931e-08 5.93788840319576e-08 5.34184891876066e-08 5.02989294659528e-08 4.74928150140386e-08 4.66828105061268e-08 4.60451907713377e-08 4.5887450283999e-08 4.57933815312117e-08
-9999 -9999 -9999 -9999 -9999 2.25015469368373e-06 2.23769143303798e-06 2.25463850256347e-06 2.20625156543974e-06 1.66361849096575e-06 1.16270052785694e-06 8.2145055557703e-07 5.18296474183444e-07 2.90523473722715e-07 1.41589652002949e-07 8.36238598367345e-08 5.64662485658118e-08 5.04659993794121e-08 4.76197890009189e-08 4.59914737405143e-08 4.52693313945929e-08 4.4707100244068e-08 4.48437909028598e-08 4.50637038795776e-08 4.58496245414608e-08 4.71482515251864e-08 5.01092856097785e-08 5.41835767364773e-08 6.02005982841547e-08 6.5378152669382e-08 6.96919215670277e-08 7.04350284763677e-08 6.90029224870159e-08 6.44952393713538e-08 5.8962374538396e-08 5.42696234617779e-08 4.97133854082676e-08 4.79922981355685e-08 4.64682941014871e-08 4.61993501232882e-08 4.59949269782101e-08 4.59700970623089e-08 4.59573250566336e-08
-9999 -9999 -9999 -9999 -9999 2.19794674194418e-06 2.20592801269959e-06 2.19603839468618e-06 2.1608962015307e-06 1.67536700246274e-06 1.21033724553854e-06 8.23770733404672e-07 4.90016873300192e-07 2.60764181803097e-07 1.17428335499881e-07 7.32269995751267e-08 5.31800026237761e-08 4.97208638705615e-08 4.75833630275702e-08 4.59561952936838e-08 4.5235903911589e-08 4.46756516225832e-08 4.50187975786775e-08 4.54811903694008e-08 4.67724490249566e-08 4.85202704680887e-08 5.17484401996171e-08 5.55404007229754e-08 6.03162177981176e-08 6.39392325751942e-08 6.63760175712014e-08 6.5648400493501e-08 6.29930454465466e-08 5.8774784150728e-08 5.40355635791911e-08 5.08252604447534e-08 4.78416133375958e-08 4.69900065525053e-08 4.62403839662784e-08 4.61402365203867e-08 4.60481288655501e-08 4.5978413965031e-08 4.59108058237234e-08
-9999 -9999 -9999 -9999 -9999 2.14585543290013e-06 2.15022100746864e-06 2.16710736822279e-06 2.10725852411997e-06 1.66442441695835e-06 1.22602216379164e-06 8.04583464741881e-07 4.49964886684029e-07 2.27564399324365e-07 9.44322522400398e-08 6.4301751478979e-08 5.10708346723732e-08 4.94456280364375e-08 4.77567780876598e-08 4.60433540183658e-08 4.53097861452534e-08 4.47491288468882e-08 4.53443149694976e-08 4.61032882981272e-08 4.80162150040542e-08 5.03196702084097e-08 5.38893765167359e-08 5.73933043312991e-08 6.07824333087592e-08 6.26943972292793e-08 6.3086382340316e-08 6.08298122983797e-08 5.69597631283614e-08 5.31670032444254e-08 4.94000040873743e-08 4.77253649933118e-08 4.63491538482685e-08 4.62575826531975e-08 4.61772984294839e-08 4.61689175779156e-08 4.61227394055186e-08 4.59713476175239e-08 4.58207409792522e-08
-9999 -9999 -9999 -9999 -9999 -9999 2.0814170511585e-06 2.08751703212329e-06 2.05405399356096e-06 1.63555193921638e-06 1.20864012842503e-06 7.49539594835369e-07 3.81297240892309e-07 1.92837561030501e-07 8.18304926042401e-08 6.01915530751285e-08 5.09157587202935e-08 5.01302857003338e-08 4.89478608756144e-08 4.76121542192232e-08 4.70712109290616e-08 4.66705145640844e-08 4.76210502142749e-08 4.8706585431546e-08 5.06705148950459e-08 5.27919858939185e-08 5.5424255407388e-08 5.76787009265445e-08 5.92738054194797e-08 5.94909828066648e-08 5.829030058635e-08 5.57795196698407e-08 5.24706287308163e-08 4.99462622371993e-08 4.76834003393378e-08 4.68854643997929e-08 4.62938096745802e-08 4.62317863991757e-08 4.61624800607296e-08 4.60467823870658e-08 4.58952840176607e-08 4.56441284768516e-08 4.54259030391313e-08
