Ecospace-environmental-drivers/Outputs/ASCII-for-ecospace/MOM6-ISIMIP3a/chl/1991-07_chl_MOM6-ISIMIP3a.asc
NCOLS 131 
NROWS 53 
XLLCORNER -98 
YLLCORNER 23.9265270233154 
CELLSIZE 0.133587792515755 
NODATA_value -9999 
[rows 19 to 37 of 53, columns 43 to 85 of 131]
3.87487432362832e-07 4.08940820761927e-07 4.30887354241349e-07 4.77670539567043e-07 5.37827190782991e-07 6.12244832609576e-07 6.9071825237188e-07 7.31672344045364e-07 7.6703776130671e-07 7.55202904656471e-07 7.37068944545172e-07 6.86892178691778e-07 6.32122066690499e-07 5.66260553114262e-07 5.09370750023663e-07 4.64797778931825e-07 4.69195981622761e-07 5.13661007062183e-07 6.17276839420811e-07 7.48911133996444e-07 8.51856214012514e-07 9.4794654614816e-07 1.03338925327989e-06 1.11558483695262e-06 1.16116598292137e-06 1.19825506317284e-06 1.19980347790261e-06 1.18950981686794e-06 1.15421642021829e-06 1.10544135623059e-06 1.04018874935718e-06 9.54951929088566e-07 8.55158816648327e-07 7.81288463258534e-07 7.1815367164163e-07 6.95499409175682e-07 6.80802600072639e-07 6.80155494592327e-07 6.76803779242618e-07 6.41948986412899e-07 5.98558472120203e-07 5.25155712693959e-07 4.54590946219469e-07
2.85310164827024e-07 2.90867120611438e-07 2.98342143878472e-07 3.20270004294798e-07 3.49980041391973e-07 3.86251599593379e-07 4.24389270392567e-07 4.45899473788813e-07 4.6469472181343e-07 4.56141549420863e-07 4.43684541551193e-07 4.11369285302499e-07 3.77478414748111e-07 3.39783071012789e-07 3.11281723952561e-07 2.95402401206957e-07 3.08090392309168e-07 3.44151345643695e-07 4.27587707463317e-07 5.33464742602519e-07 6.18986121025955e-07 6.99643806001404e-07 7.8143386872398e-07 8.60897102938907e-07 9.05361446257302e-07 9.42156475502998e-07 9.46854186167911e-07 9.37196148242947e-07 8.97231871022086e-07 8.42490521790751e-07 7.69688597301865e-07 6.86657642745558e-07 5.96176164435747e-07 5.42228917765897e-07 5.03411797581066e-07 5.07206493693957e-07 5.19377636010177e-07 5.40148732852685e-07 5.57920259325329e-07 5.43278190434648e-07 5.20052481078892e-07 4.66646270069759e-07 4.13662206710796e-07
2.31856887467075e-07 2.26697991934088e-07 2.22830266238816e-07 2.2378412722901e-07 2.27334183477979e-07 2.32869012961601e-07 2.38968311805365e-07 2.40338664525552e-07 2.41002624079556e-07 2.35664032288696e-07 2.29049774702617e-07 2.1594637189537e-07 2.02093119128222e-07 1.864292329401e-07 1.75240614908034e-07 1.70195960436104e-07 1.80458798126892e-07 2.0324581839759e-07 2.57283431892574e-07 3.26123739569084e-07 3.85496917942874e-07 4.42608069306516e-07 5.15320095928473e-07 5.87182057643076e-07 6.31072282430978e-07 6.67272331611457e-07 6.71288375997392e-07 6.59436977912264e-07 6.14088094152976e-07 5.55518056444271e-07 4.80789196899423e-07 4.10522659421986e-07 3.435064002133e-07 3.21497651611935e-07 3.18128087428704e-07 3.503384675696e-07 3.89543060919095e-07 4.25054906827427e-07 4.56977460316921e-07 4.55172795454928e-07 4.45721440200941e-07 4.09383943633657e-07 3.71845288782424e-07
2.32653874832067e-07 2.25373170792409e-07 2.18327016909825e-07 2.13228418033395e-07 2.09178509180674e-07 2.06194229690482e-07 2.03512996677091e-07 1.99088475483222e-07 1.94408769971233e-07 1.87657249739459e-07 1.80414673423002e-07 1.70674226751544e-07 1.6063744112671e-07 1.4988515317782e-07 1.41519322482964e-07 1.36429761710133e-07 1.39523294251376e-07 1.49312015196301e-07 1.78597773015099e-07 2.17118838463648e-07 2.53356233770319e-07 2.89047932255926e-07 3.36437096848385e-07 3.83417955163168e-07 4.12760215340313e-07 4.37159258126485e-07 4.40870536522198e-07 4.34150535966182e-07 4.05409224413233e-07 3.69051036841483e-07 3.23383432032642e-07 2.85153362256096e-07 2.52340640827242e-07 2.5205881115653e-07 2.65249099129505e-07 3.00955093734956e-07 3.41087144306584e-07 3.72269170156869e-07 4.00143875367576e-07 3.98947889834744e-07 3.91487958495418e-07 3.62003788723086e-07 3.30616671817552e-07
2.36189862334868e-07 2.27397421781461e-07 2.17865064655598e-07 2.08094348863597e-07 1.98195266420953e-07 1.88783417343075e-07 1.79510152520379e-07 1.70695756196437e-07 1.61943461307601e-07 1.53599671648408e-07 1.45366016113258e-07 1.37692566681835e-07 1.30130402453688e-07 1.2283695127735e-07 1.16152278906156e-07 1.10303389533328e-07 1.06316370818149e-07 1.03852691779593e-07 1.09880879506363e-07 1.19931470976553e-07 1.34139114038589e-07 1.49339996369235e-07 1.7106637528741e-07 1.92732912296378e-07 2.07003665764205e-07 2.19186716776676e-07 2.22632522195454e-07 2.21430525471078e-07 2.10416615686881e-07 1.97454383510376e-07 1.82110881041808e-07 1.76070443558274e-07 1.76806182139444e-07 1.96471745539384e-07 2.23976783786384e-07 2.60979845734255e-07 2.99850000828883e-07 3.25217968111247e-07 3.47620385809932e-07 3.45937337442592e-07 3.3937885746127e-07 3.15678136075803e-07 2.89495545757745e-07
2.16057813418047e-07 2.04911046353118e-07 1.93951763094447e-07 1.83344312176814e-07 1.72926320374245e-07 1.63397189112402e-07 1.54120840534233e-07 1.45891561942335e-07 1.37808783051696e-07 1.30787540797428e-07 1.23790727002415e-07 1.16918187131887e-07 1.1027920976403e-07 1.04204175954692e-07 9.87563382182088e-08 9.41695361689199e-08 9.05886636815012e-08 8.78308270557682e-08 8.93600713425258e-08 9.2920011240949e-08 9.95249891388994e-08 1.06857527271131e-07 1.17933474541587e-07 1.29071509036294e-07 1.37370179231766e-07 1.44714590533113e-07 1.48065296912137e-07 1.49462778153975e-07 1.46736866213359e-07 1.43655029205547e-07 1.40138197934903e-07 1.44351105291207e-07 1.54194239598837e-07 1.7740616442552e-07 2.06154538773262e-07 2.39809509139377e-07 2.74429027058432e-07 2.93699997655494e-07 3.10226795363633e-07 3.05499014530142e-07 2.96812743272312e-07 2.74208247219576e-07 2.4940126763795e-07
1.92931381093331e-07 1.7957374609523e-07 1.67321445587731e-07 1.56094174030841e-07 1.45418837860234e-07 1.36043823317777e-07 1.27038632058429e-07 1.19720695579417e-07 1.12635966331709e-07 1.07184597197829e-07 1.0168455588655e-07 9.59369472752769e-08 9.0495113624911e-08 8.57916120367008e-08 8.16696186234367e-08 7.83459412900811e-08 7.53381144136256e-08 7.25887048247387e-08 7.06316356513526e-08 6.90498680455676e-08 6.93923354333492e-08 7.01945666037318e-08 7.23322770568302e-08 7.46254613659403e-08 7.78462094785937e-08 8.10972338172178e-08 8.447496924191e-08 8.81695285670503e-08 9.25329430856436e-08 9.78572103349507e-08 1.04355848407067e-07 1.16987806109137e-07 1.3408718757546e-07 1.59635305863048e-07 1.88682335533485e-07 2.18788159145333e-07 2.49102129146195e-07 2.62817536622606e-07 2.74007390999031e-07 2.66530690851141e-07 2.55955313832601e-07 2.34484787142719e-07 2.11192642041169e-07
1.56675369566983e-07 1.41735981173952e-07 1.28777841723604e-07 1.17881739924997e-07 1.0809595352157e-07 1.00065193464616e-07 9.25335612578237e-08 8.75573320513467e-08 8.2911164156485e-08 8.01141482043022e-08 7.72506041357701e-08 7.40486285621955e-08 7.10051963892511e-08 6.83445904314794e-08 6.5938777993324e-08 6.38827515331286e-08 6.21797511257682e-08 6.0765579235067e-08 5.97622502596096e-08 5.89535247286221e-08 5.89096629255437e-08 5.90485527141027e-08 5.97554929981925e-08 6.05861458780055e-08 6.26495477717981e-08 6.50749427677511e-08 6.90152859306181e-08 7.36809724344312e-08 7.9877914060944e-08 8.71438814442627e-08 9.57164090209517e-08 1.08724499625623e-07 1.24963392522659e-07 1.47541513229044e-07 1.72744947235515e-07 1.98419996877419e-07 2.24187758135486e-07 2.34721639458257e-07 2.42936437189201e-07 2.34007913491041e-07 2.22589932263872e-07 2.02418902972568e-07 1.8125203382624e-07
1.25460871913674e-07 1.0970567387858e-07 9.65539967978657e-08 8.62557882896908e-08 7.74940431824689e-08 7.08781939806613e-08 6.48726370400254e-08 6.18346547298643e-08 5.9168282717792e-08 5.83337396165007e-08 5.74345264681142e-08 5.62063391384982e-08 5.50296910262205e-08 5.39774944741112e-08 5.2955293483592e-08 5.19742719973237e-08 5.13170093086046e-08 5.09246440572042e-08 5.06638713204666e-08 5.04654309452235e-08 5.02676549274383e-08 5.00700387817687e-08 4.99873600290357e-08 5.00249797141805e-08 5.1698634706554e-08 5.39512967634437e-08 5.86271511338055e-08 6.41892796693355e-08 7.16223951258144e-08 8.00964983227459e-08 8.98429206586115e-08 1.02573437743558e-07 1.17477526373477e-07 1.36830067276605e-07 1.58024860752448e-07 1.79023004420742e-07 1.9998249456421e-07 2.07575268973414e-07 2.13123286130212e-07 2.0353228080694e-07 1.92010887190008e-07 1.73702090933148e-07 1.5501440486787e-07
1.05246201087539e-07 9.03463828194617e-08 7.81189370968605e-08 6.90005705905605e-08 6.15563067185576e-08 5.65095596982701e-08 5.21446672507864e-08 5.01646297834668e-08 4.84770765751819e-08 4.80954156500957e-08 4.76939696625323e-08 4.71918930600168e-08 4.6722117730269e-08 4.6330345782053e-08 4.59661428919844e-08 4.56397906134498e-08 4.54630004753653e-08 4.54085764545198e-08 4.54295800977889e-08 4.54863098298119e-08 4.56417197369774e-08 4.58207054521154e-08 4.63473064371556e-08 4.70526053675258e-08 5.00113017665171e-08 5.35157802517006e-08 5.93044013896815e-08 6.56000196386231e-08 7.29659532794358e-08 8.10476947776806e-08 9.00043133356121e-08 1.01030970256488e-07 1.13565413073502e-07 1.29134662074648e-07 1.45960726172234e-07 1.61744964088939e-07 1.77324395167489e-07 1.82500627943227e-07 1.86054478490405e-07 1.77523233446664e-07 1.67511160498179e-07 1.5229248617743e-07 1.36856129984153e-07
9.12678714826143e-08 7.75319222157123e-08 6.61930741330252e-08 5.79792178712069e-08 5.14480333890788e-08 4.7489049137539e-08 4.42615970541738e-08 4.29645901078857e-08 4.18994510198445e-08 4.17595344970323e-08 4.16293275407043e-08 4.15485494897894e-08 4.14891765387893e-08 4.14814955718157e-08 4.14953156280262e-08 4.15386445240529e-08 4.16196996866347e-08 4.1731620825658e-08 4.19325658640446e-08 4.21756745083712e-08 4.26485051718828e-08 4.31762252617318e-08 4.43243415304551e-08 4.56700917084163e-08 4.92720744205144e-08 5.33118296175417e-08 5.91837334695811e-08 6.52874447837348e-08 7.18805068800066e-08 7.89986458471503e-08 8.67585256969505e-08 9.59851362836162e-08 1.06280104716916e-07 1.1867595617332e-07 1.31941860104234e-07 1.43986994771694e-07 1.55792179157288e-07 1.59532518750893e-07 1.62022402605544e-07 1.55214507913115e-07 1.47227382285564e-07 1.35094040842887e-07 1.22764035381806e-07
8.51353760822349e-08 7.29514013642074e-08 6.24563156748081e-08 5.48005765210746e-08 4.86737157245898e-08 4.51969235371052e-08 4.24738111348688e-08 4.13881586780462e-08 4.04970528222748e-08 4.03332442999726e-08 4.01892883417077e-08 4.01463253751899e-08 4.01243731573686e-08 4.01531394800259e-08 4.01927415794034e-08 4.02472153382405e-08 4.03060411713341e-08 4.03684232708201e-08 4.06211917436394e-08 4.0964135195054e-08 4.17093950488834e-08 4.25507842294337e-08 4.43358061374965e-08 4.62877522977578e-08 4.97256351650321e-08 5.33992157158991e-08 5.80592249832534e-08 6.28067837737945e-08 6.77391867043298e-08 7.31750375848605e-08 7.92262184745596e-08 8.65317915099695e-08 9.47510443438659e-08 1.0474079914502e-07 1.15463770100632e-07 1.25625277291874e-07 1.35676401669116e-07 1.39214577643543e-07 1.41810772902318e-07 1.3756111627572e-07 1.32247620854287e-07 1.23193586887282e-07 1.13787528732701e-07
8.08042628364092e-08 7.02648250694438e-08 6.06900911748198e-08 5.34419619668824e-08 4.74466155253594e-08 4.40840679516441e-08 4.14702903128727e-08 4.04970705858432e-08 3.97167454480041e-08 3.96106756284098e-08 3.9515185790151e-08 3.9473519564126e-08 3.94495884847856e-08 3.94684853688432e-08 3.94911126022635e-08 3.95188557433812e-08 3.95785022533346e-08 3.96642505506861e-08 4.00134787525985e-08 4.04875102333335e-08 4.13852774272527e-08 4.2384282750163e-08 4.42430874159072e-08 4.62234304166032e-08 4.91130478508239e-08 5.21228677996532e-08 5.5635737794546e-08 5.91540079142305e-08 6.2683682244824e-08 6.66128130433208e-08 7.10301648609857e-08 7.64376864026417e-08 8.25664230319489e-08 9.02865622265381e-08 9.86657511248268e-08 1.07265478277441e-07 1.15908555642363e-07 1.1985105174972e-07 1.23084674896745e-07 1.21093961524821e-07 1.1818322320778e-07 1.12037675137344e-07 1.05309062803371e-07
7.78241968646398e-08 6.89987231794476e-08 6.04017884597852e-08 5.34483852732137e-08 4.73799453004631e-08 4.38556817528024e-08 4.10549816365346e-08 4.01199962141163e-08 3.94030159611702e-08 3.94159087591106e-08 3.9415549935029e-08 3.93477819216059e-08 3.92923276137935e-08 3.92666130721864e-08 3.92401950932708e-08 3.92128036708073e-08 3.92905619150952e-08 3.94543491211152e-08 3.99335213785434e-08 4.05620816934515e-08 4.15224050698271e-08 4.25620001465177e-08 4.4072223204239e-08 4.56476101362568e-08 4.77008406107871e-08 4.98237042734218e-08 5.22380076972695e-08 5.46221308184158e-08 5.69425360197329e-08 5.94966174105593e-08 6.23362979013109e-08 6.58629986105552e-08 6.98901132523133e-08 7.54430047322785e-08 8.16277747617278e-08 8.89071429810429e-08 9.64016777516008e-08 1.01203362135038e-07 1.05472757638836e-07 1.05516477333367e-07 1.04805351952564e-07 1.01440186028867e-07 9.72041434010862e-08
7.34108738242867e-08 6.65258497178911e-08 5.93416125127533e-08 5.30221591077407e-08 4.71683527791811e-08 4.36317222352045e-08 4.07540987623634e-08 3.98967294756858e-08 3.92726349218719e-08 3.93634707052115e-08 3.94213870436033e-08 3.93118497754585e-08 3.9218104319616e-08 3.91624901396881e-08 3.91426091539415e-08 3.91717946968129e-08 3.93282775235093e-08 3.95889117044135e-08 4.01286364137832e-08 4.08005647045684e-08 4.1729872890528e-08 4.27206749975539e-08 4.39665441831494e-08 4.52506618842108e-08 4.68364795835896e-08 4.84497313379961e-08 5.01777819295057e-08 5.18648377578756e-08 5.34653423756026e-08 5.51750858335254e-08 5.70183438242111e-08 5.92576014923907e-08 6.17853004314384e-08 6.55118057579784e-08 6.97347815048488e-08 7.5275870869973e-08 8.10760667491195e-08 8.60011297731944e-08 9.05872994394485e-08 9.21793770203294e-08 9.31037362761344e-08 9.16803699624325e-08 8.92097489213484e-08
6.83832865888689e-08 6.35357793044022e-08 5.79506220788062e-08 5.24105097099437e-08 4.68946517173663e-08 4.34096669721384e-08 4.05022575478142e-08 3.97393868922791e-08 3.9220836356435e-08 3.93720327451774e-08 3.9472425328313e-08 3.93144041765936e-08 3.91794650056454e-08 3.91002537014629e-08 3.91107413122427e-08 3.92443730845571e-08 3.95055579360815e-08 3.98711001992069e-08 4.04416446997402e-08 4.11092955232562e-08 4.19674819340798e-08 4.28711928179837e-08 4.38887965970025e-08 4.49303705352122e-08 4.62069138507104e-08 4.74722696708341e-08 4.86907865138164e-08 4.9868098983552e-08 5.09584268115759e-08 5.20512877244528e-08 5.31472323928028e-08 5.43533538177599e-08 5.56397239392936e-08 5.76859342515945e-08 6.00468226252815e-08 6.36705195233844e-08 6.75424516316525e-08 7.22755473248071e-08 7.6870335874446e-08 7.98024615278337e-08 8.21205290435501e-08 8.22795627186679e-08 8.1262733431231e-08
6.29230143545101e-08 5.98485030423035e-08 5.58976402942335e-08 5.13452391714964e-08 4.64689442480903e-08 4.32226983093642e-08 4.04400388731574e-08 3.97373831617642e-08 3.92707342200538e-08 3.94277215320926e-08 3.95438917166757e-08 3.94524128921603e-08 3.93615877669617e-08 3.92723258357819e-08 3.92885333155846e-08 3.94495316413668e-08 3.976328954991e-08 4.02020354783872e-08 4.08452898170708e-08 4.1585419552348e-08 4.24374029250885e-08 4.33161133628346e-08 4.42600729400056e-08 4.52174724330234e-08 4.63052387544849e-08 4.73592010052926e-08 4.82716835392694e-08 4.91640541611105e-08 5.00139663017762e-08 5.08385973319037e-08 5.16323304111665e-08 5.23530907514669e-08 5.3020695389705e-08 5.40880193966586e-08 5.53208749920486e-08 5.75438150463015e-08 5.99613798613063e-08 6.38061834479231e-08 6.76722464731938e-08 7.12296923666145e-08 7.42479286941489e-08 7.5370252261564e-08 7.53625641891631e-08
5.73732137354455e-08 5.60169794994181e-08 5.3707690739202e-08 5.01861201485099e-08 4.6011784604616e-08 4.30429913933494e-08 4.04170563683692e-08 3.97675172791878e-08 3.93416677013647e-08 3.94931660707698e-08 3.96195858343162e-08 3.9618448965939e-08 3.95893806626191e-08 3.94928783009618e-08 3.95097039529446e-08 3.96821171477768e-08 4.00376656273238e-08 4.05430533589879e-08 4.12676897099118e-08 4.20961754343807e-08 4.29553921321713e-08 4.38219487364222e-08 4.47242527457092e-08 4.56302444717949e-08 4.65541631911037e-08 4.74249759463419e-08 4.80735309338343e-08 4.87274718352637e-08 4.93927778677516e-08 5.00213204190914e-08 5.06049282478216e-08 5.09536626225326e-08 5.11313160700411e-08 5.13648679145717e-08 5.16215692414335e-08 5.25506465010039e-08 5.36118989202805e-08 5.6424337202543e-08 5.94091247307915e-08 6.34440127100788e-08 6.70189095330898e-08 6.89764405592541e-08 6.98858926284629e-08
5.32480477488662e-08 5.27853032394887e-08 5.14167126652865e-08 4.87595883669201e-08 4.54086439560797e-08 4.27936655000849e-08 4.03879987231903e-08 3.97402253327073e-08 3.9294423714864e-08 3.94435915040958e-08 3.95845241030202e-08 3.96835737603851e-08 3.97612289759763e-08 3.97872348401052e-08 3.9881076219217e-08 4.00680448819912e-08 4.0388002275904e-08 4.08167650789437e-08 4.14388452441017e-08 4.21525001570444e-08 4.29365449861052e-08 4.37374083617215e-08 4.4755115169437e-08 4.57794726571592e-08 4.66837803969611e-08 4.75299160029863e-08 4.81326019041717e-08 4.87132538751212e-08 4.92473937185878e-08 4.96628018709089e-08 4.99330994330194e-08 4.98917458457981e-08 4.96233916180699e-08 4.93376681731661e-08 4.9044746930349e-08 4.9306500216062e-08 4.96772862845773e-08 5.15851432680847e-08 5.37133360012376e-08 5.74378837825407e-08 6.09043553367883e-08 6.34634034213377e-08 6.51724150202426e-08
