Ecospace-environmental-drivers/Outputs/ASCII-for-ecospace/MOM6-ISIMIP3a/chl/1992-11_chl_MOM6-ISIMIP3a.asc
NCOLS 131 
NROWS 53 
XLLCORNER -98 
YLLCORNER 23.9265270233154 
CELLSIZE 0.133587792515755 
NODATA_value -9999 
[rows 19 to 37 of 53, columns 43 to 85 of 131]
1.30475859805301e-06 1.39876851790177e-06 1.50499511164526e-06 1.57359067998186e-06 1.62192361585767e-06 1.68390340604674e-06 1.74976423750195e-06 1.81978373348102e-06 1.88840908776911e-06 1.90790296983323e-06 1.91397884918842e-06 1.85179783329659e-06 1.79314781689754e-06 1.74302351751976e-06 1.70892553796875e-06 1.69682937212201e-06 1.71546696492442e-06 1.7592501535546e-06 1.76167532117688e-06 1.74451008660981e-06 1.71953456629126e-06 1.69269287653151e-06 1.6565930991419e-06 1.61987679803133e-06 1.58344505507557e-06 1.52865572999872e-06 1.39703729473695e-06 1.27311977848876e-06 1.16545925266109e-06 1.06918957953894e-06 9.8684154181683e-07 9.17330964966823e-07 8.57170959989162e-07 8.21302762687992e-07 7.95494656813389e-07 7.62396325626469e-07 7.27864915006649e-07 6.92987384809385e-07 6.58521116747579e-07 6.28196858087904e-07 5.93950858274184e-07 5.45915554539533e-07 5.05354876167985e-07
1.18341461075033e-06 1.27451380649291e-06 1.36986079724011e-06 1.4336408185045e-06 1.48042329328746e-06 1.53050700646418e-06 1.58152965923364e-06 1.63445690759545e-06 1.68647000009514e-06 1.70853968484153e-06 1.71891269928892e-06 1.66978657034633e-06 1.62379024004622e-06 1.58535101490997e-06 1.56326768774306e-06 1.56363898895506e-06 1.58213981649169e-06 1.61547370680637e-06 1.62095363975823e-06 1.6132396467583e-06 1.59132275712182e-06 1.56601254275301e-06 1.52519226048753e-06 1.48334538607742e-06 1.44206535424019e-06 1.38809002692142e-06 1.28098383811448e-06 1.17977344871179e-06 1.09100938061601e-06 1.00800343716401e-06 9.32034822653804e-07 8.68856091074122e-07 8.14993313724699e-07 7.82050676662038e-07 7.57771886128467e-07 7.23353878129274e-07 6.86942712491145e-07 6.55277517580544e-07 6.24577239705104e-07 6.01585668391635e-07 5.76975196509011e-07 5.46672254131408e-07 5.21353797466872e-07
1.07141852367931e-06 1.15543264200824e-06 1.23467521007115e-06 1.29352451949671e-06 1.34139293095359e-06 1.38103303015669e-06 1.41833299949212e-06 1.44973228088929e-06 1.48022468238196e-06 1.50253856645577e-06 1.51620918131812e-06 1.48591266224685e-06 1.45748640534293e-06 1.43357613069384e-06 1.42596945806872e-06 1.44074556374107e-06 1.4567644939234e-06 1.47380023918231e-06 1.48538310895674e-06 1.4943829000913e-06 1.47295679653325e-06 1.44426076076343e-06 1.39647715968749e-06 1.34746437652211e-06 1.2996486020711e-06 1.24519158362091e-06 1.16294052077137e-06 1.08496453776752e-06 1.01601335700252e-06 9.47009311857983e-07 8.77940465215943e-07 8.21625292246608e-07 7.74599698161182e-07 7.44093199500639e-07 7.20427806299995e-07 6.84448252741277e-07 6.4604807903379e-07 6.1874987977717e-07 5.93014874539222e-07 5.78533445150242e-07 5.64278593628842e-07 5.50820345779357e-07 5.40022540462815e-07
1.02055878414831e-06 1.08278675270412e-06 1.13619387320796e-06 1.18034631668706e-06 1.21951552500832e-06 1.25136864426167e-06 1.28114106701105e-06 1.29895636291621e-06 1.31578008222277e-06 1.33887590436643e-06 1.35490404318261e-06 1.33497928800352e-06 1.31586011775653e-06 1.29868590192928e-06 1.29424915940035e-06 1.30729927150242e-06 1.31869580854982e-06 1.32873947222834e-06 1.33839307636663e-06 1.34786193939362e-06 1.32958018639329e-06 1.30466787595651e-06 1.25611018120253e-06 1.20587412766326e-06 1.15485374863056e-06 1.1017301631e-06 1.03980448784569e-06 9.79246465249162e-07 9.21575178836065e-07 8.64201808781218e-07 8.07192520824174e-07 7.66382584060921e-07 7.37371976811119e-07 7.12664757429593e-07 6.8973974975961e-07 6.55542351069016e-07 6.1912908222439e-07 6.00186581323214e-07 5.8272598835174e-07 5.7342100490132e-07 5.64334698083258e-07 5.56017198505288e-07 5.4799249937787e-07
9.71194936028041e-07 1.01150999398669e-06 1.03998081613099e-06 1.06932043308916e-06 1.09912787138455e-06 1.12347117919853e-06 1.14626050162769e-06 1.15177158477309e-06 1.1562227655304e-06 1.1798057357737e-06 1.19785454444354e-06 1.1877523320436e-06 1.17736533411517e-06 1.1662910992527e-06 1.16406852157525e-06 1.17399792998185e-06 1.18017919703561e-06 1.18329353426816e-06 1.19006324439397e-06 1.19856429137144e-06 1.18317529995693e-06 1.16207809242042e-06 1.11367444333155e-06 1.06319123460707e-06 1.00974341421534e-06 9.58381860982627e-07 9.15751058983005e-07 8.71837528393371e-07 8.25216204702883e-07 7.7979569823583e-07 7.35842832000344e-07 7.11233610672934e-07 7.00713940204878e-07 6.81978917782544e-07 6.59841646211135e-07 6.27984263701364e-07 5.94216089666588e-07 5.83389578423521e-07 5.73861939301423e-07 5.68723294236406e-07 5.63622052141e-07 5.5865217518658e-07 5.51884227206756e-07
8.68910944973322e-07 9.03882664715638e-07 9.34603065161355e-07 9.59613998929854e-07 9.81550442702428e-07 9.99586063699098e-07 1.01651221484644e-06 1.02075171071192e-06 1.02424905890075e-06 1.04277035006817e-06 1.05847755094146e-06 1.05987044207723e-06 1.059221176547e-06 1.05364097180427e-06 1.05221295143565e-06 1.0564855301709e-06 1.05038384390355e-06 1.03579418464506e-06 1.03412128282798e-06 1.03856666555657e-06 1.01854777767585e-06 9.92683453659993e-07 9.51893355249922e-07 9.09726793452137e-07 8.62448871430388e-07 8.17617205939314e-07 7.83023381245584e-07 7.50377012082026e-07 7.21842013717833e-07 6.96699430591252e-07 6.75703233810054e-07 6.67801828058145e-07 6.69438520617405e-07 6.55258872939157e-07 6.34529214948998e-07 6.09972516940616e-07 5.84663496283611e-07 5.72933856801683e-07 5.61504577945016e-07 5.48097375485668e-07 5.34037212673866e-07 5.17681485234789e-07 5.02061709539703e-07
7.62061517889379e-07 7.88798899975518e-07 8.17420584553474e-07 8.36233709833323e-07 8.49765399379976e-07 8.61400678786595e-07 8.72496627835062e-07 8.75096247909823e-07 8.77299044077517e-07 8.92268246843742e-07 9.06295724689699e-07 9.1553278025458e-07 9.2185484845686e-07 9.21138450848957e-07 9.20401134862914e-07 9.19635169793764e-07 9.03309171462752e-07 8.74252293669997e-07 8.64839535097417e-07 8.64731703131838e-07 8.41825055886147e-07 8.13471046967607e-07 7.81819778694626e-07 7.4953754847229e-07 7.11369750661106e-07 6.75908950142912e-07 6.51777440907608e-07 6.32264971045515e-07 6.22503648628481e-07 6.17885916653904e-07 6.1955472574482e-07 6.27555948540248e-07 6.40169503185462e-07 6.30058423212176e-07 6.10536176282039e-07 5.92053481796029e-07 5.73775082557404e-07 5.59414104372991e-07 5.44573708793905e-07 5.23632593285583e-07 5.01735769375955e-07 4.76478561495242e-07 4.53726755722528e-07
6.35193885045737e-07 6.4102033547897e-07 6.48477453069063e-07 6.5289805206703e-07 6.55683663808304e-07 6.60512966987881e-07 6.6592343728189e-07 6.652682600361e-07 6.6468197701397e-07 6.82718507505342e-07 6.97968118856807e-07 6.99040924700967e-07 7.00204907388979e-07 7.01589272011915e-07 7.0108654881551e-07 6.97993186804524e-07 6.80469156577601e-07 6.51138350349356e-07 6.37066875697201e-07 6.30223439657129e-07 6.12068618011108e-07 5.9121111917193e-07 5.75385627143987e-07 5.59861746296519e-07 5.4369627378037e-07 5.30063232417888e-07 5.27028589658585e-07 5.28835073509981e-07 5.40861492481781e-07 5.57850967197737e-07 5.80906316827168e-07 6.01279225520557e-07 6.19698255377443e-07 6.11520704296709e-07 5.92328490256477e-07 5.74540933939716e-07 5.57029466108361e-07 5.32459580426803e-07 5.07589106746309e-07 4.82335849483206e-07 4.57522844499181e-07 4.34257628967316e-07 4.11914754749887e-07
5.20619266808353e-07 5.10840493461728e-07 5.03775595461775e-07 4.9879554353538e-07 4.94938149131485e-07 4.94094308578497e-07 4.94107496251672e-07 4.89973444928182e-07 4.86094791085634e-07 5.00570934036659e-07 5.11581504269998e-07 5.04962713421264e-07 5.0029495923809e-07 5.00338103393005e-07 4.98105407586991e-07 4.9274837010671e-07 4.76553680073266e-07 4.51492013553434e-07 4.37419942045381e-07 4.28553420306343e-07 4.16429401184359e-07 4.03527081971333e-07 4.0050244365375e-07 3.98446417193554e-07 4.006116967048e-07 4.05251910251536e-07 4.20249932631123e-07 4.414552279286e-07 4.7576460815435e-07 5.11836901750939e-07 5.50063816717739e-07 5.78089554892358e-07 5.9868489188375e-07 5.91884486311756e-07 5.73738532239076e-07 5.55158919723908e-07 5.36494098923868e-07 5.03522755934682e-07 4.70626957849163e-07 4.43644324832349e-07 4.17701073729404e-07 3.9541234286844e-07 3.72997249087348e-07
4.3286627260386e-07 4.19058579836928e-07 4.11964549584809e-07 4.08475472113423e-07 4.06927512131006e-07 4.02882250227776e-07 3.98126729805881e-07 3.90025036267616e-07 3.81755796752259e-07 3.78210870621842e-07 3.73066740166905e-07 3.59787776460507e-07 3.47818257750987e-07 3.3901062579389e-07 3.30761650957356e-07 3.23279664371512e-07 3.13928694595234e-07 3.03048580008181e-07 2.99139202297738e-07 2.98531745102082e-07 2.9522911404456e-07 2.91282532316472e-07 2.94458800453867e-07 2.98691418265662e-07 3.11176592049378e-07 3.26334713918186e-07 3.52679563775382e-07 3.89094282127189e-07 4.46767245421142e-07 4.96414543249557e-07 5.36252798610803e-07 5.61635374651814e-07 5.764887305304e-07 5.69851579257374e-07 5.54314397049893e-07 5.31697935457487e-07 5.0768983328453e-07 4.70260886231699e-07 4.33713864822494e-07 4.10636971537315e-07 3.87460175943488e-07 3.63932258551358e-07 3.40395160947082e-07
3.58846875769814e-07 3.43334136232443e-07 3.34438851723462e-07 3.30285303107303e-07 3.28684961914405e-07 3.223082671866e-07 3.14573156856568e-07 3.0457451316579e-07 2.9427701520035e-07 2.82166638498893e-07 2.69713183342901e-07 2.55514578384464e-07 2.42268868078099e-07 2.31324094102092e-07 2.22272362293552e-07 2.15819540017037e-07 2.11793334869981e-07 2.0975254244604e-07 2.11444742603817e-07 2.14905170992097e-07 2.17015085013372e-07 2.1880231315663e-07 2.25587015734163e-07 2.33340486488487e-07 2.50197160767129e-07 2.70400732915732e-07 3.04611262436083e-07 3.51076238302994e-07 4.23411307792776e-07 4.81287770526251e-07 5.21492779625987e-07 5.44077067843318e-07 5.53826680516067e-07 5.46181524896383e-07 5.31332659647887e-07 5.0414109864505e-07 4.74523318416686e-07 4.36218840604852e-07 3.99249614702057e-07 3.78466751271844e-07 3.5708566770154e-07 3.33601207103129e-07 3.10387520130462e-07
3.02105434002442e-07 2.87811332100318e-07 2.74885252338208e-07 2.67355517280521e-07 2.62731475686451e-07 2.55117896585944e-07 2.46654110469535e-07 2.37363622090925e-07 2.28009767511139e-07 2.19229931985865e-07 2.10595260341506e-07 2.02699112605842e-07 1.95757834831056e-07 1.91122239812103e-07 1.87826813657921e-07 1.86371295285426e-07 1.85758949555748e-07 1.85836469768219e-07 1.87391933081926e-07 1.89647465731468e-07 1.92881316252169e-07 1.96348935332935e-07 2.03480468030648e-07 2.1127269178578e-07 2.25017373622904e-07 2.43381435893752e-07 2.81078115449418e-07 3.3110276831394e-07 4.0715281102166e-07 4.66532924292551e-07 5.05538935158256e-07 5.25129564721283e-07 5.30578404323023e-07 5.20451862939808e-07 5.03875071444781e-07 4.714314627563e-07 4.35868827253216e-07 4.01195222821116e-07 3.67866164197039e-07 3.47349697449317e-07 3.26543016626601e-07 3.04715740639949e-07 2.83643942111667e-07
2.51646497417823e-07 2.3967814399839e-07 2.2813171085545e-07 2.21105764808271e-07 2.16513896589277e-07 2.10467305805651e-07 2.04006994408701e-07 1.97920982714095e-07 1.91909478530761e-07 1.86875084295934e-07 1.82124864522848e-07 1.78820329210794e-07 1.76181330857617e-07 1.75149367009908e-07 1.74592187818234e-07 1.74686817899783e-07 1.74754461568227e-07 1.74800021568444e-07 1.75084167608475e-07 1.754813183652e-07 1.77915453036803e-07 1.80836295271547e-07 1.87949808605481e-07 1.95661897350874e-07 2.07893762649292e-07 2.24829463491005e-07 2.61451191363449e-07 3.10611540044192e-07 3.86241907790463e-07 4.44951552935891e-07 4.82980624383345e-07 5.01520844409242e-07 5.05865671129868e-07 4.93170659865427e-07 4.73418793944802e-07 4.38323951357233e-07 4.0021302538662e-07 3.68785322280019e-07 3.38602660576726e-07 3.18164666168741e-07 2.97896491474603e-07 2.78225371630469e-07 2.59329283380794e-07
2.05899539196253e-07 1.97087274500518e-07 1.90978326486402e-07 1.87366197224037e-07 1.85098485872004e-07 1.8272179147516e-07 1.80314117415037e-07 1.79304848302309e-07 1.78434731878951e-07 1.77456939809417e-07 1.76640440940901e-07 1.76644363136802e-07 1.76805997398333e-07 1.77348482566231e-07 1.77265945922045e-07 1.76325357870155e-07 1.75022563553284e-07 1.73423430283037e-07 1.7158529885819e-07 1.69633963764682e-07 1.69825611351371e-07 1.70529290244303e-07 1.77351139996063e-07 1.84893934829233e-07 1.96812365516053e-07 2.12628037843388e-07 2.44754005507275e-07 2.89732014380206e-07 3.61841642870786e-07 4.18250237999018e-07 4.55468892823774e-07 4.74416083307005e-07 4.80054609397484e-07 4.6472564463329e-07 4.40713364469048e-07 4.04917983587438e-07 3.66806347074089e-07 3.38335723881755e-07 3.10929095803658e-07 2.90428658900055e-07 2.70672131819083e-07 2.5353133992212e-07 2.36836342537572e-07
1.86629833365259e-07 1.81536861987297e-07 1.78624375735126e-07 1.76866805645659e-07 1.7573110255853e-07 1.7537230689868e-07 1.75234461607943e-07 1.76097628923344e-07 1.7703166577121e-07 1.77112909227617e-07 1.7714516786782e-07 1.76928324435721e-07 1.77250214505875e-07 1.78872880951531e-07 1.7989357559145e-07 1.80087795342843e-07 1.79515922127393e-07 1.78317222321311e-07 1.75950020775417e-07 1.73029320649221e-07 1.70398664067761e-07 1.67837299613893e-07 1.71134161064401e-07 1.75243059175045e-07 1.85313467682136e-07 1.99159828184747e-07 2.2880885808263e-07 2.69570307409595e-07 3.33790922013577e-07 3.86416502351494e-07 4.24870506776642e-07 4.44564278723192e-07 4.50593404366373e-07 4.32538001859939e-07 4.04508369911127e-07 3.70196772792042e-07 3.34650309241624e-07 3.0851194310344e-07 2.83404574474844e-07 2.64964882035201e-07 2.47001537445612e-07 2.30712956295065e-07 2.14849464441613e-07
1.78707693976321e-07 1.77575429916033e-07 1.76898907966461e-07 1.7632763160691e-07 1.75813042346817e-07 1.76764118009487e-07 1.78132040673518e-07 1.79494335839081e-07 1.80802260274504e-07 1.80657821147179e-07 1.80216716216819e-07 1.78266574835106e-07 1.77617081931203e-07 1.80108116865085e-07 1.82501409540237e-07 1.84760494903458e-07 1.85820127285297e-07 1.85898372251359e-07 1.83684903731773e-07 1.80385882231349e-07 1.74684430476191e-07 1.68408959666522e-07 1.6679507552908e-07 1.66070933005358e-07 1.73635640976499e-07 1.85148707032567e-07 2.13186041264635e-07 2.49716265443567e-07 3.04175699739062e-07 3.52383096924314e-07 3.92949203842363e-07 4.13535161669643e-07 4.19567868448212e-07 3.98746323071464e-07 3.66803504903146e-07 3.34911845811803e-07 3.03030248005598e-07 2.78956377997019e-07 2.559438598837e-07 2.40474975043981e-07 2.24854034058808e-07 2.08698466508395e-07 1.93079472410318e-07
1.82412051685787e-07 1.80836735808043e-07 1.78930491756546e-07 1.77809383217209e-07 1.77111033394795e-07 1.78136289719077e-07 1.79651735265907e-07 1.80496954271803e-07 1.81227548523566e-07 1.80715446163049e-07 1.80088335355322e-07 1.78876149448115e-07 1.78721492716249e-07 1.81120356046449e-07 1.83484488047725e-07 1.85800985263995e-07 1.87787165373265e-07 1.89503069236707e-07 1.89578017284475e-07 1.88875674211886e-07 1.85017455578418e-07 1.80405194782907e-07 1.74458392621091e-07 1.68916912457462e-07 1.70609155247803e-07 1.7613700720176e-07 1.97717312744317e-07 2.27434739485943e-07 2.74330261618161e-07 3.1674809974902e-07 3.53693280885636e-07 3.72127573200487e-07 3.7707880551352e-07 3.58482537876625e-07 3.30134469095356e-07 3.02019316222868e-07 2.73949922302563e-07 2.54144595146499e-07 2.34996221593065e-07 2.19276103052835e-07 2.03649094032698e-07 1.88349517316055e-07 1.74661209939586e-07
1.88521937616315e-07 1.85592426760195e-07 1.81739423510408e-07 1.79709260805794e-07 1.78660627625504e-07 1.79504382913365e-07 1.80886345901854e-07 1.81004239152571e-07 1.80960668672014e-07 1.80051543452464e-07 1.79297870772643e-07 1.79334946892595e-07 1.79978513870083e-07 1.82086438371698e-07 1.8413142299778e-07 1.86089962994629e-07 1.88856830618533e-07 1.92285042999174e-07 1.95090080978844e-07 1.97599931084369e-07 1.9660166117319e-07 1.9476517820749e-07 1.84605013942019e-07 1.74249450424213e-07 1.69372626146469e-07 1.68159701274817e-07 1.82280473381979e-07 2.04650945079266e-07 2.44437188712254e-07 2.80781762285187e-07 3.12919837597292e-07 3.28572667740445e-07 3.32217894083442e-07 3.16879663841974e-07 2.9367973297667e-07 2.69621722281954e-07 2.45395057163478e-07 2.3031427076603e-07 2.15396141811652e-07 1.98758144165367e-07 1.82639197987555e-07 1.6834518135056e-07 1.56936422968101e-07
1.8904684395693e-07 1.85026578947145e-07 1.80828294560342e-07 1.78517439053394e-07 1.77222887032258e-07 1.77954618152398e-07 1.79262613642095e-07 1.78766143221765e-07 1.78136090767111e-07 1.78886253365818e-07 1.79672497324646e-07 1.80642331315539e-07 1.81809866717231e-07 1.83454758939661e-07 1.84751627330115e-07 1.85570698363335e-07 1.86250346700945e-07 1.868159102969e-07 1.91148387784779e-07 1.97265180190698e-07 2.00093808189195e-07 2.02136789084761e-07 1.96207054159458e-07 1.89553432505818e-07 1.80335462118819e-07 1.73820652094037e-07 1.78618805080077e-07 1.91299434959546e-07 2.20620606228294e-07 2.48507404876364e-07 2.74641138275911e-07 2.88954367988481e-07 2.94657723998171e-07 2.82527850004044e-07 2.63012651657846e-07 2.43202379124341e-07 2.23334112092743e-07 2.09283868457533e-07 1.95210915876487e-07 1.78811262685485e-07 1.64156460868981e-07 1.55636570298157e-07 1.48466185123652e-07
