Ecospace-environmental-drivers/Outputs/ASCII-for-ecospace/MOM6-ISIMIP3a/chl/1993-06_chl_MOM6-ISIMIP3a.asc
NCOLS 131 
NROWS 53 
XLLCORNER -98 
YLLCORNER 23.9265270233154 
CELLSIZE 0.133587792515755 
NODATA_value -9999 
[rows 0 to 18 of 53, columns 43 to 85 of 131]
-9999 -9999 -9999 -9999 -9999 -9999 -9999 -9999 -9999 -9999 -9999 -9999 -9999 -9999 -9999 -9999 -9999 -9999 -9999 -9999 -9999 -9999 -9999 -9999 -9999 -9999 -9999 -9999 -9999 -9999 -9999 -9999 -9999 -9999 -9999 -9999 -9999 -9999 -9999 -9999 -9999 -9999 -9999
-9999 -9999 -9999 -9999 -9999 -9999 -9999 -9999 -9999 -9999 -9999 -9999 -9999 -9999 -9999 -9999 -9999 -9999 -9999 -9999 -9999 -9999 -9999 -9999 -9999 -9999 -9999 -9999 -9999 -9999 -9999 -9999 -9999 -9999 -9999 -9999 -9999 -9999 -9999 -9999 -9999 -9999 -9999
-9999 -9999 -9999 -9999 -9999 -9999 -9999 -9999 -9999 -9999 -9999 -9999 -9999 -9999 -9999 -9999 -9999 -9999 -9999 -9999 -9999 -9999 -9999 -9999 -9999 -9999 -9999 -9999 -9999 -9999 -9999 2.44658667725162e-06 2.41620318774949e-06 -9999 -9999 -9999 -9999 -9999 -9999 -9999 -9999 -9999 -9999
-9999 -9999 -9999 -9999 -9999 -9999 -9999 -9999 -9999 -9999 -9999 -9999 -9999 -9999 -9999 -9999 -9999 -9999 -9999 -9999 -9999 -9999 -9999 -9999 -9999 -9999 -9999 -9999 -9999 -9999 -9999 2.44432931140182e-06 2.41770476350212e-06 -9999 -9999 -9999 -9999 -9999 -9999 -9999 -9999 -9999 -9999
-9999 -9999 -9999 -9999 -9999 -9999 -9999 -9999 -9999 -9999 -9999 -9999 -9999 -9999 -9999 -9999 -9999 -9999 -9999 -9999 -9999 -9999 2.57398892244964e-06 2.5763624762476e-06 2.5782615011849e-06 2.58933846453147e-06 2.59354578702187e-06 2.58745808423555e-06 2.55954023486993e-06 2.51610185841855e-06 2.47562161348469e-06 2.44145371652849e-06 2.4159123768186e-06 2.39574796978559e-06 -9999 -9999 2.09846598409058e-06 1.87108366844768e-06 1.54052690959361e-06 1.16970841190778e-06 8.17795068996929e-07 5.53239999590005e-07 3.98303370729991e-07
-9999 -9999 -9999 -9999 -9999 -9999 -9999 -9999 -9999 -9999 -9999 -9999 -9999 -9999 -9999 -9999 -9999 -9999 2.54631504503777e-06 -9999 2.52879726758692e-06 2.51431470132957e-06 2.54556721301924e-06 2.57398892244964e-06 2.57683723248192e-06 2.5782615011849e-06 2.60041542787803e-06 2.60196043200267e-06 2.55999839282595e-06 2.51666187978117e-06 2.47164553002222e-06 2.43855765802437e-06 2.41415796153888e-06 2.39502151089255e-06 2.37806443692534e-06 2.27111127060198e-06 2.14646706808708e-06 1.87781972726953e-06 1.58896420998644e-06 1.15479667783802e-06 7.65364518429124e-07 5.33224010723643e-07 3.61131469617249e-07
-9999 -9999 -9999 -9999 -9999 -9999 -9999 -9999 -9999 -9999 -9999 -9999 -9999 -9999 2.59201510743878e-06 2.58925729212933e-06 2.58732575275644e-06 2.58225782090449e-06 2.56312864621577e-06 2.54842939284572e-06 2.54420046985615e-06 2.52787640420138e-06 2.51431470132957e-06 2.54839778790483e-06 2.57398892244964e-06 2.5782615011849e-06 2.60041542787803e-06 2.60196043200267e-06 2.55999839282595e-06 2.51666187978117e-06 2.47164553002222e-06 2.43855765802437e-06 2.41415796153888e-06 2.39502151089255e-06 2.37806443692534e-06 2.27111127060198e-06 2.14646706808708e-06 1.87781972726953e-06 1.58896420998644e-06 1.15479667783802e-06 7.65364518429124e-07 5.33224010723643e-07 3.61131469617249e-07
-9999 -9999 -9999 -9999 -9999 -9999 -9999 -9999 -9999 -9999 -9999 -9999 -9999 -9999 2.60680167230021e-06 2.59201510743878e-06 2.58649924944621e-06 -9999 2.5768115392566e-06 2.56273870036239e-06 2.55265831583529e-06 2.54420046985615e-06 2.52511404141842e-06 2.51431470132957e-06 2.55688951256161e-06 2.58290651800053e-06 2.53962662100093e-06 2.49107461058884e-06 2.43139288613747e-06 2.38025245380413e-06 2.33955165640509e-06 2.29250827032956e-06 2.24084510591638e-06 2.17292790694046e-06 2.09827953767672e-06 1.96724772649759e-06 1.82513235813531e-06 1.58308012032649e-06 1.3272610885906e-06 9.73110331869975e-07 6.5603512666712e-07 4.69319559215364e-07 3.30716346752524e-07
-9999 -9999 2.59481657849392e-06 -9999 -9999 -9999 -9999 -9999 -9999 -9999 -9999 -9999 -9999 -9999 -9999 -9999 -9999 -9999 2.57738952313957e-06 2.57206124842924e-06 2.56738326243067e-06 2.56111616181443e-06 2.54420046985615e-06 2.51682695306954e-06 2.56841462942248e-06 2.5877770895022e-06 2.47227376348746e-06 2.36829032473906e-06 2.28862631956872e-06 2.22802259486343e-06 2.19071489482303e-06 2.12716076930519e-06 2.04448906515609e-06 1.92365655493631e-06 1.78702021003119e-06 1.63021798016416e-06 1.46945149026578e-06 1.25703320463799e-06 1.0379256991655e-06 7.72158273321111e-07 5.35064145879005e-07 3.98786596633727e-07 2.9736321494056e-07
-9999 2.59481657849392e-06 2.59452349382627e-06 2.59518083112198e-06 2.59566058957716e-06 -9999 -9999 -9999 -9999 -9999 -9999 -9999 -9999 -9999 2.56795215136663e-06 2.62195771938423e-06 -9999 -9999 -9999 2.57020133176411e-06 2.57603051068145e-06 2.58536806541088e-06 2.57803208114638e-06 2.58236332228989e-06 2.60087199421832e-06 2.582763272585e-06 2.41140719481336e-06 2.25988924285048e-06 2.15025124816748e-06 2.05323954105552e-06 1.97165991266957e-06 1.85742965186364e-06 1.71941724147473e-06 1.58938303229661e-06 1.46265278999635e-06 1.3135294238964e-06 1.16000410343986e-06 9.80058644017845e-07 7.97806990249228e-07 6.02584805164952e-07 4.31324480132389e-07 3.44315111533433e-07 2.79027659644271e-07
2.59212129094522e-06 2.59398575508385e-06 2.59422131421161e-06 2.59507055488939e-06 2.59625039689126e-06 2.59633748100896e-06 -9999 -9999 -9999 -9999 -9999 -9999 -9999 -9999 2.54102246799448e-06 2.570336619101e-06 2.62195771938423e-06 -9999 -9999 2.54788915299287e-06 2.57069950748701e-06 2.60950309893815e-06 2.62440471487935e-06 2.63571632785897e-06 2.61867580775288e-06 2.56253997577005e-06 2.3427858195646e-06 2.14884857996367e-06 2.00941394723486e-06 1.87591172107204e-06 1.74966044141911e-06 1.59119088039006e-06 1.40925396863167e-06 1.27028010865615e-06 1.14909857984458e-06 1.00891065812903e-06 8.64986532178591e-07 7.19295144335774e-07 5.75243007006065e-07 4.47843717665819e-07 3.39157509188226e-07 2.9626744435518e-07 2.63324750449101e-07
2.58671252595377e-06 2.58960858445789e-06 2.59308649219747e-06 2.59507055488939e-06 2.59625039689126e-06 2.59651164924435e-06 2.58731188296224e-06 2.57974079431733e-06 -9999 -9999 -9999 -9999 -9999 -9999 -9999 2.54540691457805e-06 2.57339138443058e-06 2.62195771938423e-06 2.59201510743878e-06 2.54788915299287e-06 2.57069950748701e-06 2.60950309893815e-06 2.61997547568171e-06 2.62372077486361e-06 2.55788108916022e-06 2.46073500420607e-06 2.23256756726187e-06 2.02364958568069e-06 1.85536862318258e-06 1.68493397723068e-06 1.51186702623818e-06 1.34368372073368e-06 1.17905756269465e-06 1.03254933492281e-06 8.93544324753748e-07 7.69031885283766e-07 6.4736838112367e-07 5.45484908798244e-07 4.4683869759865e-07 3.72660281300341e-07 3.09064148495963e-07 2.82675927110176e-07 2.61742684415367e-07
2.55758709499787e-06 2.56503335549496e-06 2.57638316725206e-06 2.58468116953736e-06 2.59133571489656e-06 2.58898421634512e-06 2.58407135333982e-06 2.57967985817231e-06 -9999 -9999 -9999 -9999 2.52982385973155e-06 2.53864141086524e-06 2.54274664257537e-06 2.54038218372443e-06 2.55309169006068e-06 2.57813394455297e-06 2.55997360909532e-06 2.52134941547411e-06 2.54583505920891e-06 2.58539967035176e-06 2.59164744420559e-06 2.58821751231153e-06 2.47724256041693e-06 2.34321737480059e-06 2.11272367778292e-06 1.89483512258448e-06 1.7035571318047e-06 1.50632149598096e-06 1.30180421820114e-06 1.12556688236509e-06 9.69928350968985e-07 8.18182627426722e-07 6.68049040086771e-07 5.59701902602683e-07 4.59568980204494e-07 3.97537689877936e-07 3.39680298111489e-07 3.08813270066821e-07 2.81996079820601e-07 2.69418393372689e-07 2.58762980820393e-07
2.46916874857561e-06 2.48996116170019e-06 2.52075801654428e-06 2.5483175249974e-06 2.57413398685458e-06 2.58141676567902e-06 2.58342834058567e-06 2.57967985817231e-06 2.57547139881353e-06 2.57477427112462e-06 2.57007013715338e-06 2.54498218055232e-06 2.52982385973155e-06 2.53864141086524e-06 2.54274664257537e-06 2.54038218372443e-06 2.5162921701849e-06 2.47442676482024e-06 2.44782722802483e-06 2.42845908360323e-06 2.45880801230669e-06 2.50103607868368e-06 2.5035710677912e-06 2.49394429374661e-06 2.34699382417602e-06 2.18641753235715e-06 1.96881501324242e-06 1.75698244220257e-06 1.55733073370357e-06 1.358623080705e-06 1.16106946279615e-06 9.80927552518551e-07 8.13468147953245e-07 6.62227250813885e-07 5.17702972047118e-07 4.26745543791185e-07 3.46318074662122e-07 3.14249092525642e-07 2.856376966065e-07 2.73307847464821e-07 2.62491312241764e-07 2.5699574734972e-07 2.52289112268045e-07
2.15172644857375e-06 2.21958066504158e-06 2.30747014029475e-06 2.39271776081296e-06 2.47654315899126e-06 2.51882784141344e-06 2.54929864240694e-06 2.5523961539875e-06 2.55256645687041e-06 2.54934843724186e-06 2.54218639383907e-06 2.51496294367826e-06 2.49408094532555e-06 2.48851142714557e-06 2.47635352934594e-06 2.45515093411086e-06 2.40771169046639e-06 2.33880609812331e-06 2.31082503887592e-06 2.30222894970211e-06 2.32551428780425e-06 2.35641709878109e-06 2.35114976021578e-06 2.33372475122451e-06 2.1755126908829e-06 2.00989006771124e-06 1.81325492576434e-06 1.61666525855253e-06 1.42017165671859e-06 1.22759001897066e-06 1.03978936749627e-06 8.59362671690178e-07 6.84306940001989e-07 5.39954555733857e-07 4.08317418987281e-07 3.33174227762356e-07 2.69136393171721e-07 2.56820896993304e-07 2.4742530513322e-07 2.47841910550051e-07 2.48124081281276e-07 2.47933513719545e-07 2.47552719656596e-07
1.51048629959405e-06 1.67306973253289e-06 1.87127636763762e-06 2.06854019779712e-06 2.26529618885252e-06 2.37844869843684e-06 2.46782428803272e-06 2.48653873313742e-06 2.49727804657596e-06 2.48797482527152e-06 2.47488060267642e-06 2.4425016817986e-06 2.40780377680494e-06 2.36750656767981e-06 2.31609305956226e-06 2.24941845772264e-06 2.19764569919789e-06 2.15806539927144e-06 2.1386808839452e-06 2.12886288863956e-06 2.12680811273458e-06 2.12660825127386e-06 2.10775669984287e-06 2.08026904147118e-06 1.94573590306391e-06 1.80547169748024e-06 1.64122184287407e-06 1.47286368701316e-06 1.2958324759893e-06 1.12011855435412e-06 9.46014722558175e-07 7.70420797380211e-07 5.93741560805938e-07 4.6530297481695e-07 3.56842548399072e-07 2.95286213258805e-07 2.42950051188018e-07 2.35954544791639e-07 2.3159391560057e-07 2.36570031120209e-07 2.41020416069659e-07 2.43622253037756e-07 2.45272815391218e-07
9.96557560029032e-07 1.16048681775283e-06 1.36346454837621e-06 1.58371994984918e-06 1.81327868631342e-06 1.98258089767478e-06 2.13474640986533e-06 2.18654986383626e-06 2.22625226342643e-06 2.21659684029873e-06 2.20450283450191e-06 2.1800042304676e-06 2.15028489947144e-06 2.10795928978769e-06 2.0593081444531e-06 2.00197291633231e-06 1.96175710698299e-06 1.93554751604097e-06 1.90315267900587e-06 1.86782779110217e-06 1.83504926098976e-06 1.802879069146e-06 1.78680750195781e-06 1.76685296082724e-06 1.67428663644387e-06 1.57347380991268e-06 1.43814838793332e-06 1.29676618598751e-06 1.14259739802947e-06 9.84943085313716e-07 8.23028585728025e-07 6.63805906242487e-07 5.06543869960296e-07 4.00166470626573e-07 3.14862148798056e-07 2.68066997932692e-07 2.28841827265569e-07 2.2727424209279e-07 2.27769817229273e-07 2.34796615927735e-07 2.41043665027973e-07 2.44548971295444e-07 2.46673863557589e-07
5.89840055909008e-07 6.7647539481186e-07 7.95341748016654e-07 9.63619640970137e-07 1.15850355086877e-06 1.37156166601926e-06 1.58978843955992e-06 1.68939459399553e-06 1.77354979769007e-06 1.76836999798979e-06 1.7631144828556e-06 1.75747356934153e-06 1.74855961176945e-06 1.73174237261264e-06 1.72123793618084e-06 1.71940007476223e-06 1.70412238276185e-06 1.67784855875652e-06 1.61424725320103e-06 1.53296480220888e-06 1.46492880048754e-06 1.40005772664153e-06 1.40054680741741e-06 1.40294298489607e-06 1.36774394832173e-06 1.31825083826698e-06 1.20893537314259e-06 1.09347172383423e-06 9.65028675636859e-07 8.26437428713689e-07 6.75442890951672e-07 5.42308157491789e-07 4.22182267811877e-07 3.43042785289072e-07 2.80877173963745e-07 2.49832226018043e-07 2.24904837864415e-07 2.28856052331139e-07 2.34057267789467e-07 2.41022036107097e-07 2.47068612679868e-07 2.49886710435021e-07 2.51174668619569e-07
3.98387044242554e-07 4.39390362316772e-07 5.01820238696382e-07 6.07195147495077e-07 7.35694129616604e-07 9.00435793482757e-07 1.07548487449094e-06 1.17118088382995e-06 1.25598216982326e-06 1.26593738514202e-06 1.27698376672924e-06 1.29358079448139e-06 1.31115598378528e-06 1.33109290345601e-06 1.35603352191538e-06 1.38784400860459e-06 1.38614018396765e-06 1.35701588988013e-06 1.28580927594157e-06 1.19466926662426e-06 1.11359850052395e-06 1.03493380265718e-06 1.03838874565554e-06 1.04693401681288e-06 1.04745379303495e-06 1.03126706108014e-06 9.45161787058169e-07 8.54078678003134e-07 7.52486982946721e-07 6.44359204216016e-07 5.28243049302546e-07 4.30925979344465e-07 3.47301892134055e-07 2.93376615445595e-07 2.51750634561176e-07 2.36521913166143e-07 2.26482256948657e-07 2.33215587286395e-07 2.40366460957375e-07 2.45528070763612e-07 2.50020832481823e-07 2.52161726166378e-07 2.52989224236444e-07
