Ecospace-environmental-drivers/Outputs/ASCII-for-ecospace/MOM6-ISIMIP3a/chl/1993-08_chl_MOM6-ISIMIP3a.asc
NCOLS 131 
NROWS 53 
XLLCORNER -98 
YLLCORNER 23.9265270233154 
CELLSIZE 0.133587792515755 
NODATA_value -9999 
[rows 19 to 37 of 53, columns 86 to 128 of 131]
3.96699419979996e-07 3.90174790254605e-07 3.87248633160198e-07 3.84650178375523e-07 3.82263777964909e-07 3.60563490175991e-07 3.31925377849984e-07 2.80685924280988e-07 2.25897636596528e-07 1.73718134988121e-07 1.24359075925895e-07 9.52700389689198e-08 7.05208691442749e-08 5.8790988077817e-08 5.09224520328644e-08 4.93922165389904e-08 5.69195712785131e-08 7.32491969301918e-08 1.3846351976099e-07 2.31689838869897e-07 5.17702233082673e-07 8.63170384945988e-07 1.20495690225653e-06 1.54784231654048e-06 1.96106566363596e-06 2.32995898841182e-06 2.4476571525156e-06 2.53315079135064e-06 2.53524558502249e-06 -9999 -9999 -9999 -9999 -9999 -9999 -9999 -9999 -9999 -9999 -9999 -9999 -9999 -9999
3.63995326324584e-07 3.5836154665958e-07 3.5621744132186e-07 3.56028976966627e-07 3.57105932380364e-07 3.48521894011355e-07 3.36467508077476e-07 3.02100744420386e-07 2.64230521906939e-07 2.13294740092351e-07 1.63502832606355e-07 1.22666477864186e-07 8.70825331844571e-08 6.72554776315337e-08 5.27353805068742e-08 4.69265479807746e-08 4.72541223928147e-08 5.35451398775422e-08 8.57170263657281e-08 1.32719208068011e-07 2.94987529514401e-07 4.92804247187451e-07 7.70639701386244e-07 1.06176241843059e-06 1.52115217133542e-06 1.9500312191667e-06 2.2060223727749e-06 2.38714483202784e-06 2.37438075600949e-06 -9999 -9999 -9999 -9999 -9999 -9999 -9999 -9999 -9999 -9999 -9999 -9999 -9999 -9999
3.24917181160345e-07 3.21069308029109e-07 3.2045403486336e-07 3.23534777635359e-07 3.29006979882251e-07 3.32535989855387e-07 3.35366934223202e-07 3.18514707942086e-07 2.98571848134088e-07 2.52580633741673e-07 2.05650763973608e-07 1.53284531734244e-07 1.06881799410985e-07 7.83691120886942e-08 5.71124090242847e-08 4.77662354114727e-08 4.22936885513536e-08 4.05855793417231e-08 4.67286724870064e-08 5.73706735451651e-08 1.10398417518809e-07 1.764980339658e-07 3.4319904784752e-07 5.28634814145335e-07 1.01828413789917e-06 1.49702202634217e-06 1.91393064596923e-06 2.23734173232515e-06 -9999 -9999 -9999 -9999 -9999 -9999 -9999 -9999 -9999 -9999 -9999 -9999 -9999 -9999 -9999
2.71318043587598e-07 2.68446058271365e-07 2.68487355015168e-07 2.73249042948009e-07 2.81065013041371e-07 2.91704765231771e-07 3.03358831388323e-07 3.01172605077227e-07 2.96813169597954e-07 2.64066727595491e-07 2.28918466405048e-07 1.77869637241201e-07 1.30562611388996e-07 9.44807041491913e-08 6.71026540999264e-08 5.40117817138253e-08 4.55924684672482e-08 4.17130294749768e-08 4.17489616211242e-08 4.40284821934256e-08 6.80100384897742e-08 9.86845591910424e-08 1.94944647091688e-07 3.0390134497793e-07 6.33225624824263e-07 9.62900230661035e-07 1.29456020658836e-06 1.53306177708146e-06 1.5303132840927e-06 1.49925847381382e-06 -9999 -9999 -9999 -9999 -9999 -9999 -9999 -9999 -9999 -9999 -9999 -9999 -9999
2.17281808545522e-07 2.15335276720907e-07 2.15957896898544e-07 2.22163933472075e-07 2.31982724585578e-07 2.48954933113055e-07 2.68496791022699e-07 2.80354555570739e-07 2.91005790131749e-07 2.72077244289903e-07 2.4938930209828e-07 2.01040720071433e-07 1.53974312411265e-07 1.10754292848014e-07 7.75282344989137e-08 6.07070305136403e-08 4.95925078780601e-08 4.40238068222243e-08 3.96689578963105e-08 3.60096770180007e-08 3.82570171097996e-08 4.23259720605529e-08 7.43205106346068e-08 1.12344672231757e-07 2.72667676881611e-07 4.43276803707704e-07 6.72171609039651e-07 7.96238964539953e-07 6.4883738559729e-07 9.09507775759266e-07 9.72221982920018e-07 -9999 -9999 -9999 -9999 -9999 -9999 -9999 -9999 -9999 -9999 -9999 -9999
1.74466137536911e-07 1.73641240053257e-07 1.74710010014678e-07 1.8047265371024e-07 1.89272455486389e-07 2.06084678211482e-07 2.25775082185464e-07 2.4502921291969e-07 2.64214861545042e-07 2.58025835364606e-07 2.47675387754498e-07 2.08536960144556e-07 1.6801782010134e-07 1.23356599601721e-07 8.80120865076606e-08 6.79607410347671e-08 5.46799476808246e-08 4.79788688778626e-08 4.2267238598015e-08 3.71225823414534e-08 3.64935992536175e-08 3.72572550588757e-08 5.52306325118934e-08 7.67703411952425e-08 1.66851421568026e-07 2.65855845782426e-07 4.15423784261293e-07 5.29000715232542e-07 5.49372600744391e-07 5.07899812873802e-07 5.3987207593309e-07 -9999 -9999 -9999 -9999 -9999 -9999 -9999 -9999 -9999 -9999 -9999 -9999
1.36179778564838e-07 1.36263594185948e-07 1.3765665585197e-07 1.42862816687739e-07 1.50536223486597e-07 1.66591320294174e-07 1.85657242468551e-07 2.10826016200372e-07 2.36953070498203e-07 2.42490671098494e-07 2.43567257030008e-07 2.13439548701899e-07 1.7955777309453e-07 1.34414108288183e-07 9.77091971776645e-08 7.48562953845067e-08 5.9622514925195e-08 5.1793094257846e-08 4.48404655628565e-08 3.8390261636323e-08 3.52261899649875e-08 3.30755760558077e-08 3.90095635793841e-08 4.64294380719821e-08 7.7397857012329e-08 1.16017488949183e-07 1.97992193307073e-07 2.72024664127457e-07 3.25489367014598e-07 3.84894775606881e-07 -9999 -9999 -9999 -9999 -9999 -9999 -9999 -9999 -9999 -9999 -9999 -9999 -9999
1.17753110373542e-07 1.17812128053174e-07 1.18995153286505e-07 1.23148964803477e-07 1.29225000478073e-07 1.41904763495404e-07 1.56956687646925e-07 1.81543057919953e-07 2.07626499104663e-07 2.20449564380942e-07 2.28961226866886e-07 2.06969659188871e-07 1.8012036662185e-07 1.38698197815756e-07 1.03956722341536e-07 8.01814366013787e-08 6.3929810778518e-08 5.49897869461802e-08 4.73038568316042e-08 4.03365554291213e-08 3.61336560672498e-08 3.27833014068801e-08 3.53674067810061e-08 3.90356582613549e-08 5.96900804339384e-08 8.71210943387268e-08 1.52951216136898e-07 2.23775074914556e-07 3.07531109910997e-07 3.57185996335829e-07 -9999 -9999 -9999 -9999 -9999 -9999 -9999 -9999 -9999 -9999 -9999 -9999 -9999
1.02823314307443e-07 1.02671791069042e-07 1.03444946830678e-07 1.06454372428288e-07 1.10910768569283e-07 1.2054863418598e-07 1.32047759393572e-07 1.55289043846096e-07 1.8037407301108e-07 1.98845015120241e-07 2.13256825531971e-07 1.98644954707561e-07 1.78388077642921e-07 1.41196593972381e-07 1.08917546981502e-07 8.47021723870967e-08 6.7750477228401e-08 5.78577186161056e-08 4.95820096091393e-08 4.22329087257367e-08 3.7134388009008e-08 3.27299538582793e-08 3.26678879503106e-08 3.33767005145091e-08 4.54910598080005e-08 6.3231411218112e-08 1.12851090250388e-07 1.75860506601566e-07 2.73544998208308e-07 3.20389432317825e-07 -9999 -9999 -9999 -9999 -9999 -9999 -9999 -9999 -9999 -9999 -9999 -9999 -9999
9.5523162713107e-08 9.47558476127597e-08 9.4683130669182e-08 9.63473993920161e-08 9.91355690871387e-08 1.06459012272353e-07 1.15411587842118e-07 1.35643787757544e-07 1.57647107812409e-07 1.78192919975118e-07 1.95155934079594e-07 1.862732688096e-07 1.71648707691929e-07 1.39798856935158e-07 1.11071003061625e-07 8.74678178774957e-08 7.0509365457383e-08 6.00083467361401e-08 5.14559985731466e-08 4.40202896356823e-08 3.83386193902879e-08 3.31979066459098e-08 3.20250705954095e-08 3.15028607644763e-08 3.89476326745353e-08 5.02656547496372e-08 8.35311766422819e-08 1.28676916233417e-07 2.04588545216211e-07 2.56335368931104e-07 -9999 -9999 -9999 -9999 -9999 -9999 -9999 -9999 -9999 -9999 -9999 -9999 -9999
8.95082479246412e-08 8.83834658793603e-08 8.7732111353489e-08 8.82868818052884e-08 8.96220626600552e-08 9.4917474768863e-08 1.01635457383509e-07 1.19057752101526e-07 1.38160828555556e-07 1.5958880794642e-07 1.77916149368684e-07 1.73689514326725e-07 1.6378201905809e-07 1.36832326802505e-07 1.11582686201928e-07 8.91236027200648e-08 7.25517637079065e-08 6.17012148040885e-08 5.30191890391052e-08 4.55797710685601e-08 3.94759709365644e-08 3.37840795339162e-08 3.17668451543796e-08 3.03069889184826e-08 3.41632073741494e-08 4.06210247660965e-08 6.18206499325424e-08 9.41137869858721e-08 1.55135538193463e-07 2.33915017133768e-07 3.38551672030007e-07 -9999 -9999 -9999 -9999 -9999 -9999 -9999 -9999 -9999 -9999 -9999 -9999
8.51102655019531e-08 8.39530045482206e-08 8.30592270517627e-08 8.28009802944507e-08 8.29539672508872e-08 8.65816431883104e-08 9.14574869170792e-08 1.0632045643888e-07 1.2275160088393e-07 1.43561209142717e-07 1.61759686534424e-07 1.60838951046571e-07 1.54497072912818e-07 1.31892136323586e-07 1.10028885558222e-07 8.93830787163097e-08 7.36927461275627e-08 6.28182021955581e-08 5.41913713902886e-08 4.68525378494178e-08 4.05291729066448e-08 3.45189832273718e-08 3.19924708946928e-08 2.99640596779227e-08 3.15917425552925e-08 3.51546454169238e-08 4.9683340108686e-08 7.54282396542294e-08 1.30219447669333e-07 2.11529510352193e-07 3.31453890112243e-07 3.87132388368627e-07 -9999 -9999 -9999 -9999 -9999 -9999 -9999 -9999 -9999 -9999 -9999
8.09714890692703e-08 8.007583573999e-08 7.92818326544875e-08 7.86640015348894e-08 7.81601698918166e-08 8.04220405825617e-08 8.36774063373014e-08 9.62138173576932e-08 1.10207537318274e-07 1.29999463638342e-07 1.47594960253628e-07 1.48997628457437e-07 1.45327931022621e-07 1.26441477732442e-07 1.07611889177406e-07 8.88756090944298e-08 7.41864667475056e-08 6.34303773949796e-08 5.4879048860812e-08 4.75910937325352e-08 4.11860128224362e-08 3.50532118886804e-08 3.21823137028332e-08 2.97639708435327e-08 3.01375635558543e-08 3.19500053080901e-08 4.19155732345189e-08 6.26241813961315e-08 1.11153781290341e-07 1.92589496350593e-07 3.21940063940929e-07 3.81057446929844e-07 3.79307351749958e-07 3.78500971009998e-07 -9999 -9999 -9999 -9999 -9999 -9999 -9999 -9999 -9999
7.70271171290915e-08 7.66136309948706e-08 7.61760716727622e-08 7.55387290496401e-08 7.47721102811738e-08 7.5894632800555e-08 7.76957591597238e-08 8.80801920288832e-08 9.98123681483776e-08 1.18287147188312e-07 1.34924064809638e-07 1.37913261255562e-07 1.36245645876443e-07 1.2060797871527e-07 1.04547481782902e-07 8.77929196008154e-08 7.41947374649499e-08 6.36639470030786e-08 5.52033405654129e-08 4.79289887778123e-08 4.15455794211539e-08 3.54369369404139e-08 3.23453122064166e-08 2.96710105374132e-08 2.95213595791211e-08 3.04416900576143e-08 3.74249999879339e-08 5.42313038920383e-08 9.64759721000519e-08 1.76233626802969e-07 3.10614240106588e-07 3.74640592326614e-07 3.77694590270039e-07 -9999 -9999 -9999 -9999 -9999 -9999 -9999 -9999 -9999 -9999
7.25742879126301e-08 7.26226403457986e-08 7.26416899965443e-08 7.24205122537569e-08 7.2043903287522e-08 7.25933873013673e-08 7.34755332132409e-08 8.20276682134136e-08 9.17841447289902e-08 1.0882195766726e-07 1.24332956374928e-07 1.28418733424951e-07 1.2828753881422e-07 1.15505756070888e-07 1.01844172206711e-07 8.67384315483832e-08 7.40044967528775e-08 6.35755128541859e-08 5.50815428823626e-08 4.76963819551202e-08 4.1363694691654e-08 3.53555975607378e-08 3.22973825461759e-08 2.96445890057839e-08 2.93408319862465e-08 2.98013222987947e-08 3.45923751865485e-08 4.76412047589747e-08 8.20750116758973e-08 1.59450522119187e-07 2.99353814625647e-07 6.7536262804424e-07 1.25599171951762e-06 1.08476365312526e-06 1.45091394188057e-06 -9999 -9999 -9999 -9999 -9999 -9999 -9999 -9999
6.79035494499658e-08 6.84050363020106e-08 6.8923604601423e-08 6.9305322369928e-08 6.95984851972753e-08 6.98176378932658e-08 7.00102020800841e-08 7.68670673778615e-08 8.47703489625928e-08 1.00319837770257e-07 1.14633216696802e-07 1.19605587656224e-07 1.20811222359407e-07 1.10716932510968e-07 9.92956188383687e-08 8.5696022722459e-08 7.37291827590525e-08 6.33490699897266e-08 5.47685630181149e-08 4.7219266718912e-08 4.09497573627959e-08 3.50749402855399e-08 3.21590540863781e-08 2.96466851068544e-08 2.93470279189023e-08 2.95329414257139e-08 3.24703073317778e-08 4.18237391386356e-08 6.77926976777599e-08 1.42484324783254e-07 2.88121441371914e-07 6.69245707740629e-07 1.25445433241111e-06 1.45091394188057e-06 1.85220676485187e-06 2.40863346334663e-06 -9999 -9999 -9999 -9999 -9999 -9999 -9999
6.39411723568628e-08 6.44698872065419e-08 6.51023839282061e-08 6.58050183233172e-08 6.65530350829613e-08 6.70854234385843e-08 6.75403484251547e-08 7.31490317207317e-08 7.9566952138066e-08 9.34191959345299e-08 1.06324485216192e-07 1.11991852236315e-07 1.14295772846162e-07 1.06509560282575e-07 9.69704956332862e-08 8.45541734406652e-08 7.3217925944391e-08 6.29313134936638e-08 5.43261791108307e-08 4.66845619939704e-08 4.0501419107386e-08 3.47680781942472e-08 3.21328883501337e-08 2.99133127157347e-08 2.96959186130152e-08 2.97538047533408e-08 3.13715524669078e-08 3.76101034760268e-08 5.5815021937633e-08 1.11707755934276e-07 2.22478007572136e-07 5.45993998457561e-07 1.05388562587905e-06 1.69707277564157e-06 2.40863346334663e-06 2.44767693402537e-06 -9999 -9999 -9999 -9999 -9999 -9999 -9999
6.01253589138651e-08 6.05931802510895e-08 6.12598256566343e-08 6.22250411197456e-08 6.33834389418553e-08 6.43622115603648e-08 6.527645979304e-08 6.97294666451853e-08 7.4738117916695e-08 8.68498943873419e-08 9.83035519652731e-08 1.04626280972298e-07 1.07979111874101e-07 1.02422482939346e-07 9.46916003385923e-08 8.33917397358164e-08 7.26578477383555e-08 6.24739726617918e-08 5.38570184005494e-08 4.61379379146365e-08 4.00459647664775e-08 3.44557946618806e-08 3.21299289396393e-08 3.02346698788369e-08 3.0115710814016e-08 3.00758955518177e-08 3.04845251264396e-08 3.3728301929159e-08 4.43141843220474e-08 7.8073803422285e-08 1.45576876775522e-07 3.98507040699769e-07 8.121371024572e-07 1.52072470882558e-06 2.37837321037659e-06 2.55602412835287e-06 -9999 -9999 -9999 -9999 -9999 -9999 -9999
5.67747626689652e-08 5.72064244863668e-08 5.78812304752319e-08 5.88692614655884e-08 6.00599676658931e-08 6.13555783957054e-08 6.26888692067951e-08 6.67323263314756e-08 7.12013346060303e-08 8.21221846081244e-08 9.25160534848146e-08 9.87616246561629e-08 1.02410616875659e-07 9.82700711915641e-08 9.18791016601972e-08 8.17941199215966e-08 7.18587855885744e-08 6.20688851427076e-08 5.37462021554802e-08 4.6264268860341e-08 4.03760509470885e-08 3.49793438658708e-08 3.27821503276482e-08 3.10057508556838e-08 3.09127479170002e-08 3.07909395758088e-08 3.0505912462786e-08 3.19968194162357e-08 3.80868208083029e-08 5.8747463782538e-08 1.00624532706206e-07 2.71347232683183e-07 5.53733684682811e-07 1.13260796297254e-06 1.8613164911585e-06 2.01741590899474e-06 -9999 -9999 -9999 -9999 -9999 -9999 -9999
