Ecospace-environmental-drivers/Outputs/ASCII-for-ecospace/MOM6-ISIMIP3a/chl/1993-03_chl_MOM6-ISIMIP3a.asc
NCOLS 131 
NROWS 53 
XLLCORNER -98 
YLLCORNER 23.9265270233154 
CELLSIZE 0.133587792515755 
NODATA_value -9999 
[rows 19 to 37 of 53, columns 86 to 128 of 131]
1.07168409613223e-06 9.6563837814756e-07 8.66245045472169e-07 7.99086365077528e-07 7.52785012991808e-07 7.23664697943605e-07 7.00716157098213e-07 6.8288028387542e-07 6.65847153413779e-07 6.39797747226112e-07 6.11116149684676e-07 5.63859543945e-07 5.1505577403077e-07 4.61610710544846e-07 4.02214595851547e-07 3.33049882783598e-07 2.64943224692615e-07 1.97864807205406e-07 1.97762020093251e-07 2.36037735135142e-07 5.74835382849415e-07 1.00631484656333e-06 1.42402791425411e-06 1.83336874215456e-06 1.93588789443311e-06 2.02595674636541e-06 2.04547745852324e-06 2.05833725885896e-06 2.05394758268085e-06 -9999 -9999 -9999 -9999 -9999 -9999 -9999 -9999 -9999 -9999 -9999 -9999 -9999 -9999
9.61756768447231e-07 8.69287759996951e-07 7.93394690390414e-07 7.48849913634331e-07 7.24588915090862e-07 7.09236985585449e-07 6.97085340561898e-07 6.90767933519965e-07 6.85366558172973e-07 6.64069943923096e-07 6.41505778276041e-07 6.10597396644152e-07 5.75486239995371e-07 5.27767042513005e-07 4.75154735113392e-07 4.14510623159003e-07 3.36596770011965e-07 2.41899897446274e-07 1.98227752434832e-07 1.83793858354875e-07 3.76110421029807e-07 6.3218936929843e-07 1.04255002497666e-06 1.46866489103559e-06 1.76883520452975e-06 2.02772025659215e-06 2.05266542252502e-06 2.07088532988564e-06 2.07168909582833e-06 -9999 -9999 -9999 -9999 -9999 -9999 -9999 -9999 -9999 -9999 -9999 -9999 -9999 -9999
8.48318279622617e-07 7.72694363604387e-07 7.22916581707977e-07 7.00692169175454e-07 6.96296126534435e-07 6.92249386702315e-07 6.88328043452202e-07 6.93976346610725e-07 7.01127248703415e-07 6.85917370901734e-07 6.70655538215215e-07 6.5618087319308e-07 6.34278535471822e-07 5.90093577557127e-07 5.44673810054519e-07 4.97227063078753e-07 4.12867848353926e-07 2.92636599397156e-07 2.18738207991009e-07 1.71389530123633e-07 2.0334042005743e-07 2.59747508835062e-07 6.20089167568949e-07 1.02006049473857e-06 1.56427870479092e-06 2.03126069209247e-06 2.06058848561952e-06 2.08031997317448e-06 -9999 -9999 -9999 -9999 -9999 -9999 -9999 -9999 -9999 -9999 -9999 -9999 -9999 -9999 -9999
7.83935377057787e-07 7.20201740023185e-07 6.81230403642985e-07 6.63854848426126e-07 6.60452712963888e-07 6.56186443848128e-07 6.51609752821969e-07 6.61974695503886e-07 6.74685736612446e-07 6.73783063120936e-07 6.72107375976339e-07 6.6554719069245e-07 6.47852061774756e-07 5.9675284092009e-07 5.57868986561516e-07 5.39036363988998e-07 4.69470791131243e-07 3.50602221033114e-07 2.63958042978629e-07 1.95779179534838e-07 1.81971458346197e-07 1.84931948865596e-07 3.92186393582961e-07 6.30446322702483e-07 1.165076810139e-06 1.65733001722401e-06 1.90945524991548e-06 2.09135419027007e-06 2.09139057005814e-06 2.00601402866596e-06 -9999 -9999 -9999 -9999 -9999 -9999 -9999 -9999 -9999 -9999 -9999 -9999 -9999
7.24386325146043e-07 6.7223555788587e-07 6.42655379579082e-07 6.28384725587239e-07 6.24019946826593e-07 6.18832814325287e-07 6.13350266576163e-07 6.27717213319556e-07 6.45200941562507e-07 6.58938802189368e-07 6.71050429446041e-07 6.71590896672569e-07 6.57651241908752e-07 6.00272301198856e-07 5.67861263789382e-07 5.76434501908807e-07 5.23221160619869e-07 4.09962837011335e-07 3.12589406803454e-07 2.24318355890318e-07 1.74554088516743e-07 1.3666540610302e-07 1.89575573017464e-07 2.62644164195081e-07 7.58624423724541e-07 1.25222095448407e-06 1.73231001099339e-06 2.02915362024214e-06 1.85145052000735e-06 1.89145987405936e-06 1.84231680577795e-06 -9999 -9999 -9999 -9999 -9999 -9999 -9999 -9999 -9999 -9999 -9999 -9999
6.82330608015036e-07 6.42979500753427e-07 6.18869705704128e-07 6.01105853093031e-07 5.87448084843345e-07 5.8439604799787e-07 5.85153657084447e-07 6.00931741701061e-07 6.19068316609628e-07 6.42513214188511e-07 6.63754917695769e-07 6.68780728574347e-07 6.62569107134914e-07 6.22645984549308e-07 5.96500399296929e-07 5.92970366142254e-07 5.54867710889084e-07 4.83166900266951e-07 3.86148826692079e-07 2.74623459972645e-07 2.05166614364316e-07 1.48683852785325e-07 1.57340252826543e-07 1.79884153794774e-07 4.79612310755329e-07 8.11790414445568e-07 1.32784407469444e-06 1.70697887824645e-06 1.73153864579945e-06 1.62947662829538e-06 1.55017642100574e-06 -9999 -9999 -9999 -9999 -9999 -9999 -9999 -9999 -9999 -9999 -9999 -9999
6.36149138699693e-07 6.08507207289222e-07 5.89109788506903e-07 5.68847212889523e-07 5.4802490012662e-07 5.48265802535752e-07 5.5607296189919e-07 5.75103797473275e-07 5.95896949562302e-07 6.26507528522779e-07 6.54539576316893e-07 6.63405899103964e-07 6.64808453620935e-07 6.43820555978891e-07 6.24084407263581e-07 6.0640309129667e-07 5.79767288400035e-07 5.44429497040255e-07 4.488969977956e-07 3.18871599347403e-07 2.32540372735457e-07 1.59684532263782e-07 1.31218428123248e-07 1.11318918527559e-07 2.39347400565748e-07 4.25299162998272e-07 9.3946937340661e-07 1.30932232877967e-06 1.3054406053925e-06 1.37662993893173e-06 -9999 -9999 -9999 -9999 -9999 -9999 -9999 -9999 -9999 -9999 -9999 -9999 -9999
5.71877365018736e-07 5.51163395812182e-07 5.33154548065795e-07 5.14753651259525e-07 4.96099119118298e-07 5.04710328641522e-07 5.2311582976472e-07 5.53474365005968e-07 5.85709699407744e-07 6.12343001193949e-07 6.36906406725757e-07 6.46785679236928e-07 6.55303608709801e-07 6.597375659112e-07 6.47042156742828e-07 6.06229320965213e-07 5.75083561216161e-07 5.53332370145654e-07 4.64240827113827e-07 3.36561782887657e-07 2.45712897140038e-07 1.66222577036024e-07 1.3190263814522e-07 1.04993723937241e-07 1.68977933867609e-07 2.75316210718302e-07 6.21650997345569e-07 9.35757100251067e-07 1.16640137548529e-06 1.30313924273651e-06 -9999 -9999 -9999 -9999 -9999 -9999 -9999 -9999 -9999 -9999 -9999 -9999 -9999
5.12703252297797e-07 4.9767879772844e-07 4.79177231227368e-07 4.63263972960704e-07 4.49025435500516e-07 4.63544182593978e-07 4.88392970510176e-07 5.27430586316768e-07 5.68696066238772e-07 5.94879566051532e-07 6.19173420091101e-07 6.30580586857832e-07 6.43676344225241e-07 6.61837702864432e-07 6.53600920941244e-07 6.02032230290206e-07 5.70855661408132e-07 5.59496299956663e-07 4.7727752416904e-07 3.54454812168115e-07 2.59950411418686e-07 1.74179447753886e-07 1.347907385707e-07 1.02025744297407e-07 1.17570031932246e-07 1.61698380907183e-07 3.67796531008935e-07 6.16984777934704e-07 9.77762510956381e-07 1.14368958747946e-06 -9999 -9999 -9999 -9999 -9999 -9999 -9999 -9999 -9999 -9999 -9999 -9999 -9999
4.64651520815096e-07 4.52614358437131e-07 4.29515665700819e-07 4.17455709111891e-07 4.12538383898209e-07 4.27591203333577e-07 4.49817605385761e-07 4.91755372422631e-07 5.36788263616472e-07 5.70218332995864e-07 6.01222723162209e-07 6.15281180671445e-07 6.27418273779767e-07 6.33791501059022e-07 6.24379651981144e-07 5.89056980970781e-07 5.67622294056491e-07 5.59684167455998e-07 4.85280452267034e-07 3.72790481151242e-07 2.76511485708397e-07 1.85231996852053e-07 1.42487394327873e-07 1.06382692877105e-07 1.07533487891942e-07 1.27424002016596e-07 2.53501951874568e-07 4.17762691995449e-07 6.80904406635818e-07 8.66125446918886e-07 -9999 -9999 -9999 -9999 -9999 -9999 -9999 -9999 -9999 -9999 -9999 -9999 -9999
4.22277508960178e-07 4.1422336494179e-07 3.91717662751034e-07 3.83822339244944e-07 3.85380616307884e-07 4.02185776238184e-07 4.24467856419142e-07 4.64994201365698e-07 5.08385255670873e-07 5.44230374543986e-07 5.77755031372362e-07 5.94883886151365e-07 6.07769948146597e-07 6.0792797285103e-07 6.00134285377862e-07 5.79288155222457e-07 5.6608848808537e-07 5.60319733722281e-07 4.98622739542043e-07 4.04877624760047e-07 3.06747836020804e-07 2.07265799190282e-07 1.56934532924424e-07 1.1322894266641e-07 1.027557487987e-07 1.03825577468797e-07 1.70303195545785e-07 2.72355578090355e-07 4.66535055920758e-07 6.51536481655057e-07 8.23173763819796e-07 -9999 -9999 -9999 -9999 -9999 -9999 -9999 -9999 -9999 -9999 -9999 -9999
3.87046583227857e-07 3.84228059147063e-07 3.68845064713241e-07 3.6550596860252e-07 3.69959877843939e-07 3.90050075793624e-07 4.15757057226074e-07 4.49447526307267e-07 4.84391591726308e-07 5.16573322784097e-07 5.47346587609354e-07 5.68073005524639e-07 5.83856262892368e-07 5.84810322834528e-07 5.82149084493722e-07 5.73553336380428e-07 5.66692847314698e-07 5.61518675112893e-07 5.18682497840928e-07 4.54265233429396e-07 3.54188756546137e-07 2.43114925524424e-07 1.79874334094166e-07 1.23206945090715e-07 1.04594015226667e-07 9.36583646193867e-08 1.26225472740771e-07 1.94652116647376e-07 3.55943257090985e-07 5.49749131550925e-07 7.90899946423451e-07 9.02861529539223e-07 -9999 -9999 -9999 -9999 -9999 -9999 -9999 -9999 -9999 -9999 -9999
3.61982074537082e-07 3.62584586355297e-07 3.5364220707379e-07 3.53654371565426e-07 3.59460585741544e-07 3.82019436528935e-07 4.10596072697444e-07 4.36277474591407e-07 4.61504299664739e-07 4.87400939164218e-07 5.13354336817429e-07 5.39683298939053e-07 5.59927229915047e-07 5.61916294827824e-07 5.62512070700905e-07 5.60820637929282e-07 5.59954571599519e-07 5.59890509066463e-07 5.34861783307861e-07 4.95527785915328e-07 4.00603511252484e-07 2.88535062509254e-07 2.09816391816275e-07 1.36134545414279e-07 1.09708452100676e-07 8.92509248728857e-08 1.02613881836078e-07 1.52101549133477e-07 2.95140495154556e-07 5.27825932294945e-07 8.9104634071191e-07 1.08830136014149e-06 1.14172303256055e-06 1.16633827929036e-06 -9999 -9999 -9999 -9999 -9999 -9999 -9999 -9999 -9999
3.44542456787167e-07 3.47205059370026e-07 3.44191732892796e-07 3.46651404470322e-07 3.52652392621167e-07 3.77067607360004e-07 4.08097491799708e-07 4.24889918804183e-07 4.394468078317e-07 4.57092085071054e-07 4.76674273386379e-07 5.10109543938597e-07 5.35986657723697e-07 5.39189898063341e-07 5.41636097750597e-07 5.42839472927881e-07 5.47709248621686e-07 5.56142083496525e-07 5.4813068572912e-07 5.30696468103997e-07 4.46248606067456e-07 3.41133528536375e-07 2.4501022721779e-07 1.51274377913069e-07 1.172800381255e-07 8.91633717969853e-08 9.43520888085914e-08 1.35916039312178e-07 2.71680022478904e-07 5.65801656193798e-07 1.09050915853004e-06 1.28417809719394e-06 1.19095341233333e-06 -9999 -9999 -9999 -9999 -9999 -9999 -9999 -9999 -9999 -9999
3.332593507821e-07 3.36918844823231e-07 3.38874571070846e-07 3.42340001679986e-07 3.46782314863958e-07 3.67317966265546e-07 3.93634564943568e-07 4.09713265980827e-07 4.24184435132702e-07 4.35753349847801e-07 4.49750302777829e-07 4.81465121993097e-07 5.04952367919032e-07 5.03757746628253e-07 5.04084027852514e-07 5.06906985719979e-07 5.1795387889797e-07 5.36992899924371e-07 5.41488304861559e-07 5.37649839316146e-07 4.6954980348346e-07 3.81631309664954e-07 2.73953219220857e-07 1.6539894431844e-07 1.2509109126313e-07 9.07404924532784e-08 9.01462655633622e-08 1.22256295753687e-07 2.39059716022894e-07 5.70502606933587e-07 1.21448374557076e-06 1.70123121279175e-06 2.05171249945124e-06 1.8721533479038e-06 2.16937223740388e-06 -9999 -9999 -9999 -9999 -9999 -9999 -9999 -9999
3.24614831015424e-07 3.28815502825819e-07 3.35328820710856e-07 3.39182150810302e-07 3.41314319030062e-07 3.55512071337216e-07 3.7404402064567e-07 3.92912710367455e-07 4.11834292890489e-07 4.18259020307232e-07 4.27007591952133e-07 4.53218973461844e-07 4.70877893121724e-07 4.62880137774846e-07 4.59385034901061e-07 4.63280912299524e-07 4.8069404101625e-07 5.11243342771195e-07 5.26312362580938e-07 5.32510739503778e-07 4.83274902762787e-07 4.16942953052057e-07 3.00217266158143e-07 1.79088402774141e-07 1.33004775193513e-07 9.30310619651209e-08 8.76787353831787e-08 1.09679028525989e-07 2.02513732006082e-07 5.60942794436414e-07 1.30610578708001e-06 1.80015445039317e-06 2.07657535611361e-06 2.16937223740388e-06 2.19501771425712e-06 2.22538142224948e-06 -9999 -9999 -9999 -9999 -9999 -9999 -9999
3.17570055585747e-07 3.22553404430437e-07 3.2969316521303e-07 3.33773471083987e-07 3.35874204893116e-07 3.43038408345819e-07 3.5202151593694e-07 3.70319185094559e-07 3.90079406997756e-07 3.99793918859359e-07 4.10045203125264e-07 4.24702818691003e-07 4.32905295610908e-07 4.21742782918955e-07 4.16759803556488e-07 4.21920447024604e-07 4.41252723248908e-07 4.74357193525066e-07 5.00067301345553e-07 5.21540357567574e-07 4.87511442770483e-07 4.3636561031235e-07 3.16848598913566e-07 1.90789791076895e-07 1.40624933919753e-07 9.65574500355615e-08 8.7040426421936e-08 9.87803474572502e-08 1.65568849297415e-07 4.75510091746401e-07 1.13950795821438e-06 1.65367077897827e-06 2.03797958420182e-06 2.19029971049167e-06 2.22538142224948e-06 2.22769767788122e-06 -9999 -9999 -9999 -9999 -9999 -9999 -9999
3.10856307805807e-07 3.1667224220655e-07 3.2362507340622e-07 3.27899130070364e-07 3.30439860363185e-07 3.30426559003172e-07 3.29495833284454e-07 3.46527087913273e-07 3.66378714033999e-07 3.81127932769232e-07 3.94278799831227e-07 3.96130815261131e-07 3.94126146829876e-07 3.80551654188821e-07 3.74563654759186e-07 3.8102874100332e-07 4.01360068735812e-07 4.35166839451995e-07 4.71532075607684e-07 5.0936341722263e-07 4.89784838464402e-07 4.52500842129666e-07 3.31486916138601e-07 2.02079860400772e-07 1.48184355452941e-07 1.0033954112032e-07 8.67805809434685e-08 8.82289583614693e-08 1.28541444155417e-07 3.74379283130111e-07 9.19484136829851e-07 1.45641229210014e-06 1.98625389202789e-06 2.18844911614724e-06 2.22506378122489e-06 2.23264805754297e-06 -9999 -9999 -9999 -9999 -9999 -9999 -9999
2.95356215929132e-07 3.02555747566657e-07 3.10506607092975e-07 3.18225289674956e-07 3.25793763522597e-07 3.26056976973632e-07 3.23696013992958e-07 3.27363608221276e-07 3.31977844325593e-07 3.44081769299009e-07 3.55145857611205e-07 3.58297228331139e-07 3.57317105681432e-07 3.43942787139895e-07 3.40142321419989e-07 3.52057156760566e-07 3.75305830857542e-07 4.09568826853501e-07 4.54321622100906e-07 5.05085267832328e-07 4.92795720674621e-07 4.61060409406855e-07 3.43260722956984e-07 2.16635513083929e-07 1.58570600206076e-07 1.06545293476756e-07 8.87430573470738e-08 8.20773919940621e-08 1.04251839161407e-07 2.71121280093212e-07 6.486822030638e-07 1.17720821890543e-06 1.83656766239437e-06 2.11113774639671e-06 2.19124922296032e-06 2.20807851292193e-06 -9999 -9999 -9999 -9999 -9999 -9999 -9999
