Ecospace-environmental-drivers/Outputs/ASCII-for-ecospace/MOM6-ISIMIP3a/chl/1993-02_chl_MOM6-ISIMIP3a.asc
NCOLS 131 
NROWS 53 
XLLCORNER -98 
YLLCORNER 23.9265270233154 
CELLSIZE 0.133587792515755 
NODATA_value -9999 
[rows 0 to 18 of 53, columns 43 to 85 of 131]
-9999 -9999 -9999 -9999 -9999 -9999 -9999 -9999 -9999 -9999 -9999 -9999 -9999 -9999 -9999 -9999 -9999 -9999 -9999 -9999 -9999 -9999 -9999 -9999 -9999 -9999 -9999 -9999 -9999 -9999 -9999 -9999 -9999 -9999 -9999 -9999 -9999 -9999 -9999 -9999 -9999 -9999 -9999
-9999 -9999 -9999 -9999 -9999 -9999 -9999 -9999 -9999 -9999 -9999 -9999 -9999 -9999 -9999 -9999 -9999 -9999 -9999 -9999 -9999 -9999 -9999 -9999 -9999 -9999 -9999 -9999 -9999 -9999 -9999 -9999 -9999 -9999 -9999 -9999 -9999 -9999 -9999 -9999 -9999 -9999 -9999
-9999 -9999 -9999 -9999 -9999 -9999 -9999 -9999 -9999 -9999 -9999 -9999 -9999 -9999 -9999 -9999 -9999 -9999 -9999 -9999 -9999 -9999 -9999 -9999 -9999 -9999 -9999 -9999 -9999 -9999 -9999 2.02890760192531e-06 1.91864523912955e-06 -9999 -9999 -9999 -9999 -9999 -9999 -9999 -9999 -9999 -9999
-9999 -9999 -9999 -9999 -9999 -9999 -9999 -9999 -9999 -9999 -9999 -9999 -9999 -9999 -9999 -9999 -9999 -9999 -9999 -9999 -9999 -9999 -9999 -9999 -9999 -9999 -9999 -9999 -9999 -9999 -9999 2.04481693799607e-06 1.94159770217084e-06 -9999 -9999 -9999 -9999 -9999 -9999 -9999 -9999 -9999 -9999
-9999 -9999 -9999 -9999 -9999 -9999 -9999 -9999 -9999 -9999 -9999 -9999 -9999 -9999 -9999 -9999 -9999 -9999 -9999 -9999 -9999 -9999 2.1100192952872e-06 2.11537349059654e-06 2.11965675589454e-06 2.14464216696797e-06 2.16046896639455e-06 2.17278829950374e-06 2.15926434066205e-06 2.13229441214935e-06 2.10360963137646e-06 2.06502090804861e-06 1.96582004718948e-06 1.79395192390075e-06 -9999 -9999 1.10261930785782e-06 1.03628178749204e-06 1.07240225588612e-06 1.10302721623157e-06 1.11660642687639e-06 1.12295435883425e-06 1.13078453978233e-06
-9999 -9999 -9999 -9999 -9999 -9999 -9999 -9999 -9999 -9999 -9999 -9999 -9999 -9999 -9999 -9999 -9999 -9999 2.12627082873951e-06 -9999 2.08582628147269e-06 2.05220339921652e-06 2.08696519621299e-06 2.1100192952872e-06 2.1164441932342e-06 2.11965675589454e-06 2.1696275780414e-06 2.19212279262138e-06 2.15661430047476e-06 2.12905570151634e-06 2.11121346183063e-06 2.07055950340873e-06 2.01328975890647e-06 1.81361076556641e-06 1.55495513354253e-06 1.27780742786854e-06 9.9702469924523e-07 1.03302568277286e-06 1.0787948667712e-06 1.10538621811429e-06 1.12490067749604e-06 1.11953249870567e-06 1.12442990030104e-06
-9999 -9999 -9999 -9999 -9999 -9999 -9999 -9999 -9999 -9999 -9999 -9999 -9999 -9999 2.29235115511983e-06 2.29757552006049e-06 2.3034392597765e-06 2.32459001381358e-06 2.23808888222266e-06 2.13109865399019e-06 2.12144300348882e-06 2.08383266908641e-06 2.05220339921652e-06 2.09867312150891e-06 2.1100192952872e-06 2.11965675589454e-06 2.1696275780414e-06 2.19212279262138e-06 2.15661430047476e-06 2.12905570151634e-06 2.11121346183063e-06 2.07055950340873e-06 2.01328975890647e-06 1.81361076556641e-06 1.55495513354253e-06 1.27780742786854e-06 9.9702469924523e-07 1.03302568277286e-06 1.0787948667712e-06 1.10538621811429e-06 1.12490067749604e-06 1.11953249870567e-06 1.12442990030104e-06
-9999 -9999 -9999 -9999 -9999 -9999 -9999 -9999 -9999 -9999 -9999 -9999 -9999 -9999 2.26434030992095e-06 2.29235115511983e-06 2.30279988500115e-06 -9999 2.35580364460475e-06 2.26693259719468e-06 2.14075430449157e-06 2.12144300348882e-06 2.0778513771802e-06 2.05220339921652e-06 2.133796670023e-06 2.20811898543616e-06 2.2520114271174e-06 2.25662756747624e-06 2.17832825910591e-06 2.12920917874726e-06 2.11575434150291e-06 2.07763332582545e-06 2.02154615180916e-06 1.86314855454839e-06 1.66238066867663e-06 1.45339970458735e-06 1.24280427371559e-06 1.26383133647323e-06 1.28685030631459e-06 1.24553571367869e-06 1.20677168524708e-06 1.17697595669597e-06 1.15705859116133e-06
-9999 -9999 2.10034500014444e-06 -9999 -9999 -9999 -9999 -9999 -9999 -9999 -9999 -9999 -9999 -9999 -9999 -9999 -9999 -9999 2.33989999287587e-06 2.41426278080326e-06 2.3183029043139e-06 2.16006537812063e-06 2.12144300348882e-06 2.05990772883524e-06 2.19269350054674e-06 2.30697969527682e-06 2.34384197028703e-06 2.32871457228612e-06 2.20383230953303e-06 2.13071416510502e-06 2.12086274586909e-06 2.0849474822171e-06 2.03004788090766e-06 1.917171630339e-06 1.7802855154514e-06 1.64645177846978e-06 1.51321785324399e-06 1.51734502651379e-06 1.51498488776269e-06 1.3995585277371e-06 1.29695433770394e-06 1.23943380003766e-06 1.19154321964743e-06
-9999 2.10034500014444e-06 2.0993593352614e-06 2.09839208764606e-06 2.09819700103253e-06 -9999 -9999 -9999 -9999 -9999 -9999 -9999 -9999 -9999 2.19084472519171e-06 2.23562915380171e-06 -9999 -9999 -9999 2.393202521489e-06 2.51543951890199e-06 2.40136364482169e-06 2.19868798012612e-06 2.2132592221169e-06 2.32835077440541e-06 2.42518649429257e-06 2.44562056650466e-06 2.41489419749996e-06 2.276163741044e-06 2.17759884435509e-06 2.1281246063154e-06 2.07370817406627e-06 2.01569173441385e-06 1.93653636415547e-06 1.84862676633202e-06 1.76973924226331e-06 1.6926253465499e-06 1.67094299285964e-06 1.63976596923021e-06 1.49578590935562e-06 1.36042251597246e-06 1.25535575534741e-06 1.16584328679892e-06
2.10211192097631e-06 2.10005259759782e-06 2.09878203349945e-06 2.09825793717755e-06 2.09813606488751e-06 2.09812696994049e-06 -9999 -9999 -9999 -9999 -9999 -9999 -9999 -9999 2.17782394429378e-06 2.24163704842795e-06 2.23562915380171e-06 -9999 -9999 2.37594099417038e-06 2.51131518780312e-06 2.65906237473246e-06 2.51631013270526e-06 2.37049152929103e-06 2.47050934376603e-06 2.55240615842922e-06 2.55846384789038e-06 2.51424717134796e-06 2.36389723795583e-06 2.24057680497936e-06 2.15029217542906e-06 2.07719654099492e-06 2.01662146537274e-06 1.96774271898903e-06 1.92370771401329e-06 1.88860747130093e-06 1.85526357654453e-06 1.80738004473824e-06 1.74806882569101e-06 1.58238128733501e-06 1.42126634727902e-06 1.27622911350045e-06 1.15284376533964e-06
2.10620191865019e-06 2.10175198844809e-06 2.09922245630878e-06 2.09825793717755e-06 2.09813606488751e-06 2.09810900742013e-06 2.10076632356504e-06 2.09623885893961e-06 -9999 -9999 -9999 -9999 -9999 -9999 -9999 2.26341285269882e-06 2.28988278649922e-06 2.23562915380171e-06 2.29235115511983e-06 2.37594099417038e-06 2.51131518780312e-06 2.65906237473246e-06 2.60536694440816e-06 2.54853898695728e-06 2.6475408958504e-06 2.72796773970185e-06 2.73065575129294e-06 2.6842606075661e-06 2.53424627771892e-06 2.3898785457277e-06 2.25241205953353e-06 2.15968339034589e-06 2.09954100682808e-06 2.0624645458156e-06 2.03494050765585e-06 1.9837714262394e-06 1.92795414477587e-06 1.8517704347687e-06 1.76798528173094e-06 1.617312250346e-06 1.46803427014675e-06 1.32366130856099e-06 1.20796710234572e-06
2.11375299841166e-06 2.11000087801949e-06 2.10689813684439e-06 2.10500161301752e-06 2.10375424103404e-06 2.10392022381711e-06 2.10448820325837e-06 2.09654831451189e-06 -9999 -9999 -9999 -9999 2.04139428205963e-06 2.07804464480432e-06 2.15786690205277e-06 2.29695842790534e-06 2.33541345551203e-06 2.29153033615148e-06 2.34719573199982e-06 2.45001524490362e-06 2.60243655247905e-06 2.76670971288695e-06 2.75931165560905e-06 2.74744706985075e-06 2.84222755908559e-06 2.9157567951188e-06 2.90034677163931e-06 2.84109569292923e-06 2.68929261437734e-06 2.52573977377324e-06 2.3478264665755e-06 2.22706398744776e-06 2.14792930819385e-06 2.10330108529888e-06 2.07296307053184e-06 2.00556337404123e-06 1.93087794286839e-06 1.83504175765847e-06 1.73594617081108e-06 1.61266166287533e-06 1.4882084542478e-06 1.35964558012347e-06 1.26088855267881e-06
2.12995701076579e-06 2.13462431020162e-06 2.13266230275622e-06 2.12860459214426e-06 2.12341865335475e-06 2.11489441426238e-06 2.10542066270136e-06 2.09654831451189e-06 2.08768028642226e-06 2.0772745301656e-06 2.06524964596611e-06 2.04498837774736e-06 2.04139428205963e-06 2.07804464480432e-06 2.15786690205277e-06 2.29695842790534e-06 2.37840686168056e-06 2.41269276557432e-06 2.53915504799807e-06 2.70927898782247e-06 2.92136655843933e-06 3.14348039864853e-06 3.07547952616005e-06 2.99850785268063e-06 3.08105313706619e-06 3.13411487695703e-06 3.06378524328466e-06 2.96498501484166e-06 2.8060817385267e-06 2.62799926531443e-06 2.42647638515336e-06 2.25667804443219e-06 2.10998791771999e-06 2.00942167793983e-06 1.92795732800732e-06 1.84392172286607e-06 1.75938089341798e-06 1.66551251368219e-06 1.57401530032075e-06 1.50905509599397e-06 1.44189675665984e-06 1.36700975872373e-06 1.3083049452689e-06
2.11080191547808e-06 2.12941563404456e-06 2.13812086258258e-06 2.14319334190805e-06 2.14630995287735e-06 2.13572957363795e-06 2.12125360121718e-06 2.11129713534319e-06 2.10167308978271e-06 2.08853248295782e-06 2.07468269763922e-06 2.05722562895971e-06 2.05635478778277e-06 2.09553309105104e-06 2.17061096918769e-06 2.29497436521342e-06 2.40109443438996e-06 2.49228833126836e-06 2.65738526650239e-06 2.85748819806031e-06 3.09780148199934e-06 3.34772221322055e-06 3.25677865475882e-06 3.15303259412758e-06 3.20378171636548e-06 3.22520645568147e-06 3.12390443468757e-06 2.99953421745158e-06 2.82646533378283e-06 2.63005495071411e-06 2.40511690208223e-06 2.2066139990784e-06 2.02736578103213e-06 1.90160164947883e-06 1.79798723820568e-06 1.7157393585876e-06 1.63769175287598e-06 1.5541207858405e-06 1.4747757859368e-06 1.43871170621424e-06 1.40195709263935e-06 1.36277401452389e-06 1.33095034016151e-06
2.04165576178639e-06 2.08202982321382e-06 2.11487144952116e-06 2.14503779716324e-06 2.17376350519771e-06 2.17050637729699e-06 2.15815339288383e-06 2.14689862332307e-06 2.13544899452245e-06 2.11570659303106e-06 2.0974518974981e-06 2.08676397051022e-06 2.09246695703769e-06 2.1377475150075e-06 2.20137326323311e-06 2.29018496611388e-06 2.39507357946422e-06 2.51311598731263e-06 2.67137602349976e-06 2.84868610833655e-06 3.07277468891698e-06 3.30804027726117e-06 3.24739812640473e-06 3.17107355840562e-06 3.16237060360436e-06 3.13636564897024e-06 3.03794945466507e-06 2.90777325062663e-06 2.71054886979982e-06 2.4904406927817e-06 2.24236305257364e-06 2.04389925784199e-06 1.88157298453007e-06 1.77407162027521e-06 1.68927510912908e-06 1.63486220117193e-06 1.58642205860815e-06 1.52492475535837e-06 1.4641703955931e-06 1.41539658216061e-06 1.37102608732675e-06 1.34213837554853e-06 1.31857404994662e-06
2.01737952920666e-06 2.05277638087864e-06 2.08624419428816e-06 2.12474537875096e-06 2.16595663005137e-06 2.17479464481585e-06 2.1744256173406e-06 2.16821513276955e-06 2.1608184397337e-06 2.13753969546815e-06 2.11676842809538e-06 2.10875123229926e-06 2.11330302590795e-06 2.14820397559379e-06 2.19420007852023e-06 2.25542862608563e-06 2.3434533886757e-06 2.45340220317303e-06 2.60024671661085e-06 2.76456808023795e-06 2.96142661682097e-06 3.16605928674107e-06 3.12349902742426e-06 3.06399829241855e-06 3.00510441775259e-06 2.93835705633683e-06 2.83874101114634e-06 2.71151748165721e-06 2.52601216743642e-06 2.32586967285897e-06 2.10783719012397e-06 1.93567711903597e-06 1.79692995061487e-06 1.69914505931956e-06 1.61832394951489e-06 1.57346323703678e-06 1.53567145844136e-06 1.47698165164911e-06 1.4183100347509e-06 1.36737583034119e-06 1.32142463371565e-06 1.29299348827772e-06 1.27236864955194e-06
2.03088893613312e-06 2.03879244509153e-06 2.05308833756135e-06 2.08581127481011e-06 2.12845634450787e-06 2.15340764952998e-06 2.17332672036719e-06 2.17750175579567e-06 2.17910837818636e-06 2.15487489185762e-06 2.1331773041311e-06 2.12437930713349e-06 2.12127474696899e-06 2.13191651710076e-06 2.15508066503389e-06 2.19543630919361e-06 2.25343273996259e-06 2.32586262427503e-06 2.45743626692274e-06 2.61702507486916e-06 2.77738558907004e-06 2.9379305033217e-06 2.90316143036762e-06 2.8515605663415e-06 2.75027468887856e-06 2.6484158297535e-06 2.54415976996825e-06 2.42726514443348e-06 2.28368890020647e-06 2.14028204936767e-06 1.99708256332087e-06 1.87334444490261e-06 1.7637820519667e-06 1.66851657468214e-06 1.5791721352798e-06 1.52846723722178e-06 1.48535809785244e-06 1.41325119784597e-06 1.34276069729822e-06 1.29855038721871e-06 1.25610040413449e-06 1.21984044199053e-06 1.19767503292678e-06
1.99605437956052e-06 1.99354894903081e-06 1.99904320652422e-06 2.02487808564911e-06 2.06166532734642e-06 2.08638471121958e-06 2.10767188946193e-06 2.11571932595689e-06 2.12169152291608e-06 2.10821576729359e-06 2.0965408111806e-06 2.09402401196712e-06 2.09432255360298e-06 2.10141911338724e-06 2.12103623198345e-06 2.1578425730695e-06 2.20489346247632e-06 2.260326027681e-06 2.37402082348126e-06 2.51531309913844e-06 2.63528750110709e-06 2.75016850537213e-06 2.69860242951836e-06 2.63188326243835e-06 2.51104825110815e-06 2.39138626056956e-06 2.27663372243114e-06 2.16225976146234e-06 2.04868501896271e-06 1.94238577932992e-06 1.84497946520423e-06 1.74207843883778e-06 1.63517518103617e-06 1.53612700160011e-06 1.44033185733861e-06 1.38661744131241e-06 1.34117510697251e-06 1.27982184494613e-06 1.2216462437209e-06 1.20026902550308e-06 1.17809304356342e-06 1.15310888304521e-06 1.14010276774934e-06
