Ecospace-environmental-drivers/Outputs/ASCII-for-ecospace/MOM6-ISIMIP3a/chl/1993-12_chl_MOM6-ISIMIP3a.asc
NCOLS 131 
NROWS 53 
XLLCORNER -98 
YLLCORNER 23.9265270233154 
CELLSIZE 0.133587792515755 
NODATA_value -9999 
[rows 19 to 37 of 53, columns 0 to 42 of 131]
-9999 -9999 -9999 -9999 -9999 -9999 -9999 -9999 1.66667712164781e-06 1.78784125637321e-06 1.78554273588816e-06 1.79325331828295e-06 1.87785622074443e-06 2.0309410047048e-06 1.98465113498969e-06 1.88495027941826e-06 1.78003972450824e-06 1.67155133112828e-06 1.60606555255072e-06 1.55718464611709e-06 1.49929621784395e-06 1.43981822020578e-06 1.41827570132591e-06 1.39359588047228e-06 1.3358508113015e-06 1.28557189782441e-06 1.25950180063228e-06 1.24654059163731e-06 1.25645544812869e-06 1.2722787232633e-06 1.29418140204507e-06 1.34894935399643e-06 1.42373846756527e-06 1.4912310462023e-06 1.55629129494628e-06 1.59295814228244e-06 1.62559842920018e-06 1.6440229728687e-06 1.66023835390661e-06 1.66238498877647e-06 1.65804135576764e-06 1.63563038313441e-06 1.62383048518677e-06
-9999 -9999 -9999 -9999 -9999 -9999 -9999 -9999 1.55572649873648e-06 1.6564634961469e-06 1.78784125637321e-06 1.77553363300831e-06 1.79325331828295e-06 1.80937433924555e-06 1.77924482613889e-06 1.69574934716366e-06 1.61481432314758e-06 1.53563769345055e-06 1.47710409237334e-06 1.42654164392297e-06 1.37954577894561e-06 1.33317939798872e-06 1.30931334751949e-06 1.28226804463338e-06 1.22462540730339e-06 1.17731906357221e-06 1.16352737222769e-06 1.16509386316466e-06 1.19346179872082e-06 1.2295048463784e-06 1.27344526390516e-06 1.33776256916462e-06 1.41449334023491e-06 1.47290995755611e-06 1.52522193275217e-06 1.5579956880174e-06 1.58796910909587e-06 1.60404783855483e-06 1.61940681664419e-06 1.63018285093131e-06 1.6313190371875e-06 1.60562024120736e-06 1.59016644829535e-06
-9999 -9999 -9999 -9999 -9999 -9999 1.47307355291559e-06 1.48322510540311e-06 1.50892060446495e-06 1.55572649873648e-06 1.62582273333101e-06 1.78784125637321e-06 1.74550621068192e-06 1.61940192811016e-06 1.52248549056822e-06 1.45924707339873e-06 1.40828160510864e-06 1.3657447652804e-06 1.33123342038743e-06 1.29982117869076e-06 1.26575571357534e-06 1.23122208606219e-06 1.20381787382939e-06 1.17392721676879e-06 1.12201405499945e-06 1.08233916762401e-06 1.08234598883428e-06 1.0995755701515e-06 1.14686008600984e-06 1.20447214158048e-06 1.27271096062032e-06 1.34357060233015e-06 1.41602686198894e-06 1.4558015664079e-06 1.4846825706627e-06 1.51014091898105e-06 1.53504754507594e-06 1.54904182636528e-06 1.56446242272068e-06 1.58896591528901e-06 1.60057800258073e-06 1.57630336161674e-06 1.56014448293718e-06
-9999 -9999 -9999 -9999 -9999 -9999 1.47048217513657e-06 1.47307355291559e-06 1.49337665789062e-06 1.51350548094342e-06 1.55572649873648e-06 1.53390033119649e-06 1.49063987464615e-06 1.40496672429435e-06 1.33945775360189e-06 1.29721502162283e-06 1.26130134958657e-06 1.22973415273009e-06 1.19631147299515e-06 1.16217245249572e-06 1.12562349841028e-06 1.08864935555175e-06 1.0656927997843e-06 1.04217326679645e-06 1.01140585684334e-06 9.92794298326771e-07 1.01359717064042e-06 1.04607249795663e-06 1.09891732336109e-06 1.14861950351042e-06 1.19508820262126e-06 1.25426618069469e-06 1.3211866871643e-06 1.35720449634391e-06 1.38292159590492e-06 1.41256055030681e-06 1.44263253787358e-06 1.45753949709615e-06 1.47407968142943e-06 1.50102050611167e-06 1.51752760757518e-06 1.5049901094244e-06 1.48766878282913e-06
-9999 -9999 -9999 -9999 1.56706721554656e-06 1.49793061154924e-06 1.46988304550177e-06 1.4684898133055e-06 1.47307355291559e-06 1.51367987655249e-06 1.51154188188229e-06 1.34579693167325e-06 1.22433743854344e-06 1.19050639568741e-06 1.1628694664978e-06 1.14237934667472e-06 1.12046393496712e-06 1.09756967958674e-06 1.0645674137777e-06 1.02766193776915e-06 9.8815985438705e-07 9.48199556205509e-07 9.29795987758553e-07 9.12800885544129e-07 9.03609418401174e-07 9.05921012872568e-07 9.45530189255805e-07 9.91459955912433e-07 1.04841967640823e-06 1.08887047645112e-06 1.11233396182797e-06 1.15897978503199e-06 1.21974824196514e-06 1.25242377180257e-06 1.27573503050371e-06 1.30975843148917e-06 1.34512174554402e-06 1.36096764435933e-06 1.3785704595648e-06 1.40736176490464e-06 1.42792191581975e-06 1.42556791615789e-06 1.40717020258307e-06
-9999 -9999 -9999 -9999 1.72702084455523e-06 1.57343458795367e-06 1.5259781775967e-06 1.46988304550177e-06 1.46251272781228e-06 1.36870846745296e-06 1.26627446661587e-06 1.13080898245244e-06 1.03224169833993e-06 1.00668535196746e-06 9.98943733065971e-07 1.01175726285874e-06 1.00539398317778e-06 9.85861220215156e-07 9.71363533608383e-07 9.58810119300324e-07 9.28168674363405e-07 8.94335300927196e-07 8.72089913173113e-07 8.52445566579263e-07 8.52361154102255e-07 8.56232816204283e-07 8.7293182104986e-07 9.03285638287343e-07 9.57468273554696e-07 1.0039498192782e-06 1.04250716503884e-06 1.0857188499358e-06 1.1317657708787e-06 1.1490456017782e-06 1.15673640266323e-06 1.18391051273647e-06 1.21365962968412e-06 1.22707137961697e-06 1.24345274343796e-06 1.2787452305929e-06 1.2965449514013e-06 1.26564941638208e-06 1.24817336200067e-06
-9999 -9999 -9999 -9999 -9999 1.72702084455523e-06 1.57085617047414e-06 1.58207319600479e-06 1.42543547099194e-06 1.22117194223392e-06 1.03885588487174e-06 9.4054615829009e-07 8.67622816258518e-07 8.44932174004498e-07 8.49346236009296e-07 8.85034751263447e-07 8.91336412678356e-07 8.77456670878018e-07 8.79133267517318e-07 8.86816678757896e-07 8.67114181346551e-07 8.42578913307079e-07 8.19797151052626e-07 8.00113014065573e-07 8.05922752533661e-07 8.09872574336623e-07 8.07792048362899e-07 8.25051586161862e-07 8.76061278631823e-07 9.26425627767458e-07 9.76125988927379e-07 1.0149816489502e-06 1.04723073945934e-06 1.05038043329841e-06 1.04383036614308e-06 1.06302172753203e-06 1.08569224721577e-06 1.09746008547518e-06 1.11340557396034e-06 1.15595537408808e-06 1.17404761112994e-06 1.12405598429177e-06 1.1062680869145e-06
-9999 -9999 -9999 -9999 -9999 1.72599436609744e-06 1.72702084455523e-06 1.50444770952163e-06 1.27209182210208e-06 1.06238712760387e-06 8.89699151684908e-07 8.58695386796171e-07 8.23482309897372e-07 7.79940194206574e-07 7.62574074997246e-07 7.75410967435164e-07 7.81717574227514e-07 7.83539462645422e-07 7.91172055869538e-07 8.01048315679509e-07 8.01397334271314e-07 8.00065095063474e-07 7.91239870068239e-07 7.82958295530989e-07 7.80574282543967e-07 7.78104379151046e-07 7.75355886162288e-07 7.90402680195257e-07 8.36503829759749e-07 8.81332823610137e-07 9.24852770367579e-07 9.55310838435253e-07 9.77811623670277e-07 9.72380348684965e-07 9.57638576437603e-07 9.63877710091765e-07 9.73048372543417e-07 9.86637019195769e-07 1.00559111615439e-06 1.05871447431127e-06 1.09048437479942e-06 1.06281197531644e-06 1.03930426575971e-06
-9999 -9999 1.73230978361971e-06 1.72958266375645e-06 1.72428667610802e-06 1.72496663708444e-06 1.72599561665265e-06 1.44593138884375e-06 1.1568677109608e-06 9.35761647724576e-07 7.63879995702155e-07 7.80408413447731e-07 7.72841246998723e-07 7.17595696642093e-07 6.87150588873919e-07 6.85321253968141e-07 6.90475303599669e-07 7.00425175637065e-07 7.12186988494068e-07 7.24648543837247e-07 7.41457313324645e-07 7.59033241592988e-07 7.61733417675714e-07 7.62901379403047e-07 7.54016014070658e-07 7.46381715543976e-07 7.42803933917457e-07 7.55619907977234e-07 7.9704443578521e-07 8.36267986414896e-07 8.73226781550329e-07 8.98163023066445e-07 9.15775331122859e-07 9.02134104308061e-07 8.78075184118643e-07 8.74101260706084e-07 8.73008502821904e-07 8.86532859567524e-07 9.05812612472801e-07 9.61744603955594e-07 1.00051829576842e-06 9.91527372207202e-07 9.67452592703921e-07
-9999.000000000000000 -9999 -9999 -9999 1.73949479176372e-06 1.72360660144477e-06 1.72297984590841e-06 1.4291080105977e-06 1.12481473024673e-06 8.79302717748942e-07 6.8897981009286e-07 7.0989705136526e-07 7.08017012129858e-07 6.61027684145665e-07 6.36488039162941e-07 6.3785182646825e-07 6.39327936369227e-07 6.4088112594618e-07 6.52786695809482e-07 6.68689722260751e-07 6.94121524702496e-07 7.2123486916098e-07 7.30155818473577e-07 7.36512333787687e-07 7.24817994068871e-07 7.14758357389655e-07 7.09999255832372e-07 7.20544960586267e-07 7.57798943595844e-07 7.91264142208092e-07 8.2083084862461e-07 8.46520208597212e-07 8.69847553985892e-07 8.48805541409092e-07 8.1297389442625e-07 8.04763374162576e-07 8.00468512807129e-07 8.09815730917762e-07 8.23567177121731e-07 8.6536630306e-07 8.96581923370832e-07 8.9833594074662e-07 8.84936355305399e-07
-9999 -9999 -9999 -9999 1.7643787941779e-06 1.76991113676195e-06 1.75208640484925e-06 1.42771978062228e-06 1.09432198769355e-06 8.44218959628051e-07 6.47500826289615e-07 6.55117617043288e-07 6.48307548090088e-07 6.12950998402084e-07 5.98126462136861e-07 6.06992671237094e-07 6.07772904004378e-07 6.03000160026568e-07 6.10078984664142e-07 6.21734045580524e-07 6.49004618935578e-07 6.79030733863328e-07 6.89212413362839e-07 6.9639963840018e-07 6.82254324146925e-07 6.7105497691955e-07 6.69407597797544e-07 6.8232793637435e-07 7.20670357168274e-07 7.51331413084699e-07 7.74088505295367e-07 7.95700145772571e-07 8.16613976439839e-07 7.91017043866304e-07 7.49916694076092e-07 7.37476284484728e-07 7.29086764295062e-07 7.3317198712175e-07 7.40569134904945e-07 7.69057692195929e-07 7.92432501839357e-07 8.01571729880379e-07 7.97798293206142e-07
-9999 -9999 -9999 -9999 1.78476489054447e-06 1.79961875801382e-06 1.81795985554345e-06 1.44575017202442e-06 1.06579238945415e-06 8.36026856632088e-07 6.48068464670359e-07 6.20130151673948e-07 5.9503281590878e-07 5.75556953208434e-07 5.75240335365379e-07 5.97030464177806e-07 6.00866712829884e-07 5.92373169183702e-07 5.88371904086671e-07 5.86105272759596e-07 6.06679293468915e-07 6.31283967322815e-07 6.36485992799862e-07 6.3902143665473e-07 6.22875631961506e-07 6.12153883139399e-07 6.19019147052313e-07 6.40157850284595e-07 6.86204941757751e-07 7.1777844823373e-07 7.34458922124759e-07 7.45915258448804e-07 7.54189102281089e-07 7.27617589291185e-07 6.89431033151777e-07 6.72769374432391e-07 6.5916225366891e-07 6.56620613881387e-07 6.56624251860194e-07 6.72836904413998e-07 6.88014893057698e-07 7.00312739354558e-07 7.04845490417938e-07
-9999 -9999 -9999 -9999 1.79961875801382e-06 1.82182077423931e-06 1.84788359547383e-06 1.4645426062998e-06 1.07576363461703e-06 8.59818101162091e-07 6.76947479405499e-07 6.20673802131932e-07 5.78646449866937e-07 5.64808772196557e-07 5.6669824743949e-07 5.86734415719548e-07 5.88414764024492e-07 5.77489345232607e-07 5.6749360055619e-07 5.57856878913299e-07 5.63385697205376e-07 5.7159076050084e-07 5.64141828363063e-07 5.56088082248607e-07 5.45850696198613e-07 5.40675785032363e-07 5.51915206870035e-07 5.76501633986481e-07 6.24379651981144e-07 6.55631311019533e-07 6.69774863126804e-07 6.74165676173288e-07 6.72615101393603e-07 6.46202067855484e-07 6.11501548064552e-07 5.94186985836131e-07 5.79319987537019e-07 5.70656709442119e-07 5.64622382626112e-07 5.75330147967179e-07 5.86898011079029e-07 6.00860062149877e-07 6.0858565120725e-07
-9999 -9999 -9999 -9999 1.82310770924232e-06 1.84788359547383e-06 1.50785172081669e-06 1.48390654430841e-06 1.11461088181386e-06 9.07597154764517e-07 7.27060353256093e-07 6.47865988412377e-07 5.89926742122771e-07 5.74045145640412e-07 5.6891423128036e-07 5.7618785831437e-07 5.71803468574217e-07 5.59412910661194e-07 5.47236936654372e-07 5.35143897195667e-07 5.19365926265891e-07 5.02937666624348e-07 4.77084142858075e-07 4.5398809334074e-07 4.55590935644068e-07 4.59764748939051e-07 4.72274535923134e-07 4.96730649501842e-07 5.42034115369461e-07 5.72038288737531e-07 5.86299790938938e-07 5.85942302677722e-07 5.76679099140165e-07 5.51274240478961e-07 5.20488924848905e-07 5.0519793148851e-07 4.92039475830097e-07 4.77633420814527e-07 4.66577830593451e-07 4.76858929232549e-07 4.8825654630491e-07 5.02762190990325e-07 5.09845506257989e-07
-9999 -9999 -9999 -9999 1.84788359547383e-06 1.50053790548554e-06 1.33725120576855e-06 1.23507425087155e-06 1.20610184239922e-06 1.00525505786209e-06 8.22147455892264e-07 7.06937726135948e-07 6.20012144736393e-07 5.89053001931461e-07 5.67921063066024e-07 5.58128078864684e-07 5.48098057606694e-07 5.37905293640506e-07 5.26582027760014e-07 5.14822318109509e-07 4.83557130337431e-07 4.48849846179655e-07 4.14290042272114e-07 3.83711068252524e-07 3.86278401265372e-07 3.90525855209489e-07 4.00220756091585e-07 4.1678765683173e-07 4.4534675680552e-07 4.65744477651242e-07 4.77744208637887e-07 4.78519325497473e-07 4.72456491706907e-07 4.55168787993898e-07 4.34139479921214e-07 4.24224850803512e-07 4.15797416053465e-07 4.00563891389538e-07 3.88413667451459e-07 3.95899064642435e-07 4.04861708602766e-07 4.17936632857163e-07 4.23349518996474e-07
-9999 -9999 -9999 -9999 -9999 1.33966898374638e-06 1.30916532725678e-06 1.29277270843886e-06 1.3201547517383e-06 1.1242899518038e-06 9.36509479743108e-07 7.79672234330064e-07 6.58157034649776e-07 6.06534456437657e-07 5.65552511488931e-07 5.36848290266789e-07 5.21352376381401e-07 5.14927194217307e-07 5.05756474922237e-07 4.95525569021993e-07 4.51267368362096e-07 4.01004371042291e-07 3.61894791467421e-07 3.27072655181837e-07 3.25943403822748e-07 3.26289352869935e-07 3.31418533505712e-07 3.36770909825646e-07 3.42512862516742e-07 3.49721602788122e-07 3.58439706360514e-07 3.62867780268061e-07 3.64682449571774e-07 3.58558594371061e-07 3.4978856433554e-07 3.46687244245913e-07 3.44286235076652e-07 3.30331772602221e-07 3.18769821205933e-07 3.22444122957677e-07 3.28001192428928e-07 3.38799281962565e-07 3.42101088790514e-07
-9999 -9999 -9999 -9999 -9999 1.36319533794449e-06 1.3725904182138e-06 1.39964902245993e-06 1.38164830332244e-06 1.18654224934289e-06 9.95351342680806e-07 8.19145896002738e-07 6.783266144339e-07 6.07526430940197e-07 5.50621223283088e-07 5.09748588228831e-07 4.92624280923337e-07 4.91808975766617e-07 4.84580823467695e-07 4.7487640131294e-07 4.27169879912981e-07 3.72757170907789e-07 3.33805218133421e-07 2.98668766163246e-07 2.92506967980444e-07 2.88187095520698e-07 2.89839533706981e-07 2.91022843157407e-07 2.91387493689399e-07 2.93791060812509e-07 2.98292576417225e-07 3.01412285352853e-07 3.03690228520281e-07 3.01890906939661e-07 2.98732516057498e-07 2.98533024079006e-07 2.98676383181373e-07 2.89637370087803e-07 2.82080605984447e-07 2.83963316860536e-07 2.86935460280802e-07 2.92940370627548e-07 2.94550659418746e-07
-9999 -9999 -9999 -9999 -9999 1.38494908696885e-06 1.40783015467605e-06 1.42534952374263e-06 1.43226725413115e-06 1.23704614907183e-06 1.04270600331802e-06 8.51737866014446e-07 6.9477698616538e-07 6.05106777129549e-07 5.33090712906414e-07 4.81444772049144e-07 4.63486031776483e-07 4.68661824015726e-07 4.63332753497525e-07 4.53947393452836e-07 4.04767405370876e-07 3.48564867636014e-07 3.10744468379198e-07 2.7610667530098e-07 2.64635872326835e-07 2.55492039968885e-07 2.53893034596331e-07 2.52364998232224e-07 2.50960709990977e-07 2.50293652470646e-07 2.50385170375012e-07 2.51170007459223e-07 2.5237719114557e-07 2.53487371537631e-07 2.5456520802436e-07 2.56458264402681e-07 2.58425558286035e-07 2.55054345643657e-07 2.52209758855315e-07 2.52718677984376e-07 2.53275743489212e-07 2.53966817354012e-07 2.53972388009061e-07
-9999 -9999 -9999 -9999 -9999 -9999 1.37442657432985e-06 1.3984919178256e-06 1.38210168643127e-06 1.18077366551006e-06 9.8575276297197e-07 8.14873374110903e-07 6.71601469548477e-07 5.8295700000599e-07 5.11206394548935e-07 4.58948676396176e-07 4.42687735358049e-07 4.51147371904881e-07 4.44492144424657e-07 4.32000490491191e-07 3.8446719941021e-07 3.30750111743328e-07 2.96054764703513e-07 2.64173223740727e-07 2.52268705480674e-07 2.42188292531864e-07 2.38022465737231e-07 2.35068199572197e-07 2.342282527934e-07 2.33529419801926e-07 2.32975807534785e-07 2.33286144180056e-07 2.34122779829704e-07 2.36355248262043e-07 2.39053008499468e-07 2.42834488517474e-07 2.46736021836114e-07 2.4651018293298e-07 2.46274112214451e-07 2.45972870516198e-07 2.45485693994851e-07 2.44480787614521e-07 2.43302167746151e-07
