Ecospace-environmental-drivers/Outputs/ASCII-for-ecospace/MOM6-ISIMIP3a/chl/1994-04_chl_MOM6-ISIMIP3a.asc
NCOLS 131 
NROWS 53 
XLLCORNER -98 
YLLCORNER 23.9265270233154 
CELLSIZE 0.133587792515755 
NODATA_value -9999 
[rows 19 to 37 of 53, columns 86 to 128 of 131]
6.66169796659233e-07 6.3928087001841e-07 5.97277050928824e-07 5.57757346086873e-07 5.19845059443469e-07 4.85117311654903e-07 4.51533509249202e-07 4.32093770541542e-07 4.14874932630482e-07 3.91273829336569e-07 3.64585673651163e-07 3.15894880031919e-07 2.68738517661404e-07 2.26185306928528e-07 1.87323919931259e-07 1.54522595607887e-07 1.29650928215597e-07 1.12485366798865e-07 1.38629275170388e-07 1.89590423360642e-07 3.9213304603436e-07 6.41423810066044e-07 1.11190354346036e-06 1.60483750732965e-06 1.91117146641773e-06 2.17756701204053e-06 2.21765435526322e-06 2.24640712076507e-06 2.2458068542619e-06 -9999 -9999 -9999 -9999 -9999 -9999 -9999 -9999 -9999 -9999 -9999 -9999 -9999 -9999
6.30006240953662e-07 6.1160045561337e-07 5.77909361254569e-07 5.44033525784471e-07 5.10038205447927e-07 4.81112806482997e-07 4.54008642236658e-07 4.3788253378807e-07 4.23480202016435e-07 4.01300439989427e-07 3.7658679730157e-07 3.33945195052365e-07 2.9098075060574e-07 2.47047751145146e-07 2.07318109346488e-07 1.74488164361719e-07 1.44419360026404e-07 1.17033849278414e-07 1.15610070849925e-07 1.29062911469191e-07 2.40267581830267e-07 3.81619202016736e-07 7.77900766024686e-07 1.20532081382407e-06 1.65778737937217e-06 2.05992023438739e-06 2.17684032577381e-06 2.26155066229694e-06 2.26284782911534e-06 -9999 -9999 -9999 -9999 -9999 -9999 -9999 -9999 -9999 -9999 -9999 -9999 -9999 -9999
5.94556695432402e-07 5.82899190249009e-07 5.55461042495153e-07 5.25796906458709e-07 4.9469241503175e-07 4.7211955234161e-07 4.5261140257935e-07 4.41191104982863e-07 4.31040746207145e-07 4.10583652410423e-07 3.88290942510139e-07 3.53253767571005e-07 3.15428394515038e-07 2.6923871132567e-07 2.28144131142471e-07 1.95413136339084e-07 1.61467070824983e-07 1.26340211181741e-07 1.06095669138995e-07 9.43790183782767e-08 1.2350355405033e-07 1.65223610792964e-07 4.4061843595955e-07 7.50664582938043e-07 1.3625772226078e-06 1.91447156794311e-06 2.12627583096037e-06 2.27677514885727e-06 -9999 -9999 -9999 -9999 -9999 -9999 -9999 -9999 -9999 -9999 -9999 -9999 -9999 -9999 -9999
5.30011050159374e-07 5.19637467277789e-07 4.93452830596652e-07 4.67388616698372e-07 4.41402306705641e-07 4.27379291068064e-07 4.17653666318074e-07 4.15488528915375e-07 4.14510537893875e-07 4.04046971880234e-07 3.91257600540484e-07 3.62134500164757e-07 3.29630978512796e-07 2.86986505670939e-07 2.46623812927282e-07 2.10006618317493e-07 1.72838468870395e-07 1.35134882839338e-07 1.09865283093313e-07 9.17206222084133e-08 9.80863958943701e-08 1.12011264263856e-07 2.70748955699673e-07 4.54817808304142e-07 1.00205397757236e-06 1.5334696854552e-06 1.97523968381574e-06 2.29395845963154e-06 2.29401416618202e-06 2.20643460124847e-06 -9999 -9999 -9999 -9999 -9999 -9999 -9999 -9999 -9999 -9999 -9999 -9999 -9999
4.61449189970153e-07 4.52131985184678e-07 4.27151150006466e-07 4.04831638434189e-07 3.84234141392881e-07 3.78880343987475e-07 3.79002301542641e-07 3.86133365282149e-07 3.9436497445422e-07 3.94488296251438e-07 3.91737245308832e-07 3.68612234069587e-07 3.41705288064986e-07 3.034527935597e-07 2.64275257677582e-07 2.23579348812564e-07 1.83386291041643e-07 1.43681944564378e-07 1.14671955486756e-07 9.17900848662612e-08 8.08503841653874e-08 7.35936893647704e-08 1.21041225042973e-07 1.83730904268486e-07 6.42617976609472e-07 1.1331250107105e-06 1.80280460426729e-06 2.23599931814533e-06 2.05677520170866e-06 2.09554218599806e-06 2.01794932763733e-06 -9999 -9999 -9999 -9999 -9999 -9999 -9999 -9999 -9999 -9999 -9999 -9999
3.63550327620032e-07 3.58469065986355e-07 3.40219429517674e-07 3.24810542906562e-07 3.11239745087732e-07 3.13735796453329e-07 3.22003273822702e-07 3.33332593527302e-07 3.45142723290337e-07 3.55144464947443e-07 3.62269389597714e-07 3.48674717542963e-07 3.31665489738953e-07 3.04412878904259e-07 2.71238974391963e-07 2.28345356845239e-07 1.87549559882427e-07 1.48792437926204e-07 1.19728682079767e-07 9.62194306453057e-08 8.2657606981229e-08 7.21636013167881e-08 9.15126747713657e-08 1.19618590588288e-07 3.84031380917804e-07 7.12613086761849e-07 1.40480403842957e-06 1.9110671019007e-06 1.93583696272981e-06 1.75187142303912e-06 1.59191154125438e-06 -9999 -9999 -9999 -9999 -9999 -9999 -9999 -9999 -9999 -9999 -9999 -9999
2.75169838914735e-07 2.74581822168329e-07 2.62822396734919e-07 2.53573574582333e-07 2.45949280497371e-07 2.54201751204164e-07 2.6815740739039e-07 2.82123465922268e-07 2.96091172913293e-07 3.16012460643833e-07 3.3316004532935e-07 3.29930372799936e-07 3.23002353752599e-07 3.04979550946882e-07 2.770802041141e-07 2.32968744739992e-07 1.91951954775504e-07 1.5394259378354e-07 1.24850416227673e-07 1.00868000174614e-07 8.51227710541025e-08 7.19179169550443e-08 6.77972096241319e-08 6.6901385764595e-08 1.63472563485811e-07 3.44446704048096e-07 1.00368481525948e-06 1.43215299885924e-06 1.26300210467889e-06 1.35751201923995e-06 -9999 -9999 -9999 -9999 -9999 -9999 -9999 -9999 -9999 -9999 -9999 -9999 -9999
2.28524854151146e-07 2.33558253626143e-07 2.2723207848685e-07 2.20852484744682e-07 2.14438315992993e-07 2.19268244450177e-07 2.2813722466708e-07 2.37893118537613e-07 2.47788278784355e-07 2.77809164117571e-07 3.05622535279326e-07 3.16417811063729e-07 3.20375562523623e-07 3.03821167335627e-07 2.77999760101011e-07 2.36966712918729e-07 1.9740279810776e-07 1.59266591026608e-07 1.30257248542875e-07 1.06477791916859e-07 9.04728096884355e-08 7.68655041838429e-08 6.95705608677599e-08 6.41485584651491e-08 1.09654990865238e-07 2.05800773755982e-07 5.88891168717964e-07 9.09540631255368e-07 1.06848835912388e-06 1.16272076411406e-06 -9999 -9999 -9999 -9999 -9999 -9999 -9999 -9999 -9999 -9999 -9999 -9999 -9999
1.96797842022534e-07 2.05372060690934e-07 2.02968351459276e-07 1.99513650045446e-07 1.95378888179221e-07 1.97195760165414e-07 2.01150541556672e-07 2.06669895419509e-07 2.12434926538663e-07 2.47563605171308e-07 2.81154882486589e-07 3.02095742199526e-07 3.14048207883388e-07 2.99036258866181e-07 2.74888833473597e-07 2.35745730492454e-07 1.97500469312217e-07 1.6012774040064e-07 1.32465487467925e-07 1.10367558647795e-07 9.49216953927134e-08 8.15273537568828e-08 7.19666815029996e-08 6.32240926279337e-08 7.08293796947146e-08 1.02109808608475e-07 2.67543896370626e-07 4.8038214117696e-07 8.15981707091851e-07 9.51370850543753e-07 -9999 -9999 -9999 -9999 -9999 -9999 -9999 -9999 -9999 -9999 -9999 -9999 -9999
1.97619698383278e-07 2.05195092917165e-07 2.03417556576824e-07 2.03009236088292e-07 2.0348686291527e-07 2.03184114866417e-07 2.02601043497452e-07 2.03826317601852e-07 2.0533555300517e-07 2.34680669564113e-07 2.63385231846769e-07 2.8600743462448e-07 2.99646899293293e-07 2.86338803334729e-07 2.6298397415303e-07 2.23137760713144e-07 1.85918310080524e-07 1.5125159791296e-07 1.27694903540032e-07 1.10504480232976e-07 9.74043956603055e-08 8.55657802389942e-08 7.57215943281153e-08 6.6288841082951e-08 6.47140154796944e-08 7.46854311728384e-08 1.50082925642891e-07 2.55126394677063e-07 4.36943309978233e-07 5.83460803227354e-07 -9999 -9999 -9999 -9999 -9999 -9999 -9999 -9999 -9999 -9999 -9999 -9999 -9999
1.88919656807229e-07 1.95612003039969e-07 1.96356594983627e-07 2.00042180154014e-07 2.05630712457605e-07 2.05504420591751e-07 2.03325257075448e-07 2.03011566668465e-07 2.02990776188017e-07 2.28635414600831e-07 2.54043300174089e-07 2.76403255838886e-07 2.89369211259327e-07 2.74153791224307e-07 2.49565147214525e-07 2.09590581334851e-07 1.74273210973297e-07 1.43481727832295e-07 1.23482806202446e-07 1.0966824248726e-07 9.87016122167006e-08 8.86132909272419e-08 7.91313539139082e-08 6.97642761338102e-08 6.23187830228744e-08 5.87982142974397e-08 7.75179529455272e-08 1.13988008365595e-07 1.96425602894124e-07 2.61484586872029e-07 3.01238486599686e-07 -9999 -9999 -9999 -9999 -9999 -9999 -9999 -9999 -9999 -9999 -9999 -9999
1.68240333664471e-07 1.74195250224329e-07 1.79847262415933e-07 1.88944596857255e-07 2.00271230710314e-07 2.03210021254563e-07 2.03135769538676e-07 2.04749227350476e-07 2.0662767497015e-07 2.31192487376575e-07 2.55304087204422e-07 2.74956676094007e-07 2.84279423112821e-07 2.62613497170605e-07 2.34241568364268e-07 1.94861840441263e-07 1.62548914772742e-07 1.37103626229873e-07 1.19973321943689e-07 1.07607689869837e-07 9.85073995707353e-08 9.04141472801712e-08 8.21068866230235e-08 7.375637522955e-08 6.46037889850959e-08 5.74256837637677e-08 6.14358413031368e-08 7.86761447102435e-08 1.30178236190659e-07 1.95299932670423e-07 2.80253260598329e-07 3.19695431016953e-07 -9999 -9999 -9999 -9999 -9999 -9999 -9999 -9999 -9999 -9999 -9999
1.49523785353267e-07 1.54683547748391e-07 1.6158674043254e-07 1.71660744285873e-07 1.83786411867004e-07 1.89586458532176e-07 1.93114246371806e-07 1.98547922991565e-07 2.04280851789918e-07 2.28843489935571e-07 2.52807382139508e-07 2.71459782652528e-07 2.80046066336581e-07 2.58434823763309e-07 2.30583538041174e-07 1.92489423511688e-07 1.60911454827328e-07 1.3566598511261e-07 1.18497936796302e-07 1.05958427809583e-07 9.81022978407964e-08 9.16905449344085e-08 8.44227798779684e-08 7.69963577340604e-08 6.70161597327024e-08 5.79080712270752e-08 5.37417008672492e-08 6.04141021653959e-08 9.51553857930776e-08 1.70571183844004e-07 3.05213490037204e-07 3.76490419284892e-07 3.92851973174402e-07 4.00390916865945e-07 -9999 -9999 -9999 -9999 -9999 -9999 -9999 -9999 -9999
1.3227936790372e-07 1.36600633027228e-07 1.42012822834658e-07 1.49737118704252e-07 1.58957490725697e-07 1.67465913136766e-07 1.75718611217235e-07 1.8639231313955e-07 1.97446169636351e-07 2.22814890094014e-07 2.47492494054313e-07 2.66425161044026e-07 2.76455068615178e-07 2.59777408473383e-07 2.3567480411657e-07 1.99384388110957e-07 1.6683922865468e-07 1.37933724886352e-07 1.18548129535156e-07 1.04617633667203e-07 9.75390364033046e-08 9.25735861301291e-08 8.62439364368583e-08 7.96722545715056e-08 6.95240629511318e-08 5.97816622871505e-08 5.23386276540805e-08 5.49395906546124e-08 8.35512423691398e-08 1.76934790374617e-07 3.64633194749331e-07 4.36481940369049e-07 4.07929860557488e-07 -9999 -9999 -9999 -9999 -9999 -9999 -9999 -9999 -9999 -9999
1.21643992656573e-07 1.24886128105572e-07 1.28818712141765e-07 1.34359041226162e-07 1.40939647508276e-07 1.48849991887801e-07 1.57237991516013e-07 1.68728504945648e-07 1.8070616647492e-07 2.0611896900391e-07 2.31285341101284e-07 2.53969801633502e-07 2.68285901938725e-07 2.57497447364585e-07 2.37986938600443e-07 2.04159334771248e-07 1.71209222799007e-07 1.39111875796516e-07 1.17942533961468e-07 1.03035176834965e-07 9.67250883832094e-08 9.30664185716523e-08 8.74514327620091e-08 8.15120273500725e-08 7.14781407396003e-08 6.1595279987614e-08 5.25682075647183e-08 5.19738136972592e-08 7.32173219830656e-08 1.73812409798302e-07 3.89951964052671e-07 9.62634544521279e-07 1.84431428351672e-06 1.56006763063488e-06 2.14030183087743e-06 -9999 -9999 -9999 -9999 -9999 -9999 -9999 -9999
1.13841110760404e-07 1.15900974151373e-07 1.18358876477487e-07 1.21786243312272e-07 1.25840898590468e-07 1.31736072717104e-07 1.38292392648509e-07 1.48704003777311e-07 1.59720968895272e-07 1.84851288054233e-07 2.10410007639439e-07 2.38334109781135e-07 2.58154614130035e-07 2.53664978799861e-07 2.39107976085506e-07 2.08025682013613e-07 1.74911619410523e-07 1.39823043809884e-07 1.17055876103223e-07 1.01349144188134e-07 9.58036920906125e-08 9.33920105694597e-08 8.83959359043729e-08 8.29934592161408e-08 7.31948617271883e-08 6.33831973573251e-08 5.34975086452505e-08 5.00832264549445e-08 6.34277910194214e-08 1.66624545272498e-07 4.00655807197836e-07 9.76203182290192e-07 1.84772454758786e-06 2.14030183087743e-06 2.20570836972911e-06 2.38648340200598e-06 -9999 -9999 -9999 -9999 -9999 -9999 -9999
1.11919050027609e-07 1.12947688535314e-07 1.1393112231417e-07 1.16090184576478e-07 1.19009932575409e-07 1.23427525977604e-07 1.28383177866453e-07 1.36938808736886e-07 1.46059704775325e-07 1.69355743651067e-07 1.93511368706822e-07 2.23148745703838e-07 2.45236606133403e-07 2.44676471083949e-07 2.33831471518897e-07 2.06104104449878e-07 1.73801694813847e-07 1.37053177695634e-07 1.13997408845989e-07 9.87878721048219e-08 9.40742168609177e-08 9.25975172094695e-08 8.82497701581997e-08 8.34584099607127e-08 7.41424983630168e-08 6.47299103206933e-08 5.47694938290988e-08 4.95413026158076e-08 5.65680480235642e-08 1.34900346893119e-07 3.17061221721815e-07 8.28732481750194e-07 1.62597314101731e-06 2.09033964893024e-06 2.38648340200598e-06 2.39594623963058e-06 -9999 -9999 -9999 -9999 -9999 -9999 -9999
1.11213736886384e-07 1.11242400180345e-07 1.10751415149934e-07 1.11816937931053e-07 1.13889591091265e-07 1.16940832128876e-07 1.20343614185003e-07 1.26882468975964e-07 1.33913758304516e-07 1.55054465267312e-07 1.77435524051361e-07 2.08056547990054e-07 2.31741992706702e-07 2.34621182926276e-07 2.27231311100695e-07 2.02985020791857e-07 1.71696100892405e-07 1.33563077042709e-07 1.10489587257234e-07 9.60455182053011e-08 9.21775509254985e-08 9.15712803362112e-08 8.78779502500038e-08 8.37130542663544e-08 7.49310160585992e-08 6.59853398587984e-08 5.61123769671212e-08 4.92784195671447e-08 5.03144867991523e-08 9.80995409349816e-08 2.13956170114216e-07 6.4794267018442e-07 1.35763559683255e-06 1.89829449936951e-06 2.35352968047664e-06 2.44782586378278e-06 -9999 -9999 -9999 -9999 -9999 -9999 -9999
1.08488777073035e-07 1.09146981230879e-07 1.09905514023012e-07 1.11821265136314e-07 1.14485793289987e-07 1.16293513485743e-07 1.17793454990078e-07 1.22225984000579e-07 1.27118980230989e-07 1.4556273697508e-07 1.65448682309943e-07 1.95063961427877e-07 2.18436511545406e-07 2.2308130098736e-07 2.17106943978251e-07 1.93701495732057e-07 1.63510989636961e-07 1.26726675375721e-07 1.05347822909607e-07 9.27966183894569e-08 8.93394087597699e-08 8.86868036786836e-08 8.55008934763646e-08 8.19177046196273e-08 7.40750749628205e-08 6.60046168832196e-08 5.66431772597298e-08 4.94661591687873e-08 4.79460844360347e-08 7.86189104928781e-08 1.5616807047536e-07 4.60640393384892e-07 9.61775072028104e-07 1.3853115206075e-06 1.76963249032269e-06 1.85491649062897e-06 -9999 -9999 -9999 -9999 -9999 -9999 -9999
