Ecospace-environmental-drivers/Outputs/ASCII-for-ecospace/MOM6-ISIMIP3a/chl/1995-01_chl_MOM6-ISIMIP3a.asc
NCOLS 131 
NROWS 53 
XLLCORNER -98 
YLLCORNER 23.9265270233154 
CELLSIZE 0.133587792515755 
NODATA_value -9999 
[rows 0 to 18 of 53, columns 43 to 85 of 131]
-9999 -9999 -9999 -9999 -9999 -9999 -9999 -9999 -9999 -9999 -9999 -9999 -9999 -9999 -9999 -9999 -9999 -9999 -9999 -9999 -9999 -9999 -9999 -9999 -9999 -9999 -9999 -9999 -9999 -9999 -9999 -9999 -9999 -9999 -9999 -9999 -9999 -9999 -9999 -9999 -9999 -9999 -9999
-9999 -9999 -9999 -9999 -9999 -9999 -9999 -9999 -9999 -9999 -9999 -9999 -9999 -9999 -9999 -9999 -9999 -9999 -9999 -9999 -9999 -9999 -9999 -9999 -9999 -9999 -9999 -9999 -9999 -9999 -9999 -9999 -9999 -9999 -9999 -9999 -9999 -9999 -9999 -9999 -9999 -9999 -9999
-9999 -9999 -9999 -9999 -9999 -9999 -9999 -9999 -9999 -9999 -9999 -9999 -9999 -9999 -9999 -9999 -9999 -9999 -9999 -9999 -9999 -9999 -9999 -9999 -9999 -9999 -9999 -9999 -9999 -9999 -9999 1.86685008429777e-06 1.63279742082523e-06 -9999 -9999 -9999 -9999 -9999 -9999 -9999 -9999 -9999 -9999
-9999 -9999 -9999 -9999 -9999 -9999 -9999 -9999 -9999 -9999 -9999 -9999 -9999 -9999 -9999 -9999 -9999 -9999 -9999 -9999 -9999 -9999 -9999 -9999 -9999 -9999 -9999 -9999 -9999 -9999 -9999 1.89620755008946e-06 1.65060384915705e-06 -9999 -9999 -9999 -9999 -9999 -9999 -9999 -9999 -9999 -9999
-9999 -9999 -9999 -9999 -9999 -9999 -9999 -9999 -9999 -9999 -9999 -9999 -9999 -9999 -9999 -9999 -9999 -9999 -9999 -9999 -9999 -9999 2.05781657314219e-06 2.06521417567274e-06 2.07113225769717e-06 2.10565394809237e-06 2.13272596738534e-06 2.17114256884088e-06 2.17866272578249e-06 2.15330169339722e-06 2.07658717954473e-06 1.93132723325107e-06 1.68070812378573e-06 1.33977619043435e-06 -9999 -9999 7.96335712038854e-07 8.31410375212727e-07 8.94017830432858e-07 9.28271958855476e-07 9.12165205591009e-07 8.77273407695611e-07 8.48473575842945e-07
-9999 -9999 -9999 -9999 -9999 -9999 -9999 -9999 -9999 -9999 -9999 -9999 -9999 -9999 -9999 -9999 -9999 -9999 2.07006678465405e-06 -9999 2.04730986297363e-06 2.02838100449299e-06 2.04677417059429e-06 2.05781657314219e-06 2.06669369617885e-06 2.07113225769717e-06 2.14017586586124e-06 2.18686977859761e-06 2.18638206206379e-06 2.16273633668607e-06 2.1107869088155e-06 1.95623806575895e-06 1.72695695255243e-06 1.35892935304582e-06 9.3344215201796e-07 8.10402298156987e-07 7.46816340324585e-07 8.31788554478408e-07 9.15626287678606e-07 9.34638649141561e-07 9.3455088290284e-07 8.67306084728625e-07 8.29963198611949e-07
-9999 -9999 -9999 -9999 -9999 -9999 -9999 -9999 -9999 -9999 -9999 -9999 -9999 -9999 2.59348780673463e-06 2.59621197074011e-06 2.59824287240917e-06 2.60389219874924e-06 2.33952505368507e-06 2.07279117603321e-06 2.06734239327488e-06 2.04620596377936e-06 2.02838100449299e-06 2.05412516152137e-06 2.05781657314219e-06 2.07113225769717e-06 2.14017586586124e-06 2.18686977859761e-06 2.18638206206379e-06 2.16273633668607e-06 2.1107869088155e-06 1.95623806575895e-06 1.72695695255243e-06 1.35892935304582e-06 9.3344215201796e-07 8.10402298156987e-07 7.46816340324585e-07 8.31788554478408e-07 9.15626287678606e-07 9.34638649141561e-07 9.3455088290284e-07 8.67306084728625e-07 8.29963198611949e-07
-9999 -9999 -9999 -9999 -9999 -9999 -9999 -9999 -9999 -9999 -9999 -9999 -9999 -9999 2.57888132182416e-06 2.59348780673463e-06 2.59893636211928e-06 -9999 2.61043601312849e-06 2.3447514649888e-06 2.0782401861652e-06 2.06734239327488e-06 2.0428944935702e-06 2.02838100449299e-06 2.07617767955526e-06 2.1278819986037e-06 2.19593925976369e-06 2.23505571739224e-06 2.21307664105552e-06 2.17321166928741e-06 2.11148721973586e-06 1.97280837710423e-06 1.77807692125498e-06 1.49751156186539e-06 1.18139939786488e-06 1.08198150883254e-06 1.02516037259193e-06 1.05352637547185e-06 1.07995310827391e-06 1.05661786165001e-06 1.01925695616956e-06 9.32581258439313e-07 8.8481903048887e-07
-9999 -9999 2.14867509384931e-06 -9999 -9999 -9999 -9999 -9999 -9999 -9999 -9999 -9999 -9999 -9999 -9999 -9999 -9999 -9999 2.60904016613495e-06 2.61788272837293e-06 2.35125162362237e-06 2.08913797905552e-06 2.06734239327488e-06 2.03296031031641e-06 2.11324527299439e-06 2.19100434151187e-06 2.25819258048432e-06 2.28944622904237e-06 2.24483892452554e-06 2.18741752178175e-06 2.11433439289976e-06 1.99276814782934e-06 1.83588736035745e-06 1.65046992606221e-06 1.45323463129898e-06 1.37818835810322e-06 1.32716149892076e-06 1.29375871438242e-06 1.25767576264479e-06 1.1890347195731e-06 1.11179815576179e-06 1.00433862826321e-06 9.44873875141639e-07
-9999 2.14867509384931e-06 2.14731971936999e-06 2.14824558497639e-06 2.14965302802739e-06 -9999 -9999 -9999 -9999 -9999 -9999 -9999 -9999 -9999 2.4000264602364e-06 2.5639099021646e-06 -9999 -9999 -9999 2.61835111814435e-06 2.62001526607492e-06 2.36141181630956e-06 2.11093356483616e-06 2.11934911931166e-06 2.18729155676556e-06 2.25640837925312e-06 2.3304396563617e-06 2.372744575041e-06 2.34807203014498e-06 2.28889462050574e-06 2.18754530578735e-06 2.06537856684008e-06 1.92804895959853e-06 1.76865466983145e-06 1.60012268679566e-06 1.48569210978167e-06 1.38189648168918e-06 1.32505408600991e-06 1.27000441807468e-06 1.21548237075331e-06 1.15070645279047e-06 1.04987793747569e-06 9.74445583779016e-07
2.150670525225e-06 2.14770102502371e-06 2.14543069887441e-06 2.14747183235886e-06 2.15183445106959e-06 2.15215641219402e-06 -9999 -9999 -9999 -9999 -9999 -9999 -9999 -9999 2.33036598729086e-06 2.46931153924379e-06 2.5639099021646e-06 -9999 -9999 2.63707602243812e-06 2.62448929788661e-06 2.59848025052634e-06 2.40581312027643e-06 2.21810432776692e-06 2.26920519708074e-06 2.32604656957847e-06 2.4069133814919e-06 2.45999081016635e-06 2.454403329466e-06 2.39843052440847e-06 2.28087696996226e-06 2.15922113966371e-06 2.03457784664351e-06 1.88992135008448e-06 1.7369769693687e-06 1.58701391228533e-06 1.43763702453725e-06 1.36019343699445e-06 1.28820647660177e-06 1.24350015084929e-06 1.18803745863261e-06 1.09475456611108e-06 1.00725037555094e-06
2.15510249290674e-06 2.14866327041818e-06 2.14568012779637e-06 2.14747183235886e-06 2.15183445106959e-06 2.15280056181655e-06 2.16224862015224e-06 2.16559442378639e-06 -9999 -9999 -9999 -9999 -9999 -9999 -9999 2.44348279920814e-06 2.54227984441968e-06 2.5639099021646e-06 2.59348780673463e-06 2.63707602243812e-06 2.62448929788661e-06 2.59848025052634e-06 2.48967330662708e-06 2.38319012169086e-06 2.39331666307407e-06 2.41839643422281e-06 2.50605694418482e-06 2.56841394730145e-06 2.57735268860415e-06 2.55119243774971e-06 2.48213359554939e-06 2.366950184296e-06 2.21817003875913e-06 2.02771957447112e-06 1.82001190296432e-06 1.6551778116991e-06 1.49877155308786e-06 1.41595194236288e-06 1.33791172629572e-06 1.27994053400471e-06 1.21690754895099e-06 1.13607688945194e-06 1.05739695754892e-06
2.15722388929862e-06 2.15174713957822e-06 2.14852479984984e-06 2.15056638808164e-06 2.1554426439252e-06 2.16175726563961e-06 2.16848093259614e-06 2.16595549318299e-06 -9999 -9999 -9999 -9999 2.14441547541355e-06 2.20659489968966e-06 2.30911359722086e-06 2.46701301875873e-06 2.55432155427116e-06 2.58387467511056e-06 2.61851346294861e-06 2.65556104750431e-06 2.65722087533504e-06 2.65042535829707e-06 2.59582634498656e-06 2.54100677921087e-06 2.53077178058447e-06 2.54003634836408e-06 2.63090828411805e-06 2.69748124992475e-06 2.71275757768308e-06 2.70010309577629e-06 2.65331186710682e-06 2.53541747952113e-06 2.36573305301135e-06 2.14067449633148e-06 1.89268337180692e-06 1.71885312738596e-06 1.55960128722654e-06 1.47210209888726e-06 1.3887234899812e-06 1.31964031879761e-06 1.24925895761407e-06 1.17431318358285e-06 1.09850839180581e-06
2.15356885746587e-06 2.16013404497062e-06 2.15785712498473e-06 2.16139778785873e-06 2.16807143260667e-06 2.16936450669891e-06 2.16912735595542e-06 2.16595549318299e-06 2.16234707295371e-06 2.15505951928208e-06 2.14697092815186e-06 2.13480711863667e-06 2.14441547541355e-06 2.20659489968966e-06 2.30911359722086e-06 2.46701301875873e-06 2.58462955571304e-06 2.66928759629081e-06 2.70610439656593e-06 2.72025954473065e-06 2.77178310170711e-06 2.83223539554456e-06 2.75771276392334e-06 2.68065082309477e-06 2.7015871637559e-06 2.7349033189239e-06 2.82003020402044e-06 2.87816101263161e-06 2.87930151898763e-06 2.8393858428899e-06 2.74929175247962e-06 2.60572937804682e-06 2.42322153098939e-06 2.19152002500778e-06 1.93944561033277e-06 1.77130732481601e-06 1.61966897849197e-06 1.52923166751862e-06 1.4423013681153e-06 1.36748872137105e-06 1.29031400319946e-06 1.20483400678495e-06 1.11703161564947e-06
2.06264053304039e-06 2.08674327950575e-06 2.10135044653725e-06 2.12477357308671e-06 2.15294403460575e-06 2.16780358641699e-06 2.17887759390578e-06 2.17919296119362e-06 2.17815886571771e-06 2.17041883843194e-06 2.16325520341343e-06 2.15902468880813e-06 2.17483648157213e-06 2.23904248741746e-06 2.32380239140184e-06 2.43678027800343e-06 2.5489471227047e-06 2.66045071839471e-06 2.72399392997613e-06 2.76481955552299e-06 2.85253031506727e-06 2.95144354822696e-06 2.87416014543851e-06 2.79242976830574e-06 2.822151827786e-06 2.86118779513345e-06 2.93920311378315e-06 2.98537997878157e-06 2.96434313895588e-06 2.89741706183122e-06 2.77440472018498e-06 2.60876913671382e-06 2.41208749685029e-06 2.18211266655999e-06 1.93834989659081e-06 1.77849437932309e-06 1.63513288953254e-06 1.55056306994084e-06 1.46846377901966e-06 1.38923030590377e-06 1.30542321130633e-06 1.20553465876583e-06 1.10494852378906e-06
1.84832424565684e-06 1.89773368219903e-06 1.95175948647375e-06 2.02105570679123e-06 2.09857466870744e-06 2.15328100239276e-06 2.2014992282493e-06 2.21114601117733e-06 2.21632558350393e-06 2.20749302570766e-06 2.20256242755568e-06 2.21748155126988e-06 2.2482670374302e-06 2.31736476052902e-06 2.35925813285576e-06 2.36380356000154e-06 2.41996667682542e-06 2.51836172537878e-06 2.64333903032821e-06 2.78090760730265e-06 2.88546902993403e-06 2.98214399663266e-06 2.9263649139466e-06 2.86481258626736e-06 2.87167131318711e-06 2.89050922219758e-06 2.9594809802802e-06 2.98873851534154e-06 2.93415564556199e-06 2.84057318822306e-06 2.69932479568524e-06 2.51669871431659e-06 2.30393379752059e-06 2.08751885111269e-06 1.86959232451045e-06 1.72168199696898e-06 1.58753516643628e-06 1.52128211539093e-06 1.45586579947121e-06 1.37406152589392e-06 1.28384942854609e-06 1.16407511541183e-06 1.04959349300771e-06
1.67270457041013e-06 1.72694660705019e-06 1.79263793143036e-06 1.88429703484871e-06 1.98993870981212e-06 2.07099151339207e-06 2.14505098483642e-06 2.17878869079868e-06 2.20723609345441e-06 2.20429296859947e-06 2.20502033698722e-06 2.22441985897603e-06 2.25163876166334e-06 2.29773854698578e-06 2.29789225159038e-06 2.23496863327455e-06 2.26728388952324e-06 2.37752101384103e-06 2.53106418313109e-06 2.70512009592494e-06 2.81033976534673e-06 2.89911190520797e-06 2.86026374851645e-06 2.81770689980476e-06 2.84878046841186e-06 2.88190858555026e-06 2.92363574772025e-06 2.92666572931921e-06 2.84800353256287e-06 2.73074488177372e-06 2.56631324191403e-06 2.38048869505292e-06 2.17908154809265e-06 1.99276041712437e-06 1.81268683263625e-06 1.67402697570651e-06 1.54350789216551e-06 1.47149000895297e-06 1.40070210363774e-06 1.32076684167259e-06 1.23269455798436e-06 1.11601195840194e-06 1.00405975445028e-06
1.52967220401479e-06 1.57150509494386e-06 1.62549042670435e-06 1.71971396412118e-06 1.83560416644468e-06 1.93163441508659e-06 2.02201658794365e-06 2.09227437153459e-06 2.15835143535514e-06 2.16717717194115e-06 2.17644674194162e-06 2.18797367779189e-06 2.19601224671351e-06 2.19562798520201e-06 2.15499130717944e-06 2.05909395845083e-06 2.09464064937492e-06 2.23773145080486e-06 2.39216160480282e-06 2.55196277976211e-06 2.64420418716327e-06 2.72030320047634e-06 2.694534487091e-06 2.66997722064843e-06 2.76491141448787e-06 2.84137354356062e-06 2.84052816823532e-06 2.80949234365835e-06 2.71472231361258e-06 2.57629699262907e-06 2.38451616496604e-06 2.20710739995411e-06 2.04016714633326e-06 1.89786328519403e-06 1.76576224930614e-06 1.6340833326467e-06 1.50248729369196e-06 1.40442489282577e-06 1.30969306155748e-06 1.23536551654979e-06 1.15662862754107e-06 1.06238803709857e-06 9.66796619650268e-07
1.39602786930482e-06 1.42346902975987e-06 1.45706837884063e-06 1.53748715092661e-06 1.64311620665103e-06 1.73929265656625e-06 1.83278075382987e-06 1.90151331480592e-06 1.9662411432364e-06 1.99126270672423e-06 2.01455668502604e-06 2.02906312551931e-06 2.03884155780543e-06 2.03720355784753e-06 2.01232319341216e-06 1.95553411685978e-06 2.00426234187034e-06 2.13932185033627e-06 2.27279520004231e-06 2.40551753449836e-06 2.4765899979684e-06 2.53293251262221e-06 2.51272604145925e-06 2.49474351221579e-06 2.58566933553084e-06 2.65962921730534e-06 2.6625850750861e-06 2.63716583503992e-06 2.55184454545088e-06 2.42078840528848e-06 2.23383449338144e-06 2.07028961085598e-06 1.92379548025201e-06 1.79274104539218e-06 1.66808069934632e-06 1.52825009536173e-06 1.38543737193686e-06 1.2866432825831e-06 1.19258061204164e-06 1.12881571112666e-06 1.06418553968979e-06 9.96513790596509e-07 9.23097729810252e-07
