Ecospace-environmental-drivers/Outputs/ASCII-for-ecospace/MOM6-ISIMIP3a/chl/1996-12_chl_MOM6-ISIMIP3a.asc
NCOLS 131 
NROWS 53 
XLLCORNER -98 
YLLCORNER 23.9265270233154 
CELLSIZE 0.133587792515755 
NODATA_value -9999 
[rows 0 to 18 of 53, columns 43 to 85 of 131]
-9999 -9999 -9999 -9999 -9999 -9999 -9999 -9999 -9999 -9999 -9999 -9999 -9999 -9999 -9999 -9999 -9999 -9999 -9999 -9999 -9999 -9999 -9999 -9999 -9999 -9999 -9999 -9999 -9999 -9999 -9999 -9999 -9999 -9999 -9999 -9999 -9999 -9999 -9999 -9999 -9999 -9999 -9999
-9999 -9999 -9999 -9999 -9999 -9999 -9999 -9999 -9999 -9999 -9999 -9999 -9999 -9999 -9999 -9999 -9999 -9999 -9999 -9999 -9999 -9999 -9999 -9999 -9999 -9999 -9999 -9999 -9999 -9999 -9999 -9999 -9999 -9999 -9999 -9999 -9999 -9999 -9999 -9999 -9999 -9999 -9999
-9999 -9999 -9999 -9999 -9999 -9999 -9999 -9999 -9999 -9999 -9999 -9999 -9999 -9999 -9999 -9999 -9999 -9999 -9999 -9999 -9999 -9999 -9999 -9999 -9999 -9999 -9999 -9999 -9999 -9999 -9999 2.20433685171884e-06 2.18915261029906e-06 -9999 -9999 -9999 -9999 -9999 -9999 -9999 -9999 -9999 -9999
-9999 -9999 -9999 -9999 -9999 -9999 -9999 -9999 -9999 -9999 -9999 -9999 -9999 -9999 -9999 -9999 -9999 -9999 -9999 -9999 -9999 -9999 -9999 -9999 -9999 -9999 -9999 -9999 -9999 -9999 -9999 2.20269748751889e-06 2.19044591176498e-06 -9999 -9999 -9999 -9999 -9999 -9999 -9999 -9999 -9999 -9999
-9999 -9999 -9999 -9999 -9999 -9999 -9999 -9999 -9999 -9999 -9999 -9999 -9999 -9999 -9999 -9999 -9999 -9999 -9999 -9999 -9999 -9999 2.23866845772136e-06 2.24318114305788e-06 2.24679115490289e-06 2.2678500499751e-06 2.2811368580733e-06 2.29130364459706e-06 2.27643545258616e-06 2.24325754061283e-06 2.21581535697624e-06 2.20052902477619e-06 2.19174808080425e-06 2.17906040234084e-06 -9999 -9999 1.92837183021766e-06 1.59539069954917e-06 1.20696233807394e-06 9.20413071980875e-07 7.67558844927407e-07 6.6417101152183e-07 6.0762158682337e-07
-9999 -9999 -9999 -9999 -9999 -9999 -9999 -9999 -9999 -9999 -9999 -9999 -9999 -9999 -9999 -9999 -9999 -9999 2.23583742808842e-06 -9999 2.21731511373946e-06 2.20192305278033e-06 2.22412973016617e-06 2.23866845772136e-06 2.24408358917572e-06 2.24679115490289e-06 2.28890871767362e-06 2.30771070164337e-06 2.27729174184788e-06 2.24430391426722e-06 2.20817673834972e-06 2.19496519093809e-06 2.19844537241443e-06 2.18183390643389e-06 2.15690170080052e-06 2.11767201108159e-06 2.07563175536052e-06 1.59181195158453e-06 1.11872839170246e-06 9.10346557247976e-07 7.32164323835605e-07 6.60165653698641e-07 6.00183113874664e-07
-9999 -9999 -9999 -9999 -9999 -9999 -9999 -9999 -9999 -9999 -9999 -9999 -9999 -9999 2.48615151576814e-06 2.48946116698789e-06 2.49271761276759e-06 2.50371545007511e-06 2.37582344198017e-06 2.23810889110609e-06 2.23356619244441e-06 2.21645609599364e-06 2.20192305278033e-06 2.23179767999682e-06 2.23866845772136e-06 2.24679115490289e-06 2.28890871767362e-06 2.30771070164337e-06 2.27729174184788e-06 2.24430391426722e-06 2.20817673834972e-06 2.19496519093809e-06 2.19844537241443e-06 2.18183390643389e-06 2.15690170080052e-06 2.11767201108159e-06 2.07563175536052e-06 1.59181195158453e-06 1.11872839170246e-06 9.10346557247976e-07 7.32164323835605e-07 6.60165653698641e-07 6.00183113874664e-07
-9999 -9999 -9999 -9999 -9999 -9999 -9999 -9999 -9999 -9999 -9999 -9999 -9999 -9999 2.46840659201553e-06 2.48615151576814e-06 2.49277081820765e-06 -9999 2.51914525506436e-06 2.38906704908004e-06 2.2426513623941e-06 2.23356619244441e-06 2.21387927012984e-06 2.20192305278033e-06 2.25480130211508e-06 2.30116825150617e-06 2.32028401114803e-06 2.31139961215376e-06 2.24340396925982e-06 2.18684385799861e-06 2.1442604065669e-06 2.12594454751525e-06 2.12530494536622e-06 2.10697589864139e-06 2.08132109946746e-06 2.00414319806441e-06 1.91683693628875e-06 1.57279339418892e-06 1.23438076116145e-06 1.04385480881319e-06 8.76394835813699e-07 7.90035983300186e-07 7.15531257355906e-07
-9999 -9999 2.29329180001514e-06 -9999 -9999 -9999 -9999 -9999 -9999 -9999 -9999 -9999 -9999 -9999 -9999 -9999 -9999 -9999 2.5121487396973e-06 2.54589667747496e-06 2.41107181864209e-06 2.25173653234378e-06 2.23356619244441e-06 2.20614856516477e-06 2.29245688387891e-06 2.36097616834741e-06 2.3550467176392e-06 2.3159723241406e-06 2.20692595576111e-06 2.12460849979834e-06 2.07495872928121e-06 2.05057335733727e-06 2.04459001906798e-06 2.02344244826236e-06 1.99601504391467e-06 1.87759496839135e-06 1.74128808794194e-06 1.54926044615422e-06 1.35736740958237e-06 1.18694742923253e-06 1.0316915677322e-06 9.29754037315433e-07 8.39497147353541e-07
-9999 2.29329180001514e-06 2.29903298532008e-06 2.3034031073621e-06 2.30404270951112e-06 -9999 -9999 -9999 -9999 -9999 -9999 -9999 -9999 -9999 2.33961600315524e-06 2.45021783484844e-06 -9999 -9999 -9999 2.53766575042391e-06 2.5873955564748e-06 2.44499437940249e-06 2.26990709961683e-06 2.27772443395224e-06 2.34683488997689e-06 2.40000167650578e-06 2.38644315686543e-06 2.33666173699021e-06 2.21041068471095e-06 2.11709630093537e-06 2.06403683478129e-06 2.02004957827739e-06 1.9826704829029e-06 1.92775337382045e-06 1.86557349479699e-06 1.73729893049313e-06 1.59603189331392e-06 1.44407840707572e-06 1.29275792914996e-06 1.15148657187092e-06 1.0183149470322e-06 9.13622329790087e-07 8.20664297407347e-07
2.29349689107039e-06 2.29667989515292e-06 2.30212367569038e-06 2.30403679779556e-06 2.30404862122668e-06 2.30404953072139e-06 -9999 -9999 -9999 -9999 -9999 -9999 -9999 -9999 2.28289923143166e-06 2.36416826737695e-06 2.45021783484844e-06 -9999 -9999 2.53910616265784e-06 2.58773980021942e-06 2.63534093392082e-06 2.49841787081095e-06 2.36147184295987e-06 2.40869871959148e-06 2.44120974457473e-06 2.41213365370641e-06 2.34816684496764e-06 2.21054256144271e-06 2.10950815926481e-06 2.0531942936941e-06 1.99072633222386e-06 1.92377592611592e-06 1.83637973805162e-06 1.74051649537432e-06 1.60836998475133e-06 1.46909121667704e-06 1.35414802571177e-06 1.24002633583586e-06 1.12512555006106e-06 1.01158343568386e-06 9.02818612757983e-07 8.05448053142754e-07
2.30024465963652e-06 2.29920215133461e-06 2.30277760238096e-06 2.30403679779556e-06 2.30404862122668e-06 2.30405134971079e-06 2.3162538127508e-06 2.32418096857145e-06 -9999 -9999 -9999 -9999 -9999 -9999 -9999 2.32695720114862e-06 2.40703707277135e-06 2.45021783484844e-06 2.48615151576814e-06 2.53910616265784e-06 2.58773980021942e-06 2.63534093392082e-06 2.57444571616361e-06 2.51050437327649e-06 2.51071560342098e-06 2.49412505581859e-06 2.40721874433802e-06 2.31040826292883e-06 2.19269008994161e-06 2.10151347346255e-06 2.04277625925897e-06 1.96784048966947e-06 1.88110607268754e-06 1.76815285612975e-06 1.64434163707483e-06 1.54041219957435e-06 1.44039108818106e-06 1.34602419166185e-06 1.25100552850199e-06 1.14757403935073e-06 1.04049536275852e-06 9.20592810871312e-07 8.09630535059114e-07
2.29565921472386e-06 2.29700481213513e-06 2.30021601055341e-06 2.30184446081694e-06 2.30262048717123e-06 2.31215972235077e-06 2.32419097301317e-06 2.3246129785548e-06 -9999 -9999 -9999 -9999 2.26299880523584e-06 2.23372762775398e-06 2.25111125473632e-06 2.33254513659631e-06 2.39721521211322e-06 2.4481701075274e-06 2.5083552372962e-06 2.57291230809642e-06 2.63616266238387e-06 2.69910037786758e-06 2.67987229563005e-06 2.65382755060273e-06 2.61072500506998e-06 2.5498823106318e-06 2.41479528995114e-06 2.29102533921832e-06 2.19114735955372e-06 2.10469784178713e-06 2.03466106540873e-06 1.94544008991215e-06 1.84224609256489e-06 1.71122076153551e-06 1.56866974521108e-06 1.48370770602924e-06 1.41006637477403e-06 1.33286027903523e-06 1.25409405882237e-06 1.16137562145013e-06 1.06110007891402e-06 9.34252852857753e-07 8.14347970390372e-07
2.26273937187216e-06 2.28300882554322e-06 2.28961516768322e-06 2.2941708266444e-06 2.29762190429028e-06 2.30958653446578e-06 2.3239722395374e-06 2.3246129785548e-06 2.32373918152007e-06 2.31995954891318e-06 2.31283001994598e-06 2.28866156248841e-06 2.26299880523584e-06 2.23372762775398e-06 2.25111125473632e-06 2.33254513659631e-06 2.41195630223956e-06 2.48971286964661e-06 2.58606928582594e-06 2.69123620455503e-06 2.8056447263225e-06 2.92226150122588e-06 2.85879787043086e-06 2.78287734545302e-06 2.70571626970195e-06 2.61274408330792e-06 2.45360138251272e-06 2.31758235713642e-06 2.2303793230094e-06 2.13583007280249e-06 2.03230229089968e-06 1.92425318346068e-06 1.81291090939339e-06 1.68252665844193e-06 1.54425663367874e-06 1.45513729421509e-06 1.37567974434205e-06 1.30709599943657e-06 1.2374556490613e-06 1.15355953766993e-06 1.06093625618087e-06 9.37627362418425e-07 8.20402760837169e-07
2.13724592867948e-06 2.17473666452861e-06 2.19715434468526e-06 2.2191850348463e-06 2.24100745072064e-06 2.27311716116674e-06 2.30815271606843e-06 2.31492344937578e-06 2.31841841014102e-06 2.31157787311531e-06 2.30206933338195e-06 2.27898931370873e-06 2.25385770136199e-06 2.22377184400102e-06 2.23104166252597e-06 2.28959606829449e-06 2.36582172874478e-06 2.45650585384283e-06 2.57562624028651e-06 2.70821624326345e-06 2.84709358311375e-06 2.98747340821137e-06 2.90836555905116e-06 2.81450411421247e-06 2.72537499768077e-06 2.62158550867753e-06 2.4564403702243e-06 2.31540138884156e-06 2.22525159188081e-06 2.11715655495937e-06 1.98712882593099e-06 1.86238617061463e-06 1.74149340637086e-06 1.61825505529123e-06 1.49404547755694e-06 1.40396389269881e-06 1.32059108182148e-06 1.26111513054639e-06 1.20109586987382e-06 1.12712280042615e-06 1.04575462955836e-06 9.38385142035258e-07 8.33129888633266e-07
1.88087051355978e-06 1.93317532648507e-06 1.98895781977626e-06 2.04903221856512e-06 2.11141764339118e-06 2.18872492041555e-06 2.27027612709207e-06 2.29153465625132e-06 2.30557452596258e-06 2.29134616347437e-06 2.27609530156769e-06 2.25564258471422e-06 2.23179290514963e-06 2.19974026549608e-06 2.18259765460971e-06 2.18592481360247e-06 2.23362030737917e-06 2.31761691793508e-06 2.44054535869509e-06 2.58191494140192e-06 2.70752684627951e-06 2.8293738978391e-06 2.77504500445502e-06 2.70839223048824e-06 2.63852734860848e-06 2.55405188909208e-06 2.40842859966506e-06 2.27258988161338e-06 2.1574073798547e-06 2.0280670014472e-06 1.88142291790427e-06 1.74300498656521e-06 1.61057914738194e-06 1.50368350659846e-06 1.40736085540993e-06 1.32083414428052e-06 1.23623317449528e-06 1.18655179903726e-06 1.13685359792726e-06 1.07435971585801e-06 1.00934073543613e-06 9.35443381422374e-07 8.55290466006409e-07
1.64379162015393e-06 1.69728787113854e-06 1.76576884314272e-06 1.84217947207799e-06 1.92285983757756e-06 2.03056561076664e-06 2.14595729630673e-06 2.19799039768986e-06 2.2412179987441e-06 2.22180369746638e-06 2.20111087401165e-06 2.17391539081291e-06 2.1403734535852e-06 2.09150698537997e-06 2.05737728720123e-06 2.04347929866344e-06 2.09036284104513e-06 2.18697618947772e-06 2.30444175031153e-06 2.43178442360659e-06 2.53102462011157e-06 2.62355001723336e-06 2.57797364611179e-06 2.52314998760994e-06 2.47182265411539e-06 2.40699637288344e-06 2.28567546400882e-06 2.16353032556071e-06 2.03964509637444e-06 1.90584944448347e-06 1.75994102846744e-06 1.62261255809426e-06 1.49153345319064e-06 1.39374594709807e-06 1.30974569856335e-06 1.22905225907743e-06 1.14900876724278e-06 1.1072162351411e-06 1.0651159527697e-06 1.00617137377412e-06 9.49544187278661e-07 9.01065277503221e-07 8.42915085286222e-07
1.42296266858466e-06 1.46617844620778e-06 1.52995437474601e-06 1.60442095875624e-06 1.68464396210766e-06 1.81028542556305e-06 1.94884387383354e-06 2.04536718229065e-06 2.13348153010884e-06 2.11073552236485e-06 2.08485425901017e-06 2.04302477868623e-06 1.99054875338334e-06 1.91236586033483e-06 1.86750196462526e-06 1.86838110494136e-06 1.93779510482273e-06 2.06328218155249e-06 2.16747730519273e-06 2.26158681471134e-06 2.32341812989034e-06 2.37753692999831e-06 2.32721640713862e-06 2.27126997742744e-06 2.23786855713115e-06 2.19297407966224e-06 2.09998142963741e-06 1.99868190975394e-06 1.87984608146508e-06 1.75573427441122e-06 1.62517392254813e-06 1.50136827414826e-06 1.38248265102447e-06 1.28771102936298e-06 1.20292588690063e-06 1.12998407075793e-06 1.05937044736493e-06 1.02386218259198e-06 9.87066414381843e-07 9.24993059925328e-07 8.70056680923881e-07 8.40213942865375e-07 8.01456280896673e-07
1.25713063425792e-06 1.29048214603245e-06 1.33866399210092e-06 1.4028538544153e-06 1.47566322539205e-06 1.59387923304166e-06 1.72500892858807e-06 1.81947052624309e-06 1.90629896223982e-06 1.88837657333352e-06 1.86700435733655e-06 1.8280837821294e-06 1.78069115008839e-06 1.71284136740724e-06 1.69331485722068e-06 1.74012939169188e-06 1.83267604825232e-06 1.96263931684371e-06 2.04691650651512e-06 2.10955295187887e-06 2.14289570976689e-06 2.16923899643007e-06 2.11686869988625e-06 2.06046024686657e-06 2.02398155124683e-06 1.97915551325423e-06 1.89939498795866e-06 1.81146617705963e-06 1.7062936876755e-06 1.60126387527271e-06 1.49640811741847e-06 1.39821622724412e-06 1.30487808291946e-06 1.22025528526137e-06 1.13924170364044e-06 1.07199753074383e-06 1.00746024145337e-06 9.68191329775436e-07 9.28278950595995e-07 8.72939267537731e-07 8.24237758934032e-07 7.98876499175094e-07 7.65189383855613e-07
