Ecospace-environmental-drivers/Outputs/ASCII-for-ecospace/MOM6-ISIMIP3a/chl/1996-07_chl_MOM6-ISIMIP3a.asc
NCOLS 131 
NROWS 53 
XLLCORNER -98 
YLLCORNER 23.9265270233154 
CELLSIZE 0.133587792515755 
NODATA_value -9999 
[rows 19 to 37 of 53, columns 86 to 128 of 131]
3.47145061141418e-07 3.09245706375805e-07 2.67595112291019e-07 2.31360544944437e-07 1.98630402792332e-07 1.72913516394146e-07 1.49715901898162e-07 1.33352727971214e-07 1.18062693843513e-07 1.05276619422057e-07 9.25086354186533e-08 7.97412553765753e-08 6.73234055170724e-08 5.59541319944401e-08 4.67543905813272e-08 4.11158858071303e-08 4.05717734963673e-08 4.49784494094274e-08 6.94453490268643e-08 1.0540718875518e-07 2.16875790215454e-07 3.51630859540819e-07 7.85474242093187e-07 1.25847930121381e-06 1.88091598829487e-06 2.43005661104689e-06 2.56387056651874e-06 2.66102142632008e-06 2.66322740571923e-06 -9999 -9999 -9999 -9999 -9999 -9999 -9999 -9999 -9999 -9999 -9999 -9999 -9999 -9999
2.76836601642572e-07 2.4587095026618e-07 2.15224119415325e-07 1.89979814990693e-07 1.68231196084889e-07 1.51679643067837e-07 1.36994927402156e-07 1.26451041637665e-07 1.16557323792676e-07 1.06908750296952e-07 9.70523288401637e-08 8.5679431549579e-08 7.42198409398043e-08 6.2500205899596e-08 5.22155332305374e-08 4.42863132832372e-08 3.89141838752494e-08 3.60270711041721e-08 3.86636678229024e-08 4.44654659759181e-08 8.61056079770606e-08 1.38798384341499e-07 4.27680248549223e-07 7.50744334254705e-07 1.34048491418071e-06 1.88153285307635e-06 2.14666692954779e-06 2.32982574743801e-06 2.30069531426125e-06 -9999 -9999 -9999 -9999 -9999 -9999 -9999 -9999 -9999 -9999 -9999 -9999 -9999 -9999
2.10931034416717e-07 1.83876252890514e-07 1.61077878146898e-07 1.44845841987262e-07 1.32862567170378e-07 1.25427476405093e-07 1.19626164973852e-07 1.15585706339516e-07 1.11821726989092e-07 1.06342035621765e-07 1.0040967168834e-07 9.1291511239433e-08 8.15551501887057e-08 6.9964201543371e-08 5.92328390780494e-08 4.99124439556908e-08 4.24630997031272e-08 3.68320556276558e-08 3.4194137299437e-08 3.32713518957917e-08 4.10004048490009e-08 5.13977127525322e-08 1.39254424880164e-07 2.44913593405727e-07 7.39001393412764e-07 1.22127710255882e-06 1.63662048180413e-06 1.98793736672087e-06 -9999 -9999 -9999 -9999 -9999 -9999 -9999 -9999 -9999 -9999 -9999 -9999 -9999 -9999 -9999
1.71655599956466e-07 1.48449558423636e-07 1.30136740494891e-07 1.17966607149356e-07 1.09771072231979e-07 1.05779534465e-07 1.03298134490615e-07 1.02326310980061e-07 1.01591524526157e-07 9.96942475239848e-08 9.7312430114016e-08 9.14854041411672e-08 8.47388932356807e-08 7.52339843756999e-08 6.5922066028179e-08 5.69269325012556e-08 4.89194960096029e-08 4.18719139361201e-08 3.70814916550444e-08 3.35844703158727e-08 3.54851046324711e-08 3.90503878122672e-08 8.23722814402572e-08 1.36041919063246e-07 4.44341452521257e-07 7.6765002177126e-07 1.17600598059653e-06 1.47010291584593e-06 1.4683059816889e-06 1.52174106915481e-06 -9999 -9999 -9999 -9999 -9999 -9999 -9999 -9999 -9999 -9999 -9999 -9999 -9999
1.35662745037735e-07 1.16281512418936e-07 1.02105374821804e-07 9.35133783741549e-08 8.85345912138291e-08 8.74149037599636e-08 8.76814709727114e-08 8.93660896394977e-08 9.12733710833891e-08 9.27400591876903e-08 9.3715655680171e-08 9.11611905962673e-08 8.7429953055107e-08 8.01685118290152e-08 7.24421269637787e-08 6.39525694623444e-08 5.55682575509309e-08 4.728622826633e-08 4.06346636339094e-08 3.49173916447398e-08 3.32550165182965e-08 3.28431823959363e-08 4.51814976543119e-08 6.14069648463555e-08 1.85252176265749e-07 3.48825381024653e-07 7.37514653792459e-07 9.97344614006579e-07 9.23470963698492e-07 1.08846631974302e-06 1.19289791200572e-06 -9999 -9999 -9999 -9999 -9999 -9999 -9999 -9999 -9999 -9999 -9999 -9999
1.2003215488221e-07 1.04159752822852e-07 9.26321561678378e-08 8.59198223679414e-08 8.23231900426435e-08 8.18429697346801e-08 8.24822095069067e-08 8.43815044504481e-08 8.64786429133346e-08 8.84489992358795e-08 9.00695056316181e-08 8.91654181600643e-08 8.72611281010904e-08 8.23562800178479e-08 7.6587291175656e-08 6.93998245537841e-08 6.17005113667801e-08 5.35037898430346e-08 4.58358861976649e-08 3.84710077128148e-08 3.49796813736702e-08 3.26829727725908e-08 3.90012218076663e-08 4.78207091703098e-08 1.2363956614081e-07 2.41988374227731e-07 6.01330270910694e-07 8.63412083162984e-07 8.73621900154831e-07 9.68486347119324e-07 1.10974974631972e-06 -9999 -9999 -9999 -9999 -9999 -9999 -9999 -9999 -9999 -9999 -9999 -9999
1.05064657418552e-07 9.26065624184957e-08 8.3766394709528e-08 7.89781893217878e-08 7.68118013638741e-08 7.70117054571529e-08 7.80616105089393e-08 8.01271156092298e-08 8.23520878157069e-08 8.46859222747298e-08 8.67922196334803e-08 8.72465903967168e-08 8.68904947992633e-08 8.41030853848679e-08 8.01447086473672e-08 7.42642143336525e-08 6.72974564963624e-08 5.92750595274083e-08 5.07978761277172e-08 4.20600905215451e-08 3.68887143054053e-08 3.28172333752264e-08 3.39194201615101e-08 3.63437742123551e-08 7.07888787587763e-08 1.47556804108717e-07 4.64144164880054e-07 7.83138489168778e-07 1.10836606381781e-06 1.08086874206492e-06 -9999 -9999 -9999 -9999 -9999 -9999 -9999 -9999 -9999 -9999 -9999 -9999 -9999
9.30045871427865e-08 8.35463751513998e-08 7.75641737504884e-08 7.48950910178792e-08 7.43697441407676e-08 7.54280407022634e-08 7.70552119888634e-08 7.9074482073338e-08 8.11553064750115e-08 8.32378788118149e-08 8.51322639050522e-08 8.56650927971714e-08 8.56350297340214e-08 8.39163476484828e-08 8.11250018273313e-08 7.65729097906842e-08 7.05472231743443e-08 6.3089480306644e-08 5.47109095805354e-08 4.58046898188513e-08 3.96061423657557e-08 3.4242649604721e-08 3.36541354784003e-08 3.41156294325629e-08 5.63567716937996e-08 1.07519689152014e-07 3.22565966826005e-07 6.00285659402289e-07 1.04030914371833e-06 1.3011778037253e-06 -9999 -9999 -9999 -9999 -9999 -9999 -9999 -9999 -9999 -9999 -9999 -9999 -9999
8.1841776022884e-08 7.52474349496879e-08 7.18955490697226e-08 7.11733818548055e-08 7.21527584346404e-08 7.38695433710745e-08 7.58512044285453e-08 7.76646444933249e-08 7.94516665791889e-08 8.12385607673605e-08 8.2881498997267e-08 8.34828810525323e-08 8.37166496125974e-08 8.28476132141986e-08 8.10294693565083e-08 7.76534179180999e-08 7.24944655416948e-08 6.56028689149935e-08 5.75209213593553e-08 4.87568811990968e-08 4.1950048768058e-08 3.5746825943761e-08 3.37836567609884e-08 3.26223315028074e-08 4.48408563613611e-08 7.45800647905526e-08 2.03599114456665e-07 4.25964259420653e-07 8.90065450676047e-07 1.1067171499235e-06 -9999 -9999 -9999 -9999 -9999 -9999 -9999 -9999 -9999 -9999 -9999 -9999 -9999
7.26366451431204e-08 6.86094026036699e-08 6.73911273452177e-08 6.82401619656048e-08 7.04268572349065e-08 7.23659212553684e-08 7.4216039536168e-08 7.54754481135933e-08 7.66421095477199e-08 7.80364572960934e-08 7.93416532474112e-08 7.99900092829375e-08 8.03519100145422e-08 7.98544732560913e-08 7.85866447472472e-08 7.60542135935793e-08 7.15998069722446e-08 6.52775966614172e-08 5.79242893650189e-08 4.99801444675541e-08 4.34789804160118e-08 3.74228363853035e-08 3.47745974238478e-08 3.27323590454398e-08 3.9687645170261e-08 5.71261224990849e-08 1.3396693532286e-07 2.70257260126527e-07 5.60502485313918e-07 7.68207144119515e-07 -9999 -9999 -9999 -9999 -9999 -9999 -9999 -9999 -9999 -9999 -9999 -9999 -9999
6.51449738597876e-08 6.30971186410534e-08 6.34362820051138e-08 6.5481714273119e-08 6.86311878439483e-08 7.07464025140325e-08 7.24900885984425e-08 7.32148563997725e-08 7.37796312932915e-08 7.47444914850348e-08 7.56565441406565e-08 7.61657830139484e-08 7.64480105885923e-08 7.6049239794429e-08 7.50112434388939e-08 7.29239673091797e-08 6.90445034479126e-08 6.34233501273229e-08 5.69844296194333e-08 5.00769061773099e-08 4.42521539412155e-08 3.87613319219327e-08 3.58131266864348e-08 3.32850547124508e-08 3.60091867435131e-08 4.42173195835949e-08 8.3500161451866e-08 1.60092923806587e-07 3.3330624660266e-07 6.47427839339798e-07 1.16672708827537e-06 -9999 -9999 -9999 -9999 -9999 -9999 -9999 -9999 -9999 -9999 -9999 -9999
5.98089613390584e-08 5.9001120433777e-08 6.01728586957506e-08 6.29431440302142e-08 6.67477664251237e-08 6.89810661924639e-08 7.0649925021371e-08 7.08644307678696e-08 7.08505822899497e-08 7.1339464113862e-08 7.17886763368369e-08 7.19246884273161e-08 7.18658199616584e-08 7.12223169330173e-08 7.00109765716661e-08 6.78675533549722e-08 6.43999626959157e-08 5.96455365098336e-08 5.43546754272484e-08 4.87564300044596e-08 4.40745182572755e-08 3.96752035669579e-08 3.69115227272232e-08 3.43946631176095e-08 3.41860939556682e-08 3.70266661775531e-08 5.71450229358561e-08 1.07224991552357e-07 2.34895807693647e-07 5.49301773844491e-07 1.13561418402242e-06 1.40782742619194e-06 -9999 -9999 -9999 -9999 -9999 -9999 -9999 -9999 -9999 -9999 -9999
5.58384662951994e-08 5.57319239646858e-08 5.72257157216427e-08 6.0321511341499e-08 6.44538857841326e-08 6.68041977291978e-08 6.8514367512762e-08 6.85227448116166e-08 6.82639083038339e-08 6.84365630831962e-08 6.85831693658656e-08 6.85189007754161e-08 6.82494416537338e-08 6.73643967274984e-08 6.59099015365427e-08 6.35206589549853e-08 6.02027228069346e-08 5.59822659340625e-08 5.15969347247847e-08 4.71171297533601e-08 4.34870450760627e-08 4.0119015665141e-08 3.77521516270463e-08 3.55177718347477e-08 3.38472680994073e-08 3.37202443745355e-08 4.23392627624253e-08 7.2844912324399e-08 1.60029827611652e-07 4.16765487898374e-07 9.20385275549052e-07 1.10792143459548e-06 1.02152421277424e-06 9.81714833869773e-07 -9999 -9999 -9999 -9999 -9999 -9999 -9999 -9999 -9999
5.28921191289555e-08 5.30828394573746e-08 5.45157980980093e-08 5.76375960292808e-08 6.1852155397446e-08 6.43186695015174e-08 6.61572698845703e-08 6.61876100593872e-08 6.59340244624218e-08 6.59102568079106e-08 6.58744454540283e-08 6.57396057590631e-08 6.53574261377798e-08 6.4233240948397e-08 6.24832239282114e-08 5.97059184315185e-08 5.63409550125016e-08 5.24049070804722e-08 4.87432032514334e-08 4.52387034499679e-08 4.25921875546464e-08 4.0210277774122e-08 3.839945250661e-08 3.66510057858704e-08 3.46216566526891e-08 3.33270300245658e-08 3.61956544736586e-08 5.23309076072564e-08 1.02822411918169e-07 2.58421209764492e-07 5.67067615975247e-07 7.91136130828818e-07 9.41905454965308e-07 -9999 -9999 -9999 -9999 -9999 -9999 -9999 -9999 -9999 -9999
5.09252195968202e-08 5.12231181915013e-08 5.24121297473812e-08 5.50895187245715e-08 5.87299524568152e-08 6.09636643389422e-08 6.26920595436786e-08 6.27015595000557e-08 6.24411669036817e-08 6.23834353064012e-08 6.2348540552648e-08 6.24682812144783e-08 6.23875777705507e-08 6.17055633256314e-08 6.03601648663243e-08 5.79258525590376e-08 5.48268381805883e-08 5.10818658483458e-08 4.76788706293974e-08 4.44718288861168e-08 4.22438972691452e-08 4.03179178931623e-08 3.89240533138491e-08 3.75812838626643e-08 3.56559937131351e-08 3.40134960197247e-08 3.39734178567141e-08 4.21764241309575e-08 7.17263475280561e-08 1.84238032829853e-07 4.17550978681902e-07 1.00145962278475e-06 1.88921126209607e-06 1.7236021676581e-06 2.18723721445713e-06 -9999 -9999 -9999 -9999 -9999 -9999 -9999 -9999
4.93780873966898e-08 4.97017005329781e-08 5.05682926643658e-08 5.2599656186203e-08 5.53846852824336e-08 5.72360114858839e-08 5.87519402017733e-08 5.87222537262733e-08 5.84498778266607e-08 5.84278261328564e-08 5.84724126895253e-08 5.8986088902202e-08 5.9384376527305e-08 5.94365161532551e-08 5.87958055575655e-08 5.70178038117319e-08 5.43188747315071e-08 5.07249779957419e-08 4.73814338874945e-08 4.41813412521697e-08 4.21298480546284e-08 4.04325817271456e-08 3.93960704059282e-08 3.84245737450328e-08 3.68017367691209e-08 3.51626923134063e-08 3.34317924455263e-08 3.64618024661922e-08 5.18210292455024e-08 1.46124421007698e-07 3.55379057737082e-07 9.49112916259764e-07 1.8760547391139e-06 2.18723721445713e-06 2.20831452679704e-06 2.45227874984266e-06 -9999 -9999 -9999 -9999 -9999 -9999 -9999
4.90940621489244e-08 4.9468994234303e-08 5.0041133903278e-08 5.13240223654066e-08 5.30668060605421e-08 5.42163896000147e-08 5.51528884784602e-08 5.49865326604504e-08 5.46470104723085e-08 5.46421894398463e-08 5.47276535201036e-08 5.54488970294642e-08 5.61722437453227e-08 5.69018929752474e-08 5.70170861635688e-08 5.61236568330514e-08 5.41199902670542e-08 5.10373858730873e-08 4.78442494511455e-08 4.45877752497381e-08 4.25031849715651e-08 4.07800051505092e-08 3.98557276071188e-08 3.90179053511019e-08 3.77506772508696e-08 3.63654741875052e-08 3.43117712020558e-08 3.50579654195826e-08 4.30549889074427e-08 1.05595624688704e-07 2.47557636612328e-07 7.03309922300832e-07 1.43100783134287e-06 1.98542761609133e-06 2.45227874984266e-06 2.46171725848399e-06 -9999 -9999 -9999 -9999 -9999 -9999 -9999
4.90713780720853e-08 4.95029262026492e-08 4.97863972270807e-08 5.02996151396928e-08 5.09614963561944e-08 5.13432603099773e-08 5.16244007542355e-08 5.1301210390875e-08 5.08831270451537e-08 5.08917246122564e-08 5.1010079715752e-08 5.19003293675269e-08 5.29168815432968e-08 5.43123270801971e-08 5.5194014692006e-08 5.52323839997371e-08 5.39850582015333e-08 5.14882749769185e-08 4.84643649656391e-08 4.51383996846744e-08 4.2977362113561e-08 4.11755891605026e-08 4.03128268544606e-08 3.95595165514351e-08 3.86588965284318e-08 3.75793440809957e-08 3.54858826767668e-08 3.45460335893222e-08 3.6593682750663e-08 6.45671178745033e-08 1.30291311961628e-07 4.17480691794481e-07 8.96602330158203e-07 1.58688953888486e-06 2.38389202422695e-06 2.54898100138234e-06 -9999 -9999 -9999 -9999 -9999 -9999 -9999
5.0440217336245e-08 5.0945274665537e-08 5.1159510405796e-08 5.13917584044066e-08 5.16356593038836e-08 5.15903302300558e-08 5.14411055974051e-08 5.09733943943047e-08 5.04556751934615e-08 5.02512627065244e-08 5.01313941470016e-08 5.06069177674817e-08 5.12871274338522e-08 5.25813597107572e-08 5.35946504953699e-08 5.41467777281923e-08 5.34766826376654e-08 5.16188194410461e-08 4.89444929030469e-08 4.58023201588276e-08 4.36138378745454e-08 4.17194740975901e-08 4.0770892439923e-08 3.99387793947881e-08 3.92427530471195e-08 3.83778804291524e-08 3.65562655701979e-08 3.52762477007218e-08 3.53987950063583e-08 5.13886497799376e-08 9.04830272929757e-08 2.64834540075753e-07 5.56406348550809e-07 1.03902391401789e-06 1.61818911692535e-06 1.74584545220569e-06 -9999 -9999 -9999 -9999 -9999 -9999 -9999
