Ecospace-environmental-drivers/Outputs/ASCII-for-ecospace/MOM6-ISIMIP3a/chl/1996-05_chl_MOM6-ISIMIP3a.asc
NCOLS 131 
NROWS 53 
XLLCORNER -98 
YLLCORNER 23.9265270233154 
CELLSIZE 0.133587792515755 
NODATA_value -9999 
[rows 19 to 37 of 53, columns 43 to 85 of 131]
1.50977584212342e-07 1.45287884834033e-07 1.40892296940365e-07 1.42166086902762e-07 1.4649256740995e-07 1.68468332617522e-07 1.95463542240759e-07 2.32399116839588e-07 2.70473805130678e-07 3.11832309307647e-07 3.5485174976202e-07 4.06320282309025e-07 4.54472683486529e-07 4.94618006996461e-07 5.08620189521025e-07 4.867312100032e-07 4.50287757303158e-07 4.01936119942548e-07 3.6417418414203e-07 3.31428367417175e-07 2.89620487592401e-07 2.45647385099801e-07 2.12901070995031e-07 1.83878896109491e-07 1.97835220205889e-07 2.04558119776266e-07 1.81008459776422e-07 1.61636549478317e-07 1.51084222466125e-07 1.44410378766224e-07 1.42476864084529e-07 1.58350815127051e-07 1.87195439593779e-07 2.06666697977198e-07 2.22256105075758e-07 2.29367884685416e-07 2.34813157362623e-07 2.98628378914145e-07 3.58853014859051e-07 3.62885884896968e-07 3.60994533821213e-07 3.38273281386137e-07 3.20489505156729e-07
1.38953851092083e-07 1.31576427975233e-07 1.24277079294188e-07 1.18174668273241e-07 1.12716755040765e-07 1.12897232895648e-07 1.14681263596594e-07 1.24618509289576e-07 1.35789093747007e-07 1.57725963845223e-07 1.81145949795791e-07 2.12110364827822e-07 2.42471770661723e-07 2.71377189164923e-07 2.83583517557418e-07 2.7286429826745e-07 2.57057138242089e-07 2.37087164123295e-07 2.22646718839314e-07 2.10825476187892e-07 1.89681145457143e-07 1.66309206406368e-07 1.50883764149512e-07 1.37125780952374e-07 1.39691820777443e-07 1.39124523457212e-07 1.25443960996563e-07 1.14538039497347e-07 1.09489569410925e-07 1.09023268635156e-07 1.14157316488672e-07 1.317372664289e-07 1.58382647441613e-07 1.76304794763382e-07 1.90614372286291e-07 1.9496454228829e-07 1.97356939679594e-07 2.45221087880054e-07 2.91333691393447e-07 3.03885826724581e-07 3.10332126218782e-07 2.95310059073017e-07 2.85017620171857e-07
1.29602241827342e-07 1.22448170714051e-07 1.15423382851532e-07 1.08743513749232e-07 1.02249359201778e-07 9.77770042709381e-08 9.38796489435845e-08 9.22505520861705e-08 9.09583235397804e-08 9.24925913636798e-08 9.45582243616627e-08 9.93268045590412e-08 1.05272704331583e-07 1.14061357692208e-07 1.19319423674824e-07 1.19730458436607e-07 1.19206553961249e-07 1.17917679176571e-07 1.18528681980479e-07 1.20039615580936e-07 1.16438222619308e-07 1.11615328535208e-07 1.05727451682469e-07 1.00022553795043e-07 9.8045781271594e-08 9.58594270628055e-08 9.2795986006422e-08 9.03927599438248e-08 8.93832989845578e-08 9.161737324348e-08 9.78157146391823e-08 1.14859226130193e-07 1.39802182275162e-07 1.55240527988099e-07 1.66742708529455e-07 1.69333716826259e-07 1.70173009905739e-07 2.00464029376235e-07 2.30764783282211e-07 2.50505706844706e-07 2.64064652810703e-07 2.55887471212191e-07 2.51645474236284e-07
1.18476627619657e-07 1.11482876263835e-07 1.05267901062689e-07 9.97436941929664e-08 9.45914351291322e-08 9.0914383577001e-08 8.76568861940541e-08 8.57929052244799e-08 8.41164080611634e-08 8.36506330870179e-08 8.34693949514076e-08 8.473556079025e-08 8.66997140747117e-08 9.03492178849774e-08 9.27544760997989e-08 9.34515540507164e-08 9.39924902354505e-08 9.44056637308677e-08 9.59721475624065e-08 9.80849179654797e-08 9.67320517020198e-08 9.45511260397325e-08 9.1591225270804e-08 8.87041267105815e-08 8.7655593006275e-08 8.66517382291931e-08 8.58348840893086e-08 8.52398400752463e-08 8.51130508294773e-08 8.72689867037479e-08 9.22148899462627e-08 1.06504579377997e-07 1.27600145560791e-07 1.41270191988951e-07 1.5186509472187e-07 1.53681085635071e-07 1.53771338773367e-07 1.7326189549749e-07 1.93295065287202e-07 2.11610455380651e-07 2.24960103878402e-07 2.20849983634253e-07 2.19103839071977e-07
1.07408510530149e-07 1.00624724552745e-07 9.52780041529877e-08 9.10356448002858e-08 8.73879386631415e-08 8.48991490443041e-08 8.27399588843036e-08 8.14952727523632e-08 8.03501123414208e-08 7.93646961483319e-08 7.84805394005161e-08 7.81115119252718e-08 7.78208715246365e-08 7.77195197088076e-08 7.77435573695584e-08 7.79397524297565e-08 7.84597915526319e-08 7.92447991670997e-08 8.06449520496244e-08 8.23364771918023e-08 8.20032113324487e-08 8.11861582405982e-08 8.05314854801509e-08 7.99425734498982e-08 8.01483963641658e-08 8.04430442258308e-08 8.11094125197087e-08 8.17146670328839e-08 8.21908798798177e-08 8.40574188032406e-08 8.76232064683791e-08 9.8985161400833e-08 1.16025717034063e-07 1.27894097090575e-07 1.3762048922672e-07 1.38734890242631e-07 1.3815638055803e-07 1.47751038070965e-07 1.58289566343228e-07 1.74368153693649e-07 1.86809046454073e-07 1.86459601536626e-07 1.86887675113212e-07
9.95410260884455e-08 9.38664399541267e-08 8.96730583122007e-08 8.65946532258022e-08 8.41166141185568e-08 8.23844885644576e-08 8.08644884386922e-08 7.99500128323416e-08 7.9112354001154e-08 7.86755549597729e-08 7.83105420509855e-08 7.8310769424661e-08 7.8323765251298e-08 7.83675986326671e-08 7.85934020086643e-08 7.90690322105547e-08 7.9700953392603e-08 8.04607438453786e-08 8.10767275538637e-08 8.16245915302716e-08 8.14470197951778e-08 8.10961040542679e-08 8.08607651947568e-08 8.06413424925267e-08 8.05379727353284e-08 8.04890092354071e-08 8.06677675768697e-08 8.09404596679997e-08 8.1411457131253e-08 8.30294837328438e-08 8.6049425362944e-08 9.44284579418309e-08 1.06710977831881e-07 1.15318492532879e-07 1.22404060221015e-07 1.22779511002591e-07 1.21835924460356e-07 1.27864282717383e-07 1.34624727365917e-07 1.46014500046476e-07 1.55298920390123e-07 1.57180807036639e-07 1.58988015641626e-07
9.24592100659538e-08 8.79006520904113e-08 8.48194261493518e-08 8.28285422471708e-08 8.1424751385839e-08 8.03896682555205e-08 7.94594541275728e-08 7.87772123089781e-08 7.81504567726188e-08 7.83364626499861e-08 7.85561837801652e-08 7.89474299267567e-08 7.92441170460734e-08 7.93124783626808e-08 7.96312846773617e-08 8.02939226218768e-08 8.0925424583711e-08 8.15314535884681e-08 8.14915068758637e-08 8.11455720395315e-08 8.1001367391309e-08 8.09053588568531e-08 8.09966635983983e-08 8.10729616773642e-08 8.07435753813479e-08 8.04456234959616e-08 8.02792072818193e-08 8.02638524532995e-08 8.05673963100162e-08 8.1769847781743e-08 8.40709546423568e-08 8.95275746870539e-08 9.72826299516782e-08 1.02861811512867e-07 1.07539889881991e-07 1.07475116806199e-07 1.06478019290535e-07 1.09419794114274e-07 1.12883107306061e-07 1.20016295568348e-07 1.26377074138873e-07 1.30022016264775e-07 1.32975245037414e-07
8.88223183892478e-08 8.5409759265076e-08 8.326007616688e-08 8.20215433350313e-08 8.12736189459429e-08 8.06742406211924e-08 8.01171111675103e-08 7.92375587366223e-08 7.83981022323132e-08 7.95322492308514e-08 8.06242681505864e-08 8.15019873812162e-08 8.19949264041497e-08 8.15587810620855e-08 8.14936882420625e-08 8.19379906147333e-08 8.20766885567537e-08 8.196534651006e-08 8.18317502648824e-08 8.16876095655061e-08 8.10404401363485e-08 8.02730681925823e-08 8.0284586090329e-08 8.03331801080276e-08 8.01425485974505e-08 8.00104658083001e-08 8.01234136815765e-08 8.00151482849287e-08 7.94399142023394e-08 7.94942422999156e-08 8.03180100206191e-08 8.31175412940865e-08 8.73561845082804e-08 9.09265764903466e-08 9.42202333931164e-08 9.50250580444845e-08 9.5340638495145e-08 9.7299256651695e-08 9.95743008047612e-08 1.04346078444451e-07 1.08804073306601e-07 1.12158794252082e-07 1.15235977204975e-07
8.57077182558896e-08 8.35267215393287e-08 8.23474977096339e-08 8.17991718804478e-08 8.15905565332287e-08 8.13417599943023e-08 8.10815379281848e-08 8.02903912244801e-08 7.95342955939304e-08 8.11916365250909e-08 8.2755008179447e-08 8.384039063003e-08 8.43909191416969e-08 8.3649979387701e-08 8.32156956676045e-08 8.32024014130184e-08 8.28322583856789e-08 8.21701533482155e-08 8.1839630183822e-08 8.16661724911683e-08 8.08186726430904e-08 7.98101211785252e-08 7.97232573290785e-08 7.96926613588766e-08 7.95593848579301e-08 7.94874424059344e-08 7.9672183517232e-08 7.94692240901895e-08 7.8447790485825e-08 7.77972815058092e-08 7.76001343183452e-08 7.84161926503657e-08 7.99702561948834e-08 8.19178893607386e-08 8.40285210301772e-08 8.53667501132804e-08 8.65531504246064e-08 8.7724878028439e-08 8.90433611289154e-08 9.18007643235796e-08 9.45966647236673e-08 9.752791640949e-08 1.00492023591414e-07
8.37327149838529e-08 8.29699402515871e-08 8.28460784418894e-08 8.28523667451009e-08 8.29287429837677e-08 8.28448065703924e-08 8.27152817350907e-08 8.26359496386431e-08 8.26091763883596e-08 8.38625240362489e-08 8.50224566306679e-08 8.57071995596925e-08 8.60127613577788e-08 8.54027533137014e-08 8.46313739089055e-08 8.36384614899544e-08 8.27244974743735e-08 8.18751217934732e-08 8.11223372920722e-08 8.04153117428541e-08 8.002781015648e-08 7.97166563870633e-08 7.9490831694784e-08 7.9268708930158e-08 7.90151872820388e-08 7.8772700362606e-08 7.85763774047155e-08 7.82747875405221e-08 7.77509754357197e-08 7.73628627825929e-08 7.71405979094197e-08 7.74429338434857e-08 7.81273712391339e-08 7.92944945260388e-08 8.06615219062223e-08 8.17996550495081e-08 8.28927966267656e-08 8.37058564684412e-08 8.45733225673939e-08 8.60735340779684e-08 8.77324808357116e-08 8.99495233852576e-08 9.22834360039815e-08
8.28319599577299e-08 8.30630852988179e-08 8.36604527876261e-08 8.41362250980637e-08 8.4546520895401e-08 8.47633216949362e-08 8.4925098065014e-08 8.51639754273492e-08 8.54265778116314e-08 8.61166071786101e-08 8.67347225153026e-08 8.69869722919248e-08 8.69765841571279e-08 8.63320437360926e-08 8.53059134442447e-08 8.37559213096029e-08 8.25729884468274e-08 8.16903664713209e-08 8.06938658115541e-08 7.96434136418611e-08 7.95076573467668e-08 7.95904568917649e-08 7.93698760048756e-08 7.91256056231759e-08 7.88397400697249e-08 7.85066518460553e-08 7.79759190550067e-08 7.75978108435993e-08 7.7541891130295e-08 7.73921087215967e-08 7.712760918821e-08 7.70461809906919e-08 7.70981003483939e-08 7.77576047994444e-08 7.86687266440822e-08 7.96201788944018e-08 8.05795608016524e-08 8.11097606856492e-08 8.16273484360863e-08 8.21770385073251e-08 8.29824742254459e-08 8.46871301973806e-08 8.65153921836281e-08
8.32827140584413e-08 8.39738802937973e-08 8.48721271040631e-08 8.5710269104311e-08 8.6516045882945e-08 8.72045333721871e-08 8.78596679854127e-08 8.79215562576974e-08 8.79200499070976e-08 8.78463168874077e-08 8.7748503574403e-08 8.75281926937532e-08 8.71125678258977e-08 8.62253202171814e-08 8.50480290637279e-08 8.34725568665817e-08 8.23664478843966e-08 8.16443588291804e-08 8.06287374643944e-08 7.94740770970748e-08 7.93280747757308e-08 7.94230743395019e-08 7.93891743455788e-08 7.93358267969779e-08 7.91281991041615e-08 7.88050869005019e-08 7.79986635279784e-08 7.75718405066073e-08 7.79464244260453e-08 7.80047031412323e-08 7.76764039756017e-08 7.73747146354253e-08 7.70924160065078e-08 7.75876145553411e-08 7.84047955448841e-08 7.91864493976391e-08 7.99611186153015e-08 8.0303820482186e-08 8.05987951935094e-08 8.05837743200755e-08 8.08922990813699e-08 8.23384453951803e-08 8.38177598438961e-08
8.40348306496708e-08 8.50081107728329e-08 8.602579981698e-08 8.71004672831077e-08 8.82058159845656e-08 8.91854483597854e-08 9.01293262245417e-08 9.00627696864831e-08 8.98880898603238e-08 8.95869050054898e-08 8.9218822552084e-08 8.85104185499586e-08 8.76859260756646e-08 8.65811031758312e-08 8.52927044547869e-08 8.37522762253684e-08 8.2610256413318e-08 8.17942051867249e-08 8.09088973596772e-08 7.99907837745195e-08 7.96939190195189e-08 7.9545493747446e-08 7.96042840534028e-08 7.96534678215721e-08 7.93555656741773e-08 7.89582088600582e-08 7.81446445330403e-08 7.75954518417166e-08 7.76043762584777e-08 7.74386847979258e-08 7.7059574721261e-08 7.67840973026068e-08 7.65841150496271e-08 7.70414345652171e-08 7.77709630028767e-08 7.83087372724367e-08 7.88088172498647e-08 7.91634633401372e-08 7.9483896797683e-08 7.95226924310555e-08 7.98527679535255e-08 8.12069771427559e-08 8.25147168370677e-08
8.50129779905728e-08 8.61349178649107e-08 8.71359659981863e-08 8.83527775386028e-08 8.96857628163161e-08 9.08211319483598e-08 9.19003042554323e-08 9.17416969059559e-08 9.14620628122975e-08 9.13356572596058e-08 9.10315378632731e-08 8.98234020496602e-08 8.85873205902499e-08 8.72837730980791e-08 8.59143014508845e-08 8.44543137645815e-08 8.31918285371103e-08 8.20909278331783e-08 8.14480145550078e-08 8.10220370794923e-08 8.04688440325663e-08 7.98852681782591e-08 7.99662487338537e-08 8.00516630761194e-08 7.95371022377367e-08 7.90023477748036e-08 7.83830671480246e-08 7.76562387727608e-08 7.67023919934218e-08 7.59886944479149e-08 7.55685150011232e-08 7.55041043021265e-08 7.56988356442889e-08 7.62130980547226e-08 7.6859684838837e-08 7.70980292941204e-08 7.7256125052827e-08 7.77722988232199e-08 7.83042466423467e-08 7.88607650292761e-08 7.9601228719639e-08 8.09884426189456e-08 8.2257628264415e-08
8.63562874542367e-08 8.74026966357633e-08 8.82794353174177e-08 8.93201104190666e-08 9.04490633502064e-08 9.15229421138974e-08 9.2581153410265e-08 9.27334227185383e-08 9.27848091691885e-08 9.26164887005143e-08 9.22409100212462e-08 9.08110848740762e-08 8.93513956157221e-08 8.78195791642611e-08 8.63444924448231e-08 8.49472741037971e-08 8.37882652149347e-08 8.28241581984912e-08 8.23733543597882e-08 8.21656982452623e-08 8.15538285792172e-08 8.08453819445276e-08 8.01558286411819e-08 7.94640797607826e-08 7.87215981290501e-08 7.79499913505788e-08 7.70564625440784e-08 7.61060761078625e-08 7.50356576872946e-08 7.44345101111321e-08 7.44068913149931e-08 7.46565476106298e-08 7.51081685734789e-08 7.5742789817923e-08 7.6453190445136e-08 7.68595782574266e-08 7.72061952147851e-08 7.77651720795802e-08 7.83417775096495e-08 7.90137164585758e-08 7.97718726630592e-08 8.08331677148999e-08 8.19117929040658e-08
8.78561010608792e-08 8.87308999608649e-08 8.94371794402105e-08 9.0165315214108e-08 9.09052175757097e-08 9.18245035563814e-08 9.27947994000533e-08 9.34306285671482e-08 9.39999011961845e-08 9.36967694542545e-08 9.31916943613942e-08 9.1659359213736e-08 9.00566163863914e-08 8.82838691040888e-08 8.66926441744909e-08 8.53506207931787e-08 8.43910754610988e-08 8.37444673607024e-08 8.34642293057186e-08 8.33575342085169e-08 8.27716917228827e-08 8.20713665916628e-08 8.02715192094183e-08 7.84540006293355e-08 7.74787878299321e-08 7.64277032772043e-08 7.50591269138567e-08 7.38654861720534e-08 7.30411713334433e-08 7.28356539525521e-08 7.33864524704586e-08 7.39943217809014e-08 7.46437578413861e-08 7.54259161794835e-08 7.62630349981919e-08 7.70378036918373e-08 7.78003084178636e-08 7.83512206226078e-08 7.89009675372654e-08 7.95159138533563e-08 8.0123463419568e-08 8.07050142270782e-08 8.15279221910714e-08
9.01987178281161e-08 9.06679460399573e-08 9.0883446546286e-08 9.0859821000322e-08 9.07074380052109e-08 9.14933337980983e-08 9.25460810208278e-08 9.37484472274264e-08 9.4912387282875e-08 9.46254772316024e-08 9.41565971857017e-08 9.27620860124989e-08 9.12637716510289e-08 8.9514841761229e-08 8.79405064324601e-08 8.66058726955998e-08 8.5790283321785e-08 8.53993569194245e-08 8.51107557764408e-08 8.48706207534633e-08 8.35794295994674e-08 8.20371042209445e-08 7.98717820771344e-08 7.7716308055642e-08 7.63271685855216e-08 7.49902540064795e-08 7.38718952675299e-08 7.30413773908367e-08 7.28185156617656e-08 7.30620968170115e-08 7.38757535145851e-08 7.47067048223471e-08 7.55502611582415e-08 7.65840439953536e-08 7.76966118110067e-08 7.85933664815275e-08 7.94477017507234e-08 7.98574575355815e-08 8.02510768949105e-08 8.06479008019778e-08 8.09918319077951e-08 8.11497997688093e-08 8.16258847180507e-08
9.27157088881359e-08 9.27309642406726e-08 9.23894063475927e-08 9.15231481712908e-08 9.03743497815412e-08 9.10312536461788e-08 9.22016951676596e-08 9.39877722316851e-08 9.57622674491176e-08 9.55228145471665e-08 9.51244132352258e-08 9.39174569225543e-08 9.25747869473525e-08 9.0904428873273e-08 8.93745095709164e-08 8.8037388934481e-08 8.73542660428939e-08 8.72062315693256e-08 8.68722409563816e-08 8.64501785713401e-08 8.43023144625477e-08 8.17420939824842e-08 7.93653995856403e-08 7.70349686263216e-08 7.51944213561728e-08 7.3570355141328e-08 7.28522735471415e-08 7.25103319609843e-08 7.29624645146032e-08 7.36661931455274e-08 7.46774233562064e-08 7.57035039100629e-08 7.67403989243576e-08 7.804735702166e-08 7.94661474401437e-08 8.04339137516763e-08 8.13130114352134e-08 8.15540772691747e-08 8.17648171391738e-08 8.19101941829103e-08 8.19671299723268e-08 8.17131251551473e-08 8.18235292854297e-08
9.58168513420787e-08 9.52446725932532e-08 9.39556557000287e-08 9.22953162785234e-08 9.04350372366025e-08 9.04817625269061e-08 9.10708450874154e-08 9.33203878616951e-08 9.56748493763371e-08 9.62729558295905e-08 9.66935544965963e-08 9.62112025604256e-08 9.5500212182742e-08 9.42371656265095e-08 9.31672445858567e-08 9.23624696724801e-08 9.18639102565066e-08 9.16159024200169e-08 9.09103974322534e-08 8.99881840155103e-08 8.67836007500955e-08 8.30336830404121e-08 8.00063730821421e-08 7.70980150832656e-08 7.51982938140827e-08 7.35520515604549e-08 7.29666354004621e-08 7.2696643371728e-08 7.30925293623841e-08 7.38489163154554e-08 7.50459108189716e-08 7.63467227216097e-08 7.77231718984694e-08 7.94468704157225e-08 8.13143898881208e-08 8.25398629444862e-08 8.3639129400126e-08 8.43016536578034e-08 8.48435988132223e-08 8.43656948745775e-08 8.38500326949543e-08 8.32015913942996e-08 8.27883113174721e-08
