Ecospace-environmental-drivers/Outputs/ASCII-for-ecospace/MOM6-ISIMIP3a/chl/1997-04_chl_MOM6-ISIMIP3a.asc
NCOLS 131 
NROWS 53 
XLLCORNER -98 
YLLCORNER 23.9265270233154 
CELLSIZE 0.133587792515755 
NODATA_value -9999 
[rows 19 to 37 of 53, columns 43 to 85 of 131]
1.48291940149647e-06 1.48535980315501e-06 1.48800666011084e-06 1.49678135130671e-06 1.50885568928061e-06 1.51677704707254e-06 1.52351731230738e-06 1.53120981849497e-06 1.53836310801125e-06 1.52832558342197e-06 1.51997483044397e-06 1.52020402310882e-06 1.51632343659003e-06 1.50251901231968e-06 1.4708388107465e-06 1.41461737257487e-06 1.35486175167898e-06 1.29221473343932e-06 1.21540131203801e-06 1.13187763872702e-06 1.09843620066385e-06 1.07696109807875e-06 1.05006404282904e-06 1.02460921880265e-06 1.02556828096567e-06 1.02341596175393e-06 1.00824161108903e-06 9.93946059679729e-07 9.81505536401528e-07 9.72332372839446e-07 9.67152800512849e-07 9.68737708717526e-07 9.75249918155896e-07 9.7264751275361e-07 9.6627059065213e-07 9.28723011384136e-07 8.85047995780042e-07 8.42787926558231e-07 8.07166998129105e-07 8.35890261896566e-07 8.6407743538075e-07 8.90379624252091e-07 9.06507636955212e-07
1.24515815969062e-06 1.24488428809855e-06 1.24093332942721e-06 1.24403004519991e-06 1.25092162761575e-06 1.2541878504635e-06 1.2564229336931e-06 1.26011184420349e-06 1.26366228414554e-06 1.25945553008933e-06 1.25657845728711e-06 1.26046495552146e-06 1.26151633139671e-06 1.25572148590436e-06 1.23219354009052e-06 1.1843204674733e-06 1.14083582047897e-06 1.1009417448804e-06 1.05363676539127e-06 1.00282136372698e-06 9.79515448307211e-07 9.62782564783993e-07 9.41346058880299e-07 9.21098717299174e-07 9.22862227525911e-07 9.24113805922389e-07 9.23222785331745e-07 9.21673631637532e-07 9.18735167942941e-07 9.1549935632429e-07 9.1190020157228e-07 9.11155268568109e-07 9.12489213078516e-07 9.0225643134545e-07 8.87233511548402e-07 8.4828423041472e-07 8.04631611117657e-07 7.67876770169096e-07 7.37430923436477e-07 7.66121786455187e-07 7.95618007032317e-07 8.27945655146323e-07 8.48648312512523e-07
9.91083766166412e-07 9.90619128060644e-07 9.82875803856587e-07 9.82737105914566e-07 9.86693180493603e-07 9.85810288511857e-07 9.83551331046328e-07 9.81244852482632e-07 9.79047740656824e-07 9.79934611677891e-07 9.81633547780802e-07 9.8746374987968e-07 9.92370132735232e-07 9.95045979834686e-07 9.81667994892632e-07 9.46250167999096e-07 9.24888979625393e-07 9.15028465442447e-07 9.04199396245531e-07 8.9291148697157e-07 8.76981289366086e-07 8.59941849284951e-07 8.48396553010389e-07 8.38244375245267e-07 8.42874840145669e-07 8.47681405957701e-07 8.53225515129452e-07 8.57537600040814e-07 8.59248928009038e-07 8.58257578784105e-07 8.5396311533259e-07 8.49117895995732e-07 8.43871532651974e-07 8.26068060177931e-07 8.03064324372826e-07 7.64887204240949e-07 7.23727339391189e-07 6.93835943366139e-07 6.69611608827836e-07 6.96672032063361e-07 7.25869369944121e-07 7.62580498303578e-07 7.86506916483631e-07
7.4907995895046e-07 7.5910247687716e-07 7.66434425258922e-07 7.78465675921325e-07 7.93027311374317e-07 8.00910584075609e-07 8.06894547622505e-07 8.08280731234845e-07 8.09279413260811e-07 8.1252329664494e-07 8.1558755482547e-07 8.17738111891231e-07 8.21003652617946e-07 8.26961468192167e-07 8.22468450678571e-07 8.03627870027412e-07 7.95973107869941e-07 7.97470363522734e-07 7.94221080013813e-07 7.8872346875869e-07 7.78783714849851e-07 7.67782580624043e-07 7.64573485412257e-07 7.62499325901445e-07 7.69152848079102e-07 7.75719058765389e-07 7.8191987995524e-07 7.85781139711617e-07 7.84703388490016e-07 7.78669573264779e-07 7.66578409638896e-07 7.5366659757492e-07 7.40157076961623e-07 7.21251069535356e-07 7.00110206253157e-07 6.69619964810408e-07 6.37291805105633e-07 6.13040754160465e-07 5.92519540987269e-07 6.05511445428419e-07 6.23172013547446e-07 6.57247767321678e-07 6.83128462242166e-07
5.13893382958486e-07 5.34659761797229e-07 5.57709995518962e-07 5.82621566991293e-07 6.08535458468396e-07 6.25986729119177e-07 6.41031192571972e-07 6.47119122731965e-07 6.52301707759761e-07 6.57792611491459e-07 6.62115894556337e-07 6.60499893001543e-07 6.61840545035375e-07 6.70320389417611e-07 6.73894589908741e-07 6.70734038976661e-07 6.74908960718312e-07 6.85085524310125e-07 6.86781504555256e-07 6.84460360389494e-07 6.80402536090696e-07 6.75929697990796e-07 6.80735524838383e-07 6.8638013317468e-07 6.94955303970346e-07 7.03071691532386e-07 7.09267965248728e-07 7.1202572371476e-07 7.07524350218591e-07 6.95951712259557e-07 6.75736487210088e-07 6.54726648008364e-07 6.3313797227238e-07 6.13825875461771e-07 5.95456640439807e-07 5.7327980584887e-07 5.50354457118374e-07 5.31656269231462e-07 5.14715623012307e-07 5.13415045588772e-07 5.19158618317306e-07 5.49669891825033e-07 5.77057733153197e-07
3.7587724932564e-07 3.98069857965311e-07 4.23497510837478e-07 4.53455811566528e-07 4.85853661302826e-07 5.09709366269817e-07 5.31135697201535e-07 5.46281000879389e-07 5.60600994958804e-07 5.69995791011024e-07 5.77899925247038e-07 5.78220976876764e-07 5.79926279442589e-07 5.84973918194009e-07 5.84726763008803e-07 5.77210414576257e-07 5.72929536701849e-07 5.71295800000371e-07 5.71144312289107e-07 5.71694840800774e-07 5.73485749555402e-07 5.75573039895971e-07 5.8506770983513e-07 5.95064136632573e-07 6.04957108407689e-07 6.13446331954037e-07 6.16061015534797e-07 6.14957741618127e-07 6.06005642111995e-07 5.89954652241431e-07 5.65227423976467e-07 5.40634800927364e-07 5.16140232775797e-07 4.99703958212194e-07 4.86604903926491e-07 4.74303135433729e-07 4.62158084246767e-07 4.49120022949501e-07 4.36937483527799e-07 4.33435559443751e-07 4.35254065678237e-07 4.55779570529558e-07 4.78907907108805e-07
2.51563164965773e-07 2.74082566420475e-07 3.00714162904114e-07 3.3427878065595e-07 3.71576504676341e-07 4.0089312847158e-07 4.27939937708288e-07 4.50602868795613e-07 4.72437079679366e-07 4.84012900869857e-07 4.938426627632e-07 4.94790469929285e-07 4.95923018206668e-07 4.97501616791851e-07 4.93455502237339e-07 4.81687322917423e-07 4.70476095415506e-07 4.59720524759177e-07 4.58222984889289e-07 4.61110801097675e-07 4.68416743615307e-07 4.76778353686313e-07 4.9062424523072e-07 5.04618014929292e-07 5.15280930812878e-07 5.23744915881252e-07 5.23005951436062e-07 5.18473427746358e-07 5.05932348460192e-07 4.86551243739086e-07 4.58810205827831e-07 4.32213738577047e-07 4.06450965328986e-07 3.93033815271338e-07 3.84729361257996e-07 3.81299400942225e-07 3.78827650138192e-07 3.71329690551647e-07 3.6393618074726e-07 3.59381232328815e-07 3.58464944838488e-07 3.70342235100907e-07 3.89466293881924e-07
1.873288653087e-07 2.05354155013993e-07 2.28044385153225e-07 2.58899660821044e-07 2.94151419666377e-07 3.24791756156628e-07 3.54120601286922e-07 3.77549753238782e-07 3.99781328042081e-07 4.05983541895694e-07 4.10481590051859e-07 4.06310704192947e-07 4.02760264250901e-07 4.00707875769513e-07 3.92961283068871e-07 3.77397327611106e-07 3.65944288205355e-07 3.57854702315308e-07 3.57210126367136e-07 3.60092059281669e-07 3.71449772273991e-07 3.84832617328357e-07 4.01549357320619e-07 4.17986257161829e-07 4.27017027959664e-07 4.33709686831207e-07 4.30617063784666e-07 4.24548403543668e-07 4.12197096011369e-07 3.94520213831129e-07 3.70334305443976e-07 3.48657124504825e-07 3.28807232108375e-07 3.19037582130477e-07 3.13442512833717e-07 3.14485333774428e-07 3.16833052238508e-07 3.14348852725743e-07 3.11879858827524e-07 3.11307104539083e-07 3.12874846031264e-07 3.21968741445744e-07 3.38207627237352e-07
1.393319877252e-07 1.52700195599209e-07 1.70861397918998e-07 1.97392751033476e-07 2.28431048299171e-07 2.57675480952457e-07 2.86409743921467e-07 3.08486676203756e-07 3.29128226894682e-07 3.29414461930355e-07 3.28186359865867e-07 3.19254922942491e-07 3.11712369693851e-07 3.07523407627741e-07 2.98404955856313e-07 2.82518954008992e-07 2.72921738542209e-07 2.68469875663868e-07 2.69725802581888e-07 2.73685401452894e-07 2.87738430415629e-07 3.04203126688662e-07 3.21798893310188e-07 3.38794734489056e-07 3.45928100387027e-07 3.50807596305458e-07 3.46254552141545e-07 3.39388520842476e-07 3.27639583019845e-07 3.12287340875628e-07 2.9253109801175e-07 2.75901527402311e-07 2.61549388369531e-07 2.55269071658404e-07 2.52331574301934e-07 2.56764877804017e-07 2.62647091631152e-07 2.64098929392276e-07 2.65588340653267e-07 2.69047802703426e-07 2.7337324581822e-07 2.80743591929422e-07 2.94462722649769e-07
1.26762785157553e-07 1.35118256139322e-07 1.4746832732726e-07 1.66153000691338e-07 1.88248577615013e-07 2.10163406677566e-07 2.32026820867759e-07 2.48129282454101e-07 2.62844679355112e-07 2.56031540857293e-07 2.482166792106e-07 2.35306018225856e-07 2.25278782295391e-07 2.22213813572125e-07 2.16804096453416e-07 2.08175336524619e-07 2.050107497098e-07 2.06316769890691e-07 2.11758873547296e-07 2.19160156689213e-07 2.32948991651938e-07 2.48264029778511e-07 2.62392973127135e-07 2.7583672590481e-07 2.80493878790367e-07 2.83468978068413e-07 2.7940441782448e-07 2.73352867452559e-07 2.63106556985804e-07 2.51432709319488e-07 2.38014123965513e-07 2.26712216999658e-07 2.16952074083565e-07 2.13815937399886e-07 2.1342303568872e-07 2.18885247704748e-07 2.25498439476723e-07 2.28534773327738e-07 2.3187480735487e-07 2.39475639318698e-07 2.4715583890611e-07 2.5511508283671e-07 2.67111715857027e-07
1.19591135216979e-07 1.24104957421878e-07 1.31517865042952e-07 1.43462486335011e-07 1.57847225068508e-07 1.73338264630729e-07 1.8914391830549e-07 1.99795977096073e-07 2.09172611675967e-07 1.98357057001886e-07 1.87005142038288e-07 1.72924913499628e-07 1.6224387877628e-07 1.59770536356518e-07 1.56774277115801e-07 1.5306014233829e-07 1.5414843801409e-07 1.59165949753515e-07 1.67567691278236e-07 1.77572459847397e-07 1.91087352163777e-07 2.05440926492884e-07 2.16731706359496e-07 2.27247838324729e-07 2.29551702091157e-07 2.30637411391399e-07 2.26624948140852e-07 2.21037552705639e-07 2.12125343068692e-07 2.03210419158495e-07 1.9429215569744e-07 1.87029201015321e-07 1.80971923668949e-07 1.81018705802671e-07 1.83593385827407e-07 1.90273581779365e-07 1.97760840592309e-07 2.02258320314286e-07 2.06999388296936e-07 2.15201453102054e-07 2.23246161112911e-07 2.30737526862868e-07 2.40203377188664e-07
1.19210028515226e-07 1.21355540727563e-07 1.24930849665361e-07 1.31527613689286e-07 1.39751321626136e-07 1.49958154338492e-07 1.6072897324193e-07 1.66589956052121e-07 1.71366878021217e-07 1.60445026153866e-07 1.49392860748776e-07 1.3767784423635e-07 1.28646448160907e-07 1.26094931829357e-07 1.2388257175644e-07 1.22135830338266e-07 1.24734768292001e-07 1.30889247884625e-07 1.40707527407358e-07 1.52261279140475e-07 1.65489964842891e-07 1.79118856635796e-07 1.88362363928718e-07 1.96736479551873e-07 1.96841696720185e-07 1.96056930690247e-07 1.915474854286e-07 1.85983537903667e-07 1.78193459987597e-07 1.70880667837991e-07 1.64151202852736e-07 1.59305855618186e-07 1.55832893256047e-07 1.59111309017135e-07 1.65185724654293e-07 1.73321794250114e-07 1.81863114789849e-07 1.87666557849298e-07 1.93243010926381e-07 1.97592527229062e-07 2.02239775148882e-07 2.07933808837879e-07 2.13852018760008e-07
1.18940747029228e-07 1.19703173595553e-07 1.21019780863207e-07 1.24156926517571e-07 1.2827433693019e-07 1.34159122922028e-07 1.40546561055999e-07 1.43116992035175e-07 1.44899445331248e-07 1.3595585812709e-07 1.26925641552589e-07 1.1745482453307e-07 1.09792878788539e-07 1.06498632135299e-07 1.04118605293024e-07 1.02993681139196e-07 1.05667744776383e-07 1.11450042084016e-07 1.20653339763521e-07 1.31477108311628e-07 1.43102184324562e-07 1.54918708972218e-07 1.62109799362042e-07 1.68486010920788e-07 1.67626836855561e-07 1.66112300803434e-07 1.61854970315289e-07 1.56953063878973e-07 1.50690397049402e-07 1.45078573154933e-07 1.40262244485712e-07 1.37297291757932e-07 1.35680878088351e-07 1.4021190963831e-07 1.47288787388788e-07 1.55940185209147e-07 1.64901067023493e-07 1.71431821627266e-07 1.77451639160608e-07 1.79359489038688e-07 1.81548188038505e-07 1.84724342489062e-07 1.86815753977498e-07
1.18755345113186e-07 1.18873593635271e-07 1.19115718177909e-07 1.20209406873073e-07 1.2176161590105e-07 1.24045996585664e-07 1.2653860892442e-07 1.26943959344317e-07 1.26935859157129e-07 1.21533958008513e-07 1.15817371693083e-07 1.08500010753687e-07 1.01997372325968e-07 9.74619425164747e-08 9.42005584647632e-08 9.26882748331082e-08 9.43608000625318e-08 9.86390631396716e-08 1.05703712449667e-07 1.14088223313047e-07 1.23121623119005e-07 1.32310049139051e-07 1.37444828851585e-07 1.41931209896029e-07 1.41033368095123e-07 1.39644598107225e-07 1.36201236955458e-07 1.32440320044225e-07 1.28009006061802e-07 1.24172302662373e-07 1.21062342373079e-07 1.1957486378833e-07 1.19269202514261e-07 1.23568511867234e-07 1.29774889501277e-07 1.38236202928965e-07 1.4714078133693e-07 1.53964819560315e-07 1.6013397896586e-07 1.60658359504851e-07 1.61092728490075e-07 1.61210593319083e-07 1.59265809429598e-07
1.18098341772566e-07 1.17817222644589e-07 1.17370909435977e-07 1.17086223383467e-07 1.16888557499806e-07 1.16868939414871e-07 1.16899954605287e-07 1.16737723487859e-07 1.16450017628722e-07 1.1330853766367e-07 1.09756889798973e-07 1.04118733190717e-07 9.86269199643175e-08 9.34884596404117e-08 8.95737457540235e-08 8.73390533229212e-08 8.7700179562944e-08 9.01851322510083e-08 9.48373255482693e-08 1.00516089673874e-07 1.06765277507748e-07 1.13150761649194e-07 1.16608951827857e-07 1.19617155291962e-07 1.19003054521727e-07 1.18061180387485e-07 1.15747525342158e-07 1.13283022074029e-07 1.10500039340877e-07 1.08076562810311e-07 1.06092471696684e-07 1.05325320021166e-07 1.05444556197654e-07 1.09013271298863e-07 1.14010539675746e-07 1.21200713465441e-07 1.28821966427495e-07 1.34833200604589e-07 1.40315052021833e-07 1.41207735282478e-07 1.41738610182074e-07 1.40997357789274e-07 1.38165503926757e-07
1.17239217445331e-07 1.16663656513083e-07 1.15694362534668e-07 1.14316328847508e-07 1.12718218758801e-07 1.10950203691118e-07 1.09133864611977e-07 1.09088738042828e-07 1.09168965423123e-07 1.0773879921544e-07 1.05859783161577e-07 1.01697573029469e-07 9.71529487969747e-08 9.16849600685055e-08 8.72146230790349e-08 8.41139353724429e-08 8.30308621857512e-08 8.3598536093632e-08 8.57209201399201e-08 8.8579731993832e-08 9.19622067385717e-08 9.54698080590788e-08 9.7414122990358e-08 9.91205979516963e-08 9.89284174579552e-08 9.85710641998594e-08 9.75224452304246e-08 9.64209618814493e-08 9.52078522686861e-08 9.40425053386207e-08 9.29355152834432e-08 9.25641643334529e-08 9.27286407659267e-08 9.53529664116104e-08 9.8995990072126e-08 1.04451714832976e-07 1.10263769670382e-07 1.14988161215024e-07 1.19424129252366e-07 1.21435874689269e-07 1.22856491202583e-07 1.22198656526962e-07 1.1982935177457e-07
1.16043494813312e-07 1.14683878393862e-07 1.12419719755508e-07 1.10353759907866e-07 1.08394523579136e-07 1.0645377557239e-07 1.04518292687317e-07 1.04336763229185e-07 1.04305058812315e-07 1.03471364809593e-07 1.02255221179348e-07 9.90936044331647e-08 9.53448591189954e-08 9.01784389384375e-08 8.57388258168612e-08 8.22970207536855e-08 8.05232929224076e-08 8.01143471562682e-08 8.1052888845079e-08 8.26297039679957e-08 8.47553423000136e-08 8.7012111293916e-08 8.81847768141597e-08 8.92131097884885e-08 8.92246774242267e-08 8.9124043256561e-08 8.85538113948314e-08 8.7981078422672e-08 8.74030732234132e-08 8.6757701467377e-08 8.60299991245483e-08 8.58243964785288e-08 8.59990763046881e-08 8.79418919907948e-08 9.06169574932392e-08 9.44782243550435e-08 9.85726629210149e-08 1.0217804202739e-07 1.05669933248009e-07 1.08230096884654e-07 1.10369661854293e-07 1.11030338700857e-07 1.09961703742556e-07
1.14778124782333e-07 1.12533157903272e-07 1.08814433019688e-07 1.06144426581523e-07 1.04039095560893e-07 1.02251632938533e-07 1.00554565563016e-07 1.00184188056573e-07 9.99412677060718e-08 9.94733895254285e-08 9.87111832273513e-08 9.6451813647036e-08 9.34676478436813e-08 8.87333726495854e-08 8.44457872517523e-08 8.07714570782991e-08 7.84629889949429e-08 7.7272041210108e-08 7.7305223555868e-08 7.79182585119997e-08 7.91201415495379e-08 8.0462719154184e-08 8.10172977594448e-08 8.14965090967235e-08 8.16666911873654e-08 8.17549477005741e-08 8.15003460274966e-08 8.12837583907822e-08 8.11474407669266e-08 8.08693272347227e-08 8.0417912329267e-08 8.03304516239223e-08 8.05080802024349e-08 8.18237921862419e-08 8.36108142721059e-08 8.59065920622015e-08 8.8302371636928e-08 9.08234554231058e-08 9.33923374191181e-08 9.63828625799579e-08 9.92060193993893e-08 1.01440747357628e-07 1.0184619014808e-07
1.11745514175254e-07 1.08841689439032e-07 1.05394704519313e-07 1.02577786265101e-07 1.00100123745506e-07 9.85427561772667e-08 9.7247117025745e-08 9.67896411907532e-08 9.64178710205488e-08 9.60438981678635e-08 9.53686480897886e-08 9.31608497012348e-08 9.04826293890437e-08 8.66685212486118e-08 8.30809625540496e-08 7.98044226257844e-08 7.77565674070502e-08 7.67139880508694e-08 7.68334160738959e-08 7.75032660271791e-08 7.8601622988117e-08 7.98023762627054e-08 8.04053286174167e-08 8.09449005600982e-08 8.11597331562552e-08 8.12798219840261e-08 8.10034279652427e-08 8.07565854188397e-08 8.05721569463458e-08 8.02157842372253e-08 7.96492685140038e-08 7.93798804465951e-08 7.93269165910715e-08 8.00058117533808e-08 8.09878102359107e-08 8.25615700250637e-08 8.42516598709153e-08 8.63498499370507e-08 8.85090614133333e-08 9.11166608830172e-08 9.3587992466837e-08 9.55801766622244e-08 9.62909965096514e-08
