Ecospace-environmental-drivers/Outputs/ASCII-for-ecospace/MOM6-ISIMIP3a/chl/1997-03_chl_MOM6-ISIMIP3a.asc
NCOLS 131 
NROWS 53 
XLLCORNER -98 
YLLCORNER 23.9265270233154 
CELLSIZE 0.133587792515755 
NODATA_value -9999 
[rows 19 to 37 of 53, columns 86 to 128 of 131]
1.55696477577294e-06 1.4504233831758e-06 1.37931863264384e-06 1.29093780287803e-06 1.19137848741957e-06 1.06915547348763e-06 9.38791401949857e-07 8.14282088867913e-07 6.90692047555785e-07 5.94040272972052e-07 4.96670907068619e-07 3.92709125662805e-07 3.00295425859076e-07 2.42525118210324e-07 1.89819786555745e-07 1.45428444398021e-07 1.15091197017136e-07 9.84118884161944e-08 1.25465277278636e-07 1.77578456828087e-07 4.60798219137359e-07 8.15291855360556e-07 1.30419482502475e-06 1.80165034180391e-06 1.95323855223251e-06 2.09033896680921e-06 2.14534406950406e-06 2.1843634385732e-06 2.18198510992806e-06 -9999 -9999 -9999 -9999 -9999 -9999 -9999 -9999 -9999 -9999 -9999 -9999 -9999 -9999
1.45219769365212e-06 1.37264271415916e-06 1.32008835862507e-06 1.23990128031437e-06 1.14183478672203e-06 1.03012496310839e-06 9.13514213607414e-07 8.02056604243262e-07 6.91408104103175e-07 6.02267789417965e-07 5.12852750489401e-07 4.20331815575992e-07 3.3587150483072e-07 2.75592668685931e-07 2.18843382526757e-07 1.67887833413261e-07 1.29322373254581e-07 1.0279777740152e-07 1.05895360036357e-07 1.25967105191194e-07 3.00506002304246e-07 5.22683023973514e-07 1.01703540167364e-06 1.53869132191176e-06 1.81582959157822e-06 2.06348522624467e-06 2.14407918974757e-06 2.2026251826901e-06 2.20407446249737e-06 -9999 -9999 -9999 -9999 -9999 -9999 -9999 -9999 -9999 -9999 -9999 -9999 -9999 -9999
1.35350342134188e-06 1.29984584873455e-06 1.26105794606701e-06 1.18597108667018e-06 1.08739720872109e-06 9.84715143204085e-07 8.80557308846619e-07 7.81856556386629e-07 6.84012661622546e-07 6.05326704317122e-07 5.26775068010465e-07 4.48198989033699e-07 3.73479991822023e-07 3.10332069375363e-07 2.49316400413591e-07 1.91800722859625e-07 1.45336343848612e-07 1.09611761445194e-07 9.67236886140199e-08 9.6921432657382e-08 1.62704424155891e-07 2.48714087547341e-07 7.12465066499135e-07 1.21996868074348e-06 1.65561164067185e-06 2.04164007300278e-06 2.14653209695825e-06 2.21963296098693e-06 -9999 -9999 -9999 -9999 -9999 -9999 -9999 -9999 -9999 -9999 -9999 -9999 -9999 -9999 -9999
1.21254515761393e-06 1.18315097097366e-06 1.15878208362119e-06 1.10154712729127e-06 1.02304636584449e-06 9.21215416838095e-07 8.11003985745629e-07 7.09979929069959e-07 6.1039844467814e-07 5.442506108011e-07 4.79349807847029e-07 4.21731868982533e-07 3.65534560842207e-07 3.13599002765841e-07 2.6057091417897e-07 2.0574947257046e-07 1.58157931196001e-07 1.17592485082696e-07 9.78734249201807e-08 9.00997818575888e-08 1.18564123852138e-07 1.58204358058356e-07 4.37921812590503e-07 7.50845686070534e-07 1.26459337934648e-06 1.74511933437316e-06 2.03739682547166e-06 2.2482809072244e-06 2.24838208850997e-06 2.14869623960112e-06 -9999 -9999 -9999 -9999 -9999 -9999 -9999 -9999 -9999 -9999 -9999 -9999 -9999
1.06831907942251e-06 1.06384106857149e-06 1.05423782770231e-06 1.01425666798605e-06 9.5461939508823e-07 8.52099617532076e-07 7.34175728211994e-07 6.30389422440203e-07 5.28823022705183e-07 4.7557799121023e-07 4.24679200250466e-07 3.8824197190479e-07 3.51064414871871e-07 3.11665758090385e-07 2.67939554987606e-07 2.17109700884066e-07 1.69508098224469e-07 1.25043769116928e-07 9.96861615476519e-08 8.52771151471643e-08 8.35098674656365e-08 8.56413748806517e-08 1.77731521944224e-07 2.90558915594374e-07 8.57328927850176e-07 1.41196733238758e-06 1.89786271675985e-06 2.19151115743443e-06 1.98730208467168e-06 2.02839623852924e-06 1.92063794202113e-06 -9999 -9999 -9999 -9999 -9999 -9999 -9999 -9999 -9999 -9999 -9999 -9999
9.23818220144312e-07 9.57105839916039e-07 9.67157916420547e-07 9.1837296167796e-07 8.31517695587536e-07 7.1327514206132e-07 5.8375786693432e-07 4.89109424961498e-07 3.99936112671639e-07 3.6296566463534e-07 3.28326621001906e-07 3.07839854940539e-07 2.86754840317371e-07 2.63875108430511e-07 2.35582447771776e-07 1.98404549678344e-07 1.60630676759865e-07 1.22277626246614e-07 9.9337391645804e-08 8.52290327202354e-08 7.94928993741451e-08 7.63387717483965e-08 1.16265695737638e-07 1.66996272810138e-07 4.74959335861058e-07 8.23029154162214e-07 1.39836117796222e-06 1.82128133019432e-06 1.84950442871923e-06 1.58482112055935e-06 1.34630590764573e-06 -9999 -9999 -9999 -9999 -9999 -9999 -9999 -9999 -9999 -9999 -9999 -9999
7.7441171697501e-07 8.33708043046499e-07 8.54162806263048e-07 7.97305347077781e-07 6.90423121341155e-07 5.67197048439994e-07 4.38099988286922e-07 3.5784310625786e-07 2.85255111975857e-07 2.62083034385796e-07 2.41172017467761e-07 2.34049323921681e-07 2.26554291771208e-07 2.17942272229266e-07 2.03199221004979e-07 1.78392227212498e-07 1.50098657059061e-07 1.18416785710451e-07 9.83665060516614e-08 8.49813801551136e-08 7.62436798140698e-08 6.89392507524644e-08 6.57936922721092e-08 6.51019220754279e-08 1.53655747681114e-07 3.18317518122058e-07 9.14240047222847e-07 1.25122744520922e-06 9.17656677756895e-07 1.05210790479759e-06 -9999 -9999 -9999 -9999 -9999 -9999 -9999 -9999 -9999 -9999 -9999 -9999 -9999
6.03494868300913e-07 6.37249286228325e-07 6.27537019681768e-07 5.65813081720989e-07 4.70435139732217e-07 3.89313584037154e-07 3.13313194055809e-07 2.70483866415816e-07 2.3286304440262e-07 2.12631761087323e-07 1.94347862247923e-07 1.89248780202433e-07 1.84370676947765e-07 1.80155510065561e-07 1.70701540014306e-07 1.52648226503516e-07 1.32311598122214e-07 1.09756001620553e-07 9.46678255786537e-08 8.38586444729117e-08 7.63608127840598e-08 6.98842157476065e-08 6.35264854054185e-08 5.82168908636049e-08 1.00109367906498e-07 1.82915755431168e-07 4.97558119150199e-07 7.23856317108584e-07 7.21371691270178e-07 7.19898707757238e-07 -9999 -9999 -9999 -9999 -9999 -9999 -9999 -9999 -9999 -9999 -9999 -9999 -9999
4.47265790626261e-07 4.58094802979758e-07 4.28288842613256e-07 3.69772607200503e-07 2.92679516178396e-07 2.4682253751962e-07 2.12186051840035e-07 2.00205235501016e-07 1.91781808211999e-07 1.7334842539185e-07 1.56598773060068e-07 1.52551592691452e-07 1.49217655120992e-07 1.48023417523291e-07 1.42532286417918e-07 1.29987910213458e-07 1.16288987328517e-07 1.01468060620391e-07 9.08722839199072e-08 8.26976105372523e-08 7.6591881281729e-08 7.11242265083456e-08 6.25202360993171e-08 5.39042055436312e-08 6.1920367500079e-08 8.48093506533587e-08 1.91974223184843e-07 3.24505862181468e-07 5.22729180829629e-07 6.05981028911629e-07 -9999 -9999 -9999 -9999 -9999 -9999 -9999 -9999 -9999 -9999 -9999 -9999 -9999
3.23083213515929e-07 3.16695803803668e-07 2.88774685941462e-07 2.51082781232981e-07 2.07068708846236e-07 1.8155242287321e-07 1.62680819926209e-07 1.671940168535e-07 1.75379085476379e-07 1.56249996052793e-07 1.386501082834e-07 1.33534697965842e-07 1.29404341464578e-07 1.28229004303648e-07 1.23807012641919e-07 1.14055694666604e-07 1.04116125498876e-07 9.39935986821183e-08 8.68653984298362e-08 8.14530025650129e-08 7.70715260500765e-08 7.3007981882256e-08 6.42652224769336e-08 5.52040155810118e-08 5.72389140529594e-08 6.80759839610801e-08 1.28789992004386e-07 2.04477785814561e-07 3.18942795729527e-07 4.07677447356036e-07 -9999 -9999 -9999 -9999 -9999 -9999 -9999 -9999 -9999 -9999 -9999 -9999 -9999
2.38208698988274e-07 2.21966985236577e-07 1.95879096054341e-07 1.71126771419949e-07 1.47238623071644e-07 1.35347377749895e-07 1.2776560254224e-07 1.39976037871747e-07 1.55294216597213e-07 1.38283837713971e-07 1.22490462217684e-07 1.17183780901087e-07 1.1301664670782e-07 1.12268061513987e-07 1.09107624268745e-07 1.0198817079754e-07 9.51663352566356e-08 8.8633719030895e-08 8.41705514176283e-08 8.08932227869263e-08 7.80339703965183e-08 7.53036530909412e-08 6.67346213845121e-08 5.76017882281121e-08 5.47151159935311e-08 5.69555389517973e-08 8.82482993347367e-08 1.31387807300598e-07 2.0520656107692e-07 2.93819169883136e-07 4.03973160700843e-07 -9999 -9999 -9999 -9999 -9999 -9999 -9999 -9999 -9999 -9999 -9999 -9999
2.02786878844563e-07 1.85953069831157e-07 1.61633494144553e-07 1.39901118245689e-07 1.19842781032276e-07 1.13127747169983e-07 1.11205835651162e-07 1.2004640836949e-07 1.30576907508839e-07 1.19225987305072e-07 1.0858155974347e-07 1.04186867133649e-07 1.0093867786054e-07 1.01129934648725e-07 9.94731266246163e-08 9.47827487607356e-08 9.02714418771211e-08 8.59341398040669e-08 8.31263662348647e-08 8.11950329193678e-08 7.96038364114793e-08 7.81175302222437e-08 7.01153908266861e-08 6.13808879279532e-08 5.49058292165228e-08 5.28966133117592e-08 7.61927765324799e-08 1.17349827633006e-07 2.04760766564505e-07 2.99775365419919e-07 4.05861698027365e-07 4.55115497288716e-07 -9999 -9999 -9999 -9999 -9999 -9999 -9999 -9999 -9999 -9999 -9999
1.79463327754092e-07 1.61580700819286e-07 1.37630607355277e-07 1.18781386504452e-07 1.03232693504651e-07 9.90993171967602e-08 9.90665043332228e-08 1.04483035556768e-07 1.10755209448143e-07 1.04147041213309e-07 9.78852483513037e-08 9.47994749367354e-08 9.26459264860569e-08 9.32889889782018e-08 9.25612795299458e-08 8.95834730840761e-08 8.69302709816111e-08 8.45925285375415e-08 8.32836235531431e-08 8.25642771928869e-08 8.16706844375403e-08 8.07233462296608e-08 7.32018747839902e-08 6.48791242952029e-08 5.59888633233641e-08 5.08480262340072e-08 6.69530635377669e-08 1.06060866755797e-07 2.04738398679183e-07 3.45730114759135e-07 5.48335833627789e-07 6.76580498293333e-07 7.4038024422407e-07 7.69777443565545e-07 -9999 -9999 -9999 -9999 -9999 -9999 -9999 -9999 -9999
1.65213577929535e-07 1.45939637263837e-07 1.21309838618799e-07 1.05241198866679e-07 9.47120284422454e-08 9.12143747200389e-08 9.02425512094851e-08 9.21943765774813e-08 9.46052765016248e-08 9.20523177683208e-08 8.95984086923818e-08 8.81192647739226e-08 8.71921272960208e-08 8.79209594017993e-08 8.76914469927215e-08 8.58888284938075e-08 8.47544256998845e-08 8.42693879121725e-08 8.43419840634851e-08 8.47341112830691e-08 8.41102689719264e-08 8.31731128414503e-08 7.60676357458578e-08 6.81667060575819e-08 5.77411398694494e-08 5.03072179469655e-08 5.98252327677073e-08 9.68337161566524e-08 2.05033600764182e-07 4.216841489324e-07 7.96250617440819e-07 9.10509925233782e-07 7.99174642907019e-07 -9999 -9999 -9999 -9999 -9999 -9999 -9999 -9999 -9999 -9999
1.47523110172187e-07 1.3003749188556e-07 1.09708594209224e-07 9.74875078441073e-08 9.05125716599287e-08 8.74379679771664e-08 8.57644195662033e-08 8.58819646509801e-08 8.62807354451434e-08 8.52746211421618e-08 8.4300253888614e-08 8.3628698632765e-08 8.33550117818049e-08 8.42748946183747e-08 8.46630001660742e-08 8.41781968574651e-08 8.41274072627129e-08 8.44983887304807e-08 8.55985149428307e-08 8.7116447389235e-08 8.68522960217888e-08 8.60385398482322e-08 7.90846641507414e-08 7.13119305828513e-08 5.9791446460622e-08 5.07805602012468e-08 5.59901316421474e-08 8.7494271383548e-08 1.87092808801026e-07 4.45052023678727e-07 9.33601484121027e-07 1.47443495279731e-06 2.0605803001672e-06 1.80031304353179e-06 2.25735448111664e-06 -9999 -9999 -9999 -9999 -9999 -9999 -9999 -9999
1.28358024653608e-07 1.14023450237255e-07 1.00130023383826e-07 9.22137886050223e-08 8.81650876749518e-08 8.54223785040631e-08 8.31488122798874e-08 8.21308319132186e-08 8.13099987340138e-08 8.07756777021496e-08 8.02829802637461e-08 8.00765604935805e-08 8.02107607000835e-08 8.13668279420199e-08 8.24237318397536e-08 8.33178788184341e-08 8.41641920601433e-08 8.49640287015063e-08 8.69399769953816e-08 8.95898608632706e-08 8.97239331720812e-08 8.90821141297238e-08 8.21665295802632e-08 7.43961408034011e-08 6.19694802139747e-08 5.16885485524199e-08 5.35662181277985e-08 7.81066944455233e-08 1.61336487281005e-07 4.45882619715121e-07 1.02356705156126e-06 1.56818384766666e-06 2.08414257940603e-06 2.25735448111664e-06 2.14368560591538e-06 2.128218056896e-06 -9999 -9999 -9999 -9999 -9999 -9999 -9999
1.19040997503816e-07 1.0682090589853e-07 9.66933271229209e-08 9.03713939237605e-08 8.65118963133682e-08 8.41157827835559e-08 8.2245328769659e-08 8.14754130828987e-08 8.08783084949027e-08 8.0293865778458e-08 7.97451207290578e-08 7.9453954526798e-08 7.94862486941383e-08 8.04888884431421e-08 8.17471530467628e-08 8.34250073467047e-08 8.48340633297084e-08 8.59819024867647e-08 8.80580017792454e-08 9.06660062582887e-08 9.12185242896157e-08 9.11371245138071e-08 8.45378025360333e-08 7.70393810967107e-08 6.41998241235342e-08 5.33322577211948e-08 5.36388959915257e-08 7.10317351604317e-08 1.32672298036596e-07 3.61256354608486e-07 8.3292809449631e-07 1.32060461055516e-06 1.82215160293708e-06 2.04548450710718e-06 2.128218056896e-06 2.12204895433388e-06 -9999 -9999 -9999 -9999 -9999 -9999 -9999
1.117615511248e-07 1.01441465005792e-07 9.45273939123581e-08 8.92389522277881e-08 8.50023695875279e-08 8.29558643999917e-08 8.16960792349164e-08 8.14605058963025e-08 8.13857568005005e-08 8.06432112199218e-08 7.99271546725322e-08 7.94374841461831e-08 7.92623850998098e-08 8.00309933879362e-08 8.1393892514825e-08 8.37323099744935e-08 8.56349302580384e-08 8.71140457547881e-08 8.91297986527206e-08 9.14530602358354e-08 9.24282019809652e-08 9.29875909605471e-08 8.67620499889199e-08 7.95913877027488e-08 6.64409824935319e-08 5.51281935656789e-08 5.42281206605821e-08 6.44352624590283e-08 1.03406485152391e-07 2.58948972486905e-07 5.84231827360782e-07 1.00240424671938e-06 1.50107928220677e-06 1.83775966888788e-06 2.09257382266514e-06 2.14535521081416e-06 -9999 -9999 -9999 -9999 -9999 -9999 -9999
1.08317038893802e-07 9.8141711646349e-08 9.20254876746185e-08 8.77994281722749e-08 8.47964045647132e-08 8.37119245034046e-08 8.33166140523645e-08 8.31238580190075e-08 8.29629058785031e-08 8.22424937041433e-08 8.15145853039212e-08 8.076155921799e-08 8.02664743559944e-08 8.05451847440963e-08 8.14521143865932e-08 8.33902547014986e-08 8.51563939363587e-08 8.67553850980585e-08 8.86766997609811e-08 9.07827129026373e-08 9.20414962024552e-08 9.3038991622052e-08 8.70861853741189e-08 8.01782178427857e-08 6.77379148328328e-08 5.71577736252493e-08 5.71180791553161e-08 6.39494928122986e-08 8.85748292489552e-08 1.85842978339679e-07 3.88886888913476e-07 6.48205855213746e-07 9.56295593823597e-07 1.17912497898942e-06 1.35886693897191e-06 1.40320400987548e-06 -9999 -9999 -9999 -9999 -9999 -9999 -9999
