Ecospace-environmental-drivers/Outputs/ASCII-for-ecospace/MOM6-ISIMIP3a/chl/1997-09_chl_MOM6-ISIMIP3a.asc
NCOLS 131 
NROWS 53 
XLLCORNER -98 
YLLCORNER 23.9265270233154 
CELLSIZE 0.133587792515755 
NODATA_value -9999 
[rows 19 to 37 of 53, columns 43 to 85 of 131]
6.25866448444867e-07 6.89748446802696e-07 7.70068027122761e-07 8.47424303174193e-07 9.23185041301622e-07 9.88491024145333e-07 1.05082381196553e-06 1.07101573121327e-06 1.0859822623388e-06 1.07633070456359e-06 1.06299080471217e-06 1.03088871128421e-06 1.00469128483383e-06 9.92751324702112e-07 9.92258719634265e-07 1.00748161457886e-06 1.00878480679967e-06 9.98699078991194e-07 9.71611939348804e-07 9.36471565182728e-07 8.75967998581473e-07 8.09404241408629e-07 7.33573642719421e-07 6.56444967717107e-07 5.69688836549176e-07 4.85822454265872e-07 4.14049878827427e-07 3.55820986897015e-07 3.26183851484529e-07 3.05819810364483e-07 2.96789437470579e-07 2.98201484838501e-07 3.07219664819058e-07 3.20703065881389e-07 3.36035640202681e-07 3.47132555589269e-07 3.57396828576384e-07 3.62573331358362e-07 3.6710019912789e-07 3.67121373301416e-07 3.66905368309745e-07 3.65855584050223e-07 3.64831095112095e-07
4.50961721298881e-07 4.82887742236926e-07 5.21784386364743e-07 5.60023124762665e-07 5.97907558130828e-07 6.36684433175105e-07 6.75715057241177e-07 6.88174168317346e-07 6.9730930363221e-07 6.90131685132656e-07 6.80848984302429e-07 6.60858006540366e-07 6.47781916995882e-07 6.51402501716802e-07 6.66135974825011e-07 6.96125823651528e-07 7.1645115440333e-07 7.288692813745e-07 7.23155210380355e-07 7.08852326170017e-07 6.65206812300312e-07 6.14550344835152e-07 5.38498284186062e-07 4.61145674535146e-07 3.90256786886312e-07 3.23654859357703e-07 2.74994221172165e-07 2.37929782542778e-07 2.25345829107937e-07 2.22299703978024e-07 2.30910742970991e-07 2.4890476879591e-07 2.73733206768156e-07 2.97498843337962e-07 3.20824312893819e-07 3.34499958398737e-07 3.46278682172851e-07 3.51682615473692e-07 3.56363869968845e-07 3.56291877778858e-07 3.56072661134021e-07 3.55335686208491e-07 3.54161016957732e-07
2.96437491442703e-07 3.03757445863084e-07 3.10501235389893e-07 3.16103012210078e-07 3.21089800081609e-07 3.32486251863884e-07 3.45705586823897e-07 3.49317474501731e-07 3.51628074213295e-07 3.45357250353118e-07 3.38803005206501e-07 3.30807182535864e-07 3.3042863378796e-07 3.48442711128882e-07 3.76258441292521e-07 4.17530486629403e-07 4.53556026513979e-07 4.85289092466701e-07 4.98821577821218e-07 5.03732849210792e-07 4.7563136718054e-07 4.39642008132068e-07 3.64886631132322e-07 2.88905710021936e-07 2.33849547726095e-07 1.84541789849391e-07 1.59291744239454e-07 1.42770872457731e-07 1.44678011793076e-07 1.56631770664717e-07 1.80864560661576e-07 2.13055599829204e-07 2.51043331900291e-07 2.82936241546849e-07 3.12305132865731e-07 3.2667281857357e-07 3.38091638241167e-07 3.42683705412128e-07 3.46561620290231e-07 3.4593247733028e-07 3.45304044913064e-07 3.44677943076022e-07 3.43023089044436e-07
2.23376275698683e-07 2.25424059863144e-07 2.25712156520785e-07 2.25268919962218e-07 2.24431886408638e-07 2.27982567935214e-07 2.32781118825187e-07 2.32628522667255e-07 2.3179924824035e-07 2.26383420454113e-07 2.20855383759044e-07 2.14756596506049e-07 2.13831981454859e-07 2.25400953013377e-07 2.43974540126146e-07 2.72164498937855e-07 2.98885055372011e-07 3.24403345075552e-07 3.37331385935613e-07 3.44295727927602e-07 3.27125491139668e-07 3.04188688460272e-07 2.53544072847944e-07 2.01897307761101e-07 1.63369875849639e-07 1.29665821191338e-07 1.16148143547434e-07 1.0918459736331e-07 1.16057336185804e-07 1.31668954850284e-07 1.57961281388452e-07 1.92973544699271e-07 2.3433729268163e-07 2.71764832859844e-07 3.07562231682823e-07 3.23687061154487e-07 3.35944747575923e-07 3.38868460403319e-07 3.40955836009016e-07 3.38249975584404e-07 3.3545086353115e-07 3.32323878637908e-07 3.2803401950332e-07
1.58208322886821e-07 1.56667269379795e-07 1.52754850546444e-07 1.48580454606417e-07 1.44265001722488e-07 1.41844850531925e-07 1.39963745482419e-07 1.3667465736944e-07 1.33202320284909e-07 1.28673789845379e-07 1.24079676311339e-07 1.19152041122561e-07 1.1679168920864e-07 1.20630318178883e-07 1.28625671891314e-07 1.42327635899164e-07 1.58048010234779e-07 1.75419799575138e-07 1.86104983868063e-07 1.93622852862063e-07 1.86665744195125e-07 1.76250068761874e-07 1.50668725495962e-07 1.24322241390473e-07 1.02003532731487e-07 8.34011615324926e-08 8.03520379122347e-08 8.17815717368831e-08 9.26659211586411e-08 1.10825908450352e-07 1.37878217287835e-07 1.74513317574565e-07 2.18128391793471e-07 2.6061431412927e-07 3.02632628290667e-07 3.20646847740136e-07 3.33942438146551e-07 3.35192765987813e-07 3.35465557554926e-07 3.30546214399874e-07 3.25403277656733e-07 3.19474281695875e-07 3.12245418854218e-07
1.19879629778552e-07 1.17984633618562e-07 1.14465166234368e-07 1.10984856860341e-07 1.07525629289285e-07 1.0527607230415e-07 1.03370553006243e-07 1.00855267248789e-07 9.82609549282643e-08 9.52182972469018e-08 9.21964655731244e-08 8.92805829266763e-08 8.76149144346527e-08 8.89680435989249e-08 9.26765366671134e-08 9.96186244606179e-08 1.08108331176027e-07 1.17864239257415e-07 1.24469039519681e-07 1.29581223973219e-07 1.26842792269599e-07 1.22228570376137e-07 1.08468391601946e-07 9.42158493444367e-08 8.19420620246092e-08 7.23032940186386e-08 7.36923624344854e-08 7.82495988005394e-08 8.94950815677475e-08 1.06292993962143e-07 1.29877122390099e-07 1.62800603220603e-07 2.02526749149001e-07 2.4550470811846e-07 2.89829387156715e-07 3.10562398908587e-07 3.26657897176119e-07 3.27239888520126e-07 3.26553902141313e-07 3.19093544476345e-07 3.10985569740296e-07 3.00600703440068e-07 2.88151625227329e-07
8.5726860277191e-08 8.3654271065825e-08 8.06811755182935e-08 7.79992674893037e-08 7.54741478203869e-08 7.35530107931481e-08 7.18036474722794e-08 7.01009881254322e-08 6.84045318166682e-08 6.67465158699088e-08 6.51739284762698e-08 6.40359161252491e-08 6.30624086284115e-08 6.24860945208638e-08 6.27094252081406e-08 6.40305444221667e-08 6.640490113341e-08 6.96409898637285e-08 7.2625887526101e-08 7.54917905965158e-08 7.61521121717124e-08 7.62854455160777e-08 7.25646458477058e-08 6.86033345687065e-08 6.49950777642516e-08 6.30404244361671e-08 6.80062726132746e-08 7.50178870134732e-08 8.634826542675e-08 1.01691206566557e-07 1.21938342090289e-07 1.51026767980511e-07 1.86555084269457e-07 2.28827389037178e-07 2.73892624136352e-07 2.96743905892072e-07 3.15228504632614e-07 3.15613164048045e-07 3.14478938889806e-07 3.05055237959095e-07 2.94541621315147e-07 2.8019582032357e-07 2.63187473592552e-07
6.98843081181622e-08 6.84073881984659e-08 6.665339213896e-08 6.52272973411527e-08 6.39777582023271e-08 6.30770458087682e-08 6.22755464974034e-08 6.15558022332152e-08 6.08442149996336e-08 6.01269221078837e-08 5.9464124291253e-08 5.90784736687056e-08 5.87859858569573e-08 5.87184452172096e-08 5.89718105459269e-08 5.96657372398113e-08 6.08151822234504e-08 6.23373068719957e-08 6.37213446452733e-08 6.50399769597243e-08 6.55039471553209e-08 6.57637073686601e-08 6.42696562636047e-08 6.26952214588528e-08 6.17042630324249e-08 6.18235134197676e-08 6.65890809159464e-08 7.3102739861497e-08 8.33067659300468e-08 9.67874242974176e-08 1.14272800999515e-07 1.38984958653054e-07 1.68960994528788e-07 2.05276052156478e-07 2.44216323608271e-07 2.66552660832531e-07 2.85625048945803e-07 2.87877583105001e-07 2.88533698267202e-07 2.79679653658604e-07 2.69213046522054e-07 2.53076450462686e-07 2.34406996924008e-07
5.788244550331e-08 5.68645610599106e-08 5.60304336261197e-08 5.55603172358587e-08 5.52862111646846e-08 5.51685062077922e-08 5.50952812261585e-08 5.51142740334853e-08 5.51410792581919e-08 5.51240013635379e-08 5.51404930604349e-08 5.53277637038718e-08 5.55521175726881e-08 5.58660211424922e-08 5.61770434615028e-08 5.64841116101888e-08 5.67902382897501e-08 5.7095594030443e-08 5.73234864020833e-08 5.7514686346849e-08 5.77463126205657e-08 5.79875951700615e-08 5.80011096928956e-08 5.80453409781967e-08 5.87644493066364e-08 6.01327059257528e-08 6.42177084841933e-08 6.96791673249209e-08 7.80464475269582e-08 8.91553213477891e-08 1.036149939182e-07 1.23563879128596e-07 1.47511016734825e-07 1.77631164888226e-07 2.10307760539763e-07 2.3166552409748e-07 2.50798279921582e-07 2.55758209277701e-07 2.59102620248086e-07 2.51792528160877e-07 2.42526368765539e-07 2.26382709911377e-07 2.07942335350708e-07
5.42604041697814e-08 5.34034434451769e-08 5.28363131024889e-08 5.26679961865284e-08 5.27144159434556e-08 5.2861697241724e-08 5.30376667029486e-08 5.3262638743945e-08 5.34900692628071e-08 5.36484066060439e-08 5.38412976425207e-08 5.42099698463971e-08 5.45929523809718e-08 5.50104921615002e-08 5.54394254947965e-08 5.58839978737069e-08 5.61794202269539e-08 5.63528104180477e-08 5.63948354681543e-08 5.63746347381766e-08 5.6295402117712e-08 5.62020616712289e-08 5.61539508225906e-08 5.61407489385601e-08 5.6590447883309e-08 5.74079059845189e-08 5.97644529420904e-08 6.29644389960049e-08 6.79449954077427e-08 7.55704334665097e-08 8.64284714907626e-08 1.00769717903404e-07 1.17648085051769e-07 1.41054741220614e-07 1.67164969866462e-07 1.86532687962426e-07 2.04574973849958e-07 2.14074034943224e-07 2.22065935417959e-07 2.18425469711292e-07 2.12876571481502e-07 2.00617591872287e-07 1.86530414225672e-07
5.10551672050497e-08 5.04554407143587e-08 5.0198440959548e-08 5.02941652769096e-08 5.05798212202535e-08 5.09171940166198e-08 5.12692786003299e-08 5.16588478660651e-08 5.20497742684256e-08 5.23737568869365e-08 5.27243138037647e-08 5.32100372652167e-08 5.36840154552465e-08 5.41296429901195e-08 5.45710783228515e-08 5.50067547067101e-08 5.52580701196348e-08 5.53585479678986e-08 5.53418217918988e-08 5.52695773592404e-08 5.5159151912676e-08 5.50396030973843e-08 5.51243530821921e-08 5.52430243772051e-08 5.56511494664846e-08 5.62401609727203e-08 5.75861882623485e-08 5.93523807879137e-08 6.20055757849514e-08 6.68449118279568e-08 7.43561798799419e-08 8.41669915985221e-08 9.56527657081097e-08 1.13652617983462e-07 1.3435017365282e-07 1.51188771724264e-07 1.67268808581866e-07 1.78345672452451e-07 1.88082211138862e-07 1.86535444868241e-07 1.83447752988286e-07 1.74942144326451e-07 1.64838397154199e-07
4.83743072265952e-08 4.8152983822547e-08 4.82603645934887e-08 4.85726481258553e-08 4.89952576288033e-08 4.9428500403792e-08 4.9864770090835e-08 5.03668609042052e-08 5.08745685579015e-08 5.13519147204988e-08 5.18365688151334e-08 5.23583771894209e-08 5.28382670950123e-08 5.32169330824672e-08 5.35382547184327e-08 5.37808482192759e-08 5.39460422999127e-08 5.4047909259225e-08 5.41323537106564e-08 5.42085452082119e-08 5.44187699347276e-08 5.46610223750577e-08 5.51233121370842e-08 5.561202343074e-08 5.62652076041559e-08 5.70313218872798e-08 5.82700501183808e-08 5.96437317312848e-08 6.13023232176602e-08 6.42328714661744e-08 6.87180090608308e-08 7.53536042452652e-08 8.35555553635459e-08 9.77925367351418e-08 1.14528830863492e-07 1.28160152712553e-07 1.41181104140742e-07 1.5011019627309e-07 1.57939339828772e-07 1.56503645598605e-07 1.54296984078428e-07 1.49379545177908e-07 1.42794007729208e-07
4.68509959716812e-08 4.69243808254305e-08 4.72401531226296e-08 4.76279780059485e-08 4.80546020753536e-08 4.84934190581043e-08 4.89357034894056e-08 4.94839049736129e-08 5.00431127647971e-08 5.06067401317978e-08 5.1166246350931e-08 5.17048093229278e-08 5.21903800176915e-08 5.25479784130312e-08 5.2837616948409e-08 5.30339505644406e-08 5.32534016883801e-08 5.34917674599455e-08 5.37929274457838e-08 5.41238378559683e-08 5.46531531142591e-08 5.52298722311662e-08 5.59759456564279e-08 5.67337927748213e-08 5.74936436237294e-08 5.83015626887118e-08 5.93106541657562e-08 6.03257532816315e-08 6.1353524927199e-08 6.30815861768497e-08 6.56655458897148e-08 6.99408317927919e-08 7.54480566911298e-08 8.62142712776404e-08 9.9158405930666e-08 1.10366165984033e-07 1.21232602623422e-07 1.29609205146153e-07 1.36958476559812e-07 1.35172584236898e-07 1.32983714706825e-07 1.29377937696518e-07 1.24168749948694e-07
4.6195857805742e-08 4.65011744665844e-08 4.69083474285981e-08 4.72659600347924e-08 4.75968846558317e-08 4.79735504654855e-08 4.83632192072037e-08 4.89077223164713e-08 4.94694738506496e-08 5.00690617855071e-08 5.06589934445856e-08 5.11998123897683e-08 5.16908862380205e-08 5.20618392840788e-08 5.2386116777825e-08 5.26463139749467e-08 5.30253103647738e-08 5.35014983427118e-08 5.41060458658649e-08 5.47713909782033e-08 5.56186172673279e-08 5.65093039028852e-08 5.74688385768241e-08 5.84201451658828e-08 5.91828666074434e-08 5.99311178461903e-08 6.06188237384231e-08 6.13007742344962e-08 6.19705673443605e-08 6.30258867317934e-08 6.4552388323591e-08 6.70785667011842e-08 7.03328950635296e-08 7.78474102958171e-08 8.71262173518517e-08 9.64982262985359e-08 1.05888553036948e-07 1.14909155968235e-07 1.2284918682326e-07 1.20367175782121e-07 1.17548680123036e-07 1.13547137914338e-07 1.08107862217821e-07
4.61418352415421e-08 4.64855425263977e-08 4.68484344651188e-08 4.71796539613933e-08 4.7493816879296e-08 4.79125326080521e-08 4.83609845502997e-08 4.89722253860236e-08 4.96015957196505e-08 5.02706463123559e-08 5.09214999055985e-08 5.14797910966536e-08 5.19752560990128e-08 5.23190237800009e-08 5.26569934322652e-08 5.29870014531753e-08 5.3421050694169e-08 5.39402229549069e-08 5.45973257715104e-08 5.53197629926672e-08 5.62073552146103e-08 5.71344109800975e-08 5.81522883180696e-08 5.91529563109816e-08 5.98124003658995e-08 6.04302101692156e-08 6.08738233154327e-08 6.1269375351003e-08 6.15634618839067e-08 6.20784277316488e-08 6.2863342975561e-08 6.4439745983691e-08 6.65926478404799e-08 7.17881931677766e-08 7.82438007718156e-08 8.57285797906115e-08 9.34156787479878e-08 1.02385023126317e-07 1.10487462734454e-07 1.09657435132249e-07 1.0797779737004e-07 1.03310888732722e-07 9.76174803213326e-08
4.63454341570468e-08 4.66445833069429e-08 4.69050540630178e-08 4.72115146976648e-08 4.75427448520804e-08 4.80481752163087e-08 4.86031446200741e-08 4.93113105903831e-08 5.00361920785508e-08 5.07890618450801e-08 5.15139078061111e-08 5.20961869199255e-08 5.25955705654724e-08 5.28947836642146e-08 5.32374677675307e-08 5.36398339079369e-08 5.40841575968898e-08 5.45628040526935e-08 5.51649641522545e-08 5.58256303406779e-08 5.66346365360459e-08 5.74790881557874e-08 5.84888262267214e-08 5.94771023543217e-08 5.99877623130851e-08 6.04448118224354e-08 6.0677457724978e-08 6.08066486051939e-08 6.07174328592919e-08 6.07487820047936e-08 6.09274906082646e-08 6.18966851106961e-08 6.34416537081961e-08 6.67179733682133e-08 7.0711301702886e-08 7.6286802652703e-08 8.2173322368817e-08 9.07934420979473e-08 9.88747004271318e-08 1.00703019256798e-07 1.00920168222274e-07 9.54723375912181e-08 8.95144864898612e-08
4.66665994736104e-08 4.69844536610253e-08 4.72234269466298e-08 4.75549697398492e-08 4.79363571059821e-08 4.85302820152356e-08 4.91846527950202e-08 4.99957160116082e-08 5.08230399987042e-08 5.1656460442473e-08 5.2449760090667e-08 5.30389705488687e-08 5.35288791070343e-08 5.37790079135902e-08 5.40158424655601e-08 5.42344231746483e-08 5.44067226826428e-08 5.45411573682486e-08 5.49447172204509e-08 5.54757555448759e-08 5.62563648998093e-08 5.70966065538414e-08 5.82548906891134e-08 5.93848312746559e-08 5.97842131355719e-08 6.00989480403769e-08 6.00594205479865e-08 5.9874125213355e-08 5.93811009252931e-08 5.90400794919788e-08 5.88848294569289e-08 5.93165871975998e-08 6.01759140295144e-08 6.24923259806565e-08 6.54121663501428e-08 6.96713300385454e-08 7.41937711268292e-08 8.15393548236898e-08 8.86563356061743e-08 9.25188956557577e-08 9.45685911801775e-08 9.02442138794868e-08 8.55635917673681e-08
4.70120937734464e-08 4.73617340901455e-08 4.75959573975615e-08 4.79628923244491e-08 4.8401286534272e-08 4.90840754707733e-08 4.9836376803114e-08 5.07515665049141e-08 5.16827682872645e-08 5.259606083996e-08 5.34566702015127e-08 5.40492841594187e-08 5.45269500662471e-08 5.47270602169192e-08 5.48351621887377e-08 5.48169580838476e-08 5.46588303507178e-08 5.43862199720024e-08 5.45614575742093e-08 5.4948831262891e-08 5.57114283594728e-08 5.65636746330256e-08 5.79029233449546e-08 5.92063997828518e-08 5.95022591198813e-08 5.96784985873455e-08 5.93541287230437e-08 5.88443889171231e-08 5.79433319103373e-08 5.72529543774181e-08 5.68200739792246e-08 5.6728829633812e-08 5.68864315653173e-08 5.84414223681051e-08 6.05751182547465e-08 6.3640626990491e-08 6.68893065380871e-08 7.27688984625274e-08 7.87264795576448e-08 8.44941396849208e-08 8.83631017245534e-08 8.55561950174888e-08 8.24717716341183e-08
4.71316283778833e-08 4.75095305318973e-08 4.78130814940414e-08 4.81828870135814e-08 4.8588368883884e-08 4.92226170933918e-08 4.99219261484996e-08 5.09361335332414e-08 5.19796579112608e-08 5.29445358665726e-08 5.38497459956488e-08 5.44514442424315e-08 5.49083800649441e-08 5.50157643885996e-08 5.49953718120832e-08 5.47995568922488e-08 5.44624789711179e-08 5.40098277213019e-08 5.41693552236211e-08 5.46188623218313e-08 5.55054242568076e-08 5.64964146576585e-08 5.79447458903815e-08 5.93241793467314e-08 5.92435931423552e-08 5.89926081318026e-08 5.80284833517908e-08 5.70401361699169e-08 5.60006618854914e-08 5.51871117693281e-08 5.4649692771136e-08 5.43714939738038e-08 5.42821076976452e-08 5.52905383699454e-08 5.67536098117216e-08 5.93581646057828e-08 6.21871052430834e-08 6.70625937004843e-08 7.21325648100901e-08 7.83619711341998e-08 8.30682083119427e-08 8.24189072545778e-08 8.14483698263757e-08
