Ecospace-environmental-drivers/Outputs/ASCII-for-ecospace/MOM6-ISIMIP3a/chl/1997-11_chl_MOM6-ISIMIP3a.asc
NCOLS 131 
NROWS 53 
XLLCORNER -98 
YLLCORNER 23.9265270233154 
CELLSIZE 0.133587792515755 
NODATA_value -9999 
[rows 0 to 18 of 53, columns 43 to 85 of 131]
-9999 -9999 -9999 -9999 -9999 -9999 -9999 -9999 -9999 -9999 -9999 -9999 -9999 -9999 -9999 -9999 -9999 -9999 -9999 -9999 -9999 -9999 -9999 -9999 -9999 -9999 -9999 -9999 -9999 -9999 -9999 -9999 -9999 -9999 -9999 -9999 -9999 -9999 -9999 -9999 -9999 -9999 -9999
-9999 -9999 -9999 -9999 -9999 -9999 -9999 -9999 -9999 -9999 -9999 -9999 -9999 -9999 -9999 -9999 -9999 -9999 -9999 -9999 -9999 -9999 -9999 -9999 -9999 -9999 -9999 -9999 -9999 -9999 -9999 -9999 -9999 -9999 -9999 -9999 -9999 -9999 -9999 -9999 -9999 -9999 -9999
-9999 -9999 -9999 -9999 -9999 -9999 -9999 -9999 -9999 -9999 -9999 -9999 -9999 -9999 -9999 -9999 -9999 -9999 -9999 -9999 -9999 -9999 -9999 -9999 -9999 -9999 -9999 -9999 -9999 -9999 -9999 2.14948454413388e-06 2.13827797779231e-06 -9999 -9999 -9999 -9999 -9999 -9999 -9999 -9999 -9999 -9999
-9999 -9999 -9999 -9999 -9999 -9999 -9999 -9999 -9999 -9999 -9999 -9999 -9999 -9999 -9999 -9999 -9999 -9999 -9999 -9999 -9999 -9999 -9999 -9999 -9999 -9999 -9999 -9999 -9999 -9999 -9999 2.14809824683471e-06 2.1440660020744e-06 -9999 -9999 -9999 -9999 -9999 -9999 -9999 -9999 -9999 -9999
-9999 -9999 -9999 -9999 -9999 -9999 -9999 -9999 -9999 -9999 -9999 -9999 -9999 -9999 -9999 -9999 -9999 -9999 -9999 -9999 -9999 -9999 2.48881929110212e-06 2.48228184318577e-06 2.4770520212769e-06 2.44654484049533e-06 2.4102735096676e-06 2.32556158152875e-06 2.23826668843685e-06 2.17291471926728e-06 2.14697956835153e-06 2.14897499972722e-06 2.1483399450517e-06 2.13488306144427e-06 -9999 -9999 1.84097393685079e-06 1.61270804710512e-06 1.3751126743955e-06 1.19699177503207e-06 1.09869881725899e-06 1.03169213616638e-06 9.92205173133698e-07
-9999 -9999 -9999 -9999 -9999 -9999 -9999 -9999 -9999 -9999 -9999 -9999 -9999 -9999 -9999 -9999 -9999 -9999 2.43106455855013e-06 -9999 2.42788655668846e-06 2.42535270444932e-06 2.45750356953067e-06 2.48881929110212e-06 2.48097444455198e-06 2.4770520212769e-06 2.41603788708744e-06 2.33773062063847e-06 2.22291623686033e-06 2.15415320781176e-06 2.14167448575608e-06 2.14511101148673e-06 2.16013950193883e-06 2.13976954910322e-06 2.10474013329076e-06 2.00984754883393e-06 1.90318689874402e-06 1.60988724928757e-06 1.32505010697059e-06 1.19040066692833e-06 1.07552443751047e-06 1.03017123365134e-06 9.89380737337342e-07
-9999 -9999 -9999 -9999 -9999 -9999 -9999 -9999 -9999 -9999 -9999 -9999 -9999 -9999 2.50860352934978e-06 2.50738162321795e-06 2.50662333201035e-06 2.50488778874569e-06 2.46778108703438e-06 2.43155113821558e-06 2.43057797888468e-06 2.42772898673138e-06 2.42535270444932e-06 2.45833871304058e-06 2.48881929110212e-06 2.4770520212769e-06 2.41603788708744e-06 2.33773062063847e-06 2.22291623686033e-06 2.15415320781176e-06 2.14167448575608e-06 2.14511101148673e-06 2.16013950193883e-06 2.13976954910322e-06 2.10474013329076e-06 2.00984754883393e-06 1.90318689874402e-06 1.60988724928757e-06 1.32505010697059e-06 1.19040066692833e-06 1.07552443751047e-06 1.03017123365134e-06 9.89380737337342e-07
-9999 -9999 -9999 -9999 -9999 -9999 -9999 -9999 -9999 -9999 -9999 -9999 -9999 -9999 2.51515461968665e-06 2.50860352934978e-06 2.50615971708612e-06 -9999 2.50339712692949e-06 2.46827266892069e-06 2.43252429754648e-06 2.43057797888468e-06 2.42725604948646e-06 2.42535270444932e-06 2.46084391619661e-06 2.47015532295336e-06 2.36990172197693e-06 2.23751362682378e-06 2.03728791348112e-06 1.91121694115282e-06 1.87577802535088e-06 1.86616591690836e-06 1.87536568319047e-06 1.85109797712357e-06 1.81297014023585e-06 1.71147678429406e-06 1.59752744366415e-06 1.37229960728291e-06 1.15433113023755e-06 1.0475347380634e-06 9.58076384449669e-07 9.29579471176112e-07 9.06006448531116e-07
-9999 -9999 2.40980489252252e-06 -9999 -9999 -9999 -9999 -9999 -9999 -9999 -9999 -9999 -9999 -9999 -9999 -9999 -9999 -9999 2.50299967774481e-06 2.50347602559486e-06 2.47178513745894e-06 2.43447061620827e-06 2.43057797888468e-06 2.42583723775169e-06 2.46194827013824e-06 2.46328477260249e-06 2.31908757086785e-06 2.12705617741449e-06 1.83404222298122e-06 1.64549874170916e-06 1.58463933530584e-06 1.56018688812765e-06 1.56225246428221e-06 1.53339965436317e-06 1.49174252328521e-06 1.38353391321289e-06 1.26224290397658e-06 1.11172232664103e-06 9.67133360063599e-07 8.91064701136202e-07 8.29580528716178e-07 8.19376396066218e-07 8.14381905911432e-07
-9999 2.40980489252252e-06 2.39904193222173e-06 2.38364191318396e-06 2.37708400163683e-06 -9999 -9999 -9999 -9999 -9999 -9999 -9999 -9999 -9999 2.44830584961164e-06 2.52186941906984e-06 -9999 -9999 -9999 2.50156676884217e-06 2.51003257289995e-06 2.48227820520697e-06 2.43836325353186e-06 2.44193120124692e-06 2.48618675868784e-06 2.48336732511234e-06 2.28353565034922e-06 2.04703360395797e-06 1.7331168464807e-06 1.5230291410262e-06 1.43984186706803e-06 1.38891255119233e-06 1.36147934881592e-06 1.31940703340661e-06 1.27127214000211e-06 1.1773853429986e-06 1.07450478026294e-06 9.67112896432809e-07 8.64636376718408e-07 8.11807922218577e-07 7.69182179283234e-07 7.6242969271334e-07 7.5723829695562e-07
2.40151484831586e-06 2.40526082961878e-06 2.39675819102558e-06 2.38434404309373e-06 2.36982373280625e-06 2.36875212067389e-06 -9999 -9999 -9999 -9999 -9999 -9999 -9999 -9999 2.41736688622041e-06 2.47432535616099e-06 2.52186941906984e-06 -9999 -9999 2.4890537133615e-06 2.50704283644154e-06 2.53400139627047e-06 2.50140510615893e-06 2.46915328716568e-06 2.50146308644617e-06 2.47900402428058e-06 2.22733137889009e-06 1.95360917132348e-06 1.63333868385962e-06 1.4098227438808e-06 1.30456089664222e-06 1.22836468108289e-06 1.17333934213093e-06 1.12091913706536e-06 1.06957782008976e-06 9.91279648587806e-07 9.07682419892808e-07 8.39925974105427e-07 7.75992816670623e-07 7.43678185699537e-07 7.17553803042392e-07 7.13194651780213e-07 7.07110643816122e-07
2.40594022216101e-06 2.40475264945417e-06 2.3966265416675e-06 2.38434404309373e-06 2.36982373280625e-06 2.36660866903549e-06 2.34171670854266e-06 2.32310139836045e-06 -9999 -9999 -9999 -9999 -9999 -9999 -9999 2.45764204009902e-06 2.49956315201416e-06 2.52186941906984e-06 2.50860352934978e-06 2.4890537133615e-06 2.50704283644154e-06 2.53400139627047e-06 2.54870883509284e-06 2.5560646008671e-06 2.46866829911596e-06 2.34351614381012e-06 2.06035110750236e-06 1.78830066488445e-06 1.53971450345125e-06 1.34630238335376e-06 1.22032429317187e-06 1.12535064999975e-06 1.05296010133316e-06 1.00559498150687e-06 9.68593781180971e-07 9.12680036435631e-07 8.53048391036282e-07 8.0618923448128e-07 7.61656735903671e-07 7.35232049464685e-07 7.12966254923231e-07 7.05323316196882e-07 6.94615380325558e-07
2.39463042817079e-06 2.39642713495414e-06 2.39004862123693e-06 2.37869244301692e-06 2.36465598391078e-06 2.34770709539589e-06 2.32992988458136e-06 2.32262118515791e-06 -9999 -9999 -9999 -9999 2.33443142860779e-06 2.37615063269914e-06 2.41811471823894e-06 2.46041486207105e-06 2.49439631261339e-06 2.52157178692869e-06 2.52037216341705e-06 2.50573202720261e-06 2.52445420301228e-06 2.55114809988299e-06 2.60205592894636e-06 2.63793481281027e-06 2.43086083173694e-06 2.20759829971939e-06 1.9165836420143e-06 1.65839253440936e-06 1.46949503232463e-06 1.30447267565614e-06 1.1686304333125e-06 1.06321908788232e-06 9.79973037829041e-07 9.30941610022273e-07 8.96079598078359e-07 8.53256153732218e-07 8.08867696378002e-07 7.78518597144284e-07 7.49750029171992e-07 7.31342140625202e-07 7.14991926997754e-07 7.05876686879492e-07 6.92464595886122e-07
2.34398135035008e-06 2.36855748880771e-06 2.36735536418564e-06 2.35891138800071e-06 2.34656772590824e-06 2.33736295740528e-06 2.3290508579521e-06 2.32262118515791e-06 2.31675312534207e-06 2.32085039897356e-06 2.32409365708008e-06 2.32299225899624e-06 2.33443142860779e-06 2.37615063269914e-06 2.41811471823894e-06 2.46041486207105e-06 2.50307539317873e-06 2.54603082794347e-06 2.5615636332077e-06 2.56410680776753e-06 2.58539489550458e-06 2.61116178990051e-06 2.67051132141205e-06 2.70720215667097e-06 2.38052143686218e-06 2.07060497814382e-06 1.83084944183065e-06 1.61698744705063e-06 1.45778881233127e-06 1.31687068005704e-06 1.19829519462655e-06 1.10329597191594e-06 1.02546925973002e-06 9.57967245085456e-07 8.94741162937862e-07 8.41772703097377e-07 7.9082064985414e-07 7.6601338605542e-07 7.43916871215333e-07 7.38842970804399e-07 7.33550962195295e-07 7.27492022178922e-07 7.16175691195531e-07
2.23033748625312e-06 2.27545592679235e-06 2.28843714467075e-06 2.29568786380696e-06 2.29985289479373e-06 2.30551472668594e-06 2.31160265684593e-06 2.3114446321415e-06 2.31078251999861e-06 2.31376429837837e-06 2.31594412980485e-06 2.31404487749387e-06 2.32166507885267e-06 2.35227093980939e-06 2.3809527647245e-06 2.40699273490463e-06 2.44429998019768e-06 2.4908258637879e-06 2.51294545705605e-06 2.52350446316996e-06 2.53935922955861e-06 2.55647933045111e-06 2.59473540609179e-06 2.61006198343239e-06 2.27052146328788e-06 1.95768643607153e-06 1.75661728007981e-06 1.57529393618461e-06 1.43565546295576e-06 1.31126125779701e-06 1.20549850635143e-06 1.11951862891146e-06 1.04794810340536e-06 9.74943304754561e-07 9.01344606063503e-07 8.44450937620422e-07 7.90840999798093e-07 7.66278446917568e-07 7.45098191146099e-07 7.46450041333446e-07 7.46798320960806e-07 7.43617761145288e-07 7.34873310648254e-07
2.027629989243e-06 2.09012819141208e-06 2.13002749660518e-06 2.17104502553411e-06 2.21266463995562e-06 2.24326345232839e-06 2.27072791858518e-06 2.28446697292384e-06 2.29637089432799e-06 2.29665965889581e-06 2.2962726689002e-06 2.29244710681087e-06 2.29084935199353e-06 2.29462989409512e-06 2.29125043915701e-06 2.27804139285581e-06 2.2901560896571e-06 2.32299021263316e-06 2.33735318033723e-06 2.34296658163657e-06 2.34207846006029e-06 2.33963692153338e-06 2.31504259318172e-06 2.27765235649713e-06 2.0761726773344e-06 1.87880505109206e-06 1.69864676990983e-06 1.53319263063167e-06 1.39878011395922e-06 1.28019235035026e-06 1.18094556000869e-06 1.1020158581232e-06 1.03788465821708e-06 9.77711124505731e-07 9.19176500246977e-07 8.67151129568811e-07 8.1640536109262e-07 7.84598455538799e-07 7.56196698148415e-07 7.54207405861962e-07 7.52536038817198e-07 7.51982213387237e-07 7.46482669455872e-07
1.80788958914491e-06 1.87870227819076e-06 1.93870073417202e-06 2.00079216483573e-06 2.06401068680861e-06 2.11231349567242e-06 2.15637442124716e-06 2.18761147152691e-06 2.21662185140303e-06 2.22094854507304e-06 2.22412404582428e-06 2.22144444705918e-06 2.21549976231472e-06 2.20167066800059e-06 2.17643446376314e-06 2.13553789762955e-06 2.12307304536807e-06 2.13387033909385e-06 2.12944723898545e-06 2.1178145743761e-06 2.09637596526591e-06 2.07259449780395e-06 2.02838350560341e-06 1.97801455215085e-06 1.85844567113236e-06 1.73287298821378e-06 1.58217403622984e-06 1.43910722272267e-06 1.31215233523108e-06 1.20271943160333e-06 1.11470194497088e-06 1.04509388165752e-06 9.8889483979292e-07 9.42775670864648e-07 9.00830855243839e-07 8.59404281072784e-07 8.18079513464909e-07 7.8808926673446e-07 7.60800276111695e-07 7.55799192120321e-07 7.51427762679668e-07 7.49270157029969e-07 7.44586373002676e-07
1.57380566179199e-06 1.64529853918793e-06 1.7196540511577e-06 1.79213054707361e-06 1.86359545750747e-06 1.92351149053138e-06 1.98014299712668e-06 2.03191098080424e-06 2.08185110750492e-06 2.0958834738849e-06 2.10778352993657e-06 2.10883672480122e-06 2.10264715860831e-06 2.07896960091603e-06 2.04047000806895e-06 1.98162160813808e-06 1.9450933450571e-06 1.92682637134567e-06 1.89432955721713e-06 1.85509225048008e-06 1.80989661657804e-06 1.76327728240722e-06 1.735857949825e-06 1.70597468240885e-06 1.62103140155523e-06 1.53047631101799e-06 1.41643556617055e-06 1.30124499264639e-06 1.1836269777632e-06 1.08616870875267e-06 1.01334978808154e-06 9.54976144385e-07 9.07124388049851e-07 8.76089700341254e-07 8.5201958199832e-07 8.26017355848307e-07 7.99635358816886e-07 7.7909214724059e-07 7.59934437155607e-07 7.52198843656515e-07 7.44554427001276e-07 7.37230379854736e-07 7.31316674773552e-07
1.3377739378484e-06 1.3994030041431e-06 1.47075979839428e-06 1.55080567765253e-06 1.63553033871722e-06 1.69629743140831e-06 1.75025104454107e-06 1.79425580881798e-06 1.83679776455392e-06 1.86734018825518e-06 1.89348691037594e-06 1.89727279575891e-06 1.89325282917707e-06 1.87038449439569e-06 1.83434440259589e-06 1.78022116870125e-06 1.75539469182695e-06 1.75453806150472e-06 1.72168961398711e-06 1.6736872794354e-06 1.60941260674008e-06 1.54124995788152e-06 1.50586254221707e-06 1.47066407407692e-06 1.40544625537586e-06 1.33489470499626e-06 1.24202108509053e-06 1.14659269456752e-06 1.04577100046299e-06 9.61733917392849e-07 8.98210885225126e-07 8.47570504447503e-07 8.06313607881748e-07 7.89417413216142e-07 7.82609845373372e-07 7.73971464695933e-07 7.64973208333686e-07 7.54484688059165e-07 7.4417448558961e-07 7.36145636892616e-07 7.27584335891152e-07 7.17150840046088e-07 7.10497090494755e-07
