Ecospace-environmental-drivers/Outputs/ASCII-for-ecospace/MOM6-ISIMIP3a/chl/1998-12_chl_MOM6-ISIMIP3a.asc
NCOLS 131 
NROWS 53 
XLLCORNER -98 
YLLCORNER 23.9265270233154 
CELLSIZE 0.133587792515755 
NODATA_value -9999 
[rows 19 to 37 of 53, columns 0 to 42 of 131]
-9999 -9999 -9999 -9999 -9999 -9999 -9999 -9999 1.48240064845595e-06 1.62011997417721e-06 1.6236223245869e-06 1.63741390224459e-06 1.76263756657136e-06 1.96157111531647e-06 1.91373487723467e-06 1.81070345206535e-06 1.69848988207377e-06 1.57997067162796e-06 1.50052085245989e-06 1.43615716297063e-06 1.32250045226101e-06 1.20014499316312e-06 1.15421187274478e-06 1.11220481358032e-06 1.0889683608184e-06 1.06447703274171e-06 1.03591639799561e-06 1.00906629540987e-06 9.85201268122182e-07 9.68015456237481e-07 9.57702695814078e-07 9.61640921559592e-07 9.74260842667718e-07 9.88195893114607e-07 1.00256920632091e-06 1.01393925433513e-06 1.02487535968976e-06 1.03319086974807e-06 1.04209755136253e-06 1.05476908629498e-06 1.06240781860834e-06 1.05603635347506e-06 1.04875130091386e-06
-9999 -9999 -9999 -9999 -9999 -9999 -9999 -9999 1.35546133606113e-06 1.47162074881635e-06 1.62011997417721e-06 1.61333298365207e-06 1.63741390224459e-06 1.68892756846617e-06 1.67534676620562e-06 1.58665739036223e-06 1.49323477671714e-06 1.39656151532108e-06 1.30615910620691e-06 1.21817788567569e-06 1.11995097995532e-06 1.01991599876783e-06 9.79855940386187e-07 9.43584325341362e-07 9.27938287986763e-07 9.10793062303128e-07 8.88786814812192e-07 8.66951779698866e-07 8.45415456751653e-07 8.27086807930755e-07 8.1205877222601e-07 8.09384403055446e-07 8.14235875168379e-07 8.29499640531139e-07 8.48234094519285e-07 8.64823107349366e-07 8.81014670994773e-07 8.83186203282094e-07 8.86256884768954e-07 8.95053403837665e-07 9.01185217117018e-07 8.99899191608711e-07 8.99001690868317e-07
-9999 -9999 -9999 -9999 -9999 -9999 1.40137683501962e-06 1.39367443807714e-06 1.37561994506541e-06 1.35546133606113e-06 1.43928093621071e-06 1.62011997417721e-06 1.58246496084757e-06 1.47030141306459e-06 1.37736014949041e-06 1.3065985058347e-06 1.2366645023576e-06 1.16729893306911e-06 1.08534538867389e-06 9.98531163531879e-07 9.21529931474652e-07 8.46260434173018e-07 8.123007546601e-07 7.82073811933515e-07 7.75414548570552e-07 7.66409982588812e-07 7.49801188248966e-07 7.32511125534074e-07 7.14032296400546e-07 6.95357130098273e-07 6.7647988544195e-07 6.66449523123447e-07 6.61808542190556e-07 6.75943283567904e-07 6.96336485361826e-07 7.18575051905646e-07 7.40871428206447e-07 7.35766150228301e-07 7.32339458409115e-07 7.39602739940892e-07 7.46364378301223e-07 7.51729487546982e-07 7.58278531520773e-07
-9999 -9999 -9999 -9999 -9999 -9999 1.40146846661082e-06 1.40137683501962e-06 1.38597204113466e-06 1.35966968173307e-06 1.35546133606113e-06 1.34226149839378e-06 1.29591762743075e-06 1.18399134407809e-06 1.10320388557739e-06 1.05834601527022e-06 1.01189255019563e-06 9.64343144005397e-07 9.19538990729052e-07 8.75794796684204e-07 8.19642764327e-07 7.61301123475278e-07 7.31109651042061e-07 7.04591855082981e-07 7.03550824709964e-07 6.97448683695256e-07 6.74936472933041e-07 6.55169515084708e-07 6.40193320577964e-07 6.24538984084211e-07 6.08186894623941e-07 5.97266023305565e-07 5.89653893712239e-07 5.95160315697285e-07 6.05039588208456e-07 6.20563355369086e-07 6.36769641459978e-07 6.39418544778891e-07 6.42095471903303e-07 6.44951228423452e-07 6.4749161765576e-07 6.49154117127182e-07 6.53490758395492e-07
-9999 -9999 -9999 -9999 1.55328984874359e-06 1.44894397635653e-06 1.40379756885523e-06 1.39923088227079e-06 1.40137683501962e-06 1.37056724724971e-06 1.31127330860181e-06 1.14295346520521e-06 9.98389737105754e-07 9.00833015293756e-07 8.39672622987564e-07 8.2050797800548e-07 7.9701948152433e-07 7.70561712215567e-07 7.63665298109117e-07 7.64322237500892e-07 7.28868826627149e-07 6.87043097968854e-07 6.60547641473386e-07 6.37531059055618e-07 6.40707582988398e-07 6.36347920135449e-07 6.07552919973386e-07 5.84983467888378e-07 5.73278043702885e-07 5.60949047212489e-07 5.47978459053411e-07 5.36860795818939e-07 5.26871986039623e-07 5.23304265698243e-07 5.21876984294067e-07 5.29591034137411e-07 5.38580934517086e-07 5.49296544249955e-07 5.58336864742159e-07 5.56708357635216e-07 5.5482399829998e-07 5.52227447769837e-07 5.53667291569582e-07
-9999 -9999 -9999 -9999 1.79349262907635e-06 1.56692510699941e-06 1.49409038385784e-06 1.40379756885523e-06 1.39251824293751e-06 1.24896382658335e-06 1.10171890810307e-06 9.40348286349035e-07 8.13660790299764e-07 7.55601263335848e-07 7.21215030807798e-07 7.14144050562027e-07 7.05126922184718e-07 6.94773177656316e-07 7.01866724739375e-07 7.15697240138979e-07 6.98936503340519e-07 6.76777347052848e-07 6.55747840028198e-07 6.35767548828881e-07 6.24324229647755e-07 6.09215589975065e-07 5.82222583034309e-07 5.603906174656e-07 5.47564980024617e-07 5.39311656666541e-07 5.35763206244155e-07 5.27687120666087e-07 5.16852935561474e-07 5.06373908137903e-07 4.96013285555819e-07 4.9354628117726e-07 4.92214724090445e-07 4.97074211125437e-07 5.00767896483012e-07 4.97037262903177e-07 4.93527579692454e-07 4.90632885430387e-07 4.90143804654508e-07
-9999 -9999 -9999 -9999 -9999 1.79349262907635e-06 1.57631995989505e-06 1.58438331254729e-06 1.36300081976515e-06 1.12675422769826e-06 9.09170353224908e-07 7.6301950002744e-07 6.57848772789293e-07 6.33766376267886e-07 6.21420724655763e-07 6.2261744915304e-07 6.25155848865688e-07 6.28615623554651e-07 6.46921705538261e-07 6.70960503157403e-07 6.7066673636873e-07 6.66079074562731e-07 6.51526022465987e-07 6.35844230600924e-07 6.1257497918632e-07 5.88728937600536e-07 5.63013031751325e-07 5.41940949005948e-07 5.289728619573e-07 5.2361428970471e-07 5.2608572786994e-07 5.19330740189616e-07 5.06955075252336e-07 4.91151411097235e-07 4.74205108957904e-07 4.63728667909891e-07 4.54207366828996e-07 4.53160936331187e-07 4.51567842674194e-07 4.46493203298814e-07 4.41340006318569e-07 4.35968047440838e-07 4.32033516517549e-07
-9999 -9999 -9999 -9999 -9999 1.75823993231461e-06 1.79349262907635e-06 1.52360621541447e-06 1.24290011171979e-06 1.00188674423407e-06 7.911879151834e-07 6.96520089604746e-07 6.28829639026662e-07 6.14519819919224e-07 6.03459341164125e-07 5.96148140630248e-07 5.97457528783707e-07 6.04687045324681e-07 6.22027812369197e-07 6.43272812794748e-07 6.49687194709259e-07 6.53484391932579e-07 6.49838170829753e-07 6.43989380932908e-07 6.21144863544032e-07 5.97381927036622e-07 5.70641248032189e-07 5.5042750091161e-07 5.41603981218941e-07 5.33962122517551e-07 5.27536144545593e-07 5.14557996211806e-07 4.97588303005614e-07 4.83417295527033e-07 4.70179173817087e-07 4.61215620362054e-07 4.52851480758909e-07 4.45680740313037e-07 4.39063171597809e-07 4.35968360079642e-07 4.29091869591502e-07 4.11688148460598e-07 3.97658823203528e-07
-9999 -9999 1.68563951774559e-06 1.6930906667767e-06 1.69959116647078e-06 1.72294539879658e-06 1.75828165538405e-06 1.4448920637733e-06 1.121272475757e-06 8.92924674644746e-07 7.00443308687682e-07 6.45243630970072e-07 6.03695525569492e-07 5.89160265462851e-07 5.74664852592832e-07 5.60215312361834e-07 5.61076376470737e-07 5.72451938296581e-07 5.90020817980985e-07 6.09981157140282e-07 6.22582206233346e-07 6.33884610579116e-07 6.40106634364201e-07 6.43316695914109e-07 6.22354548340809e-07 6.00163673425413e-07 5.73988927499158e-07 5.55019425974024e-07 5.48623802387738e-07 5.39241170827154e-07 5.26785015608766e-07 5.10505174133868e-07 4.9189611672773e-07 4.78579295304371e-07 4.67026637807066e-07 4.58352985788224e-07 4.50042051625132e-07 4.36846278262237e-07 4.24336263904479e-07 4.16193529417797e-07 4.02907204488656e-07 3.75302391830701e-07 3.5308681844981e-07
-9999.000000000000000 -9999 -9999 -9999 1.65673554874957e-06 1.67623682045814e-06 1.65471044510923e-06 1.3270416729938e-06 9.96313701762119e-07 8.18665853330458e-07 6.69127700803074e-07 6.27181236723118e-07 5.87038073263102e-07 5.50463084891817e-07 5.22233904121094e-07 5.03634453252744e-07 5.05750620050094e-07 5.22093102972576e-07 5.42494149158301e-07 5.64462368402019e-07 5.82112477331975e-07 5.99000600232102e-07 6.1282497654247e-07 6.23404673660843e-07 6.07505171501543e-07 5.90135186939733e-07 5.67997176403878e-07 5.51113885194354e-07 5.43400403785199e-07 5.33460763563198e-07 5.21230447247945e-07 5.08023333622987e-07 4.94221183089394e-07 4.80060293739371e-07 4.65779805836064e-07 4.54727484111572e-07 4.44061271309693e-07 4.25056981612215e-07 4.04760697847451e-07 3.76236641841388e-07 3.46315147226051e-07 3.12503516397555e-07 2.86265731119784e-07
-9999 -9999 -9999 -9999 1.6013518688851e-06 1.57102431330713e-06 1.57956208113319e-06 1.25178030430106e-06 9.21837624900945e-07 7.74135571646184e-07 6.48324771646003e-07 6.0630429743469e-07 5.60710702757206e-07 5.08046923641814e-07 4.70233715077484e-07 4.49555784598488e-07 4.54726063026101e-07 4.77647461138986e-07 5.02467628393788e-07 5.28021018908476e-07 5.49786363990279e-07 5.7088317362286e-07 5.87468321100459e-07 6.00985003984533e-07 5.89755188684649e-07 5.76742763769289e-07 5.57950329493906e-07 5.42279565252102e-07 5.32056333213404e-07 5.20661387781729e-07 5.08060793436016e-07 4.94547293783398e-07 4.80477638120647e-07 4.63987817056477e-07 4.46691245770126e-07 4.30306641874267e-07 4.13966688483924e-07 3.86310347266772e-07 3.57209700041494e-07 3.18911105523512e-07 2.82697271813959e-07 2.52286923796419e-07 2.29300397336374e-07
-9999 -9999 -9999 -9999 1.563909449942e-06 1.55679458657687e-06 1.54800943619193e-06 1.23009931485285e-06 9.10872870463209e-07 7.67006213209243e-07 6.40747828128951e-07 5.81886467898585e-07 5.22217817433557e-07 4.60951980585378e-07 4.18775471189292e-07 3.98625132902453e-07 4.09112857369109e-07 4.40641116483675e-07 4.71876973051621e-07 5.02999910168e-07 5.27705537933798e-07 5.51278731109051e-07 5.64533422675595e-07 5.75410410874611e-07 5.68355972063728e-07 5.59118291221239e-07 5.42801842584595e-07 5.27244480963418e-07 5.13011798375373e-07 4.99031443723652e-07 4.85310636122449e-07 4.67239686940957e-07 4.46518583885336e-07 4.25831728989579e-07 4.05156271199303e-07 3.79723616106276e-07 3.53534886698981e-07 3.13649138661276e-07 2.74463275218295e-07 2.39734390561352e-07 2.10240401088413e-07 1.95319103113434e-07 1.8473443219591e-07
-9999 -9999 -9999 -9999 1.55679458657687e-06 1.54616009240272e-06 1.53367625443934e-06 1.24549524116446e-06 9.53703647610382e-07 7.97440975475183e-07 6.56270970011974e-07 5.72869339521276e-07 4.94505002279766e-07 4.26108130113789e-07 3.8159856785569e-07 3.6465121411311e-07 3.79756471602377e-07 4.16873689346176e-07 4.50862671641516e-07 4.83643702864356e-07 5.0401985163262e-07 5.22206960340554e-07 5.29803401150275e-07 5.36217839908204e-07 5.34714956756943e-07 5.30291913491965e-07 5.16400632477598e-07 5.01070644531865e-07 4.83230166992143e-07 4.65474272459687e-07 4.47805462044926e-07 4.25629963274332e-07 4.00709069481309e-07 3.75085022596977e-07 3.49226581874973e-07 3.18965049928011e-07 2.8805723673031e-07 2.51905561299282e-07 2.17489898091117e-07 1.94129938790866e-07 1.75346002606602e-07 1.69300577113063e-07 1.65422164855045e-07
-9999 -9999 -9999 -9999 1.54554368236859e-06 1.53367625443934e-06 1.30674413867382e-06 1.28869908166962e-06 1.03688148556103e-06 8.56049155117944e-07 6.89119474373001e-07 5.75402907543321e-07 4.74877282385933e-07 4.00452762505665e-07 3.55132812046577e-07 3.43394958690624e-07 3.62592828651032e-07 4.03035613771863e-07 4.37030735156441e-07 4.68536171638334e-07 4.79130505937064e-07 4.86034650748479e-07 4.86226838347648e-07 4.86811586597469e-07 4.91892535592342e-07 4.93064078455063e-07 4.81559709442081e-07 4.66542672938886e-07 4.45395585302322e-07 4.22971623947888e-07 3.99233812231614e-07 3.7329354540816e-07 3.46011603369334e-07 3.14895231667833e-07 2.82500707271538e-07 2.50574771598622e-07 2.18795165096708e-07 1.98350278424186e-07 1.79846594505761e-07 1.73705046790928e-07 1.6862384200067e-07 1.66494345421597e-07 1.65050408895695e-07
-9999 -9999 -9999 -9999 1.53367625443934e-06 1.32020420551271e-06 1.21940672670462e-06 1.15910586373502e-06 1.13167857307417e-06 9.31905447032477e-07 7.41573273899121e-07 5.87377201100026e-07 4.5977677132214e-07 3.84801694508496e-07 3.40195384751496e-07 3.30629916334146e-07 3.48798806726336e-07 3.86014107789379e-07 4.16799309732596e-07 4.45101619561683e-07 4.49273954927776e-07 4.49188121365296e-07 4.44927479748003e-07 4.4153753719911e-07 4.46165330458825e-07 4.47269457026778e-07 4.36948397464221e-07 4.21241935555372e-07 3.96137380676009e-07 3.69990857507219e-07 3.42772182193585e-07 3.15799979944131e-07 2.88977958007308e-07 2.6131343133784e-07 2.33368098179199e-07 2.10641459830185e-07 1.88720548521815e-07 1.7853960798675e-07 1.69576864550436e-07 1.68372054076826e-07 1.67071306123034e-07 1.6550346515487e-07 1.64339141406344e-07
-9999 -9999 -9999 -9999 -9999 1.23715994959639e-06 1.22098981591989e-06 1.21041523470922e-06 1.23145548514003e-06 1.01515388450935e-06 8.02429553914408e-07 6.03397552367824e-07 4.46616525096033e-07 3.7343824033087e-07 3.30198759002087e-07 3.21503989653138e-07 3.36448920279508e-07 3.67628274489107e-07 3.93825217770427e-07 4.18098295540403e-07 4.1728861788215e-07 4.12052628462334e-07 4.0460406580678e-07 3.9803447293707e-07 3.99193197608838e-07 3.97803290752563e-07 3.8814968661427e-07 3.71324233583437e-07 3.41983252383216e-07 3.12519404133127e-07 2.82929107697782e-07 2.56096171824538e-07 2.30943058454613e-07 2.10563698033184e-07 1.91775569646779e-07 1.8290415937372e-07 1.75440845850972e-07 1.73191125441008e-07 1.71038848861826e-07 1.69507103464639e-07 1.67734341971482e-07 1.65290629183801e-07 1.63482368975565e-07
-9999 -9999 -9999 -9999 -9999 1.26380825804517e-06 1.27108319247782e-06 1.29344834931544e-06 1.27432645058434e-06 1.05203832845291e-06 8.30115141070564e-07 6.09589278610656e-07 4.39528463402894e-07 3.69323856830306e-07 3.27681362932708e-07 3.18995120096588e-07 3.28498771295926e-07 3.50494218537278e-07 3.72803839354674e-07 3.95234735606209e-07 3.93463892578438e-07 3.87422204539689e-07 3.76375879795887e-07 3.65869595952972e-07 3.60776965635523e-07 3.53832035671076e-07 3.40881172178342e-07 3.21839252137579e-07 2.92167925408648e-07 2.64921709458577e-07 2.40170891174785e-07 2.20842693465784e-07 2.04817908411314e-07 1.93753024291254e-07 1.84341431008761e-07 1.8060887896354e-07 1.77663693534669e-07 1.75063675555975e-07 1.72420982380572e-07 1.69506463976177e-07 1.66562429626538e-07 1.63536199693226e-07 1.61310538260295e-07
-9999 -9999 -9999 -9999 -9999 1.28112594666163e-06 1.29935165205097e-06 1.30938610709563e-06 1.30542366605368e-06 1.07932987702952e-06 8.50937624363723e-07 6.13747431543743e-07 4.33696754953417e-07 3.66709286936384e-07 3.26711415254977e-07 3.178553242833e-07 3.21458941243691e-07 3.33619198045199e-07 3.52186447116765e-07 3.7322769230741e-07 3.71327615766859e-07 3.65379094091622e-07 3.50650196878632e-07 3.36050618443551e-07 3.24130979834081e-07 3.10997677388514e-07 2.9392924716376e-07 2.72443827498137e-07 2.43250269704731e-07 2.1936689620361e-07 2.00947582129629e-07 1.90648009379402e-07 1.85294908305877e-07 1.83964388611457e-07 1.8397470569198e-07 1.83577569146109e-07 1.83094044814425e-07 1.78430269670571e-07 1.73786602886139e-07 1.69270862215853e-07 1.65010874297877e-07 1.61462835990278e-07 1.58866626520648e-07
-9999 -9999 -9999 -9999 -9999 -9999 1.27294299545611e-06 1.29522049974184e-06 1.27627379242767e-06 1.03929153283389e-06 8.06705600098212e-07 5.90946342526877e-07 4.28155999543378e-07 3.70176195474414e-07 3.35330042844362e-07 3.27176536529805e-07 3.26269940842394e-07 3.30340128584794e-07 3.41958383387464e-07 3.56491227648803e-07 3.54914391209604e-07 3.50494673284629e-07 3.30715522522951e-07 3.10989094032266e-07 2.94505156261948e-07 2.7769095822805e-07 2.59806029134779e-07 2.40590708244781e-07 2.19053731598251e-07 2.03719210389863e-07 1.9476692614262e-07 1.90436026059615e-07 1.88920438404239e-07 1.88490119512608e-07 1.88421566349462e-07 1.87716437949348e-07 1.8688152181312e-07 1.80238956204448e-07 1.73678273540645e-07 1.6763888766036e-07 1.62181223117841e-07 1.58342913891829e-07 1.56038908016853e-07
