Ecospace-environmental-drivers/Outputs/ASCII-for-ecospace/MOM6-ISIMIP3a/chl/1998-02_chl_MOM6-ISIMIP3a.asc
NCOLS 131 
NROWS 53 
XLLCORNER -98 
YLLCORNER 23.9265270233154 
CELLSIZE 0.133587792515755 
NODATA_value -9999 
[rows 19 to 37 of 53, columns 0 to 42 of 131]
-9999 -9999 -9999 -9999 -9999 -9999 -9999 -9999 1.7505229834569e-06 1.82779137958278e-06 1.83182794444292e-06 1.84041562079074e-06 1.91202661881107e-06 2.01764487428591e-06 2.01109560293844e-06 1.99698934011394e-06 1.9368046650925e-06 1.8449760545991e-06 1.78683421836467e-06 1.74170020272868e-06 1.57422050506284e-06 1.38515054004529e-06 1.30496482597664e-06 1.2351205214145e-06 1.23158474707452e-06 1.2289599453652e-06 1.22928918244725e-06 1.23001518659294e-06 1.23143331620668e-06 1.23496920423349e-06 1.24068424156576e-06 1.24721657357441e-06 1.25424674024543e-06 1.24686425806431e-06 1.23467771118158e-06 1.23058373446838e-06 1.2275831977604e-06 1.22109008771076e-06 1.21518121432018e-06 1.21299376587558e-06 1.21596531243995e-06 1.23329800771899e-06 1.27456007703586e-06
-9999 -9999 -9999 -9999 -9999 -9999 -9999 -9999 1.6808617147035e-06 1.74291585608444e-06 1.82779137958278e-06 1.82727683295525e-06 1.84041562079074e-06 1.8780194750434e-06 1.88686999536003e-06 1.86254362688487e-06 1.78653453986044e-06 1.675032649473e-06 1.57794636379549e-06 1.48642641306651e-06 1.35575237436569e-06 1.21816879072867e-06 1.17898957796569e-06 1.14666329409374e-06 1.15348825602268e-06 1.15724208171741e-06 1.15103762254876e-06 1.14136867068737e-06 1.12565362542227e-06 1.10764381133777e-06 1.08727283532062e-06 1.07493542600423e-06 1.06749223505176e-06 1.04995160654653e-06 1.02904527921055e-06 1.02085994058143e-06 1.0145274700335e-06 1.02132605661609e-06 1.02790363598615e-06 1.03307297649735e-06 1.04053481209121e-06 1.05437845832057e-06 1.08636959339492e-06
-9999 -9999 -9999 -9999 -9999 -9999 1.57312126702891e-06 1.58721923071425e-06 1.62191997787886e-06 1.6808617147035e-06 1.7200943602802e-06 1.82779137958278e-06 1.81362349849223e-06 1.77142146640108e-06 1.73158741745283e-06 1.69448560427554e-06 1.59869580329541e-06 1.46260242672724e-06 1.33671062485519e-06 1.21475795822334e-06 1.14741465040424e-06 1.08970800738462e-06 1.0893206763285e-06 1.09145321403048e-06 1.10412497633661e-06 1.10985661194718e-06 1.0930849612123e-06 1.06935988242185e-06 1.03350043900718e-06 9.90390390143148e-07 9.39819528866792e-07 9.05009585494554e-07 8.79801177688933e-07 8.49073842346115e-07 8.16506997125543e-07 8.04141166099726e-07 7.94806965132011e-07 8.18767830423894e-07 8.41483881686145e-07 8.56272663440905e-07 8.68971824274922e-07 8.75854141213495e-07 8.92648643002758e-07
-9999 -9999 -9999 -9999 -9999 -9999 1.57011572810006e-06 1.57312126702891e-06 1.60131708071276e-06 1.63237973538344e-06 1.6808617147035e-06 1.65162987286749e-06 1.6147155292856e-06 1.5625993228241e-06 1.51307244777854e-06 1.46653303545463e-06 1.3893780987928e-06 1.29119825942325e-06 1.21858920465456e-06 1.15585396542883e-06 1.13358498765592e-06 1.11845713490766e-06 1.12709346922202e-06 1.13565852188913e-06 1.13929388589895e-06 1.13434214199515e-06 1.10154735466494e-06 1.06495394902595e-06 1.02173169125308e-06 9.71679696704086e-07 9.14600207124749e-07 8.66808079535986e-07 8.24673747956695e-07 7.88683621522068e-07 7.54741506625578e-07 7.46815771890397e-07 7.42782503948547e-07 7.79984702603542e-07 8.15465227788081e-07 8.39981908029586e-07 8.61728608470003e-07 8.75764385455113e-07 8.91096931354696e-07
-9999 -9999 -9999 -9999 1.69742077105184e-06 1.60872002652468e-06 1.56869043621555e-06 1.5685353673689e-06 1.57312126702891e-06 1.62951300808345e-06 1.64602283803106e-06 1.50988159930421e-06 1.4014876796864e-06 1.34799836359889e-06 1.29467355236557e-06 1.2415384844644e-06 1.18603406917828e-06 1.12890256787068e-06 1.11254371404357e-06 1.11192878193833e-06 1.13096848508576e-06 1.15347665996524e-06 1.16856949716748e-06 1.18124194159464e-06 1.17509648589476e-06 1.15913360332343e-06 1.11133829250321e-06 1.06318123016536e-06 1.0143927511308e-06 9.59602857619757e-07 8.9863777930077e-07 8.39432402699458e-07 7.81298979291023e-07 7.41314295282791e-07 7.07379115283402e-07 7.0469519641847e-07 7.06670846284396e-07 7.55937207941315e-07 8.03138618721277e-07 8.37189588764886e-07 8.68051529323566e-07 8.90036005785078e-07 9.0513202621878e-07
-9999 -9999 -9999 -9999 1.9008987237612e-06 1.71137401139276e-06 1.64874950314697e-06 1.56869043621555e-06 1.56379439886223e-06 1.50148173361231e-06 1.42100282118918e-06 1.2709912198261e-06 1.17045101433177e-06 1.16780074677081e-06 1.15845557502325e-06 1.14138561002619e-06 1.10852795387473e-06 1.06482832507027e-06 1.04948492207768e-06 1.0450908121129e-06 1.06647235043056e-06 1.09240238543862e-06 1.10938094621815e-06 1.12336715574202e-06 1.11405165625911e-06 1.09774077827751e-06 1.05874789824156e-06 1.01904777238815e-06 9.78113121163915e-07 9.31902036427346e-07 8.80261552538286e-07 8.23485379441991e-07 7.63580544571596e-07 7.30471924725862e-07 7.06295281815983e-07 7.11139648501558e-07 7.20266655207524e-07 7.67150368119474e-07 8.13134192867437e-07 8.53387120969273e-07 8.8964520728041e-07 9.14782560812455e-07 9.32428406485997e-07
-9999 -9999 -9999 -9999 -9999 1.9008987237612e-06 1.72715749613417e-06 1.72880868376524e-06 1.54929216478195e-06 1.38890061407437e-06 1.23006770991196e-06 1.07720074993267e-06 9.87723637990712e-07 1.02367732779385e-06 1.0441890481161e-06 1.04688319879642e-06 1.02696219528298e-06 9.91510432868381e-07 9.74139879872382e-07 9.63751062954543e-07 9.84697180683725e-07 1.01117291251285e-06 1.03133106676978e-06 1.04864034256025e-06 1.04336209005851e-06 1.03372144621972e-06 1.00993599971844e-06 9.8371492640581e-07 9.53243329604447e-07 9.15417331270874e-07 8.70023882271198e-07 8.14885538602539e-07 7.53810695641732e-07 7.25730842532357e-07 7.08649167791009e-07 7.18890362350066e-07 7.33127706098458e-07 7.77927255057875e-07 8.22859135496401e-07 8.68633833306376e-07 9.09676430183026e-07 9.37546133172873e-07 9.56876078817004e-07
-9999 -9999 -9999 -9999 -9999 1.91491903933638e-06 1.9008987237612e-06 1.71023214079469e-06 1.5120973557714e-06 1.34406400320586e-06 1.18858531550359e-06 1.08116012143e-06 1.01681894193462e-06 1.03772879356256e-06 1.02617298125551e-06 9.77156673798163e-07 9.27595976918383e-07 8.77661477716174e-07 8.44923249587737e-07 8.18825185433525e-07 8.27158544325357e-07 8.4156795310264e-07 8.70579583533981e-07 9.00021348115843e-07 9.3038289605829e-07 9.58185637500719e-07 9.77691911430156e-07 9.86970917438157e-07 9.78402681539592e-07 9.48112585774652e-07 8.95471202966291e-07 8.3850073906433e-07 7.78893081587739e-07 7.47742035400734e-07 7.26076393675612e-07 7.32368675926409e-07 7.42766928851779e-07 7.86791019891098e-07 8.31397301226389e-07 8.79711137713457e-07 9.22856600027444e-07 9.51614651967247e-07 9.68832750913862e-07
-9999 -9999 1.94964559341315e-06 1.94463814295887e-06 1.9382443952054e-06 1.92895618056355e-06 1.91490244105808e-06 1.72048316926521e-06 1.51884421484283e-06 1.34386618810822e-06 1.18570005724905e-06 1.09188340502442e-06 1.02683463865105e-06 1.01870944035909e-06 9.80136064754333e-07 9.06430159375304e-07 8.3877216638939e-07 7.75267608332797e-07 7.31089585315203e-07 6.94374193699332e-07 6.92882053954236e-07 6.97605742061569e-07 7.3299383984704e-07 7.715340757386e-07 8.30746614610689e-07 8.88542274424253e-07 9.41743792282068e-07 9.771947588888e-07 9.81669472821523e-07 9.55796735979675e-07 8.98697351203737e-07 8.44005057842878e-07 7.90779097314953e-07 7.60878720029723e-07 7.38753442419693e-07 7.43119016988203e-07 7.51368645524053e-07 7.90577928455605e-07 8.31012926028052e-07 8.79253263974533e-07 9.22738365716214e-07 9.52986113134102e-07 9.68961330727325e-07
-9999.000000000000000 -9999 -9999 -9999 1.96671408048132e-06 1.94753260984726e-06 1.95609391084872e-06 1.79363144070521e-06 1.62146557158849e-06 1.44106354582618e-06 1.26702866509731e-06 1.11736494545767e-06 9.95221853372641e-07 9.27534529182594e-07 8.72962004905276e-07 8.3352188084973e-07 7.72950386362936e-07 6.97867108101491e-07 6.50819060865615e-07 6.14596444847848e-07 6.09360199632647e-07 6.09592120781599e-07 6.45952127342753e-07 6.86971191043995e-07 7.60222633289231e-07 8.31755187391536e-07 8.97714414804796e-07 9.38984499043727e-07 9.37169886583433e-07 9.08910521957296e-07 8.53440099035652e-07 8.09993821349053e-07 7.73872613990534e-07 7.54652546675061e-07 7.41066116916045e-07 7.47917226817663e-07 7.57706629883614e-07 7.83287930516963e-07 8.11160759894847e-07 8.5362728441396e-07 8.93604976681672e-07 9.26654422528372e-07 9.43282714160887e-07
-9999 -9999 -9999 -9999 2.00713748199632e-06 2.02365322365949e-06 2.00770932679006e-06 1.8454034034221e-06 1.67263988259947e-06 1.46757554375654e-06 1.26814643408579e-06 1.09028701444913e-06 9.3504741016659e-07 8.24566313895048e-07 7.64182686907589e-07 7.6160387152413e-07 7.20626076144981e-07 6.53278050322115e-07 6.11514451520634e-07 5.79629897856648e-07 5.70553254419792e-07 5.65501522942213e-07 6.01360113705596e-07 6.42644238268986e-07 7.21675689874246e-07 7.96849064954586e-07 8.59513022533065e-07 8.96317203569197e-07 8.87993621745409e-07 8.5903224089634e-07 8.08835011412157e-07 7.76548290559731e-07 7.55172493427381e-07 7.41786607250106e-07 7.31063948933297e-07 7.3572675773903e-07 7.42576901302527e-07 7.57900124881417e-07 7.76906574628811e-07 8.19368949578347e-07 8.61058367718215e-07 9.00595978237106e-07 9.22787705803785e-07
-9999 -9999 -9999 -9999 2.03693980438402e-06 2.05022638510854e-06 2.0666320779128e-06 1.87028194886807e-06 1.65908977578511e-06 1.40515965085797e-06 1.16835258268111e-06 9.9708506695606e-07 8.38940195535542e-07 7.06761056790128e-07 6.53383835924615e-07 6.90931699409703e-07 6.85282714130153e-07 6.49968512789201e-07 6.23748348971276e-07 6.01039630510058e-07 5.88001398682536e-07 5.76669663132634e-07 6.10173231052613e-07 6.48937486857903e-07 7.2335853928962e-07 7.89471073403547e-07 8.28643806016771e-07 8.48042475354305e-07 8.3293360830794e-07 8.05389731795003e-07 7.6505034485308e-07 7.43814325687708e-07 7.3421585966571e-07 7.2056724320646e-07 7.05568709236104e-07 7.02162992638478e-07 7.0043887490101e-07 7.0974385835143e-07 7.24533435914054e-07 7.74250395352283e-07 8.24217636363755e-07 8.74881322943111e-07 9.08814229205746e-07
-9999 -9999 -9999 -9999 2.05022638510854e-06 2.07008565666911e-06 2.09339850698598e-06 1.8733459228315e-06 1.63740855896322e-06 1.35100799525389e-06 1.09097379663581e-06 9.31858664898755e-07 7.774909249747e-07 6.32516901077906e-07 5.87688020914356e-07 6.58410954201827e-07 6.85097404584667e-07 6.81542132952018e-07 6.65000186472753e-07 6.43443627268425e-07 6.32060562111292e-07 6.22472782652039e-07 6.55030248708499e-07 6.90253045831923e-07 7.39995869025734e-07 7.80587527060561e-07 7.91507545727654e-07 7.91048137216421e-07 7.70730480326165e-07 7.46284740671399e-07 7.17591262855422e-07 7.05376521636936e-07 7.03200555562944e-07 6.92044125116809e-07 6.77894263390044e-07 6.72314229177573e-07 6.67998278913728e-07 6.74758211971493e-07 6.86535770455521e-07 7.30267402104801e-07 7.79323215738259e-07 8.43199927658134e-07 8.90228534444759e-07
-9999 -9999 -9999 -9999 2.07123684958788e-06 2.09339850698598e-06 1.87112368621456e-06 1.86004865554423e-06 1.60962883910543e-06 1.3030545460424e-06 1.03040656540543e-06 8.87614078237675e-07 7.42035467737878e-07 5.90943955103285e-07 5.55819894998422e-07 6.54504162866942e-07 7.11281074927683e-07 7.39278391392872e-07 7.28015834283724e-07 7.01593592111749e-07 6.9607830255336e-07 6.9425254878297e-07 7.26920575289114e-07 7.57835664444428e-07 7.67849087424111e-07 7.70574843045324e-07 7.49671016819775e-07 7.27513963738602e-07 7.03169916960178e-07 6.8308287382024e-07 6.67376298224553e-07 6.62660852412955e-07 6.64641163439228e-07 6.58043006751541e-07 6.4858539872148e-07 6.45251759578969e-07 6.42830968899943e-07 6.49650587547512e-07 6.59319823625992e-07 6.8713609380211e-07 7.28388442894357e-07 8.07043420536502e-07 8.68183633428998e-07
-9999 -9999 -9999 -9999 2.09339850698598e-06 1.84113071100001e-06 1.73175362760958e-06 1.6577018868702e-06 1.6284944877043e-06 1.31440424411267e-06 1.03659397154843e-06 8.97648078534985e-07 7.5222902751193e-07 5.94001505760389e-07 5.61603314963577e-07 6.74392310884286e-07 7.43904251976346e-07 7.83695895734127e-07 7.65695915561082e-07 7.2538040285508e-07 7.29729663362377e-07 7.41960889172333e-07 7.58248688725871e-07 7.70328654198238e-07 7.46603632251208e-07 7.2007424023468e-07 6.84452118093759e-07 6.55162637031026e-07 6.36924255559279e-07 6.25787720309745e-07 6.219588044587e-07 6.27873021130654e-07 6.39722600226378e-07 6.44400131477596e-07 6.46686942218366e-07 6.4849155023694e-07 6.5023948536691e-07 6.53372012493492e-07 6.57773398415884e-07 6.70254848955665e-07 6.98075439231616e-07 7.68596351008455e-07 8.30859960387897e-07
-9999 -9999 -9999 -9999 -9999 1.6888513982849e-06 1.66824713687674e-06 1.67751022672746e-06 1.66735105722182e-06 1.35116988531081e-06 1.07139101146458e-06 9.30944736410311e-07 7.81986784659239e-07 6.16186810020736e-07 5.83523274144682e-07 7.04478395618935e-07 7.7928723385412e-07 8.22405297640216e-07 7.9251771012423e-07 7.3443987957944e-07 7.50366552892956e-07 7.79352717472648e-07 7.7219272043294e-07 7.59211388867698e-07 7.0431548238048e-07 6.52221388008911e-07 6.09212008839677e-07 5.79032473524421e-07 5.71242196656385e-07 5.71024031614797e-07 5.78597450839879e-07 5.96482834680501e-07 6.20650212113105e-07 6.39482266251434e-07 6.56535917187284e-07 6.64718243115203e-07 6.7160931394028e-07 6.69448922963056e-07 6.6722827796184e-07 6.64623826196475e-07 6.76600507176772e-07 7.29167595636682e-07 7.86988152867707e-07
-9999 -9999 -9999 -9999 -9999 1.65113783623383e-06 1.6665535440552e-06 1.66952918334573e-06 1.6472025663461e-06 1.34068477564142e-06 1.07066637156095e-06 9.40352208544937e-07 7.99106601334643e-07 6.36230879536015e-07 6.05389629981801e-07 7.26895393654559e-07 8.00873237949418e-07 8.42211591134401e-07 8.05210447651916e-07 7.37959510388464e-07 7.41577593998954e-07 7.5770185503643e-07 7.43989460261218e-07 7.24646099570236e-07 6.63822618207632e-07 6.07775859862159e-07 5.67217284697108e-07 5.42214479537506e-07 5.44357931175909e-07 5.54606288005743e-07 5.73194427033741e-07 5.9955959841318e-07 6.3066249822441e-07 6.54666905575141e-07 6.76305091928953e-07 6.85098711983301e-07 6.92022354087385e-07 6.85783788867411e-07 6.78990147662262e-07 6.68662039515766e-07 6.72265514367609e-07 7.14651264388522e-07 7.65484571729758e-07
-9999 -9999 -9999 -9999 -9999 1.60062484155787e-06 1.61861294145638e-06 1.65262133577926e-06 1.61484581440163e-06 1.32042339373584e-06 1.06259233234596e-06 9.44817031722778e-07 8.13611677585868e-07 6.55831968288112e-07 6.27244844508823e-07 7.47725607652683e-07 8.19604679236363e-07 8.58106830037286e-07 8.14979898677848e-07 7.40332950499578e-07 7.26700363884447e-07 7.23835000826512e-07 7.07065908045479e-07 6.85229338159843e-07 6.23701168933621e-07 5.68173334158928e-07 5.32101068984048e-07 5.13530210355384e-07 5.25500979620119e-07 5.4612229405393e-07 5.75645003664249e-07 6.09767596415622e-07 6.46692512873415e-07 6.74010721013474e-07 6.98126768838847e-07 7.06338596501155e-07 7.12237465450016e-07 7.02171973898658e-07 6.91229331550858e-07 6.74700800118444e-07 6.71476755087497e-07 7.05289323832403e-07 7.48609011225199e-07
-9999 -9999 -9999 -9999 -9999 -9999 1.5167079254752e-06 1.5336881915573e-06 1.5125385743886e-06 1.25795338590251e-06 1.03815591501188e-06 9.51510969571245e-07 8.39542678932048e-07 6.77466573506535e-07 6.38605399672088e-07 7.41914846003056e-07 8.07128230917442e-07 8.46179318614304e-07 8.07733556484891e-07 7.39363372304069e-07 6.97081304679159e-07 6.59402985547786e-07 6.48273896786122e-07 6.34064349469554e-07 5.89340174883546e-07 5.49292451523797e-07 5.24407710145169e-07 5.15161104885919e-07 5.33204399744136e-07 5.60125613446871e-07 5.96182076151308e-07 6.27968688604597e-07 6.57154146210814e-07 6.79517370372196e-07 6.99606516718632e-07 7.12137023128889e-07 7.23517416645336e-07 7.20234709206125e-07 7.14738860096986e-07 6.95149367402337e-07 6.85311476900097e-07 7.02619729509024e-07 7.33978879452479e-07
