Ecospace-environmental-drivers/Outputs/ASCII-for-ecospace/MOM6-ISIMIP3a/chl/1999-11_chl_MOM6-ISIMIP3a.asc
NCOLS 131 
NROWS 53 
XLLCORNER -98 
YLLCORNER 23.9265270233154 
CELLSIZE 0.133587792515755 
NODATA_value -9999 
[rows 19 to 37 of 53, columns 43 to 85 of 131]
1.4973388715589e-06 1.49877143940103e-06 1.46727211358666e-06 1.48262495258678e-06 1.52320569668518e-06 1.55397697199078e-06 1.58195859967236e-06 1.61434866186028e-06 1.64558571214002e-06 1.63351103310561e-06 1.61260118147766e-06 1.54674853547476e-06 1.46994022998115e-06 1.36667790684442e-06 1.2418676078596e-06 1.08747474314441e-06 9.92089326246059e-07 9.44982275541406e-07 8.92248237960303e-07 8.36848869312234e-07 8.29942962354835e-07 8.34623733680928e-07 8.25769518542074e-07 8.12332871191757e-07 7.45733245821611e-07 6.79945344472799e-07 6.17554860582459e-07 5.60894193313288e-07 5.16329578204022e-07 4.75850043812898e-07 4.40363180587156e-07 4.16093456578892e-07 3.99994149802296e-07 4.12390875226265e-07 4.36588834418217e-07 4.90928812268976e-07 5.51194034414948e-07 5.99550844526675e-07 6.44647172975965e-07 6.62201330214884e-07 6.72459236739087e-07 6.57063310427475e-07 6.28733801022463e-07
1.23007089314342e-06 1.22983351502626e-06 1.20116851576313e-06 1.19987907964969e-06 1.21333027891524e-06 1.22575556815718e-06 1.23788925066037e-06 1.26605345940334e-06 1.29443640162208e-06 1.28442286495556e-06 1.26578913750564e-06 1.20330571462546e-06 1.13032319859485e-06 1.03198999568122e-06 9.3080802798795e-07 8.25715005703387e-07 7.74798365910101e-07 7.68207314649771e-07 7.47789329125226e-07 7.20821901722957e-07 7.11851896539883e-07 7.0718209599363e-07 6.96101153607742e-07 6.82485278957756e-07 6.38384847206908e-07 5.94420839661325e-07 5.51028165318712e-07 5.1015183544223e-07 4.74587949383931e-07 4.39958114384353e-07 4.06469922609176e-07 3.86808750363343e-07 3.77218981384431e-07 3.94934204450692e-07 4.23957345674353e-07 4.73599669703617e-07 5.27295242136461e-07 5.63578453238733e-07 5.96614370351745e-07 6.04227466283191e-07 6.06944752234995e-07 5.92448202496598e-07 5.69868063848844e-07
9.59282260737382e-07 9.64299943007063e-07 9.54576080403058e-07 9.45223860071565e-07 9.36071614887624e-07 9.26577740756329e-07 9.16986664378783e-07 9.27998428323917e-07 9.40285872275126e-07 9.30076964777982e-07 9.12503367089812e-07 8.574664320804e-07 7.93164531387447e-07 7.06491448454472e-07 6.38083236026432e-07 5.94750304117042e-07 5.89736316669587e-07 6.16073918990878e-07 6.25721327196516e-07 6.27462895863573e-07 6.1972684761713e-07 6.09726214406692e-07 5.91785692449776e-07 5.72739224935503e-07 5.45535385754192e-07 5.18461490628397e-07 4.91931587021099e-07 4.64694068114113e-07 4.35962618894337e-07 4.06163650268354e-07 3.7505992622755e-07 3.61540656967918e-07 3.60829631063098e-07 3.85118170243004e-07 4.19759913938833e-07 4.62071056972491e-07 5.05889829582884e-07 5.2442914011408e-07 5.39837742508098e-07 5.33808929503721e-07 5.25974087395298e-07 5.11789096435677e-07 4.95386530019459e-07
8.6242579300233e-07 8.59834756283817e-07 8.55630787555128e-07 8.39518804696127e-07 8.16994884189626e-07 7.99556119090994e-07 7.835635074116e-07 7.83298617079708e-07 7.83787243108236e-07 7.61156513817696e-07 7.3336860850759e-07 6.79346612741938e-07 6.22606364686362e-07 5.59302634428605e-07 5.18550848482846e-07 5.08759910644585e-07 5.25393772932148e-07 5.63647802209744e-07 5.832089868818e-07 5.93915842728165e-07 5.87216106850974e-07 5.76357308545994e-07 5.60985256470303e-07 5.44874922070449e-07 5.22532275226695e-07 4.99178554491664e-07 4.71593409656634e-07 4.42719880311415e-07 4.11126421795416e-07 3.81780779434848e-07 3.55182464772952e-07 3.48771862945796e-07 3.5706568723981e-07 3.80287360712828e-07 4.0969115389089e-07 4.31337866757531e-07 4.51459726491521e-07 4.44779118424776e-07 4.36403439607602e-07 4.21164884301106e-07 4.06868991831288e-07 3.95887639115244e-07 3.85932736435279e-07
7.82429083301395e-07 7.71691816225939e-07 7.7122422226239e-07 7.48708430364786e-07 7.14320606221008e-07 6.90411468440288e-07 6.69482403736765e-07 6.58348028537148e-07 6.47286299226835e-07 6.1112046978451e-07 5.721825573346e-07 5.1914344112447e-07 4.70115367079416e-07 4.30772530535251e-07 4.16523079138642e-07 4.36723524899207e-07 4.72205670121184e-07 5.20190837960399e-07 5.48104992503795e-07 5.66511971555883e-07 5.6114208746294e-07 5.50091044715373e-07 5.37624316621077e-07 5.24648612554302e-07 5.05681043705408e-07 4.84580766624276e-07 4.54555078022167e-07 4.22984129500037e-07 3.88151022434613e-07 3.59017946038875e-07 3.36851456950171e-07 3.37078631673648e-07 3.53616997017525e-07 3.7485085613298e-07 3.98029271764244e-07 3.98658642097871e-07 3.94855391050442e-07 3.6379694279276e-07 3.3252737807743e-07 3.09055678826553e-07 2.89073938120055e-07 2.81363128351586e-07 2.7747884701057e-07
7.59850081522018e-07 7.4842529329544e-07 7.39302834062983e-07 7.14601071649668e-07 6.81510414324293e-07 6.57723489894124e-07 6.36582569768507e-07 6.13839290508622e-07 5.89873195622204e-07 5.37321625415643e-07 4.86105761865474e-07 4.41684790075669e-07 4.04273635012942e-07 3.83788488989012e-07 3.8349318742803e-07 4.10915845350246e-07 4.49837557425781e-07 4.98167480600387e-07 5.34258674633747e-07 5.6455263575117e-07 5.65607251701294e-07 5.59675527256331e-07 5.43704061328754e-07 5.26517226262513e-07 5.01679778608377e-07 4.7534896907564e-07 4.42768509856251e-07 4.10375378123717e-07 3.78377734477908e-07 3.51040455370821e-07 3.29399171050682e-07 3.27266548083571e-07 3.39343756650123e-07 3.53092019622636e-07 3.67532351219779e-07 3.58245983989036e-07 3.44295500553926e-07 3.12242974587207e-07 2.80588636769608e-07 2.59372967548188e-07 2.41303354187039e-07 2.34295498557913e-07 2.29917233696142e-07
7.32501916900219e-07 7.21086280464078e-07 7.04482999935863e-07 6.78337926274253e-07 6.47055060198909e-07 6.23579808234354e-07 6.02325087584177e-07 5.7022901955861e-07 5.35800552370347e-07 4.68361150751662e-07 4.05947076842494e-07 3.69096284202897e-07 3.41908929613055e-07 3.38055031079421e-07 3.4973567153429e-07 3.82743110094452e-07 4.25104843770896e-07 4.75120003784468e-07 5.18429260409903e-07 5.58562135211105e-07 5.63258936381317e-07 5.59488853468793e-07 5.38482993306388e-07 5.15735848694021e-07 4.84879137729877e-07 4.53752249995887e-07 4.21494860347593e-07 3.90950248174704e-07 3.64021559562389e-07 3.40221674832719e-07 3.20245788998363e-07 3.16075329465093e-07 3.23417310710283e-07 3.29739606286239e-07 3.35639640525187e-07 3.17913361413957e-07 2.95542747608124e-07 2.64238110503356e-07 2.33895860901612e-07 2.16187274304502e-07 2.01131442167934e-07 1.95402790836852e-07 1.91049011277755e-07
6.84242195347906e-07 6.75890191814688e-07 6.56953943689587e-07 6.32622572993569e-07 6.05386105689831e-07 5.83053065383865e-07 5.62114564672811e-07 5.30558168065909e-07 4.96374923386611e-07 4.20615776874911e-07 3.5173758305973e-07 3.17861946541598e-07 2.94790055477279e-07 2.97804945148528e-07 3.12787562961603e-07 3.44200316249044e-07 3.90003947359219e-07 4.47581811613418e-07 4.93904565246339e-07 5.34896059889434e-07 5.31035595940921e-07 5.16458555921417e-07 4.83710948628868e-07 4.4948782829124e-07 4.11956875723263e-07 3.77938874862593e-07 3.5862302638634e-07 3.41637360179448e-07 3.2957092344077e-07 3.16944493761184e-07 3.03633640896805e-07 2.98837022683074e-07 3.00242021467056e-07 2.99399715686377e-07 2.97626741030399e-07 2.77931803793763e-07 2.54713825142971e-07 2.31794984983935e-07 2.10205115536155e-07 2.01489314122227e-07 1.94277674836485e-07 1.92354789874116e-07 1.90298848679049e-07
6.30544832347368e-07 6.23630057816627e-07 6.02038653596537e-07 5.79183961235685e-07 5.55648966837907e-07 5.33800687207986e-07 5.12432052346412e-07 4.78503409340192e-07 4.41817434193581e-07 3.65396971346854e-07 2.96862168625012e-07 2.68440771833411e-07 2.50580768579312e-07 2.58222456750445e-07 2.74900827434976e-07 3.03985359551007e-07 3.49006455735434e-07 4.07066409024992e-07 4.50089487458172e-07 4.85989914977836e-07 4.7296782668127e-07 4.48256514573586e-07 4.09098561249266e-07 3.69201501371208e-07 3.32991987761488e-07 3.02146133890346e-07 2.93747945079303e-07 2.8797541062886e-07 2.87745848481791e-07 2.85002386135602e-07 2.79186480156568e-07 2.75496176982415e-07 2.73354146429483e-07 2.67889618044137e-07 2.61049137861846e-07 2.41623126839841e-07 2.19723091277046e-07 2.04250966362451e-07 1.9035445575355e-07 1.89524456573054e-07 1.89302483022402e-07 1.91218418876815e-07 1.91548963357491e-07
5.64983395179297e-07 5.55957115011552e-07 5.31007628978841e-07 5.08894288486772e-07 4.88308160129236e-07 4.6551005539186e-07 4.42082864537952e-07 3.99428927266854e-07 3.54244434674911e-07 2.93872233214643e-07 2.40533836404211e-07 2.22975586439134e-07 2.12719797332284e-07 2.2009663780409e-07 2.34966123002778e-07 2.60122050121936e-07 2.95143451012336e-07 3.38236560537553e-07 3.64185552825802e-07 3.82013809030468e-07 3.58511300646569e-07 3.25133498790819e-07 2.91197409296728e-07 2.58285751897347e-07 2.40842979337685e-07 2.26398469749256e-07 2.24502088030931e-07 2.24824475481e-07 2.29830817488619e-07 2.3415468319854e-07 2.37644414369242e-07 2.38840499378057e-07 2.38365970517407e-07 2.3382632718949e-07 2.27603180746883e-07 2.1332822086606e-07 1.97470455987059e-07 1.87396040018939e-07 1.78882345380771e-07 1.83522843144601e-07 1.88426056979552e-07 1.94252962160135e-07 1.97163416260082e-07
5.00301837291772e-07 4.91525042889407e-07 4.67346040977645e-07 4.4489217998489e-07 4.23367254143159e-07 3.9660190509494e-07 3.68346178447609e-07 3.24469851875619e-07 2.79094876987074e-07 2.36425975685961e-07 1.99228011865671e-07 1.89859889587751e-07 1.85068444125136e-07 1.91327856668977e-07 2.03506459683922e-07 2.2381131259408e-07 2.48492312948656e-07 2.76753695516163e-07 2.88102967260784e-07 2.9144132440706e-07 2.65631484808182e-07 2.32857175319623e-07 2.07953192443711e-07 1.84832927629941e-07 1.79804786171189e-07 1.75986670569728e-07 1.77232607256883e-07 1.8001334467499e-07 1.86034171179017e-07 1.9286480323899e-07 2.00685164486458e-07 2.05012383958092e-07 2.06795249368952e-07 2.04226111577555e-07 1.99854639504338e-07 1.90971604752121e-07 1.81201713189694e-07 1.75651308609304e-07 1.71453876873784e-07 1.78946976348016e-07 1.86729806728181e-07 1.95531413282879e-07 2.00664018734642e-07
4.3672739025169e-07 4.3117026393702e-07 4.12955870388032e-07 3.88800287964841e-07 3.61445614771583e-07 3.2691684737074e-07 2.90347770715016e-07 2.54688330869612e-07 2.19574999960059e-07 1.96691630094392e-07 1.76821714603648e-07 1.7228086335308e-07 1.70261614584888e-07 1.74331020730278e-07 1.82709086971045e-07 1.97002393065304e-07 2.10914237186444e-07 2.24513996727183e-07 2.2437640723183e-07 2.17731752627515e-07 1.99896987851389e-07 1.79388521814872e-07 1.68310279491379e-07 1.58511554104734e-07 1.57906598019508e-07 1.57449505877594e-07 1.57611211193398e-07 1.58275199169111e-07 1.59999572701963e-07 1.63599423785854e-07 1.69491457313597e-07 1.74741529690436e-07 1.79524008103726e-07 1.80240817826416e-07 1.79273897060739e-07 1.76085876546495e-07 1.72461227521126e-07 1.70335638927099e-07 1.69112652770309e-07 1.76164775211873e-07 1.8400216106329e-07 1.94600545455614e-07 2.01505216068654e-07
3.81899297963173e-07 3.77650195559909e-07 3.62903023187755e-07 3.37510755343828e-07 3.06386596093944e-07 2.70697626092442e-07 2.33710437669288e-07 2.0738065131809e-07 1.82648136615171e-07 1.71586677311097e-07 1.61979116342081e-07 1.59767324703353e-07 1.59023684886961e-07 1.6182501383355e-07 1.67529478289907e-07 1.77219575903109e-07 1.84123535973413e-07 1.8874796126056e-07 1.83422244504072e-07 1.73383369883595e-07 1.62090884714416e-07 1.50498863149551e-07 1.46822387137036e-07 1.43958544640554e-07 1.45007717833323e-07 1.45820365560212e-07 1.45643113569349e-07 1.45495093306636e-07 1.45408833418514e-07 1.46963671454614e-07 1.50524272157782e-07 1.54906956595369e-07 1.5988844381809e-07 1.62430509931255e-07 1.63962354804426e-07 1.64553810577672e-07 1.64960397341929e-07 1.65217585390565e-07 1.65973702337396e-07 1.7165790211493e-07 1.78386059701552e-07 1.8878488106111e-07 1.96121334283816e-07
3.33631135163159e-07 3.29256295117375e-07 3.16103239583754e-07 2.89823077537221e-07 2.56474578463894e-07 2.24577888729982e-07 1.93094109590675e-07 1.76928594441961e-07 1.62666253800126e-07 1.5745392545341e-07 1.52809349174277e-07 1.51052958585751e-07 1.50462469150625e-07 1.5268717845629e-07 1.5656324592328e-07 1.62706427886405e-07 1.65423486464533e-07 1.65337354474104e-07 1.59547610678601e-07 1.51056184449772e-07 1.45231368264831e-07 1.40043681540192e-07 1.38950923656012e-07 1.38231925461696e-07 1.38858410991816e-07 1.39372332341736e-07 1.39415064381865e-07 1.39433623758123e-07 1.39401109322534e-07 1.39800292231484e-07 1.40727109965155e-07 1.42899708066579e-07 1.45979711874133e-07 1.49251519587779e-07 1.52602737557572e-07 1.55537009050022e-07 1.58389326543329e-07 1.60247751068709e-07 1.62236446499264e-07 1.65857471756681e-07 1.70603584592754e-07 1.79305558845044e-07 1.86068561447428e-07
2.97249528102839e-07 2.89553099719342e-07 2.73696656449829e-07 2.48098757538173e-07 2.17255490042589e-07 1.92310579905097e-07 1.69043175901606e-07 1.59366493335256e-07 1.51284766047866e-07 1.48705623814749e-07 1.46437187709125e-07 1.45749197599798e-07 1.46077965723634e-07 1.48861829529778e-07 1.51780199075802e-07 1.54883238678849e-07 1.54423560161376e-07 1.51048922703012e-07 1.45946330576407e-07 1.40025235850771e-07 1.37180720116703e-07 1.35071317686197e-07 1.35204032858383e-07 1.35541498025304e-07 1.36617188672972e-07 1.37709946557152e-07 1.38874071353712e-07 1.39772708962482e-07 1.40110870461285e-07 1.40238185508679e-07 1.40107829338376e-07 1.40593527930832e-07 1.41527976893485e-07 1.43609028668834e-07 1.46164907732782e-07 1.48651764675378e-07 1.51125050251721e-07 1.53090951471313e-07 1.55087917619312e-07 1.57571932390965e-07 1.61064065196115e-07 1.68100754649458e-07 1.73969297634358e-07
2.65962228240824e-07 2.53574569342163e-07 2.3317292630054e-07 2.08930174494526e-07 1.82619146471552e-07 1.65980111432873e-07 1.52091800487142e-07 1.47328734101393e-07 1.43589190315652e-07 1.4226499445158e-07 1.41263996056296e-07 1.41907150918996e-07 1.43483532610844e-07 1.47313301113172e-07 1.49647135572195e-07 1.49927231518632e-07 1.46723735383603e-07 1.40670067594328e-07 1.36747999590625e-07 1.33835598603582e-07 1.32905384475634e-07 1.3244877550278e-07 1.33224844489632e-07 1.3415231592262e-07 1.36050886112571e-07 1.38098585011903e-07 1.40770424650327e-07 1.42854943874227e-07 1.43699594445934e-07 1.4393381775335e-07 1.43421985399073e-07 1.42445031769967e-07 1.41129305575305e-07 1.41196508707253e-07 1.41836437705933e-07 1.42680036674392e-07 1.43563667620583e-07 1.44996860740321e-07 1.4647737600626e-07 1.48221332096909e-07 1.50771526818971e-07 1.56156460207058e-07 1.6099295407912e-07
2.37069315289773e-07 2.21850896764408e-07 2.01266786348242e-07 1.81954035838316e-07 1.63325850621732e-07 1.53278932657486e-07 1.45672515827755e-07 1.43676842867535e-07 1.42315002449322e-07 1.4256035285598e-07 1.43068916713673e-07 1.44916313615795e-07 1.46647820997714e-07 1.48099488228581e-07 1.47560754726328e-07 1.44289472814307e-07 1.40132954129513e-07 1.35252150812448e-07 1.33132616042531e-07 1.323210483406e-07 1.32950944475851e-07 1.3392525488598e-07 1.36283077267763e-07 1.38787981995847e-07 1.42050325280252e-07 1.45659143413468e-07 1.50718094005242e-07 1.54924649109489e-07 1.57331697892005e-07 1.58908960656845e-07 1.59472065774935e-07 1.58255929250117e-07 1.55743848040402e-07 1.52667581687638e-07 1.49357674672501e-07 1.47062621635996e-07 1.44967060577983e-07 1.43393975804429e-07 1.4192593766893e-07 1.41294904665301e-07 1.41742006576351e-07 1.45979896615245e-07 1.5003512032763e-07
2.08671806944949e-07 1.91007529792842e-07 1.71143611282787e-07 1.57500522846021e-07 1.47207060763321e-07 1.433976564158e-07 1.41432323630397e-07 1.41759969096711e-07 1.42369387390318e-07 1.44249412414865e-07 1.46317617577552e-07 1.4934302328129e-07 1.5100361849818e-07 1.49368716506615e-07 1.45484037261667e-07 1.38510671376935e-07 1.33771621335654e-07 1.30860641434083e-07 1.30672361819961e-07 1.31773788325518e-07 1.33890509346202e-07 1.36249838078584e-07 1.4038357676327e-07 1.44670224244692e-07 1.49408222682723e-07 1.54703599264394e-07 1.62331616593292e-07 1.68853873105945e-07 1.73041797779661e-07 1.76217852754235e-07 1.78157222308073e-07 1.7695505505344e-07 1.73464627550857e-07 1.67011179996734e-07 1.59330625137954e-07 1.53587521367626e-07 1.4822528271452e-07 1.43134144536816e-07 1.38214332423559e-07 1.34870049350866e-07 1.32973823951943e-07 1.36169077791237e-07 1.39494929385364e-07
1.85657228257696e-07 1.70919449260509e-07 1.56467166334551e-07 1.48275418609956e-07 1.43454712997482e-07 1.43825758414096e-07 1.45673325846474e-07 1.47768147940042e-07 1.49937676496847e-07 1.53441490624573e-07 1.56275831386665e-07 1.55704654503097e-07 1.53629343913053e-07 1.479221793943e-07 1.41868369496478e-07 1.35338666495954e-07 1.31589956708922e-07 1.30116589502904e-07 1.31680991444227e-07 1.34684327690593e-07 1.37465193006392e-07 1.40192909725556e-07 1.44821854064503e-07 1.49613200051135e-07 1.54867038304474e-07 1.60341002697351e-07 1.66736199957995e-07 1.7258278717236e-07 1.77271232359999e-07 1.81124448772607e-07 1.83956814225894e-07 1.84577203299341e-07 1.83586408297742e-07 1.79065452243776e-07 1.73082526089274e-07 1.66986396266111e-07 1.60868026455319e-07 1.52475962522658e-07 1.44180603456334e-07 1.37652449438974e-07 1.32695689103457e-07 1.33264009605227e-07 1.34369173565574e-07
