Ecospace-environmental-drivers/Outputs/ASCII-for-ecospace/MOM6-ISIMIP3a/chl/1999-09_chl_MOM6-ISIMIP3a.asc
NCOLS 131 
NROWS 53 
XLLCORNER -98 
YLLCORNER 23.9265270233154 
CELLSIZE 0.133587792515755 
NODATA_value -9999 
[rows 19 to 37 of 53, columns 0 to 42 of 131]
-9999 -9999 -9999 -9999 -9999 -9999 -9999 -9999 1.04461025784985e-06 1.10641622086405e-06 1.10058681457303e-06 1.10238931938511e-06 1.14030990516767e-06 1.22814628866763e-06 1.21194977964478e-06 1.17706497348991e-06 1.12103043647949e-06 1.05047138276859e-06 9.8665839232126e-07 9.25450365230063e-07 8.19237982341292e-07 7.05083721186384e-07 6.52458368222142e-07 6.03613159455563e-07 5.75041383399366e-07 5.46576018223277e-07 5.18455635756254e-07 4.91073535613396e-07 4.64979933667564e-07 4.43563607177566e-07 4.26960099275675e-07 4.16494827959468e-07 4.09768944109601e-07 4.01598811095027e-07 3.92947271166122e-07 3.79934135708027e-07 3.66334887758057e-07 3.55059086132314e-07 3.45260758649601e-07 3.44871551760662e-07 3.5070618764621e-07 3.73866441805148e-07 4.05159283900502e-07
-9999 -9999 -9999 -9999 -9999 -9999 -9999 -9999 9.89384602689825e-07 1.03802994999569e-06 1.10641622086405e-06 1.09295490346994e-06 1.10238931938511e-06 1.0903942211371e-06 1.05995729882125e-06 1.00824127002852e-06 9.50806452237885e-07 8.89444322638155e-07 8.1164461107619e-07 7.27497763364227e-07 6.54612620110129e-07 5.83714779622824e-07 5.47631032077334e-07 5.13708414473513e-07 4.91441710437357e-07 4.69359719090789e-07 4.47876658427049e-07 4.27621188237026e-07 4.0950803281703e-07 3.94498329114867e-07 3.82681974997467e-07 3.73938007669494e-07 3.67065695172641e-07 3.59426820750741e-07 3.51532435161062e-07 3.42234272920905e-07 3.32756286525182e-07 3.25253949995385e-07 3.18175068514392e-07 3.13792952510994e-07 3.12827751258737e-07 3.21374301393007e-07 3.36064061912111e-07
-9999 -9999 -9999 -9999 -9999 -9999 1.16025159968558e-06 1.13635246634658e-06 1.07666141957452e-06 9.89384602689825e-07 1.01828914012003e-06 1.10641622086405e-06 1.07005905647384e-06 9.61761429607577e-07 8.69965674610285e-07 7.97210475411703e-07 7.38025391910924e-07 6.88159445871861e-07 6.34299851753894e-07 5.78898095682234e-07 5.37809341949469e-07 4.99246368690365e-07 4.76210828992407e-07 4.54180337783328e-07 4.37692079913177e-07 4.2175946646239e-07 4.07628505172397e-07 3.94966178873801e-07 3.84866694957964e-07 3.75976156874458e-07 3.68329551747593e-07 3.61106799573463e-07 3.54142258629508e-07 3.47825221069797e-07 3.41724017971501e-07 3.36956190949422e-07 3.32378135681211e-07 3.28565334939412e-07 3.24175744026434e-07 3.16113130338636e-07 3.08534993109788e-07 3.02305522836832e-07 3.000112940299e-07
-9999 -9999 -9999 -9999 -9999 -9999 1.16303442609933e-06 1.16025159968558e-06 1.11245321932074e-06 1.04455625660194e-06 9.89384602689825e-07 9.59066710493062e-07 9.07324420040823e-07 8.13189387827151e-07 7.36033769044298e-07 6.78469632475753e-07 6.33235401892307e-07 5.96468680669204e-07 5.60518742531713e-07 5.24884171682061e-07 4.98460849485127e-07 4.73663050115647e-07 4.57855293234388e-07 4.42641550080225e-07 4.30737230772138e-07 4.19088650005506e-07 4.08269301033215e-07 3.98343786400801e-07 3.89978112025346e-07 3.82621124117577e-07 3.76302068616496e-07 3.70506029412354e-07 3.65028569149217e-07 3.60190682613393e-07 3.55565958898296e-07 3.52969692585248e-07 3.50656250702741e-07 3.48692992702127e-07 3.46205467849359e-07 3.40379187946382e-07 3.34710819061002e-07 3.29482048755381e-07 3.24719167110743e-07
-9999 -9999 -9999 -9999 1.46771787967737e-06 1.26169936720544e-06 1.16776277536701e-06 1.16108878955856e-06 1.16025159968558e-06 1.06465495264274e-06 9.63933985076437e-07 8.43598854771699e-07 7.39519691705937e-07 6.67606457227521e-07 6.10394806699333e-07 5.70146426071005e-07 5.39582401870575e-07 5.15669114520279e-07 4.96573136388179e-07 4.7933730229488e-07 4.65878883915138e-07 4.53087039886668e-07 4.43928030335883e-07 4.35016545452527e-07 4.27504630806652e-07 4.1989130750153e-07 4.11949201861717e-07 4.04302852530236e-07 3.97172641442012e-07 3.90971763408743e-07 3.85727162210969e-07 3.81306051622232e-07 3.7738666947007e-07 3.7398760355245e-07 3.70761995327484e-07 3.70032410046406e-07 3.69647665365846e-07 3.69243963405097e-07 3.68446364973352e-07 3.65140408575826e-07 3.61872253051843e-07 3.58709371539589e-07 3.52757382415803e-07
-9999 -9999 -9999 -9999 1.93990649677289e-06 1.50150299305096e-06 1.35563595904387e-06 1.16776277536701e-06 1.1552519936231e-06 9.96024141386442e-07 8.47965225148073e-07 7.42655743124487e-07 6.53588017485163e-07 5.96658139784267e-07 5.50437334823073e-07 5.16573095410422e-07 4.92618426051195e-07 4.75469022376274e-07 4.63461844901758e-07 4.5344023646976e-07 4.4663113385468e-07 4.40388930655899e-07 4.3571196783887e-07 4.31056292882204e-07 4.26292672273121e-07 4.20977443127413e-07 4.13873749494087e-07 4.07119159717695e-07 4.00973789282943e-07 3.95521226437268e-07 3.90781480064106e-07 3.87001790613795e-07 3.83806963100142e-07 3.80981902026178e-07 3.78280077484305e-07 3.77381269345278e-07 3.767270300159e-07 3.75433586441432e-07 3.73825571386988e-07 3.7021430898676e-07 3.66620298564158e-07 3.63074235565364e-07 3.58621207396936e-07
-9999 -9999 -9999 -9999 -9999 1.93990649677289e-06 1.54270674102008e-06 1.54350914272072e-06 1.14244699034316e-06 9.31344231958064e-07 7.4504322356006e-07 6.53672827866103e-07 5.78046353894024e-07 5.33572745098354e-07 4.95949393553019e-07 4.66230005713442e-07 4.45886371380766e-07 4.31981447945873e-07 4.24728710868294e-07 4.20044614202197e-07 4.19255513861572e-07 4.19153764141811e-07 4.19785123995098e-07 4.20260136024808e-07 4.19298714859906e-07 4.17337844282883e-07 4.12136358818316e-07 4.07010929848184e-07 4.02018230261092e-07 3.97268792085015e-07 3.92769607060472e-07 3.88928896200014e-07 3.85489300924746e-07 3.82241154284202e-07 3.79056842803038e-07 3.77247658889246e-07 3.75619833903329e-07 3.72784995761322e-07 3.6971184158574e-07 3.65121110235123e-07 3.6059498143004e-07 3.56248676780524e-07 3.52803368741661e-07
-9999 -9999 -9999 -9999 -9999 1.94842027667619e-06 1.93990649677289e-06 1.51964854921971e-06 1.09541770143551e-06 8.83987411270937e-07 6.99327245001768e-07 6.17131718172459e-07 5.48061962035717e-07 5.04964305036992e-07 4.65443747543759e-07 4.30050562272299e-07 4.00171501269142e-07 3.74079235143654e-07 3.61345513510969e-07 3.53770019501098e-07 3.56241514509748e-07 3.60485984174375e-07 3.70048724107619e-07 3.7949035913698e-07 3.86952279995967e-07 3.92977142382733e-07 3.94342350773513e-07 3.94079421539573e-07 3.90975259279003e-07 3.86730874879504e-07 3.81313242314718e-07 3.74331591501686e-07 3.6639713130171e-07 3.58353986484872e-07 3.50274632410219e-07 3.44305476573936e-07 3.38616843009731e-07 3.31383375851146e-07 3.23974433058538e-07 3.15448005494545e-07 3.07331532667376e-07 3.00356418847514e-07 2.95764749580485e-07
-9999 -9999 1.97729491446808e-06 1.97153440240072e-06 1.96258451978792e-06 1.95694428839488e-06 1.94841027223447e-06 1.51242716128763e-06 1.07294613371778e-06 8.56272038163297e-07 6.68530788061616e-07 5.915320002714e-07 5.25194195688528e-07 4.7995155227909e-07 4.35709807788953e-07 3.92622865774683e-07 3.54033460325809e-07 3.18532698884155e-07 3.02359978832101e-07 2.93650572302795e-07 2.98842934398635e-07 3.06488516343961e-07 3.22738060276606e-07 3.38970124857951e-07 3.53486882431753e-07 3.66198150913988e-07 3.73055200952876e-07 3.76323413320279e-07 3.73328703062725e-07 3.66859353562177e-07 3.56814666702121e-07 3.43945146141778e-07 3.29354747918842e-07 3.16046339321474e-07 3.03165251125392e-07 2.9320923999876e-07 2.83647921150987e-07 2.72755073638109e-07 2.61818769331512e-07 2.50605921792157e-07 2.40184220956507e-07 2.31964975228038e-07 2.27033098099128e-07
-9999.000000000000000 -9999 -9999 -9999 1.99507439901936e-06 1.96822475118097e-06 1.97342365026998e-06 1.5415103007399e-06 1.10405585473927e-06 8.7141143012559e-07 6.7028651073997e-07 5.89804585615639e-07 5.17853891324194e-07 4.6278412924039e-07 4.07659541679095e-07 3.52471658970899e-07 3.0697208330821e-07 2.68125916136341e-07 2.52969556413518e-07 2.4696075229258e-07 2.53696384788782e-07 2.62681027152212e-07 2.80719916645467e-07 2.9899439368819e-07 3.17580003184048e-07 3.34142782776325e-07 3.4414662763993e-07 3.48041112374631e-07 3.41274102311218e-07 3.26623194268905e-07 3.03859877703871e-07 2.79109173106917e-07 2.53147760531647e-07 2.33547893913055e-07 2.16068556824212e-07 2.02503443347268e-07 1.89479919754376e-07 1.76540581264817e-07 1.63840894629175e-07 1.52667396946526e-07 1.42744355002833e-07 1.36302233499919e-07 1.32788969153808e-07
-9999 -9999 -9999 -9999 2.04409866455535e-06 2.0600543848559e-06 2.03367653739406e-06 1.60498996137903e-06 1.1705647011695e-06 9.17154181934166e-07 6.95723429089412e-07 5.96697759647213e-07 5.09042479279742e-07 4.43885937784216e-07 3.78828360680927e-07 3.13884925162711e-07 2.65781693542522e-07 2.29243340754692e-07 2.2129644605684e-07 2.24389793856972e-07 2.3515711689015e-07 2.47278677534268e-07 2.64053454657187e-07 2.80979094213762e-07 2.98312755830921e-07 3.12801546442643e-07 3.1806592915018e-07 3.15333778644344e-07 2.98646938290403e-07 2.7381187805986e-07 2.40592470390766e-07 2.08986989491677e-07 1.78364672365205e-07 1.58264541028075e-07 1.41671776532348e-07 1.29369610135655e-07 1.17666189680676e-07 1.06762229279411e-07 9.6164278318156e-08 8.751513291827e-08 8.00431365632903e-08 7.58480567242259e-08 7.37702663400341e-08
-9999 -9999 -9999 -9999 2.08203573492938e-06 2.10401708500285e-06 2.13115913538786e-06 1.71174315255485e-06 1.28160854728776e-06 1.00139845926606e-06 7.50953347505856e-07 6.14436316936917e-07 4.98380188673764e-07 4.2281033074687e-07 3.49014754874588e-07 2.77266479997706e-07 2.31977438147624e-07 2.04859148311698e-07 2.11913160796939e-07 2.32162378210887e-07 2.50092028863946e-07 2.67612335846934e-07 2.79281465509484e-07 2.90591742668767e-07 2.99979518558757e-07 3.04939533180004e-07 2.9554294656009e-07 2.77059484687925e-07 2.42718641629835e-07 2.05180015200312e-07 1.64350950626613e-07 1.32214310610834e-07 1.05373018755017e-07 9.205834317072e-08 8.32525017813168e-08 7.83427154260607e-08 7.3975954251182e-08 7.02426987686522e-08 6.66091537482316e-08 6.36106349816146e-08 6.10459949257347e-08 5.96891567283819e-08 5.90680038214941e-08
-9999 -9999 -9999 -9999 2.10401708500285e-06 2.1368725811044e-06 2.17544152292248e-06 1.79987614501442e-06 1.40985332564014e-06 1.08208985238889e-06 7.87436988503032e-07 6.19517379618628e-07 4.80942901504022e-07 4.00434146285988e-07 3.22542149433502e-07 2.47669476038936e-07 2.07430915111217e-07 1.90977189618025e-07 2.09415944141256e-07 2.41327995809115e-07 2.62991022736969e-07 2.8284540576351e-07 2.87817442767846e-07 2.91525111606461e-07 2.87412319721625e-07 2.78577005019542e-07 2.54429352253283e-07 2.23975845869973e-07 1.82518135716236e-07 1.44543463420632e-07 1.10152768684202e-07 8.58854036778212e-08 6.77850806596325e-08 6.03183991643164e-08 5.63962352373437e-08 5.51277530291827e-08 5.42290585769933e-08 5.37512576670451e-08 5.32834114608249e-08 5.28789669829166e-08 5.25698844455746e-08 5.25262535688853e-08 5.25655430294591e-08
-9999 -9999 -9999 -9999 2.13877706300991e-06 2.17544152292248e-06 1.88669332601421e-06 1.87404396001511e-06 1.55099894527666e-06 1.1601166534092e-06 8.09860807748919e-07 6.15105193446652e-07 4.58424324278894e-07 3.77082557179165e-07 2.98575315582639e-07 2.23338588511979e-07 1.89827773056095e-07 1.84971995054184e-07 2.12083349993009e-07 2.5153838123515e-07 2.74363060270844e-07 2.94252970434172e-07 2.91334316671055e-07 2.85948942746472e-07 2.64169528918501e-07 2.38338898839174e-07 1.99372607312398e-07 1.59785074060892e-07 1.19113437335727e-07 8.99034660051257e-08 7.24873316926278e-08 6.23896383444844e-08 5.67502773662909e-08 5.44284901593528e-08 5.32125525865013e-08 5.27720231957574e-08 5.24399119683494e-08 5.22810879033386e-08 5.21298666456005e-08 5.20270475590223e-08 5.19846494739795e-08 5.21104439599185e-08 5.22130143565391e-08
-9999 -9999 -9999 -9999 2.17544152292248e-06 1.88941214673832e-06 1.77119113686786e-06 1.69741156241798e-06 1.65106894201017e-06 1.19134347187355e-06 7.86717350820254e-07 5.92987873915263e-07 4.37632280636535e-07 3.58207842054981e-07 2.81143229585723e-07 2.06801487934172e-07 1.75927766576933e-07 1.74905480321286e-07 2.03956602717881e-07 2.44620167677567e-07 2.65460499804249e-07 2.82802659512527e-07 2.71816332997332e-07 2.57919253954242e-07 2.24934964876411e-07 1.90487597251376e-07 1.51296319472749e-07 1.15718428617129e-07 8.64462137428745e-08 6.74415758794567e-08 5.90020796664703e-08 5.48932739263819e-08 5.3422688495175e-08 5.27494385949012e-08 5.23419636522249e-08 5.21369436512487e-08 5.1960387992267e-08 5.18507903279897e-08 5.1752898855284e-08 5.1729571737269e-08 5.17602174454623e-08 5.19411216259869e-08 5.20550855753754e-08
-9999 -9999 -9999 -9999 -9999 1.74030583366402e-06 1.72432260114874e-06 1.74211777448363e-06 1.73353498666984e-06 1.20251286261919e-06 7.4404476890777e-07 5.63282526400144e-07 4.17580224620906e-07 3.41251791269315e-07 2.6651179041437e-07 1.93604634546318e-07 1.63614856774075e-07 1.6309839168116e-07 1.9120372485304e-07 2.30361010267188e-07 2.47868712222044e-07 2.61555953784409e-07 2.42426125396378e-07 2.20266471728792e-07 1.7884669034629e-07 1.39373454999259e-07 1.06211714978599e-07 8.02765427465602e-08 6.69523956275953e-08 5.87705137888861e-08 5.5879926463831e-08 5.42539027037492e-08 5.33982422723511e-08 5.28750661032973e-08 5.24627132847399e-08 5.22392973323349e-08 5.20421430394435e-08 5.18661522619368e-08 5.17087492823975e-08 5.16697120644949e-08 5.16904172798149e-08 5.1877432127867e-08 5.19805603005352e-08
-9999 -9999 -9999 -9999 -9999 1.70103191976523e-06 1.72540364928864e-06 1.73343858023145e-06 1.69411418937671e-06 1.15026250568917e-06 6.86879502609372e-07 5.3149619816395e-07 4.04083863259075e-07 3.32018259996403e-07 2.58886501569577e-07 1.84524509450057e-07 1.5196292224573e-07 1.48107545783205e-07 1.7225316639724e-07 2.072110021345e-07 2.21156270185929e-07 2.31393471494812e-07 2.11195697374933e-07 1.88657338640041e-07 1.52167928035851e-07 1.18177275965081e-07 9.22886371768072e-08 7.25556716929532e-08 6.3564904451141e-08 5.79097481079316e-08 5.56868648970976e-08 5.4244779335022e-08 5.32783488438326e-08 5.26884029738994e-08 5.22239567146698e-08 5.19103870999515e-08 5.16179490261948e-08 5.1364654751751e-08 5.11242959078118e-08 5.09663173886565e-08 5.08702484580681e-08 5.09465003517562e-08 5.10157462940697e-08
-9999 -9999 -9999 -9999 -9999 1.63085724125267e-06 1.65336939517147e-06 1.70065470683767e-06 1.62947492299281e-06 1.084890641323e-06 6.26715689122648e-07 4.99279337873304e-07 3.91943871136391e-07 3.24382568805959e-07 2.52710776749154e-07 1.76296154563715e-07 1.40447752983164e-07 1.32457984136636e-07 1.52020291466215e-07 1.82221469913202e-07 1.92556754541329e-07 1.99386320787198e-07 1.79584517923104e-07 1.58298647079391e-07 1.29505011159381e-07 1.0317114629288e-07 8.48129104724649e-08 7.05703016024017e-08 6.35098373891196e-08 5.86649449019205e-08 5.60998358878351e-08 5.43660547691616e-08 5.31387058799737e-08 5.24371301935389e-08 5.1910813425593e-08 5.14922469108114e-08 5.10890743044001e-08 5.0756213454406e-08 5.04280492918951e-08 5.01297776622778e-08 4.98948260485577e-08 4.98361352185839e-08 4.98667311887857e-08
-9999 -9999 -9999 -9999 -9999 -9999 1.51379879298474e-06 1.52601478475844e-06 1.48614321915375e-06 9.99040366878035e-07 5.89705166476051e-07 4.7803195002416e-07 3.83314869623064e-07 3.22149105613789e-07 2.52033800052232e-07 1.71592077435889e-07 1.31955275151086e-07 1.20341027809445e-07 1.36007741957656e-07 1.62208664278296e-07 1.72816356780459e-07 1.80672330429843e-07 1.64811737590753e-07 1.4763402589324e-07 1.23807964769185e-07 1.01690616816086e-07 8.51135908419565e-08 7.18624875162277e-08 6.44154383167006e-08 5.91242361736022e-08 5.60513626624015e-08 5.40810631832755e-08 5.27824433049773e-08 5.20588052665971e-08 5.15268254730472e-08 5.10062889702567e-08 5.04880368623617e-08 5.00669337100135e-08 4.96507652769651e-08 4.92660134909784e-08 4.89277383053377e-08 4.87188316355969e-08 4.86261093612939e-08
