Ecospace-environmental-drivers/Outputs/ASCII-for-ecospace/MOM6-ISIMIP3a/chl/1999-04_chl_MOM6-ISIMIP3a.asc
NCOLS 131 
NROWS 53 
XLLCORNER -98 
YLLCORNER 23.9265270233154 
CELLSIZE 0.133587792515755 
NODATA_value -9999 
[rows 0 to 18 of 53, columns 43 to 85 of 131]
-9999 -9999 -9999 -9999 -9999 -9999 -9999 -9999 -9999 -9999 -9999 -9999 -9999 -9999 -9999 -9999 -9999 -9999 -9999 -9999 -9999 -9999 -9999 -9999 -9999 -9999 -9999 -9999 -9999 -9999 -9999 -9999 -9999 -9999 -9999 -9999 -9999 -9999 -9999 -9999 -9999 -9999 -9999
-9999 -9999 -9999 -9999 -9999 -9999 -9999 -9999 -9999 -9999 -9999 -9999 -9999 -9999 -9999 -9999 -9999 -9999 -9999 -9999 -9999 -9999 -9999 -9999 -9999 -9999 -9999 -9999 -9999 -9999 -9999 -9999 -9999 -9999 -9999 -9999 -9999 -9999 -9999 -9999 -9999 -9999 -9999
-9999 -9999 -9999 -9999 -9999 -9999 -9999 -9999 -9999 -9999 -9999 -9999 -9999 -9999 -9999 -9999 -9999 -9999 -9999 -9999 -9999 -9999 -9999 -9999 -9999 -9999 -9999 -9999 -9999 -9999 -9999 2.20743095269427e-06 2.20892252400517e-06 -9999 -9999 -9999 -9999 -9999 -9999 -9999 -9999 -9999 -9999
-9999 -9999 -9999 -9999 -9999 -9999 -9999 -9999 -9999 -9999 -9999 -9999 -9999 -9999 -9999 -9999 -9999 -9999 -9999 -9999 -9999 -9999 -9999 -9999 -9999 -9999 -9999 -9999 -9999 -9999 -9999 2.20366905523406e-06 2.2063168216846e-06 -9999 -9999 -9999 -9999 -9999 -9999 -9999 -9999 -9999 -9999
-9999 -9999 -9999 -9999 -9999 -9999 -9999 -9999 -9999 -9999 -9999 -9999 -9999 -9999 -9999 -9999 -9999 -9999 -9999 -9999 -9999 -9999 2.28021235670894e-06 2.2791489300289e-06 2.27829832510906e-06 2.27333612201619e-06 2.26850761464448e-06 2.25913186113758e-06 2.24712152885331e-06 2.22861535803531e-06 2.20981451093394e-06 2.19849084714951e-06 2.20270180761872e-06 2.21775803765922e-06 -9999 -9999 2.18971467802476e-06 2.1076582470414e-06 1.98665429707034e-06 1.86461352313927e-06 1.75149409642472e-06 1.64325274454313e-06 1.52639995576465e-06
-9999 -9999 -9999 -9999 -9999 -9999 -9999 -9999 -9999 -9999 -9999 -9999 -9999 -9999 -9999 -9999 -9999 -9999 2.23819210987131e-06 -9999 2.2537947188539e-06 2.2668139081361e-06 2.27275381803338e-06 2.28021235670894e-06 2.27893633564236e-06 2.27829832510906e-06 2.26837414629699e-06 2.2588501451537e-06 2.25017129196203e-06 2.23234292207053e-06 2.20333186007338e-06 2.19376897803158e-06 2.19837193071726e-06 2.215964741481e-06 2.23893721340573e-06 2.23474989979877e-06 2.22522339754505e-06 2.10917050935677e-06 1.98858106159605e-06 1.86221143394505e-06 1.74304818756355e-06 1.64922278145241e-06 1.53748715092661e-06
-9999 -9999 -9999 -9999 -9999 -9999 -9999 -9999 -9999 -9999 -9999 -9999 -9999 -9999 2.12073609873187e-06 2.12136046684464e-06 2.12107761399238e-06 2.11845213016204e-06 2.17545675695874e-06 2.23644951802271e-06 2.23993492909358e-06 2.25463554670569e-06 2.2668139081361e-06 2.27123541662877e-06 2.28021235670894e-06 2.27829832510906e-06 2.26837414629699e-06 2.2588501451537e-06 2.25017129196203e-06 2.23234292207053e-06 2.20333186007338e-06 2.19376897803158e-06 2.19837193071726e-06 2.215964741481e-06 2.23893721340573e-06 2.23474989979877e-06 2.22522339754505e-06 2.10917050935677e-06 1.98858106159605e-06 1.86221143394505e-06 1.74304818756355e-06 1.64922278145241e-06 1.53748715092661e-06
-9999 -9999 -9999 -9999 -9999 -9999 -9999 -9999 -9999 -9999 -9999 -9999 -9999 -9999 2.11738847610832e-06 2.12073609873187e-06 2.1219848349574e-06 -9999 2.11285941986716e-06 2.16752846426971e-06 2.23296410695184e-06 2.23993492909358e-06 2.25715780288738e-06 2.2668139081361e-06 2.26668021241494e-06 2.25826647692884e-06 2.21519985643681e-06 2.17439378502604e-06 2.13835915019445e-06 2.10157099900243e-06 2.0638617570512e-06 2.04729622055311e-06 2.04613138521381e-06 2.06099252864078e-06 2.08249048228026e-06 2.07507036975585e-06 2.06196568797168e-06 1.93586151908676e-06 1.80406675553968e-06 1.65756068781775e-06 1.52493100813444e-06 1.4410907169804e-06 1.34515198624285e-06
-9999 -9999 2.27773443839396e-06 -9999 -9999 -9999 -9999 -9999 -9999 -9999 -9999 -9999 -9999 -9999 -9999 -9999 -9999 -9999 2.11756582757516e-06 2.09777863346972e-06 2.14939882425824e-06 2.22599305743643e-06 2.23993492909358e-06 2.26472479880613e-06 2.25687631427718e-06 2.23526217268954e-06 2.15603836295486e-06 2.08097503673343e-06 2.014694018726e-06 1.95676830117009e-06 1.90905393537832e-06 1.88456272098847e-06 1.87698697118321e-06 1.88858575711492e-06 1.90812511391414e-06 1.89654667792638e-06 1.87885120794817e-06 1.74148669884744e-06 1.59728676862869e-06 1.42960379889701e-06 1.28285603295808e-06 1.20971799333347e-06 1.13085661723744e-06
-9999 2.27773443839396e-06 2.27937653107801e-06 2.28420685743913e-06 2.28702083404642e-06 -9999 -9999 -9999 -9999 -9999 -9999 -9999 -9999 -9999 2.12648888009426e-06 2.11395695259853e-06 -9999 -9999 -9999 2.10623011298594e-06 2.06137451641553e-06 2.11346196010709e-06 2.21205118577927e-06 2.20930019168009e-06 2.20677952711412e-06 2.18687137021334e-06 2.09419340535533e-06 2.00190925170318e-06 1.91045592146111e-06 1.82897383638192e-06 1.7596784118723e-06 1.72233717421477e-06 1.70827081547031e-06 1.7088801769205e-06 1.71556723671529e-06 1.68057033533842e-06 1.63737945513276e-06 1.4856213965686e-06 1.3305503898664e-06 1.182391315524e-06 1.05025958418992e-06 9.74480030890845e-07 8.96549465778662e-07
2.27923669626762e-06 2.27770919991599e-06 2.27857935897191e-06 2.28348289965652e-06 2.29055854106264e-06 2.29108081839513e-06 -9999 -9999 -9999 -9999 -9999 -9999 -9999 -9999 2.12155282497406e-06 2.09127415473631e-06 2.11395695259853e-06 -9999 -9999 2.13072644328349e-06 2.06722756956879e-06 1.9861695363943e-06 2.06192680707318e-06 2.14289798350364e-06 2.14295846490131e-06 2.12342729355441e-06 2.02190312847961e-06 1.91638650903769e-06 1.80244171588129e-06 1.6998974388116e-06 1.61128707532043e-06 1.56268083628675e-06 1.54321276113478e-06 1.5323063280448e-06 1.52494556004967e-06 1.46766740272142e-06 1.40057682074257e-06 1.2427120736902e-06 1.08449967228808e-06 9.55730342866445e-07 8.38313155782089e-07 7.60810962674441e-07 6.84527151406655e-07
2.27759937843075e-06 2.27550981435343e-06 2.2780091057939e-06 2.28348289965652e-06 2.29055854106264e-06 2.29212514568644e-06 2.28964518100838e-06 2.29890247283038e-06 -9999 -9999 -9999 -9999 -9999 -9999 -9999 2.06876779884624e-06 2.06706067729101e-06 2.11395695259853e-06 2.12073609873187e-06 2.13072644328349e-06 2.06722756956879e-06 1.9861695363943e-06 1.99967621483665e-06 2.01761599782913e-06 2.00552221940598e-06 1.97924123312987e-06 1.89358570423792e-06 1.7962296396945e-06 1.67417260854563e-06 1.56394492023537e-06 1.46817501445184e-06 1.41680538945366e-06 1.39777625918214e-06 1.37253027787665e-06 1.34470974444412e-06 1.27124974369508e-06 1.18881814614724e-06 1.06929610410589e-06 9.49403101913049e-07 8.39302686017618e-07 7.3713039228096e-07 6.62833542719454e-07 5.92037054047978e-07
2.26980887418904e-06 2.26887641474605e-06 2.27173131861491e-06 2.27723899115517e-06 2.28417479775089e-06 2.28468866225739e-06 2.28337580665539e-06 2.29839133680798e-06 -9999 -9999 -9999 -9999 2.24975246965187e-06 2.17893352782994e-06 2.11305200537026e-06 2.0539480374282e-06 2.03930335374025e-06 2.06103436539706e-06 2.07343646252411e-06 2.08142000701628e-06 2.02584624275914e-06 1.95508664546651e-06 1.93107962331851e-06 1.90984087566903e-06 1.88214039553714e-06 1.84448799700476e-06 1.76518494754418e-06 1.67108419191209e-06 1.54574445332401e-06 1.43475813274563e-06 1.3413146007224e-06 1.28898693674273e-06 1.26660734167672e-06 1.22659901080624e-06 1.17928993859095e-06 1.09653149138467e-06 1.00680449577339e-06 9.19923536457645e-07 8.32626312785578e-07 7.40232678708708e-07 6.5269699689452e-07 5.8224196664014e-07 5.17174100878037e-07
2.24663449444051e-06 2.25115718421875e-06 2.25118446905981e-06 2.25538474296627e-06 2.26183215090714e-06 2.27157784138399e-06 2.28226190301939e-06 2.29839133680798e-06 2.31494050240144e-06 2.32776596931217e-06 2.33251580539218e-06 2.29618399316678e-06 2.24975246965187e-06 2.17893352782994e-06 2.11305200537026e-06 2.0539480374282e-06 1.99204964701494e-06 1.92786501429509e-06 1.90788546206022e-06 1.90884497897059e-06 1.88101000730967e-06 1.84629504929035e-06 1.84661814728315e-06 1.84583370810287e-06 1.79389621735027e-06 1.73331773112295e-06 1.63657603025058e-06 1.53346752540529e-06 1.41691839417035e-06 1.32248578665894e-06 1.25508415749209e-06 1.20631136724114e-06 1.17110778319329e-06 1.11528004254069e-06 1.05091100977006e-06 9.76063006419281e-07 8.99155054412404e-07 8.30660383144277e-07 7.61649971536826e-07 6.84557562635746e-07 6.10137931289501e-07 5.45115881322999e-07 4.86380145048315e-07
2.19002890844422e-06 2.20031984099478e-06 2.19930325329187e-06 2.2037806957087e-06 2.21121626964305e-06 2.23148640543513e-06 2.25540679821279e-06 2.27098712457519e-06 2.28533531299036e-06 2.28946782954154e-06 2.2857423118694e-06 2.24204200094391e-06 2.18768923332391e-06 2.10761413654836e-06 2.03313993552001e-06 1.96635483007412e-06 1.88623005215049e-06 1.79519122411875e-06 1.7645774050834e-06 1.76258561168652e-06 1.75085915543605e-06 1.73680678017263e-06 1.74540616626473e-06 1.75042771388689e-06 1.68072415362985e-06 1.60451918418403e-06 1.50110508911894e-06 1.39843712076981e-06 1.29734462461784e-06 1.21732375646388e-06 1.16305670871952e-06 1.11254212242784e-06 1.06476068140182e-06 9.98972836896428e-07 9.25727874800941e-07 8.60829516113881e-07 7.9757188586882e-07 7.44377530281781e-07 6.90576825945755e-07 6.27211818482465e-07 5.64767105970532e-07 5.05558091390412e-07 4.5392724246085e-07
2.08615824703884e-06 2.10265966416046e-06 2.10312146009528e-06 2.11011592909927e-06 2.12062809623603e-06 2.1532491700782e-06 2.19215826291475e-06 2.20483775592584e-06 2.21387381316163e-06 2.19702315007453e-06 2.17283945858071e-06 2.1113535240147e-06 2.03787999453198e-06 1.935462023539e-06 1.84024690952356e-06 1.75492073140049e-06 1.69760903645511e-06 1.66321797223645e-06 1.65271694640978e-06 1.65353208103625e-06 1.64147093073552e-06 1.62633330091921e-06 1.62051242114103e-06 1.61062951065105e-06 1.53230894284206e-06 1.45079764024558e-06 1.35593245431664e-06 1.26706322589598e-06 1.19085188998724e-06 1.12221437120752e-06 1.06283380318928e-06 1.00308841410879e-06 9.43077282045124e-07 8.75613295647781e-07 8.05062825293135e-07 7.52997209474415e-07 7.04565309206373e-07 6.6230830952918e-07 6.19366801402066e-07 5.67504230275517e-07 5.15420992996951e-07 4.62562155689739e-07 4.19129008832897e-07
1.84284886017849e-06 1.86834279247705e-06 1.87782586635876e-06 1.88625563168898e-06 1.89411821338581e-06 1.93038863471884e-06 1.97473832486139e-06 1.98598377210146e-06 1.99240025722247e-06 1.95992470253259e-06 1.92213201444247e-06 1.85729163604265e-06 1.78275490725355e-06 1.68480494266987e-06 1.59838816671254e-06 1.52780489770521e-06 1.49450670505757e-06 1.49171398788894e-06 1.48462208926503e-06 1.47549371831701e-06 1.45610579238564e-06 1.43426655085932e-06 1.4237469940781e-06 1.4105060017755e-06 1.34633580728405e-06 1.28053920889215e-06 1.20793527003116e-06 1.13787427835632e-06 1.0731815791587e-06 1.00821250725858e-06 9.4290533070307e-07 8.77484808370355e-07 8.11981806236872e-07 7.51302820845012e-07 6.92621711095853e-07 6.53465633604355e-07 6.18147680597758e-07 5.8470044450587e-07 5.50513107100414e-07 5.08419077505096e-07 4.66311661284635e-07 4.24157036604811e-07 3.90754024692797e-07
1.48211552186694e-06 1.51894437294686e-06 1.54380120420683e-06 1.55275529323262e-06 1.55314637595438e-06 1.58573823227925e-06 1.62748801812995e-06 1.63853428603034e-06 1.64459856932808e-06 1.60101046731143e-06 1.55537634327629e-06 1.49933509874245e-06 1.43894112625276e-06 1.36803748773673e-06 1.31529429836519e-06 1.28748308725335e-06 1.27920918657765e-06 1.28692033740663e-06 1.26917120724102e-06 1.23936206364306e-06 1.20675906600809e-06 1.17348861294886e-06 1.16645708203578e-06 1.15958130209037e-06 1.12873442503769e-06 1.09635470835201e-06 1.05755918866635e-06 1.01052501122467e-06 9.46098566600995e-07 8.78300795648101e-07 8.06382558948826e-07 7.38281300982635e-07 6.72960254632926e-07 6.2619164964417e-07 5.87106171678897e-07 5.60924263481866e-07 5.37278822321241e-07 5.10849531565327e-07 4.83643702864356e-07 4.49858191586827e-07 4.17401679442264e-07 3.89617952123444e-07 3.67788203448072e-07
1.1154289722981e-06 1.15768420982931e-06 1.19801870823721e-06 1.20824233817984e-06 1.20225274713448e-06 1.2173060213172e-06 1.23834388432442e-06 1.23934114526492e-06 1.23672202789749e-06 1.19184767299885e-06 1.14859597033501e-06 1.11359861421079e-06 1.08063954940008e-06 1.05260244254168e-06 1.03555339592276e-06 1.03358945580112e-06 1.0333271802665e-06 1.03445711374661e-06 1.00803492841806e-06 9.68561721492733e-07 9.33828175675444e-07 9.00227007605281e-07 9.050751259565e-07 9.12322889234929e-07 9.16050794330658e-07 9.16189549116098e-07 9.01307032563636e-07 8.71268866831088e-07 8.09235814358544e-07 7.45504337373859e-07 6.79697052419215e-07 6.20494176928332e-07 5.66101789445383e-07 5.30891156813595e-07 5.03624335124186e-07 4.84204406347999e-07 4.66327009007728e-07 4.43652197645861e-07 4.20549639557066e-07 3.950041502776e-07 3.71676946997468e-07 3.56149399749484e-07 3.44561129850263e-07
