Ecospace-environmental-drivers/Outputs/ASCII-for-ecospace/MOM6-ISIMIP3a/chl/2000-06_chl_MOM6-ISIMIP3a.asc
NCOLS 131 
NROWS 53 
XLLCORNER -98 
YLLCORNER 23.9265270233154 
CELLSIZE 0.133587792515755 
NODATA_value -9999 
[rows 19 to 37 of 53, columns 86 to 128 of 131]
1.02249700262291e-07 1.19061681402854e-07 1.45082310609723e-07 1.71357172007447e-07 1.97796552470209e-07 2.08276134117114e-07 2.13022701700538e-07 2.06816579861879e-07 1.98890674596441e-07 1.83578748647051e-07 1.67630545888642e-07 1.47463197208708e-07 1.2684824923781e-07 1.04890489183163e-07 8.47920134106062e-08 6.77455034292507e-08 5.55033103921687e-08 4.79300013012107e-08 4.82629864961837e-08 5.31264454650682e-08 1.06774443509039e-07 1.75467732788093e-07 5.38484812295792e-07 9.43872237257892e-07 1.67128303019126e-06 2.30604155149194e-06 2.41579255089164e-06 2.49535378316068e-06 2.49673325924959e-06 -9999 -9999 -9999 -9999 -9999 -9999 -9999 -9999 -9999 -9999 -9999 -9999 -9999 -9999
8.62547508972966e-08 9.87437545063585e-08 1.18999714970869e-07 1.43578233746666e-07 1.70953654787809e-07 1.86927834988637e-07 1.98806489493109e-07 1.98898305825423e-07 1.97139371493904e-07 1.85431630939092e-07 1.72914511153976e-07 1.55059112216804e-07 1.36283006213489e-07 1.14744850066018e-07 9.44059195262525e-08 7.60354836870647e-08 6.15902706613269e-08 5.09596489450814e-08 4.63920386550853e-08 4.52986661514387e-08 6.55583747288802e-08 9.2403439566624e-08 3.25313806115446e-07 5.92968206092337e-07 1.31797617086704e-06 1.96527662410517e-06 2.17225260712439e-06 2.31720878218766e-06 2.30155342251237e-06 -9999 -9999 -9999 -9999 -9999 -9999 -9999 -9999 -9999 -9999 -9999 -9999 -9999 -9999
7.28852427300808e-08 8.07913167477636e-08 9.41514883834316e-08 1.15301119762989e-07 1.41490914984388e-07 1.62068133136017e-07 1.80629243118346e-07 1.87222212844063e-07 1.9193596756395e-07 1.84390572144366e-07 1.75866631479948e-07 1.6090064036689e-07 1.4453881647114e-07 1.23989579492445e-07 1.03976525167582e-07 8.48435846023676e-08 6.8621723414708e-08 5.52288987876182e-08 4.70324117429755e-08 4.18135428503774e-08 4.8147928310982e-08 5.80453729526198e-08 1.56071081391929e-07 2.7665058155435e-07 9.44134683322773e-07 1.55912141508452e-06 1.87663499673363e-06 2.13346993405139e-06 -9999 -9999 -9999 -9999 -9999 -9999 -9999 -9999 -9999 -9999 -9999 -9999 -9999 -9999 -9999
6.81252458889503e-08 7.35875715918155e-08 8.23620212031528e-08 9.7200285154031e-08 1.1596213056464e-07 1.34062403844837e-07 1.51925021896204e-07 1.62351000199124e-07 1.71609286780949e-07 1.70356926787463e-07 1.67923928984237e-07 1.57495733787982e-07 1.45368289850012e-07 1.28143213373733e-07 1.10591237501012e-07 9.25026526488182e-08 7.62740341997414e-08 6.18529583107374e-08 5.15109590537577e-08 4.3506354074907e-08 4.41545111584674e-08 4.74712038567304e-08 1.05294077457074e-07 1.7782132033517e-07 6.23079245087865e-07 1.04222533536813e-06 1.31341050746414e-06 1.50838388890406e-06 1.50599362314097e-06 1.48675371747231e-06 -9999 -9999 -9999 -9999 -9999 -9999 -9999 -9999 -9999 -9999 -9999 -9999 -9999
6.4338173899614e-08 6.75927651627717e-08 7.21130035685746e-08 8.05852877761026e-08 9.16147371299303e-08 1.06591073745221e-07 1.22985184702884e-07 1.36776606041167e-07 1.5015935161955e-07 1.55209960439606e-07 1.58890415491442e-07 1.53091306742681e-07 1.45315297572779e-07 1.31608743458855e-07 1.1670287136667e-07 9.98283198327954e-08 8.37884854831827e-08 6.85598280369959e-08 5.62815678506468e-08 4.56939517334831e-08 4.14529104375561e-08 3.91691692414042e-08 6.52010072599296e-08 9.86784343126601e-08 3.16964730018299e-07 5.34503328708524e-07 7.47805245282507e-07 8.62340186813526e-07 7.21100889222726e-07 9.50962942170008e-07 1.00321597074071e-06 -9999 -9999 -9999 -9999 -9999 -9999 -9999 -9999 -9999 -9999 -9999 -9999
6.56765664075465e-08 6.79026470606914e-08 7.07064984339922e-08 7.5570618207621e-08 8.17678227349461e-08 9.19316036629425e-08 1.03520243044386e-07 1.16348651602038e-07 1.29371727553007e-07 1.38184333309255e-07 1.45686925634436e-07 1.43930691365313e-07 1.40127227155062e-07 1.30182257862543e-07 1.18265248261196e-07 1.03111176485982e-07 8.82400428281471e-08 7.36438749981971e-08 6.09993904276962e-08 4.94732717015722e-08 4.30362909753512e-08 3.8168813887296e-08 5.10257827102123e-08 6.83050700445165e-08 1.90386359122385e-07 3.1873702255325e-07 4.8261262008964e-07 6.06274113579275e-07 6.25794370989752e-07 5.71931309423235e-07 5.83751955218759e-07 -9999 -9999 -9999 -9999 -9999 -9999 -9999 -9999 -9999 -9999 -9999 -9999
6.65743087324699e-08 6.7749880372503e-08 6.89365151629318e-08 7.06662532934388e-08 7.2747411650198e-08 7.86665452778834e-08 8.59643378703367e-08 9.77519221123657e-08 1.10244492645961e-07 1.22306403227412e-07 1.33135785063132e-07 1.35070109763546e-07 1.34874611035229e-07 1.28289812550975e-07 1.19081548177746e-07 1.05566918762179e-07 9.18448392894788e-08 7.79211362100796e-08 6.51461391498742e-08 5.30293675637949e-08 4.47808439218988e-08 3.77253002170619e-08 3.92499401868918e-08 4.26140118747753e-08 8.29527166956723e-08 1.3504076434856e-07 2.53705763952894e-07 3.45759474384977e-07 3.68898639635518e-07 4.29496793685757e-07 -9999 -9999 -9999 -9999 -9999 -9999 -9999 -9999 -9999 -9999 -9999 -9999 -9999
6.55399361448872e-08 6.55685497008562e-08 6.55727703247067e-08 6.62455761357705e-08 6.73509887860746e-08 7.15155721309202e-08 7.67790595546103e-08 8.71846097538764e-08 9.83975638746415e-08 1.11460842333599e-07 1.2344496269634e-07 1.2752512645875e-07 1.29339028376307e-07 1.24354286867856e-07 1.16626488022575e-07 1.04396008282492e-07 9.17367799502244e-08 7.86608964631341e-08 6.67888713223874e-08 5.56066801493671e-08 4.72320991207198e-08 3.97233890225834e-08 3.79947096007527e-08 3.74535318314884e-08 5.94633178252479e-08 9.19628604378886e-08 1.83901903483275e-07 2.69935839014579e-07 3.40677445365145e-07 3.82616718752615e-07 -9999 -9999 -9999 -9999 -9999 -9999 -9999 -9999 -9999 -9999 -9999 -9999 -9999
6.4191652882073e-08 6.34840873203757e-08 6.27934682029263e-08 6.27547080966906e-08 6.31377190529747e-08 6.58068941561396e-08 6.92972932370139e-08 7.8464779562637e-08 8.85236701719805e-08 1.02242275090703e-07 1.15006422163333e-07 1.20674698678158e-07 1.23979816635256e-07 1.20195608133145e-07 1.13613410235303e-07 1.02438377780345e-07 9.07223949297986e-08 7.84807028253454e-08 6.76267717381052e-08 5.75680694225866e-08 4.94593983546565e-08 4.19521235528464e-08 3.77469717705026e-08 3.41895081135135e-08 4.21121875149311e-08 5.86234598642932e-08 1.2380144198687e-07 1.97585237060593e-07 2.9365529030656e-07 3.36842106207769e-07 -9999 -9999 -9999 -9999 -9999 -9999 -9999 -9999 -9999 -9999 -9999 -9999 -9999
6.21584774762596e-08 6.16109687712196e-08 6.12893558127325e-08 6.12925461496161e-08 6.15058937114554e-08 6.32450678494934e-08 6.55323475484693e-08 7.37758796276466e-08 8.29546635827683e-08 9.65736006719453e-08 1.09300188455563e-07 1.15339688022686e-07 1.1900541352361e-07 1.15550022883326e-07 1.09382824575732e-07 9.87642607697126e-08 8.77305268431883e-08 7.62933041187353e-08 6.67086723638022e-08 5.81856056669494e-08 5.11980644546384e-08 4.46840857648567e-08 3.96974435545872e-08 3.50632660683914e-08 3.81538463045672e-08 4.65320617593079e-08 8.48723260560291e-08 1.32812260744686e-07 2.05612209924766e-07 2.57159371130911e-07 -9999 -9999 -9999 -9999 -9999 -9999 -9999 -9999 -9999 -9999 -9999 -9999 -9999
6.15669435433119e-08 6.10808399414964e-08 6.09171095788952e-08 6.08735746254752e-08 6.09077943636294e-08 6.18305406874242e-08 6.30724628081225e-08 7.01378937151276e-08 7.81177291742097e-08 9.14662479090111e-08 1.03977619403395e-07 1.10153017374159e-07 1.13922745015316e-07 1.10475639303331e-07 1.0443266518223e-07 9.41286302236222e-08 8.371215187708e-08 7.31864133740601e-08 6.49386961981691e-08 5.7996338398425e-08 5.22579739481444e-08 4.68909249207172e-08 4.16599803543249e-08 3.6543898573882e-08 3.592619890469e-08 3.82873146520524e-08 5.75277070424818e-08 8.64147935430992e-08 1.40283674454622e-07 1.76640241988935e-07 1.87496993930836e-07 -9999 -9999 -9999 -9999 -9999 -9999 -9999 -9999 -9999 -9999 -9999 -9999
6.27890983651014e-08 6.2240289366855e-08 6.19688620417946e-08 6.17670181668473e-08 6.16101942796377e-08 6.18593958279234e-08 6.22544504835787e-08 6.78220430927468e-08 7.4201814470598e-08 8.70650893602942e-08 9.91377362424828e-08 1.05152977880607e-07 1.08703858359149e-07 1.04861811678347e-07 9.85772388162331e-08 8.82833219861823e-08 7.84023654887278e-08 6.8922730633858e-08 6.2097008424189e-08 5.67920430682989e-08 5.24639425236728e-08 4.84371156517227e-08 4.36377050050396e-08 3.87880270125152e-08 3.58759066898529e-08 3.48819746420759e-08 4.47573356154862e-08 6.31352250479722e-08 1.0353190305068e-07 1.41634828310089e-07 1.76397804807493e-07 1.92537569887463e-07 -9999 -9999 -9999 -9999 -9999 -9999 -9999 -9999 -9999 -9999 -9999
6.45221476247571e-08 6.38827657439833e-08 6.33889740697668e-08 6.29914396199638e-08 6.26562055572322e-08 6.24144504968172e-08 6.22062827915215e-08 6.61401244883564e-08 7.07243330566598e-08 8.27292581107031e-08 9.40561690754294e-08 1.00091682497805e-07 1.03517024285793e-07 9.91120359117303e-08 9.24492127296617e-08 8.20802270595777e-08 7.27386364474114e-08 6.43954791712531e-08 5.89149209417883e-08 5.50746861449625e-08 5.20224325839536e-08 4.92131952967156e-08 4.50863275602842e-08 4.08022593489932e-08 3.65597543350304e-08 3.35495649039785e-08 3.75222164450406e-08 4.87532147985803e-08 7.87809710800502e-08 1.19870719572646e-07 1.77067917661589e-07 2.05646557560613e-07 2.09423006936049e-07 2.11163083463362e-07 -9999 -9999 -9999 -9999 -9999 -9999 -9999 -9999 -9999
6.66383783709534e-08 6.58875123349389e-08 6.50853522188299e-08 6.44641033886728e-08 6.39599235796595e-08 6.33641619174341e-08 6.2735502126543e-08 6.49336584501725e-08 6.7575683715404e-08 7.84424187827426e-08 8.87933353510562e-08 9.49844363162811e-08 9.83542349786148e-08 9.32602972625318e-08 8.61167421817299e-08 7.56087814579587e-08 6.68094415345877e-08 5.96705547195597e-08 5.5477524796288e-08 5.29725312503615e-08 5.10953057641927e-08 4.94116818572365e-08 4.61381155503204e-08 4.26440713852116e-08 3.77942157570033e-08 3.37718724097158e-08 3.44385924222479e-08 4.10444620513317e-08 6.30307894766702e-08 1.08037717438947e-07 1.86565102922032e-07 2.19493344388866e-07 2.12903159990674e-07 -9999 -9999 -9999 -9999 -9999 -9999 -9999 -9999 -9999 -9999
6.73256934646815e-08 6.68965753902739e-08 6.62135661855245e-08 6.55708944918842e-08 6.49543281383558e-08 6.4284684242466e-08 6.35959764849758e-08 6.45412328026396e-08 6.57430589967589e-08 7.49823243495484e-08 8.392646577704e-08 9.03173074107144e-08 9.36712609700407e-08 8.79147350474341e-08 8.0517658318513e-08 7.04276743590526e-08 6.24229059553727e-08 5.64445805650848e-08 5.31485930821418e-08 5.1389640987054e-08 5.02142469827049e-08 4.92188299006102e-08 4.67053560271324e-08 4.3964689666609e-08 3.91678369737747e-08 3.48689574991567e-08 3.33918279693535e-08 3.64798076191164e-08 5.1389928756862e-08 9.60937072136403e-08 1.84180251494581e-07 4.09384654176392e-07 7.53421886656724e-07 6.46924945613137e-07 8.68918164087518e-07 -9999 -9999 -9999 -9999 -9999 -9999 -9999 -9999
6.74006059853127e-08 6.74789149002208e-08 6.70982842621015e-08 6.65208830241681e-08 6.58161667388413e-08 6.51927010153486e-08 6.45984172820135e-08 6.44976836383648e-08 6.44744488909055e-08 7.1876542051541e-08 7.92292951246054e-08 8.583880628521e-08 8.9193925134623e-08 8.27861015295639e-08 7.52328972453142e-08 6.57995684605339e-08 5.86975161809278e-08 5.3861025861579e-08 5.12947231356975e-08 5.00292891558729e-08 4.93529377365576e-08 4.88582578839214e-08 4.70649297312775e-08 4.50619381808792e-08 4.06010975950721e-08 3.63409462522668e-08 3.32180150053318e-08 3.32626441945649e-08 4.15102299200498e-08 8.41021190467472e-08 1.76703025545066e-07 4.05543801207386e-07 7.52456514874211e-07 8.68918164087518e-07 1.42086423693399e-06 2.08060623663187e-06 -9999 -9999 -9999 -9999 -9999 -9999 -9999
6.55653664694e-08 6.6270104071009e-08 6.65818902234605e-08 6.6425187128516e-08 6.59653380807868e-08 6.55487610856653e-08 6.5147723660175e-08 6.47333493475344e-08 6.43168789338233e-08 6.99862923170258e-08 7.57853158006583e-08 8.22055454818837e-08 8.5444511910282e-08 7.91399301647289e-08 7.20034947221393e-08 6.35015950933848e-08 5.71638878454905e-08 5.29293799900188e-08 5.06102466601988e-08 4.93886638253116e-08 4.88257256847646e-08 4.84659139488031e-08 4.71127421519668e-08 4.55884752170732e-08 4.16948289228003e-08 3.77886451019549e-08 3.38114247711019e-08 3.21972031258611e-08 3.67023886838069e-08 6.88777674895391e-08 1.41343946324923e-07 3.54821821701989e-07 6.90507079070812e-07 1.3130683100826e-06 2.08060623663187e-06 2.13067505683284e-06 -9999 -9999 -9999 -9999 -9999 -9999 -9999
6.33349159784302e-08 6.46906954671067e-08 6.57756089594841e-08 6.61131309698249e-08 6.59670575942073e-08 6.57906156220633e-08 6.56032739243528e-08 6.50267821811212e-08 6.43891908680416e-08 6.83475249729781e-08 7.260061352099e-08 7.87471634566828e-08 8.18457124296401e-08 7.58004787826394e-08 6.91993520263168e-08 6.1685724972449e-08 5.60837385421564e-08 5.23395158325002e-08 5.01677170916537e-08 4.88969504885972e-08 4.83676387830201e-08 4.80669939406653e-08 4.70960479503901e-08 4.59969342614386e-08 4.27183124429575e-08 3.92313168617875e-08 3.45635697840407e-08 3.15769526082477e-08 3.2943916039585e-08 5.29845571861642e-08 1.00216091425409e-07 2.94400052780475e-07 6.15939995896042e-07 1.26190684568428e-06 2.07182711164933e-06 2.23959182221733e-06 -9999 -9999 -9999 -9999 -9999 -9999 -9999
6.06163013117111e-08 6.2254734700673e-08 6.38401544961198e-08 6.47381384055734e-08 6.51913154570138e-08 6.54189094007052e-08 6.5565465945383e-08 6.51347917823841e-08 6.46134665771569e-08 6.75186129228678e-08 7.07577143543858e-08 7.62347980298728e-08 7.90053888977127e-08 7.3656707400005e-08 6.77235050261515e-08 6.08308354799192e-08 5.56643335869467e-08 5.21753449334028e-08 5.00305574746562e-08 4.86560232104694e-08 4.803488806715e-08 4.76461039511378e-08 4.68909462369993e-08 4.60482354469605e-08 4.3215223399784e-08 4.00872544048525e-08 3.52879467868661e-08 3.19182440478016e-08 3.225077094271e-08 4.69846987982692e-08 8.26886292770723e-08 2.46564468397992e-07 5.21520178153878e-07 1.033499870573e-06 1.66526297107339e-06 1.80033043761796e-06 -9999 -9999 -9999 -9999 -9999 -9999 -9999
