Ecospace-environmental-drivers/Outputs/ASCII-for-ecospace/MOM6-ISIMIP3a/chl/2001-12_chl_MOM6-ISIMIP3a.asc
NCOLS 131 
NROWS 53 
XLLCORNER -98 
YLLCORNER 23.9265270233154 
CELLSIZE 0.133587792515755 
NODATA_value -9999 
[rows 0 to 18 of 53, columns 43 to 85 of 131]
-9999 -9999 -9999 -9999 -9999 -9999 -9999 -9999 -9999 -9999 -9999 -9999 -9999 -9999 -9999 -9999 -9999 -9999 -9999 -9999 -9999 -9999 -9999 -9999 -9999 -9999 -9999 -9999 -9999 -9999 -9999 -9999 -9999 -9999 -9999 -9999 -9999 -9999 -9999 -9999 -9999 -9999 -9999
-9999 -9999 -9999 -9999 -9999 -9999 -9999 -9999 -9999 -9999 -9999 -9999 -9999 -9999 -9999 -9999 -9999 -9999 -9999 -9999 -9999 -9999 -9999 -9999 -9999 -9999 -9999 -9999 -9999 -9999 -9999 -9999 -9999 -9999 -9999 -9999 -9999 -9999 -9999 -9999 -9999 -9999 -9999
-9999 -9999 -9999 -9999 -9999 -9999 -9999 -9999 -9999 -9999 -9999 -9999 -9999 -9999 -9999 -9999 -9999 -9999 -9999 -9999 -9999 -9999 -9999 -9999 -9999 -9999 -9999 -9999 -9999 -9999 -9999 1.86304691851547e-06 1.62936419201287e-06 -9999 -9999 -9999 -9999 -9999 -9999 -9999 -9999 -9999 -9999
-9999 -9999 -9999 -9999 -9999 -9999 -9999 -9999 -9999 -9999 -9999 -9999 -9999 -9999 -9999 -9999 -9999 -9999 -9999 -9999 -9999 -9999 -9999 -9999 -9999 -9999 -9999 -9999 -9999 -9999 -9999 1.90552100320929e-06 1.67627490554878e-06 -9999 -9999 -9999 -9999 -9999 -9999 -9999 -9999 -9999 -9999
-9999 -9999 -9999 -9999 -9999 -9999 -9999 -9999 -9999 -9999 -9999 -9999 -9999 -9999 -9999 -9999 -9999 -9999 -9999 -9999 -9999 -9999 2.32257434618077e-06 2.31422177421337e-06 2.30753971663944e-06 2.26856172957923e-06 2.22982089326251e-06 2.15283921534137e-06 2.0877650968032e-06 2.04801358449913e-06 2.01386615117372e-06 1.96015457731846e-06 1.74254250850936e-06 1.32612763081852e-06 -9999 -9999 3.1917562637318e-07 2.7399647706261e-07 3.00572565947732e-07 3.21031080829925e-07 3.3798971799115e-07 3.58343498874092e-07 3.76147909264546e-07
-9999 -9999 -9999 -9999 -9999 -9999 -9999 -9999 -9999 -9999 -9999 -9999 -9999 -9999 -9999 -9999 -9999 -9999 2.34848675972898e-06 -9999 2.33381297221058e-06 2.32160527957603e-06 2.32158959079243e-06 2.32257434618077e-06 2.31255125981988e-06 2.30753971663944e-06 2.2295839698927e-06 2.1523389932554e-06 2.0765949102497e-06 2.03436115953082e-06 2.0330844563432e-06 1.97415283764713e-06 1.87322621059138e-06 1.38024836360273e-06 7.24908431948279e-07 4.45503246737644e-07 2.39997774542644e-07 2.72025829417544e-07 3.09965827227643e-07 3.19726069619719e-07 3.33401317220705e-07 3.60841767133024e-07 3.80787440690256e-07
-9999 -9999 -9999 -9999 -9999 -9999 -9999 -9999 -9999 -9999 -9999 -9999 -9999 -9999 2.50465768658614e-06 2.5032136363734e-06 2.50258085543464e-06 2.50191146733414e-06 2.42621786128439e-06 2.35010747928754e-06 2.3468662675441e-06 2.33296736951161e-06 2.32160527957603e-06 2.32058914662048e-06 2.32257434618077e-06 2.30753971663944e-06 2.2295839698927e-06 2.1523389932554e-06 2.0765949102497e-06 2.03436115953082e-06 2.0330844563432e-06 1.97415283764713e-06 1.87322621059138e-06 1.38024836360273e-06 7.24908431948279e-07 4.45503246737644e-07 2.39997774542644e-07 2.72025829417544e-07 3.09965827227643e-07 3.19726069619719e-07 3.33401317220705e-07 3.60841767133024e-07 3.80787440690256e-07
-9999 -9999 -9999 -9999 -9999 -9999 -9999 -9999 -9999 -9999 -9999 -9999 -9999 -9999 2.51240066972969e-06 2.50465768658614e-06 2.50176935878699e-06 -9999 2.50264929491095e-06 2.43015119849588e-06 2.35334846365731e-06 2.3468662675441e-06 2.33043056141469e-06 2.32160527957603e-06 2.3175880414783e-06 2.28446151595563e-06 2.1295097667462e-06 1.97362919607258e-06 1.81578730007459e-06 1.72868908521195e-06 1.72805425791012e-06 1.65962705978018e-06 1.54182100686739e-06 1.14523800220923e-06 6.33203853794839e-07 4.37059128444162e-07 3.03010637026091e-07 3.34797050527413e-07 3.68705940445579e-07 3.6335532627163e-07 3.63569370165351e-07 3.83349146204637e-07 3.98559620862216e-07
-9999 -9999 2.36678215514985e-06 -9999 -9999 -9999 -9999 -9999 -9999 -9999 -9999 -9999 -9999 -9999 -9999 -9999 -9999 -9999 2.50040784521843e-06 2.50865900852659e-06 2.44147463490663e-06 2.35983065977052e-06 2.3468662675441e-06 2.3228203644976e-06 2.31465901379124e-06 2.26156657845422e-06 2.02043361241522e-06 1.77669380718726e-06 1.52745076320571e-06 1.3899064015277e-06 1.38888083256461e-06 1.31062813579774e-06 1.17612455596827e-06 8.86737836935936e-07 5.33208663000551e-07 4.28000106467152e-07 3.71605437976541e-07 4.02721298087272e-07 4.31887428931077e-07 4.10348178547792e-07 3.96105690469994e-07 4.07518967904252e-07 4.17467447277886e-07
-9999 2.36678215514985e-06 2.35380161939247e-06 2.34445974456321e-06 2.34332605941745e-06 -9999 -9999 -9999 -9999 -9999 -9999 -9999 -9999 -9999 2.47204025072278e-06 2.52033737524471e-06 -9999 -9999 -9999 2.50346147367964e-06 2.52941117651062e-06 2.46780291490722e-06 2.37279505199695e-06 2.37603308050893e-06 2.38895086113189e-06 2.33211972044955e-06 1.98338284462807e-06 1.63526624419319e-06 1.28845874769468e-06 1.08018321043346e-06 1.04122216271207e-06 9.77806053015229e-07 8.96577319053904e-07 7.17457794507936e-07 4.97798282594886e-07 4.29937927037827e-07 3.91917637898587e-07 4.08692358178087e-07 4.2414558265591e-07 4.06866291768893e-07 3.95182979673336e-07 4.03175306473713e-07 4.07841781679963e-07
2.36709934142709e-06 2.35871675613453e-06 2.34672734222841e-06 2.34298045143078e-06 2.34367166740412e-06 2.34372259910742e-06 -9999 -9999 -9999 -9999 -9999 -9999 -9999 -9999 2.4556968583056e-06 2.50079619945609e-06 2.52033737524471e-06 -9999 -9999 2.4815510641929e-06 2.52417589763354e-06 2.58250656770542e-06 2.51267124440346e-06 2.44018065131968e-06 2.45719388658472e-06 2.38562324739178e-06 1.94332142200437e-06 1.50573828250344e-06 1.07811672478419e-06 8.0867567930909e-07 7.32563762539939e-07 6.78726337355329e-07 6.41113331312226e-07 5.59467196126207e-07 4.59585464795964e-07 4.24769893925259e-07 4.02744745997552e-07 4.08120001793577e-07 4.12854234355109e-07 4.01414098405439e-07 3.93598384107463e-07 3.98526282197054e-07 3.98482313812565e-07
2.35738730225421e-06 2.35038965001877e-06 2.34456865655375e-06 2.34298045143078e-06 2.34367166740412e-06 2.3438246898877e-06 2.35527068070951e-06 2.3583938855154e-06 -9999 -9999 -9999 -9999 -9999 -9999 -9999 2.50126754508528e-06 2.52246536547318e-06 2.52033737524471e-06 2.50465768658614e-06 2.4815510641929e-06 2.52417589763354e-06 2.58250656770542e-06 2.57686792792811e-06 2.56298039857938e-06 2.49299205279385e-06 2.34767685469706e-06 1.88711135251651e-06 1.4400379768631e-06 1.02144736047194e-06 7.42149325105856e-07 6.33095567081909e-07 5.60634475732513e-07 5.14826922426437e-07 4.62030925518775e-07 4.06340717518106e-07 3.81487353706689e-07 3.62695800504298e-07 3.72450074337394e-07 3.82523978714744e-07 3.85393462920547e-07 3.88463604394929e-07 3.9223931480592e-07 3.90550724205241e-07
2.3362488263956e-06 2.33974424190819e-06 2.34192543757672e-06 2.34393996834115e-06 2.34586468650377e-06 2.35414586313709e-06 2.36423466049018e-06 2.35887796407042e-06 -9999 -9999 -9999 -9999 2.35559969041788e-06 2.40616282098927e-06 2.4583644062659e-06 2.51281517194002e-06 2.53262282967626e-06 2.52408631240542e-06 2.5134570478258e-06 2.50183643402124e-06 2.54982205660781e-06 2.61204945672944e-06 2.64968093688367e-06 2.67365362560668e-06 2.52342283602047e-06 2.30738760365057e-06 1.81595407866553e-06 1.35541699819441e-06 9.60105012381973e-07 6.86772864355589e-07 5.62525087843824e-07 4.78859419672517e-07 4.24753267225242e-07 3.90777870507009e-07 3.65139328550868e-07 3.48435435171268e-07 3.3348788974763e-07 3.45788976119366e-07 3.58914974185609e-07 3.70241394875848e-07 3.79783955395396e-07 3.83054498342972e-07 3.80786360665297e-07
2.28654334932799e-06 2.32330216931587e-06 2.33807190852531e-06 2.34729827752744e-06 2.35354013966571e-06 2.35918628277432e-06 2.36466280512104e-06 2.35887796407042e-06 2.35206925935927e-06 2.34874050875078e-06 2.34550498134922e-06 2.34274421018199e-06 2.35559969041788e-06 2.40616282098927e-06 2.4583644062659e-06 2.51281517194002e-06 2.53365647040482e-06 2.52699965130887e-06 2.54425481216458e-06 2.57283682003617e-06 2.63958463619929e-06 2.71545150098973e-06 2.7440346457297e-06 2.75400998361874e-06 2.54043470704346e-06 2.26124075197731e-06 1.70742760019493e-06 1.22349365483387e-06 8.87080375377991e-07 6.59271790937055e-07 5.64200320241071e-07 4.87878310195811e-07 4.25213102062116e-07 3.84984218726458e-07 3.54047017481207e-07 3.40960525591072e-07 3.31383063212343e-07 3.41650434165786e-07 3.52109395862499e-07 3.57260773853341e-07 3.62241991069823e-07 3.66624817615957e-07 3.66439849130984e-07
2.18166951526655e-06 2.2449985408457e-06 2.28195949603105e-06 2.31043122767005e-06 2.33433161156427e-06 2.35105653700884e-06 2.36574078371632e-06 2.35925745073473e-06 2.350741169721e-06 2.34583148994716e-06 2.34061531045882e-06 2.33383980230428e-06 2.34239882956899e-06 2.3879840682639e-06 2.43458316617762e-06 2.48257356361137e-06 2.50372886512196e-06 2.50292828241072e-06 2.53608732236899e-06 2.58533236774383e-06 2.64396953753021e-06 2.70485088549322e-06 2.69577253675379e-06 2.66535903392651e-06 2.39437031268608e-06 2.07088874049077e-06 1.52772111050581e-06 1.07432219920156e-06 8.10432311482145e-07 6.3336597122543e-07 5.62415721105936e-07 4.94657456329151e-07 4.29224144227192e-07 3.86371908689398e-07 3.52871239783781e-07 3.41126224157051e-07 3.33657851570024e-07 3.38424172241503e-07 3.43053415008399e-07 3.41917740342979e-07 3.41750450161271e-07 3.44988023925907e-07 3.45498676779243e-07
1.99879809770209e-06 2.07923335437954e-06 2.15196314456989e-06 2.21669233724242e-06 2.27711370826e-06 2.3243064788403e-06 2.36773712458671e-06 2.36017376664677e-06 2.34753565564461e-06 2.3388099634758e-06 2.32881279771391e-06 2.31234685088566e-06 2.31053422794503e-06 2.34410413213482e-06 2.37717949858052e-06 2.40957615460502e-06 2.43002750721644e-06 2.4407054297626e-06 2.4728299194976e-06 2.51511278293037e-06 2.52764607466816e-06 2.53307098319056e-06 2.44587795350526e-06 2.33776313507406e-06 2.0177458281978e-06 1.67665677963669e-06 1.24737891837867e-06 9.00765144251636e-07 7.28661461835145e-07 6.09715584687365e-07 5.55739461560734e-07 4.98269969284593e-07 4.38255966628276e-07 3.97912657490451e-07 3.65715635552988e-07 3.5209436077821e-07 3.42124593544213e-07 3.36487715912881e-07 3.3081585115724e-07 3.23234615962065e-07 3.17088677093125e-07 3.15989268528938e-07 3.15233933179115e-07
1.88236083431548e-06 1.96687301468046e-06 2.05496803573624e-06 2.12933036891627e-06 2.19629805542354e-06 2.24926384362334e-06 2.29824718189775e-06 2.29510010285594e-06 2.28660223910992e-06 2.27770851779496e-06 2.26772704081668e-06 2.25221083383076e-06 2.24858467845479e-06 2.27366786020866e-06 2.29667261919531e-06 2.31682474804984e-06 2.32485490414547e-06 2.32296724789194e-06 2.30582213589514e-06 2.28144995162438e-06 2.21010827772261e-06 2.12754434869566e-06 2.00787258108903e-06 1.87564194220613e-06 1.59772037022776e-06 1.31395461266948e-06 1.00573060990428e-06 7.63151319915778e-07 6.59153670312662e-07 5.84035205974942e-07 5.44212980457814e-07 4.98842609886196e-07 4.49430984872379e-07 4.10628018698844e-07 3.76218451947352e-07 3.57752952595547e-07 3.4242165725118e-07 3.30006429294372e-07 3.17664813564988e-07 3.04987423760394e-07 2.94214828500117e-07 2.90139524850019e-07 2.87965093548337e-07
1.82186897745851e-06 1.89948536899465e-06 1.98576412913098e-06 2.04733828468306e-06 2.09561039810069e-06 2.13355292544293e-06 2.16855778489844e-06 2.17445517591841e-06 2.1770551938971e-06 2.17106526179123e-06 2.16513853956712e-06 2.1595333237201e-06 2.16130024455197e-06 2.18086802306061e-06 2.19671028389712e-06 2.20743800127821e-06 2.19317939809116e-06 2.15847808249237e-06 2.05144419851422e-06 1.91014828487823e-06 1.72312456925283e-06 1.52517486640136e-06 1.41145585530467e-06 1.30023454403272e-06 1.1411457307986e-06 9.77804575086338e-07 7.96666881797137e-07 6.55806047689111e-07 5.99972850068298e-07 5.56645261440281e-07 5.28602186022908e-07 4.96855363962823e-07 4.62410810087022e-07 4.24332540660544e-07 3.84749370141435e-07 3.58940297928712e-07 3.35838876708294e-07 3.19697790018836e-07 3.03744485563584e-07 2.87107326357727e-07 2.72846619964184e-07 2.66941640347795e-07 2.63219220641986e-07
1.59238732067024e-06 1.65932203799457e-06 1.74650028839096e-06 1.81252892161865e-06 1.86716931693809e-06 1.91260573956242e-06 1.95542452274822e-06 1.97405006474582e-06 1.98972907128336e-06 1.99272085410485e-06 1.99720307136886e-06 2.00926524485112e-06 2.02550290850922e-06 2.05182300305751e-06 2.06369804800488e-06 2.05574201572745e-06 2.01294915314065e-06 1.941653636095e-06 1.77006302237714e-06 1.55096461185167e-06 1.34177730615193e-06 1.13495809728192e-06 1.04309719972662e-06 9.58347072810284e-07 8.62145157043415e-07 7.65160393711994e-07 6.64898948343762e-07 5.8793483503905e-07 5.60153011974762e-07 5.38060589860834e-07 5.22921766332729e-07 4.99468455927854e-07 4.69959076099258e-07 4.28672876751079e-07 3.82509512064644e-07 3.5130995001964e-07 3.23051921213846e-07 3.05681595591523e-07 2.88757604494094e-07 2.72255221034357e-07 2.57749292131848e-07 2.5026301386788e-07 2.44765402612757e-07
