Ecospace-environmental-drivers/Outputs/ASCII-for-ecospace/MOM6-ISIMIP3a/chl/2001-09_chl_MOM6-ISIMIP3a.asc
NCOLS 131 
NROWS 53 
XLLCORNER -98 
YLLCORNER 23.9265270233154 
CELLSIZE 0.133587792515755 
NODATA_value -9999 
[rows 19 to 37 of 53, columns 86 to 128 of 131]
2.19097913145561e-07 1.83156544153462e-07 1.54206674096713e-07 1.31051123730686e-07 1.11644766320751e-07 1.0173806685998e-07 9.52437915202609e-08 9.41964799494599e-08 9.40044486696934e-08 9.10851980506777e-08 8.76289760753934e-08 8.04296220735523e-08 7.34121030632195e-08 6.69400961328392e-08 6.32816323786756e-08 6.42415187712686e-08 7.31406757381592e-08 8.97553107392923e-08 1.26169084069261e-07 1.73928185631667e-07 2.91574224320357e-07 4.30773610560209e-07 7.2324479560848e-07 1.0375465535617e-06 1.50885318817018e-06 1.93943765225413e-06 2.1392725102487e-06 2.29961733566597e-06 2.35769584833179e-06 -9999 -9999 -9999 -9999 -9999 -9999 -9999 -9999 -9999 -9999 -9999 -9999 -9999 -9999
1.7890708647883e-07 1.4630673206284e-07 1.24069728713039e-07 1.08385172836734e-07 9.69403828321447e-08 9.2063785928076e-08 8.95465888106628e-08 9.14420397180038e-08 9.40303550578392e-08 9.33055304130903e-08 9.18802598448565e-08 8.55596482551846e-08 7.89239962273314e-08 7.1343258412071e-08 6.52656240163196e-08 6.16553137433584e-08 6.36617372151704e-08 7.1126578404801e-08 9.04989150285473e-08 1.1669450827867e-07 1.86066912988281e-07 2.68755144361421e-07 4.73476632123493e-07 6.96678455369693e-07 1.0950659543596e-06 1.46624938679452e-06 1.68328290328645e-06 1.82940016202338e-06 1.79186724835745e-06 -9999 -9999 -9999 -9999 -9999 -9999 -9999 -9999 -9999 -9999 -9999 -9999 -9999 -9999
1.39327454462546e-07 1.10701051880824e-07 9.54050065615775e-08 8.6666439358396e-08 8.21708709963787e-08 8.18513825606715e-08 8.30319990541284e-08 8.79420980481882e-08 9.34377837324973e-08 9.50151815004574e-08 9.57680867941235e-08 9.07595847365883e-08 8.49883505793514e-08 7.69289485447189e-08 6.92883688202528e-08 6.23352818251988e-08 5.86475330521807e-08 5.81330930060631e-08 6.50509974775559e-08 7.62278062893529e-08 1.0919720949687e-07 1.48887508544249e-07 2.58712816503248e-07 3.80633764507365e-07 6.70562144478026e-07 9.49487628076895e-07 1.16606588562718e-06 1.38889538447984e-06 -9999 -9999 -9999 -9999 -9999 -9999 -9999 -9999 -9999 -9999 -9999 -9999 -9999 -9999 -9999
1.33750674535804e-07 1.09125132041754e-07 9.52927408093274e-08 8.61044355815466e-08 7.99210653212867e-08 7.87084317721565e-08 7.92813494854272e-08 8.45285512696137e-08 9.05097081727035e-08 9.40499447210641e-08 9.6714728670122e-08 9.31725807618022e-08 8.86968010149758e-08 8.14202110177575e-08 7.41583363605969e-08 6.69206201564521e-08 6.15447461882468e-08 5.79782337695178e-08 6.00183511778596e-08 6.52711804605133e-08 8.54842809872025e-08 1.10311169976285e-07 1.8344354657529e-07 2.64816520711975e-07 4.57783528418076e-07 6.50650918032625e-07 8.4295413671498e-07 9.81338189376402e-07 9.80089453150867e-07 1.07417076833372e-06 -9999 -9999 -9999 -9999 -9999 -9999 -9999 -9999 -9999 -9999 -9999 -9999 -9999
1.32114934103811e-07 1.11114545120472e-07 9.81152723511514e-08 8.77650165875821e-08 7.91288101709142e-08 7.64828982369181e-08 7.59887939238979e-08 8.12435274610834e-08 8.74009415952059e-08 9.27771637293517e-08 9.72469678117704e-08 9.51995460241051e-08 9.20684044558584e-08 8.56861959164235e-08 7.89800722600376e-08 7.17422494744824e-08 6.5085373535112e-08 5.89930699845809e-08 5.68878846252119e-08 5.70674139055427e-08 6.66882016275849e-08 7.92206975575027e-08 1.21180050882685e-07 1.67857777455538e-07 2.68744628328932e-07 3.79646223791497e-07 5.47295826436311e-07 6.56534837162326e-07 6.14509303886734e-07 7.26916596249794e-07 8.03019361228507e-07 -9999 -9999 -9999 -9999 -9999 -9999 -9999 -9999 -9999 -9999 -9999 -9999
1.52347709558853e-07 1.28738960825103e-07 1.13121146227968e-07 9.92448292436166e-08 8.64953335621976e-08 8.04219695282882e-08 7.67467724926973e-08 7.99695172304382e-08 8.42753706820076e-08 8.98249439273968e-08 9.46744549423784e-08 9.43943234688049e-08 9.28721775039776e-08 8.76240804359441e-08 8.1930494388871e-08 7.55056319690084e-08 6.92005741598223e-08 6.30119387778905e-08 5.92307465296926e-08 5.68290694502593e-08 6.15489383903878e-08 6.84651126903191e-08 9.64535402658839e-08 1.27918738712651e-07 2.0267599154522e-07 2.91268293040048e-07 4.58255954072229e-07 5.80342771172582e-07 5.8615097486836e-07 6.07970719102013e-07 6.60687192066689e-07 -9999 -9999 -9999 -9999 -9999 -9999 -9999 -9999 -9999 -9999 -9999 -9999
1.72885449956084e-07 1.46472032724887e-07 1.27957790141409e-07 1.10727512492304e-07 9.43280369369859e-08 8.49874624009317e-08 7.81825519879931e-08 7.92663428228479e-08 8.15888085980987e-08 8.70675265218779e-08 9.20707634577411e-08 9.34697794718886e-08 9.34994659473887e-08 8.94212703883568e-08 8.47712442464399e-08 7.91825769397292e-08 7.32912326384394e-08 6.7105744960827e-08 6.1894319003386e-08 5.72410527865941e-08 5.74741108039234e-08 5.92141233823895e-08 7.47246318155703e-08 9.26135257373062e-08 1.43649245387678e-07 2.11234663538562e-07 3.72597867226432e-07 5.18257934345456e-07 6.23251821707527e-07 6.22363927504921e-07 -9999 -9999 -9999 -9999 -9999 -9999 -9999 -9999 -9999 -9999 -9999 -9999 -9999
1.94760332306032e-07 1.64681566161562e-07 1.42052343221621e-07 1.22222814979978e-07 1.04204815443154e-07 9.22996434837842e-08 8.25902972678705e-08 8.10661333616736e-08 8.08271920504922e-08 8.51642312227341e-08 8.9330370656171e-08 9.20220628586321e-08 9.33529591407023e-08 9.06015600321552e-08 8.71311414130105e-08 8.24804899934861e-08 7.72742581034436e-08 7.15281203156337e-08 6.59641372635633e-08 6.05045329393761e-08 5.8066518704436e-08 5.65603706093043e-08 6.61393144696376e-08 7.76263320290127e-08 1.15499176445155e-07 1.67788513749656e-07 3.01768039889794e-07 4.41157141040094e-07 5.94555274346931e-07 6.85497639096866e-07 -9999 -9999 -9999 -9999 -9999 -9999 -9999 -9999 -9999 -9999 -9999 -9999 -9999
2.1267280203574e-07 1.8047587957426e-07 1.54645888983396e-07 1.32820176190762e-07 1.13585421956941e-07 9.93330075971244e-08 8.6870322490995e-08 8.30546085239803e-08 8.05966351435927e-08 8.37055225133554e-08 8.69150724724932e-08 9.05633825709629e-08 9.29654788706102e-08 9.16290190389191e-08 8.94137528462124e-08 8.57559427913657e-08 8.12346883094506e-08 7.58743183837396e-08 7.00952540455546e-08 6.40762607417855e-08 5.94867977099511e-08 5.53382086820875e-08 5.96541127606542e-08 6.54315925885385e-08 9.15661999556505e-08 1.29780616475728e-07 2.36444549273074e-07 3.63047860219012e-07 5.412877044364e-07 6.30378224286687e-07 -9999 -9999 -9999 -9999 -9999 -9999 -9999 -9999 -9999 -9999 -9999 -9999 -9999
2.2193987092578e-07 1.91000566474031e-07 1.63964401167505e-07 1.41458329494526e-07 1.21883473980233e-07 1.05758040547244e-07 9.08716941694365e-08 8.54547863582411e-08 8.15247602758973e-08 8.32168254305543e-08 8.52090735747879e-08 8.90807640985258e-08 9.20522182923378e-08 9.23230345506454e-08 9.15277311719365e-08 8.89824036676146e-08 8.51457997441685e-08 8.00543062950965e-08 7.43601020758433e-08 6.83205314544466e-08 6.27133758257514e-08 5.72395748577037e-08 5.77510590460406e-08 5.93295759188095e-08 7.68342900414609e-08 1.03638164716813e-07 1.83135128395406e-07 2.82738227497248e-07 4.34409741956188e-07 5.34428352239047e-07 -9999 -9999 -9999 -9999 -9999 -9999 -9999 -9999 -9999 -9999 -9999 -9999 -9999
2.247803223554e-07 1.97006940538813e-07 1.70545987998594e-07 1.4825897665105e-07 1.28672681398712e-07 1.11195852525725e-07 9.44767677424352e-08 8.76389449899762e-08 8.23526704607502e-08 8.2806053569584e-08 8.36912334989393e-08 8.7401836879053e-08 9.06046295767737e-08 9.22840257544522e-08 9.27237380210499e-08 9.11285340521317e-08 8.78976109675023e-08 8.30770616744303e-08 7.77590329903433e-08 7.2155948771524e-08 6.61422276948542e-08 6.000186658639e-08 5.74610226067307e-08 5.56159989173466e-08 6.58197194525201e-08 8.28532478180932e-08 1.38587409992397e-07 2.18349512692839e-07 3.60336201765676e-07 6.57504926948604e-07 1.18063553600223e-06 -9999 -9999 -9999 -9999 -9999 -9999 -9999 -9999 -9999 -9999 -9999 -9999
2.1953555062737e-07 1.97328873241531e-07 1.73684327364754e-07 1.52747858805924e-07 1.33563659687752e-07 1.1539165711838e-07 9.7583253477751e-08 8.95513281307103e-08 8.30545019425699e-08 8.24933295007213e-08 8.24100965246544e-08 8.54759392154847e-08 8.84848176951891e-08 9.13228106469433e-08 9.27648642345957e-08 9.19155240808323e-08 8.91909195388507e-08 8.46439149881917e-08 8.00685739932305e-08 7.54769970967573e-08 6.98255675501969e-08 6.38472741343321e-08 5.92002891153243e-08 5.490727517099e-08 5.9481866543365e-08 6.88085464162214e-08 1.0506264658261e-07 1.73990599705576e-07 3.27533228983157e-07 6.37199093489471e-07 1.17419710932154e-06 1.42351473186864e-06 -9999 -9999 -9999 -9999 -9999 -9999 -9999 -9999 -9999 -9999 -9999
2.09255546224085e-07 1.92792484199344e-07 1.73113775758793e-07 1.54079415892738e-07 1.35461974082318e-07 1.17188641013399e-07 9.90389068533659e-08 9.01885783832768e-08 8.27984365514567e-08 8.16746563714332e-08 8.103150861416e-08 8.35397742093846e-08 8.62794493627916e-08 8.97133247690363e-08 9.168959991257e-08 9.12732431856966e-08 8.87381119696329e-08 8.41439344867467e-08 8.0195690088658e-08 7.66175887179088e-08 7.21264896696994e-08 6.73538167461629e-08 6.16922122276264e-08 5.6056290276274e-08 5.64628344079665e-08 6.03835204060488e-08 8.42168290660084e-08 1.42212670084518e-07 2.88678364768202e-07 5.98575809362956e-07 1.14644751647575e-06 1.39667054099846e-06 1.38893733492296e-06 1.38537404836825e-06 -9999 -9999 -9999 -9999 -9999 -9999 -9999 -9999 -9999
1.95199064023655e-07 1.84612289899633e-07 1.69761548818315e-07 1.5304296141494e-07 1.35115783450601e-07 1.1718648806891e-07 9.92564181956368e-08 8.98694665352195e-08 8.18239414002164e-08 8.04765107886851e-08 7.95798342778653e-08 8.15959140254563e-08 8.40099119159277e-08 8.76176358133307e-08 8.97770249252972e-08 8.95590019922565e-08 8.69757030841356e-08 8.20937984258308e-08 7.86859715162791e-08 7.61228236001443e-08 7.33905878291807e-08 7.06061982214123e-08 6.47486331217806e-08 5.85986228429647e-08 5.59329542682008e-08 5.61732989012853e-08 7.28803541960588e-08 1.19870605885808e-07 2.45284468292084e-07 5.46214266705647e-07 1.10271412268048e-06 1.3683155657418e-06 1.38181076181354e-06 -9999 -9999 -9999 -9999 -9999 -9999 -9999 -9999 -9999 -9999
1.79083698981231e-07 1.73737575437372e-07 1.63524859431163e-07 1.49685433825653e-07 1.33499355570166e-07 1.15987148774366e-07 9.79985728122301e-08 8.82783410816046e-08 7.98563988269052e-08 7.86462663882048e-08 7.78446889171391e-08 7.96239234546192e-08 8.18528249624251e-08 8.54306847486441e-08 8.75176624504093e-08 8.71574030725242e-08 8.43681320361611e-08 7.921833855562e-08 7.60288614287674e-08 7.39626955237327e-08 7.25873263718313e-08 7.14249992483929e-08 6.65765256258055e-08 6.13063946275361e-08 5.69793492388726e-08 5.49733485399884e-08 6.61193766404722e-08 1.01082818559917e-07 1.9772564030518e-07 4.64238866015876e-07 9.78101752480143e-07 1.53435360061849e-06 2.12734175875084e-06 1.98223870029324e-06 2.32641309594328e-06 -9999 -9999 -9999 -9999 -9999 -9999 -9999 -9999
1.6208595354783e-07 1.61708044288389e-07 1.56051982003191e-07 1.45333174828011e-07 1.313385382673e-07 1.14274726570329e-07 9.61084296591252e-08 8.61420730302598e-08 7.74632553657284e-08 7.65451062534339e-08 7.59880549594527e-08 7.76398820789836e-08 7.97439341226891e-08 8.3204618306354e-08 8.51096828569098e-08 8.44612131345457e-08 8.13983547232056e-08 7.59891563006931e-08 7.28800060301182e-08 7.108882726925e-08 7.08980394392711e-08 7.12008159098332e-08 6.78778917517775e-08 6.40850643662816e-08 5.87012998209957e-08 5.50635377294384e-08 6.13193549270363e-08 8.38183211726573e-08 1.48381772646644e-07 3.6957163729312e-07 8.18826379145321e-07 1.39926339670637e-06 2.09338895729161e-06 2.32641309594328e-06 2.24574682761158e-06 2.38965867538354e-06 -9999 -9999 -9999 -9999 -9999 -9999 -9999
1.44868621987371e-07 1.48589421655743e-07 1.47581218357118e-07 1.40513222390837e-07 1.29524252656665e-07 1.13389482692128e-07 9.54062642222198e-08 8.48312780021843e-08 7.54195355057163e-08 7.45391588452549e-08 7.40303320867497e-08 7.57658611405532e-08 7.79106485992997e-08 8.12831402186021e-08 8.29351236575349e-08 8.1762912884642e-08 7.84971021516867e-08 7.31967020328739e-08 7.02441695921152e-08 6.86370142943815e-08 6.88680614757686e-08 6.96660151788819e-08 6.77673739346574e-08 6.54831424640179e-08 6.03673129262461e-08 5.64049251750021e-08 5.89784399096516e-08 7.2061865807882e-08 1.12362556592416e-07 2.51266129680516e-07 5.33746174369298e-07 9.83073391580547e-07 1.57699844294257e-06 2.02116871150793e-06 2.38965867538354e-06 2.39060955209425e-06 -9999 -9999 -9999 -9999 -9999 -9999 -9999
1.27605872535241e-07 1.35245471710732e-07 1.38903985202887e-07 1.35596494033052e-07 1.27781660808068e-07 1.12675380137262e-07 9.49498897284684e-08 8.36912832369308e-08 7.34481062636405e-08 7.25529076817111e-08 7.20516837304785e-08 7.39146059913764e-08 7.61343841304551e-08 7.94246801660847e-08 8.08088600479095e-08 7.90641792036695e-08 7.56100320131736e-08 7.04946003793339e-08 6.771447402798e-08 6.62725128108832e-08 6.6767583462024e-08 6.78600358128278e-08 6.73647377880116e-08 6.65955823819786e-08 6.20217548430446e-08 5.80051917609126e-08 5.71463196763489e-08 6.14450357261376e-08 7.91002179312272e-08 1.28069871152547e-07 2.22636799662723e-07 5.08723644543352e-07 9.6079077138711e-07 1.59297474056075e-06 2.31618332691141e-06 2.46598665398778e-06 -9999 -9999 -9999 -9999 -9999 -9999 -9999
1.12315980516087e-07 1.22342228792149e-07 1.28929414699996e-07 1.29063124632012e-07 1.25021117014512e-07 1.11717632478303e-07 9.50872660610003e-08 8.37113063312245e-08 7.31603932990765e-08 7.15792225491896e-08 7.04776823567954e-08 7.23796773627328e-08 7.45884420894072e-08 7.77174946620107e-08 7.8848245266272e-08 7.66988534905977e-08 7.33537532937589e-08 6.88466528231402e-08 6.61484662600742e-08 6.44868194399351e-08 6.47549569521289e-08 6.56182521652227e-08 6.58589129898246e-08 6.59473045061532e-08 6.24947560368128e-08 5.92288991185796e-08 5.70209017780599e-08 5.81488812656517e-08 6.79159626315595e-08 9.35709962845976e-08 1.42360619292958e-07 2.95899013735834e-07 5.40217740763183e-07 9.76850515144179e-07 1.51067183651321e-06 1.62925732638541e-06 -9999 -9999 -9999 -9999 -9999 -9999 -9999
