Ecospace-environmental-drivers/Outputs/ASCII-for-ecospace/MOM6-ISIMIP3a/chl/2002-11_chl_MOM6-ISIMIP3a.asc
NCOLS 131 
NROWS 53 
XLLCORNER -98 
YLLCORNER 23.9265270233154 
CELLSIZE 0.133587792515755 
NODATA_value -9999 
[rows 19 to 37 of 53, columns 0 to 42 of 131]
-9999 -9999 -9999 -9999 -9999 -9999 -9999 -9999 1.77695983438753e-06 1.91421668205294e-06 1.9133512978442e-06 1.92229549611511e-06 2.01425996237958e-06 2.17412411984697e-06 2.125920900653e-06 2.02209844246681e-06 1.93320397556818e-06 1.85456076451374e-06 1.81562404577562e-06 1.79201936134632e-06 1.66565109793737e-06 1.5211481922961e-06 1.45275203067285e-06 1.39043072522327e-06 1.36484550239402e-06 1.34106880977924e-06 1.3231565390015e-06 1.30615001125989e-06 1.29072407162312e-06 1.26345446460618e-06 1.22399785595917e-06 1.19680839816283e-06 1.17709191727045e-06 1.16228727620182e-06 1.14911983928323e-06 1.14592762656684e-06 1.14405190743128e-06 1.13354860786785e-06 1.12640918814577e-06 1.14069291612395e-06 1.16011540285399e-06 1.1938429906877e-06 1.23763197734661e-06
-9999 -9999 -9999 -9999 -9999 -9999 -9999 -9999 1.64978951033845e-06 1.76687331077119e-06 1.91421668205294e-06 1.90354171536455e-06 1.92229549611511e-06 1.94636027117667e-06 1.9193521438865e-06 1.83341444426333e-06 1.75202865193569e-06 1.67376879289804e-06 1.61250284236303e-06 1.5577988961013e-06 1.4560571344191e-06 1.34601475565432e-06 1.29652300984162e-06 1.25032693176763e-06 1.22054541407124e-06 1.19510093554709e-06 1.18371895041491e-06 1.17497688734147e-06 1.17084152861935e-06 1.14646070414892e-06 1.10124756247387e-06 1.06880565908796e-06 1.04414380075468e-06 1.03028821740736e-06 1.02003457413957e-06 1.01786747563892e-06 1.01681064279546e-06 1.01472119240498e-06 1.01560181064997e-06 1.03539707652089e-06 1.05970423192048e-06 1.09657105440419e-06 1.14322676836309e-06
-9999 -9999 -9999 -9999 -9999 -9999 1.58444140652136e-06 1.59200499183498e-06 1.61200682669005e-06 1.64978951033845e-06 1.73661362623534e-06 1.91421668205294e-06 1.87411296792561e-06 1.75465550000808e-06 1.66114023159025e-06 1.59755825279717e-06 1.52555844579183e-06 1.44777789046202e-06 1.37999313665205e-06 1.3160682783564e-06 1.24729137951363e-06 1.17765830509597e-06 1.14763656711148e-06 1.11781719169812e-06 1.08245535557216e-06 1.05434821762174e-06 1.04976334114326e-06 1.05093874935847e-06 1.06216623407818e-06 1.04467767414462e-06 9.97640881905681e-07 9.61123760134797e-07 9.31015165406279e-07 9.1650929334719e-07 9.0720430989677e-07 9.04988269212481e-07 9.03807801932999e-07 9.10383903374168e-07 9.19149726996693e-07 9.41860264447314e-07 9.67451342148706e-07 1.00106126410537e-06 1.04436344372516e-06
-9999 -9999 -9999 -9999 -9999 -9999 1.58241130066017e-06 1.58444140652136e-06 1.59956869083544e-06 1.6142275853781e-06 1.64978951033845e-06 1.64583457262779e-06 1.61668117470981e-06 1.5376673445644e-06 1.46582476645563e-06 1.40225654376991e-06 1.33763262510911e-06 1.27228372548416e-06 1.21473658509785e-06 1.1602019185375e-06 1.11309532258019e-06 1.06729953586182e-06 1.03234913240158e-06 9.99223061626253e-07 9.79319111138466e-07 9.63722527558275e-07 9.62091803557996e-07 9.65434651334363e-07 9.7745669336291e-07 9.65509457273583e-07 9.28898543861578e-07 8.93751575858914e-07 8.59496424254758e-07 8.4202054040361e-07 8.30137764751271e-07 8.30301701171265e-07 8.32148373319797e-07 8.36459605579876e-07 8.42215854390815e-07 8.57173915846943e-07 8.72146813435393e-07 8.87161093032773e-07 9.10229857709055e-07
-9999 -9999 -9999 -9999 1.67380767379655e-06 1.60890806455427e-06 1.58206421474461e-06 1.5807281670277e-06 1.58444140652136e-06 1.61469597514952e-06 1.60798356318992e-06 1.4597774224967e-06 1.3518000514523e-06 1.32342393044382e-06 1.27786233861116e-06 1.21247160222993e-06 1.15485795504355e-06 1.10258531549334e-06 1.05640287983988e-06 1.01257217011153e-06 9.85587462309923e-07 9.61575551627902e-07 9.20807963211701e-07 8.83696941400558e-07 8.8011466914395e-07 8.77573995694547e-07 8.78410673976759e-07 8.82994811490789e-07 8.94118613814499e-07 8.87221460743604e-07 8.61781074945611e-07 8.28954512144264e-07 7.91628394836152e-07 7.71537258970056e-07 7.57191173761385e-07 7.59698423280497e-07 7.64510787121253e-07 7.65971549299138e-07 7.68168604281527e-07 7.75054445512069e-07 7.79201172917965e-07 7.75722753587615e-07 7.78326523231954e-07
-9999 -9999 -9999 -9999 1.82373673851544e-06 1.6805214499982e-06 1.63575191436394e-06 1.58206421474461e-06 1.57567887981713e-06 1.4944115491744e-06 1.40940028359182e-06 1.31005879211443e-06 1.22961546367151e-06 1.18656612357881e-06 1.13139583390875e-06 1.06223967577534e-06 1.0081553227792e-06 9.6442136054975e-07 9.26935854295152e-07 8.91862953267264e-07 8.73787257660297e-07 8.58711018736358e-07 8.28433655897243e-07 8.01133921868313e-07 8.01421265350655e-07 8.01675525963219e-07 8.01822352514137e-07 8.02202464456059e-07 8.02989688963862e-07 7.94749041688192e-07 7.7721898605887e-07 7.5548189215624e-07 7.31181899027433e-07 7.17273621830827e-07 7.06829268892761e-07 7.07991887338721e-07 7.10759081812284e-07 7.13579481725901e-07 7.16978036052751e-07 7.24057997558702e-07 7.29054534076568e-07 7.28251393411483e-07 7.27997019112081e-07
-9999 -9999 -9999 -9999 -9999 1.82373673851544e-06 1.68053293236881e-06 1.68943972767011e-06 1.54605368152261e-06 1.37897029617307e-06 1.23373479254951e-06 1.1721243708962e-06 1.11210181330534e-06 1.05522144622228e-06 9.90546027423989e-07 9.16876444989612e-07 8.64653827647999e-07 8.2715990856741e-07 7.99134227236209e-07 7.74764544075879e-07 7.64008404985361e-07 7.55654696149577e-07 7.36853337457433e-07 7.20267678389064e-07 7.24052483747073e-07 7.26876180578984e-07 7.2658343697185e-07 7.23617858966463e-07 7.15987823696196e-07 7.06945513684332e-07 6.9645005851271e-07 6.83974178627977e-07 6.70291854021343e-07 6.61961962578062e-07 6.55416158679145e-07 6.56140514365688e-07 6.57886801036511e-07 6.61999990825279e-07 6.66445941988059e-07 6.73010731588874e-07 6.78361459449661e-07 6.80332561842079e-07 6.79029767525208e-07
-9999 -9999 -9999 -9999 -9999 1.80872780219943e-06 1.82373673851544e-06 1.62689127591875e-06 1.42495139243692e-06 1.28476472127659e-06 1.1585578931772e-06 1.08586016267509e-06 1.01506873306789e-06 9.48049660109973e-07 8.74324314281694e-07 7.9286098753073e-07 7.35188791622932e-07 6.93855042754876e-07 6.78634989981219e-07 6.734984481227e-07 6.63092862396297e-07 6.51757432024169e-07 6.48754337362334e-07 6.46841328943992e-07 6.52491848995851e-07 6.56896418149699e-07 6.57261296055367e-07 6.54713289804931e-07 6.47082060822868e-07 6.39613801922678e-07 6.32313231108128e-07 6.21082278939866e-07 6.07456854595512e-07 6.02054740284075e-07 5.99393729316944e-07 6.0365420040398e-07 6.08870493579161e-07 6.13983331732015e-07 6.18801209384401e-07 6.2174075310395e-07 6.25272207344096e-07 6.30451552297018e-07 6.36035565548809e-07
-9999 -9999 1.78883101398242e-06 1.78815696472157e-06 1.78375796622277e-06 1.79370113073674e-06 1.80874565103295e-06 1.57681586188119e-06 1.3403637240117e-06 1.20331412745145e-06 1.07797006876353e-06 9.97429992821708e-07 9.19961678391701e-07 8.48571573897061e-07 7.71388215525803e-07 6.8752029847019e-07 6.26892813215818e-07 5.82225595735508e-07 5.74096588934481e-07 5.80076232381543e-07 5.7134775488521e-07 5.60023693196854e-07 5.69243070458469e-07 5.78653498450876e-07 5.85908026096149e-07 5.91290870488592e-07 5.90604940953199e-07 5.87254191941611e-07 5.79253196519858e-07 5.72087003547495e-07 5.65779714634118e-07 5.55316546524409e-07 5.42321686225478e-07 5.39144991762441e-07 5.39240943453478e-07 5.44269937563513e-07 5.49987305475952e-07 5.56630880055309e-07 5.6252429203596e-07 5.63640412565292e-07 5.66958249237359e-07 5.76404943330999e-07 5.89591877542261e-07
-9999.000000000000000 -9999 -9999 -9999 1.78701168351836e-06 1.7738148017088e-06 1.76464993728587e-06 1.55395457568375e-06 1.3354457450987e-06 1.1496932756927e-06 9.85576889434014e-07 9.04274372715008e-07 8.29056830298214e-07 7.65879974551353e-07 6.97439361374563e-07 6.22925142579334e-07 5.6478467058696e-07 5.17888850026793e-07 5.04382228427858e-07 5.0376837634758e-07 4.9961136028287e-07 4.9482912345411e-07 5.08468872340018e-07 5.21895401561778e-07 5.30183115188265e-07 5.35229276010796e-07 5.29764918155706e-07 5.22948937486944e-07 5.13774182309135e-07 5.041346184953e-07 4.94016830998589e-07 4.8328075763493e-07 4.72167926091061e-07 4.69683982373681e-07 4.70076258807239e-07 4.69835413241526e-07 4.69576093564683e-07 4.78909100820601e-07 4.87413046812435e-07 4.90637262373639e-07 4.97244627695181e-07 5.13269810653583e-07 5.35621893504867e-07
-9999 -9999 -9999 -9999 1.79804965227959e-06 1.79351923179638e-06 1.77354172592459e-06 1.56665305439674e-06 1.34923095629347e-06 1.12364568849443e-06 9.28839256175706e-07 8.51840979976259e-07 7.79972140207974e-07 7.18252806564124e-07 6.5283717276543e-07 5.83156520406192e-07 5.25629900494096e-07 4.76449997677264e-07 4.5486879685086e-07 4.43944486505643e-07 4.40269076307231e-07 4.37872841985154e-07 4.5267282189343e-07 4.6700048983439e-07 4.74254505888894e-07 4.77618925742718e-07 4.68371837314407e-07 4.5877533239036e-07 4.48569068112192e-07 4.37033889966187e-07 4.24131286536067e-07 4.14212365740241e-07 4.06111098527617e-07 4.03558857442476e-07 4.02856301207066e-07 3.99063793565801e-07 3.9495077430729e-07 4.05644613010736e-07 4.15648031548699e-07 4.21254668481197e-07 4.31460051686372e-07 4.54467198096609e-07 4.85609120914887e-07
-9999 -9999 -9999 -9999 1.81016707756498e-06 1.82681503702042e-06 1.84737132258306e-06 1.62408844062156e-06 1.38654650072567e-06 1.13228770715068e-06 9.16959265850892e-07 8.50639708005474e-07 7.83500524903502e-07 7.14739599061431e-07 6.45155580514256e-07 5.74621878968173e-07 5.15352382990386e-07 4.63818565776819e-07 4.30769773629436e-07 4.04858724323276e-07 3.96519482137592e-07 3.91281105294183e-07 4.03139665650087e-07 4.14449715435694e-07 4.18069561192169e-07 4.18060068341219e-07 4.06282879339415e-07 3.94767369016336e-07 3.83708595563803e-07 3.71004517774054e-07 3.56607472440373e-07 3.48877307487783e-07 3.45208519547668e-07 3.41630595812603e-07 3.380829980415e-07 3.32900384591994e-07 3.27604595895536e-07 3.37987756893199e-07 3.48092868307504e-07 3.5642699458549e-07 3.70618437273151e-07 4.01115244130779e-07 4.40574837057284e-07
-9999 -9999 -9999 -9999 1.82681503702042e-06 1.85169858468726e-06 1.88090928077145e-06 1.666302182457e-06 1.43854663292586e-06 1.18905643375911e-06 9.7586644187686e-07 9.0161870502925e-07 8.2477725982244e-07 7.42803592856944e-07 6.65469144678354e-07 5.93487641253887e-07 5.32596573066257e-07 4.79321727198112e-07 4.35840547652333e-07 3.96141075498235e-07 3.75729655388568e-07 3.58722019200286e-07 3.63251814405885e-07 3.67861787253787e-07 3.69209942618909e-07 3.67253988997618e-07 3.54584898332178e-07 3.42879303616428e-07 3.32855108808872e-07 3.2035973163147e-07 3.05321520954749e-07 2.98075690352562e-07 2.95576938924569e-07 2.91766554028072e-07 2.87518957975408e-07 2.81772372545674e-07 2.75916448799762e-07 2.83656675037491e-07 2.91737990210095e-07 3.01991605056173e-07 3.19521888059171e-07 3.57308607590312e-07 4.02754750439271e-07
-9999 -9999 -9999 -9999 1.85314092959743e-06 1.88090928077145e-06 1.7091547306336e-06 1.69709949204844e-06 1.50156051859085e-06 1.28192073134414e-06 1.08786480268463e-06 9.91733600130829e-07 8.94365655312868e-07 7.94550714999787e-07 7.06779246684164e-07 6.32904061603767e-07 5.70482256989635e-07 5.15926103616948e-07 4.62788989352703e-07 4.10199817224566e-07 3.72159917105819e-07 3.36687520530177e-07 3.30598084019584e-07 3.25746100315882e-07 3.25844354165383e-07 3.23012528724576e-07 3.10680206894176e-07 3.00081211435099e-07 2.92507024823863e-07 2.81253534240022e-07 2.66214101429796e-07 2.58174367218089e-07 2.54398713650517e-07 2.50950733970967e-07 2.47611978920759e-07 2.41921100041509e-07 2.35972038353793e-07 2.39320002037857e-07 2.43783460973646e-07 2.55350556699341e-07 2.75734237220604e-07 3.20661058594851e-07 3.70345333067235e-07
-9999 -9999 -9999 -9999 1.88090928077145e-06 1.71366150425456e-06 1.63870276992384e-06 1.59230796725751e-06 1.57078443407954e-06 1.39692770062538e-06 1.23258871553844e-06 1.10468045022571e-06 9.79576952886418e-07 8.60023533277854e-07 7.60140778766072e-07 6.82954919284384e-07 6.16246097706608e-07 5.56732345557975e-07 4.96061545618431e-07 4.34943927984932e-07 3.84525378649414e-07 3.35994911893067e-07 3.17474047051292e-07 3.00982549106266e-07 2.95926270155178e-07 2.89565093680721e-07 2.78972976275327e-07 2.69674359287819e-07 2.62632994463274e-07 2.52508499443138e-07 2.39211516372961e-07 2.31119727800433e-07 2.26198878294781e-07 2.23051273451347e-07 2.20494754898937e-07 2.14886611615839e-07 2.0890351493108e-07 2.09425806474428e-07 2.1172253639179e-07 2.25319524815859e-07 2.47707674816411e-07 2.94568280878593e-07 3.43383987910784e-07
-9999 -9999 -9999 -9999 -9999 1.63719130341633e-06 1.62587946306303e-06 1.62670096415241e-06 1.64266987212613e-06 1.52142445131176e-06 1.39133817356196e-06 1.22741266750381e-06 1.07148400729784e-06 9.3137890644357e-07 8.1866727441593e-07 7.37563482289261e-07 6.65386323817074e-07 5.99339443851932e-07 5.32044452938862e-07 4.64267515098982e-07 4.03720321173751e-07 3.44448949363141e-07 3.12720004558287e-07 2.8365573712108e-07 2.71771455118142e-07 2.60743718172307e-07 2.52493265406883e-07 2.44578075125901e-07 2.37247917311834e-07 2.28204044105951e-07 2.17396788571023e-07 2.09570913511925e-07 2.03561270950559e-07 2.00687466644922e-07 1.98858941757862e-07 1.93345115917509e-07 1.87353322189665e-07 1.85721305001607e-07 1.86473272378862e-07 2.02407164806573e-07 2.26435957983995e-07 2.7299904559186e-07 3.18757543027459e-07
-9999 -9999 -9999 -9999 -9999 1.64274399594433e-06 1.64699167726212e-06 1.65862934409233e-06 1.65331255175261e-06 1.58169632413774e-06 1.49157767737051e-06 1.33064008878137e-06 1.16974172215123e-06 1.00892100363126e-06 8.80561060512264e-07 7.89655871358264e-07 7.05422849023307e-07 6.25771917839302e-07 5.49858555132232e-07 4.75388304721491e-07 4.13512708519193e-07 3.53859718416061e-07 3.16062710226106e-07 2.80788299278356e-07 2.62547246165923e-07 2.46268569981112e-07 2.36352704519049e-07 2.27113673645363e-07 2.19055806383039e-07 2.10316954962764e-07 2.00877380507336e-07 1.93262764014435e-07 1.86759905318468e-07 1.83772016271178e-07 1.81955783773446e-07 1.77306390014564e-07 1.72297760059337e-07 1.71779120705651e-07 1.73729333141637e-07 1.91401909432898e-07 2.15765069810914e-07 2.5875314690893e-07 2.99115839652586e-07
-9999 -9999 -9999 -9999 -9999 1.65188498613134e-06 1.65536107488151e-06 1.65564472354163e-06 1.6512839238203e-06 1.62867979724979e-06 1.57971146563796e-06 1.42983196838031e-06 1.26931342947501e-06 1.08774315776827e-06 9.43151519550156e-07 8.4122763155392e-07 7.43575810702168e-07 6.48857962914917e-07 5.63913488349499e-07 4.82742905205669e-07 4.21359715119252e-07 3.63468387831745e-07 3.21080619869463e-07 2.80912473726858e-07 2.56412192811695e-07 2.3476167143599e-07 2.22351303591495e-07 2.11228325497359e-07 2.0235194142515e-07 1.93757628608182e-07 1.85453572498773e-07 1.78038902731714e-07 1.71166050222382e-07 1.67983827736862e-07 1.66031810522327e-07 1.62406209369692e-07 1.58585933718314e-07 1.59856753612075e-07 1.63572750011554e-07 1.82860262043505e-07 2.07287484954577e-07 2.46022409555735e-07 2.80505474847814e-07
-9999 -9999 -9999 -9999 -9999 -9999 1.65330231993721e-06 1.65180904332374e-06 1.65270591878652e-06 1.66426161740674e-06 1.64736331953463e-06 1.52155541854881e-06 1.37745769279718e-06 1.19716946755943e-06 1.04204207218572e-06 9.15946202439955e-07 7.89794341926608e-07 6.63603941575275e-07 5.56166924070567e-07 4.55971303381375e-07 3.90508489545027e-07 3.31174987877603e-07 2.91600201762776e-07 2.545586994529e-07 2.35022255878903e-07 2.17957605741503e-07 2.08907579235529e-07 2.0102064013372e-07 1.95163380567465e-07 1.88846769333395e-07 1.82057462438934e-07 1.75070184127435e-07 1.67962312502823e-07 1.62526404778873e-07 1.57647818355144e-07 1.52819808363347e-07 1.48057296200932e-07 1.51424856653648e-07 1.57039067971709e-07 1.76960611497634e-07 2.00583940568322e-07 2.34512143038046e-07 2.64473555944278e-07
