Ecospace-environmental-drivers/Outputs/ASCII-for-ecospace/MOM6-ISIMIP3a/chl/2003-12_chl_MOM6-ISIMIP3a.asc
NCOLS 131 
NROWS 53 
XLLCORNER -98 
YLLCORNER 23.9265270233154 
CELLSIZE 0.133587792515755 
NODATA_value -9999 
[rows 19 to 37 of 53, columns 0 to 42 of 131]
-9999 -9999 -9999 -9999 -9999 -9999 -9999 -9999 1.69451038800617e-06 1.81407028776448e-06 1.81119196440704e-06 1.81848645297578e-06 1.90093658147816e-06 2.05268224817701e-06 2.01547936740099e-06 1.93534992831701e-06 1.84312364126527e-06 1.74259002960753e-06 1.65630501669511e-06 1.57552199198108e-06 1.50079813465709e-06 1.42714338835503e-06 1.39738199322892e-06 1.37031929625664e-06 1.35773768761283e-06 1.34231470383384e-06 1.31767899347324e-06 1.28922067688109e-06 1.25409144402511e-06 1.21851712719945e-06 1.18248487979145e-06 1.16761020763079e-06 1.16562478069682e-06 1.16628564228449e-06 1.16782871373289e-06 1.16231547053758e-06 1.15576335701917e-06 1.14037288767577e-06 1.12479665403953e-06 1.10803705410945e-06 1.09392578906409e-06 1.08718677438446e-06 1.08257802367007e-06
-9999 -9999 -9999 -9999 -9999 -9999 -9999 -9999 1.58634918534517e-06 1.68311180459568e-06 1.81407028776448e-06 1.80101915248088e-06 1.81848645297578e-06 1.83164104328171e-06 1.80380141046044e-06 1.72866123193671e-06 1.6462734038214e-06 1.55890847963747e-06 1.4658448890259e-06 1.37058088967024e-06 1.30278158394503e-06 1.23982897548558e-06 1.21590119306347e-06 1.19424350941699e-06 1.18438310892088e-06 1.17209879135771e-06 1.15195473426866e-06 1.12707164134918e-06 1.09391862679331e-06 1.05864194210881e-06 1.02117996902962e-06 1.00499448763003e-06 1.00177032891224e-06 1.00110491985106e-06 1.0012925031333e-06 9.95337245512928e-07 9.88532292467426e-07 9.81627522378403e-07 9.74284716903639e-07 9.6415192274435e-07 9.55817995418329e-07 9.52491404859757e-07 9.55407926994667e-07
-9999 -9999 -9999 -9999 -9999 -9999 1.55379268562683e-06 1.55745647134609e-06 1.56580858856614e-06 1.58634918534517e-06 1.64891582699056e-06 1.81407028776448e-06 1.77050083038921e-06 1.64071957442502e-06 1.5392029126815e-06 1.47029913932784e-06 1.40020938488306e-06 1.32930540530651e-06 1.24876873996982e-06 1.16451269605022e-06 1.10656810647924e-06 1.05326671473449e-06 1.03687170849298e-06 1.02231729215418e-06 1.01636715044151e-06 1.00804959402012e-06 9.92056470749958e-07 9.71623762779927e-07 9.43443410506006e-07 9.12059590518766e-07 8.77379363828368e-07 8.61086732584226e-07 8.55995665460796e-07 8.504957236255e-07 8.44859528115194e-07 8.38060827845766e-07 8.31168620152312e-07 8.33603564842633e-07 8.35463765724853e-07 8.33663989396882e-07 8.31940781154117e-07 8.30430792575498e-07 8.41225471504004e-07
-9999 -9999 -9999 -9999 -9999 -9999 1.55209124841349e-06 1.55379268562683e-06 1.56112037075218e-06 1.56197211254039e-06 1.58634918534517e-06 1.54632812154887e-06 1.47717980780726e-06 1.35039692850114e-06 1.26252712107089e-06 1.21955656595674e-06 1.16855392207071e-06 1.11203519281844e-06 1.0492384490135e-06 9.84017674454662e-07 9.44117402923439e-07 9.08685478862026e-07 9.0658704721136e-07 9.05419824448472e-07 9.05930676253774e-07 9.05688352759171e-07 9.03003979146888e-07 8.96050778464996e-07 8.81648304584814e-07 8.58940779835393e-07 8.27687642868113e-07 8.12086170753901e-07 8.060196137194e-07 8.0134617519434e-07 7.97137090557953e-07 7.87588930961647e-07 7.7732875070069e-07 7.70670794736361e-07 7.64793639973504e-07 7.63888976962335e-07 7.65870083796472e-07 7.75884359427437e-07 7.97398456597875e-07
-9999 -9999 -9999 -9999 1.66433801496169e-06 1.58517229920108e-06 1.55264115164755e-06 1.54983979427925e-06 1.55379268562683e-06 1.56844805587752e-06 1.5392987506857e-06 1.34248352878785e-06 1.17408421829168e-06 1.06191225768271e-06 9.94199353954173e-07 9.77785134637088e-07 9.46605439366976e-07 9.05285503449704e-07 8.60474017372326e-07 8.14314262242988e-07 7.92251512393705e-07 7.74441105022561e-07 7.85919780810218e-07 7.97467521351791e-07 8.04246042207524e-07 8.11890288332506e-07 8.22341519324254e-07 8.28903182537033e-07 8.28677002573386e-07 8.15164071354957e-07 7.87979274718964e-07 7.73607155224454e-07 7.67040432947397e-07 7.63599928177428e-07 7.61201420118596e-07 7.4881404543703e-07 7.35020307729428e-07 7.17643047210004e-07 7.02439251654141e-07 7.01076771747466e-07 7.05885383922578e-07 7.2787281624187e-07 7.59592637677997e-07
-9999 -9999 -9999 -9999 1.84731641184044e-06 1.67222242453136e-06 1.6177034467546e-06 1.55264115164755e-06 1.54308565925021e-06 1.4214715520211e-06 1.29479667521082e-06 1.14875183498953e-06 1.02112312561076e-06 9.29934572013735e-07 8.78956427641242e-07 8.74374734394223e-07 8.66543985011958e-07 8.5648196090915e-07 8.27086353183404e-07 7.90225271884992e-07 7.72189366671228e-07 7.57475504542526e-07 7.62074307658622e-07 7.67266953971557e-07 7.73883982674306e-07 7.81087919676793e-07 7.90194860655902e-07 7.99389908934245e-07 8.08738775504025e-07 8.06899379313109e-07 7.93547542343731e-07 7.88272302543191e-07 7.87917315392406e-07 7.85230042765761e-07 7.81765379542776e-07 7.67477786212112e-07 7.51581808344781e-07 7.20045420621318e-07 6.90793456215033e-07 6.76089257467538e-07 6.72947749080777e-07 7.01993997154204e-07 7.31835598344333e-07
-9999 -9999 -9999 -9999 -9999 1.84731641184044e-06 1.67122857419599e-06 1.68276574186166e-06 1.50496100559394e-06 1.27328814869543e-06 1.06928234799852e-06 9.71173903963063e-07 8.82480208019842e-07 8.12415407835942e-07 7.77265256601822e-07 7.82401059495896e-07 7.93886783867492e-07 8.09733307960414e-07 7.95614425896929e-07 7.69924781707232e-07 7.5622187978297e-07 7.44634292004775e-07 7.4307223485448e-07 7.42528186492564e-07 7.48638001368818e-07 7.55218479753239e-07 7.63324806030141e-07 7.74759655541857e-07 7.92002992966445e-07 8.01038879671978e-07 8.01629482793942e-07 8.04789408448414e-07 8.09514574484638e-07 8.06596744951094e-07 8.01131307071046e-07 7.83910422796907e-07 7.64876233461109e-07 7.19630065759702e-07 6.77033199281141e-07 6.51307288990211e-07 6.40882035440882e-07 6.7304989670447e-07 6.9972884375602e-07
-9999 -9999 -9999 -9999 -9999 1.81905625140644e-06 1.84731641184044e-06 1.60219099143433e-06 1.34661740958109e-06 1.11981330519484e-06 9.27023393160198e-07 8.64425430791016e-07 8.06618800197612e-07 7.58292969749164e-07 7.3499478503436e-07 7.40574648716574e-07 7.53695246658026e-07 7.71994450587954e-07 7.72542477989191e-07 7.66236212257354e-07 7.58208670958993e-07 7.4987735843024e-07 7.45307090710412e-07 7.41737949283561e-07 7.45824763725977e-07 7.50978472296993e-07 7.59591443966201e-07 7.71539873767324e-07 7.89308899129537e-07 8.05719821528328e-07 8.20733362161263e-07 8.29426937798416e-07 8.34270508676127e-07 8.26808388865174e-07 8.15244391105807e-07 7.90560477526014e-07 7.63845434903487e-07 7.06859850652108e-07 6.54001439670537e-07 6.27426800292596e-07 6.12639439623308e-07 6.30665113021678e-07 6.48550269488624e-07
-9999 -9999 1.76295463916176e-06 1.76819503394654e-06 1.77204083229299e-06 1.79076266704215e-06 1.81908978902356e-06 1.51654660385248e-06 1.20472236631031e-06 9.8827808869828e-07 8.10238873327762e-07 7.79198103373346e-07 7.4786345294342e-07 7.15947464868805e-07 7.01213366482989e-07 7.06304547293257e-07 7.19681452210352e-07 7.38748553885671e-07 7.50014919503883e-07 7.58269095513242e-07 7.55852738620888e-07 7.51553272948513e-07 7.45415377423342e-07 7.40267523724469e-07 7.43705925287941e-07 7.48186209875712e-07 7.56044642002962e-07 7.67305493809545e-07 7.84504038620071e-07 8.04746548510593e-07 8.28121358154021e-07 8.39184394862968e-07 8.42747226670326e-07 8.32387115679012e-07 8.17386080598226e-07 7.88456247846625e-07 7.5734806159744e-07 6.91041748268617e-07 6.30113333954796e-07 6.03433193191449e-07 5.85364432481583e-07 5.91267451000022e-07 6.01629665197834e-07
-9999.000000000000000 -9999 -9999 -9999 1.74178160250449e-06 1.75331911123067e-06 1.7360625861329e-06 1.41984094170766e-06 1.09871575659781e-06 9.04611852092785e-07 7.49035621083749e-07 7.40926736852998e-07 7.26431039765885e-07 6.99297572737123e-07 6.85953807533224e-07 6.88521140546072e-07 6.9914653977321e-07 7.15305759513285e-07 7.28675047412253e-07 7.40966981993552e-07 7.44021690479713e-07 7.45446300243202e-07 7.40883649541502e-07 7.3731303018576e-07 7.4310219133622e-07 7.48552622553689e-07 7.52904725231929e-07 7.60857574277907e-07 7.75093951688177e-07 7.91436718827754e-07 8.09946925528493e-07 8.16475562714913e-07 8.15705050172255e-07 8.0603905416865e-07 7.9340787806359e-07 7.67251435718208e-07 7.38923290555249e-07 6.68573704842856e-07 6.04356557687424e-07 5.79192885652446e-07 5.60200419386092e-07 5.58387341698108e-07 5.63999321911979e-07
-9999 -9999 -9999 -9999 1.7039784552253e-06 1.68126314292749e-06 1.68360929819755e-06 1.35952598157019e-06 1.03103684523376e-06 8.52356606628746e-07 7.12253722667811e-07 7.19808440408087e-07 7.16120609922655e-07 6.90187107466045e-07 6.76892170758947e-07 6.78180128943495e-07 6.86661906001973e-07 7.00083944593644e-07 7.11484460680367e-07 7.22104346095875e-07 7.29217219941347e-07 7.35711239485681e-07 7.33719275558542e-07 7.32584794604918e-07 7.40144571409473e-07 7.46295768294658e-07 7.47879596474377e-07 7.52104995171976e-07 7.6094022460893e-07 7.71414249811642e-07 7.83574648721697e-07 7.86472128311289e-07 7.83726704867149e-07 7.74129091496434e-07 7.62247395869053e-07 7.37423988539376e-07 7.10487313426711e-07 6.38446294942696e-07 5.72786632346833e-07 5.47765523606358e-07 5.27544045780814e-07 5.20683386184828e-07 5.2264675787228e-07
-9999 -9999 -9999 -9999 1.67930807037919e-06 1.67735299783089e-06 1.67493897151871e-06 1.34499350679107e-06 1.01157741028146e-06 8.39618849113322e-07 7.06195748989558e-07 7.20269895282399e-07 7.19802585535945e-07 6.90561819283175e-07 6.75628029966902e-07 6.77202308452252e-07 6.84305234699423e-07 6.95204789735726e-07 6.99514032476145e-07 7.01278509041003e-07 7.1067199769459e-07 7.21411765880475e-07 7.23242862932238e-07 7.25625113773276e-07 7.34225693577173e-07 7.40738585136569e-07 7.40482619221439e-07 7.40453060643631e-07 7.40818734357163e-07 7.42946895115892e-07 7.46888758840214e-07 7.47291494462843e-07 7.455382160515e-07 7.35221874492709e-07 7.22051197499241e-07 6.96748600148567e-07 6.69456369450927e-07 5.98682731833833e-07 5.33903232735611e-07 5.07296419982595e-07 4.85461555399525e-07 4.76910543056874e-07 4.76611432986829e-07
-9999 -9999 -9999 -9999 1.67735299783089e-06 1.6744307913541e-06 1.67100040471269e-06 1.35676646095817e-06 1.0383988637841e-06 8.65504830471764e-07 7.29942200905498e-07 7.37268521788792e-07 7.30810484128597e-07 6.97077155109582e-07 6.77695652484545e-07 6.74873831485456e-07 6.80547941556142e-07 6.92056630668958e-07 6.90598938035691e-07 6.84134477069165e-07 6.92101195909345e-07 7.02614670444746e-07 7.08020934325759e-07 7.13732333679218e-07 7.22918400697381e-07 7.30376768842689e-07 7.32233104372426e-07 7.30026158635155e-07 7.2072845114235e-07 7.13195902335428e-07 7.07479728134786e-07 7.0507491045646e-07 7.04687295183248e-07 6.93471008617053e-07 6.78645164953195e-07 6.49089258786262e-07 6.17259729551733e-07 5.52400081232918e-07 4.92988988298748e-07 4.68276311949012e-07 4.46897331585205e-07 4.34798494097777e-07 4.2950213696713e-07
-9999 -9999 -9999 -9999 1.67426139796589e-06 1.67100040471269e-06 1.40904057843727e-06 1.38826885631715e-06 1.09993152364041e-06 9.20358957046119e-07 7.76042270445032e-07 7.666700412301e-07 7.47312867588334e-07 7.08198115262348e-07 6.82262168538728e-07 6.71532347951143e-07 6.75740295719152e-07 6.90206775288971e-07 6.83975372339773e-07 6.69751784698747e-07 6.73511351578782e-07 6.80444372846978e-07 6.89239868734148e-07 6.98139729138347e-07 7.07569881797099e-07 7.16411307166709e-07 7.2334410106123e-07 7.20517959962308e-07 7.00661587416107e-07 6.82482209413138e-07 6.66028427076526e-07 6.6058134962077e-07 6.61839408166998e-07 6.4958732082232e-07 6.32831813618395e-07 5.96191796375933e-07 5.5668868981229e-07 5.01227987115271e-07 4.50551567610091e-07 4.3034293639721e-07 4.10971779274405e-07 3.93931998132757e-07 3.81587369702174e-07
-9999 -9999 -9999 -9999 1.67100040471269e-06 1.41673569942213e-06 1.2943107776664e-06 1.22012659176107e-06 1.19293667921738e-06 1.00520912837965e-06 8.48266836328548e-07 8.09157540970773e-07 7.67820495184424e-07 7.22075355952256e-07 6.87151327838365e-07 6.64713184050925e-07 6.61495562326309e-07 6.71477550895361e-07 6.63489572616527e-07 6.48562718197354e-07 6.53755591883964e-07 6.6249896235604e-07 6.74508100928506e-07 6.8636069272543e-07 6.96312667969323e-07 7.04789897554292e-07 7.0848545874469e-07 7.01076487530372e-07 6.74289253765892e-07 6.48690502202953e-07 6.24314736796805e-07 6.14276075339149e-07 6.12971405189455e-07 5.95627170696389e-07 5.72936414755532e-07 5.32770172867458e-07 4.90195816382766e-07 4.48618919790533e-07 4.09879390872447e-07 3.89209219520126e-07 3.68806325923288e-07 3.4914737057079e-07 3.33211602310257e-07
-9999 -9999 -9999 -9999 -9999 1.31446495288401e-06 1.29259115055902e-06 1.27453688492096e-06 1.29943043702951e-06 1.1029148936359e-06 9.3168773673824e-07 8.57253326103091e-07 7.90044680343271e-07 7.37133859729511e-07 6.9217878717609e-07 6.56403528864757e-07 6.43206249151262e-07 6.45514319330687e-07 6.37062782971043e-07 6.24456504283444e-07 6.33500121693942e-07 6.46364242129494e-07 6.61511819544103e-07 6.76216075135017e-07 6.86808903083147e-07 6.94173024839984e-07 6.91068294145225e-07 6.77377897773113e-07 6.45214527139615e-07 6.13579686614685e-07 5.82488667077996e-07 5.67194376799307e-07 5.6152333627324e-07 5.37348455509346e-07 5.07005779581959e-07 4.64838109337506e-07 4.21164969566235e-07 3.95393954022438e-07 3.69963743196422e-07 3.46703927789349e-07 3.23966560245026e-07 3.02683559993966e-07 2.8463824719438e-07
-9999 -9999 -9999 -9999 -9999 1.3527051123674e-06 1.35649281673977e-06 1.38311008868186e-06 1.36520236537763e-06 1.17527633847203e-06 1.00345573628147e-06 9.00934708170098e-07 8.11600330052897e-07 7.48358559121698e-07 6.93635115567304e-07 6.48740410724713e-07 6.26129633474193e-07 6.18822241449379e-07 6.15012538673909e-07 6.12553435530572e-07 6.24344693278545e-07 6.38650760720338e-07 6.53922199944645e-07 6.682851108053e-07 6.74900945796253e-07 6.77978221119702e-07 6.69582163936866e-07 6.52217750030104e-07 6.19202751295234e-07 5.83983705837454e-07 5.46496721653966e-07 5.20281446370063e-07 5.00932742397708e-07 4.71631494747271e-07 4.39012808328698e-07 4.042023817874e-07 3.69172994396649e-07 3.45811059787593e-07 3.22421385590133e-07 2.98854843094887e-07 2.7725732820727e-07 2.61141138935272e-07 2.48472474595474e-07
-9999 -9999 -9999 -9999 -9999 1.39106862206972e-06 1.40903125611658e-06 1.41183136292966e-06 1.42254896218219e-06 1.24239397791825e-06 1.07281266537029e-06 9.43702730182849e-07 8.33017622881016e-07 7.58790065447101e-07 6.94352536356746e-07 6.41211045149248e-07 6.09303924647975e-07 5.91979414821253e-07 5.93867810039228e-07 6.03175124069821e-07 6.17485909515381e-07 6.32679643786105e-07 6.4745120198495e-07 6.60812190744764e-07 6.62495494907489e-07 6.60629325466289e-07 6.47254182695178e-07 6.26755252142175e-07 5.93824722727732e-07 5.55528799850435e-07 5.11711903072865e-07 4.734034178e-07 4.38450541651036e-07 4.0437552684125e-07 3.70593141951758e-07 3.45076244911979e-07 3.20706362799683e-07 2.96981738756585e-07 2.73301026254558e-07 2.49900125481872e-07 2.3016131933673e-07 2.20616954038633e-07 2.1487383605745e-07
-9999 -9999 -9999 -9999 -9999 -9999 1.40768179335282e-06 1.43215220305137e-06 1.41842849643581e-06 1.24475252505363e-06 1.0790633950819e-06 9.43944428399845e-07 8.28253519102873e-07 7.51005245547276e-07 6.84873327827518e-07 6.31567900200025e-07 5.9630974647007e-07 5.73445390728011e-07 5.72687611111178e-07 5.80466007704672e-07 5.91577986597258e-07 6.03278238031635e-07 6.11178563758585e-07 6.18403987573402e-07 6.20698074271786e-07 6.18836111243581e-07 6.03498278906045e-07 5.82778000079998e-07 5.5266491472139e-07 5.14674184159958e-07 4.68577610490684e-07 4.26552617227571e-07 3.87008043389869e-07 3.54346695985441e-07 3.23979719496492e-07 3.00652260420975e-07 2.782956869396e-07 2.55651571023918e-07 2.34154057920932e-07 2.19958351976857e-07 2.09188101507607e-07 2.07953519293369e-07 2.09039612286688e-07
