Ecospace-environmental-drivers/Outputs/ASCII-for-ecospace/MOM6-ISIMIP3a/chl/2003-04_chl_MOM6-ISIMIP3a.asc
NCOLS 131 
NROWS 53 
XLLCORNER -98 
YLLCORNER 23.9265270233154 
CELLSIZE 0.133587792515755 
NODATA_value -9999 
[rows 19 to 37 of 53, columns 43 to 85 of 131]
8.33960200452566e-07 7.97203313140926e-07 7.75300577515736e-07 7.89094826814107e-07 8.22110337139748e-07 8.72593432177382e-07 9.28044244119519e-07 9.78363004833227e-07 1.02652654732083e-06 1.03068714452093e-06 1.03316881450155e-06 1.02711021554569e-06 1.03260947525996e-06 1.06601669358497e-06 1.09952043203521e-06 1.13315707039874e-06 1.14044996735174e-06 1.12618931780162e-06 1.10887685877969e-06 1.09011887161614e-06 1.10021017007966e-06 1.11719441520108e-06 1.19177445867535e-06 1.2673269793595e-06 1.29944601212628e-06 1.33090804865788e-06 1.35962056901917e-06 1.39068924909225e-06 1.42673206937616e-06 1.43734200719337e-06 1.41686746246705e-06 1.3723062011195e-06 1.31020044591423e-06 1.22644019029394e-06 1.13371220322733e-06 1.02789260836289e-06 9.19499598239781e-07 8.09466996543051e-07 7.03185094153014e-07 6.34136199550994e-07 5.70424731449748e-07 5.25480231772235e-07 4.78944627957389e-07
6.05354102845013e-07 5.78055164623947e-07 5.5461043757532e-07 5.52756034721824e-07 5.62527077363484e-07 5.88368834542052e-07 6.18781086814124e-07 6.5647674318825e-07 6.93948209118389e-07 7.05240324805345e-07 7.16970760095137e-07 7.30931049020001e-07 7.5958701017953e-07 8.23727248189243e-07 8.8381557361572e-07 9.3834114522906e-07 9.69152438301535e-07 9.80561253527412e-07 9.7328575066058e-07 9.57159727477119e-07 9.69289999375178e-07 9.88171677818173e-07 1.06925620002585e-06 1.1520681937327e-06 1.19782737328933e-06 1.2414079719747e-06 1.27587065890111e-06 1.31171850625833e-06 1.35049049276859e-06 1.37344386530458e-06 1.3770635405308e-06 1.34801064177736e-06 1.29515967728366e-06 1.22325161555636e-06 1.14345152724127e-06 1.04252524124604e-06 9.37446202442516e-07 8.1711391430872e-07 6.98606811511127e-07 6.03447176672489e-07 5.17616001616261e-07 4.64583905568361e-07 4.14613282373466e-07
3.98017562019959e-07 3.8754242837058e-07 3.68952242979503e-07 3.54049063844286e-07 3.41131169534492e-07 3.40288693223556e-07 3.42880497328224e-07 3.64489778803545e-07 3.87762725040375e-07 4.0339702422898e-07 4.21390609517402e-07 4.51385631095036e-07 4.97863823056832e-07 5.84142298976076e-07 6.63615935536654e-07 7.3374729936404e-07 7.8917253176769e-07 8.32565604014235e-07 8.40138284274872e-07 8.30743545066071e-07 8.45208603550418e-07 8.65374545355735e-07 9.50443450165039e-07 1.03812180896057e-06 1.09888514998602e-06 1.15535692657431e-06 1.19386913866038e-06 1.23219865599822e-06 1.27014266126935e-06 1.30497107875271e-06 1.33599144191976e-06 1.32405716612993e-06 1.28083536310442e-06 1.2213249647175e-06 1.15506895781436e-06 1.06207733097108e-06 9.63830188993597e-07 8.37540142129001e-07 7.10768063072464e-07 5.89431749631331e-07 4.81119400319585e-07 4.18599768181593e-07 3.63809817827132e-07
2.79639778000274e-07 2.77339893273165e-07 2.69102287120404e-07 2.6057244895128e-07 2.51885211355329e-07 2.48772749955606e-07 2.47245793616457e-07 2.59567741522915e-07 2.73322910970819e-07 2.87499915430089e-07 3.03226016740155e-07 3.26832349628603e-07 3.62028401923453e-07 4.25209037757668e-07 4.87836302909272e-07 5.49703884189512e-07 6.13863790022151e-07 6.79899244460103e-07 7.05620436747267e-07 7.12245594058913e-07 7.36668880563229e-07 7.65344680075941e-07 8.47331023123843e-07 9.31352701627475e-07 9.91692900242924e-07 1.05142737538699e-06 1.10862754354457e-06 1.16173202968639e-06 1.20619029075897e-06 1.23607594559871e-06 1.24815062463313e-06 1.24325845263229e-06 1.22600783925009e-06 1.18639513857488e-06 1.13752162178571e-06 1.0550864999459e-06 9.6605401722627e-07 8.38509890854766e-07 7.10034441908647e-07 5.86393241519545e-07 4.75656662501933e-07 4.10293466757139e-07 3.54342603259283e-07
1.73112752577254e-07 1.77767219611269e-07 1.79636884922729e-07 1.78555367824629e-07 1.7588477874142e-07 1.72521851027341e-07 1.68962003499473e-07 1.73017951965448e-07 1.78116877691537e-07 1.90327938298651e-07 2.0311486537139e-07 2.18831061715719e-07 2.40819559849115e-07 2.77953148497545e-07 3.21129817848487e-07 3.72602812603873e-07 4.43075862222031e-07 5.29094279499986e-07 5.72730129988486e-07 5.962902491774e-07 6.31903219527885e-07 6.70396104851534e-07 7.48639479297708e-07 8.28141423880879e-07 8.86215786977118e-07 9.47583203014801e-07 1.02273270385922e-06 1.09004952264513e-06 1.14083115931862e-06 1.16505793812394e-06 1.15682928480965e-06 1.15826389901486e-06 1.16673720640392e-06 1.14614078938757e-06 1.11350539100386e-06 1.04100354292314e-06 9.60664920057752e-07 8.32876764889079e-07 7.0398016305262e-07 5.81421204515209e-07 4.71204458563079e-07 4.04383598606728e-07 3.48168470054588e-07
1.49213192912612e-07 1.51654120372768e-07 1.52604073377915e-07 1.52055704916165e-07 1.50700543599669e-07 1.49420159800684e-07 1.48161035440353e-07 1.52172617617907e-07 1.56890223479422e-07 1.66103845344878e-07 1.75695618054306e-07 1.87210986268838e-07 2.01165391899849e-07 2.21009159417918e-07 2.47753689563979e-07 2.83972070747041e-07 3.4095762657671e-07 4.14934248738064e-07 4.68435843004045e-07 5.12238841565704e-07 5.69686108065071e-07 6.30393344636104e-07 7.02967042798264e-07 7.74529780755984e-07 8.19513218175416e-07 8.67841890794807e-07 9.30170926949359e-07 9.86811983239022e-07 1.03144532204169e-06 1.05954597984237e-06 1.06744028016692e-06 1.076190301319e-06 1.08556355371547e-06 1.05991693999385e-06 1.01976741007093e-06 9.43586201174185e-07 8.60321961226873e-07 7.42986287605163e-07 6.26497694611317e-07 5.30610122950748e-07 4.44032565383168e-07 3.9018948427838e-07 3.4386269476272e-07
1.33180506622921e-07 1.33373873723031e-07 1.32822663090337e-07 1.32372491634669e-07 1.3197674775256e-07 1.3249271546556e-07 1.33267974433693e-07 1.37378322051518e-07 1.4188027819273e-07 1.47738674627362e-07 1.53800897351175e-07 1.6089988719159e-07 1.67661426075938e-07 1.73608100340061e-07 1.86826468961954e-07 2.10027906177856e-07 2.54450867487321e-07 3.16236707931239e-07 3.77924635586169e-07 4.39566179011308e-07 5.16361581048841e-07 5.96777738337551e-07 6.63226842334552e-07 7.26659777683381e-07 7.60159025503526e-07 7.96640335920529e-07 8.45602130539191e-07 8.91012120973755e-07 9.28924066556647e-07 9.58439954956702e-07 9.77694071480073e-07 9.90224748420587e-07 9.97858137452567e-07 9.66848574535106e-07 9.19835542845249e-07 8.41579037569318e-07 7.57180771415733e-07 6.52247535981587e-07 5.49775279523601e-07 4.78772165024566e-07 4.14509145230113e-07 3.73944430975826e-07 3.37945095907344e-07
1.5164179956173e-07 1.49438406538138e-07 1.44836519666569e-07 1.42577533779331e-07 1.41580116519435e-07 1.42637574640503e-07 1.44279425740024e-07 1.49116118564052e-07 1.54128770191164e-07 1.55063247575526e-07 1.56129658535065e-07 1.57867233951947e-07 1.61124262376688e-07 1.68050121374108e-07 1.8048413608085e-07 2.00480130274627e-07 2.36396246577897e-07 2.8533779072859e-07 3.47848128967598e-07 4.16785724155488e-07 5.0202891088702e-07 5.91168088703853e-07 6.49497849281033e-07 7.03965383763716e-07 7.33025444787927e-07 7.62883303195849e-07 7.9607991665398e-07 8.27824180760217e-07 8.56502254009683e-07 8.76652848091908e-07 8.86381030795746e-07 8.87194005372294e-07 8.81513130934763e-07 8.43768475533579e-07 7.92745083799673e-07 7.19446859420714e-07 6.41769929643488e-07 5.5778946261853e-07 4.76385565661985e-07 4.22431781998966e-07 3.74674925751606e-07 3.48706748809491e-07 3.24959984254747e-07
1.70801456533809e-07 1.65988140565787e-07 1.58225233803932e-07 1.54543073449531e-07 1.53058209662049e-07 1.54320304091016e-07 1.56363626047096e-07 1.61369342777107e-07 1.66335397011608e-07 1.62043860996164e-07 1.58020341700649e-07 1.55360197595655e-07 1.55555653691408e-07 1.62646273338396e-07 1.73918891732683e-07 1.90932809118749e-07 2.198264752451e-07 2.58439825984169e-07 3.18876431038007e-07 3.89650210763648e-07 4.76766501833481e-07 5.67787594718538e-07 6.19418926817161e-07 6.66758182887861e-07 6.91013042342092e-07 7.14479483576724e-07 7.34646448563581e-07 7.54551138015813e-07 7.73902058881504e-07 7.84568385370221e-07 7.84620397098479e-07 7.74673935666215e-07 7.57444752252923e-07 7.15266367024014e-07 6.62755610392196e-07 5.97357768583606e-07 5.29426642970066e-07 4.66543809807263e-07 4.06213132464472e-07 3.68987770116291e-07 3.37084685497757e-07 3.23894880693842e-07 3.10971358885581e-07
1.91484843981016e-07 1.83596512215445e-07 1.74613688841418e-07 1.70349721884122e-07 1.68626669960759e-07 1.69358457924318e-07 1.70788396758326e-07 1.74747157188904e-07 1.78450633825378e-07 1.68274013390146e-07 1.58955202778088e-07 1.53999948793171e-07 1.52100298578262e-07 1.57578753601229e-07 1.66867266671034e-07 1.81386496933555e-07 2.06496395094291e-07 2.40271276652493e-07 2.92315178285207e-07 3.53012666209906e-07 4.27657028012618e-07 5.05633806824335e-07 5.53666836822231e-07 5.97886185005336e-07 6.16537136011175e-07 6.34118634934566e-07 6.47224339900276e-07 6.59273950986972e-07 6.69094163185946e-07 6.70016731874057e-07 6.60064586099907e-07 6.41449730665045e-07 6.16525142049795e-07 5.74934176711395e-07 5.26441056081239e-07 4.75362753604713e-07 4.23776327806991e-07 3.8230712107179e-07 3.43060293062081e-07 3.21863240060338e-07 3.04390425753809e-07 3.00012203524602e-07 2.94793210287025e-07
2.10889879781462e-07 2.01136217015119e-07 1.91272107485929e-07 1.8684288249915e-07 1.85340127245581e-07 1.85717468070834e-07 1.86629520726456e-07 1.87644104698848e-07 1.88114739785306e-07 1.73616555798617e-07 1.60190452902498e-07 1.52217921822739e-07 1.4721184982136e-07 1.49368560187213e-07 1.55159042947162e-07 1.65938217833173e-07 1.85912341521544e-07 2.13409506955031e-07 2.55602429888313e-07 3.04756383684435e-07 3.65397994528394e-07 4.28784403538884e-07 4.71313597927292e-07 5.1075409146506e-07 5.26093742792e-07 5.40059716058749e-07 5.48276659628755e-07 5.54863618162926e-07 5.58009446649521e-07 5.53043605577841e-07 5.38163533292391e-07 5.16044394771598e-07 4.88652517560695e-07 4.51565739467696e-07 4.10464025435431e-07 3.72799661363388e-07 3.35811023433052e-07 3.10519453705638e-07 2.87160844436585e-07 2.78453256896682e-07 2.72262496991971e-07 2.74921035270381e-07 2.75855796871838e-07
2.28686687364643e-07 2.18589534028979e-07 2.08270137136424e-07 2.04199707809494e-07 2.03494082029465e-07 2.03738238724327e-07 2.04252501134761e-07 1.9993611033442e-07 1.94695147115453e-07 1.77842395032712e-07 1.61803598075494e-07 1.49905275748097e-07 1.40520427294177e-07 1.37204651196043e-07 1.37592451210367e-07 1.43064781354951e-07 1.56202176526676e-07 1.75610921360203e-07 2.06118272672029e-07 2.41882787577197e-07 2.86595764009689e-07 3.33446791955794e-07 3.68074665857421e-07 4.00649327048086e-07 4.15561885347415e-07 4.28767435778354e-07 4.34828876905158e-07 4.38962899806938e-07 4.39028013943243e-07 4.33024069934618e-07 4.19602514512007e-07 4.00475954620561e-07 3.77193998701841e-07 3.49539163835288e-07 3.2007332606554e-07 2.94683530910334e-07 2.7009497216568e-07 2.54393711429657e-07 2.40386782479618e-07 2.3971654172783e-07 2.40847128907262e-07 2.48309532935309e-07 2.53446955866821e-07
2.40912470417243e-07 2.33775296010208e-07 2.25703630007956e-07 2.2287696310741e-07 2.22874504629544e-07 2.23065683258028e-07 2.23311928948533e-07 2.1523284488012e-07 2.05887502602309e-07 1.85362196702954e-07 1.65604319590784e-07 1.49750150058026e-07 1.36676078454911e-07 1.30314873558746e-07 1.27512308267796e-07 1.29595292719387e-07 1.37235417696502e-07 1.49422248796327e-07 1.69512702541397e-07 1.93346934906913e-07 2.24725226871669e-07 2.57906037859357e-07 2.86151390582745e-07 3.13187484834998e-07 3.27558581147969e-07 3.39914464575486e-07 3.43836461524916e-07 3.46177500887279e-07 3.45180922067811e-07 3.40175347446348e-07 3.30269926962501e-07 3.1502460728916e-07 2.95889805101979e-07 2.75221793799574e-07 2.53918841508494e-07 2.36612024195892e-07 2.20090782931948e-07 2.10582655313374e-07 2.02438343421818e-07 2.05079572879185e-07 2.09235565762356e-07 2.18717516986544e-07 2.2648259800917e-07
2.48959935333914e-07 2.47260402375105e-07 2.43463745164263e-07 2.42544558659574e-07 2.43174781644484e-07 2.43373136754599e-07 2.43448681658265e-07 2.32783179399121e-07 2.20538836970263e-07 1.95352498622015e-07 1.71045726915509e-07 1.5121320018352e-07 1.34967081066861e-07 1.27380744174843e-07 1.23047072975169e-07 1.23178864441797e-07 1.26326327176685e-07 1.31941135350644e-07 1.42566207728123e-07 1.55564521264751e-07 1.7555368003741e-07 1.97213182673295e-07 2.20215085278141e-07 2.42708097175637e-07 2.56451897939769e-07 2.67891181238156e-07 2.69685841658429e-07 2.70728804707687e-07 2.70184898454318e-07 2.67705019041387e-07 2.62859003896665e-07 2.52161413527574e-07 2.37201660979736e-07 2.2168664770561e-07 2.05941702802193e-07 1.93574209106373e-07 1.81870632331993e-07 1.76007787899835e-07 1.71109221014376e-07 1.73517491930397e-07 1.77476877638583e-07 1.86890090958514e-07 1.96101581195762e-07
2.36484126503456e-07 2.41835039105354e-07 2.44556446205024e-07 2.47470012482154e-07 2.5048706220332e-07 2.48055215479326e-07 2.44073703470349e-07 2.30341385076827e-07 2.15190226526829e-07 1.88679308621431e-07 1.63484088488985e-07 1.44981626704066e-07 1.30543128307181e-07 1.25917495097383e-07 1.23711927813019e-07 1.24828773095942e-07 1.27875580346881e-07 1.32501440930355e-07 1.39845568014607e-07 1.48477283801185e-07 1.61449349889153e-07 1.75458467310818e-07 1.92677546806408e-07 2.09781319426838e-07 2.21996884874898e-07 2.31826902563625e-07 2.31673226380735e-07 2.30582372751087e-07 2.27513041295424e-07 2.24216563537993e-07 2.20642462522846e-07 2.11863365962017e-07 1.99293054947702e-07 1.86699878668151e-07 1.74097237959359e-07 1.64615684639102e-07 1.5574767076032e-07 1.52207817905037e-07 1.4937322134756e-07 1.51500699985263e-07 1.55001657731191e-07 1.63331847602421e-07 1.72839548895354e-07
2.15212466514458e-07 2.28305040650412e-07 2.38505833749514e-07 2.46077291876645e-07 2.5223297939192e-07 2.46040571028061e-07 2.36336376246982e-07 2.19331411699386e-07 2.01270069055681e-07 1.74864510427142e-07 1.50349620753332e-07 1.35452296490257e-07 1.2495559076342e-07 1.25084625324234e-07 1.26575429248987e-07 1.29935727954944e-07 1.34764206904947e-07 1.40793900982317e-07 1.47507620340548e-07 1.54545332975431e-07 1.62374050205472e-07 1.70391786014079e-07 1.81596888637614e-07 1.92948775179502e-07 2.03249967967167e-07 2.11173883712945e-07 2.09148609542353e-07 2.05565726218992e-07 1.9869462164479e-07 1.93149091387568e-07 1.89223669622152e-07 1.81236245566652e-07 1.70290107348592e-07 1.59662533860683e-07 1.4916689394795e-07 1.41691259614163e-07 1.34809297946958e-07 1.33025721993363e-07 1.31748620901817e-07 1.33574815208704e-07 1.36505136083542e-07 1.43317592460335e-07 1.52628544469735e-07
1.73199438791016e-07 1.85661477303256e-07 1.95970429217596e-07 2.03905031526119e-07 2.10561168501044e-07 2.05074357495505e-07 1.96134109842205e-07 1.81895856599112e-07 1.67013141094685e-07 1.49372283431148e-07 1.33632354959445e-07 1.27562088891864e-07 1.24478603424905e-07 1.28607041460782e-07 1.33440352101388e-07 1.39241350893826e-07 1.46266444289722e-07 1.54293061882527e-07 1.6236563737948e-07 1.70459998116712e-07 1.78673232653637e-07 1.86914874689137e-07 1.95105485545355e-07 2.03240219320833e-07 2.10612768114515e-07 2.1618063783535e-07 2.14195836178988e-07 2.09371776804801e-07 1.98553806285418e-07 1.88770457043574e-07 1.80251632286854e-07 1.69671736216515e-07 1.57590562821497e-07 1.46927021660304e-07 1.36850559329105e-07 1.30562042954807e-07 1.25018132735022e-07 1.23439093613342e-07 1.22341845099072e-07 1.2451677378067e-07 1.2749917743804e-07 1.33320725126396e-07 1.42017412940731e-07
1.26895002949823e-07 1.36994287913694e-07 1.45886247082672e-07 1.5329543145981e-07 1.59906178964775e-07 1.56049026145411e-07 1.49214798739195e-07 1.38992817255712e-07 1.2854850695021e-07 1.2146399797075e-07 1.16173801245623e-07 1.20011009130394e-07 1.25059003153183e-07 1.33030567894821e-07 1.41133170927787e-07 1.49415683381449e-07 1.58723253207427e-07 1.68869490835277e-07 1.78712525666924e-07 1.88411931389965e-07 1.98153401242962e-07 2.07904932381098e-07 2.13701639495412e-07 2.19143672097744e-07 2.233776825733e-07 2.26496439381663e-07 2.2494771201309e-07 2.19141256252442e-07 2.04346406462719e-07 1.89913777148831e-07 1.75923858591887e-07 1.6205129327318e-07 1.4826422045644e-07 1.37150564682997e-07 1.27144076600416e-07 1.21873256375693e-07 1.17533332399944e-07 1.15837785585882e-07 1.14635362535864e-07 1.1729351001577e-07 1.20456846275374e-07 1.2539645410925e-07 1.33392504153562e-07
1.14536341300209e-07 1.19177016699723e-07 1.22415812597865e-07 1.24927780120743e-07 1.27048380704764e-07 1.25869334510753e-07 1.23751888736479e-07 1.20279523230238e-07 1.16750833001333e-07 1.15445551784887e-07 1.15617218909847e-07 1.23301887811067e-07 1.31727929897352e-07 1.41944099141256e-07 1.52119127960759e-07 1.62237697054479e-07 1.72308915580288e-07 1.82341395316143e-07 1.9118274963148e-07 1.99459904592914e-07 2.08413780455885e-07 2.17529333212951e-07 2.23408804345127e-07 2.2889764750289e-07 2.31936581940317e-07 2.34700962664647e-07 2.36316338941833e-07 2.33639099178617e-07 2.21899810526338e-07 2.07240049121538e-07 1.89010876283646e-07 1.70421841971802e-07 1.51570688444735e-07 1.3818980448832e-07 1.27074329725474e-07 1.20569765726941e-07 1.14971577147571e-07 1.13075621754888e-07 1.11727807450279e-07 1.14395248829169e-07 1.17611499206305e-07 1.22757398912654e-07 1.30006327481169e-07
