Ecospace-environmental-drivers/Outputs/ASCII-for-ecospace/MOM6-ISIMIP3a/chl/2004-05_chl_MOM6-ISIMIP3a.asc
NCOLS 131 
NROWS 53 
XLLCORNER -98 
YLLCORNER 23.9265270233154 
CELLSIZE 0.133587792515755 
NODATA_value -9999 
[rows 0 to 18 of 53, columns 43 to 85 of 131]
-9999 -9999 -9999 -9999 -9999 -9999 -9999 -9999 -9999 -9999 -9999 -9999 -9999 -9999 -9999 -9999 -9999 -9999 -9999 -9999 -9999 -9999 -9999 -9999 -9999 -9999 -9999 -9999 -9999 -9999 -9999 -9999 -9999 -9999 -9999 -9999 -9999 -9999 -9999 -9999 -9999 -9999 -9999
-9999 -9999 -9999 -9999 -9999 -9999 -9999 -9999 -9999 -9999 -9999 -9999 -9999 -9999 -9999 -9999 -9999 -9999 -9999 -9999 -9999 -9999 -9999 -9999 -9999 -9999 -9999 -9999 -9999 -9999 -9999 -9999 -9999 -9999 -9999 -9999 -9999 -9999 -9999 -9999 -9999 -9999 -9999
-9999 -9999 -9999 -9999 -9999 -9999 -9999 -9999 -9999 -9999 -9999 -9999 -9999 -9999 -9999 -9999 -9999 -9999 -9999 -9999 -9999 -9999 -9999 -9999 -9999 -9999 -9999 -9999 -9999 -9999 -9999 1.96217001757759e-06 1.72605825810024e-06 -9999 -9999 -9999 -9999 -9999 -9999 -9999 -9999 -9999 -9999
-9999 -9999 -9999 -9999 -9999 -9999 -9999 -9999 -9999 -9999 -9999 -9999 -9999 -9999 -9999 -9999 -9999 -9999 -9999 -9999 -9999 -9999 -9999 -9999 -9999 -9999 -9999 -9999 -9999 -9999 -9999 1.98352472580154e-06 1.74390982010664e-06 -9999 -9999 -9999 -9999 -9999 -9999 -9999 -9999 -9999 -9999
-9999 -9999 -9999 -9999 -9999 -9999 -9999 -9999 -9999 -9999 -9999 -9999 -9999 -9999 -9999 -9999 -9999 -9999 -9999 -9999 -9999 -9999 2.38941333918774e-06 2.3887025690783e-06 2.38813390751602e-06 2.3848165255913e-06 2.38141205954889e-06 2.37441872741329e-06 2.35121387959225e-06 2.29240345106518e-06 2.17748652175942e-06 2.00733597921499e-06 1.76575179011706e-06 1.45864169098786e-06 -9999 -9999 5.92001356380933e-07 4.37514955820006e-07 3.55223221504275e-07 2.88735094500225e-07 2.45140313381853e-07 2.16557097587611e-07 2.03423567768368e-07
-9999 -9999 -9999 -9999 -9999 -9999 -9999 -9999 -9999 -9999 -9999 -9999 -9999 -9999 -9999 -9999 -9999 -9999 2.42479791268124e-06 -9999 2.42409578277147e-06 2.423444584565e-06 2.40685176322586e-06 2.38941333918774e-06 2.38856046053115e-06 2.38813390751602e-06 2.38149937104026e-06 2.37460290009039e-06 2.36715368373552e-06 2.31188505495084e-06 2.19817161450919e-06 2.02240266844456e-06 1.80143376837805e-06 1.47341881984175e-06 1.10107248474378e-06 8.08990762379835e-07 5.32687067789084e-07 4.34326267395591e-07 3.45531532275345e-07 2.8581183642018e-07 2.34861929016006e-07 2.14747132076809e-07 2.00062245880872e-07
-9999 -9999 -9999 -9999 -9999 -9999 -9999 -9999 -9999 -9999 -9999 -9999 -9999 -9999 2.53322127719002e-06 2.53048665399547e-06 2.52713152804063e-06 2.51456367550418e-06 2.46238619183714e-06 2.42482860812743e-06 2.42476721723506e-06 2.42407531914068e-06 2.423444584565e-06 2.40769759329851e-06 2.38941333918774e-06 2.38813390751602e-06 2.38149937104026e-06 2.37460290009039e-06 2.36715368373552e-06 2.31188505495084e-06 2.19817161450919e-06 2.02240266844456e-06 1.80143376837805e-06 1.47341881984175e-06 1.10107248474378e-06 8.08990762379835e-07 5.32687067789084e-07 4.34326267395591e-07 3.45531532275345e-07 2.8581183642018e-07 2.34861929016006e-07 2.14747132076809e-07 2.00062245880872e-07
-9999 -9999 -9999 -9999 -9999 -9999 -9999 -9999 -9999 -9999 -9999 -9999 -9999 -9999 2.54788369602466e-06 2.53322127719002e-06 2.52775180342724e-06 -9999 2.49551771958068e-06 2.44639591073792e-06 2.4248899990198e-06 2.42476721723506e-06 2.42401392824831e-06 2.423444584565e-06 2.41023485614278e-06 2.39044152294809e-06 2.34309482038952e-06 2.30029422709777e-06 2.26709039452544e-06 2.1550843030127e-06 1.94676545106631e-06 1.70224473095004e-06 1.43135514463211e-06 1.16050398446532e-06 8.89668797299237e-07 7.04940077866922e-07 5.37137850642466e-07 4.65305561192508e-07 3.97333252522003e-07 3.32349543441524e-07 2.76628696838088e-07 2.53476457601209e-07 2.3534674653547e-07
-9999 -9999 2.46974718720594e-06 -9999 -9999 -9999 -9999 -9999 -9999 -9999 -9999 -9999 -9999 -9999 -9999 -9999 -9999 -9999 2.50576113103307e-06 2.45850992541818e-06 2.41805082623614e-06 2.42501255343086e-06 2.42476721723506e-06 2.42382975557121e-06 2.41617658502946e-06 2.39227915699303e-06 2.30039790949377e-06 2.21767413677298e-06 2.15428258343309e-06 1.97993585970835e-06 1.66997892847576e-06 1.35241930365737e-06 1.02932187928673e-06 8.21487219582195e-07 6.61386820866028e-07 5.92811943533889e-07 5.4222874723564e-07 4.98540487114951e-07 4.526224017809e-07 3.82427316480971e-07 3.21960555993428e-07 2.9569912385341e-07 2.73929202876388e-07
-9999 2.46974718720594e-06 2.46893432631623e-06 2.46684521698626e-06 2.46559920924483e-06 -9999 -9999 -9999 -9999 -9999 -9999 -9999 -9999 -9999 2.49076265390613e-06 2.56291286859778e-06 -9999 -9999 -9999 2.47271850639663e-06 2.39146766034537e-06 2.37628842114646e-06 2.42525811700034e-06 2.42412966144911e-06 2.40586587096914e-06 2.36941491493781e-06 2.25684948418348e-06 2.13320936381933e-06 1.98618931790406e-06 1.77335425632918e-06 1.48007939060335e-06 1.20347885967931e-06 9.39023721002741e-07 7.77232116888626e-07 6.57957116345642e-07 5.99167947257229e-07 5.52268886622187e-07 4.91422554205201e-07 4.30768750447896e-07 3.77040720422883e-07 3.30707223383797e-07 3.10373337697456e-07 2.91334458779602e-07
2.4713826860534e-06 2.46944546233863e-06 2.46933677772176e-06 2.46720765062491e-06 2.46399099523842e-06 2.46375361712126e-06 -9999 -9999 -9999 -9999 -9999 -9999 -9999 -9999 2.45476985583082e-06 2.4734993075981e-06 2.56291286859778e-06 -9999 -9999 2.48946548708773e-06 2.39546898228582e-06 2.28946851166256e-06 2.3464792775485e-06 2.40859480982181e-06 2.38201914726233e-06 2.3355025859928e-06 2.20553056351491e-06 2.04671641768073e-06 1.82701421636011e-06 1.58444322551077e-06 1.31392187086021e-06 1.07786513581232e-06 8.66911932462244e-07 7.44368321647926e-07 6.5843823904288e-07 6.05419813837216e-07 5.58871079192613e-07 4.84397503441869e-07 4.12281423223249e-07 3.73298092881669e-07 3.39597761467303e-07 3.24472637203144e-07 3.07836671709083e-07
2.46877584686445e-06 2.46832132688724e-06 2.46904528466985e-06 2.46720765062491e-06 2.46399099523842e-06 2.46327863351326e-06 2.45424848799303e-06 2.44275383920467e-06 -9999 -9999 -9999 -9999 -9999 -9999 -9999 2.4203113753174e-06 2.4510775347153e-06 2.56291286859778e-06 2.53322127719002e-06 2.48946548708773e-06 2.39546898228582e-06 2.28946851166256e-06 2.29611555369047e-06 2.30812611334841e-06 2.28556973524974e-06 2.24233053813805e-06 2.11253154702717e-06 1.94934477804054e-06 1.71567410234275e-06 1.49031416185608e-06 1.27511157188565e-06 1.07737059806823e-06 8.92348396064335e-07 7.72605119436776e-07 6.79896004385228e-07 6.11112909609801e-07 5.47033096154337e-07 4.77870230497501e-07 4.11850379578027e-07 3.78373499643203e-07 3.49259977383554e-07 3.35488238079051e-07 3.19494915856922e-07
2.44676198235538e-06 2.45243495555769e-06 2.45774208451621e-06 2.4601606583019e-06 2.46102354140021e-06 2.45773935603211e-06 2.45327601078316e-06 2.44269995164359e-06 -9999 -9999 -9999 -9999 2.46071954279614e-06 2.50461221185105e-06 2.48757714871317e-06 2.38689676734793e-06 2.38646020989108e-06 2.46804052039806e-06 2.47104912887153e-06 2.43684007728007e-06 2.35766947298544e-06 2.26775614464714e-06 2.24138398152718e-06 2.21883192352834e-06 2.18834293264081e-06 2.13915564017952e-06 2.01171314984094e-06 1.84960424576275e-06 1.61431205469853e-06 1.40205827392492e-06 1.21796210805769e-06 1.04492482932983e-06 8.79942774645315e-07 7.65958247939125e-07 6.73093552450155e-07 5.96108748140978e-07 5.22245557021961e-07 4.58978860251591e-07 3.99372538595344e-07 3.71690362044319e-07 3.48007432648956e-07 3.38385945042319e-07 3.25654042399037e-07
2.37622975873819e-06 2.39964151660388e-06 2.41890916186094e-06 2.4354953893635e-06 2.45063733927964e-06 2.45352066485793e-06 2.45291744249698e-06 2.44269995164359e-06 2.43228555518726e-06 2.44312059294316e-06 2.45179717239807e-06 2.44949387706583e-06 2.46071954279614e-06 2.50461221185105e-06 2.48757714871317e-06 2.38689676734793e-06 2.31584340326663e-06 2.26902966460329e-06 2.25344319915166e-06 2.25264830078231e-06 2.22536914407101e-06 2.19176195059845e-06 2.17573324334808e-06 2.15747377296793e-06 2.08917322197522e-06 2.01097350327473e-06 1.89134561878745e-06 1.74394051555282e-06 1.53789540036087e-06 1.32848572320654e-06 1.11496376575815e-06 9.32599448333349e-07 7.72930036418984e-07 6.72100725296332e-07 5.9563910781435e-07 5.29360420387093e-07 4.65083502376729e-07 4.09176635685071e-07 3.56776979515416e-07 3.35610309321055e-07 3.19467432063902e-07 3.20988590374327e-07 3.18065133342316e-07
2.14413830690319e-06 2.20110700865916e-06 2.25313328883203e-06 2.30611703955219e-06 2.35961624639458e-06 2.38670850194467e-06 2.40629105974222e-06 2.40547092289489e-06 2.40295935327595e-06 2.41116731558577e-06 2.4171474706236e-06 2.41179554905102e-06 2.41374777942838e-06 2.43333693106251e-06 2.40345207203063e-06 2.30564592129667e-06 2.19807361645508e-06 2.0825104911637e-06 2.04893922273186e-06 2.0542054244288e-06 2.05329934033216e-06 2.05091873795027e-06 2.04034677153686e-06 2.02419755623851e-06 1.93506593859638e-06 1.84131567948498e-06 1.72823649791098e-06 1.58719217324688e-06 1.3871110695618e-06 1.18000411930552e-06 9.64310174822458e-07 7.94740856235876e-07 6.58767987715692e-07 5.76170975818968e-07 5.15678777901485e-07 4.58987699403224e-07 4.03043799224179e-07 3.55803251750331e-07 3.11978482159248e-07 2.98373208806879e-07 2.90166610739107e-07 3.00942076592037e-07 3.06556842133432e-07
1.68363169450458e-06 1.7965213601201e-06 1.90788318832347e-06 2.02869364329672e-06 2.15459158425801e-06 2.23140114030684e-06 2.29424972530978e-06 2.31560625252314e-06 2.3321711069002e-06 2.33403784477559e-06 2.33350965572754e-06 2.32079855777556e-06 2.30036653192656e-06 2.26129168368061e-06 2.20038941733947e-06 2.10952134693798e-06 2.01363832275092e-06 1.91365256796416e-06 1.86295892490307e-06 1.83561382982589e-06 1.82500320988765e-06 1.81839118340577e-06 1.80636686764046e-06 1.78924187821394e-06 1.70328723925195e-06 1.61301909429312e-06 1.50469861637248e-06 1.35821949243109e-06 1.13118426270375e-06 9.25614813240827e-07 7.46280875318917e-07 6.20782884652726e-07 5.34498155957408e-07 4.77311630220356e-07 4.32175738751539e-07 3.834906863176e-07 3.34107994603983e-07 2.97380836400407e-07 2.64065420196857e-07 2.59500296806436e-07 2.59790112977498e-07 2.77150149941008e-07 2.89507198658612e-07
1.18678087801527e-06 1.30487626393005e-06 1.43321369705518e-06 1.58122600169008e-06 1.73983244167175e-06 1.85759756732296e-06 1.96374753613782e-06 2.01909188035643e-06 2.06763252208475e-06 2.07289053832937e-06 2.07626203518885e-06 2.07003881769197e-06 2.05070296033227e-06 1.99970509129344e-06 1.93001301340701e-06 1.83465624559176e-06 1.72816646681895e-06 1.61256798492104e-06 1.53571568262123e-06 1.47721675602952e-06 1.46064564887638e-06 1.45409262586327e-06 1.45556123243296e-06 1.45368881021568e-06 1.39516487251967e-06 1.32896684590378e-06 1.23065206025785e-06 1.10070220671332e-06 9.03968157217605e-07 7.35876938051661e-07 6.02793193138496e-07 5.13669021984242e-07 4.56564379192059e-07 4.11992601812017e-07 3.72611083321317e-07 3.29415655642151e-07 2.8547052011163e-07 2.57530899716585e-07 2.32918736742249e-07 2.35021474281893e-07 2.40866796730188e-07 2.59871200114503e-07 2.74581253734141e-07
6.59324030038988e-07 7.39916742986679e-07 8.49557522997202e-07 9.90560806712892e-07 1.14845147436426e-06 1.2997944622839e-06 1.44927537348849e-06 1.54855399614462e-06 1.6399332025685e-06 1.65677795394004e-06 1.67281450558221e-06 1.68473991379869e-06 1.68627332186588e-06 1.66271433954535e-06 1.60295053319714e-06 1.49348227296286e-06 1.35760933517304e-06 1.20013294235832e-06 1.08951246602373e-06 1.00108672995702e-06 9.81708126346348e-07 9.78827188191644e-07 1.00637441846629e-06 1.03342074453394e-06 1.02275203062163e-06 9.97961706161732e-07 9.14071165425412e-07 8.19146976027696e-07 7.0092988835313e-07 6.00583348386863e-07 5.22078380527091e-07 4.62845832771563e-07 4.17651108364225e-07 3.74918442958005e-07 3.33205434799311e-07 2.93380452376368e-07 2.53926600635168e-07 2.33321216569493e-07 2.15891390098477e-07 2.22664212401469e-07 2.3158840178894e-07 2.48076929665331e-07 2.61443688032159e-07
3.92261711112951e-07 4.34768423929199e-07 5.00812063819467e-07 5.94528671626904e-07 7.03145929037419e-07 8.25906397494691e-07 9.52689163113973e-07 1.05067283584503e-06 1.14329543521308e-06 1.17076865535637e-06 1.19831554457051e-06 1.22623794140964e-06 1.24550979307969e-06 1.24389430311567e-06 1.19745755000622e-06 1.08948745491944e-06 9.62859644459968e-07 8.20966477022012e-07 7.27522490251431e-07 6.57027726447268e-07 6.44269277927378e-07 6.45306045043981e-07 6.7789295599141e-07 7.11506459083466e-07 7.2851452159739e-07 7.32391526980791e-07 6.8131396346871e-07 6.25820973709779e-07 5.61006686439214e-07 5.0346397983958e-07 4.54808571248577e-07 4.12467841215403e-07 3.74726653262769e-07 3.37005133133061e-07 2.99291741612251e-07 2.66614819111055e-07 2.34927952647013e-07 2.19534385337283e-07 2.06800720548017e-07 2.14156671063392e-07 2.23275122834821e-07 2.38590587287035e-07 2.5099797085204e-07
