Ecospace-environmental-drivers/Outputs/ASCII-for-ecospace/MOM6-ISIMIP3a/chl/2004-04_chl_MOM6-ISIMIP3a.asc
NCOLS 131 
NROWS 53 
XLLCORNER -98 
YLLCORNER 23.9265270233154 
CELLSIZE 0.133587792515755 
NODATA_value -9999 
[rows 19 to 37 of 53, columns 86 to 128 of 131]
2.48030346483574e-07 2.47096181738016e-07 2.40934014072991e-07 2.304662274355e-07 2.17212459574512e-07 2.0006633860703e-07 1.81522025854974e-07 1.69640088643064e-07 1.58804283501013e-07 1.49085082057354e-07 1.39983029612267e-07 1.35287947955476e-07 1.30263074993309e-07 1.24248870747579e-07 1.21847108403017e-07 1.25375095194613e-07 1.49185751752157e-07 1.927073611796e-07 2.1733430344284e-07 2.31134208661388e-07 2.66001507043256e-07 3.07366065044334e-07 8.02528916210576e-07 1.3474736988428e-06 1.6791640291558e-06 1.9708188574441e-06 2.03561580747191e-06 2.08170899895777e-06 2.079366140606e-06 -9999 -9999 -9999 -9999 -9999 -9999 -9999 -9999 -9999 -9999 -9999 -9999 -9999 -9999
2.2098261354131e-07 2.172799327127e-07 2.1088520441026e-07 2.02597220777534e-07 1.93084190414083e-07 1.81155613176998e-07 1.68359306940147e-07 1.59244365249833e-07 1.5070747849677e-07 1.42307527539742e-07 1.34714881028231e-07 1.32955989329275e-07 1.30512731288945e-07 1.26016345802782e-07 1.22330163776496e-07 1.19973918799587e-07 1.26207950756907e-07 1.40790092473253e-07 1.4306932882846e-07 1.38298730689712e-07 1.53211686892973e-07 1.74195122326637e-07 5.45910609162092e-07 9.61809519139933e-07 1.47348464452079e-06 1.92286097444594e-06 2.01922512133024e-06 2.08887558983406e-06 2.08934625334223e-06 -9999 -9999 -9999 -9999 -9999 -9999 -9999 -9999 -9999 -9999 -9999 -9999 -9999 -9999
1.95485412746166e-07 1.87909520832363e-07 1.80312241582214e-07 1.73269143033394e-07 1.66584612770748e-07 1.59549202294329e-07 1.52387755747441e-07 1.46722285876422e-07 1.4129170722299e-07 1.34439417820431e-07 1.28521207898302e-07 1.29435051121618e-07 1.29529553305474e-07 1.27166046581806e-07 1.23518717032312e-07 1.17763974571972e-07 1.12672637442301e-07 1.08226018369351e-07 9.89927144701142e-08 8.70165379751597e-08 9.20761351608235e-08 1.0238961323239e-07 3.04829825381603e-07 5.40640655799507e-07 1.24746270557807e-06 1.86805425528291e-06 2.00002591554949e-06 2.09439849641058e-06 -9999 -9999 -9999 -9999 -9999 -9999 -9999 -9999 -9999 -9999 -9999 -9999 -9999 -9999 -9999
1.83199560410685e-07 1.72264464026739e-07 1.6229604682394e-07 1.54515646499931e-07 1.48151002576924e-07 1.43505033634028e-07 1.3947644106338e-07 1.38044825348516e-07 1.37021004320559e-07 1.32074134739923e-07 1.27974999486469e-07 1.30213365423515e-07 1.31177444018249e-07 1.28318774272884e-07 1.24232144571579e-07 1.1812981881576e-07 1.11261840629595e-07 1.03649782090542e-07 9.36391941763759e-08 8.22541963430012e-08 8.10969567055508e-08 8.30939796969687e-08 1.94693981825367e-07 3.2798314464344e-07 8.51056938699912e-07 1.3564495020546e-06 1.76165201537515e-06 2.05392689167638e-06 2.05375522455142e-06 1.90627554275125e-06 -9999 -9999 -9999 -9999 -9999 -9999 -9999 -9999 -9999 -9999 -9999 -9999 -9999
1.72113217900005e-07 1.58044144882297e-07 1.45754412983479e-07 1.37132360578107e-07 1.3088347827761e-07 1.28305416069452e-07 1.27045979070317e-07 1.29638848989089e-07 1.32836589727958e-07 1.29963609651895e-07 1.27815098949213e-07 1.31223970356587e-07 1.32974918187756e-07 1.29752308453135e-07 1.25459337141365e-07 1.19409378385171e-07 1.11523256407509e-07 1.01852712930395e-07 9.17430469371538e-08 8.13817564448982e-08 7.45217505482287e-08 6.87415422362392e-08 9.93238700175425e-08 1.40257185421433e-07 4.54563121365936e-07 8.22062020233716e-07 1.4909754781911e-06 1.88642013654317e-06 1.57366980602092e-06 1.66335155427078e-06 1.58907403147168e-06 -9999 -9999 -9999 -9999 -9999 -9999 -9999 -9999 -9999 -9999 -9999 -9999
1.64050007356309e-07 1.49910945879128e-07 1.37605354666448e-07 1.28935624843507e-07 1.22618459386103e-07 1.19981166335492e-07 1.18665724357925e-07 1.2083202705071e-07 1.23545021324389e-07 1.25071807133281e-07 1.26860996374489e-07 1.3061030301742e-07 1.33900954324417e-07 1.3581565383447e-07 1.3576725166331e-07 1.32496481342059e-07 1.23987376809964e-07 1.10387610163798e-07 9.77428413762027e-08 8.56452970765531e-08 7.69491137475597e-08 6.93019188702237e-08 8.13847051972516e-08 9.92472592997728e-08 2.72899484343725e-07 4.91589730700071e-07 9.65485128290311e-07 1.31940555547772e-06 1.36262974592682e-06 1.19759488370619e-06 1.07387427306094e-06 -9999 -9999 -9999 -9999 -9999 -9999 -9999 -9999 -9999 -9999 -9999 -9999
1.56347326196737e-07 1.42389964707945e-07 1.30194777625547e-07 1.21592705681905e-07 1.1531555799138e-07 1.12709194866056e-07 1.11421428528047e-07 1.13124727363356e-07 1.15297680736148e-07 1.20019208793565e-07 1.24684845559386e-07 1.28813638866632e-07 1.33635793986286e-07 1.40538020332315e-07 1.44223037068514e-07 1.42627058608014e-07 1.33562664927922e-07 1.1724037562999e-07 1.02969046622547e-07 8.98729553000521e-08 7.98229322640509e-08 7.07123248844255e-08 6.72221887043634e-08 6.56219967254401e-08 1.19516926133656e-07 2.09260846872894e-07 5.02140721891919e-07 7.01023623150832e-07 6.56485042327404e-07 8.04470516868605e-07 -9999 -9999 -9999 -9999 -9999 -9999 -9999 -9999 -9999 -9999 -9999 -9999 -9999
1.50225531569959e-07 1.37553442414173e-07 1.26022257518343e-07 1.1799359356246e-07 1.12231226978565e-07 1.10051196600125e-07 1.09157994643283e-07 1.10238559614118e-07 1.11629042010009e-07 1.14261553108008e-07 1.1715045644678e-07 1.21829785371119e-07 1.28147561895275e-07 1.39380617270035e-07 1.44557731118766e-07 1.39794153142248e-07 1.30471235593177e-07 1.16717480125317e-07 1.04803305589485e-07 9.39432354130076e-08 8.46542889121338e-08 7.58498757136294e-08 6.96191975180227e-08 6.43764650476442e-08 9.0138968289466e-08 1.38027047569267e-07 3.11288317789149e-07 4.65131250848572e-07 5.68687028135173e-07 6.30080251085019e-07 -9999 -9999 -9999 -9999 -9999 -9999 -9999 -9999 -9999 -9999 -9999 -9999 -9999
1.44825932579806e-07 1.33481492525789e-07 1.22776029343186e-07 1.15382135845721e-07 1.10130997654778e-07 1.08171363422116e-07 1.07394079407186e-07 1.07875457899809e-07 1.08554473854383e-07 1.09697865013914e-07 1.11257399737497e-07 1.15803523215163e-07 1.22529215218492e-07 1.35793456479405e-07 1.41744934012422e-07 1.35692715730329e-07 1.27239232483589e-07 1.16452163467784e-07 1.06854166403991e-07 9.79375229803736e-08 8.93428122594742e-08 8.08473856750425e-08 7.25600557416328e-08 6.4569078972454e-08 6.89683332666391e-08 8.48134575903714e-08 1.65515828598473e-07 2.76135068588701e-07 4.64229316321507e-07 5.52365634121088e-07 -9999 -9999 -9999 -9999 -9999 -9999 -9999 -9999 -9999 -9999 -9999 -9999 -9999
1.41002033160476e-07 1.31077740661567e-07 1.21550840503915e-07 1.1492562634885e-07 1.1017794321333e-07 1.07989357900351e-07 1.06720037251762e-07 1.0665362282225e-07 1.06776077757331e-07 1.07739239751936e-07 1.08945478416445e-07 1.11866590657428e-07 1.16626949875354e-07 1.26904907915559e-07 1.32064798208376e-07 1.28823529621513e-07 1.23700530707538e-07 1.16748843481673e-07 1.09377616297479e-07 1.01765991189495e-07 9.37196844574828e-08 8.55393267329418e-08 7.66875061231076e-08 6.78995348835087e-08 6.57048957464212e-08 7.09172880419828e-08 1.18101091572953e-07 1.89459555599569e-07 3.23422597148237e-07 4.17082958392712e-07 -9999 -9999 -9999 -9999 -9999 -9999 -9999 -9999 -9999 -9999 -9999 -9999 -9999
1.37895739271698e-07 1.29612445221028e-07 1.21275760989192e-07 1.15281054036132e-07 1.10801735786481e-07 1.08405181720173e-07 1.06756793627483e-07 1.06267449950792e-07 1.05960097585012e-07 1.06573885716443e-07 1.07281650230107e-07 1.08621399874664e-07 1.11715863226891e-07 1.2007434690986e-07 1.24722546956946e-07 1.23280400998738e-07 1.20548278914612e-07 1.16562546281784e-07 1.10958836785358e-07 1.04427996916456e-07 9.66839834859456e-08 8.85658266724931e-08 7.92063872268045e-08 6.97665143434278e-08 6.34544221611577e-08 6.15762800748598e-08 8.48228438599108e-08 1.26314645854109e-07 2.15055663943531e-07 2.69827836518743e-07 2.7513766553966e-07 -9999 -9999 -9999 -9999 -9999 -9999 -9999 -9999 -9999 -9999 -9999 -9999
1.35692260982978e-07 1.29327787590228e-07 1.2219599909713e-07 1.16657986382052e-07 1.12151241182801e-07 1.09573129236651e-07 1.07687803563294e-07 1.06932624532874e-07 1.06354903550709e-07 1.06406517375035e-07 1.06433176938481e-07 1.06246467623805e-07 1.08051757763405e-07 1.15832918368142e-07 1.20321530516776e-07 1.19405527243543e-07 1.17882180461493e-07 1.1576862846141e-07 1.11354658827167e-07 1.0562249741497e-07 9.78711440779989e-08 8.94970639819803e-08 7.97015644593557e-08 6.97923425718727e-08 6.2478328288762e-08 5.79660266453175e-08 6.93294595066618e-08 9.27731278466126e-08 1.47500671232592e-07 2.01192236204406e-07 2.53375333159056e-07 2.77602907772234e-07 -9999 -9999 -9999 -9999 -9999 -9999 -9999 -9999 -9999 -9999 -9999
1.31685709447993e-07 1.2692383677404e-07 1.21026644706035e-07 1.16236293479233e-07 1.12162098275803e-07 1.09857658969759e-07 1.08188949354826e-07 1.07424902751063e-07 1.06802907851034e-07 1.06361817131528e-07 1.05845508358016e-07 1.04775573106508e-07 1.05730961763584e-07 1.12762187143289e-07 1.16754712564671e-07 1.1575929903529e-07 1.14539979279016e-07 1.13103048704488e-07 1.09678225612697e-07 1.05114288828645e-07 9.80201591005425e-08 9.01457184454557e-08 8.04603388360192e-08 7.0602695245725e-08 6.280139075443e-08 5.68696592040396e-08 6.15317290453277e-08 7.52408269022453e-08 1.1237881381021e-07 1.66223557584999e-07 2.44395181425716e-07 2.81251857359166e-07 2.8230303428245e-07 2.82787397054562e-07 -9999 -9999 -9999 -9999 -9999 -9999 -9999 -9999 -9999
1.26326838767454e-07 1.22930373436247e-07 1.1829011015152e-07 1.14465606770864e-07 1.11168937166894e-07 1.09479621812625e-07 1.08367700590861e-07 1.07787506919976e-07 1.07290809125971e-07 1.06409103750593e-07 1.05453445087278e-07 1.0398271399481e-07 1.04417658519651e-07 1.1056948778787e-07 1.13813541702257e-07 1.12284574527166e-07 1.10690685062309e-07 1.09033713613371e-07 1.06447579639735e-07 1.03329028888766e-07 9.73905542878128e-08 9.05824180108539e-08 8.14168075180532e-08 7.20014483590603e-08 6.40988346845006e-08 5.76587275702423e-08 5.9505801175419e-08 6.97156039564106e-08 1.01582145362045e-07 1.56505421955444e-07 2.45001785970089e-07 2.85106153796733e-07 2.83271759826675e-07 -9999 -9999 -9999 -9999 -9999 -9999 -9999 -9999 -9999 -9999
1.27384467418779e-07 1.23782768923775e-07 1.18005438309865e-07 1.1376287289977e-07 1.10513390438882e-07 1.09174692397573e-07 1.08522378639009e-07 1.08142621968454e-07 1.07805668392302e-07 1.06400079857849e-07 1.04935288902652e-07 1.0309776143913e-07 1.02840367333101e-07 1.07323231191003e-07 1.09352370714078e-07 1.07353777423214e-07 1.05636601688275e-07 1.0419291385233e-07 1.02324364092965e-07 1.00212361076046e-07 9.58308561394006e-08 9.07494310808943e-08 8.24023018708431e-08 7.36742507001509e-08 6.54457821269716e-08 5.84551891336105e-08 5.84789461299806e-08 6.60088801396341e-08 9.29773591451521e-08 1.50321540104414e-07 2.51896040026622e-07 6.14934265286138e-07 1.20456945751357e-06 1.024458356369e-06 1.40251506763889e-06 -9999 -9999 -9999 -9999 -9999 -9999 -9999 -9999
1.31192066987751e-07 1.267119955628e-07 1.18771581014698e-07 1.1351784934277e-07 1.10002531528153e-07 1.08901083706314e-07 1.08666732501206e-07 1.08494525363767e-07 1.0833207397809e-07 1.06366911722944e-07 1.04363088837545e-07 1.02173338234479e-07 1.01149929321309e-07 1.03625446001843e-07 1.04239759934899e-07 1.0179894616158e-07 1.00066174013591e-07 9.90214843454851e-08 9.78186065481168e-08 9.65250848139476e-08 9.38725364107995e-08 9.0800867269536e-08 8.34002378269361e-08 7.546451286089e-08 6.68139463755324e-08 5.92548232702939e-08 5.78802712425386e-08 6.30815222280035e-08 8.5311960162926e-08 1.45652379046624e-07 2.6148504161938e-07 6.26503094736108e-07 1.2074769983883e-06 1.40251506763889e-06 1.77326785433252e-06 2.18047580347047e-06 -9999 -9999 -9999 -9999 -9999 -9999 -9999
1.41730112090954e-07 1.37362349050818e-07 1.27759690826679e-07 1.19969570278045e-07 1.13352221831065e-07 1.10724243995719e-07 1.09529302960709e-07 1.08706444734707e-07 1.07942014437867e-07 1.05669272443265e-07 1.03341335488949e-07 1.00692510329736e-07 9.91144304407499e-08 1.00748515308169e-07 1.00599720553873e-07 9.75243708012385e-08 9.53471257503224e-08 9.40426758688773e-08 9.31862729203203e-08 9.2586617483903e-08 9.14877276159132e-08 9.02348773479389e-08 8.38504234934589e-08 7.68133645578928e-08 6.80939962194316e-08 6.02495475732212e-08 5.73627474409477e-08 5.97594222995212e-08 7.58385780841309e-08 1.2848765607032e-07 2.34386476449799e-07 6.15199212461448e-07 1.234265482708e-06 1.73681280557503e-06 2.18047580347047e-06 2.21287109525292e-06 -9999 -9999 -9999 -9999 -9999 -9999 -9999
1.536606788477e-07 1.496102299825e-07 1.38448953634907e-07 1.27806842442624e-07 1.17500654539526e-07 1.12981219047015e-07 1.10540469222542e-07 1.08889409489166e-07 1.0736233946318e-07 1.04834157355072e-07 1.02226572096242e-07 9.90965531855181e-08 9.7007529120674e-08 9.80414185391965e-08 9.72643618979419e-08 9.35146857727887e-08 9.08042281366761e-08 8.91037075234635e-08 8.85277486872837e-08 8.85961810581648e-08 8.90146836241001e-08 8.95411389478795e-08 8.41872704882007e-08 7.80708901970684e-08 6.93558206421585e-08 6.12846378089671e-08 5.68620137642029e-08 5.63556454835634e-08 6.59911236766675e-08 1.08737587822816e-07 1.99697240077512e-07 5.99163001879788e-07 1.26599479699507e-06 1.76762273440545e-06 2.1857624687982e-06 2.27237478611642e-06 -9999 -9999 -9999 -9999 -9999 -9999 -9999
1.49846840713508e-07 1.49862486864549e-07 1.45068057122444e-07 1.36589264343456e-07 1.2572652963172e-07 1.19515192409381e-07 1.14974717746463e-07 1.11451143425256e-07 1.08087235162202e-07 1.04581047821739e-07 1.01024276943917e-07 9.71088880419302e-08 9.43041271739276e-08 9.48311722481776e-08 9.42389348779216e-08 9.18094329449559e-08 8.92910563266014e-08 8.66862990278605e-08 8.57069650805897e-08 8.56590389730627e-08 8.61389395367951e-08 8.67816254412901e-08 8.25559212103144e-08 7.76771926780384e-08 6.96552504564352e-08 6.20002111872964e-08 5.64242519374147e-08 5.37904050190718e-08 5.87756794345751e-08 8.75161489943821e-08 1.50846730662124e-07 4.76208782629328e-07 1.02865976714384e-06 1.5823948160687e-06 2.13677867577644e-06 2.25180906454625e-06 -9999 -9999 -9999 -9999 -9999 -9999 -9999
