Ecospace-environmental-drivers/Outputs/ASCII-for-ecospace/MOM6-ISIMIP3a/chl/2004-01_chl_MOM6-ISIMIP3a.asc
NCOLS 131 
NROWS 53 
XLLCORNER -98 
YLLCORNER 23.9265270233154 
CELLSIZE 0.133587792515755 
NODATA_value -9999 
[rows 19 to 37 of 53, columns 86 to 128 of 131]
9.3033452230884e-07 8.27039684736519e-07 7.45604836538405e-07 6.80036350786395e-07 6.24734184384579e-07 5.88008163049381e-07 5.57954990654252e-07 5.47312765775132e-07 5.3971837132849e-07 5.51271170934342e-07 5.63479034099146e-07 5.79429979552515e-07 5.72820169963961e-07 4.98529743708787e-07 4.1566391928427e-07 3.18721788516996e-07 2.38261606000378e-07 1.73818790472069e-07 1.44461736795165e-07 1.35209575091721e-07 3.28590516573968e-07 5.84464032726828e-07 1.13953205982398e-06 1.72178590673866e-06 1.90611967809673e-06 2.0681441128545e-06 2.10375401366036e-06 2.12881582228874e-06 2.12656141229672e-06 -9999 -9999 -9999 -9999 -9999 -9999 -9999 -9999 -9999 -9999 -9999 -9999 -9999 -9999
8.67429378104134e-07 7.68791039718053e-07 6.96531344601681e-07 6.40599751022819e-07 5.95233132116846e-07 5.68271559586719e-07 5.47921331417456e-07 5.41076360605075e-07 5.36351990376716e-07 5.45297552889679e-07 5.55443591565563e-07 5.73563795569498e-07 5.76271474983514e-07 5.32742831182986e-07 4.77543721899565e-07 4.031879257127e-07 3.2297390362146e-07 2.37066799968488e-07 1.82595201181357e-07 1.4613681287301e-07 2.31970091135736e-07 3.55518466221838e-07 8.25418680960865e-07 1.33270953028841e-06 1.64964444593352e-06 1.93023015526705e-06 2.00484601009521e-06 2.05685932996857e-06 2.05034007194627e-06 -9999 -9999 -9999 -9999 -9999 -9999 -9999 -9999 -9999 -9999 -9999 -9999 -9999 -9999
8.09608081908664e-07 7.15685132490762e-07 6.50513527489238e-07 6.01893646035023e-07 5.63983576284954e-07 5.46394005596085e-07 5.36103868853388e-07 5.33872253072332e-07 5.32906028638536e-07 5.40709947927098e-07 5.49684671113937e-07 5.66674032143055e-07 5.76078491576482e-07 5.6272887150044e-07 5.37387734311778e-07 4.92362858039996e-07 4.15859858549084e-07 3.08766090029167e-07 2.30175373872044e-07 1.6791754831047e-07 1.6146151438079e-07 1.72214910776347e-07 5.00972021200141e-07 8.70165536070999e-07 1.34335971324617e-06 1.76346361513424e-06 1.88273520507209e-06 1.98034604181885e-06 -9999 -9999 -9999 -9999 -9999 -9999 -9999 -9999 -9999 -9999 -9999 -9999 -9999 -9999 -9999
7.12786402345955e-07 6.27884446657845e-07 5.70238626096398e-07 5.32281774212606e-07 5.07064555677061e-07 4.99192879033217e-07 4.97552036904381e-07 5.02693524140341e-07 5.08899972828658e-07 5.21737035796832e-07 5.35756896624662e-07 5.57989380922663e-07 5.72599333281687e-07 5.64342258257966e-07 5.53949462300807e-07 5.40050905328826e-07 4.84660574784357e-07 3.8894805243217e-07 2.99738530884497e-07 2.14255393871099e-07 1.7323419854165e-07 1.45925199035446e-07 3.25986434290826e-07 5.34684829744947e-07 9.14776705940312e-07 1.26515828924312e-06 1.4471883105216e-06 1.57806937295391e-06 1.5764907175253e-06 1.52822326526802e-06 -9999 -9999 -9999 -9999 -9999 -9999 -9999 -9999 -9999 -9999 -9999 -9999 -9999
6.15933060998941e-07 5.4045239039624e-07 4.89949911752774e-07 4.6210354298637e-07 4.48916779305364e-07 4.50108927907422e-07 4.56466210607687e-07 4.68771958139769e-07 4.82011728308862e-07 5.00149610616063e-07 5.19541856647265e-07 5.47754837043612e-07 5.67749737001577e-07 5.63091020922002e-07 5.65860261758644e-07 5.80822415940929e-07 5.47358013136545e-07 4.66832148049434e-07 3.68883149803878e-07 2.60950343999866e-07 1.9101508996755e-07 1.32798376739629e-07 1.70501323282224e-07 2.24415927618793e-07 4.92998708523373e-07 7.57351642732829e-07 9.9773626516253e-07 1.13088265152328e-06 9.86316877060744e-07 1.15052444016328e-06 1.18601474241586e-06 -9999 -9999 -9999 -9999 -9999 -9999 -9999 -9999 -9999 -9999 -9999 -9999
5.6806345583027e-07 5.03143553487462e-07 4.52917248594531e-07 4.21811620299195e-07 4.03077962118914e-07 4.0210116480921e-07 4.07502909638424e-07 4.20024122149698e-07 4.33663217336289e-07 4.5367971779342e-07 4.75953157774711e-07 5.14223700065486e-07 5.44458316653618e-07 5.50585809833137e-07 5.55967858417716e-07 5.60126238724479e-07 5.39918232789205e-07 4.96030736485409e-07 4.03216319000421e-07 2.82365675730034e-07 2.03491268280231e-07 1.37562437885208e-07 1.47071986589253e-07 1.68876937323148e-07 3.38754290396537e-07 5.13613883867947e-07 7.16705017111963e-07 8.68785662078153e-07 8.88765612216957e-07 8.79296408129449e-07 9.19196907034348e-07 -9999 -9999 -9999 -9999 -9999 -9999 -9999 -9999 -9999 -9999 -9999 -9999
5.12488270487665e-07 4.60577098237991e-07 4.13873181059898e-07 3.82049364588966e-07 3.59853714826386e-07 3.57356924496344e-07 3.6193625874148e-07 3.75221873127884e-07 3.89874543316182e-07 4.1015221086127e-07 4.33536087030006e-07 4.79100606298744e-07 5.18139870564482e-07 5.37603796146868e-07 5.4701848739569e-07 5.39937559551618e-07 5.29533451754105e-07 5.15899785114016e-07 4.28565442689433e-07 2.98999083270246e-07 2.13818736938265e-07 1.42327152730104e-07 1.27774498537292e-07 1.22011073244721e-07 2.05591319968335e-07 3.02124846029983e-07 4.72057337219667e-07 6.31288514796324e-07 7.62806678267225e-07 8.06189405011537e-07 -9999 -9999 -9999 -9999 -9999 -9999 -9999 -9999 -9999 -9999 -9999 -9999 -9999
4.23126067516932e-07 3.94957595517553e-07 3.66009572871917e-07 3.44609617286551e-07 3.28093619827996e-07 3.26922190652112e-07 3.31262782538033e-07 3.47719975479777e-07 3.66079689229082e-07 3.79526227334281e-07 3.96256211843138e-07 4.3699733964786e-07 4.78548770388443e-07 5.2253102467148e-07 5.42204134035273e-07 5.21974413913995e-07 5.06235608099814e-07 4.94861126298929e-07 4.14522162373032e-07 2.94665085220913e-07 2.14724721558923e-07 1.47094780800217e-07 1.26593988625245e-07 1.13174500881996e-07 1.64864616181148e-07 2.32037336900248e-07 3.86941280794417e-07 5.49614583178482e-07 7.32408011572261e-07 8.40777431676543e-07 -9999 -9999 -9999 -9999 -9999 -9999 -9999 -9999 -9999 -9999 -9999 -9999 -9999
3.50777497715171e-07 3.40121573572105e-07 3.24727380984768e-07 3.12202132590755e-07 3.01533248148189e-07 3.01379230904786e-07 3.05002316736136e-07 3.22899097682239e-07 3.43037100947186e-07 3.53000160657757e-07 3.65683774816716e-07 3.98579942384458e-07 4.39027246557089e-07 5.02127477375325e-07 5.3257946319718e-07 5.09439985307836e-07 4.94431219522085e-07 4.87323916331661e-07 4.18235117649601e-07 3.13629556103479e-07 2.34309524671517e-07 1.62787614499393e-07 1.32564551336145e-07 1.08357454564612e-07 1.32561510213236e-07 1.73256253788168e-07 3.07394373066927e-07 4.61920478755928e-07 6.69244855089346e-07 7.71241957409075e-07 -9999 -9999 -9999 -9999 -9999 -9999 -9999 -9999 -9999 -9999 -9999 -9999 -9999
3.155500394314e-07 3.08813469018787e-07 2.97804774618271e-07 2.90774323730147e-07 2.86317970221717e-07 2.86509362013021e-07 2.88370301859686e-07 3.0392783401112e-07 3.21635980071733e-07 3.35419485963939e-07 3.49745960193104e-07 3.68204609912937e-07 3.99657693606059e-07 4.70093141302641e-07 5.12459280344046e-07 5.08750304106798e-07 5.07703873608989e-07 5.09244955537724e-07 4.60689534520498e-07 3.83427760652921e-07 2.94648714316281e-07 2.02317679054431e-07 1.54137765662199e-07 1.1231043117732e-07 1.1863750160046e-07 1.39144148647574e-07 2.39998513507089e-07 3.61091139211567e-07 5.34594221335283e-07 6.50197250706697e-07 -9999 -9999 -9999 -9999 -9999 -9999 -9999 -9999 -9999 -9999 -9999 -9999 -9999
2.92957309966368e-07 2.89254018071006e-07 2.82931097217443e-07 2.79491104038243e-07 2.77916512914089e-07 2.77532933523617e-07 2.7757715770349e-07 2.89657748453465e-07 3.03628297615433e-07 3.18826721468213e-07 3.33143646003009e-07 3.4101898904737e-07 3.64302280786433e-07 4.33808253319512e-07 4.83926555716607e-07 5.02220473208581e-07 5.13386737566179e-07 5.17626347118494e-07 4.86199212446081e-07 4.34334140209103e-07 3.40716070468261e-07 2.34221218420316e-07 1.71611574728558e-07 1.15351269869279e-07 1.08553464883698e-07 1.1297109381303e-07 1.80940290306353e-07 2.6832455546355e-07 4.05987549356723e-07 4.95068945838284e-07 5.13410213898169e-07 -9999 -9999 -9999 -9999 -9999 -9999 -9999 -9999 -9999 -9999 -9999 -9999
2.86260103621316e-07 2.84475333955925e-07 2.83215882745935e-07 2.80970596122643e-07 2.78087412652894e-07 2.75970904795031e-07 2.74129831723258e-07 2.81302220628277e-07 2.89889868554383e-07 3.03476781482459e-07 3.15705364073438e-07 3.17846314601411e-07 3.33997007828657e-07 3.92175877550471e-07 4.44810183353184e-07 4.88343289362092e-07 5.0952110086655e-07 5.08973869273177e-07 4.90390846152877e-07 4.61473035784365e-07 3.68828267482968e-07 2.56529943953865e-07 1.83928023034241e-07 1.17244574937558e-07 1.03300436649079e-07 9.67859961065187e-08 1.3237144003142e-07 1.85701594546117e-07 2.84984764675755e-07 3.82588240199766e-07 4.77745913940453e-07 5.21925699104031e-07 -9999 -9999 -9999 -9999 -9999 -9999 -9999 -9999 -9999 -9999 -9999
2.87133985921173e-07 2.86665624571469e-07 2.87831397827176e-07 2.8632629778258e-07 2.83093015696068e-07 2.79361273669565e-07 2.75450446451941e-07 2.77953830618571e-07 2.81464366480577e-07 2.91347845404744e-07 3.000447463819e-07 2.99825103411422e-07 3.11149022991231e-07 3.57102891257455e-07 4.0807344703353e-07 4.67278823634842e-07 4.97436758450931e-07 4.99365967243648e-07 4.87217505451554e-07 4.67002166715247e-07 3.75964503973591e-07 2.63085041751765e-07 1.8725451411683e-07 1.17024249846054e-07 9.95090303490542e-08 8.70824763410383e-08 1.03490449987476e-07 1.36840171194308e-07 2.14063490489025e-07 3.20892752370128e-07 4.70831395205096e-07 5.43824626220157e-07 5.50133279375586e-07 5.5304013812929e-07 -9999 -9999 -9999 -9999 -9999 -9999 -9999 -9999 -9999
2.9368624154813e-07 2.94082752816394e-07 2.95695002705543e-07 2.94589199256734e-07 2.91724717271791e-07 2.86465933641011e-07 2.80347109082868e-07 2.78360914762743e-07 2.77023644912333e-07 2.81634726206903e-07 2.85717362658033e-07 2.85667510979692e-07 2.93894117930904e-07 3.26949503914875e-07 3.73121423535849e-07 4.40823868075313e-07 4.79188258850627e-07 4.89041553919378e-07 4.78520234992175e-07 4.56323761000021e-07 3.67368528486622e-07 2.57824723348676e-07 1.83838423595262e-07 1.15218682594787e-07 9.68138564871879e-08 8.22401915456794e-08 8.93755398578833e-08 1.13300224313662e-07 1.80703850105601e-07 2.97286618433645e-07 4.85479574763303e-07 5.66956032344024e-07 5.55946996882994e-07 -9999 -9999 -9999 -9999 -9999 -9999 -9999 -9999 -9999 -9999
2.92588794081894e-07 2.9428653647301e-07 2.97512826819002e-07 2.98799506026626e-07 2.98831139389222e-07 2.96345746164661e-07 2.9295622994141e-07 2.88289186300972e-07 2.83421542235374e-07 2.82323810552043e-07 2.81584789263434e-07 2.83244673937588e-07 2.90128781443855e-07 3.12685131120816e-07 3.5061191283603e-07 4.1376881654287e-07 4.5393721848086e-07 4.71765105203303e-07 4.69066577579724e-07 4.54605981303757e-07 3.74109646372744e-07 2.73247707127666e-07 1.95019168813815e-07 1.20672055459181e-07 9.95393349967344e-08 8.19065064661118e-08 8.41055154410242e-08 1.01811117758643e-07 1.59673746225053e-07 2.86298103446825e-07 5.13046984451648e-07 1.06294214674563e-06 1.89289119134628e-06 1.63060053637309e-06 2.17151227843715e-06 -9999 -9999 -9999 -9999 -9999 -9999 -9999 -9999
2.88212845589442e-07 2.91398805529752e-07 2.96739614213948e-07 3.01272962133226e-07 3.05283833768044e-07 3.07414921962845e-07 3.08870767184999e-07 3.02298019505542e-07 2.94464598482591e-07 2.87471095816727e-07 2.81821456837861e-07 2.85851086800903e-07 2.92144761715463e-07 3.05230486219443e-07 3.3343499694638e-07 3.86456605383501e-07 4.25685072968918e-07 4.51509208687639e-07 4.5928879899293e-07 4.56728542985729e-07 3.87423909842255e-07 2.97535137860905e-07 2.12455788073385e-07 1.29236454426973e-07 1.04587996929695e-07 8.35050997238795e-08 8.26262223085905e-08 9.54867331870446e-08 1.43927806561805e-07 2.80717216583071e-07 5.46151341040968e-07 1.09938923742448e-06 1.9020515082957e-06 2.17151227843715e-06 2.17854903894477e-06 2.20752713175898e-06 -9999 -9999 -9999 -9999 -9999 -9999 -9999
2.82056902278782e-07 2.83310612303467e-07 2.85597167248852e-07 2.90780889145026e-07 2.97839193308391e-07 3.05339312944852e-07 3.12998110985063e-07 3.11806360286937e-07 3.09224930106211e-07 3.02471761415291e-07 2.96979294489574e-07 3.00824808618927e-07 3.04471257095429e-07 3.07520565456798e-07 3.23662675327796e-07 3.61296343953654e-07 3.94360824884643e-07 4.22984896886192e-07 4.44188088977171e-07 4.6113899543343e-07 4.12168702723648e-07 3.42868162306331e-07 2.43121945686653e-07 1.4131292402908e-07 1.12117319872596e-07 8.68491554228967e-08 8.38356086774183e-08 9.17526392640866e-08 1.27976292674248e-07 2.46680002646826e-07 4.85483553802624e-07 1.03331433365383e-06 1.84896259725065e-06 2.15660793401184e-06 2.20752713175898e-06 2.20887295654393e-06 -9999 -9999 -9999 -9999 -9999 -9999 -9999
2.75532698879033e-07 2.74146430001565e-07 2.72309307547403e-07 2.77606233112238e-07 2.87519213770793e-07 3.00544030551464e-07 3.14686673164033e-07 3.20383577445682e-07 3.24754324765308e-07 3.19511116231297e-07 3.15224326641328e-07 3.1835733693697e-07 3.18931000720113e-07 3.11826823917727e-07 3.15422369112639e-07 3.36581308602035e-07 3.62400925268958e-07 3.92749825550709e-07 4.27986066142694e-07 4.66022839873403e-07 4.39278522890163e-07 3.92555534745043e-07 2.7652532708089e-07 1.54116065687049e-07 1.20159896255245e-07 9.05543515727913e-08 8.56013002703548e-08 8.85544721995757e-08 1.11982224382245e-07 2.06755117915236e-07 4.05414198212384e-07 9.46027398640581e-07 1.78299433173379e-06 2.11867245525355e-06 2.20101765080472e-06 2.21807431444176e-06 -9999 -9999 -9999 -9999 -9999 -9999 -9999
2.83199625528141e-07 2.80431009969107e-07 2.74604929018096e-07 2.74446364301184e-07 2.77954939065239e-07 2.88067639075962e-07 3.00552613907712e-07 3.14705516757385e-07 3.2912032565946e-07 3.30453957531063e-07 3.3160921475428e-07 3.32154257876027e-07 3.30259069869498e-07 3.21043359008399e-07 3.17365078217335e-07 3.22776344319209e-07 3.38614853490071e-07 3.64586668410993e-07 4.08215868219486e-07 4.61963168163493e-07 4.49687746595373e-07 4.17050756595927e-07 2.95358177027083e-07 1.65066552426651e-07 1.30061280856353e-07 9.90975621562029e-08 9.10350479443878e-08 8.83615811630989e-08 9.96439837308571e-08 1.61123395514551e-07 2.95695059548962e-07 7.76789079282025e-07 1.55819589053863e-06 1.95785514733871e-06 2.16459307011974e-06 2.20751735469094e-06 -9999 -9999 -9999 -9999 -9999 -9999 -9999
