Ecospace-environmental-drivers/Outputs/ASCII-for-ecospace/MOM6-ISIMIP3a/chl/2004-03_chl_MOM6-ISIMIP3a.asc
NCOLS 131 
NROWS 53 
XLLCORNER -98 
YLLCORNER 23.9265270233154 
CELLSIZE 0.133587792515755 
NODATA_value -9999 
[rows 19 to 37 of 53, columns 86 to 128 of 131]
4.72023543807154e-07 4.49765906296307e-07 4.44215544348481e-07 4.28002266517069e-07 4.04889533456299e-07 3.69052287396698e-07 3.28644233604791e-07 3.00379383588734e-07 2.74021232371524e-07 2.5745180209924e-07 2.41777968312817e-07 2.32074484074474e-07 2.18778779981221e-07 1.94706700540337e-07 1.73843986317479e-07 1.58249349624384e-07 1.41204353099056e-07 1.2274988137051e-07 1.13162975878822e-07 1.08657374653376e-07 1.7159554488444e-07 2.55333560517101e-07 7.81353207912616e-07 1.35521565880481e-06 1.69037980413123e-06 1.97922145162011e-06 2.00557951757219e-06 2.02428168449842e-06 2.02315800379438e-06 -9999 -9999 -9999 -9999 -9999 -9999 -9999 -9999 -9999 -9999 -9999 -9999 -9999 -9999
4.15342555015741e-07 3.91595278870227e-07 3.91290711831971e-07 3.86677413644065e-07 3.79276116291294e-07 3.58767152874861e-07 3.33549735387351e-07 3.13536276053128e-07 2.94339940865029e-07 2.79073162801069e-07 2.64308454234197e-07 2.52972057523948e-07 2.39954630387729e-07 2.21894183027871e-07 2.04484479127132e-07 1.88142934121061e-07 1.65546452990384e-07 1.36871335598698e-07 1.16674677030915e-07 1.01336361524318e-07 1.22594755680439e-07 1.5513965934133e-07 5.26185090166109e-07 9.38718187626364e-07 1.39095948270551e-06 1.7963375285035e-06 1.9361675640539e-06 2.03734407477896e-06 2.03842091650586e-06 -9999 -9999 -9999 -9999 -9999 -9999 -9999 -9999 -9999 -9999 -9999 -9999 -9999 -9999
3.62203337544997e-07 3.35618324243114e-07 3.3831003065643e-07 3.44234337035232e-07 3.52250339119564e-07 3.4747432664517e-07 3.38103205876905e-07 3.26589940868871e-07 3.14740333351438e-07 3.01476006825396e-07 2.88075625576312e-07 2.73764754865624e-07 2.60565030885118e-07 2.50698718673448e-07 2.38524137330387e-07 2.2256062948145e-07 1.95200343000579e-07 1.56764528469466e-07 1.28938012267099e-07 1.07190864184759e-07 1.05325177912619e-07 1.09590992281028e-07 2.82730866274505e-07 4.84107772535936e-07 1.04950663626369e-06 1.57191777816479e-06 1.85074134151364e-06 2.04998104891274e-06 -9999 -9999 -9999 -9999 -9999 -9999 -9999 -9999 -9999 -9999 -9999 -9999 -9999 -9999 -9999
3.19149762617599e-07 2.98188751912676e-07 3.03831939163501e-07 3.18931967058234e-07 3.40150990041366e-07 3.49294310808546e-07 3.54099853439038e-07 3.4713298191491e-07 3.38317590831139e-07 3.2442690667267e-07 3.09581025703665e-07 2.88088273237008e-07 2.71195432333116e-07 2.68101956635292e-07 2.64190333609804e-07 2.58935813235439e-07 2.33952420103378e-07 1.89796267591191e-07 1.53641821043493e-07 1.22072535191364e-07 1.08099989404309e-07 9.95543274484589e-08 1.86591023521032e-07 2.91454597345364e-07 6.86576754560519e-07 1.07451865005714e-06 1.42177350426209e-06 1.67185521604551e-06 1.67028974829009e-06 1.58319357979053e-06 -9999 -9999 -9999 -9999 -9999 -9999 -9999 -9999 -9999 -9999 -9999 -9999 -9999
2.77869446563273e-07 2.62961947328222e-07 2.71344049451727e-07 2.9502299980777e-07 3.28599696786114e-07 3.51246143281969e-07 3.69966272728561e-07 3.67723202998604e-07 3.62188529834384e-07 3.47248914067677e-07 3.30566422235279e-07 3.01763407151157e-07 2.80905283034372e-07 2.83881234963701e-07 2.8809316177103e-07 2.9433394388434e-07 2.72444026450103e-07 2.23216389372283e-07 1.78911918169433e-07 1.37428529001227e-07 1.12588992351448e-07 9.2882459057364e-08 1.06081500916844e-07 1.27334558897019e-07 3.36028165293101e-07 5.73586135033111e-07 9.74701947598078e-07 1.21441928513377e-06 1.03616685009911e-06 1.20744698506314e-06 1.21856203350035e-06 -9999 -9999 -9999 -9999 -9999 -9999 -9999 -9999 -9999 -9999 -9999 -9999
2.53046891884878e-07 2.40539606011225e-07 2.48209317987858e-07 2.72348728458383e-07 3.07144802036419e-07 3.38728341375827e-07 3.69157845625523e-07 3.79585486598444e-07 3.86872443414177e-07 3.6724787833009e-07 3.45842266824548e-07 3.12950675152024e-07 2.88092934397355e-07 2.87336121118642e-07 2.93527619987799e-07 3.11124694007958e-07 2.95088540269717e-07 2.46367250156254e-07 1.97734507878522e-07 1.49152512562978e-07 1.19920017027653e-07 9.66549862368993e-08 9.64901758493397e-08 1.01517599659928e-07 2.17047400496995e-07 3.60866692972195e-07 6.64986544052226e-07 8.91248589596216e-07 9.15884299956815e-07 8.65045649334206e-07 8.6770154439364e-07 -9999 -9999 -9999 -9999 -9999 -9999 -9999 -9999 -9999 -9999 -9999 -9999
2.30614290330777e-07 2.20801553041383e-07 2.27631360871783e-07 2.5179934937114e-07 2.87185969227721e-07 3.24960552688935e-07 3.63592931762469e-07 3.85019689019828e-07 4.0374482068728e-07 3.81404134941477e-07 3.5715152080229e-07 3.2120200899044e-07 2.93389888383899e-07 2.89989372959099e-07 2.98256622954796e-07 3.25676296597521e-07 3.15439621090263e-07 2.68608033593409e-07 2.1640296665737e-07 1.61118748565059e-07 1.27863415855245e-07 1.01401845142846e-07 8.95547032087052e-08 8.04527715558834e-08 1.16621734491673e-07 1.79251514964562e-07 3.91819725109599e-07 5.66505036658782e-07 6.43085854790115e-07 7.09826508682454e-07 -9999 -9999 -9999 -9999 -9999 -9999 -9999 -9999 -9999 -9999 -9999 -9999 -9999
2.18660957784778e-07 2.12833271007185e-07 2.18264148088565e-07 2.40567032960826e-07 2.7378692379898e-07 3.05712092085741e-07 3.37172167519384e-07 3.6226856536814e-07 3.86365741178452e-07 3.69941858480161e-07 3.51068393911191e-07 3.1657995691603e-07 2.90396542368399e-07 2.89127655150878e-07 2.99892349175934e-07 3.30409847038027e-07 3.25734532680144e-07 2.86858352183117e-07 2.34395500342544e-07 1.74147203324537e-07 1.38491785151018e-07 1.10420891985541e-07 9.42644078349986e-08 8.0224680232277e-08 9.7555037825714e-08 1.34019813913255e-07 2.78908487416629e-07 4.2884397544185e-07 5.91849072861805e-07 6.88486920807918e-07 -9999 -9999 -9999 -9999 -9999 -9999 -9999 -9999 -9999 -9999 -9999 -9999 -9999
2.08700058124123e-07 2.06522784651497e-07 2.11388041293503e-07 2.31319972954225e-07 2.61000792534105e-07 2.8625640879909e-07 3.09922455699052e-07 3.3504019825159e-07 3.6038591133547e-07 3.51829214650934e-07 3.40240859486585e-07 3.08481673982897e-07 2.84706686670688e-07 2.84883640233602e-07 2.96967840540674e-07 3.28597508314488e-07 3.29676140609081e-07 3.01064915220195e-07 2.51274826723602e-07 1.89348796197919e-07 1.51038463513942e-07 1.20011264925779e-07 9.98447546862735e-08 8.1437029564313e-08 8.38289153648475e-08 9.9117016816308e-08 1.87480694080477e-07 3.07568996049667e-07 5.09813673943427e-07 6.04432045747672e-07 -9999 -9999 -9999 -9999 -9999 -9999 -9999 -9999 -9999 -9999 -9999 -9999 -9999
2.03086301553412e-07 2.03829372935616e-07 2.09947089047091e-07 2.26404409886527e-07 2.4955195954135e-07 2.66348678223949e-07 2.80864099977407e-07 2.98043175916973e-07 3.15640505732517e-07 3.19206520771331e-07 3.19061683740074e-07 2.92798830514585e-07 2.73133423434047e-07 2.73259928462721e-07 2.84093630398274e-07 3.12502947963367e-07 3.19755827149493e-07 3.06448612263921e-07 2.65725276449302e-07 2.09291883379592e-07 1.67770579651005e-07 1.30848192725352e-07 1.07324709119894e-07 8.57922017871715e-08 8.17551324416854e-08 8.67503757717714e-08 1.4292665184712e-07 2.22045969167084e-07 3.60580287406265e-07 4.58112509704733e-07 -9999 -9999 -9999 -9999 -9999 -9999 -9999 -9999 -9999 -9999 -9999 -9999 -9999
1.98507663640157e-07 2.00168472019868e-07 2.0590393035036e-07 2.18718852806887e-07 2.36114530594023e-07 2.48091311050302e-07 2.58121531260258e-07 2.69967614485722e-07 2.82098824300192e-07 2.92031558046801e-07 2.98199779535935e-07 2.77246243740592e-07 2.61542254520464e-07 2.61586507122047e-07 2.71365678372604e-07 2.97124472581345e-07 3.09574602397333e-07 3.09091205963341e-07 2.76561706868961e-07 2.25669097630998e-07 1.8174651472691e-07 1.39973508339608e-07 1.13676875912461e-07 8.95665976941018e-08 8.04903663720324e-08 7.7596176595307e-08 1.09732148700914e-07 1.5963247790296e-07 2.55536747317819e-07 3.58207273620792e-07 4.70730185497814e-07 -9999 -9999 -9999 -9999 -9999 -9999 -9999 -9999 -9999 -9999 -9999 -9999
1.95231265820439e-07 1.95290382976054e-07 1.98586960209468e-07 2.07548396247148e-07 2.20175266463229e-07 2.31910206593966e-07 2.43324734583439e-07 2.53116013482213e-07 2.62652406490815e-07 2.71710320021157e-07 2.77736972975617e-07 2.61857536543175e-07 2.49928518769593e-07 2.49850614864044e-07 2.58821813758914e-07 2.82646936966557e-07 2.99065163744672e-07 3.08285251549023e-07 2.82851431165909e-07 2.37560144000781e-07 1.92254958619742e-07 1.46945481560579e-07 1.18610195443125e-07 9.26103211895679e-08 8.02434030333643e-08 7.24834876564273e-08 9.08288626533249e-08 1.26292675872719e-07 2.06087705123537e-07 3.12043766825809e-07 4.56093090406284e-07 5.22972356975515e-07 -9999 -9999 -9999 -9999 -9999 -9999 -9999 -9999 -9999 -9999 -9999
1.94918825968671e-07 1.93939669657084e-07 1.94555653365569e-07 1.99508804143989e-07 2.07268286089857e-07 2.19010772184447e-07 2.32184021342619e-07 2.41471383333192e-07 2.50148588065713e-07 2.57301167039259e-07 2.62146357954407e-07 2.50376928079277e-07 2.41633159703269e-07 2.41966176872666e-07 2.49892650572292e-07 2.70283635472879e-07 2.88048880747738e-07 3.03262424949935e-07 2.84864540844865e-07 2.47206543235734e-07 2.01967580437667e-07 1.54390605189292e-07 1.24326845707401e-07 9.66425517390235e-08 8.16503060718787e-08 7.03133480328688e-08 7.96888173226762e-08 1.06211210493257e-07 1.77138574031233e-07 2.98349334570958e-07 4.92778099214775e-07 5.9401094176792e-07 6.14475766269607e-07 6.23905407337588e-07 -9999 -9999 -9999 -9999 -9999 -9999 -9999 -9999 -9999
1.96829404330856e-07 1.95234534317024e-07 1.92988650837833e-07 1.9381738525226e-07 1.96635554061686e-07 2.08572643600746e-07 2.23785406205934e-07 2.33732066590164e-07 2.42851825760226e-07 2.47326170210727e-07 2.50209922114664e-07 2.41827478930645e-07 2.35826618677493e-07 2.36970379319246e-07 2.43674577404818e-07 2.59506009570032e-07 2.76652485808881e-07 2.9507691579056e-07 2.83670146927761e-07 2.5516945356685e-07 2.110833321467e-07 1.62190630703662e-07 1.30630994021885e-07 1.01416176789826e-07 8.4297631985919e-08 7.03501541465812e-08 7.43712718076495e-08 9.60736201705004e-08 1.63564607191802e-07 3.09007049281718e-07 5.6795516911734e-07 6.69047722112737e-07 6.3333504840557e-07 -9999 -9999 -9999 -9999 -9999 -9999 -9999 -9999 -9999 -9999
2.15614662124608e-07 2.12824801337774e-07 2.05525680030405e-07 2.01368564489712e-07 1.99244482246286e-07 2.08160329862039e-07 2.21041901227181e-07 2.31871041478371e-07 2.42377922177184e-07 2.44050454512035e-07 2.44836172669238e-07 2.39665126855471e-07 2.35764090916746e-07 2.35673070392295e-07 2.40783947447198e-07 2.54433672353116e-07 2.70156448323178e-07 2.87893840322795e-07 2.81029201687488e-07 2.60067054114188e-07 2.1919173320839e-07 1.72175120383145e-07 1.39017927835994e-07 1.07787130332326e-07 8.85798172589602e-08 7.21621518096072e-08 7.15518524430081e-08 8.74565060371424e-08 1.46129522704541e-07 3.10918693458007e-07 6.30224349151831e-07 1.16651267489942e-06 1.8908484662461e-06 1.64102561939217e-06 2.1340142666304e-06 -9999 -9999 -9999 -9999 -9999 -9999 -9999 -9999
2.41632022834892e-07 2.37398907643183e-07 2.24107395752071e-07 2.14595232250758e-07 2.07528486839692e-07 2.12044852787585e-07 2.20722057520106e-07 2.32529330901343e-07 2.4482810090376e-07 2.43645899900002e-07 2.42275007167336e-07 2.40240126458957e-07 2.38163337940023e-07 2.35960825989423e-07 2.39319433603669e-07 2.51806483220207e-07 2.65760604634124e-07 2.8114038741478e-07 2.777682652777e-07 2.63650946408234e-07 2.26868380082124e-07 1.83095821171264e-07 1.48297488067328e-07 1.14842663379022e-07 9.35626687237345e-08 7.47349702123756e-08 6.98030788726101e-08 7.94910377521774e-08 1.27039641029114e-07 3.09081940486067e-07 6.86961527662788e-07 1.22641802136059e-06 1.9059046962866e-06 2.1340142666304e-06 2.13847511076892e-06 2.15603404285503e-06 -9999 -9999 -9999 -9999 -9999 -9999 -9999
2.57867384334531e-07 2.57593683272717e-07 2.49722830858445e-07 2.37282975490416e-07 2.21886779172564e-07 2.19679634483327e-07 2.22210204015028e-07 2.33853938880202e-07 2.46928607339214e-07 2.46848230744945e-07 2.46348548671449e-07 2.43499272301051e-07 2.39305563809467e-07 2.31078644219451e-07 2.32956324452971e-07 2.51420459562723e-07 2.68702450512137e-07 2.84835607544665e-07 2.84564237063023e-07 2.74892698826079e-07 2.41315120774743e-07 2.00364851821178e-07 1.61544804200275e-07 1.23308012689449e-07 1.00030618455094e-07 7.89869432082924e-08 7.060044993068e-08 7.37436707254346e-08 1.06745083883197e-07 2.56137809628854e-07 5.75008812120359e-07 1.11865699636837e-06 1.85710757705237e-06 2.12537702282134e-06 2.15603404285503e-06 2.15685918192321e-06 -9999 -9999 -9999 -9999 -9999 -9999 -9999
2.72078807483922e-07 2.76882360594755e-07 2.76793542752785e-07 2.61928221334529e-07 2.37501836863885e-07 2.28090343057374e-07 2.24072451260326e-07 2.35316392149798e-07 2.48956752102458e-07 2.50796830414401e-07 2.51794801897631e-07 2.47313749923705e-07 2.40187716826767e-07 2.25126782993357e-07 2.25579668722276e-07 2.51498136094597e-07 2.73162498842794e-07 2.90692696580663e-07 2.93440962195746e-07 2.87718876279541e-07 2.57162582784076e-07 2.18947363350708e-07 1.75613038777556e-07 1.32065039792906e-07 1.06805842392532e-07 8.3586336074859e-08 7.19246315838973e-08 6.8455236146292e-08 8.62012825564307e-08 1.92619509675751e-07 4.28154010023718e-07 9.76205456026946e-07 1.7950991377802e-06 2.10279881684983e-06 2.15215959542547e-06 2.1623841348628e-06 -9999 -9999 -9999 -9999 -9999 -9999 -9999
2.68620055976498e-07 2.73402122275002e-07 2.75070902944208e-07 2.6499938599045e-07 2.47331314540133e-07 2.35669702419727e-07 2.2616572437073e-07 2.33135878602297e-07 2.42692777874254e-07 2.48351540221847e-07 2.52373126841121e-07 2.44752470734966e-07 2.35047451724313e-07 2.19089457687005e-07 2.18812857610828e-07 2.44276861849357e-07 2.63931184463218e-07 2.77939562920437e-07 2.83595738892473e-07 2.84465926370103e-07 2.61220378661164e-07 2.30537466450187e-07 1.85106614480901e-07 1.3835050083344e-07 1.1188355131253e-07 8.73172254500787e-08 7.35207237312352e-08 6.59026966332021e-08 7.42849053381178e-08 1.44922950084947e-07 3.06212200484879e-07 7.88598072176683e-07 1.5492615830226e-06 1.93350228983036e-06 2.1275125163811e-06 2.16764897231769e-06 -9999 -9999 -9999 -9999 -9999 -9999 -9999
