Ecospace-environmental-drivers/Outputs/ASCII-for-ecospace/MOM6-ISIMIP3a/chl/2006-12_chl_MOM6-ISIMIP3a.asc
NCOLS 131 
NROWS 53 
XLLCORNER -98 
YLLCORNER 23.9265270233154 
CELLSIZE 0.133587792515755 
NODATA_value -9999 
[rows 19 to 37 of 53, columns 86 to 128 of 131]
3.85260193525028e-07 3.80177567649298e-07 3.64875205605131e-07 3.66522129979785e-07 3.7913608252893e-07 3.98869730133811e-07 4.21160905261786e-07 4.49748910114067e-07 4.79325649394013e-07 5.23266578511539e-07 5.6190754094132e-07 5.61455806291633e-07 5.48777620679175e-07 4.99420821142849e-07 4.32830006502627e-07 3.37950012863075e-07 2.5655262447799e-07 1.88257757827159e-07 1.66542463375663e-07 1.71518266256498e-07 3.16436398861697e-07 5.04513081978075e-07 9.78929620032432e-07 1.48415870171448e-06 1.82747282906348e-06 2.12918985198485e-06 2.1951984763291e-06 2.24223276745761e-06 2.24012978833343e-06 -9999 -9999 -9999 -9999 -9999 -9999 -9999 -9999 -9999 -9999 -9999 -9999 -9999 -9999
3.55616407432535e-07 3.49665697285673e-07 3.37987160037301e-07 3.4040226637444e-07 3.51936620290871e-07 3.68022853081129e-07 3.85744186814918e-07 4.09737168638458e-07 4.34714905850342e-07 4.82598068174411e-07 5.26734538652818e-07 5.42572195172397e-07 5.4744111821492e-07 5.19404750320973e-07 4.72914507554378e-07 3.96132634250534e-07 3.12118146439389e-07 2.21074941464394e-07 1.75206807284667e-07 1.55224938680476e-07 2.42464068378467e-07 3.62770407491553e-07 7.74017848925723e-07 1.21965217658726e-06 1.64135747127148e-06 2.0199736354698e-06 2.15442901208007e-06 2.25161829803255e-06 2.25230178330094e-06 -9999 -9999 -9999 -9999 -9999 -9999 -9999 -9999 -9999 -9999 -9999 -9999 -9999 -9999
3.28374738955972e-07 3.21694159310937e-07 3.14033002268843e-07 3.17664415661056e-07 3.28602624222185e-07 3.406333064504e-07 3.53056435642429e-07 3.72465080999973e-07 3.92970605389564e-07 4.42756686425128e-07 4.90345939851977e-07 5.20517914992524e-07 5.40575740615168e-07 5.30291799805127e-07 5.0426683628757e-07 4.5240335566632e-07 3.69748534012615e-07 2.57170285067332e-07 1.88905488585078e-07 1.460332583747e-07 1.8723480366134e-07 2.54364920238004e-07 5.83467226533685e-07 9.46891418607265e-07 1.44211799124605e-06 1.89494335245399e-06 2.10750522455783e-06 2.25964004130219e-06 -9999 -9999 -9999 -9999 -9999 -9999 -9999 -9999 -9999 -9999 -9999 -9999 -9999 -9999 -9999
3.01297632177011e-07 2.96442919989204e-07 2.91855684508846e-07 2.96126614784953e-07 3.06129265936761e-07 3.18970023727161e-07 3.32830296656539e-07 3.4976315532731e-07 3.67178500937371e-07 4.16279476667114e-07 4.63344150603007e-07 4.94027972308686e-07 5.15134559009311e-07 5.07509923863836e-07 4.90968204758246e-07 4.59789333717708e-07 3.91012406453228e-07 2.85697211666047e-07 2.11811396866324e-07 1.5593531088598e-07 1.7379377936777e-07 2.14392173347733e-07 5.09228868850187e-07 8.3851318777306e-07 1.34770630211278e-06 1.81877430804889e-06 2.07380821848346e-06 2.25779126594716e-06 2.25777603191091e-06 2.23921028918994e-06 -9999 -9999 -9999 -9999 -9999 -9999 -9999 -9999 -9999 -9999 -9999 -9999 -9999
2.74549677214964e-07 2.71658734618541e-07 2.69984980150184e-07 2.74801038813166e-07 2.83816291357653e-07 2.97708481866721e-07 3.13352501279951e-07 3.27964329471797e-07 3.42414068654762e-07 3.90307150155422e-07 4.36262524772246e-07 4.66458828896066e-07 4.87616262034862e-07 4.81657593809359e-07 4.73601431849602e-07 4.62102264009445e-07 4.08249832162255e-07 3.13237961790946e-07 2.3564113860175e-07 1.68023547075791e-07 1.64513835443358e-07 1.80775160174562e-07 4.43093171043074e-07 7.39788106329797e-07 1.25798760564066e-06 1.74264073393715e-06 2.03720514946326e-06 2.23987512981694e-06 2.20456763599941e-06 2.2143619844428e-06 2.16250009543728e-06 -9999 -9999 -9999 -9999 -9999 -9999 -9999 -9999 -9999 -9999 -9999 -9999
2.53024268204172e-07 2.51127573847043e-07 2.50918617439311e-07 2.55453272757222e-07 2.63057302163361e-07 2.75806939953327e-07 2.9040492677268e-07 3.02572487953512e-07 3.14358430841821e-07 3.5570198519963e-07 3.95947580500433e-07 4.26711949330638e-07 4.49403813718163e-07 4.47878875320384e-07 4.45785076408356e-07 4.4275756749812e-07 4.05209192422262e-07 3.34112996824842e-07 2.63027743585553e-07 1.91948743122339e-07 1.70850867675654e-07 1.65167321597437e-07 3.63014180493337e-07 5.91685306972067e-07 1.11263818780571e-06 1.60506635893398e-06 1.93586060959205e-06 2.17586284634308e-06 2.18074251279177e-06 2.0339280126791e-06 1.89440777376149e-06 -9999 -9999 -9999 -9999 -9999 -9999 -9999 -9999 -9999 -9999 -9999 -9999
2.34666813980766e-07 2.33671286764547e-07 2.34540166843544e-07 2.38528713225605e-07 2.44535840465687e-07 2.55525890224817e-07 2.68305910822164e-07 2.78394566066709e-07 2.88060647335442e-07 3.22133473673603e-07 3.5603679293672e-07 3.87444060834241e-07 4.11942437494872e-07 4.15714623613894e-07 4.19669703433101e-07 4.23924916503893e-07 4.02216073780437e-07 3.55275091123985e-07 2.91336277769005e-07 2.17657401435645e-07 1.79877389427929e-07 1.5316869905746e-07 2.84880087519923e-07 4.42997674099388e-07 9.3882067631057e-07 1.41523059937754e-06 1.78163691089139e-06 1.97418012248818e-06 1.71647400293296e-06 1.76564867615525e-06 -9999 -9999 -9999 -9999 -9999 -9999 -9999 -9999 -9999 -9999 -9999 -9999 -9999
2.30199916018137e-07 2.29697249665151e-07 2.29947474394976e-07 2.32229140806339e-07 2.35825226013731e-07 2.42350267853908e-07 2.49927438744635e-07 2.59539234548356e-07 2.69470518787784e-07 2.93110502980198e-07 3.17898212642831e-07 3.5027656508646e-07 3.77774085791316e-07 3.90629452340363e-07 4.01012499651188e-07 4.07337381602701e-07 3.99431399955574e-07 3.77695727138416e-07 3.23687373793291e-07 2.5118609414676e-07 2.00696518959376e-07 1.56995440647734e-07 2.15273644244007e-07 2.91745521963094e-07 6.40178313915385e-07 9.96242874862219e-07 1.39555220357579e-06 1.66577058280382e-06 1.60168553975382e-06 1.56369253545563e-06 -9999 -9999 -9999 -9999 -9999 -9999 -9999 -9999 -9999 -9999 -9999 -9999 -9999
2.27187058499112e-07 2.26876622377858e-07 2.26662848490378e-07 2.27653004003514e-07 2.29422141728719e-07 2.32554057788548e-07 2.36175509371606e-07 2.44219620526565e-07 2.52958187729746e-07 2.68350333954004e-07 2.85858646975612e-07 3.18331046855747e-07 3.47646590626027e-07 3.67491935548969e-07 3.83403573778196e-07 3.92858169107058e-07 3.96247969547403e-07 3.93743960103166e-07 3.50305327856404e-07 2.83410315660149e-07 2.22656225901119e-07 1.63796045171694e-07 1.64169122740532e-07 1.76008342123168e-07 3.86838109989185e-07 6.23469020410994e-07 1.00630040833494e-06 1.30390606045694e-06 1.38080474698654e-06 1.36733092404029e-06 -9999 -9999 -9999 -9999 -9999 -9999 -9999 -9999 -9999 -9999 -9999 -9999 -9999
2.27346689030128e-07 2.26572538508663e-07 2.26232202749088e-07 2.26837158834314e-07 2.28053750106483e-07 2.30131249168153e-07 2.3251801906099e-07 2.3661439740863e-07 2.40979204590985e-07 2.52890998808653e-07 2.67126267772255e-07 2.97779024549527e-07 3.26335651834597e-07 3.48603947486481e-07 3.68081742863069e-07 3.82978981861015e-07 3.92194522191858e-07 3.95888520188237e-07 3.64414489695264e-07 3.12788415612886e-07 2.47104537720588e-07 1.77085212271777e-07 1.53433077798582e-07 1.37759627705236e-07 2.32340738648418e-07 3.51527205566526e-07 6.10138386036851e-07 8.2540998391778e-07 9.28446127090865e-07 1.02551189229416e-06 -9999 -9999 -9999 -9999 -9999 -9999 -9999 -9999 -9999 -9999 -9999 -9999 -9999
2.2929158660645e-07 2.27838668820368e-07 2.26731899033439e-07 2.26386148938218e-07 2.26532847591443e-07 2.27395091201288e-07 2.28514380751221e-07 2.30373814247287e-07 2.32349464113213e-07 2.41372077880442e-07 2.52667973654752e-07 2.80044417877434e-07 3.0688528340761e-07 3.32119498125394e-07 3.53987928747301e-07 3.70331406429614e-07 3.83179127538824e-07 3.92629630141528e-07 3.73603654679755e-07 3.38260008447833e-07 2.71175821353609e-07 1.94302742784203e-07 1.52937985831159e-07 1.17056359272283e-07 1.36981853415818e-07 1.76409585606052e-07 3.26345428902641e-07 4.65786058612139e-07 5.78047433918982e-07 6.43746716377791e-07 6.41646693111397e-07 -9999 -9999 -9999 -9999 -9999 -9999 -9999 -9999 -9999 -9999 -9999 -9999
2.33482495559656e-07 2.31080250046034e-07 2.28402001312134e-07 2.26394149649423e-07 2.24820084326893e-07 2.24264709913768e-07 2.2407526500956e-07 2.25850087076651e-07 2.27933327323626e-07 2.34810514143646e-07 2.43586868009515e-07 2.65854282588407e-07 2.89775698547601e-07 3.18658919695736e-07 3.41439033491042e-07 3.54201006302901e-07 3.67921245469915e-07 3.82572750368126e-07 3.76603026097655e-07 3.58816919288074e-07 2.94772746656236e-07 2.16462453295208e-07 1.6532685265247e-07 1.18426697781615e-07 1.16024040153206e-07 1.23104683780184e-07 1.83921869734149e-07 2.55712905072869e-07 3.55922594508229e-07 4.64357015061978e-07 5.84767519740126e-07 6.40671714791097e-07 -9999 -9999 -9999 -9999 -9999 -9999 -9999 -9999 -9999 -9999 -9999
2.42421322127484e-07 2.39326482187607e-07 2.35308789342525e-07 2.31392391469853e-07 2.27541505637419e-07 2.24736524501168e-07 2.22307249941878e-07 2.22958533413475e-07 2.24093525957869e-07 2.289425822255e-07 2.35551823379865e-07 2.54702825941422e-07 2.76443529401149e-07 3.0595316502513e-07 3.28535207927416e-07 3.39745838573435e-07 3.5383283147894e-07 3.70715127928634e-07 3.74692433524615e-07 3.71274836652447e-07 3.17216290568467e-07 2.47539901465643e-07 1.8794287370838e-07 1.30430933609205e-07 1.12896309190091e-07 1.00227204313796e-07 1.15128223399097e-07 1.5295688626793e-07 2.5016069571393e-07 4.21791526150628e-07 7.01796182056569e-07 8.6667614596081e-07 9.31783688429277e-07 9.61783371167257e-07 -9999 -9999 -9999 -9999 -9999 -9999 -9999 -9999 -9999
2.54921161513266e-07 2.51326213174252e-07 2.46143144977395e-07 2.40133346096627e-07 2.33588636433524e-07 2.27910049943603e-07 2.22542595906816e-07 2.21291131197177e-07 2.2068596194913e-07 2.23594881276767e-07 2.2830136003904e-07 2.45830364065114e-07 2.6594443625072e-07 2.9381348554125e-07 3.15365213054974e-07 3.26547109352759e-07 3.40621539862695e-07 3.57506962700427e-07 3.69099240060677e-07 3.77658437855644e-07 3.38794762910766e-07 2.85305731040353e-07 2.18229345705367e-07 1.50410699006898e-07 1.23141333574495e-07 1.00170595374038e-07 1.01557773746208e-07 1.30689826960406e-07 2.31672103723213e-07 4.81845574995532e-07 9.49257525917346e-07 1.10540054265584e-06 9.91783167592075e-07 -9999 -9999 -9999 -9999 -9999 -9999 -9999 -9999 -9999 -9999
2.69895224391803e-07 2.67117513885751e-07 2.62530619465906e-07 2.55908730650845e-07 2.47970120881291e-07 2.40263574369237e-07 2.32640402941797e-07 2.27520843054663e-07 2.22794398041515e-07 2.22017916939876e-07 2.23180038005921e-07 2.38162499499595e-07 2.55542119020902e-07 2.80113027883999e-07 2.99841332207507e-07 3.116205959941e-07 3.25232122122543e-07 3.40624211503382e-07 3.57480587354075e-07 3.75176057332283e-07 3.54271776359383e-07 3.21463204500105e-07 2.49700747190218e-07 1.74097849026111e-07 1.3656239161719e-07 1.03969689746464e-07 9.9384720897433e-08 1.23839583920926e-07 2.2349820483214e-07 5.34467858415155e-07 1.15312911930232e-06 1.67091866387636e-06 2.10128814615018e-06 1.87116324923409e-06 2.24576683649502e-06 -9999 -9999 -9999 -9999 -9999 -9999 -9999 -9999
2.85929672827478e-07 2.84533797412223e-07 2.81298014215281e-07 2.74698891189473e-07 2.65923517872579e-07 2.56551459187904e-07 2.46965072392413e-07 2.3713509733625e-07 2.27266880870047e-07 2.22057011001198e-07 2.18971223375775e-07 2.31010915285879e-07 2.45181297486852e-07 2.65743636873594e-07 2.83308651205516e-07 2.9595361183965e-07 3.08909193336149e-07 3.22166584965089e-07 3.43279538128627e-07 3.68893893210043e-07 3.67133793588437e-07 3.56931366241042e-07 2.81679973568316e-07 1.99373900500177e-07 1.51344636378781e-07 1.09421250726882e-07 1.02096343823632e-07 1.2359664935957e-07 2.19744933360744e-07 5.83904977702332e-07 1.33831917992211e-06 1.84808084213728e-06 2.14581496038591e-06 2.24576683649502e-06 2.26110296352999e-06 2.29983766075748e-06 -9999 -9999 -9999 -9999 -9999 -9999 -9999
2.93538846563024e-07 2.93688373176337e-07 2.92968081794243e-07 2.89405079456628e-07 2.84002652506388e-07 2.76319156000682e-07 2.67816204768678e-07 2.53304079933514e-07 2.37848396977824e-07 2.2920529829662e-07 2.22527390292271e-07 2.29713265298415e-07 2.39206201513298e-07 2.55620079769869e-07 2.70026760063047e-07 2.81138568425376e-07 2.92586463501721e-07 3.04360952441129e-07 3.26004794715118e-07 3.53304017153278e-07 3.6238233747099e-07 3.65841316352089e-07 2.94667614753052e-07 2.15110219414782e-07 1.61657126795944e-07 1.1464631910485e-07 1.04140347900739e-07 1.17148083234042e-07 1.91048698638951e-07 4.9536703272679e-07 1.13519854494371e-06 1.65101289439917e-06 2.0593479348463e-06 2.23770439333748e-06 2.29983766075748e-06 2.30193086281361e-06 -9999 -9999 -9999 -9999 -9999 -9999 -9999
2.99404831594074e-07 3.01133582070179e-07 3.03169713333773e-07 3.03266261880708e-07 3.02107821426034e-07 2.96806803135041e-07 2.90017709403401e-07 2.70829275450524e-07 2.49693869136536e-07 2.37824480109339e-07 2.27690136966885e-07 2.29626820669182e-07 2.34138497035019e-07 2.46375009282929e-07 2.57417440252539e-07 2.6649979645299e-07 2.76263818932421e-07 2.86690266193546e-07 3.08094143974813e-07 3.35788342908927e-07 3.53986621348668e-07 3.69256355270409e-07 3.03725869343907e-07 2.28872764296284e-07 1.71044803209952e-07 1.19824534294821e-07 1.06046215364586e-07 1.09415552174141e-07 1.57191735183915e-07 3.78281896473709e-07 8.51735933338205e-07 1.37651625209401e-06 1.94577842194121e-06 2.19929574996058e-06 2.29324700740108e-06 2.31270769290859e-06 -9999 -9999 -9999 -9999 -9999 -9999 -9999
2.94627369612499e-07 2.9601747542074e-07 3.00511544537585e-07 3.04375930681999e-07 3.07832863200019e-07 3.07267555399449e-07 3.05257401578274e-07 2.88112090629511e-07 2.68590213181596e-07 2.48589770990293e-07 2.31164392516803e-07 2.32394526733515e-07 2.35469343579098e-07 2.44078051991892e-07 2.51755153612976e-07 2.57903053579867e-07 2.65165340351814e-07 2.73510664783316e-07 2.92882219810053e-07 3.18572034530007e-07 3.38067422944732e-07 3.55652446160093e-07 3.01662765878064e-07 2.39187983197553e-07 1.81433421175825e-07 1.29581565033732e-07 1.11177030248655e-07 1.05224700064355e-07 1.31519541923808e-07 2.68248271595439e-07 5.6578062412882e-07 1.07212599687045e-06 1.75943876001838e-06 2.09492827707436e-06 2.25261896957818e-06 2.28554267778236e-06 -9999 -9999 -9999 -9999 -9999 -9999 -9999
