Ecospace-environmental-drivers/Outputs/ASCII-for-ecospace/MOM6-ISIMIP3a/chl/2006-07_chl_MOM6-ISIMIP3a.asc
NCOLS 131 
NROWS 53 
XLLCORNER -98 
YLLCORNER 23.9265270233154 
CELLSIZE 0.133587792515755 
NODATA_value -9999 
[rows 0 to 18 of 53, columns 43 to 85 of 131]
-9999 -9999 -9999 -9999 -9999 -9999 -9999 -9999 -9999 -9999 -9999 -9999 -9999 -9999 -9999 -9999 -9999 -9999 -9999 -9999 -9999 -9999 -9999 -9999 -9999 -9999 -9999 -9999 -9999 -9999 -9999 -9999 -9999 -9999 -9999 -9999 -9999 -9999 -9999 -9999 -9999 -9999 -9999
-9999 -9999 -9999 -9999 -9999 -9999 -9999 -9999 -9999 -9999 -9999 -9999 -9999 -9999 -9999 -9999 -9999 -9999 -9999 -9999 -9999 -9999 -9999 -9999 -9999 -9999 -9999 -9999 -9999 -9999 -9999 -9999 -9999 -9999 -9999 -9999 -9999 -9999 -9999 -9999 -9999 -9999 -9999
-9999 -9999 -9999 -9999 -9999 -9999 -9999 -9999 -9999 -9999 -9999 -9999 -9999 -9999 -9999 -9999 -9999 -9999 -9999 -9999 -9999 -9999 -9999 -9999 -9999 -9999 -9999 -9999 -9999 -9999 -9999 2.2598733266932e-06 2.15044633478101e-06 -9999 -9999 -9999 -9999 -9999 -9999 -9999 -9999 -9999 -9999
-9999 -9999 -9999 -9999 -9999 -9999 -9999 -9999 -9999 -9999 -9999 -9999 -9999 -9999 -9999 -9999 -9999 -9999 -9999 -9999 -9999 -9999 -9999 -9999 -9999 -9999 -9999 -9999 -9999 -9999 -9999 2.25191729441576e-06 2.14416536437056e-06 -9999 -9999 -9999 -9999 -9999 -9999 -9999 -9999 -9999 -9999
-9999 -9999 -9999 -9999 -9999 -9999 -9999 -9999 -9999 -9999 -9999 -9999 -9999 -9999 -9999 -9999 -9999 -9999 -9999 -9999 -9999 -9999 2.75279330708145e-06 2.74993021776027e-06 2.74763988272753e-06 2.73427940555848e-06 2.71994804279529e-06 2.68923508883745e-06 2.63359265773033e-06 2.52721588367422e-06 2.38503935179324e-06 2.23835581891763e-06 2.13235671253642e-06 2.06178333428397e-06 -9999 -9999 1.56518194671662e-06 1.21244192996528e-06 8.44308488012757e-07 5.49244134617766e-07 3.6221615573595e-07 2.31350654189555e-07 1.59130891574932e-07
-9999 -9999 -9999 -9999 -9999 -9999 -9999 -9999 -9999 -9999 -9999 -9999 -9999 -9999 -9999 -9999 -9999 -9999 2.75144634542812e-06 -9999 2.71284034170094e-06 2.68079656962072e-06 2.72151351055072e-06 2.75279330708145e-06 2.7493576908455e-06 2.74763988272753e-06 2.72091915576311e-06 2.69128508989525e-06 2.65550079348031e-06 2.55399208981544e-06 2.3721547677269e-06 2.22897097046371e-06 2.11394194593595e-06 2.05415722120961e-06 2.01725106308004e-06 1.84347686627007e-06 1.64279765613173e-06 1.20927131774806e-06 7.85256872859463e-07 5.38397330274165e-07 3.24078257563087e-07 2.24172836738035e-07 1.45800882478397e-07
-9999 -9999 -9999 -9999 -9999 -9999 -9999 -9999 -9999 -9999 -9999 -9999 -9999 -9999 2.85486407847202e-06 2.8500060125225e-06 2.84636939795746e-06 2.83621579910687e-06 2.79100845546054e-06 2.7560538455873e-06 2.74683884526894e-06 2.71088583758683e-06 2.68079656962072e-06 2.73095088232367e-06 2.75279330708145e-06 2.74763988272753e-06 2.72091915576311e-06 2.69128508989525e-06 2.65550079348031e-06 2.55399208981544e-06 2.3721547677269e-06 2.22897097046371e-06 2.11394194593595e-06 2.05415722120961e-06 2.01725106308004e-06 1.84347686627007e-06 1.64279765613173e-06 1.20927131774806e-06 7.85256872859463e-07 5.38397330274165e-07 3.24078257563087e-07 2.24172836738035e-07 1.45800882478397e-07
-9999 -9999 -9999 -9999 -9999 -9999 -9999 -9999 -9999 -9999 -9999 -9999 -9999 -9999 2.88091109723609e-06 2.85486407847202e-06 2.84514794657298e-06 -9999 2.82440305454656e-06 2.78865013569884e-06 2.76526907327934e-06 2.74683884526894e-06 2.70502187049715e-06 2.68079656962072e-06 2.75926254289516e-06 2.80056428891839e-06 2.68632993538631e-06 2.56725047620421e-06 2.43794306697964e-06 2.24580026042531e-06 1.9768594938796e-06 1.78640073045244e-06 1.65310723332368e-06 1.55573457050195e-06 1.47323794408294e-06 1.31194872210472e-06 1.13517069166846e-06 8.60969009863766e-07 5.93017375649652e-07 4.21365143665753e-07 2.70862528850557e-07 1.94722815649584e-07 1.33638238253297e-07
-9999 -9999 2.19562730308098e-06 -9999 -9999 -9999 -9999 -9999 -9999 -9999 -9999 -9999 -9999 -9999 -9999 -9999 -9999 -9999 2.82699375020457e-06 2.81078382613487e-06 2.79336518360651e-06 2.78369907391607e-06 2.74683884526894e-06 2.68743042397546e-06 2.80357062365511e-06 2.85694250123925e-06 2.64762343249458e-06 2.43072463490535e-06 2.19782418753312e-06 1.90676098554832e-06 1.54461110923876e-06 1.3035249821769e-06 1.15061993710697e-06 1.01259036000556e-06 8.80721245266614e-07 7.33522085738514e-07 5.83309372359508e-07 4.82050381833687e-07 3.83513736323948e-07 2.93861603495316e-07 2.12959946566116e-07 1.62825443794645e-07 1.20671444392428e-07
-9999 2.19562730308098e-06 2.34489175454655e-06 2.50834773396491e-06 2.55972872764687e-06 -9999 -9999 -9999 -9999 -9999 -9999 -9999 -9999 -9999 2.78401216746715e-06 2.90760931420664e-06 -9999 -9999 -9999 2.81011762126582e-06 2.8062345336366e-06 2.81993584394513e-06 2.82055952993687e-06 2.82905216408835e-06 2.85468127003696e-06 2.83078293250583e-06 2.59960893345124e-06 2.33810010286106e-06 2.01255261345068e-06 1.68326732818969e-06 1.34941330998117e-06 1.12232828541892e-06 9.73012106442184e-07 8.31993475003401e-07 6.94411085078173e-07 5.68710106563231e-07 4.45344682020732e-07 3.7809473951711e-07 3.13325472234283e-07 2.52488661089956e-07 1.96758435322408e-07 1.58983240794441e-07 1.26316876958299e-07
2.15615159504523e-06 2.26411566472962e-06 2.40558597397467e-06 2.51423807640094e-06 2.60521915151912e-06 2.61193440564966e-06 -9999 -9999 -9999 -9999 -9999 -9999 -9999 -9999 2.73041268883389e-06 2.79430719274387e-06 2.90760931420664e-06 -9999 -9999 2.77713479590602e-06 2.79835376204574e-06 2.84321481558436e-06 2.8907118121424e-06 2.93168045573111e-06 2.87499551632209e-06 2.78173661172332e-06 2.53541224992659e-06 2.2386523141904e-06 1.83541908427287e-06 1.47924617976969e-06 1.18059062970133e-06 9.70419478107942e-07 8.24699100121506e-07 6.81519111367379e-07 5.39391180609528e-07 4.31596077987706e-07 3.30549937643809e-07 2.91321953227452e-07 2.5458066943429e-07 2.1976758546316e-07 1.8680267999116e-07 1.6033605731991e-07 1.36264716843471e-07
2.11815086004208e-06 2.23988331526925e-06 2.39930363932217e-06 2.51423807640094e-06 2.60521915151912e-06 2.62536468653707e-06 2.60551814790233e-06 2.59775538324902e-06 -9999 -9999 -9999 -9999 -9999 -9999 -9999 2.73731507149932e-06 2.79241112366435e-06 2.90760931420664e-06 2.85486407847202e-06 2.77713479590602e-06 2.79835376204574e-06 2.84321481558436e-06 2.8386812118697e-06 2.82515429717023e-06 2.73012369689241e-06 2.60992896983225e-06 2.38441816691193e-06 2.10260577659938e-06 1.70193550275144e-06 1.37967242608283e-06 1.15323894078756e-06 9.75605644271127e-07 8.33517844966991e-07 6.92616538344737e-07 5.52206643078534e-07 4.43048890019782e-07 3.40034574719539e-07 2.96714773639906e-07 2.57216413501737e-07 2.33453405940054e-07 2.10347863571769e-07 1.89553944096588e-07 1.69289961604591e-07
2.00230192604067e-06 2.15037357520487e-06 2.32355318985356e-06 2.45861974690342e-06 2.57316401075514e-06 2.59910802924423e-06 2.59985426964704e-06 2.5977453788073e-06 -9999 -9999 -9999 -9999 2.63089918917103e-06 2.7381634026824e-06 2.77302615359076e-06 2.70849068328971e-06 2.73042860499118e-06 2.82311634691723e-06 2.80468839264358e-06 2.73362775260466e-06 2.75099864666117e-06 2.78949892162927e-06 2.75784577752347e-06 2.71452290689922e-06 2.57149463323003e-06 2.41097677644575e-06 2.17726346818381e-06 1.90100979580166e-06 1.53495045651653e-06 1.25975975606707e-06 1.09562915895367e-06 9.48723311466892e-07 8.14363829704234e-07 6.77904893109371e-07 5.40576536423032e-07 4.34772431390229e-07 3.35165253773084e-07 2.90298800109667e-07 2.50073696861364e-07 2.35385329006021e-07 2.21087361751415e-07 2.0816204937546e-07 1.93983439089607e-07
1.69182919762534e-06 1.89766660696478e-06 2.07412972486054e-06 2.263952865178e-06 2.46096965383913e-06 2.54425435741723e-06 2.5951935640478e-06 2.5977453788073e-06 2.59566650129273e-06 2.60229330706352e-06 2.60709884969401e-06 2.60263936979754e-06 2.63089918917103e-06 2.7381634026824e-06 2.77302615359076e-06 2.70849068328971e-06 2.67416089627659e-06 2.66454412667372e-06 2.62907110482047e-06 2.58135059993947e-06 2.58525346907845e-06 2.60149090536288e-06 2.60499768955924e-06 2.59362832366605e-06 2.37847075368336e-06 2.14416218113911e-06 1.82970359219325e-06 1.53553753534652e-06 1.28421015688218e-06 1.08899871520407e-06 9.62372610047169e-07 8.41667940676416e-07 7.25276322555146e-07 5.98669146256725e-07 4.67831341666169e-07 3.77171801346776e-07 2.94410341439288e-07 2.54360315921076e-07 2.18484316860668e-07 2.07931890372492e-07 1.99812021151047e-07 2.00245125370202e-07 1.97847100480431e-07
1.27059581700451e-06 1.47737739553122e-06 1.64320158546616e-06 1.87115813332639e-06 2.13257021641766e-06 2.3229499674926e-06 2.49312824962544e-06 2.53899725066731e-06 2.57129136116419e-06 2.58061845670454e-06 2.58733143709833e-06 2.58074669545749e-06 2.59554803960782e-06 2.66198821918806e-06 2.66549136540561e-06 2.58259024121799e-06 2.50403854806791e-06 2.42904525293852e-06 2.34719504987879e-06 2.26209658649168e-06 2.23702045332175e-06 2.22628545998305e-06 2.2330098090606e-06 2.22532230509387e-06 1.99041278392542e-06 1.73997602814779e-06 1.42455712648371e-06 1.15918226128997e-06 9.99454073280504e-07 8.71200597885036e-07 7.81415621986525e-07 6.89871228587435e-07 5.9704524346671e-07 4.93687082325778e-07 3.85967268812237e-07 3.15277191020868e-07 2.51866254075139e-07 2.17755925291385e-07 1.87069701951259e-07 1.79232699792919e-07 1.75285421732951e-07 1.85014613407475e-07 1.92018603684119e-07
6.92767230248137e-07 8.20157822545298e-07 9.55659402279707e-07 1.1982471050942e-06 1.49849608988006e-06 1.86631473297894e-06 2.2533502033184e-06 2.39718997363525e-06 2.51245410254342e-06 2.5282993192377e-06 2.53961684393289e-06 2.52790164267935e-06 2.5102162908297e-06 2.47811522058328e-06 2.40592248701432e-06 2.2786896352045e-06 2.17294677895552e-06 2.08478695640224e-06 1.91508866009826e-06 1.70676764810196e-06 1.63078277637396e-06 1.5864173974478e-06 1.55119892042421e-06 1.50722132730152e-06 1.3266115956867e-06 1.14157205644005e-06 9.37993604566145e-07 7.67440326399083e-07 6.66605956212152e-07 5.8690045534604e-07 5.33018862824974e-07 4.74818421025702e-07 4.13472236004964e-07 3.52304539319448e-07 2.91210767500161e-07 2.47311675138917e-07 2.06792620360829e-07 1.80210122380231e-07 1.55902199594493e-07 1.48772258512508e-07 1.46162165037822e-07 1.59444027758582e-07 1.72487176541836e-07
3.39876862653909e-07 4.11731804206283e-07 5.08674133925524e-07 7.11180234702624e-07 9.70527821664291e-07 1.35859761485335e-06 1.78327593403083e-06 1.99412284018763e-06 2.17734759644372e-06 2.20574997911172e-06 2.22801622840052e-06 2.2190693016455e-06 2.19342769014474e-06 2.12747568184568e-06 2.01596799342951e-06 1.84191867447225e-06 1.69271856975683e-06 1.56384942329169e-06 1.37782956244337e-06 1.16473859179678e-06 1.07892708456347e-06 1.02352692010754e-06 9.73104420154414e-07 9.18694752272131e-07 8.01277224127261e-07 6.84475082834979e-07 5.70248573694698e-07 4.7401616143361e-07 4.1577072806831e-07 3.68863680932918e-07 3.35814434038184e-07 3.01895369148042e-07 2.67342784354696e-07 2.37474196751464e-07 2.09545390816857e-07 1.86662816759053e-07 1.6477221720379e-07 1.4628226097102e-07 1.29045119479088e-07 1.22816445013996e-07 1.21175958156527e-07 1.3566773304774e-07 1.52138682096847e-07
1.76411148800071e-07 2.12819585954094e-07 2.64266475369368e-07 3.80616171469228e-07 5.31913144641294e-07 8.07863273166731e-07 1.11926476620283e-06 1.37104382247344e-06 1.60958973083325e-06 1.65563449172623e-06 1.69419229223422e-06 1.69466477473179e-06 1.68172471148864e-06 1.63639901984425e-06 1.51621338773111e-06 1.29325530906499e-06 1.08689948774554e-06 8.94127140327328e-07 7.52019161609496e-07 6.33909792213672e-07 5.72867691062129e-07 5.25460905009822e-07 4.82351481423393e-07 4.39285088305041e-07 3.92548315630847e-07 3.46375514936881e-07 3.02562938259143e-07 2.6338719294472e-07 2.34000154364367e-07 2.06628484988869e-07 1.81719983061157e-07 1.64450554507312e-07 1.5274528664122e-07 1.45003980378533e-07 1.38904312052546e-07 1.32175500766607e-07 1.25323012412082e-07 1.1540112154762e-07 1.05817953510723e-07 1.00654077073159e-07 9.96736417846478e-08 1.13402421675346e-07 1.31102098066549e-07
1.07886684475034e-07 1.24910300769443e-07 1.50105307739068e-07 2.09603499001787e-07 2.87572447632556e-07 4.47853039986512e-07 6.31543059625983e-07 8.15412704469054e-07 9.94355445982364e-07 1.03978618426481e-06 1.08031156287325e-06 1.09588336272282e-06 1.10438429601345e-06 1.0958121947624e-06 1.00980707884446e-06 8.17496754734748e-07 6.46769763079647e-07 4.93701577397587e-07 4.00710348458233e-07 3.36176242399233e-07 2.96615695560831e-07 2.63022172930505e-07 2.34403202625799e-07 2.06872798003133e-07 1.90212560369218e-07 1.73951278270579e-07 1.59359629492428e-07 1.45066010759365e-07 1.31401506564544e-07 1.17294248980215e-07 1.0264584915376e-07 9.52730090375553e-08 9.31995671749064e-08 9.38683584195132e-08 9.56727959078307e-08 9.586855753696e-08 9.57480921215392e-08 9.16993130317678e-08 8.76501573543464e-08 8.50185344347665e-08 8.57575912505126e-08 9.83481811545062e-08 1.15573413950187e-07
