Ecospace-environmental-drivers/Outputs/ASCII-for-ecospace/MOM6-ISIMIP3a/chl/2006-05_chl_MOM6-ISIMIP3a.asc
NCOLS 131 
NROWS 53 
XLLCORNER -98 
YLLCORNER 23.9265270233154 
CELLSIZE 0.133587792515755 
NODATA_value -9999 
[rows 19 to 37 of 53, columns 0 to 42 of 131]
-9999 -9999 -9999 -9999 -9999 -9999 -9999 -9999 6.79537436099054e-07 7.70586780163285e-07 7.64076673931413e-07 7.6696494488715e-07 8.18023124793399e-07 9.30927853914909e-07 8.9544181491874e-07 8.19010438135592e-07 7.21899482414301e-07 6.10586937455082e-07 5.70285749290633e-07 5.57404689516261e-07 4.8856793455343e-07 4.0985679561345e-07 3.87505252774645e-07 3.67777573728745e-07 3.5963094546787e-07 3.52374485146356e-07 3.48004135730662e-07 3.44208530123069e-07 3.41415926641275e-07 3.3888983352881e-07 3.3663795306893e-07 3.33912453243101e-07 3.30898387801426e-07 3.28726088127951e-07 3.26834395991682e-07 3.25707333104219e-07 3.24678723018224e-07 3.2264654237224e-07 3.20529949249249e-07 3.17875901600928e-07 3.14723365590908e-07 3.10183168039657e-07 3.05154628676974e-07
-9999 -9999 -9999 -9999 -9999 -9999 -9999 -9999 5.94213076965389e-07 6.73812508011906e-07 7.70586780163285e-07 7.54678239900386e-07 7.6696494488715e-07 7.56176575578138e-07 7.22875142855628e-07 6.63597290895268e-07 5.95047936258197e-07 5.2013143658769e-07 4.73867800110384e-07 4.38668109836726e-07 4.03055139486241e-07 3.67369239029358e-07 3.57260944383597e-07 3.48264563854173e-07 3.4386667380204e-07 3.39908922342147e-07 3.37378168069336e-07 3.35035423404406e-07 3.33020807374851e-07 3.30901940515105e-07 3.28675838545678e-07 3.25553060065431e-07 3.2188410159506e-07 3.18674409527375e-07 3.15617825208392e-07 3.13630010850829e-07 3.11784788209479e-07 3.09224134298347e-07 3.06738542121821e-07 3.04730804145947e-07 3.02367794802194e-07 2.9901585207881e-07 2.95245285997225e-07
-9999 -9999 -9999 -9999 -9999 -9999 6.66985329189629e-07 6.56072188576218e-07 6.30207182439335e-07 5.94213076965389e-07 6.56637723750464e-07 7.70586780163285e-07 7.26483051494142e-07 5.95110520862363e-07 5.07165793806053e-07 4.69329876295888e-07 4.36482707755204e-07 4.07061548912679e-07 3.86863348467159e-07 3.70226473478397e-07 3.58299530489603e-07 3.47203723549683e-07 3.43258989232709e-07 3.39647641567353e-07 3.37509646897161e-07 3.35490710767772e-07 3.33857684609029e-07 3.32113984313764e-07 3.3017715850292e-07 3.27985020476262e-07 3.2553015216763e-07 3.21895385013704e-07 3.17541832828283e-07 3.13145051222818e-07 3.08733802967254e-07 3.0567920816793e-07 3.02808672358879e-07 2.99456502261819e-07 2.96367090868443e-07 2.94950865509236e-07 2.93507639526069e-07 2.91989238121459e-07 2.90382985213e-07
-9999 -9999 -9999 -9999 -9999 -9999 6.68245832002867e-07 6.66985329189629e-07 6.45159047962807e-07 6.14471161952679e-07 5.94213076965389e-07 6.05113370966137e-07 5.83511450713559e-07 4.97596829518443e-07 4.38496186916382e-07 4.10334649814104e-07 3.88281335972351e-07 3.70422810647142e-07 3.57608286094546e-07 3.46741472867507e-07 3.37458999410956e-07 3.2845616715349e-07 3.22562044630104e-07 3.16990025339692e-07 3.13534542328853e-07 3.1077433959581e-07 3.10268461589658e-07 3.09857455249585e-07 3.09612062210363e-07 3.09453326963194e-07 3.09383779040218e-07 3.07664265619678e-07 3.04939561601714e-07 3.0105715609352e-07 2.96788812192972e-07 2.94099720576924e-07 2.91622853865192e-07 2.88310559426463e-07 2.84991727994566e-07 2.81631287180062e-07 2.78101140338549e-07 2.74098482577756e-07 2.70145477543338e-07
-9999 -9999 -9999 -9999 8.99549206678785e-07 7.42848840218358e-07 6.70415204240271e-07 6.67336905735283e-07 6.66985329189629e-07 6.23332823579403e-07 5.73353418076294e-07 4.99157351896429e-07 4.3939445504293e-07 4.0819071500664e-07 3.82010426847046e-07 3.61626462108688e-07 3.47621153196087e-07 3.37996340249447e-07 3.30671070969402e-07 3.24233724313672e-07 3.15767152869739e-07 3.06942524730403e-07 2.98635342232956e-07 2.9070633900119e-07 2.85833920088407e-07 2.82278250551826e-07 2.82991891253914e-07 2.84047075638227e-07 2.85698234847587e-07 2.87867294446187e-07 2.90569289518317e-07 2.9103566134836e-07 2.90140064862499e-07 2.86927445358742e-07 2.82942522744634e-07 2.80821751630356e-07 2.78948135701285e-07 2.7561716819946e-07 2.71968417564494e-07 2.66295899109537e-07 2.60349651171055e-07 2.53641388781034e-07 2.471473692367e-07
-9999 -9999 -9999 -9999 1.25827887131891e-06 9.26653967781021e-07 8.15282533039863e-07 6.70415204240271e-07 6.6461012693253e-07 5.90728063798451e-07 5.19524633091351e-07 4.58574078265883e-07 4.06476289072089e-07 3.71895652051535e-07 3.39920887881817e-07 3.1095294161787e-07 2.91304417032734e-07 2.78055978242264e-07 2.68673829850741e-07 2.60784617012177e-07 2.49669767526939e-07 2.37985688045228e-07 2.29912203053573e-07 2.22411202344119e-07 2.19022098235655e-07 2.17178282468922e-07 2.20344986701093e-07 2.24137536974922e-07 2.29022276698743e-07 2.35702756867795e-07 2.44230989210337e-07 2.48267895130994e-07 2.49568671506495e-07 2.47430932631687e-07 2.44147031480679e-07 2.44123611992109e-07 2.44509408275917e-07 2.39138529423144e-07 2.3302597185193e-07 2.2219010986646e-07 2.12213180361687e-07 2.04627312427874e-07 1.98112672933348e-07
-9999 -9999 -9999 -9999 -9999 1.25827887131891e-06 9.62639319368463e-07 9.60149804996036e-07 6.63046193949413e-07 5.6197939102276e-07 4.70963556153947e-07 4.18418522940556e-07 3.70331406429614e-07 3.31065223235782e-07 2.93371243742513e-07 2.57491336697058e-07 2.33447465802783e-07 2.17531905377655e-07 2.07136352514681e-07 1.9887225732873e-07 1.86657914014177e-07 1.73746499854133e-07 1.66596748840675e-07 1.60129800974573e-07 1.58301602937172e-07 1.58060757371459e-07 1.62966784955643e-07 1.68651155263433e-07 1.75693799064902e-07 1.85502230465318e-07 1.98156627106982e-07 2.04810504556008e-07 2.07808923846642e-07 2.06462104301863e-07 2.03666900233657e-07 2.05354496074506e-07 2.07601246415834e-07 2.0145074586253e-07 1.94271464692974e-07 1.80540610017488e-07 1.68377141562814e-07 1.60576888674768e-07 1.54373452687651e-07
-9999 -9999 -9999 -9999 -9999 1.30087528305012e-06 1.25827887131891e-06 9.61713340075221e-07 6.65039351588348e-07 5.50138793187216e-07 4.45499921397641e-07 3.80138573063959e-07 3.2003836736294e-07 2.70348408548671e-07 2.27265104513208e-07 1.91804829796638e-07 1.68837090086527e-07 1.5444855705482e-07 1.47614727552536e-07 1.43698059673625e-07 1.37175362624475e-07 1.30192788105887e-07 1.26992532045733e-07 1.24216910535324e-07 1.24289911695996e-07 1.25174466347744e-07 1.28690402334541e-07 1.32558994891951e-07 1.37042974301949e-07 1.43913439387688e-07 1.53239540168215e-07 1.58329342525576e-07 1.60838439455802e-07 1.59037554681163e-07 1.55800037759946e-07 1.57504729259017e-07 1.59865393811742e-07 1.58461176624769e-07 1.56340988155534e-07 1.49661204318363e-07 1.43397230090159e-07 1.38290744189362e-07 1.33853447437104e-07
-9999 -9999 1.38500172397471e-06 1.37725487547868e-06 1.37174151859654e-06 1.34352217173728e-06 1.30082480609417e-06 9.70144924394845e-07 6.41791586986074e-07 5.18470358201739e-07 4.05651348955871e-07 3.33030612864604e-07 2.67263715159061e-07 2.15058591379602e-07 1.72288238786678e-07 1.40404125659188e-07 1.20269817216467e-07 1.08204631033004e-07 1.0385697635229e-07 1.02489345010781e-07 1.0010702311547e-07 9.75456373453198e-08 9.71098046420593e-08 9.68959312785955e-08 9.81438219582742e-08 9.96298510358429e-08 1.0188800558808e-07 1.04184628924031e-07 1.06548370126802e-07 1.10690166366112e-07 1.16661546201158e-07 1.20104203915616e-07 1.22006383662665e-07 1.20283132787335e-07 1.17351419248735e-07 1.18934998738496e-07 1.21139279940508e-07 1.22876414820894e-07 1.24183657135291e-07 1.22753149867094e-07 1.20941720638257e-07 1.18069891641426e-07 1.1515577824639e-07
-9999.000000000000000 -9999 -9999 -9999 1.41650093610224e-06 1.3999608654558e-06 1.42597161811864e-06 9.93561457107717e-07 5.63471758141532e-07 4.43540500327799e-07 3.34417052272329e-07 2.66661260184264e-07 2.09074542567578e-07 1.71609642052317e-07 1.41593787361671e-07 1.20172970241583e-07 1.06706217195551e-07 9.87018893283675e-08 9.44936715541189e-08 9.17512679166066e-08 9.01246721696225e-08 8.86949749201449e-08 8.84379716126205e-08 8.83212294411351e-08 8.9159293281682e-08 9.01036614209261e-08 9.13927422629968e-08 9.264938682918e-08 9.38494437718873e-08 9.57192654027494e-08 9.82782637493074e-08 9.98924818418345e-08 1.00931160318396e-07 1.00445632256196e-07 9.94520377162189e-08 1.00612965070468e-07 1.02071076923949e-07 1.03447852950467e-07 1.04622507990371e-07 1.04510007759018e-07 1.03994096889437e-07 1.02355222963979e-07 1.00434171201869e-07
-9999 -9999 -9999 -9999 1.4721124443895e-06 1.5060196574268e-06 1.50341736571136e-06 9.93470280263864e-07 4.90234299377335e-07 3.78843338921797e-07 2.7838251526191e-07 2.19757552599731e-07 1.71374352930798e-07 1.43256684737025e-07 1.21155707688558e-07 1.05997081334408e-07 9.6610015987153e-08 9.11865427610792e-08 8.7608462706612e-08 8.47429433292746e-08 8.36903808476563e-08 8.29577473382415e-08 8.28210318104539e-08 8.27592714358616e-08 8.32134290362774e-08 8.36975146967234e-08 8.42786107568827e-08 8.47914591872723e-08 8.51852277605758e-08 8.5612072098229e-08 8.6072951432925e-08 8.65186464693579e-08 8.69550760285165e-08 8.71250946943292e-08 8.72063168344539e-08 8.80326069818693e-08 8.89623876787482e-08 8.99640113516398e-08 9.09002935145509e-08 9.14204534296914e-08 9.15989915029058e-08 9.08265320731516e-08 8.96770018243842e-08
-9999 -9999 -9999 -9999 1.50818823385634e-06 1.51035692397272e-06 1.51303470374842e-06 9.63804495768272e-07 4.23390844161986e-07 3.27019677115459e-07 2.41470502260199e-07 1.97343283048212e-07 1.59450948444828e-07 1.33895710519027e-07 1.13621005937148e-07 9.94392266306932e-08 9.08760782181162e-08 8.6171503710375e-08 8.3840888009945e-08 8.24269505983466e-08 8.17198468894276e-08 8.11374718523439e-08 8.10473892443042e-08 8.09876041785174e-08 8.10904694503733e-08 8.12166121022528e-08 8.14182214980974e-08 8.15599108250353e-08 8.15970153666967e-08 8.16238312495443e-08 8.16400529402017e-08 8.17474088421477e-08 8.1910286553466e-08 8.20034387061241e-08 8.20733561113229e-08 8.2675747137273e-08 8.33512459053054e-08 8.39591152157482e-08 8.45239256364039e-08 8.48145518261845e-08 8.49313295248066e-08 8.45641494606753e-08 8.39074232317216e-08
-9999 -9999 -9999 -9999 1.51035692397272e-06 1.51359836308984e-06 1.51740357523522e-06 9.45462829804455e-07 3.83998838060506e-07 2.98409560173241e-07 2.23219430495192e-07 1.87832824849465e-07 1.55664437784253e-07 1.29863977349487e-07 1.09620792443366e-07 9.57898436126925e-08 8.77872139426472e-08 8.37871567682669e-08 8.21191292743606e-08 8.13515868003378e-08 8.08883413583317e-08 8.04787845254396e-08 8.0363946608486e-08 8.02489950046947e-08 8.0079352926532e-08 7.99190402744898e-08 7.97889754267089e-08 7.96441383954516e-08 7.94735015574588e-08 7.92935139770634e-08 7.91039056480258e-08 7.90417544749289e-08 7.90572443065685e-08 7.91411380873797e-08 7.9247826079154e-08 7.97591042100976e-08 8.03246393843438e-08 8.06584736778859e-08 8.09682987323868e-08 8.11251865684426e-08 8.12092224578009e-08 8.10904765558007e-08 8.07807154501461e-08
-9999 -9999 -9999 -9999 1.51378628743259e-06 1.51740357523522e-06 9.48339675233001e-07 9.35614423269726e-07 3.65195631957249e-07 2.87209815041933e-07 2.18964274267819e-07 1.88000385037412e-07 1.57980679205139e-07 1.29829231809708e-07 1.08271485999012e-07 9.43218410043301e-08 8.66821707745657e-08 8.33758591056721e-08 8.19317520495133e-08 8.12067142419437e-08 8.09111142530128e-08 8.0691300752278e-08 8.04981610258437e-08 8.02851971570817e-08 7.99021293573787e-08 7.95089718508279e-08 7.90830938512954e-08 7.87152103498556e-08 7.84485223448428e-08 7.82066607030174e-08 7.79903430725426e-08 7.78853035399152e-08 7.78480497842793e-08 7.79733753120126e-08 7.81528939342024e-08 7.86726488399836e-08 7.92364502899545e-08 7.93860550629688e-08 7.95282488752491e-08 7.96232413335929e-08 7.96963135485385e-08 7.97083643533369e-08 7.96361874222384e-08
-9999 -9999 -9999 -9999 1.51740357523522e-06 8.66123173182132e-07 5.81214465000812e-07 3.94877986309439e-07 3.84221436888765e-07 3.01763833476798e-07 2.29605220170015e-07 1.96866665191919e-07 1.64584534445567e-07 1.33205574570638e-07 1.09496120614949e-07 9.46361069509294e-08 8.66479936689757e-08 8.33791204968293e-08 8.21063963485358e-08 8.16044618545675e-08 8.14943774685162e-08 8.1453443101509e-08 8.11563651836877e-08 8.08182321065942e-08 8.01847050979632e-08 7.95487906657399e-08 7.89051384231243e-08 7.83691405104037e-08 7.8021010097018e-08 7.77281243813377e-08 7.74920820845182e-08 7.73237829321261e-08 7.71967521018269e-08 7.72663142356578e-08 7.74014097260078e-08 7.78430262471375e-08 7.83246676405724e-08 7.84830760380828e-08 7.86186262757838e-08 7.86086502557737e-08 7.86105687211602e-08 7.86455913726058e-08 7.8685452820082e-08
-9999 -9999 -9999 -9999 -9999 4.78366018796805e-07 4.17534920416074e-07 4.13151013844981e-07 4.19459922795795e-07 3.27355365925541e-07 2.46630293077033e-07 2.09461020972412e-07 1.73025981098363e-07 1.38043816377831e-07 1.11823894144436e-07 9.57142205493255e-08 8.70727632218404e-08 8.35600602044906e-08 8.24361947593388e-08 8.22347558937508e-08 8.23178396558433e-08 8.24511445784992e-08 8.20391363731687e-08 8.15642025031593e-08 8.06643356554559e-08 7.97814081465731e-08 7.89534411183013e-08 7.82728761805629e-08 7.78495561348791e-08 7.75102932948357e-08 7.72575177165891e-08 7.70172334796371e-08 7.67845591553851e-08 7.67567058801433e-08 7.67971286563807e-08 7.71234667240606e-08 7.74884938437026e-08 7.77384272510062e-08 7.79363347191975e-08 7.78029303205585e-08 7.77078952296506e-08 7.77196831336369e-08 7.78177735583085e-08
-9999 -9999 -9999 -9999 -9999 4.31442657600201e-07 4.36348727816949e-07 4.44575732672092e-07 4.36715339446891e-07 3.45594429518314e-07 2.64725400711541e-07 2.23096236595666e-07 1.82596039621785e-07 1.4432974637657e-07 1.15623784324725e-07 9.7948955612992e-08 8.83879422985956e-08 8.4399047750594e-08 8.32432434094699e-08 8.31813977697493e-08 8.32512441206745e-08 8.33443252190591e-08 8.26385360142012e-08 8.18759033904826e-08 8.07853979267747e-08 7.97519916773126e-08 7.89037457593622e-08 7.82238913643596e-08 7.78378890231579e-08 7.75109256778705e-08 7.7244720841918e-08 7.69636514519334e-08 7.66735226420678e-08 7.65525101087405e-08 7.64878720360684e-08 7.67247030353246e-08 7.70020847085107e-08 7.71242980590614e-08 7.71986563563587e-08 7.69681847145876e-08 7.67601591178391e-08 7.66145831221365e-08 7.65842997907384e-08
-9999 -9999 -9999 -9999 -9999 4.32860758792231e-07 4.40444352989289e-07 4.51319436933773e-07 4.50250098538163e-07 3.62312249535535e-07 2.83041885040802e-07 2.36946817722128e-07 1.92399625120743e-07 1.50915198560142e-07 1.19728255754126e-07 1.0042300857549e-07 8.9887358001306e-08 8.53741823902965e-08 8.41490219727348e-08 8.41934877371386e-08 8.42073859530501e-08 8.42158911495972e-08 8.31793016686788e-08 8.20977561488689e-08 8.08322795364802e-08 7.96683607973137e-08 7.88337857215993e-08 7.81846836162003e-08 7.78592763595043e-08 7.75567627897544e-08 7.7277803711695e-08 7.69624008967185e-08 7.66248007266768e-08 7.64115100082563e-08 7.62396652476127e-08 7.63923111435361e-08 7.65880372455285e-08 7.65371765965028e-08 7.64495098337648e-08 7.61274421279268e-08 7.5803093579907e-08 7.54724140961116e-08 7.52751461163825e-08
-9999 -9999 -9999 -9999 -9999 -9999 4.21789167148745e-07 4.25437889362001e-07 4.1987232179963e-07 3.5361824757274e-07 2.91154748310873e-07 2.43199821170492e-07 1.96969907051425e-07 1.54153227072129e-07 1.22083747555735e-07 1.02414823288655e-07 9.17005991141195e-08 8.71359588927589e-08 8.57423998468221e-08 8.55733048865659e-08 8.51079420272072e-08 8.45903045387786e-08 8.28665633889614e-08 8.11304232684051e-08 7.9511039530189e-08 7.81174804842522e-08 7.7456114411234e-08 7.70139578776252e-08 7.69543291312402e-08 7.69151426993631e-08 7.68969954378917e-08 7.67798340461923e-08 7.66023546816541e-08 7.64338494718686e-08 7.6268342752428e-08 7.63450174190439e-08 7.64527570140672e-08 7.62242606811014e-08 7.59689697815702e-08 7.55430846766103e-08 7.50794697523816e-08 7.45108152955254e-08 7.40833812074015e-08
