Ecospace-environmental-drivers/Outputs/ASCII-for-ecospace/MOM6-ISIMIP3a/chl/2007-05_chl_MOM6-ISIMIP3a.asc
NCOLS 131 
NROWS 53 
XLLCORNER -98 
YLLCORNER 23.9265270233154 
CELLSIZE 0.133587792515755 
NODATA_value -9999 
[rows 19 to 37 of 53, columns 43 to 85 of 131]
4.09658980515815e-07 4.41602963974219e-07 4.80078369946568e-07 5.41394342690182e-07 6.15008957538521e-07 6.83503174059297e-07 7.50541175875696e-07 8.0122987355935e-07 8.48890863380802e-07 8.59993406265858e-07 8.70446172029915e-07 8.77593663517473e-07 8.82137612734368e-07 8.8039507772919e-07 8.86087377693912e-07 9.01986879853212e-07 9.54061988522881e-07 1.03573506748944e-06 1.07484629552346e-06 1.09379675450327e-06 1.03800493889139e-06 9.64354512689169e-07 8.86048155734898e-07 8.10280141649855e-07 7.76114120526472e-07 7.38041762815556e-07 6.83621010466595e-07 6.2079317331154e-07 5.40217229172413e-07 4.66025454670671e-07 3.99636462589115e-07 3.63506586609219e-07 3.49417035749866e-07 3.44423483511491e-07 3.43196916219313e-07 3.44690221254496e-07 3.46718195487483e-07 3.27775637742889e-07 3.06042551301289e-07 2.64635360736065e-07 2.2608941208091e-07 1.97603824858561e-07 1.73184545815275e-07
2.61100097986855e-07 2.80954083109464e-07 3.04012985452573e-07 3.35275387897127e-07 3.70954978734517e-07 4.05403284275963e-07 4.39501434357226e-07 4.67157320827027e-07 4.93432764869794e-07 5.00241696954618e-07 5.07308413943974e-07 5.15686338076193e-07 5.26321798588469e-07 5.42408429282659e-07 5.76277443542494e-07 6.34559228274156e-07 7.19973570539878e-07 8.27587086860149e-07 8.94979223176051e-07 9.43319321322633e-07 9.26814891499816e-07 8.94816878371785e-07 8.25791573788592e-07 7.55934365770372e-07 7.10992992480897e-07 6.64786625748093e-07 6.13285919826012e-07 5.50444667624106e-07 4.63662388483499e-07 3.8792165923951e-07 3.2567587027188e-07 3.01012505588005e-07 3.03723624028862e-07 3.10474035813968e-07 3.18897264151019e-07 3.22270437891348e-07 3.24650869742982e-07 3.07679670186189e-07 2.88328521946823e-07 2.52729194016865e-07 2.19584237015624e-07 1.95068906805318e-07 1.73653177171218e-07
1.77054644723285e-07 1.90968791002888e-07 2.03111980567883e-07 2.05349124371423e-07 2.02252280701032e-07 1.97101286403267e-07 1.91366083868161e-07 1.90103094155347e-07 1.8930133194317e-07 1.88592821359634e-07 1.89170691555773e-07 1.96292248233476e-07 2.09384637628318e-07 2.36894251770536e-07 2.8990547207286e-07 3.77927023009761e-07 4.81634231164207e-07 5.98175120103406e-07 6.86138037053752e-07 7.60564205393166e-07 7.918066557977e-07 8.12731059340877e-07 7.59816259687796e-07 7.01762871813116e-07 6.42749569124135e-07 5.85451800816372e-07 5.35333583684405e-07 4.71606341534425e-07 3.79149525997491e-07 3.03286924463464e-07 2.47705770561879e-07 2.36558875599258e-07 2.57777173828799e-07 2.7862154183822e-07 2.99311096796373e-07 3.05087581864427e-07 3.07932538134992e-07 2.91482848524538e-07 2.73161020913903e-07 2.43531161459032e-07 2.15960938021453e-07 1.95632580357596e-07 1.77245382815272e-07
1.34888935576782e-07 1.43217420145447e-07 1.51622458588463e-07 1.51873308595896e-07 1.47733473454537e-07 1.42271517233894e-07 1.36433556008342e-07 1.33160398263499e-07 1.30177753021599e-07 1.2795049997294e-07 1.26676567901995e-07 1.3025201894834e-07 1.38432881158224e-07 1.57733950345573e-07 1.9539865547813e-07 2.58274184261609e-07 3.36485129537323e-07 4.27243094236474e-07 4.94480957513588e-07 5.50577908597916e-07 5.84002634695935e-07 6.12010239819938e-07 5.8167563565803e-07 5.45958300790517e-07 4.90233333039214e-07 4.38314856410216e-07 4.023271742426e-07 3.56729742634343e-07 2.90845292738595e-07 2.35220113609103e-07 1.92133910559278e-07 1.87476047130986e-07 2.10808821066166e-07 2.41483661511666e-07 2.75199141697158e-07 2.88944050907958e-07 2.98763211503683e-07 2.85782704168014e-07 2.7090331400359e-07 2.45722333147569e-07 2.22106635305863e-07 2.03994687808517e-07 1.86510987987276e-07
9.75977414441331e-08 1.00427477889298e-07 1.05541609229931e-07 1.0580298237528e-07 1.03451363031581e-07 1.0063869382293e-07 9.76949081632483e-08 9.45879321534449e-08 9.14643010219152e-08 8.83418636021815e-08 8.57434798717804e-08 8.58108606394126e-08 8.87568987195664e-08 9.86537429525924e-08 1.18825610684326e-07 1.53103698607993e-07 2.02855829911641e-07 2.65268369048499e-07 3.09114540186783e-07 3.44166181776018e-07 3.75661130647131e-07 4.06306270406276e-07 3.98092225850633e-07 3.84686615007013e-07 3.34573911686675e-07 2.90014298798269e-07 2.68694947180848e-07 2.42221460666769e-07 2.04867191655467e-07 1.70686561773437e-07 1.4038481310763e-07 1.4126226233202e-07 1.64850163741903e-07 2.04169538164933e-07 2.50003864721293e-07 2.72271762469245e-07 2.89907092110298e-07 2.80742483482754e-07 2.69593812163293e-07 2.48758482257472e-07 2.28956281489445e-07 2.12786659403719e-07 1.95935726310381e-07
8.75798562560703e-08 8.58954507521048e-08 8.5987629461215e-08 8.48862882207868e-08 8.31422752867184e-08 8.19541696728265e-08 8.09241598176413e-08 7.97377310846059e-08 7.85302844974467e-08 7.71874866245525e-08 7.60806031507855e-08 7.61738405685719e-08 7.79039410758742e-08 8.35864284454146e-08 9.46283975622464e-08 1.13028200132703e-07 1.41021985200496e-07 1.76865313505914e-07 2.05737009650875e-07 2.31306401587972e-07 2.50857169703522e-07 2.68969898797877e-07 2.67079570903661e-07 2.62212751067636e-07 2.3402466808875e-07 2.08580615890241e-07 1.94620582760763e-07 1.79538105271604e-07 1.62086081445523e-07 1.43424273346682e-07 1.23283854236433e-07 1.22879285413546e-07 1.36849976684061e-07 1.70656349496312e-07 2.12677349509249e-07 2.45555668243469e-07 2.76636797025276e-07 2.73267119155207e-07 2.67542844767377e-07 2.5128042580036e-07 2.35021033745397e-07 2.18772385096599e-07 2.0078438467408e-07
7.78905402398777e-08 7.27045161852402e-08 6.90535415515114e-08 6.71613662461823e-08 6.6216237826211e-08 6.64978827558116e-08 6.71284112740977e-08 6.75266562666366e-08 6.7891313904056e-08 6.79911948964218e-08 6.80885889892124e-08 6.81733354213065e-08 6.88227714817913e-08 7.08357035250629e-08 7.40859178449682e-08 7.90347343126996e-08 8.83652333527607e-08 1.01280697606398e-07 1.16604702782297e-07 1.33069590901869e-07 1.42157347227112e-07 1.4948247439861e-07 1.52635394101708e-07 1.54713518440985e-07 1.45320285582784e-07 1.36335160050294e-07 1.29058051356878e-07 1.23815240726799e-07 1.22866993024218e-07 1.17417755518545e-07 1.06467368254926e-07 1.05375356440618e-07 1.11464032670483e-07 1.40291291472749e-07 1.78535373152044e-07 2.19385555055851e-07 2.60748009850431e-07 2.63394809962847e-07 2.63379092757532e-07 2.51360290803859e-07 2.38244979300362e-07 2.21274376599467e-07 2.01777069719355e-07
6.96419064638576e-08 6.5393891190979e-08 6.36069046322518e-08 6.34315284742115e-08 6.4123938159355e-08 6.5196523735267e-08 6.63772468101342e-08 6.68873880727006e-08 6.73154474384319e-08 6.7380582891019e-08 6.74228033403779e-08 6.73484876756447e-08 6.75103635217056e-08 6.82425564946243e-08 6.95684150286979e-08 7.17092802915431e-08 7.59473763878304e-08 8.19013763475596e-08 8.99336853876775e-08 9.89504442827638e-08 1.04069641793103e-07 1.082575877831e-07 1.10839252442929e-07 1.12873856039641e-07 1.08552228539338e-07 1.04377505749653e-07 1.00817608483794e-07 9.86122543622514e-08 9.92664297427837e-08 9.69175175669079e-08 9.08982258351898e-08 9.17258944355126e-08 9.7540791443862e-08 1.23729961387653e-07 1.58356826318595e-07 1.95609331399282e-07 2.33377960512371e-07 2.43012607370474e-07 2.49951341402266e-07 2.40732333622873e-07 2.29012769636938e-07 2.08501120368965e-07 1.85862432999784e-07
6.29352285841378e-08 5.99385998611979e-08 5.98911569227312e-08 6.11529742400307e-08 6.31197707434694e-08 6.46751558974756e-08 6.61135430846116e-08 6.66015793626684e-08 6.69791617724513e-08 6.7001131753841e-08 6.69930884100722e-08 6.68323991703801e-08 6.66785098246692e-08 6.65410198052996e-08 6.65384334297414e-08 6.67210358074044e-08 6.73639704018569e-08 6.83835281733991e-08 7.09793752662335e-08 7.43218819820868e-08 7.64062733082937e-08 7.819006242471e-08 8.01340860334676e-08 8.1924632411301e-08 8.13211187278284e-08 8.07017670467758e-08 8.00161643610409e-08 8.00488990648773e-08 8.15980811808004e-08 8.14211844613055e-08 7.91346508322022e-08 8.12836518093718e-08 8.66634266571964e-08 1.09550633453637e-07 1.39688282274619e-07 1.73372910694525e-07 2.07754794701032e-07 2.21687940893389e-07 2.32869808769465e-07 2.24572701768011e-07 2.12882184769114e-07 1.89260319416462e-07 1.6462077212509e-07
5.9592839107836e-08 5.8531380631166e-08 5.99519651700575e-08 6.20409252860554e-08 6.44897824031432e-08 6.58556089661033e-08 6.69134152531115e-08 6.70869582108935e-08 6.71656081863148e-08 6.71260451667877e-08 6.70784530143465e-08 6.69899904437443e-08 6.68951329885203e-08 6.67848354396483e-08 6.67540049903437e-08 6.68322712726876e-08 6.71467788038171e-08 6.76545681699281e-08 6.88618158051213e-08 7.04003753071447e-08 7.14872854246096e-08 7.24662783113672e-08 7.36277883106595e-08 7.47367394637877e-08 7.48982174059165e-08 7.50959614492785e-08 7.54455271589904e-08 7.59722524890094e-08 7.68729933042778e-08 7.68426318131787e-08 7.56742792873411e-08 7.7839082734954e-08 8.24317041292488e-08 1.00568477989782e-07 1.24314340155252e-07 1.54496134996407e-07 1.85943065389438e-07 1.98306977949869e-07 2.07816327701948e-07 1.96343776792673e-07 1.8170040050336e-07 1.55908281840311e-07 1.31756337395927e-07
5.75694549809214e-08 5.77794416756205e-08 6.00946705731076e-08 6.26382501422995e-08 6.53047891319147e-08 6.66251551706409e-08 6.75626665724849e-08 6.76816824807247e-08 6.77149145644762e-08 6.76940175026175e-08 6.76674787314369e-08 6.76122624554409e-08 6.75367104463476e-08 6.74120812504952e-08 6.73486439950466e-08 6.73692142072468e-08 6.75149181006418e-08 6.77629969914051e-08 6.82022687215067e-08 6.87320991232809e-08 6.92636916710399e-08 6.97956963335855e-08 7.04912466176211e-08 7.11886229964875e-08 7.1749155949874e-08 7.23581976558307e-08 7.31702485268215e-08 7.38674827971408e-08 7.43223154131556e-08 7.43899022381811e-08 7.39841752306347e-08 7.57835252329642e-08 7.91890073514878e-08 9.24858767348269e-08 1.09879096044097e-07 1.35456787120347e-07 1.62643345902325e-07 1.71908837387491e-07 1.78456375010683e-07 1.64936039936947e-07 1.49177466823858e-07 1.25549192375729e-07 1.05169739583744e-07
5.72054830172419e-08 5.78519028238134e-08 6.03404188836976e-08 6.28699439175762e-08 6.54215526196822e-08 6.68777460077763e-08 6.80224161442311e-08 6.84139678241991e-08 6.87207233340814e-08 6.88193821929417e-08 6.88901593548508e-08 6.88191335029842e-08 6.87129073639881e-08 6.85217145246497e-08 6.84201779677096e-08 6.84417358343126e-08 6.86194567833809e-08 6.89249333163389e-08 6.93770303428209e-08 6.98985829217236e-08 7.04311204913211e-08 7.09662941744682e-08 7.15941226303585e-08 7.22196347169302e-08 7.27188549376478e-08 7.3228655139701e-08 7.3782722154192e-08 7.4243480696623e-08 7.45072483709919e-08 7.46116342043024e-08 7.45212247466043e-08 7.54754552190207e-08 7.71905845908805e-08 8.55349924222537e-08 9.66248094869115e-08 1.16212909517799e-07 1.37471573680159e-07 1.41714835422135e-07 1.43678519748391e-07 1.29529098558123e-07 1.14967285469447e-07 9.8955474925333e-08 8.64811653400466e-08
5.74121443719378e-08 5.8154263626875e-08 6.05787349172715e-08 6.31358005875882e-08 6.57642686974214e-08 6.75045654929818e-08 6.89922714514069e-08 6.95163677733035e-08 6.99282551863689e-08 6.99736517617566e-08 6.99930637892976e-08 6.98802864462778e-08 6.9762840837484e-08 6.96341331263284e-08 6.9593212970176e-08 6.96728079674358e-08 6.99003024351441e-08 7.02488094361797e-08 7.07045728631783e-08 7.12111329903564e-08 7.17127406346663e-08 7.22131687780347e-08 7.27757623053549e-08 7.33291969368111e-08 7.36871825779417e-08 7.40489625172813e-08 7.44266301921925e-08 7.4761246082744e-08 7.50049906628192e-08 7.51804449805604e-08 7.52724318431319e-08 7.57439835297191e-08 7.64920073947906e-08 8.11079985396645e-08 8.73258585443182e-08 1.00489785381797e-07 1.1501914798373e-07 1.15859997151802e-07 1.15107837928008e-07 1.03745939838973e-07 9.28663723698264e-08 8.36827211969648e-08 7.72303039298095e-08
5.8046786932664e-08 5.86290518356236e-08 6.08114802957971e-08 6.3427286534079e-08 6.62764563230667e-08 6.84120493588125e-08 7.03447113892253e-08 7.08963625584147e-08 7.12870900088092e-08 7.1149607094867e-08 7.10061272002349e-08 7.08321508113841e-08 7.07180731751578e-08 7.07486478290775e-08 7.08423684159243e-08 7.10227894273885e-08 7.1313394300887e-08 7.16941386258441e-08 7.2146690399677e-08 7.26332416434161e-08 7.30800024939526e-08 7.35172491772573e-08 7.40164765034024e-08 7.44976773603412e-08 7.46544870366961e-08 7.48316679732852e-08 7.50941069327382e-08 7.53853299784168e-08 7.57373470605671e-08 7.60095701934915e-08 7.61842784413602e-08 7.64449765711106e-08 7.67683161484456e-08 7.85739544539865e-08 8.099345905066e-08 8.74072583201269e-08 9.46062499451727e-08 9.32595796143687e-08 9.11926107960426e-08 8.51807158142037e-08 7.98475454644176e-08 7.69007968415281e-08 7.50578266206503e-08
5.9499342341951e-08 5.9948298769541e-08 6.1909439352803e-08 6.44925250981032e-08 6.74105109510492e-08 6.97214019851344e-08 7.18596311344299e-08 7.21695840866232e-08 7.22735222780102e-08 7.18682002798232e-08 7.1523217570757e-08 7.14852035343938e-08 7.15498558179206e-08 7.18623951456721e-08 7.21893655963868e-08 7.25361459785745e-08 7.29123357245953e-08 7.33125915530763e-08 7.37870209377434e-08 7.42965937661211e-08 7.47535224832063e-08 7.51978745938686e-08 7.56797575718338e-08 7.61341567567797e-08 7.61510747793182e-08 7.61762990464376e-08 7.62363185913273e-08 7.6333137144502e-08 7.65076677566867e-08 7.66691030662514e-08 7.68145227425521e-08 7.7024047584473e-08 7.72802621895607e-08 7.79652395976882e-08 7.88277887409095e-08 8.15762319916757e-08 8.46954009148249e-08 8.29778343813814e-08 8.09721285577325e-08 7.79014825980084e-08 7.54225766286254e-08 7.5024260581813e-08 7.50044364394853e-08
6.13024369044979e-08 6.16294570932041e-08 6.33782093473201e-08 6.5889381062334e-08 6.88110901592154e-08 7.12029830651772e-08 7.34441911731665e-08 7.33970395572214e-08 7.31003595433322e-08 7.23907760402653e-08 7.1827741976449e-08 7.20101951401375e-08 7.23287243431514e-08 7.29758085071808e-08 7.35782847982591e-08 7.41195123055149e-08 7.45909289889823e-08 7.50052322473493e-08 7.55123110707245e-08 7.60633440677339e-08 7.65583081374643e-08 7.70398784766257e-08 7.7524127561901e-08 7.79712081566686e-08 7.78744961849043e-08 7.77617685798759e-08 7.75819870568739e-08 7.74196777797442e-08 7.72942598814552e-08 7.7255947417143e-08 7.73240813600751e-08 7.75508652850476e-08 7.78931976697095e-08 7.81816922312828e-08 7.8447889961808e-08 7.8853034324311e-08 7.92854919495767e-08 7.79755922053482e-08 7.66209211633395e-08 7.54591766849444e-08 7.46807486962098e-08 7.52500568523828e-08 7.58592406668868e-08
6.37101038591936e-08 6.40004174101705e-08 6.55742766753065e-08 6.79638034739583e-08 7.07925238430107e-08 7.30252125435982e-08 7.50883941691427e-08 7.45526875789437e-08 7.37428251795791e-08 7.27132842825995e-08 7.1928837996893e-08 7.23911881550521e-08 7.3057755400896e-08 7.42174179890753e-08 7.51862927472757e-08 7.58932401367929e-08 7.64689431775878e-08 7.69372618947273e-08 7.75029818100847e-08 7.81148443707025e-08 7.87821861081284e-08 7.94627794675762e-08 8.00354698071715e-08 8.0556404213894e-08 8.04319739700077e-08 8.02623745244091e-08 7.99037493948163e-08 7.94540468973537e-08 7.88120715355944e-08 7.83774183332753e-08 7.81961375651008e-08 7.82910163366068e-08 7.85870497566066e-08 7.87927803003186e-08 7.89611149798475e-08 7.85345193321518e-08 7.79909754555774e-08 7.67761747511031e-08 7.56296074655438e-08 7.53924567220565e-08 7.53865023739309e-08 7.61934373372242e-08 7.68756436286822e-08
6.62428547570926e-08 6.6514104446469e-08 6.79208298492995e-08 7.01784088619206e-08 7.28941316197051e-08 7.49179278614065e-08 7.67449321870117e-08 7.56934781520613e-08 7.43471417763431e-08 7.29943963051483e-08 7.19878485710979e-08 7.27423881130562e-08 7.37764764835447e-08 7.54855520312958e-08 7.68396262174065e-08 7.77063462464866e-08 7.83882043720041e-08 7.8918823476215e-08 7.95485632920645e-08 8.02252628773203e-08 8.10927716088372e-08 8.20058758677078e-08 8.26848065571539e-08 8.32964062169594e-08 8.31620212693451e-08 8.29523258971676e-08 8.24274621891163e-08 8.16845115991782e-08 8.04811719490317e-08 7.96094994370833e-08 7.91431986613134e-08 7.90753134083388e-08 7.92976422303582e-08 7.94855168351205e-08 7.96591308471761e-08 7.87135405744266e-08 7.75479449544036e-08 7.63635625844472e-08 7.53334603587064e-08 7.58172475912033e-08 7.63917569202022e-08 7.72852786212752e-08 7.79254776261951e-08
6.88350993982567e-08 6.9179506567707e-08 7.04450897615061e-08 7.24927318174196e-08 7.49614841311086e-08 7.66943273333709e-08 7.82178801728151e-08 7.68093073588716e-08 7.50961532958172e-08 7.3262611977043e-08 7.18829227253082e-08 7.28119218251777e-08 7.41492200972971e-08 7.64724319424204e-08 7.81295739216148e-08 7.88722971378775e-08 7.9393629448532e-08 7.97338302049866e-08 8.03156794404458e-08 8.10120042160634e-08 8.211055302354e-08 8.33052098414555e-08 8.45328855803018e-08 8.56826218864626e-08 8.56648370017865e-08 8.5554688666889e-08 8.50579908728832e-08 8.4215052709169e-08 8.26411579168962e-08 8.13320824022412e-08 8.03466519982976e-08 7.9990336132596e-08 8.00922563826134e-08 7.98595749529341e-08 7.94883163734994e-08 7.83091635980782e-08 7.69712045212145e-08 7.64948637765883e-08 7.61733573995116e-08 7.70526327187326e-08 7.7895116135096e-08 7.86082452464143e-08 7.9094014893144e-08
