Ecospace-environmental-drivers/Outputs/ASCII-for-ecospace/MOM6-ISIMIP3a/chl/2007-03_chl_MOM6-ISIMIP3a.asc
NCOLS 131 
NROWS 53 
XLLCORNER -98 
YLLCORNER 23.9265270233154 
CELLSIZE 0.133587792515755 
NODATA_value -9999 
[rows 0 to 18 of 53, columns 43 to 85 of 131]
-9999 -9999 -9999 -9999 -9999 -9999 -9999 -9999 -9999 -9999 -9999 -9999 -9999 -9999 -9999 -9999 -9999 -9999 -9999 -9999 -9999 -9999 -9999 -9999 -9999 -9999 -9999 -9999 -9999 -9999 -9999 -9999 -9999 -9999 -9999 -9999 -9999 -9999 -9999 -9999 -9999 -9999 -9999
-9999 -9999 -9999 -9999 -9999 -9999 -9999 -9999 -9999 -9999 -9999 -9999 -9999 -9999 -9999 -9999 -9999 -9999 -9999 -9999 -9999 -9999 -9999 -9999 -9999 -9999 -9999 -9999 -9999 -9999 -9999 -9999 -9999 -9999 -9999 -9999 -9999 -9999 -9999 -9999 -9999 -9999 -9999
-9999 -9999 -9999 -9999 -9999 -9999 -9999 -9999 -9999 -9999 -9999 -9999 -9999 -9999 -9999 -9999 -9999 -9999 -9999 -9999 -9999 -9999 -9999 -9999 -9999 -9999 -9999 -9999 -9999 -9999 -9999 1.5684136087657e-06 1.37951690248883e-06 -9999 -9999 -9999 -9999 -9999 -9999 -9999 -9999 -9999 -9999
-9999 -9999 -9999 -9999 -9999 -9999 -9999 -9999 -9999 -9999 -9999 -9999 -9999 -9999 -9999 -9999 -9999 -9999 -9999 -9999 -9999 -9999 -9999 -9999 -9999 -9999 -9999 -9999 -9999 -9999 -9999 1.58854811616038e-06 1.38722214160225e-06 -9999 -9999 -9999 -9999 -9999 -9999 -9999 -9999 -9999 -9999
-9999 -9999 -9999 -9999 -9999 -9999 -9999 -9999 -9999 -9999 -9999 -9999 -9999 -9999 -9999 -9999 -9999 -9999 -9999 -9999 -9999 -9999 1.8949876903207e-06 1.89400429917441e-06 1.89321758625738e-06 1.88862850336591e-06 1.88290403002611e-06 1.86905799637316e-06 1.8495037465982e-06 1.82271776338894e-06 1.75255956946785e-06 1.61313471380709e-06 1.39995017889305e-06 1.14858164579346e-06 -9999 -9999 7.46694752251642e-07 7.53370784423169e-07 7.82276060817821e-07 7.90494596003555e-07 7.72156056427775e-07 7.45088357234636e-07 7.0975136168272e-07
-9999 -9999 -9999 -9999 -9999 -9999 -9999 -9999 -9999 -9999 -9999 -9999 -9999 -9999 -9999 -9999 -9999 -9999 1.93483515431581e-06 -9999 1.93452910934866e-06 1.93417417904129e-06 1.91645335689827e-06 1.8949876903207e-06 1.89380762094515e-06 1.89321758625738e-06 1.88403953416127e-06 1.87145496965968e-06 1.85167937161168e-06 1.82537678483641e-06 1.79109702003188e-06 1.64120478984842e-06 1.40710221785412e-06 1.15154352897662e-06 8.87099190549634e-07 7.80784716880589e-07 7.05554725755064e-07 7.53744814119273e-07 8.00812813395169e-07 7.92270611782442e-07 7.78400419676473e-07 7.45797080980992e-07 7.11067514203023e-07
-9999 -9999 -9999 -9999 -9999 -9999 -9999 -9999 -9999 -9999 -9999 -9999 -9999 -9999 1.98651150640217e-06 1.98486804947606e-06 1.98273937712656e-06 1.97459735318262e-06 1.94989161172998e-06 1.93486471289361e-06 1.934805595738e-06 1.93460732589301e-06 1.93417417904129e-06 1.9201984287065e-06 1.8949876903207e-06 1.89321758625738e-06 1.88403953416127e-06 1.87145496965968e-06 1.85167937161168e-06 1.82537678483641e-06 1.79109702003188e-06 1.64120478984842e-06 1.40710221785412e-06 1.15154352897662e-06 8.87099190549634e-07 7.80784716880589e-07 7.05554725755064e-07 7.53744814119273e-07 8.00812813395169e-07 7.92270611782442e-07 7.78400419676473e-07 7.45797080980992e-07 7.11067514203023e-07
-9999 -9999 -9999 -9999 -9999 -9999 -9999 -9999 -9999 -9999 -9999 -9999 -9999 -9999 1.99532314582029e-06 1.98651150640217e-06 1.98322459254996e-06 -9999 1.96208520719665e-06 1.93922051039408e-06 1.93492360267555e-06 1.934805595738e-06 1.93484197552607e-06 1.93417417904129e-06 1.93143318938382e-06 1.92540642274253e-06 1.90562855095777e-06 1.87811394880555e-06 1.83426652711205e-06 1.79021049007133e-06 1.74589956714044e-06 1.63861488999828e-06 1.48546098444058e-06 1.32895831939095e-06 1.17106867492112e-06 1.07748599020852e-06 9.96544599729532e-07 9.96607923298143e-07 9.96866219793446e-07 9.6972451046895e-07 9.39992617077223e-07 9.01153839549806e-07 8.6031462842584e-07
-9999 -9999 2.02830210582761e-06 -9999 -9999 -9999 -9999 -9999 -9999 -9999 -9999 -9999 -9999 -9999 -9999 -9999 -9999 -9999 1.9689966848091e-06 1.93732148545678e-06 1.92005518329097e-06 1.93504183698678e-06 1.934805595738e-06 1.93554592442524e-06 1.95372081179812e-06 1.96228893400985e-06 1.9306501144456e-06 1.88662136224593e-06 1.81643679297849e-06 1.75307138761127e-06 1.6980405916911e-06 1.63711843015335e-06 1.57190527261264e-06 1.52272502873529e-06 1.48018455092824e-06 1.40034455853311e-06 1.31317244722595e-06 1.26047166304488e-06 1.20941876957659e-06 1.16199248623161e-06 1.11476310848957e-06 1.06822585621558e-06 1.02028946002974e-06
-9999 2.02830210582761e-06 2.04252501134761e-06 2.04892899091647e-06 2.04736625164514e-06 -9999 -9999 -9999 -9999 -9999 -9999 -9999 -9999 -9999 2.01782131625805e-06 2.00435488295625e-06 -9999 -9999 -9999 1.94711469703179e-06 1.89148613571888e-06 1.89182753729256e-06 1.93527785086189e-06 1.93912660506612e-06 1.99831151803664e-06 2.037146487055e-06 1.99081591745198e-06 1.93282721738797e-06 1.85022724963346e-06 1.78172513187747e-06 1.73045339124656e-06 1.68259055044473e-06 1.63721085755242e-06 1.60217325628764e-06 1.57141869294719e-06 1.49158495332813e-06 1.40210352128634e-06 1.32079674131091e-06 1.24223242892185e-06 1.18750074307172e-06 1.12707948574098e-06 1.04665343769739e-06 9.81123889687296e-07
2.03202534976299e-06 2.0382362890814e-06 2.05205446945911e-06 2.05150740839599e-06 2.04322532226797e-06 2.04261391445471e-06 -9999 -9999 -9999 -9999 -9999 -9999 -9999 -9999 2.02253340830794e-06 1.99685155166662e-06 2.00435488295625e-06 -9999 -9999 1.96021596821083e-06 1.89461650279554e-06 1.81962582246342e-06 1.87481202829076e-06 1.94058407032571e-06 2.03026934286754e-06 2.09255040317657e-06 2.04014304472366e-06 1.97607005247846e-06 1.88736919426447e-06 1.81762959527987e-06 1.77106460341747e-06 1.73227260802378e-06 1.69914233083546e-06 1.67015878105303e-06 1.64289258464123e-06 1.56593318934029e-06 1.47920525250811e-06 1.37581412218424e-06 1.27556756979175e-06 1.21206971925858e-06 1.13691362457757e-06 1.0207667173745e-06 9.3427445335692e-07
2.04840512196824e-06 2.05076389647729e-06 2.05530250241281e-06 2.05150740839599e-06 2.04322532226797e-06 2.04139132620185e-06 2.04001889869687e-06 2.03933427656011e-06 -9999 -9999 -9999 -9999 -9999 -9999 -9999 1.98546854335291e-06 1.97136205315473e-06 2.00435488295625e-06 1.98651150640217e-06 1.96021596821083e-06 1.89461650279554e-06 1.81962582246342e-06 1.87067826118437e-06 1.93065352505073e-06 1.99446776605328e-06 2.04360776479007e-06 2.03133436116332e-06 2.00342037715018e-06 1.9424878701102e-06 1.89242621218e-06 1.85565090760065e-06 1.80453571374528e-06 1.74297565536108e-06 1.67666075867601e-06 1.60837657858792e-06 1.54967460730404e-06 1.49285631323437e-06 1.40236159040796e-06 1.31170088479848e-06 1.23160123166599e-06 1.13343367047491e-06 9.71738359112351e-07 8.46210298277583e-07
2.05559399546473e-06 2.05785340767761e-06 2.05706510314485e-06 2.05211131287797e-06 2.04491470867652e-06 2.0411750938365e-06 2.03841909751645e-06 2.03908962248533e-06 -9999 -9999 -9999 -9999 2.05674746212026e-06 2.06806930691528e-06 2.04291404770629e-06 1.96768064597563e-06 1.94581070900313e-06 1.96760151993658e-06 1.96464134205598e-06 1.94995755009586e-06 1.90758464668761e-06 1.85859607881866e-06 1.92074480764859e-06 1.98853172150848e-06 2.02725755116262e-06 2.06005915970309e-06 2.06806748792587e-06 2.05756009563629e-06 2.00796398530656e-06 1.96584733203053e-06 1.9328722373757e-06 1.8674469401958e-06 1.77838546733255e-06 1.67997893640859e-06 1.5777022781549e-06 1.53157986915176e-06 1.49649611103086e-06 1.41348039051081e-06 1.32729064716841e-06 1.2274355185582e-06 1.1071402923335e-06 9.14976851618121e-07 7.60558862111793e-07
2.03980448532093e-06 2.05134756470216e-06 2.05511514650425e-06 2.05422520593856e-06 2.05082756110642e-06 2.04511934498441e-06 2.03875401894038e-06 2.03908962248533e-06 2.04049433705222e-06 2.05225160243572e-06 2.06131835511769e-06 2.05669857678004e-06 2.05674746212026e-06 2.06806930691528e-06 2.04291404770629e-06 1.96768064597563e-06 1.91520939551992e-06 1.88136129963823e-06 1.88809519841016e-06 1.91405183613824e-06 1.95297366190061e-06 1.99499368136458e-06 2.10631469599321e-06 2.21593631977157e-06 2.23152869693877e-06 2.23999836634903e-06 2.21865775529295e-06 2.17867432183994e-06 2.09933364203607e-06 2.03582953872683e-06 1.99168084691337e-06 1.90697790003469e-06 1.79273581579764e-06 1.6753376712586e-06 1.55663246914628e-06 1.50889468386595e-06 1.47510741044243e-06 1.3860263834431e-06 1.29152067529503e-06 1.16402532057691e-06 1.02381216038339e-06 8.3888244262198e-07 6.80939649555512e-07
2.00935846805805e-06 2.02993805942242e-06 2.04288107852335e-06 2.0511008642643e-06 2.05677724807174e-06 2.0535248950182e-06 2.04773323275731e-06 2.04534558179148e-06 2.04356229005498e-06 2.04868365472066e-06 2.05141714104684e-06 2.04200296138879e-06 2.03533363674069e-06 2.03529202735808e-06 2.00778436010296e-06 1.94256995200703e-06 1.8867225435315e-06 1.83853944690782e-06 1.85814417363872e-06 1.90985861081572e-06 1.98883753910195e-06 2.07433072318963e-06 2.18522973227664e-06 2.2907681795914e-06 2.29288093578361e-06 2.28949784286669e-06 2.26311385631561e-06 2.2178351173352e-06 2.1326679870981e-06 2.06029494620452e-06 2.00355884771852e-06 1.91403455573891e-06 1.80062761501176e-06 1.67598739153618e-06 1.54669521634787e-06 1.4744234704267e-06 1.41336045089702e-06 1.31072829390178e-06 1.20298739147984e-06 1.06037828118133e-06 9.12829364096979e-07 7.47912054066546e-07 6.02379259362351e-07
1.95819097825733e-06 1.98745783563936e-06 2.01610782823991e-06 2.0405705072335e-06 2.06277877623506e-06 2.06823779080878e-06 2.06893332688196e-06 2.06044683181972e-06 2.05096785066416e-06 2.0400714220159e-06 2.02751721189998e-06 2.00653039428289e-06 1.98364477910218e-06 1.95617349163513e-06 1.92298784895684e-06 1.88195690498105e-06 1.86122565537516e-06 1.8571031432657e-06 1.89407046491397e-06 1.95050120055384e-06 2.01123407350678e-06 2.07299467547273e-06 2.1133544123586e-06 2.14989017877087e-06 2.15217164623027e-06 2.15457953345322e-06 2.15751560972421e-06 2.1411290163087e-06 2.08395113077131e-06 2.02040814656357e-06 1.94908579942421e-06 1.8751783272819e-06 1.79938808742008e-06 1.68411781942268e-06 1.55249745148467e-06 1.42328894980892e-06 1.29455440855963e-06 1.16778721803712e-06 1.03985610167001e-06 8.99843485058227e-07 7.62748072702379e-07 6.35909941593127e-07 5.25315726918052e-07
1.88689045899082e-06 1.91038043340086e-06 1.93911205315089e-06 1.96906512428541e-06 1.9996757600893e-06 2.01249554265814e-06 2.02025535145367e-06 2.01274383471173e-06 2.00312592824048e-06 1.97884855879238e-06 1.9547608189896e-06 1.93163782569172e-06 1.90401908639615e-06 1.86554530046124e-06 1.82617486643721e-06 1.7855733176475e-06 1.76749711044977e-06 1.76785044914141e-06 1.81654297648493e-06 1.88813260137977e-06 1.91305252883467e-06 1.92682159649848e-06 1.91764343071554e-06 1.90888454199012e-06 1.92917536878667e-06 1.95443908523885e-06 2.00051408683066e-06 2.02374326363497e-06 1.99874352801999e-06 1.95423876903078e-06 1.88589513072657e-06 1.80779568381695e-06 1.72259024111554e-06 1.59972148594534e-06 1.46125523770024e-06 1.32192019464128e-06 1.1824145076389e-06 1.05877552414313e-06 9.34287868403771e-07 7.95770517925121e-07 6.64710626097076e-07 5.59871637051401e-07 4.70973759547633e-07
1.79863525318069e-06 1.80416782313841e-06 1.81982329650054e-06 1.84621126209095e-06 1.87837827070325e-06 1.89742127076897e-06 1.91273193195229e-06 1.91215235645359e-06 1.90875948646863e-06 1.87332159384823e-06 1.84086150056828e-06 1.82354870048584e-06 1.80086760792619e-06 1.76522439687687e-06 1.71924239111831e-06 1.65906658367021e-06 1.61630930506362e-06 1.58780369474698e-06 1.6434738654425e-06 1.73901651123742e-06 1.71333022080944e-06 1.65867822943255e-06 1.61764830863831e-06 1.58355999246851e-06 1.63688378052029e-06 1.69937379723706e-06 1.80022504991939e-06 1.8721005972111e-06 1.88280648671935e-06 1.86593661055667e-06 1.8153635892304e-06 1.71639044310723e-06 1.58216323598026e-06 1.43740680869087e-06 1.28828992274066e-06 1.17824833978375e-06 1.07588812170434e-06 9.78336174739525e-07 8.77194452186814e-07 7.39245137992839e-07 6.10500308084738e-07 5.1411922186162e-07 4.35766054351916e-07
1.66781273946981e-06 1.65771541560389e-06 1.64875382324681e-06 1.65056894729787e-06 1.65818687491992e-06 1.67319660704379e-06 1.69030852248397e-06 1.69494626334199e-06 1.69673910477286e-06 1.65619951530971e-06 1.61820810262725e-06 1.59317914949497e-06 1.5658617940062e-06 1.53301846239629e-06 1.49839740970492e-06 1.46133561429451e-06 1.45429692111065e-06 1.4718225429533e-06 1.53882899667224e-06 1.62927346991637e-06 1.57577358095295e-06 1.48788058140781e-06 1.41722898661101e-06 1.35546463297942e-06 1.40581175855914e-06 1.46803927236761e-06 1.57998670147208e-06 1.66287952652056e-06 1.68443557413411e-06 1.66928157341317e-06 1.60926026637753e-06 1.50184473568515e-06 1.35990796934493e-06 1.23707366128656e-06 1.12215036551788e-06 1.05074366274494e-06 9.87891098702676e-07 9.1110382527404e-07 8.28243457817734e-07 6.91097056915169e-07 5.64474021302885e-07 4.74851589160608e-07 4.05956967597376e-07
