Ecospace-environmental-drivers/Outputs/ASCII-for-ecospace/MOM6-ISIMIP3a/chl/2008-02_chl_MOM6-ISIMIP3a.asc
NCOLS 131 
NROWS 53 
XLLCORNER -98 
YLLCORNER 23.9265270233154 
CELLSIZE 0.133587792515755 
NODATA_value -9999 
[rows 19 to 37 of 53, columns 0 to 42 of 131]
-9999 -9999 -9999 -9999 -9999 -9999 -9999 -9999 1.6959568256425e-06 1.81836276169633e-06 1.82378278168471e-06 1.83513395768387e-06 1.9294991489005e-06 2.0682728063548e-06 2.06457980311825e-06 2.05662581720389e-06 1.9921083094232e-06 1.88874616924295e-06 1.82467556442134e-06 1.77577692284103e-06 1.69337988609186e-06 1.60507147484168e-06 1.58657633164694e-06 1.57174201831367e-06 1.57467616190843e-06 1.57535612288484e-06 1.56872692969046e-06 1.56374164816953e-06 1.56162502662482e-06 1.55793668454862e-06 1.55263103351899e-06 1.54548285991041e-06 1.53721248352667e-06 1.54077736169711e-06 1.548287514197e-06 1.56179407895252e-06 1.57607803430437e-06 1.58320585796901e-06 1.58975478825596e-06 1.5926168543956e-06 1.58905515945662e-06 1.56761132075189e-06 1.54792485318467e-06
-9999 -9999 -9999 -9999 -9999 -9999 -9999 -9999 1.58181899223564e-06 1.68768860930868e-06 1.81836276169633e-06 1.81785173936078e-06 1.83513395768387e-06 1.88509045528917e-06 1.90409139122494e-06 1.88737465123268e-06 1.8360183275945e-06 1.76087360159727e-06 1.67351015534223e-06 1.5814285916349e-06 1.49213371969381e-06 1.4033306570127e-06 1.37919744247483e-06 1.35838831738511e-06 1.35347795549023e-06 1.3477982747645e-06 1.33962373638497e-06 1.32756508719467e-06 1.3087280876789e-06 1.29228442347085e-06 1.27830332985468e-06 1.26979807646421e-06 1.26462850857934e-06 1.26905035813252e-06 1.27666942262294e-06 1.27784676351439e-06 1.27802718452585e-06 1.26338591144304e-06 1.25065525935497e-06 1.25009148632671e-06 1.24572920867649e-06 1.23079280456295e-06 1.21774689887388e-06
-9999 -9999 -9999 -9999 -9999 -9999 1.46917773236055e-06 1.48304843605729e-06 1.51950496274367e-06 1.58181899223564e-06 1.6628841876809e-06 1.81836276169633e-06 1.80005861238897e-06 1.74553554188606e-06 1.70347993844189e-06 1.67580969900882e-06 1.64090511134418e-06 1.60103218149743e-06 1.49386278280872e-06 1.36070764256147e-06 1.26728855320835e-06 1.18088155431906e-06 1.14944327833655e-06 1.12133989205176e-06 1.11099734567688e-06 1.10084454263415e-06 1.09130689907033e-06 1.07178732378088e-06 1.03484831015521e-06 1.00331612884474e-06 9.77347667685535e-07 9.66195102591882e-07 9.64068476605462e-07 9.66525703915977e-07 9.70510996012308e-07 9.57996917350101e-07 9.43042209655687e-07 9.0581363565434e-07 8.73498038345133e-07 8.72469911428198e-07 8.70860674240248e-07 8.67633616508101e-07 8.65905349201057e-07
-9999 -9999 -9999 -9999 -9999 -9999 1.46627758113027e-06 1.46917773236055e-06 1.49691913975403e-06 1.53010410031129e-06 1.58181899223564e-06 1.58847080911073e-06 1.56963722020009e-06 1.50037544699444e-06 1.44285434089397e-06 1.39888038575009e-06 1.35726861572039e-06 1.31727904317813e-06 1.23715619793074e-06 1.14153635877301e-06 1.08895676476095e-06 1.0439723610034e-06 1.03201682577492e-06 1.02216631603369e-06 1.02382944078272e-06 1.02229478216032e-06 1.01039165656402e-06 9.8858095043397e-07 9.49480352119281e-07 9.0809697894656e-07 8.64364608332835e-07 8.30826706987864e-07 8.0349923337053e-07 7.92074899891304e-07 7.8595161312478e-07 7.81141181960265e-07 7.76366618993052e-07 7.51359607420454e-07 7.29966757262446e-07 7.31589409497246e-07 7.34131106128189e-07 7.39231211355218e-07 7.44812439279485e-07
-9999 -9999 -9999 -9999 1.5927168988128e-06 1.50345545080199e-06 1.46481841056811e-06 1.46483671414899e-06 1.46917773236055e-06 1.52466043346067e-06 1.54475901581463e-06 1.42942246839084e-06 1.32741183733742e-06 1.25176950405148e-06 1.18434081741725e-06 1.12638963400968e-06 1.07774985735887e-06 1.03550473795622e-06 9.85645328910323e-07 9.32845921397529e-07 9.23193340440776e-07 9.21154878597008e-07 9.30015914946125e-07 9.39666108479287e-07 9.53903281697421e-07 9.61540422395046e-07 9.47777436977049e-07 9.24362780096999e-07 8.84105190834816e-07 8.33184685689048e-07 7.71292320678185e-07 7.14302871074324e-07 6.60300258914504e-07 6.34504885965725e-07 6.18111812400457e-07 6.21907929598819e-07 6.2837267478244e-07 6.17928492374631e-07 6.0950424085604e-07 6.13943598182232e-07 6.20574212462088e-07 6.33304750863317e-07 6.45437239654711e-07
-9999 -9999 -9999 -9999 1.79818812284793e-06 1.60440538365947e-06 1.54209249103587e-06 1.46481841056811e-06 1.4605139995183e-06 1.40573081353068e-06 1.33966648263595e-06 1.23042275390617e-06 1.13837666049221e-06 1.08035987977928e-06 1.03686011243553e-06 1.01011073638801e-06 9.7854649538931e-07 9.43675502185215e-07 9.1768885113197e-07 8.95132700406975e-07 9.05778279047809e-07 9.22282879400882e-07 9.39964650115144e-07 9.57280690272455e-07 9.71334429777926e-07 9.80659478955204e-07 9.74652380136831e-07 9.54413280851441e-07 9.09338154997386e-07 8.47416174565296e-07 7.68159111430577e-07 6.95180688126129e-07 6.26027087946568e-07 5.9291119214322e-07 5.7180778867405e-07 5.71950863559323e-07 5.74998182401032e-07 5.73562090266933e-07 5.7314059631608e-07 5.79180266413459e-07 5.87100828397524e-07 6.00257351379696e-07 6.11519169524399e-07
-9999 -9999 -9999 -9999 -9999 1.79818812284793e-06 1.61252262387279e-06 1.61936657150363e-06 1.43488512094336e-06 1.29440002183401e-06 1.16223702661955e-06 1.06192806015315e-06 9.8121699920739e-07 9.39285087042663e-07 9.14850545541412e-07 9.10605251647212e-07 8.92347770786728e-07 8.64467551764392e-07 8.59325211877149e-07 8.62962792780309e-07 8.88546367150411e-07 9.18002797334339e-07 9.41693940603727e-07 9.64367245614994e-07 9.79610149443033e-07 9.91366050584475e-07 9.91816023088177e-07 9.73973556028795e-07 9.24209302866075e-07 8.53036908665672e-07 7.5983598435414e-07 6.74446368975623e-07 5.93815286720201e-07 5.55352244191454e-07 5.30945158061513e-07 5.28069051597413e-07 5.28210136963025e-07 5.34109403815819e-07 5.40308917607035e-07 5.48420644008729e-07 5.58068734335393e-07 5.71993552966887e-07 5.83041924073768e-07
-9999 -9999 -9999 -9999 -9999 1.85368480742909e-06 1.79818812284793e-06 1.56771739057149e-06 1.33486901177093e-06 1.21638788641576e-06 1.10610289993929e-06 1.02718945527158e-06 9.63823140409659e-07 9.31220370148367e-07 9.04525109035603e-07 8.84646055965277e-07 8.63171180753852e-07 8.4060042127021e-07 8.43023826746503e-07 8.55098448937497e-07 8.72117652761517e-07 8.90009516751888e-07 9.07383309822762e-07 9.25291033126996e-07 9.47742307744193e-07 9.65187041401805e-07 9.66398715718242e-07 9.47537330375781e-07 8.93646870281373e-07 8.20902073428442e-07 7.28756560874899e-07 6.46643400159519e-07 5.70641873309796e-07 5.354845598049e-07 5.13941870394774e-07 5.10825486799149e-07 5.10301958911441e-07 5.16201851041842e-07 5.22963887306105e-07 5.35216258867877e-07 5.48510342923691e-07 5.64704180305853e-07 5.78421008867736e-07
-9999 -9999 1.97278404812096e-06 1.95937468561169e-06 1.9460128442006e-06 1.90924720300245e-06 1.85361909643689e-06 1.58414968609577e-06 1.31686522308883e-06 1.20718971174938e-06 1.10386849883071e-06 1.02486887954001e-06 9.59955741564045e-07 9.22915717183059e-07 8.89746900156752e-07 8.61044782141107e-07 8.38667688185524e-07 8.20634284082189e-07 8.22437584702129e-07 8.31900592856982e-07 8.39937399632618e-07 8.47722446906118e-07 8.63634284087311e-07 8.80767402122729e-07 9.06595232663676e-07 9.26290965708176e-07 9.26103780329868e-07 9.04702687876124e-07 8.46281409394578e-07 7.72823057104688e-07 6.83891869357467e-07 6.09855476341181e-07 5.44892884590809e-07 5.15390183863929e-07 4.97707389968127e-07 4.94579524001892e-07 4.93520872169029e-07 5.00471344366815e-07 5.08658729359013e-07 5.24723304806685e-07 5.41304530088382e-07 5.59324007554096e-07 5.75196054342086e-07
-9999.000000000000000 -9999 -9999 -9999 2.02286423700571e-06 1.98277848539874e-06 2.01666648536047e-06 1.74912599959498e-06 1.47780053794122e-06 1.34813353724894e-06 1.21923540064017e-06 1.09327959307848e-06 9.85600991043611e-07 9.14087479486625e-07 8.6525352571698e-07 8.42588121940935e-07 8.24360142814839e-07 8.09179425687034e-07 7.92502305557719e-07 7.75247372075683e-07 7.73389444930217e-07 7.74248576362879e-07 7.99291967723548e-07 8.24358210138598e-07 8.45202293930924e-07 8.59648082496278e-07 8.53348183227354e-07 8.2608909224291e-07 7.62254273922736e-07 6.89956209498632e-07 6.08949619618215e-07 5.53463564756385e-07 5.13524355483241e-07 4.94801327022287e-07 4.83150245145225e-07 4.80510095712816e-07 4.79198831726535e-07 4.89490730615216e-07 5.00986175211438e-07 5.20146272720012e-07 5.39231791663042e-07 5.58109491066716e-07 5.75016883885837e-07
-9999 -9999 -9999 -9999 2.12516488318215e-06 2.1765672499896e-06 2.15281829696323e-06 1.90570165159443e-06 1.65371614002652e-06 1.48250035181263e-06 1.31025240079907e-06 1.13405349111417e-06 9.86383952295e-07 8.95165669589915e-07 8.41307837617933e-07 8.30558121833747e-07 8.1397035955888e-07 7.93373317264923e-07 7.59811598527449e-07 7.21243736734323e-07 7.09331175130501e-07 7.02122406437411e-07 7.30284057226527e-07 7.57395412165351e-07 7.69299902003695e-07 7.75465764490946e-07 7.63024672778556e-07 7.33344222680898e-07 6.73579393151158e-07 6.10821018653951e-07 5.44982299288677e-07 5.06321271132038e-07 4.84216627683054e-07 4.73654068855467e-07 4.66938814724926e-07 4.66459397330254e-07 4.66925484943204e-07 4.7901795596772e-07 4.92347567160323e-07 5.13555562520196e-07 5.34227240223117e-07 5.5340592552966e-07 5.70793758924992e-07
-9999 -9999 -9999 -9999 2.19635785470018e-06 2.21614868678444e-06 2.24058589992637e-06 2.05170840672508e-06 1.84847840500879e-06 1.60859269726643e-06 1.37063523197867e-06 1.14005797513528e-06 9.55888026510365e-07 8.63545267293375e-07 8.18051262285735e-07 8.26613359095063e-07 8.08509469152341e-07 7.72092846546002e-07 7.23654295597953e-07 6.70573570005217e-07 6.48405091396853e-07 6.31691705166304e-07 6.55406495297939e-07 6.77155242101435e-07 6.75143439821113e-07 6.69217286031198e-07 6.50599304208299e-07 6.22821062279399e-07 5.79057257255045e-07 5.36380525772984e-07 4.94822245400428e-07 4.7081570642149e-07 4.57501556638817e-07 4.51804368140074e-07 4.48646090944749e-07 4.52432175279682e-07 4.57229532457859e-07 4.69184186613347e-07 4.82493703657383e-07 5.04431454828591e-07 5.25534289863572e-07 5.44312797501334e-07 5.61482977445849e-07
-9999 -9999 -9999 -9999 2.21614868678444e-06 2.2457300019596e-06 2.28045519179432e-06 2.12825852941023e-06 1.95589586837741e-06 1.6409808267781e-06 1.34106358018471e-06 1.09855091068312e-06 9.11361553335155e-07 8.33641252029338e-07 8.00120631083701e-07 8.17599641322886e-07 7.96379595158214e-07 7.48583147469617e-07 6.9058853569004e-07 6.28656039225461e-07 5.97886298692174e-07 5.72615874716575e-07 5.85571967803844e-07 5.96558606957842e-07 5.84158328820195e-07 5.70029499158409e-07 5.50295851553528e-07 5.27671261352225e-07 5.00001647196768e-07 4.75060147664408e-07 4.52925888794198e-07 4.4251356712266e-07 4.39242171523802e-07 4.38593531271181e-07 4.38819142800639e-07 4.43002818428795e-07 4.47778717216352e-07 4.58836552752473e-07 4.71349750341687e-07 4.931310968459e-07 5.13847624006303e-07 5.3159999424679e-07 5.47938327599695e-07
-9999 -9999 -9999 -9999 2.24744462684612e-06 2.28045519179432e-06 2.14547026189393e-06 2.15271529668826e-06 1.99780379261938e-06 1.60308991326019e-06 1.24402504297905e-06 1.02140984381549e-06 8.56311885399919e-07 8.05024455985404e-07 7.86184557455272e-07 8.04784065167041e-07 7.79247784521431e-07 7.23401512914279e-07 6.59841589367716e-07 5.93303070672846e-07 5.55173073735205e-07 5.22056325280573e-07 5.19519744557329e-07 5.15694637215347e-07 4.95551887524925e-07 4.76137302030111e-07 4.59083992154774e-07 4.44051636350196e-07 4.32546016781998e-07 4.23580075903374e-07 4.17227397520037e-07 4.19614053726036e-07 4.27324636120829e-07 4.31861963079427e-07 4.35341576121573e-07 4.37021839161389e-07 4.3851173359144e-07 4.48103577355141e-07 4.59238265193562e-07 4.80198480090621e-07 4.99915643104032e-07 5.16172462994291e-07 5.31218233845721e-07
-9999 -9999 -9999 -9999 2.28045519179432e-06 2.11423184737214e-06 2.05980836653907e-06 2.0204522570566e-06 1.98787529370748e-06 1.53195742313983e-06 1.13137389234907e-06 9.42586154906166e-07 8.06942296094348e-07 7.76455351569894e-07 7.70071153510798e-07 7.9149776865961e-07 7.64597700708691e-07 7.04509545812471e-07 6.37065397768311e-07 5.66780840927095e-07 5.22543928127561e-07 4.82903601550788e-07 4.69304495709366e-07 4.55541766086753e-07 4.3566407725848e-07 4.17819251197216e-07 4.06565902721923e-07 3.98498173126427e-07 3.959896730521e-07 3.9639633087063e-07 3.99802615902445e-07 4.08660440598396e-07 4.20839313619581e-07 4.27386339652003e-07 4.32056111776546e-07 4.30165727038911e-07 4.27454921236858e-07 4.36726622865535e-07 4.47716701046375e-07 4.69649847900655e-07 4.89692808969266e-07 5.04474030549318e-07 5.18217973421997e-07
-9999 -9999 -9999 -9999 -9999 1.97922850020404e-06 1.97119311451388e-06 2.00625777324603e-06 1.95573056771536e-06 1.44657838063722e-06 1.01203147551132e-06 8.63041350385174e-07 7.6000713988833e-07 7.47906653941754e-07 7.53024494315468e-07 7.78009734858642e-07 7.51011214106256e-07 6.88313207319879e-07 6.17705381955602e-07 5.44043246009096e-07 4.94236587655905e-07 4.48639667638417e-07 4.2587657844706e-07 4.04265165343531e-07 3.88084487212836e-07 3.74747514797491e-07 3.70631084933848e-07 3.69258998489386e-07 3.72676083770784e-07 3.79625475943612e-07 3.90209550005238e-07 4.02826600520712e-07 4.16682127024615e-07 4.23877537514272e-07 4.2885295670203e-07 4.2293456203879e-07 4.1563100694475e-07 4.2507372199907e-07 4.3644797642628e-07 4.60122890899584e-07 4.81059601042944e-07 4.94373750825616e-07 5.06811886680225e-07
-9999 -9999 -9999 -9999 -9999 1.87410910257313e-06 1.90668401955918e-06 1.88686954061268e-06 1.85499720828375e-06 1.37006509248749e-06 9.57865154305182e-07 8.24053188352991e-07 7.33389185825217e-07 7.28103088931675e-07 7.38010498935182e-07 7.65448760375875e-07 7.42676832032885e-07 6.85423458435253e-07 6.12306223501946e-07 5.33063371221942e-07 4.77836465506698e-07 4.26847634571459e-07 4.00742550255018e-07 3.76550474356918e-07 3.6375953982315e-07 3.53724942669942e-07 3.52627580468834e-07 3.53972296807115e-07 3.59578621100809e-07 3.68060483424415e-07 3.79501159386564e-07 3.92238092672414e-07 4.0576469473308e-07 4.1465250433248e-07 4.21994087673738e-07 4.14314911267866e-07 4.04705104983805e-07 4.1529418126629e-07 4.27759800913918e-07 4.52175783038911e-07 4.72915104410276e-07 4.83419512420369e-07 4.94674907258741e-07
-9999 -9999 -9999 -9999 -9999 1.7194864767589e-06 1.74444994627265e-06 1.82692485850566e-06 1.74007288933353e-06 1.29538614146441e-06 9.17183854198811e-07 7.93456138126203e-07 7.10974973117118e-07 7.10109020474192e-07 7.23416974324209e-07 7.53079575588345e-07 7.35429125597875e-07 6.85286750012892e-07 6.09795563377702e-07 5.24516224231775e-07 4.63900022396047e-07 4.07636065347106e-07 3.7939355479466e-07 3.53710788658645e-07 3.44245989936098e-07 3.37264367544776e-07 3.38334075422608e-07 3.4157235972998e-07 3.48594880961173e-07 3.57572560005792e-07 3.68562012909024e-07 3.80665852617312e-07 3.93448544855346e-07 4.0424475855616e-07 4.14378831692375e-07 4.05408002279728e-07 3.93964967315696e-07 4.05902255806723e-07 4.19605555634917e-07 4.44555524836687e-07 4.64871703798053e-07 4.72288604669302e-07 4.82386667499668e-07
-9999 -9999 -9999 -9999 -9999 -9999 1.50732557813171e-06 1.51955532601278e-06 1.48961771628819e-06 1.14411159302108e-06 8.51102925025771e-07 7.59032559471962e-07 6.98290818945679e-07 6.99539555171214e-07 7.13479437308706e-07 7.42062866265769e-07 7.31194631953258e-07 6.93233232595958e-07 6.25553127520107e-07 5.46397643574892e-07 4.73673793521812e-07 4.02084964434835e-07 3.69453999837788e-07 3.40233469842133e-07 3.32323878637908e-07 3.26819787233035e-07 3.291153234386e-07 3.32999348984231e-07 3.39655485959156e-07 3.47341739370677e-07 3.56088008857114e-07 3.65344703823212e-07 3.74912389133897e-07 3.81584555952941e-07 3.87291521519728e-07 3.84135432796029e-07 3.79859670829319e-07 3.90215319612253e-07 4.01325621623982e-07 4.17241579953043e-07 4.31095571684637e-07 4.39209571823085e-07 4.50123366135813e-07
