Ecospace-environmental-drivers/Outputs/ASCII-for-ecospace/MOM6-ISIMIP3a/chl/2008-12_chl_MOM6-ISIMIP3a.asc
NCOLS 131 
NROWS 53 
XLLCORNER -98 
YLLCORNER 23.9265270233154 
CELLSIZE 0.133587792515755 
NODATA_value -9999 
[rows 0 to 18 of 53, columns 43 to 85 of 131]
-9999 -9999 -9999 -9999 -9999 -9999 -9999 -9999 -9999 -9999 -9999 -9999 -9999 -9999 -9999 -9999 -9999 -9999 -9999 -9999 -9999 -9999 -9999 -9999 -9999 -9999 -9999 -9999 -9999 -9999 -9999 -9999 -9999 -9999 -9999 -9999 -9999 -9999 -9999 -9999 -9999 -9999 -9999
-9999 -9999 -9999 -9999 -9999 -9999 -9999 -9999 -9999 -9999 -9999 -9999 -9999 -9999 -9999 -9999 -9999 -9999 -9999 -9999 -9999 -9999 -9999 -9999 -9999 -9999 -9999 -9999 -9999 -9999 -9999 -9999 -9999 -9999 -9999 -9999 -9999 -9999 -9999 -9999 -9999 -9999 -9999
-9999 -9999 -9999 -9999 -9999 -9999 -9999 -9999 -9999 -9999 -9999 -9999 -9999 -9999 -9999 -9999 -9999 -9999 -9999 -9999 -9999 -9999 -9999 -9999 -9999 -9999 -9999 -9999 -9999 -9999 -9999 2.06300728677888e-06 2.03702734324906e-06 -9999 -9999 -9999 -9999 -9999 -9999 -9999 -9999 -9999 -9999
-9999 -9999 -9999 -9999 -9999 -9999 -9999 -9999 -9999 -9999 -9999 -9999 -9999 -9999 -9999 -9999 -9999 -9999 -9999 -9999 -9999 -9999 -9999 -9999 -9999 -9999 -9999 -9999 -9999 -9999 -9999 2.06152185455721e-06 2.04536695491697e-06 -9999 -9999 -9999 -9999 -9999 -9999 -9999 -9999 -9999 -9999
-9999 -9999 -9999 -9999 -9999 -9999 -9999 -9999 -9999 -9999 -9999 -9999 -9999 -9999 -9999 -9999 -9999 -9999 -9999 -9999 -9999 -9999 2.23423830902902e-06 2.23414349420636e-06 2.23406755139877e-06 2.233624627479e-06 2.22677113015379e-06 2.19953062696732e-06 2.15647810364317e-06 2.10907387554471e-06 2.07694097298372e-06 2.06038384931162e-06 2.0472407413763e-06 2.028476274063e-06 -9999 -9999 1.54046654188278e-06 1.32486263737519e-06 1.17802619570284e-06 1.08291158085194e-06 1.03801755813038e-06 1.00286695214891e-06 9.8538203019416e-07
-9999 -9999 -9999 -9999 -9999 -9999 -9999 -9999 -9999 -9999 -9999 -9999 -9999 -9999 -9999 -9999 -9999 -9999 2.4593125544925e-06 -9999 2.41324300986889e-06 2.37457197727053e-06 2.30990167437994e-06 2.23423830902902e-06 2.23412439481763e-06 2.23406755139877e-06 2.23318170355924e-06 2.2130639081297e-06 2.15234649658669e-06 2.10402413358679e-06 2.07085099646065e-06 2.0559480162774e-06 2.05435253519681e-06 2.03142167265469e-06 1.99965484171116e-06 1.77951119439967e-06 1.52233712924499e-06 1.31955130200367e-06 1.13269936719007e-06 1.08182791791478e-06 1.03420734376414e-06 9.98017412712215e-07 9.76375986283529e-07
-9999 -9999 -9999 -9999 -9999 -9999 -9999 -9999 -9999 -9999 -9999 -9999 -9999 -9999 2.8940710308234e-06 2.8924830530741e-06 2.89174136014481e-06 2.8907645628351e-06 2.67660743702436e-06 2.46438958129147e-06 2.45423530031985e-06 2.41092175201629e-06 2.37457197727053e-06 2.3208945094666e-06 2.23423830902902e-06 2.23406755139877e-06 2.23318170355924e-06 2.2130639081297e-06 2.15234649658669e-06 2.10402413358679e-06 2.07085099646065e-06 2.0559480162774e-06 2.05435253519681e-06 2.03142167265469e-06 1.99965484171116e-06 1.77951119439967e-06 1.52233712924499e-06 1.31955130200367e-06 1.13269936719007e-06 1.08182791791478e-06 1.03420734376414e-06 9.98017412712215e-07 9.76375986283529e-07
-9999 -9999 -9999 -9999 -9999 -9999 -9999 -9999 -9999 -9999 -9999 -9999 -9999 -9999 2.90258526547404e-06 2.8940710308234e-06 2.89089484795113e-06 -9999 2.89114063889429e-06 2.68301391770365e-06 2.47454408963677e-06 2.45423530031985e-06 2.40395775108482e-06 2.37457197727053e-06 2.35387346947391e-06 2.33013361139456e-06 2.29366537496389e-06 2.23601773541304e-06 2.13365910894936e-06 2.05165815714281e-06 1.99453779714531e-06 1.96995642909314e-06 1.96907603822183e-06 1.94564972844091e-06 1.91288631867792e-06 1.76793616901705e-06 1.60093304657494e-06 1.42335363761958e-06 1.25360702440958e-06 1.16420221729641e-06 1.08577728497039e-06 1.04595756056369e-06 1.02081662589626e-06
-9999 -9999 2.30235991693917e-06 -9999 -9999 -9999 -9999 -9999 -9999 -9999 -9999 -9999 -9999 -9999 -9999 -9999 -9999 -9999 2.88898445433006e-06 2.89671834252658e-06 2.70058740170498e-06 2.49485265158e-06 2.45423530031985e-06 2.38306597566407e-06 2.42229702962504e-06 2.43924591813993e-06 2.36294090427691e-06 2.26363772526383e-06 2.11578367270704e-06 1.99713394977152e-06 1.91417802852811e-06 1.87912371529819e-06 1.87896000625187e-06 1.85469059488241e-06 1.82043800123211e-06 1.75652246525715e-06 1.68677593137545e-06 1.53688813497865e-06 1.38609630084829e-06 1.25546569051949e-06 1.14397141715017e-06 1.09976156181801e-06 1.07030029994348e-06
-9999 2.30235991693917e-06 2.29437159759982e-06 2.28546696234844e-06 2.28240196520346e-06 -9999 -9999 -9999 -9999 -9999 -9999 -9999 -9999 -9999 2.62996013589145e-06 2.91131254925858e-06 -9999 -9999 -9999 2.89151535071142e-06 2.91727292278665e-06 2.74506078312697e-06 2.53547023021383e-06 2.54680435318733e-06 2.60577348853985e-06 2.62900152847578e-06 2.50264929491095e-06 2.36320443036675e-06 2.19612024920934e-06 2.06709250960557e-06 1.98457723854517e-06 1.94859285329585e-06 1.9465007881081e-06 1.91143590200227e-06 1.86271552138351e-06 1.79432822733361e-06 1.72207478499331e-06 1.58913815084816e-06 1.455566803088e-06 1.33774847199675e-06 1.232568706655e-06 1.17182730718923e-06 1.12335419544252e-06
2.30236901188619e-06 2.29812280849728e-06 2.29159695663839e-06 2.28540670832444e-06 2.2793969947088e-06 2.27895338866801e-06 -9999 -9999 -9999 -9999 -9999 -9999 -9999 -9999 2.50313655669743e-06 2.73222713076393e-06 2.91131254925858e-06 -9999 -9999 2.86866247733997e-06 2.91181277134456e-06 2.9713437470491e-06 2.85244163933385e-06 2.73398836725391e-06 2.80048720924242e-06 2.82001792584197e-06 2.64298319052614e-06 2.46446666096745e-06 2.28282124226098e-06 2.14638271245349e-06 2.06519621315238e-06 2.02563978746184e-06 2.01640636987577e-06 1.96838573174318e-06 1.90430205293524e-06 1.82833923645376e-06 1.75004129232548e-06 1.63815070663986e-06 1.52579639234318e-06 1.42106523526309e-06 1.32221293824841e-06 1.24403095469461e-06 1.17539275379386e-06
2.29951388064364e-06 2.29429201681342e-06 2.29060378842405e-06 2.28540670832444e-06 2.2793969947088e-06 2.27806617658644e-06 2.27735472435597e-06 2.27311443268263e-06 -9999 -9999 -9999 -9999 -9999 -9999 -9999 2.6737070584204e-06 2.85306623482029e-06 2.91131254925858e-06 2.8940710308234e-06 2.86866247733997e-06 2.91181277134456e-06 2.9713437470491e-06 3.01077670883387e-06 3.04693162433978e-06 3.05547496282088e-06 3.01779618894216e-06 2.78667243946984e-06 2.57482201959647e-06 2.40365920944896e-06 2.27572741096083e-06 2.20063225242484e-06 2.14333294934477e-06 2.09899599212804e-06 2.02643377633649e-06 1.94218250726408e-06 1.84199666364293e-06 1.73867840658204e-06 1.6697979390301e-06 1.60009744831768e-06 1.50992843828135e-06 1.41747227644373e-06 1.31697447613988e-06 1.22198593999201e-06
2.28917656386329e-06 2.29018542086123e-06 2.28924386647122e-06 2.28504291044374e-06 2.27908731176285e-06 2.27855866796745e-06 2.27957343668095e-06 2.27322016144171e-06 -9999 -9999 -9999 -9999 2.27162604460318e-06 2.31424655794399e-06 2.44876719079912e-06 2.70945497504727e-06 2.86289900941483e-06 2.92859863293415e-06 2.94912024401128e-06 2.94824189950305e-06 3.0140838589432e-06 3.0958676688897e-06 3.20884964821744e-06 3.31302476297424e-06 3.25782116306073e-06 3.16265936817217e-06 2.9002681003476e-06 2.66951428784523e-06 2.50554899139388e-06 2.37906260736054e-06 2.29838269660831e-06 2.22194375965046e-06 2.1485936940735e-06 2.05342985282186e-06 1.94923200069752e-06 1.84119312507391e-06 1.73239902778732e-06 1.68850647241925e-06 1.64349398801278e-06 1.56406156293087e-06 1.47640594150289e-06 1.35983702875819e-06 1.24558061997959e-06
2.26013298743055e-06 2.28538942792511e-06 2.28696671911166e-06 2.28377029998228e-06 2.27800342145201e-06 2.27794998863828e-06 2.27952159548295e-06 2.27322016144171e-06 2.26654947255156e-06 2.27167379307502e-06 2.2744804937247e-06 2.26549695980793e-06 2.27162604460318e-06 2.31424655794399e-06 2.44876719079912e-06 2.70945497504727e-06 2.90240291178634e-06 3.03992737826775e-06 3.1417955597135e-06 3.22677419717365e-06 3.37203869094083e-06 3.531707534421e-06 3.50626964973344e-06 3.46198999068292e-06 3.32856029672257e-06 3.17523245030316e-06 2.93862922262633e-06 2.72504780696181e-06 2.56006705967593e-06 2.41737302530964e-06 2.30191744776675e-06 2.20284641727631e-06 2.1157100036362e-06 2.00279441742168e-06 1.87920284133725e-06 1.80423637630156e-06 1.73882835952099e-06 1.67486746249779e-06 1.60962736117654e-06 1.53136795688624e-06 1.44452383210592e-06 1.32749516978947e-06 1.21167840916314e-06
2.13800944948161e-06 2.1785783701489e-06 2.19389039557427e-06 2.20810215978418e-06 2.22172161556955e-06 2.24312907448621e-06 2.26675138037535e-06 2.26846123041469e-06 2.26794463742408e-06 2.26786983148486e-06 2.26645624934463e-06 2.25823305299855e-06 2.26456836571742e-06 2.30605724027555e-06 2.43125691667956e-06 2.67138034359959e-06 2.882195303755e-06 3.06903075397713e-06 3.21409743264667e-06 3.33937896357384e-06 3.49407559951942e-06 3.65580058314663e-06 3.5565487905842e-06 3.43553870152391e-06 3.25879000229179e-06 3.07813616018393e-06 2.88113960777991e-06 2.70143391389865e-06 2.55823078987305e-06 2.42234773395467e-06 2.29541092267027e-06 2.17926026380155e-06 2.07096582016675e-06 1.95437405636767e-06 1.83434599421162e-06 1.77686376900965e-06 1.73167666162044e-06 1.64620314535568e-06 1.55971554249845e-06 1.47789512539021e-06 1.3884401823816e-06 1.27214229905803e-06 1.15681086754194e-06
1.88428759884118e-06 1.92753668670775e-06 1.97244071387104e-06 2.02725254894176e-06 2.08739947993308e-06 2.15993736674136e-06 2.23599931814533e-06 2.25697453970497e-06 2.27131249630474e-06 2.25868757297576e-06 2.247087422802e-06 2.24069913201674e-06 2.24753239308484e-06 2.28629028242722e-06 2.38899042415142e-06 2.57947499449074e-06 2.77756680588936e-06 2.9818825169059e-06 3.11621306536836e-06 3.21739298669854e-06 3.28256828652229e-06 3.3391404485883e-06 3.25741643791844e-06 3.16108116749092e-06 2.99036514661566e-06 2.82598716694338e-06 2.68813437287463e-06 2.56592011282919e-06 2.47671982833708e-06 2.38019197240646e-06 2.27470809477381e-06 2.14932742892415e-06 2.00945396500174e-06 1.90908576769289e-06 1.82507812951371e-06 1.76304149590578e-06 1.70532382526289e-06 1.59629610152479e-06 1.48711887959507e-06 1.39504425078485e-06 1.29814031879505e-06 1.18425600703631e-06 1.07230255252944e-06
1.61772288720385e-06 1.6579921293669e-06 1.71720182606805e-06 1.79516860043805e-06 1.88323519978439e-06 1.98403199647146e-06 2.08844903681893e-06 2.14698502531974e-06 2.19844605453545e-06 2.18569834942173e-06 2.17363844967622e-06 2.16507828554313e-06 2.16908324546239e-06 2.20342894863279e-06 2.27196414925857e-06 2.38743768932181e-06 2.56189446190547e-06 2.78460947811254e-06 2.91273931907199e-06 2.99606585940637e-06 3.00076339954103e-06 2.98667350762116e-06 2.92783829536347e-06 2.86123258774751e-06 2.72627039521467e-06 2.60102797255968e-06 2.51646429205721e-06 2.44037232732808e-06 2.38216534853564e-06 2.30822001867637e-06 2.21503910324827e-06 2.09792892746918e-06 1.96338896785164e-06 1.87282546448841e-06 1.800474024094e-06 1.71816725469398e-06 1.63390348006942e-06 1.50933101394912e-06 1.38550331030274e-06 1.28353337913722e-06 1.17914385100448e-06 1.06624747786555e-06 9.5840266567393e-07
1.34034280563355e-06 1.3728658814216e-06 1.43350860071223e-06 1.51993913277693e-06 1.6202552615141e-06 1.73005014403316e-06 1.84254076884827e-06 1.9540441371646e-06 2.06138156499946e-06 2.05897617888695e-06 2.05464812097489e-06 2.04054094865569e-06 2.03891704586567e-06 2.06743447961344e-06 2.09198151424062e-06 2.11107726499904e-06 2.25270991904836e-06 2.49459867518453e-06 2.62034677689371e-06 2.6910818178294e-06 2.65975972979504e-06 2.60405295193777e-06 2.57262149716553e-06 2.54000224231277e-06 2.46582226282044e-06 2.39896598941414e-06 2.36276082432596e-06 2.32321735893493e-06 2.2766266738472e-06 2.21113918996707e-06 2.12255577025644e-06 2.0284539914428e-06 1.930332473421e-06 1.84416785486974e-06 1.76295509390911e-06 1.64714379025099e-06 1.52453105783934e-06 1.39115877573204e-06 1.25945030049479e-06 1.14788713290181e-06 1.03598165424046e-06 9.22872459341306e-07 8.19751392100443e-07
1.12207965230482e-06 1.13978023819072e-06 1.18266200388462e-06 1.25163558095664e-06 1.33465846374747e-06 1.43434328947478e-06 1.538766809972e-06 1.66826202985249e-06 1.79684900558641e-06 1.83162899247691e-06 1.86039528671245e-06 1.85857084034069e-06 1.86114743883081e-06 1.87435045972961e-06 1.88425212854781e-06 1.88962121683289e-06 2.02234264179424e-06 2.2592603272642e-06 2.37772633226996e-06 2.44008447225497e-06 2.39388259615225e-06 2.32174193115497e-06 2.28647672884108e-06 2.25231906370027e-06 2.1974085484544e-06 2.15324234886793e-06 2.1540436137002e-06 2.14429132938676e-06 2.11225983548502e-06 2.06627851184749e-06 2.00324780053052e-06 1.91358071788272e-06 1.80451252163039e-06 1.69704560448736e-06 1.5902419363556e-06 1.45965373121726e-06 1.32439004119078e-06 1.19230878681265e-06 1.06294976376375e-06 9.59031694947043e-07 8.57798454489966e-07 7.66005030072847e-07 6.84103042658535e-07
