Ecospace-environmental-drivers/Outputs/ASCII-for-ecospace/MOM6-ISIMIP3a/chl/2008-05_chl_MOM6-ISIMIP3a.asc
NCOLS 131 
NROWS 53 
XLLCORNER -98 
YLLCORNER 23.9265270233154 
CELLSIZE 0.133587792515755 
NODATA_value -9999 
[rows 0 to 18 of 53, columns 43 to 85 of 131]
-9999 -9999 -9999 -9999 -9999 -9999 -9999 -9999 -9999 -9999 -9999 -9999 -9999 -9999 -9999 -9999 -9999 -9999 -9999 -9999 -9999 -9999 -9999 -9999 -9999 -9999 -9999 -9999 -9999 -9999 -9999 -9999 -9999 -9999 -9999 -9999 -9999 -9999 -9999 -9999 -9999 -9999 -9999
-9999 -9999 -9999 -9999 -9999 -9999 -9999 -9999 -9999 -9999 -9999 -9999 -9999 -9999 -9999 -9999 -9999 -9999 -9999 -9999 -9999 -9999 -9999 -9999 -9999 -9999 -9999 -9999 -9999 -9999 -9999 -9999 -9999 -9999 -9999 -9999 -9999 -9999 -9999 -9999 -9999 -9999 -9999
-9999 -9999 -9999 -9999 -9999 -9999 -9999 -9999 -9999 -9999 -9999 -9999 -9999 -9999 -9999 -9999 -9999 -9999 -9999 -9999 -9999 -9999 -9999 -9999 -9999 -9999 -9999 -9999 -9999 -9999 -9999 2.14151805266738e-06 2.11878932532272e-06 -9999 -9999 -9999 -9999 -9999 -9999 -9999 -9999 -9999 -9999
-9999 -9999 -9999 -9999 -9999 -9999 -9999 -9999 -9999 -9999 -9999 -9999 -9999 -9999 -9999 -9999 -9999 -9999 -9999 -9999 -9999 -9999 -9999 -9999 -9999 -9999 -9999 -9999 -9999 -9999 -9999 2.14260626307805e-06 2.12570876101381e-06 -9999 -9999 -9999 -9999 -9999 -9999 -9999 -9999 -9999 -9999
-9999 -9999 -9999 -9999 -9999 -9999 -9999 -9999 -9999 -9999 -9999 -9999 -9999 -9999 -9999 -9999 -9999 -9999 -9999 -9999 -9999 -9999 2.35442553275789e-06 2.34832805290353e-06 2.34345020544424e-06 2.31499598157825e-06 2.28814246838738e-06 2.23781489694375e-06 2.19709295379289e-06 2.17002821045753e-06 2.15394766200916e-06 2.14474039239576e-06 2.12913073482923e-06 2.10325515581644e-06 -9999 -9999 1.74784190676291e-06 1.56182102273306e-06 1.34903052639856e-06 1.12058035028895e-06 8.83556822373066e-07 6.63287778479571e-07 4.77080448035849e-07
-9999 -9999 -9999 -9999 -9999 -9999 -9999 -9999 -9999 -9999 -9999 -9999 -9999 -9999 -9999 -9999 -9999 -9999 2.37888502852002e-06 -9999 2.39098699239548e-06 2.40098870563088e-06 2.3764657726133e-06 2.35442553275789e-06 2.34710864788212e-06 2.34345020544424e-06 2.28654153033858e-06 2.23443544200563e-06 2.19246771848702e-06 2.16437547351234e-06 2.15324143937323e-06 2.14422607314191e-06 2.13675389204582e-06 2.10641223929997e-06 2.06659956347721e-06 1.92230913853564e-06 1.75748084529914e-06 1.56373562276713e-06 1.36424671381974e-06 1.11910935629567e-06 8.78384923908015e-07 6.53176243758935e-07 4.58302167771762e-07
-9999 -9999 -9999 -9999 -9999 -9999 -9999 -9999 -9999 -9999 -9999 -9999 -9999 -9999 2.37155632021313e-06 2.37028052652022e-06 2.36841697187629e-06 2.36098935602058e-06 2.36505889006366e-06 2.37740459851921e-06 2.38036523114715e-06 2.39160681303474e-06 2.40098870563088e-06 2.37398330682481e-06 2.35442553275789e-06 2.34345020544424e-06 2.28654153033858e-06 2.23443544200563e-06 2.19246771848702e-06 2.16437547351234e-06 2.15324143937323e-06 2.14422607314191e-06 2.13675389204582e-06 2.10641223929997e-06 2.06659956347721e-06 1.92230913853564e-06 1.75748084529914e-06 1.56373562276713e-06 1.36424671381974e-06 1.11910935629567e-06 8.78384923908015e-07 6.53176243758935e-07 4.58302167771762e-07
-9999 -9999 -9999 -9999 -9999 -9999 -9999 -9999 -9999 -9999 -9999 -9999 -9999 -9999 2.37839594774414e-06 2.37155632021313e-06 2.36900496020098e-06 -9999 2.34927370001969e-06 2.3535615127912e-06 2.37444419326494e-06 2.38036523114715e-06 2.39346650232619e-06 2.40098870563088e-06 2.36653545471199e-06 2.32289653467888e-06 2.24081577471225e-06 2.16960620491591e-06 2.12134750654513e-06 2.09106883630739e-06 2.08276583180123e-06 2.07478910851933e-06 2.06705021810194e-06 2.0001637039968e-06 1.90878199646249e-06 1.78554603280645e-06 1.6560481981287e-06 1.512756170996e-06 1.35992661398632e-06 1.11891756660043e-06 8.83498046277964e-07 6.67731399062177e-07 4.75859167181625e-07
-9999 -9999 2.55619738709356e-06 -9999 -9999 -9999 -9999 -9999 -9999 -9999 -9999 -9999 -9999 -9999 -9999 -9999 -9999 -9999 2.35605830312124e-06 2.32530874200165e-06 2.33163154916838e-06 2.36852292800904e-06 2.38036523114715e-06 2.39904534282687e-06 2.35541301663034e-06 2.29917600336194e-06 2.19018807001703e-06 2.098580580423e-06 2.04366415346158e-06 2.01104239749839e-06 2.00566933017399e-06 1.99795113076107e-06 1.98852467292454e-06 1.88197998340911e-06 1.7352153918182e-06 1.63532877195394e-06 1.54465726609487e-06 1.45515252825135e-06 1.35209290874627e-06 1.11619760900794e-06 8.87070598309947e-07 6.81741312291706e-07 4.93505638132774e-07
-9999 2.55619738709356e-06 2.54260339715984e-06 2.53052644438867e-06 2.52762583841104e-06 -9999 -9999 -9999 -9999 -9999 -9999 -9999 -9999 -9999 2.38986604017555e-06 2.38540656027908e-06 -9999 -9999 -9999 2.33526770898607e-06 2.27930786422803e-06 2.2946940134716e-06 2.35668085224461e-06 2.35139600590628e-06 2.30340015150432e-06 2.24542054638732e-06 2.14565829992353e-06 2.06180425266211e-06 2.01153375201102e-06 1.9794899799308e-06 1.96972268895479e-06 1.93180494534317e-06 1.87338264368009e-06 1.75940431290655e-06 1.62241838097543e-06 1.54436509092193e-06 1.47789648963226e-06 1.36491598823341e-06 1.24109737953404e-06 1.02822923508938e-06 8.18935575352953e-07 6.22210166056902e-07 4.47853835794376e-07
2.55680652117007e-06 2.54830206358747e-06 2.53632765634393e-06 2.52958693636174e-06 2.52566474046034e-06 2.5253752937715e-06 -9999 -9999 -9999 -9999 -9999 -9999 -9999 -9999 2.38549137066002e-06 2.36427558775176e-06 2.38540656027908e-06 -9999 -9999 2.35114544011594e-06 2.2831015940028e-06 2.20367655856535e-06 2.24964560402441e-06 2.29720399147482e-06 2.24250925384695e-06 2.18168770516058e-06 2.09522454497346e-06 2.02255955628061e-06 1.97902386389615e-06 1.94744620785059e-06 1.9304834495415e-06 1.86220290743222e-06 1.75654304257478e-06 1.63879178671777e-06 1.51603296671965e-06 1.45337264711998e-06 1.40252632263582e-06 1.26991562865442e-06 1.12932912088581e-06 9.40409051963798e-07 7.52215896682173e-07 5.66578705729626e-07 4.07393457635408e-07
2.5445990559092e-06 2.54072119787452e-06 2.5343622382934e-06 2.52958693636174e-06 2.52566474046034e-06 2.52479617302015e-06 2.50658922595903e-06 2.49838740273844e-06 -9999 -9999 -9999 -9999 -9999 -9999 -9999 2.34577282753889e-06 2.34282970268396e-06 2.38540656027908e-06 2.37155632021313e-06 2.35114544011594e-06 2.2831015940028e-06 2.20367655856535e-06 2.20561992136936e-06 2.20791662286501e-06 2.13399744097842e-06 2.0644376945711e-06 2.01312309400237e-06 1.97007511815173e-06 1.94447829926503e-06 1.91276740224566e-06 1.87358443781704e-06 1.77406536749913e-06 1.63059849001002e-06 1.52870916281245e-06 1.44403838930884e-06 1.36222661240026e-06 1.28097690321738e-06 1.14936233330809e-06 1.0134168633158e-06 8.53384051424655e-07 6.93087713443674e-07 5.31864714048425e-07 3.94778822965236e-07
2.51020196628815e-06 2.51591313826793e-06 2.51693927566521e-06 2.51723963629047e-06 2.51714936894132e-06 2.50781749855378e-06 2.49585741585179e-06 2.49788558903674e-06 -9999 -9999 -9999 -9999 2.46639683609828e-06 2.43002273236925e-06 2.38640677707735e-06 2.33284868045303e-06 2.31806325245998e-06 2.33500054491742e-06 2.32739148486871e-06 2.30815521717886e-06 2.24819314098568e-06 2.17850015360455e-06 2.15358909372299e-06 2.12772965824115e-06 2.04328875952342e-06 1.9697781681316e-06 1.94201129488647e-06 1.91872277355287e-06 1.90488856333104e-06 1.86977354132978e-06 1.80864901722089e-06 1.68898395713768e-06 1.52667905695125e-06 1.43221780035674e-06 1.36585299514991e-06 1.26716781778669e-06 1.16212913781055e-06 1.02965248061082e-06 8.96155654572794e-07 7.62619890792848e-07 6.29245448635629e-07 4.96438303798641e-07 3.83873839382431e-07
2.42033001995878e-06 2.44803595705889e-06 2.46087211053236e-06 2.47402385866735e-06 2.48734545493789e-06 2.49214735958958e-06 2.49452614298207e-06 2.49788558903674e-06 2.50141943070048e-06 2.50694938586093e-06 2.50854009209434e-06 2.49009372055298e-06 2.46639683609828e-06 2.43002273236925e-06 2.38640677707735e-06 2.33284868045303e-06 2.27181362788542e-06 2.20466063183267e-06 2.17281262848701e-06 2.15768750422285e-06 2.1260116227495e-06 2.09038125831285e-06 2.08154506253777e-06 2.07029324883479e-06 1.99708938453114e-06 1.93159621630912e-06 1.89837351172173e-06 1.87020077646594e-06 1.85268856967014e-06 1.80599079158128e-06 1.7236220628547e-06 1.61154298439214e-06 1.47782327530877e-06 1.36970538733294e-06 1.27219016121671e-06 1.16232661184767e-06 1.05003573480644e-06 9.12051120849355e-07 7.75522153162456e-07 6.62507602555706e-07 5.53617837795173e-07 4.59230989235948e-07 3.77243196680865e-07
2.19712842408626e-06 2.24745190280373e-06 2.28643352784275e-06 2.33247237702017e-06 2.3823110950616e-06 2.41204679696239e-06 2.43606518779416e-06 2.45179921876115e-06 2.46628428612894e-06 2.46993636210391e-06 2.46881063503679e-06 2.44337888943846e-06 2.40938447859662e-06 2.35471497944673e-06 2.29325996770058e-06 2.2224896838452e-06 2.13433850149158e-06 2.03196668735472e-06 1.99416149371245e-06 1.98694033315405e-06 1.98342445401067e-06 1.98079419533315e-06 1.99052851712622e-06 1.9968156266259e-06 1.94056178770552e-06 1.88899787190167e-06 1.85706289812515e-06 1.82862186193233e-06 1.80755648671038e-06 1.75717980255286e-06 1.67097869052668e-06 1.57490546826011e-06 1.47164132613398e-06 1.36631899749773e-06 1.26014435863908e-06 1.14234967441007e-06 1.02227068055072e-06 8.77417278388748e-07 7.35117851036193e-07 6.2673007050762e-07 5.25298730735813e-07 4.48326488822204e-07 3.80458658355565e-07
1.78542302364804e-06 1.85924466222787e-06 1.94463973457459e-06 2.05189257940219e-06 2.17091496779176e-06 2.24085374611604e-06 2.29683359975752e-06 2.34055551118217e-06 2.38147435993596e-06 2.38059419643832e-06 2.37291055782407e-06 2.33061768994958e-06 2.27176724365563e-06 2.1729358650191e-06 2.06842105399119e-06 1.95610346054309e-06 1.86788770406565e-06 1.79939138433838e-06 1.78147695351072e-06 1.78752191004605e-06 1.8119877722711e-06 1.84085490673169e-06 1.87268824447528e-06 1.90065816241258e-06 1.86943168500875e-06 1.84015561899287e-06 1.81904249529907e-06 1.7968592374018e-06 1.77241679466533e-06 1.72953605215298e-06 1.66411973623326e-06 1.59595640525367e-06 1.52579218593019e-06 1.44652597100503e-06 1.36349024160154e-06 1.24235509701975e-06 1.11373060462938e-06 9.6008420769067e-07 8.08142942787526e-07 6.81910137245723e-07 5.63865171443467e-07 4.74609379352842e-07 3.97594760670472e-07
1.28539409161021e-06 1.36100152303698e-06 1.46055879213236e-06 1.59627381890459e-06 1.751458171384e-06 1.8549699234427e-06 1.9437859464233e-06 2.01100556296296e-06 2.07362154469592e-06 2.07162952392537e-06 2.06139316105691e-06 2.00921772375295e-06 1.94066433323314e-06 1.83256440777768e-06 1.72539830600726e-06 1.61951425070583e-06 1.55293457737571e-06 1.51851270402403e-06 1.51849008034333e-06 1.53476162267907e-06 1.58277964601439e-06 1.63838285516249e-06 1.71693659467564e-06 1.79218068296905e-06 1.79630387719953e-06 1.79767187091784e-06 1.78750963186758e-06 1.77361857822689e-06 1.75185584794235e-06 1.71763565504079e-06 1.66819017977105e-06 1.61758384820132e-06 1.56613202761946e-06 1.50975745327742e-06 1.45134424656135e-06 1.33298385662783e-06 1.20283937121712e-06 1.030270254887e-06 8.59377905726433e-07 7.20213449767471e-07 5.90525928600982e-07 4.94159792197024e-07 4.11774237818463e-07
7.1098634180089e-07 7.70095084590139e-07 8.56655162806419e-07 9.9325143310125e-07 1.15678994916379e-06 1.28829060486169e-06 1.41067971526354e-06 1.49761604006926e-06 1.57794011101942e-06 1.57771683007013e-06 1.56830037667532e-06 1.51211872889689e-06 1.4466235143118e-06 1.3586393379228e-06 1.28285103073722e-06 1.2238059525771e-06 1.19713683943701e-06 1.19695675948606e-06 1.21314280931983e-06 1.23708116461785e-06 1.30492117023095e-06 1.38325071930012e-06 1.52925929342018e-06 1.67332825640187e-06 1.72149361787888e-06 1.76054288658634e-06 1.76144010310963e-06 1.75755440068315e-06 1.74357171545125e-06 1.71899318957003e-06 1.6814644823171e-06 1.63969673394604e-06 1.5948413647493e-06 1.55869372520101e-06 1.52615234583209e-06 1.41571638323512e-06 1.28996816783911e-06 1.08994572656229e-06 8.92262960405787e-07 7.44304600175383e-07 6.07160643539828e-07 5.0804061402232e-07 4.23463916376932e-07
4.21076236989393e-07 4.53443362857797e-07 5.05131481531862e-07 5.95046401485888e-07 7.05544891843601e-07 8.02900899543602e-07 8.96519225079828e-07 9.64011405812926e-07 1.02661613254895e-06 1.02947024060995e-06 1.0261105671816e-06 9.91141860140488e-07 9.5300271141241e-07 9.07208175249252e-07 8.74389399996289e-07 8.59384670093277e-07 8.63489105995541e-07 8.83228267412051e-07 9.07669800653821e-07 9.34338800107071e-07 1.00643899259012e-06 1.08939411802567e-06 1.2817771448681e-06 1.47585137710848e-06 1.58512409598188e-06 1.67628081726434e-06 1.69162035490444e-06 1.69907843883266e-06 1.6898981129998e-06 1.67527241501375e-06 1.65399148954748e-06 1.61206492066412e-06 1.55510031163431e-06 1.5214342283798e-06 1.49741674704273e-06 1.38568134389061e-06 1.25670271700073e-06 1.04770504094631e-06 8.4307185943544e-07 7.10023414285388e-07 5.86720091177995e-07 4.97681014621776e-07 4.20831923975129e-07
