Ecospace-environmental-drivers/Outputs/ASCII-for-ecospace/MOM6-ISIMIP3a/chl/2008-01_chl_MOM6-ISIMIP3a.asc
NCOLS 131 
NROWS 53 
XLLCORNER -98 
YLLCORNER 23.9265270233154 
CELLSIZE 0.133587792515755 
NODATA_value -9999 
[rows 19 to 37 of 53, columns 43 to 85 of 131]
1.33722778627998e-06 1.42307692385657e-06 1.51916970025923e-06 1.59385081133223e-06 1.65700282650505e-06 1.7143041759482e-06 1.76994149114762e-06 1.86418537850841e-06 1.96224050341698e-06 2.0564998521877e-06 2.14228202821687e-06 2.1849411950825e-06 2.20981542042864e-06 2.19174626181484e-06 2.15738259612408e-06 2.10064808925381e-06 2.05581250156683e-06 2.02071191779396e-06 1.93617847799032e-06 1.82822986971587e-06 1.65303799803951e-06 1.46177956139582e-06 1.29475176890992e-06 1.13461499040568e-06 1.0505458476473e-06 9.80558752416982e-07 9.69506572801038e-07 9.49530885918648e-07 9.10717290025786e-07 8.74482793733478e-07 8.41400606077514e-07 8.19793285700143e-07 8.06544107945228e-07 7.99924862349144e-07 7.96051267570874e-07 7.97843711097812e-07 8.0074988773049e-07 7.98989390204952e-07 7.97426253029698e-07 7.99480346813652e-07 7.9914167372408e-07 7.90390231486526e-07 7.77347395342076e-07
1.09653876734228e-06 1.161562067864e-06 1.23168319987599e-06 1.28589294945414e-06 1.33153503156791e-06 1.36821449814306e-06 1.40234487844282e-06 1.50043240410014e-06 1.6060097323134e-06 1.73705439010519e-06 1.85338399205648e-06 1.89486047474929e-06 1.92609104487929e-06 1.93258188119216e-06 1.92111997421307e-06 1.88501087450277e-06 1.84695397820178e-06 1.80730341980961e-06 1.73217972587736e-06 1.64025311732985e-06 1.45969386267097e-06 1.25795736494183e-06 1.09358518329827e-06 9.38348762247188e-07 8.78720754826645e-07 8.29089685794315e-07 8.21296509911917e-07 8.09043456229119e-07 7.87375029176474e-07 7.64917331252946e-07 7.41494943667931e-07 7.28743771105655e-07 7.23765424481826e-07 7.21821493243624e-07 7.21134142622759e-07 7.25091808817524e-07 7.29962607692869e-07 7.30533940895839e-07 7.30732040210569e-07 7.28839495423017e-07 7.25200209217292e-07 7.15419446351007e-07 7.027866217868e-07
8.48487218263472e-07 8.83263055584393e-07 9.15942962365079e-07 9.42602241593704e-07 9.66019683801278e-07 9.80382878879027e-07 9.92171180769219e-07 1.09240875190153e-06 1.20389472613169e-06 1.37463700866647e-06 1.52413861087553e-06 1.5655923562008e-06 1.60587239861343e-06 1.64331879659585e-06 1.66019879088708e-06 1.64884374953544e-06 1.62079948040628e-06 1.57910051257204e-06 1.51009521687229e-06 1.42815542858443e-06 1.24165683246247e-06 1.03017555375118e-06 8.82531253409979e-07 7.46716466437647e-07 7.19247850611282e-07 6.96252413945331e-07 6.91977504629904e-07 6.86864382259955e-07 6.79981667417451e-07 6.70585734496854e-07 6.58118153751275e-07 6.54474547445716e-07 6.57258112823911e-07 6.56803990750632e-07 6.55008989269845e-07 6.5858097286764e-07 6.63207913476072e-07 6.65433219637634e-07 6.6678370558293e-07 6.60456294099276e-07 6.53621896162804e-07 6.450047180806e-07 6.34329637705378e-07
7.25726181372011e-07 7.45576016925042e-07 7.63173318318877e-07 7.75398973473784e-07 7.84732208103378e-07 7.86513624007057e-07 7.8614721132908e-07 8.53174981330085e-07 9.28882684547716e-07 1.05268861716468e-06 1.16738749511569e-06 1.23575989618985e-06 1.29890486277873e-06 1.34942763452273e-06 1.3819055766362e-06 1.38961070206278e-06 1.37318897941441e-06 1.33702747007192e-06 1.27483110645699e-06 1.20030267680704e-06 1.03439458598586e-06 8.46652937980252e-07 7.53970596178988e-07 6.7247157176098e-07 6.58693295463308e-07 6.47130320885481e-07 6.44838678454107e-07 6.42874397271953e-07 6.4160116153289e-07 6.36370202755643e-07 6.26302153250435e-07 6.21662877620111e-07 6.20977800736e-07 6.19047909822257e-07 6.16602505942865e-07 6.13952522598993e-07 6.11262350957986e-07 6.1155355979281e-07 6.11321809174115e-07 6.04902766099258e-07 5.97929044943157e-07 5.89004969242524e-07 5.78493313696526e-07
6.16724207702646e-07 6.23351184003695e-07 6.28264217539254e-07 6.27812084985635e-07 6.24470999355253e-07 6.1526299077741e-07 6.04386400482326e-07 6.36473714621388e-07 6.74200350658793e-07 7.45445788652432e-07 8.20286288671923e-07 9.1341462393757e-07 9.96874973679951e-07 1.05699109553825e-06 1.10273003883776e-06 1.12873124180624e-06 1.12442171484872e-06 1.0953131095448e-06 1.0408376738269e-06 9.74346789917035e-07 8.32954299312405e-07 6.73665283557057e-07 6.36339791526552e-07 6.09112419169833e-07 6.06909736688976e-07 6.05038280809822e-07 6.0455334960352e-07 6.05252580498927e-07 6.08451671268995e-07 6.06421508564381e-07 5.9800026974699e-07 5.91851744502492e-07 5.87358726988896e-07 5.83806524900865e-07 5.80643984449125e-07 5.71823534301075e-07 5.61890885819594e-07 5.59899262952968e-07 5.57784517241089e-07 5.51594837361336e-07 5.44726105999871e-07 5.35469837359415e-07 5.25091479630646e-07
5.75720946471847e-07 5.77778735078027e-07 5.81200879423704e-07 5.80393702875881e-07 5.77309151594818e-07 5.71032728657883e-07 5.63848516321741e-07 5.77323760353465e-07 5.93637366819166e-07 6.29490045866987e-07 6.67337303639215e-07 7.15330884304421e-07 7.5949969868816e-07 7.94433162809582e-07 8.3104544046364e-07 8.69962548222247e-07 8.83802329099126e-07 8.77124477938196e-07 8.44542057620856e-07 7.99689303221385e-07 7.13902409188449e-07 6.18334979662905e-07 5.94347625337832e-07 5.76370098315238e-07 5.74292016608524e-07 5.72683461541601e-07 5.73039983464696e-07 5.73460567920847e-07 5.74016496557306e-07 5.70570705349382e-07 5.62234106382675e-07 5.58927183647029e-07 5.59283762413543e-07 5.55455983430875e-07 5.49895275980816e-07 5.43160524557607e-07 5.36195045697241e-07 5.30721706581971e-07 5.25233190273866e-07 5.19055959102843e-07 5.12444330524886e-07 5.04305489812396e-07 4.95840026815131e-07
5.39552331701998e-07 5.37646997145202e-07 5.39372763341817e-07 5.37781488674227e-07 5.34404136942612e-07 5.30518377672706e-07 5.26488008745218e-07 5.25546283824951e-07 5.2519305882015e-07 5.32192530044995e-07 5.39623329132155e-07 5.49248227343924e-07 5.59414104372991e-07 5.70886300010898e-07 5.96829806909227e-07 6.42640657133597e-07 6.69991152335569e-07 6.82238010085712e-07 6.69804421704612e-07 6.45680188426923e-07 6.07256026796676e-07 5.65415177788964e-07 5.51976711449242e-07 5.41121210062556e-07 5.39459790616093e-07 5.38386871085095e-07 5.39777033736755e-07 5.40369967438892e-07 5.39279938038817e-07 5.34875084667874e-07 5.26418887147884e-07 5.2511870762828e-07 5.29030842244538e-07 5.25634504811023e-07 5.19211482696846e-07 5.14451983235631e-07 5.10019503963122e-07 5.01875547342934e-07 4.93814184210351e-07 4.87902127588313e-07 4.81677773223055e-07 4.74355289270534e-07 4.67496590772498e-07
5.24582105754234e-07 5.21371191553044e-07 5.20499611411651e-07 5.16243119363935e-07 5.10163999933866e-07 5.06297055835603e-07 5.03059254697291e-07 5.06095148011809e-07 5.0988535349461e-07 5.16706052167137e-07 5.22557854765182e-07 5.23480935044063e-07 5.22833090599306e-07 5.1839197112713e-07 5.26905353126494e-07 5.53203562958515e-07 5.73726765651372e-07 5.89525029681681e-07 5.89592502819869e-07 5.82208713240107e-07 5.55004532998282e-07 5.23064613844326e-07 5.07945230765472e-07 4.94881476242881e-07 4.94917287596763e-07 4.95576216508198e-07 4.98842837259872e-07 5.01585475376487e-07 5.03221770031814e-07 4.99859652336454e-07 4.90388458729285e-07 4.87434590468183e-07 4.89227829802985e-07 4.89363344513549e-07 4.8881241809795e-07 4.85543750983197e-07 4.81740812574571e-07 4.74482163781431e-07 4.67360024458685e-07 4.62821475366582e-07 4.57554875765709e-07 4.49728446483277e-07 4.43134183569782e-07
5.11366067712515e-07 5.06821209000918e-07 5.03694252529385e-07 4.97987343806017e-07 4.90891125082271e-07 4.87726310893777e-07 4.85679493067437e-07 4.91376454192505e-07 4.97898213325243e-07 5.05287118812703e-07 5.10664449393516e-07 5.05808941397845e-07 4.97381222430704e-07 4.80327969398786e-07 4.75061938232102e-07 4.85978262076969e-07 4.99570319334453e-07 5.15351530339103e-07 5.22691777860018e-07 5.26033716141683e-07 5.05839182096679e-07 4.80021014936938e-07 4.63744697754009e-07 4.49230924459698e-07 4.50829901410543e-07 4.53094372687701e-07 4.58144143067329e-07 4.62718418248187e-07 4.662889523388e-07 4.63867138478236e-07 4.54121419579678e-07 4.50009537189544e-07 4.5000123805039e-07 4.5200118847788e-07 4.54832814966721e-07 4.52863105238066e-07 4.49949538960936e-07 4.44245074504579e-07 4.38678029013317e-07 4.35463135772807e-07 4.31140392720408e-07 4.22922482812282e-07 4.16492866861518e-07
5.01977240219276e-07 4.9603664820097e-07 4.91400612645521e-07 4.86893668494304e-07 4.82456243844354e-07 4.81484164538415e-07 4.81497693272104e-07 4.86983424252685e-07 4.93155823733105e-07 5.0274297791475e-07 5.10055826907774e-07 5.0579973276399e-07 4.96211669087643e-07 4.73748883678127e-07 4.6266885078694e-07 4.67215869548454e-07 4.73650146659566e-07 4.81628489978903e-07 4.84833947211882e-07 4.8577862798993e-07 4.63407388906489e-07 4.35465238979305e-07 4.19175194110721e-07 4.04865943437471e-07 4.07735399221565e-07 4.11329949656647e-07 4.17959114429323e-07 4.23671338012355e-07 4.27447758966082e-07 4.25742683773933e-07 4.17338100078268e-07 4.13149678024638e-07 4.12032306940091e-07 4.12258458482029e-07 4.13041050251195e-07 4.11951674550437e-07 4.10494351399393e-07 4.07803440793941e-07 4.05135239134324e-07 4.03135231863416e-07 3.9972599097382e-07 3.91361936635803e-07 3.84879172088404e-07
4.95827293889306e-07 4.90186096158141e-07 4.85753730572469e-07 4.82157815895334e-07 4.79012214782415e-07 4.78693777949957e-07 4.79179334433866e-07 4.83692701891414e-07 4.88806904286321e-07 4.99011775900726e-07 5.07322454268433e-07 5.05998059452395e-07 4.96725817811239e-07 4.68262612685066e-07 4.50875802471273e-07 4.4869540261061e-07 4.49440591410166e-07 4.52579371312822e-07 4.53128791377821e-07 4.52451700994061e-07 4.27158170168696e-07 3.95982937106965e-07 3.79999590904845e-07 3.66233933846161e-07 3.69555522183873e-07 3.73572078160578e-07 3.80497112928424e-07 3.86176566280483e-07 3.8922647149775e-07 3.87926462508403e-07 3.81309916974715e-07 3.77924948224972e-07 3.76893837028547e-07 3.76682493197222e-07 3.76810618263335e-07 3.76873259710919e-07 3.76923054545841e-07 3.76722596229229e-07 3.7653489926015e-07 3.76562326209751e-07 3.748578478735e-07 3.67064103556913e-07 3.60836622803618e-07
4.93752111196955e-07 4.9054290229833e-07 4.88469083848031e-07 4.85420571294526e-07 4.8184716661126e-07 4.80245830658532e-07 4.79205368719704e-07 4.81788674733252e-07 4.84952920487558e-07 4.93787126742973e-07 5.01916076700581e-07 5.06457581650466e-07 4.99358293382102e-07 4.64151185042283e-07 4.39837606336368e-07 4.30479303759057e-07 4.27383156420547e-07 4.29410448532508e-07 4.29164202842003e-07 4.2784105858118e-07 3.9868712065072e-07 3.62883497473376e-07 3.47609983464281e-07 3.34814501457004e-07 3.37558645924219e-07 3.40854768410281e-07 3.46460836908591e-07 3.50634735468702e-07 3.51785104157898e-07 3.50498027046342e-07 3.46231814774001e-07 3.44757324910461e-07 3.45316294669828e-07 3.46348571156341e-07 3.47576815329376e-07 3.49133244981203e-07 3.50754163491729e-07 3.52386109625513e-07 3.54152604131741e-07 3.57229680503224e-07 3.58225463514827e-07 3.51903338469128e-07 3.46319097843661e-07
4.92643891902844e-07 4.90848663048382e-07 4.89952753923717e-07 4.86885937789339e-07 4.82650193589507e-07 4.79926939078723e-07 4.77633818718459e-07 4.78296215078444e-07 4.79413017728803e-07 4.84629140373727e-07 4.90292563881667e-07 4.98231429446605e-07 4.93254447064828e-07 4.57090834515839e-07 4.2929059418384e-07 4.12972156027536e-07 4.06052123480549e-07 4.06821641263377e-07 4.04949872745419e-07 4.01826952156625e-07 3.7304556599338e-07 3.38133474997449e-07 3.23311894590006e-07 3.10845507556223e-07 3.12569767402238e-07 3.14759063257952e-07 3.18894592510333e-07 3.21922755119886e-07 3.2261311844195e-07 3.2203479349846e-07 3.19905893775285e-07 3.19836061635215e-07 3.21265986258368e-07 3.2393990068158e-07 3.27129015431638e-07 3.30470925291593e-07 3.33842876898416e-07 3.37103898573332e-07 3.40427163791901e-07 3.44398358720355e-07 3.46392738492796e-07 3.41436475537193e-07 3.36490955987756e-07
4.92260824103141e-07 4.91116111334122e-07 4.90512661599496e-07 4.87003319449286e-07 4.81929305351514e-07 4.78204754017497e-07 4.7486395260421e-07 4.73612374207733e-07 4.72608576274069e-07 4.72521037409024e-07 4.74006128570181e-07 4.83490964597877e-07 4.80598316698888e-07 4.47818763404939e-07 4.19112012650658e-07 3.95996664792619e-07 3.85265934710333e-07 3.84667941943917e-07 3.8054818674027e-07 3.74760304566735e-07 3.4952611827066e-07 3.19645607760322e-07 3.05082579643567e-07 2.92464420681426e-07 2.92836887183512e-07 2.93629597081235e-07 2.96180928671674e-07 2.9833324788342e-07 2.99643204471067e-07 3.00295567967623e-07 3.00144222364906e-07 3.01099618127409e-07 3.02861138834487e-07 3.07475289673675e-07 3.13270788865339e-07 3.18616997674326e-07 3.23874871810403e-07 3.28612514977067e-07 3.33194435597761e-07 3.36443065407366e-07 3.38159765078672e-07 3.34490096065565e-07 3.30179858565316e-07
4.91539026370447e-07 4.91702166982577e-07 4.9231277898798e-07 4.90054105739546e-07 4.86250428366475e-07 4.84252666410612e-07 4.82768484744156e-07 4.78305594242556e-07 4.73512358212247e-07 4.68031174705175e-07 4.6428058908532e-07 4.69333286901019e-07 4.64562390334322e-07 4.36071417198036e-07 4.08598680223804e-07 3.82523921871325e-07 3.68978135156794e-07 3.65683206382528e-07 3.58429645075375e-07 3.49300933066843e-07 3.28346601463636e-07 3.04566725617406e-07 2.91864608925607e-07 2.80712413314177e-07 2.81042730421177e-07 2.81592122064467e-07 2.83058540162529e-07 2.84738689515507e-07 2.86870118770821e-07 2.88498512190927e-07 2.89512030349215e-07 2.91582324507544e-07 2.94422363822378e-07 2.99843549100842e-07 3.06333703292694e-07 3.13307737087598e-07 3.20376898343966e-07 3.2620380352455e-07 3.31629848915327e-07 3.33589412093716e-07 3.34358503550902e-07 3.30941730908307e-07 3.26714825860108e-07
4.906721073894e-07 4.92424703679717e-07 4.94644439186231e-07 4.9436209792475e-07 4.92732453949429e-07 4.93630636810849e-07 4.9524777523402e-07 4.87017643990839e-07 4.77719709124358e-07 4.66806312715562e-07 4.57366923001246e-07 4.55425350764926e-07 4.47078008392054e-07 4.23263230686644e-07 3.97941931851165e-07 3.70552356798726e-07 3.54618236997339e-07 3.48056659049689e-07 3.37289577601041e-07 3.24530418538416e-07 3.08169887830445e-07 2.9094886144776e-07 2.80794353102465e-07 2.71801525286719e-07 2.72650908073047e-07 2.73451291832316e-07 2.74046726644883e-07 2.75427737506106e-07 2.78467183534303e-07 2.80962410670327e-07 2.82792541383969e-07 2.86016188510985e-07 2.90254860146888e-07 2.95997438115592e-07 3.02362849424753e-07 3.10803386582847e-07 3.19651832114687e-07 3.26401959682698e-07 3.32494494159619e-07 3.32922212464837e-07 3.32456551177529e-07 3.28849665720554e-07 3.24469539236816e-07
4.82868529161351e-07 4.8669375019017e-07 4.91724733819865e-07 4.96215136536193e-07 5.00414557791373e-07 5.06019489421305e-07 5.12024257659505e-07 5.04964816627762e-07 4.96308246056287e-07 4.80636288102687e-07 4.65737059585081e-07 4.54768866120503e-07 4.39900958326689e-07 4.15616909776872e-07 3.90202899325232e-07 3.6323760355117e-07 3.4679968052842e-07 3.38974928126845e-07 3.26149034890477e-07 3.10954192173085e-07 2.95782541570588e-07 2.8061646162314e-07 2.73657065008592e-07 2.67784912466595e-07 2.69531511776222e-07 2.71176077148993e-07 2.72393549494154e-07 2.74515059572877e-07 2.78545030596433e-07 2.82018220332247e-07 2.8481090907917e-07 2.89385070573189e-07 2.95256882054673e-07 3.01756784892859e-07 3.08516803215753e-07 3.1704598768556e-07 3.25922968613668e-07 3.30667347725466e-07 3.34624900233393e-07 3.32391294932677e-07 3.29882908545187e-07 3.26408326145611e-07 3.22306306088649e-07
4.73629683028776e-07 4.79627544791583e-07 4.87718466501974e-07 4.97560279200115e-07 5.08344953686901e-07 5.19031345902476e-07 5.29689771155972e-07 5.24822723946272e-07 5.17872308591905e-07 4.97581083891419e-07 4.77269452403561e-07 4.56854081676283e-07 4.34856502806724e-07 4.09038563020658e-07 3.830675439076e-07 3.56886346253305e-07 3.40334509019158e-07 3.316611127957e-07 3.17077393674481e-07 2.99694079330948e-07 2.85006848343983e-07 2.70963823822967e-07 2.67333490455712e-07 2.64780908310058e-07 2.67503025952465e-07 2.70114497880058e-07 2.72262894895903e-07 2.75339971267385e-07 2.80377548733668e-07 2.84851665810493e-07 2.88637124867819e-07 2.94602642725295e-07 3.02156081488647e-07 3.09503491280338e-07 3.1676557910032e-07 3.25098369557963e-07 3.33641622773939e-07 3.3577421731934e-07 3.3701718393786e-07 3.31888571736272e-07 3.2717028375373e-07 3.23894738585295e-07 3.20160040701012e-07
4.66833483869777e-07 4.73229960107346e-07 4.81177835354174e-07 4.91084108489304e-07 5.02044940731139e-07 5.10039285472885e-07 5.17189960191899e-07 5.23330641044595e-07 5.28455018411478e-07 5.0893032721433e-07 4.8886533932091e-07 4.66051915282151e-07 4.41227655301191e-07 4.11548001011397e-07 3.83246458568465e-07 3.56836892478896e-07 3.38584925430041e-07 3.27007285250147e-07 3.09619025529173e-07 2.8947835062354e-07 2.76044971769807e-07 2.64214179424016e-07 2.63213678408647e-07 2.63240650610896e-07 2.6739249392449e-07 2.71529415840632e-07 2.75603866839447e-07 2.80191557067155e-07 2.8586271128006e-07 2.8970740117984e-07 2.91319764755826e-07 2.96881665917681e-07 3.05320355664662e-07 3.13840985199931e-07 3.2239555025626e-07 3.28731772469837e-07 3.34631920395623e-07 3.31755785509813e-07 3.28242862224215e-07 3.21684382242893e-07 3.15952604523773e-07 3.13127429762972e-07 3.10286651483693e-07
