Ecospace-environmental-drivers/Outputs/ASCII-for-ecospace/MOM6-ISIMIP3a/chl/2008-08_chl_MOM6-ISIMIP3a.asc
NCOLS 131 
NROWS 53 
XLLCORNER -98 
YLLCORNER 23.9265270233154 
CELLSIZE 0.133587792515755 
NODATA_value -9999 
[rows 19 to 37 of 53, columns 86 to 128 of 131]
4.25937713544045e-07 3.83185664531993e-07 3.64153606824402e-07 3.49924476950036e-07 3.38803062049919e-07 3.11216723503094e-07 2.7771588406722e-07 2.17714614336728e-07 1.53552250026223e-07 1.10948825238211e-07 7.17991426313347e-08 5.65158586596226e-08 4.42795844435295e-08 4.11841263314727e-08 4.06028988209073e-08 4.41487308933119e-08 5.26184535942775e-08 6.58732801639417e-08 1.13323473271976e-07 1.80368360247485e-07 2.51162219910839e-07 3.23112260502967e-07 3.98477141061448e-07 4.7625508159399e-07 6.45495163098531e-07 7.94434413364797e-07 8.28340375846892e-07 9.03758234471752e-07 1.08667848053301e-06 -9999 -9999 -9999 -9999 -9999 -9999 -9999 -9999 -9999 -9999 -9999 -9999 -9999 -9999
4.02958164613665e-07 3.78466125994237e-07 3.68367864211905e-07 3.6068283293389e-07 3.54559290371981e-07 3.33917625994218e-07 3.0806086215307e-07 2.48437316940908e-07 1.83511730256214e-07 1.32459092583304e-07 8.52453254651664e-08 6.5084201139598e-08 4.85930335969442e-08 4.31114877130767e-08 4.01012059114692e-08 4.11474410100254e-08 4.62387816924092e-08 5.52612071658132e-08 8.48611065862315e-08 1.26252345467037e-07 1.63446884471341e-07 1.99347169882458e-07 2.4438551804451e-07 2.92086753006515e-07 4.11302778502431e-07 5.18058811849187e-07 5.54210942027566e-07 5.7576022527428e-07 5.59492889351532e-07 -9999 -9999 -9999 -9999 -9999 -9999 -9999 -9999 -9999 -9999 -9999 -9999 -9999 -9999
3.86133365282149e-07 3.76188751260997e-07 3.72809125792628e-07 3.69400538602349e-07 3.65973249927265e-07 3.51641205043052e-07 3.33392023321721e-07 2.76065662774272e-07 2.12603424643021e-07 1.53880193920486e-07 9.93056517017976e-08 7.45002779467541e-08 5.39409832356341e-08 4.61195739376308e-08 4.07167526361718e-08 3.9283982289362e-08 4.14064693643468e-08 4.69839989136744e-08 6.39687343095829e-08 8.74900365488429e-08 1.01951073361306e-07 1.13617900865393e-07 1.38370054969528e-07 1.65769620252831e-07 2.42351603674251e-07 3.11336208369539e-07 3.37270705585979e-07 3.84839296430073e-07 -9999 -9999 -9999 -9999 -9999 -9999 -9999 -9999 -9999 -9999 -9999 -9999 -9999 -9999 -9999
3.61725426500925e-07 3.56737956508368e-07 3.56887881025614e-07 3.57308493903474e-07 3.57904326619973e-07 3.48003936778696e-07 3.3433315138609e-07 2.82435280496429e-07 2.24535043003016e-07 1.64235956390257e-07 1.08013054500589e-07 8.14061422715895e-08 5.93627689227105e-08 5.10096889172473e-08 4.46856240898796e-08 4.16921359658318e-08 4.12584206799238e-08 4.33123297227667e-08 5.33544906033967e-08 6.79740921327721e-08 7.71009069922002e-08 8.45337311261574e-08 1.00795567448131e-07 1.18942260485255e-07 1.74774385186538e-07 2.25626990868477e-07 2.48263546609451e-07 2.64507747260723e-07 2.64197808519384e-07 3.0764419989282e-07 -9999 -9999 -9999 -9999 -9999 -9999 -9999 -9999 -9999 -9999 -9999 -9999 -9999
3.35203026224917e-07 3.34173222427125e-07 3.37617706236415e-07 3.41954063287631e-07 3.46867523148831e-07 3.41390830271848e-07 3.32181798512465e-07 2.86105091618083e-07 2.34239450946916e-07 1.73154191429603e-07 1.16019535312262e-07 8.79469297387914e-08 6.47151523480716e-08 5.60055077869492e-08 4.89279479154447e-08 4.45294219275638e-08 4.16581151796436e-08 4.02709829927517e-08 4.39496936621708e-08 5.05312449661233e-08 5.57592372274485e-08 6.05697891842283e-08 6.95834359021319e-08 7.96977701611468e-08 1.17038233327094e-07 1.51803206449586e-07 1.71974349427728e-07 1.82991271913124e-07 1.70301717616894e-07 1.98746164414842e-07 2.39812322888611e-07 -9999 -9999 -9999 -9999 -9999 -9999 -9999 -9999 -9999 -9999 -9999 -9999
2.83415204194171e-07 2.8202455837345e-07 2.88934302261623e-07 2.99181976970431e-07 3.11589474222274e-07 3.12788500878014e-07 3.09961279754134e-07 2.72209888407815e-07 2.28974727178866e-07 1.72397818687386e-07 1.19254821129289e-07 9.16501150527438e-08 6.88286405647887e-08 6.03565339929446e-08 5.34259108064816e-08 4.90255835927655e-08 4.51500419273998e-08 4.17844958633395e-08 4.14552161487336e-08 4.28657749296235e-08 4.5794163128221e-08 4.919064977571e-08 5.64792621560173e-08 6.46759303890576e-08 9.30081256456106e-08 1.20489431765236e-07 1.43149279097088e-07 1.59985177106137e-07 1.61738952897394e-07 2.13046590147314e-07 2.71927831363428e-07 -9999 -9999 -9999 -9999 -9999 -9999 -9999 -9999 -9999 -9999 -9999 -9999
2.32313325909672e-07 2.30758033126222e-07 2.40722897615342e-07 2.56068261705877e-07 2.74895057827962e-07 2.82201881418587e-07 2.85370560959564e-07 2.5616691345931e-07 2.21880199546831e-07 1.70582509895212e-07 1.22133116065015e-07 9.51760625866882e-08 7.28890725554265e-08 6.46119318048477e-08 5.78109897730883e-08 5.34332045276642e-08 4.87177622687796e-08 4.36741878218072e-08 3.98393282807774e-08 3.66970915877118e-08 3.73763917593806e-08 3.92342656141409e-08 4.48296582078456e-08 5.11726341301255e-08 7.11712218048888e-08 9.22523142321552e-08 1.1946730182899e-07 1.75704343519101e-07 3.07099099927655e-07 2.90921860823801e-07 -9999 -9999 -9999 -9999 -9999 -9999 -9999 -9999 -9999 -9999 -9999 -9999 -9999
1.8421900449539e-07 1.83359560423924e-07 1.94581048162945e-07 2.11456494980666e-07 2.3199032739285e-07 2.42914666159777e-07 2.50387103051253e-07 2.30706561410443e-07 2.06762479137979e-07 1.64124045909375e-07 1.23446127986426e-07 9.79249321630959e-08 7.67168870652313e-08 6.84479886103873e-08 6.17011082226782e-08 5.74525955698846e-08 5.26178212112427e-08 4.72133123707863e-08 4.20758361485696e-08 3.70913788572125e-08 3.57431133579666e-08 3.55162548260068e-08 3.95579675682711e-08 4.43277023975952e-08 5.89509276949229e-08 7.75054473933778e-08 1.183363877999e-07 1.83102429218707e-07 3.09852651980691e-07 3.84996724278608e-07 -9999 -9999 -9999 -9999 -9999 -9999 -9999 -9999 -9999 -9999 -9999 -9999 -9999
1.43909787198027e-07 1.43767010740703e-07 1.55319199279802e-07 1.72164078549031e-07 1.92433574852657e-07 2.05420491283803e-07 2.15791402524701e-07 2.04657382596451e-07 1.90146664635904e-07 1.56626171587959e-07 1.24199445394879e-07 1.00675116243565e-07 8.09039519822363e-08 7.23920052791982e-08 6.54705658575949e-08 6.11599091371318e-08 5.61977380186818e-08 5.06024093738233e-08 4.4543810417963e-08 3.82197491433089e-08 3.50799425063997e-08 3.29221734318708e-08 3.54313591799382e-08 3.86516738615228e-08 4.87715539065903e-08 6.45760351858371e-08 1.12591948209229e-07 1.80181828568493e-07 2.98461941383721e-07 3.61524286063286e-07 -9999 -9999 -9999 -9999 -9999 -9999 -9999 -9999 -9999 -9999 -9999 -9999 -9999
1.20586534535505e-07 1.21205857794848e-07 1.31068532027712e-07 1.4447769558501e-07 1.6018159954001e-07 1.71838536289215e-07 1.82041745233619e-07 1.77323485672787e-07 1.7026225407335e-07 1.46860429595108e-07 1.23731638268509e-07 1.03428206443823e-07 8.58748663290498e-08 7.65715810757683e-08 6.89767603034852e-08 6.41863238115548e-08 5.90791522370182e-08 5.36641699966367e-08 4.75168064895115e-08 4.09497751263643e-08 3.65334145158158e-08 3.27803313382447e-08 3.3803161159085e-08 3.55260247886235e-08 4.30451692068345e-08 5.56120305361674e-08 9.67814841601466e-08 1.54747382907772e-07 2.56210654470124e-07 3.20664355513145e-07 -9999 -9999 -9999 -9999 -9999 -9999 -9999 -9999 -9999 -9999 -9999 -9999 -9999
1.03311265320372e-07 1.04139800782832e-07 1.11732759933147e-07 1.2164913698598e-07 1.33068866148278e-07 1.42657171409155e-07 1.51587585150992e-07 1.51477081544726e-07 1.49946998817541e-07 1.35587740146548e-07 1.20889055210682e-07 1.04401976841473e-07 8.96370906389166e-08 8.00386317223456e-08 7.20665624953654e-08 6.6764165751465e-08 6.14938073795201e-08 5.62545743321152e-08 5.02378405542458e-08 4.37755787174865e-08 3.84711036360841e-08 3.35236904902558e-08 3.31070530990019e-08 3.3342690386462e-08 3.85367684430094e-08 4.77824713129849e-08 7.99864565692587e-08 1.26129663158281e-07 2.08370920518064e-07 3.00795477414795e-07 4.08048038025299e-07 -9999 -9999 -9999 -9999 -9999 -9999 -9999 -9999 -9999 -9999 -9999 -9999
9.36448714128346e-08 9.39870119509578e-08 9.85803509934158e-08 1.0493214830376e-07 1.12421751907732e-07 1.19012099730753e-07 1.25279413509816e-07 1.27502090663256e-07 1.29089684719474e-07 1.22419180570432e-07 1.1505883890095e-07 1.03137239193529e-07 9.18786895454105e-08 8.26092545480606e-08 7.46325028444517e-08 6.87776733343526e-08 6.33212380307668e-08 5.82519668057557e-08 5.26418766355619e-08 4.67218868038799e-08 4.10179730181426e-08 3.53806974828785e-08 3.35835963483078e-08 3.23448574590657e-08 3.5560695721415e-08 4.13801437559869e-08 6.19527682488297e-08 9.35070900709434e-08 1.53500423039077e-07 2.47542459419492e-07 3.91163069934919e-07 4.57843270851299e-07 -9999 -9999 -9999 -9999 -9999 -9999 -9999 -9999 -9999 -9999 -9999
8.44956957735121e-08 8.49255812340743e-08 8.76249828252185e-08 9.15283919766807e-08 9.62108543944851e-08 1.00563575244905e-07 1.04797848621274e-07 1.07805462334909e-07 1.10620476334589e-07 1.09068778897381e-07 1.06766144369885e-07 9.92576403291423e-08 9.16012652396603e-08 8.35013125310979e-08 7.61943255156439e-08 7.01889604215467e-08 6.47023270516911e-08 5.97198024365753e-08 5.4554835315912e-08 4.92853224898226e-08 4.35881908344982e-08 3.77591824474166e-08 3.47456250437972e-08 3.21636584033058e-08 3.3862015413888e-08 3.73280002463616e-08 5.08101436480501e-08 7.30220079958599e-08 1.1784101872081e-07 2.01890784978787e-07 3.43064783692171e-07 3.99624070723803e-07 3.82852249458665e-07 3.75124244555991e-07 -9999 -9999 -9999 -9999 -9999 -9999 -9999 -9999 -9999
7.57344409407779e-08 7.66826744325044e-08 7.83174343155224e-08 8.06096096539477e-08 8.33271727174179e-08 8.60125197732486e-08 8.86862991933413e-08 9.13176521066816e-08 9.39423401291606e-08 9.55820098624827e-08 9.66265787383236e-08 9.34168724597839e-08 8.94345504320881e-08 8.31344380003429e-08 7.70030439412039e-08 7.11485839133275e-08 6.57486651789441e-08 6.07904695471007e-08 5.60994806164672e-08 5.1561602987249e-08 4.61759235292902e-08 4.05287750027128e-08 3.64217811466006e-08 3.25949436330575e-08 3.31213954041232e-08 3.50385285230459e-08 4.48358719040698e-08 6.16401507613773e-08 9.65901136851244e-08 1.61940207021871e-07 2.71556189090916e-07 3.38128188559494e-07 3.67396239653317e-07 -9999 -9999 -9999 -9999 -9999 -9999 -9999 -9999 -9999 -9999
6.74568951808396e-08 6.85487364648907e-08 6.97472017918699e-08 7.13295236209888e-08 7.31602156633926e-08 7.50942703575674e-08 7.70654580151131e-08 7.93234988805125e-08 8.16265810499317e-08 8.45605967469965e-08 8.71106280442291e-08 8.68497096462306e-08 8.55920134767985e-08 8.13440550473388e-08 7.66999761481202e-08 7.14056795914075e-08 6.63028458802728e-08 6.13860891007789e-08 5.70498492891147e-08 5.3046257164624e-08 4.81470188162803e-08 4.29715569794098e-08 3.83169442841336e-08 3.38106680430883e-08 3.32235394751024e-08 3.38138832489676e-08 4.10763050240348e-08 5.39784181796676e-08 8.14855027897465e-08 1.37790493681678e-07 2.36028313338466e-07 7.23450170880824e-07 1.54815734276781e-06 1.32122386276023e-06 1.82501878498442e-06 -9999 -9999 -9999 -9999 -9999 -9999 -9999 -9999
5.93866609222005e-08 6.04614953658711e-08 6.1492968939092e-08 6.27517380280551e-08 6.41575894633206e-08 6.57329692899111e-08 6.73692426289563e-08 6.92552362124843e-08 7.11804375441716e-08 7.45957891012949e-08 7.78619551056181e-08 7.99712367438588e-08 8.10312599242025e-08 7.89435858905563e-08 7.59204255018631e-08 7.13616827852093e-08 6.66461090759185e-08 6.17781168443798e-08 5.77455274708427e-08 5.41916378438145e-08 4.98538383908453e-08 4.52742767720338e-08 4.03059665643468e-08 3.5362585748544e-08 3.36868737349505e-08 3.3045598257786e-08 3.82659059994239e-08 4.7911040468307e-08 6.90150585569427e-08 1.20412664728065e-07 2.15921019730558e-07 7.08194363596704e-07 1.54432302679197e-06 1.82501878498442e-06 1.90188552551263e-06 2.20919582716306e-06 -9999 -9999 -9999 -9999 -9999 -9999 -9999
5.56569723642042e-08 5.6275681004081e-08 5.68922544630368e-08 5.76899488180516e-08 5.86048400919026e-08 5.97502918253667e-08 6.09785715255384e-08 6.25456308966932e-08 6.41658814970469e-08 6.73154971764234e-08 7.04870544154801e-08 7.37378655912835e-08 7.61016778483281e-08 7.580456440337e-08 7.42274721687863e-08 7.05493334862695e-08 6.63546657619918e-08 6.16580209111817e-08 5.78167842490984e-08 5.44657119405656e-08 5.0706461252048e-08 4.68213272597495e-08 4.20016128543921e-08 3.71193742410014e-08 3.45025163994706e-08 3.28130482785127e-08 3.63785765955527e-08 4.34152660488962e-08 5.94411346810375e-08 9.79228218511707e-08 1.69102605696025e-07 5.20492960731644e-07 1.11472706976201e-06 1.67144185070356e-06 2.20919582716306e-06 2.2235803953663e-06 -9999 -9999 -9999 -9999 -9999 -9999 -9999
5.28253529807898e-08 5.28970716118238e-08 5.30474579818474e-08 5.33556203663466e-08 5.37658735311197e-08 5.44666605151178e-08 5.52718155688581e-08 5.65309328237618e-08 5.78613317259169e-08 6.05906294026681e-08 6.34998471582549e-08 6.76379769970481e-08 7.10957905880605e-08 7.25127335954312e-08 7.23455286788521e-08 6.9578014461058e-08 6.59319070450692e-08 6.14319759506543e-08 5.77588501471382e-08 5.45595071343996e-08 5.13823472658714e-08 4.82120299238886e-08 4.36365574785214e-08 3.89185537130743e-08 3.53910536432522e-08 3.26913429660181e-08 3.46822339736264e-08 3.92446573016514e-08 5.04665109701818e-08 7.43753005849612e-08 1.16757625789887e-07 2.97112364933128e-07 5.97040582306363e-07 1.2737856422973e-06 2.14096053241519e-06 2.32058459914697e-06 -9999 -9999 -9999 -9999 -9999 -9999 -9999
5.24931991208177e-08 5.24955758862689e-08 5.25683070407013e-08 5.27304884201385e-08 5.29505435054034e-08 5.32715809242745e-08 5.36288951025199e-08 5.43149027976142e-08 5.50525243170341e-08 5.70503964070213e-08 5.92868616422493e-08 6.31840251230642e-08 6.66898358758772e-08 6.90216310772485e-08 6.9740906383231e-08 6.78132821008148e-08 6.47430695721596e-08 6.05624848049047e-08 5.70373615005337e-08 5.38878381917129e-08 5.11327193919442e-08 4.84992384031102e-08 4.4422318268289e-08 4.01823747608887e-08 3.6407175940667e-08 3.32922773793598e-08 3.39189192288814e-08 3.65783243694295e-08 4.45019239236899e-08 6.1370016624096e-08 9.12622439841471e-08 1.98005452034522e-07 3.71351347894233e-07 8.16578790363565e-07 1.3992053027323e-06 1.52748248183343e-06 -9999 -9999 -9999 -9999 -9999 -9999 -9999
