Ecospace-environmental-drivers/Outputs/ASCII-for-ecospace/MOM6-ISIMIP3a/chl/2009-07_chl_MOM6-ISIMIP3a.asc
NCOLS 131 
NROWS 53 
XLLCORNER -98 
YLLCORNER 23.9265270233154 
CELLSIZE 0.133587792515755 
NODATA_value -9999 
[rows 19 to 37 of 53, columns 0 to 42 of 131]
-9999 -9999 -9999 -9999 -9999 -9999 -9999 -9999 1.06388654330658e-06 9.96188987301139e-07 9.88892793429841e-07 9.89929162642511e-07 1.02525518741459e-06 1.11455369733449e-06 1.02889441677689e-06 8.4439767533695e-07 7.10875895038043e-07 6.1236090687089e-07 5.50846607438871e-07 5.03619617120421e-07 4.46741807991202e-07 3.88160970032914e-07 3.43520639489725e-07 3.02073260627367e-07 2.84689917862124e-07 2.71348568503527e-07 2.71113066219186e-07 2.72331050155117e-07 2.76085557970873e-07 2.81870001117568e-07 2.89743212533722e-07 2.99964710848144e-07 3.11616759063327e-07 3.22102607697161e-07 3.32199732611116e-07 3.38159480861577e-07 3.43496509458419e-07 3.41760937772051e-07 3.38979560865482e-07 3.29538409005181e-07 3.19839188023252e-07 3.09421494648632e-07 3.01904918842411e-07
-9999 -9999 -9999 -9999 -9999 -9999 -9999 -9999 1.13781254640344e-06 1.05765809621516e-06 9.96188987301139e-07 9.80560116659035e-07 9.89929162642511e-07 9.71282702266762e-07 8.94053016509133e-07 7.49227353935566e-07 6.40130224383029e-07 5.5556949973834e-07 4.88418891109177e-07 4.27990983098425e-07 3.77439846488414e-07 3.28631671209223e-07 2.93580853849562e-07 2.61211454244403e-07 2.48676656156022e-07 2.39324236872562e-07 2.40290489728068e-07 2.41805338418999e-07 2.44277487126965e-07 2.47746442028074e-07 2.52241051157398e-07 2.58391054330787e-07 2.65549545019894e-07 2.7196165319765e-07 2.78124957731052e-07 2.81221417708366e-07 2.83853438531878e-07 2.80850343870043e-07 2.7706971650332e-07 2.68337402076213e-07 2.58796291063845e-07 2.4700364065211e-07 2.37218472420864e-07
-9999 -9999 -9999 -9999 -9999 -9999 1.70622217865457e-06 1.62991102570231e-06 1.43432100685459e-06 1.13781254640344e-06 1.03897275494091e-06 9.96188987301139e-07 9.55562313720293e-07 8.34547108752304e-07 7.25500512999133e-07 6.30263855327939e-07 5.51697723949474e-07 4.84579857129575e-07 4.24616814598267e-07 3.67416475910431e-07 3.21878758313687e-07 2.78399113540218e-07 2.52947415901872e-07 2.29723696065776e-07 2.2177673031365e-07 2.15906837297553e-07 2.16771653072101e-07 2.17369560573388e-07 2.1750169310053e-07 2.17670191204888e-07 2.17876120700566e-07 2.18954511410629e-07 2.20564416508751e-07 2.21848665660218e-07 2.23024386514226e-07 2.22363965463046e-07 2.2142417321902e-07 2.16925826634906e-07 2.12080081496424e-07 2.05021990495879e-07 1.96930457718736e-07 1.85962093723901e-07 1.75917136857606e-07
-9999 -9999 -9999 -9999 -9999 -9999 1.71598867382272e-06 1.70622217865457e-06 1.55359998643689e-06 1.33964954329713e-06 1.13781254640344e-06 9.82916617431329e-07 8.32956288832065e-07 6.92762228027277e-07 5.79638026465545e-07 4.97748203542869e-07 4.34910731428317e-07 3.8515730693689e-07 3.42486686122356e-07 3.02550972719473e-07 2.72262866474193e-07 2.43677277467214e-07 2.27094375304659e-07 2.11888718126829e-07 2.05969953981366e-07 2.01367498675609e-07 2.01033060420741e-07 2.00408663886265e-07 1.99278289869653e-07 1.97732532569717e-07 1.95759369603365e-07 1.94187052215966e-07 1.92858934155993e-07 1.9130499140374e-07 1.89675787964916e-07 1.8706867876972e-07 1.84312725082236e-07 1.79654932708218e-07 1.74923187046261e-07 1.69720465237333e-07 1.64031789040564e-07 1.56990324740036e-07 1.50471009874309e-07
-9999 -9999 -9999 -9999 1.89930153737805e-06 1.77643005372374e-06 1.730205781314e-06 1.71153817518643e-06 1.70622217865457e-06 1.40097768053238e-06 1.11358576759812e-06 8.94526465344825e-07 6.98805081356113e-07 5.4926289294599e-07 4.3647690972648e-07 3.66101772897309e-07 3.18094009799097e-07 2.85446958514513e-07 2.60391402662208e-07 2.38267205077136e-07 2.23464311943644e-07 2.09953412877439e-07 2.01898714635718e-07 1.9437820242274e-07 1.90313627967953e-07 1.86860006579082e-07 1.85387392548364e-07 1.83669186526458e-07 1.81522381126342e-07 1.78556149421638e-07 1.74746745074117e-07 1.70918838193757e-07 1.67079662105607e-07 1.63055915436416e-07 1.58970649977164e-07 1.54691477405322e-07 1.50382987840203e-07 1.45721287481138e-07 1.41230316330621e-07 1.37826489776671e-07 1.34510102611785e-07 1.3143711896646e-07 1.28556109757483e-07
-9999 -9999 -9999 -9999 2.18513241634355e-06 1.90543778444408e-06 1.82265421244665e-06 1.730205781314e-06 1.69818667927757e-06 1.29067359466717e-06 9.18087664558698e-07 6.79187962759897e-07 4.86156068291166e-07 3.83883673293894e-07 3.09089728034451e-07 2.66001563886675e-07 2.36779712281532e-07 2.17080483366772e-07 2.0213687434989e-07 1.89029591979306e-07 1.80605397304134e-07 1.7300762067407e-07 1.68788460541691e-07 1.64891019949209e-07 1.63058203384026e-07 1.61608127768886e-07 1.61399057674316e-07 1.61094817485719e-07 1.60624509248919e-07 1.59071987582138e-07 1.56405860707309e-07 1.53769178723451e-07 1.51150430838243e-07 1.47829197771898e-07 1.44273784030702e-07 1.40556707606265e-07 1.36816893814284e-07 1.33022183490539e-07 1.29366981127532e-07 1.26600284033884e-07 1.2394191628573e-07 1.21585145507197e-07 1.19396389663962e-07
-9999 -9999 -9999 -9999 -9999 2.18513241634355e-06 1.88375884135894e-06 1.91510275726614e-06 1.61587900038285e-06 1.14095951175841e-06 7.15533417405823e-07 4.79546827136801e-07 3.02928327755581e-07 2.43782579900653e-07 2.02542878469103e-07 1.81963912382344e-07 1.67755445090734e-07 1.57921888899182e-07 1.50813633581492e-07 1.44757734688028e-07 1.4151973459775e-07 1.38779014946522e-07 1.37865995952779e-07 1.37103896236113e-07 1.37265928401575e-07 1.37586184223437e-07 1.38419466111372e-07 1.39299586976449e-07 1.40261448677848e-07 1.40004331683485e-07 1.3849293623025e-07 1.36980489173766e-07 1.35467416839674e-07 1.32925237039672e-07 1.30040035628554e-07 1.27007524497458e-07 1.23955743447368e-07 1.21058121749229e-07 1.1825741097482e-07 1.16073969991248e-07 1.13992840056198e-07 1.12196516965923e-07 1.10538628916856e-07
-9999 -9999 -9999 -9999 -9999 2.08045025829051e-06 2.18513241634355e-06 1.70459441051207e-06 1.20790809887694e-06 8.18443481875875e-07 4.82040434235387e-07 3.48734545241314e-07 2.48704765226648e-07 2.14519019436921e-07 1.87374979532251e-07 1.68355967389289e-07 1.52619506366136e-07 1.39137327437311e-07 1.29882195665232e-07 1.22259280033177e-07 1.18978746854737e-07 1.16464519805959e-07 1.16536412519963e-07 1.1677095557161e-07 1.1788907272603e-07 1.18957146355569e-07 1.19862932024262e-07 1.2092060330815e-07 1.22243292821622e-07 1.22763012200267e-07 1.22456469853205e-07 1.21774533567987e-07 1.20863930419546e-07 1.19436535328532e-07 1.17836883362088e-07 1.16025923091456e-07 1.14185553456991e-07 1.12317025013908e-07 1.10452873514078e-07 1.08616568184061e-07 1.0675844208663e-07 1.04839557479863e-07 1.03004836660148e-07
-9999 -9999 1.86268437118997e-06 1.8855721464206e-06 1.90629407370579e-06 1.97564418158436e-06 2.0805744043173e-06 1.46403397138783e-06 8.38219932575157e-07 5.48955881640723e-07 3.08428155904039e-07 2.54442426239621e-07 2.12341262795235e-07 1.93756392263822e-07 1.74387935203413e-07 1.54115369355168e-07 1.3597683334865e-07 1.19303820156347e-07 1.08757809869076e-07 1.00577658201928e-07 9.80055503418953e-08 9.6423100615084e-08 9.75563594352025e-08 9.88491564157812e-08 1.00975917405322e-07 1.02912039778857e-07 1.04230018393991e-07 1.05646577708285e-07 1.07235138102624e-07 1.08279706978465e-07 1.08764510287074e-07 1.08637493667629e-07 1.08137747645287e-07 1.07568233431721e-07 1.06975456048986e-07 1.06112061359909e-07 1.05209302603271e-07 1.04034540981957e-07 1.02796462897459e-07 1.01155208653836e-07 9.93920679093208e-08 9.72896074813434e-08 9.52507122065072e-08
-9999.000000000000000 -9999 -9999 -9999 1.77477829765849e-06 1.83694407951407e-06 1.77302206338936e-06 1.15790396648663e-06 5.52058850189496e-07 3.95168541444946e-07 2.65466894688871e-07 2.39831877024699e-07 2.14945771404018e-07 1.91541545291329e-07 1.66159196623994e-07 1.38494399948286e-07 1.16046642517631e-07 9.71816689343541e-08 8.72124630291182e-08 8.06782480822221e-08 8.04530486675503e-08 8.1341198665541e-08 8.37026377098482e-08 8.61880877778276e-08 8.94381742000405e-08 9.25046848010425e-08 9.49760021740076e-08 9.71471152411141e-08 9.87943380437173e-08 9.98140023966698e-08 1.00187932616791e-07 1.00014474924137e-07 9.95075666310186e-08 9.92354074469404e-08 9.90414932289241e-08 9.85278347798157e-08 9.79653052013418e-08 9.67526361250748e-08 9.54632426442004e-08 9.36852231347984e-08 9.17377533937724e-08 8.93185756467574e-08 8.70158629595608e-08
-9999 -9999 -9999 -9999 1.60346337452211e-06 1.51174651819019e-06 1.54177496369812e-06 9.58676992013352e-07 3.85748023745691e-07 3.10503509126647e-07 2.4829702738316e-07 2.359946620345e-07 2.17627246001939e-07 1.872587915841e-07 1.55691594727614e-07 1.22741226959988e-07 9.82438947971787e-08 7.95516470475377e-08 7.1063929851789e-08 6.65165700297621e-08 6.8093150673576e-08 7.07504241859169e-08 7.39355670020814e-08 7.72080355204707e-08 8.11118709975744e-08 8.48124699359687e-08 8.78540973303643e-08 9.03439882904422e-08 9.1871051211001e-08 9.27446919263275e-08 9.29459602616589e-08 9.27319163679385e-08 9.22648695222961e-08 9.21500671324793e-08 9.21526677188922e-08 9.17102553898985e-08 9.12003628172897e-08 8.98596752563208e-08 8.84363871023197e-08 8.64869988959072e-08 8.43748111378773e-08 8.18094179066975e-08 7.9351842430242e-08
-9999 -9999 -9999 -9999 1.48672302202613e-06 1.46169952586206e-06 1.43080114867189e-06 8.93943081337056e-07 3.70218486978047e-07 3.12799926405205e-07 2.63574889913798e-07 2.45711163415763e-07 2.20405539153035e-07 1.80374428282448e-07 1.42407316161552e-07 1.06821730128104e-07 8.31176336646422e-08 6.75730973398458e-08 6.17050304185796e-08 5.95734128694403e-08 6.22659754867527e-08 6.58098571193477e-08 6.93098485271548e-08 7.28590023868492e-08 7.68258345829054e-08 8.0536118218788e-08 8.34145552630616e-08 8.56749764466258e-08 8.68569216549986e-08 8.74321344213058e-08 8.73830430236922e-08 8.71357670462203e-08 8.67677485416607e-08 8.66341594019104e-08 8.65787086468117e-08 8.58571738149294e-08 8.5038095676282e-08 8.34560367479753e-08 8.17949583620248e-08 7.96306807160363e-08 7.73784378793607e-08 7.48813135942328e-08 7.24059745493832e-08
-9999 -9999 -9999 -9999 1.46169952586206e-06 1.42429689731216e-06 1.38039013108937e-06 8.79160779732047e-07 3.88600881251477e-07 3.32531300273331e-07 2.82673084939233e-07 2.56589288483156e-07 2.23095597107204e-07 1.74939742692004e-07 1.32062211832817e-07 9.52750482952069e-08 7.28286124740407e-08 6.02305902930311e-08 5.60153345929848e-08 5.50369776419757e-08 5.76734144885904e-08 6.09477481816612e-08 6.42980282350436e-08 6.76772557994809e-08 7.12838996719256e-08 7.46343786772741e-08 7.71542758570831e-08 7.91223513374462e-08 8.01274424588883e-08 8.06840390055186e-08 8.07791593615548e-08 8.07761608712099e-08 8.07133844205055e-08 8.07230975397033e-08 8.07569762173443e-08 8.00208681539516e-08 7.91727714499757e-08 7.7550197374876e-08 7.58615001927865e-08 7.37517069637761e-08 7.1584913996503e-08 6.92594639417621e-08 6.68792026203846e-08
-9999 -9999 -9999 -9999 1.42212888931681e-06 1.38039013108937e-06 9.1259278178768e-07 9.01842724942981e-07 4.32417579077082e-07 3.65339076324744e-07 3.04636557757476e-07 2.68338652631428e-07 2.25719475110964e-07 1.70592315384965e-07 1.23921523709214e-07 8.70080256731853e-08 6.61675585433841e-08 5.63651667562226e-08 5.30775778884163e-08 5.23055980750087e-08 5.40068221255297e-08 5.61444899460639e-08 5.8996629803687e-08 6.18709776745163e-08 6.48000266778581e-08 6.75135822802986e-08 6.95284256835293e-08 7.11569896338915e-08 7.21114332691286e-08 7.28592794985161e-08 7.33945313413642e-08 7.38439567271598e-08 7.42410861676035e-08 7.4515675407838e-08 7.47494155461936e-08 7.41971462048241e-08 7.35301526333387e-08 7.20177197877092e-08 7.04590306099817e-08 6.86057433085807e-08 6.66935378035305e-08 6.46173248242121e-08 6.24167597607084e-08
-9999 -9999 -9999 -9999 1.38039013108937e-06 8.61282444475364e-07 6.34454636383452e-07 4.88977377699484e-07 4.77466755910427e-07 3.99542130935515e-07 3.27855303794422e-07 2.8004410523863e-07 2.27816016717952e-07 1.66848124649732e-07 1.17331033777646e-07 8.10263500738984e-08 6.17540507619196e-08 5.41786597807459e-08 5.13652480549354e-08 5.03906143478616e-08 5.1151502589164e-08 5.22186596185747e-08 5.40934621540146e-08 5.59974679958941e-08 5.79974575032338e-08 5.98755249825444e-08 6.13582855635286e-08 6.26393870106767e-08 6.35685566408029e-08 6.4478214767405e-08 6.53677858508672e-08 6.62197905398898e-08 6.70489228582483e-08 6.76971581015096e-08 6.82850966882143e-08 6.80841765188234e-08 6.77686315952997e-08 6.66767405732571e-08 6.55569678542633e-08 6.42596589273126e-08 6.28813339176304e-08 6.12774968544727e-08 5.94622235894349e-08
-9999 -9999 -9999 -9999 -9999 5.64435595151735e-07 5.17692342327791e-07 5.12543749664474e-07 5.23044093370117e-07 4.34343149890992e-07 3.51612015947467e-07 2.91730771095899e-07 2.2968654889155e-07 1.63362471994333e-07 1.1140493683115e-07 7.60241221087199e-08 5.83037902401884e-08 5.27117052229187e-08 5.01781123318779e-08 4.88255160746576e-08 4.86438764824015e-08 4.86688698231319e-08 4.9360963316758e-08 5.00951387039095e-08 5.10583078039417e-08 5.20157961148016e-08 5.29548742633779e-08 5.38851026021803e-08 5.47998801891936e-08 5.58587309740233e-08 5.70658329479556e-08 5.82990757891366e-08 5.95482454457397e-08 6.06167489536347e-08 6.1625023306533e-08 6.18472384417146e-08 6.19561575376792e-08 6.14178290447853e-08 6.08693682124795e-08 6.02563829943392e-08 5.9531640062005e-08 5.84958144145276e-08 5.71539437999036e-08
-9999 -9999 -9999 -9999 -9999 5.36510867732432e-07 5.41159863587382e-07 5.51555842775997e-07 5.43516136986e-07 4.51541865231775e-07 3.64437397593065e-07 2.95972427011293e-07 2.27325131163525e-07 1.58317064347102e-07 1.05829712993e-07 7.24046458344674e-08 5.63280586618475e-08 5.21654470730937e-08 4.99995707059497e-08 4.86047113668064e-08 4.79349822057884e-08 4.73932217914808e-08 4.73878962736762e-08 4.74213770473852e-08 4.76803165838646e-08 4.79794799446154e-08 4.84090527663739e-08 4.88958953326346e-08 4.94826792873937e-08 5.02574515337528e-08 5.12256548290679e-08 5.22912095846095e-08 5.3416073342305e-08 5.44832410298568e-08 5.55311814309789e-08 5.59794521848289e-08 5.63421593824387e-08 5.63319417778985e-08 5.63204345382928e-08 5.63007240828028e-08 5.62021646999256e-08 5.58841044551173e-08 5.52180523527568e-08
-9999 -9999 -9999 -9999 -9999 5.43179339729249e-07 5.50680454125541e-07 5.59379998321674e-07 5.587938858298e-07 4.65098651147855e-07 3.7500103644561e-07 2.98673711540687e-07 2.24088111622223e-07 1.52948956610999e-07 1.00327085306162e-07 6.90712695927687e-08 5.465741281796e-08 5.18096854307259e-08 5.00297119288007e-08 4.86620379547276e-08 4.75982488978843e-08 4.65880916067363e-08 4.59857609769188e-08 4.54156072748901e-08 4.50391404172024e-08 4.47342358711467e-08 4.46613732663081e-08 4.46856915914395e-08 4.48795987040285e-08 4.52806396822325e-08 4.58948221648825e-08 4.66791156839008e-08 4.75670418609297e-08 4.85456510546101e-08 4.95544902889833e-08 5.01880386138964e-08 5.07692234918977e-08 5.12818516540392e-08 5.18001925797762e-08 5.23549203990115e-08 5.28768673291324e-08 5.33075628084134e-08 5.33592086071621e-08
-9999 -9999 -9999 -9999 -9999 -9999 5.37697701474826e-07 5.41105578122369e-07 5.34138507646276e-07 4.49113798595135e-07 3.65873916052806e-07 2.89465447167458e-07 2.15487744981147e-07 1.46319806049178e-07 9.58980876930582e-08 6.71065762958278e-08 5.40406333016108e-08 5.17741405303696e-08 5.03006241103776e-08 4.91333018715068e-08 4.80960444804168e-08 4.70817376196919e-08 4.63018388074943e-08 4.55447697333966e-08 4.49351489351102e-08 4.43836079000448e-08 4.40203713480969e-08 4.37664446906183e-08 4.37032596778408e-08 4.3796035242849e-08 4.40492904374423e-08 4.44491767837008e-08 4.49383854572716e-08 4.55467770166251e-08 4.61948879149077e-08 4.67005705218071e-08 4.71866989926184e-08 4.76913193381279e-08 4.82243081023626e-08 4.89379345935959e-08 4.96791621173998e-08 5.0497213521794e-08 5.10227984307221e-08
