Ecospace-environmental-drivers/Outputs/ASCII-for-ecospace/MOM6-ISIMIP3a/chl/2009-05_chl_MOM6-ISIMIP3a.asc
NCOLS 131 
NROWS 53 
XLLCORNER -98 
YLLCORNER 23.9265270233154 
CELLSIZE 0.133587792515755 
NODATA_value -9999 
[rows 19 to 37 of 53, columns 86 to 128 of 131]
3.46944034390617e-07 3.56747165142224e-07 3.62953016974643e-07 3.62880598459014e-07 3.58745865014498e-07 3.52672117287511e-07 3.45901810305804e-07 3.33781542849465e-07 3.20821214927491e-07 3.01231011690106e-07 2.79669791325432e-07 2.44193159915085e-07 2.0684225887635e-07 1.63868705271852e-07 1.2428525053565e-07 9.02666030810906e-08 6.729246138093e-08 5.5051508240922e-08 5.52499486161651e-08 6.25764329242884e-08 1.03429904640961e-07 1.5462320845927e-07 2.97859969577985e-07 4.56965722150926e-07 8.36330684705899e-07 1.1907703765246e-06 1.40397321501951e-06 1.58176851527969e-06 1.66787003763602e-06 -9999 -9999 -9999 -9999 -9999 -9999 -9999 -9999 -9999 -9999 -9999 -9999 -9999 -9999
3.40210789318007e-07 3.48398998539778e-07 3.54076945541237e-07 3.54266774138523e-07 3.50905565937865e-07 3.46249464655557e-07 3.41128242098421e-07 3.32586779450139e-07 3.23508317023879e-07 3.07797762388873e-07 2.902527853621e-07 2.59780506439711e-07 2.26375206580087e-07 1.84170971806452e-07 1.43372261618424e-07 1.04880697904264e-07 7.71337411720197e-08 5.98285225805739e-08 5.31912398571421e-08 5.26669126088564e-08 7.27448110637852e-08 9.91764963487185e-08 1.90660202292747e-07 2.94222559205082e-07 5.92863386827958e-07 8.79095409800357e-07 1.09501365841425e-06 1.24413554658531e-06 1.22027631732635e-06 -9999 -9999 -9999 -9999 -9999 -9999 -9999 -9999 -9999 -9999 -9999 -9999 -9999 -9999
3.34324937512065e-07 3.40408632837352e-07 3.44749338410111e-07 3.44626187143149e-07 3.41614679655322e-07 3.38303664193518e-07 3.34885072561519e-07 3.30108974821997e-07 3.25119714261746e-07 3.13121660155957e-07 2.99489443023049e-07 2.7439867267276e-07 2.4534753606531e-07 2.04415641746891e-07 1.62928884606117e-07 1.20531311154082e-07 8.8342687831755e-08 6.60752235148721e-08 5.38752935597131e-08 4.74442742870451e-08 5.16299536457154e-08 5.90898494579051e-08 1.09146746751776e-07 1.67457315569663e-07 3.69231116792434e-07 5.71280793337792e-07 7.74893862853787e-07 9.64112246037985e-07 -9999 -9999 -9999 -9999 -9999 -9999 -9999 -9999 -9999 -9999 -9999 -9999 -9999 -9999 -9999
3.23385819456234e-07 3.28257726778247e-07 3.31250333829303e-07 3.31164329736566e-07 3.29086304873272e-07 3.27964130519831e-07 3.2718529041631e-07 3.24332802392746e-07 3.21154715265948e-07 3.13840416765743e-07 3.04862282973772e-07 2.84061542288327e-07 2.58884625736755e-07 2.20579622123296e-07 1.80366782842611e-07 1.37022269086629e-07 1.02237905252878e-07 7.57723981337222e-08 6.02651866188353e-08 5.10373183715274e-08 4.90976574951674e-08 4.94056990874014e-08 7.77992354983326e-08 1.11896355292629e-07 2.52530895750169e-07 3.9850399957686e-07 5.74727664570673e-07 7.0163446252991e-07 7.00826660704479e-07 7.51996992676141e-07 -9999 -9999 -9999 -9999 -9999 -9999 -9999 -9999 -9999 -9999 -9999 -9999 -9999
3.11076377101926e-07 3.14661122047255e-07 3.16146298473541e-07 3.16019338697515e-07 3.14849245341975e-07 3.16109463938119e-07 3.18242683761127e-07 3.17565508112239e-07 3.16447028581024e-07 3.13744692448381e-07 3.0934924666326e-07 2.92786609179529e-07 2.71484879021955e-07 2.35966197692505e-07 1.97252091993505e-07 1.53292774029978e-07 1.1618529072166e-07 8.57365094475426e-08 6.71436879429166e-08 5.53445858031409e-08 4.82888822261884e-08 4.26960511390462e-08 5.16833900121583e-08 6.39864836671222e-08 1.47796399119215e-07 2.41307589021744e-07 3.89790500321396e-07 4.84316444726574e-07 4.39111346395293e-07 5.16181842158403e-07 5.58468400413403e-07 -9999 -9999 -9999 -9999 -9999 -9999 -9999 -9999 -9999 -9999 -9999 -9999
2.82569715182035e-07 2.8249061756469e-07 2.79852713447326e-07 2.77951215821304e-07 2.76526236575592e-07 2.82292290876285e-07 2.90641509081979e-07 2.98630482120643e-07 3.06562895957541e-07 3.06054772636344e-07 3.04122721672684e-07 2.9232754172881e-07 2.7552584924706e-07 2.43704931790489e-07 2.07708765742609e-07 1.64859002893536e-07 1.27583632547612e-07 9.57255394951062e-08 7.48418642615434e-08 6.02467764565517e-08 5.23315506484323e-08 4.64764084995295e-08 4.82158917236575e-08 5.19421874400905e-08 1.04771139319837e-07 1.69789998949454e-07 3.03882188745774e-07 4.02359859208445e-07 4.08607490953727e-07 4.07226423249085e-07 4.28060360491145e-07 -9999 -9999 -9999 -9999 -9999 -9999 -9999 -9999 -9999 -9999 -9999 -9999
2.50084468689238e-07 2.46698846240179e-07 2.40321895716988e-07 2.36872040204616e-07 2.35316136354413e-07 2.45484415017927e-07 2.59864179952274e-07 2.77038367357818e-07 2.94651329113549e-07 2.97391295589478e-07 2.98791434261148e-07 2.91271589958342e-07 2.78586412605364e-07 2.50405747692639e-07 2.17186723716623e-07 1.75697280724307e-07 1.38459895993037e-07 1.05354700963289e-07 8.23568484520365e-08 6.51507221505199e-08 5.6282505767058e-08 4.99857186753161e-08 4.5801463954831e-08 4.2492999341448e-08 6.75960833973477e-08 1.0645092629602e-07 2.23229235984945e-07 3.21961522331549e-07 3.73960460819944e-07 3.8404505176004e-07 -9999 -9999 -9999 -9999 -9999 -9999 -9999 -9999 -9999 -9999 -9999 -9999 -9999
2.00154346430281e-07 1.95028974303568e-07 1.86596750495482e-07 1.82590113695369e-07 1.81447049385497e-07 1.95563117699749e-07 2.1516051162962e-07 2.43795653886991e-07 2.73849849463659e-07 2.84458991473002e-07 2.93000937290344e-07 2.87598339809847e-07 2.77348163990609e-07 2.52555594215664e-07 2.22373273572885e-07 1.83343772164335e-07 1.47047003906664e-07 1.13405967283597e-07 8.90685711851802e-08 7.00623630223163e-08 5.98313221189528e-08 5.2306567965843e-08 4.80044448636363e-08 4.44226344598064e-08 5.60725084142177e-08 7.89723770822093e-08 1.65619596259603e-07 2.54426026913279e-07 3.4882407362602e-07 4.04788124797051e-07 -9999 -9999 -9999 -9999 -9999 -9999 -9999 -9999 -9999 -9999 -9999 -9999 -9999
1.56207747181725e-07 1.50550775401825e-07 1.41714622259315e-07 1.37806608790925e-07 1.37087326379515e-07 1.53167306393698e-07 1.75281854808418e-07 2.12525733900293e-07 2.52145213153199e-07 2.70483411668465e-07 2.8602991619664e-07 2.82485757452378e-07 2.74432665037239e-07 2.52853169513401e-07 2.25596309633147e-07 1.89020184393485e-07 1.53854017526101e-07 1.20058061270356e-07 9.48383771515182e-08 7.45330979157188e-08 6.32362358032879e-08 5.47175957876789e-08 5.03995529754775e-08 4.66953480326993e-08 4.80036597139133e-08 5.77750824959367e-08 1.15502153619218e-07 1.88174610116221e-07 2.9955074865029e-07 3.48713740550011e-07 -9999 -9999 -9999 -9999 -9999 -9999 -9999 -9999 -9999 -9999 -9999 -9999 -9999
1.25316276466947e-07 1.21763761740112e-07 1.16126656735105e-07 1.13747212537874e-07 1.13475643104266e-07 1.27190986631831e-07 1.45930656003657e-07 1.85560239174265e-07 2.28469943408527e-07 2.54231537155647e-07 2.76483206107514e-07 2.74232661467977e-07 2.67857615199318e-07 2.49109291416971e-07 2.24535213533272e-07 1.90398225186073e-07 1.56777119286744e-07 1.23657358130913e-07 9.85530874686447e-08 7.80418645263126e-08 6.63271819689726e-08 5.73253693403331e-08 5.32138635378487e-08 4.97166077195743e-08 4.74725290189326e-08 5.02825834303167e-08 8.17315353174308e-08 1.247248206937e-07 1.9761412772823e-07 2.51101567982914e-07 -9999 -9999 -9999 -9999 -9999 -9999 -9999 -9999 -9999 -9999 -9999 -9999 -9999
1.05853928289434e-07 1.03882356938811e-07 1.00688431814433e-07 9.9389609431455e-08 9.93170132801424e-08 1.09512349411034e-07 1.23396091566974e-07 1.62076815968248e-07 2.04651115609522e-07 2.36919859730733e-07 2.65108013763893e-07 2.64309335307189e-07 2.5963632310777e-07 2.43340736005848e-07 2.21087233853723e-07 1.89053935173433e-07 1.57047097104623e-07 1.25065980682848e-07 1.00633087640745e-07 8.05254956048884e-08 6.88076440269469e-08 5.96772053995664e-08 5.55332633211947e-08 5.19779099761308e-08 4.79771493644421e-08 4.64205953676355e-08 5.87139545871196e-08 8.02681441314235e-08 1.25804874073765e-07 1.77897675257555e-07 2.39536802837392e-07 -9999 -9999 -9999 -9999 -9999 -9999 -9999 -9999 -9999 -9999 -9999 -9999
1.00770357391866e-07 9.97210847231145e-08 9.801941303067e-08 9.72376383856499e-08 9.70510924958035e-08 1.02272892377187e-07 1.09437451101257e-07 1.42974101891014e-07 1.80651667847087e-07 2.18274834651311e-07 2.51432453524103e-07 2.52284650059664e-07 2.49343969471738e-07 2.35024941730444e-07 2.14636358464304e-07 1.84284729698447e-07 1.53979229366996e-07 1.23718550071317e-07 1.00656492918461e-07 8.17194063529314e-08 7.05200591255561e-08 6.17070554653765e-08 5.72300322687624e-08 5.3283123691017e-08 4.97848304803483e-08 4.71260825918307e-08 4.92245639804878e-08 5.97063802842968e-08 9.18982934194901e-08 1.45177551758024e-07 2.29162225195978e-07 2.68154650484576e-07 -9999 -9999 -9999 -9999 -9999 -9999 -9999 -9999 -9999 -9999 -9999
9.8844800788811e-08 9.82672077043389e-08 9.73487601640954e-08 9.66962829807017e-08 9.62159063533363e-08 9.83060601811303e-08 1.01319592715754e-07 1.28152805700665e-07 1.58726180643498e-07 1.99596129846213e-07 2.36013789844947e-07 2.39683430436344e-07 2.38938412167045e-07 2.24949744165315e-07 2.0507783915491e-07 1.75548763081679e-07 1.46869581385545e-07 1.19016370092595e-07 9.80835963559912e-08 8.11163900493739e-08 7.10506284917756e-08 6.31132905937193e-08 5.86806088165304e-08 5.46829248548875e-08 5.1345530494018e-08 4.80560622406756e-08 4.50381527627997e-08 4.87260116699417e-08 6.977963096233e-08 1.193151319967e-07 2.10323321425676e-07 2.49733716373157e-07 2.44426985318569e-07 2.41981808812852e-07 -9999 -9999 -9999 -9999 -9999 -9999 -9999 -9999 -9999
9.92877815519932e-08 9.88439126103913e-08 9.81768977226238e-08 9.73628999645371e-08 9.64537889558414e-08 9.67937410223385e-08 9.75823724047586e-08 1.16542629768901e-07 1.38356185175326e-07 1.80892172352287e-07 2.1928778437541e-07 2.26649831347459e-07 2.28448016059701e-07 2.13554983474751e-07 1.93188554931112e-07 1.63837668765154e-07 1.36728573352229e-07 1.11798087232273e-07 9.35634432153165e-08 7.91656660226181e-08 7.06948029005616e-08 6.40518038608207e-08 5.99465366235563e-08 5.61536666054963e-08 5.27209920164751e-08 4.91544120961862e-08 4.48290258248107e-08 4.49317916206837e-08 5.6502027945271e-08 9.85960753041581e-08 1.8513608779358e-07 2.30276000934282e-07 2.39536603885426e-07 -9999 -9999 -9999 -9999 -9999 -9999 -9999 -9999 -9999 -9999
9.99021807501776e-08 9.93301654261813e-08 9.84490000632832e-08 9.74411875631631e-08 9.63514210639005e-08 9.59047739002017e-08 9.56891383907532e-08 1.08882119320697e-07 1.24180502325544e-07 1.65241090144264e-07 2.02753170697179e-07 2.1325163857e-07 2.17189466411583e-07 2.01445857328508e-07 1.80533163529617e-07 1.51135523651647e-07 1.25402294770538e-07 1.03230163972512e-07 8.7696683692684e-08 7.59672857952864e-08 6.92148915959478e-08 6.39974189198256e-08 6.03862488901541e-08 5.69703502151242e-08 5.36695772268558e-08 5.02075252484246e-08 4.58316122831093e-08 4.41818386320847e-08 4.95918968113074e-08 8.53338448791874e-08 1.65242312277769e-07 4.07423527803985e-07 7.90238004810817e-07 6.83743394347402e-07 9.18752164125181e-07 -9999 -9999 -9999 -9999 -9999 -9999 -9999 -9999
1.00590035856385e-07 9.97776510303083e-08 9.84827934757959e-08 9.726732486115e-08 9.61032284862995e-08 9.5282956635856e-08 9.45861984291696e-08 1.02914341937321e-07 1.12659570561391e-07 1.50898415540723e-07 1.86300582072363e-07 1.99697183234093e-07 2.05601722313986e-07 1.89030558317427e-07 1.67549416119073e-07 1.38008630301556e-07 1.13568020765342e-07 9.40838162932778e-08 8.12527929383577e-08 7.22341866321585e-08 6.72532323164887e-08 6.35174970398111e-08 6.04718692898132e-08 5.75067176100674e-08 5.44352047882057e-08 5.12412547948315e-08 4.73535060052654e-08 4.47365913203157e-08 4.54107222935818e-08 7.52674509385542e-08 1.47617186030402e-07 3.92339046584311e-07 7.86446776146477e-07 9.18752164125181e-07 1.02424837677972e-06 1.24933876577416e-06 -9999 -9999 -9999 -9999 -9999 -9999 -9999
1.0127687488648e-07 1.00324996310519e-07 9.87745849556632e-08 9.73720872821104e-08 9.60652997150646e-08 9.49212477507899e-08 9.38356521373862e-08 9.95179547658154e-08 1.06262952215275e-07 1.40081340305187e-07 1.71799825920971e-07 1.86917262112729e-07 1.94323476421232e-07 1.78596593514158e-07 1.58195817334672e-07 1.30122998598381e-07 1.07111084446387e-07 8.90174405299149e-08 7.74351462951017e-08 6.95839972308931e-08 6.54702532187912e-08 6.25091374217845e-08 5.9962147247461e-08 5.74623975069244e-08 5.48508367614886e-08 5.21441378964482e-08 4.88983395996456e-08 4.61268001572535e-08 4.45834373863363e-08 6.39078265862736e-08 1.1361790797082e-07 2.9098873710609e-07 5.78996491640282e-07 9.04654143596417e-07 1.24933876577416e-06 1.26231441299751e-06 -9999 -9999 -9999 -9999 -9999 -9999 -9999
1.01963500753754e-07 1.00892997068058e-07 9.91197453004133e-08 9.75344889297958e-08 9.6070870370113e-08 9.4613348267103e-08 9.31580146357192e-08 9.66535935731372e-08 1.00926563106896e-07 1.29993708242182e-07 1.57702913838875e-07 1.74297596799988e-07 1.83109278850679e-07 1.68572569236858e-07 1.49593319065389e-07 1.23321783007668e-07 1.01766723048513e-07 8.47952179583444e-08 7.41608658927362e-08 6.71578561650676e-08 6.37242436596352e-08 6.13914465930065e-08 5.9329249069151e-08 5.7297938838019e-08 5.51940573245702e-08 5.30199493198324e-08 5.0447916066787e-08 4.76898627255196e-08 4.44500791729752e-08 5.22806296032741e-08 7.62307834634157e-08 1.71789949376944e-07 3.29408891275307e-07 7.15426494934945e-07 1.21686855436565e-06 1.3207358051659e-06 -9999 -9999 -9999 -9999 -9999 -9999 -9999
9.89379387306144e-08 9.90443851378586e-08 9.85874635262007e-08 9.7503416895961e-08 9.6013586414756e-08 9.45911224903284e-08 9.31928667569082e-08 9.55692271986663e-08 9.85382797580314e-08 1.23519399153338e-07 1.47548902873496e-07 1.63548406817426e-07 1.72185536939651e-07 1.58736085609235e-07 1.41345779525182e-07 1.17486663953059e-07 9.77971055249327e-08 8.21595875777348e-08 7.22076549664052e-08 6.55136958016556e-08 6.22859204213455e-08 6.01271281652771e-08 5.84926169722166e-08 5.69217668555666e-08 5.53851968732033e-08 5.37447419901582e-08 5.15156131086769e-08 4.89875020548425e-08 4.56851161345639e-08 5.07769044588713e-08 6.80915093198564e-08 1.35612253870931e-07 2.46644020762687e-07 4.95346284878906e-07 8.13622193618357e-07 8.83733093814953e-07 -9999 -9999 -9999 -9999 -9999 -9999 -9999
