Ecospace-environmental-drivers/Outputs/ASCII-for-ecospace/MOM6-ISIMIP3a/chl/2010-03_chl_MOM6-ISIMIP3a.asc
NCOLS 131 
NROWS 53 
XLLCORNER -98 
YLLCORNER 23.9265270233154 
CELLSIZE 0.133587792515755 
NODATA_value -9999 
[rows 19 to 37 of 53, columns 43 to 85 of 131]
1.78953746399202e-06 1.82776352630754e-06 1.8494102960176e-06 1.88043156867934e-06 1.91650042324909e-06 1.94566314348776e-06 1.97286180991796e-06 1.95378083844844e-06 1.92888910532929e-06 1.87501234449883e-06 1.82183964625438e-06 1.77224876551918e-06 1.72812701748626e-06 1.69721056408889e-06 1.66892539255059e-06 1.64425262028089e-06 1.62721698870882e-06 1.61642981311161e-06 1.61720697633427e-06 1.62346191245888e-06 1.67358587077615e-06 1.73419175553136e-06 1.78312825482863e-06 1.83226529770764e-06 1.89598915767419e-06 1.95520510715141e-06 1.99555506696925e-06 2.01129751076223e-06 1.97509166355303e-06 1.94357335203676e-06 1.91778417502064e-06 1.92801235243678e-06 1.96447490452556e-06 1.9656365566334e-06 1.95217899090494e-06 1.90773812391853e-06 1.85720648460119e-06 1.75827960902097e-06 1.65915912475612e-06 1.57565682457061e-06 1.49763889112364e-06 1.43890474646469e-06 1.38252755732537e-06
1.5900312746453e-06 1.61226057571184e-06 1.61734715220518e-06 1.65226379067462e-06 1.70324256032472e-06 1.75387390299875e-06 1.80440645181079e-06 1.81617110683874e-06 1.82206417775888e-06 1.77657295807876e-06 1.73157354765863e-06 1.68907604347623e-06 1.65482322245225e-06 1.64047821726854e-06 1.63056301971665e-06 1.62672915848816e-06 1.61568573275872e-06 1.59874355176726e-06 1.60080128353002e-06 1.6118586927405e-06 1.66948416335799e-06 1.7382361647833e-06 1.80002427896397e-06 1.86185604889033e-06 1.93128516912111e-06 1.99025635083672e-06 2.00546151063463e-06 1.99950932255888e-06 1.94889230442641e-06 1.91042272490449e-06 1.88680007795483e-06 1.88159594927129e-06 1.88980777693359e-06 1.86904674137622e-06 1.83628696959204e-06 1.78853099441767e-06 1.73782711954118e-06 1.65810729413352e-06 1.57816737100802e-06 1.50657365338702e-06 1.43926934015326e-06 1.38704672281165e-06 1.33601281504525e-06
1.34802996853978e-06 1.35220852826023e-06 1.34275933305616e-06 1.38637983582157e-06 1.45857586630882e-06 1.53457165197324e-06 1.6116480310302e-06 1.65662436302227e-06 1.69551958606462e-06 1.65894698511693e-06 1.62292246841389e-06 1.58968634877965e-06 1.56824762598262e-06 1.57529484567931e-06 1.58721468324075e-06 1.60582374064688e-06 1.60298861828778e-06 1.58260854732362e-06 1.5923085356917e-06 1.6162567817446e-06 1.67969062658813e-06 1.75255888734682e-06 1.82341921117768e-06 1.89424190466525e-06 1.96652604245173e-06 2.02214414457558e-06 2.00801332539413e-06 1.97788222067175e-06 1.91397339222021e-06 1.87112868843542e-06 1.85402859642636e-06 1.82863277586875e-06 1.79719449988625e-06 1.75174534433609e-06 1.70049383996229e-06 1.65263611506816e-06 1.60544561822462e-06 1.54803899476974e-06 1.49010304539843e-06 1.43069246405503e-06 1.3742344435741e-06 1.3281573956192e-06 1.28323017634102e-06
1.18735476917209e-06 1.1838732234537e-06 1.17705042157468e-06 1.21508048778196e-06 1.27726184473431e-06 1.35298762415914e-06 1.43256545470649e-06 1.48443962189049e-06 1.53083840359614e-06 1.50596952153137e-06 1.48377614550554e-06 1.47519210713654e-06 1.47373748404789e-06 1.48949720824021e-06 1.50551716160408e-06 1.52189420532522e-06 1.52648749462969e-06 1.52143957166118e-06 1.54867473156628e-06 1.59120190801332e-06 1.66286542935268e-06 1.74149056419992e-06 1.80899633051013e-06 1.87480441127263e-06 1.92702100321185e-06 1.9625190361694e-06 1.9280473679828e-06 1.88625074315496e-06 1.82899032097339e-06 1.77897186404152e-06 1.73780460954731e-06 1.69224483670405e-06 1.64348580256046e-06 1.59828937285056e-06 1.55456825723377e-06 1.51574931805953e-06 1.47789387483499e-06 1.43475585900887e-06 1.39115581987426e-06 1.34495405745838e-06 1.30001683373848e-06 1.25952533380769e-06 1.22419135095697e-06
1.03780359950179e-06 1.02838134807826e-06 1.02603246432409e-06 1.05785375126288e-06 1.10807422970538e-06 1.18083755751286e-06 1.26001214084681e-06 1.31514809709188e-06 1.36550977458683e-06 1.35340508222725e-06 1.3457862451105e-06 1.36098594794021e-06 1.37808410727303e-06 1.39976657465013e-06 1.41845623602421e-06 1.43303725508304e-06 1.44554894632165e-06 1.45636761317292e-06 1.50147923250188e-06 1.56283465457818e-06 1.64280788794713e-06 1.72722945990245e-06 1.79151925294718e-06 1.85230976512685e-06 1.88229989817046e-06 1.89613581369485e-06 1.84236500899715e-06 1.78975949438609e-06 1.73961416294333e-06 1.68208418926952e-06 1.6155289586095e-06 1.55136842749926e-06 1.48895219354017e-06 1.4462220860878e-06 1.41164468914212e-06 1.38191626319895e-06 1.3531412150769e-06 1.32324782953219e-06 1.29296961404179e-06 1.25933615890972e-06 1.22547146474972e-06 1.19079390970001e-06 1.16529179194913e-06
9.68580479820957e-07 9.68396307143848e-07 9.79223159447429e-07 1.01277646535891e-06 1.05856702248275e-06 1.11647887024446e-06 1.17783804398641e-06 1.2096385262339e-06 1.2379080089886e-06 1.25253041005635e-06 1.26559098134749e-06 1.27070666167128e-06 1.27364000945818e-06 1.27130363125616e-06 1.29157183437201e-06 1.34287324726756e-06 1.3723812344324e-06 1.38405857796897e-06 1.44011733027583e-06 1.51719859786681e-06 1.60372860591451e-06 1.69251632087253e-06 1.77164974957122e-06 1.84515442924749e-06 1.84638588507369e-06 1.83440045020689e-06 1.76710102550715e-06 1.70194152815384e-06 1.64129971835791e-06 1.57423767177534e-06 1.49932895965321e-06 1.44232467391703e-06 1.39836163270957e-06 1.36296534947178e-06 1.33111677769193e-06 1.29973466300726e-06 1.26844417991379e-06 1.24511166177399e-06 1.22115466183459e-06 1.18821799333091e-06 1.15717512017e-06 1.13279111246811e-06 1.11663280222274e-06
9.03224361081811e-07 9.09850712105253e-07 9.30031262669218e-07 9.63206503001857e-07 1.00337877029233e-06 1.04701155123621e-06 1.09162851913425e-06 1.10560370103485e-06 1.1173572147527e-06 1.15381294563122e-06 1.18402476800838e-06 1.18247464797605e-06 1.17619993034168e-06 1.15851730697614e-06 1.18179491437331e-06 1.26130521493906e-06 1.30576995616138e-06 1.32156128529459e-06 1.38440759656078e-06 1.46954278079647e-06 1.55901170728612e-06 1.64951609349373e-06 1.73271712355927e-06 1.80861957232992e-06 1.78559525920718e-06 1.7529063143229e-06 1.67976986631402e-06 1.6091393035822e-06 1.5437987030964e-06 1.47301523156784e-06 1.39557960210368e-06 1.3459667798088e-06 1.31661954583251e-06 1.28579461033951e-06 1.25435769859905e-06 1.22187975648558e-06 1.18919717806421e-06 1.16962189622427e-06 1.14922477223445e-06 1.11605868369224e-06 1.08659719444404e-06 1.07016103356727e-06 1.06195693660993e-06
8.54824406815169e-07 8.5761666923645e-07 8.70392227625416e-07 8.93937055934657e-07 9.23280708775565e-07 9.55144741965341e-07 9.87725570666953e-07 1.00803470104438e-06 1.02772287391417e-06 1.06455468085187e-06 1.09644793155894e-06 1.10321911961364e-06 1.10947098619363e-06 1.11446922801406e-06 1.14702936571121e-06 1.21742857572826e-06 1.26790632748452e-06 1.30208502469031e-06 1.35348045660066e-06 1.41303110012814e-06 1.48957531109772e-06 1.57017984747654e-06 1.61019772804138e-06 1.64326377216639e-06 1.61572722845449e-06 1.58477507739008e-06 1.53952737491636e-06 1.49448226238746e-06 1.44986438499473e-06 1.40083795940882e-06 1.34642323246226e-06 1.30523301322683e-06 1.27367513869103e-06 1.23530912787828e-06 1.1941235698032e-06 1.16299622732186e-06 1.13384624000901e-06 1.10573500933242e-06 1.07679079519585e-06 1.03933393802436e-06 1.00601448593807e-06 9.87241946859285e-07 9.80898107627581e-07
8.0927992485158e-07 8.07178082595783e-07 8.12988446341478e-07 8.29602754492953e-07 8.52034588660899e-07 8.77443767421937e-07 9.03699685750325e-07 9.30327644255158e-07 9.5734628757782e-07 9.93882963484793e-07 1.02629189768777e-06 1.03770332771091e-06 1.05110063941538e-06 1.06929314824811e-06 1.10363907879218e-06 1.16016144602327e-06 1.20806021186581e-06 1.24890334518568e-06 1.28971282720158e-06 1.3305063930602e-06 1.3912951999373e-06 1.45686158248282e-06 1.46861225402972e-06 1.4746091210327e-06 1.45066996992682e-06 1.42759404297976e-06 1.40813028792763e-06 1.38636448809848e-06 1.35973846226989e-06 1.32922104967292e-06 1.29394766190671e-06 1.26085546980903e-06 1.22935205126851e-06 1.18816899430385e-06 1.14297722575429e-06 1.11059853225015e-06 1.08073857063573e-06 1.04033892966982e-06 9.99683038571675e-07 9.60336251409899e-07 9.27407143080927e-07 9.17043280423968e-07 9.20736511034193e-07
7.69965595281974e-07 7.60656860165909e-07 7.60461659865541e-07 7.76036188199214e-07 8.00102100129152e-07 8.30650549232814e-07 8.63042657783808e-07 8.95956134172593e-07 9.28987617498933e-07 9.63764478001394e-07 9.9414558007993e-07 1.00216584542068e-06 1.01096759408392e-06 1.02165620319283e-06 1.04143055068562e-06 1.07367827695271e-06 1.10025132471492e-06 1.12218140202458e-06 1.15429213565221e-06 1.19122512387548e-06 1.23008248920087e-06 1.269399604098e-06 1.28542717447999e-06 1.29875706988969e-06 1.29610896237864e-06 1.294304752264e-06 1.29603267851053e-06 1.29251452563039e-06 1.27792191051412e-06 1.25882718293724e-06 1.23423001241463e-06 1.2085279195162e-06 1.18202103749354e-06 1.14832823783217e-06 1.11165945781977e-06 1.07235189261701e-06 1.03252546068688e-06 9.71650365499954e-07 9.12378141038062e-07 8.76379260716931e-07 8.53109952458908e-07 8.74598526934278e-07 9.06169304926152e-07
7.42868621728121e-07 7.27554947843601e-07 7.22062964086945e-07 7.36470894935337e-07 7.61594037612667e-07 7.95136486431147e-07 8.3107340742572e-07 8.66612936079036e-07 9.01946748399496e-07 9.32824832489132e-07 9.59048293225351e-07 9.6159465101664e-07 9.63395336839312e-07 9.63395564212988e-07 9.69394591265882e-07 9.83629206530168e-07 9.95646473711531e-07 1.00584975371021e-06 1.02990088635124e-06 1.0605114084683e-06 1.08181325231271e-06 1.10089092686394e-06 1.11906570054998e-06 1.13671558210626e-06 1.14763054170908e-06 1.15914849629917e-06 1.17318995762616e-06 1.18213381483656e-06 1.18031596230139e-06 1.17291642709461e-06 1.15869477212982e-06 1.14091119485238e-06 1.12053317025129e-06 1.09347763554979e-06 1.06365678220754e-06 1.01541149888362e-06 9.63544493970403e-07 8.97616189377004e-07 8.35798402931687e-07 8.19222179870849e-07 8.18138460090267e-07 8.7152722016981e-07 9.26189727579185e-07
7.31142051790812e-07 7.11335530922952e-07 7.01438580108515e-07 7.14520353994885e-07 7.3997506433443e-07 7.73812530496798e-07 8.10033952802769e-07 8.43595728383661e-07 8.76563774454553e-07 9.00852057839074e-07 9.20238619528391e-07 9.14690758690995e-07 9.06464094896364e-07 8.917693321564e-07 8.84994847183407e-07 8.89093939804297e-07 8.95072787443496e-07 9.0258970431023e-07 9.19385342967871e-07 9.40576114771829e-07 9.49827892782196e-07 9.56227040660451e-07 9.7386953257228e-07 9.92049194792344e-07 1.00680483683391e-06 1.02164335658017e-06 1.03682930330251e-06 1.05095580238412e-06 1.0628456266204e-06 1.06748404959944e-06 1.06325978777022e-06 1.05405956674076e-06 1.04123500932474e-06 1.019743535835e-06 9.94662968878401e-07 9.34953050091281e-07 8.68435961365321e-07 8.16857038898888e-07 7.72711928220815e-07 7.9578154554838e-07 8.32641831038927e-07 9.17990973903215e-07 9.89724298960937e-07
7.35045375677146e-07 7.11251345819619e-07 6.990612178015e-07 7.1018797598299e-07 7.33869796931685e-07 7.65371453326225e-07 7.99097108483693e-07 8.33973331282323e-07 8.68434369749593e-07 8.88504303020454e-07 9.03284842479479e-07 8.91158947524673e-07 8.77481511452061e-07 8.60057582485751e-07 8.47535602588323e-07 8.41743201362988e-07 8.39233166516351e-07 8.39408755837212e-07 8.45799434046057e-07 8.55134089761123e-07 8.58226940181339e-07 8.59828446664324e-07 8.74518718774198e-07 8.90079377313668e-07 9.05221554603486e-07 9.19697356493998e-07 9.31384022351267e-07 9.44324028750998e-07 9.59909925768443e-07 9.70477685768856e-07 9.7491192718735e-07 9.74306431089644e-07 9.7002987331507e-07 9.52791538111342e-07 9.3018530833433e-07 8.66556263190432e-07 7.94863069586427e-07 7.6430933404481e-07 7.43405621506099e-07 8.01887665602408e-07 8.69276561843435e-07 9.67982259680866e-07 1.04270088741032e-06
7.50671290461469e-07 7.23268783531239e-07 7.10369306489156e-07 7.19069419119478e-07 7.39399922622397e-07 7.66592734180449e-07 7.95737207681668e-07 8.34397155813349e-07 8.73245255661459e-07 8.90875469394814e-07 9.02723229501134e-07 8.85156566710066e-07 8.69460734520544e-07 8.58282191984472e-07 8.45282102091005e-07 8.29781356515014e-07 8.16944634607353e-07 8.06287459909072e-07 7.9991110624178e-07 7.95562414168671e-07 7.9691471910337e-07 7.99629276571068e-07 8.09552261671342e-07 8.20132470380486e-07 8.33070657790813e-07 8.44420924295264e-07 8.49125456170441e-07 8.56102133184322e-07 8.67875428411935e-07 8.79790775343281e-07 8.91879665232409e-07 8.99877193205612e-07 9.04894648101617e-07 8.90926116881019e-07 8.69094947120175e-07 8.07205708497349e-07 7.37442121589993e-07 7.32920454993291e-07 7.3943471079474e-07 8.30154249342741e-07 9.2251002570265e-07 1.02061915185914e-06 1.08775896023872e-06
7.82588358561043e-07 7.56286340219958e-07 7.43116913781705e-07 7.47008016332984e-07 7.6008547011952e-07 7.83435893936257e-07 8.09708012639021e-07 8.51337858875922e-07 8.93734977580607e-07 9.14407848995324e-07 9.28806855426956e-07 9.11291579086537e-07 8.97474365046946e-07 8.92586342615687e-07 8.80881827924895e-07 8.59819181187049e-07 8.38137623304647e-07 8.15949590560194e-07 7.9366134286829e-07 7.71325630921638e-07 7.62113927521568e-07 7.56037991322955e-07 7.6098416457171e-07 7.67208121033036e-07 7.81009077854833e-07 7.93154697475984e-07 7.98372354893218e-07 8.06166667643993e-07 8.19400781892909e-07 8.34226568713348e-07 8.50997821544297e-07 8.61517435168935e-07 8.67483549882309e-07 8.5006109884489e-07 8.22952642920427e-07 7.64837011502095e-07 7.00626117122738e-07 7.11464565483766e-07 7.33255490104057e-07 8.34887885048374e-07 9.36492085656937e-07 1.03799720818643e-06 1.10450423562725e-06
8.21487446955871e-07 7.98304142790585e-07 7.8505297551601e-07 7.83114046498667e-07 7.87266230872774e-07 8.06974298939167e-07 8.31106376608659e-07 8.75357216045813e-07 9.20944330573548e-07 9.47009482388239e-07 9.66310039984819e-07 9.51200036070077e-07 9.40931556669966e-07 9.42353381105931e-07 9.32704608658241e-07 9.07857213405805e-07 8.77965874224174e-07 8.43947702833248e-07 8.04399803655542e-07 7.6223261658015e-07 7.38675282718759e-07 7.19564468454337e-07 7.19444017249771e-07 7.21579226592439e-07 7.37557400043443e-07 7.52178721086239e-07 7.61121725645353e-07 7.72640021295956e-07 7.89594878369826e-07 8.08001004770631e-07 8.28180759526731e-07 8.38616301734874e-07 8.41954374664056e-07 8.18196269847249e-07 7.83216762556549e-07 7.29746261640685e-07 6.72640851462347e-07 6.94265793299564e-07 7.26129826489341e-07 8.29535849788954e-07 9.33651790546719e-07 1.04026401004376e-06 1.10911537376523e-06
8.47451758545503e-07 8.33490162222006e-07 8.2574376847333e-07 8.26061921088694e-07 8.30722456157673e-07 8.4876472783435e-07 8.70612836934015e-07 9.10801986719889e-07 9.52471509663155e-07 9.83422637546028e-07 1.00887791631976e-06 1.0063762374557e-06 1.00590023066616e-06 1.01031537269591e-06 1.00243062206573e-06 9.77659851741919e-07 9.44000248637167e-07 9.0306826905362e-07 8.50268008889543e-07 7.9184604828697e-07 7.47761077946052e-07 7.07101662555942e-07 6.96017764312273e-07 6.88600891862734e-07 7.04984699950728e-07 7.21369985967613e-07 7.37761411073734e-07 7.56845338401035e-07 7.81613152867067e-07 8.06642958650627e-07 8.31992963412631e-07 8.36751041788375e-07 8.26510415663506e-07 7.92016123796202e-07 7.47477656659612e-07 7.01225019383855e-07 6.54635414321092e-07 6.79351614962798e-07 7.12494681920361e-07 8.02162333002343e-07 8.92672915142612e-07 9.86147256298864e-07 1.04714979443088e-06
8.7073982513175e-07 8.67262656356615e-07 8.66177003899793e-07 8.70425424182031e-07 8.77546085575887e-07 8.9433160610497e-07 9.13865846996487e-07 9.48610590967292e-07 9.84892039923579e-07 1.02062438145367e-06 1.05249364423798e-06 1.06471145500109e-06 1.07531980120257e-06 1.08204199023021e-06 1.07586095055012e-06 1.05196545518993e-06 1.01545674624504e-06 9.68628114605963e-07 9.03404611563019e-07 8.29467921903415e-07 7.63576167628344e-07 6.99606630405469e-07 6.76339311667107e-07 6.58239969197894e-07 6.74662942401483e-07 6.92664855250769e-07 7.17275042916299e-07 7.4471938660281e-07 7.78146898028353e-07 8.1043009458881e-07 8.41314772515034e-07 8.39238168737211e-07 8.13153064882499e-07 7.67012181768223e-07 7.12565508820262e-07 6.74063016958826e-07 6.38694814369956e-07 6.64910146497277e-07 6.97512746228313e-07 7.70232645663782e-07 8.43803150019085e-07 9.20364527701167e-07 9.71409235717147e-07
8.92607260993827e-07 8.94740821877349e-07 8.97012228051608e-07 9.01728867575002e-07 9.07762114366051e-07 9.29168152197235e-07 9.54946244746679e-07 9.9600731573446e-07 1.03845184185047e-06 1.07601306353899e-06 1.10998780655791e-06 1.12571899535396e-06 1.13697956294345e-06 1.13744522423076e-06 1.12685904696264e-06 1.10110022433219e-06 1.06370930552657e-06 1.01680109310109e-06 9.49545892581227e-07 8.72652606176416e-07 7.98643554844602e-07 7.25323673123057e-07 6.90820854742924e-07 6.61716796912515e-07 6.7237823486721e-07 6.85971144775976e-07 7.1183262662089e-07 7.43968655569915e-07 7.89350508512143e-07 8.26125415187562e-07 8.52380708238343e-07 8.37405707443395e-07 7.92399134752486e-07 7.41895803457737e-07 6.89116063767869e-07 6.57031876016845e-07 6.29015914910269e-07 6.47082913474151e-07 6.69299197397777e-07 7.15378234872333e-07 7.58866576688888e-07 7.93246101693512e-07 8.16947192561202e-07
