Ecospace-environmental-drivers/Outputs/ASCII-for-ecospace/MOM6-ISIMIP3a/chl/2010-05_chl_MOM6-ISIMIP3a.asc
NCOLS 131 
NROWS 53 
XLLCORNER -98 
YLLCORNER 23.9265270233154 
CELLSIZE 0.133587792515755 
NODATA_value -9999 
[rows 19 to 37 of 53, columns 0 to 42 of 131]
-9999 -9999 -9999 -9999 -9999 -9999 -9999 -9999 1.47729031141353e-06 1.62548440130195e-06 1.62628816724464e-06 1.64206937824929e-06 1.79634139385598e-06 2.05548349185847e-06 1.99419923774258e-06 1.86220256637171e-06 1.75961031345651e-06 1.67721145771793e-06 1.5404566511279e-06 1.38271309424454e-06 1.09123209313111e-06 7.76150557157962e-07 6.63577168324991e-07 5.62735976927797e-07 5.22710308814567e-07 4.85254076920683e-07 4.56128930181876e-07 4.22742033379109e-07 3.81917999447978e-07 3.49309232205997e-07 3.25153791891353e-07 3.06522537130149e-07 2.91256526452344e-07 2.80376895034351e-07 2.70959333192877e-07 2.62554323171571e-07 2.54302648272642e-07 2.4790932684482e-07 2.41593795635708e-07 2.35773654821969e-07 2.28788934464319e-07 2.18562249187926e-07 2.09677850193657e-07
-9999 -9999 -9999 -9999 -9999 -9999 -9999 -9999 1.34110155158851e-06 1.46528509503696e-06 1.62548440130195e-06 1.61131083586952e-06 1.64206937824929e-06 1.69147142514703e-06 1.64811785907659e-06 1.49773893554084e-06 1.38065229293716e-06 1.28642886920716e-06 1.12986458589148e-06 9.49228137869795e-07 7.50220237932808e-07 5.47970273601095e-07 4.82255416045518e-07 4.22978928327211e-07 3.92441847907321e-07 3.63810841008672e-07 3.41360163247373e-07 3.16903395969348e-07 2.88945841475652e-07 2.66654353708873e-07 2.50193068040971e-07 2.35154388406045e-07 2.20982315113361e-07 2.09417322594163e-07 1.9872135226251e-07 1.91298013874075e-07 1.84343065257053e-07 1.79621224560833e-07 1.75236507971022e-07 1.72998738889873e-07 1.69922770965059e-07 1.64513437539426e-07 1.59404748956149e-07
-9999 -9999 -9999 -9999 -9999 -9999 1.22261781143607e-06 1.23725590128743e-06 1.2747268556268e-06 1.34110155158851e-06 1.42926944590727e-06 1.62548440130195e-06 1.56637861437048e-06 1.39031897106179e-06 1.21551408938103e-06 1.0421571232655e-06 9.0695232302096e-07 7.97948359831935e-07 6.7083487920172e-07 5.36728634870087e-07 4.57390228802979e-07 3.87716625027679e-07 3.5702279888028e-07 3.28157028661735e-07 3.07412506117544e-07 2.87805391963047e-07 2.7188630724595e-07 2.55697415241229e-07 2.39037660776376e-07 2.24874753484983e-07 2.1328108346097e-07 1.99971424308387e-07 1.85616400472099e-07 1.73131041947272e-07 1.61268886245125e-07 1.53804492697418e-07 1.46960800861962e-07 1.41908202522245e-07 1.37400107291796e-07 1.36359602720404e-07 1.35175710624935e-07 1.3359270667479e-07 1.31954962512282e-07
-9999 -9999 -9999 -9999 -9999 -9999 1.21913410566776e-06 1.22261781143607e-06 1.25189410482562e-06 1.28329406834382e-06 1.34110155158851e-06 1.32122238483134e-06 1.24698158288084e-06 1.06517427411745e-06 9.0126093255094e-07 7.57994541800144e-07 6.54006157674303e-07 5.76991794787318e-07 4.98518488711852e-07 4.19481779090347e-07 3.73539393194733e-07 3.33437128574587e-07 3.07887802364348e-07 2.83516840227094e-07 2.66309967855705e-07 2.50178032956683e-07 2.3753150912853e-07 2.2510617725402e-07 2.13066869036993e-07 2.02628768875002e-07 1.93838275208691e-07 1.82840366846904e-07 1.70497713725126e-07 1.60170927188119e-07 1.50516115127175e-07 1.4379162394107e-07 1.37488086693338e-07 1.33402295432461e-07 1.29683158434091e-07 1.28299063817394e-07 1.26987316662053e-07 1.25877022583154e-07 1.24765378473057e-07
-9999 -9999 -9999 -9999 1.58323427967844e-06 1.33464595819532e-06 1.21801724617399e-06 1.21676737308007e-06 1.22261781143607e-06 1.28117039821518e-06 1.2882867395092e-06 1.09852749119455e-06 9.15900386644353e-07 7.47385570321057e-07 6.06592266194639e-07 4.97785322295385e-07 4.28179163236564e-07 3.85493962085093e-07 3.5492260508363e-07 3.29028893020222e-07 3.08306795204771e-07 2.88497318479131e-07 2.65862638570979e-07 2.44077369870865e-07 2.29886168767734e-07 2.16743544001474e-07 2.07000795171552e-07 1.9784963001257e-07 1.89730812394373e-07 1.82511925572726e-07 1.76219046466031e-07 1.67536484241282e-07 1.57398133637798e-07 1.49429695284198e-07 1.42184575224746e-07 1.36278686113656e-07 1.30576765400292e-07 1.27498935853509e-07 1.24589604411085e-07 1.22753405662479e-07 1.21154840826421e-07 1.2021780548821e-07 1.1936302257709e-07
-9999 -9999 -9999 -9999 2.15158092942147e-06 1.6286930986098e-06 1.45127455652982e-06 1.21801724617399e-06 1.20966706163017e-06 1.10339249204117e-06 9.88417355074489e-07 8.40140046420856e-07 7.01375711287255e-07 5.81435074309411e-07 4.84857480387291e-07 4.15237167317173e-07 3.69626832252834e-07 3.40505181384287e-07 3.21296596439424e-07 3.0591576205552e-07 2.85019552848098e-07 2.63150042201232e-07 2.44559771545028e-07 2.26755901167053e-07 2.14906734186116e-07 2.03779421781292e-07 1.94992566093788e-07 1.86757333153764e-07 1.79484743512148e-07 1.72732512737639e-07 1.66515732757944e-07 1.59468200422452e-07 1.51914562707134e-07 1.45692396813502e-07 1.3991405012348e-07 1.35134001766346e-07 1.30503380546543e-07 1.27465384025527e-07 1.24551576163867e-07 1.22428701843091e-07 1.20484273224974e-07 1.19036542400863e-07 1.17733783611129e-07
-9999 -9999 -9999 -9999 -9999 2.15158092942147e-06 1.69389966231392e-06 1.6845319805725e-06 1.21130960906157e-06 9.53961261984659e-07 7.26766870684514e-07 6.14989289715595e-07 5.1535567990868e-07 4.39751573821923e-07 3.82792961772793e-07 3.47348333207265e-07 3.22827617083021e-07 3.05808896428061e-07 2.95406096029183e-07 2.87557924139037e-07 2.67064905301595e-07 2.44340498056772e-07 2.29299971010732e-07 2.14930523156909e-07 2.04751202659281e-07 1.95005242176194e-07 1.86664422585636e-07 1.78874444145549e-07 1.72045730550963e-07 1.65458686751663e-07 1.59120347120734e-07 1.5328744495946e-07 1.4776247780901e-07 1.42873901154417e-07 1.38197464139012e-07 1.34178335997603e-07 1.30255443764327e-07 1.27082415701807e-07 1.24004927215537e-07 1.21535990160737e-07 1.19226911010628e-07 1.17362816354216e-07 1.15700949265829e-07
-9999 -9999 -9999 -9999 -9999 2.17973433791485e-06 2.15158092942147e-06 1.72146849308774e-06 1.27693976992305e-06 9.28821577872441e-07 6.32695446256548e-07 5.35572553417296e-07 4.54320485232529e-07 4.04472217496732e-07 3.66977388921441e-07 3.43736502372849e-07 3.27562673874127e-07 3.1624213647774e-07 3.03433665749253e-07 2.9005067858634e-07 2.72492229669297e-07 2.54196919513561e-07 2.40537133322505e-07 2.27204012048787e-07 2.15747093079699e-07 2.04602841336055e-07 1.94472463022066e-07 1.85063854019063e-07 1.76914852545451e-07 1.69171158859172e-07 1.61844553758783e-07 1.55383048650037e-07 1.4944853887755e-07 1.44084097541963e-07 1.38909669544773e-07 1.34051418854142e-07 1.29242167190569e-07 1.25167332498677e-07 1.21228140415042e-07 1.18152684080997e-07 1.1539663091753e-07 1.13529750933594e-07 1.11898486920836e-07
-9999 -9999 2.23335541704728e-06 2.22892708734435e-06 2.22657217818778e-06 2.20792117033852e-06 2.17970091398456e-06 1.77799904577114e-06 1.35688355840102e-06 9.38618711643358e-07 5.87702004395396e-07 4.94565028930083e-07 4.21458906885164e-07 3.87988080774448e-07 3.62871730885672e-07 3.47395143762697e-07 3.35757050606844e-07 3.26754985735533e-07 3.1129772537497e-07 2.93347909519071e-07 2.77275489679596e-07 2.61534353285242e-07 2.48169470751236e-07 2.34880317862007e-07 2.2178869585332e-07 2.08980054594576e-07 1.97088951381374e-07 1.86160903581367e-07 1.76913459881689e-07 1.68382456422478e-07 1.60588669473327e-07 1.53817836689996e-07 1.4767016409678e-07 1.41932758879193e-07 1.36332118927385e-07 1.30837122469529e-07 1.25363214920071e-07 1.20789010793487e-07 1.1639298946875e-07 1.13131648049603e-07 1.10318758572703e-07 1.08754257155397e-07 1.07443241859073e-07
-9999.000000000000000 -9999 -9999 -9999 2.25228791350673e-06 2.24522341341071e-06 2.26241468226362e-06 1.87728142009291e-06 1.46805768963532e-06 1.02464298379346e-06 6.49789683393465e-07 5.37360847374657e-07 4.50068000645842e-07 4.12512349612371e-07 3.84315399060142e-07 3.66916935945483e-07 3.514990964959e-07 3.37441463216237e-07 3.18804950438789e-07 2.98400379961095e-07 2.80653523532237e-07 2.63375653730691e-07 2.47936526420744e-07 2.3252624714587e-07 2.17020783566113e-07 2.01967097268607e-07 1.88378280085999e-07 1.76147153752026e-07 1.66285332170446e-07 1.57772845454929e-07 1.50648787666796e-07 1.44265271728727e-07 1.38332893584447e-07 1.32447070200215e-07 1.26576765069331e-07 1.20886582521962e-07 1.15231813424543e-07 1.11036229100137e-07 1.07066775001385e-07 1.04537342338062e-07 1.02518825428888e-07 1.01922537965038e-07 1.01563706778052e-07
-9999 -9999 -9999 -9999 2.28281669478747e-06 2.30371938414464e-06 2.30624686992087e-06 1.9505034742906e-06 1.57019076141296e-06 1.12287875708716e-06 7.39980464459222e-07 6.03630212481221e-07 4.9654164513413e-07 4.47353812660367e-07 4.09212276508697e-07 3.83816484372801e-07 3.612895511651e-07 3.40732839276825e-07 3.18588405434639e-07 2.95830886898329e-07 2.76983428193489e-07 2.588259917502e-07 2.42366581915121e-07 2.25899356109949e-07 2.09057120059697e-07 1.92731874903984e-07 1.78082885327058e-07 1.65066992963148e-07 1.54901016458098e-07 1.46478654983184e-07 1.39850442337774e-07 1.33932175572227e-07 1.28446416169936e-07 1.22952343417637e-07 1.17455499548669e-07 1.12056476098132e-07 1.06682186640228e-07 1.02866984263983e-07 9.9294531707983e-08 9.7268021193031e-08 9.57907815291037e-08 9.58426014108227e-08 9.61752490979961e-08
-9999 -9999 -9999 -9999 2.30161322178901e-06 2.29950728680706e-06 2.29690681408101e-06 1.99093960873142e-06 1.66094946507656e-06 1.23647782857006e-06 8.65527113091957e-07 6.99431268458284e-07 5.65490438475535e-07 4.95175129344716e-07 4.38453582773946e-07 3.97417039721404e-07 3.63592420171699e-07 3.34720539285627e-07 3.08654676928199e-07 2.83672363821097e-07 2.64446271103225e-07 2.46235998702105e-07 2.3008223593024e-07 2.13896882428344e-07 1.9707296416982e-07 1.80700865826111e-07 1.65793778705847e-07 1.52645199591461e-07 1.4256538349855e-07 1.34323244083134e-07 1.27972043628688e-07 1.22617080933196e-07 1.17869035420881e-07 1.13446283478424e-07 1.09131974568299e-07 1.04635944353504e-07 1.00122576895956e-07 9.6689952044926e-08 9.3477318330315e-08 9.16656190952381e-08 9.04112766875187e-08 9.07084611867504e-08 9.14045941158292e-08
-9999 -9999 -9999 -9999 2.29950728680706e-06 2.29635929827054e-06 2.29266402129724e-06 2.04683783522341e-06 1.77671483925224e-06 1.37338508920948e-06 1.01088357951085e-06 8.04655257979903e-07 6.3446674403167e-07 5.35590913841588e-07 4.57240986406759e-07 4.02574613644902e-07 3.59923944870388e-07 3.25524979416514e-07 2.98101298312758e-07 2.73371028924885e-07 2.54846753477977e-07 2.37417665971407e-07 2.21914206122165e-07 2.06359004550905e-07 1.90021381740735e-07 1.74126526530927e-07 1.59667266075303e-07 1.4688801286411e-07 1.37040530034938e-07 1.29009066540675e-07 1.22846259387188e-07 1.17845353031498e-07 1.1355226803289e-07 1.09705354134348e-07 1.06007163935828e-07 1.01812688058089e-07 9.75540288550292e-08 9.39071966854499e-08 9.04654342548383e-08 8.83296067399897e-08 8.67743494836759e-08 8.68352856286947e-08 8.74688339536078e-08
-9999 -9999 -9999 -9999 2.29617694458284e-06 2.29266402129724e-06 2.11625115298375e-06 2.11433280128404e-06 1.9112355857942e-06 1.52777374751167e-06 1.17109766506474e-06 9.16946419238229e-07 7.03463683748851e-07 5.70452527881571e-07 4.68187863589264e-07 4.01399830707305e-07 3.51776890283872e-07 3.13941967533538e-07 2.87083167904711e-07 2.64462613586147e-07 2.47450515189485e-07 2.31428103347753e-07 2.16833427657548e-07 2.02169630370008e-07 1.86669296908804e-07 1.71644728652609e-07 1.58162762886604e-07 1.46129366385139e-07 1.36623853563833e-07 1.28825902834251e-07 1.22784996392511e-07 1.17981201697148e-07 1.13931037049042e-07 1.1028832602733e-07 1.06781442354986e-07 1.02437439863934e-07 9.79788126187486e-08 9.36701809450824e-08 8.9557580906785e-08 8.66933973497908e-08 8.44443732717082e-08 8.39078424519357e-08 8.41592466827024e-08
-9999 -9999 -9999 -9999 2.29266402129724e-06 2.11475776268344e-06 2.05176093004411e-06 2.01116995413031e-06 1.97513872990385e-06 1.57071121975605e-06 1.19546666610404e-06 9.31921022129245e-07 7.09928428932471e-07 5.7015768106794e-07 4.63360663616186e-07 3.94610111698057e-07 3.44662595352929e-07 3.07627971096736e-07 2.8224761194906e-07 2.61367432585757e-07 2.44718677322453e-07 2.28816645631014e-07 2.14665789144419e-07 2.00581624199003e-07 1.86733785767501e-07 1.73576793827124e-07 1.62659887337213e-07 1.52749421999943e-07 1.44595276196924e-07 1.3767139250831e-07 1.3201342596858e-07 1.26859873716967e-07 1.2201360277686e-07 1.17284955081232e-07 1.12595515133762e-07 1.06988636616734e-07 1.01256595996801e-07 9.57518651034661e-08 9.04860044670386e-08 8.67413447735998e-08 8.36839575413251e-08 8.25397208359391e-08 8.23024066676226e-08
-9999 -9999 -9999 -9999 -9999 2.0036895875819e-06 1.99835471903498e-06 2.02977980734431e-06 2.00877639144892e-06 1.56588328081853e-06 1.16161527330405e-06 9.05187789612683e-07 6.89593264269206e-07 5.54795633433969e-07 4.51773047416282e-07 3.85413954973046e-07 3.37990911702946e-07 3.03572107895889e-07 2.80061811963606e-07 2.60763698634037e-07 2.43985937231628e-07 2.2765296137095e-07 2.13746645272295e-07 2.00108516423825e-07 1.88262532674344e-07 1.77400565348762e-07 1.69729204912983e-07 1.62531847536229e-07 1.56161675590738e-07 1.5038638423448e-07 1.45223211234224e-07 1.39485521799543e-07 1.33397847434935e-07 1.27030332919276e-07 1.20569524142411e-07 1.13222625941489e-07 1.05757116841687e-07 9.88272930158018e-08 9.2201403845138e-08 8.75110970355308e-08 8.35962126188861e-08 8.18398930846342e-08 8.10681797247526e-08
-9999 -9999 -9999 -9999 -9999 1.93153459804307e-06 1.96095334104029e-06 1.95411439563031e-06 1.92376796803728e-06 1.46459967709234e-06 1.05487981727492e-06 8.34427510199021e-07 6.48872116926213e-07 5.32367948835599e-07 4.40473115759232e-07 3.7697350308008e-07 3.32122453983175e-07 3.0007817031219e-07 2.79407515790808e-07 2.63128612232322e-07 2.46808752990546e-07 2.30481674634575e-07 2.15389320601389e-07 2.0097371589145e-07 1.91972304719457e-07 1.84261693902954e-07 1.80736464017173e-07 1.7677518826531e-07 1.72053006508577e-07 1.6749392273141e-07 1.63102654937575e-07 1.57099805164762e-07 1.5011519849395e-07 1.41349715931938e-07 1.31990617546762e-07 1.21308971756662e-07 1.10459886570879e-07 1.01742649860626e-07 9.35146147185151e-08 8.84019542013448e-08 8.41121519101762e-08 8.21130186068331e-08 8.10413212093408e-08
-9999 -9999 -9999 -9999 -9999 1.81099153451214e-06 1.83529584774078e-06 1.8989659338331e-06 1.81421148681693e-06 1.34335937218566e-06 9.33064654873306e-07 7.54557959226076e-07 6.03933074216911e-07 5.08478422034386e-07 4.2923269916173e-07 3.6868945585411e-07 3.26420177998443e-07 2.96700505941772e-07 2.79070064834741e-07 2.66107747393107e-07 2.50367207854651e-07 2.34136422250231e-07 2.1756206081136e-07 2.02115813863202e-07 1.96133328245196e-07 1.91751269085216e-07 1.92558488265604e-07 1.91941495586434e-07 1.88839166526122e-07 1.85510288019941e-07 1.81948266231302e-07 1.75746251329656e-07 1.67935979789036e-07 1.56615470814359e-07 1.44124896905851e-07 1.29778570112649e-07 1.15204500161781e-07 1.04624895413963e-07 9.47446139321073e-08 8.93178579985943e-08 8.47530046144129e-08 8.25874550969274e-08 8.12642682035403e-08
-9999 -9999 -9999 -9999 -9999 -9999 1.63672530106851e-06 1.65280721375893e-06 1.62166247719142e-06 1.25275676055026e-06 9.23589027479466e-07 7.46521550354373e-07 5.9559869214354e-07 4.96408517847158e-07 4.16761281485378e-07 3.59663488325168e-07 3.20747830073742e-07 2.94318596161247e-07 2.7990239459541e-07 2.70124843382291e-07 2.56031256640199e-07 2.41176024928791e-07 2.24467584075683e-07 2.08963740533363e-07 2.03836393097845e-07 2.00621386170496e-07 2.03606973059323e-07 2.04337723630488e-07 2.01133644850415e-07 1.97491488052037e-07 1.93398591363803e-07 1.87339324497771e-07 1.80082167844375e-07 1.67555086250104e-07 1.53271386693632e-07 1.36549132889741e-07 1.19525068953408e-07 1.07395884185735e-07 9.61327728532524e-08 9.03850860822786e-08 8.55988062653523e-08 8.34888709277948e-08 8.21190013766682e-08
