Ecospace-environmental-drivers/Outputs/ASCII-for-ecospace/MOM6-ISIMIP3a/chl/2011_mo07_avg31y_chl_MOM6-ISIMIP3a.asc
NCOLS 131 
NROWS 53 
XLLCORNER -98 
YLLCORNER 23.9265270233154 
CELLSIZE 0.133587792515755 
NODATA_value -9999 
[rows 19 to 37 of 53, columns 86 to 128 of 131]
3.0833739575912e-07 2.95647705313733e-07 2.82485890392631e-07 2.67257883436859e-07 2.50692948837226e-07 2.33092528389989e-07 2.15120148447289e-07 1.95327956475921e-07 1.75250023525289e-07 1.53748592352133e-07 1.32503024753034e-07 1.1318268094794e-07 9.47509494520296e-08 7.89849917370497e-08 6.6362061824249e-08 5.88983411146713e-08 5.65435149884626e-08 5.91535752853874e-08 7.50483415627499e-08 9.85555328816924e-08 1.74044356733079e-07 2.65564460114143e-07 5.3373229311473e-07 8.28006745777085e-07 1.34644980492692e-06 1.81401851716234e-06 1.99331106115654e-06 2.13879328172087e-06 2.19671775055523e-06 -9999 -9999 -9999 -9999 -9999 -9999 -9999 -9999 -9999 -9999 -9999 -9999 -9999 -9999
2.83604697690334e-07 2.74709244255548e-07 2.65154879329085e-07 2.5391990239464e-07 2.41597497448758e-07 2.27980206297447e-07 2.13897777826795e-07 1.97232439756678e-07 1.80161535697167e-07 1.61398260720416e-07 1.42708898691111e-07 1.24642333672902e-07 1.06740327143392e-07 8.93319732738511e-08 7.40777656277157e-08 6.23595355138619e-08 5.52407318454492e-08 5.2591708249987e-08 5.83844107110611e-08 6.90144052587386e-08 1.10029881349485e-07 1.60416321831793e-07 3.50684843400843e-07 5.6326986131969e-07 1.02839927667593e-06 1.46037911558632e-06 1.7045191186533e-06 1.87528000365532e-06 1.85601283423268e-06 -9999 -9999 -9999 -9999 -9999 -9999 -9999 -9999 -9999 -9999 -9999 -9999 -9999 -9999
2.59539417226601e-07 2.5380435611242e-07 2.47320564143145e-07 2.39704398208665e-07 2.31355531836229e-07 2.21648740938279e-07 2.11454160045554e-07 1.98055667464902e-07 1.84154102605076e-07 1.68375452763177e-07 1.525191981313e-07 1.36199119194294e-07 1.19345456929229e-07 1.00891078946483e-07 8.35260368970217e-08 6.79491112838414e-08 5.67949283875226e-08 4.99388207918899e-08 4.93934846858682e-08 5.24643583057769e-08 7.1552736438394e-08 9.55809564255751e-08 2.03722761613694e-07 3.27600502940171e-07 7.09104868644405e-07 1.07999913952441e-06 1.39077192096876e-06 1.64915130452051e-06 -9999 -9999 -9999 -9999 -9999 -9999 -9999 -9999 -9999 -9999 -9999 -9999 -9999 -9999 -9999
2.36116740611138e-07 2.31743975350142e-07 2.26604535623298e-07 2.20892762318074e-07 2.14810662161228e-07 2.08326381521917e-07 2.01697634479608e-07 1.92224965350225e-07 1.82305745095017e-07 1.69690284590821e-07 1.56867640712225e-07 1.4268628142821e-07 1.2771998432336e-07 1.10398929567993e-07 9.31798015950526e-08 7.61279819111986e-08 6.27077051217017e-08 5.28166065435236e-08 4.87918572641518e-08 4.8128652948314e-08 6.01779664665877e-08 7.6147855046594e-08 1.5060881276169e-07 2.35809919204147e-07 4.90922126749454e-07 7.52303287937696e-07 1.04920706181958e-06 1.26301931585761e-06 1.26165151054773e-06 1.27056223675481e-06 -9999 -9999 -9999 -9999 -9999 -9999 -9999 -9999 -9999 -9999 -9999 -9999 -9999
2.1283069379992e-07 2.09635813110165e-07 2.05666832324559e-07 2.01665764345835e-07 1.97643933047732e-07 1.94223392694979e-07 1.91018845644323e-07 1.85475427647288e-07 1.79564767012519e-07 1.70170593602022e-07 1.60439588897486e-07 1.48452822909092e-07 1.35464344659171e-07 1.19470788760164e-07 1.02629678805545e-07 8.43973317898872e-08 6.89522672077615e-08 5.62159163377469e-08 4.90064893038915e-08 4.49641075627208e-08 5.1198254582122e-08 6.06017101447268e-08 1.06021469109362e-07 1.57488621140594e-07 2.8774195287394e-07 4.39689473991269e-07 7.14565732462894e-07 8.83523401651679e-07 7.78186401453974e-07 9.15648060541688e-07 9.57649270334983e-07 -9999 -9999 -9999 -9999 -9999 -9999 -9999 -9999 -9999 -9999 -9999 -9999
1.90983534077033e-07 1.88205903908151e-07 1.84729288897936e-07 1.81419150268788e-07 1.78216731866644e-07 1.76113274615971e-07 1.74404581844468e-07 1.72010575073867e-07 1.6950895832499e-07 1.64068093075611e-07 1.58131767178812e-07 1.4876368547059e-07 1.38180504515342e-07 1.2395212105466e-07 1.08454338441876e-07 9.08728700030605e-08 7.51389131846369e-08 6.1200390475843e-08 5.20410360826234e-08 4.56202482815394e-08 4.73362074985524e-08 5.1561563391682e-08 8.30028646244926e-08 1.18787519290487e-07 2.03771025802039e-07 3.09069551142036e-07 5.29481841597097e-07 6.925479792222e-07 7.07106265497626e-07 6.86737523793571e-07 7.0743143048217e-07 -9999 -9999 -9999 -9999 -9999 -9999 -9999 -9999 -9999 -9999 -9999 -9999
1.69631741599577e-07 1.67305494820143e-07 1.64364015673865e-07 1.61721187953756e-07 1.59271603447194e-07 1.58308868465852e-07 1.57880234248127e-07 1.58318510186966e-07 1.58892906058334e-07 1.5723766076983e-07 1.54957280097007e-07 1.48270000492388e-07 1.40141941692894e-07 1.27691641346649e-07 1.13591785783969e-07 9.6784219176661e-08 8.09418790344162e-08 6.60375563838091e-08 5.51904225546658e-08 4.6668146852323e-08 4.42286164108678e-08 4.36650217059122e-08 6.19251570738345e-08 8.29750978750194e-08 1.28271608560688e-07 1.91652723225572e-07 3.57509061322778e-07 4.98461277644427e-07 5.74919891593503e-07 6.07091642963966e-07 -9999 -9999 -9999 -9999 -9999 -9999 -9999 -9999 -9999 -9999 -9999 -9999 -9999
1.50451986353199e-07 1.48726782402176e-07 1.46507994324177e-07 1.44428909376962e-07 1.42440218072139e-07 1.41844915741411e-07 1.41750140457017e-07 1.43630197570591e-07 1.45820341378838e-07 1.47215454565104e-07 1.47982692078769e-07 1.4424861718002e-07 1.38794131857829e-07 1.28178523336571e-07 1.15715989163472e-07 1.00221758920556e-07 8.5062517373921e-08 7.02288235880778e-08 5.88433549628389e-08 4.94337957808321e-08 4.44290977055157e-08 4.07828720758443e-08 4.93577240441086e-08 5.98287157450547e-08 8.99173894338439e-08 1.3212774874205e-07 2.43024832831261e-07 3.67272078957256e-07 5.26091901798692e-07 6.20248516174944e-07 -9999 -9999 -9999 -9999 -9999 -9999 -9999 -9999 -9999 -9999 -9999 -9999 -9999
1.32727139787808e-07 1.31599532189116e-07 1.30151863594796e-07 1.28706921421715e-07 1.27263741623826e-07 1.27061046358236e-07 1.27303952497883e-07 1.3023677505617e-07 1.33591961521747e-07 1.37462546120098e-07 1.40737698312558e-07 1.39678100541027e-07 1.36696545065397e-07 1.27949249990743e-07 1.17154081589976e-07 1.02997379514136e-07 8.86004518784214e-08 7.39700696966895e-08 6.22621950555875e-08 5.22289819708667e-08 4.52420789863775e-08 3.9194667067477e-08 4.0150875198074e-08 4.22752810249544e-08 5.93658699833375e-08 8.3818633123839e-08 1.49988683838567e-07 2.5192651084962e-07 4.46491263746353e-07 5.36712683873291e-07 -9999 -9999 -9999 -9999 -9999 -9999 -9999 -9999 -9999 -9999 -9999 -9999 -9999
1.18176687589855e-07 1.17639149976867e-07 1.17068277022224e-07 1.16411078740766e-07 1.15698027445337e-07 1.15942870043147e-07 1.16531802587456e-07 1.19668600992708e-07 1.23205463952922e-07 1.28297205977348e-07 1.32902715241625e-07 1.33909456426665e-07 1.32963063469832e-07 1.26157421083272e-07 1.17095182983554e-07 1.04328795409233e-07 9.08670127242409e-08 7.67294375420181e-08 6.5170281443773e-08 5.5088615303864e-08 4.73914433717753e-08 4.04296576145806e-08 3.82763284007172e-08 3.69248282702705e-08 4.58386896325685e-08 5.99808860930616e-08 1.03749101983354e-07 1.71149418938219e-07 2.99749205070047e-07 3.91296623089118e-07 -9999 -9999 -9999 -9999 -9999 -9999 -9999 -9999 -9999 -9999 -9999 -9999 -9999
1.05420348579665e-07 1.05274673222583e-07 1.05350244599696e-07 1.05331596749407e-07 1.05251985822237e-07 1.05994831320613e-07 1.07033116935803e-07 1.10471563423912e-07 1.14286876851111e-07 1.20135252684907e-07 1.25600153875982e-07 1.28184881891831e-07 1.28870204256996e-07 1.23857452122468e-07 1.16428610809752e-07 1.05033815050466e-07 9.2559399685995e-08 7.90357976055225e-08 6.77174724037213e-08 5.76628188065526e-08 4.95802369196172e-08 4.21058463221272e-08 3.78307036163322e-08 3.40882727350104e-08 3.71404074520166e-08 4.36767926485558e-08 6.99564578881916e-08 1.12128555845321e-07 1.95456896144899e-07 3.20463378271128e-07 5.06157721614023e-07 -9999 -9999 -9999 -9999 -9999 -9999 -9999 -9999 -9999 -9999 -9999 -9999
9.49211426592272e-08 9.49179769621321e-08 9.53501915130199e-08 9.57823943743337e-08 9.62145886403725e-08 9.75189271270533e-08 9.91365538764498e-08 1.02999521112862e-07 1.0721504968424e-07 1.13235639990109e-07 1.18967418626059e-07 1.22515752496515e-07 1.24325218564536e-07 1.20918202361325e-07 1.14997537972459e-07 1.04950779536517e-07 9.35294299929703e-08 8.07722351225948e-08 6.98106275869518e-08 5.98779290236683e-08 5.18186334558425e-08 4.4337100929727e-08 3.91827793436967e-08 3.44144041149768e-08 3.4517274142885e-08 3.68506543702735e-08 5.18230776714474e-08 8.0478807789984e-08 1.44569853894668e-07 2.71723706187884e-07 4.90703807680538e-07 5.92371936048244e-07 -9999 -9999 -9999 -9999 -9999 -9999 -9999 -9999 -9999 -9999 -9999
8.69686735244056e-08 8.70053179323438e-08 8.74694975088401e-08 8.80153864056498e-08 8.86141462144092e-08 9.00818118879904e-08 9.18616011072191e-08 9.60242597980801e-08 1.00561073446853e-07 1.06890696322866e-07 1.12976790646716e-07 1.17207710948994e-07 1.198578766273e-07 1.17765897277694e-07 1.13150617821592e-07 1.04393396923335e-07 9.40303542556135e-08 8.21067544849953e-08 7.15351792139025e-08 6.17383457045933e-08 5.37719405346501e-08 4.63700446069256e-08 4.07890169525665e-08 3.55037982096233e-08 3.37485224282692e-08 3.34634293035342e-08 4.15090291028264e-08 6.11488232952099e-08 1.10813814325367e-07 2.31973235631153e-07 4.5723624639909e-07 5.56246094575844e-07 5.45838936028714e-07 5.4104360000081e-07 -9999 -9999 -9999 -9999 -9999 -9999 -9999 -9999 -9999
8.09262820483479e-08 8.09257121243116e-08 8.11783416974865e-08 8.15850421485808e-08 8.20914333499537e-08 8.34237982780172e-08 8.50528641924411e-08 8.94215896741732e-08 9.42204933142332e-08 1.00961760299726e-07 1.07467749967877e-07 1.12170487378835e-07 1.15448769512047e-07 1.1445380018648e-07 1.10991807801956e-07 1.03480251063333e-07 9.41794458334067e-08 8.31398309051037e-08 7.29832769989556e-08 6.33327379357378e-08 5.55114271968881e-08 4.82542540405648e-08 4.25858781070584e-08 3.71656466749146e-08 3.43705758907728e-08 3.26554234835759e-08 3.70595568569805e-08 5.10587883371177e-08 8.99062057203904e-08 1.98964752114754e-07 4.10258277471961e-07 5.18087026813602e-07 5.36248275433272e-07 -9999 -9999 -9999 -9999 -9999 -9999 -9999 -9999 -9999 -9999
7.63979699288044e-08 7.65533992039896e-08 7.68421432577461e-08 7.71639885178663e-08 7.75072505674753e-08 7.84105554105868e-08 7.95150357600593e-08 8.36149840119282e-08 8.81852780905994e-08 9.51994653431235e-08 1.0200142390941e-07 1.07140778027315e-07 1.10973729417288e-07 1.10887569119753e-07 1.08437696270365e-07 1.02107837540005e-07 9.38083557213626e-08 8.35947688418885e-08 7.38685756577099e-08 6.44216694326822e-08 5.68016247370906e-08 4.97449882862882e-08 4.41878528033246e-08 3.88534548763588e-08 3.54734355151858e-08 3.29074124222518e-08 3.49538373872211e-08 4.46593186517651e-08 7.41992685501343e-08 1.72747578994125e-07 3.71779509028021e-07 7.87981222064475e-07 1.39239259056012e-06 1.22728070825742e-06 1.59529875073502e-06 -9999 -9999 -9999 -9999 -9999 -9999 -9999 -9999
7.25185592436388e-08 7.29127944830746e-08 7.33437966417686e-08 7.36040725716095e-08 7.37538793908888e-08 7.41022258321869e-08 7.45218894478732e-08 7.8149553122704e-08 8.22809346391662e-08 8.95085899019837e-08 9.6553402234041e-08 1.02114289611857e-07 1.06470431496342e-07 1.07212423770417e-07 1.05714168200628e-07 1.00538594395975e-07 9.32143267519795e-08 8.38019310146093e-08 7.45126713019134e-08 6.52939705457445e-08 5.78992673733718e-08 5.10670890807227e-08 4.57063038313223e-08 4.05523874265569e-08 3.67823587215672e-08 3.36136909274662e-08 3.3852598717075e-08 3.98415454033203e-08 6.07212268136898e-08 1.49441015949033e-07 3.36943317977916e-07 7.59296704880017e-07 1.38518319658942e-06 1.59529875073502e-06 1.67443184204052e-06 1.92901722489443e-06 -9999 -9999 -9999 -9999 -9999 -9999 -9999
6.93668254592878e-08 6.9992219274875e-08 7.06136309568431e-08 7.09092982181265e-08 7.09941923743475e-08 7.10727386334501e-08 7.11490042795782e-08 7.40735479835606e-08 7.74453260804318e-08 8.44705645645703e-08 9.13773068680991e-08 9.72366692970413e-08 1.01987358486748e-07 1.03412111504821e-07 1.02687467246244e-07 9.84346336913918e-08 9.18851361162861e-08 8.31037111527533e-08 7.42377022651263e-08 6.5323224163194e-08 5.8273418893174e-08 5.1798684280914e-08 4.6784867478319e-08 4.19692072349856e-08 3.8197024382168e-08 3.48466600950903e-08 3.38864987109981e-08 3.70918676418525e-08 5.10846081994949e-08 1.1107193891517e-07 2.38032351449551e-07 5.59288951667587e-07 1.04893186403388e-06 1.49897955415943e-06 1.92901722489443e-06 1.94170018168675e-06 -9999 -9999 -9999 -9999 -9999 -9999 -9999
6.63656486898206e-08 6.72206187487283e-08 6.80424021069367e-08 6.83935226445996e-08 6.84400997523616e-08 6.83078455161253e-08 6.81113515695635e-08 7.0285016631128e-08 7.2830841515365e-08 7.95676169539386e-08 8.62574713591452e-08 9.23898476863146e-08 9.75084714906966e-08 9.95859027069958e-08 9.95980380893006e-08 9.62200386177594e-08 9.04038383365083e-08 8.22181658669075e-08 7.377257606234e-08 6.51780492803262e-08 5.84978793434006e-08 5.24081024599171e-08 4.77724179354995e-08 4.33276576194247e-08 3.96335688569413e-08 3.61886018212897e-08 3.4155259896348e-08 3.47700815236492e-08 4.22427849259528e-08 6.95864130761947e-08 1.25864249431442e-07 3.2383423976787e-07 6.44601384226829e-07 1.20160314971203e-06 1.87798929668896e-06 2.01809403264516e-06 -9999 -9999 -9999 -9999 -9999 -9999 -9999
6.35963904334212e-08 6.4491292879475e-08 6.53713785612258e-08 6.58695870607707e-08 6.6120701229656e-08 6.61571425598962e-08 6.61164693746462e-08 6.77577508939418e-08 6.96631311776004e-08 7.58290241494266e-08 8.20139154295556e-08 8.81146461315365e-08 9.33308550730221e-08 9.58935607336057e-08 9.64018606590534e-08 9.35378967972889e-08 8.81824471508157e-08 8.04057437118988e-08 7.24226826180036e-08 6.43213719705903e-08 5.80726951544684e-08 5.23953749204646e-08 4.81562746668465e-08 4.41066742125933e-08 4.08296728899645e-08 3.76594253989167e-08 3.50940929076805e-08 3.44573191198599e-08 3.88148867885672e-08 5.58540342865399e-08 9.13589310869156e-08 2.13602423662729e-07 4.11017711048918e-07 7.9334156838183e-07 1.26911149597999e-06 1.37382971293083e-06 -9999 -9999 -9999 -9999 -9999 -9999 -9999
