Ecospace-environmental-drivers/Outputs/ASCII-for-ecospace/MOM6-ISIMIP3a/chl/2012_mo10_avg31y_chl_MOM6-ISIMIP3a.asc
NCOLS 131 
NROWS 53 
XLLCORNER -98 
YLLCORNER 23.9265270233154 
CELLSIZE 0.133587792515755 
NODATA_value -9999 
[rows 19 to 37 of 53, columns 86 to 128 of 131]
1.94082744771564e-07 1.81785795363002e-07 1.67755904880646e-07 1.56579159559281e-07 1.47248532163112e-07 1.39847885988377e-07 1.33140518882204e-07 1.26166564393037e-07 1.19150753664965e-07 1.12372411361746e-07 1.06271176862045e-07 1.05056449503917e-07 1.05583383641818e-07 1.11335168639926e-07 1.19147233269521e-07 1.30341202834423e-07 1.45108158206188e-07 1.63347384536168e-07 2.15188457848435e-07 2.8628411698609e-07 4.38192539687157e-07 6.15023852347921e-07 8.9539801431402e-07 1.18844590243468e-06 1.49287268322217e-06 1.76887615654572e-06 1.88382075576086e-06 1.98526313140739e-06 2.05173912600883e-06 -9999 -9999 -9999 -9999 -9999 -9999 -9999 -9999 -9999 -9999 -9999 -9999 -9999 -9999
1.85574103238284e-07 1.75064835803501e-07 1.63419909977018e-07 1.53884286646644e-07 1.45713481825374e-07 1.39437331415959e-07 1.33841766572943e-07 1.27784391125832e-07 1.21654503875708e-07 1.14092519116903e-07 1.06949326412896e-07 1.02910608149849e-07 1.00541916756283e-07 1.03183191138288e-07 1.08469092059559e-07 1.18096088893679e-07 1.28742205254918e-07 1.40378706909646e-07 1.70884706012804e-07 2.12203330634918e-07 3.11371913829633e-07 4.28381579900639e-07 6.45932446225801e-07 8.77001854306517e-07 1.17446625328314e-06 1.4554120358782e-06 1.64275625670305e-06 1.77399607903886e-06 1.75994377070398e-06 -9999 -9999 -9999 -9999 -9999 -9999 -9999 -9999 -9999 -9999 -9999 -9999 -9999 -9999
1.76577210888882e-07 1.6795440622504e-07 1.58857524009789e-07 1.50970554423404e-07 1.43866452113402e-07 1.38709147050107e-07 1.34251159064177e-07 1.29475950190696e-07 1.24650932729852e-07 1.16752741840012e-07 1.08979336007011e-07 1.02268617889613e-07 9.69710146732943e-08 9.59126490057873e-08 9.81233778101077e-08 1.0570024729319e-07 1.13233615974745e-07 1.20724711260048e-07 1.34083298729226e-07 1.50804087554441e-07 2.04497472890903e-07 2.69593307448744e-07 4.16439858310564e-07 5.75745607805754e-07 8.56021865692744e-07 1.13352232053712e-06 1.39529402993562e-06 1.6090715333913e-06 -9999 -9999 -9999 -9999 -9999 -9999 -9999 -9999 -9999 -9999 -9999 -9999 -9999 -9999 -9999
1.67088938584833e-07 1.60041191252863e-07 1.52931154306565e-07 1.46594683173824e-07 1.4075874859952e-07 1.3642547942951e-07 1.32631992843721e-07 1.29203561340869e-07 1.25832451612584e-07 1.19008395281819e-07 1.1205873837452e-07 1.0437998646063e-07 9.77222669236668e-08 9.41275709419276e-08 9.34682270506146e-08 9.76271964202257e-08 1.03023688504964e-07 1.09622820240651e-07 1.17318109349093e-07 1.2564152488296e-07 1.56624466743808e-07 1.9459566746513e-07 3.0160836878908e-07 4.19702555261885e-07 6.65492740656572e-07 9.15082962695036e-07 1.18620580873275e-06 1.38158417844498e-06 1.38080895064905e-06 1.37979265449787e-06 -9999 -9999 -9999 -9999 -9999 -9999 -9999 -9999 -9999 -9999 -9999 -9999 -9999
1.5758900123193e-07 1.52068847893911e-07 1.46873492808701e-07 1.42076992178332e-07 1.3753856594136e-07 1.34015283171882e-07 1.30856656206165e-07 1.28737608960247e-07 1.26781794467808e-07 1.21146858451803e-07 1.15146182481347e-07 1.06690774122208e-07 9.88601565341601e-08 9.29038645010898e-08 8.94789318481931e-08 9.02091699117591e-08 9.35535256431766e-08 9.94383118642227e-08 1.02620539277701e-07 1.0425414097606e-07 1.15138097078032e-07 1.28874889598717e-07 1.99130677595994e-07 2.79001871756317e-07 4.88237216333595e-07 7.07204195247956e-07 9.81314859737106e-07 1.15312486979835e-06 1.06000932888609e-06 1.14599812890916e-06 1.15088309921556e-06 -9999 -9999 -9999 -9999 -9999 -9999 -9999 -9999 -9999 -9999 -9999 -9999
1.48520316102921e-07 1.44139855664097e-07 1.40380854009348e-07 1.3707510756574e-07 1.34062639928391e-07 1.31491695066372e-07 1.29079354115719e-07 1.27570650015e-07 1.26203837172882e-07 1.21865114931185e-07 1.17034228158137e-07 1.0879713153328e-07 1.00891498052093e-07 9.39802290183193e-08 8.92534529151773e-08 8.81124676304294e-08 8.95642464852684e-08 9.35357032831014e-08 9.66072148443228e-08 9.91630380962849e-08 1.04142669885637e-07 1.09869811198802e-07 1.54955020685711e-07 2.07135504447545e-07 3.67636304080436e-07 5.42268107177469e-07 7.96972317531189e-07 9.84306904771778e-07 9.97176095273561e-07 9.26858559164283e-07 8.84675631962842e-07 -9999 -9999 -9999 -9999 -9999 -9999 -9999 -9999 -9999 -9999 -9999 -9999
1.4008791649281e-07 1.36679376060827e-07 1.34119830137948e-07 1.32091038780815e-07 1.30405676336229e-07 1.28740069042564e-07 1.27081558695585e-07 1.2616015277628e-07 1.25354482120641e-07 1.22227954725238e-07 1.18504250999943e-07 1.10580715279925e-07 1.02717617408181e-07 9.50358287263219e-08 8.91994591164979e-08 8.63923048655124e-08 8.61277393204135e-08 8.83340919837073e-08 9.12090007248832e-08 9.44670055728679e-08 9.46426934528825e-08 9.3867787120233e-08 1.16349310114709e-07 1.43495077555056e-07 2.56181885969997e-07 3.86194410071444e-07 6.14381988839341e-07 7.66885139935972e-07 7.2339022995405e-07 7.68241648074763e-07 -9999 -9999 -9999 -9999 -9999 -9999 -9999 -9999 -9999 -9999 -9999 -9999 -9999
1.34445443452038e-07 1.31273185984575e-07 1.28874377893343e-07 1.2718509806621e-07 1.25954918695653e-07 1.24988560404774e-07 1.24116971553503e-07 1.23681789569864e-07 1.23315132098454e-07 1.21032391392316e-07 1.18141361926313e-07 1.10949033587677e-07 1.03643903380837e-07 9.60003705490782e-08 8.98973814672342e-08 8.63231570239379e-08 8.51149801822122e-08 8.62061576818237e-08 8.85078664408968e-08 9.15032387638348e-08 9.16998450219903e-08 9.10333060832522e-08 1.02166252060538e-07 1.15923071342833e-07 1.84832257198489e-07 2.68979829205628e-07 4.39474723909752e-07 5.82588931992647e-07 6.54796070325721e-07 6.97604197204137e-07 -9999 -9999 -9999 -9999 -9999 -9999 -9999 -9999 -9999 -9999 -9999 -9999 -9999
1.29514866157919e-07 1.26520543719175e-07 1.24173714808759e-07 1.22677036987654e-07 1.21730446912513e-07 1.21269619837089e-07 1.2098328899275e-07 1.20986893048872e-07 1.21036024557769e-07 1.19456731474363e-07 1.1727851550118e-07 1.10851807962277e-07 1.04164943222933e-07 9.66976233851916e-08 9.04985338567507e-08 8.63812154708769e-08 8.44285604869348e-08 8.45795565484672e-08 8.63217990850869e-08 8.89758612880732e-08 8.93672433546139e-08 8.90608090788103e-08 9.12988135558906e-08 9.45099668203306e-08 1.28211298266295e-07 1.74497179544585e-07 2.92092598022742e-07 4.17060397514815e-07 5.61120290762295e-07 6.24553680858474e-07 -9999 -9999 -9999 -9999 -9999 -9999 -9999 -9999 -9999 -9999 -9999 -9999 -9999
1.26137534596549e-07 1.2319383557724e-07 1.2066170812329e-07 1.19037099374685e-07 1.17999702625536e-07 1.17621744544933e-07 1.17480665367918e-07 1.17819552078726e-07 1.18233803765443e-07 1.17051751746452e-07 1.15324831261704e-07 1.09738833303606e-07 1.03801802021236e-07 9.68116932283685e-08 9.08885523688608e-08 8.67168156923247e-08 8.44541681033206e-08 8.4046793782664e-08 8.52595297874726e-08 8.74006252890849e-08 8.83661091539844e-08 8.89690321701569e-08 8.76655756732978e-08 8.6534685137959e-08 1.03726137929757e-07 1.29612278587296e-07 2.04766288398391e-07 2.9248018189455e-07 4.1272009397172e-07 4.97390051038799e-07 -9999 -9999 -9999 -9999 -9999 -9999 -9999 -9999 -9999 -9999 -9999 -9999 -9999
1.23142727613501e-07 1.2030102012769e-07 1.17649811899824e-07 1.15853759961826e-07 1.14611034011007e-07 1.14257751933579e-07 1.14223971815092e-07 1.14809727660354e-07 1.15492761848703e-07 1.14641307715697e-07 1.13300021694378e-07 1.08494641113471e-07 1.03284640138026e-07 9.68608022749469e-08 9.12947877582742e-08 8.71368667830094e-08 8.46115313153874e-08 8.36727624821085e-08 8.44259423661609e-08 8.61486455505656e-08 8.7710639210429e-08 8.92230713684365e-08 8.60852913827755e-08 8.25812064465848e-08 8.78288839505932e-08 9.8695583146984e-08 1.41402103331016e-07 2.03230152305511e-07 3.14576748306286e-07 5.38330669905184e-07 9.25761783275536e-07 -9999 -9999 -9999 -9999 -9999 -9999 -9999 -9999 -9999 -9999 -9999 -9999
1.20629164807577e-07 1.17954078218058e-07 1.15267098976801e-07 1.13244853322715e-07 1.11652723940977e-07 1.11250912711526e-07 1.11276681575272e-07 1.11998071548119e-07 1.1282868844238e-07 1.12223988152539e-07 1.11185730042228e-07 1.07085365549841e-07 1.02573704770103e-07 9.68281853836802e-08 9.17214223712167e-08 8.76631621200695e-08 8.4934658990542e-08 8.34984288736274e-08 8.38800540423695e-08 8.53033497602126e-08 8.74900437688739e-08 8.99121742793707e-08 8.70877883356101e-08 8.36874910015878e-08 8.27359184174178e-08 8.53520345440155e-08 1.08184233184719e-07 1.58428395850258e-07 2.79660638159751e-07 5.15596578879702e-07 9.18553480790163e-07 1.10563840394207e-06 -9999 -9999 -9999 -9999 -9999 -9999 -9999 -9999 -9999 -9999 -9999
1.18308748375101e-07 1.1589671249941e-07 1.13261905660751e-07 1.11134752268255e-07 1.09336076593903e-07 1.08759260980708e-07 1.08621356554478e-07 1.09304764350782e-07 1.10117134736796e-07 1.09801391090514e-07 1.09103007574621e-07 1.05694926932551e-07 1.0187766673286e-07 9.68328962820182e-08 9.22045847845208e-08 8.82598786600489e-08 8.53682314802808e-08 8.34999578011496e-08 8.35283834071047e-08 8.46436582759775e-08 8.72381051412078e-08 9.02887314447482e-08 8.83556131771368e-08 8.5781115143024e-08 8.12269259738734e-08 7.92402359928885e-08 9.18021047280695e-08 1.36026065250359e-07 2.62244558627806e-07 5.09023614370108e-07 9.31351831556434e-07 1.13140745517901e-06 1.13883099664514e-06 1.14225156587802e-06 -9999 -9999 -9999 -9999 -9999 -9999 -9999 -9999 -9999
1.16133193957481e-07 1.14056534482276e-07 1.11539856290267e-07 1.09398759528015e-07 1.07500682363039e-07 1.06654004223254e-07 1.06185004301918e-07 1.0670021861041e-07 1.07369971838198e-07 1.07374835617828e-07 1.0704396291225e-07 1.0431861711375e-07 1.01192800261082e-07 9.68656016473159e-08 9.27301406987211e-08 8.89094116752359e-08 8.58846374377032e-08 8.36333845475037e-08 8.33223762101405e-08 8.41231707089528e-08 8.69626546544154e-08 9.0430876894281e-08 8.98224347947102e-08 8.86152569531503e-08 8.24059529144682e-08 7.85523225534146e-08 8.8046953985741e-08 1.30423532962801e-07 2.57953676311679e-07 5.14571638632333e-07 9.59155414648194e-07 1.15862679336025e-06 1.14567214290395e-06 -9999 -9999 -9999 -9999 -9999 -9999 -9999 -9999 -9999 -9999
1.13527769206983e-07 1.1197449023917e-07 1.09928436131668e-07 1.08035846190271e-07 1.06242555742234e-07 1.05186806361842e-07 1.04395993384016e-07 1.04529248339473e-07 1.04807597496816e-07 1.04958638712193e-07 1.04842293757018e-07 1.02798011422208e-07 1.00360125772582e-07 9.67414567665606e-08 9.31142908154558e-08 8.94731759936187e-08 8.63719221449115e-08 8.37953105899707e-08 8.31285496639295e-08 8.35561753693846e-08 8.6408386052074e-08 9.00083461240522e-08 9.07664001020646e-08 9.10306611452201e-08 8.43195122326374e-08 7.951016074927e-08 8.54772160149394e-08 1.20105396022961e-07 2.28956586564407e-07 4.83135872699339e-07 9.48928533628737e-07 1.45786410327321e-06 2.0041893604215e-06 1.83465425790576e-06 2.1875955076945e-06 -9999 -9999 -9999 -9999 -9999 -9999 -9999 -9999
1.10738112643884e-07 1.09788783999515e-07 1.08364429802203e-07 1.06832828118014e-07 1.05231834371836e-07 1.03993065227226e-07 1.02884415940157e-07 1.02544096225096e-07 1.02324421165591e-07 1.02546883615486e-07 1.02579496839436e-07 1.01215563758263e-07 9.94641036487015e-08 9.65500890420264e-08 9.34378380546355e-08 9.00001816442073e-08 8.68467230746671e-08 8.39694507474618e-08 8.2939944346186e-08 8.29692475870234e-08 8.57346207791095e-08 8.93438065608896e-08 9.14862810884276e-08 9.32666055067814e-08 8.65478761346411e-08 8.1173332485803e-08 8.34155181630722e-08 1.07766256191201e-07 1.89370963297616e-07 4.35849654976547e-07 9.22402649401251e-07 1.44581101556967e-06 2.00116002243674e-06 2.1875955076945e-06 2.16756768072775e-06 2.27131189119738e-06 -9999 -9999 -9999 -9999 -9999 -9999 -9999
1.07806708535185e-07 1.07545152940797e-07 1.06967219941849e-07 1.05993099086185e-07 1.04762624038167e-07 1.03494883774147e-07 1.02213757572607e-07 1.01511225174759e-07 1.00899542771106e-07 1.00803291047669e-07 1.00596020001464e-07 9.95587085174432e-08 9.82158849733277e-08 9.59565529830152e-08 9.33467739807912e-08 9.01617469143305e-08 8.70404548436454e-08 8.39810997518036e-08 8.26997587829913e-08 8.24372585105765e-08 8.50074709405597e-08 8.84513010505323e-08 9.15534461719583e-08 9.44284682561609e-08 8.88059450779389e-08 8.3841159964447e-08 8.26034114800956e-08 9.61957727811076e-08 1.48193301873606e-07 3.25622118401542e-07 6.85692416280495e-07 1.1505195717995e-06 1.70613399250801e-06 2.04379563595672e-06 2.27131189119738e-06 2.27388789191478e-06 -9999 -9999 -9999 -9999 -9999 -9999 -9999
1.04845975285219e-07 1.05289534109297e-07 1.05604520225341e-07 1.05228534015432e-07 1.04405453229109e-07 1.03140613583902e-07 1.01717086366652e-07 1.00675380519621e-07 9.96936263721094e-08 9.91979439665938e-08 9.86703357299238e-08 9.78864571907839e-08 9.68947987651577e-08 9.52798061810485e-08 9.31699267700805e-08 9.02477035611487e-08 8.71760337322631e-08 8.39591296558102e-08 8.24489018993386e-08 8.19166367426577e-08 8.42692757151825e-08 8.75116282235277e-08 9.14855613773984e-08 9.53681020033151e-08 9.10701568923947e-08 8.67168528239129e-08 8.20498470026846e-08 8.47843255674126e-08 1.06686246818944e-07 2.02371945953649e-07 4.0549479255362e-07 7.96625760167738e-07 1.35069353837759e-06 1.81418913268405e-06 2.23191281175757e-06 2.31843893611621e-06 -9999 -9999 -9999 -9999 -9999 -9999 -9999
1.02377302506474e-07 1.03125397884234e-07 1.03822210642266e-07 1.03918311776485e-07 1.03625722655095e-07 1.02705412576054e-07 1.01559614281101e-07 1.00525210750528e-07 9.95082961979631e-08 9.86790208542281e-08 9.78313133443055e-08 9.68404951927662e-08 9.57606293043007e-08 9.44136298317649e-08 9.2595324382904e-08 9.00033781696889e-08 8.70979132257837e-08 8.38877687028212e-08 8.22413996975375e-08 8.1491107825895e-08 8.36156435560321e-08 8.66267836245022e-08 9.08983349378808e-08 9.51761892237403e-08 9.28367986643348e-08 8.99557014397414e-08 8.40050499699564e-08 8.24851904628905e-08 9.24396408021816e-08 1.42576382012477e-07 2.51222875047666e-07 4.93714453348789e-07 8.52202553170584e-07 1.24064124226988e-06 1.64421586275914e-06 1.73341257345049e-06 -9999 -9999 -9999 -9999 -9999 -9999 -9999
