Ecospace-environmental-drivers/Outputs/ASCII-for-ecospace/MOM6-ISIMIP3a/chl/2014_mo05_avg31y_chl_MOM6-ISIMIP3a.asc
NCOLS 131 
NROWS 53 
XLLCORNER -98 
YLLCORNER 23.9265270233154 
CELLSIZE 0.133587792515755 
NODATA_value -9999 
[rows 0 to 18 of 53, columns 43 to 85 of 131]
-9999 -9999 -9999 -9999 -9999 -9999 -9999 -9999 -9999 -9999 -9999 -9999 -9999 -9999 -9999 -9999 -9999 -9999 -9999 -9999 -9999 -9999 -9999 -9999 -9999 -9999 -9999 -9999 -9999 -9999 -9999 -9999 -9999 -9999 -9999 -9999 -9999 -9999 -9999 -9999 -9999 -9999 -9999
-9999 -9999 -9999 -9999 -9999 -9999 -9999 -9999 -9999 -9999 -9999 -9999 -9999 -9999 -9999 -9999 -9999 -9999 -9999 -9999 -9999 -9999 -9999 -9999 -9999 -9999 -9999 -9999 -9999 -9999 -9999 -9999 -9999 -9999 -9999 -9999 -9999 -9999 -9999 -9999 -9999 -9999 -9999
-9999 -9999 -9999 -9999 -9999 -9999 -9999 -9999 -9999 -9999 -9999 -9999 -9999 -9999 -9999 -9999 -9999 -9999 -9999 -9999 -9999 -9999 -9999 -9999 -9999 -9999 -9999 -9999 -9999 -9999 -9999 2.11353151444787e-06 2.06471250132909e-06 -9999 -9999 -9999 -9999 -9999 -9999 -9999 -9999 -9999 -9999
-9999 -9999 -9999 -9999 -9999 -9999 -9999 -9999 -9999 -9999 -9999 -9999 -9999 -9999 -9999 -9999 -9999 -9999 -9999 -9999 -9999 -9999 -9999 -9999 -9999 -9999 -9999 -9999 -9999 -9999 -9999 2.11727238717773e-06 2.07397969857524e-06 -9999 -9999 -9999 -9999 -9999 -9999 -9999 -9999 -9999 -9999
-9999 -9999 -9999 -9999 -9999 -9999 -9999 -9999 -9999 -9999 -9999 -9999 -9999 -9999 -9999 -9999 -9999 -9999 -9999 -9999 -9999 -9999 2.33647653746424e-06 2.33221489466931e-06 2.32880557309874e-06 2.30891818054877e-06 2.28877117860388e-06 2.24792916748312e-06 2.20924349495392e-06 2.17659616311956e-06 2.14901228900999e-06 2.12241868226673e-06 2.08038621959502e-06 2.01913422686982e-06 -9999 -9999 1.54065883216683e-06 1.29154690715759e-06 1.03889319478317e-06 8.17497959906911e-07 6.50306676121662e-07 5.22057361297723e-07 4.40275867720541e-07
-9999 -9999 -9999 -9999 -9999 -9999 -9999 -9999 -9999 -9999 -9999 -9999 -9999 -9999 -9999 -9999 -9999 -9999 2.36687785746331e-06 -9999 2.36615700223117e-06 2.3655126545735e-06 2.35034911149283e-06 2.33647653746424e-06 2.33136254410642e-06 2.32880557309874e-06 2.28903077332953e-06 2.24847719671802e-06 2.20627957640963e-06 2.17297367872825e-06 2.15053522688615e-06 2.12352796141556e-06 2.09319282182532e-06 2.02443786087491e-06 1.93977198874094e-06 1.76319768695154e-06 1.56855641226948e-06 1.29022239269533e-06 1.01586190917333e-06 8.10595309527314e-07 6.2603663901618e-07 5.14288054150271e-07 4.25847393477207e-07
-9999 -9999 -9999 -9999 -9999 -9999 -9999 -9999 -9999 -9999 -9999 -9999 -9999 -9999 2.44851154944157e-06 2.4481848648124e-06 2.44717129897899e-06 2.44245955899157e-06 2.40134036469117e-06 2.3668814074265e-06 2.36687430016548e-06 2.36608402995062e-06 2.3655126545735e-06 2.34905817911391e-06 2.33647653746424e-06 2.32880557309874e-06 2.28903077332953e-06 2.24847719671802e-06 2.20627957640963e-06 2.17297367872825e-06 2.15053522688615e-06 2.12352796141556e-06 2.09319282182532e-06 2.02443786087491e-06 1.93977198874094e-06 1.76319768695154e-06 1.56855641226948e-06 1.29022239269533e-06 1.01586190917333e-06 8.10595309527314e-07 6.2603663901618e-07 5.14288054150271e-07 4.25847393477207e-07
-9999 -9999 -9999 -9999 -9999 -9999 -9999 -9999 -9999 -9999 -9999 -9999 -9999 -9999 2.45026306020595e-06 2.44851154944157e-06 2.4478581948525e-06 -9999 2.43437633681395e-06 2.39342558239925e-06 2.36688850735288e-06 2.36687430016548e-06 2.36586517912069e-06 2.3655126545735e-06 2.34518535263863e-06 2.31420233743143e-06 2.23862425187807e-06 2.16674616313544e-06 2.10267904226531e-06 2.0464877567769e-06 1.99992239084813e-06 1.94735423519887e-06 1.89041372777865e-06 1.80643919447316e-06 1.71126891524592e-06 1.55790709938276e-06 1.39310622117709e-06 1.17225727493523e-06 9.54161337066609e-07 7.83235542888677e-07 6.27217868180842e-07 5.23617850669853e-07 4.38973794489944e-07
-9999 -9999 2.42529134289549e-06 -9999 -9999 -9999 -9999 -9999 -9999 -9999 -9999 -9999 -9999 -9999 -9999 -9999 -9999 -9999 2.4397160315505e-06 2.41620813129327e-06 2.37744083894922e-06 2.36690272187491e-06 2.36687430016548e-06 2.36520857528845e-06 2.3401006611464e-06 2.29765182959982e-06 2.18262950159354e-06 2.07614687775687e-06 1.98769216621581e-06 1.90613338652897e-06 1.83300274388345e-06 1.75243661165188e-06 1.66645457599565e-06 1.56605689895631e-06 1.45968920334429e-06 1.33183997725668e-06 1.1997680158607e-06 1.04186722824711e-06 8.85407086658937e-07 7.52364515634444e-07 6.27881537099946e-07 5.33494480420461e-07 4.53211579233246e-07
-9999 2.42529134289549e-06 2.42574419791063e-06 2.42634054771887e-06 2.42641110690461e-06 -9999 -9999 -9999 -9999 -9999 -9999 -9999 -9999 -9999 2.38334227868754e-06 2.45205835873945e-06 -9999 -9999 -9999 2.42473842879389e-06 2.3779878706738e-06 2.35070092458045e-06 2.36693116558825e-06 2.36455591015505e-06 2.32752722695295e-06 2.27006212445567e-06 2.12706860228566e-06 1.9928048430067e-06 1.87697042424735e-06 1.77211068735379e-06 1.68066420032588e-06 1.5858091325255e-06 1.48847129821661e-06 1.3882322051476e-06 1.28679156872632e-06 1.1749622464938e-06 1.06109077768041e-06 9.34701523922212e-07 8.09928450042119e-07 7.05472075882455e-07 6.06482261801947e-07 5.26713188906474e-07 4.55643260011129e-07
2.41941462087608e-06 2.4249816086071e-06 2.42619945135131e-06 2.42650438145398e-06 2.42631781768596e-06 2.42630404324201e-06 -9999 -9999 -9999 -9999 -9999 -9999 -9999 -9999 2.3462071552668e-06 2.37106044023089e-06 2.45205835873945e-06 -9999 -9999 2.44328469072512e-06 2.38241914156524e-06 2.30825972105395e-06 2.32902027986007e-06 2.35125741064915e-06 2.30007587502299e-06 2.22715619847511e-06 2.0632601739811e-06 1.90723689698761e-06 1.76783364182601e-06 1.64283423395494e-06 1.53543930625141e-06 1.42884193938962e-06 1.32282549484884e-06 1.22376344195125e-06 1.12758146997294e-06 1.03098213573518e-06 9.34300745730217e-07 8.37610671059367e-07 7.4265655451845e-07 6.64663858174208e-07 5.8927170423504e-07 5.2302317040783e-07 4.60300239615941e-07
2.41347490167931e-06 2.42064466845242e-06 2.4250750591877e-06 2.42650438145398e-06 2.42631781768596e-06 2.42627650902338e-06 2.4074684299722e-06 2.39529456467285e-06 -9999 -9999 -9999 -9999 -9999 -9999 -9999 2.32467031339418e-06 2.36238369207938e-06 2.45205835873945e-06 2.44851154944157e-06 2.44328469072512e-06 2.38241914156524e-06 2.30825972105395e-06 2.28929582502338e-06 2.27012917768603e-06 2.1928221867124e-06 2.10209677862299e-06 1.95521374368376e-06 1.8097295189305e-06 1.66719819976753e-06 1.53901577864564e-06 1.42837068727702e-06 1.32369065535122e-06 1.22335548590238e-06 1.1309335401356e-06 1.04178869539664e-06 9.56182256297853e-07 8.71271380318713e-07 7.94559292396644e-07 7.19403966018622e-07 6.56490266879378e-07 5.94528569858847e-07 5.3591418144782e-07 4.76893276409981e-07
2.38444377212164e-06 2.39823273864937e-06 2.40814400850438e-06 2.4141546682879e-06 2.41806504075817e-06 2.41003674765976e-06 2.39861314947766e-06 2.39494728438947e-06 -9999 -9999 -9999 -9999 2.37444246229115e-06 2.37643787899757e-06 2.35558516050655e-06 2.30336504794269e-06 2.31506074640258e-06 2.37905066657526e-06 2.39686308363631e-06 2.39280222646607e-06 2.3413691568778e-06 2.27861723502546e-06 2.23956584294126e-06 2.19793322421244e-06 2.09503327236997e-06 1.9862417788787e-06 1.85279372632771e-06 1.71671062558274e-06 1.57506473068415e-06 1.4470399877052e-06 1.33566308499388e-06 1.23416139140611e-06 1.13985262645098e-06 1.05444491744551e-06 9.72723445476086e-07 8.96464341383674e-07 8.21278997554762e-07 7.5954910249537e-07 6.99309965060849e-07 6.48766132371748e-07 5.98033744561308e-07 5.46638460718896e-07 4.91723362701592e-07
2.2976828404353e-06 2.33063242523067e-06 2.35169553038319e-06 2.37093000842217e-06 2.38917978974989e-06 2.39502288980387e-06 2.39733748047353e-06 2.39494728438947e-06 2.39232323814752e-06 2.39638729321849e-06 2.39750765133302e-06 2.38365433805513e-06 2.37444246229115e-06 2.37643787899757e-06 2.35558516050655e-06 2.30336504794269e-06 2.261118865018e-06 2.227033042624e-06 2.21609075050501e-06 2.2161110674431e-06 2.19769191473108e-06 2.17486697898318e-06 2.16482160266746e-06 2.14806845354859e-06 2.02090670735479e-06 1.89339840700643e-06 1.76443996136391e-06 1.63491318055035e-06 1.50418659469294e-06 1.38467139953308e-06 1.27885881291208e-06 1.18368796708432e-06 1.09626841545803e-06 1.0188104226927e-06 9.45477876807525e-07 8.74452096912049e-07 8.03879788141022e-07 7.44642289048663e-07 6.87112602800851e-07 6.42165649688034e-07 5.97159597297773e-07 5.51945794130358e-07 5.02145961113163e-07
2.07150643775329e-06 2.1293162937523e-06 2.176080171569e-06 2.22655210329263e-06 2.27902063259887e-06 2.31404026400865e-06 2.34409744294798e-06 2.35107195441097e-06 2.35562196570343e-06 2.35850338427671e-06 2.35779596609533e-06 2.3388323121077e-06 2.31971057473856e-06 2.30020707696836e-06 2.26364101118018e-06 2.20365031524242e-06 2.13407825398345e-06 2.05666703051623e-06 2.03337949202368e-06 2.03572916058376e-06 2.03684220240018e-06 2.03765977945999e-06 2.03981264510202e-06 2.0336241974409e-06 1.90469434953904e-06 1.77742930235024e-06 1.65713176571561e-06 1.53668300358291e-06 1.41591500147526e-06 1.30519878615404e-06 1.20676798033973e-06 1.11925312522075e-06 1.03968930565932e-06 9.69296448352731e-07 9.02701610665381e-07 8.36689794379796e-07 7.70792562966269e-07 7.1514968582168e-07 6.61318901231953e-07 6.21480457920693e-07 5.82059097694348e-07 5.44104191780823e-07 5.01033172800054e-07
1.64822199621995e-06 1.73895050685983e-06 1.83198465258043e-06 1.93916207169217e-06 2.05395492831749e-06 2.13978987704327e-06 2.21738920088448e-06 2.24516494170295e-06 2.26703179079425e-06 2.2670586942343e-06 2.26193911921948e-06 2.23064009861123e-06 2.1875977484254e-06 2.1161998728853e-06 2.04170464712661e-06 1.96295714490148e-06 1.90368948624969e-06 1.86035972840346e-06 1.84792688082046e-06 1.8501292002369e-06 1.85171371603862e-06 1.85315062231718e-06 1.84373858803977e-06 1.82787635132568e-06 1.72898040223264e-06 1.62876465163854e-06 1.52302548471081e-06 1.41521996599089e-06 1.3030521989593e-06 1.20154424709448e-06 1.1130647518228e-06 1.03507941532605e-06 9.64737844535721e-07 9.00159455161356e-07 8.37967799465068e-07 7.7665974308436e-07 7.15525371311566e-07 6.65035427100373e-07 6.16302443287139e-07 5.80882086861464e-07 5.46845143848288e-07 5.17672389370942e-07 4.83611436889518e-07
1.22366138326e-06 1.31590988508657e-06 1.4181291626594e-06 1.54110260690422e-06 1.6752512619273e-06 1.78704631399606e-06 1.89248400176673e-06 1.94526101480616e-06 1.99106863962492e-06 1.99424387632931e-06 1.99143962544763e-06 1.95821838045254e-06 1.91192842272182e-06 1.83408276150717e-06 1.76007881324744e-06 1.69134908344037e-06 1.64754457669445e-06 1.62413323323563e-06 1.61067788256684e-06 1.60193845996189e-06 1.59878059900708e-06 1.59695637267437e-06 1.5870904418637e-06 1.57333527699994e-06 1.51101342878739e-06 1.44408914314725e-06 1.35790320648025e-06 1.26809404462385e-06 1.17063600848797e-06 1.08202471349819e-06 1.00422596093971e-06 9.35284455016288e-07 8.72794398875862e-07 8.14490444294015e-07 7.57920115428269e-07 7.01937083139485e-07 6.46069517254164e-07 6.0077837769856e-07 5.57345080481707e-07 5.28234378389096e-07 5.00996445992079e-07 4.80343236440897e-07 4.55503258796207e-07
7.98026082205275e-07 8.65353191483659e-07 9.45527459854871e-07 1.04984636279017e-06 1.16716611200313e-06 1.28399021502534e-06 1.40067339037658e-06 1.48198867852824e-06 1.55731513660289e-06 1.56869387982654e-06 1.5738702322485e-06 1.54749585223521e-06 1.51536746047455e-06 1.46934544795107e-06 1.42818742776193e-06 1.39370701852444e-06 1.36970993113913e-06 1.35429002057208e-06 1.32981018036697e-06 1.30103883623545e-06 1.28874792666935e-06 1.28039476976483e-06 1.27943176890298e-06 1.27770451560918e-06 1.25746437847298e-06 1.22908819328645e-06 1.16666172934563e-06 1.09935691185573e-06 1.02175352646056e-06 9.49144997035077e-07 8.82641217920595e-07 8.22334526666905e-07 7.66541692916044e-07 7.14899528937226e-07 6.64976312236831e-07 6.14841508286924e-07 5.64665105956362e-07 5.24611410370316e-07 4.86647809705779e-07 4.65439706389251e-07 4.4619201936081e-07 4.33837218937946e-07 4.18395809181367e-07
5.42209752823862e-07 5.86404036268152e-07 6.40701397140865e-07 7.13170304460354e-07 7.95423808826414e-07 8.84301084258163e-07 9.7506216250974e-07 1.04774216153249e-06 1.11674235966113e-06 1.13636317491323e-06 1.15189331220409e-06 1.14661475348135e-06 1.13904503366264e-06 1.12594307577843e-06 1.11451665376198e-06 1.10539052721217e-06 1.09952003229762e-06 1.09631323466015e-06 1.07767136576571e-06 1.05171824682862e-06 1.03501596340134e-06 1.02052402348084e-06 1.02305711841895e-06 1.02677017638041e-06 1.03063378597037e-06 1.0254605617701e-06 9.82467276623039e-07 9.34408077565393e-07 8.75654340263516e-07 8.185148689585e-07 7.63348311700669e-07 7.12570103510482e-07 6.64988285569551e-07 6.21305525508051e-07 5.79237493066983e-07 5.37511875296009e-07 4.95853564258698e-07 4.6203963723113e-07 4.30103789257843e-07 4.13676628665466e-07 3.99366892531083e-07 3.92502095284301e-07 3.83451128799049e-07
