Ecospace-environmental-drivers/Outputs/ASCII-for-ecospace/MOM6-ISIMIP3a/chl/2016_mo10_avg50y_chl_MOM6-ISIMIP3a.asc
NCOLS 131 
NROWS 53 
XLLCORNER -98 
YLLCORNER 23.9265270233154 
CELLSIZE 0.133587792515755 
NODATA_value -9999 
[rows 19 to 37 of 53, columns 43 to 85 of 131]
1.11371478396904e-06 1.16045185450275e-06 1.21364095321042e-06 1.2714375327505e-06 1.33171501829565e-06 1.38732429604715e-06 1.44160594118148e-06 1.47461480878519e-06 1.50450792716583e-06 1.50906948306329e-06 1.51305803001378e-06 1.51413167031933e-06 1.50991224700192e-06 1.49291215507219e-06 1.4640716347003e-06 1.41897584285289e-06 1.3736496259753e-06 1.32813489472028e-06 1.23374160523326e-06 1.11619560442477e-06 1.00064619545037e-06 8.8557384088972e-07 7.99202090746576e-07 7.15793959784605e-07 6.46823037442346e-07 5.78881028019396e-07 5.15245095158434e-07 4.55546666700002e-07 4.0416060841153e-07 3.60703769217707e-07 3.26938071566474e-07 2.99625211681587e-07 2.77012502749585e-07 2.60187144078827e-07 2.45758524357598e-07 2.36686536396746e-07 2.28667530990379e-07 2.24912379849229e-07 2.21458280265097e-07 2.19402566017379e-07 2.17083530316131e-07 2.13838647766806e-07 2.08249800550675e-07
8.76566734859807e-07 9.08153981526993e-07 9.43843958793877e-07 9.84065172815463e-07 1.0267262501884e-06 1.06577932058372e-06 1.10380626210826e-06 1.1283916398952e-06 1.15109037096772e-06 1.15999949116485e-06 1.16857113084734e-06 1.17542600833076e-06 1.1788708354743e-06 1.17408171377065e-06 1.16246876018522e-06 1.1414875916671e-06 1.11933728533131e-06 1.09623042533258e-06 1.03040052408687e-06 9.44333671100139e-07 8.5222097368387e-07 7.58663723559039e-07 6.82656175996499e-07 6.08921956199993e-07 5.50727609294199e-07 4.93841459388022e-07 4.42430254565807e-07 3.94200215225737e-07 3.52685855062873e-07 3.17507272313833e-07 2.9007231006517e-07 2.67855272824136e-07 2.4943888874418e-07 2.36171826912823e-07 2.25037276777584e-07 2.1848305095773e-07 2.1282920826593e-07 2.10417180568356e-07 2.08201943223685e-07 2.06736317238665e-07 2.04988016037078e-07 2.02245817462199e-07 1.97575350853185e-07
6.56896588679956e-07 6.74728487410903e-07 6.94568018957398e-07 7.18304991664809e-07 7.44140556889761e-07 7.65428969771165e-07 7.85424167588644e-07 7.99023188164938e-07 8.11947950296599e-07 8.24344889451822e-07 8.36912414570179e-07 8.50347686878195e-07 8.62431332393498e-07 8.71251373268933e-07 8.78281753102783e-07 8.8285519495912e-07 8.82492419123082e-07 8.78090962146416e-07 8.40509916599785e-07 7.8721241408175e-07 7.19761206084968e-07 6.48928214701527e-07 5.82116755367679e-07 5.16677248185715e-07 4.67185013093285e-07 4.19326315608259e-07 3.78304138024532e-07 3.39923040684198e-07 3.07117455946582e-07 2.79148484736424e-07 2.57090850226405e-07 2.39353994260227e-07 2.24764325196247e-07 2.14723617375512e-07 2.06566789415774e-07 2.0225577870292e-07 1.98700763149873e-07 1.97328299549326e-07 1.96034534667433e-07 1.94719987121061e-07 1.93102408871937e-07 1.9041933853714e-07 1.86362560299358e-07
5.40626659528698e-07 5.51671153914413e-07 5.64015793997896e-07 5.80267381735666e-07 5.98622707457252e-07 6.13674385192553e-07 6.2778651596318e-07 6.38468347915477e-07 6.48833791956349e-07 6.60137255295012e-07 6.71675066996613e-07 6.84405000583865e-07 6.96122494332485e-07 7.05395323166158e-07 7.13911531420308e-07 7.21389004070261e-07 7.24830916851715e-07 7.24971046679457e-07 6.99367304264342e-07 6.61569256124039e-07 6.11170110573767e-07 5.57760137525065e-07 5.03298611533864e-07 4.4966107111577e-07 4.09067819617803e-07 3.69949983678453e-07 3.37006906505621e-07 3.05980790216154e-07 2.79001542651258e-07 2.55707558523e-07 2.36917726823549e-07 2.22042927759958e-07 2.10019785242821e-07 2.01790887928155e-07 1.95133324467633e-07 1.91692147240019e-07 1.88883236376114e-07 1.87721348368086e-07 1.8657164972069e-07 1.84945173771212e-07 1.82927951755119e-07 1.795368399371e-07 1.75390769641126e-07
4.35008259671577e-07 4.39966755436672e-07 4.45650472613579e-07 4.55287328406939e-07 4.67052771853105e-07 4.76927302770491e-07 4.86264054870844e-07 4.94727194393363e-07 5.03151631789933e-07 5.12945340176429e-07 5.2299056847005e-07 5.34315234119731e-07 5.44836463802767e-07 5.53417677906509e-07 5.61923552879762e-07 5.70325991873233e-07 5.75962011737374e-07 5.79334639212448e-07 5.64078061415785e-07 5.39997240878165e-07 5.05684072322765e-07 4.68926054963958e-07 4.26962698583111e-07 3.85319012252694e-07 3.53532819730162e-07 3.23023695756319e-07 2.97859206312978e-07 2.73911795432014e-07 2.5253374204226e-07 2.33727217846536e-07 2.18063629233711e-07 2.05915544313484e-07 1.96328101935705e-07 1.8975560550416e-07 1.84431700347432e-07 1.81720725862533e-07 1.79523389078895e-07 1.78483258110873e-07 1.77394376663642e-07 1.75410621920946e-07 1.72953496644368e-07 1.68831974178829e-07 1.64556999067145e-07
3.73897011627378e-07 3.75498482867442e-07 3.7767624718299e-07 3.83641768735288e-07 3.91646823914016e-07 3.9919496202856e-07 4.06613159498193e-07 4.14140789501971e-07 4.21668604388969e-07 4.28898944733191e-07 4.36193001860374e-07 4.43811171351172e-07 4.50869389680975e-07 4.56575527039149e-07 4.62162316523518e-07 4.67585258832059e-07 4.71666230055234e-07 4.74649243642489e-07 4.63495515816703e-07 4.4564553491e-07 4.21136465433847e-07 3.95036313562969e-07 3.64013664295726e-07 3.33078108383233e-07 3.08332181475635e-07 2.84614881280731e-07 2.65202482694349e-07 2.46940627164349e-07 2.31107659232066e-07 2.1691159332704e-07 2.04716161107399e-07 1.9511545033879e-07 1.87404694429461e-07 1.81719681933146e-07 1.76873597581562e-07 1.7433206622286e-07 1.72243556733065e-07 1.70911856116618e-07 1.69496941140324e-07 1.66995315851182e-07 1.6410716668247e-07 1.59859981181398e-07 1.55694737173917e-07
3.15604910952061e-07 3.14378593202491e-07 3.1366592608606e-07 3.16379020262048e-07 3.2093673510758e-07 3.26143489814967e-07 3.31534836988112e-07 3.37843608519961e-07 3.44189767247371e-07 3.4900989533071e-07 3.53748933719089e-07 3.58075470785479e-07 3.62075552260421e-07 3.65287384482826e-07 3.68387700007133e-07 3.71334920004074e-07 3.74110179421905e-07 3.76744744983171e-07 3.6948329679376e-07 3.57534323143227e-07 3.41971771433691e-07 3.25545815513806e-07 3.04572277940451e-07 2.8348837673775e-07 2.6534527506783e-07 2.48002400695668e-07 2.34008561648125e-07 2.21083124642973e-07 2.10413162307077e-07 2.00565554564491e-07 1.91723026432555e-07 1.84613892173502e-07 1.78767339349406e-07 1.74030054864716e-07 1.69752158569736e-07 1.67304404783408e-07 1.65216412568725e-07 1.63539448010397e-07 1.61760960821766e-07 1.58842034352347e-07 1.5562541335612e-07 1.51362081766138e-07 1.47356339113003e-07
2.69673991084574e-07 2.6794043691325e-07 2.6703621600177e-07 2.68333674995347e-07 2.70816643705984e-07 2.73616274171218e-07 2.76505966496643e-07 2.80353461477034e-07 2.84268135146704e-07 2.8734963038346e-07 2.90393741977368e-07 2.93247675955399e-07 2.95964890284495e-07 2.98351978074152e-07 3.00862687510062e-07 3.03543110504734e-07 3.06105953882252e-07 3.08572595884016e-07 3.04280080172248e-07 2.9678590337312e-07 2.86409669598697e-07 2.75344812052936e-07 2.60510960714555e-07 2.45523260815617e-07 2.32064952001565e-07 2.19266338064017e-07 2.09228614238555e-07 2.00108732428816e-07 1.92926485453881e-07 1.86278515883487e-07 1.80283537787318e-07 1.7542133804227e-07 1.71384234590732e-07 1.67858846822355e-07 1.64545379561787e-07 1.61859620675386e-07 1.59297252935176e-07 1.57039564356864e-07 1.54732906025856e-07 1.51837662514254e-07 1.4874223339234e-07 1.44942938504755e-07 1.41314946660032e-07
2.2832318236965e-07 2.26344565987802e-07 2.25335577255237e-07 2.25513097262819e-07 2.26329503192346e-07 2.27106701657931e-07 2.27872746876301e-07 2.29554123620801e-07 2.31318915808743e-07 2.32806177677958e-07 2.34327232249143e-07 2.36020177339924e-07 2.37778891971629e-07 2.39696402388745e-07 2.41933868210253e-07 2.44610584019256e-07 2.47120448335636e-07 2.49493798918365e-07 2.47608775794106e-07 2.43706660825183e-07 2.37610244226971e-07 2.30989537186588e-07 2.21438485255021e-07 2.11714902604854e-07 2.02410196266101e-07 1.93615898922417e-07 1.86957702084101e-07 1.81060098185526e-07 1.76768169666275e-07 1.7282493587345e-07 1.69307881492387e-07 1.66435186486069e-07 1.64031834088973e-07 1.61601742547646e-07 1.59160573645067e-07 1.56381799740757e-07 1.53536660718601e-07 1.50900495867745e-07 1.48253387379782e-07 1.45423765900432e-07 1.4249010504841e-07 1.39190639174558e-07 1.35955305040625e-07
1.96965498560075e-07 1.95313852486834e-07 1.94389452587984e-07 1.94092194618634e-07 1.94132629900423e-07 1.9372673435214e-07 1.93193904891587e-07 1.9335315911917e-07 1.93582468597242e-07 1.93790558284945e-07 1.94163553857152e-07 1.95375412630483e-07 1.96883350582766e-07 1.99106204092914e-07 2.01760681903806e-07 2.05007717966055e-07 2.07812476133995e-07 2.10255369097467e-07 2.09552856915707e-07 2.07360432540327e-07 2.03565996912403e-07 1.99388790207422e-07 1.93250937030598e-07 1.8697597766959e-07 1.80665897033805e-07 1.74697833159598e-07 1.70161131052282e-07 1.6621318337684e-07 1.63508142208002e-07 1.61189847176502e-07 1.59344237999903e-07 1.57899380752724e-07 1.56746429098575e-07 1.55157217704982e-07 1.53387338173161e-07 1.50831902629989e-07 1.48122047534116e-07 1.45548681871333e-07 1.4297069441227e-07 1.40298200932421e-07 1.37614842543599e-07 1.34893286087845e-07 1.32083142290185e-07
1.70353568336168e-07 1.68967120259822e-07 1.68018238184686e-07 1.67370694157398e-07 1.66885410095574e-07 1.65831325915633e-07 1.64615472044716e-07 1.63797552943379e-07 1.63034395939121e-07 1.62650025288258e-07 1.62508024033059e-07 1.63598916600449e-07 1.65065357435878e-07 1.67438595042313e-07 1.70239848529263e-07 1.7362870593729e-07 1.76428745675139e-07 1.78747026211568e-07 1.78899116463072e-07 1.7802513681886e-07 1.75948974288076e-07 1.7358557101943e-07 1.69974838684084e-07 1.66264540411021e-07 1.62352285713041e-07 1.58653331823189e-07 1.55847060625547e-07 1.53404394751533e-07 1.51729323221161e-07 1.50547668482659e-07 1.49969069269673e-07 1.49608139281554e-07 1.49405761362686e-07 1.48477568018279e-07 1.47248793069821e-07 1.45081478279963e-07 1.42729671210873e-07 1.40351364450453e-07 1.37970423139677e-07 1.35573339576922e-07 1.33218958637826e-07 1.31014724757961e-07 1.28614813377226e-07
1.49712183770134e-07 1.48513217794743e-07 1.47402630688021e-07 1.46561423761682e-07 1.45865267100476e-07 1.44835938016286e-07 1.4371185535822e-07 1.42602352894983e-07 1.41529885979708e-07 1.41417001486843e-07 1.41556443367108e-07 1.42979433519486e-07 1.44667660322284e-07 1.4699633581472e-07 1.49604385057955e-07 1.52595977311876e-07 1.55014358398375e-07 1.56963753852324e-07 1.57557929441055e-07 1.57510162352992e-07 1.56417922596574e-07 1.5507612445731e-07 1.52877751276037e-07 1.50620014096603e-07 1.48354762927738e-07 1.46224015082908e-07 1.44656180935954e-07 1.43159732459708e-07 1.41813985408135e-07 1.41154650634689e-07 1.41334248695557e-07 1.41624580010102e-07 1.41995565599018e-07 1.41502111006275e-07 1.40650659119501e-07 1.39078774736845e-07 1.37365270376222e-07 1.35348418837111e-07 1.33325461462164e-07 1.31352595644785e-07 1.29426171611158e-07 1.27663037403636e-07 1.25654540994447e-07
1.32943535646746e-07 1.32073476422079e-07 1.31164770849068e-07 1.30425574980109e-07 1.29777654862551e-07 1.28827629453099e-07 1.2779168507393e-07 1.26686849384328e-07 1.25623219275894e-07 1.25862484452455e-07 1.26323187714661e-07 1.2791031608117e-07 1.29680776836949e-07 1.3189391708579e-07 1.34287453903426e-07 1.36928655223301e-07 1.39037460371583e-07 1.4071067681698e-07 1.41573913481352e-07 1.42053478811022e-07 1.41591247739825e-07 1.4090398806843e-07 1.3958888189336e-07 1.3824006515506e-07 1.37028387712235e-07 1.35897760742409e-07 1.35106320868772e-07 1.3423016397951e-07 1.33175161778354e-07 1.32802492061046e-07 1.33263772710279e-07 1.33886670710126e-07 1.34627291146217e-07 1.34551628292456e-07 1.34137914642452e-07 1.33062653446814e-07 1.31857346445941e-07 1.30227090551216e-07 1.28590195060951e-07 1.27042177098247e-07 1.25546529687881e-07 1.24235020848573e-07 1.22651153873221e-07
1.19079477798323e-07 1.18644398270362e-07 1.18210265540597e-07 1.17794842964258e-07 1.1738949268647e-07 1.16559681089257e-07 1.15609152189222e-07 1.14731170768323e-07 1.1391499285196e-07 1.14566906290747e-07 1.15378735188187e-07 1.17004032063051e-07 1.18752059421467e-07 1.2079643170182e-07 1.22959475561402e-07 1.25285441612277e-07 1.27138735024346e-07 1.28605302194273e-07 1.2960783458027e-07 1.30390564692107e-07 1.30292901303619e-07 1.29984883017187e-07 1.29156215962212e-07 1.28308578979386e-07 1.27705403656364e-07 1.27148822457457e-07 1.26787243885929e-07 1.26286929855723e-07 1.25493734515203e-07 1.25230987180203e-07 1.25616558079855e-07 1.26333004999424e-07 1.27290454230433e-07 1.27619878327323e-07 1.27689216355975e-07 1.27036469024233e-07 1.26241777280711e-07 1.25016973981928e-07 1.23787201715686e-07 1.22664502697489e-07 1.2160174719611e-07 1.20749756433725e-07 1.19615429667874e-07
1.08756903358653e-07 1.08675247858514e-07 1.08649577157394e-07 1.08648558310165e-07 1.08660813253891e-07 1.08248580588111e-07 1.07715622732485e-07 1.07174248356046e-07 1.06681324183455e-07 1.07519724110716e-07 1.08476515094935e-07 1.10035538511966e-07 1.11724579596739e-07 1.13727556936283e-07 1.15737139196881e-07 1.17755789972307e-07 1.19314521853653e-07 1.20496963944561e-07 1.21352376964978e-07 1.22052883071433e-07 1.22031031324354e-07 1.21836583275581e-07 1.21229343221785e-07 1.20609553846407e-07 1.20219840340496e-07 1.19880912023973e-07 1.19754518550508e-07 1.19544949654937e-07 1.19159793143808e-07 1.19121294943625e-07 1.19506482576526e-07 1.20277939572588e-07 1.21330748896753e-07 1.21946174971299e-07 1.22380467217909e-07 1.21914663111511e-07 1.21271920932031e-07 1.20207297555908e-07 1.1914105286337e-07 1.18211579689387e-07 1.17378744306507e-07 1.16885694296798e-07 1.16150076365784e-07
9.99521292754935e-08 1.0018895096664e-07 1.00543402439257e-07 1.00995630347711e-07 1.01500508264962e-07 1.01633299181003e-07 1.01660268327919e-07 1.01502537006581e-07 1.01365352236371e-07 1.02293310959567e-07 1.03306705057093e-07 1.04754694802978e-07 1.06369082857327e-07 1.08385255828125e-07 1.10274390223708e-07 1.1198911977317e-07 1.13236556771312e-07 1.1410166649739e-07 1.14687208210285e-07 1.15140324083995e-07 1.15070528892147e-07 1.14875792007751e-07 1.14376397988281e-07 1.13867311171134e-07 1.13521755906731e-07 1.13247735811228e-07 1.13273092097188e-07 1.13317799588231e-07 1.13403357033803e-07 1.13638103869107e-07 1.14055192170781e-07 1.14865143956422e-07 1.15961250060082e-07 1.16811642527637e-07 1.17560276038375e-07 1.17180453713672e-07 1.16578803215361e-07 1.15569243632763e-07 1.14562123059159e-07 1.13726405999159e-07 1.13036502256136e-07 1.12859286076628e-07 1.12500592734932e-07
9.41936378495711e-08 9.46007697422147e-08 9.51994432085712e-08 9.60084027923358e-08 9.69305914111374e-08 9.7498549678221e-08 9.79657656330346e-08 9.80752680845853e-08 9.81800562271928e-08 9.9146064087563e-08 1.00194517074215e-07 1.01662356968291e-07 1.03260290416074e-07 1.05172351752003e-07 1.06884272454977e-07 1.0832142891104e-07 1.09269136885359e-07 1.09816392281914e-07 1.10052379227454e-07 1.10140926068425e-07 1.09874223497286e-07 1.09522640343585e-07 1.09229596176874e-07 1.08950317923018e-07 1.0881286584663e-07 1.08764429995745e-07 1.0908853738556e-07 1.09430675365729e-07 1.0981087839923e-07 1.10165729125811e-07 1.10489599762786e-07 1.11216497060695e-07 1.12236953953015e-07 1.13052247456835e-07 1.13782575823507e-07 1.1347548038998e-07 1.12964450380559e-07 1.11970023084496e-07 1.109705125657e-07 1.10096227814438e-07 1.09381587805046e-07 1.09228272293649e-07 1.09051772909652e-07
8.90654241203492e-08 8.96122129034893e-08 9.04269901269572e-08 9.15727105166297e-08 9.2896628558492e-08 9.38770264014011e-08 9.47597266076627e-08 9.51123786308017e-08 9.54355992632827e-08 9.64289993277134e-08 9.75080542531259e-08 9.90228227237822e-08 1.00616343203797e-07 1.02400020765003e-07 1.03922983498705e-07 1.05088019068944e-07 1.0573839304584e-07 1.0596768369453e-07 1.0583762950489e-07 1.05537361534402e-07 1.05042932077026e-07 1.04502111355487e-07 1.0443579725461e-07 1.04410970607205e-07 1.04515542034278e-07 1.04725935727856e-07 1.05379208861223e-07 1.06027706152645e-07 1.06666122690058e-07 1.07109396196847e-07 1.07314161539307e-07 1.07932856536763e-07 1.08853050164726e-07 1.0957736861883e-07 1.1022056753518e-07 1.09983457008411e-07 1.09573297208954e-07 1.08585739297951e-07 1.0758317941395e-07 1.06642948765057e-07 1.05868883935045e-07 1.05679065001141e-07 1.05644470949073e-07
8.60245199874044e-08 8.67741700716351e-08 8.78384339131344e-08 8.91449055728799e-08 9.05817972807199e-08 9.15565212977754e-08 9.23998047852592e-08 9.28529173194192e-08 9.32890915805729e-08 9.4346216883423e-08 9.54602823100004e-08 9.68639931642201e-08 9.82979085506486e-08 9.98047581646233e-08 1.01117356763325e-07 1.02163278512535e-07 1.0274213110506e-07 1.02938844221967e-07 1.02724297619261e-07 1.02314947980631e-07 1.01766875530984e-07 1.01185656262714e-07 1.0134229370351e-07 1.01569064696605e-07 1.02078862198596e-07 1.02664665462271e-07 1.03568562366263e-07 1.0441772019476e-07 1.05151318194885e-07 1.05526389404531e-07 1.0546326535632e-07 1.05739110409786e-07 1.06261854426748e-07 1.06660232006561e-07 1.07007105896173e-07 1.06663779888549e-07 1.06184776313967e-07 1.05311935669761e-07 1.0443595073184e-07 1.0367173175041e-07 1.0304833324426e-07 1.02920065927492e-07 1.03026015239038e-07
