Ecospace-environmental-drivers/Outputs/ASCII-for-ecospace/MOM6-ISIMIP3a/chl/2016_mo11_avg31y_chl_MOM6-ISIMIP3a.asc
NCOLS 131 
NROWS 53 
XLLCORNER -98 
YLLCORNER 23.9265270233154 
CELLSIZE 0.133587792515755 
NODATA_value -9999 
[rows 0 to 18 of 53, columns 43 to 85 of 131]
-9999 -9999 -9999 -9999 -9999 -9999 -9999 -9999 -9999 -9999 -9999 -9999 -9999 -9999 -9999 -9999 -9999 -9999 -9999 -9999 -9999 -9999 -9999 -9999 -9999 -9999 -9999 -9999 -9999 -9999 -9999 -9999 -9999 -9999 -9999 -9999 -9999 -9999 -9999 -9999 -9999 -9999 -9999
-9999 -9999 -9999 -9999 -9999 -9999 -9999 -9999 -9999 -9999 -9999 -9999 -9999 -9999 -9999 -9999 -9999 -9999 -9999 -9999 -9999 -9999 -9999 -9999 -9999 -9999 -9999 -9999 -9999 -9999 -9999 -9999 -9999 -9999 -9999 -9999 -9999 -9999 -9999 -9999 -9999 -9999 -9999
-9999 -9999 -9999 -9999 -9999 -9999 -9999 -9999 -9999 -9999 -9999 -9999 -9999 -9999 -9999 -9999 -9999 -9999 -9999 -9999 -9999 -9999 -9999 -9999 -9999 -9999 -9999 -9999 -9999 -9999 -9999 1.90516263662557e-06 1.81544605069458e-06 -9999 -9999 -9999 -9999 -9999 -9999 -9999 -9999 -9999 -9999
-9999 -9999 -9999 -9999 -9999 -9999 -9999 -9999 -9999 -9999 -9999 -9999 -9999 -9999 -9999 -9999 -9999 -9999 -9999 -9999 -9999 -9999 -9999 -9999 -9999 -9999 -9999 -9999 -9999 -9999 -9999 1.91340040322346e-06 1.83108209460941e-06 -9999 -9999 -9999 -9999 -9999 -9999 -9999 -9999 -9999 -9999
-9999 -9999 -9999 -9999 -9999 -9999 -9999 -9999 -9999 -9999 -9999 -9999 -9999 -9999 -9999 -9999 -9999 -9999 -9999 -9999 -9999 -9999 2.33328616940848e-06 2.32654521471798e-06 2.32115246856871e-06 2.28969526922869e-06 2.2538030069911e-06 2.17265567463924e-06 2.08843709970097e-06 2.01869242881648e-06 1.96888307498504e-06 1.92544071399337e-06 1.84587741702466e-06 1.72192810100935e-06 -9999 -9999 1.0981228393986e-06 8.98357434435169e-07 7.63170819042106e-07 6.75187231715955e-07 6.39032826425577e-07 6.16004644283044e-07 6.05293126359503e-07
-9999 -9999 -9999 -9999 -9999 -9999 -9999 -9999 -9999 -9999 -9999 -9999 -9999 -9999 -9999 -9999 -9999 -9999 2.34791605913826e-06 -9999 2.33230134800843e-06 2.31932819089355e-06 2.32682344675038e-06 2.33328616940848e-06 2.32519702084603e-06 2.32115246856871e-06 2.25823808455795e-06 2.18201847884859e-06 2.07771050451899e-06 2.005582312068e-06 1.97278444419123e-06 1.92828244485833e-06 1.87525532536007e-06 1.73409449048229e-06 1.55643449360351e-06 1.32275521919258e-06 1.07806388309618e-06 8.93549415448639e-07 7.23459002697822e-07 6.72504049981809e-07 6.29598633299939e-07 6.14995768948516e-07 6.03419537476897e-07
-9999 -9999 -9999 -9999 -9999 -9999 -9999 -9999 -9999 -9999 -9999 -9999 -9999 -9999 2.61885965037143e-06 2.61808981444882e-06 2.61727286816759e-06 2.61440291362833e-06 2.47995952181114e-06 2.34970168328859e-06 2.34613040564938e-06 2.33144543281308e-06 2.31932819089355e-06 2.32785601662228e-06 2.33328616940848e-06 2.32115246856871e-06 2.25823808455795e-06 2.18201847884859e-06 2.07771050451899e-06 2.005582312068e-06 1.97278444419123e-06 1.92828244485833e-06 1.87525532536007e-06 1.73409449048229e-06 1.55643449360351e-06 1.32275521919258e-06 1.07806388309618e-06 8.93549415448639e-07 7.23459002697822e-07 6.72504049981809e-07 6.29598633299939e-07 6.14995768948516e-07 6.03419537476897e-07
-9999 -9999 -9999 -9999 -9999 -9999 -9999 -9999 -9999 -9999 -9999 -9999 -9999 -9999 2.62298717937102e-06 2.61885965037143e-06 2.61731997852621e-06 -9999 2.61024976474977e-06 2.47807677242822e-06 2.3532729609278e-06 2.34613040564938e-06 2.3288777018963e-06 2.31932819089355e-06 2.33095367489553e-06 2.31468453098534e-06 2.18167372901418e-06 2.03575361792314e-06 1.86258095650814e-06 1.74419826011686e-06 1.69278003949653e-06 1.63525876928361e-06 1.5732921319282e-06 1.45067970482072e-06 1.30295177359952e-06 1.12439400138995e-06 9.39775814444029e-07 8.04684826184418e-07 6.79487018737012e-07 6.33016386949924e-07 5.94111697186265e-07 5.81809202106254e-07 5.74098302030096e-07
-9999 -9999 2.38557640108e-06 -9999 -9999 -9999 -9999 -9999 -9999 -9999 -9999 -9999 -9999 -9999 -9999 -9999 -9999 -9999 2.6122769404244e-06 2.6026920471439e-06 2.4760113099605e-06 2.36041556021401e-06 2.34613040564938e-06 2.32117448714205e-06 2.33612795895052e-06 2.30768559518882e-06 2.09762742997555e-06 1.87534563029922e-06 1.62725878329096e-06 1.45815846141681e-06 1.38559594123792e-06 1.31342756736602e-06 1.24154627201278e-06 1.1394527985526e-06 1.02484742527512e-06 9.06668474033634e-07 7.8778703944467e-07 7.06627130027975e-07 6.30417069887259e-07 5.88914678514225e-07 5.54422973939308e-07 5.44581192871779e-07 5.41016366502199e-07
-9999 2.38557640108e-06 2.37991921201155e-06 2.37429340784494e-06 2.37267188147657e-06 -9999 -9999 -9999 -9999 -9999 -9999 -9999 -9999 -9999 2.53588343419382e-06 2.62721791401536e-06 -9999 -9999 -9999 2.60527021524585e-06 2.59010491918748e-06 2.47813553752137e-06 2.37470070010937e-06 2.37665237305449e-06 2.36574618200745e-06 2.30706782091264e-06 2.04845825406195e-06 1.78666656145123e-06 1.5181570934293e-06 1.3213474330182e-06 1.21216968803735e-06 1.11919264382308e-06 1.03801592021477e-06 9.53365009818739e-07 8.67275320061825e-07 7.79972459722998e-07 6.92431137116317e-07 6.31735244016249e-07 5.74139549723529e-07 5.37117096376777e-07 5.05940825005822e-07 4.95320003049147e-07 4.90842705032939e-07
2.3832702379056e-06 2.38253825603263e-06 2.37753644591242e-06 2.37402577435968e-06 2.37131799592809e-06 2.37111816380592e-06 -9999 -9999 -9999 -9999 -9999 -9999 -9999 -9999 2.49900079823771e-06 2.57578012825698e-06 2.62721791401536e-06 -9999 -9999 2.60654223893653e-06 2.59040883711057e-06 2.57336370351925e-06 2.50607398254121e-06 2.43678926293092e-06 2.38870723390597e-06 2.29230674023946e-06 1.99368864081583e-06 1.70054299851765e-06 1.41895022275387e-06 1.20047632061605e-06 1.05914666674365e-06 9.47842886214476e-07 8.58409503364548e-07 7.88703212789744e-07 7.2716657068521e-07 6.6691493457476e-07 6.06915886780165e-07 5.64022471852724e-07 5.22668216721315e-07 4.90161374771912e-07 4.62250181587273e-07 4.50497499433632e-07 4.44520713285196e-07
2.3823647772529e-06 2.38056395573949e-06 2.37702461309973e-06 2.37402577435968e-06 2.37131799592809e-06 2.37071844088449e-06 2.3666117789206e-06 2.3615070712103e-06 -9999 -9999 -9999 -9999 -9999 -9999 -9999 2.56255386023352e-06 2.61339577293491e-06 2.62721791401536e-06 2.61885965037143e-06 2.60654223893653e-06 2.59040883711057e-06 2.57336370351925e-06 2.55178366798294e-06 2.5219161553621e-06 2.37596051896793e-06 2.20168359896155e-06 1.90887926105314e-06 1.62812693265697e-06 1.3728173059697e-06 1.16510384285198e-06 1.01556262628096e-06 8.99244839509324e-07 8.07126474272434e-07 7.3896628205808e-07 6.80728004087336e-07 6.27011590290016e-07 5.74184065455131e-07 5.34817047995632e-07 4.96976351054136e-07 4.69176452241065e-07 4.44260253989488e-07 4.29483275037191e-07 4.1885830167728e-07
2.36809864139603e-06 2.37318154323739e-06 2.37351441829824e-06 2.37254403879389e-06 2.37087188877687e-06 2.3684416895952e-06 2.36579593283457e-06 2.36149105236813e-06 -9999 -9999 -9999 -9999 2.3780510658863e-06 2.43069718136769e-06 2.4947383559676e-06 2.57442348488586e-06 2.61849974718174e-06 2.6334418429718e-06 2.63130559394467e-06 2.62107976361163e-06 2.61441739219722e-06 2.60860647652026e-06 2.62109835691057e-06 2.61814244045273e-06 2.37204689725449e-06 2.11848987785948e-06 1.83370572461084e-06 1.56706328784968e-06 1.33871937409382e-06 1.14400247107662e-06 9.90384637955891e-07 8.70312119203728e-07 7.74673465332765e-07 7.05314032841436e-07 6.46837729472017e-07 5.96745806547005e-07 5.4830205625979e-07 5.12107867910844e-07 4.77437494385325e-07 4.53221535541425e-07 4.30437061305794e-07 4.12685736250751e-07 3.97728372501749e-07
2.32043012440573e-06 2.35227856049483e-06 2.36250827818426e-06 2.36735790930388e-06 2.36931048440907e-06 2.36799859697884e-06 2.36575829882396e-06 2.36149105236813e-06 2.35723420642429e-06 2.3588597154993e-06 2.36043021481413e-06 2.36172063376862e-06 2.3780510658863e-06 2.43069718136769e-06 2.4947383559676e-06 2.57442348488586e-06 2.62984233432367e-06 2.66540718580326e-06 2.67486717025496e-06 2.67196185544186e-06 2.69844854154789e-06 2.73195793500148e-06 2.74942655573062e-06 2.74211764360277e-06 2.39021653669624e-06 2.05387022062144e-06 1.78262228605637e-06 1.53438125035762e-06 1.33470953755932e-06 1.15857965320467e-06 1.0112227302685e-06 8.90543730285513e-07 7.89296504055323e-07 7.11874300639964e-07 6.44318848139113e-07 5.90574417412515e-07 5.3954490813486e-07 5.05639620439157e-07 4.73281465287396e-07 4.49841907780982e-07 4.27030938552772e-07 4.06430097376459e-07 3.87929880906584e-07
2.22011520588327e-06 2.27193349048555e-06 2.30095863498131e-06 2.32483338432728e-06 2.34593487162314e-06 2.35730329134845e-06 2.36590358326794e-06 2.36425073800943e-06 2.36167503434474e-06 2.36251963953339e-06 2.36363847937854e-06 2.36615240341522e-06 2.38168498864041e-06 2.42865255659713e-06 2.48322212134935e-06 2.5482282404893e-06 2.60030381674193e-06 2.64180002593475e-06 2.65807525759174e-06 2.66240383626287e-06 2.69160936876424e-06 2.7267588305427e-06 2.72546288127365e-06 2.6976388125472e-06 2.3201450564938e-06 1.96670280348049e-06 1.71391850435318e-06 1.48476926787841e-06 1.30551551309978e-06 1.14354840309628e-06 1.00270909155692e-06 8.84081787849174e-07 7.81633323570884e-07 7.00820292866322e-07 6.28967244108114e-07 5.75198248314689e-07 5.24984144586567e-07 4.94366324507991e-07 4.65275366793556e-07 4.44010740719228e-07 4.2266050983134e-07 4.01009287081193e-07 3.80599635076901e-07
2.04536794875997e-06 2.10754814317272e-06 2.16794971434396e-06 2.22951934442643e-06 2.29171801478397e-06 2.33211321462858e-06 2.36630755294285e-06 2.37091208990962e-06 2.37239441224618e-06 2.37135401631906e-06 2.37138272407925e-06 2.3768498654282e-06 2.39045661029166e-06 2.42371722760577e-06 2.45542404656824e-06 2.48499769705015e-06 2.5129669695396e-06 2.5396235697929e-06 2.55595457401209e-06 2.56739455776809e-06 2.55629616995359e-06 2.53981263467135e-06 2.48618633327902e-06 2.41499679437003e-06 2.12531688248419e-06 1.84765708911894e-06 1.62030274960641e-06 1.41122139637211e-06 1.24071568514468e-06 1.08665623641965e-06 9.52697484257031e-07 8.3987999969835e-07 7.42461488991995e-07 6.64862944914133e-07 5.95472533217939e-07 5.46808211670542e-07 5.02218145378896e-07 4.76299557901932e-07 4.518259704729e-07 4.34713543441948e-07 4.16926737091583e-07 3.96768751531248e-07 3.76759029193401e-07
1.89600038333259e-06 1.95837860554738e-06 2.03072857901486e-06 2.10804867331336e-06 2.18804497777573e-06 2.24497556143521e-06 2.29534630453864e-06 2.31153018332055e-06 2.32366109699914e-06 2.32084469996241e-06 2.31916064583328e-06 2.3232370157559e-06 2.33131984919788e-06 2.34907675040895e-06 2.36041413729488e-06 2.36293846917819e-06 2.374939655173e-06 2.39469462089361e-06 2.39768347352853e-06 2.3927306037583e-06 2.34717977916936e-06 2.29192875717525e-06 2.20707945866325e-06 2.1120028665586e-06 1.89766445424949e-06 1.68686954515168e-06 1.49090446609168e-06 1.3074379089337e-06 1.15035669706788e-06 1.00836272424438e-06 8.84808451195157e-07 7.80200444465194e-07 6.89392627170873e-07 6.17770669831067e-07 5.54094220943156e-07 5.11952843530414e-07 4.74044744046589e-07 4.53608251863472e-07 4.34491690912769e-07 4.21948562971451e-07 4.08409580047426e-07 3.91369125494631e-07 3.7326687759325e-07
1.76800551065342e-06 1.82202254270505e-06 1.88996024198493e-06 1.9645509830239e-06 2.04272405499655e-06 2.10567072240191e-06 2.16428703982186e-06 2.19653203760484e-06 2.22486167903328e-06 2.2203609271474e-06 2.21643981677194e-06 2.21546722954255e-06 2.21499617729874e-06 2.21573626027572e-06 2.20880391562758e-06 2.19133844512403e-06 2.19422499427427e-06 2.21376300516802e-06 2.19212705771145e-06 2.15098790953738e-06 2.07591229413552e-06 1.99272812639514e-06 1.89443073850271e-06 1.79187012170059e-06 1.64237011660824e-06 1.49093045453605e-06 1.3313730415766e-06 1.17819245353472e-06 1.03847384942187e-06 9.12046711817076e-07 8.0186449090727e-07 7.07486773509822e-07 6.24620830814321e-07 5.61301454863937e-07 5.06076994790947e-07 4.71652899961789e-07 4.41317665479713e-07 4.27022530310927e-07 4.13885869977915e-07 4.06263291739056e-07 3.97548494253251e-07 3.84993406273239e-07 3.7006815676382e-07
1.59969191269826e-06 1.64264190149674e-06 1.69750631122893e-06 1.76097499925456e-06 1.82907669729884e-06 1.88824679063996e-06 1.94487672762344e-06 1.97928756968453e-06 2.01038926294836e-06 2.01355291459725e-06 2.01640609482697e-06 2.01767988983192e-06 2.0183793792732e-06 2.01769199197917e-06 2.00994195658437e-06 1.99249583117982e-06 1.99646882676109e-06 2.01796636966103e-06 1.98639743449612e-06 1.92969209746802e-06 1.8400560880001e-06 1.74255187117054e-06 1.64019199781896e-06 1.5367045545733e-06 1.42166043170003e-06 1.30326426433531e-06 1.17083944466627e-06 1.04236246186467e-06 9.22219718111064e-07 8.13003553855284e-07 7.17141905544204e-07 6.35043193142337e-07 5.62969188055626e-07 5.09397865251289e-07 4.63489158164521e-07 4.36490935381669e-07 4.13210066822543e-07 4.03251764080984e-07 3.94220512406161e-07 3.89425616914753e-07 3.83724862408305e-07 3.7483907716808e-07 3.63135920301536e-07
