Ecospace-environmental-drivers/Outputs/ASCII-for-ecospace/MOM6-ISIMIP3a/chl/2016_mo08_avg31y_chl_MOM6-ISIMIP3a.asc
NCOLS 131 
NROWS 53 
XLLCORNER -98 
YLLCORNER 23.9265270233154 
CELLSIZE 0.133587792515755 
NODATA_value -9999 
[rows 19 to 37 of 53, columns 86 to 128 of 131]
2.73279918551159e-07 2.68960970943006e-07 2.62322320768619e-07 2.49961548348665e-07 2.33898281789475e-07 2.17587889039805e-07 2.01188723028992e-07 1.81539007597152e-07 1.61378891783853e-07 1.41326687471079e-07 1.21719057829288e-07 1.05322309497436e-07 8.93204263813767e-08 7.45031133560808e-08 6.36397200170699e-08 5.9266592608486e-08 6.25518239069555e-08 7.32795447261526e-08 1.02602237186675e-07 1.4258025206371e-07 2.50269045115066e-07 3.78840026646612e-07 6.34472599362227e-07 9.0877970783074e-07 1.33959144473891e-06 1.73704345324803e-06 1.94546480396375e-06 2.11330282970648e-06 2.17604337554041e-06 -9999 -9999 -9999 -9999 -9999 -9999 -9999 -9999 -9999 -9999 -9999 -9999 -9999 -9999
2.56689871996e-07 2.54296466780048e-07 2.50438947801968e-07 2.4232536802977e-07 2.3145791474125e-07 2.19345621866479e-07 2.06786164277849e-07 1.90032910296623e-07 1.72621151895944e-07 1.52498083666284e-07 1.32739334191001e-07 1.15757432829175e-07 9.89567757915577e-08 8.26998262845512e-08 6.89204204531375e-08 5.92078425284164e-08 5.5589764075091e-08 5.78943946546558e-08 7.19094943877412e-08 9.26349477985637e-08 1.56021377208507e-07 2.32564570382927e-07 4.26828015340488e-07 6.39163223853199e-07 1.03165846835949e-06 1.40190941292971e-06 1.64611453380032e-06 1.81618813969415e-06 1.79428521978626e-06 -9999 -9999 -9999 -9999 -9999 -9999 -9999 -9999 -9999 -9999 -9999 -9999 -9999 -9999
2.4034067398625e-07 2.39543728336993e-07 2.38041928304989e-07 2.33722866895395e-07 2.27580905002909e-07 2.19461970259765e-07 2.10632876817748e-07 1.97015678266201e-07 1.82646656508811e-07 1.62901109834387e-07 1.43403424647571e-07 1.25978692080348e-07 1.08720816492971e-07 9.19635024476315e-08 7.638331406805e-08 6.27353503912878e-08 5.3500285606707e-08 4.85537311288542e-08 5.11001439872049e-08 5.79401882171462e-08 8.90322531684858e-08 1.276037085888e-07 2.53086278873173e-07 3.93279512927107e-07 7.28964404710232e-07 1.05485139235659e-06 1.32521910245487e-06 1.55912522909456e-06 -9999 -9999 -9999 -9999 -9999 -9999 -9999 -9999 -9999 -9999 -9999 -9999 -9999 -9999 -9999
2.22507849221001e-07 2.22415337473634e-07 2.21773021738984e-07 2.1947083198832e-07 2.160946301899e-07 2.10913459485959e-07 2.0508391865024e-07 1.94681014993458e-07 1.83560006248736e-07 1.66367853572344e-07 1.4920866847444e-07 1.32603826815072e-07 1.16065864303085e-07 9.97285361389429e-08 8.41734272820495e-08 6.99023112082203e-08 5.8679431722266e-08 5.04188665584685e-08 4.83208140740353e-08 4.97540146430112e-08 6.87938567473852e-08 9.32636352089386e-08 1.81603522929296e-07 2.80641327868403e-07 5.18193616017015e-07 7.56099135588234e-07 9.96006229291696e-07 1.16870317821937e-06 1.16734762495834e-06 1.19437870140363e-06 -9999 -9999 -9999 -9999 -9999 -9999 -9999 -9999 -9999 -9999 -9999 -9999 -9999
2.04564504690369e-07 2.05056955845492e-07 2.05118046590857e-07 2.04622134404989e-07 2.03765812595828e-07 2.0137459860199e-07 1.98432027282765e-07 1.91222852663486e-07 1.83343740419119e-07 1.68912112168263e-07 1.5429566842833e-07 1.38682927335536e-07 1.23018354671448e-07 1.07198287178878e-07 9.18510033623152e-08 7.72797821147994e-08 6.44428942610287e-08 5.32914523979167e-08 4.71774427409393e-08 4.39499919182143e-08 5.27387801100538e-08 6.52334083524913e-08 1.19588362037443e-07 1.80683618891048e-07 3.20184486809232e-07 4.6965510500007e-07 6.75618597626688e-07 8.0088687991153e-07 7.17180806154536e-07 8.48408457122493e-07 8.97451408557191e-07 -9999 -9999 -9999 -9999 -9999 -9999 -9999 -9999 -9999 -9999 -9999 -9999
1.86680730343648e-07 1.86919107231769e-07 1.87007429183671e-07 1.87099226950192e-07 1.87193269344136e-07 1.86492928053799e-07 1.85507231769348e-07 1.81053110052729e-07 1.76054382427354e-07 1.65039210742179e-07 1.53698637415889e-07 1.40316744259581e-07 1.26563829180411e-07 1.11697877441987e-07 9.72562157546837e-08 8.35110173988317e-08 7.06215168351733e-08 5.85635936591101e-08 5.01421243737446e-08 4.38044226841282e-08 4.63683224003188e-08 5.16774999566898e-08 8.39926678459564e-08 1.20827707180084e-07 2.16070943789389e-07 3.24991688213202e-07 5.11415190053119e-07 6.4912821211428e-07 6.60696955382293e-07 6.49567055685082e-07 6.76721249933067e-07 -9999 -9999 -9999 -9999 -9999 -9999 -9999 -9999 -9999 -9999 -9999 -9999
1.69397637594579e-07 1.69340583648782e-07 1.69381598582167e-07 1.69920251288835e-07 1.70780896292128e-07 1.71551702793192e-07 1.72290241371156e-07 1.70434095854298e-07 1.68170535790897e-07 1.60487213368161e-07 1.52355798973296e-07 1.41264382385257e-07 1.29495378835768e-07 1.15693659784982e-07 1.02208776095011e-07 8.92439692325209e-08 7.64100727636677e-08 6.37033995446707e-08 5.32941562422336e-08 4.4201389616572e-08 4.12548581676315e-08 4.02038424344057e-08 5.3186015075961e-08 6.87177999091384e-08 1.23774433340655e-07 1.94857429575325e-07 3.56752777054592e-07 4.94742279545702e-07 5.70823412394636e-07 5.92981237904525e-07 -9999 -9999 -9999 -9999 -9999 -9999 -9999 -9999 -9999 -9999 -9999 -9999 -9999
1.54748358414186e-07 1.54214547024829e-07 1.538814131889e-07 1.54249319381866e-07 1.5507083353606e-07 1.5634936236009e-07 1.5779205623843e-07 1.57845142949085e-07 1.57680033445954e-07 1.52957574348347e-07 1.47742814684835e-07 1.39203332158713e-07 1.29735040087186e-07 1.17480385620367e-07 1.05176575921691e-07 9.27920810010707e-08 8.04882989218787e-08 6.82629569787936e-08 5.72676666231766e-08 4.69772229145578e-08 4.16529564674765e-08 3.78602717062442e-08 4.33779499488654e-08 5.05719219332942e-08 8.32923191063812e-08 1.28429421133733e-07 2.43924961892155e-07 3.70218715726966e-07 5.24476343072468e-07 6.15928247644925e-07 -9999 -9999 -9999 -9999 -9999 -9999 -9999 -9999 -9999 -9999 -9999 -9999 -9999
1.40322817566313e-07 1.39406269008833e-07 1.38853973079412e-07 1.39103222990446e-07 1.3987110927547e-07 1.41586017576856e-07 1.43641111163201e-07 1.45358181348163e-07 1.47022177314269e-07 1.45033021062369e-07 1.42515680346561e-07 1.36366976778757e-07 1.29087512292362e-07 1.184158465334e-07 1.07340647166475e-07 9.56030592326149e-08 8.38969747007923e-08 7.22215059656059e-08 6.08960671995866e-08 4.97712024425819e-08 4.2577524817672e-08 3.6596236120365e-08 3.64398384441932e-08 3.73004731331563e-08 5.26832493615955e-08 7.71072754033749e-08 1.52762953484119e-07 2.59860757886776e-07 4.48383462889245e-07 5.36154408612146e-07 -9999 -9999 -9999 -9999 -9999 -9999 -9999 -9999 -9999 -9999 -9999 -9999 -9999
1.26385441811019e-07 1.25291297795486e-07 1.24858005511713e-07 1.2510224391899e-07 1.257848768799e-07 1.27780505488501e-07 1.3024778239458e-07 1.3309375233458e-07 1.359991833558e-07 1.36246820334823e-07 1.35948563489078e-07 1.31839021305825e-07 1.26504268508605e-07 1.17493974291773e-07 1.07751104096568e-07 9.68057200852414e-08 8.58447887112341e-08 7.48687461561032e-08 6.37714886775689e-08 5.26047745578793e-08 4.46507755787061e-08 3.76875857546844e-08 3.57635473064068e-08 3.46643155756782e-08 4.36157116445018e-08 5.87439118710849e-08 1.08872568251084e-07 1.8041008148327e-07 3.07389582633644e-07 3.97287076412472e-07 -9999 -9999 -9999 -9999 -9999 -9999 -9999 -9999 -9999 -9999 -9999 -9999 -9999
1.13462482821367e-07 1.12231044185716e-07 1.11815405680024e-07 1.12092130444991e-07 1.1281684633086e-07 1.15086238001859e-07 1.1791049799619e-07 1.21697556118482e-07 1.25635794585004e-07 1.27754373331131e-07 1.29313262148446e-07 1.26917455985669e-07 1.23255393103342e-07 1.15794655985632e-07 1.07353774672726e-07 9.73040076613166e-08 8.71230351518285e-08 7.68145536855422e-08 6.60648670106873e-08 5.50623581138934e-08 4.66775904809978e-08 3.9100140759549e-08 3.57946526326068e-08 3.31512966468953e-08 3.73345246331272e-08 4.54362995399958e-08 7.57422630994692e-08 1.21590496123205e-07 2.0768816619187e-07 3.54075196689278e-07 5.88250046007488e-07 -9999 -9999 -9999 -9999 -9999 -9999 -9999 -9999 -9999 -9999 -9999 -9999
1.01815743391853e-07 1.00497711715221e-07 9.99722205520929e-08 1.00328609534934e-07 1.01255610405265e-07 1.03790006553408e-07 1.06901801762015e-07 1.11393674270373e-07 1.161022454664e-07 1.19631493929766e-07 1.22592183744942e-07 1.21500696930034e-07 1.19169095752671e-07 1.13117241681031e-07 1.05940184051824e-07 9.69161355612869e-08 8.75589116336898e-08 7.78779047271699e-08 6.76259840671015e-08 5.7046917154293e-08 4.86459856482901e-08 4.09167969470372e-08 3.67157210441123e-08 3.30512786458455e-08 3.45587955671766e-08 3.8489237259719e-08 5.61490178223457e-08 8.87265141931303e-08 1.59936049493764e-07 3.09805868242517e-07 5.74213542435128e-07 6.96972796551945e-07 -9999 -9999 -9999 -9999 -9999 -9999 -9999 -9999 -9999 -9999 -9999
9.22027994885954e-08 9.09779299351407e-08 9.04578249151567e-08 9.08915832920434e-08 9.19425375404019e-08 9.46673734671872e-08 9.79934940361208e-08 1.02830900153373e-07 1.07905609666197e-07 1.12321203578213e-07 1.16191727551224e-07 1.16152977644714e-07 1.14917165847733e-07 1.10090256509554e-07 1.04046576429864e-07 9.60055949864484e-08 8.74095105113919e-08 7.8273971103998e-08 6.85270300719352e-08 5.84297443690356e-08 5.0235298129194e-08 4.26276934324542e-08 3.78383016102508e-08 3.34782553507342e-08 3.32809776296934e-08 3.46476928294879e-08 4.48766755082928e-08 6.85222985449371e-08 1.26912664979368e-07 2.7074905059151e-07 5.39004054006352e-07 6.57449968989274e-07 6.46064218439014e-07 6.40817970615752e-07 -9999 -9999 -9999 -9999 -9999 -9999 -9999 -9999 -9999
8.41152253513193e-08 8.31183348098773e-08 8.26900419964761e-08 8.3199456442586e-08 8.43156098631704e-08 8.71749620733725e-08 9.06604990936719e-08 9.55739775206659e-08 1.00711670343813e-07 1.05620362921671e-07 1.10031748357825e-07 1.10857037900624e-07 1.10541005682308e-07 1.06801088059404e-07 1.01792947805646e-07 9.47030478696874e-08 8.68211452552347e-08 7.81695645274237e-08 6.89330153961471e-08 5.93612668697482e-08 5.15402954723567e-08 4.42592676200371e-08 3.91120180543955e-08 3.43004851475275e-08 3.31266077508065e-08 3.31353185463322e-08 3.98450933036451e-08 5.78130361361673e-08 1.04935976410051e-07 2.35601669098815e-07 4.87914615720705e-07 6.15702741092425e-07 6.35571724167734e-07 -9999 -9999 -9999 -9999 -9999 -9999 -9999 -9999 -9999 -9999
7.7717660837328e-08 7.70271382161662e-08 7.67936262537117e-08 7.74527255807991e-08 7.86893851011061e-08 8.16143045905128e-08 8.5145671502665e-08 8.99069125958088e-08 9.48612694632204e-08 9.98213508984052e-08 1.04363955241268e-07 1.05885808966744e-07 1.06313665254777e-07 1.03459606244146e-07 9.93129233044724e-08 9.30444288784319e-08 8.57128506665152e-08 7.73481569546396e-08 6.85863423975955e-08 5.95969706273353e-08 5.22882296600587e-08 4.54977999934712e-08 4.03349042194863e-08 3.54327031371418e-08 3.35164234717277e-08 3.25531461858337e-08 3.69899971298266e-08 5.0390319243419e-08 8.70031201778206e-08 2.05374832495225e-07 4.42796337918686e-07 9.02578813294543e-07 1.55506986739936e-06 1.37774774917753e-06 1.77411680712589e-06 -9999 -9999 -9999 -9999 -9999 -9999 -9999 -9999
7.20443976877417e-08 7.16938403124987e-08 7.16992350509181e-08 7.25397467111898e-08 7.39206186727686e-08 7.6881554885829e-08 8.04100721777999e-08 8.49212289306105e-08 8.95866768295887e-08 9.44088443264395e-08 9.89071044993888e-08 1.01053743380377e-07 1.02150103716227e-07 1.00095704398897e-07 9.67358728174869e-08 9.12332042171402e-08 8.43817267815622e-08 7.6219456266171e-08 6.79170958326194e-08 5.95344595414219e-08 5.27974185661518e-08 4.65678834275202e-08 4.15360054308079e-08 3.66977753704913e-08 3.41394657919724e-08 3.23696381526918e-08 3.5067695557425e-08 4.43761443362276e-08 7.08033604219567e-08 1.77256831263196e-07 4.00237165044634e-07 8.67417284208357e-07 1.54623258976567e-06 1.77411680712589e-06 1.82276235063323e-06 2.05538517841506e-06 -9999 -9999 -9999 -9999 -9999 -9999 -9999
6.75064141647351e-08 6.74934789634379e-08 6.77537952337697e-08 6.8749698120809e-08 7.02215610390927e-08 7.32244470076503e-08 7.67772998153026e-08 8.10496326110869e-08 8.5434937576125e-08 8.99043772188824e-08 9.41408810118197e-08 9.66877295360108e-08 9.82364397140329e-08 9.67908177119992e-08 9.39825616613586e-08 8.89375715152871e-08 8.23650204957234e-08 7.43079677216619e-08 6.64538887001013e-08 5.87161189919756e-08 5.26148940616805e-08 4.70183847125422e-08 4.2436197638322e-08 3.80086360091662e-08 3.50837347990445e-08 3.28088630098936e-08 3.42173368635706e-08 4.0335973127889e-08 5.86524017597684e-08 1.30156642109297e-07 2.79108072453299e-07 6.38469860665546e-07 1.18018327417567e-06 1.63878503885386e-06 2.05538517841506e-06 2.06580065306269e-06 -9999 -9999 -9999 -9999 -9999 -9999 -9999
6.32033222031271e-08 6.35275248606787e-08 6.40460747089008e-08 6.51919847424295e-08 6.67438262364466e-08 6.97898898241903e-08 7.33727022078813e-08 7.74085431166602e-08 8.15155177193564e-08 8.5587783913862e-08 8.95175505335036e-08 9.24181404666195e-08 9.43744805314758e-08 9.34981436502781e-08 9.11927827015432e-08 8.6541711947201e-08 8.02064666152825e-08 7.2234520014226e-08 6.48264125677469e-08 5.77413957794379e-08 5.22892530135037e-08 4.73406931433829e-08 4.32741316329142e-08 3.93289700734693e-08 3.60944668848847e-08 3.33769319566148e-08 3.35887644006738e-08 3.67042265255137e-08 4.73391455927647e-08 7.91290153114783e-08 1.4172277333053e-07 3.69427899081823e-07 7.40226386967386e-07 1.31798677491515e-06 2.00033821329271e-06 2.14167856381297e-06 -9999 -9999 -9999 -9999 -9999 -9999 -9999
5.98327768979024e-08 6.03248083743966e-08 6.10356726880464e-08 6.23086943474596e-08 6.39454576171814e-08 6.69878868934355e-08 7.05352530505274e-08 7.44478853905108e-08 7.84178717086918e-08 8.20741748399204e-08 8.56472666551752e-08 8.86346548844402e-08 9.07510809152852e-08 9.02546909467292e-08 8.81946016719329e-08 8.35677348682625e-08 7.74414955674641e-08 6.98581499457598e-08 6.29505364251541e-08 5.64301327099862e-08 5.15723413508523e-08 4.72273048482139e-08 4.3749777535507e-08 4.03830522570146e-08 3.73225061465629e-08 3.46081325031469e-08 3.3855323533863e-08 3.52654099184373e-08 4.22766938589619e-08 6.21735515257951e-08 1.00833197791417e-07 2.37406866409445e-07 4.58837490668884e-07 8.65178571251407e-07 1.36496669439669e-06 1.47487574233838e-06 -9999 -9999 -9999 -9999 -9999 -9999 -9999
