Ecospace-environmental-drivers/Outputs/ASCII-for-ecospace/MOM6-ISIMIP3a/so-bot/1980-03_so-bot_MOM6-ISIMIP3a.asc
NCOLS 131 
NROWS 53 
XLLCORNER -98 
YLLCORNER 23.9265270233154 
CELLSIZE 0.133587792515755 
NODATA_value -9999 
[rows 0 to 20 of 53, columns 47 to 93 of 131]
-9999 -9999 -9999 -9999 -9999 -9999 -9999 -9999 -9999 -9999 -9999 -9999 -9999 -9999 -9999 -9999 -9999 -9999 -9999 -9999 -9999 -9999 -9999 -9999 -9999 -9999 -9999 -9999 -9999 -9999 -9999 -9999 -9999 -9999 -9999 -9999 -9999 -9999 -9999 -9999 -9999 -9999 -9999 -9999 -9999 -9999 -9999
-9999 -9999 -9999 -9999 -9999 -9999 -9999 -9999 -9999 -9999 -9999 -9999 -9999 -9999 -9999 -9999 -9999 -9999 -9999 -9999 -9999 -9999 -9999 -9999 -9999 -9999 -9999 -9999 -9999 -9999 -9999 -9999 -9999 -9999 -9999 -9999 -9999 -9999 -9999 -9999 -9999 -9999 -9999 -9999 -9999 -9999 -9999
-9999 -9999 -9999 -9999 -9999 -9999 -9999 -9999 -9999 -9999 -9999 -9999 -9999 -9999 -9999 -9999 -9999 -9999 -9999 -9999 -9999 -9999 -9999 -9999 -9999 -9999 -9999 33.9299621582031 34.0415344238281 -9999 -9999 -9999 -9999 -9999 -9999 -9999 -9999 -9999 -9999 -9999 -9999 -9999 -9999 -9999 -9999 -9999 -9999
-9999 -9999 -9999 -9999 -9999 -9999 -9999 -9999 -9999 -9999 -9999 -9999 -9999 -9999 -9999 -9999 -9999 -9999 -9999 -9999 -9999 -9999 -9999 -9999 -9999 -9999 -9999 33.9478149414062 34.0373229980469 -9999 -9999 -9999 -9999 -9999 -9999 -9999 -9999 -9999 -9999 -9999 -9999 -9999 -9999 -9999 -9999 -9999 -9999
-9999 -9999 -9999 -9999 -9999 -9999 -9999 -9999 -9999 -9999 -9999 -9999 -9999 -9999 -9999 -9999 -9999 -9999 29.5177116394043 29.6898078918457 29.827486038208 30.63059425354 31.3220615386963 32.4693069458008 33.2156600952148 33.6072845458984 33.8460540771484 33.9608993530273 34.0364875793457 34.1145782470703 -9999 -9999 34.7267379760742 34.9410552978516 35.088794708252 35.2052192687988 35.3038711547852 35.4064064025879 35.4952125549316 35.5490760803223 35.5630836486816 35.5455894470215 -9999 -9999 -9999 -9999 -9999
-9999 -9999 -9999 -9999 -9999 -9999 -9999 -9999 -9999 -9999 -9999 -9999 -9999 -9999 23.9007987976074 -9999 23.5846271514893 23.3317852020264 26.5225658416748 29.5177116394043 29.7242279052734 29.827486038208 31.4337024688721 32.7049942016602 33.269229888916 33.6727600097656 33.8798675537109 33.9855308532715 34.0172996520996 34.106632232666 34.2198028564453 34.4755592346191 34.7593460083008 34.9453048706055 35.1185111999512 35.2025718688965 35.2945709228516 35.4144668579102 35.510181427002 35.5609893798828 35.5760612487793 35.5522003173828 35.5085067749023 35.4519729614258 -9999 -9999 -9999
-9999 -9999 -9999 -9999 -9999 -9999 -9999 -9999 -9999 -9999 26.4705677032471 26.3986148834229 26.3572254180908 26.2721767425537 25.0917663574219 23.9509830474854 23.8506145477295 23.5714817047119 23.3317852020264 26.7182006835938 29.5177116394043 29.827486038208 31.4337024688721 32.7049942016602 33.269229888916 33.6727600097656 33.8798675537109 33.9855308532715 34.0172996520996 34.106632232666 34.2198028564453 34.4755592346191 34.7593460083008 34.9453048706055 35.1185111999512 35.2025718688965 35.2945709228516 35.4144668579102 35.510181427002 35.5609893798828 35.5760612487793 35.5522003173828 35.5085067749023 35.4519729614258 35.4370346069336 35.5345726013184 -9999
-9999 -9999 -9999 -9999 -9999 -9999 -9999 -9999 -9999 -9999 26.8563499450684 26.4705677032471 26.3266620635986 -9999 26.2154216766357 25.1673603057861 24.0513534545898 23.8506145477295 23.5320453643799 23.3317852020264 27.3051071166992 30.7848567962646 32.1989631652832 33.3598861694336 33.9863128662109 34.3714828491211 34.4617919921875 34.4674072265625 34.4113349914551 34.4190826416016 34.4532585144043 34.6403579711914 34.8575210571289 34.9978256225586 35.1368560791016 35.2912712097168 35.4329833984375 35.5300178527832 35.6026191711426 35.6298332214355 35.6305999755859 35.6025543212891 35.5895156860352 35.5861892700195 35.5841369628906 35.5825462341309 35.5853843688965
-9999 -9999 -9999 -9999 -9999 -9999 -9999 -9999 -9999 -9999 -9999 -9999 -9999 -9999 26.1700229644775 26.2934894561768 25.4713191986084 24.2520904541016 23.8506145477295 23.4137382507324 27.9482173919678 31.83957862854 33.0394325256348 34.0757713317871 34.7669296264648 35.1330299377441 35.1018486022949 35.0009536743164 34.8492851257324 34.7668762207031 34.7131500244141 34.8232421875 34.9655380249023 35.0578193664551 35.1611671447754 35.3907165527344 35.5851783752441 35.6562538146973 35.7032089233398 35.7053756713867 35.6910438537598 35.6587333679199 35.6783676147461 35.7316131591797 35.6824951171875 35.5966033935547 35.5825691223145
31.6412754058838 -9999 -9999 -9999 -9999 -9999 -9999 -9999 -9999 -9999 29.6251811981201 27.2517757415771 -9999 -9999 -9999 26.1445579528809 26.8409690856934 26.2683601379395 24.6535682678223 24.9917602539062 29.0925731658936 32.5873336791992 33.5457191467285 34.3912506103516 34.9985427856445 35.3906631469727 35.5198059082031 35.470630645752 35.2915725708008 35.1358871459961 34.989875793457 34.9983711242676 35.0372428894043 35.173469543457 35.3190269470215 35.5205192565918 35.6831474304199 35.7091484069824 35.7318801879883 35.7485466003418 35.7460708618164 35.7227401733398 35.7277565002441 35.7511138916016 35.7255706787109 35.6824607849121 35.6318969726562
31.4995708465576 31.4786529541016 -9999 -9999 -9999 -9999 -9999 -9999 -9999 -9999 30.8887329101562 29.7472553253174 27.2517757415771 -9999 -9999 25.3193168640137 26.6437911987305 28.5597991943359 27.6340293884277 26.812162399292 30.3441123962402 33.3303375244141 34.0326499938965 34.6873474121094 35.2415199279785 35.654598236084 35.8952293395996 35.8858032226562 35.6942367553711 35.4838714599609 35.2657241821289 35.1911582946777 35.1448173522949 35.3162689208984 35.4941368103027 35.6559257507324 35.7817344665527 35.7810249328613 35.7862129211426 35.8023452758789 35.8024940490723 35.7852363586426 35.7738304138184 35.7662124633789 35.76171875 35.7583427429199 35.6820259094238
31.4995708465576 31.4368171691895 31.3239154815674 31.0726127624512 -9999 -9999 -9999 -9999 -9999 -9999 -9999 31.1121559143066 29.6130065917969 27.2517757415771 26.4705677032471 25.3193168640137 26.6437911987305 28.5597991943359 29.2358684539795 29.9326400756836 32.1705703735352 34.0478477478027 34.415771484375 34.8794975280762 35.5454711914062 35.952335357666 36.0425071716309 36.008617401123 35.8843650817871 35.7190933227539 35.5368385314941 35.4786376953125 35.4448204040527 35.6046867370605 35.7617530822754 35.821418762207 35.883617401123 35.954719543457 35.9781761169434 35.9131393432617 35.8664131164551 35.8396263122559 35.8021354675293 35.7577209472656 35.7607078552246 35.7807197570801 35.7364349365234
31.5979595184326 31.4469413757324 31.3343925476074 31.0775108337402 -9999 -9999 -9999 -9999 30.184268951416 30.4945869445801 30.9470367431641 31.5946159362793 30.7948169708252 28.8108139038086 27.5371952056885 26.6000690460205 27.7090492248535 29.3069114685059 30.936840057373 32.537899017334 33.686710357666 34.6559219360352 34.8734931945801 35.2235221862793 35.8531684875488 36.1775703430176 36.1288909912109 36.0366439819336 35.912670135498 35.7722282409668 35.6249732971191 35.5817832946777 35.5590515136719 35.6938896179199 35.8215599060059 35.8222007751465 35.8529319763184 35.9894676208496 36.0503387451172 35.9706954956055 35.9249038696289 35.9159965515137 35.8728065490723 35.807430267334 35.809139251709 35.8349494934082 35.8156814575195
31.9423236846924 31.6467399597168 31.3513679504395 31.0775108337402 30.8059329986572 30.5364265441895 30.2920742034912 30.1756896972656 30.184268951416 30.4945869445801 30.9470367431641 31.5946159362793 31.7425365447998 31.481653213501 31.2704448699951 31.0827674865723 31.4375057220459 31.9218425750732 32.8856468200684 33.8550796508789 34.4270439147949 34.9904022216797 35.5177268981934 35.9472351074219 36.1702346801758 36.221549987793 36.0630264282227 35.827693939209 35.5364151000977 35.3701400756836 35.2556381225586 35.2240905761719 35.2088470458984 35.2850494384766 35.3618316650391 35.4111938476562 35.4908180236816 35.6768417358398 35.8230056762695 35.8951377868652 35.9698333740234 36.0473213195801 36.049388885498 36.0026512145996 35.9811897277832 35.9688110351562 35.95703125
32.6870269775391 32.2760887145996 31.8200759887695 31.5304317474365 31.2595710754395 31.0360527038574 30.8372097015381 30.7638683319092 30.803201675415 31.1145973205566 31.5159187316895 32.0406951904297 32.7018280029297 33.4745254516602 33.9168472290039 34.2026786804199 34.1628494262695 34.0452079772949 34.4921913146973 34.9605331420898 35.175178527832 35.4447631835938 35.944263458252 36.2502365112305 36.1476440429688 36.003345489502 35.8080711364746 35.5467147827148 35.2372283935547 35.0936279296875 35.018726348877 35.0006370544434 34.9937133789062 35.0363273620605 35.0841636657715 35.1650886535645 35.2754211425781 35.4891548156738 35.6754989624023 35.8109741210938 35.9445190429688 36.0759582519531 36.1343994140625 36.1456069946289 36.1257133483887 36.0946426391602 36.0905342102051
33.997745513916 33.5127449035645 32.9274520874023 32.6236991882324 32.354564666748 32.2420616149902 32.1530647277832 32.1836280822754 32.2971954345703 32.6111907958984 32.8890914916992 33.1174430847168 33.6774749755859 34.5088806152344 35.0266494750977 35.3958549499512 35.4699745178223 35.4735908508301 35.6148414611816 35.7666435241699 35.9343376159668 36.0686149597168 36.0630187988281 35.958423614502 35.6448440551758 35.4144668579102 35.2857704162598 35.1639060974121 35.0470085144043 34.9946632385254 34.9690475463867 34.9669799804688 34.969539642334 35.0139808654785 35.0638961791992 35.1521224975586 35.2674598693848 35.4781036376953 35.6408500671387 35.7146415710449 35.8198928833008 35.9594116210938 36.0899467468262 36.214672088623 36.231315612793 36.2091293334961 36.2129554748535
34.8890533447266 34.4964904785156 34.0074348449707 33.6998329162598 33.4190521240234 33.3610153198242 33.3389663696289 33.4999885559082 33.6857528686523 33.9312705993652 34.0992546081543 34.1607894897461 34.5779495239258 35.286075592041 35.7439880371094 36.0833778381348 36.1828193664551 36.224925994873 36.2383728027344 36.2466850280762 36.2090187072754 36.1281585693359 35.8665428161621 35.5919303894043 35.2898826599121 35.0911750793457 35.0187683105469 34.9763641357422 34.9558143615723 34.9482040405273 34.9459495544434 34.951000213623 34.9574813842773 34.9996528625488 35.0462265014648 35.1229286193848 35.2263450622559 35.423698425293 35.5763168334961 35.6458549499512 35.7509498596191 35.8947830200195 36.0533256530762 36.2213859558105 36.2708587646484 36.2777290344238 36.2880783081055
35.427173614502 35.2672538757324 35.0643539428711 34.7615356445312 34.4578437805176 34.4066543579102 34.4154319763184 34.7292785644531 34.9855270385742 35.1027145385742 35.1721420288086 35.1760101318359 35.4151229858398 35.8467102050781 36.1308250427246 36.3450813293457 36.3952026367188 36.4061088562012 36.441577911377 36.4521446228027 36.0757026672363 35.7124862670898 35.4046058654785 35.1625442504883 35.0594177246094 34.9915466308594 34.9667587280273 34.9532661437988 34.9480056762695 34.9459571838379 34.9452438354492 34.9499053955078 34.9556274414062 34.992073059082 35.0307502746582 35.0800628662109 35.1573143005371 35.3327865600586 35.4866180419922 35.6002616882324 35.7289009094238 35.8738861083984 36.0233039855957 36.175594329834 36.2547760009766 36.307689666748 36.323371887207
35.7295722961426 35.6751136779785 35.6040153503418 35.406623840332 35.20263671875 35.1695861816406 35.1810455322266 35.4189338684082 35.602783203125 35.6561546325684 35.6950302124023 35.7140159606934 35.8620796203613 36.1157531738281 36.2295455932617 36.2770843505859 36.2313499450684 36.1633338928223 36.1860542297363 36.1878280639648 35.7940101623535 35.4283065795898 35.1802520751953 35.0024261474609 34.9728469848633 34.9539489746094 34.9480972290039 34.9455070495605 34.9452972412109 34.945125579834 34.9449691772461 34.9482421875 34.9521865844727 34.982250213623 35.0137176513672 35.0494117736816 35.1075401306152 35.2445297241211 35.3776626586914 35.5036354064941 35.6365966796875 35.7771759033203 35.9204559326172 36.0654792785645 36.1725425720215 36.2659759521484 36.3089981079102
35.9166221618652 35.9053726196289 35.8905487060547 35.8478355407715 35.8035545349121 35.7941665649414 35.7945327758789 35.8445091247559 35.8860359191895 35.9071578979492 35.9487648010254 36.0184860229492 36.1180763244629 36.2420959472656 36.1872749328613 36.047737121582 35.8833770751953 35.7130851745605 35.7060394287109 35.6936225891113 35.4397087097168 35.2084770202637 35.0721664428711 34.9740829467773 34.9566955566406 34.946704864502 34.9457550048828 34.945255279541 34.9450836181641 34.9449806213379 34.9449119567871 34.9463005065918 34.9479751586914 34.9713325500488 34.995922088623 35.0247383117676 35.0671882629395 35.1575736999512 35.2592887878418 35.3820343017578 35.5099105834961 35.6433715820312 35.7819633483887 35.9238815307617 36.0579452514648 36.1891860961914 36.2703170776367
36.0661087036133 36.0704002380371 36.0745277404785 36.0670928955078 36.0587844848633 36.0587539672852 36.0611534118652 36.0758934020996 36.0894165039062 36.1000099182129 36.1283645629883 36.1811027526855 36.2521553039551 36.3381843566895 36.2248916625977 36.0171813964844 35.7136459350586 35.3872108459473 35.3595657348633 35.3442649841309 35.2099304199219 35.0871276855469 35.012580871582 34.9590835571289 34.9500312805176 34.9450454711914 34.9450302124023 34.9449653625488 34.9448585510254 34.94482421875 34.9448127746582 34.9453926086426 34.9460906982422 34.9587364196777 34.9721908569336 34.9892120361328 35.0162620544434 35.0785522460938 35.1487121582031 35.2334899902344 35.3249053955078 35.4235534667969 35.5413818359375 35.6716194152832 35.8122673034668 35.9566535949707 36.1144866943359
