Ecospace-environmental-drivers/Outputs/ASCII-for-ecospace/MOM6-ISIMIP3a/so-bot/1981-08_so-bot_MOM6-ISIMIP3a.asc
NCOLS 131 
NROWS 53 
XLLCORNER -98 
YLLCORNER 23.9265270233154 
CELLSIZE 0.133587792515755 
NODATA_value -9999 
[rows 21 to 41 of 53, columns 0 to 46 of 131]
-9999 -9999 -9999 -9999 -9999 -9999 34.7032279968262 34.690975189209 34.6576614379883 34.5947608947754 34.4797286987305 34.2330894470215 34.2694892883301 34.3779182434082 34.5410270690918 34.7672348022461 35.049446105957 35.3701133728027 35.5690040588379 35.7208671569824 35.804386138916 35.8758392333984 36.1357574462891 36.3705520629883 36.3616218566895 36.3540496826172 36.3508644104004 36.351921081543 36.3603782653809 36.3763847351074 36.4001541137695 36.4050445556641 36.3984260559082 36.3800659179688 36.3577880859375 36.3560218811035 36.3571243286133 36.3632431030273 36.368968963623 36.3722114562988 36.3736877441406 36.370246887207 36.3968925476074 36.4700393676758 36.5019645690918 36.4960517883301 36.5041236877441
-9999 -9999 -9999 -9999 -9999 -9999 34.706901550293 34.7032279968262 34.6787223815918 34.6539268493652 34.5947608947754 34.6113395690918 34.7054901123047 34.9531326293945 35.161434173584 35.3243446350098 35.5701675415039 35.8729286193848 36.0312156677246 36.1337242126465 36.1848487854004 36.2269096374512 36.3797416687012 36.5176429748535 36.5109214782715 36.5045623779297 36.4993896484375 36.4971504211426 36.5000343322754 36.5062065124512 36.5157623291016 36.5187149047852 36.5176391601562 36.5088920593262 36.4975891113281 36.5032958984375 36.5113410949707 36.5170593261719 36.5223426818848 36.5248413085938 36.5262832641602 36.5247993469238 36.5382347106934 36.5747222900391 36.5898742675781 36.5854454040527 36.5898399353027
-9999 -9999 -9999 -9999 34.7019538879395 34.7105941772461 34.7070808410645 34.7103996276855 34.7032279968262 34.6542167663574 34.663501739502 34.895923614502 35.1770401000977 35.554515838623 35.7978706359863 35.886474609375 36.08251953125 36.352352142334 36.4647827148438 36.5164375305176 36.5438232421875 36.5669212341309 36.5983123779297 36.6261100769043 36.6224365234375 36.6183586120605 36.6129531860352 36.6102600097656 36.6122932434082 36.6159820556641 36.6213722229004 36.6257019042969 36.6293830871582 36.6298599243164 36.6292686462402 36.6421546936035 36.6568298339844 36.6620140075684 36.6664390563965 36.666072845459 36.6648445129395 36.6612281799316 36.6579856872559 36.6553268432617 36.6532592773438 36.651741027832 36.652889251709
-9999 -9999 -9999 -9999 34.6789360046387 34.7111968994141 34.714111328125 34.7070808410645 34.7208862304688 34.8966064453125 35.1008834838867 35.4144630432129 35.7301139831543 36.0498733520508 36.2513160705566 36.3162460327148 36.4147834777832 36.5364074707031 36.5866584777832 36.6093482971191 36.6299667358398 36.6502227783203 36.6026916503906 36.557373046875 36.5428771972656 36.5309181213379 36.5271797180176 36.5512313842773 36.6237831115723 36.663272857666 36.6687507629395 36.6714515686035 36.6724548339844 36.6728935241699 36.6731414794922 36.6796760559082 36.6870002746582 36.6838264465332 36.6742858886719 36.6242065429688 36.5625343322754 36.4685821533203 36.409782409668 36.4053001403809 36.4006118774414 36.3957290649414 36.3940238952637
-9999 -9999 -9999 -9999 -9999 34.6789360046387 34.7446594238281 34.7211418151855 34.7927360534668 35.1828880310059 35.5648880004883 35.9157028198242 36.2314834594727 36.4779357910156 36.6247177124023 36.6564865112305 36.6343040466309 36.5750694274902 36.5445518493652 36.5251235961914 36.5344047546387 36.5487518310547 36.448657989502 36.3547782897949 36.3335456848145 36.3167610168457 36.3144073486328 36.3556900024414 36.4731140136719 36.5358123779297 36.5421943664551 36.5455932617188 36.547176361084 36.548583984375 36.5499305725098 36.5512351989746 36.5524444580078 36.5408897399902 36.5194702148438 36.435230255127 36.3331527709961 36.1814308166504 36.0872802734375 36.0821075439453 36.0759773254395 36.0689735412598 36.0645866394043
-9999 -9999 -9999 -9999 -9999 34.7320747375488 34.6789360046387 34.8714866638184 35.1021995544434 35.6616020202637 36.1456184387207 36.3410949707031 36.5061302185059 36.6109390258789 36.6471405029297 36.6041793823242 36.3594779968262 35.9762344360352 35.7834510803223 35.6642150878906 35.6420822143555 35.6370849609375 35.6000442504883 35.5652656555176 35.5551948547363 35.5469779968262 35.5447845458984 35.5615615844727 35.6114540100098 35.6421089172363 35.6529693603516 35.667293548584 35.6837272644043 35.6905250549316 35.6941070556641 35.6951065063477 35.6955986022949 35.6755676269531 35.651439666748 35.6012115478516 35.5466270446777 35.4798965454102 35.4390182495117 35.4380836486816 35.435718536377 35.4320373535156 35.425708770752
-9999 -9999 34.8495483398438 34.835506439209 34.8204803466797 34.7852745056152 34.7320098876953 35.051586151123 35.4133834838867 36.0402145385742 36.5543212890625 36.6369552612305 36.6950302124023 36.7045097351074 36.6172218322754 36.4182777404785 36.0236206054688 35.4945602416992 35.2265586853027 35.0593643188477 35.0207138061523 35.0047492980957 35.0101623535156 35.0152473449707 35.013729095459 35.011890411377 35.0090065002441 35.0084762573242 35.0120468139648 35.0202713012695 35.0332832336426 35.0524139404297 35.0752716064453 35.0841941833496 35.0884704589844 35.088752746582 35.0883178710938 35.0651626586914 35.0419616699219 35.0184745788574 34.9993515014648 34.9923553466797 34.9886054992676 34.9898719787598 34.9897422790527 34.9883346557617 34.9816780090332
-9999.000000000000000 -9999 -9999 -9999 34.9007720947266 34.8556823730469 34.8881301879883 35.2966041564941 35.7283134460449 36.2004203796387 36.5876846313477 36.650203704834 36.6968421936035 36.7120475769043 36.4730949401855 35.9408836364746 35.5545959472656 35.2685203552246 35.1152191162109 35.0131912231445 34.9905319213867 34.981876373291 34.9847984313965 34.9877777099609 34.9891166687012 34.9888648986816 34.9834594726562 34.9813079833984 34.9848365783691 34.9916038513184 35.0016937255859 35.0122833251953 35.0231742858887 35.027099609375 35.0287094116211 35.0273780822754 35.0255470275879 35.0109443664551 34.9966087341309 34.9839973449707 34.9740905761719 34.9717178344727 34.9698905944824 34.9688987731934 34.9676742553711 34.9662322998047 34.9627799987793
-9999 -9999 -9999 -9999 35.009521484375 35.0613555908203 35.03125 35.4766654968262 35.9389610290527 36.3056907653809 36.6071586608887 36.6588592529297 36.6728706359863 36.6123199462891 36.2658309936523 35.5894088745117 35.2390594482422 35.1126365661621 35.0376586914062 34.9825439453125 34.9696655273438 34.964241027832 34.965202331543 34.9664421081543 34.968864440918 34.9695587158203 34.9646492004395 34.9626960754395 34.9658966064453 34.971118927002 34.9784202575684 34.9832229614258 34.986499786377 34.9871788024902 34.986988067627 34.9850234985352 34.9827690124512 34.9749412536621 34.9673957824707 34.9616394042969 34.9573402404785 34.9570922851562 34.9562530517578 34.9544944763184 34.953067779541 34.9519424438477 34.9506301879883
-9999 -9999 -9999 -9999 35.0864410400391 35.1115264892578 35.142505645752 35.575008392334 36.0184135437012 36.3418426513672 36.6091651916504 36.6617279052734 36.6164703369141 36.3776435852051 35.9791259765625 35.3963470458984 35.1166229248047 35.0450172424316 35.0025901794434 34.9714279174805 34.9605293273926 34.9532051086426 34.9528579711914 34.952823638916 34.9541015625 34.9549331665039 34.9543228149414 34.9548492431641 34.9573593139648 34.9609336853027 34.9656028747559 34.9680862426758 34.96923828125 34.9688529968262 34.967960357666 34.9665946960449 34.9651489257812 34.9618606567383 34.9584846496582 34.9545402526855 34.951301574707 34.9500274658203 34.9490013122559 34.948356628418 34.9478530883789 34.9474792480469 34.9469604492188
-9999 -9999 -9999 -9999 35.1115264892578 35.1490249633789 35.193042755127 35.6110038757324 36.0376281738281 36.3078842163086 36.5413856506348 36.634204864502 36.6242408752441 36.4108963012695 35.9977340698242 35.3540191650391 35.0592269897461 35.0040550231934 34.9769668579102 34.9607200622559 34.9532890319824 34.9474143981934 34.9467926025391 34.9464530944824 34.9475212097168 34.9486351013184 34.9498977661133 34.951286315918 34.9529113769531 34.9545936584473 34.9563407897949 34.9571304321289 34.9573364257812 34.9567604064941 34.955924987793 34.9551048278809 34.954288482666 34.9531898498535 34.9519348144531 34.9496650695801 34.9476509094238 34.9463272094727 34.945484161377 34.9453811645508 34.9453353881836 34.9453430175781 34.9452018737793
-9999 -9999 -9999 -9999 35.1511993408203 35.193042755127 35.5916900634766 35.6002388000488 36.011661529541 36.2213363647461 36.4212646484375 36.5838813781738 36.6801376342773 36.645092010498 36.2453308105469 35.4247398376465 35.050609588623 34.9830856323242 34.9584274291992 34.9503211975098 34.9474754333496 34.9455604553223 34.9454307556152 34.9455184936523 34.9470825195312 34.9485855102539 34.949893951416 34.9509429931641 34.9515266418457 34.9511413574219 34.9497528076172 34.9493141174316 34.9494552612305 34.9493408203125 34.9491386413574 34.9488258361816 34.9484939575195 34.9478225708008 34.947151184082 34.9464645385742 34.9457893371582 34.9451484680176 34.9447631835938 34.9447746276855 34.9448394775391 34.944953918457 34.9448699951172
-9999 -9999 -9999 -9999 35.193042755127 35.6451644897461 35.8362579345703 35.9624671936035 35.9824180603027 36.188648223877 36.3877334594727 36.5594825744629 36.6832084655762 36.7119064331055 36.3158874511719 35.429817199707 35.0343971252441 34.9759330749512 34.9544410705566 34.9472312927246 34.9455680847168 34.944881439209 34.9448623657227 34.9449691772461 34.9460067749023 34.9469985961914 34.9478454589844 34.9484481811523 34.9486274719238 34.9480018615723 34.9465408325195 34.9460296630859 34.946102142334 34.9461135864258 34.9461097717285 34.9459953308105 34.9458656311035 34.9455299377441 34.9452247619629 34.9450912475586 34.9449195861816 34.944637298584 34.9444770812988 34.9445152282715 34.9445838928223 34.9446754455566 34.9446144104004
-9999 -9999 -9999 -9999 -9999 35.9221153259277 35.9596710205078 35.9460716247559 35.951774597168 36.1790390014648 36.3913116455078 36.5461921691895 36.663631439209 36.7069778442383 36.3105735778809 35.4067573547363 35.0149269104004 34.9747009277344 34.9566993713379 34.9472770690918 34.9453315734863 34.9447059631348 34.9446334838867 34.9445877075195 34.9446601867676 34.9447555541992 34.9449157714844 34.9450340270996 34.9450798034668 34.944995880127 34.9447784423828 34.944694519043 34.9446868896484 34.9446868896484 34.944694519043 34.9446449279785 34.9445915222168 34.9445571899414 34.944522857666 34.9445037841797 34.9444732666016 34.9444122314453 34.9443817138672 34.9444046020508 34.9444274902344 34.944450378418 34.9443855285645
-9999 -9999 -9999 -9999 -9999 35.9797515869141 35.9704170227051 35.9704704284668 35.9848747253418 36.2002716064453 36.4014549255371 36.5482215881348 36.6610221862793 36.706600189209 36.3097915649414 35.4025230407715 35.0112113952637 34.9742240905762 34.9573135375977 34.9481544494629 34.9457855224609 34.9446144104004 34.9444732666016 34.9443588256836 34.9442825317383 34.9442710876465 34.9444465637207 34.9445037841797 34.9443473815918 34.9442672729492 34.9442710876465 34.944263458252 34.9442558288574 34.9442558288574 34.944263458252 34.9442481994629 34.9442291259766 34.9442520141602 34.9442672729492 34.9442749023438 34.944278717041 34.944263458252 34.9442596435547 34.9442749023438 34.9442825317383 34.9442825317383 34.9442291259766
-9999 -9999 -9999 -9999 -9999 36.011962890625 36.0091705322266 35.9947090148926 36.0311584472656 36.2278823852539 36.412956237793 36.5534172058105 36.6619186401367 36.7071647644043 36.309944152832 35.4021873474121 35.0107536315918 34.9739074707031 34.9575881958008 34.9491996765137 34.9463768005371 34.9445381164551 34.9443244934082 34.9441604614258 34.9441108703613 34.9441528320312 34.9444885253906 34.9445686340332 34.9441947937012 34.9440116882324 34.944019317627 34.9440231323242 34.9440269470215 34.9440307617188 34.944034576416 34.9440460205078 34.9440574645996 34.9440803527832 34.9441032409668 34.9441223144531 34.9441299438477 34.9441299438477 34.9441337585449 34.9441452026367 34.9441413879395 34.9441261291504 34.9440879821777
-9999 -9999 -9999 -9999 -9999 -9999 36.0562973022461 36.062328338623 36.0769538879395 36.2567405700684 36.4271354675293 36.5615844726562 36.665355682373 36.7084121704102 36.3159370422363 35.4209289550781 35.0291709899902 34.9830169677734 34.962516784668 34.9519195556641 34.9475936889648 34.9443740844727 34.9441680908203 34.9440765380859 34.9443817138672 34.9447746276855 34.9454574584961 34.9458236694336 34.9456481933594 34.9455413818359 34.9455032348633 34.9454498291016 34.945384979248 34.9453544616699 34.9453277587891 34.9452667236328 34.9451942443848 34.9447441101074 34.9443244934082 34.9441108703613 34.9439506530762 34.9439430236816 34.9439353942871 34.9439353942871 34.9439239501953 34.9439125061035 34.9440574645996
-9999 -9999 -9999 -9999 -9999 -9999 36.097354888916 36.1118583679199 36.1198616027832 36.2848243713379 36.4421272277832 36.5701141357422 36.6688842773438 36.7098388671875 36.3218307495117 35.4388656616211 35.0467414855957 34.9916954040527 34.9671859741211 34.9544715881348 34.94873046875 34.944221496582 34.9440574645996 34.9440650939941 34.9447479248047 34.945499420166 34.9464721679688 34.9471015930176 34.9471282958984 34.9471015930176 34.9470176696777 34.9469146728516 34.9468002319336 34.9467277526855 34.9466743469238 34.9465408325195 34.9463920593262 34.9455070495605 34.9446830749512 34.9442520141602 34.9439277648926 34.9439125061035 34.9438972473145 34.9438781738281 34.9438705444336 34.9438667297363 34.9441871643066
-9999 -9999 -9999 -9999 -9999 -9999 36.1418342590332 36.1178779602051 36.132251739502 36.3040962219238 36.4644889831543 36.5810546875 36.6721572875977 36.7128715515137 36.3238868713379 35.439094543457 35.046257019043 34.9912643432617 34.9669075012207 34.9543762207031 34.9486808776855 34.9441947937012 34.9444007873535 34.9447937011719 34.9459037780762 34.946907043457 34.9475631713867 34.9480209350586 34.9481315612793 34.9481506347656 34.9480667114258 34.9480323791504 34.9480247497559 34.9479446411133 34.9478416442871 34.9477157592773 34.9475860595703 34.9469604492188 34.9463653564453 34.9459457397461 34.945629119873 34.9455909729004 34.945556640625 34.9455261230469 34.9455757141113 34.9456977844238 34.9459800720215
-9999 -9999 -9999 -9999 -9999 36.2279853820801 36.205940246582 36.1957664489746 36.177864074707 36.3477478027344 36.5026779174805 36.6003837585449 36.6670951843262 36.6724700927734 36.2768402099609 35.4185066223145 35.0386428833008 34.9873695373535 34.9647750854492 34.9532585144043 34.9481925964355 34.9442710876465 34.944953918457 34.9457931518555 34.9471130371094 34.9482154846191 34.948616027832 34.9489440917969 34.9491539001465 34.9492340087891 34.9491844177246 34.9491996765137 34.9492607116699 34.9491653442383 34.9490165710449 34.9488945007324 34.9487724304199 34.948371887207 34.9479751586914 34.9475975036621 34.9473037719727 34.9472541809082 34.947208404541 34.9471664428711 34.9472160339355 34.9473495483398 34.9475517272949
-9999 -9999 -9999 -9999 36.2845878601074 36.2494087219238 36.2279853820801 36.2821273803711 36.345287322998 36.4807968139648 36.5989151000977 36.6504745483398 36.631462097168 36.4728164672852 36.0497550964355 35.3216018676758 35.0048980712891 34.9707565307617 34.9558525085449 34.948371887207 34.9460945129395 34.9447326660156 34.9462852478027 34.9478034973145 34.9485130310059 34.9491424560547 34.9495124816895 34.9498825073242 34.9502410888672 34.9504585266113 34.9505348205566 34.9505500793457 34.9505348205566 34.9503974914551 34.9502220153809 34.950080871582 34.9499435424805 34.9496231079102 34.9493179321289 34.9490814208984 34.948902130127 34.9488639831543 34.9488182067871 34.9487648010254 34.9485969543457 34.9483337402344 34.9483070373535
