Ecospace-environmental-drivers/Outputs/ASCII-for-ecospace/MOM6-ISIMIP3a/so-bot/1981-07_so-bot_MOM6-ISIMIP3a.asc
NCOLS 131 
NROWS 53 
XLLCORNER -98 
YLLCORNER 23.9265270233154 
CELLSIZE 0.133587792515755 
NODATA_value -9999 
[rows 0 to 20 of 53, columns 47 to 93 of 131]
-9999 -9999 -9999 -9999 -9999 -9999 -9999 -9999 -9999 -9999 -9999 -9999 -9999 -9999 -9999 -9999 -9999 -9999 -9999 -9999 -9999 -9999 -9999 -9999 -9999 -9999 -9999 -9999 -9999 -9999 -9999 -9999 -9999 -9999 -9999 -9999 -9999 -9999 -9999 -9999 -9999 -9999 -9999 -9999 -9999 -9999 -9999
-9999 -9999 -9999 -9999 -9999 -9999 -9999 -9999 -9999 -9999 -9999 -9999 -9999 -9999 -9999 -9999 -9999 -9999 -9999 -9999 -9999 -9999 -9999 -9999 -9999 -9999 -9999 -9999 -9999 -9999 -9999 -9999 -9999 -9999 -9999 -9999 -9999 -9999 -9999 -9999 -9999 -9999 -9999 -9999 -9999 -9999 -9999
-9999 -9999 -9999 -9999 -9999 -9999 -9999 -9999 -9999 -9999 -9999 -9999 -9999 -9999 -9999 -9999 -9999 -9999 -9999 -9999 -9999 -9999 -9999 -9999 -9999 -9999 -9999 31.7098808288574 31.9869365692139 -9999 -9999 -9999 -9999 -9999 -9999 -9999 -9999 -9999 -9999 -9999 -9999 -9999 -9999 -9999 -9999 -9999 -9999
-9999 -9999 -9999 -9999 -9999 -9999 -9999 -9999 -9999 -9999 -9999 -9999 -9999 -9999 -9999 -9999 -9999 -9999 -9999 -9999 -9999 -9999 -9999 -9999 -9999 -9999 -9999 31.6928768157959 31.9630336761475 -9999 -9999 -9999 -9999 -9999 -9999 -9999 -9999 -9999 -9999 -9999 -9999 -9999 -9999 -9999 -9999 -9999 -9999
-9999 -9999 -9999 -9999 -9999 -9999 -9999 -9999 -9999 -9999 -9999 -9999 -9999 -9999 -9999 -9999 -9999 -9999 26.4578170776367 26.7119770050049 26.9153060913086 28.1013679504395 29.0519237518311 30.4558620452881 31.1237182617188 31.2868366241455 31.46315574646 31.6712074279785 31.9442672729492 32.2736282348633 -9999 -9999 33.6946258544922 34.1523551940918 34.6722869873047 35.2708129882812 35.779468536377 36.067741394043 36.1509666442871 36.1667556762695 36.1078834533691 35.9856033325195 -9999 -9999 -9999 -9999 -9999
-9999 -9999 -9999 -9999 -9999 -9999 -9999 -9999 -9999 -9999 -9999 -9999 -9999 -9999 20.8104915618896 -9999 20.23459815979 19.7668018341064 23.1916637420654 26.4578170776367 26.762809753418 26.9153060913086 29.2874298095703 30.9530353546143 31.1271209716797 31.2909965515137 31.4423904418945 31.6560821533203 31.9151496887207 32.2615699768066 32.6441612243652 33.1846885681152 33.7562561035156 34.1429290771484 34.5578842163086 35.316047668457 35.9385108947754 36.0838470458984 36.1808700561523 36.1881790161133 36.1312217712402 36.0042457580566 35.8213424682617 35.6022529602051 -9999 -9999 -9999
-9999 -9999 -9999 -9999 -9999 -9999 -9999 -9999 -9999 -9999 27.9104099273682 27.8653755187988 27.8372936248779 27.7726593017578 24.2951526641846 20.8899078369141 20.7310752868652 20.2059154510498 19.7668018341064 23.3503742218018 26.4578170776367 26.9153060913086 29.2874298095703 30.9530353546143 31.1271209716797 31.2909965515137 31.4423904418945 31.6560821533203 31.9151496887207 32.2615699768066 32.6441612243652 33.1846885681152 33.7562561035156 34.1429290771484 34.5578842163086 35.316047668457 35.9385108947754 36.0838470458984 36.1808700561523 36.1881790161133 36.1312217712402 36.0042457580566 35.8213424682617 35.6022529602051 35.5443496704102 35.6804122924805 -9999
-9999 -9999 -9999 -9999 -9999 -9999 -9999 -9999 -9999 -9999 28.1518688201904 27.9104099273682 27.8203392028809 -9999 27.7165088653564 24.3571395874023 21.0487403869629 20.7310752868652 20.1198711395264 19.7668018341064 23.8265018463135 27.5407218933105 29.8090591430664 31.6373348236084 32.5366058349609 33.0621185302734 33.1308135986328 33.2521209716797 33.4117546081543 33.6427459716797 33.9032936096191 34.3597793579102 34.8547859191895 35.0881652832031 35.3319892883301 35.7725296020508 36.1330947875977 36.212474822998 36.2673530578613 36.2767333984375 36.2343482971191 36.1355628967285 36.0166091918945 35.8845977783203 35.7894172668457 35.7074661254883 35.7092933654785
-9999 -9999 -9999 -9999 -9999 -9999 -9999 -9999 -9999 -9999 -9999 -9999 -9999 -9999 27.7027130126953 27.7165470123291 24.5866203308105 21.3664054870605 20.7310752868652 19.8617362976074 24.268871307373 28.2399501800537 30.3860912322998 32.3820343017578 34.0609092712402 34.978199005127 34.9646797180176 34.9891471862793 35.0412864685059 35.1467018127441 35.2741813659668 35.6348419189453 36.0413398742676 36.109992980957 36.1698913574219 36.2665252685547 36.34326171875 36.3500556945801 36.358829498291 36.3712844848633 36.3459053039551 36.2793006896973 36.2297439575195 36.191219329834 35.9927444458008 35.7368087768555 35.6985092163086
31.8373374938965 -9999 -9999 -9999 -9999 -9999 -9999 -9999 -9999 -9999 29.831169128418 28.3993644714355 -9999 -9999 -9999 27.6475982666016 27.9519119262695 25.2361125946045 22.0017375946045 22.3471775054932 25.8851871490479 29.0860843658447 30.876127243042 32.595027923584 34.1637382507324 35.1314506530762 35.3646240234375 35.4896469116211 35.5358924865723 35.6067581176758 35.6878128051758 35.8692398071289 36.0703964233398 36.1647605895996 36.2522659301758 36.311351776123 36.348072052002 36.3061447143555 36.2934837341309 36.3351821899414 36.3544044494629 36.3491439819336 36.3128318786621 36.2564315795898 36.1083030700684 35.9272193908691 35.8064498901367
31.7615566253662 31.7503700256348 -9999 -9999 -9999 -9999 -9999 -9999 -9999 -9999 30.5890197753906 29.9489059448242 28.3993644714355 -9999 -9999 27.189847946167 27.8425388336182 28.8233470916748 26.7818603515625 24.8520641326904 27.5698909759521 30.0325565338135 31.4273529052734 32.8476943969727 34.321964263916 35.3197326660156 35.7351226806641 35.932559967041 35.971248626709 36.0108985900879 36.050952911377 36.0802536010742 36.1074409484863 36.2266578674316 36.3373908996582 36.3319702148438 36.3163986206055 36.2651519775391 36.2509765625 36.3056373596191 36.3583526611328 36.4089393615723 36.3865737915039 36.3170051574707 36.2189865112305 36.1107444763184 35.9127998352051
31.7615566253662 31.7279968261719 31.7748336791992 31.6602344512939 -9999 -9999 -9999 -9999 -9999 -9999 -9999 30.809476852417 29.9260177612305 28.3993644714355 27.9104099273682 27.189847946167 27.8425388336182 28.8233470916748 28.1043853759766 27.461254119873 29.6214046478271 31.5172214508057 32.3067855834961 33.3131866455078 34.7773551940918 35.695930480957 35.947681427002 36.0666007995605 36.0887680053711 36.1151428222656 36.1432571411133 36.1658477783203 36.1873512268066 36.3267784118652 36.4372940063477 36.2227249145508 36.089054107666 36.2398338317871 36.3309555053711 36.3112869262695 36.3378715515137 36.4148445129395 36.4101829528809 36.3526992797852 36.3035202026367 36.25732421875 36.0106201171875
31.8620262145996 31.8419570922852 31.8608512878418 31.6685276031494 -9999 -9999 -9999 -9999 30.0393180847168 30.2519588470459 30.599178314209 31.131160736084 30.6980934143066 29.4754486083984 28.6570301055908 28.030086517334 28.5386943817139 29.3186225891113 29.4762477874756 29.6888618469238 31.324104309082 32.7507934570312 33.3046684265137 34.0802154541016 35.3237266540527 36.0325355529785 36.0878219604492 36.0843658447266 36.0381240844727 36.0263252258301 36.0287971496582 36.0405578613281 36.0541458129883 36.1928024291992 36.2949676513672 35.9954376220703 35.825553894043 36.1115112304688 36.2821731567383 36.2387237548828 36.2608261108398 36.3543548583984 36.3768196105957 36.3533020019531 36.3587989807129 36.3747138977051 36.1379432678223
32.2136726379395 32.0448150634766 31.8780879974365 31.6685276031494 31.451322555542 31.1461086273193 30.8108024597168 30.3224086761475 30.0393180847168 30.2519588470459 30.599178314209 31.131160736084 31.4007568359375 31.4556751251221 31.2702445983887 30.9709644317627 30.9752712249756 31.0521125793457 30.9714488983154 30.962495803833 32.1547546386719 33.356616973877 34.5986785888672 35.6010856628418 36.0975685119629 36.2701721191406 36.0469245910645 35.8114433288574 35.5670471191406 35.4548530578613 35.3974113464355 35.3880462646484 35.3881340026855 35.4735641479492 35.5470504760742 35.4730339050293 35.4716529846191 35.7256660461426 35.9114761352539 35.9706192016602 36.0423774719238 36.1278762817383 36.2010269165039 36.266185760498 36.3409385681152 36.419132232666 36.3390350341797
32.8708534240723 32.5674133300781 32.2263031005859 31.9883880615234 31.7590961456299 31.4774322509766 31.174783706665 30.7653770446777 30.5561904907227 30.8304500579834 31.1855010986328 31.6514663696289 32.3271102905273 33.1743049621582 33.4347915649414 33.417366027832 33.1969566345215 32.928050994873 32.7611122131348 32.6622467041016 33.4522247314453 34.3228797912598 35.5311851501465 36.3383674621582 36.2987442016602 36.1312103271484 35.8073425292969 35.5048866271973 35.2180252075195 35.082405090332 35.0094184875488 34.9944076538086 34.9907913208008 35.042293548584 35.0965347290039 35.1575736999512 35.2566413879395 35.4894142150879 35.6786842346191 35.7871589660645 35.8835754394531 35.9668579101562 36.0754432678223 36.2003974914551 36.3036231994629 36.399040222168 36.434196472168
33.9599990844727 33.5420608520508 33.0424613952637 32.7604713439941 32.5020027160645 32.2771873474121 32.0533676147461 31.8346271514893 31.803825378418 32.2268257141113 32.6007766723633 32.9073905944824 33.5697212219238 34.5230865478516 34.9650077819824 35.164665222168 35.1148300170898 35.0053825378418 34.9670906066895 34.9644546508789 35.4096908569336 35.7987327575684 35.9525909423828 35.9677925109863 35.6902694702148 35.4598007202148 35.2868499755859 35.1507759094238 35.0415573120117 34.9913368225098 34.9655456542969 34.9667625427246 34.9732933044434 35.0181655883789 35.0664939880371 35.1346969604492 35.2379913330078 35.4646606445312 35.6408653259277 35.7233619689941 35.8091049194336 35.898380279541 36.0208396911621 36.1647644042969 36.2388000488281 36.2877349853516 36.3795890808105
34.8643913269043 34.4444808959961 33.9300003051758 33.5943298339844 33.2830085754395 33.1349449157715 33.0201683044434 33.0747222900391 33.2238426208496 33.6013107299805 33.89453125 34.0720825195312 34.6191177368164 35.4684562683105 35.9007453918457 36.1354866027832 36.1602249145508 36.1347885131836 36.1526336669922 36.1751251220703 36.221996307373 36.1984786987305 35.8803596496582 35.5726928710938 35.2870979309082 35.0958404541016 35.019889831543 34.9762840270996 34.956241607666 34.9482383728027 34.9452285766602 34.9524307250977 34.9616432189941 35.0025482177734 35.0465965270996 35.1098327636719 35.2034225463867 35.4037399291992 35.5658798217773 35.6571197509766 35.7536773681641 35.8560256958008 35.9774971008301 36.1113395690918 36.1782684326172 36.2211608886719 36.3181076049805
35.6131973266602 35.286075592041 34.8776435852051 34.4802017211914 34.0960884094238 34.0415458679199 34.0612564086914 34.4586906433105 34.7890281677246 34.9573631286621 35.0859451293945 35.1599426269531 35.5058059692383 36.0741004943848 36.3358612060547 36.4524192810059 36.4708938598633 36.4659309387207 36.4788513183594 36.4665870666504 36.069938659668 35.6920127868652 35.3924217224121 35.1569480895996 35.0568199157715 34.9907913208008 34.9664344787598 34.9530601501465 34.9476776123047 34.9455413818359 34.9447479248047 34.9493026733398 34.9549102783203 34.9940986633301 35.0352363586426 35.0832939147949 35.1554565429688 35.312370300293 35.4595947265625 35.5888175964355 35.7142906188965 35.8356666564941 35.9436378479004 36.0429306030273 36.1213455200195 36.1922569274902 36.2508430480957
36.0486259460449 35.8637847900391 35.6287078857422 35.3044013977051 34.982048034668 34.9589920043945 34.9931640625 35.3184623718262 35.5682334899902 35.6356468200684 35.7162933349609 35.8151016235352 36.0369033813477 36.3593330383301 36.4036064147949 36.3161239624023 36.2558135986328 36.2019958496094 36.2048950195312 36.1843490600586 35.7658882141113 35.3851356506348 35.1621971130371 35.0012283325195 34.9710884094238 34.9523010253906 34.947395324707 34.9451179504395 34.9447555541992 34.9446296691895 34.9445991516113 34.9476928710938 34.9513969421387 34.9848175048828 35.0195732116699 35.0566558837891 35.1115684509277 35.2291793823242 35.3503265380859 35.4780464172363 35.6076164245605 35.7392044067383 35.8561058044434 35.9635009765625 36.0535469055176 36.1373634338379 36.1924476623535
36.3307037353516 36.3123588562012 36.2835693359375 36.0984230041504 35.9036674499512 35.8817443847656 35.8716468811035 35.9217071533203 35.9627990722656 35.9822463989258 36.0720710754395 36.2585105895996 36.393985748291 36.4877586364746 36.2915649414062 35.9580230712891 35.783447265625 35.6468505859375 35.6372299194336 35.6213531494141 35.387451171875 35.1759300231934 35.0580825805664 34.9727592468262 34.9560928344727 34.9463920593262 34.9451942443848 34.944652557373 34.9445877075195 34.9445877075195 34.9446144104004 34.9468193054199 34.9494552612305 34.9751281738281 35.0018081665039 35.0299682617188 35.0696792602539 35.1499900817871 35.2396011352539 35.3464851379395 35.468017578125 35.6055030822754 35.7423095703125 35.8786735534668 35.9804306030273 36.0697479248047 36.1383934020996
36.4288101196289 36.4450950622559 36.460147857666 36.3694305419922 36.2711906433105 36.2620620727539 36.2546195983887 36.2557220458984 36.2588043212891 36.2666625976562 36.3207015991211 36.4381408691406 36.5138359069824 36.5553779602051 36.2974319458008 35.8976173400879 35.6020050048828 35.3312911987305 35.306812286377 35.2921981811523 35.1750221252441 35.0681457519531 35.0043792724609 34.9583549499512 34.9497718811035 34.9449348449707 34.9446716308594 34.9445533752441 34.9445381164551 34.9445648193359 34.9446144104004 34.9457969665527 34.9472045898438 34.9610710144043 34.9756164550781 34.9922981262207 35.0176162719727 35.0732955932617 35.1359329223633 35.2115020751953 35.2988777160645 35.3991165161133 35.5117263793945 35.6323432922363 35.7510795593262 35.8691368103027 36.0074195861816
