Ecospace-environmental-drivers/Outputs/ASCII-for-ecospace/MOM6-ISIMIP3a/so-bot/1981-06_so-bot_MOM6-ISIMIP3a.asc
NCOLS 131 
NROWS 53 
XLLCORNER -98 
YLLCORNER 23.9265270233154 
CELLSIZE 0.133587792515755 
NODATA_value -9999 
[rows 21 to 41 of 53, columns 0 to 46 of 131]
-9999 -9999 -9999 -9999 -9999 -9999 34.1934700012207 34.193489074707 34.1946182250977 34.1804428100586 34.0854911804199 33.7962379455566 33.8232955932617 33.9038925170898 34.1136665344238 34.4724960327148 34.8328895568848 35.1943626403809 35.3684921264648 35.4702835083008 35.5516548156738 35.6294288635254 35.9029655456543 36.1523475646973 36.1647109985352 36.1774940490723 36.1916351318359 36.2102890014648 36.23681640625 36.2716331481934 36.3149795532227 36.3503189086914 36.3807716369629 36.402473449707 36.4212608337402 36.4334411621094 36.4446411132812 36.4463005065918 36.4471206665039 36.4425849914551 36.438648223877 36.4363632202148 36.4412231445312 36.4571266174316 36.4716186523438 36.4848136901855 36.4969444274902
-9999 -9999 -9999 -9999 -9999 -9999 34.1962203979492 34.1934700012207 34.1935043334961 34.211051940918 34.1804428100586 34.2797889709473 34.451042175293 34.7645645141602 35.034610748291 35.2544860839844 35.5121574401855 35.7957801818848 35.9189605712891 35.9801864624023 36.0223541259766 36.0611572265625 36.2165603637695 36.3578567504883 36.3603096008301 36.3632507324219 36.3677711486816 36.3739166259766 36.3829040527344 36.3979415893555 36.4192047119141 36.4375267028809 36.4540596008301 36.4655570983887 36.4753799438477 36.4881858825684 36.501335144043 36.5051422119141 36.5084075927734 36.5082130432129 36.5077705383301 36.5066375732422 36.5080833435059 36.5135231018066 36.5187377929688 36.523754119873 36.5300521850586
-9999 -9999 -9999 -9999 34.1022987365723 34.173454284668 34.1934661865234 34.2017288208008 34.1934700012207 34.1935386657715 34.2767486572266 34.6782073974609 35.1225967407227 35.6519470214844 35.9662284851074 36.0323524475098 36.1755676269531 36.3717231750488 36.4430122375488 36.4660873413086 36.4795341491699 36.491283416748 36.5153732299805 36.5365791320801 36.5314750671387 36.5268821716309 36.5239334106445 36.5207443237305 36.5171241760254 36.5165367126465 36.5190734863281 36.5214157104492 36.5236396789551 36.5247039794922 36.5253753662109 36.5385894775391 36.553466796875 36.5589790344238 36.5639801025391 36.5657386779785 36.5661430358887 36.5627784729004 36.5592384338379 36.5554161071777 36.5525054931641 36.550422668457 36.5514678955078
-9999 -9999 -9999 -9999 33.9338722229004 34.1084022521973 34.1534385681152 34.1934661865234 34.2182540893555 34.5337219238281 34.881275177002 35.3516311645508 35.775691986084 36.1081428527832 36.3098754882812 36.3607711791992 36.4363975524902 36.5290107727051 36.5630683898926 36.5745162963867 36.5910568237305 36.6084938049316 36.5469703674316 36.4901351928711 36.4868011474609 36.4855041503906 36.490795135498 36.5164031982422 36.5774574279785 36.6063652038574 36.6021919250488 36.5991668701172 36.5968399047852 36.597843170166 36.5999603271484 36.6082725524902 36.6173973083496 36.6208267211914 36.6171760559082 36.5684547424316 36.5086669921875 36.4180641174316 36.3615989685059 36.3578910827637 36.3542900085449 36.3507881164551 36.3526458740234
-9999 -9999 -9999 -9999 -9999 33.9338722229004 34.1528358459473 34.113410949707 34.3333396911621 34.9160804748535 35.4788703918457 35.9652900695801 36.3413352966309 36.4989852905273 36.5943069458008 36.6177139282227 36.5963439941406 36.5442276000977 36.5194969177246 36.5053443908691 36.5185623168945 36.5366096496582 36.4179077148438 36.3090744018555 36.3074645996094 36.3088340759277 36.3198585510254 36.3639984130859 36.4659156799316 36.5139045715332 36.5063934326172 36.5021018981934 36.4997634887695 36.5017585754395 36.5052032470703 36.5090408325195 36.5129051208496 36.512279510498 36.50048828125 36.4176063537598 36.3178977966309 36.1713562011719 36.0811653137207 36.0780639648438 36.0742225646973 36.0697021484375 36.0711898803711
-9999 -9999 -9999 -9999 -9999 33.9789047241211 33.9338722229004 34.3705902099609 34.8443794250488 35.4833679199219 36.046085357666 36.3168792724609 36.5235290527344 36.6032562255859 36.6191101074219 36.5612602233887 36.3139305114746 35.9364738464355 35.7584533691406 35.6574401855469 35.639217376709 35.6356048583984 35.5844078063965 35.5377540588379 35.5376663208008 35.5389595031738 35.5447311401367 35.5623741149902 35.6007385253906 35.622142791748 35.626091003418 35.6385040283203 35.6560668945312 35.6636619567871 35.6679344177246 35.6691856384277 35.6699180603027 35.6565971374512 35.6389083862305 35.5934104919434 35.5426940917969 35.4774398803711 35.4376945495605 35.4373664855957 35.4352416992188 35.4314651489258 35.427417755127
-9999 -9999 34.093074798584 34.0760726928711 34.0538177490234 34.0239868164062 33.9788513183594 34.6312446594238 35.3154182434082 35.9416809082031 36.4607696533203 36.569637298584 36.6504173278809 36.6756286621094 36.5891418457031 36.3737716674805 35.9759292602539 35.4527702331543 35.2043380737305 35.0619926452637 35.0267868041992 35.0104904174805 35.0058937072754 35.0021286010742 35.0031547546387 35.004207611084 35.0053291320801 35.0046691894531 35.000904083252 35.004638671875 35.0160903930664 35.0368003845215 35.0631523132324 35.0729522705078 35.0772323608398 35.076774597168 35.0755310058594 35.0559120178223 35.0364952087402 35.0183296203613 35.0028953552246 34.9950637817383 34.9905853271484 34.9912910461426 34.9900245666504 34.9869422912598 34.980167388916
-9999.000000000000000 -9999 -9999 -9999 34.1504096984863 34.0836524963379 34.1111488342285 34.8994941711426 35.6991767883301 36.1622352600098 36.542652130127 36.6067543029785 36.6566390991211 36.6783981323242 36.4396743774414 35.900390625 35.5166435241699 35.2397117614746 35.1017150878906 35.0173683166504 34.9967269897461 34.9873275756836 34.9837265014648 34.9807548522949 34.9820137023926 34.9824523925781 34.9802513122559 34.9791564941406 34.9799957275391 34.9855155944824 34.995849609375 35.0065269470215 35.017406463623 35.0220069885254 35.0245094299316 35.0242576599121 35.0235443115234 35.011604309082 34.9995460510254 34.9867668151855 34.9767074584961 34.9742317199707 34.9719161987305 34.9698486328125 34.9675636291504 34.9650764465332 34.9617042541504
-9999 -9999 -9999 -9999 34.2885360717773 34.3435897827148 34.2867240905762 35.1216659545898 35.9617195129395 36.3112602233887 36.5959014892578 36.6321220397949 36.6334953308105 36.56591796875 36.2200698852539 35.5531463623047 35.2124824523926 35.0958709716797 35.0315322875977 34.9873809814453 34.9749488830566 34.9681129455566 34.9656295776367 34.9636344909668 34.9648742675781 34.9651718139648 34.9624214172363 34.9618110656738 34.9649353027344 34.970760345459 34.9793739318848 34.9836006164551 34.9851570129395 34.9859352111816 34.986457824707 34.9862060546875 34.9858016967773 34.9794883728027 34.9729232788086 34.9647407531738 34.9587478637695 34.9588432312012 34.9578018188477 34.9550018310547 34.9528007507324 34.9511489868164 34.9499702453613
-9999 -9999 -9999 -9999 34.3909759521484 34.438362121582 34.4968757629395 35.2858695983887 36.0717544555664 36.3702926635742 36.6131210327148 36.642707824707 36.5734062194824 36.3084335327148 35.9122276306152 35.3646011352539 35.1034812927246 35.0391159057617 35.0021667480469 34.9758033752441 34.9635887145996 34.9538650512695 34.9526634216309 34.9518547058105 34.9527702331543 34.9535179138184 34.9537200927734 34.9547500610352 34.9572257995605 34.961498260498 34.9676246643066 34.9699211120605 34.9698791503906 34.9685821533203 34.9668617248535 34.9663467407227 34.9659767150879 34.9627227783203 34.959285736084 34.9547119140625 34.9511299133301 34.9503059387207 34.9494285583496 34.9484672546387 34.9477272033691 34.9471969604492 34.946704864502
-9999 -9999 -9999 -9999 34.438362121582 34.5091934204102 34.5923385620117 35.3363265991211 36.0802688598633 36.3644790649414 36.5978317260742 36.6365127563477 36.5835075378418 36.3490715026855 35.9402313232422 35.3301467895508 35.0524291992188 35.0029602050781 34.9785041809082 34.9637107849121 34.9547996520996 34.9469299316406 34.9464797973633 34.9463081359863 34.9471397399902 34.9481239318848 34.9496192932129 34.9511566162109 34.952766418457 34.9550094604492 34.9578971862793 34.9587135314941 34.9582710266113 34.9567375183105 34.9548377990723 34.9543075561523 34.9539527893066 34.9524726867676 34.9509048461914 34.9487991333008 34.9469947814941 34.9460487365723 34.9454345703125 34.9453315734863 34.9452705383301 34.9452514648438 34.9450874328613
-9999 -9999 -9999 -9999 34.513298034668 34.5923385620117 35.2553329467773 35.3014717102051 36.0126419067383 36.3100318908691 36.5581588745117 36.617733001709 36.6462516784668 36.6133079528809 36.2201194763184 35.411262512207 35.0448379516602 34.9822578430176 34.9591255187988 34.951229095459 34.9479446411133 34.9454727172852 34.9453773498535 34.9454383850098 34.9463577270508 34.9474258422852 34.948974609375 34.9501686096191 34.9507484436035 34.9505920410156 34.9496803283691 34.9493637084961 34.949405670166 34.9490242004395 34.9484977722168 34.9481315612793 34.9477806091309 34.9471130371094 34.9464683532715 34.9459686279297 34.9454765319824 34.9450035095215 34.9447250366211 34.944751739502 34.9447784423828 34.9448051452637 34.9447021484375
-9999 -9999 -9999 -9999 34.5923385620117 35.2906455993652 35.5911598205566 35.791202545166 35.8469123840332 36.2347030639648 36.5547637939453 36.6155738830566 36.6660423278809 36.696044921875 36.3029479980469 35.4216613769531 35.0304374694824 34.9757614135742 34.9549903869629 34.9473075866699 34.9455718994141 34.9448852539062 34.9448547363281 34.9449005126953 34.9454650878906 34.9461288452148 34.947135925293 34.9478416442871 34.9480247497559 34.9474868774414 34.9462051391602 34.9457893371582 34.9459037780762 34.9458770751953 34.94580078125 34.9455718994141 34.9453201293945 34.9450569152832 34.9448280334473 34.94482421875 34.944766998291 34.9445495605469 34.9444313049316 34.9444694519043 34.9444961547852 34.9445114135742 34.9444427490234
-9999 -9999 -9999 -9999 -9999 35.6781387329102 35.723747253418 35.6808052062988 35.6391372680664 36.1504325866699 36.5669174194336 36.6205368041992 36.6674270629883 36.7009925842285 36.3013191223145 35.4017562866211 35.0131187438965 34.9753532409668 34.9573860168457 34.9470596313477 34.945125579834 34.9446678161621 34.944580078125 34.944507598877 34.9445190429688 34.9445762634277 34.9447822570801 34.944938659668 34.9450035095215 34.9449462890625 34.9447593688965 34.944694519043 34.944694519043 34.9446830749512 34.9446640014648 34.9445610046387 34.9444465637207 34.9444122314453 34.9443855285645 34.9444007873535 34.9444007873535 34.9443511962891 34.9443168640137 34.9443130493164 34.9443016052246 34.944278717041 34.9442367553711
-9999 -9999 -9999 -9999 -9999 35.7512435913086 35.7195014953613 35.6992378234863 35.7278938293457 36.197395324707 36.5794982910156 36.6270751953125 36.6699333190918 36.7034606933594 36.301815032959 35.3980484008789 35.0094299316406 34.9745826721191 34.9579277038574 34.9482955932617 34.9457893371582 34.9445419311523 34.9443778991699 34.9442520141602 34.944221496582 34.9442481994629 34.9444541931152 34.9445304870605 34.9443817138672 34.9443092346191 34.9443168640137 34.9443130493164 34.9443016052246 34.9442977905273 34.9442901611328 34.9442329406738 34.9441719055176 34.9441795349121 34.9441871643066 34.9442024230957 34.9442100524902 34.9441986083984 34.9441909790039 34.9441947937012 34.9441909790039 34.9441871643066 34.9441680908203
-9999 -9999 -9999 -9999 -9999 35.8209915161133 35.8104820251465 35.7784652709961 35.8779983520508 36.2715148925781 36.5921669006348 36.6339340209961 36.6726722717285 36.7054138183594 36.3027496337891 35.3976936340332 35.0085639953613 34.9737396240234 34.9580879211426 34.9498405456543 34.9466857910156 34.9444351196289 34.9441947937012 34.9440231323242 34.9440612792969 34.9441757202148 34.9445419311523 34.944637298584 34.9442558288574 34.9440689086914 34.9440803527832 34.9440803527832 34.9440803527832 34.9440765380859 34.9440727233887 34.9440498352051 34.944019317627 34.9440269470215 34.944034576416 34.9440460205078 34.9440536499023 34.9440574645996 34.9440650939941 34.9440803527832 34.9440994262695 34.9441223144531 34.9441299438477
-9999 -9999 -9999 -9999 -9999 -9999 35.932991027832 35.953742980957 35.9814758300781 36.3202629089355 36.5972938537598 36.6379547119141 36.6755828857422 36.7072257995605 36.3095703125 35.4165725708008 35.026683807373 34.9822959899902 34.9627723693848 34.9528541564941 34.948112487793 34.9442863464355 34.9441184997559 34.9440765380859 34.9444580078125 34.944896697998 34.9455375671387 34.9458465576172 34.9455795288086 34.9454383850098 34.945426940918 34.945426940918 34.9454307556152 34.9454498291016 34.9454727172852 34.9454116821289 34.9453430175781 34.9449157714844 34.9444999694824 34.9441528320312 34.9438972473145 34.9439086914062 34.9439163208008 34.943920135498 34.9439315795898 34.9439430236816 34.9442367553711
-9999 -9999 -9999 -9999 -9999 -9999 36.0342445373535 36.0667686462402 36.076717376709 36.3654747009277 36.6025848388672 36.6419830322266 36.678466796875 36.7091789245605 36.3162879943848 35.434627532959 35.0439338684082 34.9904174804688 34.9671669006348 34.9556083679199 34.949405670166 34.944149017334 34.9440879821777 34.9442138671875 34.9449577331543 34.9457244873047 34.9465827941895 34.9470748901367 34.9469223022461 34.9468307495117 34.9468002319336 34.9468002319336 34.9468193054199 34.9468612670898 34.9469108581543 34.9468231201172 34.9467086791992 34.9458999633789 34.9451065063477 34.9444351196289 34.9439430236816 34.9439506530762 34.9439544677734 34.9439468383789 34.9439506530762 34.9439697265625 34.9445114135742
-9999 -9999 -9999 -9999 -9999 -9999 36.0926246643066 36.0822219848633 36.1063690185547 36.3851013183594 36.6131973266602 36.6474838256836 36.6809425354004 36.7127571105957 36.3191452026367 35.4346580505371 35.0428581237793 34.9894065856934 34.9662857055664 34.9548797607422 34.9490356445312 34.9441757202148 34.9445381164551 34.9450912475586 34.9462661743164 34.9472770690918 34.9477386474609 34.9479675292969 34.9477920532227 34.9476890563965 34.9476623535156 34.9477233886719 34.9478454589844 34.947940826416 34.9480323791504 34.9479522705078 34.9478492736816 34.9473915100098 34.9469337463379 34.946475982666 34.9461288452148 34.9460792541504 34.9460258483887 34.945972442627 34.9460334777832 34.9461975097656 34.9465408325195
-9999 -9999 -9999 -9999 -9999 36.0902290344238 36.1419067382812 36.1288871765137 36.1855125427246 36.4289665222168 36.6278228759766 36.6559906005859 36.6739921569824 36.6718635559082 36.2723159790039 35.4142112731934 35.0352935791016 34.9854583740234 34.9639015197754 34.9532661437988 34.9482841491699 34.9443016052246 34.9451522827148 34.9461631774902 34.9476127624512 34.9487609863281 34.9489364624023 34.9489822387695 34.9487915039062 34.9486694335938 34.948616027832 34.9487075805664 34.9488868713379 34.9490203857422 34.9491386413574 34.9490737915039 34.9489822387695 34.9488105773926 34.9486198425293 34.9483413696289 34.9481086730957 34.9480056762695 34.9478950500488 34.9477844238281 34.9478530883789 34.9480895996094 34.9482498168945
-9999 -9999 -9999 -9999 36.1181221008301 36.1173362731934 36.0902290344238 36.2662811279297 36.4461250305176 36.5617179870605 36.657169342041 36.6755332946777 36.6324844360352 36.4679183959961 36.0433120727539 35.318660736084 35.0039443969727 34.9707489013672 34.9560165405273 34.9484100341797 34.9461326599121 34.9447937011719 34.9463806152344 34.9479713439941 34.9490776062012 34.9499931335449 34.9503059387207 34.9504432678223 34.950267791748 34.9500923156738 34.9499168395996 34.9499015808105 34.9499816894531 34.950080871582 34.9501800537109 34.9501495361328 34.9500999450684 34.9499549865723 34.9498023986816 34.9495697021484 34.9493598937988 34.9492034912109 34.9490203857422 34.9488067626953 34.9487152099609 34.9487380981445 34.948787689209
