Ecospace-environmental-drivers/Outputs/ASCII-for-ecospace/MOM6-ISIMIP3a/so-bot/1981-12_so-bot_MOM6-ISIMIP3a.asc
NCOLS 131 
NROWS 53 
XLLCORNER -98 
YLLCORNER 23.9265270233154 
CELLSIZE 0.133587792515755 
NODATA_value -9999 
[rows 0 to 20 of 53, columns 47 to 93 of 131]
-9999 -9999 -9999 -9999 -9999 -9999 -9999 -9999 -9999 -9999 -9999 -9999 -9999 -9999 -9999 -9999 -9999 -9999 -9999 -9999 -9999 -9999 -9999 -9999 -9999 -9999 -9999 -9999 -9999 -9999 -9999 -9999 -9999 -9999 -9999 -9999 -9999 -9999 -9999 -9999 -9999 -9999 -9999 -9999 -9999 -9999 -9999
-9999 -9999 -9999 -9999 -9999 -9999 -9999 -9999 -9999 -9999 -9999 -9999 -9999 -9999 -9999 -9999 -9999 -9999 -9999 -9999 -9999 -9999 -9999 -9999 -9999 -9999 -9999 -9999 -9999 -9999 -9999 -9999 -9999 -9999 -9999 -9999 -9999 -9999 -9999 -9999 -9999 -9999 -9999 -9999 -9999 -9999 -9999
-9999 -9999 -9999 -9999 -9999 -9999 -9999 -9999 -9999 -9999 -9999 -9999 -9999 -9999 -9999 -9999 -9999 -9999 -9999 -9999 -9999 -9999 -9999 -9999 -9999 -9999 -9999 34.7006874084473 34.7751884460449 -9999 -9999 -9999 -9999 -9999 -9999 -9999 -9999 -9999 -9999 -9999 -9999 -9999 -9999 -9999 -9999 -9999 -9999
-9999 -9999 -9999 -9999 -9999 -9999 -9999 -9999 -9999 -9999 -9999 -9999 -9999 -9999 -9999 -9999 -9999 -9999 -9999 -9999 -9999 -9999 -9999 -9999 -9999 -9999 -9999 34.7030448913574 34.7617225646973 -9999 -9999 -9999 -9999 -9999 -9999 -9999 -9999 -9999 -9999 -9999 -9999 -9999 -9999 -9999 -9999 -9999 -9999
-9999 -9999 -9999 -9999 -9999 -9999 -9999 -9999 -9999 -9999 -9999 -9999 -9999 -9999 -9999 -9999 -9999 -9999 31.1736183166504 31.3309631347656 31.4568386077881 32.191104888916 32.8055076599121 33.7812767028809 34.3412895202637 34.5530204772949 34.6601524353027 34.6987228393555 34.7502555847168 34.8361892700195 -9999 -9999 35.4215850830078 35.6038284301758 35.7230949401855 35.8147621154785 35.8833618164062 35.9504470825195 36.0111465454102 36.062801361084 36.105842590332 36.1388702392578 -9999 -9999 -9999 -9999 -9999
-9999 -9999 -9999 -9999 -9999 -9999 -9999 -9999 -9999 -9999 -9999 -9999 -9999 -9999 25.2123641967773 -9999 24.8515110015869 24.5625267028809 27.9458160400391 31.1736183166504 31.3624324798584 31.4568386077881 32.9253692626953 34.0343170166016 34.384147644043 34.6054039001465 34.6695137023926 34.7055397033691 34.7211112976074 34.8241195678711 34.9633369445801 35.2004203796387 35.4567451477051 35.607593536377 35.7471466064453 35.8145446777344 35.8825988769531 35.9529457092285 36.0157928466797 36.0647010803223 36.1079139709473 36.1449127197266 36.1637802124023 36.1709175109863 -9999 -9999 -9999
-9999 -9999 -9999 -9999 -9999 -9999 -9999 -9999 -9999 -9999 29.1084461212158 29.0723819732666 29.0552635192871 29.0316295623779 27.1448631286621 25.2675933837891 25.1571350097656 24.8348731994629 24.5625267028809 28.1013031005859 31.1736183166504 31.4568386077881 32.9253692626953 34.0343170166016 34.384147644043 34.6054039001465 34.6695137023926 34.7055397033691 34.7211112976074 34.8241195678711 34.9633369445801 35.2004203796387 35.4567451477051 35.607593536377 35.7471466064453 35.8145446777344 35.8825988769531 35.9529457092285 36.0157928466797 36.0647010803223 36.1079139709473 36.1449127197266 36.1637802124023 36.1709175109863 36.1728057861328 36.1846580505371 -9999
-9999 -9999 -9999 -9999 -9999 -9999 -9999 -9999 -9999 -9999 29.3018016815186 29.1084461212158 29.036319732666 -9999 29.037540435791 27.2410182952881 25.3780517578125 25.1571350097656 24.7849597930908 24.5625267028809 28.5677661895752 32.0663681030273 33.4446334838867 34.4767112731934 34.777946472168 34.9460563659668 34.9514579772949 34.9385375976562 34.9122695922852 34.9570960998535 35.0313720703125 35.2133979797363 35.4166069030762 35.5618705749512 35.7021560668945 35.8148002624512 35.9173851013184 35.9846115112305 36.0391845703125 36.070255279541 36.1028251647949 36.1370239257812 36.1629943847656 36.1836395263672 36.1899833679199 36.1911888122559 36.1817169189453
-9999 -9999 -9999 -9999 -9999 -9999 -9999 -9999 -9999 -9999 -9999 -9999 -9999 -9999 28.9904365539551 29.1579933166504 27.5214710235596 25.5989685058594 25.1571350097656 24.6352157592773 28.9857940673828 32.7426872253418 34.0149383544922 34.9582252502441 35.2070274353027 35.3185958862305 35.2624282836914 35.1971740722656 35.125301361084 35.1067504882812 35.1102828979492 35.2321624755859 35.3773078918457 35.5168228149414 35.6583709716797 35.8218460083008 35.9627532958984 36.0243034362793 36.0679016113281 36.0781669616699 36.0981254577637 36.1286468505859 36.1620483398438 36.1973190307617 36.2007942199707 36.1928482055664 36.1788749694824
32.548511505127 -9999 -9999 -9999 -9999 -9999 -9999 -9999 -9999 -9999 30.8881969451904 29.4999923706055 -9999 -9999 -9999 29.0429267883301 29.6111145019531 28.1972103118896 26.0408039093018 26.365966796875 30.1475143432617 33.387134552002 34.3587417602539 35.0983047485352 35.3479919433594 35.4883499145508 35.4950866699219 35.4473648071289 35.3599853515625 35.3209838867188 35.3020172119141 35.3987808227539 35.5182914733887 35.6674575805664 35.8254470825195 36.0588874816895 36.236400604248 36.2172775268555 36.1894264221191 36.1453666687012 36.1259231567383 36.1332931518555 36.158618927002 36.1955642700195 36.2057228088379 36.2062606811523 36.1867141723633
32.3978042602539 32.3755569458008 -9999 -9999 -9999 -9999 -9999 -9999 -9999 -9999 31.6483726501465 31.0733489990234 29.4999923706055 -9999 -9999 28.5314331054688 29.4889011383057 30.8130073547363 29.4862079620361 28.2741966247559 31.3835391998291 34.0229187011719 34.6954574584961 35.2347450256348 35.492733001709 35.6604652404785 35.7178840637207 35.6870193481445 35.5918502807617 35.5395812988281 35.5050811767578 35.5758399963379 35.667293548584 35.8356399536133 36.0130958557129 36.2517166137695 36.4251022338867 36.3691139221191 36.3039970397949 36.2219429016113 36.1682434082031 36.1454467773438 36.1580619812012 36.1935920715332 36.2098083496094 36.2190895080566 36.1959266662598
32.3978042602539 32.3310623168945 31.9790840148926 31.5742835998535 -9999 -9999 -9999 -9999 -9999 -9999 -9999 31.9689884185791 31.1050415039062 29.4999923706055 29.1084461212158 28.5314331054688 29.4889011383057 30.8130073547363 30.9557075500488 31.1343955993652 33.0181312561035 34.6122207641602 34.9941329956055 35.3516654968262 35.6577377319336 35.8452301025391 35.8877906799316 35.8701362609863 35.8086204528809 35.781623840332 35.7689247131348 35.8089294433594 35.8592948913574 36.0979270935059 36.3110961914062 36.2074241638184 36.1581802368164 36.30029296875 36.381290435791 36.3487815856934 36.2884712219238 36.1978645324707 36.172908782959 36.1904335021973 36.2093467712402 36.228759765625 36.2125091552734
32.4465522766113 32.1519889831543 31.8604602813721 31.5728225708008 -9999 -9999 -9999 -9999 30.9484424591064 31.1917266845703 31.6300964355469 32.3362922668457 31.9405765533447 30.6433048248291 29.9047241210938 29.4307804107666 30.2182712554932 31.3071594238281 32.3607940673828 33.4025421142578 34.3065032958984 35.0829849243164 35.3259315490723 35.5870246887207 35.8864097595215 36.0409393310547 36.0184173583984 35.9549751281738 35.8617248535156 35.8262367248535 35.8146667480469 35.8266448974609 35.8432540893555 36.095832824707 36.3061904907227 36.0187797546387 35.856761932373 36.1356430053711 36.3267021179199 36.354663848877 36.3218421936035 36.2228012084961 36.1948928833008 36.2130088806152 36.2307205200195 36.2482872009277 36.2397003173828
32.6171760559082 32.2499046325684 31.8687801361084 31.5728225708008 31.2895660400391 31.1138019561768 30.9590377807617 30.911096572876 30.9484424591064 31.1917266845703 31.6300964355469 32.3362922668457 32.6877212524414 32.7488861083984 32.6917381286621 32.5785484313965 32.7711029052734 33.0367126464844 33.6048431396484 34.1905326843262 34.7293167114258 35.2573776245117 35.7405471801758 36.118480682373 36.2742500305176 36.2639999389648 36.0508346557617 35.7941131591797 35.5056571960449 35.3772621154785 35.3151512145996 35.3059234619141 35.3070907592773 35.4327697753906 35.544017791748 35.4692344665527 35.4690971374512 35.7314147949219 35.9424209594727 36.0581359863281 36.1380729675293 36.1790351867676 36.2347221374512 36.299934387207 36.3066940307617 36.2924613952637 36.2934226989746
33.013858795166 32.6015243530273 32.1606140136719 31.8775749206543 31.6153888702393 31.4798908233643 31.365894317627 31.3612785339355 31.4393196105957 31.7169437408447 32.1359710693359 32.7491188049316 33.4790649414062 34.3045692443848 34.6556816101074 34.7820854187012 34.6701812744141 34.5013389587402 34.7211456298828 34.9709434509277 35.2687149047852 35.5909156799316 36.0153579711914 36.291633605957 36.2551345825195 36.1127471923828 35.8409423828125 35.5416679382324 35.2223854064941 35.0777893066406 35.0055351257324 34.9902877807617 34.9862480163574 35.0351104736328 35.0864677429199 35.1430625915527 35.2422752380371 35.4913444519043 35.7035026550293 35.8470993041992 35.9839134216309 36.1133346557617 36.2338905334473 36.3487129211426 36.3613014221191 36.3371658325195 36.3435707092285
33.7301445007324 33.3118362426758 32.8532829284668 32.6131896972656 32.4018669128418 32.3635597229004 32.347972869873 32.4479370117188 32.6242065429688 32.9847221374512 33.3570556640625 33.74560546875 34.3329010009766 35.0828056335449 35.4559593200684 35.6506538391113 35.6449699401855 35.5914077758789 35.6568374633789 35.7406463623047 35.9729499816895 36.1494674682617 36.0925102233887 35.9582138061523 35.6606597900391 35.4322814941406 35.288459777832 35.159740447998 35.0420265197754 34.9896812438965 34.9644088745117 34.9646110534668 34.9698181152344 35.0126762390137 35.0596046447754 35.1326942443848 35.2428588867188 35.4833755493164 35.6701011657715 35.7569427490234 35.8716163635254 36.0166130065918 36.1755714416504 36.3435592651367 36.3856964111328 36.3826217651367 36.3886680603027
34.4068450927734 34.0509567260742 33.6538543701172 33.4452476501465 33.262767791748 33.2647323608398 33.2930526733398 33.4554481506348 33.6815452575684 34.0614547729492 34.3813514709473 34.6188583374023 35.0554466247559 35.6549110412598 35.9874839782715 36.1936340332031 36.2336082458496 36.2338752746582 36.2387390136719 36.242618560791 36.2275810241699 36.1596870422363 35.8705749511719 35.5759620666504 35.2697296142578 35.0731544494629 35.0106010437012 34.9736557006836 34.9553642272949 34.948070526123 34.9453277587891 34.9521369934082 34.9608268737793 35.0002365112305 35.0432395935059 35.1101951599121 35.2091026306152 35.4203453063965 35.5896873474121 35.6812057495117 35.8027610778809 35.9570350646973 36.1240272521973 36.299243927002 36.3667297363281 36.3955154418945 36.4041595458984
35.0502014160156 34.8143424987793 34.5452842712402 34.3585166931152 34.1863403320312 34.1806411743164 34.2069816589355 34.3963050842285 34.6314659118652 34.9773025512695 35.239933013916 35.3883323669434 35.6674194335938 36.0534362792969 36.2926940917969 36.4624366760254 36.4970626831055 36.4994087219238 36.522705078125 36.5191345214844 36.1035995483398 35.7081527709961 35.3967819213867 35.152587890625 35.0502128601074 34.9846267700195 34.9640083312988 34.9524917602539 34.9476089477539 34.9456100463867 34.9448089599609 34.9507865905762 34.9580993652344 34.9962196350098 35.035717010498 35.0774765014648 35.1464233398438 35.3109550476074 35.4696807861328 35.6176147460938 35.7704887390137 35.9287376403809 36.0781860351562 36.2219467163086 36.3112449645996 36.3809814453125 36.3947219848633
35.4862670898438 35.3562164306641 35.2044830322266 35.0650329589844 34.931468963623 34.9229011535645 34.9396743774414 35.0853538513184 35.2612419128418 35.5100631713867 35.7052726745605 35.8268890380859 36.0180549621582 36.2661209106445 36.3477249145508 36.3504829406738 36.3018417358398 36.2409248352051 36.2553825378418 36.2455596923828 35.806957244873 35.4068183898926 35.1676483154297 34.9964981079102 34.968936920166 34.9517593383789 34.947265625 34.9451904296875 34.9448738098145 34.9447135925293 34.9446182250977 34.9489707946777 34.9541931152344 34.9868545532227 35.0201568603516 35.0497665405273 35.0998687744141 35.2220153808594 35.352180480957 35.4972343444824 35.6481857299805 35.8055610656738 35.9570350646973 36.1046867370605 36.2187919616699 36.3208427429199 36.3562088012695
35.8208885192871 35.7896881103516 35.7500343322754 35.6703681945801 35.5892715454102 35.5801811218262 35.5836753845215 35.6511726379395 35.7343444824219 35.8553466796875 35.9781761169434 36.1035041809082 36.2407913208008 36.3878631591797 36.280330657959 36.0522003173828 35.8821601867676 35.7259979248047 35.7182731628418 35.7027854919434 35.4258232116699 35.1789932250977 35.0582504272461 34.9712104797363 34.9553146362305 34.9461250305176 34.9451293945312 34.9446678161621 34.9445953369141 34.9445838928223 34.9445915222168 34.9469223022461 34.9497108459473 34.9748725891113 35.0006637573242 35.0245132446289 35.0612106323242 35.1430816650391 35.2359046936035 35.3490600585938 35.4818267822266 35.6359596252441 35.7990264892578 35.9678764343262 36.1082458496094 36.2383842468262 36.3034629821777
36.0534515380859 36.0534782409668 36.0508460998535 36.0126914978027 35.9722213745117 35.9672584533691 35.968578338623 36.0018501281738 36.0439109802246 36.1072044372559 36.1784744262695 36.2606925964355 36.371639251709 36.5060920715332 36.3299560546875 36.0066986083984 35.6929779052734 35.3815383911133 35.3554496765137 35.3401222229004 35.1960754394531 35.0675048828125 35.003719329834 34.957763671875 34.9494514465332 34.9448013305664 34.9446258544922 34.9445495605469 34.9445419311523 34.9445610046387 34.9445991516113 34.9457206726074 34.9470520019531 34.9606857299805 34.9747924804688 34.9890670776367 35.0126838684082 35.0691413879395 35.132137298584 35.2072792053223 35.2984886169434 35.4072036743164 35.5351676940918 35.6755905151367 35.8156204223633 35.9555053710938 36.1248168945312
