Ecospace-environmental-drivers/Outputs/ASCII-for-ecospace/MOM6-ISIMIP3a/so-bot/1983-02_so-bot_MOM6-ISIMIP3a.asc
NCOLS 131 
NROWS 53 
XLLCORNER -98 
YLLCORNER 23.9265270233154 
CELLSIZE 0.133587792515755 
NODATA_value -9999 
[rows 0 to 20 of 53, columns 47 to 93 of 131]
-9999 -9999 -9999 -9999 -9999 -9999 -9999 -9999 -9999 -9999 -9999 -9999 -9999 -9999 -9999 -9999 -9999 -9999 -9999 -9999 -9999 -9999 -9999 -9999 -9999 -9999 -9999 -9999 -9999 -9999 -9999 -9999 -9999 -9999 -9999 -9999 -9999 -9999 -9999 -9999 -9999 -9999 -9999 -9999 -9999 -9999 -9999
-9999 -9999 -9999 -9999 -9999 -9999 -9999 -9999 -9999 -9999 -9999 -9999 -9999 -9999 -9999 -9999 -9999 -9999 -9999 -9999 -9999 -9999 -9999 -9999 -9999 -9999 -9999 -9999 -9999 -9999 -9999 -9999 -9999 -9999 -9999 -9999 -9999 -9999 -9999 -9999 -9999 -9999 -9999 -9999 -9999 -9999 -9999
-9999 -9999 -9999 -9999 -9999 -9999 -9999 -9999 -9999 -9999 -9999 -9999 -9999 -9999 -9999 -9999 -9999 -9999 -9999 -9999 -9999 -9999 -9999 -9999 -9999 -9999 -9999 33.9692726135254 34.0187911987305 -9999 -9999 -9999 -9999 -9999 -9999 -9999 -9999 -9999 -9999 -9999 -9999 -9999 -9999 -9999 -9999 -9999 -9999
-9999 -9999 -9999 -9999 -9999 -9999 -9999 -9999 -9999 -9999 -9999 -9999 -9999 -9999 -9999 -9999 -9999 -9999 -9999 -9999 -9999 -9999 -9999 -9999 -9999 -9999 -9999 33.9706192016602 33.9988899230957 -9999 -9999 -9999 -9999 -9999 -9999 -9999 -9999 -9999 -9999 -9999 -9999 -9999 -9999 -9999 -9999 -9999 -9999
-9999 -9999 -9999 -9999 -9999 -9999 -9999 -9999 -9999 -9999 -9999 -9999 -9999 -9999 -9999 -9999 -9999 -9999 28.9013500213623 29.1382751464844 29.3278141021729 30.4334411621094 31.3560848236084 32.8150787353516 33.6282768249512 33.8851509094238 33.9703979492188 33.9593772888184 33.9820823669434 34.0552062988281 -9999 -9999 34.7374687194824 35.0120162963867 35.228832244873 35.393684387207 35.5032424926758 35.5966682434082 35.6659202575684 35.7106819152832 35.727237701416 35.7122268676758 -9999 -9999 -9999 -9999 -9999
-9999 -9999 -9999 -9999 -9999 -9999 -9999 -9999 -9999 -9999 -9999 -9999 -9999 -9999 22.4685401916504 -9999 21.8786602020264 21.4006309509277 25.2344417572021 28.9013500213623 29.1856594085693 29.3278141021729 31.5390682220459 33.2013702392578 33.7047920227051 33.9786682128906 33.9719886779785 33.9605369567871 33.9456062316895 34.0401000976562 34.1799125671387 34.4499435424805 34.7455711364746 35.0168952941895 35.2735786437988 35.3960189819336 35.5114517211914 35.6022529602051 35.6762962341309 35.7192153930664 35.7365341186523 35.7259674072266 35.6741790771484 35.5957145690918 -9999 -9999 -9999
-9999 -9999 -9999 -9999 -9999 -9999 -9999 -9999 -9999 -9999 30.2737865447998 30.2400760650635 30.2183265686035 30.166130065918 26.3215370178223 22.5511589050293 22.3859214782715 21.8494300842285 21.4006309509277 25.401346206665 28.9013500213623 29.3278141021729 31.5390682220459 33.2013702392578 33.7047920227051 33.9786682128906 33.9719886779785 33.9605369567871 33.9456062316895 34.0401000976562 34.1799125671387 34.4499435424805 34.7455711364746 35.0168952941895 35.2735786437988 35.3960189819336 35.5114517211914 35.6022529602051 35.6762962341309 35.7192153930664 35.7365341186523 35.7259674072266 35.6741790771484 35.5957145690918 35.5749778747559 35.6185913085938 -9999
-9999 -9999 -9999 -9999 -9999 -9999 -9999 -9999 -9999 -9999 30.4545288085938 30.2737865447998 30.2063655853271 -9999 30.1171970367432 26.3785800933838 22.7163963317871 22.3859214782715 21.7617378234863 21.4006309509277 25.9020576477051 29.955904006958 32.1365814208984 33.7653465270996 34.2289810180664 34.4736366271973 34.4506568908691 34.4074325561523 34.3494682312012 34.3779754638672 34.4422950744629 34.6278228759766 34.8371772766113 35.0437774658203 35.2475433349609 35.4245643615723 35.582893371582 35.6755027770996 35.7443008422852 35.7688865661621 35.781925201416 35.7823791503906 35.7533912658691 35.7053527832031 35.6615447998047 35.619255065918 35.5437393188477
-9999 -9999 -9999 -9999 -9999 -9999 -9999 -9999 -9999 -9999 -9999 -9999 -9999 -9999 30.1117610931396 30.1008853912354 26.5779304504395 23.0468730926514 22.3859214782715 21.4986591339111 26.3500919342041 30.6760730743408 32.8029861450195 34.3811378479004 34.8008079528809 35.0149536132812 34.9779014587402 34.9014282226562 34.7962417602539 34.7523345947266 34.7338066101074 34.826114654541 34.9402122497559 35.0767211914062 35.2232360839844 35.459400177002 35.6639671325684 35.7574462890625 35.8197174072266 35.8240165710449 35.8320617675781 35.8441848754883 35.8400344848633 35.8253517150879 35.7411613464355 35.6320037841797 35.5187797546387
30.683177947998 -9999 -9999 -9999 -9999 -9999 -9999 -9999 -9999 -9999 31.2378673553467 30.6397895812988 -9999 -9999 -9999 30.0573959350586 30.2411613464355 27.1582984924316 23.7078247070312 24.1072311401367 28.4106693267822 32.154182434082 33.5543594360352 34.6278877258301 35.0118446350098 35.2619247436523 35.3483810424805 35.3084106445312 35.1763534545898 35.0907821655273 35.0244636535645 35.0464134216309 35.0857124328613 35.214111328125 35.3562316894531 35.6001396179199 35.8024291992188 35.8583908081055 35.890193939209 35.8771362304688 35.8722267150879 35.8761940002441 35.8799362182617 35.8835334777832 35.8299446105957 35.7558174133301 35.5879669189453
30.5118713378906 30.4865837097168 -9999 -9999 -9999 -9999 -9999 -9999 -9999 -9999 31.6994895935059 31.7428531646729 30.6397895812988 -9999 -9999 29.7344131469727 30.163990020752 30.825080871582 28.7086753845215 26.7840538024902 30.4280090332031 33.5102577209473 34.2417221069336 34.8588905334473 35.2347793579102 35.5219802856445 35.7007789611816 35.6883506774902 35.5366363525391 35.4158668518066 35.3079109191895 35.266773223877 35.23876953125 35.3776016235352 35.5291442871094 35.7444801330566 35.9200706481934 35.9559135437012 35.968376159668 35.9374160766602 35.918342590332 35.9122161865234 35.9207763671875 35.9388427734375 35.9140090942383 35.8737678527832 35.6704597473145
30.5118713378906 30.4360084533691 30.2410984039307 29.9534969329834 -9999 -9999 -9999 -9999 -9999 -9999 -9999 32.5106315612793 32.0002822875977 30.6397895812988 30.2737865447998 29.7344131469727 30.163990020752 30.825080871582 30.2705574035645 29.826961517334 32.2134246826172 34.2117576599121 34.5857391357422 35.0054168701172 35.521556854248 35.8522148132324 35.956169128418 35.9232292175293 35.7905769348145 35.6692771911621 35.552677154541 35.4874725341797 35.4323692321777 35.6810836791992 35.9161682128906 35.9081268310547 35.926025390625 36.0351181030273 36.0878944396973 36.0360984802246 35.9963607788086 35.9697570800781 35.9666557312012 35.978759765625 35.972770690918 35.9602851867676 35.824291229248
30.6027069091797 30.3812370300293 30.1940269470215 29.9531230926514 -9999 -9999 -9999 -9999 29.7825622558594 30.7380390167236 31.7807788848877 32.9433212280273 32.8077926635742 31.610221862793 30.9234294891357 30.4785823822021 30.8009128570557 31.3065490722656 31.7926616668701 32.3311882019043 33.6521339416504 34.7612266540527 34.9837036132812 35.3069915771484 35.8431167602539 36.1374015808105 36.136116027832 36.0371017456055 35.8669090270996 35.7367172241211 35.6230888366699 35.5495681762695 35.4839286804199 35.7668190002441 36.0228576660156 35.8904724121094 35.8251152038574 35.9954299926758 36.0954284667969 36.0648536682129 36.0427284240723 36.0298080444336 36.0286064147949 36.0349884033203 36.0433769226074 36.052490234375 35.9794387817383
30.9206295013428 30.5671997070312 30.2098274230957 29.9531230926514 29.7133407592773 29.6522350311279 29.5925273895264 29.5399322509766 29.7825622558594 30.7380390167236 31.7807788848877 32.9433212280273 33.4100646972656 33.3075294494629 33.1972122192383 33.0832061767578 33.0301742553711 32.9917106628418 33.2153244018555 33.4886856079102 34.2240676879883 34.9306182861328 35.5165176391602 35.9961967468262 36.2516288757324 36.3099746704102 36.1274452209473 35.8484573364258 35.4992179870605 35.3392219543457 35.2576026916504 35.215145111084 35.1803855895996 35.3081741333008 35.4287033081055 35.4195518493652 35.4570388793945 35.6585121154785 35.8229942321777 35.9187812805176 36.0099639892578 36.0961303710938 36.1307411193848 36.1319885253906 36.1435890197754 36.1589088439941 36.1378746032715
31.611759185791 31.1445007324219 30.6339797973633 30.3427410125732 30.0823459625244 30.0487575531006 30.0262298583984 30.0599632263184 30.361837387085 31.3111667633057 32.2756500244141 33.2609367370605 33.9953804016113 34.524585723877 34.7563362121582 34.8471794128418 34.6422348022461 34.3666152954102 34.4231109619141 34.5211906433105 34.8924598693848 35.3058662414551 35.8956336975098 36.2851142883301 36.2517700195312 36.1247024536133 35.8830871582031 35.5730133056641 35.2130699157715 35.0722122192383 35.0220832824707 35.0050582885742 34.9945411682129 35.0302391052246 35.0704689025879 35.1382827758789 35.2395286560059 35.4583053588867 35.6523361206055 35.8004112243652 35.9467582702637 36.0912208557129 36.1696624755859 36.2053871154785 36.2289085388184 36.248046875 36.2586364746094
32.8305320739746 32.2750778198242 31.6354694366455 31.2832069396973 30.9730606079102 31.0058937072754 31.0731086730957 31.3152198791504 31.7601013183594 32.6945915222168 33.4701766967773 34.0276031494141 34.556713104248 35.0626525878906 35.3050575256348 35.4226303100586 35.3816909790039 35.3028831481934 35.3271102905273 35.3769912719727 35.6972274780273 35.9721527099609 36.0574378967285 36.0080947875977 35.6745491027832 35.4335021972656 35.3055152893066 35.1748428344727 35.0422172546387 34.9896812438965 34.9703140258789 34.9707565307617 34.9750938415527 35.0077934265137 35.045783996582 35.1251525878906 35.2348861694336 35.4513778686523 35.6255722045898 35.7212104797363 35.8405151367188 35.9856071472168 36.1192245483398 36.245418548584 36.2931709289551 36.3127479553223 36.3261222839355
33.8162612915039 33.362361907959 32.827091217041 32.4294853210449 32.0615348815918 32.1137390136719 32.2175750732422 32.5840339660645 33.0648155212402 33.8216400146484 34.3764915466309 34.6540603637695 35.0140647888184 35.441520690918 35.6942749023438 35.8642807006836 35.9095649719238 35.9250526428223 35.950382232666 35.9794273376465 36.052734375 36.073860168457 35.8766250610352 35.631893157959 35.2868957519531 35.071605682373 35.0148468017578 34.9791145324707 34.9586944580078 34.9500389099121 34.9462585449219 34.9542274475098 34.9645080566406 34.9958114624023 35.0317535400391 35.1054229736328 35.2044525146484 35.392650604248 35.5500068664551 35.6500778198242 35.7757835388184 35.9294204711914 36.0876960754395 36.2489700317383 36.315185546875 36.3472518920898 36.3648071289062
34.6057434082031 34.4131813049316 34.178825378418 33.7490844726562 33.3165473937988 33.3485069274902 33.444221496582 33.8642692565918 34.2907524108887 34.7327880859375 35.040096282959 35.1624412536621 35.3838539123535 35.6863212585449 35.9491767883301 36.1932640075684 36.2592658996582 36.2827186584473 36.3372459411621 36.3684997558594 36.0299034118652 35.7001304626465 35.4072875976562 35.1721611022949 35.0588798522949 34.9870223999023 34.9657897949219 34.9538650512695 34.9487190246582 34.9465179443359 34.9455337524414 34.9526634216309 34.9613914489746 34.9926338195801 35.0266990661621 35.080135345459 35.1522979736328 35.2903022766113 35.4333419799805 35.5857353210449 35.7460060119629 35.9148597717285 36.072093963623 36.221809387207 36.3016204833984 36.3563270568848 36.3792381286621
35.0561561584473 34.9895286560059 34.9032897949219 34.6056442260742 34.2983093261719 34.3136711120605 34.3764915466309 34.6807289123535 34.9698829650879 35.2226066589355 35.4068374633789 35.4970321655273 35.6585960388184 35.8785552978516 36.0543174743652 36.2091369628906 36.1926498413086 36.1352272033691 36.1698608398438 36.1826820373535 35.7859153747559 35.4189071655273 35.1764602661133 35.002498626709 34.9731216430664 34.9541664123535 34.9479446411133 34.9452857971191 34.9452171325684 34.9451675415039 34.945125579834 34.9501724243164 34.9562225341797 34.9847869873047 35.014949798584 35.0525703430176 35.1045265197754 35.2068939208984 35.321849822998 35.4601936340332 35.6126403808594 35.7804527282715 35.9461555480957 36.1104965209961 36.2255706787109 36.3229446411133 36.3645553588867
35.3406372070312 35.3336791992188 35.3207817077637 35.2356033325195 35.146354675293 35.1469039916992 35.1646995544434 35.2702369689941 35.381420135498 35.5062370300293 35.6282997131348 35.7465744018555 35.8868293762207 36.0450630187988 36.0861663818359 36.0717887878418 35.9222984313965 35.7405281066895 35.7312431335449 35.7155265808105 35.4336929321289 35.1829566955566 35.0623512268066 34.9747886657715 34.9569778442383 34.9466247558594 34.9453773498535 34.9448661804199 34.9448852539062 34.944881439209 34.9448699951172 34.9472274780273 34.9500541687012 34.9746551513672 34.999927520752 35.0238952636719 35.0589065551758 35.132755279541 35.212890625 35.3047065734863 35.4285850524902 35.5873947143555 35.7662239074707 35.9580078125 36.1189422607422 36.2687911987305 36.3356285095215
35.6071166992188 35.612232208252 35.6137428283691 35.5872688293457 35.5590286254883 35.5604705810547 35.5696601867676 35.6182556152344 35.6758270263672 35.7550773620605 35.841121673584 35.9365005493164 36.0687599182129 36.2311935424805 36.1881103515625 36.047679901123 35.7463607788086 35.4066047668457 35.3768539428711 35.3591384887695 35.2065811157227 35.0710220336914 35.0066108703613 34.9598197937012 34.9502296447754 34.9448852539062 34.9447326660156 34.9446907043457 34.9447364807129 34.9447555541992 34.9447631835938 34.9458198547363 34.9470825195312 34.9607086181641 34.9747123718262 34.9879264831543 35.0102272033691 35.0644798278809 35.1210441589355 35.1819038391113 35.2657661437988 35.374683380127 35.5110549926758 35.6651916503906 35.8157348632812 35.9649925231934 36.1482391357422
