Ecospace-environmental-drivers/Outputs/ASCII-for-ecospace/MOM6-ISIMIP3a/so-bot/1983-07_so-bot_MOM6-ISIMIP3a.asc
NCOLS 131 
NROWS 53 
XLLCORNER -98 
YLLCORNER 23.9265270233154 
CELLSIZE 0.133587792515755 
NODATA_value -9999 
[rows 21 to 41 of 53, columns 47 to 93 of 131]
36.1352577209473 36.1542167663574 36.1715621948242 36.1746406555176 36.1762771606445 36.1783103942871 36.1830673217773 36.2016639709473 36.2184257507324 36.2307510375977 36.2453536987305 36.2630882263184 36.304801940918 36.3661308288574 36.2207450866699 35.9774475097656 35.552661895752 35.0845146179199 35.0423965454102 35.0291938781738 35.010856628418 34.9911117553711 34.9654808044434 34.9474792480469 34.9455833435059 34.9445266723633 34.9444999694824 34.9445037841797 34.9445381164551 34.9446029663086 34.9446830749512 34.9448089599609 34.9449424743652 34.9457588195801 34.9467964172363 34.9497337341309 34.9610710144043 35.0019416809082 35.0427474975586 35.083438873291 35.1330375671387 35.1923484802246 35.276538848877 35.376823425293 35.5108032226562 35.6568870544434 35.9256210327148
36.309700012207 36.3246421813965 36.3397445678711 36.3404808044434 36.3398475646973 36.3419189453125 36.3465614318848 36.3642883300781 36.3786926269531 36.3850593566895 36.3229293823242 36.1667556762695 36.0652122497559 36.008358001709 35.8326530456543 35.6006507873535 35.3301696777344 35.0504913330078 35.0088920593262 34.984935760498 34.9797592163086 34.9725494384766 34.956844329834 34.9458961486816 34.9449882507324 34.9444885253906 34.9444961547852 34.944522857666 34.9445610046387 34.9446182250977 34.9446830749512 34.9447174072266 34.9447479248047 34.9447898864746 34.9449195861816 34.9458961486816 34.9510498046875 34.9708938598633 34.9907150268555 35.0104942321777 35.0396881103516 35.0791358947754 35.1322441101074 35.1941947937012 35.2914924621582 35.4014892578125 35.645881652832
36.4654769897461 36.4700088500977 36.4746131896973 36.4677734375 36.4599494934082 36.4571418762207 36.4577751159668 36.4758949279785 36.488224029541 36.4865684509277 36.3507995605469 36.0309104919434 35.7935104370117 35.6236038208008 35.4241218566895 35.2106285095215 35.1095352172852 35.0352973937988 34.9963874816895 34.9622192382812 34.9617805480957 34.9597663879395 34.9511375427246 34.9451446533203 34.9447059631348 34.9444770812988 34.944507598877 34.9445457458496 34.9445953369141 34.9446411132812 34.9446907043457 34.9447174072266 34.9447402954102 34.9448204040527 34.9448928833008 34.9448738098145 34.9448661804199 34.944896697998 34.9453048706055 34.9464302062988 34.9576797485352 34.9799613952637 35.0034446716309 35.0277061462402 35.0865936279297 35.1579170227051 35.365306854248
36.2437400817871 36.1471366882324 36.0209426879883 36.0073089599609 36.0022010803223 35.9161949157715 35.8456382751465 35.8536834716797 35.8362045288086 35.7570915222168 35.6506843566895 35.5068016052246 35.4002532958984 35.3242568969727 35.220287322998 35.1030654907227 35.0455665588379 35.0023422241211 34.9784355163574 34.9571914672852 34.9553565979004 34.952995300293 34.9484405517578 34.9452018737793 34.9447250366211 34.9444847106934 34.944522857666 34.9445686340332 34.9446220397949 34.9446716308594 34.9447250366211 34.9447975158691 34.9448776245117 34.9449195861816 34.9449577331543 34.9449310302734 34.9449157714844 34.9449195861816 34.9450950622559 34.9455947875977 34.9506454467773 34.9606590270996 34.9710960388184 34.981803894043 35.019172668457 35.0661201477051 35.2025985717773
35.9557571411133 35.7940063476562 35.5838050842285 35.5660285949707 35.5629348754883 35.4244041442871 35.308650970459 35.308780670166 35.271354675293 35.1432456970215 35.0688514709473 35.0681915283203 35.0679397583008 35.0680122375488 35.044017791748 35.0086250305176 34.9886932373047 34.9724578857422 34.9619293212891 34.9522743225098 34.9495735168457 34.9471817016602 34.9460678100586 34.9451675415039 34.9447174072266 34.9444885253906 34.9445343017578 34.9445915222168 34.944652557373 34.944709777832 34.944766998291 34.9448776245117 34.944995880127 34.9450073242188 34.945011138916 34.9449806213379 34.9449577331543 34.9449462890625 34.944938659668 34.9449310302734 34.944938659668 34.9449615478516 34.9447860717773 34.9444808959961 34.9623641967773 34.9867782592773 35.0581474304199
35.3773231506348 35.3081855773926 35.2191619873047 35.2088737487793 35.2047004699707 35.1481552124023 35.1011734008789 35.1028442382812 35.0887069702148 35.0364036560059 35.0056533813477 35.0044898986816 35.0028305053711 35.0007629394531 34.9886283874512 34.9717254638672 34.9629173278809 34.9560394287109 34.9517555236816 34.9478340148926 34.9466285705566 34.9455642700195 34.9451065063477 34.9447402954102 34.9445724487305 34.9444923400879 34.944522857666 34.9445953369141 34.9446983337402 34.9447784423828 34.9448432922363 34.9449348449707 34.9450340270996 34.9450340270996 34.9450263977051 34.944995880127 34.9449729919434 34.9449806213379 34.944995880127 34.945011138916 34.9450302124023 34.9450492858887 34.9449577331543 34.9447937011719 34.9520797729492 34.9620399475098 34.9937438964844
34.9751625061035 34.9703712463379 34.9653511047363 34.9610481262207 34.956958770752 34.9567413330078 34.9569091796875 34.959056854248 34.9604873657227 34.9601898193359 34.9595031738281 34.9582710266113 34.9560356140137 34.9529762268066 34.9496040344238 34.9460906982422 34.9451065063477 34.9447250366211 34.9447250366211 34.9447402954102 34.944580078125 34.9444541931152 34.9444465637207 34.9444541931152 34.9444961547852 34.9445304870605 34.9445571899414 34.9446411132812 34.9447631835938 34.9448509216309 34.9449234008789 34.944995880127 34.9450645446777 34.9450492858887 34.9450340270996 34.9450035095215 34.9449844360352 34.945011138916 34.9450454711914 34.9450912475586 34.9451217651367 34.945140838623 34.9451065063477 34.9450454711914 34.9450569152832 34.9450912475586 34.9489212036133
34.9575996398926 34.9554862976074 34.9533576965332 34.9517669677734 34.9502906799316 34.9504280090332 34.9505844116211 34.950870513916 34.9510154724121 34.950813293457 34.9505462646484 34.9501953125 34.9491882324219 34.9476509094238 34.9462966918945 34.9450225830078 34.9446754455566 34.9445495605469 34.9445610046387 34.9445762634277 34.9445037841797 34.9444427490234 34.944450378418 34.9444847106934 34.9445724487305 34.9446411132812 34.9446907043457 34.944766998291 34.9448585510254 34.944938659668 34.9450149536133 34.9450454711914 34.945068359375 34.9450531005859 34.9450340270996 34.9450073242188 34.9449920654297 34.9450263977051 34.9450759887695 34.9451560974121 34.9452056884766 34.9452285766602 34.9452056884766 34.9451560974121 34.9451446533203 34.945140838623 34.9468116760254
34.9470748901367 34.946590423584 34.9461898803711 34.9461402893066 34.9461402893066 34.9464073181152 34.9465370178223 34.9459457397461 34.9454879760742 34.9453468322754 34.9453048706055 34.9453887939453 34.9451637268066 34.9446830749512 34.9445190429688 34.9445037841797 34.944507598877 34.9445190429688 34.944522857666 34.9445266723633 34.9444961547852 34.9444732666016 34.9444885253906 34.9445343017578 34.944637298584 34.9447212219238 34.9447822570801 34.9448471069336 34.9449157714844 34.9449920654297 34.9450645446777 34.9450759887695 34.9450721740723 34.9450569152832 34.9450378417969 34.9450187683105 34.945011138916 34.9450531005859 34.9451141357422 34.9452171325684 34.9452743530273 34.9452896118164 34.9452743530273 34.9452438354492 34.9452247619629 34.9452133178711 34.9455642700195
34.9454040527344 34.9452323913574 34.9450912475586 34.9451141357422 34.9451522827148 34.9452781677246 34.9453468322754 34.9451179504395 34.9449234008789 34.9448089599609 34.9447326660156 34.9447059631348 34.9446868896484 34.9446754455566 34.9446716308594 34.9446716308594 34.9446716308594 34.9446716308594 34.9446449279785 34.9446182250977 34.944580078125 34.9445495605469 34.9445686340332 34.9446105957031 34.9446868896484 34.9447555541992 34.9448127746582 34.9448738098145 34.9449348449707 34.9449996948242 34.9450721740723 34.9450798034668 34.9450798034668 34.9450645446777 34.9450492858887 34.9450416564941 34.9450454711914 34.9450988769531 34.9451675415039 34.9452705383301 34.9453239440918 34.9453201293945 34.9453086853027 34.9452896118164 34.9453010559082 34.9453163146973 34.9454040527344
34.9446182250977 34.9445877075195 34.9445648193359 34.9446029663086 34.9446449279785 34.9446716308594 34.9446792602539 34.9446105957031 34.9445381164551 34.9444541931152 34.9444389343262 34.9445190429688 34.9446334838867 34.9447746276855 34.94482421875 34.9448318481445 34.9448127746582 34.9447898864746 34.9447441101074 34.9447021484375 34.9446640014648 34.9446334838867 34.9446449279785 34.9446716308594 34.9447288513184 34.9447822570801 34.9448356628418 34.9448890686035 34.9449424743652 34.9450073242188 34.9450759887695 34.9450874328613 34.9450912475586 34.9450874328613 34.9450874328613 34.9450988769531 34.9451179504395 34.9451713562012 34.945240020752 34.9453239440918 34.9453659057617 34.9453506469727 34.9453468322754 34.9453468322754 34.945384979248 34.9454345703125 34.9454193115234
34.9444961547852 34.9444770812988 34.944465637207 34.9444808959961 34.9444961547852 34.9444541931152 34.944408416748 34.9443473815918 34.9442863464355 34.9442329406738 34.9443511962891 34.944709777832 34.9449005126953 34.944953918457 34.9449768066406 34.9449806213379 34.9449348449707 34.9448776245117 34.9448280334473 34.9447784423828 34.9447479248047 34.9447250366211 34.9447174072266 34.9447250366211 34.9447593688965 34.9448013305664 34.9448432922363 34.9448928833008 34.9449424743652 34.9450073242188 34.9450798034668 34.9450988769531 34.9451065063477 34.945125579834 34.9451446533203 34.9451751708984 34.9452133178711 34.9452705383301 34.9453277587891 34.945384979248 34.9454040527344 34.9453811645508 34.9453887939453 34.9454116821289 34.9454803466797 34.9455642700195 34.9455642700195
34.944408416748 34.9443893432617 34.9443740844727 34.9443702697754 34.9443626403809 34.9442901611328 34.9442596435547 34.9444618225098 34.9445991516113 34.9445686340332 34.94482421875 34.9454650878906 34.9457359313965 34.9457015991211 34.9456176757812 34.9455108642578 34.9453430175781 34.9451637268066 34.9450492858887 34.9449424743652 34.9448623657227 34.9447975158691 34.9447860717773 34.9447898864746 34.9448089599609 34.9448356628418 34.9448699951172 34.9449119567871 34.944953918457 34.9450225830078 34.9450988769531 34.9451293945312 34.9451522827148 34.9451942443848 34.9452323913574 34.9452819824219 34.9453315734863 34.9453811645508 34.945426940918 34.9454612731934 34.9454727172852 34.9454574584961 34.9454727172852 34.9455032348633 34.9455757141113 34.9456634521484 34.9456672668457
34.9443397521973 34.9443092346191 34.9442825317383 34.9442596435547 34.9442367553711 34.9441452026367 34.944164276123 34.9447402954102 34.9451484680176 34.9451446533203 34.9455337524414 34.9464645385742 34.9468154907227 34.9466896057129 34.9464683532715 34.9462013244629 34.945873260498 34.9455337524414 34.9453315734863 34.9451446533203 34.9449920654297 34.9448661804199 34.9448547363281 34.9448547363281 34.9448661804199 34.944881439209 34.9449043273926 34.9449348449707 34.9449729919434 34.9450416564941 34.9451217651367 34.9451713562012 34.9452095031738 34.9452743530273 34.9453392028809 34.9454002380371 34.9454574584961 34.9454956054688 34.9455299377441 34.9455490112305 34.945556640625 34.9455528259277 34.9455757141113 34.945613861084 34.9456748962402 34.9457473754883 34.9457511901855
34.9443092346191 34.9442558288574 34.9441986083984 34.944164276123 34.9441261291504 34.944019317627 34.9441452026367 34.9454689025879 34.9463996887207 34.9463844299316 34.9465713500977 34.9470405578613 34.9471549987793 34.9469757080078 34.9467353820801 34.9464645385742 34.9461364746094 34.94580078125 34.9455451965332 34.9453010559082 34.9451484680176 34.9450149536133 34.9449882507324 34.9449729919434 34.9449768066406 34.9449882507324 34.9450073242188 34.9450340270996 34.9450645446777 34.9451179504395 34.9451866149902 34.9452438354492 34.9452972412109 34.9453659057617 34.9454345703125 34.9454956054688 34.9455490112305 34.9455871582031 34.9456214904785 34.9456443786621 34.9456634521484 34.945671081543 34.9456901550293 34.9457206726074 34.9457550048828 34.9457969665527 34.9457893371582
34.9442939758301 34.9442138671875 34.9441146850586 34.9440689086914 34.9440231323242 34.9438934326172 34.9441375732422 34.9462890625 34.9477958679199 34.9477615356445 34.9476776123047 34.9475288391113 34.9473419189453 34.9471168518066 34.9468803405762 34.9466361999512 34.946346282959 34.946044921875 34.945743560791 34.9454498291016 34.9453086853027 34.9451866149902 34.9451370239258 34.9451026916504 34.9451026916504 34.9451103210449 34.945125579834 34.9451446533203 34.9451713562012 34.9452095031738 34.945255279541 34.9453239440918 34.9453926086426 34.9454612731934 34.9455261230469 34.9455833435059 34.9456367492676 34.9456748962402 34.9457130432129 34.945743560791 34.9457702636719 34.9457931518555 34.9458084106445 34.9458274841309 34.9458351135254 34.9458351135254 34.9458198547363
34.9447860717773 34.9448165893555 34.9447364807129 34.9446563720703 34.9446029663086 34.945384979248 34.9462471008301 34.9475059509277 34.9483833312988 34.9483375549316 34.9481353759766 34.9477233886719 34.9474105834961 34.9471855163574 34.9469604492188 34.9467430114746 34.9465103149414 34.9462738037109 34.9460296630859 34.9457931518555 34.9456405639648 34.9454956054688 34.9454116821289 34.9453430175781 34.9453086853027 34.9452857971191 34.9452781677246 34.9452857971191 34.9453010559082 34.9453315734863 34.945369720459 34.9454193115234 34.9454727172852 34.9455223083496 34.9455718994141 34.9456214904785 34.9456634521484 34.9457054138184 34.945743560791 34.9457817077637 34.9458122253418 34.9458351135254 34.9458465576172 34.9458503723145 34.9458389282227 34.9458236694336 34.9458045959473
34.9453773498535 34.9455146789551 34.9454727172852 34.945369720459 34.9453201293945 34.9469146728516 34.9483108520508 34.948673248291 34.9489135742188 34.948860168457 34.9485664367676 34.9479446411133 34.9475212097168 34.9472579956055 34.9470405578613 34.9468460083008 34.9466667175293 34.9464912414551 34.9463119506836 34.9461326599121 34.9459648132324 34.9458084106445 34.945686340332 34.9455833435059 34.9455223083496 34.9454727172852 34.9454383850098 34.945426940918 34.9454307556152 34.9454536437988 34.9454803466797 34.9455184936523 34.9455528259277 34.9455833435059 34.9456176757812 34.9456520080566 34.9456901550293 34.945728302002 34.9457664489746 34.9458084106445 34.9458427429199 34.9458694458008 34.9458770751953 34.9458694458008 34.9458427429199 34.9458045959473 34.9457893371582
34.9467468261719 34.9469528198242 34.9471015930176 34.9471130371094 34.9471435546875 34.948070526123 34.9488792419434 34.9490776062012 34.9492111206055 34.9491806030273 34.9489974975586 34.9486083984375 34.9480895996094 34.9474716186523 34.9471435546875 34.9469528198242 34.9467811584473 34.9466133117676 34.9464569091797 34.9463005065918 34.9461708068848 34.946044921875 34.9459342956543 34.9458389282227 34.9457664489746 34.9457015991211 34.9456367492676 34.9455909729004 34.945556640625 34.9455528259277 34.945556640625 34.9455833435059 34.945613861084 34.9456367492676 34.9456558227539 34.945686340332 34.9457168579102 34.9457397460938 34.9457702636719 34.9458122253418 34.9458465576172 34.945873260498 34.945873260498 34.945858001709 34.9458122253418 34.9457550048828 34.9457359313965
34.947940826416 34.9482040405273 34.9485092163086 34.9486122131348 34.9487037658691 34.9490585327148 34.9493675231934 34.9494323730469 34.9494743347168 34.9494552612305 34.9493598937988 34.9491539001465 34.9486122131348 34.9477996826172 34.9474029541016 34.9472045898438 34.947021484375 34.9468460083008 34.9466857910156 34.9465293884277 34.9464073181152 34.9462928771973 34.9461822509766 34.9460830688477 34.9460029602051 34.9459190368652 34.9458351135254 34.9457626342773 34.9457015991211 34.945671081543 34.9456558227539 34.945671081543 34.9456939697266 34.9457054138184 34.9457168579102 34.9457359313965 34.9457550048828 34.9457664489746 34.9457817077637 34.9458198547363 34.9458503723145 34.9458770751953 34.945873260498 34.9458503723145 34.9457855224609 34.9457092285156 34.9456825256348
34.9484939575195 34.9487686157227 34.9491157531738 34.9492111206055 34.9492835998535 34.9494285583496 34.9495582580566 34.9496002197266 34.9496192932129 34.9495658874512 34.9494590759277 34.9492797851562 34.9489631652832 34.9485359191895 34.9482345581055 34.9479904174805 34.9477348327637 34.9474792480469 34.9472236633301 34.9469757080078 34.9467811584473 34.946590423584 34.9464340209961 34.9462928771973 34.9461898803711 34.946102142334 34.9460334777832 34.9459686279297 34.9459114074707 34.9458770751953 34.9458503723145 34.9458427429199 34.9458389282227 34.9458427429199 34.9458465576172 34.9458541870117 34.9458541870117 34.9458389282227 34.9458312988281 34.9458389282227 34.9458541870117 34.9458770751953 34.945873260498 34.9458503723145 34.9457778930664 34.945686340332 34.9456329345703
