Ecospace-environmental-drivers/Outputs/ASCII-for-ecospace/MOM6-ISIMIP3a/so-bot/1984-03_so-bot_MOM6-ISIMIP3a.asc
NCOLS 131 
NROWS 53 
XLLCORNER -98 
YLLCORNER 23.9265270233154 
CELLSIZE 0.133587792515755 
NODATA_value -9999 
[rows 0 to 20 of 53, columns 47 to 93 of 131]
-9999 -9999 -9999 -9999 -9999 -9999 -9999 -9999 -9999 -9999 -9999 -9999 -9999 -9999 -9999 -9999 -9999 -9999 -9999 -9999 -9999 -9999 -9999 -9999 -9999 -9999 -9999 -9999 -9999 -9999 -9999 -9999 -9999 -9999 -9999 -9999 -9999 -9999 -9999 -9999 -9999 -9999 -9999 -9999 -9999 -9999 -9999
-9999 -9999 -9999 -9999 -9999 -9999 -9999 -9999 -9999 -9999 -9999 -9999 -9999 -9999 -9999 -9999 -9999 -9999 -9999 -9999 -9999 -9999 -9999 -9999 -9999 -9999 -9999 -9999 -9999 -9999 -9999 -9999 -9999 -9999 -9999 -9999 -9999 -9999 -9999 -9999 -9999 -9999 -9999 -9999 -9999 -9999 -9999
-9999 -9999 -9999 -9999 -9999 -9999 -9999 -9999 -9999 -9999 -9999 -9999 -9999 -9999 -9999 -9999 -9999 -9999 -9999 -9999 -9999 -9999 -9999 -9999 -9999 -9999 -9999 33.7909545898438 33.9199447631836 -9999 -9999 -9999 -9999 -9999 -9999 -9999 -9999 -9999 -9999 -9999 -9999 -9999 -9999 -9999 -9999 -9999 -9999
-9999 -9999 -9999 -9999 -9999 -9999 -9999 -9999 -9999 -9999 -9999 -9999 -9999 -9999 -9999 -9999 -9999 -9999 -9999 -9999 -9999 -9999 -9999 -9999 -9999 -9999 -9999 33.7897262573242 33.901050567627 -9999 -9999 -9999 -9999 -9999 -9999 -9999 -9999 -9999 -9999 -9999 -9999 -9999 -9999 -9999 -9999 -9999 -9999
-9999 -9999 -9999 -9999 -9999 -9999 -9999 -9999 -9999 -9999 -9999 -9999 -9999 -9999 -9999 -9999 -9999 -9999 28.150936126709 28.4213180541992 28.6376247406006 29.8993873596191 30.9306411743164 32.506534576416 33.3238525390625 33.5624542236328 33.7026252746582 33.781192779541 33.8853607177734 34.0365905761719 -9999 -9999 34.930736541748 35.2141990661621 35.3991546630859 35.5287284851074 35.5987014770508 35.6493148803711 35.6729888916016 35.6799621582031 35.6755027770996 35.6680297851562 -9999 -9999 -9999 -9999 -9999
-9999 -9999 -9999 -9999 -9999 -9999 -9999 -9999 -9999 -9999 -9999 -9999 -9999 -9999 22.5302028656006 -9999 21.8740577697754 21.339563369751 24.8325424194336 28.150936126709 28.4753952026367 28.6376247406006 31.1611480712891 32.9931526184082 33.3652992248535 33.613109588623 33.7089576721191 33.7858047485352 33.848819732666 34.0214576721191 34.2394981384277 34.5947113037109 34.9768867492676 35.2206115722656 35.4450988769531 35.5317535400391 35.6093368530273 35.6550178527832 35.6835861206055 35.680362701416 35.6759414672852 35.6702079772949 35.6579437255859 35.6414527893066 -9999 -9999 -9999
-9999 -9999 -9999 -9999 -9999 -9999 -9999 -9999 -9999 -9999 29.9910793304443 29.9540309906006 29.9291381835938 29.8665733337402 26.1986351013184 22.6190776824951 22.4413261413574 21.8412837982178 21.339563369751 25.0071258544922 28.150936126709 28.6376247406006 31.1611480712891 32.9931526184082 33.3652992248535 33.613109588623 33.7089576721191 33.7858047485352 33.848819732666 34.0214576721191 34.2394981384277 34.5947113037109 34.9768867492676 35.2206115722656 35.4450988769531 35.5317535400391 35.6093368530273 35.6550178527832 35.6835861206055 35.680362701416 35.6759414672852 35.6702079772949 35.6579437255859 35.6414527893066 35.637092590332 35.6434936523438 -9999
-9999 -9999 -9999 -9999 -9999 -9999 -9999 -9999 -9999 -9999 30.1897144317627 29.9910793304443 29.9169845581055 -9999 29.8033885955811 26.250036239624 22.7968311309814 22.4413261413574 21.7429618835449 21.339563369751 25.5308799743652 29.3848361968994 31.8269157409668 33.7022438049316 34.3811149597168 34.7691688537598 34.8017768859863 34.7819366455078 34.7238883972168 34.6797294616699 34.6413230895996 34.8923149108887 35.2001991271973 35.3711853027344 35.5297737121582 35.6167678833008 35.6912040710449 35.7214813232422 35.7324066162109 35.707389831543 35.6876029968262 35.6735076904297 35.6693305969238 35.6715774536133 35.6570014953613 35.6363830566406 35.6237144470215
-9999 -9999 -9999 -9999 -9999 -9999 -9999 -9999 -9999 -9999 -9999 -9999 -9999 -9999 29.8040809631348 29.7631950378418 26.444751739502 23.1523361206055 22.4413261413574 21.4479942321777 26.0621795654297 30.2360858917236 32.5673751831055 34.4728813171387 35.4795150756836 36.0181159973145 35.9846878051758 35.8622894287109 35.6750793457031 35.398494720459 35.0848960876465 35.2197761535645 35.442813873291 35.5354232788086 35.6231689453125 35.7105751037598 35.7816009521484 35.7950248718262 35.7866172790527 35.7376708984375 35.7008934020996 35.677375793457 35.681526184082 35.7035827636719 35.6799697875977 35.6399536132812 35.6185188293457
31.9068145751953 -9999 -9999 -9999 -9999 -9999 -9999 -9999 -9999 -9999 31.1432590484619 30.3933143615723 -9999 -9999 -9999 29.726469039917 29.8684177398682 27.0352077484131 23.8633441925049 24.2534103393555 28.2669830322266 31.8016777038574 33.3322257995605 34.6571388244629 35.5479354858398 36.0576972961426 36.1017608642578 36.0426254272461 35.9083137512207 35.6870536804199 35.4297866821289 35.4379043579102 35.4981956481934 35.5955505371094 35.6933670043945 35.7822799682617 35.8526916503906 35.8580703735352 35.8394889831543 35.7764129638672 35.725658416748 35.6883316040039 35.6781806945801 35.6856155395508 35.679630279541 35.6688270568848 35.6361923217773
31.7606811523438 31.7391090393066 -9999 -9999 -9999 -9999 -9999 -9999 -9999 -9999 31.6610488891602 31.6377353668213 30.3933143615723 -9999 -9999 29.3983154296875 29.7900123596191 30.4169273376465 28.6644268035889 27.0864067077637 30.4271144866943 33.2751846313477 34.0615234375 34.8465461730957 35.6288032531738 36.1048240661621 36.2065620422363 36.2002563476562 36.1152458190918 35.9524993896484 35.7575607299805 35.6659851074219 35.5947303771973 35.681999206543 35.7737426757812 35.8518447875977 35.9153060913086 35.9272804260254 35.9056015014648 35.8214263916016 35.7529144287109 35.7014656066895 35.6762542724609 35.6680145263672 35.6777496337891 35.6939392089844 35.654052734375
31.7606811523438 31.6959648132324 31.4004211425781 30.9904174804688 -9999 -9999 -9999 -9999 -9999 -9999 -9999 32.4763069152832 31.918872833252 30.3933143615723 29.9910793304443 29.3983154296875 29.7900123596191 30.4169273376465 30.1889839172363 30.0673389434814 32.3476448059082 34.2547721862793 34.6001091003418 35.0635795593262 35.7764320373535 36.1924133300781 36.2455444335938 36.2361030578613 36.1810836791992 36.0939598083496 35.9935417175293 35.9474487304688 35.9120330810547 35.9096527099609 35.9087181091309 35.9099617004395 35.9324378967285 36.0295562744141 36.0427513122559 35.9000816345215 35.7935218811035 35.7263069152832 35.6819496154785 35.6523857116699 35.6675834655762 35.6988639831543 35.672908782959
31.8247241973877 31.5752105712891 31.3373279571533 30.9931831359863 -9999 -9999 -9999 -9999 29.895471572876 30.6731090545654 31.6645889282227 32.9496536254883 32.8146743774414 31.5178527832031 30.7588977813721 30.2547168731689 30.5295944213867 30.9906177520752 31.7843055725098 32.6329727172852 33.94921875 35.0323143005371 35.1396675109863 35.395133972168 35.9632949829102 36.2623176574707 36.2324028015137 36.1694564819336 36.0824546813965 36.028881072998 35.9891471862793 35.973690032959 35.9630088806152 35.9127082824707 35.8624610900879 35.8270492553711 35.8373603820801 36.008430480957 36.073917388916 35.9433174133301 35.8516159057617 35.8022918701172 35.7530632019043 35.7038993835449 35.7073783874512 35.7297706604004 35.7116622924805
32.0488815307617 31.7069530487061 31.3485202789307 30.9931831359863 30.6407432556152 30.3580455780029 30.0819320678711 29.8393058776855 29.895471572876 30.6731090545654 31.6645889282227 32.9496536254883 33.542652130127 33.5694274902344 33.4463005065918 33.2521629333496 33.1181755065918 32.9985580444336 33.5565414428711 34.1603393554688 34.7533836364746 35.304744720459 35.6816482543945 36.013011932373 36.2482261657715 36.288013458252 36.0889511108398 35.8465728759766 35.5726470947266 35.4474296569824 35.3838005065918 35.361873626709 35.3481483459473 35.3542594909668 35.3631134033203 35.3915634155273 35.4617691040039 35.6787948608398 35.8401184082031 35.898006439209 35.9534187316895 36.0061416625977 35.9877243041992 35.9232749938965 35.8720741271973 35.8256301879883 35.8001556396484
32.661994934082 32.2299346923828 31.7424621582031 31.3783760070801 31.0306549072266 30.783712387085 30.5536479949951 30.40944480896 30.5352268218994 31.3129196166992 32.2120628356934 33.277946472168 34.1918144226074 34.9813003540039 35.2360305786133 35.2374572753906 34.9503211975098 34.5942344665527 34.9261131286621 35.2909049987793 35.4468765258789 35.6448554992676 36.0186157226562 36.2514381408691 36.1867256164551 36.039134979248 35.7902374267578 35.5092735290527 35.204948425293 35.0723648071289 35.010913848877 34.9926795959473 34.9829406738281 35.0191345214844 35.0599136352539 35.12890625 35.2359046936035 35.4765396118164 35.6845970153809 35.8321571350098 35.9661750793457 36.08544921875 36.1133003234863 36.0820007324219 36.0153846740723 35.9360809326172 35.9050598144531
33.8250274658203 33.3060569763184 32.6775360107422 32.308162689209 31.9718284606934 31.8111915588379 31.6922855377197 31.7856559753418 32.079475402832 32.857307434082 33.5335693359375 34.0703926086426 34.7295341491699 35.4887504577637 35.7566184997559 35.791748046875 35.7130012512207 35.607048034668 35.7263832092285 35.8604621887207 35.9839019775391 36.0806541442871 36.065731048584 35.9533996582031 35.6354370117188 35.4020462036133 35.2720184326172 35.1515922546387 35.0381622314453 34.9890937805176 34.9666748046875 34.9664993286133 34.9706993103027 34.9997482299805 35.0340423583984 35.1105995178223 35.2217254638672 35.4543800354004 35.6397399902344 35.7372703552246 35.8530387878418 35.9886741638184 36.084659576416 36.1549835205078 36.1284599304199 36.0671463012695 36.0331611633301
34.7246589660645 34.3202285766602 33.8136138916016 33.4369316101074 33.0830841064453 32.9866752624512 32.9510269165039 33.2244300842285 33.5948829650879 34.1996612548828 34.6424293518066 34.8627815246582 35.2767677307129 35.8491821289062 36.0755577087402 36.1380233764648 36.1560478210449 36.1634483337402 36.1861000061035 36.2049522399902 36.1532440185547 36.0677719116211 35.8409805297852 35.5848541259766 35.2667999267578 35.0665473937988 35.0102767944336 34.9757347106934 34.9570198059082 34.9492378234863 34.9459838867188 34.9532470703125 34.9625778198242 34.9890174865723 35.0199356079102 35.088436126709 35.1863288879395 35.3875579833984 35.554328918457 35.657096862793 35.7817497253418 35.9302406311035 36.0622138977051 36.1834983825684 36.197624206543 36.1732597351074 36.1450996398926
35.4024810791016 35.2822341918945 35.1189651489258 34.7332611083984 34.3375663757324 34.2868003845215 34.310905456543 34.715892791748 35.0860023498535 35.371883392334 35.5722236633301 35.6551246643066 35.8320159912109 36.0858116149902 36.2246894836426 36.3091316223145 36.3299179077148 36.3354949951172 36.3590316772461 36.3599052429199 36.0129585266113 35.6770439147949 35.3872947692871 35.1569404602051 35.0519790649414 34.9850234985352 34.9645156860352 34.9529838562012 34.9479942321777 34.9459495544434 34.945125579834 34.9508781433105 34.9579238891602 34.9855766296387 35.0157432556152 35.0630226135254 35.1330680847168 35.283130645752 35.4347648620605 35.5893135070801 35.7457008361816 35.9040908813477 36.0449867248535 36.1745643615723 36.2298126220703 36.2583618164062 36.2434272766113
35.7756690979004 35.7643661499023 35.7372245788574 35.4848709106445 35.218677520752 35.2011947631836 35.2344818115234 35.5260238647461 35.768611907959 35.892993927002 35.9830703735352 36.0260543823242 36.1104202270508 36.2286415100098 36.2589950561523 36.2477264404297 36.1883773803711 36.1175384521484 36.1272201538086 36.1175727844238 35.7460403442383 35.4009628295898 35.1665992736816 34.9987411499023 34.9712829589844 34.9536247253418 34.9479484558105 34.9453315734863 34.9449424743652 34.9448356628418 34.9448471069336 34.9488677978516 34.9536743164062 34.9790954589844 35.0060234069824 35.0402488708496 35.0905799865723 35.1975517272949 35.3188552856445 35.4667701721191 35.6216621398926 35.7841529846191 35.9358062744141 36.0804443359375 36.1765060424805 36.2551193237305 36.2770614624023
35.9997749328613 36.0116653442383 36.0192451477051 35.969913482666 35.9170722961426 35.926830291748 35.9445457458496 36.0027313232422 36.0555648803711 36.0954704284668 36.139965057373 36.1907577514648 36.2533416748047 36.3255729675293 36.2371139526367 36.0725402832031 35.8924827575684 35.7087287902832 35.6973419189453 35.6808166503906 35.4171485900879 35.1809844970703 35.0599212646484 34.9725303649902 34.9562225341797 34.9467582702637 34.9456672668457 34.9450607299805 34.9448089599609 34.9447860717773 34.9448547363281 34.9470329284668 34.9496231079102 34.9711265563965 34.9936027526855 35.0187606811523 35.0533676147461 35.1211967468262 35.2047309875488 35.3174209594727 35.4545555114746 35.6183204650879 35.7816276550293 35.9446334838867 36.0813598632812 36.2086486816406 36.2790374755859
36.1608505249023 36.1707611083984 36.1800804138184 36.1796684265137 36.1787528991699 36.1911659240723 36.2029647827148 36.2116241455078 36.2227973937988 36.240047454834 36.265380859375 36.301815032959 36.3425788879395 36.3868865966797 36.2551307678223 36.0399742126465 35.7245826721191 35.3852424621582 35.3568801879883 35.3411560058594 35.1983757019043 35.0705757141113 35.0054817199707 34.9585762023926 34.9500732421875 34.9452857971191 34.9450416564941 34.9448509216309 34.9446983337402 34.944709777832 34.9447860717773 34.9458160400391 34.9470329284668 34.9588623046875 34.9713554382324 34.9865074157715 35.0089416503906 35.0569648742676 35.1131286621094 35.1844100952148 35.2760810852051 35.3899688720703 35.5160064697266 35.6499137878418 35.79443359375 35.9427680969238 36.1187210083008
