Ecospace-environmental-drivers/Outputs/ASCII-for-ecospace/MOM6-ISIMIP3a/so-bot/1984-02_so-bot_MOM6-ISIMIP3a.asc
NCOLS 131 
NROWS 53 
XLLCORNER -98 
YLLCORNER 23.9265270233154 
CELLSIZE 0.133587792515755 
NODATA_value -9999 
[rows 21 to 41 of 53, columns 47 to 93 of 131]
36.1809539794922 36.1980056762695 36.2098236083984 36.1971054077148 36.181453704834 36.1544342041016 36.1347808837891 36.1525802612305 36.1752433776855 36.2096405029297 36.2428779602051 36.2745246887207 36.3522186279297 36.467586517334 36.3089027404785 36.0204048156738 35.5705642700195 35.0821685791016 35.0387687683105 35.0255851745605 35.0072860717773 34.9879455566406 34.9642448425293 34.9476051330566 34.9458694458008 34.9448394775391 34.9446830749512 34.9446144104004 34.9446144104004 34.9446563720703 34.9447135925293 34.944766998291 34.9448204040527 34.9455642700195 34.9466590881348 34.9509315490723 34.9619407653809 34.996639251709 35.0298652648926 35.0603485107422 35.1025848388672 35.1576232910156 35.2397422790527 35.3393859863281 35.480827331543 35.6372871398926 35.9239654541016
36.2935104370117 36.3182258605957 36.3434448242188 36.3403816223145 36.334358215332 36.3266181945801 36.3242454528809 36.3491477966309 36.3722229003906 36.3908805847168 36.3440437316895 36.2072944641113 36.1222877502441 36.0796127319336 35.8856811523438 35.6200981140137 35.3363151550293 35.0481796264648 35.005989074707 34.9820098876953 34.9771156311035 34.9704170227051 34.9561767578125 34.9462013244629 34.9452362060547 34.9446678161621 34.9445838928223 34.9445724487305 34.9446144104004 34.9446563720703 34.944694519043 34.9446907043457 34.9446792602539 34.9447021484375 34.944881439209 34.9466323852539 34.9517097473145 34.9684944152832 34.9844169616699 34.9987487792969 35.0233879089355 35.059253692627 35.109561920166 35.1692199707031 35.2650909423828 35.3739700317383 35.6317176818848
36.3834648132324 36.4093894958496 36.4402351379395 36.445686340332 36.4486770629883 36.4555854797363 36.4666137695312 36.4986267089844 36.5209732055664 36.5199851989746 36.3950843811035 36.1000556945801 35.8582229614258 35.6599082946777 35.438663482666 35.2065544128418 35.1041793823242 35.0328063964844 34.9939384460449 34.9596633911133 34.9597358703613 34.9583435058594 34.9508438110352 34.9455413818359 34.9448738098145 34.9445037841797 34.9444999694824 34.9445457458496 34.9446258544922 34.9446640014648 34.9446830749512 34.9446868896484 34.9446907043457 34.9447784423828 34.9448547363281 34.9448204040527 34.9447975158691 34.9448127746582 34.9452247619629 34.9463691711426 34.956428527832 34.976203918457 34.9967346191406 35.0177536010742 35.0667114257812 35.1257057189941 35.340705871582
36.1497001647949 36.0821304321289 35.9939880371094 35.9875602722168 35.9865570068359 35.9061889648438 35.8415603637695 35.8569679260254 35.8453521728516 35.7684745788574 35.6683006286621 35.5361366271973 35.4275703430176 35.3383178710938 35.2243919372559 35.0987815856934 35.040958404541 34.9993324279785 34.976016998291 34.9552917480469 34.9539566040039 34.9521293640137 34.9482307434082 34.9454002380371 34.94482421875 34.9444999694824 34.9444885253906 34.9445381164551 34.944637298584 34.9446868896484 34.9447212219238 34.9447822570801 34.9448471069336 34.9448852539062 34.9449157714844 34.944881439209 34.9448547363281 34.9448509216309 34.9450302124023 34.9455375671387 34.9500617980957 34.9589576721191 34.968132019043 34.9774856567383 35.008975982666 35.0484199523926 35.1816215515137
35.8617095947266 35.731819152832 35.5647315979004 35.549747467041 35.5454368591309 35.4089546203613 35.2952117919922 35.2971420288086 35.261833190918 35.1365966796875 35.0643081665039 35.0647125244141 35.0646629333496 35.0642433166504 35.0400924682617 35.0047035217285 34.9851417541504 34.9693603515625 34.9597549438477 34.9510192871094 34.9487838745117 34.9468116760254 34.9459457397461 34.9452095031738 34.944751739502 34.9444923400879 34.9444732666016 34.9445304870605 34.9446487426758 34.9447174072266 34.944766998291 34.9448661804199 34.9449768066406 34.9449768066406 34.9449691772461 34.944938659668 34.9449081420898 34.9448890686035 34.9448776245117 34.9448738098145 34.9448890686035 34.9449234008789 34.9448509216309 34.944709777832 34.9602661132812 34.9814605712891 35.0417861938477
35.3359565734863 35.2804145812988 35.2099914550781 35.2010154724121 35.1964225769043 35.1404113769531 35.0939598083496 35.0961227416992 35.0821647644043 35.0292739868164 34.9987297058105 34.9988632202148 34.9987754821777 34.9985122680664 34.9872093200684 34.9706802368164 34.9617958068848 34.9547386169434 34.9507598876953 34.9471740722656 34.9462585449219 34.9454498291016 34.9450950622559 34.9447937011719 34.9445991516113 34.9444732666016 34.9444389343262 34.9445190429688 34.9446830749512 34.9447708129883 34.9448318481445 34.9449157714844 34.945011138916 34.9450035095215 34.9449920654297 34.9449615478516 34.9449348449707 34.9449310302734 34.9449310302734 34.9449462890625 34.9449615478516 34.9449844360352 34.9449081420898 34.9447708129883 34.9511070251465 34.9597663879395 34.9863471984863
34.9708557128906 34.9668922424316 34.9633026123047 34.9592170715332 34.9552040100098 34.9545059204102 34.9542388916016 34.9561614990234 34.956729888916 34.9540061950684 34.9523963928223 34.9523048400879 34.9521636962891 34.9519729614258 34.9498748779297 34.9468765258789 34.9455718994141 34.9446754455566 34.9445724487305 34.9445266723633 34.9445152282715 34.944507598877 34.944507598877 34.944507598877 34.9445152282715 34.9445037841797 34.9444770812988 34.9445648193359 34.9447326660156 34.9448318481445 34.9449005126953 34.9449653625488 34.9450340270996 34.9450225830078 34.9450073242188 34.9449806213379 34.9449615478516 34.9449691772461 34.9449844360352 34.9450149536133 34.9450340270996 34.9450454711914 34.9449768066406 34.9448547363281 34.9448623657227 34.9449195861816 34.9480323791504
34.9562721252441 34.9542236328125 34.9523696899414 34.9507369995117 34.9491729736328 34.9488868713379 34.9487571716309 34.9494247436523 34.9496231079102 34.9486846923828 34.9480514526367 34.9478454589844 34.9475936889648 34.9473037719727 34.946460723877 34.9453582763672 34.9448890686035 34.9445686340332 34.944522857666 34.9444961547852 34.9444885253906 34.9444808959961 34.9444770812988 34.9445037841797 34.9445877075195 34.9446411132812 34.9446601867676 34.9447250366211 34.94482421875 34.9449043273926 34.9449806213379 34.9450149536133 34.9450416564941 34.9450340270996 34.9450225830078 34.9449920654297 34.9449768066406 34.9449996948242 34.9450302124023 34.9450759887695 34.9451026916504 34.9451026916504 34.9450607299805 34.9449844360352 34.9449806213379 34.9450035095215 34.9470863342285
34.9473075866699 34.9465522766113 34.945873260498 34.9456977844238 34.9455718994141 34.9455146789551 34.9454650878906 34.9454574584961 34.9454574584961 34.9454765319824 34.9453964233398 34.9451675415039 34.9449348449707 34.9446907043457 34.9445915222168 34.9445571899414 34.9445533752441 34.9445571899414 34.9445419311523 34.9445266723633 34.9445114135742 34.9444999694824 34.9445037841797 34.9445381164551 34.9446487426758 34.9447288513184 34.9447746276855 34.9448280334473 34.944881439209 34.9449577331543 34.9450340270996 34.9450492858887 34.9450531005859 34.9450454711914 34.9450378417969 34.945011138916 34.944995880127 34.9450263977051 34.945068359375 34.945125579834 34.9451560974121 34.9451560974121 34.9451370239258 34.9451065063477 34.9451065063477 34.9451141357422 34.9462661743164
34.9454193115234 34.9451789855957 34.9449691772461 34.9449882507324 34.9450302124023 34.9449691772461 34.9449272155762 34.9449729919434 34.9449920654297 34.944938659668 34.9448585510254 34.9447364807129 34.9446754455566 34.9446640014648 34.9446563720703 34.944652557373 34.9446601867676 34.9446678161621 34.9446487426758 34.9446258544922 34.9445991516113 34.9445838928223 34.9445953369141 34.9446258544922 34.9446907043457 34.944751739502 34.9448051452637 34.9448585510254 34.9449081420898 34.9449768066406 34.9450492858887 34.945068359375 34.9450721740723 34.9450645446777 34.9450569152832 34.9450340270996 34.9450225830078 34.9450569152832 34.9450988769531 34.9451599121094 34.9451942443848 34.9451942443848 34.9452056884766 34.9452247619629 34.945240020752 34.945255279541 34.9456024169922
34.9445495605469 34.9445266723633 34.9445152282715 34.9445838928223 34.9446563720703 34.9446029663086 34.9445648193359 34.9446029663086 34.9446067810059 34.9445304870605 34.944522857666 34.9446067810059 34.9446868896484 34.9447555541992 34.9447822570801 34.9447898864746 34.9447860717773 34.9447822570801 34.9447555541992 34.9447288513184 34.9446907043457 34.9446640014648 34.9446716308594 34.9446907043457 34.9447288513184 34.9447746276855 34.9448280334473 34.944881439209 34.9449310302734 34.944995880127 34.9450721740723 34.9450874328613 34.9450988769531 34.9450950622559 34.9450950622559 34.9450759887695 34.945068359375 34.9451026916504 34.945140838623 34.945198059082 34.9452323913574 34.9452438354492 34.9452781677246 34.9453315734863 34.9453659057617 34.9453926086426 34.9453926086426
34.9444465637207 34.9444160461426 34.9444007873535 34.944408416748 34.9444160461426 34.9443740844727 34.9443321228027 34.9443130493164 34.9442825317383 34.9442176818848 34.9443397521973 34.9447059631348 34.9448928833008 34.9449310302734 34.9449462890625 34.9449501037598 34.9449272155762 34.944896697998 34.9448661804199 34.9448318481445 34.9447860717773 34.9447441101074 34.9447364807129 34.9447364807129 34.9447631835938 34.9447975158691 34.9448432922363 34.9448928833008 34.9449462890625 34.9450187683105 34.9450950622559 34.9451179504395 34.945125579834 34.9451370239258 34.945140838623 34.9451370239258 34.9451370239258 34.9451599121094 34.9451942443848 34.9452362060547 34.9452705383301 34.9452972412109 34.9453544616699 34.9454345703125 34.945484161377 34.9455261230469 34.9455184936523
34.9443588256836 34.9443244934082 34.9442977905273 34.9442901611328 34.9442825317383 34.9442329406738 34.9442176818848 34.9443778991699 34.9444808959961 34.9444541931152 34.9446487426758 34.9451522827148 34.9453773498535 34.9453735351562 34.9453201293945 34.945240020752 34.9451713562012 34.9451065063477 34.9450416564941 34.9449768066406 34.944896697998 34.9448280334473 34.9448165893555 34.9448165893555 34.9448394775391 34.9448661804199 34.9449043273926 34.9449501037598 34.944995880127 34.9450607299805 34.9451332092285 34.9451599121094 34.9451789855957 34.945198059082 34.9452171325684 34.9452209472656 34.9452285766602 34.9452476501465 34.9452705383301 34.9453010559082 34.9453353881836 34.9453659057617 34.945426940918 34.9455108642578 34.9455642700195 34.9456100463867 34.9455947875977
34.9442749023438 34.9442367553711 34.944206237793 34.9442024230957 34.9441947937012 34.9441337585449 34.9441528320312 34.9445877075195 34.9449043273926 34.9449195861816 34.9451713562012 34.9457473754883 34.9459800720215 34.945930480957 34.9457817077637 34.9455833435059 34.9454650878906 34.9453620910645 34.9452514648438 34.9451370239258 34.9450149536133 34.9449157714844 34.9449081420898 34.9449119567871 34.9449310302734 34.9449577331543 34.9449882507324 34.9450225830078 34.9450569152832 34.9451141357422 34.945182800293 34.9452133178711 34.945240020752 34.9452705383301 34.9453010559082 34.9453163146973 34.9453277587891 34.9453430175781 34.9453620910645 34.945384979248 34.9454116821289 34.9454460144043 34.9455032348633 34.9455718994141 34.945629119873 34.9456748962402 34.9456481933594
34.9442405700684 34.9441680908203 34.9440956115723 34.9440727233887 34.9440574645996 34.9440002441406 34.9441299438477 34.9452133178711 34.9459991455078 34.9460639953613 34.9462127685547 34.9464721679688 34.9465179443359 34.9463882446289 34.9461784362793 34.9459342956543 34.9457664489746 34.945613861084 34.9454536437988 34.9452934265137 34.9451713562012 34.9450721740723 34.9450607299805 34.9450607299805 34.9450721740723 34.9450950622559 34.945125579834 34.9451522827148 34.9451751708984 34.9452171325684 34.9452667236328 34.9453048706055 34.9453392028809 34.9453735351562 34.9454078674316 34.945426940918 34.945442199707 34.9454612731934 34.9454765319824 34.945499420166 34.9455223083496 34.9455528259277 34.9455947875977 34.9456443786621 34.9456787109375 34.9457092285156 34.9456748962402
34.9442100524902 34.9441032409668 34.9439811706543 34.9439392089844 34.943904876709 34.9438591003418 34.9441184997559 34.9459228515625 34.9472312927246 34.9473495483398 34.9473609924316 34.9472274780273 34.9470443725586 34.9468231201172 34.9465637207031 34.9462852478027 34.9460678100586 34.9458656311035 34.9456558227539 34.9454498291016 34.9453392028809 34.9452438354492 34.9452285766602 34.9452209472656 34.9452247619629 34.945240020752 34.9452743530273 34.9452934265137 34.9453048706055 34.9453277587891 34.9453582763672 34.9454002380371 34.945442199707 34.945484161377 34.9455184936523 34.9455413818359 34.9455604553223 34.9455795288086 34.9455986022949 34.9456214904785 34.9456443786621 34.9456672668457 34.9456939697266 34.9457168579102 34.9457321166992 34.9457359313965 34.9457015991211
34.9447479248047 34.9447593688965 34.9446716308594 34.9446487426758 34.9446563720703 34.945369720459 34.9461441040039 34.9472579956055 34.948055267334 34.9480857849121 34.9479789733887 34.9476852416992 34.9474067687988 34.9471473693848 34.9468688964844 34.9465789794922 34.9463500976562 34.9461364746094 34.9459495544434 34.9457626342773 34.9456176757812 34.9454879760742 34.945426940918 34.9453811645508 34.9453620910645 34.9453620910645 34.9453887939453 34.9454040527344 34.9454193115234 34.9454460144043 34.9454765319824 34.9455108642578 34.9455490112305 34.9455795288086 34.9456100463867 34.945629119873 34.9456443786621 34.9456634521484 34.9456787109375 34.9456977844238 34.9457130432129 34.9457321166992 34.945743560791 34.9457588195801 34.9457511901855 34.9457397460938 34.9457092285156
34.9453964233398 34.9455223083496 34.9454689025879 34.9454727172852 34.9455299377441 34.9469184875488 34.9481468200684 34.948558807373 34.9488296508789 34.9487724304199 34.9485626220703 34.9481391906738 34.9477767944336 34.9474563598633 34.9471549987793 34.9468650817871 34.9466285705566 34.9464111328125 34.9462394714355 34.9460754394531 34.9458999633789 34.9457359313965 34.945629119873 34.9455451965332 34.9455070495605 34.9454879760742 34.945499420166 34.9455146789551 34.9455337524414 34.9455604553223 34.9455909729004 34.9456176757812 34.9456481933594 34.9456748962402 34.9456977844238 34.9457130432129 34.945728302002 34.9457397460938 34.9457511901855 34.9457664489746 34.9457778930664 34.9457855224609 34.9457893371582 34.9457931518555 34.9457702636719 34.9457359313965 34.9457092285156
34.9469680786133 34.9470558166504 34.9470520019531 34.9471321105957 34.9472503662109 34.9481353759766 34.9489097595215 34.9491310119629 34.9492683410645 34.9492073059082 34.9490356445312 34.9487075805664 34.9482498168945 34.947681427002 34.9473304748535 34.9470825195312 34.9468688964844 34.9466667175293 34.9464874267578 34.9463081359863 34.9461326599121 34.9459686279297 34.9458465576172 34.9457397460938 34.9456825256348 34.9456367492676 34.9456024169922 34.9455871582031 34.9455833435059 34.9456024169922 34.945629119873 34.9456634521484 34.9456939697266 34.9457206726074 34.9457473754883 34.9457664489746 34.9457817077637 34.9457855224609 34.9457893371582 34.9457931518555 34.9457969665527 34.9458045959473 34.9457969665527 34.9457817077637 34.945743560791 34.9456939697266 34.9456672668457
34.9482841491699 34.9483642578125 34.9484214782715 34.9485702514648 34.9487380981445 34.9491882324219 34.9495697021484 34.9496307373047 34.9496536254883 34.9495811462402 34.9494361877441 34.9491996765137 34.9487075805664 34.9480133056641 34.9476509094238 34.9474487304688 34.9472541809082 34.9470634460449 34.9468612670898 34.9466590881348 34.9464797973633 34.9463043212891 34.9461555480957 34.9460296630859 34.9459457397461 34.9458656311035 34.9457893371582 34.9457321166992 34.9456939697266 34.9456977844238 34.9457130432129 34.9457397460938 34.9457664489746 34.9457893371582 34.9458084106445 34.9458274841309 34.9458389282227 34.9458274841309 34.9458198547363 34.9458198547363 34.9458160400391 34.9458160400391 34.9457969665527 34.9457702636719 34.9457130432129 34.9456481933594 34.9456214904785
34.9486656188965 34.9488334655762 34.9490280151367 34.9492111206055 34.9493942260742 34.9496383666992 34.9498443603516 34.9498519897461 34.9498329162598 34.9497337341309 34.9495964050293 34.9494018554688 34.9491119384766 34.9487380981445 34.9485092163086 34.9483528137207 34.9481658935547 34.9479751586914 34.9477195739746 34.9474639892578 34.9472351074219 34.9470176696777 34.9468269348145 34.9466590881348 34.9465217590332 34.9463882446289 34.9462585449219 34.9461402893066 34.9460296630859 34.9459762573242 34.9459457397461 34.9459381103516 34.9459381103516 34.945930480957 34.9459228515625 34.9459075927734 34.9458923339844 34.9458694458008 34.9458465576172 34.9458312988281 34.9458236694336 34.9458236694336 34.9457931518555 34.9457473754883 34.9456748962402 34.9455947875977 34.9455604553223
