Ecospace-environmental-drivers/Outputs/ASCII-for-ecospace/MOM6-ISIMIP3a/so-bot/1985-05_so-bot_MOM6-ISIMIP3a.asc
NCOLS 131 
NROWS 53 
XLLCORNER -98 
YLLCORNER 23.9265270233154 
CELLSIZE 0.133587792515755 
NODATA_value -9999 
[rows 0 to 20 of 53, columns 47 to 93 of 131]
-9999 -9999 -9999 -9999 -9999 -9999 -9999 -9999 -9999 -9999 -9999 -9999 -9999 -9999 -9999 -9999 -9999 -9999 -9999 -9999 -9999 -9999 -9999 -9999 -9999 -9999 -9999 -9999 -9999 -9999 -9999 -9999 -9999 -9999 -9999 -9999 -9999 -9999 -9999 -9999 -9999 -9999 -9999 -9999 -9999 -9999 -9999
-9999 -9999 -9999 -9999 -9999 -9999 -9999 -9999 -9999 -9999 -9999 -9999 -9999 -9999 -9999 -9999 -9999 -9999 -9999 -9999 -9999 -9999 -9999 -9999 -9999 -9999 -9999 -9999 -9999 -9999 -9999 -9999 -9999 -9999 -9999 -9999 -9999 -9999 -9999 -9999 -9999 -9999 -9999 -9999 -9999 -9999 -9999
-9999 -9999 -9999 -9999 -9999 -9999 -9999 -9999 -9999 -9999 -9999 -9999 -9999 -9999 -9999 -9999 -9999 -9999 -9999 -9999 -9999 -9999 -9999 -9999 -9999 -9999 -9999 32.7606048583984 32.9786567687988 -9999 -9999 -9999 -9999 -9999 -9999 -9999 -9999 -9999 -9999 -9999 -9999 -9999 -9999 -9999 -9999 -9999 -9999
-9999 -9999 -9999 -9999 -9999 -9999 -9999 -9999 -9999 -9999 -9999 -9999 -9999 -9999 -9999 -9999 -9999 -9999 -9999 -9999 -9999 -9999 -9999 -9999 -9999 -9999 -9999 32.7426300048828 32.9522857666016 -9999 -9999 -9999 -9999 -9999 -9999 -9999 -9999 -9999 -9999 -9999 -9999 -9999 -9999 -9999 -9999 -9999 -9999
-9999 -9999 -9999 -9999 -9999 -9999 -9999 -9999 -9999 -9999 -9999 -9999 -9999 -9999 -9999 -9999 -9999 -9999 27.0988292694092 27.37815284729 27.6016101837158 28.9050941467285 29.9565505981445 31.5274219512939 32.2878646850586 32.457691192627 32.5871505737305 32.7158737182617 32.924861907959 33.216121673584 -9999 -9999 34.3120956420898 34.5901222229004 34.8685340881348 35.190975189209 35.4836158752441 35.6711540222168 35.7453727722168 35.7685966491699 35.7475891113281 35.7152061462402 -9999 -9999 -9999 -9999 -9999
-9999 -9999 -9999 -9999 -9999 -9999 -9999 -9999 -9999 -9999 -9999 -9999 -9999 -9999 22.7064800262451 -9999 21.8864078521729 21.2136707305908 24.2584419250488 27.0988292694092 27.4340171813965 27.6016101837158 30.2085762023926 32.0594673156738 32.3142242431641 32.4899063110352 32.5689430236816 32.7026062011719 32.8760681152344 33.1959114074707 33.5763816833496 33.9743041992188 34.375659942627 34.5863189697266 34.8083877563477 35.2108917236328 35.5536460876465 35.6863059997559 35.773509979248 35.7763023376465 35.7559814453125 35.7104835510254 35.6791572570801 35.6570014953613 -9999 -9999 -9999
-9999 -9999 -9999 -9999 -9999 -9999 -9999 -9999 -9999 -9999 28.7905960083008 28.7685852050781 28.7638473510742 28.7793350219727 25.7931251525879 22.8124618530273 22.6004981994629 21.8450565338135 21.2136707305908 24.4628276824951 27.0988292694092 27.6016101837158 30.2085762023926 32.0594673156738 32.3142242431641 32.4899063110352 32.5689430236816 32.7026062011719 32.8760681152344 33.1959114074707 33.5763816833496 33.9743041992188 34.375659942627 34.5863189697266 34.8083877563477 35.2108917236328 35.5536460876465 35.6863059997559 35.773509979248 35.7763023376465 35.7559814453125 35.7104835510254 35.6791572570801 35.6570014953613 35.6511459350586 35.7387199401855 -9999
-9999 -9999 -9999 -9999 -9999 -9999 -9999 -9999 -9999 -9999 28.9086055755615 28.7905960083008 28.7465763092041 -9999 28.8370609283447 25.9612350463867 23.0244255065918 22.6004981994629 21.7209987640381 21.2136707305908 25.075984954834 28.6232604980469 30.8520565032959 32.5797157287598 33.2494277954102 33.6336517333984 33.6689491271973 33.7456588745117 33.8525276184082 34.0524063110352 34.2907981872559 34.6107063293457 34.9466400146484 35.0933113098145 35.2453346252441 35.5181007385254 35.7470664978027 35.8220367431641 35.8709983825684 35.8716621398926 35.8514022827148 35.8083381652832 35.7858009338379 35.7765426635742 35.7791023254395 35.7859115600586 35.7986717224121
-9999 -9999 -9999 -9999 -9999 -9999 -9999 -9999 -9999 -9999 -9999 -9999 -9999 -9999 28.7699604034424 29.0386638641357 26.3726272583008 23.4483528137207 22.6004981994629 21.3488273620605 25.8064842224121 29.7530574798584 31.5606918334961 33.145881652832 34.261474609375 34.8711814880371 34.8625907897949 34.8793029785156 34.9144477844238 34.9846839904785 35.069450378418 35.3025856018066 35.5648880004883 35.643482208252 35.7206840515137 35.850772857666 35.955005645752 35.9683380126953 35.9768562316895 35.9764518737793 35.957145690918 35.9172401428223 35.9038543701172 35.9076309204102 35.8616752624512 35.7978515625 35.7994956970215
31.5696868896484 -9999 -9999 -9999 -9999 -9999 -9999 -9999 -9999 -9999 30.0036144256592 29.0295639038086 -9999 -9999 -9999 28.9047718048096 29.5967063903809 27.3128070831299 24.2962074279785 24.6592750549316 27.8575859069824 30.7000923156738 32.0535278320312 33.3078804016113 34.3530464172363 34.9762954711914 35.083869934082 35.1524848937988 35.1927261352539 35.2577514648438 35.3330383300781 35.4763603210449 35.6330528259277 35.7462730407715 35.8510055541992 35.8885688781738 35.925651550293 35.9610366821289 35.9989318847656 36.0414848327637 36.0534477233887 36.0320816040039 36.0070953369141 35.9797668457031 35.9328727722168 35.8789520263672 35.843864440918
31.4184513092041 31.396125793457 -9999 -9999 -9999 -9999 -9999 -9999 -9999 -9999 30.6273593902588 30.4127788543701 29.0295639038086 -9999 -9999 28.4384346008301 29.4852828979492 30.8664016723633 29.3156490325928 27.8081455230713 29.8617172241211 31.6911449432373 32.5825080871582 33.5022506713867 34.4818954467773 35.1076240539551 35.3007926940918 35.4082641601562 35.4533157348633 35.5121612548828 35.576717376709 35.6416854858398 35.7067375183105 35.8369445800781 35.9539604187012 35.9184913635254 35.9021110534668 35.9528465270996 36.0128288269043 36.0899810791016 36.1322402954102 36.136474609375 36.1045188903809 36.0491409301758 36.0070686340332 35.9697761535645 35.8953552246094
31.4184513092041 31.3514766693115 30.9652366638184 30.4316387176514 -9999 -9999 -9999 -9999 -9999 -9999 -9999 31.2797451019287 30.5858783721924 29.0295639038086 28.7905960083008 28.4384346008301 29.4852828979492 30.8664016723633 30.4737949371338 30.0903568267822 31.6139144897461 32.918285369873 33.305347442627 33.8702735900879 34.8106842041016 35.379566192627 35.4943695068359 35.5707130432129 35.6190452575684 35.6665000915527 35.7135887145996 35.7617034912109 35.8100166320801 35.8626136779785 35.9101028442383 35.9061546325684 35.9097480773926 35.9398574829102 35.982852935791 36.0497741699219 36.1170959472656 36.1848564147949 36.1707496643066 36.1036720275879 36.0973129272461 36.1127700805664 35.985034942627
31.5105285644531 31.1955661773682 30.879056930542 30.4348487854004 -9999 -9999 -9999 -9999 28.9349784851074 29.8472118377686 30.7570323944092 31.6635398864746 31.4186611175537 30.2317504882812 29.6451358795166 29.342866897583 30.2009773254395 31.3363418579102 31.6887283325195 32.035213470459 33.0787239074707 33.9519004821777 34.1122131347656 34.4653434753418 35.225528717041 35.6548690795898 35.6798553466797 35.683479309082 35.6715469360352 35.6781692504883 35.6924743652344 35.7199974060059 35.7501182556152 35.754150390625 35.7594909667969 35.7870788574219 35.8191223144531 35.8668327331543 35.9237060546875 35.9975929260254 36.0898704528809 36.2021827697754 36.2156372070312 36.1651306152344 36.1921005249023 36.2469024658203 36.1087074279785
31.8328056335449 31.3805694580078 30.894775390625 30.4348487854004 29.9810085296631 29.6200122833252 29.2612171173096 28.9136219024658 28.9349784851074 29.8472118377686 30.7570323944092 31.6635398864746 32.2628517150879 32.6108283996582 32.6360664367676 32.508430480957 32.7059478759766 32.9811553955078 33.0456352233887 33.1366767883301 33.8250503540039 34.5016784667969 35.1291542053223 35.6280555725098 35.8555183410645 35.9385719299316 35.8451156616211 35.6720428466797 35.440975189209 35.3331527709961 35.2763710021973 35.2739677429199 35.2822532653809 35.3103370666504 35.3419723510742 35.4011497497559 35.4828453063965 35.6437149047852 35.7916297912598 35.9154815673828 36.0324363708496 36.1418724060059 36.2071685791016 36.2439041137695 36.2982292175293 36.3588790893555 36.3173484802246
32.7607154846191 32.1848258972168 31.5279788970947 31.0657577514648 30.6295013427734 30.3563995361328 30.0832386016846 29.8097705841064 29.8642921447754 30.7107791900635 31.5314846038818 32.3167953491211 33.2953262329102 34.4319381713867 34.7959671020508 34.7940406799316 34.6510734558105 34.4744071960449 34.3923568725586 34.3467903137207 34.7376823425293 35.1759223937988 35.8123092651367 36.194652557373 36.0406837463379 35.8900833129883 35.743595123291 35.51611328125 35.2296295166016 35.090991973877 35.0135841369629 34.9992408752441 34.9972991943359 35.0415191650391 35.0905303955078 35.1696319580078 35.2809600830078 35.5055961608887 35.699291229248 35.8355331420898 35.9597244262695 36.0707855224609 36.1697616577148 36.2609176635742 36.3435401916504 36.4230995178223 36.4490737915039
34.5448875427246 33.8645858764648 33.0341949462891 32.5886573791504 32.1948432922363 32.133903503418 32.0674438476562 31.9729099273682 32.1074829101562 32.7952690124512 33.4008712768555 33.8936424255371 34.593994140625 35.4641799926758 35.7809448242188 35.8355598449707 35.8046798706055 35.7533721923828 35.7246780395508 35.7105255126953 35.8854446411133 36.0261306762695 36.023551940918 35.91845703125 35.5969429016113 35.371940612793 35.2649040222168 35.1558990478516 35.0454635620117 34.9942436218262 34.9675445556641 34.9667015075684 34.9709434509277 35.0201110839844 35.0738868713379 35.1564292907715 35.2690925598145 35.4876556396484 35.6631469726562 35.7586402893066 35.8654136657715 35.9844665527344 36.0914459228516 36.190616607666 36.3028602600098 36.4197998046875 36.472053527832
35.6560516357422 35.1208763122559 34.4494209289551 34.0170478820801 33.6241760253906 33.6371192932129 33.6700782775879 33.8048706054688 34.0282897949219 34.4657287597656 34.827766418457 35.0862884521484 35.5141181945801 36.0804786682129 36.3032836914062 36.363353729248 36.3803062438965 36.3869590759277 36.3856964111328 36.3784446716309 36.2919235229492 36.1645698547363 35.866325378418 35.5694313049316 35.2753868103027 35.0840034484863 35.0180892944336 34.9779243469238 34.9565162658691 34.9484710693359 34.9459609985352 34.951000213623 34.9575271606445 35.0055885314941 35.0574951171875 35.1319351196289 35.2325630187988 35.4252624511719 35.5853691101074 35.6849479675293 35.7998504638672 35.9314422607422 36.047492980957 36.1534881591797 36.260009765625 36.3667182922363 36.4465179443359
36.2004623413086 36.0205574035645 35.7880249023438 35.3658485412598 34.9389724731445 34.9093475341797 34.9513854980469 35.3579368591309 35.6776123046875 35.787525177002 35.8820304870605 35.9553871154785 36.1154670715332 36.3465003967285 36.4360313415527 36.4585304260254 36.4692077636719 36.4770584106445 36.4813957214355 36.4603996276855 36.0741539001465 35.7036170959473 35.3988037109375 35.1590690612793 35.0567283630371 34.9899253845215 34.9665451049805 34.9534149169922 34.9477462768555 34.9456214904785 34.9449691772461 34.9494819641113 34.955005645752 34.9968643188477 35.041316986084 35.0979385375977 35.1752738952637 35.3254356384277 35.4725341796875 35.6139526367188 35.7584991455078 35.9064598083496 36.0324745178223 36.1442909240723 36.2153244018555 36.2717094421387 36.380126953125
36.4271392822266 36.389892578125 36.3355751037598 36.0552024841309 35.761547088623 35.734001159668 35.7634544372559 36.082878112793 36.306827545166 36.3002395629883 36.3068351745605 36.3315277099609 36.3875274658203 36.4691467285156 36.4230079650879 36.3163528442383 36.2484664916992 36.1898384094238 36.1896629333496 36.1679000854492 35.7735481262207 35.409725189209 35.1736946105957 35.0037956237793 34.9735069274902 34.9540786743164 34.9479179382324 34.9451217651367 34.9447784423828 34.9446563720703 34.9446296691895 34.947582244873 34.9511184692383 34.9857788085938 35.0223197937012 35.0659599304199 35.1250991821289 35.2387275695801 35.3608131408691 35.4986038208008 35.6415824890137 35.7902145385742 35.9289093017578 36.0611763000488 36.1461067199707 36.2140274047852 36.3163604736328
36.4983291625977 36.4996871948242 36.4960021972656 36.4218406677246 36.3432464599609 36.3396186828613 36.3458976745605 36.4025650024414 36.4368324279785 36.4170150756836 36.4235992431641 36.466423034668 36.4984436035156 36.5216293334961 36.3386573791504 36.0580291748047 35.8761978149414 35.7179718017578 35.7083282470703 35.6921539306641 35.4323959350586 35.1975898742676 35.0672149658203 34.9733467102051 34.9565620422363 34.9467315673828 34.9454002380371 34.9447708129883 34.944652557373 34.9446144104004 34.9446029663086 34.9454956054688 34.9465637207031 34.9735412597656 35.0019493103027 35.0349731445312 35.0784034729004 35.1584434509277 35.2496376037598 35.3615531921387 35.4876861572266 35.6293029785156 35.7820091247559 35.9418869018555 36.0648765563965 36.174617767334 36.2538833618164
36.5167236328125 36.5241470336914 36.5300941467285 36.5123558044434 36.4929389953613 36.4937782287598 36.4949684143066 36.497917175293 36.496410369873 36.4841384887695 36.488410949707 36.5153961181641 36.5310859680176 36.5375366210938 36.3320007324219 36.026050567627 35.708324432373 35.3877830505371 35.360912322998 35.3457794189453 35.2078399658203 35.0825729370117 35.0103492736816 34.9585762023926 34.9499702453613 34.9451103210449 34.9448318481445 34.9446830749512 34.944637298584 34.9446220397949 34.9446182250977 34.9449005126953 34.9452362060547 34.959831237793 34.9753456115723 34.9947166442871 35.0224456787109 35.0795631408691 35.1435050964355 35.2201080322266 35.3077239990234 35.4073371887207 35.5298500061035 35.6671752929688 35.8039054870605 35.9404144287109 36.0978126525879
