Ecospace-environmental-drivers/Outputs/ASCII-for-ecospace/MOM6-ISIMIP3a/so-bot/1986-10_so-bot_MOM6-ISIMIP3a.asc
NCOLS 131 
NROWS 53 
XLLCORNER -98 
YLLCORNER 23.9265270233154 
CELLSIZE 0.133587792515755 
NODATA_value -9999 
[rows 21 to 41 of 53, columns 47 to 93 of 131]
36.4058990478516 36.4176864624023 36.4200782775879 36.4260101318359 36.4324493408203 36.4428405761719 36.4521141052246 36.4557113647461 36.4603729248047 36.4675941467285 36.477668762207 36.4916534423828 36.5281600952148 36.5830955505371 36.3542251586914 35.9909286499023 35.5483932495117 35.0869293212891 35.0420951843262 35.025749206543 35.0074615478516 34.9881057739258 34.964282989502 34.9475212097168 34.9456481933594 34.9446067810059 34.944580078125 34.944580078125 34.9445953369141 34.9446296691895 34.9446678161621 34.9447822570801 34.9449119567871 34.946361541748 34.9482231140137 34.9535980224609 34.9655227661133 35.0004844665527 35.0368194580078 35.0757026672363 35.1192092895508 35.1677513122559 35.2494316101074 35.3525543212891 35.4909019470215 35.6418991088867 35.9331932067871
36.5281791687012 36.5361099243164 36.5395126342773 36.5422096252441 36.5449295043945 36.5501136779785 36.5501251220703 36.5238227844238 36.5071678161621 36.513801574707 36.4563865661621 36.3110275268555 36.2084617614746 36.1409072875977 35.913516998291 35.6104164123535 35.3303146362305 35.0557060241699 35.0105400085449 34.9826850891113 34.9773254394531 34.9702529907227 34.9560050964355 34.9460372924805 34.9451026916504 34.9445877075195 34.9445877075195 34.9445991516113 34.9446220397949 34.944652557373 34.9446868896484 34.9447326660156 34.9447784423828 34.9450225830078 34.9454612731934 34.9477577209473 34.9532928466797 34.9702110290527 34.9879417419434 35.0071907043457 35.033504486084 35.0675239562988 35.1187858581543 35.1811981201172 35.2748374938965 35.379695892334 35.6417427062988
36.6232604980469 36.6217956542969 36.6188774108887 36.6177139282227 36.616584777832 36.6115493774414 36.5979804992676 36.5410194396973 36.5010757446289 36.5022201538086 36.3784599304199 36.0832176208496 35.8497581481934 35.6668472290039 35.4502601623535 35.2177238464355 35.1144905090332 35.0421524047852 34.9985313415527 34.959545135498 34.9592933654785 34.9576873779297 34.9504127502441 34.9453277587891 34.9448509216309 34.9445915222168 34.9445991516113 34.9446182250977 34.9446487426758 34.9446792602539 34.9447059631348 34.9447250366211 34.9447402954102 34.944766998291 34.9447937011719 34.9447860717773 34.9448013305664 34.9448852539062 34.9455909729004 34.9474601745605 34.9591789245605 34.9816360473633 35.0046577453613 35.0280418395996 35.0763702392578 35.133659362793 35.3505706787109
36.3140029907227 36.2177734375 36.0939025878906 36.0836524963379 36.0816841125488 35.9892082214355 35.9076080322266 35.88134765625 35.8403701782227 35.763858795166 35.6637878417969 35.5313720703125 35.4267578125 35.3448905944824 35.2332382202148 35.107479095459 35.0483551025391 35.0051498413086 34.9790534973145 34.9556274414062 34.9538993835449 34.951789855957 34.9480628967285 34.9453735351562 34.9448699951172 34.9445953369141 34.9446067810059 34.9446296691895 34.9446640014648 34.9447021484375 34.9447364807129 34.9447784423828 34.9448204040527 34.9448394775391 34.9448509216309 34.9448394775391 34.9448356628418 34.9448623657227 34.9451675415039 34.9460029602051 34.9512596130371 34.9613380432129 34.9717102050781 34.9822731018066 35.0160331726074 35.0581283569336 35.1933364868164
35.9547996520996 35.7978897094727 35.5968742370605 35.5805511474609 35.5777778625488 35.4303398132324 35.3069610595703 35.3059577941895 35.2684211730957 35.1426811218262 35.0699768066406 35.0700836181641 35.0701675415039 35.0702285766602 35.0461883544922 35.0107345581055 34.9896774291992 34.972053527832 34.9613800048828 34.9516677856445 34.9490280151367 34.9467506408691 34.9459991455078 34.9453315734863 34.9448547363281 34.9445991516113 34.9446144104004 34.9446411132812 34.9446830749512 34.9447250366211 34.9447708129883 34.9448318481445 34.944896697998 34.9449043273926 34.9449081420898 34.9448890686035 34.9448699951172 34.9448471069336 34.9448318481445 34.9448204040527 34.9448165893555 34.9448165893555 34.944881439209 34.9449844360352 34.9647102355957 34.9914855957031 35.0547828674316
35.3766136169434 35.3084373474121 35.2224006652832 35.2131958007812 35.2097625732422 35.149787902832 35.0997314453125 35.1001205444336 35.0856513977051 35.0353012084961 35.0060844421387 35.0058746337891 35.0047721862793 35.0029411315918 34.9905662536621 34.9731941223145 34.9637031555176 34.9561004638672 34.9516143798828 34.9475479125977 34.9464416503906 34.9454879760742 34.9451751708984 34.9449005126953 34.9447059631348 34.9446029663086 34.9446182250977 34.9446487426758 34.9446983337402 34.9447479248047 34.9448051452637 34.9448738098145 34.9449424743652 34.9449462890625 34.9449501037598 34.9449310302734 34.9449081420898 34.9448890686035 34.9448699951172 34.9448547363281 34.9448471069336 34.9448547363281 34.9448623657227 34.9448776245117 34.9528999328613 34.9638023376465 34.9981346130371
34.9749069213867 34.968635559082 34.962459564209 34.9588203430176 34.9555587768555 34.9555931091309 34.9557991027832 34.9568977355957 34.9579811096191 34.9590339660645 34.9594993591309 34.9591636657715 34.9575157165527 34.9547920227051 34.9511108398438 34.9469680786133 34.9456787109375 34.945068359375 34.9448699951172 34.9447059631348 34.9446601867676 34.9446182250977 34.9446105957031 34.9446067810059 34.9446105957031 34.9446182250977 34.9446334838867 34.9446678161621 34.9447174072266 34.9447822570801 34.9448547363281 34.9449195861816 34.9449806213379 34.9449844360352 34.9449844360352 34.9449653625488 34.9449462890625 34.9449234008789 34.9449043273926 34.9448890686035 34.9448852539062 34.944896697998 34.9448738098145 34.94482421875 34.94482421875 34.9448394775391 34.957332611084
34.9582557678223 34.9553451538086 34.9524154663086 34.9509468078613 34.9496803283691 34.9498138427734 34.9499778747559 34.9502868652344 34.9505386352539 34.9506378173828 34.9506759643555 34.9506301879883 34.9498252868652 34.9484062194824 34.9469337463379 34.9454383850098 34.9449882507324 34.9447898864746 34.944709777832 34.9446449279785 34.9446258544922 34.9446144104004 34.9446105957031 34.9446144104004 34.9446296691895 34.9446487426758 34.9446716308594 34.944709777832 34.9447593688965 34.9448394775391 34.9449310302734 34.9449729919434 34.9450035095215 34.9450073242188 34.9450073242188 34.9449882507324 34.9449729919434 34.9449501037598 34.9449348449707 34.9449272155762 34.9449348449707 34.9449615478516 34.944938659668 34.9448852539062 34.9448852539062 34.9449005126953 34.9511032104492
34.9480133056641 34.9472045898438 34.9463272094727 34.9461555480957 34.9460639953613 34.9462051391602 34.9463081359863 34.9462203979492 34.9460563659668 34.9457015991211 34.9455146789551 34.9455642700195 34.9453010559082 34.9447898864746 34.9446105957031 34.9445953369141 34.9446105957031 34.9446334838867 34.9446258544922 34.9446144104004 34.9446144104004 34.9446144104004 34.9446220397949 34.9446334838867 34.9446563720703 34.9446830749512 34.944709777832 34.944751739502 34.9448013305664 34.9448852539062 34.9449844360352 34.9450149536133 34.9450263977051 34.9450302124023 34.9450302124023 34.9450149536133 34.9450035095215 34.9449844360352 34.9449729919434 34.9449729919434 34.944995880127 34.9450378417969 34.9450225830078 34.9449768066406 34.9449768066406 34.944995880127 34.9470672607422
34.9458351135254 34.9455375671387 34.9452133178711 34.9452362060547 34.9452934265137 34.9453201293945 34.9453430175781 34.9453582763672 34.9453086853027 34.9451179504395 34.9449615478516 34.9448585510254 34.9447593688965 34.944652557373 34.9446182250977 34.9446144104004 34.9446258544922 34.944637298584 34.9446296691895 34.9446258544922 34.9446220397949 34.9446220397949 34.9446411132812 34.9446601867676 34.9446907043457 34.9447212219238 34.9447555541992 34.9447975158691 34.9448432922363 34.9449195861816 34.9450073242188 34.9450340270996 34.9450492858887 34.9450569152832 34.9450569152832 34.9450454711914 34.9450340270996 34.9450263977051 34.9450225830078 34.9450340270996 34.9450645446777 34.9451217651367 34.9451293945312 34.9451026916504 34.9451103210449 34.9451370239258 34.9457969665527
34.94482421875 34.9447402954102 34.9446449279785 34.944709777832 34.9447822570801 34.9447631835938 34.944751739502 34.9447898864746 34.9447898864746 34.9446868896484 34.9446105957031 34.9445686340332 34.9445838928223 34.9446449279785 34.9446716308594 34.9446830749512 34.9446868896484 34.9446907043457 34.9446792602539 34.9446678161621 34.9446563720703 34.9446487426758 34.9446678161621 34.944694519043 34.9447288513184 34.944766998291 34.9448013305664 34.9448432922363 34.9448852539062 34.944953918457 34.9450378417969 34.945068359375 34.9450836181641 34.9450912475586 34.9450950622559 34.9450836181641 34.9450721740723 34.945068359375 34.9450721740723 34.9450912475586 34.9451332092285 34.9452018737793 34.9452247619629 34.9452133178711 34.9452362060547 34.9452667236328 34.9453125
34.9446907043457 34.9445953369141 34.9444885253906 34.9444732666016 34.944465637207 34.944450378418 34.9444389343262 34.944450378418 34.9444351196289 34.9443702697754 34.944408416748 34.9445877075195 34.9446868896484 34.9447288513184 34.9447555541992 34.9447822570801 34.9447822570801 34.9447822570801 34.9447593688965 34.9447326660156 34.9447059631348 34.9446868896484 34.9447021484375 34.9447250366211 34.9447746276855 34.9448127746582 34.9448509216309 34.9448890686035 34.9449272155762 34.944995880127 34.9450759887695 34.9451065063477 34.945125579834 34.9451293945312 34.9451370239258 34.945125579834 34.9451179504395 34.9451141357422 34.945125579834 34.9451560974121 34.9452056884766 34.9452743530273 34.9453086853027 34.9453201293945 34.9453506469727 34.9453926086426 34.9454154968262
34.9445953369141 34.9445114135742 34.9444274902344 34.9443778991699 34.9443321228027 34.9443092346191 34.9443054199219 34.9444198608398 34.9444923400879 34.9444770812988 34.9445915222168 34.9448890686035 34.9450187683105 34.9450073242188 34.9450073242188 34.9450073242188 34.9449806213379 34.9449462890625 34.9449081420898 34.9448699951172 34.9448051452637 34.9447555541992 34.9447593688965 34.9447746276855 34.9448165893555 34.9448585510254 34.9448928833008 34.9449272155762 34.9449577331543 34.9450378417969 34.9451332092285 34.9451675415039 34.9451942443848 34.9451942443848 34.9451942443848 34.9451751708984 34.9451599121094 34.9451599121094 34.9451713562012 34.9452056884766 34.9452590942383 34.9453277587891 34.945369720459 34.9453926086426 34.9454307556152 34.9454727172852 34.945484161377
34.9445152282715 34.9444580078125 34.9444046020508 34.9443397521973 34.9442749023438 34.9442405700684 34.9442520141602 34.944522857666 34.9447250366211 34.9447631835938 34.9449424743652 34.9453125 34.945442199707 34.9453735351562 34.9453277587891 34.9452896118164 34.9452209472656 34.9451446533203 34.9450912475586 34.9450378417969 34.9449310302734 34.9448394775391 34.94482421875 34.9448280334473 34.9448661804199 34.9449005126953 34.9449348449707 34.9449615478516 34.9449882507324 34.9450759887695 34.9451942443848 34.945240020752 34.9452743530273 34.9452705383301 34.9452629089355 34.9452323913574 34.9452095031738 34.9452018737793 34.9452133178711 34.9452514648438 34.9453048706055 34.945369720459 34.9454193115234 34.9454536437988 34.9454917907715 34.9455337524414 34.9455413818359
34.9444694519043 34.9444274902344 34.9443855285645 34.9443130493164 34.9442329406738 34.9441719055176 34.9442520141602 34.9450645446777 34.9456481933594 34.945686340332 34.9457817077637 34.9459571838379 34.9459609985352 34.9458236694336 34.9457244873047 34.9456443786621 34.9455413818359 34.9454383850098 34.9453506469727 34.9452590942383 34.9451599121094 34.945068359375 34.9450263977051 34.9449996948242 34.9450187683105 34.9450416564941 34.945068359375 34.9450874328613 34.9450988769531 34.9451713562012 34.9452667236328 34.9453201293945 34.9453659057617 34.9453620910645 34.9453544616699 34.9453163146973 34.9452819824219 34.9452743530273 34.9452781677246 34.9453086853027 34.9453544616699 34.9454116821289 34.9454574584961 34.9454917907715 34.9455261230469 34.9455604553223 34.9455642700195
34.9444274902344 34.9444007873535 34.9443664550781 34.9442825317383 34.9441986083984 34.9441070556641 34.944263458252 34.9456939697266 34.9467086791992 34.9467430114746 34.9467239379883 34.9466438293457 34.9464950561523 34.9462890625 34.9461364746094 34.9460067749023 34.9458808898926 34.9457511901855 34.9456214904785 34.9454956054688 34.9454116821289 34.9453277587891 34.9452514648438 34.945198059082 34.945198059082 34.9452018737793 34.9452209472656 34.9452285766602 34.9452323913574 34.9452743530273 34.9453392028809 34.9454002380371 34.9454574584961 34.9454574584961 34.9454536437988 34.9454040527344 34.9453620910645 34.9453506469727 34.9453468322754 34.945369720459 34.9454078674316 34.9454536437988 34.9454956054688 34.9455261230469 34.945556640625 34.9455833435059 34.9455833435059
34.9446334838867 34.9446601867676 34.9446487426758 34.9446182250977 34.9446144104004 34.9453620910645 34.9461364746094 34.9470443725586 34.9476623535156 34.9475898742676 34.947452545166 34.9472236633301 34.9470024108887 34.9467887878418 34.946605682373 34.9464378356934 34.9462966918945 34.9461555480957 34.9460258483887 34.9458923339844 34.9457740783691 34.9456596374512 34.9455718994141 34.9455108642578 34.9455032348633 34.9455032348633 34.9455108642578 34.9455070495605 34.9454956054688 34.9455146789551 34.9455490112305 34.9455795288086 34.9456100463867 34.9455947875977 34.9455718994141 34.9455223083496 34.9454803466797 34.9454574584961 34.9454460144043 34.9454574584961 34.9454803466797 34.9455108642578 34.9455375671387 34.9455604553223 34.9455795288086 34.9455947875977 34.9455909729004
34.9449424743652 34.9450302124023 34.9450416564941 34.9450759887695 34.9451675415039 34.9466667175293 34.9479827880859 34.9483528137207 34.9485626220703 34.9483909606934 34.9481430053711 34.9477920532227 34.9475059509277 34.9472732543945 34.9470634460449 34.9468612670898 34.946704864502 34.9465599060059 34.9464263916016 34.9462928771973 34.9461364746094 34.9459953308105 34.9458961486816 34.9458274841309 34.9458084106445 34.9457969665527 34.9457893371582 34.9457740783691 34.9457511901855 34.9457473754883 34.9457511901855 34.9457511901855 34.9457511901855 34.9457206726074 34.945686340332 34.9456367492676 34.9455947875977 34.9455642700195 34.9455451965332 34.9455451965332 34.9455528259277 34.9455680847168 34.9455833435059 34.9455947875977 34.9456024169922 34.9456062316895 34.9455986022949
34.9462699890137 34.946403503418 34.9465179443359 34.9467010498047 34.9469223022461 34.9478797912598 34.9487075805664 34.9488754272461 34.9489364624023 34.9487419128418 34.9485282897949 34.9482917785645 34.9479789733887 34.9476051330566 34.9473609924316 34.9471778869629 34.9470291137695 34.9468879699707 34.9467544555664 34.9466171264648 34.9464721679688 34.9463348388672 34.9462242126465 34.9461250305176 34.9460525512695 34.945987701416 34.945930480957 34.9458770751953 34.9458274841309 34.94580078125 34.9457817077637 34.9457740783691 34.9457664489746 34.945743560791 34.9457206726074 34.9456901550293 34.9456596374512 34.9456329345703 34.9456176757812 34.945613861084 34.945613861084 34.9456176757812 34.9456214904785 34.9456214904785 34.9456176757812 34.9456100463867 34.9456024169922
34.9474143981934 34.9476089477539 34.9478378295898 34.9481315612793 34.9484367370605 34.9489135742188 34.9493103027344 34.9493103027344 34.9492492675781 34.9490394592285 34.9488563537598 34.9487113952637 34.9484024047852 34.9479675292969 34.9477233886719 34.947566986084 34.9474334716797 34.9473037719727 34.9471740722656 34.9470443725586 34.9469032287598 34.9467658996582 34.9466323852539 34.9464988708496 34.9463691711426 34.9462471008301 34.9461326599121 34.9460334777832 34.9459419250488 34.9458847045898 34.9458389282227 34.9458084106445 34.9457817077637 34.9457626342773 34.945743560791 34.945728302002 34.9457092285156 34.9456939697266 34.9456787109375 34.9456672668457 34.9456596374512 34.9456558227539 34.9456481933594 34.9456405639648 34.945629119873 34.9456100463867 34.9455986022949
34.9479064941406 34.9482192993164 34.9486045837402 34.9488525390625 34.9490852355957 34.9492988586426 34.9494705200195 34.9494171142578 34.9493217468262 34.9491310119629 34.9489593505859 34.9488182067871 34.9486427307129 34.9484329223633 34.9483070373535 34.9482231140137 34.9481353759766 34.9480514526367 34.9479484558105 34.9478416442871 34.9476890563965 34.9475326538086 34.947338104248 34.9471473693848 34.946949005127 34.9467582702637 34.9465751647949 34.9463882446289 34.9461936950684 34.9460639953613 34.9459648132324 34.9458885192871 34.9458198547363 34.9457702636719 34.9457244873047 34.9457244873047 34.9457206726074 34.9457168579102 34.9457092285156 34.9456939697266 34.9456787109375 34.9456634521484 34.9456443786621 34.9456214904785 34.9456024169922 34.9455833435059 34.9455680847168
