Ecospace-environmental-drivers/Outputs/ASCII-for-ecospace/MOM6-ISIMIP3a/so-bot/1986-08_so-bot_MOM6-ISIMIP3a.asc
NCOLS 131 
NROWS 53 
XLLCORNER -98 
YLLCORNER 23.9265270233154 
CELLSIZE 0.133587792515755 
NODATA_value -9999 
[rows 21 to 41 of 53, columns 47 to 93 of 131]
36.2535629272461 36.2903480529785 36.3292083740234 36.3224945068359 36.3119201660156 36.3230667114258 36.3351249694824 36.3518333435059 36.3708305358887 36.3953590393066 36.4206428527832 36.4469604492188 36.4709434509277 36.4930114746094 36.2761268615723 35.9460525512695 35.5280876159668 35.0891189575195 35.044864654541 35.0276641845703 35.0095901489258 34.9901084899902 34.9647521972656 34.9470481872559 34.9454917907715 34.9446220397949 34.9445838928223 34.9445724487305 34.9445762634277 34.9446105957031 34.9446601867676 34.9447593688965 34.9448699951172 34.9460563659668 34.9476509094238 34.9528465270996 34.9650497436523 35.001880645752 35.0400009155273 35.080509185791 35.1254920959473 35.1753463745117 35.2530250549316 35.3487014770508 35.4724617004395 35.6063079833984 35.8670196533203
36.4186630249023 36.4402847290039 36.463565826416 36.4656448364258 36.4658470153809 36.4738655090332 36.4796562194824 36.47412109375 36.4753074645996 36.4927291870117 36.4465713500977 36.3131256103516 36.1961784362793 36.0927276611328 35.8684959411621 35.5870552062988 35.3205223083496 35.0575485229492 35.0128860473633 34.9847793579102 34.9793663024902 34.9720153808594 34.9565658569336 34.9458274841309 34.9450340270996 34.9445953369141 34.9445877075195 34.9445915222168 34.9446105957031 34.9446411132812 34.9446754455566 34.9447174072266 34.9447631835938 34.9449653625488 34.9453506469727 34.9474868774414 34.9531364440918 34.9711380004883 34.9899635314941 35.010311126709 35.0372428894043 35.071346282959 35.1211013793945 35.1809844970703 35.2670707702637 35.3625679016113 35.6012878417969
36.5610542297363 36.5608596801758 36.5597991943359 36.5617332458496 36.5638275146484 36.5620880126953 36.5561943054199 36.5291862487793 36.5120506286621 36.5187568664551 36.4064407348633 36.130729675293 35.8844985961914 35.6623840332031 35.4383811950684 35.2134857177734 35.1128616333008 35.0419311523438 34.9992523193359 34.9611320495605 34.9610862731934 34.9594459533691 34.9511451721191 34.9453544616699 34.9448585510254 34.9445915222168 34.9445953369141 34.9446144104004 34.9446449279785 34.9446716308594 34.944694519043 34.944709777832 34.9447250366211 34.9447593688965 34.9447898864746 34.9447822570801 34.9447937011719 34.9448623657227 34.9456062316895 34.9476013183594 34.9588279724121 34.9801025390625 35.0036506652832 35.0286674499512 35.0763969421387 35.1322898864746 35.3377838134766
36.3093795776367 36.199764251709 36.0577354431152 36.0524024963379 36.0573768615723 35.9630165100098 35.8830490112305 35.8762741088867 35.8489532470703 35.7720184326172 35.6758842468262 35.5533866882324 35.4438705444336 35.3449668884277 35.2297706604004 35.1068496704102 35.0484390258789 35.0054397583008 34.979808807373 34.9568405151367 34.9552116394043 34.9530448913574 34.9486045837402 34.9454193115234 34.9448852539062 34.9445915222168 34.9445991516113 34.9446220397949 34.9446563720703 34.9446907043457 34.9447212219238 34.9447631835938 34.9448089599609 34.9448318481445 34.9448471069336 34.9448356628418 34.9448318481445 34.9448547363281 34.945182800293 34.9460678100586 34.9511032104492 34.9606552124023 34.9712104797363 34.9824142456055 35.0152626037598 35.0558853149414 35.1883888244629
35.9925689697266 35.8127326965332 35.580623626709 35.5703163146973 35.5768089294434 35.4238357543945 35.2974586486816 35.3063735961914 35.2744369506836 35.1438522338867 35.0691146850586 35.0710487365723 35.0724716186523 35.0734786987305 35.0491409301758 35.0128021240234 34.9910049438477 34.9726867675781 34.9620895385742 34.9525032043457 34.9498634338379 34.947509765625 34.9463424682617 34.945384979248 34.9448738098145 34.9445991516113 34.9446067810059 34.9446334838867 34.9446716308594 34.944709777832 34.9447479248047 34.9448165893555 34.9448890686035 34.944896697998 34.9449043273926 34.9448852539062 34.9448699951172 34.9448585510254 34.9448432922363 34.9448280334473 34.9448204040527 34.94482421875 34.9448013305664 34.9447593688965 34.9634284973145 34.9888191223145 35.0555572509766
35.3901710510254 35.3119659423828 35.2129135131836 35.2077140808105 35.2097320556641 35.1472358703613 35.095775604248 35.1004486083984 35.0883140563965 35.0355949401855 35.0051460266113 35.0052642822266 35.0046195983887 35.0033569335938 34.9912300109863 34.9739532470703 34.9642372131348 34.9563255310059 34.9519348144531 34.9479751586914 34.9468269348145 34.9458045959473 34.9453201293945 34.9449234008789 34.9447135925293 34.9446029663086 34.9446105957031 34.9446411132812 34.9446868896484 34.9447364807129 34.9447860717773 34.9448585510254 34.9449310302734 34.9449424743652 34.9449462890625 34.9449272155762 34.9449119567871 34.944896697998 34.9448852539062 34.9448699951172 34.9448661804199 34.9448738098145 34.9448471069336 34.9448013305664 34.9523887634277 34.962718963623 34.9953727722168
34.972240447998 34.9650382995605 34.958423614502 34.9569816589355 34.9560928344727 34.9557418823242 34.9556732177734 34.9570388793945 34.9581680297852 34.9587173461914 34.9586639404297 34.9577789306641 34.9560127258301 34.9535217285156 34.9503479003906 34.946849822998 34.9456634521484 34.9450225830078 34.9449081420898 34.9448318481445 34.9447212219238 34.9446296691895 34.9446144104004 34.9446067810059 34.9446105957031 34.9446182250977 34.9446258544922 34.9446601867676 34.944709777832 34.9447708129883 34.9448394775391 34.9449043273926 34.9449729919434 34.9449768066406 34.9449806213379 34.9449653625488 34.9449462890625 34.9449348449707 34.9449234008789 34.9449119567871 34.9449195861816 34.944938659668 34.9449119567871 34.9448585510254 34.9448432922363 34.9448356628418 34.9527320861816
34.9567947387695 34.9537620544434 34.9509506225586 34.9503326416016 34.949951171875 34.9499320983887 34.9499320983887 34.9500465393066 34.9501686096191 34.9503059387207 34.9503364562988 34.9502182006836 34.9493789672852 34.9479484558105 34.9466361999512 34.9453735351562 34.9449615478516 34.9447555541992 34.9447212219238 34.944694519043 34.944652557373 34.9446144104004 34.9446105957031 34.9446105957031 34.9446220397949 34.9446411132812 34.9446640014648 34.9447021484375 34.944751739502 34.9448356628418 34.9449310302734 34.9449691772461 34.9449996948242 34.9450035095215 34.9450035095215 34.9449844360352 34.9449691772461 34.9449615478516 34.944953918457 34.9449577331543 34.9449844360352 34.9450340270996 34.9450187683105 34.9449577331543 34.9449195861816 34.9448890686035 34.9483642578125
34.9474182128906 34.9468612670898 34.9463233947754 34.946231842041 34.9461898803711 34.9462814331055 34.9462852478027 34.9458427429199 34.9455032348633 34.9454078674316 34.9454460144043 34.9456596374512 34.9454154968262 34.9447898864746 34.9445838928223 34.9445724487305 34.9445915222168 34.9446144104004 34.9446182250977 34.9446182250977 34.9446144104004 34.9446105957031 34.9446144104004 34.9446258544922 34.9446449279785 34.9446716308594 34.9447059631348 34.9447479248047 34.9447975158691 34.9448852539062 34.9449920654297 34.9450149536133 34.9450225830078 34.9450225830078 34.9450225830078 34.945011138916 34.944995880127 34.9449920654297 34.944995880127 34.945011138916 34.9450569152832 34.9451332092285 34.9451293945312 34.9450836181641 34.9450340270996 34.9449882507324 34.9457588195801
34.9456787109375 34.9454727172852 34.9452705383301 34.9453353881836 34.9454193115234 34.9453468322754 34.9452667236328 34.9451522827148 34.9450416564941 34.944938659668 34.944881439209 34.9448852539062 34.9448089599609 34.9446678161621 34.9446258544922 34.9446258544922 34.9446258544922 34.9446296691895 34.9446258544922 34.9446220397949 34.9446182250977 34.9446182250977 34.9446258544922 34.9446449279785 34.9446754455566 34.944709777832 34.944751739502 34.9448013305664 34.9448509216309 34.9449272155762 34.9450149536133 34.9450340270996 34.9450454711914 34.9450454711914 34.9450454711914 34.9450378417969 34.9450302124023 34.9450302124023 34.9450416564941 34.9450798034668 34.945140838623 34.9452323913574 34.9452590942383 34.9452438354492 34.9452018737793 34.9451446533203 34.9453735351562
34.9448509216309 34.9447937011719 34.9447326660156 34.9448127746582 34.9449043273926 34.9447784423828 34.9446754455566 34.944694519043 34.9446830749512 34.9445953369141 34.9445571899414 34.9445762634277 34.9446144104004 34.9446678161621 34.9446907043457 34.9447021484375 34.944694519043 34.9446868896484 34.9446754455566 34.9446640014648 34.9446487426758 34.9446411132812 34.9446487426758 34.9446678161621 34.9447059631348 34.9447479248047 34.9447975158691 34.9448432922363 34.9448928833008 34.9449615478516 34.9450378417969 34.9450607299805 34.9450721740723 34.9450759887695 34.9450798034668 34.9450721740723 34.9450721740723 34.9450759887695 34.9450912475586 34.9451332092285 34.945198059082 34.9452857971191 34.9453353881836 34.9453544616699 34.9453353881836 34.9452972412109 34.9452896118164
34.9447135925293 34.944652557373 34.9445838928223 34.9445762634277 34.9445762634277 34.9444847106934 34.944408416748 34.9444122314453 34.9444007873535 34.9443473815918 34.9444046020508 34.9446182250977 34.9447288513184 34.9447631835938 34.9447822570801 34.9447937011719 34.9447860717773 34.9447746276855 34.9447555541992 34.9447326660156 34.9446983337402 34.9446754455566 34.9446792602539 34.9446983337402 34.9447402954102 34.9447860717773 34.9448356628418 34.944881439209 34.9449272155762 34.9449882507324 34.9450607299805 34.9450874328613 34.9451026916504 34.9451103210449 34.9451179504395 34.9451141357422 34.9451141357422 34.9451217651367 34.945140838623 34.9451789855957 34.9452362060547 34.9453086853027 34.945369720459 34.945426940918 34.945442199707 34.9454460144043 34.945426940918
34.9445838928223 34.9445304870605 34.9444770812988 34.9444465637207 34.9444160461426 34.9443511962891 34.9443092346191 34.9443855285645 34.9444313049316 34.9444160461426 34.9445266723633 34.9448127746582 34.9449462890625 34.9449577331543 34.9449615478516 34.9449653625488 34.9449501037598 34.9449348449707 34.9449043273926 34.9448699951172 34.9448013305664 34.9447441101074 34.9447402954102 34.944751739502 34.9447860717773 34.9448280334473 34.9448699951172 34.9449119567871 34.9449501037598 34.9450187683105 34.9451026916504 34.945140838623 34.9451675415039 34.9451789855957 34.9451904296875 34.945182800293 34.9451789855957 34.9451789855957 34.9451866149902 34.9452171325684 34.9452629089355 34.9453277587891 34.9453926086426 34.9454574584961 34.9454917907715 34.9455184936523 34.9455032348633
34.944450378418 34.9444198608398 34.944393157959 34.9443626403809 34.9443283081055 34.9442863464355 34.9442825317383 34.9444618225098 34.9445991516113 34.9446182250977 34.9447593688965 34.9450721740723 34.9452095031738 34.945198059082 34.9451866149902 34.9451713562012 34.9451484680176 34.945125579834 34.9450836181641 34.9450378417969 34.9449234008789 34.9448318481445 34.9448127746582 34.9448127746582 34.9448394775391 34.9448699951172 34.9449043273926 34.944938659668 34.9449691772461 34.9450492858887 34.9451484680176 34.9452018737793 34.9452438354492 34.9452629089355 34.9452781677246 34.9452667236328 34.945255279541 34.945240020752 34.9452362060547 34.9452476501465 34.9452819824219 34.9453392028809 34.9454040527344 34.9454689025879 34.9455184936523 34.9455604553223 34.9455528259277
34.9443778991699 34.9443397521973 34.9442977905273 34.9442558288574 34.9442100524902 34.9441719055176 34.9442405700684 34.9448356628418 34.9452781677246 34.9453430175781 34.9454345703125 34.9455642700195 34.9455680847168 34.9454689025879 34.9454040527344 34.9453582763672 34.9453239440918 34.9452934265137 34.9452362060547 34.9451751708984 34.9450874328613 34.945011138916 34.9449806213379 34.9449691772461 34.9449882507324 34.945011138916 34.9450416564941 34.9450721740723 34.9450988769531 34.9451713562012 34.9452629089355 34.9453201293945 34.9453735351562 34.9453964233398 34.9454154968262 34.9454040527344 34.9453887939453 34.9453659057617 34.9453468322754 34.9453430175781 34.9453620910645 34.9454040527344 34.9454498291016 34.945499420166 34.9455375671387 34.9455757141113 34.9455757141113
34.9443130493164 34.9442596435547 34.9442024230957 34.9441452026367 34.9440879821777 34.9440498352051 34.9441986083984 34.9452705383301 34.9460639953613 34.946174621582 34.9462013244629 34.946102142334 34.9459495544434 34.945743560791 34.9456214904785 34.9455375671387 34.9454956054688 34.9454612731934 34.945384979248 34.9453086853027 34.945255279541 34.9452095031738 34.9451713562012 34.9451484680176 34.9451560974121 34.9451751708984 34.9452018737793 34.9452285766602 34.9452514648438 34.9453163146973 34.9453926086426 34.9454536437988 34.9455108642578 34.9455413818359 34.9455642700195 34.9455528259277 34.9455337524414 34.9455032348633 34.9454765319824 34.9454536437988 34.9454536437988 34.9454765319824 34.9455032348633 34.9455337524414 34.9455604553223 34.9455871582031 34.9455909729004
34.9445495605469 34.9445610046387 34.9445304870605 34.944507598877 34.9445114135742 34.9452209472656 34.9459495544434 34.9467544555664 34.9473190307617 34.9472999572754 34.9470977783203 34.9466400146484 34.9462776184082 34.9459953308105 34.9458656311035 34.9458122253418 34.9457855224609 34.9457626342773 34.945671081543 34.9455718994141 34.9454765319824 34.9453926086426 34.9453582763672 34.9453468322754 34.9453773498535 34.9454154968262 34.9454612731934 34.9454956054688 34.9455223083496 34.9455680847168 34.9456253051758 34.9456558227539 34.9456825256348 34.945686340332 34.945686340332 34.945671081543 34.9456558227539 34.945629119873 34.9456062316895 34.9455795288086 34.9455718994141 34.9455718994141 34.9455795288086 34.9455871582031 34.9455947875977 34.9456062316895 34.9456062316895
34.9448852539062 34.9449615478516 34.9449615478516 34.9449806213379 34.9450492858887 34.9464492797852 34.9477043151855 34.9482040405273 34.9485130310059 34.9483528137207 34.9479331970215 34.9471588134766 34.9466094970703 34.9462471008301 34.9461135864258 34.9460945129395 34.9460830688477 34.9460754394531 34.9459686279297 34.9458503723145 34.9457130432129 34.9455947875977 34.9455680847168 34.9455642700195 34.9456176757812 34.9456748962402 34.9457321166992 34.9457664489746 34.9457893371582 34.9458160400391 34.9458465576172 34.9458465576172 34.9458427429199 34.9458198547363 34.9457969665527 34.9457778930664 34.9457588195801 34.945743560791 34.9457244873047 34.9457015991211 34.9456825256348 34.9456634521484 34.9456520080566 34.9456367492676 34.9456329345703 34.9456253051758 34.9456214904785
34.9461288452148 34.946231842041 34.9463119506836 34.9464225769043 34.9465713500977 34.9476776123047 34.9486274719238 34.9487609863281 34.9487762451172 34.9485092163086 34.9480934143066 34.9474754333496 34.946964263916 34.9465370178223 34.9464149475098 34.9464340209961 34.9464302062988 34.9464225769043 34.9463348388672 34.9462356567383 34.9461059570312 34.9459953308105 34.9459686279297 34.9459648132324 34.9460144042969 34.946044921875 34.9460525512695 34.9460296630859 34.9459838867188 34.9459419250488 34.9458999633789 34.9458656311035 34.9458274841309 34.9457893371582 34.9457511901855 34.9457397460938 34.945728302002 34.9457244873047 34.9457244873047 34.9457244873047 34.9457168579102 34.9457015991211 34.945686340332 34.9456672668457 34.9456520080566 34.9456367492676 34.945629119873
34.9472770690918 34.9474220275879 34.9475898742676 34.9477653503418 34.9479598999023 34.9487457275391 34.9493713378906 34.9492073059082 34.9489860534668 34.9486351013184 34.9482421875 34.9477882385254 34.9473571777344 34.9469451904297 34.946849822998 34.9469032287598 34.946907043457 34.9468994140625 34.9468269348145 34.9467468261719 34.9466285705566 34.9465255737305 34.9464836120605 34.946460723877 34.9464836120605 34.9464721679688 34.9464149475098 34.9463157653809 34.9461898803711 34.9460792541504 34.9459686279297 34.9458923339844 34.9458160400391 34.9457626342773 34.9457092285156 34.9456977844238 34.9456901550293 34.9457054138184 34.9457206726074 34.9457359313965 34.9457397460938 34.945728302002 34.9457092285156 34.9456901550293 34.9456672668457 34.9456481933594 34.9456367492676
34.9480819702148 34.9483184814453 34.948616027832 34.9487457275391 34.9488639831543 34.9492073059082 34.9494590759277 34.9492416381836 34.9489898681641 34.9486503601074 34.9483451843262 34.9480857849121 34.9478988647461 34.9477767944336 34.9477844238281 34.9478454589844 34.9478569030762 34.9478492736816 34.9477844238281 34.9477157592773 34.947624206543 34.9475288391113 34.9474258422852 34.947322845459 34.9472274780273 34.947093963623 34.946907043457 34.9466896057129 34.9464454650879 34.9462547302246 34.9460830688477 34.9459419250488 34.9458084106445 34.9457359313965 34.945671081543 34.9456596374512 34.9456520080566 34.945671081543 34.9456901550293 34.9457168579102 34.9457244873047 34.9457244873047 34.9457092285156 34.945686340332 34.945671081543 34.9456520080566 34.9456405639648
