Ecospace-environmental-drivers/Outputs/ASCII-for-ecospace/MOM6-ISIMIP3a/so-bot/1986-06_so-bot_MOM6-ISIMIP3a.asc
NCOLS 131 
NROWS 53 
XLLCORNER -98 
YLLCORNER 23.9265270233154 
CELLSIZE 0.133587792515755 
NODATA_value -9999 
[rows 21 to 41 of 53, columns 47 to 93 of 131]
36.3474044799805 36.3722915649414 36.3962745666504 36.4017295837402 36.4051856994629 36.4057426452637 36.4070510864258 36.4121704101562 36.4172515869141 36.4222221374512 36.4295043945312 36.4399604797363 36.4461708068848 36.4489097595215 36.2652931213379 35.9934043884277 35.5623970031738 35.0933723449707 35.0490760803223 35.0337104797363 35.0146827697754 34.994010925293 34.966438293457 34.9472045898438 34.9455718994141 34.9446487426758 34.9445915222168 34.9445724487305 34.9445762634277 34.9446105957031 34.944652557373 34.9447288513184 34.9448165893555 34.9461555480957 34.9478797912598 34.9529457092285 34.9659614562988 35.0069198608398 35.0517082214355 35.1035995483398 35.1509704589844 35.1934089660645 35.2597198486328 35.3414726257324 35.4612770080566 35.5947494506836 35.8906402587891
36.445556640625 36.4583702087402 36.4703598022461 36.4724578857422 36.4734535217285 36.4720497131348 36.4718246459961 36.4775733947754 36.4828071594238 36.4867897033691 36.4322509765625 36.2973747253418 36.1798210144043 36.0764427185059 35.8687934875488 35.6117515563965 35.3381118774414 35.0605010986328 35.0154914855957 34.9879455566406 34.9820251464844 34.9740371704102 34.9573783874512 34.9458236694336 34.9450454711914 34.9446105957031 34.9445877075195 34.9445877075195 34.9446029663086 34.9446334838867 34.9446716308594 34.9447059631348 34.9447402954102 34.9449462890625 34.9453239440918 34.9473037719727 34.9532623291016 34.9731979370117 34.9952964782715 35.0214157104492 35.0500946044922 35.0815582275391 35.1261978149414 35.1793594360352 35.2658157348633 35.3642272949219 35.6098556518555
36.529598236084 36.5237770080566 36.5153121948242 36.5124130249023 36.5098533630371 36.5010108947754 36.4945907592773 36.5004997253418 36.5041999816895 36.5025596618652 36.3872489929199 36.1158866882324 35.881591796875 35.6776275634766 35.4524803161621 35.2172966003418 35.1152725219727 35.0450630187988 35.0015525817871 34.9625244140625 34.9620094299316 34.9599266052246 34.9512710571289 34.9452629089355 34.9448280334473 34.9445877075195 34.9445915222168 34.9446067810059 34.9446296691895 34.9446601867676 34.9446907043457 34.9447059631348 34.9447174072266 34.944751739502 34.9447822570801 34.9447708129883 34.9447822570801 34.9448471069336 34.9455413818359 34.9473991394043 34.9597129821777 34.9834136962891 35.0079650878906 35.0330657958984 35.0865783691406 35.1502952575684 35.3336601257324
36.3223724365234 36.2083129882812 36.0604438781738 36.047779083252 36.0453414916992 35.9452972412109 35.8621597290039 35.8650093078613 35.8443183898926 35.766788482666 35.6704483032227 35.5482902526855 35.4429702758789 35.351432800293 35.2360610961914 35.1093940734863 35.0504264831543 35.0076332092285 34.981143951416 34.9572868347168 34.9554672241211 34.9531288146973 34.9486083984375 34.9453811645508 34.9448699951172 34.9445953369141 34.9445991516113 34.9446144104004 34.9446449279785 34.9446792602539 34.9447174072266 34.9447555541992 34.9447975158691 34.9448204040527 34.9448356628418 34.9448204040527 34.9448165893555 34.9448394775391 34.9451446533203 34.9459762573242 34.9515037536621 34.9621467590332 34.9731254577637 34.984317779541 35.0202140808105 35.0649833679199 35.1891746520996
36.037181854248 35.8543739318848 35.6182823181152 35.5994186401367 35.5970573425293 35.4399185180664 35.3086433410645 35.3089485168457 35.2724075317383 35.1469078063965 35.0740432739258 35.073429107666 35.0730667114258 35.0729064941406 35.0491561889648 35.0142288208008 34.9925117492676 34.9739532470703 34.9625701904297 34.9522132873535 34.9496040344238 34.9472999572754 34.9462585449219 34.9453887939453 34.9448776245117 34.9445991516113 34.9446067810059 34.9446258544922 34.9446601867676 34.9446983337402 34.9447441101074 34.9448051452637 34.9448738098145 34.944881439209 34.9448890686035 34.9448699951172 34.9448509216309 34.9448356628418 34.9448280334473 34.94482421875 34.9448280334473 34.9448318481445 34.9447631835938 34.9446449279785 34.9640617370605 34.9904899597168 35.0605735778809
35.4101409912109 35.3317375183105 35.2318496704102 35.2224235534668 35.2199554443359 35.1552352905273 35.1011505126953 35.1011581420898 35.0862159729004 35.0351829528809 35.0055236816406 35.0052070617676 35.0044784545898 35.0034027099609 34.9916839599609 34.9749183654785 34.9650001525879 34.956714630127 34.9520645141602 34.947868347168 34.9467315673828 34.945728302002 34.9452857971191 34.9449234008789 34.9447174072266 34.9446105957031 34.9446182250977 34.9446449279785 34.9446830749512 34.9447288513184 34.9447822570801 34.9448509216309 34.9449234008789 34.9449310302734 34.9449310302734 34.9449119567871 34.9448928833008 34.9448776245117 34.9448661804199 34.9448623657227 34.9448623657227 34.9448623657227 34.9448204040527 34.9447593688965 34.9526634216309 34.9634284973145 35.0016250610352
34.9748611450195 34.9690437316895 34.9634704589844 34.9609909057617 34.958869934082 34.9577865600586 34.9568367004395 34.9565849304199 34.956413269043 34.9564399719238 34.956428527832 34.9563598632812 34.9554710388184 34.9539184570312 34.9509773254395 34.9473876953125 34.9458656311035 34.9448356628418 34.9448089599609 34.9448432922363 34.9447326660156 34.944637298584 34.9446144104004 34.9446029663086 34.9446067810059 34.9446182250977 34.9446334838867 34.9446678161621 34.9447135925293 34.9447708129883 34.9448356628418 34.9449005126953 34.9449691772461 34.9449729919434 34.9449691772461 34.9449462890625 34.9449272155762 34.9449119567871 34.9449005126953 34.9449005126953 34.9449005126953 34.9449005126953 34.9448890686035 34.9448738098145 34.9448852539062 34.9449081420898 34.9589080810547
34.9579696655273 34.955322265625 34.9526634216309 34.9516983032227 34.9509315490723 34.9506683349609 34.9503784179688 34.9499435424805 34.9496459960938 34.9496765136719 34.9497184753418 34.949779510498 34.9492034912109 34.9481048583984 34.9468688964844 34.9455604553223 34.9450149536133 34.9446487426758 34.9446563720703 34.9446792602539 34.9446449279785 34.9446105957031 34.9446029663086 34.9446029663086 34.9446144104004 34.9446334838867 34.9446640014648 34.944709777832 34.9447631835938 34.9448356628418 34.9449234008789 34.9449653625488 34.944995880127 34.944995880127 34.944995880127 34.9449729919434 34.9449501037598 34.9449348449707 34.9449272155762 34.9449348449707 34.9449462890625 34.9449615478516 34.9449768066406 34.9449920654297 34.9450073242188 34.9450187683105 34.9515914916992
34.9477043151855 34.9470100402832 34.9462013244629 34.9461479187012 34.946174621582 34.9462928771973 34.9463272094727 34.9459342956543 34.9456443786621 34.945613861084 34.9456329345703 34.9457244873047 34.945426940918 34.9448127746582 34.9445991516113 34.9445762634277 34.9445762634277 34.9445762634277 34.9445877075195 34.9445991516113 34.9445991516113 34.9445991516113 34.9446029663086 34.9446105957031 34.9446258544922 34.944652557373 34.9446907043457 34.9447402954102 34.9447975158691 34.944881439209 34.9449768066406 34.9450035095215 34.9450187683105 34.9450187683105 34.9450187683105 34.944995880127 34.9449729919434 34.9449615478516 34.9449577331543 34.9449691772461 34.9449920654297 34.9450263977051 34.9450721740723 34.945125579834 34.9451370239258 34.945140838623 34.9469985961914
34.9457626342773 34.9455032348633 34.9452056884766 34.9453048706055 34.9454307556152 34.945369720459 34.9453048706055 34.9452323913574 34.945125579834 34.944953918457 34.9448509216309 34.9448509216309 34.9447898864746 34.9446830749512 34.9446487426758 34.944652557373 34.9446487426758 34.9446449279785 34.9446296691895 34.9446144104004 34.9446067810059 34.9446029663086 34.9446105957031 34.9446258544922 34.9446487426758 34.9446792602539 34.9447174072266 34.9447631835938 34.9448204040527 34.944896697998 34.9449844360352 34.9450149536133 34.9450340270996 34.9450378417969 34.9450378417969 34.9450187683105 34.9449996948242 34.9449920654297 34.9449920654297 34.9450035095215 34.9450378417969 34.9450950622559 34.9451751708984 34.9452705383301 34.9452857971191 34.9452705383301 34.9458312988281
34.9448280334473 34.944751739502 34.9446868896484 34.9448013305664 34.9449310302734 34.9448089599609 34.9447174072266 34.9447555541992 34.9447288513184 34.9445495605469 34.9444694519043 34.9445304870605 34.9446029663086 34.9446907043457 34.9447250366211 34.9447402954102 34.9447288513184 34.944709777832 34.9446830749512 34.9446601867676 34.9446411132812 34.9446258544922 34.9446334838867 34.9446449279785 34.9446678161621 34.9446983337402 34.9447402954102 34.9447898864746 34.9448432922363 34.9449195861816 34.9450035095215 34.9450340270996 34.9450531005859 34.9450569152832 34.9450607299805 34.9450492858887 34.9450416564941 34.9450302124023 34.9450302124023 34.9450416564941 34.9450759887695 34.9451446533203 34.945240020752 34.9453544616699 34.945384979248 34.9453887939453 34.9453887939453
34.9446487426758 34.9445762634277 34.9445190429688 34.9445610046387 34.9446105957031 34.944522857666 34.944450378418 34.944450378418 34.9444236755371 34.9443359375 34.9443893432617 34.9446258544922 34.9447555541992 34.9447937011719 34.9448204040527 34.9448432922363 34.9448089599609 34.9447631835938 34.9447479248047 34.9447288513184 34.944694519043 34.9446678161621 34.9446640014648 34.9446678161621 34.9446868896484 34.9447135925293 34.9447593688965 34.9448127746582 34.9448699951172 34.9449462890625 34.9450302124023 34.9450569152832 34.9450721740723 34.9450798034668 34.9450874328613 34.9450874328613 34.9450874328613 34.9450798034668 34.9450759887695 34.9450798034668 34.9451103210449 34.9451751708984 34.9452743530273 34.9453926086426 34.9454536437988 34.9454956054688 34.9454917907715
34.9445304870605 34.9444732666016 34.9444274902344 34.9444389343262 34.944450378418 34.9443893432617 34.9443588256836 34.9444808959961 34.9445495605469 34.9444999694824 34.9446182250977 34.9449768066406 34.9451179504395 34.9450874328613 34.9450721740723 34.9450607299805 34.9449920654297 34.9449119567871 34.9448890686035 34.9448661804199 34.9447937011719 34.9447326660156 34.9447288513184 34.9447288513184 34.9447364807129 34.9447593688965 34.9448051452637 34.9448547363281 34.9449081420898 34.9449844360352 34.945068359375 34.9450912475586 34.9451026916504 34.9451217651367 34.9451370239258 34.9451522827148 34.9451637268066 34.9451637268066 34.9451675415039 34.9451751708984 34.9452018737793 34.945255279541 34.9453315734863 34.9454307556152 34.9454956054688 34.945556640625 34.9455528259277
34.9444351196289 34.9444007873535 34.9443740844727 34.9443626403809 34.9443550109863 34.9443168640137 34.9443397521973 34.9446563720703 34.9448661804199 34.9448204040527 34.9449844360352 34.9454345703125 34.9455718994141 34.9454574584961 34.945384979248 34.9453277587891 34.9452209472656 34.9450988769531 34.9450645446777 34.9450302124023 34.9449119567871 34.9448127746582 34.9448051452637 34.9448013305664 34.9448013305664 34.9448204040527 34.9448585510254 34.9449005126953 34.9449501037598 34.9450225830078 34.9451065063477 34.9451293945312 34.9451370239258 34.9451675415039 34.9451942443848 34.9452285766602 34.945255279541 34.9452667236328 34.9452819824219 34.9452972412109 34.9453201293945 34.9453544616699 34.9454040527344 34.9454650878906 34.9455299377441 34.9455909729004 34.9455947875977
34.9444007873535 34.9443626403809 34.9443321228027 34.9443016052246 34.9442672729492 34.9442253112793 34.9443283081055 34.9451713562012 34.9457588195801 34.9457321166992 34.9458045959473 34.9460029602051 34.9460105895996 34.945858001709 34.9457321166992 34.9456176757812 34.9454612731934 34.9452896118164 34.9452133178711 34.9451446533203 34.9450492858887 34.9449729919434 34.9449615478516 34.944953918457 34.944953918457 34.9449691772461 34.9449996948242 34.9450302124023 34.9450645446777 34.9451141357422 34.9451713562012 34.9452018737793 34.9452323913574 34.9452743530273 34.9453163146973 34.9453506469727 34.9453811645508 34.9454002380371 34.9454154968262 34.9454307556152 34.9454498291016 34.9454689025879 34.9454956054688 34.9455299377441 34.9455680847168 34.9456062316895 34.9456062316895
34.9443817138672 34.9443359375 34.9442901611328 34.9442367553711 34.9441833496094 34.9441299438477 34.9443168640137 34.9457550048828 34.9467697143555 34.9467697143555 34.9467163085938 34.9465980529785 34.9464454650879 34.9462699890137 34.9460906982422 34.9459114074707 34.9457015991211 34.945484161377 34.9453582763672 34.9452438354492 34.9451942443848 34.9451522827148 34.9451332092285 34.9451217651367 34.945125579834 34.945140838623 34.9451637268066 34.9451789855957 34.9451942443848 34.9452133178711 34.945240020752 34.9452857971191 34.9453353881836 34.9453926086426 34.9454460144043 34.945484161377 34.9455184936523 34.9455375671387 34.945556640625 34.9455718994141 34.9455795288086 34.9455871582031 34.9455947875977 34.9455986022949 34.9456062316895 34.9456176757812 34.945613861084
34.9447059631348 34.9447479248047 34.9447326660156 34.9447059631348 34.9447059631348 34.9453773498535 34.9460906982422 34.9470024108887 34.9476318359375 34.9475860595703 34.947437286377 34.9471435546875 34.9468955993652 34.9466857910156 34.946475982666 34.9462738037109 34.946044921875 34.9458122253418 34.9456634521484 34.9455223083496 34.9454040527344 34.9452934265137 34.9452362060547 34.9451942443848 34.9451904296875 34.9451942443848 34.9452133178711 34.9452362060547 34.9452590942383 34.9452896118164 34.9453239440918 34.945369720459 34.9454193115234 34.9454689025879 34.9455146789551 34.9455451965332 34.9455757141113 34.9455909729004 34.9456062316895 34.945613861084 34.9456176757812 34.9456176757812 34.9456214904785 34.9456214904785 34.9456176757812 34.9456176757812 34.945613861084
34.9451370239258 34.9452705383301 34.9452896118164 34.9452972412109 34.9453544616699 34.9466819763184 34.9478492736816 34.9482154846191 34.9484481811523 34.9483604431152 34.948127746582 34.9476928710938 34.9473533630371 34.947093963623 34.9468574523926 34.9466323852539 34.9463920593262 34.9461479187012 34.9459762573242 34.9458045959473 34.9456176757812 34.9454460144043 34.9453468322754 34.9452705383301 34.945255279541 34.9452514648438 34.9452629089355 34.9452857971191 34.9453163146973 34.9453544616699 34.9453964233398 34.9454460144043 34.9454956054688 34.9455375671387 34.9455757141113 34.9456024169922 34.9456253051758 34.9456405639648 34.9456481933594 34.9456481933594 34.9456481933594 34.9456443786621 34.9456443786621 34.9456405639648 34.945629119873 34.945613861084 34.945613861084
34.946533203125 34.946720123291 34.9468612670898 34.9469604492188 34.947078704834 34.9478912353516 34.9485969543457 34.9487648010254 34.948860168457 34.9487838745117 34.948616027832 34.9483261108398 34.9479217529297 34.9474220275879 34.9471282958984 34.9469375610352 34.9467163085938 34.9464874267578 34.9462661743164 34.9460525512695 34.9458656311035 34.9456939697266 34.9455718994141 34.9454727172852 34.9454154968262 34.9453659057617 34.9453239440918 34.9453125 34.9453239440918 34.9453544616699 34.9453964233398 34.945442199707 34.9454879760742 34.9455299377441 34.9455718994141 34.9456062316895 34.9456405639648 34.9456558227539 34.9456634521484 34.9456596374512 34.9456558227539 34.9456481933594 34.9456405639648 34.9456329345703 34.945613861084 34.9455947875977 34.9456024169922
34.9477462768555 34.9479751586914 34.9482154846191 34.9483871459961 34.9485549926758 34.9489250183105 34.9492301940918 34.9492340087891 34.9492149353027 34.9491424560547 34.9490280151367 34.9488563537598 34.9484329223633 34.947811126709 34.9475021362305 34.9473457336426 34.9471397399902 34.9469261169434 34.9466781616211 34.9464378356934 34.9462623596191 34.9460945129395 34.9459533691406 34.9458274841309 34.945728302002 34.945629119873 34.9455337524414 34.9454765319824 34.9454460144043 34.9454498291016 34.9454689025879 34.9454956054688 34.9455261230469 34.9455642700195 34.9456024169922 34.9456367492676 34.945671081543 34.9456787109375 34.9456825256348 34.9456748962402 34.9456634521484 34.9456520080566 34.9456405639648 34.9456214904785 34.9456024169922 34.9455795288086 34.9455833435059
34.9482955932617 34.9485130310059 34.9487724304199 34.9489517211914 34.9491195678711 34.9493026733398 34.9494552612305 34.9494247436523 34.9493751525879 34.9492721557617 34.949146270752 34.9489936828613 34.9487495422363 34.9484329223633 34.9482498168945 34.948127746582 34.9479370117188 34.9477272033691 34.9475326538086 34.9473419189453 34.9472045898438 34.9470596313477 34.9468955993652 34.9467430114746 34.9466018676758 34.9464530944824 34.9462966918945 34.9461402893066 34.945987701416 34.9458885192871 34.9458122253418 34.9457664489746 34.9457321166992 34.9457397460938 34.9457511901855 34.9457588195801 34.9457588195801 34.9457397460938 34.9457206726074 34.9456939697266 34.945671081543 34.9456558227539 34.9456329345703 34.9456100463867 34.9455833435059 34.945556640625 34.9455604553223
