Ecospace-environmental-drivers/Outputs/ASCII-for-ecospace/MOM6-ISIMIP3a/so-bot/1986-05_so-bot_MOM6-ISIMIP3a.asc
NCOLS 131 
NROWS 53 
XLLCORNER -98 
YLLCORNER 23.9265270233154 
CELLSIZE 0.133587792515755 
NODATA_value -9999 
[rows 21 to 41 of 53, columns 47 to 93 of 131]
36.3838653564453 36.3957099914551 36.4026374816895 36.4094429016113 36.4162673950195 36.4239158630371 36.4313774108887 36.437858581543 36.4412002563477 36.436954498291 36.4351844787598 36.4368171691895 36.4294662475586 36.4147720336914 36.2648429870605 36.0508575439453 35.6031875610352 35.0996780395508 35.0522613525391 35.0359497070312 35.0162811279297 34.9950141906738 34.9670600891113 34.9475059509277 34.945686340332 34.9446563720703 34.9445953369141 34.9445724487305 34.9445762634277 34.9446067810059 34.9446449279785 34.9447326660156 34.9448280334473 34.9462623596191 34.9480285644531 34.9524955749512 34.9652328491211 35.0070343017578 35.0506744384766 35.0977325439453 35.1448974609375 35.1921768188477 35.2624893188477 35.3477058410645 35.4842948913574 35.6393394470215 35.9401969909668
36.452751159668 36.4495582580566 36.4397430419922 36.4400520324707 36.4415092468262 36.4460983276367 36.4535369873047 36.4754829406738 36.4909248352051 36.4906578063965 36.4378814697266 36.3130111694336 36.1900901794434 36.0687637329102 35.8724517822266 35.6406288146973 35.3577537536621 35.0626792907715 35.016429901123 34.98876953125 34.9829254150391 34.9749145507812 34.957836151123 34.9459686279297 34.9451026916504 34.9446144104004 34.9445877075195 34.9445877075195 34.9445991516113 34.9446296691895 34.9446640014648 34.9447021484375 34.9447441101074 34.944953918457 34.9453163146973 34.9470710754395 34.9529342651367 34.9732437133789 34.994571685791 35.0177841186523 35.046817779541 35.0821952819824 35.1295433044434 35.1846389770508 35.2792587280273 35.3880767822266 35.6450386047363
36.5057067871094 36.4824104309082 36.449333190918 36.4429473876953 36.439281463623 36.4352912902832 36.437858581543 36.4738082885742 36.4987831115723 36.4972534179688 36.3936653137207 36.1499633789062 35.9188766479492 35.6981163024902 35.4614677429199 35.2172966003418 35.1141128540039 35.0446166992188 35.0017585754395 34.9633293151855 34.962760925293 34.9605712890625 34.9515609741211 34.9453010559082 34.9448394775391 34.9445838928223 34.9445877075195 34.9446029663086 34.9446220397949 34.944652557373 34.9446868896484 34.9447059631348 34.9447212219238 34.944751739502 34.9447784423828 34.944766998291 34.9447784423828 34.9448432922363 34.9454803466797 34.9471740722656 34.9604148864746 34.9862403869629 35.0121307373047 35.0380706787109 35.0903854370117 35.1521759033203 35.3520088195801
36.2867431640625 36.1750602722168 36.0284805297852 36.0155220031738 36.0127410888672 35.9156150817871 35.837215423584 35.8540687561035 35.8429336547852 35.764217376709 35.6724433898926 35.5627517700195 35.4589691162109 35.3600234985352 35.2401847839355 35.1104431152344 35.050895690918 35.0081176757812 34.9816627502441 34.9578399658203 34.9559135437012 34.9534492492676 34.9487419128418 34.945384979248 34.9448738098145 34.9445953369141 34.9445953369141 34.9446144104004 34.944637298584 34.9446716308594 34.9447135925293 34.9447555541992 34.9448013305664 34.9448165893555 34.9448318481445 34.9448165893555 34.9448127746582 34.9448356628418 34.9451141357422 34.945873260498 34.9518203735352 34.9634170532227 34.9749946594238 34.9865570068359 35.0223922729492 35.0669403076172 35.1985549926758
35.9965400695801 35.8305587768555 35.6147308349609 35.597713470459 35.5953559875488 35.4394035339355 35.3092765808105 35.3105163574219 35.2740936279297 35.1467247009277 35.072811126709 35.0722770690918 35.0720252990723 35.0719985961914 35.0493545532227 35.0159950256348 34.9941558837891 34.9750709533691 34.9632682800293 34.9525146484375 34.9497756958008 34.9473571777344 34.9462661743164 34.9453659057617 34.9448699951172 34.9445991516113 34.9446067810059 34.9446258544922 34.944652557373 34.944694519043 34.9447441101074 34.9448051452637 34.9448738098145 34.944881439209 34.9448852539062 34.9448661804199 34.9448471069336 34.9448356628418 34.94482421875 34.9448204040527 34.94482421875 34.9448356628418 34.9447631835938 34.944637298584 34.9648246765137 34.9923133850098 35.0622444152832
35.3939819335938 35.3231620788574 35.2320938110352 35.2220802307129 35.2181243896484 35.1537666320801 35.1001319885254 35.1010284423828 35.0867576599121 35.0358772277832 35.0063056945801 35.005989074707 35.0050163269043 35.0035018920898 34.9920654296875 34.9759254455566 34.9658279418945 34.9571685791016 34.9523048400879 34.947925567627 34.9467697143555 34.9457473754883 34.9452896118164 34.9449119567871 34.944709777832 34.9445991516113 34.9446105957031 34.944637298584 34.9446754455566 34.9447250366211 34.9447822570801 34.9448509216309 34.9449272155762 34.9449310302734 34.9449348449707 34.9449157714844 34.944896697998 34.9448776245117 34.9448623657227 34.9448585510254 34.9448585510254 34.9448585510254 34.9448204040527 34.9447593688965 34.9529876708984 34.9641952514648 35.001106262207
34.9753532409668 34.9705848693848 34.9658393859863 34.961483001709 34.9572715759277 34.955997467041 34.955020904541 34.9555320739746 34.9562835693359 34.9576225280762 34.9583168029785 34.958137512207 34.9568176269531 34.9545669555664 34.9513969421387 34.9477958679199 34.9460906982422 34.9448394775391 34.944751739502 34.9447441101074 34.9446830749512 34.9446334838867 34.9446105957031 34.9445991516113 34.9445991516113 34.9446067810059 34.9446220397949 34.9446563720703 34.9447059631348 34.944766998291 34.9448356628418 34.9449005126953 34.9449729919434 34.9449768066406 34.9449768066406 34.9449577331543 34.9449348449707 34.9449157714844 34.9449005126953 34.944896697998 34.9448928833008 34.9448890686035 34.944881439209 34.9448699951172 34.9449043273926 34.944953918457 34.9570007324219
34.9580383300781 34.9557991027832 34.9535064697266 34.9518699645996 34.9503440856934 34.9499397277832 34.9496116638184 34.949649810791 34.9498596191406 34.9504737854004 34.9507293701172 34.9505043029785 34.9496612548828 34.948314666748 34.9470024108887 34.9457054138184 34.9451026916504 34.9446640014648 34.9446334838867 34.9446334838867 34.9446144104004 34.9445991516113 34.9445953369141 34.9445953369141 34.9446029663086 34.9446182250977 34.9446449279785 34.9446868896484 34.9447441101074 34.9448280334473 34.9449195861816 34.9449653625488 34.9449996948242 34.9450035095215 34.9450035095215 34.9449844360352 34.9449653625488 34.9449424743652 34.9449272155762 34.9449272155762 34.9449272155762 34.9449272155762 34.9449424743652 34.9449577331543 34.945011138916 34.9450759887695 34.9500389099121
34.9475746154785 34.9469337463379 34.946216583252 34.9461517333984 34.9461517333984 34.9461822509766 34.9461860656738 34.9460372924805 34.9459609985352 34.9460716247559 34.9460487365723 34.9458427429199 34.9454040527344 34.9447784423828 34.9445762634277 34.9445724487305 34.944580078125 34.9445915222168 34.9445877075195 34.9445838928223 34.9445838928223 34.9445838928223 34.9445915222168 34.9446029663086 34.9446220397949 34.9446449279785 34.9446754455566 34.9447212219238 34.9447822570801 34.9448699951172 34.9449729919434 34.9450035095215 34.9450225830078 34.9450263977051 34.9450302124023 34.945011138916 34.9449920654297 34.9449691772461 34.9449577331543 34.9449577331543 34.9449615478516 34.9449729919434 34.945011138916 34.9450569152832 34.945125579834 34.945198059082 34.945972442627
34.9457397460938 34.9455184936523 34.9452781677246 34.9453239440918 34.9453926086426 34.9453201293945 34.9452629089355 34.9452705383301 34.9452438354492 34.9451332092285 34.9450225830078 34.9449157714844 34.9447937011719 34.9446601867676 34.9446220397949 34.9446334838867 34.9446449279785 34.9446563720703 34.9446334838867 34.9446067810059 34.9445953369141 34.9445915222168 34.9446029663086 34.9446220397949 34.9446563720703 34.9446868896484 34.9447174072266 34.9447593688965 34.9448127746582 34.944896697998 34.9449882507324 34.9450187683105 34.9450416564941 34.9450492858887 34.9450531005859 34.9450378417969 34.9450187683105 34.9449996948242 34.9449882507324 34.9449920654297 34.9450035095215 34.9450263977051 34.9450912475586 34.9451789855957 34.9452476501465 34.9453125 34.9455528259277
34.9448623657227 34.9448089599609 34.9447593688965 34.9448127746582 34.9448738098145 34.9447784423828 34.944709777832 34.9447593688965 34.944751739502 34.9445915222168 34.9445152282715 34.9445457458496 34.9445991516113 34.9446716308594 34.9447059631348 34.9447288513184 34.9447288513184 34.9447288513184 34.944694519043 34.9446640014648 34.944637298584 34.9446220397949 34.9446334838867 34.944652557373 34.944694519043 34.9447326660156 34.944766998291 34.9448089599609 34.9448585510254 34.9449310302734 34.9450149536133 34.9450454711914 34.9450607299805 34.9450721740723 34.9450798034668 34.945068359375 34.9450569152832 34.9450416564941 34.9450302124023 34.9450302124023 34.9450454711914 34.9450836181641 34.9451599121094 34.9452705383301 34.9453430175781 34.9454040527344 34.9454154968262
34.9447021484375 34.9446296691895 34.9445610046387 34.9445457458496 34.9445304870605 34.9444808959961 34.9444351196289 34.9444427490234 34.9444274902344 34.9443511962891 34.944393157959 34.9445991516113 34.9447212219238 34.9447784423828 34.9448165893555 34.9448432922363 34.9448318481445 34.9448089599609 34.9447746276855 34.9447402954102 34.9446983337402 34.9446678161621 34.9446716308594 34.9446907043457 34.9447364807129 34.9447822570801 34.9448204040527 34.9448623657227 34.9449081420898 34.9449768066406 34.9450531005859 34.9450759887695 34.9450874328613 34.9450988769531 34.9451103210449 34.9451065063477 34.9451026916504 34.9450874328613 34.9450798034668 34.9450721740723 34.9450912475586 34.9451370239258 34.9452285766602 34.9453468322754 34.9454231262207 34.945484161377 34.9454879760742
34.9445762634277 34.9445152282715 34.9444618225098 34.9444274902344 34.9443969726562 34.9443550109863 34.9443435668945 34.9444694519043 34.9445533752441 34.944522857666 34.9446563720703 34.9450073242188 34.9451560974121 34.9451370239258 34.9451332092285 34.9451293945312 34.945068359375 34.9449920654297 34.9449424743652 34.9448890686035 34.9448089599609 34.9447441101074 34.9447402954102 34.944751739502 34.9447937011719 34.9448356628418 34.9448776245117 34.9449195861816 34.9449615478516 34.9450225830078 34.9450912475586 34.9451103210449 34.9451217651367 34.9451332092285 34.9451484680176 34.9451522827148 34.9451560974121 34.9451484680176 34.945140838623 34.9451332092285 34.9451522827148 34.945198059082 34.9452857971191 34.9453964233398 34.9454727172852 34.9455375671387 34.9455490112305
34.9444618225098 34.9444274902344 34.9444007873535 34.9443740844727 34.9443473815918 34.9443092346191 34.9443283081055 34.9446449279785 34.9448699951172 34.9448738098145 34.9450798034668 34.9455680847168 34.9457206726074 34.9456062316895 34.9455375671387 34.9454879760742 34.9453620910645 34.9452209472656 34.9451446533203 34.9450721740723 34.944938659668 34.9448318481445 34.94482421875 34.94482421875 34.9448547363281 34.9448890686035 34.9449348449707 34.9449729919434 34.9450073242188 34.9450645446777 34.9451332092285 34.9451522827148 34.9451560974121 34.9451751708984 34.9451904296875 34.9452056884766 34.9452133178711 34.9452133178711 34.9452095031738 34.9452056884766 34.9452247619629 34.9452629089355 34.9453392028809 34.9454383850098 34.9455146789551 34.9455833435059 34.9456024169922
34.9444160461426 34.9443817138672 34.9443550109863 34.9443168640137 34.944278717041 34.9442253112793 34.9443244934082 34.9451904296875 34.94580078125 34.9458045959473 34.9459114074707 34.9461555480957 34.9461898803711 34.9460525512695 34.9459381103516 34.9458389282227 34.9456939697266 34.9455337524414 34.9454002380371 34.9452743530273 34.9451370239258 34.9450187683105 34.9449806213379 34.9449577331543 34.9449729919434 34.9449996948242 34.9450416564941 34.9450721740723 34.9450912475586 34.9451293945312 34.9451713562012 34.9451904296875 34.9452018737793 34.9452209472656 34.9452438354492 34.9452629089355 34.9452819824219 34.9452934265137 34.9453048706055 34.9453086853027 34.9453277587891 34.9453620910645 34.9454193115234 34.9454917907715 34.9455490112305 34.9455986022949 34.9456176757812
34.9443855285645 34.9443473815918 34.9443092346191 34.9442596435547 34.9442100524902 34.9441375732422 34.9443206787109 34.9458084106445 34.9468612670898 34.9468536376953 34.9468231201172 34.9467544555664 34.9466400146484 34.9464912414551 34.9463424682617 34.9461936950684 34.9460258483887 34.945858001709 34.9456672668457 34.9454803466797 34.9453468322754 34.9452247619629 34.9451560974121 34.9451065063477 34.9451065063477 34.9451217651367 34.9451560974121 34.9451751708984 34.945182800293 34.9451942443848 34.9452095031738 34.9452285766602 34.9452438354492 34.9452705383301 34.9452972412109 34.9453239440918 34.9453506469727 34.9453773498535 34.9454002380371 34.9454193115234 34.945442199707 34.9454689025879 34.9455070495605 34.9455490112305 34.9455833435059 34.9456100463867 34.9456253051758
34.9446907043457 34.9447402954102 34.9447250366211 34.9447021484375 34.9447021484375 34.9453506469727 34.946044921875 34.9469795227051 34.9476470947266 34.9476509094238 34.9475326538086 34.9472427368164 34.947021484375 34.9468536376953 34.9466934204102 34.946533203125 34.9463768005371 34.946216583252 34.9460487365723 34.9458847045898 34.9457397460938 34.9456024169922 34.9455108642578 34.9454307556152 34.9453735351562 34.9453353881836 34.9453125 34.9453010559082 34.9452857971191 34.9452857971191 34.9452857971191 34.9452934265137 34.9453048706055 34.9453239440918 34.9453468322754 34.945369720459 34.9453926086426 34.9454231262207 34.9454498291016 34.9454803466797 34.9455070495605 34.9455299377441 34.945556640625 34.9455871582031 34.9456024169922 34.9456100463867 34.9456214904785
34.9451065063477 34.945240020752 34.9452629089355 34.9452705383301 34.9453239440918 34.9466133117676 34.9477500915527 34.9481201171875 34.9483909606934 34.9484062194824 34.9482116699219 34.9477386474609 34.9474105834961 34.947208404541 34.9470329284668 34.9468688964844 34.9467163085938 34.9465637207031 34.9464225769043 34.9462776184082 34.9461250305176 34.9459762573242 34.9458618164062 34.9457511901855 34.9456405639648 34.9455490112305 34.9454765319824 34.9454307556152 34.9454002380371 34.9453811645508 34.9453659057617 34.9453659057617 34.9453659057617 34.9453811645508 34.9454002380371 34.9454193115234 34.9454383850098 34.9454650878906 34.9454956054688 34.9455375671387 34.9455680847168 34.9455871582031 34.9456062316895 34.9456214904785 34.9456176757812 34.9456100463867 34.9456176757812
34.9464912414551 34.9466819763184 34.946834564209 34.9469223022461 34.9470291137695 34.9478034973145 34.9484786987305 34.9486656188965 34.9487953186035 34.9487838745117 34.9486465454102 34.9483451843262 34.9479446411133 34.9474678039551 34.9472274780273 34.9471015930176 34.9469680786133 34.9468307495117 34.946662902832 34.9464988708496 34.9463653564453 34.9462280273438 34.9460868835449 34.9459571838379 34.945858001709 34.9457626342773 34.9456787109375 34.9456062316895 34.9455490112305 34.945499420166 34.9454574584961 34.9454498291016 34.9454498291016 34.9454612731934 34.9454689025879 34.9454765319824 34.9454803466797 34.945484161377 34.9455032348633 34.9455413818359 34.9455757141113 34.9456024169922 34.9456214904785 34.9456329345703 34.9456214904785 34.9456024169922 34.9456024169922
34.947696685791 34.9479331970215 34.9481925964355 34.9483451843262 34.9484939575195 34.9488220214844 34.9491004943848 34.9491348266602 34.949146270752 34.9490966796875 34.9490013122559 34.9488334655762 34.9484176635742 34.9477920532227 34.9475250244141 34.9474296569824 34.9473075866699 34.9471817016602 34.9469985961914 34.9468116760254 34.9466781616211 34.9465408325195 34.9463653564453 34.9462089538574 34.9461059570312 34.9459991455078 34.9458923339844 34.9457969665527 34.9457130432129 34.9456405639648 34.9455718994141 34.9455604553223 34.945556640625 34.9455528259277 34.9455528259277 34.9455490112305 34.9455413818359 34.9455223083496 34.9455223083496 34.9455490112305 34.9455833435059 34.945613861084 34.9456329345703 34.9456405639648 34.9456214904785 34.9455947875977 34.9455833435059
34.9482574462891 34.9484901428223 34.9487724304199 34.9489288330078 34.9490737915039 34.94921875 34.9493370056152 34.9493293762207 34.9492874145508 34.9491806030273 34.9490547180176 34.9488945007324 34.948657989502 34.948356628418 34.9481964111328 34.9481086730957 34.9479866027832 34.9478569030762 34.9476661682129 34.9474678039551 34.947265625 34.9470558166504 34.9468307495117 34.9466247558594 34.946460723877 34.9463043212891 34.946159362793 34.9460372924805 34.9459342956543 34.945858001709 34.9457931518555 34.9457588195801 34.945728302002 34.9457092285156 34.9456901550293 34.9456748962402 34.9456558227539 34.9456100463867 34.9455795288086 34.9455757141113 34.9455909729004 34.9456253051758 34.9456405639648 34.9456405639648 34.945613861084 34.9455757141113 34.9455528259277
