Ecospace-environmental-drivers/Outputs/ASCII-for-ecospace/MOM6-ISIMIP3a/so-bot/1987-05_so-bot_MOM6-ISIMIP3a.asc
NCOLS 131 
NROWS 53 
XLLCORNER -98 
YLLCORNER 23.9265270233154 
CELLSIZE 0.133587792515755 
NODATA_value -9999 
[rows 21 to 41 of 53, columns 47 to 93 of 131]
36.4252700805664 36.4265975952148 36.4261093139648 36.4215278625488 36.4167098999023 36.4167823791504 36.4166870117188 36.415714263916 36.4116096496582 36.3999328613281 36.3841323852539 36.3626708984375 36.3413505554199 36.3201522827148 36.1893348693848 36.006591796875 35.5801315307617 35.0954360961914 35.0500526428223 35.0345497131348 35.0147705078125 34.9936141967773 34.9666786193848 34.9477615356445 34.9457702636719 34.944652557373 34.9446029663086 34.9445877075195 34.9446029663086 34.9446411132812 34.944694519043 34.9448204040527 34.9449615478516 34.9463996887207 34.9481468200684 34.9524269104004 34.9647216796875 35.0052070617676 35.0443267822266 35.0809097290039 35.1242790222168 35.1750335693359 35.2550010681152 35.353874206543 35.4902877807617 35.6401863098145 35.908317565918
36.4446678161621 36.4536094665527 36.4636650085449 36.4643707275391 36.4640922546387 36.4631729125977 36.4592170715332 36.4398384094238 36.4237442016602 36.4155807495117 36.3566665649414 36.2280731201172 36.1080551147461 35.9950485229492 35.819034576416 35.6131744384766 35.3439292907715 35.0595359802246 35.014575958252 34.9875450134277 34.9819793701172 34.9742889404297 34.957691192627 34.946117401123 34.9451522827148 34.9446144104004 34.9446029663086 34.9446067810059 34.9446296691895 34.9446640014648 34.9447021484375 34.9447479248047 34.9447937011719 34.9450988769531 34.9455299377441 34.9471397399902 34.9527778625488 34.9725875854492 34.9917335510254 35.009651184082 35.0366172790527 35.0734443664551 35.1248474121094 35.1856803894043 35.2798728942871 35.3860511779785 35.6241035461426
36.4441680908203 36.4552307128906 36.468994140625 36.4716110229492 36.4728126525879 36.4665069580078 36.4552383422852 36.4187278747559 36.3908195495605 36.3836936950684 36.2839813232422 36.0571670532227 35.8462257385254 35.6482772827148 35.4319610595703 35.2069473266602 35.1093406677246 35.0421829223633 34.999828338623 34.9617958068848 34.9618530273438 34.9602088928223 34.9514274597168 34.9453239440918 34.9448547363281 34.9446029663086 34.9446067810059 34.9446258544922 34.9446563720703 34.9446868896484 34.9447135925293 34.9447212219238 34.9447212219238 34.944766998291 34.9448051452637 34.9447937011719 34.9448013305664 34.9448661804199 34.9453544616699 34.9466323852539 34.9594879150391 34.9849700927734 35.0091819763184 35.0325775146484 35.0832862854004 35.1438102722168 35.340518951416
36.1732139587402 36.0939064025879 35.9916610717773 35.982307434082 35.9796180725098 35.9000549316406 35.8305892944336 35.8124580383301 35.778392791748 35.7058525085449 35.6207275390625 35.5183181762695 35.4232749938965 35.3342552185059 35.2236404418945 35.1028022766113 35.0463600158691 35.0053024291992 34.9797096252441 34.9566612243652 34.9551734924316 34.9530982971191 34.9485511779785 34.9453163146973 34.9448585510254 34.9446067810059 34.9446144104004 34.944637298584 34.9446716308594 34.9447059631348 34.9447402954102 34.9447822570801 34.9448204040527 34.9448432922363 34.9448661804199 34.9448509216309 34.9448432922363 34.9448661804199 34.9450759887695 34.9456443786621 34.9514122009277 34.9628410339355 34.9736595153809 34.9840774536133 35.018856048584 35.062385559082 35.1837158203125
35.8558616638184 35.7174949645996 35.5396347045898 35.522102355957 35.5165405273438 35.3909873962402 35.2856063842773 35.2828407287598 35.2477035522461 35.1343994140625 35.0684051513672 35.0673637390137 35.0666236877441 35.0661277770996 35.0437202453613 35.0109329223633 34.9901542663574 34.972240447998 34.9614715576172 34.9516983032227 34.9492301940918 34.9470443725586 34.9460487365723 34.9452438354492 34.9448356628418 34.9446105957031 34.9446144104004 34.9446411132812 34.9446868896484 34.9447288513184 34.9447708129883 34.9448394775391 34.9449119567871 34.9449195861816 34.9449234008789 34.9449043273926 34.9448890686035 34.9448699951172 34.9448547363281 34.9448509216309 34.9448432922363 34.9448356628418 34.9447479248047 34.9446105957031 34.9642486572266 34.9909934997559 35.0452308654785
35.335075378418 35.2749290466309 35.1985664367676 35.1894874572754 35.1855163574219 35.1335105895996 35.0899429321289 35.0893249511719 35.0754165649414 35.0294151306152 35.0025024414062 35.0018005371094 35.0006904602051 34.9992446899414 34.9883193969727 34.9729042053223 34.9636611938477 34.9558982849121 34.9514846801758 34.947509765625 34.9464988708496 34.9456062316895 34.945198059082 34.9448699951172 34.9447021484375 34.9446105957031 34.9446105957031 34.9446449279785 34.9447021484375 34.9447555541992 34.9448089599609 34.944881439209 34.944953918457 34.9449615478516 34.9449615478516 34.9449501037598 34.9449348449707 34.9449119567871 34.9448928833008 34.9448928833008 34.9448890686035 34.9448852539062 34.9448394775391 34.9447631835938 34.9527359008789 34.9636039733887 34.9870643615723
34.9730339050293 34.9674758911133 34.9617385864258 34.9590072631836 34.9566268920898 34.9553413391113 34.9543724060059 34.9550018310547 34.9554901123047 34.9556465148926 34.9555244445801 34.9550132751465 34.9537734985352 34.9519386291504 34.9493713378906 34.9464569091797 34.9453506469727 34.9446792602539 34.9446334838867 34.9446334838867 34.9446258544922 34.9446182250977 34.9446182250977 34.9446144104004 34.9446182250977 34.9446182250977 34.9446182250977 34.9446563720703 34.9447250366211 34.9447898864746 34.9448547363281 34.9449234008789 34.9449920654297 34.9449996948242 34.9449996948242 34.9449882507324 34.9449729919434 34.9449462890625 34.9449310302734 34.944938659668 34.9449462890625 34.944953918457 34.9449310302734 34.9448928833008 34.9448585510254 34.9448280334473 34.9468688964844
34.9573402404785 34.9548072814941 34.9523429870605 34.9513702392578 34.950569152832 34.9502258300781 34.9499244689941 34.9498329162598 34.949821472168 34.9499969482422 34.9498291015625 34.9491958618164 34.948356628418 34.9473495483398 34.9463195800781 34.9452743530273 34.944881439209 34.9446411132812 34.9446220397949 34.9446220397949 34.9446182250977 34.9446144104004 34.9446144104004 34.9446182250977 34.9446334838867 34.9446487426758 34.9446640014648 34.9447021484375 34.944751739502 34.9448318481445 34.9449157714844 34.9449729919434 34.9450187683105 34.9450225830078 34.9450225830078 34.945011138916 34.944995880127 34.9449768066406 34.9449729919434 34.944995880127 34.9450225830078 34.9450492858887 34.9450225830078 34.9449653625488 34.9449043273926 34.9448432922363 34.9458885192871
34.9477348327637 34.9470863342285 34.9466018676758 34.9466514587402 34.9467544555664 34.9468765258789 34.9469108581543 34.9465141296387 34.9462623596191 34.946361541748 34.9461860656738 34.9456367492676 34.9451637268066 34.944751739502 34.9446220397949 34.9446258544922 34.9446296691895 34.9446334838867 34.9446258544922 34.9446220397949 34.9446182250977 34.9446182250977 34.9446220397949 34.9446296691895 34.944652557373 34.9446754455566 34.9447021484375 34.9447402954102 34.9447822570801 34.9448661804199 34.9449653625488 34.945011138916 34.9450454711914 34.9450454711914 34.9450454711914 34.9450302124023 34.9450187683105 34.945011138916 34.9450187683105 34.9450645446777 34.9451103210449 34.9451560974121 34.9451370239258 34.9450759887695 34.9449844360352 34.9448852539062 34.945255279541
34.9457931518555 34.9455909729004 34.9454536437988 34.9455986022949 34.9457664489746 34.9457511901855 34.9457092285156 34.9455146789551 34.9453506469727 34.9452667236328 34.9451293945312 34.9449195861816 34.944766998291 34.9446601867676 34.9446296691895 34.9446411132812 34.944652557373 34.9446601867676 34.944652557373 34.9446449279785 34.944637298584 34.9446334838867 34.9446411132812 34.944652557373 34.9446754455566 34.9446983337402 34.9447326660156 34.9447708129883 34.9448165893555 34.9449005126953 34.9449996948242 34.9450416564941 34.945068359375 34.945068359375 34.9450645446777 34.9450492858887 34.9450416564941 34.9450492858887 34.9450759887695 34.9451446533203 34.9452095031738 34.9452743530273 34.9452743530273 34.9452285766602 34.9451103210449 34.9449691772461 34.945068359375
34.9449043273926 34.9448890686035 34.9448928833008 34.9450225830078 34.9451599121094 34.945068359375 34.9449806213379 34.944896697998 34.9448013305664 34.9446678161621 34.9445991516113 34.9446182250977 34.944637298584 34.9446563720703 34.9446716308594 34.9446907043457 34.9447021484375 34.9447135925293 34.9446983337402 34.9446830749512 34.9446678161621 34.9446563720703 34.9446640014648 34.9446754455566 34.9447021484375 34.9447326660156 34.9447746276855 34.9448165893555 34.9448623657227 34.9449462890625 34.9450416564941 34.9450759887695 34.9450988769531 34.9450950622559 34.9450836181641 34.945068359375 34.9450607299805 34.9450836181641 34.945125579834 34.9452018737793 34.9452819824219 34.9453582763672 34.9453735351562 34.9453544616699 34.9452438354492 34.9450988769531 34.945068359375
34.9448127746582 34.9447898864746 34.9447708129883 34.9448013305664 34.9448318481445 34.9447174072266 34.9446144104004 34.9445686340332 34.9445190429688 34.9444465637207 34.9444694519043 34.9446258544922 34.9447059631348 34.9447212219238 34.9447364807129 34.9447593688965 34.9447708129883 34.9447822570801 34.9447631835938 34.9447364807129 34.944709777832 34.9446868896484 34.9446907043457 34.9447021484375 34.9447364807129 34.9447746276855 34.94482421875 34.9448699951172 34.9449157714844 34.9449996948242 34.9450950622559 34.9451217651367 34.9451370239258 34.9451217651367 34.9451103210449 34.9450912475586 34.9450798034668 34.9451141357422 34.9451675415039 34.9452476501465 34.9453315734863 34.9454116821289 34.9454498291016 34.9454612731934 34.9453811645508 34.9452667236328 34.9452095031738
34.9446907043457 34.9446640014648 34.944637298584 34.9446220397949 34.9446067810059 34.9444961547852 34.9444236755371 34.9445533752441 34.944637298584 34.9446067810059 34.944751739502 34.9451332092285 34.945255279541 34.9451599121094 34.9450874328613 34.9450263977051 34.9449806213379 34.9449424743652 34.944896697998 34.9448509216309 34.9447898864746 34.9447402954102 34.9447326660156 34.9447364807129 34.944766998291 34.9448089599609 34.9448547363281 34.9449005126953 34.9449424743652 34.9450302124023 34.9451370239258 34.9451675415039 34.9451904296875 34.945182800293 34.9451713562012 34.9451484680176 34.9451332092285 34.9451484680176 34.9451789855957 34.9452476501465 34.9453201293945 34.9454040527344 34.9454612731934 34.945499420166 34.9454536437988 34.9453811645508 34.9453163146973
34.9445571899414 34.9445266723633 34.9444923400879 34.9444618225098 34.9444236755371 34.9443283081055 34.9443054199219 34.9446678161621 34.9449234008789 34.9449310302734 34.9452056884766 34.9458541870117 34.9460067749023 34.9457588195801 34.945556640625 34.9453773498535 34.9452514648438 34.9451370239258 34.9450645446777 34.9449920654297 34.9448928833008 34.9448089599609 34.9447822570801 34.9447746276855 34.9448013305664 34.9448356628418 34.9448776245117 34.9449157714844 34.944953918457 34.9450492858887 34.9451713562012 34.9452171325684 34.9452476501465 34.9452514648438 34.945255279541 34.9452247619629 34.945198059082 34.9451789855957 34.945182800293 34.9452247619629 34.9452896118164 34.945369720459 34.945442199707 34.9455070495605 34.9455032348633 34.9454727172852 34.9454116821289
34.944408416748 34.9443702697754 34.9443244934082 34.9442825317383 34.9442405700684 34.9441604614258 34.9442672729492 34.9453353881836 34.9460792541504 34.9460411071777 34.9461288452148 34.9463958740234 34.9463577270508 34.9460716247559 34.9458427429199 34.9456443786621 34.9455070495605 34.9453811645508 34.9452857971191 34.9451866149902 34.9450836181641 34.9449882507324 34.9449462890625 34.9449234008789 34.9449424743652 34.9449691772461 34.945011138916 34.9450454711914 34.9450721740723 34.9451560974121 34.9452629089355 34.9453163146973 34.9453582763672 34.9453735351562 34.945384979248 34.9453620910645 34.9453315734863 34.9452857971191 34.9452590942383 34.9452667236328 34.9452934265137 34.9453430175781 34.9454078674316 34.9454765319824 34.945499420166 34.9455070495605 34.9454574584961
34.9442596435547 34.9442100524902 34.944149017334 34.9441032409668 34.9440574645996 34.9439888000488 34.9442405700684 34.946117401123 34.9474182128906 34.9473152160645 34.947151184082 34.9469032287598 34.9466247558594 34.9463233947754 34.9460906982422 34.9458885192871 34.9457550048828 34.9456367492676 34.9455146789551 34.9453964233398 34.9452896118164 34.9451942443848 34.9451332092285 34.9450988769531 34.9451026916504 34.945125579834 34.9451637268066 34.9451904296875 34.9452133178711 34.9452781677246 34.9453659057617 34.9454231262207 34.9454765319824 34.9455070495605 34.9455299377441 34.9455108642578 34.9454803466797 34.9454116821289 34.9453544616699 34.9453163146973 34.9453048706055 34.9453201293945 34.945369720459 34.9454383850098 34.9454879760742 34.9455261230469 34.9454917907715
34.9445114135742 34.9445304870605 34.9444885253906 34.9444961547852 34.9445343017578 34.9453430175781 34.9461975097656 34.9472808837891 34.9479713439941 34.9477119445801 34.9474067687988 34.9470405578613 34.9467430114746 34.9465026855469 34.9463195800781 34.9461631774902 34.9460601806641 34.9459686279297 34.9458656311035 34.9457626342773 34.945671081543 34.9455871582031 34.9455413818359 34.9455146789551 34.9455146789551 34.9455146789551 34.9455184936523 34.9455146789551 34.9454956054688 34.9455261230469 34.9455795288086 34.9456024169922 34.9456176757812 34.9456253051758 34.945629119873 34.945613861084 34.9455947875977 34.9455490112305 34.9455032348633 34.9454612731934 34.9454307556152 34.9454078674316 34.9454193115234 34.9454574584961 34.9454956054688 34.9455375671387 34.9455146789551
34.9448623657227 34.9449577331543 34.9449501037598 34.9450225830078 34.9451522827148 34.9467430114746 34.948112487793 34.9483795166016 34.9484519958496 34.9480590820312 34.9476470947266 34.9472007751465 34.946891784668 34.9466934204102 34.9465560913086 34.9464492797852 34.9463691711426 34.9463043212891 34.946216583252 34.9461326599121 34.9460525512695 34.9459838867188 34.9459533691406 34.9459342956543 34.9459228515625 34.9459037780762 34.945873260498 34.9458312988281 34.9457740783691 34.9457664489746 34.9457778930664 34.9457626342773 34.9457397460938 34.9457244873047 34.9457054138184 34.9457015991211 34.9456901550293 34.9456672668457 34.9456405639648 34.9455986022949 34.9455528259277 34.945499420166 34.9454765319824 34.9454765319824 34.9455070495605 34.9455490112305 34.9455337524414
34.9460983276367 34.9462890625 34.9464569091797 34.9466972351074 34.9469680786133 34.947883605957 34.9486465454102 34.9486236572266 34.9485321044922 34.9482841491699 34.9480285644531 34.9477767944336 34.947452545166 34.9470672607422 34.9468841552734 34.9467964172363 34.9467124938965 34.9466323852539 34.9465408325195 34.9464492797852 34.9463920593262 34.9463386535645 34.9462966918945 34.9462509155273 34.9462089538574 34.946159362793 34.9460945129395 34.9460182189941 34.9459342956543 34.9458618164062 34.9457969665527 34.9457244873047 34.9456520080566 34.9456253051758 34.9456024169922 34.9456176757812 34.945629119873 34.9456329345703 34.9456329345703 34.9456214904785 34.9455947875977 34.9455604553223 34.9455375671387 34.9455223083496 34.9455413818359 34.9455680847168 34.945556640625
34.9472389221191 34.9475059509277 34.9478225708008 34.9481773376465 34.9485359191895 34.9488677978516 34.9491081237793 34.9488677978516 34.9486618041992 34.9485244750977 34.9484024047852 34.948299407959 34.9479866027832 34.947509765625 34.9473114013672 34.9472427368164 34.9471549987793 34.9470634460449 34.9469604492188 34.9468650817871 34.9468040466309 34.9467430114746 34.9466667175293 34.9465827941895 34.9464874267578 34.9463844299316 34.9462699890137 34.9461517333984 34.9460372924805 34.945915222168 34.9457893371582 34.9456825256348 34.9455757141113 34.9455451965332 34.9455223083496 34.9455490112305 34.9455757141113 34.9456062316895 34.9456253051758 34.9456329345703 34.945629119873 34.9456100463867 34.9455909729004 34.9455642700195 34.9455718994141 34.9455909729004 34.9455795288086
34.9480400085449 34.9483222961426 34.948673248291 34.9489326477051 34.9491767883301 34.9492683410645 34.9493141174316 34.9491233825684 34.9489555358887 34.948844909668 34.94873046875 34.9486122131348 34.9484367370605 34.9482078552246 34.9480895996094 34.9480285644531 34.9479522705078 34.9478721618652 34.94775390625 34.9476318359375 34.9474868774414 34.9473304748535 34.9471435546875 34.9469413757324 34.9467163085938 34.9464912414551 34.9462661743164 34.9460830688477 34.9459342956543 34.9458045959473 34.945686340332 34.945613861084 34.9455490112305 34.9455375671387 34.9455261230469 34.9455490112305 34.9455718994141 34.9455947875977 34.945613861084 34.9456214904785 34.9456214904785 34.9456176757812 34.9456062316895 34.9455947875977 34.9456024169922 34.9456214904785 34.9456024169922
