Ecospace-environmental-drivers/Outputs/ASCII-for-ecospace/MOM6-ISIMIP3a/so-bot/1987-03_so-bot_MOM6-ISIMIP3a.asc
NCOLS 131 
NROWS 53 
XLLCORNER -98 
YLLCORNER 23.9265270233154 
CELLSIZE 0.133587792515755 
NODATA_value -9999 
[rows 21 to 41 of 53, columns 47 to 93 of 131]
36.2849655151367 36.298454284668 36.3122215270996 36.3145980834961 36.3154640197754 36.307014465332 36.2963447570801 36.2743835449219 36.255558013916 36.2443046569824 36.2363395690918 36.2328948974609 36.2443351745605 36.2679595947266 36.1644172668457 36.0006446838379 35.5772438049316 35.0918083190918 35.0460586547852 35.0302886962891 35.0112648010254 34.9910354614258 34.9657402038574 34.9478988647461 34.9457893371582 34.9446182250977 34.9445915222168 34.9445915222168 34.9446105957031 34.9446449279785 34.9446830749512 34.9448547363281 34.9450492858887 34.9464797973633 34.9481925964355 34.9521980285645 34.9643440246582 35.0051040649414 35.0447540283203 35.0823402404785 35.1291618347168 35.1860389709473 35.2794952392578 35.3966217041016 35.5443572998047 35.7030906677246 36.0280113220215
36.3839645385742 36.3935890197754 36.404354095459 36.4031867980957 36.4004440307617 36.3881492614746 36.3771476745605 36.3727340698242 36.3672409057617 36.3591499328613 36.2988815307617 36.1669769287109 36.0567512512207 35.9642601013184 35.8001670837402 35.6021575927734 35.3364677429199 35.0546035766602 35.010612487793 34.9844017028809 34.979118347168 34.9719314575195 34.9567680358887 34.9461555480957 34.9451484680176 34.9445953369141 34.9445953369141 34.9446105957031 34.9446334838867 34.9446640014648 34.9446983337402 34.944751739502 34.9448127746582 34.9450759887695 34.9454612731934 34.9469528198242 34.9525451660156 34.9725341796875 34.9918746948242 35.0100021362305 35.0386619567871 35.0787925720215 35.1370811462402 35.2071228027344 35.3121719360352 35.4297981262207 35.7089958190918
36.4576873779297 36.4584808349609 36.4598960876465 36.454029083252 36.4469718933105 36.4278221130371 36.4141845703125 36.4285774230957 36.4366798400879 36.4295959472656 36.3189506530762 36.0661201477051 35.8397521972656 35.6350288391113 35.4171867370605 35.1931304931641 35.0992698669434 35.0365142822266 34.9961433410645 34.9598045349121 34.9597854614258 34.9582824707031 34.9505653381348 34.9452018737793 34.9448051452637 34.9445953369141 34.9446105957031 34.9446296691895 34.944652557373 34.9446830749512 34.944709777832 34.9447174072266 34.9447174072266 34.9447593688965 34.9447937011719 34.9447784423828 34.9447898864746 34.9448928833008 34.9453506469727 34.9464645385742 34.9597206115723 34.986213684082 35.0116806030273 35.0364837646484 35.097770690918 35.1721611022949 35.3878402709961
36.2060089111328 36.1143226623535 35.9974212646484 35.9825859069824 35.975170135498 35.8860969543457 35.812385559082 35.8168029785156 35.7984580993652 35.7251396179199 35.6346893310547 35.5207138061523 35.4187622070312 35.3266487121582 35.2150917053223 35.0943298339844 35.039867401123 35.0012474060059 34.9770317077637 34.9552040100098 34.9537506103516 34.9518280029297 34.9479484558105 34.9451904296875 34.9448051452637 34.9446029663086 34.9446144104004 34.9446411132812 34.9446716308594 34.9447059631348 34.9447402954102 34.9447784423828 34.9448165893555 34.9448356628418 34.9448547363281 34.9448356628418 34.9448318481445 34.9448699951172 34.9450645446777 34.945556640625 34.9515037536621 34.9633941650391 34.9747772216797 34.98583984375 35.0250701904297 35.0744209289551 35.2182540893555
35.8991661071777 35.7482109069824 35.5556449890137 35.5353775024414 35.528133392334 35.3963928222656 35.285774230957 35.2826118469238 35.2467765808105 35.1320571899414 35.0653533935547 35.064567565918 35.0638999938965 35.0633277893066 35.0405197143555 35.0071792602539 34.9869079589844 34.9697647094727 34.9597969055176 34.9507789611816 34.9484176635742 34.9463806152344 34.9456977844238 34.945125579834 34.9447898864746 34.9446105957031 34.9446220397949 34.9446487426758 34.9446907043457 34.9447288513184 34.9447708129883 34.9448356628418 34.9449081420898 34.9449119567871 34.9449119567871 34.9448928833008 34.9448699951172 34.9448547363281 34.9448394775391 34.9448280334473 34.9448204040527 34.9448165893555 34.9447441101074 34.9446220397949 34.9637832641602 34.9898681640625 35.0676040649414
35.3504524230957 35.2858619689941 35.2046165466309 35.1944580078125 35.1897125244141 35.1347999572754 35.0888633728027 35.0885848999023 35.0745544433594 35.0273056030273 34.9999237060547 34.9998092651367 34.9989852905273 34.9975776672363 34.9866065979004 34.9710998535156 34.9622001647949 34.9548797607422 34.9508018493652 34.9471321105957 34.9461669921875 34.9453353881836 34.9450531005859 34.9448204040527 34.9446830749512 34.9446105957031 34.9446182250977 34.944652557373 34.9447021484375 34.9447555541992 34.9448089599609 34.944881439209 34.9449577331543 34.9449577331543 34.9449577331543 34.944938659668 34.9449195861816 34.944896697998 34.9448776245117 34.9448623657227 34.9448547363281 34.9448585510254 34.9448165893555 34.9447479248047 34.9525337219238 34.9631423950195 34.9999923706055
34.9697761535645 34.9652061462402 34.9610633850098 34.9584159851074 34.9559478759766 34.9541320800781 34.9528427124023 34.9542236328125 34.954963684082 34.954158782959 34.9537467956543 34.9538726806641 34.9529647827148 34.9512100219727 34.9487915039062 34.9460678100586 34.9451484680176 34.9446640014648 34.9446296691895 34.9446258544922 34.9446220397949 34.9446182250977 34.9446144104004 34.9446144104004 34.9446144104004 34.9446220397949 34.9446296691895 34.9446678161621 34.9447250366211 34.9447898864746 34.9448585510254 34.9449272155762 34.944995880127 34.9449996948242 34.9449996948242 34.9449806213379 34.9449615478516 34.9449348449707 34.9449119567871 34.9449005126953 34.944896697998 34.9449005126953 34.944881439209 34.9448432922363 34.9448280334473 34.9448204040527 34.9522819519043
34.9557266235352 34.9537048339844 34.9520072937012 34.9512176513672 34.9505271911621 34.950023651123 34.9496650695801 34.9500389099121 34.9502258300781 34.9499549865723 34.9495620727539 34.9490089416504 34.9481773376465 34.9471168518066 34.9461135864258 34.9451332092285 34.9448089599609 34.9446334838867 34.9446220397949 34.9446220397949 34.9446182250977 34.9446144104004 34.9446144104004 34.9446182250977 34.9446296691895 34.9446449279785 34.9446678161621 34.944709777832 34.9447631835938 34.9448432922363 34.9449348449707 34.9449806213379 34.9450187683105 34.9450225830078 34.9450225830078 34.9450073242188 34.9449882507324 34.9449615478516 34.9449424743652 34.944938659668 34.9449424743652 34.9449577331543 34.9449310302734 34.9448738098145 34.9448509216309 34.9448356628418 34.9480094909668
34.9471893310547 34.9467239379883 34.9464721679688 34.9467086791992 34.9469909667969 34.9471626281738 34.9472846984863 34.9471473693848 34.9470367431641 34.9470062255859 34.9466667175293 34.945915222168 34.9452972412109 34.9447898864746 34.9446258544922 34.9446258544922 34.9446296691895 34.9446334838867 34.9446334838867 34.9446296691895 34.9446220397949 34.9446182250977 34.9446258544922 34.9446334838867 34.9446487426758 34.9446716308594 34.9447021484375 34.9447479248047 34.9447975158691 34.9448852539062 34.9449882507324 34.9450225830078 34.9450454711914 34.9450492858887 34.9450492858887 34.9450340270996 34.9450149536133 34.9449920654297 34.9449768066406 34.9449806213379 34.9449920654297 34.9450187683105 34.9449920654297 34.9449348449707 34.9449119567871 34.9449005126953 34.9455032348633
34.9455909729004 34.9454383850098 34.9453659057617 34.9455833435059 34.9458236694336 34.9458694458008 34.9459075927734 34.9458770751953 34.9458084106445 34.9456367492676 34.9453926086426 34.9450492858887 34.9448204040527 34.9446830749512 34.9446449279785 34.944652557373 34.9446640014648 34.9446716308594 34.9446640014648 34.9446487426758 34.944637298584 34.9446296691895 34.9446411132812 34.944652557373 34.9446716308594 34.9446983337402 34.9447364807129 34.9447822570801 34.9448318481445 34.9449195861816 34.9450187683105 34.9450531005859 34.9450759887695 34.9450759887695 34.9450759887695 34.9450645446777 34.9450454711914 34.9450263977051 34.9450149536133 34.9450263977051 34.9450492858887 34.9450836181641 34.9450721740723 34.9450302124023 34.9450225830078 34.9450225830078 34.9452133178711
34.9448432922363 34.94482421875 34.9448204040527 34.9449691772461 34.9451293945312 34.9450950622559 34.9450645446777 34.9450721740723 34.9450263977051 34.9448509216309 34.9447250366211 34.9446640014648 34.944652557373 34.9446792602539 34.9447021484375 34.9447212219238 34.9447326660156 34.9447441101074 34.9447212219238 34.944694519043 34.9446754455566 34.9446563720703 34.9446640014648 34.9446754455566 34.9446983337402 34.9447288513184 34.944766998291 34.9448127746582 34.9448661804199 34.944953918457 34.9450531005859 34.9450874328613 34.9451103210449 34.9451103210449 34.9451103210449 34.9450950622559 34.9450798034668 34.9450645446777 34.9450569152832 34.9450759887695 34.9451065063477 34.9451484680176 34.9451599121094 34.9451484680176 34.9451599121094 34.9451751708984 34.9451789855957
34.9447364807129 34.9447135925293 34.944694519043 34.9447402954102 34.9447860717773 34.9447021484375 34.9446296691895 34.9446182250977 34.9445877075195 34.9445037841797 34.9445114135742 34.944637298584 34.9447174072266 34.9447555541992 34.9447898864746 34.9448165893555 34.9448280334473 34.9448356628418 34.9447975158691 34.9447593688965 34.9447250366211 34.944694519043 34.9446907043457 34.9446983337402 34.9447212219238 34.9447555541992 34.9447975158691 34.9448471069336 34.944896697998 34.9449882507324 34.9450950622559 34.9451293945312 34.9451522827148 34.9451484680176 34.9451446533203 34.9451332092285 34.9451179504395 34.9451065063477 34.9451026916504 34.945125579834 34.9451637268066 34.9452171325684 34.9452514648438 34.9452781677246 34.9453125 34.9453544616699 34.9453353881836
34.9446144104004 34.9445915222168 34.9445724487305 34.9445648193359 34.9445571899414 34.9444732666016 34.9444160461426 34.9445037841797 34.9445610046387 34.9445304870605 34.9446144104004 34.9448585510254 34.9449768066406 34.9449844360352 34.9449996948242 34.9450187683105 34.9450035095215 34.9449844360352 34.9449348449707 34.9448852539062 34.9448165893555 34.9447593688965 34.944751739502 34.944751739502 34.9447746276855 34.9448051452637 34.9448471069336 34.9448928833008 34.9449462890625 34.9450340270996 34.945140838623 34.9451789855957 34.9452018737793 34.9451942443848 34.9451904296875 34.9451789855957 34.9451713562012 34.9451637268066 34.9451637268066 34.945182800293 34.9452171325684 34.9452743530273 34.9453239440918 34.945369720459 34.9454154968262 34.9454574584961 34.9454345703125
34.9444885253906 34.9444694519043 34.9444465637207 34.9444122314453 34.9443778991699 34.9443168640137 34.9443016052246 34.9445419311523 34.944709777832 34.9447135925293 34.9448547363281 34.9451866149902 34.9453163146973 34.9452781677246 34.9452667236328 34.9452629089355 34.9452171325684 34.9451560974121 34.9450988769531 34.9450378417969 34.9449272155762 34.9448356628418 34.9448204040527 34.9448165893555 34.9448356628418 34.9448661804199 34.9449043273926 34.9449501037598 34.9449996948242 34.9450874328613 34.9451866149902 34.9452285766602 34.945255279541 34.9452476501465 34.945240020752 34.9452323913574 34.9452285766602 34.9452247619629 34.9452247619629 34.945240020752 34.9452705383301 34.9453277587891 34.945384979248 34.945442199707 34.9454879760742 34.9455299377441 34.9455108642578
34.9443702697754 34.9443435668945 34.9443130493164 34.944263458252 34.9442138671875 34.9441566467285 34.9442253112793 34.9449157714844 34.9454078674316 34.9454116821289 34.9454803466797 34.9456253051758 34.9456520080566 34.9455757141113 34.9455299377441 34.945499420166 34.945426940918 34.9453468322754 34.9452705383301 34.9451942443848 34.9451103210449 34.9450378417969 34.9450149536133 34.9450035095215 34.9450149536133 34.9450340270996 34.9450645446777 34.9450988769531 34.945140838623 34.945198059082 34.9452667236328 34.9453086853027 34.9453392028809 34.9453468322754 34.9453544616699 34.9453582763672 34.9453582763672 34.9453544616699 34.9453506469727 34.9453506469727 34.945369720459 34.9454040527344 34.9454460144043 34.9454917907715 34.9455261230469 34.945556640625 34.9455413818359
34.9442520141602 34.9442176818848 34.9441757202148 34.9441146850586 34.9440498352051 34.9439964294434 34.9441528320312 34.9453620910645 34.946216583252 34.9462203979492 34.9461822509766 34.9460945129395 34.945987701416 34.945873260498 34.9457931518555 34.9457321166992 34.9456405639648 34.9455413818359 34.9454460144043 34.9453544616699 34.9453086853027 34.9452667236328 34.9452323913574 34.9452133178711 34.9452133178711 34.9452247619629 34.9452438354492 34.9452667236328 34.9452972412109 34.9453239440918 34.9453544616699 34.9453926086426 34.9454307556152 34.9454574584961 34.9454879760742 34.9454956054688 34.9455032348633 34.9454956054688 34.9454879760742 34.9454765319824 34.9454727172852 34.945484161377 34.9455070495605 34.9455375671387 34.945556640625 34.9455718994141 34.9455604553223
34.9444999694824 34.9445343017578 34.9445114135742 34.9444999694824 34.9445152282715 34.9452095031738 34.9459342956543 34.9468040466309 34.9473762512207 34.9472312927246 34.9469833374023 34.9465942382812 34.9463386535645 34.9461936950684 34.9460945129395 34.9460144042969 34.945915222168 34.9458084106445 34.9457054138184 34.9456062316895 34.9455413818359 34.9454765319824 34.9454383850098 34.9454078674316 34.9453964233398 34.9453926086426 34.9454002380371 34.9454193115234 34.9454498291016 34.9454727172852 34.945499420166 34.9455261230469 34.9455528259277 34.9455795288086 34.9456062316895 34.9456100463867 34.945613861084 34.9456024169922 34.9455871582031 34.9455718994141 34.9455604553223 34.945556640625 34.9455604553223 34.9455680847168 34.9455757141113 34.9455833435059 34.9455718994141
34.9448585510254 34.9449653625488 34.9449691772461 34.9450149536133 34.9451141357422 34.9464912414551 34.9477272033691 34.9482154846191 34.9484825134277 34.9482002258301 34.9477615356445 34.9471054077148 34.946704864502 34.9465217590332 34.9463958740234 34.9463005065918 34.9461936950684 34.9460830688477 34.9459762573242 34.9458694458008 34.9457778930664 34.9456939697266 34.9456443786621 34.9456062316895 34.9455833435059 34.9455680847168 34.9455604553223 34.9455757141113 34.9455986022949 34.9456214904785 34.9456443786621 34.9456596374512 34.9456748962402 34.9456977844238 34.9457206726074 34.9457168579102 34.9457130432129 34.9456977844238 34.9456787109375 34.9456596374512 34.9456405639648 34.9456253051758 34.9456100463867 34.9455986022949 34.9455947875977 34.9455909729004 34.9455833435059
34.9462242126465 34.9463844299316 34.9464912414551 34.946647644043 34.9468421936035 34.947868347168 34.9487495422363 34.948860168457 34.9488677978516 34.9486122131348 34.9482307434082 34.947681427002 34.9472427368164 34.9468955993652 34.9467086791992 34.9465980529785 34.9464836120605 34.9463729858398 34.9462661743164 34.9461631774902 34.9460639953613 34.945972442627 34.9459114074707 34.9458618164062 34.9458351135254 34.9458084106445 34.9457817077637 34.9457664489746 34.9457588195801 34.9457588195801 34.9457588195801 34.9457626342773 34.9457702636719 34.9457778930664 34.9457855224609 34.9457778930664 34.9457588195801 34.9457244873047 34.9456939697266 34.945671081543 34.9456520080566 34.9456329345703 34.9456176757812 34.9456024169922 34.9455947875977 34.9455871582031 34.9455833435059
34.947452545166 34.9476547241211 34.9478530883789 34.9480857849121 34.9483375549316 34.9490242004395 34.9495697021484 34.949405670166 34.9492225646973 34.9489936828613 34.9486770629883 34.9482383728027 34.9477996826172 34.9473609924316 34.947135925293 34.9470138549805 34.9469032287598 34.9467964172363 34.946704864502 34.9466171264648 34.9465141296387 34.946418762207 34.9463424682617 34.9462738037109 34.946231842041 34.9461784362793 34.946117401123 34.9460601806641 34.9460067749023 34.945972442627 34.9459457397461 34.9459342956543 34.9459266662598 34.9459114074707 34.9458923339844 34.9458465576172 34.9457931518555 34.9457359313965 34.9456939697266 34.945671081543 34.9456520080566 34.9456329345703 34.9456176757812 34.9456024169922 34.9455909729004 34.9455833435059 34.9455795288086
34.9481544494629 34.9483757019043 34.9486465454102 34.9488220214844 34.9490013122559 34.9493675231934 34.9496574401855 34.949577331543 34.9494667053223 34.949291229248 34.949047088623 34.9487190246582 34.9484252929688 34.9481658935547 34.9479904174805 34.9478569030762 34.9477806091309 34.9477233886719 34.947681427002 34.947639465332 34.947566986084 34.9474830627441 34.9473686218262 34.9472579956055 34.9471626281738 34.9470367431641 34.9468841552734 34.9467239379883 34.9465599060059 34.946460723877 34.9463882446289 34.946346282959 34.9463081359863 34.9462280273438 34.9461364746094 34.9459495544434 34.9457855224609 34.9457092285156 34.9456558227539 34.9456443786621 34.9456329345703 34.9456214904785 34.9456062316895 34.9455909729004 34.9455795288086 34.9455718994141 34.9455680847168
