Ecospace-environmental-drivers/Outputs/ASCII-for-ecospace/MOM6-ISIMIP3a/so-bot/1988-11_so-bot_MOM6-ISIMIP3a.asc
NCOLS 131 
NROWS 53 
XLLCORNER -98 
YLLCORNER 23.9265270233154 
CELLSIZE 0.133587792515755 
NODATA_value -9999 
[rows 21 to 41 of 53, columns 0 to 46 of 131]
-9999 -9999 -9999 -9999 -9999 -9999 35.6552658081055 35.646858215332 35.6227722167969 35.5813140869141 35.5088882446289 35.391544342041 35.3865814208984 35.3717956542969 35.3834342956543 35.4255561828613 35.4758644104004 35.5317840576172 35.6264953613281 35.7361869812012 35.8068504333496 35.8706245422363 35.9377326965332 35.9953994750977 35.9737548828125 35.9513397216797 35.9264183044434 35.9139709472656 35.9232864379883 35.9288635253906 35.9305877685547 35.9281730651855 35.9232292175293 35.9407844543457 35.9658432006836 35.976921081543 35.9860687255859 35.9956092834473 36.0047912597656 36.0116920471191 36.0211029052734 36.0374946594238 36.1009635925293 36.237190246582 36.3098487854004 36.3241653442383 36.3306617736816
-9999 -9999 -9999 -9999 -9999 -9999 35.6570892333984 35.6552658081055 35.6384506225586 35.6160583496094 35.5813140869141 35.5538101196289 35.5483474731445 35.5865058898926 35.6384887695312 35.706428527832 35.7815055847168 35.8614883422852 35.9379425048828 36.0130386352539 36.0677185058594 36.1188011169434 36.2084846496582 36.288272857666 36.2785606384277 36.2676582336426 36.2529067993164 36.2472038269043 36.2572898864746 36.2633743286133 36.2653427124023 36.2644119262695 36.26171875 36.2682189941406 36.2777862548828 36.3200492858887 36.3665199279785 36.369815826416 36.3730506896973 36.3759269714355 36.3799858093262 36.3873252868652 36.4188613891602 36.4877967834473 36.5218048095703 36.523754119873 36.5226287841797
-9999 -9999 -9999 -9999 35.6202964782715 35.648250579834 35.6579093933105 35.6580963134766 35.6552658081055 35.6216354370117 35.6060256958008 35.6594200134277 35.7259979248047 35.818675994873 35.9105262756348 36.0014266967773 36.0965614318848 36.1946029663086 36.248607635498 36.2856025695801 36.3239898681641 36.362621307373 36.4628410339355 36.5537796020508 36.55615234375 36.5571403503418 36.5536460876465 36.5571022033691 36.5726890563965 36.5839576721191 36.5907859802246 36.5933494567871 36.5933113098145 36.5883445739746 36.5817337036133 36.6541290283203 36.73681640625 36.7329635620117 36.7289886474609 36.7242698669434 36.7190551757812 36.7124710083008 36.7070274353027 36.7033538818359 36.6958503723145 36.6848373413086 36.6752128601074
-9999 -9999 -9999 -9999 35.5549011230469 35.6201286315918 35.6385917663574 35.6579093933105 35.6611099243164 35.7018661499023 35.7552795410156 35.8571548461914 35.9784851074219 36.138298034668 36.2719421386719 36.3753852844238 36.4461708068848 36.4945259094238 36.5193519592285 36.5350914001465 36.5609817504883 36.5886650085449 36.5139045715332 36.445499420166 36.4487724304199 36.4517097473145 36.4535636901855 36.4835205078125 36.5625190734863 36.6254577636719 36.6718673706055 36.686824798584 36.6826210021973 36.6762504577637 36.6691551208496 36.7034378051758 36.7429008483887 36.7080001831055 36.6659736633301 36.5785675048828 36.483570098877 36.3674468994141 36.296745300293 36.2962379455566 36.2949333190918 36.2929000854492 36.2910919189453
-9999 -9999 -9999 -9999 -9999 35.5549011230469 35.6291046142578 35.6192741394043 35.6907119750977 35.8052635192871 35.9265022277832 36.0733337402344 36.237174987793 36.4346580505371 36.5798683166504 36.6647682189941 36.6716156005859 36.6248626708984 36.5957260131836 36.5733985900879 36.5831031799316 36.5984649658203 36.4029273986816 36.2245674133301 36.2278747558594 36.2316741943359 36.2370719909668 36.2831916809082 36.4003677368164 36.4950485229492 36.5665817260742 36.5919303894043 36.5891418457031 36.5830192565918 36.5757827758789 36.5785293579102 36.5822219848633 36.5258522033691 36.4579887390137 36.3169555664062 36.1640892028809 35.9782867431641 35.8662147521973 35.8680877685547 35.8713836669922 35.8759880065918 35.8796272277832
-9999 -9999 -9999 -9999 -9999 35.5646781921387 35.5549011230469 35.6843414306641 35.8244857788086 36.0102424621582 36.1940460205078 36.3703804016113 36.5230751037598 36.6289978027344 36.653263092041 36.583309173584 36.3526496887207 36.0116271972656 35.8198547363281 35.6857147216797 35.6630821228027 35.6601257324219 35.5814590454102 35.5096893310547 35.5092239379883 35.5091133117676 35.5101661682129 35.5271186828613 35.5718193054199 35.6108741760254 35.644115447998 35.6710662841797 35.6941871643066 35.695556640625 35.6896743774414 35.6897201538086 35.6903228759766 35.654468536377 35.6143531799316 35.5471076965332 35.4763069152832 35.3955955505371 35.3469047546387 35.3477058410645 35.3486022949219 35.3495864868164 35.3482627868652
-9999 -9999 35.5990600585938 35.5920181274414 35.5809440612793 35.5744667053223 35.5646667480469 35.7537307739258 35.9559516906738 36.1897125244141 36.4122428894043 36.5917854309082 36.7231178283691 36.7590522766113 36.6549835205078 36.3893737792969 35.9965553283691 35.5163803100586 35.2491073608398 35.0640487670898 35.0241661071777 35.0099029541016 35.0108413696289 35.0117378234863 35.0094909667969 35.0071716308594 35.0046081542969 35.0016555786133 34.9980201721191 34.9998893737793 35.0074310302734 35.0319709777832 35.0668640136719 35.0722045898438 35.0676918029785 35.0654602050781 35.063419342041 35.0438346862793 35.024974822998 35.0107421875 34.9981842041016 34.9902801513672 34.9851379394531 34.9842720031738 34.9832153320312 34.9819946289062 34.9780426025391
-9999.000000000000000 -9999 -9999 -9999 35.6206398010254 35.5874214172363 35.5933876037598 35.8325538635254 36.0823974609375 36.313533782959 36.5227661132812 36.6481666564941 36.7358360290527 36.7488479614258 36.5003318786621 35.9500465393066 35.5594635009766 35.2785606384277 35.1259078979492 35.0227851867676 34.9985809326172 34.9883041381836 34.9875411987305 34.9870834350586 34.9874153137207 34.9865875244141 34.9820022583008 34.9793395996094 34.9800338745117 34.9849739074707 34.9942893981934 35.0076484680176 35.0234756469727 35.0251007080078 35.0219917297363 35.0184059143066 35.0146903991699 35.0021095275879 34.9903450012207 34.9837951660156 34.9775123596191 34.9719772338867 34.967113494873 34.9632759094238 34.9612579345703 34.9609069824219 34.9594078063965
-9999 -9999 -9999 -9999 35.680778503418 35.7000312805176 35.6671180725098 35.9192848205566 36.1830139160156 36.4063949584961 36.6021881103516 36.6924057006836 36.7229690551758 36.6355018615723 36.2794036865234 35.6133422851562 35.2584228515625 35.1171760559082 35.0428924560547 34.9944648742676 34.9792671203613 34.9699325561523 34.9684982299805 34.9675445556641 34.9691734313965 34.9694862365723 34.9655418395996 34.9640312194824 34.9667739868164 34.9724998474121 34.9812965393066 34.9869194030762 34.9906044006348 34.9898376464844 34.9875869750977 34.9839286804199 34.980052947998 34.9728889465332 34.9663772583008 34.964038848877 34.9614219665527 34.9580192565918 34.9542961120605 34.9500694274902 34.9480972290039 34.9481925964355 34.9480667114258
-9999 -9999 -9999 -9999 35.7274551391602 35.7548828125 35.788745880127 36.0159645080566 36.2511367797852 36.4603080749512 36.6424865722656 36.7213668823242 36.6779136657715 36.3923950195312 35.9751014709473 35.4057540893555 35.1285400390625 35.0519485473633 35.0104217529297 34.9824295043945 34.9678421020508 34.9556198120117 34.9548034667969 34.9544372558594 34.9557571411133 34.9567756652832 34.9568138122559 34.9575347900391 34.9594535827637 34.9630889892578 34.9684944152832 34.970703125 34.9709663391113 34.9694709777832 34.9673919677734 34.9652709960938 34.963134765625 34.9593963623047 34.9558258056641 34.9533386230469 34.9510917663574 34.9495239257812 34.9480323791504 34.9466590881348 34.9460029602051 34.9460105895996 34.9459075927734
-9999 -9999 -9999 -9999 35.7548828125 35.7958755493164 35.8439979553223 36.0522308349609 36.2690544128418 36.4580993652344 36.6264381408691 36.7155265808105 36.6881332397461 36.4302597045898 35.9966011047363 35.3601264953613 35.0680274963379 35.0124320983887 34.9851608276367 34.968822479248 34.9580688476562 34.9483032226562 34.9479713439941 34.9480056762695 34.9494171142578 34.9508743286133 34.9524841308594 34.9538345336914 34.9547348022461 34.9563026428223 34.9585571289062 34.9589042663574 34.9580917358398 34.9567451477051 34.9552230834961 34.9539756774902 34.9527587890625 34.9511032104492 34.9494285583496 34.9476470947266 34.9461822509766 34.9455833435059 34.945182800293 34.9450798034668 34.9450225830078 34.9450035095215 34.9449157714844
-9999 -9999 -9999 -9999 35.7982521057129 35.8439979553223 36.0378799438477 36.0431900024414 36.2493171691895 36.4138031005859 36.5681304931641 36.6835861206055 36.7398147583008 36.6788520812988 36.2624626159668 35.4359703063965 35.0595436096191 34.9921951293945 34.9653053283691 34.9540328979492 34.949535369873 34.946231842041 34.9462814331055 34.9465866088867 34.9483833312988 34.950080871582 34.9514541625977 34.9522323608398 34.9519653320312 34.9514808654785 34.9507713317871 34.9504203796387 34.9502906799316 34.9497528076172 34.9490814208984 34.9481964111328 34.9472885131836 34.946704864502 34.9461479187012 34.9457206726074 34.9453353881836 34.9450645446777 34.944896697998 34.944881439209 34.9448738098145 34.9448738098145 34.9448013305664
-9999 -9999 -9999 -9999 35.8439979553223 36.0624046325684 36.1518745422363 36.2121086120605 36.2277336120605 36.3923454284668 36.5472679138184 36.6651229858398 36.747241973877 36.758659362793 36.3460464477539 35.4441719055176 35.0425453186035 34.9844627380371 34.9604568481445 34.9496040344238 34.946849822998 34.9455261230469 34.9455451965332 34.9457130432129 34.9468688964844 34.9479484558105 34.9487762451172 34.9491806030273 34.9488487243652 34.9481773376465 34.9471588134766 34.9468154907227 34.9468879699707 34.9466781616211 34.9463806152344 34.9458808898926 34.9453544616699 34.9451751708984 34.9450149536133 34.9449844360352 34.9449272155762 34.9448051452637 34.9447326660156 34.9447441101074 34.9447441101074 34.9447364807129 34.9446792602539
-9999 -9999 -9999 -9999 -9999 36.200138092041 36.2158622741699 36.2003211975098 36.2053604125977 36.380672454834 36.5424537658691 36.6524353027344 36.735710144043 36.7661285400391 36.3515090942383 35.4233818054199 35.0219039916992 34.9820938110352 34.9620399475098 34.9496116638184 34.9466743469238 34.9454116821289 34.9452209472656 34.9450759887695 34.9451522827148 34.9452438354492 34.9453926086426 34.9455108642578 34.9455795288086 34.9455223083496 34.9453353881836 34.9453048706055 34.9453659057617 34.9452857971191 34.9451599121094 34.9450492858887 34.9449424743652 34.9448738098145 34.9448089599609 34.9447593688965 34.9447059631348 34.944652557373 34.9446220397949 34.9446296691895 34.9446182250977 34.9445991516113 34.9445571899414
-9999 -9999 -9999 -9999 -9999 36.2457466125488 36.2326774597168 36.2351608276367 36.2448577880859 36.4045028686523 36.5524215698242 36.6554756164551 36.735050201416 36.7681541442871 36.3526992797852 35.419677734375 35.0180969238281 34.9814872741699 34.9628448486328 34.9511375427246 34.9475631713867 34.945426940918 34.9451065063477 34.9448471069336 34.9447364807129 34.9446754455566 34.9447784423828 34.9448509216309 34.9448738098145 34.9448738098145 34.9448471069336 34.9448738098145 34.9449348449707 34.9449043273926 34.9448432922363 34.9448127746582 34.9447822570801 34.9447708129883 34.944751739502 34.9446792602539 34.9446144104004 34.944580078125 34.9445571899414 34.9445533752441 34.9445381164551 34.9445152282715 34.9444808959961
-9999 -9999 -9999 -9999 -9999 36.2968673706055 36.2886924743652 36.2625541687012 36.2971572875977 36.435676574707 36.5654525756836 36.6617698669434 36.7366371154785 36.7690544128418 36.3530082702637 35.419506072998 35.0177803039551 34.9812469482422 34.9634895324707 34.9529800415039 34.9486770629883 34.9454689025879 34.9450378417969 34.9446983337402 34.9445877075195 34.9445495605469 34.9447364807129 34.9448127746582 34.944694519043 34.9446334838867 34.9446334838867 34.9446678161621 34.9447288513184 34.9447326660156 34.9447174072266 34.9446983337402 34.9446754455566 34.944709777832 34.9447250366211 34.9446296691895 34.9445533752441 34.944522857666 34.9444999694824 34.9444885253906 34.944465637207 34.9444389343262 34.9444122314453
-9999 -9999 -9999 -9999 -9999 -9999 36.3692283630371 36.3683624267578 36.378116607666 36.4909553527832 36.5965995788574 36.6747283935547 36.737434387207 36.7696266174316 36.359992980957 35.440559387207 35.038501739502 34.9917526245117 34.9693450927734 34.9563407897949 34.9501304626465 34.9451179504395 34.9447822570801 34.9445877075195 34.9446907043457 34.9449195861816 34.9455528259277 34.9459266662598 34.9458465576172 34.94580078125 34.9457855224609 34.9457855224609 34.9457969665527 34.9457626342773 34.9457092285156 34.9456443786621 34.9455718994141 34.9452819824219 34.9449920654297 34.9447326660156 34.9445343017578 34.944507598877 34.9444847106934 34.944465637207 34.9444427490234 34.9444122314453 34.9445190429688
-9999 -9999 -9999 -9999 -9999 -9999 36.4508590698242 36.4767723083496 36.458381652832 36.546142578125 36.6281089782715 36.6878814697266 36.7381820678711 36.7697334289551 36.3661651611328 35.4605369567871 35.0583076477051 35.001781463623 34.9749183654785 34.9595108032227 34.9514923095703 34.9447784423828 34.9445571899414 34.944522857666 34.944881439209 34.9453964233398 34.9464073181152 34.9470405578613 34.9470100402832 34.9469833374023 34.9469528198242 34.9469261169434 34.9468994140625 34.9468307495117 34.9467430114746 34.9466323852539 34.9465141296387 34.9459228515625 34.9453582763672 34.9449424743652 34.9446334838867 34.9446067810059 34.9445838928223 34.9445648193359 34.9445419311523 34.9445152282715 34.9447441101074
-9999 -9999 -9999 -9999 -9999 -9999 36.5225791931152 36.5074462890625 36.5175132751465 36.5888671875 36.6547927856445 36.6999359130859 36.7387504577637 36.7650527954102 36.360523223877 35.4588813781738 35.0582237243652 35.0016136169434 34.974967956543 34.959888458252 34.9516830444336 34.9446868896484 34.9447021484375 34.944953918457 34.945915222168 34.9467697143555 34.9472770690918 34.9476127624512 34.9476470947266 34.9476585388184 34.9476432800293 34.947696685791 34.9477958679199 34.9477691650391 34.9477005004883 34.9475898742676 34.9474716186523 34.9470176696777 34.9465789794922 34.9462471008301 34.9459953308105 34.9459533691406 34.9459266662598 34.9459190368652 34.9459266662598 34.9459533691406 34.9461364746094
-9999 -9999 -9999 -9999 -9999 36.6005859375 36.5732574462891 36.5835189819336 36.5714149475098 36.6280555725098 36.6801910400391 36.7150726318359 36.7324714660645 36.7152900695801 36.303165435791 35.4353408813477 35.0505561828613 34.9974975585938 34.9726219177246 34.958625793457 34.9510726928711 34.9446563720703 34.9450759887695 34.9457206726074 34.9469985961914 34.9480056762695 34.9481239318848 34.9482307434082 34.9483222961426 34.948371887207 34.9483757019043 34.9484825134277 34.9486541748047 34.9486541748047 34.9486045837402 34.9485015869141 34.9483909606934 34.9480628967285 34.9477462768555 34.9474945068359 34.9472961425781 34.9472389221191 34.9471969604492 34.9471778869629 34.9471893310547 34.9472236633301 34.9473495483398
-9999 -9999 -9999 -9999 36.6401901245117 36.6165924072266 36.6005859375 36.6014862060547 36.6061401367188 36.6542816162109 36.7008666992188 36.7415161132812 36.7010879516602 36.5002174377441 36.0561790466309 35.3315505981445 35.0150756835938 34.9789009094238 34.9614906311035 34.9513244628906 34.9475250244141 34.9448471069336 34.9463005065918 34.9477348327637 34.9482879638672 34.9487419128418 34.9488868713379 34.9490203857422 34.9491348266602 34.9492149353027 34.9492645263672 34.9493217468262 34.9493865966797 34.9493637084961 34.9493141174316 34.9492416381836 34.949161529541 34.9489364624023 34.9487113952637 34.9485282897949 34.948371887207 34.9482803344727 34.9481887817383 34.9480895996094 34.9479904174805 34.9478912353516 34.947925567627
