Ecospace-environmental-drivers/Outputs/ASCII-for-ecospace/MOM6-ISIMIP3a/so-bot/1989-07_so-bot_MOM6-ISIMIP3a.asc
NCOLS 131 
NROWS 53 
XLLCORNER -98 
YLLCORNER 23.9265270233154 
CELLSIZE 0.133587792515755 
NODATA_value -9999 
[rows 21 to 41 of 53, columns 0 to 46 of 131]
-9999 -9999 -9999 -9999 -9999 -9999 35.2953681945801 35.2661437988281 35.1949081420898 35.0717544555664 34.9506759643555 34.6484756469727 34.6608581542969 34.6977462768555 34.8799095153809 35.2296905517578 35.5731773376465 35.9123382568359 36.0254821777344 36.0513572692871 36.0633926391602 36.0729904174805 36.2332038879395 36.375560760498 36.3416442871094 36.3120918273926 36.2966842651367 36.287899017334 36.2906646728516 36.304759979248 36.3305206298828 36.3572578430176 36.384593963623 36.4096870422363 36.4340324401855 36.4495391845703 36.4637489318848 36.4671859741211 36.4695930480957 36.4654312133789 36.4612998962402 36.4572448730469 36.4591636657715 36.4703140258789 36.4783172607422 36.4834327697754 36.4993133544922
-9999 -9999 -9999 -9999 -9999 -9999 35.3016128540039 35.2953681945801 35.2369232177734 35.1755828857422 35.0717544555664 35.1318016052246 35.236988067627 35.4314956665039 35.6250267028809 35.8174324035645 36.0342330932617 36.2677879333496 36.3453979492188 36.3627967834473 36.3658866882324 36.3664512634277 36.458179473877 36.5394592285156 36.517032623291 36.4967079162598 36.4832038879395 36.472728729248 36.4675331115723 36.4673233032227 36.4722442626953 36.4803504943848 36.4904022216797 36.5027275085449 36.515811920166 36.5338973999023 36.552604675293 36.5621681213379 36.570743560791 36.5730400085449 36.5745468139648 36.573860168457 36.5754013061523 36.5803833007812 36.5839347839355 36.5861701965332 36.5957069396973
-9999 -9999 -9999 -9999 35.3633499145508 35.3298377990723 35.3045539855957 35.3049163818359 35.2953681945801 35.1784744262695 35.1567268371582 35.4991683959961 35.8390846252441 36.1740226745605 36.3632621765137 36.384391784668 36.4668960571289 36.5915451049805 36.6323165893555 36.6407051086426 36.6468620300293 36.6526260375977 36.6611747741699 36.6679077148438 36.6589889526367 36.6500549316406 36.6410636901855 36.6331825256348 36.6272354125977 36.6204795837402 36.6128921508789 36.6054458618164 36.5980796813965 36.5968170166016 36.597583770752 36.6169281005859 36.6387786865234 36.6524925231934 36.6648750305176 36.6687622070312 36.6706352233887 36.666919708252 36.6642417907715 36.6631736755371 36.6631851196289 36.6641845703125 36.6686897277832
-9999 -9999 -9999 -9999 35.435863494873 35.3831481933594 35.3551216125488 35.3045539855957 35.314826965332 35.4455680847168 35.61474609375 35.9310607910156 36.2148284912109 36.4342041015625 36.5610885620117 36.5812530517578 36.6235733032227 36.6811027526855 36.7004013061523 36.7049293518066 36.7073440551758 36.7093811035156 36.5954208374023 36.4917182922363 36.4946556091309 36.4964714050293 36.4946556091309 36.526252746582 36.6161651611328 36.6691398620605 36.6841011047363 36.6875877380371 36.6840858459473 36.684253692627 36.6856460571289 36.6951942443848 36.7057266235352 36.696849822998 36.6790084838867 36.6040954589844 36.5176048278809 36.3988952636719 36.328426361084 36.3325157165527 36.3372077941895 36.3424530029297 36.3512763977051
-9999 -9999 -9999 -9999 -9999 35.435863494873 35.4370613098145 35.405689239502 35.4027328491211 35.7375640869141 36.058650970459 36.3271369934082 36.5435256958008 36.6568336486816 36.7174911499023 36.7173957824707 36.6851119995117 36.6307220458984 36.6043090820312 36.5886993408203 36.584587097168 36.5825080871582 36.3898506164551 36.2153472900391 36.2269248962402 36.236499786377 36.2395896911621 36.2965087890625 36.4473571777344 36.5393180847168 36.5706825256348 36.5841827392578 36.5868034362793 36.5888290405273 36.5906639099121 36.5920524597168 36.5931854248047 36.5666618347168 36.5265960693359 36.400276184082 36.2564582824707 36.0639266967773 35.9499816894531 35.9574813842773 35.9650497436523 35.9726753234863 35.9831809997559
-9999 -9999 -9999 -9999 -9999 35.5050735473633 35.435863494873 35.6021385192871 35.7907600402832 36.1387672424316 36.4406814575195 36.5661735534668 36.665943145752 36.7148208618164 36.6922721862793 36.5873069763184 36.3295021057129 35.9667358398438 35.7883682250977 35.6812057495117 35.6583938598633 35.650463104248 35.571216583252 35.4997253417969 35.5058326721191 35.5100440979004 35.508113861084 35.5282554626465 35.5869178771973 35.6269264221191 35.6477394104004 35.6672058105469 35.6858520507812 35.6916084289551 35.6930618286133 35.6934967041016 35.6936302185059 35.6711692810059 35.6439361572266 35.5863189697266 35.5212440490723 35.435417175293 35.384593963623 35.3878593444824 35.3903846740723 35.3922348022461 35.3928642272949
-9999 -9999 35.6544227600098 35.6374130249023 35.6202163696289 35.5743675231934 35.5049934387207 35.8131637573242 36.140079498291 36.4537620544434 36.7076263427734 36.7325248718262 36.7497329711914 36.7517204284668 36.6267890930176 36.3554153442383 35.9474678039551 35.4457244873047 35.1980438232422 35.048469543457 35.0165977478027 35.0054969787598 35.0037460327148 35.0025978088379 35.0047416687012 35.0052146911621 35.0002517700195 34.9958953857422 34.9925918579102 34.9974555969238 35.0107192993164 35.0312881469727 35.0563011169434 35.0630722045898 35.0637626647949 35.0632247924805 35.0623893737793 35.0445137023926 35.0277519226074 35.0181083679199 35.0081977844238 34.9975395202637 34.9907455444336 34.989933013916 34.9885635375977 34.9866905212402 34.9814987182617
-9999.000000000000000 -9999 -9999 -9999 35.717658996582 35.6660690307617 35.7083320617676 36.0559883117676 36.4049453735352 36.5806617736816 36.7234649658203 36.740291595459 36.7492408752441 36.742603302002 36.4734573364258 35.9014091491699 35.5077743530273 35.2366638183594 35.0999794006348 35.0152053833008 34.9953193664551 34.9868850708008 34.9842681884766 34.9822006225586 34.9836692810059 34.9839286804199 34.9802856445312 34.978214263916 34.978889465332 34.9852828979492 34.9975509643555 35.0085983276367 35.0189018249512 35.0207786560059 35.0198516845703 35.0182991027832 35.0165863037109 35.0044288635254 34.9929809570312 34.9860877990723 34.9798812866211 34.9755821228027 34.9711837768555 34.9666175842285 34.9638595581055 34.9627532958984 34.9605827331543
-9999 -9999 -9999 -9999 35.8478088378906 35.9125366210938 35.8811645507812 36.2258415222168 36.5687599182129 36.6589508056641 36.732967376709 36.7450675964355 36.7198829650879 36.6209297180176 36.2498512268066 35.5647888183594 35.2151947021484 35.0959815979004 35.0329933166504 34.9917144775391 34.978385925293 34.9699897766113 34.9674797058105 34.9654693603516 34.9665565490723 34.9669876098633 34.9652938842773 34.9651756286621 34.9678153991699 34.9740600585938 34.984016418457 34.9886283874512 34.9899864196777 34.9887504577637 34.9866485595703 34.9847297668457 34.9827995300293 34.9755859375 34.9687156677246 34.9640197753906 34.9603118896484 34.959358215332 34.9567680358887 34.9516563415527 34.9489402770996 34.9484252929688 34.9480247497559
-9999 -9999 -9999 -9999 35.9386787414551 35.9648208618164 35.9971008300781 36.3038940429688 36.6054420471191 36.6760902404785 36.7345008850098 36.7460823059082 36.6542129516602 36.3576469421387 35.9378433227539 35.375846862793 35.1076927185059 35.0413284301758 35.0051040649414 34.9805145263672 34.966911315918 34.9552459716797 34.9540748596191 34.9533538818359 34.9544334411621 34.955509185791 34.9565582275391 34.9579772949219 34.9600448608398 34.964038848877 34.9700202941895 34.9720764160156 34.971752166748 34.9696311950684 34.9669151306152 34.9654426574707 34.9641265869141 34.9608955383301 34.9576683044434 34.954475402832 34.9517517089844 34.9503402709961 34.9488410949707 34.9472007751465 34.9463424682617 34.9461975097656 34.945987701416
-9999 -9999 -9999 -9999 35.9648208618164 36.0038948059082 36.0497665405273 36.3218765258789 36.591136932373 36.6590614318848 36.7173881530762 36.7389831542969 36.6632080078125 36.3947715759277 35.9614105224609 35.3377418518066 35.0548934936523 35.0060958862305 34.9820709228516 34.9676094055176 34.9574165344238 34.9479789733887 34.9475784301758 34.9475135803223 34.9485931396484 34.9499015808105 34.9519462585449 34.9537162780762 34.9550094604492 34.9568328857422 34.9591979980469 34.9596366882324 34.9589080810547 34.9570999145508 34.9549331665039 34.9538726806641 34.9529647827148 34.9518241882324 34.9505920410156 34.9488143920898 34.9471893310547 34.9459991455078 34.9452362060547 34.9451332092285 34.9450988769531 34.9451217651367 34.9450225830078
-9999 -9999 -9999 -9999 36.006160736084 36.0497665405273 36.2882690429688 36.2948036193848 36.5385894775391 36.6164093017578 36.6862945556641 36.7257957458496 36.7282028198242 36.6572113037109 36.2366561889648 35.4127655029297 35.0431251525879 34.9854316711426 34.9626808166504 34.9534225463867 34.949405670166 34.9463157653809 34.9462623596191 34.9463882446289 34.9474639892578 34.9486923217773 34.9504203796387 34.9516563415527 34.9520301818848 34.9517364501953 34.9507598876953 34.9502830505371 34.9501075744629 34.9495048522949 34.9487609863281 34.9480934143066 34.9474411010742 34.9469680786133 34.9465026855469 34.9460639953613 34.9456214904785 34.9451637268066 34.9448776245117 34.9448585510254 34.9448699951172 34.9449157714844 34.9448623657227
-9999 -9999 -9999 -9999 36.0497665405273 36.3088340759277 36.4164924621582 36.4866218566895 36.4985198974609 36.5959434509277 36.6815795898438 36.722095489502 36.7475662231445 36.7432708740234 36.323657989502 35.4248275756836 35.0292282104492 34.9792137145996 34.9583969116211 34.9488487243652 34.9465827941895 34.9455986022949 34.9455718994141 34.9456367492676 34.9462585449219 34.9469795227051 34.9480209350586 34.9487228393555 34.9488296508789 34.9482765197754 34.9470443725586 34.9465713500977 34.9465637207031 34.9464073181152 34.9461975097656 34.9458122253418 34.9454078674316 34.9452171325684 34.9450492858887 34.9450035095215 34.9449272155762 34.944766998291 34.9446678161621 34.9446640014648 34.9446830749512 34.9447250366211 34.944694519043
-9999 -9999 -9999 -9999 -9999 36.4620475769043 36.4808158874512 36.4680480957031 36.4638023376465 36.5849914550781 36.688175201416 36.7224617004395 36.747371673584 36.7537422180176 36.3299789428711 35.4099044799805 35.0144157409668 34.979190826416 34.9605827331543 34.9483947753906 34.9459800720215 34.9452857971191 34.9451522827148 34.9450454711914 34.9450187683105 34.9450454711914 34.9452476501465 34.9454154968262 34.9455375671387 34.9455184936523 34.9453506469727 34.9452857971191 34.9452781677246 34.9452362060547 34.945182800293 34.9450340270996 34.9448699951172 34.9447975158691 34.9447250366211 34.9446640014648 34.9446029663086 34.9445533752441 34.9445152282715 34.9445037841797 34.9445152282715 34.9445457458496 34.9445266723633
-9999 -9999 -9999 -9999 -9999 36.4969825744629 36.4888343811035 36.4877777099609 36.4939918518066 36.6033782958984 36.6960334777832 36.7246398925781 36.7465705871582 36.7552947998047 36.3308906555176 35.4067268371582 35.011360168457 34.9791450500488 34.9614410400391 34.9493408203125 34.9463958740234 34.945068359375 34.944881439209 34.9447288513184 34.9446601867676 34.9446487426758 34.9447975158691 34.9448776245117 34.9448280334473 34.9448204040527 34.9448547363281 34.9448699951172 34.9448738098145 34.9448585510254 34.9448394775391 34.944766998291 34.9446868896484 34.9446449279785 34.9446029663086 34.9445343017578 34.9444770812988 34.9444465637207 34.9444236755371 34.9444046020508 34.9444046020508 34.9444198608398 34.9444046020508
-9999 -9999 -9999 -9999 -9999 36.5234565734863 36.5213012695312 36.5106811523438 36.5376052856445 36.6278343200684 36.7041473388672 36.7271919250488 36.7456436157227 36.7550010681152 36.3306884765625 35.4059829711914 35.0107345581055 34.9790916442871 34.9620208740234 34.9505729675293 34.9470252990723 34.9448738098145 34.944637298584 34.9444694519043 34.9444847106934 34.9445648193359 34.9448356628418 34.9449119567871 34.944652557373 34.9445495605469 34.9446029663086 34.9446334838867 34.9446487426758 34.9446449279785 34.944637298584 34.9446067810059 34.9445762634277 34.9445533752441 34.9445190429688 34.944450378418 34.944393157959 34.9443626403809 34.9443397521973 34.9443206787109 34.9443092346191 34.9443054199219 34.9442939758301
-9999 -9999 -9999 -9999 -9999 -9999 36.560230255127 36.5654449462891 36.5715827941895 36.6450233459473 36.7074851989746 36.7279090881348 36.7446327209473 36.754035949707 36.3351020812988 35.4219284057617 35.0268287658691 34.9875106811523 34.9668884277344 34.9534873962402 34.9483909606934 34.9447593688965 34.9445610046387 34.9444847106934 34.9447593688965 34.9451103210449 34.945686340332 34.9460105895996 34.9458808898926 34.9458274841309 34.9458427429199 34.9458351135254 34.9458084106445 34.9457550048828 34.9456901550293 34.945629119873 34.9455680847168 34.9451560974121 34.9447708129883 34.9445610046387 34.9444007873535 34.9443778991699 34.9443511962891 34.9443206787109 34.9442939758301 34.944263458252 34.9443740844727
-9999 -9999 -9999 -9999 -9999 -9999 36.5938301086426 36.6045608520508 36.6033706665039 36.6609153747559 36.7102890014648 36.7283935546875 36.742977142334 36.7505874633789 36.3367080688477 35.4364967346191 35.0422859191895 34.9955635070801 34.9715194702148 34.9562301635742 34.9496803283691 34.9446678161621 34.9445304870605 34.9445610046387 34.9451217651367 34.9457473754883 34.9465866088867 34.9471206665039 34.9471321105957 34.9471282958984 34.9471015930176 34.9470596313477 34.9470062255859 34.946907043457 34.9467926025391 34.9467010498047 34.946605682373 34.9458389282227 34.9451293945312 34.9447937011719 34.9445381164551 34.9445114135742 34.9444847106934 34.9444465637207 34.9444046020508 34.9443588256836 34.9445838928223
-9999 -9999 -9999 -9999 -9999 -9999 36.6260604858398 36.6114883422852 36.6164283752441 36.6664276123047 36.7097091674805 36.7272834777832 36.7344245910645 36.7209167480469 36.3061485290527 35.4283905029297 35.0429916381836 34.9957160949707 34.9715881347656 34.9564018249512 34.949821472168 34.9447555541992 34.9448509216309 34.9451484680176 34.9461784362793 34.947078704834 34.9475784301758 34.9479103088379 34.9479484558105 34.9479370117188 34.9478759765625 34.9478912353516 34.9479560852051 34.9478988647461 34.9478034973145 34.9477081298828 34.9476127624512 34.9470329284668 34.9464912414551 34.9461936950684 34.9459686279297 34.945930480957 34.9458961486816 34.9458694458008 34.9458618164062 34.9458656311035 34.9460487365723
-9999 -9999 -9999 -9999 -9999 36.6907348632812 36.6632308959961 36.6621284484863 36.6375389099121 36.677677154541 36.712760925293 36.7284927368164 36.7141494750977 36.6403007507324 36.2195739746094 35.398609161377 35.0376968383789 34.9927291870117 34.9698028564453 34.9553871154785 34.9493827819824 34.9448623657227 34.9453392028809 34.9459991455078 34.947265625 34.9482879638672 34.9485168457031 34.9486770629883 34.94873046875 34.9487190246582 34.9486389160156 34.9486885070801 34.9488182067871 34.9487953186035 34.9487152099609 34.9486274719238 34.9485359191895 34.948127746582 34.9477424621582 34.9475021362305 34.9473114013672 34.9472579956055 34.9472160339355 34.9471855163574 34.9471778869629 34.9471893310547 34.9473152160645
-9999 -9999 -9999 -9999 36.7469520568848 36.7103576660156 36.6907348632812 36.6885719299316 36.6881866455078 36.7099761962891 36.729133605957 36.7382049560547 36.6508903503418 36.3728637695312 35.9275932312012 35.2893447875977 35.0104141235352 34.9782409667969 34.9612083435059 34.9500274658203 34.9468269348145 34.9450340270996 34.9464263916016 34.9478073120117 34.9484786987305 34.9490394592285 34.9492454528809 34.9493865966797 34.9494094848633 34.9494018554688 34.9493598937988 34.9493522644043 34.9493675231934 34.949333190918 34.9492797851562 34.94921875 34.9491577148438 34.9488754272461 34.9486083984375 34.9484558105469 34.9483299255371 34.9482727050781 34.9482040405273 34.9481086730957 34.9479827880859 34.9478378295898 34.9478416442871
