Ecospace-environmental-drivers/Outputs/ASCII-for-ecospace/MOM6-ISIMIP3a/so-bot/1989-06_so-bot_MOM6-ISIMIP3a.asc
NCOLS 131 
NROWS 53 
XLLCORNER -98 
YLLCORNER 23.9265270233154 
CELLSIZE 0.133587792515755 
NODATA_value -9999 
[rows 21 to 41 of 53, columns 47 to 93 of 131]
36.5791778564453 36.5866317749023 36.5915946960449 36.586799621582 36.5812911987305 36.5834541320801 36.5858612060547 36.5895156860352 36.5929718017578 36.5959625244141 36.6022987365723 36.6132316589355 36.6271781921387 36.6435890197754 36.3977317810059 36.0276374816895 35.5679397583008 35.0868339538574 35.0450096130371 35.0328598022461 35.0133323669434 34.992546081543 34.9665145874023 34.9481964111328 34.9461669921875 34.944995880127 34.9448661804199 34.9448165893555 34.9448204040527 34.9448356628418 34.9448585510254 34.9449615478516 34.9450836181641 34.9464797973633 34.9481735229492 34.9522705078125 34.9632148742676 34.9982452392578 35.0337944030762 35.0703201293945 35.1152687072754 35.1693992614746 35.2428436279297 35.3287811279297 35.475212097168 35.6433753967285 35.9499893188477
36.6309661865234 36.636531829834 36.6407318115234 36.6394805908203 36.6377639770508 36.6386642456055 36.6380310058594 36.6295700073242 36.6245956420898 36.6280326843262 36.5604248046875 36.3952827453613 36.2721786499023 36.1834716796875 35.9414176940918 35.6267242431641 35.3367805480957 35.0527534484863 35.0107269287109 34.9866104125977 34.9811897277832 34.9737205505371 34.9576797485352 34.9464645385742 34.9454383850098 34.9448471069336 34.9447898864746 34.9447746276855 34.9447898864746 34.9448013305664 34.9448165893555 34.9448089599609 34.9448013305664 34.9450073242188 34.9453506469727 34.9469871520996 34.952033996582 34.969066619873 34.9863166809082 35.0039710998535 35.0316162109375 35.0701446533203 35.1175384521484 35.1706733703613 35.2694320678711 35.384578704834 35.6463623046875
36.6620254516602 36.6594085693359 36.6545524597168 36.6534194946289 36.6525039672852 36.6472969055176 36.6396560668945 36.6196136474609 36.6049919128418 36.6034622192383 36.4640655517578 36.1353950500488 35.8838043212891 35.6952781677246 35.4641151428223 35.2127571105957 35.1078758239746 35.0379943847656 34.997730255127 34.9619483947754 34.9617919921875 34.9600257873535 34.9515190124512 34.9455680847168 34.9450149536133 34.9447174072266 34.9447364807129 34.944751739502 34.9447631835938 34.9447708129883 34.9447784423828 34.9447593688965 34.9447402954102 34.9447822570801 34.94482421875 34.9448204040527 34.9448165893555 34.9448127746582 34.9451141357422 34.9459762573242 34.9589805603027 34.9852142333984 35.0096664428711 35.0329704284668 35.082088470459 35.1404800415039 35.3437919616699
36.3706665039062 36.2642211914062 36.1244201660156 36.1153717041016 36.1160736083984 36.0186614990234 35.9360618591309 35.9287872314453 35.8984260559082 35.8123092651367 35.7005805969238 35.5536918640137 35.4410781860352 35.3565139770508 35.2391700744629 35.1063003540039 35.0466842651367 35.0045738220215 34.9796371459961 34.9573020935059 34.9556045532227 34.9533653259277 34.9488677978516 34.945629119873 34.9450378417969 34.9447250366211 34.9447402954102 34.944751739502 34.9447593688965 34.9447708129883 34.9447860717773 34.9448127746582 34.9448394775391 34.9448661804199 34.9448852539062 34.9448738098145 34.9448623657227 34.9448471069336 34.9449691772461 34.9453392028809 34.9511642456055 34.9629402160645 34.9738578796387 34.9842224121094 35.0164451599121 35.0565147399902 35.1882362365723
36.0189590454102 35.8463516235352 35.6209030151367 35.6064376831055 35.6077613830566 35.452335357666 35.3229217529297 35.3258247375488 35.2869834899902 35.147346496582 35.0669746398926 35.0679664611816 35.0683670043945 35.0682792663574 35.0457305908203 35.0125427246094 34.9918441772461 34.9741325378418 34.9629096984863 34.9526557922363 34.9499893188477 34.9476203918457 34.9465103149414 34.9455795288086 34.9450263977051 34.9447250366211 34.9447402954102 34.9447479248047 34.9447593688965 34.9447784423828 34.9448013305664 34.9448623657227 34.9449272155762 34.944938659668 34.9449424743652 34.9449234008789 34.9449005126953 34.9448776245117 34.9448509216309 34.9448204040527 34.9448089599609 34.9448127746582 34.9447212219238 34.9445610046387 34.9611854553223 34.9838371276855 35.0514640808105
35.4026527404785 35.3289909362793 35.2340850830078 35.225154876709 35.2227592468262 35.1592178344727 35.1063957214355 35.1081008911133 35.0926322937012 35.0356979370117 35.0028533935547 35.0030822753906 35.002628326416 35.0016212463379 34.9904556274414 34.974479675293 34.9648628234863 34.9567604064941 34.9521560668945 34.9480018615723 34.9468879699707 34.9459037780762 34.9454383850098 34.9450531005859 34.9448394775391 34.9447212219238 34.9447250366211 34.9447402954102 34.944766998291 34.9447975158691 34.9448356628418 34.944896697998 34.9449653625488 34.9449691772461 34.9449653625488 34.944938659668 34.9449157714844 34.9448852539062 34.9448585510254 34.9448356628418 34.9448356628418 34.9448585510254 34.9448165893555 34.9447364807129 34.9514770507812 34.9606704711914 34.9970626831055
34.9748306274414 34.9698066711426 34.9650726318359 34.9607467651367 34.9566040039062 34.9561920166016 34.9559745788574 34.9567565917969 34.9572525024414 34.9570617675781 34.9568328857422 34.9565582275391 34.9556007385254 34.9540863037109 34.9512367248535 34.9477577209473 34.9460716247559 34.9448165893555 34.9447631835938 34.9447860717773 34.9447479248047 34.9447174072266 34.9446983337402 34.944694519043 34.944709777832 34.9447174072266 34.9447174072266 34.9447402954102 34.9447822570801 34.9448280334473 34.9448776245117 34.9449348449707 34.9449920654297 34.9449882507324 34.9449806213379 34.9449501037598 34.9449234008789 34.9448928833008 34.9448699951172 34.9448585510254 34.9448699951172 34.9449157714844 34.9449119567871 34.9448776245117 34.9448356628418 34.9447898864746 34.9574089050293
34.9582443237305 34.9557266235352 34.9530944824219 34.9513549804688 34.949764251709 34.9497299194336 34.949779510498 34.9502410888672 34.9505424499512 34.9504547119141 34.9503173828125 34.9501075744629 34.9494018554688 34.9482841491699 34.9470558166504 34.9457740783691 34.9451637268066 34.9447135925293 34.9446983337402 34.9447059631348 34.9446983337402 34.9446868896484 34.9446830749512 34.9446830749512 34.944694519043 34.9447135925293 34.9447326660156 34.9447708129883 34.9448204040527 34.944881439209 34.9449424743652 34.9449729919434 34.944995880127 34.9449882507324 34.9449729919434 34.9449424743652 34.9449157714844 34.944896697998 34.9448852539062 34.9448890686035 34.9449234008789 34.9449882507324 34.9449920654297 34.944953918457 34.9448890686035 34.9448127746582 34.9499397277832
34.9480209350586 34.9471588134766 34.9460487365723 34.9458351135254 34.9457206726074 34.9458923339844 34.9460678100586 34.9462928771973 34.9464340209961 34.9463691711426 34.9462623596191 34.9460945129395 34.9456443786621 34.9449653625488 34.9447174072266 34.9446754455566 34.9446640014648 34.9446601867676 34.9446640014648 34.9446678161621 34.9446716308594 34.9446754455566 34.9446792602539 34.9446830749512 34.944694519043 34.9447174072266 34.9447555541992 34.9448013305664 34.9448547363281 34.9449157714844 34.9449806213379 34.944995880127 34.9449996948242 34.9449882507324 34.9449729919434 34.9449462890625 34.9449195861816 34.9449119567871 34.9449081420898 34.9449272155762 34.9449729919434 34.9450492858887 34.9450645446777 34.9450378417969 34.9449615478516 34.9448661804199 34.9455947875977
34.94580078125 34.9455223083496 34.9451942443848 34.945182800293 34.9452056884766 34.9453468322754 34.9454803466797 34.9455680847168 34.9455909729004 34.9454536437988 34.9453048706055 34.945140838623 34.9449653625488 34.9447746276855 34.9447059631348 34.9446868896484 34.9446792602539 34.9446754455566 34.9446754455566 34.9446754455566 34.9446754455566 34.9446792602539 34.9446868896484 34.944694519043 34.9447135925293 34.9447402954102 34.9447822570801 34.9448280334473 34.9448776245117 34.9449310302734 34.9449844360352 34.944995880127 34.944995880127 34.9449882507324 34.9449768066406 34.944953918457 34.944938659668 34.944938659668 34.9449462890625 34.9449691772461 34.9450187683105 34.9450988769531 34.9451332092285 34.945140838623 34.9450645446777 34.9449577331543 34.9451866149902
34.9447822570801 34.944766998291 34.9447822570801 34.9448394775391 34.9449005126953 34.9449615478516 34.9450149536133 34.9450149536133 34.9449768066406 34.9448432922363 34.9447479248047 34.944709777832 34.9447059631348 34.9447250366211 34.9447288513184 34.9447288513184 34.9447212219238 34.944709777832 34.9447059631348 34.9447059631348 34.9446983337402 34.944694519043 34.9446983337402 34.944709777832 34.9447288513184 34.9447593688965 34.9448013305664 34.9448471069336 34.9448928833008 34.9449424743652 34.9449882507324 34.9449996948242 34.9450073242188 34.9450035095215 34.9449996948242 34.9449882507324 34.9449806213379 34.9449882507324 34.9450035095215 34.9450263977051 34.9450721740723 34.9451332092285 34.9451751708984 34.9452018737793 34.9451522827148 34.9450759887695 34.9450874328613
34.9446678161621 34.9446678161621 34.9446983337402 34.9447288513184 34.9447593688965 34.944694519043 34.9446334838867 34.9445915222168 34.9445419311523 34.9444618225098 34.9444885253906 34.9446716308594 34.9447593688965 34.9447746276855 34.9447860717773 34.9447975158691 34.9447860717773 34.944766998291 34.9447593688965 34.9447479248047 34.9447326660156 34.9447174072266 34.9447174072266 34.9447250366211 34.9447479248047 34.9447746276855 34.9448165893555 34.9448585510254 34.9449005126953 34.9449462890625 34.944995880127 34.9450149536133 34.9450263977051 34.9450340270996 34.9450416564941 34.9450378417969 34.9450378417969 34.9450531005859 34.945068359375 34.9450950622559 34.945125579834 34.9451599121094 34.9451942443848 34.9452362060547 34.9452323913574 34.9452133178711 34.9452209472656
34.9445495605469 34.9445419311523 34.9445495605469 34.9445610046387 34.9445648193359 34.9444732666016 34.944408416748 34.9444961547852 34.9445457458496 34.9444999694824 34.9445877075195 34.9448738098145 34.9449844360352 34.9449577331543 34.944953918457 34.9449615478516 34.944938659668 34.9449081420898 34.944881439209 34.9448547363281 34.9448013305664 34.9447593688965 34.9447555541992 34.9447555541992 34.9447746276855 34.9448013305664 34.9448394775391 34.9448776245117 34.9449157714844 34.9449653625488 34.9450263977051 34.9450569152832 34.9450874328613 34.9451026916504 34.9451179504395 34.9451217651367 34.9451293945312 34.9451446533203 34.9451599121094 34.945182800293 34.9452018737793 34.9452095031738 34.9452323913574 34.9452629089355 34.9452857971191 34.9453010559082 34.9453048706055
34.9444351196289 34.9444046020508 34.9443778991699 34.9443626403809 34.9443473815918 34.9442672729492 34.9442443847656 34.9445419311523 34.9447402954102 34.9447174072266 34.9448432922363 34.9451751708984 34.9452781677246 34.945198059082 34.9451713562012 34.9451675415039 34.9451293945312 34.9450836181641 34.9450378417969 34.9449844360352 34.9448928833008 34.9448127746582 34.9447975158691 34.9447937011719 34.9448089599609 34.9448318481445 34.9448661804199 34.944896697998 34.9449310302734 34.9449920654297 34.945068359375 34.9451179504395 34.9451599121094 34.945182800293 34.9452056884766 34.9452171325684 34.9452285766602 34.9452476501465 34.9452629089355 34.9452819824219 34.9452857971191 34.9452781677246 34.9452781677246 34.9452857971191 34.9453239440918 34.945369720459 34.9453659057617
34.9443588256836 34.9443168640137 34.9442710876465 34.9442443847656 34.944221496582 34.944149017334 34.944221496582 34.9450149536133 34.9455680847168 34.9455299377441 34.9455604553223 34.9456787109375 34.9456481933594 34.9454956054688 34.9454154968262 34.9453773498535 34.9452934265137 34.9452018737793 34.945125579834 34.9450531005859 34.9449806213379 34.9449195861816 34.9449043273926 34.944896697998 34.9449119567871 34.9449348449707 34.9449653625488 34.9450035095215 34.9450454711914 34.9451065063477 34.945182800293 34.945240020752 34.9452934265137 34.9453315734863 34.9453659057617 34.9453773498535 34.9453887939453 34.9454002380371 34.9454078674316 34.9454116821289 34.9454040527344 34.9453811645508 34.9453659057617 34.9453506469727 34.9453735351562 34.9454078674316 34.9453964233398
34.9442901611328 34.9442367553711 34.9441795349121 34.9441452026367 34.9441146850586 34.9440498352051 34.944221496582 34.9455795288086 34.9465255737305 34.9464683532715 34.9463729858398 34.9462280273438 34.9460334777832 34.94580078125 34.945671081543 34.9455871582031 34.9454536437988 34.9453048706055 34.9452056884766 34.9451103210449 34.9450721740723 34.9450416564941 34.9450263977051 34.9450187683105 34.9450302124023 34.9450531005859 34.9450836181641 34.945125579834 34.9451789855957 34.945240020752 34.9453125 34.9453773498535 34.945442199707 34.9454917907715 34.9455337524414 34.9455490112305 34.9455604553223 34.9455604553223 34.945556640625 34.9455490112305 34.9455299377441 34.9454956054688 34.9454612731934 34.945426940918 34.945426940918 34.9454383850098 34.9454231262207
34.9446334838867 34.944637298584 34.9445877075195 34.944580078125 34.9445991516113 34.9453277587891 34.9460792541504 34.9469566345215 34.9475364685059 34.9473991394043 34.9471473693848 34.9467468261719 34.9464225769043 34.9461631774902 34.9459991455078 34.9458847045898 34.9457206726074 34.9455451965332 34.9454002380371 34.9452629089355 34.9452056884766 34.9451560974121 34.9451484680176 34.9451560974121 34.945182800293 34.9452209472656 34.9452705383301 34.9453201293945 34.9453773498535 34.9454383850098 34.9455032348633 34.945556640625 34.9456100463867 34.9456405639648 34.9456672668457 34.9456596374512 34.9456520080566 34.9456329345703 34.9456214904785 34.9456062316895 34.9455833435059 34.9455528259277 34.9455184936523 34.9454803466797 34.9454650878906 34.9454650878906 34.9454460144043
34.9450912475586 34.9451560974121 34.9451179504395 34.9451370239258 34.9452095031738 34.946647644043 34.9479141235352 34.9482879638672 34.9484901428223 34.9482765197754 34.9478874206543 34.9472618103027 34.9468193054199 34.9465217590332 34.9463272094727 34.9461822509766 34.9459953308105 34.9457931518555 34.9456100463867 34.9454345703125 34.9453544616699 34.9452857971191 34.9452896118164 34.9453048706055 34.9453468322754 34.9454002380371 34.9454612731934 34.9455184936523 34.9455757141113 34.9456329345703 34.9456939697266 34.9457321166992 34.9457664489746 34.9457778930664 34.9457817077637 34.9457550048828 34.9457244873047 34.9456939697266 34.945671081543 34.9456558227539 34.9456329345703 34.9456062316895 34.9455680847168 34.9455261230469 34.9455032348633 34.9454879760742 34.9454689025879
34.9465675354004 34.9466781616211 34.9467391967773 34.9467849731445 34.9468650817871 34.947811126709 34.9486236572266 34.9487457275391 34.9487762451172 34.9485816955566 34.9482612609863 34.9477729797363 34.9472999572754 34.9468383789062 34.9465980529785 34.9464569091797 34.9462738037109 34.9460792541504 34.9459037780762 34.9457359313965 34.9456443786621 34.9455718994141 34.945556640625 34.9455604553223 34.9455947875977 34.9456367492676 34.9456825256348 34.9457168579102 34.9457473754883 34.9457702636719 34.9457931518555 34.94580078125 34.9458045959473 34.9457778930664 34.9457511901855 34.9457168579102 34.9456825256348 34.9456596374512 34.9456405639648 34.9456405639648 34.945629119873 34.9456100463867 34.9455795288086 34.9455413818359 34.9455146789551 34.9454956054688 34.9454803466797
34.9478034973145 34.9479637145996 34.9481163024902 34.9481925964355 34.9482765197754 34.9487800598145 34.9491920471191 34.9491157531738 34.9490127563477 34.9488410949707 34.9485893249512 34.9482307434082 34.9477767944336 34.9472465515137 34.9469833374023 34.946849822998 34.9466743469238 34.9464950561523 34.9463310241699 34.946174621582 34.9460792541504 34.9459915161133 34.9459533691406 34.9459342956543 34.9459457397461 34.9459533691406 34.9459648132324 34.9459609985352 34.9459457397461 34.945930480957 34.9459114074707 34.9458847045898 34.9458503723145 34.9457931518555 34.9457321166992 34.945686340332 34.9456443786621 34.9456253051758 34.945613861084 34.9456176757812 34.9456176757812 34.9456062316895 34.9455833435059 34.9455528259277 34.9455261230469 34.945499420166 34.9454879760742
34.9481620788574 34.948371887207 34.9486083984375 34.9487113952637 34.948802947998 34.9490394592285 34.9492225646973 34.9491539001465 34.9490623474121 34.9489250183105 34.9487419128418 34.9485015869141 34.9482460021973 34.9479789733887 34.9478073120117 34.9476776123047 34.9475364685059 34.9473915100098 34.947265625 34.9471397399902 34.9470252990723 34.9469184875488 34.9468269348145 34.9467430114746 34.9466667175293 34.9465789794922 34.946475982666 34.9463691711426 34.9462547302246 34.9461708068848 34.9460945129395 34.9460144042969 34.9459381103516 34.9458465576172 34.9457588195801 34.9456825256348 34.9456176757812 34.9455947875977 34.9455833435059 34.9455833435059 34.9455833435059 34.9455833435059 34.9455680847168 34.9455451965332 34.9455223083496 34.9454956054688 34.9454879760742
