Ecospace-environmental-drivers/Outputs/ASCII-for-ecospace/MOM6-ISIMIP3a/so-bot/1989-09_so-bot_MOM6-ISIMIP3a.asc
NCOLS 131 
NROWS 53 
XLLCORNER -98 
YLLCORNER 23.9265270233154 
CELLSIZE 0.133587792515755 
NODATA_value -9999 
[rows 21 to 41 of 53, columns 0 to 46 of 131]
-9999 -9999 -9999 -9999 -9999 -9999 34.8817672729492 34.8551712036133 34.7841911315918 34.6736145019531 34.6132125854492 34.5607681274414 34.5135726928711 34.3729858398438 34.3174247741699 34.3599739074707 34.5476760864258 34.8350601196289 35.0425453186035 35.219181060791 35.4154586791992 35.6152038574219 35.8619499206543 36.076099395752 36.0100173950195 35.9555702209473 35.9388542175293 35.944408416748 35.9888305664062 36.0268707275391 36.0583534240723 36.078727722168 36.0923385620117 36.1085395812988 36.1256103515625 36.1476554870605 36.1703758239746 36.1913948059082 36.2118110656738 36.2283935546875 36.2448959350586 36.261173248291 36.3126678466797 36.4185905456543 36.4719467163086 36.4770545959473 36.4901695251465
-9999 -9999 -9999 -9999 -9999 -9999 34.8857498168945 34.8817672729492 34.8285751342773 34.7528038024902 34.6736145019531 34.6052589416504 34.6034126281738 34.7331695556641 34.8885803222656 35.073600769043 35.3132743835449 35.5904846191406 35.7636489868164 35.8966331481934 36.0168609619141 36.134838104248 36.2860832214355 36.4179992675781 36.3827095031738 36.3532333374023 36.3425941467285 36.3413696289062 36.3565864562988 36.3671112060547 36.372802734375 36.3804626464844 36.3893203735352 36.3994674682617 36.4100494384766 36.4304618835449 36.4521675109863 36.4648590087891 36.476993560791 36.4856071472168 36.4935150146484 36.4994735717773 36.523624420166 36.5758857727051 36.6018295288086 36.6036186218262 36.6117820739746
-9999 -9999 -9999 -9999 35.0300636291504 34.9350357055664 34.8901252746582 34.8853530883789 34.8817672729492 34.7753829956055 34.6804466247559 34.629322052002 34.7332382202148 35.1439361572266 35.508716583252 35.8205184936523 36.0919189453125 36.3355751037598 36.4609756469727 36.5407180786133 36.5811920166016 36.6147384643555 36.6538238525391 36.6885032653809 36.6854553222656 36.6823081970215 36.6788330078125 36.6750144958496 36.6705894470215 36.6686935424805 36.6693954467773 36.6718826293945 36.6754570007324 36.6792335510254 36.6830787658691 36.7019386291504 36.7227554321289 36.7270469665527 36.7304573059082 36.7282371520996 36.7241897583008 36.7150688171387 36.7077369689941 36.7031631469727 36.7002983093262 36.6990013122559 36.701545715332
-9999 -9999 -9999 -9999 35.2471923828125 35.0479049682617 34.9799423217773 34.8901252746582 34.884162902832 34.8082885742188 34.801815032959 35.0609970092773 35.3814888000488 35.8233108520508 36.1384773254395 36.3075103759766 36.4431381225586 36.5558204650879 36.6141929626465 36.6515960693359 36.6731224060059 36.6918449401855 36.6137390136719 36.541862487793 36.5395927429199 36.5359420776367 36.5278205871582 36.5531158447266 36.6367263793945 36.6880989074707 36.7063026428223 36.7140655517578 36.7154731750488 36.7175483703613 36.7198448181152 36.7288856506348 36.7386779785156 36.7229766845703 36.6993713378906 36.6254348754883 36.5403594970703 36.4242668151855 36.3545989990234 36.3566818237305 36.3573722839355 36.3567771911621 36.3596954345703
-9999 -9999 -9999 -9999 -9999 35.2471923828125 35.0743598937988 35.0697593688965 34.8993721008301 34.9211273193359 35.0389976501465 35.5247535705566 35.9892616271973 36.4117202758789 36.653434753418 36.686595916748 36.6694831848145 36.6178436279297 36.5922470092773 36.5767021179199 36.5779266357422 36.5821113586426 36.4256706237793 36.2827072143555 36.2813415527344 36.2776298522949 36.2663230895996 36.3099479675293 36.4494361877441 36.5355987548828 36.5668907165527 36.5804557800293 36.5832290649414 36.584400177002 36.5850410461426 36.5858306884766 36.5864181518555 36.5554313659668 36.512279510498 36.3916358947754 36.254280090332 36.0703964233398 35.9613876342773 35.9680976867676 35.9711303710938 35.9707908630371 35.9730224609375
-9999 -9999 -9999 -9999 -9999 35.2465667724609 35.2471923828125 35.0903663635254 34.9707641601562 35.3844680786133 35.7839851379395 36.1291923522949 36.4195289611816 36.6012916564941 36.6650123596191 36.5925369262695 36.3483009338379 35.9861068725586 35.8022537231445 35.6872596740723 35.6622543334961 35.6531295776367 35.5887413024902 35.5301780700684 35.5302772521973 35.5284538269043 35.5203819274902 35.5350494384766 35.5894088745117 35.629322052002 35.6543731689453 35.6760520935059 35.6956825256348 35.699462890625 35.6979598999023 35.6973609924316 35.6967124938965 35.6711006164551 35.6411323547363 35.5834312438965 35.5198669433594 35.4399909973145 35.3924560546875 35.3949012756348 35.3949775695801 35.3928871154785 35.3898162841797
-9999 -9999 35.2456283569336 35.2456398010254 35.2455253601074 35.2459411621094 35.2465667724609 35.1242446899414 35.0587501525879 35.7355613708496 36.3209037780762 36.5561408996582 36.717399597168 36.7322692871094 36.6281623840332 36.386775970459 35.9889678955078 35.4837417602539 35.2262687683105 35.0644645690918 35.0261688232422 35.0096702575684 35.008243560791 35.007396697998 35.0086059570312 35.0082511901855 35.0028266906738 34.9982719421387 34.9952354431152 35.0032577514648 35.0226593017578 35.0462074279785 35.0722846984863 35.0767097473145 35.0739212036133 35.0724258422852 35.0709800720215 35.0512924194336 35.0324859619141 35.0192680358887 35.0076446533203 35.0004463195801 34.9954566955566 34.9938850402832 34.991641998291 34.9887809753418 34.983024597168
-9999.000000000000000 -9999 -9999 -9999 35.2454528808594 35.2451095581055 35.2447280883789 35.1870765686035 35.1829376220703 35.8417434692383 36.4038467407227 36.5958251953125 36.7263832092285 36.7354125976562 36.485652923584 35.9372978210449 35.5464057922363 35.2636528015137 35.1172256469727 35.0234413146973 35.0000953674316 34.9891738891602 34.9872550964355 34.9858818054199 34.987419128418 34.9876365661621 34.9835815429688 34.9810333251953 34.9811210632324 34.9885787963867 35.0036125183105 35.0154037475586 35.025218963623 35.0260200500488 35.023811340332 35.0224838256836 35.0211982727051 35.0086441040039 34.9965782165527 34.9875831604004 34.9802055358887 34.9773292541504 34.9735984802246 34.9685478210449 34.9653549194336 34.9638633728027 34.9611511230469
-9999 -9999 -9999 -9999 35.2455749511719 35.245304107666 35.244701385498 35.2404975891113 35.2858810424805 35.9150238037109 36.4492492675781 36.6201629638672 36.7064437866211 36.6252632141113 36.2704238891602 35.5998344421387 35.2477073669434 35.1142807006836 35.0428199768066 34.9952926635742 34.9803161621094 34.9710884094238 34.9692001342773 34.967830657959 34.9694404602051 34.9702262878418 34.968334197998 34.9677543640137 34.9694595336914 34.9755516052246 34.986156463623 34.9904556274414 34.9909133911133 34.9893798828125 34.9871864318848 34.9858016967773 34.984489440918 34.9777641296387 34.9711799621582 34.9655151367188 34.9611206054688 34.9602737426758 34.9576416015625 34.9522476196289 34.9493751525879 34.9488182067871 34.9480285644531
-9999 -9999 -9999 -9999 35.2458076477051 35.2463111877441 35.2469291687012 35.2820777893066 35.3620872497559 35.9469108581543 36.4474143981934 36.625186920166 36.6501083374023 36.3725814819336 35.9637145996094 35.4033012390137 35.1300010681152 35.0538787841797 35.0119934082031 34.9833297729492 34.9684638977051 34.9560356140137 34.9548416137695 34.9541397094727 34.9555015563965 34.956844329834 34.9581260681152 34.9594573974609 34.9608840942383 34.9646110534668 34.9706993103027 34.9728698730469 34.9726524353027 34.9704208374023 34.9675178527832 34.9657936096191 34.964225769043 34.9616813659668 34.9590148925781 34.9555435180664 34.9525413513184 34.9508514404297 34.9491157531738 34.9473114013672 34.946361541748 34.9462013244629 34.9459190368652
-9999 -9999 -9999 -9999 35.2463111877441 35.2470626831055 35.2479438781738 35.3039588928223 35.3990249633789 35.9174499511719 36.3745002746582 36.5966415405273 36.660774230957 36.4122543334961 35.987850189209 35.3605117797852 35.0712394714355 35.0141372680664 34.9861526489258 34.969409942627 34.958423614502 34.9484519958496 34.9478378295898 34.9476318359375 34.949089050293 34.950740814209 34.9530181884766 34.9547843933105 34.9556694030762 34.957202911377 34.959400177002 34.9599914550781 34.9595985412598 34.9577674865723 34.9554557800293 34.9539680480957 34.9525947570801 34.9519882202148 34.9512214660645 34.9494438171387 34.9477386474609 34.9462280273438 34.945240020752 34.9450569152832 34.9449806213379 34.9450073242188 34.944953918457
-9999 -9999 -9999 -9999 35.2471046447754 35.2479438781738 35.3174591064453 35.3110694885254 35.4065132141113 35.8419761657715 36.2482719421387 36.542911529541 36.7216873168945 36.6711921691895 36.2601318359375 35.433032989502 35.0566864013672 34.9898948669434 34.964054107666 34.9540214538574 34.9497413635254 34.946475982666 34.9463577270508 34.9465065002441 34.9483222961426 34.9500961303711 34.9517364501953 34.9528312683105 34.9529762268066 34.9524421691895 34.9512214660645 34.9506378173828 34.9504508972168 34.9498481750488 34.949104309082 34.9482765197754 34.9474411010742 34.9470825195312 34.9467086791992 34.9462471008301 34.9457626342773 34.9452056884766 34.9448509216309 34.9448127746582 34.94482421875 34.944881439209 34.9448509216309
-9999 -9999 -9999 -9999 35.2479438781738 35.3482398986816 35.3812294006348 35.4068641662598 35.4345779418945 35.8422584533691 36.2277145385742 36.5280876159668 36.7329483032227 36.7488174438477 36.339771270752 35.4404373168945 35.0399551391602 34.982063293457 34.9588966369629 34.9491386413574 34.9467391967773 34.9456367492676 34.9455909729004 34.9456939697266 34.9468421936035 34.947940826416 34.9488868713379 34.9495010375977 34.9495315551758 34.948844909668 34.9474220275879 34.9468269348145 34.9467430114746 34.9465866088867 34.946403503418 34.9459457397461 34.9454460144043 34.9452590942383 34.9450912475586 34.9450340270996 34.9449424743652 34.9447593688965 34.944652557373 34.9446640014648 34.9446983337402 34.944751739502 34.9447174072266
-9999 -9999 -9999 -9999 -9999 35.4395484924316 35.4463348388672 35.4257507324219 35.4714622497559 35.8750076293945 36.2524452209473 36.5299339294434 36.7229309082031 36.7487373352051 36.3368492126465 35.4199333190918 35.022289276123 34.981258392334 34.9609985351562 34.9487533569336 34.9461708068848 34.9452896118164 34.9451332092285 34.945011138916 34.9450569152832 34.9451446533203 34.945369720459 34.9455795288086 34.9457664489746 34.945743560791 34.945499420166 34.9453887939453 34.9453659057617 34.9453201293945 34.9452705383301 34.9450492858887 34.9448089599609 34.9447593688965 34.9447135925293 34.9446678161621 34.9446182250977 34.9445648193359 34.9445381164551 34.9445571899414 34.9445838928223 34.9446182250977 34.9445762634277
-9999 -9999 -9999 -9999 -9999 35.500675201416 35.491081237793 35.5063896179199 35.5344009399414 35.9367866516113 36.306526184082 36.5513153076172 36.722728729248 36.7489471435547 36.3356056213379 35.4150848388672 35.0181427001953 34.9807739257812 34.9616928100586 34.9496765136719 34.9465637207031 34.9450187683105 34.9448318481445 34.9446830749512 34.9446334838867 34.944637298584 34.9448165893555 34.9449310302734 34.9449348449707 34.9449310302734 34.9449157714844 34.9449043273926 34.9448890686035 34.9448661804199 34.9448394775391 34.9447174072266 34.9445838928223 34.9445571899414 34.9445266723633 34.9444961547852 34.9444618225098 34.9444389343262 34.9444274902344 34.9444389343262 34.9444541931152 34.944465637207 34.9444389343262
-9999 -9999 -9999 -9999 -9999 35.5690040588379 35.5646133422852 35.5410995483398 35.6027297973633 36.0045700073242 36.3666839599609 36.5767364501953 36.724552154541 36.7492179870605 36.3347129821777 35.4134750366211 35.0167961120605 34.980354309082 34.962100982666 34.950870513916 34.9471549987793 34.9447631835938 34.9445610046387 34.9444313049316 34.9444923400879 34.9446067810059 34.944881439209 34.9449615478516 34.944709777832 34.9445915222168 34.9446105957031 34.9446144104004 34.9446029663086 34.944580078125 34.9445571899414 34.9445037841797 34.9444465637207 34.9444122314453 34.9443817138672 34.9443588256836 34.9443397521973 34.9443283081055 34.9443168640137 34.9443168640137 34.9443168640137 34.9443092346191 34.9443016052246
-9999 -9999 -9999 -9999 -9999 -9999 35.6513175964355 35.6463508605957 35.6776809692383 36.0661430358887 36.4122352600098 36.5961494445801 36.7261009216309 36.7492828369141 36.3391418457031 35.429027557373 35.0327949523926 34.9894714355469 34.9676055908203 34.9540252685547 34.9486083984375 34.9446296691895 34.9444427490234 34.9443740844727 34.9446296691895 34.9449729919434 34.9456024169922 34.9459495544434 34.9457931518555 34.9457130432129 34.9457054138184 34.945671081543 34.9456214904785 34.9455833435059 34.9455490112305 34.9454917907715 34.945426940918 34.9450073242188 34.9446220397949 34.9444580078125 34.9443359375 34.9443168640137 34.9442977905273 34.944278717041 34.9442558288574 34.9442291259766 34.9443626403809
-9999 -9999 -9999 -9999 -9999 -9999 35.7430801391602 35.7665061950684 35.7547264099121 36.1282501220703 36.4571838378906 36.6154365539551 36.7276763916016 36.7488708496094 36.3427772521973 35.4436683654785 35.0480079650879 34.9980926513672 34.9727745056152 34.9569625854492 34.9499626159668 34.9445152282715 34.9443626403809 34.9443817138672 34.9448623657227 34.9454460144043 34.9463691711426 34.9469337463379 34.9468841552734 34.9468421936035 34.9468078613281 34.9467506408691 34.9466781616211 34.9466247558594 34.9465827941895 34.9465141296387 34.9464378356934 34.9456672668457 34.9449653625488 34.9446792602539 34.944465637207 34.9444465637207 34.9444198608398 34.9443817138672 34.9443359375 34.9442901611328 34.9445533752441
-9999 -9999 -9999 -9999 -9999 -9999 35.8970108032227 35.8163871765137 35.8509902954102 36.1989974975586 36.5026016235352 36.6362533569336 36.7296752929688 36.7434921264648 36.335376739502 35.4404182434082 35.0465812683105 34.9968910217285 34.9719696044922 34.9566116333008 34.9498252868652 34.9445533752441 34.9446678161621 34.9449806213379 34.9459915161133 34.9468574523926 34.9472503662109 34.9474830627441 34.9474296569824 34.9473838806152 34.9473419189453 34.9473991394043 34.9475135803223 34.9475021362305 34.947452545166 34.9473648071289 34.9472694396973 34.9467124938965 34.946216583252 34.9461059570312 34.9460258483887 34.9460220336914 34.9459991455078 34.9459381103516 34.9458999633789 34.9458808898926 34.9460906982422
-9999 -9999 -9999 -9999 -9999 36.283145904541 36.1011810302734 36.1081352233887 35.9632949829102 36.2802734375 36.5537796020508 36.6608772277832 36.7200202941895 36.684268951416 36.2685852050781 35.4145240783691 35.0391464233398 34.9925003051758 34.969295501709 34.9551467895508 34.9491767883301 34.944652557373 34.9451942443848 34.9459114074707 34.9471778869629 34.9481430053711 34.9481239318848 34.9480934143066 34.9480400085449 34.9479904174805 34.9479484558105 34.9480743408203 34.948299407959 34.9483184814453 34.9482650756836 34.9481544494629 34.9480400085449 34.9476852416992 34.947380065918 34.947395324707 34.9474143981934 34.9474220275879 34.9474029541016 34.9473304748535 34.9472846984863 34.947265625 34.9474029541016
-9999 -9999 -9999 -9999 36.604320526123 36.4010314941406 36.283145904541 36.1970481872559 36.1344184875488 36.4001579284668 36.6260528564453 36.6994476318359 36.6676254272461 36.427604675293 35.9840354919434 35.3056106567383 35.0096740722656 34.9764022827148 34.9597816467285 34.9495887756348 34.946647644043 34.9449806213379 34.9465522766113 34.948070526123 34.9485855102539 34.948974609375 34.9489593505859 34.9489250183105 34.9488677978516 34.9488296508789 34.9488067626953 34.9488410949707 34.9489097595215 34.9488945007324 34.9488487243652 34.94873046875 34.948600769043 34.9483947753906 34.9482154846191 34.9481925964355 34.9481735229492 34.9481773376465 34.9481582641602 34.9481086730957 34.9480171203613 34.9478874206543 34.9479064941406
