Ecospace-environmental-drivers/Outputs/ASCII-for-ecospace/MOM6-ISIMIP3a/so-bot/1990-01_so-bot_MOM6-ISIMIP3a.asc
NCOLS 131 
NROWS 53 
XLLCORNER -98 
YLLCORNER 23.9265270233154 
CELLSIZE 0.133587792515755 
NODATA_value -9999 
[rows 21 to 41 of 53, columns 47 to 93 of 131]
36.4189491271973 36.3780326843262 36.3321723937988 36.3296241760254 36.3334541320801 36.3898620605469 36.4364776611328 36.4332733154297 36.4346046447754 36.4468955993652 36.4616050720215 36.4796447753906 36.4989891052246 36.519401550293 36.3282051086426 36.0367736816406 35.5830192565918 35.0904846191406 35.046558380127 35.0330543518066 35.0137557983398 34.9931030273438 34.9667739868164 34.9483528137207 34.9466247558594 34.9455337524414 34.9452133178711 34.9450225830078 34.9449272155762 34.944881439209 34.9448585510254 34.9449157714844 34.9449920654297 34.9461059570312 34.9474487304688 34.9506530761719 34.9619407653809 35.0016479492188 35.040657043457 35.078369140625 35.1222267150879 35.1727867126465 35.2520751953125 35.3499526977539 35.4727478027344 35.6044883728027 35.9403343200684
36.5298805236816 36.5077247619629 36.4824676513672 36.4781036376953 36.4767761230469 36.4997711181641 36.5193901062012 36.5218048095703 36.5265884399414 36.5370788574219 36.477783203125 36.3226699829102 36.2031745910645 36.1128158569336 35.900089263916 35.6294021606445 35.3437385559082 35.0544929504395 35.0116958618164 34.9871406555176 34.9817047119141 34.974178314209 34.9578895568848 34.9465789794922 34.9457855224609 34.9452667236328 34.9450798034668 34.9449462890625 34.9448547363281 34.9448127746582 34.9447937011719 34.9447822570801 34.9447708129883 34.9448547363281 34.9450378417969 34.9461669921875 34.9513359069824 34.9706878662109 34.98974609375 35.0082473754883 35.0354766845703 35.072208404541 35.1238861083984 35.185230255127 35.2731094360352 35.3705215454102 35.6462707519531
36.5991592407227 36.5891914367676 36.5766105651855 36.5719604492188 36.5678253173828 36.5557327270508 36.5471420288086 36.5563583374023 36.5646705627441 36.5707778930664 36.4405670166016 36.1231956481934 35.8735618591309 35.6793518066406 35.4523963928223 35.2099266052246 35.1071968078613 35.0378532409668 34.9978675842285 34.9623374938965 34.9622764587402 34.9605331420898 34.9517478942871 34.9456520080566 34.9452438354492 34.944995880127 34.9449501037598 34.9448776245117 34.9447860717773 34.9447479248047 34.9447364807129 34.9447326660156 34.9447288513184 34.9447860717773 34.9448394775391 34.9448204040527 34.9447975158691 34.9447593688965 34.944995880127 34.945743560791 34.9585762023926 34.9845771789551 35.0118103027344 35.0398445129395 35.0929107666016 35.1549682617188 35.3561859130859
36.2975463867188 36.1994285583496 36.0729827880859 36.0625228881836 36.0604209899902 35.9634704589844 35.8833847045898 35.8890762329102 35.8706245422363 35.793888092041 35.689697265625 35.5478210449219 35.4360733032227 35.3489799499512 35.2334022521973 35.1043357849121 35.0457954406738 35.0041046142578 34.9794807434082 34.9574317932129 34.9558410644531 34.9536590576172 34.9489707946777 34.9456405639648 34.9451713562012 34.9448928833008 34.9448509216309 34.9448051452637 34.9447555541992 34.9447441101074 34.9447479248047 34.9447860717773 34.9448356628418 34.9448661804199 34.9448890686035 34.9448699951172 34.9448471069336 34.9448204040527 34.9449195861816 34.9452438354492 34.9509963989258 34.9626617431641 34.9749183654785 34.9875526428223 35.0237045288086 35.0683059692383 35.2039909362793
35.9459228515625 35.7922401428223 35.5941581726074 35.5800018310547 35.5791511535645 35.4293670654297 35.3046226501465 35.3072662353516 35.2710914611816 35.1411819458008 35.0663986206055 35.0672950744629 35.0676803588867 35.0676498413086 35.0449142456055 35.0114250183105 34.9909019470215 34.9734764099121 34.9625434875488 34.9525718688965 34.9500160217285 34.9477233886719 34.9465103149414 34.9455375671387 34.945068359375 34.9447937011719 34.944751739502 34.9447326660156 34.9447288513184 34.9447441101074 34.9447631835938 34.9448394775391 34.9449272155762 34.9449310302734 34.9449310302734 34.9449081420898 34.9448890686035 34.9448738098145 34.9448585510254 34.9448394775391 34.9448280334473 34.94482421875 34.9448738098145 34.944953918457 34.9651145935059 34.9924850463867 35.0669326782227
35.3750381469727 35.3086242675781 35.2240829467773 35.2154884338379 35.2124710083008 35.1502494812012 35.0985336303711 35.1002578735352 35.0859680175781 35.0330123901367 35.0024528503418 35.0026512145996 35.0022506713867 35.0013580322266 34.9901695251465 34.9741020202637 34.964527130127 34.9565048217773 34.9519882202148 34.9479141235352 34.9468612670898 34.945915222168 34.9454231262207 34.9450302124023 34.9448356628418 34.944709777832 34.9446640014648 34.9446754455566 34.9447288513184 34.9447708129883 34.9448051452637 34.9448738098145 34.9449501037598 34.9449501037598 34.9449462890625 34.9449234008789 34.9449005126953 34.9448852539062 34.9448699951172 34.9448623657227 34.9448547363281 34.9448547363281 34.9448661804199 34.9448890686035 34.9530754089355 34.9641990661621 34.9962310791016
34.9775695800781 34.9719696044922 34.9662895202637 34.9622955322266 34.9585494995117 34.9567985534668 34.9554824829102 34.956371307373 34.9569625854492 34.9568290710449 34.9566383361816 34.9563674926758 34.9554748535156 34.9540786743164 34.9512977600098 34.9478607177734 34.9461402893066 34.9448318481445 34.9447250366211 34.9447059631348 34.9446792602539 34.9446601867676 34.9446640014648 34.9446716308594 34.9446792602539 34.9446678161621 34.9446296691895 34.9446601867676 34.9447441101074 34.9448051452637 34.9448547363281 34.9449119567871 34.9449691772461 34.9449615478516 34.944953918457 34.9449310302734 34.9449119567871 34.944896697998 34.9448890686035 34.9448890686035 34.9448890686035 34.9448890686035 34.9448738098145 34.9448471069336 34.94482421875 34.9448013305664 34.9474105834961
34.9584770202637 34.9559516906738 34.9534759521484 34.9519958496094 34.9506530761719 34.9502601623535 34.9499664306641 34.9502067565918 34.9503936767578 34.9504432678223 34.9503746032715 34.950138092041 34.9494094848633 34.9482765197754 34.9470596313477 34.9458084106445 34.945182800293 34.944709777832 34.9446640014648 34.9446487426758 34.9446334838867 34.9446182250977 34.9446220397949 34.944637298584 34.9446830749512 34.944709777832 34.944709777832 34.9447402954102 34.9447975158691 34.9448585510254 34.9449195861816 34.9449501037598 34.9449729919434 34.9449615478516 34.9449501037598 34.9449348449707 34.9449195861816 34.9449157714844 34.9449195861816 34.9449272155762 34.9449310302734 34.9449348449707 34.9449081420898 34.9448661804199 34.9448356628418 34.9448051452637 34.9463310241699
34.9471778869629 34.9465484619141 34.9460144042969 34.9459648132324 34.9459762573242 34.9462471008301 34.9464645385742 34.9463844299316 34.9463500976562 34.9464225769043 34.9463882446289 34.9462013244629 34.9457054138184 34.9449615478516 34.9447059631348 34.9446754455566 34.9446640014648 34.9446563720703 34.9446449279785 34.9446334838867 34.9446220397949 34.9446144104004 34.9446220397949 34.9446449279785 34.9447021484375 34.9447441101074 34.944766998291 34.9447975158691 34.9448394775391 34.944896697998 34.9449615478516 34.9449729919434 34.9449729919434 34.9449653625488 34.9449577331543 34.9449462890625 34.944938659668 34.9449462890625 34.9449577331543 34.9449691772461 34.9449768066406 34.9449768066406 34.9449501037598 34.9449005126953 34.9448623657227 34.9448280334473 34.9455490112305
34.945686340332 34.9454689025879 34.9452857971191 34.9453048706055 34.9453430175781 34.9454231262207 34.9454917907715 34.9455032348633 34.945484161377 34.9453811645508 34.9452667236328 34.945140838623 34.9449768066406 34.9447822570801 34.9447135925293 34.9447059631348 34.9446983337402 34.9446868896484 34.9446754455566 34.9446640014648 34.9446601867676 34.9446563720703 34.9446716308594 34.944694519043 34.9447326660156 34.9447631835938 34.9447937011719 34.9448280334473 34.9448699951172 34.9449157714844 34.9449653625488 34.9449768066406 34.9449806213379 34.9449768066406 34.9449729919434 34.9449729919434 34.9449768066406 34.9449920654297 34.9450035095215 34.9450149536133 34.9450225830078 34.9450263977051 34.9449996948242 34.9449501037598 34.9449119567871 34.944881439209 34.9451370239258
34.9450149536133 34.9449577331543 34.9449043273926 34.944938659668 34.9449768066406 34.9449501037598 34.9449348449707 34.9449653625488 34.9449424743652 34.9447975158691 34.9447021484375 34.9446868896484 34.944694519043 34.9447250366211 34.9447364807129 34.9447402954102 34.9447326660156 34.9447250366211 34.9447135925293 34.9447021484375 34.944694519043 34.9446868896484 34.9447021484375 34.9447212219238 34.944751739502 34.9447822570801 34.9448127746582 34.9448471069336 34.9448852539062 34.9449272155762 34.9449729919434 34.9449882507324 34.944995880127 34.9450035095215 34.9450073242188 34.9450149536133 34.9450225830078 34.9450454711914 34.9450607299805 34.9450721740723 34.9450759887695 34.9450759887695 34.9450531005859 34.9450187683105 34.9449996948242 34.9449844360352 34.9450340270996
34.9449577331543 34.9448776245117 34.9447822570801 34.9447898864746 34.9448089599609 34.9447479248047 34.944694519043 34.9446754455566 34.9446411132812 34.9445571899414 34.9445571899414 34.9446792602539 34.9447441101074 34.9447593688965 34.9447708129883 34.9447822570801 34.9447746276855 34.9447593688965 34.944751739502 34.9447402954102 34.9447250366211 34.944709777832 34.9447174072266 34.9447326660156 34.9447631835938 34.9447937011719 34.94482421875 34.9448547363281 34.9448852539062 34.9449310302734 34.9449844360352 34.9450073242188 34.9450263977051 34.9450416564941 34.9450531005859 34.9450607299805 34.9450759887695 34.9451026916504 34.945125579834 34.9451370239258 34.9451370239258 34.945125579834 34.9451141357422 34.9451026916504 34.9451103210449 34.9451217651367 34.9451560974121
34.9448356628418 34.944766998291 34.9446792602539 34.9446678161621 34.9446601867676 34.9445953369141 34.9445457458496 34.9445838928223 34.9445991516113 34.9445495605469 34.9446220397949 34.9448623657227 34.9449691772461 34.9449691772461 34.9449653625488 34.9449577331543 34.9449348449707 34.9449043273926 34.9448738098145 34.9448432922363 34.9447975158691 34.9447593688965 34.9447555541992 34.9447631835938 34.9447898864746 34.9448127746582 34.9448394775391 34.9448699951172 34.9449005126953 34.944953918457 34.9450187683105 34.9450569152832 34.9450874328613 34.9451103210449 34.9451332092285 34.945140838623 34.9451522827148 34.9451789855957 34.9452018737793 34.9452095031738 34.9452056884766 34.9451866149902 34.9451751708984 34.9451713562012 34.945198059082 34.9452362060547 34.9452514648438
34.9446868896484 34.944637298584 34.9445838928223 34.9445495605469 34.944522857666 34.944465637207 34.9444389343262 34.9445762634277 34.9446678161621 34.9446449279785 34.9447746276855 34.9451217651367 34.9452705383301 34.9452514648438 34.9452209472656 34.9451904296875 34.9451446533203 34.9450950622559 34.9450340270996 34.9449691772461 34.9448852539062 34.9448165893555 34.9448051452637 34.9448051452637 34.9448204040527 34.9448394775391 34.9448623657227 34.9448890686035 34.9449157714844 34.9449844360352 34.9450645446777 34.9451179504395 34.9451599121094 34.9451942443848 34.9452209472656 34.9452323913574 34.9452438354492 34.9452629089355 34.9452819824219 34.9452934265137 34.9452819824219 34.9452514648438 34.9452362060547 34.9452362060547 34.9452781677246 34.9453353881836 34.9453392028809
34.9445304870605 34.9444732666016 34.9444046020508 34.9443626403809 34.9443244934082 34.944278717041 34.9443397521973 34.9449348449707 34.9453582763672 34.9453659057617 34.9454383850098 34.9456024169922 34.9456329345703 34.945556640625 34.945484161377 34.9454154968262 34.9453430175781 34.9452705383301 34.9451866149902 34.9451026916504 34.9450263977051 34.9449615478516 34.944938659668 34.9449272155762 34.9449424743652 34.9449577331543 34.9449768066406 34.9450035095215 34.9450340270996 34.9450988769531 34.9451789855957 34.9452323913574 34.9452819824219 34.9453201293945 34.9453544616699 34.9453620910645 34.945369720459 34.9453773498535 34.945384979248 34.945384979248 34.945369720459 34.9453315734863 34.9453086853027 34.9453010559082 34.9453353881836 34.9453926086426 34.9453887939453
34.9443778991699 34.9442977905273 34.944206237793 34.9441604614258 34.9441146850586 34.9440841674805 34.9442443847656 34.9453659057617 34.946174621582 34.9462203979492 34.9462089538574 34.9461250305176 34.9460105895996 34.9458656311035 34.9457473754883 34.9456443786621 34.9455413818359 34.945442199707 34.9453353881836 34.9452362060547 34.9451789855957 34.945125579834 34.9450912475586 34.9450721740723 34.9450798034668 34.9450912475586 34.9451065063477 34.9451370239258 34.9451751708984 34.9452362060547 34.9453048706055 34.9453620910645 34.9454154968262 34.9454574584961 34.9454956054688 34.945499420166 34.9455032348633 34.9455032348633 34.9454956054688 34.945484161377 34.9454574584961 34.9454116821289 34.945384979248 34.9453620910645 34.9453887939453 34.9454383850098 34.945426940918
34.9446601867676 34.9446792602539 34.9446334838867 34.9446144104004 34.9446220397949 34.9452857971191 34.9459571838379 34.9466896057129 34.9471893310547 34.9471168518066 34.9469223022461 34.9465560913086 34.9463005065918 34.9461326599121 34.9460105895996 34.9459114074707 34.9457893371582 34.9456634521484 34.9455261230469 34.9453887939453 34.9453163146973 34.9452476501465 34.9452247619629 34.9452133178711 34.9452247619629 34.9452438354492 34.9452743530273 34.9453163146973 34.945369720459 34.9454231262207 34.9454765319824 34.9455032348633 34.9455299377441 34.9455451965332 34.945556640625 34.9455528259277 34.9455528259277 34.9455490112305 34.9455451965332 34.9455337524414 34.9455108642578 34.9454765319824 34.945442199707 34.9454154968262 34.9454307556152 34.9454650878906 34.9454498291016
34.9450416564941 34.9451599121094 34.9451637268066 34.9451789855957 34.945240020752 34.9465293884277 34.9476585388184 34.9479789733887 34.9481468200684 34.9479637145996 34.9475975036621 34.9469833374023 34.9465980529785 34.9463958740234 34.9462699890137 34.946174621582 34.9460372924805 34.9458885192871 34.9457168579102 34.9455528259277 34.9454574584961 34.9453811645508 34.9453659057617 34.9453620910645 34.9453773498535 34.9454040527344 34.945442199707 34.9454956054688 34.9455604553223 34.9456024169922 34.9456367492676 34.9456367492676 34.9456329345703 34.9456214904785 34.9456062316895 34.9455986022949 34.9455947875977 34.9455909729004 34.9455871582031 34.9455757141113 34.9455604553223 34.9455299377441 34.945499420166 34.9454689025879 34.9454727172852 34.9454879760742 34.9454765319824
34.9462699890137 34.9464263916016 34.9465408325195 34.9466171264648 34.9467163085938 34.9476051330566 34.9483604431152 34.9484443664551 34.9484367370605 34.9482154846191 34.947883605957 34.9474029541016 34.9470024108887 34.9466667175293 34.9464988708496 34.9464149475098 34.9462623596191 34.9460945129395 34.9459342956543 34.9457778930664 34.9456901550293 34.9456176757812 34.9456100463867 34.945613861084 34.945629119873 34.9456443786621 34.9456481933594 34.9456558227539 34.9456672668457 34.9456672668457 34.9456672668457 34.9456520080566 34.9456367492676 34.945613861084 34.9455947875977 34.9455871582031 34.9455795288086 34.9455795288086 34.9455833435059 34.9455795288086 34.9455718994141 34.945556640625 34.9455299377441 34.9455032348633 34.9454956054688 34.9454917907715 34.945484161377
34.9473419189453 34.9475326538086 34.9477386474609 34.9478607177734 34.9479866027832 34.9485054016113 34.9489250183105 34.9488334655762 34.9486961364746 34.9484558105469 34.9481658935547 34.947811126709 34.9474334716797 34.9470443725586 34.9468650817871 34.9467849731445 34.9466209411621 34.9464378356934 34.9462890625 34.9461402893066 34.9460563659668 34.9459800720215 34.9459648132324 34.9459533691406 34.9459571838379 34.9459419250488 34.9459037780762 34.9458541870117 34.94580078125 34.9457588195801 34.9457206726074 34.9456901550293 34.9456596374512 34.9456214904785 34.9455871582031 34.9455757141113 34.9455642700195 34.9455680847168 34.9455718994141 34.9455757141113 34.9455757141113 34.9455718994141 34.945556640625 34.9455337524414 34.9455146789551 34.945499420166 34.9454917907715
34.9478492736816 34.9480438232422 34.9482765197754 34.9484024047852 34.9485168457031 34.9487915039062 34.9490089416504 34.9489402770996 34.9488334655762 34.9486351013184 34.948413848877 34.9481658935547 34.9479713439941 34.947826385498 34.9477157592773 34.9476280212402 34.9474716186523 34.9472961425781 34.9471435546875 34.9469947814941 34.9468994140625 34.9468002319336 34.9467086791992 34.9466285705566 34.9465599060059 34.9464645385742 34.9463272094727 34.9461822509766 34.9460372924805 34.9459419250488 34.9458656311035 34.9458084106445 34.9457511901855 34.9456825256348 34.945613861084 34.9455795288086 34.9455528259277 34.9455490112305 34.9455490112305 34.945556640625 34.9455604553223 34.9455680847168 34.9455604553223 34.9455451965332 34.9455223083496 34.945499420166 34.9454879760742
