Ecospace-environmental-drivers/Outputs/ASCII-for-ecospace/MOM6-ISIMIP3a/so-bot/1990-02_so-bot_MOM6-ISIMIP3a.asc
NCOLS 131 
NROWS 53 
XLLCORNER -98 
YLLCORNER 23.9265270233154 
CELLSIZE 0.133587792515755 
NODATA_value -9999 
[rows 0 to 20 of 53, columns 47 to 93 of 131]
-9999 -9999 -9999 -9999 -9999 -9999 -9999 -9999 -9999 -9999 -9999 -9999 -9999 -9999 -9999 -9999 -9999 -9999 -9999 -9999 -9999 -9999 -9999 -9999 -9999 -9999 -9999 -9999 -9999 -9999 -9999 -9999 -9999 -9999 -9999 -9999 -9999 -9999 -9999 -9999 -9999 -9999 -9999 -9999 -9999 -9999 -9999
-9999 -9999 -9999 -9999 -9999 -9999 -9999 -9999 -9999 -9999 -9999 -9999 -9999 -9999 -9999 -9999 -9999 -9999 -9999 -9999 -9999 -9999 -9999 -9999 -9999 -9999 -9999 -9999 -9999 -9999 -9999 -9999 -9999 -9999 -9999 -9999 -9999 -9999 -9999 -9999 -9999 -9999 -9999 -9999 -9999 -9999 -9999
-9999 -9999 -9999 -9999 -9999 -9999 -9999 -9999 -9999 -9999 -9999 -9999 -9999 -9999 -9999 -9999 -9999 -9999 -9999 -9999 -9999 -9999 -9999 -9999 -9999 -9999 -9999 32.8883819580078 33.4287567138672 -9999 -9999 -9999 -9999 -9999 -9999 -9999 -9999 -9999 -9999 -9999 -9999 -9999 -9999 -9999 -9999 -9999 -9999
-9999 -9999 -9999 -9999 -9999 -9999 -9999 -9999 -9999 -9999 -9999 -9999 -9999 -9999 -9999 -9999 -9999 -9999 -9999 -9999 -9999 -9999 -9999 -9999 -9999 -9999 -9999 32.8838233947754 33.4325256347656 -9999 -9999 -9999 -9999 -9999 -9999 -9999 -9999 -9999 -9999 -9999 -9999 -9999 -9999 -9999 -9999 -9999 -9999
-9999 -9999 -9999 -9999 -9999 -9999 -9999 -9999 -9999 -9999 -9999 -9999 -9999 -9999 -9999 -9999 -9999 -9999 25.0589733123779 25.3598136901855 25.6004867553711 27.0043907165527 28.1866359710693 30.083194732666 31.2427921295166 31.8291854858398 32.3469734191895 32.8702278137207 33.4342651367188 33.9930801391602 -9999 -9999 35.2259483337402 35.4392967224121 35.5352745056152 35.5977401733398 35.6403961181641 35.6888999938965 35.733699798584 35.7626991271973 35.7750091552734 35.7646636962891 -9999 -9999 -9999 -9999 -9999
-9999 -9999 -9999 -9999 -9999 -9999 -9999 -9999 -9999 -9999 -9999 -9999 -9999 -9999 19.4661197662354 -9999 18.93137550354 18.4969081878662 21.9074840545654 25.0589733123779 25.4199829101562 25.6004867553711 28.4082927703857 30.5511283874512 31.2901630401611 31.8870830535889 32.3103103637695 32.8435249328613 33.456844329834 34.0024299621582 34.519962310791 34.9248657226562 35.3076248168945 35.4453544616699 35.5649070739746 35.5955657958984 35.6327476501465 35.69287109375 35.7410774230957 35.7671546936035 35.7798652648926 35.7780113220215 35.7361145019531 35.6683044433594 -9999 -9999 -9999
-9999 -9999 -9999 -9999 -9999 -9999 -9999 -9999 -9999 -9999 25.592845916748 25.5341854095459 25.506326675415 25.4678077697754 22.5015697479248 19.542516708374 19.389720916748 18.9074954986572 18.4969081878662 22.1665706634521 25.0589733123779 25.6004867553711 28.4082927703857 30.5511283874512 31.2901630401611 31.8870830535889 32.3103103637695 32.8435249328613 33.456844329834 34.0024299621582 34.519962310791 34.9248657226562 35.3076248168945 35.4453544616699 35.5649070739746 35.5955657958984 35.6327476501465 35.69287109375 35.7410774230957 35.7671546936035 35.7798652648926 35.7780113220215 35.7361145019531 35.6683044433594 35.6503829956055 35.6724662780762 -9999
-9999 -9999 -9999 -9999 -9999 -9999 -9999 -9999 -9999 -9999 25.907356262207 25.592845916748 25.4755249023438 -9999 25.4772891998291 22.6477165222168 19.6953125 19.389720916748 18.8358592987061 18.4969081878662 22.9438285827637 27.0169315338135 29.5255737304688 31.5640659332275 32.610034942627 33.2724723815918 33.4661598205566 33.7380218505859 34.0668182373047 34.414909362793 34.7709884643555 35.0880813598633 35.3975105285645 35.4835090637207 35.5644378662109 35.6766624450684 35.7732543945312 35.814868927002 35.8423538208008 35.8435974121094 35.8415145874023 35.835807800293 35.8154335021973 35.7855644226074 35.721607208252 35.6454048156738 35.464282989502
-9999 -9999 -9999 -9999 -9999 -9999 -9999 -9999 -9999 -9999 -9999 -9999 -9999 -9999 25.4007663726807 25.6728973388672 23.0798873901367 20.0009059906006 19.389720916748 18.6209468841553 23.910924911499 28.5981998443604 30.7631034851074 32.6734657287598 34.0464706420898 34.7783126831055 34.7265243530273 34.7162208557129 34.7361373901367 34.8677520751953 35.0456237792969 35.2654571533203 35.493537902832 35.5267295837402 35.5687484741211 35.7674903869629 35.9270286560059 35.9487228393555 35.9538650512695 35.9282608032227 35.9100761413574 35.899974822998 35.9026641845703 35.9136276245117 35.80712890625 35.6584358215332 35.4091720581055
30.9662532806396 -9999 -9999 -9999 -9999 -9999 -9999 -9999 -9999 -9999 29.0653285980225 26.2297286987305 -9999 -9999 -9999 25.4858894348145 26.409236907959 24.1136875152588 20.6120910644531 21.0495281219482 26.088306427002 30.4322090148926 31.8679828643799 33.2356491088867 34.4595375061035 35.1453018188477 35.1733741760254 35.160816192627 35.1186599731445 35.1346168518066 35.1746406555176 35.3075408935547 35.4587020874023 35.5980377197266 35.7375106811523 35.8826599121094 36.0009231567383 36.0246505737305 36.0305595397949 36.0033836364746 35.9805183410645 35.9623565673828 35.9592781066895 35.9659576416016 35.8821487426758 35.7658348083496 35.4693336486816
30.769474029541 30.7404251098633 -9999 -9999 -9999 -9999 -9999 -9999 -9999 -9999 30.55393409729 29.1491718292236 26.2297286987305 -9999 -9999 24.6542835235596 26.2105388641357 28.3628883361816 25.9931983947754 23.7782821655273 28.3376483917236 32.1654624938965 32.9316635131836 33.8018035888672 34.8913688659668 35.5268783569336 35.6074256896973 35.5841484069824 35.4852409362793 35.4000396728516 35.3205108642578 35.3765106201172 35.4591522216797 35.6792411804199 35.8912658691406 35.9747581481934 36.0488052368164 36.089656829834 36.1060905456543 36.0771789550781 36.0504341125488 36.0260429382324 36.0146217346191 36.0115928649902 35.9492950439453 35.8657035827637 35.5468215942383
30.769474029541 30.6823291778564 30.8322353363037 30.8072414398193 -9999 -9999 -9999 -9999 -9999 -9999 -9999 30.7219257354736 28.9593830108643 26.2297286987305 25.592845916748 24.6542835235596 26.2105388641357 28.3628883361816 28.2173767089844 28.1171073913574 30.9729709625244 33.3582916259766 33.7743530273438 34.3892440795898 35.4238700866699 35.9866752624512 35.9728126525879 35.8934211730957 35.7663040161133 35.6577110290527 35.5567932128906 35.5896873474121 35.6488838195801 35.8135643005371 35.9645042419434 35.9430732727051 35.9571571350098 36.0961036682129 36.1753845214844 36.1438598632812 36.117488861084 36.0967330932617 36.0631713867188 36.0213279724121 35.9741973876953 35.9251747131348 35.7172203063965
30.8901615142822 30.8716716766357 30.9584846496582 30.8164539337158 -9999 -9999 -9999 -9999 29.9603385925293 30.1962642669678 30.6060752868652 31.2546081542969 30.3050937652588 28.0480995178223 26.8257942199707 26.0935974121094 27.3773212432861 29.1427154541016 30.4557075500488 31.7458248138428 33.1553573608398 34.345630645752 34.6182861328125 35.0695266723633 35.8977737426758 36.3055305480957 36.1993637084961 36.0479469299316 35.8635711669922 35.7308883666992 35.6196098327637 35.631160736084 35.6668586730957 35.7791633605957 35.8769645690918 35.8054161071777 35.795295715332 36.0011787414551 36.1348037719727 36.1342468261719 36.1377716064453 36.1457443237305 36.115478515625 36.0604667663574 36.0308837890625 36.0104370117188 35.8981971740723
31.3125743865967 31.1205272674561 30.9796276092529 30.8164539337158 30.6467838287354 30.36328125 30.1057167053223 29.9800853729248 29.9603385925293 30.1962642669678 30.6060752868652 31.2546081542969 31.4293174743652 31.2163543701172 31.1411800384521 31.1312713623047 31.4611225128174 31.8721523284912 32.7294235229492 33.599235534668 34.2053871154785 34.8192367553711 35.4653167724609 35.9819145202637 36.2251739501953 36.2720222473145 36.0788192749023 35.8155860900879 35.5013389587402 35.3428115844727 35.2487678527832 35.2433891296387 35.2554359436035 35.3229484558105 35.3874778747559 35.4028015136719 35.457893371582 35.6528129577637 35.8195304870605 35.9338836669922 36.0411033630371 36.1405563354492 36.177173614502 36.1731300354004 36.1670227050781 36.1601753234863 36.1056365966797
32.1041717529297 31.7583827972412 31.4075031280518 31.2155590057373 31.0387916564941 30.8326416015625 30.6492481231689 30.5816097259521 30.6051406860352 30.8488082885742 31.2280654907227 31.7934665679932 32.6024169921875 33.6106376647949 34.1922264099121 34.5717277526855 34.4076309204102 34.1136474609375 34.5767784118652 35.0666313171387 35.1883430480957 35.4021682739258 36.0015068054199 36.354434967041 36.1871757507324 36.0021095275879 35.7952842712402 35.5280914306641 35.2169303894043 35.0790100097656 35.0128326416016 35.0019454956055 35.0019226074219 35.0439720153809 35.0898361206055 35.1577796936035 35.2530746459961 35.4445343017578 35.6226768493652 35.7760925292969 35.9309730529785 36.0874443054199 36.1854515075684 36.2456283569336 36.2646408081055 36.2688598632812 36.2555885314941
33.4177322387695 32.9462127685547 32.4104232788086 32.1789207458496 31.9850273132324 31.9655933380127 31.9612350463867 32.0335807800293 32.1615715026855 32.4239349365234 32.7294387817383 33.0941696166992 33.8446235656738 34.9106674194336 35.4557304382324 35.7540130615234 35.7462120056152 35.6652793884277 35.8213386535645 35.9882736206055 36.0764694213867 36.1396636962891 36.0982322692871 35.9636840820312 35.6325645446777 35.3979568481445 35.281307220459 35.162654876709 35.0425491333008 34.9909133911133 34.9676284790039 34.9673843383789 34.9716720581055 35.0155715942383 35.0634231567383 35.135555267334 35.2356948852539 35.4343147277832 35.5932502746582 35.6784973144531 35.8017997741699 35.9665718078613 36.1182060241699 36.2613410949707 36.307788848877 36.3195037841797 36.324275970459
34.5064315795898 34.1166648864746 33.6581382751465 33.3604583740234 33.0913734436035 33.1497573852539 33.2351112365723 33.4576797485352 33.6890258789062 33.9415855407715 34.1701698303223 34.3658485412598 34.9207649230957 35.7695999145508 36.1736526489258 36.3670234680176 36.4157905578613 36.4300079345703 36.4453010559082 36.452808380127 36.3459815979004 36.1979598999023 35.8775520324707 35.5639572143555 35.2647438049316 35.0748405456543 35.0185432434082 34.981330871582 34.9580268859863 34.9492416381836 34.9464683532715 34.9514808654785 34.9580192565918 35.0002403259277 35.0457229614258 35.1101684570312 35.1995429992676 35.3765602111816 35.5206642150879 35.6036338806152 35.7286796569824 35.8995590209961 36.074779510498 36.2528038024902 36.3194351196289 36.3460540771484 36.3606109619141
35.4057769775391 35.2724800109863 35.1119956970215 34.7257232666016 34.3325500488281 34.3770446777344 34.4768943786621 34.8583068847656 35.192081451416 35.410831451416 35.5598335266113 35.6130905151367 35.857063293457 36.2570762634277 36.4321365356445 36.5006370544434 36.5219879150391 36.5320739746094 36.5466384887695 36.5324058532715 36.0945434570312 35.6842880249023 35.3895797729492 35.1566696166992 35.0542144775391 34.9883880615234 34.9673271179199 34.9550514221191 34.9491767883301 34.9466705322266 34.945556640625 34.9512786865234 34.9583435058594 34.9959106445312 35.0353584289551 35.0821189880371 35.147575378418 35.2787780761719 35.4117279052734 35.5479202270508 35.7027587890625 35.8779106140137 36.0514106750488 36.2238464355469 36.304557800293 36.3523216247559 36.3697052001953
35.9173965454102 35.878849029541 35.8304672241211 35.5548210144043 35.2680625915527 35.3092956542969 35.3923797607422 35.688362121582 35.9402389526367 36.0856246948242 36.1780281066895 36.197696685791 36.3001403808594 36.4703063964844 36.4580078125 36.3592834472656 36.2877388000488 36.2226867675781 36.2262268066406 36.2060432434082 35.7719535827637 35.3795318603516 35.1614952087402 35.0039443969727 34.9740676879883 34.9548683166504 34.9487075805664 34.9460182189941 34.945858001709 34.9455375671387 34.9451560974121 34.9496650695801 34.9551315307617 34.987003326416 35.0201644897461 35.0563735961914 35.1064872741699 35.2054862976074 35.3141403198242 35.4407234191895 35.5831832885742 35.7429428100586 35.9133796691895 36.0907211303711 36.2109107971191 36.3105697631836 36.3561401367188
36.2392768859863 36.2163352966309 36.1890678405762 36.1215362548828 36.0539894104004 36.0971603393555 36.148193359375 36.2391967773438 36.3189697265625 36.3716354370117 36.4186859130859 36.4580307006836 36.5018463134766 36.5493240356445 36.3700523376465 36.0833740234375 35.8868827819824 35.7119407653809 35.6994209289551 35.6810188293457 35.4145431518555 35.1770095825195 35.0605926513672 34.9757919311523 34.9577293395996 34.9472465515137 34.9460372924805 34.9454231262207 34.945240020752 34.9451141357422 34.945011138916 34.9473609924316 34.9501914978027 34.9758529663086 35.0026092529297 35.0317611694336 35.0707244873047 35.1441841125488 35.222110748291 35.3083343505859 35.4177780151367 35.5525245666504 35.7192344665527 35.906623840332 36.0787200927734 36.2453155517578 36.3314895629883
36.4353866577148 36.420482635498 36.4031219482422 36.3827209472656 36.363899230957 36.3961219787598 36.428581237793 36.4622192382812 36.4920845031738 36.5128555297852 36.5356636047363 36.5612754821777 36.5811805725098 36.5964164733887 36.3722305297852 36.0346374511719 35.7057113647461 35.3788566589355 35.3507614135742 35.3348083496094 35.1967926025391 35.0728340148926 35.007682800293 34.9604263305664 34.9509506225586 34.9456253051758 34.9453735351562 34.9451751708984 34.9450187683105 34.9449501037598 34.9449157714844 34.9460105895996 34.9473304748535 34.9613609313965 34.97607421875 34.9928665161133 35.0183219909668 35.0742378234863 35.1309509277344 35.1891403198242 35.2634811401367 35.3554153442383 35.4785652160645 35.6219062805176 35.7736892700195 35.9285011291504 36.1232719421387
