Ecospace-environmental-drivers/Outputs/ASCII-for-ecospace/MOM6-ISIMIP3a/so-bot/1990-08_so-bot_MOM6-ISIMIP3a.asc
NCOLS 131 
NROWS 53 
XLLCORNER -98 
YLLCORNER 23.9265270233154 
CELLSIZE 0.133587792515755 
NODATA_value -9999 
[rows 21 to 41 of 53, columns 47 to 93 of 131]
36.4940376281738 36.5045509338379 36.5146942138672 36.5104026794434 36.5050926208496 36.5121765136719 36.519416809082 36.5274353027344 36.531810760498 36.5273818969727 36.5220832824707 36.5155868530273 36.540412902832 36.5908660888672 36.3415641784668 35.9502754211426 35.5259704589844 35.0937805175781 35.0514106750488 35.0356330871582 35.017162322998 34.9967498779297 34.9682006835938 34.9482307434082 34.9463806152344 34.9452972412109 34.9451560974121 34.9450607299805 34.944995880127 34.9448852539062 34.9447631835938 34.94482421875 34.9449272155762 34.9462127685547 34.9478073120117 34.9519577026367 34.9642486572266 35.0051422119141 35.0456771850586 35.0855484008789 35.1337203979492 35.1909370422363 35.2848243713379 35.4024353027344 35.5459098815918 35.698673248291 35.9777145385742
36.5783882141113 36.5879898071289 36.598445892334 36.6020317077637 36.6048736572266 36.6064834594727 36.605281829834 36.589786529541 36.5780029296875 36.5751914978027 36.4963684082031 36.3132019042969 36.1973152160645 36.1364860534668 35.9053916931152 35.5936508178711 35.3224678039551 35.0609817504883 35.0174255371094 34.9903030395508 34.984489440918 34.976390838623 34.958740234375 34.9464912414551 34.9456329345703 34.9451141357422 34.9450187683105 34.9449310302734 34.9448585510254 34.9447937011719 34.9447326660156 34.9447326660156 34.9447479248047 34.9448928833008 34.9451751708984 34.9467391967773 34.9523429870605 34.9721412658691 34.9917907714844 35.0111694335938 35.040168762207 35.0796432495117 35.1385078430176 35.2099113464355 35.3141212463379 35.430118560791 35.6875610351562
36.6351280212402 36.6368522644043 36.6389465332031 36.6382598876953 36.6369972229004 36.6279144287109 36.6141738891602 36.5767593383789 36.5485763549805 36.5426826477051 36.3959045410156 36.0557174682617 35.8132362365723 35.6506958007812 35.4476623535156 35.2254486083984 35.121696472168 35.0462532043457 35.0034866333008 34.9655151367188 34.9645957946777 34.9619941711426 34.9523544311523 34.9456672668457 34.9452133178711 34.944938659668 34.944881439209 34.9448089599609 34.9447250366211 34.9447021484375 34.9447059631348 34.9447174072266 34.9447288513184 34.9447822570801 34.9448356628418 34.9448280334473 34.9448165893555 34.9447784423828 34.9452972412109 34.9468574523926 34.959114074707 34.983024597168 35.0084419250488 35.0348243713379 35.0974235534668 35.1730346679688 35.395206451416
36.318660736084 36.2246437072754 36.1032066345215 36.0928535461426 36.0905685424805 35.999195098877 35.9202728271484 35.9046821594238 35.8697967529297 35.7883148193359 35.6765785217285 35.5233039855957 35.4141044616699 35.3409690856934 35.2349548339844 35.1133728027344 35.0541801452637 35.0098991394043 34.9835586547852 34.959903717041 34.9574508666992 34.9544982910156 34.949462890625 34.9458465576172 34.9452285766602 34.9448509216309 34.9447708129883 34.9447250366211 34.9447059631348 34.9447135925293 34.9447364807129 34.9447784423828 34.9448280334473 34.9448547363281 34.9448776245117 34.9448623657227 34.9448471069336 34.9448204040527 34.9450492858887 34.945743560791 34.9512405395508 34.9619674682617 34.9733543395996 34.9851684570312 35.025016784668 35.0749320983887 35.2210273742676
35.9540977478027 35.79833984375 35.5975074768066 35.5806427001953 35.5774459838867 35.4348487854004 35.3160133361816 35.3180656433105 35.2818298339844 35.153133392334 35.0782585144043 35.0772666931152 35.0764541625977 35.0757904052734 35.0509605407715 35.0146751403809 34.9938774108887 34.9767799377441 34.9650993347168 34.9543037414551 34.9509544372559 34.9480285644531 34.9468650817871 34.945858001709 34.945182800293 34.944766998291 34.9446716308594 34.944652557373 34.944694519043 34.9447288513184 34.9447631835938 34.9448318481445 34.9449081420898 34.9449157714844 34.9449157714844 34.9448928833008 34.9448738098145 34.9448623657227 34.9448509216309 34.9448394775391 34.9448280334473 34.9448204040527 34.9447860717773 34.9447364807129 34.9639434814453 34.990062713623 35.0675582885742
35.3786468505859 35.3102111816406 35.2235221862793 35.2139892578125 35.2103538513184 35.1527557373047 35.1048393249512 35.1061782836914 35.092041015625 35.0405502319336 35.0105209350586 35.0099563598633 35.008373260498 35.0059547424316 34.9928436279297 34.974666595459 34.9652099609375 34.957836151123 34.9531059265137 34.9487571716309 34.9473075866699 34.9460487365723 34.9455680847168 34.9451560974121 34.9448852539062 34.9447021484375 34.9446258544922 34.9446334838867 34.944709777832 34.9447555541992 34.9447898864746 34.9448585510254 34.9449310302734 34.9449310302734 34.9449234008789 34.9449081420898 34.9448890686035 34.9448776245117 34.9448623657227 34.9448547363281 34.9448432922363 34.9448318481445 34.9448089599609 34.9447746276855 34.952579498291 34.9631996154785 35.0048942565918
34.978084564209 34.9708137512207 34.963695526123 34.9598960876465 34.9565773010254 34.9571762084961 34.9577980041504 34.9585227966309 34.9593772888184 34.9605445861816 34.9611206054688 34.9608879089355 34.9590339660645 34.9558601379395 34.9515838623047 34.9467849731445 34.9453887939453 34.9448013305664 34.9448356628418 34.944896697998 34.9447746276855 34.9446716308594 34.9446601867676 34.9446601867676 34.9446830749512 34.9446716308594 34.9446182250977 34.9446487426758 34.9447364807129 34.9447898864746 34.9448318481445 34.9448890686035 34.9449501037598 34.9449424743652 34.9449348449707 34.9449195861816 34.9449081420898 34.9448928833008 34.944881439209 34.9448699951172 34.9448623657227 34.9448547363281 34.9448394775391 34.9448165893555 34.9448051452637 34.9447937011719 34.9592514038086
34.9590950012207 34.9559135437012 34.9529571533203 34.9513931274414 34.9500312805176 34.9503593444824 34.9506912231445 34.9510269165039 34.951343536377 34.9516258239746 34.9517364501953 34.9516105651855 34.9505882263184 34.9488334655762 34.9471015930176 34.9453773498535 34.9448776245117 34.9446754455566 34.9446907043457 34.9447174072266 34.9446601867676 34.9446144104004 34.9446067810059 34.9446182250977 34.9446792602539 34.9447059631348 34.9446983337402 34.9447326660156 34.9447937011719 34.9448509216309 34.9449043273926 34.9449310302734 34.944953918457 34.9449501037598 34.9449462890625 34.944938659668 34.9449310302734 34.9449119567871 34.944896697998 34.9448890686035 34.9448852539062 34.9448928833008 34.9448890686035 34.9448738098145 34.9448585510254 34.9448356628418 34.950740814209
34.9476890563965 34.9469947814941 34.9464988708496 34.9462547302246 34.9460563659668 34.9462356567383 34.946403503418 34.9465141296387 34.9465255737305 34.9462966918945 34.9461212158203 34.9460220336914 34.9455795288086 34.9448547363281 34.9446182250977 34.9446105957031 34.9446144104004 34.9446220397949 34.9446258544922 34.9446296691895 34.9446105957031 34.9445991516113 34.9445991516113 34.9446220397949 34.9446907043457 34.9447364807129 34.9447555541992 34.9447898864746 34.9448356628418 34.9448928833008 34.9449501037598 34.9449615478516 34.9449653625488 34.9449653625488 34.9449653625488 34.9449615478516 34.944953918457 34.944938659668 34.9449234008789 34.9449157714844 34.9449272155762 34.9449501037598 34.9449615478516 34.9449615478516 34.9449424743652 34.9449157714844 34.9457931518555
34.9458274841309 34.9455986022949 34.945426940918 34.9453582763672 34.9453125 34.9454956054688 34.9456672668457 34.9457626342773 34.9457511901855 34.9454803466797 34.9452476501465 34.945068359375 34.9448890686035 34.944709777832 34.944652557373 34.9446563720703 34.9446563720703 34.944652557373 34.9446563720703 34.9446563720703 34.9446487426758 34.9446449279785 34.944652557373 34.9446754455566 34.9447212219238 34.9447593688965 34.9447860717773 34.9448204040527 34.9448623657227 34.9449081420898 34.9449577331543 34.9449729919434 34.9449806213379 34.9449882507324 34.944995880127 34.9449920654297 34.9449844360352 34.9449691772461 34.9449577331543 34.9449577331543 34.9449844360352 34.9450340270996 34.945068359375 34.9450874328613 34.9450721740723 34.9450416564941 34.9453201293945
34.944995880127 34.9449462890625 34.9448776245117 34.9449081420898 34.9449462890625 34.9450607299805 34.9451637268066 34.9452095031738 34.9451713562012 34.9449348449707 34.944751739502 34.9446487426758 34.9446258544922 34.9446640014648 34.9446830749512 34.9446907043457 34.9446868896484 34.9446792602539 34.9446830749512 34.9446830749512 34.9446792602539 34.9446792602539 34.944694519043 34.9447135925293 34.9447479248047 34.9447822570801 34.9448127746582 34.9448432922363 34.944881439209 34.9449234008789 34.9449691772461 34.9449882507324 34.9450035095215 34.9450187683105 34.9450302124023 34.9450302124023 34.9450225830078 34.9450073242188 34.9449996948242 34.9450073242188 34.9450416564941 34.9451065063477 34.9451522827148 34.9451866149902 34.9451866149902 34.9451675415039 34.945182800293
34.944938659668 34.9448471069336 34.9447250366211 34.9447898864746 34.9448661804199 34.9448509216309 34.9448318481445 34.9448013305664 34.9447326660156 34.9445915222168 34.9445419311523 34.9446296691895 34.9446792602539 34.944694519043 34.9447059631348 34.9447174072266 34.944709777832 34.9447021484375 34.9447059631348 34.9447135925293 34.944709777832 34.9447059631348 34.9447212219238 34.9447441101074 34.9447746276855 34.9448051452637 34.9448356628418 34.9448661804199 34.944896697998 34.944938659668 34.9449844360352 34.9450073242188 34.9450302124023 34.9450492858887 34.9450645446777 34.945068359375 34.9450645446777 34.9450531005859 34.9450454711914 34.9450569152832 34.9450988769531 34.9451675415039 34.9452247619629 34.9452705383301 34.9452896118164 34.9452934265137 34.9452934265137
34.9447937011719 34.9447135925293 34.9446067810059 34.944652557373 34.944709777832 34.9446563720703 34.9446144104004 34.9446258544922 34.9446144104004 34.9445419311523 34.9445877075195 34.9447898864746 34.9448852539062 34.944896697998 34.9448852539062 34.9448661804199 34.9448471069336 34.9448280334473 34.9448165893555 34.9448013305664 34.9447746276855 34.944751739502 34.9447593688965 34.9447746276855 34.9448013305664 34.9448280334473 34.9448585510254 34.9448852539062 34.9449081420898 34.9449577331543 34.9450187683105 34.9450531005859 34.9450836181641 34.9451026916504 34.9451179504395 34.9451141357422 34.9451103210449 34.9450950622559 34.9450912475586 34.9450988769531 34.9451332092285 34.9452018737793 34.9452629089355 34.9453201293945 34.9453506469727 34.945369720459 34.9453620910645
34.9446144104004 34.9445571899414 34.9444999694824 34.944507598877 34.944522857666 34.9444732666016 34.9444465637207 34.9445533752441 34.9446258544922 34.9446220397949 34.9447402954102 34.9450225830078 34.9451560974121 34.9451713562012 34.9451370239258 34.9450721740723 34.9450378417969 34.9450073242188 34.9449615478516 34.9449119567871 34.9448547363281 34.9448051452637 34.9448013305664 34.9448051452637 34.9448280334473 34.9448509216309 34.9448738098145 34.944896697998 34.9449195861816 34.9449806213379 34.9450607299805 34.9451065063477 34.9451484680176 34.9451637268066 34.9451789855957 34.9451713562012 34.9451599121094 34.945140838623 34.9451293945312 34.9451293945312 34.9451637268066 34.9452247619629 34.9452934265137 34.9453582763672 34.9453964233398 34.9454231262207 34.9454116821289
34.9444732666016 34.9444198608398 34.9443626403809 34.9443473815918 34.9443321228027 34.9442977905273 34.9443511962891 34.9448471069336 34.9452171325684 34.9452857971191 34.9453773498535 34.9455032348633 34.9455261230469 34.9454612731934 34.945369720459 34.9452667236328 34.9452095031738 34.9451599121094 34.9450950622559 34.9450340270996 34.9449844360352 34.944938659668 34.9449272155762 34.9449234008789 34.944938659668 34.9449577331543 34.9449844360352 34.9450073242188 34.9450263977051 34.9450874328613 34.9451675415039 34.9452209472656 34.9452743530273 34.9452896118164 34.9453048706055 34.9452896118164 34.9452743530273 34.9452476501465 34.9452247619629 34.9452056884766 34.9452209472656 34.9452667236328 34.9453201293945 34.945384979248 34.9454193115234 34.945442199707 34.9454345703125
34.9443397521973 34.9442825317383 34.9442176818848 34.9441795349121 34.9441413879395 34.9441261291504 34.9442710876465 34.9452171325684 34.945930480957 34.9460678100586 34.9461135864258 34.9460372924805 34.945915222168 34.9457550048828 34.9456024169922 34.9454574584961 34.9453735351562 34.9453086853027 34.9452323913574 34.9451599121094 34.9451217651367 34.9450874328613 34.9450645446777 34.9450569152832 34.945068359375 34.9450874328613 34.9451141357422 34.9451370239258 34.9451560974121 34.9452133178711 34.9452857971191 34.9453506469727 34.9454116821289 34.9454307556152 34.9454460144043 34.945426940918 34.9454002380371 34.9453620910645 34.9453277587891 34.9452934265137 34.9452857971191 34.9453086853027 34.9453506469727 34.9454040527344 34.9454345703125 34.9454574584961 34.9454498291016
34.9446029663086 34.9445991516113 34.9445304870605 34.9445343017578 34.9445648193359 34.9451065063477 34.9456939697266 34.9464836120605 34.9470481872559 34.9470558166504 34.9469184875488 34.9465789794922 34.9463043212891 34.9460792541504 34.9459037780762 34.9457473754883 34.9456481933594 34.945556640625 34.945484161377 34.9454193115234 34.9453926086426 34.945369720459 34.9453659057617 34.945369720459 34.9453926086426 34.9454116821289 34.9454345703125 34.9454498291016 34.9454574584961 34.9454879760742 34.9455223083496 34.9455490112305 34.9455757141113 34.9455795288086 34.9455795288086 34.9455528259277 34.9455261230469 34.9454956054688 34.9454650878906 34.945426940918 34.9454078674316 34.9454002380371 34.9454154968262 34.9454383850098 34.9454536437988 34.9454689025879 34.9454650878906
34.9449615478516 34.945011138916 34.9449424743652 34.9449882507324 34.9450874328613 34.9461479187012 34.9471282958984 34.9477233886719 34.948112487793 34.9479904174805 34.947681427002 34.9471092224121 34.9466934204102 34.946403503418 34.9462013244629 34.9460411071777 34.9459266662598 34.9458198547363 34.9457511901855 34.9456901550293 34.9456787109375 34.9456672668457 34.9456787109375 34.9456977844238 34.9457244873047 34.9457473754883 34.9457550048828 34.9457588195801 34.9457511901855 34.9457473754883 34.945743560791 34.9457321166992 34.9457206726074 34.9457054138184 34.9456901550293 34.9456634521484 34.9456367492676 34.9456176757812 34.9455909729004 34.945556640625 34.9455223083496 34.9454879760742 34.9454765319824 34.9454765319824 34.9454765319824 34.9454765319824 34.9454765319824
34.9461212158203 34.9461975097656 34.946216583252 34.9462776184082 34.9463729858398 34.9472274780273 34.9479866027832 34.9482536315918 34.9483985900879 34.9482498168945 34.9479789733887 34.9475402832031 34.9471130371094 34.9466896057129 34.9464569091797 34.9463157653809 34.946216583252 34.9461288452148 34.946102142334 34.9460792541504 34.9460906982422 34.946102142334 34.946102142334 34.9460983276367 34.9460792541504 34.946044921875 34.9459915161133 34.945930480957 34.9458656311035 34.94580078125 34.9457397460938 34.945686340332 34.9456367492676 34.945613861084 34.9455947875977 34.9455833435059 34.9455795288086 34.9455871582031 34.9455871582031 34.9455795288086 34.9455642700195 34.9455413818359 34.9455223083496 34.9455108642578 34.9454956054688 34.945484161377 34.945484161377
34.9471168518066 34.9472274780273 34.9473304748535 34.9474067687988 34.9475021362305 34.9481430053711 34.9486808776855 34.9486846923828 34.9486427307129 34.9484710693359 34.9482460021973 34.9479370117188 34.9475364685059 34.9470634460449 34.9468307495117 34.9467124938965 34.9466323852539 34.9465599060059 34.9465560913086 34.9465599060059 34.9465789794922 34.946590423584 34.9465675354004 34.9465255737305 34.9464454650879 34.9463500976562 34.9462242126465 34.9460983276367 34.9459686279297 34.9458503723145 34.9457359313965 34.9456481933594 34.9455642700195 34.9455375671387 34.9455146789551 34.9455184936523 34.9455299377441 34.9455604553223 34.9455833435059 34.9455947875977 34.9455947875977 34.9455795288086 34.9455604553223 34.9455375671387 34.9455146789551 34.9454956054688 34.9454917907715
34.9475173950195 34.9476623535156 34.9478454589844 34.9479560852051 34.948070526123 34.9484443664551 34.9487533569336 34.9487571716309 34.9487152099609 34.9485664367676 34.9483947753906 34.9481964111328 34.9479866027832 34.9477729797363 34.9476509094238 34.9475708007812 34.9474945068359 34.9474220275879 34.9473915100098 34.9473686218262 34.9473342895508 34.9472846984863 34.9471664428711 34.9470329284668 34.9468574523926 34.9466667175293 34.9464454650879 34.9462394714355 34.9460334777832 34.945873260498 34.945728302002 34.9456214904785 34.9455261230469 34.9455032348633 34.9454879760742 34.945499420166 34.9455108642578 34.9455375671387 34.9455604553223 34.9455795288086 34.9455871582031 34.9455795288086 34.9455680847168 34.9455490112305 34.9455299377441 34.9455108642578 34.945499420166
