Ecospace-environmental-drivers/Outputs/ASCII-for-ecospace/MOM6-ISIMIP3a/so-bot/1990-03_so-bot_MOM6-ISIMIP3a.asc
NCOLS 131 
NROWS 53 
XLLCORNER -98 
YLLCORNER 23.9265270233154 
CELLSIZE 0.133587792515755 
NODATA_value -9999 
[rows 0 to 20 of 53, columns 47 to 93 of 131]
-9999 -9999 -9999 -9999 -9999 -9999 -9999 -9999 -9999 -9999 -9999 -9999 -9999 -9999 -9999 -9999 -9999 -9999 -9999 -9999 -9999 -9999 -9999 -9999 -9999 -9999 -9999 -9999 -9999 -9999 -9999 -9999 -9999 -9999 -9999 -9999 -9999 -9999 -9999 -9999 -9999 -9999 -9999 -9999 -9999 -9999 -9999
-9999 -9999 -9999 -9999 -9999 -9999 -9999 -9999 -9999 -9999 -9999 -9999 -9999 -9999 -9999 -9999 -9999 -9999 -9999 -9999 -9999 -9999 -9999 -9999 -9999 -9999 -9999 -9999 -9999 -9999 -9999 -9999 -9999 -9999 -9999 -9999 -9999 -9999 -9999 -9999 -9999 -9999 -9999 -9999 -9999 -9999 -9999
-9999 -9999 -9999 -9999 -9999 -9999 -9999 -9999 -9999 -9999 -9999 -9999 -9999 -9999 -9999 -9999 -9999 -9999 -9999 -9999 -9999 -9999 -9999 -9999 -9999 -9999 -9999 33.0114593505859 33.5180053710938 -9999 -9999 -9999 -9999 -9999 -9999 -9999 -9999 -9999 -9999 -9999 -9999 -9999 -9999 -9999 -9999 -9999 -9999
-9999 -9999 -9999 -9999 -9999 -9999 -9999 -9999 -9999 -9999 -9999 -9999 -9999 -9999 -9999 -9999 -9999 -9999 -9999 -9999 -9999 -9999 -9999 -9999 -9999 -9999 -9999 33.0040435791016 33.5148582458496 -9999 -9999 -9999 -9999 -9999 -9999 -9999 -9999 -9999 -9999 -9999 -9999 -9999 -9999 -9999 -9999 -9999 -9999
-9999 -9999 -9999 -9999 -9999 -9999 -9999 -9999 -9999 -9999 -9999 -9999 -9999 -9999 -9999 -9999 -9999 -9999 26.0681324005127 26.3318538665771 26.5428314208984 27.7735137939453 28.8113555908203 30.4799308776855 31.5088768005371 32.0425415039062 32.515697479248 32.9881782531738 33.5082511901855 34.0481491088867 -9999 -9999 35.3386993408203 35.5878944396973 35.7231178283691 35.8143119812012 35.8592681884766 35.8903732299805 35.9046249389648 35.9006996154785 35.8708114624023 35.8146934509277 -9999 -9999 -9999 -9999 -9999
-9999 -9999 -9999 -9999 -9999 -9999 -9999 -9999 -9999 -9999 -9999 -9999 -9999 -9999 22.5128612518311 -9999 21.966890335083 21.5194396972656 23.9206676483154 26.0681324005127 26.3845977783203 26.5428314208984 29.0041980743408 30.887035369873 31.5485572814941 32.0910377502441 32.4880332946777 32.9680252075195 33.5084800720215 34.0482444763184 34.5877227783203 35.0108337402344 35.4110679626465 35.5941925048828 35.7584266662598 35.8167304992676 35.8677749633789 35.8932952880859 35.9100494384766 35.9105262756348 35.881519317627 35.8203887939453 35.7421684265137 35.6528854370117 -9999 -9999 -9999
-9999 -9999 -9999 -9999 -9999 -9999 -9999 -9999 -9999 -9999 24.6952800750732 24.6946849822998 24.7209873199463 24.8598709106445 23.8068866729736 22.5867004394531 22.439022064209 21.942211151123 21.5194396972656 24.1744327545166 26.0681324005127 26.5428314208984 29.0041980743408 30.887035369873 31.5485572814941 32.0910377502441 32.4880332946777 32.9680252075195 33.5084800720215 34.0482444763184 34.5877227783203 35.0108337402344 35.4110679626465 35.5941925048828 35.7584266662598 35.8167304992676 35.8677749633789 35.8932952880859 35.9100494384766 35.9105262756348 35.881519317627 35.8203887939453 35.7421684265137 35.6528854370117 35.6292915344238 35.5576667785645 -9999
-9999 -9999 -9999 -9999 -9999 -9999 -9999 -9999 -9999 -9999 24.6984672546387 24.6952800750732 24.694091796875 -9999 25.111930847168 24.1231861114502 22.7343769073486 22.439022064209 21.8681697845459 21.5194396972656 24.9357261657715 28.0800838470459 30.0863914489746 31.7542057037354 32.7074356079102 33.3390464782715 33.5775718688965 33.8924598693848 34.2629699707031 34.6401786804199 35.0201606750488 35.3170738220215 35.5976638793945 35.7228622436523 35.8368606567383 35.8976974487305 35.9504470825195 35.9747695922852 35.9877891540527 35.9798202514648 35.9535942077637 35.9074859619141 35.8327941894531 35.7396125793457 35.5999984741211 35.4437065124512 35.2872161865234
-9999 -9999 -9999 -9999 -9999 -9999 -9999 -9999 -9999 -9999 -9999 -9999 -9999 -9999 24.9325923919678 25.7102947235107 24.7996463775635 23.0297317504883 22.439022064209 21.6460456848145 25.9817314147949 29.7713432312012 31.2755832672119 32.7024421691895 33.9659385681152 34.6921310424805 34.7616271972656 34.8983535766602 35.084056854248 35.2843208312988 35.4906120300293 35.6501312255859 35.8004570007324 35.8631782531738 35.9230422973633 35.986629486084 36.0412330627441 36.0642509460449 36.0732727050781 36.0562934875488 36.0333480834961 36.0038986206055 35.9336433410645 35.8369903564453 35.6607666015625 35.4559555053711 35.2358551025391
30.1907749176025 -9999 -9999 -9999 -9999 -9999 -9999 -9999 -9999 -9999 26.5014152526855 24.701732635498 -9999 -9999 -9999 25.4119739532471 27.0283851623535 26.0891151428223 23.6204414367676 23.968692779541 27.6793689727783 30.891019821167 32.0141906738281 33.1307373046875 34.2333068847656 34.9027671813965 35.0428810119629 35.1814308166504 35.3188362121582 35.4670524597168 35.619743347168 35.7378196716309 35.8490905761719 35.9134368896484 35.9762077331543 36.0405426025391 36.0956192016602 36.1181564331055 36.1282196044922 36.1151237487793 36.1017456054688 36.0880546569824 36.039722442627 35.9689712524414 35.8229904174805 35.6499824523926 35.3425941467285
29.9448184967041 29.9085102081299 -9999 -9999 -9999 -9999 -9999 -9999 -9999 -9999 27.6007385253906 27.1056804656982 24.701732635498 -9999 -9999 24.68577003479 26.8548717498779 29.5445137023926 27.9867286682129 26.4482345581055 29.4375038146973 31.9953002929688 32.7473297119141 33.565357208252 34.5227165222168 35.1314315795898 35.3140411376953 35.445686340332 35.5402145385742 35.6403923034668 35.7429161071777 35.8234710693359 35.8997116088867 35.9662208557129 36.0307083129883 36.078987121582 36.1249618530273 36.162841796875 36.1832733154297 36.1712989807129 36.1651725769043 36.165412902832 36.1377983093262 36.092155456543 35.9770927429199 35.8370933532715 35.4740676879883
29.9448184967041 29.8358955383301 28.7833309173584 27.5892486572266 -9999 -9999 -9999 -9999 -9999 -9999 -9999 28.5845775604248 27.3584175109863 24.701732635498 24.6952800750732 24.68577003479 26.8548717498779 29.5445137023926 29.6870861053467 29.7693195343018 31.5201263427734 33.0170021057129 33.4511489868164 34.0338897705078 34.9303321838379 35.4567832946777 35.5310287475586 35.6090049743652 35.689697265625 35.7633590698242 35.834114074707 35.8982048034668 35.9609832763672 36.0325393676758 36.0923652648926 36.0344657897949 36.0199699401855 36.1581001281738 36.238899230957 36.2132301330566 36.2019386291504 36.2063064575195 36.1929550170898 36.1681442260742 36.087646484375 35.9871444702148 35.7381935119629
29.9909591674805 29.2549018859863 28.4529571533203 27.5895671844482 -9999 -9999 -9999 -9999 25.2467517852783 26.3783359527588 27.6938343048096 29.2618198394775 28.7980785369873 26.6720352172852 26.0242137908936 26.0765933990479 27.9207782745361 30.1930847167969 31.3904876708984 32.4896430969238 33.2336196899414 33.8921432495117 34.1930503845215 34.6280479431152 35.346118927002 35.7346305847168 35.7203559875488 35.717472076416 35.7228813171387 35.7429046630859 35.7689819335938 35.8096084594727 35.8530960083008 35.923770904541 35.9792022705078 35.8759155273438 35.8412628173828 36.047924041748 36.1810989379883 36.1778030395508 36.1905975341797 36.2209243774414 36.2323188781738 36.2314643859863 36.1870460510254 36.1269760131836 35.9858055114746
30.1524505615234 29.343563079834 28.4604892730713 27.5895671844482 26.7252216339111 26.0048809051514 25.3600845336914 25.099573135376 25.2467517852783 26.3783359527588 27.6938343048096 29.2618198394775 30.1218814849854 30.402738571167 30.6755466461182 30.9445419311523 31.6515064239502 32.4631156921387 33.1015014648438 33.7080383300781 34.0242652893066 34.4008712768555 35.0301628112793 35.5362739562988 35.7823371887207 35.8937301635742 35.8405265808105 35.6888008117676 35.4653129577637 35.3638916015625 35.3130264282227 35.3126945495605 35.3222961425781 35.3772773742676 35.4289817810059 35.4323043823242 35.4782676696777 35.6741600036621 35.8397254943848 35.9489669799805 36.0589904785156 36.169864654541 36.2321968078613 36.2631187438965 36.2585563659668 36.2412490844727 36.1921234130859
31.2143154144287 30.3260021209717 29.3133487701416 28.5186958312988 27.7528400421143 27.1620464324951 26.6327953338623 26.4166107177734 26.5807476043701 27.6632137298584 28.8751468658447 30.2648220062256 31.7429122924805 33.2933387756348 34.0064544677734 34.3229598999023 34.3486251831055 34.3047981262207 34.5403900146484 34.783447265625 34.8557891845703 35.0304374694824 35.633243560791 36.0072746276855 35.8983459472656 35.8022041320801 35.7216949462891 35.5223808288574 35.2365379333496 35.0994720458984 35.0240249633789 35.0062103271484 34.9997215270996 35.0457878112793 35.0955123901367 35.1619529724121 35.2559089660645 35.4466171264648 35.6229820251465 35.772705078125 35.9258460998535 36.082706451416 36.1950225830078 36.2785148620605 36.3076133728027 36.3171768188477 36.3252143859863
33.5491409301758 32.5720748901367 31.3613452911377 30.7614421844482 30.2333240509033 29.955228805542 29.7048835754395 29.5956954956055 29.8007717132568 30.7646713256836 31.726619720459 32.6858901977539 33.7841682434082 34.9961814880371 35.4705238342285 35.5954513549805 35.5844078063965 35.5408782958984 35.5945434570312 35.6566925048828 35.7450981140137 35.8308448791504 35.905445098877 35.8601226806641 35.5616302490234 35.3563423156738 35.2649612426758 35.1612167358398 35.0484657287598 34.9970664978027 34.9710807800293 34.9689636230469 34.9715385437012 35.0182762145996 35.0684814453125 35.1365623474121 35.2323913574219 35.4258117675781 35.582447052002 35.6707725524902 35.7905235290527 35.9445152282715 36.1054649353027 36.270923614502 36.3249206542969 36.3388824462891 36.3547668457031
35.0725135803223 34.3583679199219 33.4449157714844 32.948112487793 32.5059242248535 32.3869361877441 32.3074760437012 32.4290885925293 32.7116203308105 33.3827018737793 34.0054397583008 34.5618133544922 35.2302322387695 35.9903221130371 36.2387046813965 36.244701385498 36.2076721191406 36.1603584289551 36.1333847045898 36.1069030761719 36.0672454833984 35.9968299865723 35.797679901123 35.5708999633789 35.285774230957 35.0968704223633 35.0255737304688 34.9816780090332 34.9577407836914 34.9489364624023 34.9463996887207 34.9516181945801 34.9583625793457 35.0024452209473 35.0495567321777 35.1127090454102 35.1997680664062 35.370906829834 35.5103759765625 35.5910377502441 35.7070236206055 35.8614959716797 36.0429191589355 36.2417755126953 36.3185195922852 36.3514022827148 36.3716430664062
35.9125442504883 35.7574768066406 35.5584487915039 35.0875587463379 34.6034660339355 34.5142364501953 34.5146942138672 34.9713706970215 35.3621063232422 35.5936241149902 35.8020172119141 35.9786605834961 36.1750717163086 36.3876533508301 36.4208641052246 36.3691139221191 36.3151206970215 36.2605895996094 36.2382736206055 36.2008743286133 35.9117736816406 35.6285552978516 35.369945526123 35.162036895752 35.061164855957 34.9943695068359 34.9692192077637 34.9550895690918 34.9489936828613 34.9465141296387 34.9455299377441 34.9510383605957 34.9578247070312 34.996452331543 35.0374526977539 35.0901489257812 35.1594772338867 35.2872848510742 35.4117469787598 35.5299949645996 35.667163848877 35.8249473571777 36.0031127929688 36.1944694519043 36.2921524047852 36.3561820983887 36.3778495788574
36.3401107788086 36.3625411987305 36.3893661499023 36.0938758850098 35.7753028869629 35.724250793457 35.7409019470215 36.1019630432129 36.3730392456055 36.4268493652344 36.4723358154297 36.5063972473145 36.5305938720703 36.5467224121094 36.440746307373 36.276927947998 36.1559867858887 36.045295715332 36.0234794616699 35.9885292053223 35.6735534667969 35.3779525756836 35.1634559631348 35.0076560974121 34.975772857666 34.955322265625 34.948844909668 34.9459915161133 34.9457817077637 34.9454803466797 34.9451446533203 34.9493217468262 34.9543876647949 34.9878082275391 35.0230140686035 35.0653953552246 35.1202659606934 35.219051361084 35.3237190246582 35.4392967224121 35.5677185058594 35.7101287841797 35.8745346069336 36.0531768798828 36.185791015625 36.3018760681152 36.3566513061523
36.5658302307129 36.5790176391602 36.5926132202148 36.5456771850586 36.4941291809082 36.4853706359863 36.4870338439941 36.5417137145996 36.5816230773926 36.5858726501465 36.5914993286133 36.5990295410156 36.5977249145508 36.5891952514648 36.3812065124512 36.0787467956543 35.8664016723633 35.6755867004395 35.6522369384766 35.626277923584 35.394832611084 35.1849403381348 35.0652389526367 34.9778099060059 34.9585113525391 34.9473342895508 34.9460754394531 34.9454460144043 34.9452705383301 34.9451293945312 34.9449996948242 34.9470520019531 34.9495315551758 34.9778709411621 35.0074310302734 35.0395622253418 35.0815811157227 35.1583480834961 35.2408714294434 35.3340873718262 35.4391136169434 35.5570030212402 35.7025108337402 35.8658866882324 36.0402908325195 36.2186508178711 36.3220405578613
36.6320724487305 36.6405601501465 36.6482582092285 36.6491775512695 36.6493835449219 36.6490364074707 36.6479835510254 36.6433372497559 36.6388816833496 36.6348838806152 36.6323394775391 36.6317863464355 36.6217155456543 36.6038589477539 36.3753318786621 36.0470085144043 35.7120246887207 35.3754425048828 35.3423652648926 35.3227195739746 35.1951446533203 35.0790367126465 35.0109214782715 34.9614410400391 34.9512939453125 34.9456100463867 34.9453773498535 34.9452018737793 34.9450645446777 34.9449729919434 34.9449043273926 34.9458351135254 34.9469680786133 34.9626426696777 34.9790306091309 34.9971084594727 35.0243072509766 35.0835800170898 35.1460075378418 35.2142944335938 35.2901840209961 35.3743515014648 35.4866180419922 35.6170654296875 35.771656036377 35.9349174499512 36.1302528381348
