Ecospace-environmental-drivers/Outputs/ASCII-for-ecospace/MOM6-ISIMIP3a/so-bot/1990-06_so-bot_MOM6-ISIMIP3a.asc
NCOLS 131 
NROWS 53 
XLLCORNER -98 
YLLCORNER 23.9265270233154 
CELLSIZE 0.133587792515755 
NODATA_value -9999 
[rows 21 to 41 of 53, columns 47 to 93 of 131]
36.6311111450195 36.6272201538086 36.6208610534668 36.5979156494141 36.5739479064941 36.5681800842285 36.5598640441895 36.5385551452637 36.5180320739746 36.4994010925293 36.4909439086914 36.496467590332 36.5190925598145 36.5557174682617 36.3256912231445 35.969352722168 35.5391845703125 35.0913734436035 35.0500793457031 35.0363960266113 35.0181922912598 34.9979248046875 34.9690093994141 34.9487113952637 34.9466133117676 34.9453773498535 34.945198059082 34.9450759887695 34.9449882507324 34.9448852539062 34.9447746276855 34.9448471069336 34.9449501037598 34.9461250305176 34.947566986084 34.9512596130371 34.9634284973145 35.0054016113281 35.048152923584 35.092357635498 35.1369209289551 35.1818885803223 35.2512817382812 35.336483001709 35.463191986084 35.604808807373 35.9111251831055
36.6464729309082 36.6468811035156 36.6461181640625 36.6394653320312 36.6324272155762 36.6313018798828 36.6268997192383 36.6058349609375 36.588134765625 36.5785522460938 36.5003356933594 36.3278923034668 36.2039680480957 36.1197357177734 35.893627166748 35.6003150939941 35.3273391723633 35.0592193603516 35.0166091918945 34.9908790588379 34.9853553771973 34.977409362793 34.9593238830566 34.9467430114746 34.9457702636719 34.9451866149902 34.9450836181641 34.9449729919434 34.9448623657227 34.9447937011719 34.9447402954102 34.9447402954102 34.9447479248047 34.9448356628418 34.9450378417969 34.946361541748 34.9519424438477 34.9725036621094 34.9936485290527 35.0158882141113 35.0434074401855 35.0766868591309 35.122631072998 35.1767730712891 35.2675170898438 35.371410369873 35.626781463623
36.634090423584 36.632266998291 36.6289253234863 36.6310768127441 36.633617401123 36.6313438415527 36.6263198852539 36.6073150634766 36.5929985046387 36.5900001525879 36.446044921875 36.1085624694824 35.8474578857422 35.6488418579102 35.4363136291504 35.2171936035156 35.1168098449707 35.0447998046875 35.0029258728027 34.965648651123 34.9651184082031 34.9627494812012 34.9526863098145 34.9457130432129 34.9452667236328 34.9450073242188 34.9449729919434 34.9448776245117 34.9447441101074 34.944709777832 34.944709777832 34.944709777832 34.9447135925293 34.9447822570801 34.9448471069336 34.9448318481445 34.9448127746582 34.9447746276855 34.9453277587891 34.9469871520996 34.9596290588379 34.9842300415039 35.0091209411621 35.0341949462891 35.0883255004883 35.1528968811035 35.3437728881836
36.2957038879395 36.2000007629395 36.0759620666504 36.0688934326172 36.0706443786621 35.9872856140137 35.916316986084 35.9083633422852 35.8804473876953 35.8043365478516 35.6962547302246 35.5442886352539 35.427131652832 35.338451385498 35.229076385498 35.1098976135254 35.0522193908691 35.0092353820801 34.9832801818848 34.9599609375 34.9579238891602 34.9552230834961 34.9497261047363 34.9458198547363 34.9452514648438 34.9449119567871 34.9448432922363 34.9447784423828 34.9447250366211 34.9447174072266 34.9447288513184 34.9447708129883 34.9448204040527 34.9448547363281 34.9448852539062 34.9448661804199 34.9448471069336 34.9448165893555 34.9450569152832 34.9457969665527 34.9514656066895 34.9625091552734 34.9736518859863 34.9848594665527 35.020679473877 35.0653343200684 35.1945571899414
35.9170913696289 35.7613334655762 35.5604286193848 35.5468521118164 35.5474433898926 35.4128532409668 35.3005714416504 35.3017807006836 35.2668495178223 35.1446647644043 35.0736045837402 35.0727348327637 35.0726013183594 35.0730743408203 35.0497283935547 35.0150985717773 34.9942741394043 34.9767532348633 34.9650497436523 34.9542846679688 34.9513397216797 34.9486541748047 34.9470596313477 34.9457855224609 34.9451904296875 34.9448165893555 34.9447212219238 34.9446907043457 34.944709777832 34.9447288513184 34.944751739502 34.9448280334473 34.9449119567871 34.9449157714844 34.9449157714844 34.944896697998 34.9448738098145 34.9448585510254 34.9448432922363 34.9448280334473 34.94482421875 34.9448204040527 34.9447746276855 34.9447021484375 34.9635314941406 34.9891510009766 35.0620231628418
35.3620758056641 35.2945938110352 35.2090072631836 35.2008285522461 35.1986198425293 35.1436882019043 35.0981254577637 35.1002044677734 35.0871276855469 35.0374526977539 35.0084190368652 35.0077247619629 35.0065765380859 35.005054473877 34.9926452636719 34.9750747680664 34.9654769897461 34.9577827453613 34.9530143737793 34.9486656188965 34.9474296569824 34.9463043212891 34.9456596374512 34.9451446533203 34.9449081420898 34.9447326660156 34.944637298584 34.944637298584 34.9447135925293 34.9447593688965 34.9447937011719 34.9448623657227 34.9449348449707 34.9449348449707 34.9449272155762 34.9449043273926 34.9448852539062 34.9448661804199 34.9448547363281 34.9448432922363 34.9448356628418 34.9448280334473 34.9448013305664 34.9447593688965 34.9524192810059 34.9628486633301 35.0026321411133
34.9760055541992 34.9700355529785 34.964427947998 34.9606704711914 34.957218170166 34.9569892883301 34.9571647644043 34.9593887329102 34.9609680175781 34.9609870910645 34.960807800293 34.9603614807129 34.958740234375 34.9561576843262 34.9520072937012 34.9471206665039 34.9455375671387 34.9447441101074 34.9447364807129 34.9447784423828 34.9447212219238 34.9446792602539 34.9446792602539 34.9446868896484 34.9447059631348 34.9446830749512 34.9446029663086 34.9446296691895 34.9447288513184 34.9447937011719 34.9448432922363 34.944896697998 34.944953918457 34.9449462890625 34.9449348449707 34.9449119567871 34.9448928833008 34.944881439209 34.9448661804199 34.9448585510254 34.9448509216309 34.9448432922363 34.9448394775391 34.9448318481445 34.9448356628418 34.9448394775391 34.9591178894043
34.9585342407227 34.9556884765625 34.952953338623 34.951488494873 34.9501991271973 34.9502105712891 34.9503517150879 34.9511413574219 34.9516792297363 34.951602935791 34.9515419006348 34.951488494873 34.9505805969238 34.9489707946777 34.9472618103027 34.945499420166 34.9449310302734 34.9446487426758 34.944652557373 34.9446716308594 34.9446449279785 34.9446220397949 34.9446182250977 34.9446334838867 34.9446907043457 34.944709777832 34.9446830749512 34.9447135925293 34.9447784423828 34.9448432922363 34.9449081420898 34.9449348449707 34.9449577331543 34.9449501037598 34.9449424743652 34.9449234008789 34.9449043273926 34.9448928833008 34.944881439209 34.9448738098145 34.9448738098145 34.944881439209 34.9449043273926 34.9449348449707 34.944938659668 34.9449348449707 34.9502487182617
34.9478988647461 34.9470481872559 34.946174621582 34.9460487365723 34.9460029602051 34.9461364746094 34.9462547302246 34.9462585449219 34.9462203979492 34.9460601806641 34.9460105895996 34.946102142334 34.9457015991211 34.944896697998 34.9446334838867 34.9446220397949 34.9446182250977 34.9446144104004 34.9446220397949 34.9446258544922 34.9446144104004 34.9446067810059 34.9446067810059 34.9446258544922 34.9446907043457 34.9447288513184 34.9447402954102 34.9447708129883 34.9448165893555 34.9448776245117 34.9449462890625 34.9449577331543 34.9449615478516 34.9449577331543 34.944953918457 34.944938659668 34.9449234008789 34.9449119567871 34.9449005126953 34.9448928833008 34.9449043273926 34.9449310302734 34.9449806213379 34.9450454711914 34.9450531005859 34.9450454711914 34.9452934265137
34.9458618164062 34.9455909729004 34.9453086853027 34.9453125 34.9453506469727 34.9454689025879 34.9455718994141 34.945613861084 34.9455757141113 34.9453468322754 34.9451789855957 34.9450950622559 34.9449424743652 34.9447326660156 34.9446716308594 34.9446754455566 34.9446678161621 34.9446640014648 34.9446601867676 34.9446563720703 34.9446411132812 34.9446334838867 34.9446563720703 34.9446830749512 34.9447135925293 34.9447402954102 34.9447631835938 34.9447937011719 34.9448356628418 34.9448890686035 34.9449462890625 34.9449615478516 34.9449691772461 34.9449729919434 34.9449729919434 34.9449615478516 34.9449501037598 34.944938659668 34.9449272155762 34.9449195861816 34.944938659668 34.9449920654297 34.9450721740723 34.9451675415039 34.9451866149902 34.945182800293 34.9452590942383
34.9449462890625 34.9449081420898 34.9448547363281 34.9449005126953 34.9449501037598 34.9450187683105 34.9450798034668 34.9451179504395 34.9450874328613 34.9448776245117 34.9447288513184 34.9446601867676 34.9446487426758 34.9446868896484 34.9447021484375 34.9447135925293 34.9447021484375 34.9446907043457 34.9446868896484 34.9446868896484 34.9446716308594 34.9446640014648 34.9446868896484 34.944709777832 34.9447288513184 34.944751739502 34.9447784423828 34.9448127746582 34.9448509216309 34.944896697998 34.9449462890625 34.9449691772461 34.9449844360352 34.9449920654297 34.9449996948242 34.944995880127 34.9449882507324 34.9449729919434 34.9449615478516 34.944953918457 34.9449768066406 34.9450378417969 34.9451217651367 34.9452285766602 34.9452705383301 34.9452896118164 34.9452934265137
34.9448776245117 34.9448051452637 34.9447135925293 34.9447212219238 34.9447402954102 34.9447364807129 34.9447326660156 34.9447441101074 34.9447135925293 34.9445915222168 34.9445610046387 34.9446563720703 34.944709777832 34.9447212219238 34.9447326660156 34.9447402954102 34.9447250366211 34.9447021484375 34.9447059631348 34.9447135925293 34.9446983337402 34.9446907043457 34.9446983337402 34.944709777832 34.9447288513184 34.9447555541992 34.9447860717773 34.9448204040527 34.9448585510254 34.9449043273926 34.944953918457 34.9449806213379 34.9450035095215 34.9450187683105 34.9450340270996 34.9450378417969 34.9450378417969 34.9450187683105 34.9450035095215 34.9449920654297 34.9450149536133 34.945068359375 34.9451484680176 34.945240020752 34.9453125 34.9453735351562 34.9453735351562
34.944766998291 34.9446907043457 34.9445953369141 34.9445762634277 34.9445686340332 34.9445343017578 34.9445190429688 34.9446067810059 34.9446487426758 34.9445838928223 34.9446487426758 34.944896697998 34.9449882507324 34.9449462890625 34.9449157714844 34.9448890686035 34.9448509216309 34.9448127746582 34.9448013305664 34.9447898864746 34.9447593688965 34.9447364807129 34.9447364807129 34.9447402954102 34.9447555541992 34.9447784423828 34.9448127746582 34.9448471069336 34.9448776245117 34.9449234008789 34.9449768066406 34.9450073242188 34.9450378417969 34.9450607299805 34.9450836181641 34.9450950622559 34.9451026916504 34.9450912475586 34.9450759887695 34.945068359375 34.9450874328613 34.9451293945312 34.945198059082 34.9452781677246 34.9453468322754 34.9454116821289 34.9454193115234
34.944637298584 34.9445686340332 34.9444885253906 34.9444465637207 34.9444122314453 34.9443664550781 34.9443626403809 34.9445724487305 34.9447135925293 34.944694519043 34.9448509216309 34.9452438354492 34.9453582763672 34.9452476501465 34.9451599121094 34.9450836181641 34.9450225830078 34.9449615478516 34.9449234008789 34.9448890686035 34.9448356628418 34.9447898864746 34.9447860717773 34.9447860717773 34.9447937011719 34.9448127746582 34.9448471069336 34.9448776245117 34.9449081420898 34.944953918457 34.9450073242188 34.9450454711914 34.9450759887695 34.9451103210449 34.945140838623 34.9451599121094 34.9451751708984 34.9451675415039 34.9451637268066 34.9451599121094 34.9451713562012 34.9452056884766 34.9452590942383 34.9453277587891 34.9453811645508 34.9454345703125 34.9454498291016
34.9445686340332 34.9444847106934 34.9443855285645 34.9443244934082 34.9442672729492 34.944221496582 34.9443092346191 34.9450912475586 34.9456443786621 34.9456443786621 34.9457092285156 34.9458656311035 34.9458198547363 34.9456100463867 34.9454307556152 34.9452667236328 34.9451446533203 34.9450378417969 34.9449996948242 34.9449615478516 34.9449272155762 34.9449005126953 34.9448928833008 34.9448928833008 34.9449043273926 34.9449195861816 34.9449501037598 34.9449768066406 34.9450035095215 34.9450454711914 34.9450874328613 34.9451293945312 34.9451675415039 34.9452056884766 34.9452438354492 34.9452705383301 34.9452896118164 34.9452896118164 34.9452896118164 34.9452857971191 34.9452972412109 34.9453163146973 34.9453506469727 34.9453926086426 34.9454231262207 34.9454536437988 34.9454650878906
34.944507598877 34.944408416748 34.9442863464355 34.944206237793 34.9441299438477 34.9440803527832 34.9442749023438 34.945728302002 34.9467544555664 34.9467620849609 34.9467010498047 34.9465408325195 34.9462966918945 34.945987701416 34.9457092285156 34.945442199707 34.9452590942383 34.9450950622559 34.9450607299805 34.9450340270996 34.9450263977051 34.9450187683105 34.9450149536133 34.9450149536133 34.9450263977051 34.9450454711914 34.945068359375 34.9450912475586 34.9451179504395 34.9451484680176 34.9451789855957 34.9452209472656 34.9452667236328 34.9453163146973 34.9453582763672 34.9453887939453 34.9454116821289 34.9454193115234 34.9454231262207 34.9454231262207 34.945426940918 34.9454383850098 34.9454498291016 34.9454650878906 34.9454689025879 34.9454689025879 34.9454765319824
34.94482421875 34.9448356628418 34.9447746276855 34.9447250366211 34.9447059631348 34.945369720459 34.9460716247559 34.9469757080078 34.9475975036621 34.9475250244141 34.947338104248 34.9470024108887 34.9466552734375 34.9463081359863 34.9459915161133 34.9456939697266 34.9454803466797 34.9452896118164 34.9452171325684 34.9451522827148 34.9451103210449 34.9450798034668 34.9450798034668 34.9450836181641 34.9450988769531 34.945125579834 34.9451560974121 34.9451866149902 34.9452209472656 34.945255279541 34.9452934265137 34.9453430175781 34.9453964233398 34.945442199707 34.945484161377 34.9455032348633 34.9455184936523 34.9455146789551 34.9455108642578 34.945499420166 34.9454917907715 34.9454879760742 34.9454879760742 34.9454917907715 34.945484161377 34.9454727172852 34.9454803466797
34.9452285766602 34.9453582763672 34.9453620910645 34.9453544616699 34.9453926086426 34.9466934204102 34.9478416442871 34.9481811523438 34.9483757019043 34.9482269287109 34.9479331970215 34.9474449157715 34.9470062255859 34.9466133117676 34.9462699890137 34.9459495544434 34.9457130432129 34.9454956054688 34.945384979248 34.9452819824219 34.9452056884766 34.9451484680176 34.9451484680176 34.9451560974121 34.9451789855957 34.9452095031738 34.945240020752 34.9452781677246 34.9453201293945 34.9453659057617 34.9454116821289 34.9454650878906 34.9455223083496 34.9455642700195 34.9456024169922 34.9456100463867 34.945613861084 34.9456024169922 34.9455871582031 34.9455642700195 34.9455451965332 34.9455337524414 34.9455223083496 34.9455146789551 34.9454956054688 34.9454765319824 34.9454803466797
34.9464263916016 34.9465942382812 34.9467163085938 34.9468002319336 34.9469032287598 34.9477272033691 34.9484367370605 34.9485664367676 34.948616027832 34.9484596252441 34.9482040405273 34.9478073120117 34.9473342895508 34.9467964172363 34.9464492797852 34.9461936950684 34.9459838867188 34.9457817077637 34.9456405639648 34.9455108642578 34.9454231262207 34.9453506469727 34.9453353881836 34.9453277587891 34.9453430175781 34.9453544616699 34.9453544616699 34.945369720459 34.9454002380371 34.9454498291016 34.9455108642578 34.9455680847168 34.9456253051758 34.9456520080566 34.9456748962402 34.9456634521484 34.9456520080566 34.9456329345703 34.9456100463867 34.9455833435059 34.9455604553223 34.9455413818359 34.9455299377441 34.9455184936523 34.945499420166 34.9454727172852 34.9454727172852
34.947452545166 34.9476547241211 34.9478721618652 34.9480209350586 34.9481773376465 34.9485855102539 34.9489212036133 34.9488906860352 34.9488258361816 34.948673248291 34.9484558105469 34.9481468200684 34.9476776123047 34.9470825195312 34.9467544555664 34.9465560913086 34.9463653564453 34.9461822509766 34.9460258483887 34.945873260498 34.9457855224609 34.9457015991211 34.9456634521484 34.9456405639648 34.9456405639648 34.9456253051758 34.9455909729004 34.9455757141113 34.9455795288086 34.9456176757812 34.9456672668457 34.9457092285156 34.9457473754883 34.9457511901855 34.9457473754883 34.9457130432129 34.9456825256348 34.9456520080566 34.9456214904785 34.9455909729004 34.9455680847168 34.9455490112305 34.9455337524414 34.9455261230469 34.945499420166 34.9454650878906 34.9454650878906
34.9478645324707 34.9480514526367 34.9482765197754 34.9484329223633 34.9485816955566 34.9488105773926 34.9489974975586 34.9489784240723 34.9489288330078 34.9488067626953 34.9486312866211 34.9483871459961 34.9480895996094 34.94775390625 34.9475250244141 34.9473419189453 34.9471664428711 34.9469909667969 34.9468650817871 34.9467468261719 34.9466667175293 34.9465942382812 34.9465293884277 34.9464683532715 34.9464149475098 34.9463500976562 34.9462776184082 34.9462013244629 34.9461250305176 34.9460678100586 34.9460220336914 34.9459800720215 34.9459381103516 34.9458808898926 34.9458236694336 34.9457511901855 34.945686340332 34.9456443786621 34.9456062316895 34.9455757141113 34.945556640625 34.9455413818359 34.9455337524414 34.9455261230469 34.945499420166 34.9454650878906 34.9454536437988
