Ecospace-environmental-drivers/Outputs/ASCII-for-ecospace/MOM6-ISIMIP3a/so-bot/1991-07_so-bot_MOM6-ISIMIP3a.asc
NCOLS 131 
NROWS 53 
XLLCORNER -98 
YLLCORNER 23.9265270233154 
CELLSIZE 0.133587792515755 
NODATA_value -9999 
[rows 21 to 41 of 53, columns 47 to 93 of 131]
36.5664176940918 36.5676536560059 36.5667343139648 36.5655326843262 36.5644645690918 36.5678863525391 36.5720024108887 36.5796279907227 36.5881767272949 36.5989418029785 36.6142616271973 36.6358222961426 36.6510429382324 36.6610679626465 36.4108505249023 36.0373611450195 35.5772476196289 35.096435546875 35.0518188476562 35.0368499755859 35.0172004699707 34.9959564208984 34.9680709838867 34.9485244750977 34.946590423584 34.9454116821289 34.9451522827148 34.9449577331543 34.9448127746582 34.9447479248047 34.9447174072266 34.9447898864746 34.944881439209 34.9459838867188 34.9474258422852 34.9518089294434 34.9645309448242 35.0065765380859 35.0467910766602 35.0836181640625 35.1317367553711 35.1921691894531 35.2849388122559 35.3986320495605 35.5498008728027 35.7144317626953 35.9803161621094
36.6284523010254 36.6317329406738 36.6338005065918 36.6383972167969 36.6432685852051 36.6485023498535 36.6520309448242 36.6468734741211 36.645881652832 36.6549415588379 36.5908889770508 36.4264755249023 36.3002166748047 36.2051773071289 35.962947845459 35.6509895324707 35.3554267883301 35.063777923584 35.0171737670898 34.9889450073242 34.9831619262695 34.9752655029297 34.9585227966309 34.9468421936035 34.945858001709 34.9452285766602 34.9450340270996 34.944881439209 34.9447593688965 34.9447174072266 34.9447021484375 34.9447021484375 34.9447059631348 34.9447631835938 34.9449768066406 34.9466857910156 34.9525260925293 34.9728889465332 34.9922294616699 35.0096817016602 35.0384254455566 35.0794639587402 35.1381378173828 35.2082214355469 35.3123054504395 35.4286041259766 35.6829605102539
36.6654319763184 36.6641578674316 36.6608276367188 36.660961151123 36.6613845825195 36.6600074768066 36.6557807922363 36.6370468139648 36.6249504089355 36.6288681030273 36.4925918579102 36.1638412475586 35.9104919433594 35.7188339233398 35.4928092956543 35.2505035400391 35.1353378295898 35.0505523681641 35.0041465759277 34.9631958007812 34.9632301330566 34.9614944458008 34.9523468017578 34.9459648132324 34.9454154968262 34.9450492858887 34.9449157714844 34.9448051452637 34.944709777832 34.9446868896484 34.9446907043457 34.944694519043 34.9446983337402 34.9447479248047 34.9447898864746 34.9447631835938 34.944751739502 34.9447937011719 34.945182800293 34.9462242126465 34.9585838317871 34.9832801818848 35.0090560913086 35.0355339050293 35.0896415710449 35.1536750793457 35.3836631774902
36.3576011657715 36.259578704834 36.1311264038086 36.122142791748 36.1219482421875 36.0289115905762 35.9498252868652 35.9416847229004 35.9121055603027 35.8307685852051 35.7218322753906 35.575008392334 35.4621200561523 35.3770027160645 35.2596244812012 35.1269683837891 35.0610427856445 35.011058807373 34.9830894470215 34.9582328796387 34.9566879272461 34.9544677734375 34.9494361877441 34.9458541870117 34.9453506469727 34.9450035095215 34.9448509216309 34.9447593688965 34.944709777832 34.9447059631348 34.9447174072266 34.9447555541992 34.9447975158691 34.9448204040527 34.9448432922363 34.9448165893555 34.9448013305664 34.9448089599609 34.9449729919434 34.9454307556152 34.9509773254395 34.9620666503906 34.9736251831055 34.9854965209961 35.0220680236816 35.0675201416016 35.2144927978516
35.9953498840332 35.8356246948242 35.627742767334 35.6125640869141 35.6115531921387 35.4603805541992 35.3341293334961 35.3346328735352 35.2952194213867 35.1594352722168 35.081356048584 35.0824966430664 35.0836563110352 35.084831237793 35.0583114624023 35.018669128418 34.995189666748 34.9755706787109 34.9638862609863 34.953296661377 34.950740814209 34.9483833312988 34.9468612670898 34.9456901550293 34.9452629089355 34.944953918457 34.9447898864746 34.9447174072266 34.944709777832 34.9447250366211 34.9447479248047 34.9448127746582 34.9448852539062 34.9448890686035 34.9448890686035 34.9448661804199 34.9448432922363 34.94482421875 34.9448051452637 34.9447898864746 34.9447860717773 34.9447898864746 34.9447784423828 34.944751739502 34.9648361206055 34.9921455383301 35.0650596618652
35.3944892883301 35.3266983032227 35.2397575378418 35.2312202453613 35.2285041809082 35.1661796569824 35.1141967773438 35.1147918701172 35.0990676879883 35.0439300537109 35.0121192932129 35.0123291015625 35.0117073059082 35.0104064941406 34.9967269897461 34.9771881103516 34.9663696289062 34.957633972168 34.952808380127 34.9484748840332 34.9474182128906 34.9464378356934 34.9457778930664 34.9452667236328 34.9450721740723 34.9449005126953 34.9447479248047 34.944694519043 34.9447174072266 34.944751739502 34.9447898864746 34.9448547363281 34.9449195861816 34.9449234008789 34.9449234008789 34.944896697998 34.9448699951172 34.9448471069336 34.9448280334473 34.9448127746582 34.9448013305664 34.9447975158691 34.9447860717773 34.9447631835938 34.9529342651367 34.9640502929688 35.0021781921387
34.976936340332 34.9727897644043 34.9692535400391 34.965934753418 34.962718963623 34.9616165161133 34.9607810974121 34.9612922668457 34.961727142334 34.9619789123535 34.9618797302246 34.9613037109375 34.9595947265625 34.956958770752 34.9528579711914 34.9480667114258 34.9462852478027 34.9452247619629 34.945125579834 34.9450912475586 34.945068359375 34.9450416564941 34.9449882507324 34.944938659668 34.9449081420898 34.9448394775391 34.9447212219238 34.944694519043 34.9447364807129 34.9447860717773 34.9448394775391 34.9448928833008 34.9449501037598 34.9449501037598 34.9449501037598 34.9449234008789 34.944896697998 34.9448661804199 34.9448432922363 34.9448280334473 34.9448204040527 34.9448089599609 34.9448013305664 34.9447898864746 34.9447975158691 34.9448051452637 34.9567756652832
34.9593353271484 34.9571075439453 34.9550666809082 34.9538688659668 34.9527893066406 34.9526252746582 34.9524917602539 34.9525337219238 34.9527168273926 34.9532318115234 34.9530868530273 34.9520416259766 34.9507598876953 34.949291229248 34.947639465332 34.9459037780762 34.9452629089355 34.944881439209 34.9448471069336 34.9448356628418 34.9448432922363 34.9448509216309 34.9448394775391 34.94482421875 34.9448013305664 34.9447708129883 34.9447288513184 34.9447326660156 34.9447708129883 34.9448318481445 34.9449043273926 34.944938659668 34.9449653625488 34.9449653625488 34.9449653625488 34.944938659668 34.9449081420898 34.9448738098145 34.9448471069336 34.9448356628418 34.9448318481445 34.9448318481445 34.9448394775391 34.9448471069336 34.9448661804199 34.9448852539062 34.9495010375977
34.9484748840332 34.9475746154785 34.9466400146484 34.9466400146484 34.9467391967773 34.9469947814941 34.9471817016602 34.9470252990723 34.9470481872559 34.9475135803223 34.9473609924316 34.9463500976562 34.9455528259277 34.9449272155762 34.9447135925293 34.9446907043457 34.9446868896484 34.9446907043457 34.9446868896484 34.9446868896484 34.9447059631348 34.9447212219238 34.9447326660156 34.9447402954102 34.9447288513184 34.9447288513184 34.9447402954102 34.9447631835938 34.9447975158691 34.9448661804199 34.9449424743652 34.9449653625488 34.9449768066406 34.9449806213379 34.9449806213379 34.9449501037598 34.9449195861816 34.944881439209 34.9448585510254 34.9448547363281 34.9448585510254 34.9448776245117 34.9449005126953 34.9449310302734 34.9449615478516 34.9449882507324 34.945384979248
34.9460945129395 34.9457817077637 34.9454612731934 34.9454956054688 34.9455642700195 34.9455947875977 34.9456214904785 34.9455986022949 34.9455909729004 34.9456176757812 34.9454917907715 34.9451560974121 34.9449043273926 34.9447250366211 34.9446678161621 34.9446754455566 34.9446792602539 34.9446868896484 34.9446792602539 34.9446716308594 34.9446716308594 34.9446716308594 34.9446792602539 34.9446907043457 34.9447059631348 34.9447212219238 34.9447479248047 34.9447822570801 34.9448165893555 34.9448776245117 34.9449501037598 34.9449729919434 34.9449882507324 34.9449920654297 34.9449882507324 34.9449615478516 34.9449348449707 34.944896697998 34.9448776245117 34.944881439209 34.9449043273926 34.9449462890625 34.9449996948242 34.9450531005859 34.9450912475586 34.9451179504395 34.9452362060547
34.9450073242188 34.9449348449707 34.9448585510254 34.9448890686035 34.9449272155762 34.9448699951172 34.9448280334473 34.9448547363281 34.9448356628418 34.9447212219238 34.9446487426758 34.944637298584 34.9446411132812 34.9446563720703 34.9446792602539 34.9447059631348 34.9447174072266 34.9447212219238 34.944709777832 34.944694519043 34.9446754455566 34.9446640014648 34.9446716308594 34.9446792602539 34.9447021484375 34.9447288513184 34.9447631835938 34.9447975158691 34.9448356628418 34.9448928833008 34.9449615478516 34.9449844360352 34.9449996948242 34.9449996948242 34.944995880127 34.9449729919434 34.9449462890625 34.9449195861816 34.9449119567871 34.9449310302734 34.9449691772461 34.9450302124023 34.9450950622559 34.9451599121094 34.945198059082 34.9452247619629 34.9452247619629
34.9448928833008 34.9447975158691 34.944694519043 34.9446907043457 34.9446983337402 34.9446487426758 34.9446067810059 34.9446144104004 34.9446105957031 34.9445724487305 34.9445724487305 34.9446220397949 34.9446640014648 34.944694519043 34.9447326660156 34.9447708129883 34.9447822570801 34.9447822570801 34.9447631835938 34.9447402954102 34.9447135925293 34.9446907043457 34.9446907043457 34.944694519043 34.9447174072266 34.9447441101074 34.9447746276855 34.9448127746582 34.9448585510254 34.9449157714844 34.9449768066406 34.944995880127 34.9450073242188 34.9450035095215 34.944995880127 34.9449806213379 34.9449615478516 34.9449501037598 34.944953918457 34.9449920654297 34.9450454711914 34.9451217651367 34.9451904296875 34.9452514648438 34.9452896118164 34.9453125 34.9453086853027
34.9447555541992 34.9446792602539 34.9445991516113 34.9445838928223 34.9445724487305 34.9445266723633 34.9444961547852 34.9445533752441 34.9445991516113 34.9446067810059 34.9446907043457 34.9448852539062 34.9449768066406 34.9449806213379 34.9449920654297 34.9450035095215 34.9449768066406 34.944938659668 34.9448890686035 34.9448394775391 34.9447822570801 34.9447326660156 34.9447288513184 34.9447326660156 34.944751739502 34.9447784423828 34.9448089599609 34.9448471069336 34.9448890686035 34.9449462890625 34.9450035095215 34.9450149536133 34.9450149536133 34.945011138916 34.9450073242188 34.9449996948242 34.9449996948242 34.9450035095215 34.9450225830078 34.945068359375 34.945125579834 34.9452018737793 34.9452629089355 34.9453163146973 34.9453468322754 34.9453659057617 34.9453620910645
34.9446029663086 34.9445724487305 34.9445381164551 34.9445152282715 34.9444885253906 34.9444465637207 34.9444313049316 34.9445686340332 34.9446792602539 34.9447135925293 34.9448928833008 34.9452667236328 34.9454116821289 34.9453735351562 34.9453392028809 34.9453048706055 34.9452247619629 34.9451332092285 34.9450492858887 34.9449653625488 34.9448661804199 34.9447822570801 34.9447746276855 34.9447746276855 34.9447937011719 34.9448204040527 34.9448509216309 34.9448890686035 34.9449272155762 34.9449806213379 34.9450340270996 34.9450340270996 34.9450263977051 34.9450225830078 34.9450187683105 34.9450302124023 34.9450454711914 34.945068359375 34.9451026916504 34.9451522827148 34.9452095031738 34.9452743530273 34.9453239440918 34.9453620910645 34.9453887939453 34.9454078674316 34.9454002380371
34.944522857666 34.9444961547852 34.944465637207 34.9444122314453 34.9443588256836 34.9443092346191 34.9443702697754 34.945011138916 34.9454765319824 34.9455261230469 34.9456405639648 34.9458465576172 34.9458808898926 34.9457778930664 34.9456977844238 34.9456253051758 34.9455184936523 34.9454002380371 34.9452743530273 34.9451484680176 34.9450378417969 34.9449462890625 34.9449195861816 34.9449005126953 34.9449081420898 34.9449234008789 34.9449462890625 34.9449729919434 34.9450035095215 34.9450378417969 34.9450721740723 34.945068359375 34.9450531005859 34.9450492858887 34.9450492858887 34.945068359375 34.9450912475586 34.9451332092285 34.9451789855957 34.9452323913574 34.9452857971191 34.9453392028809 34.9453735351562 34.9453964233398 34.9454154968262 34.945426940918 34.9454231262207
34.9444580078125 34.9444274902344 34.9443893432617 34.9443054199219 34.944221496582 34.9441604614258 34.9443092346191 34.9455375671387 34.9464225769043 34.9464797973633 34.9465026855469 34.9464683532715 34.9463577270508 34.9461860656738 34.9460563659668 34.9459495544434 34.9458198547363 34.9456825256348 34.9455108642578 34.9453430175781 34.9452323913574 34.9451332092285 34.9450836181641 34.9450454711914 34.9450340270996 34.9450340270996 34.9450492858887 34.945068359375 34.9450874328613 34.9451026916504 34.9451103210449 34.9450988769531 34.9450874328613 34.9450836181641 34.9450836181641 34.9451103210449 34.945140838623 34.9451942443848 34.9452514648438 34.9453086853027 34.9453582763672 34.9453964233398 34.9454193115234 34.9454307556152 34.9454383850098 34.945442199707 34.9454460144043
34.9446105957031 34.9446640014648 34.9446792602539 34.9446678161621 34.9446754455566 34.9452934265137 34.9459457397461 34.9467811584473 34.9473571777344 34.9473114013672 34.9471817016602 34.9469299316406 34.946704864502 34.9465065002441 34.946361541748 34.9462471008301 34.9461250305176 34.9460029602051 34.9458351135254 34.9456672668457 34.9455223083496 34.9453887939453 34.9453010559082 34.9452285766602 34.9451866149902 34.9451599121094 34.9451522827148 34.9451522827148 34.9451599121094 34.9451751708984 34.9451866149902 34.9451904296875 34.9451866149902 34.9451866149902 34.9451866149902 34.9451904296875 34.9452018737793 34.9452362060547 34.9452781677246 34.9453315734863 34.9453773498535 34.9454193115234 34.9454383850098 34.9454460144043 34.9454498291016 34.9454498291016 34.9454536437988
34.9448699951172 34.9450073242188 34.9450798034668 34.945140838623 34.945240020752 34.946475982666 34.9475746154785 34.9479866027832 34.9482345581055 34.9480895996094 34.9478187561035 34.947380065918 34.9470520019531 34.9468154907227 34.9466590881348 34.9465370178223 34.9464263916016 34.9463195800781 34.946159362793 34.9459953308105 34.9458236694336 34.9456596374512 34.9455337524414 34.945426940918 34.9453582763672 34.9453010559082 34.9452667236328 34.9452476501465 34.9452438354492 34.945255279541 34.9452705383301 34.9452819824219 34.9452934265137 34.9452934265137 34.9452934265137 34.9452819824219 34.9452743530273 34.9452857971191 34.9453048706055 34.9453506469727 34.9453926086426 34.9454345703125 34.9454536437988 34.9454612731934 34.9454612731934 34.9454574584961 34.9454612731934
34.9461822509766 34.9463233947754 34.9464340209961 34.9465713500977 34.9467353820801 34.9475402832031 34.9482345581055 34.9483909606934 34.9484634399414 34.9483375549316 34.9481353759766 34.9478378295898 34.9474868774414 34.9470901489258 34.9468955993652 34.9467964172363 34.9467010498047 34.946605682373 34.946460723877 34.9463157653809 34.946159362793 34.9460105895996 34.9458885192871 34.9457817077637 34.9456977844238 34.9456214904785 34.9455528259277 34.9454956054688 34.9454460144043 34.945426940918 34.9454154968262 34.945426940918 34.9454383850098 34.9454460144043 34.9454498291016 34.9454345703125 34.9454116821289 34.945369720459 34.9453506469727 34.9453735351562 34.9454040527344 34.9454460144043 34.9454650878906 34.9454650878906 34.9454536437988 34.945442199707 34.9454498291016
34.9473152160645 34.9474639892578 34.947624206543 34.947811126709 34.9480056762695 34.9484329223633 34.9487838745117 34.9487380981445 34.948673248291 34.948558807373 34.9484176635742 34.9482421875 34.9479026794434 34.9474334716797 34.9472312927246 34.947151184082 34.9470672607422 34.9469795227051 34.946849822998 34.9467163085938 34.9465713500977 34.9464340209961 34.9463157653809 34.9462013244629 34.946102142334 34.9460029602051 34.9458999633789 34.94580078125 34.9457092285156 34.9456558227539 34.945613861084 34.9456100463867 34.945613861084 34.9456176757812 34.9456176757812 34.9455909729004 34.9455528259277 34.9454650878906 34.9454078674316 34.9454002380371 34.9454193115234 34.9454612731934 34.9454727172852 34.9454689025879 34.9454460144043 34.9454193115234 34.945426940918
34.9477844238281 34.9479713439941 34.9482002258301 34.9483375549316 34.9484710693359 34.9487113952637 34.9489059448242 34.9488639831543 34.948802947998 34.9486961364746 34.9485778808594 34.9484481811523 34.9482650756836 34.9480361938477 34.9479179382324 34.9478530883789 34.9477691650391 34.947681427002 34.9475517272949 34.9474182128906 34.9472694396973 34.9471244812012 34.9469985961914 34.9468727111816 34.9467468261719 34.9466133117676 34.9464645385742 34.9463233947754 34.9461822509766 34.9460868835449 34.9460105895996 34.9459533691406 34.9459075927734 34.9458618164062 34.9458122253418 34.9457626342773 34.9456977844238 34.9455909729004 34.9455032348633 34.9454536437988 34.9454460144043 34.9454765319824 34.9454803466797 34.9454650878906 34.9454231262207 34.9453773498535 34.9453811645508
