Ecospace-environmental-drivers/Outputs/ASCII-for-ecospace/MOM6-ISIMIP3a/so-bot/1991-03_so-bot_MOM6-ISIMIP3a.asc
NCOLS 131 
NROWS 53 
XLLCORNER -98 
YLLCORNER 23.9265270233154 
CELLSIZE 0.133587792515755 
NODATA_value -9999 
[rows 21 to 41 of 53, columns 47 to 93 of 131]
36.3589820861816 36.3822860717773 36.4052505493164 36.4007225036621 36.3941345214844 36.4078941345215 36.4220886230469 36.4384918212891 36.4554328918457 36.4736671447754 36.4918022155762 36.5097999572754 36.5359649658203 36.5688133239746 36.368293762207 36.0572357177734 35.5950775146484 35.096809387207 35.0508995056152 35.0357131958008 35.0153923034668 34.9938621520996 34.9672584533691 34.9485855102539 34.9466552734375 34.9454803466797 34.9452285766602 34.9450340270996 34.9448852539062 34.9448127746582 34.9447746276855 34.9448165893555 34.9448776245117 34.9458389282227 34.9470901489258 34.9508399963379 34.9626731872559 35.0029449462891 35.04052734375 35.0731201171875 35.1154899597168 35.1685218811035 35.2521362304688 35.355541229248 35.4888916015625 35.6329956054688 35.9382553100586
36.476806640625 36.4918746948242 36.5074462890625 36.5066375732422 36.5045356750488 36.5128211975098 36.5235290527344 36.5465393066406 36.566577911377 36.5794296264648 36.5213050842285 36.3657493591309 36.2477149963379 36.1603889465332 35.9356842041016 35.6459083557129 35.3530883789062 35.0595436096191 35.0139579772949 34.9868850708008 34.9813766479492 34.9738578796387 34.9579467773438 34.946849822998 34.9459037780762 34.9453010559082 34.9451217651367 34.9449653625488 34.9448280334473 34.944766998291 34.9447364807129 34.9447250366211 34.9447135925293 34.9447593688965 34.9449310302734 34.9463233947754 34.9517707824707 34.9714775085449 34.9897537231445 35.00537109375 35.0308265686035 35.0670013427734 35.1198234558105 35.1834182739258 35.2791557312012 35.3864364624023 35.6496200561523
36.5708045959473 36.5722885131836 36.5732879638672 36.5749549865723 36.5765342712402 36.5738716125488 36.5764541625977 36.6057281494141 36.6271781921387 36.6297492980957 36.497200012207 36.1791496276855 35.9244422912598 35.7215576171875 35.4802627563477 35.220775604248 35.1132545471191 35.0420455932617 34.9992141723633 34.9609718322754 34.9610977172852 34.9596366882324 34.9515380859375 34.9458961486816 34.9454345703125 34.9451332092285 34.9450187683105 34.944896697998 34.9447708129883 34.9447250366211 34.9447059631348 34.9447021484375 34.9446983337402 34.9447555541992 34.9448051452637 34.9447746276855 34.9447479248047 34.9447441101074 34.945011138916 34.9457931518555 34.9571990966797 34.9801864624023 35.0048637390137 35.0306396484375 35.0879020690918 35.1564750671387 35.3642654418945
36.3149490356445 36.2157211303711 36.0856475830078 36.0810165405273 36.0853271484375 35.9843711853027 35.9029235839844 35.920726776123 35.9084930419922 35.82373046875 35.7152709960938 35.5742874145508 35.4611740112305 35.3708724975586 35.2480430603027 35.1098098754883 35.0486221313477 35.0058441162109 34.9799041748047 34.9566230773926 34.9551963806152 34.9532089233398 34.9488754272461 34.9457969665527 34.9453659057617 34.945068359375 34.9449272155762 34.94482421875 34.9447479248047 34.9447250366211 34.9447288513184 34.9447631835938 34.9448013305664 34.9448280334473 34.9448509216309 34.94482421875 34.9448013305664 34.9447937011719 34.9449081420898 34.9452476501465 34.9503631591797 34.9606781005859 34.971736907959 34.9832801818848 35.0226135253906 35.0719337463379 35.2075843811035
35.9951553344727 35.8314018249512 35.6176528930664 35.6082763671875 35.6135864257812 35.4505271911621 35.3155288696289 35.3232536315918 35.2875671386719 35.1470565795898 35.0669136047363 35.0696487426758 35.0714874267578 35.0725975036621 35.0484466552734 35.0123291015625 34.991024017334 34.973258972168 34.9622764587402 34.952278137207 34.9498519897461 34.9476737976074 34.9465293884277 34.9456329345703 34.9452667236328 34.944995880127 34.9448394775391 34.9447555541992 34.9447288513184 34.9447326660156 34.944751739502 34.9448165893555 34.9448928833008 34.9448928833008 34.9448928833008 34.9448699951172 34.9448509216309 34.9448394775391 34.9448280334473 34.9448089599609 34.9448013305664 34.9447937011719 34.944766998291 34.9447212219238 34.9670028686523 34.9973068237305 35.0676498413086
35.3950233459473 35.3253898620605 35.2358131408691 35.2285003662109 35.2271919250488 35.1607322692871 35.1058082580566 35.109561920166 35.0952987670898 35.0375289916992 35.0042152404785 35.0044822692871 35.0044403076172 35.0041465759277 34.9918899536133 34.9739723205566 34.9642753601074 34.9565467834473 34.9520378112793 34.9479598999023 34.9469680786133 34.9460754394531 34.9455833435059 34.945198059082 34.9450302124023 34.9448852539062 34.9447593688965 34.9447135925293 34.9447250366211 34.9447479248047 34.9447784423828 34.9448471069336 34.9449234008789 34.9449234008789 34.9449195861816 34.9449005126953 34.944881439209 34.9448661804199 34.9448471069336 34.9448318481445 34.9448204040527 34.9448127746582 34.9447898864746 34.9447555541992 34.9538154602051 34.9661407470703 35.0011367797852
34.9776420593262 34.9732627868652 34.969425201416 34.9644775390625 34.9595909118652 34.9594802856445 34.9595375061035 34.96044921875 34.9608535766602 34.9600257873535 34.9590187072754 34.9577560424805 34.9564781188965 34.9551811218262 34.9516906738281 34.9471626281738 34.9457168579102 34.945011138916 34.9449501037598 34.9449348449707 34.9449348449707 34.9449234008789 34.9448890686035 34.9448585510254 34.9448356628418 34.9447898864746 34.9447059631348 34.944694519043 34.9447326660156 34.9447746276855 34.9448165893555 34.944881439209 34.9449462890625 34.9449501037598 34.9449462890625 34.9449272155762 34.9449043273926 34.9448852539062 34.9448661804199 34.9448509216309 34.9448394775391 34.9448356628418 34.9448165893555 34.9447860717773 34.9447746276855 34.9447746276855 34.9538841247559
34.9590148925781 34.9568901062012 34.9549407958984 34.9530258178711 34.9511871337891 34.9514236450195 34.9517097473145 34.9522438049316 34.9525718688965 34.9524116516113 34.9520111083984 34.9512748718262 34.9501609802246 34.9487419128418 34.9471778869629 34.9455413818359 34.9450225830078 34.9447708129883 34.9447479248047 34.9447441101074 34.9447479248047 34.9447479248047 34.9447402954102 34.9447326660156 34.9447326660156 34.9447212219238 34.9447059631348 34.9447250366211 34.944766998291 34.94482421875 34.9448890686035 34.9449272155762 34.9449615478516 34.9449615478516 34.9449615478516 34.9449462890625 34.9449234008789 34.9448928833008 34.9448699951172 34.9448585510254 34.9448547363281 34.9448623657227 34.9448432922363 34.9448089599609 34.9447975158691 34.9447975158691 34.9486618041992
34.9477958679199 34.9471244812012 34.9464340209961 34.9462738037109 34.9461860656738 34.9465065002441 34.9468116760254 34.9470405578613 34.9472351074219 34.9473571777344 34.9472808837891 34.9469375610352 34.9461631774902 34.9450302124023 34.9446601867676 34.9446449279785 34.9446449279785 34.9446487426758 34.9446487426758 34.9446449279785 34.9446487426758 34.9446487426758 34.9446601867676 34.9446716308594 34.9446792602539 34.944694519043 34.9447174072266 34.944751739502 34.9447975158691 34.9448585510254 34.9449310302734 34.9449577331543 34.9449768066406 34.9449806213379 34.9449806213379 34.9449653625488 34.9449462890625 34.9449081420898 34.9448852539062 34.9448776245117 34.944881439209 34.9449043273926 34.9448928833008 34.9448623657227 34.9448547363281 34.9448623657227 34.9455833435059
34.9459037780762 34.9456748962402 34.9454498291016 34.9454460144043 34.9454689025879 34.9455375671387 34.9455947875977 34.9456100463867 34.9455986022949 34.9455184936523 34.9454231262207 34.9453010559082 34.9450721740723 34.944751739502 34.9446563720703 34.9446640014648 34.9446716308594 34.9446830749512 34.9446754455566 34.9446640014648 34.9446563720703 34.944652557373 34.9446640014648 34.9446792602539 34.944694519043 34.9447174072266 34.9447441101074 34.9447784423828 34.9448204040527 34.9448776245117 34.9449424743652 34.9449691772461 34.9449920654297 34.944995880127 34.9449996948242 34.9449882507324 34.9449691772461 34.944938659668 34.9449119567871 34.9449081420898 34.9449234008789 34.9449577331543 34.9449653625488 34.944953918457 34.9449615478516 34.9449768066406 34.9452095031738
34.9450187683105 34.9449691772461 34.9449310302734 34.9449844360352 34.9450454711914 34.9449768066406 34.9449081420898 34.9448509216309 34.9447746276855 34.9446563720703 34.9445915222168 34.9446029663086 34.9446258544922 34.9446640014648 34.9446868896484 34.944709777832 34.9447250366211 34.9447364807129 34.9447212219238 34.9447021484375 34.9446830749512 34.9446678161621 34.9446792602539 34.944694519043 34.9447135925293 34.9447364807129 34.944766998291 34.9448013305664 34.9448394775391 34.944896697998 34.9449577331543 34.9449882507324 34.945011138916 34.9450149536133 34.9450187683105 34.945011138916 34.944995880127 34.9449691772461 34.9449501037598 34.9449424743652 34.9449615478516 34.9450035095215 34.9450302124023 34.9450492858887 34.9450759887695 34.9451026916504 34.9451179504395
34.9448852539062 34.94482421875 34.944766998291 34.9448013305664 34.9448394775391 34.9447212219238 34.9446182250977 34.9445877075195 34.9445571899414 34.944522857666 34.9445343017578 34.9446067810059 34.9446678161621 34.9447174072266 34.944751739502 34.9447784423828 34.9447937011719 34.9448051452637 34.9447784423828 34.944751739502 34.9447250366211 34.9447021484375 34.9447021484375 34.944709777832 34.9447326660156 34.9447593688965 34.9447898864746 34.9448204040527 34.9448547363281 34.9449119567871 34.9449768066406 34.9450035095215 34.9450263977051 34.9450340270996 34.9450378417969 34.9450302124023 34.9450225830078 34.9450035095215 34.9449882507324 34.9449806213379 34.9449996948242 34.9450454711914 34.9450950622559 34.9451484680176 34.945198059082 34.9452438354492 34.9452438354492
34.9447402954102 34.9446792602539 34.9446220397949 34.9446258544922 34.9446334838867 34.9445304870605 34.944450378418 34.9445152282715 34.9445610046387 34.9445686340332 34.9446487426758 34.94482421875 34.9449195861816 34.9449501037598 34.9449653625488 34.9449768066406 34.9449653625488 34.9449462890625 34.9449081420898 34.9448623657227 34.9448051452637 34.9447555541992 34.9447479248047 34.9447479248047 34.944766998291 34.9447898864746 34.9448165893555 34.9448471069336 34.9448776245117 34.9449348449707 34.9450073242188 34.9450340270996 34.9450531005859 34.9450569152832 34.9450607299805 34.9450531005859 34.9450492858887 34.9450378417969 34.9450302124023 34.9450263977051 34.9450416564941 34.9450798034668 34.9451332092285 34.9452018737793 34.9452629089355 34.9453239440918 34.9453201293945
34.9445915222168 34.9445381164551 34.9444847106934 34.9444541931152 34.9444313049316 34.9443626403809 34.9443397521973 34.9445266723633 34.9446678161621 34.944694519043 34.9448356628418 34.9451293945312 34.9452590942383 34.9452590942383 34.9452476501465 34.9452285766602 34.9451789855957 34.9451217651367 34.9450607299805 34.9449996948242 34.9449043273926 34.9448204040527 34.9448051452637 34.9447975158691 34.9448089599609 34.94482421875 34.9448471069336 34.9448738098145 34.9449005126953 34.9449653625488 34.9450492858887 34.9450721740723 34.9450836181641 34.9450836181641 34.9450874328613 34.9450798034668 34.9450759887695 34.9450759887695 34.9450759887695 34.9450759887695 34.9450874328613 34.9451103210449 34.9451599121094 34.9452323913574 34.9453086853027 34.9453811645508 34.9453811645508
34.944465637207 34.944408416748 34.9443473815918 34.9443016052246 34.9442596435547 34.9442100524902 34.9442596435547 34.9448051452637 34.9452095031738 34.9452667236328 34.9453773498535 34.9455528259277 34.945613861084 34.9455795288086 34.9455261230469 34.9454689025879 34.9453887939453 34.9453010559082 34.9452171325684 34.9451332092285 34.9450569152832 34.9449882507324 34.9449577331543 34.944938659668 34.9449462890625 34.9449577331543 34.9449768066406 34.944995880127 34.9450187683105 34.9450607299805 34.9451179504395 34.9451332092285 34.945140838623 34.9451522827148 34.9451637268066 34.9451637268066 34.9451675415039 34.9451713562012 34.9451713562012 34.9451713562012 34.9451751708984 34.9451866149902 34.9452247619629 34.9452819824219 34.9453430175781 34.9454078674316 34.9454116821289
34.9443435668945 34.9442825317383 34.9442138671875 34.9441528320312 34.9440956115723 34.9440612792969 34.9441909790039 34.945140838623 34.9458389282227 34.945930480957 34.9459915161133 34.9459991455078 34.9459686279297 34.9458961486816 34.9458084106445 34.9457054138184 34.9455947875977 34.9454765319824 34.945369720459 34.9452705383301 34.9452209472656 34.9451751708984 34.9451332092285 34.9451026916504 34.9451026916504 34.9451065063477 34.945125579834 34.945140838623 34.9451560974121 34.9451713562012 34.9451904296875 34.9452018737793 34.9452056884766 34.9452285766602 34.9452514648438 34.9452629089355 34.9452705383301 34.9452781677246 34.9452781677246 34.9452743530273 34.9452705383301 34.9452705383301 34.9452934265137 34.9453315734863 34.9453773498535 34.945426940918 34.9454307556152
34.9445266723633 34.9445457458496 34.944522857666 34.9445190429688 34.9445343017578 34.9450531005859 34.9456062316895 34.9463500976562 34.9468650817871 34.9468307495117 34.9467239379883 34.9465141296387 34.9463500976562 34.9462280273438 34.9460983276367 34.9459686279297 34.9458274841309 34.9456825256348 34.9455490112305 34.9454193115234 34.9453620910645 34.9453086853027 34.9452819824219 34.9452590942383 34.945255279541 34.945255279541 34.9452629089355 34.9452743530273 34.9452857971191 34.9453048706055 34.9453239440918 34.9453353881836 34.9453468322754 34.945369720459 34.9453887939453 34.9454002380371 34.9454040527344 34.9454040527344 34.9453964233398 34.945384979248 34.9453735351562 34.9453620910645 34.945369720459 34.9453887939453 34.9454116821289 34.945442199707 34.945442199707
34.9448280334473 34.9449195861816 34.9449424743652 34.944995880127 34.9450874328613 34.9461097717285 34.9470481872559 34.9475440979004 34.9478530883789 34.9477005004883 34.9474411010742 34.9470367431641 34.9467468261719 34.9465560913086 34.9463882446289 34.946231842041 34.9460639953613 34.9458923339844 34.9457359313965 34.9455833435059 34.9455146789551 34.9454536437988 34.9454345703125 34.9454231262207 34.9454154968262 34.9454078674316 34.9454078674316 34.9454154968262 34.9454231262207 34.945442199707 34.9454612731934 34.9454765319824 34.9454879760742 34.9455070495605 34.9455261230469 34.9455299377441 34.9455337524414 34.9455223083496 34.9455070495605 34.9454879760742 34.9454727172852 34.9454536437988 34.945442199707 34.945442199707 34.9454460144043 34.9454536437988 34.9454536437988
34.9462394714355 34.9463043212891 34.9463195800781 34.9464263916016 34.9465637207031 34.9473457336426 34.9480285644531 34.9481964111328 34.9482803344727 34.9481468200684 34.9479293823242 34.9476051330566 34.9472503662109 34.9468727111816 34.9466438293457 34.9464797973633 34.9463233947754 34.9461631774902 34.9460105895996 34.9458656311035 34.9457817077637 34.9457054138184 34.9456825256348 34.9456634521484 34.9456520080566 34.9456405639648 34.945629119873 34.9456253051758 34.9456214904785 34.945613861084 34.9456100463867 34.9456100463867 34.9456100463867 34.945613861084 34.9456176757812 34.9456100463867 34.9455947875977 34.9455718994141 34.9455490112305 34.9455261230469 34.9455070495605 34.9454879760742 34.9454727172852 34.9454650878906 34.9454574584961 34.9454536437988 34.9454536437988
34.9474182128906 34.9474792480469 34.9475288391113 34.947681427002 34.9478530883789 34.9483871459961 34.9488220214844 34.9487457275391 34.9486618041992 34.9485473632812 34.9483757019043 34.9481239318848 34.9477500915527 34.9472694396973 34.9470100402832 34.9468536376953 34.9467124938965 34.9465713500977 34.9464302062988 34.9462890625 34.9461860656738 34.9460906982422 34.9460487365723 34.9460144042969 34.9459915161133 34.9459648132324 34.945930480957 34.9458999633789 34.9458694458008 34.9458389282227 34.9458084106445 34.9457931518555 34.9457817077637 34.9457588195801 34.9457321166992 34.945686340332 34.9456443786621 34.9456062316895 34.9455718994141 34.9455528259277 34.9455299377441 34.9455108642578 34.9454956054688 34.9454803466797 34.9454650878906 34.9454536437988 34.9454498291016
34.9477386474609 34.9479064941406 34.9481086730957 34.9482803344727 34.9484481811523 34.9487228393555 34.9489479064941 34.948917388916 34.9488716125488 34.9487953186035 34.9486656188965 34.9484672546387 34.9482269287109 34.9479560852051 34.9477958679199 34.9476852416992 34.9475898742676 34.9474983215332 34.9473648071289 34.9472312927246 34.947093963623 34.9469604492188 34.9468650817871 34.94677734375 34.9467163085938 34.9466323852539 34.9465217590332 34.946418762207 34.9463233947754 34.9462509155273 34.9461936950684 34.946159362793 34.9461288452148 34.9460258483887 34.9459190368652 34.9457740783691 34.9456443786621 34.9455833435059 34.9455413818359 34.9455261230469 34.9455146789551 34.9455032348633 34.9454879760742 34.9454727172852 34.9454574584961 34.945442199707 34.9454307556152
