Ecospace-environmental-drivers/Outputs/ASCII-for-ecospace/MOM6-ISIMIP3a/so-bot/1991-02_so-bot_MOM6-ISIMIP3a.asc
NCOLS 131 
NROWS 53 
XLLCORNER -98 
YLLCORNER 23.9265270233154 
CELLSIZE 0.133587792515755 
NODATA_value -9999 
[rows 21 to 41 of 53, columns 0 to 46 of 131]
-9999 -9999 -9999 -9999 -9999 -9999 34.8659477233887 34.8272094726562 34.728271484375 34.5695991516113 34.4780807495117 34.3160514831543 34.3072319030762 34.2809562683105 34.3245582580566 34.4487762451172 34.6628379821777 34.9385986328125 35.1364097595215 35.3041229248047 35.4060668945312 35.4964027404785 35.5928382873535 35.6843452453613 35.7336616516113 35.7764205932617 35.7979202270508 35.8309898376465 35.8842430114746 35.9515838623047 36.0334129333496 36.0895309448242 36.1299896240234 36.1580123901367 36.1818923950195 36.2015533447266 36.220588684082 36.2331161499023 36.244945526123 36.252311706543 36.2571182250977 36.2548027038574 36.2552032470703 36.2598075866699 36.2666091918945 36.2754287719727 36.3037605285645
-9999 -9999 -9999 -9999 -9999 -9999 34.8725166320801 34.8659477233887 34.7884674072266 34.6890716552734 34.5695991516113 34.5485916137695 34.5890922546387 34.751293182373 34.8924293518066 35.0092544555664 35.1899299621582 35.4144592285156 35.5824699401855 35.7286529541016 35.8000564575195 35.8582611083984 35.9347457885742 36.0083084106445 36.0541610717773 36.0893707275391 36.0900764465332 36.1044464111328 36.1426658630371 36.1931610107422 36.2562789916992 36.29541015625 36.3199310302734 36.3360786437988 36.3494338989258 36.3555183410645 36.3605918884277 36.3651962280273 36.3694458007812 36.3714561462402 36.3743896484375 36.3798789978027 36.3866577148438 36.3954200744629 36.4048080444336 36.4147605895996 36.4364700317383
-9999 -9999 -9999 -9999 34.9815368652344 34.9141082763672 34.8781242370605 34.873477935791 34.8659477233887 34.7109870910645 34.609748840332 34.7141418457031 34.8995590209961 35.2452926635742 35.4773902893066 35.5783653259277 35.7152366638184 35.8767585754395 36.0084190368652 36.128547668457 36.1732444763184 36.2046318054199 36.2567863464355 36.3084144592285 36.3518829345703 36.3810081481934 36.3636436462402 36.3628616333008 36.3910217285156 36.4263534545898 36.4690628051758 36.4912033081055 36.5008163452148 36.5055694580078 36.5087013244629 36.5021667480469 36.4943428039551 36.4925918579102 36.4902534484863 36.4841842651367 36.4816055297852 36.4887580871582 36.4980392456055 36.5106239318848 36.5226783752441 36.534252166748 36.5498390197754
-9999 -9999 -9999 -9999 35.1338272094727 35.0000915527344 34.9500961303711 34.8781242370605 34.8763656616211 34.8539619445801 34.8824768066406 35.1058807373047 35.3592796325684 35.6720428466797 35.8777961730957 35.9600791931152 36.0556755065918 36.1604118347168 36.2548522949219 36.3453178405762 36.3802795410156 36.4054527282715 36.3602027893066 36.3211555480957 36.3466377258301 36.3662223815918 36.3666915893555 36.4045906066895 36.5078086853027 36.5637702941895 36.571102142334 36.5773735046387 36.5829963684082 36.5829429626465 36.5809936523438 36.5815773010254 36.582592010498 36.5943565368652 36.5953483581543 36.527717590332 36.4465942382812 36.3279190063477 36.2583274841309 36.2645874023438 36.2716827392578 36.2795448303223 36.289623260498
-9999 -9999 -9999 -9999 -9999 35.1338272094727 35.0383110046387 35.0220680236816 34.9216575622559 35.0233459472656 35.169620513916 35.4865531921387 35.787971496582 36.0586891174316 36.2296485900879 36.2854957580566 36.3067169189453 36.3041572570801 36.334041595459 36.3764572143555 36.397388458252 36.4145317077637 36.3023376464844 36.2007141113281 36.2107887268066 36.2215003967285 36.2342910766602 36.2962493896484 36.4440116882324 36.5100021362305 36.4918556213379 36.4881629943848 36.4932823181152 36.4904403686523 36.4849433898926 36.4904289245605 36.4975204467773 36.5167388916016 36.5186805725098 36.410587310791 36.278247833252 36.0784187316895 35.9574203491211 35.9582405090332 35.9607849121094 35.9649124145508 35.9696617126465
-9999 -9999 -9999 -9999 -9999 35.1251945495605 35.1338272094727 35.1192283630371 35.1198883056641 35.3085250854492 35.5199699401855 35.818717956543 36.0805931091309 36.2695121765137 36.3686065673828 36.3640632629395 36.1657676696777 35.8344192504883 35.6798973083496 35.5936508178711 35.5817108154297 35.5828819274902 35.5373001098633 35.4963264465332 35.5022773742676 35.5070495605469 35.5079879760742 35.5298957824707 35.5883865356445 35.6179351806641 35.6176986694336 35.6299705505371 35.6498641967773 35.6530914306641 35.6507606506348 35.651424407959 35.6524925231934 35.6525802612305 35.6450462341309 35.5889892578125 35.5252532958984 35.4401473999023 35.3881874084473 35.387451171875 35.3872489929199 35.3875427246094 35.3877296447754
-9999 -9999 35.0994682312012 35.1040687561035 35.1108322143555 35.1165542602539 35.1252059936523 35.1980667114258 35.2885971069336 35.5467147827148 35.8099632263184 36.0928421020508 36.3223495483398 36.4462471008301 36.4405746459961 36.2853927612305 35.9337539672852 35.4471969604492 35.2007141113281 35.046932220459 35.0157203674316 35.0061378479004 35.005744934082 35.0058860778809 35.0087814331055 35.0095062255859 35.0031852722168 34.9985237121582 34.9967575073242 35.0018501281738 35.0140075683594 35.0341377258301 35.0591316223145 35.0649528503418 35.0643844604492 35.0620765686035 35.0594596862793 35.0473709106445 35.0345230102539 35.0168495178223 35.0021781921387 34.9958648681641 34.9911422729492 34.988883972168 34.9867095947266 34.9846115112305 34.9820213317871
-9999.000000000000000 -9999 -9999 -9999 35.0848159790039 35.1051139831543 35.0998458862305 35.2369346618652 35.3928985595703 35.6823806762695 35.96826171875 36.2403373718262 36.4531288146973 36.5486183166504 36.3663711547852 35.863655090332 35.503044128418 35.2400169372559 35.1032791137695 35.0153045654297 34.9945106506348 34.9855690002441 34.9836158752441 34.9822387695312 34.9844093322754 34.9852256774902 34.9816627502441 34.9798545837402 34.9811172485352 34.9879188537598 35.000431060791 35.0107460021973 35.019718170166 35.0205574035645 35.0186805725098 35.0174522399902 35.0162620544434 35.0071640014648 34.9980697631836 34.9889907836914 34.9807472229004 34.9748306274414 34.9697875976562 34.9660873413086 34.9636154174805 34.962272644043 34.9608192443848
-9999 -9999 -9999 -9999 35.0462608337402 35.0327835083008 35.0519218444824 35.2486763000488 35.4624824523926 35.7666282653809 36.0616340637207 36.3216705322266 36.4953269958496 36.4980621337891 36.1982154846191 35.5492362976074 35.2161064147949 35.0998802185059 35.0362777709961 34.9929885864258 34.978084564209 34.9681854248047 34.9659309387207 34.9642448425293 34.9659042358398 34.9669036865234 34.965747833252 34.9659461975098 34.9684944152832 34.9750061035156 34.9855918884277 34.9896087646484 34.9896240234375 34.9878883361816 34.9855690002441 34.9849662780762 34.9845581054688 34.977954864502 34.9717330932617 34.9679756164551 34.9639625549316 34.9592475891113 34.955005645752 34.9514999389648 34.9494514465332 34.9487380981445 34.9480934143066
-9999 -9999 -9999 -9999 35.0168342590332 35.0008850097656 34.9811897277832 35.2263031005859 35.488395690918 35.7861824035645 36.0733299255371 36.3197708129883 36.426082611084 36.2551155090332 35.911865234375 35.3698310852051 35.1100463867188 35.0440940856934 35.0075569152832 34.9823799133301 34.9676704406738 34.9548072814941 34.9538421630859 34.9533653259277 34.9547843933105 34.9560661315918 34.9568939208984 34.9580230712891 34.9596786499023 34.9633750915527 34.9691696166992 34.9713172912598 34.9712409973145 34.9699668884277 34.9682998657227 34.9677467346191 34.9673194885254 34.9625778198242 34.9581336975098 34.9555778503418 34.9530334472656 34.9505233764648 34.9485015869141 34.9472427368164 34.9465179443359 34.9462814331055 34.9460372924805
-9999 -9999 -9999 -9999 35.0008850097656 34.9770431518555 34.9490585327148 35.213321685791 35.4934463500977 35.7965049743652 36.0858840942383 36.3229103088379 36.4325866699219 36.2902793884277 35.9346542358398 35.3328971862793 35.058422088623 35.0087089538574 34.9841804504395 34.9693832397461 34.9583320617676 34.9479484558105 34.9476852416992 34.9478149414062 34.9493789672852 34.9509315490723 34.9524536132812 34.9537010192871 34.9544715881348 34.9559020996094 34.9580078125 34.9586639404297 34.9584350585938 34.9576072692871 34.9565849304199 34.9560585021973 34.9555892944336 34.9527969360352 34.9501914978027 34.9487762451172 34.9474258422852 34.9462547302246 34.9454650878906 34.9452667236328 34.9451599121094 34.945140838623 34.9450721740723
-9999 -9999 -9999 -9999 34.9756622314453 34.9490585327148 35.1848831176758 35.2073860168457 35.482852935791 35.7999038696289 36.0990791320801 36.3298263549805 36.4959030151367 36.5340309143066 36.1893005371094 35.4028205871582 35.0476303100586 34.9886245727539 34.9648132324219 34.9545936584473 34.9498062133789 34.9459762573242 34.945972442627 34.9462547302246 34.9482536315918 34.9500732421875 34.9513168334961 34.9520721435547 34.9519729614258 34.951545715332 34.9507865905762 34.9502372741699 34.9498138427734 34.9494171142578 34.9490356445312 34.9485206604004 34.9479866027832 34.947208404541 34.9464912414551 34.9461708068848 34.9458084106445 34.9453353881836 34.9450340270996 34.9449996948242 34.9449844360352 34.9449844360352 34.9449272155762
-9999 -9999 -9999 -9999 34.9490585327148 35.1896438598633 35.2980842590332 35.3697662353516 35.4108963012695 35.7810974121094 36.1234512329102 36.3592109680176 36.5350761413574 36.5924301147461 36.2361946105957 35.4027404785156 35.0335083007812 34.9830703735352 34.9609527587891 34.949764251709 34.9467964172363 34.9452781677246 34.9452590942383 34.9454116821289 34.9467277526855 34.9479026794434 34.9486389160156 34.9490623474121 34.9489364624023 34.9483528137207 34.9472961425781 34.9466896057129 34.9463539123535 34.946174621582 34.9460487365723 34.9457168579102 34.9453582763672 34.9452514648438 34.9451599121094 34.9451713562012 34.945125579834 34.9449272155762 34.9448127746582 34.9448318481445 34.9448394775391 34.9448356628418 34.9447860717773
-9999 -9999 -9999 -9999 -9999 35.3105926513672 35.3265533447266 35.3170967102051 35.3126373291016 35.7527732849121 36.1526107788086 36.3982238769531 36.5638961791992 36.5713882446289 36.1940460205078 35.3726615905762 35.0179595947266 34.9837493896484 34.9637336730957 34.9491996765137 34.9461517333984 34.9451332092285 34.9449806213379 34.9448776245117 34.9450302124023 34.9451751708984 34.9453010559082 34.9454574584961 34.945671081543 34.9456558227539 34.9454040527344 34.9452323913574 34.9451103210449 34.9450492858887 34.9450149536133 34.944938659668 34.9448585510254 34.9448509216309 34.9448471069336 34.9448585510254 34.9448394775391 34.9447402954102 34.9446868896484 34.944709777832 34.944709777832 34.9446868896484 34.9446487426758
-9999 -9999 -9999 -9999 -9999 35.3218879699707 35.3071441650391 35.2928009033203 35.327579498291 35.7950057983398 36.2140846252441 36.448112487793 36.6058311462402 36.612548828125 36.2235984802246 35.3781089782715 35.01513671875 34.9835319519043 34.9644317626953 34.9501609802246 34.9466400146484 34.9450149536133 34.9448394775391 34.944709777832 34.9446754455566 34.9446792602539 34.9448089599609 34.9448890686035 34.9448852539062 34.9448509216309 34.9447860717773 34.9447326660156 34.9446868896484 34.9446716308594 34.9446640014648 34.9446601867676 34.9446563720703 34.9446640014648 34.9446716308594 34.9446830749512 34.9446754455566 34.9446220397949 34.9445953369141 34.9446144104004 34.9446105957031 34.9445838928223 34.9445495605469
-9999 -9999 -9999 -9999 -9999 35.3508720397949 35.331958770752 35.3115386962891 35.3659400939941 35.8518409729004 36.2822456359863 36.5002517700195 36.6504745483398 36.6665725708008 36.2679824829102 35.3909072875977 35.014949798584 34.9831352233887 34.9647026062012 34.9514389038086 34.9473571777344 34.9449005126953 34.9447288513184 34.9446182250977 34.9446029663086 34.9446487426758 34.9449081420898 34.944953918457 34.9446144104004 34.9444389343262 34.9444313049316 34.9444274902344 34.9444313049316 34.9444427490234 34.9444541931152 34.9444847106934 34.9445190429688 34.944522857666 34.9445304870605 34.9445343017578 34.9445343017578 34.9445190429688 34.9445152282715 34.9445266723633 34.9445152282715 34.9444885253906 34.9444580078125
-9999 -9999 -9999 -9999 -9999 -9999 35.4135055541992 35.3915405273438 35.4297752380371 35.9075355529785 36.3300094604492 36.5408668518066 36.6857528686523 36.7000961303711 36.2984237670898 35.4167366027832 35.0329208374023 34.9910202026367 34.9689254760742 34.9544792175293 34.9488639831543 34.9448089599609 34.9446411132812 34.944580078125 34.9447402954102 34.9449920654297 34.9455413818359 34.9458274841309 34.9456558227539 34.9455528259277 34.9455184936523 34.9454879760742 34.9454612731934 34.9454345703125 34.9454116821289 34.9453735351562 34.9453277587891 34.9450225830078 34.9447326660156 34.9445304870605 34.9443778991699 34.9443702697754 34.9443664550781 34.9443664550781 34.9443550109863 34.9443321228027 34.9444274902344
-9999 -9999 -9999 -9999 -9999 -9999 35.5173759460449 35.5374374389648 35.5034790039062 35.9705696105957 36.382453918457 36.5830307006836 36.7200164794922 36.7311782836914 36.3261947631836 35.4410552978516 35.0501022338867 34.9985313415527 34.9729194641113 34.957332611084 34.9502754211426 34.9447250366211 34.9445686340332 34.9445762634277 34.9449501037598 34.9454231262207 34.9462127685547 34.946720123291 34.946720123291 34.9466896057129 34.9466323852539 34.9465751647949 34.9465179443359 34.9464645385742 34.9464073181152 34.9463005065918 34.9461822509766 34.9456024169922 34.9450416564941 34.9446449279785 34.9443550109863 34.9443511962891 34.9443511962891 34.9443435668945 34.9443359375 34.9443206787109 34.9445381164551
-9999 -9999 -9999 -9999 -9999 -9999 35.6517448425293 35.6231460571289 35.6703491210938 36.1124572753906 36.4946022033691 36.6472473144531 36.7479820251465 36.7459983825684 36.3321304321289 35.4430122375488 35.0501441955566 34.9980735778809 34.9725685119629 34.9573173522949 34.9502830505371 34.9446983337402 34.9447174072266 34.9449424743652 34.9458351135254 34.9466285705566 34.9471015930176 34.9473991394043 34.9473915100098 34.9473495483398 34.9472808837891 34.9472694396973 34.9472923278809 34.9472618103027 34.947208404541 34.9471549987793 34.9470977783203 34.9467010498047 34.9463157653809 34.9460029602051 34.9457702636719 34.9457740783691 34.9457931518555 34.9458312988281 34.9458770751953 34.9459342956543 34.946102142334
-9999 -9999 -9999 -9999 -9999 35.7557678222656 35.7800178527832 35.7946548461914 35.8637504577637 36.2631225585938 36.601390838623 36.7057571411133 36.755729675293 36.6980628967285 36.2715721130371 35.4195137023926 35.0433769226074 34.9940795898438 34.9701690673828 34.9560585021973 34.9496917724609 34.9446907043457 34.9450531005859 34.9456100463867 34.9468040466309 34.9477653503418 34.9479866027832 34.9481201171875 34.9481010437012 34.9480514526367 34.9479789733887 34.9479866027832 34.9480514526367 34.9480285644531 34.9479789733887 34.9479637145996 34.9479522705078 34.9477195739746 34.9474906921387 34.9472579956055 34.9470863342285 34.9470863342285 34.9471054077148 34.9471588134766 34.9472236633301 34.9472999572754 34.9474029541016
-9999 -9999 -9999 -9999 36.1687545776367 35.9381561279297 35.7557678222656 35.9465065002441 36.1544189453125 36.4459953308105 36.6885261535645 36.7433433532715 36.6893424987793 36.4200172424316 35.9672050476074 35.3026733398438 35.0116539001465 34.9771347045898 34.960277557373 34.9502372741699 34.9469032287598 34.9447555541992 34.9460716247559 34.9473876953125 34.9480781555176 34.9486503601074 34.9488525390625 34.948974609375 34.9489555358887 34.9489097595215 34.9488372802734 34.948787689209 34.9487495422363 34.9486961364746 34.9486351013184 34.9486083984375 34.9485816955566 34.9484443664551 34.9483070373535 34.9481468200684 34.9480247497559 34.9479904174805 34.9479522705078 34.9479103088379 34.9478454589844 34.9477577209473 34.9477500915527
