Ecospace-environmental-drivers/Outputs/ASCII-for-ecospace/MOM6-ISIMIP3a/so-bot/1991-01_so-bot_MOM6-ISIMIP3a.asc
NCOLS 131 
NROWS 53 
XLLCORNER -98 
YLLCORNER 23.9265270233154 
CELLSIZE 0.133587792515755 
NODATA_value -9999 
[rows 0 to 20 of 53, columns 47 to 93 of 131]
-9999 -9999 -9999 -9999 -9999 -9999 -9999 -9999 -9999 -9999 -9999 -9999 -9999 -9999 -9999 -9999 -9999 -9999 -9999 -9999 -9999 -9999 -9999 -9999 -9999 -9999 -9999 -9999 -9999 -9999 -9999 -9999 -9999 -9999 -9999 -9999 -9999 -9999 -9999 -9999 -9999 -9999 -9999 -9999 -9999 -9999 -9999
-9999 -9999 -9999 -9999 -9999 -9999 -9999 -9999 -9999 -9999 -9999 -9999 -9999 -9999 -9999 -9999 -9999 -9999 -9999 -9999 -9999 -9999 -9999 -9999 -9999 -9999 -9999 -9999 -9999 -9999 -9999 -9999 -9999 -9999 -9999 -9999 -9999 -9999 -9999 -9999 -9999 -9999 -9999 -9999 -9999 -9999 -9999
-9999 -9999 -9999 -9999 -9999 -9999 -9999 -9999 -9999 -9999 -9999 -9999 -9999 -9999 -9999 -9999 -9999 -9999 -9999 -9999 -9999 -9999 -9999 -9999 -9999 -9999 -9999 33.6613693237305 33.8604507446289 -9999 -9999 -9999 -9999 -9999 -9999 -9999 -9999 -9999 -9999 -9999 -9999 -9999 -9999 -9999 -9999 -9999 -9999
-9999 -9999 -9999 -9999 -9999 -9999 -9999 -9999 -9999 -9999 -9999 -9999 -9999 -9999 -9999 -9999 -9999 -9999 -9999 -9999 -9999 -9999 -9999 -9999 -9999 -9999 -9999 33.6501617431641 33.839038848877 -9999 -9999 -9999 -9999 -9999 -9999 -9999 -9999 -9999 -9999 -9999 -9999 -9999 -9999 -9999 -9999 -9999 -9999
-9999 -9999 -9999 -9999 -9999 -9999 -9999 -9999 -9999 -9999 -9999 -9999 -9999 -9999 -9999 -9999 -9999 -9999 29.3324012756348 29.5176963806152 29.6659317016602 30.5306243896484 31.2566547393799 32.4159851074219 33.089729309082 33.3503074645996 33.5072860717773 33.6271209716797 33.8160820007324 34.0739097595215 -9999 -9999 34.9779739379883 35.1794128417969 35.3131637573242 35.4407768249512 35.5702056884766 35.6985702514648 35.8099403381348 35.8962783813477 35.9622764587402 36.0168647766113 -9999 -9999 -9999 -9999 -9999
-9999 -9999 -9999 -9999 -9999 -9999 -9999 -9999 -9999 -9999 -9999 -9999 -9999 -9999 25.3333148956299 -9999 24.7853412628174 24.3374137878418 26.9328212738037 29.3324012756348 29.5547542572021 29.6659317016602 31.3953189849854 32.7087135314941 33.1439247131348 33.4165458679199 33.4904518127441 33.614860534668 33.776050567627 34.0573310852051 34.3883476257324 34.7137451171875 35.0380401611328 35.1821403503418 35.3180618286133 35.4392929077148 35.5649795532227 35.7063446044922 35.8243827819824 35.899097442627 35.9653511047363 36.0223846435547 36.062858581543 36.0926132202148 -9999 -9999 -9999
-9999 -9999 -9999 -9999 -9999 -9999 -9999 -9999 -9999 -9999 27.2672863006592 27.2657337188721 27.2804107666016 27.3601417541504 26.4228553771973 25.4071578979492 25.2594718933105 24.7591381072998 24.3374137878418 27.1286506652832 29.3324012756348 29.6659317016602 31.3953189849854 32.7087135314941 33.1439247131348 33.4165458679199 33.4904518127441 33.614860534668 33.776050567627 34.0573310852051 34.3883476257324 34.7137451171875 35.0380401611328 35.1821403503418 35.3180618286133 35.4392929077148 35.5649795532227 35.7063446044922 35.8243827819824 35.899097442627 35.9653511047363 36.0223846435547 36.062858581543 36.0926132202148 36.1004753112793 36.1363525390625 -9999
-9999 -9999 -9999 -9999 -9999 -9999 -9999 -9999 -9999 -9999 27.2756099700928 27.2672863006592 27.264181137085 -9999 27.5064830780029 26.6313972473145 25.5548419952393 25.2594718933105 24.6805286407471 24.3374137878418 27.716136932373 30.730094909668 32.2174606323242 33.3703765869141 33.8172378540039 34.0776519775391 34.1101875305176 34.1774482727051 34.2700042724609 34.460620880127 34.6918449401855 34.9676856994629 35.2523002624512 35.3144226074219 35.3835716247559 35.6018371582031 35.794132232666 35.8951110839844 35.9714164733887 36.0019111633301 36.029857635498 36.0550308227539 36.091552734375 36.1354179382324 36.1513481140137 36.1572380065918 36.0633010864258
-9999 -9999 -9999 -9999 -9999 -9999 -9999 -9999 -9999 -9999 -9999 -9999 -9999 -9999 27.4009265899658 27.8574447631836 27.0843029022217 25.850212097168 25.2594718933105 24.4447021484375 28.4423065185547 31.9033203125 33.1186485290527 34.0907516479492 34.549373626709 34.7977104187012 34.7890319824219 34.7964401245117 34.8155670166016 34.9074516296387 35.029468536377 35.2484893798828 35.4865798950195 35.4639282226562 35.4643516540527 35.784553527832 36.0463600158691 36.1028594970703 36.1333351135254 36.1154823303223 36.1014671325684 36.0916404724121 36.1230354309082 36.1811027526855 36.1816024780273 36.1614189147949 36.0374221801758
30.5045051574707 -9999 -9999 -9999 -9999 -9999 -9999 -9999 -9999 -9999 29.2219696044922 27.2841415405273 -9999 -9999 -9999 27.6806259155273 28.6368408203125 27.9943618774414 26.4409523010254 26.75856590271 29.9925479888916 32.7642631530762 33.6013259887695 34.3075752258301 34.7376556396484 35.024528503418 35.1363792419434 35.2077522277832 35.249641418457 35.3111114501953 35.3806953430176 35.4831809997559 35.5921287536621 35.6992263793945 35.8169364929199 36.0389366149902 36.2174224853516 36.2429237365723 36.2457427978516 36.2064361572266 36.1710090637207 36.1398048400879 36.1408996582031 36.1628913879395 36.1735649108887 36.1801719665527 36.0494728088379
30.2690544128418 30.2342987060547 -9999 -9999 -9999 -9999 -9999 -9999 -9999 -9999 30.3991870880127 29.7182121276855 27.2841415405273 -9999 -9999 27.2424468994141 28.5321464538574 30.1359310150146 29.6033096313477 29.1224460601807 31.5310707092285 33.5681686401367 34.0503845214844 34.5162239074707 34.9474868774414 35.2731628417969 35.4697914123535 35.5845222473145 35.6395988464355 35.6739921569824 35.6998176574707 35.7095832824707 35.7161903381348 35.9297752380371 36.1402893066406 36.2459411621094 36.3329811096191 36.3545913696289 36.348949432373 36.2927017211914 36.2387313842773 36.1872367858887 36.1591300964355 36.1461563110352 36.1667060852051 36.1992988586426 36.0741539001465
30.2690544128418 30.1647853851318 29.7162017822266 29.0941600799561 -9999 -9999 -9999 -9999 -9999 -9999 -9999 31.1824436187744 29.7875194549561 27.2841415405273 27.2672863006592 27.2424468994141 28.5321464538574 30.1359310150146 30.9565753936768 31.7546138763428 33.0067291259766 34.0661506652832 34.3191223144531 34.6810340881348 35.2729225158691 35.638801574707 35.7284469604492 35.7760200500488 35.7929420471191 35.8181190490723 35.8467140197754 35.8915405273438 35.9395561218262 36.134822845459 36.3068733215332 36.1988296508789 36.1508293151855 36.3139305114746 36.4028015136719 36.3538093566895 36.2966995239258 36.2307472229004 36.1793365478516 36.1373405456543 36.1661643981934 36.2204322814941 36.1666030883789
30.3788261413574 29.9871788024902 29.6156787872314 29.0971641540527 -9999 -9999 -9999 -9999 28.1147537231445 29.4213352203369 30.6530208587646 31.7818851470947 31.1124248504639 28.9716243743896 28.3105812072754 28.3504695892334 29.4333724975586 30.7654895782471 32.3194847106934 33.8107490539551 34.167179107666 34.4961128234863 34.7099800109863 35.0514450073242 35.6622772216797 35.9807815551758 35.9420051574707 35.8834571838379 35.8105049133301 35.7992858886719 35.8136367797852 35.8674621582031 35.9290428161621 36.091495513916 36.2227516174316 36.0128326416016 35.9077072143555 36.1710548400879 36.338508605957 36.3278846740723 36.3015251159668 36.2580261230469 36.2128143310547 36.1665000915527 36.200553894043 36.2634735107422 36.2645874023438
30.7630271911621 30.215353012085 29.6350650787354 29.0971641540527 28.5696353912354 28.2049655914307 27.8854503631592 27.7956275939941 28.1147537231445 29.4213352203369 30.6530208587646 31.7818851470947 32.1404266357422 31.8687114715576 31.9621677398682 32.2285995483398 32.5877151489258 32.9689750671387 33.7065048217773 34.4267768859863 34.5395927429199 34.7560348510742 35.4061508178711 35.9358711242676 36.2114334106445 36.2636260986328 36.0428199768066 35.7807426452637 35.4886093139648 35.373046875 35.3306121826172 35.3282775878906 35.3338279724121 35.4272079467773 35.5118751525879 35.4796104431152 35.5121650695801 35.7726249694824 35.9788551330566 36.0843658447266 36.1734771728516 36.2447090148926 36.2794647216797 36.2906150817871 36.3222732543945 36.3612976074219 36.3763961791992
31.8198585510254 31.1290683746338 30.3294982910156 29.8046398162842 29.3150787353516 29.0193042755127 28.7622776031494 28.702356338501 29.0084381103516 30.1982727050781 31.2803916931152 32.2146339416504 33.125358581543 34.0168418884277 34.5384826660156 34.884937286377 34.8384895324707 34.6981658935547 34.8989601135254 35.1089859008789 35.1122856140137 35.2404747009277 35.8913497924805 36.3213157653809 36.2849235534668 36.1418190002441 35.8682975769043 35.5596618652344 35.2254524230957 35.0852432250977 35.0253791809082 34.9998321533203 34.9810333251953 35.0294303894043 35.0828819274902 35.1613922119141 35.2788543701172 35.533275604248 35.7508583068848 35.900032043457 36.0473899841309 36.1927680969238 36.2920913696289 36.3616180419922 36.3990364074707 36.4249229431152 36.4513626098633
33.8276672363281 33.0120124816895 31.9783248901367 31.5123558044434 31.1144409179688 30.9849662780762 30.878776550293 30.8910331726074 31.1656265258789 32.073657989502 32.7947540283203 33.2592124938965 34.0494003295898 35.1060905456543 35.5945625305176 35.8138809204102 35.8117904663086 35.7568016052246 35.8163375854492 35.884765625 35.9681282043457 36.0423431396484 36.0782852172852 36.0012969970703 35.685905456543 35.4479064941406 35.3044967651367 35.1712226867676 35.0453338623047 34.9931602478027 34.9715156555176 34.9693374633789 34.9709815979004 35.0084419250488 35.0524253845215 35.1471481323242 35.2749099731445 35.5188293457031 35.7090034484863 35.799373626709 35.9240798950195 36.0862045288086 36.2283401489258 36.357536315918 36.4122467041016 36.4401969909668 36.4742279052734
35.0560836791992 34.4118843078613 33.5641708374023 33.0813217163086 32.6498069763184 32.5959777832031 32.5994834899902 32.8946533203125 33.2723503112793 33.8493118286133 34.248851776123 34.4048233032227 34.9508857727051 35.8161125183105 36.1860122680664 36.3212852478027 36.3385009765625 36.3275108337402 36.3328399658203 36.3347969055176 36.271297454834 36.1684303283691 35.9007873535156 35.614330291748 35.2881546020508 35.0808258056641 35.018741607666 34.9798812866211 34.957935333252 34.949390411377 34.9463996887207 34.9540214538574 34.9637336730957 34.9971542358398 35.0362129211426 35.1217613220215 35.2363548278809 35.4530487060547 35.6268653869629 35.7210540771484 35.8520660400391 36.0231971740723 36.1802253723145 36.3281326293945 36.392951965332 36.4279251098633 36.4654922485352
35.6281547546387 35.4049530029297 35.096981048584 34.5334396362305 33.9628524780273 33.9083290100098 33.9868850708008 34.742431640625 35.3365745544434 35.5409812927246 35.6522064208984 35.6355133056641 35.8333778381348 36.2067832946777 36.3861885070801 36.4737014770508 36.4891319274902 36.4873352050781 36.5117645263672 36.5105018615723 36.1090545654297 35.7254295349121 35.4163932800293 35.1709823608398 35.0598945617676 34.9889678955078 34.9671287536621 34.9545135498047 34.948616027832 34.9463081359863 34.945484161377 34.9514923095703 34.9588432312012 34.9940299987793 35.0319938659668 35.0869941711426 35.1686515808105 35.3440399169922 35.5108032226562 35.6615524291992 35.8232460021973 35.9968605041504 36.1452865600586 36.2774047851562 36.3462867736816 36.392448425293 36.4301490783691
35.8991203308105 35.8588905334473 35.7888793945312 35.4163246154785 35.0265655517578 35.0084266662598 35.0906639099121 35.6834945678711 36.120304107666 36.1803855895996 36.2033386230469 36.1753196716309 36.2436256408691 36.3907470703125 36.4054718017578 36.3574867248535 36.2937240600586 36.226188659668 36.2395401000977 36.2302513122559 35.8105354309082 35.4247932434082 35.181209564209 35.0057525634766 34.9741172790527 34.9541778564453 34.9485359191895 34.9458885192871 34.9454154968262 34.945198059082 34.9450912475586 34.9495124816895 34.9548301696777 34.9871673583984 35.0209121704102 35.0586853027344 35.1166572570801 35.2456436157227 35.3806266784668 35.526741027832 35.6858673095703 35.8591690063477 36.0188980102539 36.1698455810547 36.2668609619141 36.3445014953613 36.3844680786133
36.0227317810059 36.0489959716797 36.069263458252 36.0206451416016 35.96826171875 36.0046615600586 36.0556449890137 36.1808319091797 36.2773933410645 36.3048477172852 36.3374214172363 36.3770217895508 36.4227752685547 36.4735565185547 36.3362350463867 36.1098098754883 35.9289741516113 35.7590293884277 35.7465362548828 35.7268676757812 35.4453315734863 35.1938247680664 35.0679817199707 34.9766235351562 34.9580612182617 34.9473114013672 34.946102142334 34.9454498291016 34.9452056884766 34.9450569152832 34.9449462890625 34.9478034973145 34.9512405395508 34.9784660339355 35.006477355957 35.0335464477539 35.0723533630371 35.1524429321289 35.243537902832 35.3550758361816 35.4953651428223 35.6669807434082 35.8477630615234 36.0344772338867 36.1714057922363 36.290454864502 36.3337287902832
36.1175231933594 36.1601753234863 36.2044982910156 36.2199211120605 36.2330360412598 36.2638244628906 36.2941703796387 36.3222694396973 36.350471496582 36.3789291381836 36.4101753234863 36.4452514648438 36.492115020752 36.5486221313477 36.3674736022949 36.0737495422363 35.746654510498 35.4115867614746 35.3816566467285 35.3636360168457 35.2138824462891 35.0797309875488 35.0108680725098 34.960994720459 34.9512214660645 34.9457244873047 34.9454498291016 34.945240020752 34.9450836181641 34.9449653625488 34.9448623657227 34.9463157653809 34.948070526123 34.9630889892578 34.9786376953125 34.9945182800293 35.019214630127 35.074893951416 35.1367111206055 35.2099227905273 35.3050651550293 35.4240913391113 35.5644073486328 35.7184982299805 35.8667831420898 36.0129776000977 36.1712608337402
