Ecospace-environmental-drivers/Outputs/ASCII-for-ecospace/MOM6-ISIMIP3a/so-bot/1991-09_so-bot_MOM6-ISIMIP3a.asc
NCOLS 131 
NROWS 53 
XLLCORNER -98 
YLLCORNER 23.9265270233154 
CELLSIZE 0.133587792515755 
NODATA_value -9999 
[rows 21 to 41 of 53, columns 0 to 46 of 131]
-9999 -9999 -9999 -9999 -9999 -9999 34.2322654724121 34.2059860229492 34.1434593200684 34.0367240905762 33.9647827148438 33.7543487548828 33.7740516662598 33.8327369689941 33.9725303649902 34.2059173583984 34.4708976745605 34.7575759887695 34.948802947998 35.1031723022461 35.2091636657715 35.3066139221191 35.5825157165527 35.8373413085938 35.8839645385742 35.9285049438477 35.9662933349609 36.0005531311035 36.0286483764648 36.0605545043945 36.0963859558105 36.1118583679199 36.1149253845215 36.127082824707 36.1422691345215 36.1803207397461 36.2215156555176 36.2603569030762 36.2956390380859 36.3082466125488 36.3166694641113 36.3134498596191 36.3440284729004 36.4268417358398 36.465950012207 36.4649505615234 36.4752388000488
-9999 -9999 -9999 -9999 -9999 -9999 34.2376403808594 34.2322654724121 34.1797103881836 34.1251335144043 34.0367240905762 34.103271484375 34.2443580627441 34.5329246520996 34.7938804626465 35.0229759216309 35.27734375 35.5490684509277 35.6994743347168 35.8030319213867 35.8727188110352 35.9364356994629 36.1281204223633 36.3034553527832 36.3191413879395 36.3336944580078 36.3445739746094 36.3525085449219 36.355297088623 36.3643608093262 36.3798828125 36.3876266479492 36.3906288146973 36.3999366760254 36.4113502502441 36.4454307556152 36.4825859069824 36.5108451843262 36.5365867614746 36.5462684631348 36.5523109436035 36.5482177734375 36.5613174438477 36.6009826660156 36.6189613342285 36.6170425415039 36.6229209899902
-9999 -9999 -9999 -9999 34.3299865722656 34.2725372314453 34.2405242919922 34.2401313781738 34.2322654724121 34.1271553039551 34.1043891906738 34.3967933654785 34.7631301879883 35.2757568359375 35.6451110839844 35.8491477966309 36.0762939453125 36.3193016052246 36.4252548217773 36.4782867431641 36.5132141113281 36.5449485778809 36.6352844238281 36.7156105041504 36.7018547058105 36.687614440918 36.6718063354492 36.6558952331543 36.6398048400879 36.6359405517578 36.6446533203125 36.6502304077148 36.6538963317871 36.6607360839844 36.6686325073242 36.6980209350586 36.7302665710449 36.747013092041 36.7622413635254 36.7677955627441 36.7695159912109 36.7605590820312 36.7529373168945 36.7473793029785 36.7436218261719 36.7415161132812 36.742733001709
-9999 -9999 -9999 -9999 34.4591522216797 34.347728729248 34.3045501708984 34.2405242919922 34.2476081848145 34.3377647399902 34.5153160095215 35.0273590087891 35.5183219909668 35.9675827026367 36.2620658874512 36.3779678344727 36.4904289245605 36.600528717041 36.6488609313965 36.67333984375 36.6866416931152 36.6979713439941 36.6178245544434 36.5432891845703 36.5321922302246 36.5188140869141 36.498046875 36.5108604431152 36.5822792053223 36.642463684082 36.6910858154297 36.7118530273438 36.7156448364258 36.7220764160156 36.7293815612793 36.7470054626465 36.7657661437988 36.7444610595703 36.7186241149902 36.6639404296875 36.5927619934082 36.475658416748 36.4062538146973 36.4105529785156 36.4149131774902 36.4193305969238 36.4265365600586
-9999 -9999 -9999 -9999 -9999 34.4591522216797 34.3866844177246 34.368579864502 34.3051910400391 34.6165428161621 34.9980201721191 35.6478958129883 36.2003326416016 36.5599670410156 36.7617263793945 36.781322479248 36.7574119567871 36.7036209106445 36.6746101379395 36.6551704406738 36.6480293273926 36.6430625915527 36.4466896057129 36.2666664123535 36.2578048706055 36.2457160949707 36.22314453125 36.2559928894043 36.3855514526367 36.4875602722168 36.5612182617188 36.5932426452637 36.5999069213867 36.6061592102051 36.6122741699219 36.6192512512207 36.6259460449219 36.5764656066895 36.5207939147949 36.4256820678711 36.3066368103027 36.1209564208984 36.0126991271973 36.0241050720215 36.0340766906738 36.0427322387695 36.0528450012207
-9999 -9999 -9999 -9999 -9999 34.4718437194824 34.4591522216797 34.4784774780273 34.5479965209961 35.194221496582 35.7954521179199 36.2244644165039 36.561450958252 36.7163352966309 36.7470741271973 36.6345748901367 36.3791694641113 36.0256195068359 35.8328094482422 35.7020645141602 35.6796798706055 35.6764144897461 35.6017074584961 35.5326995849609 35.5242385864258 35.5152893066406 35.5047569274902 35.51953125 35.5784759521484 35.6248550415039 35.6583023071289 35.6843643188477 35.7059288024902 35.7130279541016 35.7153053283691 35.7165451049805 35.7173957824707 35.683048248291 35.6467628479004 35.5981063842773 35.540958404541 35.4601631164551 35.4136428833008 35.4201011657715 35.424690246582 35.4275741577148 35.4270668029785
-9999 -9999 34.4865226745605 34.4878425598145 34.4929580688477 34.4845504760742 34.4718284606934 34.6122856140137 34.8151016235352 35.6546974182129 36.3745231628418 36.6359062194824 36.8106842041016 36.8140869140625 36.6814079284668 36.391716003418 35.9822196960449 35.4904518127441 35.2215728759766 35.038761138916 35.0087776184082 35.0057678222656 35.0134658813477 35.019889831543 35.0137062072754 35.0083160400391 35.0055084228516 35.0071983337402 35.0167350769043 35.024543762207 35.0305709838867 35.0496253967285 35.0766181945801 35.0831298828125 35.0828132629395 35.080436706543 35.07763671875 35.0562171936035 35.0356597900391 35.0205917358398 35.0075073242188 34.9999389648438 34.9960060119629 34.997688293457 34.9979820251465 34.9970016479492 34.9902648925781
-9999.000000000000000 -9999 -9999 -9999 34.4860191345215 34.5013694763184 34.5091209411621 34.7982635498047 35.1352386474609 35.8594627380371 36.4771537780762 36.6870651245117 36.8158111572266 36.7839622497559 36.5044441223145 35.9391555786133 35.5444641113281 35.2669258117676 35.1133995056152 35.007755279541 34.9868698120117 34.9809455871582 34.9854011535645 34.9896049499512 34.9898071289062 34.988899230957 34.9843940734863 34.9838638305664 34.9902687072754 34.9967308044434 35.003246307373 35.0130195617676 35.0247764587402 35.0275726318359 35.0273780822754 35.0259895324707 35.0243530273438 35.0110397338867 34.9982376098633 34.9886703491211 34.9807357788086 34.9773368835449 34.9742050170898 34.971492767334 34.9698448181152 34.9691734313965 34.9657707214355
-9999 -9999 -9999 -9999 34.4699363708496 34.4721336364746 34.4936294555664 34.8957748413086 35.3356552124023 35.9831428527832 36.5340423583984 36.7152328491211 36.7879104614258 36.6458778381348 36.260986328125 35.5958824157715 35.2468948364258 35.1150016784668 35.0398788452148 34.9866790771484 34.9715538024902 34.9631462097168 34.9650459289551 34.9672698974609 34.9702949523926 34.9717254638672 34.9679985046387 34.9670372009277 34.9709053039551 34.976001739502 34.9823608398438 34.9860038757324 34.9879951477051 34.9878768920898 34.987060546875 34.9861259460449 34.9851379394531 34.9784698486328 34.9719390869141 34.9662895202637 34.961799621582 34.9605331420898 34.9581832885742 34.9541625976562 34.9520416259766 34.9516716003418 34.9504776000977
-9999 -9999 -9999 -9999 34.454216003418 34.4363021850586 34.4141845703125 34.8819885253906 35.3854598999023 36.0048179626465 36.533390045166 36.7144775390625 36.7184562683105 36.3719749450684 35.9338874816895 35.3900947570801 35.1256942749023 35.0531616210938 35.0099678039551 34.978099822998 34.9645309448242 34.9541893005371 34.9543991088867 34.9549369812012 34.9563026428223 34.9573822021484 34.9575386047363 34.9583930969238 34.9604682922363 34.964183807373 34.9695777893066 34.9710578918457 34.9701538085938 34.9681434631348 34.965763092041 34.9646110534668 34.9636192321777 34.9617538452148 34.9596405029297 34.9559135437012 34.9527244567871 34.9510307312012 34.9494323730469 34.9479827880859 34.9472427368164 34.947151184082 34.9467582702637
-9999 -9999 -9999 -9999 34.4363021850586 34.4095268249512 34.3780937194824 34.8557243347168 35.3640556335449 35.9376373291016 36.4413185119629 36.6774559020996 36.7283630371094 36.4127616882324 35.9599494934082 35.3488159179688 35.0679893493652 35.0139961242676 34.9854850769043 34.9668121337891 34.9570922851562 34.9489517211914 34.9486846923828 34.9487190246582 34.9498443603516 34.9511108398438 34.9528350830078 34.9542388916016 34.9550933837891 34.9569625854492 34.9598808288574 34.9599838256836 34.9583778381348 34.9562568664551 34.9539604187012 34.9528427124023 34.9518890380859 34.951961517334 34.9517478942871 34.9497222900391 34.9478569030762 34.9464225769043 34.9454574584961 34.9452171325684 34.9451141357422 34.945140838623 34.9450912475586
-9999 -9999 -9999 -9999 34.4079742431641 34.3780937194824 34.787425994873 34.8200988769531 35.2892456054688 35.8038177490234 36.2806854248047 36.6132278442383 36.7977981567383 36.689567565918 36.2508850097656 35.4309196472168 35.0579032897949 34.9918327331543 34.9650764465332 34.953498840332 34.949348449707 34.9465065002441 34.9466743469238 34.9470901489258 34.9490356445312 34.9508895874023 34.9524459838867 34.9534568786621 34.9535102844238 34.9531936645508 34.9524955749512 34.9518165588379 34.9511489868164 34.950252532959 34.9492797851562 34.9483833312988 34.9475059509277 34.9473533630371 34.9471588134766 34.9466781616211 34.9461479187012 34.9454879760742 34.9450645446777 34.9450073242188 34.9449920654297 34.945011138916 34.9449577331543
-9999 -9999 -9999 -9999 34.3780937194824 34.7909774780273 34.9765281677246 35.0957870483398 35.1577491760254 35.707447052002 36.2182083129883 36.5799560546875 36.8123893737793 36.7889518737793 36.354305267334 35.4451866149902 35.0409126281738 34.9833374023438 34.9597702026367 34.9493293762207 34.9468688964844 34.9458122253418 34.94580078125 34.9459495544434 34.9472961425781 34.9485473632812 34.9495010375977 34.9500923156738 34.9500579833984 34.9494972229004 34.9484024047852 34.9478225708008 34.9475631713867 34.9471893310547 34.9467735290527 34.9462394714355 34.9456939697266 34.9455642700195 34.9454498291016 34.9454307556152 34.9453430175781 34.9450454711914 34.9448623657227 34.9448585510254 34.9448547363281 34.9448547363281 34.9448089599609
-9999 -9999 -9999 -9999 -9999 34.9932174682617 35.0218658447266 35.0136947631836 35.0019569396973 35.6271209716797 36.1978034973145 36.5599479675293 36.8034782409668 36.8122978210449 36.3773574829102 35.4303855895996 35.0209655761719 34.9807052612305 34.9609336853027 34.9490776062012 34.9466400146484 34.9458694458008 34.9454116821289 34.9450225830078 34.9451560974121 34.9452934265137 34.9454536437988 34.9456253051758 34.9458045959473 34.9458351135254 34.9457130432129 34.9456176757812 34.9455413818359 34.945384979248 34.9452018737793 34.9450912475586 34.9449882507324 34.9449806213379 34.9449729919434 34.9449615478516 34.9449234008789 34.9448165893555 34.9447479248047 34.9447326660156 34.944709777832 34.9446830749512 34.944652557373
-9999 -9999 -9999 -9999 -9999 34.9993095397949 34.9812622070312 34.9561157226562 35.004566192627 35.6448402404785 36.2244338989258 36.5717582702637 36.8062438964844 36.817455291748 36.3808746337891 35.4276123046875 35.0174827575684 34.9803428649902 34.9618797302246 34.9506225585938 34.9475288391113 34.9458694458008 34.9452667236328 34.9447364807129 34.9446640014648 34.9446411132812 34.9447708129883 34.9448547363281 34.9448585510254 34.9448738098145 34.944896697998 34.9448928833008 34.9448738098145 34.9448013305664 34.9447135925293 34.9447135925293 34.9447250366211 34.944751739502 34.9447746276855 34.9447746276855 34.9447593688965 34.944694519043 34.9446449279785 34.9446258544922 34.9446029663086 34.9445762634277 34.9445533752441
-9999 -9999 -9999 -9999 -9999 35.0149192810059 34.994800567627 34.9739723205566 35.0399513244629 35.6828460693359 36.2607955932617 36.590145111084 36.8114204406738 36.81884765625 36.3803520202637 35.4273300170898 35.017406463623 34.9804573059082 34.962776184082 34.9525413513184 34.9486427307129 34.9458618164062 34.9451675415039 34.9445838928223 34.9445152282715 34.944522857666 34.9447784423828 34.9448509216309 34.9445953369141 34.944465637207 34.944465637207 34.9444732666016 34.9444847106934 34.9444694519043 34.9444465637207 34.9444961547852 34.9445571899414 34.9445953369141 34.9446296691895 34.9446487426758 34.9446487426758 34.9445953369141 34.9445495605469 34.944522857666 34.9445037841797 34.9444885253906 34.944465637207
-9999 -9999 -9999 -9999 -9999 -9999 35.0686912536621 35.0543174743652 35.1056480407715 35.7499771118164 36.3219108581543 36.6167678833008 36.8142204284668 36.8189315795898 36.3855895996094 35.4468002319336 35.0375366210938 34.9919204711914 34.9696502685547 34.9563980102539 34.9502410888672 34.9453353881836 34.9448280334473 34.9444770812988 34.9446067810059 34.9448394775391 34.9453964233398 34.9457244873047 34.9456520080566 34.9456100463867 34.9456062316895 34.9455871582031 34.9455528259277 34.9455032348633 34.945442199707 34.9454193115234 34.9453964233398 34.9450302124023 34.9447021484375 34.9445877075195 34.9444999694824 34.9444732666016 34.9444427490234 34.9444007873535 34.9443664550781 34.9443397521973 34.9444351196289
-9999 -9999 -9999 -9999 -9999 -9999 35.1572799682617 35.1777801513672 35.1772613525391 35.8208198547363 36.3847312927246 36.643798828125 36.8160781860352 36.8166236877441 36.3881645202637 35.4647026062012 35.056770324707 35.0028762817383 34.9761657714844 34.9599571228027 34.9516906738281 34.9448280334473 34.944522857666 34.9444160461426 34.9447784423828 34.9452438354492 34.9460601806641 34.9466133117676 34.9467239379883 34.9467735290527 34.9467658996582 34.9467239379883 34.9466590881348 34.9465675354004 34.9464721679688 34.9463768005371 34.9462776184082 34.9455451965332 34.9448776245117 34.9446449279785 34.9444732666016 34.9444732666016 34.944450378418 34.9444007873535 34.9443588256836 34.9443206787109 34.9445266723633
-9999 -9999 -9999 -9999 -9999 -9999 35.3071517944336 35.2397422790527 35.2974662780762 35.9173812866211 36.4539070129395 36.6712417602539 36.8090400695801 36.7894515991211 36.3596343994141 35.4564781188965 35.0568351745605 35.0029754638672 34.9760131835938 34.9594383239746 34.9513397216797 34.9447364807129 34.9446601867676 34.9448089599609 34.9456596374512 34.9464263916016 34.9469261169434 34.9472770690918 34.9473762512207 34.9474067687988 34.9473724365234 34.9473762512207 34.9474029541016 34.9473533630371 34.9472808837891 34.9471969604492 34.9471130371094 34.946590423584 34.9461135864258 34.9459266662598 34.9457778930664 34.9457511901855 34.9457359313965 34.945728302002 34.945728302002 34.9457359313965 34.9458847045898
-9999 -9999 -9999 -9999 -9999 35.585521697998 35.5057373046875 35.5039291381836 35.4700164794922 36.0456199645996 36.5368232727051 36.7049827575684 36.790470123291 36.7123756408691 36.2759094238281 35.4259414672852 35.0496673583984 34.998706817627 34.9732093811035 34.9575424194336 34.950366973877 34.9446868896484 34.9450035095215 34.9455223083496 34.9466285705566 34.9475364685059 34.9477882385254 34.9479789733887 34.9480590820312 34.948070526123 34.9480171203613 34.9480400085449 34.948112487793 34.9480895996094 34.9480361938477 34.9479675292969 34.9478950500488 34.947566986084 34.947265625 34.9471206665039 34.9470024108887 34.946964263916 34.9469451904297 34.9469680786133 34.9469871520996 34.9470062255859 34.947093963623
-9999 -9999 -9999 -9999 35.8993492126465 35.7168922424316 35.585521697998 35.6937484741211 35.8345108032227 36.2900047302246 36.6701354980469 36.7618103027344 36.729621887207 36.4523315429688 35.989818572998 35.3135871887207 35.0159912109375 34.9784240722656 34.9606819152832 34.9505920410156 34.9471130371094 34.9447975158691 34.946102142334 34.9473915100098 34.9479141235352 34.948371887207 34.9486351013184 34.9488220214844 34.9488716125488 34.948860168457 34.948787689209 34.9487380981445 34.9487037658691 34.948657989502 34.9486122131348 34.9485511779785 34.948486328125 34.948299407959 34.9481201171875 34.9480209350586 34.947940826416 34.9479141235352 34.9478950500488 34.9478912353516 34.9478340148926 34.9477272033691 34.9477386474609
