Ecospace-environmental-drivers/Outputs/ASCII-for-ecospace/MOM6-ISIMIP3a/so-bot/1992-10_so-bot_MOM6-ISIMIP3a.asc
NCOLS 131 
NROWS 53 
XLLCORNER -98 
YLLCORNER 23.9265270233154 
CELLSIZE 0.133587792515755 
NODATA_value -9999 
[rows 0 to 20 of 53, columns 47 to 93 of 131]
-9999 -9999 -9999 -9999 -9999 -9999 -9999 -9999 -9999 -9999 -9999 -9999 -9999 -9999 -9999 -9999 -9999 -9999 -9999 -9999 -9999 -9999 -9999 -9999 -9999 -9999 -9999 -9999 -9999 -9999 -9999 -9999 -9999 -9999 -9999 -9999 -9999 -9999 -9999 -9999 -9999 -9999 -9999 -9999 -9999 -9999 -9999
-9999 -9999 -9999 -9999 -9999 -9999 -9999 -9999 -9999 -9999 -9999 -9999 -9999 -9999 -9999 -9999 -9999 -9999 -9999 -9999 -9999 -9999 -9999 -9999 -9999 -9999 -9999 -9999 -9999 -9999 -9999 -9999 -9999 -9999 -9999 -9999 -9999 -9999 -9999 -9999 -9999 -9999 -9999 -9999 -9999 -9999 -9999
-9999 -9999 -9999 -9999 -9999 -9999 -9999 -9999 -9999 -9999 -9999 -9999 -9999 -9999 -9999 -9999 -9999 -9999 -9999 -9999 -9999 -9999 -9999 -9999 -9999 -9999 -9999 33.3487129211426 33.4844779968262 -9999 -9999 -9999 -9999 -9999 -9999 -9999 -9999 -9999 -9999 -9999 -9999 -9999 -9999 -9999 -9999 -9999 -9999
-9999 -9999 -9999 -9999 -9999 -9999 -9999 -9999 -9999 -9999 -9999 -9999 -9999 -9999 -9999 -9999 -9999 -9999 -9999 -9999 -9999 -9999 -9999 -9999 -9999 -9999 -9999 33.3392944335938 33.4666862487793 -9999 -9999 -9999 -9999 -9999 -9999 -9999 -9999 -9999 -9999 -9999 -9999 -9999 -9999 -9999 -9999 -9999 -9999
-9999 -9999 -9999 -9999 -9999 -9999 -9999 -9999 -9999 -9999 -9999 -9999 -9999 -9999 -9999 -9999 -9999 -9999 30.5413513183594 30.6626739501953 30.7597312927246 31.3258895874023 31.7999267578125 32.553524017334 32.986701965332 33.1502456665039 33.248348236084 33.3218955993652 33.4476356506348 33.6305236816406 -9999 -9999 34.3410453796387 34.5435485839844 34.6997833251953 34.8289337158203 34.9228897094727 34.9964065551758 35.0411224365234 35.0703582763672 35.0927543640137 35.1284942626953 -9999 -9999 -9999 -9999 -9999
-9999 -9999 -9999 -9999 -9999 -9999 -9999 -9999 -9999 -9999 -9999 -9999 -9999 -9999 28.3939895629883 -9999 27.9050445556641 27.5029125213623 29.095947265625 30.5413513183594 30.6869373321533 30.7597312927246 31.8920497894287 32.7480010986328 33.0205192565918 33.1915817260742 33.2386360168457 33.3148231506348 33.4122276306152 33.6158599853516 33.8634872436523 34.1132278442383 34.3633842468262 34.5465202331543 34.7207412719727 34.8320846557617 34.9339752197266 35.0026092529297 35.0526390075684 35.0681190490723 35.0903167724609 35.1198310852051 35.1753311157227 35.2476463317871 -9999 -9999 -9999
-9999 -9999 -9999 -9999 -9999 -9999 -9999 -9999 -9999 -9999 29.6213874816895 29.6661338806152 29.7098503112793 29.8569221496582 29.2118186950684 28.4567756652832 28.331205368042 27.8810157775879 27.5029125213623 29.2435779571533 30.5413513183594 30.7597312927246 31.8920497894287 32.7480010986328 33.0205192565918 33.1915817260742 33.2386360168457 33.3148231506348 33.4122276306152 33.6158599853516 33.8634872436523 34.1132278442383 34.3633842468262 34.5465202331543 34.7207412719727 34.8320846557617 34.9339752197266 35.0026092529297 35.0526390075684 35.0681190490723 35.0903167724609 35.1198310852051 35.1753311157227 35.2476463317871 35.2667579650879 35.2935218811035 -9999
-9999 -9999 -9999 -9999 -9999 -9999 -9999 -9999 -9999 -9999 29.381477355957 29.6213874816895 29.710880279541 -9999 30.0626068115234 29.411226272583 28.5823440551758 28.331205368042 27.8089294433594 27.5029125213623 29.6864719390869 31.6242504119873 32.5334014892578 33.2375755310059 33.5090370178223 33.6734848022461 33.707145690918 33.7579383850098 33.8212127685547 33.976879119873 34.1708068847656 34.3909492492676 34.6162452697754 34.7616119384766 34.9115104675293 35.1346015930176 35.3386116027832 35.4755592346191 35.5241241455078 35.4085578918457 35.3170967102051 35.2519073486328 35.2501945495605 35.2895584106445 35.3040924072266 35.3097114562988 35.2756271362305
-9999 -9999 -9999 -9999 -9999 -9999 -9999 -9999 -9999 -9999 -9999 -9999 -9999 -9999 29.9700870513916 30.4173583984375 29.7551364898682 28.8334846496582 28.331205368042 27.5926685333252 30.2796001434326 32.5759429931641 33.2376403808594 33.7731971740723 34.0424613952637 34.1998138427734 34.2203826904297 34.2445373535156 34.271297454834 34.3745231628418 34.5094184875488 34.6957626342773 34.892219543457 35.0016708374023 35.1297836303711 35.4716529846191 35.7836761474609 35.9907836914062 36.0365409851074 35.7826461791992 35.569751739502 35.4015312194824 35.3360137939453 35.3369522094727 35.326904296875 35.3129119873047 35.2659873962402
30.809944152832 -9999 -9999 -9999 -9999 -9999 -9999 -9999 -9999 -9999 29.5334854125977 29.1355686187744 -9999 -9999 -9999 30.3095188140869 30.9631996154785 30.3382701873779 29.3357639312744 29.5565948486328 31.5406932830811 33.2253952026367 33.6570930480957 34.024730682373 34.2571449279785 34.415771484375 34.4842224121094 34.5352668762207 34.5736312866211 34.6536521911621 34.7509231567383 34.8724517822266 34.9987525939941 35.2780876159668 35.5624122619629 35.8401298522949 36.0745048522949 36.1564979553223 36.1592025756836 36.0146522521973 35.8452186584473 35.6486701965332 35.5114059448242 35.4125022888184 35.3641357421875 35.333927154541 35.2761116027832
30.5837955474854 30.5504112243652 -9999 -9999 -9999 -9999 -9999 -9999 -9999 -9999 29.9078693389893 30.1098499298096 29.1355686187744 -9999 -9999 30.3373260498047 30.9698448181152 31.5824279785156 31.4721126556396 31.4066009521484 32.7160224914551 33.8167839050293 34.0442733764648 34.2664947509766 34.4775848388672 34.6489944458008 34.7719039916992 34.8542060852051 34.9069290161133 34.9689903259277 35.0349159240723 35.1001625061035 35.1652755737305 35.5740432739258 35.9733581542969 36.1559982299805 36.2970886230469 36.2920722961426 36.269660949707 36.2149276733398 36.0895042419434 35.8870620727539 35.6858978271484 35.4855651855469 35.4029846191406 35.3626976013184 35.2970352172852
30.5837955474854 30.4836444854736 29.4915008544922 28.5184898376465 -9999 -9999 -9999 -9999 -9999 -9999 -9999 30.8239765167236 30.4535865783691 29.1355686187744 29.6213874816895 30.3373260498047 30.9698448181152 31.5824279785156 32.1084213256836 32.6455535888672 33.431339263916 34.096752166748 34.2583808898926 34.4558334350586 34.7289123535156 34.974796295166 35.1874504089355 35.3244514465332 35.4063415527344 35.4785804748535 35.5468215942383 35.6015319824219 35.6535835266113 35.9748191833496 36.2679977416992 36.1897010803223 36.153621673584 36.2659873962402 36.3146476745605 36.245002746582 36.1665458679199 36.0784950256348 35.8555450439453 35.5453071594238 35.450496673584 35.4330673217773 35.3758735656738
30.5872230529785 29.8774662017822 29.0969390869141 28.5079536437988 -9999 -9999 -9999 -9999 27.7873592376709 28.8451652526855 29.9875602722168 31.2460861206055 31.2382831573486 30.1944046020508 30.2972278594971 30.9432201385498 31.4646244049072 31.956262588501 32.8170127868652 33.6684875488281 34.0158729553223 34.3466300964355 34.6078071594238 34.8749465942383 35.1546859741211 35.393196105957 35.5813255310059 35.6743698120117 35.6981544494629 35.7360382080078 35.7797660827637 35.815372467041 35.8493843078613 36.0769882202148 36.2701034545898 36.0563163757324 35.934684753418 36.1370735168457 36.2551116943359 36.2165031433105 36.2020568847656 36.213939666748 36.0152282714844 35.6802558898926 35.5903816223145 35.5885543823242 35.5153160095215
30.5992202758789 29.8805694580078 29.0972023010254 28.5079536437988 27.9505767822266 27.7172069549561 27.5182628631592 27.4944248199463 27.7873592376709 28.8451652526855 29.9875602722168 31.2460861206055 31.9823093414307 32.2911987304688 32.6627044677734 33.0638771057129 33.1963844299316 33.2646980285645 33.7063064575195 34.1513671875 34.2734336853027 34.5212783813477 35.2955360412598 35.8685188293457 36.0165939331055 36.0430946350098 35.921012878418 35.723461151123 35.470947265625 35.3631553649902 35.315299987793 35.3103828430176 35.3139114379883 35.4326133728027 35.5408554077148 35.5052108764648 35.5270614624023 35.7510795593262 35.9342498779297 36.0415649414062 36.1337356567383 36.2094116210938 36.1500129699707 36.0032234191895 35.9612083435059 35.9568367004395 35.806266784668
31.1167507171631 30.3781776428223 29.5600929260254 29.0238971710205 28.5302257537842 28.4056148529053 28.3094272613525 28.3578224182129 28.6896629333496 29.705904006958 30.7577362060547 31.8584327697754 32.9003105163574 33.8940620422363 34.3693161010742 34.5989646911621 34.5310745239258 34.3920936584473 34.5405578613281 34.7043724060059 34.8041610717773 35.0339431762695 35.8077735900879 36.3203773498535 36.2815017700195 36.1434135437012 35.8840675354004 35.5841484069824 35.2546730041504 35.1016807556152 35.0217742919922 35.0008392333984 34.9914970397949 35.0433387756348 35.0991096496582 35.1711006164551 35.2788047790527 35.512092590332 35.7226181030273 35.8908805847168 36.0389938354492 36.1651611328125 36.2122611999512 36.2082023620605 36.1948928833008 36.1782608032227 36.025936126709
32.3490142822266 31.5749225616455 30.6770515441895 30.2692890167236 29.9293918609619 30.0673027038574 30.2191524505615 30.4419059753418 30.8676586151123 31.7835712432861 32.6168022155762 33.3365249633789 34.0642776489258 34.7986030578613 35.144401550293 35.3061637878418 35.304386138916 35.2635269165039 35.296989440918 35.3565139770508 35.7210884094238 36.0244941711426 36.0718994140625 36.0063514709473 35.7023582458496 35.466724395752 35.3146362304688 35.1784591674805 35.0538635253906 34.9977226257324 34.9699249267578 34.9676170349121 34.9703140258789 35.0147285461426 35.0638465881348 35.1437797546387 35.2558555603027 35.4809417724609 35.6654205322266 35.7744827270508 35.9068984985352 36.064754486084 36.1719512939453 36.2463722229004 36.2346801757812 36.1920547485352 36.1448287963867
33.6991004943848 33.0983734130859 32.3852767944336 31.9471797943115 31.5590915679932 31.7611064910889 31.993709564209 32.3819198608398 32.8521499633789 33.520435333252 34.0806655883789 34.4925498962402 34.9606285095215 35.4746932983398 35.7469291687012 35.9046173095703 35.9404411315918 35.9471435546875 35.9426727294922 35.9496192932129 36.1338691711426 36.2247924804688 35.9251289367676 35.6206741333008 35.3061141967773 35.0992279052734 35.0239372253418 34.9794158935547 34.9573059082031 34.9487762451172 34.9458694458008 34.952220916748 34.9603881835938 34.9993209838867 35.0423583984375 35.1143798828125 35.2154159545898 35.4184646606445 35.5852966308594 35.6848793029785 35.821605682373 35.9987945556641 36.1385154724121 36.2539939880371 36.2591857910156 36.2247581481934 36.2134246826172
35.1484069824219 34.8969459533691 34.5914154052734 33.9892883300781 33.382926940918 33.4819526672363 33.6544380187988 34.2006072998047 34.6736907958984 34.9703063964844 35.2117233276367 35.3773574829102 35.6316184997559 35.9583969116211 36.2041397094727 36.4114952087402 36.4609107971191 36.4725914001465 36.4950942993164 36.4930000305176 36.1220893859863 35.7595977783203 35.4323348999023 35.1746597290039 35.0638885498047 34.9920997619629 34.967960357666 34.9543991088867 34.9485397338867 34.946159362793 34.9452209472656 34.9518356323242 34.9599342346191 34.9950256347656 35.0324745178223 35.0832290649414 35.1602478027344 35.3296012878418 35.4858741760254 35.6178398132324 35.7757225036621 35.961841583252 36.1108703613281 36.235897064209 36.270824432373 36.2733879089355 36.2396621704102
35.8166961669922 35.7262535095215 35.6128387451172 35.172924041748 34.7175712585449 34.7478485107422 34.8380165100098 35.232852935791 35.551815032959 35.687572479248 35.798583984375 35.8756370544434 36.0321159362793 36.2535858154297 36.3512306213379 36.3902206420898 36.3521766662598 36.2957229614258 36.309326171875 36.2981567382812 35.8563652038574 35.4500846862793 35.1924209594727 35.0068321228027 34.9734077453613 34.9528503417969 34.9480209350586 34.9457740783691 34.9454116821289 34.9451522827148 34.9449348449707 34.9501800537109 34.9564971923828 34.9872207641602 35.0193977355957 35.0569458007812 35.1147537231445 35.2437896728516 35.3748970031738 35.509838104248 35.6618270874023 35.8323936462402 35.9915618896484 36.1433563232422 36.2245407104492 36.2803611755371 36.2684135437012
36.102783203125 36.0812339782715 36.054500579834 35.9364471435547 35.8128242492676 35.7911071777344 35.7880973815918 35.880241394043 35.96826171875 36.0463180541992 36.1191329956055 36.1847610473633 36.3002433776855 36.4565162658691 36.3465576171875 36.1104888916016 35.9355278015137 35.7751617431641 35.7623100280762 35.7420425415039 35.466365814209 35.2167587280273 35.0762519836426 34.9751396179199 34.9571876525879 34.9468193054199 34.9457130432129 34.9451713562012 34.9450416564941 34.9449310302734 34.9448280334473 34.9479026794434 34.9515991210938 34.9777030944824 35.0047607421875 35.0330467224121 35.0739936828613 35.1594734191895 35.2582664489746 35.3817901611328 35.5146484375 35.6576805114746 35.8273963928223 36.0143852233887 36.1499099731445 36.2669486999512 36.2983932495117
36.3114547729492 36.307544708252 36.3032646179199 36.2722511291504 36.2390480041504 36.2206573486328 36.2085952758789 36.2287483215332 36.2553863525391 36.297679901123 36.3409423828125 36.3855361938477 36.4711303710938 36.5902671813965 36.3982887268066 36.0589447021484 35.7361679077148 35.417350769043 35.3862113952637 35.3663215637207 35.2225303649902 35.0916481018066 35.0148124694824 34.959716796875 34.9505233764648 34.9453544616699 34.9451065063477 34.9449691772461 34.9449119567871 34.9448509216309 34.9447860717773 34.9463005065918 34.948127746582 34.9626083374023 34.9776153564453 34.9932022094727 35.0186614990234 35.0788154602051 35.1475868225098 35.2323455810547 35.3262023925781 35.4299621582031 35.5683631896973 35.7291793823242 35.8747138977051 36.0147590637207 36.1652679443359
