Ecospace-environmental-drivers/Outputs/ASCII-for-ecospace/MOM6-ISIMIP3a/so-bot/1992-12_so-bot_MOM6-ISIMIP3a.asc
NCOLS 131 
NROWS 53 
XLLCORNER -98 
YLLCORNER 23.9265270233154 
CELLSIZE 0.133587792515755 
NODATA_value -9999 
[rows 0 to 20 of 53, columns 47 to 93 of 131]
-9999 -9999 -9999 -9999 -9999 -9999 -9999 -9999 -9999 -9999 -9999 -9999 -9999 -9999 -9999 -9999 -9999 -9999 -9999 -9999 -9999 -9999 -9999 -9999 -9999 -9999 -9999 -9999 -9999 -9999 -9999 -9999 -9999 -9999 -9999 -9999 -9999 -9999 -9999 -9999 -9999 -9999 -9999 -9999 -9999 -9999 -9999
-9999 -9999 -9999 -9999 -9999 -9999 -9999 -9999 -9999 -9999 -9999 -9999 -9999 -9999 -9999 -9999 -9999 -9999 -9999 -9999 -9999 -9999 -9999 -9999 -9999 -9999 -9999 -9999 -9999 -9999 -9999 -9999 -9999 -9999 -9999 -9999 -9999 -9999 -9999 -9999 -9999 -9999 -9999 -9999 -9999 -9999 -9999
-9999 -9999 -9999 -9999 -9999 -9999 -9999 -9999 -9999 -9999 -9999 -9999 -9999 -9999 -9999 -9999 -9999 -9999 -9999 -9999 -9999 -9999 -9999 -9999 -9999 -9999 -9999 33.8425254821777 33.9460182189941 -9999 -9999 -9999 -9999 -9999 -9999 -9999 -9999 -9999 -9999 -9999 -9999 -9999 -9999 -9999 -9999 -9999 -9999
-9999 -9999 -9999 -9999 -9999 -9999 -9999 -9999 -9999 -9999 -9999 -9999 -9999 -9999 -9999 -9999 -9999 -9999 -9999 -9999 -9999 -9999 -9999 -9999 -9999 -9999 -9999 33.8351898193359 33.926399230957 -9999 -9999 -9999 -9999 -9999 -9999 -9999 -9999 -9999 -9999 -9999 -9999 -9999 -9999 -9999 -9999 -9999 -9999
-9999 -9999 -9999 -9999 -9999 -9999 -9999 -9999 -9999 -9999 -9999 -9999 -9999 -9999 -9999 -9999 -9999 -9999 31.1461429595947 31.2713356018066 31.3714904785156 31.9557151794434 32.4365997314453 33.1802101135254 33.5775833129883 33.7018165588379 33.774242401123 33.821907043457 33.909423828125 34.0478668212891 -9999 -9999 34.8579444885254 35.1380500793457 35.3420829772949 35.487663269043 35.5561752319336 35.5926284790039 35.6021728515625 35.6056060791016 35.6001396179199 35.5890922546387 -9999 -9999 -9999 -9999 -9999
-9999 -9999 -9999 -9999 -9999 -9999 -9999 -9999 -9999 -9999 -9999 -9999 -9999 -9999 26.1559658050537 -9999 25.8200168609619 25.5500049591064 28.4152946472168 31.1461429595947 31.2963752746582 31.3714904785156 32.5399398803711 33.3983688354492 33.6023216247559 33.7320556640625 33.7710762023926 33.8195991516113 33.8750457763672 34.0336265563965 34.2349243164062 34.5477256774902 34.8824501037598 35.1436614990234 35.3880386352539 35.4945526123047 35.5803985595703 35.5935707092285 35.6039199829102 35.6090278625488 35.6038703918457 35.587516784668 35.5758857727051 35.567310333252 -9999 -9999 -9999
-9999 -9999 -9999 -9999 -9999 -9999 -9999 -9999 -9999 -9999 28.5773506164551 28.562593460083 28.5646018981934 28.6021480560303 27.4297065734863 26.206169128418 26.1057643890381 25.8042812347412 25.5500049591064 28.5497379302979 31.1461429595947 31.3714904785156 32.5399398803711 33.3983688354492 33.6023216247559 33.7320556640625 33.7710762023926 33.8195991516113 33.8750457763672 34.0336265563965 34.2349243164062 34.5477256774902 34.8824501037598 35.1436614990234 35.3880386352539 35.4945526123047 35.5803985595703 35.5935707092285 35.6039199829102 35.6090278625488 35.6038703918457 35.587516784668 35.5758857727051 35.567310333252 35.5650444030762 35.6146278381348 -9999
-9999 -9999 -9999 -9999 -9999 -9999 -9999 -9999 -9999 -9999 28.6564712524414 28.5773506164551 28.5478363037109 -9999 28.6899909973145 27.577995300293 26.3065719604492 26.1057643890381 25.7570743560791 25.5500049591064 28.953067779541 31.907190322876 32.9824485778809 33.7988777160645 34.0688972473145 34.2157745361328 34.2121505737305 34.2215385437012 34.240406036377 34.3648071289062 34.5329208374023 34.8065643310547 35.1009559631348 35.3159294128418 35.5177230834961 35.6195068359375 35.7028045654297 35.721118927002 35.7297248840332 35.7202987670898 35.7068405151367 35.6889839172363 35.6632995605469 35.6325531005859 35.6333541870117 35.6454811096191 35.5950317382812
-9999 -9999 -9999 -9999 -9999 -9999 -9999 -9999 -9999 -9999 -9999 -9999 -9999 -9999 28.6101779937744 28.9414749145508 27.9259872436523 26.507381439209 26.1057643890381 25.6154518127441 29.3226852416992 32.5017738342285 33.4705390930176 34.2376022338867 34.578857421875 34.7449073791504 34.6968307495117 34.6648635864258 34.6446266174316 34.7317543029785 34.8633499145508 35.0925483703613 35.3409385681152 35.5051231384277 35.6604042053223 35.7591133117676 35.8410224914551 35.8638687133789 35.86962890625 35.8436660766602 35.8207015991211 35.8010063171387 35.7601547241211 35.7056121826172 35.6745414733887 35.6518974304199 35.580753326416
30.716625213623 -9999 -9999 -9999 -9999 -9999 -9999 -9999 -9999 -9999 29.8564281463623 28.73756980896 -9999 -9999 -9999 28.7938899993896 29.5712375640869 28.6516609191895 26.9089965820312 27.1877746582031 30.3639965057373 33.0746002197266 33.8365516662598 34.4624519348145 34.801139831543 34.990592956543 34.9976425170898 34.9966506958008 34.9898071289062 35.0635719299316 35.1707191467285 35.3235740661621 35.4854164123535 35.6189155578613 35.7548446655273 35.9248161315918 36.0542984008789 36.0414390563965 36.0136108398438 35.9579887390137 35.9159088134766 35.8885803222656 35.8476409912109 35.7979011535645 35.7546424865723 35.7137184143066 35.6126861572266
30.584867477417 30.5654182434082 -9999 -9999 -9999 -9999 -9999 -9999 -9999 -9999 30.5339698791504 30.2140769958496 28.73756980896 -9999 -9999 28.3412380218506 29.4630832672119 30.9093914031982 29.8710651397705 28.9047565460205 31.4709949493408 33.645809173584 34.1824645996094 34.6573219299316 35.0017280578613 35.2160186767578 35.2712936401367 35.2982864379883 35.3046760559082 35.3670806884766 35.4526824951172 35.5395126342773 35.6265830993652 35.7437705993652 35.8695526123047 36.0683479309082 36.2174186706543 36.1916351318359 36.1474151611328 36.0689544677734 36.0100212097168 35.9723625183105 35.931697845459 35.8890914916992 35.8366661071777 35.7807197570801 35.6584434509277
30.584867477417 30.526517868042 30.7280540466309 30.5805187225342 -9999 -9999 -9999 -9999 -9999 -9999 -9999 31.1207828521729 30.3564796447754 28.73756980896 28.5773506164551 28.3412380218506 29.4630832672119 30.9093914031982 31.1507453918457 31.3976573944092 32.9303169250488 34.2083206176758 34.4205703735352 34.6914024353027 35.0859107971191 35.3328018188477 35.3992767333984 35.438159942627 35.4569473266602 35.5187568664551 35.5983810424805 35.6745185852051 35.7499694824219 35.9279937744141 36.0929374694824 36.0929832458496 36.1115036010742 36.1949920654297 36.2266082763672 36.1618919372559 36.0982666015625 36.0358200073242 35.9973487854004 35.9743881225586 35.9289817810059 35.8755149841309 35.7783432006836
30.7737483978271 30.8235168457031 30.9638519287109 30.5983295440674 -9999 -9999 -9999 -9999 29.1326885223389 29.7996730804443 30.5865898132324 31.538158416748 31.2376003265381 29.9125881195068 29.3970756530762 29.265007019043 30.2125854492188 31.4181289672852 32.4669647216797 33.4790687561035 34.1131706237793 34.6438980102539 34.7419967651367 34.9340744018555 35.3245506286621 35.552059173584 35.5803909301758 35.5677185058594 35.5251770019531 35.5492668151855 35.6009521484375 35.6547355651855 35.7089347839355 35.904296875 36.0759124755859 35.9644622802734 35.9163932800293 36.0911674499512 36.1997718811035 36.1854972839355 36.1541786193848 36.1042861938477 36.0744819641113 36.0576782226562 36.0174980163574 35.968921661377 35.9012145996094
31.4348449707031 31.2072410583496 30.9964561462402 30.5983295440674 30.1793727874756 29.7158145904541 29.2940826416016 29.0851211547852 29.1326885223389 29.7996730804443 30.5865898132324 31.538158416748 32.008186340332 32.084228515625 32.2661628723145 32.4982490539551 32.8358879089355 33.1987419128418 33.8745460510254 34.5317230224609 34.6048355102539 34.7621307373047 35.271728515625 35.6982345581055 35.9493370056152 36.027515411377 35.8943481445312 35.6714859008789 35.3832931518555 35.2768592834473 35.2456970214844 35.247974395752 35.2568244934082 35.3607902526855 35.4578514099121 35.4530639648438 35.498291015625 35.7193870544434 35.9078598022461 36.0357551574707 36.1292533874512 36.1852722167969 36.1803283691406 36.1359405517578 36.0965194702148 36.0588760375977 36.0315093994141
32.3012542724609 31.8995494842529 31.4574184417725 31.059642791748 30.6660346984863 30.2623233795166 29.8986396789551 29.7385768890381 29.8117599487305 30.4481353759766 31.1560535430908 31.9621868133545 32.8396148681641 33.7753715515137 34.3319702148438 34.7089691162109 34.7047157287598 34.6093673706055 34.9685173034668 35.3243408203125 35.1773223876953 35.162525177002 35.7010841369629 36.0780868530273 36.1140098571777 36.0454216003418 35.8490943908691 35.5680809020996 35.2253761291504 35.0804557800293 35.0174446105957 34.997673034668 34.9863967895508 35.0342750549316 35.0856170654297 35.1493988037109 35.2531852722168 35.4976196289062 35.7191772460938 35.8982467651367 36.0569229125977 36.1933784484863 36.2292633056641 36.2000732421875 36.1698837280273 36.1393356323242 36.1306037902832
33.4579429626465 33.0281448364258 32.5240058898926 32.1731719970703 31.8407459259033 31.5814933776855 31.3579273223877 31.3159008026123 31.4509143829346 32.0134086608887 32.5306358337402 32.9857139587402 33.7570610046387 34.7871742248535 35.262092590332 35.4740295410156 35.5068588256836 35.4968910217285 35.6190948486328 35.7493133544922 35.864070892334 35.9618453979492 35.9885368347168 35.9145889282227 35.6281776428223 35.416446685791 35.2959899902344 35.1717643737793 35.0447883605957 34.9915084838867 34.96875 34.9685707092285 34.9728317260742 35.0145454406738 35.0609321594238 35.1394348144531 35.2526550292969 35.4879455566406 35.676441192627 35.7780342102051 35.9175682067871 36.0984420776367 36.1977272033691 36.2442207336426 36.2352600097656 36.2063751220703 36.1855773925781
34.3817825317383 34.0311431884766 33.5977363586426 33.2391891479492 32.8960762023926 32.7628402709961 32.6918106079102 32.9372367858887 33.2264976501465 33.6216163635254 33.9329071044922 34.1291198730469 34.6669387817383 35.4842491149902 35.8535995483398 36.0107612609863 36.0662269592285 36.0973968505859 36.1176528930664 36.1364479064941 36.1448974609375 36.1056671142578 35.8669013977051 35.6022567749023 35.2829742431641 35.079029083252 35.0160522460938 34.9777565002441 34.9574432373047 34.9492378234863 34.9460487365723 34.9538650512695 34.9638481140137 35.0020866394043 35.0443420410156 35.115608215332 35.2181205749512 35.4305076599121 35.6004829406738 35.6917037963867 35.8357734680176 36.0374298095703 36.1767692565918 36.2757835388184 36.2863616943359 36.2651710510254 36.2424812316895
35.1095352172852 34.9283790588379 34.6774826049805 34.2651863098145 33.8508758544922 33.8281211853027 33.920093536377 34.5956382751465 35.1169776916504 35.2659759521484 35.3584976196289 35.373477935791 35.5704383850098 35.9162864685059 36.1599502563477 36.3552131652832 36.4211540222168 36.4561958312988 36.4881973266602 36.4917221069336 36.0838851928711 35.6974754333496 35.400764465332 35.1645889282227 35.0562019348145 34.9871482849121 34.9661560058594 34.9541244506836 34.948616027832 34.9462738037109 34.945240020752 34.9512825012207 34.9587173461914 34.9957542419434 35.0345726013184 35.0801086425781 35.1549491882324 35.3328399658203 35.4965438842773 35.633903503418 35.8024520874023 36.0049858093262 36.1647109985352 36.296745300293 36.3254470825195 36.3170280456543 36.3010101318359
35.5946006774902 35.542911529541 35.4443130493164 35.1757354736328 34.9005508422852 34.916690826416 35.0161018371582 35.5390777587891 35.9173698425293 35.9462928771973 35.9562454223633 35.9401512145996 36.0205116271973 36.1797904968262 36.2662467956543 36.3182029724121 36.2916030883789 36.2462310791016 36.262077331543 36.252571105957 35.8128318786621 35.411865234375 35.1731567382812 35.001537322998 34.9715576171875 34.9529495239258 34.9482383728027 34.9459571838379 34.9454498291016 34.945140838623 34.9449119567871 34.9493865966797 34.9547843933105 34.9871597290039 35.020378112793 35.0520477294922 35.1057243347168 35.2367897033691 35.3705673217773 35.5093803405762 35.6695671081543 35.8530426025391 36.0300407409668 36.2028465270996 36.285945892334 36.3368225097656 36.3368682861328
35.9609031677246 36.0191040039062 36.0580139160156 36.02978515625 35.996654510498 36.016658782959 36.0473823547363 36.132640838623 36.1843032836914 36.1548347473145 36.1488723754883 36.1751823425293 36.2486953735352 36.3608245849609 36.2746391296387 36.0945167541504 35.9249610900879 35.757926940918 35.743968963623 35.7225227355957 35.4389915466309 35.1862373352051 35.0622749328613 34.9728813171387 34.9564666748047 34.9469833374023 34.9459686279297 34.9453620910645 34.9450531005859 34.9449005126953 34.9448165893555 34.9478225708008 34.9514350891113 34.9774627685547 35.0040168762207 35.0276260375977 35.0633239746094 35.141529083252 35.2338066101074 35.3522071838379 35.487964630127 35.6426239013672 35.8353614807129 36.0527420043945 36.2079887390137 36.3409194946289 36.3616333007812
36.1773681640625 36.2495193481445 36.3123931884766 36.330207824707 36.343376159668 36.3556060791016 36.3646240234375 36.3573036193848 36.3458633422852 36.3244590759277 36.3189125061035 36.3351249694824 36.4037857055664 36.5153579711914 36.3529891967773 36.060863494873 35.7370071411133 35.4055633544922 35.3743934631348 35.3549690246582 35.2062492370605 35.0733604431152 35.0067100524902 34.9587440490723 34.9502182006836 34.9454460144043 34.9452590942383 34.9450759887695 34.9448928833008 34.9448165893555 34.9447784423828 34.9463386535645 34.9482154846191 34.9624366760254 34.9770088195801 34.9905242919922 35.0129814147949 35.0668983459473 35.1293487548828 35.2076377868652 35.3001251220703 35.4080772399902 35.5573921203613 35.7334747314453 35.8887710571289 36.0366020202637 36.2042694091797
