Ecospace-environmental-drivers/Outputs/ASCII-for-ecospace/MOM6-ISIMIP3a/so-bot/1992-07_so-bot_MOM6-ISIMIP3a.asc
NCOLS 131 
NROWS 53 
XLLCORNER -98 
YLLCORNER 23.9265270233154 
CELLSIZE 0.133587792515755 
NODATA_value -9999 
[rows 21 to 41 of 53, columns 47 to 93 of 131]
36.3262062072754 36.3443145751953 36.362377166748 36.3558654785156 36.3470458984375 36.3437805175781 36.3435478210449 36.3587493896484 36.3745574951172 36.3918113708496 36.4098320007324 36.4289016723633 36.474250793457 36.5411033630371 36.3482933044434 36.0324859619141 35.5802917480469 35.0955085754395 35.0498924255371 35.0341529846191 35.0141906738281 34.9930305480957 34.9668579101562 34.948413848877 34.9462814331055 34.9450492858887 34.9449081420898 34.9448356628418 34.9448089599609 34.9447822570801 34.944751739502 34.9448280334473 34.9449234008789 34.9462471008301 34.9476547241211 34.9494247436523 34.960090637207 35.0020217895508 35.0426025390625 35.0806655883789 35.1290893554688 35.1888046264648 35.2785720825195 35.3877906799316 35.5200462341309 35.6605758666992 35.9493713378906
36.5184478759766 36.5303382873535 36.5432777404785 36.5402946472168 36.5357780456543 36.5339012145996 36.5304565429688 36.5190391540527 36.5148277282715 36.5280227661133 36.4678649902344 36.3070068359375 36.1971626281738 36.1290588378906 35.9178886413574 35.6389465332031 35.3511505126953 35.0612411499023 35.0148429870605 34.9867057800293 34.9809150695801 34.9732284545898 34.9576110839844 34.9466552734375 34.9455490112305 34.9449043273926 34.9448280334473 34.9447860717773 34.9447746276855 34.9447555541992 34.9447364807129 34.9447364807129 34.9447402954102 34.9449348449707 34.9451560974121 34.9455184936523 34.9503173828125 34.9707260131836 34.9902725219727 35.0082321166992 35.038158416748 35.0811233520508 35.1375389099121 35.2026557922363 35.2972946166992 35.4025421142578 35.6581535339355
36.680233001709 36.681266784668 36.6826438903809 36.6786880493164 36.6741600036621 36.6688804626465 36.6583480834961 36.6210594177246 36.5958137512207 36.5996398925781 36.4646301269531 36.1390151977539 35.8833084106445 35.6848030090332 35.463321685791 35.2309532165527 35.1232452392578 35.0453262329102 35.0005950927734 34.960880279541 34.9609489440918 34.9594421386719 34.9513664245605 34.9456977844238 34.9451141357422 34.9447784423828 34.944751739502 34.9447364807129 34.9447364807129 34.9447326660156 34.9447250366211 34.9447212219238 34.9447174072266 34.944766998291 34.9448089599609 34.9447937011719 34.9447822570801 34.9448051452637 34.9449462890625 34.9453010559082 34.9590110778809 34.9872779846191 35.0116691589355 35.0335540771484 35.0905113220215 35.1600646972656 35.3675422668457
36.3709144592285 36.269100189209 36.1381912231445 36.1275863647461 36.1257591247559 36.0284614562988 35.9449310302734 35.931453704834 35.8978424072266 35.8156318664551 35.7065582275391 35.5606079101562 35.4459762573242 35.3569717407227 35.2419586181641 35.1146240234375 35.0528450012207 35.0067253112793 34.980052947998 34.9562644958496 34.9549865722656 34.953125 34.9487991333008 34.9456787109375 34.9451065063477 34.944766998291 34.9447135925293 34.9447021484375 34.9447288513184 34.9447402954102 34.944751739502 34.9447784423828 34.9448127746582 34.9448394775391 34.9448623657227 34.9448471069336 34.9448318481445 34.9448318481445 34.9448852539062 34.9450302124023 34.9511795043945 34.9638595581055 34.9747695922852 34.9845275878906 35.0232963562012 35.0724830627441 35.2073249816895
36.0063781738281 35.8385047912598 35.6229629516602 35.6081466674805 35.6081275939941 35.4527893066406 35.3238563537598 35.3292503356934 35.2928771972656 35.1556663513184 35.0763702392578 35.0765800476074 35.07666015625 35.0766372680664 35.0508422851562 35.0128364562988 34.9906768798828 34.9723052978516 34.9615173339844 34.951774597168 34.949634552002 34.9476852416992 34.946533203125 34.9455833435059 34.9450721740723 34.9447555541992 34.9446754455566 34.9446716308594 34.9447212219238 34.944751739502 34.9447784423828 34.9448356628418 34.9449005126953 34.9449081420898 34.9449081420898 34.9448928833008 34.9448776245117 34.9448585510254 34.9448356628418 34.9448165893555 34.9448013305664 34.9447937011719 34.9447288513184 34.9446258544922 34.9662055969238 34.9955711364746 35.064582824707
35.3997344970703 35.3270835876465 35.2358703613281 35.2275505065918 35.225414276123 35.1610336303711 35.107666015625 35.1102905273438 35.0957107543945 35.0396003723145 35.0069046020508 35.0063629150391 35.0055656433105 35.004566192627 34.9923400878906 34.9748001098633 34.9646224975586 34.9562034606934 34.9517860412598 34.9478492736816 34.9469451904297 34.9461135864258 34.9455833435059 34.945140838623 34.944896697998 34.9447250366211 34.944652557373 34.9446601867676 34.9447326660156 34.9447822570801 34.9448204040527 34.9448776245117 34.9449348449707 34.9449348449707 34.9449348449707 34.9449157714844 34.944896697998 34.9448738098145 34.9448471069336 34.9448280334473 34.9448165893555 34.9448127746582 34.9447784423828 34.9447212219238 34.9534912109375 34.9654312133789 34.9984664916992
34.9781913757324 34.9718627929688 34.9666595458984 34.9633445739746 34.9602737426758 34.9586524963379 34.9573822021484 34.9578895568848 34.9581298828125 34.9577217102051 34.9571876525879 34.9564743041992 34.9552116394043 34.9535064697266 34.9509735107422 34.948055267334 34.9464263916016 34.9451026916504 34.9450531005859 34.9450874328613 34.9450378417969 34.9449806213379 34.9448890686035 34.9448127746582 34.9447631835938 34.9447135925293 34.944652557373 34.9446754455566 34.944751739502 34.9448127746582 34.9448661804199 34.9449157714844 34.9449615478516 34.9449577331543 34.944953918457 34.9449310302734 34.9449081420898 34.944881439209 34.9448547363281 34.9448394775391 34.9448356628418 34.9448471069336 34.9448356628418 34.9448089599609 34.9447860717773 34.9447708129883 34.9518814086914
34.9605178833008 34.9574584960938 34.9546585083008 34.9530792236328 34.95166015625 34.9512748718262 34.9509162902832 34.9507141113281 34.9505424499512 34.950439453125 34.9505424499512 34.9509315490723 34.9501075744629 34.9482917785645 34.9469947814941 34.9459419250488 34.945369720459 34.9449119567871 34.9448738098145 34.9448623657227 34.9448356628418 34.9448051452637 34.9447593688965 34.9447250366211 34.9447288513184 34.9447288513184 34.9447174072266 34.9447402954102 34.9447898864746 34.9448547363281 34.9449195861816 34.9449462890625 34.9449691772461 34.9449615478516 34.9449501037598 34.9449234008789 34.944896697998 34.9448699951172 34.9448547363281 34.9448509216309 34.9448699951172 34.9449157714844 34.9449081420898 34.9448699951172 34.9448280334473 34.9447860717773 34.9479026794434
34.9493789672852 34.9484100341797 34.9472808837891 34.9468421936035 34.9464988708496 34.946704864502 34.9468040466309 34.946346282959 34.9460296630859 34.946044921875 34.9463653564453 34.9470977783203 34.9466438293457 34.9452171325684 34.944751739502 34.9447441101074 34.9447593688965 34.9447784423828 34.9447555541992 34.9447288513184 34.9447174072266 34.9447059631348 34.9446868896484 34.9446868896484 34.9447174072266 34.9447402954102 34.9447593688965 34.9447898864746 34.94482421875 34.944881439209 34.9449501037598 34.9449653625488 34.9449729919434 34.9449615478516 34.9449501037598 34.9449195861816 34.9448928833008 34.9448776245117 34.9448699951172 34.9448852539062 34.9449272155762 34.9449996948242 34.9449996948242 34.944953918457 34.944896697998 34.9448318481445 34.9455146789551
34.946460723877 34.946102142334 34.9457130432129 34.9456748962402 34.9456748962402 34.9456748962402 34.9456481933594 34.9455108642578 34.945384979248 34.9452896118164 34.9452896118164 34.9454116821289 34.945240020752 34.9448280334473 34.9446983337402 34.944709777832 34.9447174072266 34.9447250366211 34.9447135925293 34.9447059631348 34.9447021484375 34.9446983337402 34.9446983337402 34.9447059631348 34.9447288513184 34.944751739502 34.9447784423828 34.9448127746582 34.9448471069336 34.944896697998 34.944953918457 34.9449653625488 34.9449691772461 34.9449577331543 34.9449462890625 34.9449195861816 34.944896697998 34.9449005126953 34.9449119567871 34.9449501037598 34.945011138916 34.9451026916504 34.9451141357422 34.945068359375 34.9449920654297 34.9449043273926 34.9451217651367
34.9450988769531 34.9450073242188 34.9449424743652 34.9450340270996 34.9451332092285 34.9450378417969 34.9449615478516 34.9449501037598 34.9449157714844 34.9448127746582 34.9447288513184 34.9446754455566 34.9446640014648 34.9446830749512 34.9446983337402 34.9447174072266 34.9447212219238 34.9447250366211 34.9447174072266 34.944709777832 34.944709777832 34.9447059631348 34.9447135925293 34.9447212219238 34.9447441101074 34.944766998291 34.9447975158691 34.9448280334473 34.9448623657227 34.9449081420898 34.9449577331543 34.9449691772461 34.9449729919434 34.9449615478516 34.9449501037598 34.9449272155762 34.9449157714844 34.9449348449707 34.9449653625488 34.9450149536133 34.9450874328613 34.9451789855957 34.9451942443848 34.9451637268066 34.9450950622559 34.9450073242188 34.9450149536133
34.9449081420898 34.9448280334473 34.9447746276855 34.9447860717773 34.9448013305664 34.9447021484375 34.9446182250977 34.9446029663086 34.944580078125 34.9445381164551 34.9445571899414 34.944652557373 34.9447021484375 34.9447174072266 34.9447364807129 34.9447593688965 34.944766998291 34.944766998291 34.944751739502 34.9447402954102 34.9447326660156 34.9447288513184 34.9447326660156 34.9447402954102 34.9447593688965 34.9447822570801 34.9448127746582 34.9448432922363 34.9448738098145 34.9449119567871 34.9449577331543 34.9449729919434 34.9449768066406 34.9449691772461 34.9449577331543 34.9449462890625 34.9449462890625 34.9449768066406 34.9450225830078 34.9450874328613 34.9451560974121 34.9452323913574 34.945255279541 34.9452476501465 34.945198059082 34.9451293945312 34.9451217651367
34.9447441101074 34.9446830749512 34.944637298584 34.9446258544922 34.9446182250977 34.9445457458496 34.9445037841797 34.9445915222168 34.9446449279785 34.9446258544922 34.944766998291 34.945125579834 34.9452247619629 34.9451179504395 34.9450492858887 34.944995880127 34.9449501037598 34.9449081420898 34.9448699951172 34.9448318481445 34.9447975158691 34.944766998291 34.9447593688965 34.9447631835938 34.9447784423828 34.9447975158691 34.94482421875 34.9448509216309 34.9448776245117 34.9449195861816 34.9449691772461 34.9449920654297 34.9450073242188 34.9450035095215 34.944995880127 34.9449844360352 34.9449806213379 34.9450073242188 34.9450454711914 34.9451065063477 34.9451713562012 34.9452438354492 34.9452819824219 34.9452972412109 34.9452705383301 34.9452247619629 34.9452018737793
34.9445953369141 34.9445495605469 34.9445152282715 34.944507598877 34.9444999694824 34.9444694519043 34.9444808959961 34.9447212219238 34.9448852539062 34.9448661804199 34.9451370239258 34.9458122253418 34.9459571838379 34.9456748962402 34.9454765319824 34.9453125 34.945198059082 34.9450950622559 34.9450225830078 34.9449501037598 34.9448776245117 34.9448127746582 34.9447937011719 34.9447822570801 34.9447975158691 34.9448165893555 34.9448356628418 34.9448547363281 34.9448776245117 34.9449234008789 34.9449882507324 34.9450187683105 34.9450416564941 34.9450492858887 34.9450492858887 34.9450302124023 34.9450187683105 34.9450302124023 34.9450569152832 34.9451065063477 34.9451675415039 34.945240020752 34.9452972412109 34.9453353881836 34.9453315734863 34.9453086853027 34.9452743530273
34.9445457458496 34.9445114135742 34.9444808959961 34.9444694519043 34.9444618225098 34.9444274902344 34.9445343017578 34.9453468322754 34.9458961486816 34.9458084106445 34.9458847045898 34.9461822509766 34.9461708068848 34.9459075927734 34.9457206726074 34.9455680847168 34.9454574584961 34.9453582763672 34.9452590942383 34.9451599121094 34.9450721740723 34.9449844360352 34.9449310302734 34.9448928833008 34.9448928833008 34.9449005126953 34.9449119567871 34.9449310302734 34.944953918457 34.9450073242188 34.9450721740723 34.9451103210449 34.9451446533203 34.9451599121094 34.9451713562012 34.9451522827148 34.9451332092285 34.945125579834 34.945125579834 34.9451484680176 34.9451866149902 34.9452476501465 34.9453010559082 34.9453506469727 34.9453582763672 34.9453506469727 34.9453163146973
34.9445190429688 34.9444923400879 34.944465637207 34.944450378418 34.9444389343262 34.9443969726562 34.9446029663086 34.9460754394531 34.9470672607422 34.9468955993652 34.946704864502 34.9464912414551 34.9462776184082 34.9460716247559 34.9459266662598 34.9458160400391 34.9457206726074 34.9456329345703 34.9455146789551 34.9453926086426 34.9452896118164 34.9451866149902 34.9450912475586 34.9450187683105 34.9450035095215 34.9449996948242 34.9450035095215 34.9450225830078 34.9450454711914 34.9451026916504 34.9451713562012 34.9452171325684 34.9452590942383 34.9452857971191 34.9453086853027 34.9452896118164 34.9452667236328 34.9452323913574 34.9452056884766 34.9452018737793 34.9452133178711 34.9452514648438 34.9453010559082 34.9453620910645 34.9453811645508 34.9453811645508 34.9453506469727
34.9446449279785 34.9446678161621 34.9446754455566 34.9446907043457 34.9447288513184 34.9453773498535 34.9460639953613 34.946907043457 34.947452545166 34.9472732543945 34.9470520019531 34.9467735290527 34.9465751647949 34.9464416503906 34.9463081359863 34.946174621582 34.9460678100586 34.945972442627 34.9458618164062 34.9457511901855 34.9456520080566 34.945556640625 34.9454727172852 34.9454078674316 34.945384979248 34.945369720459 34.9453620910645 34.9453582763672 34.9453582763672 34.9453811645508 34.9454078674316 34.9454307556152 34.9454498291016 34.9454689025879 34.9454879760742 34.9454727172852 34.9454536437988 34.9454193115234 34.945384979248 34.9453544616699 34.9453392028809 34.9453392028809 34.9453620910645 34.9453926086426 34.9454002380371 34.9453964233398 34.9453735351562
34.9448585510254 34.9449348449707 34.9449920654297 34.9450416564941 34.9451332092285 34.946403503418 34.9474983215332 34.9476928710938 34.9477806091309 34.9476089477539 34.9473838806152 34.9470863342285 34.9469032287598 34.9468154907227 34.9466781616211 34.9465217590332 34.9464073181152 34.9463005065918 34.9462013244629 34.9461059570312 34.9460105895996 34.9459228515625 34.9458503723145 34.9457931518555 34.9457664489746 34.9457397460938 34.9457130432129 34.9456901550293 34.9456672668457 34.9456481933594 34.9456329345703 34.945629119873 34.9456253051758 34.9456367492676 34.9456481933594 34.9456405639648 34.945629119873 34.9455947875977 34.945556640625 34.9455108642578 34.9454689025879 34.9454345703125 34.9454231262207 34.945426940918 34.9454193115234 34.9454116821289 34.9453964233398
34.9459266662598 34.9461288452148 34.9463233947754 34.9464683532715 34.9466285705566 34.947380065918 34.9480018615723 34.9479637145996 34.9479217529297 34.9478759765625 34.947811126709 34.9477195739746 34.9474868774414 34.9471435546875 34.9469032287598 34.9467124938965 34.9465942382812 34.9464874267578 34.9464111328125 34.9463348388672 34.9462585449219 34.9461822509766 34.9461097717285 34.946044921875 34.9460067749023 34.9459686279297 34.9459266662598 34.945873260498 34.9458160400391 34.945743560791 34.9456634521484 34.9456253051758 34.9455947875977 34.9455986022949 34.9456024169922 34.9456100463867 34.9456176757812 34.9456176757812 34.9456100463867 34.9455871582031 34.945556640625 34.9455223083496 34.945499420166 34.945484161377 34.9454612731934 34.9454307556152 34.9454154968262
34.9468727111816 34.9471740722656 34.9474868774414 34.947696685791 34.9479026794434 34.9482078552246 34.948429107666 34.9482192993164 34.9480895996094 34.9481430053711 34.9481964111328 34.9482536315918 34.9480056762695 34.9475059509277 34.947208404541 34.9470024108887 34.9468765258789 34.9467697143555 34.9466934204102 34.9466209411621 34.9465408325195 34.9464569091797 34.946361541748 34.9462776184082 34.9462127685547 34.9461441040039 34.9460716247559 34.9459953308105 34.9459075927734 34.9457969665527 34.9456748962402 34.9456100463867 34.945556640625 34.9455528259277 34.9455528259277 34.9455718994141 34.9455909729004 34.9456253051758 34.9456443786621 34.9456443786621 34.945629119873 34.9455947875977 34.9455642700195 34.9455337524414 34.9454956054688 34.9454536437988 34.9454307556152
34.9473495483398 34.9476699829102 34.9480247497559 34.9482002258301 34.948356628418 34.948486328125 34.9485702514648 34.9484367370605 34.948356628418 34.948413848877 34.9484367370605 34.9484176635742 34.9482650756836 34.9480018615723 34.947811126709 34.9476509094238 34.9475212097168 34.947395324707 34.9472541809082 34.9471092224121 34.9469375610352 34.9467658996582 34.9465980529785 34.9464340209961 34.9462814331055 34.9461326599121 34.9459915161133 34.9458770751953 34.9457778930664 34.9456977844238 34.9456214904785 34.945556640625 34.9454917907715 34.9454803466797 34.9454727172852 34.9454879760742 34.9455146789551 34.9455757141113 34.9456214904785 34.9456367492676 34.9456367492676 34.945613861084 34.9455833435059 34.9455490112305 34.9455146789551 34.9454803466797 34.9454498291016
