Ecospace-environmental-drivers/Outputs/ASCII-for-ecospace/MOM6-ISIMIP3a/so-bot/1994-12_so-bot_MOM6-ISIMIP3a.asc
NCOLS 131 
NROWS 53 
XLLCORNER -98 
YLLCORNER 23.9265270233154 
CELLSIZE 0.133587792515755 
NODATA_value -9999 
[rows 0 to 20 of 53, columns 47 to 93 of 131]
-9999 -9999 -9999 -9999 -9999 -9999 -9999 -9999 -9999 -9999 -9999 -9999 -9999 -9999 -9999 -9999 -9999 -9999 -9999 -9999 -9999 -9999 -9999 -9999 -9999 -9999 -9999 -9999 -9999 -9999 -9999 -9999 -9999 -9999 -9999 -9999 -9999 -9999 -9999 -9999 -9999 -9999 -9999 -9999 -9999 -9999 -9999
-9999 -9999 -9999 -9999 -9999 -9999 -9999 -9999 -9999 -9999 -9999 -9999 -9999 -9999 -9999 -9999 -9999 -9999 -9999 -9999 -9999 -9999 -9999 -9999 -9999 -9999 -9999 -9999 -9999 -9999 -9999 -9999 -9999 -9999 -9999 -9999 -9999 -9999 -9999 -9999 -9999 -9999 -9999 -9999 -9999 -9999 -9999
-9999 -9999 -9999 -9999 -9999 -9999 -9999 -9999 -9999 -9999 -9999 -9999 -9999 -9999 -9999 -9999 -9999 -9999 -9999 -9999 -9999 -9999 -9999 -9999 -9999 -9999 -9999 34.5066909790039 34.6993370056152 -9999 -9999 -9999 -9999 -9999 -9999 -9999 -9999 -9999 -9999 -9999 -9999 -9999 -9999 -9999 -9999 -9999 -9999
-9999 -9999 -9999 -9999 -9999 -9999 -9999 -9999 -9999 -9999 -9999 -9999 -9999 -9999 -9999 -9999 -9999 -9999 -9999 -9999 -9999 -9999 -9999 -9999 -9999 -9999 -9999 34.5015602111816 34.6940269470215 -9999 -9999 -9999 -9999 -9999 -9999 -9999 -9999 -9999 -9999 -9999 -9999 -9999 -9999 -9999 -9999 -9999 -9999
-9999 -9999 -9999 -9999 -9999 -9999 -9999 -9999 -9999 -9999 -9999 -9999 -9999 -9999 -9999 -9999 -9999 -9999 31.4657897949219 31.5932521820068 31.6952209472656 32.2900352478027 32.7804069519043 33.5406723022461 33.9672966003418 34.1540756225586 34.3256378173828 34.493724822998 34.6853218078613 34.9030418395996 -9999 -9999 35.4477806091309 35.550365447998 35.614387512207 35.6640243530273 35.692512512207 35.7055320739746 35.6977691650391 35.6726837158203 35.6286811828613 35.575439453125 -9999 -9999 -9999 -9999 -9999
-9999 -9999 -9999 -9999 -9999 -9999 -9999 -9999 -9999 -9999 -9999 -9999 -9999 -9999 28.1219673156738 -9999 27.9534568786621 27.8191204071045 29.7132549285889 31.4657897949219 31.6187438964844 31.6952209472656 32.8848495483398 33.7611541748047 33.9760131835938 34.1647262573242 34.3214874267578 34.4906997680664 34.6689834594727 34.8962783813477 35.1438636779785 35.3165245056152 35.4744567871094 35.5523643493652 35.6242752075195 35.6665191650391 35.7012786865234 35.7097358703613 35.7055778503418 35.6779975891113 35.6344718933105 35.5735778808594 35.5182647705078 35.4665603637695 -9999 -9999 -9999
-9999 -9999 -9999 -9999 -9999 -9999 -9999 -9999 -9999 -9999 27.0189571380615 27.0331573486328 27.0647487640381 27.2042407989502 27.7630157470703 28.1500301361084 28.0939044952393 27.9473476409912 27.8191204071045 29.8548545837402 31.4657897949219 31.6952209472656 32.8848495483398 33.7611541748047 33.9760131835938 34.1647262573242 34.3214874267578 34.4906997680664 34.6689834594727 34.8962783813477 35.1438636779785 35.3165245056152 35.4744567871094 35.5523643493652 35.6242752075195 35.6665191650391 35.7012786865234 35.7097358703613 35.7055778503418 35.6779975891113 35.6344718933105 35.5735778808594 35.5182647705078 35.4665603637695 35.4528961181641 35.4522476196289 -9999
-9999 -9999 -9999 -9999 -9999 -9999 -9999 -9999 -9999 -9999 26.9428195953369 27.0189571380615 27.0473575592041 -9999 27.4374332427979 28.0057830810547 28.2061576843262 28.0939044952393 27.9290199279785 27.8191204071045 30.279655456543 32.4487457275391 33.3981094360352 34.1218109130859 34.3691291809082 34.5480499267578 34.6433792114258 34.7576560974121 34.8857307434082 35.0686302185059 35.2742347717285 35.4204254150391 35.5549392700195 35.6301879882812 35.7007751464844 35.7472305297852 35.7885284423828 35.8116836547852 35.8174591064453 35.7909660339355 35.7458152770996 35.6803398132324 35.6114883422852 35.540454864502 35.480152130127 35.423698425293 35.3507041931152
-9999 -9999 -9999 -9999 -9999 -9999 -9999 -9999 -9999 -9999 -9999 -9999 -9999 -9999 27.2890720367432 27.9474697113037 28.4923114776611 28.3184089660645 28.0939044952393 27.8740348815918 30.789737701416 33.275260925293 33.9604530334473 34.5162544250488 34.7989120483398 34.9677696228027 34.9975395202637 35.0525207519531 35.1258697509766 35.2599830627441 35.419261932373 35.5360260009766 35.6444358825684 35.7162818908691 35.7852363586426 35.8391532897949 35.8895606994629 35.9276237487793 35.9430999755859 35.9166259765625 35.8689765930176 35.7982521057129 35.7145042419434 35.6223297119141 35.5266990661621 35.4298210144043 35.3266983032227
30.0566864013672 -9999 -9999 -9999 -9999 -9999 -9999 -9999 -9999 -9999 27.7794761657715 26.8647804260254 -9999 -9999 -9999 27.7156963348389 28.9941520690918 29.3393993377686 28.5429134368896 28.758171081543 31.4579582214355 33.7365646362305 34.2524871826172 34.6968841552734 34.9902763366699 35.1768074035645 35.2327270507812 35.2878303527832 35.342342376709 35.4460983276367 35.5702438354492 35.6569404602051 35.7362785339355 35.7895698547363 35.8514938354492 36.0072059631348 36.1294746398926 36.1341552734375 36.113826751709 36.0470657348633 35.9733581542969 35.8920860290527 35.7982978820801 35.696418762207 35.5788497924805 35.4556465148926 35.3386764526367
29.8228874206543 29.7883739471436 -9999 -9999 -9999 -9999 -9999 -9999 -9999 -9999 28.3678245544434 28.2656784057617 26.8647804260254 -9999 -9999 27.246166229248 28.881965637207 30.8543243408203 30.3238887786865 29.8198642730713 32.202808380127 34.1939353942871 34.5452651977539 34.8797721862793 35.1787719726562 35.377799987793 35.4546394348145 35.5087623596191 35.5463409423828 35.6212120056152 35.7115287780762 35.7706451416016 35.8236274719238 35.8775024414062 35.9453773498535 36.1496849060059 36.3063507080078 36.2955055236816 36.2563591003418 36.1646537780762 36.0725746154785 35.980094909668 35.8784370422363 35.7708473205566 35.6370429992676 35.4938201904297 35.3655624389648
29.8228874206543 29.7193489074707 29.042552947998 28.2623462677002 -9999 -9999 -9999 -9999 -9999 -9999 -9999 29.1680335998535 28.5741176605225 26.8647804260254 27.0189571380615 27.246166229248 28.881965637207 30.8543243408203 31.358512878418 31.8339347839355 33.3586769104004 34.630199432373 34.8419952392578 35.074779510498 35.3518714904785 35.5356407165527 35.605354309082 35.6525764465332 35.6834182739258 35.7373390197754 35.8008193969727 35.8456802368164 35.8868789672852 36.0440063476562 36.1874237060547 36.1549682617188 36.1450805664062 36.2145347595215 36.2476539611816 36.2132873535156 36.1440658569336 36.036865234375 35.9389686584473 35.8470916748047 35.7276153564453 35.5982208251953 35.4724311828613
29.9083633422852 29.3722953796387 28.8176898956299 28.2608737945557 -9999 -9999 -9999 -9999 26.7105731964111 27.3924102783203 28.3359966278076 29.6389331817627 29.5291728973389 28.2635841369629 28.0530624389648 28.3423023223877 29.7078914642334 31.3306560516357 32.4202880859375 33.4581604003906 34.2757606506348 34.9676055908203 35.1331329345703 35.3303489685059 35.5944595336914 35.7499656677246 35.7727394104004 35.7574310302734 35.7143859863281 35.7178535461426 35.7405776977539 35.7647171020508 35.7891311645508 35.9930686950684 36.1692886352539 36.0097770690918 35.9181480407715 36.0651969909668 36.1717414855957 36.2030601501465 36.1786880493164 36.0936393737793 36.0165061950684 35.9444961547852 35.841423034668 35.7271957397461 35.6186714172363
30.2075366973877 29.5455112457275 28.8324069976807 28.2608737945557 27.7084770202637 27.2815341949463 26.8884029388428 26.6672649383545 26.7105731964111 27.3924102783203 28.3359966278076 29.6389331817627 30.5496006011963 31.1393241882324 31.672477722168 32.1788368225098 32.5986747741699 32.9978408813477 33.5499382019043 34.1077575683594 34.5958862304688 35.0578460693359 35.410285949707 35.7373352050781 36.0107765197754 36.1055030822754 35.981803894043 35.7648887634277 35.4800872802734 35.3593254089355 35.3064994812012 35.2937507629395 35.2888793945312 35.3985176086426 35.5006828308105 35.4883880615234 35.5270614624023 35.744945526123 35.9278144836426 36.0456619262695 36.1211242675781 36.1504135131836 36.1365585327148 36.094783782959 36.0133285522461 35.9176216125488 35.8633422851562
31.0675735473633 30.2993068695068 29.4201278686523 28.8596649169922 28.338342666626 27.9929618835449 27.6777095794678 27.5157241821289 27.6168613433838 28.3533401489258 29.2655811309814 30.4191207885742 31.7599582672119 33.2540397644043 34.1133880615234 34.6720771789551 34.5880928039551 34.3505554199219 34.534969329834 34.7526512145996 35.0326156616211 35.3265838623047 35.6791572570801 35.9570846557617 36.0774269104004 36.059627532959 35.872989654541 35.598217010498 35.2592430114746 35.1056709289551 35.028881072998 35.0040321350098 34.9893951416016 35.0403289794922 35.0960273742676 35.1745681762695 35.2923927307129 35.5483474731445 35.7658805847168 35.9120674133301 36.041374206543 36.1522903442383 36.1947975158691 36.1930351257324 36.1405487060547 36.0698394775391 36.0491218566895
32.7205657958984 31.8739376068115 30.8179702758789 30.3050384521484 29.8587188720703 29.7102165222168 29.5829563140869 29.5637454986572 29.8044738769531 30.6728515625 31.5094299316406 32.3023490905762 33.2388458251953 34.2928123474121 34.8881072998047 35.2661399841309 35.3031463623047 35.258674621582 35.3155403137207 35.3909034729004 35.634204864502 35.8476753234863 35.9363174438477 35.9121170043945 35.6497077941895 35.4462242126465 35.3147583007812 35.1853485107422 35.0574340820312 35.0002975463867 34.9724655151367 34.9705657958984 34.973762512207 35.0163040161133 35.0645446777344 35.1542167663574 35.278881072998 35.5265769958496 35.7198677062988 35.8121299743652 35.9302558898926 36.0765571594238 36.1656455993652 36.217716217041 36.20458984375 36.1680374145508 36.1516342163086
33.9119338989258 33.2849960327148 32.4720497131348 31.9596157073975 31.4933586120605 31.4432678222656 31.4347248077393 31.6375370025635 31.981502532959 32.6662979125977 33.2564888000488 33.716796875 34.3235397338867 35.0500984191895 35.4711456298828 35.7474822998047 35.8370246887207 35.8819427490234 35.9006614685059 35.9182586669922 35.9456405639648 35.9448776245117 35.8263206481934 35.642017364502 35.3189163208008 35.1060638427734 35.0279502868652 34.9819869995117 34.9594383239746 34.950065612793 34.9461441040039 34.9541969299316 34.9646034240723 35.0027847290039 35.0459175109863 35.1273651123047 35.2384910583496 35.4539642333984 35.628002166748 35.7250862121582 35.8551445007324 36.021125793457 36.1408767700195 36.230712890625 36.2398262023926 36.2199363708496 36.2084655761719
34.7145538330078 34.5583038330078 34.3419036865234 33.7903709411621 33.2242202758789 33.1896209716797 33.2414627075195 33.7330322265625 34.1496200561523 34.3851585388184 34.5851898193359 34.7364692687988 35.0762825012207 35.5703430175781 35.8927688598633 36.1338958740234 36.2183303833008 36.2653312683105 36.3212013244629 36.3522262573242 36.0127372741699 35.685115814209 35.4071388244629 35.1823272705078 35.0697479248047 34.9959983825684 34.9697113037109 34.9550514221191 34.9488677978516 34.9462699890137 34.9451637268066 34.9522247314453 34.9608955383301 34.9981117248535 35.0381202697754 35.095043182373 35.1754684448242 35.3385353088379 35.4975128173828 35.6488914489746 35.8103523254395 35.9827995300293 36.1198043823242 36.2338752746582 36.2508087158203 36.2328453063965 36.2268295288086
35.1540184020996 35.1641502380371 35.1600723266602 34.7817192077637 34.3796119689941 34.3704795837402 34.4257431030273 34.8085632324219 35.1017417907715 35.1784706115723 35.2567977905273 35.3373184204102 35.5559883117676 35.8876800537109 36.0687866210938 36.1785659790039 36.16455078125 36.1209526062012 36.1580963134766 36.1736831665039 35.794807434082 35.440746307373 35.1905136108398 35.0098648071289 34.9761123657227 34.9547920227051 34.948657989502 34.9457473754883 34.945182800293 34.9449272155762 34.9448013305664 34.9498329162598 34.9558792114258 34.989631652832 35.0249633789062 35.0657501220703 35.1246452331543 35.2472152709961 35.3784866333008 35.5259094238281 35.6827507019043 35.8498611450195 36.0026016235352 36.1460418701172 36.2097282409668 36.244758605957 36.2400398254395
35.4157638549805 35.4433631896973 35.4635734558105 35.3622894287109 35.2533874511719 35.2746086120605 35.3054122924805 35.3849563598633 35.4587898254395 35.5188446044922 35.6068420410156 35.7332077026367 35.9020767211914 36.1057243347168 36.1246185302734 36.0559959411621 35.8978462219238 35.7183036804199 35.7093696594238 35.6953926086426 35.4373970031738 35.2039108276367 35.0730094909668 34.9779586791992 34.9585914611816 34.9472770690918 34.9458045959473 34.945068359375 34.9448699951172 34.9447860717773 34.9447479248047 34.9472389221191 34.9502258300781 34.9792823791504 35.0091896057129 35.0379409790039 35.0797920227051 35.1676940917969 35.265064239502 35.3800239562988 35.5146217346191 35.6706237792969 35.8383560180664 36.0136795043945 36.1431694030762 36.2561874389648 36.2507286071777
35.7361602783203 35.7628860473633 35.7851104736328 35.757152557373 35.7258415222168 35.7427291870117 35.7590675354004 35.7726211547852 35.797679901123 35.8505249023438 35.9199295043945 36.0120735168457 36.151985168457 36.330982208252 36.248706817627 36.0426712036133 35.7320709228516 35.396484375 35.3662719726562 35.3487205505371 35.2100143432617 35.0843505859375 35.0132637023926 34.9616966247559 34.9513359069824 34.9454650878906 34.9450836181641 34.9448661804199 34.944766998291 34.9447326660156 34.9447212219238 34.9458618164062 34.9472274780273 34.9633483886719 34.9799346923828 34.9956932067871 35.0220718383789 35.0858116149902 35.154956817627 35.2341499328613 35.3272552490234 35.4355163574219 35.570198059082 35.7219657897949 35.8681907653809 36.0124168395996 36.1408843994141
