Ecospace-environmental-drivers/Outputs/ASCII-for-ecospace/MOM6-ISIMIP3a/so-bot/1994-07_so-bot_MOM6-ISIMIP3a.asc
NCOLS 131 
NROWS 53 
XLLCORNER -98 
YLLCORNER 23.9265270233154 
CELLSIZE 0.133587792515755 
NODATA_value -9999 
[rows 21 to 41 of 53, columns 47 to 93 of 131]
36.428150177002 36.4443054199219 36.4590492248535 36.4501953125 36.4394721984863 36.4435005187988 36.4482002258301 36.4563140869141 36.4588356018066 36.4478569030762 36.4333953857422 36.4141540527344 36.4240112304688 36.4576683044434 36.277099609375 35.9950561523438 35.562858581543 35.094783782959 35.0506477355957 35.0353126525879 35.0152816772461 34.9939613342285 34.9672431945801 34.9484252929688 34.9462814331055 34.9450531005859 34.9449462890625 34.944881439209 34.9448471069336 34.9447898864746 34.9447212219238 34.9447860717773 34.9448738098145 34.9457969665527 34.946949005127 34.9499969482422 34.961368560791 35.0020027160645 35.0448989868164 35.0919990539551 35.136531829834 35.1782684326172 35.2615242004395 35.3716468811035 35.5143699645996 35.6688041687012 35.9623832702637
36.5270195007324 36.5423736572266 36.5578918457031 36.5566902160645 36.554012298584 36.5576705932617 36.5599212646484 36.5550155639648 36.5509605407715 36.5489463806152 36.4698753356934 36.2850189208984 36.1574211120605 36.0766754150391 35.8753890991211 35.6170043945312 35.3409652709961 35.0607032775879 35.0155639648438 34.9880599975586 34.9821891784668 34.9743118286133 34.9580574035645 34.9466667175293 34.9455604553223 34.9449272155762 34.9448699951172 34.9448204040527 34.9447860717773 34.9447479248047 34.9447135925293 34.9447174072266 34.9447288513184 34.9447593688965 34.9448738098145 34.9458198547363 34.9508819580078 34.9704208374023 34.9912567138672 35.0145034790039 35.0410041809082 35.071044921875 35.1245269775391 35.1931762695312 35.2942161560059 35.4068908691406 35.6688919067383
36.602653503418 36.6102523803711 36.6176795959473 36.6175842285156 36.6166610717773 36.6142692565918 36.609001159668 36.5890884399414 36.5751266479492 36.5755386352539 36.4351539611816 36.1014671325684 35.8478698730469 35.659797668457 35.4482040405273 35.2254638671875 35.1212882995605 35.0454406738281 35.0016479492188 34.9627265930176 34.9626121520996 34.960807800293 34.9519233703613 34.9457130432129 34.945140838623 34.9448165893555 34.9447975158691 34.9447631835938 34.9447212219238 34.944709777832 34.944709777832 34.9447174072266 34.9447212219238 34.9447593688965 34.9447898864746 34.9447708129883 34.9447593688965 34.9447631835938 34.9452590942383 34.946662902832 34.9579048156738 34.9798622131348 35.0048980712891 35.031925201416 35.089714050293 35.1585578918457 35.3749084472656
36.311954498291 36.2119102478027 36.0818138122559 36.0712089538574 36.0698738098145 35.9886360168457 35.9192504882812 35.9101524353027 35.8806266784668 35.8017807006836 35.6932334899902 35.5439224243164 35.4304733276367 35.3463706970215 35.2359466552734 35.1130561828613 35.0530433654785 35.0080528259277 34.9817390441895 34.9582138061523 34.9565887451172 34.9543151855469 34.9493141174316 34.9457206726074 34.9451065063477 34.9447593688965 34.9447402954102 34.9447250366211 34.944709777832 34.9447212219238 34.9447364807129 34.9447708129883 34.9448051452637 34.94482421875 34.9448394775391 34.9448204040527 34.9448013305664 34.9447898864746 34.944995880127 34.945613861084 34.9506530761719 34.9605102539062 34.9717254638672 34.9838104248047 35.0188636779785 35.0621681213379 35.2064399719238
35.9665985107422 35.7968444824219 35.5781860351562 35.560619354248 35.5588493347168 35.4277305603027 35.3181228637695 35.3179397583008 35.2799835205078 35.1508178710938 35.0763702392578 35.0770492553711 35.0775146484375 35.0778007507324 35.0521659851074 35.0142517089844 34.9924240112305 34.974437713623 34.9635276794434 34.9536056518555 34.9510116577148 34.948600769043 34.9469413757324 34.9456253051758 34.9450378417969 34.9447059631348 34.9446907043457 34.9446907043457 34.9447059631348 34.9447326660156 34.9447631835938 34.9448204040527 34.944881439209 34.944881439209 34.944881439209 34.9448623657227 34.9448394775391 34.9448127746582 34.9447860717773 34.9447593688965 34.944751739502 34.9447631835938 34.9447250366211 34.944652557373 34.9595527648926 34.9798316955566 35.0582046508789
35.381591796875 35.3084526062012 35.2159042358398 35.2069473266602 35.2046394348145 35.1506309509277 35.1055679321289 35.1059799194336 35.0908737182617 35.0382919311523 35.0078353881836 35.0077438354492 35.0070686340332 35.0059242248535 34.9932479858398 34.9751091003418 34.9652404785156 34.957347869873 34.9527549743652 34.9485969543457 34.947395324707 34.9462928771973 34.9456062316895 34.9450607299805 34.9448165893555 34.9446754455566 34.9446640014648 34.9446830749512 34.9447288513184 34.9447631835938 34.9447975158691 34.9448471069336 34.9449005126953 34.9449043273926 34.944896697998 34.9448738098145 34.9448471069336 34.9448165893555 34.9447898864746 34.9447708129883 34.9447708129883 34.9447937011719 34.9447898864746 34.944766998291 34.9508438110352 34.9591064453125 34.9986801147461
34.9753265380859 34.9693794250488 34.9640884399414 34.9614486694336 34.9591331481934 34.9582557678223 34.9576301574707 34.9583015441895 34.9587593078613 34.9587097167969 34.9585189819336 34.9581298828125 34.9568138122559 34.9547309875488 34.9514770507812 34.9476623535156 34.9462776184082 34.9454727172852 34.9452590942383 34.9450836181641 34.9448699951172 34.9446983337402 34.9446830749512 34.9446716308594 34.9446678161621 34.9446678161621 34.9446640014648 34.944694519043 34.9447555541992 34.9447975158691 34.9448394775391 34.9448776245117 34.9449195861816 34.9449157714844 34.9449119567871 34.9448852539062 34.9448547363281 34.9448204040527 34.9447937011719 34.9447822570801 34.9447975158691 34.9448394775391 34.9448699951172 34.9448890686035 34.9449081420898 34.9449234008789 34.9558525085449
34.959056854248 34.9560966491699 34.9533042907715 34.9519653320312 34.9508209228516 34.9507331848145 34.9506912231445 34.9508781433105 34.9510078430176 34.9509963989258 34.9511375427246 34.9514923095703 34.9505920410156 34.9486694335938 34.9471168518066 34.945743560791 34.9452514648438 34.9449691772461 34.944896697998 34.9448356628418 34.9447364807129 34.944652557373 34.9446487426758 34.9446563720703 34.9446868896484 34.944709777832 34.9447212219238 34.944751739502 34.9447937011719 34.9448394775391 34.9448890686035 34.9449081420898 34.9449234008789 34.9449195861816 34.9449157714844 34.9448890686035 34.9448585510254 34.94482421875 34.9448013305664 34.9448013305664 34.9448394775391 34.9449195861816 34.9449806213379 34.9450302124023 34.9450340270996 34.9450225830078 34.9494438171387
34.9487991333008 34.9477920532227 34.9467124938965 34.9462661743164 34.9459075927734 34.9461936950684 34.9464225769043 34.9463539123535 34.9462966918945 34.9462623596191 34.9464836120605 34.9470520019531 34.9465408325195 34.9451484680176 34.9446907043457 34.9446792602539 34.9446792602539 34.9446868896484 34.9446907043457 34.944694519043 34.9446640014648 34.9446411132812 34.9446449279785 34.9446601867676 34.9447021484375 34.9447364807129 34.9447593688965 34.9447860717773 34.9448165893555 34.9448623657227 34.9449119567871 34.9449234008789 34.9449234008789 34.9449234008789 34.9449195861816 34.9448928833008 34.9448623657227 34.9448280334473 34.9448127746582 34.94482421875 34.9448852539062 34.9449920654297 34.9450721740723 34.9451370239258 34.9451370239258 34.9451103210449 34.9457092285156
34.9461097717285 34.9457588195801 34.9454002380371 34.9453239440918 34.9452819824219 34.9454154968262 34.9455184936523 34.9454689025879 34.9454002380371 34.9452743530273 34.9452514648438 34.9453773498535 34.9452171325684 34.94482421875 34.944694519043 34.9446907043457 34.9446868896484 34.9446792602539 34.9446830749512 34.9446830749512 34.9446716308594 34.9446678161621 34.9446754455566 34.9446907043457 34.9447174072266 34.9447402954102 34.9447631835938 34.9447898864746 34.9448165893555 34.9448585510254 34.9449081420898 34.9449195861816 34.9449272155762 34.9449234008789 34.9449195861816 34.9448928833008 34.9448661804199 34.9448356628418 34.94482421875 34.9448509216309 34.9449234008789 34.9450454711914 34.9451370239258 34.9452095031738 34.9452095031738 34.945182800293 34.9453468322754
34.9448852539062 34.9448204040527 34.9447746276855 34.9448356628418 34.9449043273926 34.944938659668 34.9449653625488 34.9449310302734 34.9448661804199 34.9447364807129 34.9446640014648 34.9446716308594 34.944694519043 34.9447250366211 34.9447364807129 34.9447402954102 34.9447212219238 34.9446983337402 34.9446983337402 34.9446983337402 34.9446907043457 34.9446868896484 34.944694519043 34.9447059631348 34.9447212219238 34.9447402954102 34.944766998291 34.9447898864746 34.9448165893555 34.9448585510254 34.9449081420898 34.9449234008789 34.9449310302734 34.9449272155762 34.9449195861816 34.9448928833008 34.9448661804199 34.9448394775391 34.9448318481445 34.9448661804199 34.9449424743652 34.945068359375 34.9451637268066 34.9452476501465 34.9452667236328 34.9452590942383 34.9452362060547
34.944751739502 34.9447059631348 34.9446678161621 34.9446868896484 34.9447135925293 34.9446907043457 34.9446716308594 34.9446449279785 34.9446067810059 34.9445381164551 34.9445571899414 34.944694519043 34.9447708129883 34.9447937011719 34.9448051452637 34.9448127746582 34.9447822570801 34.9447402954102 34.9447364807129 34.9447326660156 34.9447174072266 34.9447059631348 34.944709777832 34.9447135925293 34.9447250366211 34.9447402954102 34.9447593688965 34.9447860717773 34.9448165893555 34.9448623657227 34.9449119567871 34.9449310302734 34.9449424743652 34.9449348449707 34.9449195861816 34.9448890686035 34.9448623657227 34.9448394775391 34.9448394775391 34.9448699951172 34.9449462890625 34.9450645446777 34.9451675415039 34.945255279541 34.9453048706055 34.9453353881836 34.9453201293945
34.9446334838867 34.9446029663086 34.9445762634277 34.9445724487305 34.9445724487305 34.9445343017578 34.9445190429688 34.9446144104004 34.9446716308594 34.9446487426758 34.9447593688965 34.9450454711914 34.9451522827148 34.9451026916504 34.9450454711914 34.9449882507324 34.9449234008789 34.9448547363281 34.9448318481445 34.9448089599609 34.9447708129883 34.9447364807129 34.9447364807129 34.9447402954102 34.9447479248047 34.9447631835938 34.9447822570801 34.9448089599609 34.9448356628418 34.9448776245117 34.9449272155762 34.9449424743652 34.944953918457 34.9449501037598 34.9449424743652 34.9449310302734 34.9449195861816 34.9449081420898 34.9449119567871 34.944938659668 34.9449996948242 34.9450950622559 34.9451789855957 34.945255279541 34.9453201293945 34.9453773498535 34.9453735351562
34.944522857666 34.9445037841797 34.9444847106934 34.9444732666016 34.9444580078125 34.9444160461426 34.9444236755371 34.9446868896484 34.9448776245117 34.9448928833008 34.9450912475586 34.9455413818359 34.9456596374512 34.9455108642578 34.9453620910645 34.9452095031738 34.9450988769531 34.944995880127 34.9449501037598 34.9449043273926 34.9448318481445 34.9447708129883 34.9447708129883 34.9447746276855 34.9447860717773 34.9448013305664 34.9448165893555 34.9448394775391 34.9448623657227 34.9449005126953 34.9449424743652 34.944953918457 34.9449615478516 34.9449691772461 34.9449729919434 34.9449882507324 34.9450035095215 34.9450035095215 34.945011138916 34.9450378417969 34.9450759887695 34.9451370239258 34.9451942443848 34.9452514648438 34.9453239440918 34.9454002380371 34.9454116821289
34.9444808959961 34.944450378418 34.9444198608398 34.944393157959 34.9443702697754 34.9443206787109 34.944408416748 34.9452133178711 34.9457893371582 34.9458198547363 34.9459228515625 34.946117401123 34.9460792541504 34.9458465576172 34.9456329345703 34.9454231262207 34.9452705383301 34.9451293945312 34.9450454711914 34.9449653625488 34.9449081420898 34.9448585510254 34.9448585510254 34.9448585510254 34.9448699951172 34.944881439209 34.9449005126953 34.9449157714844 34.944938659668 34.9449691772461 34.9450035095215 34.9450340270996 34.9450645446777 34.9450988769531 34.9451332092285 34.9451713562012 34.945198059082 34.9452095031738 34.9452209472656 34.9452362060547 34.945255279541 34.9452743530273 34.9452972412109 34.9453201293945 34.9453659057617 34.9454193115234 34.945426940918
34.9444541931152 34.944408416748 34.9443588256836 34.9443244934082 34.9442863464355 34.9442291259766 34.9444122314453 34.9458351135254 34.946849822998 34.946891784668 34.9468574523926 34.9467124938965 34.946475982666 34.9461669921875 34.9458923339844 34.9456405639648 34.945442199707 34.9452590942383 34.9451332092285 34.9450225830078 34.9449844360352 34.944953918457 34.9449501037598 34.944953918457 34.9449615478516 34.9449768066406 34.9449882507324 34.9450035095215 34.9450225830078 34.9450454711914 34.9450721740723 34.945125579834 34.9451866149902 34.945255279541 34.9453201293945 34.9453735351562 34.9454231262207 34.9454383850098 34.9454536437988 34.9454574584961 34.9454498291016 34.9454307556152 34.9454154968262 34.9454040527344 34.9454154968262 34.9454383850098 34.9454383850098
34.9447898864746 34.9448127746582 34.9447822570801 34.9447860717773 34.9448127746582 34.9454231262207 34.9460716247559 34.9468994140625 34.9474792480469 34.9474678039551 34.947338104248 34.9470481872559 34.9467506408691 34.9464492797852 34.9461822509766 34.945930480957 34.9457092285156 34.9454956054688 34.9453315734863 34.9451789855957 34.9450988769531 34.9450340270996 34.9450187683105 34.9450149536133 34.9450225830078 34.9450378417969 34.9450607299805 34.9450874328613 34.9451179504395 34.9451560974121 34.9451942443848 34.9452514648438 34.9453163146973 34.9453773498535 34.9454345703125 34.945484161377 34.9455261230469 34.9455490112305 34.9455642700195 34.9455680847168 34.9455604553223 34.9455337524414 34.9455032348633 34.9454689025879 34.9454536437988 34.9454498291016 34.945442199707
34.9452133178711 34.9453048706055 34.9453010559082 34.9453468322754 34.9454345703125 34.946647644043 34.947696685791 34.9479217529297 34.9480590820312 34.9479904174805 34.9477806091309 34.9473762512207 34.9470252990723 34.9467239379883 34.9464645385742 34.9462203979492 34.9459838867188 34.945743560791 34.9455375671387 34.9453430175781 34.9452209472656 34.9451217651367 34.9450912475586 34.9450759887695 34.9450798034668 34.9450950622559 34.945125579834 34.9451599121094 34.9452056884766 34.945255279541 34.9453048706055 34.9453659057617 34.9454307556152 34.9454803466797 34.9455337524414 34.9455757141113 34.945613861084 34.9456405639648 34.9456634521484 34.9456672668457 34.9456558227539 34.9456253051758 34.9455833435059 34.9455261230469 34.9454879760742 34.9454536437988 34.945442199707
34.9463996887207 34.9465446472168 34.9466438293457 34.9467124938965 34.9468002319336 34.9475555419922 34.9481964111328 34.9482765197754 34.9483070373535 34.9482269287109 34.948055267334 34.9477653503418 34.9473838806152 34.9469299316406 34.9466590881348 34.946475982666 34.9462547302246 34.9460182189941 34.9457817077637 34.9455490112305 34.9454116821289 34.9452896118164 34.9452285766602 34.945182800293 34.9451560974121 34.945140838623 34.9451293945312 34.9451446533203 34.945182800293 34.9452285766602 34.9452819824219 34.9453392028809 34.9453964233398 34.9454383850098 34.9454803466797 34.9455375671387 34.9455947875977 34.9456405639648 34.9456748962402 34.945686340332 34.9456787109375 34.9456481933594 34.9455986022949 34.9455337524414 34.9454765319824 34.945426940918 34.9454078674316
34.9473876953125 34.9475784301758 34.9477653503418 34.9478645324707 34.9479637145996 34.9483184814453 34.9486122131348 34.9485702514648 34.9485168457031 34.9484214782715 34.9482841491699 34.9480934143066 34.9477195739746 34.9472045898438 34.946949005127 34.9468154907227 34.9466133117676 34.9463920593262 34.9461441040039 34.9459037780762 34.9457550048828 34.945613861084 34.9455146789551 34.9454307556152 34.9453735351562 34.9453201293945 34.9452705383301 34.9452514648438 34.9452590942383 34.9452857971191 34.9453239440918 34.9453582763672 34.9453926086426 34.9454231262207 34.9454574584961 34.9455261230469 34.9455947875977 34.9456520080566 34.9456939697266 34.9457054138184 34.9456977844238 34.945671081543 34.945613861084 34.9455375671387 34.9454650878906 34.9453926086426 34.9453735351562
34.9476470947266 34.9478530883789 34.9480819702148 34.9482345581055 34.9483833312988 34.9485626220703 34.9487037658691 34.9486541748047 34.9485855102539 34.9484710693359 34.9483413696289 34.9481964111328 34.9479904174805 34.9477310180664 34.9475708007812 34.9474639892578 34.9473037719727 34.9471321105957 34.946964263916 34.9467964172363 34.9466552734375 34.9465065002441 34.9463500976562 34.9462051391602 34.9460945129395 34.945987701416 34.9458923339844 34.94580078125 34.9457092285156 34.9456443786621 34.9455909729004 34.9455528259277 34.9455146789551 34.9455299377441 34.9455451965332 34.9455986022949 34.9456481933594 34.9457015991211 34.9457359313965 34.9457321166992 34.9457168579102 34.9456825256348 34.9456176757812 34.9455375671387 34.945442199707 34.9453430175781 34.9453239440918
