Ecospace-environmental-drivers/Outputs/ASCII-for-ecospace/MOM6-ISIMIP3a/so-bot/1994-04_so-bot_MOM6-ISIMIP3a.asc
NCOLS 131 
NROWS 53 
XLLCORNER -98 
YLLCORNER 23.9265270233154 
CELLSIZE 0.133587792515755 
NODATA_value -9999 
[rows 0 to 20 of 53, columns 47 to 93 of 131]
-9999 -9999 -9999 -9999 -9999 -9999 -9999 -9999 -9999 -9999 -9999 -9999 -9999 -9999 -9999 -9999 -9999 -9999 -9999 -9999 -9999 -9999 -9999 -9999 -9999 -9999 -9999 -9999 -9999 -9999 -9999 -9999 -9999 -9999 -9999 -9999 -9999 -9999 -9999 -9999 -9999 -9999 -9999 -9999 -9999 -9999 -9999
-9999 -9999 -9999 -9999 -9999 -9999 -9999 -9999 -9999 -9999 -9999 -9999 -9999 -9999 -9999 -9999 -9999 -9999 -9999 -9999 -9999 -9999 -9999 -9999 -9999 -9999 -9999 -9999 -9999 -9999 -9999 -9999 -9999 -9999 -9999 -9999 -9999 -9999 -9999 -9999 -9999 -9999 -9999 -9999 -9999 -9999 -9999
-9999 -9999 -9999 -9999 -9999 -9999 -9999 -9999 -9999 -9999 -9999 -9999 -9999 -9999 -9999 -9999 -9999 -9999 -9999 -9999 -9999 -9999 -9999 -9999 -9999 -9999 -9999 32.9229888916016 33.3366088867188 -9999 -9999 -9999 -9999 -9999 -9999 -9999 -9999 -9999 -9999 -9999 -9999 -9999 -9999 -9999 -9999 -9999 -9999
-9999 -9999 -9999 -9999 -9999 -9999 -9999 -9999 -9999 -9999 -9999 -9999 -9999 -9999 -9999 -9999 -9999 -9999 -9999 -9999 -9999 -9999 -9999 -9999 -9999 -9999 -9999 32.929069519043 33.339241027832 -9999 -9999 -9999 -9999 -9999 -9999 -9999 -9999 -9999 -9999 -9999 -9999 -9999 -9999 -9999 -9999 -9999 -9999
-9999 -9999 -9999 -9999 -9999 -9999 -9999 -9999 -9999 -9999 -9999 -9999 -9999 -9999 -9999 -9999 -9999 -9999 25.1569652557373 25.4724712371826 25.7248764038086 27.1972122192383 28.4247150421143 30.3628540039062 31.504732131958 32.0529479980469 32.5182571411133 32.930778503418 33.3381690979004 33.7487716674805 -9999 -9999 34.7589416503906 34.9642639160156 35.1446304321289 35.3456802368164 35.5326042175293 35.6667633056641 35.7405586242676 35.7836875915527 35.8009033203125 35.8048515319824 -9999 -9999 -9999 -9999 -9999
-9999 -9999 -9999 -9999 -9999 -9999 -9999 -9999 -9999 -9999 -9999 -9999 -9999 -9999 18.3555545806885 -9999 17.8306694030762 17.4066677093506 21.4121837615967 25.1569652557373 25.535572052002 25.7248764038086 28.6695499420166 30.8797187805176 31.5392913818359 32.0951843261719 32.5243644714355 32.9352264404297 33.3327484130859 33.7465286254883 34.1670417785645 34.4993057250977 34.8142166137695 34.963306427002 35.1152725219727 35.3553085327148 35.5664558410645 35.6760444641113 35.7577934265137 35.7878379821777 35.8054275512695 35.809440612793 35.7996826171875 35.7810134887695 -9999 -9999 -9999
-9999 -9999 -9999 -9999 -9999 -9999 -9999 -9999 -9999 -9999 21.1561527252197 21.0824584960938 21.0560684204102 21.0527877807617 19.7784194946289 18.433069229126 18.278039932251 17.8073024749756 17.4066677093506 21.6729164123535 25.1569652557373 25.7248764038086 28.6695499420166 30.8797187805176 31.5392913818359 32.0951843261719 32.5243644714355 32.9352264404297 33.3327484130859 33.7465286254883 34.1670417785645 34.4993057250977 34.8142166137695 34.963306427002 35.1152725219727 35.3553085327148 35.5664558410645 35.6760444641113 35.7577934265137 35.7878379821777 35.8054275512695 35.809440612793 35.7996826171875 35.7810134887695 35.7760772705078 35.8143348693848 -9999
-9999 -9999 -9999 -9999 -9999 -9999 -9999 -9999 -9999 -9999 21.5512676239014 21.1561527252197 21.0087642669678 -9999 21.1463088989258 20.0313930511475 18.5881004333496 18.278039932251 17.7371997833252 17.4066677093506 22.455114364624 27.0310173034668 29.629280090332 31.7672958374023 32.9336929321289 33.6691818237305 33.8780136108398 34.0797309875488 34.2762680053711 34.4909324645996 34.7131042480469 34.9455108642578 35.1799240112305 35.280517578125 35.3848457336426 35.5741119384766 35.7377281188965 35.8111572265625 35.8639144897461 35.8782806396484 35.8786430358887 35.8637428283691 35.8645629882812 35.8755569458008 35.8516731262207 35.8152542114258 35.7383842468262
-9999 -9999 -9999 -9999 -9999 -9999 -9999 -9999 -9999 -9999 -9999 -9999 -9999 -9999 20.9923400878906 21.5852088928223 20.7132778167725 18.8981590270996 18.278039932251 17.5268936157227 23.343225479126 28.4649925231934 30.6799411773682 32.7322196960449 34.4410820007324 35.3696975708008 35.3446884155273 35.3217124938965 35.300220489502 35.2991065979004 35.3064346313477 35.4294815063477 35.5752716064453 35.6244812011719 35.6783332824707 35.8124656677246 35.9244575500488 35.958610534668 35.9799461364746 35.977481842041 35.9593315124512 35.9240875244141 35.9358520507812 35.9780349731445 35.9198036193848 35.8255004882812 35.7136764526367
30.5333805084229 -9999 -9999 -9999 -9999 -9999 -9999 -9999 -9999 -9999 25.4052791595459 21.9562606811523 -9999 -9999 -9999 21.254264831543 22.9347610473633 22.2011642456055 19.5182781219482 19.9533843994141 24.9301052093506 29.3106784820557 31.1963138580322 32.9735450744629 34.5219345092773 35.425220489502 35.5400619506836 35.5539093017578 35.4941864013672 35.4630546569824 35.4437599182129 35.5116386413574 35.5966567993164 35.6797561645508 35.7664413452148 35.8888816833496 35.9898109436035 36.0151100158691 36.031867980957 36.0327758789062 36.0175476074219 35.9847373962402 35.9798202514648 35.9929504394531 35.9570655822754 35.9035720825195 35.758674621582
30.3536834716797 30.3271579742432 -9999 -9999 -9999 -9999 -9999 -9999 -9999 -9999 27.1171340942383 25.2503814697266 21.9562606811523 -9999 -9999 19.97705078125 22.6295909881592 26.197639465332 24.3822765350342 22.5987854003906 26.6620693206787 30.2336711883545 31.7475299835205 33.2294502258301 34.6439590454102 35.5181541442871 35.7319869995117 35.7687644958496 35.676570892334 35.6177673339844 35.5727844238281 35.5915794372559 35.6229095458984 35.7381744384766 35.854621887207 35.9522895812988 36.0347061157227 36.0634841918945 36.0832595825195 36.0863037109375 36.0742225646973 36.0456581115723 36.0209350585938 35.9987030029297 35.9868812561035 35.9787979125977 35.8095779418945
30.3536834716797 30.2741050720215 30.0845279693604 29.7248611450195 -9999 -9999 -9999 -9999 -9999 -9999 -9999 26.9232597351074 24.9108200073242 21.9562606811523 21.1561527252197 19.97705078125 22.6295909881592 26.197639465332 26.3341636657715 26.4183692932129 29.1722412109375 31.5713348388672 32.4856376647949 33.5635414123535 34.9868278503418 35.811767578125 35.9054069519043 35.8906135559082 35.7968330383301 35.7229499816895 35.6573104858398 35.6596221923828 35.6752891540527 35.8134651184082 35.9431838989258 35.9459381103516 35.9698791503906 36.068302154541 36.131778717041 36.1303596496582 36.1226348876953 36.108039855957 36.0467720031738 35.9553031921387 35.9767532348633 36.038761138916 35.8921737670898
30.490442276001 30.2609348297119 30.0713005065918 29.7317695617676 -9999 -9999 -9999 -9999 27.4055767059326 27.1399021148682 27.1053981781006 27.3882579803467 26.276123046875 24.0226421356201 22.6338005065918 21.6545219421387 23.9069709777832 26.9315891265869 28.3070507049561 29.5959396362305 31.2737598419189 32.7496299743652 33.380313873291 34.1885261535645 35.3715209960938 36.0194282531738 36.0133476257324 35.931957244873 35.795711517334 35.697639465332 35.6153755187988 35.602783203125 35.6038856506348 35.743236541748 35.8701324462891 35.8253402709961 35.8258323669434 35.985523223877 36.0956382751465 36.1136779785156 36.1289939880371 36.1413497924805 36.080753326416 35.9729614257812 36.0159606933594 36.1131286621094 36.0046615600586
30.9691047668457 30.5357913970947 30.094654083252 29.7317695617676 29.3715152740479 28.8659496307373 28.3591594696045 27.8461513519287 27.4055767059326 27.1399021148682 27.1053981781006 27.3882579803467 27.656623840332 27.9131298065186 27.8056468963623 27.5257530212402 28.3778648376465 29.500452041626 30.3324337005615 31.1684417724609 32.3536224365234 33.5294952392578 34.6664085388184 35.5407524108887 35.860782623291 36.0122146606445 35.957592010498 35.772045135498 35.4911346435547 35.346076965332 35.2572746276855 35.2337341308594 35.2230224609375 35.3091888427734 35.3930320739746 35.419116973877 35.4837226867676 35.6837615966797 35.847843170166 35.945140838623 36.0302124023438 36.1019630432129 36.1351051330566 36.1432647705078 36.1785202026367 36.2235069274902 36.1918754577637
31.9665794372559 31.3205146789551 30.6006202697754 30.1994152069092 29.8263759613037 29.3330669403076 28.8423709869385 28.3649730682373 28.0093669891357 27.9478397369385 28.080265045166 28.4789619445801 29.57763671875 31.2490139007568 31.9142837524414 32.1029815673828 32.1431846618652 32.1479034423828 32.5401802062988 32.9802589416504 33.7285690307617 34.5332832336426 35.5740699768066 36.2070960998535 35.9793014526367 35.8160934448242 35.731819152832 35.5274963378906 35.2357292175293 35.0984573364258 35.0251731872559 35.0031585693359 34.9912223815918 35.0448684692383 35.1023406982422 35.1734199523926 35.2779998779297 35.5003547668457 35.6879386901855 35.8109474182129 35.9296684265137 36.0437164306641 36.1467208862305 36.2425804138184 36.2818222045898 36.300724029541 36.3177032470703
33.6975593566895 32.826099395752 31.788911819458 31.3282222747803 30.9243259429932 30.4606037139893 30.0087547302246 29.6173133850098 29.4668064117432 29.8980541229248 30.4334182739258 31.1117191314697 32.2628364562988 33.8007965087891 34.5197372436523 34.8507308959961 34.910945892334 34.9064598083496 35.0057487487793 35.1304168701172 35.5207023620605 35.8536605834961 35.9466934204102 35.9037322998047 35.5736656188965 35.3528900146484 35.265682220459 35.1632881164551 35.0498390197754 34.997802734375 34.9712028503418 34.9683532714844 34.9701690673828 35.0205078125 35.0751876831055 35.1546783447266 35.2651023864746 35.4842796325684 35.6522979736328 35.7253074645996 35.8266296386719 35.9588050842285 36.0979194641113 36.2415313720703 36.3013458251953 36.3310585021973 36.3567504882812
34.8679809570312 34.1512565612793 33.2792663574219 32.7323226928711 32.2237205505371 31.8519763946533 31.5289192199707 31.4535369873047 31.5596733093262 32.1041069030762 32.6778030395508 33.2916679382324 34.207389831543 35.3700752258301 35.9423370361328 36.234920501709 36.2874298095703 36.2825736999512 36.2599792480469 36.2380180358887 36.243049621582 36.1846733093262 35.8609237670898 35.5513954162598 35.2718887329102 35.0886154174805 35.0229682922363 34.9820861816406 34.9592399597168 34.9498634338379 34.9460678100586 34.9518661499023 34.9595489501953 35.0054664611816 35.0549430847168 35.1253318786621 35.2242088317871 35.4232368469238 35.5787315368652 35.653377532959 35.7618827819824 35.9072799682617 36.0595970153809 36.2163887023926 36.2916946411133 36.3377304077148 36.3671531677246
35.5663452148438 35.3244667053223 35.0239906311035 34.3682556152344 33.692756652832 33.4655303955078 33.3470077514648 33.7814559936523 34.1876449584961 34.5256080627441 34.8305892944336 35.0902976989746 35.5282287597656 36.1119766235352 36.3688278198242 36.4708366394043 36.4922904968262 36.494499206543 36.4941101074219 36.467658996582 36.0645065307617 35.6825218200684 35.3891334533691 35.1578216552734 35.0575637817383 34.9918670654297 34.9684104919434 34.9549903869629 34.9488830566406 34.9463157653809 34.9452133178711 34.9508056640625 34.9577178955078 34.9982719421387 35.0405158996582 35.0870552062988 35.1597366333008 35.3243255615234 35.4732322692871 35.5929985046387 35.7293853759766 35.8838729858398 36.0300941467285 36.1709594726562 36.2574806213379 36.3244743347168 36.3534278869629
35.9127960205078 35.8678817749023 35.8060874938965 35.3624687194824 34.8929061889648 34.7781677246094 34.745174407959 35.1280174255371 35.4493827819824 35.6222915649414 35.7872924804688 35.9414329528809 36.1545486450195 36.4159164428711 36.4432258605957 36.3596687316895 36.2908248901367 36.2254943847656 36.2233467102051 36.1980857849121 35.773323059082 35.3880043029785 35.1677742004395 35.007926940918 34.9755554199219 34.9549102783203 34.9486083984375 34.9456977844238 34.9452629089355 34.9450225830078 34.9448661804199 34.9488487243652 34.9536476135254 34.9890060424805 35.0252418518066 35.0589599609375 35.1127967834473 35.2373924255371 35.3628196716309 35.4897956848145 35.6266975402832 35.7744102478027 35.9200057983398 36.0642280578613 36.1715393066406 36.2655982971191 36.3098258972168
36.0870323181152 36.103099822998 36.1171035766602 36.0426445007324 35.9614753723145 35.943546295166 35.9378433227539 35.9943351745605 36.0425186157227 36.0706481933594 36.1586608886719 36.3288841247559 36.4409866333008 36.5055313110352 36.3453178405762 36.0786437988281 35.890510559082 35.7211418151855 35.7055015563965 35.684211730957 35.4270133972168 35.1950912475586 35.0689697265625 34.9772796630859 34.9582901000977 34.9472160339355 34.9458160400391 34.9451217651367 34.9449348449707 34.9448318481445 34.9447631835938 34.9464530944824 34.948486328125 34.9787292480469 35.0095520019531 35.0358428955078 35.0744438171387 35.1563148498535 35.2500038146973 35.3656387329102 35.4896621704102 35.6228332519531 35.7704772949219 35.9274940490723 36.0602912902832 36.1843910217285 36.2516059875488
36.2296752929688 36.2505493164062 36.2730865478516 36.2750816345215 36.2754058837891 36.2873344421387 36.2984313964844 36.3052825927734 36.3116760253906 36.316967010498 36.3639068603516 36.4680290222168 36.5285682678223 36.5534515380859 36.3515472412109 36.0422134399414 35.7165107727051 35.3868942260742 35.3562507629395 35.338264465332 35.2054901123047 35.0845184326172 35.0129508972168 34.9611473083496 34.9510688781738 34.9454040527344 34.945125579834 34.9449501037598 34.9448432922363 34.9447784423828 34.9447326660156 34.9454383850098 34.9462890625 34.9630355834961 34.980152130127 34.9951438903809 35.0200157165527 35.0796318054199 35.1470413208008 35.2289199829102 35.3179512023926 35.4147644042969 35.5331840515137 35.6655807495117 35.7977676391602 35.929874420166 36.0882186889648
