Ecospace-environmental-drivers/Outputs/ASCII-for-ecospace/MOM6-ISIMIP3a/so-bot/1994-03_so-bot_MOM6-ISIMIP3a.asc
NCOLS 131 
NROWS 53 
XLLCORNER -98 
YLLCORNER 23.9265270233154 
CELLSIZE 0.133587792515755 
NODATA_value -9999 
[rows 21 to 41 of 53, columns 0 to 46 of 131]
-9999 -9999 -9999 -9999 -9999 -9999 34.5371780395508 34.5244293212891 34.4933319091797 34.4383773803711 34.395263671875 34.2688407897949 34.2899780273438 34.3529357910156 34.5321655273438 34.8455467224121 35.1145515441895 35.3530807495117 35.5574569702148 35.748649597168 35.8403129577637 35.9144172668457 35.9861373901367 36.0607528686523 36.1599388122559 36.254467010498 36.3338851928711 36.3894920349121 36.4035415649414 36.4091415405273 36.4060401916504 36.3926582336426 36.3730087280273 36.3572845458984 36.3428764343262 36.3307609558105 36.3190498352051 36.3197708129883 36.3189888000488 36.3086738586426 36.296558380127 36.2794418334961 36.2623748779297 36.2453880310059 36.245548248291 36.2614402770996 36.3010482788086
-9999 -9999 -9999 -9999 -9999 -9999 34.5402374267578 34.5371780395508 34.5116767883301 34.4860916137695 34.4383773803711 34.478572845459 34.589672088623 34.8410530090332 35.0956344604492 35.3539085388184 35.5562400817871 35.7201614379883 35.8572006225586 35.9838638305664 36.0641708374023 36.1362991333008 36.193042755127 36.251579284668 36.3278846740723 36.4011497497559 36.4645500183105 36.5123748779297 36.5330200195312 36.5414581298828 36.5373420715332 36.5280570983887 36.515625 36.5055961608887 36.4963722229004 36.4843826293945 36.4720840454102 36.4696655273438 36.4657707214355 36.4524765014648 36.4390182495117 36.4251022338867 36.4109878540039 36.3965721130371 36.3945007324219 36.4037666320801 36.4289169311523
-9999 -9999 -9999 -9999 34.6244926452637 34.5711555480957 34.5411834716797 34.5423545837402 34.5371780395508 34.4861755371094 34.4826354980469 34.660774230957 34.9231605529785 35.3522567749023 35.6687622070312 35.8553581237793 35.9841995239258 36.0733833312988 36.1412887573242 36.2009811401367 36.2704811096191 36.3417129516602 36.3791236877441 36.4173011779785 36.4680557250977 36.5178337097168 36.5644302368164 36.6049613952637 36.6349143981934 36.6505279541016 36.6513862609863 36.6491394042969 36.6450042724609 36.6406478881836 36.6362152099609 36.6256523132324 36.6142692565918 36.6073989868164 36.5989112854004 36.5801429748535 36.5623474121094 36.5472793579102 36.5342216491699 36.5242614746094 36.5213203430176 36.5248146057129 36.535213470459
-9999 -9999 -9999 -9999 34.744312286377 34.6413230895996 34.6011276245117 34.5411834716797 34.5487022399902 34.6444091796875 34.7921867370605 35.1392784118652 35.4764137268066 35.7938537597656 36.030891418457 36.1751594543457 36.2685813903809 36.3270874023438 36.3620872497559 36.3880157470703 36.4220886230469 36.4575958251953 36.4364280700684 36.4183883666992 36.4367256164551 36.4536476135254 36.4659729003906 36.4926567077637 36.5443840026855 36.5843467712402 36.6122016906738 36.630786895752 36.6437187194824 36.6494522094727 36.6527824401855 36.6489181518555 36.6439056396484 36.6174926757812 36.5850067138672 36.5138320922852 36.4329872131348 36.3252410888672 36.2602806091309 36.2614479064941 36.2647819519043 36.2701034545898 36.2778015136719
-9999 -9999 -9999 -9999 -9999 34.744312286377 34.6786651611328 34.6610717773438 34.6000747680664 34.8513069152832 35.1459922790527 35.606990814209 35.9839706420898 36.1946983337402 36.3505020141602 36.4429397583008 36.4637603759766 36.4354019165039 36.4137535095215 36.3946952819824 36.395622253418 36.400074005127 36.3378524780273 36.2802238464355 36.2730255126953 36.2641487121582 36.2498168945312 36.2634201049805 36.3257713317871 36.3797874450684 36.4252281188965 36.4598083496094 36.4877700805664 36.5012664794922 36.5099411010742 36.5113906860352 36.5115509033203 36.4706726074219 36.4212417602539 36.3173522949219 36.1972274780273 36.0319061279297 35.935115814209 35.9442329406738 35.9515686035156 35.9572677612305 35.9614944458008
-9999 -9999 -9999 -9999 -9999 34.7523422241211 34.744312286377 34.7680931091309 34.8261528015137 35.2715911865234 35.69384765625 36.0273971557617 36.2911643981934 36.416862487793 36.4836921691895 36.4826049804688 36.2678070068359 35.9062423706055 35.723819732666 35.6105728149414 35.5883598327637 35.582218170166 35.5557708740234 35.5314865112305 35.5289306640625 35.5251846313477 35.517578125 35.5215034484863 35.5455513000488 35.568473815918 35.5902366638184 35.6196212768555 35.6536445617676 35.6647109985352 35.6681213378906 35.6688270568848 35.6689186096191 35.6358032226562 35.6003646850586 35.5501289367676 35.4949417114258 35.4259757995605 35.3853378295898 35.3884773254395 35.3898429870605 35.389575958252 35.3869552612305
-9999 -9999 34.7707862854004 34.7684211730957 34.7657012939453 34.7603797912598 34.7523307800293 34.9022331237793 35.0912551879883 35.6415748596191 36.124927520752 36.3519630432129 36.5224685668945 36.5811004638672 36.534351348877 36.3659973144531 35.9912185668945 35.4746742248535 35.2173614501953 35.0601463317871 35.0260887145996 35.0137634277344 35.0120391845703 35.0107765197754 35.0113868713379 35.0111427307129 35.008129119873 35.005672454834 35.0041885375977 35.006462097168 35.0125999450684 35.0349884033203 35.0672760009766 35.0752372741699 35.0750885009766 35.0750732421875 35.0749053955078 35.0503845214844 35.027530670166 35.0152816772461 35.0055122375488 35.0026397705078 35.0003471374512 34.998950958252 34.996265411377 34.9923896789551 34.9860496520996
-9999.000000000000000 -9999 -9999 -9999 34.7791862487793 34.7710189819336 34.7759246826172 35.0955505371094 35.4414939880371 35.9018173217773 36.3012161254883 36.4674301147461 36.5881805419922 36.6189613342285 36.4049301147461 35.9084243774414 35.5387001037598 35.256046295166 35.1112213134766 35.0196228027344 34.9983406066895 34.9894676208496 34.9883575439453 34.9875793457031 34.9881324768066 34.9878349304199 34.9847755432129 34.9831352233887 34.9839744567871 34.9883880615234 34.9964828491211 35.0079498291016 35.0214729309082 35.0248603820801 35.0248718261719 35.0242004394531 35.0233383178711 35.0092239379883 34.9958801269531 34.9874496459961 34.9805068969727 34.9776916503906 34.9748916625977 34.9721145629883 34.9695663452148 34.967227935791 34.963996887207
-9999 -9999 -9999 -9999 34.7977981567383 34.8061599731445 34.8001251220703 35.2323303222656 35.6829490661621 36.0789566040039 36.416820526123 36.5321197509766 36.589168548584 36.5309524536133 36.2044410705566 35.568359375 35.2342643737793 35.1075553894043 35.0386238098145 34.9920082092285 34.9781265258789 34.9700202941895 34.9692573547363 34.9687843322754 34.9693870544434 34.9693603515625 34.9673080444336 34.9667282104492 34.9687232971191 34.9737777709961 34.9819717407227 34.986457824707 34.9886817932129 34.9888229370117 34.9882736206055 34.9868507385254 34.9852714538574 34.9788131713867 34.9725074768066 34.9671401977539 34.9625129699707 34.9599456787109 34.9572906494141 34.9544944763184 34.9525527954102 34.9513893127441 34.9501914978027
-9999 -9999 -9999 -9999 34.8111877441406 34.816219329834 34.8224334716797 35.2979850769043 35.787540435791 36.151554107666 36.4560852050781 36.5329322814941 36.508731842041 36.2845878601074 35.9145355224609 35.3761367797852 35.1161270141602 35.0473022460938 35.0082244873047 34.9806289672852 34.9673881530762 34.9566764831543 34.9559211730957 34.9555282592773 34.9563064575195 34.9569702148438 34.9572486877441 34.9580421447754 34.9597206115723 34.9635162353516 34.9694938659668 34.9719505310059 34.9722633361816 34.9708290100098 34.9688148498535 34.9665184020996 34.964183807373 34.9619293212891 34.9595413208008 34.9562873840332 34.9533424377441 34.9512634277344 34.9495658874512 34.9484710693359 34.9477195739746 34.9472846984863 34.9467697143555
-9999 -9999 -9999 -9999 34.816219329834 34.8237380981445 34.8325653076172 35.2854423522949 35.7537460327148 36.1234016418457 36.4327011108398 36.5109825134277 36.5030212402344 36.3244018554688 35.9466323852539 35.3390731811523 35.0613594055176 35.0101699829102 34.9843444824219 34.9683113098145 34.9583702087402 34.9495048522949 34.9489479064941 34.9487495422363 34.9500427246094 34.9513244628906 34.9525680541992 34.9537048339844 34.9546585083008 34.9566230773926 34.9596214294434 34.9605674743652 34.960262298584 34.9587249755859 34.9567832946777 34.9545822143555 34.9523582458496 34.9519691467285 34.9514083862305 34.949764251709 34.9481925964355 34.9468078613281 34.9458618164062 34.9456024169922 34.9454307556152 34.9453392028809 34.9451522827148
-9999 -9999 -9999 -9999 34.8241729736328 34.8325653076172 35.1915588378906 35.2142486572266 35.6161613464355 36.0196838378906 36.3623313903809 36.4719657897949 36.5533561706543 36.578857421875 36.2202339172363 35.4183807373047 35.0541191101074 34.9903717041016 34.9653511047363 34.9552841186523 34.9506454467773 34.9469680786133 34.9467430114746 34.9468307495117 34.9488945007324 34.9507484436035 34.9519195556641 34.9526329040527 34.9525566101074 34.9522514343262 34.9517097473145 34.951530456543 34.9515724182129 34.951042175293 34.9503211975098 34.9489402770996 34.9474754333496 34.9471969604492 34.9468994140625 34.9464950561523 34.9460563659668 34.9455223083496 34.9451751708984 34.9451103210449 34.9450531005859 34.945011138916 34.9448890686035
-9999 -9999 -9999 -9999 34.8325653076172 35.1864776611328 35.338264465332 35.4339866638184 35.4838371276855 35.9220809936523 36.300106048584 36.4476356506348 36.574649810791 36.6610679626465 36.3017768859863 35.4282073974609 35.0394058227539 34.983512878418 34.9608383178711 34.9509887695312 34.9479064941406 34.9460182189941 34.9457969665527 34.9457817077637 34.9471778869629 34.9484214782715 34.9491653442383 34.9495811462402 34.9494209289551 34.9488639831543 34.9478912353516 34.9475860595703 34.947681427002 34.9475059509277 34.9472351074219 34.9464492797852 34.9455986022949 34.9454193115234 34.9452590942383 34.9452323913574 34.9451637268066 34.9449768066406 34.9448661804199 34.9448699951172 34.9448547363281 34.94482421875 34.9447441101074
-9999 -9999 -9999 -9999 -9999 35.3627014160156 35.3835182189941 35.3665580749512 35.3537673950195 35.8270988464355 36.2413711547852 36.4296035766602 36.58349609375 36.6694526672363 36.3010063171387 35.4082527160645 35.021484375 34.9822006225586 34.9625282287598 34.9504318237305 34.9472999572754 34.9457511901855 34.9453926086426 34.9451065063477 34.9452209472656 34.9453430175781 34.9455070495605 34.9456748962402 34.9458427429199 34.9458961486816 34.9458312988281 34.9458236694336 34.9458503723145 34.945743560791 34.9455909729004 34.9453048706055 34.9450073242188 34.9449234008789 34.9448547363281 34.9448318481445 34.9448013305664 34.9447479248047 34.9447212219238 34.9447364807129 34.9447326660156 34.9447021484375 34.9446487426758
-9999 -9999 -9999 -9999 -9999 35.3947982788086 35.3663177490234 35.3500099182129 35.3823013305664 35.8361358642578 36.2397804260254 36.4513092041016 36.6155853271484 36.6863555908203 36.3063125610352 35.4061012268066 35.0180816650391 34.9818077087402 34.9634475708008 34.9520072937012 34.9481773376465 34.9456901550293 34.9452209472656 34.9448356628418 34.9447631835938 34.9447441101074 34.9449043273926 34.9450035095215 34.9449882507324 34.9450073242188 34.9450607299805 34.9450874328613 34.9450988769531 34.9450531005859 34.9449844360352 34.9448699951172 34.9447555541992 34.9447174072266 34.9446830749512 34.9446640014648 34.9446411132812 34.9446144104004 34.9446067810059 34.9446220397949 34.9446220397949 34.9446105957031 34.9445838928223
-9999 -9999 -9999 -9999 -9999 35.4702339172363 35.4345626831055 35.382381439209 35.4436569213867 35.86669921875 36.2500076293945 36.4812393188477 36.6524810791016 36.7050170898438 36.3128700256348 35.4076309204102 35.0176811218262 34.9816055297852 34.9642105102539 34.9540252685547 34.9493598937988 34.945671081543 34.9450988769531 34.9446411132812 34.9446182250977 34.9446601867676 34.9449310302734 34.944995880127 34.9446983337402 34.9445495605469 34.9445533752441 34.9445610046387 34.9445724487305 34.944580078125 34.9445877075195 34.9445838928223 34.9445762634277 34.9445724487305 34.9445648193359 34.9445419311523 34.944522857666 34.944507598877 34.9444999694824 34.9445114135742 34.9445190429688 34.944522857666 34.944522857666
-9999 -9999 -9999 -9999 -9999 -9999 35.6098251342773 35.5713005065918 35.6054801940918 36.0180549621582 36.3818244934082 36.5587768554688 36.6871490478516 36.7194023132324 36.3219947814941 35.4288291931152 35.0378952026367 34.9918670654297 34.969783782959 34.9569511413574 34.9505310058594 34.945240020752 34.9448204040527 34.9445495605469 34.9446640014648 34.9448738098145 34.9454040527344 34.945686340332 34.9455413818359 34.9454574584961 34.9454460144043 34.9454231262207 34.9453926086426 34.945369720459 34.9453468322754 34.9452896118164 34.9452209472656 34.944953918457 34.9446983337402 34.9445457458496 34.9444274902344 34.9444046020508 34.9443855285645 34.9443817138672 34.9443778991699 34.9443817138672 34.9445419311523
-9999 -9999 -9999 -9999 -9999 -9999 35.8246231079102 35.875789642334 35.7823257446289 36.1770858764648 36.5149955749512 36.6353034973145 36.7195129394531 36.7322845458984 36.330020904541 35.4488716125488 35.0571784973145 35.0016136169434 34.9750289916992 34.9596328735352 34.9515838623047 34.9448280334473 34.9445686340332 34.9444961547852 34.9447822570801 34.9451751708984 34.9459114074707 34.9463844299316 34.9463958740234 34.9463882446289 34.9463653564453 34.9463195800781 34.9462547302246 34.9461975097656 34.9461441040039 34.9460258483887 34.9458961486816 34.945384979248 34.9449043273926 34.9446334838867 34.9444274902344 34.9444007873535 34.9443778991699 34.9443588256836 34.9443473815918 34.9443435668945 34.944652557373
-9999 -9999 -9999 -9999 -9999 -9999 36.1123390197754 36.0267791748047 36.0714378356934 36.3602409362793 36.6045188903809 36.6783638000488 36.7283668518066 36.7311897277832 36.3251075744629 35.4472198486328 35.0567016601562 35.0008773803711 34.974422454834 34.9593086242676 34.9514045715332 34.9447746276855 34.9446830749512 34.9448089599609 34.9455680847168 34.9462394714355 34.9466133117676 34.9468612670898 34.946891784668 34.9469032287598 34.9468994140625 34.9468994140625 34.946907043457 34.9468536376953 34.9467811584473 34.9466247558594 34.9464530944824 34.9460983276367 34.9457664489746 34.9455909729004 34.9454650878906 34.945484161377 34.9454917907715 34.9454956054688 34.945499420166 34.9455070495605 34.9457244873047
-9999 -9999 -9999 -9999 -9999 36.54736328125 36.3859252929688 36.4344520568848 36.3395576477051 36.5256500244141 36.680233001709 36.7142333984375 36.7241630554199 36.6864700317383 36.2727355957031 35.4251136779785 35.0488433837891 34.9962730407715 34.9715957641602 34.9576835632324 34.9506187438965 34.9447631835938 34.9450454711914 34.9455261230469 34.946533203125 34.947322845459 34.9474029541016 34.9474678039551 34.9475021362305 34.9475135803223 34.9475059509277 34.9475212097168 34.9475555419922 34.9474906921387 34.9473915100098 34.947208404541 34.9470138549805 34.9467964172363 34.9466018676758 34.9465255737305 34.9464836120605 34.9465293884277 34.9465637207031 34.9465789794922 34.9465713500977 34.9465484619141 34.9466705322266
-9999 -9999 -9999 -9999 36.5470085144043 36.5522994995117 36.54736328125 36.5351104736328 36.5307121276855 36.6259689331055 36.7053108215332 36.7237358093262 36.6720886230469 36.4817962646484 36.0463371276855 35.3279914855957 35.0139274597168 34.9775085449219 34.960620880127 34.9512748718262 34.9475898742676 34.9449005126953 34.9463195800781 34.9477081298828 34.9481353759766 34.9484710693359 34.9485282897949 34.9485549926758 34.9485359191895 34.9484825134277 34.9483871459961 34.9482841491699 34.9481735229492 34.9480476379395 34.9479103088379 34.9477386474609 34.9475631713867 34.947452545166 34.9473609924316 34.9473876953125 34.9474182128906 34.9474601745605 34.9474830627441 34.9474716186523 34.9473609924316 34.9471549987793 34.947151184082
