Ecospace-environmental-drivers/Outputs/ASCII-for-ecospace/MOM6-ISIMIP3a/so-bot/1995-05_so-bot_MOM6-ISIMIP3a.asc
NCOLS 131 
NROWS 53 
XLLCORNER -98 
YLLCORNER 23.9265270233154 
CELLSIZE 0.133587792515755 
NODATA_value -9999 
[rows 21 to 41 of 53, columns 0 to 46 of 131]
-9999 -9999 -9999 -9999 -9999 -9999 33.9631614685059 33.9422912597656 33.895378112793 33.812442779541 33.7694282531738 33.5794296264648 33.6306648254395 33.783275604248 34.0172424316406 34.3450813293457 34.6302719116211 34.8861808776855 35.0890693664551 35.2714920043945 35.4006080627441 35.520320892334 35.6684761047363 35.8020057678223 35.8084487915039 35.8220748901367 35.8589973449707 35.8957214355469 35.9320983886719 35.9575386047363 35.9717216491699 35.9953269958496 36.0246734619141 36.0680656433105 36.1161422729492 36.1523399353027 36.1866645812988 36.1889419555664 36.1913566589355 36.1946296691895 36.199146270752 36.2071228027344 36.2161598205566 36.2268333435059 36.236701965332 36.2458305358887 36.2635383605957
-9999 -9999 -9999 -9999 -9999 -9999 33.9679183959961 33.9631614685059 33.9214172363281 33.8844871520996 33.812442779541 33.9164161682129 34.1050033569336 34.4610252380371 34.7795257568359 35.0547294616699 35.2911567687988 35.5009536743164 35.6705169677734 35.8245429992676 35.9139404296875 35.9919281005859 36.0795516967773 36.1578941345215 36.1571159362793 36.1603393554688 36.1765365600586 36.1930732727051 36.2101936340332 36.2184600830078 36.2176132202148 36.221019744873 36.2270164489746 36.2505187988281 36.279857635498 36.3014869689941 36.3219566345215 36.3290519714355 36.3355369567871 36.3381385803223 36.340389251709 36.3416595458984 36.3427772521973 36.3436698913574 36.3447875976562 36.346118927002 36.3546180725098
-9999 -9999 -9999 -9999 34.0289421081543 33.9934158325195 33.9697189331055 33.9708786010742 33.9631614685059 33.8796768188477 33.8826675415039 34.2166175842285 34.6210441589355 35.164924621582 35.5519104003906 35.7578582763672 35.9358367919922 36.0946083068848 36.2292404174805 36.354549407959 36.4073905944824 36.4474487304688 36.4670028686523 36.4834289550781 36.4775085449219 36.4721488952637 36.4686164855957 36.4671669006348 36.4693489074707 36.4639282226562 36.4506759643555 36.4358673095703 36.420108795166 36.4239845275879 36.4344100952148 36.4410858154297 36.4472961425781 36.4599609375 36.4709930419922 36.4716300964355 36.4697189331055 36.4607086181641 36.4524421691895 36.4453163146973 36.4390640258789 36.4336090087891 36.4331550598145
-9999 -9999 -9999 -9999 34.1071472167969 34.0454864501953 34.0171089172363 33.9697189331055 33.9797554016113 34.1074829101562 34.3129539489746 34.8159866333008 35.2978668212891 35.7379035949707 36.0342216491699 36.1647109985352 36.2748794555664 36.3710899353027 36.453426361084 36.530403137207 36.5518608093262 36.5635185241699 36.5017623901367 36.4454879760742 36.448314666748 36.450756072998 36.451961517334 36.4734039306641 36.5301628112793 36.5540199279785 36.5440216064453 36.5339050292969 36.5237159729004 36.5217208862305 36.5224609375 36.5252990722656 36.5285339355469 36.5460739135742 36.5542449951172 36.5027503967285 36.4364280700684 36.3288230895996 36.263011932373 36.2617950439453 36.2605094909668 36.2591590881348 36.2596893310547
-9999 -9999 -9999 -9999 -9999 34.1071472167969 34.0879669189453 34.0644989013672 34.0503883361816 34.397274017334 34.7969131469727 35.3984603881836 35.9082717895508 36.2365493774414 36.4363555908203 36.4879264831543 36.5020484924316 36.4904594421387 36.4987716674805 36.5147743225098 36.5073356628418 36.4957580566406 36.3800430297852 36.2756614685059 36.2847137451172 36.2924880981445 36.2961349487305 36.3315582275391 36.4224433898926 36.4660110473633 36.4608917236328 36.4581336975098 36.4568099975586 36.4515342712402 36.4449462890625 36.4445266723633 36.4450798034668 36.4624900817871 36.4658889770508 36.3800582885742 36.2718963623047 36.1015739440918 35.9993362426758 36.0023307800293 36.0044403076172 36.0057411193848 36.0063552856445
-9999 -9999 -9999 -9999 -9999 34.1392860412598 34.1071472167969 34.210506439209 34.3579711914062 34.9588584899902 35.5162010192871 35.9068717956543 36.2274360656738 36.4092826843262 36.486946105957 36.4444007873535 36.2386894226074 35.9209289550781 35.7599639892578 35.6595420837402 35.6341209411621 35.621940612793 35.5722236633301 35.5275535583496 35.5317840576172 35.5340728759766 35.5300827026367 35.5404167175293 35.5757522583008 35.5970764160156 35.6039772033691 35.6202507019043 35.6422386169434 35.6450424194336 35.6414604187012 35.6403312683105 35.639518737793 35.6348419189453 35.6250801086426 35.5829315185547 35.5319137573242 35.4561958312988 35.4101257324219 35.4098739624023 35.4084968566895 35.4060821533203 35.4028053283691
-9999 -9999 34.2183685302734 34.2070732116699 34.192756652832 34.1714630126953 34.1392478942871 34.3982200622559 34.7069358825684 35.4193000793457 36.0344505310059 36.2775077819824 36.4635963439941 36.5369682312012 36.4845314025879 36.2869300842285 35.9302711486816 35.4643745422363 35.2198181152344 35.0607261657715 35.0268516540527 35.015079498291 35.010856628418 35.0073204040527 35.0081214904785 35.0068435668945 34.998836517334 34.9929237365723 34.9906692504883 34.9967651367188 35.0114517211914 35.036735534668 35.0684700012207 35.0754776000977 35.0742416381836 35.0726737976074 35.0709495544434 35.053165435791 35.0363349914551 35.0255393981934 35.0150756835938 35.0055351257324 34.9985313415527 34.9954490661621 34.9917984008789 34.9876174926758 34.9825401306152
-9999.000000000000000 -9999 -9999 -9999 34.2569961547852 34.2140464782715 34.2336692810059 34.6769256591797 35.1461944580078 35.6590690612793 36.1140670776367 36.3475379943848 36.5186500549316 36.5663757324219 36.3664703369141 35.8808479309082 35.5235290527344 35.254322052002 35.1131286621094 35.0213737487793 34.9998321533203 34.9906806945801 34.9872169494629 34.9842758178711 34.984691619873 34.9840316772461 34.9799041748047 34.9770393371582 34.976375579834 34.9825592041016 34.9957962036133 35.0082015991211 35.0200996398926 35.0228385925293 35.0225296020508 35.0211029052734 35.0194549560547 35.0081672668457 34.9975509643555 34.9912071228027 34.9851150512695 34.9797210693359 34.974479675293 34.9694633483887 34.9661865234375 34.9645042419434 34.9621810913086
-9999 -9999 -9999 -9999 34.3480224609375 34.3854827880859 34.3500518798828 34.8837089538574 35.4329566955566 35.8138656616211 36.1637840270996 36.395092010498 36.5341949462891 36.490852355957 36.1838989257812 35.5727882385254 35.2446670532227 35.1108856201172 35.0402412414551 34.9939727783203 34.9795303344727 34.9706993103027 34.9682312011719 34.9662017822266 34.966682434082 34.9667930603027 34.9656982421875 34.9651184082031 34.9654426574707 34.9706878662109 34.9809989929199 34.9852256774902 34.9857444763184 34.9857177734375 34.9855041503906 34.9841804504395 34.9826698303223 34.9764671325684 34.9706382751465 34.9671974182129 34.9639282226562 34.9611396789551 34.9575881958008 34.9528503417969 34.9504432678223 34.9501686096191 34.9495239257812
-9999 -9999 -9999 -9999 34.4150085449219 34.4445343017578 34.4809913635254 35.0000038146973 35.5278739929199 35.861759185791 36.1758842468262 36.4143600463867 36.5000267028809 36.2833213806152 35.920166015625 35.3880386352539 35.1266784667969 35.0512657165527 35.0098724365234 34.981616973877 34.9676818847656 34.9562721252441 34.9551010131836 34.9543762207031 34.9554977416992 34.9565582275391 34.9574317932129 34.9581871032715 34.9587440490723 34.9617538452148 34.96728515625 34.9692420959473 34.9690208435059 34.9681091308594 34.9669647216797 34.965690612793 34.9643898010254 34.961498260498 34.9586601257324 34.9561729431152 34.9537811279297 34.95166015625 34.9497108459473 34.9480323791504 34.9471054077148 34.9468688964844 34.9465560913086
-9999 -9999 -9999 -9999 34.4445343017578 34.4886665344238 34.540470123291 35.017406463623 35.5066413879395 35.8457145690918 36.1651840209961 36.4096298217773 36.5074615478516 36.3151741027832 35.9366912841797 35.3433685302734 35.068546295166 35.0124588012695 34.98486328125 34.9682655334473 34.9580078125 34.9488716125488 34.9484062194824 34.9483299255371 34.9499359130859 34.9515609741211 34.9532585144043 34.9544410705566 34.9547271728516 34.9557456970215 34.9575233459473 34.9580001831055 34.9576835632324 34.956672668457 34.9554328918457 34.9543914794922 34.9533767700195 34.9522895812988 34.9511489868164 34.9496994018555 34.9482688903809 34.9468955993652 34.9459609985352 34.9457054138184 34.945499420166 34.9453315734863 34.9451789855957
-9999 -9999 -9999 -9999 34.4912223815918 34.540470123291 34.9369773864746 34.9606437683105 35.3983039855957 35.7817153930664 36.1373863220215 36.3868980407715 36.5460929870605 36.5265693664551 36.1634101867676 35.403751373291 35.0553092956543 34.9892692565918 34.9638710021973 34.9541664123535 34.9499664306641 34.9467353820801 34.946533203125 34.9466209411621 34.9485893249512 34.9504852294922 34.9521560668945 34.9530830383301 34.9527206420898 34.9519348144531 34.9507217407227 34.9503059387207 34.950382232666 34.9498710632324 34.9491577148438 34.9484825134277 34.9478149414062 34.9473991394043 34.9469947814941 34.9466361999512 34.9462280273438 34.9456634521484 34.9453010559082 34.9452514648438 34.9451866149902 34.9451141357422 34.944995880127
-9999 -9999 -9999 -9999 34.540470123291 34.9482192993164 35.1179809570312 35.2293853759766 35.2792053222656 35.7227363586426 36.1251029968262 36.3698959350586 36.5490493774414 36.5983200073242 36.2397956848145 35.4107398986816 35.0392265319824 34.9819259643555 34.959171295166 34.9497528076172 34.947193145752 34.9458503723145 34.9456596374512 34.9456520080566 34.9469108581543 34.948127746582 34.9491920471191 34.9497947692871 34.9495849609375 34.9488258361816 34.9474945068359 34.9470481872559 34.9471397399902 34.9468879699707 34.9465293884277 34.9460983276367 34.9456596374512 34.9455146789551 34.9453887939453 34.9453659057617 34.9452934265137 34.9450836181641 34.9449615478516 34.9449729919434 34.9449615478516 34.9449234008789 34.9448318481445
-9999 -9999 -9999 -9999 -9999 35.1743545532227 35.1974449157715 35.1639175415039 35.1554908752441 35.6659126281738 36.1194648742676 36.3553466796875 36.5367164611816 36.610221862793 36.2517509460449 35.3948440551758 35.0219230651855 34.9813766479492 34.9614524841309 34.9494857788086 34.9466857910156 34.9454956054688 34.9452209472656 34.9449996948242 34.9450950622559 34.9452171325684 34.9454307556152 34.945671081543 34.9459648132324 34.9460105895996 34.94580078125 34.945686340332 34.945629119873 34.9455490112305 34.9454612731934 34.9452209472656 34.9449615478516 34.9449157714844 34.9448738098145 34.9448585510254 34.9448356628418 34.9447784423828 34.9447555541992 34.9447746276855 34.9447708129883 34.9447441101074 34.9446754455566
-9999 -9999 -9999 -9999 -9999 35.2343597412109 35.207633972168 35.1990356445312 35.2306327819824 35.7133560180664 36.1425094604492 36.3666038513184 36.5398597717285 36.6125144958496 36.2518653869629 35.3912506103516 35.0186767578125 34.9812622070312 34.9623031616211 34.9504737854004 34.9471435546875 34.9453125 34.9449844360352 34.9447135925293 34.9446601867676 34.944652557373 34.9447822570801 34.9449081420898 34.9450225830078 34.9450759887695 34.9450607299805 34.9450263977051 34.9449768066406 34.9449501037598 34.9449348449707 34.9448165893555 34.9446830749512 34.9446716308594 34.9446601867676 34.9446487426758 34.944637298584 34.9446105957031 34.9446029663086 34.9446144104004 34.9446067810059 34.9445877075195 34.9445419311523
-9999 -9999 -9999 -9999 -9999 35.3148880004883 35.2979965209961 35.2599487304688 35.3469161987305 35.7823753356934 36.1714897155762 36.3832015991211 36.5462074279785 36.6128234863281 36.2495346069336 35.3902053833008 35.0183410644531 34.9812393188477 34.9628639221191 34.9517211914062 34.9478034973145 34.9451637268066 34.9447898864746 34.9445037841797 34.9445152282715 34.9445724487305 34.9447784423828 34.9448356628418 34.9446334838867 34.9445266723633 34.9445190429688 34.9445114135742 34.9445037841797 34.944507598877 34.9445152282715 34.9445037841797 34.9444885253906 34.9444999694824 34.944507598877 34.9445037841797 34.9444923400879 34.9444732666016 34.9444618225098 34.9444618225098 34.9444541931152 34.9444351196289 34.9444160461426
-9999 -9999 -9999 -9999 -9999 -9999 35.439037322998 35.4350051879883 35.4668846130371 35.8560180664062 36.2056999206543 36.4043655395508 36.5560874938965 36.614917755127 36.2539863586426 35.4087142944336 35.0372467041016 34.9911575317383 34.9683647155762 34.9545669555664 34.9490280151367 34.9449501037598 34.9446678161621 34.9445037841797 34.9446563720703 34.944881439209 34.9453430175781 34.9456100463867 34.9455337524414 34.945499420166 34.945499420166 34.945484161377 34.9454536437988 34.9454154968262 34.945369720459 34.9453315734863 34.9452896118164 34.9450149536133 34.9447479248047 34.9445457458496 34.944393157959 34.9443740844727 34.9443588256836 34.9443435668945 34.9443283081055 34.9443092346191 34.9444465637207
-9999 -9999 -9999 -9999 -9999 -9999 35.5841598510742 35.6221542358398 35.5887641906738 35.9316062927246 36.2416915893555 36.4264068603516 36.565746307373 36.615306854248 36.2562866210938 35.4258346557617 35.0552864074707 35.0005760192871 34.973560333252 34.9572372436523 34.9501800537109 34.9447555541992 34.9445686340332 34.9445419311523 34.9448585510254 34.9452629089355 34.9459419250488 34.9463996887207 34.946460723877 34.9465026855469 34.9465141296387 34.9464912414551 34.9464454650879 34.946361541748 34.9462699890137 34.9461975097656 34.9461250305176 34.9455833435059 34.945068359375 34.9446868896484 34.9444007873535 34.9443778991699 34.9443550109863 34.9443321228027 34.9443130493164 34.9443016052246 34.9445877075195
-9999 -9999 -9999 -9999 -9999 -9999 35.8027458190918 35.6953239440918 35.7292633056641 36.0257148742676 36.2941970825195 36.455623626709 36.571346282959 36.596622467041 36.2324066162109 35.418773651123 35.0549049377441 34.9999122619629 34.97314453125 34.957275390625 34.9502601623535 34.9448051452637 34.9447250366211 34.9448356628418 34.9455604553223 34.9462127685547 34.9466247558594 34.9469337463379 34.9470558166504 34.9471321105957 34.9471626281738 34.9471702575684 34.9471664428711 34.9471054077148 34.9470252990723 34.9469451904297 34.9468612670898 34.9464569091797 34.9460639953613 34.9457511901855 34.9455032348633 34.9454536437988 34.945426940918 34.945426940918 34.9454689025879 34.945556640625 34.9458045959473
-9999 -9999 -9999 -9999 -9999 36.3404388427734 36.0717124938965 36.0907592773438 35.8681030273438 36.1164360046387 36.3413619995117 36.4766960144043 36.5582427978516 36.5333671569824 36.1622467041016 35.3916206359863 35.0472869873047 34.9957046508789 34.9707679748535 34.9561195373535 34.9497528076172 34.9448509216309 34.9450607299805 34.9454498291016 34.9463882446289 34.9471473693848 34.9473304748535 34.9475059509277 34.9476699829102 34.9477691650391 34.9478034973145 34.9478340148926 34.9478530883789 34.947811126709 34.9477424621582 34.9476623535156 34.9475746154785 34.9472961425781 34.947021484375 34.9467697143555 34.9465637207031 34.9464950561523 34.9464569091797 34.9464645385742 34.946533203125 34.9466552734375 34.9468460083008
-9999 -9999 -9999 -9999 36.4912223815918 36.4100227355957 36.3404388427734 36.160327911377 36.0008697509766 36.1947441101074 36.368953704834 36.4678955078125 36.4765815734863 36.3066787719727 35.9224090576172 35.2907867431641 35.0131149291992 34.9785118103027 34.9612007141113 34.9505729675293 34.9471015930176 34.9448928833008 34.9460716247559 34.9472389221191 34.9476585388184 34.9480056762695 34.948112487793 34.9482231140137 34.9483451843262 34.9484176635742 34.9484367370605 34.9484329223633 34.948413848877 34.9483680725098 34.9483070373535 34.9482498168945 34.9481925964355 34.9480094909668 34.947826385498 34.947624206543 34.9474601745605 34.9474067687988 34.9473533630371 34.9473075866699 34.9472503662109 34.9471855163574 34.9472465515137
