Ecospace-environmental-drivers/Outputs/ASCII-for-ecospace/MOM6-ISIMIP3a/so-bot/1996-12_so-bot_MOM6-ISIMIP3a.asc
NCOLS 131 
NROWS 53 
XLLCORNER -98 
YLLCORNER 23.9265270233154 
CELLSIZE 0.133587792515755 
NODATA_value -9999 
[rows 21 to 41 of 53, columns 0 to 46 of 131]
-9999 -9999 -9999 -9999 -9999 -9999 35.6133689880371 35.6007881164551 35.5675468444824 35.5120277404785 35.4373741149902 35.3094863891602 35.3033828735352 35.2851982116699 35.2811698913574 35.2934799194336 35.3428764343262 35.4177436828613 35.5100059509277 35.6089820861816 35.6903800964355 35.7686767578125 35.7902374267578 35.8078422546387 35.8028144836426 35.800609588623 35.8075714111328 35.812427520752 35.8136024475098 35.8169975280762 35.8226776123047 35.816276550293 35.8025207519531 35.7805671691895 35.7558860778809 35.7332534790039 35.7108917236328 35.6867218017578 35.664363861084 35.6535224914551 35.644832611084 35.6421356201172 35.7004776000977 35.8531494140625 35.9295387268066 35.9359169006348 35.949333190918
-9999 -9999 -9999 -9999 -9999 -9999 35.6156730651855 35.6133689880371 35.5882034301758 35.5565910339355 35.5120277404785 35.4906120300293 35.4870529174805 35.5188255310059 35.5524597167969 35.588249206543 35.6431198120117 35.7111053466797 35.7815818786621 35.85302734375 35.911060333252 35.9667282104492 35.9824829101562 35.9962539672852 36.0007781982422 36.0036430358887 36.001148223877 36.001766204834 36.0078086853027 36.0092506408691 36.0059471130371 35.9930267333984 35.9742431640625 35.958381652832 35.9435005187988 36.0266189575195 36.1225166320801 36.1119384765625 36.1024971008301 36.1002807617188 36.0978393554688 36.094783782959 36.1227073669434 36.1985092163086 36.2339096069336 36.2322196960449 36.236499786377
-9999 -9999 -9999 -9999 35.5364952087402 35.5926513671875 35.6173248291016 35.6163215637207 35.6133689880371 35.5630416870117 35.5379257202148 35.6093330383301 35.683177947998 35.7618522644043 35.8298645019531 35.8855743408203 35.9420013427734 35.9989242553711 36.0452156066895 36.0874061584473 36.1268043518066 36.165714263916 36.169261932373 36.1731758117676 36.186637878418 36.1942825317383 36.1830711364746 36.1812591552734 36.1958503723145 36.1987838745117 36.1897201538086 36.172248840332 36.1496543884277 36.1413230895996 36.1377487182617 36.3238906860352 36.5347518920898 36.5377807617188 36.5407752990723 36.5435447692871 36.5430793762207 36.5336074829102 36.5242919921875 36.5152206420898 36.5054969787598 36.4951667785645 36.4899063110352
-9999 -9999 -9999 -9999 35.4073829650879 35.5286140441895 35.5679779052734 35.6173248291016 35.6182708740234 35.6303291320801 35.6628913879395 35.7739295959473 35.8829345703125 35.9879150390625 36.0702819824219 36.1265602111816 36.1674041748047 36.1976509094238 36.2149276733398 36.2271957397461 36.3457450866699 36.4830513000488 36.3878631591797 36.2995567321777 36.3110542297363 36.3193702697754 36.3173789978027 36.336009979248 36.3906288146973 36.4315376281738 36.4583396911621 36.4606590270996 36.4480628967285 36.4431571960449 36.4408149719238 36.5252342224121 36.6207962036133 36.5980911254883 36.5695686340332 36.5040054321289 36.4275932312012 36.3209686279297 36.2540702819824 36.2485618591309 36.2433738708496 36.2384834289551 36.2335510253906
-9999 -9999 -9999 -9999 -9999 35.4073829650879 35.5217781066895 35.518627166748 35.6322326660156 35.7048454284668 35.7926826477051 35.938793182373 36.0811004638672 36.2158737182617 36.304386138916 36.3395195007324 36.3269004821777 36.2814865112305 36.2462272644043 36.2148895263672 36.3755569458008 36.5701065063477 36.4119911193848 36.2648658752441 36.2736511230469 36.2814102172852 36.2858238220215 36.3170318603516 36.3950004577637 36.4600982666016 36.5119590759277 36.5315742492676 36.5315437316895 36.5305328369141 36.5291976928711 36.5303993225098 36.5316429138184 36.4898414611816 36.4386672973633 36.3278007507324 36.2018051147461 36.0337066650391 35.9307174682617 35.9283561706543 35.9269371032715 35.9263801574707 35.9217300415039
-9999 -9999 -9999 -9999 -9999 35.4173622131348 35.4073829650879 35.5437812805176 35.6859130859375 35.8110504150391 35.9436492919922 36.1048202514648 36.2722702026367 36.4521598815918 36.5108108520508 36.4295806884766 36.1974029541016 35.8615646362305 35.6706428527832 35.5356826782227 35.5760917663574 35.6474456787109 35.583423614502 35.5239105224609 35.5267219543457 35.5285148620605 35.5270042419434 35.5363082885742 35.5644721984863 35.5933151245117 35.6228561401367 35.6488304138184 35.6726303100586 35.6775894165039 35.6762657165527 35.6753692626953 35.6743125915527 35.6425132751465 35.6075401306152 35.5523338317871 35.4923858642578 35.4192276000977 35.3744049072266 35.3733711242676 35.3723297119141 35.3712768554688 35.3667030334473
-9999 -9999 35.4445495605469 35.4401206970215 35.4339637756348 35.4273529052734 35.417350769043 35.5903167724609 35.7713470458984 35.9340400695801 36.095947265625 36.2548561096191 36.4253196716309 36.6186485290527 36.608470916748 36.3634757995605 35.9808349609375 35.5036659240723 35.2398338317871 35.0583724975586 35.0206604003906 35.0083122253418 35.0082473754883 35.0083236694336 35.0073051452637 35.0053482055664 35.0003356933594 34.9954071044922 34.9906234741211 34.9950141906738 35.008846282959 35.0349731445312 35.0685882568359 35.0759315490723 35.074520111084 35.0722618103027 35.0697441101074 35.0476379394531 35.0265617370605 35.0120544433594 34.9994201660156 34.9920043945312 34.9872016906738 34.9864349365234 34.9854431152344 34.984245300293 34.9803466796875
-9999.000000000000000 -9999 -9999 -9999 35.4590492248535 35.4405746459961 35.4466667175293 35.6834945678711 35.9260711669922 36.0936508178711 36.2511367797852 36.3700065612793 36.4951858520508 36.6328620910645 36.4688186645508 35.9566459655762 35.5742950439453 35.2810974121094 35.1248893737793 35.0215797424316 34.997673034668 34.9877853393555 34.9859504699707 34.9844551086426 34.9842987060547 34.9834175109863 34.9801826477051 34.9777793884277 34.9768218994141 34.9825134277344 34.9950408935547 35.0077781677246 35.0206413269043 35.0225563049316 35.0208168029785 35.018798828125 35.0166625976562 35.0035667419434 34.9913711547852 34.9849090576172 34.9787330627441 34.9733543395996 34.9689788818359 34.9661560058594 34.9645042419434 34.9639282226562 34.9620170593262
-9999 -9999 -9999 -9999 35.4955825805664 35.5092163085938 35.4925727844238 35.7655868530273 36.0442924499512 36.2109489440918 36.3641815185547 36.4660339355469 36.5375289916992 36.5489501953125 36.263053894043 35.6340980529785 35.2843933105469 35.1264686584473 35.0462036132812 34.995922088623 34.9800453186035 34.9702377319336 34.967945098877 34.9661026000977 34.9666175842285 34.9667053222656 34.965404510498 34.9649658203125 34.9660224914551 34.9714202880859 34.9812927246094 34.9855766296387 34.986457824707 34.9852294921875 34.9832992553711 34.981689453125 34.9800834655762 34.973518371582 34.9675674438477 34.9655303955078 34.9630317687988 34.9592514038086 34.955738067627 34.95263671875 34.9510650634766 34.9508972167969 34.9502563476562
-9999 -9999 -9999 -9999 35.5230865478516 35.5369567871094 35.5540809631348 35.8337326049805 36.1165924072266 36.275016784668 36.424201965332 36.5380096435547 36.5452423095703 36.3415985107422 35.9741134643555 35.4175872802734 35.141242980957 35.0573120117188 35.0131225585938 34.9842834472656 34.9691505432129 34.9564361572266 34.9553375244141 34.9546852111816 34.955638885498 34.9565620422363 34.9573936462402 34.9582099914551 34.9590034484863 34.9621124267578 34.9676055908203 34.9696464538574 34.9695816040039 34.9680976867676 34.9661407470703 34.9651489257812 34.9642715454102 34.9611129760742 34.9580879211426 34.9559173583984 34.9535942077637 34.9508666992188 34.9487686157227 34.9476356506348 34.9470710754395 34.9470291137695 34.9467544555664
-9999 -9999 -9999 -9999 35.5369567871094 35.5576858520508 35.5820236206055 35.8638458251953 36.1494483947754 36.3054466247559 36.4517707824707 36.5610656738281 36.5713195800781 36.3855934143066 35.9938468933105 35.3643836975098 35.0737380981445 35.0157661437988 34.9875144958496 34.9707336425781 34.9594917297363 34.9492263793945 34.9488258361816 34.9488143920898 34.9502143859863 34.9516677856445 34.9533004760742 34.9544448852539 34.9547386169434 34.9558525085449 34.9578056335449 34.9583320617676 34.9579925537109 34.9568214416504 34.955379486084 34.9546203613281 34.9539527893066 34.9527053833008 34.9514122009277 34.9498558044434 34.9482650756836 34.9465789794922 34.9454803466797 34.9452781677246 34.9451904296875 34.9452056884766 34.9451179504395
-9999 -9999 -9999 -9999 35.5588874816895 35.5820236206055 35.858024597168 35.8654327392578 36.1527290344238 36.3106460571289 36.4550018310547 36.5474395751953 36.6111717224121 36.6180992126465 36.2450828552246 35.4336700439453 35.0629692077637 34.994930267334 34.9675025939941 34.9557571411133 34.9507637023926 34.946964263916 34.946891784668 34.9470977783203 34.9489555358887 34.9507141113281 34.9521522521973 34.9529266357422 34.9525489807129 34.9518814086914 34.9509162902832 34.9504814147949 34.950366973877 34.9499397277832 34.9494094848633 34.948600769043 34.94775390625 34.9472885131836 34.946834564209 34.9464569091797 34.9460105895996 34.9453659057617 34.944953918457 34.9449043273926 34.944896697998 34.9449234008789 34.9448852539062
-9999 -9999 -9999 -9999 35.5820236206055 35.8950958251953 36.0314331054688 36.1207962036133 36.1365928649902 36.3006057739258 36.4501533508301 36.5443458557129 36.6299858093262 36.6986999511719 36.3248329162598 35.4402885437012 35.0459365844727 34.988224029541 34.9633026123047 34.951042175293 34.9477691650391 34.9460792541504 34.9459571838379 34.9460029602051 34.9472045898438 34.9483299255371 34.9492263793945 34.9497184753418 34.9494895935059 34.948787689209 34.9475936889648 34.9471244812012 34.947093963623 34.9469528198242 34.94677734375 34.9461784362793 34.9455223083496 34.9453506469727 34.9452018737793 34.9451713562012 34.9450874328613 34.9448547363281 34.9447135925293 34.9447174072266 34.9447288513184 34.9447479248047 34.9447250366211
-9999 -9999 -9999 -9999 -9999 36.0807495117188 36.1088981628418 36.1080703735352 36.1121406555176 36.2840309143066 36.4418411254883 36.5457725524902 36.6397895812988 36.7141990661621 36.3310813903809 35.420051574707 35.0262222290039 34.9875755310059 34.965877532959 34.9507255554199 34.9472312927246 34.9457931518555 34.9454536437988 34.9451751708984 34.9452362060547 34.9453315734863 34.9455451965332 34.9457817077637 34.9460639953613 34.9460716247559 34.9457969665527 34.9456901550293 34.9456825256348 34.9456367492676 34.9455757141113 34.9452972412109 34.9449882507324 34.9449043273926 34.94482421875 34.9447860717773 34.9447364807129 34.9446487426758 34.9445991516113 34.9446067810059 34.9446144104004 34.9446182250977 34.9445953369141
-9999 -9999 -9999 -9999 -9999 36.1141815185547 36.1019172668457 36.0978317260742 36.1110572814941 36.2820701599121 36.4403839111328 36.5500907897949 36.6467514038086 36.7175903320312 36.330738067627 35.415771484375 35.0224075317383 34.9872436523438 34.9671859741211 34.952953338623 34.9484519958496 34.9456672668457 34.9451866149902 34.9447937011719 34.9447135925293 34.9446983337402 34.9448890686035 34.9450416564941 34.9451179504395 34.9451293945312 34.945068359375 34.9450531005859 34.9450645446777 34.9450531005859 34.9450340270996 34.9449119567871 34.9447708129883 34.9447326660156 34.9446907043457 34.944652557373 34.9446105957031 34.9445648193359 34.9445381164551 34.9445381164551 34.9445343017578 34.9445343017578 34.9445114135742
-9999 -9999 -9999 -9999 -9999 36.1504516601562 36.1317253112793 36.0998458862305 36.1148109436035 36.2831344604492 36.4403419494629 36.5550079345703 36.6531257629395 36.7184829711914 36.329029083252 35.414794921875 35.0218811035156 34.9869842529297 34.9682273864746 34.9557075500488 34.9500389099121 34.9455757141113 34.9449729919434 34.9445037841797 34.9444885253906 34.9445495605469 34.9448623657227 34.9449615478516 34.9446868896484 34.9445495605469 34.9445610046387 34.9445838928223 34.9446067810059 34.9446220397949 34.9446296691895 34.9446258544922 34.9446220397949 34.9446144104004 34.9446067810059 34.9445648193359 34.9445304870605 34.944507598877 34.9444885253906 34.9444770812988 34.944465637207 34.9444541931152 34.9444389343262
-9999 -9999 -9999 -9999 -9999 -9999 36.2177124023438 36.1975021362305 36.2092514038086 36.3452110290527 36.474178314209 36.5763816833496 36.663501739502 36.7207679748535 36.3347320556641 35.4371910095215 35.0438423156738 34.9967498779297 34.9737205505371 34.9599914550781 34.9520492553711 34.9451293945312 34.9446830749512 34.9444313049316 34.9446182250977 34.944896697998 34.9454689025879 34.9457778930664 34.9456329345703 34.9455451965332 34.9455108642578 34.9454879760742 34.9454727172852 34.9454536437988 34.9454345703125 34.9453887939453 34.9453353881836 34.9450721740723 34.94482421875 34.9446487426758 34.9445114135742 34.9444847106934 34.9444580078125 34.9444274902344 34.9443969726562 34.9443702697754 34.9445152282715
-9999 -9999 -9999 -9999 -9999 -9999 36.3247566223145 36.3557929992676 36.3100547790527 36.4118919372559 36.5109672546387 36.5994873046875 36.6745338439941 36.7229232788086 36.3397331237793 35.458568572998 35.0649452209473 35.0061378479004 34.9790000915527 34.9640922546387 34.9539794921875 34.944709777832 34.9444351196289 34.944408416748 34.9448165893555 34.9453163146973 34.9460983276367 34.9465942382812 34.946590423584 34.9465522766113 34.9464797973633 34.9464149475098 34.946361541748 34.9463119506836 34.9462661743164 34.9461784362793 34.9460792541504 34.9455833435059 34.9451141357422 34.9448165893555 34.9445915222168 34.9445610046387 34.9445266723633 34.9444808959961 34.9444427490234 34.944408416748 34.9446983337402
-9999 -9999 -9999 -9999 -9999 -9999 36.4610366821289 36.420970916748 36.4354133605957 36.4985084533691 36.5630569458008 36.6331787109375 36.6906204223633 36.7229690551758 36.3336906433105 35.4579238891602 35.0661354064941 35.006721496582 34.979850769043 34.9655532836914 34.9548377990723 34.9447555541992 34.9446258544922 34.9447937011719 34.9455986022949 34.9463119506836 34.9467239379883 34.9469947814941 34.9470176696777 34.9469985961914 34.9469375610352 34.9469108581543 34.9468994140625 34.9468688964844 34.9468307495117 34.9467582702637 34.9466781616211 34.9463577270508 34.9460525512695 34.9458465576172 34.945686340332 34.9456520080566 34.9456329345703 34.9456405639648 34.945686340332 34.9457702636719 34.945987701416
-9999 -9999 -9999 -9999 -9999 36.6717071533203 36.5832176208496 36.6063461303711 36.5453796386719 36.5763053894043 36.611873626709 36.665225982666 36.694896697998 36.6777114868164 36.2774391174316 35.4351577758789 35.0590171813965 35.0029983520508 34.9778518676758 34.9646263122559 34.9544448852539 34.9448051452637 34.9450149536133 34.9455070495605 34.9465026855469 34.9472923278809 34.9474105834961 34.9475021362305 34.9475364685059 34.9475288391113 34.9474754333496 34.9474563598633 34.9474601745605 34.9474296569824 34.9473876953125 34.947322845459 34.9472541809082 34.9470863342285 34.9469223022461 34.9467926025391 34.9466896057129 34.9466552734375 34.9466438293457 34.9466743469238 34.9467582702637 34.946891784668 34.9470291137695
-9999 -9999 -9999 -9999 36.7139205932617 36.6876220703125 36.6717071533203 36.633846282959 36.5989151000977 36.6217575073242 36.648681640625 36.6912384033203 36.6558685302734 36.4663200378418 36.0370788574219 35.3312721252441 35.0214233398438 34.9835014343262 34.9654006958008 34.9549522399902 34.949462890625 34.9448509216309 34.9461288452148 34.9474334716797 34.9478645324707 34.9482192993164 34.9483184814453 34.9483871459961 34.9484062194824 34.9483795166016 34.9483032226562 34.9482116699219 34.948112487793 34.9480094909668 34.9479103088379 34.947826385498 34.9477462768555 34.9476432800293 34.9475402832031 34.9474449157715 34.9473648071289 34.9473304748535 34.9472885131836 34.9472312927246 34.9471855163574 34.9471435546875 34.9471664428711
