Ecospace-environmental-drivers/Outputs/ASCII-for-ecospace/MOM6-ISIMIP3a/so-bot/1996-04_so-bot_MOM6-ISIMIP3a.asc
NCOLS 131 
NROWS 53 
XLLCORNER -98 
YLLCORNER 23.9265270233154 
CELLSIZE 0.133587792515755 
NODATA_value -9999 
[rows 21 to 41 of 53, columns 47 to 93 of 131]
36.436450958252 36.4540901184082 36.4686660766602 36.4773597717285 36.4857215881348 36.5012588500977 36.5164642333984 36.5299758911133 36.5435981750488 36.5574836730957 36.5711402893066 36.5844841003418 36.5914573669434 36.5932159423828 36.3862075805664 36.0803031921387 35.6129722595215 35.1070709228516 35.0591430664062 35.0423851013184 35.0214347839355 34.998908996582 34.9697723388672 34.9491310119629 34.9464111328125 34.9448699951172 34.9447593688965 34.9447021484375 34.9446792602539 34.9446716308594 34.9446678161621 34.944709777832 34.9447593688965 34.945987701416 34.9475479125977 34.9519233703613 34.9650230407715 35.0087814331055 35.0510902404785 35.0907173156738 35.1367721557617 35.1898384094238 35.2727890014648 35.3750762939453 35.5069046020508 35.6493453979492 35.912971496582
36.5319747924805 36.5409736633301 36.5479621887207 36.5502662658691 36.552360534668 36.5616455078125 36.5694313049316 36.5696220397949 36.5734176635742 36.5859222412109 36.539005279541 36.4105072021484 36.2917098999023 36.1808547973633 35.952091217041 35.66748046875 35.3696594238281 35.0686836242676 35.0214004516602 34.9930458068848 34.9865264892578 34.977783203125 34.9597206115723 34.9470062255859 34.9455642700195 34.9447441101074 34.9446830749512 34.9446640014648 34.9446716308594 34.9446754455566 34.9446792602539 34.9446868896484 34.9446907043457 34.9447708129883 34.944995880127 34.9465942382812 34.9525871276855 34.9740409851074 34.9949111938477 35.0147018432617 35.0437469482422 35.0828666687012 35.1375961303711 35.2024230957031 35.2982864379883 35.4053001403809 35.6433258056641
36.6091346740723 36.6040382385254 36.5961837768555 36.5917854309082 36.5877799987793 36.584774017334 36.580135345459 36.567211151123 36.559757232666 36.5655097961426 36.4582824707031 36.1959571838379 35.9583129882812 35.7408714294434 35.4966583251953 35.2397689819336 35.1277236938477 35.0502891540527 35.0060043334961 34.9666442871094 34.9658393859863 34.9632186889648 34.9529991149902 34.9458236694336 34.9450759887695 34.9446487426758 34.9446182250977 34.9446258544922 34.9446640014648 34.9446830749512 34.9446907043457 34.944694519043 34.9446983337402 34.9447364807129 34.9447746276855 34.944766998291 34.9447631835938 34.9447555541992 34.9454574584961 34.9474792480469 34.9613647460938 34.988166809082 35.0156631469727 35.0436019897461 35.102481842041 35.1724739074707 35.3716125488281
36.3753471374512 36.2680778503418 36.1266059875488 36.1178932189941 36.1188049316406 36.0126419067383 35.923454284668 35.9206352233887 35.8935317993164 35.8077850341797 35.7081069946289 35.589298248291 35.4822807312012 35.3849182128906 35.2596015930176 35.1210441589355 35.0571937561035 35.0111923217773 34.9842491149902 34.9601249694824 34.9579925537109 34.9552268981934 34.9498100280762 34.9458808898926 34.9450874328613 34.9446334838867 34.9445953369141 34.9446144104004 34.9446678161621 34.9446983337402 34.9447174072266 34.9447479248047 34.9447822570801 34.9447975158691 34.9448127746582 34.9448013305664 34.9447898864746 34.9447784423828 34.9450874328613 34.9459915161133 34.952220916748 34.9642486572266 34.9765510559082 34.9890365600586 35.0267333984375 35.0734825134277 35.2102279663086
36.0657958984375 35.8936958312988 35.6677894592285 35.6561851501465 35.660026550293 35.4885940551758 35.3461532592773 35.351203918457 35.3125038146973 35.168155670166 35.0838623046875 35.0820274353027 35.0812683105469 35.0813865661621 35.0553131103516 35.0168380737305 34.9944686889648 34.9759521484375 34.9644012451172 34.9538536071777 34.9509391784668 34.9483261108398 34.9469680786133 34.9458045959473 34.9450531005859 34.9446220397949 34.944580078125 34.9446029663086 34.9446754455566 34.9447135925293 34.9447402954102 34.9447937011719 34.9448509216309 34.9448509216309 34.9448471069336 34.9448280334473 34.9448127746582 34.9448013305664 34.9447898864746 34.9447822570801 34.9447784423828 34.9447746276855 34.9447174072266 34.9446258544922 34.9630393981934 34.9881057739258 35.0661773681641
35.4240455627441 35.3508682250977 35.2561492919922 35.2478981018066 35.2459564208984 35.1753807067871 35.1169128417969 35.1200294494629 35.1050338745117 35.046314239502 35.0118103027344 35.010555267334 35.0091857910156 35.0077171325684 34.9947319030762 34.9762954711914 34.9659805297852 34.9576110839844 34.9529113769531 34.9486656188965 34.9473609924316 34.9462013244629 34.945629119873 34.9451370239258 34.9448089599609 34.9446105957031 34.9445762634277 34.9446105957031 34.944694519043 34.9447402954102 34.9447746276855 34.9448204040527 34.9448699951172 34.9448699951172 34.9448623657227 34.9448432922363 34.9448280334473 34.9448165893555 34.9448127746582 34.9448127746582 34.9448127746582 34.9448165893555 34.9447860717773 34.9447364807129 34.9522247314453 34.9624176025391 34.9981307983398
34.9780693054199 34.9735336303711 34.9694938659668 34.9645118713379 34.9595756530762 34.9584732055664 34.9577713012695 34.9591178894043 34.9600791931152 34.9601249694824 34.9598693847656 34.9592094421387 34.9575881958008 34.9551811218262 34.9517555236816 34.9478416442871 34.9461402893066 34.9449653625488 34.9449615478516 34.9450263977051 34.9448623657227 34.9447250366211 34.944694519043 34.9446678161621 34.9446449279785 34.9446220397949 34.9446029663086 34.9446411132812 34.9447212219238 34.9447708129883 34.9448127746582 34.9448471069336 34.9448852539062 34.944881439209 34.9448738098145 34.9448547363281 34.9448394775391 34.9448318481445 34.9448318481445 34.9448394775391 34.9448471069336 34.9448547363281 34.9448471069336 34.94482421875 34.9448127746582 34.9448089599609 34.9504356384277
34.9592323303223 34.957275390625 34.9555358886719 34.9536399841309 34.9517936706543 34.9516792297363 34.9515762329102 34.9515075683594 34.9515151977539 34.9517211914062 34.9518203735352 34.9517707824707 34.9506874084473 34.9487609863281 34.9471817016602 34.9457664489746 34.9451599121094 34.9447479248047 34.944751739502 34.9447746276855 34.9447135925293 34.9446640014648 34.9446449279785 34.944637298584 34.9446601867676 34.9446792602539 34.9446868896484 34.9447174072266 34.944766998291 34.9448165893555 34.9448623657227 34.9448776245117 34.9448928833008 34.9448852539062 34.9448738098145 34.9448585510254 34.9448471069336 34.9448471069336 34.9448509216309 34.9448623657227 34.9448776245117 34.9448928833008 34.944881439209 34.9448547363281 34.9448394775391 34.9448280334473 34.9471435546875
34.9478530883789 34.9474411010742 34.9470825195312 34.9469680786133 34.9468955993652 34.9472541809082 34.9474449157715 34.9467620849609 34.9463348388672 34.9465141296387 34.946704864502 34.9469108581543 34.9463157653809 34.945068359375 34.9446563720703 34.944637298584 34.9446411132812 34.9446487426758 34.9446487426758 34.9446487426758 34.9446449279785 34.9446411132812 34.9446296691895 34.944637298584 34.9446830749512 34.9447174072266 34.9447402954102 34.9447708129883 34.9448051452637 34.9448471069336 34.9448928833008 34.9449005126953 34.9449005126953 34.9448890686035 34.9448776245117 34.9448699951172 34.9448623657227 34.9448699951172 34.9448776245117 34.944896697998 34.9449119567871 34.9449310302734 34.9449272155762 34.9449043273926 34.9448852539062 34.9448661804199 34.9452323913574
34.9458503723145 34.945686340332 34.9455528259277 34.9455833435059 34.945629119873 34.9458045959473 34.9459037780762 34.945629119873 34.9454116821289 34.9453201293945 34.9452781677246 34.9452934265137 34.9451217651367 34.9448013305664 34.9447021484375 34.9447059631348 34.9447021484375 34.9446983337402 34.9446907043457 34.9446792602539 34.9446754455566 34.9446678161621 34.9446640014648 34.9446716308594 34.9447059631348 34.9447364807129 34.9447631835938 34.9447937011719 34.94482421875 34.9448623657227 34.9449005126953 34.9449081420898 34.9449043273926 34.944896697998 34.9448852539062 34.9448852539062 34.9448890686035 34.9449043273926 34.9449195861816 34.9449348449707 34.944953918457 34.9449768066406 34.9449768066406 34.9449691772461 34.944953918457 34.9449348449707 34.9450569152832
34.9449157714844 34.9448585510254 34.9448204040527 34.9448852539062 34.9449577331543 34.9450073242188 34.9450340270996 34.9449577331543 34.9448585510254 34.944709777832 34.9446258544922 34.944637298584 34.9446754455566 34.9447326660156 34.944766998291 34.9447860717773 34.9447784423828 34.9447631835938 34.9447479248047 34.9447326660156 34.9447135925293 34.9447021484375 34.9446983337402 34.9447059631348 34.9447250366211 34.9447479248047 34.9447784423828 34.9448089599609 34.9448356628418 34.9448738098145 34.9449119567871 34.9449157714844 34.9449157714844 34.9449081420898 34.9449043273926 34.9449195861816 34.9449348449707 34.9449615478516 34.9449844360352 34.9449996948242 34.9450187683105 34.9450378417969 34.9450454711914 34.9450454711914 34.9450340270996 34.9450149536133 34.9450302124023
34.9447822570801 34.9447250366211 34.9446830749512 34.9447021484375 34.9447288513184 34.9446983337402 34.9446678161621 34.9446334838867 34.9445915222168 34.9445343017578 34.9445610046387 34.9447059631348 34.9447860717773 34.9448127746582 34.9448432922363 34.9448738098145 34.9448623657227 34.9448394775391 34.9448165893555 34.9447975158691 34.944766998291 34.9447402954102 34.9447326660156 34.9447326660156 34.9447402954102 34.9447593688965 34.9447860717773 34.9448127746582 34.9448432922363 34.944881439209 34.9449272155762 34.9449310302734 34.9449234008789 34.9449272155762 34.9449348449707 34.9449615478516 34.944995880127 34.9450378417969 34.9450721740723 34.9450836181641 34.9450988769531 34.9451141357422 34.9451217651367 34.9451293945312 34.9451179504395 34.9451026916504 34.9451179504395
34.9446792602539 34.9446449279785 34.9446144104004 34.9446105957031 34.9446067810059 34.9445533752441 34.9445304870605 34.9446640014648 34.9447479248047 34.9447135925293 34.9448432922363 34.9451942443848 34.9453277587891 34.9452857971191 34.9452476501465 34.9452171325684 34.9451484680176 34.9450721740723 34.9450225830078 34.9449691772461 34.9448699951172 34.9447898864746 34.9447784423828 34.9447746276855 34.9447746276855 34.9447860717773 34.9448127746582 34.9448356628418 34.9448585510254 34.944896697998 34.9449462890625 34.9449501037598 34.9449424743652 34.9449501037598 34.9449653625488 34.9450073242188 34.9450531005859 34.9451065063477 34.9451484680176 34.9451713562012 34.9451866149902 34.945198059082 34.9452056884766 34.9452095031738 34.945198059082 34.9451866149902 34.9451866149902
34.9445953369141 34.9445838928223 34.9445762634277 34.9445571899414 34.9445381164551 34.9444808959961 34.9444961547852 34.9448471069336 34.9450874328613 34.9450454711914 34.9452705383301 34.9458618164062 34.9460563659668 34.9459228515625 34.9457931518555 34.945671081543 34.9455261230469 34.9453773498535 34.9452857971191 34.9451904296875 34.9449996948242 34.9448432922363 34.9448318481445 34.94482421875 34.9448204040527 34.94482421875 34.9448432922363 34.9448585510254 34.9448776245117 34.9449195861816 34.9449691772461 34.9449691772461 34.9449615478516 34.9449768066406 34.9449996948242 34.9450492858887 34.9451065063477 34.9451713562012 34.9452247619629 34.945255279541 34.9452781677246 34.9452896118164 34.9452896118164 34.9452857971191 34.9452743530273 34.9452629089355 34.9452514648438
34.9445648193359 34.9445457458496 34.9445266723633 34.9444923400879 34.9444541931152 34.944393157959 34.9444808959961 34.9453353881836 34.9459190368652 34.9458541870117 34.9459457397461 34.9462509155273 34.9463081359863 34.9461555480957 34.9460182189941 34.9458808898926 34.9457244873047 34.9455680847168 34.9454345703125 34.9453048706055 34.945125579834 34.9449806213379 34.944953918457 34.9449348449707 34.9449310302734 34.9449348449707 34.9449462890625 34.944953918457 34.9449615478516 34.9449882507324 34.9450302124023 34.9450263977051 34.9450187683105 34.9450340270996 34.9450531005859 34.9450912475586 34.9451332092285 34.9451942443848 34.9452438354492 34.9452819824219 34.9453125 34.9453353881836 34.9453392028809 34.9453353881836 34.9453277587891 34.9453163146973 34.9453010559082
34.9445457458496 34.9445152282715 34.9444770812988 34.9444236755371 34.9443664550781 34.9442977905273 34.9444732666016 34.9458847045898 34.9468574523926 34.9467620849609 34.9466667175293 34.9465827941895 34.946460723877 34.9463081359863 34.9461708068848 34.9460411071777 34.9458885192871 34.9457359313965 34.9455642700195 34.9453964233398 34.945255279541 34.9451332092285 34.9450912475586 34.9450607299805 34.9450607299805 34.9450607299805 34.9450607299805 34.9450607299805 34.9450569152832 34.9450721740723 34.9450950622559 34.9450912475586 34.9450836181641 34.9450950622559 34.9451103210449 34.9451293945312 34.9451599121094 34.9452095031738 34.945255279541 34.9453010559082 34.9453392028809 34.945369720459 34.945384979248 34.9453811645508 34.9453735351562 34.9453620910645 34.9453506469727
34.9448890686035 34.9449501037598 34.944953918457 34.9449043273926 34.9448623657227 34.9453468322754 34.9458808898926 34.9466743469238 34.9472198486328 34.9471702575684 34.9470443725586 34.9468193054199 34.9466361999512 34.9464874267578 34.9463386535645 34.9461898803711 34.9460334777832 34.9458770751953 34.9457015991211 34.9455261230469 34.9454078674316 34.9453086853027 34.9452896118164 34.9452743530273 34.945255279541 34.945240020752 34.9452285766602 34.9452209472656 34.9452171325684 34.9452285766602 34.9452438354492 34.945240020752 34.9452323913574 34.9452362060547 34.945240020752 34.9452438354492 34.9452514648438 34.9452781677246 34.9453010559082 34.9453239440918 34.9453468322754 34.945369720459 34.9453887939453 34.9454078674316 34.9454040527344 34.9453964233398 34.9453887939453
34.9452857971191 34.9454383850098 34.9454956054688 34.9454536437988 34.9454383850098 34.9464111328125 34.9472503662109 34.9474258422852 34.9475479125977 34.9475440979004 34.9474067687988 34.947078704834 34.9468383789062 34.9466705322266 34.9465026855469 34.9463348388672 34.946174621582 34.9460220336914 34.9458389282227 34.9456634521484 34.9455642700195 34.9454879760742 34.9454956054688 34.9454879760742 34.9454536437988 34.945426940918 34.9454002380371 34.945384979248 34.9453773498535 34.945384979248 34.9453926086426 34.9453887939453 34.9453811645508 34.9453773498535 34.945369720459 34.9453582763672 34.9453506469727 34.9453506469727 34.9453468322754 34.9453468322754 34.9453544616699 34.9453735351562 34.9453964233398 34.945426940918 34.9454345703125 34.9454307556152 34.945426940918
34.9460945129395 34.9462966918945 34.9464569091797 34.9465103149414 34.9465675354004 34.9471130371094 34.9475860595703 34.947681427002 34.9477653503418 34.9478187561035 34.9477806091309 34.9476089477539 34.9472961425781 34.9468612670898 34.946605682373 34.9464340209961 34.9462966918945 34.9461669921875 34.9460105895996 34.945858001709 34.9457778930664 34.9457168579102 34.9457244873047 34.9457206726074 34.9456977844238 34.9456672668457 34.9456214904785 34.9455871582031 34.9455604553223 34.9455413818359 34.9455299377441 34.9455070495605 34.9454879760742 34.9454689025879 34.9454498291016 34.9454383850098 34.945426940918 34.9454231262207 34.9454116821289 34.9453926086426 34.9453887939453 34.9453926086426 34.9454154968262 34.9454460144043 34.9454498291016 34.9454498291016 34.9454460144043
34.94677734375 34.9470329284668 34.9472885131836 34.9474143981934 34.9475288391113 34.9477195739746 34.9478874206543 34.9479217529297 34.9479713439941 34.9480628967285 34.9480934143066 34.9480438232422 34.9477005004883 34.9471206665039 34.9468193054199 34.946647644043 34.9465293884277 34.9464263916016 34.9462890625 34.9461555480957 34.9460754394531 34.9460067749023 34.9459953308105 34.9459800720215 34.9459495544434 34.9459037780762 34.9458351135254 34.9457740783691 34.9457206726074 34.9456787109375 34.9456405639648 34.9456062316895 34.9455718994141 34.9455375671387 34.9455070495605 34.9454956054688 34.945484161377 34.9454803466797 34.9454650878906 34.9454345703125 34.9454193115234 34.9454154968262 34.9454307556152 34.9454612731934 34.9454650878906 34.9454650878906 34.9454574584961
34.9470138549805 34.9473037719727 34.9476470947266 34.9477729797363 34.9478759765625 34.9479713439941 34.9480590820312 34.9481048583984 34.9481430053711 34.9481811523438 34.9481773376465 34.9481201171875 34.9479293823242 34.9476318359375 34.947437286377 34.9472923278809 34.9471855163574 34.9470863342285 34.9469566345215 34.9468269348145 34.946662902832 34.9465141296387 34.9464225769043 34.9463272094727 34.9462242126465 34.946117401123 34.9460029602051 34.9459037780762 34.9458160400391 34.945743560791 34.9456748962402 34.9456176757812 34.9455604553223 34.9455223083496 34.945484161377 34.9454803466797 34.9454765319824 34.945484161377 34.9454803466797 34.9454536437988 34.945442199707 34.945442199707 34.9454536437988 34.9454689025879 34.9454727172852 34.9454689025879 34.9454460144043
