Ecospace-environmental-drivers/Outputs/ASCII-for-ecospace/MOM6-ISIMIP3a/so-bot/1997-05_so-bot_MOM6-ISIMIP3a.asc
NCOLS 131 
NROWS 53 
XLLCORNER -98 
YLLCORNER 23.9265270233154 
CELLSIZE 0.133587792515755 
NODATA_value -9999 
[rows 0 to 20 of 53, columns 47 to 93 of 131]
-9999 -9999 -9999 -9999 -9999 -9999 -9999 -9999 -9999 -9999 -9999 -9999 -9999 -9999 -9999 -9999 -9999 -9999 -9999 -9999 -9999 -9999 -9999 -9999 -9999 -9999 -9999 -9999 -9999 -9999 -9999 -9999 -9999 -9999 -9999 -9999 -9999 -9999 -9999 -9999 -9999 -9999 -9999 -9999 -9999 -9999 -9999
-9999 -9999 -9999 -9999 -9999 -9999 -9999 -9999 -9999 -9999 -9999 -9999 -9999 -9999 -9999 -9999 -9999 -9999 -9999 -9999 -9999 -9999 -9999 -9999 -9999 -9999 -9999 -9999 -9999 -9999 -9999 -9999 -9999 -9999 -9999 -9999 -9999 -9999 -9999 -9999 -9999 -9999 -9999 -9999 -9999 -9999 -9999
-9999 -9999 -9999 -9999 -9999 -9999 -9999 -9999 -9999 -9999 -9999 -9999 -9999 -9999 -9999 -9999 -9999 -9999 -9999 -9999 -9999 -9999 -9999 -9999 -9999 -9999 -9999 32.4768867492676 32.8322334289551 -9999 -9999 -9999 -9999 -9999 -9999 -9999 -9999 -9999 -9999 -9999 -9999 -9999 -9999 -9999 -9999 -9999 -9999
-9999 -9999 -9999 -9999 -9999 -9999 -9999 -9999 -9999 -9999 -9999 -9999 -9999 -9999 -9999 -9999 -9999 -9999 -9999 -9999 -9999 -9999 -9999 -9999 -9999 -9999 -9999 32.4576988220215 32.8193473815918 -9999 -9999 -9999 -9999 -9999 -9999 -9999 -9999 -9999 -9999 -9999 -9999 -9999 -9999 -9999 -9999 -9999 -9999
-9999 -9999 -9999 -9999 -9999 -9999 -9999 -9999 -9999 -9999 -9999 -9999 -9999 -9999 -9999 -9999 -9999 -9999 26.5583229064941 26.8345413208008 27.0555171966553 28.3445167541504 29.3821105957031 30.9265632629395 31.6828022003174 31.8948020935059 32.1331367492676 32.4328956604004 32.8070602416992 33.218090057373 -9999 -9999 34.4098129272461 34.725944519043 35.0518798828125 35.4113922119141 35.7128219604492 35.8909912109375 35.9515495300293 35.9702529907227 35.9443092346191 35.8982048034668 -9999 -9999 -9999 -9999 -9999
-9999 -9999 -9999 -9999 -9999 -9999 -9999 -9999 -9999 -9999 -9999 -9999 -9999 -9999 22.8568897247314 -9999 22.1479568481445 21.5659828186035 24.1688385009766 26.5583229064941 26.8897857666016 27.0555171966553 29.6335144042969 31.4572982788086 31.6888790130615 31.902229309082 32.0932998657227 32.403881072998 32.8015060424805 33.2157897949219 33.6369705200195 34.0487060546875 34.4585838317871 34.7221450805664 34.9971084594727 35.4363822937012 35.8006858825684 35.9014015197754 35.9708824157715 35.982364654541 35.9575080871582 35.8930587768555 35.844051361084 35.8050308227539 -9999 -9999 -9999
-9999 -9999 -9999 -9999 -9999 -9999 -9999 -9999 -9999 -9999 28.661678314209 28.6218509674072 28.5986518859863 28.5500621795654 25.7172069549561 22.9489917755127 22.7647857666016 22.1131000518799 21.5659828186035 24.3822078704834 26.5583229064941 27.0555171966553 29.6335144042969 31.4572982788086 31.6888790130615 31.902229309082 32.0932998657227 32.403881072998 32.8015060424805 33.2157897949219 33.6369705200195 34.0487060546875 34.4585838317871 34.7221450805664 34.9971084594727 35.4363822937012 35.8006858825684 35.9014015197754 35.9708824157715 35.982364654541 35.9575080871582 35.8930587768555 35.844051361084 35.8050308227539 35.7947196960449 35.8544464111328 -9999
-9999 -9999 -9999 -9999 -9999 -9999 -9999 -9999 -9999 -9999 28.8752155303955 28.661678314209 28.5820236206055 -9999 28.515905380249 25.8040962219238 23.1331996917725 22.7647857666016 22.0085315704346 21.5659828186035 25.0223159790039 28.2385902404785 30.4501876831055 32.1974067687988 32.9642906188965 33.4166259765625 33.4845237731934 33.6381988525391 33.8543472290039 34.1279640197754 34.4253845214844 34.7562026977539 35.0935859680176 35.2635917663574 35.4387321472168 35.7245597839355 35.9620704650879 36.0296897888184 36.0757484436035 36.0817642211914 36.05224609375 35.9840049743652 35.9391212463379 35.909351348877 35.8912582397461 35.8773574829102 35.8995666503906
-9999 -9999 -9999 -9999 -9999 -9999 -9999 -9999 -9999 -9999 -9999 -9999 -9999 -9999 28.4927196502686 28.5526294708252 26.0771446228027 23.5016136169434 22.7647857666016 21.6948280334473 25.8456745147705 29.543529510498 31.3455715179443 32.9999923706055 34.3427734375 35.0537261962891 34.9924507141113 34.9778671264648 34.9972915649414 35.1183052062988 35.2813873291016 35.5227661132812 35.7795372009277 35.8495674133301 35.9178123474121 36.036205291748 36.1355667114258 36.1680221557617 36.1892929077148 36.1897811889648 36.1559104919434 36.084602355957 36.0443229675293 36.0241241455078 35.9634246826172 35.8881797790527 35.9022941589355
30.255500793457 -9999 -9999 -9999 -9999 -9999 -9999 -9999 -9999 -9999 29.8039512634277 29.0940895080566 -9999 -9999 -9999 28.4734191894531 28.8414096832275 26.8044948577881 24.2384395599365 24.5777606964111 27.7274284362793 30.5221939086914 31.8316516876221 33.1305236816406 34.4070434570312 35.1410522460938 35.2119979858398 35.2361335754395 35.2261695861816 35.3199272155762 35.4566459655762 35.6245613098145 35.7986106872559 35.90380859375 36.0020294189453 36.0569458007812 36.1111946105957 36.1630744934082 36.2015647888184 36.2151718139648 36.205249786377 36.1696929931641 36.1347236633301 36.1001396179199 36.0416107177734 35.9744873046875 35.949333190918
30.0382823944092 30.006217956543 -9999 -9999 -9999 -9999 -9999 -9999 -9999 -9999 30.2797107696533 30.1819610595703 29.0940895080566 -9999 -9999 28.0244426727295 28.7341346740723 29.7656517028809 28.519458770752 27.3491744995117 29.5612258911133 31.5065765380859 32.3357582092285 33.2912712097168 34.5134773254395 35.2628898620605 35.4344520568848 35.4869384765625 35.4526863098145 35.5177764892578 35.6240081787109 35.7233619689941 35.8213653564453 35.9479560852051 36.0637588500977 36.0638275146484 36.0796051025391 36.1506385803223 36.2062797546387 36.233325958252 36.2459869384766 36.2429733276367 36.2137794494629 36.1676406860352 36.1153678894043 36.0608901977539 35.9986724853516
30.0382823944092 29.9420871734619 29.7380867004395 29.2842693328857 -9999 -9999 -9999 -9999 -9999 -9999 -9999 30.8900089263916 30.3714485168457 29.0940895080566 28.661678314209 28.0244426727295 28.7341346740723 29.7656517028809 29.6252613067627 29.5224132537842 31.1377868652344 32.5216407775879 32.9365653991699 33.6141166687012 34.8460960388184 35.5698623657227 35.6724891662598 35.6977119445801 35.6665573120117 35.6953659057617 35.7490043640137 35.8061103820801 35.8638954162598 35.9379463195801 36.0048789978027 35.9963417053223 36.009334564209 36.0980377197266 36.1704635620117 36.2126731872559 36.2405815124512 36.2529106140137 36.2319679260254 36.1894950866699 36.1653633117676 36.1478157043457 36.0603256225586
30.2371196746826 29.9708271026611 29.7519645690918 29.2874698638916 -9999 -9999 -9999 -9999 28.8664150238037 29.5409717559814 30.3230800628662 31.2528495788574 31.0940990447998 30.0447540283203 29.3374328613281 28.7921237945557 29.3714141845703 30.2194080352783 30.780065536499 31.3567180633545 32.4535102844238 33.3910713195801 33.6622467041016 34.1843070983887 35.2359962463379 35.8284454345703 35.8596000671387 35.8249778747559 35.7424354553223 35.7186889648438 35.719295501709 35.7363891601562 35.7567291259766 35.7956695556641 35.8315048217773 35.8303031921387 35.8557510375977 35.9749031066895 36.0767478942871 36.1464691162109 36.2012786865234 36.2398529052734 36.2414474487305 36.2191162109375 36.2201957702637 36.2296829223633 36.1437568664551
30.9330615997314 30.3778533935547 29.7865467071533 29.2874698638916 28.8133754730225 28.7588577270508 28.7093944549561 28.6856536865234 28.8664150238037 29.5409717559814 30.3230800628662 31.2528495788574 31.7250480651855 31.8228759765625 31.7026138305664 31.4790496826172 31.6019268035889 31.807580947876 32.0573692321777 32.3436622619629 33.1171226501465 33.8964157104492 34.7001304626465 35.3728675842285 35.7691116333008 35.9660530090332 35.9194107055664 35.7434616088867 35.473331451416 35.3563575744629 35.3028106689453 35.2854995727539 35.2753143310547 35.3227081298828 35.3719024658203 35.4178924560547 35.493896484375 35.6754379272461 35.8382797241211 35.966381072998 36.0772399902344 36.1693115234375 36.2291603088379 36.2681541442871 36.2871284484863 36.2989082336426 36.2816276550293
32.0724334716797 31.3693141937256 30.5691432952881 30.0717430114746 29.6195201873779 29.5502605438232 29.4911308288574 29.4835262298584 29.6647434234619 30.3018836975098 30.9822807312012 31.7220630645752 32.5130958557129 33.3460540771484 33.6560668945312 33.7183723449707 33.6215744018555 33.4867630004883 33.5169982910156 33.5864219665527 34.061206817627 34.6086616516113 35.4602470397949 36.0129623413086 35.9347381591797 35.8496932983398 35.7563095092773 35.5415344238281 35.2383346557617 35.1016578674316 35.0339508056641 35.0063362121582 34.9866065979004 35.0374946594238 35.093017578125 35.168270111084 35.2749366760254 35.492057800293 35.6811637878418 35.8182334899902 35.9537391662598 36.0875358581543 36.1946487426758 36.2845001220703 36.3198776245117 36.3356895446777 36.367488861084
33.8387298583984 33.1870574951172 32.409294128418 31.9648361206055 31.5654048919678 31.460563659668 31.3780975341797 31.4094486236572 31.591760635376 32.1385879516602 32.5734710693359 32.854663848877 33.523250579834 34.5087890625 35.027416229248 35.3248748779297 35.3431015014648 35.2946090698242 35.2343940734863 35.190860748291 35.4018249511719 35.6134223937988 35.8276557922363 35.8776206970215 35.5807991027832 35.3742599487305 35.2780647277832 35.169361114502 35.0515480041504 34.999137878418 34.9738082885742 34.9699630737305 34.9703407287598 35.0177192687988 35.0696296691895 35.1488037109375 35.2580032348633 35.4727935791016 35.6390686035156 35.7152404785156 35.8309936523438 35.9898719787598 36.1287269592285 36.2546234130859 36.3043060302734 36.3266105651855 36.379825592041
35.0140228271484 34.5100364685059 33.8920783996582 33.4537734985352 33.0455856323242 32.9540061950684 32.9084548950195 33.097053527832 33.3421783447266 33.723804473877 33.9676132202148 34.0222091674805 34.5326538085938 35.4160614013672 35.9013328552246 36.1980133056641 36.2514266967773 36.246711730957 36.1710090637207 36.0907554626465 36.0153045654297 35.9265480041504 35.7821159362793 35.5893707275391 35.2946472167969 35.1000595092773 35.0278511047363 34.9837226867676 34.9600486755371 34.9500999450684 34.9458427429199 34.9531364440918 34.962703704834 35.0057907104492 35.0525321960449 35.122875213623 35.2206840515137 35.4150505065918 35.5661926269531 35.6370658874512 35.7564735412598 35.9287643432617 36.0815467834473 36.2217063903809 36.2827110290527 36.3152770996094 36.3684387207031
35.6916160583496 35.4163627624512 35.0739212036133 34.602367401123 34.1335868835449 34.0963973999023 34.1385040283203 34.5839653015137 34.9438781738281 35.0972366333008 35.1958122253418 35.2191848754883 35.5414276123047 36.1082000732422 36.3563499450684 36.4535751342773 36.4749374389648 36.4781684875488 36.4501037597656 36.397346496582 36.0164451599121 35.6572380065918 35.3888168334961 35.1723556518555 35.0655822753906 34.9953193664551 34.969669342041 34.9551658630371 34.9487838745117 34.9461059570312 34.9449653625488 34.9527702331543 34.962329864502 35.0004577636719 35.0407257080078 35.0915107727051 35.1661911010742 35.3248977661133 35.4673957824707 35.5797920227051 35.7225646972656 35.8984375 36.0501518249512 36.1862297058105 36.2560424804688 36.3020515441895 36.3370704650879
36.0734710693359 35.9555015563965 35.8041725158691 35.4964866638184 35.1840858459473 35.1764144897461 35.226016998291 35.5669441223145 35.8220100402832 35.8697509765625 35.9087753295898 35.9358329772949 36.116283416748 36.4222412109375 36.4546852111816 36.3575706481934 36.289363861084 36.2280616760254 36.2158508300781 36.182243347168 35.7881813049316 35.4241523742676 35.1857986450195 35.0127792358398 34.9776840209961 34.955322265625 34.9485244750977 34.9453964233398 34.9449348449707 34.9447441101074 34.9446678161621 34.9499244689941 34.9562339782715 34.991283416748 35.027515411377 35.0648803710938 35.1226196289062 35.2520065307617 35.3766632080078 35.4925346374512 35.626880645752 35.7813529968262 35.9317626953125 36.0795402526855 36.1829032897949 36.2703094482422 36.3102226257324
36.3105926513672 36.3149490356445 36.3134269714355 36.2660713195801 36.2162284851074 36.2259101867676 36.243782043457 36.3033180236816 36.3460464477539 36.3481979370117 36.3695983886719 36.417423248291 36.4787940979004 36.5512466430664 36.3784637451172 36.0895195007324 35.9035987854004 35.7422943115234 35.7303771972656 35.711841583252 35.4476547241211 35.2087860107422 35.0758972167969 34.9791870117188 34.9588623046875 34.9470062255859 34.9455108642578 34.9448165893555 34.9447135925293 34.9446678161621 34.9446487426758 34.945873260498 34.947338104248 34.9802284240723 35.0136222839355 35.0405693054199 35.0843925476074 35.1875610351562 35.2898712158203 35.3906021118164 35.5009613037109 35.6218109130859 35.7708015441895 35.9379997253418 36.0870208740234 36.2295074462891 36.2855911254883
36.4201507568359 36.4436988830566 36.4671440124512 36.4733734130859 36.4781074523926 36.4900054931641 36.5009994506836 36.5074081420898 36.5120315551758 36.5123329162598 36.5260581970215 36.5582084655762 36.5852241516113 36.608039855957 36.3913955688477 36.0613288879395 35.7328987121582 35.4048614501953 35.3768768310547 35.3608818054199 35.2193260192871 35.0906753540039 35.0160369873047 34.9619293212891 34.9511566162109 34.9451065063477 34.94482421875 34.9446907043457 34.9446678161621 34.9446563720703 34.9446487426758 34.9448928833008 34.9451866149902 34.9638214111328 34.9828224182129 34.9987487792969 35.0272483825684 35.0999450683594 35.1731758117676 35.2474021911621 35.3318939208984 35.4275779724121 35.5471076965332 35.682071685791 35.8190307617188 35.9566993713379 36.120304107666
