Ecospace-environmental-drivers/Outputs/ASCII-for-ecospace/MOM6-ISIMIP3a/so-bot/1997-08_so-bot_MOM6-ISIMIP3a.asc
NCOLS 131 
NROWS 53 
XLLCORNER -98 
YLLCORNER 23.9265270233154 
CELLSIZE 0.133587792515755 
NODATA_value -9999 
[rows 21 to 41 of 53, columns 0 to 46 of 131]
-9999 -9999 -9999 -9999 -9999 -9999 35.5240783691406 35.5220565795898 35.5160255432129 35.4928741455078 35.3628387451172 35.0570640563965 35.1095504760742 35.2658996582031 35.4448852539062 35.6499862670898 35.7691993713379 35.8294296264648 35.9051361083984 35.9868202209473 36.0424003601074 36.0933799743652 36.130485534668 36.1611671447754 36.1408386230469 36.1212196350098 36.1039047241211 36.0915679931641 36.0879173278809 36.096134185791 36.1165542602539 36.1368865966797 36.1571617126465 36.1760673522949 36.1945152282715 36.2159538269043 36.237735748291 36.2503242492676 36.2626113891602 36.2729988098145 36.2838821411133 36.2961387634277 36.3241729736328 36.3765869140625 36.4076194763184 36.4190254211426 36.433292388916
-9999 -9999 -9999 -9999 -9999 -9999 35.526496887207 35.5240783691406 35.5200347900391 35.5271072387695 35.4928741455078 35.5385818481445 35.6201057434082 35.7725067138672 35.9151802062988 36.0466423034668 36.1244812011719 36.1655044555664 36.2163772583008 36.2710571289062 36.307804107666 36.341381072998 36.3652763366699 36.3844528198242 36.3660888671875 36.3481826782227 36.3317565917969 36.3186645507812 36.3113784790039 36.3094024658203 36.3128814697266 36.3215141296387 36.3332901000977 36.3439521789551 36.3542442321777 36.3783187866211 36.4042129516602 36.4179000854492 36.4309196472168 36.439697265625 36.4476547241211 36.4533195495605 36.4666175842285 36.4917068481445 36.5051002502441 36.5077590942383 36.5130310058594
-9999 -9999 -9999 -9999 35.6049537658691 35.5571746826172 35.524715423584 35.5307006835938 35.5240783691406 35.5159912109375 35.5754890441895 35.893684387207 36.1496047973633 36.282299041748 36.3772048950195 36.4285049438477 36.4632759094238 36.486701965332 36.5130767822266 36.5405960083008 36.559326171875 36.5765037536621 36.5783653259277 36.5780448913574 36.5623168945312 36.546817779541 36.5320701599121 36.5205764770508 36.5147514343262 36.5106468200684 36.5083084106445 36.5091590881348 36.5119514465332 36.5135459899902 36.5147438049316 36.5401916503906 36.5688819885254 36.5826835632324 36.5952568054199 36.6000289916992 36.6018676757812 36.5955543518066 36.5903816223145 36.5869789123535 36.5825614929199 36.577220916748 36.5739860534668
-9999 -9999 -9999 -9999 35.7098731994629 35.6280555725098 35.5896377563477 35.524715423584 35.5433082580566 35.7799644470215 36.0144920349121 36.2408905029297 36.418586730957 36.4999122619629 36.5611305236816 36.5991401672363 36.6228179931641 36.6366500854492 36.6493797302246 36.661678314209 36.6678237915039 36.6728820800781 36.5444145202637 36.4266395568848 36.4222946166992 36.417163848877 36.4095001220703 36.4328460693359 36.5103073120117 36.5669555664062 36.6021919250488 36.6152114868164 36.6147003173828 36.6133575439453 36.611743927002 36.6231956481934 36.6362571716309 36.6213455200195 36.6014518737793 36.5497932434082 36.4832344055176 36.3752021789551 36.3114852905273 36.3162612915039 36.3162803649902 36.311939239502 36.3082847595215
-9999 -9999 -9999 -9999 -9999 35.7098731994629 35.6879959106445 35.6545600891113 35.6328086853027 36.0388336181641 36.3910522460938 36.5373153686523 36.6472778320312 36.6854019165039 36.7077751159668 36.7119674682617 36.6849250793457 36.6364288330078 36.6104583740234 36.593189239502 36.5851860046387 36.5788192749023 36.3677024841309 36.1756591796875 36.1799163818359 36.1827011108398 36.1807174682617 36.2269668579102 36.3573760986328 36.45361328125 36.5146827697754 36.5384330749512 36.5394439697266 36.5368804931641 36.5331230163574 36.5328788757324 36.5328559875488 36.4962120056152 36.4523811340332 36.3628082275391 36.2512092590332 36.0782890319824 35.9772872924805 35.9874305725098 35.9903907775879 35.9867668151855 35.9828872680664
-9999 -9999 -9999 -9999 -9999 35.804744720459 35.7098731994629 35.8628273010254 36.0304260253906 36.2753448486328 36.4938163757324 36.6110687255859 36.6992835998535 36.7300300598145 36.6909599304199 36.5713272094727 36.3198165893555 35.9777374267578 35.8032417297363 35.6934509277344 35.6644630432129 35.6497344970703 35.5650215148926 35.4880905151367 35.4887390136719 35.4886589050293 35.486213684082 35.5030097961426 35.5533790588379 35.5963897705078 35.6318283081055 35.6599769592285 35.6836776733398 35.6874008178711 35.6844635009766 35.6825866699219 35.6806678771973 35.6528587341309 35.6225395202637 35.5762176513672 35.52197265625 35.445671081543 35.4005966186523 35.4037895202637 35.403148651123 35.3989906311035 35.3957099914551
-9999 -9999 36.0071640014648 35.9846572875977 35.9625854492188 35.899730682373 35.8046340942383 36.0780448913574 36.3573036193848 36.4776840209961 36.5908966064453 36.676685333252 36.738208770752 36.7517127990723 36.6254463195801 36.3379096984863 35.9387664794922 35.4629707336426 35.2186737060547 35.0637626647949 35.0250015258789 35.0067367553711 35.007999420166 35.0093879699707 35.0082931518555 35.0067863464355 35.0039596557617 35.0008659362793 34.9973106384277 35.0039024353027 35.0209350585938 35.0477752685547 35.0805931091309 35.0872077941895 35.0850868225098 35.0822219848633 35.0791358947754 35.059757232666 35.0410079956055 35.026294708252 35.0131645202637 35.004451751709 34.998176574707 34.995662689209 34.9924774169922 34.9886779785156 34.9861106872559
-9999.000000000000000 -9999 -9999 -9999 36.0916519165039 36.0254364013672 36.083366394043 36.308422088623 36.529842376709 36.6054649353027 36.6755714416504 36.7245483398438 36.7486000061035 36.723331451416 36.4536895751953 35.9020767211914 35.5229263305664 35.2622222900391 35.1198997497559 35.0232925415039 34.9992218017578 34.9879570007324 34.9869613647461 34.9864044189453 34.9876251220703 34.9878387451172 34.9847984313965 34.9826850891113 34.9821929931641 34.9890327453613 35.0034217834473 35.0165138244629 35.0288124084473 35.0309104919434 35.0296058654785 35.0271682739258 35.0245094299316 35.0126609802246 35.0012626647949 34.9927406311035 34.9852981567383 34.9808502197266 34.9759826660156 34.9704704284668 34.9670524597168 34.9655609130859 34.9639511108398
-9999 -9999 -9999 -9999 36.2628173828125 36.3497886657715 36.3117256164551 36.4806137084961 36.649471282959 36.6902465820312 36.7279968261719 36.7541465759277 36.7278785705566 36.5978927612305 36.2268028259277 35.5775184631348 35.2422218322754 35.1225547790527 35.0502166748047 34.996150970459 34.9803581237793 34.9713172912598 34.9694290161133 34.9681205749512 34.9703674316406 34.9716529846191 34.9698371887207 34.9690818786621 34.9701919555664 34.9760627746582 34.9868392944336 34.9911499023438 34.9915237426758 34.9906883239746 34.9894485473633 34.9873504638672 34.9851036071777 34.9791641235352 34.9734268188477 34.9689826965332 34.9651412963867 34.9629898071289 34.9594688415527 34.9538345336914 34.951057434082 34.9509048461914 34.9500694274902
-9999 -9999 -9999 -9999 36.3815078735352 36.4132232666016 36.4523849487305 36.5796051025391 36.7025413513184 36.7209320068359 36.7398490905762 36.7607650756836 36.6680145263672 36.350341796875 35.9305610656738 35.3929634094238 35.1315269470215 35.059741973877 35.0171318054199 34.9857864379883 34.9701957702637 34.9573822021484 34.9563064575195 34.955753326416 34.9574012756348 34.9589424133301 34.9601554870605 34.961238861084 34.9621086120605 34.9654808044434 34.9714279174805 34.973217010498 34.9724731445312 34.9706954956055 34.9685707092285 34.9666976928711 34.9648628234863 34.9627838134766 34.9605751037598 34.9575424194336 34.9546890258789 34.9523506164551 34.9500885009766 34.9479560852051 34.9469223022461 34.9469032287598 34.9466018676758
-9999 -9999 -9999 -9999 36.4132232666016 36.4606285095215 36.5162811279297 36.6319999694824 36.7441024780273 36.7424278259277 36.7449150085449 36.7633476257324 36.6792411804199 36.3922309875488 35.9589424133301 35.3568687438965 35.0772285461426 35.0190086364746 34.9900550842285 34.9724044799805 34.9606399536133 34.9499168395996 34.949535369873 34.949592590332 34.9513931274414 34.9533271789551 34.9556846618652 34.9572410583496 34.957405090332 34.9585075378418 34.960578918457 34.9606895446777 34.9596138000488 34.9580078125 34.956226348877 34.9546928405762 34.953197479248 34.9527893066406 34.9522094726562 34.9505310058594 34.9488143920898 34.9469833374023 34.9456939697266 34.9452476501465 34.9450492858887 34.9450836181641 34.9450378417969
-9999 -9999 -9999 -9999 36.46337890625 36.5162811279297 36.6500015258789 36.6494445800781 36.7770347595215 36.7570266723633 36.7448959350586 36.7629051208496 36.7437858581543 36.6511993408203 36.2307929992676 35.43212890625 35.0652275085449 34.9948387145996 34.9674911499023 34.9567565917969 34.9515419006348 34.9472999572754 34.9475250244141 34.9480857849121 34.9506072998047 34.9530296325684 34.9551200866699 34.9561233520508 34.9552307128906 34.9542427062988 34.9531517028809 34.952220916748 34.9513931274414 34.9508018493652 34.9502906799316 34.9491691589355 34.9479675292969 34.9475860595703 34.947208404541 34.9468460083008 34.9463653564453 34.9455680847168 34.9450340270996 34.9449157714844 34.9448738098145 34.9449081420898 34.9449043273926
-9999 -9999 -9999 -9999 36.5162811279297 36.6833381652832 36.7541122436523 36.8022880554199 36.7977752685547 36.7645492553711 36.7416458129883 36.7582702636719 36.7646560668945 36.7507820129395 36.3318824768066 35.4456443786621 35.0483016967773 34.986701965332 34.9620323181152 34.9516181945801 34.9483642578125 34.9463729858398 34.9464111328125 34.9466590881348 34.9483184814453 34.9498901367188 34.9511756896973 34.9517669677734 34.9511528015137 34.9501953125 34.9488830566406 34.9480667114258 34.9475517272949 34.947380065918 34.947322845459 34.9466094970703 34.9458160400391 34.9455833435059 34.945384979248 34.9453926086426 34.9453086853027 34.9449882507324 34.9447860717773 34.9447746276855 34.9447708129883 34.9447746276855 34.944766998291
-9999 -9999 -9999 -9999 -9999 36.7963790893555 36.8129539489746 36.810604095459 36.813289642334 36.7690353393555 36.7370147705078 36.7518424987793 36.7668075561523 36.782054901123 36.3597869873047 35.4326972961426 35.0292587280273 34.9854393005371 34.9639053344727 34.950984954834 34.9477233886719 34.9461708068848 34.9456748962402 34.9452667236328 34.9453887939453 34.9455375671387 34.9457817077637 34.9460220336914 34.9462547302246 34.9462394714355 34.9459648132324 34.9457588195801 34.9455909729004 34.9455795288086 34.9456214904785 34.9453239440918 34.9449806213379 34.9449577331543 34.9449310302734 34.944896697998 34.9448471069336 34.9447631835938 34.9447135925293 34.944709777832 34.944694519043 34.9446563720703 34.9446334838867
-9999 -9999 -9999 -9999 -9999 36.8221473693848 36.8220710754395 36.8259658813477 36.8215713500977 36.7705192565918 36.7335243225098 36.7503433227539 36.7683067321777 36.7885284423828 36.3651123046875 35.429817199707 35.0250778198242 34.9846878051758 34.9645156860352 34.9521484375 34.9483184814453 34.9459915161133 34.9453659057617 34.9448280334473 34.9447364807129 34.9446983337402 34.9448432922363 34.9449691772461 34.9450607299805 34.9450836181641 34.9450416564941 34.9449920654297 34.944938659668 34.944953918457 34.9449882507324 34.9448585510254 34.9447059631348 34.9447212219238 34.9447288513184 34.9447059631348 34.9446830749512 34.9446601867676 34.9446449279785 34.9446449279785 34.9446296691895 34.9446029663086 34.9445838928223
-9999 -9999 -9999 -9999 -9999 36.8293952941895 36.8314208984375 36.8296432495117 36.8283538818359 36.7713813781738 36.7302665710449 36.7498664855957 36.7696685791016 36.789867401123 36.3657722473145 35.4290237426758 35.0239677429199 34.9840469360352 34.9648628234863 34.9536819458008 34.9491653442383 34.9458236694336 34.9451446533203 34.9445877075195 34.9445533752441 34.9445838928223 34.94482421875 34.944881439209 34.9446296691895 34.9445114135742 34.9445343017578 34.9445457458496 34.9445571899414 34.9445648193359 34.9445762634277 34.9445648193359 34.9445495605469 34.9445686340332 34.9445838928223 34.944580078125 34.944580078125 34.9445838928223 34.944580078125 34.9445762634277 34.9445686340332 34.9445571899414 34.9445533752441
-9999 -9999 -9999 -9999 -9999 -9999 36.8346977233887 36.8386497497559 36.8339462280273 36.7733345031738 36.7297096252441 36.751091003418 36.7719230651855 36.7916717529297 36.3728332519531 35.4479293823242 35.0431594848633 34.9955978393555 34.9720268249512 34.9577217102051 34.9508628845215 34.9453201293945 34.94482421875 34.9444961547852 34.9446601867676 34.9449081420898 34.945442199707 34.9457359313965 34.9456100463867 34.9455413818359 34.9455375671387 34.9455146789551 34.9454803466797 34.9454650878906 34.9454574584961 34.9453964233398 34.9453277587891 34.9450340270996 34.9447593688965 34.9445953369141 34.9444694519043 34.9444618225098 34.9444580078125 34.944450378418 34.9444465637207 34.9444465637207 34.9445915222168
-9999 -9999 -9999 -9999 -9999 -9999 36.8339920043945 36.8358039855957 36.8376808166504 36.7746887207031 36.7295074462891 36.7524909973145 36.7735023498535 36.7906036376953 36.376579284668 35.4650917053223 35.0614585876465 35.0065841674805 34.9788436889648 34.9615745544434 34.9524879455566 34.9448394775391 34.9445419311523 34.9444618225098 34.9448432922363 34.9453163146973 34.9460945129395 34.946590423584 34.9465980529785 34.9465866088867 34.9465560913086 34.9465065002441 34.9464416503906 34.9463996887207 34.9463691711426 34.9462509155273 34.9461212158203 34.9455490112305 34.9450073242188 34.944694519043 34.9444618225098 34.9444465637207 34.9444351196289 34.9444274902344 34.9444313049316 34.9444427490234 34.9447250366211
-9999 -9999 -9999 -9999 -9999 -9999 36.8386039733887 36.8275260925293 36.8221549987793 36.7691078186035 36.7318458557129 36.7550010681152 36.7674369812012 36.758674621582 36.3418807983398 35.4542846679688 35.0604667663574 35.0057411193848 34.9786796569824 34.9622955322266 34.9529228210449 34.9447860717773 34.9447135925293 34.944896697998 34.9456977844238 34.946403503418 34.9467964172363 34.9470520019531 34.9470672607422 34.9470520019531 34.9470100402832 34.9470558166504 34.9471549987793 34.947093963623 34.9469795227051 34.9468269348145 34.9466705322266 34.9462471008301 34.945858001709 34.9456977844238 34.9455757141113 34.9455604553223 34.9455451965332 34.9455261230469 34.9455604553223 34.9456481933594 34.945873260498
-9999 -9999 -9999 -9999 -9999 36.9014854431152 36.8534317016602 36.8524856567383 36.801944732666 36.7635765075684 36.7377471923828 36.759895324707 36.7498779296875 36.6762161254883 36.2513198852539 35.4211654663086 35.0526962280273 35.001293182373 34.9760932922363 34.9610137939453 34.9523277282715 34.9447708129883 34.9450874328613 34.945629119873 34.9466438293457 34.947437286377 34.9475250244141 34.9475898742676 34.9476089477539 34.9475936889648 34.9475479125977 34.9476470947266 34.9478302001953 34.9477424621582 34.9475593566895 34.947380065918 34.9472007751465 34.9469184875488 34.9466667175293 34.9466209411621 34.9465827941895 34.9465675354004 34.9465484619141 34.9465179443359 34.9465675354004 34.9466934204102 34.946849822998
-9999 -9999 -9999 -9999 36.9644470214844 36.9148712158203 36.9014854431152 36.8322296142578 36.7645645141602 36.7582321166992 36.7566986083984 36.7735404968262 36.6901626586914 36.4084815979004 35.9559288024902 35.3062171936035 35.020076751709 34.9836120605469 34.9646224975586 34.9523773193359 34.9479598999023 34.9449234008789 34.9461860656738 34.9474487304688 34.9479141235352 34.9482879638672 34.948356628418 34.9484100341797 34.9484329223633 34.948429107666 34.9483985900879 34.9483871459961 34.9483871459961 34.9482269287109 34.9480133056641 34.9478416442871 34.9476776123047 34.9474945068359 34.947322845459 34.9472541809082 34.9472007751465 34.9471893310547 34.9471664428711 34.9471282958984 34.9471168518066 34.9471321105957 34.9472045898438
