Ecospace-environmental-drivers/Outputs/ASCII-for-ecospace/MOM6-ISIMIP3a/so-bot/1998-07_so-bot_MOM6-ISIMIP3a.asc
NCOLS 131 
NROWS 53 
XLLCORNER -98 
YLLCORNER 23.9265270233154 
CELLSIZE 0.133587792515755 
NODATA_value -9999 
[rows 21 to 41 of 53, columns 0 to 46 of 131]
-9999 -9999 -9999 -9999 -9999 -9999 36.1044082641602 36.0887603759766 36.0474853515625 35.9725074768066 35.8130149841309 35.5021324157715 35.5239067077637 35.5887603759766 35.745532989502 36.0083694458008 36.2166900634766 36.387580871582 36.4421463012695 36.451789855957 36.4644470214844 36.4776382446289 36.5682945251465 36.6487274169922 36.6298370361328 36.6127624511719 36.6015663146973 36.5910530090332 36.5817413330078 36.570011138916 36.5557899475098 36.5315475463867 36.5012016296387 36.4764671325684 36.4536056518555 36.4576988220215 36.4655456542969 36.4772834777832 36.4890365600586 36.5008926391602 36.5100173950195 36.5115356445312 36.5142250061035 36.5187339782715 36.5154876708984 36.505126953125 36.5158233642578
-9999 -9999 -9999 -9999 -9999 -9999 36.1080627441406 36.1044082641602 36.0731163024902 36.039909362793 35.9725074768066 35.9644012451172 35.9946556091309 36.1008033752441 36.2206039428711 36.3561515808105 36.4717025756836 36.5735206604004 36.6063652038574 36.6125717163086 36.6161842346191 36.6193389892578 36.6692733764648 36.7137641906738 36.7044067382812 36.6959419250488 36.6903839111328 36.6850318908691 36.6800270080566 36.6715545654297 36.6595115661621 36.6407318115234 36.617847442627 36.5971298217773 36.5771331787109 36.5800666809082 36.5861892700195 36.594898223877 36.6035041809082 36.6114463806152 36.6176605224609 36.6190643310547 36.6205673217773 36.6222152709961 36.6199989318848 36.6142272949219 36.6208305358887
-9999 -9999 -9999 -9999 36.1337699890137 36.1214752197266 36.1093254089355 36.1104583740234 36.1044082641602 36.0418243408203 36.0409049987793 36.276008605957 36.4758224487305 36.6058082580566 36.6749420166016 36.6738586425781 36.6949501037598 36.7312698364258 36.7442512512207 36.7482223510742 36.7518577575684 36.7554321289062 36.7537536621094 36.7519989013672 36.7505683898926 36.7492408752441 36.7482414245605 36.7491302490234 36.7533111572266 36.7541007995605 36.7513961791992 36.7419319152832 36.728343963623 36.7133865356445 36.6979675292969 36.7001876831055 36.7048492431641 36.7100028991699 36.7144775390625 36.7146530151367 36.7132797241211 36.7075958251953 36.7029800415039 36.7000160217285 36.698184967041 36.6973838806152 36.7005081176758
-9999 -9999 -9999 -9999 36.1591339111328 36.1451416015625 36.1336212158203 36.1093254089355 36.1176452636719 36.2235565185547 36.3392372131348 36.4923133850098 36.6179618835449 36.6893424987793 36.7282562255859 36.7297134399414 36.7403182983398 36.7572021484375 36.7635955810547 36.7659339904785 36.7678909301758 36.769775390625 36.6643981933594 36.5681838989258 36.5678787231445 36.5673789978027 36.5662574768066 36.5989761352539 36.6907424926758 36.7447814941406 36.7600021362305 36.7618370056152 36.7555160522461 36.7494964599609 36.7435722351074 36.7452049255371 36.7477836608887 36.7368316650391 36.7181625366211 36.6503219604492 36.5695838928223 36.4529418945312 36.3823890686035 36.3830642700195 36.3855895996094 36.3898086547852 36.3986701965332
-9999 -9999 -9999 -9999 -9999 36.1591339111328 36.1784782409668 36.1579208374023 36.1747169494629 36.4034652709961 36.6009712219238 36.6788711547852 36.7378692626953 36.7594528198242 36.7645301818848 36.750560760498 36.7119636535645 36.6564483642578 36.6280670166016 36.6101570129395 36.6068534851074 36.606128692627 36.4352951049805 36.2795066833496 36.2801284790039 36.2801628112793 36.2782936096191 36.3304595947266 36.4769134521484 36.5653228759766 36.5940055847168 36.6063270568848 36.6086845397949 36.6104469299316 36.6120109558105 36.6130790710449 36.6139030456543 36.5906410217285 36.5552978515625 36.4430313110352 36.310920715332 36.1235694885254 36.0110130310059 36.014045715332 36.019157409668 36.0261764526367 36.0378456115723
-9999 -9999 -9999 -9999 -9999 36.2210540771484 36.1591339111328 36.2875328063965 36.4239692687988 36.575382232666 36.702220916748 36.7350006103516 36.7602806091309 36.7707176208496 36.7260856628418 36.6179161071777 36.3603630065918 36.0002212524414 35.8134689331055 35.6936721801758 35.6694374084473 35.6620674133301 35.5934295654297 35.5310249328613 35.5317268371582 35.5310020446777 35.5256462097168 35.54296875 35.5998649597168 35.6398544311523 35.6624412536621 35.6816902160645 35.6989059448242 35.7033882141113 35.7036323547363 35.7042350769043 35.7047500610352 35.6857948303223 35.6621780395508 35.6089096069336 35.5481567382812 35.4665641784668 35.4169464111328 35.4167404174805 35.416675567627 35.4167442321777 35.4183883666992
-9999 -9999 36.3490371704102 36.3357887268066 36.3240737915039 36.2830505371094 36.2209815979004 36.4186401367188 36.6199951171875 36.7043991088867 36.7716751098633 36.7733955383301 36.7739906311035 36.7723617553711 36.648624420166 36.3839912414551 35.9804420471191 35.4814910888672 35.2218971252441 35.0547256469727 35.0199966430664 35.0086441040039 35.0094718933105 35.010555267334 35.0115699768066 35.0107192993164 35.0038185119629 34.9979133605957 34.9937438964844 35.0005264282227 35.0185775756836 35.0398254394531 35.0630187988281 35.0682716369629 35.0675430297852 35.0673065185547 35.0670356750488 35.0530281066895 35.039234161377 35.0268440246582 35.0157279968262 35.0081558227539 35.002254486084 34.9989318847656 34.9952621459961 34.9912719726562 34.9868049621582
-9999.000000000000000 -9999 -9999 -9999 36.4002456665039 36.3650932312012 36.402904510498 36.5530090332031 36.6999015808105 36.739818572998 36.7717475891113 36.7730941772461 36.7687187194824 36.7530174255371 36.486026763916 35.929084777832 35.5387229919434 35.2627639770508 35.1169281005859 35.0213356018066 34.9988822937012 34.9893379211426 34.9882202148438 34.9875793457031 34.9894142150879 34.9898223876953 34.9856147766113 34.9818229675293 34.9787445068359 34.9855194091797 35.0024337768555 35.0149307250977 35.0247383117676 35.0264892578125 35.0255546569824 35.0236434936523 35.0215606689453 35.0138969421387 35.0057754516602 34.9947242736816 34.9858551025391 34.9830436706543 34.9789199829102 34.9727592468262 34.9689064025879 34.967170715332 34.9651336669922
-9999 -9999 -9999 -9999 36.4989700317383 36.5525894165039 36.5366058349609 36.6429977416992 36.747989654541 36.7610511779785 36.7717056274414 36.7731246948242 36.7352561950684 36.6196365356445 36.2497062683105 35.5863380432129 35.2417678833008 35.1161231994629 35.046459197998 34.9984130859375 34.9826774597168 34.9726448059082 34.9707450866699 34.9694213867188 34.9714584350586 34.9726142883301 34.9709358215332 34.9691848754883 34.9673118591309 34.9728698730469 34.9860763549805 34.9921188354492 34.9937973022461 34.9932594299316 34.9919853210449 34.9895439147949 34.986930847168 34.9833869934082 34.9791946411133 34.9708709716797 34.9645805358887 34.9639358520508 34.9611892700195 34.955192565918 34.9521446228027 34.9518013000488 34.9512481689453
-9999 -9999 -9999 -9999 36.5659103393555 36.5792274475098 36.5956726074219 36.6771583557129 36.7560539245605 36.7644386291504 36.7715110778809 36.7735710144043 36.6663246154785 36.3427886962891 35.9206428527832 35.3847045898438 35.1269264221191 35.060173034668 35.019401550293 34.9886665344238 34.9726524353027 34.9592323303223 34.9580192565918 34.957332611084 34.9587898254395 34.9600524902344 34.9606819152832 34.9608917236328 34.9603652954102 34.9631881713867 34.9694519042969 34.9719314575195 34.9720993041992 34.9707984924316 34.9690093994141 34.9674644470215 34.9659461975098 34.9637222290039 34.9612731933594 34.9574165344238 34.9541168212891 34.9523735046387 34.9505081176758 34.9484519958496 34.9474487304688 34.9474182128906 34.9471626281738
-9999 -9999 -9999 -9999 36.5792274475098 36.5991325378418 36.622501373291 36.6917457580566 36.759349822998 36.765007019043 36.7700042724609 36.7724876403809 36.6763038635254 36.3848838806152 35.9491958618164 35.3470497131348 35.0725021362305 35.0229301452637 34.9950256347656 34.9754905700684 34.9627685546875 34.9512481689453 34.9505805969238 34.9503479003906 34.9517707824707 34.9532165527344 34.9547386169434 34.9557228088379 34.9557685852051 34.9566192626953 34.9583053588867 34.9586486816406 34.9581756591797 34.9569816589355 34.9555473327637 34.9545402526855 34.9535942077637 34.9523658752441 34.9511222839355 34.9497871398926 34.9483680725098 34.9467086791992 34.9455986022949 34.9453468322754 34.9452667236328 34.9453544616699 34.9452629089355
-9999 -9999 -9999 -9999 36.6002883911133 36.622501373291 36.6938400268555 36.6916542053223 36.7590713500977 36.7634620666504 36.7675132751465 36.7702598571777 36.7454681396484 36.666187286377 36.2459716796875 35.4323768615723 35.0633850097656 34.9997177124023 34.9726600646973 34.9597396850586 34.9529914855957 34.9473304748535 34.9471054077148 34.9472007751465 34.9489936828613 34.95068359375 34.9520301818848 34.9528961181641 34.9529266357422 34.9523887634277 34.9512672424316 34.9505500793457 34.950080871582 34.9496459960938 34.94921875 34.948486328125 34.9477119445801 34.9472389221191 34.9467926025391 34.946533203125 34.9461555480957 34.9454612731934 34.9450187683105 34.9449653625488 34.9449729919434 34.9450263977051 34.944995880127
-9999 -9999 -9999 -9999 36.622501373291 36.7100944519043 36.7457542419434 36.7694511413574 36.767879486084 36.7673950195312 36.7674369812012 36.7694854736328 36.7687034606934 36.7623062133789 36.3426551818848 35.4461708068848 35.0478019714355 34.9915161132812 34.9666976928711 34.954029083252 34.9493026733398 34.9459800720215 34.9457626342773 34.9457511901855 34.9469261169434 34.9480209350586 34.9488487243652 34.9494132995605 34.9495086669922 34.9489326477051 34.9476585388184 34.9469833374023 34.9466743469238 34.9465408325195 34.9464645385742 34.9460182189941 34.9455184936523 34.9453620910645 34.9452323913574 34.9452629089355 34.9452133178711 34.944938659668 34.9447746276855 34.9447822570801 34.9447975158691 34.9448280334473 34.9448127746582
-9999 -9999 -9999 -9999 -9999 36.7700119018555 36.7782821655273 36.7761573791504 36.7805862426758 36.7736740112305 36.7683906555176 36.7693367004395 36.7722511291504 36.7790641784668 36.3535842895508 35.4293060302734 35.0294494628906 34.9897422790527 34.9677581787109 34.9526214599609 34.9482307434082 34.9457321166992 34.9453315734863 34.9450302124023 34.9451637268066 34.9453010559082 34.9454689025879 34.9456481933594 34.9458465576172 34.9458045959473 34.9455184936523 34.9453582763672 34.9452743530273 34.9452514648438 34.9452476501465 34.9450874328613 34.9449081420898 34.944881439209 34.9448585510254 34.9448471069336 34.9448127746582 34.9447250366211 34.9446754455566 34.9446754455566 34.9446792602539 34.9446830749512 34.9446640014648
-9999 -9999 -9999 -9999 -9999 36.7863082885742 36.7859992980957 36.7892379760742 36.7880210876465 36.776985168457 36.768424987793 36.7693481445312 36.773021697998 36.7821311950684 36.3554229736328 35.4258460998535 35.0257301330566 34.9892120361328 34.9687576293945 34.9545097351074 34.9492225646973 34.9455146789551 34.9450836181641 34.9447593688965 34.9447479248047 34.9447631835938 34.9448776245117 34.9449577331543 34.9449882507324 34.9449729919434 34.9449157714844 34.944881439209 34.9448661804199 34.9448699951172 34.944881439209 34.9448127746582 34.9447288513184 34.9447174072266 34.9447021484375 34.9446792602539 34.9446563720703 34.9446182250977 34.9445953369141 34.9445953369141 34.9445915222168 34.9445953369141 34.944580078125
-9999 -9999 -9999 -9999 -9999 36.794002532959 36.7946434020996 36.7926025390625 36.7943649291992 36.7796783447266 36.7682685852051 36.7693977355957 36.7732162475586 36.7823638916016 36.3553810119629 35.425163269043 35.0250358581543 34.9889373779297 34.9697456359863 34.9570770263672 34.9506416320801 34.9453010559082 34.9448699951172 34.9445838928223 34.9446105957031 34.9446754455566 34.9448585510254 34.9449043273926 34.944709777832 34.9446144104004 34.9446296691895 34.9446487426758 34.9446640014648 34.9446792602539 34.944694519043 34.9446716308594 34.9446449279785 34.9446182250977 34.9445877075195 34.9445686340332 34.9445457458496 34.9445343017578 34.944522857666 34.9445152282715 34.9445114135742 34.9445152282715 34.944507598877
-9999 -9999 -9999 -9999 -9999 -9999 36.8013610839844 36.8020935058594 36.8007049560547 36.7821426391602 36.7677612304688 36.7693862915039 36.7735557556152 36.7827644348145 36.3624382019043 35.4465065002441 35.0459327697754 34.9992828369141 34.9755249023438 34.9606056213379 34.952220916748 34.944995880127 34.9446678161621 34.9445381164551 34.9447708129883 34.9450645446777 34.9455718994141 34.9458541870117 34.945743560791 34.9456825256348 34.945671081543 34.9456520080566 34.9456214904785 34.9456024169922 34.9455871582031 34.9455261230469 34.9454536437988 34.9450988769531 34.9447708129883 34.944637298584 34.9445381164551 34.9445190429688 34.9444961547852 34.9444770812988 34.9444541931152 34.9444351196289 34.9445495605469
-9999 -9999 -9999 -9999 -9999 -9999 36.8073348999023 36.809383392334 36.8066902160645 36.7844734191895 36.7672958374023 36.7694091796875 36.7737998962402 36.7826995849609 36.3687057495117 35.4667510986328 35.0658836364746 35.0091285705566 34.9809608459473 34.9638366699219 34.9536590576172 34.944709777832 34.944507598877 34.9445419311523 34.9449996948242 34.9455337524414 34.9463157653809 34.9468078613281 34.9467887878418 34.9467658996582 34.9467315673828 34.9466743469238 34.9466018676758 34.9465522766113 34.9465103149414 34.946403503418 34.9462890625 34.9456329345703 34.9450378417969 34.9448051452637 34.9446258544922 34.9445953369141 34.9445648193359 34.9445304870605 34.9444885253906 34.9444465637207 34.9446754455566
-9999 -9999 -9999 -9999 -9999 -9999 36.8172187805176 36.8105316162109 36.8088607788086 36.7855033874512 36.7674674987793 36.7698097229004 36.7729454040527 36.777645111084 36.363094329834 35.4647941589355 35.0653648376465 35.0085296630859 34.9804534912109 34.9634819030762 34.953483581543 34.9447174072266 34.9447288513184 34.9450035095215 34.9458770751953 34.9466438293457 34.9470748901367 34.9473495483398 34.9473533630371 34.9473419189453 34.9473152160645 34.9473114013672 34.9473152160645 34.9472846984863 34.9472351074219 34.9471015930176 34.9469528198242 34.9464950561523 34.9460716247559 34.9458847045898 34.945728302002 34.9456748962402 34.945613861084 34.9455375671387 34.945484161377 34.9454574584961 34.9456329345703
-9999 -9999 -9999 -9999 -9999 36.857063293457 36.8296356201172 36.8317413330078 36.8055114746094 36.7842750549316 36.767993927002 36.770679473877 36.7605590820312 36.7250938415527 36.3050308227539 35.4412002563477 35.0577735900879 35.0042572021484 34.9776458740234 34.9614219665527 34.952449798584 34.9447555541992 34.9451141357422 34.9457054138184 34.9467887878418 34.9476547241211 34.9478034973145 34.9479064941406 34.947925567627 34.9479217529297 34.9478988647461 34.9479217529297 34.9479713439941 34.947940826416 34.9478874206543 34.9477348327637 34.9475708007812 34.9472808837891 34.9470138549805 34.9468574523926 34.9467277526855 34.9466590881348 34.9465713500977 34.9464569091797 34.9463844299316 34.9463500976562 34.9464645385742
-9999 -9999 -9999 -9999 36.9113388061523 36.8709259033203 36.857063293457 36.819206237793 36.7819290161133 36.7747764587402 36.7698211669922 36.7732620239258 36.7058906555176 36.4983901977539 36.0546379089355 35.3382835388184 35.0242500305176 34.9865074157715 34.9664077758789 34.9531173706055 34.9482727050781 34.9449195861816 34.9460868835449 34.9472808837891 34.9478378295898 34.9482955932617 34.9484252929688 34.9485092163086 34.9485168457031 34.9485015869141 34.9484672546387 34.9484329223633 34.9483985900879 34.9483375549316 34.9482650756836 34.9481391906738 34.9480018615723 34.9477996826172 34.9476051330566 34.9474563598633 34.9473304748535 34.9472846984863 34.9471969604492 34.9470558166504 34.9469299316406 34.9468193054199 34.9468307495117
