Ecospace-environmental-drivers/Outputs/ASCII-for-ecospace/MOM6-ISIMIP3a/so-bot/1998-10_so-bot_MOM6-ISIMIP3a.asc
NCOLS 131 
NROWS 53 
XLLCORNER -98 
YLLCORNER 23.9265270233154 
CELLSIZE 0.133587792515755 
NODATA_value -9999 
[rows 21 to 41 of 53, columns 47 to 93 of 131]
36.3872337341309 36.3921585083008 36.3951721191406 36.3707733154297 36.3427391052246 36.292308807373 36.251407623291 36.2589797973633 36.2856636047363 36.3584899902344 36.4242362976074 36.4802665710449 36.5725059509277 36.6943626403809 36.4349365234375 35.9948997497559 35.5437698364258 35.0899848937988 35.0487365722656 35.0354499816895 35.0167045593262 34.9964065551758 34.9696350097656 34.9503288269043 34.94677734375 34.9447860717773 34.9446983337402 34.9446640014648 34.9446716308594 34.9446754455566 34.9446830749512 34.9448051452637 34.9449462890625 34.9462089538574 34.947868347168 34.9529914855957 34.9654922485352 35.0039215087891 35.041748046875 35.0784606933594 35.1207466125488 35.1691055297852 35.2522354125977 35.3578681945801 35.5019721984863 35.6598968505859 35.9317436218262
36.5817031860352 36.5883140563965 36.5935554504395 36.582878112793 36.570125579834 36.5453338623047 36.5194664001465 36.4881172180176 36.477912902832 36.5187721252441 36.4775428771973 36.323616027832 36.2314262390137 36.1897430419922 35.9438056945801 35.6011199951172 35.3214302062988 35.0567932128906 35.0152435302734 34.9903450012207 34.9847869873047 34.9770011901855 34.9599113464355 34.947696685791 34.9457778930664 34.9447059631348 34.9446716308594 34.9446601867676 34.9446678161621 34.9446754455566 34.9446868896484 34.944709777832 34.9447326660156 34.9448394775391 34.945140838623 34.9473304748535 34.953182220459 34.9719314575195 34.9904479980469 35.0085334777832 35.0358467102051 35.0732116699219 35.1256141662598 35.1877479553223 35.2861709594727 35.3976249694824 35.6459732055664
36.7331390380859 36.7344818115234 36.7335357666016 36.7304039001465 36.7270317077637 36.7231826782227 36.7084732055664 36.6385231018066 36.5896148681641 36.5915069580078 36.4458885192871 36.0977516174316 35.8368721008301 35.647388458252 35.4285087585449 35.1957015991211 35.1019744873047 35.0414772033691 35.001350402832 34.965087890625 34.9646224975586 34.9623947143555 34.9527816772461 34.945987701416 34.9451446533203 34.9446754455566 34.9446640014648 34.9446640014648 34.9446678161621 34.9446792602539 34.944694519043 34.9446983337402 34.9447059631348 34.9447250366211 34.9447402954102 34.9447364807129 34.9447441101074 34.9447860717773 34.9454154968262 34.9471321105957 34.9619750976562 34.9911155700684 35.0147285461426 35.0347671508789 35.085750579834 35.1478500366211 35.3579368591309
36.348331451416 36.2531700134277 36.1293678283691 36.117015838623 36.1128845214844 36.0228157043457 35.9428215026855 35.9141082763672 35.8724746704102 35.7996520996094 35.6915168762207 35.5348968505859 35.4177017211914 35.3327598571777 35.2221488952637 35.0993766784668 35.0450973510742 35.0071868896484 34.9823608398438 34.959846496582 34.9578552246094 34.955207824707 34.949821472168 34.9459075927734 34.9451141357422 34.9446716308594 34.9446678161621 34.9446678161621 34.9446716308594 34.9446868896484 34.9447059631348 34.9447288513184 34.944751739502 34.944766998291 34.9447746276855 34.9447708129883 34.9447708129883 34.9447822570801 34.9450607299805 34.9458274841309 34.9524841308594 34.9655647277832 34.9761428833008 34.9850997924805 35.0209884643555 35.0665512084961 35.1990509033203
35.9311981201172 35.7740135192871 35.5716896057129 35.5532264709473 35.5484046936035 35.4038276672363 35.2837333679199 35.2881507873535 35.2560005187988 35.1355476379395 35.0656127929688 35.0650367736816 35.0648231506348 35.0649108886719 35.0443496704102 35.0140075683594 34.9937438964844 34.9758834838867 34.964714050293 34.9545021057129 34.9515838623047 34.9488906860352 34.947135925293 34.945728302002 34.9450454711914 34.9446716308594 34.9446678161621 34.9446716308594 34.9446792602539 34.944694519043 34.9447174072266 34.9447555541992 34.9447975158691 34.9448051452637 34.9448089599609 34.9448051452637 34.9447975158691 34.9447860717773 34.9447746276855 34.9447631835938 34.9447593688965 34.9447631835938 34.9447250366211 34.9446640014648 34.9659194946289 34.9948348999023 35.0583305358887
35.3723258972168 35.3043060302734 35.2178726196289 35.2069244384766 35.2016792297363 35.141674041748 35.0918617248535 35.0939064025879 35.0809059143066 35.0315895080566 35.0030136108398 35.0029106140137 35.0026245117188 35.0021858215332 34.9917869567871 34.976676940918 34.9665832519531 34.957691192627 34.9529609680176 34.9487266540527 34.9475059509277 34.9463844299316 34.9456672668457 34.9450912475586 34.9448165893555 34.9446640014648 34.9446678161621 34.9446754455566 34.9446868896484 34.944709777832 34.9447326660156 34.9447746276855 34.9448204040527 34.9448318481445 34.9448394775391 34.9448356628418 34.9448280334473 34.9448127746582 34.9447975158691 34.9447822570801 34.9447746276855 34.9447746276855 34.9447555541992 34.9447250366211 34.9533653259277 34.9651222229004 34.9972534179688
34.9827308654785 34.976692199707 34.9705696105957 34.9656944274902 34.9610595703125 34.9594612121582 34.9582023620605 34.9586486816406 34.9588279724121 34.958381652832 34.9581642150879 34.9582710266113 34.9577941894531 34.9568481445312 34.9539031982422 34.950008392334 34.9474105834961 34.945125579834 34.9448623657227 34.9447441101074 34.9446983337402 34.9446640014648 34.9446563720703 34.9446563720703 34.9446601867676 34.9446678161621 34.9446754455566 34.9446868896484 34.9447021484375 34.9447288513184 34.9447593688965 34.9448013305664 34.9448432922363 34.9448585510254 34.9448699951172 34.9448661804199 34.9448585510254 34.9448356628418 34.9448165893555 34.9448013305664 34.9447975158691 34.9448013305664 34.9447975158691 34.9447898864746 34.9447784423828 34.944766998291 34.9538955688477
34.9624710083008 34.9591064453125 34.9556617736816 34.9537010192871 34.9519500732422 34.9516792297363 34.9515419006348 34.9520835876465 34.9524192810059 34.952262878418 34.9520530700684 34.951774597168 34.9508743286133 34.9494590759277 34.9480361938477 34.9466133117676 34.9456672668457 34.9448394775391 34.9447364807129 34.9446868896484 34.9446640014648 34.9446487426758 34.9446487426758 34.944652557373 34.9446640014648 34.9446754455566 34.9446868896484 34.9447021484375 34.9447212219238 34.9447593688965 34.9448013305664 34.9448356628418 34.9448661804199 34.9448852539062 34.944896697998 34.9448928833008 34.944881439209 34.9448585510254 34.9448356628418 34.94482421875 34.9448280334473 34.9448509216309 34.9448623657227 34.9448661804199 34.9448471069336 34.9448204040527 34.9491920471191
34.9497375488281 34.9482841491699 34.94677734375 34.9465408325195 34.9464492797852 34.9468040466309 34.9471778869629 34.947639465332 34.9479522705078 34.9479179382324 34.9477310180664 34.947338104248 34.9464569091797 34.945182800293 34.9447479248047 34.9447135925293 34.944694519043 34.9446830749512 34.9446716308594 34.9446601867676 34.944652557373 34.9446487426758 34.944652557373 34.9446563720703 34.9446716308594 34.9446868896484 34.9447021484375 34.9447212219238 34.9447441101074 34.9447860717773 34.9448356628418 34.9448661804199 34.944896697998 34.9449119567871 34.9449234008789 34.9449157714844 34.9449043273926 34.9448776245117 34.9448585510254 34.9448471069336 34.9448623657227 34.9449043273926 34.9449348449707 34.9449615478516 34.944938659668 34.9449043273926 34.9462127685547
34.9464797973633 34.9459800720215 34.9454765319824 34.9454574584961 34.9454917907715 34.9455947875977 34.9457015991211 34.9458541870117 34.9459266662598 34.94580078125 34.9456558227539 34.9454803466797 34.945198059082 34.9448280334473 34.9447021484375 34.9446983337402 34.944694519043 34.9446907043457 34.9446830749512 34.9446716308594 34.9446678161621 34.9446640014648 34.9446678161621 34.9446716308594 34.9446868896484 34.9447021484375 34.9447174072266 34.9447364807129 34.9447593688965 34.9448013305664 34.9448547363281 34.9448928833008 34.9449272155762 34.9449424743652 34.944953918457 34.9449424743652 34.9449272155762 34.9449005126953 34.944881439209 34.9448776245117 34.9449043273926 34.9449615478516 34.9450149536133 34.945068359375 34.9450569152832 34.9450225830078 34.9454040527344
34.9449996948242 34.9449195861816 34.9448471069336 34.9449043273926 34.9449729919434 34.9449501037598 34.9449310302734 34.9449348449707 34.9449005126953 34.9447746276855 34.9447021484375 34.944694519043 34.9447021484375 34.9447174072266 34.9447288513184 34.9447364807129 34.9447326660156 34.9447250366211 34.9447135925293 34.9446983337402 34.9446907043457 34.9446830749512 34.9446830749512 34.9446868896484 34.9446983337402 34.9447174072266 34.9447364807129 34.9447593688965 34.9447860717773 34.9448318481445 34.9448852539062 34.9449234008789 34.9449615478516 34.9449691772461 34.9449768066406 34.9449615478516 34.9449462890625 34.9449195861816 34.9449043273926 34.9449005126953 34.9449272155762 34.9449882507324 34.9450569152832 34.945125579834 34.9451370239258 34.9451293945312 34.9451141357422
34.9448585510254 34.9447898864746 34.9447212219238 34.9447479248047 34.9447822570801 34.9447326660156 34.9446868896484 34.9446601867676 34.9446258544922 34.9445724487305 34.9445915222168 34.944709777832 34.9447746276855 34.9447975158691 34.9448089599609 34.9448165893555 34.9448013305664 34.9447784423828 34.9447555541992 34.9447326660156 34.9447174072266 34.9447021484375 34.9446983337402 34.9447021484375 34.9447135925293 34.9447326660156 34.9447555541992 34.9447822570801 34.9448127746582 34.9448661804199 34.9449272155762 34.9449615478516 34.9449920654297 34.944995880127 34.944995880127 34.9449806213379 34.9449653625488 34.9449424743652 34.9449234008789 34.9449195861816 34.9449424743652 34.944995880127 34.9450645446777 34.9451484680176 34.945198059082 34.9452323913574 34.9452171325684
34.9447326660156 34.944694519043 34.9446487426758 34.9446601867676 34.9446754455566 34.9446334838867 34.9445953369141 34.9446182250977 34.9446296691895 34.9446258544922 34.944709777832 34.9449157714844 34.9450187683105 34.9450340270996 34.9450225830078 34.9449920654297 34.9449462890625 34.944896697998 34.9448547363281 34.9448127746582 34.9447746276855 34.9447441101074 34.9447402954102 34.9447402954102 34.9447555541992 34.9447746276855 34.9447975158691 34.94482421875 34.9448547363281 34.9449043273926 34.9449653625488 34.9449882507324 34.9450073242188 34.945011138916 34.9450149536133 34.945011138916 34.9450035095215 34.9449844360352 34.9449729919434 34.9449729919434 34.9449920654297 34.9450378417969 34.9451026916504 34.9451789855957 34.9452362060547 34.9452819824219 34.9452705383301
34.9446182250977 34.9446067810059 34.9445953369141 34.9446029663086 34.9446067810059 34.9445762634277 34.9445686340332 34.9446678161621 34.944751739502 34.9447898864746 34.9449310302734 34.9452095031738 34.9453353881836 34.9453430175781 34.9452896118164 34.9452056884766 34.9451217651367 34.9450416564941 34.9449768066406 34.9449119567871 34.9448471069336 34.9447937011719 34.9447898864746 34.9447937011719 34.9448089599609 34.94482421875 34.9448471069336 34.9448738098145 34.9449005126953 34.9449462890625 34.9450035095215 34.9450149536133 34.9450149536133 34.9450263977051 34.9450340270996 34.9450416564941 34.9450454711914 34.9450378417969 34.9450340270996 34.9450378417969 34.9450569152832 34.9450988769531 34.9451522827148 34.9452133178711 34.9452629089355 34.9453125 34.9453086853027
34.9445381164551 34.9445266723633 34.9445152282715 34.9444999694824 34.9444847106934 34.9444732666016 34.9445304870605 34.9449615478516 34.9452896118164 34.9453659057617 34.9454727172852 34.9456176757812 34.945671081543 34.9456405639648 34.9455337524414 34.9453964233398 34.9452629089355 34.9451370239258 34.9450645446777 34.9449996948242 34.944953918457 34.9449157714844 34.9449119567871 34.9449119567871 34.9449234008789 34.9449310302734 34.9449424743652 34.944953918457 34.9449691772461 34.9450035095215 34.9450416564941 34.945068359375 34.9450912475586 34.9451332092285 34.9451713562012 34.9451942443848 34.9452056884766 34.9452018737793 34.945198059082 34.9451942443848 34.9452018737793 34.9452285766602 34.945255279541 34.9452857971191 34.9453125 34.9453353881836 34.9453277587891
34.9444694519043 34.944450378418 34.9444274902344 34.9443893432617 34.9443550109863 34.9443550109863 34.9444923400879 34.9453048706055 34.9459114074707 34.9460220336914 34.9460792541504 34.9460563659668 34.9460067749023 34.9459342956543 34.9457778930664 34.9455795288086 34.9454002380371 34.9452209472656 34.9451446533203 34.9450798034668 34.945068359375 34.9450569152832 34.9450531005859 34.9450492858887 34.9450492858887 34.9450492858887 34.9450454711914 34.9450454711914 34.9450454711914 34.9450607299805 34.9450836181641 34.9451293945312 34.9451789855957 34.9452590942383 34.9453353881836 34.945369720459 34.9453964233398 34.9453887939453 34.9453811645508 34.945369720459 34.9453659057617 34.945369720459 34.945369720459 34.9453659057617 34.9453620910645 34.9453582763672 34.9453468322754
34.9448127746582 34.9448547363281 34.9448280334473 34.9448280334473 34.9448432922363 34.9452819824219 34.9457359313965 34.9462852478027 34.9466743469238 34.9466781616211 34.9466094970703 34.9464416503906 34.9463043212891 34.9461936950684 34.9460334777832 34.9458503723145 34.9456634521484 34.9454765319824 34.9453468322754 34.9452247619629 34.9451599121094 34.9451026916504 34.9450912475586 34.9450798034668 34.9450798034668 34.9450798034668 34.9450836181641 34.9451026916504 34.9451370239258 34.9451904296875 34.9452514648438 34.9453239440918 34.9454002380371 34.9454612731934 34.9455146789551 34.9455146789551 34.9455070495605 34.9454879760742 34.9454650878906 34.9454498291016 34.9454383850098 34.9454307556152 34.9454154968262 34.9453964233398 34.9453811645508 34.945369720459 34.9453620910645
34.9452285766602 34.9453277587891 34.9453048706055 34.9453392028809 34.9454040527344 34.9462356567383 34.9469718933105 34.9472389221191 34.9473991394043 34.9472999572754 34.9471168518066 34.9468193054199 34.9466018676758 34.9464454650879 34.9462852478027 34.9461212158203 34.9459381103516 34.9457473754883 34.9455642700195 34.9453887939453 34.9452667236328 34.9451675415039 34.9451446533203 34.945125579834 34.9451141357422 34.9451141357422 34.945125579834 34.9451675415039 34.9452323913574 34.9453239440918 34.9454231262207 34.9455223083496 34.9456176757812 34.9456520080566 34.9456825256348 34.9456443786621 34.9456100463867 34.9455718994141 34.9455413818359 34.9455223083496 34.945499420166 34.9454803466797 34.9454536437988 34.9454231262207 34.9454002380371 34.9453773498535 34.9453735351562
34.9461936950684 34.9463157653809 34.9463653564453 34.9463958740234 34.9464416503906 34.9470138549805 34.947509765625 34.9476165771484 34.9476661682129 34.947566986084 34.9474105834961 34.9471664428711 34.9469108581543 34.946647644043 34.9464912414551 34.9463920593262 34.9462471008301 34.9460945129395 34.9459114074707 34.945728302002 34.9455833435059 34.9454536437988 34.9453887939453 34.9453353881836 34.9452972412109 34.9452743530273 34.9452705383301 34.9453010559082 34.9453544616699 34.9454536437988 34.9455718994141 34.9456596374512 34.945743560791 34.9457511901855 34.9457473754883 34.945671081543 34.9456024169922 34.9455528259277 34.9455184936523 34.9455070495605 34.9454917907715 34.9454727172852 34.9454460144043 34.9454116821289 34.9453887939453 34.9453735351562 34.945369720459
34.9469985961914 34.9471397399902 34.9472541809082 34.9472923278809 34.9473342895508 34.9476699829102 34.9479484558105 34.9479331970215 34.9478950500488 34.9478034973145 34.9476699829102 34.9474792480469 34.9472198486328 34.9468994140625 34.9467620849609 34.9467086791992 34.9466094970703 34.9464950561523 34.9463272094727 34.9461555480957 34.9460029602051 34.9458618164062 34.9457664489746 34.945686340332 34.9456329345703 34.9455871582031 34.945556640625 34.9455604553223 34.9455909729004 34.9456672668457 34.9457664489746 34.9458274841309 34.9458808898926 34.945858001709 34.9458236694336 34.9457015991211 34.9455986022949 34.9455375671387 34.945499420166 34.9454917907715 34.9454803466797 34.9454612731934 34.9454345703125 34.9454002380371 34.9453773498535 34.9453659057617 34.9453659057617
34.9472045898438 34.9473533630371 34.9475173950195 34.9476127624512 34.9477005004883 34.947883605957 34.9480323791504 34.9480133056641 34.9479789733887 34.9479064941406 34.9478034973145 34.9476661682129 34.947509765625 34.947338104248 34.9472541809082 34.9472122192383 34.947151184082 34.9470901489258 34.9469985961914 34.9469032287598 34.9468078613281 34.9467163085938 34.9466400146484 34.9465713500977 34.9465179443359 34.9464569091797 34.9463768005371 34.9463005065918 34.9462203979492 34.946174621582 34.9461364746094 34.9461059570312 34.9460754394531 34.9460105895996 34.9459342956543 34.9457626342773 34.9456100463867 34.9455299377441 34.9454765319824 34.9454765319824 34.9454612731934 34.9454345703125 34.9454040527344 34.945369720459 34.9453544616699 34.9453468322754 34.9453506469727
