Ecospace-environmental-drivers/Outputs/ASCII-for-ecospace/MOM6-ISIMIP3a/so-bot/1999-10_so-bot_MOM6-ISIMIP3a.asc
NCOLS 131 
NROWS 53 
XLLCORNER -98 
YLLCORNER 23.9265270233154 
CELLSIZE 0.133587792515755 
NODATA_value -9999 
[rows 21 to 41 of 53, columns 0 to 46 of 131]
-9999 -9999 -9999 -9999 -9999 -9999 35.0835647583008 35.0637512207031 35.0094146728516 34.9234962463379 34.8519020080566 34.7731666564941 34.7481918334961 34.6738014221191 34.6151695251465 34.5747222900391 34.6087989807129 34.6940574645996 34.7820243835449 34.8710403442383 34.9574432373047 35.043384552002 35.2502517700195 35.4475288391113 35.5428161621094 35.630802154541 35.695125579834 35.7660255432129 35.8484077453613 35.9324340820312 36.0181465148926 36.0697898864746 36.1006736755371 36.1394805908203 36.1809310913086 36.2153701782227 36.2486839294434 36.2603225708008 36.2707481384277 36.2734642028809 36.2720947265625 36.2593650817871 36.2624664306641 36.2900314331055 36.2948875427246 36.2788963317871 36.2711486816406
-9999 -9999 -9999 -9999 -9999 -9999 35.0867080688477 35.0835647583008 35.0439338684082 34.9866714477539 34.9234962463379 34.8590393066406 34.8308525085449 34.8744354248047 34.9493942260742 35.0605583190918 35.1792297363281 35.3030586242676 35.4035453796387 35.4950180053711 35.5666580200195 35.6347961425781 35.822639465332 35.9981536865234 36.0490493774414 36.0962982177734 36.131721496582 36.1694030761719 36.2110214233398 36.2515983581543 36.2911071777344 36.3125038146973 36.3228645324707 36.3362884521484 36.3507270812988 36.4006233215332 36.4551010131836 36.4655838012695 36.4754371643066 36.481315612793 36.4845733642578 36.4805335998535 36.4833869934082 36.4968910217285 36.4964561462402 36.483226776123 36.4775428771973
-9999 -9999 -9999 -9999 35.1621246337891 35.1133766174316 35.0897941589355 35.0867691040039 35.0835647583008 35.0043029785156 34.9353179931641 34.9056816101074 34.9442901611328 35.1179351806641 35.3298110961914 35.585807800293 35.7800407409668 35.9318618774414 36.0359306335449 36.1215553283691 36.1738433837891 36.2202491760254 36.3700218200684 36.5062561035156 36.510814666748 36.5157699584961 36.5220375061035 36.5296974182129 36.5397987365723 36.5458946228027 36.5478706359863 36.5435218811035 36.535327911377 36.5239486694336 36.5115089416504 36.5755386352539 36.649658203125 36.656665802002 36.6631546020508 36.6663475036621 36.6690711975098 36.670482635498 36.6710472106934 36.6703033447266 36.665714263916 36.657600402832 36.6548461914062
-9999 -9999 -9999 -9999 35.2732696533203 35.1720581054688 35.1369590759277 35.0897941589355 35.0869522094727 35.0507965087891 35.0575256347656 35.2284049987793 35.4362564086914 35.7172546386719 35.952995300293 36.1365127563477 36.2585220336914 36.3382949829102 36.3908538818359 36.4329109191895 36.4767951965332 36.5209999084473 36.4704551696777 36.4241218566895 36.43017578125 36.4345970153809 36.4337043762207 36.4690856933594 36.5677642822266 36.6304931640625 36.6562232971191 36.6635971069336 36.659782409668 36.6541633605957 36.6479415893555 36.6751174926758 36.7063941955566 36.6657600402832 36.6169548034668 36.5161361694336 36.4205551147461 36.3395652770996 36.291374206543 36.293872833252 36.2956466674805 36.2967491149902 36.298656463623
-9999 -9999 -9999 -9999 -9999 35.2732696533203 35.1882019042969 35.1841239929199 35.1010475158691 35.1441802978516 35.2464714050293 35.5752182006836 35.9087867736816 36.2519073486328 36.4796867370605 36.5743827819824 36.5936508178711 36.5611152648926 36.5416717529297 36.5272789001465 36.5561752319336 36.5927085876465 36.4000091552734 36.2242050170898 36.2310180664062 36.2347259521484 36.2283744812012 36.280200958252 36.4335517883301 36.532054901123 36.5741233825684 36.5920143127441 36.5951805114746 36.5950088500977 36.5937232971191 36.5908966064453 36.5873603820801 36.514778137207 36.4290542602539 36.2596435546875 36.0994834899902 35.9650688171387 35.8852577209473 35.8898239135742 35.8958778381348 35.9032974243164 35.9077644348145
-9999 -9999 -9999 -9999 -9999 35.2832260131836 35.2732696533203 35.205623626709 35.1620979309082 35.4431495666504 35.7280426025391 36.0276412963867 36.2961120605469 36.503002166748 36.5832901000977 36.5175132751465 36.3002166748047 35.9788703918457 35.7975273132324 35.6702423095703 35.6552619934082 35.660099029541 35.5803070068359 35.507869720459 35.5121650695801 35.5144081115723 35.5100212097168 35.5288543701172 35.5882148742676 35.6310653686523 35.6569290161133 35.6800918579102 35.7016143798828 35.7055282592773 35.7035713195801 35.7007637023926 35.6976089477539 35.6619148254395 35.6198387145996 35.5371475219727 35.4602546691895 35.3994903564453 35.3631820678711 35.364673614502 35.365909576416 35.3669128417969 35.3647117614746
-9999 -9999 35.3029747009277 35.3011360168457 35.2997894287109 35.2931938171387 35.2832145690918 35.2495613098145 35.2514762878418 35.6850814819336 36.0848579406738 36.3551445007324 36.5707893371582 36.6783027648926 36.6132011413574 36.3489227294922 35.9685173034668 35.5083656311035 35.2498474121094 35.0691871643066 35.029109954834 35.013843536377 35.0113983154297 35.0097236633301 35.012134552002 35.0132751464844 35.010311126709 35.0070991516113 35.0034484863281 35.0083274841309 35.0219879150391 35.0450630187988 35.0738677978516 35.079647064209 35.077751159668 35.075252532959 35.0726127624512 35.0622100830078 35.0504493713379 35.0300369262695 35.0126724243164 35.0037994384766 34.9977798461914 34.9961738586426 34.9938697814941 34.9909210205078 34.9851150512695
-9999.000000000000000 -9999 -9999 -9999 35.3104209899902 35.3063850402832 35.3124656677246 35.3424491882324 35.4026565551758 35.8025550842285 36.1694602966309 36.4100914001465 36.5996704101562 36.6882438659668 36.4823112487793 35.9365730285645 35.5533180236816 35.2816505432129 35.1308212280273 35.0266494750977 35.0024528503418 34.9923706054688 34.9896850585938 34.9876365661621 34.9895439147949 34.990364074707 34.987663269043 34.9862785339355 34.9871978759766 34.9926910400391 35.0028953552246 35.0141639709473 35.0260810852051 35.0288963317871 35.0286750793457 35.027099609375 35.0252723693848 35.0148696899414 35.0043258666992 34.9928588867188 34.9832458496094 34.9787826538086 34.9742088317871 34.9694709777832 34.9664077758789 34.9648818969727 34.9621467590332
-9999 -9999 -9999 -9999 35.3236885070801 35.3316802978516 35.3308868408203 35.4136047363281 35.521858215332 35.8780822753906 36.2118225097656 36.4595069885254 36.6149597167969 36.5879173278809 36.2704963684082 35.618034362793 35.2690162658691 35.1283950805664 35.0509757995605 34.9979667663574 34.9824295043945 34.9735107421875 34.9711990356445 34.9694290161133 34.9709396362305 34.9717864990234 34.9704780578613 34.9707183837891 34.9736518859863 34.9786987304688 34.9859275817871 34.9897270202637 34.9914474487305 34.9919357299805 34.9920196533203 34.9907150268555 34.9891738891602 34.9809875488281 34.9731788635254 34.9677467346191 34.9631652832031 34.9609565734863 34.9576072692871 34.9525032043457 34.9497489929199 34.9491500854492 34.9483299255371
-9999 -9999 -9999 -9999 35.3323440551758 35.3330039978027 35.3338203430176 35.4574165344238 35.6008262634277 35.9008369445801 36.2010383605957 36.5019683837891 36.6131477355957 36.3488655090332 35.9568672180176 35.4175109863281 35.1493911743164 35.0675506591797 35.0204277038574 34.9867172241211 34.9707565307617 34.9579315185547 34.9567756652832 34.9561080932617 34.957347869873 34.9586524963379 34.9601707458496 34.9617691040039 34.9635047912598 34.9667778015137 34.9716262817383 34.9734191894531 34.9733505249023 34.9723281860352 34.9709892272949 34.9691429138184 34.9672164916992 34.9640426635742 34.960880279541 34.9578132629395 34.9548492431641 34.9521751403809 34.9497718811035 34.9477882385254 34.9466857910156 34.9463958740234 34.9460258483887
-9999 -9999 -9999 -9999 35.3330039978027 35.3339920043945 35.3351516723633 35.4636878967285 35.6107482910156 35.8957214355469 36.1852340698242 36.4921112060547 36.6189384460449 36.3894882202148 35.98388671875 35.3750228881836 35.089542388916 35.0261383056641 34.9934692382812 34.9726676940918 34.9604148864746 34.9496688842773 34.9493446350098 34.949390411377 34.9505653381348 34.952091217041 34.9547271728516 34.9566917419434 34.9574813842773 34.9588928222656 34.9609489440918 34.9612274169922 34.9604263305664 34.959156036377 34.9577331542969 34.9560585021973 34.9543495178223 34.953540802002 34.9526481628418 34.9512023925781 34.9495697021484 34.9474067687988 34.9459190368652 34.9454650878906 34.9451904296875 34.9450836181641 34.9449424743652
-9999 -9999 -9999 -9999 35.3340492248535 35.3351516723633 35.4433288574219 35.4418029785156 35.5688819885254 35.8697052001953 36.1656684875488 36.4430198669434 36.6304321289062 36.6398773193359 36.2663917541504 35.4510688781738 35.074520111084 34.9993019104004 34.9692001342773 34.9565200805664 34.9510688781738 34.9468955993652 34.9471588134766 34.9476203918457 34.9488945007324 34.9504547119141 34.9529342651367 34.9545211791992 34.9545478820801 34.9540405273438 34.9529838562012 34.9521217346191 34.9513778686523 34.9508171081543 34.9503135681152 34.9493370056152 34.9483032226562 34.9478759765625 34.9474563598633 34.9470863342285 34.9465675354004 34.9456558227539 34.9450531005859 34.9449310302734 34.9448661804199 34.9448547363281 34.9447746276855
-9999 -9999 -9999 -9999 35.3351516723633 35.4559326171875 35.5024604797363 35.5326766967773 35.5578002929688 35.8782043457031 36.1836433410645 36.4318046569824 36.6272926330566 36.7185554504395 36.3520088195801 35.457218170166 35.0543937683105 34.989429473877 34.9628562927246 34.9511108398438 34.9478149414062 34.9460067749023 34.9461212158203 34.9463424682617 34.9471130371094 34.9480590820312 34.949577331543 34.950553894043 34.9505767822266 34.9499626159668 34.9486885070801 34.9479331970215 34.9474868774414 34.9472694396973 34.9471282958984 34.9465446472168 34.9458961486816 34.9456939697266 34.9455108642578 34.9454536437988 34.9453163146973 34.9449501037598 34.9447212219238 34.9447059631348 34.9447021484375 34.9447021484375 34.9446563720703
-9999 -9999 -9999 -9999 -9999 35.5345878601074 35.5427856445312 35.5328979492188 35.5599060058594 35.901496887207 36.2177124023438 36.4368209838867 36.6178779602051 36.7236480712891 36.3532409667969 35.4334106445312 35.0320777893066 34.9868240356445 34.9641952514648 34.9503059387207 34.9471664428711 34.9459266662598 34.9455718994141 34.9452743530273 34.9452857971191 34.9453430175781 34.945556640625 34.9458160400391 34.9461631774902 34.946216583252 34.9459648132324 34.9458427429199 34.9458045959473 34.9457817077637 34.9457626342773 34.9454307556152 34.9450531005859 34.9450073242188 34.9449577331543 34.9448890686035 34.9448089599609 34.944694519043 34.9446220397949 34.9446105957031 34.9445991516113 34.9445877075195 34.9445610046387
-9999 -9999 -9999 -9999 -9999 35.5655097961426 35.5585174560547 35.5627861022949 35.5893630981445 35.9501762390137 36.2768821716309 36.473030090332 36.6355361938477 36.7314834594727 36.3535194396973 35.4287414550781 35.0275421142578 34.9859161376953 34.964958190918 34.9519844055176 34.9480743408203 34.9457626342773 34.9452934265137 34.9449005126953 34.9448165893555 34.944766998291 34.9448356628418 34.9449310302734 34.9450721740723 34.945125579834 34.9450950622559 34.9450950622559 34.9451179504395 34.9451217651367 34.945125579834 34.944953918457 34.9447593688965 34.9447479248047 34.9447288513184 34.9446868896484 34.9446449279785 34.9445991516113 34.9445762634277 34.9445762634277 34.9445724487305 34.9445648193359 34.9445457458496
-9999 -9999 -9999 -9999 -9999 35.6006202697754 35.5952224731445 35.5798645019531 35.6244773864746 36.0041122436523 36.3412399291992 36.5156898498535 36.6587982177734 36.7398872375488 36.3535995483398 35.4280319213867 35.0266876220703 34.9853591918945 34.9656028747559 34.9541816711426 34.9493026733398 34.9455757141113 34.945068359375 34.9446678161621 34.9446258544922 34.9446334838867 34.9448013305664 34.9448432922363 34.9446678161621 34.9445877075195 34.9446067810059 34.9446220397949 34.944637298584 34.944637298584 34.944637298584 34.9446105957031 34.9445838928223 34.9445762634277 34.9445686340332 34.9445610046387 34.9445495605469 34.9445419311523 34.9445381164551 34.9445495605469 34.9445571899414 34.9445610046387 34.9445533752441
-9999 -9999 -9999 -9999 -9999 -9999 35.6481170654297 35.6430168151855 35.6743202209473 36.0660514831543 36.4068489074707 36.5527076721191 36.6736488342285 36.7452850341797 36.3595962524414 35.4462280273438 35.0452919006348 34.9962692260742 34.9723625183105 34.9581489562988 34.9510231018066 34.9451446533203 34.9447746276855 34.9445648193359 34.9446907043457 34.944896697998 34.9453811645508 34.9456367492676 34.945499420166 34.9454154968262 34.9453887939453 34.945369720459 34.9453506469727 34.9453353881836 34.9453239440918 34.9453048706055 34.9452857971191 34.9450721740723 34.9448547363281 34.9446182250977 34.9444465637207 34.9444465637207 34.9444541931152 34.9444732666016 34.9444847106934 34.9444923400879 34.9446334838867
-9999 -9999 -9999 -9999 -9999 -9999 35.7062606811523 35.7214698791504 35.7259788513184 36.1277694702148 36.470703125 36.5883636474609 36.6875381469727 36.750129699707 36.365062713623 35.4634628295898 35.0629692077637 35.0065994262695 34.978702545166 34.9617958068848 34.9525871276855 34.9447326660156 34.9445190429688 34.9445114135742 34.9448318481445 34.9452514648438 34.9459953308105 34.9464340209961 34.946346282959 34.9462661743164 34.9461936950684 34.9461441040039 34.9461059570312 34.9460754394531 34.9460487365723 34.9460334777832 34.9460105895996 34.945613861084 34.9452133178711 34.9447746276855 34.9444541931152 34.9444618225098 34.9444770812988 34.9444999694824 34.9445190429688 34.9445343017578 34.9448127746582
-9999 -9999 -9999 -9999 -9999 -9999 35.7890586853027 35.7542991638184 35.7899780273438 36.1833114624023 36.5152473449707 36.6121711730957 36.6951484680176 36.7505187988281 36.3620376586914 35.4614143371582 35.0614128112793 35.0052070617676 34.9776496887207 34.9611549377441 34.9522552490234 34.9446983337402 34.9446983337402 34.9449234008789 34.9456977844238 34.9463653564453 34.9466972351074 34.9468803405762 34.9467964172363 34.946720123291 34.9466514587402 34.9466400146484 34.946662902832 34.9466590881348 34.946647644043 34.946605682373 34.9465560913086 34.9463233947754 34.9460906982422 34.9458503723145 34.9456672668457 34.9456596374512 34.9456634521484 34.9456901550293 34.945743560791 34.9458160400391 34.9459953308105
-9999 -9999 -9999 -9999 -9999 35.9214324951172 35.8956680297852 35.8914070129395 35.8908424377441 36.2543029785156 36.558952331543 36.6384811401367 36.6929740905762 36.697940826416 36.299690246582 35.4361915588379 35.0531158447266 34.9999618530273 34.9742050170898 34.9590225219727 34.9512100219727 34.944694519043 34.9450454711914 34.9456024169922 34.9466171264648 34.947395324707 34.9474105834961 34.947395324707 34.9473152160645 34.9472389221191 34.9471664428711 34.9471664428711 34.9472122192383 34.9472160339355 34.947208404541 34.9471473693848 34.9470748901367 34.9469795227051 34.9468879699707 34.9468002319336 34.9467277526855 34.9466972351074 34.9466896057129 34.9467124938965 34.9467735290527 34.9468688964844 34.946949005127
-9999 -9999 -9999 -9999 36.091911315918 35.9904861450195 35.9214324951172 36.0155410766602 36.1268615722656 36.3819427490234 36.5995864868164 36.6739540100098 36.6549377441406 36.4511413574219 36.019832611084 35.3260154724121 35.0201034545898 34.9805870056152 34.9619750976562 34.9514312744141 34.9475288391113 34.9447937011719 34.9460258483887 34.9472541809082 34.9477424621582 34.9481239318848 34.9481735229492 34.9481735229492 34.9480819702148 34.9479904174805 34.9478874206543 34.9477996826172 34.9477195739746 34.9476737976074 34.947639465332 34.9475746154785 34.9475059509277 34.947452545166 34.9473915100098 34.9472961425781 34.9472122192383 34.9471588134766 34.9471244812012 34.9471206665039 34.9470977783203 34.9470596313477 34.9470710754395
