Ecospace-environmental-drivers/Outputs/ASCII-for-ecospace/MOM6-ISIMIP3a/so-bot/1999-03_so-bot_MOM6-ISIMIP3a.asc
NCOLS 131 
NROWS 53 
XLLCORNER -98 
YLLCORNER 23.9265270233154 
CELLSIZE 0.133587792515755 
NODATA_value -9999 
[rows 21 to 41 of 53, columns 0 to 46 of 131]
-9999 -9999 -9999 -9999 -9999 -9999 35.2253952026367 35.2015609741211 35.1389045715332 35.039478302002 34.9771614074707 34.8919105529785 34.8774490356445 34.8343772888184 34.843692779541 34.913444519043 35.0548706054688 35.2455101013184 35.356502532959 35.4367408752441 35.4914016723633 35.5415458679199 35.6318664550781 35.7198257446289 35.7807884216309 35.837646484375 35.8811874389648 35.9276924133301 35.9793663024902 36.0284843444824 36.0749664306641 36.1247520446777 36.1765480041504 36.212718963623 36.2436828613281 36.2602424621582 36.2747459411621 36.2801818847656 36.2855110168457 36.2901611328125 36.2915534973145 36.2838859558105 36.2759437561035 36.2675743103027 36.2615585327148 36.2577056884766 36.2749252319336
-9999 -9999 -9999 -9999 -9999 -9999 35.2292823791504 35.2253952026367 35.1777229309082 35.1130218505859 35.039478302002 35.0000953674316 35.002010345459 35.085636138916 35.1792755126953 35.2844696044922 35.4198341369629 35.5759201049805 35.6772117614746 35.7573432922363 35.803409576416 35.8434600830078 35.9109344482422 35.9750709533691 36.0064125061035 36.0385665893555 36.0733757019043 36.1116256713867 36.1558837890625 36.1970481872559 36.2350234985352 36.2749214172363 36.3159980773926 36.3470458984375 36.3747520446777 36.3922500610352 36.4082984924316 36.4192276000977 36.429630279541 36.4366683959961 36.4401550292969 36.4337387084961 36.4260711669922 36.4164733886719 36.4049797058105 36.3917503356934 36.400577545166
-9999 -9999 -9999 -9999 35.2779312133789 35.2486000061035 35.2328872680664 35.2295608520508 35.2253952026367 35.1300506591797 35.0571632385254 35.070240020752 35.150146484375 35.3622856140137 35.5373039245605 35.6694946289062 35.788387298584 35.8981475830078 35.9855422973633 36.0643005371094 36.1052474975586 36.139518737793 36.1800498962402 36.216609954834 36.2189407348633 36.2270317077637 36.2537841796875 36.2853240966797 36.3252067565918 36.3587951660156 36.385913848877 36.4141960144043 36.4431915283203 36.4678039550781 36.4909553527832 36.5087738037109 36.5258560180664 36.5430641174316 36.5586891174316 36.5642585754395 36.5655212402344 36.5548057556152 36.544361114502 36.5343360900879 36.5181274414062 36.4962463378906 36.496166229248
-9999 -9999 -9999 -9999 35.3441505432129 35.2860870361328 35.2643127441406 35.2328872680664 35.2304039001465 35.1988220214844 35.2053298950195 35.3576393127441 35.5388984680176 35.7774353027344 35.9541816711426 36.0596351623535 36.1316413879395 36.1806793212891 36.2274131774902 36.273250579834 36.3149185180664 36.355842590332 36.333984375 36.3140678405762 36.3217926025391 36.3306198120117 36.3430328369141 36.379581451416 36.4582595825195 36.4873161315918 36.4653129577637 36.4696731567383 36.4900932312012 36.5086288452148 36.5265350341797 36.5410461425781 36.5551986694336 36.5846099853516 36.600341796875 36.5289993286133 36.4438743591309 36.3203735351562 36.2431755065918 36.2375297546387 36.2297019958496 36.2198677062988 36.2197608947754
-9999 -9999 -9999 -9999 -9999 35.3441505432129 35.3030014038086 35.2957420349121 35.2520713806152 35.2938117980957 35.381160736084 35.6431045532227 35.9000549316406 36.1471366882324 36.3117828369141 36.3813209533691 36.3766937255859 36.3211364746094 36.3065643310547 36.3078117370605 36.3418426513672 36.3816566467285 36.3158721923828 36.2562522888184 36.267261505127 36.2757301330566 36.2759399414062 36.312068939209 36.4108695983887 36.4346923828125 36.3813591003418 36.370475769043 36.3854560852051 36.3981704711914 36.4101333618164 36.4206962585449 36.4312286376953 36.4643478393555 36.4763984680176 36.3542594909668 36.2129783630371 36.0184097290039 35.8994102478027 35.8971900939941 35.8960456848145 35.895881652832 35.8954162597656
-9999 -9999 -9999 -9999 -9999 35.3522567749023 35.3441505432129 35.3392181396484 35.3467674255371 35.5037498474121 35.678295135498 35.9200706481934 36.1402168273926 36.3175582885742 36.4094886779785 36.4028587341309 36.1911659240723 35.8386421203613 35.6722450256348 35.5777206420898 35.5674781799316 35.5721130371094 35.5433692932129 35.5175971984863 35.5226669311523 35.5259323120117 35.5233573913574 35.5352249145508 35.5722961425781 35.5878105163574 35.5811424255371 35.5930786132812 35.616340637207 35.6243629455566 35.6273040771484 35.6311149597168 35.6350135803223 35.6346206665039 35.626350402832 35.5679206848145 35.5030670166016 35.4203300476074 35.3689308166504 35.3659706115723 35.3640594482422 35.3631210327148 35.3608589172363
-9999 -9999 35.3781204223633 35.3732032775879 35.3657379150391 35.3603706359863 35.3522453308105 35.390510559082 35.4465560913086 35.6824607849121 35.9159927368164 36.1404457092285 36.3323173522949 36.4597244262695 36.4509201049805 36.2849426269531 35.9294624328613 35.4438400268555 35.2061042785645 35.0640869140625 35.0278282165527 35.0102310180664 35.0069160461426 35.0043449401855 35.0053443908691 35.0051536560059 35.001106262207 34.9970054626465 34.9928245544434 35.0026473999023 35.0268821716309 35.0513877868652 35.0760612487793 35.0801620483398 35.0774040222168 35.0761070251465 35.0748710632324 35.0547904968262 35.0355110168457 35.0213432312012 35.0093765258789 35.003547668457 34.9983520507812 34.9941368103027 34.9914169311523 34.9900741577148 34.9870872497559
-9999.000000000000000 -9999 -9999 -9999 35.393497467041 35.3711090087891 35.3760566711426 35.4588584899902 35.5574417114258 35.7930335998535 36.0240135192871 36.2373428344727 36.419563293457 36.5402374267578 36.3695755004883 35.8627586364746 35.5015640258789 35.2403717041016 35.1068916320801 35.0227241516113 35.0002746582031 34.9887161254883 34.9854850769043 34.9828758239746 34.9839096069336 34.9840660095215 34.9813957214355 34.9794235229492 34.9786796569824 34.9885215759277 35.0092582702637 35.0239868164062 35.0350570678711 35.036922454834 35.0357208251953 35.032901763916 35.0298080444336 35.020206451416 35.0102272033691 34.9978790283203 34.9874420166016 34.9823341369629 34.9766502380371 34.9700698852539 34.966438293457 34.9655113220215 34.9641304016113
-9999 -9999 -9999 -9999 35.4350624084473 35.4490165710449 35.4273872375488 35.5319671630859 35.653003692627 35.889102935791 36.1176528930664 36.317310333252 36.4593124389648 36.487232208252 36.2002830505371 35.5500259399414 35.2176284790039 35.1035232543945 35.0393409729004 34.9944343566895 34.9798431396484 34.9706001281738 34.9679145812988 34.965763092041 34.9668312072754 34.9674644470215 34.9666938781738 34.9666366577148 34.9678268432617 34.9759292602539 34.9911422729492 34.9984817504883 35.0010261535645 35.0011596679688 35.0004920959473 34.9975624084473 34.9943161010742 34.9908256530762 34.9865226745605 34.9770278930664 34.9689826965332 34.9649658203125 34.960132598877 34.954044342041 34.9508438110352 34.9502983093262 34.9498977661133
-9999 -9999 -9999 -9999 35.467041015625 35.4850616455078 35.5073204040527 35.6110687255859 35.7292938232422 35.9669303894043 36.1932067871094 36.3759841918945 36.4393043518066 36.2662467956543 35.9203414916992 35.3749885559082 35.1148109436035 35.050479888916 35.0116195678711 34.9825897216797 34.9683723449707 34.9567680358887 34.9552040100098 34.9541244506836 34.9552345275879 34.9565048217773 34.9582901000977 34.9598770141602 34.9611129760742 34.9652633666992 34.9724044799805 34.9753646850586 34.9757690429688 34.9748001098633 34.9733772277832 34.9721183776855 34.9708709716797 34.9680023193359 34.9648017883301 34.9594688415527 34.9548950195312 34.9524307250977 34.9501457214355 34.9481315612793 34.9470596313477 34.946849822998 34.9466400146484
-9999 -9999 -9999 -9999 35.4850616455078 35.5120048522949 35.543628692627 35.6498718261719 35.7723045349121 36.0189895629883 36.2504386901855 36.423583984375 36.4863586425781 36.3307456970215 35.9611778259277 35.3447341918945 35.0642700195312 35.0145378112793 34.9876823425293 34.9696617126465 34.9588470458984 34.9493026733398 34.9485702514648 34.9482231140137 34.9494590759277 34.9510307312012 34.9537010192871 34.9556999206543 34.9565353393555 34.9580039978027 34.9601249694824 34.9606094360352 34.960090637207 34.9591102600098 34.9579734802246 34.957218170166 34.9565048217773 34.9545249938965 34.9524803161621 34.9500122070312 34.9478340148926 34.946460723877 34.945556640625 34.9453773498535 34.9452667236328 34.9452285766602 34.945125579834
-9999 -9999 -9999 -9999 35.5135650634766 35.543628692627 35.6696968078613 35.6584548950195 35.7903594970703 36.0517196655273 36.2939338684082 36.4628753662109 36.5837135314941 36.6093597412109 36.242603302002 35.4230728149414 35.0529365539551 34.9914207458496 34.9665870666504 34.9559173583984 34.9507751464844 34.9466094970703 34.9464950561523 34.9466247558594 34.9480438232422 34.9496726989746 34.9519691467285 34.9534645080566 34.953556060791 34.9533042907715 34.9526901245117 34.9521293640137 34.9515991210938 34.951416015625 34.9513511657715 34.9502220153809 34.9489479064941 34.9480590820312 34.9472122192383 34.9466400146484 34.9460487365723 34.9454154968262 34.9450187683105 34.9449844360352 34.9449691772461 34.9449806213379 34.9449157714844
-9999 -9999 -9999 -9999 35.543628692627 35.7200050354004 35.7814788818359 35.8268356323242 35.8397598266602 36.0982246398926 36.3378601074219 36.5053977966309 36.6370010375977 36.6974830627441 36.3185272216797 35.4325218200684 35.0393142700195 34.9845314025879 34.9618301391602 34.9515151977539 34.9479789733887 34.9456367492676 34.9455947875977 34.9456939697266 34.9465827941895 34.9475898742676 34.9489784240723 34.9498825073242 34.9499473571777 34.9495315551758 34.9486236572266 34.948070526123 34.9477348327637 34.9477653503418 34.9479179382324 34.9470520019531 34.9460525512695 34.9456748962402 34.9453468322754 34.9453239440918 34.9452285766602 34.9449462890625 34.9447784423828 34.9448013305664 34.9448165893555 34.94482421875 34.9447860717773
-9999 -9999 -9999 -9999 -9999 35.871337890625 35.8852081298828 35.8591499328613 35.9025917053223 36.1506385803223 36.3819694519043 36.5493087768555 36.6714019775391 36.7039680480957 36.3063774108887 35.4124526977539 35.024715423584 34.9846000671387 34.9640769958496 34.9511184692383 34.9474411010742 34.9454002380371 34.9451942443848 34.9450492858887 34.9450988769531 34.9451942443848 34.945442199707 34.9457244873047 34.9460639953613 34.946159362793 34.9459991455078 34.9459075927734 34.945858001709 34.9458465576172 34.9458503723145 34.9455261230469 34.9451522827148 34.9450416564941 34.944938659668 34.9448890686035 34.94482421875 34.9447174072266 34.9446678161621 34.9447059631348 34.9447212219238 34.944709777832 34.9446830749512
-9999 -9999 -9999 -9999 -9999 35.9629516601562 35.9473304748535 35.9696388244629 35.9838638305664 36.222526550293 36.4414596557617 36.5848960876465 36.687629699707 36.7098197937012 36.3054237365723 35.4088134765625 35.0216293334961 34.9842948913574 34.9647598266602 34.9520950317383 34.9479560852051 34.9453239440918 34.9450225830078 34.9447937011719 34.9447250366211 34.9447021484375 34.9448318481445 34.944953918457 34.9450645446777 34.9451179504395 34.9451026916504 34.9450988769531 34.9451026916504 34.9450874328613 34.9450645446777 34.9449272155762 34.9447708129883 34.9447441101074 34.9447135925293 34.9446830749512 34.9446449279785 34.9446029663086 34.9445915222168 34.9446334838867 34.9446563720703 34.9446640014648 34.944652557373
-9999 -9999 -9999 -9999 -9999 36.0660057067871 36.0563201904297 36.0131988525391 36.0689544677734 36.2984390258789 36.5041313171387 36.618766784668 36.7000999450684 36.7155418395996 36.3067893981934 35.4085731506348 35.0209274291992 34.9839172363281 34.9651184082031 34.9533538818359 34.9486885070801 34.9452781677246 34.9449005126953 34.9446220397949 34.944580078125 34.9446029663086 34.94482421875 34.9448852539062 34.9446640014648 34.9445571899414 34.9445686340332 34.9445762634277 34.944580078125 34.9445648193359 34.9445457458496 34.9445190429688 34.9444961547852 34.9445114135742 34.944522857666 34.9445190429688 34.9445152282715 34.944507598877 34.9445190429688 34.9445610046387 34.9445991516113 34.9446296691895 34.944637298584
-9999 -9999 -9999 -9999 -9999 -9999 36.1943664550781 36.1861190795898 36.2029914855957 36.3990821838379 36.5711288452148 36.6511192321777 36.7081527709961 36.7197570800781 36.3133850097656 35.4247360229492 35.0368118286133 34.9927635192871 34.9704780578613 34.9565963745117 34.9501419067383 34.9450035095215 34.9447174072266 34.9445724487305 34.9447250366211 34.9449615478516 34.9454689025879 34.9457511901855 34.9456329345703 34.9455604553223 34.9455299377441 34.945499420166 34.9454689025879 34.945426940918 34.9453773498535 34.9453353881836 34.9452934265137 34.9450035095215 34.9447288513184 34.9445457458496 34.9444122314453 34.9444160461426 34.9444313049316 34.9444694519043 34.9445037841797 34.9445343017578 34.9446716308594
-9999 -9999 -9999 -9999 -9999 -9999 36.3411064147949 36.3837814331055 36.3389320373535 36.4987945556641 36.6352195739746 36.6819305419922 36.7158279418945 36.7243690490723 36.3203773498535 35.4403915405273 35.0519866943359 35.0011787414551 34.9755439758301 34.9596290588379 34.9514999389648 34.9447441101074 34.9445648193359 34.9445686340332 34.9449462890625 34.9454078674316 34.9461517333984 34.9466247558594 34.9466209411621 34.9465827941895 34.9465103149414 34.9464492797852 34.9463920593262 34.9463233947754 34.9462547302246 34.9461860656738 34.9461135864258 34.9455451965332 34.9450073242188 34.9446678161621 34.9444236755371 34.9444313049316 34.9444465637207 34.9444770812988 34.944507598877 34.9445304870605 34.9447860717773
-9999 -9999 -9999 -9999 -9999 -9999 36.4897193908691 36.4534187316895 36.4717979431152 36.5767440795898 36.6663055419922 36.6969871520996 36.7215232849121 36.7339057922363 36.3290596008301 35.4427909851074 35.0516738891602 35.0005950927734 34.9751129150391 34.9595108032227 34.9514617919922 34.9447402954102 34.9447479248047 34.9449768066406 34.9458427429199 34.946590423584 34.946949005127 34.9471664428711 34.947135925293 34.9470748901367 34.9469795227051 34.9469680786133 34.9470024108887 34.9469566345215 34.9468879699707 34.9468002319336 34.946704864502 34.9462890625 34.9459037780762 34.9457397460938 34.945613861084 34.9456024169922 34.9455871582031 34.9455642700195 34.9455680847168 34.9455909729004 34.9457664489746
-9999 -9999 -9999 -9999 -9999 36.6811065673828 36.6072883605957 36.6319618225098 36.5887145996094 36.6449546813965 36.6929817199707 36.7095947265625 36.7116088867188 36.6847496032715 36.2742195129395 35.4209976196289 35.0449523925781 34.9966049194336 34.9726066589355 34.9580039978027 34.9507446289062 34.9447822570801 34.9451141357422 34.9456596374512 34.94677734375 34.9476432800293 34.9477005004883 34.9477157592773 34.9476585388184 34.9475746154785 34.9474639892578 34.9474716186523 34.9475555419922 34.9475250244141 34.9474563598633 34.9473571777344 34.9472503662109 34.9469795227051 34.9467430114746 34.9467163085938 34.9466896057129 34.946662902832 34.9466209411621 34.9465522766113 34.9465217590332 34.9465255737305 34.9466171264648
-9999 -9999 -9999 -9999 36.6864280700684 36.6836128234863 36.6811065673828 36.6626663208008 36.6471633911133 36.6774635314941 36.7035026550293 36.7132148742676 36.6444473266602 36.4203834533691 35.9864845275879 35.310474395752 35.0147323608398 34.9801330566406 34.9624977111816 34.9514122009277 34.9475555419922 34.9449729919434 34.9461669921875 34.9473571777344 34.9478492736816 34.9482345581055 34.9482765197754 34.9482727050781 34.9481887817383 34.9480934143066 34.9479866027832 34.9479331970215 34.9479141235352 34.9478607177734 34.9477958679199 34.9477119445801 34.9476203918457 34.9474945068359 34.9473838806152 34.9473533630371 34.9473266601562 34.9473114013672 34.947265625 34.9471702575684 34.947078704834 34.9469947814941 34.9470024108887
