Ecospace-environmental-drivers/Outputs/ASCII-for-ecospace/MOM6-ISIMIP3a/so-bot/1999-04_so-bot_MOM6-ISIMIP3a.asc
NCOLS 131 
NROWS 53 
XLLCORNER -98 
YLLCORNER 23.9265270233154 
CELLSIZE 0.133587792515755 
NODATA_value -9999 
[rows 21 to 41 of 53, columns 47 to 93 of 131]
36.4761085510254 36.4636154174805 36.446849822998 36.435230255127 36.4249687194824 36.4371452331543 36.4491882324219 36.4605560302734 36.4687881469727 36.4694404602051 36.4742622375488 36.4848136901855 36.5101203918457 36.5474967956543 36.3527755737305 36.0481185913086 35.5933036804199 35.1026077270508 35.0578193664551 35.0433158874512 35.0237121582031 35.0021324157715 34.9722785949707 34.9507751464844 34.9469108581543 34.9447555541992 34.9446868896484 34.9446640014648 34.9446640014648 34.9446754455566 34.9446907043457 34.9447555541992 34.94482421875 34.9462699890137 34.9479675292969 34.9516410827637 34.9636917114258 35.0051918029785 35.0462837219238 35.086612701416 35.1325531005859 35.1846046447754 35.2663421630859 35.3672866821289 35.5033721923828 35.6520805358887 35.9198341369629
36.5386428833008 36.5365104675293 36.5325012207031 36.5278778076172 36.523811340332 36.536376953125 36.5505676269531 36.5730361938477 36.5909996032715 36.598072052002 36.5318870544434 36.3651313781738 36.2418899536133 36.1542587280273 35.9327659606934 35.6478652954102 35.3587265014648 35.0685729980469 35.022891998291 34.9954833984375 34.9895515441895 34.9810523986816 34.9617919921875 34.9480323791504 34.9458808898926 34.9446907043457 34.9446678161621 34.9446640014648 34.9446678161621 34.9446830749512 34.9446983337402 34.9447174072266 34.9447326660156 34.944896697998 34.9451789855957 34.9465866088867 34.9521522521973 34.9723358154297 34.9923934936523 35.0122261047363 35.0417747497559 35.0819129943848 35.134952545166 35.1963424682617 35.2913551330566 35.3984451293945 35.6369705200195
36.578929901123 36.5818977355957 36.5838851928711 36.5861625671387 36.5886268615723 36.5953559875488 36.6062431335449 36.638313293457 36.6636772155762 36.6728439331055 36.5373344421387 36.2032051086426 35.9383354187012 35.7301330566406 35.4894523620605 35.2333908081055 35.1254768371582 35.0529594421387 35.0085182189941 34.9687118530273 34.9682998657227 34.9657669067383 34.9543762207031 34.9463043212891 34.9452476501465 34.9446640014648 34.9446640014648 34.9446678161621 34.9446754455566 34.9446907043457 34.9447059631348 34.9447135925293 34.9447174072266 34.9447364807129 34.9447555541992 34.9447555541992 34.9447593688965 34.9447746276855 34.9453277587891 34.9468803405762 34.9623985290527 34.9931373596191 35.0184936523438 35.0403633117676 35.0933494567871 35.1575088500977 35.356330871582
36.2952651977539 36.2052383422852 36.0874404907227 36.0802421569824 36.0810890197754 35.9935646057129 35.9230194091797 35.9388313293457 35.927131652832 35.849006652832 35.7404479980469 35.5901145935059 35.4711990356445 35.3779945373535 35.2563247680664 35.1211700439453 35.0591621398926 35.0146331787109 34.9872932434082 34.9626846313477 34.9607238769531 34.9578895568848 34.9514083862305 34.9466094970703 34.9453544616699 34.9446640014648 34.9446640014648 34.9446716308594 34.9446830749512 34.9446983337402 34.9447212219238 34.9447402954102 34.9447631835938 34.9447746276855 34.9447898864746 34.9447898864746 34.9447898864746 34.9447898864746 34.9450340270996 34.9457244873047 34.9526863098145 34.966480255127 34.9778366088867 34.9876174926758 35.0242233276367 35.0704650878906 35.199031829834
35.9574279785156 35.8076362609863 35.6131935119629 35.5991249084473 35.5980682373047 35.4498481750488 35.3263664245605 35.3287124633789 35.2910232543945 35.1566467285156 35.0786819458008 35.0781593322754 35.0780181884766 35.078197479248 35.055419921875 35.0217704772949 34.9993553161621 34.9796257019043 34.967529296875 34.9565162658691 34.9535942077637 34.9508018493652 34.9485702514648 34.9466438293457 34.9453659057617 34.9446640014648 34.9446678161621 34.9446754455566 34.9446868896484 34.944709777832 34.9447364807129 34.9447708129883 34.9448051452637 34.9448165893555 34.94482421875 34.94482421875 34.9448204040527 34.9448089599609 34.9447975158691 34.9447860717773 34.9447784423828 34.9447708129883 34.9447326660156 34.9446754455566 34.9656372070312 34.9941482543945 35.0598297119141
35.3820571899414 35.3181915283203 35.2362632751465 35.2267723083496 35.2225608825684 35.1607666015625 35.1093139648438 35.1104507446289 35.0952949523926 35.0407943725586 35.0093765258789 35.0096473693848 35.0091094970703 35.0079040527344 34.9958229064941 34.9785842895508 34.9680671691895 34.959156036377 34.9542007446289 34.9497299194336 34.9484214782715 34.9471893310547 34.9462699890137 34.9454765319824 34.944953918457 34.9446640014648 34.9446640014648 34.9446754455566 34.9446983337402 34.9447212219238 34.944751739502 34.9447937011719 34.9448356628418 34.9448471069336 34.9448585510254 34.9448623657227 34.9448585510254 34.9448432922363 34.94482421875 34.9448089599609 34.9447898864746 34.9447784423828 34.9447555541992 34.9447212219238 34.953254699707 34.9648666381836 34.9999847412109
34.9814262390137 34.9771499633789 34.9729537963867 34.9676246643066 34.9622993469238 34.9602394104004 34.958553314209 34.9587516784668 34.9589309692383 34.9590454101562 34.9594345092773 34.9601898193359 34.9593849182129 34.9573059082031 34.9532432556152 34.9482498168945 34.9462852478027 34.9450454711914 34.9449920654297 34.9450073242188 34.9448394775391 34.9447021484375 34.9446868896484 34.9446754455566 34.9446678161621 34.9446640014648 34.9446678161621 34.9446830749512 34.9447059631348 34.9447402954102 34.9447746276855 34.9448204040527 34.9448661804199 34.9448776245117 34.9448890686035 34.9448928833008 34.9448928833008 34.9448738098145 34.9448509216309 34.9448280334473 34.9448051452637 34.9447898864746 34.9447784423828 34.944766998291 34.9447822570801 34.9448127746582 34.956729888916
34.9620590209961 34.959888458252 34.9575500488281 34.9554786682129 34.9534873962402 34.9529190063477 34.9524269104004 34.9522895812988 34.9520835876465 34.9517097473145 34.951732635498 34.9523048400879 34.9515342712402 34.9496650695801 34.9478073120117 34.9459571838379 34.9452438354492 34.9447975158691 34.9447822570801 34.9447898864746 34.9447326660156 34.9446830749512 34.9446754455566 34.9446716308594 34.9446678161621 34.9446716308594 34.9446792602539 34.9446983337402 34.9447250366211 34.9447631835938 34.9448127746582 34.9448547363281 34.9448928833008 34.9449043273926 34.9449157714844 34.9449157714844 34.9449119567871 34.9448928833008 34.9448699951172 34.9448432922363 34.94482421875 34.9448089599609 34.9448013305664 34.9448013305664 34.9448356628418 34.9448890686035 34.9496726989746
34.9498100280762 34.9490203857422 34.9480094909668 34.9478454589844 34.9477729797363 34.9479598999023 34.9480743408203 34.9478073120117 34.9474792480469 34.9470062255859 34.9468612670898 34.9471626281738 34.9465637207031 34.9452323913574 34.9447593688965 34.9446868896484 34.9446678161621 34.9446678161621 34.9446678161621 34.9446678161621 34.9446716308594 34.9446716308594 34.9446716308594 34.9446716308594 34.9446716308594 34.9446792602539 34.9446907043457 34.9447135925293 34.9447402954102 34.9447860717773 34.9448432922363 34.9448776245117 34.9449157714844 34.9449272155762 34.944938659668 34.9449348449707 34.9449310302734 34.9449081420898 34.9448852539062 34.9448623657227 34.9448471069336 34.9448394775391 34.9448432922363 34.9448585510254 34.9449081420898 34.9449729919434 34.9456024169922
34.9465141296387 34.9462051391602 34.9458465576172 34.9458847045898 34.9459609985352 34.9459686279297 34.9459571838379 34.9458160400391 34.9456977844238 34.9456214904785 34.9455413818359 34.9454612731934 34.9452209472656 34.9448432922363 34.944709777832 34.944694519043 34.9446868896484 34.9446792602539 34.9446754455566 34.9446716308594 34.9446678161621 34.9446678161621 34.9446716308594 34.9446754455566 34.9446792602539 34.9446907043457 34.9447059631348 34.9447326660156 34.9447593688965 34.9448051452637 34.9448585510254 34.944896697998 34.9449310302734 34.9449424743652 34.9449501037598 34.9449462890625 34.944938659668 34.9449195861816 34.9449043273926 34.9448852539062 34.944881439209 34.9448852539062 34.9449081420898 34.9449462890625 34.9450073242188 34.9450721740723 34.9452896118164
34.9449729919434 34.9448776245117 34.9448089599609 34.9448928833008 34.9449844360352 34.9449310302734 34.9448776245117 34.9448165893555 34.9447937011719 34.9448585510254 34.9448394775391 34.9447059631348 34.9446640014648 34.9447021484375 34.9447250366211 34.9447402954102 34.9447326660156 34.9447212219238 34.9447059631348 34.944694519043 34.9446830749512 34.9446792602539 34.9446792602539 34.9446868896484 34.944694519043 34.9447059631348 34.9447288513184 34.9447555541992 34.9447898864746 34.9448356628418 34.944881439209 34.9449157714844 34.9449424743652 34.9449501037598 34.9449577331543 34.944953918457 34.9449501037598 34.9449348449707 34.9449272155762 34.9449157714844 34.9449195861816 34.944938659668 34.9449768066406 34.9450263977051 34.9450874328613 34.9451522827148 34.9451866149902
34.9447479248047 34.9446754455566 34.9446182250977 34.9446220397949 34.9446296691895 34.9446029663086 34.9445762634277 34.9445533752441 34.9445457458496 34.9445686340332 34.9446029663086 34.944652557373 34.9447021484375 34.9447479248047 34.9447822570801 34.9448127746582 34.9448013305664 34.9447822570801 34.9447593688965 34.9447326660156 34.9447135925293 34.9446983337402 34.944694519043 34.9446983337402 34.944709777832 34.9447288513184 34.944751739502 34.9447860717773 34.94482421875 34.9448699951172 34.9449157714844 34.9449348449707 34.944953918457 34.9449577331543 34.9449615478516 34.9449615478516 34.9449577331543 34.944953918457 34.9449501037598 34.944953918457 34.9449691772461 34.9450035095215 34.9450492858887 34.9451026916504 34.9451599121094 34.9452171325684 34.9452323913574
34.9446563720703 34.9446029663086 34.9445610046387 34.9445419311523 34.9445266723633 34.9445037841797 34.9445037841797 34.9446029663086 34.9446716308594 34.9446716308594 34.9447593688965 34.9449729919434 34.9450721740723 34.9450874328613 34.9450912475586 34.9450950622559 34.9450416564941 34.9449729919434 34.9449157714844 34.9448623657227 34.9447937011719 34.9447364807129 34.9447250366211 34.9447250366211 34.9447364807129 34.9447593688965 34.9447860717773 34.9448204040527 34.9448585510254 34.9449005126953 34.9449501037598 34.9449615478516 34.9449653625488 34.9449691772461 34.9449729919434 34.9449768066406 34.9449806213379 34.9449882507324 34.9449920654297 34.9450035095215 34.9450302124023 34.945068359375 34.9451141357422 34.9451637268066 34.9452133178711 34.9452667236328 34.9452819824219
34.9446182250977 34.9445877075195 34.9445610046387 34.9445457458496 34.9445304870605 34.9445037841797 34.9445266723633 34.9447822570801 34.9449615478516 34.9449462890625 34.9450874328613 34.9454460144043 34.9455909729004 34.945556640625 34.9455108642578 34.9454650878906 34.9453506469727 34.9452171325684 34.945125579834 34.9450302124023 34.9448928833008 34.9447822570801 34.9447631835938 34.9447555541992 34.9447708129883 34.9447937011719 34.94482421875 34.9448547363281 34.9448890686035 34.9449348449707 34.9449882507324 34.9449882507324 34.9449768066406 34.9449806213379 34.9449882507324 34.9449996948242 34.945011138916 34.9450263977051 34.9450416564941 34.9450607299805 34.9450912475586 34.9451332092285 34.9451751708984 34.9452209472656 34.9452629089355 34.9453086853027 34.9453277587891
34.9446258544922 34.9445991516113 34.9445762634277 34.9445495605469 34.9445266723633 34.9444808959961 34.9445457458496 34.9451866149902 34.945629119873 34.9455947875977 34.9456672668457 34.9458808898926 34.9459495544434 34.9458961486816 34.9458389282227 34.9457778930664 34.9456443786621 34.9454917907715 34.9453659057617 34.9452362060547 34.9450874328613 34.9449577331543 34.944896697998 34.9448585510254 34.9448661804199 34.944881439209 34.9449119567871 34.944938659668 34.9449653625488 34.9449996948242 34.9450340270996 34.9450340270996 34.9450225830078 34.9450302124023 34.9450378417969 34.9450531005859 34.945068359375 34.9450874328613 34.9451065063477 34.9451332092285 34.9451637268066 34.9452018737793 34.9452362060547 34.9452705383301 34.9453010559082 34.9453315734863 34.9453506469727
34.944637298584 34.9446182250977 34.9445915222168 34.9445571899414 34.9445190429688 34.944450378418 34.9445686340332 34.9456367492676 34.9463768005371 34.9463233947754 34.9462966918945 34.9463081359863 34.9462776184082 34.9462127685547 34.9461479187012 34.9460792541504 34.9459342956543 34.9457740783691 34.9456100463867 34.9454498291016 34.9453010559082 34.9451599121094 34.9450531005859 34.9449768066406 34.9449729919434 34.9449844360352 34.9450073242188 34.9450302124023 34.9450492858887 34.945068359375 34.9450836181641 34.9450836181641 34.9450759887695 34.9450874328613 34.9450988769531 34.9451141357422 34.9451332092285 34.9451522827148 34.9451789855957 34.9452095031738 34.945240020752 34.9452705383301 34.9452972412109 34.9453201293945 34.9453353881836 34.9453506469727 34.9453659057617
34.944881439209 34.9449043273926 34.944881439209 34.9448509216309 34.9448356628418 34.9453086853027 34.9458045959473 34.9464263916016 34.9468574523926 34.9468307495117 34.9467544555664 34.9466133117676 34.9465255737305 34.9464797973633 34.946418762207 34.946346282959 34.9462203979492 34.9460792541504 34.9459266662598 34.9457778930664 34.945629119873 34.945484161377 34.9453544616699 34.9452514648438 34.9451942443848 34.9451599121094 34.9451522827148 34.9451599121094 34.9451751708984 34.9451904296875 34.9452056884766 34.9452056884766 34.9452018737793 34.945198059082 34.945198059082 34.945198059082 34.9452018737793 34.9452171325684 34.9452323913574 34.9452590942383 34.9452857971191 34.9453086853027 34.9453277587891 34.9453430175781 34.9453506469727 34.9453544616699 34.9453659057617
34.945198059082 34.9452667236328 34.9452514648438 34.9452247619629 34.9452323913574 34.9461898803711 34.9470176696777 34.9471855163574 34.9473037719727 34.9472999572754 34.9471855163574 34.9469146728516 34.9467735290527 34.9467353820801 34.9466705322266 34.9465980529785 34.9464874267578 34.9463691711426 34.946231842041 34.9460906982422 34.9459457397461 34.94580078125 34.9456596374512 34.9455299377441 34.9454231262207 34.9453468322754 34.9453125 34.9452972412109 34.9453010559082 34.9453125 34.9453277587891 34.9453277587891 34.9453239440918 34.9453086853027 34.9452972412109 34.9452857971191 34.9452743530273 34.9452781677246 34.9452857971191 34.9453086853027 34.9453277587891 34.9453468322754 34.9453582763672 34.9453659057617 34.9453620910645 34.9453582763672 34.9453659057617
34.9461402893066 34.9462623596191 34.946346282959 34.946361541748 34.9463882446289 34.9469299316406 34.9473915100098 34.9474639892578 34.9475135803223 34.9475059509277 34.9474334716797 34.9472808837891 34.947093963623 34.9468765258789 34.9467582702637 34.9466819763184 34.9465866088867 34.9464874267578 34.9463577270508 34.9462242126465 34.946117401123 34.9460067749023 34.9458923339844 34.9457893371582 34.9457092285156 34.9456329345703 34.9455680847168 34.9455108642578 34.9454612731934 34.9454383850098 34.9454231262207 34.9454154968262 34.9454116821289 34.9454040527344 34.9453926086426 34.9453773498535 34.9453582763672 34.9453430175781 34.9453353881836 34.9453506469727 34.9453659057617 34.9453811645508 34.945384979248 34.9453811645508 34.9453659057617 34.9453506469727 34.9453544616699
34.9469337463379 34.9471015930176 34.9472732543945 34.947322845459 34.9473648071289 34.9475517272949 34.9477081298828 34.9477043151855 34.947696685791 34.9476776123047 34.947639465332 34.9475746154785 34.9473686218262 34.9470520019531 34.9468955993652 34.9468231201172 34.9467391967773 34.9466552734375 34.9465293884277 34.9464073181152 34.9463233947754 34.9462394714355 34.9461402893066 34.9460563659668 34.9459915161133 34.945915222168 34.9458236694336 34.9457321166992 34.9456443786621 34.9455871582031 34.9455451965332 34.9455261230469 34.9455108642578 34.9455032348633 34.9454917907715 34.9454689025879 34.9454460144043 34.9454116821289 34.9453926086426 34.9453926086426 34.9454002380371 34.9454116821289 34.9454078674316 34.9453926086426 34.945369720459 34.9453430175781 34.9453430175781
34.9471855163574 34.9473609924316 34.9475708007812 34.9476356506348 34.9476890563965 34.9477615356445 34.9478225708008 34.947811126709 34.9477882385254 34.9477348327637 34.9476699829102 34.9475936889648 34.9474792480469 34.9473266601562 34.9472351074219 34.9471702575684 34.9470825195312 34.9469947814941 34.9468765258789 34.9467582702637 34.946662902832 34.9465637207031 34.9464530944824 34.9463500976562 34.9462699890137 34.9461860656738 34.9460906982422 34.9459953308105 34.9458961486816 34.9458236694336 34.9457588195801 34.9457092285156 34.9456596374512 34.945629119873 34.9455986022949 34.9455757141113 34.9455451965332 34.945499420166 34.9454612731934 34.9454345703125 34.9454231262207 34.945426940918 34.9454193115234 34.9454002380371 34.9453659057617 34.9453277587891 34.9453163146973
