Ecospace-environmental-drivers/Outputs/ASCII-for-ecospace/MOM6-ISIMIP3a/so-bot/2001-08_so-bot_MOM6-ISIMIP3a.asc
NCOLS 131 
NROWS 53 
XLLCORNER -98 
YLLCORNER 23.9265270233154 
CELLSIZE 0.133587792515755 
NODATA_value -9999 
[rows 21 to 41 of 53, columns 0 to 46 of 131]
-9999 -9999 -9999 -9999 -9999 -9999 35.6996307373047 35.6768798828125 35.6149978637695 35.5109062194824 35.3691864013672 35.1300239562988 35.1414680480957 35.1755485534668 35.2363510131836 35.3279800415039 35.4527626037598 35.6003036499023 35.6762771606445 35.724609375 35.7722587585449 35.8197898864746 36.0087547302246 36.1797256469727 36.1749496459961 36.1723098754883 36.1765747070312 36.1890106201172 36.2157020568848 36.2511291503906 36.2955474853516 36.3307151794434 36.3602485656738 36.3829956054688 36.4034805297852 36.4182624816895 36.4322090148926 36.4398384094238 36.4474601745605 36.4550247192383 36.4629707336426 36.4719772338867 36.4995994567871 36.5559959411621 36.5861167907715 36.5921211242676 36.5963821411133
-9999 -9999 -9999 -9999 -9999 -9999 35.7041473388672 35.6996307373047 35.6541328430176 35.595329284668 35.5109062194824 35.466625213623 35.4751281738281 35.5880889892578 35.6813888549805 35.7520027160645 35.8644943237305 36.0057487487793 36.0654792785645 36.0937271118164 36.1246147155762 36.1559715270996 36.2903213500977 36.4116668701172 36.405818939209 36.4006652832031 36.3977546691895 36.3996849060059 36.4100532531738 36.4232597351074 36.4393882751465 36.4548721313477 36.4699668884277 36.4814720153809 36.4917755126953 36.5136222839355 36.5369567871094 36.5455284118652 36.554012298584 36.5619239807129 36.5691833496094 36.5746231079102 36.5895729064941 36.6192169189453 36.6357917785645 36.6403732299805 36.6447448730469
-9999 -9999 -9999 -9999 35.7823753356934 35.734489440918 35.7067794799805 35.7060317993164 35.6996307373047 35.6086349487305 35.5621376037598 35.6859359741211 35.8303718566895 36.0156402587891 36.1349906921387 36.178279876709 36.2704734802246 36.3962516784668 36.436393737793 36.443473815918 36.4647941589355 36.4886283874512 36.554126739502 36.6127967834473 36.6069450378418 36.6004409790039 36.5918312072754 36.5858116149902 36.5843200683594 36.5828247070312 36.5813255310059 36.5806770324707 36.5805511474609 36.5800933837891 36.5795249938965 36.6075134277344 36.639289855957 36.6486625671387 36.6574096679688 36.6621856689453 36.6644172668457 36.6595573425293 36.6567077636719 36.6569671630859 36.658317565918 36.6606750488281 36.6646614074707
-9999 -9999 -9999 -9999 35.8896064758301 35.7986259460449 35.7621994018555 35.7067794799805 35.7116889953613 35.7741622924805 35.8544654846191 36.0030097961426 36.1579437255859 36.3255195617676 36.4373588562012 36.4848899841309 36.5384216308594 36.5960731506348 36.6134948730469 36.6153793334961 36.618236541748 36.621265411377 36.563907623291 36.5117034912109 36.5134201049805 36.5149345397949 36.5157737731934 36.537467956543 36.5955505371094 36.6346244812012 36.6541442871094 36.6615829467773 36.6616668701172 36.6610145568848 36.6601219177246 36.6734085083008 36.6884841918945 36.6798324584961 36.6629867553711 36.5939521789551 36.5093269348145 36.381290435791 36.3051567077637 36.3092422485352 36.3132591247559 36.3172149658203 36.3244552612305
-9999 -9999 -9999 -9999 -9999 35.8896064758301 35.8359260559082 35.8176155090332 35.7626876831055 35.9523506164551 36.1366996765137 36.3006896972656 36.45654296875 36.5962829589844 36.6845169067383 36.7133178710938 36.6909065246582 36.6333198547363 36.6052703857422 36.588623046875 36.5738525390625 36.5594177246094 36.4175910949707 36.2892189025879 36.2962493896484 36.3033447265625 36.310661315918 36.3500900268555 36.4455528259277 36.5111923217773 36.5461463928223 36.5614891052246 36.564884185791 36.5647087097168 36.563346862793 36.5645713806152 36.5659828186035 36.5437469482422 36.5084609985352 36.3900680541992 36.2483444213867 36.0416603088379 35.9186859130859 35.9250793457031 35.9304122924805 35.9347686767578 35.9431304931641
-9999 -9999 -9999 -9999 -9999 35.9295883178711 35.8896064758301 35.9297027587891 35.9844398498535 36.1860656738281 36.3746528625488 36.5133399963379 36.628101348877 36.6955261230469 36.689567565918 36.598934173584 36.3371124267578 35.9577255249023 35.7844619750977 35.6907844543457 35.6620635986328 35.6447982788086 35.5868110656738 35.534496307373 35.5369071960449 35.5389251708984 35.5396766662598 35.553092956543 35.588623046875 35.6194076538086 35.6453132629395 35.6677474975586 35.6880722045898 35.6913146972656 35.6888618469238 35.6896018981934 35.6906509399414 35.6742897033691 35.651927947998 35.5913887023926 35.5230484008789 35.4329872131348 35.3791046142578 35.3811340332031 35.3818588256836 35.3813896179199 35.3815231323242
-9999 -9999 36.0218734741211 36.0099487304688 35.9961090087891 35.9696197509766 35.9295425415039 36.0505867004395 36.1853408813477 36.3813972473145 36.5600128173828 36.671875 36.7481575012207 36.7540473937988 36.6347846984863 36.3711128234863 35.9546279907227 35.4331932067871 35.1938591003418 35.0634498596191 35.0289306640625 35.0113334655762 35.0105094909668 35.0100746154785 35.009838104248 35.0087814331055 35.0050659179688 35.001220703125 34.9971466064453 35.0041732788086 35.0226173400879 35.0462188720703 35.0729637145996 35.0776290893555 35.0749397277832 35.0749740600586 35.0753021240234 35.0637855529785 35.0513877868652 35.0333862304688 35.0178070068359 35.0089721679688 35.0026245117188 35.0001106262207 34.9972496032715 34.9940605163574 34.9893493652344
-9999.000000000000000 -9999 -9999 -9999 36.0641212463379 36.0225944519043 36.0470085144043 36.1906547546387 36.3407592773438 36.4929962158203 36.6306266784668 36.7123374938965 36.7558364868164 36.7237129211426 36.4494514465332 35.8957977294922 35.5095481872559 35.2382621765137 35.1055297851562 35.0263023376465 35.003791809082 34.9912910461426 34.9894371032715 34.9881401062012 34.9895515441895 34.9897880554199 34.9862022399902 34.9841690063477 34.9848480224609 34.992317199707 35.006778717041 35.0186157226562 35.0288581848145 35.0306053161621 35.0295181274414 35.0283813476562 35.0271835327148 35.0182838439941 35.0093879699707 35.0004959106445 34.9926795959473 34.9878578186035 34.9820098876953 34.9745712280273 34.9703330993652 34.9690322875977 34.9668579101562
-9999 -9999 -9999 -9999 36.1581840515137 36.2001457214355 36.1691474914551 36.3101463317871 36.4575691223145 36.5741844177246 36.6790237426758 36.7387886047363 36.7328300476074 36.596809387207 36.2160949707031 35.5530433654785 35.2177581787109 35.1075630187988 35.044849395752 35.0004692077637 34.9842948913574 34.9730949401855 34.9711532592773 34.9698219299316 34.9719009399414 34.9729919433594 34.970874786377 34.9705963134766 34.9735260009766 34.980152130127 34.9905776977539 34.9948539733887 34.9953918457031 34.9950294494629 34.9943733215332 34.9923782348633 34.9901733398438 34.9847564697266 34.9796485900879 34.9765319824219 34.973388671875 34.9701690673828 34.9650650024414 34.9570617675781 34.9531135559082 34.9528884887695 34.9522552490234
-9999 -9999 -9999 -9999 36.2259788513184 36.2518119812012 36.2837104797363 36.403751373291 36.525806427002 36.6171073913574 36.6994667053223 36.7476081848145 36.671215057373 36.3484077453613 35.9223213195801 35.377067565918 35.1188201904297 35.0576782226562 35.0189437866211 34.9888648986816 34.9718856811523 34.957218170166 34.9563789367676 34.9560585021973 34.9575614929199 34.9589576721191 34.9599914550781 34.9613952636719 34.9634399414062 34.9675941467285 34.9739227294922 34.9759292602539 34.9753074645996 34.9738655090332 34.9721565246582 34.9696922302246 34.9671401977539 34.9662895202637 34.9653434753418 34.9638023376465 34.9614372253418 34.9567794799805 34.9527397155762 34.9496574401855 34.9480934143066 34.947925567627 34.947582244873
-9999 -9999 -9999 -9999 36.2518119812012 36.2904243469238 36.335750579834 36.4607391357422 36.5865898132324 36.6453628540039 36.7015914916992 36.7480850219727 36.6803741455078 36.3866920471191 35.9482612609863 35.3428192138672 35.0684089660645 35.0213356018066 34.9938735961914 34.9739837646484 34.9609718322754 34.9491767883301 34.9489364624023 34.9491195678711 34.9507102966309 34.9524345397949 34.9545974731445 34.9564018249512 34.9575843811035 34.9594993591309 34.9621658325195 34.9624900817871 34.9613838195801 34.9598999023438 34.9582862854004 34.9561653137207 34.9539985656738 34.9546775817871 34.955192565918 34.954662322998 34.953239440918 34.9493179321289 34.9466743469238 34.9460029602051 34.9456443786621 34.9455757141113 34.9454345703125
-9999 -9999 -9999 -9999 36.2926635742188 36.335750579834 36.4913940429688 36.4902687072754 36.6417808532715 36.6626167297363 36.6899757385254 36.7423057556152 36.7426147460938 36.6399917602539 36.2139930725098 35.4148712158203 35.0543899536133 34.9951515197754 34.9694290161133 34.9566497802734 34.9511871337891 34.9470138549805 34.9469985961914 34.9472961425781 34.9494667053223 34.951545715332 34.9533157348633 34.9545631408691 34.954906463623 34.9547500610352 34.9540863037109 34.9531669616699 34.9520874023438 34.9513244628906 34.9506721496582 34.9495086669922 34.9482765197754 34.9482078552246 34.9481582641602 34.9482192993164 34.9478569030762 34.9463043212891 34.9453048706055 34.9451599121094 34.945125579834 34.9451904296875 34.9451751708984
-9999 -9999 -9999 -9999 36.335750579834 36.536434173584 36.6203651428223 36.6788139343262 36.6760787963867 36.6796760559082 36.6921920776367 36.7388610839844 36.7617111206055 36.737434387207 36.3145027160645 35.431583404541 35.0405654907227 34.9873580932617 34.9636154174805 34.9512519836426 34.9479179382324 34.9461822509766 34.9460525512695 34.9461212158203 34.9475517272949 34.9488868713379 34.9499282836914 34.9506530761719 34.9508209228516 34.9503898620605 34.9493522644043 34.9485397338867 34.9478607177734 34.9475135803223 34.9472770690918 34.9466590881348 34.945987701416 34.9457931518555 34.9456405639648 34.9457550048828 34.9456901550293 34.945140838623 34.9448127746582 34.9448318481445 34.9448738098145 34.944938659668 34.9449462890625
-9999 -9999 -9999 -9999 -9999 36.678409576416 36.6982345581055 36.6920166015625 36.7014274597168 36.6966514587402 36.7003364562988 36.7364158630371 36.7623138427734 36.7680816650391 36.3442039489746 35.4245834350586 35.0268249511719 34.9874496459961 34.9657897949219 34.9509658813477 34.9474449157715 34.9459190368652 34.9455337524414 34.9452247619629 34.9453430175781 34.9454727172852 34.9456405639648 34.9458503723145 34.9461288452148 34.9461975097656 34.9460487365723 34.9459228515625 34.9458122253418 34.945743560791 34.945686340332 34.945442199707 34.9451713562012 34.9451179504395 34.9450607299805 34.9449920654297 34.9449043273926 34.944766998291 34.944694519043 34.9447212219238 34.9447364807129 34.9447402954102 34.9447288513184
-9999 -9999 -9999 -9999 -9999 36.7167854309082 36.7166328430176 36.7238693237305 36.7217102050781 36.7076225280762 36.7033538818359 36.7366638183594 36.7626075744629 36.7739715576172 36.3498382568359 35.4232025146484 35.0239868164062 34.9869651794434 34.9663543701172 34.9520721435547 34.947998046875 34.9457244873047 34.9452743530273 34.944896697998 34.94482421875 34.9447860717773 34.9448852539062 34.9449729919434 34.9450569152832 34.9450950622559 34.9450874328613 34.9450798034668 34.9450645446777 34.9450569152832 34.9450492858887 34.944953918457 34.9448432922363 34.9448318481445 34.9448165893555 34.9447555541992 34.9447021484375 34.9446601867676 34.944637298584 34.944652557373 34.9446563720703 34.944652557373 34.9446411132812
-9999 -9999 -9999 -9999 -9999 36.7316474914551 36.7354927062988 36.7340126037598 36.7409439086914 36.7173500061035 36.7053070068359 36.7374687194824 36.7628326416016 36.7747421264648 36.3504943847656 35.4229888916016 35.0234031677246 34.9863662719727 34.9665832519531 34.9534683227539 34.9487648010254 34.9455413818359 34.9450645446777 34.9446868896484 34.944652557373 34.9446678161621 34.9448547363281 34.9449081420898 34.9447288513184 34.9446296691895 34.9446144104004 34.9445991516113 34.9445838928223 34.9445953369141 34.9446105957031 34.9446182250977 34.9446220397949 34.9446296691895 34.944637298584 34.9446296691895 34.9446182250977 34.9446067810059 34.9445953369141 34.9445953369141 34.9445915222168 34.9445838928223 34.944580078125
-9999 -9999 -9999 -9999 -9999 -9999 36.7428131103516 36.7485961914062 36.7465591430664 36.7199363708496 36.7056732177734 36.738712310791 36.7645645141602 36.776195526123 36.3556251525879 35.4363632202148 35.0377044677734 34.9965705871582 34.9733238220215 34.9569816589355 34.9502258300781 34.9451599121094 34.9448013305664 34.9445915222168 34.9447250366211 34.9449310302734 34.945369720459 34.9456214904785 34.9455413818359 34.9455032348633 34.9455032348633 34.9454727172852 34.9454231262207 34.9453926086426 34.9453659057617 34.9453277587891 34.9452857971191 34.9450187683105 34.9447746276855 34.9446678161621 34.9445915222168 34.9445838928223 34.9445762634277 34.9445610046387 34.9445381164551 34.9445152282715 34.9445877075195
-9999 -9999 -9999 -9999 -9999 -9999 36.7442054748535 36.7458305358887 36.7499046325684 36.7215309143066 36.7060699462891 36.7400512695312 36.7658348083496 36.7754096984863 36.3581848144531 35.4485054016113 35.0514144897461 35.0063400268555 34.9797439575195 34.9602851867676 34.9515914916992 34.9448013305664 34.9445762634277 34.9445381164551 34.9448585510254 34.9452590942383 34.9459114074707 34.9463386535645 34.9463729858398 34.9463996887207 34.946418762207 34.9463768005371 34.9462966918945 34.9462280273438 34.9461631774902 34.9460754394531 34.945987701416 34.9454650878906 34.9449844360352 34.9447898864746 34.9446449279785 34.9446411132812 34.9446296691895 34.9445991516113 34.9445686340332 34.9445304870605 34.9446792602539
-9999 -9999 -9999 -9999 -9999 -9999 36.7463722229004 36.7381858825684 36.7355346679688 36.7159461975098 36.7075843811035 36.7421798706055 36.7614326477051 36.7503318786621 36.331127166748 35.4410438537598 35.0517196655273 35.006290435791 34.9796752929688 34.9603233337402 34.9516258239746 34.9448051452637 34.944751739502 34.9449005126953 34.9455528259277 34.9461364746094 34.9464912414551 34.9467506408691 34.9468460083008 34.9469108581543 34.9469528198242 34.946949005127 34.9469223022461 34.9468727111816 34.9468116760254 34.946704864502 34.946590423584 34.9462013244629 34.9458389282227 34.945671081543 34.9455375671387 34.9454956054688 34.9454612731934 34.9454383850098 34.9454345703125 34.9454536437988 34.9455947875977
-9999 -9999 -9999 -9999 -9999 36.7871627807617 36.7581634521484 36.7551040649414 36.723331451416 36.7146873474121 36.7145347595215 36.7468872070312 36.7449264526367 36.6750640869141 36.2492446899414 35.412712097168 35.0461273193359 35.0022811889648 34.9769821166992 34.9588508605957 34.9509391784668 34.9448318481445 34.9450836181641 34.9455184936523 34.9463233947754 34.946964263916 34.9470748901367 34.9471969604492 34.9473304748535 34.9474220275879 34.9474716186523 34.9474945068359 34.9475059509277 34.9474678039551 34.9474105834961 34.9472923278809 34.9471626281738 34.946891784668 34.9466400146484 34.9464988708496 34.9463768005371 34.9463233947754 34.9462776184082 34.9462547302246 34.9462623596191 34.9463005065918 34.9464111328125
-9999 -9999 -9999 -9999 36.8807182312012 36.8151435852051 36.7871627807617 36.752197265625 36.7190856933594 36.7292747497559 36.7414207458496 36.7610549926758 36.6840362548828 36.4157676696777 35.9663352966309 35.3078689575195 35.0189247131348 34.9837455749512 34.9646759033203 34.9518241882324 34.9476165771484 34.944938659668 34.9460067749023 34.9470672607422 34.9473762512207 34.9476280212402 34.947696685791 34.9477729797363 34.9478607177734 34.9479179382324 34.947940826416 34.9479331970215 34.9479064941406 34.9478721618652 34.9478340148926 34.9477348327637 34.947624206543 34.9474220275879 34.9472312927246 34.9471206665039 34.9470405578613 34.9470520019531 34.9470405578613 34.9469985961914 34.9469337463379 34.946849822998 34.9468574523926
