Ecospace-environmental-drivers/Outputs/ASCII-for-ecospace/MOM6-ISIMIP3a/so-bot/2001-05_so-bot_MOM6-ISIMIP3a.asc
NCOLS 131 
NROWS 53 
XLLCORNER -98 
YLLCORNER 23.9265270233154 
CELLSIZE 0.133587792515755 
NODATA_value -9999 
[rows 0 to 20 of 53, columns 47 to 93 of 131]
-9999 -9999 -9999 -9999 -9999 -9999 -9999 -9999 -9999 -9999 -9999 -9999 -9999 -9999 -9999 -9999 -9999 -9999 -9999 -9999 -9999 -9999 -9999 -9999 -9999 -9999 -9999 -9999 -9999 -9999 -9999 -9999 -9999 -9999 -9999 -9999 -9999 -9999 -9999 -9999 -9999 -9999 -9999 -9999 -9999 -9999 -9999
-9999 -9999 -9999 -9999 -9999 -9999 -9999 -9999 -9999 -9999 -9999 -9999 -9999 -9999 -9999 -9999 -9999 -9999 -9999 -9999 -9999 -9999 -9999 -9999 -9999 -9999 -9999 -9999 -9999 -9999 -9999 -9999 -9999 -9999 -9999 -9999 -9999 -9999 -9999 -9999 -9999 -9999 -9999 -9999 -9999 -9999 -9999
-9999 -9999 -9999 -9999 -9999 -9999 -9999 -9999 -9999 -9999 -9999 -9999 -9999 -9999 -9999 -9999 -9999 -9999 -9999 -9999 -9999 -9999 -9999 -9999 -9999 -9999 -9999 33.3571014404297 33.6498413085938 -9999 -9999 -9999 -9999 -9999 -9999 -9999 -9999 -9999 -9999 -9999 -9999 -9999 -9999 -9999 -9999 -9999 -9999
-9999 -9999 -9999 -9999 -9999 -9999 -9999 -9999 -9999 -9999 -9999 -9999 -9999 -9999 -9999 -9999 -9999 -9999 -9999 -9999 -9999 -9999 -9999 -9999 -9999 -9999 -9999 33.3612518310547 33.6386833190918 -9999 -9999 -9999 -9999 -9999 -9999 -9999 -9999 -9999 -9999 -9999 -9999 -9999 -9999 -9999 -9999 -9999 -9999
-9999 -9999 -9999 -9999 -9999 -9999 -9999 -9999 -9999 -9999 -9999 -9999 -9999 -9999 -9999 -9999 -9999 -9999 27.2450752258301 27.495849609375 27.6964683532715 28.8667259216309 29.8454933166504 31.398775100708 32.3202629089355 32.7573928833008 33.0964202880859 33.360294342041 33.6270370483398 33.9287147521973 -9999 -9999 35.0409698486328 35.331169128418 35.5433044433594 35.7300758361816 35.8653297424316 35.9575653076172 36.0063743591309 36.0377388000488 36.0522956848145 36.0625839233398 -9999 -9999 -9999 -9999 -9999
-9999 -9999 -9999 -9999 -9999 -9999 -9999 -9999 -9999 -9999 -9999 -9999 -9999 -9999 24.7629489898682 -9999 24.1622886657715 23.6678771972656 25.5541229248047 27.2450752258301 27.5460033416748 27.6964683532715 30.0369853973389 31.8030281066895 32.3563117980957 32.8014526367188 33.1144142150879 33.3733978271484 33.5930709838867 33.9146461486816 34.2784271240234 34.6859817504883 35.1021385192871 35.3347930908203 35.5565795898438 35.7385444641113 35.8951072692871 35.9623413085938 36.0152473449707 36.0415382385254 36.0564346313477 36.058910369873 36.0724029541016 36.0930252075195 -9999 -9999 -9999
-9999 -9999 -9999 -9999 -9999 -9999 -9999 -9999 -9999 -9999 27.167724609375 27.1910953521729 27.2261791229248 27.3671722412109 26.1675186157227 24.8400459289551 24.6858539581299 24.1331367492676 23.6678771972656 25.7494144439697 27.2450752258301 27.6964683532715 30.0369853973389 31.8030281066895 32.3563117980957 32.8014526367188 33.1144142150879 33.3733978271484 33.5930709838867 33.9146461486816 34.2784271240234 34.6859817504883 35.1021385192871 35.3347930908203 35.5565795898438 35.7385444641113 35.8951072692871 35.9623413085938 36.0152473449707 36.0415382385254 36.0564346313477 36.058910369873 36.0724029541016 36.0930252075195 36.0984764099121 36.1089096069336 -9999
-9999 -9999 -9999 -9999 -9999 -9999 -9999 -9999 -9999 -9999 27.0424194335938 27.167724609375 27.2144660949707 -9999 27.5907077789307 26.4246387481689 24.9942359924316 24.6858539581299 24.0456809997559 23.6678771972656 26.3352928161621 28.8854675292969 30.9449691772461 32.5843620300293 33.3368759155273 33.8481483459473 34.0645751953125 34.2373924255371 34.3784446716309 34.5897903442383 34.8302421569824 35.1289024353027 35.4390029907227 35.5858612060547 35.7293357849121 35.8988571166992 36.0428581237793 36.0971260070801 36.1300315856934 36.1232566833496 36.1093559265137 36.0876846313477 36.0839500427246 36.0918235778809 36.1059455871582 36.1223106384277 36.1052627563477
-9999 -9999 -9999 -9999 -9999 -9999 -9999 -9999 -9999 -9999 -9999 -9999 -9999 -9999 27.4601020812988 28.0508098602295 26.9321956634521 25.302619934082 24.6858539581299 23.7833118438721 27.1500720977783 30.203462600708 31.9453754425049 33.4374008178711 34.4018936157227 34.983699798584 35.0977783203125 35.1781883239746 35.2340698242188 35.3256034851074 35.4319038391113 35.6105880737305 35.8035087585449 35.8597412109375 35.9205474853516 36.0754661560059 36.2048797607422 36.2446212768555 36.255672454834 36.2134284973145 36.1685829162598 36.1208953857422 36.0982360839844 36.0917739868164 36.1036911010742 36.1222076416016 36.1016273498535
31.6977462768555 -9999 -9999 -9999 -9999 -9999 -9999 -9999 -9999 -9999 28.5866279602051 26.9139823913574 -9999 -9999 -9999 27.8578910827637 28.939847946167 27.8747634887695 25.9193840026855 26.2105522155762 28.9580383300781 31.41526222229 32.6577186584473 33.7764282226562 34.6338958740234 35.185905456543 35.3645896911621 35.465934753418 35.5109443664551 35.5735092163086 35.6433410644531 35.7368431091309 35.8349952697754 35.9608001708984 36.0864334106445 36.2003936767578 36.2938385009766 36.3151321411133 36.3168716430664 36.282283782959 36.2422332763672 36.1962280273438 36.1620178222656 36.1354370117188 36.1295776367188 36.131160736084 36.1052093505859
31.5839157104492 31.5671119689941 -9999 -9999 -9999 -9999 -9999 -9999 -9999 -9999 29.5551433563232 28.9241619110107 26.9139823913574 -9999 -9999 27.5416584014893 28.8642902374268 30.413595199585 29.4906940460205 28.6039619445801 30.7156181335449 32.5700607299805 33.3480491638184 34.1181488037109 34.8716049194336 35.3877792358398 35.613956451416 35.7301559448242 35.7662544250488 35.8046226501465 35.8439331054688 35.8676109313965 35.8882179260254 36.0636367797852 36.2333946228027 36.2918548583984 36.3428535461426 36.3676223754883 36.3739356994629 36.3459701538086 36.3112602233887 36.2692070007324 36.2251052856445 36.1796836853027 36.1595230102539 36.1484375 36.1171417236328
31.5839157104492 31.5335063934326 30.9692001342773 30.2566204071045 -9999 -9999 -9999 -9999 -9999 -9999 -9999 30.1056823730469 28.9720573425293 26.9139823913574 27.167724609375 27.5416584014893 28.8642902374268 30.413595199585 30.6199645996094 30.8159084320068 32.2029418945312 33.4191246032715 33.9202880859375 34.4743118286133 35.1399307250977 35.5878601074219 35.7697372436523 35.8681907653809 35.9058837890625 35.9456748962402 35.9863319396973 36.0226058959961 36.0580215454102 36.176025390625 36.2788696289062 36.2037773132324 36.177604675293 36.3234481811523 36.4088363647461 36.3819541931152 36.3555145263672 36.3295631408691 36.2845001220703 36.2270736694336 36.211238861084 36.2103462219238 36.1738891601562
31.6262435913086 31.2476139068604 30.8325691223145 30.2631149291992 -9999 -9999 -9999 -9999 28.0300197601318 28.8441619873047 29.6902904510498 30.5803279876709 30.0464267730713 28.3474960327148 28.0385646820068 28.3880462646484 29.5080471038818 30.8121528625488 31.7196636199951 32.5950775146484 33.3999061584473 34.1239929199219 34.510181427002 34.943187713623 35.475040435791 35.8125305175781 35.9124641418457 35.9345817565918 35.9000129699707 35.9059791564941 35.9287300109863 35.9632797241211 36.0001449584961 36.0701026916504 36.1224250793457 35.9905204772949 35.940731048584 36.1796607971191 36.3376846313477 36.345458984375 36.3542747497559 36.3642234802246 36.3357353210449 36.2823753356934 36.2706451416016 36.2738723754883 36.2407112121582
31.7743873596191 31.3237495422363 30.839038848877 30.2631149291992 29.6741771697998 28.9859237670898 28.356388092041 28.0255432128906 28.0300197601318 28.8441619873047 29.6902904510498 30.5803279876709 30.9592819213867 30.9200820922852 31.0865516662598 31.3504447937012 31.7612361907959 32.2071266174316 32.7454376220703 33.2922821044922 33.870964050293 34.4683837890625 35.1442108154297 35.6938552856445 35.9771118164062 36.0986595153809 36.0225639343262 35.8218536376953 35.5303726196289 35.4144020080566 35.3711204528809 35.3681297302246 35.3730621337891 35.4183959960938 35.4611701965332 35.4643173217773 35.5247917175293 35.7868270874023 36.0013847351074 36.1277618408203 36.2392921447754 36.3346405029297 36.366569519043 36.3574714660645 36.3492889404297 36.3414421081543 36.3327331542969
32.5060997009277 31.9533538818359 31.3373870849609 30.753023147583 30.1724758148193 29.6075534820557 29.1009941101074 28.891321182251 28.964563369751 29.7209339141846 30.4804954528809 31.2444400787354 32.0562210083008 32.9071388244629 33.3552169799805 33.612476348877 33.6295318603516 33.5891876220703 33.8387985229492 34.1180839538574 34.5393829345703 35.0023345947266 35.6395950317383 36.0750312805176 36.0843925476074 36.0181770324707 35.8595962524414 35.5892868041992 35.2376022338867 35.0883636474609 35.0229644775391 35.005443572998 34.9973373413086 35.0289916992188 35.0667572021484 35.1498603820801 35.2748222351074 35.5469627380371 35.7836112976074 35.9543380737305 36.1155967712402 36.266544342041 36.3568153381348 36.4078216552734 36.4113235473633 36.3977661132812 36.403190612793
34.0628700256348 33.3654594421387 32.5311622619629 31.9355735778809 31.3752746582031 31.1080532073975 30.8983364105225 30.9811534881592 31.2203845977783 31.8372974395752 32.3879051208496 32.847484588623 33.4134178161621 34.0663719177246 34.5220680236816 34.8843231201172 34.9536552429199 34.952995300293 35.027717590332 35.1256980895996 35.4868316650391 35.8042907714844 35.9389610290527 35.9338150024414 35.6335067749023 35.4193725585938 35.3105583190918 35.1872978210449 35.0535125732422 34.9963569641113 34.9709320068359 34.9714164733887 34.976993560791 35.0104370117188 35.0496215820312 35.1347732543945 35.2595024108887 35.5233726501465 35.7334175109863 35.8435020446777 35.9795875549316 36.1440010070801 36.289665222168 36.4231948852539 36.449878692627 36.4381866455078 36.4431571960449
35.0942840576172 34.5304794311523 33.8425750732422 33.3010139465332 32.7894744873047 32.6841316223145 32.6405258178711 32.9109916687012 33.2085723876953 33.5716247558594 33.8791351318359 34.1103858947754 34.5040168762207 35.0304985046387 35.3978805541992 35.6899032592773 35.7620162963867 35.7815856933594 35.7846946716309 35.7952575683594 35.9308013916016 36.008415222168 35.8435821533203 35.6271781921387 35.3019065856934 35.0937271118164 35.0286674499512 34.9870109558105 34.9624099731445 34.951587677002 34.946475982666 34.9551582336426 34.9665565490723 35.0011024475098 35.0399703979492 35.1127433776855 35.220344543457 35.4504203796387 35.6392517089844 35.7514953613281 35.8940315246582 36.0695724487305 36.2375335693359 36.4005889892578 36.4531021118164 36.4659042358398 36.4710693359375
35.6832809448242 35.487419128418 35.253059387207 34.8204689025879 34.3816986083984 34.3238563537598 34.3362731933594 34.7061042785645 34.9713859558105 34.9842376708984 35.019889831543 35.0868492126465 35.3701019287109 35.8303146362305 36.0286064147949 36.1028251647949 36.1360397338867 36.1594581604004 36.1779251098633 36.1801376342773 35.9507865905762 35.7091026306152 35.4157867431641 35.1812400817871 35.0707588195801 34.9981231689453 34.9717407226562 34.9565849304199 34.9496116638184 34.9466018676758 34.9452362060547 34.9538688659668 34.9644737243652 34.9995307922363 35.0366325378418 35.0848617553711 35.1611137390137 35.3359031677246 35.5080642700195 35.6753463745117 35.850959777832 36.0356559753418 36.1980438232422 36.346004486084 36.426570892334 36.4829292297363 36.4888229370117
36.0635643005371 36.0189552307129 35.9670486450195 35.6674041748047 35.3528366088867 35.3201065063477 35.3345527648926 35.5889778137207 35.7482147216797 35.6776161193848 35.6674690246582 35.7403182983398 35.9226875305176 36.194652557373 36.2422180175781 36.1834907531738 36.1230926513672 36.0622978210449 36.0706329345703 36.062671661377 35.7483749389648 35.4461822509766 35.1946411132812 35.0135688781738 34.981258392334 34.9593849182129 34.9502563476562 34.9459495544434 34.9451560974121 34.9448623657227 34.9447746276855 34.9508972167969 34.9582366943359 34.9936752319336 35.0298309326172 35.0628356933594 35.1163787841797 35.2421531677246 35.3781700134277 35.5332069396973 35.701847076416 35.8853073120117 36.060001373291 36.2290267944336 36.3482933044434 36.4496841430664 36.4783096313477
36.3417091369629 36.3423080444336 36.340202331543 36.1852226257324 36.0200309753418 36.0014572143555 35.9915084838867 36.0254325866699 36.0425338745117 36.0190238952637 36.0736999511719 36.235725402832 36.321849822998 36.3458786010742 36.2517127990723 36.1015586853027 35.9207725524902 35.7326622009277 35.7183990478516 35.6993713378906 35.4371299743652 35.2010765075684 35.0746269226074 34.9820747375488 34.9610786437988 34.9484710693359 34.946117401123 34.9449996948242 34.9447784423828 34.9447059631348 34.9446983337402 34.9470977783203 34.9499702453613 34.985725402832 35.0213432312012 35.0436744689941 35.0787353515625 35.1585693359375 35.2489128112793 35.3587760925293 35.5008392333984 35.677978515625 35.8737297058105 36.0815200805664 36.2446899414062 36.3918342590332 36.4539604187012
36.515510559082 36.521484375 36.5250778198242 36.4476356506348 36.364387512207 36.3483581542969 36.3325424194336 36.3178215026855 36.3036499023438 36.2908172607422 36.3220710754395 36.4138488769531 36.4344177246094 36.3967247009277 36.2624549865723 36.0824394226074 35.7651214599609 35.4149971008301 35.3843765258789 35.36669921875 35.2178840637207 35.0844497680664 35.0153923034668 34.964656829834 34.9525985717773 34.9456787109375 34.9450531005859 34.944751739502 34.9446868896484 34.9446754455566 34.9446792602539 34.9456520080566 34.9468116760254 34.9674758911133 34.9880981445312 35.0012512207031 35.0242385864258 35.081787109375 35.1442222595215 35.2157325744629 35.3119964599609 35.435230255127 35.5801620483398 35.7391357421875 35.9024429321289 36.0673065185547 36.2597961425781
