Ecospace-environmental-drivers/Outputs/ASCII-for-ecospace/MOM6-ISIMIP3a/so-bot/2002-11_so-bot_MOM6-ISIMIP3a.asc
NCOLS 131 
NROWS 53 
XLLCORNER -98 
YLLCORNER 23.9265270233154 
CELLSIZE 0.133587792515755 
NODATA_value -9999 
[rows 0 to 20 of 53, columns 47 to 93 of 131]
-9999 -9999 -9999 -9999 -9999 -9999 -9999 -9999 -9999 -9999 -9999 -9999 -9999 -9999 -9999 -9999 -9999 -9999 -9999 -9999 -9999 -9999 -9999 -9999 -9999 -9999 -9999 -9999 -9999 -9999 -9999 -9999 -9999 -9999 -9999 -9999 -9999 -9999 -9999 -9999 -9999 -9999 -9999 -9999 -9999 -9999 -9999
-9999 -9999 -9999 -9999 -9999 -9999 -9999 -9999 -9999 -9999 -9999 -9999 -9999 -9999 -9999 -9999 -9999 -9999 -9999 -9999 -9999 -9999 -9999 -9999 -9999 -9999 -9999 -9999 -9999 -9999 -9999 -9999 -9999 -9999 -9999 -9999 -9999 -9999 -9999 -9999 -9999 -9999 -9999 -9999 -9999 -9999 -9999
-9999 -9999 -9999 -9999 -9999 -9999 -9999 -9999 -9999 -9999 -9999 -9999 -9999 -9999 -9999 -9999 -9999 -9999 -9999 -9999 -9999 -9999 -9999 -9999 -9999 -9999 -9999 34.4527206420898 34.5257034301758 -9999 -9999 -9999 -9999 -9999 -9999 -9999 -9999 -9999 -9999 -9999 -9999 -9999 -9999 -9999 -9999 -9999 -9999
-9999 -9999 -9999 -9999 -9999 -9999 -9999 -9999 -9999 -9999 -9999 -9999 -9999 -9999 -9999 -9999 -9999 -9999 -9999 -9999 -9999 -9999 -9999 -9999 -9999 -9999 -9999 34.4505729675293 34.5093536376953 -9999 -9999 -9999 -9999 -9999 -9999 -9999 -9999 -9999 -9999 -9999 -9999 -9999 -9999 -9999 -9999 -9999 -9999
-9999 -9999 -9999 -9999 -9999 -9999 -9999 -9999 -9999 -9999 -9999 -9999 -9999 -9999 -9999 -9999 -9999 -9999 30.844446182251 31.0086479187012 31.1400089263916 31.9062690734863 32.5474243164062 33.5656356811523 34.1420288085938 34.3374061584473 34.4182815551758 34.4390296936035 34.4944076538086 34.5946197509766 -9999 -9999 35.1996841430664 35.415283203125 35.5768966674805 35.6906509399414 35.7396125793457 35.7588005065918 35.7496223449707 35.726390838623 35.6840858459473 35.6208686828613 -9999 -9999 -9999 -9999 -9999
-9999 -9999 -9999 -9999 -9999 -9999 -9999 -9999 -9999 -9999 -9999 -9999 -9999 -9999 25.1308441162109 -9999 24.6669368743896 24.2922058105469 27.6365966796875 30.844446182251 31.0414886474609 31.1400089263916 32.6725273132324 33.8297386169434 34.1946411132812 34.4017066955566 34.4158706665039 34.4372711181641 34.4639472961426 34.5820045471191 34.737907409668 34.9676246643066 35.2118492126465 35.4195747375488 35.6144256591797 35.6966896057129 35.7608413696289 35.761302947998 35.7542610168457 35.7332992553711 35.6916122436523 35.6273460388184 35.5436477661133 35.4473762512207 -9999 -9999 -9999
-9999 -9999 -9999 -9999 -9999 -9999 -9999 -9999 -9999 -9999 27.8111248016357 27.7640933990479 27.7460784912109 27.7378349304199 26.4802017211914 25.1971168518066 25.0645713806152 24.6440353393555 24.2922058105469 27.7731380462646 30.844446182251 31.1400089263916 32.6725273132324 33.8297386169434 34.1946411132812 34.4017066955566 34.4158706665039 34.4372711181641 34.4639472961426 34.5820045471191 34.737907409668 34.9676246643066 35.2118492126465 35.4195747375488 35.6144256591797 35.6966896057129 35.7608413696289 35.761302947998 35.7542610168457 35.7332992553711 35.6916122436523 35.6273460388184 35.5436477661133 35.4473762512207 35.421932220459 35.4712181091309 -9999
-9999 -9999 -9999 -9999 -9999 -9999 -9999 -9999 -9999 -9999 28.0632820129395 27.8111248016357 27.7170639038086 -9999 27.7863922119141 26.6428775787354 25.329662322998 25.0645713806152 24.5753307342529 24.2922058105469 28.1827602386475 31.6136856079102 33.121021270752 34.2514495849609 34.5862045288086 34.7717819213867 34.7750396728516 34.7824783325195 34.7929573059082 34.8848037719727 35.0103492736816 35.1981353759766 35.3981552124023 35.5541458129883 35.7007751464844 35.7718658447266 35.8375587463379 35.8842735290527 35.8929176330566 35.830867767334 35.7750244140625 35.7259483337402 35.6558532714844 35.5721549987793 35.5177803039551 35.4739379882812 35.439323425293
-9999 -9999 -9999 -9999 -9999 -9999 -9999 -9999 -9999 -9999 -9999 -9999 -9999 -9999 27.6960163116455 28.0401573181152 27.0839767456055 25.5947532653809 25.0645713806152 24.369213104248 28.5152416229248 32.145435333252 33.6168212890625 34.7123222351074 35.0143127441406 35.1768379211426 35.1689033508301 35.1617088317871 35.1550521850586 35.2182388305664 35.3103523254395 35.4517250061035 35.602783203125 35.7021713256836 35.7964286804199 35.8592262268066 35.9292640686035 36.0247611999512 36.0499038696289 35.944393157959 35.8720207214355 35.8357543945312 35.7791481018066 35.7093811035156 35.6045036315918 35.4870147705078 35.4248886108398
30.5293006896973 -9999 -9999 -9999 -9999 -9999 -9999 -9999 -9999 -9999 30.2119998931885 28.3217449188232 -9999 -9999 -9999 27.8420429229736 28.8435497283936 28.0749683380127 26.1249351501465 26.4437389373779 29.8711643218994 32.8621520996094 34.0266036987305 34.9113655090332 35.2056732177734 35.3730812072754 35.3853874206543 35.3936462402344 35.3989562988281 35.449275970459 35.5182304382324 35.6192207336426 35.7265090942383 35.7992172241211 35.8820915222168 36.0767784118652 36.2406539916992 36.2961883544922 36.306224822998 36.231761932373 36.1156311035156 35.9540977478027 35.855770111084 35.79833984375 35.7029151916504 35.5938415527344 35.4829902648926
30.3447856903076 30.3175487518311 -9999 -9999 -9999 -9999 -9999 -9999 -9999 -9999 31.2105617523193 30.250171661377 28.3217449188232 -9999 -9999 27.0586338043213 28.6563682556152 30.8156490325928 29.7133159637451 28.6424369812012 31.2906475067139 33.5908813476562 34.4347839355469 35.1000366210938 35.3881568908691 35.5597915649414 35.589054107666 35.6098251342773 35.6244087219238 35.6619834899902 35.7090797424316 35.7724914550781 35.8391075134277 35.9105339050293 35.9992485046387 36.2550506591797 36.4629898071289 36.5026397705078 36.5139427185059 36.472599029541 36.3293151855469 36.0749664306641 35.9414710998535 35.8861656188965 35.8005447387695 35.7040328979492 35.5576972961426
30.3447856903076 30.2630729675293 30.3341426849365 30.2407836914062 -9999 -9999 -9999 -9999 -9999 -9999 -9999 31.2677268981934 30.1090068817139 28.3217449188232 27.8111248016357 27.0586338043213 28.6563682556152 30.8156490325928 31.1811923980713 31.5071849822998 33.0510635375977 34.3840370178223 34.834342956543 35.2330932617188 35.5230140686035 35.6953544616699 35.7239875793457 35.7414855957031 35.7508697509766 35.7763977050781 35.8086128234863 35.8494682312012 35.892017364502 36.0984115600586 36.2853202819824 36.2226219177246 36.2076683044434 36.3605728149414 36.4609642028809 36.4638404846191 36.382495880127 36.2094039916992 36.0758666992188 35.9679298400879 35.8939971923828 35.832275390625 35.7214431762695
30.4847087860107 30.4113636016846 30.4189758300781 30.2431602478027 -9999 -9999 -9999 -9999 30.8443756103516 31.0520267486572 31.2888565063477 31.5657386779785 30.9485855102539 29.5999565124512 28.7814865112305 28.2141399383545 29.5387802124023 31.3154811859131 32.5446166992188 33.7041053771973 34.3974571228027 35.0040397644043 35.2474708557129 35.4950408935547 35.7513465881348 35.883960723877 35.8653907775879 35.824146270752 35.7663803100586 35.7507858276367 35.7526588439941 35.7688217163086 35.7877922058105 36.0513153076172 36.2766914367676 36.0409812927246 35.9098701477051 36.1465454101562 36.320499420166 36.3779678344727 36.3714179992676 36.2951240539551 36.1950988769531 36.079719543457 36.0228042602539 35.986888885498 35.8926811218262
30.9744453430176 30.7023448944092 30.4437007904053 30.2431602478027 30.0602149963379 30.1916885375977 30.3438758850098 30.601432800293 30.8443756103516 31.0520267486572 31.2888565063477 31.5657386779785 31.8175106048584 32.0487403869629 32.1777992248535 32.2584686279297 32.627269744873 33.0649185180664 33.646900177002 34.2314300537109 34.7087821960449 35.1911544799805 35.6945266723633 36.0792236328125 36.2133827209473 36.2051773071289 36.0229721069336 35.7843055725098 35.5045127868652 35.3750991821289 35.3079681396484 35.2941093444824 35.2907180786133 35.4167747497559 35.5312919616699 35.4862823486328 35.5058784484863 35.752628326416 35.961311340332 36.0993118286133 36.1996841430664 36.2590675354004 36.2764167785645 36.2665672302246 36.2400016784668 36.2074279785156 36.0826377868652
31.6467456817627 31.2708320617676 30.8659267425537 30.653284072876 30.4712657928467 30.5847358703613 30.7231388092041 30.9883785247803 31.2455005645752 31.4830169677734 31.732816696167 31.9994773864746 32.6952095031738 33.7419967651367 34.3858261108398 34.8387794494629 34.7217254638672 34.4684753417969 34.6418304443359 34.8532638549805 35.1923828125 35.5538749694824 36.0090065002441 36.301586151123 36.2509994506836 36.1171951293945 35.8816833496094 35.5932884216309 35.2663726806641 35.1104927062988 35.0254402160645 35.0026817321777 34.9921646118164 35.0362663269043 35.0846252441406 35.1548309326172 35.2652397155762 35.5169982910156 35.7365455627441 35.8962745666504 36.0482711791992 36.191837310791 36.2941665649414 36.369815826416 36.3749656677246 36.354793548584 36.2431106567383
32.5771560668945 32.2316627502441 31.8501491546631 31.6432476043701 31.4634685516357 31.5334777832031 31.6386089324951 31.9223957061768 32.2137413024902 32.5233497619629 32.8044586181641 33.046443939209 33.5853118896484 34.3670845031738 34.9138259887695 35.349235534668 35.4107894897461 35.3830184936523 35.4849853515625 35.6087188720703 35.919548034668 36.164867401123 36.1360511779785 36.0124015808105 35.6885604858398 35.4506759643555 35.3178405761719 35.1885299682617 35.0617866516113 35.0029258728027 34.9721794128418 34.9703826904297 34.9742774963379 35.0149116516113 35.0603141784668 35.1390037536621 35.255542755127 35.5051612854004 35.7018241882324 35.8001556396484 35.9255828857422 36.0805358886719 36.2220497131348 36.3548622131348 36.3936653137207 36.3986968994141 36.3618965148926
33.3263053894043 33.0631904602051 32.767749786377 32.5791893005371 32.4088859558105 32.4361343383789 32.4983100891113 32.738151550293 33.0062522888184 33.3425827026367 33.6277198791504 33.8425788879395 34.3023719787598 34.962574005127 35.451171875 35.8584861755371 35.9804534912109 36.0342445373535 36.0852584838867 36.1369667053223 36.201545715332 36.2008743286133 35.927116394043 35.634952545166 35.3039321899414 35.0929412841797 35.0286521911621 34.9869422912598 34.9616775512695 34.9512710571289 34.9470176696777 34.9545249938965 34.9643440246582 35.0027236938477 35.045093536377 35.1161041259766 35.2206649780273 35.4431915283203 35.6226348876953 35.7220573425293 35.8523254394531 36.0162010192871 36.1726837158203 36.3243865966797 36.384838104248 36.4125061035156 36.4156875610352
33.9228096008301 33.7858276367188 33.6292495727539 33.4696426391602 33.3149032592773 33.2999801635742 33.3110504150391 33.4543228149414 33.6507759094238 33.9756278991699 34.2418212890625 34.4274787902832 34.8737106323242 35.5331344604492 35.9963874816895 36.3667144775391 36.4495658874512 36.4637298583984 36.4809989929199 36.4738807678223 36.1086654663086 35.7526702880859 35.435245513916 35.1831665039062 35.0690422058105 34.995246887207 34.9707489013672 34.9564399719238 34.9495544433594 34.946704864502 34.9455223083496 34.9525146484375 34.9611129760742 34.9982566833496 35.037525177002 35.0872421264648 35.1645736694336 35.3390083312988 35.5059928894043 35.6591453552246 35.8207015991211 35.9914131164551 36.1424827575684 36.2808418273926 36.3528289794922 36.4009742736816 36.4147529602051
34.4777450561523 34.4148216247559 34.3413124084473 34.1783332824707 34.0115776062012 33.9902229309082 33.9885215759277 34.0868186950684 34.2317276000977 34.4891967773438 34.7466926574707 35.0042266845703 35.4177513122559 35.9589004516602 36.2328109741211 36.3801345825195 36.3492774963379 36.2758445739746 36.2742347717285 36.2502365112305 35.8285942077637 35.440544128418 35.1930656433105 35.014030456543 34.9794883728027 34.9570388793945 34.9493751525879 34.9458198547363 34.9452629089355 34.9450263977051 34.9449272155762 34.950065612793 34.9562377929688 34.991138458252 35.0270538330078 35.0624809265137 35.1180877685547 35.24462890625 35.3790168762207 35.5279731750488 35.6867866516113 35.8563385009766 36.0157127380371 36.1685028076172 36.2722320556641 36.3583374023438 36.3925399780273
35.0123405456543 34.9979820251465 34.9802474975586 34.7980690002441 34.6058006286621 34.5955047607422 34.5998039245605 34.6783638000488 34.7815704345703 34.9442939758301 35.1981086730957 35.5769805908203 35.9484329223633 36.3138084411621 36.3181228637695 36.1514129638672 35.9703407287598 35.7858390808105 35.7726173400879 35.752269744873 35.4569129943848 35.1950035095215 35.0730743408203 34.9832153320312 34.9610595703125 34.9479446411133 34.9458808898926 34.9449348449707 34.9448051452637 34.944766998291 34.944766998291 34.9473991394043 34.9505500793457 34.982723236084 35.0151634216309 35.0397300720215 35.0762939453125 35.1550445556641 35.2469787597656 35.3633995056152 35.5028190612793 35.6672897338867 35.841682434082 36.0224952697754 36.1678581237793 36.3004837036133 36.3599090576172
35.5986137390137 35.5980339050293 35.5965232849121 35.4883728027344 35.3737525939941 35.379093170166 35.3928565979004 35.4494819641113 35.5204925537109 35.6262435913086 35.7895851135254 36.0319976806641 36.2681007385254 36.4990425109863 36.3878479003906 36.1145973205566 35.7785568237305 35.4275169372559 35.3986663818359 35.3821449279785 35.223014831543 35.0816802978516 35.0148239135742 34.9653930664062 34.952751159668 34.9455451965332 34.9449768066406 34.9447250366211 34.9447021484375 34.9447059631348 34.9447212219238 34.9459686279297 34.9474563598633 34.9657669067383 34.984188079834 34.9976119995117 35.0209465026855 35.0791435241699 35.1435470581055 35.2194900512695 35.3136024475098 35.4275093078613 35.5634384155273 35.7136154174805 35.8653678894043 36.0176887512207 36.1848068237305
