Ecospace-environmental-drivers/Outputs/ASCII-for-ecospace/MOM6-ISIMIP3a/so-bot/2002-02_so-bot_MOM6-ISIMIP3a.asc
NCOLS 131 
NROWS 53 
XLLCORNER -98 
YLLCORNER 23.9265270233154 
CELLSIZE 0.133587792515755 
NODATA_value -9999 
[rows 21 to 41 of 53, columns 47 to 93 of 131]
36.437126159668 36.4415092468262 36.4427604675293 36.4362869262695 36.4291038513184 36.4241027832031 36.4194030761719 36.4162483215332 36.4101829528809 36.3970909118652 36.3900756835938 36.3913917541504 36.4290313720703 36.4963874816895 36.3315315246582 36.0566825866699 35.5984306335449 35.0963592529297 35.054069519043 35.0428009033203 35.0233535766602 35.0019416809082 34.9723205566406 34.9509735107422 34.9470863342285 34.9448852539062 34.944751739502 34.944694519043 34.9446907043457 34.944694519043 34.9447021484375 34.9448394775391 34.9450035095215 34.9465141296387 34.9483337402344 34.9526443481445 34.9651298522949 35.0063629150391 35.0440254211426 35.0750617980957 35.1085395812988 35.1446800231934 35.2060966491699 35.2838745117188 35.4289283752441 35.59814453125 35.9138336181641
36.4871978759766 36.4880676269531 36.4876289367676 36.4816017150879 36.475456237793 36.4814300537109 36.4886169433594 36.501953125 36.5102920532227 36.5065460205078 36.4296264648438 36.2522392272949 36.1370964050293 36.072883605957 35.8786392211914 35.622802734375 35.3439788818359 35.0596618652344 35.0183143615723 34.9949150085449 34.98974609375 34.9817771911621 34.962100982666 34.9480667114258 34.9459571838379 34.9447708129883 34.944709777832 34.9446830749512 34.9446868896484 34.944694519043 34.9447021484375 34.9447364807129 34.9447746276855 34.9449615478516 34.9453048706055 34.947078704834 34.9530410766602 34.9737243652344 34.9926109313965 35.0081634521484 35.0309257507324 35.0615501403809 35.1028900146484 35.1511611938477 35.2458801269531 35.3572845458984 35.6120796203613
36.5113906860352 36.5038375854492 36.4952239990234 36.4895477294922 36.4848251342773 36.4978866577148 36.5134391784668 36.5416717529297 36.5619430541992 36.5630035400391 36.4179992675781 36.0724754333496 35.8114166259766 35.6194686889648 35.4035911560059 35.1763877868652 35.0920143127441 35.0417747497559 35.0031127929688 34.9676933288574 34.9678916931152 34.9658355712891 34.9543571472168 34.9462509155273 34.945255279541 34.9447021484375 34.9446868896484 34.9446792602539 34.9446868896484 34.944694519043 34.9447021484375 34.9447059631348 34.9447135925293 34.9447288513184 34.9447441101074 34.9447364807129 34.9447364807129 34.9447555541992 34.9452476501465 34.9466094970703 34.9619789123535 34.9926109313965 35.018726348877 35.041919708252 35.0844078063965 35.1338233947754 35.3133888244629
36.2147026062012 36.1225738525391 36.0035552978516 35.9910926818848 35.9868240356445 35.9092826843262 35.8464241027832 35.858268737793 35.8471832275391 35.7807273864746 35.6767425537109 35.5212364196777 35.4037017822266 35.3172378540039 35.2096633911133 35.0920906066895 35.0423736572266 35.0088653564453 34.9843826293945 34.9619369506836 34.9600410461426 34.9572830200195 34.9508857727051 34.9462242126465 34.9452362060547 34.9446868896484 34.9446678161621 34.9446678161621 34.9446907043457 34.9447059631348 34.9447250366211 34.9447479248047 34.9447708129883 34.9447784423828 34.9447784423828 34.944766998291 34.9447593688965 34.944766998291 34.9449844360352 34.9455947875977 34.9524917602539 34.966236114502 34.9779434204102 34.9883308410645 35.0204658508301 35.0604095458984 35.1808204650879
35.8755416870117 35.7298431396484 35.5409049987793 35.5239753723145 35.5197601318359 35.3834838867188 35.2693901062012 35.2681617736816 35.2352600097656 35.1258697509766 35.0622406005859 35.0614318847656 35.0606651306152 35.0599327087402 35.0420265197754 35.0159873962402 34.9964256286621 34.9784126281738 34.9667549133301 34.9560432434082 34.9527854919434 34.9497604370117 34.9477233886719 34.9460563659668 34.9451675415039 34.9446716308594 34.9446487426758 34.9446601867676 34.944694519043 34.9447212219238 34.9447441101074 34.9447822570801 34.94482421875 34.9448204040527 34.9448127746582 34.9447975158691 34.9447860717773 34.9447822570801 34.9447822570801 34.9447784423828 34.9447746276855 34.9447708129883 34.9447441101074 34.944709777832 34.9660568237305 34.9950866699219 35.0617713928223
35.350154876709 35.2868118286133 35.2054710388184 35.1942443847656 35.1883659362793 35.1330718994141 35.0868988037109 35.0871238708496 35.0742378234863 35.0297012329102 35.0035247802734 35.0025520324707 35.0012283325195 34.9996185302734 34.9896774291992 34.9757881164551 34.9666938781738 34.9587440490723 34.9539451599121 34.9495620727539 34.9481086730957 34.9467735290527 34.9459342956543 34.9452438354492 34.9448738098145 34.9446640014648 34.9446449279785 34.9446601867676 34.9446983337402 34.9447326660156 34.9447593688965 34.9448013305664 34.9448471069336 34.9448471069336 34.9448432922363 34.9448318481445 34.94482421875 34.9448280334473 34.9448280334473 34.94482421875 34.94482421875 34.9448165893555 34.9447975158691 34.9447708129883 34.9534492492676 34.9652557373047 35.0020027160645
34.9834671020508 34.9774894714355 34.9708595275879 34.9647674560547 34.9589614868164 34.9592895507812 34.9597473144531 34.9608840942383 34.961669921875 34.9616088867188 34.9610939025879 34.9599571228027 34.9582557678223 34.9560890197754 34.9522552490234 34.9476318359375 34.9460372924805 34.9451637268066 34.9450836181641 34.9450454711914 34.9448623657227 34.9447135925293 34.944694519043 34.9446792602539 34.9446716308594 34.9446601867676 34.9446487426758 34.9446678161621 34.944709777832 34.9447479248047 34.9447860717773 34.9448280334473 34.9448699951172 34.9448699951172 34.9448738098145 34.9448699951172 34.9448661804199 34.9448738098145 34.9448776245117 34.944881439209 34.9448776245117 34.9448699951172 34.9448509216309 34.94482421875 34.9448089599609 34.9448013305664 34.9584503173828
34.9630470275879 34.9598999023438 34.9562149047852 34.9540252685547 34.9520835876465 34.9526863098145 34.9533348083496 34.9542121887207 34.9548225402832 34.954776763916 34.9542007446289 34.9528923034668 34.9511947631836 34.9491806030273 34.9474067687988 34.945743560791 34.9451713562012 34.9448661804199 34.9448318481445 34.9448127746582 34.9447402954102 34.9446792602539 34.9446716308594 34.9446640014648 34.9446678161621 34.9446754455566 34.9446792602539 34.9446983337402 34.9447288513184 34.9447746276855 34.94482421875 34.9448547363281 34.944881439209 34.9448890686035 34.944896697998 34.9449043273926 34.9449119567871 34.9449310302734 34.9449424743652 34.9449501037598 34.9449462890625 34.944938659668 34.9449043273926 34.9448623657227 34.9448356628418 34.9448165893555 34.9502830505371
34.9501342773438 34.948902130127 34.9473190307617 34.9473152160645 34.9474868774414 34.9480590820312 34.9486274719238 34.9491958618164 34.9495811462402 34.9495239257812 34.9490356445312 34.9479446411133 34.9466514587402 34.9451866149902 34.9447059631348 34.944694519043 34.9446983337402 34.9447021484375 34.944694519043 34.9446830749512 34.9446716308594 34.9446601867676 34.9446601867676 34.9446601867676 34.9446754455566 34.9446868896484 34.9447059631348 34.9447250366211 34.9447479248047 34.9447937011719 34.9448471069336 34.9448699951172 34.9448890686035 34.9449043273926 34.9449157714844 34.9449348449707 34.9449577331543 34.9449844360352 34.9450035095215 34.945011138916 34.945011138916 34.944995880127 34.9449577331543 34.9449043273926 34.9448738098145 34.9448509216309 34.9455528259277
34.9466743469238 34.9462013244629 34.9456481933594 34.9456748962402 34.9457664489746 34.945915222168 34.9460678100586 34.9462623596191 34.9463691711426 34.9462623596191 34.946044921875 34.945671081543 34.9452705383301 34.9448471069336 34.9447135925293 34.944709777832 34.944709777832 34.944709777832 34.9446983337402 34.9446868896484 34.9446754455566 34.9446678161621 34.9446678161621 34.9446754455566 34.9446868896484 34.9447021484375 34.9447212219238 34.9447441101074 34.9447708129883 34.9448089599609 34.9448547363281 34.9448776245117 34.9448928833008 34.9449119567871 34.9449272155762 34.9449615478516 34.9449920654297 34.9450302124023 34.9450607299805 34.945068359375 34.9450645446777 34.9450416564941 34.9450035095215 34.944953918457 34.9449272155762 34.9449119567871 34.945140838623
34.9450798034668 34.944953918457 34.9448585510254 34.9448890686035 34.9449272155762 34.944896697998 34.9448738098145 34.9448928833008 34.9448852539062 34.9447937011719 34.9447364807129 34.9447174072266 34.9447212219238 34.9447441101074 34.944751739502 34.9447593688965 34.9447555541992 34.944751739502 34.9447288513184 34.944709777832 34.944694519043 34.9446792602539 34.9446792602539 34.9446868896484 34.9446983337402 34.9447135925293 34.9447364807129 34.9447593688965 34.9447860717773 34.9448204040527 34.9448623657227 34.944881439209 34.9449005126953 34.9449195861816 34.944938659668 34.9449768066406 34.9450187683105 34.9450645446777 34.9450988769531 34.9451103210449 34.9451065063477 34.9450798034668 34.9450454711914 34.9450073242188 34.944995880127 34.9449882507324 34.945011138916
34.944881439209 34.9447975158691 34.9447288513184 34.9447402954102 34.9447555541992 34.9447250366211 34.9446983337402 34.9446983337402 34.944694519043 34.9446716308594 34.9446907043457 34.9447631835938 34.9448013305664 34.9448089599609 34.9448204040527 34.9448318481445 34.94482421875 34.9448127746582 34.9447822570801 34.944751739502 34.9447250366211 34.9447021484375 34.944694519043 34.944694519043 34.944709777832 34.9447288513184 34.944751739502 34.9447708129883 34.9447937011719 34.9448318481445 34.9448699951172 34.9448928833008 34.9449081420898 34.9449272155762 34.9449462890625 34.9449882507324 34.9450378417969 34.9450912475586 34.9451293945312 34.9451446533203 34.9451370239258 34.9451103210449 34.9450874328613 34.945068359375 34.945068359375 34.9450798034668 34.9450874328613
34.9447746276855 34.9447250366211 34.9446868896484 34.9446868896484 34.9446868896484 34.9446678161621 34.9446601867676 34.9447021484375 34.9447364807129 34.9447441101074 34.9448394775391 34.9450607299805 34.945140838623 34.9451065063477 34.9450759887695 34.9450454711914 34.9450073242188 34.9449615478516 34.9449119567871 34.9448585510254 34.9447937011719 34.9447402954102 34.9447250366211 34.9447174072266 34.9447288513184 34.9447441101074 34.9447631835938 34.9447822570801 34.9448051452637 34.9448432922363 34.9448890686035 34.9449157714844 34.944938659668 34.9449577331543 34.9449806213379 34.9450149536133 34.9450492858887 34.9450988769531 34.9451370239258 34.9451599121094 34.9451637268066 34.9451484680176 34.9451332092285 34.9451179504395 34.945125579834 34.9451446533203 34.9451484680176
34.9447021484375 34.9446868896484 34.9446792602539 34.9446754455566 34.9446716308594 34.9446640014648 34.9446754455566 34.9447937011719 34.944881439209 34.944896697998 34.9450721740723 34.9454689025879 34.9455947875977 34.9455070495605 34.9454116821289 34.9453201293945 34.9452323913574 34.9451484680176 34.945068359375 34.9449882507324 34.944881439209 34.9447860717773 34.9447593688965 34.9447441101074 34.9447479248047 34.9447593688965 34.9447784423828 34.9447937011719 34.9448089599609 34.9448547363281 34.9449119567871 34.9449462890625 34.9449768066406 34.9450035095215 34.9450302124023 34.9450454711914 34.9450645446777 34.9451026916504 34.9451370239258 34.9451713562012 34.9451866149902 34.945182800293 34.9451751708984 34.9451637268066 34.9451751708984 34.945198059082 34.9452056884766
34.9446716308594 34.9446640014648 34.944652557373 34.9446411132812 34.9446296691895 34.9446144104004 34.9446830749512 34.9451599121094 34.9454956054688 34.9454765319824 34.9455490112305 34.9457511901855 34.9457855224609 34.9456825256348 34.9455833435059 34.945484161377 34.9453887939453 34.9452934265137 34.945198059082 34.9451026916504 34.945011138916 34.9449272155762 34.944881439209 34.9448471069336 34.9448394775391 34.9448394775391 34.9448547363281 34.9448661804199 34.9448776245117 34.9449195861816 34.9449729919434 34.9450187683105 34.9450607299805 34.9451026916504 34.945140838623 34.945140838623 34.9451484680176 34.9451637268066 34.945182800293 34.9452056884766 34.9452209472656 34.9452247619629 34.9452171325684 34.9452056884766 34.9452133178711 34.9452285766602 34.9452362060547
34.944652557373 34.9446411132812 34.9446220397949 34.9446029663086 34.944580078125 34.9445610046387 34.9446868896484 34.9455871582031 34.9462051391602 34.9461402893066 34.9460716247559 34.9460067749023 34.9459190368652 34.9458160400391 34.9457206726074 34.945629119873 34.9455299377441 34.945426940918 34.9453201293945 34.9452133178711 34.9451484680176 34.9450836181641 34.9450149536133 34.9449653625488 34.9449424743652 34.9449348449707 34.9449424743652 34.9449501037598 34.9449577331543 34.944995880127 34.9450416564941 34.9450988769531 34.9451522827148 34.9452095031738 34.9452590942383 34.945255279541 34.9452476501465 34.9452438354492 34.945240020752 34.9452476501465 34.945255279541 34.9452629089355 34.9452629089355 34.9452476501465 34.9452514648438 34.945255279541 34.9452667236328
34.9448394775391 34.9448623657227 34.9448547363281 34.9448280334473 34.9448165893555 34.9453010559082 34.9457931518555 34.9463233947754 34.946662902832 34.9465446472168 34.9464073181152 34.9462432861328 34.9461250305176 34.946044921875 34.9459457397461 34.9458389282227 34.9457206726074 34.9456024169922 34.9454879760742 34.9453735351562 34.9452896118164 34.9452133178711 34.9451599121094 34.9451179504395 34.9450950622559 34.9450912475586 34.9451026916504 34.9451179504395 34.9451370239258 34.945182800293 34.9452362060547 34.9452857971191 34.9453392028809 34.9453735351562 34.9454040527344 34.9453926086426 34.945384979248 34.945369720459 34.9453582763672 34.9453430175781 34.9453353881836 34.9453315734863 34.9453163146973 34.9452972412109 34.9452896118164 34.9452896118164 34.9452934265137
34.9450950622559 34.9451560974121 34.9451599121094 34.9451332092285 34.9451370239258 34.9460792541504 34.9468879699707 34.9470367431641 34.947093963623 34.9469299316406 34.9467391967773 34.9465026855469 34.9463539123535 34.9462776184082 34.9461708068848 34.946044921875 34.9459114074707 34.9457817077637 34.9456596374512 34.9455375671387 34.9454345703125 34.9453430175781 34.9453086853027 34.9452743530273 34.9452590942383 34.945255279541 34.9452743530273 34.9452934265137 34.9453239440918 34.945369720459 34.9454307556152 34.9454727172852 34.9455146789551 34.9455261230469 34.9455337524414 34.9455223083496 34.9455070495605 34.9454917907715 34.9454689025879 34.9454383850098 34.9454116821289 34.9453964233398 34.9453735351562 34.9453468322754 34.9453315734863 34.9453201293945 34.9453239440918
34.9459686279297 34.9460639953613 34.9461250305176 34.9461631774902 34.946216583252 34.9468536376953 34.9473838806152 34.947380065918 34.947338104248 34.9472160339355 34.9470901489258 34.946964263916 34.9467658996582 34.9465103149414 34.9463348388672 34.9461975097656 34.9460639953613 34.9459342956543 34.9458198547363 34.9457092285156 34.9456176757812 34.9455413818359 34.9455184936523 34.945499420166 34.9454956054688 34.945499420166 34.9455146789551 34.9455261230469 34.9455299377441 34.9455490112305 34.9455718994141 34.9455833435059 34.9455909729004 34.9455718994141 34.9455490112305 34.9455261230469 34.9455070495605 34.945499420166 34.9454917907715 34.9454765319824 34.9454612731934 34.9454498291016 34.9454231262207 34.9453926086426 34.9453735351562 34.9453544616699 34.9453506469727
34.9467163085938 34.946849822998 34.9469718933105 34.9470634460449 34.9471626281738 34.9475135803223 34.9477882385254 34.9476699829102 34.9475631713867 34.9474716186523 34.9473991394043 34.9473495483398 34.9471321105957 34.94677734375 34.9465675354004 34.9464263916016 34.9462966918945 34.9461708068848 34.9460639953613 34.9459609985352 34.9458808898926 34.9458122253418 34.9457855224609 34.9457664489746 34.9457588195801 34.9457550048828 34.9457550048828 34.9457473754883 34.9457321166992 34.9457206726074 34.9457092285156 34.9456825256348 34.9456520080566 34.9456024169922 34.9455528259277 34.9455184936523 34.9454917907715 34.9454917907715 34.9454956054688 34.945499420166 34.945499420166 34.9454879760742 34.9454650878906 34.9454345703125 34.9454116821289 34.9453887939453 34.9453773498535
34.9469871520996 34.9471702575684 34.9473838806152 34.9474983215332 34.9476089477539 34.9477577209473 34.947868347168 34.9477844238281 34.947696685791 34.9476127624512 34.9475402832031 34.9474792480469 34.9473495483398 34.9471588134766 34.9470252990723 34.9469223022461 34.9468231201172 34.9467277526855 34.9466247558594 34.9465255737305 34.9464302062988 34.9463348388672 34.9462509155273 34.9461784362793 34.946117401123 34.9460601806641 34.9459991455078 34.9459457397461 34.9458999633789 34.9458541870117 34.9458160400391 34.945743560791 34.9456672668457 34.9455871582031 34.9455070495605 34.9454650878906 34.9454307556152 34.9454345703125 34.945442199707 34.9454689025879 34.9454803466797 34.945484161377 34.9454727172852 34.9454536437988 34.9454383850098 34.9454193115234 34.9454040527344
