Ecospace-environmental-drivers/Outputs/ASCII-for-ecospace/MOM6-ISIMIP3a/so-bot/2003-01_so-bot_MOM6-ISIMIP3a.asc
NCOLS 131 
NROWS 53 
XLLCORNER -98 
YLLCORNER 23.9265270233154 
CELLSIZE 0.133587792515755 
NODATA_value -9999 
[rows 21 to 41 of 53, columns 0 to 46 of 131]
-9999 -9999 -9999 -9999 -9999 -9999 35.1476860046387 35.1484642028809 35.1507339477539 35.1443748474121 35.069694519043 34.8710289001465 34.895824432373 34.9696846008301 35.0472869873047 35.1292037963867 35.2625617980957 35.4312515258789 35.6010627746582 35.7713050842285 35.8891754150391 35.997802734375 36.0305938720703 36.0587005615234 36.0616035461426 36.0683441162109 36.087516784668 36.1049346923828 36.1192970275879 36.1317329406738 36.1421928405762 36.1467208862305 36.147632598877 36.1597175598145 36.1755294799805 36.1850967407227 36.1937484741211 36.1948661804199 36.1949844360352 36.1887321472168 36.1770133972168 36.150074005127 36.1180000305176 36.0779991149902 36.0486640930176 36.0291175842285 36.0441780090332
-9999 -9999 -9999 -9999 -9999 -9999 35.1491394042969 35.1476860046387 35.1492462158203 35.1616249084473 35.1443748474121 35.1936836242676 35.2764205932617 35.4252853393555 35.5539703369141 35.6593704223633 35.7719917297363 35.8895721435547 36.0087089538574 36.1284408569336 36.2054901123047 36.2750053405762 36.2952079772949 36.3121337890625 36.3107643127441 36.3128471374512 36.3261108398438 36.3385009765625 36.3493614196777 36.3580627441406 36.3645439147949 36.3661766052246 36.3648490905762 36.3710250854492 36.3797035217285 36.3872871398926 36.3946876525879 36.3976898193359 36.3998184204102 36.3964004516602 36.3889198303223 36.3701324462891 36.347469329834 36.3188095092773 36.2958869934082 36.2782211303711 36.2828903198242
-9999 -9999 -9999 -9999 35.1430015563965 35.1508598327637 35.1474418640137 35.152286529541 35.1476860046387 35.1508026123047 35.2036399841309 35.4467735290527 35.6791534423828 35.890251159668 36.0606994628906 36.1842346191406 36.2716484069824 36.3342552185059 36.4004211425781 36.4679641723633 36.503662109375 36.5337448120117 36.5332107543945 36.531494140625 36.5255546569824 36.522777557373 36.5302619934082 36.5401191711426 36.5541191101074 36.5640563964844 36.5698013305664 36.5696411132812 36.5658836364746 36.565357208252 36.5659103393555 36.5703582763672 36.5753288269043 36.5782203674316 36.5798110961914 36.5731239318848 36.5640678405762 36.5484237670898 36.5325393676758 36.5162811279297 36.5012092590332 36.4872207641602 36.4822044372559
-9999 -9999 -9999 -9999 35.1219825744629 35.151725769043 35.1542816162109 35.1474418640137 35.161735534668 35.3436317443848 35.5417747497559 35.8021049499512 36.0366287231445 36.2200927734375 36.3526840209961 36.4265747070312 36.4787788391113 36.5160980224609 36.5501403808594 36.5829162597656 36.6076164245605 36.6308898925781 36.4969329833984 36.3741416931152 36.3730278015137 36.3739967346191 36.381706237793 36.4276237487793 36.5402297973633 36.6193962097168 36.6641616821289 36.679515838623 36.6769561767578 36.6758995056152 36.6753463745117 36.6758270263672 36.6762962341309 36.6554183959961 36.6240921020508 36.5262222290039 36.427562713623 36.3266983032227 36.2645149230957 36.2621116638184 36.2622451782227 36.2647018432617 36.2701721191406
-9999 -9999 -9999 -9999 -9999 35.1219825744629 35.1832008361816 35.1611175537109 35.2247123718262 35.5509872436523 35.8647537231445 36.1306571960449 36.3577041625977 36.5078735351562 36.592529296875 36.6016006469727 36.5840110778809 36.5481071472168 36.5295753479004 36.5177459716797 36.527961730957 36.5420684814453 36.3233680725098 36.1238327026367 36.1264686584473 36.1301460266113 36.1372222900391 36.2049446105957 36.3785133361816 36.5010833740234 36.5711784362793 36.598518371582 36.5998039245605 36.5991058349609 36.5977478027344 36.595386505127 36.5926361083984 36.5545082092285 36.5002822875977 36.3435287475586 36.1875267028809 36.033618927002 35.9433212280273 35.9513359069824 35.9624137878418 35.9763107299805 35.9884185791016
-9999 -9999 -9999 -9999 -9999 35.115364074707 35.1219825744629 35.3022651672363 35.5022506713867 35.8220443725586 36.1212692260742 36.3417778015137 36.5191612243652 36.6112098693848 36.6037521362305 36.4814834594727 36.2424240112305 35.9231567382812 35.7623825073242 35.6628074645996 35.6432571411133 35.6378288269043 35.5478172302246 35.4659652709961 35.4675903320312 35.4694557189941 35.4721183776855 35.4991340637207 35.5686378479004 35.6213455200195 35.6567687988281 35.6805953979492 35.6973609924316 35.7009048461914 35.7000465393066 35.6997985839844 35.6994400024414 35.6726493835449 35.6394462585449 35.5654067993164 35.4935264587402 35.4276580810547 35.388988494873 35.3923568725586 35.3957252502441 35.3990898132324 35.4009475708008
-9999 -9999 35.0980262756348 35.1007194519043 35.1043548583984 35.1087379455566 35.1153717041016 35.4282379150391 35.7553062438965 36.0599136352539 36.3374366760254 36.5112991333008 36.639575958252 36.6776580810547 36.5622215270996 36.2696533203125 35.8834228515625 35.4328689575195 35.2057571411133 35.0649299621582 35.0290718078613 35.0117378234863 35.0095520019531 35.0080261230469 35.0092124938965 35.0099983215332 35.0094871520996 35.0086212158203 35.0071296691895 35.0121650695801 35.0239105224609 35.0428695678711 35.0662231445312 35.0717964172363 35.0714454650879 35.0719718933105 35.0724983215332 35.0556678771973 35.0390357971191 35.0236587524414 35.0109901428223 35.005859375 35.0023040771484 35.0011863708496 34.9988746643066 34.9954605102539 34.9908905029297
-9999.000000000000000 -9999 -9999 -9999 35.0890693664551 35.0999717712402 35.0959320068359 35.5211143493652 35.9549522399902 36.2253799438477 36.4655723571777 36.5900573730469 36.6704559326172 36.6636276245117 36.405590057373 35.8577079772949 35.4864158630371 35.236400604248 35.108570098877 35.0279235839844 35.0051155090332 34.9925193786621 34.9890213012695 34.9862937927246 34.9882965087891 34.9895935058594 34.9886054992676 34.9878540039062 34.9875144958496 34.9932899475098 35.0053558349609 35.016487121582 35.027042388916 35.0298080444336 35.029972076416 35.028377532959 35.0264778137207 35.0166015625 35.0068206787109 34.9976348876953 34.9898338317871 34.9858741760254 34.9814071655273 34.9761505126953 34.9725875854492 34.9705772399902 34.9679298400879
-9999 -9999 -9999 -9999 35.0670127868652 35.0584983825684 35.0680541992188 35.5738906860352 36.0836067199707 36.3324890136719 36.5483245849609 36.6376724243164 36.6574363708496 36.5395088195801 36.1812591552734 35.5457191467285 35.2189674377441 35.1042785644531 35.0429573059082 35.0022430419922 34.986400604248 34.9749488830566 34.9715156555176 34.9688262939453 34.9708480834961 34.9723892211914 34.9723587036133 34.9724807739258 34.9728546142578 34.9778861999512 34.9877052307129 34.9930572509766 34.9956855773926 34.9964599609375 34.9966201782227 34.9943084716797 34.9916343688965 34.986644744873 34.9816627502441 34.9767189025879 34.9721870422363 34.9687881469727 34.9644012451172 34.9584922790527 34.9551467895508 34.9541549682617 34.952880859375
-9999 -9999 -9999 -9999 35.050537109375 35.0425720214844 35.0327377319336 35.5762214660645 36.1229438781738 36.3661842346191 36.5739784240723 36.646110534668 36.5891876220703 36.2768974304199 35.8717575073242 35.3594856262207 35.1145133972168 35.053108215332 35.0170669555664 34.9908142089844 34.9742736816406 34.9594497680664 34.9578132629395 34.9567222595215 34.9577674865723 34.9592132568359 34.9619445800781 34.9638824462891 34.9644317626953 34.9668464660645 34.9711875915527 34.9733428955078 34.9741668701172 34.9739875793457 34.9734764099121 34.972225189209 34.9708557128906 34.968147277832 34.9653778076172 34.9622268676758 34.9589538574219 34.9553413391113 34.9522972106934 34.9501190185547 34.9488372802734 34.948371887207 34.9477806091309
-9999 -9999 -9999 -9999 35.0425720214844 35.0306701660156 35.0166969299316 35.5466499328613 36.0815620422363 36.3475494384766 36.5735816955566 36.646671295166 36.5982971191406 36.3095893859863 35.8912963867188 35.3234786987305 35.0650634765625 35.0191268920898 34.993724822998 34.976245880127 34.9633674621582 34.9512977600098 34.9506072998047 34.9503288269043 34.9514503479004 34.9530944824219 34.9564247131348 34.9586715698242 34.9590187072754 34.9594764709473 34.9600448608398 34.9602279663086 34.9601783752441 34.9597320556641 34.959156036377 34.9583511352539 34.9575080871582 34.9560852050781 34.9546279907227 34.9529647827148 34.9510231018066 34.948314666748 34.9465065002441 34.9460830688477 34.9457893371582 34.9456100463867 34.945384979248
-9999 -9999 -9999 -9999 35.0299797058105 35.0166969299316 35.4591979980469 35.4931488037109 35.9796295166016 36.2896728515625 36.5536499023438 36.6413154602051 36.6654243469238 36.5637588500977 36.1576156616211 35.4001426696777 35.0568656921387 34.9980354309082 34.9722900390625 34.9593238830566 34.953369140625 34.948657989502 34.9482688903809 34.9482192993164 34.9502067565918 34.9522666931152 34.9545745849609 34.9559936523438 34.955867767334 34.9548530578613 34.9529304504395 34.9520606994629 34.9518356323242 34.9516410827637 34.9514503479004 34.9506340026855 34.9497299194336 34.9488487243652 34.9480285644531 34.947624206543 34.9470710754395 34.946102142334 34.9454536437988 34.9453048706055 34.9451904296875 34.9451141357422 34.9450149536133
-9999 -9999 -9999 -9999 35.0166969299316 35.4498443603516 35.6548461914062 35.7802886962891 35.8299140930176 36.2020072937012 36.519947052002 36.6306076049805 36.6962280273438 36.672721862793 36.2674713134766 35.421745300293 35.045654296875 34.9920883178711 34.9674301147461 34.9539375305176 34.9498596191406 34.9474449157715 34.9469985961914 34.9467811584473 34.9481506347656 34.9494934082031 34.9507675170898 34.9515686035156 34.9515495300293 34.9506912231445 34.948974609375 34.9482040405273 34.9480133056641 34.9479103088379 34.9478416442871 34.9472274780273 34.9465408325195 34.9460525512695 34.9456214904785 34.9455947875977 34.9454917907715 34.9451866149902 34.9449882507324 34.9449424743652 34.9449005126953 34.9448623657227 34.9448204040527
-9999 -9999 -9999 -9999 -9999 35.6328659057617 35.6686325073242 35.691104888916 35.6597137451172 36.1015777587891 36.4803466796875 36.6176071166992 36.7114677429199 36.7194480895996 36.3102684020996 35.419750213623 35.0331573486328 34.9926300048828 34.9696731567383 34.9535026550293 34.9491310119629 34.9468460083008 34.9461822509766 34.9456367492676 34.945743560791 34.9458847045898 34.946117401123 34.9463920593262 34.9467277526855 34.9467277526855 34.9463768005371 34.9461975097656 34.9461212158203 34.9460525512695 34.945987701416 34.9456672668457 34.9453201293945 34.9451599121094 34.9450149536133 34.9449806213379 34.9449272155762 34.9448318481445 34.9447708129883 34.9447593688965 34.9447402954102 34.9447174072266 34.9447021484375
-9999 -9999 -9999 -9999 -9999 35.5884628295898 35.5751152038574 35.5345077514648 35.5759391784668 36.0572891235352 36.4691352844238 36.6149711608887 36.7144355773926 36.7221488952637 36.3109970092773 35.4165458679199 35.0302467346191 34.9929161071777 34.9710807800293 34.9552345275879 34.9499816894531 34.9466018676758 34.9458465576172 34.9452095031738 34.945125579834 34.9450798034668 34.9451675415039 34.9452819824219 34.945442199707 34.9454917907715 34.945426940918 34.9453773498535 34.9453392028809 34.9452972412109 34.9452590942383 34.9450912475586 34.9449119567871 34.9448509216309 34.9448013305664 34.9447746276855 34.944751739502 34.9447135925293 34.9446907043457 34.9446907043457 34.9446830749512 34.9446716308594 34.9446601867676
-9999 -9999 -9999 -9999 -9999 35.5598831176758 35.5216407775879 35.4997329711914 35.5100479125977 36.0246124267578 36.4637985229492 36.6144790649414 36.7148666381836 36.7157402038574 36.3030242919922 35.4130897521973 35.0293197631836 34.9931488037109 34.9723205566406 34.9574127197266 34.9511604309082 34.9464340209961 34.9456062316895 34.9449348449707 34.9448776245117 34.9448585510254 34.9449806213379 34.9450149536133 34.9448852539062 34.9448204040527 34.9448204040527 34.9448051452637 34.9447822570801 34.9447708129883 34.944766998291 34.9447212219238 34.9446716308594 34.9446678161621 34.9446640014648 34.9446601867676 34.944652557373 34.9446449279785 34.9446411132812 34.9446449279785 34.9446449279785 34.9446449279785 34.944637298584
-9999 -9999 -9999 -9999 -9999 -9999 35.5828971862793 35.5306777954102 35.5701332092285 36.0631866455078 36.483081817627 36.6229438781738 36.7178955078125 36.7239952087402 36.316333770752 35.4312591552734 35.0455093383789 35.0026702880859 34.9785346984863 34.9616203308105 34.9529495239258 34.9457321166992 34.9451713562012 34.9448089599609 34.944896697998 34.9450531005859 34.9454193115234 34.9456329345703 34.9455795288086 34.9455490112305 34.9455375671387 34.9455108642578 34.9454689025879 34.9454345703125 34.9454040527344 34.9453620910645 34.9453163146973 34.9450988769531 34.9448928833008 34.9447250366211 34.9445953369141 34.944580078125 34.9445648193359 34.9445571899414 34.9445495605469 34.9445457458496 34.9446563720703
-9999 -9999 -9999 -9999 -9999 -9999 35.6977195739746 35.7182807922363 35.6509208679199 36.1148910522461 36.5088119506836 36.6346206665039 36.7215766906738 36.7316513061523 36.3285064697266 35.4485626220703 35.0610694885254 35.0117683410645 34.9844245910645 34.9655609130859 34.9546127319336 34.9450645446777 34.944766998291 34.9447135925293 34.9449768066406 34.9453125 34.9458923339844 34.9462738037109 34.9463043212891 34.9463081359863 34.9462852478027 34.9462432861328 34.9461936950684 34.9461402893066 34.9460830688477 34.9460372924805 34.9459838867188 34.9455757141113 34.9451789855957 34.9448661804199 34.9446296691895 34.9446067810059 34.9445838928223 34.9445610046387 34.9445495605469 34.9445457458496 34.9447631835938
-9999 -9999 -9999 -9999 -9999 -9999 35.9034423828125 35.8442001342773 35.8923950195312 36.272590637207 36.5915870666504 36.6763381958008 36.7309494018555 36.7259216308594 36.3183631896973 35.4463424682617 35.0617485046387 35.0118980407715 34.9844436645508 34.9656410217285 34.9546203613281 34.9449729919434 34.9448165893555 34.9449272155762 34.9455528259277 34.9461135864258 34.9464569091797 34.9466934204102 34.9467353820801 34.9467468261719 34.9467277526855 34.9467239379883 34.9467239379883 34.9466896057129 34.9466438293457 34.9465675354004 34.9464874267578 34.9462013244629 34.9459342956543 34.9457550048828 34.9456176757812 34.9456062316895 34.9455986022949 34.9455909729004 34.9456100463867 34.9456443786621 34.9457969665527
-9999 -9999 -9999 -9999 -9999 36.1936531066895 36.1106224060059 36.1478424072266 36.1264839172363 36.4201278686523 36.6632270812988 36.7128486633301 36.7265853881836 36.6693229675293 36.2530326843262 35.4224739074707 35.0558929443359 35.007942199707 34.9817123413086 34.9638710021973 34.9537124633789 34.9449119567871 34.945011138916 34.9453659057617 34.9461898803711 34.9468536376953 34.9470100402832 34.9471282958984 34.9471740722656 34.947193145752 34.9471817016602 34.9472007751465 34.9472389221191 34.9472236633301 34.9471893310547 34.9470977783203 34.9470024108887 34.9468269348145 34.9466667175293 34.9465827941895 34.9465179443359 34.9465179443359 34.9465141296387 34.9465141296387 34.9465370178223 34.9465751647949 34.946662902832
-9999 -9999 -9999 -9999 36.2735023498535 36.2398910522461 36.1936531066895 36.2567939758301 36.3335075378418 36.5304183959961 36.6940460205078 36.7302703857422 36.6718635559082 36.426212310791 35.9853477478027 35.3192367553711 35.0260696411133 34.9890174865723 34.9688873291016 34.9552955627441 34.9494400024414 34.944953918457 34.9457588195801 34.9466247558594 34.9470367431641 34.947380065918 34.9475212097168 34.947624206543 34.9476623535156 34.9476776123047 34.9476776123047 34.9476852416992 34.9477005004883 34.947696685791 34.9476852416992 34.9476318359375 34.9475708007812 34.9474411010742 34.9473114013672 34.9471893310547 34.9470977783203 34.9470901489258 34.9470710754395 34.9470405578613 34.9469833374023 34.946907043457 34.9469223022461
