Ecospace-environmental-drivers/Outputs/ASCII-for-ecospace/MOM6-ISIMIP3a/so-bot/2003-06_so-bot_MOM6-ISIMIP3a.asc
NCOLS 131 
NROWS 53 
XLLCORNER -98 
YLLCORNER 23.9265270233154 
CELLSIZE 0.133587792515755 
NODATA_value -9999 
[rows 21 to 41 of 53, columns 0 to 46 of 131]
-9999 -9999 -9999 -9999 -9999 -9999 34.4983062744141 34.4800567626953 34.4415664672852 34.3657073974609 34.308952331543 34.024845123291 34.0576629638672 34.1554222106934 34.3820343017578 34.7573280334473 35.1012153625488 35.4235305786133 35.5683784484863 35.644702911377 35.697208404541 35.7455101013184 35.9114723205566 36.058292388916 36.024112701416 36.0066184997559 36.0432395935059 36.0943183898926 36.1706237792969 36.2508697509766 36.3351707458496 36.3860015869141 36.416446685791 36.430290222168 36.438606262207 36.4414749145508 36.4435501098633 36.4393501281738 36.4347953796387 36.4279899597168 36.4216651916504 36.4166946411133 36.4147491455078 36.4174880981445 36.4277687072754 36.4449615478516 36.4659194946289
-9999 -9999 -9999 -9999 -9999 -9999 34.5038795471191 34.4983062744141 34.4618034362793 34.4404449462891 34.3657073974609 34.536304473877 34.7331047058105 34.981761932373 35.2196273803711 35.4450492858887 35.6780815124512 35.9163398742676 36.0226287841797 36.0779647827148 36.117546081543 36.1543502807617 36.2534561157227 36.3402099609375 36.312671661377 36.2938766479492 36.3034400939941 36.3200035095215 36.3487854003906 36.3811912536621 36.4173278808594 36.4396438598633 36.4535369873047 36.4599494934082 36.4638671875 36.4707641601562 36.4780464172363 36.4813079833984 36.4844627380371 36.486946105957 36.4891700744629 36.4906616210938 36.4922523498535 36.4940032958984 36.4988288879395 36.5064811706543 36.5179634094238
-9999 -9999 -9999 -9999 34.5716590881348 34.5350799560547 34.5040435791016 34.5092926025391 34.4983062744141 34.4253005981445 34.472469329834 34.979621887207 35.4457588195801 35.8307456970215 36.0643615722656 36.1233177185059 36.2347145080566 36.3821220397949 36.4482307434082 36.4829521179199 36.5194549560547 36.5562705993652 36.5770568847656 36.5936851501465 36.5785751342773 36.563777923584 36.5499839782715 36.5362396240234 36.5225791931152 36.5109596252441 36.5014419555664 36.4952812194824 36.4911689758301 36.4889793395996 36.487434387207 36.4971313476562 36.5083694458008 36.5172309875488 36.5259170532227 36.5334625244141 36.5396919250488 36.5422706604004 36.5449829101562 36.5478973388672 36.5495147705078 36.5499420166016 36.5533027648926
-9999 -9999 -9999 -9999 34.6493225097656 34.5981903076172 34.5661163330078 34.5040435791016 34.5255279541016 34.798957824707 35.1119804382324 35.5765533447266 35.9747505187988 36.2416000366211 36.407543182373 36.4570465087891 36.5186805725098 36.5886421203613 36.6207237243652 36.6381759643555 36.656665802002 36.6753425598145 36.5744743347168 36.4821472167969 36.4828186035156 36.4829139709473 36.481128692627 36.5066719055176 36.5799026489258 36.6190567016602 36.6231536865234 36.61865234375 36.6089134216309 36.6025886535645 36.5974006652832 36.5998420715332 36.6032905578613 36.600830078125 36.5904655456543 36.5297584533691 36.4575309753418 36.3532295227051 36.2920036315918 36.2973480224609 36.3008422851562 36.3026390075684 36.3059730529785
-9999 -9999 -9999 -9999 -9999 34.6493225097656 34.6732711791992 34.6281929016113 34.6513366699219 35.2067184448242 35.7293701171875 36.1267700195312 36.4427375793457 36.5975799560547 36.6882629394531 36.704906463623 36.6830711364746 36.6348037719727 36.6112518310547 36.5972366333008 36.5967025756836 36.5985450744629 36.41845703125 36.255428314209 36.2677612304688 36.2787818908691 36.2855567932129 36.337028503418 36.466480255127 36.5395812988281 36.5546913146973 36.554443359375 36.5448417663574 36.5366630554199 36.5289535522461 36.5257530212402 36.5231018066406 36.5105934143066 36.4853096008301 36.3786468505859 36.2544403076172 36.0813980102539 35.9789009094238 35.985424041748 35.9897994995117 35.9921951293945 35.9946708679199
-9999 -9999 -9999 -9999 -9999 34.7472038269043 34.6493225097656 34.9115333557129 35.2094345092773 35.7640151977539 36.2497825622559 36.4721527099609 36.6432647705078 36.7129516601562 36.6951026916504 36.5762557983398 36.3231391906738 35.9778213500977 35.8039131164551 35.6961936950684 35.6721611022949 35.662899017334 35.5896682739258 35.5236701965332 35.5295829772949 35.5341529846191 35.5343589782715 35.5531616210938 35.6044082641602 35.6376495361328 35.6523590087891 35.6677551269531 35.6835708618164 35.683536529541 35.6782150268555 35.6764640808105 35.6750907897949 35.6581344604492 35.6360359191895 35.5811729431152 35.5211067199707 35.4465599060059 35.402172088623 35.4043960571289 35.4052734375 35.404914855957 35.4028663635254
-9999 -9999 34.9665756225586 34.9396705627441 34.910041809082 34.8451995849609 34.7470855712891 35.2256774902344 35.7333450317383 36.2260398864746 36.634880065918 36.7227630615234 36.7817687988281 36.7836380004883 36.6473922729492 36.3517913818359 35.9452667236328 35.4625625610352 35.2182922363281 35.0660934448242 35.0300140380859 35.0144233703613 35.0141181945801 35.0142936706543 35.0156898498535 35.0158729553223 35.012134552002 35.0093536376953 35.0082511901855 35.0144920349121 35.0282974243164 35.0507774353027 35.078540802002 35.083137512207 35.0800170898438 35.0790405273438 35.078239440918 35.059642791748 35.0412483215332 35.0241355895996 35.0099334716797 35.0038414001465 34.9994277954102 34.9976119995117 34.995662689209 34.9935913085938 34.9892044067383
-9999.000000000000000 -9999 -9999 -9999 35.0637702941895 34.9748878479004 35.0346565246582 35.6070327758789 36.1826705932617 36.4801902770996 36.7247467041016 36.7665939331055 36.7849502563477 36.7568244934082 36.480655670166 35.9182891845703 35.5282363891602 35.2565269470215 35.1164283752441 35.027156829834 35.0040016174316 34.9925155639648 34.991096496582 34.9901351928711 34.9911422729492 34.9914512634277 34.9894943237305 34.9893264770508 34.9922752380371 34.9995880126953 35.0113906860352 35.0222663879395 35.0325813293457 35.0341529846191 35.0328178405762 35.0311660766602 35.0293846130371 35.0152702331543 35.0017127990723 34.9916954040527 34.9834823608398 34.980297088623 34.9762840270996 34.9709968566895 34.9676856994629 34.9661865234375 34.964225769043
-9999 -9999 -9999 -9999 35.2734756469727 35.371223449707 35.3093681335449 35.9012489318848 36.4908828735352 36.6506805419922 36.7800712585449 36.7931022644043 36.7583389282227 36.6290054321289 36.2516098022461 35.5879974365234 35.2425498962402 35.1156005859375 35.046703338623 35.0002288818359 34.9841194152832 34.9733734130859 34.9716606140137 34.9704246520996 34.9715194702148 34.9725112915039 34.9731559753418 34.9751014709473 34.9793128967285 34.9862823486328 34.9960861206055 34.9996604919434 34.999439239502 34.9981842041016 34.9965896606445 34.9940948486328 34.9914321899414 34.9823799133301 34.9738426208496 34.968578338623 34.9642601013184 34.9625778198242 34.959358215332 34.9537544250488 34.9505653381348 34.9495964050293 34.9490776062012
-9999 -9999 -9999 -9999 35.4227676391602 35.4743156433105 35.5379638671875 36.0858383178711 36.6215629577637 36.7159156799316 36.7919425964355 36.7978172302246 36.6942443847656 36.3741111755371 35.9441795349121 35.3875579833984 35.1220932006836 35.0565872192383 35.0174140930176 34.9884071350098 34.9719543457031 34.9577178955078 34.9567337036133 34.9563064575195 34.9580993652344 34.9604721069336 34.9647445678711 34.9681739807129 34.9701347351074 34.974983215332 34.9827995300293 34.9844818115234 34.982421875 34.978588104248 34.9741668701172 34.9706192016602 34.9671936035156 34.9639358520508 34.9606513977051 34.9571914672852 34.9541358947754 34.9522018432617 34.9502563476562 34.948299407959 34.9471054077148 34.9466133117676 34.9463043212891
-9999 -9999 -9999 -9999 35.4743156433105 35.5513610839844 35.6418037414551 36.1575927734375 36.6634712219238 36.734748840332 36.7924461364746 36.798168182373 36.7059020996094 36.4197425842285 35.9754333496094 35.3486442565918 35.0652656555176 35.0177154541016 34.9916648864746 34.9739112854004 34.9613761901855 34.9497680664062 34.9492645263672 34.9492874145508 34.9516334533691 34.95458984375 34.9595108032227 34.9628791809082 34.9635314941406 34.9660415649414 34.970458984375 34.9705657958984 34.9680519104004 34.9643020629883 34.9601440429688 34.9568786621094 34.9537582397461 34.9531021118164 34.9522857666016 34.9504165649414 34.948616027832 34.9470138549805 34.9459381103516 34.945671081543 34.9454383850098 34.9452362060547 34.9450531005859
-9999 -9999 -9999 -9999 35.5558280944824 35.6418037414551 36.1190376281738 36.1447219848633 36.6387977600098 36.7187767028809 36.7844276428223 36.7952461242676 36.7743682861328 36.6907691955566 36.2607078552246 35.4308853149414 35.05615234375 34.993953704834 34.9685707092285 34.957405090332 34.9519920349121 34.9475936889648 34.9473876953125 34.9475860595703 34.9503898620605 34.9533195495605 34.9566612243652 34.9588050842285 34.9588623046875 34.958869934082 34.9588241577148 34.9576034545898 34.9556655883789 34.9539985656738 34.9524230957031 34.9504432678223 34.9484176635742 34.9479789733887 34.9475402832031 34.9470977783203 34.9465522766113 34.945728302002 34.9452095031738 34.9451713562012 34.945125579834 34.9450721740723 34.9449462890625
-9999 -9999 -9999 -9999 35.6418037414551 36.1593933105469 36.383674621582 36.5320358276367 36.555103302002 36.6805458068848 36.782470703125 36.7943801879883 36.797420501709 36.7829132080078 36.3536987304688 35.4459762573242 35.0428581237793 34.986270904541 34.962833404541 34.9521980285645 34.9487686157227 34.9466094970703 34.9463539123535 34.9463539123535 34.9481315612793 34.9499206542969 34.9517631530762 34.9529838562012 34.9531364440918 34.952766418457 34.9518585205078 34.9508056640625 34.9496650695801 34.948974609375 34.948429107666 34.9473533630371 34.9462089538574 34.9459495544434 34.9457206726074 34.9456825256348 34.9455451965332 34.945140838623 34.9449043273926 34.9449234008789 34.9449272155762 34.9449234008789 34.9448471069336
-9999 -9999 -9999 -9999 -9999 36.4539184570312 36.4930534362793 36.4742660522461 36.4461059570312 36.6327705383301 36.7831077575684 36.7943954467773 36.8010101318359 36.7983856201172 36.3642730712891 35.4322967529297 35.027774810791 34.9854774475098 34.9645347595215 34.9518356323242 34.948184967041 34.9461364746094 34.9456825256348 34.9453201293945 34.9454383850098 34.945613861084 34.945987701416 34.946418762207 34.9469604492188 34.9471244812012 34.946891784668 34.9466514587402 34.9464073181152 34.9462089538574 34.9460296630859 34.9456939697266 34.9453392028809 34.9452476501465 34.9451560974121 34.9450836181641 34.9449920654297 34.9448547363281 34.9447746276855 34.9447822570801 34.9447822570801 34.9447822570801 34.944751739502
-9999 -9999 -9999 -9999 -9999 36.500186920166 36.4850234985352 36.4728546142578 36.4823112487793 36.6490821838379 36.7835655212402 36.7944717407227 36.8015594482422 36.8010902404785 36.3660011291504 35.4294319152832 35.0245246887207 34.9847373962402 34.9650535583496 34.9531364440918 34.948860168457 34.9459266662598 34.9454116821289 34.9449806213379 34.9448585510254 34.9447975158691 34.9449462890625 34.9451446533203 34.945426940918 34.9455299377441 34.9454536437988 34.9453926086426 34.9453392028809 34.9452743530273 34.9452095031738 34.9450912475586 34.9449653625488 34.9449462890625 34.9449234008789 34.9448699951172 34.9448204040527 34.9447631835938 34.9447288513184 34.9447288513184 34.9447250366211 34.9447212219238 34.9447021484375
-9999 -9999 -9999 -9999 -9999 36.528923034668 36.5224838256836 36.5079498291016 36.5485610961914 36.6786499023438 36.7839851379395 36.794563293457 36.8014793395996 36.8011512756348 36.3658981323242 35.4288063049316 35.0237274169922 34.9840087890625 34.96533203125 34.9547843933105 34.9497909545898 34.9457778930664 34.9452209472656 34.9447860717773 34.9447135925293 34.9447059631348 34.9448890686035 34.9449615478516 34.9448471069336 34.9447746276855 34.9447479248047 34.9447326660156 34.9447250366211 34.9447174072266 34.9447135925293 34.9447021484375 34.944694519043 34.9447288513184 34.944751739502 34.9447364807129 34.9447250366211 34.9447135925293 34.9447021484375 34.9446907043457 34.9446792602539 34.9446716308594 34.9446601867676
-9999 -9999 -9999 -9999 -9999 -9999 36.5792579650879 36.5866432189941 36.5953178405762 36.6992988586426 36.7839508056641 36.7946319580078 36.8016662597656 36.8014793395996 36.3713035583496 35.4449920654297 35.040470123291 34.9942817687988 34.971607208252 34.9580154418945 34.9511260986328 34.9454231262207 34.945011138916 34.9447555541992 34.9448165893555 34.9449691772461 34.9454231262207 34.9456825256348 34.9455986022949 34.945556640625 34.9455642700195 34.9455528259277 34.9455337524414 34.945499420166 34.9454650878906 34.945442199707 34.9454154968262 34.945140838623 34.9448852539062 34.944751739502 34.944652557373 34.9446487426758 34.944637298584 34.9446105957031 34.9445915222168 34.9445762634277 34.9446449279785
-9999 -9999 -9999 -9999 -9999 -9999 36.6284446716309 36.6431846618652 36.6392669677734 36.7187271118164 36.7839622497559 36.7947387695312 36.8014755249023 36.8002128601074 36.3747863769531 35.4599456787109 35.0564308166504 35.0040626525879 34.9775581359863 34.9610328674316 34.9523696899414 34.9450912475586 34.9448280334473 34.9447555541992 34.9449806213379 34.9453086853027 34.9459838867188 34.946403503418 34.9463691711426 34.9463653564453 34.9463996887207 34.9463996887207 34.9463729858398 34.9463195800781 34.9462547302246 34.9462089538574 34.9461631774902 34.9456062316895 34.9450912475586 34.9448509216309 34.9446754455566 34.9446754455566 34.9446563720703 34.9446144104004 34.944580078125 34.9445610046387 34.9446983337402
-9999 -9999 -9999 -9999 -9999 -9999 36.6631126403809 36.6555061340332 36.6625556945801 36.7294464111328 36.7846717834473 36.795238494873 36.7971267700195 36.781852722168 36.3551483154297 35.4537200927734 35.0556869506836 35.003360748291 34.9771614074707 34.961051940918 34.9524040222168 34.9450721740723 34.9449348449707 34.9450225830078 34.9457092285156 34.9462928771973 34.9465560913086 34.946720123291 34.9467086791992 34.9467315673828 34.9467887878418 34.9468460083008 34.9469032287598 34.946891784668 34.9468536376953 34.9467926025391 34.9467239379883 34.9463386535645 34.9459838867188 34.9458160400391 34.945686340332 34.9456672668457 34.9456214904785 34.9455451965332 34.9454803466797 34.9454345703125 34.945499420166
-9999 -9999 -9999 -9999 -9999 36.6929969787598 36.6895523071289 36.6906471252441 36.6924057006836 36.7437782287598 36.7864875793457 36.796012878418 36.7795867919922 36.711799621582 36.2792701721191 35.4258766174316 35.0489616394043 34.9992713928223 34.9745941162109 34.9595794677734 34.9516906738281 34.9450569152832 34.9452095031738 34.9455757141113 34.9465065002441 34.9472007751465 34.9471397399902 34.9471054077148 34.9471092224121 34.9471397399902 34.9472045898438 34.9472923278809 34.9473991394043 34.9474143981934 34.947395324707 34.9473266601562 34.9472465515137 34.9470176696777 34.9468002319336 34.9466934204102 34.946605682373 34.9465675354004 34.9465026855469 34.9463996887207 34.9463043212891 34.946216583252 34.946216583252
-9999 -9999 -9999 -9999 36.7146911621094 36.7035179138184 36.6929969787598 36.719066619873 36.7463226318359 36.771369934082 36.7923583984375 36.7978134155273 36.7136611938477 36.4521942138672 35.9971580505371 35.3187713623047 35.0203056335449 34.9827537536621 34.964054107666 34.9526405334473 34.9482269287109 34.9450492858887 34.9461059570312 34.9471702575684 34.9475479125977 34.9478187561035 34.9477653503418 34.9477272033691 34.9477081298828 34.9477081298828 34.9477233886719 34.9477424621582 34.9477653503418 34.9477577209473 34.9477424621582 34.9476852416992 34.9476203918457 34.9474830627441 34.9473533630371 34.9472541809082 34.9471740722656 34.9471435546875 34.9470863342285 34.9469871520996 34.9468460083008 34.9466667175293 34.9466133117676
