Ecospace-environmental-drivers/Outputs/ASCII-for-ecospace/MOM6-ISIMIP3a/so-bot/2003-05_so-bot_MOM6-ISIMIP3a.asc
NCOLS 131 
NROWS 53 
XLLCORNER -98 
YLLCORNER 23.9265270233154 
CELLSIZE 0.133587792515755 
NODATA_value -9999 
[rows 0 to 20 of 53, columns 47 to 93 of 131]
-9999 -9999 -9999 -9999 -9999 -9999 -9999 -9999 -9999 -9999 -9999 -9999 -9999 -9999 -9999 -9999 -9999 -9999 -9999 -9999 -9999 -9999 -9999 -9999 -9999 -9999 -9999 -9999 -9999 -9999 -9999 -9999 -9999 -9999 -9999 -9999 -9999 -9999 -9999 -9999 -9999 -9999 -9999 -9999 -9999 -9999 -9999
-9999 -9999 -9999 -9999 -9999 -9999 -9999 -9999 -9999 -9999 -9999 -9999 -9999 -9999 -9999 -9999 -9999 -9999 -9999 -9999 -9999 -9999 -9999 -9999 -9999 -9999 -9999 -9999 -9999 -9999 -9999 -9999 -9999 -9999 -9999 -9999 -9999 -9999 -9999 -9999 -9999 -9999 -9999 -9999 -9999 -9999 -9999
-9999 -9999 -9999 -9999 -9999 -9999 -9999 -9999 -9999 -9999 -9999 -9999 -9999 -9999 -9999 -9999 -9999 -9999 -9999 -9999 -9999 -9999 -9999 -9999 -9999 -9999 -9999 32.5514526367188 33.1075782775879 -9999 -9999 -9999 -9999 -9999 -9999 -9999 -9999 -9999 -9999 -9999 -9999 -9999 -9999 -9999 -9999 -9999 -9999
-9999 -9999 -9999 -9999 -9999 -9999 -9999 -9999 -9999 -9999 -9999 -9999 -9999 -9999 -9999 -9999 -9999 -9999 -9999 -9999 -9999 -9999 -9999 -9999 -9999 -9999 -9999 32.5396461486816 33.1131820678711 -9999 -9999 -9999 -9999 -9999 -9999 -9999 -9999 -9999 -9999 -9999 -9999 -9999 -9999 -9999 -9999 -9999 -9999
-9999 -9999 -9999 -9999 -9999 -9999 -9999 -9999 -9999 -9999 -9999 -9999 -9999 -9999 -9999 -9999 -9999 -9999 25.0737590789795 25.3870716094971 25.6377201080322 27.0998191833496 28.2914333343506 30.1036415100098 31.0809593200684 31.5019550323486 31.9764671325684 32.5261573791504 33.1163101196289 33.6970748901367 -9999 -9999 34.9436569213867 35.1723022460938 35.3271865844727 35.4747276306152 35.5989265441895 35.6910057067871 35.7409782409668 35.7542533874512 35.7246856689453 35.6652488708496 -9999 -9999 -9999 -9999 -9999
-9999 -9999 -9999 -9999 -9999 -9999 -9999 -9999 -9999 -9999 -9999 -9999 -9999 -9999 19.3621635437012 -9999 18.7605247497559 18.271203994751 21.7766265869141 25.0737590789795 25.4497337341309 25.6377201080322 28.561918258667 30.6746597290039 31.0743465423584 31.4938735961914 31.9376468658447 32.4978828430176 33.1429443359375 33.7081031799316 34.240177154541 34.6407012939453 35.0153656005859 35.1749000549316 35.3266410827637 35.4800186157227 35.6175270080566 35.6992340087891 35.7562561035156 35.7674446105957 35.7390594482422 35.6675567626953 35.5891265869141 35.5062065124512 -9999 -9999 -9999
-9999 -9999 -9999 -9999 -9999 -9999 -9999 -9999 -9999 -9999 27.0152893066406 26.9767608642578 26.953706741333 26.9035015106201 23.1427555084229 19.4455490112305 19.2787780761719 18.7315902709961 18.271203994751 21.9849185943604 25.0737590789795 25.6377201080322 28.561918258667 30.6746597290039 31.0743465423584 31.4938735961914 31.9376468658447 32.4978828430176 33.1429443359375 33.7081031799316 34.240177154541 34.6407012939453 35.0153656005859 35.1749000549316 35.3266410827637 35.4800186157227 35.6175270080566 35.6992340087891 35.7562561035156 35.7674446105957 35.7390594482422 35.6675567626953 35.5891265869141 35.5062065124512 35.4842910766602 35.5246124267578 -9999
-9999 -9999 -9999 -9999 -9999 -9999 -9999 -9999 -9999 -9999 27.2218685150146 27.0152893066406 26.9382305145264 -9999 26.8646717071533 23.2171764373779 19.6123180389404 19.2787780761719 18.6447887420654 18.271203994751 22.6097946166992 26.6372509002686 29.3625736236572 31.5488300323486 32.5970764160156 33.2901077270508 33.5489959716797 33.8638458251953 34.2194557189941 34.5350646972656 34.8341102600098 35.0913047790527 35.340274810791 35.4441413879395 35.5471000671387 35.6936836242676 35.8229141235352 35.8911514282227 35.925724029541 35.8977813720703 35.851318359375 35.7846794128418 35.7112655639648 35.633472442627 35.5723457336426 35.517204284668 35.419261932373
-9999 -9999 -9999 -9999 -9999 -9999 -9999 -9999 -9999 -9999 -9999 -9999 -9999 -9999 26.846342086792 26.8865032196045 23.4619407653809 19.945858001709 19.2787780761719 18.3843841552734 23.2978057861328 27.7453517913818 30.2431678771973 32.4988594055176 34.243408203125 35.2307205200195 35.2925338745117 35.3432769775391 35.3859558105469 35.4318771362305 35.479133605957 35.5804100036621 35.6923027038574 35.7380256652832 35.7901077270508 35.9282341003418 36.0475769042969 36.1008529663086 36.1109657287598 36.0409202575684 35.975154876709 35.9140625 35.8464851379395 35.7747077941895 35.6606597900391 35.5314254760742 35.3873863220215
31.7420616149902 -9999 -9999 -9999 -9999 -9999 -9999 -9999 -9999 -9999 29.3465728759766 27.4336109161377 -9999 -9999 -9999 26.8166809082031 27.1357746124268 24.1326103210449 20.6129398345947 20.9991683959961 25.0799598693848 28.7687206268311 30.8167953491211 32.7253074645996 34.3391952514648 35.2937927246094 35.4426002502441 35.5198402404785 35.5449523925781 35.5792808532715 35.6174201965332 35.6760444641113 35.7386894226074 35.8525009155273 35.966667175293 36.0658149719238 36.1515579223633 36.1901741027832 36.1923408508301 36.1268196105957 36.0684471130371 36.0178642272949 35.9647979736328 35.9101257324219 35.802906036377 35.676815032959 35.4658622741699
31.6150398254395 31.5962886810303 -9999 -9999 -9999 -9999 -9999 -9999 -9999 -9999 30.3683433532715 29.4830493927002 27.4336109161377 -9999 -9999 26.3988189697266 27.0359344482422 27.9725723266602 25.7628269195557 23.7008895874023 26.9363346099854 29.8498630523682 31.4161376953125 32.960391998291 34.4581680297852 35.378360748291 35.5926361083984 35.6889953613281 35.699462890625 35.7234497070312 35.7530326843262 35.7778091430664 35.8016395568848 35.9672393798828 36.1268005371094 36.1761054992676 36.2237663269043 36.2656440734863 36.2719993591309 36.2123756408691 36.1604194641113 36.116813659668 36.0744018554688 36.0327682495117 35.9364356994629 35.8204574584961 35.5599136352539
31.6150398254395 31.5587882995605 31.423397064209 31.0979290008545 -9999 -9999 -9999 -9999 -9999 -9999 -9999 30.6202812194824 29.4069900512695 27.4336109161377 27.0152893066406 26.3988189697266 27.0359344482422 27.9725723266602 27.3762187957764 26.8689308166504 29.190824508667 31.2409038543701 32.1534194946289 33.241813659668 34.7014923095703 35.5782318115234 35.7424926757812 35.8183860778809 35.8299140930176 35.850269317627 35.8742790222168 35.9124526977539 35.9534111022949 36.0833854675293 36.1988220214844 36.1400108337402 36.1255149841309 36.2668495178223 36.3424758911133 36.296085357666 36.2452926635742 36.1897048950195 36.137279510498 36.0869026184082 36.0231971740723 35.954704284668 35.7375221252441
31.7439479827881 31.5816078186035 31.4489574432373 31.1042308807373 -9999 -9999 -9999 -9999 29.6707515716553 29.9648857116699 30.4046649932861 31.044397354126 30.4117832183838 28.7381725311279 27.8094596862793 27.233585357666 27.7102661132812 28.4384384155273 28.8831329345703 29.3813629150391 30.9422397613525 32.3302917480469 32.9950370788574 33.8409042358398 35.0691299438477 35.7855415344238 35.8764152526855 35.8868255615234 35.8386306762695 35.8236465454102 35.8224220275879 35.858699798584 35.9023551940918 35.9960784912109 36.0731239318848 35.9691467285156 35.9371910095215 36.1584892272949 36.3011207580566 36.297664642334 36.2770729064941 36.2378120422363 36.1961250305176 36.1528663635254 36.1173782348633 36.0846824645996 35.9266510009766
32.1951293945312 31.8393383026123 31.4708557128906 31.1042308807373 30.7406005859375 30.4526977539062 30.1570091247559 29.8217144012451 29.6707515716553 29.9648857116699 30.4046649932861 31.044397354126 31.2003650665283 30.9605312347412 30.5890922546387 30.1553134918213 30.0704669952393 30.0689926147461 30.1238479614258 30.2547359466553 31.4359493255615 32.6655235290527 34.0974922180176 35.2341918945312 35.7475509643555 36.0114593505859 35.9704895019531 35.8028678894043 35.5429916381836 35.4134140014648 35.3377952575684 35.3339538574219 35.3442192077637 35.4001235961914 35.4531288146973 35.461353302002 35.5236778259277 35.7762222290039 35.9801826477051 36.093921661377 36.1761207580566 36.223949432373 36.2448806762695 36.2484130859375 36.2301177978516 36.2039833068848 36.1445693969727
32.9629898071289 32.4909820556641 31.9640598297119 31.592472076416 31.2407512664795 30.9961452484131 30.747371673584 30.4774112701416 30.3762092590332 30.6824989318848 31.0748424530029 31.5853309631348 32.172966003418 32.8237190246582 32.9237937927246 32.7630233764648 32.4493637084961 32.0991706848145 31.951847076416 31.8779239654541 32.669506072998 33.5871696472168 35.0324935913086 36.0060157775879 35.9835243225098 35.9216003417969 35.8114814758301 35.5877342224121 35.2812232971191 35.1247940063477 35.030517578125 35.0111236572266 35.0064544677734 35.0408210754395 35.0803642272949 35.1563568115234 35.2743453979492 35.5400009155273 35.7697143554688 35.9326782226562 36.0713348388672 36.1835098266602 36.2593116760254 36.3115844726562 36.3133125305176 36.2968902587891 36.2919158935547
34.1785774230957 33.6995468139648 33.123607635498 32.77099609375 32.4480209350586 32.3079223632812 32.1723976135254 32.0601425170898 32.0790519714355 32.414680480957 32.6925277709961 32.8910484313965 33.4057350158691 34.1791038513184 34.6294403076172 34.9267654418945 34.8546867370605 34.6943435668945 34.6101608276367 34.5612182617188 34.9490737915039 35.337890625 35.7307472229004 35.8992080688477 35.5939598083496 35.3852920532227 35.2946586608887 35.1871452331543 35.0673408508301 35.0081100463867 34.9739646911621 34.9737701416016 34.9802513122559 35.0161056518555 35.0571365356445 35.1380729675293 35.257137298584 35.5102691650391 35.7154350280762 35.8315200805664 35.9611358642578 36.1054992675781 36.225212097168 36.3289794921875 36.3547401428223 36.3524780273438 36.3394737243652
35.0654067993164 34.6834869384766 34.2072105407715 33.8731651306152 33.5622329711914 33.4822044372559 33.427490234375 33.5015525817871 33.6296348571777 33.8881568908691 34.0451736450195 34.0628395080566 34.4877738952637 35.2459182739258 35.7325706481934 36.0906219482422 36.1088600158691 36.0459098815918 35.9957656860352 35.9518852233887 35.986400604248 35.983528137207 35.8241691589355 35.6131210327148 35.2929649353027 35.0891799926758 35.0276260375977 34.9874267578125 34.9627799987793 34.9521331787109 34.9472770690918 34.9558029174805 34.9669609069824 35.0031852722168 35.0435523986816 35.1153297424316 35.2196388244629 35.4383239746094 35.6226539611816 35.7431793212891 35.8861427307129 36.0535507202148 36.1924667358398 36.3129425048828 36.3635673522949 36.3890953063965 36.3767509460449
35.6753845214844 35.4782638549805 35.2268600463867 34.9110298156738 34.5980758666992 34.5406951904297 34.539478302002 34.8239517211914 35.0519943237305 35.1437644958496 35.1746215820312 35.1218528747559 35.4428749084473 36.0697212219238 36.3283042907715 36.4124526977539 36.3936309814453 36.3502082824707 36.3096008300781 36.2540130615234 35.9776191711426 35.6985473632812 35.4082489013672 35.1760635375977 35.0665512084961 34.9953422546387 34.9709434509277 34.956859588623 34.9502906799316 34.9472732543945 34.9457321166992 34.954158782959 34.964542388916 35.0001907348633 35.0380897521973 35.0888328552246 35.1650466918945 35.3308258056641 35.4974479675293 35.6656341552734 35.8407974243164 36.023551940918 36.1608581542969 36.2687530517578 36.3449401855469 36.4097366333008 36.4053688049316
36.0731620788574 35.9945907592773 35.8877563476562 35.6760406494141 35.4603881835938 35.4284133911133 35.4382705688477 35.6609039306641 35.8227233886719 35.8376884460449 35.8426971435547 35.8340339660645 36.0443840026855 36.4339218139648 36.4743156433105 36.3493270874023 36.2540550231934 36.1658782958984 36.1359901428223 36.0901756286621 35.754280090332 35.4357643127441 35.189998626709 35.0126457214355 34.9797325134277 34.9579887390137 34.9498977661133 34.9462051391602 34.9457206726074 34.9453926086426 34.9451332092285 34.950855255127 34.9577522277832 34.9925155639648 35.0283813476562 35.0649223327637 35.1202583312988 35.2416687011719 35.3737869262695 35.5257911682129 35.6927452087402 35.8759918212891 36.0357093811035 36.1802024841309 36.2817802429199 36.3679428100586 36.3948440551758
36.3670959472656 36.3746528625488 36.3730926513672 36.3075180053711 36.2377853393555 36.2325630187988 36.2327308654785 36.2602958679199 36.2745666503906 36.2567405700684 36.2849884033203 36.3764839172363 36.4728546142578 36.5732078552246 36.4002456665039 36.0978164672852 35.906810760498 35.7424278259277 35.7238426208496 35.6983108520508 35.4259414672852 35.1838493347168 35.0684776306152 34.9831466674805 34.9612274169922 34.9482765197754 34.9462928771973 34.9452972412109 34.9450302124023 34.9449691772461 34.944995880127 34.9467391967773 34.9488182067871 34.9825439453125 35.0165901184082 35.0422821044922 35.0802688598633 35.1614837646484 35.2508773803711 35.3554573059082 35.4944381713867 35.6708984375 35.8647842407227 36.069938659668 36.1968231201172 36.2955932617188 36.365161895752
36.4820823669434 36.50146484375 36.5170631408691 36.499454498291 36.4793281555176 36.4829254150391 36.4850387573242 36.4796180725098 36.4718742370605 36.4585075378418 36.4784240722656 36.5440292358398 36.590404510498 36.6210479736328 36.3988609313965 36.0569114685059 35.7308692932129 35.408634185791 35.3806762695312 35.3635635375977 35.2100982666016 35.0742034912109 35.0118522644043 34.9654922485352 34.9528999328613 34.9457473754883 34.9452438354492 34.9449577331543 34.94482421875 34.9448280334473 34.9448890686035 34.9454231262207 34.9460525512695 34.9652442932129 34.9846076965332 34.9989547729492 35.0235443115234 35.0841369628906 35.147834777832 35.2173004150391 35.3126678466797 35.4362564086914 35.5844078063965 35.7484512329102 35.8881568908691 36.0191192626953 36.1981964111328
