Ecospace-environmental-drivers/Outputs/ASCII-for-ecospace/MOM6-ISIMIP3a/so-bot/2004-01_so-bot_MOM6-ISIMIP3a.asc
NCOLS 131 
NROWS 53 
XLLCORNER -98 
YLLCORNER 23.9265270233154 
CELLSIZE 0.133587792515755 
NODATA_value -9999 
[rows 0 to 20 of 53, columns 47 to 93 of 131]
-9999 -9999 -9999 -9999 -9999 -9999 -9999 -9999 -9999 -9999 -9999 -9999 -9999 -9999 -9999 -9999 -9999 -9999 -9999 -9999 -9999 -9999 -9999 -9999 -9999 -9999 -9999 -9999 -9999 -9999 -9999 -9999 -9999 -9999 -9999 -9999 -9999 -9999 -9999 -9999 -9999 -9999 -9999 -9999 -9999 -9999 -9999
-9999 -9999 -9999 -9999 -9999 -9999 -9999 -9999 -9999 -9999 -9999 -9999 -9999 -9999 -9999 -9999 -9999 -9999 -9999 -9999 -9999 -9999 -9999 -9999 -9999 -9999 -9999 -9999 -9999 -9999 -9999 -9999 -9999 -9999 -9999 -9999 -9999 -9999 -9999 -9999 -9999 -9999 -9999 -9999 -9999 -9999 -9999
-9999 -9999 -9999 -9999 -9999 -9999 -9999 -9999 -9999 -9999 -9999 -9999 -9999 -9999 -9999 -9999 -9999 -9999 -9999 -9999 -9999 -9999 -9999 -9999 -9999 -9999 -9999 34.3037605285645 34.5303230285645 -9999 -9999 -9999 -9999 -9999 -9999 -9999 -9999 -9999 -9999 -9999 -9999 -9999 -9999 -9999 -9999 -9999 -9999
-9999 -9999 -9999 -9999 -9999 -9999 -9999 -9999 -9999 -9999 -9999 -9999 -9999 -9999 -9999 -9999 -9999 -9999 -9999 -9999 -9999 -9999 -9999 -9999 -9999 -9999 -9999 34.2931785583496 34.5190086364746 -9999 -9999 -9999 -9999 -9999 -9999 -9999 -9999 -9999 -9999 -9999 -9999 -9999 -9999 -9999 -9999 -9999 -9999
-9999 -9999 -9999 -9999 -9999 -9999 -9999 -9999 -9999 -9999 -9999 -9999 -9999 -9999 -9999 -9999 -9999 -9999 30.5997829437256 30.7603740692139 30.8888473510742 31.6382598876953 32.2544403076172 33.2055320739746 33.7244453430176 33.9228134155273 34.0973777770996 34.2770767211914 34.5050888061523 34.7748641967773 -9999 -9999 35.5232086181641 35.668643951416 35.753547668457 35.8234825134277 35.876895904541 35.9200553894043 35.945671081543 35.9464149475098 35.9140930175781 35.8518257141113 -9999 -9999 -9999 -9999 -9999
-9999 -9999 -9999 -9999 -9999 -9999 -9999 -9999 -9999 -9999 -9999 -9999 -9999 -9999 25.8406467437744 -9999 25.4737968444824 25.1775588989258 27.9714126586914 30.5997829437256 30.7924919128418 30.8888473510742 32.3876724243164 33.4867973327637 33.7421226501465 33.9444198608398 34.081901550293 34.2658081054688 34.4835205078125 34.7659339904785 35.075138092041 35.3281097412109 35.5700302124023 35.6714897155762 35.7644119262695 35.8247375488281 35.8813018798828 35.9246520996094 35.9542121887207 35.9581489562988 35.9268798828125 35.8572463989258 35.7713508605957 35.6749382019043 -9999 -9999 -9999
-9999 -9999 -9999 -9999 -9999 -9999 -9999 -9999 -9999 -9999 29.5438346862793 29.4924755096436 29.4609050750732 29.3895778656006 27.6141510009766 25.89453125 25.7867603302002 25.4570732116699 25.1775588989258 28.1368980407715 30.5997829437256 30.8888473510742 32.3876724243164 33.4867973327637 33.7421226501465 33.9444198608398 34.081901550293 34.2658081054688 34.4835205078125 34.7659339904785 35.075138092041 35.3281097412109 35.5700302124023 35.6714897155762 35.7644119262695 35.8247375488281 35.8813018798828 35.9246520996094 35.9542121887207 35.9581489562988 35.9268798828125 35.8572463989258 35.7713508605957 35.6749382019043 35.6494560241699 35.6287574768066 -9999
-9999 -9999 -9999 -9999 -9999 -9999 -9999 -9999 -9999 -9999 29.8191967010498 29.5438346862793 29.4411182403564 -9999 29.3298473358154 27.6618480682373 26.0023021697998 25.7867603302002 25.4069004058838 25.1775588989258 28.6333503723145 31.6671257019043 32.9347152709961 33.9076194763184 34.2584228515625 34.4755744934082 34.5293731689453 34.6362228393555 34.7817192077637 34.9682731628418 35.1718330383301 35.3617134094238 35.5489044189453 35.6437606811523 35.7371292114258 35.8494033813477 35.9455604553223 35.9850425720215 36.0107040405273 36.0107002258301 35.9865684509277 35.936149597168 35.8569602966309 35.7591552734375 35.6648979187012 35.5719146728516 35.4742584228516
-9999 -9999 -9999 -9999 -9999 -9999 -9999 -9999 -9999 -9999 -9999 -9999 -9999 -9999 29.3110618591309 29.3400802612305 27.8690338134766 26.217845916748 25.7867603302002 25.256383895874 29.1720409393311 32.5269775390625 33.5352516174316 34.3654708862305 34.8197975158691 35.0533905029297 35.0171928405762 35.0408134460449 35.1080055236816 35.1905937194824 35.2795524597168 35.400520324707 35.5277786254883 35.6159553527832 35.7102432250977 35.8783264160156 36.0169334411621 36.0519065856934 36.072998046875 36.0683135986328 36.0518493652344 36.0225563049316 35.9515190124512 35.8534736633301 35.7239646911621 35.5831527709961 35.4417381286621
31.6177387237549 -9999 -9999 -9999 -9999 -9999 -9999 -9999 -9999 -9999 30.8972969055176 30.1014442443848 -9999 -9999 -9999 29.2563858032227 29.6308879852295 28.4532852172852 26.6489295959473 26.947546005249 30.3472423553467 33.2200736999512 33.8879280090332 34.4924163818359 34.9631423950195 35.2110023498535 35.1864776611328 35.2079086303711 35.2628173828125 35.3277359008789 35.3967971801758 35.4893112182617 35.5864334106445 35.6904678344727 35.7998237609863 35.9586296081543 36.0874404907227 36.1108055114746 36.1191368103027 36.0995559692383 36.0817489624023 36.0658798217773 36.0268859863281 35.9729309082031 35.8688621520996 35.7467918395996 35.5311698913574
31.3904266357422 31.3568706512451 -9999 -9999 -9999 -9999 -9999 -9999 -9999 -9999 31.3910160064697 31.2617874145508 30.1014442443848 -9999 -9999 28.7220973968506 29.5032272338867 30.6673374176025 29.6601753234863 28.7581233978271 31.5569858551025 33.8817253112793 34.2222137451172 34.6142997741699 35.1153030395508 35.3832244873047 35.3662643432617 35.3847312927246 35.4290084838867 35.4783134460449 35.5296974182129 35.5933570861816 35.6594314575195 35.7846908569336 35.9115715026855 36.0328750610352 36.1341247558594 36.1648750305176 36.1720657348633 36.1355171203613 36.113582611084 36.1075782775879 36.0969047546387 36.0832099914551 36.0062217712402 35.9064979553223 35.6407051086426
31.3904266357422 31.2897605895996 30.9169540405273 30.490213394165 -9999 -9999 -9999 -9999 -9999 -9999 -9999 32.0059585571289 31.4957637786865 30.1014442443848 29.5438346862793 28.7220973968506 29.5032272338867 30.6673374176025 30.9196739196777 31.2092170715332 32.9520034790039 34.3747100830078 34.4578704833984 34.7090072631836 35.3147659301758 35.6337928771973 35.6023750305176 35.6137313842773 35.6562423706055 35.7009582519531 35.7465858459473 35.7792472839355 35.8093605041504 35.9846305847168 36.1422233581543 36.0746383666992 36.0530281066895 36.1930503845215 36.2614402770996 36.1967887878418 36.1557884216309 36.1405563354492 36.1382217407227 36.1442337036133 36.1031341552734 36.045108795166 35.8580474853516
31.4630432128906 31.1098499298096 30.7819938659668 30.4862155914307 -9999 -9999 -9999 -9999 30.2591514587402 30.6148281097412 31.2953338623047 32.4217872619629 32.3007545471191 31.1590671539307 30.3269996643066 29.6415958404541 30.2649421691895 31.2009944915771 32.2193450927734 33.2326278686523 34.0898780822754 34.7868995666504 34.8133659362793 35.0163726806641 35.5920677185059 35.8801193237305 35.8166198730469 35.7708969116211 35.7381210327148 35.7454376220703 35.7693519592285 35.7765121459961 35.7803764343262 35.9660224914551 36.1253890991211 35.9622192382812 35.8833084106445 36.1006507873535 36.2271461486816 36.1849212646484 36.1660308837891 36.1725616455078 36.1891326904297 36.2121963500977 36.2038497924805 36.1842193603516 36.0704231262207
31.7172069549561 31.2638607025146 30.7950801849365 30.4862155914307 30.2024307250977 30.1538124084473 30.1168518066406 30.1391925811768 30.2591514587402 30.6148281097412 31.2953338623047 32.4217872619629 33.0111961364746 33.1612091064453 33.0681228637695 32.8598861694336 32.930980682373 33.0688171386719 33.619457244873 34.1868209838867 34.5848846435547 34.9970855712891 35.4684753417969 35.8553924560547 36.0639762878418 36.1158485412598 35.976188659668 35.7484664916992 35.4566040039062 35.344482421875 35.3067970275879 35.3021926879883 35.3040885925293 35.4010467529297 35.4898223876953 35.4643287658691 35.4920387268066 35.7068023681641 35.8836784362793 35.9902000427246 36.0963592529297 36.2021293640137 36.2640151977539 36.2975082397461 36.3140869140625 36.3245887756348 36.2703819274902
32.1592254638672 31.656457901001 31.1049098968506 30.805248260498 30.5412483215332 30.5439186096191 30.5587310791016 30.6353034973145 30.812105178833 31.2309169769287 31.8726291656494 32.8203506469727 33.7039260864258 34.5350151062012 34.884765625 35.006519317627 34.829662322998 34.5814552307129 34.7951927185059 35.0345840454102 35.1855316162109 35.4074249267578 35.926212310791 36.2441253662109 36.1379814147949 36.0070190429688 35.8457298278809 35.5734710693359 35.220386505127 35.0754928588867 35.0168228149414 35.0090866088867 35.0113677978516 35.0560302734375 35.1037330627441 35.165771484375 35.261589050293 35.476188659668 35.6723670959473 35.834342956543 35.9986038208008 36.1653480529785 36.2737121582031 36.3443069458008 36.3850784301758 36.4151382446289 36.4022674560547
32.8668365478516 32.3863716125488 31.8342819213867 31.5753383636475 31.359094619751 31.4855670928955 31.6253490447998 31.8328266143799 32.1468276977539 32.7180442810059 33.2661170959473 33.782413482666 34.3716163635254 35.0204696655273 35.3943672180176 35.6380233764648 35.6434364318848 35.5919303894043 35.6537017822266 35.7318840026855 35.935546875 36.1007347106934 36.1048965454102 35.9962425231934 35.6494216918945 35.4110488891602 35.3052177429199 35.1827659606934 35.048210144043 34.9930801391602 34.9708404541016 34.9721870422363 34.9781684875488 35.0220069885254 35.0703506469727 35.1490287780762 35.2585220336914 35.4763603210449 35.6478958129883 35.7334442138672 35.8611373901367 36.0347557067871 36.1912460327148 36.3366546630859 36.4005851745605 36.435245513916 36.4379043579102
33.6400833129883 33.2781829833984 32.8489036560059 32.5529289245605 32.2864303588867 32.4474754333496 32.6338272094727 32.948917388916 33.3266067504883 33.8554534912109 34.2637252807617 34.506462097168 34.9151802062988 35.4597053527832 35.8152122497559 36.0811805725098 36.1586570739746 36.1910934448242 36.1956253051758 36.1990814208984 36.2147750854492 36.177734375 35.9199867248535 35.637149810791 35.3013572692871 35.0890693664551 35.0277404785156 34.9875411987305 34.9627304077148 34.9525756835938 34.9484939575195 34.9548950195312 34.9633598327637 35.0053405761719 35.0510711669922 35.1213111877441 35.2202453613281 35.4200706481934 35.5782699584961 35.6591644287109 35.7878761291504 35.9686851501465 36.1451721191406 36.3188629150391 36.3948135375977 36.4356536865234 36.4499359130859
34.4686050415039 34.3063316345215 34.1037406921387 33.7052574157715 33.3059768676758 33.4264488220215 33.5933532714844 33.9964294433594 34.3758964538574 34.6983604431152 34.9279632568359 35.0300712585449 35.3542137145996 35.8600196838379 36.1613121032715 36.3657264709473 36.4224548339844 36.4438934326172 36.470947265625 36.4725151062012 36.0975532531738 35.7357292175293 35.4288787841797 35.1844024658203 35.0715980529785 34.9978332519531 34.9717750549316 34.9569358825684 34.9502601623535 34.9473724365234 34.9460525512695 34.9541206359863 34.9640312194824 35.0032920837402 35.0436706542969 35.0843505859375 35.1523170471191 35.316234588623 35.4706230163574 35.6073112487793 35.768684387207 35.9569511413574 36.1297454833984 36.2925262451172 36.3711166381836 36.4194641113281 36.4420890808105
34.9972152709961 34.9307327270508 34.8451385498047 34.5329475402832 34.2126083374023 34.2983856201172 34.4208679199219 34.7300300598145 35.0040283203125 35.1931190490723 35.3520011901855 35.4694023132324 35.733829498291 36.1185531616211 36.2792129516602 36.3337326049805 36.2885551452637 36.219554901123 36.2368392944336 36.2315330505371 35.811149597168 35.4258995056152 35.1876792907715 35.0154724121094 34.9826164245605 34.9602088928223 34.9505767822266 34.9462280273438 34.945728302002 34.945384979248 34.9451026916504 34.9509544372559 34.9580078125 34.9935569763184 35.029468536377 35.0585823059082 35.1081886291504 35.2298469543457 35.3564414978027 35.4922065734863 35.6460266113281 35.8195266723633 35.9940795898438 36.1693115234375 36.2868766784668 36.3837280273438 36.4236221313477
35.3790588378906 35.357551574707 35.3352737426758 35.2017707824707 35.0639839172363 35.1179466247559 35.1837768554688 35.3100090026855 35.4260559082031 35.517505645752 35.6584930419922 35.867488861084 36.0843696594238 36.3077049255371 36.2854385375977 36.1468391418457 35.9600372314453 35.76171875 35.7534332275391 35.7388114929199 35.441951751709 35.1807518005371 35.0687789916992 34.9854316711426 34.9625205993652 34.9488258361816 34.9463920593262 34.9452629089355 34.9450874328613 34.9449729919434 34.9448852539062 34.9466171264648 34.9487037658691 34.9800643920898 35.0119400024414 35.0382957458496 35.0757064819336 35.1519966125488 35.2390632629395 35.3461456298828 35.4727363586426 35.6205902099609 35.7995681762695 35.9986801147461 36.1730041503906 36.3384208679199 36.3999633789062
35.699291229248 35.7024002075195 35.710090637207 35.6546897888184 35.5965270996094 35.6381568908691 35.6844787597656 35.7546768188477 35.8208465576172 35.8772964477539 35.9707450866699 36.114990234375 36.2666168212891 36.4242820739746 36.3302688598633 36.1170387268066 35.7825355529785 35.4190521240234 35.3908348083496 35.3756637573242 35.2151870727539 35.0738945007324 35.012882232666 34.9671363830566 34.95361328125 34.9458885192871 34.9452476501465 34.944938659668 34.9448661804199 34.9448280334473 34.9448013305664 34.9453163146973 34.9459342956543 34.9634056091309 34.9813079833984 34.9973335266113 35.0225486755371 35.0800628662109 35.1422500610352 35.2131233215332 35.2978630065918 35.3977088928223 35.5291061401367 35.6809158325195 35.8424873352051 36.0075645446777 36.2039108276367
