Ecospace-environmental-drivers/Outputs/ASCII-for-ecospace/MOM6-ISIMIP3a/so-bot/2004-07_so-bot_MOM6-ISIMIP3a.asc
NCOLS 131 
NROWS 53 
XLLCORNER -98 
YLLCORNER 23.9265270233154 
CELLSIZE 0.133587792515755 
NODATA_value -9999 
[rows 21 to 41 of 53, columns 0 to 46 of 131]
-9999 -9999 -9999 -9999 -9999 -9999 34.2820701599121 34.2701683044434 34.2438697814941 34.1884269714355 34.0947227478027 33.8022994995117 33.8384170532227 33.9459953308105 34.1664962768555 34.5172958374023 34.8656196594238 35.2122344970703 35.3658218383789 35.4448661804199 35.5072746276855 35.5667457580566 35.7959671020508 36.0014114379883 35.9777336120605 35.9589233398438 35.9558944702148 35.9598617553711 35.9760437011719 36.0068054199219 36.0525741577148 36.0999145507812 36.1482162475586 36.1897850036621 36.2291030883789 36.2489471435547 36.2660102844238 36.2709426879883 36.2748107910156 36.2719039916992 36.2666816711426 36.255012512207 36.2810401916504 36.3653297424316 36.4067802429199 36.4089126586914 36.4183616638184
-9999 -9999 -9999 -9999 -9999 -9999 34.2861862182617 34.2820701599121 34.2582664489746 34.2467155456543 34.1884269714355 34.2934379577637 34.4577522277832 34.7394104003906 34.9985160827637 35.2315979003906 35.4869995117188 35.7577323913574 35.8702354431152 35.9216423034668 35.9581146240234 35.9919471740723 36.1416358947754 36.275505065918 36.2563743591309 36.2401275634766 36.2332229614258 36.2300567626953 36.2334251403809 36.2425384521484 36.2575569152832 36.2784194946289 36.3028373718262 36.3238182067871 36.3436508178711 36.3685493469238 36.3940391540527 36.4041633605957 36.4134979248047 36.4177856445312 36.4196929931641 36.4149589538574 36.429084777832 36.4723625183105 36.4927597045898 36.4921531677246 36.4967231750488
-9999 -9999 -9999 -9999 34.377628326416 34.3223991394043 34.2858123779297 34.2906761169434 34.2820701599121 34.2344627380371 34.2819023132324 34.6931610107422 35.1140975952148 35.5541877746582 35.8381080627441 35.9418334960938 36.0941925048828 36.279956817627 36.3480339050293 36.3706703186035 36.3927955627441 36.4148292541504 36.4680290222168 36.5147018432617 36.501335144043 36.4889183044434 36.4795951843262 36.4719123840332 36.4670906066895 36.4633102416992 36.4605941772461 36.4600372314453 36.4607925415039 36.4612312316895 36.4615669250488 36.4904479980469 36.523136138916 36.5373229980469 36.5506629943848 36.5586051940918 36.5632667541504 36.5587921142578 36.555290222168 36.5532913208008 36.5511474609375 36.5488700866699 36.5492897033691
-9999 -9999 -9999 -9999 34.4993057250977 34.4029922485352 34.3589859008789 34.2858123779297 34.3041458129883 34.5374565124512 34.8145790100098 35.2593994140625 35.6747817993164 36.0319061279297 36.2668647766113 36.3608627319336 36.4528999328613 36.5435943603516 36.5769920349121 36.588264465332 36.5956001281738 36.6022415161133 36.5309791564941 36.4656791687012 36.4642868041992 36.4637603759766 36.4660453796387 36.4868431091309 36.5399436950684 36.5736427307129 36.5873756408691 36.5909309387207 36.5882911682129 36.5859565734863 36.5837211608887 36.5962944030762 36.6107749938965 36.605598449707 36.5940895080566 36.5422744750977 36.4731063842773 36.3556137084961 36.2857131958008 36.2893562316895 36.2924385070801 36.2950134277344 36.3010215759277
-9999 -9999 -9999 -9999 -9999 34.4993057250977 34.4678688049316 34.4321632385254 34.4048233032227 34.8857040405273 35.3592567443848 35.8047561645508 36.1897201538086 36.4548835754395 36.6246757507324 36.6844291687012 36.6813507080078 36.6351280212402 36.6120262145996 36.5978469848633 36.5896415710449 36.5824851989746 36.4269332885742 36.2859382629395 36.2933311462402 36.3013648986816 36.3114814758301 36.3506088256836 36.440357208252 36.4990463256836 36.5257759094238 36.534610748291 36.532543182373 36.5291061401367 36.5252113342285 36.524658203125 36.5244216918945 36.5034637451172 36.4729156494141 36.3812789916992 36.2637062072754 36.0739555358887 35.9616317749023 35.9689750671387 35.975399017334 35.9809837341309 35.9899559020996
-9999 -9999 -9999 -9999 -9999 34.6091003417969 34.4993057250977 34.6541938781738 34.8501739501953 35.4323806762695 35.9565505981445 36.2585563659668 36.5040740966797 36.6378211975098 36.6714057922363 36.5894165039062 36.3386726379395 35.9720268249512 35.7967529296875 35.6953735351562 35.6683197021484 35.6543807983398 35.5906562805176 35.5330238342285 35.5352096557617 35.5372123718262 35.5386123657227 35.5515670776367 35.5846824645996 35.613597869873 35.6381912231445 35.6573867797852 35.6732940673828 35.6760940551758 35.6745262145996 35.6747970581055 35.6751708984375 35.6541519165039 35.6300048828125 35.5859451293945 35.5315017700195 35.4481582641602 35.3985595703125 35.4011039733887 35.402587890625 35.4030990600586 35.403564453125
-9999 -9999 34.8502769470215 34.8218078613281 34.7917633056641 34.7190246582031 34.6089706420898 34.935661315918 35.3047485351562 35.9014930725098 36.4127540588379 36.5968246459961 36.7287750244141 36.7575874328613 36.6474914550781 36.377124786377 35.9636764526367 35.4519691467285 35.2070426940918 35.0651321411133 35.0289268493652 35.0113754272461 35.0103302001953 35.009635925293 35.0088691711426 35.0072898864746 35.0030746459961 34.9986572265625 34.9938812255859 35.0021667480469 35.0238876342773 35.0468864440918 35.0706558227539 35.0766448974609 35.0767021179199 35.077507019043 35.0782737731934 35.0594329833984 35.0417289733887 35.0312576293945 35.0211143493652 35.0118865966797 35.0053558349609 35.0029907226562 35.0005569458008 34.9980621337891 34.9933471679688
-9999.000000000000000 -9999 -9999 -9999 34.9546394348145 34.8644981384277 34.9315414428711 35.3467979431152 35.7794609069824 36.2013626098633 36.5611190795898 36.6830291748047 36.7578544616699 36.7395210266113 36.4694557189941 35.9089317321777 35.5181732177734 35.2440032958984 35.1094779968262 35.0288734436035 35.0046691894531 34.9904174804688 34.9884414672852 34.9870414733887 34.988224029541 34.988410949707 34.9853668212891 34.9827842712402 34.9810028076172 34.988597869873 35.0058403015137 35.0183219909668 35.027904510498 35.0304260253906 35.0305938720703 35.0312957763672 35.0319786071777 35.020206451416 35.0090255737305 35.0016288757324 34.9947128295898 34.9891319274902 34.9827880859375 34.9752616882324 34.9711418151855 34.9701461791992 34.9675331115723
-9999 -9999 -9999 -9999 35.1744766235352 35.2803955078125 35.2215118408203 35.656307220459 36.1046028137207 36.4065093994141 36.6617660522461 36.7384834289551 36.7460746765137 36.6168823242188 36.2358665466309 35.5642738342285 35.2219161987305 35.1056594848633 35.0438957214355 35.003173828125 34.9856910705566 34.9723129272461 34.9701728820801 34.9686965942383 34.9707183837891 34.9720344543457 34.9710693359375 34.9704208374023 34.970329284668 34.9762916564941 34.9884872436523 34.9938812255859 34.9951324462891 34.995231628418 34.9949417114258 34.9950065612793 34.9950752258301 34.9889678955078 34.9830093383789 34.9779930114746 34.9733848571777 34.9699249267578 34.9646453857422 34.9565544128418 34.9526176452637 34.9524917602539 34.951343536377
-9999 -9999 -9999 -9999 35.3294677734375 35.3785362243652 35.4391250610352 35.8379554748535 36.2415657043457 36.4924812316895 36.7023735046387 36.7552528381348 36.6828842163086 36.3626823425293 35.9323806762695 35.3750381469727 35.1134223937988 35.0548934936523 35.0185470581055 34.9907646179199 34.9733581542969 34.9577865600586 34.9564514160156 34.955696105957 34.9571571350098 34.9588088989258 34.9610633850098 34.9624786376953 34.9624290466309 34.965576171875 34.9720153808594 34.9746322631836 34.974925994873 34.9739074707031 34.9724502563477 34.9712066650391 34.9699897766113 34.9677886962891 34.9654083251953 34.9618988037109 34.9584503173828 34.9551734924316 34.9520606994629 34.9491958618164 34.9477996826172 34.94775390625 34.947265625
-9999 -9999 -9999 -9999 35.3785362243652 35.4518814086914 35.5379791259766 35.911205291748 36.2899971008301 36.5037307739258 36.6861686706543 36.7488212585449 36.6928176879883 36.4020233154297 35.9584503173828 35.3385963439941 35.0615425109863 35.019905090332 34.9947052001953 34.9758491516113 34.9625205993652 34.9501609802246 34.9494247436523 34.9491310119629 34.950439453125 34.9522705078125 34.9557991027832 34.9579277038574 34.9576034545898 34.9584350585938 34.9604568481445 34.9611892700195 34.9611358642578 34.9600791931152 34.9586868286133 34.9570693969727 34.9554328918457 34.9550247192383 34.954402923584 34.9523849487305 34.9502487182617 34.9477729797363 34.946102142334 34.9456672668457 34.9454612731934 34.9454689025879 34.9453277587891
-9999 -9999 -9999 -9999 35.4561309814453 35.5379791259766 35.9084167480469 35.903148651123 36.2720260620117 36.4589347839355 36.6273536682129 36.7249870300293 36.7575874328613 36.6615180969238 36.2316932678223 35.4167556762695 35.0521278381348 34.9967498779297 34.9719924926758 34.9590606689453 34.9527969360352 34.9477081298828 34.9474105834961 34.9473915100098 34.9488487243652 34.9507484436035 34.9540901184082 34.9559135437012 34.9550819396973 34.9539756774902 34.9525871276855 34.9520988464355 34.9521560668945 34.9518699645996 34.951473236084 34.9501762390137 34.9487686157227 34.9485816955566 34.9483451843262 34.9478149414062 34.9471015930176 34.9458923339844 34.9451141357422 34.9450073242188 34.9449844360352 34.9450302124023 34.9449996948242
-9999 -9999 -9999 -9999 35.5379791259766 35.9813690185547 36.1612358093262 36.2813377380371 36.2905769348145 36.4602279663086 36.6160049438477 36.7186698913574 36.7795295715332 36.7576751708984 36.3304748535156 35.4355697631836 35.0408935546875 34.9897537231445 34.9663200378418 34.9535865783691 34.9494018554688 34.9467277526855 34.946403503418 34.9462547302246 34.947151184082 34.9483261108398 34.9504127502441 34.9515647888184 34.9511032104492 34.950122833252 34.948616027832 34.9480743408203 34.9481201171875 34.9480857849121 34.9480209350586 34.9471244812012 34.9461250305176 34.9460411071777 34.9459533691406 34.9458618164062 34.9456520080566 34.9451103210449 34.9447746276855 34.9447708129883 34.9447898864746 34.9448280334473 34.9448280334473
-9999 -9999 -9999 -9999 -9999 36.2793006896973 36.3178405761719 36.2992248535156 36.3247833251953 36.481273651123 36.625 36.7198600769043 36.7831115722656 36.7838249206543 36.3544921875 35.4289474487305 35.028881072998 34.989688873291 34.9679527282715 34.9529647827148 34.9487228393555 34.9463768005371 34.9458274841309 34.9453773498535 34.9454116821289 34.9455223083496 34.9458847045898 34.946216583252 34.9464950561523 34.9465293884277 34.9463157653809 34.9462242126465 34.9462051391602 34.9461936950684 34.9461822509766 34.9457206726074 34.9452018737793 34.9451713562012 34.9451332092285 34.9450378417969 34.9449348449707 34.9447975158691 34.9447135925293 34.944709777832 34.9447135925293 34.9447250366211 34.9447250366211
-9999 -9999 -9999 -9999 -9999 36.3644828796387 36.358829498291 36.3729553222656 36.3807983398438 36.5221099853516 36.6504745483398 36.729305267334 36.7827911376953 36.7861251831055 36.3564910888672 35.4272880554199 35.0270614624023 34.9901123046875 34.9693946838379 34.9549446105957 34.9497566223145 34.9462013244629 34.9455375671387 34.944995880127 34.9449272155762 34.9449043273926 34.9450416564941 34.9451789855957 34.9453163146973 34.9453887939453 34.9453887939453 34.9453773498535 34.9453544616699 34.9453544616699 34.9453620910645 34.9451446533203 34.944896697998 34.9448890686035 34.9448699951172 34.9448127746582 34.9447631835938 34.9447250366211 34.9447021484375 34.9446983337402 34.9446983337402 34.9447021484375 34.9447021484375
-9999 -9999 -9999 -9999 -9999 36.4139366149902 36.4167823791504 36.4043045043945 36.4413299560547 36.5670356750488 36.6793594360352 36.7404556274414 36.7816581726074 36.7834854125977 36.3539390563965 35.4266548156738 35.0273551940918 34.9906425476074 34.9707984924316 34.957462310791 34.9511451721191 34.9460601806641 34.9453048706055 34.9447135925293 34.9446983337402 34.9447402954102 34.9449577331543 34.9450302124023 34.9448471069336 34.944751739502 34.9447479248047 34.9447364807129 34.9447250366211 34.9447364807129 34.944751739502 34.9447402954102 34.9447212219238 34.9447250366211 34.9447250366211 34.9447135925293 34.9447021484375 34.9446983337402 34.944694519043 34.9446983337402 34.9446983337402 34.9446983337402 34.9446983337402
-9999 -9999 -9999 -9999 -9999 -9999 36.4662055969238 36.4730834960938 36.482593536377 36.5981254577637 36.6997604370117 36.7482223510742 36.7806282043457 36.7812652587891 36.3560981750488 35.4396209716797 35.041919708252 35.0004768371582 34.977725982666 34.9621887207031 34.9532737731934 34.9455261230469 34.9449729919434 34.944637298584 34.9447860717773 34.9450035095215 34.9454345703125 34.9456825256348 34.9456100463867 34.9455757141113 34.9455795288086 34.9455718994141 34.945556640625 34.9455375671387 34.9455184936523 34.9455032348633 34.945484161377 34.945182800293 34.9449043273926 34.9447784423828 34.9446830749512 34.9446830749512 34.9446830749512 34.9446792602539 34.9446716308594 34.9446640014648 34.9447288513184
-9999 -9999 -9999 -9999 -9999 -9999 36.5085563659668 36.5212287902832 36.5212173461914 36.6273231506348 36.718994140625 36.7554168701172 36.7788467407227 36.7765617370605 36.3555450439453 35.4513740539551 35.0559463500977 35.009895324707 34.9843063354492 34.9666213989258 34.9552612304688 34.9450149536133 34.9446792602539 34.9446105957031 34.944938659668 34.9453353881836 34.9459381103516 34.9463386535645 34.9463844299316 34.9464149475098 34.9464302062988 34.9464302062988 34.946418762207 34.9463768005371 34.9463233947754 34.9462928771973 34.9462661743164 34.9456901550293 34.9451637268066 34.9449272155762 34.9447555541992 34.9447555541992 34.944751739502 34.9447402954102 34.9447212219238 34.9446983337402 34.94482421875
-9999 -9999 -9999 -9999 -9999 -9999 36.547233581543 36.5313529968262 36.5408477783203 36.6429481506348 36.7297744750977 36.7581405639648 36.7689933776855 36.745174407959 36.3237915039062 35.443675994873 35.057445526123 35.0103874206543 34.9845275878906 34.9668502807617 34.9553833007812 34.9450073242188 34.9448432922363 34.9449653625488 34.9456024169922 34.946159362793 34.9464569091797 34.9466705322266 34.9467391967773 34.9467926025391 34.9468269348145 34.9468650817871 34.9469032287598 34.9468879699707 34.9468574523926 34.9468231201172 34.9467849731445 34.9464340209961 34.9461059570312 34.9459342956543 34.9457969665527 34.9457473754883 34.9456901550293 34.945629119873 34.9455757141113 34.9455261230469 34.9455947875977
-9999 -9999 -9999 -9999 -9999 36.6086349487305 36.5923919677734 36.5891151428223 36.5772514343262 36.6672477722168 36.742733001709 36.7626876831055 36.7487030029297 36.6675643920898 36.2410774230957 35.4161148071289 35.0530014038086 35.0070610046387 34.9819641113281 34.964916229248 34.9543914794922 34.9450149536133 34.9451522827148 34.9455451965332 34.9463348388672 34.9469451904297 34.9469909667969 34.9470481872559 34.9471282958984 34.9471855163574 34.9472274780273 34.9472885131836 34.9473533630371 34.9473609924316 34.9473495483398 34.9473114013672 34.9472694396973 34.9471054077148 34.9469451904297 34.946834564209 34.9467277526855 34.9466438293457 34.9465560913086 34.9464569091797 34.9463653564453 34.9462776184082 34.9462852478027
-9999 -9999 -9999 -9999 36.6393623352051 36.6235389709473 36.6086349487305 36.6404724121094 36.6751441955566 36.7233505249023 36.7636871337891 36.7739028930664 36.6901512145996 36.420467376709 35.9715118408203 35.3157081604004 35.0267486572266 34.9897232055664 34.9691925048828 34.9550323486328 34.9493103027344 34.9450798034668 34.9459991455078 34.9469604492188 34.9473152160645 34.9475898742676 34.9475936889648 34.9476051330566 34.9476318359375 34.9476509094238 34.9476623535156 34.9476737976074 34.9476852416992 34.947681427002 34.9476699829102 34.9476470947266 34.9476203918457 34.9475212097168 34.9474220275879 34.9473266601562 34.9472465515137 34.9472007751465 34.9471473693848 34.9470710754395 34.9469337463379 34.9467430114746 34.9466667175293
