Ecospace-environmental-drivers/Outputs/ASCII-for-ecospace/MOM6-ISIMIP3a/so-bot/2005-11_so-bot_MOM6-ISIMIP3a.asc
NCOLS 131 
NROWS 53 
XLLCORNER -98 
YLLCORNER 23.9265270233154 
CELLSIZE 0.133587792515755 
NODATA_value -9999 
[rows 21 to 41 of 53, columns 0 to 46 of 131]
-9999 -9999 -9999 -9999 -9999 -9999 35.1674118041992 35.1599159240723 35.1378288269043 35.0980377197266 35.0062599182129 34.8512191772461 34.8557968139648 34.8694267272949 34.9071655273438 34.9727249145508 35.0805931091309 35.2175140380859 35.3592185974121 35.5027656555176 35.5941047668457 35.6762313842773 35.7294578552246 35.7767333984375 35.7796630859375 35.7788162231445 35.7657356262207 35.757152557373 35.7564239501953 35.7607727050781 35.7703514099121 35.7722702026367 35.7695236206055 35.7664413452148 35.763240814209 35.7583389282227 35.7532043457031 35.7486534118652 35.7442016601562 35.7403755187988 35.7342987060547 35.7219505310059 35.7806625366211 35.9491882324219 36.0316848754883 36.0352210998535 36.0509223937988
-9999 -9999 -9999 -9999 -9999 -9999 35.1692504882812 35.1674118041992 35.1524200439453 35.1334533691406 35.0980377197266 35.0695266723633 35.0836639404297 35.1821975708008 35.2690277099609 35.342357635498 35.438289642334 35.5497436523438 35.6529541015625 35.7529792785645 35.8084983825684 35.8561592102051 35.970287322998 36.0741386413574 36.0802459716797 36.0817527770996 36.0683670043945 36.0585479736328 36.0549583435059 36.054069519043 36.0559692382812 36.0533905029297 36.0480880737305 36.0451354980469 36.0429611206055 36.1338386535645 36.2368431091309 36.2381477355957 36.2399139404297 36.2446212768555 36.2473411560059 36.2445297241211 36.2772216796875 36.3647766113281 36.4064903259277 36.406135559082 36.4126510620117
-9999 -9999 -9999 -9999 35.1691780090332 35.1712951660156 35.1697692871094 35.1705741882324 35.1674118041992 35.1374244689941 35.1309356689453 35.2143821716309 35.3300018310547 35.5092926025391 35.6417274475098 35.7200889587402 35.7988128662109 35.8777847290039 35.9381904602051 35.9914283752441 36.0178413391113 36.0395240783691 36.1993675231934 36.3457183837891 36.3543968200684 36.3581619262695 36.3460083007812 36.3382682800293 36.3382263183594 36.3379135131836 36.3373222351074 36.3325500488281 36.3252296447754 36.3230094909668 36.3224868774414 36.5056266784668 36.7126884460449 36.717098236084 36.7221260070801 36.7310562133789 36.7381210327148 36.7399940490723 36.7405548095703 36.7390785217285 36.7366333007812 36.7332992553711 36.7313461303711
-9999 -9999 -9999 -9999 35.1632537841797 35.1723899841309 35.1728210449219 35.1697692871094 35.1745452880859 35.2353324890137 35.3145408630371 35.4642333984375 35.6210174560547 35.7918281555176 35.9383964538574 36.0569953918457 36.1358795166016 36.1874885559082 36.2298431396484 36.2686195373535 36.3513832092285 36.4419097900391 36.361629486084 36.2874565124512 36.2953643798828 36.3016815185547 36.3028297424316 36.3368682861328 36.428295135498 36.5039939880371 36.5635147094727 36.5833320617676 36.5789680480957 36.5787200927734 36.5798454284668 36.6658248901367 36.7624588012695 36.7101974487305 36.6538009643555 36.571044921875 36.4845657348633 36.3877143859863 36.3292350769043 36.3300552368164 36.3310813903809 36.3323020935059 36.3330383300781
-9999 -9999 -9999 -9999 -9999 35.1632537841797 35.1837196350098 35.1758689880371 35.2006912231445 35.3608589172363 35.5288047790527 35.7265205383301 35.9145050048828 36.0832214355469 36.2260131835938 36.3388824462891 36.3719177246094 36.3501205444336 36.3480453491211 36.3535842895508 36.4655342102051 36.5962600708008 36.3478126525879 36.1192665100098 36.1257362365723 36.133113861084 36.1434364318848 36.2042427062988 36.3531532287598 36.477294921875 36.5759468078613 36.6139144897461 36.6149063110352 36.6167373657227 36.6188468933105 36.6250305175781 36.6310806274414 36.540641784668 36.4430503845215 36.2999267578125 36.1522903442383 35.9920883178711 35.8957176208496 35.8979949951172 35.9013023376465 35.9055519104004 35.9077262878418
-9999 -9999 -9999 -9999 -9999 35.1484909057617 35.1632537841797 35.2259864807129 35.3101921081543 35.6074638366699 35.8775024414062 36.0433235168457 36.2188262939453 36.4134826660156 36.473934173584 36.3795394897461 36.1649703979492 35.8678703308105 35.7057228088379 35.5956840515137 35.6176986694336 35.663013458252 35.5619506835938 35.4690742492676 35.4711494445801 35.4730644226074 35.4744567871094 35.4962425231934 35.5536193847656 35.6053047180176 35.6511344909668 35.6789741516113 35.695858001709 35.7002296447754 35.7004318237305 35.7029418945312 35.7054138183594 35.6578788757324 35.6078186035156 35.5416412353516 35.4748649597168 35.4064140319824 35.364875793457 35.3649291992188 35.3652763366699 35.3658981323242 35.3640022277832
-9999 -9999 35.1230163574219 35.1244163513184 35.1239318847656 35.1337127685547 35.148509979248 35.2762718200684 35.4295234680176 35.8119964599609 36.1449394226074 36.2883224487305 36.4472465515137 36.6369285583496 36.5951728820801 36.2863807678223 35.9037017822266 35.4702835083008 35.2299041748047 35.0640716552734 35.0284385681152 35.0157775878906 35.015209197998 35.0149345397949 35.0149040222168 35.0138816833496 35.0096473693848 35.0053749084473 35.0010452270508 35.0036811828613 35.0134811401367 35.0315742492676 35.0547180175781 35.0595397949219 35.0582542419434 35.0580978393555 35.057975769043 35.0414237976074 35.0254974365234 35.0135688781738 35.0034523010254 34.9983787536621 34.9943008422852 34.9917640686035 34.9897651672363 34.9882621765137 34.9842758178711
-9999.000000000000000 -9999 -9999 -9999 35.1156044006348 35.1141548156738 35.1051406860352 35.3269119262695 35.5702972412109 35.924732208252 36.2350730895996 36.3766441345215 36.5100517272949 36.6273231506348 36.440013885498 35.9012641906738 35.5239219665527 35.2574195861816 35.1173858642578 35.0261840820312 35.003345489502 34.9925689697266 34.9901924133301 34.9885368347168 34.9914016723633 34.9929618835449 34.990306854248 34.9882621765137 34.9873008728027 34.9919509887695 35.0023803710938 35.0115432739258 35.0199279785156 35.020637512207 35.0187911987305 35.0181541442871 35.0176086425781 35.0060005187988 34.9949913024902 34.9877853393555 34.9815292358398 34.977912902832 34.9733963012695 34.9674797058105 34.9644737243652 34.9641304016113 34.9623718261719
-9999 -9999 -9999 -9999 35.1078910827637 35.0989418029785 35.0919570922852 35.3844261169434 35.6938896179199 36.0178489685059 36.3078536987305 36.4679069519043 36.5633316040039 36.5308799743652 36.2220306396484 35.5942573547363 35.2547988891602 35.1133346557617 35.0431442260742 35.0004730224609 34.9844856262207 34.9732093811035 34.9704399108887 34.9685287475586 34.9722480773926 34.9749717712402 34.9744682312012 34.9744873046875 34.9754180908203 34.9805183410645 34.9899024963379 34.993293762207 34.9930305480957 34.9906539916992 34.9875755310059 34.9863204956055 34.9852714538574 34.978515625 34.9721221923828 34.9680252075195 34.9643592834473 34.9618759155273 34.9579963684082 34.9519577026367 34.9491920471191 34.9494323730469 34.9490242004395
-9999 -9999 -9999 -9999 35.1047592163086 35.1105804443359 35.1177673339844 35.4505844116211 35.7958602905273 36.0862770080566 36.3588066101074 36.5628662109375 36.6046142578125 36.3251876831055 35.9250183105469 35.3855247497559 35.1248970031738 35.055778503418 35.0170593261719 34.9900779724121 34.9734649658203 34.958683013916 34.9573097229004 34.9565620422363 34.958568572998 34.9606666564941 34.9630432128906 34.9649085998535 34.9658851623535 34.9694519042969 34.9756927490234 34.9772872924805 34.9760551452637 34.9718856811523 34.966739654541 34.9646759033203 34.9630393981934 34.9610176086426 34.9588623046875 34.9558486938477 34.9531669616699 34.9514045715332 34.949520111084 34.9474487304688 34.9465103149414 34.9466094970703 34.9464492797852
-9999 -9999 -9999 -9999 35.1105804443359 35.1192817687988 35.1294937133789 35.4821853637695 35.8448219299316 36.1063690185547 36.3581809997559 36.5727500915527 36.632137298584 36.3844718933105 35.9643020629883 35.345085144043 35.0652809143066 35.0185623168945 34.9930152893066 34.975643157959 34.9628410339355 34.9508438110352 34.9502296447754 34.9500770568848 34.9516677856445 34.9536361694336 34.9568290710449 34.9591255187988 34.9598503112793 34.9614791870117 34.964038848877 34.9642333984375 34.9629821777344 34.9593963623047 34.9550361633301 34.9530029296875 34.9513053894043 34.9512634277344 34.950984954834 34.9491882324219 34.9475708007812 34.9464530944824 34.9456520080566 34.9453430175781 34.9452056884766 34.9452209472656 34.9451751708984
-9999 -9999 -9999 -9999 35.1197853088379 35.1294937133789 35.4741439819336 35.4878692626953 35.8540267944336 36.090202331543 36.3188743591309 36.5188179016113 36.6493377685547 36.6424903869629 36.2558097839355 35.4308700561523 35.0583801269531 34.9966087341309 34.9705085754395 34.9581832885742 34.9525146484375 34.9480171203613 34.9476852416992 34.9477005004883 34.9498481750488 34.9520683288574 34.9545288085938 34.956184387207 34.9564361572266 34.9558219909668 34.9543075561523 34.9533882141113 34.9528350830078 34.9516181945801 34.9501800537109 34.9488067626953 34.9474487304688 34.947322845459 34.9471473693848 34.9466705322266 34.946174621582 34.9456367492676 34.9452323913574 34.9450416564941 34.9449348449707 34.9449081420898 34.9448776245117
-9999 -9999 -9999 -9999 35.1294937133789 35.5125961303711 35.685302734375 35.7970237731934 35.8231163024902 36.079517364502 36.316764831543 36.4806938171387 36.6237716674805 36.7255897521973 36.3576431274414 35.4476585388184 35.0446166992188 34.9897079467773 34.9652557373047 34.9525604248047 34.9488906860352 34.9468078613281 34.9464492797852 34.9463119506836 34.9477157592773 34.9491233825684 34.9505348205566 34.9515380859375 34.9518394470215 34.9511528015137 34.9494514465332 34.9486541748047 34.948413848877 34.9480667114258 34.9476852416992 34.9468116760254 34.9458694458008 34.9457321166992 34.9456024169922 34.9455490112305 34.9454460144043 34.9451904296875 34.944995880127 34.9448890686035 34.9448204040527 34.9447860717773 34.944766998291
-9999 -9999 -9999 -9999 -9999 35.7253837585449 35.7614440917969 35.7710189819336 35.7750091552734 36.0711784362793 36.3305931091309 36.4493446350098 36.5798759460449 36.7337265014648 36.3781814575195 35.4348793029785 35.0279121398926 34.9892654418945 34.967399597168 34.9520149230957 34.9481391906738 34.9462928771973 34.9457740783691 34.9453430175781 34.9454574584961 34.9455947875977 34.9458122253418 34.946159362793 34.9467315673828 34.946907043457 34.9466857910156 34.9465408325195 34.9464454650879 34.9463272094727 34.9462051391602 34.9457588195801 34.9452705383301 34.9451446533203 34.9450378417969 34.9450302124023 34.9449996948242 34.9449081420898 34.9448356628418 34.9447975158691 34.944766998291 34.9447441101074 34.9447364807129
-9999 -9999 -9999 -9999 -9999 35.7365989685059 35.7294082641602 35.7162857055664 35.7431030273438 36.0641174316406 36.3409652709961 36.4487533569336 36.5745468139648 36.7359580993652 36.3816146850586 35.4321784973145 35.0245246887207 34.9889373779297 34.9684295654297 34.9537467956543 34.9490432739258 34.9460983276367 34.9455032348633 34.9450073242188 34.9449234008789 34.9448776245117 34.9449653625488 34.9451179504395 34.9453735351562 34.9455146789551 34.9455375671387 34.9455261230469 34.9454879760742 34.9454383850098 34.9453887939453 34.9451751708984 34.9449424743652 34.944881439209 34.9448318481445 34.9448432922363 34.9448432922363 34.9448127746582 34.9447860717773 34.9447708129883 34.9447593688965 34.9447441101074 34.9447364807129
-9999 -9999 -9999 -9999 -9999 35.738712310791 35.7189407348633 35.7009201049805 35.7145462036133 36.0573272705078 36.3506240844727 36.454532623291 36.5771942138672 36.7369651794434 36.3815078735352 35.4315567016602 35.0238914489746 34.988639831543 34.9692344665527 34.9559478759766 34.9502868652344 34.945972442627 34.9453201293945 34.9448051452637 34.9447479248047 34.9447479248047 34.9449234008789 34.9449691772461 34.9447937011719 34.944709777832 34.9447288513184 34.9447364807129 34.9447364807129 34.9447250366211 34.9447059631348 34.9446868896484 34.9446678161621 34.9446830749512 34.9446983337402 34.9447250366211 34.9447479248047 34.944751739502 34.9447593688965 34.9447631835938 34.9447593688965 34.944751739502 34.9447479248047
-9999 -9999 -9999 -9999 -9999 -9999 35.7677841186523 35.7396202087402 35.7664489746094 36.1003150939941 36.3828735351562 36.4690284729004 36.5793304443359 36.7374038696289 36.3863182067871 35.4477462768555 35.0403327941895 34.9976844787598 34.9749450683594 34.959888458252 34.9520454406738 34.9454689025879 34.945011138916 34.9447326660156 34.9448318481445 34.9449844360352 34.9453125 34.9454727172852 34.9453468322754 34.9452705383301 34.9452476501465 34.9452247619629 34.9452056884766 34.9452018737793 34.945198059082 34.9451942443848 34.9451866149902 34.9450454711914 34.9449005126953 34.9447555541992 34.944652557373 34.9446830749512 34.944709777832 34.9447288513184 34.9447402954102 34.9447441101074 34.9447898864746
-9999 -9999 -9999 -9999 -9999 -9999 35.8456153869629 35.8628120422363 35.8288803100586 36.1482734680176 36.4156761169434 36.4840774536133 36.5816879272461 36.7370872497559 36.3899002075195 35.462818145752 35.0559005737305 35.0062065124512 34.9802780151367 34.9635238647461 34.9536514282227 34.9449882507324 34.9447326660156 34.9446983337402 34.9449729919434 34.9452857971191 34.9457359313965 34.9459953308105 34.9459342956543 34.9458694458008 34.94580078125 34.9457550048828 34.9457168579102 34.9457168579102 34.9457321166992 34.9457359313965 34.9457321166992 34.9454498291016 34.9451599121094 34.9448585510254 34.944652557373 34.944694519043 34.9447364807129 34.9447708129883 34.9447898864746 34.9448013305664 34.9448928833008
-9999 -9999 -9999 -9999 -9999 -9999 35.9607238769531 35.9344100952148 35.9652671813965 36.2254257202148 36.4435577392578 36.5008201599121 36.5866470336914 36.7289848327637 36.3780326843262 35.4579010009766 35.0540313720703 35.0047035217285 34.9792671203613 34.9630546569824 34.9534111022949 34.9449272155762 34.9448661804199 34.9450302124023 34.9455680847168 34.9460372924805 34.9462814331055 34.9464111328125 34.9463348388672 34.9462471008301 34.9461517333984 34.9461059570312 34.9460830688477 34.9461097717285 34.9461479187012 34.946159362793 34.9461669921875 34.9460334777832 34.9458923339844 34.9457168579102 34.9455909729004 34.9455909729004 34.9455909729004 34.9455871582031 34.9455909729004 34.9456100463867 34.9456520080566
-9999 -9999 -9999 -9999 -9999 36.0789527893066 36.0666198730469 36.0849494934082 36.1064414978027 36.3059539794922 36.4762954711914 36.5349807739258 36.5988960266113 36.6731643676758 36.3063087463379 35.4304695129395 35.0463333129883 34.9998741149902 34.9760475158691 34.9609603881836 34.9523544311523 34.9448928833008 34.945068359375 34.9454536437988 34.9461402893066 34.9466934204102 34.9468040466309 34.9468460083008 34.94677734375 34.9466857910156 34.9465751647949 34.9465141296387 34.9464874267578 34.9465103149414 34.9465560913086 34.9465751647949 34.946590423584 34.9465827941895 34.9465637207031 34.9464950561523 34.9464378356934 34.9464073181152 34.9463691711426 34.9463195800781 34.9463005065918 34.9463043212891 34.9463043212891
-9999 -9999 -9999 -9999 36.1373634338379 36.1128425598145 36.0789527893066 36.1681594848633 36.2651824951172 36.3988571166992 36.5268325805664 36.6329956054688 36.637882232666 36.4423637390137 36.0151138305664 35.320484161377 35.0172691345215 34.982852935791 34.9647369384766 34.9529151916504 34.9483032226562 34.9449615478516 34.9455490112305 34.9461975097656 34.9466285705566 34.9470062255859 34.9472198486328 34.9473609924316 34.9473762512207 34.9473457336426 34.9472618103027 34.9471435546875 34.9470024108887 34.9469604492188 34.946949005127 34.9469604492188 34.9469718933105 34.9470024108887 34.9470252990723 34.9469718933105 34.9469299316406 34.9469108581543 34.9468612670898 34.9467582702637 34.9466705322266 34.946590423584 34.9465560913086
