Ecospace-environmental-drivers/Outputs/ASCII-for-ecospace/MOM6-ISIMIP3a/so-bot/2005-07_so-bot_MOM6-ISIMIP3a.asc
NCOLS 131 
NROWS 53 
XLLCORNER -98 
YLLCORNER 23.9265270233154 
CELLSIZE 0.133587792515755 
NODATA_value -9999 
[rows 21 to 41 of 53, columns 0 to 46 of 131]
-9999 -9999 -9999 -9999 -9999 -9999 34.1804428100586 34.164478302002 34.1258735656738 34.0597190856934 34.00048828125 33.8535804748535 33.8580360412598 33.8713035583496 33.9707145690918 34.1695137023926 34.4246635437012 34.7185134887695 34.8848876953125 35.0020446777344 35.0966987609863 35.1873817443848 35.4856834411621 35.7574653625488 35.7703895568848 35.7856559753418 35.8085136413574 35.8389091491699 35.8824615478516 35.9306869506836 35.9837188720703 36.0294952392578 36.070858001709 36.1116371154785 36.1522254943848 36.1892204284668 36.2255821228027 36.2435340881348 36.2608451843262 36.2741241455078 36.2876243591309 36.3017539978027 36.3201942443848 36.3452911376953 36.3595390319824 36.3638305664062 36.3669624328613
-9999 -9999 -9999 -9999 -9999 -9999 34.1836624145508 34.1804428100586 34.1485137939453 34.1148109436035 34.0597190856934 34.0881652832031 34.180549621582 34.3994407653809 34.5958595275879 34.7663459777832 35.018180847168 35.3258819580078 35.4824066162109 35.5805549621582 35.6563377380371 35.7281684875488 35.9506645202637 36.1524925231934 36.1546325683594 36.1579399108887 36.1650428771973 36.1766967773438 36.1962852478027 36.2175636291504 36.2405776977539 36.2594451904297 36.2757911682129 36.2922592163086 36.3087692260742 36.3529243469238 36.4006690979004 36.416259765625 36.431713104248 36.4463157653809 36.459659576416 36.4694976806641 36.4798965454102 36.4911613464355 36.4971008300781 36.4981536865234 36.5009651184082
-9999 -9999 -9999 -9999 34.231086730957 34.2020645141602 34.1854591369629 34.1850891113281 34.1804428100586 34.1165885925293 34.1024971008301 34.2788696289062 34.5386009216309 34.9632682800293 35.2526245117188 35.3858451843262 35.6218109130859 35.9283294677734 36.068675994873 36.1448554992676 36.2096061706543 36.2723388671875 36.3970489501953 36.5088005065918 36.5013008117676 36.4938812255859 36.4867324829102 36.4831809997559 36.485912322998 36.4891777038574 36.492992401123 36.4888916015625 36.4799652099609 36.4719581604004 36.4642562866211 36.513729095459 36.5707778930664 36.5822677612305 36.5938262939453 36.6058120727539 36.614501953125 36.6139984130859 36.6124725341797 36.6093597412109 36.6068229675293 36.6048164367676 36.6071090698242
-9999 -9999 -9999 -9999 34.2961463928223 34.2406730651855 34.2186737060547 34.1854591369629 34.1893615722656 34.239013671875 34.3525848388672 34.710807800293 35.0976753234863 35.5412330627441 35.8625755310059 36.0429000854492 36.2072563171387 36.3606414794922 36.4318923950195 36.4714279174805 36.5240478515625 36.5789794921875 36.5000381469727 36.4271926879883 36.4295539855957 36.4300918579102 36.4247055053711 36.4594345092773 36.5641670227051 36.6331634521484 36.6653900146484 36.6748542785645 36.6704559326172 36.6647529602051 36.658618927002 36.6788139343262 36.7023239135742 36.6799507141113 36.6505737304688 36.5765647888184 36.4917411804199 36.3768196105957 36.3074417114258 36.3084564208984 36.3090934753418 36.3093795776367 36.3145446777344
-9999 -9999 -9999 -9999 -9999 34.2961463928223 34.2624053955078 34.2518882751465 34.2253150939941 34.4334564208984 34.7004280090332 35.192569732666 35.6621322631836 36.0870132446289 36.3952980041504 36.5690498352051 36.6230278015137 36.5947570800781 36.5808067321777 36.5723876953125 36.6067733764648 36.6487083435059 36.428295135498 36.2273979187012 36.2370223999023 36.2434768676758 36.2396545410156 36.2988166809082 36.4678840637207 36.5787467956543 36.6297149658203 36.6501655578613 36.6520195007324 36.6492156982422 36.6448593139648 36.641544342041 36.6380615234375 36.5914764404297 36.5334510803223 36.402587890625 36.2564582824707 36.0678367614746 35.9548072814941 35.9586029052734 35.9612998962402 35.9629974365234 35.9691047668457
-9999 -9999 -9999 -9999 -9999 34.3178596496582 34.2961463928223 34.3161315917969 34.3798179626465 34.9436683654785 35.476879119873 35.8928031921387 36.250171661377 36.4916763305664 36.5893936157227 36.5212097167969 36.2948303222656 35.9598159790039 35.7900543212891 35.6841049194336 35.6734580993652 35.6796340942383 35.5903701782227 35.5093955993652 35.5148735046387 35.5183181762695 35.5151786804199 35.5380401611328 35.6062850952148 35.6543731689453 35.6817169189453 35.7018203735352 35.7175102233887 35.7202072143555 35.7185707092285 35.7170028686523 35.7152519226074 35.6867408752441 35.6539649963379 35.5940132141113 35.5277786254883 35.444034576416 35.3934478759766 35.3940925598145 35.3939933776855 35.3932151794434 35.3918190002441
-9999 -9999 34.3683052062988 34.3617134094238 34.3539810180664 34.3395957946777 34.3178329467773 34.4181900024414 34.5768508911133 35.3438758850098 36.0283164978027 36.3966369628906 36.6721420288086 36.7639961242676 36.6672096252441 36.3527679443359 35.9402465820312 35.4603729248047 35.2159652709961 35.0624809265137 35.0252876281738 35.008617401123 35.0089492797852 35.009838104248 35.012321472168 35.0136985778809 35.0114974975586 35.0099830627441 35.0096588134766 35.0148658752441 35.0257606506348 35.0431480407715 35.0644950866699 35.070068359375 35.070384979248 35.0698318481445 35.0690574645996 35.0541038513184 35.0398254394531 35.0298080444336 35.019702911377 35.009349822998 35.001880645752 34.9988670349121 34.9962539672852 34.9940147399902 34.9884376525879
-9999.000000000000000 -9999 -9999 -9999 34.3915672302246 34.3683624267578 34.3816184997559 34.6027526855469 34.8666725158691 35.5040740966797 36.0888023376465 36.4719429016113 36.731761932373 36.7475662231445 36.491325378418 35.9211883544922 35.5280876159668 35.2565650939941 35.1146049499512 35.0226745605469 34.9992561340332 34.9879302978516 34.9871635437012 34.9869003295898 34.988899230957 34.9902610778809 34.989574432373 34.9896774291992 34.9911651611328 34.9968948364258 35.0069961547852 35.0165100097656 35.0256614685059 35.0283889770508 35.0289764404297 35.0278358459473 35.0263900756836 35.0151443481445 35.0046310424805 34.9987754821777 34.9929656982422 34.9872856140137 34.9807777404785 34.9729957580566 34.9684944152832 34.9670028686523 34.9644775390625
-9999 -9999 -9999 -9999 34.4436988830566 34.466739654541 34.4491882324219 34.731559753418 35.0503005981445 35.6104774475098 36.1355476379395 36.5262260437012 36.7443923950195 36.6212120056152 36.2491798400879 35.590015411377 35.2455749511719 35.1172676086426 35.0456504821777 34.9959259033203 34.9802322387695 34.9705467224121 34.9694480895996 34.9688262939453 34.9706077575684 34.9721260070801 34.9727935791016 34.9738998413086 34.9757690429688 34.9809417724609 34.9895095825195 34.9938583374023 34.9956321716309 34.9959945678711 34.9958839416504 34.9945487976074 34.9930038452148 34.9856414794922 34.9787712097168 34.9750442504883 34.9715614318848 34.96875 34.9638557434082 34.955738067627 34.9513969421387 34.9505233764648 34.9498291015625
-9999 -9999 -9999 -9999 34.4813690185547 34.4959945678711 34.5140571594238 34.7902145385742 35.1003189086914 35.6492156982422 36.1650047302246 36.5540618896484 36.6979103088379 36.356559753418 35.9236717224121 35.3851661682129 35.1261711120605 35.0591239929199 35.0174674987793 34.9856147766113 34.9700317382812 34.9573211669922 34.9568481445312 34.9568672180176 34.9587707519531 34.9606552124023 34.9624862670898 34.9638175964355 34.9642791748047 34.9675254821777 34.9736289978027 34.9762268066406 34.9766845703125 34.9752769470215 34.9732513427734 34.9722137451172 34.9712982177734 34.9680366516113 34.964656829834 34.9604949951172 34.9568557739258 34.9546546936035 34.9521903991699 34.9493179321289 34.9477233886719 34.9472961425781 34.9469032287598
-9999 -9999 -9999 -9999 34.4959945678711 34.5178565979004 34.5435218811035 34.7903747558594 35.0708198547363 35.5928344726562 36.0961761474609 36.5280494689941 36.7114562988281 36.4032096862793 35.9557456970215 35.3476486206055 35.070499420166 35.020622253418 34.9925079345703 34.9727973937988 34.9608573913574 34.9502868652344 34.950080871582 34.9503479003906 34.9526863098145 34.9549522399902 34.9569816589355 34.9581680297852 34.9578819274902 34.9591217041016 34.9619369506836 34.9629211425781 34.9627952575684 34.9612197875977 34.9591674804688 34.9582481384277 34.9574851989746 34.956298828125 34.9548645019531 34.951831817627 34.9491920471191 34.9476470947266 34.9465408325195 34.946102142334 34.9458160400391 34.9456672668457 34.9454727172852
-9999 -9999 -9999 -9999 34.5191230773926 34.5435218811035 34.7481079101562 34.7466621398926 34.9816780090332 35.4651107788086 35.9536399841309 36.4616546630859 36.77001953125 36.6833381652832 36.2560119628906 35.4356346130371 35.0626258850098 34.9968490600586 34.9699668884277 34.9581031799316 34.952449798584 34.9478950500488 34.9476852416992 34.9479026794434 34.9509162902832 34.9535751342773 34.9550857543945 34.9558486938477 34.9552993774414 34.9544830322266 34.9533843994141 34.9528656005859 34.9527015686035 34.9521598815918 34.9514961242676 34.9505615234375 34.949592590332 34.9489593505859 34.9483108520508 34.9475746154785 34.9468078613281 34.9459571838379 34.9453964233398 34.9452857971191 34.9452323913574 34.9452323913574 34.9451675415039
-9999 -9999 -9999 -9999 34.5435218811035 34.7735137939453 34.8555564880371 34.9118690490723 34.9518852233887 35.4503555297852 35.9455757141113 36.4283599853516 36.7559127807617 36.7763137817383 36.3645210266113 35.4540519714355 35.0484428405762 34.9895477294922 34.9648513793945 34.9533538818359 34.9494819641113 34.9469528198242 34.946533203125 34.9464073181152 34.9483757019043 34.950080871582 34.9509506225586 34.9514236450195 34.9512023925781 34.9503936767578 34.948974609375 34.9483642578125 34.9482460021973 34.9480857849121 34.9479103088379 34.9472198486328 34.946460723877 34.946117401123 34.9458160400391 34.9457740783691 34.9456329345703 34.9452171325684 34.9449577331543 34.9449462890625 34.944953918457 34.9449806213379 34.9449577331543
-9999 -9999 -9999 -9999 -9999 34.935962677002 34.9468650817871 34.9081420898438 34.9475326538086 35.4840087890625 35.9951400756836 36.4092559814453 36.7106666564941 36.7890777587891 36.3908500671387 35.4426574707031 35.0315589904785 34.9893074035645 34.9672012329102 34.9528694152832 34.9488410949707 34.9466285705566 34.9459114074707 34.9453163146973 34.945499420166 34.9456787109375 34.9458503723145 34.9460945129395 34.9464569091797 34.9465446472168 34.9463424682617 34.9462471008301 34.9462089538574 34.9461479187012 34.9460792541504 34.945743560791 34.9453735351562 34.9452056884766 34.9450607299805 34.9450263977051 34.9449806213379 34.944881439209 34.9448204040527 34.9448127746582 34.9448089599609 34.9448051452637 34.9447860717773
-9999 -9999 -9999 -9999 -9999 35.0290985107422 35.0054626464844 35.0205841064453 35.0551567077637 35.583927154541 36.0803718566895 36.4531059265137 36.7254676818848 36.7992134094238 36.3954010009766 35.440559387207 35.0284385681152 34.9890251159668 34.968334197998 34.9548721313477 34.9499320983887 34.9464988708496 34.945671081543 34.9449729919434 34.9448890686035 34.9448509216309 34.9449806213379 34.9451179504395 34.9452819824219 34.945369720459 34.9453773498535 34.9453773498535 34.945369720459 34.9453506469727 34.9453277587891 34.9451751708984 34.9450035095215 34.9449234008789 34.9448547363281 34.9448280334473 34.9448013305664 34.9447708129883 34.9447479248047 34.9447364807129 34.9447326660156 34.9447288513184 34.9447135925293
-9999 -9999 -9999 -9999 -9999 35.1482429504395 35.1349639892578 35.0876655578613 35.1859550476074 35.6975517272949 36.172981262207 36.5099830627441 36.7526893615723 36.8088073730469 36.3954467773438 35.4403839111328 35.0281639099121 34.9887390136719 34.9692192077637 34.9573860168457 34.9513816833496 34.9464073181152 34.9455108642578 34.9447860717773 34.9447441101074 34.9447631835938 34.9449806213379 34.9450454711914 34.9448432922363 34.9447479248047 34.9447593688965 34.9447708129883 34.9447784423828 34.9447860717773 34.9447975158691 34.9447898864746 34.9447822570801 34.9447746276855 34.9447593688965 34.9447402954102 34.9447212219238 34.9447021484375 34.9446868896484 34.9446754455566 34.9446678161621 34.9446678161621 34.9446601867676
-9999 -9999 -9999 -9999 -9999 -9999 35.3043022155762 35.2966384887695 35.336597442627 35.8245697021484 36.2723922729492 36.5665397644043 36.775821685791 36.8171844482422 36.4023361206055 35.4610900878906 35.0493316650391 35.0011978149414 34.9772491455078 34.9626426696777 34.953670501709 34.9456939697266 34.9450988769531 34.9447250366211 34.9448509216309 34.9450340270996 34.9454040527344 34.9456062316895 34.9455184936523 34.9454727172852 34.9454727172852 34.9454612731934 34.9454498291016 34.9454460144043 34.9454460144043 34.9454307556152 34.9454154968262 34.9451789855957 34.944953918457 34.9447937011719 34.9446754455566 34.9446754455566 34.9446678161621 34.9446601867676 34.944652557373 34.9446449279785 34.9447135925293
-9999 -9999 -9999 -9999 -9999 -9999 35.4815101623535 35.5285987854004 35.4901733398438 35.9526824951172 36.3713989257812 36.6224670410156 36.7979507446289 36.8238639831543 36.4073829650879 35.4804420471191 35.069580078125 35.0131301879883 34.9849052429199 34.9675750732422 34.9558029174805 34.945011138916 34.9447212219238 34.9447021484375 34.9450073242188 34.9453544616699 34.9458503723145 34.9461784362793 34.9462127685547 34.9462242126465 34.9462089538574 34.9461860656738 34.9461555480957 34.9461402893066 34.9461326599121 34.9461059570312 34.9460754394531 34.9456367492676 34.9452171325684 34.9449348449707 34.9447288513184 34.9447326660156 34.9447364807129 34.9447288513184 34.9447174072266 34.9447021484375 34.9448432922363
-9999 -9999 -9999 -9999 -9999 -9999 35.7434730529785 35.6192893981934 35.66552734375 36.0860862731934 36.4628295898438 36.6718597412109 36.8112945556641 36.8130264282227 36.3895225524902 35.4753570556641 35.0697441101074 35.0133743286133 34.9851455688477 34.9677772521973 34.955883026123 34.944953918457 34.9448471069336 34.9450225830078 34.9455680847168 34.9460563659668 34.9463500976562 34.9465484619141 34.9465789794922 34.946590423584 34.9465866088867 34.9466018676758 34.9466323852539 34.9466514587402 34.9466667175293 34.9466552734375 34.9466323852539 34.946361541748 34.946102142334 34.9458999633789 34.945743560791 34.9457092285156 34.9456787109375 34.9456481933594 34.9456329345703 34.9456329345703 34.9457321166992
-9999 -9999 -9999 -9999 -9999 36.3271369934082 36.0707702636719 36.0825347900391 35.8739852905273 36.2392311096191 36.5620765686035 36.7226104736328 36.8098030090332 36.7518730163574 36.3171882629395 35.4477958679199 35.0622482299805 35.0089836120605 34.9822044372559 34.9656524658203 34.9547882080078 34.9449310302734 34.9450759887695 34.9454765319824 34.946159362793 34.9467163085938 34.9468574523926 34.9469566345215 34.9469795227051 34.9469871520996 34.9469795227051 34.947021484375 34.9470901489258 34.9471321105957 34.9471626281738 34.9471588134766 34.947151184082 34.947021484375 34.9468955993652 34.9467658996582 34.9466590881348 34.9465980529785 34.9465446472168 34.9464950561523 34.9464645385742 34.9464492797852 34.9464988708496
-9999 -9999 -9999 -9999 36.5331687927246 36.4087982177734 36.3271369934082 36.2541236877441 36.2038116455078 36.464771270752 36.6899795532227 36.7783508300781 36.7539024353027 36.5062103271484 36.0451202392578 35.3378067016602 35.0266609191895 34.9875869750977 34.9675979614258 34.9549827575684 34.9493865966797 34.9450340270996 34.9456977844238 34.9464340209961 34.9468574523926 34.9472198486328 34.947395324707 34.9475021362305 34.9475021362305 34.9474792480469 34.9474449157715 34.9474487304688 34.9474754333496 34.9474983215332 34.9475212097168 34.9475173950195 34.9475135803223 34.9474411010742 34.9473648071289 34.9472808837891 34.947208404541 34.9471702575684 34.9471244812012 34.9470672607422 34.9469795227051 34.9468574523926 34.946834564209
