Ecospace-environmental-drivers/Outputs/ASCII-for-ecospace/MOM6-ISIMIP3a/so-bot/2005-08_so-bot_MOM6-ISIMIP3a.asc
NCOLS 131 
NROWS 53 
XLLCORNER -98 
YLLCORNER 23.9265270233154 
CELLSIZE 0.133587792515755 
NODATA_value -9999 
[rows 21 to 41 of 53, columns 47 to 93 of 131]
36.3415946960449 36.3558158874512 36.367618560791 36.353443145752 36.3367347717285 36.3234786987305 36.3135452270508 36.3205184936523 36.3341369628906 36.3637962341309 36.3914794921875 36.416446685791 36.5011138916016 36.6346244812012 36.3990020751953 35.9885330200195 35.5437622070312 35.0907974243164 35.0506629943848 35.0383949279785 35.018970489502 34.9980010986328 34.9705657958984 34.9508056640625 34.9472465515137 34.9451637268066 34.944896697998 34.9447593688965 34.9447250366211 34.9447174072266 34.9447250366211 34.9447975158691 34.9448852539062 34.9460182189941 34.947395324707 34.9507141113281 34.9618911743164 35.0007019042969 35.0375671386719 35.0708084106445 35.1244926452637 35.2004470825195 35.2880439758301 35.3831672668457 35.526985168457 35.6882934570312 35.9518585205078
36.5428009033203 36.5628967285156 36.5836486816406 36.5819358825684 36.5778274536133 36.5710487365723 36.5582237243652 36.5146446228027 36.4895324707031 36.5090065002441 36.4512367248535 36.2874221801758 36.1994743347168 36.1735954284668 35.9373550415039 35.6014671325684 35.3228950500488 35.0580139160156 35.0166397094727 34.9919509887695 34.9866180419922 34.9788589477539 34.9609260559082 34.9481163024902 34.9461326599121 34.9449729919434 34.9448127746582 34.9447402954102 34.9447250366211 34.9447288513184 34.9447402954102 34.9447479248047 34.944751739502 34.9447898864746 34.9449424743652 34.946216583252 34.9513740539551 34.9701805114746 34.9880638122559 35.0042343139648 35.0366897583008 35.0868988037109 35.1411590576172 35.1980476379395 35.298282623291 35.4140892028809 35.6624298095703
36.7058296203613 36.7226982116699 36.7412490844727 36.7403411865234 36.7373008728027 36.73046875 36.7097702026367 36.6185607910156 36.5556755065918 36.5611839294434 36.4238243103027 36.0903244018555 35.8442878723145 35.6698112487793 35.447208404541 35.2018051147461 35.1053314208984 35.0444412231445 35.0035743713379 34.9666137695312 34.9664764404297 34.9643402099609 34.9538345336914 34.9463882446289 34.9454002380371 34.94482421875 34.9447555541992 34.9447250366211 34.9447288513184 34.9447402954102 34.9447593688965 34.9447593688965 34.9447593688965 34.9447784423828 34.9447937011719 34.9447784423828 34.9447708129883 34.9447937011719 34.9455146789551 34.9475326538086 34.9613075256348 34.9878959655762 35.0112915039062 35.0326194763184 35.0868225097656 35.1528396606445 35.3707962036133
36.3392868041992 36.2557945251465 36.1457443237305 36.1414070129395 36.144214630127 36.0477638244629 35.9609756469727 35.9233207702637 35.872917175293 35.7917137145996 35.6820373535156 35.5332679748535 35.4235076904297 35.3456611633301 35.2329177856445 35.1036415100098 35.0483016967773 35.010627746582 34.984504699707 34.9606895446777 34.9588661193848 34.9562797546387 34.9504928588867 34.9462661743164 34.9453430175781 34.9448051452637 34.9447402954102 34.9447250366211 34.9447402954102 34.9447631835938 34.9447898864746 34.9448127746582 34.9448394775391 34.9448432922363 34.9448471069336 34.94482421875 34.9448051452637 34.9448051452637 34.9451179504395 34.9460105895996 34.9521865844727 34.9641151428223 34.9746742248535 34.9843444824219 35.021541595459 35.0686264038086 35.204891204834
35.9361534118652 35.7867164611816 35.5927124023438 35.5857696533203 35.5920906066895 35.4395027160645 35.3128662109375 35.3182563781738 35.2819976806641 35.1451797485352 35.0666313171387 35.0680809020996 35.0690078735352 35.069507598877 35.0481376647949 35.0164031982422 34.9964637756348 34.9793357849121 34.9666023254395 34.9547843933105 34.951904296875 34.9492416381836 34.9474830627441 34.9460334777832 34.9452438354492 34.9447822570801 34.9447288513184 34.9447212219238 34.944751739502 34.9447822570801 34.9448204040527 34.9448623657227 34.9449043273926 34.9449005126953 34.9448928833008 34.9448661804199 34.9448394775391 34.9448165893555 34.9447937011719 34.9447746276855 34.9447593688965 34.9447555541992 34.9448509216309 34.945011138916 34.9660415649414 34.994571685791 35.0590286254883
35.3725967407227 35.3080978393555 35.2258949279785 35.219970703125 35.2195739746094 35.1576271057129 35.1062393188477 35.1085662841797 35.0937881469727 35.0376892089844 35.0053825378418 35.0057334899902 35.0051460266113 35.0037956237793 34.9927291870117 34.9770584106445 34.9673690795898 34.9591064453125 34.9538154602051 34.9489784240723 34.9477767944336 34.9466667175293 34.9459342956543 34.9453277587891 34.9449729919434 34.9447593688965 34.9447212219238 34.9447250366211 34.9447631835938 34.9448013305664 34.9448394775391 34.9448776245117 34.9449157714844 34.9449157714844 34.9449081420898 34.9448852539062 34.9448585510254 34.9448318481445 34.9448051452637 34.9447860717773 34.9447784423828 34.9447822570801 34.94482421875 34.9448852539062 34.953441619873 34.9650497436523 35.0010452270508
34.980167388916 34.974739074707 34.9698715209961 34.9654693603516 34.9612731933594 34.96142578125 34.9615898132324 34.961799621582 34.9617576599121 34.961109161377 34.9605865478516 34.9602279663086 34.9587860107422 34.9564476013184 34.9530639648438 34.9491882324219 34.9469757080078 34.9451560974121 34.9449996948242 34.944953918457 34.9449119567871 34.9448738098145 34.9448509216309 34.94482421875 34.9447784423828 34.9447441101074 34.9447212219238 34.9447364807129 34.9447784423828 34.9448204040527 34.9448623657227 34.944896697998 34.9449272155762 34.9449234008789 34.9449195861816 34.944896697998 34.9448699951172 34.9448394775391 34.9448127746582 34.9447975158691 34.9448013305664 34.9448280334473 34.9448356628418 34.9448318481445 34.9448280334473 34.94482421875 34.958625793457
34.9611206054688 34.9583129882812 34.9555816650391 34.953800201416 34.9521713256836 34.9521560668945 34.9521675109863 34.9523124694824 34.9523162841797 34.9519653320312 34.9516792297363 34.9514846801758 34.9506034851074 34.9491539001465 34.9477424621582 34.9463539123535 34.9455604553223 34.9449081420898 34.9448432922363 34.9448204040527 34.9448051452637 34.9447860717773 34.9447784423828 34.944766998291 34.9447555541992 34.9447479248047 34.9447441101074 34.944766998291 34.9448013305664 34.9448432922363 34.9448928833008 34.9449119567871 34.9449272155762 34.9449195861816 34.9449119567871 34.9448890686035 34.9448623657227 34.9448318481445 34.9448165893555 34.9448127746582 34.9448432922363 34.9449005126953 34.9449272155762 34.9449272155762 34.9449043273926 34.9448738098145 34.9501686096191
34.9492835998535 34.9482231140137 34.9470176696777 34.9467735290527 34.9466285705566 34.9465408325195 34.9464836120605 34.9465827941895 34.9466018676758 34.9464378356934 34.9462928771973 34.9461822509766 34.9457321166992 34.9450035095215 34.9447708129883 34.944766998291 34.944766998291 34.9447631835938 34.9447555541992 34.9447441101074 34.9447402954102 34.9447364807129 34.9447326660156 34.9447364807129 34.9447402954102 34.944751739502 34.9447631835938 34.9447860717773 34.9448204040527 34.9448623657227 34.9449081420898 34.9449195861816 34.9449272155762 34.9449195861816 34.9449081420898 34.944881439209 34.9448547363281 34.9448318481445 34.94482421875 34.9448432922363 34.9448890686035 34.9449691772461 34.9450073242188 34.9450187683105 34.9449882507324 34.9449462890625 34.945369720459
34.9465293884277 34.946102142334 34.9456520080566 34.9455871582031 34.9455642700195 34.9455223083496 34.945499420166 34.9455680847168 34.9455833435059 34.9454612731934 34.9453353881836 34.9452018737793 34.9450263977051 34.9448127746582 34.9447479248047 34.944751739502 34.944751739502 34.944751739502 34.9447441101074 34.9447364807129 34.9447326660156 34.9447288513184 34.9447326660156 34.9447364807129 34.9447441101074 34.9447555541992 34.9447746276855 34.9447975158691 34.9448280334473 34.9448661804199 34.9449081420898 34.9449195861816 34.9449272155762 34.9449157714844 34.9449043273926 34.9448776245117 34.9448547363281 34.9448356628418 34.9448432922363 34.944881439209 34.9449462890625 34.9450302124023 34.9450759887695 34.9450988769531 34.9450798034668 34.9450454711914 34.9451713562012
34.9452438354492 34.9451065063477 34.9449844360352 34.9449920654297 34.945011138916 34.9449844360352 34.9449729919434 34.945011138916 34.9450149536133 34.944938659668 34.9448623657227 34.9447784423828 34.9447479248047 34.9447593688965 34.944766998291 34.9447746276855 34.9447746276855 34.9447708129883 34.9447593688965 34.9447479248047 34.9447402954102 34.9447288513184 34.9447326660156 34.9447364807129 34.9447441101074 34.9447593688965 34.9447784423828 34.9448051452637 34.9448318481445 34.9448699951172 34.9449119567871 34.9449272155762 34.9449310302734 34.9449195861816 34.9449081420898 34.944881439209 34.9448623657227 34.9448509216309 34.9448623657227 34.9449119567871 34.9449806213379 34.9450607299805 34.9451141357422 34.9451446533203 34.945140838623 34.9451217651367 34.9451179504395
34.9450645446777 34.944953918457 34.9448432922363 34.9448318481445 34.9448356628418 34.9448089599609 34.9447860717773 34.9447898864746 34.9447860717773 34.9447631835938 34.9447555541992 34.9447708129883 34.9447898864746 34.9448127746582 34.94482421875 34.9448318481445 34.94482421875 34.9448165893555 34.9447975158691 34.9447784423828 34.9447555541992 34.9447364807129 34.9447326660156 34.9447364807129 34.9447441101074 34.9447593688965 34.9447822570801 34.9448051452637 34.9448356628418 34.9448738098145 34.9449195861816 34.9449348449707 34.9449424743652 34.9449310302734 34.9449195861816 34.944896697998 34.9448776245117 34.9448699951172 34.9448852539062 34.9449348449707 34.944995880127 34.945068359375 34.9451217651367 34.9451637268066 34.9451789855957 34.9451866149902 34.9451751708984
34.9449119567871 34.9448471069336 34.9447746276855 34.9447631835938 34.9447593688965 34.9447364807129 34.9447212219238 34.9447479248047 34.944766998291 34.944766998291 34.9448127746582 34.9449272155762 34.9449844360352 34.9449920654297 34.9449920654297 34.9449844360352 34.9449577331543 34.9449310302734 34.9448928833008 34.9448547363281 34.9448051452637 34.9447631835938 34.9447555541992 34.944751739502 34.9447593688965 34.9447708129883 34.9447898864746 34.9448127746582 34.9448356628418 34.944881439209 34.9449272155762 34.9449501037598 34.9449653625488 34.9449615478516 34.944953918457 34.9449348449707 34.9449157714844 34.9449043273926 34.9449119567871 34.9449501037598 34.9449996948242 34.9450607299805 34.9451179504395 34.9451751708984 34.9452018737793 34.9452171325684 34.9452095031738
34.9447746276855 34.9447593688965 34.9447441101074 34.9447326660156 34.9447250366211 34.944709777832 34.9447059631348 34.9447784423828 34.9448356628418 34.9448432922363 34.944938659668 34.9451522827148 34.945240020752 34.9452247619629 34.9452018737793 34.9451789855957 34.9451293945312 34.9450759887695 34.945011138916 34.9449462890625 34.9448661804199 34.9447975158691 34.9447822570801 34.9447746276855 34.9447822570801 34.9447898864746 34.9448013305664 34.9448204040527 34.9448394775391 34.9448852539062 34.9449424743652 34.9449691772461 34.944995880127 34.9449996948242 34.9449996948242 34.9449844360352 34.9449653625488 34.9449424743652 34.9449348449707 34.9449577331543 34.944995880127 34.9450492858887 34.9451103210449 34.9451789855957 34.9452133178711 34.9452323913574 34.9452285766602
34.9447135925293 34.9446983337402 34.9446868896484 34.9446678161621 34.944652557373 34.944637298584 34.9446792602539 34.9450378417969 34.9452934265137 34.9452934265137 34.9453315734863 34.9454193115234 34.945426940918 34.9453659057617 34.9453086853027 34.9452476501465 34.9451789855957 34.9451065063477 34.9450454711914 34.9449882507324 34.9449310302734 34.9448776245117 34.9448623657227 34.9448509216309 34.9448547363281 34.9448661804199 34.9448776245117 34.9448928833008 34.9449119567871 34.9449501037598 34.9449996948242 34.9450302124023 34.9450607299805 34.9450759887695 34.9450912475586 34.9450836181641 34.9450759887695 34.9450531005859 34.9450378417969 34.9450340270996 34.9450492858887 34.9450836181641 34.9451370239258 34.9451942443848 34.9452285766602 34.9452514648438 34.9452438354492
34.9446640014648 34.9446449279785 34.9446220397949 34.9445991516113 34.9445724487305 34.9445533752441 34.944652557373 34.9453430175781 34.9458312988281 34.9458198547363 34.9457778930664 34.9456901550293 34.9455947875977 34.9454879760742 34.9453887939453 34.9452934265137 34.9452056884766 34.9451141357422 34.9450645446777 34.9450187683105 34.9449920654297 34.9449691772461 34.9449501037598 34.944938659668 34.9449424743652 34.944953918457 34.9449653625488 34.9449806213379 34.944995880127 34.9450263977051 34.945068359375 34.9450988769531 34.9451332092285 34.9451599121094 34.9451866149902 34.9451942443848 34.945198059082 34.9451789855957 34.9451560974121 34.945125579834 34.9451179504395 34.9451293945312 34.9451637268066 34.9452133178711 34.9452438354492 34.9452667236328 34.9452590942383
34.9448127746582 34.9448356628418 34.9448280334473 34.9448165893555 34.9448165893555 34.9452018737793 34.9456062316895 34.946102142334 34.9464149475098 34.9462852478027 34.9461059570312 34.9458656311035 34.9456977844238 34.9455947875977 34.9454879760742 34.9453887939453 34.9452781677246 34.9451713562012 34.9451103210449 34.9450569152832 34.9450454711914 34.9450340270996 34.9450340270996 34.9450416564941 34.9450607299805 34.9450874328613 34.9451141357422 34.9451370239258 34.9451560974121 34.9451866149902 34.9452209472656 34.9452514648438 34.9452819824219 34.9453048706055 34.9453239440918 34.9453277587891 34.9453239440918 34.9453125 34.9452972412109 34.9452705383301 34.9452476501465 34.945240020752 34.9452438354492 34.9452629089355 34.9452743530273 34.9452857971191 34.9452743530273
34.9450225830078 34.9450836181641 34.9450988769531 34.9451026916504 34.9451293945312 34.9458847045898 34.9465599060059 34.9468383789062 34.946964263916 34.9467163085938 34.946418762207 34.946044921875 34.9458160400391 34.9457054138184 34.9455947875977 34.9454879760742 34.9453659057617 34.9452362060547 34.9451675415039 34.9451065063477 34.9451065063477 34.9451103210449 34.9451293945312 34.9451560974121 34.9451904296875 34.9452285766602 34.9452705383301 34.9452972412109 34.9453163146973 34.9453430175781 34.9453735351562 34.9454002380371 34.9454231262207 34.9454383850098 34.9454498291016 34.945442199707 34.9454383850098 34.9454345703125 34.9454231262207 34.9454040527344 34.9453773498535 34.9453430175781 34.9453239440918 34.9453125 34.9453048706055 34.9453048706055 34.9452934265137
34.9457626342773 34.9458389282227 34.9458961486816 34.9459228515625 34.945972442627 34.9465560913086 34.9470596313477 34.9471435546875 34.9471244812012 34.9468574523926 34.946590423584 34.9463195800781 34.9460868835449 34.9458923339844 34.9457588195801 34.9456520080566 34.9455299377441 34.9454040527344 34.9453430175781 34.9452934265137 34.9453086853027 34.9453277587891 34.9453620910645 34.9454002380371 34.9454345703125 34.9454612731934 34.9454689025879 34.9454650878906 34.9454498291016 34.9454498291016 34.9454536437988 34.9454536437988 34.9454536437988 34.9454345703125 34.9454116821289 34.9453926086426 34.9453811645508 34.945384979248 34.9453926086426 34.9454078674316 34.9454078674316 34.9453926086426 34.9453773498535 34.9453620910645 34.9453430175781 34.9453239440918 34.9453048706055
34.946418762207 34.9465103149414 34.9466094970703 34.946662902832 34.9467239379883 34.9471321105957 34.9474639892578 34.947395324707 34.9472694396973 34.9470062255859 34.94677734375 34.9465980529785 34.9463882446289 34.9461555480957 34.9460144042969 34.945915222168 34.9457969665527 34.9456748962402 34.9456253051758 34.9455795288086 34.9455986022949 34.9456214904785 34.9456558227539 34.9456901550293 34.9457130432129 34.9457130432129 34.9456825256348 34.9456405639648 34.9455909729004 34.9455604553223 34.9455375671387 34.9455108642578 34.945484161377 34.9454307556152 34.9453811645508 34.9453544616699 34.9453353881836 34.9453468322754 34.9453659057617 34.9454078674316 34.9454307556152 34.945426940918 34.9454193115234 34.9454040527344 34.9453773498535 34.9453430175781 34.9453201293945
34.9467468261719 34.9468650817871 34.9470176696777 34.9470863342285 34.9471473693848 34.9473533630371 34.9475173950195 34.9474601745605 34.9473648071289 34.9471740722656 34.9470138549805 34.9469032287598 34.9468002319336 34.946704864502 34.9466209411621 34.9465446472168 34.9464454650879 34.9463386535645 34.9462852478027 34.9462356567383 34.9462127685547 34.9461936950684 34.9461708068848 34.9461441040039 34.9461135864258 34.9460525512695 34.9459609985352 34.9458618164062 34.9457588195801 34.9456901550293 34.945629119873 34.9455680847168 34.9455070495605 34.9454383850098 34.945369720459 34.9453468322754 34.9453277587891 34.9453315734863 34.9453468322754 34.9453773498535 34.9454040527344 34.9454231262207 34.945426940918 34.9454154968262 34.9453926086426 34.9453620910645 34.9453353881836
