Ecospace-environmental-drivers/Outputs/ASCII-for-ecospace/MOM6-ISIMIP3a/so-bot/2006-08_so-bot_MOM6-ISIMIP3a.asc
NCOLS 131 
NROWS 53 
XLLCORNER -98 
YLLCORNER 23.9265270233154 
CELLSIZE 0.133587792515755 
NODATA_value -9999 
[rows 0 to 20 of 53, columns 47 to 93 of 131]
-9999 -9999 -9999 -9999 -9999 -9999 -9999 -9999 -9999 -9999 -9999 -9999 -9999 -9999 -9999 -9999 -9999 -9999 -9999 -9999 -9999 -9999 -9999 -9999 -9999 -9999 -9999 -9999 -9999 -9999 -9999 -9999 -9999 -9999 -9999 -9999 -9999 -9999 -9999 -9999 -9999 -9999 -9999 -9999 -9999 -9999 -9999
-9999 -9999 -9999 -9999 -9999 -9999 -9999 -9999 -9999 -9999 -9999 -9999 -9999 -9999 -9999 -9999 -9999 -9999 -9999 -9999 -9999 -9999 -9999 -9999 -9999 -9999 -9999 -9999 -9999 -9999 -9999 -9999 -9999 -9999 -9999 -9999 -9999 -9999 -9999 -9999 -9999 -9999 -9999 -9999 -9999 -9999 -9999
-9999 -9999 -9999 -9999 -9999 -9999 -9999 -9999 -9999 -9999 -9999 -9999 -9999 -9999 -9999 -9999 -9999 -9999 -9999 -9999 -9999 -9999 -9999 -9999 -9999 -9999 -9999 31.9814109802246 32.3352470397949 -9999 -9999 -9999 -9999 -9999 -9999 -9999 -9999 -9999 -9999 -9999 -9999 -9999 -9999 -9999 -9999 -9999 -9999
-9999 -9999 -9999 -9999 -9999 -9999 -9999 -9999 -9999 -9999 -9999 -9999 -9999 -9999 -9999 -9999 -9999 -9999 -9999 -9999 -9999 -9999 -9999 -9999 -9999 -9999 -9999 31.9529666900635 32.3070487976074 -9999 -9999 -9999 -9999 -9999 -9999 -9999 -9999 -9999 -9999 -9999 -9999 -9999 -9999 -9999 -9999 -9999 -9999
-9999 -9999 -9999 -9999 -9999 -9999 -9999 -9999 -9999 -9999 -9999 -9999 -9999 -9999 -9999 -9999 -9999 -9999 26.9990634918213 27.2318496704102 27.4180774688721 28.50439453125 29.3780002593994 30.6761627197266 31.3060073852539 31.4722194671631 31.6638469696045 31.9165821075439 32.2784690856934 32.7260894775391 -9999 -9999 34.1987609863281 34.5554046630859 34.9027481079102 35.3047256469727 35.670841217041 35.9088249206543 36.010627746582 36.0233345031738 35.9219589233398 35.7389640808105 -9999 -9999 -9999 -9999 -9999
-9999 -9999 -9999 -9999 -9999 -9999 -9999 -9999 -9999 -9999 -9999 -9999 -9999 -9999 21.5898284912109 -9999 21.0580902099609 20.6265850067139 23.8811359405518 26.9990634918213 27.2784061431885 27.4180774688721 29.5907096862793 31.1252117156982 31.3125686645508 31.4802398681641 31.623851776123 31.887451171875 32.2384452819824 32.7095146179199 33.2303085327148 33.7580642700195 34.2871894836426 34.5510292053223 34.8279991149902 35.329216003418 35.7569580078125 35.9263496398926 36.0431709289551 36.0623588562012 35.9644775390625 35.7390365600586 35.5133743286133 35.2875671386719 -9999 -9999 -9999
-9999 -9999 -9999 -9999 -9999 -9999 -9999 -9999 -9999 -9999 27.4230556488037 27.3772869110107 27.3514919281006 27.3001708984375 24.4582481384277 21.6633358001709 21.516321182251 21.0313663482666 20.6265850067139 24.0177574157715 26.9990634918213 27.4180774688721 29.5907096862793 31.1252117156982 31.3125686645508 31.4802398681641 31.623851776123 31.887451171875 32.2384452819824 32.7095146179199 33.2303085327148 33.7580642700195 34.2871894836426 34.5510292053223 34.8279991149902 35.329216003418 35.7569580078125 35.9263496398926 36.0431709289551 36.0623588562012 35.9644775390625 35.7390365600586 35.5133743286133 35.2875671386719 35.2278900146484 35.3856353759766 -9999
-9999 -9999 -9999 -9999 -9999 -9999 -9999 -9999 -9999 -9999 27.6684455871582 27.4230556488037 27.3315200805664 -9999 27.2690944671631 24.5425930023193 21.8103504180908 21.516321182251 20.9511947631836 20.6265850067139 24.4276256561279 27.9072780609131 30.0418891906738 31.748477935791 32.5514831542969 33.0343856811523 33.1260566711426 33.3000564575195 33.5340270996094 33.8436737060547 34.1846618652344 34.608211517334 35.0479888916016 35.2248001098633 35.4053421020508 35.7174530029297 35.9780006408691 36.0572662353516 36.125114440918 36.171760559082 36.1217842102051 35.9665336608887 35.8258895874023 35.6946907043457 35.5436134338379 35.3853988647461 35.3640213012695
-9999 -9999 -9999 -9999 -9999 -9999 -9999 -9999 -9999 -9999 -9999 -9999 -9999 -9999 27.2366561889648 27.3306446075439 24.8189964294434 22.104377746582 21.516321182251 20.7106761932373 24.7744941711426 28.456672668457 30.5416584014893 32.4274635314941 33.8927879333496 34.7170791625977 34.7578926086426 34.8370933532715 34.944263458252 35.0785789489746 35.2241401672363 35.5311813354492 35.8699645996094 35.9533424377441 36.0304756164551 36.1390190124512 36.2192420959473 36.1999053955078 36.2135391235352 36.2883911132812 36.2907676696777 36.2141761779785 36.1660842895508 36.1364288330078 35.8314361572266 35.4275360107422 35.3403205871582
31.9168357849121 -9999 -9999 -9999 -9999 -9999 -9999 -9999 -9999 -9999 29.4166736602783 27.9199695587158 -9999 -9999 -9999 27.230001449585 27.705020904541 25.5392570495605 22.6924362182617 23.0097751617432 26.247241973877 29.2044925689697 30.9890155792236 32.6462249755859 34.0346755981445 34.8987083435059 35.1218032836914 35.2678833007812 35.3578681945801 35.4537239074707 35.5520057678223 35.7180976867676 35.8975219726562 35.9984130859375 36.0991706848145 36.2270011901855 36.3120155334473 36.246467590332 36.2126007080078 36.2375679016113 36.2624626159668 36.287281036377 36.2667503356934 36.2168846130371 35.9980506896973 35.7185287475586 35.5060043334961
31.8483352661133 31.8382244110107 -9999 -9999 -9999 -9999 -9999 -9999 -9999 -9999 30.1933155059814 29.5180644989014 27.9199695587158 -9999 -9999 26.690767288208 27.5761795043945 28.8481159210205 27.0632343292236 25.3544979095459 27.8105888366699 30.0699520111084 31.5059871673584 32.9080963134766 34.2385787963867 35.1275787353516 35.4769859313965 35.6642456054688 35.7333946228027 35.795280456543 35.8541641235352 35.9032821655273 35.9504852294922 36.0720024108887 36.1941452026367 36.295482635498 36.358154296875 36.2849006652832 36.2295532226562 36.207462310791 36.2453346252441 36.3485298156738 36.3513221740723 36.2891464233398 36.1547393798828 35.9943885803223 35.6700477600098
31.8483352661133 31.818000793457 31.7747955322266 31.619270324707 -9999 -9999 -9999 -9999 -9999 -9999 -9999 30.3979339599609 29.5038681030273 27.9199695587158 27.4230556488037 26.690767288208 27.5761795043945 28.8481159210205 28.3753242492676 27.9439449310303 29.8599033355713 31.5664138793945 32.3963661193848 33.401180267334 34.7751388549805 35.609806060791 35.7853469848633 35.8759346008301 35.9046363830566 35.9566955566406 36.018424987793 36.0791625976562 36.1397094726562 36.2985534667969 36.4300956726074 36.2593231201172 36.154167175293 36.2797203063965 36.3424491882324 36.2885055541992 36.2881546020508 36.3461990356445 36.3495330810547 36.3174591064453 36.2581558227539 36.1890754699707 35.8252716064453
31.9111080169678 31.8481750488281 31.8070220947266 31.6259880065918 -9999 -9999 -9999 -9999 29.7752895355225 29.8629493713379 30.1563377380371 30.7321681976318 30.3052959442139 29.0580425262451 28.2246875762939 27.5873851776123 28.3065204620361 29.3497562408447 29.7229232788086 30.1215267181396 31.5603866577148 32.8333435058594 33.4119758605957 34.1895751953125 35.3872032165527 36.0395965576172 36.0256004333496 35.9812774658203 35.9148635864258 35.925407409668 35.9678230285645 36.0229301452637 36.0805282592773 36.2457504272461 36.3713264465332 36.0707130432129 35.8945732116699 36.1560897827148 36.3135414123535 36.2777214050293 36.278205871582 36.3182525634766 36.3305282592773 36.3248405456543 36.3219146728516 36.3199844360352 36.0006256103516
32.1308135986328 31.9753322601318 31.8178272247314 31.6259880065918 31.4248027801514 31.0661773681641 30.6772022247314 30.133846282959 29.7752895355225 29.8629493713379 30.1563377380371 30.7321681976318 31.0635871887207 31.1950397491455 31.0304355621338 30.7255954742432 30.8627548217773 31.1055202484131 31.159294128418 31.2694244384766 32.3887748718262 33.526424407959 34.7406578063965 35.7162475585938 36.1880340576172 36.3382873535156 36.0955696105957 35.820743560791 35.5225372314453 35.4123649597168 35.3800659179688 35.3863945007324 35.400318145752 35.4945335388184 35.5757522583008 35.5009613037109 35.4959564208984 35.736328125 35.9301109313965 36.0373725891113 36.1363334655762 36.2262496948242 36.268497467041 36.2799034118652 36.2865295410156 36.2914390563965 36.2263069152832
32.5933151245117 32.3162498474121 32.0016136169434 31.7865142822266 31.5772399902344 31.2501430511475 30.9063472747803 30.4776096343994 30.2359485626221 30.4459991455078 30.796501159668 31.3398246765137 32.1046524047852 33.0507125854492 33.3519515991211 33.3477516174316 33.193489074707 33.0033683776855 32.902229309082 32.8642234802246 33.6562042236328 34.518383026123 35.6743583679199 36.4396934509277 36.3803520202637 36.2075614929199 35.896110534668 35.5653800964355 35.2206115722656 35.0768165588379 35.0162506103516 35.0007400512695 34.994083404541 35.044490814209 35.0977745056152 35.1585273742676 35.2548027038574 35.4759788513184 35.6789016723633 35.8479309082031 35.9990043640137 36.1305122375488 36.2140655517578 36.2665939331055 36.2769393920898 36.2721328735352 36.3461570739746
33.399097442627 32.9593811035156 32.4299659729004 32.173999786377 31.9451961517334 31.6942005157471 31.4594573974609 31.3073921203613 31.3478946685791 31.8533744812012 32.3417358398438 32.8065986633301 33.5455093383789 34.5086402893066 34.9888458251953 35.2402992248535 35.2054100036621 35.1021003723145 35.0785827636719 35.0908622741699 35.5443572998047 35.9329032897949 36.0496253967285 36.0275230407715 35.7123527526855 35.4697151184082 35.3157272338867 35.1759414672852 35.0464973449707 34.9922103881836 34.969051361084 34.9697799682617 34.9752006530762 35.0202484130859 35.0688209533691 35.1374778747559 35.236270904541 35.4410095214844 35.614631652832 35.7304573059082 35.868091583252 36.0294876098633 36.1703834533691 36.2980117797852 36.3038291931152 36.2658843994141 36.3163833618164
34.3089370727539 33.8491287231445 33.2878341674805 32.9604301452637 32.6623077392578 32.5082740783691 32.4015121459961 32.5351905822754 32.781177520752 33.29833984375 33.7393226623535 34.0757217407227 34.6810302734375 35.50634765625 35.9713478088379 36.2656784057617 36.2892684936523 36.2481727600098 36.2643089294434 36.2857284545898 36.3268089294434 36.292610168457 35.9433822631836 35.6041145324707 35.2858772277832 35.0832481384277 35.0219192504883 34.9831619262695 34.9608383178711 34.9511756896973 34.9467506408691 34.9547576904297 34.9652099609375 35.0067291259766 35.0512733459473 35.1141586303711 35.2013854980469 35.3742179870605 35.5257949829102 35.6378936767578 35.782642364502 35.9629669189453 36.1229934692383 36.2698860168457 36.2991752624512 36.2862205505371 36.3027305603027
35.3064155578613 34.9465560913086 34.5074005126953 34.0828247070312 33.6734466552734 33.6339492797852 33.6711006164551 34.0981712341309 34.4850654602051 34.7749633789062 35.0125732421875 35.1784019470215 35.5594139099121 36.1164894104004 36.402774810791 36.560791015625 36.5915870666504 36.591983795166 36.6158065795898 36.6117286682129 36.1781234741211 35.7640419006348 35.4316558837891 35.1712493896484 35.0627975463867 34.9926910400391 34.9694442749023 34.9559898376465 34.9496688842773 34.9468231201172 34.9454193115234 34.9531631469727 34.9626998901367 35.0022315979004 35.0433311462402 35.0889205932617 35.1527328491211 35.2806243896484 35.4162673950195 35.5663108825684 35.735481262207 35.9254989624023 36.0724830627441 36.1916160583496 36.2679634094238 36.3289375305176 36.3026542663574
35.902027130127 35.6886711120605 35.4272537231445 35.0752944946289 34.7266883850098 34.718879699707 34.7691116333008 35.1146011352539 35.403694152832 35.5566024780273 35.703125 35.8408813476562 36.0881233215332 36.4249458312988 36.4895095825195 36.4251098632812 36.374626159668 36.3274688720703 36.3413009643555 36.3279991149902 35.8586921691895 35.4324569702148 35.1864624023438 35.0093421936035 34.9776191711426 34.9569625854492 34.949836730957 34.9463844299316 34.9455986022949 34.945182800293 34.9449195861816 34.9503860473633 34.9569778442383 34.991340637207 35.0266151428223 35.0607528686523 35.1082077026367 35.2024803161621 35.3127593994141 35.4527702331543 35.6134033203125 35.7965126037598 35.9504432678223 36.0854988098145 36.1967544555664 36.2994613647461 36.3033599853516
36.3009757995605 36.2569046020508 36.2004432678223 36.0041809082031 35.8005332946777 35.7838706970215 35.7831611633301 35.8635711669922 35.9380378723145 35.9981384277344 36.1085243225098 36.2879409790039 36.4457092285156 36.5857696533203 36.4075622558594 36.0786056518555 35.9035415649414 35.765251159668 35.7604522705078 35.7458839416504 35.4557037353516 35.197265625 35.0717010498047 34.9800338745117 34.9599189758301 34.948070526123 34.9463195800781 34.945369720459 34.9450073242188 34.9448699951172 34.94482421875 34.9470329284668 34.9496841430664 34.9773178100586 35.0055999755859 35.0311508178711 35.0657005310059 35.131893157959 35.2121925354004 35.3186950683594 35.454662322998 35.6227340698242 35.7934036254883 35.9657516479492 36.1059722900391 36.2346496582031 36.3044509887695
36.495044708252 36.4957847595215 36.4939346313477 36.3974533081055 36.2947540283203 36.285758972168 36.2808990478516 36.2970695495605 36.3173027038574 36.3473434448242 36.4111137390137 36.521183013916 36.6106567382812 36.6832847595215 36.4319534301758 36.0271682739258 35.7067947387695 35.4065856933594 35.3825454711914 35.3681449890137 35.2179222106934 35.0833053588867 35.0140075683594 34.9633827209473 34.9521675109863 34.9457855224609 34.9453048706055 34.9450073242188 34.9448432922363 34.9447975158691 34.9448013305664 34.9456977844238 34.9467697143555 34.961856842041 34.9773597717285 34.991813659668 35.0142822265625 35.0649337768555 35.1226425170898 35.1934509277344 35.2869567871094 35.4051856994629 35.5381355285645 35.6806182861328 35.8214073181152 35.9615898132324 36.1428985595703
