Ecospace-environmental-drivers/Outputs/ASCII-for-ecospace/MOM6-ISIMIP3a/so-bot/2006-12_so-bot_MOM6-ISIMIP3a.asc
NCOLS 131 
NROWS 53 
XLLCORNER -98 
YLLCORNER 23.9265270233154 
CELLSIZE 0.133587792515755 
NODATA_value -9999 
[rows 21 to 41 of 53, columns 47 to 93 of 131]
36.2947311401367 36.3122138977051 36.3302917480469 36.3362045288086 36.341194152832 36.3548698425293 36.3664817810059 36.3676071166992 36.3730125427246 36.3887596130371 36.4145927429199 36.4542617797852 36.5495147705078 36.6902389526367 36.4469146728516 36.0216789245605 35.5618476867676 35.09375 35.0518569946289 35.0387802124023 35.018928527832 34.9975852966309 34.9699974060059 34.9502410888672 34.947021484375 34.9451446533203 34.9449081420898 34.9448051452637 34.9448013305664 34.9448013305664 34.9448013305664 34.9448776245117 34.9449691772461 34.9462127685547 34.9476165771484 34.9501533508301 34.9614181518555 35.0033721923828 35.0435600280762 35.0804634094238 35.126293182373 35.1818466186523 35.2650260925293 35.3660850524902 35.5087890625 35.6664543151855 35.9771614074707
36.4505310058594 36.4810256958008 36.5160217285156 36.5243759155273 36.5302619934082 36.5431289672852 36.5479316711426 36.5117111206055 36.4888648986816 36.4983062744141 36.4387130737305 36.2843437194824 36.201530456543 36.1772613525391 35.9460601806641 35.6168441772461 35.3324356079102 35.0587348937988 35.0166320800781 34.991756439209 34.9860191345215 34.9779853820801 34.9603462219238 34.9477920532227 34.945987701416 34.9449462890625 34.9448394775391 34.9447898864746 34.9447860717773 34.9447898864746 34.9447937011719 34.9447937011719 34.9447937011719 34.9448585510254 34.9449996948242 34.9458312988281 34.9510307312012 34.9715881347656 34.9914474487305 35.0100173950195 35.0392799377441 35.0801963806152 35.1332778930664 35.1942329406738 35.2964935302734 35.4135971069336 35.6783981323242
36.5715217590332 36.6091461181641 36.6535224914551 36.662410736084 36.6677742004395 36.6760711669922 36.6716651916504 36.6026382446289 36.5541687011719 36.5553359985352 36.4134712219238 36.0752372741699 35.8199195861816 35.632438659668 35.4219779968262 35.200626373291 35.1064376831055 35.0426292419434 35.0024261474609 34.9662895202637 34.9657783508301 34.9634323120117 34.9534149169922 34.9463043212891 34.9453277587891 34.9447898864746 34.9447937011719 34.9447860717773 34.9447746276855 34.9447746276855 34.9447860717773 34.9447784423828 34.9447746276855 34.9447860717773 34.9447937011719 34.9447860717773 34.9447860717773 34.9448127746582 34.9458084106445 34.948600769043 34.9639892578125 34.9931030273438 35.0182456970215 35.0408248901367 35.1019554138184 35.1769332885742 35.3830223083496
36.2548561096191 36.1855850219727 36.0947914123535 36.088306427002 36.0876159667969 36.0105209350586 35.9410629272461 35.9104499816895 35.8663711547852 35.7897720336914 35.681324005127 35.5291519165039 35.4141883850098 35.3296661376953 35.2214698791504 35.1020545959473 35.0476188659668 35.0087127685547 34.9834175109863 34.9604873657227 34.9583473205566 34.9555816650391 34.9502143859863 34.9462661743164 34.9453163146973 34.9447898864746 34.9447860717773 34.9447784423828 34.9447708129883 34.9447746276855 34.9447860717773 34.9447975158691 34.9448127746582 34.9448127746582 34.9448127746582 34.9448013305664 34.9447937011719 34.9448013305664 34.9452476501465 34.9464988708496 34.9534072875977 34.9664764404297 34.9777488708496 34.987865447998 35.0298957824707 35.0833930969238 35.2184104919434
35.8966407775879 35.755054473877 35.5733833312988 35.555793762207 35.5503158569336 35.418327331543 35.308162689209 35.3089828491211 35.2726135253906 35.1464309692383 35.0731163024902 35.0723838806152 35.0716094970703 35.07080078125 35.047908782959 35.0145568847656 34.9944610595703 34.9775276184082 34.9656753540039 34.9547119140625 34.9515686035156 34.9487571716309 34.9473304748535 34.9460945129395 34.945255279541 34.9447898864746 34.9447784423828 34.9447746276855 34.9447708129883 34.9447746276855 34.9447860717773 34.9448127746582 34.9448471069336 34.9448394775391 34.9448356628418 34.9448165893555 34.9448051452637 34.9447975158691 34.9447937011719 34.9447975158691 34.9447975158691 34.9448013305664 34.9447860717773 34.944751739502 34.9686050415039 35.001033782959 35.0719833374023
35.3562698364258 35.2939987182617 35.2156143188477 35.2056617736816 35.2009239196777 35.1477890014648 35.1036529541016 35.1052932739258 35.091178894043 35.0390129089355 35.0083694458008 35.0072708129883 35.0059471130371 35.0044326782227 34.992504119873 34.9756355285645 34.9661064147949 34.958324432373 34.953483581543 34.9490509033203 34.9476623535156 34.9464302062988 34.9458312988281 34.9453163146973 34.9449729919434 34.9447784423828 34.944766998291 34.944766998291 34.9447708129883 34.9447860717773 34.9448013305664 34.9448280334473 34.9448623657227 34.9448585510254 34.9448547363281 34.9448394775391 34.94482421875 34.9448165893555 34.9448165893555 34.9448280334473 34.9448432922363 34.9448547363281 34.9448509216309 34.9448356628418 34.9545288085938 34.9677124023438 35.005298614502
34.9795608520508 34.9728546142578 34.9664459228516 34.9624786376953 34.9589195251465 34.9596939086914 34.9606513977051 34.9625396728516 34.9635276794434 34.962345123291 34.9611587524414 34.9599685668945 34.9584312438965 34.9566078186035 34.952880859375 34.9482498168945 34.9463500976562 34.9450988769531 34.9450645446777 34.9451026916504 34.9449501037598 34.9448204040527 34.9447975158691 34.9447784423828 34.9447746276855 34.9447708129883 34.9447631835938 34.944766998291 34.9447784423828 34.9447975158691 34.9448204040527 34.9448432922363 34.9448738098145 34.9448699951172 34.9448661804199 34.9448547363281 34.9448394775391 34.9448318481445 34.9448356628418 34.9448585510254 34.944881439209 34.9449081420898 34.9449157714844 34.9449119567871 34.9449005126953 34.944881439209 34.9571647644043
34.9599494934082 34.9569854736328 34.9542350769043 34.9526405334473 34.9512214660645 34.9514770507812 34.9518356323242 34.9527282714844 34.9532241821289 34.9527702331543 34.9522171020508 34.9515190124512 34.9505043029785 34.9492225646973 34.9476852416992 34.9460258483887 34.9453506469727 34.9449119567871 34.944896697998 34.9449043273926 34.9448394775391 34.9447822570801 34.9447746276855 34.944766998291 34.944766998291 34.944766998291 34.944766998291 34.9447784423828 34.9447937011719 34.9448204040527 34.9448471069336 34.9448623657227 34.9448699951172 34.9448699951172 34.9448661804199 34.9448509216309 34.9448394775391 34.9448394775391 34.9448509216309 34.9448776245117 34.9449157714844 34.9449615478516 34.9449806213379 34.9449806213379 34.9449691772461 34.9449501037598 34.9495162963867
34.9481582641602 34.9474639892578 34.9469032287598 34.9466857910156 34.9465103149414 34.9465065002441 34.9465522766113 34.9468421936035 34.947021484375 34.9469261169434 34.9467163085938 34.9463500976562 34.9457740783691 34.9450302124023 34.9447898864746 34.9447860717773 34.9447937011719 34.9448013305664 34.9447937011719 34.9447860717773 34.9447708129883 34.9447631835938 34.9447593688965 34.9447593688965 34.9447631835938 34.944766998291 34.9447784423828 34.9447937011719 34.9448127746582 34.9448394775391 34.9448661804199 34.9448738098145 34.9448699951172 34.9448699951172 34.9448661804199 34.9448547363281 34.9448471069336 34.9448547363281 34.9448776245117 34.9449157714844 34.9449615478516 34.9450149536133 34.9450378417969 34.9450378417969 34.9450263977051 34.9450073242188 34.9452133178711
34.9462127685547 34.945930480957 34.9457054138184 34.9456253051758 34.9455642700195 34.945629119873 34.9457130432129 34.9458999633789 34.9459686279297 34.9457664489746 34.9455413818359 34.9452972412109 34.945068359375 34.9448547363281 34.9447860717773 34.9447822570801 34.9447822570801 34.9447822570801 34.9447746276855 34.944766998291 34.9447631835938 34.9447593688965 34.9447631835938 34.9447631835938 34.944766998291 34.9447784423828 34.9447937011719 34.9448089599609 34.9448280334473 34.9448509216309 34.9448738098145 34.9448776245117 34.9448776245117 34.9448699951172 34.9448661804199 34.9448585510254 34.9448585510254 34.944881439209 34.9449157714844 34.9449653625488 34.9450187683105 34.945068359375 34.9450836181641 34.9450759887695 34.9450645446777 34.9450492858887 34.9451217651367
34.9452819824219 34.9451789855957 34.9450874328613 34.945068359375 34.9450607299805 34.9451179504395 34.9451866149902 34.9452781677246 34.9452934265137 34.9451103210449 34.9449577331543 34.9448471069336 34.9448051452637 34.9448165893555 34.9448204040527 34.9448204040527 34.9448089599609 34.9448013305664 34.9447860717773 34.9447708129883 34.944766998291 34.944766998291 34.944766998291 34.9447708129883 34.9447746276855 34.9447860717773 34.9448051452637 34.9448204040527 34.9448394775391 34.9448585510254 34.944881439209 34.9448852539062 34.9448890686035 34.9448852539062 34.9448776245117 34.9448776245117 34.9448852539062 34.9449157714844 34.944953918457 34.945011138916 34.9450645446777 34.9451141357422 34.945125579834 34.9451065063477 34.9450988769531 34.9450874328613 34.9450988769531
34.9451141357422 34.945011138916 34.9449005126953 34.9448928833008 34.9448928833008 34.9448890686035 34.9448890686035 34.9449043273926 34.9448928833008 34.9448318481445 34.9448127746582 34.9448509216309 34.9448738098145 34.9448890686035 34.9448890686035 34.9448852539062 34.9448661804199 34.9448432922363 34.9448165893555 34.9447937011719 34.9447822570801 34.9447746276855 34.9447746276855 34.9447746276855 34.9447860717773 34.9447975158691 34.9448127746582 34.9448280334473 34.9448432922363 34.9448623657227 34.9448852539062 34.944896697998 34.9449043273926 34.9449043273926 34.9449005126953 34.9449081420898 34.9449195861816 34.9449501037598 34.9449920654297 34.9450531005859 34.9451065063477 34.9451522827148 34.9451599121094 34.9451370239258 34.9451293945312 34.9451217651367 34.9451293945312
34.9449577331543 34.9448928833008 34.9448165893555 34.9448089599609 34.9448051452637 34.9447898864746 34.9447822570801 34.9448204040527 34.9448471069336 34.9448394775391 34.9449043273926 34.9450645446777 34.9451217651367 34.9450950622559 34.945068359375 34.9450454711914 34.9449996948242 34.9449501037598 34.9449043273926 34.9448585510254 34.94482421875 34.9447937011719 34.9447860717773 34.9447860717773 34.9447937011719 34.9448051452637 34.9448204040527 34.9448318481445 34.9448432922363 34.9448661804199 34.944896697998 34.9449119567871 34.9449272155762 34.9449310302734 34.9449348449707 34.9449424743652 34.944953918457 34.9449768066406 34.945011138916 34.9450645446777 34.9451179504395 34.9451713562012 34.945182800293 34.9451713562012 34.9451637268066 34.9451599121094 34.9451599121094
34.9448127746582 34.9447937011719 34.9447784423828 34.944766998291 34.9447555541992 34.9447441101074 34.9447555541992 34.9448661804199 34.9449501037598 34.9449691772461 34.9450950622559 34.945369720459 34.9454460144043 34.9453582763672 34.9452972412109 34.9452514648438 34.9451713562012 34.9450836181641 34.9450149536133 34.9449462890625 34.9448738098145 34.9448127746582 34.9448013305664 34.9447937011719 34.9448013305664 34.9448127746582 34.94482421875 34.9448318481445 34.9448432922363 34.9448699951172 34.9449043273926 34.9449272155762 34.9449501037598 34.9449615478516 34.9449729919434 34.9449806213379 34.9449882507324 34.9450035095215 34.9450263977051 34.945068359375 34.9451217651367 34.9451789855957 34.9452018737793 34.9452018737793 34.945198059082 34.9451942443848 34.9451904296875
34.9447784423828 34.9447708129883 34.944766998291 34.9447555541992 34.9447441101074 34.9447326660156 34.9447898864746 34.9452056884766 34.9455070495605 34.9455261230469 34.9455986022949 34.9457359313965 34.9457397460938 34.9456329345703 34.9455528259277 34.9454879760742 34.9453811645508 34.9452629089355 34.9451599121094 34.9450607299805 34.9449844360352 34.9449157714844 34.9448852539062 34.9448661804199 34.9448623657227 34.9448585510254 34.9448623657227 34.9448661804199 34.9448738098145 34.944896697998 34.9449272155762 34.944953918457 34.9449844360352 34.9450035095215 34.9450225830078 34.9450302124023 34.9450340270996 34.9450416564941 34.9450569152832 34.9450798034668 34.9451217651367 34.9451751708984 34.9452095031738 34.9452285766602 34.9452247619629 34.9452209472656 34.9452133178711
34.944766998291 34.944766998291 34.9447631835938 34.944751739502 34.9447402954102 34.9447250366211 34.9448356628418 34.9456062316895 34.9461555480957 34.946174621582 34.9461631774902 34.9461135864258 34.9460258483887 34.9459075927734 34.9458122253418 34.945728302002 34.9455986022949 34.9454536437988 34.9453163146973 34.945182800293 34.9451026916504 34.9450302124023 34.9449882507324 34.9449501037598 34.9449272155762 34.9449157714844 34.9449119567871 34.9449081420898 34.9449081420898 34.9449272155762 34.944953918457 34.9449844360352 34.9450187683105 34.9450454711914 34.9450721740723 34.9450798034668 34.9450836181641 34.9450874328613 34.9450874328613 34.9450912475586 34.9451179504395 34.9451713562012 34.9452133178711 34.9452476501465 34.9452514648438 34.9452438354492 34.9452323913574
34.9449310302734 34.944953918457 34.9449348449707 34.9449119567871 34.9449043273926 34.9453125 34.945743560791 34.9462547302246 34.9466094970703 34.9465866088867 34.9465103149414 34.9463691711426 34.9462432861328 34.9461326599121 34.9460258483887 34.9459266662598 34.9457931518555 34.9456481933594 34.9455184936523 34.9453887939453 34.9452972412109 34.9452133178711 34.9451637268066 34.9451179504395 34.9450874328613 34.9450645446777 34.9450492858887 34.9450378417969 34.9450263977051 34.9450378417969 34.9450645446777 34.9450950622559 34.9451293945312 34.9451522827148 34.9451713562012 34.9451713562012 34.9451675415039 34.9451599121094 34.9451522827148 34.9451484680176 34.9451599121094 34.9451866149902 34.9452209472656 34.9452590942383 34.9452629089355 34.945255279541 34.9452476501465
34.9451484680176 34.9451942443848 34.9451713562012 34.945140838623 34.9451370239258 34.9459342956543 34.9466400146484 34.9468765258789 34.9470291137695 34.946964263916 34.946834564209 34.9466171264648 34.9464569091797 34.9463424682617 34.9462242126465 34.9461097717285 34.9459762573242 34.9458389282227 34.9457130432129 34.9455909729004 34.9454879760742 34.9453926086426 34.9453353881836 34.9452857971191 34.9452438354492 34.9452133178711 34.9451904296875 34.9451675415039 34.9451446533203 34.9451522827148 34.9451751708984 34.9452056884766 34.9452362060547 34.9452514648438 34.9452667236328 34.9452590942383 34.9452476501465 34.9452362060547 34.9452209472656 34.9452018737793 34.945198059082 34.9452095031738 34.9452323913574 34.9452705383301 34.9452743530273 34.9452667236328 34.9452590942383
34.9458312988281 34.945915222168 34.9459686279297 34.9459991455078 34.9460411071777 34.9465713500977 34.9470291137695 34.947135925293 34.9471893310547 34.9471244812012 34.9470252990723 34.9468841552734 34.9466857910156 34.9464416503906 34.9462928771973 34.9461898803711 34.9460716247559 34.9459495544434 34.9458312988281 34.9457168579102 34.9456100463867 34.9455108642578 34.9454460144043 34.9453926086426 34.9453582763672 34.9453277587891 34.9453048706055 34.9452781677246 34.9452514648438 34.9452476501465 34.9452514648438 34.9452705383301 34.9452896118164 34.9453010559082 34.9453086853027 34.9453086853027 34.9453048706055 34.9452934265137 34.9452781677246 34.945255279541 34.9452476501465 34.9452476501465 34.9452590942383 34.9452819824219 34.9452819824219 34.9452743530273 34.9452629089355
34.9463958740234 34.9465293884277 34.946662902832 34.9467430114746 34.9468269348145 34.9471130371094 34.9473495483398 34.9473457336426 34.9473190307617 34.9472503662109 34.9471778869629 34.9470977783203 34.9468879699707 34.9465789794922 34.946418762207 34.9463310241699 34.9462242126465 34.9461135864258 34.9459953308105 34.9458770751953 34.9457626342773 34.9456520080566 34.9455757141113 34.9455146789551 34.9454765319824 34.9454460144043 34.9454193115234 34.9453926086426 34.9453582763672 34.9453430175781 34.9453277587891 34.9453315734863 34.9453353881836 34.9453392028809 34.9453430175781 34.9453468322754 34.9453506469727 34.9453430175781 34.9453315734863 34.9453048706055 34.9452896118164 34.9452819824219 34.9452857971191 34.9452934265137 34.9452896118164 34.9452743530273 34.9452629089355
34.9465446472168 34.9467315673828 34.9469604492188 34.9470748901367 34.9471740722656 34.9473075866699 34.9474105834961 34.9473838806152 34.9473419189453 34.9472732543945 34.9472007751465 34.9471282958984 34.9470100402832 34.9468574523926 34.9467582702637 34.9466857910156 34.9465827941895 34.946475982666 34.9463310241699 34.9461822509766 34.9460296630859 34.9458885192871 34.9457817077637 34.9456939697266 34.9456405639648 34.9455947875977 34.9455604553223 34.9455184936523 34.9454689025879 34.9454307556152 34.9453964233398 34.945369720459 34.9453468322754 34.9453392028809 34.9453353881836 34.9453430175781 34.9453544616699 34.9453659057617 34.9453659057617 34.9453392028809 34.9453201293945 34.9453048706055 34.9453010559082 34.9453010559082 34.9452896118164 34.9452743530273 34.945255279541
