Ecospace-environmental-drivers/Outputs/ASCII-for-ecospace/MOM6-ISIMIP3a/so-bot/2006-03_so-bot_MOM6-ISIMIP3a.asc
NCOLS 131 
NROWS 53 
XLLCORNER -98 
YLLCORNER 23.9265270233154 
CELLSIZE 0.133587792515755 
NODATA_value -9999 
[rows 21 to 41 of 53, columns 0 to 46 of 131]
-9999 -9999 -9999 -9999 -9999 -9999 35.83154296875 35.8069343566895 35.7415962219238 35.6344108581543 35.5386619567871 35.3754463195801 35.3743667602539 35.3711547851562 35.3762626647949 35.3909606933594 35.4589233398438 35.5634613037109 35.6706771850586 35.7789306640625 35.8663063049316 35.9499969482422 36.0287857055664 36.1068077087402 36.1793441772461 36.2497062683105 36.3130378723145 36.3732719421387 36.4281044006348 36.474796295166 36.5131187438965 36.5397758483887 36.559326171875 36.5699768066406 36.5776634216309 36.5665016174316 36.5525321960449 36.5099449157715 36.4670791625977 36.4224395751953 36.3895072937012 36.3891448974609 36.3972587585449 36.4184608459473 36.444938659668 36.4762573242188 36.4936676025391
-9999 -9999 -9999 -9999 -9999 -9999 35.8361892700195 35.83154296875 35.7823257446289 35.7181015014648 35.6344108581543 35.6061248779297 35.6140213012695 35.6935081481934 35.7620544433594 35.8179702758789 35.8867568969727 35.9643745422363 36.061206817627 36.1654586791992 36.2369728088379 36.3027076721191 36.3475685119629 36.3915100097656 36.4315643310547 36.4703598022461 36.5050735473633 36.5382461547852 36.5687370300293 36.5946273803711 36.6157836914062 36.6309700012207 36.642520904541 36.6497650146484 36.655574798584 36.6504859924316 36.6438217163086 36.6271667480469 36.6094665527344 36.5851020812988 36.5660400390625 36.5617523193359 36.561637878418 36.5679740905762 36.5783424377441 36.592414855957 36.5984725952148
-9999 -9999 -9999 -9999 35.8690605163574 35.8514785766602 35.8392791748047 35.8377456665039 35.83154296875 35.7331085205078 35.6733474731445 35.7616157531738 35.8737678527832 36.0331840515137 36.1609840393066 36.2523040771484 36.3143157958984 36.3562049865723 36.4363059997559 36.5311622619629 36.585277557373 36.6322021484375 36.6374168395996 36.642204284668 36.6510047912598 36.6592674255371 36.6657829284668 36.6742897033691 36.686279296875 36.6947402954102 36.6995735168457 36.7035751342773 36.7070693969727 36.7112159729004 36.715576171875 36.7144660949707 36.7126617431641 36.7195434570312 36.7246704101562 36.7186088562012 36.7111320495605 36.6997032165527 36.6904678344727 36.6846122741699 36.6806488037109 36.6784248352051 36.6743698120117
-9999 -9999 -9999 -9999 35.9075584411621 35.8779220581055 35.8636779785156 35.8392791748047 35.842414855957 35.8823089599609 35.9379768371582 36.0540237426758 36.1760787963867 36.3100204467773 36.4126892089844 36.4792785644531 36.5218963623047 36.5480537414551 36.5939750671387 36.647533416748 36.6711921691895 36.6895790100098 36.5850257873535 36.4906806945801 36.5037994384766 36.5145988464355 36.5178756713867 36.5572509765625 36.6596221923828 36.7181663513184 36.7316131591797 36.735782623291 36.734302520752 36.7336502075195 36.7332725524902 36.732852935791 36.7323913574219 36.7270851135254 36.7131805419922 36.6445198059082 36.5618324279785 36.440113067627 36.3662261962891 36.3662605285645 36.3661918640137 36.366024017334 36.3674240112305
-9999 -9999 -9999 -9999 -9999 35.9075584411621 35.9011764526367 35.8880729675293 35.8810043334961 36.0315551757812 36.1791572570801 36.3154640197754 36.4426231384277 36.5516700744629 36.6200332641602 36.6414527893066 36.6253623962402 36.5835151672363 36.573616027832 36.5760536193848 36.571475982666 36.5656623840332 36.3909454345703 36.2332344055176 36.2480697631836 36.2594146728516 36.2594299316406 36.317081451416 36.4753074645996 36.5656776428223 36.5862274169922 36.5926856994629 36.5905532836914 36.587230682373 36.5835075378418 36.5836524963379 36.5842170715332 36.5683860778809 36.5398483276367 36.4304161071777 36.299373626709 36.1081619262695 35.9938659667969 35.9984321594238 36.0011978149414 36.0023078918457 36.0066375732422
-9999 -9999 -9999 -9999 -9999 35.9228057861328 35.9075584411621 35.9697914123535 36.0411376953125 36.1809997558594 36.317497253418 36.441104888916 36.5523338317871 36.6390609741211 36.6328735351562 36.5194816589355 36.2723159790039 35.9332847595215 35.772647857666 35.6808929443359 35.6578102111816 35.646842956543 35.5755920410156 35.5113487243652 35.516487121582 35.5196304321289 35.5162925720215 35.5370101928711 35.5997009277344 35.6418647766113 35.6629028320312 35.6809196472168 35.697093963623 35.7004203796387 35.699462890625 35.6996231079102 35.6998023986816 35.6807479858398 35.6568908691406 35.6024169921875 35.5407257080078 35.458927154541 35.4105033874512 35.4136657714844 35.4146308898926 35.41357421875 35.4097595214844
-9999 -9999 35.9592514038086 35.9542655944824 35.9481735229492 35.9380722045898 35.9227867126465 36.0516700744629 36.1874389648438 36.3150024414062 36.4385566711426 36.5467720031738 36.6381912231445 36.6963920593262 36.5922355651855 36.3007469177246 35.9007797241211 35.4263191223145 35.1945037841797 35.0563850402832 35.0241622924805 35.0106315612793 35.0099067687988 35.0093803405762 35.0081596374512 35.0060653686523 35.0011405944824 34.9972610473633 34.9952049255371 35.0038070678711 35.023380279541 35.0459022521973 35.0702171325684 35.0769691467285 35.0778694152832 35.0779876708984 35.0778656005859 35.0587272644043 35.040111541748 35.0247993469238 35.0120010375977 35.0061950683594 35.0028114318848 35.0031585693359 35.0021743774414 34.9999694824219 34.9920845031738
-9999.000000000000000 -9999 -9999 -9999 35.9765548706055 35.9582748413086 35.967586517334 36.1339073181152 36.3035545349121 36.4153099060059 36.5219230651855 36.6088485717773 36.6720085144043 36.6881523132324 36.4349250793457 35.8708915710449 35.4889030456543 35.2319412231445 35.1025390625 35.0223922729492 35.0014801025391 34.9910202026367 34.9889602661133 34.9872512817383 34.9869384765625 34.9860763549805 34.9834289550781 34.981876373291 34.9822235107422 34.9892311096191 35.0030860900879 35.0147132873535 35.0249824523926 35.028133392334 35.0289077758789 35.0288619995117 35.0286140441895 35.0162391662598 35.0041046142578 34.9934768676758 34.984935760498 34.9822158813477 34.9783935546875 34.9728622436523 34.9696159362793 34.9684600830078 34.965389251709
-9999 -9999 -9999 -9999 36.0163612365723 36.033317565918 36.0188102722168 36.1988334655762 36.3821144104004 36.4835472106934 36.5780181884766 36.6458282470703 36.6594123840332 36.5656967163086 36.2087631225586 35.5481147766113 35.2126274108887 35.1004447937012 35.039794921875 34.9990501403809 34.9840202331543 34.9735221862793 34.9711265563965 34.9691772460938 34.9694786071777 34.9695587158203 34.9689140319824 34.9690933227539 34.9706993103027 34.9761695861816 34.9856185913086 34.9903259277344 34.9921455383301 34.9923706054688 34.9920616149902 34.9917831420898 34.9914588928223 34.9846115112305 34.9777336120605 34.9706535339355 34.9651222229004 34.9639053344727 34.9604949951172 34.9536895751953 34.9501876831055 34.9497261047363 34.9493942260742
-9999 -9999 -9999 -9999 36.0454025268555 36.0574913024902 36.0724182128906 36.2419815063477 36.4134254455566 36.5114440917969 36.5998115539551 36.651237487793 36.5884208679199 36.2995529174805 35.8959808349609 35.3600578308105 35.1069488525391 35.0480613708496 35.0138244628906 34.9891090393066 34.9731292724609 34.9586944580078 34.9572143554688 34.9562072753906 34.9567527770996 34.9574089050293 34.958423614502 34.9595832824707 34.9610061645508 34.9650230407715 34.9717102050781 34.9744987487793 34.9749069213867 34.9730567932129 34.9704551696777 34.9698600769043 34.9695205688477 34.9666442871094 34.9634857177734 34.9585227966309 34.9544258117676 34.9527320861816 34.9508018493652 34.9485054016113 34.9472923278809 34.9470672607422 34.9468612670898
-9999 -9999 -9999 -9999 36.0574913024902 36.0755577087402 36.0967674255371 36.2674407958984 36.4409713745117 36.5426788330078 36.6308708190918 36.6673393249512 36.6033020019531 36.3403930664062 35.9223251342773 35.3252296447754 35.0567245483398 35.0138702392578 34.9905967712402 34.9748802185059 34.9625511169434 34.9508209228516 34.9500122070312 34.9496040344238 34.9505195617676 34.9516448974609 34.9534645080566 34.9549751281738 34.955940246582 34.9579277038574 34.9609642028809 34.9620933532715 34.9620590209961 34.9601211547852 34.9575462341309 34.9567184448242 34.9561309814453 34.9551849365234 34.9539909362793 34.9512023925781 34.9487457275391 34.9472045898438 34.9461708068848 34.9459114074707 34.9457473754883 34.9456672668457 34.9455451965332
-9999 -9999 -9999 -9999 36.0766067504883 36.0967674255371 36.2856750488281 36.2796287536621 36.465690612793 36.5764198303223 36.6688842773438 36.691463470459 36.6825904846191 36.6114768981934 36.2030220031738 35.4053268432617 35.0480880737305 34.9933280944824 34.969425201416 34.9574317932129 34.952205657959 34.9481658935547 34.9478454589844 34.9477729797363 34.9491500854492 34.9506683349609 34.9526557922363 34.9540328979492 34.9543418884277 34.9538688659668 34.9525909423828 34.9522552490234 34.9524993896484 34.951961517334 34.9511642456055 34.9501686096191 34.949146270752 34.9486083984375 34.9480667114258 34.9474906921387 34.9468231201172 34.9459075927734 34.9453277587891 34.9452629089355 34.9452209472656 34.9452018737793 34.945140838623
-9999 -9999 -9999 -9999 36.0967674255371 36.3390617370605 36.4329795837402 36.4988708496094 36.5017738342285 36.601490020752 36.6855354309082 36.7095985412598 36.7225761413574 36.7136154174805 36.3009796142578 35.4225616455078 35.0362701416016 34.9879455566406 34.9649848937988 34.9518203735352 34.9485244750977 34.9469680786133 34.946647644043 34.9464836120605 34.9473876953125 34.9483795166016 34.9496612548828 34.9505729675293 34.9508438110352 34.9501953125 34.948600769043 34.9481163024902 34.9483070373535 34.9482269287109 34.9480514526367 34.9472198486328 34.9463005065918 34.9460067749023 34.9457550048828 34.94580078125 34.9457092285156 34.9452362060547 34.9449462890625 34.944938659668 34.9449348449707 34.9449310302734 34.9449005126953
-9999 -9999 -9999 -9999 -9999 36.520263671875 36.5408210754395 36.5204391479492 36.542724609375 36.6228446960449 36.6930274963379 36.7251663208008 36.745719909668 36.7433547973633 36.3206214904785 35.4128494262695 35.0230827331543 34.9890556335449 34.967716217041 34.9512786865234 34.9477005004883 34.9463920593262 34.9458694458008 34.9454231262207 34.9454574584961 34.9455299377441 34.9457244873047 34.9460296630859 34.946533203125 34.9466896057129 34.9464874267578 34.9464149475098 34.9464225769043 34.9463844299316 34.9463348388672 34.9458160400391 34.9452362060547 34.9451065063477 34.9449920654297 34.9449806213379 34.9449462890625 34.9448280334473 34.9447555541992 34.944751739502 34.9447441101074 34.9447364807129 34.9447250366211
-9999 -9999 -9999 -9999 -9999 36.5934295654297 36.5869941711426 36.6031532287598 36.6041297912598 36.6618309020996 36.712963104248 36.7389488220215 36.7568397521973 36.7587089538574 36.3328170776367 35.4133567810059 35.0202178955078 34.9885292053223 34.9686164855957 34.953254699707 34.9487533569336 34.9461669921875 34.9455718994141 34.945068359375 34.9449806213379 34.9449310302734 34.9450149536133 34.9451522827148 34.945369720459 34.9454917907715 34.9455146789551 34.9455146789551 34.945499420166 34.945484161377 34.9454689025879 34.9452018737793 34.9449043273926 34.9448471069336 34.9447937011719 34.9447784423828 34.9447593688965 34.9447250366211 34.9447021484375 34.944694519043 34.9446868896484 34.9446792602539 34.9446716308594
-9999 -9999 -9999 -9999 -9999 36.6489944458008 36.6524696350098 36.637393951416 36.6697692871094 36.7044639587402 36.7354698181152 36.7523651123047 36.7654685974121 36.7710838317871 36.3434677124023 35.4159774780273 35.0194854736328 34.9876594543457 34.9691390991211 34.9557571411133 34.9501953125 34.9460182189941 34.9453735351562 34.9448623657227 34.9448013305664 34.9447975158691 34.9449806213379 34.9450302124023 34.9448547363281 34.9447708129883 34.9447784423828 34.9447822570801 34.9447746276855 34.9447746276855 34.9447784423828 34.944751739502 34.9447250366211 34.9447174072266 34.9447135925293 34.9447021484375 34.944694519043 34.9446830749512 34.9446716308594 34.9446640014648 34.9446563720703 34.9446487426758 34.9446411132812
-9999 -9999 -9999 -9999 -9999 -9999 36.7075233459473 36.7168579101562 36.7188339233398 36.7373275756836 36.7540245056152 36.7638664245605 36.7739677429199 36.784595489502 36.3603286743164 35.4342613220215 35.0343933105469 34.9958839416504 34.9748153686523 34.9604797363281 34.9524765014648 34.9455871582031 34.9450836181641 34.9447746276855 34.9449310302734 34.9451065063477 34.9453506469727 34.9454803466797 34.9454078674316 34.945369720459 34.9453582763672 34.9453582763672 34.9453582763672 34.9453620910645 34.945369720459 34.9453468322754 34.9453163146973 34.9450721740723 34.9448509216309 34.9447708129883 34.9447059631348 34.9446983337402 34.9446830749512 34.9446678161621 34.9446487426758 34.9446258544922 34.9446754455566
-9999 -9999 -9999 -9999 -9999 -9999 36.7530517578125 36.7683219909668 36.7639427185059 36.7675361633301 36.771125793457 36.774715423584 36.7817268371582 36.7955131530762 36.3742942810059 35.4511451721191 35.0486640930176 35.0037460327148 34.9801902770996 34.9648780822754 34.9545822143555 34.9451751708984 34.9448280334473 34.9447364807129 34.9451065063477 34.9454612731934 34.9457588195801 34.9459648132324 34.9460029602051 34.9460105895996 34.945987701416 34.9459838867188 34.9459915161133 34.9460029602051 34.9460144042969 34.9459800720215 34.9459381103516 34.9454803466797 34.9450607299805 34.9449081420898 34.9447937011719 34.9447822570801 34.944766998291 34.9447441101074 34.9447135925293 34.9446754455566 34.9447784423828
-9999 -9999 -9999 -9999 -9999 -9999 36.7783279418945 36.7739715576172 36.7747421264648 36.774097442627 36.774600982666 36.7795181274414 36.7816352844238 36.7782096862793 36.3544082641602 35.4455528259277 35.0486869812012 35.0034217834473 34.9798851013184 34.9647369384766 34.954475402832 34.9450721740723 34.9449691772461 34.9451179504395 34.9456443786621 34.946102142334 34.9463310241699 34.9464836120605 34.9465141296387 34.9465141296387 34.9464912414551 34.9465103149414 34.9465599060059 34.9465827941895 34.9465980529785 34.9465713500977 34.946533203125 34.9461975097656 34.9458885192871 34.9457397460938 34.9456253051758 34.9456176757812 34.9456024169922 34.9455757141113 34.9455490112305 34.9455261230469 34.9455757141113
-9999 -9999 -9999 -9999 -9999 36.8029365539551 36.790111541748 36.7926940917969 36.7824859619141 36.7789726257324 36.7775611877441 36.7841987609863 36.7675933837891 36.7049942016602 36.2738075256348 35.4173278808594 35.0430221557617 34.9998550415039 34.9773139953613 34.9627342224121 34.9534111022949 34.9450149536133 34.9451904296875 34.9455795288086 34.9461936950684 34.946704864502 34.9468841552734 34.9470062255859 34.947021484375 34.947021484375 34.9469947814941 34.9470329284668 34.9471015930176 34.9471321105957 34.947151184082 34.9471244812012 34.9470901489258 34.9468688964844 34.9466590881348 34.9465217590332 34.9464225769043 34.946418762207 34.946403503418 34.9463729858398 34.9463386535645 34.9462928771973 34.9462928771973
-9999 -9999 -9999 -9999 36.8149604797363 36.8056907653809 36.8029365539551 36.790843963623 36.7790069580078 36.7776641845703 36.7786293029785 36.7884254455566 36.7024002075195 36.4267654418945 35.970588684082 35.3060913085938 35.0165138244629 34.9844131469727 34.966438293457 34.953914642334 34.9488525390625 34.9451103210449 34.9456939697266 34.946346282959 34.9467887878418 34.9471740722656 34.947380065918 34.9475173950195 34.9475326538086 34.9475288391113 34.9475135803223 34.9475212097168 34.9475479125977 34.947566986084 34.9475784301758 34.9475479125977 34.9475059509277 34.9473648071289 34.9472312927246 34.947151184082 34.947093963623 34.9471015930176 34.9470901489258 34.9470596313477 34.9469528198242 34.94677734375 34.9467124938965
