Ecospace-environmental-drivers/Outputs/ASCII-for-ecospace/MOM6-ISIMIP3a/so-bot/2006-11_so-bot_MOM6-ISIMIP3a.asc
NCOLS 131 
NROWS 53 
XLLCORNER -98 
YLLCORNER 23.9265270233154 
CELLSIZE 0.133587792515755 
NODATA_value -9999 
[rows 21 to 41 of 53, columns 47 to 93 of 131]
36.5075492858887 36.5252342224121 36.5414886474609 36.5328330993652 36.5216789245605 36.5120277404785 36.5046920776367 36.5091285705566 36.5210456848145 36.5510330200195 36.5845832824707 36.6230239868164 36.6881332397461 36.7750625610352 36.4785194396973 36.0003356933594 35.5427322387695 35.0900459289551 35.0486793518066 35.0352478027344 35.0171356201172 34.9972457885742 34.9698905944824 34.9502792358398 34.9470100402832 34.9451141357422 34.9448928833008 34.9447975158691 34.9447898864746 34.9447937011719 34.9447975158691 34.9448623657227 34.9449424743652 34.9462585449219 34.9478302001953 34.951473236084 34.9635772705078 35.0054244995117 35.0464630126953 35.0860061645508 35.1355094909668 35.1958618164062 35.2869873046875 35.3980178833008 35.548828125 35.7139358520508 36.0146789550781
36.6567306518555 36.6711654663086 36.6856651306152 36.6823348999023 36.6772766113281 36.6748657226562 36.6612434387207 36.5905876159668 36.546314239502 36.5657424926758 36.5210952758789 36.3884887695312 36.2960777282715 36.2365608215332 35.9744262695312 35.6163215637207 35.3285331726074 35.0575485229492 35.0156364440918 34.990795135498 34.985424041748 34.9777145385742 34.9602165222168 34.9477653503418 34.9459648132324 34.9449272155762 34.94482421875 34.9447784423828 34.9447784423828 34.9447822570801 34.9447898864746 34.9447937011719 34.9447937011719 34.9448509216309 34.9450378417969 34.9464721679688 34.9520988464355 34.9724655151367 34.9925155639648 35.0119705200195 35.0434608459473 35.0880584716797 35.145938873291 35.2124176025391 35.3207817077637 35.4441909790039 35.7111320495605
36.7598648071289 36.7650146484375 36.7700576782227 36.7675666809082 36.7644309997559 36.7646942138672 36.741828918457 36.6012840270996 36.5036506652832 36.5096282958984 36.3901100158691 36.0983047485352 35.8591842651367 35.6631660461426 35.4468460083008 35.2209053039551 35.1172943115234 35.0429153442383 35.0022811889648 34.9663772583008 34.9655952453613 34.9630661010742 34.9532203674316 34.9462394714355 34.9453010559082 34.9447860717773 34.9447784423828 34.9447746276855 34.944766998291 34.9447746276855 34.9447860717773 34.9447822570801 34.9447746276855 34.9447860717773 34.9447975158691 34.9447860717773 34.9447822570801 34.9448013305664 34.9455757141113 34.9477615356445 34.9639167785645 34.9952926635742 35.0219383239746 35.0455169677734 35.1097717285156 35.1886329650879 35.4084815979004
36.3559532165527 36.2741737365723 36.1679306030273 36.1544723510742 36.1474723815918 36.0585098266602 35.9741325378418 35.9130554199219 35.8475151062012 35.7711982727051 35.6719589233398 35.5412521362305 35.4347114562988 35.3479385375977 35.2358818054199 35.1118507385254 35.0527610778809 35.0091857910156 34.9835090637207 34.9604911804199 34.9582557678223 34.9554290771484 34.9501152038574 34.9462127685547 34.9452934265137 34.9447860717773 34.9447784423828 34.9447746276855 34.944766998291 34.9447746276855 34.9447860717773 34.9448013305664 34.9448165893555 34.9448204040527 34.9448204040527 34.9448051452637 34.9447975158691 34.9448013305664 34.9451446533203 34.9461250305176 34.9533729553223 34.9674606323242 34.9794235229492 34.9900093078613 35.0338745117188 35.0896873474121 35.2351722717285
35.9239501953125 35.7855949401855 35.6074028015137 35.5867538452148 35.5772018432617 35.4318084716797 35.3108863830566 35.314453125 35.2791175842285 35.1498527526855 35.0751647949219 35.0754127502441 35.0764617919922 35.0781707763672 35.0532379150391 35.0156860351562 34.9948844909668 34.9780883789062 34.9659309387207 34.9546546936035 34.9515571594238 34.9487762451172 34.9473075866699 34.9460487365723 34.9452362060547 34.9447860717773 34.9447784423828 34.9447708129883 34.944766998291 34.9447746276855 34.9447898864746 34.9448204040527 34.9448547363281 34.9448509216309 34.9448432922363 34.94482421875 34.9448127746582 34.9448013305664 34.9447975158691 34.9447937011719 34.9447975158691 34.9448051452637 34.9448127746582 34.9448204040527 34.9693717956543 35.0027389526367 35.0804862976074
35.368766784668 35.3069458007812 35.2292709350586 35.2180099487305 35.2116355895996 35.1535949707031 35.1056213378906 35.1088409423828 35.0954322814941 35.0418815612793 35.0104866027832 35.0095062255859 35.0085983276367 35.0077476501465 34.9947662353516 34.9760360717773 34.9662170410156 34.9585266113281 34.9535827636719 34.949047088623 34.9476661682129 34.9464340209961 34.9458198547363 34.9452972412109 34.9449653625488 34.9447784423828 34.9447708129883 34.944766998291 34.9447708129883 34.9447860717773 34.9448051452637 34.9448356628418 34.9448699951172 34.9448661804199 34.9448585510254 34.9448471069336 34.9448318481445 34.9448204040527 34.9448127746582 34.9448165893555 34.9448356628418 34.9448585510254 34.9448661804199 34.9448661804199 34.9548416137695 34.9683990478516 35.0074691772461
34.9815216064453 34.9736061096191 34.9662284851074 34.9621849060059 34.9586715698242 34.9601783752441 34.9618530273438 34.9643707275391 34.9657554626465 34.9644088745117 34.9629707336426 34.9614105224609 34.9594116210938 34.9570541381836 34.9530067443848 34.9481620788574 34.9462585449219 34.9450607299805 34.9450645446777 34.9451332092285 34.9449615478516 34.9448204040527 34.9447937011719 34.9447784423828 34.9447746276855 34.9447708129883 34.9447631835938 34.944766998291 34.9447822570801 34.9448013305664 34.94482421875 34.9448509216309 34.9448776245117 34.9448738098145 34.9448699951172 34.9448585510254 34.9448471069336 34.9448356628418 34.9448318481445 34.9448432922363 34.9448699951172 34.9449119567871 34.9449234008789 34.9449195861816 34.9449005126953 34.9448738098145 34.9553489685059
34.9606819152832 34.9573020935059 34.9542922973633 34.9527359008789 34.9513931274414 34.951774597168 34.952262878418 34.9533004760742 34.9539108276367 34.9534759521484 34.9529113769531 34.9521713256836 34.9509735107422 34.949405670166 34.9477272033691 34.9459915161133 34.9453163146973 34.944896697998 34.944896697998 34.9449195861816 34.9448432922363 34.9447822570801 34.9447746276855 34.944766998291 34.944766998291 34.944766998291 34.944766998291 34.9447784423828 34.9447975158691 34.94482421875 34.9448509216309 34.9448623657227 34.9448738098145 34.9448699951172 34.9448623657227 34.9448509216309 34.9448432922363 34.9448471069336 34.9448547363281 34.9448776245117 34.9449119567871 34.9449615478516 34.9449882507324 34.944995880127 34.9449729919434 34.9449348449707 34.9488410949707
34.9482116699219 34.9475326538086 34.9470710754395 34.9469299316406 34.9468193054199 34.946647644043 34.9465370178223 34.9467277526855 34.9468650817871 34.9468803405762 34.94677734375 34.9465065002441 34.945915222168 34.9450607299805 34.9447822570801 34.9447784423828 34.9447860717773 34.9447975158691 34.9447975158691 34.9447898864746 34.9447746276855 34.9447631835938 34.9447631835938 34.9447631835938 34.9447631835938 34.944766998291 34.9447746276855 34.9447937011719 34.9448127746582 34.9448394775391 34.9448699951172 34.9448738098145 34.9448738098145 34.9448699951172 34.9448623657227 34.9448547363281 34.9448509216309 34.9448661804199 34.9448890686035 34.9449234008789 34.9449691772461 34.9450225830078 34.9450492858887 34.9450607299805 34.9450340270996 34.9449920654297 34.9451789855957
34.9462699890137 34.9459838867188 34.9457855224609 34.9457092285156 34.9456520080566 34.9456481933594 34.9456672668457 34.94580078125 34.9458618164062 34.9457397460938 34.9455718994141 34.9453468322754 34.9451065063477 34.9448585510254 34.9447784423828 34.9447784423828 34.9447784423828 34.9447784423828 34.9447746276855 34.944766998291 34.9447631835938 34.9447593688965 34.9447631835938 34.9447708129883 34.9447708129883 34.9447822570801 34.9447937011719 34.9448127746582 34.9448318481445 34.9448547363281 34.9448738098145 34.9448776245117 34.944881439209 34.9448738098145 34.9448661804199 34.9448661804199 34.9448738098145 34.9449005126953 34.944938659668 34.9449882507324 34.9450416564941 34.9450988769531 34.9451179504395 34.9451141357422 34.9450836181641 34.9450378417969 34.9450988769531
34.9453468322754 34.9452285766602 34.9451293945312 34.9450874328613 34.9450607299805 34.9450950622559 34.945140838623 34.9452133178711 34.9452285766602 34.9450988769531 34.9449691772461 34.9448509216309 34.9448013305664 34.9448089599609 34.9448127746582 34.9448089599609 34.9448013305664 34.9447937011719 34.9447822570801 34.9447708129883 34.9447631835938 34.9447631835938 34.9447708129883 34.9447746276855 34.9447822570801 34.9447937011719 34.9448089599609 34.94482421875 34.9448432922363 34.9448623657227 34.944881439209 34.9448890686035 34.9448928833008 34.9448890686035 34.9448890686035 34.9448928833008 34.9449005126953 34.9449310302734 34.9449729919434 34.9450340270996 34.9450912475586 34.9451484680176 34.9451675415039 34.9451599121094 34.945125579834 34.9450836181641 34.9450836181641
34.9451904296875 34.9450759887695 34.9449462890625 34.9449157714844 34.944896697998 34.944881439209 34.9448661804199 34.9448776245117 34.9448738098145 34.9448318481445 34.9448165893555 34.9448509216309 34.9448661804199 34.9448738098145 34.9448699951172 34.9448661804199 34.9448509216309 34.9448356628418 34.9448127746582 34.9447860717773 34.9447784423828 34.9447708129883 34.9447746276855 34.9447822570801 34.9447937011719 34.9448051452637 34.9448204040527 34.9448356628418 34.9448509216309 34.9448661804199 34.9448890686035 34.9449005126953 34.9449081420898 34.9449157714844 34.9449234008789 34.9449272155762 34.9449348449707 34.9449615478516 34.9449996948242 34.9450607299805 34.9451217651367 34.945182800293 34.9452056884766 34.945198059082 34.9451675415039 34.945125579834 34.9451217651367
34.945011138916 34.944938659668 34.9448509216309 34.9448280334473 34.9448127746582 34.9447860717773 34.944766998291 34.9448089599609 34.9448394775391 34.9448394775391 34.9449005126953 34.9450416564941 34.9450874328613 34.9450531005859 34.9450225830078 34.9449996948242 34.9449653625488 34.9449234008789 34.9448852539062 34.9448432922363 34.9448127746582 34.9447860717773 34.9447860717773 34.9447898864746 34.9447975158691 34.9448089599609 34.9448204040527 34.9448318481445 34.9448471069336 34.9448661804199 34.9448928833008 34.9449119567871 34.9449272155762 34.9449462890625 34.9449615478516 34.9449653625488 34.9449691772461 34.9449882507324 34.9450149536133 34.9450607299805 34.9451179504395 34.9451789855957 34.9452133178711 34.9452285766602 34.9452056884766 34.9451675415039 34.9451560974121
34.94482421875 34.9448089599609 34.9447975158691 34.9447784423828 34.9447631835938 34.9447441101074 34.9447441101074 34.9448547363281 34.9449424743652 34.9449653625488 34.9450798034668 34.9453163146973 34.9453735351562 34.9452781677246 34.9452171325684 34.9451713562012 34.9451065063477 34.9450340270996 34.9449768066406 34.9449195861816 34.9448585510254 34.9448089599609 34.9447975158691 34.9447937011719 34.9448013305664 34.9448089599609 34.9448204040527 34.9448280334473 34.9448394775391 34.9448661804199 34.944896697998 34.9449234008789 34.9449462890625 34.9449729919434 34.944995880127 34.9449996948242 34.9450073242188 34.945011138916 34.9450225830078 34.9450531005859 34.9450988769531 34.9451599121094 34.9452133178711 34.945255279541 34.945240020752 34.9452056884766 34.9451866149902
34.9447631835938 34.9447593688965 34.9447631835938 34.944751739502 34.9447402954102 34.9447250366211 34.9447784423828 34.9451789855957 34.9454650878906 34.9454879760742 34.9455490112305 34.9456634521484 34.9456520080566 34.9455375671387 34.9454574584961 34.9453887939453 34.9452972412109 34.945198059082 34.9451141357422 34.9450302124023 34.9449653625488 34.9449119567871 34.944881439209 34.9448623657227 34.9448585510254 34.9448623657227 34.9448699951172 34.9448738098145 34.944881439209 34.9449005126953 34.9449310302734 34.9449615478516 34.9449882507324 34.9450187683105 34.9450492858887 34.9450531005859 34.9450569152832 34.9450569152832 34.9450607299805 34.9450721740723 34.9451026916504 34.9451522827148 34.9452056884766 34.9452590942383 34.9452590942383 34.9452362060547 34.9452095031738
34.9447250366211 34.9447288513184 34.9447364807129 34.9447288513184 34.9447212219238 34.944709777832 34.9448204040527 34.945556640625 34.9460792541504 34.9460906982422 34.9460792541504 34.9460258483887 34.945930480957 34.9458045959473 34.9457054138184 34.9456214904785 34.9455032348633 34.9453735351562 34.9452590942383 34.9451522827148 34.9450874328613 34.9450263977051 34.9449806213379 34.9449424743652 34.9449310302734 34.9449272155762 34.9449272155762 34.9449310302734 34.9449310302734 34.9449501037598 34.9449729919434 34.9450035095215 34.9450340270996 34.945068359375 34.9451026916504 34.9451065063477 34.9451103210449 34.9451103210449 34.9451065063477 34.9450988769531 34.9451103210449 34.9451446533203 34.9451942443848 34.9452590942383 34.9452705383301 34.9452590942383 34.9452285766602
34.944881439209 34.9449119567871 34.9449043273926 34.944881439209 34.9448738098145 34.9452781677246 34.9456977844238 34.9461898803711 34.946533203125 34.9465103149414 34.9464340209961 34.9462928771973 34.9461669921875 34.9460563659668 34.9459495544434 34.9458427429199 34.9457130432129 34.9455795288086 34.9454650878906 34.9453544616699 34.9452857971191 34.9452171325684 34.9451713562012 34.9451332092285 34.9451179504395 34.9451065063477 34.9451026916504 34.9450950622559 34.9450836181641 34.9450950622559 34.9451141357422 34.945140838623 34.9451713562012 34.9451942443848 34.9452171325684 34.9452171325684 34.9452133178711 34.9452018737793 34.9451904296875 34.9451713562012 34.9451675415039 34.9451789855957 34.9452133178711 34.9452667236328 34.9452743530273 34.9452705383301 34.9452438354492
34.9450874328613 34.945140838623 34.9451293945312 34.9450950622559 34.9450874328613 34.945873260498 34.9465675354004 34.9468078613281 34.9469604492188 34.9468955993652 34.9467697143555 34.9465560913086 34.9463996887207 34.9462966918945 34.946174621582 34.9460487365723 34.945915222168 34.9457778930664 34.9456672668457 34.9455604553223 34.9454803466797 34.9454078674316 34.9453582763672 34.9453201293945 34.9453010559082 34.9452857971191 34.9452705383301 34.945255279541 34.9452362060547 34.9452362060547 34.9452514648438 34.9452743530273 34.9452972412109 34.9453125 34.9453277587891 34.9453163146973 34.9453086853027 34.9452934265137 34.9452743530273 34.9452438354492 34.9452247619629 34.9452171325684 34.9452362060547 34.9452743530273 34.9452819824219 34.9452781677246 34.9452590942383
34.9457473754883 34.9458160400391 34.9458541870117 34.9458770751953 34.9459190368652 34.9464874267578 34.9469833374023 34.947093963623 34.947151184082 34.947078704834 34.9469718933105 34.9468307495117 34.9466361999512 34.946403503418 34.9462547302246 34.9461402893066 34.9460258483887 34.9459075927734 34.9458084106445 34.9457092285156 34.9456214904785 34.9455413818359 34.9454803466797 34.9454307556152 34.9454078674316 34.945384979248 34.9453659057617 34.9453468322754 34.9453239440918 34.9453125 34.9453086853027 34.9453125 34.9453201293945 34.9453315734863 34.9453392028809 34.9453353881836 34.9453353881836 34.9453315734863 34.9453239440918 34.9453010559082 34.9452819824219 34.9452667236328 34.9452743530273 34.9452934265137 34.9452934265137 34.9452857971191 34.9452667236328
34.9463081359863 34.946403503418 34.9465026855469 34.9465789794922 34.9466590881348 34.947021484375 34.947322845459 34.9473304748535 34.9473075866699 34.9472274780273 34.9471435546875 34.9470558166504 34.9468536376953 34.9465560913086 34.9463920593262 34.9462928771973 34.9461898803711 34.9460868835449 34.945987701416 34.9458847045898 34.9457817077637 34.9456825256348 34.9456100463867 34.9455490112305 34.9455146789551 34.945484161377 34.9454536437988 34.945426940918 34.9453964233398 34.9453735351562 34.9453544616699 34.9453430175781 34.9453353881836 34.9453392028809 34.9453430175781 34.9453506469727 34.9453582763672 34.945369720459 34.945369720459 34.9453544616699 34.9453392028809 34.9453163146973 34.9453086853027 34.9453125 34.9453048706055 34.9452934265137 34.9452743530273
34.9465179443359 34.9466781616211 34.9468765258789 34.9469795227051 34.947078704834 34.9472541809082 34.947395324707 34.9473762512207 34.947338104248 34.9472579956055 34.9471817016602 34.9471092224121 34.9469947814941 34.946849822998 34.9467506408691 34.9466705322266 34.9465637207031 34.9464530944824 34.9463081359863 34.946159362793 34.9460067749023 34.9458618164062 34.9457588195801 34.945671081543 34.9456176757812 34.9455680847168 34.9455223083496 34.9454727172852 34.9454231262207 34.945384979248 34.9453544616699 34.9453392028809 34.9453239440918 34.9453239440918 34.9453277587891 34.9453430175781 34.9453620910645 34.9453887939453 34.9454002380371 34.9453926086426 34.9453773498535 34.9453544616699 34.9453392028809 34.9453277587891 34.9453163146973 34.9453010559082 34.9452819824219
