Ecospace-environmental-drivers/Outputs/ASCII-for-ecospace/MOM6-ISIMIP3a/so-bot/2007-08_so-bot_MOM6-ISIMIP3a.asc
NCOLS 131 
NROWS 53 
XLLCORNER -98 
YLLCORNER 23.9265270233154 
CELLSIZE 0.133587792515755 
NODATA_value -9999 
[rows 21 to 41 of 53, columns 47 to 93 of 131]
36.5673904418945 36.5633735656738 36.5573501586914 36.5511474609375 36.5452499389648 36.5481338500977 36.5506210327148 36.5511016845703 36.5521659851074 36.5546455383301 36.5627098083496 36.5784454345703 36.5951805114746 36.6127319335938 36.3778114318848 36.0232963562012 35.5733528137207 35.1006088256836 35.0578918457031 35.0442810058594 35.0243644714355 35.0025367736816 34.9727210998535 34.9512672424316 34.9474678039551 34.9452438354492 34.9449462890625 34.94482421875 34.9448280334473 34.9448280334473 34.9448280334473 34.9448776245117 34.9449348449707 34.9462547302246 34.9477043151855 34.9499549865723 34.9618072509766 35.0074348449707 35.0512199401855 35.0915718078613 35.1376495361328 35.1899566650391 35.2750358581543 35.3813133239746 35.5133934020996 35.6547431945801 35.9245986938477
36.5999717712402 36.5995750427246 36.5987434387207 36.6003494262695 36.6021919250488 36.603630065918 36.6023826599121 36.5874862670898 36.5771980285645 36.5780410766602 36.5055389404297 36.332332611084 36.2111625671387 36.1325607299805 35.9115562438965 35.6230926513672 35.3431549072266 35.0652503967285 35.0221672058105 34.9965782165527 34.9908218383789 34.9823532104492 34.9625625610352 34.9484329223633 34.9462623596191 34.945011138916 34.9448852539062 34.94482421875 34.9448127746582 34.9448127746582 34.9448127746582 34.9448089599609 34.9448051452637 34.9449157714844 34.9450759887695 34.9456901550293 34.9511260986328 34.9734916687012 34.9949989318848 35.0149116516113 35.044605255127 35.0849571228027 35.1403160095215 35.2053833007812 35.3006439208984 35.4067573547363 35.6460571289062
36.6040496826172 36.6008605957031 36.5972480773926 36.5967597961426 36.5964088439941 36.5911598205566 36.5820541381836 36.553337097168 36.5318489074707 36.5278205871582 36.3811798095703 36.0387535095215 35.792797088623 35.6257743835449 35.4257507324219 35.2100982666016 35.1151466369629 35.0490379333496 35.0079498291016 34.9710731506348 34.9704360961914 34.9675636291504 34.9553489685059 34.9466781616211 34.9454803466797 34.9448280334473 34.9448471069336 34.9448356628418 34.9448013305664 34.9447975158691 34.9448013305664 34.9447937011719 34.9447822570801 34.9447898864746 34.9447937011719 34.9447860717773 34.9447937011719 34.9448432922363 34.9455413818359 34.9474449157715 34.9629020690918 34.9931335449219 35.0201759338379 35.0451622009277 35.1026611328125 35.1718444824219 35.3694648742676
36.2852592468262 36.1909523010254 36.0695915222168 36.0634880065918 36.0659942626953 35.9824333190918 35.9107971191406 35.8998031616211 35.8676834106445 35.7845458984375 35.6714286804199 35.5171585083008 35.4063339233398 35.3310585021973 35.2273178100586 35.1100959777832 35.0547103881836 35.014102935791 34.9877891540527 34.9639434814453 34.9617118835449 34.958610534668 34.9518661499023 34.9468650817871 34.9455451965332 34.9448318481445 34.9448509216309 34.9448394775391 34.9448013305664 34.9447937011719 34.9447975158691 34.9447975158691 34.9448013305664 34.9448013305664 34.9448051452637 34.9447975158691 34.9447975158691 34.9448204040527 34.9451332092285 34.945987701416 34.9529266357422 34.966495513916 34.9786338806152 34.9898414611816 35.0295104980469 35.0794067382812 35.2119827270508
35.9229774475098 35.7705001831055 35.5740814208984 35.563777923584 35.5674705505371 35.4348640441895 35.324577331543 35.3278541564941 35.2911949157715 35.1581001281738 35.0806846618652 35.079704284668 35.0788536071777 35.0781135559082 35.0547676086426 35.0207138061523 34.9996185302734 34.9816246032715 34.9687576293945 34.956844329834 34.9536590576172 34.9506874084473 34.948616027832 34.9468002319336 34.9455223083496 34.9448318481445 34.9448547363281 34.9448394775391 34.9447975158691 34.9447898864746 34.9447975158691 34.9448051452637 34.9448165893555 34.9448165893555 34.9448204040527 34.9448089599609 34.9448051452637 34.9448089599609 34.9448089599609 34.9448089599609 34.9448089599609 34.9448165893555 34.9448127746582 34.9448013305664 34.967456817627 34.9982566833496 35.0708923339844
35.3699989318848 35.3038063049316 35.2195510864258 35.2112197875977 35.2087745666504 35.1554298400879 35.1112403869629 35.1136322021484 35.0991516113281 35.0439376831055 35.0117454528809 35.0111618041992 35.0099868774414 35.0083312988281 34.9957084655762 34.9778938293457 34.9679641723633 34.9599151611328 34.9546890258789 34.9498901367188 34.9485473632812 34.9472923278809 34.9463996887207 34.9456253051758 34.9450988769531 34.9448165893555 34.9448356628418 34.94482421875 34.9447937011719 34.9447860717773 34.9447937011719 34.9448089599609 34.9448280334473 34.9448318481445 34.9448318481445 34.9448280334473 34.94482421875 34.9448356628418 34.9448471069336 34.9448509216309 34.9448623657227 34.9448776245117 34.9448661804199 34.9448394775391 34.9540519714355 34.9665794372559 35.0016784667969
34.9837379455566 34.9778022766113 34.9716606140137 34.9659156799316 34.9604377746582 34.9612464904785 34.9621772766113 34.963752746582 34.9644012451172 34.9628067016602 34.961727142334 34.9613456726074 34.960018157959 34.9579086303711 34.9534606933594 34.9479064941406 34.9460144042969 34.944995880127 34.9449996948242 34.945068359375 34.9449996948242 34.9449348449707 34.9448623657227 34.9448089599609 34.9447975158691 34.9447975158691 34.9448127746582 34.9448089599609 34.9447898864746 34.9447898864746 34.9447975158691 34.9448204040527 34.9448394775391 34.9448432922363 34.9448432922363 34.9448432922363 34.9448432922363 34.9448623657227 34.944881439209 34.944896697998 34.9449119567871 34.9449310302734 34.9449157714844 34.944881439209 34.9448699951172 34.9448699951172 34.9526977539062
34.9612274169922 34.9587478637695 34.9564590454102 34.9546165466309 34.9528884887695 34.9530563354492 34.9533500671387 34.9542694091797 34.9546546936035 34.9537582397461 34.9529876708984 34.952392578125 34.9512786865234 34.9497375488281 34.9478950500488 34.9459075927734 34.9452323913574 34.9448738098145 34.9448776245117 34.944896697998 34.9448661804199 34.9448356628418 34.9448013305664 34.9447784423828 34.9447746276855 34.9447784423828 34.9447898864746 34.9447937011719 34.9447937011719 34.9448089599609 34.9448280334473 34.9448394775391 34.9448509216309 34.9448509216309 34.9448509216309 34.9448547363281 34.9448623657227 34.9448928833008 34.9449157714844 34.944938659668 34.9449577331543 34.9449768066406 34.9449615478516 34.9449234008789 34.9449081420898 34.9449005126953 34.9478569030762
34.9479370117188 34.9474830627441 34.9473495483398 34.9475784301758 34.9478302001953 34.9477157592773 34.947696685791 34.9481620788574 34.9483604431152 34.9479064941406 34.947395324707 34.9468002319336 34.9460182189941 34.9450874328613 34.9447898864746 34.9447898864746 34.9447937011719 34.9448013305664 34.9447975158691 34.9447937011719 34.9447822570801 34.9447746276855 34.944766998291 34.9447631835938 34.9447631835938 34.9447708129883 34.9447784423828 34.9447898864746 34.9447975158691 34.9448204040527 34.9448509216309 34.9448547363281 34.9448585510254 34.9448585510254 34.9448585510254 34.9448699951172 34.9448852539062 34.9449234008789 34.944953918457 34.9449806213379 34.9450035095215 34.9450187683105 34.9449996948242 34.9449653625488 34.9449501037598 34.9449462890625 34.9451293945312
34.9462509155273 34.9460105895996 34.9459037780762 34.9458999633789 34.9459037780762 34.9459533691406 34.9460411071777 34.9463119506836 34.9464073181152 34.9460830688477 34.9457588195801 34.9454383850098 34.945140838623 34.9448661804199 34.9447746276855 34.9447746276855 34.9447784423828 34.9447784423828 34.9447746276855 34.944766998291 34.9447631835938 34.9447593688965 34.9447593688965 34.9447593688965 34.944766998291 34.9447746276855 34.9447860717773 34.9447975158691 34.9448089599609 34.9448318481445 34.9448547363281 34.9448623657227 34.9448623657227 34.9448661804199 34.9448699951172 34.9448928833008 34.9449157714844 34.9449615478516 34.944995880127 34.9450225830078 34.9450378417969 34.9450454711914 34.9450302124023 34.9449996948242 34.944995880127 34.9449996948242 34.9450645446777
34.9454307556152 34.9452781677246 34.9451560974121 34.9450836181641 34.9450225830078 34.9450912475586 34.9451675415039 34.9452934265137 34.9453239440918 34.9451332092285 34.9449691772461 34.9448432922363 34.9447898864746 34.9447975158691 34.9448013305664 34.9448013305664 34.9447937011719 34.9447898864746 34.9447784423828 34.944766998291 34.9447631835938 34.9447593688965 34.9447631835938 34.944766998291 34.9447746276855 34.9447822570801 34.9447937011719 34.9448051452637 34.9448204040527 34.9448394775391 34.9448623657227 34.9448699951172 34.9448738098145 34.944881439209 34.9448928833008 34.9449195861816 34.9449501037598 34.944995880127 34.9450340270996 34.9450569152832 34.945068359375 34.9450721740723 34.9450569152832 34.9450340270996 34.9450378417969 34.9450531005859 34.9450645446777
34.9452590942383 34.9451026916504 34.9449310302734 34.9449195861816 34.9449195861816 34.944896697998 34.9448776245117 34.944896697998 34.944896697998 34.9448394775391 34.9448089599609 34.94482421875 34.9448394775391 34.9448509216309 34.9448547363281 34.9448547363281 34.9448394775391 34.9448204040527 34.9448051452637 34.9447898864746 34.9447822570801 34.9447746276855 34.9447784423828 34.9447822570801 34.9447860717773 34.9447937011719 34.9448051452637 34.9448165893555 34.9448280334473 34.9448471069336 34.9448699951172 34.944881439209 34.9448890686035 34.9449043273926 34.9449195861816 34.9449501037598 34.9449882507324 34.9450263977051 34.9450645446777 34.9450836181641 34.9450950622559 34.9450950622559 34.9450836181641 34.9450645446777 34.9450798034668 34.9451065063477 34.9451141357422
34.9450416564941 34.944938659668 34.9448204040527 34.94482421875 34.9448356628418 34.9447975158691 34.9447708129883 34.9448013305664 34.9448204040527 34.9448089599609 34.9448738098145 34.9450416564941 34.9451065063477 34.9450874328613 34.9450492858887 34.9450073242188 34.9449691772461 34.9449348449707 34.944896697998 34.9448623657227 34.9448280334473 34.9448013305664 34.9448013305664 34.9448013305664 34.9448013305664 34.9448089599609 34.9448165893555 34.94482421875 34.9448356628418 34.9448547363281 34.9448776245117 34.9448928833008 34.9449043273926 34.9449234008789 34.9449462890625 34.9449806213379 34.9450149536133 34.9450569152832 34.9450874328613 34.9451065063477 34.9451141357422 34.9451141357422 34.9451065063477 34.9450912475586 34.9451103210449 34.9451446533203 34.9451484680176
34.9448051452637 34.9447822570801 34.9447593688965 34.9447555541992 34.9447555541992 34.9447402954102 34.9447402954102 34.9448318481445 34.944896697998 34.9448928833008 34.9450340270996 34.9453620910645 34.9454727172852 34.9453964233398 34.9453010559082 34.945198059082 34.9451332092285 34.9450798034668 34.9450187683105 34.944953918457 34.9448890686035 34.9448356628418 34.94482421875 34.9448165893555 34.9448165893555 34.9448204040527 34.94482421875 34.9448318481445 34.9448394775391 34.9448623657227 34.9448890686035 34.9449043273926 34.9449195861816 34.9449462890625 34.9449729919434 34.9450073242188 34.9450416564941 34.9450798034668 34.9451103210449 34.9451293945312 34.9451370239258 34.9451332092285 34.945125579834 34.9451179504395 34.9451370239258 34.9451713562012 34.9451713562012
34.9447746276855 34.9447593688965 34.944751739502 34.9447402954102 34.9447326660156 34.9447174072266 34.9447708129883 34.9451789855957 34.9454689025879 34.9454689025879 34.9455413818359 34.9457130432129 34.9457321166992 34.945629119873 34.9455146789551 34.9453964233398 34.9453163146973 34.9452476501465 34.9451637268066 34.9450798034668 34.9450073242188 34.944938659668 34.9449043273926 34.9448738098145 34.9448623657227 34.9448547363281 34.9448509216309 34.9448547363281 34.9448623657227 34.9448776245117 34.9449005126953 34.9449195861816 34.944938659668 34.9449653625488 34.944995880127 34.9450302124023 34.945068359375 34.9451065063477 34.9451370239258 34.9451522827148 34.9451637268066 34.9451637268066 34.9451599121094 34.9451522827148 34.9451713562012 34.9451942443848 34.9451904296875
34.9447822570801 34.9447708129883 34.944751739502 34.9447364807129 34.9447212219238 34.9447059631348 34.9448204040527 34.9455947875977 34.9461441040039 34.9461441040039 34.9461212158203 34.9460678100586 34.945972442627 34.9458465576172 34.9457206726074 34.9455909729004 34.945499420166 34.9454154968262 34.9453163146973 34.9452133178711 34.9451332092285 34.9450569152832 34.944995880127 34.9449424743652 34.9449157714844 34.9448928833008 34.944881439209 34.944881439209 34.9448852539062 34.9449005126953 34.9449157714844 34.944938659668 34.9449615478516 34.9449882507324 34.9450187683105 34.9450569152832 34.9450950622559 34.9451293945312 34.9451599121094 34.9451751708984 34.9451866149902 34.9451942443848 34.9451942443848 34.9451942443848 34.9452018737793 34.9452133178711 34.9452056884766
34.9449348449707 34.944953918457 34.9449462890625 34.9449272155762 34.9449234008789 34.9452896118164 34.9456748962402 34.9461517333984 34.9464874267578 34.946475982666 34.946403503418 34.9462547302246 34.9461288452148 34.9460296630859 34.945915222168 34.9457893371582 34.9456977844238 34.945613861084 34.9455146789551 34.9454193115234 34.9453315734863 34.9452476501465 34.9451789855957 34.9451179504395 34.9450759887695 34.9450378417969 34.9450035095215 34.9449806213379 34.9449653625488 34.9449691772461 34.9449806213379 34.944995880127 34.945011138916 34.9450340270996 34.9450607299805 34.9450912475586 34.945125579834 34.9451599121094 34.9451866149902 34.9452056884766 34.9452209472656 34.9452285766602 34.9452285766602 34.9452285766602 34.9452247619629 34.9452209472656 34.9452095031738
34.945140838623 34.9451866149902 34.9451942443848 34.9451751708984 34.945182800293 34.9458961486816 34.9465217590332 34.9466857910156 34.9467964172363 34.9467735290527 34.9466667175293 34.9464416503906 34.9462966918945 34.9462089538574 34.946102142334 34.9459800720215 34.9458885192871 34.94580078125 34.9457130432129 34.9456253051758 34.9455299377441 34.9454383850098 34.9453620910645 34.9452972412109 34.945240020752 34.9451866149902 34.9451293945312 34.9450874328613 34.9450569152832 34.9450492858887 34.9450492858887 34.9450569152832 34.9450645446777 34.9450836181641 34.9451026916504 34.9451293945312 34.9451599121094 34.9451866149902 34.9452133178711 34.9452362060547 34.9452514648438 34.9452629089355 34.9452629089355 34.9452590942383 34.9452438354492 34.9452209472656 34.9452095031738
34.94580078125 34.9458770751953 34.9459266662598 34.9459495544434 34.9459800720215 34.9464454650879 34.9468460083008 34.9468955993652 34.9469299316406 34.9469146728516 34.9468612670898 34.9467468261719 34.9465713500977 34.9463500976562 34.9462013244629 34.9460868835449 34.9459991455078 34.945915222168 34.9458389282227 34.9457626342773 34.9456748962402 34.9455871582031 34.9455146789551 34.9454460144043 34.9453926086426 34.9453392028809 34.9452896118164 34.9452438354492 34.9452018737793 34.9451789855957 34.9451675415039 34.9451637268066 34.9451599121094 34.9451637268066 34.9451675415039 34.945182800293 34.945198059082 34.9452171325684 34.9452362060547 34.9452590942383 34.9452743530273 34.9452781677246 34.9452743530273 34.9452667236328 34.945240020752 34.9452095031738 34.945198059082
34.946361541748 34.9464721679688 34.9465827941895 34.9466323852539 34.9466819763184 34.9469223022461 34.9471168518066 34.9470825195312 34.9470558166504 34.9470405578613 34.947021484375 34.9469909667969 34.9468116760254 34.9465141296387 34.946346282959 34.9462432861328 34.9461631774902 34.9460830688477 34.9460105895996 34.9459381103516 34.9458465576172 34.9457588195801 34.9456748962402 34.9455986022949 34.9455413818359 34.945484161377 34.9454307556152 34.9453811645508 34.9453315734863 34.9452972412109 34.9452743530273 34.9452590942383 34.9452476501465 34.9452362060547 34.9452285766602 34.9452323913574 34.9452362060547 34.9452476501465 34.9452629089355 34.9452819824219 34.9452896118164 34.9452934265137 34.9452857971191 34.9452667236328 34.9452362060547 34.945198059082 34.945182800293
34.9465484619141 34.946720123291 34.9469337463379 34.9469909667969 34.9470367431641 34.9471244812012 34.9471893310547 34.9471702575684 34.9471435546875 34.9471054077148 34.9470634460449 34.9470176696777 34.9469184875488 34.9467735290527 34.9466743469238 34.9465942382812 34.9465179443359 34.9464378356934 34.946346282959 34.9462471008301 34.9461288452148 34.9460105895996 34.9458885192871 34.9457740783691 34.9456787109375 34.9455909729004 34.9455184936523 34.9454574584961 34.9454040527344 34.945369720459 34.9453353881836 34.9453163146973 34.9452972412109 34.9452857971191 34.9452781677246 34.9452743530273 34.9452743530273 34.9452819824219 34.9452896118164 34.9452972412109 34.9453010559082 34.9452972412109 34.9452781677246 34.9452590942383 34.9452247619629 34.9451866149902 34.9451637268066
