Ecospace-environmental-drivers/Outputs/ASCII-for-ecospace/MOM6-ISIMIP3a/so-bot/2007-05_so-bot_MOM6-ISIMIP3a.asc
NCOLS 131 
NROWS 53 
XLLCORNER -98 
YLLCORNER 23.9265270233154 
CELLSIZE 0.133587792515755 
NODATA_value -9999 
[rows 21 to 41 of 53, columns 47 to 93 of 131]
36.548282623291 36.5643463134766 36.5815124511719 36.577808380127 36.5722694396973 36.5748748779297 36.5778350830078 36.5826187133789 36.5866813659668 36.588996887207 36.5896072387695 36.5878829956055 36.5791549682617 36.5647010803223 36.3570785522461 36.0579605102539 35.5973358154297 35.0981216430664 35.0543899536133 35.0414810180664 35.0218315124512 35.0004425048828 34.9717826843262 34.9511375427246 34.9474182128906 34.9452362060547 34.9449424743652 34.94482421875 34.9448318481445 34.9448280334473 34.9448127746582 34.9448623657227 34.9449234008789 34.9463119506836 34.9479103088379 34.9510726928711 34.9633483886719 35.0076522827148 35.051383972168 35.0940551757812 35.143138885498 35.1992073059082 35.2736740112305 35.3600463867188 35.4999504089355 35.6590843200684 35.9757957458496
36.6175422668457 36.6266784667969 36.6364974975586 36.6338386535645 36.6300468444824 36.6302871704102 36.6285171508789 36.6165351867676 36.6083526611328 36.6093559265137 36.5434150695801 36.3855781555176 36.2508506774902 36.1350364685059 35.9139862060547 35.6430892944336 35.3547706604004 35.0622901916504 35.0192947387695 34.9947357177734 34.9890480041504 34.9808044433594 34.9618530273438 34.948314666748 34.946216583252 34.9449996948242 34.9448623657227 34.9448051452637 34.9448089599609 34.9448051452637 34.9448013305664 34.9448013305664 34.9448051452637 34.944881439209 34.9450645446777 34.9462547302246 34.9519348144531 34.9734039306641 34.9948883056641 35.0164108276367 35.0475387573242 35.0891380310059 35.1397438049316 35.1961784362793 35.2953338623047 35.4098281860352 35.6728515625
36.6658058166504 36.6619720458984 36.6565856933594 36.6531448364258 36.6497459411621 36.6422424316406 36.6313743591309 36.6034126281738 36.5821647644043 36.5771293640137 36.4461326599121 36.1422080993652 35.8888244628906 35.6767959594727 35.4491844177246 35.2141952514648 35.11376953125 35.0454978942871 35.0053825378418 34.9696159362793 34.9689674377441 34.9662284851074 34.9547309875488 34.9465637207031 34.9454307556152 34.9448051452637 34.9448051452637 34.9447975158691 34.9447860717773 34.9447860717773 34.9447937011719 34.9447937011719 34.9447937011719 34.9447937011719 34.9447937011719 34.9447860717773 34.9447898864746 34.9448165893555 34.9454879760742 34.9473609924316 34.9626159667969 34.9924507141113 35.0221977233887 35.051887512207 35.1091766357422 35.1763801574707 35.3736305236816
36.3846397399902 36.2757835388184 36.1352691650391 36.1215209960938 36.1172218322754 36.0177574157715 35.9327011108398 35.9209251403809 35.887321472168 35.8010139465332 35.6934204101562 35.5566062927246 35.4429550170898 35.3482513427734 35.233715057373 35.1097831726074 35.0527496337891 35.0116996765137 34.9862327575684 34.9632453918457 34.9606857299805 34.9574165344238 34.9511871337891 34.946590423584 34.9454383850098 34.9448051452637 34.9448051452637 34.9447975158691 34.9447860717773 34.9447822570801 34.9447898864746 34.9447975158691 34.9448089599609 34.9448089599609 34.9448051452637 34.9448013305664 34.9447975158691 34.9448127746582 34.9451141357422 34.9459533691406 34.9528007507324 34.966194152832 34.9795303344727 34.9928245544434 35.0329437255859 35.0826950073242 35.2176895141602
36.0400772094727 35.8643455505371 35.6379470825195 35.6172790527344 35.6120452880859 35.4549713134766 35.3239250183105 35.3252754211426 35.2859878540039 35.1485862731934 35.0687980651855 35.0681037902832 35.0681190490723 35.0687103271484 35.0480308532715 35.0172691345215 34.9974708557129 34.9802932739258 34.9681091308594 34.956787109375 34.9530639648438 34.9497184753418 34.9479637145996 34.9464340209961 34.9453811645508 34.9448013305664 34.9448051452637 34.9447975158691 34.9447822570801 34.9447822570801 34.9447860717773 34.9448051452637 34.94482421875 34.9448204040527 34.9448204040527 34.9448127746582 34.9448089599609 34.9448127746582 34.9448127746582 34.9448165893555 34.9448204040527 34.9448280334473 34.9448013305664 34.944751739502 34.9682846069336 35.0002937316895 35.0771179199219
35.4175605773926 35.3421821594238 35.2458152770996 35.2330932617188 35.2267913818359 35.1627044677734 35.1093215942383 35.1103820800781 35.0946807861328 35.038501739502 35.005802154541 35.0053482055664 35.004753112793 35.0040397644043 34.9929466247559 34.9769401550293 34.967399597168 34.959400177002 34.9544639587402 34.9499435424805 34.9483528137207 34.9469146728516 34.9461288452148 34.9454612731934 34.9450302124023 34.9447975158691 34.9448013305664 34.9447937011719 34.9447822570801 34.9447822570801 34.9447937011719 34.9448127746582 34.9448394775391 34.9448394775391 34.9448356628418 34.9448280334473 34.94482421875 34.9448318481445 34.9448394775391 34.9448509216309 34.9448699951172 34.9449005126953 34.9448890686035 34.9448509216309 34.9544067382812 34.9674034118652 35.0039291381836
34.9838790893555 34.9782409667969 34.972053527832 34.9660720825195 34.9603118896484 34.9599533081055 34.959774017334 34.9605026245117 34.9608917236328 34.9604530334473 34.9600639343262 34.9597358703613 34.9587593078613 34.9572448730469 34.9534339904785 34.9485321044922 34.9464416503906 34.9450225830078 34.9450569152832 34.9451751708984 34.9450645446777 34.9449577331543 34.9448585510254 34.9447860717773 34.9447860717773 34.9447860717773 34.9447937011719 34.9447898864746 34.9447822570801 34.9447898864746 34.9448051452637 34.9448280334473 34.9448509216309 34.9448509216309 34.9448471069336 34.9448432922363 34.9448432922363 34.9448547363281 34.9448699951172 34.9448890686035 34.9449234008789 34.9449691772461 34.9449691772461 34.9449462890625 34.9449043273926 34.9448585510254 34.9522705078125
34.9621925354004 34.9595108032227 34.9565505981445 34.9546813964844 34.9529762268066 34.952507019043 34.9521675109863 34.952465057373 34.9525947570801 34.9523124694824 34.9519653320312 34.9515266418457 34.9506645202637 34.9494590759277 34.9478797912598 34.9461250305176 34.9453773498535 34.9448738098145 34.9448890686035 34.9449348449707 34.9448928833008 34.9448471069336 34.9448013305664 34.9447708129883 34.944766998291 34.944766998291 34.9447746276855 34.9447822570801 34.9447898864746 34.9448089599609 34.9448318481445 34.9448471069336 34.9448585510254 34.9448547363281 34.9448509216309 34.9448509216309 34.9448547363281 34.9448776245117 34.9449081420898 34.9449424743652 34.9449844360352 34.9450302124023 34.9450378417969 34.9450187683105 34.9449577331543 34.9448890686035 34.9475936889648
34.9490280151367 34.9482040405273 34.9472923278809 34.9476089477539 34.9480247497559 34.9476470947266 34.9473419189453 34.9474143981934 34.9474067687988 34.9472045898438 34.9469032287598 34.9464645385742 34.9458312988281 34.9450416564941 34.9447860717773 34.9447822570801 34.9447860717773 34.9447898864746 34.9447898864746 34.9447937011719 34.9447860717773 34.9447784423828 34.9447708129883 34.9447631835938 34.9447593688965 34.9447631835938 34.9447708129883 34.9447822570801 34.9447975158691 34.94482421875 34.9448509216309 34.9448585510254 34.9448623657227 34.9448623657227 34.9448585510254 34.9448623657227 34.9448776245117 34.9449119567871 34.9449501037598 34.9449920654297 34.9450378417969 34.9450836181641 34.9450912475586 34.9450798034668 34.9450149536133 34.9449310302734 34.9449882507324
34.9465789794922 34.9462280273438 34.9458923339844 34.9459648132324 34.9460754394531 34.9460334777832 34.9460144042969 34.946117401123 34.9461288452148 34.945915222168 34.9456634521484 34.9453582763672 34.9450950622559 34.9448585510254 34.9447860717773 34.9447860717773 34.9447860717773 34.9447860717773 34.9447784423828 34.9447708129883 34.944766998291 34.9447631835938 34.9447631835938 34.9447631835938 34.944766998291 34.9447708129883 34.9447822570801 34.9447937011719 34.9448127746582 34.9448356628418 34.9448585510254 34.9448661804199 34.9448699951172 34.9448661804199 34.9448699951172 34.9448852539062 34.9449081420898 34.9449577331543 34.9450035095215 34.9450454711914 34.9450836181641 34.9451141357422 34.945125579834 34.945125579834 34.945068359375 34.9449920654297 34.9449882507324
34.9453811645508 34.9452476501465 34.9451522827148 34.9451332092285 34.9451217651367 34.9451751708984 34.9452362060547 34.9453163146973 34.9453277587891 34.9451713562012 34.9450187683105 34.9448661804199 34.9448013305664 34.9448051452637 34.9448051452637 34.9448051452637 34.9448013305664 34.9447975158691 34.9447860717773 34.9447708129883 34.9447631835938 34.9447593688965 34.9447631835938 34.944766998291 34.9447746276855 34.9447860717773 34.9447975158691 34.9448089599609 34.94482421875 34.9448432922363 34.9448661804199 34.9448738098145 34.944881439209 34.944881439209 34.9448890686035 34.9449119567871 34.9449424743652 34.9449920654297 34.9450378417969 34.9450798034668 34.9451141357422 34.945140838623 34.9451560974121 34.9451637268066 34.945125579834 34.945068359375 34.9450378417969
34.9451217651367 34.9450073242188 34.9449005126953 34.9449043273926 34.9449157714844 34.9448890686035 34.9448699951172 34.9448890686035 34.9448852539062 34.9448356628418 34.9448165893555 34.9448356628418 34.9448432922363 34.9448432922363 34.9448432922363 34.9448394775391 34.9448318481445 34.9448204040527 34.9448013305664 34.9447822570801 34.9447708129883 34.944766998291 34.9447708129883 34.9447784423828 34.9447898864746 34.9448013305664 34.9448127746582 34.94482421875 34.9448356628418 34.9448547363281 34.9448738098145 34.9448852539062 34.944896697998 34.9449043273926 34.9449157714844 34.944938659668 34.9449691772461 34.9450149536133 34.9450607299805 34.9450988769531 34.9451332092285 34.9451560974121 34.9451751708984 34.9451942443848 34.945182800293 34.9451560974121 34.945125579834
34.9449348449707 34.9448623657227 34.9447937011719 34.9447937011719 34.9448051452637 34.9447708129883 34.944751739502 34.9448013305664 34.9448356628418 34.9448280334473 34.9448738098145 34.9449882507324 34.9450187683105 34.9449806213379 34.944953918457 34.944938659668 34.9449195861816 34.9449005126953 34.9448623657227 34.94482421875 34.9447975158691 34.9447784423828 34.9447822570801 34.9447860717773 34.9447975158691 34.9448089599609 34.9448204040527 34.9448318481445 34.9448432922363 34.9448623657227 34.9448852539062 34.9449081420898 34.9449272155762 34.9449462890625 34.9449615478516 34.9449844360352 34.9450073242188 34.9450416564941 34.9450798034668 34.9451103210449 34.9451446533203 34.9451713562012 34.9451942443848 34.9452171325684 34.9452171325684 34.9452095031738 34.9451789855957
34.9447784423828 34.9447593688965 34.9447402954102 34.9447364807129 34.9447326660156 34.9447212219238 34.9447364807129 34.9448623657227 34.944953918457 34.9449615478516 34.9450416564941 34.9452171325684 34.9452476501465 34.9451560974121 34.9451026916504 34.9450645446777 34.9450302124023 34.9450035095215 34.9449424743652 34.944881439209 34.9448318481445 34.9447937011719 34.9447898864746 34.9447898864746 34.9448013305664 34.9448127746582 34.94482421875 34.9448356628418 34.9448471069336 34.9448699951172 34.9449005126953 34.9449310302734 34.9449615478516 34.9449920654297 34.9450187683105 34.9450340270996 34.9450492858887 34.9450721740723 34.9450950622559 34.9451217651367 34.9451522827148 34.9451866149902 34.9452133178711 34.9452362060547 34.9452476501465 34.9452476501465 34.9452209472656
34.944751739502 34.9447402954102 34.9447288513184 34.9447212219238 34.9447135925293 34.9447059631348 34.9447708129883 34.9452171325684 34.9455261230469 34.945499420166 34.945499420166 34.9455337524414 34.9454727172852 34.9453392028809 34.945255279541 34.945198059082 34.9451446533203 34.9450950622559 34.9450187683105 34.9449424743652 34.9448928833008 34.9448471069336 34.9448280334473 34.9448165893555 34.9448204040527 34.9448280334473 34.9448432922363 34.9448547363281 34.9448661804199 34.9448928833008 34.9449272155762 34.9449691772461 34.9450149536133 34.9450569152832 34.9450988769531 34.9451179504395 34.9451370239258 34.9451484680176 34.9451599121094 34.9451751708984 34.9451942443848 34.9452209472656 34.9452438354492 34.9452590942383 34.9452667236328 34.9452667236328 34.9452362060547
34.9447479248047 34.9447402954102 34.9447250366211 34.9447135925293 34.9447021484375 34.9446907043457 34.9448165893555 34.9456329345703 34.9461898803711 34.9461250305176 34.9460182189941 34.9458656311035 34.9457015991211 34.9455223083496 34.9454116821289 34.9453315734863 34.9452590942383 34.9451866149902 34.9450988769531 34.9450073242188 34.944953918457 34.9449043273926 34.9448699951172 34.9448471069336 34.9448471069336 34.9448509216309 34.9448623657227 34.9448738098145 34.9448852539062 34.9449157714844 34.944953918457 34.945011138916 34.9450721740723 34.9451293945312 34.9451866149902 34.9452133178711 34.9452323913574 34.9452362060547 34.9452362060547 34.9452362060547 34.9452438354492 34.9452629089355 34.9452743530273 34.9452819824219 34.9452819824219 34.9452781677246 34.9452476501465
34.9448738098145 34.9448852539062 34.9448776245117 34.9448890686035 34.9449157714844 34.9453277587891 34.9457588195801 34.9462852478027 34.9466247558594 34.9465141296387 34.9463348388672 34.9460639953613 34.9458541870117 34.9456901550293 34.9455795288086 34.9454956054688 34.9454040527344 34.9453086853027 34.9451942443848 34.9450836181641 34.9450187683105 34.9449577331543 34.9449310302734 34.9449157714844 34.9449195861816 34.9449272155762 34.9449348449707 34.9449462890625 34.9449615478516 34.9450035095215 34.9450531005859 34.9451179504395 34.9451866149902 34.9452323913574 34.9452743530273 34.9452934265137 34.9453048706055 34.9453048706055 34.9453010559082 34.9452972412109 34.9453010559082 34.9453048706055 34.9453048706055 34.9453048706055 34.9452934265137 34.9452819824219 34.9452514648438
34.9450569152832 34.9450874328613 34.9450912475586 34.945125579834 34.9451904296875 34.945987701416 34.9466934204102 34.9469146728516 34.9470252990723 34.9468727111816 34.9466323852539 34.9462661743164 34.9460144042969 34.9458618164062 34.9457511901855 34.9456634521484 34.9455490112305 34.9454345703125 34.9453010559082 34.9451713562012 34.9450874328613 34.9450225830078 34.9450073242188 34.9450035095215 34.945011138916 34.9450187683105 34.9450263977051 34.9450378417969 34.9450492858887 34.9450988769531 34.9451599121094 34.9452285766602 34.9453010559082 34.9453315734863 34.9453582763672 34.9453620910645 34.9453659057617 34.9453659057617 34.9453620910645 34.9453544616699 34.9453506469727 34.9453468322754 34.9453353881836 34.9453239440918 34.9453048706055 34.9452896118164 34.9452590942383
34.9457893371582 34.9458618164062 34.945915222168 34.9459686279297 34.9460372924805 34.9466018676758 34.9470863342285 34.9471588134766 34.9471626281738 34.9470176696777 34.9468231201172 34.9465599060059 34.9463119506836 34.9460716247559 34.9459381103516 34.9458503723145 34.945728302002 34.9455986022949 34.9454689025879 34.9453430175781 34.9452743530273 34.9452171325684 34.9452247619629 34.9452285766602 34.945240020752 34.9452438354492 34.9452438354492 34.9452476501465 34.945255279541 34.9452743530273 34.9453010559082 34.9453277587891 34.9453544616699 34.9453506469727 34.9453468322754 34.9453392028809 34.9453353881836 34.9453392028809 34.9453468322754 34.9453506469727 34.9453506469727 34.9453468322754 34.9453392028809 34.9453277587891 34.9453086853027 34.9452857971191 34.9452629089355
34.9464263916016 34.9465293884277 34.9466400146484 34.9467086791992 34.9467811584473 34.9471244812012 34.9474029541016 34.9473571777344 34.9472846984863 34.947151184082 34.9470062255859 34.9468383789062 34.9466133117676 34.9463348388672 34.9461936950684 34.9461135864258 34.9459838867188 34.9458465576172 34.9457206726074 34.9455986022949 34.9455337524414 34.945484161377 34.9454917907715 34.9454956054688 34.9454917907715 34.945484161377 34.9454689025879 34.9454574584961 34.9454460144043 34.9454345703125 34.9454231262207 34.9454116821289 34.9453964233398 34.9453659057617 34.9453353881836 34.9453201293945 34.9453086853027 34.9453163146973 34.9453277587891 34.9453430175781 34.9453506469727 34.9453506469727 34.9453430175781 34.9453277587891 34.9453048706055 34.9452857971191 34.9452629089355
34.9466857910156 34.9468307495117 34.9470062255859 34.9470748901367 34.947135925293 34.9472999572754 34.9474296569824 34.947395324707 34.9473457336426 34.9472541809082 34.9471588134766 34.9470520019531 34.9469337463379 34.9468078613281 34.9467163085938 34.946647644043 34.9465293884277 34.9464073181152 34.9462776184082 34.9461517333984 34.9460754394531 34.9460029602051 34.9459571838379 34.9459037780762 34.9458465576172 34.9457855224609 34.9457206726074 34.9456558227539 34.9455947875977 34.9455451965332 34.9454956054688 34.9454460144043 34.9453926086426 34.9453506469727 34.9453125 34.9452972412109 34.9452896118164 34.9452934265137 34.9453048706055 34.9453277587891 34.9453392028809 34.9453468322754 34.9453392028809 34.9453239440918 34.9453010559082 34.9452781677246 34.9452629089355
