Ecospace-environmental-drivers/Outputs/ASCII-for-ecospace/MOM6-ISIMIP3a/so-bot/2009-06_so-bot_MOM6-ISIMIP3a.asc
NCOLS 131 
NROWS 53 
XLLCORNER -98 
YLLCORNER 23.9265270233154 
CELLSIZE 0.133587792515755 
NODATA_value -9999 
[rows 21 to 41 of 53, columns 0 to 46 of 131]
-9999 -9999 -9999 -9999 -9999 -9999 35.0312156677246 35.0121154785156 34.9696502685547 34.892463684082 34.8403358459473 34.6216659545898 34.6484642028809 34.7282867431641 34.9399757385254 35.3038215637207 35.5884552001953 35.8186988830566 35.9319686889648 36.000072479248 36.0645446777344 36.1283760070801 36.2244033813477 36.3098106384277 36.3008193969727 36.2933616638184 36.2908592224121 36.2937049865723 36.3058891296387 36.3312606811523 36.3702049255371 36.4087409973145 36.4470367431641 36.4731559753418 36.4952201843262 36.507568359375 36.5185203552246 36.5222320556641 36.5254821777344 36.5258140563965 36.5262336730957 36.5268974304199 36.5359764099121 36.5580596923828 36.5694885253906 36.5711326599121 36.5780220031738
-9999 -9999 -9999 -9999 -9999 -9999 35.0359649658203 35.0312156677246 34.9930152893066 34.9618988037109 34.892463684082 35.0068740844727 35.1473274230957 35.3393096923828 35.5424499511719 35.7584609985352 35.9428634643555 36.1055641174316 36.1895866394043 36.2432327270508 36.2898902893066 36.335319519043 36.4091796875 36.4751052856445 36.4697532653809 36.4647483825684 36.4608497619629 36.4592247009277 36.4615516662598 36.4714775085449 36.4892196655273 36.5083770751953 36.5283966064453 36.5431671142578 36.5561866760254 36.5683326721191 36.5803337097168 36.5883483886719 36.5958671569824 36.600212097168 36.6036682128906 36.6046409606934 36.6101341247559 36.6226119995117 36.629020690918 36.6298675537109 36.6345825195312
-9999 -9999 -9999 -9999 35.0732650756836 35.0553283691406 35.0372200012207 35.0394592285156 35.0312156677246 34.9548149108887 34.9691047668457 35.3305168151855 35.668815612793 35.9613800048828 36.143856048584 36.1993103027344 36.2789573669434 36.3752136230469 36.4311256408691 36.4714584350586 36.5057792663574 36.5390396118164 36.5807838439941 36.6182327270508 36.6183166503906 36.6175231933594 36.6138877868652 36.6106643676758 36.6081504821777 36.6058769226074 36.6038436889648 36.6039772033691 36.6054306030273 36.6084861755371 36.6120758056641 36.6238441467285 36.6367340087891 36.6481056213379 36.6585540771484 36.6631050109863 36.6651649475098 36.6602745056152 36.658317565918 36.6608963012695 36.6625862121582 36.6634635925293 36.6665687561035
-9999 -9999 -9999 -9999 35.1101112365723 35.090404510498 35.0734329223633 35.0372200012207 35.0499382019043 35.211799621582 35.4032363891602 35.7078742980957 35.9867744445801 36.2147483825684 36.3650703430176 36.4258079528809 36.4826469421387 36.5368118286133 36.5689659118652 36.5926208496094 36.6068229675293 36.6193580627441 36.5395660400391 36.4673118591309 36.4747085571289 36.4802894592285 36.4799766540527 36.507080078125 36.5820426940918 36.6267471313477 36.640323638916 36.6450538635254 36.6444053649902 36.6454963684082 36.6471710205078 36.6550979614258 36.6637725830078 36.6568832397461 36.6415176391602 36.5722007751465 36.4896011352539 36.3700408935547 36.2995719909668 36.3049774169922 36.3104667663574 36.3160362243652 36.322826385498
-9999 -9999 -9999 -9999 -9999 35.1101112365723 35.1408500671387 35.1096496582031 35.1365432739258 35.4844970703125 35.811393737793 36.0576820373535 36.2763404846191 36.4403228759766 36.5480003356934 36.5907096862793 36.5868492126465 36.5509986877441 36.5362777709961 36.5297088623047 36.524169921875 36.5188140869141 36.3577194213867 36.2121696472168 36.2245674133301 36.2344741821289 36.2362976074219 36.2825241088867 36.4062347412109 36.4816589355469 36.507396697998 36.5179405212402 36.5192337036133 36.5194549560547 36.5193214416504 36.5235214233398 36.528133392334 36.5066375732422 36.4719543457031 36.3533058166504 36.2150650024414 36.0223045349121 35.9080352783203 35.9150695800781 35.9227104187012 35.9309005737305 35.9390830993652
-9999 -9999 -9999 -9999 -9999 35.1711273193359 35.1101112365723 35.3064193725586 35.5208129882812 35.8261108398438 36.1056632995605 36.2866821289062 36.4413909912109 36.5440368652344 36.5630416870117 36.4855461120605 36.2548217773438 35.9188613891602 35.7558708190918 35.6596717834473 35.6360511779785 35.6252365112305 35.5592651367188 35.5000610351562 35.5072975158691 35.5125465393066 35.5113334655762 35.5275115966797 35.574031829834 35.6088714599609 35.6316833496094 35.6533622741699 35.6743431091309 35.6784744262695 35.6769866943359 35.6779861450195 35.6791801452637 35.6591262817383 35.633602142334 35.5732078552246 35.5065460205078 35.422435760498 35.3727149963379 35.3761367797852 35.3786849975586 35.3804244995117 35.3799285888672
-9999 -9999 35.3033447265625 35.2881546020508 35.272632598877 35.2322120666504 35.1710548400879 35.4959449768066 35.834156036377 36.0902481079102 36.321590423584 36.458179473877 36.5665664672852 36.6191520690918 36.5310173034668 36.2805099487305 35.8985939025879 35.4264335632324 35.1933250427246 35.0525207519531 35.0200271606445 35.0066452026367 35.0056076049805 35.0053100585938 35.0089454650879 35.0109977722168 35.0079154968262 35.0040168762207 34.9987030029297 35.0057716369629 35.0255737304688 35.0511665344238 35.0802803039551 35.0858497619629 35.0835723876953 35.0824127197266 35.081298828125 35.0640602111816 35.0467224121094 35.0287208557129 35.0132522583008 35.0048332214355 34.9993782043457 34.9985084533691 34.9969253540039 34.9946823120117 34.989013671875
-9999.000000000000000 -9999 -9999 -9999 35.359619140625 35.3130531311035 35.3503112792969 35.6696701049805 35.992748260498 36.1853561401367 36.3665771484375 36.5042114257812 36.6047477722168 36.6318778991699 36.3962860107422 35.8575553894043 35.4895668029785 35.2388381958008 35.1061058044434 35.0189361572266 34.9976692199707 34.9880294799805 34.9860610961914 34.9848175048828 34.9882392883301 34.9902839660645 34.9878692626953 34.985668182373 34.983829498291 34.9910850524902 35.0077018737793 35.0214576721191 35.0334739685059 35.0350952148438 35.0332565307617 35.0322189331055 35.0312194824219 35.0197906494141 35.0085258483887 34.9983024597168 34.9895515441895 34.9849052429199 34.9794731140137 34.972827911377 34.9692077636719 34.9683685302734 34.9651718139648
-9999 -9999 -9999 -9999 35.4761123657227 35.5335960388184 35.5047454833984 35.8013458251953 36.1022987365723 36.2534370422363 36.4024124145508 36.543083190918 36.6094093322754 36.5286178588867 36.186393737793 35.5425148010254 35.2173309326172 35.1110038757324 35.0457534790039 34.9963645935059 34.9811058044434 34.9718704223633 34.9697341918945 34.9682655334473 34.9711036682129 34.9730606079102 34.9721603393555 34.9716033935547 34.9716377258301 34.9779319763184 34.9906692504883 34.996524810791 34.9981956481934 34.9972114562988 34.9953422546387 34.9941329956055 34.992977142334 34.9865989685059 34.9803695678711 34.9751052856445 34.9705467224121 34.967945098877 34.9633636474609 34.9557228088379 34.9520263671875 34.9519500732422 34.9504776000977
-9999 -9999 -9999 -9999 35.5576400756836 35.5816841125488 35.6113700866699 35.8801231384277 36.150146484375 36.2875213623047 36.4267272949219 36.5729522705078 36.5719032287598 36.2794456481934 35.8819465637207 35.3632431030273 35.1171760559082 35.0583457946777 35.0191955566406 34.9876441955566 34.9718360900879 34.9588050842285 34.9574546813965 34.956672668457 34.9584579467773 34.9602203369141 34.9619026184082 34.9629325866699 34.962818145752 34.9667015075684 34.9746894836426 34.9776000976562 34.9774208068848 34.975513458252 34.9730262756348 34.9712753295898 34.9696197509766 34.9673385620117 34.9648399353027 34.9609985351562 34.9574546813965 34.9547271728516 34.9520378112793 34.9494132995605 34.9480972290039 34.9479751586914 34.9472961425781
-9999 -9999 -9999 -9999 35.5816841125488 35.617618560791 35.6598052978516 35.9267387390137 36.1959457397461 36.327075958252 36.4595336914062 36.5970764160156 36.597843170166 36.3279762268066 35.9137001037598 35.3327980041504 35.0685539245605 35.0217704772949 34.9944496154785 34.9746475219727 34.9623756408691 34.9514350891113 34.9506721496582 34.950382232666 34.9521675109863 34.9541931152344 34.9570121765137 34.9586410522461 34.958194732666 34.959602355957 34.9629173278809 34.9637260437012 34.9630088806152 34.9613571166992 34.9593887329102 34.9576797485352 34.9560127258301 34.9554977416992 34.9547462463379 34.9524841308594 34.9502410888672 34.9480438232422 34.9465751647949 34.9462394714355 34.9460296630859 34.9459419250488 34.9456939697266
-9999 -9999 -9999 -9999 35.619701385498 35.6598052978516 35.9303398132324 35.9492263793945 36.2402000427246 36.3707389831543 36.4987144470215 36.6168899536133 36.6713638305664 36.5997848510742 36.1976089477539 35.4139823913574 35.0585784912109 34.9972534179688 34.971061706543 34.958438873291 34.9527740478516 34.9483375549316 34.9480094909668 34.948070526123 34.9506340026855 34.9532699584961 34.9561424255371 34.957633972168 34.9567108154297 34.9556007385254 34.9542999267578 34.9536399841309 34.9533729553223 34.9528579711914 34.9522552490234 34.9510269165039 34.9497184753418 34.9492263793945 34.9487228393555 34.9481620788574 34.9474411010742 34.9462623596191 34.9455070495605 34.9454116821289 34.9453620910645 34.9453620910645 34.9452743530273
-9999 -9999 -9999 -9999 35.6598052978516 35.9637107849121 36.0948486328125 36.1855888366699 36.2063293457031 36.3659553527832 36.5139503479004 36.6174240112305 36.6900062561035 36.7014541625977 36.3035621643066 35.4333572387695 35.0461654663086 34.9906768798828 34.9662437438965 34.9538078308105 34.9497528076172 34.9471740722656 34.9467964172363 34.9466819763184 34.9483680725098 34.9500885009766 34.9519157409668 34.952953338623 34.9526138305664 34.951587677002 34.9498481750488 34.9491157531738 34.9489974975586 34.9488792419434 34.9487609863281 34.9479026794434 34.946949005127 34.9466018676758 34.9462966918945 34.9462242126465 34.9460182189941 34.9454345703125 34.9450759887695 34.9450569152832 34.9450531005859 34.9450645446777 34.9450340270996
-9999 -9999 -9999 -9999 -9999 36.1476249694824 36.1698455810547 36.149730682373 36.1389770507812 36.3404121398926 36.5189208984375 36.6096954345703 36.6851272583008 36.7302017211914 36.3332443237305 35.4262466430664 35.0327072143555 34.9917907714844 34.9693870544434 34.9541397094727 34.9495468139648 34.9468383789062 34.9462051391602 34.9456901550293 34.9457893371582 34.9459381103516 34.9462471008301 34.9466972351074 34.9473991394043 34.9475631713867 34.9471817016602 34.9469718933105 34.9468727111816 34.9468383789062 34.9468231201172 34.9462928771973 34.9456901550293 34.9455451965332 34.9454078674316 34.9453086853027 34.9451866149902 34.9450187683105 34.9449119567871 34.9449043273926 34.944896697998 34.9448890686035 34.9448738098145
-9999 -9999 -9999 -9999 -9999 36.195011138916 36.1781845092773 36.1742172241211 36.185302734375 36.3745231628418 36.5419616699219 36.6260299682617 36.6969375610352 36.7417945861816 36.3407936096191 35.4253425598145 35.0298843383789 34.9915313720703 34.9704895019531 34.956127166748 34.9506225585938 34.9466781616211 34.9459075927734 34.9452629089355 34.945125579834 34.9450416564941 34.9451484680176 34.945369720459 34.9457969665527 34.9459800720215 34.9459190368652 34.9458656311035 34.9458122253418 34.9457893371582 34.9457817077637 34.9455108642578 34.9452095031738 34.9451484680176 34.9450874328613 34.9450225830078 34.9449615478516 34.9449043273926 34.9448661804199 34.9448585510254 34.9448509216309 34.9448471069336 34.9448432922363
-9999 -9999 -9999 -9999 -9999 36.247631072998 36.2369995117188 36.2106094360352 36.2551536560059 36.4209785461426 36.5687370300293 36.6473426818848 36.7121963500977 36.7498359680176 36.3437652587891 35.425724029541 35.0292625427246 34.9909934997559 34.9711647033691 34.9584579467773 34.9519577026367 34.9465522766113 34.9456672668457 34.9449577331543 34.9448547363281 34.9448165893555 34.9449920654297 34.9450607299805 34.9449424743652 34.9449043273926 34.9449501037598 34.9449691772461 34.9449729919434 34.9449501037598 34.9449234008789 34.9449043273926 34.9448928833008 34.9448852539062 34.944881439209 34.9448699951172 34.9448623657227 34.9448547363281 34.9448432922363 34.9448356628418 34.9448280334473 34.9448280334473 34.9448432922363
-9999 -9999 -9999 -9999 -9999 -9999 36.3277130126953 36.3261680603027 36.3383407592773 36.4818000793457 36.6098136901855 36.6787109375 36.7344856262207 36.7643013000488 36.3562545776367 35.4429779052734 35.0451774597168 35.0013771057129 34.9780578613281 34.9626541137695 34.953670501709 34.9458198547363 34.9452171325684 34.94482421875 34.9448738098145 34.9449806213379 34.9452819824219 34.9454536437988 34.9453887939453 34.9453620910645 34.9453811645508 34.9453773498535 34.945369720459 34.9453582763672 34.9453506469727 34.9453239440918 34.9452934265137 34.9451293945312 34.9449768066406 34.9448852539062 34.9448165893555 34.94482421875 34.9448280334473 34.94482421875 34.94482421875 34.9448280334473 34.9449005126953
-9999 -9999 -9999 -9999 -9999 -9999 36.4200897216797 36.4463653564453 36.4217987060547 36.5431900024414 36.651683807373 36.7108192443848 36.7568435668945 36.7769355773926 36.3663558959961 35.4588508605957 35.0602684020996 35.0111808776855 34.9845161437988 34.9665069580078 34.9552192687988 34.9451179504395 34.9448013305664 34.9447326660156 34.944938659668 34.9451942443848 34.9455986022949 34.9458618164062 34.945873260498 34.945873260498 34.945858001709 34.9458389282227 34.9458160400391 34.9458198547363 34.9458274841309 34.9457817077637 34.9457244873047 34.9454154968262 34.945125579834 34.9449577331543 34.9448394775391 34.9448585510254 34.9448738098145 34.9448738098145 34.9448776245117 34.9448852539062 34.9450073242188
-9999 -9999 -9999 -9999 -9999 -9999 36.5168190002441 36.487735748291 36.501766204834 36.6037483215332 36.6951484680176 36.7460403442383 36.7765998840332 36.7669219970703 36.3464431762695 35.4519653320312 35.0586929321289 35.0096168518066 34.9833068847656 34.9657897949219 34.9548416137695 34.9450531005859 34.9448852539062 34.9449653625488 34.9453926086426 34.9457664489746 34.9459838867188 34.9461326599121 34.9461555480957 34.9461669921875 34.9461669921875 34.9462013244629 34.9462509155273 34.9462585449219 34.9462509155273 34.9462051391602 34.9461555480957 34.945915222168 34.9456977844238 34.945613861084 34.9455528259277 34.945556640625 34.9455451965332 34.9455146789551 34.9455070495605 34.9455146789551 34.9456214904785
-9999 -9999 -9999 -9999 -9999 36.6529006958008 36.6070404052734 36.6163597106934 36.5871963500977 36.667121887207 36.7387924194336 36.7788505554199 36.7793884277344 36.7017250061035 36.2677955627441 35.4227867126465 35.051097869873 35.0044555664062 34.9796447753906 34.9632606506348 34.9535522460938 34.9450187683105 34.9450950622559 34.945384979248 34.945915222168 34.9463348388672 34.9463996887207 34.9464530944824 34.9464836120605 34.9465065002441 34.9465179443359 34.9465789794922 34.9466705322266 34.9466781616211 34.9466590881348 34.9466171264648 34.9465713500977 34.9463958740234 34.9462394714355 34.946216583252 34.9461975097656 34.9461936950684 34.9461708068848 34.946117401123 34.9460830688477 34.9460716247559 34.9461517333984
-9999 -9999 -9999 -9999 36.6828269958496 36.6692848205566 36.6529006958008 36.6711654663086 36.6926651000977 36.7408180236816 36.7830810546875 36.8028030395508 36.7199668884277 36.434196472168 35.9737854003906 35.3118667602539 35.021427154541 34.9861030578613 34.9669723510742 34.9540939331055 34.9489212036133 34.9451065063477 34.9457664489746 34.9464645385742 34.9466934204102 34.9468765258789 34.9469184875488 34.9469528198242 34.9469757080078 34.9469909667969 34.9469985961914 34.947021484375 34.9470481872559 34.9470443725586 34.9470329284668 34.9469833374023 34.9469261169434 34.9468040466309 34.9466896057129 34.9466361999512 34.946605682373 34.9466247558594 34.9466171264648 34.9465599060059 34.9464797973633 34.9463768005371 34.9463729858398
