Ecospace-environmental-drivers/Outputs/ASCII-for-ecospace/MOM6-ISIMIP3a/so-bot/2009-09_so-bot_MOM6-ISIMIP3a.asc
NCOLS 131 
NROWS 53 
XLLCORNER -98 
YLLCORNER 23.9265270233154 
CELLSIZE 0.133587792515755 
NODATA_value -9999 
[rows 21 to 41 of 53, columns 47 to 93 of 131]
36.6940002441406 36.7082405090332 36.7217216491699 36.7127571105957 36.7017250061035 36.6968955993652 36.6936454772949 36.698429107666 36.705924987793 36.7199821472168 36.7323379516602 36.7423667907715 36.748363494873 36.7510643005371 36.4442977905273 35.9909400939941 35.5475387573242 35.106517791748 35.062931060791 35.0464324951172 35.0268745422363 35.005126953125 34.9742202758789 34.9518547058105 34.947509765625 34.9450607299805 34.9449234008789 34.9448547363281 34.9448356628418 34.9448204040527 34.9448013305664 34.9448432922363 34.9449005126953 34.9460792541504 34.9475021362305 34.9509086608887 34.9639549255371 35.0108833312988 35.0548973083496 35.0934982299805 35.1347122192383 35.1787643432617 35.2697868347168 35.3912048339844 35.5488929748535 35.7196083068848 35.9814376831055
36.7584686279297 36.7657890319824 36.7727813720703 36.7702560424805 36.7668113708496 36.7647514343262 36.7559814453125 36.7130661010742 36.6862945556641 36.6985092163086 36.633731842041 36.463249206543 36.3397941589355 36.2548179626465 35.9833831787109 35.6236305236816 35.339241027832 35.0728569030762 35.0271224975586 34.9981575012207 34.9926681518555 34.9842643737793 34.9636459350586 34.948844909668 34.9463233947754 34.9449119567871 34.9448547363281 34.94482421875 34.9448204040527 34.9448089599609 34.9447937011719 34.9447937011719 34.9447937011719 34.9448127746582 34.9449424743652 34.9461517333984 34.9521827697754 34.9751663208008 34.9968528747559 35.0161323547363 35.0434951782227 35.079662322998 35.1370964050293 35.2082901000977 35.3130874633789 35.4299583435059 35.684024810791
36.7909317016602 36.7853126525879 36.7780570983887 36.7775230407715 36.7774963378906 36.7725257873535 36.7540435791016 36.6668167114258 36.6067352294922 36.6121864318848 36.4732551574707 36.1361045837402 35.8932647705078 35.7275772094727 35.5001564025879 35.2434959411621 35.133487701416 35.0585250854492 35.012622833252 34.9715538024902 34.9718284606934 34.9695014953613 34.9562835693359 34.9468841552734 34.9455528259277 34.9448204040527 34.9448127746582 34.9448051452637 34.9448013305664 34.9447937011719 34.9447860717773 34.9447860717773 34.9447860717773 34.9447937011719 34.9447975158691 34.9447975158691 34.9448013305664 34.9448165893555 34.9459114074707 34.9490127563477 34.9656639099121 34.9970779418945 35.0221328735352 35.0430755615234 35.0919418334961 35.1508407592773 35.3839530944824
36.4170112609863 36.3167495727539 36.1866912841797 36.1773681640625 36.1768569946289 36.0805702209473 35.9939002990723 35.9561576843262 35.9057350158691 35.82470703125 35.7140274047852 35.5626335144043 35.4537734985352 35.379711151123 35.264347076416 35.1294174194336 35.0664329528809 35.0206451416016 34.9918403625488 34.9658088684082 34.9631767272949 34.9596786499023 34.9525527954102 34.9472160339355 34.9456634521484 34.9448051452637 34.9447937011719 34.9447937011719 34.9447975158691 34.9447937011719 34.9447937011719 34.9448013305664 34.9448089599609 34.9448165893555 34.9448204040527 34.94482421875 34.94482421875 34.9448318481445 34.9453201293945 34.9467086791992 34.9541778564453 34.9682731628418 34.9795074462891 34.988883972168 35.0269012451172 35.0752067565918 35.2161636352539
36.0012588500977 35.840518951416 35.6323280334473 35.6170234680176 35.6158142089844 35.4621658325195 35.3341979980469 35.3368721008301 35.2987937927246 35.1623268127441 35.083309173584 35.0831604003906 35.0832252502441 35.0834655761719 35.06103515625 35.0278701782227 35.0053443908691 34.9853630065918 34.9719696044922 34.9595680236816 34.9550476074219 34.9510192871094 34.9490547180176 34.9472198486328 34.9456520080566 34.9447860717773 34.9447784423828 34.9447822570801 34.9447898864746 34.9447975158691 34.9447975158691 34.9448127746582 34.9448318481445 34.9448394775391 34.9448432922363 34.9448471069336 34.9448471069336 34.9448471069336 34.9448432922363 34.9448356628418 34.9448280334473 34.9448204040527 34.9447975158691 34.9447631835938 34.9710502624512 35.0067939758301 35.0669555664062
35.4020729064941 35.3306541442871 35.2402076721191 35.2312393188477 35.2284126281738 35.1662750244141 35.1148948669434 35.1182479858398 35.1042747497559 35.048454284668 35.0160636901855 35.0158386230469 35.014965057373 35.0135612487793 35.0002403259277 34.9812698364258 34.9704093933105 34.9614868164062 34.9560966491699 34.9511528015137 34.9492073059082 34.9474678039551 34.946590423584 34.9457855224609 34.9451370239258 34.9447784423828 34.9447708129883 34.9447784423828 34.9447937011719 34.9448013305664 34.9448089599609 34.9448280334473 34.9448547363281 34.9448623657227 34.9448738098145 34.9448776245117 34.9448776245117 34.9448738098145 34.9448699951172 34.9448585510254 34.9448509216309 34.9448394775391 34.94482421875 34.9448051452637 34.9554977416992 34.9700355529785 34.999195098877
34.9841270446777 34.9755516052246 34.9674339294434 34.9635887145996 34.9603233337402 34.9609642028809 34.9620475769043 34.965389251709 34.9675636291504 34.9669342041016 34.9664421081543 34.966136932373 34.9646644592285 34.9622383117676 34.956241607666 34.9485626220703 34.9461822509766 34.9450721740723 34.9451599121094 34.9453086853027 34.9451484680176 34.9449996948242 34.944881439209 34.9447975158691 34.9447822570801 34.9447708129883 34.9447708129883 34.9447784423828 34.9447937011719 34.9448089599609 34.94482421875 34.9448471069336 34.9448776245117 34.9448890686035 34.9449005126953 34.9449043273926 34.9449043273926 34.9449005126953 34.9448928833008 34.944881439209 34.9448738098145 34.9448623657227 34.9448547363281 34.9448432922363 34.9448432922363 34.9448432922363 34.951473236084
34.9616279602051 34.9581184387207 34.9550476074219 34.9536819458008 34.9525604248047 34.9532890319824 34.9541969299316 34.9560050964355 34.9569931030273 34.9560050964355 34.9552688598633 34.9548835754395 34.9535522460938 34.9514503479004 34.9489097595215 34.9461555480957 34.9453201293945 34.944938659668 34.944995880127 34.9450721740723 34.9449806213379 34.9448928833008 34.94482421875 34.9447784423828 34.9447822570801 34.9447822570801 34.9447822570801 34.9447898864746 34.9448013305664 34.94482421875 34.9448509216309 34.9448738098145 34.944896697998 34.9449119567871 34.9449234008789 34.9449234008789 34.9449234008789 34.9449195861816 34.9449119567871 34.9449043273926 34.9449005126953 34.9449005126953 34.9448928833008 34.9448852539062 34.9448852539062 34.944881439209 34.9474754333496
34.9482650756836 34.9477005004883 34.9474906921387 34.9474639892578 34.9474830627441 34.9481086730957 34.9487609863281 34.949535369873 34.9498062133789 34.9488639831543 34.9481506347656 34.9477462768555 34.9467582702637 34.9452972412109 34.9448204040527 34.9448165893555 34.9448318481445 34.9448509216309 34.9448776245117 34.9449043273926 34.9448623657227 34.9448204040527 34.9447898864746 34.9447708129883 34.9447822570801 34.9447898864746 34.9447937011719 34.9447975158691 34.9448089599609 34.9448356628418 34.9448699951172 34.9448928833008 34.9449157714844 34.9449310302734 34.944938659668 34.9449424743652 34.9449424743652 34.944938659668 34.9449348449707 34.9449272155762 34.9449310302734 34.9449348449707 34.9449348449707 34.9449310302734 34.9449310302734 34.9449272155762 34.9451942443848
34.9463882446289 34.9461135864258 34.9460029602051 34.9458885192871 34.9457855224609 34.9460678100586 34.946361541748 34.9467239379883 34.9468688964844 34.9464950561523 34.9461326599121 34.9457931518555 34.9454002380371 34.9449653625488 34.9448204040527 34.9448165893555 34.9448165893555 34.9448204040527 34.94482421875 34.9448280334473 34.9448127746582 34.9447975158691 34.9447860717773 34.9447784423828 34.9447860717773 34.9447937011719 34.9447975158691 34.9448051452637 34.9448204040527 34.9448471069336 34.944881439209 34.9449081420898 34.9449272155762 34.9449424743652 34.944953918457 34.9449577331543 34.9449577331543 34.944953918457 34.944953918457 34.9449501037598 34.9449577331543 34.9449691772461 34.9449768066406 34.9449806213379 34.9449806213379 34.9449806213379 34.945068359375
34.9454727172852 34.9453277587891 34.9452362060547 34.9451217651367 34.945011138916 34.9450912475586 34.9451789855957 34.9453048706055 34.9453659057617 34.9452667236328 34.9451293945312 34.9449348449707 34.9448471069336 34.9448432922363 34.9448356628418 34.9448280334473 34.9448204040527 34.9448127746582 34.9448051452637 34.9447975158691 34.9447937011719 34.9447898864746 34.9447860717773 34.9447860717773 34.9447898864746 34.9447975158691 34.9448051452637 34.9448165893555 34.9448318481445 34.9448623657227 34.944896697998 34.9449234008789 34.9449462890625 34.9449577331543 34.9449653625488 34.9449691772461 34.9449729919434 34.9449729919434 34.9449729919434 34.9449768066406 34.9449844360352 34.9449996948242 34.945011138916 34.9450187683105 34.9450225830078 34.9450263977051 34.9450340270996
34.9452819824219 34.9451484680176 34.945011138916 34.9449653625488 34.9449348449707 34.9449157714844 34.9449081420898 34.9449234008789 34.9449310302734 34.9449005126953 34.9448890686035 34.9449043273926 34.944896697998 34.9448738098145 34.9448585510254 34.9448471069336 34.9448356628418 34.9448204040527 34.9448127746582 34.9448013305664 34.9447975158691 34.9447898864746 34.9447860717773 34.9447860717773 34.9447937011719 34.9448051452637 34.9448127746582 34.9448280334473 34.9448471069336 34.9448776245117 34.9449195861816 34.9449424743652 34.9449615478516 34.9449729919434 34.9449806213379 34.9449844360352 34.9449882507324 34.9449920654297 34.944995880127 34.9449996948242 34.945011138916 34.9450263977051 34.9450378417969 34.9450454711914 34.9450531005859 34.9450645446777 34.945068359375
34.9450874328613 34.9450035095215 34.9449081420898 34.9448928833008 34.944881439209 34.9448471069336 34.94482421875 34.9448471069336 34.9448623657227 34.9448547363281 34.9449005126953 34.9450302124023 34.9450645446777 34.9450225830078 34.9449882507324 34.9449615478516 34.9449348449707 34.9449081420898 34.9448852539062 34.9448585510254 34.9448280334473 34.9448051452637 34.9448013305664 34.9448013305664 34.9448089599609 34.9448204040527 34.9448280334473 34.9448432922363 34.9448623657227 34.9449005126953 34.9449424743652 34.9449691772461 34.9449882507324 34.944995880127 34.9450073242188 34.9450035095215 34.9450035095215 34.9450073242188 34.9450149536133 34.9450225830078 34.9450340270996 34.9450492858887 34.9450607299805 34.945068359375 34.9450798034668 34.9450912475586 34.9450950622559
34.9448928833008 34.9448776245117 34.9448623657227 34.9448509216309 34.9448432922363 34.94482421875 34.9448204040527 34.9449005126953 34.944953918457 34.9449424743652 34.9450225830078 34.9452247619629 34.9452857971191 34.9452247619629 34.9451675415039 34.9451141357422 34.9450721740723 34.9450302124023 34.9449844360352 34.9449348449707 34.9448776245117 34.9448280334473 34.9448204040527 34.9448204040527 34.9448280334473 34.9448356628418 34.9448471069336 34.9448623657227 34.944881439209 34.9449195861816 34.9449729919434 34.944995880127 34.9450187683105 34.9450263977051 34.9450340270996 34.9450263977051 34.9450225830078 34.9450263977051 34.9450302124023 34.9450416564941 34.9450569152832 34.9450721740723 34.9450798034668 34.9450912475586 34.9451026916504 34.9451179504395 34.9451217651367
34.9448585510254 34.9448547363281 34.9448509216309 34.9448471069336 34.9448394775391 34.94482421875 34.9448623657227 34.9451713562012 34.9453926086426 34.9454193115234 34.9454612731934 34.9455337524414 34.9455032348633 34.9453887939453 34.9453048706055 34.9452285766602 34.9451789855957 34.9451332092285 34.9450759887695 34.9450225830078 34.9449691772461 34.9449234008789 34.9449081420898 34.944896697998 34.9449005126953 34.9449081420898 34.9449195861816 34.9449310302734 34.9449424743652 34.9449768066406 34.9450149536133 34.9450416564941 34.945068359375 34.9450798034668 34.9450912475586 34.9450836181641 34.9450759887695 34.9450721740723 34.9450721740723 34.9450759887695 34.9450836181641 34.9450950622559 34.9451065063477 34.9451179504395 34.9451293945312 34.9451446533203 34.9451446533203
34.9448623657227 34.9448547363281 34.9448471069336 34.9448471069336 34.9448432922363 34.9448318481445 34.9449119567871 34.945484161377 34.9459075927734 34.945972442627 34.9459686279297 34.9458618164062 34.9457206726074 34.9455528259277 34.9454307556152 34.9453353881836 34.9452781677246 34.9452323913574 34.9451675415039 34.9451065063477 34.9450721740723 34.9450340270996 34.9450073242188 34.9449882507324 34.9449882507324 34.9449920654297 34.9450035095215 34.945011138916 34.9450149536133 34.9450378417969 34.9450645446777 34.9450950622559 34.9451217651367 34.9451370239258 34.9451522827148 34.9451484680176 34.945140838623 34.9451293945312 34.9451217651367 34.9451141357422 34.9451141357422 34.945125579834 34.9451370239258 34.9451484680176 34.9451599121094 34.9451713562012 34.9451637268066
34.9449691772461 34.9449653625488 34.9449462890625 34.9449462890625 34.9449615478516 34.9452743530273 34.9456062316895 34.9460334777832 34.9463386535645 34.9463386535645 34.9462432861328 34.9460182189941 34.9458274841309 34.9456634521484 34.945556640625 34.9454727172852 34.9454154968262 34.945369720459 34.9453086853027 34.9452514648438 34.9452133178711 34.9451789855957 34.9451560974121 34.945140838623 34.945140838623 34.9451446533203 34.9451484680176 34.9451522827148 34.9451522827148 34.9451675415039 34.9451866149902 34.9452095031738 34.9452285766602 34.9452362060547 34.945240020752 34.9452323913574 34.9452209472656 34.9452095031738 34.945198059082 34.945182800293 34.9451751708984 34.9451713562012 34.9451751708984 34.945182800293 34.9451866149902 34.9451942443848 34.945182800293
34.9451103210449 34.9451179504395 34.9450874328613 34.9450912475586 34.945125579834 34.9457397460938 34.9462966918945 34.9465675354004 34.9467353820801 34.9466667175293 34.9464912414551 34.9461669921875 34.9459342956543 34.9457778930664 34.9456787109375 34.9456100463867 34.945556640625 34.9455108642578 34.9454536437988 34.9454002380371 34.9453620910645 34.9453315734863 34.9453163146973 34.9453048706055 34.9453010559082 34.9453010559082 34.9452972412109 34.9452934265137 34.9452857971191 34.9452934265137 34.9453048706055 34.9453163146973 34.9453277587891 34.9453239440918 34.9453163146973 34.9453048706055 34.9452972412109 34.9452819824219 34.9452667236328 34.9452476501465 34.9452323913574 34.9452171325684 34.9452133178711 34.9452133178711 34.9452133178711 34.9452133178711 34.9452018737793
34.9456253051758 34.9456558227539 34.9456672668457 34.9456901550293 34.9457321166992 34.9462509155273 34.9467010498047 34.9468040466309 34.946834564209 34.946704864502 34.9465255737305 34.9462890625 34.9460754394531 34.9458808898926 34.9457893371582 34.9457473754883 34.9457015991211 34.9456558227539 34.9456253051758 34.9455986022949 34.9455833435059 34.9455680847168 34.9455604553223 34.9455451965332 34.9455261230469 34.9454956054688 34.9454536437988 34.9454154968262 34.9453811645508 34.9453582763672 34.9453468322754 34.9453315734863 34.9453163146973 34.9453010559082 34.9452857971191 34.9452781677246 34.9452743530273 34.9452781677246 34.9452743530273 34.9452705383301 34.9452590942383 34.9452476501465 34.9452438354492 34.945240020752 34.9452362060547 34.9452285766602 34.9452133178711
34.9460830688477 34.9461402893066 34.9461975097656 34.9462432861328 34.9463005065918 34.9467010498047 34.9470291137695 34.9469871520996 34.9469108581543 34.9467353820801 34.9465675354004 34.9464111328125 34.9462356567383 34.946044921875 34.9459686279297 34.9459457397461 34.9459075927734 34.9458618164062 34.9458503723145 34.9458427429199 34.9458427429199 34.9458389282227 34.9458274841309 34.94580078125 34.9457588195801 34.9456939697266 34.945613861084 34.9455375671387 34.9454727172852 34.945426940918 34.9453887939453 34.9453468322754 34.9453086853027 34.9452819824219 34.9452590942383 34.945255279541 34.945255279541 34.9452705383301 34.9452781677246 34.9452819824219 34.9452819824219 34.9452743530273 34.9452667236328 34.9452629089355 34.9452514648438 34.945240020752 34.9452247619629
34.9463386535645 34.9464378356934 34.9465637207031 34.9466400146484 34.9467163085938 34.9469184875488 34.9470748901367 34.9469985961914 34.9468955993652 34.9467391967773 34.9466171264648 34.9465370178223 34.9464683532715 34.9464073181152 34.9463768005371 34.9463691711426 34.9463348388672 34.9462966918945 34.9462738037109 34.9462585449219 34.9462471008301 34.9462280273438 34.946174621582 34.9461135864258 34.9460296630859 34.9459228515625 34.9457893371582 34.945671081543 34.9455680847168 34.9454917907715 34.945426940918 34.9453620910645 34.9452972412109 34.9452667236328 34.945240020752 34.9452362060547 34.945240020752 34.9452514648438 34.9452667236328 34.9452743530273 34.9452781677246 34.9452781677246 34.9452743530273 34.9452667236328 34.9452590942383 34.9452514648438 34.9452323913574
