Ecospace-environmental-drivers/Outputs/ASCII-for-ecospace/MOM6-ISIMIP3a/so-bot/2009-01_so-bot_MOM6-ISIMIP3a.asc
NCOLS 131 
NROWS 53 
XLLCORNER -98 
YLLCORNER 23.9265270233154 
CELLSIZE 0.133587792515755 
NODATA_value -9999 
[rows 21 to 41 of 53, columns 0 to 46 of 131]
-9999 -9999 -9999 -9999 -9999 -9999 36.1791229248047 36.1598167419434 36.1074600219727 36.0186996459961 35.8814315795898 35.6467781066895 35.6414680480957 35.6256484985352 35.6306343078613 35.6596221923828 35.7521934509277 35.8884315490723 36.0054626464844 36.1150703430176 36.2182540893555 36.3203048706055 36.3419570922852 36.3577995300293 36.339900970459 36.3258361816406 36.3242073059082 36.3241996765137 36.3270111083984 36.3307113647461 36.3353271484375 36.3391494750977 36.3424873352051 36.3553810119629 36.3714561462402 36.3749198913574 36.376636505127 36.3783149719238 36.379020690918 36.3735275268555 36.3675727844238 36.3603401184082 36.3503646850586 36.3361434936523 36.3347969055176 36.345272064209 36.3561706542969
-9999 -9999 -9999 -9999 -9999 -9999 36.1829376220703 36.1791229248047 36.140510559082 36.0915145874023 36.0186996459961 35.9788131713867 35.9611511230469 35.9874725341797 36.0178604125977 36.0529441833496 36.1235046386719 36.2184295654297 36.2915802001953 36.3563194274902 36.4131622314453 36.4686126708984 36.4806365966797 36.489803314209 36.4830551147461 36.477912902832 36.4779739379883 36.4776420593262 36.4766273498535 36.4789047241211 36.4845733642578 36.4869613647461 36.4873504638672 36.4936103820801 36.5018272399902 36.5018882751465 36.5008087158203 36.4980316162109 36.4945945739746 36.4869689941406 36.4792098999023 36.4710845947266 36.4614753723145 36.4495697021484 36.4455070495605 36.4486427307129 36.4521522521973
-9999 -9999 -9999 -9999 36.1232299804688 36.1675872802734 36.1851921081543 36.1845016479492 36.1791229248047 36.1018943786621 36.0663452148438 36.1903419494629 36.2930641174316 36.3536758422852 36.4028358459473 36.438777923584 36.4813423156738 36.5284538269043 36.5545043945312 36.5724220275879 36.5824012756348 36.5909805297852 36.5878982543945 36.5853385925293 36.5893020629883 36.5928802490234 36.5952033996582 36.5975570678711 36.599967956543 36.6056480407715 36.614688873291 36.6172904968262 36.615966796875 36.6162452697754 36.6170539855957 36.6141204833984 36.6106452941895 36.6039543151855 36.5962409973145 36.5819931030273 36.5676536560059 36.5530586242676 36.540958404541 36.5327262878418 36.5265731811523 36.5223350524902 36.5183563232422
-9999 -9999 -9999 -9999 36.020435333252 36.1197052001953 36.1499862670898 36.1851921081543 36.1891899108887 36.240047454834 36.2992057800293 36.3901176452637 36.4618797302246 36.4957466125488 36.5196495056152 36.5320587158203 36.5505561828613 36.5732269287109 36.5857582092285 36.5943717956543 36.6128311157227 36.6330261230469 36.5313415527344 36.4381790161133 36.4382705688477 36.4370384216309 36.431526184082 36.4646415710449 36.5651702880859 36.6295890808105 36.6568565368652 36.6699180603027 36.6743278503418 36.6769638061523 36.679012298584 36.6771697998047 36.674747467041 36.6663818359375 36.6445579528809 36.5370445251465 36.4242095947266 36.2965660095215 36.2189102172852 36.2185096740723 36.2189788818359 36.2202529907227 36.2263488769531
-9999 -9999 -9999 -9999 -9999 36.020435333252 36.1232109069824 36.1147804260254 36.2176475524902 36.3622779846191 36.4897003173828 36.5512542724609 36.5956115722656 36.6059341430664 36.6032791137695 36.5856552124023 36.5479469299316 36.4964485168457 36.4716186523438 36.457088470459 36.4768829345703 36.5027389526367 36.3387603759766 36.1883697509766 36.1858406066895 36.1813583374023 36.1705474853516 36.2228507995605 36.3852958679199 36.4866065979004 36.5250091552734 36.5463447570801 36.5572853088379 36.5620231628418 36.5646896362305 36.5638313293457 36.5624198913574 36.552173614502 36.5207443237305 36.3543701171875 36.1794128417969 35.9805755615234 35.8619346618652 35.8672370910645 35.8723602294922 35.8773193359375 35.8897895812988
-9999 -9999 -9999 -9999 -9999 35.9712104797363 36.020435333252 36.172435760498 36.326774597168 36.4146919250488 36.4944496154785 36.5429763793945 36.5754890441895 36.5763130187988 36.5413932800293 36.4652290344238 36.2304344177246 35.8866996765137 35.7199783325195 35.6216049194336 35.6114234924316 35.6168098449707 35.5497360229492 35.4884719848633 35.4888191223145 35.487907409668 35.4829254150391 35.503662109375 35.5692863464355 35.6116752624512 35.6301574707031 35.6501808166504 35.671142578125 35.6768417358398 35.6774482727051 35.6770858764648 35.6764984130859 35.6634902954102 35.6421585083008 35.5678100585938 35.4902381896973 35.403694152832 35.351806640625 35.3534851074219 35.354621887207 35.3552551269531 35.3578872680664
-9999 -9999 35.8644104003906 35.876708984375 35.8893127441406 35.9219245910645 35.9712677001953 36.1884651184082 36.4009399414062 36.4544296264648 36.5046615600586 36.5424499511719 36.5682106018066 36.5701675415039 36.4702911376953 36.2529182434082 35.8833427429199 35.4092483520508 35.1779632568359 35.0404357910156 35.0125007629395 35.0039024353027 35.0029983520508 35.0025596618652 35.0045928955078 35.0058898925781 35.0048027038574 35.0040512084961 35.0038909912109 35.0066795349121 35.0125045776367 35.0291061401367 35.0522766113281 35.0574722290039 35.0566825866699 35.0564804077148 35.056266784668 35.0426330566406 35.0294952392578 35.0195388793945 35.0099563598633 35.0014190673828 34.9954833984375 34.993579864502 34.9916114807129 34.9895896911621 34.9861106872559
-9999.000000000000000 -9999 -9999 -9999 35.8188858032227 35.8567008972168 35.8266448974609 36.1136665344238 36.3988342285156 36.4665031433105 36.5267944335938 36.5588455200195 36.5889625549316 36.6152420043945 36.3790893554688 35.8401260375977 35.4717178344727 35.2204437255859 35.093318939209 35.0141296386719 34.9951057434082 34.9866981506348 34.9848861694336 34.9835205078125 34.9846534729004 34.9851875305176 34.983772277832 34.9835166931152 34.9852905273438 34.9906387329102 34.9996681213379 35.0082511901855 35.0165672302246 35.0180778503418 35.0173187255859 35.0165634155273 35.0157432556152 35.0061378479004 34.9970397949219 34.9911689758301 34.9854393005371 34.9801139831543 34.9747543334961 34.9693412780762 34.9662055969238 34.9651641845703 34.9637031555176
-9999 -9999 -9999 -9999 35.7245063781738 35.6780319213867 35.7015800476074 36.0432510375977 36.3808097839355 36.4737586975098 36.5516624450684 36.5719795227051 36.5686111450195 36.5183601379395 36.186222076416 35.5288276672363 35.1988792419434 35.0938034057617 35.0358467102051 34.9960823059082 34.9814796447754 34.971321105957 34.9694061279297 34.9679336547852 34.9686698913574 34.9691429138184 34.9687690734863 34.9693565368652 34.9716300964355 34.9774284362793 34.9868545532227 34.9901161193848 34.9896240234375 34.9885025024414 34.987174987793 34.9859237670898 34.9846534729004 34.978702545166 34.9731025695801 34.9697074890137 34.9663963317871 34.9633331298828 34.9592323303223 34.9535331726074 34.9505805969238 34.9501533508301 34.9498596191406
-9999 -9999 -9999 -9999 35.6584091186523 35.638786315918 35.614559173584 35.9783477783203 36.3427543640137 36.4749412536621 36.579963684082 36.5810089111328 36.4965476989746 36.2428855895996 35.8654594421387 35.3452224731445 35.100643157959 35.0453720092773 35.0125579833984 34.9884147644043 34.9725914001465 34.9582366943359 34.9572257995605 34.9566879272461 34.9576568603516 34.9589614868164 34.9613456726074 34.9632148742676 34.9641799926758 34.9677772521973 34.9740753173828 34.9754066467285 34.973705291748 34.9712867736816 34.9686279296875 34.9669647216797 34.9654273986816 34.9626655578613 34.9598808288574 34.9569320678711 34.9542350769043 34.9522361755371 34.9502601623535 34.9483222961426 34.9472579956055 34.9469909667969 34.9467964172363
-9999 -9999 -9999 -9999 35.638786315918 35.6094589233398 35.5750274658203 35.9583473205566 36.3427886962891 36.5038414001465 36.6296501159668 36.6205749511719 36.5352020263672 36.2988548278809 35.9009628295898 35.3166770935059 35.054630279541 35.0138854980469 34.9913368225098 34.9758148193359 34.9632225036621 34.9511489868164 34.9506530761719 34.9505958557129 34.9520950317383 34.9539833068848 34.9571533203125 34.9591979980469 34.9592704772949 34.9605941772461 34.9631996154785 34.9631958007812 34.9616012573242 34.9594802856445 34.9571876525879 34.9555282592773 34.9539604187012 34.9528999328613 34.9517211914062 34.9497985839844 34.9480667114258 34.9468803405762 34.9460639953613 34.9458160400391 34.9456176757812 34.9454612731934 34.9453353881836
-9999 -9999 -9999 -9999 35.6077575683594 35.5750274658203 35.9712753295898 35.9720230102539 36.3713912963867 36.553524017334 36.6953773498535 36.6830444335938 36.6568946838379 36.6034088134766 36.2036743164062 35.404426574707 35.0477867126465 34.9951095581055 34.9716682434082 34.9595184326172 34.953498840332 34.9485549926758 34.9482803344727 34.9483680725098 34.9506149291992 34.9529151916504 34.9553871154785 34.9567718505859 34.9562644958496 34.9552612304688 34.9537544250488 34.9528656005859 34.9523544311523 34.9517364501953 34.9510841369629 34.9497413635254 34.9483070373535 34.9478340148926 34.9473609924316 34.9468879699707 34.9463958740234 34.9458312988281 34.9454460144043 34.9453353881836 34.945240020752 34.9451560974121 34.9450798034668
-9999 -9999 -9999 -9999 35.5750274658203 36.0465812683105 36.2468185424805 36.379695892334 36.3921966552734 36.5776138305664 36.7234039306641 36.7175064086914 36.7143249511719 36.7165222167969 36.3072929382324 35.42333984375 35.0361785888672 34.9901885986328 34.9676933288574 34.9542694091797 34.9500503540039 34.9474563598633 34.9470367431641 34.9468612670898 34.9483604431152 34.9498443603516 34.9512825012207 34.9521026611328 34.9518547058105 34.9508666992188 34.9491119384766 34.9483528137207 34.9482002258301 34.9480743408203 34.9479598999023 34.9470329284668 34.9460029602051 34.9458160400391 34.9456558227539 34.9456367492676 34.9455604553223 34.9453125 34.945140838623 34.9450912475586 34.9450378417969 34.9449844360352 34.9449348449707
-9999 -9999 -9999 -9999 -9999 36.3487243652344 36.3932075500488 36.3887367248535 36.4096641540527 36.5907363891602 36.7352752685547 36.7399635314941 36.744213104248 36.7475891113281 36.3255805969238 35.4127502441406 35.0225296020508 34.9912109375 34.9704437255859 34.9537544250488 34.9492950439453 34.9469947814941 34.9462699890137 34.9456672668457 34.9457740783691 34.945915222168 34.9461708068848 34.9464721679688 34.9468460083008 34.9468688964844 34.9465293884277 34.9463348388672 34.9462242126465 34.946159362793 34.9461097717285 34.9456520080566 34.9451370239258 34.9451103210449 34.9450874328613 34.9450988769531 34.9450874328613 34.9450149536133 34.9449653625488 34.9449462890625 34.9449157714844 34.9448661804199 34.9448394775391
-9999 -9999 -9999 -9999 -9999 36.4102020263672 36.4061470031738 36.4111938476562 36.4241752624512 36.5990715026855 36.7391242980957 36.7458038330078 36.7520751953125 36.7575378417969 36.3329277038574 35.4120750427246 35.020450592041 34.9922637939453 34.9725952148438 34.9562110900879 34.9505729675293 34.9468307495117 34.9459915161133 34.9452857971191 34.9451713562012 34.9451065063477 34.9451904296875 34.9453201293945 34.9455146789551 34.9455833435059 34.9455261230469 34.9454650878906 34.9454040527344 34.945369720459 34.9453468322754 34.9451332092285 34.9448928833008 34.944896697998 34.9449043273926 34.9449195861816 34.9449234008789 34.9449005126953 34.9448852539062 34.9448776245117 34.9448585510254 34.9448280334473 34.9448127746582
-9999 -9999 -9999 -9999 -9999 36.4379653930664 36.4312477111816 36.4185104370117 36.4380722045898 36.6064186096191 36.7413177490234 36.7482070922852 36.7553825378418 36.7631225585938 36.3380126953125 35.4134559631348 35.0207633972168 34.9933242797852 34.9746208190918 34.959285736084 34.9522705078125 34.9467239379883 34.9458084106445 34.9450721740723 34.9449806213379 34.9449424743652 34.9450645446777 34.9450912475586 34.9449424743652 34.9448623657227 34.9448471069336 34.9448318481445 34.9448204040527 34.9448127746582 34.9448051452637 34.9447898864746 34.9447746276855 34.9447898864746 34.9448051452637 34.9448165893555 34.94482421875 34.94482421875 34.9448204040527 34.9448204040527 34.9448127746582 34.9448051452637 34.9447975158691
-9999 -9999 -9999 -9999 -9999 -9999 36.476505279541 36.4640426635742 36.4759864807129 36.6225662231445 36.7404937744141 36.7487678527832 36.7583618164062 36.770565032959 36.350341796875 35.4311676025391 35.0367546081543 35.0027160644531 34.9813270568848 34.9648246765137 34.9548263549805 34.9459800720215 34.9453506469727 34.9449501037598 34.9449729919434 34.9450531005859 34.9453125 34.9454536437988 34.9453964233398 34.9453620910645 34.9453544616699 34.9453353881836 34.9453048706055 34.9452819824219 34.945255279541 34.9452438354492 34.9452323913574 34.9451141357422 34.9449920654297 34.9448509216309 34.944751739502 34.9447822570801 34.9448013305664 34.9448089599609 34.9448089599609 34.9448051452637 34.9448280334473
-9999 -9999 -9999 -9999 -9999 -9999 36.534496307373 36.5469589233398 36.5190238952637 36.6412544250488 36.7400779724121 36.7493286132812 36.7611312866211 36.7779884338379 36.3625526428223 35.4483184814453 35.0521049499512 35.0116348266602 34.9876480102539 34.970027923584 34.957218170166 34.9452629089355 34.9449157714844 34.9448547363281 34.9450073242188 34.9452095031738 34.9455833435059 34.9458389282227 34.9458770751953 34.9458961486816 34.9458961486816 34.945873260498 34.9458351135254 34.9457931518555 34.9457511901855 34.9457321166992 34.9457130432129 34.9454765319824 34.9452285766602 34.9449501037598 34.9447593688965 34.9448089599609 34.9448471069336 34.9448623657227 34.9448699951172 34.9448661804199 34.9449195861816
-9999 -9999 -9999 -9999 -9999 -9999 36.6051025390625 36.5924911499023 36.6052169799805 36.6828498840332 36.7454872131348 36.7507362365723 36.7617835998535 36.784309387207 36.3700065612793 35.4516754150391 35.0531425476074 35.0115776062012 34.9876251220703 34.9704742431641 34.9574317932129 34.9451141357422 34.9449005126953 34.9449882507324 34.945369720459 34.9457206726074 34.9459686279297 34.9461441040039 34.9461975097656 34.9462280273438 34.9462356567383 34.9462623596191 34.9463081359863 34.9463005065918 34.9462738037109 34.9462394714355 34.9462013244629 34.9460144042969 34.9458351135254 34.945686340332 34.9455795288086 34.9455871582031 34.9455909729004 34.9455909729004 34.9455909729004 34.9455871582031 34.9456214904785
-9999 -9999 -9999 -9999 -9999 36.675235748291 36.6589279174805 36.6758575439453 36.679515838623 36.7183837890625 36.749641418457 36.7517700195312 36.7505645751953 36.7427520751953 36.3251152038574 35.4346084594727 35.0480613708496 35.0076103210449 34.9845771789551 34.9682693481445 34.9562568664551 34.9450035095215 34.9450035095215 34.9452819824219 34.9457931518555 34.9462242126465 34.9463768005371 34.9464950561523 34.9465560913086 34.9465942382812 34.9466094970703 34.9466705322266 34.9467658996582 34.9467811584473 34.9467697143555 34.9467239379883 34.9466705322266 34.9465370178223 34.9464149475098 34.9463653564453 34.9463233947754 34.9462966918945 34.9462738037109 34.9462547302246 34.9462356567383 34.9462203979492 34.946231842041
-9999 -9999 -9999 -9999 36.6397285461426 36.6637535095215 36.675235748291 36.6921310424805 36.710205078125 36.7316932678223 36.7491912841797 36.7514343261719 36.69580078125 36.5256423950195 36.0882949829102 35.342643737793 35.0205383300781 34.9893035888672 34.9704322814941 34.9563369750977 34.9499969482422 34.9450263977051 34.9455451965332 34.9461479187012 34.9464340209961 34.9466972351074 34.9468841552734 34.947021484375 34.9470672607422 34.9470977783203 34.9471092224121 34.947135925293 34.9471702575684 34.9471702575684 34.9471588134766 34.9471206665039 34.9470748901367 34.9469833374023 34.9468955993652 34.946834564209 34.9467811584473 34.9467506408691 34.946720123291 34.9466819763184 34.9466171264648 34.9465217590332 34.9465026855469
