Ecospace-environmental-drivers/Outputs/ASCII-for-ecospace/MOM6-ISIMIP3a/so-bot/2009-10_so-bot_MOM6-ISIMIP3a.asc
NCOLS 131 
NROWS 53 
XLLCORNER -98 
YLLCORNER 23.9265270233154 
CELLSIZE 0.133587792515755 
NODATA_value -9999 
[rows 21 to 41 of 53, columns 0 to 46 of 131]
-9999 -9999 -9999 -9999 -9999 -9999 36.0588226318359 36.0324287414551 35.961986541748 35.849422454834 35.7499351501465 35.6111183166504 35.6136207580566 35.6210823059082 35.6259956359863 35.6279716491699 35.661937713623 35.7178726196289 35.7785224914551 35.8409957885742 35.9042129516602 35.9675598144531 36.1959419250488 36.4084243774414 36.4583282470703 36.51123046875 36.5738372802734 36.6221237182617 36.6454162597656 36.6684684753418 36.6912727355957 36.6988754272461 36.6972198486328 36.6951789855957 36.6930122375488 36.6963348388672 36.7004203796387 36.7057991027832 36.7110252380371 36.7152366638184 36.7168579101562 36.7112503051758 36.7173461914062 36.741527557373 36.7450332641602 36.7295608520508 36.7259826660156
-9999 -9999 -9999 -9999 -9999 -9999 36.0631332397461 36.0588226318359 36.0060348510742 35.933666229248 35.849422454834 35.7892646789551 35.7685623168945 35.8259429931641 35.8789482116699 35.9269065856934 36.0070571899414 36.1093215942383 36.181022644043 36.2409248352051 36.2950630187988 36.3481826782227 36.4906845092773 36.6223640441895 36.6475486755371 36.6744194030762 36.7067680358887 36.7316093444824 36.743350982666 36.7536697387695 36.7625312805176 36.7655258178711 36.764949798584 36.7645149230957 36.7641220092773 36.7660827636719 36.7683715820312 36.771240234375 36.7739410400391 36.7756195068359 36.7760543823242 36.7730484008789 36.7762184143066 36.7889251708984 36.790584564209 36.7821006774902 36.7795829772949
-9999 -9999 -9999 -9999 36.082878112793 36.0731086730957 36.0671195983887 36.0634613037109 36.0588226318359 35.9532432556152 35.873176574707 35.8907585144043 35.9386711120605 36.0466003417969 36.1465606689453 36.2373313903809 36.3570098876953 36.4965362548828 36.5726585388184 36.6242980957031 36.6679000854492 36.7100868225098 36.7487525939941 36.7834396362305 36.7856140136719 36.7880058288574 36.7911071777344 36.7957725524902 36.8031730651855 36.8096122741699 36.8150634765625 36.8176956176758 36.8186187744141 36.8194160461426 36.8201713562012 36.8205986022949 36.8209762573242 36.820728302002 36.8200263977051 36.8164367675781 36.8121795654297 36.8060569763184 36.8021392822266 36.8016357421875 36.8006401062012 36.7991981506348 36.7980766296387
-9999 -9999 -9999 -9999 36.1046104431152 36.0866737365723 36.0790977478027 36.0671195983887 36.0644454956055 36.0304107666016 36.0170936584473 36.0830688476562 36.1854248046875 36.3597755432129 36.4832763671875 36.5481033325195 36.6118507385254 36.6748580932617 36.7095222473145 36.7332458496094 36.7574043273926 36.7816390991211 36.6664505004883 36.5606422424316 36.5584373474121 36.5543251037598 36.544017791748 36.5702972412109 36.6604232788086 36.7328758239746 36.7871437072754 36.8085975646973 36.81005859375 36.8118743896484 36.8138084411621 36.8174514770508 36.8210945129395 36.791877746582 36.7580108642578 36.6945190429688 36.6156120300293 36.4937858581543 36.4182281494141 36.4141654968262 36.4072265625 36.397647857666 36.3920631408691
-9999 -9999 -9999 -9999 -9999 36.1046104431152 36.0958709716797 36.0910758972168 36.0811347961426 36.121711730957 36.1767120361328 36.2869338989258 36.4294548034668 36.6358871459961 36.754280090332 36.7710952758789 36.7471351623535 36.6951713562012 36.6668853759766 36.6477355957031 36.6508522033691 36.6578941345215 36.4413375854492 36.243091583252 36.2382431030273 36.2300300598145 36.2109184265137 36.2504081726074 36.3921699523926 36.5064697265625 36.5925140380859 36.6281356811523 36.6330413818359 36.6359367370605 36.6381607055664 36.6436233520508 36.6491355895996 36.5997314453125 36.5431137084961 36.4405708312988 36.3134841918945 36.1180763244629 35.9970054626465 35.9908180236816 35.9801139831543 35.9652633666992 35.9562072753906
-9999 -9999 -9999 -9999 -9999 36.0920677185059 36.1046104431152 36.1206703186035 36.1463508605957 36.2749671936035 36.4051704406738 36.5414733886719 36.6615333557129 36.7494583129883 36.7371520996094 36.6091995239258 36.3581962585449 36.0226860046387 35.8371772766113 35.709587097168 35.684642791748 35.6778144836426 35.5900344848633 35.5100860595703 35.5101737976074 35.5084114074707 35.5006675720215 35.5165328979492 35.573616027832 35.6238021850586 35.6668930053711 35.6963081359863 35.7173881530762 35.7216186523438 35.7202301025391 35.7214050292969 35.7226982116699 35.691577911377 35.6578712463379 35.6076927185059 35.5484962463379 35.4641876220703 35.4121971130371 35.4101524353027 35.4052352905273 35.3976821899414 35.3895149230957
-9999 -9999 36.0676651000977 36.0698165893555 36.0712051391602 36.0795135498047 36.0920829772949 36.1463088989258 36.2129211425781 36.3990936279297 36.5768737792969 36.7225227355957 36.8180503845215 36.8143920898438 36.669994354248 36.3632125854492 35.9607849121094 35.4926719665527 35.2333984375 35.0547676086426 35.0155448913574 35.0009269714355 35.001277923584 35.0022048950195 35.0051727294922 35.0073776245117 35.0070915222168 35.0068321228027 35.0066223144531 35.0130920410156 35.026439666748 35.0484313964844 35.0756874084473 35.0799522399902 35.0765533447266 35.0747451782227 35.0730514526367 35.0558624267578 35.0392532348633 35.0263481140137 35.0150375366211 35.0081748962402 35.0036659240723 35.002799987793 35.0012969970703 34.9992141723633 34.9926719665527
-9999.000000000000000 -9999 -9999 -9999 36.0587348937988 36.0629005432129 36.0552406311035 36.1633186340332 36.2824440002441 36.4596710205078 36.6247329711914 36.7432289123535 36.8096885681152 36.7732009887695 36.4936790466309 35.9337425231934 35.5448837280273 35.2735137939453 35.1225662231445 35.0181159973145 34.9946937561035 34.9855690002441 34.9853744506836 34.9855155944824 34.9868850708008 34.9876098632812 34.986270904541 34.9862403869629 34.9885025024414 34.9957618713379 35.008171081543 35.020092010498 35.0317192077637 35.0331802368164 35.03125 35.0293235778809 35.0273208618164 35.0145645141602 35.0023765563965 34.9938011169434 34.986743927002 34.9839057922363 34.9797592163086 34.9735908508301 34.9703254699707 34.9697227478027 34.9664077758789
-9999 -9999 -9999 -9999 36.0434951782227 36.0337867736816 36.0337791442871 36.1811065673828 36.3371505737305 36.5044975280762 36.6579704284668 36.7583198547363 36.7748794555664 36.6256370544434 36.2459983825684 35.600513458252 35.258430480957 35.1247062683105 35.0486946105957 34.9949684143066 34.9798355102539 34.9715118408203 34.9709014892578 34.9705696105957 34.9711227416992 34.9713554382324 34.9705276489258 34.9710693359375 34.973991394043 34.980525970459 34.990779876709 34.9958648681641 34.9977989196777 34.9969787597656 34.9952430725098 34.9933776855469 34.9914512634277 34.983642578125 34.9761428833008 34.9706344604492 34.9663124084473 34.9652824401855 34.9618606567383 34.9547386169434 34.9514236450195 34.9515991210938 34.9503860473633
-9999 -9999 -9999 -9999 36.0337905883789 36.0337944030762 36.0338020324707 36.1998710632324 36.3732223510742 36.5295066833496 36.6728019714355 36.7663536071777 36.7067909240723 36.3442535400391 35.9085311889648 35.388370513916 35.1348342895508 35.0644073486328 35.0213241577148 34.9888000488281 34.9725151062012 34.9590911865234 34.9582405090332 34.9578056335449 34.9585494995117 34.9595108032227 34.9611778259277 34.9627113342285 34.9640197753906 34.9679222106934 34.974494934082 34.9768028259277 34.9765129089355 34.9740829467773 34.9709358215332 34.9693565368652 34.9679870605469 34.9657707214355 34.9633026123047 34.9592666625977 34.9557647705078 34.9537696838379 34.951530456543 34.9489250183105 34.9477119445801 34.9477729797363 34.9472503662109
-9999 -9999 -9999 -9999 36.0337944030762 36.0338020324707 36.0338134765625 36.2008438110352 36.3737335205078 36.512264251709 36.6448287963867 36.7545585632324 36.716495513916 36.3859825134277 35.9357986450195 35.3475303649902 35.0772933959961 35.0254592895508 34.9966659545898 34.9767684936523 34.9637260437012 34.9518966674805 34.951244354248 34.9510383605957 34.9524879455566 34.954231262207 34.9569282531738 34.9587020874023 34.9588661193848 34.9603385925293 34.9631538391113 34.9635467529297 34.9624671936035 34.9601974487305 34.9575347900391 34.956226348877 34.9551086425781 34.9550399780273 34.954662322998 34.9523086547852 34.9500350952148 34.9479942321777 34.9465675354004 34.9460868835449 34.9458656311035 34.9458885192871 34.9457244873047
-9999 -9999 -9999 -9999 36.0338020324707 36.0338134765625 36.1829071044922 36.1884727478027 36.3475761413574 36.4633293151855 36.5847549438477 36.7278938293457 36.7845420837402 36.6700477600098 36.2366142272949 35.4351692199707 35.0692901611328 35.0025291442871 34.9740409851074 34.9603309631348 34.9538383483887 34.9486198425293 34.9485015869141 34.9487648010254 34.9513168334961 34.9538803100586 34.9565048217773 34.957950592041 34.957332611084 34.9565238952637 34.9555168151855 34.9546432495117 34.9538459777832 34.9530754089355 34.9523124694824 34.9512557983398 34.9501647949219 34.9496688842773 34.9491691589355 34.9486618041992 34.9479179382324 34.9465293884277 34.9456253051758 34.9454765319824 34.9454231262207 34.9454536437988 34.9454040527344
-9999 -9999 -9999 -9999 36.0338134765625 36.1958045959473 36.263786315918 36.3084945678711 36.3217277526855 36.4491271972656 36.5776901245117 36.710693359375 36.7939643859863 36.7788314819336 36.3539161682129 35.456184387207 35.0552024841309 34.9953536987305 34.9686813354492 34.9548225402832 34.9503135681152 34.9474563598633 34.9471397399902 34.9470977783203 34.9488563537598 34.9505882263184 34.9522247314453 34.9531860351562 34.9529724121094 34.9521942138672 34.9508438110352 34.9500350952148 34.9495544433594 34.949348449707 34.9492340087891 34.9484062194824 34.9474830627441 34.9470863342285 34.9467430114746 34.9467353820801 34.9465103149414 34.945686340332 34.9451751708984 34.945140838623 34.945140838623 34.9451675415039 34.9451522827148
-9999 -9999 -9999 -9999 -9999 36.2910499572754 36.3027153015137 36.2943878173828 36.2960166931152 36.4498138427734 36.5933418273926 36.6975517272949 36.7782669067383 36.8124847412109 36.3925666809082 35.4486465454102 35.0385055541992 34.9949340820312 34.9707221984863 34.9539909362793 34.9495124816895 34.9472007751465 34.9463768005371 34.945686340332 34.9458465576172 34.9460296630859 34.9462852478027 34.946704864502 34.9473991394043 34.9476509094238 34.947437286377 34.947265625 34.9471168518066 34.947078704834 34.947078704834 34.946460723877 34.9457626342773 34.9456977844238 34.9456329345703 34.9455451965332 34.9454078674316 34.9451141357422 34.9449348449707 34.9449272155762 34.9449272155762 34.9449424743652 34.9449348449707
-9999 -9999 -9999 -9999 -9999 36.3129768371582 36.3066482543945 36.3052635192871 36.3158226013184 36.4701194763184 36.6117858886719 36.7051277160645 36.7806510925293 36.8209075927734 36.4002418518066 35.4477386474609 35.0359382629395 34.9954643249512 34.972900390625 34.9572525024414 34.9513511657715 34.9471664428711 34.9461288452148 34.945255279541 34.9451713562012 34.9451179504395 34.9451713562012 34.9453582763672 34.9457855224609 34.9459953308105 34.945987701416 34.9459495544434 34.9458961486816 34.9458847045898 34.9458923339844 34.9455642700195 34.945198059082 34.9451942443848 34.9451866149902 34.9451332092285 34.9450607299805 34.9449462890625 34.9448776245117 34.9448776245117 34.944881439209 34.9448928833008 34.9448890686035
-9999 -9999 -9999 -9999 -9999 36.3333930969238 36.3295707702637 36.3202934265137 36.3450508117676 36.4944801330566 36.6308097839355 36.7169914245605 36.7867774963379 36.8241081237793 36.4015007019043 35.4482002258301 35.0362968444824 34.9961891174316 34.9751052856445 34.9613647460938 34.9537315368652 34.9471778869629 34.945987701416 34.9450263977051 34.9449729919434 34.9449577331543 34.9450492858887 34.9450759887695 34.9449882507324 34.9449424743652 34.9449424743652 34.9449348449707 34.9449272155762 34.9449157714844 34.9449043273926 34.9448852539062 34.9448699951172 34.9448776245117 34.944881439209 34.9448776245117 34.9448738098145 34.9448585510254 34.9448547363281 34.9448623657227 34.9448699951172 34.9448776245117 34.9448776245117
-9999 -9999 -9999 -9999 -9999 -9999 36.3639602661133 36.363151550293 36.374584197998 36.5160522460938 36.6451606750488 36.7269515991211 36.7930221557617 36.8279800415039 36.4104385375977 35.4707832336426 35.0590324401855 35.009822845459 34.9844284057617 34.9682312011719 34.9568367004395 34.9462890625 34.9454612731934 34.9449157714844 34.9449501037598 34.9450454711914 34.9453277587891 34.945484161377 34.9454345703125 34.9454002380371 34.9453811645508 34.9453582763672 34.9453392028809 34.9453201293945 34.9453048706055 34.9452667236328 34.9452209472656 34.9450759887695 34.9449424743652 34.9448738098145 34.9448204040527 34.9448280334473 34.9448356628418 34.9448471069336 34.9448547363281 34.9448623657227 34.9449081420898
-9999 -9999 -9999 -9999 -9999 -9999 36.3991737365723 36.4084396362305 36.4044723510742 36.5375480651855 36.6591148376465 36.7366371154785 36.7988510131836 36.8307647705078 36.4179840087891 35.4920997619629 35.0807800292969 35.0228385925293 34.9932632446289 34.9746398925781 34.9597053527832 34.9454193115234 34.9449577331543 34.9448318481445 34.9449729919434 34.9451866149902 34.9456253051758 34.9459075927734 34.945915222168 34.9459037780762 34.9458694458008 34.9458389282227 34.9458084106445 34.9457855224609 34.9457664489746 34.9456901550293 34.9456062316895 34.9453239440918 34.9450607299805 34.9449272155762 34.9448356628418 34.9448509216309 34.9448661804199 34.9448738098145 34.9448852539062 34.944896697998 34.9449882507324
-9999 -9999 -9999 -9999 -9999 -9999 36.4524345397949 36.4259338378906 36.4380264282227 36.5595283508301 36.6710433959961 36.7443351745605 36.8002243041992 36.8216705322266 36.4070816040039 35.4893646240234 35.0812606811523 35.0231246948242 34.9934730529785 34.9748229980469 34.959716796875 34.9452362060547 34.9449272155762 34.9449768066406 34.945384979248 34.9457550048828 34.945987701416 34.9461479187012 34.9461784362793 34.9461975097656 34.9462051391602 34.9462127685547 34.9462280273438 34.9462089538574 34.9461822509766 34.9461059570312 34.9460182189941 34.9458045959473 34.9456062316895 34.9455299377441 34.9454689025879 34.9454460144043 34.945426940918 34.9454040527344 34.9454116821289 34.9454574584961 34.945556640625
-9999 -9999 -9999 -9999 -9999 36.5712585449219 36.5228958129883 36.5229263305664 36.4845352172852 36.5925178527832 36.6917457580566 36.7574424743652 36.7916069030762 36.7633895874023 36.3408393859863 35.4632949829102 35.0735168457031 35.0187034606934 34.9902534484863 34.971981048584 34.9581413269043 34.9450912475586 34.9450531005859 34.9453353881836 34.9458847045898 34.9463233947754 34.9463920593262 34.9464530944824 34.9464950561523 34.946533203125 34.9465675354004 34.946605682373 34.9466438293457 34.9466285705566 34.946590423584 34.9465141296387 34.9464302062988 34.9462776184082 34.9461402893066 34.946102142334 34.9460639953613 34.9460144042969 34.9459686279297 34.9459190368652 34.945915222168 34.9459571838379 34.9460411071777
-9999 -9999 -9999 -9999 36.6717147827148 36.6102638244629 36.5712585449219 36.5714721679688 36.5785446166992 36.6658782958984 36.7446060180664 36.7903823852539 36.7463798522949 36.5247459411621 36.071704864502 35.3516578674316 35.0356216430664 34.9970359802246 34.9744529724121 34.9580459594727 34.950756072998 34.9450798034668 34.945743560791 34.9464836120605 34.9467163085938 34.946907043457 34.9469528198242 34.9469871520996 34.9470100402832 34.9470252990723 34.9470405578613 34.9470443725586 34.9470405578613 34.9470176696777 34.9469871520996 34.9469108581543 34.9468269348145 34.9467277526855 34.9466323852539 34.9465675354004 34.9465103149414 34.9464836120605 34.9464454650879 34.9463920593262 34.9463195800781 34.9462356567383 34.946216583252
