Ecospace-environmental-drivers/Outputs/ASCII-for-ecospace/MOM6-ISIMIP3a/so-bot/2009-04_so-bot_MOM6-ISIMIP3a.asc
NCOLS 131 
NROWS 53 
XLLCORNER -98 
YLLCORNER 23.9265270233154 
CELLSIZE 0.133587792515755 
NODATA_value -9999 
[rows 21 to 41 of 53, columns 0 to 46 of 131]
-9999 -9999 -9999 -9999 -9999 -9999 35.4335479736328 35.4217529296875 35.3938255310059 35.3460540771484 35.3163108825684 35.2226676940918 35.234733581543 35.2706832885742 35.3321990966797 35.4232215881348 35.5742607116699 35.7665176391602 35.9088325500488 36.031867980957 36.1087760925293 36.1775398254395 36.2327308654785 36.2856788635254 36.3224029541016 36.3579635620117 36.3897476196289 36.4198875427246 36.4471473693848 36.4737243652344 36.4995994567871 36.5227279663086 36.5441780090332 36.5567321777344 36.5663261413574 36.5668296813965 36.5660285949707 36.5581741333008 36.552303314209 36.559024810791 36.567008972168 36.578498840332 36.5853385925293 36.5849876403809 36.5857772827148 36.5876197814941 36.5930671691895
-9999 -9999 -9999 -9999 -9999 -9999 35.4360122680664 35.4335479736328 35.4099578857422 35.3857421875 35.3460540771484 35.3802146911621 35.4494934082031 35.5882568359375 35.7066802978516 35.8016319274902 35.922664642334 36.0616149902344 36.1775283813477 36.2845497131348 36.3445281982422 36.3962059020996 36.4236907958984 36.4502716064453 36.4737014770508 36.4967651367188 36.5186576843262 36.5395965576172 36.5588645935059 36.5773124694824 36.5949096679688 36.6125297546387 36.6301689147949 36.642276763916 36.6525421142578 36.6530342102051 36.6521415710449 36.6466598510742 36.641960144043 36.642261505127 36.6439247131348 36.6493721008301 36.6518669128418 36.6497917175293 36.6486892700195 36.6484794616699 36.6508865356445
-9999 -9999 -9999 -9999 35.5151443481445 35.4646415710449 35.437255859375 35.4372291564941 35.4335479736328 35.3863716125488 35.3769950866699 35.5122985839844 35.6814270019531 35.9174919128418 36.0868873596191 36.1793594360352 36.263542175293 36.3420372009277 36.4288749694824 36.5189399719238 36.564640045166 36.6025123596191 36.5974578857422 36.5932083129883 36.6034622192383 36.6143493652344 36.627269744873 36.6412963867188 36.6572532653809 36.6699447631836 36.6792755126953 36.6906700134277 36.7033195495605 36.7141151428223 36.7242889404297 36.7248153686523 36.7239990234375 36.7217102050781 36.7187271118164 36.7113265991211 36.7042579650879 36.6981239318848 36.6930694580078 36.6896820068359 36.6868095397949 36.6844100952148 36.6835250854492
-9999 -9999 -9999 -9999 35.6290130615234 35.5296592712402 35.4920272827148 35.437255859375 35.4408874511719 35.4871292114258 35.56396484375 35.7579154968262 35.954833984375 36.1576309204102 36.2976341247559 36.365177154541 36.4240226745605 36.4768905639648 36.5379638671875 36.6022033691406 36.6339988708496 36.6600685119629 36.5747528076172 36.4969749450684 36.5023040771484 36.5079307556152 36.5145111083984 36.5495834350586 36.6343879699707 36.6859321594238 36.7032470703125 36.7115669250488 36.7144088745117 36.7185935974121 36.7232246398926 36.7236824035645 36.7234725952148 36.7108039855957 36.690486907959 36.621452331543 36.5385475158691 36.4170303344727 36.3430213928223 36.3424263000488 36.3429298400879 36.3444404602051 36.3470191955566
-9999 -9999 -9999 -9999 -9999 35.6290130615234 35.5603370666504 35.546802520752 35.4781455993652 35.6192016601562 35.7785987854004 36.0081977844238 36.2149696350098 36.3765640258789 36.4776496887207 36.508918762207 36.5067253112793 36.4815521240234 36.4897232055664 36.5107727050781 36.5253105163574 36.5387001037598 36.4029655456543 36.2790298461914 36.2805862426758 36.2819671630859 36.2827796936035 36.3292350769043 36.4553413391113 36.5309982299805 36.5547409057617 36.5630226135254 36.5618896484375 36.5614967346191 36.561351776123 36.5617256164551 36.5620193481445 36.5408973693848 36.5077781677246 36.3982391357422 36.2661361694336 36.0712089538574 35.9534530639648 35.9549713134766 35.9578094482422 35.9618682861328 35.966178894043
-9999 -9999 -9999 -9999 -9999 35.6525764465332 35.6290130615234 35.6282768249512 35.6465797424316 35.8885879516602 36.1145248413086 36.2789535522461 36.4169120788574 36.5024948120117 36.5229225158691 36.4681777954102 36.248420715332 35.915340423584 35.7516441345215 35.6533546447754 35.6359329223633 35.6327819824219 35.5774879455566 35.5274085998535 35.5302505493164 35.5318450927734 35.5294075012207 35.5448455810547 35.5914726257324 35.6266212463379 35.6499557495117 35.671516418457 35.6919975280762 35.6959419250488 35.6943778991699 35.6946105957031 35.694938659668 35.6738052368164 35.6477546691895 35.5903816223145 35.5258903503418 35.4415626525879 35.3906173706055 35.3912620544434 35.3918838500977 35.3924827575684 35.390926361084
-9999 -9999 35.7010841369629 35.6961097717285 35.691780090332 35.6761665344238 35.6525497436523 35.7352676391602 35.83935546875 36.1284027099609 36.3812980651855 36.4958190917969 36.5788307189941 36.599479675293 36.514404296875 36.3073348999023 35.9397163391113 35.4618453979492 35.2139091491699 35.0547637939453 35.0191955566406 35.0054359436035 35.0051116943359 35.0054664611816 35.0090026855469 35.0107307434082 35.0065956115723 35.0015029907227 34.9947319030762 35.0020217895508 35.0237808227539 35.050407409668 35.0800018310547 35.0858192443848 35.0837097167969 35.0836524963379 35.083740234375 35.0652122497559 35.0465545654297 35.0270919799805 35.0108261108398 35.0034523010254 34.9984092712402 34.9969596862793 34.9954223632812 34.9938049316406 34.9888954162598
-9999.000000000000000 -9999 -9999 -9999 35.7203826904297 35.707389831543 35.7217788696289 35.8979225158691 36.0852394104004 36.3036956787109 36.497184753418 36.5951156616211 36.6534194946289 36.6333122253418 36.3885116577148 35.8844375610352 35.5210571289062 35.2542877197266 35.1133079528809 35.0208930969238 34.9973220825195 34.985897064209 34.9849662780762 34.9846572875977 34.9875984191895 34.9892768859863 34.9868431091309 34.9841003417969 34.9808197021484 34.9878463745117 35.0054817199707 35.0192604064941 35.0306968688965 35.0330047607422 35.0322723388672 35.0315818786621 35.0308265686035 35.0206184387207 35.0100746154785 34.9974060058594 34.9870758056641 34.9832382202148 34.9784736633301 34.9722709655762 34.9687156677246 34.9675827026367 34.9648017883301
-9999 -9999 -9999 -9999 35.7573394775391 35.7775955200195 35.7719345092773 36.0047988891602 36.2444953918457 36.4170761108398 36.5703048706055 36.6494560241699 36.6647109985352 36.5535316467285 36.2003898620605 35.568058013916 35.2374458312988 35.1140365600586 35.0453491210938 34.9977836608887 34.9811172485352 34.9699058532715 34.9687385559082 34.9681282043457 34.970329284668 34.971866607666 34.9712371826172 34.9704475402832 34.9693717956543 34.9752197265625 34.9881858825684 34.9937133789062 34.9947166442871 34.9945297241211 34.9939460754395 34.9926528930664 34.9912376403809 34.9868431091309 34.9820175170898 34.9744529724121 34.9683799743652 34.9664573669434 34.9625968933105 34.9557418823242 34.952091217041 34.9513778686523 34.9500770568848
-9999 -9999 -9999 -9999 35.7823143005371 35.7870330810547 35.7928619384766 36.0414962768555 36.2947692871094 36.4525718688965 36.5896186828613 36.6472434997559 36.5963706970215 36.3308143615723 35.9339828491211 35.3856811523438 35.1237411499023 35.0584678649902 35.0184593200684 34.9882125854492 34.9720497131348 34.9583702087402 34.9574356079102 34.9569854736328 34.9582595825195 34.9595413208008 34.9608497619629 34.9615058898926 34.9610290527344 34.964542388916 34.9721527099609 34.975212097168 34.9754981994629 34.9740867614746 34.9721145629883 34.9702529907227 34.9684066772461 34.9666786193848 34.9645614624023 34.9599685668945 34.9560508728027 34.9539985656738 34.9518280029297 34.9494819641113 34.9481544494629 34.9477691650391 34.9471321105957
-9999 -9999 -9999 -9999 35.7870330810547 35.7940864562988 35.8023681640625 36.0428466796875 36.2879371643066 36.4386940002441 36.5707511901855 36.631233215332 36.5940361022949 36.3635673522949 35.9565162658691 35.3457145690918 35.0688896179199 35.0214233398438 34.9942817687988 34.9749870300293 34.9626579284668 34.9515609741211 34.9509124755859 34.9506607055664 34.9518432617188 34.953254699707 34.9554176330566 34.9566879272461 34.9563980102539 34.9577407836914 34.9607620239258 34.9618988037109 34.9618949890137 34.960521697998 34.9586906433105 34.9569129943848 34.9551544189453 34.9546546936035 34.9539108276367 34.951602935791 34.9494552612305 34.9477424621582 34.946590423584 34.9463005065918 34.9460792541504 34.9459190368652 34.9456596374512
-9999 -9999 -9999 -9999 35.7944946289062 35.8023681640625 36.0168266296387 36.0176849365234 36.2382736206055 36.3877944946289 36.523250579834 36.6048698425293 36.6412048339844 36.5879325866699 36.1957626342773 35.4125633239746 35.058177947998 34.9982757568359 34.9721298217773 34.9590187072754 34.9530334472656 34.948299407959 34.9479713439941 34.9479484558105 34.9496650695801 34.9514961242676 34.9537048339844 34.9549598693848 34.9545516967773 34.9538497924805 34.9528465270996 34.9524803161621 34.952507019043 34.9521102905273 34.9515724182129 34.9503707885742 34.9490852355957 34.9487380981445 34.9483680725098 34.947826385498 34.9471626281738 34.9461441040039 34.945499420166 34.9454307556152 34.9453926086426 34.945384979248 34.9452857971191
-9999 -9999 -9999 -9999 35.8023681640625 36.046760559082 36.1406593322754 36.204402923584 36.2173233032227 36.36865234375 36.5060539245605 36.590145111084 36.6501007080078 36.6623001098633 36.2736396789551 35.4224510192871 35.0443992614746 34.9912643432617 34.9669456481934 34.9537506103516 34.9495658874512 34.9469757080078 34.9466133117676 34.9464530944824 34.947582244873 34.9487762451172 34.9501914978027 34.9510650634766 34.9509925842285 34.9502830505371 34.9489097595215 34.9483833312988 34.948371887207 34.9482879638672 34.9481811523438 34.9474029541016 34.946533203125 34.9463157653809 34.9461250305176 34.9460868835449 34.9459190368652 34.9453811645508 34.9450531005859 34.9450492858887 34.9450569152832 34.9450798034668 34.9450416564941
-9999 -9999 -9999 -9999 -9999 36.2117042541504 36.2271881103516 36.199893951416 36.208683013916 36.3631210327148 36.5018424987793 36.5804061889648 36.6425933837891 36.6723823547363 36.282356262207 35.4079322814941 35.0293083190918 34.9911689758301 34.9690284729004 34.9530601501465 34.9487457275391 34.9464836120605 34.945930480957 34.9454765319824 34.9455375671387 34.9456481933594 34.9459114074707 34.9462432861328 34.946704864502 34.9468536376953 34.9466819763184 34.9465675354004 34.9464874267578 34.9464340209961 34.9463882446289 34.9459648132324 34.9454956054688 34.9453926086426 34.9452934265137 34.9452209472656 34.9451293945312 34.9449768066406 34.944881439209 34.9448738098145 34.9448699951172 34.9448699951172 34.9448585510254
-9999 -9999 -9999 -9999 -9999 36.2862892150879 36.2672653198242 36.2772674560547 36.2826156616211 36.4133377075195 36.5297737121582 36.5915184020996 36.6424217224121 36.6718635559082 36.2806282043457 35.4040031433105 35.0261154174805 34.9907417297363 34.9702186584473 34.9554290771484 34.9500274658203 34.9462814331055 34.9456443786621 34.9451217651367 34.9450340270996 34.944995880127 34.9451103210449 34.9452629089355 34.9454879760742 34.9456176757812 34.9456405639648 34.9456214904785 34.9455718994141 34.9455451965332 34.9455261230469 34.9453353881836 34.945125579834 34.9450836181641 34.9450378417969 34.9449806213379 34.9449272155762 34.9448738098145 34.9448394775391 34.9448318481445 34.94482421875 34.94482421875 34.9448165893555
-9999 -9999 -9999 -9999 -9999 36.3730850219727 36.3644180297852 36.3246383666992 36.3736343383789 36.4750900268555 36.5643539428711 36.6069450378418 36.6437644958496 36.6691474914551 36.2767372131348 35.4022636413574 35.025390625 34.9902420043945 34.9712257385254 34.9584312438965 34.9517478942871 34.9461441040039 34.9454383850098 34.9449005126953 34.9448471069336 34.9448509216309 34.9450263977051 34.9450759887695 34.9449081420898 34.9448318481445 34.9448471069336 34.9448547363281 34.9448547363281 34.9448547363281 34.9448547363281 34.9448738098145 34.944896697998 34.9449005126953 34.9449043273926 34.9448738098145 34.9448471069336 34.9448356628418 34.94482421875 34.9448127746582 34.9448089599609 34.9448051452637 34.9448089599609
-9999 -9999 -9999 -9999 -9999 -9999 36.4875717163086 36.4913482666016 36.4985847473145 36.5734214782715 36.6384773254395 36.6660804748535 36.6875534057617 36.6968955993652 36.2958183288574 35.4211730957031 35.0405387878418 34.9991683959961 34.9773063659668 34.9629821777344 34.9538688659668 34.9456787109375 34.9451675415039 34.9448699951172 34.9449348449707 34.9450531005859 34.9453468322754 34.9455032348633 34.9454154968262 34.9453773498535 34.9453926086426 34.9453964233398 34.945384979248 34.945369720459 34.9453506469727 34.9453430175781 34.9453353881836 34.9451789855957 34.9450225830078 34.9448890686035 34.9447898864746 34.9448013305664 34.9448089599609 34.9448165893555 34.9448165893555 34.9448165893555 34.9448432922363
-9999 -9999 -9999 -9999 -9999 -9999 36.6071815490723 36.646728515625 36.620288848877 36.6692771911621 36.7109565734863 36.7246398925781 36.7314491271973 36.7246513366699 36.3146514892578 35.4394111633301 35.055004119873 35.0076713562012 34.9830436706543 34.9671859741211 34.9558143615723 34.9452362060547 34.9449234008789 34.9448699951172 34.9450645446777 34.9453048706055 34.9456939697266 34.9459419250488 34.9459533691406 34.9459648132324 34.9459800720215 34.9459762573242 34.9459648132324 34.945930480957 34.9458923339844 34.9458541870117 34.9458122253418 34.9454956054688 34.9451942443848 34.9449691772461 34.9448089599609 34.9448318481445 34.9448585510254 34.9448776245117 34.9448852539062 34.9448852539062 34.9449310302734
-9999 -9999 -9999 -9999 -9999 -9999 36.6982536315918 36.683464050293 36.6911697387695 36.7212409973145 36.7469902038574 36.7562103271484 36.7561950683594 36.7379150390625 36.3198852539062 35.4406204223633 35.0545616149902 35.0072174072266 34.9826812744141 34.9669494628906 34.9556770324707 34.9451904296875 34.9450035095215 34.9450836181641 34.9455146789551 34.9458999633789 34.9461288452148 34.9462852478027 34.9463195800781 34.9463348388672 34.9463386535645 34.9463768005371 34.9464378356934 34.9464416503906 34.946418762207 34.9463653564453 34.9463043212891 34.9460487365723 34.9458084106445 34.9456825256348 34.9455871582031 34.9455871582031 34.9455833435059 34.9455642700195 34.9455451965332 34.9455299377441 34.9455642700195
-9999 -9999 -9999 -9999 -9999 36.7803916931152 36.750358581543 36.7645721435547 36.7502975463867 36.763916015625 36.7758712768555 36.7814712524414 36.7624931335449 36.6948738098145 36.2657203674316 35.4194145202637 35.0483093261719 35.0035514831543 34.9800148010254 34.964672088623 34.954460144043 34.9451522827148 34.9451866149902 34.9454650878906 34.9460258483887 34.946475982666 34.9465751647949 34.9466552734375 34.9467010498047 34.946720123291 34.9467163085938 34.94677734375 34.9468841552734 34.946907043457 34.9468994140625 34.9468383789062 34.9467658996582 34.9465675354004 34.9463920593262 34.9463424682617 34.9463043212891 34.9462852478027 34.9462585449219 34.9462089538574 34.9461631774902 34.9461212158203 34.9461326599121
-9999 -9999 -9999 -9999 36.7975120544434 36.7856330871582 36.7803916931152 36.7729988098145 36.7663154602051 36.772533416748 36.7785186767578 36.7836074829102 36.7011299133301 36.4453887939453 35.9937362670898 35.3160362243652 35.0207557678223 34.9881057739258 34.9689064025879 34.9549026489258 34.9492721557617 34.9451217651367 34.9457664489746 34.9464645385742 34.9467391967773 34.9469680786133 34.9470596313477 34.9471282958984 34.9471549987793 34.9471702575684 34.9471664428711 34.9471855163574 34.9472160339355 34.9472198486328 34.947208404541 34.9471549987793 34.947093963623 34.9469718933105 34.9468650817871 34.9468193054199 34.9467849731445 34.9467735290527 34.9467506408691 34.9467010498047 34.9466133117676 34.9464988708496 34.946460723877
