Ecospace-environmental-drivers/Outputs/ASCII-for-ecospace/MOM6-ISIMIP3a/so-bot/2010-05_so-bot_MOM6-ISIMIP3a.asc
NCOLS 131 
NROWS 53 
XLLCORNER -98 
YLLCORNER 23.9265270233154 
CELLSIZE 0.133587792515755 
NODATA_value -9999 
[rows 21 to 41 of 53, columns 0 to 46 of 131]
-9999 -9999 -9999 -9999 -9999 -9999 34.7334060668945 34.7236404418945 34.7049331665039 34.6675987243652 34.6630935668945 34.5381965637207 34.5636100769043 34.6393127441406 34.8312454223633 35.1572914123535 35.4016265869141 35.5898399353027 35.7557830810547 35.9131278991699 36.0406837463379 36.1629867553711 36.2348403930664 36.3017997741699 36.3371810913086 36.3691444396973 36.3900146484375 36.4043731689453 36.4073677062988 36.4173774719238 36.4346008300781 36.4537773132324 36.4741516113281 36.4920845031738 36.509204864502 36.5196418762207 36.529125213623 36.5352096557617 36.5428123474121 36.56005859375 36.5741958618164 36.5796775817871 36.5794525146484 36.5704078674316 36.5641479492188 36.5604476928711 36.5592308044434
-9999 -9999 -9999 -9999 -9999 -9999 34.736385345459 34.7334060668945 34.7138710021973 34.7048568725586 34.6675987243652 34.7834815979004 34.9341087341309 35.1534957885742 35.380443572998 35.6161193847656 35.7967109680176 35.9394798278809 36.0672950744629 36.189338684082 36.2851333618164 36.3762969970703 36.4284629821777 36.4768104553223 36.5004501342773 36.5213623046875 36.5334243774414 36.540412902832 36.5385398864746 36.5430068969727 36.5539932250977 36.567440032959 36.5823860168457 36.5989875793457 36.6161460876465 36.6272315979004 36.6374359130859 36.6425247192383 36.6483154296875 36.6586074829102 36.6673545837402 36.6717872619629 36.6718254089355 36.6650695800781 36.6592864990234 36.6544036865234 36.6509628295898
-9999 -9999 -9999 -9999 34.6907920837402 34.7268714904785 34.7364768981934 34.7392692565918 34.7334060668945 34.6943359375 34.7240943908691 35.0172996520996 35.3302612304688 35.6822967529297 35.931209564209 36.0611305236816 36.1706085205078 36.2660446166992 36.3565254211426 36.4450912475586 36.510986328125 36.5728797912598 36.6008491516113 36.6266479492188 36.6405143737793 36.6523857116699 36.6577911376953 36.6606979370117 36.6592445373535 36.6602630615234 36.6638259887695 36.6707000732422 36.6795959472656 36.6940612792969 36.7103881835938 36.7212753295898 36.7313690185547 36.7350883483887 36.7382698059082 36.738037109375 36.7373886108398 36.7355728149414 36.7333106994629 36.7303619384766 36.7262115478516 36.7209587097168 36.7158584594727
-9999 -9999 -9999 -9999 34.605152130127 34.6946640014648 34.7172660827637 34.7364768981934 34.7479248046875 34.8936500549316 35.0789031982422 35.415454864502 35.7253227233887 35.9823799133301 36.1694641113281 36.2758178710938 36.3520393371582 36.4075622558594 36.4627723693848 36.5178604125977 36.565975189209 36.6128540039062 36.5678253173828 36.5270500183105 36.5384826660156 36.5485801696777 36.5543518066406 36.5795211791992 36.6385345458984 36.6727676391602 36.6814956665039 36.690071105957 36.6985549926758 36.7083168029785 36.718505859375 36.7248382568359 36.7305450439453 36.7231521606445 36.7077102661133 36.6410140991211 36.5642051696777 36.4592361450195 36.3955230712891 36.395565032959 36.3942794799805 36.391773223877 36.3899803161621
-9999 -9999 -9999 -9999 -9999 34.605152130127 34.7197570800781 34.698055267334 34.8124313354492 35.1212882995605 35.4384803771973 35.7875785827637 36.0765609741211 36.2465744018555 36.372745513916 36.4483222961426 36.4597015380859 36.4269905090332 36.4219512939453 36.4275970458984 36.4535713195801 36.4831352233887 36.3888168334961 36.3031311035156 36.3119964599609 36.3199729919434 36.3250465393066 36.3636741638184 36.4608497619629 36.5168724060059 36.5305480957031 36.5422019958496 36.552619934082 36.5586395263672 36.5631904602051 36.5654411315918 36.5672416687012 36.5502128601074 36.5205192565918 36.4101600646973 36.2837753295898 36.1127815246582 36.009880065918 36.0122032165527 36.0130615234375 36.0125694274902 36.0127029418945
-9999 -9999 -9999 -9999 -9999 34.6354598999023 34.605152130127 34.8393440246582 35.0961151123047 35.4731101989746 35.8189544677734 36.0455627441406 36.2356452941895 36.3534393310547 36.4226722717285 36.4358711242676 36.2439193725586 35.9110832214355 35.7362670898438 35.6224708557129 35.6072120666504 35.6093406677246 35.5696983337402 35.5341033935547 35.5398292541504 35.5441436767578 35.5438575744629 35.5573425292969 35.5948638916016 35.6225967407227 35.6402549743652 35.6610221862793 35.6836776733398 35.6901664733887 35.6912612915039 35.6915130615234 35.6914978027344 35.6713371276855 35.6465721130371 35.5924911499023 35.533088684082 35.4588737487793 35.4144020080566 35.4158897399902 35.4157218933105 35.4140281677246 35.4100608825684
-9999 -9999 34.7112274169922 34.7001609802246 34.6858825683594 34.6658058166504 34.635425567627 34.9955215454102 35.3771133422852 35.7697868347168 36.1098594665527 36.2485961914062 36.3677749633789 36.4482574462891 36.4305038452148 36.2994003295898 35.963550567627 35.4870948791504 35.2301559448242 35.0579795837402 35.0191230773926 35.003791809082 35.0018005371094 35.0006332397461 35.0038986206055 35.0055732727051 35.0020942687988 34.9990158081055 34.996639251709 35.0049629211426 35.024299621582 35.047779083252 35.0737800598145 35.0794372558594 35.0783157348633 35.0770988464355 35.0757369995117 35.0560188293457 35.0370864868164 35.0231437683105 35.0110969543457 35.0043258666992 34.9998550415039 34.9989395141602 34.9973106384277 34.9950294494629 34.9891891479492
-9999.000000000000000 -9999 -9999 -9999 34.7487907409668 34.7059631347656 34.7244682312012 35.1841773986816 35.6522560119629 35.9461479187012 36.2053451538086 36.3317337036133 36.4411010742188 36.516788482666 36.3464813232422 35.892333984375 35.5422592163086 35.2636566162109 35.115837097168 35.0185165405273 34.9945411682129 34.9835090637207 34.9820213317871 34.9811248779297 34.9833946228027 34.9846725463867 34.9827346801758 34.9818000793457 34.9826164245605 34.9909133911133 35.0069046020508 35.0191345214844 35.0290756225586 35.0310745239258 35.0304260253906 35.0289077758789 35.0272026062012 35.015754699707 35.0046348571777 34.9955978393555 34.9880676269531 34.984748840332 34.9800834655762 34.9733352661133 34.9693031311035 34.9677658081055 34.9649124145508
-9999 -9999 -9999 -9999 34.8383674621582 34.8746032714844 34.8386383056641 35.3168563842773 35.8008460998535 36.0351715087891 36.2466201782227 36.3704986572266 36.4553871154785 36.463134765625 36.1864585876465 35.5816078186035 35.252986907959 35.1140632629395 35.0410003662109 34.9933700561523 34.9776306152344 34.9675178527832 34.9664077758789 34.965763092041 34.9673728942871 34.9685745239258 34.9684371948242 34.9690628051758 34.9710083007812 34.9780464172363 34.9903182983398 34.9953575134277 34.9959907531738 34.9954490661621 34.9945220947266 34.9929237365723 34.9912071228027 34.9856033325195 34.9799842834473 34.9742889404297 34.9696426391602 34.9679374694824 34.9638557434082 34.9561042785645 34.9519500732422 34.9510955810547 34.9501152038574
-9999 -9999 -9999 -9999 34.9045715332031 34.9345397949219 34.9715423583984 35.3791084289551 35.790225982666 36.0143203735352 36.2196960449219 36.3534355163574 36.395393371582 36.2557563781738 35.9308242797852 35.3920822143555 35.1297988891602 35.0573768615723 35.0158386230469 34.9862289428711 34.9703674316406 34.9569282531738 34.9560279846191 34.9556159973145 34.9569931030273 34.9585151672363 34.9605140686035 34.9619598388672 34.9624443054199 34.9666748046875 34.9747543334961 34.9777030944824 34.9775276184082 34.9758605957031 34.9736938476562 34.9722938537598 34.9709892272949 34.9681701660156 34.9651489257812 34.9608268737793 34.9570083618164 34.9546012878418 34.9520874023438 34.9494094848633 34.9480018615723 34.94775390625 34.9472427368164
-9999 -9999 -9999 -9999 34.9345397949219 34.9793319702148 35.0319175720215 35.3758773803711 35.7286376953125 35.9722709655762 36.1936225891113 36.3296737670898 36.3852043151855 36.2813987731934 35.9465408325195 35.3450775146484 35.06982421875 35.0185890197754 34.9916152954102 34.974006652832 34.9619750976562 34.950927734375 34.9503479003906 34.9502105712891 34.951831817627 34.9537544250488 34.9566421508789 34.9583358764648 34.9579429626465 34.9595222473145 34.9631309509277 34.9642524719238 34.9638557434082 34.9623413085938 34.9604530334473 34.9591636657715 34.957950592041 34.9566459655762 34.9551734924316 34.9525985717773 34.9501266479492 34.9479331970215 34.9464645385742 34.9461212158203 34.945972442627 34.9459991455078 34.9457626342773
-9999 -9999 -9999 -9999 34.9819297790527 35.0319175720215 35.3146171569824 35.3235397338867 35.6288261413574 35.9143295288086 36.1681861877441 36.300895690918 36.4123649597168 36.481803894043 36.1657752990723 35.404972076416 35.0572547912598 34.9932250976562 34.968090057373 34.9579734802246 34.9527397155762 34.9483680725098 34.9481925964355 34.948356628418 34.9505882263184 34.9529609680176 34.955810546875 34.9573173522949 34.9564895629883 34.9555397033691 34.9544715881348 34.9539566040039 34.953784942627 34.9533805847168 34.9529037475586 34.9516525268555 34.9503021240234 34.9495544433594 34.9488372802734 34.9482955932617 34.9475555419922 34.9462661743164 34.9454536437988 34.9453811645508 34.9453773498535 34.9454383850098 34.9453277587891
-9999 -9999 -9999 -9999 35.0319175720215 35.332633972168 35.4492454528809 35.5271301269531 35.558032989502 35.863842010498 36.133846282959 36.2668037414551 36.4008636474609 36.5370979309082 36.2295188903809 35.4098434448242 35.0429458618164 34.986988067627 34.9637222290039 34.9530792236328 34.9496002197266 34.9473838806152 34.9470558166504 34.9469528198242 34.9483871459961 34.9499053955078 34.9517059326172 34.9527244567871 34.9523849487305 34.9514465332031 34.949893951416 34.9492530822754 34.9491691589355 34.9491271972656 34.9490966796875 34.9481086730957 34.9469947814941 34.9465980529785 34.9462547302246 34.9462776184082 34.946117401123 34.9454498291016 34.9450492858887 34.9450569152832 34.9450798034668 34.945125579834 34.9450645446777
-9999 -9999 -9999 -9999 -9999 35.51953125 35.5347595214844 35.4970626831055 35.4996719360352 35.8165473937988 36.0956954956055 36.2304382324219 36.3727912902832 36.5301971435547 36.226619720459 35.3911361694336 35.027889251709 34.9889488220215 34.9675636291504 34.9529571533203 34.9490737915039 34.9470825195312 34.9463539123535 34.9457359313965 34.9457740783691 34.9458808898926 34.9461936950684 34.9465942382812 34.9471435546875 34.9473037719727 34.9470672607422 34.9469451904297 34.946891784668 34.9468841552734 34.9468955993652 34.9462623596191 34.9455490112305 34.9454078674316 34.9452819824219 34.9452362060547 34.9451637268066 34.9449996948242 34.9449043273926 34.9449043273926 34.9449081420898 34.9449157714844 34.944881439209
-9999 -9999 -9999 -9999 -9999 35.5993461608887 35.5745849609375 35.5800895690918 35.5937042236328 35.8549270629883 36.0892486572266 36.2205963134766 36.363597869873 36.5296592712402 36.2284240722656 35.3880081176758 35.0246238708496 34.988842010498 34.96875 34.9547157287598 34.9499893188477 34.946907043457 34.9460525512695 34.9453163146973 34.9451599121094 34.945068359375 34.9451675415039 34.9453506469727 34.945686340332 34.9458503723145 34.9458427429199 34.9458236694336 34.9457969665527 34.9457931518555 34.9457969665527 34.9454765319824 34.9451141357422 34.9450607299805 34.9450073242188 34.9449729919434 34.9449310302734 34.9448852539062 34.9448585510254 34.9448623657227 34.9448585510254 34.9448585510254 34.9448394775391
-9999 -9999 -9999 -9999 -9999 35.703182220459 35.6886901855469 35.646598815918 35.7192611694336 35.9110298156738 36.0893592834473 36.2162437438965 36.3583145141602 36.5304336547852 36.2312049865723 35.3881072998047 35.0237998962402 34.9883003234863 34.9693832397461 34.9568634033203 34.9512100219727 34.9467620849609 34.9458312988281 34.9450569152832 34.9449577331543 34.9449195861816 34.9450645446777 34.9451179504395 34.9450149536133 34.9449577331543 34.9449501037598 34.9449462890625 34.9449462890625 34.944938659668 34.9449310302734 34.9449119567871 34.9448928833008 34.9448852539062 34.944881439209 34.9448661804199 34.9448509216309 34.9448432922363 34.9448356628418 34.9448356628418 34.9448356628418 34.9448318481445 34.94482421875
-9999 -9999 -9999 -9999 -9999 -9999 35.8462753295898 35.8393821716309 35.8510322570801 35.9809455871582 36.1114120483398 36.2439918518066 36.3869476318359 36.5504417419434 36.2485046386719 35.4095306396484 35.0424461364746 34.9994277954102 34.9765968322754 34.9615631103516 34.9531784057617 34.9459686279297 34.9453468322754 34.9449272155762 34.9449729919434 34.945068359375 34.9453239440918 34.9454727172852 34.9454460144043 34.9454383850098 34.9454460144043 34.9454345703125 34.9454154968262 34.9454002380371 34.945384979248 34.9453659057617 34.9453468322754 34.9451713562012 34.9450073242188 34.9449195861816 34.9448585510254 34.9448547363281 34.9448547363281 34.9448547363281 34.9448509216309 34.9448471069336 34.9448738098145
-9999 -9999 -9999 -9999 -9999 -9999 36.0108413696289 36.0528411865234 35.9860076904297 36.0530014038086 36.1349449157715 36.2741050720215 36.4177360534668 36.5702171325684 36.2644157409668 35.4298248291016 35.0602531433105 35.0100250244141 34.9834136962891 34.9659233093262 34.9549865722656 34.9452056884766 34.944896697998 34.9448280334473 34.9450302124023 34.9452629089355 34.9456100463867 34.9458541870117 34.9459190368652 34.9459609985352 34.9459838867188 34.945972442627 34.9459342956543 34.9459075927734 34.9458885192871 34.945858001709 34.9458236694336 34.9454879760742 34.9451789855957 34.9450302124023 34.9449195861816 34.9449234008789 34.9449234008789 34.9449272155762 34.9449272155762 34.9449234008789 34.9449806213379
-9999 -9999 -9999 -9999 -9999 -9999 36.2194709777832 36.1402969360352 36.1521644592285 36.1412734985352 36.1637878417969 36.3141555786133 36.4553337097168 36.5783309936523 36.2585525512695 35.4278793334961 35.0597991943359 35.0093955993652 34.982837677002 34.9654846191406 34.954719543457 34.9451179504395 34.9449424743652 34.9450149536133 34.9454002380371 34.9457511901855 34.9459991455078 34.9461898803711 34.9462776184082 34.9463272094727 34.9463348388672 34.9463348388672 34.9463310241699 34.9463081359863 34.9462814331055 34.9462547302246 34.9462280273438 34.9459762573242 34.9457397460938 34.945613861084 34.9455223083496 34.9455413818359 34.9455528259277 34.9455604553223 34.9455795288086 34.9456176757812 34.9456748962402
-9999 -9999 -9999 -9999 -9999 36.6305351257324 36.4351844787598 36.4652786254883 36.299732208252 36.2328262329102 36.2107124328613 36.3600425720215 36.4788627624512 36.5373268127441 36.199634552002 35.4048385620117 35.0527687072754 35.0047416687012 34.9795570373535 34.963191986084 34.9535331726074 34.9450569152832 34.9450912475586 34.9453430175781 34.9458274841309 34.9462394714355 34.946403503418 34.9465484619141 34.9466552734375 34.9467086791992 34.946704864502 34.9467086791992 34.9467239379883 34.9467010498047 34.9466705322266 34.9466438293457 34.9466171264648 34.9464416503906 34.9462776184082 34.9461784362793 34.9461135864258 34.9461402893066 34.9461555480957 34.9461555480957 34.9461784362793 34.9462203979492 34.9462699890137
-9999 -9999 -9999 -9999 36.6294364929199 36.6378288269043 36.6305351257324 36.5046234130859 36.3791389465332 36.3364028930664 36.3239326477051 36.4273223876953 36.4508209228516 36.3162307739258 35.9461784362793 35.3044395446777 35.0216331481934 34.9853210449219 34.9663581848145 34.9540901184082 34.9489631652832 34.9450988769531 34.9456176757812 34.9461975097656 34.9464645385742 34.946704864502 34.9468612670898 34.9469947814941 34.9470977783203 34.9471473693848 34.9471397399902 34.9471244812012 34.9471015930176 34.9470748901367 34.9470443725586 34.9470024108887 34.9469604492188 34.946849822998 34.9467468261719 34.9466896057129 34.9466552734375 34.9466705322266 34.9466667175293 34.9466285705566 34.9465713500977 34.9464988708496 34.9464874267578
