Ecospace-environmental-drivers/Outputs/ASCII-for-ecospace/MOM6-ISIMIP3a/so-bot/2014_mo04_avg31y_so-bot_MOM6-ISIMIP3a.asc
NCOLS 131 
NROWS 53 
XLLCORNER -98 
YLLCORNER 23.9265270233154 
CELLSIZE 0.133587792515755 
NODATA_value -9999 
[rows 21 to 41 of 53, columns 47 to 93 of 131]
36.4714044140231 36.4812465790779 36.490423756261 36.4899567634829 36.4887041891775 36.4929012175529 36.4967741197155 36.4989956271264 36.5001444662771 36.4987006648894 36.4997665651383 36.504277137018 36.5131389248756 36.5255606866652 36.3398597471176 36.060312086536 35.6002603346302 35.0970797384939 35.0516805341167 35.037356961158 35.0175891999275 34.996337398406 34.9688705936555 34.9493402050387 34.9465628593199 34.9449678236438 34.9448174507387 34.9447420181767 34.9447198683216 34.9447193761026 34.9447273746614 34.9448062527564 34.9448980516003 34.9461577630812 34.9476816731115 34.9513648248488 34.963310364754 35.0043047012821 35.0443819107548 35.0827540736045 35.1294564277895 35.185234685098 35.2683064860682 35.3690387356666 35.505055458315 35.6537473124842 35.9399960425592
36.5406085598853 36.5465882824313 36.5521458041283 36.5513107545914 36.5499544451314 36.5521981023973 36.5539499098255 36.5532030905447 36.5532686787267 36.5552944060295 36.4945955584126 36.347782504174 36.2266871544623 36.1266331826487 35.9131064876433 35.6458308312201 35.3562014179845 35.0612306902485 35.0164481132261 34.9902613239904 34.984570287889 34.9766451927923 34.9593669522193 34.9471668120353 34.945685848113 34.9448354167323 34.9447550619802 34.9447164227886 34.944706824518 34.9447111314343 34.9447209758143 34.9447319276871 34.9447431256694 34.9448468608241 34.9450746351673 34.9464801665275 34.9520008948541 34.9719942154423 34.9915776406565 35.0103992339103 35.0394776867282 35.0797303722751 35.1330178783786 35.1947389418079 35.2908901091545 35.399408648091 35.650887273973
36.5881405491983 36.5850175426852 36.5801170103012 36.5779137149934 36.5758814657888 36.5710190803774 36.5663217113864 36.5624686210386 36.5599018219979 36.5604398173671 36.4390575039771 36.1502958728421 35.906445287889 35.699339589765 35.4649579448085 35.2176561663228 35.1139674032888 35.0445931957614 35.0025378811744 34.9649225050403 34.9646181906423 34.9624937734296 34.9527557126937 34.9459066083354 34.9451576971239 34.9447337735084 34.9447067014633 34.9446951343167 34.9446951343167 34.944704363423 34.9447174072266 34.9447215910881 34.9447245444021 34.9447624452652 34.9447972697596 34.9447863178868 34.9447809034778 34.9447935781171 34.9453563074912 34.9469391607469 34.9608306884766 34.9881341995731 35.0135601412865 35.0377728862147 35.0927591631489 35.1588009249779 35.3630140981367
36.3113656813099 36.2137872019122 36.0867855933405 36.0768787014869 36.0754597571588 35.9795917387932 35.8994316593293 35.8991722599153 35.8752216216057 35.7940633220057 35.6924800257529 35.5628540285172 35.4534664769326 35.3606372956307 35.2415348176033 35.1099864590553 35.0507384269468 35.0087654359879 34.9828626571163 34.9595376291583 34.9576635053081 34.9551224247102 34.9497946462324 34.9459293734643 34.9451520366053 34.9447116236533 34.9446817213489 34.9446798755277 34.9446975954117 34.9447194991573 34.9447431256694 34.9447773348901 34.9448137590962 34.9448323403635 34.9448478452621 34.9448334478563 34.9448220037645 34.9448190504505 34.9450630680207 34.9457664489746 34.9519980645949 34.9642523488691 34.9756414351925 34.9864698840726 35.0234525126796 35.0698288948305 35.2036556120842
35.9767033976893 35.8189179205125 35.6143629012569 35.59923947242 35.5978814401934 35.4446625248078 35.3170307528588 35.3195581743794 35.2823812423214 35.1493311235982 35.0723115244219 35.0722155417165 35.0721705036779 35.0721677964734 35.0490560223979 35.0149992665937 34.994018800797 34.9761629412251 34.9646695044733 34.9541409400202 34.951290745889 34.9486867843136 34.9471191898469 34.9458233002693 34.9451004766649 34.9446891046339 34.9446585870558 34.9446664625599 34.9447031328755 34.9447368498771 34.9447701977145 34.9448288948305 34.9448925141365 34.944895221341 34.9448946060673 34.944877501457 34.9448606429562 34.9448445227838 34.9448300023233 34.9448174507387 34.9448114210559 34.9448115441107 34.944772904919 34.9447086703393 34.9648147090789 34.9921664576377 35.0622392469837
35.3882206332299 35.3203983922158 35.2336168596821 35.2241806522492 35.2204656293315 35.1574588898689 35.1050946635585 35.106870466663 35.0922347038023 35.03797248102 35.006416689965 35.0060326360887 35.005185158022 35.003956087174 34.9922669933688 34.9756219925419 34.9658423393003 34.957703005883 34.9529743809854 34.9486901067918 34.9474685422836 34.9463552659558 34.9456949541646 34.9451494524556 34.9448453841671 34.9446662164504 34.9446409902265 34.9446621556436 34.9447166688981 34.9447623222105 34.9448045299899 34.9448634732154 34.9449258619739 34.9449275847404 34.9449257389192 34.9449082651446 34.9448904222058 34.9448733175955 34.9448583049159 34.9448493219191 34.9448445227838 34.9448448919481 34.9448208962717 34.9447810265326 34.9529615832913 34.9640941004599 34.9994946141397
34.9788270765735 34.9735459358461 34.9683387510238 34.9636944186303 34.9592372525123 34.9582951453424 34.9576806099184 34.9587302669402 34.9594166663385 34.9592249470372 34.9588890075684 34.9583559343892 34.9570617675781 34.955145682058 34.9518703337639 34.9479517782888 34.9462053852697 34.9449770527501 34.9449029737903 34.9449021124071 34.9448136360415 34.9447359884939 34.9447036250945 34.9446791371992 34.9446704003119 34.9446592023296 34.9446452971428 34.9446750763924 34.9447375882056 34.9447933320076 34.9448459994408 34.9448991590931 34.9449524418 34.944952934019 34.944950472924 34.9449336144232 34.9449167559224 34.9449000204763 34.9448870997275 34.9448813161542 34.9448803317162 34.9448842694682 34.9448738098145 34.9448536288354 34.9448555977114 34.9448654420914 34.9546905025359
34.9601793596821 34.9576081306704 34.9549953091529 34.9531872657038 34.9515132288779 34.9512230657762 34.9510430366762 34.951424875567 34.9516798450101 34.9516290233981 34.9514381654801 34.9510548499323 34.9500944076046 34.9486621733635 34.9472411371046 34.9458262535834 34.9451999049033 34.9447624452652 34.9447393109722 34.9447427565052 34.9447049786968 34.9446721230784 34.9446569873441 34.9446534187563 34.9446721230784 34.9446866435389 34.9446953804262 34.9447270054971 34.9447759812878 34.9448357858966 34.9449007588048 34.944935214135 34.9449645011656 34.9449648703298 34.9449627783991 34.9449483809933 34.9449341066422 34.9449213089481 34.9449129412251 34.9449146639916 34.9449227856052 34.9449374291205 34.944936690792 34.9449254928097 34.9449266003024 34.9449321377662 34.9490287534652
34.9486754632765 34.9478450898201 34.9469396529659 34.9467815276115 34.9467046183925 34.9467586394279 34.9468069999449 34.9468253351027 34.9468334567162 34.9468154907227 34.9466957584504 34.9464372204196 34.9458386821132 34.9449616709063 34.9446710155856 34.9446584640011 34.9446579717821 34.9446605559318 34.9446605559318 34.9446605559318 34.944651080716 34.9446430821573 34.944641728555 34.9446508346065 34.9446827057869 34.9447108853248 34.9447345118369 34.94476749051 34.9448071141397 34.9448675340222 34.9449358294087 34.9449594559208 34.9449753299836 34.9449756991479 34.9449747147099 34.9449637628371 34.9449530570738 34.9449448124055 34.944942105201 34.9449508420883 34.9449675775343 34.9449929268129 34.9450056014522 34.94500917004 34.9450115080803 34.945013107792 34.9457067674206
34.946158378355 34.945851110643 34.9455371979744 34.9455354752079 34.9455643930743 34.9455755910566 34.9455918342836 34.9456317040228 34.9456240746283 34.9455015120968 34.9453611066265 34.9451947366038 34.9449936651414 34.9447631835938 34.944692057948 34.9446957495905 34.944697964576 34.944699441233 34.9446876279769 34.9446755686114 34.9446652320123 34.9446583409463 34.9446659703408 34.9446791371992 34.9447039942588 34.9447310663039 34.944759615006 34.9447939472814 34.944831109816 34.9448851308515 34.9449448124055 34.9449686850271 34.9449850513089 34.9449868971302 34.9449870201849 34.9449793907904 34.9449733611076 34.9449710230674 34.9449753299836 34.9449900965537 34.9450149536133 34.9450499011624 34.9450800495763 34.9451072446762 34.9451141357422 34.9451137665779 34.9453277587891
34.9449775449691 34.9449040812831 34.9448493219191 34.9448928833008 34.944944566296 34.9449246314264 34.9449122028966 34.9449413668725 34.9449254928097 34.9447998539094 34.9447131003103 34.9446801216372 34.9446868896484 34.9447257749496 34.9447478017499 34.9447623222105 34.944760107225 34.9447554311445 34.9447337735084 34.944712731146 34.9446956265357 34.9446835671702 34.9446899660172 34.9447015331637 34.9447225755261 34.9447490322974 34.9447818879158 34.944817327684 34.9448547363281 34.9449054348853 34.9449613017421 34.9449838207614 34.944999817879 34.9450041247952 34.9450073242188 34.9450046170142 34.9450035095215 34.9450058475617 34.945013600011 34.9450311968403 34.9450598685972 34.9451008458291 34.9451424383348 34.94518427695 34.9452003971223 34.9452064268051 34.9452102415023
34.9447989925261 34.9447430026147 34.944696487919 34.944704363423 34.9447147000221 34.9446718769689 34.944634837489 34.9446297922442 34.9446103495936 34.9445574360509 34.944581554782 34.944711254489 34.9447833645728 34.9448096982894 34.9448304945423 34.9448498141381 34.9448396005938 34.9448229882025 34.9447949317194 34.944766506072 34.9447383265342 34.9447150691863 34.9447142078031 34.9447196222121 34.9447390648627 34.9447662599625 34.9448016997307 34.9448397236486 34.9448782397855 34.9449279539047 34.9449825902139 34.9450036325762 34.9450186452558 34.9450263977051 34.9450329196069 34.9450363651399 34.9450406720561 34.9450463325747 34.9450563000094 34.9450740198935 34.9451041683074 34.9451477296891 34.9451949827133 34.9452456812705 34.9452736146988 34.9452939187327 34.9452891195974
34.9446771683231 34.9446386521862 34.9446044429656 34.9445959521878 34.9445885689028 34.9445442691926 34.9445222423923 34.9446141642909 34.9446740919544 34.9446574795631 34.944760599444 34.9450267668693 34.9451387466923 34.945124103177 34.9451058910739 34.9450860792591 34.9450409181656 34.9449892351704 34.944936690792 34.944882423647 34.9448176968482 34.9447637988675 34.944756169473 34.9447567847467 34.944774381576 34.9447992386356 34.9448344322943 34.9448685184602 34.9449032198998 34.9449528109643 34.9450089239305 34.9450315660046 34.9450481783959 34.9450612221995 34.9450738968388 34.9450823876166 34.9450910014491 34.9450999844459 34.9451115515924 34.9451281639837 34.9451557282479 34.9451953518775 34.94524100519 34.9452894887617 34.9453219752158 34.9453492933704 34.9453438789614
34.9445818008915 34.9445584204889 34.9445376242361 34.944522365447 34.944507106658 34.9444694519043 34.9444790501748 34.9447252827306 34.9449006357501 34.9449049426663 34.9450730354555 34.9454652109454 34.9456052472515 34.9455389207409 34.9454643495621 34.9453865789598 34.9452939187327 34.9451981821368 34.9451124129757 34.9450257824313 34.9449129412251 34.94481929656 34.9448058835922 34.9448020688949 34.9448167124102 34.9448399697581 34.9448717178837 34.9449005126953 34.9449290613974 34.9449786524619 34.9450371034684 34.945062944966 34.9450814031786 34.9451013380481 34.9451202884797 34.9451341936665 34.9451473605248 34.9451586815619 34.9451714792559 34.9451874763735 34.9452113489951 34.945244942942 34.9452834590789 34.9453257899131 34.9453601221884 34.9453918703141 34.9453884247811
34.9445402083858 34.9445132593955 34.9444843415291 34.944457761703 34.9444303204936 34.944388235769 34.9444663755355 34.9451584354524 34.9456489316879 34.9456538538779 34.9457398691485 34.9459376181326 34.9459705968057 34.9458682152533 34.9457574659778 34.9456421636766 34.9455157864478 34.9453864559051 34.9452685694541 34.9451520366053 34.9450484245054 34.9449597020303 34.9449347219159 34.9449209397839 34.9449294305617 34.944944074077 34.9449679466986 34.9449887429514 34.9450079394925 34.9450455942462 34.9450910014491 34.9451213959725 34.9451488371818 34.9451757861722 34.945201504615 34.9452175017326 34.9452316530289 34.9452406360257 34.945250357351 34.9452620475523 34.9452795213269 34.9453042553317 34.9453328040338 34.945365290488 34.9453922394783 34.9454166043189 34.9454145123882
34.9445094446982 34.9444748663133 34.9444341351909 34.9443947576707 34.9443543957126 34.9443049277029 34.9444600997433 34.9456581607942 34.9465056388609 34.9465065002441 34.9464797973633 34.9464181469333 34.9463157653809 34.9461810204291 34.9460364310972 34.9458883962324 34.9457308861517 34.9455720224688 34.9454205420709 34.9452748452463 34.945192152454 34.9451184426585 34.9450802956858 34.9450547002977 34.9450548233524 34.945061468309 34.9450761118243 34.9450880481351 34.9450982616794 34.9451213959725 34.9451495755103 34.9451853844427 34.9452224239226 34.9452571253623 34.9452904731997 34.9453072086457 34.9453211138325 34.9453265282416 34.9453331731981 34.9453398181546 34.9453501547537 34.9453655365975 34.9453842409195 34.9454051602271 34.9454226340017 34.9454375236265 34.9454365391885
34.9447701977145 34.9447982541976 34.9447783193281 34.9447578922395 34.9447575230752 34.945323328818 34.9459200213032 34.9466752083071 34.9471949915732 34.947146754111 34.9470251760175 34.9468022008096 34.9466183570123 34.9464660152312 34.9463072746031 34.9461459498252 34.945983763664 34.9458215775028 34.9456684973932 34.9455191089261 34.9454180809759 34.9453270204606 34.9452776755056 34.9452397746425 34.9452231622511 34.9452143023091 34.9452138100901 34.9452186092254 34.9452280844412 34.9452546642673 34.9452881351594 34.9453267743511 34.945366767145 34.9453963002851 34.9454232492755 34.9454287867392 34.945431863108 34.9454246028777 34.9454180809759 34.9454145123882 34.9454150046072 34.9454190654139 34.9454270639727 34.945437769736 34.9454444146925 34.9454499521563 34.9454504443753
34.9451189348775 34.9452085187358 34.9452147945281 34.9452176247874 34.9452604478405 34.9463808613439 34.9473656685122 34.9476618612966 34.9478434901084 34.9477502146075 34.9475456976121 34.9471895771642 34.9469284549836 34.9467458417339 34.9465702426049 34.9463991965017 34.9462346723003 34.9460721169749 34.9459185446462 34.9457676795221 34.9456488086331 34.9455416279454 34.9454818233367 34.9454302633962 34.9453982691611 34.9453734121015 34.9453569227649 34.9453548308342 34.9453622141192 34.9453912550403 34.9454285406297 34.9454682873141 34.9455084031628 34.9455309221821 34.9455509801065 34.945545811807 34.9455375671387 34.9455177553238 34.945499420166 34.945486130253 34.9454759167087 34.9454703792449 34.9454686564784 34.9454690256426 34.9454658262191 34.9454612731934 34.9454633651241
34.9462667895902 34.9463692941973 34.9464327904486 34.9465049005324 34.9466019907305 34.9473353970435 34.9479669140231 34.9480850465836 34.9481430053711 34.9480555134435 34.9479009566769 34.9476543549568 34.9473421650548 34.9469773077196 34.9467544555664 34.946598791307 34.9464468186901 34.946295461347 34.9461495184129 34.9460056674096 34.9458946720246 34.945792413527 34.9457264561807 34.945669112667 34.9456302273658 34.9455915881741 34.9455543025847 34.9455321527296 34.9455210778021 34.9455327680034 34.94555417953 34.9455732530163 34.9455925726121 34.9455988484044 34.9456029092112 34.9455926956669 34.9455796518633 34.9455563945155 34.9455367057554 34.9455228005686 34.9455116025863 34.9455029887538 34.9454975743448 34.9454936365927 34.9454837922127 34.9454730864494 34.9454727172852
34.9472379376811 34.9473643149099 34.9474945068359 34.9476229759955 34.9477611664803 34.9481475583969 34.9484663932554 34.9484422745243 34.9484008050734 34.9483183583906 34.9482052710748 34.9480496068155 34.9477267111501 34.9472668555475 34.9470250529628 34.9468869855327 34.9467483028289 34.9466104815083 34.946470076038 34.9463313933342 34.946221997661 34.9461186316706 34.946040491904 34.9459710890247 34.9459189138105 34.9458625547348 34.9458001659762 34.9457526668426 34.9457158734722 34.9457031988329 34.9457001224641 34.9456934775076 34.9456860942225 34.9456709584882 34.9456559458087 34.9456361339938 34.9456155838505 34.9455901115171 34.9455684538811 34.9455534412015 34.9455406435074 34.9455305530179 34.9455215700211 34.9455135714623 34.9454983126733 34.9454814541724 34.9454773933657
34.9475597258537 34.947750460717 34.9479806961552 34.9481211016255 34.9482542468656 34.9484403056483 34.9485911707724 34.9485580690445 34.9485100776919 34.9484255390783 34.9483221730878 34.9481921042165 34.9480021076818 34.9477626431373 34.9476105474657 34.947499429026 34.9473801889727 34.9472594722625 34.9471206665039 34.9469807532526 34.946848346341 34.946720123291 34.9466092509608 34.9465060080251 34.946417777769 34.9463256097609 34.9462253201392 34.9461325368574 34.946044921875 34.9459801950762 34.9459254357123 34.9458691996913 34.9458130867251 34.9457610345656 34.9457100898989 34.9456684973932 34.9456298582015 34.9456020478279 34.9455780521516 34.9455603322675 34.9455488881757 34.9455423662739 34.9455319066201 34.9455180014333 34.9454991740565 34.9454786239132 34.9454684103689
