Ecospace-environmental-drivers/Outputs/ASCII-for-ecospace/MOM6-ISIMIP3a/so-bot/2016_mo07_avg50y_so-bot_MOM6-ISIMIP3a.asc
NCOLS 131 
NROWS 53 
XLLCORNER -98 
YLLCORNER 23.9265270233154 
CELLSIZE 0.133587792515755 
NODATA_value -9999 
[rows 21 to 41 of 53, columns 48 to 95 of 131]
36.4655654907227 36.4773776245117 36.472248840332 36.4657628631592 36.4694760131836 36.4735359954834 36.4793604278564 36.4858178710938 36.4938037109375 36.5034440612793 36.5153563690186 36.5383776855469 36.5704875183106 36.3416732025146 35.9892646789551 35.5489601135254 35.0876544189453 35.0448343658447 35.0304322052002 35.0112058258057 34.9908406829834 34.9657104492187 34.9479858398438 34.9458951568604 34.9446998596191 34.9445980072021 34.9445504760742 34.9445432281494 34.9445935821533 34.9446680450439 34.9447592163086 34.9448538208008 34.9460335540771 34.9474839782715 34.9511875915527 34.9626382446289 35.0013291931152 35.0399458312988 35.0784231567383 35.1234215545654 35.1755253601074 35.2560665130615 35.3550085449219 35.4876432800293 35.6323808288574 35.907064743042 36.2021530151367 36.2732164001465
36.5453488922119 36.5554386901855 36.5558344268799 36.5553644561768 36.5583136749268 36.5601739501953 36.5565001678467 36.5559353637695 36.5628769683838 36.4995514678955 36.3397592926025 36.2216200256348 36.137559967041 35.9083141326904 35.6102964782715 35.3303614044189 35.0547463989258 35.0114228057861 34.9854584503174 34.9798867797852 34.9724243927002 34.9570469665527 34.9462715911865 34.945212097168 34.9446047210693 34.9445506286621 34.9445413970947 34.9445654296875 34.9446099090576 34.9446631622314 34.9446843719482 34.9446994781494 34.9448629760742 34.9451443481445 34.9465213012695 34.9517450714111 34.9704935455322 34.989280166626 35.0081381225586 35.0357097625732 35.0727745819092 35.1239698028564 35.1843074035645 35.2785299682617 35.3849241638184 35.6292965698242 35.895333404541 36.0215258026123
36.596870803833 36.5968253326416 36.5968270874023 36.5966986083984 36.5929148101807 36.5876194763184 36.5746363067627 36.5658111572266 36.5670255279541 36.4341522979736 36.1171955871582 35.8677740478516 35.6736087036133 35.4520837402344 35.2175999450684 35.1132545471191 35.0400038146973 34.9984224700928 34.9615411376953 34.9613996887207 34.9596601104736 34.9512337493897 34.9453479766846 34.9448252868652 34.944529800415 34.9445121002197 34.9445369720459 34.944592666626 34.9446322631836 34.944665145874 34.9446740722656 34.9446784973145 34.9447679901123 34.9448494720459 34.9448303985596 34.9448120117188 34.9447946929932 34.945260848999 34.9466244506836 34.9590770721436 34.9836112976074 35.0072413635254 35.0302863311768 35.0847638702393 35.1505327606201 35.3521846008301 35.5751721954346 35.7559148406982
36.220795135498 36.0857334136963 36.0790175628662 36.0818395996094 35.9874877929688 35.9081553649902 35.9052268218994 35.8790368652344 35.7966806793213 35.6892127227783 35.5472700500488 35.435666809082 35.3488864898682 35.23470703125 35.1075494384766 35.0479153442383 35.0044142913818 34.9793579101563 34.9569956970215 34.9554109954834 34.953250579834 34.9486785125732 34.9453946685791 34.9448310089111 34.9445097351074 34.9444846343994 34.9445235443115 34.9446096038818 34.9446710205078 34.9447219848633 34.9447944641113 34.9448710632324 34.9449178314209 34.9449574279785 34.9449346160889 34.944914932251 34.9449025726318 34.9451075744629 34.9457138061523 34.9512985992432 34.9623072814941 34.9728308868408 34.9830413818359 35.0188764953613 35.0639161682129 35.1962770080566 35.3423486328125 35.552046585083
35.8211318969727 35.5998577880859 35.5884645080566 35.5927867889404 35.4413641357422 35.3156156158447 35.320467300415 35.2842110443115 35.1486961364746 35.0704785919189 35.0709217834473 35.0713230133057 35.0716889953613 35.0472110748291 35.0109648132324 34.9898675537109 34.9723899841309 34.9619340515137 34.9524410247803 34.9499463653564 34.9476833343506 34.9463899993897 34.945338973999 34.9447998809814 34.9444889068604 34.9444571685791 34.9445113372803 34.9446292877197 34.9447125244141 34.9447822570801 34.9449068450928 34.9450419616699 34.945054473877 34.9450598907471 34.9450360870361 34.945015411377 34.945008392334 34.9450012207031 34.9449938964844 34.9449890136719 34.9449864196777 34.9448497772217 34.944626083374 34.9632281494141 34.9885926818848 35.0580120849609 35.1343488311768 35.3543837738037
35.3180442047119 35.2245468902588 35.2174261474609 35.2168849182129 35.1552700805664 35.1042148590088 35.1068731689453 35.0925511932373 35.0372283935547 35.0051205444336 35.0048841094971 35.0041023254395 35.0028741455078 34.9907346343994 34.9734267425537 34.9637944030762 34.9559963226318 34.9517051696777 34.9478469848633 34.9467776489258 34.9458102416992 34.9452715301514 34.944832611084 34.944605178833 34.94446434021 34.9444288635254 34.9445036315918 34.9446591186523 34.9447673797607 34.9448565673828 34.9449831390381 34.9451169586182 34.945131149292 34.9451385498047 34.9451218414307 34.9451075744629 34.9451026153564 34.945101776123 34.945108795166 34.945118560791 34.9451316070557 34.9450569915771 34.9449245452881 34.9524761962891 34.9627871704102 34.9971069335937 35.0351973724365 35.1839311981201
34.9688334655762 34.963812713623 34.9602840423584 34.9570287322998 34.9570151519775 34.9571584320068 34.9581019592285 34.9586791229248 34.9583746337891 34.95795753479 34.9573861694336 34.9559694671631 34.9538610076904 34.9507405090332 34.9471408843994 34.9456677246094 34.9447022247314 34.9446510314941 34.94465675354 34.9445780181885 34.9445114135742 34.9444929504395 34.9444822692871 34.9444869995117 34.9444798278809 34.9444576263428 34.9445439147949 34.9447100067139 34.9448369598389 34.944948425293 34.9450639343262 34.9451801300049 34.9451956939697 34.9452053833008 34.9451950073242 34.9451867675781 34.94518699646 34.9451944732666 34.9452153778076 34.945241394043 34.9452718353271 34.9452446746826 34.9451789093018 34.9451473999023 34.9451268005371 34.9537992858887 34.9638369750977 35.055636138916
34.9553575134277 34.9530675506592 34.9516480255127 34.9503667449951 34.950411605835 34.9504931640625 34.9507620239258 34.9508905792236 34.9506802368164 34.9504932403564 34.9503382873535 34.9494818115234 34.9480516815186 34.946708984375 34.9454074859619 34.9448794555664 34.9445351409912 34.9445227813721 34.9445307922363 34.9444950866699 34.9444651794434 34.9444577789307 34.9444725799561 34.9445345306397 34.9445817565918 34.9446106719971 34.9446898651123 34.944806060791 34.9449392700195 34.9450785064697 34.9451535797119 34.9452158355713 34.9452322387695 34.9452452087402 34.9452388000488 34.9452364349365 34.9452498626709 34.9452704620361 34.9453046417236 34.9453481292725 34.9454004669189 34.9453893280029 34.9453364562988 34.9452869415283 34.9452380371094 34.9488856506348 34.9531132507324 35.0193227386475
34.9471021270752 34.9465018463135 34.9463290405273 34.9462076568604 34.9462682342529 34.9463064575195 34.9462313842773 34.9461337280273 34.945982208252 34.9459085083008 34.9459418487549 34.9455339813232 34.9447663116455 34.9445106506348 34.9444986724854 34.9444979095459 34.9445004272461 34.9444968414307 34.9444921875 34.9444760894775 34.9444640350342 34.9444680023193 34.9444982147217 34.9445832824707 34.9446571350098 34.9447172546387 34.9447930145264 34.9448802185059 34.9450105285645 34.9451589202881 34.9452128601074 34.9452477264404 34.9452690887451 34.9452871704102 34.9452866363525 34.9452918243408 34.9453151702881 34.9453458404541 34.9453908538818 34.9454471588135 34.9455152130127 34.9455216217041 34.9454876708984 34.9454322052002 34.9453688049316 34.9460205078125 34.9467849731445 34.9895662689209
34.9454155731201 34.945193862915 34.9451846313477 34.9451970672607 34.9452194213867 34.9452377319336 34.9452334594727 34.9451907348633 34.9450537109375 34.9449468231201 34.9448806762695 34.9447814178467 34.9446550750732 34.9446192932129 34.9446269989014 34.9446296691895 34.9446311950684 34.9445989227295 34.9445642089844 34.9445372009277 34.9445184326172 34.9445365905762 34.9445697021484 34.9446331787109 34.9446983337402 34.944765625 34.9448424530029 34.9449258422852 34.9450444030762 34.9451767730713 34.9452335357666 34.9452755737305 34.9453053283691 34.9453322601318 34.9453402709961 34.9453531646729 34.9453835296631 34.9454211425781 34.9454724121094 34.9455358123779 34.9456121063232 34.9456379699707 34.9456312561035 34.9455847930908 34.9455234527588 34.9457330322266 34.9459851074219 34.9680596160889
34.9446115112305 34.9445614624023 34.9446035003662 34.944652557373 34.9446452331543 34.9446409606934 34.9446506500244 34.9446266937256 34.9445205688477 34.9444725036621 34.9445036315918 34.9445816040039 34.9446963500977 34.944747467041 34.9447679901123 34.9447640991211 34.9447541046143 34.944705581665 34.9446547698975 34.9446131896973 34.9445825958252 34.9445988464355 34.9446267700195 34.9446806335449 34.9447422790527 34.9448136901855 34.9448905944824 34.9449710845947 34.945083694458 34.9452085876465 34.9452688598633 34.9453159332275 34.9453527069092 34.9453870391846 34.9454036712646 34.9454241943359 34.9454586029053 34.9454991149902 34.9455530548096 34.9456176757812 34.9456946563721 34.9457350158691 34.9457522583008 34.9457264709473 34.9456856536865 34.9457025909424 34.9457289123535 34.9549546051025
34.944469833374 34.9444351196289 34.944444732666 34.9444577789307 34.9444264984131 34.9443975067139 34.9443788909912 34.9443473815918 34.9442832183838 34.9443627929687 34.9446395874023 34.9447956848145 34.9448527526855 34.9448901367187 34.9449185180664 34.9449006652832 34.9448704528809 34.944815826416 34.9447592926025 34.9447006988525 34.9446539306641 34.944655380249 34.944673538208 34.9447262573242 34.9447882843018 34.9448611450195 34.9449373626709 34.9450154876709 34.9451261901855 34.9452506256103 34.9453148651123 34.9453663635254 34.9454090881348 34.9454493713379 34.9454751586914 34.9455029296875 34.9455384063721 34.9455798339844 34.9456320953369 34.945694732666 34.9457681274414 34.945818862915 34.9458553314209 34.9458602905273 34.9458533477783 34.9458652496338 34.9458792877197 34.9481512451172
34.9443752288818 34.9443508148193 34.9443430328369 34.9443354797363 34.9442915344238 34.9442798614502 34.9444326782227 34.9445323944092 34.9445032501221 34.9446950531006 34.945189743042 34.9453963470459 34.9453675842285 34.9453284454346 34.94528465271 34.9452095794678 34.9451271057129 34.9450467681885 34.9449642181396 34.9448514556885 34.9447579956055 34.9447473907471 34.9447548675537 34.9448007965088 34.9448555755615 34.9449217224121 34.9449912261963 34.9450622558594 34.9451796722412 34.9453160095215 34.9453861236572 34.9454430389404 34.9454891967773 34.9455325317383 34.9455619812012 34.9455917358398 34.9456250762939 34.9456640625 34.9457124328613 34.94577003479 34.9458374023437 34.9458910369873 34.9459353637695 34.945955657959 34.9459663391113 34.9459677886963 34.9459669494629 34.9460395812988
34.9443001556396 34.9442846679688 34.9442655944824 34.9442449188232 34.9441925811768 34.944216003418 34.9446260070801 34.9449169158936 34.9449198150635 34.9452166748047 34.9459169006348 34.9461625671387 34.9460359954834 34.9458934020996 34.9457426452637 34.9455931854248 34.9454438781738 34.9453293609619 34.9452130889893 34.9450289154053 34.9448759460449 34.9448543548584 34.9448511505127 34.9448867797852 34.9449324798584 34.9449879455566 34.9450476837158 34.9451100921631 34.9452370452881 34.9453905487061 34.9454683685303 34.9455310058594 34.9455794525147 34.9456254577637 34.9456552886963 34.9456851959228 34.9457150268555 34.9457497406006 34.9457931518555 34.9458449554443 34.9459053039551 34.9459577941895 34.9460055541992 34.9460339355469 34.9460556030273 34.9460440063477 34.9460274505615 34.9459385681152
34.9442387390137 34.9441999816895 34.94416847229 34.944136505127 34.9440759277344 34.9442052459717 34.9453002929688 34.9460797119141 34.9460973358154 34.9462519836426 34.9465958404541 34.9466421508789 34.9464458465576 34.9462488555908 34.9460509490967 34.9458754730225 34.9457044219971 34.9455683898926 34.945432434082 34.9452797698975 34.9451505279541 34.9451165771484 34.9451009368896 34.9451237487793 34.9451538848877 34.9451937866211 34.9452444458008 34.945302734375 34.9454079437256 34.9455319976807 34.9456126403809 34.9456839752197 34.945736541748 34.9457866668701 34.9458115386963 34.9458349609375 34.9458534240723 34.9458742523193 34.9459005737305 34.9459355163574 34.9459802246094 34.9460214233398 34.9460603332519 34.946082611084 34.9460995483398 34.9460832977295 34.9460621643066 34.9459310150147
34.9441801452637 34.9441114807129 34.9440670013428 34.9440242767334 34.9439558410645 34.9442055511475 34.9460739898682 34.9474033355713 34.9474320220947 34.9473942565918 34.9472652435303 34.9470634460449 34.9468025970459 34.9465606689453 34.9463284301758 34.9461365509033 34.9459539031982 34.9457973480225 34.9456457519531 34.9455462646484 34.9454566955566 34.9454108428955 34.94538230896 34.9453911590576 34.9454063415527 34.9454289245605 34.945470199585 34.9455257415771 34.9456022644043 34.9456874847412 34.9457694244385 34.9458508300781 34.9459088134766 34.9459618377686 34.945980682373 34.9459968566895 34.9460014343262 34.9460068511963 34.9460131835937 34.9460292816162 34.9460565185547 34.9460840606689 34.9461120605469 34.9461260986328 34.9461343383789 34.9461149597168 34.9460918426514 34.945943069458
34.9446589660645 34.9446241760254 34.9445990753174 34.9446045684814 34.9454125213623 34.9462855529785 34.9474851989746 34.9483148193359 34.948247833252 34.9480557250977 34.9476903533936 34.9473759460449 34.9471034240723 34.946859588623 34.9466293334961 34.9464407348633 34.9462621307373 34.9461093902588 34.9459616088867 34.9458624267578 34.9457749938965 34.9457377624512 34.9457144927979 34.9457210540771 34.9457312011719 34.9457459259033 34.9457740783691 34.9458123016357 34.9458704376221 34.9459363555908 34.9459970855713 34.9460568237305 34.9460977935791 34.9461347961426 34.9461433410645 34.9461483764648 34.94614402771 34.9461387634277 34.9461319732666 34.946130065918 34.9461334991455 34.9461405944824 34.9461492919922 34.9461494445801 34.9461471557617 34.9461302185059 34.9461116027832 34.9459826660156
34.9452478027344 34.9452565765381 34.9452587127686 34.9453164672852 34.9469185638428 34.9483396911621 34.9488433837891 34.949153213501 34.9489963531494 34.9486712646484 34.9481150054932 34.9476998901367 34.9474011993408 34.9471538543701 34.9469306945801 34.9467473602295 34.9465731048584 34.9464253997803 34.9462827301025 34.9461818695068 34.946095123291 34.9460653686523 34.946046295166 34.9460504150391 34.9460552215576 34.9460607147217 34.9460738372803 34.9460927581787 34.9461307525635 34.9461763000488 34.9462143707275 34.9462507629395 34.9462733459473 34.9462940979004 34.9462924194336 34.9462884521484 34.9462759399414 34.9462617492676 34.9462439727783 34.9462260437012 34.9462074279785 34.9461945343018 34.9461841583252 34.9461716461182 34.9461582183838 34.9461435699463 34.946128616333 34.9460202026367
34.9467601013184 34.9468757629395 34.9469771575928 34.947112197876 34.9481945800781 34.9491307830811 34.949321975708 34.9494161224365 34.949274597168 34.9490309143066 34.9486460113525 34.9481985473633 34.947699432373 34.9474127197266 34.9472267913818 34.9470561218262 34.9468887329102 34.9467457580566 34.9466075134277 34.9465133666992 34.9464295196533 34.94638671875 34.9463542175293 34.9463439178467 34.9463304901123 34.946312789917 34.9462950134277 34.9462772369385 34.946275100708 34.9462792205811 34.946286315918 34.9462944793701 34.9463009643555 34.9463060760498 34.9463047027588 34.9463026428223 34.9462957000732 34.9462886047363 34.9462815093994 34.946268081665 34.9462496948242 34.9462297821045 34.9462083435059 34.9461835479736 34.9461576080322 34.9461416625977 34.9461273193359 34.9460234832764
34.9480842590332 34.948307800293 34.9484864807129 34.9486754608154 34.9492816925049 34.9497800445557 34.9497262573242 34.9496508789062 34.949524307251 34.9493506622314 34.9491128540039 34.9486811828613 34.9480914306641 34.9478008270264 34.9476522827148 34.9474953460693 34.9473366546631 34.9471971893311 34.9470614624023 34.9469655609131 34.946875 34.9468076324463 34.9467501068115 34.9467137908936 34.9466706848144 34.9466188812256 34.9465618896484 34.9465003967285 34.9464541625977 34.946414642334 34.9463882446289 34.9463641357422 34.9463478851318 34.9463330841064 34.9463250732422 34.9463178253174 34.9463139343262 34.9463105773926 34.9463098144531 34.9463009643555 34.9462838745117 34.9462582397461 34.946227722168 34.9461924743652 34.9461557006836 34.9461373138428 34.9461219787598 34.9460262298584
34.9487169647217 34.9490531921387 34.9492259979248 34.9493871307373 34.949676361084 34.9499095916748 34.9498571777344 34.9497859191895 34.9496681976318 34.9495234680176 34.9493406677246 34.9491059875488 34.9488280487061 34.9486624908447 34.9485498809814 34.9484122467041 34.9482681274414 34.9481279754639 34.9479888153076 34.9478582763672 34.9477270507813 34.9475951385498 34.9474713897705 34.9473638916016 34.9472487640381 34.9471246337891 34.946996307373 34.9468642425537 34.9467610931396 34.9466700744629 34.9465977478027 34.9465287780762 34.9464702606201 34.9464134979248 34.946372833252 34.9463383483887 34.9463259887695 34.9463151550293 34.9463079071045 34.9462995147705 34.9462896728516 34.9462651062012 34.9462309265137 34.9461911773682 34.9461490631104 34.9461245727539 34.9461029052734 34.946024017334
