Ecospace-environmental-drivers/Outputs/ASCII-for-ecospace/MOM6-ISIMIP3a/so-bot/2016_mo08_avg50y_so-bot_MOM6-ISIMIP3a.asc
NCOLS 131 
NROWS 53 
XLLCORNER -98 
YLLCORNER 23.9265270233154 
CELLSIZE 0.133587792515755 
NODATA_value -9999 
[rows 21 to 41 of 53, columns 48 to 95 of 131]
36.4718651580811 36.4843180084229 36.4749176025391 36.4637789916992 36.4661043548584 36.4689566040039 36.4744878387451 36.4820835113525 36.4946649932861 36.5086795806885 36.5246611785889 36.5577954864502 36.6049632263184 36.359575881958 35.9756120300293 35.5373739624023 35.0861683654785 35.0437734222412 35.0291646575928 35.0102100372314 34.9901409912109 34.9654100036621 34.9479587554932 34.9458771514893 34.9446901702881 34.9445970153809 34.9445543670654 34.944547958374 34.9445935821533 34.9446617889404 34.9447535705566 34.9448496246338 34.9460144042969 34.9474440765381 34.9510720062256 34.9622994232178 35.0002456665039 35.0379133605957 35.0750633239746 35.1198243713379 35.1728765869141 35.2547663879395 35.3553150939941 35.4907706451416 35.6387654876709 35.9101828765869 36.2009803771973 36.2653031921387
36.5750852203369 36.5850202178955 36.584359588623 36.5827464294434 36.5846792602539 36.5836755371094 36.5677337646484 36.5593309783936 36.5691320037842 36.5054593658447 36.3409175109863 36.2267223358154 36.1537194824219 35.9165883636475 35.6017138671875 35.323254776001 35.0534972381592 35.0106393432617 34.984771270752 34.9793100738525 34.9719863128662 34.9568653106689 34.9462638092041 34.9452031707764 34.9445980834961 34.9445492553711 34.9445421600342 34.9445664215088 34.9446081542969 34.9446571350098 34.9446784973145 34.9446946716309 34.9448561096191 34.9451335144043 34.9464895629883 34.9516159057617 34.969997253418 34.9882939147949 35.0064319610596 35.0338300323486 35.0713177490234 35.1230282592773 35.1839416503906 35.2791548919678 35.3866886901855 35.6314502716064 35.8977587127686 36.0206982421875
36.6453011322021 36.6440933227539 36.6435671234131 36.6429600524902 36.6382890319824 36.6284399414062 36.5922505950928 36.5675621032715 36.5706416320801 36.4343907928467 36.1068583679199 35.85689453125 35.670393447876 35.4504258728027 35.2146053314209 35.1109778594971 35.0389366149902 34.9977700042725 34.9612268066406 34.9610890960693 34.9593855285645 34.9511284637451 34.9453544616699 34.94482421875 34.9445255279541 34.9445096588135 34.9445347595215 34.9445890808105 34.9446276092529 34.9446590423584 34.9446697235107 34.94467628479 34.9447674560547 34.944850692749 34.94483253479 34.9448146057129 34.9447978973389 34.9452962493896 34.9467519378662 34.959167175293 34.9835240936279 35.006756362915 35.0292611694336 35.0828042602539 35.147497253418 35.3529463195801 35.5804967498779 35.7616735839844
36.2390664672852 36.1053269958496 36.0975127410889 36.0990720367432 36.0057180786133 35.925512008667 35.9121843719482 35.8789561462402 35.7976752471924 35.6888627624512 35.5422531890869 35.430454864502 35.3471376037598 35.2335762786865 35.1056888580322 35.0465145111084 35.0037581634521 34.9789177703857 34.9567250823975 34.9551544952393 34.9530294799805 34.9485855865478 34.9453888702393 34.9448251342773 34.9445050811768 34.9444828033447 34.94452293396 34.9446083831787 34.9446698760986 34.9447219085693 34.944794921875 34.9448721313477 34.9449192047119 34.9449584960937 34.9449369049072 34.9449173736572 34.9449062347412 34.9451262664795 34.9457757568359 34.9513439178467 34.9622711181641 34.97260597229 34.9825567626953 35.017924041748 35.0624211883545 35.1955075073242 35.3425033569336 35.5551702880859
35.8154138183594 35.5971053314209 35.5843236541748 35.5869593048096 35.4378565216064 35.3140559387207 35.3189666748047 35.2828602600098 35.1477137756348 35.0697536468506 35.070302734375 35.0707688903809 35.0711679840088 35.0465645599365 35.0101181030273 34.9892481231689 34.9720999145508 34.9616927337647 34.9522286224365 34.9497533416748 34.9475224304199 34.9463151550293 34.9453241729736 34.9447902679443 34.9444841003418 34.944455871582 34.9445122528076 34.9446305847168 34.9447154998779 34.9447872924805 34.9449111175537 34.9450453948975 34.9450565338135 34.9450610351563 34.9450374603271 34.9450177764893 34.9450122070312 34.945006942749 34.9450024414063 34.9449977874756 34.9449925231934 34.9448374938965 34.9445854949951 34.9631078338623 34.9883749389648 35.056187210083 35.1306803131104 35.3551417541504
35.3153856658936 35.2228106689453 35.2152419281006 35.2141744995117 35.1537260437012 35.1036804962158 35.1065559387207 35.0923941802979 35.0370957183838 35.0049578094482 35.0046152496338 35.0037776947022 35.0025357055664 34.9903833007812 34.9730628967285 34.9635373687744 34.9558740997314 34.9516027832031 34.9477555084229 34.9466945648193 34.9457409667969 34.9452388000488 34.9448253631592 34.9445994567871 34.9444611358643 34.9444293212891 34.9445072937012 34.9446649932861 34.9447750854492 34.9448663330078 34.9449898529053 34.9451195526123 34.9451322937012 34.9451386260986 34.945122756958 34.9451097869873 34.9451068878174 34.9451081085205 34.945118637085 34.9451287078857 34.9451382446289 34.9450524139404 34.9449046325684 34.9524201965332 34.9626889801025 34.9963147735596 35.0336086273193 35.1835034179688
34.9683673858643 34.9629591369629 34.9595974731445 34.956568145752 34.9568601226807 34.9573043060303 34.9585215759277 34.9592426300049 34.958763885498 34.9581524658203 34.9573584747314 34.9558234405518 34.9536819458008 34.9506173706055 34.9471155548096 34.9456621551514 34.9446976470947 34.9446453857422 34.944649810791 34.9445719909668 34.9445056152344 34.9444895935059 34.944479675293 34.944485168457 34.9444790649414 34.9444602966309 34.9445501708984 34.9447193145752 34.944847869873 34.9449600982666 34.9450708770752 34.9451819610596 34.9451955413818 34.9452038574219 34.9451947021484 34.9451889038086 34.9451920318604 34.9452030181885 34.9452276611328 34.9452523040772 34.9452772521973 34.9452430725098 34.9451707458496 34.9451345825195 34.9451113128662 34.9537403106689 34.9637281036377 35.0539396667481
34.9551930999756 34.952805480957 34.9514569091797 34.9502638244629 34.9503932952881 34.9505644226074 34.9509481048584 34.9511415863037 34.9508753204346 34.9506005859375 34.9503129577637 34.9494026184082 34.9479825592041 34.9466678619385 34.9454027557373 34.9448812103271 34.9445372772217 34.944522857666 34.9445281982422 34.9444922637939 34.9444619750977 34.9444543457031 34.9444699859619 34.9445361328125 34.9445858764648 34.9446160125732 34.9446979522705 34.9448166656494 34.9449492645264 34.9450875854492 34.9451584625244 34.9452169036865 34.945231628418 34.9452431488037 34.9452388000488 34.9452394866943 34.9452568054199 34.9452815246582 34.9453189849853 34.9453587341309 34.9454015350342 34.9453813934326 34.9453201293945 34.945270690918 34.9452251434326 34.9489073181152 34.9531746673584 35.0161770629883
34.947108001709 34.9465570068359 34.9463960266113 34.9462809753418 34.9463132476807 34.9463310241699 34.946276550293 34.9461962127686 34.9460536956787 34.9459577941895 34.9459260559082 34.9455030822754 34.944759979248 34.9445142364502 34.9445045471191 34.9445040893555 34.9445059967041 34.94450050354 34.9444943237305 34.9444774627686 34.944464263916 34.944467010498 34.9444975280762 34.9445876312256 34.9446645355225 34.9447256469727 34.9448030090332 34.9448920440674 34.9450212860107 34.9451666259766 34.9452170562744 34.9452490234375 34.9452676391602 34.9452844238281 34.9452869415283 34.9452947235107 34.9453247070312 34.9453602600098 34.9454077148438 34.9454588317871 34.945513458252 34.9455091094971 34.9454663848877 34.9454154968262 34.9453614044189 34.9460754394531 34.9469092559814 34.9865888977051
34.9454247283936 34.945220489502 34.9452101898193 34.9452194976807 34.9452362823486 34.9452510070801 34.9452557373047 34.9452210998535 34.9450896453857 34.9449749755859 34.9448825073242 34.9447747039795 34.9446533966064 34.9446211242676 34.9446305084229 34.9446339416504 34.9446362304688 34.9446044158936 34.9445710754395 34.9445441436768 34.9445252227783 34.9445401763916 34.9445716094971 34.9446392059326 34.9447074890137 34.9447765350342 34.9448550415039 34.9449401092529 34.9450559234619 34.9451844787598 34.9452388763428 34.9452783203125 34.9453049468994 34.945329208374 34.9453404998779 34.9453575134277 34.9453963470459 34.9454402160645 34.9454933929443 34.9455500030518 34.945609664917 34.9456239318848 34.9456090545654 34.9455716705322 34.9455260467529 34.945760269165 34.9460382080078 34.9672850799561
34.9446265411377 34.944575958252 34.9446153259277 34.9446619415283 34.9446562957764 34.9446534729004 34.9446661376953 34.9446440887451 34.94453956604 34.9444895172119 34.9445136260986 34.9445868682861 34.944700012207 34.9447519683838 34.9447742462158 34.9447716522217 34.9447627258301 34.9447143554687 34.9446641540527 34.9446231842041 34.9445928955078 34.9446060180664 34.9446327209473 34.9446892547607 34.9447528076172 34.9448261260986 34.944903793335 34.9449845123291 34.9450943756104 34.9452157592773 34.9452752685547 34.945322265625 34.945355758667 34.9453865814209 34.9454056549072 34.9454297637939 34.9454718017578 34.9455192565918 34.9455754089355 34.9456345367432 34.9456966400146 34.9457258605957 34.9457329559326 34.9457166290283 34.9456920623779 34.9457153320312 34.9457465362549 34.9550803375244
34.9444918823242 34.9444498443603 34.9444641876221 34.9444824981689 34.9444490814209 34.9444177246094 34.944398727417 34.9443660736084 34.9442997741699 34.9443766021729 34.9446497344971 34.9448040008545 34.9448611450195 34.944900894165 34.9449317169189 34.9449147033691 34.9448867034912 34.9448282623291 34.944768447876 34.9447117614746 34.9446658325195 34.9446659088135 34.9446836090088 34.9447373199463 34.9448003387451 34.9448739624023 34.9449494934082 34.945026473999 34.9451355743408 34.9452577972412 34.9453235626221 34.945378036499 34.9454164123535 34.945453414917 34.9454797363281 34.945509185791 34.945550994873 34.9455976867676 34.9456545257568 34.945714263916 34.945777130127 34.945817565918 34.9458430480957 34.945853729248 34.9458589172363 34.945873336792 34.9458896636963 34.9482005310059
34.9443921661377 34.9443621826172 34.9443608856201 34.944361114502 34.9443154144287 34.9443001556396 34.9444396209717 34.9445289611816 34.9444980621338 34.944681930542 34.9451598358154 34.9453665161133 34.945350189209 34.9453202819824 34.9452838897705 34.9452156066895 34.9451402282715 34.9450590515137 34.9449752807617 34.9448633575439 34.9447707366943 34.9447596740723 34.9447673797607 34.9448136901855 34.9448685455322 34.9449339294434 34.9450018310547 34.945072555542 34.9451907348633 34.9453283691406 34.9454019165039 34.9454619598389 34.945503692627 34.9455435943604 34.9455703735352 34.9455986785889 34.9456353759766 34.9456777191162 34.9457317352295 34.9457891082764 34.9458512115479 34.9458962249756 34.945930557251 34.9459523010254 34.9459699249268 34.945972366333 34.945972366333 34.9460549163818
34.9443074798584 34.944291229248 34.9442781066895 34.9442644500732 34.9442137145996 34.9442332458496 34.944612121582 34.944881439209 34.9448847198486 34.9451667785645 34.9458309936523 34.9460763549805 34.9459795379639 34.9458554840088 34.9457189941406 34.9455840301514 34.9454496765137 34.9453393554687 34.9452255249023 34.945041809082 34.9448894500732 34.9448678588867 34.9448654937744 34.9449013519287 34.9449452972412 34.9449987792969 34.9450575256348 34.945120010376 34.9452515411377 34.9454117584228 34.9454927825928 34.9455581665039 34.9456022644043 34.9456436157227 34.9456678771973 34.9456931304932 34.9457222747803 34.9457582855225 34.9458073425293 34.9458618927002 34.9459224700928 34.9459692382813 34.9460073852539 34.9460344696045 34.9460573577881 34.9460457611084 34.9460289001465 34.9459381866455
34.944243927002 34.94420753479 34.9441788482666 34.944150390625 34.9440930938721 34.9442144775391 34.9452433013916 34.9459815216064 34.9460173034668 34.9461799621582 34.9465165710449 34.9465785217285 34.9464158630371 34.9462390899658 34.9460557556152 34.9458901977539 34.9457293701172 34.9455892944336 34.9454499053955 34.9452970123291 34.9451670837402 34.9451328277588 34.9451164245605 34.9451377868652 34.9451658630371 34.9452018737793 34.9452530670166 34.9453150939941 34.945425491333 34.9455569458008 34.9456395721436 34.9457121276855 34.9457594299316 34.9458026885986 34.9458203125 34.9458377838135 34.9458539581299 34.9458753204346 34.9459065246582 34.9459460449219 34.9459926605225 34.9460311889648 34.9460639953613 34.9460848236084 34.9461014556885 34.9460847473145 34.9460626220703 34.9459265136719
34.9441844177246 34.9441213226318 34.9440766143799 34.9440327453613 34.9439688110352 34.9442051696777 34.9459693908691 34.9472369384766 34.9473042297363 34.9473023986816 34.9472048187256 34.9470372009277 34.9468120574951 34.9465911865234 34.9463721466064 34.9461840820313 34.9460027313232 34.9458330535889 34.9456684112549 34.9455680084229 34.9454776000977 34.9454301452637 34.9453992462158 34.9454052734375 34.9454161071777 34.9454339599609 34.9454777526855 34.9455400085449 34.9456234741211 34.9457154846191 34.9457975006104 34.9458781433105 34.9459282684326 34.9459741210937 34.9459844970703 34.9459926605225 34.9459944152832 34.9459993743897 34.9460107421875 34.9460319519043 34.9460635375977 34.9460913085938 34.9461166381836 34.9461289215088 34.9461363983154 34.9461164093018 34.9460929107666 34.9459370422363
34.9446553039551 34.9446240997314 34.9445944976807 34.9445941925049 34.9453772735596 34.946223449707 34.9473887634277 34.9482061004639 34.9481819152832 34.9480264282227 34.9476905059814 34.9474082183838 34.9471701812744 34.9469436645508 34.9467227935791 34.9465323638916 34.9463494873047 34.946185760498 34.9460277557373 34.9459245300293 34.9458323669434 34.9457884979248 34.9457595062256 34.9457607269287 34.9457653045654 34.9457741546631 34.945802154541 34.9458438873291 34.9459027862549 34.9459693145752 34.9460266113281 34.9460820770264 34.9461153411865 34.9461447906494 34.9461444854736 34.9461421203613 34.9461331939697 34.9461255645752 34.9461218261719 34.9461251831055 34.9461362457275 34.9461457061768 34.9461533355713 34.9461525726318 34.9461493682861 34.9461308288574 34.9461109161377 34.9459759521484
34.9452359771728 34.9452449035645 34.9452375030518 34.9452841186523 34.9468370819092 34.9482225036621 34.9487590789795 34.9491054534912 34.9489924621582 34.9487023925781 34.9481706237793 34.9477857208252 34.9475215911865 34.9472883605957 34.9470704650879 34.9468811035156 34.9466981506348 34.9465431213379 34.9463932037354 34.9462852478027 34.9461901092529 34.9461490631104 34.946120300293 34.9461166381836 34.9461138916016 34.9461119842529 34.946121673584 34.946139755249 34.946173324585 34.9462134552002 34.946244430542 34.946273727417 34.9462891387939 34.9463020324707 34.9462927246094 34.9462813568115 34.9462630462646 34.9462448120117 34.9462277984619 34.9462145996094 34.9462066650391 34.9461975097656 34.9461873626709 34.9461743164062 34.9461594390869 34.9461430358887 34.9461262512207 34.9460121917725
34.9467363739014 34.9468416595459 34.9469187164307 34.9470291900635 34.9481113433838 34.9490525817871 34.9492777252197 34.949401473999 34.9492812347412 34.9490575408936 34.9486911773682 34.9482749176025 34.9478173828125 34.9475499725342 34.9473732757568 34.9472060394287 34.9470407867432 34.9468974304199 34.9467575073242 34.9466538238525 34.9465595245361 34.9465013122559 34.9464543151855 34.9464305114746 34.9464030456543 34.9463710784912 34.9463436126709 34.9463188934326 34.9463095092773 34.9463064575195 34.94630859375 34.9463117980957 34.9463161468506 34.9463191223145 34.946314163208 34.9463081359863 34.9462954711914 34.9462827301025 34.9462715148926 34.9462599945068 34.9462482452393 34.9462306976318 34.9462096405029 34.9461833190918 34.946155166626 34.9461375427246 34.9461212921143 34.9460127258301
34.9480402374268 34.9482469177246 34.9483954620361 34.9485563659668 34.9491999816895 34.9497348022461 34.9497131347656 34.949661026001 34.9495357513428 34.9493687438965 34.9491437530518 34.9487423706055 34.9481964874268 34.9479292297363 34.9477935791016 34.9476499176025 34.9475036621094 34.9473707580566 34.9472399902344 34.9471340942383 34.9470320892334 34.9469476318359 34.9468730926514 34.946819152832 34.9467578887939 34.9466871643066 34.9466137695312 34.9465384674072 34.9464813232422 34.9464321136475 34.9464014434814 34.9463740539551 34.9463599395752 34.9463465881348 34.9463408660889 34.9463344573975 34.946325302124 34.9463164520264 34.9463079833984 34.9462969970703 34.9462829589844 34.9462584686279 34.9462270355225 34.9461889648437 34.9461485290527 34.9461284637451 34.9461112213135 34.9460113525391
34.9486242675781 34.9489492797852 34.9491234588623 34.9492877960205 34.9496096801758 34.9498729705811 34.9498429870605 34.9497859191895 34.9496639251709 34.9495199584961 34.9493459320068 34.9491310119629 34.9488827514648 34.9487396240234 34.948646774292 34.9485301208496 34.9484073638916 34.9482815551758 34.9481549835205 34.9480220031738 34.9478860473633 34.9477393341064 34.9476012420654 34.9474827575684 34.9473527526855 34.9472090148926 34.9470596313477 34.9469059753418 34.9467852783203 34.9466774749756 34.9465969848633 34.9465222930908 34.9464659118652 34.9464125061035 34.9463835144043 34.9463580322266 34.9463468933105 34.9463336181641 34.9463156890869 34.9463013458252 34.9462906646729 34.946263885498 34.9462281036377 34.9461827087402 34.9461338806152 34.9461067962647 34.9460833740234 34.946003112793
