Ecospace-environmental-drivers/Outputs/ASCII-for-ecospace/MOM6-ISIMIP3a/so-surf/1980-11_so-surf_MOM6-ISIMIP3a.asc
NCOLS 131 
NROWS 53 
XLLCORNER -98 
YLLCORNER 23.9265270233154 
CELLSIZE 0.133587792515755 
NODATA_value -9999 
[rows 21 to 41 of 53, columns 47 to 93 of 131]
35.7312278747559 35.6562690734863 35.5779151916504 35.5956954956055 35.6207809448242 35.5774917602539 35.5450668334961 35.5678863525391 35.5989990234375 35.6501350402832 35.6910209655762 35.717830657959 35.7362976074219 35.7479400634766 35.7697639465332 35.7964096069336 35.8557319641113 35.9228630065918 35.9587898254395 35.9916229248047 36.0107078552246 36.0264434814453 36.0281753540039 36.0207061767578 35.9938201904297 35.9587249755859 35.9135971069336 35.8730316162109 35.8357887268066 35.8052978515625 35.7776031494141 35.7526435852051 35.7282295227051 35.7098503112793 35.6933441162109 35.6929168701172 35.6960182189941 35.7115364074707 35.7291450500488 35.7506332397461 35.7669067382812 35.7774963378906 35.7850036621094 35.7905197143555 35.8053283691406 35.8234748840332 35.8626937866211
35.9088516235352 35.8462066650391 35.7784729003906 35.7908096313477 35.8093147277832 35.7730140686035 35.7455368041992 35.7629508972168 35.7855415344238 35.8206253051758 35.8507080078125 35.8739166259766 35.8891563415527 35.897876739502 35.9203453063965 35.9493255615234 35.9943313598633 36.0431671142578 36.0775146484375 36.1094131469727 36.1202049255371 36.126277923584 36.1125869750977 36.0907974243164 36.0519218444824 36.0044975280762 35.9466171264648 35.8981628417969 35.8565711975098 35.8273544311523 35.8032646179199 35.7830276489258 35.7635536193848 35.7513580322266 35.7409934997559 35.7458457946777 35.7540473937988 35.7740097045898 35.7949409484863 35.8176727294922 35.8333854675293 35.8414459228516 35.844051361084 35.8431282043457 35.8455657958984 35.8492088317871 35.8727645874023
36.0648574829102 36.0146293640137 35.9578018188477 35.9623336791992 35.9717292785645 35.9428100585938 35.9207496643066 35.9335670471191 35.9489440917969 35.9705123901367 35.9921875 36.0140190124512 36.0290679931641 36.0385704040527 36.0633926391602 36.0954742431641 36.1280288696289 36.1606979370117 36.1936912536621 36.2247505187988 36.227222442627 36.2236137390137 36.1945304870605 36.158634185791 36.1083564758301 36.0494689941406 35.9800605773926 35.9242401123047 35.8783111572266 35.8507385253906 35.8307685852051 35.8155899047852 35.8013534545898 35.7956924438477 35.7917785644531 35.8018608093262 35.8150444030762 35.8391494750977 35.863151550293 35.8869705200195 35.9022598266602 35.9082527160645 35.9065399169922 35.8998413085938 35.8903388977051 35.8798332214355 35.8874664306641
36.1480293273926 36.115291595459 36.077033996582 36.0712051391602 36.0681571960449 36.0504570007324 36.0379638671875 36.0519523620605 36.0678443908691 36.0883407592773 36.1098747253418 36.1328353881836 36.1500396728516 36.1625366210938 36.1866302490234 36.2162208557129 36.2445678710938 36.2726211547852 36.3003425598145 36.326057434082 36.3229446411133 36.3109016418457 36.2614707946777 36.2079734802246 36.1459007263184 36.0813484191895 36.0137748718262 35.9563407897949 35.9062995910645 35.883544921875 35.8720893859863 35.863956451416 35.8564758300781 35.8591995239258 35.863452911377 35.8789863586426 35.8961868286133 35.919246673584 35.9418869018555 35.9637603759766 35.9785232543945 35.9855422973633 35.9834365844727 35.9754333496094 35.9614639282227 35.9453544616699 35.9379653930664
36.2334632873535 36.2174987792969 36.1968994140625 36.1839752197266 36.1719932556152 36.1642074584961 36.1599998474121 36.1739845275879 36.1891479492188 36.2071495056152 36.2266693115234 36.2482719421387 36.2653579711914 36.278751373291 36.3001594543457 36.3253631591797 36.3485870361328 36.3713340759277 36.3933982849121 36.4135322570801 36.4063110351562 36.3880615234375 36.3236465454102 36.2565383911133 36.1837501525879 36.1139221191406 36.0477180480957 35.9888648986816 35.9353637695312 35.9172286987305 35.9137382507324 35.9122886657715 35.9112358093262 35.9213943481445 35.9328422546387 35.9528160095215 35.9731101989746 35.9945373535156 36.0153770446777 36.0351219177246 36.0492286682129 36.0571937561035 36.0552139282227 36.0467987060547 36.0299415588379 36.0100517272949 35.9899597167969
36.328800201416 36.326473236084 36.3195419311523 36.3138313293457 36.3083152770996 36.3047256469727 36.3031768798828 36.3120155334473 36.3209800720215 36.330249786377 36.3395462036133 36.348876953125 36.3558769226074 36.360969543457 36.3711051940918 36.3836288452148 36.3976860046387 36.4121131896973 36.4268493652344 36.4403495788574 36.4355010986328 36.4208106994629 36.3649406433105 36.3017082214355 36.2229385375977 36.1495361328125 36.0826988220215 36.0232315063477 35.9691314697266 35.9547576904297 35.9568328857422 35.9604682922363 35.964412689209 35.977840423584 35.9921951293945 36.0121650695801 36.0315246582031 36.048770904541 36.065860748291 36.0826644897461 36.0955390930176 36.104133605957 36.1045341491699 36.0996360778809 36.0868186950684 36.071159362793 36.0485153198242
36.4118118286133 36.417652130127 36.4194946289062 36.4185485839844 36.4173278808594 36.4162826538086 36.4160614013672 36.420036315918 36.4234352111816 36.4254455566406 36.4266471862793 36.4267387390137 36.4261665344238 36.4250564575195 36.426685333252 36.429615020752 36.4363670349121 36.4440307617188 36.4528427124023 36.4609451293945 36.4575691223145 36.4455184936523 36.3971786499023 36.3387413024902 36.2589912414551 36.1845054626465 36.1164588928223 36.0567932128906 36.0032272338867 35.9914741516113 35.9970321655273 36.0039024353027 36.0110321044922 36.0264358520508 36.0425415039062 36.0625152587891 36.081428527832 36.0966339111328 36.1120719909668 36.1279335021973 36.1405792236328 36.1497116088867 36.151782989502 36.1492881774902 36.1387023925781 36.1252098083496 36.1010398864746
36.4679222106934 36.4700088500977 36.4699249267578 36.4684257507324 36.4667663574219 36.4646644592285 36.4628601074219 36.462589263916 36.4617958068848 36.4597549438477 36.4575042724609 36.4549674987793 36.4523162841797 36.449577331543 36.4487380981445 36.448802947998 36.4523010253906 36.4566230773926 36.4625587463379 36.4679679870605 36.4640960693359 36.4526786804199 36.40966796875 36.3580322265625 36.2882041931152 36.2180709838867 36.1475715637207 36.0886039733887 36.0380363464355 36.0264091491699 36.0309104919434 36.0369758605957 36.0433502197266 36.0578956604004 36.0732269287109 36.0932312011719 36.1127586364746 36.1306114196777 36.1489601135254 36.1682357788086 36.1828308105469 36.192325592041 36.1945190429688 36.1919937133789 36.1796875 36.1638717651367 36.1404075622559
36.5005874633789 36.5001792907715 36.4989128112793 36.4969520568848 36.4948921203613 36.4922218322754 36.4895515441895 36.4868659973145 36.4838066101074 36.4798431396484 36.476016998291 36.4723815917969 36.4688987731934 36.4655418395996 36.4635314941406 36.462158203125 36.4636726379395 36.4658737182617 36.4698066711426 36.4733657836914 36.4697799682617 36.4597434997559 36.4227447509766 36.3775291442871 36.3149795532227 36.2482986450195 36.1765632629395 36.1198616027832 36.0741119384766 36.0613975524902 36.0623664855957 36.0666275024414 36.0715370178223 36.0839500427246 36.0972023010254 36.1159515380859 36.1349563598633 36.1548500061035 36.1757431030273 36.1984786987305 36.215633392334 36.2266998291016 36.2302627563477 36.2289695739746 36.2165336608887 36.2000923156738 36.1761360168457
36.5037612915039 36.5024375915527 36.5009231567383 36.4986114501953 36.496208190918 36.4935874938965 36.4909400939941 36.488151550293 36.4852409362793 36.4820365905762 36.4789962768555 36.476188659668 36.473445892334 36.4707527160645 36.4692001342773 36.4681816101074 36.4692993164062 36.4709243774414 36.4739532470703 36.4767303466797 36.4743919372559 36.4666976928711 36.4365692138672 36.397289276123 36.338695526123 36.2743225097656 36.2028846740723 36.1504249572754 36.1117820739746 36.0964546203613 36.0907821655273 36.0919799804688 36.0945243835449 36.1031951904297 36.1127433776855 36.1286125183105 36.1456604003906 36.1668472290039 36.1898078918457 36.216064453125 36.2365417480469 36.2507133483887 36.2572135925293 36.2587432861328 36.2481651306152 36.2332382202148 36.2072906494141
36.5044174194336 36.5028228759766 36.5013465881348 36.4990997314453 36.4967651367188 36.4941558837891 36.491512298584 36.4886817932129 36.4858665466309 36.4830894470215 36.4805145263672 36.4782180786133 36.4759407043457 36.4736862182617 36.4722709655762 36.471248626709 36.4720916748047 36.4733772277832 36.4759635925293 36.4783821105957 36.4770278930664 36.4712600708008 36.4470252990723 36.411548614502 36.3523445129395 36.289306640625 36.2215843200684 36.1746444702148 36.1428337097168 36.1263313293457 36.1161689758301 36.113956451416 36.1133003234863 36.1189765930176 36.125617980957 36.139347076416 36.1550140380859 36.1775016784668 36.2017135620117 36.2291297912598 36.2507247924805 36.2659759521484 36.2742614746094 36.2780380249023 36.2704238891602 36.258716583252 36.2339515686035
36.5031852722168 36.5018081665039 36.5005798339844 36.4987106323242 36.4967498779297 36.4941291809082 36.4914741516113 36.488639831543 36.4858779907227 36.4832878112793 36.4809379577637 36.4789085388184 36.4768981933594 36.474910736084 36.4733924865723 36.4720993041992 36.4727554321289 36.473876953125 36.4763717651367 36.4787521362305 36.4781761169434 36.4740333557129 36.4549598693848 36.421688079834 36.3584442138672 36.2960090637207 36.2345695495605 36.1941070556641 36.1689262390137 36.1523284912109 36.1392860412598 36.1333999633789 36.1289176940918 36.1321640014648 36.1364936828613 36.1486358642578 36.1633567810059 36.1871528625488 36.2119979858398 36.2388038635254 36.2598648071289 36.2746734619141 36.2838859558105 36.2894744873047 36.2856521606445 36.278450012207 36.2572441101074
36.5024185180664 36.5008926391602 36.49951171875 36.497688293457 36.4957962036133 36.4932441711426 36.4906539916992 36.4878463745117 36.4851684570312 36.4827880859375 36.4806365966797 36.4787940979004 36.4769058227539 36.474983215332 36.4734077453613 36.4720001220703 36.4723701477051 36.4731636047363 36.4755859375 36.4779396057129 36.4776954650879 36.4744071960449 36.4583854675293 36.4271965026855 36.3639793395996 36.3024940490723 36.2431335449219 36.2057189941406 36.1842918395996 36.1684036254883 36.1548080444336 36.1478080749512 36.1421012878418 36.143856048584 36.1468200683594 36.1588668823242 36.1740684509277 36.2003364562988 36.2257995605469 36.2497634887695 36.2682151794434 36.2806549072266 36.2887153625488 36.2939376831055 36.2920036315918 36.2874946594238 36.270866394043
36.5018501281738 36.5000190734863 36.4983139038086 36.4963912963867 36.4944343566895 36.4919929504395 36.4894981384277 36.4867324829102 36.4841461181641 36.481990814209 36.4800300598145 36.4783363342285 36.476505279541 36.4745635986328 36.4729499816895 36.4714889526367 36.4715270996094 36.471923828125 36.4742889404297 36.476619720459 36.4765129089355 36.4737548828125 36.4598808288574 36.4307174682617 36.369270324707 36.3088874816895 36.2498016357422 36.2139663696289 36.195068359375 36.1802291870117 36.1670761108398 36.1600532531738 36.154239654541 36.154914855957 36.156909942627 36.1695098876953 36.185791015625 36.2150344848633 36.2411041259766 36.2612762451172 36.2762222290039 36.285472869873 36.2914886474609 36.29541015625 36.2945442199707 36.2919616699219 36.280345916748
36.5014495849609 36.4993019104004 36.4972152709961 36.494873046875 36.4924964904785 36.4900245666504 36.4875068664551 36.4847450256348 36.4821243286133 36.4798393249512 36.4778518676758 36.4762725830078 36.4746704101562 36.4730529785156 36.4717636108398 36.4706268310547 36.4703598022461 36.4703025817871 36.4725151062012 36.4747085571289 36.4744453430176 36.4714279174805 36.4568748474121 36.4295997619629 36.3754692077637 36.3180618286133 36.256649017334 36.2192459106445 36.1993255615234 36.1849784851074 36.1729354858398 36.1657180786133 36.1594505310059 36.1617240905762 36.1654968261719 36.1808586120605 36.1992874145508 36.228515625 36.2527847290039 36.2678489685059 36.2786178588867 36.2847137451172 36.2888107299805 36.291618347168 36.2911033630371 36.2893981933594 36.2816162109375
36.5010833740234 36.4986114501953 36.4961433410645 36.4933052062988 36.4904403686523 36.487907409668 36.4853363037109 36.4825744628906 36.4798965454102 36.477409362793 36.4753532409668 36.473876953125 36.472541809082 36.4713134765625 36.4704208374023 36.4696884155273 36.4691276550293 36.4686050415039 36.4706420898438 36.4726791381836 36.4721946716309 36.4687576293945 36.452938079834 36.4275245666504 36.3818550109863 36.3278121948242 36.2635345458984 36.2239074707031 36.2022399902344 36.1882629394531 36.1774711608887 36.1700210571289 36.1632270812988 36.1676559448242 36.1737747192383 36.1923522949219 36.2131500244141 36.2417449951172 36.2637176513672 36.2733955383301 36.2798538208008 36.2828025817871 36.2850074768066 36.286735534668 36.2864227294922 36.2853775024414 36.2811889648438
36.5004806518555 36.4976577758789 36.4947280883789 36.491455078125 36.4881477355957 36.4848709106445 36.4815864562988 36.4782676696777 36.4752655029297 36.4730262756348 36.471363067627 36.4704895019531 36.4697113037109 36.4690093994141 36.4686317443848 36.4684066772461 36.4680671691895 36.4676971435547 36.4696807861328 36.4715881347656 36.470027923584 36.4652404785156 36.4469604492188 36.4220504760742 36.3831481933594 36.3323707580566 36.2670783996582 36.2261924743652 36.2030830383301 36.1888198852539 36.1782150268555 36.171989440918 36.1666259765625 36.1748008728027 36.1846389770508 36.2058258056641 36.2268562316895 36.2473449707031 36.2627449035645 36.2687034606934 36.2724990844727 36.2739448547363 36.275577545166 36.2773323059082 36.2777404785156 36.2776641845703 36.2757606506348
36.499828338623 36.496639251709 36.4932556152344 36.4895324707031 36.4857635498047 36.4817123413086 36.4776954650879 36.4738349914551 36.4705467224121 36.4686317443848 36.4674263000488 36.4671936035156 36.4669990539551 36.4668312072754 36.4669456481934 36.4671897888184 36.4670829772949 36.4668922424316 36.4688262939453 36.4705963134766 36.4678153991699 36.461597442627 36.4409713745117 36.4164848327637 36.3838500976562 36.3362617492676 36.270393371582 36.2284240722656 36.2038612365723 36.1892700195312 36.1788139343262 36.1742515563965 36.1708488464355 36.1826515197754 36.1959953308105 36.2188835144043 36.2394104003906 36.251636505127 36.2604751586914 36.2630271911621 36.2644157409668 36.2645378112793 36.2657279968262 36.2676124572754 36.2688255310059 36.2697982788086 36.2700653076172
36.4987106323242 36.4950828552246 36.4913482666016 36.4869689941406 36.4825172424316 36.4777297973633 36.473072052002 36.469066619873 36.4659652709961 36.4650497436523 36.4647789001465 36.4653968811035 36.4659080505371 36.4663391113281 36.4666213989258 36.4668350219727 36.4668502807617 36.4668121337891 36.4686431884766 36.4701538085938 36.4651145935059 36.4569664001465 36.4358177185059 36.4115409851074 36.3806533813477 36.3354949951172 36.272891998291 36.2312622070312 36.204906463623 36.1899032592773 36.1796073913574 36.180721282959 36.18408203125 36.1974487304688 36.2113265991211 36.2266044616699 36.2397918701172 36.2456474304199 36.2500457763672 36.2517395019531 36.2526168823242 36.2526016235352 36.2541389465332 36.2566757202148 36.2593383789062 36.2620468139648 36.2639198303223
36.4977989196777 36.4937362670898 36.489616394043 36.4845733642578 36.4794235229492 36.4739837646484 36.4687957763672 36.4649200439453 36.4621429443359 36.462028503418 36.4625091552734 36.4638137817383 36.4649314880371 36.4658966064453 36.4663581848145 36.4665832519531 36.4666862487793 36.4667625427246 36.4684448242188 36.4696464538574 36.4622840881348 36.4522171020508 36.4308433532715 36.4067840576172 36.3770561218262 36.3340606689453 36.2748489379883 36.2338447570801 36.2061004638672 36.1909980773926 36.1811256408691 36.1874618530273 36.1969871520996 36.2109260559082 36.2244491577148 36.2322731018066 36.2385597229004 36.2394485473633 36.240348815918 36.2412757873535 36.2416152954102 36.2413101196289 36.2430114746094 36.2460021972656 36.2499351501465 36.254207611084 36.2577743530273
36.4976463317871 36.4931564331055 36.4885292053223 36.4827766418457 36.4769096374512 36.4710922241211 36.4657859802246 36.4630584716797 36.4611129760742 36.4610633850098 36.4616241455078 36.4630317687988 36.4643707275391 36.4656562805176 36.4663238525391 36.4667015075684 36.466796875 36.4668235778809 36.4681701660156 36.468879699707 36.458984375 36.4470405578613 36.4265251159668 36.4027290344238 36.3720016479492 36.3301849365234 36.2748146057129 36.2354888916016 36.2078437805176 36.1937637329102 36.185302734375 36.1951866149902 36.2086753845215 36.2195777893066 36.2294654846191 36.2304229736328 36.2314071655273 36.2324829101562 36.2333488464355 36.233829498291 36.233528137207 36.2323760986328 36.2335815429688 36.2363090515137 36.2408485412598 36.246036529541 36.2516479492188
