Ecospace-environmental-drivers/Outputs/ASCII-for-ecospace/MOM6-ISIMIP3a/so-surf/1981-11_so-surf_MOM6-ISIMIP3a.asc
NCOLS 131 
NROWS 53 
XLLCORNER -98 
YLLCORNER 23.9265270233154 
CELLSIZE 0.133587792515755 
NODATA_value -9999 
[rows 21 to 41 of 53, columns 47 to 93 of 131]
35.6728248596191 35.6886520385742 35.707088470459 35.7292366027832 35.7517127990723 35.772762298584 35.7938575744629 35.8151931762695 35.8239288330078 35.8022346496582 35.7868003845215 35.7799644470215 35.7404937744141 35.6743202209473 35.6610145568848 35.6727523803711 35.6990013122559 35.7287216186523 35.7723808288574 35.8173980712891 35.8682098388672 35.9160766601562 35.9516372680664 35.9751091003418 35.9730606079102 35.9690551757812 35.9626617431641 35.958610534668 35.9562644958496 35.9499359130859 35.9419555664062 35.9318504333496 35.9213256835938 35.9074020385742 35.8939208984375 35.8860244750977 35.8817367553711 35.8901290893555 35.9028053283691 35.9234275817871 35.9479637145996 35.9767608642578 36.0105209350586 36.0474891662598 36.0898857116699 36.1342277526855 36.1863441467285
35.902473449707 35.9131736755371 35.9244346618652 35.9425888061523 35.9615631103516 35.983528137207 36.0049591064453 36.0236930847168 36.030029296875 36.0064239501953 35.9787521362305 35.9454879760742 35.8976516723633 35.8378944396973 35.8186454772949 35.8185806274414 35.838020324707 35.862117767334 35.8981895446777 35.9352493286133 35.9747772216797 36.0099296569824 36.0267791748047 36.032527923584 36.014835357666 35.9973602294922 35.980152130127 35.9683570861816 35.960506439209 35.9482765197754 35.9342308044434 35.9232025146484 35.9127616882324 35.9035720825195 35.8957023620605 35.900318145752 35.9084587097168 35.9289855957031 35.949520111084 35.9700622558594 35.9887237548828 36.0053291320801 36.0259284973145 36.0491104125977 36.079761505127 36.113094329834 36.1578369140625
36.1205825805664 36.1256866455078 36.1293525695801 36.1426696777344 36.1572761535645 36.180061340332 36.2018585205078 36.2186050415039 36.2236557006836 36.2004623413086 36.1639404296875 36.1091156005859 36.0546722412109 36.0005416870117 35.9750442504883 35.9631156921387 35.9750747680664 35.9927444458008 36.0216598510742 36.0512504577637 36.0794372558594 36.1019706726074 36.1008186340332 36.0894889831543 36.0566749572754 36.0258331298828 35.9974021911621 35.9778785705566 35.9648399353027 35.9471130371094 35.9274406433105 35.916259765625 35.9067420959473 35.9034576416016 35.9023284912109 35.9200057983398 35.9409675598145 35.9734840393066 36.0016136169434 36.0216026306152 36.0340423583984 36.0382499694824 36.0452308654785 36.0540084838867 36.072380065918 36.0941925048828 36.1308517456055
36.265739440918 36.2694396972656 36.2722663879395 36.2837791442871 36.2964019775391 36.3148765563965 36.331657409668 36.3398284912109 36.3417358398438 36.3285064697266 36.3074111938477 36.2755126953125 36.2407379150391 36.2036018371582 36.1797523498535 36.1621894836426 36.1590690612793 36.1594009399414 36.1696701049805 36.1809196472168 36.1965484619141 36.2073860168457 36.1981773376465 36.176139831543 36.1270141601562 36.0778350830078 36.0285835266113 35.9968147277832 35.9777793884277 35.9581565856934 35.9382858276367 35.933464050293 35.9316024780273 35.9441719055176 35.9587631225586 35.9878730773926 36.018440246582 36.054126739502 36.0826988220215 36.0980529785156 36.1037254333496 36.0988502502441 36.0915489196777 36.0826721191406 36.0867881774902 36.095573425293 36.1200981140137
36.3903770446777 36.3933753967285 36.3960342407227 36.4054832458496 36.4157333374023 36.4289398193359 36.4400596618652 36.4405517578125 36.439395904541 36.4342613220215 36.4261169433594 36.4138412475586 36.3966178894043 36.3753509521484 36.3547286987305 36.334415435791 36.3200607299805 36.3071327209473 36.3021278381348 36.2982597351074 36.3030128479004 36.3039779663086 36.2891006469727 36.2594184875488 36.1984901428223 36.1343955993652 36.0664405822754 36.0223731994629 35.9957122802734 35.9735298156738 35.953197479248 35.9546356201172 35.9603500366211 35.986930847168 36.0153045654297 36.0536575317383 36.0917091369629 36.1286926269531 36.1564636230469 36.167121887207 36.1667442321777 36.1543502807617 36.1348342895508 36.1107139587402 36.1016540527344 36.0980072021484 36.111457824707
36.4250335693359 36.4304389953613 36.4358787536621 36.4420738220215 36.4482612609863 36.4520225524902 36.4546318054199 36.4513626098633 36.4475173950195 36.4422760009766 36.4362335205078 36.4290885925293 36.4201622009277 36.4097785949707 36.3993492126465 36.3889007568359 36.3801879882812 36.3718872070312 36.3664016723633 36.3615303039551 36.3628082275391 36.3618927001953 36.3518028259277 36.3279190063477 36.2749290466309 36.2109565734863 36.1335639953613 36.076976776123 36.0355415344238 36.007884979248 35.9859352111816 35.9931793212891 36.0061645507812 36.0386505126953 36.0722999572754 36.110294342041 36.1465339660645 36.1766014099121 36.1981391906738 36.2038383483887 36.2005462646484 36.1874618530273 36.1648330688477 36.1360282897949 36.1185150146484 36.105052947998 36.1120948791504
36.4463005065918 36.454948425293 36.4638175964355 36.4681510925293 36.4717712402344 36.4687347412109 36.4651756286621 36.4589576721191 36.4529685974121 36.4475326538086 36.4428329467773 36.4391403198242 36.4358863830566 36.432991027832 36.4298133850098 36.4264984130859 36.4223594665527 36.4180221557617 36.4131278991699 36.4084396362305 36.4073333740234 36.4053153991699 36.3994560241699 36.3820114135742 36.3401031494141 36.2818794250488 36.2037086486816 36.1389389038086 36.083927154541 36.0490379333496 36.0224838256836 36.0307540893555 36.0458755493164 36.0810012817383 36.1169891357422 36.1541290283203 36.1883926391602 36.2125511169434 36.2288017272949 36.2303733825684 36.2244606018066 36.210391998291 36.1860466003418 36.1550559997559 36.1323661804199 36.1126556396484 36.1154518127441
36.438346862793 36.4520606994629 36.4657821655273 36.4712791442871 36.4756202697754 36.4715461730957 36.466926574707 36.4595375061035 36.4526062011719 36.4467697143555 36.4417533874512 36.437858581543 36.4345588684082 36.4317359924316 36.429386138916 36.4272537231445 36.425365447998 36.4235343933105 36.4215698242188 36.4196472167969 36.4185447692871 36.4171104431152 36.4142799377441 36.404655456543 36.3806915283203 36.3404884338379 36.2804374694824 36.2169609069824 36.1509857177734 36.1050262451172 36.0673522949219 36.0662155151367 36.072265625 36.1029205322266 36.134822845459 36.1700172424316 36.2019500732422 36.222412109375 36.2354507446289 36.2347030639648 36.2267990112305 36.2110939025879 36.1880874633789 36.1603546142578 36.1396522521973 36.1214790344238 36.1247291564941
36.4334945678711 36.4508972167969 36.467945098877 36.473331451416 36.4771766662598 36.4716835021973 36.4658088684082 36.4579849243164 36.4507675170898 36.4450149536133 36.4399871826172 36.4359664916992 36.4326591491699 36.4299392700195 36.428150177002 36.4267959594727 36.4262313842773 36.4258499145508 36.4254837036133 36.4250679016113 36.4239959716797 36.4229164123535 36.421817779541 36.417552947998 36.4065971374512 36.3818550109863 36.3402557373047 36.2843399047852 36.2180023193359 36.1653671264648 36.1184043884277 36.1056709289551 36.0996627807617 36.1234703063965 36.1491508483887 36.1823272705078 36.2122268676758 36.2305870056152 36.2416229248047 36.2390632629395 36.229248046875 36.2115173339844 36.1899604797363 36.1659240722656 36.1486434936523 36.1337890625 36.1393699645996
36.4325408935547 36.4519119262695 36.4703598022461 36.4740333557129 36.4758567810059 36.4684677124023 36.4610862731934 36.4537467956543 36.4470748901367 36.4420051574707 36.4373588562012 36.4333000183105 36.4300498962402 36.4274635314941 36.4258995056152 36.4248199462891 36.4244041442871 36.424144744873 36.4237022399902 36.4232063293457 36.422191619873 36.4211807250977 36.4201850891113 36.4181785583496 36.4140319824219 36.4015235900879 36.3787956237793 36.3383369445801 36.2849655151367 36.2311859130859 36.1772384643555 36.1501426696777 36.1283264160156 36.1422996520996 36.159065246582 36.1901397705078 36.218376159668 36.236644744873 36.2472076416016 36.2434692382812 36.2318305969238 36.2115859985352 36.1916236877441 36.1718406677246 36.1597747802734 36.1504821777344 36.160758972168
36.4382820129395 36.4566459655762 36.473030090332 36.4734992980957 36.472095489502 36.4639701843262 36.4561576843262 36.4499168395996 36.4441452026367 36.4394989013672 36.4351005554199 36.4310455322266 36.4279327392578 36.425594329834 36.424243927002 36.4233589172363 36.4228935241699 36.4225273132324 36.4216804504395 36.4207954406738 36.4197807312012 36.4188385009766 36.4182014465332 36.4174919128418 36.4166374206543 36.4113693237305 36.4007034301758 36.3742866516113 36.3363952636719 36.2883033752441 36.2359886169434 36.1988220214844 36.1646385192871 36.1680526733398 36.1749839782715 36.2026176452637 36.2280921936035 36.2459716796875 36.2565422058105 36.2535514831543 36.2423782348633 36.222297668457 36.2044143676758 36.1879577636719 36.1795349121094 36.1739959716797 36.1858558654785
36.4490432739258 36.4641799926758 36.4758911132812 36.472038269043 36.4665031433105 36.4585189819336 36.4510765075684 36.4463920593262 36.4417877197266 36.4373741149902 36.4331245422363 36.4291000366211 36.4261856079102 36.424186706543 36.4230346679688 36.4222869873047 36.4216232299805 36.4209785461426 36.4194869995117 36.4179649353027 36.4169158935547 36.4160461425781 36.4159507751465 36.4158210754395 36.4156227111816 36.4138450622559 36.4101409912109 36.3967018127441 36.3761749267578 36.3388938903809 36.2946739196777 36.2506561279297 36.2066841125488 36.1989974975586 36.1954002380371 36.2185935974121 36.240478515625 36.2577476501465 36.2686958312988 36.267894744873 36.258903503418 36.2409896850586 36.2255592346191 36.2117309570312 36.2057685852051 36.2026290893555 36.2137413024902
36.460865020752 36.4695587158203 36.4741973876953 36.4681053161621 36.4609336853027 36.4542045593262 36.4479484558105 36.4440994262695 36.4401435852051 36.4359283447266 36.4318809509277 36.4280700683594 36.4250717163086 36.4227409362793 36.4211158752441 36.4198226928711 36.4187164306641 36.4176597595215 36.4157867431641 36.4139175415039 36.4128684997559 36.4120788574219 36.4123687744141 36.4126663208008 36.4129905700684 36.4129066467285 36.4123191833496 36.4059944152832 36.3954963684082 36.3692512512207 36.336483001709 36.2946319580078 36.2509918212891 36.2333946228027 36.219898223877 36.2370643615723 36.254035949707 36.2703247070312 36.281379699707 36.2827110290527 36.2770347595215 36.2637252807617 36.2518310546875 36.2408485412598 36.235595703125 36.2323989868164 36.2397079467773
36.4731369018555 36.4740142822266 36.4705505371094 36.4631118774414 36.4553718566895 36.4503746032715 36.4456558227539 36.4423332214355 36.4388046264648 36.4347724914551 36.4309539794922 36.4274368286133 36.4242286682129 36.4212799072266 36.418888092041 36.4167594909668 36.415111541748 36.4135780334473 36.4114456176758 36.4093437194824 36.4083213806152 36.4076118469238 36.4082145690918 36.408878326416 36.4096717834473 36.4105033874512 36.4113807678223 36.4096641540527 36.4060516357422 36.3909378051758 36.3710632324219 36.3352355957031 36.2962684631348 36.2692680358887 36.2461471557617 36.2566032409668 36.2681007385254 36.2832450866699 36.2942924499512 36.2977294921875 36.2958564758301 36.2881965637207 36.2803001403809 36.2722549438477 36.2669639587402 36.2626571655273 36.2648544311523
36.4757385253906 36.4721565246582 36.4657821655273 36.4591064453125 36.4524879455566 36.4483032226562 36.4443359375 36.4414825439453 36.4382553100586 36.4341163635254 36.4299430847168 36.4257164001465 36.4217796325684 36.4180755615234 36.4149780273438 36.4121704101562 36.4100952148438 36.4081954956055 36.406192779541 36.4042701721191 36.4035301208496 36.4030609130859 36.4037399291992 36.404613494873 36.4059066772461 36.4073257446289 36.4088973999023 36.4090728759766 36.4082374572754 36.3992729187012 36.3869438171387 36.3588600158691 36.3276824951172 36.298023223877 36.2715225219727 36.275333404541 36.2812881469727 36.2947883605957 36.304744720459 36.3081207275391 36.3079376220703 36.3038787841797 36.2991676330566 36.2940368652344 36.2898559570312 36.2860221862793 36.2857971191406
36.4763374328613 36.4689903259277 36.4607810974121 36.4553031921387 36.4501609802246 36.4465942382812 36.4432182312012 36.4408226013184 36.4378700256348 36.4335670471191 36.4289131164551 36.4237747192383 36.4189949035645 36.4145126342773 36.4107246398926 36.4072647094727 36.40478515625 36.4025382995605 36.4007530212402 36.3990898132324 36.3986854553223 36.398494720459 36.3991966247559 36.4002532958984 36.4020538330078 36.4039878845215 36.4060897827148 36.4076042175293 36.4086952209473 36.4048461914062 36.3989524841309 36.3789710998535 36.3562240600586 36.3253059387207 36.2967185974121 36.2938919067383 36.2942924499512 36.3060417175293 36.3146820068359 36.3175506591797 36.3186225891113 36.317741394043 36.316047668457 36.3138236999512 36.3110008239746 36.3079605102539 36.3058700561523
36.4722328186035 36.4656410217285 36.4590492248535 36.4542350769043 36.4496765136719 36.4471435546875 36.4445648193359 36.4417533874512 36.4381980895996 36.4328498840332 36.4272079467773 36.4211692810059 36.4156875610352 36.4106559753418 36.406307220459 36.4022789001465 36.3997001647949 36.3974647521973 36.3963623046875 36.3954200744629 36.3957138061523 36.3960304260254 36.3964691162109 36.3973579406738 36.3992004394531 36.4011383056641 36.403190612793 36.4051628112793 36.4070777893066 36.4054107666016 36.4022560119629 36.3870849609375 36.3695526123047 36.3407363891602 36.3137435913086 36.308650970459 36.3066635131836 36.3155822753906 36.3216133117676 36.3222732543945 36.3222579956055 36.3215065002441 36.3202857971191 36.3187637329102 36.316780090332 36.3146286010742 36.3126907348633
36.4682235717773 36.4625968933105 36.4576835632324 36.4535484313965 36.449577331543 36.4479370117188 36.4460144042969 36.4426498413086 36.4384078979492 36.4320259094238 36.425422668457 36.4185180664062 36.4123344421387 36.40673828125 36.4018478393555 36.3972969055176 36.394718170166 36.3926162719727 36.3922576904297 36.3921012878418 36.3930892944336 36.393928527832 36.3941459655762 36.3948593139648 36.3966293334961 36.3984870910645 36.400447845459 36.4027786254883 36.4053802490234 36.405632019043 36.404914855957 36.3941993713379 36.3815155029297 36.3548774719238 36.3296012878418 36.3227233886719 36.3186988830566 36.3247146606445 36.3280868530273 36.3265495300293 36.3253402709961 36.3244895935059 36.3235359191895 36.3225135803223 36.3212661743164 36.319938659668 36.3182754516602
36.4675369262695 36.4629058837891 36.4586601257324 36.4556007385254 36.4526824951172 36.4502296447754 36.4473724365234 36.4424438476562 36.4369621276855 36.4301414489746 36.4230842590332 36.415699005127 36.4087791442871 36.4022369384766 36.3969879150391 36.3923492431641 36.390739440918 36.3898506164551 36.3907165527344 36.3917350769043 36.3933029174805 36.3946838378906 36.3952713012695 36.3958854675293 36.396556854248 36.3977165222168 36.3994750976562 36.4015121459961 36.4037590026855 36.4046173095703 36.4049034118652 36.3964157104492 36.3862075805664 36.3609313964844 36.3369674682617 36.3312873840332 36.3274879455566 36.3303146362305 36.3311653137207 36.3283424377441 36.3259429931641 36.3240051269531 36.322265625 36.3206558227539 36.3193168640137 36.3180732727051 36.3170471191406
36.4676895141602 36.4640808105469 36.4606094360352 36.458568572998 36.4566078186035 36.4529304504395 36.4487800598145 36.442195892334 36.4353561401367 36.4278907775879 36.4203262329102 36.4126243591309 36.4052085876465 36.3980293273926 36.392635345459 36.3880882263184 36.387451171875 36.3877563476562 36.389720916748 36.3917999267578 36.3938522338867 36.3956832885742 36.3965721130371 36.3970794677734 36.3967895507812 36.3973197937012 36.3988571166992 36.4005661010742 36.4024047851562 36.4036827087402 36.4047355651855 36.3980331420898 36.3898048400879 36.3658485412598 36.3431510925293 36.3384590148926 36.3347549438477 36.3345260620117 36.3330268859863 36.3291549682617 36.3257522583008 36.3228569030762 36.3204612731934 36.3183860778809 36.316951751709 36.315746307373 36.3153991699219
36.4709320068359 36.4684257507324 36.4661254882812 36.4648818969727 36.4635543823242 36.4571228027344 36.4503440856934 36.4417991638184 36.4331588745117 36.4242973327637 36.4160385131836 36.4086151123047 36.4015846252441 36.3948822021484 36.3901443481445 36.3863372802734 36.38671875 36.3881034851074 36.3907470703125 36.3934440612793 36.3956298828125 36.3975715637207 36.3984985351562 36.3988876342773 36.3981399536133 36.3982963562012 36.3995590209961 36.4007987976074 36.402027130127 36.4030570983887 36.4040031433105 36.3974342346191 36.3893928527832 36.3666000366211 36.3450126647949 36.3405303955078 36.33642578125 36.3336486816406 36.3304290771484 36.3263893127441 36.3226661682129 36.3192863464355 36.3166961669922 36.3146133422852 36.3130683898926 36.3117141723633 36.3122138977051
