Ecospace-environmental-drivers/Outputs/ASCII-for-ecospace/MOM6-ISIMIP3a/so-surf/1981-06_so-surf_MOM6-ISIMIP3a.asc
NCOLS 131 
NROWS 53 
XLLCORNER -98 
YLLCORNER 23.9265270233154 
CELLSIZE 0.133587792515755 
NODATA_value -9999 
[rows 21 to 41 of 53, columns 0 to 46 of 131]
-9999 -9999 -9999 -9999 -9999 -9999 34.1082801818848 34.110237121582 34.1081275939941 34.0971145629883 33.9583129882812 33.7432136535645 33.7663154602051 33.8351287841797 33.9141807556152 34.0050506591797 34.0845069885254 34.1561241149902 34.2362022399902 34.3195457458496 34.4185180664062 34.5202484130859 34.6218757629395 34.7220458984375 34.8101234436035 34.8930625915527 34.9593391418457 35.0192756652832 35.0681495666504 35.1082496643066 35.1393165588379 35.1612205505371 35.1775436401367 35.1935997009277 35.2095680236816 35.2296600341797 35.2503547668457 35.2760810852051 35.300952911377 35.3203620910645 35.3382453918457 35.3518981933594 35.3659324645996 35.3805618286133 35.3979759216309 35.4179534912109 35.4379806518555
-9999 -9999 -9999 -9999 -9999 -9999 34.1090049743652 34.1082801818848 34.112190246582 34.114933013916 34.0971145629883 34.0346069335938 34.0269927978516 34.1279983520508 34.2355308532715 34.3505859375 34.4496879577637 34.5378303527832 34.6224746704102 34.7057685852051 34.7876777648926 34.8693389892578 34.9430732727051 35.0155792236328 35.0792846679688 35.1390533447266 35.1860504150391 35.227725982666 35.2601280212402 35.284049987793 35.299243927002 35.3090057373047 35.3154487609863 35.3242378234863 35.3338050842285 35.3550109863281 35.3778800964355 35.4082794189453 35.4375457763672 35.4595794677734 35.4788017272949 35.4902038574219 35.4996719360352 35.506160736084 35.5138473510742 35.5226287841797 35.5340957641602
-9999 -9999 -9999 -9999 33.9777030944824 34.0670776367188 34.107666015625 34.1110725402832 34.1082801818848 34.1161003112793 34.1382331848145 34.2151718139648 34.3092002868652 34.4370498657227 34.5698509216309 34.7083740234375 34.8247947692871 34.9260368347168 35.0131034851074 35.0946922302246 35.1606826782227 35.2239151000977 35.2719993591309 35.3189735412598 35.3594856262207 35.3969230651855 35.4243774414062 35.4473495483398 35.4624977111816 35.4695091247559 35.4681510925293 35.4652824401855 35.4614944458008 35.4627456665039 35.4656791687012 35.4875679016113 35.5121421813965 35.5459403991699 35.5783424377441 35.6018409729004 35.6215667724609 35.630786895752 35.6361694335938 35.635627746582 35.6344299316406 35.6326293945312 35.6352767944336
-9999 -9999 -9999 -9999 33.7727851867676 33.9632759094238 34.0264892578125 34.107666015625 34.1172714233398 34.2395133972168 34.3663940429688 34.5110397338867 34.6650695800781 34.8376731872559 35.0001754760742 35.1510314941406 35.2699241638184 35.366870880127 35.4385452270508 35.5004615783691 35.5414237976074 35.578685760498 35.6015853881836 35.6241416931152 35.6464729309082 35.666877746582 35.6810455322266 35.6903839111328 35.6912841796875 35.6849708557129 35.6712379455566 35.6604957580566 35.6515769958496 35.6530151367188 35.6579093933105 35.6786079406738 35.7015113830566 35.7274055480957 35.7521629333496 35.7696723937988 35.7842559814453 35.7907066345215 35.7937698364258 35.7915954589844 35.7879600524902 35.7829895019531 35.7811088562012
-9999 -9999 -9999 -9999 -9999 33.7727851867676 33.9461708068848 33.9453086853027 34.1298484802246 34.3488006591797 34.5664024353027 34.7788352966309 34.9921913146973 35.2073707580566 35.3970794677734 35.5573997497559 35.6753807067871 35.7642860412598 35.8193969726562 35.8614654541016 35.8797340393066 35.8938026428223 35.8949203491211 35.8963088989258 35.9023361206055 35.9075202941895 35.9099884033203 35.9076194763184 35.8968086242676 35.8800430297852 35.8571472167969 35.8407173156738 35.8282279968262 35.8294258117676 35.8351898193359 35.8531837463379 35.8728561401367 35.8907356262207 35.9078598022461 35.9202003479004 35.9305076599121 35.9351539611816 35.9368629455566 35.9340286254883 35.9290618896484 35.9221382141113 35.9168891906738
-9999 -9999 -9999 -9999 -9999 33.8142509460449 33.7727851867676 33.9589233398438 34.1581649780273 34.3961563110352 34.6429710388184 34.9235534667969 35.1932678222656 35.4414672851562 35.6474266052246 35.8046417236328 35.906867980957 35.9713249206543 36.0047416687012 36.0261764526367 36.0319938659668 36.0350608825684 36.0293045043945 36.0237770080566 36.0217399597168 36.0196418762207 36.0173492431641 36.0117416381836 36.0003509521484 35.9857063293457 35.9677124023438 35.9551887512207 35.9459915161133 35.9450759887695 35.9469146728516 35.95556640625 35.9651565551758 35.9745292663574 35.9840927124023 35.994873046875 36.0046806335449 36.011775970459 36.0163803100586 36.0171318054199 36.0156593322754 36.0121459960938 36.0085945129395
-9999 -9999 33.9146385192871 33.9006385803223 33.8832359313965 33.8557662963867 33.8142013549805 34.0055160522461 34.2131576538086 34.4685592651367 34.7410469055176 35.0789108276367 35.3913497924805 35.6534767150879 35.8596038818359 36.0011177062988 36.0831451416016 36.1243171691895 36.1390800476074 36.1436462402344 36.1398544311523 36.1345901489258 36.1250648498535 36.1157264709473 36.1086730957031 36.1020202636719 36.0966529846191 36.0891571044922 36.077953338623 36.0656318664551 36.0521583557129 36.0420989990234 36.034122467041 36.030647277832 36.0286750793457 36.0310974121094 36.0341529846191 36.040355682373 36.0473785400391 36.0596199035645 36.0710830688477 36.0803718566895 36.0870552062988 36.0897064208984 36.0901184082031 36.0884704589844 36.0865211486816
-9999.000000000000000 -9999 -9999 -9999 33.9629135131836 33.9107055664062 33.9360275268555 34.1240577697754 34.326358795166 34.5956115722656 34.8860321044922 35.2574729919434 35.5829010009766 35.8172874450684 35.9885063171387 36.0868301391602 36.1389694213867 36.1593856811523 36.1621284484863 36.1580505371094 36.1508445739746 36.1430854797363 36.1365547180176 36.1301689147949 36.1247596740723 36.1195030212402 36.1147384643555 36.1083030700684 36.0989608764648 36.0893936157227 36.0796012878418 36.0688781738281 36.0575942993164 36.050609588623 36.0450592041016 36.0480537414551 36.0523071289062 36.0669860839844 36.0824241638184 36.1027145385742 36.1205291748047 36.1314735412598 36.1384506225586 36.1393089294434 36.1380805969238 36.134937286377 36.1343879699707
-9999 -9999 -9999 -9999 34.0751876831055 34.1222724914551 34.0800819396973 34.2638320922852 34.4669609069824 34.7578773498535 35.0660171508789 35.4400634765625 35.7546234130859 35.9514808654785 36.0864334106445 36.1499633789062 36.1779327392578 36.1814804077148 36.1739768981934 36.1622009277344 36.1520118713379 36.1421012878418 36.1379890441895 36.1340980529785 36.1310195922852 36.1277503967285 36.1238708496094 36.1185531616211 36.1107177734375 36.1025199890137 36.0939483642578 36.0829544067383 36.0704803466797 36.0646362304688 36.0610046386719 36.0697937011719 36.0803833007812 36.1025505065918 36.1247901916504 36.1474838256836 36.1667785644531 36.1766014099121 36.1828422546387 36.1835479736328 36.1832962036133 36.1821670532227 36.1869430541992
-9999 -9999 -9999 -9999 34.1574325561523 34.1925888061523 34.2360000610352 34.4303283691406 34.6420364379883 34.9644508361816 35.2900276184082 35.6277198791504 35.9013938903809 36.0484008789062 36.1453971862793 36.1846885681152 36.1956901550293 36.1872596740723 36.1717262268066 36.153450012207 36.1408233642578 36.1291961669922 36.1267738342285 36.1248016357422 36.1249160766602 36.124382019043 36.1217460632324 36.1176071166992 36.11083984375 36.1022644042969 36.0918273925781 36.0810432434082 36.0700492858887 36.0712013244629 36.0764007568359 36.0975532531738 36.1209411621094 36.149356842041 36.1763610839844 36.1943664550781 36.2089958190918 36.2142219543457 36.2184219360352 36.2210502624512 36.2250595092773 36.2303428649902 36.2453994750977
-9999 -9999 -9999 -9999 34.1925888061523 34.2451400756836 34.306827545166 34.5533332824707 34.8190727233887 35.1581649780273 35.4870491027832 35.7768363952637 36.0060691833496 36.1154823303223 36.1852035522461 36.2091293334961 36.2079658508301 36.189567565918 36.167594909668 36.1442375183105 36.1302261352539 36.1178665161133 36.1171531677246 36.1169586181641 36.118953704834 36.1199035644531 36.1174659729004 36.1135139465332 36.1069145202637 36.0989227294922 36.0894966125488 36.0839424133301 36.0807418823242 36.091869354248 36.1077766418457 36.1360855102539 36.1660919189453 36.1938591003418 36.2197418212891 36.2336006164551 36.245044708252 36.2497711181641 36.2554206848145 36.262508392334 36.2726516723633 36.2855987548828 36.3082809448242
-9999 -9999 -9999 -9999 34.2481842041016 34.306827545166 34.6729774475098 34.643726348877 34.9975700378418 35.3422355651855 35.663818359375 35.8970489501953 36.079174041748 36.1601791381836 36.2106399536133 36.2258567810059 36.2161293029785 36.1892700195312 36.1620445251465 36.1346778869629 36.1200752258301 36.1077194213867 36.1087303161621 36.1102027893066 36.113094329834 36.1145896911621 36.1115684509277 36.1070594787598 36.0999565124512 36.0932693481445 36.0870094299316 36.0904426574707 36.0997734069824 36.123119354248 36.1511383056641 36.1827011108398 36.2146835327148 36.236629486084 36.2569732666016 36.2670936584473 36.2764701843262 36.283763885498 36.2934837341309 36.306941986084 36.3246192932129 36.3461647033691 36.3744735717773
-9999 -9999 -9999 -9999 34.306827545166 34.8424758911133 35.0406150817871 35.1880187988281 35.1901245117188 35.5139694213867 35.8073348999023 35.9840354919434 36.1228485107422 36.1866874694824 36.2263641357422 36.2381591796875 36.223747253418 36.1913375854492 36.1606521606445 36.1306304931641 36.1150741577148 36.1020736694336 36.1039237976074 36.1061477661133 36.1087532043457 36.1100692749023 36.1071968078613 36.103946685791 36.100040435791 36.0995025634766 36.1024360656738 36.1161041259766 36.1363105773926 36.1644706726074 36.1952857971191 36.2231712341309 36.2505912780762 36.2688941955566 36.2860870361328 36.2961883544922 36.3061256408691 36.3156204223633 36.3277626037598 36.3439903259277 36.3640403747559 36.3875999450684 36.4148941040039
-9999 -9999 -9999 -9999 -9999 35.2998924255371 35.3494834899902 35.2901000976562 35.3886947631836 35.6804122924805 35.936595916748 36.0567855834961 36.1539115905762 36.205394744873 36.2379188537598 36.2485618591309 36.2311325073242 36.1944160461426 36.1610374450684 36.1289443969727 36.1122856140137 36.0983505249023 36.1006660461426 36.1032485961914 36.1050643920898 36.1058883666992 36.1034812927246 36.1022682189941 36.103141784668 36.1108360290527 36.1255416870117 36.1499786376953 36.180347442627 36.2101516723633 36.2397727966309 36.2610130310059 36.281063079834 36.2966575622559 36.3117218017578 36.3233909606934 36.3350257873535 36.3465614318848 36.3604202270508 36.3778762817383 36.3980903625488 36.4208335876465 36.4442672729492
-9999 -9999 -9999 -9999 -9999 35.5221405029297 35.509578704834 35.5703315734863 35.5781784057617 35.8075981140137 36.0074005126953 36.0938301086426 36.1678886413574 36.2174682617188 36.2495956420898 36.261589050293 36.2429504394531 36.2032775878906 36.1669998168945 36.1320343017578 36.1153831481934 36.1019592285156 36.1047821044922 36.1079521179199 36.1110229492188 36.1138000488281 36.1156272888184 36.1199951171875 36.1287994384766 36.1442337036133 36.1664962768555 36.1933670043945 36.2230453491211 36.2473526000977 36.2698707580566 36.2858657836914 36.300968170166 36.3164939880371 36.3317070007324 36.3449172973633 36.3575782775879 36.3687210083008 36.3813819885254 36.3963890075684 36.413932800293 36.4338035583496 36.4543228149414
-9999 -9999 -9999 -9999 -9999 35.691951751709 35.7073669433594 35.6683006286621 35.7657775878906 35.9266662597656 36.0661087036133 36.1234893798828 36.1783332824707 36.2281646728516 36.2612953186035 36.2751579284668 36.255687713623 36.2133331298828 36.1741180419922 36.136116027832 36.1196937561035 36.1070785522461 36.110424041748 36.1142349243164 36.1189727783203 36.124210357666 36.1310539245605 36.1417350769043 36.1591186523438 36.182201385498 36.2111434936523 36.2387199401855 36.2654724121094 36.2828025817871 36.2969932556152 36.3080368041992 36.3186836242676 36.3346900939941 36.3505210876465 36.3652648925781 36.3788185119629 36.3890647888184 36.3999214172363 36.4117202758789 36.4260063171387 36.4425811767578 36.4603805541992
-9999 -9999 -9999 -9999 -9999 -9999 35.8589134216309 35.8834648132324 35.8928642272949 35.9951820373535 36.0864067077637 36.1351585388184 36.1851501464844 36.2375907897949 36.2734832763672 36.2902793884277 36.2731437683105 36.2327003479004 36.1904296875 36.1474571228027 36.1278495788574 36.112361907959 36.116081237793 36.120677947998 36.1290855407715 36.1386070251465 36.1517333984375 36.1690673828125 36.1937408447266 36.221118927002 36.2512741088867 36.276424407959 36.2985229492188 36.3100929260254 36.3181495666504 36.3260536193848 36.3339881896973 36.3492202758789 36.3644332885742 36.379508972168 36.393440246582 36.4041709899902 36.4149894714355 36.4259338378906 36.438793182373 36.4534111022949 36.4700813293457
-9999 -9999 -9999 -9999 -9999 -9999 35.9852752685547 36.024974822998 36.0102157592773 36.0575675964355 36.1037712097168 36.1455612182617 36.1918334960938 36.2469711303711 36.2856254577637 36.3052520751953 36.2908401489258 36.2530479431152 36.207820892334 36.1597290039062 36.1363296508789 36.1172866821289 36.1211433410645 36.1263236999512 36.1383361816406 36.152099609375 36.1715507507324 36.1954650878906 36.227180480957 36.2587661743164 36.2902183532715 36.3132286071777 36.3310928344727 36.3372917175293 36.3395957946777 36.3444137573242 36.3496475219727 36.3639488220215 36.3783836364746 36.3936653137207 36.407886505127 36.4191589355469 36.4300842285156 36.4404678344727 36.452278137207 36.4654006958008 36.4813842773438
-9999 -9999 -9999 -9999 -9999 -9999 36.0495338439941 36.0473861694336 36.0526924133301 36.0787200927734 36.108226776123 36.1510543823242 36.1988563537598 36.2565078735352 36.2970581054688 36.3178787231445 36.3088722229004 36.2793846130371 36.2323188781738 36.1784706115723 36.1464691162109 36.1183204650879 36.1199150085449 36.1234169006348 36.1373672485352 36.1540489196777 36.1795883178711 36.2092132568359 36.2459716796875 36.2824440002441 36.3186264038086 36.3440856933594 36.3630142211914 36.3674125671387 36.3669738769531 36.3684158325195 36.3701972961426 36.3825187683105 36.395149230957 36.4097595214844 36.4236221313477 36.4354019165039 36.4471893310547 36.4589805603027 36.4728851318359 36.4887313842773 36.5080337524414
-9999 -9999 -9999 -9999 -9999 36.0687675476074 36.0660629272461 36.0762405395508 36.0842514038086 36.0940017700195 36.1111526489258 36.156623840332 36.2068672180176 36.2665481567383 36.3083724975586 36.3295822143555 36.3254890441895 36.3040161132812 36.2562026977539 36.1982192993164 36.1578330993652 36.1205520629883 36.1192321777344 36.1204490661621 36.1362571716309 36.1556015014648 36.1864128112793 36.2209587097168 36.2620124816895 36.3028945922852 36.3435974121094 36.3721542358398 36.3933181762695 36.3974876403809 36.3959922790527 36.3946189880371 36.3933410644531 36.4033546447754 36.4138832092285 36.4277114868164 36.4410629272461 36.4530868530273 36.4654960632324 36.4785079956055 36.494499206543 36.5132217407227 36.5357818603516
-9999 -9999 -9999 -9999 36.0647163391113 36.0661125183105 36.0687675476074 36.0718612670898 36.0758018493652 36.0877799987793 36.1084671020508 36.1624908447266 36.2185020446777 36.2784423828125 36.3192253112793 36.3378982543945 36.3369064331055 36.3224029541016 36.2778396606445 36.2216682434082 36.1736946105957 36.1271705627441 36.1205406188965 36.1172637939453 36.1346397399902 36.1557121276855 36.1887855529785 36.225341796875 36.2679748535156 36.3115081787109 36.3559722900391 36.3900146484375 36.4177093505859 36.4273796081543 36.4310417175293 36.4288940429688 36.4260139465332 36.4325065612793 36.4398345947266 36.4524612426758 36.4647369384766 36.4760437011719 36.4882278442383 36.5017585754395 36.5198020935059 36.5419807434082 36.567569732666
