Ecospace-environmental-drivers/Outputs/ASCII-for-ecospace/MOM6-ISIMIP3a/so-surf/1981-12_so-surf_MOM6-ISIMIP3a.asc
NCOLS 131 
NROWS 53 
XLLCORNER -98 
YLLCORNER 23.9265270233154 
CELLSIZE 0.133587792515755 
NODATA_value -9999 
[rows 0 to 20 of 53, columns 47 to 93 of 131]
-9999 -9999 -9999 -9999 -9999 -9999 -9999 -9999 -9999 -9999 -9999 -9999 -9999 -9999 -9999 -9999 -9999 -9999 -9999 -9999 -9999 -9999 -9999 -9999 -9999 -9999 -9999 -9999 -9999 -9999 -9999 -9999 -9999 -9999 -9999 -9999 -9999 -9999 -9999 -9999 -9999 -9999 -9999 -9999 -9999 -9999 -9999
-9999 -9999 -9999 -9999 -9999 -9999 -9999 -9999 -9999 -9999 -9999 -9999 -9999 -9999 -9999 -9999 -9999 -9999 -9999 -9999 -9999 -9999 -9999 -9999 -9999 -9999 -9999 -9999 -9999 -9999 -9999 -9999 -9999 -9999 -9999 -9999 -9999 -9999 -9999 -9999 -9999 -9999 -9999 -9999 -9999 -9999 -9999
-9999 -9999 -9999 -9999 -9999 -9999 -9999 -9999 -9999 -9999 -9999 -9999 -9999 -9999 -9999 -9999 -9999 -9999 -9999 -9999 -9999 -9999 -9999 -9999 -9999 -9999 -9999 34.6226196289062 34.731559753418 -9999 -9999 -9999 -9999 -9999 -9999 -9999 -9999 -9999 -9999 -9999 -9999 -9999 -9999 -9999 -9999 -9999 -9999
-9999 -9999 -9999 -9999 -9999 -9999 -9999 -9999 -9999 -9999 -9999 -9999 -9999 -9999 -9999 -9999 -9999 -9999 -9999 -9999 -9999 -9999 -9999 -9999 -9999 -9999 -9999 34.6298522949219 34.7224426269531 -9999 -9999 -9999 -9999 -9999 -9999 -9999 -9999 -9999 -9999 -9999 -9999 -9999 -9999 -9999 -9999 -9999 -9999
-9999 -9999 -9999 -9999 -9999 -9999 -9999 -9999 -9999 -9999 -9999 -9999 -9999 -9999 -9999 -9999 -9999 -9999 30.4628791809082 30.6363124847412 30.7750587463379 31.5843982696533 32.2714385986328 33.3873443603516 34.0688896179199 34.3725318908691 34.54443359375 34.6297302246094 34.7153968811035 34.8221969604492 -9999 -9999 35.4175453186035 35.6004524230957 35.7198333740234 35.8100547790527 35.8748359680176 35.9371719360352 35.9928970336914 36.0415916442871 36.0849113464355 36.1213417053223 -9999 -9999 -9999 -9999 -9999
-9999 -9999 -9999 -9999 -9999 -9999 -9999 -9999 -9999 -9999 -9999 -9999 -9999 -9999 23.7591724395752 -9999 23.6709861755371 23.6095771789551 27.0937881469727 30.4628791809082 30.6709995269775 30.7750587463379 32.3937377929688 33.6455230712891 34.1227684020996 34.4383811950684 34.5564460754395 34.6384773254395 34.6942672729492 34.8134460449219 34.9588813781738 35.1963691711426 35.4519500732422 35.6043128967285 35.7450942993164 35.8100929260254 35.8749732971191 35.9394378662109 35.9971084594727 36.0421485900879 36.0855178833008 36.1270637512207 36.151439666748 36.1646995544434 -9999 -9999 -9999
-9999 -9999 -9999 -9999 -9999 -9999 -9999 -9999 -9999 -9999 24.7920875549316 24.7790031433105 24.7741794586182 24.7728805541992 24.280855178833 23.7837162017822 23.7346305847168 23.6687507629395 23.6095771789551 27.2089061737061 30.4628791809082 30.7750587463379 32.3937377929688 33.6455230712891 34.1227684020996 34.4383811950684 34.5564460754395 34.6384773254395 34.6942672729492 34.8134460449219 34.9588813781738 35.1963691711426 35.4519500732422 35.6043128967285 35.7450942993164 35.8100929260254 35.8749732971191 35.9394378662109 35.9971084594727 36.0421485900879 36.0855178833008 36.1270637512207 36.151439666748 36.1646995544434 36.1682052612305 36.1755065917969 -9999
-9999 -9999 -9999 -9999 -9999 -9999 -9999 -9999 -9999 -9999 24.8622436523438 24.7920875549316 24.7659168243408 -9999 24.7881889343262 24.3332080841064 23.832799911499 23.7346305847168 23.6620426177979 23.6095771789551 27.5542602539062 31.0457324981689 32.6404762268066 33.8578758239746 34.2786712646484 34.5648918151855 34.6866302490234 34.7654800415039 34.8130874633789 34.9055519104004 35.0165939331055 35.2019119262695 35.4018287658691 35.554744720459 35.6990623474121 35.7763710021973 35.8510818481445 35.9166679382324 35.9749870300293 36.0198173522949 36.0644226074219 36.1087799072266 36.1408615112305 36.1649932861328 36.1760063171387 36.1823043823242 36.1755905151367
-9999 -9999 -9999 -9999 -9999 -9999 -9999 -9999 -9999 -9999 -9999 -9999 -9999 -9999 24.7617683410645 24.8630504608154 24.4737873077393 23.9309692382812 23.7346305847168 23.641918182373 27.7406806945801 31.3505382537842 32.9142913818359 34.0913848876953 34.452205657959 34.7071876525879 34.8328170776367 34.9081344604492 34.9468040466309 35.0100326538086 35.0834312438965 35.2119331359863 35.3512687683105 35.5040092468262 35.6513786315918 35.7414016723633 35.8262214660645 35.8927268981934 35.9515151977539 35.9959754943848 36.0417289733887 36.0888900756836 36.1292991638184 36.1653366088867 36.1782646179199 36.1828880310059 36.1740608215332
32.5488052368164 -9999 -9999 -9999 -9999 -9999 -9999 -9999 -9999 -9999 28.6502475738525 24.934154510498 -9999 -9999 -9999 24.8058128356934 25.0959300994873 24.8015956878662 24.1273097991943 24.4167003631592 28.3509578704834 31.7932281494141 33.1764793395996 34.2418479919434 34.6361427307129 34.9083404541016 35.0313034057617 35.1032485961914 35.1380310058594 35.1872291564941 35.2424011230469 35.3532981872559 35.475154876709 35.6008529663086 35.7215118408203 35.791576385498 35.8586158752441 35.9150047302246 35.9655418395996 36.0052185058594 36.0445365905762 36.0834655761719 36.1243095397949 36.1663970947266 36.1847801208496 36.194652557373 36.1807746887207
32.3981056213379 32.3758583068848 -9999 -9999 -9999 -9999 -9999 -9999 -9999 -9999 30.5231742858887 28.3164806365967 24.934154510498 -9999 -9999 24.5827255249023 25.0426273345947 25.6624393463135 25.4409694671631 25.4143295288086 29.0646018981934 32.2422370910645 33.4418449401855 34.390552520752 34.8095855712891 35.0951881408691 35.2177085876465 35.2892417907715 35.3236312866211 35.3604393005371 35.398250579834 35.4900550842285 35.5924758911133 35.6909294128418 35.7849540710449 35.8371925354004 35.8883361816406 35.9356307983398 35.9787559509277 36.0141372680664 36.0479393005371 36.0800170898438 36.1207542419434 36.1670913696289 36.1905326843262 36.2057495117188 36.1888275146484
32.3981056213379 32.3313674926758 31.9793510437012 31.5746517181396 -9999 -9999 -9999 -9999 -9999 -9999 -9999 30.0001277923584 27.6328792572021 24.934154510498 24.7920875549316 24.5827255249023 25.0426273345947 25.6624393463135 26.5671710968018 27.6072692871094 30.3326854705811 32.7251625061035 33.7242546081543 34.5297927856445 34.9267158508301 35.2053184509277 35.3393058776855 35.4263038635254 35.4790687561035 35.5122718811035 35.5373725891113 35.6020851135254 35.6745834350586 35.7447204589844 35.8125190734863 35.8583564758301 35.9037208557129 35.9474067687988 35.9876098632812 36.0213470458984 36.0545501708984 36.0871734619141 36.1248664855957 36.1658401489258 36.1921768188477 36.2132568359375 36.2040557861328
32.4467163085938 32.1521759033203 31.8606758117676 31.5731887817383 -9999 -9999 -9999 -9999 30.8902893066406 30.9347877502441 30.7868309020996 30.374662399292 28.838888168335 26.3838138580322 25.4968280792236 25.3526096343994 25.768985748291 26.3193073272705 27.930025100708 29.6287536621094 31.5481605529785 33.2532234191895 34.0612335205078 34.7227516174316 35.0750122070312 35.3285331726074 35.4613723754883 35.5518951416016 35.6115875244141 35.6412124633789 35.6583862304688 35.7001342773438 35.7467155456543 35.7929344177246 35.8386764526367 35.8798713684082 35.9210662841797 35.9622650146484 36.0004539489746 36.0330543518066 36.0650749206543 36.0964584350586 36.1301727294922 36.1653900146484 36.1943664550781 36.2211036682129 36.223503112793
32.6168594360352 32.2498054504395 31.8689708709717 31.5731887817383 31.2900924682617 31.1144142150879 30.9596672058105 30.9113922119141 30.8902893066406 30.9347877502441 30.7868309020996 30.374662399292 29.5183448791504 28.298641204834 27.9634552001953 28.0472450256348 28.3112812042236 28.6183853149414 29.884521484375 31.2215900421143 32.6321182250977 33.8941383361816 34.5346374511719 35.0500068664551 35.301212310791 35.4844512939453 35.5846138000488 35.648811340332 35.6868133544922 35.7129249572754 35.7341117858887 35.7632293701172 35.7939033508301 35.8272132873535 35.8613166809082 35.9022560119629 35.9433212280273 35.9848327636719 36.0232734680176 36.0560150146484 36.0853843688965 36.1110763549805 36.1384658813477 36.1669502258301 36.1979293823242 36.2298011779785 36.2534980773926
33.0109214782715 32.5995864868164 32.1601600646973 31.8774929046631 31.6155567169189 31.4800701141357 31.3654479980469 31.3569526672363 31.3600959777832 31.3913383483887 31.2607975006104 30.9081516265869 30.5410594940186 30.1621494293213 30.2005977630615 30.4367408752441 30.6238822937012 30.79931640625 31.7181777954102 32.6871719360352 33.6424903869629 34.5020446777344 34.9608268737793 35.3268394470215 35.497013092041 35.6245269775391 35.6998901367188 35.7455406188965 35.7695541381836 35.7905616760254 35.8103256225586 35.8282737731934 35.8458633422852 35.8686637878418 35.8929061889648 35.9293441772461 35.966739654541 36.007495880127 36.0453147888184 36.0776748657227 36.1049423217773 36.1266670227051 36.1494445800781 36.1729011535645 36.2051696777344 36.2406044006348 36.277515411377
33.7215728759766 33.3058662414551 32.8513107299805 32.6120300292969 32.4011650085449 32.3626976013184 32.3449287414551 32.4324531555176 32.4941253662109 32.4933662414551 32.4048652648926 32.1958999633789 32.0490760803223 31.9531002044678 32.1132888793945 32.3948249816895 32.6117362976074 32.8132095336914 33.3809928894043 33.9728469848633 34.5488243103027 35.0632781982422 35.3202590942383 35.5323905944824 35.6498374938965 35.7421989440918 35.8039093017578 35.8420104980469 35.8629150390625 35.8765754699707 35.8872337341309 35.8960838317871 35.9045753479004 35.9202651977539 35.9371452331543 35.9630889892578 35.9918098449707 36.0302963256836 36.0662498474121 36.0974960327148 36.1234474182129 36.1436347961426 36.1642189025879 36.1850624084473 36.2176170349121 36.2543792724609 36.2930870056152
34.3936004638672 34.0399971008301 33.6470031738281 33.4409484863281 33.2607536315918 33.2621040344238 33.2794647216797 33.3782730102539 33.4436225891113 33.4281883239746 33.3751602172852 33.2705230712891 33.2488746643066 33.2951354980469 33.4874153137207 33.7488632202148 33.9612655639648 34.1619453430176 34.4897537231445 34.8251762390137 35.1442909240723 35.4287300109863 35.568042755127 35.6896171569824 35.7737426757812 35.8438720703125 35.8968963623047 35.9313316345215 35.9522361755371 35.9615745544434 35.9661254882812 35.9678726196289 35.969066619873 35.9777488708496 35.9875717163086 36.0057754516602 36.0273017883301 36.0605125427246 36.092212677002 36.1211090087891 36.1448516845703 36.1629791259766 36.181266784668 36.1996574401855 36.2295532226562 36.2635765075684 36.3022155761719
35.0331077575684 34.7975883483887 34.5307350158691 34.3493537902832 34.1826362609863 34.1756401062012 34.1761512756348 34.2148818969727 34.2377243041992 34.2222061157227 34.1991233825684 34.1656684875488 34.1891212463379 34.2591323852539 34.4080047607422 34.5942268371582 34.7732429504395 34.9505386352539 35.1319389343262 35.3125762939453 35.477970123291 35.6293067932129 35.7217979431152 35.8061447143555 35.8732986450195 35.9320678710938 35.980583190918 36.0146331787109 36.038143157959 36.0457191467285 36.046688079834 36.0430145263672 36.0384216308594 36.0401916503906 36.0432014465332 36.0559921264648 36.0715751647949 36.0969734191895 36.1224098205566 36.1479148864746 36.1686973571777 36.1843299865723 36.2002296447754 36.2163047790527 36.2410545349121 36.2689247131348 36.3059234619141
35.4635276794434 35.327880859375 35.1710319519043 35.0328750610352 34.9008483886719 34.8827018737793 34.8683052062988 34.8729972839355 34.8707046508789 34.8515510559082 34.8388633728027 34.8350639343262 34.8546562194824 34.8933868408203 34.991024017334 35.1165580749512 35.2547988891602 35.3960762023926 35.5019989013672 35.6043739318848 35.6904983520508 35.7728080749512 35.8391532897949 35.9017448425293 35.956413269043 36.0052680969238 36.0470199584961 36.0772552490234 36.0990982055664 36.1041107177734 36.1021537780762 36.0956649780273 36.0882873535156 36.0883178710938 36.0896072387695 36.100528717041 36.1134147644043 36.1332092285156 36.1532859802246 36.1738739013672 36.1911468505859 36.2048149108887 36.2184791564941 36.2321434020996 36.2513999938965 36.2726593017578 36.3047294616699
35.791633605957 35.746940612793 35.6921997070312 35.6063423156738 35.5193862915039 35.4887199401855 35.4603652954102 35.4437599182129 35.4248390197754 35.4003105163574 35.3884506225586 35.3939819335938 35.3857574462891 35.3662796020508 35.4088439941406 35.4808044433594 35.5746536254883 35.6737327575684 35.7388877868652 35.8004570007324 35.8437423706055 35.8883819580078 35.9387016296387 35.9871101379395 36.0314788818359 36.0711288452148 36.1050148010254 36.1297569274902 36.1478385925293 36.14990234375 36.1453323364258 36.1373138427734 36.1286163330078 36.1294364929199 36.1315002441406 36.1422805786133 36.1540603637695 36.1693382263184 36.1844902038574 36.1994132995605 36.2129173278809 36.2248725891113 36.2363777160645 36.2475929260254 36.261173248291 36.2756080627441 36.3011360168457
35.9924087524414 35.9851112365723 35.9729423522949 35.9298324584961 35.8844718933105 35.8638114929199 35.8441543579102 35.8296051025391 35.8120880126953 35.7873954772949 35.7717781066895 35.7686233520508 35.7481727600098 35.7135810852051 35.7271385192871 35.7635040283203 35.8174781799316 35.875659942627 35.9160232543945 35.9537048339844 35.9701919555664 35.9908065795898 36.0286827087402 36.0661315917969 36.1026611328125 36.1326713562012 36.1547050476074 36.1672554016113 36.1728897094727 36.1701622009277 36.1639709472656 36.1572875976562 36.1505126953125 36.1539878845215 36.1584815979004 36.1691856384277 36.1803436279297 36.1930961608887 36.2054557800293 36.2170753479004 36.2283058166504 36.2391090393066 36.2494201660156 36.2594108581543 36.269603729248 36.2798690795898 36.2989463806152
