Ecospace-environmental-drivers/Outputs/ASCII-for-ecospace/MOM6-ISIMIP3a/so-surf/1981-01_so-surf_MOM6-ISIMIP3a.asc
NCOLS 131 
NROWS 53 
XLLCORNER -98 
YLLCORNER 23.9265270233154 
CELLSIZE 0.133587792515755 
NODATA_value -9999 
[rows 21 to 41 of 53, columns 0 to 46 of 131]
-9999 -9999 -9999 -9999 -9999 -9999 35.5580444335938 35.5382041931152 35.4855537414551 35.3981628417969 35.3321189880371 35.2053260803223 35.2015342712402 35.1902351379395 35.2330551147461 35.3383255004883 35.4647331237793 35.6056632995605 35.7029647827148 35.7834243774414 35.8304405212402 35.8715591430664 35.876838684082 35.8841438293457 35.9148712158203 35.9555587768555 36.0285415649414 36.0944213867188 36.1478996276855 36.1812133789062 36.1937789916992 36.2019386291504 36.2074089050293 36.2236022949219 36.2433700561523 36.269645690918 36.2969512939453 36.3424835205078 36.3853874206543 36.4115257263184 36.4329948425293 36.4414596557617 36.448844909668 36.4545631408691 36.4569053649902 36.4561462402344 36.4450912475586
-9999 -9999 -9999 -9999 -9999 -9999 35.5621643066406 35.5580444335938 35.5183639526367 35.4676361083984 35.3981628417969 35.3928642272949 35.421028137207 35.5153923034668 35.6278228759766 35.7610931396484 35.8905372619629 36.0173530578613 36.0953483581543 36.1544914245605 36.1884651184082 36.2180023193359 36.2228469848633 36.2280349731445 36.2406272888184 36.2586860656738 36.2944755554199 36.3269538879395 36.353645324707 36.3682594299316 36.3704376220703 36.3705368041992 36.3693733215332 36.3757743835449 36.3847007751465 36.4025726318359 36.4218101501465 36.4590377807617 36.4939041137695 36.513729095459 36.5296363830566 36.5346488952637 36.5390281677246 36.5424308776855 36.5442771911621 36.5446968078613 36.5404968261719
-9999 -9999 -9999 -9999 35.6411819458008 35.5926475524902 35.564281463623 35.5641632080078 35.5580444335938 35.4786834716797 35.4356575012207 35.5317268371582 35.6611633300781 35.8566246032715 36.0316162109375 36.1829872131348 36.3063812255859 36.4105567932129 36.464427947998 36.4988708496094 36.5170745849609 36.5324172973633 36.5359420776367 36.538387298584 36.5339965820312 36.5307312011719 36.5311012268066 36.5317726135254 36.5329742431641 36.5302658081055 36.5235404968262 36.5175590515137 36.512035369873 36.510627746582 36.5105895996094 36.520637512207 36.5321922302246 36.5596122741699 36.5849571228027 36.5971145629883 36.6064109802246 36.6077499389648 36.6087837219238 36.6093368530273 36.6095314025879 36.6093940734863 36.6093826293945
-9999 -9999 -9999 -9999 35.7497367858887 35.6580581665039 35.6210136413574 35.564281463623 35.5701675415039 35.6450805664062 35.7298889160156 35.8525772094727 35.9909362792969 36.1602973937988 36.2952156066895 36.3903999328613 36.4619979858398 36.517406463623 36.5459785461426 36.5641937255859 36.5710525512695 36.5759124755859 36.5751533508301 36.5738487243652 36.5690307617188 36.5647888183594 36.5624237060547 36.5595436096191 36.5557746887207 36.550163269043 36.5426635742188 36.5401916503906 36.5407829284668 36.5454750061035 36.5515289306641 36.5633735656738 36.5760459899902 36.5928688049316 36.6083641052246 36.6153945922852 36.6207885742188 36.6216430664062 36.6222152709961 36.6223640441895 36.6223983764648 36.6223297119141 36.6218643188477
-9999 -9999 -9999 -9999 -9999 35.7497367858887 35.6972007751465 35.6777458190918 35.6239204406738 35.8275489807129 36.0171432495117 36.1530227661133 36.2887916564941 36.4243431091309 36.5181732177734 36.5638580322266 36.591495513916 36.6067428588867 36.6148910522461 36.6202964782715 36.6186828613281 36.6158294677734 36.6118507385254 36.6077156066895 36.6024856567383 36.5973091125488 36.5923271179199 36.5861930847168 36.578052520752 36.5702667236328 36.5628433227539 36.5638771057129 36.5700607299805 36.5798225402832 36.5907745361328 36.6031875610352 36.6157646179199 36.6232452392578 36.6300506591797 36.632568359375 36.6344718933105 36.6346778869629 36.634693145752 36.634407043457 36.6341705322266 36.6339797973633 36.6329917907715
-9999 -9999 -9999 -9999 -9999 35.7336349487305 35.7497367858887 35.7970352172852 35.8602142333984 36.0804748535156 36.273796081543 36.3639869689941 36.4467124938965 36.5146560668945 36.5629081726074 36.5884399414062 36.6064567565918 36.6193046569824 36.6283645629883 36.6359596252441 36.6384620666504 36.6400680541992 36.6375274658203 36.634578704834 36.6290016174316 36.6230773925781 36.6160278320312 36.6079444885254 36.5980491638184 36.5912551879883 36.5876541137695 36.5921783447266 36.6016540527344 36.6119804382324 36.6225852966309 36.6301956176758 36.6373672485352 36.640983581543 36.6442031860352 36.6449012756348 36.6451110839844 36.6439781188965 36.6429672241211 36.642147064209 36.6411552429199 36.6400032043457 36.63818359375
-9999 -9999 35.6837577819824 35.693000793457 35.7068481445312 35.7175178527832 35.7336540222168 35.8989067077637 36.0753517150879 36.2910995483398 36.4726448059082 36.5233001708984 36.563346862793 36.5824012756348 36.5985794067383 36.6114387512207 36.6236457824707 36.6354026794434 36.6456565856934 36.6553344726562 36.6613235473633 36.6666679382324 36.6653060913086 36.6632843017578 36.6569747924805 36.649959564209 36.6406593322754 36.6306266784668 36.6193161010742 36.6133422851562 36.612865447998 36.6193237304688 36.630012512207 36.6393127441406 36.6481552124023 36.6516876220703 36.654468536377 36.6551361083984 36.655632019043 36.6550331115723 36.6540756225586 36.6521186828613 36.6504020690918 36.649055480957 36.6473922729492 36.6454429626465 36.6429481506348
-9999.000000000000000 -9999 -9999 -9999 35.6546363830566 35.6961822509766 35.686351776123 35.962776184082 36.2443313598633 36.4094161987305 36.5453834533691 36.5699081420898 36.5898933410645 36.6009063720703 36.6144676208496 36.630973815918 36.6456985473633 36.6592025756836 36.6712799072266 36.682804107666 36.6909065246582 36.6984062194824 36.697681427002 36.6960258483887 36.6881256103516 36.6792678833008 36.6673164367676 36.6553535461426 36.643367767334 36.6378402709961 36.6389579772949 36.6439476013184 36.6513023376465 36.6561279296875 36.6601104736328 36.6611366271973 36.661750793457 36.6614685058594 36.6611213684082 36.6603698730469 36.6593818664551 36.6577262878418 36.6559982299805 36.6541557312012 36.6520118713379 36.6495933532715 36.6467781066895
-9999 -9999 -9999 -9999 35.5767822265625 35.5502052307129 35.5899543762207 35.9759788513184 36.3587074279785 36.4891204833984 36.5946006774902 36.6046371459961 36.6131362915039 36.6186027526855 36.6296768188477 36.6472129821777 36.662914276123 36.6773490905762 36.6900215148926 36.7020111083984 36.7107849121094 36.718994140625 36.7195281982422 36.7190818786621 36.7118644714355 36.7032737731934 36.690242767334 36.677417755127 36.6649436950684 36.6588706970215 36.6593780517578 36.6619911193848 36.6658821105957 36.6672706604004 36.6678237915039 36.6673011779785 36.6666259765625 36.6657180786133 36.6648178100586 36.6639747619629 36.6629638671875 36.6614990234375 36.6598358154297 36.6578636169434 36.6556625366211 36.6532554626465 36.6505508422852
-9999 -9999 -9999 -9999 35.5170822143555 35.4839553833008 35.4430541992188 35.9254341125488 36.4043922424316 36.5202484130859 36.6142196655273 36.6244201660156 36.6322250366211 36.6352844238281 36.6440238952637 36.6593132019043 36.6740417480469 36.6883811950684 36.7001075744629 36.7108192443848 36.7184562683105 36.7255554199219 36.7281341552734 36.7299575805664 36.7262763977051 36.7206039428711 36.7084770202637 36.6961288452148 36.683406829834 36.6755409240723 36.6726684570312 36.6717491149902 36.6720199584961 36.6712799072266 36.6702003479004 36.6693267822266 36.6684761047363 36.6673545837402 36.6662673950195 36.6653938293457 36.6643753051758 36.662956237793 36.6614532470703 36.6598205566406 36.6581001281738 36.656307220459 36.6542510986328
-9999 -9999 -9999 -9999 35.4839553833008 35.4344444274902 35.3763236999512 35.8895568847656 36.3968963623047 36.5183601379395 36.6179008483887 36.6335220336914 36.6446647644043 36.6469383239746 36.6546859741211 36.6687469482422 36.6828269958496 36.6969261169434 36.7078094482422 36.7174453735352 36.7242431640625 36.730541229248 36.7336578369141 36.7361221313477 36.7337265014648 36.729175567627 36.7176513671875 36.7055397033691 36.6924057006836 36.6835060119629 36.6789627075195 36.6762962341309 36.6747741699219 36.6729927062988 36.6711235046387 36.6699485778809 36.6688690185547 36.667667388916 36.66650390625 36.6655921936035 36.6645622253418 36.6632118225098 36.6619186401367 36.6607093811035 36.6595268249512 36.6583671569824 36.6569671630859
-9999 -9999 -9999 -9999 35.4315757751465 35.3763236999512 35.8352203369141 35.864673614502 36.3495101928711 36.4917068481445 36.6096229553223 36.6346130371094 36.6521186828613 36.6548194885254 36.6625823974609 36.6761817932129 36.6898651123047 36.7036056518555 36.7137222290039 36.7224388122559 36.7286186218262 36.7343444824219 36.7368698120117 36.7387580871582 36.7359504699707 36.7311782836914 36.7200317382812 36.7079696655273 36.6943054199219 36.684944152832 36.6800079345703 36.6769332885742 36.674991607666 36.672981262207 36.6709518432617 36.6695175170898 36.6681671142578 36.6669845581055 36.6658325195312 36.6648712158203 36.6638298034668 36.6625633239746 36.6615142822266 36.6607933044434 36.6601867675781 36.6596870422363 36.6589431762695
-9999 -9999 -9999 -9999 35.3763236999512 35.8514366149902 36.0716171264648 36.2103309631348 36.2414855957031 36.4329032897949 36.5922737121582 36.6289710998535 36.6545333862305 36.6580505371094 36.6666603088379 36.6811447143555 36.6947631835938 36.7077903747559 36.7170257568359 36.7248001098633 36.7299728393555 36.7346878051758 36.736083984375 36.7367973327637 36.7324523925781 36.7264671325684 36.7151679992676 36.7035293579102 36.6912956237793 36.6829833984375 36.6787071228027 36.6757736206055 36.673656463623 36.6716728210449 36.669734954834 36.6682205200195 36.6667671203613 36.6657943725586 36.6648101806641 36.6637496948242 36.6626663208008 36.661506652832 36.66064453125 36.6602439880371 36.6599922180176 36.6598701477051 36.6595458984375
-9999 -9999 -9999 -9999 -9999 36.0812225341797 36.1225852966309 36.1398468017578 36.1074676513672 36.3603210449219 36.5710372924805 36.6204452514648 36.6547813415527 36.6592903137207 36.6691055297852 36.6850509643555 36.6987495422363 36.7109031677246 36.7192115783691 36.7260284423828 36.7300338745117 36.7335472106934 36.7335815429688 36.7328605651855 36.7264938354492 36.718879699707 36.707202911377 36.6961479187012 36.6861801147461 36.6795616149902 36.676399230957 36.6738433837891 36.6716613769531 36.6698112487793 36.6680717468262 36.6665534973145 36.6650695800781 36.6643829345703 36.663631439209 36.6624526977539 36.6613121032715 36.660270690918 36.6595802307129 36.6594276428223 36.659423828125 36.6595611572266 36.6595611572266
-9999 -9999 -9999 -9999 -9999 36.0669898986816 36.0494613647461 36.017578125 36.0429992675781 36.3312950134277 36.5701599121094 36.6198043823242 36.6548652648926 36.6610641479492 36.6717376708984 36.6875762939453 36.7009201049805 36.7125473022461 36.719898223877 36.7255973815918 36.7273063659668 36.7283058166504 36.7263450622559 36.7237663269043 36.7165756225586 36.7086715698242 36.6984558105469 36.6893463134766 36.6821594238281 36.6770210266113 36.6739921569824 36.6714630126953 36.6692390441895 36.6676025390625 36.6661643981934 36.6647796630859 36.6634101867676 36.6628150939941 36.6621437072754 36.6609954833984 36.6599731445312 36.6593132019043 36.6589241027832 36.6589469909668 36.6591491699219 36.6595191955566 36.6596145629883
-9999 -9999 -9999 -9999 -9999 36.0640907287598 36.0289192199707 35.9909591674805 35.992919921875 36.311279296875 36.5734939575195 36.620792388916 36.6549110412598 36.6629486083984 36.6744041442871 36.6898155212402 36.7027130126953 36.7138862609863 36.7202758789062 36.7248229980469 36.7239952087402 36.7222213745117 36.718132019043 36.7136039733887 36.7058334350586 36.6979217529297 36.6895484924316 36.6826629638672 36.6783676147461 36.6746635437012 36.6715621948242 36.6689872741699 36.6667251586914 36.6653251647949 36.6642074584961 36.6629905700684 36.6617622375488 36.6612129211426 36.6605949401855 36.6595001220703 36.6586380004883 36.6584167480469 36.6583518981934 36.6585388183594 36.658935546875 36.6595344543457 36.6596794128418
-9999 -9999 -9999 -9999 -9999 -9999 36.1138877868652 36.0782165527344 36.1008796691895 36.3733253479004 36.596321105957 36.6300277709961 36.6553840637207 36.6642150878906 36.67578125 36.690502166748 36.7029724121094 36.7138938903809 36.7194633483887 36.7229614257812 36.7202529907227 36.7164497375488 36.7113571166992 36.7060317993164 36.6990242004395 36.6921310424805 36.6856079101562 36.6800155639648 36.6760482788086 36.6725006103516 36.6693840026855 36.6668586730957 36.6646919250488 36.663387298584 36.6623725891113 36.6612129211426 36.660041809082 36.6592674255371 36.6585083007812 36.6578636169434 36.6574249267578 36.6575775146484 36.6578826904297 36.6584281921387 36.6590576171875 36.6597633361816 36.6601524353027
-9999 -9999 -9999 -9999 -9999 -9999 36.2360191345215 36.2724876403809 36.2198333740234 36.4401931762695 36.6190872192383 36.639274597168 36.655876159668 36.6653900146484 36.6769866943359 36.6909942626953 36.7030258178711 36.7137031555176 36.7184867858887 36.7209968566895 36.7166137695312 36.7110176086426 36.7050399780273 36.6990280151367 36.6928100585938 36.6869163513184 36.6820678710938 36.6776008605957 36.6737976074219 36.6703186035156 36.667179107666 36.6647109985352 36.662654876709 36.6614379882812 36.6604995727539 36.6594085693359 36.6583023071289 36.6573371887207 36.6564826965332 36.6562919616699 36.6562957763672 36.6568374633789 36.6575393676758 36.6584815979004 36.6593437194824 36.6601371765137 36.6607666015625
-9999 -9999 -9999 -9999 -9999 -9999 36.3717384338379 36.3573532104492 36.3805923461914 36.5192375183105 36.6318244934082 36.6446762084961 36.6563911437988 36.6658477783203 36.6770248413086 36.6901893615723 36.7016677856445 36.711986541748 36.7163505554199 36.7184104919434 36.7142715454102 36.7090339660645 36.7029113769531 36.6968154907227 36.6910934448242 36.6855201721191 36.6804351806641 36.6756858825684 36.6715316772461 36.6678161621094 36.6645584106445 36.6621932983398 36.6603775024414 36.6591835021973 36.6581916809082 36.6572761535645 36.6563758850098 36.6557846069336 36.6553001403809 36.6555099487305 36.6559715270996 36.6571311950684 36.6584701538086 36.6600914001465 36.6612510681152 36.661979675293 36.6626358032227
-9999 -9999 -9999 -9999 -9999 36.4548645019531 36.4539794921875 36.4853744506836 36.5202674865723 36.5877838134766 36.6427040100098 36.6494369506836 36.6570243835449 36.6663131713867 36.6769599914551 36.6891670227051 36.699951171875 36.7097549438477 36.7137413024902 36.7154808044434 36.7117500305176 36.7070465087891 36.7008781433105 36.6947631835938 36.6893920898438 36.6840362548828 36.6787338256836 36.6737442016602 36.669303894043 36.6653938293457 36.6620216369629 36.6597175598145 36.6580657958984 36.6568908691406 36.655876159668 36.6551895141602 36.6545486450195 36.6543769836426 36.6543235778809 36.6550521850586 36.656078338623 36.6579360961914 36.6600494384766 36.6625480651855 36.6641082763672 36.6647987365723 36.6653213500977
-9999 -9999 -9999 -9999 36.4687805175781 36.4667701721191 36.4548645019531 36.5183219909668 36.582633972168 36.6178359985352 36.646785736084 36.6518173217773 36.6580848693848 36.6667976379395 36.6765060424805 36.6873626708984 36.6969413757324 36.705638885498 36.709415435791 36.7112922668457 36.7085762023926 36.7050437927246 36.6991806030273 36.6933059692383 36.6877632141113 36.682243347168 36.6767845153809 36.671688079834 36.6672248840332 36.6632537841797 36.6597900390625 36.6573791503906 36.6556091308594 36.6544609069824 36.6535224914551 36.6532554626465 36.6530876159668 36.6534996032715 36.6540794372559 36.6557540893555 36.6577491760254 36.6606369018555 36.6640014648438 36.6681022644043 36.6704559326172 36.6712036132812 36.6710052490234
