Ecospace-environmental-drivers/Outputs/ASCII-for-ecospace/MOM6-ISIMIP3a/so-surf/1983-07_so-surf_MOM6-ISIMIP3a.asc
NCOLS 131 
NROWS 53 
XLLCORNER -98 
YLLCORNER 23.9265270233154 
CELLSIZE 0.133587792515755 
NODATA_value -9999 
[rows 21 to 41 of 53, columns 47 to 93 of 131]
34.5812339782715 34.5353240966797 34.4947624206543 34.4634056091309 34.4332847595215 34.4111213684082 34.3889312744141 34.3666000366211 34.345832824707 34.3288230895996 34.3303642272949 34.3573722839355 34.4097442626953 34.4828643798828 34.5555038452148 34.6279144287109 34.7087135314941 34.7915229797363 34.873218536377 34.9523162841797 34.9946708679199 35.0307807922363 35.0407600402832 35.0547904968262 35.0773811340332 35.0972328186035 35.1137351989746 35.1190376281738 35.1161842346191 35.1050910949707 35.0905838012695 35.0610809326172 35.0286331176758 34.9739570617676 34.9140777587891 34.8113861083984 34.7046813964844 34.5838737487793 34.4874496459961 34.4363059997559 34.4131202697754 34.4203948974609 34.4521484375 34.4997444152832 34.5985336303711 34.7157096862793 34.8421020507812
34.8770446777344 34.8476028442383 34.8196182250977 34.7933120727539 34.7674522399902 34.7490196228027 34.7312660217285 34.716983795166 34.7039070129395 34.6937484741211 34.695384979248 34.713207244873 34.746166229248 34.7915077209473 34.8373527526855 34.8834381103516 34.9405822753906 35.000373840332 35.0642623901367 35.1251907348633 35.1388473510742 35.1494445800781 35.1472511291504 35.1572914123535 35.1931495666504 35.2338752746582 35.2805480957031 35.3127326965332 35.3343696594238 35.3365211486816 35.3306045532227 35.3032989501953 35.2717933654785 35.2097129821777 35.1416778564453 35.0264930725098 34.906120300293 34.7674903869629 34.6543464660645 34.5885353088379 34.5497779846191 34.5404968261719 34.5593338012695 34.5963592529297 34.6812515258789 34.783332824707 34.905647277832
35.1558113098145 35.141284942627 35.1241836547852 35.100399017334 35.0761795043945 35.0586814880371 35.0426406860352 35.0340042114258 35.0267524719238 35.0228424072266 35.0257682800293 35.0380859375 35.0560646057129 35.0786819458008 35.1020889282227 35.1258659362793 35.1616134643555 35.2002220153809 35.2447319030762 35.285774230957 35.2704696655273 35.2558135986328 35.2438583374023 35.2522087097168 35.3034248352051 35.366268157959 35.4433174133301 35.5021820068359 35.547794342041 35.5628433227539 35.5652275085449 35.540397644043 35.5102157592773 35.4418640136719 35.3669395446777 35.2415809631348 35.109920501709 34.9560890197754 34.827995300293 34.747688293457 34.6938400268555 34.668815612793 34.6746597290039 34.7004852294922 34.7693214416504 34.8536109924316 34.9702644348145
35.3336982727051 35.3305206298828 35.3251342773438 35.3095932006836 35.2929496765137 35.2746238708496 35.2574119567871 35.245849609375 35.2370414733887 35.2348823547363 35.2383460998535 35.2495307922363 35.265453338623 35.2852439880371 35.302131652832 35.3176383972168 35.3362426757812 35.3555908203125 35.3600540161133 35.3615989685059 35.3356018066406 35.3159561157227 35.322883605957 35.3510704040527 35.424144744873 35.5050277709961 35.595458984375 35.6657371520996 35.7213363647461 35.7432136535645 35.7511291503906 35.7281913757324 35.6991882324219 35.6310386657715 35.5570373535156 35.4400444030762 35.3173675537109 35.1746978759766 35.0478553771973 34.9503898620605 34.8835029602051 34.8499221801758 34.8426933288574 34.8525123596191 34.8899993896484 34.9374237060547 35.036205291748
35.4959487915039 35.5018196105957 35.5062522888184 35.4991455078125 35.4905395507812 35.4733657836914 35.4570045471191 35.4447898864746 35.4361953735352 35.4363479614258 35.4406661987305 35.4506950378418 35.4635963439941 35.4788551330566 35.4869766235352 35.4917221069336 35.4919929504395 35.4911956787109 35.4637413024902 35.434383392334 35.4040222167969 35.3845138549805 35.4104537963867 35.4571571350098 35.5477104187012 35.6421394348145 35.7413024902344 35.8194580078125 35.8823089599609 35.9104156494141 35.9241333007812 35.9042167663574 35.8776893615723 35.8105926513672 35.7382926940918 35.6298751831055 35.5163803100586 35.3850402832031 35.2620162963867 35.1544418334961 35.0796127319336 35.0404624938965 35.021484375 35.0155563354492 35.0217399597168 35.0322723388672 35.1098785400391
35.5896492004395 35.5944480895996 35.6004333496094 35.6025848388672 35.6040191650391 35.5966682434082 35.5900459289551 35.5871429443359 35.5865325927734 35.5914497375488 35.5979881286621 35.606746673584 35.6124572753906 35.615665435791 35.6051979064941 35.588249206543 35.5649490356445 35.5401344299316 35.5164260864258 35.4938583374023 35.4868583679199 35.4899826049805 35.5354881286621 35.5949211120605 35.6837615966797 35.7720069885254 35.8595352172852 35.9300537109375 35.9881820678711 36.0198669433594 36.0406036376953 36.0286521911621 36.0102767944336 35.9479751586914 35.880802154541 35.7818641662598 35.6784210205078 35.5591239929199 35.4511985778809 35.3643951416016 35.3039932250977 35.2723541259766 35.247444152832 35.2268905639648 35.201976776123 35.1754989624023 35.2174758911133
35.6684913635254 35.6777420043945 35.6906890869141 35.7028999328613 35.7146835327148 35.7170219421387 35.7199096679688 35.7255859375 35.7320709228516 35.7405052185059 35.7475471496582 35.752685546875 35.7497215270996 35.7401351928711 35.7151069641113 35.6827621459961 35.6466407775879 35.609619140625 35.5937881469727 35.5811309814453 35.5935745239258 35.6146659851074 35.6719779968262 35.7371978759766 35.8191184997559 35.89697265625 35.9698524475098 36.0296287536621 36.0798568725586 36.111701965332 36.1359329223633 36.1320457458496 36.122631072998 36.068962097168 36.010383605957 35.9198875427246 35.8258628845215 35.7194480895996 35.6280212402344 35.5644149780273 35.5210113525391 35.4996070861816 35.470630645752 35.4367561340332 35.384204864502 35.3249435424805 35.3306617736816
35.7149276733398 35.7406806945801 35.772388458252 35.7963943481445 35.8191986083984 35.8309440612793 35.8428421020508 35.8554954528809 35.8671455383301 35.8763656616211 35.8801727294922 35.8765449523926 35.861701965332 35.8376884460449 35.8068923950195 35.7728881835938 35.7473945617676 35.723934173584 35.7249908447266 35.7290573120117 35.7523918151855 35.7812843322754 35.8334617614746 35.8893241882324 35.9529685974121 36.0112266540527 36.0629005432129 36.105152130127 36.1405448913574 36.1650886535645 36.1851425170898 36.1895332336426 36.1908493041992 36.1541633605957 36.1117744445801 36.0274238586426 35.9414482116699 35.8497581481934 35.7778701782227 35.7427635192871 35.7219581604004 35.7167320251465 35.6877555847168 35.6434097290039 35.5707664489746 35.4879570007324 35.4560394287109
35.7614707946777 35.8011512756348 35.8476333618164 35.8820419311523 35.9147834777832 35.9357490539551 35.9561233520508 35.9734916687012 35.9885711669922 35.9981231689453 36.000659942627 35.9935646057129 35.9756927490234 35.9490013122559 35.9206161499023 35.8914337158203 35.8763656616211 35.8646774291992 35.8767623901367 35.8914413452148 35.920051574707 35.9514770507812 35.994701385498 36.0384063720703 36.0831184387207 36.122142791748 36.1542091369629 36.1800422668457 36.2013320922852 36.2170181274414 36.2303810119629 36.2376670837402 36.2437553405762 36.2212524414062 36.1928901672363 36.1176490783691 36.0409469604492 35.9590950012207 35.9010353088379 35.8871459960938 35.8836097717285 35.8913459777832 35.8637199401855 35.8132057189941 35.7268295288086 35.6275672912598 35.5641098022461
35.8081588745117 35.8585166931152 35.9147529602051 35.9578285217285 35.9991340637207 36.0290756225586 36.0572624206543 36.0764961242676 36.0928268432617 36.1021385192871 36.105884552002 36.1019821166992 36.0922088623047 36.0776329040527 36.0619430541992 36.0457305908203 36.0408477783203 36.0386734008789 36.0544128417969 36.0720100402832 36.0988349914551 36.1261711120605 36.1556396484375 36.1836547851562 36.208610534668 36.2288513183594 36.2433319091797 36.2541275024414 36.2622413635254 36.2671089172363 36.2706260681152 36.2740249633789 36.2774047851562 36.265552520752 36.2484970092773 36.186092376709 36.1202011108398 36.0420532226562 35.9906196594238 35.9887962341309 35.9958229064941 36.0124855041504 35.9879035949707 35.9366302490234 35.8445205688477 35.737735748291 35.6504135131836
35.8390579223633 35.8919105529785 35.9499282836914 35.998477935791 36.0458297729492 36.0869102478027 36.1252746582031 36.1498146057129 36.1705665588379 36.1821708679199 36.1895446777344 36.1911163330078 36.1890411376953 36.1839828491211 36.1779098510742 36.1713562011719 36.1728706359863 36.1763153076172 36.1909294128418 36.2066192626953 36.2267303466797 36.2462348937988 36.2632217407227 36.2782554626465 36.2891807556152 36.2968482971191 36.3005256652832 36.3023262023926 36.3027572631836 36.301342010498 36.2991676330566 36.2992820739746 36.2998504638672 36.2943916320801 36.284797668457 36.236946105957 36.1833381652832 36.1094703674316 36.0621299743652 36.0640525817871 36.0771179199219 36.1023178100586 36.080379486084 36.0279388427734 35.9351463317871 35.8278541564941 35.723876953125
35.8581123352051 35.9073219299316 35.9611358642578 36.0127792358398 36.0642852783203 36.1181221008301 36.1684417724609 36.2008666992188 36.2284164428711 36.2442092895508 36.2570343017578 36.2657890319824 36.271110534668 36.2736206054688 36.2748527526855 36.2754821777344 36.2805519104004 36.2866821289062 36.2966041564941 36.3067512512207 36.3164520263672 36.3253326416016 36.3307838439941 36.3348693847656 36.3360633850098 36.335807800293 36.3337783813477 36.331111907959 36.3279762268066 36.3236885070801 36.3189277648926 36.3162117004395 36.313892364502 36.311637878418 36.3066177368164 36.2746124267578 36.2343788146973 36.1652221679688 36.1200790405273 36.119514465332 36.1352272033691 36.1686668395996 36.1490707397461 36.0951614379883 36.0054702758789 35.9029312133789 35.787712097168
35.8647956848145 35.9067726135254 35.9533271789551 36.0052299499512 36.0582084655762 36.1255111694336 36.1893692016602 36.2356758117676 36.2743721008301 36.2946929931641 36.3104934692383 36.3200874328613 36.3253135681152 36.3269653320312 36.3287391662598 36.3305702209473 36.3351974487305 36.3404922485352 36.3460426330566 36.351448059082 36.3544540405273 36.3567276000977 36.3559226989746 36.3544120788574 36.3514175415039 36.3479995727539 36.3440589904785 36.3401565551758 36.3362846374512 36.3319511413574 36.3274307250977 36.3240089416504 36.3208045959473 36.3195190429688 36.3164863586426 36.2957000732422 36.2661514282227 36.2057952880859 36.1651916503906 36.1612815856934 36.1761856079102 36.211597442627 36.1941795349121 36.142578125 36.0563659667969 35.9577217102051 35.8403244018555
35.8661804199219 35.8993835449219 35.937370300293 35.9883193969727 36.0416221618652 36.1226921081543 36.2007598876953 36.2635269165039 36.3152313232422 36.3402252197266 36.3579368591309 36.365650177002 36.3675727844238 36.3647537231445 36.3641700744629 36.3646469116211 36.367115020752 36.3700637817383 36.3713874816895 36.3723831176758 36.3702926635742 36.3676795959473 36.3628730773926 36.3580703735352 36.3532638549805 36.3487205505371 36.3444938659668 36.340747833252 36.3373527526855 36.3341789245605 36.3311042785645 36.3278923034668 36.3246574401855 36.3233871459961 36.3212280273438 36.3096885681152 36.2896690368652 36.2398567199707 36.2048072814941 36.1971740722656 36.2098007202148 36.2444915771484 36.2291793823242 36.1815071105957 36.0989303588867 36.0038185119629 35.8881225585938
35.8849067687988 35.9107627868652 35.9411239624023 35.9875526428223 36.0372467041016 36.1305999755859 36.220832824707 36.2951698303223 36.3548927307129 36.3793334960938 36.3938407897949 36.3946990966797 36.3902206420898 36.3813743591309 36.3777351379395 36.3765602111816 36.3780212402344 36.3801116943359 36.3797073364258 36.3788795471191 36.3743743896484 36.3695259094238 36.3632507324219 36.3572959899902 36.3520164489746 36.3473052978516 36.3432884216309 36.3398666381836 36.3368797302246 36.3343620300293 36.3320426940918 36.3293228149414 36.3265228271484 36.3250465393066 36.3230743408203 36.3157730102539 36.301097869873 36.2605247497559 36.2307624816895 36.2210922241211 36.2310905456543 36.2625198364258 36.2491073608398 36.2066764831543 36.1239471435547 36.026741027832 35.9184837341309
35.9072227478027 35.926025390625 35.9489555358887 35.9901313781738 36.035400390625 36.1407279968262 36.2427024841309 36.3275985717773 36.3943099975586 36.4171180725098 36.4273567199707 36.420337677002 36.4088172912598 36.393611907959 36.3867721557617 36.3838920593262 36.384578704834 36.3861198425293 36.3845100402832 36.3823890686035 36.3760185241699 36.3694839477539 36.3622627258301 36.3556022644043 36.3501281738281 36.3454475402832 36.341739654541 36.338680267334 36.3360900878906 36.3341217041016 36.3324127197266 36.3302383422852 36.3279762268066 36.3262519836426 36.3243217468262 36.3202209472656 36.3100242614746 36.2784156799316 36.2538948059082 36.2425308227539 36.2498321533203 36.2774696350098 36.2659149169922 36.2289962768555 36.1453285217285 36.0448684692383 35.9452362060547
35.9701690673828 35.9796333312988 35.9915504455566 36.0273513793945 36.0683174133301 36.182674407959 36.2911567687988 36.369758605957 36.4293174743652 36.4428901672363 36.4451217651367 36.4317817687988 36.4156379699707 36.3971977233887 36.3891296386719 36.3859710693359 36.3867073059082 36.3883781433105 36.3858985900879 36.3828125 36.3750495910645 36.3674011230469 36.360237121582 36.3537559509277 36.3487129211426 36.344425201416 36.3410568237305 36.3384437561035 36.3363838195801 36.3349380493164 36.3337516784668 36.3319969177246 36.330135345459 36.328239440918 36.3262100219727 36.3228645324707 36.3146171569824 36.2891235351562 36.2682113647461 36.2558097839355 36.2606925964355 36.2843971252441 36.2750396728516 36.2442855834961 36.1606178283691 36.0579452514648 35.9663047790527
36.0373153686523 36.0370254516602 36.0374565124512 36.0685234069824 36.1058654785156 36.2279319763184 36.3414878845215 36.4117622375488 36.4627380371094 36.4671173095703 36.4615058898926 36.4421806335449 36.4217758178711 36.4004898071289 36.3913192749023 36.3878936767578 36.3886222839355 36.3903427124023 36.387035369873 36.3830337524414 36.3739280700684 36.3652229309082 36.3582077026367 36.3519706726074 36.3473739624023 36.3434753417969 36.3404312133789 36.3382568359375 36.3367118835449 36.3357810974121 36.3351058959961 36.3337821960449 36.332332611084 36.3302879333496 36.3281631469727 36.3254165649414 36.3189086914062 36.2991561889648 36.2816505432129 36.2683219909668 36.270881652832 36.2907524108887 36.2834968566895 36.2586898803711 36.1754150390625 36.0711402893066 35.9871673583984
36.1298217773438 36.1164741516113 36.1020622253418 36.1352729797363 36.1761817932129 36.2933120727539 36.3991317749023 36.447395324707 36.4813117980957 36.480583190918 36.4706916809082 36.4482154846191 36.4262771606445 36.4047737121582 36.3949546813965 36.3906745910645 36.3903656005859 36.3910026550293 36.387134552002 36.3825759887695 36.3724479675293 36.3630332946777 36.356616973877 36.3508834838867 36.3465919494629 36.3429260253906 36.3400268554688 36.3381156921387 36.3369178771973 36.3364105224609 36.3361854553223 36.3354339599609 36.3345794677734 36.3326148986816 36.3305473327637 36.3278160095215 36.3220176696777 36.3054504394531 36.2899780273438 36.2765426635742 36.2777290344238 36.294849395752 36.2885246276855 36.267032623291 36.1878776550293 36.0880088806152 36.008602142334
36.2178115844727 36.1933746337891 36.166919708252 36.2038345336914 36.2495231628418 36.356803894043 36.451000213623 36.478645324707 36.4967155456543 36.4916763305664 36.4786224365234 36.4545593261719 36.4317741394043 36.410041809082 36.3995018005371 36.3942680358887 36.3927879333496 36.392204284668 36.387580871582 36.3822746276855 36.3711395263672 36.361026763916 36.3551788330078 36.3499145507812 36.3458709716797 36.3424072265625 36.3396453857422 36.3379783630371 36.3371047973633 36.3369903564453 36.3371887207031 36.3369750976562 36.3366851806641 36.3348121643066 36.3328094482422 36.330078125 36.3249053955078 36.3111610412598 36.2975463867188 36.2841644287109 36.2841720581055 36.2987747192383 36.2934913635254 36.2753410339355 36.2010078430176 36.1064872741699 36.0319938659668
36.289234161377 36.2609329223633 36.2326965332031 36.279052734375 36.3339500427246 36.4133491516113 36.4816970825195 36.4938201904297 36.5005111694336 36.494068145752 36.4819488525391 36.4620246887207 36.4409446716309 36.4189186096191 36.4073905944824 36.4008369445801 36.3977088928223 36.3954010009766 36.389289855957 36.3825492858887 36.3704681396484 36.3596839904785 36.3543090820312 36.3493804931641 36.3453826904297 36.3419952392578 36.33935546875 36.3378639221191 36.3372116088867 36.3373870849609 36.3379058837891 36.3381156921387 36.338264465332 36.3365325927734 36.3346366882324 36.3318519592285 36.326976776123 36.3147430419922 36.3023338317871 36.2895927429199 36.2891387939453 36.3020706176758 36.2982330322266 36.2835426330566 36.2165946960449 36.1308708190918 36.0625839233398
