Ecospace-environmental-drivers/Outputs/ASCII-for-ecospace/MOM6-ISIMIP3a/so-surf/1983-09_so-surf_MOM6-ISIMIP3a.asc
NCOLS 131 
NROWS 53 
XLLCORNER -98 
YLLCORNER 23.9265270233154 
CELLSIZE 0.133587792515755 
NODATA_value -9999 
[rows 0 to 20 of 53, columns 47 to 93 of 131]
-9999 -9999 -9999 -9999 -9999 -9999 -9999 -9999 -9999 -9999 -9999 -9999 -9999 -9999 -9999 -9999 -9999 -9999 -9999 -9999 -9999 -9999 -9999 -9999 -9999 -9999 -9999 -9999 -9999 -9999 -9999 -9999 -9999 -9999 -9999 -9999 -9999 -9999 -9999 -9999 -9999 -9999 -9999 -9999 -9999 -9999 -9999
-9999 -9999 -9999 -9999 -9999 -9999 -9999 -9999 -9999 -9999 -9999 -9999 -9999 -9999 -9999 -9999 -9999 -9999 -9999 -9999 -9999 -9999 -9999 -9999 -9999 -9999 -9999 -9999 -9999 -9999 -9999 -9999 -9999 -9999 -9999 -9999 -9999 -9999 -9999 -9999 -9999 -9999 -9999 -9999 -9999 -9999 -9999
-9999 -9999 -9999 -9999 -9999 -9999 -9999 -9999 -9999 -9999 -9999 -9999 -9999 -9999 -9999 -9999 -9999 -9999 -9999 -9999 -9999 -9999 -9999 -9999 -9999 -9999 -9999 31.891242980957 32.4454956054688 -9999 -9999 -9999 -9999 -9999 -9999 -9999 -9999 -9999 -9999 -9999 -9999 -9999 -9999 -9999 -9999 -9999 -9999
-9999 -9999 -9999 -9999 -9999 -9999 -9999 -9999 -9999 -9999 -9999 -9999 -9999 -9999 -9999 -9999 -9999 -9999 -9999 -9999 -9999 -9999 -9999 -9999 -9999 -9999 -9999 31.9339485168457 32.4740295410156 -9999 -9999 -9999 -9999 -9999 -9999 -9999 -9999 -9999 -9999 -9999 -9999 -9999 -9999 -9999 -9999 -9999 -9999
-9999 -9999 -9999 -9999 -9999 -9999 -9999 -9999 -9999 -9999 -9999 -9999 -9999 -9999 -9999 -9999 -9999 -9999 23.8205814361572 24.0532684326172 24.2394180297852 25.3252696990967 26.3117027282715 28.0746879577637 29.4629096984863 30.4957790374756 31.3255939483643 31.9758701324463 32.5003814697266 32.9458389282227 -9999 -9999 34.0176200866699 34.2889938354492 34.4765548706055 34.608814239502 34.6742858886719 34.7155609130859 34.7338600158691 34.7404670715332 34.7308082580566 34.7009010314941 -9999 -9999 -9999 -9999 -9999
-9999 -9999 -9999 -9999 -9999 -9999 -9999 -9999 -9999 -9999 -9999 -9999 -9999 -9999 19.4394454956055 -9999 19.0142402648926 18.6692180633545 21.3030815124512 23.8205814361572 24.0998058319092 24.2394180297852 26.4111213684082 28.2845687866211 29.5283718109131 30.5757884979248 31.3831787109375 32.0178146362305 32.5266189575195 32.9567070007324 33.3541946411133 33.7070121765137 34.0510482788086 34.2947959899902 34.5211334228516 34.6137351989746 34.691577911377 34.7175483703613 34.7375526428223 34.7464828491211 34.737361907959 34.7085762023926 34.6567649841309 34.5900611877441 -9999 -9999 -9999
-9999 -9999 -9999 -9999 -9999 -9999 -9999 -9999 -9999 -9999 20.7316150665283 20.7533874511719 20.7851581573486 20.9117298126221 20.2650184631348 19.4984569549561 19.3804321289062 18.993070602417 18.6692180633545 21.4194450378418 23.8205814361572 24.2394180297852 26.4111213684082 28.2845687866211 29.5283718109131 30.5757884979248 31.3831787109375 32.0178146362305 32.5266189575195 32.9567070007324 33.3541946411133 33.7070121765137 34.0510482788086 34.2947959899902 34.5211334228516 34.6137351989746 34.691577911377 34.7175483703613 34.7375526428223 34.7464828491211 34.737361907959 34.7085762023926 34.6567649841309 34.5900611877441 34.5724334716797 34.609058380127 -9999
-9999 -9999 -9999 -9999 -9999 -9999 -9999 -9999 -9999 -9999 20.6148834228516 20.7316150665283 20.7751598358154 -9999 21.111328125 20.486177444458 19.6164817810059 19.3804321289062 18.9295616149902 18.6692180633545 21.7685356140137 24.6845016479492 26.8331317901611 28.7146739959717 30.0323753356934 31.1372871398926 31.9821262359619 32.6294937133789 33.1330223083496 33.4938278198242 33.7955284118652 34.0437545776367 34.2814712524414 34.4431800842285 34.5930633544922 34.654972076416 34.7081489562988 34.7306098937988 34.7547378540039 34.7819557189941 34.7942008972168 34.7901344299316 34.7558860778809 34.7021141052246 34.6518630981445 34.6028747558594 34.5418701171875
-9999 -9999 -9999 -9999 -9999 -9999 -9999 -9999 -9999 -9999 -9999 -9999 -9999 -9999 20.9957828521729 21.5194969177246 20.9186935424805 19.8525314331055 19.3804321289062 18.7390327453613 22.0851802825928 25.1943893432617 27.3119812011719 29.1976680755615 30.593786239624 31.7590274810791 32.64208984375 33.3001899719238 33.7944297790527 34.078052520752 34.2744483947754 34.4085006713867 34.5302963256836 34.6025314331055 34.6689987182617 34.6970748901367 34.7230224609375 34.7414970397949 34.7701797485352 34.8178253173828 34.8542594909668 34.8784790039062 34.8644752502441 34.8257446289062 34.7306365966797 34.6152801513672 34.5204582214355
30.1128349304199 -9999 -9999 -9999 -9999 -9999 -9999 -9999 -9999 -9999 23.6986865997314 20.495231628418 -9999 -9999 -9999 21.3499450683594 22.3027572631836 21.7077980041504 20.3246307373047 20.5994129180908 23.509895324707 26.2260875701904 28.129150390625 29.8540897369385 31.202995300293 32.3076324462891 33.1137199401855 33.6665954589844 34.0350379943848 34.234504699707 34.3639945983887 34.4530410766602 34.5341453552246 34.5741729736328 34.6094055175781 34.6126365661621 34.6176567077637 34.6289825439453 34.6614227294922 34.7330780029297 34.8089599609375 34.8894500732422 34.9205360412598 34.9196548461914 34.8404960632324 34.7332153320312 34.5845184326172
29.9191074371338 29.890510559082 -9999 -9999 -9999 -9999 -9999 -9999 -9999 -9999 25.246561050415 23.2734775543213 20.495231628418 -9999 -9999 21.0799674987793 22.2382507324219 23.5900554656982 23.0056171417236 22.4934787750244 24.9697208404541 27.2901020050049 28.9582004547119 30.4984569549561 31.7688274383545 32.7919883728027 33.5130081176758 33.9635200500488 34.2169990539551 34.3433418273926 34.4170417785645 34.4679298400879 34.5143356323242 34.5284271240234 34.5386734008789 34.5230102539062 34.512092590332 34.5178451538086 34.5532264709473 34.6436386108398 34.753963470459 34.8859901428223 34.9619331359863 35.0015869140625 34.9451446533203 34.8541831970215 34.6680526733398
29.9191074371338 29.8333148956299 29.2829856872559 28.5840301513672 -9999 -9999 -9999 -9999 -9999 -9999 -9999 24.5957527160645 22.6591205596924 20.495231628418 20.7316150665283 21.0799674987793 22.2382507324219 23.5900554656982 24.056713104248 24.5682392120361 26.6178588867188 28.5274448394775 29.850980758667 31.0781764984131 32.1019897460938 32.9317321777344 33.5242881774902 33.8877601623535 34.0843734741211 34.1967887878418 34.2743339538574 34.3237457275391 34.3676261901855 34.3894233703613 34.4082145690918 34.405590057373 34.4054565429688 34.4140930175781 34.4480514526367 34.5290374755859 34.6469573974609 34.8051071166992 34.9246673583984 35.0192489624023 35.0218467712402 34.9914016723633 34.8560447692871
29.9817543029785 29.5660667419434 29.1438293457031 28.5887355804443 -9999 -9999 -9999 -9999 26.2055034637451 25.8215923309326 25.3732795715332 24.8365497589111 23.5774307250977 21.7272720336914 21.449197769165 21.9157867431641 22.996509552002 24.2239685058594 25.3821659088135 26.5656700134277 28.1867828369141 29.6874160766602 30.6838264465332 31.6116504669189 32.3946876525879 33.0376472473145 33.509407043457 33.7989768981934 33.9558410644531 34.0615653991699 34.1461067199707 34.1981506347656 34.2438049316406 34.2739448547363 34.3016624450684 34.3113479614258 34.3213539123535 34.3324851989746 34.3637580871582 34.4324340820312 34.5478897094727 34.7143096923828 34.8657188415527 35.0074195861816 35.0688095092773 35.1013488769531 35.0275077819824
30.2010231018066 29.6917572021484 29.1545085906982 28.5887355804443 28.0195236206055 27.4363288879395 26.8935508728027 26.5563697814941 26.2055034637451 25.8215923309326 25.3732795715332 24.8365497589111 24.233039855957 23.5748901367188 23.9607772827148 24.8411998748779 25.6504516601562 26.4426975250244 27.393518447876 28.3697738647461 29.5576725006104 30.6539573669434 31.366828918457 32.0295066833496 32.5862274169922 33.0589828491211 33.4291152954102 33.6776237487793 33.8375396728516 33.9546699523926 34.0540771484375 34.1190299987793 34.1772079467773 34.2172737121582 34.2548828125 34.2750701904297 34.2935943603516 34.3062515258789 34.3316802978516 34.3808250427246 34.4686813354492 34.598705291748 34.7525749206543 34.9218673706055 35.0414199829102 35.1431045532227 35.1576499938965
30.5650863647461 30.0259208679199 29.4467258453369 28.8993682861328 28.35546875 27.8170413970947 27.3157176971436 27.0031471252441 26.6820545196533 26.3403854370117 25.9968452453613 25.6507358551025 25.5901794433594 25.763256072998 26.5397968292236 27.6021842956543 28.2027359008789 28.6929378509521 29.3861999511719 30.0985698699951 30.8860149383545 31.6139030456543 32.0925369262695 32.5359001159668 32.9048042297363 33.2283210754395 33.4963684082031 33.690242767334 33.8300933837891 33.9385452270508 34.0339889526367 34.1029281616211 34.1666603088379 34.2129325866699 34.2564926147461 34.2798614501953 34.3000984191895 34.3093414306641 34.3258857727051 34.3560066223145 34.4171676635742 34.5121574401855 34.6512680053711 34.8189239501953 34.967155456543 35.1084098815918 35.1896896362305
31.133861541748 30.6548233032227 30.1369895935059 29.6491775512695 29.1663818359375 28.736011505127 28.334753036499 28.0815849304199 27.8323593139648 27.5926532745361 27.5020160675049 27.6160316467285 27.9391574859619 28.4333724975586 29.2141647338867 30.1307010650635 30.6112957000732 30.9877281188965 31.3524875640869 31.7209014892578 32.1542053222656 32.5645217895508 32.8786239624023 33.1674652099609 33.4029808044434 33.6069030761719 33.7722244262695 33.8922843933105 33.979377746582 34.0507507324219 34.1156158447266 34.1759300231934 34.2353477478027 34.2825775146484 34.3265113830566 34.3427085876465 34.3550567626953 34.3538818359375 34.357250213623 34.3690567016602 34.4048194885254 34.466682434082 34.5666999816895 34.6914024353027 34.8266296386719 34.9656372070312 35.0830268859863
31.7134170532227 31.3074150085449 30.867015838623 30.4568271636963 30.0531330108643 29.7412986755371 29.4512004852295 29.2716789245605 29.1109580993652 28.9956340789795 29.0605182647705 29.372802734375 29.8458385467529 30.4503955841064 31.1548728942871 31.9066791534424 32.2935791015625 32.5932884216309 32.7748413085938 32.9512825012207 33.1714668273926 33.3871231079102 33.5838203430176 33.7618980407715 33.9006729125977 34.015811920166 34.1020698547363 34.1598663330078 34.1969299316406 34.2308311462402 34.2634239196777 34.3048248291016 34.347957611084 34.3838806152344 34.4166946411133 34.4217185974121 34.4229545593262 34.4108657836914 34.4020500183105 34.3993034362793 34.4156951904297 34.4529418945312 34.5223960876465 34.6126861572266 34.7241477966309 34.8432121276855 34.9640617370605
32.3020515441895 31.9799575805664 31.6305274963379 31.3131847381592 31.0037536621094 30.8192768096924 30.6496810913086 30.5558013916016 30.497594833374 30.5255317687988 30.6639289855957 30.953971862793 31.380054473877 31.9174365997314 32.4777526855469 33.0489311218262 33.3642501831055 33.6184349060059 33.739143371582 33.8516006469727 33.9774169921875 34.1019172668457 34.2208938598633 34.3250579833984 34.3979568481445 34.4502563476562 34.4773826599121 34.4826431274414 34.4719734191895 34.4680671691895 34.4669609069824 34.480785369873 34.4975471496582 34.5118446350098 34.5238494873047 34.5143394470215 34.5017471313477 34.4783325195312 34.4581642150879 34.4440307617188 34.4461364746094 34.4659309387207 34.5120010375977 34.575080871582 34.6537055969238 34.7379188537598 34.8347358703613
32.9970169067383 32.7650032043457 32.5123176574707 32.2879219055176 32.0706214904785 31.9667530059814 31.8707180023193 31.8145275115967 31.7903461456299 31.8434524536133 31.9620170593262 32.1704483032227 32.4870643615723 32.8922004699707 33.3083152770996 33.7296371459961 33.9915237426758 34.2153167724609 34.3195991516113 34.4150657653809 34.5017127990723 34.5868263244629 34.6655082702637 34.7288627624512 34.7598686218262 34.7733154296875 34.7653007507324 34.7417488098145 34.7068748474121 34.6795387268066 34.6553230285645 34.6448554992676 34.6370887756348 34.6286010742188 34.6186141967773 34.5942573547363 34.5682907104492 34.5366554260254 34.5092277526855 34.4896240234375 34.4834938049316 34.4920501708984 34.5217628479004 34.5651626586914 34.6188163757324 34.6761589050293 34.7477340698242
33.744010925293 33.6051025390625 33.4519920349121 33.3205909729004 33.1943778991699 33.1482429504395 33.1027908325195 33.0608253479004 33.0371475219727 33.0576362609863 33.1106910705566 33.2084503173828 33.3850173950195 33.6260566711426 33.8979568481445 34.1844749450684 34.4018135070801 34.6026229858398 34.712215423584 34.8136863708496 34.8881759643555 34.9592361450195 35.0159378051758 35.0546875 35.055534362793 35.0418663024902 35.0104522705078 34.9696960449219 34.9221382141113 34.8784065246582 34.8362617492676 34.8031044006348 34.7717132568359 34.7398681640625 34.7073135375977 34.6679649353027 34.6288414001465 34.5904998779297 34.5578155517578 34.5356330871582 34.5242385864258 34.5245971679688 34.5413818359375 34.5687942504883 34.6013298034668 34.6357040405273 34.6814460754395
34.2039756774902 34.14404296875 34.077033996582 34.0139045715332 33.952808380127 33.9357376098633 33.9176292419434 33.8942604064941 33.8768501281738 33.8738327026367 33.887866973877 33.9253120422363 34.0200805664062 34.1617469787598 34.3393363952637 34.5339469909668 34.6996307373047 34.8584022521973 34.9597282409668 35.0549163818359 35.1182556152344 35.1782722473145 35.2244033813477 35.2499046325684 35.2318725585938 35.1981086730957 35.1451187133789 35.0897407531738 35.0326271057129 34.9794120788574 34.9278144836426 34.8832778930664 34.8401260375977 34.7956924438477 34.7511291503906 34.7057609558105 34.6621894836426 34.624942779541 34.593132019043 34.5714149475098 34.5599937438965 34.5597801208496 34.5739212036133 34.5973510742188 34.6215324401855 34.6459884643555 34.6720504760742
