Ecospace-environmental-drivers/Outputs/ASCII-for-ecospace/MOM6-ISIMIP3a/so-surf/1984-07_so-surf_MOM6-ISIMIP3a.asc
NCOLS 131 
NROWS 53 
XLLCORNER -98 
YLLCORNER 23.9265270233154 
CELLSIZE 0.133587792515755 
NODATA_value -9999 
[rows 0 to 20 of 53, columns 47 to 93 of 131]
-9999 -9999 -9999 -9999 -9999 -9999 -9999 -9999 -9999 -9999 -9999 -9999 -9999 -9999 -9999 -9999 -9999 -9999 -9999 -9999 -9999 -9999 -9999 -9999 -9999 -9999 -9999 -9999 -9999 -9999 -9999 -9999 -9999 -9999 -9999 -9999 -9999 -9999 -9999 -9999 -9999 -9999 -9999 -9999 -9999 -9999 -9999
-9999 -9999 -9999 -9999 -9999 -9999 -9999 -9999 -9999 -9999 -9999 -9999 -9999 -9999 -9999 -9999 -9999 -9999 -9999 -9999 -9999 -9999 -9999 -9999 -9999 -9999 -9999 -9999 -9999 -9999 -9999 -9999 -9999 -9999 -9999 -9999 -9999 -9999 -9999 -9999 -9999 -9999 -9999 -9999 -9999 -9999 -9999
-9999 -9999 -9999 -9999 -9999 -9999 -9999 -9999 -9999 -9999 -9999 -9999 -9999 -9999 -9999 -9999 -9999 -9999 -9999 -9999 -9999 -9999 -9999 -9999 -9999 -9999 -9999 31.4636459350586 32.0883483886719 -9999 -9999 -9999 -9999 -9999 -9999 -9999 -9999 -9999 -9999 -9999 -9999 -9999 -9999 -9999 -9999 -9999 -9999
-9999 -9999 -9999 -9999 -9999 -9999 -9999 -9999 -9999 -9999 -9999 -9999 -9999 -9999 -9999 -9999 -9999 -9999 -9999 -9999 -9999 -9999 -9999 -9999 -9999 -9999 -9999 31.4862213134766 32.1092224121094 -9999 -9999 -9999 -9999 -9999 -9999 -9999 -9999 -9999 -9999 -9999 -9999 -9999 -9999 -9999 -9999 -9999 -9999
-9999 -9999 -9999 -9999 -9999 -9999 -9999 -9999 -9999 -9999 -9999 -9999 -9999 -9999 -9999 -9999 -9999 -9999 25.1551456451416 25.3178863525391 25.4480781555176 26.20751953125 26.9044761657715 28.1664791107178 29.2071723937988 30.0561408996582 30.8206577301025 31.5096893310547 32.1283149719238 32.6896553039551 -9999 -9999 34.0406494140625 34.3609161376953 34.5825080871582 34.7541313171387 34.8602828979492 34.9333267211914 34.9689331054688 34.9825096130371 34.9731369018555 34.9389228820801 -9999 -9999 -9999 -9999 -9999
-9999 -9999 -9999 -9999 -9999 -9999 -9999 -9999 -9999 -9999 -9999 -9999 -9999 -9999 20.9762687683105 -9999 20.8873634338379 20.8215579986572 22.97438621521 25.1551456451416 25.3504333496094 25.4480781555176 26.9669609069824 28.2983894348145 29.2340888977051 30.089038848877 30.8452968597412 31.5276374816895 32.156135559082 32.7011756896973 33.2116546630859 33.6596832275391 34.0954360961914 34.366828918457 34.6204795837402 34.7602195739746 34.8816909790039 34.9389381408691 34.9793510437012 34.9885063171387 34.9796714782715 34.951229095459 34.8858680725098 34.7966194152832 -9999 -9999 -9999
-9999 -9999 -9999 -9999 -9999 -9999 -9999 -9999 -9999 -9999 21.4281444549561 21.4171772003174 21.4099006652832 21.39186668396 21.1828556060791 20.993673324585 20.9588642120361 20.8816680908203 20.8215579986572 22.9464550018311 25.1551456451416 25.4480781555176 26.9669609069824 28.2983894348145 29.2340888977051 30.089038848877 30.8452968597412 31.5276374816895 32.156135559082 32.7011756896973 33.2116546630859 33.6596832275391 34.0954360961914 34.366828918457 34.6204795837402 34.7602195739746 34.8816909790039 34.9389381408691 34.9793510437012 34.9885063171387 34.9796714782715 34.951229095459 34.8858680725098 34.7966194152832 34.7730331420898 34.7649726867676 -9999
-9999 -9999 -9999 -9999 -9999 -9999 -9999 -9999 -9999 -9999 21.486946105957 21.4281444549561 21.4062099456787 -9999 21.3740425109863 21.1923503875732 21.0284843444824 20.9588642120361 20.8645839691162 20.8215579986572 22.8626613616943 24.8309154510498 26.4942989349365 27.9612350463867 29.0134620666504 29.9591903686523 30.774751663208 31.4997863769531 32.1588859558105 32.7166862487793 33.2325401306152 33.6577453613281 34.0651321411133 34.3276252746582 34.5744209289551 34.7202987670898 34.8493423461914 34.9192047119141 34.9714088439941 34.9908256530762 34.9969062805176 34.9884490966797 34.9432106018066 34.8741722106934 34.799373626709 34.7225112915039 34.6639099121094
-9999 -9999 -9999 -9999 -9999 -9999 -9999 -9999 -9999 -9999 -9999 -9999 -9999 -9999 21.3736248016357 21.3642292022705 21.23655128479 21.0981025695801 20.9588642120361 20.8133277893066 22.4789333343506 24.1741180419922 25.993091583252 27.6052188873291 28.7806720733643 29.8225021362305 30.7010192871094 31.4712905883789 32.1627197265625 32.7342758178711 33.2561836242676 33.6562461853027 34.0323600769043 34.2842636108398 34.522705078125 34.6745834350586 34.8113136291504 34.8948020935059 34.9599189758301 34.9909133911133 35.0137062072754 35.0275611877441 35.005256652832 34.9595527648926 34.856559753418 34.732982635498 34.642635345459
31.5119705200195 -9999 -9999 -9999 -9999 -9999 -9999 -9999 -9999 -9999 25.1523742675781 21.5472164154053 -9999 -9999 -9999 21.3523216247559 21.3999576568604 21.3735084533691 21.237340927124 21.3624744415283 22.9067192077637 24.5014114379883 26.3072357177734 27.8817253112793 28.9678516387939 29.9439239501953 30.7854919433594 31.5260887145996 32.1931381225586 32.7638931274414 33.2947692871094 33.6770668029785 34.0301513671875 34.2477989196777 34.4527549743652 34.5827026367188 34.7024269104004 34.7862167358398 34.8577003479004 34.9063377380371 34.9506568908691 34.9902763366699 35.0104789733887 35.0181198120117 34.9575691223145 34.8725204467773 34.7205429077148
31.4312324523926 31.4193134307861 -9999 -9999 -9999 -9999 -9999 -9999 -9999 -9999 26.9316120147705 24.7507953643799 21.5472164154053 -9999 -9999 21.2526702880859 21.376148223877 21.5710525512695 21.7241401672363 21.9600830078125 23.4438152313232 24.9741878509521 26.6997528076172 28.1909236907959 29.1872711181641 30.0925426483154 30.8865070343018 31.5891990661621 32.2254104614258 32.7846450805664 33.3120002746582 33.672492980957 34.0001831054688 34.1875610351562 34.3632507324219 34.4755477905273 34.5820083618164 34.6679382324219 34.7469253540039 34.8130187988281 34.8789749145508 34.9447784423828 35.0063514709473 35.0651969909668 35.0474662780762 35.0022354125977 34.8077239990234
31.4312324523926 31.3954772949219 30.8904056549072 30.25412940979 -9999 -9999 -9999 -9999 -9999 -9999 -9999 26.3261051177979 24.0499725341797 21.5472164154053 21.4281444549561 21.2526702880859 21.376148223877 21.5710525512695 22.1443672180176 22.8176307678223 24.5672302246094 26.227294921875 27.5126495361328 28.6754722595215 29.5796222686768 30.3870391845703 31.0762310028076 31.6968860626221 32.2676200866699 32.7578277587891 33.2146873474121 33.5317459106445 33.8213233947754 33.9997978210449 34.1688842773438 34.286491394043 34.3997421264648 34.4976768493652 34.5902404785156 34.6728210449219 34.7609748840332 34.8552017211914 34.9520606994629 35.0506248474121 35.0777702331543 35.0792655944824 34.9446449279785
31.4448051452637 31.1306705474854 30.7745094299316 30.2609634399414 -9999 -9999 -9999 -9999 27.6004467010498 27.4298686981201 27.1362133026123 26.673583984375 25.1685199737549 22.8105659484863 21.9361667633057 21.7644939422607 21.8723487854004 22.046989440918 22.8740406036377 23.8097896575928 25.6752548217773 27.3567867279053 28.268533706665 29.144359588623 29.9443492889404 30.6465339660645 31.2291774749756 31.7659244537354 32.2692375183105 32.6938095092773 33.0857734680176 33.3654174804688 33.6229782104492 33.7971649169922 33.9641990661621 34.0915565490723 34.2156944274902 34.3285026550293 34.436206817627 34.5344161987305 34.6408843994141 34.7563514709473 34.881893157959 35.0139541625977 35.0866470336914 35.1380157470703 35.0697021484375
31.4923152923584 31.1562004089355 30.7766780853271 30.2609634399414 29.7269134521484 29.0742378234863 28.4516754150391 27.9823093414307 27.6004467010498 27.4298686981201 27.1362133026123 26.673583984375 25.688440322876 24.2757892608643 23.7142658233643 23.5559043884277 23.6090755462646 23.7127914428711 24.3773384094238 25.1384830474854 26.7448043823242 28.1772327423096 28.8818893432617 29.5740966796875 30.2400169372559 30.8185176849365 31.2901744842529 31.7383346557617 32.1693801879883 32.5367965698242 32.8778648376465 33.135139465332 33.3759384155273 33.5573616027832 33.7337074279785 33.8819313049316 34.0271911621094 34.1620445251465 34.2887954711914 34.4004974365234 34.515567779541 34.6343078613281 34.772029876709 34.9220390319824 35.0419578552246 35.151065826416 35.1651000976562
31.642671585083 31.328254699707 30.9749050140381 30.4908561706543 29.9904766082764 29.4103469848633 28.8562774658203 28.4347610473633 28.0860481262207 27.913122177124 27.6526298522949 27.2719192504883 26.7050743103027 25.9859352111816 25.6760883331299 25.5601139068604 25.5685539245605 25.6067218780518 26.0646438598633 26.6006908416748 27.8540935516357 28.9639015197754 29.4727458953857 29.9910488128662 30.5293121337891 30.9985294342041 31.3833560943604 31.7584056854248 32.126335144043 32.445442199707 32.744327545166 32.9819679260254 33.2075653076172 33.3910102844238 33.5709495544434 33.7318229675293 33.8896446228027 34.0367279052734 34.1742935180664 34.2941818237305 34.4125823974609 34.5293617248535 34.6689338684082 34.8232536315918 34.9717864990234 35.118236541748 35.1979179382324
31.938440322876 31.7074680328369 31.4503192901611 31.0457763671875 30.6266689300537 30.2216567993164 29.8329105377197 29.5268955230713 29.2581977844238 29.0796051025391 28.8991641998291 28.7161922454834 28.4239673614502 28.0423545837402 27.8976593017578 27.8651847839355 27.842960357666 27.823184967041 28.0121040344238 28.2516632080078 29.0195636749268 29.7028160095215 30.031795501709 30.389928817749 30.8096046447754 31.1898937225342 31.5220413208008 31.8458633422852 32.1636199951172 32.4469146728516 32.7159385681152 32.9378089904785 33.1504096984863 33.3285102844238 33.5039520263672 33.6658706665039 33.8241424560547 33.9695816040039 34.1063194274902 34.2268943786621 34.3411712646484 34.4485893249512 34.5753974914551 34.7147560119629 34.8655853271484 35.0205345153809 35.1422576904297
32.2307319641113 32.078670501709 31.9105987548828 31.616735458374 31.3110313415527 31.0332164764404 30.7615909576416 30.5214443206787 30.2955932617188 30.1042594909668 29.9584655761719 29.8751926422119 29.7490177154541 29.5877380371094 29.5436878204346 29.5551681518555 29.5265789031982 29.4884166717529 29.5366611480713 29.6134395599365 30.0191192626953 30.3854999542236 30.5874118804932 30.8258190155029 31.1412754058838 31.4445400238037 31.7329006195068 32.0165557861328 32.2967796325684 32.5427703857422 32.7745895385742 32.9743804931641 33.1678771972656 33.3369140625 33.5040321350098 33.6612892150879 33.8147735595703 33.955005645752 34.086498260498 34.2017593383789 34.3081588745117 34.4048919677734 34.5161590576172 34.6368255615234 34.780029296875 34.9313278198242 35.0743370056152
32.5200996398926 32.4431304931641 32.3581314086914 32.2012023925781 32.0359573364258 31.8449878692627 31.6498928070068 31.43381690979 31.2195110321045 31.0094776153564 30.8600902557373 30.7939605712891 30.7424030303955 30.7027683258057 30.7050457000732 30.7271747589111 30.7126865386963 30.6894474029541 30.7050819396973 30.7316780090332 30.8789520263672 31.0208320617676 31.1401348114014 31.2928771972656 31.5162162780762 31.752477645874 32.0045394897461 32.2573356628418 32.5106773376465 32.7181091308594 32.9065322875977 33.0789337158203 33.2481880187988 33.4050254821777 33.560604095459 33.7083854675293 33.8526802062988 33.9846992492676 34.1072273254395 34.2121238708496 34.3074722290039 34.3924217224121 34.4858055114746 34.5846405029297 34.711856842041 34.8492736816406 34.99609375
32.8172645568848 32.794189453125 32.7679214477539 32.6861724853516 32.5969581604004 32.4595642089844 32.3154144287109 32.1368865966797 31.9534740447998 31.7582569122314 31.6198711395264 31.5595016479492 31.536470413208 31.5439853668213 31.5675849914551 31.598804473877 31.6100807189941 31.6165904998779 31.5969676971436 31.5779933929443 31.5945739746094 31.6192302703857 31.6776828765869 31.7684841156006 31.9275798797607 32.1099739074707 32.3208465576172 32.5384750366211 32.7610282897949 32.9424362182617 33.106803894043 33.2502403259277 33.3895606994629 33.5254020690918 33.661060333252 33.7962112426758 33.9287033081055 34.0518531799316 34.1648483276367 34.2589797973633 34.3430137634277 34.4160461425781 34.4936637878418 34.5742492675781 34.6844825744629 34.805362701416 34.945987701416
33.1182441711426 33.1386947631836 33.1592407226562 33.1224479675293 33.0777359008789 32.9776420593262 32.8719177246094 32.7375335693359 32.5944786071777 32.430477142334 32.3102340698242 32.2500610351562 32.2329978942871 32.2512016296387 32.2838897705078 32.3234367370605 32.3661880493164 32.4097023010254 32.3535270690918 32.2912368774414 32.2396240234375 32.1995544433594 32.2078018188477 32.2482719421387 32.3567695617676 32.4917259216309 32.6590156555176 32.8393630981445 33.0292167663574 33.190731048584 33.3405113220215 33.4542083740234 33.5608139038086 33.6713562011719 33.7829971313477 33.9039649963379 34.023380279541 34.137336730957 34.2405204772949 34.3236885070801 34.3962745666504 34.457332611084 34.5202255249023 34.5843162536621 34.6770706176758 34.7801208496094 34.9096488952637
33.4020690917969 33.4201354980469 33.439769744873 33.4177894592285 33.3900871276855 33.3229370117188 33.2523765563965 33.164436340332 33.0683670043945 32.9526710510254 32.8647041320801 32.8148002624512 32.7901802062988 32.7862396240234 32.7955055236816 32.8110237121582 32.8304328918457 32.8507766723633 32.7825813293457 32.7082405090332 32.6329765319824 32.572998046875 32.5769805908203 32.6100463867188 32.7044944763184 32.8241424560547 32.9745864868164 33.136360168457 33.3063888549805 33.4491004943848 33.5805015563965 33.6683197021484 33.7475700378418 33.8342552185059 33.9229850769043 34.028995513916 34.1348876953125 34.2403526306152 34.3359260559082 34.4131317138672 34.4782829284668 34.5303001403809 34.5824661254883 34.6347236633301 34.7123756408691 34.7991485595703 34.9110870361328
