Ecospace-environmental-drivers/Outputs/ASCII-for-ecospace/MOM6-ISIMIP3a/so-surf/1985-10_so-surf_MOM6-ISIMIP3a.asc
NCOLS 131 
NROWS 53 
XLLCORNER -98 
YLLCORNER 23.9265270233154 
CELLSIZE 0.133587792515755 
NODATA_value -9999 
[rows 21 to 41 of 53, columns 0 to 46 of 131]
-9999 -9999 -9999 -9999 -9999 -9999 34.7127456665039 34.7020111083984 34.6726112365723 34.6266708374023 34.5983428955078 34.5737419128418 34.551025390625 34.4833602905273 34.4371032714844 34.4155502319336 34.436840057373 34.4875564575195 34.5729026794434 34.6716270446777 34.7797241210938 34.889476776123 34.9140205383301 34.9331932067871 34.9231338500977 34.9030570983887 34.8505096435547 34.8049812316895 34.7716903686523 34.758373260498 34.7656059265137 34.7877731323242 34.819034576416 34.8599891662598 34.9041748046875 34.8924751281738 34.8728675842285 34.8268928527832 34.7804756164551 34.7312278747559 34.672477722168 34.5872764587402 34.5098342895508 34.4443778991699 34.4227981567383 34.4414901733398 34.4505233764648
-9999 -9999 -9999 -9999 -9999 -9999 34.7144470214844 34.7127456665039 34.691276550293 34.6597442626953 34.6266708374023 34.5946197509766 34.5722808837891 34.5691528320312 34.5841102600098 34.619930267334 34.6782302856445 34.7519683837891 34.8304824829102 34.9108352661133 35.0145301818848 35.1223449707031 35.1205062866211 35.1166381835938 35.1158599853516 35.107120513916 35.0725517272949 35.041072845459 35.0149841308594 35.0151519775391 35.0423393249512 35.0803070068359 35.1248397827148 35.1638145446777 35.2009391784668 35.1768341064453 35.1441192626953 35.0916557312012 35.0390434265137 34.9855041503906 34.9281845092773 34.8603439331055 34.8017463684082 34.7574348449707 34.7411193847656 34.7504959106445 34.7477340698242
-9999 -9999 -9999 -9999 34.795238494873 34.7412643432617 34.7161178588867 34.7144737243652 34.7127456665039 34.6698112487793 34.6297454833984 34.6006507873535 34.6037330627441 34.670482635498 34.7477874755859 34.8372650146484 34.9278297424316 35.0191421508789 35.0848503112793 35.1406707763672 35.2379188537598 35.342472076416 35.3170051574707 35.2928581237793 35.3034477233887 35.3080520629883 35.2932548522949 35.2771186828613 35.2586441040039 35.2718772888184 35.3177261352539 35.3697166442871 35.4254417419434 35.4594688415527 35.4862632751465 35.447868347168 35.4003791809082 35.3410339355469 35.2820205688477 35.2251091003418 35.1698913574219 35.119384765625 35.079532623291 35.0561485290527 35.0448837280273 35.0447387695312 35.0290679931641
-9999 -9999 -9999 -9999 34.9187088012695 34.804859161377 34.766414642334 34.7161178588867 34.7145576477051 34.6946792602539 34.6844215393066 34.7109603881836 34.7625846862793 34.8638343811035 34.9684104919434 35.0768165588379 35.1694679260254 35.251293182373 35.2922592163086 35.3174476623535 35.3847961425781 35.4595832824707 35.4381523132324 35.4187850952148 35.4341583251953 35.4467964172363 35.4505653381348 35.4517059326172 35.4482727050781 35.4719886779785 35.5236473083496 35.5787696838379 35.6360054016113 35.6605567932129 35.6742172241211 35.6287269592285 35.5750160217285 35.5146942138672 35.4560203552246 35.407829284668 35.360279083252 35.3145141601562 35.2770385742188 35.2523803710938 35.2349319458008 35.2241058349609 35.1974830627441
-9999 -9999 -9999 -9999 -9999 34.9187088012695 34.8181991577148 34.8167114257812 34.718132019043 34.7225761413574 34.7417755126953 34.8174667358398 34.9112205505371 35.0407066345215 35.1663589477539 35.2875900268555 35.3814392089844 35.456485748291 35.4805450439453 35.4849128723145 35.5273590087891 35.5765228271484 35.5601577758789 35.5461311340332 35.5635757446289 35.5811347961426 35.5990791320801 35.6141014099121 35.6240310668945 35.656322479248 35.7116203308105 35.768310546875 35.8258476257324 35.8451690673828 35.851749420166 35.8042259216309 35.7491836547852 35.6886215209961 35.6305274963379 35.5881233215332 35.5459632873535 35.5044898986816 35.4691352844238 35.4432258605957 35.4195404052734 35.3978958129883 35.3611831665039
-9999 -9999 -9999 -9999 -9999 34.9115982055664 34.9187088012695 34.8212661743164 34.7294502258301 34.7637329101562 34.8108863830566 34.9072952270508 35.015064239502 35.145320892334 35.2649040222168 35.3721733093262 35.4633407592773 35.5434494018555 35.5849571228027 35.6115684509277 35.651008605957 35.6927146911621 35.6859016418457 35.6796875 35.6873092651367 35.6961669921875 35.7090339660645 35.7230339050293 35.7389945983887 35.7714500427246 35.8208847045898 35.8722648620605 35.9248390197754 35.95751953125 35.9835624694824 35.9562034606934 35.9213027954102 35.8637199401855 35.807243347168 35.7577705383301 35.7110252380371 35.6718788146973 35.6374931335449 35.6104698181152 35.5802917480469 35.5472183227539 35.5042190551758
-9999 -9999 34.8922805786133 34.8954124450684 34.8997650146484 34.9044761657715 34.9116058349609 34.8272857666016 34.7494049072266 34.8034286499023 34.8692817687988 34.9804153442383 35.098331451416 35.229663848877 35.3458862304688 35.4446678161621 35.5344924926758 35.6181640625 35.6727142333984 35.7160224914551 35.7536010742188 35.7901725769043 35.7940101623535 35.7971115112305 35.8000450134277 35.8042526245117 35.8126029968262 35.8250999450684 35.8448333740234 35.876766204834 35.9212532043457 35.9675941467285 36.015064239502 36.0565452575684 36.0960273742676 36.0886421203613 36.074535369873 36.0257720947266 35.9765777587891 35.924617767334 35.8762130737305 35.8377113342285 35.8020477294922 35.7707672119141 35.734561920166 35.6938400268555 35.6474418640137
-9999.000000000000000 -9999 -9999 -9999 34.8819999694824 34.8950538635254 34.8907127380371 34.8365097045898 34.7882118225098 34.8399276733398 34.9042930603027 35.0170822143555 35.1366882324219 35.2697982788086 35.3885612487793 35.4907722473145 35.5821762084961 35.6661605834961 35.7241249084473 35.7720489501953 35.8102569580078 35.8467483520508 35.8636322021484 35.879337310791 35.8887825012207 35.8971862792969 35.9022254943848 35.9121971130371 35.9307708740234 35.9606666564941 36.0022163391113 36.0440902709961 36.0861625671387 36.1264991760254 36.166259765625 36.1784439086914 36.1865615844727 36.1593551635742 36.1298065185547 36.0853500366211 36.0416717529297 36.0001564025879 35.9583015441895 35.9159126281738 35.8747024536133 35.8345680236816 35.7910766601562
-9999 -9999 -9999 -9999 34.856143951416 34.8464698791504 34.858211517334 34.8435897827148 34.8325691223145 34.8800659179688 34.9406051635742 35.0510673522949 35.1694145202637 35.3033676147461 35.4259948730469 35.5355491638184 35.633918762207 35.724609375 35.7859268188477 35.8359031677246 35.8706169128418 35.9026374816895 35.9242935180664 35.9449729919434 35.9594116210938 35.9718627929688 35.9778785705566 35.9882736206055 36.0063209533691 36.0348472595215 36.0741577148438 36.1140975952148 36.154426574707 36.1943817138672 36.2342147827148 36.2592010498047 36.2819023132324 36.2712593078613 36.257453918457 36.223461151123 36.1877212524414 36.1471138000488 36.1034698486328 36.0551338195801 36.0104522705078 35.9691314697266 35.9282493591309
-9999 -9999 -9999 -9999 34.8366889953613 34.8269081115723 34.814826965332 34.8479690551758 34.8839149475098 34.9247856140137 34.9785537719727 35.0816764831543 35.1950454711914 35.328685760498 35.4568367004395 35.5786590576172 35.6907691955566 35.7962074279785 35.8607978820801 35.909610748291 35.9356460571289 35.9576644897461 35.9736785888672 35.9897346496582 36.0072593688965 36.0235710144043 36.035945892334 36.0504875183105 36.0688018798828 36.0967979431152 36.1347503662109 36.1759490966797 36.2191276550293 36.2596549987793 36.2992935180664 36.3285865783691 36.3562469482422 36.3558959960938 36.3529090881348 36.3331069946289 36.3093490600586 36.2745895385742 36.2347030639648 36.1868934631348 36.1406860351562 36.0959396362305 36.0572891235352
-9999 -9999 -9999 -9999 34.8269081115723 34.8122863769531 34.7951202392578 34.8647232055664 34.9350929260254 34.9715461730957 35.0204315185547 35.1169166564941 35.2271194458008 35.3644561767578 35.5001258850098 35.6338691711426 35.7575721740723 35.8743782043457 35.9412078857422 35.9887351989746 36.0053062438965 36.016414642334 36.025390625 36.0350952148438 36.0512237548828 36.0676078796387 36.0848045349121 36.1030082702637 36.1229820251465 36.1517677307129 36.1896209716797 36.232551574707 36.2785758972168 36.3213195800781 36.3629722595215 36.3947372436523 36.4249572753906 36.4301872253418 36.4331169128418 36.4214057922363 36.4045486450195 36.373363494873 36.3361968994141 36.2897872924805 36.2448616027832 36.2012977600098 36.1663551330566
-9999 -9999 -9999 -9999 34.8114395141602 34.7951202392578 34.8978309631348 34.8907508850098 34.9861488342285 35.019832611084 35.065258026123 35.1556282043457 35.2640190124512 35.4080696105957 35.5527496337891 35.6981620788574 35.831844329834 35.9574775695801 36.0257720947266 36.0719223022461 36.0784378051758 36.0779571533203 36.0788536071777 36.0808982849121 36.0922775268555 36.1058921813965 36.1267509460449 36.148265838623 36.1709289550781 36.2014999389648 36.2402076721191 36.2852210998535 36.3340835571289 36.3802833557129 36.4255981445312 36.4584655761719 36.489444732666 36.4967193603516 36.501895904541 36.4936981201172 36.4799194335938 36.450611114502 36.4153900146484 36.3710289001465 36.3294982910156 36.2905693054199 36.2604446411133
-9999 -9999 -9999 -9999 34.7951202392578 34.9442939758301 34.9994087219238 35.0407257080078 35.0378532409668 35.0770111083984 35.1266593933105 35.2164497375488 35.3289184570312 35.4862670898438 35.6422500610352 35.7966537475586 35.9312973022461 36.0523719787598 36.1109313964844 36.1453552246094 36.1428146362305 36.1337547302246 36.1295547485352 36.1267929077148 36.1351318359375 36.1466522216797 36.1684951782227 36.1917572021484 36.2174949645996 36.2505874633789 36.2912368774414 36.3382949829102 36.3892555236816 36.4359931945801 36.4813232421875 36.5123252868652 36.5411911010742 36.5483131408691 36.553352355957 36.5451164245605 36.5299949645996 36.4957084655762 36.456958770752 36.4113159179688 36.371452331543 36.3368911743164 36.3091087341309
-9999 -9999 -9999 -9999 -9999 35.0714836120605 35.0848121643066 35.0667533874512 35.0898323059082 35.1380004882812 35.1951599121094 35.2867431640625 35.4058151245117 35.5792922973633 35.7475547790527 35.9098014831543 36.0415382385254 36.1523170471191 36.1963500976562 36.2146034240723 36.203441619873 36.187084197998 36.179069519043 36.172721862793 36.1787528991699 36.1884727478027 36.2101516723633 36.234489440918 36.2634696960449 36.2993927001953 36.3424644470215 36.3915405273438 36.4442825317383 36.4903030395508 36.5340881347656 36.5619506835938 36.5874710083008 36.593505859375 36.5973892211914 36.587589263916 36.5692291259766 36.527027130127 36.4824066162109 36.4340476989746 36.3951072692871 36.3648071289062 36.3383026123047
-9999 -9999 -9999 -9999 -9999 35.137809753418 35.1302337646484 35.1469612121582 35.1482620239258 35.2045364379883 35.2695045471191 35.3677673339844 35.4898643493652 35.6591262817383 35.8269882202148 35.9932250976562 36.1209373474121 36.2221908569336 36.2591667175293 36.2713203430176 36.2560195922852 36.2358703613281 36.2279281616211 36.2217559814453 36.2281074523926 36.2380638122559 36.2596969604492 36.285026550293 36.3167953491211 36.3546333312988 36.3987159729004 36.4455642700195 36.4940986633301 36.5348091125488 36.5729103088379 36.5950736999512 36.6149101257324 36.617504119873 36.6178894042969 36.6041679382324 36.5812721252441 36.5328369140625 36.4837837219238 36.433765411377 36.3926277160645 36.3596343994141 36.3301277160645
-9999 -9999 -9999 -9999 -9999 35.201358795166 35.1983871459961 35.1769828796387 35.2080268859863 35.272216796875 35.3450584411621 35.4510078430176 35.5753898620605 35.7362365722656 35.9010696411133 36.070499420166 36.1939544677734 36.2858352661133 36.3173065185547 36.3254470825195 36.3069343566895 36.2837181091309 36.2766532897949 36.2714347839355 36.2786483764648 36.2892608642578 36.3108787536621 36.3371772766113 36.3716468811035 36.4112091064453 36.4560089111328 36.4997482299805 36.542839050293 36.5772819519043 36.6088447570801 36.6247825622559 36.6384506225586 36.6371231079102 36.6335182189941 36.6153831481934 36.5876884460449 36.5333709716797 36.4801750183105 36.4287223815918 36.3847351074219 36.3476104736328 36.3142204284668
-9999 -9999 -9999 -9999 -9999 -9999 35.2754516601562 35.2712173461914 35.2770080566406 35.3413887023926 35.4153900146484 35.5262298583984 35.655704498291 35.8220596313477 35.9853973388672 36.1452522277832 36.2548828125 36.3300285339355 36.3599967956543 36.3725280761719 36.3613052368164 36.3458938598633 36.3386840820312 36.3330459594727 36.3390617370605 36.3484420776367 36.3687286376953 36.3932723999023 36.4252510070801 36.4611206054688 36.5009994506836 36.5391578674316 36.5762672424316 36.6043281555176 36.6293754577637 36.6373023986816 36.6427726745605 36.6352233886719 36.6255035400391 36.6019821166992 36.570426940918 36.5165023803711 36.4625930786133 36.4087028503418 36.3616333007812 36.3208236694336 36.2849349975586
-9999 -9999 -9999 -9999 -9999 -9999 35.3568534851074 35.3781547546387 35.3477249145508 35.4120330810547 35.4870758056641 35.6031875610352 35.737663269043 35.9084739685059 36.0690689086914 36.217887878418 36.3132362365723 36.3718681335449 36.4004592895508 36.4174461364746 36.4141654968262 36.4073028564453 36.4004898071289 36.3949127197266 36.3996162414551 36.407600402832 36.4262237548828 36.4486503601074 36.4777069091797 36.5096168518066 36.5444602966309 36.576976776123 36.6080741882324 36.629638671875 36.648021697998 36.6480178833008 36.6453895568848 36.6315765380859 36.6156883239746 36.5865898132324 36.5510635375977 36.4976425170898 36.4431648254395 36.3870582580566 36.3371810913086 36.2930221557617 36.2551536560059
-9999 -9999 -9999 -9999 -9999 -9999 35.4775810241699 35.4211883544922 35.4325714111328 35.4977264404297 35.5756683349609 35.7025489807129 35.8396644592285 35.9970283508301 36.1408843994141 36.2691497802734 36.3498725891113 36.3979454040527 36.4244804382324 36.442699432373 36.4492073059082 36.4536476135254 36.4535713195801 36.4537544250488 36.4569320678711 36.4626770019531 36.476734161377 36.4944381713867 36.5185165405273 36.5461578369141 36.5774574279785 36.6048698425293 36.6299095153809 36.6438064575195 36.6539878845215 36.6476593017578 36.638973236084 36.6196060180664 36.5979537963867 36.5617485046387 36.5206336975098 36.4658584594727 36.410774230957 36.3552207946777 36.305591583252 36.2614059448242 36.2265014648438
-9999 -9999 -9999 -9999 -9999 35.7561912536621 35.6230316162109 35.6333999633789 35.5192527770996 35.5822868347168 35.6603164672852 35.7957611083984 35.9340591430664 36.0780029296875 36.2053756713867 36.3136215209961 36.3811950683594 36.4208374023438 36.4463195800781 36.4663352966309 36.4812927246094 36.4953575134277 36.5016174316406 36.5073547363281 36.5102043151855 36.5149154663086 36.5256805419922 36.5397987365723 36.5597686767578 36.5831489562988 36.610034942627 36.6315765380859 36.6498565673828 36.6563034057617 36.6588096618652 36.6466903686523 36.6324729919434 36.6077156066895 36.5805244445801 36.5378646850586 36.491569519043 36.4351692199707 36.3796272277832 36.3254165649414 36.2768287658691 36.2334022521973 36.2018547058105
-9999 -9999 -9999 -9999 36.0341644287109 35.8584442138672 35.7561912536621 35.6813430786133 35.6126747131348 35.6626892089844 35.7304992675781 35.8664360046387 36.0005836486816 36.1311874389648 36.2430229187012 36.3331909179688 36.3930358886719 36.4320487976074 36.460147857666 36.4840316772461 36.5025253295898 36.5200729370117 36.5311965942383 36.5417442321777 36.5486297607422 36.5567588806152 36.5689163208008 36.5835838317871 36.6026458740234 36.6218070983887 36.6410789489746 36.6539268493652 36.6628646850586 36.662670135498 36.6594314575195 36.6434707641602 36.6256675720215 36.5960998535156 36.5642051696777 36.5174980163574 36.4675331115723 36.4085006713867 36.3530349731445 36.3030815124512 36.2584266662598 36.2186317443848 36.1918983459473
