Ecospace-environmental-drivers/Outputs/ASCII-for-ecospace/MOM6-ISIMIP3a/so-surf/1986-06_so-surf_MOM6-ISIMIP3a.asc
NCOLS 131 
NROWS 53 
XLLCORNER -98 
YLLCORNER 23.9265270233154 
CELLSIZE 0.133587792515755 
NODATA_value -9999 
[rows 21 to 41 of 53, columns 0 to 46 of 131]
-9999 -9999 -9999 -9999 -9999 -9999 33.8758506774902 33.8730545043945 33.8616600036621 33.839241027832 33.7459335327148 33.6028442382812 33.6235656738281 33.6852836608887 33.7704696655273 33.8827247619629 33.9641380310059 34.0243721008301 34.0954971313477 34.1708297729492 34.2670249938965 34.3669013977051 34.442943572998 34.5156745910645 34.5651817321777 34.6113204956055 34.646541595459 34.6809577941895 34.7139663696289 34.7437591552734 34.7702445983887 34.7931632995605 34.8139152526855 34.8318939208984 34.848949432373 34.8654823303223 34.8819160461426 34.893913269043 34.9048538208008 34.9090881347656 34.9117126464844 34.9098625183105 34.9118270874023 34.9196929931641 34.9419136047363 34.9773063659668 35.0161819458008
-9999 -9999 -9999 -9999 -9999 -9999 33.8768577575684 33.8758506774902 33.8702545166016 33.8612861633301 33.839241027832 33.795711517334 33.7935218811035 33.8731384277344 33.9651222229004 34.0713768005371 34.1528091430664 34.2171974182129 34.2774505615234 34.3361015319824 34.3990020751953 34.462646484375 34.5126724243164 34.5604782104492 34.5922660827637 34.6233367919922 34.6520843505859 34.6814270019531 34.7118072509766 34.740234375 34.766658782959 34.791820526123 34.8162040710449 34.8407363891602 34.8653144836426 34.8929100036621 34.9209289550781 34.9500160217285 34.9785079956055 35.0031967163086 35.0260734558105 35.0438842773438 35.0608444213867 35.0764846801758 35.0986976623535 35.1269454956055 35.1592407226562
-9999 -9999 -9999 -9999 33.830867767334 33.8627662658691 33.8767318725586 33.877986907959 33.8758506774902 33.8646583557129 33.8653984069824 33.9118232727051 33.9727249145508 34.0622749328613 34.1546974182129 34.2504348754883 34.328010559082 34.3931198120117 34.4419937133789 34.4846000671387 34.5188789367676 34.551685333252 34.5802803039551 34.6073532104492 34.6225395202637 34.6393890380859 34.6616401672363 34.6857070922852 34.7129440307617 34.7396011352539 34.7656555175781 34.7928314208984 34.820686340332 34.8515968322754 34.8835258483887 34.9215126037598 34.960376739502 35.0049514770508 35.0492935180664 35.0921401977539 35.1333045959473 35.1697959899902 35.2012977600098 35.2250938415527 35.248176574707 35.2706031799316 35.2967529296875
-9999 -9999 -9999 -9999 33.757511138916 33.8264617919922 33.8488006591797 33.8767318725586 33.8813781738281 33.9405326843262 34.000675201416 34.064624786377 34.1366195678711 34.2245330810547 34.3125228881836 34.4005966186523 34.4728851318359 34.5343322753906 34.5862922668457 34.6345863342285 34.667121887207 34.6968727111816 34.7296180725098 34.7594757080078 34.7647361755371 34.7713813781738 34.7825202941895 34.794116973877 34.8065185546875 34.8217506408691 34.839900970459 34.8659896850586 34.8969116210938 34.9360847473145 34.9780120849609 35.030517578125 35.084545135498 35.146671295166 35.2076683044434 35.2614860534668 35.3139801025391 35.3628044128418 35.4042549133301 35.4343223571777 35.4604721069336 35.4830284118652 35.506721496582
-9999 -9999 -9999 -9999 -9999 33.757511138916 33.822811126709 33.8208656311035 33.8916053771973 34.009838104248 34.1212768554688 34.2067222595215 34.2950897216797 34.3892440795898 34.4801177978516 34.5672035217285 34.6393966674805 34.7013549804688 34.7576103210449 34.8116607666016 34.8432235717773 34.8708190917969 34.906063079834 34.9371376037598 34.9320335388184 34.9270858764648 34.9226341247559 34.9181442260742 34.9135818481445 34.9157600402832 34.9248733520508 34.949348449707 34.9831809997559 35.0307960510254 35.0830078125 35.1497421264648 35.2185592651367 35.2981414794922 35.3755912780762 35.4394798278809 35.5023574829102 35.5624198913574 35.6129760742188 35.6488418579102 35.6779518127441 35.7008590698242 35.7225914001465
-9999 -9999 -9999 -9999 -9999 33.7663688659668 33.757511138916 33.8361320495605 33.9224395751953 34.0503463745117 34.1775207519531 34.301872253418 34.4297828674316 34.5647277832031 34.6905708312988 34.8059158325195 34.9007682800293 34.9815444946289 35.0474014282227 35.107494354248 35.141487121582 35.1708755493164 35.2013816833496 35.2267799377441 35.2093811035156 35.1867408752441 35.1470947265625 35.1106452941895 35.0797843933105 35.0617370605469 35.0568733215332 35.0774345397949 35.1134834289551 35.1703262329102 35.2341003417969 35.3137626647949 35.3957252502441 35.4923629760742 35.585391998291 35.6554183959961 35.7245140075684 35.7910118103027 35.8469543457031 35.8865699768066 35.9181632995605 35.9423980712891 35.9643363952637
-9999 -9999 33.7916374206543 33.7873077392578 33.7811012268066 33.7752342224121 33.766357421875 33.8629875183105 33.9679641723633 34.1056823730469 34.2490653991699 34.414119720459 34.5814018249512 34.7530975341797 34.9087295532227 35.0458183288574 35.1624450683594 35.2650184631348 35.3417739868164 35.4085578918457 35.4487533569336 35.4842529296875 35.5037384033203 35.517333984375 35.4848213195801 35.4436111450195 35.3742141723633 35.3091163635254 35.2515106201172 35.2123985290527 35.1923217773438 35.2075347900391 35.2442398071289 35.3076057434082 35.3798561096191 35.4696846008301 35.5620613098145 35.6712417602539 35.7758255004883 35.8511352539062 35.9243278503418 35.991641998291 36.0487060546875 36.089916229248 36.1227569580078 36.1479148864746 36.1693344116211
-9999.000000000000000 -9999 -9999 -9999 33.805591583252 33.7869682312012 33.7923774719238 33.9151344299316 34.0455551147461 34.1933708190918 34.3539962768555 34.5636520385742 34.7699508666992 34.9696006774902 35.1437034606934 35.2883262634277 35.4247932434082 35.5556564331055 35.6461372375488 35.7210311889648 35.7756538391113 35.8266983032227 35.8214416503906 35.8098793029785 35.7560844421387 35.6944046020508 35.6071510314941 35.5206031799316 35.4352874755859 35.373291015625 35.3352890014648 35.3420143127441 35.3759803771973 35.4399681091309 35.5139617919922 35.6079330444336 35.7047729492188 35.8166389465332 35.9240074157715 36.0027275085449 36.0754051208496 36.1312599182129 36.1801452636719 36.2182540893555 36.2496299743652 36.2748222351074 36.2941513061523
-9999 -9999 -9999 -9999 33.8416061401367 33.8545761108398 33.8373565673828 33.9877166748047 34.1470718383789 34.3084831237793 34.4855461120605 34.7225341796875 34.9515686035156 35.1648635864258 35.3484649658203 35.497802734375 35.6485214233398 35.8001899719238 35.9011878967285 35.9826202392578 36.0422477722168 36.0980224609375 36.0823249816895 36.0599708557129 35.9951515197754 35.9227294921875 35.8256416320801 35.7255401611328 35.6201820373535 35.5384864807129 35.4811401367188 35.4746551513672 35.4991493225098 35.5554504394531 35.6223487854004 35.7130393981934 35.8071441650391 35.9190940856934 36.0272483825684 36.1112403869629 36.1864814758301 36.2373657226562 36.2819061279297 36.316650390625 36.3450012207031 36.3674812316895 36.3832321166992
-9999 -9999 -9999 -9999 33.8689270019531 33.8832778930664 33.9009971618652 34.086009979248 34.2786903381348 34.4580955505371 34.6505851745605 34.8931732177734 35.1244697570801 35.3334121704102 35.5152206420898 35.6657180786133 35.8236656188965 35.9867324829102 36.0942001342773 36.1801948547363 36.2329635620117 36.2798690795898 36.2717323303223 36.256649017334 36.1937141418457 36.1227912902832 36.0259628295898 35.9222373962402 35.8064804077148 35.7090950012207 35.6306190490723 35.60498046875 35.6115379333496 35.6496925354004 35.6983833312988 35.7764472961426 35.8587646484375 35.9675254821777 36.0739555358887 36.1655502319336 36.2472305297852 36.3013076782227 36.3463363647461 36.3773803710938 36.4007415771484 36.4170532226562 36.4273452758789
-9999 -9999 -9999 -9999 33.8832778930664 33.904727935791 33.9299049377441 34.1693305969238 34.4170265197754 34.6139831542969 34.8189010620117 35.0543212890625 35.2819061279297 35.4939994812012 35.679141998291 35.833179473877 35.9883232116699 36.1442260742188 36.2449760437012 36.3244323730469 36.3657608032227 36.4003562927246 36.3962440490723 36.3862037658691 36.333812713623 36.2728309631348 36.1839942932129 36.0849990844727 35.9682807922363 35.8647880554199 35.7749061584473 35.7349281311035 35.7253456115723 35.7469062805176 35.7788391113281 35.8430824279785 35.9120445251465 36.0165061950684 36.1197204589844 36.214973449707 36.2990417480469 36.351978302002 36.3944358825684 36.4206962585449 36.4395217895508 36.4515151977539 36.4593544006348
-9999 -9999 -9999 -9999 33.9059715270996 33.9299049377441 34.269359588623 34.2414245605469 34.5603981018066 34.7745742797852 34.9896812438965 35.2083435058594 35.4277496337891 35.6486206054688 35.840934753418 36.0002975463867 36.1451110839844 36.2799301147461 36.3640823364258 36.4286651611328 36.4551124572754 36.4748268127441 36.4720878601074 36.4654159545898 36.4300651550293 36.3853569030762 36.3103103637695 36.2223091125488 36.1117095947266 36.0092964172363 35.9153060913086 35.8645858764648 35.8402252197266 35.8463401794434 35.8626136779785 35.9121322631836 35.9665718078613 36.0659027099609 36.1647796630859 36.2607307434082 36.3441543579102 36.392692565918 36.4302825927734 36.4509506225586 36.465576171875 36.4746513366699 36.4822845458984
-9999 -9999 -9999 -9999 33.9299049377441 34.4269371032715 34.6028823852539 34.7367744445801 34.7330665588379 34.9584846496582 35.1806335449219 35.3902778625488 35.6026992797852 35.8206176757812 36.0077590942383 36.1593894958496 36.2823867797852 36.3857192993164 36.4470062255859 36.4920539855957 36.5082969665527 36.519458770752 36.5178451538086 36.5135307312012 36.489070892334 36.4557991027832 36.3939666748047 36.318675994873 36.2198944091797 36.1250877380371 36.034366607666 35.979061126709 35.9453277587891 35.9397506713867 35.9435539245605 35.9788246154785 36.0188102722168 36.1094436645508 36.200553894043 36.2947044372559 36.376049041748 36.421745300293 36.4567909240723 36.4753799438477 36.4886131286621 36.4969367980957 36.5043258666992
-9999 -9999 -9999 -9999 -9999 34.8645133972168 34.9055976867676 34.830451965332 34.9182891845703 35.1523818969727 35.3802299499512 35.5841674804688 35.7901229858398 36.0000648498535 36.1767425537109 36.3150405883789 36.4112968444824 36.478687286377 36.5144195556641 36.5379333496094 36.5459823608398 36.5513076782227 36.5507049560547 36.5483169555664 36.5321083068848 36.5082054138184 36.4593391418457 36.3974876403809 36.3129768371582 36.228572845459 36.1442794799805 36.087028503418 36.0462455749512 36.030574798584 36.0232772827148 36.044506072998 36.0700721740723 36.1504745483398 36.2323570251465 36.3236274719238 36.4022750854492 36.4457931518555 36.4792938232422 36.4973068237305 36.5103607177734 36.518856048584 36.5259819030762
-9999 -9999 -9999 -9999 -9999 35.1124000549316 35.0850601196289 35.1495704650879 35.1530990600586 35.3641319274902 35.5717926025391 35.7665367126465 35.9574661254883 36.1408576965332 36.2900161743164 36.3996734619141 36.4714622497559 36.5172462463379 36.5427360534668 36.5603904724121 36.5688629150391 36.5757141113281 36.5762252807617 36.5752372741699 36.562915802002 36.5440559387207 36.5039901733398 36.4510955810547 36.3758087158203 36.2997398376465 36.2228546142578 36.1671981811523 36.1244735717773 36.1037902832031 36.0904579162598 36.1043663024902 36.1224250793457 36.1943092346191 36.2678489685059 36.3519020080566 36.4244499206543 36.4649772644043 36.497013092041 36.515926361084 36.5301856994629 36.5401763916016 36.5476989746094
-9999 -9999 -9999 -9999 -9999 35.3443336486816 35.3465461730957 35.2751579284668 35.3981704711914 35.5795745849609 35.7616920471191 35.9465179443359 36.1206588745117 36.2736587524414 36.3917655944824 36.469612121582 36.5174026489258 36.544548034668 36.5629615783691 36.5779991149902 36.5886764526367 36.5985832214355 36.6002235412598 36.6005249023438 36.5911865234375 36.5764808654785 36.5443534851074 36.4994850158691 36.4323844909668 36.3642158508301 36.2949485778809 36.2416191101074 36.1980056762695 36.1733627319336 36.1550445556641 36.1630210876465 36.1750030517578 36.2387237548828 36.3041038513184 36.3800392150879 36.4457855224609 36.483154296875 36.5137481689453 36.5338592529297 36.5496139526367 36.5613746643066 36.5694274902344
-9999 -9999 -9999 -9999 -9999 -9999 35.6013984680176 35.6149063110352 35.6282119750977 35.7662582397461 35.9095077514648 36.0726623535156 36.2224159240723 36.345645904541 36.4387245178223 36.4970054626465 36.5350723266602 36.559253692627 36.5782089233398 36.595142364502 36.6064605712891 36.6167907714844 36.6183586120605 36.6187400817871 36.6107864379883 36.5985908508301 36.5726318359375 36.5347175598145 36.4759407043457 36.4127502441406 36.3450164794922 36.2921485900879 36.2483367919922 36.223747253418 36.20556640625 36.2128067016602 36.2239036560059 36.2825012207031 36.3419952392578 36.4072189331055 36.4639167785645 36.4968719482422 36.5248146057129 36.5450172424316 36.5619506835938 36.5758857727051 36.5857849121094
-9999 -9999 -9999 -9999 -9999 -9999 35.8425407409668 35.9141273498535 35.8520317077637 35.9480056762695 36.0531425476074 36.1933784484863 36.3180999755859 36.4121284484863 36.4812355041504 36.5215911865234 36.5512199401855 36.5734748840332 36.593318939209 36.6122283935547 36.6239776611328 36.6344604492188 36.635814666748 36.6361122131348 36.6292915344238 36.6193237304688 36.5991592407227 36.5679740905762 36.5175514221191 36.4594535827637 36.3934555053711 36.3411712646484 36.297233581543 36.2729072570801 36.2551155090332 36.2619819641113 36.2725639343262 36.3261604309082 36.3798751831055 36.4343490600586 36.4819183349609 36.5102691650391 36.5353469848633 36.5553665161133 36.5732460021973 36.5891571044922 36.6008834838867
-9999 -9999 -9999 -9999 -9999 -9999 36.0737075805664 35.9985885620117 36.0167007446289 36.0907936096191 36.1722450256348 36.2818450927734 36.3783340454102 36.4488868713379 36.5025100708008 36.5365943908691 36.564640045166 36.5885391235352 36.6093406677246 36.6289520263672 36.6395874023438 36.6486434936523 36.6487693786621 36.647891998291 36.6402359008789 36.6302680969238 36.6128044128418 36.5864715576172 36.5446739196777 36.4942665100098 36.435001373291 36.3854866027832 36.341911315918 36.3181648254395 36.3010215759277 36.3088531494141 36.3204040527344 36.3688583374023 36.4167823791504 36.4613723754883 36.5000839233398 36.5224342346191 36.5428657531738 36.5603408813477 36.5768280029297 36.5924110412598 36.6050910949707
-9999 -9999 -9999 -9999 -9999 36.4531936645508 36.2827644348145 36.308406829834 36.1721153259277 36.2248229980469 36.2831535339355 36.3629951477051 36.4326782226562 36.4822578430176 36.5223693847656 36.5515556335449 36.57861328125 36.6042137145996 36.6255798339844 36.6453132629395 36.6544914245605 36.6618041992188 36.6605110168457 36.6582641601562 36.6496925354004 36.639575958252 36.624454498291 36.6025390625 36.5687599182129 36.5259399414062 36.4738082885742 36.4282264709473 36.3866348266602 36.3639640808105 36.347599029541 36.3559074401855 36.367847442627 36.4104385375977 36.4520072937012 36.487060546875 36.5172500610352 36.5339012145996 36.5497856140137 36.5644950866699 36.5793762207031 36.5944137573242 36.6077766418457
-9999 -9999 -9999 -9999 36.5079307556152 36.4749412536621 36.4531936645508 36.3708648681641 36.2936096191406 36.326732635498 36.3640289306641 36.4173126220703 36.4654006958008 36.5032005310059 36.5370597839355 36.5663681030273 36.5946159362793 36.6221351623535 36.6426086425781 36.6603584289551 36.6667976379395 36.6712379455566 36.6677856445312 36.6634941101074 36.6536827087402 36.6428642272949 36.6288070678711 36.6096839904785 36.581714630127 36.546085357666 36.502571105957 36.4651794433594 36.431510925293 36.4117622375488 36.3966484069824 36.4036254882812 36.4138259887695 36.4479331970215 36.4810485839844 36.5078506469727 36.5307540893555 36.5428047180176 36.554500579834 36.5656433105469 36.5781288146973 36.5918426513672 36.6048774719238
