Ecospace-environmental-drivers/Outputs/ASCII-for-ecospace/MOM6-ISIMIP3a/so-surf/1987-08_so-surf_MOM6-ISIMIP3a.asc
NCOLS 131 
NROWS 53 
XLLCORNER -98 
YLLCORNER 23.9265270233154 
CELLSIZE 0.133587792515755 
NODATA_value -9999 
[rows 0 to 20 of 53, columns 47 to 93 of 131]
-9999 -9999 -9999 -9999 -9999 -9999 -9999 -9999 -9999 -9999 -9999 -9999 -9999 -9999 -9999 -9999 -9999 -9999 -9999 -9999 -9999 -9999 -9999 -9999 -9999 -9999 -9999 -9999 -9999 -9999 -9999 -9999 -9999 -9999 -9999 -9999 -9999 -9999 -9999 -9999 -9999 -9999 -9999 -9999 -9999 -9999 -9999
-9999 -9999 -9999 -9999 -9999 -9999 -9999 -9999 -9999 -9999 -9999 -9999 -9999 -9999 -9999 -9999 -9999 -9999 -9999 -9999 -9999 -9999 -9999 -9999 -9999 -9999 -9999 -9999 -9999 -9999 -9999 -9999 -9999 -9999 -9999 -9999 -9999 -9999 -9999 -9999 -9999 -9999 -9999 -9999 -9999 -9999 -9999
-9999 -9999 -9999 -9999 -9999 -9999 -9999 -9999 -9999 -9999 -9999 -9999 -9999 -9999 -9999 -9999 -9999 -9999 -9999 -9999 -9999 -9999 -9999 -9999 -9999 -9999 -9999 30.2664470672607 30.8440437316895 -9999 -9999 -9999 -9999 -9999 -9999 -9999 -9999 -9999 -9999 -9999 -9999 -9999 -9999 -9999 -9999 -9999 -9999
-9999 -9999 -9999 -9999 -9999 -9999 -9999 -9999 -9999 -9999 -9999 -9999 -9999 -9999 -9999 -9999 -9999 -9999 -9999 -9999 -9999 -9999 -9999 -9999 -9999 -9999 -9999 30.2809104919434 30.8533153533936 -9999 -9999 -9999 -9999 -9999 -9999 -9999 -9999 -9999 -9999 -9999 -9999 -9999 -9999 -9999 -9999 -9999 -9999
-9999 -9999 -9999 -9999 -9999 -9999 -9999 -9999 -9999 -9999 -9999 -9999 -9999 -9999 -9999 -9999 -9999 -9999 24.3169956207275 24.4791946411133 24.6089534759521 25.3658714294434 26.0529308319092 27.2795696258545 28.2567443847656 29.0150394439697 29.686882019043 30.2934341430664 30.8624153137207 31.4040927886963 -9999 -9999 32.9058723449707 33.3111801147461 33.6072654724121 33.8402290344238 34.0033302307129 34.1451644897461 34.263370513916 34.3656349182129 34.4485549926758 34.4955368041992 -9999 -9999 -9999 -9999 -9999
-9999 -9999 -9999 -9999 -9999 -9999 -9999 -9999 -9999 -9999 -9999 -9999 -9999 -9999 21.1896152496338 -9999 20.9890613555908 20.8286819458008 22.5663356781006 24.3169956207275 24.5116348266602 24.6089534759521 26.1227893829346 27.4270477294922 28.2888736724854 29.0543098449707 29.7019348144531 30.3043994903564 30.8739700317383 31.408878326416 31.9294319152832 32.4433364868164 32.9559288024902 33.3183555603027 33.6592559814453 33.8441848754883 34.0172462463379 34.1485633850098 34.2696838378906 34.3718681335449 34.4553489685059 34.5184516906738 34.5128059387207 34.4626846313477 -9999 -9999 -9999
-9999 -9999 -9999 -9999 -9999 -9999 -9999 -9999 -9999 -9999 23.5539665222168 23.5350189208984 23.5200500488281 23.4763298034668 22.320951461792 21.2181816101074 21.1610488891602 20.9774513244629 20.8286819458008 22.5533313751221 24.3169956207275 24.6089534759521 26.1227893829346 27.4270477294922 28.2888736724854 29.0543098449707 29.7019348144531 30.3043994903564 30.8739700317383 31.408878326416 31.9294319152832 32.4433364868164 32.9559288024902 33.3183555603027 33.6592559814453 33.8441848754883 34.0172462463379 34.1485633850098 34.2696838378906 34.3718681335449 34.4553489685059 34.5184516906738 34.5128059387207 34.4626846313477 34.4494361877441 34.4757385253906 -9999
-9999 -9999 -9999 -9999 -9999 -9999 -9999 -9999 -9999 -9999 23.655553817749 23.5539665222168 23.5160713195801 -9999 23.4228076934814 22.3126068115234 21.2753143310547 21.1610488891602 20.9426231384277 20.8286819458008 22.5143146514893 24.1655387878418 25.6727485656738 26.9825687408447 27.8756847381592 28.6699810028076 29.3435020446777 29.9693202972412 30.5603942871094 31.1185188293457 31.6629981994629 32.1919059753418 32.7177505493164 33.1102104187012 33.4826889038086 33.7082252502441 33.9185104370117 34.0751647949219 34.2203330993652 34.3441772460938 34.4453353881836 34.5217742919922 34.5350112915039 34.5073585510254 34.4934043884277 34.4843711853027 34.5046310424805
-9999 -9999 -9999 -9999 -9999 -9999 -9999 -9999 -9999 -9999 -9999 -9999 -9999 -9999 23.4381923675537 23.3520526885986 22.3364200592041 21.3895797729492 21.1610488891602 20.8381404876709 22.2647266387939 23.7046394348145 25.2003326416016 26.5126819610596 27.4379749298096 28.2622585296631 28.9630928039551 29.6137599945068 30.2278919219971 30.8107395172119 31.3806324005127 31.9246997833252 32.4636917114258 32.8874168395996 33.2929153442383 33.5620384216309 33.8123931884766 33.996768951416 34.1682777404785 34.3158874511719 34.4361572265625 34.5266418457031 34.5600624084473 34.556568145752 34.5276145935059 34.4895172119141 34.5084037780762
31.0201396942139 -9999 -9999 -9999 -9999 -9999 -9999 -9999 -9999 -9999 26.6643104553223 23.7596817016602 -9999 -9999 -9999 23.3582210540771 23.2955513000488 22.4777030944824 21.6181125640869 21.7431755065918 23.0283813476562 24.32470703125 25.6675720214844 26.8582611083984 27.7276935577393 28.5112075805664 29.1897106170654 29.8278656005859 30.4366302490234 31.0077648162842 31.5633144378662 32.0711402893066 32.5695877075195 32.9531364440918 33.3213882446289 33.5817794799805 33.8282699584961 34.0258636474609 34.2107009887695 34.3718452453613 34.4933052062988 34.571533203125 34.5980644226074 34.5911483764648 34.5645713806152 34.5309295654297 34.5310134887695
30.8980503082275 30.8800277709961 -9999 -9999 -9999 -9999 -9999 -9999 -9999 -9999 28.1204090118408 26.454273223877 23.7596817016602 -9999 -9999 23.2508106231689 23.2698860168457 23.3659553527832 22.9735126495361 22.6501274108887 23.820333480835 24.9925594329834 26.173246383667 27.2336082458496 28.0399627685547 28.7819919586182 29.445405960083 30.0768508911133 30.6850109100342 31.2431583404541 31.7805957794189 32.2460594177246 32.6973724365234 33.0351066589355 33.3606948852539 33.6087455749512 33.8479232788086 34.0559120178223 34.2515525817871 34.4242553710938 34.5470771789551 34.6155433654785 34.6372718811035 34.6287536621094 34.6040115356445 34.5734443664551 34.5571975708008
30.8980503082275 30.8439826965332 30.5637149810791 30.1688442230225 -9999 -9999 -9999 -9999 -9999 -9999 -9999 27.8278312683105 25.9860954284668 23.7596817016602 23.5539665222168 23.2508106231689 23.2698860168457 23.3659553527832 23.4312763214111 23.5673561096191 24.7640609741211 25.9167251586914 26.8850784301758 27.7686367034912 28.4731864929199 29.1699085235596 29.857063293457 30.5129337310791 31.1460132598877 31.6843585968018 32.1834716796875 32.5737190246582 32.9425621032715 33.2042503356934 33.4581260681152 33.6744499206543 33.8878631591797 34.0910720825195 34.2839508056641 34.4576454162598 34.5827255249023 34.6548385620117 34.682933807373 34.6825485229492 34.6567764282227 34.6218910217285 34.6025466918945
30.9348373413086 30.7213249206543 30.5161514282227 30.1734027862549 -9999 -9999 -9999 -9999 28.3464984893799 28.2856197357178 28.2376022338867 28.207239151001 27.0386543273926 24.9388065338135 24.0610313415527 23.7621250152588 23.7518692016602 23.810583114624 24.1490459442139 24.5574893951416 25.7047748565674 26.780668258667 27.5577754974365 28.2784061431885 28.8798084259033 29.5179538726807 30.2010059356689 30.8594837188721 31.5000591278076 32.0208206176758 32.4919662475586 32.8254280090332 33.1318244934082 33.3351020812988 33.5334014892578 33.720386505127 33.9097633361816 34.1075477600098 34.2957344055176 34.4660949707031 34.5945510864258 34.6773490905762 34.7188262939453 34.7335662841797 34.7129859924316 34.6797180175781 34.6566581726074
31.0635929107666 30.7971248626709 30.5225925445557 30.1734027862549 29.8169803619385 29.4715480804443 29.1110095977783 28.6736221313477 28.3464984893799 28.2856197357178 28.2376022338867 28.207239151001 27.5572757720947 26.4003715515137 25.8357791900635 25.5517501831055 25.4388332366943 25.3667984008789 25.5168380737305 25.7298851013184 26.6379566192627 27.4940547943115 28.1326370239258 28.7250308990479 29.2199172973633 29.7663097381592 30.3756542205811 30.98219871521 31.5867023468018 32.0954360961914 32.5645027160645 32.8872604370117 33.1812515258789 33.3702049255371 33.553279876709 33.7169151306152 33.8865585327148 34.077320098877 34.255989074707 34.4121971130371 34.5468063354492 34.657886505127 34.730281829834 34.7776412963867 34.7777976989746 34.7609977722168 34.7326736450195
31.2910594940186 31.0080642700195 30.7068881988525 30.3613777160645 30.0124454498291 29.6936664581299 29.3685398101807 29.0111312866211 28.7431640625 28.6911640167236 28.6674861907959 28.682689666748 28.40380859375 27.884313583374 27.5417652130127 27.2830295562744 27.1113567352295 26.960485458374 26.9693603515625 27.0289039611816 27.6662158966064 28.2737197875977 28.7564792633057 29.2108001708984 29.6050872802734 30.0592594146729 30.5866222381592 31.126989364624 31.6768264770508 32.158130645752 32.6110458374023 32.9260482788086 33.2139358520508 33.388786315918 33.5573692321777 33.705623626709 33.8611030578613 34.0419731140137 34.2106857299805 34.3568305969238 34.4969749450684 34.6305770874023 34.7310447692871 34.8100662231445 34.8324203491211 34.8344192504883 34.8094329833984
31.6580848693848 31.4100704193115 31.1426391601562 30.8151111602783 30.4842624664307 30.2298183441162 29.9901733398438 29.8258209228516 29.7006454467773 29.6700744628906 29.7051486968994 29.8303413391113 29.7139472961426 29.3998966217041 29.1505336761475 28.9318161010742 28.7634658813477 28.6071491241455 28.5416736602783 28.5069446563721 28.8288955688477 29.1470909118652 29.4495716094971 29.7519149780273 30.0539646148682 30.4152526855469 30.8489360809326 31.3029880523682 31.7718715667725 32.203971862793 32.6208419799805 32.932258605957 33.2229423522949 33.3839988708496 33.5391311645508 33.6832733154297 33.832462310791 33.999382019043 34.1575317382812 34.2993927001953 34.4441833496094 34.592170715332 34.7166862487793 34.8260154724121 34.8726348876953 34.896728515625 34.8872451782227
31.9444141387939 31.7555522918701 31.5523929595947 31.2980728149414 31.040901184082 30.8481407165527 30.6725883483887 30.5845832824707 30.5108470916748 30.4715671539307 30.507345199585 30.646167755127 30.607608795166 30.4239253997803 30.2466411590576 30.0723915100098 29.9358882904053 29.8084030151367 29.7275619506836 29.662633895874 29.7827053070068 29.9136047363281 30.0898189544678 30.2848510742188 30.5196094512939 30.8113117218018 31.1726093292236 31.5552673339844 31.9534816741943 32.3289260864258 32.6949424743652 32.9789199829102 33.2467727661133 33.3938293457031 33.5361213684082 33.6755599975586 33.8190803527832 33.9769630432129 34.1295852661133 34.2724456787109 34.4223136901855 34.5798187255859 34.717658996582 34.8427772521973 34.9042930603027 34.9429626464844 34.9478950500488
32.1627883911133 32.0534362792969 31.9402542114258 31.8056468963623 31.6689701080322 31.5356597900391 31.4061889648438 31.2962493896484 31.1970195770264 31.123649597168 31.1112499237061 31.1825580596924 31.1505470275879 31.034008026123 30.9110260009766 30.7849922180176 30.7043571472168 30.6345691680908 30.5880317687988 30.5468654632568 30.5606212615967 30.5901279449463 30.6855640411377 30.8109035491943 30.9993724822998 31.2411098480225 31.5479507446289 31.8717823028564 32.2079925537109 32.5205001831055 32.8231925964355 33.0596504211426 33.283088684082 33.4159698486328 33.5459365844727 33.6801681518555 33.8185539245605 33.9715270996094 34.1228675842285 34.2711753845215 34.4264793395996 34.5894088745117 34.7315406799316 34.8602142333984 34.9287376403809 34.9756546020508 34.9940948486328
32.4271697998047 32.3584938049316 32.2901611328125 32.2121238708496 32.1327209472656 32.0433654785156 31.9536838531494 31.8623313903809 31.7768688201904 31.7056217193604 31.6742649078369 31.6976699829102 31.6582984924316 31.5675640106201 31.4650821685791 31.3570384979248 31.3001747131348 31.2555408477783 31.2301902770996 31.2061252593994 31.1814613342285 31.1702079772949 31.2150688171387 31.291296005249 31.4337348937988 31.633207321167 31.9023838043213 32.1887168884277 32.4875450134277 32.7487564086914 32.9943923950195 33.1791114807129 33.3518562316895 33.469841003418 33.587085723877 33.716911315918 33.8511772155762 34.0010681152344 34.1525650024414 34.3070526123047 34.4660682678223 34.6300201416016 34.7683982849121 34.8902282714844 34.955867767334 35.0013198852539 35.0225028991699
32.7140655517578 32.667064666748 32.6214904785156 32.5691223144531 32.5160636901855 32.463077545166 32.4101028442383 32.3571701049805 32.3046836853027 32.2532844543457 32.2172660827637 32.2023735046387 32.1488304138184 32.0636711120605 31.9651508331299 31.8603019714355 31.811502456665 31.7760963439941 31.7655143737793 31.7552909851074 31.725435256958 31.703088760376 31.712158203125 31.7493419647217 31.8458786010742 32.0068511962891 32.24658203125 32.5058517456055 32.779354095459 32.9949684143066 33.1866111755371 33.3175277709961 33.4365043640137 33.5392379760742 33.6435699462891 33.7693748474121 33.9000282287598 34.047721862793 34.2000846862793 34.3611030578613 34.5229873657227 34.6858100891113 34.8164978027344 34.9263916015625 34.984302520752 35.0235443115234 35.0422096252441
33.1480026245117 33.1107902526855 33.0740661621094 33.0293312072754 32.9839744567871 32.9438743591309 32.9050674438477 32.8728332519531 32.8414840698242 32.8122673034668 32.785945892334 32.7635917663574 32.7183418273926 32.654354095459 32.5678367614746 32.4706497192383 32.4114875793457 32.3614120483398 32.3418960571289 32.3232116699219 32.2860527038574 32.2509803771973 32.2246246337891 32.2187461853027 32.2560882568359 32.356128692627 32.5327949523926 32.7528533935547 33.0045204162598 33.1903686523438 33.3489608764648 33.4419326782227 33.5219993591309 33.6161270141602 33.713737487793 33.8403205871582 33.9714775085449 34.1187057495117 34.2711067199707 34.4331245422363 34.5902366638184 34.7420043945312 34.8583030700684 34.9516525268555 35.0041847229004 35.0420532226562 35.0623054504395
