Ecospace-environmental-drivers/Outputs/ASCII-for-ecospace/MOM6-ISIMIP3a/so-surf/1989-11_so-surf_MOM6-ISIMIP3a.asc
NCOLS 131 
NROWS 53 
XLLCORNER -98 
YLLCORNER 23.9265270233154 
CELLSIZE 0.133587792515755 
NODATA_value -9999 
[rows 0 to 20 of 53, columns 47 to 93 of 131]
-9999 -9999 -9999 -9999 -9999 -9999 -9999 -9999 -9999 -9999 -9999 -9999 -9999 -9999 -9999 -9999 -9999 -9999 -9999 -9999 -9999 -9999 -9999 -9999 -9999 -9999 -9999 -9999 -9999 -9999 -9999 -9999 -9999 -9999 -9999 -9999 -9999 -9999 -9999 -9999 -9999 -9999 -9999 -9999 -9999 -9999 -9999
-9999 -9999 -9999 -9999 -9999 -9999 -9999 -9999 -9999 -9999 -9999 -9999 -9999 -9999 -9999 -9999 -9999 -9999 -9999 -9999 -9999 -9999 -9999 -9999 -9999 -9999 -9999 -9999 -9999 -9999 -9999 -9999 -9999 -9999 -9999 -9999 -9999 -9999 -9999 -9999 -9999 -9999 -9999 -9999 -9999 -9999 -9999
-9999 -9999 -9999 -9999 -9999 -9999 -9999 -9999 -9999 -9999 -9999 -9999 -9999 -9999 -9999 -9999 -9999 -9999 -9999 -9999 -9999 -9999 -9999 -9999 -9999 -9999 -9999 33.9158706665039 33.9775581359863 -9999 -9999 -9999 -9999 -9999 -9999 -9999 -9999 -9999 -9999 -9999 -9999 -9999 -9999 -9999 -9999 -9999 -9999
-9999 -9999 -9999 -9999 -9999 -9999 -9999 -9999 -9999 -9999 -9999 -9999 -9999 -9999 -9999 -9999 -9999 -9999 -9999 -9999 -9999 -9999 -9999 -9999 -9999 -9999 -9999 33.9176826477051 33.9598426818848 -9999 -9999 -9999 -9999 -9999 -9999 -9999 -9999 -9999 -9999 -9999 -9999 -9999 -9999 -9999 -9999 -9999 -9999
-9999 -9999 -9999 -9999 -9999 -9999 -9999 -9999 -9999 -9999 -9999 -9999 -9999 -9999 -9999 -9999 -9999 -9999 30.0825614929199 30.2496528625488 30.3833274841309 31.1630744934082 31.8258361816406 32.9043807983398 33.5516052246094 33.8021583557129 33.8995361328125 33.908561706543 33.944953918457 34.0260162353516 -9999 -9999 34.7015533447266 34.9788284301758 35.1936302185059 35.3400573730469 35.3971786499023 35.4182357788086 35.4073829650879 35.3899154663086 35.3662261962891 35.3414535522461 -9999 -9999 -9999 -9999 -9999
-9999 -9999 -9999 -9999 -9999 -9999 -9999 -9999 -9999 -9999 -9999 -9999 -9999 -9999 24.7495670318604 -9999 24.6546993255615 24.585277557373 27.3869533538818 30.0825614929199 30.2830715179443 30.3833274841309 31.9428234100342 33.1513557434082 33.6189651489258 33.8844909667969 33.9030151367188 33.9110984802246 33.9115715026855 34.0121917724609 34.1542854309082 34.4169082641602 34.7032241821289 34.9845275878906 35.2487297058105 35.3476333618164 35.4238128662109 35.4200859069824 35.4108123779297 35.3912544250488 35.3676834106445 35.3397407531738 35.3169364929199 35.2974510192871 -9999 -9999 -9999
-9999 -9999 -9999 -9999 -9999 -9999 -9999 -9999 -9999 -9999 24.2204608917236 24.2223892211914 24.2312259674072 24.273998260498 24.5471878051758 24.7721900939941 24.7269420623779 24.651876449585 24.585277557373 27.4930229187012 30.0825614929199 30.3833274841309 31.9428234100342 33.1513557434082 33.6189651489258 33.8844909667969 33.9030151367188 33.9110984802246 33.9115715026855 34.0121917724609 34.1542854309082 34.4169082641602 34.7032241821289 34.9845275878906 35.2487297058105 35.3476333618164 35.4238128662109 35.4200859069824 35.4108123779297 35.3912544250488 35.3676834106445 35.3397407531738 35.3169364929199 35.2974510192871 35.2923011779785 35.3702812194824 -9999
-9999 -9999 -9999 -9999 -9999 -9999 -9999 -9999 -9999 -9999 24.2101249694824 24.2204608917236 24.2243156433105 -9999 24.3487777709961 24.6391277313232 24.817440032959 24.7269420623779 24.6434097290039 24.585277557373 27.8112297058105 30.7035999298096 32.1998863220215 33.3831787109375 33.9057121276855 34.2143440246582 34.2615394592285 34.2798347473145 34.2770805358887 34.3589324951172 34.4758186340332 34.6996612548828 34.944522857666 35.168830871582 35.3792991638184 35.4620170593262 35.525577545166 35.5217742919922 35.5093879699707 35.4810523986816 35.4480743408203 35.410041809082 35.3855743408203 35.3698844909668 35.3916549682617 35.4268836975098 35.4452362060547
-9999 -9999 -9999 -9999 -9999 -9999 -9999 -9999 -9999 -9999 -9999 -9999 -9999 -9999 24.2980766296387 24.5200862884521 24.8330936431885 24.9079360961914 24.7269420623779 24.6180095672607 28.0314197540283 31.0609226226807 32.4837379455566 33.6360206604004 34.2172012329102 34.5733070373535 34.6543235778809 34.6854019165039 34.680103302002 34.7414588928223 34.8304214477539 35.0110206604004 35.2096405029297 35.3711700439453 35.5224761962891 35.5872840881348 35.6368942260742 35.633056640625 35.6173667907715 35.5796661376953 35.5366287231445 35.4877815246582 35.4615631103516 35.4499816894531 35.4417419433594 35.4347038269043 35.4501724243164
29.7351055145264 -9999 -9999 -9999 -9999 -9999 -9999 -9999 -9999 -9999 27.1650772094727 24.1995315551758 -9999 -9999 -9999 24.4378890991211 24.8864860534668 25.2062168121338 25.0889320373535 25.3323173522949 28.5953121185303 31.4680004119873 32.707218170166 33.7277488708496 34.28662109375 34.6757583618164 34.8574409484863 34.9499931335449 34.9776268005371 35.0307388305664 35.0944023132324 35.2268486022949 35.3728141784668 35.4904670715332 35.6008453369141 35.6504325866699 35.6885299682617 35.6862182617188 35.672794342041 35.6387329101562 35.5989646911621 35.5529823303223 35.5280990600586 35.5168647766113 35.511058807373 35.5072021484375 35.4894218444824
29.3391304016113 29.2806777954102 -9999 -9999 -9999 -9999 -9999 -9999 -9999 -9999 28.7440910339355 27.1181449890137 24.1995315551758 -9999 -9999 24.2513027191162 24.8419036865234 25.5662498474121 25.8070602416992 26.1955661773682 29.2171897888184 31.8604793548584 32.92041015625 33.8127212524414 34.3511695861816 34.7682914733887 35.0371284484863 35.1859703063965 35.2474060058594 35.2955551147461 35.3381958007812 35.4259567260742 35.5225830078125 35.5998191833496 35.672534942627 35.7081184387207 35.7355880737305 35.7345390319824 35.7232131958008 35.6928100585938 35.6565818786621 35.6140060424805 35.5908164978027 35.5801734924316 35.5768394470215 35.5761299133301 35.5323448181152
29.3391304016113 29.1637725830078 28.6027965545654 27.9638271331787 -9999 -9999 -9999 -9999 -9999 -9999 -9999 28.6521301269531 26.6771354675293 24.1995315551758 24.2204608917236 24.2513027191162 24.8419036865234 25.5662498474121 26.6615676879883 27.8576908111572 30.1500816345215 32.1746597290039 33.078426361084 33.8614501953125 34.3895683288574 34.8076210021973 35.0911445617676 35.2684440612793 35.3683662414551 35.4291458129883 35.4737167358398 35.535400390625 35.6004447937012 35.6558532714844 35.7084007263184 35.7364845275879 35.7580833435059 35.7568702697754 35.7467651367188 35.720142364502 35.6888961791992 35.6526145935059 35.6330413818359 35.6242866516113 35.6236267089844 35.6258735656738 35.5949440002441
29.4781246185303 28.9055519104004 28.3857002258301 27.9561595916748 -9999 -9999 -9999 -9999 28.1419715881348 28.7151508331299 29.0519542694092 29.0642490386963 27.8401870727539 25.6045722961426 24.9330177307129 25.0023231506348 25.5403709411621 26.1904163360596 27.8193244934082 29.5103549957275 31.1268119812012 32.574047088623 33.3130760192871 33.9711494445801 34.4583206176758 34.8532180786133 35.1353454589844 35.3283195495605 35.4563598632812 35.530517578125 35.5823669433594 35.6265983581543 35.6693305969238 35.7073707580566 35.7436904907227 35.7649116516113 35.7807121276855 35.7774505615234 35.7666816711426 35.7419776916504 35.7141189575195 35.6828269958496 35.6661148071289 35.6588363647461 35.6604690551758 35.6653022766113 35.6493453979492
29.9646110534668 29.2050342559814 28.4111461639404 27.9561595916748 27.5496196746826 27.5144138336182 27.5279312133789 27.7892913818359 28.1419715881348 28.7151508331299 29.0519542694092 29.0642490386963 28.5463066101074 27.5945415496826 27.4270038604736 27.6309356689453 27.9850444793701 28.375036239624 29.735221862793 31.1393623352051 32.2131423950195 33.1864585876465 33.7393112182617 34.2332801818848 34.6029434204102 34.9144897460938 35.1549949645996 35.3316993713379 35.4619293212891 35.5513343811035 35.6238327026367 35.6721801757812 35.7157821655273 35.7475891113281 35.7775268554688 35.7934799194336 35.8036727905273 35.7936363220215 35.7775039672852 35.750057220459 35.721607208252 35.6920585632324 35.6763076782227 35.669490814209 35.6724548339844 35.6789321899414 35.6832542419434
30.8468627929688 30.051685333252 29.1771678924561 28.7198143005371 28.3196182250977 28.309757232666 28.3471527099609 28.6249370574951 28.9642848968506 29.4522876739502 29.7502384185791 29.7872695922852 29.7199592590332 29.5672798156738 29.6982364654541 29.9635429382324 30.1929969787598 30.4138832092285 31.4286613464355 32.4715232849121 33.129337310791 33.736141204834 34.1294784545898 34.4842681884766 34.7576866149902 34.9996948242188 35.203311920166 35.363525390625 35.4921226501465 35.5877304077148 35.6696739196777 35.7180366516113 35.7597999572754 35.7866096496582 35.8111572265625 35.8190078735352 35.8212928771973 35.8040161132812 35.7822341918945 35.7520866394043 35.7230911254883 35.6953544616699 35.6807899475098 35.6747512817383 35.6782341003418 35.6851387023926 35.7008209228516
32.2886543273926 31.6719379425049 30.990234375 30.5631370544434 30.1782569885254 30.2295722961426 30.3246059417725 30.6420307159424 30.9491996765137 31.2316055297852 31.4357662200928 31.5325107574463 31.5546169281006 31.5156555175781 31.6545352935791 31.8776550292969 32.0662689208984 32.246639251709 32.8075904846191 33.3840065002441 33.8049812316895 34.1971321105957 34.4686508178711 34.7195014953613 34.9267311096191 35.1187400817871 35.2921485900879 35.4355621337891 35.5571327209473 35.6461563110352 35.7217025756836 35.7642822265625 35.8003768920898 35.8239326477051 35.8444862365723 35.8402366638184 35.831356048584 35.8061866760254 35.7783470153809 35.7455596923828 35.7160987854004 35.6902656555176 35.6771965026855 35.6723861694336 35.6752433776855 35.6808547973633 35.6952819824219
33.3797454833984 32.9423751831055 32.46142578125 32.1367607116699 31.8413372039795 31.9035472869873 32.001148223877 32.2787742614746 32.519962310791 32.673168182373 32.807014465332 32.9142723083496 32.9416122436523 32.9035606384277 33.015796661377 33.19921875 33.3616600036621 33.5190811157227 33.7939147949219 34.0749664306641 34.3291320800781 34.5696983337402 34.753345489502 34.929744720459 35.0908393859863 35.2439651489258 35.3873481750488 35.5125160217285 35.6244163513184 35.7063179016113 35.7757949829102 35.8125267028809 35.8428230285645 35.8569488525391 35.8677024841309 35.8513221740723 35.8319511413574 35.8020706176758 35.7712669372559 35.7387580871582 35.7115592956543 35.6901397705078 35.6799125671387 35.676929473877 35.6788063049316 35.6824340820312 35.6927795410156
34.1755065917969 33.9182243347168 33.644718170166 33.4832649230957 33.3397331237793 33.3704948425293 33.4242858886719 33.5952186584473 33.7419624328613 33.8303070068359 33.9135971069336 33.9899406433105 33.9516181945801 33.8194847106934 33.8759651184082 34.0217895507812 34.1704025268555 34.3196830749512 34.4496269226074 34.5793800354004 34.7257041931152 34.8677940368652 34.9921607971191 35.1189384460449 35.2507972717285 35.374397277832 35.4879035949707 35.5936050415039 35.6936149597168 35.7679405212402 35.8316230773926 35.8624610900879 35.8868408203125 35.8863410949707 35.8824043273926 35.8538627624512 35.824577331543 35.7926597595215 35.7614974975586 35.7317314147949 35.7090835571289 35.6941871643066 35.6879425048828 35.6872901916504 35.6878967285156 35.6889495849609 35.6928329467773
34.7159881591797 34.5839881896973 34.4489402770996 34.3907470703125 34.3430442810059 34.3662261962891 34.4033393859863 34.5113296508789 34.6014595031738 34.6484603881836 34.6925430297852 34.7326240539551 34.6538238525391 34.4777565002441 34.4854927062988 34.5802955627441 34.6916084289551 34.8068656921387 34.8734397888184 34.938289642334 35.0266876220703 35.1157608032227 35.2076683044434 35.3046760559082 35.4124488830566 35.511302947998 35.5992584228516 35.6858978271484 35.7715873718262 35.8339424133301 35.8866310119629 35.9036407470703 35.9136390686035 35.8996047973633 35.883186340332 35.852180480957 35.8218307495117 35.7937927246094 35.7682723999023 35.7474212646484 35.7335090637207 35.7271499633789 35.7234115600586 35.7213745117188 35.7167434692383 35.7111854553223 35.705436706543
35.1315422058105 35.0980072021484 35.0676536560059 35.0833854675293 35.104076385498 35.1313552856445 35.1650695800781 35.2315330505371 35.2835578918457 35.300724029541 35.3111610412598 35.3123588562012 35.2053985595703 35.0099411010742 34.9723625183105 35.0095710754395 35.0720977783203 35.1406745910645 35.1837730407715 35.2259941101074 35.280891418457 35.3391952514648 35.4117660522461 35.4887199401855 35.5749320983887 35.6513786315918 35.715892791748 35.7836799621582 35.8538475036621 35.9020843505859 35.9412384033203 35.9405403137207 35.9320068359375 35.9049758911133 35.8771629333496 35.8484268188477 35.821346282959 35.8000831604004 35.7831420898438 35.774227142334 35.7710914611816 35.7742576599121 35.7723121643066 35.7670631408691 35.7552642822266 35.7411117553711 35.7241859436035
35.4035873413086 35.4036560058594 35.4070243835449 35.4498138427734 35.4962539672852 35.5321922302246 35.5697593688965 35.6156005859375 35.6503524780273 35.6583366394043 35.6523361206055 35.6271286010742 35.5237808227539 35.3564949035645 35.3015975952148 35.299934387207 35.3304634094238 35.3686904907227 35.4001312255859 35.4318199157715 35.4739227294922 35.5191268920898 35.577320098877 35.6394309997559 35.7098197937012 35.7710113525391 35.8209648132324 35.8738250732422 35.9287986755371 35.9601707458496 35.9817657470703 35.9690361022949 35.9495582580566 35.9188995361328 35.8890609741211 35.8713226318359 35.8569946289062 35.8546600341797 35.8551635742188 35.8609199523926 35.8643760681152 35.8653297424316 35.8570137023926 35.8426971435547 35.8186111450195 35.791015625 35.7611427307129
