Ecospace-environmental-drivers/Outputs/ASCII-for-ecospace/MOM6-ISIMIP3a/so-surf/1990-01_so-surf_MOM6-ISIMIP3a.asc
NCOLS 131 
NROWS 53 
XLLCORNER -98 
YLLCORNER 23.9265270233154 
CELLSIZE 0.133587792515755 
NODATA_value -9999 
[rows 0 to 20 of 53, columns 47 to 93 of 131]
-9999 -9999 -9999 -9999 -9999 -9999 -9999 -9999 -9999 -9999 -9999 -9999 -9999 -9999 -9999 -9999 -9999 -9999 -9999 -9999 -9999 -9999 -9999 -9999 -9999 -9999 -9999 -9999 -9999 -9999 -9999 -9999 -9999 -9999 -9999 -9999 -9999 -9999 -9999 -9999 -9999 -9999 -9999 -9999 -9999 -9999 -9999
-9999 -9999 -9999 -9999 -9999 -9999 -9999 -9999 -9999 -9999 -9999 -9999 -9999 -9999 -9999 -9999 -9999 -9999 -9999 -9999 -9999 -9999 -9999 -9999 -9999 -9999 -9999 -9999 -9999 -9999 -9999 -9999 -9999 -9999 -9999 -9999 -9999 -9999 -9999 -9999 -9999 -9999 -9999 -9999 -9999 -9999 -9999
-9999 -9999 -9999 -9999 -9999 -9999 -9999 -9999 -9999 -9999 -9999 -9999 -9999 -9999 -9999 -9999 -9999 -9999 -9999 -9999 -9999 -9999 -9999 -9999 -9999 -9999 -9999 33.865909576416 34.0760269165039 -9999 -9999 -9999 -9999 -9999 -9999 -9999 -9999 -9999 -9999 -9999 -9999 -9999 -9999 -9999 -9999 -9999 -9999
-9999 -9999 -9999 -9999 -9999 -9999 -9999 -9999 -9999 -9999 -9999 -9999 -9999 -9999 -9999 -9999 -9999 -9999 -9999 -9999 -9999 -9999 -9999 -9999 -9999 -9999 -9999 33.8722991943359 34.0537796020508 -9999 -9999 -9999 -9999 -9999 -9999 -9999 -9999 -9999 -9999 -9999 -9999 -9999 -9999 -9999 -9999 -9999 -9999
-9999 -9999 -9999 -9999 -9999 -9999 -9999 -9999 -9999 -9999 -9999 -9999 -9999 -9999 -9999 -9999 -9999 -9999 28.1118316650391 28.3263721466064 28.4980030059814 29.4991683959961 30.3778648376465 31.8767147064209 32.8939170837402 33.4289474487305 33.7227745056152 33.8632278442383 34.0308990478516 34.2672080993652 -9999 -9999 35.3478469848633 35.621395111084 35.7697143554688 35.8602447509766 35.886043548584 35.8913841247559 35.8765487670898 35.8444290161133 35.7845764160156 35.6951942443848 -9999 -9999 -9999 -9999 -9999
-9999 -9999 -9999 -9999 -9999 -9999 -9999 -9999 -9999 -9999 -9999 -9999 -9999 -9999 21.899320602417 -9999 21.8118553161621 21.7505397796631 24.9536285400391 28.1118316650391 28.3692798614502 28.4980030059814 30.5003356933594 32.1352577209473 32.9945526123047 33.551944732666 33.740348815918 33.8760299682617 33.9733085632324 34.2433586120605 34.5849609375 34.9953956604004 35.4193649291992 35.6287841796875 35.8160362243652 35.8643226623535 35.9003791809082 35.893424987793 35.8803443908691 35.8558807373047 35.7970581054688 35.7007942199707 35.5877304077148 35.4637985229492 -9999 -9999 -9999
-9999 -9999 -9999 -9999 -9999 -9999 -9999 -9999 -9999 -9999 24.6321582794189 24.6001243591309 24.5712375640869 24.4785785675049 23.1495475769043 21.9216136932373 21.8770275115967 21.8079967498779 21.7505397796631 24.9985160827637 28.1118316650391 28.4980030059814 30.5003356933594 32.1352577209473 32.9945526123047 33.551944732666 33.740348815918 33.8760299682617 33.9733085632324 34.2433586120605 34.5849609375 34.9953956604004 35.4193649291992 35.6287841796875 35.8160362243652 35.8643226623535 35.9003791809082 35.893424987793 35.8803443908691 35.8558807373047 35.7970581054688 35.7007942199707 35.5877304077148 35.4637985229492 35.4310455322266 35.5566940307617 -9999
-9999 -9999 -9999 -9999 -9999 -9999 -9999 -9999 -9999 -9999 24.8039112091064 24.6321582794189 24.5680904388428 -9999 24.3541774749756 23.0814533233643 21.9662017822266 21.8770275115967 21.7964210510254 21.7505397796631 25.1331787109375 28.2536964416504 30.2772064208984 31.9427375793457 32.8525505065918 33.4950866699219 33.8109588623047 34.0206108093262 34.1528930664062 34.3976249694824 34.6889266967773 35.0404014587402 35.4037094116211 35.6013679504395 35.781608581543 35.8516044616699 35.9103622436523 35.9295997619629 35.940315246582 35.9352073669434 35.9024124145508 35.8394546508789 35.7532348632812 35.6519660949707 35.6218185424805 35.6172180175781 35.5928039550781
-9999 -9999 -9999 -9999 -9999 -9999 -9999 -9999 -9999 -9999 -9999 -9999 -9999 -9999 24.4042186737061 24.1542911529541 23.0055274963379 22.0553741455078 21.8770275115967 21.7616958618164 25.0008773803711 28.0081558227539 30.0448970794678 31.7368850708008 32.7010726928711 33.4362487792969 33.8915214538574 34.1820869445801 34.3526763916016 34.5692138671875 34.8047828674316 35.0911712646484 35.3875503540039 35.5718040466309 35.7438354492188 35.8370742797852 35.9202499389648 35.9680442810059 36.0047340393066 36.0208053588867 36.0165939331055 35.9902839660645 35.9339561462402 35.8582038879395 35.7528877258301 35.6369514465332 35.5814971923828
30.7797927856445 -9999 -9999 -9999 -9999 -9999 -9999 -9999 -9999 -9999 28.7287406921387 24.979959487915 -9999 -9999 -9999 24.2046127319336 23.8823776245117 23.008243560791 22.2337226867676 22.474645614624 25.7069816589355 28.6437473297119 30.3435173034668 31.8051242828369 32.7639465332031 33.524829864502 34.0437889099121 34.3718185424805 34.5607719421387 34.7470474243164 34.9322128295898 35.1678771972656 35.4134712219238 35.5728073120117 35.7224922180176 35.8091087341309 35.889331817627 35.947078704834 35.9938049316406 36.0200653076172 36.0328559875488 36.0309677124023 36.0066757202148 35.9678916931152 35.8890609741211 35.7958450317383 35.6686706542969
30.4170379638672 30.363489151001 -9999 -9999 -9999 -9999 -9999 -9999 -9999 -9999 30.6257400512695 28.4439353942871 24.979959487915 -9999 -9999 24.1196117401123 23.8620681762695 23.6654510498047 23.4029483795166 23.3547401428223 26.4914360046387 29.2884387969971 30.6637878417969 31.8978958129883 32.8338317871094 33.60498046875 34.1747360229492 34.5377883911133 34.7502861022949 34.9145660400391 35.0588760375977 35.2458419799805 35.4411964416504 35.5757369995117 35.7032699584961 35.7843437194824 35.8621101379395 35.9282379150391 35.9843406677246 36.0218276977539 36.0515022277832 36.0726661682129 36.0780029296875 36.0730972290039 36.0187149047852 35.9465599060059 35.7614822387695
30.4170379638672 30.2563915252686 30.379337310791 30.4523544311523 -9999 -9999 -9999 -9999 -9999 -9999 -9999 30.19384765625 27.806770324707 24.979959487915 24.6321582794189 24.1196117401123 23.8620681762695 23.6654510498047 24.3096446990967 25.1313610076904 27.696138381958 29.9819374084473 31.1001815795898 32.1222534179688 32.9413032531738 33.6399078369141 34.1913108825684 34.5763168334961 34.8401184082031 35.0267524719238 35.1814270019531 35.3305549621582 35.4785957336426 35.5889854431152 35.6954078674316 35.7767524719238 35.8547134399414 35.9207916259766 35.982738494873 36.0370025634766 36.0829429626465 36.119815826416 36.1418380737305 36.1542549133301 36.113395690918 36.0534019470215 35.8845596313477
30.5490951538086 30.4017772674561 30.4099178314209 30.4492607116699 -9999 -9999 -9999 -9999 30.9162197113037 30.915620803833 30.8327922821045 30.6370735168457 29.1116752624512 26.4983692169189 25.3557586669922 24.9097843170166 24.6563701629639 24.4489650726318 25.7323246002197 27.1515998840332 29.0584774017334 30.7623081207275 31.6163730621338 32.4139175415039 33.0921478271484 33.6952362060547 34.206485748291 34.592212677002 34.8865089416504 35.0905113220215 35.2571144104004 35.3825073242188 35.4997940063477 35.5960540771484 35.6904449462891 35.7741470336914 35.8539924621582 35.9202995300293 35.986213684082 36.0514068603516 36.1099510192871 36.1612548828125 36.1983947753906 36.2263717651367 36.2044677734375 36.1646499633789 36.024169921875
31.0113010406494 30.6859760284424 30.4340648651123 30.4492607116699 30.4978847503662 30.7108688354492 30.8912792205811 30.9059925079346 30.9162197113037 30.915620803833 30.8327922821045 30.6370735168457 29.809534072876 28.4650592803955 27.8883934020996 27.6754245758057 27.436466217041 27.1913013458252 28.4449882507324 29.7809028625488 30.8149108886719 31.7598571777344 32.3320693969727 32.8738594055176 33.3514289855957 33.8015594482422 34.2181510925293 34.5515289306641 34.824291229248 35.0331916809082 35.215648651123 35.3525428771973 35.4804801940918 35.5876846313477 35.6927185058594 35.7840118408203 35.8699684143066 35.9371795654297 36.0023880004883 36.0638732910156 36.1258659362793 36.1884155273438 36.2367553710938 36.2758941650391 36.2865219116211 36.2869071960449 36.2050971984863
31.6779537200928 31.2833156585693 30.9044799804688 30.8772888183594 30.8934001922607 31.1068897247314 31.2952079772949 31.3554935455322 31.4011840820312 31.4116382598877 31.3355693817139 31.1407165527344 30.7718925476074 30.2607307434082 30.0604457855225 30.007417678833 29.8689632415771 29.7100963592529 30.7112827301025 31.7520847320557 32.2095565795898 32.6474990844727 33.0037231445312 33.3492736816406 33.672290802002 33.9961547851562 34.3210525512695 34.5988616943359 34.8423728942871 35.0425910949707 35.2248840332031 35.3659400939941 35.498893737793 35.6144905090332 35.7273979187012 35.8202629089355 35.907600402832 35.9755172729492 36.0401382446289 36.0986366271973 36.1606101989746 36.2263679504395 36.2795906066895 36.32470703125 36.3537712097168 36.3770713806152 36.3354377746582
32.6336555480957 32.3233757019043 32.0058403015137 31.9104690551758 31.8481006622314 32.0628089904785 32.2702178955078 32.4405097961426 32.5718002319336 32.6089324951172 32.5491790771484 32.3564224243164 32.1082038879395 31.8146133422852 31.7226982116699 31.7263145446777 31.8100147247314 31.9128494262695 32.346492767334 32.7928047180176 33.0926933288574 33.379753112793 33.613109588623 33.8465576171875 34.080207824707 34.315544128418 34.5529327392578 34.7706298828125 34.9739837646484 35.1463165283203 35.3057975769043 35.4406433105469 35.5706481933594 35.6910285949707 35.8078918457031 35.8938179016113 35.9758491516113 36.0441856384277 36.1083908081055 36.1649360656738 36.221981048584 36.2795715332031 36.3287582397461 36.3725090026855 36.400089263916 36.4218559265137 36.3942565917969
33.4636077880859 33.2507095336914 33.026969909668 32.9355583190918 32.8672027587891 33.055549621582 33.2415771484375 33.4158134460449 33.5452651977539 33.5665817260742 33.4973640441895 33.3038520812988 33.126838684082 32.9633255004883 32.9312782287598 32.9615058898926 33.1196708679199 33.3084030151367 33.4734497070312 33.6386947631836 33.8305358886719 34.0132904052734 34.1580200195312 34.3092231750488 34.4740791320801 34.6453895568848 34.8245811462402 34.9967765808105 35.1638793945312 35.3108825683594 35.4495582580566 35.5744705200195 35.6966705322266 35.8145751953125 35.9280624389648 35.9999351501465 36.0702972412109 36.1353340148926 36.1953659057617 36.2461090087891 36.2950820922852 36.3421173095703 36.3834495544434 36.4210815429688 36.4441719055176 36.4620361328125 36.4445762634277
34.1876640319824 34.083122253418 33.9805374145508 33.9538345336914 33.9405364990234 34.0792999267578 34.2098655700684 34.2987289428711 34.3527030944824 34.3224258422852 34.2220306396484 34.0253677368164 33.8779525756836 33.7708320617676 33.7578125 33.789363861084 33.8976173400879 34.0241966247559 34.1723899841309 34.3205146789551 34.4460182189941 34.5636978149414 34.6486396789551 34.7427253723145 34.8561210632324 34.9840393066406 35.1297149658203 35.2687187194824 35.4028587341309 35.5266914367676 35.6462516784668 35.7580833435059 35.8683967590332 35.9777069091797 36.0816459655762 36.1334762573242 36.1868095397949 36.2454147338867 36.2981033325195 36.3398170471191 36.3780632019043 36.4125366210938 36.4427871704102 36.4703025817871 36.4863739013672 36.4983329772949 36.487735748291
34.8473510742188 34.7807807922363 34.7204360961914 34.7340240478516 34.7587852478027 34.8809127807617 34.9884910583496 35.0220527648926 35.0207786560059 34.9353942871094 34.7999420166016 34.5957565307617 34.4399719238281 34.323787689209 34.31005859375 34.3448638916016 34.4485816955566 34.5687637329102 34.6936225891113 34.8157424926758 34.8933753967285 34.9664268493652 35.020320892334 35.0837745666504 35.1674118041992 35.266731262207 35.3852119445801 35.5016021728516 35.6164779663086 35.723991394043 35.8284606933594 35.9275932312012 36.0256805419922 36.1258506774902 36.2206916809082 36.2626724243164 36.3058776855469 36.3533821105957 36.3947410583496 36.424674987793 36.4518280029297 36.4759483337402 36.4970283508301 36.5161476135254 36.5270195007324 36.5349311828613 36.5273818969727
35.4755363464355 35.4124984741211 35.3557739257812 35.3976974487305 35.452205657959 35.5738182067871 35.6743011474609 35.6672744750977 35.6206588745117 35.4784355163574 35.3060340881348 35.0921859741211 34.9094505310059 34.7521705627441 34.7280807495117 34.7670822143555 34.8884658813477 35.0295372009277 35.1278877258301 35.2196617126465 35.2584571838379 35.2968864440918 35.3338012695312 35.379581451416 35.4440879821777 35.5220336914062 35.6164131164551 35.7153778076172 35.817684173584 35.912239074707 36.0035781860352 36.090202331543 36.175895690918 36.2666625976562 36.3526191711426 36.3897399902344 36.426197052002 36.4603233337402 36.4883880615234 36.5052032470703 36.5210762023926 36.5359230041504 36.5487747192383 36.5603370666504 36.5669059753418 36.5716781616211 36.5653076171875
35.9680480957031 35.9181060791016 35.870174407959 35.8973045349121 35.9342193603516 36.0279960632324 36.102123260498 36.076286315918 36.0043487548828 35.8211097717285 35.6237449645996 35.4069976806641 35.2235794067383 35.0674247741699 35.0350952148438 35.0614204406738 35.1693801879883 35.2968482971191 35.386344909668 35.4695320129395 35.4988975524902 35.528018951416 35.5561294555664 35.5934371948242 35.6501579284668 35.7176628112793 35.7983474731445 35.8857917785645 35.978157043457 36.0640907287598 36.1473617553711 36.2206001281738 36.2918663024902 36.3666877746582 36.4376945495605 36.4701538085938 36.5010566711426 36.526481628418 36.5467567443848 36.5574836730957 36.5676040649414 36.5770683288574 36.5845489501953 36.5907440185547 36.5943069458008 36.596923828125 36.5916900634766
