Ecospace-environmental-drivers/Outputs/ASCII-for-ecospace/MOM6-ISIMIP3a/so-surf/1991-03_so-surf_MOM6-ISIMIP3a.asc
NCOLS 131 
NROWS 53 
XLLCORNER -98 
YLLCORNER 23.9265270233154 
CELLSIZE 0.133587792515755 
NODATA_value -9999 
[rows 0 to 20 of 53, columns 47 to 93 of 131]
-9999 -9999 -9999 -9999 -9999 -9999 -9999 -9999 -9999 -9999 -9999 -9999 -9999 -9999 -9999 -9999 -9999 -9999 -9999 -9999 -9999 -9999 -9999 -9999 -9999 -9999 -9999 -9999 -9999 -9999 -9999 -9999 -9999 -9999 -9999 -9999 -9999 -9999 -9999 -9999 -9999 -9999 -9999 -9999 -9999 -9999 -9999
-9999 -9999 -9999 -9999 -9999 -9999 -9999 -9999 -9999 -9999 -9999 -9999 -9999 -9999 -9999 -9999 -9999 -9999 -9999 -9999 -9999 -9999 -9999 -9999 -9999 -9999 -9999 -9999 -9999 -9999 -9999 -9999 -9999 -9999 -9999 -9999 -9999 -9999 -9999 -9999 -9999 -9999 -9999 -9999 -9999 -9999 -9999
-9999 -9999 -9999 -9999 -9999 -9999 -9999 -9999 -9999 -9999 -9999 -9999 -9999 -9999 -9999 -9999 -9999 -9999 -9999 -9999 -9999 -9999 -9999 -9999 -9999 -9999 -9999 32.5813484191895 33.0507965087891 -9999 -9999 -9999 -9999 -9999 -9999 -9999 -9999 -9999 -9999 -9999 -9999 -9999 -9999 -9999 -9999 -9999 -9999
-9999 -9999 -9999 -9999 -9999 -9999 -9999 -9999 -9999 -9999 -9999 -9999 -9999 -9999 -9999 -9999 -9999 -9999 -9999 -9999 -9999 -9999 -9999 -9999 -9999 -9999 -9999 32.6314811706543 33.079532623291 -9999 -9999 -9999 -9999 -9999 -9999 -9999 -9999 -9999 -9999 -9999 -9999 -9999 -9999 -9999 -9999 -9999 -9999
-9999 -9999 -9999 -9999 -9999 -9999 -9999 -9999 -9999 -9999 -9999 -9999 -9999 -9999 -9999 -9999 -9999 -9999 24.3157253265381 24.5628833770752 24.7606086730957 25.913990020752 26.9596691131592 28.8236694335938 30.2718505859375 31.3132190704346 32.1058502197266 32.6800346374512 33.1085624694824 33.4500045776367 -9999 -9999 34.3675003051758 34.6033744812012 34.7638511657715 34.8950042724609 35.0004844665527 35.1059379577637 35.2129554748535 35.3241882324219 35.441104888916 35.5490379333496 -9999 -9999 -9999 -9999 -9999
-9999 -9999 -9999 -9999 -9999 -9999 -9999 -9999 -9999 -9999 -9999 -9999 -9999 -9999 19.6394233703613 -9999 19.3180179595947 19.0597190856934 21.7315673828125 24.3157253265381 24.6123142242432 24.7606086730957 27.0673694610596 29.0510311126709 30.3526058197021 31.4119167327881 32.1751365661621 32.7304992675781 33.134464263916 33.4607276916504 33.7548179626465 34.0811195373535 34.4137496948242 34.6076354980469 34.7887382507324 34.8951759338379 35.0010948181152 35.1051788330078 35.2115440368652 35.3221397399902 35.4388771057129 35.5623016357422 35.6459350585938 35.7038154602051 -9999 -9999 -9999
-9999 -9999 -9999 -9999 -9999 -9999 -9999 -9999 -9999 -9999 23.4389362335205 23.4176425933838 23.402416229248 23.3616428375244 21.4963302612305 19.6865386962891 19.5923080444336 19.3020267486572 19.0597190856934 21.8192577362061 24.3157253265381 24.7606086730957 27.0673694610596 29.0510311126709 30.3526058197021 31.4119167327881 32.1751365661621 32.7304992675781 33.134464263916 33.4607276916504 33.7548179626465 34.0811195373535 34.4137496948242 34.6076354980469 34.7887382507324 34.8951759338379 35.0010948181152 35.1051788330078 35.2115440368652 35.3221397399902 35.4388771057129 35.5623016357422 35.6459350585938 35.7038154602051 35.7191123962402 35.7321472167969 -9999
-9999 -9999 -9999 -9999 -9999 -9999 -9999 -9999 -9999 -9999 23.5531005859375 23.4389362335205 23.3963508605957 -9999 23.316614151001 21.5142288208008 19.7807693481445 19.5923080444336 19.2540531158447 19.0597190856934 22.0823287963867 24.9677295684814 27.2788963317871 29.2213478088379 30.3854122161865 31.3518447875977 32.0767288208008 32.6696853637695 33.1665420532227 33.563362121582 33.9187545776367 34.2201156616211 34.5108528137207 34.6415786743164 34.7627410888672 34.848388671875 34.9342613220215 35.0209045410156 35.1080856323242 35.1962661743164 35.3060035705566 35.4392280578613 35.5575675964355 35.6662750244141 35.7209968566895 35.7563323974609 35.7220268249512
-9999 -9999 -9999 -9999 -9999 -9999 -9999 -9999 -9999 -9999 -9999 -9999 -9999 -9999 23.3231868743896 23.272891998291 21.6019916534424 19.9692287445068 19.5923080444336 19.1101341247559 22.247013092041 25.2239799499512 27.5317077636719 29.4229602813721 30.4350051879883 31.2981948852539 31.9794502258301 32.6112327575684 33.206974029541 33.6786346435547 34.0989074707031 34.3718032836914 34.6157264709473 34.6784477233887 34.7352066040039 34.7992515563965 34.8641204833984 34.9318923950195 34.9979286193848 35.0607376098633 35.1616592407227 35.3040924072266 35.459529876709 35.6233749389648 35.7038459777832 35.7543716430664 35.7152824401855
30.7765197753906 -9999 -9999 -9999 -9999 -9999 -9999 -9999 -9999 -9999 27.1443767547607 23.6701202392578 -9999 -9999 -9999 23.2620334625244 23.288049697876 21.8983421325684 20.3461494445801 20.6072273254395 23.5794715881348 26.3682346343994 28.3891162872314 30.0452613830566 30.9314193725586 31.6898918151855 32.292308807373 32.8629341125488 33.4104042053223 33.8359718322754 34.211051940918 34.4298439025879 34.6179122924805 34.6866302490234 34.7536201477051 34.8468894958496 34.9341430664062 35.0002403259277 35.0508117675781 35.0725479125977 35.1291732788086 35.2238121032715 35.3664474487305 35.5401306152344 35.6562995910645 35.7518081665039 35.7171897888184
30.546911239624 30.5130176544189 -9999 -9999 -9999 -9999 -9999 -9999 -9999 -9999 28.9049320220947 26.9051132202148 23.6701202392578 -9999 -9999 23.0982475280762 23.2489166259766 23.5169868469238 22.7873458862305 22.2185935974121 24.9891757965088 27.5565013885498 29.27317237854 30.6823692321777 31.4424571990967 32.0948181152344 32.6155166625977 33.1193695068359 33.610954284668 33.9862060546875 34.3132820129395 34.4834976196289 34.6228790283203 34.6989059448242 34.7765197753906 34.8925476074219 34.9976768493652 35.0644874572754 35.103385925293 35.090461730957 35.1071357727051 35.1560516357422 35.2813835144043 35.4561614990234 35.603515625 35.7410202026367 35.719856262207
30.546911239624 30.4452285766602 30.3053417205811 29.975793838501 -9999 -9999 -9999 -9999 -9999 -9999 -9999 28.5500068664551 26.3366870880127 23.6701202392578 23.4389362335205 23.0982475280762 23.2489166259766 23.5169868469238 23.9123687744141 24.4428997039795 26.8132152557373 28.9808368682861 30.3001594543457 31.3988914489746 32.0319442749023 32.5707130432129 32.9942474365234 33.401195526123 33.7960624694824 34.0983657836914 34.3623390197754 34.5136337280273 34.6427764892578 34.7331504821777 34.8234977722168 34.9275970458984 35.0264282226562 35.1067276000977 35.1543083190918 35.1411285400391 35.1411094665527 35.1554412841797 35.2393493652344 35.3682823181152 35.5226287841797 35.6861038208008 35.7266044616699
30.7005596160889 30.4768848419189 30.3193874359131 29.9798679351807 -9999 -9999 -9999 -9999 29.0944042205811 29.1197986602783 29.0892448425293 28.9818840026855 27.5788917541504 25.115852355957 24.1371040344238 23.8614311218262 24.0018672943115 24.2417278289795 25.3969593048096 26.6611156463623 28.595329284668 30.3421993255615 31.3050155639648 32.1239776611328 32.6392593383789 33.0755233764648 33.4152030944824 33.7386474609375 34.0502624511719 34.281379699707 34.4791564941406 34.6003303527832 34.7064437866211 34.804573059082 34.9016876220703 34.9917602539062 35.0819053649902 35.1722984313965 35.2278518676758 35.2187042236328 35.2048759460449 35.1859436035156 35.2290534973145 35.3123054504395 35.4560241699219 35.6214637756348 35.7186622619629
31.2383403778076 30.7922172546387 30.3461799621582 29.9798679351807 29.6281242370605 29.4494152069092 29.2813606262207 29.1674900054932 29.0944042205811 29.1197986602783 29.0892448425293 28.9818840026855 28.2516765594482 27.0118751525879 26.5807247161865 26.5326156616211 26.6372394561768 26.7783546447754 27.7804908752441 28.8640995025635 30.2726249694824 31.5461273193359 32.2545433044434 32.8704719543457 33.2911529541016 33.6526222229004 33.9417190551758 34.2151641845703 34.4772071838379 34.641529083252 34.7653846740723 34.8284339904785 34.8795318603516 34.9689483642578 35.0579223632812 35.1287117004395 35.2041931152344 35.2961807250977 35.3579444885254 35.3635673522949 35.3431091308594 35.2942276000977 35.2980918884277 35.3360824584961 35.4251289367676 35.5325164794922 35.6739883422852
32.0056648254395 31.4831047058105 30.9222660064697 30.5473461151123 30.1981239318848 30.0288505554199 29.8731346130371 29.7863807678223 29.7270927429199 29.7341194152832 29.7097511291504 29.6422805786133 29.3877964019775 28.9803066253662 28.877347946167 28.9186401367188 29.0067367553711 29.1060161590576 29.8971004486084 30.7422924041748 31.6832733154297 32.5414276123047 33.0529632568359 33.5107650756836 33.8551330566406 34.1503753662109 34.3855743408203 34.6045875549316 34.8118095397949 34.9368286132812 35.0278015136719 35.0492935180664 35.0571250915527 35.1449089050293 35.2320594787598 35.284122467041 35.3410797119141 35.4152565002441 35.4686317443848 35.4833793640137 35.4637832641602 35.4067573547363 35.3896217346191 35.3982887268066 35.4452972412109 35.5060806274414 35.6548194885254
33.0975189208984 32.7049598693848 32.2749519348145 31.9171371459961 31.5739974975586 31.4274978637695 31.3015689849854 31.2802696228027 31.2542839050293 31.2169799804688 31.207540512085 31.2363548278809 31.1789875030518 31.0511093139648 30.9661426544189 30.9015007019043 31.000337600708 31.1382331848145 31.6363334655762 32.1612854003906 32.716926574707 33.241771697998 33.6377372741699 34.0009002685547 34.2948150634766 34.535945892334 34.7125625610352 34.8708724975586 35.0158538818359 35.1404304504395 35.2565536499023 35.2599029541016 35.241081237793 35.3372459411621 35.4315147399902 35.4656295776367 35.4986000061035 35.5275268554688 35.5518913269043 35.5677757263184 35.559627532959 35.5252990722656 35.5129508972168 35.514820098877 35.5376586914062 35.5680313110352 35.6717109680176
33.9791946411133 33.7105026245117 33.4114418029785 33.1160888671875 32.8268203735352 32.6915473937988 32.5776023864746 32.572135925293 32.5484504699707 32.4807739257812 32.4610633850098 32.507209777832 32.5331649780273 32.5425987243652 32.4980316162109 32.4278831481934 32.5171966552734 32.6446075439453 32.9232215881348 33.2121353149414 33.4998092651367 33.7904396057129 34.0934562683105 34.3790817260742 34.627986907959 34.8280906677246 34.9685401916504 35.0871238708496 35.1897811889648 35.298828125 35.4105262756348 35.4085922241211 35.3843193054199 35.4816932678223 35.5763244628906 35.6001663208008 35.6194000244141 35.6224365234375 35.6283721923828 35.639705657959 35.635612487793 35.6147117614746 35.6075744628906 35.6093482971191 35.6227912902832 35.6404228210449 35.713062286377
34.6838798522949 34.533878326416 34.3658676147461 34.1711692810059 33.9760131835938 33.8422470092773 33.7252960205078 33.6938705444336 33.6463775634766 33.5600814819336 33.5088844299316 33.5058708190918 33.5193176269531 33.5462417602539 33.5609436035156 33.5698623657227 33.6325836181641 33.7081604003906 33.8291816711426 33.9529647827148 34.0715103149414 34.2113800048828 34.4404983520508 34.6629829406738 34.871467590332 35.0415573120117 35.164722442627 35.2612380981445 35.3383407592773 35.4191589355469 35.501522064209 35.5051345825195 35.4932708740234 35.585807800293 35.6751174926758 35.695140838623 35.7092781066895 35.7027168273926 35.6991500854492 35.7011451721191 35.6948738098145 35.6795921325684 35.6780319213867 35.6853485107422 35.701831817627 35.7216110229492 35.7750129699707
35.2132530212402 35.1199722290039 35.0138130187988 34.8808097839355 34.74609375 34.6393432617188 34.5417556762695 34.4907608032227 34.4242858886719 34.3204154968262 34.2327461242676 34.1673202514648 34.1426734924316 34.1513938903809 34.1803970336914 34.2190093994141 34.2993431091309 34.3896446228027 34.4657325744629 34.5380325317383 34.5693473815918 34.6239852905273 34.7762107849121 34.9299087524414 35.0866966247559 35.2184143066406 35.3194847106934 35.3951873779297 35.4524078369141 35.5139770507812 35.5773506164551 35.5815582275391 35.5741310119629 35.6464767456055 35.7173080444336 35.744499206543 35.7653732299805 35.7640342712402 35.7633476257324 35.7638702392578 35.758415222168 35.7464408874512 35.7455558776855 35.7518424987793 35.7674407958984 35.7863845825195 35.830020904541
35.6568374633789 35.5899429321289 35.5117721557617 35.4214019775391 35.3306503295898 35.2634010314941 35.196117401123 35.1286849975586 35.0455856323242 34.9246444702148 34.7980690002441 34.6637496948242 34.5884857177734 34.5615386962891 34.5828323364258 34.6269798278809 34.7465591430664 34.8841590881348 34.9704475402832 35.0468788146973 35.0310401916504 35.0325050354004 35.1063804626465 35.1885223388672 35.2881088256836 35.3773574829102 35.4539756774902 35.5094795227051 35.5495948791504 35.5963096618652 35.6457595825195 35.6481323242188 35.6412467956543 35.6858863830566 35.7318000793457 35.7715301513672 35.8049354553223 35.8160781860352 35.824333190918 35.8272285461426 35.8240509033203 35.8142547607422 35.8116455078125 35.8136825561523 35.826473236084 35.8431282043457 35.8816299438477
35.980655670166 35.9354667663574 35.8807411193848 35.8186874389648 35.7567672729492 35.718692779541 35.6760787963867 35.6103744506836 35.5199928283691 35.3700218200684 35.2193489074707 35.0677032470703 34.9886512756348 34.968994140625 34.9663925170898 34.9718704223633 35.0739440917969 35.1990928649902 35.2807235717773 35.3526649475098 35.3270835876465 35.312915802002 35.346508026123 35.3889465332031 35.4500579833984 35.5140419006348 35.5815353393555 35.6266822814941 35.6555557250977 35.6899452209473 35.726619720459 35.7228584289551 35.7111511230469 35.7430191040039 35.7775650024414 35.8225021362305 35.8619918823242 35.88232421875 35.8973503112793 35.9025077819824 35.9022064208984 35.8959503173828 35.8946304321289 35.8965034484863 35.9029502868652 35.9110412597656 35.9368667602539
