Ecospace-environmental-drivers/Outputs/ASCII-for-ecospace/MOM6-ISIMIP3a/so-surf/1992-04_so-surf_MOM6-ISIMIP3a.asc
NCOLS 131 
NROWS 53 
XLLCORNER -98 
YLLCORNER 23.9265270233154 
CELLSIZE 0.133587792515755 
NODATA_value -9999 
[rows 0 to 20 of 53, columns 47 to 93 of 131]
-9999 -9999 -9999 -9999 -9999 -9999 -9999 -9999 -9999 -9999 -9999 -9999 -9999 -9999 -9999 -9999 -9999 -9999 -9999 -9999 -9999 -9999 -9999 -9999 -9999 -9999 -9999 -9999 -9999 -9999 -9999 -9999 -9999 -9999 -9999 -9999 -9999 -9999 -9999 -9999 -9999 -9999 -9999 -9999 -9999 -9999 -9999
-9999 -9999 -9999 -9999 -9999 -9999 -9999 -9999 -9999 -9999 -9999 -9999 -9999 -9999 -9999 -9999 -9999 -9999 -9999 -9999 -9999 -9999 -9999 -9999 -9999 -9999 -9999 -9999 -9999 -9999 -9999 -9999 -9999 -9999 -9999 -9999 -9999 -9999 -9999 -9999 -9999 -9999 -9999 -9999 -9999 -9999 -9999
-9999 -9999 -9999 -9999 -9999 -9999 -9999 -9999 -9999 -9999 -9999 -9999 -9999 -9999 -9999 -9999 -9999 -9999 -9999 -9999 -9999 -9999 -9999 -9999 -9999 -9999 -9999 33.0782508850098 33.6447830200195 -9999 -9999 -9999 -9999 -9999 -9999 -9999 -9999 -9999 -9999 -9999 -9999 -9999 -9999 -9999 -9999 -9999 -9999
-9999 -9999 -9999 -9999 -9999 -9999 -9999 -9999 -9999 -9999 -9999 -9999 -9999 -9999 -9999 -9999 -9999 -9999 -9999 -9999 -9999 -9999 -9999 -9999 -9999 -9999 -9999 33.1574058532715 33.7022132873535 -9999 -9999 -9999 -9999 -9999 -9999 -9999 -9999 -9999 -9999 -9999 -9999 -9999 -9999 -9999 -9999 -9999 -9999
-9999 -9999 -9999 -9999 -9999 -9999 -9999 -9999 -9999 -9999 -9999 -9999 -9999 -9999 -9999 -9999 -9999 -9999 23.9913311004639 24.2272682189941 24.4160175323486 25.5170364379883 26.5471038818359 28.4574527740479 30.0813865661621 31.4095878601074 32.471321105957 33.2444801330566 33.7564163208008 34.1057434082031 -9999 -9999 34.760929107666 34.9370422363281 35.0864219665527 35.2083587646484 35.287036895752 35.3410415649414 35.3727378845215 35.4010467529297 35.4284172058105 35.4578475952148 -9999 -9999 -9999 -9999 -9999
-9999 -9999 -9999 -9999 -9999 -9999 -9999 -9999 -9999 -9999 -9999 -9999 -9999 -9999 19.60276222229 -9999 19.3093719482422 19.0733966827393 21.6068153381348 23.9913311004639 24.2744560241699 24.4160175323486 26.6180572509766 28.6072387695312 30.1470623016357 31.4898567199707 32.5918426513672 33.3322639465332 33.8093299865723 34.1276550292969 34.3802452087402 34.5781707763672 34.7653541564941 34.9392623901367 35.1065101623535 35.213493347168 35.3050765991211 35.3425369262695 35.3755111694336 35.4001655578613 35.4274597167969 35.4576225280762 35.4884643554688 35.5197410583496 -9999 -9999 -9999
-9999 -9999 -9999 -9999 -9999 -9999 -9999 -9999 -9999 -9999 21.2690467834473 21.2604827880859 21.2605590820312 21.2766418457031 20.4676895141602 19.6472282409668 19.5582942962646 19.2964267730713 19.0733966827393 21.7557163238525 23.9913311004639 24.4160175323486 26.6180572509766 28.6072387695312 30.1470623016357 31.4898567199707 32.5918426513672 33.3322639465332 33.8093299865723 34.1276550292969 34.3802452087402 34.5781707763672 34.7653541564941 34.9392623901367 35.1065101623535 35.213493347168 35.3050765991211 35.3425369262695 35.3755111694336 35.4001655578613 35.4274597167969 35.4576225280762 35.4884643554688 35.5197410583496 35.5280075073242 35.5610504150391 -9999
-9999 -9999 -9999 -9999 -9999 -9999 -9999 -9999 -9999 -9999 21.3149604797363 21.2690467834473 21.2519207000732 -9999 21.3172912597656 20.5549201965332 19.7361640930176 19.5582942962646 19.25758934021 19.0733966827393 22.2024192810059 25.1579399108887 27.3873500823975 29.3554363250732 30.7718505859375 32.0017318725586 33.0036354064941 33.6746826171875 34.1047401428223 34.381950378418 34.5958671569824 34.7532043457031 34.8994178771973 35.0251426696777 35.146053314209 35.2273025512695 35.2985916137695 35.3348693847656 35.3671340942383 35.3919486999512 35.4198303222656 35.4510498046875 35.4862174987793 35.5239372253418 35.5599021911621 35.5952415466309 35.5995712280273
-9999 -9999 -9999 -9999 -9999 -9999 -9999 -9999 -9999 -9999 -9999 -9999 -9999 -9999 21.2782936096191 21.4387893676758 20.7630634307861 19.9140319824219 19.5582942962646 19.141077041626 22.6905632019043 25.9902725219727 28.2446384429932 30.1858367919922 31.4659175872803 32.5702438354492 33.4597549438477 34.0528030395508 34.4299087524414 34.6611633300781 34.8320121765137 34.9448204040527 35.0462226867676 35.1194877624512 35.18994140625 35.2431488037109 35.2922897338867 35.3271331787109 35.3584594726562 35.3832473754883 35.4115905761719 35.4438018798828 35.4836387634277 35.5284080505371 35.5638999938965 35.5960540771484 35.602367401123
30.6055946350098 -9999 -9999 -9999 -9999 -9999 -9999 -9999 -9999 -9999 24.9533233642578 21.3620204925537 -9999 -9999 -9999 21.3652935028076 21.7505359649658 21.2271595001221 20.2697696685791 20.5541076660156 23.9493389129639 27.0935840606689 29.1874294281006 30.9845008850098 32.1550636291504 33.1304817199707 33.8673934936523 34.3512878417969 34.6508865356445 34.826789855957 34.9514656066895 35.0391807556152 35.1196365356445 35.1770210266113 35.2323608398438 35.2760848999023 35.3166351318359 35.3460350036621 35.3713340759277 35.3890228271484 35.4112358093262 35.4383850097656 35.4782905578613 35.5264434814453 35.5685081481934 35.6083869934082 35.6095695495605
30.4263191223145 30.3998546600342 -9999 -9999 -9999 -9999 -9999 -9999 -9999 -9999 26.6773281097412 24.5078716278076 21.3620204925537 -9999 -9999 21.1320323944092 21.6948013305664 22.4247741699219 22.188159942627 22.1099815368652 25.3042793273926 28.2505702972412 30.1589317321777 31.7894401550293 32.8333854675293 33.6711654663086 34.2569618225098 34.6346321105957 34.8607025146484 34.9864921569824 35.0707511901855 35.1350059509277 35.1953277587891 35.2364349365234 35.276180267334 35.3095893859863 35.3408241271973 35.3644104003906 35.3837699890137 35.3952674865723 35.4123573303223 35.4355392456055 35.475414276123 35.5260963439941 35.5744247436523 35.6219024658203 35.6195030212402
30.4263191223145 30.3469257354736 30.3571510314941 30.1598091125488 -9999 -9999 -9999 -9999 -9999 -9999 -9999 26.0271892547607 23.8786029815674 21.3620204925537 21.2690467834473 21.1320323944092 21.6948013305664 22.4247741699219 23.3637046813965 24.4320468902588 27.1750297546387 29.6954517364502 31.2844257354736 32.6280326843262 33.4536552429199 34.1069488525391 34.5496139526367 34.8367576599121 35.0106239318848 35.1144027709961 35.1891555786133 35.2386779785156 35.2832412719727 35.3059463500977 35.3275375366211 35.3461532592773 35.3641510009766 35.3799781799316 35.3938407897949 35.4040565490723 35.42138671875 35.4464683532715 35.4858283996582 35.534423828125 35.5873260498047 35.641773223877 35.6441078186035
30.5640487670898 30.4669799804688 30.4444446563721 30.1702556610107 -9999 -9999 -9999 -9999 27.801097869873 27.2063465118408 26.7159252166748 26.3687362670898 24.9969081878662 22.7867488861084 22.0484046936035 22.0072288513184 22.5494613647461 23.2310905456543 24.9105606079102 26.6913757324219 28.9495143890381 31.0243988037109 32.3323364257812 33.4194526672363 34.0403900146484 34.520206451416 34.8275566101074 35.0286254882812 35.152286529541 35.2334671020508 35.297061920166 35.3313522338867 35.3598861694336 35.3658256530762 35.3710556030273 35.3775596618652 35.384952545166 35.395450592041 35.4060211181641 35.4167327880859 35.4344062805176 35.4596672058105 35.4971046447754 35.542423248291 35.5996246337891 35.6610946655273 35.6751480102539
31.0461139678955 30.7482204437256 30.4683399200439 30.1702556610107 29.8647289276123 29.4086132049561 28.9350662231445 28.3728446960449 27.801097869873 27.2063465118408 26.7159252166748 26.3687362670898 25.7316970825195 24.8575115203857 24.7762031555176 25.0704650878906 25.5408134460449 26.0532360076904 27.3857154846191 28.7938613891602 30.4833278656006 32.0635032653809 33.1862907409668 34.0929298400879 34.543270111084 34.8771629333496 35.0687255859375 35.1948432922363 35.2732887268066 35.3304176330566 35.3787155151367 35.3965377807617 35.4083709716797 35.4016151428223 35.3949661254883 35.396068572998 35.3994255065918 35.4106903076172 35.4234886169434 35.4391326904297 35.457405090332 35.4785385131836 35.5105476379395 35.5495986938477 35.6104164123535 35.6790580749512 35.722282409668
31.6238555908203 31.2199420928955 30.7993106842041 30.4690017700195 30.1443920135498 29.7241134643555 29.2879829406738 28.7712173461914 28.2427425384521 27.6859970092773 27.2736854553223 27.0596656799316 26.9963874816895 27.0564441680908 27.4267749786377 27.9440784454346 28.3631267547607 28.7586975097656 29.7480335235596 30.7860355377197 31.9386539459229 33.0403938293457 33.9292144775391 34.6308898925781 34.9374923706055 35.1534805297852 35.2587127685547 35.329216003418 35.3744163513184 35.4114418029785 35.4450759887695 35.4492797851562 35.447696685791 35.4316673278809 35.4164924621582 35.414909362793 35.416934967041 35.4316253662109 35.4488792419434 35.470890045166 35.4901924133301 35.5065460205078 35.5303535461426 35.5589828491211 35.6153335571289 35.6816444396973 35.7423553466797
32.3368644714355 31.9609699249268 31.5644302368164 31.1901187896729 30.819450378418 30.4856758117676 30.1398639678955 29.732816696167 29.3087940216064 28.843786239624 28.6200199127197 28.7274417877197 29.0102615356445 29.4365844726562 29.9681625366211 30.5495986938477 30.9464454650879 31.2991886138916 31.9508190155029 32.6222496032715 33.2830123901367 33.9293251037598 34.5151634216309 34.9772491455078 35.178092956543 35.3157997131348 35.3763427734375 35.4185638427734 35.447437286377 35.4699478149414 35.4898223876953 35.4844360351562 35.4740829467773 35.4536056518555 35.4346504211426 35.4342231750488 35.4387359619141 35.4606170654297 35.4854774475098 35.515869140625 35.5368156433105 35.5474662780762 35.5591468811035 35.5714874267578 35.6119384765625 35.6624870300293 35.7241668701172
33.0046882629395 32.677677154541 32.3346328735352 31.9869232177734 31.6409759521484 31.3554954528809 31.0653228759766 30.7512855529785 30.4294548034668 30.0888061523438 29.9908752441406 30.2261619567871 30.6609153747559 31.2588653564453 31.8542728424072 32.4484748840332 32.7922286987305 33.0761375427246 33.4772033691406 33.8822288513184 34.227725982666 34.5765419006348 34.9392547607422 35.2253684997559 35.349781036377 35.4333724975586 35.4670715332031 35.4909362792969 35.507640838623 35.5177230834961 35.5250663757324 35.513500213623 35.4982223510742 35.4752769470215 35.4542007446289 35.4541511535645 35.460277557373 35.488094329834 35.5199356079102 35.5592498779297 35.5851554870605 35.5964508056641 35.6008758544922 35.6008605957031 35.6249618530273 35.6577301025391 35.7119293212891
33.6344604492188 33.3739051818848 33.1091156005859 32.8474617004395 32.5858421325684 32.316478729248 32.0527458190918 31.81764793396 31.5961017608643 31.4072818756104 31.3823795318604 31.58251953125 32.0056953430176 32.6113586425781 33.1885604858398 33.7522773742676 34.016918182373 34.2100982666016 34.4339828491211 34.6569519042969 34.8358879089355 35.020206451416 35.2270393371582 35.390754699707 35.4634399414062 35.5132637023926 35.5351486206055 35.5490188598633 35.5570487976074 35.5564613342285 35.5523071289062 35.5374412536621 35.5204734802246 35.4967231750488 35.474925994873 35.4746055603027 35.4815940856934 35.5143013000488 35.5526008605957 35.6012916564941 35.6349487304688 35.6522178649902 35.6534996032715 35.6444320678711 35.6518096923828 35.665096282959 35.704704284668
34.2499313354492 34.0473709106445 33.8390007019043 33.6421432495117 33.4452514648438 33.2156715393066 32.9993743896484 32.8506278991699 32.7058944702148 32.5708389282227 32.5462913513184 32.6734504699707 32.9748001098633 33.4186706542969 33.8998107910156 34.398609161377 34.6408157348633 34.8217124938965 34.967960357666 35.109016418457 35.2092323303223 35.3119926452637 35.4253997802734 35.5148582458496 35.5537719726562 35.581184387207 35.5945358276367 35.5989036560059 35.5967292785645 35.5876693725586 35.575756072998 35.5583915710449 35.5399589538574 35.5166625976562 35.4951210021973 35.4924812316895 35.4982872009277 35.5337944030762 35.5762252807617 35.631519317627 35.6732521057129 35.7002067565918 35.7071990966797 35.7012672424316 35.7000732421875 35.7005805969238 35.7236671447754
34.8584022521973 34.7096977233887 34.5470657348633 34.4045944213867 34.2628364562988 34.0846290588379 33.9260406494141 33.8672752380371 33.7878608703613 33.6585845947266 33.5988235473633 33.6344947814941 33.7600631713867 33.9591827392578 34.3061676025391 34.7231941223145 34.9707069396973 35.1777153015137 35.2950286865234 35.4031791687012 35.4676666259766 35.5294609069824 35.5799942016602 35.6187629699707 35.6326904296875 35.6432418823242 35.6496658325195 35.6447792053223 35.6316528320312 35.6151885986328 35.5973472595215 35.577880859375 35.5580978393555 35.5358657836914 35.5150604248047 35.5091018676758 35.5127182006836 35.5500030517578 35.5954246520996 35.6559638977051 35.7059326171875 35.7443885803223 35.7614212036133 35.764591217041 35.7588157653809 35.749828338623 35.755443572998
35.2208442687988 35.1222076416016 35.0077323913574 34.9076881408691 34.8079795837402 34.6775817871094 34.5714416503906 34.5887069702148 34.5539627075195 34.3936424255371 34.2874755859375 34.2556610107422 34.2987213134766 34.4030494689941 34.672290802002 35.019645690918 35.2329368591309 35.414192199707 35.5079002380371 35.59228515625 35.6284828186035 35.6609687805176 35.6779327392578 35.6906204223633 35.694278717041 35.6966819763184 35.6975593566895 35.6842041015625 35.6604766845703 35.6346893310547 35.6080513000488 35.5858116149902 35.5644378662109 35.5449256896973 35.526668548584 35.5199928283691 35.5228042602539 35.5589637756348 35.6036491394043 35.6641693115234 35.7181854248047 35.7651176452637 35.7944602966309 35.8124198913574 35.811336517334 35.8034133911133 35.7982749938965
