Ecospace-environmental-drivers/Outputs/ASCII-for-ecospace/MOM6-ISIMIP3a/so-surf/1993-02_so-surf_MOM6-ISIMIP3a.asc
NCOLS 131 
NROWS 53 
XLLCORNER -98 
YLLCORNER 23.9265270233154 
CELLSIZE 0.133587792515755 
NODATA_value -9999 
[rows 21 to 41 of 53, columns 0 to 46 of 131]
-9999 -9999 -9999 -9999 -9999 -9999 34.4741172790527 34.4385223388672 34.3459167480469 34.1968879699707 34.1164207458496 33.9752159118652 34.0131530761719 34.126163482666 34.3153343200684 34.5923805236816 34.8457069396973 35.0827407836914 35.2379302978516 35.3615188598633 35.4520988464355 35.5368537902832 35.6192588806152 35.7032814025879 35.8012046813965 35.8924217224121 35.9618721008301 36.0271949768066 36.0853118896484 36.1319999694824 36.1669235229492 36.1799125671387 36.1795387268066 36.1312446594238 36.0669746398926 35.937572479248 35.7994232177734 35.696605682373 35.599552154541 35.5391807556152 35.4831848144531 35.4393730163574 35.392520904541 35.3409614562988 35.2835693359375 35.220817565918 35.1799583435059
-9999 -9999 -9999 -9999 -9999 -9999 34.4805488586426 34.4741172790527 34.4029312133789 34.3097267150879 34.1968879699707 34.1771545410156 34.2185440063477 34.3808860778809 34.596809387207 34.8745574951172 35.1465682983398 35.4146308898926 35.6032752990723 35.7612571716309 35.8550605773926 35.9375419616699 35.999439239502 36.0610580444336 36.1240768432617 36.183048248291 36.2288970947266 36.2723808288574 36.3117446899414 36.3437767028809 36.3682708740234 36.3814964294434 36.3878555297852 36.352294921875 36.3027610778809 36.1566581726074 35.9974975585938 35.8783226013184 35.7670631408691 35.7062110900879 35.6483573913574 35.5988464355469 35.5531272888184 35.5132637023926 35.4754447937012 35.4394950866699 35.4157485961914
-9999 -9999 -9999 -9999 34.5932464599609 34.5227966308594 34.4853057861328 34.4822273254395 34.4741172790527 34.3317451477051 34.2361602783203 34.3196830749512 34.4431228637695 34.6455383300781 34.8790092468262 35.1483154296875 35.430004119873 35.7202033996582 35.9395561218262 36.1315612792969 36.2329406738281 36.3183288574219 36.360595703125 36.4003639221191 36.427188873291 36.4527435302734 36.4741668701172 36.4951477050781 36.5153579711914 36.5326499938965 36.5469436645508 36.5609130859375 36.5746917724609 36.553638458252 36.5209770202637 36.3626251220703 36.1872138977051 36.054859161377 35.9322242736816 35.8714828491211 35.8118553161621 35.7553405761719 35.7092170715332 35.6791610717773 35.6593894958496 35.6490516662598 35.639591217041
-9999 -9999 -9999 -9999 34.7523994445801 34.612476348877 34.5602874755859 34.4853057861328 34.4872589111328 34.5121154785156 34.5520362854004 34.6496276855469 34.7880249023438 35.0071601867676 35.2401275634766 35.4890518188477 35.7325973510742 35.9724540710449 36.1478271484375 36.2983016967773 36.369312286377 36.4263000488281 36.44970703125 36.4717407226562 36.4884490966797 36.5047264099121 36.5196189880371 36.5340957641602 36.5478553771973 36.559871673584 36.5700988769531 36.583179473877 36.5979995727539 36.5856781005859 36.5643043518066 36.4494247436523 36.3217964172363 36.2174606323242 36.1193618774414 36.0609550476074 36.0017738342285 35.9404373168945 35.8870048522949 35.8457832336426 35.8220901489258 35.8144912719727 35.801097869873
-9999 -9999 -9999 -9999 -9999 34.7523994445801 34.6519165039062 34.6352729797363 34.5356025695801 34.7128982543945 34.8795318603516 35.0053367614746 35.1645431518555 35.3898391723633 35.6151542663574 35.8404922485352 36.0412445068359 36.2251129150391 36.3527145385742 36.4585914611816 36.5002937316895 36.5306701660156 36.5373382568359 36.5435218811035 36.5499496459961 36.5566825866699 36.5643997192383 36.5718383789062 36.5787963867188 36.5854339599609 36.5917434692383 36.6035652160645 36.6187477111816 36.6151428222656 36.6052780151367 36.5325889587402 36.4512367248535 36.3718948364258 36.2955741882324 36.2384948730469 36.1794319152832 36.1148490905762 36.0557403564453 36.0050849914551 35.9768905639648 35.9693069458008 35.9517555236816
-9999 -9999 -9999 -9999 -9999 34.7191772460938 34.7523994445801 34.7346801757812 34.7383079528809 35.0031967163086 35.2579689025879 35.4740142822266 35.6796875 35.8648262023926 36.0511512756348 36.2388496398926 36.3764190673828 36.479564666748 36.542781829834 36.5905876159668 36.6076278686523 36.6192436218262 36.6184844970703 36.6170768737793 36.6125183105469 36.6085014343262 36.6062355041504 36.6042938232422 36.6029205322266 36.6037178039551 36.6067543029785 36.6156997680664 36.6282501220703 36.6333427429199 36.6359481811523 36.5998115539551 36.5581359863281 36.4904975891113 36.4238700866699 36.3636932373047 36.3033218383789 36.2423934936523 36.1847877502441 36.1323165893555 36.0970306396484 36.0775146484375 36.0548629760742
-9999 -9999 34.6422309875488 34.6522331237793 34.6639099121094 34.6859169006348 34.7192192077637 34.8016166687012 34.9073715209961 35.256706237793 35.5921211242676 35.8742828369141 36.1105651855469 36.2560653686523 36.3991508483887 36.5394515991211 36.6209602355957 36.6620864868164 36.6783905029297 36.6851119995117 36.685230255127 36.6841850280762 36.679271697998 36.6736755371094 36.6631050109863 36.6529312133789 36.6440467834473 36.6356430053711 36.6280860900879 36.6242637634277 36.6242904663086 36.630256652832 36.6398391723633 36.6497077941895 36.65966796875 36.6511764526367 36.6398582458496 36.5898513793945 36.5389289855957 36.4821624755859 36.424991607666 36.3667030334473 36.3102035522461 36.2564582824707 36.2137260437012 36.1810989379883 36.1506462097168
-9999.000000000000000 -9999 -9999 -9999 34.6068725585938 34.641902923584 34.6216163635254 34.7977180480957 35.0030479431152 35.4299468994141 35.8296546936035 36.1252899169922 36.357593536377 36.4645729064941 36.5551376342773 36.626766204834 36.6677436828613 36.6876754760742 36.6951789855957 36.697883605957 36.6979560852051 36.6975631713867 36.6956443786621 36.693286895752 36.6875534057617 36.6812438964844 36.6730766296387 36.6645851135254 36.6555290222168 36.6497497558594 36.6473426818848 36.6500930786133 36.6559867858887 36.6620750427246 36.6682357788086 36.6679496765137 36.6666412353516 36.6472091674805 36.6250991821289 36.5859336853027 36.5418243408203 36.483959197998 36.4276809692383 36.3738594055176 36.3229064941406 36.2745895385742 36.2304496765137
-9999 -9999 -9999 -9999 34.5278663635254 34.4927940368652 34.5191307067871 34.7888412475586 35.0863761901855 35.5599479675293 35.9934310913086 36.2734756469727 36.489917755127 36.5805130004883 36.6444244384766 36.677547454834 36.6951179504395 36.7020034790039 36.7037353515625 36.7034797668457 36.7030029296875 36.7024879455566 36.7023658752441 36.7020416259766 36.6999244689941 36.6967811584473 36.6903076171875 36.6831893920898 36.6749458312988 36.6690711975098 36.6656341552734 36.6662368774414 36.6693077087402 36.6724166870117 36.675537109375 36.6793441772461 36.6832122802734 36.6819648742676 36.6778602600098 36.6555366516113 36.626781463623 36.5801239013672 36.5323371887207 36.4828109741211 36.4297981262207 36.3735847473145 36.3207473754883
-9999 -9999 -9999 -9999 34.4708480834961 34.4488983154297 34.4217987060547 34.7737121582031 35.1541786193848 35.6355514526367 36.0644149780273 36.292293548584 36.4779319763184 36.5799942016602 36.6497955322266 36.6823768615723 36.698070526123 36.7021636962891 36.7019348144531 36.7000389099121 36.6983833312988 36.6967735290527 36.6969451904297 36.6971282958984 36.6971054077148 36.6962509155273 36.6926956176758 36.6887893676758 36.6842651367188 36.6806335449219 36.6779251098633 36.6777381896973 36.6790809631348 36.6802062988281 36.6812553405762 36.6839866638184 36.6869316101074 36.6882858276367 36.6885833740234 36.6821517944336 36.6716346740723 36.6497497558594 36.6208610534668 36.5811386108398 36.5338096618652 36.4795036315918 36.4242477416992
-9999 -9999 -9999 -9999 34.4488983154297 34.4160957336426 34.3775863647461 34.7761421203613 35.1986083984375 35.6554679870605 36.0606880187988 36.2682685852051 36.4479103088379 36.5722770690918 36.6542701721191 36.687370300293 36.7016372680664 36.7029609680176 36.7007293701172 36.6971282958984 36.6942710876465 36.6915473937988 36.6920013427734 36.6926383972168 36.6942253112793 36.6951637268066 36.6940155029297 36.6924819946289 36.6902809143066 36.6881637573242 36.6861267089844 36.6855049133301 36.6857452392578 36.6859245300293 36.6860847473145 36.6881370544434 36.6904487609863 36.6930809020996 36.6954116821289 36.6958274841309 36.6940689086914 36.6862525939941 36.67138671875 36.6456298828125 36.6105613708496 36.5669479370117 36.5186805725098
-9999 -9999 -9999 -9999 34.414192199707 34.3775863647461 34.7794418334961 34.7917404174805 35.2255058288574 35.6336135864258 36.0009307861328 36.2121124267578 36.4043617248535 36.5591583251953 36.6580696105957 36.6924934387207 36.7056617736816 36.7042388916016 36.6999702453613 36.6946067810059 36.6905326843262 36.6866912841797 36.6874198913574 36.6884613037109 36.691291809082 36.693660736084 36.6945304870605 36.6947479248047 36.6938247680664 36.6926612854004 36.6912536621094 36.6904792785645 36.6900825500488 36.6900978088379 36.6902503967285 36.6919212341309 36.6938133239746 36.6967315673828 36.6993179321289 36.6998023986816 36.6996879577637 36.6979103088379 36.6934242248535 36.6847496032715 36.6668663024902 36.6405372619629 36.6063117980957
-9999 -9999 -9999 -9999 34.3775863647461 34.8366546630859 35.0391426086426 35.172290802002 35.205940246582 35.5792274475098 35.9258460998535 36.17041015625 36.3908729553223 36.5636558532715 36.6699867248535 36.6996459960938 36.7094802856445 36.7057037353516 36.6997032165527 36.6928443908691 36.6886291503906 36.6848831176758 36.6864738464355 36.6883392333984 36.6915626525879 36.6943359375 36.6956634521484 36.6963310241699 36.6958503723145 36.6951370239258 36.6941833496094 36.6935005187988 36.692985534668 36.6935386657715 36.6944541931152 36.6962928771973 36.6982650756836 36.7009773254395 36.7033882141113 36.7038841247559 36.7042465209961 36.7042388916016 36.7034111022949 36.7013130187988 36.6931343078613 36.6793746948242 36.6588668823242
-9999 -9999 -9999 -9999 -9999 35.1076965332031 35.150447845459 35.1534004211426 35.1664581298828 35.5108909606934 35.8442001342773 36.1349067687988 36.3902702331543 36.5756950378418 36.6853790283203 36.7076683044434 36.7132110595703 36.7072486877441 36.6996421813965 36.6914024353027 36.6875114440918 36.684383392334 36.687084197998 36.6899566650391 36.6932029724121 36.6959495544434 36.6970596313477 36.6976203918457 36.6972274780273 36.6967468261719 36.6961708068848 36.6956901550293 36.6952705383301 36.6966667175293 36.698673248291 36.7009124755859 36.7031860351562 36.7054824829102 36.7075347900391 36.7080192565918 36.7083549499512 36.7082862854004 36.7082366943359 36.7082138061523 36.7065277099609 36.7033195495605 36.6963920593262
-9999 -9999 -9999 -9999 -9999 35.1451606750488 35.1334915161133 35.1256561279297 35.1526870727539 35.4911117553711 35.8276824951172 36.1571807861328 36.4337501525879 36.6055908203125 36.7033233642578 36.7155418395996 36.715950012207 36.708251953125 36.6996841430664 36.6907768249512 36.687915802002 36.6861228942871 36.6894874572754 36.6928405761719 36.6951789855957 36.697093963623 36.697624206543 36.697826385498 36.6974563598633 36.6971740722656 36.6969871520996 36.6972961425781 36.6979064941406 36.6996994018555 36.7018852233887 36.7041931152344 36.7065124511719 36.7084312438965 36.7101631164551 36.7107124328613 36.7110977172852 36.7110481262207 36.7110977172852 36.7113075256348 36.7108688354492 36.709831237793 36.7066345214844
-9999 -9999 -9999 -9999 -9999 35.1761627197266 35.1515464782715 35.1214179992676 35.1442375183105 35.481372833252 35.8246459960938 36.1914100646973 36.4863510131836 36.6391830444336 36.721794128418 36.7233810424805 36.7184867858887 36.7091445922852 36.6997413635254 36.6903190612793 36.6886367797852 36.6883239746094 36.6922569274902 36.695987701416 36.6972274780273 36.6981430053711 36.6980209350586 36.6978073120117 36.6974449157715 36.6973609924316 36.6975631713867 36.6987838745117 36.7006187438965 36.7027130126953 36.704891204834 36.7071952819824 36.7095108032227 36.7110595703125 36.7124786376953 36.7131080627441 36.7135620117188 36.7135467529297 36.7135581970215 36.7136154174805 36.7133293151855 36.7127342224121 36.7112312316895
-9999 -9999 -9999 -9999 -9999 -9999 35.2434539794922 35.2075614929199 35.2340850830078 35.558837890625 35.8923721313477 36.2595138549805 36.5447311401367 36.6678428649902 36.7321357727051 36.7285614013672 36.7209320068359 36.7105178833008 36.700984954834 36.6917915344238 36.6900596618652 36.6896476745605 36.6934356689453 36.6970062255859 36.6979904174805 36.6986541748047 36.6982803344727 36.6979293823242 36.6976089477539 36.6976509094238 36.6980667114258 36.6991691589355 36.70068359375 36.7026062011719 36.7046585083008 36.7070541381836 36.7094917297363 36.7112884521484 36.7129516601562 36.7137641906738 36.7143821716309 36.7144508361816 36.7144470214844 36.7143249511719 36.7140579223633 36.7136611938477 36.7119522094727
-9999 -9999 -9999 -9999 -9999 -9999 35.372257232666 35.4013862609863 35.3380966186523 35.6494522094727 35.9710502624512 36.331859588623 36.6027145385742 36.6955757141113 36.7415542602539 36.7334403991699 36.7233734130859 36.7119636535645 36.7023582458496 36.6934509277344 36.6915283203125 36.6908416748047 36.6944198608398 36.6977882385254 36.6986045837402 36.6990928649902 36.6985244750977 36.6980514526367 36.6977424621582 36.697868347168 36.6984443664551 36.6993675231934 36.7005081176758 36.7022438049316 36.7041778564453 36.7066764831543 36.7092437744141 36.7113151550293 36.7132453918457 36.7142639160156 36.7150535583496 36.7152099609375 36.7151870727539 36.714900970459 36.7146415710449 36.7144088745117 36.71240234375
-9999 -9999 -9999 -9999 -9999 -9999 35.5618782043457 35.5078277587891 35.5462875366211 35.8386497497559 36.1327018737793 36.4332237243652 36.653694152832 36.7157821655273 36.7450294494629 36.736385345459 36.7258338928223 36.7139701843262 36.7045822143555 36.6961517333984 36.6931381225586 36.6910781860352 36.6941146850586 36.6970520019531 36.6982421875 36.699047088623 36.6986198425293 36.6981048583984 36.6974334716797 36.6972274780273 36.6974983215332 36.6981315612793 36.6989784240723 36.7006454467773 36.7025833129883 36.7052230834961 36.7079582214355 36.710319519043 36.7125396728516 36.7138786315918 36.7149200439453 36.7151336669922 36.7151374816895 36.7148208618164 36.7145195007324 36.7142295837402 36.711799621582
-9999 -9999 -9999 -9999 -9999 35.8062591552734 35.7519187927246 35.7764205932617 35.7687835693359 36.039981842041 36.3030891418457 36.5352172851562 36.7006187438965 36.7339973449707 36.747745513916 36.738842010498 36.7280006408691 36.7158279418945 36.7067070007324 36.6987686157227 36.6947708129883 36.6914672851562 36.6938552856445 36.6962471008301 36.6976776123047 36.6987152099609 36.6984710693359 36.6979866027832 36.697078704834 36.6966285705566 36.696647644043 36.6970558166504 36.6977005004883 36.6992568969727 36.7011184692383 36.7038841247559 36.7067718505859 36.7093315124512 36.7117691040039 36.7134132385254 36.7146949768066 36.7149505615234 36.7149810791016 36.7146682739258 36.71435546875 36.7140502929688 36.7111701965332
-9999 -9999 -9999 -9999 36.0078773498535 35.9075088500977 35.8062591552734 35.917163848877 36.0437507629395 36.2858123779297 36.5054931640625 36.6395225524902 36.732666015625 36.7449111938477 36.7476768493652 36.7394981384277 36.7290840148926 36.7171363830566 36.7084655761719 36.7010650634766 36.6964836120605 36.6923980712891 36.6937522888184 36.695198059082 36.6963958740234 36.6973342895508 36.6974258422852 36.6972351074219 36.6965560913086 36.6961860656738 36.6961326599121 36.6965789794922 36.6973304748535 36.6986351013184 36.7001266479492 36.7029495239258 36.7059555053711 36.708381652832 36.7107391357422 36.7126579284668 36.7141304016113 36.7143707275391 36.7144393920898 36.714241027832 36.7140502929688 36.7138633728027 36.7104415893555
