Ecospace-environmental-drivers/Outputs/ASCII-for-ecospace/MOM6-ISIMIP3a/so-surf/1993-06_so-surf_MOM6-ISIMIP3a.asc
NCOLS 131 
NROWS 53 
XLLCORNER -98 
YLLCORNER 23.9265270233154 
CELLSIZE 0.133587792515755 
NODATA_value -9999 
[rows 0 to 20 of 53, columns 47 to 93 of 131]
-9999 -9999 -9999 -9999 -9999 -9999 -9999 -9999 -9999 -9999 -9999 -9999 -9999 -9999 -9999 -9999 -9999 -9999 -9999 -9999 -9999 -9999 -9999 -9999 -9999 -9999 -9999 -9999 -9999 -9999 -9999 -9999 -9999 -9999 -9999 -9999 -9999 -9999 -9999 -9999 -9999 -9999 -9999 -9999 -9999 -9999 -9999
-9999 -9999 -9999 -9999 -9999 -9999 -9999 -9999 -9999 -9999 -9999 -9999 -9999 -9999 -9999 -9999 -9999 -9999 -9999 -9999 -9999 -9999 -9999 -9999 -9999 -9999 -9999 -9999 -9999 -9999 -9999 -9999 -9999 -9999 -9999 -9999 -9999 -9999 -9999 -9999 -9999 -9999 -9999 -9999 -9999 -9999 -9999
-9999 -9999 -9999 -9999 -9999 -9999 -9999 -9999 -9999 -9999 -9999 -9999 -9999 -9999 -9999 -9999 -9999 -9999 -9999 -9999 -9999 -9999 -9999 -9999 -9999 -9999 -9999 28.4839954376221 29.4080772399902 -9999 -9999 -9999 -9999 -9999 -9999 -9999 -9999 -9999 -9999 -9999 -9999 -9999 -9999 -9999 -9999 -9999 -9999
-9999 -9999 -9999 -9999 -9999 -9999 -9999 -9999 -9999 -9999 -9999 -9999 -9999 -9999 -9999 -9999 -9999 -9999 -9999 -9999 -9999 -9999 -9999 -9999 -9999 -9999 -9999 28.5051822662354 29.4313831329346 -9999 -9999 -9999 -9999 -9999 -9999 -9999 -9999 -9999 -9999 -9999 -9999 -9999 -9999 -9999 -9999 -9999 -9999
-9999 -9999 -9999 -9999 -9999 -9999 -9999 -9999 -9999 -9999 -9999 -9999 -9999 -9999 -9999 -9999 -9999 -9999 21.0555648803711 21.2140064239502 21.3407592773438 22.0801391601562 22.7880573272705 24.1374778747559 25.3676357269287 26.4838600158691 27.5345249176025 28.5278720855713 29.4531517028809 30.3131275177002 -9999 -9999 32.4856071472168 33.0646934509277 33.5520820617676 33.9989891052246 34.3766441345215 34.6947479248047 34.9326515197754 35.1127548217773 35.2390289306641 35.3323402404785 -9999 -9999 -9999 -9999 -9999
-9999 -9999 -9999 -9999 -9999 -9999 -9999 -9999 -9999 -9999 -9999 -9999 -9999 -9999 18.2143115997314 -9999 17.9503040313721 17.7362213134766 19.4371318817139 21.0555648803711 21.2456951141357 21.3407592773438 22.8195190429688 24.203893661499 25.3890190124512 26.5099925994873 27.5525665283203 28.5410137176514 29.4900360107422 30.3284034729004 31.1209449768066 31.8408164978027 32.5464057922363 33.0696029663086 33.578067779541 34.0085716247559 34.4103317260742 34.7110252380371 34.9628829956055 35.1240501403809 35.251335144043 35.3416976928711 35.4039878845215 35.4481163024902 -9999 -9999 -9999
-9999 -9999 -9999 -9999 -9999 -9999 -9999 -9999 -9999 -9999 20.2416152954102 20.220027923584 20.2032051086426 20.1546020507812 19.1725444793701 18.2513599395752 18.1772632598877 17.937427520752 17.7362213134766 19.5196094512939 21.0555648803711 21.3407592773438 22.8195190429688 24.203893661499 25.3890190124512 26.5099925994873 27.5525665283203 28.5410137176514 29.4900360107422 30.3284034729004 31.1209449768066 31.8408164978027 32.5464057922363 33.0696029663086 33.578067779541 34.0085716247559 34.4103317260742 34.7110252380371 34.9628829956055 35.1240501403809 35.251335144043 35.3416976928711 35.4039878845215 35.4481163024902 35.4597778320312 35.4763641357422 -9999
-9999 -9999 -9999 -9999 -9999 -9999 -9999 -9999 -9999 -9999 20.3573532104492 20.2416152954102 20.1984424591064 -9999 20.0958042144775 19.168737411499 18.3254566192627 18.1772632598877 17.8987998962402 17.7362213134766 19.7670402526855 21.6952037811279 23.1937465667725 24.5843944549561 25.7472648620605 26.8407115936279 27.8493099212646 28.8304653167725 29.7916355133057 30.6295852661133 31.41650390625 32.1152839660645 32.7967376708984 33.2967529296875 33.7806854248047 34.1731796264648 34.5347671508789 34.7876892089844 34.9998168945312 35.1361885070801 35.248664855957 35.3351058959961 35.397777557373 35.4450721740723 35.4736976623535 35.4956130981445 35.4854011535645
-9999 -9999 -9999 -9999 -9999 -9999 -9999 -9999 -9999 -9999 -9999 -9999 -9999 -9999 20.1117858886719 20.020357131958 19.2088184356689 18.4736518859863 18.1772632598877 17.7829132080078 20.0131950378418 22.106315612793 23.6253910064697 25.0229244232178 26.1638698577881 27.2281436920166 28.198709487915 29.1700973510742 30.1420822143555 30.976921081543 31.7549629211426 32.4275970458984 33.0795097351074 33.5515365600586 34.0060729980469 34.3548545837402 34.6706314086914 34.870361328125 35.0384063720703 35.1476058959961 35.2441368103027 35.3268623352051 35.3903770446777 35.4414596557617 35.4720153808594 35.4951972961426 35.4838066101074
30.4214687347412 -9999 -9999 -9999 -9999 -9999 -9999 -9999 -9999 -9999 23.852855682373 20.4759826660156 -9999 -9999 -9999 20.0248184204102 19.9673309326172 19.4010276794434 18.7700386047363 18.9622364044189 21.095682144165 23.1051006317139 24.5954494476318 25.9970645904541 27.2113571166992 28.2945365905762 29.2174701690674 30.1223182678223 31.0139942169189 31.7557697296143 32.4354667663574 32.9897499084473 33.5193824768066 33.8877067565918 34.2400817871094 34.4949951171875 34.7250556945801 34.8677444458008 34.993724822998 35.0886840820312 35.186466217041 35.2873306274414 35.3658752441406 35.4299774169922 35.463737487793 35.4865913391113 35.4791526794434
30.28297996521 30.2625370025635 -9999 -9999 -9999 -9999 -9999 -9999 -9999 -9999 25.5041027069092 23.5229530334473 20.4759826660156 -9999 -9999 19.8962326049805 19.9366073608398 20.0691528320312 20.0520782470703 20.1560688018799 22.1717262268066 24.0817890167236 25.5499286651611 26.9561519622803 28.2316627502441 29.3317470550537 30.2174224853516 31.0567321777344 31.862268447876 32.5063858032227 33.0836524963379 33.518684387207 33.9257545471191 34.1926155090332 34.4454650878906 34.6122055053711 34.7621803283691 34.8532180786133 34.9411544799805 35.0233192443848 35.1228523254395 35.2413139343262 35.3362922668457 35.416072845459 35.4539566040039 35.4767951965332 35.4704780578613
30.28297996521 30.2216491699219 30.0217571258545 29.5603923797607 -9999 -9999 -9999 -9999 -9999 -9999 -9999 25.043384552002 22.9562721252441 20.4759826660156 20.2416152954102 19.8962326049805 19.9366073608398 20.0691528320312 20.6953144073486 21.4277400970459 23.2132186889648 24.9399547576904 26.4208583831787 27.8345050811768 29.1061763763428 30.212423324585 31.116491317749 31.8956279754639 32.5837669372559 33.1055679321289 33.5584831237793 33.8694038391113 34.152416229248 34.3298034667969 34.4972991943359 34.6064071655273 34.7064895629883 34.7748260498047 34.8462524414062 34.9234085083008 35.0273590087891 35.1605072021484 35.2794303894043 35.3891525268555 35.4361305236816 35.4605751037598 35.4402389526367
30.4010677337646 30.2197914123535 30.0709400177002 29.574649810791 -9999 -9999 -9999 -9999 26.1508541107178 25.8268203735352 25.5805759429932 25.4411239624023 24.1084537506104 21.799524307251 20.8789958953857 20.6161231994629 20.634578704834 20.720251083374 21.750955581665 22.8745727539062 24.405574798584 25.9199485778809 27.3647403717041 28.7403297424316 29.9698314666748 31.0402050018311 31.9160919189453 32.6176528930664 33.1922378540039 33.6056518554688 33.9523239135742 34.1634483337402 34.3479232788086 34.4535827636719 34.5524749755859 34.6137084960938 34.6717834472656 34.7187576293945 34.7733879089355 34.8422508239746 34.9445571899414 35.0832977294922 35.2191772460938 35.3532028198242 35.4138984680176 35.4482460021973 35.4263153076172
30.8143825531006 30.4528656005859 30.0907440185547 29.574649810791 29.0355854034424 28.3019027709961 27.5620765686035 26.7910060882568 26.1508541107178 25.8268203735352 25.5805759429932 25.4411239624023 24.7065010070801 23.4849243164062 23.10986328125 23.1357803344727 23.0775127410889 22.9991302490234 23.8376293182373 24.7593231201172 25.97509765625 27.2045135498047 28.4910125732422 29.7148361206055 30.8063468933105 31.735746383667 32.4670104980469 33.0474891662598 33.5181350708008 33.8579978942871 34.1436958312988 34.3157806396484 34.4655265808105 34.5438461303711 34.6159973144531 34.6537475585938 34.6895484924316 34.7184906005859 34.7556228637695 34.8079833984375 34.8934745788574 35.0150718688965 35.1504287719727 35.2946891784668 35.3806381225586 35.4456367492676 35.4531784057617
31.2467021942139 30.7877902984619 30.306468963623 29.7900371551514 29.2648944854736 28.601583480835 27.9405479431152 27.2910823822021 26.7544384002686 26.4902057647705 26.2905044555664 26.1793956756592 25.8709964752197 25.4011783599854 25.378137588501 25.566722869873 25.5131416320801 25.4016990661621 26.0341053009033 26.7312698364258 27.6271514892578 28.5528964996338 29.6036262512207 30.6126976013184 31.5338306427002 32.3076210021973 32.9013252258301 33.3783912658691 33.7704963684082 34.060661315918 34.3086090087891 34.4583435058594 34.5887756347656 34.645938873291 34.6967582702637 34.712100982666 34.7266159057617 34.7382316589355 34.7586936950684 34.7955780029297 34.8648300170898 34.9693450927734 35.0976867675781 35.2414436340332 35.3407897949219 35.424186706543 35.4530258178711
31.7058906555176 31.266716003418 30.7991905212402 30.309944152832 29.8184032440186 29.3249588012695 28.8541088104248 28.4981784820557 28.2113780975342 28.0914993286133 28.0041446685791 27.9614448547363 27.8363418579102 27.6438179016113 27.6992931365967 27.8722400665283 27.9384422302246 27.9791374206543 28.3858222961426 28.8264942169189 29.395881652832 29.9915065765381 30.696928024292 31.4022006988525 32.1071624755859 32.7046508789062 33.1707801818848 33.5694122314453 33.9188766479492 34.1930809020996 34.4361152648926 34.587100982666 34.7199974060059 34.764762878418 34.8018913269043 34.7963409423828 34.7909736633301 34.7862701416016 34.7912139892578 34.8140869140625 34.8678970336914 34.9554214477539 35.067569732666 35.1956481933594 35.291633605957 35.376091003418 35.4146690368652
32.2279510498047 31.8390769958496 31.4254093170166 31.0170612335205 30.6116981506348 30.27219581604 29.9580059051514 29.7725849151611 29.6153297424316 29.5260848999023 29.4601497650146 29.4262142181396 29.404727935791 29.393424987793 29.5283279418945 29.7324848175049 29.8763675689697 30.0058479309082 30.2427997589111 30.4924259185791 30.8190517425537 31.1714649200439 31.631799697876 32.1096954345703 32.6246643066406 33.079273223877 33.4601097106934 33.8010177612305 34.1128425598145 34.3617210388184 34.5845336914062 34.7175483703613 34.8329086303711 34.859260559082 34.8781051635742 34.8558235168457 34.8349838256836 34.8192291259766 34.8143844604492 34.8298110961914 34.874210357666 34.9501724243164 35.0489959716797 35.1626129150391 35.2501945495605 35.3284301757812 35.3715057373047
32.8029556274414 32.490119934082 32.1640472412109 31.8818340301514 31.6069240570068 31.4079494476318 31.2221927642822 31.1036758422852 30.9746589660645 30.8202857971191 30.6991958618164 30.6237964630127 30.6388263702393 30.727840423584 30.9429378509521 31.2177581787109 31.403865814209 31.5687770843506 31.6831455230713 31.796838760376 31.9512157440186 32.1336097717285 32.4332542419434 32.7481269836426 33.0951461791992 33.4350242614746 33.7661781311035 34.0668029785156 34.3451919555664 34.560863494873 34.7505645751953 34.8494110107422 34.9304008483887 34.9332809448242 34.9299697875977 34.8944549560547 34.8618545532227 34.8394889831543 34.8296813964844 34.8431930541992 34.8832511901855 34.9522285461426 35.0401458740234 35.1403198242188 35.215259552002 35.281135559082 35.324291229248
33.5026054382324 33.2549247741699 32.9974594116211 32.7989158630371 32.6091117858887 32.4923896789551 32.3799819946289 32.2895278930664 32.1719703674316 31.988956451416 31.8353824615479 31.7222213745117 31.7318286895752 31.8418827056885 32.0503044128418 32.3053245544434 32.4908752441406 32.6598281860352 32.7174263000488 32.7680168151855 32.8279304504395 32.9166107177734 33.1256942749023 33.3486213684082 33.6007766723633 33.861198425293 34.1317138671875 34.3759880065918 34.6011428833008 34.7638397216797 34.9006614685059 34.9534492492676 34.9897117614746 34.9748306274414 34.9563522338867 34.9212493896484 34.8887901306152 34.8656349182129 34.8544044494629 34.8653259277344 34.8994941711426 34.9589881896973 35.0344619750977 35.1202735900879 35.1860389709473 35.2446022033691 35.2882804870605
34.2632484436035 34.0753974914551 33.877254486084 33.7416000366211 33.6147079467773 33.5517158508301 33.4856986999512 33.4043045043945 33.2899932861328 33.0961952209473 32.9212341308594 32.7721252441406 32.755786895752 32.8480796813965 33.0073165893555 33.1982612609863 33.3623199462891 33.5199546813965 33.5529937744141 33.5761184692383 33.5796356201172 33.6119499206543 33.7647819519043 33.9305458068848 34.1236114501953 34.321834564209 34.5263595581055 34.706413269043 34.8686447143555 34.9686851501465 35.0429649353027 35.0438652038574 35.0303382873535 35.0004920959473 34.9702644348145 34.9422454833984 34.9157562255859 34.8946571350098 34.8837432861328 34.8917427062988 34.9192657470703 34.9680519104004 35.0303230285645 35.1013221740723 35.1596145629883 35.2133407592773 35.257755279541
34.8068313598633 34.683952331543 34.5519866943359 34.4636878967285 34.3815307617188 34.3445777893066 34.3048324584961 34.250904083252 34.1670837402344 34.0110969543457 33.8563003540039 33.703125 33.6545028686523 33.6914176940918 33.7792701721191 33.8912506103516 34.0110549926758 34.1327323913574 34.1706657409668 34.2007026672363 34.1995544433594 34.2180938720703 34.3190383911133 34.4305992126465 34.5645790100098 34.6983070373535 34.831729888916 34.9471778869629 35.0495338439941 35.1017150878906 35.133113861084 35.1059608459473 35.0673027038574 35.0335083007812 35.001823425293 34.9889793395996 34.9755897521973 34.9602851867676 34.9503746032715 34.9504890441895 34.966739654541 35.0005645751953 35.0478286743164 35.1037788391113 35.1528282165527 35.1993980407715 35.2419967651367
