Ecospace-environmental-drivers/Outputs/ASCII-for-ecospace/MOM6-ISIMIP3a/so-surf/1995-10_so-surf_MOM6-ISIMIP3a.asc
NCOLS 131 
NROWS 53 
XLLCORNER -98 
YLLCORNER 23.9265270233154 
CELLSIZE 0.133587792515755 
NODATA_value -9999 
[rows 21 to 41 of 53, columns 0 to 46 of 131]
-9999 -9999 -9999 -9999 -9999 -9999 34.2699127197266 34.2446556091309 34.1767845153809 34.0707778930664 34.0105667114258 33.9519195556641 33.9143753051758 33.802547454834 33.7390937805176 33.7314605712891 33.7436752319336 33.7695121765137 33.794319152832 33.8187255859375 33.8870048522949 33.9630241394043 34.0859756469727 34.2074699401855 34.3082733154297 34.4014930725098 34.4701271057129 34.5385513305664 34.606616973877 34.6594696044922 34.696662902832 34.7165718078613 34.7259483337402 34.7274856567383 34.7264099121094 34.7332000732422 34.7413635253906 34.7891006469727 34.8330879211426 34.8532066345215 34.8600997924805 34.8301734924316 34.7936096191406 34.7467842102051 34.7401466369629 34.770393371582 34.7641296386719
-9999 -9999 -9999 -9999 -9999 -9999 34.2738647460938 34.2699127197266 34.2193984985352 34.1470527648926 34.0707778930664 34.0090026855469 33.9622421264648 33.9451904296875 33.960750579834 34.0139312744141 34.0699462890625 34.1279067993164 34.1667518615723 34.1982192993164 34.279354095459 34.369255065918 34.4654502868652 34.560977935791 34.6497535705566 34.7335815429688 34.8013458251953 34.8669929504395 34.9289474487305 34.9831848144531 35.0294799804688 35.0597953796387 35.0803756713867 35.0882911682129 35.091983795166 35.0887031555176 35.0846824645996 35.1120147705078 35.1364631652832 35.1425361633301 35.1412391662598 35.1194305419922 35.0910148620605 35.0523910522461 35.042407989502 35.0587120056152 35.0497093200684
-9999 -9999 -9999 -9999 34.3573341369629 34.3041648864746 34.2778511047363 34.2738342285156 34.2699127197266 34.1688842773438 34.0786323547363 34.029613494873 34.0251083374023 34.1086845397949 34.203670501709 34.311824798584 34.4074630737305 34.4945030212402 34.5466842651367 34.5854034423828 34.6768913269043 34.7776908874512 34.8430557250977 34.9087142944336 34.9832534790039 35.0559539794922 35.122688293457 35.1849479675293 35.2393951416016 35.2944412231445 35.3500938415527 35.3904724121094 35.4215469360352 35.4359397888184 35.4447746276855 35.4317245483398 35.4158134460449 35.4229965209961 35.4281425476074 35.4203300476074 35.4109764099121 35.3973388671875 35.3772010803223 35.3470153808594 35.3334312438965 35.3350868225098 35.3211288452148
-9999 -9999 -9999 -9999 34.4783096313477 34.3690147399902 34.3304786682129 34.2778511047363 34.2737426757812 34.2214660644531 34.1845512390137 34.2064247131348 34.2634353637695 34.3899574279785 34.505859375 34.6095085144043 34.7034225463867 34.7906494140625 34.8674430847168 34.9402046203613 35.0282249450684 35.1189422607422 35.1589775085449 35.1992492675781 35.2507057189941 35.3064727783203 35.3762359619141 35.4347343444824 35.4735679626465 35.5232849121094 35.5841941833496 35.6230621337891 35.6485023498535 35.6662673950195 35.6814727783203 35.6651039123535 35.6445617675781 35.6502685546875 35.6533813476562 35.639965057373 35.6277465820312 35.6188507080078 35.6028060913086 35.5757141113281 35.5578956604004 35.548583984375 35.5286102294922
-9999 -9999 -9999 -9999 -9999 34.4783096313477 34.3894195556641 34.3831062316895 34.2902526855469 34.2836608886719 34.2964057922363 34.3831405639648 34.4970092773438 34.6645698547363 34.7998962402344 34.8980407714844 34.9872817993164 35.0704040527344 35.1667900085449 35.2682952880859 35.3544960021973 35.4379920959473 35.4570732116699 35.4761695861816 35.5071640014648 35.5474090576172 35.6176605224609 35.6720314025879 35.6986808776855 35.7438087463379 35.8079490661621 35.845344543457 35.866455078125 35.8873062133789 35.908073425293 35.8902130126953 35.8672103881836 35.8705749511719 35.8709907531738 35.852596282959 35.8373527526855 35.8308868408203 35.8172187805176 35.7924194335938 35.7702102661133 35.7503776550293 35.7245864868164
-9999 -9999 -9999 -9999 -9999 34.4808692932129 34.4783096313477 34.4184188842773 34.3623428344727 34.3880043029785 34.4342765808105 34.5594291687012 34.7097702026367 34.9099578857422 35.0581855773926 35.1464653015137 35.218090057373 35.2782859802246 35.3722610473633 35.4792823791504 35.5708541870117 35.6596946716309 35.6769866943359 35.6933898925781 35.7154197692871 35.7463073730469 35.8059234619141 35.8545684814453 35.8840713500977 35.9278526306152 35.9863243103027 36.0224380493164 36.0449333190918 36.0676193237305 36.0903701782227 36.0790481567383 36.0631141662598 36.0603294372559 36.0551223754883 36.0344886779785 36.0155639648438 36.0013999938965 35.9825668334961 35.9565162658691 35.9292411804199 35.9008407592773 35.8701171875
-9999 -9999 34.4822158813477 34.4830474853516 34.4851303100586 34.4834327697754 34.4808654785156 34.4575042724609 34.4393348693848 34.4948959350586 34.5707969665527 34.7245712280273 34.9006500244141 35.1208724975586 35.2811737060547 35.3723297119141 35.4348258972168 35.4776382446289 35.5662651062012 35.6725845336914 35.7658843994141 35.8568840026855 35.8762741088867 35.8938865661621 35.9097518920898 35.9337577819824 35.9841575622559 36.0275001525879 36.0585327148438 36.1007804870605 36.1545639038086 36.189697265625 36.2134666442871 36.235668182373 36.2573432922363 36.2515830993652 36.242057800293 36.2362327575684 36.228214263916 36.2062187194824 36.1842803955078 36.1625022888184 36.137939453125 36.1090774536133 36.0765571594238 36.0406837463379 36.0057563781738
-9999.000000000000000 -9999 -9999 -9999 34.4805793762207 34.4868240356445 34.4883842468262 34.5048294067383 34.5270156860352 34.6073379516602 34.7043762207031 34.8653984069824 35.0437965393066 35.2565727233887 35.4271354675293 35.5489883422852 35.620849609375 35.6583824157715 35.7352485656738 35.8272972106934 35.914379119873 36.0005836486816 36.0305557250977 36.0579071044922 36.0737075805664 36.0962219238281 36.140510559082 36.1794776916504 36.209156036377 36.249454498291 36.3006858825684 36.3354988098145 36.3603096008301 36.3769569396973 36.3908843994141 36.388557434082 36.3840026855469 36.3819198608398 36.3772125244141 36.355770111084 36.332275390625 36.3030624389648 36.2715492248535 36.2364654541016 36.1983184814453 36.1573524475098 36.1198234558105
-9999 -9999 -9999 -9999 34.4722671508789 34.4714813232422 34.4792747497559 34.535041809082 34.5965919494629 34.6963348388672 34.8091812133789 34.9721603393555 35.147403717041 35.3469047546387 35.5205001831055 35.664192199707 35.7542304992676 35.8074226379395 35.8798484802246 35.9596977233887 36.0395469665527 36.1193962097168 36.1588973999023 36.1956787109375 36.2171821594238 36.2433853149414 36.2848205566406 36.3216285705566 36.3503761291504 36.3875389099121 36.4333648681641 36.4652442932129 36.4886322021484 36.5009498596191 36.5095748901367 36.5086631774902 36.5064353942871 36.5043106079102 36.4991874694824 36.4749488830566 36.4475479125977 36.4113540649414 36.3738784790039 36.3344230651855 36.2934761047363 36.251163482666 36.2157249450684
-9999 -9999 -9999 -9999 34.4649887084961 34.4584922790527 34.4504737854004 34.5437202453613 34.643383026123 34.7558403015137 34.8777885437012 35.0360679626465 35.2012672424316 35.3801651000977 35.5476913452148 35.7020950317383 35.8213882446289 35.9165687561035 35.9937705993652 36.064022064209 36.1353645324707 36.2068977355957 36.2546081542969 36.3004302978516 36.3348999023438 36.3712997436523 36.4139747619629 36.4514274597168 36.4797630310059 36.5122909545898 36.549129486084 36.5747985839844 36.5936660766602 36.6031875610352 36.6095962524414 36.6075553894043 36.6043243408203 36.5973930358887 36.5871620178223 36.5559158325195 36.5216636657715 36.4790458679199 36.4368667602539 36.3953514099121 36.3551750183105 36.3162231445312 36.2887763977051
-9999 -9999 -9999 -9999 34.4584922790527 34.448787689209 34.4373931884766 34.5472145080566 34.6635246276855 34.7881393432617 34.9199981689453 35.0795631408691 35.2440986633301 35.4184761047363 35.583553314209 35.7379035949707 35.8710021972656 35.9895095825195 36.0738067626953 36.144889831543 36.2146873474121 36.2842559814453 36.339225769043 36.3923225402832 36.4325065612793 36.4728126525879 36.5135231018066 36.5490493774414 36.5755348205566 36.6027221679688 36.6306381225586 36.6497230529785 36.6634254455566 36.6699409484863 36.6740646362305 36.6707572937012 36.6663513183594 36.6516494750977 36.6339302062988 36.5969619750977 36.5578575134277 36.5128135681152 36.4689865112305 36.4270439147949 36.3889541625977 36.3543968200684 36.3328285217285
-9999 -9999 -9999 -9999 34.4482231140137 34.4373931884766 34.5444488525391 34.5468215942383 34.6636734008789 34.8000411987305 34.9424095153809 35.1077499389648 35.2786560058594 35.4605751037598 35.6259231567383 35.7721481323242 35.9074630737305 36.0352935791016 36.1284255981445 36.2081642150879 36.2816390991211 36.35400390625 36.4155197143555 36.4745674133301 36.5150337219238 36.5545272827148 36.5908622741699 36.6225395202637 36.6460914611816 36.6674156188965 36.6864585876465 36.6986694335938 36.7067260742188 36.7100791931152 36.7118682861328 36.7071876525879 36.7014770507812 36.6767883300781 36.649787902832 36.6080627441406 36.5656127929688 36.5211296081543 36.4779586791992 36.4368133544922 36.4017944335938 36.3724060058594 36.3551330566406
-9999 -9999 -9999 -9999 34.4373931884766 34.5606803894043 34.6118583679199 34.6463584899902 34.6591339111328 34.8102035522461 34.9657402038574 35.1383781433105 35.3129615783691 35.4914016723633 35.6542739868164 35.7991828918457 35.9371910095215 36.0704650878906 36.1711921691895 36.259349822998 36.3351516723633 36.4087753295898 36.4693412780762 36.5270881652832 36.5637397766113 36.5987434387207 36.62841796875 36.6554336547852 36.6778030395508 36.6969947814941 36.7129173278809 36.7218627929688 36.7265625 36.7258148193359 36.7232513427734 36.7130241394043 36.7016067504883 36.6716041564941 36.6399116516113 36.5974617004395 36.5549392700195 36.5122337341309 36.4711456298828 36.4325561523438 36.400951385498 36.3757476806641 36.3617057800293
-9999 -9999 -9999 -9999 -9999 34.6392478942871 34.6490173339844 34.6423950195312 34.6525840759277 34.8196220397949 34.9894676208496 35.170051574707 35.3471603393555 35.5173988342285 35.6766204833984 35.823127746582 35.9640312194824 36.1010894775391 36.2088737487793 36.305347442627 36.3829078674316 36.4571304321289 36.5135307312012 36.5668716430664 36.5979499816895 36.6268920898438 36.64892578125 36.6709251403809 36.69287109375 36.7115249633789 36.7267913818359 36.734016418457 36.7363433837891 36.731086730957 36.7233085632324 36.7057495117188 36.6867408752441 36.6534233093262 36.6190071105957 36.5775527954102 36.5363731384277 36.4959564208984 36.4575614929199 36.4222946166992 36.3942375183105 36.3728065490723 36.3615341186523
-9999 -9999 -9999 -9999 -9999 34.6633644104004 34.656867980957 34.6582946777344 34.6715431213379 34.8555488586426 35.0411148071289 35.2326583862305 35.4134521484375 35.5729827880859 35.7266616821289 35.8735885620117 36.0121688842773 36.14501953125 36.2512321472168 36.3471603393555 36.4203720092773 36.4895782470703 36.5401840209961 36.5879859924316 36.6158218383789 36.641731262207 36.6614112854004 36.6816291809082 36.7027893066406 36.7204780578613 36.7346000671387 36.7392692565918 36.7381782531738 36.7259635925293 36.7100372314453 36.6864624023438 36.6617660522461 36.6280937194824 36.5935516357422 36.5534515380859 36.513916015625 36.475959777832 36.440731048584 36.4097213745117 36.3856811523438 36.3680381774902 36.3596878051758
-9999 -9999 -9999 -9999 -9999 34.690502166748 34.6842079162598 34.6699104309082 34.6957817077637 34.8969612121582 35.0985450744629 35.3016662597656 35.486385345459 35.6346893310547 35.7824363708496 35.9295387268066 36.0647125244141 36.1916961669922 36.2945556640625 36.3881034851074 36.4557113647461 36.518741607666 36.5632095336914 36.6052398681641 36.630313873291 36.6538162231445 36.6722373962402 36.6913414001465 36.7116394042969 36.7282791137695 36.741153717041 36.7430953979492 36.7383728027344 36.7186889648438 36.6940116882324 36.6646881103516 36.6347007751465 36.6012840270996 36.5671539306641 36.5284805297852 36.4906578063965 36.455192565918 36.423225402832 36.396671295166 36.3767433166504 36.3628921508789 36.357494354248
-9999 -9999 -9999 -9999 -9999 -9999 34.7304306030273 34.724422454834 34.7409248352051 34.9447708129883 35.150505065918 35.363452911377 35.558162689209 35.7167892456055 35.8681716918945 36.0111961364746 36.136833190918 36.2505264282227 36.3424682617188 36.4260101318359 36.4850578308105 36.5397796630859 36.5780563354492 36.6143455505371 36.6370544433594 36.6587524414062 36.6771774291992 36.6963653564453 36.7168922424316 36.733325958252 36.7455444335938 36.7435722351074 36.7329521179199 36.7080307006836 36.6783409118652 36.6450691223145 36.6112976074219 36.5768966674805 36.542163848877 36.5053367614746 36.4696426391602 36.4371185302734 36.4082374572754 36.3849830627441 36.3675880432129 36.3555679321289 36.3512763977051
-9999 -9999 -9999 -9999 -9999 -9999 34.7828674316406 34.7969551086426 34.788200378418 34.9943733215332 35.2035789489746 35.4244079589844 35.6277198791504 35.7963676452637 35.9512367248535 36.0902137756348 36.2067489624023 36.3078804016113 36.3892707824707 36.4630432128906 36.5138397216797 36.5605812072754 36.5928268432617 36.6235122680664 36.6438026428223 36.6636009216309 36.6817855834961 36.7008628845215 36.7214965820312 36.7376098632812 36.7490730285645 36.7433128356934 36.7270660400391 36.6973304748535 36.6630973815918 36.6261291503906 36.588794708252 36.5532913208008 36.5178489685059 36.4827728271484 36.4491271972656 36.4194679260254 36.3935203552246 36.3733100891113 36.3582153320312 36.3478202819824 36.3443717956543
-9999 -9999 -9999 -9999 -9999 -9999 34.8570137023926 34.827220916748 34.848258972168 35.0600204467773 35.2711639404297 35.4799613952637 35.6741180419922 35.8393135070801 35.991527557373 36.1287689208984 36.2438507080078 36.3437118530273 36.4221000671387 36.4921913146973 36.5394668579102 36.5827102661133 36.6106986999512 36.6372222900391 36.6543350219727 36.6708984375 36.685661315918 36.7019500732422 36.7208976745605 36.7350959777832 36.7444114685059 36.7368278503418 36.7189483642578 36.6878128051758 36.6522598266602 36.6134033203125 36.574104309082 36.5368766784668 36.5000267028809 36.4655570983887 36.4328460693359 36.405029296875 36.3805313110352 36.361156463623 36.3466377258301 36.3365783691406 36.3321113586426
-9999 -9999 -9999 -9999 -9999 34.9911155700684 34.9431114196777 34.9468688964844 34.9211502075195 35.1400146484375 35.3533592224121 35.545581817627 35.726245880127 35.8840370178223 36.0314674377441 36.1669464111328 36.280101776123 36.3779258728027 36.453254699707 36.5198974609375 36.5638656616211 36.6038360595703 36.627857208252 36.6504936218262 36.6645393371582 36.6779747009277 36.6894378662109 36.702880859375 36.719783782959 36.7317924499512 36.73876953125 36.7296180725098 36.7106475830078 36.6786918640137 36.642406463623 36.6020889282227 36.5612297058105 36.5225219726562 36.4844360351562 36.4503173828125 36.4182968139648 36.3921241760254 36.368953704834 36.3504180908203 36.3363990783691 36.3265228271484 36.3208847045898
-9999 -9999 -9999 -9999 35.185920715332 35.0730934143066 34.9911155700684 35.0072441101074 35.0410766601562 35.2726135253906 35.4891319274902 35.6481475830078 35.7993927001953 35.9352722167969 36.0701026916504 36.203727722168 36.3132476806641 36.4062194824219 36.4782943725586 36.5423011779785 36.5837745666504 36.6212730407715 36.6424026489258 36.6621627807617 36.6735343933105 36.6842498779297 36.6928329467773 36.7032318115234 36.7167892456055 36.7255935668945 36.7295112609863 36.7197608947754 36.7016906738281 36.6710205078125 36.6361541748047 36.5959510803223 36.5550193786621 36.5157127380371 36.4770278930664 36.4423179626465 36.4101028442383 36.3848419189453 36.3625564575195 36.3448753356934 36.3310737609863 36.3208389282227 36.3134346008301
