Ecospace-environmental-drivers/Outputs/ASCII-for-ecospace/MOM6-ISIMIP3a/so-surf/1996-06_so-surf_MOM6-ISIMIP3a.asc
NCOLS 131 
NROWS 53 
XLLCORNER -98 
YLLCORNER 23.9265270233154 
CELLSIZE 0.133587792515755 
NODATA_value -9999 
[rows 21 to 41 of 53, columns 47 to 93 of 131]
35.2889671325684 35.3204536437988 35.3532829284668 35.3884925842285 35.4240264892578 35.4615478515625 35.4996643066406 35.5407867431641 35.5770874023438 35.6017608642578 35.6263618469238 35.6508674621582 35.6770820617676 35.7046966552734 35.7322845458984 35.7598609924316 35.796558380127 35.8354377746582 35.8843650817871 35.9319190979004 35.9494361877441 35.9660034179688 35.9785842895508 35.9721603393555 35.925594329834 35.8728637695312 35.8125915527344 35.7653350830078 35.7275619506836 35.672607421875 35.610538482666 35.4798393249512 35.3356513977051 35.140209197998 34.9587707519531 34.9326629638672 34.9329299926758 35.025936126709 35.1217727661133 35.2228660583496 35.3059768676758 35.369499206543 35.4100761413574 35.4358100891113 35.4353523254395 35.4254913330078 35.4245147705078
35.3113861083984 35.3432884216309 35.3767395019531 35.4119567871094 35.4474258422852 35.4848709106445 35.5228500366211 35.5635528564453 35.602466583252 35.6370620727539 35.6711807250977 35.7046394348145 35.7381553649902 35.7717094421387 35.8064956665039 35.8418655395508 35.8842277526855 35.9282569885254 35.9755783081055 36.0220108032227 36.0522499084473 36.0810050964355 36.1035652160645 36.1077651977539 36.0732078552246 36.0311889648438 35.9800491333008 35.9345550537109 35.8931770324707 35.8070259094238 35.7023277282715 35.5423698425293 35.3715476989746 35.2001686096191 35.042537689209 35.0194320678711 35.0193786621094 35.1003913879395 35.1822280883789 35.2655944824219 35.3369445800781 35.3952102661133 35.4377746582031 35.4701805114746 35.4709930419922 35.4604568481445 35.4570503234863
35.3387184143066 35.3700523376465 35.4030494689941 35.4368362426758 35.4707717895508 35.5066452026367 35.542911529541 35.5811882019043 35.6202430725098 35.6611976623535 35.7021293640137 35.7430381774902 35.7837371826172 35.8242683410645 35.8673095703125 35.9115333557129 35.9602241516113 36.0099754333496 36.0548057556152 36.0988731384277 36.136833190918 36.1738967895508 36.2071990966797 36.2231559753418 36.2025032043457 36.1737747192383 36.135181427002 36.0926895141602 36.0473594665527 35.9297866821289 35.7822952270508 35.5957298278809 35.401481628418 35.2560768127441 35.123966217041 35.1040725708008 35.1035423278809 35.1710929870605 35.2380638122559 35.303955078125 35.3638801574707 35.4172973632812 35.4621238708496 35.5013961791992 35.5050582885742 35.4959297180176 35.4919853210449
35.4603157043457 35.4948997497559 35.5310401916504 35.5647087097168 35.5979461669922 35.6262283325195 35.654727935791 35.6843376159668 35.7166862487793 35.7556304931641 35.7959213256836 35.8380470275879 35.8811836242676 35.9251441955566 35.9715538024902 36.0191192626953 36.0628814697266 36.1057357788086 36.1401062011719 36.173511505127 36.2014007568359 36.2297897338867 36.2602882385254 36.2787857055664 36.2719459533691 36.2550849914551 36.2259712219238 36.1767234802246 36.1128082275391 35.9755783081055 35.8079833984375 35.6286392211914 35.4469909667969 35.319091796875 35.2029457092285 35.1821975708008 35.1777534484863 35.230640411377 35.2837791442871 35.3373908996582 35.3860359191895 35.4292640686035 35.4710235595703 35.5118370056152 35.5307083129883 35.5416984558105 35.5567054748535
35.5978546142578 35.6355476379395 35.6741180419922 35.7073249816895 35.7395324707031 35.7595863342285 35.7795944213867 35.7993927001953 35.8238258361816 35.8594512939453 35.8981781005859 35.9411506652832 35.98681640625 36.0346794128418 36.0834312438965 36.1326026916504 36.1710662841797 36.206974029541 36.2304000854492 36.2525863647461 36.2692222595215 36.287670135498 36.3136978149414 36.3331108093262 36.3385581970215 36.3324394226074 36.3121910095215 36.2571601867676 36.1767997741699 36.0239219665527 35.8410148620605 35.6687850952148 35.4986572265625 35.3863945007324 35.2845230102539 35.2632675170898 35.2557029724121 35.2962760925293 35.337230682373 35.3788986206055 35.4151992797852 35.4456520080566 35.4821090698242 35.5224571228027 35.5558662414551 35.586784362793 35.6206703186035
35.805290222168 35.8454551696777 35.883373260498 35.9145698547363 35.9443092346191 35.9533462524414 35.9617080688477 35.9666290283203 35.9778861999512 36.0044326782227 36.0375671386719 36.0797462463379 36.128345489502 36.1822052001953 36.2287902832031 36.2719306945801 36.3034629821777 36.332218170166 36.3425750732422 36.3511009216309 36.3513374328613 36.3542747497559 36.3685035705566 36.381706237793 36.3927459716797 36.392463684082 36.378345489502 36.3218078613281 36.234375 36.0834579467773 35.9062538146973 35.740650177002 35.5773277282715 35.4725036621094 35.3775024414062 35.3572616577148 35.3500442504883 35.3886108398438 35.4245948791504 35.4557876586914 35.4750862121582 35.4814300537109 35.5027885437012 35.533863067627 35.5788688659668 35.6288795471191 35.6813354492188
35.9998207092285 36.037223815918 36.0703926086426 36.095947265625 36.1199073791504 36.1219177246094 36.1231498718262 36.1204299926758 36.1250076293945 36.1472053527832 36.1788139343262 36.2233390808105 36.2741050720215 36.3299713134766 36.3718147277832 36.4070129394531 36.4285850524902 36.4469032287598 36.4451904296875 36.4415054321289 36.429069519043 36.419750213623 36.4234619140625 36.430046081543 36.442699432373 36.4455337524414 36.4363594055176 36.380802154541 36.2914543151855 36.1460647583008 35.977466583252 35.8196830749512 35.6640243530273 35.5674591064453 35.4806022644043 35.4671592712402 35.4654273986816 35.5048599243164 35.5371322631836 35.5561141967773 35.5551605224609 35.5324935913086 35.533634185791 35.5501861572266 35.5999336242676 35.6616058349609 35.7277984619141
36.1661911010742 36.1894073486328 36.2089042663574 36.220890045166 36.2318382263184 36.2355270385742 36.2394981384277 36.2449150085449 36.2569999694824 36.2851753234863 36.3241195678711 36.3778457641602 36.4290809631348 36.4782791137695 36.5097465515137 36.5328178405762 36.537841796875 36.5385513305664 36.5269432067871 36.5141983032227 36.4972381591797 36.4827728271484 36.478759765625 36.4778289794922 36.4834136962891 36.4834213256836 36.4766120910645 36.4274520874023 36.3474426269531 36.2153587341309 36.0617027282715 35.9143486022949 35.7682304382324 35.6817092895508 35.6057815551758 35.611759185791 35.6267242431641 35.6732940673828 35.7046051025391 35.7075805664062 35.6792793273926 35.6169052124023 35.5866737365723 35.5772399902344 35.6167755126953 35.673900604248 35.7432708740234
36.2904396057129 36.3033447265625 36.3140830993652 36.321346282959 36.3283500671387 36.3378753662109 36.3482971191406 36.3632621765137 36.3831329345703 36.4148635864258 36.4543609619141 36.5045204162598 36.5470924377441 36.5834503173828 36.6030158996582 36.6146278381348 36.6092338562012 36.5997772216797 36.5835876464844 36.5668563842773 36.5489768981934 36.5329551696777 36.5247192382812 36.5193367004395 36.5199775695801 36.5182151794434 36.5135192871094 36.4742012023926 36.4096603393555 36.2976341247559 36.1659393310547 36.027587890625 35.8879241943359 35.8084487915039 35.740478515625 35.7631530761719 35.7932319641113 35.8493347167969 35.8817367553711 35.8701133728027 35.8158493041992 35.7151298522949 35.6515693664551 35.6120529174805 35.6367568969727 35.6845283508301 35.7490310668945
36.3616943359375 36.3691635131836 36.377326965332 36.3909950256348 36.4054565429688 36.4260597229004 36.4475975036621 36.4738807678223 36.5019035339355 36.5341300964355 36.5656433105469 36.5961799621582 36.6185874938965 36.6343536376953 36.6400947570801 36.6410865783691 36.6329956054688 36.6227340698242 36.6086463928223 36.5942993164062 36.5800437927246 36.5669822692871 36.5589332580566 36.5529479980469 36.5513191223145 36.5491180419922 36.5462226867676 36.5210723876953 36.4797096252441 36.396240234375 36.2953300476074 36.164192199707 36.0271072387695 35.9508972167969 35.887149810791 35.9230995178223 35.9662895202637 36.0349540710449 36.0710220336914 36.0465660095215 35.9680862426758 35.830738067627 35.7313919067383 35.6566276550293 35.6606864929199 35.6930541992188 35.7425765991211
36.4149208068848 36.4221649169922 36.4317169189453 36.4508018493652 36.4710121154785 36.495288848877 36.520092010498 36.5475730895996 36.575065612793 36.6025733947754 36.6263656616211 36.6450538635254 36.6566352844238 36.6624031066895 36.6607551574707 36.6555938720703 36.6443557739258 36.6316680908203 36.6171035766602 36.6025466918945 36.5900230407715 36.5784606933594 36.5709266662598 36.5652503967285 36.5634841918945 36.5622634887695 36.561710357666 36.5477981567383 36.5241546630859 36.4670181274414 36.3960075378418 36.2854080200195 36.1670303344727 36.0909614562988 36.026782989502 36.0634307861328 36.108283996582 36.1819839477539 36.2203903198242 36.1932525634766 36.1053352355957 35.9512023925781 35.8285484313965 35.7262573242188 35.7111282348633 35.7273063659668 35.7601852416992
36.4546318054199 36.4655532836914 36.4794616699219 36.5032234191895 36.527904510498 36.5503044128418 36.5724868774414 36.5935707092285 36.614013671875 36.6329002380371 36.649169921875 36.6618423461914 36.6695938110352 36.6733169555664 36.6691055297852 36.6611328125 36.6464157104492 36.6300888061523 36.613109588623 36.5963973999023 36.5841903686523 36.5730285644531 36.5662612915039 36.5615692138672 36.5612640380859 36.562084197998 36.5642852783203 36.5594177246094 36.5494003295898 36.5169258117676 36.4751472473145 36.3950881958008 36.3075065612793 36.2292327880859 36.1611328125 36.1890563964844 36.2269821166992 36.3000755310059 36.3398170471191 36.3176078796387 36.2313499450684 36.0753059387207 35.9387016296387 35.8146781921387 35.7814598083496 35.7808532714844 35.795841217041
36.4852409362793 36.4988212585449 36.515495300293 36.537956237793 36.5608367919922 36.5789833068848 36.5968856811523 36.6135520935059 36.6300621032715 36.6461906433105 36.6601181030273 36.671028137207 36.676456451416 36.6773986816406 36.6697616577148 36.6580581665039 36.6394805908203 36.6192588806152 36.6001663208008 36.5815963745117 36.5695343017578 36.5588111877441 36.5537033081055 36.5505981445312 36.5517196655273 36.5541839599609 36.5582847595215 36.5589714050293 36.5571670532227 36.540958404541 36.5187835693359 36.4651870727539 36.4054145812988 36.335132598877 36.272647857666 36.2901229858398 36.3175811767578 36.3801231384277 36.4168853759766 36.4057731628418 36.3344688415527 36.1975784301758 36.0674247741699 35.9416313171387 35.8998680114746 35.8882865905762 35.8892059326172
36.5119514465332 36.5277519226074 36.546501159668 36.5651092529297 36.58349609375 36.5963745117188 36.6092872619629 36.6223831176758 36.6362953186035 36.6521759033203 36.6659851074219 36.6769523620605 36.6807060241699 36.6785545349121 36.667121887207 36.651294708252 36.6286888122559 36.6044692993164 36.5833854675293 36.5630874633789 36.5510940551758 36.5408248901367 36.5377655029297 36.5364990234375 36.5390319824219 36.54296875 36.5486145019531 36.5533599853516 36.557445526123 36.5539016723633 36.5472030639648 36.5183181762695 36.4850769042969 36.4271545410156 36.3743705749512 36.3806648254395 36.3961372375488 36.4438591003418 36.4757995605469 36.4784240722656 36.4277687072754 36.3190650939941 36.2041053771973 36.0851020812988 36.0388793945312 36.0188064575195 36.0073089599609
36.5309257507324 36.5461540222168 36.5640449523926 36.5790519714355 36.5936164855957 36.6042022705078 36.6152000427246 36.6283073425293 36.6427154541016 36.660270690918 36.6738662719727 36.6820220947266 36.6812057495117 36.6730422973633 36.6567726135254 36.636661529541 36.6123046875 36.5869331359863 36.5667610168457 36.5476188659668 36.5382804870605 36.5304985046387 36.5292167663574 36.5293731689453 36.5325546264648 36.5369873046875 36.5429458618164 36.5487442016602 36.5544319152832 36.555965423584 36.5557746887207 36.5410308837891 36.5234298706055 36.4820976257324 36.4437713623047 36.4434204101562 36.4507751464844 36.4852447509766 36.5110740661621 36.520866394043 36.4909744262695 36.4178466796875 36.3337593078613 36.2425804138184 36.2039375305176 36.1841621398926 36.1650581359863
36.5483016967773 36.5623817443848 36.5787963867188 36.590259552002 36.6011390686035 36.6100463867188 36.6197700500488 36.6336288452148 36.6491775512695 36.6688079833984 36.6821632385254 36.6869163513184 36.6809272766113 36.6661529541016 36.6448287963867 36.6203994750977 36.5947608947754 36.5688362121582 36.5501708984375 36.5327796936035 36.5266304016113 36.5217552185059 36.5222015380859 36.5236854553223 36.5273628234863 36.5320892333984 36.5381011962891 36.5443382263184 36.5507431030273 36.5557746887207 36.5602378845215 36.5574493408203 36.5532379150391 36.5293617248535 36.5064811706543 36.5004196166992 36.5004692077637 36.5219993591309 36.5414543151855 36.5570526123047 36.5479507446289 36.5119323730469 36.4619636535645 36.402961730957 36.3743782043457 36.3567237854004 36.3310127258301
36.5639419555664 36.575325012207 36.5886573791504 36.598819732666 36.6086540222168 36.6184692382812 36.6291732788086 36.644401550293 36.6606903076172 36.6795196533203 36.6898574829102 36.688533782959 36.6762313842773 36.654956817627 36.6309967041016 36.6057662963867 36.5818557739258 36.5582618713379 36.544361114502 36.5319290161133 36.5311698913574 36.5312080383301 36.5345840454102 36.5378532409668 36.5408973693848 36.5442123413086 36.5478630065918 36.5515480041504 36.5552635192871 36.5589866638184 36.5627174377441 36.562858581543 36.5622978210449 36.5487518310547 36.5355110168457 36.5299301147461 36.5289649963379 36.5442390441895 36.5590667724609 36.5730743408203 36.572208404541 36.5551414489746 36.527271270752 36.4924087524414 36.4688262939453 36.4492874145508 36.4204483032227
36.5798530578613 36.5885200500488 36.5987205505371 36.6076850891113 36.6165962219238 36.6274223327637 36.6391868591309 36.6557540893555 36.6726112365723 36.6901779174805 36.697135925293 36.689525604248 36.6710205078125 36.6435966491699 36.6173667907715 36.5917015075684 36.5697937011719 36.5487823486328 36.5398368835449 36.532543182373 36.537239074707 36.5422630310059 36.5486526489258 36.5537567138672 36.5561447143555 36.5579414367676 36.5590133666992 36.5599327087402 36.5607376098633 36.5628242492676 36.5654449462891 36.5677375793457 36.5699653625488 36.5658378601074 36.5614395141602 36.5567398071289 36.5552139282227 36.5648345947266 36.5752716064453 36.587230682373 36.5931549072266 36.5925064086914 36.5842895507812 36.5711708068848 36.5520973205566 36.5308876037598 36.4998397827148
36.5994834899902 36.6059341430664 36.6132507324219 36.6210899353027 36.6291198730469 36.6408271789551 36.6534385681152 36.6706390380859 36.6865119934082 36.6991729736328 36.7002563476562 36.6854438781738 36.6623954772949 36.6326065063477 36.6068077087402 36.5829048156738 36.5644836425781 36.5473747253418 36.5438499450684 36.5420608520508 36.5518684387207 36.5616645812988 36.5714225769043 36.5787086486816 36.5807800292969 36.5807075500488 36.5780181884766 36.575267791748 36.5724716186523 36.5716857910156 36.5717391967773 36.5721969604492 36.5727386474609 36.5716590881348 36.5704002380371 36.5679321289062 36.5676116943359 36.5748443603516 36.5825424194336 36.5910949707031 36.5943641662598 36.5918769836426 36.5829277038574 36.5698051452637 36.5525131225586 36.5337219238281 36.5086097717285
36.6186561584473 36.6234817504883 36.6286392211914 36.6355819702148 36.6428909301758 36.6552429199219 36.6684265136719 36.685863494873 36.7004051208496 36.7079658508301 36.7032012939453 36.6815185546875 36.6543083190918 36.6225738525391 36.5972328186035 36.5749130249023 36.5597381591797 36.546272277832 36.5476303100586 36.5507736206055 36.565113067627 36.5791015625 36.5916175842285 36.6007347106934 36.6026611328125 36.6011276245117 36.5953598022461 36.5895347595215 36.5836639404297 36.5803604125977 36.5781135559082 36.5767860412598 36.5756378173828 36.5768661499023 36.5780181884766 36.5775718688965 36.5783615112305 36.58349609375 36.5883674621582 36.5927619934082 36.5921936035156 36.5862197875977 36.5757904052734 36.5624847412109 36.5473289489746 36.5315132141113 36.5129089355469
36.6361351013184 36.6415214538574 36.6471710205078 36.6540489196777 36.6612358093262 36.67333984375 36.6861152648926 36.702320098877 36.7142868041992 36.7160263061523 36.705509185791 36.6781692504883 36.6481971740723 36.6160697937012 36.5912475585938 36.5698852539062 36.557071685791 36.5463027954102 36.5505409240723 36.5565490722656 36.5732879638672 36.5893173217773 36.6023788452148 36.6120262145996 36.6144599914551 36.6129455566406 36.6065979003906 36.5998802185059 36.5928916931152 36.5883407592773 36.5848007202148 36.581844329834 36.5790023803711 36.5798034667969 36.5807266235352 36.5815353393555 36.5830726623535 36.5871505737305 36.5889053344727 36.5863571166992 36.5776176452637 36.5621337890625 36.5474700927734 36.533332824707 36.5216331481934 36.5108108520508 36.5007972717285
