Ecospace-environmental-drivers/Outputs/ASCII-for-ecospace/MOM6-ISIMIP3a/so-surf/1996-07_so-surf_MOM6-ISIMIP3a.asc
NCOLS 131 
NROWS 53 
XLLCORNER -98 
YLLCORNER 23.9265270233154 
CELLSIZE 0.133587792515755 
NODATA_value -9999 
[rows 0 to 20 of 53, columns 47 to 93 of 131]
-9999 -9999 -9999 -9999 -9999 -9999 -9999 -9999 -9999 -9999 -9999 -9999 -9999 -9999 -9999 -9999 -9999 -9999 -9999 -9999 -9999 -9999 -9999 -9999 -9999 -9999 -9999 -9999 -9999 -9999 -9999 -9999 -9999 -9999 -9999 -9999 -9999 -9999 -9999 -9999 -9999 -9999 -9999 -9999 -9999 -9999 -9999
-9999 -9999 -9999 -9999 -9999 -9999 -9999 -9999 -9999 -9999 -9999 -9999 -9999 -9999 -9999 -9999 -9999 -9999 -9999 -9999 -9999 -9999 -9999 -9999 -9999 -9999 -9999 -9999 -9999 -9999 -9999 -9999 -9999 -9999 -9999 -9999 -9999 -9999 -9999 -9999 -9999 -9999 -9999 -9999 -9999 -9999 -9999
-9999 -9999 -9999 -9999 -9999 -9999 -9999 -9999 -9999 -9999 -9999 -9999 -9999 -9999 -9999 -9999 -9999 -9999 -9999 -9999 -9999 -9999 -9999 -9999 -9999 -9999 -9999 26.3006324768066 26.9971675872803 -9999 -9999 -9999 -9999 -9999 -9999 -9999 -9999 -9999 -9999 -9999 -9999 -9999 -9999 -9999 -9999 -9999 -9999
-9999 -9999 -9999 -9999 -9999 -9999 -9999 -9999 -9999 -9999 -9999 -9999 -9999 -9999 -9999 -9999 -9999 -9999 -9999 -9999 -9999 -9999 -9999 -9999 -9999 -9999 -9999 26.3265323638916 27.0142707824707 -9999 -9999 -9999 -9999 -9999 -9999 -9999 -9999 -9999 -9999 -9999 -9999 -9999 -9999 -9999 -9999 -9999 -9999
-9999 -9999 -9999 -9999 -9999 -9999 -9999 -9999 -9999 -9999 -9999 -9999 -9999 -9999 -9999 -9999 -9999 -9999 19.7347965240479 19.8848876953125 20.0049591064453 20.7053680419922 21.373119354248 22.6396770477295 23.7659778594971 24.7374324798584 25.5937099456787 26.3521423339844 27.0337429046631 27.6569290161133 -9999 -9999 29.5459423065186 30.2469348907471 30.9393215179443 31.586555480957 32.1723480224609 32.7261810302734 33.2392425537109 33.711296081543 34.1290969848633 34.4734306335449 -9999 -9999 -9999 -9999 -9999
-9999 -9999 -9999 -9999 -9999 -9999 -9999 -9999 -9999 -9999 -9999 -9999 -9999 -9999 17.715482711792 -9999 17.3160552978516 16.9883728027344 18.3892974853516 19.7347965240479 19.9149055480957 20.0049591064453 21.4057769775391 22.7086219787598 23.8046340942383 24.7846775054932 25.6229858398438 26.3734645843506 27.0599746704102 27.6677913665771 28.2430210113525 28.8734703063965 29.5147762298584 30.2495803833008 30.9764461517334 31.5919399261475 32.1912803649902 32.7338218688965 33.2534370422363 33.73046875 34.1499862670898 34.5068397521973 34.7634696960449 34.955249786377 -9999 -9999 -9999
-9999 -9999 -9999 -9999 -9999 -9999 -9999 -9999 -9999 -9999 20.5612087249756 20.534496307373 20.5132369995117 20.4507904052734 19.0674362182617 17.7660903930664 17.6648731231689 17.2949180603027 16.9883728027344 18.4447212219238 19.7347965240479 20.0049591064453 21.4057769775391 22.7086219787598 23.8046340942383 24.7846775054932 25.6229858398438 26.3734645843506 27.0599746704102 27.6677913665771 28.2430210113525 28.8734703063965 29.5147762298584 30.2495803833008 30.9764461517334 31.5919399261475 32.1912803649902 32.7338218688965 33.2534370422363 33.73046875 34.1499862670898 34.5068397521973 34.7634696960449 34.955249786377 35.0059356689453 35.0520362854004 -9999
-9999 -9999 -9999 -9999 -9999 -9999 -9999 -9999 -9999 -9999 20.7044334411621 20.5612087249756 20.5077819824219 -9999 20.3738689422607 19.0616283416748 17.8673095703125 17.6648731231689 17.2315063476562 16.9883728027344 18.6109962463379 20.1947765350342 21.6159915924072 22.9286327362061 24.0120716094971 24.9397716522217 25.6771240234375 26.3203639984131 26.8950519561768 27.4209270477295 27.9265880584717 28.4946994781494 29.0750865936279 29.7602596282959 30.4460124969482 31.0995254516602 31.7492198944092 32.3854904174805 32.9975051879883 33.5644721984863 34.0505561828613 34.4485168457031 34.7327537536621 34.9434013366699 35.0443267822266 35.105842590332 35.1194725036621
-9999 -9999 -9999 -9999 -9999 -9999 -9999 -9999 -9999 -9999 -9999 -9999 -9999 -9999 20.3965950012207 20.2706546783447 19.1087074279785 18.0697460174561 17.6648731231689 17.0412712097168 18.7670917510986 20.4388256072998 21.8842010498047 23.2084980010986 24.277193069458 25.1454849243164 25.7688426971436 26.2916965484619 26.7413425445557 27.1752414703369 27.6026172637939 28.100305557251 28.6118144989014 29.2398719787598 29.8778667449951 30.5707740783691 31.2736110687256 32.0113563537598 32.7235527038574 33.3883018493652 33.9465484619141 34.3887557983398 34.7022399902344 34.932430267334 35.0411376953125 35.1062049865723 35.1263656616211
32.073486328125 -9999 -9999 -9999 -9999 -9999 -9999 -9999 -9999 -9999 25.1198883056641 20.8512382507324 -9999 -9999 -9999 20.2810707092285 20.1833896636963 19.3444576263428 18.4746189117432 18.6517200469971 20.236988067627 21.8097705841064 23.3302955627441 24.6923789978027 25.7199783325195 26.4864768981934 26.9338569641113 27.2945423126221 27.5920791625977 27.9023628234863 28.217924118042 28.6058292388916 29.0079574584961 29.5119037628174 30.0314884185791 30.6669979095459 31.3275089263916 32.075927734375 32.8038024902344 33.4935264587402 34.062686920166 34.5004920959473 34.7947311401367 34.9960784912109 35.0867729187012 35.1377220153809 35.1422958374023
32.0085144042969 31.9989242553711 -9999 -9999 -9999 -9999 -9999 -9999 -9999 -9999 27.1671543121338 24.5717182159424 20.8512382507324 -9999 -9999 20.1338005065918 20.1482009887695 20.2681655883789 20.1664333343506 20.1526985168457 21.6414165496826 23.1467533111572 24.7216377258301 26.1127643585205 27.1159629821777 27.8085327148438 28.1214542388916 28.3475131988525 28.5103034973145 28.7075214385986 28.9189968109131 29.198299407959 29.4909343719482 29.8666000366211 30.2621936798096 30.8224239349365 31.4215259552002 32.1573066711426 32.8808860778809 33.5818061828613 34.1568145751953 34.5946388244629 34.8757019042969 35.0553359985352 35.1303634643555 35.1678161621094 35.1594848632812
32.0085144042969 31.9797420501709 31.913890838623 31.7091655731201 -9999 -9999 -9999 -9999 -9999 -9999 -9999 26.3732719421387 23.7849502563477 20.8512382507324 20.5612087249756 20.1338005065918 20.1482009887695 20.2681655883789 20.6188488006592 21.0664920806885 22.6946907043457 24.3015804290771 25.8193016052246 27.1925773620605 28.2609157562256 29.0290241241455 29.4301891326904 29.6693496704102 29.7905101776123 29.9312572479248 30.080114364624 30.2571239471436 30.4396667480469 30.6646823883057 30.9063568115234 31.2954006195068 31.7307376861572 32.3288383483887 32.9409828186035 33.5792007446289 34.1328811645508 34.5944557189941 34.8948822021484 35.0910377502441 35.1629676818848 35.1902732849121 35.1834106445312
32.0564498901367 31.9963874816895 31.9587955474854 31.7206401824951 -9999 -9999 -9999 -9999 28.5087738037109 27.8151226043701 27.2284526824951 26.7886543273926 25.1027088165283 22.3972015380859 21.2439289093018 20.8259162902832 20.8259334564209 20.9258327484131 21.5320453643799 22.2369575500488 23.8721561431885 25.4666862487793 26.8910160064697 28.2043113708496 29.2832050323486 30.094783782959 30.5796489715576 30.8474311828613 30.9570922851562 31.0584011077881 31.1562519073486 31.2512912750244 31.3457775115967 31.4464340209961 31.5591793060303 31.7877788543701 32.0658378601074 32.5177955627441 33.0094184875488 33.5746994018555 34.0957069396973 34.5684776306152 34.8849296569824 35.1002426147461 35.1778373718262 35.2059593200684 35.2042617797852
32.2242202758789 32.0902290344238 31.9667682647705 31.7206401824951 31.4480590820312 30.8003635406494 30.123254776001 29.2965278625488 28.5087738037109 27.8151226043701 27.2284526824951 26.7886543273926 25.7984294891357 24.3578605651855 23.6334857940674 23.2483577728271 23.1980323791504 23.2277030944824 23.5972232818604 24.0491180419922 25.3601150512695 26.6574897766113 27.897855758667 29.0458450317383 29.9988231658936 30.7737064361572 31.3309154510498 31.6661148071289 31.8396053314209 31.9440650939941 32.0199394226074 32.083812713623 32.1453285217285 32.1873550415039 32.2336502075195 32.3286590576172 32.4656639099121 32.750316619873 33.0987091064453 33.5654678344727 34.0254325866699 34.4780006408691 34.8021469116211 35.0431976318359 35.1483688354492 35.2047309875488 35.2174263000488
32.478458404541 32.2937202453613 32.1075592041016 31.8449516296387 31.5635776519775 30.9868698120117 30.3888130187988 29.6821632385254 29.0150718688965 28.4434967041016 27.983829498291 27.6777954101562 27.2208442687988 26.6404151916504 26.2302875518799 25.9008255004883 25.8148460388184 25.7870445251465 25.9688835144043 26.2124938964844 27.1455154418945 28.0874996185303 29.0669918060303 29.9828453063965 30.7643508911133 31.4410972595215 31.9898090362549 32.3446769714355 32.5583534240723 32.6709327697754 32.741641998291 32.7879676818848 32.8295021057129 32.8295669555664 32.8276634216309 32.8215446472168 32.8497467041016 32.9986152648926 33.2247886657715 33.5945167541504 33.9860534667969 34.4013519287109 34.7152938842773 34.9636497497559 35.0914192199707 35.1758728027344 35.2106704711914
32.8549537658691 32.6522369384766 32.4361305236816 32.1450157165527 31.8424186706543 31.4370574951172 31.0298175811768 30.6130142211914 30.2371807098389 29.9602756500244 29.8071689605713 29.8240222930908 29.67067527771 29.3780765533447 29.1200942993164 28.8785076141357 28.7776432037354 28.7104015350342 28.773853302002 28.8724250793457 29.3514442443848 29.8557014465332 30.4655895233154 31.0548191070557 31.6004371643066 32.0921897888184 32.5181045532227 32.8251342773438 33.0455703735352 33.1732864379883 33.2626075744629 33.3106384277344 33.3505516052246 33.332218170166 33.3079261779785 33.2465744018555 33.2115707397461 33.2692184448242 33.4028778076172 33.6776924133301 33.9903526306152 34.3442535400391 34.6226844787598 34.8522834777832 34.9956130981445 35.1079559326172 35.1757469177246
33.2502632141113 33.0698509216309 32.8743515014648 32.6192817687988 32.3580284118652 32.094425201416 31.8392105102539 31.6266422271729 31.4457263946533 31.3412456512451 31.3461074829102 31.5010795593262 31.5039501190186 31.3823738098145 31.2350425720215 31.075511932373 30.9941787719727 30.9315280914307 30.9371719360352 30.9589023590088 31.1464900970459 31.3626537322998 31.698413848877 32.0389213562012 32.3894538879395 32.7191200256348 33.0232849121094 33.2660713195801 33.4641571044922 33.5914726257324 33.6894798278809 33.7356834411621 33.7717018127441 33.7307281494141 33.6819915771484 33.5852890014648 33.5110130310059 33.5155982971191 33.5890235900879 33.790283203125 34.0344581604004 34.3253860473633 34.5626945495605 34.765308380127 34.9070777893066 35.0269889831543 35.1118659973145
33.6614151000977 33.5372276306152 33.4049110412598 33.2402458190918 33.0730285644531 32.9262657165527 32.7904052734375 32.7099761962891 32.6428489685059 32.6078491210938 32.6455421447754 32.7830429077148 32.8180122375488 32.7690925598145 32.6974716186523 32.6150932312012 32.582275390625 32.5612945556641 32.5601425170898 32.5624656677246 32.5955238342285 32.649600982666 32.7916412353516 32.949031829834 33.1388320922852 33.3257026672363 33.5089912414551 33.6737289428711 33.824951171875 33.938777923584 34.0371170043945 34.0785140991211 34.1087188720703 34.0415420532227 33.9666213989258 33.851318359375 33.7579231262207 33.7415771484375 33.7819480895996 33.9276504516602 34.1120834350586 34.3387145996094 34.5301742553711 34.6988792419434 34.8246650695801 34.9350357055664 35.0236053466797
34.0695991516113 33.9935760498047 33.911678314209 33.8076515197754 33.7024765014648 33.6274909973145 33.5621719360352 33.5460319519043 33.5336837768555 33.5304946899414 33.5687866210938 33.6640281677246 33.6930694580078 33.6679458618164 33.6251373291016 33.5739517211914 33.564868927002 33.5658416748047 33.5699653625488 33.57275390625 33.5529556274414 33.5455207824707 33.5898284912109 33.6487846374512 33.7386512756348 33.8323936462402 33.9308700561523 34.0344200134277 34.141658782959 34.2302513122559 34.3111190795898 34.3314247131348 34.3398208618164 34.2496910095215 34.1544609069824 34.045051574707 33.9579010009766 33.949031829834 33.9860458374023 34.1082763671875 34.2582855224609 34.4385643005371 34.5918388366699 34.7276382446289 34.8302688598633 34.9209861755371 34.9949798583984
34.4763259887695 34.4445304870605 34.4068031311035 34.3488464355469 34.2900657653809 34.2647972106934 34.2461357116699 34.2610816955566 34.2746315002441 34.2848243713379 34.3079376220703 34.3487892150879 34.3532905578613 34.328052520752 34.2911109924316 34.2486190795898 34.2511444091797 34.2644195556641 34.279727935791 34.2927093505859 34.2698059082031 34.2500801086426 34.2436370849609 34.2455940246582 34.2652854919434 34.2902030944824 34.3215141296387 34.372127532959 34.4367942810059 34.4944038391113 34.5490913391113 34.5403251647949 34.5190887451172 34.407600402832 34.2949295043945 34.2034034729004 34.1349143981934 34.1474227905273 34.195613861084 34.3100662231445 34.438045501709 34.5807571411133 34.699592590332 34.802978515625 34.8789443969727 34.9450607299805 34.9955444335938
34.784236907959 34.7730903625488 34.7575569152832 34.726749420166 34.6951293945312 34.6839294433594 34.6768455505371 34.6907005310059 34.7037963867188 34.7150688171387 34.7299728393555 34.7498626708984 34.7495193481445 34.7326164245605 34.7084999084473 34.6809730529785 34.690113067627 34.7080154418945 34.7336196899414 34.7577095031738 34.7520370483398 34.7438163757324 34.7249412536621 34.7060699462891 34.6872062683105 34.6702308654785 34.6555671691895 34.6581802368164 34.6733703613281 34.6921348571777 34.7123832702637 34.6726379394531 34.6210975646973 34.508731842041 34.3992347717285 34.3397750854492 34.3035163879395 34.3488388061523 34.4219589233398 34.5467071533203 34.6715202331543 34.7964019775391 34.8919944763184 34.9686279296875 35.0168991088867 35.0549850463867 35.0789680480957
