Ecospace-environmental-drivers/Outputs/ASCII-for-ecospace/MOM6-ISIMIP3a/so-surf/1996-03_so-surf_MOM6-ISIMIP3a.asc
NCOLS 131 
NROWS 53 
XLLCORNER -98 
YLLCORNER 23.9265270233154 
CELLSIZE 0.133587792515755 
NODATA_value -9999 
[rows 21 to 41 of 53, columns 47 to 93 of 131]
36.5182342529297 36.5018119812012 36.4812202453613 36.4470825195312 36.4125862121582 36.4058227539062 36.3970413208008 36.3780174255371 36.3357353210449 36.2372894287109 36.1226119995117 35.9856567382812 35.8328170776367 35.6669807434082 35.5959243774414 35.569766998291 35.6334495544434 35.7185935974121 35.850227355957 35.9774284362793 35.9936828613281 36.009033203125 36.0205955505371 36.0225791931152 36.0043525695801 35.9796447753906 35.9470138549805 35.9116516113281 35.8743019104004 35.8590812683105 35.85302734375 35.8817520141602 35.9173164367676 35.9601097106934 36.0002288818359 36.0116119384766 36.0230445861816 36.0346412658691 36.0337448120117 36.009651184082 35.9936485290527 35.9864616394043 36.0071296691895 36.0458183288574 36.0892066955566 36.1342849731445 36.1224517822266
36.587230682373 36.5794830322266 36.5696296691895 36.5513496398926 36.5326919555664 36.5271759033203 36.5192260742188 36.4988822937012 36.4616889953613 36.3838157653809 36.29443359375 36.1892585754395 36.0727310180664 35.9469184875488 35.8862495422363 35.8564414978027 35.899169921875 35.9592361450195 36.0331192016602 36.1020584106445 36.0852088928223 36.0720901489258 36.0745811462402 36.0688362121582 36.0457000732422 36.0230827331543 36.0011024475098 35.9793739318848 35.9578323364258 35.9596519470215 35.9711456298828 36.0124588012695 36.0596351623535 36.1072807312012 36.1514701843262 36.1617317199707 36.1711883544922 36.1778297424316 36.178581237793 36.1683883666992 36.158618927002 36.1493034362793 36.156322479248 36.1739044189453 36.2007637023926 36.2309494018555 36.231315612793
36.6379737854004 36.6370964050293 36.6359825134277 36.6319427490234 36.6275939941406 36.6229019165039 36.6153717041016 36.5933799743652 36.5611305236816 36.5041275024414 36.4408950805664 36.3691215515137 36.2925682067871 36.2121124267578 36.165412902832 36.1347045898438 36.1562919616699 36.1903762817383 36.205940246582 36.2164535522461 36.1719665527344 36.1352958679199 36.1313400268555 36.1199340820312 36.0928001403809 36.0732421875 36.0629425048828 36.0558662414551 36.0511360168457 36.0698013305664 36.0981559753418 36.1506576538086 36.2079010009766 36.258659362793 36.3052787780762 36.3138313293457 36.3206558227539 36.3214149475098 36.3225440979004 36.3243598937988 36.3196029663086 36.3076934814453 36.3007354736328 36.2969818115234 36.3072128295898 36.3224716186523 36.3352088928223
36.6381034851074 36.6387748718262 36.6396102905273 36.6374588012695 36.634880065918 36.629093170166 36.6209869384766 36.6010894775391 36.5739631652832 36.5293846130371 36.4815635681152 36.4292869567871 36.3764572143555 36.3231773376465 36.2941474914551 36.2766036987305 36.2809371948242 36.2905044555664 36.2962799072266 36.2998924255371 36.2758560180664 36.2566032409668 36.2573738098145 36.2522354125977 36.2346305847168 36.2230377197266 36.2187919616699 36.2209548950195 36.227783203125 36.2502593994141 36.2792167663574 36.3181800842285 36.3591117858887 36.3910179138184 36.4200820922852 36.4246482849121 36.4285736083984 36.4302520751953 36.4303169250488 36.4273719787598 36.4190826416016 36.404972076416 36.3945388793945 36.3864822387695 36.3906135559082 36.3991203308105 36.4122428894043
36.6384086608887 36.6407470703125 36.6435890197754 36.6434097290039 36.6427154541016 36.6365280151367 36.6285552978516 36.6115074157715 36.5899925231934 36.5576820373535 36.524528503418 36.4902153015137 36.458610534668 36.4292259216309 36.4149436950684 36.4078178405762 36.3979568481445 36.3874473571777 36.3845901489258 36.3820304870605 36.3761329650879 36.3721923828125 36.3764533996582 36.3765869140625 36.3680114746094 36.3634605407715 36.3638191223145 36.3727951049805 36.388053894043 36.4121131896973 36.4398193359375 36.4654197692871 36.490608215332 36.5056953430176 36.5191764831543 36.5206260681152 36.5223083496094 36.524829864502 36.5243263244629 36.5182151794434 36.507740020752 36.4925193786621 36.4795684814453 36.468090057373 36.467041015625 36.4697380065918 36.4824981689453
36.6394805908203 36.6440010070801 36.649112701416 36.6512832641602 36.6529541015625 36.6494140625 36.6446723937988 36.6338043212891 36.620044708252 36.5993041992188 36.5775756835938 36.5544967651367 36.5331611633301 36.5132598876953 36.5009346008301 36.4921989440918 36.4815406799316 36.4704208374023 36.4640083312988 36.4584465026855 36.4605484008789 36.462703704834 36.4650573730469 36.4661026000977 36.4643707275391 36.4627876281738 36.4613838195801 36.466552734375 36.4765090942383 36.4923896789551 36.5107231140137 36.5237159729004 36.5356597900391 36.5428428649902 36.5494003295898 36.5515441894531 36.5538749694824 36.5568580627441 36.557991027832 36.5556907653809 36.5489540100098 36.5373802185059 36.5261306762695 36.5150833129883 36.5129127502441 36.5139236450195 36.5230331420898
36.6405410766602 36.6467819213867 36.6537132263184 36.6580467224121 36.6619491577148 36.6615104675293 36.6603012084961 36.6551780700684 36.6483039855957 36.6371955871582 36.6249084472656 36.6110000610352 36.5977096557617 36.5849151611328 36.5738830566406 36.5636863708496 36.5519943237305 36.5399475097656 36.5306930541992 36.5226364135742 36.5291900634766 36.5344390869141 36.5342407226562 36.5347862243652 36.5369071960449 36.5367736816406 36.5338859558105 36.5361099243164 36.5420608520508 36.5524978637695 36.5647926330566 36.5695877075195 36.5729064941406 36.574764251709 36.5766525268555 36.5793991088867 36.5821304321289 36.5848274230957 36.5865631103516 36.5865173339844 36.5823059082031 36.5735626220703 36.5636100769043 36.5528717041016 36.5499382019043 36.5498046875 36.5558242797852
36.6415863037109 36.6485290527344 36.6562881469727 36.6623840332031 36.6682319641113 36.6718788146973 36.6748695373535 36.6745529174805 36.6726570129395 36.6669540405273 36.6597709655762 36.6505508422852 36.6404228210449 36.6295585632324 36.6183776855469 36.6070518493652 36.5938186645508 36.5801277160645 36.5695991516113 36.5601577758789 36.563404083252 36.5652160644531 36.5610389709473 36.5580253601074 36.5574684143066 36.5554695129395 36.5517082214355 36.5528717041016 36.5576210021973 36.5685844421387 36.5821266174316 36.5883407592773 36.5931167602539 36.595272064209 36.5974273681641 36.6005554199219 36.6031646728516 36.6039352416992 36.6040191650391 36.6028251647949 36.5985107421875 36.5908012390137 36.5812759399414 36.5705757141113 36.5676689147949 36.5675621032715 36.5717163085938
36.6432495117188 36.6507148742676 36.6591262817383 36.6662063598633 36.6731185913086 36.679126739502 36.6846199035645 36.6874961853027 36.689037322998 36.6873588562012 36.6840209960938 36.6784133911133 36.6710472106934 36.6622352600098 36.6517181396484 36.6403923034668 36.6267509460449 36.6125526428223 36.6009902954102 36.5903396606445 36.5903244018555 36.5891265869141 36.5829811096191 36.5783386230469 36.5768623352051 36.5748710632324 36.5722465515137 36.5734977722168 36.5775756835938 36.5877914428711 36.6005439758301 36.6068458557129 36.6118774414062 36.6141128540039 36.6163482666016 36.6196060180664 36.621997833252 36.6213531494141 36.6199913024902 36.6173133850098 36.6124687194824 36.6052627563477 36.5960540771484 36.5855522155762 36.5819969177246 36.580940246582 36.5833969116211
36.645694732666 36.6534461975098 36.6622886657715 36.669376373291 36.6762542724609 36.6824569702148 36.688304901123 36.6923522949219 36.6953887939453 36.695987701416 36.6949234008789 36.6915817260742 36.686450958252 36.6798629760742 36.6710243225098 36.6611175537109 36.648494720459 36.6352195739746 36.6229286193848 36.6112861633301 36.6080627441406 36.6043891906738 36.598819732666 36.5949783325195 36.5947914123535 36.5951538085938 36.5961952209473 36.5989875793457 36.6030578613281 36.610912322998 36.6203346252441 36.6250343322754 36.6288032531738 36.6308479309082 36.6329307556152 36.6359977722168 36.6380653381348 36.6366386413574 36.6341018676758 36.629508972168 36.623592376709 36.6162300109863 36.6072044372559 36.5970993041992 36.5920448303223 36.5888023376465 36.5897903442383
36.6493949890137 36.6572341918945 36.6661415100098 36.6729393005371 36.6794967651367 36.6854934692383 36.691333770752 36.6963958740234 36.7005958557129 36.7027168273926 36.7031631469727 36.7013168334961 36.6978569030762 36.6930809020996 36.6862335205078 36.6784133911133 36.667781829834 36.6564788818359 36.644603729248 36.6331405639648 36.6282615661621 36.6233901977539 36.6185455322266 36.6151733398438 36.6149101257324 36.6157989501953 36.6180953979492 36.620735168457 36.6236228942871 36.6291885375977 36.6358680725098 36.6395034790039 36.6425437927246 36.6445655822754 36.6465721130371 36.6488494873047 36.6501045227051 36.6477546691895 36.6443939208984 36.6391716003418 36.6333885192871 36.6269950866699 36.6184959411621 36.6086349487305 36.6028823852539 36.5986061096191 36.5969581604004
36.6540412902832 36.6618118286133 36.6705055236816 36.6767959594727 36.6828231811523 36.6883087158203 36.6938743591309 36.6998329162598 36.704948425293 36.7080192565918 36.7094078063965 36.7084808349609 36.7062644958496 36.7029876708984 36.6983795166016 36.6931304931641 36.6852264404297 36.676685333252 36.6660766601562 36.6556739807129 36.6503028869629 36.6451950073242 36.6411895751953 36.6380386352539 36.6366767883301 36.63671875 36.6384658813477 36.6396751403809 36.6404991149902 36.6438331604004 36.6482124328613 36.6511917114258 36.6539001464844 36.6560096740723 36.6580047607422 36.6590538024902 36.659122467041 36.6557426452637 36.6518287658691 36.6469306945801 36.6421813964844 36.6376075744629 36.6298942565918 36.6201553344727 36.614315032959 36.6098747253418 36.6047058105469
36.6596946716309 36.6670455932617 36.6751174926758 36.681079864502 36.6868057250977 36.6918754577637 36.6971435546875 36.7034149169922 36.7088356018066 36.7122001647949 36.7139511108398 36.7134971618652 36.7118148803711 36.7091293334961 36.7056846618652 36.7018814086914 36.6960792541504 36.6897964477539 36.6812705993652 36.6728172302246 36.6675872802734 36.6626968383789 36.6592102050781 36.65625 36.654411315918 36.6537933349609 36.654670715332 36.6549110412598 36.6546859741211 36.6561622619629 36.6583442687988 36.6601142883301 36.6618041992188 36.663257598877 36.6646003723145 36.6649551391602 36.6646041870117 36.6617736816406 36.6586723327637 36.6550712585449 36.651725769043 36.6486663818359 36.6416397094727 36.6320419311523 36.6257553100586 36.6206665039062 36.6124038696289
36.6657752990723 36.6725654602051 36.6798324584961 36.685546875 36.6910667419434 36.6957626342773 36.7007293701172 36.7070617675781 36.7125282287598 36.715892791748 36.7177696228027 36.7175941467285 36.7161445617676 36.7136573791504 36.7109222412109 36.7080726623535 36.7041053771973 36.6998672485352 36.693775177002 36.6876487731934 36.6828346252441 36.678352355957 36.6752433776855 36.6724739074707 36.6704177856445 36.6692276000977 36.6690979003906 36.6685600280762 36.6677207946777 36.6674995422363 36.6675338745117 36.667854309082 36.6682281494141 36.6687049865723 36.6691284179688 36.669017791748 36.6685752868652 36.6669692993164 36.6652641296387 36.6633758544922 36.6615905761719 36.6599235534668 36.6535301208496 36.6440811157227 36.6372032165527 36.6312522888184 36.6200828552246
36.6722297668457 36.6783981323242 36.6849212646484 36.6899719238281 36.6948623657227 36.6993675231934 36.7040939331055 36.7099456787109 36.7150344848633 36.7182807922363 36.7200889587402 36.7199211120605 36.7186965942383 36.7166061401367 36.7144470214844 36.7122573852539 36.7097053527832 36.7070693969727 36.702995300293 36.6987495422363 36.693416595459 36.6885757446289 36.6857986450195 36.6831016540527 36.6805763244629 36.6787071228027 36.6776390075684 36.6763153076172 36.6748085021973 36.673469543457 36.6722030639648 36.6715126037598 36.6709327697754 36.6701774597168 36.6694374084473 36.6688957214355 36.6683197021484 36.6676063537598 36.6669044494629 36.6662330627441 36.6653823852539 36.6643409729004 36.6597747802734 36.6529273986816 36.6475448608398 36.6426849365234 36.6293792724609
36.6787605285645 36.6842994689941 36.6900825500488 36.694393157959 36.698558807373 36.7029113769531 36.7074089050293 36.7126731872559 36.7173004150391 36.720401763916 36.7221031188965 36.7218856811523 36.7208786010742 36.7192306518555 36.7176170349121 36.7160224914551 36.7148056030273 36.713680267334 36.711540222168 36.7090797424316 36.7030334472656 36.6976737976074 36.6952209472656 36.6925735473633 36.6895294189453 36.686954498291 36.6849594116211 36.6828536987305 36.6806678771973 36.6783332824707 36.6759338378906 36.6743240356445 36.6728668212891 36.6708297729492 36.668872833252 36.667911529541 36.6671905517578 36.6673011779785 36.6675262451172 36.6679611206055 36.6679191589355 36.667350769043 36.6648559570312 36.6611175537109 36.6576538085938 36.6542892456055 36.6390075683594
36.6857414245605 36.6899681091309 36.6943740844727 36.6975860595703 36.7007369995117 36.7054100036621 36.7101097106934 36.7149314880371 36.7192611694336 36.7223930358887 36.7239036560059 36.7231864929199 36.721866607666 36.7200508117676 36.7189483642578 36.7181816101074 36.7179260253906 36.7177963256836 36.7166709899902 36.7150421142578 36.7070770263672 36.6999473571777 36.6963310241699 36.6927528381348 36.6892509460449 36.6862449645996 36.683837890625 36.681324005127 36.6787376403809 36.6763114929199 36.6739540100098 36.6717643737793 36.669605255127 36.6668701171875 36.6642799377441 36.6633148193359 36.6624565124512 36.661979675293 36.662052154541 36.6631546020508 36.6638641357422 36.6641464233398 36.6642112731934 36.664134979248 36.6632041931152 36.6619606018066 36.6505279541016
36.6927146911621 36.6955680847168 36.698543548584 36.7007026672363 36.7028770446777 36.707836151123 36.7126998901367 36.7171058654785 36.7211303710938 36.7242431640625 36.7255210876465 36.7242813110352 36.7226295471191 36.7206382751465 36.7200508117676 36.7201309204102 36.7207565307617 36.7215156555176 36.7211990356445 36.7201995849609 36.7103080749512 36.7014007568359 36.6966018676758 36.692066192627 36.6880912780762 36.6846618652344 36.6818923950195 36.679012298584 36.6760520935059 36.6735572814941 36.6712493896484 36.6684608459473 36.6655807495117 36.6622467041016 36.659107208252 36.6580390930176 36.6569442749023 36.6557655334473 36.6555824279785 36.6572570800781 36.6587219238281 36.6599655151367 36.6625099182129 36.6658897399902 36.6675796508789 36.6686592102051 36.6613616943359
36.699348449707 36.7005653381348 36.7018356323242 36.703540802002 36.7053909301758 36.7099456787109 36.714427947998 36.7185401916504 36.7221641540527 36.7246246337891 36.725284576416 36.7234725952148 36.721565246582 36.7195777893066 36.719596862793 36.7205619812012 36.7213935852051 36.7221946716309 36.7209129333496 36.7188529968262 36.7075271606445 36.6973304748535 36.6918449401855 36.6866149902344 36.6819267272949 36.6780700683594 36.6752243041992 36.6722145080566 36.6690864562988 36.6662521362305 36.6635360717773 36.659797668457 36.6558570861816 36.6527061462402 36.6496505737305 36.6472358703613 36.6448249816895 36.6424446105957 36.6413993835449 36.6428260803223 36.6451034545898 36.6483039855957 36.6522331237793 36.6566276550293 36.6616172790527 36.666820526123 36.6639518737793
36.7050437927246 36.7049674987793 36.704963684082 36.7062149047852 36.707691192627 36.7117576599121 36.7158012390137 36.7197036743164 36.7229614257812 36.7246627807617 36.7245941162109 36.7220840454102 36.7199058532715 36.7179985046387 36.7185935974121 36.7203750610352 36.7214279174805 36.7223091125488 36.7196311950684 36.7161331176758 36.7043113708496 36.6934814453125 36.6867980957031 36.680591583252 36.6753807067871 36.6711196899414 36.6680183410645 36.6647796630859 36.6614418029785 36.6583290100098 36.6553115844727 36.6508102416992 36.6460151672363 36.6427764892578 36.639533996582 36.635669708252 36.631908416748 36.6284980773926 36.6267547607422 36.6281051635742 36.6311416625977 36.6360168457031 36.6414222717285 36.6471710205078 36.6548957824707 36.6633338928223 36.664478302002
36.7073135375977 36.7071914672852 36.7074737548828 36.7082672119141 36.7092018127441 36.7124786376953 36.7158737182617 36.7198867797852 36.7228851318359 36.7234344482422 36.7222213745117 36.7185859680176 36.7160873413086 36.7145195007324 36.7155876159668 36.7179069519043 36.7192459106445 36.7203521728516 36.7146911621094 36.7083854675293 36.6994972229004 36.6904411315918 36.6806945800781 36.6724624633789 36.667423248291 36.6628532409668 36.6588478088379 36.6550140380859 36.6513023376465 36.6481437683105 36.6452140808105 36.6406402587891 36.6357460021973 36.6314239501953 36.6269989013672 36.6213188171387 36.6160545349121 36.6122512817383 36.6104354858398 36.6123161315918 36.6159248352051 36.6214218139648 36.6286544799805 36.6370124816895 36.6453971862793 36.6537933349609 36.6574325561523
