Ecospace-environmental-drivers/Outputs/ASCII-for-ecospace/MOM6-ISIMIP3a/so-surf/1997-09_so-surf_MOM6-ISIMIP3a.asc
NCOLS 131 
NROWS 53 
XLLCORNER -98 
YLLCORNER 23.9265270233154 
CELLSIZE 0.133587792515755 
NODATA_value -9999 
[rows 21 to 41 of 53, columns 0 to 46 of 131]
-9999 -9999 -9999 -9999 -9999 -9999 35.4384574890137 35.4127578735352 35.3458557128906 35.2372016906738 35.1550025939941 35.012809753418 35.0112609863281 35.0066528320312 35.0266876220703 35.0751571655273 35.13134765625 35.1928405761719 35.2477951049805 35.300220489502 35.351676940918 35.4029579162598 35.4261512756348 35.4491310119629 35.4754638671875 35.4950065612793 35.4925231933594 35.4844055175781 35.4664535522461 35.4624862670898 35.4729042053223 35.4805297851562 35.4864540100098 35.5029983520508 35.5230827331543 35.5725212097168 35.6258010864258 35.6489028930664 35.6657905578613 35.6430892944336 35.6095886230469 35.546028137207 35.5002784729004 35.482048034668 35.4730033874512 35.4723968505859 35.4715576171875
-9999 -9999 -9999 -9999 -9999 -9999 35.443058013916 35.4384574890137 35.3870620727539 35.3207054138184 35.2372016906738 35.2149925231934 35.225269317627 35.2998275756836 35.3832321166992 35.4768486022949 35.5604286193848 35.6371154785156 35.6973648071289 35.7512664794922 35.790885925293 35.8279876708984 35.8280067443848 35.8289566040039 35.8444442749023 35.8586044311523 35.8684692382812 35.8697128295898 35.8559150695801 35.8561134338379 35.870719909668 35.8887062072754 35.9087448120117 35.9334716796875 35.9597587585449 35.9996795654297 36.0413475036621 36.0634384155273 36.0802764892578 36.0636863708496 36.0381813049316 35.9878540039062 35.9503479003906 35.9326591491699 35.9246482849121 35.9255218505859 35.9243125915527
-9999 -9999 -9999 -9999 35.5233039855957 35.4732704162598 35.446533203125 35.4441795349121 35.4384574890137 35.3356666564941 35.2714996337891 35.3551483154297 35.4618797302246 35.6142845153809 35.7561302185059 35.8857955932617 35.9897232055664 36.0759735107422 36.138599395752 36.1921081542969 36.2200317382812 36.2434387207031 36.2192687988281 36.1969451904297 36.1987380981445 36.2049446105957 36.2254753112793 36.2348747253418 36.2248611450195 36.2279968261719 36.2446632385254 36.2704963684082 36.3019065856934 36.3325653076172 36.3629760742188 36.3914031982422 36.4194831848145 36.437858581543 36.4521484375 36.4404144287109 36.4220848083496 36.3853950500488 36.3558311462402 36.3372764587402 36.3282890319824 36.3280830383301 36.3235397338867
-9999 -9999 -9999 -9999 35.6362953186035 35.5371208190918 35.5000076293945 35.446533203125 35.4475440979004 35.4604339599609 35.5030784606934 35.6596336364746 35.8212203979492 35.9927787780762 36.1258659362793 36.2145690917969 36.2834434509277 36.338695526123 36.3795394897461 36.4148178100586 36.4372406005859 36.4574012756348 36.434139251709 36.4112243652344 36.3990898132324 36.3924789428711 36.4037628173828 36.4098739624023 36.4069480895996 36.4108123779297 36.4216651916504 36.4401397705078 36.4632606506348 36.4880218505859 36.5133323669434 36.5347785949707 36.555591583252 36.5627975463867 36.5663452148438 36.5466117858887 36.5219612121582 36.4836273193359 36.4498176574707 36.4230003356934 36.4037742614746 36.3915061950684 36.3761253356934
-9999 -9999 -9999 -9999 -9999 35.6362953186035 35.5656433105469 35.5534820556641 35.482120513916 35.5961990356445 35.731128692627 35.9458541870117 36.1489105224609 36.3288917541504 36.4507751464844 36.5056343078613 36.5444145202637 36.5721549987793 36.5927696228027 36.6106338500977 36.6266479492188 36.642333984375 36.6212501525879 36.5992279052734 36.5760498046875 36.5589981079102 36.5618133544922 36.564582824707 36.567268371582 36.5716285705566 36.5777053833008 36.5897941589355 36.6055450439453 36.6246299743652 36.6448287963867 36.6576042175293 36.6692123413086 36.6609992980957 36.6497840881348 36.6194534301758 36.5862312316895 36.5449523925781 36.5065269470215 36.4725112915039 36.4445877075195 36.4222602844238 36.3984298706055
-9999 -9999 -9999 -9999 -9999 35.654468536377 35.6362953186035 35.6262550354004 35.6284408569336 35.7802124023438 35.9436950683594 36.1520004272461 36.3378257751465 36.479175567627 36.5791397094727 36.63134765625 36.6617965698242 36.677303314209 36.6845207214355 36.688533782959 36.6941223144531 36.6999893188477 36.686637878418 36.6720314025879 36.6504249572754 36.6333808898926 36.6311073303223 36.6303253173828 36.6321449279785 36.6359634399414 36.6418380737305 36.6517868041992 36.6642189025879 36.678596496582 36.6936264038086 36.6903190612793 36.6842193603516 36.6419830322266 36.5983772277832 36.5460624694824 36.494384765625 36.4444694519043 36.3997917175293 36.3632125854492 36.3333854675293 36.309757232666 36.287956237793
-9999 -9999 35.6782531738281 35.6791763305664 35.684700012207 35.6726608276367 35.6544456481934 35.7007179260254 35.7605285644531 35.939338684082 36.1216583251953 36.3174133300781 36.4848213195801 36.596134185791 36.6798210144043 36.731632232666 36.7561988830566 36.7620582580566 36.7573776245117 36.7486343383789 36.743724822998 36.7394943237305 36.7318420410156 36.7230186462402 36.7050895690918 36.6902732849121 36.6855583190918 36.6832008361816 36.6849479675293 36.6885795593262 36.6941452026367 36.7019958496094 36.7112350463867 36.7169532775879 36.7214965820312 36.6960525512695 36.6661720275879 36.5957069396973 36.5256881713867 36.4585075378418 36.394947052002 36.3414688110352 36.294750213623 36.2584762573242 36.229175567627 36.2062759399414 36.187442779541
-9999.000000000000000 -9999 -9999 -9999 35.6801643371582 35.6967430114746 35.7078399658203 35.778865814209 35.8615646362305 36.0441665649414 36.2241249084473 36.3939552307129 36.5403518676758 36.640380859375 36.7201156616211 36.7764358520508 36.8004608154297 36.8023109436035 36.7890205383301 36.769889831543 36.7543258666992 36.7393951416016 36.7330017089844 36.7264175415039 36.7167358398438 36.7090110778809 36.7076263427734 36.7079925537109 36.7114105224609 36.7156257629395 36.7206611633301 36.7264938354492 36.7328109741211 36.7212409973145 36.7037048339844 36.6429176330566 36.5760154724121 36.4899597167969 36.4065589904785 36.3400382995605 36.2789459228516 36.2329750061035 36.1933937072754 36.1636962890625 36.1402282714844 36.1224746704102 36.1086692810059
-9999 -9999 -9999 -9999 35.6658325195312 35.671085357666 35.695930480957 35.8158340454102 35.9457359313965 36.1342163085938 36.3141441345215 36.4613380432129 36.5892868041992 36.6791458129883 36.7529449462891 36.8082084655762 36.8282356262207 36.8240547180176 36.8022689819336 36.7736854553223 36.7519683837891 36.7314643859863 36.7268867492676 36.7228202819824 36.7200813293457 36.7185935974121 36.7211647033691 36.7247314453125 36.7300338745117 36.7345314025879 36.7381973266602 36.7379417419434 36.7353019714355 36.7025604248047 36.6597862243652 36.5740432739258 36.4823532104492 36.3904304504395 36.3025054931641 36.2400588989258 36.1843643188477 36.1474456787109 36.1164817810059 36.0947151184082 36.0780944824219 36.0661964416504 36.0580635070801
-9999 -9999 -9999 -9999 35.6503791809082 35.6296730041504 35.6041069030762 35.8009986877441 36.0086898803711 36.2056694030762 36.3885040283203 36.5172004699707 36.6299133300781 36.7110061645508 36.7763748168945 36.8235931396484 36.8352584838867 36.8225135803223 36.7923736572266 36.7555160522461 36.7332992553711 36.7136688232422 36.7116279602051 36.7104225158691 36.7129821777344 36.7166633605957 36.7239723205566 36.7313346862793 36.7388000488281 36.7431945800781 36.7444343566895 36.7329711914062 36.7137756347656 36.6549835205078 36.5830001831055 36.4853630065918 36.3842926025391 36.2987174987793 36.217414855957 36.1633453369141 36.1167182922363 36.0908050537109 36.0703086853027 36.0581893920898 36.0497016906738 36.044548034668 36.042896270752
-9999 -9999 -9999 -9999 35.6296730041504 35.5987243652344 35.5623931884766 35.8012504577637 36.0492286682129 36.2567520141602 36.444522857666 36.5566635131836 36.6557579040527 36.7290382385254 36.7887802124023 36.832893371582 36.8405075073242 36.8230514526367 36.7880249023438 36.746208190918 36.724048614502 36.7053565979004 36.7043609619141 36.7043380737305 36.7092056274414 36.7150535583496 36.7240905761719 36.7324447631836 36.7396087646484 36.7404975891113 36.734920501709 36.7094230651855 36.6717910766602 36.5957946777344 36.5070114135742 36.4093742370605 36.3106727600098 36.2340126037598 36.1618499755859 36.1183280944824 36.0827369689941 36.069221496582 36.0602722167969 36.0583763122559 36.0587997436523 36.0613594055176 36.0667953491211
-9999 -9999 -9999 -9999 35.5969314575195 35.5623931884766 35.8125343322754 35.8128128051758 36.0729560852051 36.2925643920898 36.4867858886719 36.5838317871094 36.6705169677734 36.7366981506348 36.7929153442383 36.8376350402832 36.8444175720215 36.8251533508301 36.7878341674805 36.7435493469238 36.7218589782715 36.7041549682617 36.7030868530273 36.7029876708984 36.7079162597656 36.7136878967285 36.7221984863281 36.729434967041 36.7344551086426 36.7292747497559 36.7135963439941 36.6719436645508 36.6144714355469 36.5278930664062 36.4316177368164 36.342903137207 36.2553901672363 36.1895637512207 36.1284217834473 36.0970802307129 36.0740013122559 36.0739288330078 36.0773315429688 36.0860977172852 36.0960235595703 36.1070137023926 36.1199951171875
-9999 -9999 -9999 -9999 35.5623931884766 35.8635139465332 35.9890327453613 36.0736770629883 36.0899200439453 36.3168258666992 36.5141906738281 36.5985145568848 36.6752166748047 36.7368507385254 36.7921447753906 36.8401222229004 36.8499794006348 36.8336601257324 36.7954330444336 36.7487487792969 36.7256469726562 36.7067031860352 36.7037696838379 36.7018928527832 36.705883026123 36.7104911804199 36.7171096801758 36.7208251953125 36.7194709777832 36.7052116394043 36.6776695251465 36.6254463195801 36.5581855773926 36.4727935791016 36.3813552856445 36.302116394043 36.224723815918 36.1692657470703 36.1189384460449 36.1012687683105 36.0915718078613 36.1040496826172 36.1184005737305 36.1356468200684 36.1533203125 36.1713829040527 36.1907081604004
-9999 -9999 -9999 -9999 -9999 36.0628890991211 36.090087890625 36.0806083679199 36.1039886474609 36.3361320495605 36.5352325439453 36.6078453063965 36.675609588623 36.7337913513184 36.7892761230469 36.8416442871094 36.8562469482422 36.844913482666 36.8063735961914 36.7573204040527 36.7319946289062 36.7108535766602 36.7052917480469 36.7009086608887 36.7035293579102 36.7065124511719 36.7106590270996 36.7098159790039 36.7002716064453 36.6756401062012 36.6354866027832 36.5750846862793 36.5023460388184 36.4231758117676 36.3418617248535 36.2723388671875 36.2046089172363 36.1593170166016 36.1197128295898 36.1163635253906 36.1204109191895 36.1450576782227 36.1697616577148 36.1945533752441 36.2192192077637 36.2437705993652 36.2689323425293
-9999 -9999 -9999 -9999 -9999 36.1163635253906 36.109546661377 36.1159820556641 36.1320495605469 36.3577842712402 36.5497016906738 36.612174987793 36.6722946166992 36.7277565002441 36.7840957641602 36.8414497375488 36.8624725341797 36.8585433959961 36.8221549987793 36.7732315063477 36.7449188232422 36.7202453613281 36.7101745605469 36.7012634277344 36.6993637084961 36.6977310180664 36.6969833374023 36.690486907959 36.6739654541016 36.6437034606934 36.599308013916 36.5402450561523 36.4722442626953 36.4002456665039 36.3269119262695 36.2635955810547 36.2018356323242 36.1643714904785 36.1330909729004 36.1412010192871 36.1552429199219 36.1858177185059 36.2155113220215 36.2438354492188 36.2719535827637 36.2998886108398 36.3280143737793
-9999 -9999 -9999 -9999 -9999 36.1550598144531 36.1494560241699 36.1320495605469 36.1630058288574 36.3799209594727 36.5628089904785 36.6154670715332 36.6682090759277 36.7211036682129 36.7784423828125 36.8409042358398 36.8686904907227 36.8726654052734 36.8389434814453 36.7906646728516 36.759204864502 36.7307167053223 36.7157516479492 36.7018928527832 36.6948165893555 36.6879615783691 36.681812286377 36.66943359375 36.646183013916 36.6112747192383 36.5643730163574 36.508617401123 36.4474678039551 36.3828353881836 36.3170433044434 36.2592010498047 36.2026481628418 36.1725311279297 36.1490783691406 36.1680526733398 36.1913185119629 36.2265281677246 36.2600975036621 36.2911262512207 36.3219680786133 36.3526382446289 36.3831367492676
-9999 -9999 -9999 -9999 -9999 -9999 36.2061729431152 36.2003364562988 36.2156524658203 36.4030685424805 36.5622901916504 36.6136016845703 36.6646881103516 36.71533203125 36.7727699279785 36.8380584716797 36.8720932006836 36.8846664428711 36.8568458557129 36.8134231567383 36.7794799804688 36.7472076416016 36.7292823791504 36.7123107910156 36.7007141113281 36.6891860961914 36.6778984069824 36.6615676879883 36.6364326477051 36.6020050048828 36.5580101013184 36.5061950683594 36.4496192932129 36.3885498046875 36.3259811401367 36.2696189880371 36.2143173217773 36.1864700317383 36.1652374267578 36.1861343383789 36.2107925415039 36.2459182739258 36.2793617248535 36.3102035522461 36.3403053283691 36.3697242736816 36.3995475769043
-9999 -9999 -9999 -9999 -9999 -9999 36.2689437866211 36.2861328125 36.2702255249023 36.426929473877 36.5615768432617 36.6117858886719 36.6614227294922 36.7099266052246 36.7673759460449 36.8351440429688 36.8752059936523 36.8962364196777 36.8744277954102 36.8360786437988 36.7999305725098 36.7641754150391 36.7435722351074 36.7237854003906 36.7080574035645 36.6922607421875 36.6762542724609 36.6563758850098 36.6297454833984 36.5960540771484 36.5550956726074 36.507022857666 36.4546165466309 36.3965873718262 36.3366851806641 36.281364440918 36.226879119873 36.2005920410156 36.1808128356934 36.202507019043 36.2276268005371 36.2622985839844 36.2953681945801 36.3259582519531 36.3551635742188 36.3830986022949 36.4119529724121
-9999 -9999 -9999 -9999 -9999 -9999 36.369514465332 36.3203620910645 36.3349990844727 36.4579086303711 36.5652503967285 36.612979888916 36.6606216430664 36.7080764770508 36.7649230957031 36.8326034545898 36.8765640258789 36.9042358398438 36.8881072998047 36.8550720214844 36.8194351196289 36.7833404541016 36.7621688842773 36.7418441772461 36.7258644104004 36.7097854614258 36.6933975219727 36.673397064209 36.6470985412598 36.6144714355469 36.5753288269043 36.5285339355469 36.4770736694336 36.4183769226074 36.3572692871094 36.300163269043 36.2438011169434 36.2139358520508 36.1901206970215 36.2048416137695 36.2242622375488 36.2567596435547 36.2886924743652 36.3197593688965 36.348087310791 36.3739013671875 36.4001159667969
-9999 -9999 -9999 -9999 -9999 36.6171798706055 36.4925575256348 36.5020523071289 36.3975639343262 36.4888610839844 36.5705451965332 36.6154403686523 36.6611938476562 36.7086372375488 36.7652587890625 36.8324661254883 36.8792991638184 36.9121360778809 36.9011039733887 36.8731307983398 36.8381576538086 36.8019485473633 36.7803421020508 36.759693145752 36.7443809509277 36.7289733886719 36.7132568359375 36.6939277648926 36.6682968139648 36.6365699768066 36.598560333252 36.552490234375 36.5015106201172 36.4418601989746 36.379322052002 36.3199234008789 36.2611389160156 36.2270317077637 36.1986427307129 36.206672668457 36.2207717895508 36.2517700195312 36.2832145690918 36.3153495788574 36.3432846069336 36.367359161377 36.3906745910645
-9999 -9999 -9999 -9999 36.7973136901855 36.6811485290527 36.6171798706055 36.5306396484375 36.4520225524902 36.5196914672852 36.581787109375 36.6225395202637 36.6668167114258 36.7180557250977 36.7758331298828 36.8411521911621 36.8870811462402 36.9196929931641 36.9115829467773 36.887752532959 36.8540077209473 36.8185157775879 36.7969627380371 36.7767791748047 36.765510559082 36.754264831543 36.7430801391602 36.7273254394531 36.7036018371582 36.6721649169922 36.6327857971191 36.5854187011719 36.5331802368164 36.4715347290039 36.4067573547363 36.3432159423828 36.2800102233887 36.2392120361328 36.2042770385742 36.2066459655762 36.2168388366699 36.2488136291504 36.2821235656738 36.3175048828125 36.3468170166016 36.3705635070801 36.3900184631348
