Ecospace-environmental-drivers/Outputs/ASCII-for-ecospace/MOM6-ISIMIP3a/so-surf/1997-12_so-surf_MOM6-ISIMIP3a.asc
NCOLS 131 
NROWS 53 
XLLCORNER -98 
YLLCORNER 23.9265270233154 
CELLSIZE 0.133587792515755 
NODATA_value -9999 
[rows 0 to 20 of 53, columns 47 to 93 of 131]
-9999 -9999 -9999 -9999 -9999 -9999 -9999 -9999 -9999 -9999 -9999 -9999 -9999 -9999 -9999 -9999 -9999 -9999 -9999 -9999 -9999 -9999 -9999 -9999 -9999 -9999 -9999 -9999 -9999 -9999 -9999 -9999 -9999 -9999 -9999 -9999 -9999 -9999 -9999 -9999 -9999 -9999 -9999 -9999 -9999 -9999 -9999
-9999 -9999 -9999 -9999 -9999 -9999 -9999 -9999 -9999 -9999 -9999 -9999 -9999 -9999 -9999 -9999 -9999 -9999 -9999 -9999 -9999 -9999 -9999 -9999 -9999 -9999 -9999 -9999 -9999 -9999 -9999 -9999 -9999 -9999 -9999 -9999 -9999 -9999 -9999 -9999 -9999 -9999 -9999 -9999 -9999 -9999 -9999
-9999 -9999 -9999 -9999 -9999 -9999 -9999 -9999 -9999 -9999 -9999 -9999 -9999 -9999 -9999 -9999 -9999 -9999 -9999 -9999 -9999 -9999 -9999 -9999 -9999 -9999 -9999 33.9365272521973 33.9750709533691 -9999 -9999 -9999 -9999 -9999 -9999 -9999 -9999 -9999 -9999 -9999 -9999 -9999 -9999 -9999 -9999 -9999 -9999
-9999 -9999 -9999 -9999 -9999 -9999 -9999 -9999 -9999 -9999 -9999 -9999 -9999 -9999 -9999 -9999 -9999 -9999 -9999 -9999 -9999 -9999 -9999 -9999 -9999 -9999 -9999 33.9446792602539 33.9621505737305 -9999 -9999 -9999 -9999 -9999 -9999 -9999 -9999 -9999 -9999 -9999 -9999 -9999 -9999 -9999 -9999 -9999 -9999
-9999 -9999 -9999 -9999 -9999 -9999 -9999 -9999 -9999 -9999 -9999 -9999 -9999 -9999 -9999 -9999 -9999 -9999 29.9216537475586 30.1007900238037 30.2441005706787 31.080057144165 31.7845096588135 32.9157943725586 33.577953338623 33.829158782959 33.9344482421875 33.9446601867676 33.9549331665039 33.9868621826172 -9999 -9999 34.6588249206543 35.0430450439453 35.375114440918 35.6002960205078 35.6939010620117 35.7424697875977 35.748420715332 35.739128112793 35.7129440307617 35.6755790710449 -9999 -9999 -9999 -9999 -9999
-9999 -9999 -9999 -9999 -9999 -9999 -9999 -9999 -9999 -9999 -9999 -9999 -9999 -9999 23.7366466522217 -9999 23.6662425994873 23.6189765930176 26.7961387634277 29.9216537475586 30.1366176605225 30.2441005706787 31.9160137176514 33.1934127807617 33.6379547119141 33.9024925231934 33.9470252990723 33.9538230895996 33.9331359863281 33.9778366088867 34.0496139526367 34.3126373291016 34.6132545471191 35.0505867004395 35.4652900695801 35.6094627380371 35.726131439209 35.7461090087891 35.7551727294922 35.7439765930176 35.7182312011719 35.6766242980957 35.6318817138672 35.5851020812988 -9999 -9999 -9999
-9999 -9999 -9999 -9999 -9999 -9999 -9999 -9999 -9999 -9999 24.5069351196289 24.4748401641846 24.4517288208008 24.3894367218018 24.0465316772461 23.7570495605469 23.7162418365479 23.6635074615479 23.6189765930176 26.8477878570557 29.9216537475586 30.2441005706787 31.9160137176514 33.1934127807617 33.6379547119141 33.9024925231934 33.9470252990723 33.9538230895996 33.9331359863281 33.9778366088867 34.0496139526367 34.3126373291016 34.6132545471191 35.0505867004395 35.4652900695801 35.6094627380371 35.726131439209 35.7461090087891 35.7551727294922 35.7439765930176 35.7182312011719 35.6766242980957 35.6318817138672 35.5851020812988 35.5727386474609 35.6496467590332 -9999
-9999 -9999 -9999 -9999 -9999 -9999 -9999 -9999 -9999 -9999 24.6790180206299 24.5069351196289 24.4427433013916 -9999 24.3200607299805 24.0338039398193 23.7978572845459 23.7162418365479 23.6553039550781 23.6189765930176 27.0027332305908 30.0737037658691 31.8356380462646 33.2137718200684 33.781681060791 34.1380882263184 34.2360038757324 34.2762031555176 34.2743682861328 34.3272171020508 34.4027137756348 34.619571685791 34.8642158508301 35.2248191833496 35.5680198669434 35.6993141174316 35.8073921203613 35.8338394165039 35.8483581542969 35.8407325744629 35.8184242248535 35.7801208496094 35.7367973327637 35.6902313232422 35.6839828491211 35.6922187805176 35.7030487060547
-9999 -9999 -9999 -9999 -9999 -9999 -9999 -9999 -9999 -9999 -9999 -9999 -9999 -9999 24.331033706665 24.2505950927734 24.0732879638672 23.8794746398926 23.7162418365479 23.6306953430176 26.9065914154053 29.9080829620361 31.7611522674561 33.2435302734375 33.9433517456055 34.3983764648438 34.5542144775391 34.6313133239746 34.6510620117188 34.7136268615723 34.7939262390137 34.9605026245117 35.1440353393555 35.4190063476562 35.682315826416 35.7986488342285 35.8965797424316 35.9298057556152 35.950122833252 35.9464645385742 35.9280738830566 35.8936386108398 35.8521957397461 35.8062210083008 35.7556991577148 35.703540802002 35.7039070129395
31.2570648193359 -9999 -9999 -9999 -9999 -9999 -9999 -9999 -9999 -9999 28.5331115722656 24.8554019927979 -9999 -9999 -9999 24.2359981536865 24.2656135559082 24.269115447998 24.0427055358887 24.284595489502 27.5756416320801 30.5486602783203 32.1907119750977 33.5159034729004 34.172176361084 34.608039855957 34.7745170593262 34.881233215332 34.9444198608398 35.0391273498535 35.1468925476074 35.2976760864258 35.456916809082 35.633487701416 35.8016014099121 35.8808746337891 35.9483489990234 35.9743499755859 35.9914016723633 35.9918403625488 35.9807014465332 35.9569396972656 35.9274673461914 35.8942947387695 35.8541984558105 35.8116149902344 35.762767791748
31.0425128936768 31.0108413696289 -9999 -9999 -9999 -9999 -9999 -9999 -9999 -9999 30.4375038146973 28.3663578033447 24.8554019927979 -9999 -9999 23.9934062957764 24.2076511383057 24.5957851409912 24.7831954956055 25.1504688262939 28.3363056182861 31.1826171875 32.6079864501953 33.7738380432129 34.3918304443359 34.8120918273926 34.9906768798828 35.1253280639648 35.2279815673828 35.3485069274902 35.476432800293 35.6078948974609 35.7400512695312 35.8277053833008 35.9099235534668 35.9551162719727 35.9945526123047 36.0137634277344 36.0277404785156 36.0320014953613 36.0277976989746 36.0143737792969 35.9963912963867 35.975456237793 35.9456329345703 35.9126167297363 35.82373046875
31.0425128936768 30.9474983215332 30.9052238464355 30.7477607727051 -9999 -9999 -9999 -9999 -9999 -9999 -9999 30.1832733154297 27.7840595245361 24.8554019927979 24.5069351196289 23.9934062957764 24.2076511383057 24.5957851409912 25.8087577819824 27.1533203125 29.5883808135986 31.781063079834 32.9593734741211 33.9543495178223 34.5622901916504 34.9860191345215 35.1846046447754 35.3381996154785 35.4590148925781 35.571418762207 35.6803359985352 35.7735328674316 35.8636436462402 35.913257598877 35.9594230651855 35.9865455627441 36.0109252929688 36.0256729125977 36.0375671386719 36.0441589355469 36.0452499389648 36.0403366088867 36.0312805175781 36.0195426940918 35.9991722106934 35.9756965637207 35.8959617614746
31.1293239593506 30.9901390075684 30.9310855865479 30.7521743774414 -9999 -9999 -9999 -9999 30.2048473358154 30.5394592285156 30.7153358459473 30.6732864379883 29.1611957550049 26.4463558197021 25.2762489318848 24.8378448486328 24.9990749359131 25.3035774230957 27.1345996856689 29.0597629547119 30.8287715911865 32.4388122558594 33.3835601806641 34.203929901123 34.7617263793945 35.1640930175781 35.3764915466309 35.5397796630859 35.6673049926758 35.7658882141113 35.852481842041 35.9112815856934 35.9646186828613 35.9850120544434 36.0036239624023 36.0167121887207 36.0294799804688 36.0410995483398 36.0512771606445 36.0587882995605 36.0635108947754 36.0652046203613 36.0635833740234 36.0598182678223 36.0482940673828 36.0339813232422 35.9710006713867
31.4331665039062 31.1712703704834 30.946475982666 30.7521743774414 30.5600242614746 30.3416843414307 30.1546173095703 30.126636505127 30.2048473358154 30.5394592285156 30.7153358459473 30.6732864379883 29.9001083374023 28.5287418365479 27.9688854217529 27.7934246063232 27.769100189209 27.7808895111084 29.2111530303955 30.7251758575439 32.0399475097656 33.244815826416 33.9897308349609 34.6261749267578 35.0336227416992 35.3525428771973 35.5632629394531 35.7131500244141 35.8187294006348 35.8892478942871 35.9452514648438 35.979305267334 36.0090446472168 36.022274017334 36.0345726013184 36.0437316894531 36.0534820556641 36.0653190612793 36.0747146606445 36.0795745849609 36.0838012695312 36.0873374938965 36.0894203186035 36.0905685424805 36.0863876342773 36.0802955627441 36.0530433654785
31.9919376373291 31.6485328674316 31.3046340942383 31.0890331268311 30.8876361846924 30.7151679992676 30.5748100280762 30.5977916717529 30.6960678100586 30.9761486053467 31.1147232055664 31.0590305328369 30.7758293151855 30.306489944458 30.1561107635498 30.1568164825439 30.1183109283447 30.0704402923584 31.1065578460693 32.2057418823242 33.1389389038086 33.9999008178711 34.5585327148438 35.027759552002 35.3082427978516 35.5446243286133 35.7271041870117 35.8531875610352 35.9381904602051 35.9872055053711 36.0213203430176 36.0370826721191 36.0492401123047 36.0568046569824 36.0641975402832 36.0715599060059 36.0801811218262 36.0932197570801 36.1030693054199 36.1069869995117 36.1103057861328 36.1129760742188 36.1158485412598 36.1188545227051 36.1178092956543 36.1153030395508 36.1100120544434
32.9111289978027 32.5444679260254 32.1474075317383 31.9021492004395 31.678430557251 31.6166915893555 31.5890808105469 31.7350730895996 31.8817844390869 32.0302352905273 32.0787734985352 31.9901466369629 31.8449764251709 31.6535396575928 31.628776550293 31.6829624176025 31.8725700378418 32.0945320129395 32.745849609375 33.4249610900879 34.0793228149414 34.682991027832 35.0745048522949 35.4001426696777 35.5867118835449 35.7418365478516 35.858528137207 35.946102142334 36.0124664306641 36.049243927002 36.0737724304199 36.0803756713867 36.0834541320801 36.0874710083008 36.0919456481934 36.1005363464355 36.1106910705566 36.1263275146484 36.1383781433105 36.1437568664551 36.1455917358398 36.1435699462891 36.1431121826172 36.1436653137207 36.1397895812988 36.1343231201172 36.131519317627
33.7501182556152 33.4410552978516 33.0933723449707 32.8490180969238 32.6232490539551 32.6137886047363 32.6303215026855 32.7790946960449 32.8977966308594 32.9438858032227 32.9366302490234 32.8561477661133 32.8015556335449 32.768138885498 32.8149490356445 32.8997535705566 33.1337203979492 33.4033241271973 33.8053016662598 34.2189979553223 34.6708946228027 35.0905456542969 35.3752403259277 35.6102523803711 35.7403907775879 35.8476257324219 35.926872253418 35.991828918457 36.0463790893555 36.0791473388672 36.1028900146484 36.108039855957 36.1095352172852 36.1126976013184 36.1166954040527 36.1282119750977 36.1418724060059 36.1630706787109 36.1789741516113 36.1850433349609 36.1849250793457 36.1780586242676 36.1718139648438 36.1659698486328 36.1576042175293 36.1483268737793 36.1463470458984
34.5215682983398 34.338191986084 34.1262359619141 33.908519744873 33.6977806091309 33.6913719177246 33.694278717041 33.7445831298828 33.7708930969238 33.7392692565918 33.7050628662109 33.6673164367676 33.6633377075195 33.6869926452637 33.7598571777344 33.8560333251953 33.9796142578125 34.1097450256348 34.3764610290527 34.6549835205078 34.9687309265137 35.2660675048828 35.4947166442871 35.6837120056152 35.7889862060547 35.8764343261719 35.9420967102051 35.9978218078613 36.0463066101074 36.0819816589355 36.1123542785645 36.1225433349609 36.1287689208984 36.1333427429199 36.1389122009277 36.1547889709473 36.1736259460449 36.2028770446777 36.2240257263184 36.2301368713379 36.2276573181152 36.2158203125 36.2017288208008 36.1861763000488 36.1719055175781 36.1581001281738 36.1555404663086
35.0981025695801 35.0009803771973 34.8838310241699 34.7089347839355 34.5335578918457 34.5047302246094 34.4775581359863 34.458797454834 34.4293785095215 34.3742218017578 34.3426742553711 34.3435440063477 34.3543739318848 34.3733520507812 34.424072265625 34.4898300170898 34.5539665222168 34.6177177429199 34.7861328125 34.9654426574707 35.1986465454102 35.4195289611816 35.5888328552246 35.7331352233887 35.8246612548828 35.9029846191406 35.9651756286621 36.0161285400391 36.058895111084 36.0941009521484 36.1261711120605 36.1398887634277 36.1499938964844 36.1578521728516 36.166820526123 36.1874465942383 36.2096862792969 36.2375984191895 36.2565116882324 36.2587089538574 36.2530097961426 36.2387084960938 36.2217140197754 36.2029838562012 36.1852836608887 36.1679611206055 36.1637649536133
35.5792579650879 35.5490913391113 35.5067138671875 35.3825645446777 35.2525024414062 35.1887893676758 35.123477935791 35.050048828125 34.9828414916992 34.9306564331055 34.916259765625 34.953742980957 34.9618530273438 34.9459381103516 34.9509239196777 34.9658164978027 34.995433807373 35.0285720825195 35.1167755126953 35.2144775390625 35.3953285217285 35.562198638916 35.6705322265625 35.7707939147949 35.8540115356445 35.9284324645996 35.9920959472656 36.0404624938965 36.0776786804199 36.1107559204102 36.1421165466309 36.158618927002 36.1721992492676 36.184253692627 36.1975059509277 36.2230758666992 36.2478485107422 36.269832611084 36.2828407287598 36.2791938781738 36.2698516845703 36.2543144226074 36.2368469238281 36.2181282043457 36.1982116699219 36.1778602600098 36.1715087890625
35.913330078125 35.908332824707 35.8976821899414 35.8093948364258 35.7135314941406 35.627742767334 35.5399436950684 35.4419441223145 35.3546562194824 35.2932243347168 35.2763137817383 35.3205299377441 35.3306159973145 35.3127822875977 35.2940559387207 35.2749099731445 35.2999534606934 35.3355522155762 35.3843803405762 35.4389686584473 35.5642356872559 35.6806983947754 35.7603073120117 35.8387565612793 35.9147415161133 35.9822578430176 36.039421081543 36.0809326171875 36.1110458374023 36.1399154663086 36.1682662963867 36.1861534118652 36.2019844055176 36.2143402099609 36.2273445129395 36.247917175293 36.2670402526855 36.281063079834 36.2889366149902 36.2853813171387 36.2773475646973 36.2644309997559 36.2491302490234 36.2322845458984 36.2132034301758 36.1933135986328 36.1826782226562
