Ecospace-environmental-drivers/Outputs/ASCII-for-ecospace/MOM6-ISIMIP3a/so-surf/1998-02_so-surf_MOM6-ISIMIP3a.asc
NCOLS 131 
NROWS 53 
XLLCORNER -98 
YLLCORNER 23.9265270233154 
CELLSIZE 0.133587792515755 
NODATA_value -9999 
[rows 0 to 20 of 53, columns 47 to 93 of 131]
-9999 -9999 -9999 -9999 -9999 -9999 -9999 -9999 -9999 -9999 -9999 -9999 -9999 -9999 -9999 -9999 -9999 -9999 -9999 -9999 -9999 -9999 -9999 -9999 -9999 -9999 -9999 -9999 -9999 -9999 -9999 -9999 -9999 -9999 -9999 -9999 -9999 -9999 -9999 -9999 -9999 -9999 -9999 -9999 -9999 -9999 -9999
-9999 -9999 -9999 -9999 -9999 -9999 -9999 -9999 -9999 -9999 -9999 -9999 -9999 -9999 -9999 -9999 -9999 -9999 -9999 -9999 -9999 -9999 -9999 -9999 -9999 -9999 -9999 -9999 -9999 -9999 -9999 -9999 -9999 -9999 -9999 -9999 -9999 -9999 -9999 -9999 -9999 -9999 -9999 -9999 -9999 -9999 -9999
-9999 -9999 -9999 -9999 -9999 -9999 -9999 -9999 -9999 -9999 -9999 -9999 -9999 -9999 -9999 -9999 -9999 -9999 -9999 -9999 -9999 -9999 -9999 -9999 -9999 -9999 -9999 33.1956443786621 33.4654312133789 -9999 -9999 -9999 -9999 -9999 -9999 -9999 -9999 -9999 -9999 -9999 -9999 -9999 -9999 -9999 -9999 -9999 -9999
-9999 -9999 -9999 -9999 -9999 -9999 -9999 -9999 -9999 -9999 -9999 -9999 -9999 -9999 -9999 -9999 -9999 -9999 -9999 -9999 -9999 -9999 -9999 -9999 -9999 -9999 -9999 33.239444732666 33.4805946350098 -9999 -9999 -9999 -9999 -9999 -9999 -9999 -9999 -9999 -9999 -9999 -9999 -9999 -9999 -9999 -9999 -9999 -9999
-9999 -9999 -9999 -9999 -9999 -9999 -9999 -9999 -9999 -9999 -9999 -9999 -9999 -9999 -9999 -9999 -9999 -9999 25.7120685577393 25.9610042572021 26.1601524353027 27.3218326568604 28.3613414764404 30.1824417114258 31.5221080780029 32.3786392211914 32.945384979248 33.2766571044922 33.4962882995605 33.6688346862793 -9999 -9999 34.3492469787598 34.6315460205078 34.9025382995605 35.139030456543 35.3171081542969 35.4544296264648 35.5444755554199 35.603385925293 35.628002166748 35.6186408996582 -9999 -9999 -9999 -9999 -9999
-9999 -9999 -9999 -9999 -9999 -9999 -9999 -9999 -9999 -9999 -9999 -9999 -9999 -9999 21.090015411377 -9999 20.74245262146 20.4620742797852 23.1551456451416 25.7120685577393 26.0107917785645 26.1601524353027 28.483512878418 30.440357208252 31.6234569549561 32.5025100708008 33.0099563598633 33.3236885070801 33.4963302612305 33.6688499450684 33.8413200378418 34.0807838439941 34.333423614502 34.6335334777832 34.927677154541 35.1464004516602 35.343017578125 35.4619102478027 35.5583648681641 35.6131477355957 35.6386413574219 35.6322174072266 35.5850601196289 35.511547088623 -9999 -9999 -9999
-9999 -9999 -9999 -9999 -9999 -9999 -9999 -9999 -9999 -9999 23.1692848205566 23.1744842529297 23.1835041046143 23.221227645874 22.1897449493408 21.1409091949463 21.0391235351562 20.7261619567871 20.4620742797852 23.291296005249 25.7120685577393 26.1601524353027 28.483512878418 30.440357208252 31.6234569549561 32.5025100708008 33.0099563598633 33.3236885070801 33.4963302612305 33.6688499450684 33.8413200378418 34.0807838439941 34.333423614502 34.6335334777832 34.927677154541 35.1464004516602 35.343017578125 35.4619102478027 35.5583648681641 35.6131477355957 35.6386413574219 35.6322174072266 35.5850601196289 35.511547088623 35.4921188354492 35.5285682678223 -9999
-9999 -9999 -9999 -9999 -9999 -9999 -9999 -9999 -9999 -9999 23.1414031982422 23.1692848205566 23.1796855926514 -9999 23.2824573516846 22.2846908569336 21.2426948547363 21.0391235351562 20.6772880554199 20.4620742797852 23.6997451782227 26.7311916351318 28.8995780944824 30.7258262634277 31.8297996520996 32.675895690918 33.2068176269531 33.5549125671387 33.7698440551758 33.9596824645996 34.1391296386719 34.3478469848633 34.5623168945312 34.8044090270996 35.0441017150879 35.250316619873 35.4337501525879 35.5370826721191 35.6189155578613 35.6608200073242 35.6803245544434 35.675422668457 35.6480331420898 35.6060943603516 35.5663032531738 35.527286529541 35.4415664672852
-9999 -9999 -9999 -9999 -9999 -9999 -9999 -9999 -9999 -9999 -9999 -9999 -9999 -9999 23.2452526092529 23.4120330810547 22.4843444824219 21.4462661743164 21.0391235351562 20.5306644439697 24.1115798950195 27.385892868042 29.3770542144775 31.0543651580811 32.0691223144531 32.8767242431641 33.4311447143555 33.814567565918 34.0734367370605 34.2812385559082 34.467887878418 34.643196105957 34.816276550293 34.9959487915039 35.1769714355469 35.3688201904297 35.537181854248 35.622974395752 35.6883239746094 35.7157020568848 35.7282905578613 35.7247734069824 35.7188301086426 35.7113151550293 35.6373863220215 35.5395965576172 35.4144287109375
31.3160972595215 -9999 -9999 -9999 -9999 -9999 -9999 -9999 -9999 -9999 26.8845252990723 23.1128253936768 -9999 -9999 -9999 23.3555889129639 23.6696243286133 22.9111251831055 21.8534069061279 22.1516895294189 25.6153564453125 28.7278652191162 30.3707294464111 31.7688312530518 32.6502227783203 33.3555030822754 33.8455467224121 34.1673164367676 34.3665161132812 34.5486335754395 34.7236785888672 34.8914909362793 35.0578842163086 35.2443809509277 35.4292259216309 35.5906448364258 35.7295570373535 35.7893295288086 35.8301391601562 35.8357238769531 35.8325386047363 35.8197898864746 35.8176422119141 35.8223495483398 35.7663726806641 35.6885948181152 35.4960784912109
31.1793422698975 31.1591548919678 -9999 -9999 -9999 -9999 -9999 -9999 -9999 -9999 28.8083190917969 26.7143726348877 23.1128253936768 -9999 -9999 23.2524890899658 23.6449909210205 24.1113929748535 23.9067115783691 23.880729675293 27.1267318725586 29.999849319458 31.3124198913574 32.44482421875 33.1968841552734 33.8058166503906 34.2398109436035 34.5083770751953 34.6564445495605 34.8149871826172 34.9778633117676 35.1389274597168 35.299633026123 35.487606048584 35.6709938049316 35.799732208252 35.9081802368164 35.9452819824219 35.9651184082031 35.9528961181641 35.937126159668 35.9174919128418 35.9180946350098 35.9317855834961 35.890926361084 35.8304748535156 35.5861434936523
31.1793422698975 31.1187801361084 30.9965419769287 30.7385177612305 -9999 -9999 -9999 -9999 -9999 -9999 -9999 28.5808391571045 26.1754302978516 23.1128253936768 23.1692848205566 23.2524890899658 23.6449909210205 24.1113929748535 25.0852375030518 26.189151763916 28.6788482666016 30.8964424133301 31.975269317627 32.9144515991211 33.558837890625 34.1034240722656 34.5260391235352 34.7867317199707 34.9294815063477 35.0757331848145 35.2234306335449 35.3817481994629 35.5421485900879 35.7029037475586 35.8565368652344 35.9405097961426 36.013053894043 36.0454368591309 36.0634422302246 36.0547485351562 36.0435409545898 36.0295906066895 36.0273323059082 36.0326385498047 35.99169921875 35.9341506958008 35.721378326416
31.2598457336426 31.1142311096191 31.0069007873535 30.7462577819824 -9999 -9999 -9999 -9999 28.7187995910645 28.8575096130371 28.9908542633057 29.1168327331543 27.6348323822021 24.8372268676758 24.0236320495605 24.1498203277588 24.514253616333 24.9356117248535 26.6480579376221 28.4479236602783 30.2291927337646 31.8221015930176 32.6267051696777 33.3451309204102 33.8816337585449 34.3545799255371 34.7498474121094 35.0021667480469 35.1503715515137 35.2923355102539 35.4317092895508 35.5852203369141 35.7415046691895 35.8770141601562 36.0036315917969 36.0508918762207 36.0940170288086 36.1226043701172 36.1396865844727 36.1353950500488 36.1303215026855 36.1243934631348 36.1231956481934 36.1250610351562 36.0920562744141 36.0465240478516 35.877368927002
31.5416145324707 31.2757339477539 31.020622253418 30.7462577819824 30.4623947143555 29.9753894805908 29.4902420043945 29.014554977417 28.7187995910645 28.8575096130371 28.9908542633057 29.1168327331543 28.4836502075195 27.229341506958 27.0138912200928 27.2905235290527 27.5567207336426 27.8204231262207 29.1716384887695 30.5825614929199 31.7751083374023 32.8204307556152 33.2495994567871 33.6784286499023 34.1065483093262 34.4896087646484 34.8175926208496 35.0602989196777 35.2408905029297 35.3985710144043 35.5467643737793 35.6903190612793 35.8329582214355 35.9481658935547 36.0546073913574 36.0853004455566 36.1152000427246 36.1423149108887 36.1607398986816 36.1630172729492 36.1680107116699 36.1759643554688 36.1856269836426 36.1963920593262 36.1913566589355 36.1806449890137 36.0852470397949
32.0745086669922 31.721263885498 31.3543395996094 31.0686321258545 30.7861404418945 30.3660831451416 29.954381942749 29.5851898193359 29.3724498748779 29.5374774932861 29.6943511962891 29.8400287628174 29.7309551239014 29.4134502410889 29.4845027923584 29.7396068572998 29.9821033477783 30.2215900421143 31.2430038452148 32.2942199707031 32.9973564147949 33.602653503418 33.7984848022461 34.038501739502 34.3717994689941 34.6738433837891 34.9376831054688 35.1550064086914 35.3384475708008 35.4959983825684 35.642822265625 35.7760925292969 35.9067001342773 36.0056114196777 36.0961227416992 36.1160354614258 36.136890411377 36.161075592041 36.1795120239258 36.1872787475586 36.199577331543 36.2168159484863 36.2340965270996 36.251407623291 36.2650413513184 36.2773551940918 36.2388954162598
32.9624519348145 32.568359375 32.1404724121094 31.8467845916748 31.5676021575928 31.3091468811035 31.0747318267822 30.9625988006592 30.9502391815186 31.1787948608398 31.392463684082 31.585693359375 31.5416507720947 31.3034782409668 31.2204303741455 31.210865020752 31.5350456237793 31.9389705657959 32.6750144958496 33.4078598022461 33.7619895935059 34.0793342590332 34.2427368164062 34.4364318847656 34.6940803527832 34.9276466369629 35.1317825317383 35.3014297485352 35.4459571838379 35.5809631347656 35.7120208740234 35.8345489501953 35.9553985595703 36.0436744689941 36.124267578125 36.1415748596191 36.1592979431152 36.1784858703613 36.1950569152832 36.2067832946777 36.2224807739258 36.2425079345703 36.2628326416016 36.2833480834961 36.3025054931641 36.3211708068848 36.3158683776855
33.766357421875 33.4223823547363 33.0427932739258 32.7768020629883 32.5263175964355 32.3805809020996 32.2608528137207 32.2734222412109 32.3436584472656 32.5531349182129 32.7486724853516 32.9250717163086 32.909122467041 32.7358016967773 32.6024131774902 32.4879493713379 32.7191543579102 33.0329513549805 33.5651626586914 34.0894165039062 34.2794418334961 34.4631004333496 34.6200904846191 34.7932929992676 35.0007247924805 35.1882553100586 35.3514556884766 35.4900512695312 35.610725402832 35.7280464172363 35.8439750671387 35.9483871459961 36.0505409240723 36.1180534362793 36.1788902282715 36.1870269775391 36.1948509216309 36.2015762329102 36.211368560791 36.2268600463867 36.244701385498 36.2651023864746 36.2854118347168 36.3056678771973 36.3256340026855 36.3455009460449 36.3577117919922
34.4995040893555 34.2822380065918 34.0429611206055 33.8347053527832 33.6343002319336 33.560115814209 33.5023651123047 33.5281753540039 33.5818138122559 33.7026481628418 33.8169593811035 33.9223098754883 33.9033508300781 33.7826805114746 33.686336517334 33.6015129089355 33.592658996582 33.6019554138184 33.9989929199219 34.4071083068848 34.5887413024902 34.768611907959 34.941104888916 35.1155700683594 35.2942047119141 35.45458984375 35.5926628112793 35.7142066955566 35.8237152099609 35.9274368286133 36.0287704467773 36.1088714599609 36.1847991943359 36.2230110168457 36.255802154541 36.2492408752441 36.2414741516113 36.2294540405273 36.2283248901367 36.2474174499512 36.2663421630859 36.2850799560547 36.3028106689453 36.319881439209 36.3366966247559 36.3534202575684 36.3699722290039
35.034496307373 34.8894805908203 34.7308235168457 34.583065032959 34.4404487609863 34.406623840332 34.3816184997559 34.4014930725098 34.4344825744629 34.499137878418 34.5492897033691 34.5795288085938 34.5582389831543 34.4947929382324 34.4494514465332 34.4126892089844 34.32470703125 34.2244834899902 34.4665756225586 34.7253761291504 34.8850746154785 35.045711517334 35.2102699279785 35.3716926574707 35.5264892578125 35.6708793640137 35.8025436401367 35.9164619445801 36.0174598693848 36.1018180847168 36.1792869567871 36.2352600097656 36.2870101928711 36.3068771362305 36.3220672607422 36.3031120300293 36.2843475341797 36.2662734985352 36.2606048583984 36.2779769897461 36.2936553955078 36.3074798583984 36.321216583252 36.3348960876465 36.3491821289062 36.3636894226074 36.3807907104492
35.4725227355957 35.3731079101562 35.2658538818359 35.1799430847168 35.0988960266113 35.0901527404785 35.0835990905762 35.0881500244141 35.098503112793 35.1228675842285 35.1172142028809 35.0703506469727 35.0470695495605 35.0430793762207 35.0555763244629 35.0758895874023 34.9875297546387 34.8732070922852 34.9506759643555 35.0439224243164 35.1750640869141 35.3089065551758 35.4540634155273 35.5954360961914 35.7288284301758 35.862678527832 35.9970932006836 36.1080055236816 36.201789855957 36.2639579772949 36.3130340576172 36.344970703125 36.3735389709473 36.3804206848145 36.3831253051758 36.3528938293457 36.3253860473633 36.3074645996094 36.3003807067871 36.3134346008301 36.3237419128418 36.3310585021973 36.3401184082031 36.3502998352051 36.3623657226562 36.3751068115234 36.3909034729004
35.8104934692383 35.7188949584961 35.6228713989258 35.5512504577637 35.4839019775391 35.4645233154297 35.4456520080566 35.4293670654297 35.4157485961914 35.4085655212402 35.3757858276367 35.3078536987305 35.2978439331055 35.3352241516113 35.3854560852051 35.4417724609375 35.3973770141602 35.3289184570312 35.361255645752 35.4024543762207 35.4719161987305 35.5508766174316 35.669605255127 35.7900505065918 35.9141159057617 36.0340576171875 36.1489639282227 36.2379417419434 36.3080291748047 36.3495674133301 36.3792762756348 36.3977661132812 36.4140510559082 36.414478302002 36.4116477966309 36.3827209472656 36.358226776123 36.3493232727051 36.3461799621582 36.3537330627441 36.3587379455566 36.360969543457 36.366138458252 36.3732032775879 36.3829193115234 36.3935890197754 36.4060363769531
