Ecospace-environmental-drivers/Outputs/ASCII-for-ecospace/MOM6-ISIMIP3a/so-surf/1998-03_so-surf_MOM6-ISIMIP3a.asc
NCOLS 131 
NROWS 53 
XLLCORNER -98 
YLLCORNER 23.9265270233154 
CELLSIZE 0.133587792515755 
NODATA_value -9999 
[rows 21 to 41 of 53, columns 0 to 46 of 131]
-9999 -9999 -9999 -9999 -9999 -9999 35.3581161499023 35.3286437988281 35.2487640380859 35.1186599731445 35.0182838439941 34.861442565918 34.8628540039062 34.8670539855957 34.8694267272949 34.8696937561035 34.9251823425293 35.0185928344727 35.2059173583984 35.429500579834 35.6604042053223 35.8925971984863 36.0402183532715 36.176097869873 36.2295722961426 36.2775573730469 36.3077354431152 36.3243980407715 36.3174705505371 36.3151473999023 36.317554473877 36.3168411254883 36.3142204284668 36.323802947998 36.3374557495117 36.3490295410156 36.3603096008301 36.3702125549316 36.3793182373047 36.3833427429199 36.3875389099121 36.392219543457 36.389232635498 36.3744010925293 36.347541809082 36.3096466064453 36.2497520446777
-9999 -9999 -9999 -9999 -9999 -9999 35.3637847900391 35.3581161499023 35.2991714477539 35.2191009521484 35.1186599731445 35.0747528076172 35.0797805786133 35.1816368103027 35.2435836791992 35.2594871520996 35.3362922668457 35.4549217224121 35.6614227294922 35.9018478393555 36.0903549194336 36.269702911377 36.3641891479492 36.4500999450684 36.4800186157227 36.5066032409668 36.5223808288574 36.5290298461914 36.5197525024414 36.5125427246094 36.5074691772461 36.5013809204102 36.4946708679199 36.4973678588867 36.5031967163086 36.5093154907227 36.5154800415039 36.5223617553711 36.528507232666 36.529972076416 36.5307998657227 36.529842376709 36.5240058898926 36.510627746582 36.4822578430176 36.4401359558105 36.3547706604004
-9999 -9999 -9999 -9999 35.3333625793457 35.3586044311523 35.3673782348633 35.3658599853516 35.3581161499023 35.2402305603027 35.1593971252441 35.2203788757324 35.3270378112793 35.5240898132324 35.6435089111328 35.6733589172363 35.7657585144043 35.901123046875 36.1152114868164 36.3597030639648 36.4998779296875 36.621639251709 36.662353515625 36.6978645324707 36.7047882080078 36.7104759216309 36.7121543884277 36.7093238830566 36.6986312866211 36.6877098083496 36.6765556335449 36.6661529541016 36.6562080383301 36.6523628234863 36.6505470275879 36.6512489318848 36.6523208618164 36.6559219360352 36.6588935852051 36.657829284668 36.6554260253906 36.6493148803711 36.6405754089355 36.6277809143066 36.5969467163086 36.5495567321777 36.43994140625
-9999 -9999 -9999 -9999 35.2743301391602 35.3331298828125 35.3498306274414 35.3673782348633 35.3720855712891 35.431999206543 35.5101661682129 35.6581802368164 35.8283271789551 36.0422744750977 36.1711616516113 36.201904296875 36.2603073120117 36.337703704834 36.451301574707 36.5788764953613 36.6462593078613 36.7030220031738 36.7223510742188 36.7390327453613 36.7404441833496 36.7411079406738 36.739330291748 36.7346458435059 36.7248840332031 36.716007232666 36.7080459594727 36.7001953125 36.6924133300781 36.6881332397461 36.6850242614746 36.683650970459 36.6825370788574 36.6837921142578 36.6845283508301 36.6819648742676 36.6782455444336 36.6713027954102 36.6617584228516 36.6481895446777 36.6207962036133 36.5807151794434 36.4973030090332
-9999 -9999 -9999 -9999 -9999 35.2743301391602 35.3409881591797 35.3322792053223 35.4050064086914 35.6152992248535 35.8279571533203 36.0496711730957 36.2694244384766 36.485294342041 36.6152801513672 36.646167755127 36.6753158569336 36.7032661437988 36.7320251464844 36.7610969543457 36.7681922912598 36.7714042663574 36.7728843688965 36.7738418579102 36.7707748413086 36.7673721313477 36.762882232666 36.7568283081055 36.7480354309082 36.7410202026367 36.73583984375 36.7302017211914 36.7242889404297 36.7196273803711 36.7153854370117 36.7121696472168 36.7091102600098 36.7082481384277 36.7069931030273 36.703239440918 36.6985206604004 36.6911125183105 36.6812210083008 36.6674842834473 36.6440200805664 36.611629486084 36.5536766052246
-9999 -9999 -9999 -9999 -9999 35.2639656066895 35.2743301391602 35.389965057373 35.5210151672363 35.7614479064941 36.0011596679688 36.2381057739258 36.4465827941895 36.5987319946289 36.6931228637695 36.7208709716797 36.7415657043457 36.7574157714844 36.7699890136719 36.7812957763672 36.782901763916 36.7827987670898 36.7819137573242 36.7807846069336 36.7777404785156 36.7744827270508 36.7705345153809 36.7652397155762 36.7575988769531 36.7516441345215 36.7474212646484 36.7425193786621 36.7371978759766 36.7323608398438 36.7276878356934 36.7236518859863 36.7197151184082 36.7177391052246 36.7155456542969 36.7119598388672 36.7076644897461 36.7013854980469 36.6931533813477 36.6819114685059 36.6645126342773 36.6414642333984 36.6057281494141
-9999 -9999 35.2355461120605 35.2402076721191 35.2467231750488 35.253589630127 35.2639770507812 35.422794342041 35.5969429016113 35.859302520752 36.119499206543 36.3714218139648 36.5746879577637 36.6816787719727 36.7505111694336 36.775318145752 36.7893676757812 36.7960319519043 36.7971839904785 36.7962074279785 36.7940902709961 36.7917709350586 36.7893028259277 36.7867660522461 36.7836837768555 36.7804794311523 36.7768630981445 36.7722587585449 36.7659225463867 36.7610359191895 36.7576446533203 36.7533416748047 36.7484817504883 36.7434539794922 36.7383689880371 36.7336158752441 36.7289237976074 36.7258834838867 36.7227516174316 36.7190437316895 36.714786529541 36.708984375 36.7016754150391 36.6920356750488 36.6790008544922 36.6628456115723 36.6437530517578
-9999.000000000000000 -9999 -9999 -9999 35.2203102111816 35.2398567199707 35.233528137207 35.4013786315918 35.5854187011719 35.8517761230469 36.1181335449219 36.3844871520996 36.5957717895508 36.6980972290039 36.7632675170898 36.7855606079102 36.7969093322754 36.8007431030273 36.8008766174316 36.7995834350586 36.7975845336914 36.7954597473145 36.7931060791016 36.790657043457 36.7874069213867 36.7840461730957 36.7803115844727 36.7762298583984 36.7715377807617 36.7677536010742 36.7648963928223 36.7609100341797 36.7562294006348 36.7509689331055 36.7455101013184 36.7402725219727 36.7350730895996 36.7310829162598 36.7270240783691 36.7225646972656 36.7175025939941 36.7107582092285 36.7027473449707 36.6927833557129 36.6803932189941 36.6657752990723 36.6511573791504
-9999 -9999 -9999 -9999 35.1817855834961 35.1674842834473 35.1851654052734 35.389030456543 35.6097755432129 35.91357421875 36.2061614990234 36.4558486938477 36.6489067077637 36.7299156188965 36.7805519104004 36.7961387634277 36.803150177002 36.8042755126953 36.8035316467285 36.8020668029785 36.8000221252441 36.7978744506836 36.7952880859375 36.7926254272461 36.7893905639648 36.7861366271973 36.7828216552734 36.779541015625 36.7763252258301 36.7735595703125 36.7712516784668 36.7676582336426 36.7632751464844 36.7576789855957 36.7516746520996 36.7460250854492 36.7404289245605 36.7359161376953 36.7312927246094 36.7259788513184 36.7199821472168 36.712100982666 36.703296661377 36.6930656433105 36.6810455322266 36.6673851013184 36.6559829711914
-9999 -9999 -9999 -9999 35.1527481079102 35.1380157470703 35.1198234558105 35.3880805969238 35.679271697998 36.0625801086426 36.4066505432129 36.6005516052246 36.7423629760742 36.7811050415039 36.8035316467285 36.8071327209473 36.8077545166016 36.806324005127 36.8048820495605 36.8034324645996 36.8011360168457 36.7986946105957 36.7954254150391 36.7921752929688 36.7891845703125 36.7863731384277 36.7841453552246 36.7820205688477 36.7800674438477 36.7782211303711 36.7764778137207 36.7733726501465 36.7694396972656 36.7633781433105 36.7566108703613 36.7506370544434 36.7447814941406 36.740291595459 36.7355575561523 36.7292556762695 36.7221717834473 36.7129058837891 36.7031860351562 36.6927604675293 36.6807670593262 36.6673393249512 36.6575622558594
-9999 -9999 -9999 -9999 35.1380157470703 35.1159934997559 35.0901412963867 35.4311141967773 35.79443359375 36.2093200683594 36.5657577514648 36.6984748840332 36.7917098999023 36.8068084716797 36.814037322998 36.8121757507324 36.8100547790527 36.807746887207 36.8060455322266 36.804573059082 36.8019790649414 36.7991828918457 36.7954559326172 36.7918586730957 36.7895164489746 36.7873954772949 36.7859764099121 36.784610748291 36.7833366394043 36.7819709777832 36.7805061340332 36.7775459289551 36.7736740112305 36.7676162719727 36.7608299255371 36.7551536560059 36.7496452331543 36.7453575134277 36.7407302856445 36.7339172363281 36.7261657714844 36.7157859802246 36.7053260803223 36.6947402954102 36.6827812194824 36.6695594787598 36.6607131958008
-9999 -9999 -9999 -9999 35.1147155761719 35.0901412963867 35.5053062438965 35.507137298584 35.9438438415527 36.354362487793 36.6938247680664 36.7613143920898 36.807975769043 36.8134078979492 36.8151893615723 36.8127555847168 36.8106269836426 36.8087005615234 36.807071685791 36.8055534362793 36.8026161193848 36.7994232177734 36.7953987121582 36.7916412353516 36.7902526855469 36.7889976501465 36.7881813049316 36.7872848510742 36.7862548828125 36.785041809082 36.7836418151855 36.7805595397949 36.7764587402344 36.770751953125 36.7645111083984 36.7596054077148 36.7548866271973 36.7509384155273 36.74658203125 36.7396202087402 36.7315101623535 36.7202186584473 36.7091484069824 36.6984329223633 36.6865081787109 36.6734809875488 36.6650428771973
-9999 -9999 -9999 -9999 35.0901412963867 35.6138343811035 35.8384628295898 35.9928321838379 36.0186653137207 36.413200378418 36.7354545593262 36.7810554504395 36.8122634887695 36.8149871826172 36.815315246582 36.8128814697266 36.8109397888184 36.8093376159668 36.8078575134277 36.8064231872559 36.8030624389648 36.7993621826172 36.7956199645996 36.7921867370605 36.7913703918457 36.7906150817871 36.7900352478027 36.7892723083496 36.7881889343262 36.7869262695312 36.7854766845703 36.7825393676758 36.7786979675293 36.773609161377 36.7681083679199 36.7643432617188 36.7608261108398 36.7574119567871 36.7534828186035 36.7462692260742 36.7377433776855 36.7255592346191 36.7139663696289 36.703296661377 36.691463470459 36.6785697937012 36.6699142456055
-9999 -9999 -9999 -9999 -9999 35.9684906005859 36.0214195251465 36.0154228210449 36.0615234375 36.4350967407227 36.7400436401367 36.7823257446289 36.8114204406738 36.8144226074219 36.8150062561035 36.8128089904785 36.8111381530762 36.8098335266113 36.808536529541 36.807243347168 36.8034286499023 36.7991714477539 36.795955657959 36.7930564880371 36.7926559448242 36.7922325134277 36.7917404174805 36.7909660339355 36.7896995544434 36.7882995605469 36.7867584228516 36.7840766906738 36.7807006835938 36.7763481140137 36.7716674804688 36.7692108154297 36.7670593261719 36.7642631530762 36.7608261108398 36.7533264160156 36.7443542480469 36.7312889099121 36.7192115783691 36.7086563110352 36.6969413757324 36.684154510498 36.6750144958496
-9999 -9999 -9999 -9999 -9999 36.0570602416992 36.0455894470215 36.0560035705566 36.0833206176758 36.443302154541 36.737735748291 36.7812843322754 36.8111228942871 36.8138389587402 36.8144378662109 36.8125991821289 36.8112945556641 36.8103523254395 36.8092193603516 36.8080062866211 36.8041191101074 36.7997627258301 36.7967948913574 36.794132232666 36.793758392334 36.7933502197266 36.7928352355957 36.7920303344727 36.7907180786133 36.7893600463867 36.7879524230957 36.7855339050293 36.7824935913086 36.7788276672363 36.7749481201172 36.773307800293 36.7719688415527 36.7693405151367 36.7660179138184 36.7582778930664 36.7491340637207 36.736083984375 36.7240753173828 36.7136688232422 36.7022476196289 36.6898956298828 36.6802177429199
-9999 -9999 -9999 -9999 -9999 36.1215553283691 36.1041793823242 36.0653381347656 36.1007614135742 36.4486770629883 36.7340049743652 36.7797622680664 36.8109359741211 36.8132514953613 36.8138160705566 36.8123664855957 36.8114395141602 36.8108787536621 36.8098983764648 36.8087577819824 36.8048782348633 36.8005142211914 36.7977409362793 36.7952499389648 36.7948265075684 36.7943687438965 36.7938041687012 36.7929611206055 36.7916297912598 36.7903518676758 36.7891311645508 36.7869758605957 36.7842445373535 36.7812538146973 36.7781715393066 36.7772445678711 36.7766036987305 36.7740516662598 36.7707672119141 36.7627944946289 36.753532409668 36.7406883239746 36.7288627624512 36.7186050415039 36.70751953125 36.6956672668457 36.6854400634766
-9999 -9999 -9999 -9999 -9999 -9999 36.2148971557617 36.1911926269531 36.2159042358398 36.5138397216797 36.7567138671875 36.7888450622559 36.8107566833496 36.8124313354492 36.812858581543 36.8118438720703 36.8111953735352 36.8107948303223 36.8098411560059 36.8086700439453 36.8051834106445 36.8012924194336 36.7985076904297 36.7959823608398 36.7953720092773 36.7947616577148 36.7941513061523 36.7933158874512 36.7920875549316 36.7909622192383 36.7899513244629 36.7879753112793 36.7854156494141 36.7833023071289 36.7813415527344 36.7801895141602 36.7791442871094 36.7764511108398 36.7732353210449 36.7666931152344 36.7584800720215 36.74560546875 36.7334442138672 36.7223777770996 36.7107124328613 36.6984977722168 36.6879577636719
-9999 -9999 -9999 -9999 -9999 -9999 36.3502502441406 36.3881607055664 36.3386840820312 36.5823402404785 36.7793464660645 36.797794342041 36.8104209899902 36.8115272521973 36.8118553161621 36.8112945556641 36.8108978271484 36.810619354248 36.8096618652344 36.8084487915039 36.8053741455078 36.8019714355469 36.7992172241211 36.7966918945312 36.7959098815918 36.7951698303223 36.7945442199707 36.7937431335449 36.7926216125488 36.7916297912598 36.7907638549805 36.7889709472656 36.7866058349609 36.7852897644043 36.7843208312988 36.7828941345215 36.7813949584961 36.7785873413086 36.7754707336426 36.7703857421875 36.763240814209 36.7503662109375 36.7378616333008 36.7259254455566 36.713565826416 36.7008171081543 36.6899604797363
-9999 -9999 -9999 -9999 -9999 -9999 36.519889831543 36.4713935852051 36.496208190918 36.6579093933105 36.7885322570801 36.8002090454102 36.8084373474121 36.8098449707031 36.8105964660645 36.8105888366699 36.8102607727051 36.8097114562988 36.8085899353027 36.8072509765625 36.8045501708984 36.8016090393066 36.7994079589844 36.7973785400391 36.7966194152832 36.7959785461426 36.7957153320312 36.7951889038086 36.7942085266113 36.793041229248 36.7916793823242 36.7900848388672 36.7883491516113 36.7868003845215 36.7853088378906 36.7834815979004 36.7816009521484 36.7790679931641 36.776309967041 36.772159576416 36.7658042907715 36.7533187866211 36.7406349182129 36.7276382446289 36.7137565612793 36.6990585327148 36.6878128051758
-9999 -9999 -9999 -9999 -9999 36.770637512207 36.6720428466797 36.7001152038574 36.6385536193848 36.7256011962891 36.7958602905273 36.8018684387207 36.8064460754395 36.8081817626953 36.8093414306641 36.8098373413086 36.8095474243164 36.8087196350098 36.8074417114258 36.8059844970703 36.8036804199219 36.8012237548828 36.7996253967285 36.7981452941895 36.7974472045898 36.7969055175781 36.7968597412109 36.7964820861816 36.7955169677734 36.7941856384277 36.7924766540527 36.7910537719727 36.7898063659668 36.7880744934082 36.7861785888672 36.7839660644531 36.7817077636719 36.779369354248 36.7768783569336 36.7734107971191 36.7677001953125 36.7557563781738 36.742992401123 36.7289772033691 36.7137603759766 36.6974411010742 36.6857757568359
-9999 -9999 -9999 -9999 36.7542953491211 36.7656707763672 36.770637512207 36.746021270752 36.725227355957 36.764404296875 36.7963752746582 36.8007545471191 36.8043975830078 36.8065757751465 36.8081169128418 36.8089179992676 36.8085708618164 36.8074378967285 36.8060150146484 36.8044776916504 36.8026428222656 36.8007545471191 36.7999496459961 36.799201965332 36.7987251281738 36.7982788085938 36.797924041748 36.7971878051758 36.7957916259766 36.7943420410156 36.792839050293 36.7914772033691 36.7901992797852 36.7884750366211 36.7866020202637 36.7840690612793 36.7814445495605 36.7790260314941 36.7764358520508 36.7727432250977 36.7671546936035 36.756290435791 36.743839263916 36.7289352416992 36.7130813598633 36.6963539123535 36.6841621398926
