Ecospace-environmental-drivers/Outputs/ASCII-for-ecospace/MOM6-ISIMIP3a/so-surf/1999-11_so-surf_MOM6-ISIMIP3a.asc
NCOLS 131 
NROWS 53 
XLLCORNER -98 
YLLCORNER 23.9265270233154 
CELLSIZE 0.133587792515755 
NODATA_value -9999 
[rows 21 to 41 of 53, columns 47 to 93 of 131]
35.8770980834961 35.8525352478027 35.8150024414062 35.791130065918 35.7687149047852 35.7478141784668 35.7349700927734 35.7630996704102 35.7952194213867 35.8369827270508 35.8718566894531 35.8972816467285 35.8936042785645 35.8661231994629 35.8650932312012 35.8765983581543 35.8806533813477 35.8829307556152 35.8978309631348 35.9139366149902 35.9349517822266 35.9543800354004 35.9671630859375 35.9748992919922 35.971981048584 35.9694366455078 35.967342376709 35.9665946960449 35.9668312072754 35.9652633666992 35.962947845459 35.9606094360352 35.9582633972168 35.9645462036133 35.9718360900879 35.9858741760254 35.9989204406738 36.0084609985352 36.0113334655762 36.0018119812012 35.9770812988281 35.9357795715332 35.9057960510254 35.883129119873 35.8767890930176 35.8763198852539 35.893741607666
36.0264701843262 36.011604309082 35.9879951477051 35.9689064025879 35.9503326416016 35.9331321716309 35.922664642334 35.946460723877 35.9702644348145 35.9940910339355 36.0072059631348 36.0056114196777 35.9883155822754 35.9581756591797 35.9451675415039 35.9402732849121 35.9421234130859 35.9455833435059 35.9638061523438 35.9833145141602 36.0067901611328 36.0281791687012 36.0408248901367 36.0445365905762 36.0293884277344 36.0128364562988 35.994571685791 35.9826354980469 35.9753150939941 35.972354888916 35.9712028503418 35.978645324707 35.9877815246582 36.0124855041504 36.0379867553711 36.0656471252441 36.0904731750488 36.1053161621094 36.1085891723633 36.0903701782227 36.0478286743164 35.9787979125977 35.9280548095703 35.8891487121582 35.8755874633789 35.8711357116699 35.8845520019531
36.158634185791 36.1526222229004 36.1420555114746 36.1269798278809 36.1115303039551 36.0984001159668 36.090576171875 36.1097564697266 36.1250648498535 36.1310157775879 36.1242332458496 36.0999641418457 36.0723419189453 36.0419654846191 36.0196380615234 36.0011253356934 36.0023803710938 36.0083656311035 36.0304489135742 36.0538177490234 36.0798568725586 36.1032333374023 36.1154441833496 36.114860534668 36.0872573852539 36.0564193725586 36.0216293334961 35.9983596801758 35.9834861755371 35.9794082641602 35.9798011779785 35.9976806640625 36.0190048217773 36.0624465942383 36.1064186096191 36.1475830078125 36.1841316223145 36.2044448852539 36.208625793457 36.1828460693359 36.1237487792969 36.0283546447754 35.9561653137207 35.8989906311035 35.877067565918 35.867805480957 35.8769187927246
36.2485656738281 36.2430381774902 36.2338905334473 36.217098236084 36.1998329162598 36.1909103393555 36.1846809387207 36.1921691894531 36.1970367431641 36.1955871582031 36.1837043762207 36.1575050354004 36.130054473877 36.1015853881836 36.0794143676758 36.060230255127 36.0644226074219 36.0742034912109 36.1020851135254 36.1310997009277 36.1584167480469 36.1812896728516 36.1855697631836 36.176685333252 36.1400032043457 36.0982933044434 36.0504417419434 36.0178108215332 35.9962692260742 35.9918327331543 35.9944801330566 36.021614074707 36.0535659790039 36.10791015625 36.1623191833496 36.2092475891113 36.2513694763184 36.2766189575195 36.2879943847656 36.273624420166 36.2249183654785 36.1388092041016 36.0473823547363 35.9525108337402 35.908576965332 35.882942199707 35.8845176696777
36.3354835510254 36.330940246582 36.3232574462891 36.3048439025879 36.2857780456543 36.278694152832 36.2724571228027 36.2705078125 36.2669258117676 36.259407043457 36.2437362670898 36.2168769836426 36.1901206970215 36.1634407043457 36.1422500610352 36.123649597168 36.1309776306152 36.1445007324219 36.1769332885742 36.2102813720703 36.2379531860352 36.2596549987793 36.25634765625 36.2397575378418 36.1951141357422 36.144344329834 36.0860939025879 36.045581817627 36.0179901123047 36.0125846862793 36.0163688659668 36.0511932373047 36.0921211242676 36.1549797058105 36.2174491882324 36.2681694030762 36.3138427734375 36.3417739868164 36.3583374023438 36.3537826538086 36.31689453125 36.2447814941406 36.1423721313477 36.0203628540039 35.9545021057129 35.9088096618652 35.8998031616211
36.4092102050781 36.4078140258789 36.4018058776855 36.3822021484375 36.361400604248 36.3457794189453 36.3324813842773 36.3309898376465 36.3276672363281 36.3199272155762 36.3062171936035 36.284309387207 36.2604942321777 36.2351150512695 36.2184791564941 36.2059783935547 36.2173233032227 36.2343635559082 36.2658576965332 36.2977981567383 36.3217964172363 36.3393592834473 36.3299865722656 36.308292388916 36.2605819702148 36.2087020874023 36.151725769043 36.1098136901855 36.0788764953613 36.0698394775391 36.0698738098145 36.1055335998535 36.1482009887695 36.2090911865234 36.2691993713379 36.3150825500488 36.3554077148438 36.3761901855469 36.389102935791 36.387393951416 36.3685646057129 36.3310813903809 36.2539100646973 36.1510620117188 36.0636177062988 35.9817123413086 35.9487953186035
36.4643821716309 36.4667778015137 36.4640274047852 36.4461708068848 36.4267311096191 36.4063377380371 36.3888893127441 36.3864059448242 36.3822288513184 36.3739547729492 36.3619728088379 36.344898223877 36.3255767822266 36.3044242858887 36.2936592102051 36.2878227233887 36.3019027709961 36.3207473754883 36.3483238220215 36.3758583068848 36.3941078186035 36.4065818786621 36.394889831543 36.3727035522461 36.3283729553223 36.2803802490234 36.2279167175293 36.1869812011719 36.1544418334961 36.1422080993652 36.1383781433105 36.1711959838867 36.2112197875977 36.2655181884766 36.3188743591309 36.3578033447266 36.3911972045898 36.4051132202148 36.4139862060547 36.4134941101074 36.4073448181152 36.3950309753418 36.3425559997559 36.2640953063965 36.1681976318359 36.0660362243652 36.0112609863281
36.4790802001953 36.4866638183594 36.4906234741211 36.4809265136719 36.4696197509766 36.4526596069336 36.4374008178711 36.4307670593262 36.4233016967773 36.4138145446777 36.4030570983887 36.3905601501465 36.3791275024414 36.3685646057129 36.3665580749512 36.3686027526855 36.382640838623 36.3995475769043 36.4167060852051 36.4332885742188 36.4412651062012 36.4465751647949 36.4407272338867 36.4281196594238 36.401237487793 36.3680419921875 36.3271369934082 36.2923545837402 36.262035369873 36.2475509643555 36.2396202087402 36.2615623474121 36.2893753051758 36.3270072937012 36.3640174865723 36.3913841247559 36.4143867492676 36.4220504760742 36.4260406494141 36.4232063293457 36.4179992675781 36.4102020263672 36.3812408447266 36.3385887145996 36.2628746032715 36.1752777099609 36.1031303405762
36.4884262084961 36.4987030029297 36.50634765625 36.5026206970215 36.4974021911621 36.4833717346191 36.4701042175293 36.4607048034668 36.4512329101562 36.4415893554688 36.4324340820312 36.4239540100098 36.4186820983887 36.4160346984863 36.4202651977539 36.4277496337891 36.4400672912598 36.4535369873047 36.4625053405762 36.4707069396973 36.4722557067871 36.4730491638184 36.4706687927246 36.4646110534668 36.4507865905762 36.4301071166992 36.4010543823242 36.3739395141602 36.3482360839844 36.334041595459 36.3246116638184 36.3365592956543 36.3527069091797 36.3759346008301 36.3988609313965 36.4162864685059 36.4306640625 36.4343185424805 36.4348564147949 36.4296112060547 36.4239845275879 36.4179420471191 36.4037017822266 36.3841514587402 36.3285598754883 36.2600173950195 36.181396484375
36.4910354614258 36.5008735656738 36.5083961486816 36.5078887939453 36.5061836242676 36.4944496154785 36.4829254150391 36.4724922180176 36.4626350402832 36.4541664123535 36.4470863342285 36.4419174194336 36.4406356811523 36.4425315856934 36.4498291015625 36.4596862792969 36.4681625366211 36.4763145446777 36.4798965454102 36.4829483032227 36.48291015625 36.4825096130371 36.4806098937988 36.4772987365723 36.471004486084 36.4599723815918 36.4431419372559 36.425594329834 36.4075241088867 36.3968162536621 36.38916015625 36.3922157287598 36.3973808288574 36.4090538024902 36.4207420349121 36.4302749633789 36.4382438659668 36.4407081604004 36.4395980834961 36.4318542480469 36.4241027832031 36.4163398742676 36.4057426452637 36.393310546875 36.3577728271484 36.3139343261719 36.2425498962402
36.4949493408203 36.504035949707 36.5114555358887 36.5114135742188 36.5102844238281 36.5002326965332 36.4902420043945 36.4805603027344 36.4718246459961 36.465389251709 36.460807800293 36.4587707519531 36.4603996276855 36.4650192260742 36.4722900390625 36.4808197021484 36.4851150512695 36.488395690918 36.4885940551758 36.488525390625 36.4876441955566 36.4865913391113 36.4848251342773 36.4827194213867 36.4798965454102 36.4741172790527 36.4647216796875 36.4536056518555 36.4412307739258 36.4330062866211 36.4265022277832 36.4254722595215 36.4255180358887 36.4307479858398 36.4359474182129 36.4389877319336 36.4413604736328 36.4414100646973 36.4382858276367 36.4292755126953 36.4201698303223 36.4109649658203 36.4019432067871 36.3930358886719 36.3696022033691 36.340950012207 36.280632019043
36.4998397827148 36.5079460144043 36.515266418457 36.5136375427246 36.5108642578125 36.5020484924316 36.4934310913086 36.4858283996582 36.4793548583984 36.4755935668945 36.4738273620605 36.4747924804688 36.4785194396973 36.4844970703125 36.4894256591797 36.4938583374023 36.4937019348145 36.4924545288086 36.4907760620117 36.4891014099121 36.4879417419434 36.4866409301758 36.484748840332 36.4826927185059 36.4802932739258 36.4764747619629 36.4709243774414 36.4638824462891 36.4557495117188 36.4492568969727 36.4434394836426 36.4419212341309 36.4412498474121 36.4438743591309 36.4461441040039 36.4437370300293 36.4411354064941 36.4378395080566 36.4324264526367 36.4230766296387 36.4132080078125 36.4027671813965 36.3937644958496 36.3856925964355 36.3683967590332 36.3477935791016 36.3014068603516
36.5067901611328 36.5123710632324 36.5170021057129 36.5138893127441 36.5098838806152 36.5031890869141 36.4967803955078 36.4917945861816 36.4878196716309 36.4862861633301 36.4865798950195 36.4893798828125 36.4932746887207 36.4980621337891 36.4998016357422 36.5000991821289 36.4969863891602 36.4930572509766 36.4902381896973 36.4875755310059 36.4860420227051 36.484447479248 36.4825744628906 36.4806518554688 36.478630065918 36.4760131835938 36.4726715087891 36.4682502746582 36.4630393981934 36.4577865600586 36.4525108337402 36.4507522583008 36.4496879577637 36.4511337280273 36.4520301818848 36.4467124938965 36.4412422180176 36.4352531433105 36.4278297424316 36.4177436828613 36.4064979553223 36.3939895629883 36.3832168579102 36.3735618591309 36.3583297729492 36.3410949707031 36.3053398132324
36.5146255493164 36.5170211791992 36.5178489685059 36.513298034668 36.508228302002 36.5040473937988 36.5001983642578 36.4980583190918 36.4966888427734 36.4971885681152 36.4992179870605 36.5033493041992 36.5065841674805 36.5090866088867 36.5072784423828 36.5034255981445 36.4979934692383 36.4921836853027 36.4885406494141 36.4851455688477 36.4832038879395 36.4812927246094 36.4794998168945 36.4777450561523 36.4760818481445 36.4743385314941 36.4725074768066 36.470085144043 36.4672355651855 36.463005065918 36.4582023620605 36.4563179016113 36.4550018310547 36.4558715820312 36.4560737609863 36.4489250183105 36.4414978027344 36.4330863952637 36.423770904541 36.4127769470215 36.3998985290527 36.3849678039551 36.3716506958008 36.3593788146973 36.3444595336914 36.3285903930664 36.3020515441895
36.5179405212402 36.5177116394043 36.5161437988281 36.5124969482422 36.5087051391602 36.5067863464355 36.5052299499512 36.5055274963379 36.5064849853516 36.509033203125 36.5115547180176 36.5140380859375 36.5146980285645 36.5138664245605 36.509521484375 36.5035171508789 36.4966278076172 36.4895286560059 36.4854736328125 36.4817390441895 36.4796676635742 36.4776382446289 36.4757804870605 36.4740715026855 36.4726715087891 36.4714393615723 36.4704170227051 36.4692001342773 36.467845916748 36.4653396606445 36.4623527526855 36.4606971740723 36.459300994873 36.4594535827637 36.4588928222656 36.4507942199707 36.4424247741699 36.4330825805664 36.4233551025391 36.412899017334 36.3995819091797 36.3831443786621 36.3664894104004 36.3497009277344 36.3335609436035 36.3176574707031 36.2976875305176
36.520320892334 36.517578125 36.5139122009277 36.5116500854492 36.5096168518066 36.5099143981934 36.5105972290039 36.5132484436035 36.5164680480957 36.5210762023926 36.5238342285156 36.5240516662598 36.5217361450195 36.5173492431641 36.5106811523438 36.5029373168945 36.4947738647461 36.4865074157715 36.4821243286133 36.4781303405762 36.4759902954102 36.4738807678223 36.4719314575195 36.4702377319336 36.4690818786621 36.4682846069336 36.4679222106934 36.4677505493164 36.4677124023438 36.4670715332031 36.4661827087402 36.4648323059082 36.4633941650391 36.4627952575684 36.4614601135254 36.4525947570801 36.443489074707 36.4335327148438 36.4236946105957 36.4140777587891 36.400562286377 36.3828086853027 36.3626556396484 36.3409538269043 36.3232803344727 36.3070487976074 36.2931022644043
36.5176315307617 36.5152778625488 36.5126838684082 36.5119781494141 36.5115661621094 36.513801574707 36.516429901123 36.5210838317871 36.5253295898438 36.5285835266113 36.5295867919922 36.5275039672852 36.5235061645508 36.5179443359375 36.5098609924316 36.5005912780762 36.4914741516113 36.4823989868164 36.4779777526855 36.473991394043 36.4716415405273 36.4693832397461 36.4674835205078 36.4660148620605 36.4654579162598 36.4651222229004 36.4650611877441 36.4653015136719 36.465763092041 36.4657669067383 36.4655876159668 36.4650917053223 36.4645309448242 36.4633903503418 36.4614868164062 36.4523010253906 36.4431991577148 36.4343872070312 36.4257850646973 36.4175796508789 36.4056816101074 36.3897552490234 36.3685302734375 36.3438720703125 36.3243827819824 36.3067474365234 36.2960433959961
36.5148239135742 36.513011932373 36.5116004943848 36.5124130249023 36.5135612487793 36.5177268981934 36.5222511291504 36.5285758972168 36.5335426330566 36.5352401733398 36.5344619750977 36.5302886962891 36.5247993469238 36.5182266235352 36.5088348388672 36.498104095459 36.4880867004395 36.4782371520996 36.4737930297852 36.4698219299316 36.4672660827637 36.4648475646973 36.4630165100098 36.4617729187012 36.4617881774902 36.4619026184082 36.4621429443359 36.4627723693848 36.463680267334 36.4642562866211 36.4646949768066 36.4650039672852 36.4652938842773 36.4635963439941 36.4611129760742 36.4516754150391 36.4426422119141 36.4350318908691 36.4277038574219 36.4208984375 36.4106903076172 36.3967666625977 36.3747634887695 36.3475341796875 36.3265228271484 36.3077507019043 36.3002700805664
36.5131797790527 36.5121574401855 36.5116157531738 36.5134086608887 36.5155868530273 36.5217590332031 36.5276756286621 36.5322761535645 36.5354118347168 36.5350036621094 36.5330848693848 36.5290908813477 36.523494720459 36.5165824890137 36.506534576416 36.4950065612793 36.4843864440918 36.4739799499512 36.4695587158203 36.4656257629395 36.4628601074219 36.4602966308594 36.4585838317871 36.4574737548828 36.4576263427734 36.4580497741699 36.4588012695312 36.459846496582 36.4610977172852 36.4619979858398 36.4627494812012 36.4631271362305 36.463436126709 36.4609375 36.4577178955078 36.4484786987305 36.439826965332 36.4332542419434 36.4269409179688 36.4211158752441 36.412540435791 36.4009742736816 36.3802223205566 36.3535308837891 36.3342895507812 36.3177223205566 36.3146438598633
36.5118675231934 36.5114936828613 36.511646270752 36.5145378112793 36.5178604125977 36.5252456665039 36.531909942627 36.534912109375 36.5364265441895 36.534366607666 36.5316505432129 36.5280418395996 36.522403717041 36.5151062011719 36.5044021606445 36.4920845031738 36.4809150695801 36.4700241088867 36.4654922485352 36.4614791870117 36.458683013916 36.456169128418 36.4548568725586 36.4540786743164 36.4544334411621 36.4551467895508 36.456298828125 36.4575691223145 36.4589233398438 36.4599494934082 36.4608459472656 36.4612007141113 36.4614486694336 36.4580764770508 36.4540672302246 36.4451675415039 36.4369659423828 36.4312019348145 36.4257392883301 36.4208374023438 36.4136047363281 36.4038238525391 36.3844146728516 36.3587799072266 36.3423461914062 36.3292236328125 36.3298645019531
36.511775970459 36.5115356445312 36.5117492675781 36.5161666870117 36.5210494995117 36.5267372131348 36.5317878723145 36.5336151123047 36.5343055725098 36.5322647094727 36.530029296875 36.527530670166 36.5220947265625 36.5142555236816 36.502872467041 36.4898147583008 36.4782981872559 36.467155456543 36.4620399475098 36.4575004577637 36.4553337097168 36.4536018371582 36.4536895751953 36.4539985656738 36.4547805786133 36.4557266235352 36.4568710327148 36.4576797485352 36.4582405090332 36.4586868286133 36.4590911865234 36.4590835571289 36.4589881896973 36.4544830322266 36.4494972229004 36.4414596557617 36.4339179992676 36.4281387329102 36.4229202270508 36.4187545776367 36.4117622375488 36.4016952514648 36.3839645385742 36.3612823486328 36.351490020752 36.346321105957 36.348201751709
