Ecospace-environmental-drivers/Outputs/ASCII-for-ecospace/MOM6-ISIMIP3a/so-surf/2000-08_so-surf_MOM6-ISIMIP3a.asc
NCOLS 131 
NROWS 53 
XLLCORNER -98 
YLLCORNER 23.9265270233154 
CELLSIZE 0.133587792515755 
NODATA_value -9999 
[rows 21 to 41 of 53, columns 0 to 46 of 131]
-9999 -9999 -9999 -9999 -9999 -9999 36.2919158935547 36.2794609069824 36.2455215454102 36.1866188049316 36.0839004516602 35.9009437561035 35.9328460693359 36.0278663635254 36.105899810791 36.1643257141113 36.1988410949707 36.2169342041016 36.2389678955078 36.2625160217285 36.279426574707 36.2951622009277 36.3021202087402 36.3071784973145 36.297966003418 36.2820281982422 36.2442665100098 36.2021446228027 36.1524238586426 36.1001815795898 36.045352935791 35.9842300415039 35.9192733764648 35.8494834899902 35.7780838012695 35.7061576843262 35.634220123291 35.5706405639648 35.5054702758789 35.4301414489746 35.3516578674316 35.2643852233887 35.1780204772949 35.0930595397949 35.0181884765625 34.9525756835938 34.887622833252
-9999 -9999 -9999 -9999 -9999 -9999 36.2945785522461 36.2919158935547 36.2670059204102 36.2365493774414 36.1866188049316 36.1641426086426 36.1810836791992 36.2760276794434 36.3461685180664 36.3876953125 36.4107246398926 36.4210510253906 36.4320602416992 36.4433288574219 36.4490127563477 36.4537086486816 36.4546318054199 36.4545745849609 36.4469909667969 36.4349250793457 36.4083251953125 36.3783187866211 36.3423805236816 36.3038787841797 36.2627410888672 36.216178894043 36.166316986084 36.1126594543457 36.0577392578125 36.0009346008301 35.9438972473145 35.890869140625 35.8363647460938 35.7724990844727 35.7059516906738 35.6319389343262 35.5562438964844 35.4779434204102 35.4071159362793 35.3431396484375 35.2781753540039
-9999 -9999 -9999 -9999 36.2795829772949 36.2924728393555 36.2958297729492 36.2959938049316 36.2919158935547 36.2420997619629 36.2255668640137 36.33642578125 36.4375343322754 36.5193481445312 36.5742301940918 36.5980453491211 36.6087074279785 36.6103363037109 36.6106376647949 36.610424041748 36.6061477661133 36.6011543273926 36.5961723327637 36.591007232666 36.5843467712402 36.5755004882812 36.5595664978027 36.5413208007812 36.51904296875 36.4942779541016 36.4669494628906 36.4353294372559 36.4010963439941 36.3639602661133 36.3258590698242 36.284366607666 36.2424011230469 36.1998023986816 36.1558837890625 36.1035652160645 36.0491523742676 35.9889183044434 35.9246253967285 35.854061126709 35.7880897521973 35.7263298034668 35.6620254516602
-9999 -9999 -9999 -9999 36.2489547729492 36.2810707092285 36.2891159057617 36.2958297729492 36.3002395629883 36.3563652038574 36.418872833252 36.5058097839355 36.5763931274414 36.614616394043 36.6390762329102 36.6476554870605 36.6512260437012 36.6513595581055 36.6513175964355 36.6512145996094 36.6487922668457 36.6459655761719 36.6424026489258 36.6385765075684 36.6327133178711 36.6254386901855 36.613582611084 36.6001205444336 36.5838623046875 36.5662803649902 36.5473365783691 36.5269470214844 36.5056762695312 36.480281829834 36.4535179138184 36.4219741821289 36.3897438049316 36.3542289733887 36.3175086975098 36.273136138916 36.226806640625 36.1750373840332 36.119384765625 36.0577354431152 35.9974327087402 35.9383735656738 35.877384185791
-9999 -9999 -9999 -9999 -9999 36.2489547729492 36.2903900146484 36.2824020385742 36.3257865905762 36.4650726318359 36.5881958007812 36.6494407653809 36.6903915405273 36.6911926269531 36.6900863647461 36.6867713928223 36.6851272583008 36.6846313476562 36.6847076416016 36.685001373291 36.6842422485352 36.6832962036133 36.6809730529785 36.6783447265625 36.6734161376953 36.6677474975586 36.6596794128418 36.6506042480469 36.6397666931152 36.6285820007324 36.6170463562012 36.605827331543 36.5948028564453 36.5782241821289 36.5597915649414 36.5354309082031 36.5102195739746 36.4799461364746 36.4486351013184 36.410717010498 36.3710479736328 36.3265075683594 36.2783737182617 36.224681854248 36.1694526672363 36.1128082275391 36.0546646118164
-9999 -9999 -9999 -9999 -9999 36.2766265869141 36.2489547729492 36.3343658447266 36.4268417358398 36.5494346618652 36.6523857116699 36.6801490783691 36.6953811645508 36.6858215332031 36.6804428100586 36.6798934936523 36.6812515258789 36.6839256286621 36.6861038208008 36.6880836486816 36.6881256103516 36.6878280639648 36.6859664916992 36.683910369873 36.6805000305176 36.6765899658203 36.6710815429688 36.6646385192871 36.6565704345703 36.6483421325684 36.639949798584 36.6288871765137 36.6161956787109 36.5955581665039 36.5722694396973 36.5430107116699 36.5129051208496 36.4797859191895 36.4460029602051 36.408016204834 36.368782043457 36.3260688781738 36.2805252075195 36.2306098937988 36.1777954101562 36.1223220825195 36.0649833679199
-9999 -9999 36.3314971923828 36.3263854980469 36.3226623535156 36.304328918457 36.2765922546387 36.3953895568848 36.519962310791 36.621826171875 36.7021331787109 36.6999282836914 36.6934356689453 36.6784515380859 36.6722526550293 36.676197052002 36.6808586120605 36.6860084533691 36.6894073486328 36.6921310424805 36.6925659179688 36.6925964355469 36.6910514831543 36.6893730163574 36.6868553161621 36.6840286254883 36.6802024841309 36.6756210327148 36.6697196960449 36.6631240844727 36.655818939209 36.6411476135254 36.6219902038574 36.5928611755371 36.5604057312012 36.5248107910156 36.4887847900391 36.4535064697266 36.4179725646973 36.380786895752 36.3427467346191 36.3023223876953 36.2593040466309 36.2122688293457 36.161075592041 36.106071472168 36.0497207641602
-9999.000000000000000 -9999 -9999 -9999 36.3521690368652 36.340991973877 36.3578872680664 36.4761810302734 36.595775604248 36.668098449707 36.7203636169434 36.6958656311035 36.6763572692871 36.6667251586914 36.6672401428223 36.6794586181641 36.688060760498 36.6941719055176 36.6968841552734 36.6982765197754 36.6982154846191 36.6978950500488 36.6963348388672 36.6946029663086 36.6916236877441 36.6883964538574 36.6843566894531 36.6799468994141 36.6748924255371 36.6670455932617 36.6563339233398 36.6298522949219 36.5937614440918 36.5464630126953 36.4954299926758 36.4503555297852 36.4061660766602 36.3702430725098 36.3345184326172 36.3000297546387 36.2648468017578 36.2277297973633 36.1870803833008 36.1409721374512 36.089672088623 36.0336112976074 35.9786529541016
-9999 -9999 -9999 -9999 36.388988494873 36.4111824035645 36.4090194702148 36.5315895080566 36.6541404724121 36.6994857788086 36.7271690368652 36.6872482299805 36.6599235534668 36.6575241088867 36.6652526855469 36.6846733093262 36.694953918457 36.6989593505859 36.6998710632324 36.6995887756348 36.6996765136719 36.6998291015625 36.6987953186035 36.6975440979004 36.6946983337402 36.6915473937988 36.6874313354492 36.6824913024902 36.6761245727539 36.6620178222656 36.6399421691895 36.5984687805176 36.5451736450195 36.4863395690918 36.4256591796875 36.3778343200684 36.3318672180176 36.2967948913574 36.2621688842773 36.2303657531738 36.1979179382324 36.1636734008789 36.125373840332 36.0808067321777 36.0308456420898 35.9759292602539 35.9247741699219
-9999 -9999 -9999 -9999 36.4129867553711 36.4147911071777 36.4170188903809 36.5550689697266 36.6905517578125 36.7121467590332 36.719596862793 36.6729049682617 36.6443061828613 36.651496887207 36.6670799255371 36.6923408508301 36.7014617919922 36.6994972229004 36.6972198486328 36.6948204040527 36.695873260498 36.6975364685059 36.6977081298828 36.6976165771484 36.6956329345703 36.6931686401367 36.6891403198242 36.6827964782715 36.6724090576172 36.6457252502441 36.6022758483887 36.541805267334 36.4709701538086 36.4089431762695 36.3498573303223 36.3077430725098 36.2680320739746 36.2356948852539 36.2037963867188 36.1746597290039 36.1447868347168 36.1128692626953 36.0768928527832 36.0346488952637 35.9878387451172 35.936840057373 35.8925170898438
-9999 -9999 -9999 -9999 36.4147911071777 36.4174880981445 36.420654296875 36.5708351135254 36.7166976928711 36.7192344665527 36.7108840942383 36.6608619689941 36.6324462890625 36.6467895507812 36.6677932739258 36.6964836120605 36.7039222717285 36.6967697143555 36.6924476623535 36.6892166137695 36.6921882629395 36.6962547302246 36.6969680786133 36.6973075866699 36.6951141357422 36.6916275024414 36.6839447021484 36.6705436706543 36.6471748352051 36.6060485839844 36.5466537475586 36.4801406860352 36.409294128418 36.3517723083496 36.2986946105957 36.2629890441895 36.2297058105469 36.1999816894531 36.1707458496094 36.1446266174316 36.1181678771973 36.0907707214355 36.0597763061523 36.0232124328613 35.9821434020996 35.9369354248047 35.8987426757812
-9999 -9999 -9999 -9999 36.4176445007324 36.420654296875 36.5800132751465 36.5808181762695 36.7351417541504 36.7221336364746 36.7013053894043 36.6505393981934 36.6234130859375 36.6430740356445 36.6676750183105 36.6979827880859 36.7033538818359 36.6915969848633 36.6860847473145 36.6829833984375 36.6885871887207 36.695728302002 36.6964950561523 36.6967124938965 36.6935005187988 36.6877136230469 36.6735687255859 36.6488838195801 36.6058044433594 36.5488357543945 36.4775657653809 36.4147262573242 36.3570175170898 36.3097686767578 36.2660102844238 36.237232208252 36.2105178833008 36.1833038330078 36.156681060791 36.1338424682617 36.1114311218262 36.0902061462402 36.0661811828613 36.0378189086914 36.0044326782227 35.9664268493652 35.9338302612305
-9999 -9999 -9999 -9999 36.420654296875 36.6123123168945 36.6932792663574 36.7477416992188 36.7450904846191 36.7216567993164 36.6924171447754 36.6409568786621 36.6141777038574 36.6362342834473 36.66357421875 36.6970100402832 36.7025413513184 36.6889152526855 36.6798934936523 36.6726531982422 36.6778831481934 36.6853103637695 36.6852149963379 36.6839447021484 36.674243927002 36.6608505249023 36.6354904174805 36.6007614135742 36.5496711730957 36.4931411743164 36.4310111999512 36.3804473876953 36.3369293212891 36.3003807067871 36.2661552429199 36.2452087402344 36.2261009216309 36.2068786621094 36.1881675720215 36.1726760864258 36.1577644348145 36.1444702148438 36.1284484863281 36.108211517334 36.0814552307129 36.0487098693848 36.0183410644531
-9999 -9999 -9999 -9999 -9999 36.7375183105469 36.7553100585938 36.7512741088867 36.7514038085938 36.7197303771973 36.6838188171387 36.6316947937012 36.6048545837402 36.6280632019043 36.6577682495117 36.6949768066406 36.7016296386719 36.6872978210449 36.6737747192383 36.6605682373047 36.6641311645508 36.6706504821777 36.669303894043 36.6659622192383 36.6474227905273 36.6241493225098 36.5855445861816 36.5412979125977 36.4872093200684 36.4380989074707 36.394115447998 36.3595161437988 36.3306350708008 36.3049659729004 36.2803726196289 36.2676467895508 36.2565803527832 36.2477073669434 36.2391700744629 36.2327728271484 36.2268447875977 36.2222290039062 36.2146530151367 36.2025108337402 36.1819343566895 36.1536254882812 36.1240348815918
-9999 -9999 -9999 -9999 -9999 36.7661819458008 36.763973236084 36.7669143676758 36.7627296447754 36.7185020446777 36.6728324890137 36.6216468811035 36.5948104858398 36.616153717041 36.6473541259766 36.6899337768555 36.7029418945312 36.6956443786621 36.6745643615723 36.6481666564941 36.6425094604492 36.6405181884766 36.6327667236328 36.6231460571289 36.5989990234375 36.5717658996582 36.5345153808594 36.4966087341309 36.4575424194336 36.4244575500488 36.3975296020508 36.3770294189453 36.3604507446289 36.3466529846191 36.3337860107422 36.3300628662109 36.3276214599609 36.3271865844727 36.3268241882324 36.326904296875 36.326976776123 36.3270149230957 36.3235397338867 36.3146324157715 36.2973480224609 36.2723731994629 36.2439842224121
-9999 -9999 -9999 -9999 -9999 36.7789878845215 36.7792701721191 36.7737274169922 36.7750968933105 36.7174186706543 36.6613464355469 36.6114349365234 36.5846138000488 36.6034698486328 36.635986328125 36.6842651367188 36.7047157287598 36.7060508728027 36.6767845153809 36.6356964111328 36.6192626953125 36.6071815490723 36.5919609069824 36.5751953125 36.5461082458496 36.5161323547363 36.4832649230957 36.4549751281738 36.4346580505371 36.4193801879883 36.4092826843262 36.4025001525879 36.3977355957031 36.3960151672363 36.3953094482422 36.4007530212402 36.407054901123 36.4146690368652 36.422061920166 36.4280815124512 36.4335327148438 36.4373970031738 36.4371185302734 36.4304428100586 36.4158477783203 36.3939819335938 36.3668823242188
-9999 -9999 -9999 -9999 -9999 -9999 36.7937164306641 36.7971649169922 36.7913284301758 36.7146530151367 36.6445541381836 36.5996322631836 36.575122833252 36.5909957885742 36.6222877502441 36.6713714599609 36.7021293640137 36.7202987670898 36.6957588195801 36.6547241210938 36.6248207092285 36.5968818664551 36.573356628418 36.5494232177734 36.5213279724121 36.4941635131836 36.4700241088867 36.4518547058105 36.4440879821777 36.4415054321289 36.4442596435547 36.4463386535645 36.4480056762695 36.4497375488281 36.4514923095703 36.4575653076172 36.4642333984375 36.4709854125977 36.4776496887207 36.4837760925293 36.4895973205566 36.4945602416992 36.4960556030273 36.4921989440918 36.4826202392578 36.4677963256836 36.4475631713867
-9999 -9999 -9999 -9999 -9999 -9999 36.8047294616699 36.8102607727051 36.8056945800781 36.7108612060547 36.6274604797363 36.5877952575684 36.5658760070801 36.5790672302246 36.6091041564941 36.658576965332 36.6992530822754 36.7338905334473 36.7159385681152 36.6776809692383 36.6348876953125 36.5912971496582 36.5592842102051 36.528018951416 36.500904083252 36.4764137268066 36.4604377746582 36.4515991210938 36.4552040100098 36.4642181396484 36.4788017272949 36.4890174865723 36.4965744018555 36.501106262207 36.5046310424805 36.5107154846191 36.5171432495117 36.5226631164551 36.5282554626465 36.534294128418 36.5402908325195 36.5461692810059 36.5493240356445 36.5482711791992 36.5437507629395 36.5360488891602 36.5230560302734
-9999 -9999 -9999 -9999 -9999 -9999 36.8184394836426 36.8067626953125 36.7982902526855 36.6969261169434 36.6096534729004 36.5763206481934 36.5588760375977 36.5728607177734 36.6025276184082 36.6502914428711 36.695369720459 36.7386093139648 36.7409477233887 36.7274856567383 36.6792984008789 36.6249847412109 36.5829696655273 36.5425872802734 36.5135498046875 36.487606048584 36.4716796875 36.4635124206543 36.468879699707 36.4801864624023 36.4976081848145 36.5105781555176 36.5208320617676 36.5252876281738 36.5278091430664 36.5314292907715 36.5352020263672 36.5397796630859 36.5446395874023 36.5513038635254 36.5578269958496 36.5639533996582 36.5682106018066 36.569580078125 36.5694160461426 36.5678405761719 36.5633735656738
-9999 -9999 -9999 -9999 -9999 36.8887519836426 36.8362159729004 36.8382911682129 36.7811851501465 36.6773414611816 36.5897331237793 36.5642852783203 36.5528793334961 36.5692558288574 36.6005401611328 36.6490249633789 36.698600769043 36.7489280700684 36.7684211730957 36.776008605957 36.7259635925293 36.6657447814941 36.6134796142578 36.5635185241699 36.5313339233398 36.5027160644531 36.4856719970703 36.4767532348633 36.482006072998 36.4938201904297 36.5123825073242 36.5273246765137 36.5400619506836 36.5449142456055 36.5471343994141 36.5489463806152 36.5507164001465 36.5550804138184 36.5599899291992 36.5683517456055 36.5763626098633 36.5834083557129 36.5888938903809 36.5919647216797 36.5947875976562 36.5973854064941 36.5995712280273
-9999 -9999 -9999 -9999 36.9489288330078 36.9014053344727 36.8887519836426 36.8110542297363 36.7285041809082 36.6370468139648 36.5620727539062 36.550178527832 36.5505447387695 36.5751686096191 36.6153564453125 36.6734962463379 36.7279052734375 36.7797546386719 36.8049354553223 36.8198165893555 36.7808799743652 36.7324447631836 36.669002532959 36.607795715332 36.5679512023926 36.5322074890137 36.5097618103027 36.4948616027832 36.4931221008301 36.4988861083984 36.5123748779297 36.5264358520508 36.5408515930176 36.5478363037109 36.5523452758789 36.554744720459 36.5568809509277 36.5637359619141 36.5715560913086 36.585521697998 36.5985527038574 36.6089897155762 36.6161613464355 36.6182823181152 36.6190872192383 36.6186828613281 36.6206665039062
