Ecospace-environmental-drivers/Outputs/ASCII-for-ecospace/MOM6-ISIMIP3a/so-surf/2000-07_so-surf_MOM6-ISIMIP3a.asc
NCOLS 131 
NROWS 53 
XLLCORNER -98 
YLLCORNER 23.9265270233154 
CELLSIZE 0.133587792515755 
NODATA_value -9999 
[rows 0 to 20 of 53, columns 47 to 93 of 131]
-9999 -9999 -9999 -9999 -9999 -9999 -9999 -9999 -9999 -9999 -9999 -9999 -9999 -9999 -9999 -9999 -9999 -9999 -9999 -9999 -9999 -9999 -9999 -9999 -9999 -9999 -9999 -9999 -9999 -9999 -9999 -9999 -9999 -9999 -9999 -9999 -9999 -9999 -9999 -9999 -9999 -9999 -9999 -9999 -9999 -9999 -9999
-9999 -9999 -9999 -9999 -9999 -9999 -9999 -9999 -9999 -9999 -9999 -9999 -9999 -9999 -9999 -9999 -9999 -9999 -9999 -9999 -9999 -9999 -9999 -9999 -9999 -9999 -9999 -9999 -9999 -9999 -9999 -9999 -9999 -9999 -9999 -9999 -9999 -9999 -9999 -9999 -9999 -9999 -9999 -9999 -9999 -9999 -9999
-9999 -9999 -9999 -9999 -9999 -9999 -9999 -9999 -9999 -9999 -9999 -9999 -9999 -9999 -9999 -9999 -9999 -9999 -9999 -9999 -9999 -9999 -9999 -9999 -9999 -9999 -9999 30.8419342041016 31.1926021575928 -9999 -9999 -9999 -9999 -9999 -9999 -9999 -9999 -9999 -9999 -9999 -9999 -9999 -9999 -9999 -9999 -9999 -9999
-9999 -9999 -9999 -9999 -9999 -9999 -9999 -9999 -9999 -9999 -9999 -9999 -9999 -9999 -9999 -9999 -9999 -9999 -9999 -9999 -9999 -9999 -9999 -9999 -9999 -9999 -9999 30.8516273498535 31.1889591217041 -9999 -9999 -9999 -9999 -9999 -9999 -9999 -9999 -9999 -9999 -9999 -9999 -9999 -9999 -9999 -9999 -9999 -9999
-9999 -9999 -9999 -9999 -9999 -9999 -9999 -9999 -9999 -9999 -9999 -9999 -9999 -9999 -9999 -9999 -9999 -9999 25.711555480957 25.8812828063965 26.0170650482178 26.8091125488281 27.5058059692383 28.6978874206543 29.5460758209229 30.088005065918 30.5119571685791 30.8556823730469 31.1872463226318 31.5239486694336 -9999 -9999 32.7701988220215 33.2493438720703 33.7148361206055 34.1401786804199 34.4967727661133 34.8033866882324 35.049732208252 35.2577743530273 35.4280624389648 35.5585784912109 -9999 -9999 -9999 -9999 -9999
-9999 -9999 -9999 -9999 -9999 -9999 -9999 -9999 -9999 -9999 -9999 -9999 -9999 -9999 21.6819763183594 -9999 21.5078773498535 21.371129989624 23.5336093902588 25.711555480957 25.9152278900146 26.0170650482178 27.6011619567871 28.89919090271 29.5933074951172 30.14573097229 30.524974822998 30.8651638031006 31.1769065856934 31.5196666717529 31.8752727508545 32.3064498901367 32.7524871826172 33.2516593933105 33.7438812255859 34.1489677429199 34.5276832580566 34.813663482666 35.0688171386719 35.2667121887207 35.4377975463867 35.5796737670898 35.6582641601562 35.6959037780762 -9999 -9999 -9999
-9999 -9999 -9999 -9999 -9999 -9999 -9999 -9999 -9999 -9999 24.8543739318848 24.8255043029785 24.8002052307129 24.7205390930176 23.1699028015137 21.7091178894043 21.6548347473145 21.4976673126221 21.371129989624 23.5181427001953 25.711555480957 26.0170650482178 27.6011619567871 28.89919090271 29.5933074951172 30.14573097229 30.524974822998 30.8651638031006 31.1769065856934 31.5196666717529 31.8752727508545 32.3064498901367 32.7524871826172 33.2516593933105 33.7438812255859 34.1489677429199 34.5276832580566 34.813663482666 35.0688171386719 35.2667121887207 35.4377975463867 35.5796737670898 35.6582641601562 35.6959037780762 35.7058525085449 35.7320518493652 -9999
-9999 -9999 -9999 -9999 -9999 -9999 -9999 -9999 -9999 -9999 25.0091609954834 24.8543739318848 24.7966346740723 -9999 24.6153755187988 23.1205749511719 21.7634010314941 21.6548347473145 21.4670391082764 21.371129989624 23.4717445373535 25.481632232666 27.1118240356445 28.4837608337402 29.3105030059814 29.9619731903076 30.399227142334 30.7763843536377 31.1097717285156 31.4731330871582 31.8489093780518 32.2822303771973 32.7268676757812 33.198974609375 33.664306640625 34.053539276123 34.418514251709 34.6981964111328 34.9517860412598 35.1569213867188 35.343505859375 35.5098724365234 35.6195793151855 35.692626953125 35.7317085266113 35.7585906982422 35.7973976135254
-9999 -9999 -9999 -9999 -9999 -9999 -9999 -9999 -9999 -9999 -9999 -9999 -9999 -9999 24.6555500030518 24.451681137085 23.0774097442627 21.8719673156738 21.6548347473145 21.3751525878906 23.1523914337158 24.9104671478271 26.5883331298828 28.0396671295166 29.0127735137939 29.7730503082275 30.2732086181641 30.689998626709 31.0460643768311 31.4314365386963 31.8289470672607 32.264232635498 32.7069473266602 33.1485252380371 33.5834655761719 33.953987121582 34.3026809692383 34.5746307373047 34.8257713317871 35.0382614135742 35.2412452697754 35.4338684082031 35.5772323608398 35.6887245178223 35.7357521057129 35.7596244812012 35.8089981079102
32.4730758666992 -9999 -9999 -9999 -9999 -9999 -9999 -9999 -9999 -9999 28.4422950744629 25.1678161621094 -9999 -9999 -9999 24.4888572692871 24.242769241333 23.1286201477051 22.0890979766846 22.2224617004395 23.6696815490723 25.147367477417 26.7525444030762 28.1906642913818 29.2761096954346 30.1027736663818 30.6131553649902 31.0204162597656 31.3525695800781 31.7300605773926 32.1263313293457 32.5492897033691 32.9775009155273 33.3731346130371 33.7601432800293 34.0746307373047 34.3725242614746 34.6120719909668 34.8364906311035 35.0328216552734 35.2243919372559 35.4107780456543 35.5565528869629 35.6760406494141 35.7379684448242 35.7792129516602 35.8208122253418
32.3840751647949 32.3709373474121 -9999 -9999 -9999 -9999 -9999 -9999 -9999 -9999 30.063591003418 28.0734767913818 25.1678161621094 -9999 -9999 24.3924617767334 24.2197360992432 24.1161079406738 23.5633239746094 23.0923900604248 24.2618618011475 25.4955215454102 26.9978160858154 28.3935794830322 29.5644397735596 30.4440784454346 30.9677810668945 31.3660564422607 31.6729679107666 32.0359344482422 32.4221153259277 32.8247451782227 33.2306098937988 33.5796241760254 33.9188117980957 34.1825752258301 34.4348068237305 34.6464881896973 34.8477439880371 35.0296401977539 35.2098617553711 35.3882598876953 35.5343475341797 35.6595230102539 35.7351303100586 35.7929229736328 35.8288345336914
32.3840751647949 32.3446617126465 32.2622985839844 32.0622100830078 -9999 -9999 -9999 -9999 -9999 -9999 -9999 29.4990577697754 27.4234066009521 25.1678161621094 24.8543739318848 24.3924617767334 24.2197360992432 24.1161079406738 24.0588722229004 24.0836524963379 25.2557277679443 26.4404144287109 27.6778812408447 28.8749771118164 29.9868412017822 30.847505569458 31.4011554718018 31.7933330535889 32.0678939819336 32.3806991577148 32.709342956543 33.0486946105957 33.3901519775391 33.6888961791992 33.9808883666992 34.2223892211914 34.4565162658691 34.6646957397461 34.8618621826172 35.0385856628418 35.2077941894531 35.3688163757324 35.5039863586426 35.6224327087402 35.7051773071289 35.7750968933105 35.8165397644043
32.4381408691406 32.3488883972168 32.2872428894043 32.0684013366699 -9999 -9999 -9999 -9999 30.6558971405029 30.5372505187988 30.2711181640625 29.80251121521 28.4235458374023 26.2997531890869 25.3015422821045 24.8364963531494 24.6291694641113 24.483419418335 24.726541519165 25.0510749816895 26.171703338623 27.2747974395752 28.3044986724854 29.3340225219727 30.3631687164307 31.186559677124 31.7584762573242 32.1485710144043 32.4062309265137 32.6761054992676 32.9510383605957 33.2306480407715 33.511173248291 33.7631492614746 34.0113792419434 34.2333831787109 34.452091217041 34.6592063903809 34.8549613952637 35.0296211242676 35.1902198791504 35.3354911804199 35.4599075317383 35.5708312988281 35.659610748291 35.7404365539551 35.7902603149414
32.6273765563965 32.4556312561035 32.2963104248047 32.0684013366699 31.8309917449951 31.5265598297119 31.2210941314697 30.9103698730469 30.6558971405029 30.5372505187988 30.2711181640625 29.80251121521 28.8857116699219 27.6022167205811 26.8666572570801 26.3906421661377 26.0622081756592 25.7690353393555 25.8245220184326 25.9589042663574 26.892951965332 27.8328895568848 28.7974891662598 29.7371864318848 30.6243133544922 31.364673614502 31.9256591796875 32.3237152099609 32.6030921936035 32.8481140136719 33.0789108276367 33.3076057434082 33.535888671875 33.7498550415039 33.9629135131836 34.1723213195801 34.3823356628418 34.5944786071777 34.7955055236816 34.975887298584 35.1338768005371 35.2674713134766 35.381534576416 35.4829597473145 35.5750045776367 35.6636848449707 35.7290191650391
32.928394317627 32.7236213684082 32.5182762145996 32.2770576477051 32.0307998657227 31.7475528717041 31.469367980957 31.2169399261475 31.0046825408936 30.8894290924072 30.6475219726562 30.2317314147949 29.6484603881836 28.9281616210938 28.3985347747803 27.9592247009277 27.6022396087646 27.2649269104004 27.1958808898926 27.1927375793457 27.8805160522461 28.594165802002 29.4160900115967 30.2107887268066 30.9480075836182 31.590503692627 32.1172218322754 32.5055618286133 32.7931098937988 33.0159072875977 33.2118911743164 33.3989105224609 33.5841674804688 33.763614654541 33.9439430236816 34.1350021362305 34.3305358886719 34.5418014526367 34.7428131103516 34.9247894287109 35.077808380127 35.1992683410645 35.3025016784668 35.3939399719238 35.4858474731445 35.5779190063477 35.6546897888184
33.387451171875 33.2195854187012 33.0412330627441 32.7807083129883 32.5130920410156 32.2809867858887 32.0686569213867 31.9569435119629 31.8465900421143 31.7395286560059 31.5560874938965 31.2677898406982 30.8361759185791 30.2873001098633 29.8834190368652 29.5482177734375 29.2935447692871 29.0581111907959 28.9537467956543 28.8874759674072 29.2446060180664 29.642707824707 30.2122840881348 30.7839775085449 31.3601417541504 31.8837909698486 32.3432540893555 32.696891784668 32.9734497070312 33.1777381896973 33.3520965576172 33.5104904174805 33.6657485961914 33.8156204223633 33.9666748046875 34.1312561035156 34.304126739502 34.5061569213867 34.6996841430664 34.8774299621582 35.0221214294434 35.1308059692383 35.2225379943848 35.3032989501953 35.3902473449707 35.4794120788574 35.5618591308594
33.6750564575195 33.5516052246094 33.41748046875 33.2070846557617 32.9902534484863 32.8105316162109 32.649341583252 32.5824203491211 32.4984321594238 32.373233795166 32.202522277832 31.9693298339844 31.6350860595703 31.2181663513184 30.9089107513428 30.6506519317627 30.4861602783203 30.3440704345703 30.2612056732178 30.198657989502 30.3726024627686 30.5858097076416 30.9633388519287 31.3589172363281 31.7925930023193 32.2076530456543 32.5999641418457 32.9155578613281 33.1752815246582 33.3599052429199 33.5134315490723 33.6466407775879 33.7758522033691 33.8991394042969 34.0237731933594 34.1637496948242 34.3142890930176 34.501953125 34.6819496154785 34.8477096557617 34.979850769043 35.0753631591797 35.1570892333984 35.2298927307129 35.3087348937988 35.3897476196289 35.4700393676758
33.8182716369629 33.7455558776855 33.6701812744141 33.5683822631836 33.4630928039551 33.3368034362793 33.21435546875 33.1114501953125 32.9902153015137 32.8247108459473 32.6282157897949 32.3891639709473 32.1065788269043 31.7883739471436 31.5475368499756 31.3433475494385 31.2588195800781 31.202880859375 31.1893653869629 31.1868362426758 31.301778793335 31.4401187896729 31.676383972168 31.9353294372559 32.2421569824219 32.5572662353516 32.8824996948242 33.1572456359863 33.3952140808105 33.5592041015625 33.6925621032715 33.8034744262695 33.9099731445312 34.0091972351074 34.1098175048828 34.2267723083496 34.3552436828613 34.5242233276367 34.6855964660645 34.8328475952148 34.9488754272461 35.0308837890625 35.1038665771484 35.1710014343262 35.2390937805176 35.3075256347656 35.379077911377
33.9496955871582 33.8899841308594 33.8311233520508 33.770694732666 33.7089958190918 33.6173057556152 33.5232734680176 33.417350769043 33.2938766479492 33.128044128418 32.9440002441406 32.7349624633789 32.513355255127 32.2814674377441 32.1001663208008 31.9428272247314 31.8995304107666 31.8834800720215 31.8958206176758 31.9137096405029 31.9839477539062 32.0668869018555 32.2029762268066 32.363094329834 32.5739479064941 32.810115814209 33.0772285461426 33.3234786987305 33.5545387268066 33.7141609191895 33.8442001342773 33.9451293945312 34.040340423584 34.1243934631348 34.2094612121582 34.308464050293 34.4183235168457 34.5663757324219 34.7071228027344 34.8343048095703 34.9364929199219 35.0114555358887 35.0800514221191 35.14453125 35.2045059204102 35.2628631591797 35.3214836120605
34.0753440856934 34.0101737976074 33.9471588134766 33.8952140808105 33.8438453674316 33.7775344848633 33.7068672180176 33.6140518188477 33.5054817199707 33.3588714599609 33.2060012817383 33.0445327758789 32.8884696960449 32.7368240356445 32.610710144043 32.4966888427734 32.4756698608398 32.4768676757812 32.4937782287598 32.5127067565918 32.545238494873 32.5823020935059 32.6383247375488 32.7181167602539 32.8481063842773 33.0156135559082 33.2289810180664 33.4527931213379 33.684211730957 33.8474197387695 33.9823837280273 34.0793571472168 34.1688690185547 34.2421073913574 34.3157577514648 34.3992881774902 34.4922294616699 34.6182594299316 34.7374000549316 34.8437423706055 34.9332084655762 35.004280090332 35.070629119873 35.1339225769043 35.1870727539062 35.2365798950195 35.280216217041
34.275089263916 34.2138214111328 34.152156829834 34.1023139953613 34.053524017334 34.000545501709 33.9445762634277 33.8733787536621 33.7896766662598 33.6757926940918 33.5618286132812 33.4477577209473 33.3467903137207 33.2565422058105 33.1839141845703 33.11962890625 33.114559173584 33.1236343383789 33.1208992004395 33.1157150268555 33.0867691040039 33.0607566833496 33.0470352172852 33.0588760375977 33.124683380127 33.2333908081055 33.39453125 33.5881233215332 33.8053512573242 33.9734992980957 34.1213150024414 34.2165679931641 34.3014831542969 34.3617172241211 34.4220542907715 34.4923477172852 34.5704612731934 34.676082611084 34.7774772644043 34.8710250854492 34.9540176391602 35.0255126953125 35.0914878845215 35.1538925170898 35.2028350830078 35.2469482421875 35.2799301147461
