Ecospace-environmental-drivers/Outputs/ASCII-for-ecospace/MOM6-ISIMIP3a/so-surf/2001-06_so-surf_MOM6-ISIMIP3a.asc
NCOLS 131 
NROWS 53 
XLLCORNER -98 
YLLCORNER 23.9265270233154 
CELLSIZE 0.133587792515755 
NODATA_value -9999 
[rows 0 to 20 of 53, columns 47 to 93 of 131]
-9999 -9999 -9999 -9999 -9999 -9999 -9999 -9999 -9999 -9999 -9999 -9999 -9999 -9999 -9999 -9999 -9999 -9999 -9999 -9999 -9999 -9999 -9999 -9999 -9999 -9999 -9999 -9999 -9999 -9999 -9999 -9999 -9999 -9999 -9999 -9999 -9999 -9999 -9999 -9999 -9999 -9999 -9999 -9999 -9999 -9999 -9999
-9999 -9999 -9999 -9999 -9999 -9999 -9999 -9999 -9999 -9999 -9999 -9999 -9999 -9999 -9999 -9999 -9999 -9999 -9999 -9999 -9999 -9999 -9999 -9999 -9999 -9999 -9999 -9999 -9999 -9999 -9999 -9999 -9999 -9999 -9999 -9999 -9999 -9999 -9999 -9999 -9999 -9999 -9999 -9999 -9999 -9999 -9999
-9999 -9999 -9999 -9999 -9999 -9999 -9999 -9999 -9999 -9999 -9999 -9999 -9999 -9999 -9999 -9999 -9999 -9999 -9999 -9999 -9999 -9999 -9999 -9999 -9999 -9999 -9999 29.8503875732422 30.3652667999268 -9999 -9999 -9999 -9999 -9999 -9999 -9999 -9999 -9999 -9999 -9999 -9999 -9999 -9999 -9999 -9999 -9999 -9999
-9999 -9999 -9999 -9999 -9999 -9999 -9999 -9999 -9999 -9999 -9999 -9999 -9999 -9999 -9999 -9999 -9999 -9999 -9999 -9999 -9999 -9999 -9999 -9999 -9999 -9999 -9999 29.8530387878418 30.3603973388672 -9999 -9999 -9999 -9999 -9999 -9999 -9999 -9999 -9999 -9999 -9999 -9999 -9999 -9999 -9999 -9999 -9999 -9999
-9999 -9999 -9999 -9999 -9999 -9999 -9999 -9999 -9999 -9999 -9999 -9999 -9999 -9999 -9999 -9999 -9999 -9999 24.6717224121094 24.8193836212158 24.9375133514404 25.6265869140625 26.2470893859863 27.3433380126953 28.1899070739746 28.8109397888184 29.3520450592041 29.8501987457275 30.3568706512451 30.8741207122803 -9999 -9999 32.5391082763672 33.0769081115723 33.5405387878418 33.944019317627 34.2726860046387 34.5684928894043 34.8248062133789 35.0566329956055 35.2648239135742 35.4369812011719 -9999 -9999 -9999 -9999 -9999
-9999 -9999 -9999 -9999 -9999 -9999 -9999 -9999 -9999 -9999 -9999 -9999 -9999 -9999 22.9865169525146 -9999 22.6970691680908 22.459831237793 23.601879119873 24.6717224121094 24.8489170074463 24.9375133514404 26.3156604766846 27.4880962371826 28.2262592315674 28.8553676605225 29.3511905670166 29.8495769500732 30.3498287200928 30.8712043762207 31.4013290405273 31.9757709503174 32.5589256286621 33.0826225280762 33.5891799926758 33.9498138427734 34.2930603027344 34.5751838684082 34.837230682373 35.0620002746582 35.2706680297852 35.461799621582 35.5784797668457 35.6469917297363 -9999 -9999 -9999
-9999 -9999 -9999 -9999 -9999 -9999 -9999 -9999 -9999 -9999 26.7825908660889 26.768196105957 26.7563076019287 26.7203884124756 24.845308303833 23.0241756439209 22.9488582611084 22.6825199127197 22.459831237793 23.6740856170654 24.6717224121094 24.9375133514404 26.3156604766846 27.4880962371826 28.2262592315674 28.8553676605225 29.3511905670166 29.8495769500732 30.3498287200928 30.8712043762207 31.4013290405273 31.9757709503174 32.5589256286621 33.0826225280762 33.5891799926758 33.9498138427734 34.2930603027344 34.5751838684082 34.837230682373 35.0620002746582 35.2706680297852 35.461799621582 35.5784797668457 35.6469917297363 35.665096282959 35.7205390930176 -9999
-9999 -9999 -9999 -9999 -9999 -9999 -9999 -9999 -9999 -9999 26.8597717285156 26.7825908660889 26.7538013458252 -9999 26.6748332977295 24.8461418151855 23.0994930267334 22.9488582611084 22.6388702392578 22.459831237793 23.8907032012939 25.3195953369141 26.7402076721191 27.9148693084717 28.5703105926514 29.0957107543945 29.4621753692627 29.8544273376465 30.2654609680176 30.7265720367432 31.2084217071533 31.7489051818848 32.300910949707 32.8302993774414 33.3446350097656 33.7201118469238 34.0723838806152 34.3430595397949 34.6100959777832 34.8703689575195 35.1291961669922 35.3864440917969 35.5552673339844 35.6668739318848 35.7272644042969 35.7692527770996 35.8041534423828
-9999 -9999 -9999 -9999 -9999 -9999 -9999 -9999 -9999 -9999 -9999 -9999 -9999 -9999 26.6899871826172 26.6095008850098 24.8828735351562 23.250129699707 22.9488582611084 22.5079193115234 24.1513195037842 25.7597579956055 27.2218761444092 28.395263671875 28.9591178894043 29.3703708648682 29.5951156616211 29.8705101013184 30.1827964782715 30.576452255249 31.0038032531738 31.5052452087402 32.0212516784668 32.5546646118164 33.0754089355469 33.4660949707031 33.8274383544922 34.0856170654297 34.3579711914062 34.6566390991211 34.9699630737305 35.2992515563965 35.5259704589844 35.6863174438477 35.7473335266113 35.7726669311523 35.8148994445801
31.5760307312012 -9999 -9999 -9999 -9999 -9999 -9999 -9999 -9999 -9999 29.2206916809082 26.9388809204102 -9999 -9999 -9999 26.6199398040771 26.541130065918 25.0543079376221 23.551399230957 23.7059783935547 25.2401752471924 26.7312412261963 28.0417957305908 29.0864772796631 29.5698795318604 29.9038753509521 30.0552654266357 30.2502059936523 30.4768657684326 30.786205291748 31.1297855377197 31.5477886199951 31.9804210662842 32.4397850036621 32.8910140991211 33.2530822753906 33.5910415649414 33.8442344665527 34.1142654418945 34.4155578613281 34.7414932250977 35.0942726135254 35.3774795532227 35.6156768798828 35.7327919006348 35.8064155578613 35.8365898132324
31.5063972473145 31.4961185455322 -9999 -9999 -9999 -9999 -9999 -9999 -9999 -9999 30.3995208740234 29.1587619781494 26.9388809204102 -9999 -9999 26.5522689819336 26.5249614715576 26.5461616516113 25.7001609802246 24.9441242218018 26.364574432373 27.7298774719238 28.8643817901611 29.7630653381348 30.163911819458 30.4260654449463 30.5187091827393 30.6453151702881 30.7966594696045 31.0265865325928 31.2890567779541 31.6221828460693 31.9691982269287 32.3490943908691 32.725040435791 33.0505065917969 33.357837677002 33.6014099121094 33.8637809753418 34.1610679626465 34.4942893981934 34.8666763305664 35.2058792114258 35.5236167907715 35.7028579711914 35.8323440551758 35.8574638366699
31.5063972473145 31.4755592346191 31.4012336730957 31.1549530029297 -9999 -9999 -9999 -9999 -9999 -9999 -9999 30.3282108306885 28.8572673797607 26.9388809204102 26.7825908660889 26.5522689819336 26.5249614715576 26.5461616516113 26.4311828613281 26.3972835540771 27.6796245574951 28.8741664886475 29.7012634277344 30.3611907958984 30.6682090759277 30.8875732421875 30.9998092651367 31.1230983734131 31.2544384002686 31.431245803833 31.6268825531006 31.8674240112305 32.1167907714844 32.3881530761719 32.657901763916 32.9039268493652 33.141773223877 33.3508491516113 33.5769424438477 33.8346328735352 34.1466255187988 34.5177764892578 34.9103088378906 35.3166732788086 35.5903396606445 35.8163375854492 35.8739624023438
31.602331161499 31.516902923584 31.4505004882812 31.1619739532471 -9999 -9999 -9999 -9999 30.2430038452148 30.3451728820801 30.4908027648926 30.6961002349854 29.7977275848389 27.9963626861572 27.2759857177734 27.0676498413086 27.0241641998291 27.0200672149658 27.3917427062988 27.8355674743652 28.9537963867188 29.9643955230713 30.5245532989502 30.9757385253906 31.196870803833 31.3728504180908 31.4936466217041 31.6082439422607 31.7183265686035 31.8469429016113 31.9832344055176 32.1432456970215 32.3079223632812 32.4830894470215 32.6582183837891 32.829174041748 32.999683380127 33.1686058044434 33.35302734375 33.566234588623 33.8471755981445 34.2019195556641 34.6259269714355 35.0947570800781 35.4524574279785 35.7702407836914 35.8707885742188
31.9381046295166 31.7070713043213 31.4666576385498 31.1619739532471 30.8523826599121 30.587869644165 30.3533153533936 30.2711715698242 30.2430038452148 30.3451728820801 30.4908027648926 30.6961002349854 30.289909362793 29.3834171295166 29.002893447876 28.8715076446533 28.7714004516602 28.6787643432617 28.926155090332 29.2366561889648 30.125768661499 30.9194679260254 31.3138618469238 31.6313419342041 31.786449432373 31.9175548553467 32.0193252563477 32.1117897033691 32.1974792480469 32.290225982666 32.3858985900879 32.4955253601074 32.6078987121582 32.7177276611328 32.8271903991699 32.9339904785156 33.0425224304199 33.1571502685547 33.2864265441895 33.4429130554199 33.6682662963867 33.9686546325684 34.3695220947266 34.8354034423828 35.251163482666 35.6489181518555 35.8184432983398
32.4098930358887 32.1268768310547 31.8182010650635 31.5283527374268 31.2429294586182 31.0249729156494 30.8334827423096 30.7766094207764 30.7596206665039 30.8389301300049 30.9483222961426 31.0990104675293 30.9905166625977 30.6699695587158 30.5300998687744 30.4758148193359 30.3808135986328 30.2760810852051 30.4158744812012 30.6029834747314 31.2342967987061 31.7946186065674 32.0578422546387 32.2719116210938 32.3822135925293 32.4797706604004 32.5617408752441 32.6277542114258 32.6821441650391 32.735912322998 32.7894248962402 32.8545379638672 32.921932220459 32.9829216003418 33.0426979064941 33.092945098877 33.1457786560059 33.2077026367188 33.284610748291 33.3893394470215 33.5590744018555 33.7996406555176 34.1598205566406 34.5973930358887 35.0305519104004 35.4621238708496 35.6860237121582
33.0739822387695 32.871337890625 32.6439208984375 32.4127235412598 32.1856422424316 32.0800666809082 31.9925136566162 31.9966468811035 32.0066375732422 32.0307731628418 32.0526885986328 32.0715637207031 31.9857997894287 31.8144264221191 31.7749671936035 31.7979946136475 31.7953681945801 31.7866153717041 31.8424053192139 31.9201622009277 32.2531242370605 32.556770324707 32.7377319335938 32.8912239074707 32.9867286682129 33.0667381286621 33.127815246582 33.1612663269043 33.1745948791504 33.1849937438965 33.1941757202148 33.2230682373047 33.2558364868164 33.2913131713867 33.3239974975586 33.328441619873 33.3344459533691 33.3459243774414 33.374382019043 33.4343719482422 33.548454284668 33.7214660644531 34.0161476135254 34.3895530700684 34.7826309204102 35.1827735900879 35.4403915405273
33.5848350524902 33.4645500183105 33.3270454406738 33.1790885925293 33.0338592529297 32.9912261962891 32.9584465026855 32.9758071899414 32.9797401428223 32.9512596130371 32.9102210998535 32.8519439697266 32.7690162658691 32.6659088134766 32.6706314086914 32.7264251708984 32.7761764526367 32.8244857788086 32.8509101867676 32.8842239379883 33.0396614074707 33.1897315979004 33.3173599243164 33.43115234375 33.5157470703125 33.5815505981445 33.6243858337402 33.630313873291 33.6093635559082 33.5833282470703 33.5551872253418 33.5553970336914 33.5611801147461 33.5783805847168 33.5919647216797 33.5661354064941 33.540397644043 33.5149841308594 33.5047187805176 33.5225944519043 33.5888175964355 33.7077178955078 33.9374809265137 34.2389755249023 34.578369140625 34.9313774108887 35.1872711181641
33.9666481018066 33.9303932189941 33.8900947570801 33.846076965332 33.8025054931641 33.781177520752 33.7617645263672 33.7521209716797 33.7221794128418 33.6432304382324 33.5598831176758 33.4704971313477 33.3736419677734 33.2706756591797 33.2722206115723 33.3232688903809 33.391716003418 33.4643173217773 33.5073890686035 33.5509185791016 33.6305809020996 33.7139053344727 33.8125495910645 33.9042282104492 33.9811973571777 34.0355987548828 34.0624237060547 34.0450744628906 33.9955520629883 33.9389266967773 33.8793563842773 33.857234954834 33.8424758911133 33.8474922180176 33.8487091064453 33.8056755065918 33.7609024047852 33.7100067138672 33.6692123413086 33.6471824645996 33.672119140625 33.7482223510742 33.9135551452637 34.1366157531738 34.4108734130859 34.7035217285156 34.9278450012207
34.2799339294434 34.2776832580566 34.2768402099609 34.2771072387695 34.277458190918 34.2771034240723 34.2757949829102 34.2696266174316 34.2433471679688 34.1685028076172 34.0849571228027 33.9894599914551 33.8868026733398 33.7782859802246 33.7622985839844 33.7901344299316 33.8565330505371 33.9321479797363 33.9853477478027 34.0368423461914 34.0859336853027 34.1399307250977 34.2144470214844 34.2852249145508 34.3481216430664 34.3892707824707 34.4038314819336 34.3691101074219 34.2984924316406 34.2208099365234 34.1402015686035 34.1040153503418 34.0765571594238 34.0747489929199 34.0692329406738 34.0181922912598 33.9637222290039 33.8971748352051 33.837760925293 33.7915802001953 33.7873306274414 33.8287658691406 33.9444732666016 34.1082382202148 34.3270301818848 34.5655937194824 34.7651901245117
34.559684753418 34.5669593811035 34.5773124694824 34.592658996582 34.6086807250977 34.6291465759277 34.6482543945312 34.6604804992676 34.6562271118164 34.6121978759766 34.5490570068359 34.4596824645996 34.3552017211914 34.238353729248 34.1978034973145 34.1933937072754 34.2475967407227 34.315803527832 34.3759384155273 34.4343032836914 34.4749450683594 34.5179214477539 34.570686340332 34.621166229248 34.6668357849121 34.6938133239746 34.6979522705078 34.6487503051758 34.5606918334961 34.4666175842285 34.3700561523438 34.323844909668 34.2875366210938 34.2815284729004 34.272029876709 34.2174835205078 34.1578826904297 34.0805015563965 34.0082893371582 33.945671081543 33.9181594848633 33.9289016723633 34.0022315979004 34.1160621643066 34.2841262817383 34.4716720581055 34.6498870849609
34.8175659179688 34.8226776123047 34.8301620483398 34.8480186462402 34.8672256469727 34.8941383361816 34.9199752807617 34.9403266906738 34.9476165771484 34.9233589172363 34.876407623291 34.7982978820801 34.7075157165527 34.6063652038574 34.563835144043 34.5490760803223 34.5845069885254 34.6319313049316 34.6741409301758 34.7151565551758 34.7440376281738 34.775318145752 34.816650390625 34.8570137023926 34.895320892334 34.9122657775879 34.9031028747559 34.8404121398926 34.7387351989746 34.639705657959 34.5417747497559 34.4958457946777 34.4601364135742 34.4474143981934 34.431266784668 34.3733444213867 34.3104820251465 34.2302398681641 34.1558532714844 34.0923233032227 34.058666229248 34.0575637817383 34.1083145141602 34.1926155090332 34.3210525512695 34.4653434753418 34.6167411804199
