Ecospace-environmental-drivers/Outputs/ASCII-for-ecospace/MOM6-ISIMIP3a/so-surf/2002-08_so-surf_MOM6-ISIMIP3a.asc
NCOLS 131 
NROWS 53 
XLLCORNER -98 
YLLCORNER 23.9265270233154 
CELLSIZE 0.133587792515755 
NODATA_value -9999 
[rows 21 to 41 of 53, columns 0 to 47 of 131]
-9999 -9999 -9999 -9999 -9999 -9999 34.6272163391113 34.6027450561523 34.5358009338379 34.4274368286133 34.315860748291 34.15673828125 34.1646347045898 34.1881523132324 34.211109161377 34.2334251403809 34.244068145752 34.246696472168 34.2649803161621 34.2893104553223 34.324520111084 34.3616523742676 34.4090881347656 34.4541397094727 34.477466583252 34.489860534668 34.4668083190918 34.4389343261719 34.4026374816895 34.3750762939453 34.3565101623535 34.3498725891113 34.3504943847656 34.3652420043945 34.3846969604492 34.4183807373047 34.4539680480957 34.4805603027344 34.5035743713379 34.5038032531738 34.4987182617188 34.4788284301758 34.438907623291 34.3680229187012 34.2807693481445 34.1784934997559 34.0750961303711 33.9710922241211
-9999 -9999 -9999 -9999 -9999 -9999 34.631534576416 34.6272163391113 34.5782699584961 34.5102844238281 34.4274368286133 34.363410949707 34.3380126953125 34.3890380859375 34.4430084228516 34.5003700256348 34.5308265686035 34.5428047180176 34.5556716918945 34.5688896179199 34.5898323059082 34.6121406555176 34.6562347412109 34.6984596252441 34.7211570739746 34.7344360351562 34.7171783447266 34.6930122375488 34.6567993164062 34.6259689331055 34.6006774902344 34.5873527526855 34.5813217163086 34.5897598266602 34.6030197143555 34.6301345825195 34.6591453552246 34.6850662231445 34.7091217041016 34.7213020324707 34.730110168457 34.7295188903809 34.7141151428223 34.6758117675781 34.6240997314453 34.5600776672363 34.4937057495117 34.4260673522949
-9999 -9999 -9999 -9999 34.6853485107422 34.653076171875 34.6349067687988 34.6324768066406 34.6272163391113 34.5293235778809 34.4571533203125 34.4834098815918 34.526439666748 34.602668762207 34.6859664916992 34.7774238586426 34.8270797729492 34.848030090332 34.8554458618164 34.8576393127441 34.8644561767578 34.8720893859863 34.9103584289551 34.9472732543945 34.9672927856445 34.9797630310059 34.9677543640137 34.9474220275879 34.9125633239746 34.8789482116699 34.846607208252 34.8247375488281 34.8092460632324 34.8083877563477 34.8124046325684 34.830192565918 34.8499069213867 34.8726539611816 34.8953475952148 34.9176559448242 34.9387283325195 34.9563522338867 34.9648857116699 34.9593696594238 34.9441146850586 34.9199256896973 34.8917503356934 34.8614349365234
-9999 -9999 -9999 -9999 34.7578239440918 34.6955833435059 34.6712493896484 34.6349067687988 34.6353073120117 34.6403999328613 34.6543121337891 34.7019882202148 34.7680320739746 34.8704109191895 34.982105255127 35.104549407959 35.1798133850098 35.2226791381836 35.235668182373 35.2371215820312 35.2273445129395 35.2155876159668 35.2252388000488 35.2343902587891 35.2354965209961 35.2330551147461 35.2190933227539 35.2041244506836 35.1873893737793 35.1611785888672 35.1252174377441 35.0834197998047 35.0380744934082 35.0069274902344 34.9805145263672 34.9741172790527 34.9706039428711 34.9829330444336 34.9966163635254 35.0189056396484 35.040958404541 35.0623435974121 35.080696105957 35.0943641662598 35.1072616577148 35.119457244873 35.1325721740723 35.1461791992188
-9999 -9999 -9999 -9999 -9999 34.7578239440918 34.7183494567871 34.7075881958008 34.6662178039551 34.7598037719727 34.8489570617676 34.9211540222168 35.0132141113281 35.1445693969727 35.2838287353516 35.4322052001953 35.5284652709961 35.5889358520508 35.6062927246094 35.6070022583008 35.5824279785156 35.553394317627 35.5358963012695 35.5184745788574 35.4995803833008 35.4807777404785 35.4622802734375 35.4488143920898 35.4441261291504 35.4193534851074 35.3739128112793 35.3109817504883 35.2373924255371 35.1806488037109 35.1295204162598 35.1053276062012 35.0850410461426 35.0902633666992 35.0977592468262 35.1197090148926 35.1425895690918 35.1680603027344 35.1969909667969 35.2312660217285 35.2720069885254 35.3186798095703 35.3680877685547 35.4189682006836
-9999 -9999 -9999 -9999 -9999 34.7870292663574 34.7578239440918 34.7730827331543 34.797191619873 34.9157257080078 35.0325584411621 35.1428909301758 35.2741622924805 35.4468727111816 35.6100387573242 35.7621955871582 35.8592224121094 35.9183959960938 35.9348373413086 35.9347801208496 35.9032859802246 35.8662414550781 35.8280639648438 35.7892761230469 35.7455787658691 35.7040824890137 35.6697235107422 35.6408500671387 35.6215515136719 35.5720481872559 35.4914665222168 35.4020843505859 35.3073387145996 35.2455558776855 35.1947593688965 35.1807594299316 35.1719970703125 35.1846694946289 35.1983604431152 35.2185440063477 35.2415809631348 35.2725715637207 35.3154029846191 35.3765411376953 35.4437561035156 35.5165557861328 35.5803565979004 35.6393089294434
-9999 -9999 34.853816986084 34.8453254699707 34.8356170654297 34.8162689208984 34.786994934082 34.8549041748047 34.9327583312988 35.0672836303711 35.2045440673828 35.3522644042969 35.5194282531738 35.7250747680664 35.90576171875 36.0576553344727 36.1538734436035 36.2118530273438 36.2253265380859 36.2216148376465 36.1804580688477 36.1326904296875 36.075511932373 36.0175323486328 35.9546203613281 35.8951683044434 35.8469276428223 35.7994575500488 35.7533340454102 35.6754608154297 35.5649185180664 35.4613876342773 35.362133026123 35.3080787658691 35.2690925598145 35.2674102783203 35.2709732055664 35.286994934082 35.3033714294434 35.3220024108887 35.346794128418 35.3887138366699 35.4484100341797 35.5355682373047 35.6219253540039 35.7075462341309 35.7753219604492 35.8334884643555
-9999.000000000000000 -9999 -9999 -9999 34.8840866088867 34.8549652099609 34.8727989196777 34.972354888916 35.0783424377441 35.2093276977539 35.351188659668 35.53466796875 35.7304763793945 35.9506912231445 36.1349678039551 36.2777824401855 36.3697319030762 36.4267539978027 36.4327774047852 36.4191055297852 36.3623161315918 36.2979164123535 36.2253799438477 36.1529655456543 36.0830307006836 36.0159568786621 35.9581565856934 35.8851280212402 35.7855224609375 35.6713371276855 35.5421485900879 35.4513282775879 35.3838768005371 35.3654098510742 35.3632659912109 35.3785400390625 35.396167755127 35.4065971374512 35.4179954528809 35.4355583190918 35.4655723571777 35.5302429199219 35.6132545471191 35.7246170043945 35.8141021728516 35.8835105895996 35.9325370788574 35.9705848693848
-9999 -9999 -9999 -9999 34.9508438110352 34.9810256958008 34.9597091674805 35.083324432373 35.214714050293 35.3478775024414 35.4970207214355 35.7073173522949 35.921573638916 36.1436576843262 36.3219833374023 36.4498252868652 36.5314636230469 36.5813789367676 36.581470489502 36.562328338623 36.4988899230957 36.4276351928711 36.3453369140625 36.2636108398438 36.1886596679688 36.113338470459 36.036808013916 35.9381523132324 35.8008880615234 35.6679992675781 35.5396003723145 35.4681625366211 35.4314155578613 35.4397125244141 35.4630279541016 35.4888114929199 35.5147972106934 35.5213241577148 35.5299224853516 35.551700592041 35.5904541015625 35.6764526367188 35.7754211425781 35.8944320678711 35.9781036376953 36.0293426513672 36.0629920959473 36.0871658325195
-9999 -9999 -9999 -9999 34.9987869262695 35.016544342041 35.0384750366211 35.1861343383789 35.3394889831543 35.4820289611816 35.6418266296387 35.8676986694336 36.0875625610352 36.295539855957 36.4559211730957 36.5613746643066 36.6250991821289 36.6601638793945 36.6562461853027 36.6372756958008 36.5784873962402 36.5126762390137 36.4276580810547 36.3430709838867 36.265625 36.1812591552734 36.074462890625 35.9501037597656 35.7950973510742 35.6656494140625 35.5625 35.5188331604004 35.511402130127 35.5353775024414 35.5698165893555 35.5980033874512 35.6251678466797 35.6299171447754 35.6384544372559 35.6711006164551 35.7230110168457 35.8285522460938 35.934211730957 36.0400581359863 36.1066665649414 36.137264251709 36.1597785949707 36.1779403686523
-9999 -9999 -9999 -9999 35.016544342041 35.0430908203125 35.0742568969727 35.255500793457 35.4434967041016 35.5988082885742 35.7698516845703 36.0010871887207 36.2179718017578 36.4064483642578 36.5450859069824 36.6262092590332 36.6737442016602 36.6982078552246 36.6964149475098 36.6844863891602 36.634521484375 36.5778465270996 36.4955520629883 36.4123153686523 36.3259201049805 36.228645324707 36.0961151123047 35.9565200805664 35.8045921325684 35.6896514892578 35.6127624511719 35.5884437561035 35.5961494445801 35.6264610290527 35.664306640625 35.6949119567871 35.7243461608887 35.7297019958496 35.7396430969238 35.778751373291 35.8364219665527 35.9457511901855 36.0485000610352 36.1410789489746 36.1968727111816 36.2188987731934 36.2350006103516 36.247917175293
-9999 -9999 -9999 -9999 35.0446319580078 35.0742568969727 35.3163642883301 35.2997779846191 35.5319213867188 35.7025604248047 35.8852806091309 36.1142349243164 36.3216934204102 36.4866218566895 36.6006698608398 36.6560096740723 36.6886444091797 36.7056884765625 36.7106246948242 36.7108917236328 36.6728782653809 36.6281089782715 36.5526275634766 36.4738998413086 36.373706817627 36.2606315612793 36.1057662963867 35.9587821960449 35.8255500793457 35.7334098815918 35.6835556030273 35.6722640991211 35.6844635009766 35.7141075134277 35.749568939209 35.7826080322266 35.8151321411133 35.8228797912598 35.8353157043457 35.8775939941406 35.9354705810547 36.0367698669434 36.1294021606445 36.2086486816406 36.2583084106445 36.2808113098145 36.2940483093262 36.3022956848145
-9999 -9999 -9999 -9999 35.0742568969727 35.4194259643555 35.5427932739258 35.6359214782715 35.6367416381836 35.8122901916504 35.9964637756348 36.2136459350586 36.4038543701172 36.5406875610352 36.6307678222656 36.6669006347656 36.6902198791504 36.7047348022461 36.7161750793457 36.7264251708984 36.7008666992188 36.6689910888672 36.6022911071777 36.5300102233887 36.4175605773926 36.2950477600098 36.1398963928223 35.9998054504395 35.8860054016113 35.8100051879883 35.7728996276855 35.7643699645996 35.7732429504395 35.7996826171875 35.8319778442383 35.8650779724121 35.8981132507324 35.9060211181641 35.9178047180176 35.9542503356934 36.0033988952637 36.0879058837891 36.166690826416 36.236629486084 36.2851867675781 36.3141136169434 36.3337364196777 36.3483543395996
-9999 -9999 -9999 -9999 -9999 35.7165679931641 35.7442970275879 35.6926803588867 35.7485809326172 35.9245758056641 36.1058197021484 36.3071670532227 36.4767723083496 36.5835609436035 36.6499366760254 36.6696853637695 36.6860771179199 36.7001647949219 36.7180061340332 36.7373008728027 36.7244148254395 36.7058486938477 36.6487770080566 36.5837745666504 36.4597282409668 36.330509185791 36.1845169067383 36.0574417114258 35.9633865356445 35.9006690979004 35.8701934814453 35.8600234985352 35.8622207641602 35.8843650817871 35.9131546020508 35.9453125 35.9777488708496 35.98486328125 35.9946403503418 36.0214004516602 36.057991027832 36.1219482421875 36.1852798461914 36.2476463317871 36.2972526550293 36.3351516723633 36.3651313781738 36.3908424377441
-9999 -9999 -9999 -9999 -9999 35.8818092346191 35.862621307373 35.9042854309082 35.9080810546875 36.0709457397461 36.2350006103516 36.4036178588867 36.5400848388672 36.6129341125488 36.6568870544434 36.6675033569336 36.6800994873047 36.6940574645996 36.7153854370117 36.7395629882812 36.7400016784668 36.736255645752 36.6919898986816 36.6390037536621 36.5207176208496 36.3984451293945 36.2632446289062 36.147289276123 36.0649185180664 36.0069046020508 35.9739570617676 35.958625793457 35.954029083252 35.9712219238281 35.995677947998 36.0235900878906 36.0518188476562 36.0576210021973 36.0649566650391 36.0820617675781 36.1070442199707 36.1539726257324 36.2039527893066 36.2586479187012 36.3074569702148 36.3508720397949 36.3916320800781 36.430965423584
-9999 -9999 -9999 -9999 -9999 36.0364685058594 36.038516998291 35.990894317627 36.0774383544922 36.224365234375 36.368278503418 36.500675201416 36.6014137268066 36.6395111083984 36.6613082885742 36.6642913818359 36.6737442016602 36.6876335144043 36.7118453979492 36.7400398254395 36.7539443969727 36.7653274536133 36.7345275878906 36.6945343017578 36.5856018066406 36.4731025695801 36.3490333557129 36.2438011169434 36.171443939209 36.1163597106934 36.0790557861328 36.0578384399414 36.0464210510254 36.0585289001465 36.0784797668457 36.1014671325684 36.1247406005859 36.1291236877441 36.1339263916016 36.1413803100586 36.154956817627 36.1855812072754 36.2226409912109 36.269645690918 36.3172798156738 36.3654899597168 36.417121887207 36.4705963134766
-9999 -9999 -9999 -9999 -9999 -9999 36.2082710266113 36.2203712463379 36.231517791748 36.3524894714355 36.4676628112793 36.5606346130371 36.62841796875 36.6463508605957 36.6568603515625 36.658805847168 36.668701171875 36.6840667724609 36.7106475830078 36.7415580749512 36.7616081237793 36.7797431945801 36.7631683349609 36.7383155822754 36.6507987976074 36.5577507019043 36.44677734375 36.3501586914062 36.2785873413086 36.2221908569336 36.1814041137695 36.1559562683105 36.1398544311523 36.1460838317871 36.1597518920898 36.176139831543 36.1928024291992 36.1957321166992 36.1988258361816 36.2029914855957 36.2125053405762 36.2369155883789 36.2675628662109 36.3078498840332 36.3525390625 36.4012756347656 36.4519805908203 36.5037536621094
-9999 -9999 -9999 -9999 -9999 -9999 36.3657341003418 36.4135513305664 36.3799934387207 36.474723815918 36.5610847473145 36.6154365539551 36.6514472961426 36.6511650085449 36.6517333984375 36.6532783508301 36.6642570495605 36.6817207336426 36.7107810974121 36.7443199157715 36.7696266174316 36.7934799194336 36.7904052734375 36.7800827026367 36.7142753601074 36.6409568786621 36.5432891845703 36.4553565979004 36.384407043457 36.3267478942871 36.2827682495117 36.2533721923828 36.2328605651855 36.2331047058105 36.2402687072754 36.250057220459 36.2601432800293 36.26171875 36.2632942199707 36.2648506164551 36.2710151672363 36.2899932861328 36.3147583007812 36.3484535217285 36.3898773193359 36.4383926391602 36.4870414733887 36.535758972168
-9999 -9999 -9999 -9999 -9999 -9999 36.5118064880371 36.4632835388184 36.4760284423828 36.5461654663086 36.6071128845215 36.6329078674316 36.6484756469727 36.6438140869141 36.6435737609863 36.6484375 36.6655464172363 36.6910591125488 36.7240295410156 36.7598762512207 36.7844390869141 36.8070106506348 36.8093070983887 36.8059577941895 36.7592811584473 36.7040214538574 36.6209144592285 36.5434455871582 36.4757995605469 36.4195213317871 36.3749351501465 36.3437767028809 36.32080078125 36.3143653869629 36.3134460449219 36.3174514770508 36.3221130371094 36.3234748840332 36.3250885009766 36.3282890319824 36.3351554870605 36.352222442627 36.373607635498 36.4016609191895 36.4372062683105 36.4796257019043 36.519718170166 36.5585632324219
-9999 -9999 -9999 -9999 -9999 36.7601661682129 36.6426048278809 36.6585884094238 36.5636215209961 36.6088600158691 36.6448364257812 36.645336151123 36.6432113647461 36.6358985900879 36.6364402770996 36.6460456848145 36.6704368591309 36.7049789428711 36.7418479919434 36.779613494873 36.8027038574219 36.8232040405273 36.8288612365723 36.8304290771484 36.8006401062012 36.7616386413574 36.6927680969238 36.6259307861328 36.5626373291016 36.5084495544434 36.463623046875 36.4309043884277 36.4055633544922 36.3929824829102 36.384651184082 36.3835334777832 36.3834228515625 36.3849906921387 36.3870124816895 36.3919486999512 36.3994140625 36.4139289855957 36.4315299987793 36.453914642334 36.4832305908203 36.518913269043 36.5503273010254 36.5794448852539
-9999 -9999 -9999 -9999 36.8130645751953 36.7784156799316 36.7601661682129 36.6883773803711 36.6202583312988 36.6395034790039 36.6521034240723 36.639274597168 36.6295394897461 36.6259231567383 36.6330680847168 36.6526336669922 36.6885528564453 36.7356986999512 36.7764358520508 36.8146934509277 36.8336372375488 36.8491706848145 36.8508186340332 36.8497505187988 36.82861328125 36.7992935180664 36.7434577941895 36.6878890991211 36.6327896118164 36.5832939147949 36.5395622253418 36.5060119628906 36.4786682128906 36.4618949890137 36.4486465454102 36.4448089599609 36.4423141479492 36.4456100463867 36.4494094848633 36.4564170837402 36.4641075134277 36.473705291748 36.4860572814941 36.5026588439941 36.5244750976562 36.5510787963867 36.5733528137207 36.5932922363281
