Ecospace-environmental-drivers/Outputs/ASCII-for-ecospace/MOM6-ISIMIP3a/so-surf/2003-11_so-surf_MOM6-ISIMIP3a.asc
NCOLS 131 
NROWS 53 
XLLCORNER -98 
YLLCORNER 23.9265270233154 
CELLSIZE 0.133587792515755 
NODATA_value -9999 
[rows 21 to 41 of 53, columns 47 to 93 of 131]
35.1013984680176 35.0341911315918 34.9613609313965 34.9288635253906 34.9005012512207 34.8724403381348 34.8432693481445 34.8084716796875 34.7796249389648 34.7651596069336 34.7653388977051 34.7856178283691 34.8175163269043 34.8589134216309 34.9489097595215 35.0619201660156 35.193229675293 35.3289070129395 35.4466552734375 35.5602531433105 35.6313629150391 35.6984977722168 35.7489967346191 35.7755355834961 35.7514877319336 35.7146415710449 35.6621475219727 35.638313293457 35.6353530883789 35.6743278503418 35.7306632995605 35.7836875915527 35.8360557556152 35.8855514526367 35.9375495910645 36.0150375366211 36.0865478515625 36.1370506286621 36.1776466369629 36.1998558044434 36.2096061706543 36.2057876586914 36.193977355957 36.1769943237305 36.1538047790527 36.1283798217773 36.1059951782227
35.2571640014648 35.2009506225586 35.1404037475586 35.1144180297852 35.0916633605957 35.0607299804688 35.0284729003906 34.9894752502441 34.9579582214355 34.9444961547852 34.942325592041 34.9556617736816 34.9816436767578 35.0179786682129 35.1000862121582 35.2038726806641 35.3208503723145 35.4409828186035 35.5419082641602 35.6394233703613 35.7065963745117 35.7701034545898 35.8182678222656 35.8448867797852 35.8260078430176 35.7863655090332 35.7213478088379 35.6820678710938 35.6615295410156 35.6852416992188 35.7272796630859 35.7679214477539 35.8082885742188 35.8612594604492 35.9184150695801 36.0118980407715 36.0981941223145 36.1592216491699 36.2097129821777 36.2406311035156 36.2577209472656 36.2597503662109 36.2516937255859 36.2371139526367 36.2152290344238 36.1907196044922 36.1625709533691
35.398323059082 35.3522644042969 35.3032836914062 35.2834892272949 35.2661247253418 35.2336235046387 35.199764251709 35.1589584350586 35.1268463134766 35.1157264709473 35.1130790710449 35.1220626831055 35.1437454223633 35.1758193969727 35.249683380127 35.3433456420898 35.4453315734863 35.5493049621582 35.6331977844238 35.7144966125488 35.7781829833984 35.8385124206543 35.8847846984863 35.9120903015137 35.8993492126465 35.8576316833496 35.7805061340332 35.7258415222168 35.6875381469727 35.695140838623 35.721752166748 35.749626159668 35.7777481079102 35.8350715637207 35.8982315063477 36.0078773498535 36.1090774536133 36.1805839538574 36.2407264709473 36.2797660827637 36.3039054870605 36.3118057250977 36.307674407959 36.2957534790039 36.2758636474609 36.2531127929688 36.2206153869629
35.5033073425293 35.4659614562988 35.4264945983887 35.4144134521484 35.404857635498 35.3877754211426 35.3683776855469 35.3372039794922 35.3129081726074 35.3052177429199 35.3058052062988 35.3177604675293 35.3384246826172 35.3662109375 35.4276237487793 35.5049629211426 35.5863723754883 35.668758392334 35.7403106689453 35.81005859375 35.8643074035645 35.9157485961914 35.9554328918457 35.9782409667969 35.9654083251953 35.9176864624023 35.827320098877 35.7600784301758 35.7096862792969 35.7017555236816 35.7114067077637 35.7295532226562 35.7493743896484 35.8188514709473 35.8949127197266 36.0173187255859 36.1297264099121 36.2069969177246 36.2707557678223 36.3094215393066 36.3352928161621 36.3472290039062 36.3472938537598 36.3396759033203 36.3229713439941 36.3030052185059 36.2732582092285
35.6061668395996 35.5781097412109 35.5491256713867 35.5451011657715 35.5436058044434 35.5414810180664 35.5361785888672 35.5147018432617 35.4981575012207 35.493522644043 35.497371673584 35.5128631591797 35.5331878662109 35.5574684143066 35.6069564819336 35.6683807373047 35.7309417724609 35.793773651123 35.8526725769043 35.9103393554688 35.9539184570312 35.9954223632812 36.028247833252 36.0454978942871 36.029857635498 35.9747352600098 35.8713531494141 35.7921104431152 35.7304420471191 35.7081832885742 35.7022399902344 35.7138023376465 35.7288093566895 35.8109436035156 35.900074005127 36.0332870483398 36.1549758911133 36.2361450195312 36.3019371032715 36.3391723632812 36.3656730651855 36.3804779052734 36.3841705322266 36.3806648254395 36.3673248291016 36.3504524230957 36.3237609863281
35.6996917724609 35.6834564208984 35.6692276000977 35.6747550964355 35.6824188232422 35.6932487487793 35.7004089355469 35.6888999938965 35.6798286437988 35.676643371582 35.6838645935059 35.7053642272949 35.7283325195312 35.7525062561035 35.7923927307129 35.8397216796875 35.890983581543 35.9431800842285 35.988037109375 36.031307220459 36.0588150024414 36.0857925415039 36.1105690002441 36.1176109313965 36.0872268676758 36.0185928344727 35.9032096862793 35.8144607543945 35.7451095581055 35.7137985229492 35.6982460021973 35.7169952392578 35.7424926757812 35.8394660949707 35.9424133300781 36.0778732299805 36.2003707885742 36.2772789001465 36.3381805419922 36.3693580627441 36.3916320800781 36.4042015075684 36.409008026123 36.4087944030762 36.399600982666 36.3871841430664 36.364875793457
35.7905731201172 35.7857780456543 35.7848091125488 35.7987861633301 35.8145065307617 35.836009979248 35.8537139892578 35.8520927429199 35.8501243591309 35.8473205566406 35.8567504882812 35.8829727172852 35.9065246582031 35.9278945922852 35.958080291748 35.9924507141113 36.0333023071289 36.0757026672363 36.1088943481445 36.1403312683105 36.155460357666 36.1703681945801 36.1843376159668 36.1792678833008 36.1340026855469 36.0532608032227 35.9291610717773 35.832935333252 35.7570190429688 35.7214241027832 35.7025299072266 35.7306022644043 35.7679061889648 35.8784065246582 35.9934959411621 36.1269187927246 36.2464599609375 36.317195892334 36.3721084594727 36.3976364135742 36.4157981872559 36.4259300231934 36.4311141967773 36.4330978393555 36.4272880554199 36.4186820983887 36.4006690979004
35.8756904602051 35.8815040588379 35.8905220031738 35.9105491638184 35.9319152832031 35.9591178894043 35.9831809997559 35.991283416748 35.9956169128418 35.990852355957 35.9999542236328 36.0280952453613 36.0477256774902 36.0603942871094 36.0806770324707 36.104564666748 36.1369590759277 36.1713905334473 36.1980972290039 36.2232894897461 36.2341117858887 36.2422981262207 36.2394523620605 36.2180976867676 36.1576652526855 36.0678787231445 35.9422149658203 35.8429527282715 35.7629203796387 35.7334327697754 35.7248802185059 35.7669258117676 35.8189163208008 35.9400863647461 36.063663482666 36.185676574707 36.2940521240234 36.3544616699219 36.400993347168 36.4217529296875 36.4360542297363 36.4433212280273 36.4472618103027 36.4490509033203 36.4449653625488 36.4387741088867 36.424861907959
35.9571418762207 35.9719467163086 35.9893989562988 36.0150184631348 36.0416221618652 36.0723342895508 36.1006164550781 36.1165466308594 36.1279144287109 36.1282615661621 36.1406288146973 36.1694869995117 36.186954498291 36.1950912475586 36.2076416015625 36.222282409668 36.2441139221191 36.2676658630371 36.2834892272949 36.2978706359863 36.2990417480469 36.296573638916 36.2788887023926 36.2441329956055 36.17333984375 36.0778884887695 35.9523010253906 35.8530693054199 35.7730445861816 35.7531318664551 35.758113861084 35.8137245178223 35.8792877197266 36.0046005249023 36.1303443908691 36.2386779785156 36.3341674804688 36.384521484375 36.4228744506836 36.4389419555664 36.4496383666992 36.4544830322266 36.457202911377 36.4585494995117 36.4557838439941 36.4515419006348 36.44140625
36.0339889526367 36.0557479858398 36.0796775817871 36.1103096008301 36.1416320800781 36.1731033325195 36.2029151916504 36.224292755127 36.2436180114746 36.2579803466797 36.2781181335449 36.3061943054199 36.3236961364746 36.3325538635254 36.3401107788086 36.3470497131348 36.3556671142578 36.364688873291 36.3640785217285 36.3619117736816 36.3467063903809 36.3286399841309 36.2985916137695 36.2540626525879 36.1789665222168 36.082103729248 35.9586448669434 35.8633155822754 35.7884750366211 35.7825012207031 35.805046081543 35.873706817627 35.9514350891113 36.0726776123047 36.1926498413086 36.2844276428223 36.3648834228516 36.4055252075195 36.4359550476074 36.4474220275879 36.4548301696777 36.4578132629395 36.4593467712402 36.4599380493164 36.4579734802246 36.4550933837891 36.4483261108398
36.1122169494629 36.1413612365723 36.1728324890137 36.2075729370117 36.2425384521484 36.2745246887207 36.3051528930664 36.3288764953613 36.3511810302734 36.3700637817383 36.3899993896484 36.4113731384277 36.4246864318848 36.431396484375 36.4349060058594 36.4368934631348 36.437671661377 36.4381561279297 36.4288139343262 36.4177742004395 36.3919563293457 36.3633804321289 36.3232612609863 36.2707481384277 36.1920585632324 36.0934829711914 35.9705963134766 35.8806037902832 35.8145751953125 35.8203353881836 35.8558235168457 35.9341239929199 36.0208396911621 36.1335144042969 36.2437400817871 36.3206024169922 36.3873977661133 36.4187812805176 36.4417457580566 36.4490623474121 36.45361328125 36.4551467895508 36.4557647705078 36.4557914733887 36.4544944763184 36.4527206420898 36.4489135742188
36.191478729248 36.2283325195312 36.2681465148926 36.3063163757324 36.3441162109375 36.3764381408691 36.4073486328125 36.4310913085938 36.4526481628418 36.4689292907715 36.482666015625 36.4929122924805 36.4988555908203 36.5012741088867 36.5014419555664 36.500545501709 36.4975090026855 36.4939613342285 36.4816551208496 36.4675102233887 36.4353942871094 36.4001274108887 36.3516616821289 36.2924995422363 36.2107582092285 36.1102333068848 35.9867477416992 35.9031753540039 35.8486747741699 35.8645172119141 35.9094924926758 35.9948692321777 36.0881881713867 36.1889228820801 36.2864151000977 36.3495903015137 36.403751373291 36.4262313842773 36.4420700073242 36.4455795288086 36.4475936889648 36.4479789733887 36.4478912353516 36.4474945068359 36.4467582702637 36.4458961486816 36.444751739502
36.275276184082 36.3159294128418 36.3590087890625 36.3949966430664 36.4298477172852 36.4534645080566 36.4758491516113 36.4919700622559 36.5059700012207 36.5148468017578 36.521125793457 36.5238418579102 36.5246353149414 36.523853302002 36.5223846435547 36.5205879211426 36.5176467895508 36.5144271850586 36.5058059692383 36.4957313537598 36.4699401855469 36.4394836425781 36.3894882202148 36.3266410827637 36.2366600036621 36.1330299377441 36.0127143859863 35.9365348815918 35.8924980163574 35.9164886474609 35.9686508178711 36.0534744262695 36.1447219848633 36.2331886291504 36.3181037902832 36.3693428039551 36.4127044677734 36.4283790588379 36.4389953613281 36.4402084350586 36.4407005310059 36.4404029846191 36.4397315979004 36.4388198852539 36.4382514953613 36.4378089904785 36.4382667541504
36.361011505127 36.4037895202637 36.4479598999023 36.4793663024902 36.5087890625 36.5198287963867 36.529914855957 36.5351409912109 36.5386619567871 36.5380744934082 36.5363540649414 36.5330772399902 36.5296745300293 36.5261650085449 36.5237846374512 36.5219383239746 36.5207633972168 36.5197486877441 36.5176620483398 36.5147361755371 36.5006790161133 36.4799575805664 36.4313621520996 36.366096496582 36.2656478881836 36.1584167480469 36.0428924560547 35.9745178222656 35.9404945373535 35.9718017578125 36.0301628112793 36.1111640930176 36.1966171264648 36.2726783752441 36.3450813293457 36.3851318359375 36.4184799194336 36.4282531738281 36.4344596862793 36.4340324401855 36.4334335327148 36.4326515197754 36.4314498901367 36.4299774169922 36.4294128417969 36.4291725158691 36.4307861328125
36.4389343261719 36.4739418029785 36.5086975097656 36.5280532836914 36.5452423095703 36.5464782714844 36.547176361084 36.5451583862305 36.5421447753906 36.5367393493652 36.5315628051758 36.5267066955566 36.5222587585449 36.5181503295898 36.5158882141113 36.5144996643066 36.514575958252 36.5149993896484 36.5155944824219 36.5157585144043 36.5094299316406 36.4972953796387 36.460865020752 36.4027862548828 36.2990188598633 36.1924285888672 36.0823974609375 36.020435333252 35.9934921264648 36.0262641906738 36.0837631225586 36.1584625244141 36.2365455627441 36.3006439208984 36.3612899780273 36.3932685852051 36.4195404052734 36.4257698059082 36.4293327331543 36.4279556274414 36.4268341064453 36.4259948730469 36.4247093200684 36.4231414794922 36.4226493835449 36.4225425720215 36.42431640625
36.5152397155762 36.5404319763184 36.5635986328125 36.5693588256836 36.5729064941406 36.5649070739746 36.5568237304688 36.5483131408691 36.5395851135254 36.5303230285645 36.522632598877 36.5171051025391 36.5122718811035 36.507999420166 36.5060691833496 36.5052452087402 36.506462097168 36.508171081543 36.5106506347656 36.5130577087402 36.5136337280273 36.5098457336426 36.4878082275391 36.438907623291 36.3332939147949 36.2282257080078 36.1238327026367 36.0679969787598 36.0475311279297 36.0805511474609 36.1357231140137 36.2036094665527 36.2739944458008 36.3262252807617 36.3752746582031 36.3998184204102 36.4196281433105 36.422794342041 36.4240875244141 36.4219017028809 36.4203758239746 36.419563293457 36.4182891845703 36.4167175292969 36.4163131713867 36.4163284301758 36.4180564880371
36.5600814819336 36.5720520019531 36.5814933776855 36.5777435302734 36.5724143981934 36.5609588623047 36.5497055053711 36.5394859313965 36.5294456481934 36.5198593139648 36.51220703125 36.5072174072266 36.5032348632812 36.5000686645508 36.498607635498 36.4979553222656 36.498950958252 36.5003395080566 36.5033683776855 36.5064964294434 36.509407043457 36.509334564209 36.4967956542969 36.4597969055176 36.3711585998535 36.2748985290527 36.1693344116211 36.1141319274902 36.0956192016602 36.1255226135254 36.1754837036133 36.2355461120605 36.2975997924805 36.3412933349609 36.3822364807129 36.4029541015625 36.4194374084473 36.4210319519043 36.4210510253906 36.418140411377 36.4160308837891 36.4147911071777 36.413272857666 36.4115715026855 36.4111557006836 36.411205291748 36.4130249023438
36.6008529663086 36.5999870300293 36.5961875915527 36.5836410522461 36.5701637268066 36.5557136535645 36.5417251586914 36.5301208496094 36.5191040039062 36.5095138549805 36.502140045166 36.4977989196777 36.4947319030762 36.4927024841309 36.4917373657227 36.4912796020508 36.4919929504395 36.4929847717285 36.4963798522949 36.5000267028809 36.5048637390137 36.5080375671387 36.5042343139648 36.4788284301758 36.407829284668 36.3206825256348 36.2137985229492 36.1592178344727 36.1427345275879 36.1695175170898 36.2142219543457 36.2662696838379 36.3197631835938 36.3552932739258 36.3885192871094 36.4057197570801 36.4191627502441 36.4193840026855 36.4182624816895 36.4146385192871 36.4119415283203 36.4102478027344 36.4084815979004 36.4066619873047 36.4062080383301 36.4062423706055 36.4081077575684
36.6132774353027 36.6052742004395 36.5944557189941 36.5787544250488 36.5625839233398 36.5472755432129 36.5325508117676 36.5207862854004 36.5101928710938 36.5024223327637 36.4966163635254 36.4935111999512 36.4914741516113 36.4903106689453 36.4900321960449 36.4901733398438 36.490650177002 36.4912109375 36.4936332702637 36.4963188171387 36.5010070800781 36.5046157836914 36.5036926269531 36.4853057861328 36.4300498962402 36.3517532348633 36.2452926635742 36.1937942504883 36.1823196411133 36.2075042724609 36.2478675842285 36.2903289794922 36.3331985473633 36.3629302978516 36.3908805847168 36.406177520752 36.4181365966797 36.4183616638184 36.4170341491699 36.4128112792969 36.409553527832 36.4073448181152 36.4054222106934 36.4036865234375 36.4029121398926 36.4024772644043 36.4039001464844
36.6238212585449 36.6094589233398 36.5924911499023 36.573902130127 36.555248260498 36.5392189025879 36.5239181518555 36.5122947692871 36.502311706543 36.4962692260742 36.4919204711914 36.4898872375488 36.4887313842773 36.4882888793945 36.488597869873 36.4892692565918 36.4896240234375 36.4899063110352 36.4914512634277 36.4932632446289 36.4976959228516 36.5015449523926 36.5029449462891 36.4906272888184 36.4493598937988 36.3795509338379 36.2748527526855 36.2265930175781 36.2194366455078 36.2431030273438 36.2795333862305 36.3129043579102 36.3456726074219 36.3696517944336 36.3923568725586 36.4058227539062 36.4163780212402 36.4167098999023 36.4152984619141 36.4106559753418 36.4069938659668 36.4044036865234 36.402416229248 36.4008178710938 36.3998756408691 36.3991661071777 36.4001922607422
36.6274490356445 36.6095924377441 36.5896644592285 36.5691833496094 36.5487976074219 36.5325508117676 36.5172653198242 36.5068855285645 36.4981918334961 36.4935607910156 36.4902381896973 36.4887046813965 36.487865447998 36.4875946044922 36.488151550293 36.4891014099121 36.48974609375 36.4903182983398 36.4913520812988 36.4925956726074 36.4963836669922 36.4997634887695 36.5014343261719 36.4917259216309 36.4579887390137 36.3953285217285 36.2973136901855 36.2528839111328 36.247486114502 36.2699432373047 36.3039398193359 36.3300476074219 36.354606628418 36.3730010986328 36.3905830383301 36.4024848937988 36.4119338989258 36.4127388000488 36.4117202758789 36.4073066711426 36.4038200378418 36.4013366699219 36.3996047973633 36.3983535766602 36.3978004455566 36.3974990844727 36.3982963562012
