Ecospace-environmental-drivers/Outputs/ASCII-for-ecospace/MOM6-ISIMIP3a/so-surf/2006-01_so-surf_MOM6-ISIMIP3a.asc
NCOLS 131 
NROWS 53 
XLLCORNER -98 
YLLCORNER 23.9265270233154 
CELLSIZE 0.133587792515755 
NODATA_value -9999 
[rows 21 to 41 of 53, columns 0 to 46 of 131]
-9999 -9999 -9999 -9999 -9999 -9999 35.7737503051758 35.7674865722656 35.7507286071777 35.7192420959473 35.6627159118652 35.5398902893066 35.5634346008301 35.6335601806641 35.7014274597168 35.7666854858398 35.8316764831543 35.896484375 35.9954032897949 36.1075019836426 36.1980628967285 36.2848281860352 36.282844543457 36.2757186889648 36.2419586181641 36.2084579467773 36.1758041381836 36.1516380310059 36.142276763916 36.1381950378418 36.1395454406738 36.1433792114258 36.1487236022949 36.1588554382324 36.1705780029297 36.1861991882324 36.2022819519043 36.2071800231934 36.2087707519531 36.1893005371094 36.1686630249023 36.144775390625 36.1164627075195 36.0813102722168 36.0576705932617 36.0445976257324 36.0671997070312
-9999 -9999 -9999 -9999 -9999 -9999 35.7755737304688 35.7737503051758 35.7612190246582 35.748706817627 35.7192420959473 35.7290191650391 35.7726020812988 35.8830795288086 35.9775924682617 36.0536842346191 36.1190414428711 36.1770248413086 36.2519035339355 36.3333015441895 36.3939094543457 36.4508476257324 36.4492683410645 36.4442558288574 36.4213371276855 36.3980026245117 36.3733291625977 36.3534698486328 36.3420181274414 36.3341369628906 36.3299255371094 36.3280563354492 36.3276176452637 36.3310470581055 36.3357620239258 36.3446235656738 36.3540191650391 36.3583488464355 36.3606452941895 36.3499984741211 36.3381652832031 36.3230209350586 36.3044090270996 36.2804222106934 36.2617568969727 36.2479667663574 36.2561492919922
-9999 -9999 -9999 -9999 35.7600975036621 35.7735481262207 35.7757186889648 35.7772483825684 35.7737503051758 35.7486877441406 35.7531433105469 35.8705863952637 35.9964790344238 36.139087677002 36.2538719177246 36.3365516662598 36.3989143371582 36.447322845459 36.4961738586426 36.5452003479004 36.5748901367188 36.6011734008789 36.5995483398438 36.5961837768555 36.5834541320801 36.5697250366211 36.5527534484863 36.5369873046875 36.5233268737793 36.5117073059082 36.5021858215332 36.4946136474609 36.488224029541 36.4843101501465 36.4812240600586 36.4820175170898 36.4833564758301 36.4860382080078 36.4880981445312 36.4861907958984 36.4833526611328 36.4779319763184 36.470272064209 36.459156036377 36.4471435546875 36.4343147277832 36.428337097168
-9999 -9999 -9999 -9999 35.7275657653809 35.7635612487793 35.7713775634766 35.7757186889648 35.7822723388672 35.8656768798828 35.9616584777832 36.1057968139648 36.2419471740723 36.3622970581055 36.4534606933594 36.5109519958496 36.5490837097168 36.573917388916 36.5974540710449 36.6204833984375 36.6327056884766 36.6430244445801 36.6373634338379 36.630542755127 36.6169815063477 36.6024971008301 36.5850067138672 36.5685691833496 36.5539665222168 36.5417366027832 36.5319480895996 36.524299621582 36.517951965332 36.512825012207 36.5081024169922 36.5047454833984 36.5015907287598 36.5004425048828 36.4991722106934 36.4971122741699 36.4945526123047 36.4906158447266 36.4853477478027 36.4780311584473 36.4701232910156 36.4616737365723 36.4563064575195
-9999 -9999 -9999 -9999 -9999 35.7275657653809 35.7795753479004 35.7670402526855 35.8191909790039 35.9956436157227 36.1686325073242 36.328369140625 36.4665412902832 36.5620422363281 36.6291007995605 36.663330078125 36.6799240112305 36.6844062805176 36.6859817504883 36.6864318847656 36.6829452514648 36.678768157959 36.6687850952148 36.6580276489258 36.6418952941895 36.6252212524414 36.6068000793457 36.5896797180176 36.5748252868652 36.5626068115234 36.5531044006348 36.5456504821777 36.5394439697266 36.5334663391113 36.5275688171387 36.5215034484863 36.5154342651367 36.5118293762207 36.5084686279297 36.5066413879395 36.5046234130859 36.5020751953125 36.4988632202148 36.49462890625 36.4900360107422 36.4851188659668 36.4802360534668
-9999 -9999 -9999 -9999 -9999 35.758731842041 35.7275657653809 35.847972869873 35.9806251525879 36.1825218200684 36.368839263916 36.4955444335938 36.5996170043945 36.6589088439941 36.6997032165527 36.7191543579102 36.7260284423828 36.7242622375488 36.7186126708984 36.7114601135254 36.6999702453613 36.6877136230469 36.6721572875977 36.6553802490234 36.629020690918 36.6038856506348 36.5827293395996 36.5648765563965 36.552791595459 36.5433235168457 36.5365409851074 36.5304565429688 36.5247993469238 36.5195922851562 36.514533996582 36.512092590332 36.5100326538086 36.5099906921387 36.5099678039551 36.5100746154785 36.5097465515137 36.508186340332 36.5055465698242 36.5012359619141 36.4965133666992 36.4914131164551 36.4864463806152
-9999 -9999 35.8309059143066 35.8215255737305 35.8105773925781 35.7899322509766 35.7586936950684 35.9492454528809 36.1516532897949 36.3561935424805 36.5374946594238 36.6298484802246 36.7015228271484 36.732292175293 36.7530326843262 36.7622146606445 36.762825012207 36.7575492858887 36.7467308044434 36.7337760925293 36.7150230407715 36.6952438354492 36.6744384765625 36.6521606445312 36.6177787780762 36.586238861084 36.5638961791992 36.5460815429688 36.5361633300781 36.5287628173828 36.5239601135254 36.519702911377 36.5157852172852 36.5130805969238 36.5107803344727 36.5127029418945 36.5152130126953 36.5182495117188 36.5211296081543 36.5230255126953 36.524242401123 36.5235710144043 36.5215797424316 36.5175437927246 36.5130462646484 36.5081253051758 36.5037307739258
-9999.000000000000000 -9999 -9999 -9999 35.864070892334 35.8312225341797 35.8502502441406 36.0948905944824 36.3436164855957 36.5010528564453 36.6372947692871 36.6924209594727 36.735424041748 36.7544364929199 36.768684387207 36.7774276733398 36.7793159484863 36.776496887207 36.7650108337402 36.7501754760742 36.725772857666 36.6996841430664 36.6743316650391 36.6476821899414 36.610107421875 36.5766410827637 36.5564994812012 36.5403938293457 36.531322479248 36.5245208740234 36.5200614929199 36.5186309814453 36.5190467834473 36.522632598877 36.527271270752 36.5351638793945 36.5434837341309 36.5485496520996 36.5533828735352 36.5567321777344 36.5591926574707 36.5591888427734 36.5580062866211 36.5550079345703 36.551513671875 36.5475654602051 36.5451583862305
-9999 -9999 -9999 -9999 35.9381637573242 35.9710578918457 35.9463691711426 36.2095603942871 36.475528717041 36.5963363647461 36.6989593505859 36.7319869995117 36.7579307556152 36.7698631286621 36.7799835205078 36.7880210876465 36.7906494140625 36.7895622253418 36.7793006896973 36.765495300293 36.737663269043 36.7073554992676 36.6777458190918 36.6473999023438 36.610782623291 36.5790252685547 36.5630302429199 36.5502815246582 36.5432052612305 36.5378532409668 36.5342788696289 36.5343208312988 36.5365676879883 36.5427627563477 36.5502777099609 36.5595893859863 36.5691184997559 36.573917388916 36.5785331726074 36.5819664001465 36.5847625732422 36.5857925415039 36.5860786437988 36.5852203369141 36.5839042663574 36.5821685791016 36.5819969177246
-9999 -9999 -9999 -9999 35.9916343688965 36.0122108459473 36.0376167297363 36.2852668762207 36.5318870544434 36.6292457580566 36.7126388549805 36.742603302002 36.7661056518555 36.7768287658691 36.785816192627 36.7928009033203 36.7954864501953 36.7952156066895 36.7885704040527 36.7794647216797 36.7509841918945 36.7190818786621 36.6855888366699 36.6523933410645 36.6219596862793 36.5964851379395 36.5870780944824 36.5797729492188 36.5761375427246 36.573299407959 36.5712890625 36.571102142334 36.5720252990723 36.5762062072754 36.5814781188965 36.5864868164062 36.591438293457 36.5930824279785 36.5947494506836 36.5965461730957 36.5985336303711 36.6010551452637 36.6036376953125 36.6063117980957 36.6086502075195 36.6106834411621 36.6130561828613
-9999 -9999 -9999 -9999 36.0122108459473 36.0429649353027 36.0790672302246 36.3071174621582 36.5359535217285 36.6332397460938 36.7168846130371 36.7483024597168 36.7724723815918 36.782299041748 36.7901992797852 36.7958755493164 36.7981567382812 36.7981071472168 36.7939643859863 36.7882461547852 36.7638702392578 36.7362060546875 36.6995697021484 36.6639823913574 36.6387481689453 36.6188278198242 36.6161346435547 36.6143341064453 36.6140899658203 36.6132926940918 36.6119232177734 36.6106376647949 36.6094055175781 36.6098556518555 36.6108665466309 36.6115608215332 36.6121940612793 36.6111030578613 36.6101226806641 36.6098556518555 36.6101951599121 36.6122131347656 36.6151275634766 36.6194305419922 36.6239776611328 36.6287498474121 36.6331176757812
-9999 -9999 -9999 -9999 36.0447463989258 36.0790672302246 36.2717399597168 36.28857421875 36.5007972717285 36.615550994873 36.7140426635742 36.7503089904785 36.7774772644043 36.7866477966309 36.7934989929199 36.797664642334 36.7991981506348 36.7989196777344 36.7964515686035 36.7931365966797 36.7764358520508 36.7573699951172 36.7181510925293 36.6805114746094 36.6597442626953 36.6448402404785 36.6489524841309 36.6526985168457 36.6558113098145 36.6566925048828 36.6552772521973 36.6522445678711 36.6482238769531 36.6436538696289 36.6389045715332 36.6352653503418 36.6317825317383 36.6282615661621 36.6248626708984 36.6222190856934 36.6202735900879 36.6202850341797 36.6220626831055 36.6265678405762 36.6322364807129 36.638973236084 36.6449317932129
-9999 -9999 -9999 -9999 36.0790672302246 36.2686042785645 36.3567581176758 36.4121971130371 36.4334526062012 36.5797691345215 36.7049560546875 36.7492790222168 36.7814979553223 36.7897644042969 36.795597076416 36.7986183166504 36.7994918823242 36.798885345459 36.7972869873047 36.7953071594238 36.7846336364746 36.7724304199219 36.7386169433594 36.7060279846191 36.6875762939453 36.6747703552246 36.6802635192871 36.6852684020996 36.6894187927246 36.6908340454102 36.6894340515137 36.6855392456055 36.6801338195801 36.6733589172363 36.6661262512207 36.6598625183105 36.653736114502 36.6476669311523 36.6418190002441 36.6373977661133 36.6333770751953 36.6304779052734 36.6294174194336 36.6311912536621 36.6353950500488 36.6418380737305 36.6483955383301
-9999 -9999 -9999 -9999 -9999 36.3528175354004 36.3668479919434 36.3695068359375 36.3523139953613 36.5362358093262 36.6931953430176 36.7469520568848 36.7850952148438 36.792350769043 36.797176361084 36.7992095947266 36.7994613647461 36.7984924316406 36.797420501709 36.7963066101074 36.7909622192383 36.7848739624023 36.7598915100098 36.7353897094727 36.7183380126953 36.7063789367676 36.7109298706055 36.7153549194336 36.719554901123 36.7210121154785 36.7196426391602 36.715274810791 36.7090759277344 36.701301574707 36.693000793457 36.6848449707031 36.6767044067383 36.6680297851562 36.6597290039062 36.6537857055664 36.647777557373 36.6415824890137 36.6369514465332 36.6347351074219 36.6363716125488 36.641544342041 36.6482849121094
-9999 -9999 -9999 -9999 -9999 36.3520050048828 36.334846496582 36.3188438415527 36.3345565795898 36.5310211181641 36.6977157592773 36.7504539489746 36.7875061035156 36.793529510498 36.7975463867188 36.799243927002 36.799243927002 36.7980842590332 36.7972412109375 36.7965202331543 36.7934303283691 36.7899208068848 36.7743148803711 36.7588272094727 36.7465629577637 36.7376327514648 36.739501953125 36.7410507202148 36.7420349121094 36.7416229248047 36.7397689819336 36.7354507446289 36.729621887207 36.7224159240723 36.7147445678711 36.7061500549316 36.6974143981934 36.6876258850098 36.678108215332 36.6703300476074 36.6626892089844 36.6554374694824 36.6489791870117 36.6437492370605 36.6416282653809 36.6423530578613 36.6464042663574
-9999 -9999 -9999 -9999 -9999 36.3778915405273 36.3543167114258 36.3161926269531 36.3299140930176 36.5337409973145 36.7056083679199 36.7551574707031 36.7896690368652 36.7944221496582 36.797664642334 36.7991600036621 36.7989921569824 36.7976760864258 36.7970008850098 36.7965698242188 36.795093536377 36.7934341430664 36.7873153686523 36.7810401916504 36.7742652893066 36.7688102722168 36.7676429748535 36.7658386230469 36.7629356384277 36.76025390625 36.7578086853027 36.7536430358887 36.7484321594238 36.742115020752 36.7354278564453 36.726692199707 36.7176628112793 36.7070579528809 36.6965827941895 36.6869049072266 36.6777114868164 36.6698608398438 36.661937713623 36.6539001464844 36.6477699279785 36.6433906555176 36.6441612243652
-9999 -9999 -9999 -9999 -9999 -9999 36.444507598877 36.4279136657715 36.4416084289551 36.5997123718262 36.7321624755859 36.7664375305176 36.790470123291 36.7942390441895 36.7970237731934 36.7986717224121 36.7987594604492 36.7977714538574 36.7971496582031 36.7966690063477 36.7957077026367 36.7946586608887 36.7916374206543 36.7885208129883 36.7849731445312 36.7819786071777 36.78076171875 36.778923034668 36.7760047912598 36.7731628417969 36.7704048156738 36.7663345336914 36.7614669799805 36.7554168701172 36.7489738464355 36.7415809631348 36.7340354919434 36.7239112854004 36.7137680053711 36.7035140991211 36.6936645507812 36.6849403381348 36.6764450073242 36.6682968139648 36.6609535217285 36.6543388366699 36.6514511108398
-9999 -9999 -9999 -9999 -9999 -9999 36.5523223876953 36.5894165039062 36.5566749572754 36.6669960021973 36.7584266662598 36.7775535583496 36.791202545166 36.7940139770508 36.7963523864746 36.798152923584 36.7985305786133 36.7979316711426 36.7973480224609 36.7967681884766 36.796215057373 36.7956657409668 36.7952461242676 36.7948036193848 36.7941627502441 36.7934150695801 36.7923164367676 36.790641784668 36.7879600524902 36.7851448059082 36.7821922302246 36.7783012390137 36.7738418579102 36.768123626709 36.7619857788086 36.7559394836426 36.7498817443848 36.740348815918 36.7306671142578 36.7200355529785 36.7096786499023 36.7000885009766 36.6910438537598 36.6828308105469 36.6744804382324 36.6659927368164 36.6596488952637
-9999 -9999 -9999 -9999 -9999 -9999 36.6533317565918 36.6396408081055 36.6521301269531 36.7180824279785 36.7726707458496 36.7837791442871 36.7918319702148 36.7938537597656 36.7957382202148 36.7974624633789 36.7983131408691 36.7985610961914 36.7978744506836 36.7968292236328 36.7961273193359 36.7954902648926 36.7954139709473 36.7953453063965 36.7952423095703 36.7950134277344 36.7943725585938 36.793384552002 36.7917900085449 36.7900047302246 36.788028717041 36.7852096557617 36.7818794250488 36.7774772644043 36.7727165222168 36.7673797607422 36.7619438171387 36.7536430358887 36.745174407959 36.7356147766113 36.7258720397949 36.7156219482422 36.7058448791504 36.6967926025391 36.6883277893066 36.6804046630859 36.6729965209961
-9999 -9999 -9999 -9999 -9999 36.7311058044434 36.7117614746094 36.7309379577637 36.7329750061035 36.7609481811523 36.7840919494629 36.7887496948242 36.792308807373 36.7936973571777 36.7951850891113 36.7967872619629 36.797981262207 36.7988929748535 36.798210144043 36.7969131469727 36.7960395812988 36.795238494873 36.7954444885254 36.7956962585449 36.7961235046387 36.7964210510254 36.7962913513184 36.7959861755371 36.7953796386719 36.7945137023926 36.7933731079102 36.79150390625 36.7891960144043 36.7860488891602 36.7826194763184 36.7779960632324 36.773193359375 36.7659492492676 36.7585296630859 36.7500038146973 36.7409629821777 36.7304992675781 36.7203369140625 36.7106285095215 36.7020683288574 36.6945571899414 36.6862297058105
-9999 -9999 -9999 -9999 36.7298545837402 36.7325286865234 36.7311058044434 36.7453536987305 36.7602310180664 36.7736740112305 36.78515625 36.7891235351562 36.7922096252441 36.7935485839844 36.7948608398438 36.7961502075195 36.7972145080566 36.7981300354004 36.7978477478027 36.7971038818359 36.7959442138672 36.7947158813477 36.7949752807617 36.795337677002 36.7962799072266 36.7971305847168 36.7976989746094 36.7980728149414 36.7981147766113 36.797737121582 36.7969245910645 36.7955513000488 36.7938385009766 36.7917404174805 36.7895126342773 36.7856101989746 36.7814559936523 36.7746162414551 36.7676696777344 36.7600250244141 36.752010345459 36.7429695129395 36.7336883544922 36.7240257263184 36.7154083251953 36.7077445983887 36.6990432739258
