Ecospace-environmental-drivers/Outputs/ASCII-for-ecospace/MOM6-ISIMIP3a/so-surf/2006-07_so-surf_MOM6-ISIMIP3a.asc
NCOLS 131 
NROWS 53 
XLLCORNER -98 
YLLCORNER 23.9265270233154 
CELLSIZE 0.133587792515755 
NODATA_value -9999 
[rows 0 to 20 of 53, columns 47 to 93 of 131]
-9999 -9999 -9999 -9999 -9999 -9999 -9999 -9999 -9999 -9999 -9999 -9999 -9999 -9999 -9999 -9999 -9999 -9999 -9999 -9999 -9999 -9999 -9999 -9999 -9999 -9999 -9999 -9999 -9999 -9999 -9999 -9999 -9999 -9999 -9999 -9999 -9999 -9999 -9999 -9999 -9999 -9999 -9999 -9999 -9999 -9999 -9999
-9999 -9999 -9999 -9999 -9999 -9999 -9999 -9999 -9999 -9999 -9999 -9999 -9999 -9999 -9999 -9999 -9999 -9999 -9999 -9999 -9999 -9999 -9999 -9999 -9999 -9999 -9999 -9999 -9999 -9999 -9999 -9999 -9999 -9999 -9999 -9999 -9999 -9999 -9999 -9999 -9999 -9999 -9999 -9999 -9999 -9999 -9999
-9999 -9999 -9999 -9999 -9999 -9999 -9999 -9999 -9999 -9999 -9999 -9999 -9999 -9999 -9999 -9999 -9999 -9999 -9999 -9999 -9999 -9999 -9999 -9999 -9999 -9999 -9999 32.8101425170898 33.1848068237305 -9999 -9999 -9999 -9999 -9999 -9999 -9999 -9999 -9999 -9999 -9999 -9999 -9999 -9999 -9999 -9999 -9999 -9999
-9999 -9999 -9999 -9999 -9999 -9999 -9999 -9999 -9999 -9999 -9999 -9999 -9999 -9999 -9999 -9999 -9999 -9999 -9999 -9999 -9999 -9999 -9999 -9999 -9999 -9999 -9999 32.8405075073242 33.2028999328613 -9999 -9999 -9999 -9999 -9999 -9999 -9999 -9999 -9999 -9999 -9999 -9999 -9999 -9999 -9999 -9999 -9999 -9999
-9999 -9999 -9999 -9999 -9999 -9999 -9999 -9999 -9999 -9999 -9999 -9999 -9999 -9999 -9999 -9999 -9999 -9999 26.8523502349854 27.0316257476807 27.1750469207764 28.0116500854492 28.7658386230469 30.1002235412598 31.1253299713135 31.8589496612549 32.4328765869141 32.8692474365234 33.2194023132324 33.5200424194336 -9999 -9999 34.2952575683594 34.532341003418 34.7649230957031 34.9912528991699 35.1888580322266 35.348518371582 35.4601173400879 35.5392379760742 35.5871276855469 35.6109771728516 -9999 -9999 -9999 -9999 -9999
-9999 -9999 -9999 -9999 -9999 -9999 -9999 -9999 -9999 -9999 -9999 -9999 -9999 -9999 22.4243850708008 -9999 22.2200469970703 22.0587310791016 24.4661769866943 26.8523502349854 27.0674819946289 27.1750469207764 28.8482551574707 30.2742137908936 31.1782035827637 31.9235725402832 32.4750747680664 32.8999824523926 33.2326850891113 33.5255432128906 33.8019027709961 34.0533638000488 34.2999305725098 34.5324821472168 34.7646102905273 34.9976806640625 35.2114639282227 35.3574256896973 35.4766616821289 35.5462684631348 35.5947875976562 35.6203308105469 35.6178169250488 35.5971565246582 -9999 -9999 -9999
-9999 -9999 -9999 -9999 -9999 -9999 -9999 -9999 -9999 -9999 24.0684986114502 24.0567855834961 24.0509376525879 24.0417537689209 23.2420139312744 22.4563961029053 22.3923740386963 22.2090339660645 22.0587310791016 24.4874477386475 26.8523502349854 27.1750469207764 28.8482551574707 30.2742137908936 31.1782035827637 31.9235725402832 32.4750747680664 32.8999824523926 33.2326850891113 33.5255432128906 33.8019027709961 34.0533638000488 34.2999305725098 34.5324821472168 34.7646102905273 34.9976806640625 35.2114639282227 35.3574256896973 35.4766616821289 35.5462684631348 35.5947875976562 35.6203308105469 35.6178169250488 35.5971565246582 35.5916938781738 35.6099815368652 -9999
-9999 -9999 -9999 -9999 -9999 -9999 -9999 -9999 -9999 -9999 24.1312942504883 24.0684986114502 24.0450744628906 -9999 24.040943145752 23.2811107635498 22.5204200744629 22.3923740386963 22.1759986877441 22.0587310791016 24.5512638092041 26.9084949493408 28.69948387146 30.2430152893066 31.2641410827637 32.086971282959 32.6674423217773 33.1156044006348 33.467399597168 33.7738380432129 34.0614967346191 34.300724029541 34.5304336547852 34.7217102050781 34.9105224609375 35.0891380310059 35.2522392272949 35.3607978820801 35.4535903930664 35.51708984375 35.5695991516113 35.6101264953613 35.6210289001465 35.6127586364746 35.615665435791 35.6225891113281 35.5853996276855
-9999 -9999 -9999 -9999 -9999 -9999 -9999 -9999 -9999 -9999 -9999 -9999 -9999 -9999 24.0275802612305 24.0735988616943 23.3915824890137 22.6484642028809 22.3923740386963 22.0768928527832 24.3967533111572 26.6376934051514 28.5483551025391 30.2131233215332 31.3587913513184 32.2640647888184 32.8755226135254 33.3486824035645 33.7211074829102 34.0418930053711 34.3412857055664 34.5668106079102 34.7778129577637 34.9241714477539 35.0658493041992 35.1852416992188 35.2932243347168 35.3610725402832 35.4250946044922 35.4819984436035 35.5392951965332 35.5970230102539 35.6232795715332 35.6291770935059 35.6276588439941 35.6234741210938 35.5753059387207
32.2702865600586 -9999 -9999 -9999 -9999 -9999 -9999 -9999 -9999 -9999 26.9632034301758 24.1956615447998 -9999 -9999 -9999 24.0394401550293 24.2065563201904 23.6710739135742 22.9045543670654 23.0881233215332 25.2037544250488 27.2295227050781 28.8792037963867 30.3455848693848 31.4250087738037 32.2893981933594 32.8909683227539 33.3605003356934 33.7338523864746 34.043628692627 34.3270797729492 34.5350570678711 34.728199005127 34.8614807128906 34.9900360107422 35.0940322875977 35.1873664855957 35.2431983947754 35.2993431091309 35.3560676574707 35.4303665161133 35.5238151550293 35.5809173583984 35.6145057678223 35.6146621704102 35.6028137207031 35.5636253356934
32.2129936218262 32.2045364379883 -9999 -9999 -9999 -9999 -9999 -9999 -9999 -9999 28.2434387207031 26.5317192077637 24.1956615447998 -9999 -9999 23.8810997009277 24.1687240600586 24.5698471069336 24.3198738098145 24.1668567657471 26.0760631561279 27.8837852478027 29.2667903900146 30.5249404907227 31.5195064544678 32.3276824951172 32.9080505371094 33.3663215637207 33.7356567382812 34.0313911437988 34.2966461181641 34.4870223999023 34.6626777648926 34.7838668823242 34.9003868103027 34.9910049438477 35.0720252990723 35.1193008422852 35.1697769165039 35.2262077331543 35.3163871765137 35.4433441162109 35.5332183837891 35.5991020202637 35.604419708252 35.5879821777344 35.5531539916992
32.2129936218262 32.1876220703125 32.1558380126953 32.0076637268066 -9999 -9999 -9999 -9999 -9999 -9999 -9999 27.6274757385254 26.0373096466064 24.1956615447998 24.0684986114502 23.8810997009277 24.1687240600586 24.5698471069336 25.0472927093506 25.6076602935791 27.2986469268799 28.8729190826416 29.9587249755859 30.95583152771 31.7656860351562 32.4354209899902 32.9339065551758 33.3399963378906 33.6787872314453 33.9441909790039 34.1792068481445 34.351676940918 34.5118522644043 34.6261863708496 34.7365379333496 34.8245887756348 34.905818939209 34.9630851745605 35.0197410583496 35.075252532959 35.1753120422363 35.323902130127 35.456901550293 35.5798034667969 35.608943939209 35.6044006347656 35.5491485595703
32.2594909667969 32.21923828125 32.2007522583008 32.0157470703125 -9999 -9999 -9999 -9999 29.5773830413818 28.7643566131592 28.167501449585 27.8674201965332 26.8475074768066 25.2386474609375 24.6568412780762 24.5615291595459 24.8450546264648 25.2190952301025 26.1214294433594 27.0919589996338 28.526819229126 29.847354888916 30.6894397735596 31.4676628112793 32.1110725402832 32.6506462097168 33.063304901123 33.4098663330078 33.7082862854004 33.9385070800781 34.1404838562012 34.2939872741699 34.4379615783691 34.5452461242676 34.6486549377441 34.7274513244629 34.8007888793945 34.8549194335938 34.9068069458008 34.954532623291 35.052074432373 35.2038955688477 35.3691749572754 35.5431594848633 35.6071891784668 35.631721496582 35.5779190063477
32.422233581543 32.3132705688477 32.208740234375 32.0157470703125 31.8064918518066 31.4026374816895 30.9554290771484 30.2876796722412 29.5773830413818 28.7643566131592 28.167501449585 27.8674201965332 27.3884296417236 26.7630577087402 26.7160778045654 26.9430656433105 27.2122440338135 27.4915008544922 28.0623836517334 28.6849975585938 29.7689552307129 30.7850456237793 31.5171031951904 32.1818466186523 32.7044830322266 33.1345748901367 33.4515571594238 33.7202301025391 33.9537124633789 34.1366157531738 34.2985687255859 34.4304389953613 34.556396484375 34.6561584472656 34.7506828308105 34.8035354614258 34.848705291748 34.866870880127 34.8866424560547 34.9093971252441 34.9734382629395 35.0824737548828 35.2529411315918 35.4631538391113 35.5897483825684 35.6863059997559 35.6886253356934
32.5588493347168 32.4042091369629 32.2437057495117 32.0333290100098 31.8109340667725 31.4018268585205 30.9586925506592 30.3424777984619 29.7086067199707 29.0321025848389 28.5831890106201 28.4467277526855 28.430835723877 28.5135879516602 28.8310947418213 29.2597999572754 29.5015716552734 29.6986808776855 30.0174503326416 30.3708553314209 31.1067066192627 31.8131923675537 32.3967819213867 32.9203872680664 33.3173637390137 33.6389122009277 33.8682708740234 34.0623931884766 34.2308502197266 34.3665237426758 34.4886169433594 34.5963478088379 34.7012557983398 34.7906074523926 34.8744239807129 34.909782409668 34.9341468811035 34.9198532104492 34.9079666137695 34.9005470275879 34.9292526245117 34.9973182678223 35.1516418457031 35.3617744445801 35.5260963439941 35.6739616394043 35.7259178161621
32.6585235595703 32.4907760620117 32.3168029785156 32.0757675170898 31.8216514587402 31.399866104126 30.96657371521 30.4747524261475 30.025354385376 29.6783905029297 29.5865821838379 29.8450698852539 30.1822471618652 30.5838108062744 31.0249805450439 31.4849109649658 31.6808204650879 31.8136444091797 31.9924736022949 32.1879463195801 32.5796394348145 32.9692268371582 33.3500022888184 33.6933708190918 33.9577713012695 34.1721038818359 34.3252334594727 34.4495277404785 34.5528182983398 34.6413841247559 34.7238502502441 34.803897857666 34.8834648132324 34.9583282470703 35.0288543701172 35.0586738586426 35.0726356506348 35.0308456420898 34.9879531860352 34.9430046081543 34.9337692260742 34.9634399414062 35.0714645385742 35.2301788330078 35.3971099853516 35.5669898986816 35.6594085693359
32.8480911254883 32.6792488098145 32.5043449401855 32.2692565917969 32.0243453979492 31.6806316375732 31.3375587463379 30.9977569580078 30.7131843566895 30.5619640350342 30.6641407012939 31.1141967773438 31.6049823760986 32.129093170166 32.5806045532227 32.9977264404297 33.1705360412598 33.2849769592285 33.3950347900391 33.5098915100098 33.698917388916 33.8959617614746 34.1265525817871 34.3368644714355 34.5043640136719 34.6403427124023 34.7378044128418 34.809009552002 34.8610916137695 34.9091033935547 34.9554328918457 35.0071258544922 35.0598678588867 35.113883972168 35.1650428771973 35.1878433227539 35.1934204101562 35.1384544372559 35.0763664245605 35.001049041748 34.9603691101074 34.9574203491211 35.0241165161133 35.135871887207 35.2846832275391 35.4468040466309 35.5588645935059
33.1133575439453 32.953540802002 32.7882614135742 32.5899505615234 32.3887100219727 32.1994857788086 32.0143241882324 31.8498039245605 31.713508605957 31.6453609466553 31.8041553497314 32.2745094299316 32.7509346008301 33.2323188781738 33.5987358093262 33.910701751709 34.07958984375 34.2142906188965 34.3155174255371 34.414867401123 34.520378112793 34.6295928955078 34.7543334960938 34.8713226318359 34.9719505310059 35.0538902282715 35.1129913330078 35.145206451416 35.1578369140625 35.1708145141602 35.1839408874512 35.206714630127 35.2313842773438 35.2591934204102 35.2858734130859 35.3004035949707 35.2992973327637 35.2432136535645 35.1718788146973 35.0722236633301 35.0055656433105 34.9748611450195 35.0044174194336 35.0729637145996 35.1862030029297 35.3154945373535 35.4296684265137
33.6238479614258 33.5077476501465 33.3850059509277 33.2364921569824 33.0871162414551 32.9855690002441 32.8889083862305 32.8170928955078 32.7568016052246 32.7243499755859 32.8615036010742 33.2315063476562 33.5995254516602 33.9659271240234 34.2401657104492 34.4707450866699 34.6208610534668 34.7517471313477 34.8434944152832 34.9317512512207 35.0083312988281 35.0870971679688 35.1750221252441 35.2578315734863 35.3298377990723 35.3847198486328 35.4186630249023 35.4264144897461 35.4150924682617 35.4032287597656 35.3911399841309 35.3882026672363 35.3870658874512 35.3856315612793 35.3841438293457 35.3822746276855 35.3692207336426 35.3168525695801 35.2453575134277 35.1383361816406 35.0577125549316 35.0058441162109 35.0085182189941 35.0464935302734 35.1287155151367 35.2268371582031 35.3308944702148
34.2543449401855 34.1989364624023 34.134838104248 34.0424957275391 33.9489974975586 33.9024276733398 33.8603019714355 33.8407745361328 33.8211250305176 33.8011856079102 33.8783988952637 34.088996887207 34.3026008605957 34.5186576843262 34.6972427368164 34.8580780029297 34.9821510314941 35.0974388122559 35.1793899536133 35.2587089538574 35.3330764770508 35.4094734191895 35.4943695068359 35.5719413757324 35.6340484619141 35.6750679016113 35.6903114318848 35.6807136535645 35.6530227661133 35.6212997436523 35.5879135131836 35.5608367919922 35.5350036621094 35.5028343200684 35.471378326416 35.4491233825684 35.4215507507324 35.3752632141113 35.3080520629883 35.201976776123 35.1132583618164 35.0434494018555 35.0242691040039 35.0378494262695 35.0912895202637 35.159049987793 35.2470092773438
34.6491851806641 34.6260986328125 34.5967407226562 34.5472679138184 34.4968490600586 34.4765777587891 34.459716796875 34.4602012634277 34.459228515625 34.4547271728516 34.5018348693848 34.6197967529297 34.7442588806152 34.8740386962891 34.9904327392578 35.1004829406738 35.1916885375977 35.278392791748 35.3501625061035 35.4217987060547 35.5064163208008 35.5920257568359 35.6818008422852 35.7587890625 35.8087959289551 35.833812713623 35.8282890319824 35.8026351928711 35.762321472168 35.7201652526855 35.67724609375 35.6347961425781 35.5924339294434 35.5405349731445 35.4900207519531 35.4565010070801 35.4222869873047 35.3856506347656 35.3293724060059 35.2366218566895 35.1536483764648 35.0813217163086 35.052921295166 35.0529403686523 35.0861587524414 35.1312980651855 35.1997947692871
