Ecospace-environmental-drivers/Outputs/ASCII-for-ecospace/MOM6-ISIMIP3a/so-surf/2007-03_so-surf_MOM6-ISIMIP3a.asc
NCOLS 131 
NROWS 53 
XLLCORNER -98 
YLLCORNER 23.9265270233154 
CELLSIZE 0.133587792515755 
NODATA_value -9999 
[rows 21 to 41 of 53, columns 0 to 46 of 131]
-9999 -9999 -9999 -9999 -9999 -9999 34.6447944641113 34.6330490112305 34.6025390625 34.5519599914551 34.5226516723633 34.4584884643555 34.4874839782715 34.5738487243652 34.6940002441406 34.8531379699707 35.0388107299805 35.2427101135254 35.4512634277344 35.6616134643555 35.844310760498 36.0221252441406 36.1513824462891 36.2744560241699 36.354850769043 36.423828125 36.4557838439941 36.4874000549316 36.5184288024902 36.540283203125 36.5527000427246 36.5610809326172 36.5670051574707 36.5677337646484 36.5667266845703 36.5517501831055 36.5348129272461 36.514518737793 36.4948120117188 36.4788360595703 36.4619216918945 36.4423789978027 36.424560546875 36.4094161987305 36.4066314697266 36.4151916503906 36.4350471496582
-9999 -9999 -9999 -9999 -9999 -9999 34.6472320556641 34.6447944641113 34.6213035583496 34.5921058654785 34.5519599914551 34.5575103759766 34.6008567810059 34.7189979553223 34.8705863952637 35.0607719421387 35.2558479309082 35.4542770385742 35.6800575256348 35.9163932800293 36.0971374511719 36.2680702209473 36.3621444702148 36.4508819580078 36.5091896057129 36.5599594116211 36.5862846374512 36.6117744445801 36.635814666748 36.6528472900391 36.6626663208008 36.6684455871582 36.6717643737793 36.6717910766602 36.6707229614258 36.6616401672363 36.6514205932617 36.6368827819824 36.6224784851074 36.6089286804199 36.5949668884277 36.5798492431641 36.5666389465332 36.5563735961914 36.553524017334 36.5574913024902 36.5673179626465
-9999 -9999 -9999 -9999 34.7329444885254 34.6769676208496 34.6484870910645 34.6484146118164 34.6447944641113 34.5978126525879 34.5738525390625 34.6380233764648 34.7290878295898 34.873363494873 35.0510597229004 35.2673225402832 35.4661331176758 35.6529579162598 35.8915328979492 36.1500930786133 36.3283653259277 36.4924736022949 36.551097869873 36.6051712036133 36.6405601501465 36.6725082397461 36.6933059692383 36.7128410339355 36.7301712036133 36.7425994873047 36.7499847412109 36.7533187866211 36.7541923522949 36.7535247802734 36.7523460388184 36.7490692138672 36.7454681396484 36.7365417480469 36.7272720336914 36.7157974243164 36.7045745849609 36.6940574645996 36.6857986450195 36.6810302734375 36.6785621643066 36.6782150268555 36.677848815918
-9999 -9999 -9999 -9999 34.8599739074707 34.7463531494141 34.7054481506348 34.6484870910645 34.6519584655762 34.6961479187012 34.7549705505371 34.869800567627 35.0114974975586 35.206356048584 35.4236907958984 35.6669464111328 35.8547096252441 36.0043601989746 36.1639556884766 36.3273887634277 36.4397392272949 36.5430717468262 36.5877685546875 36.6295280456543 36.6575355529785 36.6839981079102 36.7054405212402 36.7252655029297 36.7422676086426 36.7542953491211 36.7612075805664 36.7639961242676 36.7642707824707 36.7632598876953 36.7618179321289 36.7591514587402 36.7562828063965 36.7491188049316 36.7413444519043 36.7296981811523 36.7182998657227 36.7076110839844 36.6992301940918 36.6944122314453 36.6915397644043 36.6904563903809 36.6882247924805
-9999 -9999 -9999 -9999 -9999 34.8599739074707 34.7715072631836 34.7624092102051 34.6780395507812 34.8085708618164 34.9462051391602 35.1110382080078 35.298698425293 35.5315246582031 35.772777557373 36.023754119873 36.1932945251465 36.3069152832031 36.3972778320312 36.4786605834961 36.5343437194824 36.5854873657227 36.617992401123 36.6489906311035 36.6708488464355 36.6927452087402 36.714771270752 36.7349510192871 36.7519111633301 36.7639503479004 36.7709197998047 36.7735557556152 36.7735481262207 36.7723617553711 36.7707824707031 36.7687683105469 36.7666702270508 36.7612991333008 36.7550926208496 36.7435874938965 36.7321510314941 36.7209091186523 36.7119941711426 36.7066688537598 36.7031440734863 36.7012710571289 36.6973342895508
-9999 -9999 -9999 -9999 -9999 34.8429756164551 34.8599739074707 34.8151550292969 34.7870597839355 34.9827461242676 35.1818084716797 35.3937835693359 35.6069221496582 35.8223648071289 36.0186462402344 36.1928100585938 36.3126831054688 36.3952674865723 36.4591636657715 36.5158386230469 36.5554351806641 36.5920219421387 36.6199684143066 36.6470108032227 36.6680946350098 36.6894721984863 36.7117881774902 36.7326049804688 36.7507934570312 36.7646408081055 36.7740173339844 36.7782325744629 36.7793006896973 36.7786979675293 36.7775344848633 36.7763710021973 36.7751884460449 36.7717437744141 36.7674102783203 36.7574310302734 36.7465324401855 36.733081817627 36.7218360900879 36.713996887207 36.7087326049805 36.7058219909668 36.7008819580078
-9999 -9999 34.8067512512207 34.8107681274414 34.814697265625 34.8259582519531 34.8429985046387 34.8553924560547 34.8859062194824 35.1317405700684 35.3766860961914 35.6182479858398 35.8436508178711 36.0370826721191 36.194580078125 36.3106079101562 36.3952407836914 36.458309173584 36.5058708190918 36.5474433898926 36.5764045715332 36.6031379699707 36.6263999938965 36.6492385864258 36.6691856384277 36.6896476745605 36.7117652893066 36.732551574707 36.7510032653809 36.7657051086426 36.7765502929688 36.7817993164062 36.7836418151855 36.7834434509277 36.7825660705566 36.782039642334 36.781551361084 36.7796974182129 36.7770004272461 36.7689094543457 36.7591018676758 36.744514465332 36.7316093444824 36.7213096618652 36.7142906188965 36.7102928161621 36.7045936584473
-9999.000000000000000 -9999 -9999 -9999 34.7916526794434 34.8034400939941 34.7930603027344 34.868350982666 34.9625625610352 35.2257843017578 35.4827117919922 35.7155570983887 35.924388885498 36.0857086181641 36.2179298400879 36.3165702819824 36.3974456787109 36.4661178588867 36.5194702148438 36.5668983459473 36.5970993041992 36.6242599487305 36.6425590515137 36.6606521606445 36.6786613464355 36.6973419189453 36.7181968688965 36.7375030517578 36.7541046142578 36.7675857543945 36.7778587341309 36.7829513549805 36.7848968505859 36.7847175598145 36.7838363647461 36.7834815979004 36.7831993103027 36.7822227478027 36.7806434631348 36.7752342224121 36.7677154541016 36.7543334960938 36.7412376403809 36.7285804748535 36.719799041748 36.7145729064941 36.7086715698242
-9999 -9999 -9999 -9999 34.7611122131348 34.7455596923828 34.7522926330566 34.8784713745117 35.020809173584 35.278881072998 35.5301551818848 35.7553825378418 35.9580459594727 36.1160621643066 36.247615814209 36.3486366271973 36.4342002868652 36.5091552734375 36.5642318725586 36.6116371154785 36.637996673584 36.66064453125 36.6713676452637 36.6821823120117 36.6959342956543 36.7105484008789 36.7279472351074 36.7441673278809 36.7583389282227 36.770133972168 36.779483795166 36.7840538024902 36.7857208251953 36.7854957580566 36.7846374511719 36.7844696044922 36.7843971252441 36.7841148376465 36.7834243774414 36.7801361083984 36.7746086120605 36.7628440856934 36.7500343322754 36.7355995178223 36.7253570556641 36.7189598083496 36.7128601074219
-9999 -9999 -9999 -9999 34.7399444580078 34.7343330383301 34.7274055480957 34.8850250244141 35.0558891296387 35.2804718017578 35.5038948059082 35.7228927612305 35.9324722290039 36.1234283447266 36.2852783203125 36.4135437011719 36.5144271850586 36.5965042114258 36.6482048034668 36.6881828308105 36.7043075561523 36.7162246704102 36.7160911560059 36.7164421081543 36.7230224609375 36.7306861877441 36.7418632507324 36.7529830932617 36.7640075683594 36.7735290527344 36.7815093994141 36.7850952148438 36.786003112793 36.7856407165527 36.784854888916 36.7848854064941 36.785026550293 36.7852058410645 36.7851104736328 36.7832565307617 36.7793464660645 36.7697143554688 36.7577857971191 36.7423057556152 36.7309799194336 36.7234687805176 36.7171974182129
-9999 -9999 -9999 -9999 34.7343330383301 34.725944519043 34.7160987854004 34.892635345459 35.0784111022949 35.2636032104492 35.4613227844238 35.7070198059082 35.9458999633789 36.1712913513184 36.3577461242676 36.4992790222168 36.5983581542969 36.6682815551758 36.7073860168457 36.7345886230469 36.7431907653809 36.7485084533691 36.7451248168945 36.7421913146973 36.7445678710938 36.7480278015137 36.7549896240234 36.7622909545898 36.7701835632324 36.7770729064941 36.7829284667969 36.7853393554688 36.7856521606445 36.7853012084961 36.7847290039062 36.7850074768066 36.785400390625 36.7858963012695 36.7862014770508 36.7852821350098 36.7825164794922 36.7746124267578 36.7637023925781 36.7481422424316 36.7363815307617 36.7281074523926 36.7218246459961
-9999 -9999 -9999 -9999 34.7254600524902 34.7160987854004 34.8956680297852 34.9010353088379 35.0915184020996 35.2328910827637 35.4065208435059 35.7036170959473 35.9885787963867 36.2495269775391 36.4563217163086 36.6006355285645 36.6850700378418 36.7283782958984 36.7479667663574 36.7583961486816 36.7615051269531 36.7633247375488 36.762393951416 36.7615547180176 36.7619552612305 36.7632675170898 36.767520904541 36.7719650268555 36.7767486572266 36.7807312011719 36.7838897705078 36.784984588623 36.7848205566406 36.784595489502 36.784351348877 36.7849082946777 36.7855796813965 36.7862815856934 36.7868385314941 36.7864837646484 36.7845115661621 36.7780303955078 36.768238067627 36.7533226013184 36.7416114807129 36.7328414916992 36.7266693115234
-9999 -9999 -9999 -9999 34.7160987854004 34.9347877502441 35.0130310058594 35.0729064941406 35.088939666748 35.2704010009766 35.484073638916 35.8210182189941 36.1254501342773 36.3655433654785 36.5480918884277 36.6642417907715 36.7273979187012 36.7541580200195 36.7645149230957 36.7685317993164 36.7700805664062 36.7711906433105 36.7715797424316 36.771915435791 36.7719192504883 36.7725296020508 36.7751235961914 36.7777557373047 36.780445098877 36.7823677062988 36.783504486084 36.7837944030762 36.7835655212402 36.7837104797363 36.7839775085449 36.7847900390625 36.7856826782227 36.786506652832 36.7872276306152 36.7872734069824 36.7859573364258 36.7808380126953 36.7722778320312 36.7583999633789 36.7471237182617 36.7382354736328 36.732364654541
-9999 -9999 -9999 -9999 -9999 35.104736328125 35.1143493652344 35.0651512145996 35.0796356201172 35.3371505737305 35.618350982666 35.9902000427246 36.3026962280273 36.4977569580078 36.6369438171387 36.7116661071777 36.7507057189941 36.7652320861816 36.7707595825195 36.7728080749512 36.7744789123535 36.7760810852051 36.7773056030273 36.7784233093262 36.778694152832 36.7792320251465 36.7806205749512 36.7818794250488 36.7829093933105 36.7831382751465 36.7825469970703 36.7822456359863 36.7821273803711 36.7827453613281 36.7836074829102 36.7846641540527 36.7857475280762 36.7866630554199 36.7875061035156 36.7878875732422 36.7871704101562 36.7833786010742 36.7761039733887 36.7634353637695 36.7527618408203 36.7439155578613 36.7384300231934
-9999 -9999 -9999 -9999 -9999 35.2295989990234 35.1868324279785 35.2049903869629 35.2236938476562 35.5746536254883 35.9172821044922 36.22802734375 36.4774398803711 36.6054878234863 36.6944885253906 36.7384262084961 36.761661529541 36.770679473877 36.7745323181152 36.7763938903809 36.7780418395996 36.7796516418457 36.7807922363281 36.7817649841309 36.7814331054688 36.781322479248 36.7819328308105 36.7824325561523 36.7827415466309 36.7822685241699 36.7809867858887 36.7809410095215 36.7816467285156 36.7825927734375 36.7836151123047 36.7847137451172 36.7858238220215 36.7868003845215 36.7877159118652 36.7882614135742 36.7880020141602 36.7854995727539 36.7794494628906 36.7679138183594 36.7579002380371 36.7492828369141 36.7447166442871
-9999 -9999 -9999 -9999 -9999 35.4177665710449 35.3876190185547 35.290355682373 35.3994827270508 35.8474807739258 36.2502784729004 36.4800605773926 36.651668548584 36.7081604003906 36.7455520629883 36.7609062194824 36.7700653076172 36.7749633789062 36.7777976989746 36.7798309326172 36.7814292907715 36.7829513549805 36.7838134765625 36.7844505310059 36.783332824707 36.7824592590332 36.7823753356934 36.7822456359863 36.7820281982422 36.7810592651367 36.7793083190918 36.7796859741211 36.781364440918 36.7826042175293 36.7837028503418 36.7848052978516 36.7859039306641 36.7869300842285 36.7879104614258 36.7885856628418 36.7887573242188 36.7875328063965 36.7826957702637 36.7722778320312 36.762939453125 36.7545890808105 36.751049041748
-9999 -9999 -9999 -9999 -9999 -9999 35.6788482666016 35.6675148010254 35.7019424438477 36.0981254577637 36.443042755127 36.591724395752 36.7015686035156 36.7345581054688 36.757152557373 36.7677421569824 36.7747001647949 36.7791633605957 36.7812728881836 36.7824745178223 36.7837409973145 36.7850227355957 36.7852783203125 36.7852668762207 36.7831649780273 36.7816162109375 36.781852722168 36.782054901123 36.7822036743164 36.7813835144043 36.7795600891113 36.7802543640137 36.7824783325195 36.7836647033691 36.7845077514648 36.7854690551758 36.786449432373 36.7874755859375 36.7884063720703 36.7887382507324 36.7889595031738 36.7888793945312 36.7850646972656 36.7754898071289 36.766960144043 36.759391784668 36.7574729919434
-9999 -9999 -9999 -9999 -9999 -9999 35.9825477600098 36.0786781311035 36.0037422180176 36.3381958007812 36.6183090209961 36.6904182434082 36.742790222168 36.756103515625 36.7665748596191 36.7737617492676 36.7791633605957 36.783332824707 36.7847709655762 36.7851486206055 36.7860374450684 36.7870178222656 36.7866363525391 36.785945892334 36.782901763916 36.7807273864746 36.7813835144043 36.7820091247559 36.7825813293457 36.7819557189941 36.780101776123 36.7810592651367 36.7837295532227 36.7847938537598 36.7853240966797 36.7861328125 36.7869834899902 36.788028717041 36.7889251708984 36.7888565063477 36.7890968322754 36.7902069091797 36.787525177002 36.7789840698242 36.7713356018066 36.7645149230957 36.7640495300293
-9999 -9999 -9999 -9999 -9999 -9999 36.2281532287598 36.2014465332031 36.2380142211914 36.4760971069336 36.6739501953125 36.7178230285645 36.7508201599121 36.7623023986816 36.7716445922852 36.7785148620605 36.7835235595703 36.7872505187988 36.788387298584 36.788516998291 36.7886695861816 36.7888259887695 36.7875823974609 36.786075592041 36.7826042175293 36.7803382873535 36.7819709777832 36.7834548950195 36.7846755981445 36.7844657897949 36.782787322998 36.7835502624512 36.7857933044434 36.7861785888672 36.785945892334 36.7865219116211 36.7872161865234 36.7885055541992 36.7895088195801 36.7887077331543 36.7888641357422 36.7917022705078 36.7913475036621 36.7860641479492 36.7800216674805 36.7732810974121 36.7721786499023
-9999 -9999 -9999 -9999 -9999 36.3665237426758 36.3629302978516 36.4043388366699 36.4526290893555 36.6004257202148 36.7217597961426 36.7418022155762 36.7584342956543 36.768310546875 36.7766761779785 36.7832946777344 36.7879600524902 36.7912826538086 36.7920608520508 36.791862487793 36.7912406921387 36.7905426025391 36.7886581420898 36.7865562438965 36.782886505127 36.780632019043 36.782958984375 36.7850914001465 36.7868919372559 36.7872276306152 36.7860565185547 36.7866172790527 36.7882385253906 36.7877502441406 36.7865600585938 36.7869148254395 36.7874984741211 36.7892074584961 36.7905349731445 36.7894172668457 36.7896118164062 36.7934608459473 36.7948799133301 36.7925338745117 36.7882614135742 36.7822189331055 36.7805595397949
-9999 -9999 -9999 -9999 36.3095359802246 36.3600311279297 36.3665237426758 36.4794044494629 36.5951652526855 36.674991607666 36.7408447265625 36.7532234191895 36.7645034790039 36.7736206054688 36.7815628051758 36.7881507873535 36.792652130127 36.7957153320312 36.7959632873535 36.7951164245605 36.7935791015625 36.791919708252 36.7901878356934 36.7883148193359 36.7852897644043 36.7834396362305 36.7854042053223 36.7874298095703 36.7895622253418 36.7909126281738 36.7914543151855 36.7918167114258 36.7920684814453 36.7899971008301 36.7871475219727 36.7873344421387 36.787956237793 36.7907409667969 36.7931671142578 36.7932777404785 36.7939491271973 36.796199798584 36.7973365783691 36.7967643737793 36.7948760986328 36.7917823791504 36.7898902893066
