Ecospace-environmental-drivers/Outputs/ASCII-for-ecospace/MOM6-ISIMIP3a/so-surf/2008-12_so-surf_MOM6-ISIMIP3a.asc
NCOLS 131 
NROWS 53 
XLLCORNER -98 
YLLCORNER 23.9265270233154 
CELLSIZE 0.133587792515755 
NODATA_value -9999 
[rows 21 to 41 of 53, columns 0 to 46 of 131]
-9999 -9999 -9999 -9999 -9999 -9999 35.9562644958496 35.9388008117676 35.8922233581543 35.8162040710449 35.7321815490723 35.600528717041 35.5850639343262 35.5390014648438 35.5158500671387 35.5191268920898 35.5712242126465 35.6568489074707 35.7620620727539 35.8748435974121 35.9859199523926 36.0966949462891 36.1243209838867 36.145881652832 36.1321182250977 36.1201248168945 36.1138801574707 36.1151847839355 36.1296615600586 36.1477508544922 36.1695556640625 36.1838035583496 36.1934509277344 36.1996994018555 36.2048187255859 36.206184387207 36.2070121765137 36.2050971984863 36.2033271789551 36.2024726867676 36.2039756774902 36.212043762207 36.216194152832 36.214282989502 36.2033386230469 36.1841049194336 36.1584167480469
-9999 -9999 -9999 -9999 -9999 -9999 35.9592971801758 35.9562644958496 35.9213371276855 35.8750877380371 35.8162040710449 35.7798080444336 35.766960144043 35.8007164001465 35.8314437866211 35.8586769104004 35.9094123840332 35.9762840270996 36.0570678710938 36.1432266235352 36.2237586975098 36.3032989501953 36.3250961303711 36.3421058654785 36.3297157287598 36.3181953430176 36.3095054626465 36.3056373596191 36.3101959228516 36.3173217773438 36.3270874023438 36.332088470459 36.3341903686523 36.334545135498 36.3343238830566 36.3325996398926 36.3306503295898 36.3265228271484 36.3221702575684 36.3163871765137 36.3120040893555 36.3115158081055 36.3069038391113 36.2959289550781 36.2764434814453 36.2491493225098 36.2217636108398
-9999 -9999 -9999 -9999 35.9723205566406 35.9661331176758 35.9617538452148 35.9598770141602 35.9562644958496 35.8864097595215 35.8414688110352 35.8919105529785 35.9622955322266 36.0721435546875 36.1529960632324 36.2003936767578 36.2459373474121 36.2902030944824 36.3432540893555 36.3996963500977 36.4467430114746 36.492130279541 36.5067138671875 36.517951965332 36.5069618225098 36.4961013793945 36.4856491088867 36.477409362793 36.4730415344238 36.4701271057129 36.4687004089355 36.4650192260742 36.4599609375 36.454231262207 36.4482803344727 36.4431495666504 36.4381294250488 36.432243347168 36.4258232116699 36.4159927368164 36.4065055847168 36.3979835510254 36.3849334716797 36.3648872375488 36.3369979858398 36.3019142150879 36.2730598449707
-9999 -9999 -9999 -9999 35.9858207702637 35.9755668640137 35.970516204834 35.9617538452148 35.9616165161133 35.9598426818848 35.9786109924316 36.0759925842285 36.1790008544922 36.2931518554688 36.3721694946289 36.41064453125 36.4397773742676 36.4624900817871 36.4883079528809 36.5153274536133 36.5377197265625 36.5592994689941 36.5633659362793 36.5655136108398 36.5548286437988 36.5441131591797 36.5333099365234 36.5243606567383 36.5186386108398 36.5135154724121 36.5090065002441 36.5016670227051 36.4926071166992 36.4805870056152 36.4675827026367 36.4577026367188 36.4482688903809 36.4412994384766 36.4338989257812 36.4237785339355 36.4135322570801 36.4029197692871 36.3868827819824 36.3624610900879 36.3325843811035 36.2977066040039 36.2743492126465
-9999 -9999 -9999 -9999 -9999 35.9858207702637 35.9841690063477 35.9792785644531 35.9779052734375 36.0412216186523 36.1192398071289 36.2535362243652 36.3797340393066 36.4899024963379 36.562385559082 36.5913925170898 36.605827331543 36.6102600097656 36.6128158569336 36.6146469116211 36.6162490844727 36.6178131103516 36.6132316589355 36.6078948974609 36.5974235534668 36.5867652893066 36.575496673584 36.5656814575195 36.558406829834 36.5510940551758 36.5437507629395 36.5328750610352 36.5198516845703 36.5020599365234 36.4826850891113 36.469165802002 36.4564933776855 36.4495010375977 36.4421119689941 36.4321746826172 36.4214363098145 36.4084777832031 36.3892211914062 36.3602294921875 36.3286514282227 36.2947006225586 36.2778205871582
-9999 -9999 -9999 -9999 -9999 35.9525947570801 35.9858207702637 36.0098266601562 36.0421676635742 36.1574211120605 36.2751617431641 36.4024314880371 36.5104179382324 36.5802612304688 36.6256370544434 36.6427803039551 36.6500473022461 36.6505355834961 36.6472206115723 36.6424331665039 36.6401863098145 36.6383895874023 36.6333160400391 36.6275825500488 36.6169281005859 36.605899810791 36.5936660766602 36.5823402404785 36.5726089477539 36.5632019042969 36.5541305541992 36.5402450561523 36.5234260559082 36.5021362304688 36.4793586730957 36.4670867919922 36.4563293457031 36.4539833068848 36.4509086608887 36.4432182312012 36.4332160949707 36.4167633056641 36.3932609558105 36.3588600158691 36.3268203735352 36.296947479248 36.2908554077148
-9999 -9999 35.886474609375 35.892692565918 35.8973197937012 35.9193305969238 35.9526329040527 36.0233459472656 36.1028671264648 36.2625465393066 36.4124755859375 36.5250663757324 36.6124038696289 36.6497611999512 36.6739387512207 36.6829032897949 36.6856231689453 36.6840476989746 36.67724609375 36.6684265136719 36.6626281738281 36.6573600769043 36.6515235900879 36.645149230957 36.6344223022461 36.6231346130371 36.6100311279297 36.597339630127 36.585376739502 36.5740547180176 36.5633926391602 36.5473480224609 36.528018951416 36.5051612854004 36.4811248779297 36.4712066650391 36.463306427002 36.4651184082031 36.4658699035645 36.4598846435547 36.4504547119141 36.4314346313477 36.4056625366211 36.3694496154785 36.3386001586914 36.3126754760742 36.3127822875977
-9999.000000000000000 -9999 -9999 -9999 35.8614234924316 35.8753089904785 35.8550186157227 35.9997138977051 36.1557884216309 36.3435173034668 36.5091857910156 36.5904197692871 36.6517601013184 36.6737442016602 36.689624786377 36.6984596252441 36.702335357666 36.7028045654297 36.6977310180664 36.6905174255371 36.6818046569824 36.6728248596191 36.6656227111816 36.6580963134766 36.6475410461426 36.6362266540527 36.6224632263184 36.6087188720703 36.5950050354004 36.5821647644043 36.5702285766602 36.5538711547852 36.5348205566406 36.5146064758301 36.4940071105957 36.488842010498 36.4858665466309 36.490779876709 36.4942817687988 36.4888114929199 36.4796142578125 36.4600372314453 36.4363021850586 36.4061317443848 36.3800811767578 36.3578186035156 36.3541145324707
-9999 -9999 -9999 -9999 35.816463470459 35.7896347045898 35.7927436828613 35.9971809387207 36.2105979919434 36.4050331115723 36.5716743469238 36.6319465637207 36.6765174865723 36.6900291442871 36.70166015625 36.7111206054688 36.7163162231445 36.7185745239258 36.715705871582 36.7108573913574 36.7015190124512 36.6913909912109 36.6832313537598 36.6748695373535 36.6644515991211 36.6531791687012 36.6391296386719 36.6244659423828 36.6087265014648 36.5936546325684 36.579273223877 36.5624198913574 36.544059753418 36.5265197753906 36.5092506408691 36.5068473815918 36.5065498352051 36.5131950378418 36.5184783935547 36.5150985717773 36.5081176757812 36.4911041259766 36.4712677001953 36.4470672607422 36.4255218505859 36.4064140319824 36.399227142334
-9999 -9999 -9999 -9999 35.7870407104492 35.7844505310059 35.78125 36.0212020874023 36.2677841186523 36.4420700073242 36.5911064147949 36.6435050964355 36.6829147338867 36.6966247558594 36.709098815918 36.7201461791992 36.7268562316895 36.7305908203125 36.7305297851562 36.7290000915527 36.7219200134277 36.7138557434082 36.7052536010742 36.6964569091797 36.6861381530762 36.6749877929688 36.6611251831055 36.6457138061523 36.6275901794434 36.6093864440918 36.5911064147949 36.5735206604004 36.5563583374023 36.5415267944336 36.527473449707 36.5253257751465 36.5248756408691 36.5315284729004 36.5373687744141 36.5380668640137 36.5357971191406 36.5252685546875 36.5116767883301 36.4933586120605 36.4759407043457 36.4593544006348 36.449104309082
-9999 -9999 -9999 -9999 35.7844505310059 35.7805786132812 35.7760314941406 36.0256004333496 36.2806434631348 36.4458885192871 36.5882682800293 36.6431159973145 36.6846923828125 36.7000122070312 36.7136764526367 36.7254257202148 36.7327575683594 36.7370491027832 36.738941192627 36.7399063110352 36.735912322998 36.7310409545898 36.7242622375488 36.7172698974609 36.7088470458984 36.6996383666992 36.6878929138184 36.6735076904297 36.6545257568359 36.6333923339844 36.6100463867188 36.5895462036133 36.5707740783691 36.5563430786133 36.5433578491211 36.5398254394531 36.537654876709 36.5429725646973 36.5479736328125 36.5509185791016 36.5517311096191 36.5466079711914 36.5386199951172 36.5262069702148 36.513786315918 36.5013580322266 36.4915237426758
-9999 -9999 -9999 -9999 35.7803535461426 35.7760314941406 35.9960975646973 36.0152816772461 36.2602615356445 36.4247970581055 36.5687255859375 36.6337661743164 36.6830101013184 36.7009963989258 36.7161102294922 36.7279052734375 36.7351760864258 36.7393417358398 36.742546081543 36.7453842163086 36.7450981140137 36.7442665100098 36.7410125732422 36.7375030517578 36.7323188781738 36.7264289855957 36.7182350158691 36.7062149047852 36.6875114440918 36.6635971069336 36.6343193054199 36.6092643737793 36.5867805480957 36.5710144042969 36.5574913024902 36.551342010498 36.5462684631348 36.5492553710938 36.5523567199707 36.5561828613281 36.5588569641113 36.5583305358887 36.5554580688477 36.5489692687988 36.5421943664551 36.53515625 36.5283508300781
-9999 -9999 -9999 -9999 35.7760314941406 35.9962539672852 36.101448059082 36.1674728393555 36.1925315856934 36.3779640197754 36.5414047241211 36.6206588745117 36.6801528930664 36.7005424499512 36.7167930603027 36.7282676696777 36.7352256774902 36.7390785217285 36.7426605224609 36.7461318969727 36.7476387023926 36.7487945556641 36.7477531433105 36.7464828491211 36.7437019348145 36.7403030395508 36.7349014282227 36.7262382507324 36.7118797302246 36.691291809082 36.6642875671387 36.638053894043 36.6122894287109 36.5938835144043 36.5779304504395 36.5692176818848 36.5615577697754 36.5612373352051 36.5613327026367 36.5640678405762 36.5664024353027 36.5676307678223 36.566967010498 36.5633811950684 36.559326171875 36.5548400878906 36.5499382019043
-9999 -9999 -9999 -9999 -9999 36.0928153991699 36.111442565918 36.1215896606445 36.1045150756836 36.3200988769531 36.5107460021973 36.6059417724609 36.6767883300781 36.6994667053223 36.716724395752 36.7277297973633 36.734260559082 36.7377281188965 36.7412757873535 36.7448577880859 36.7473258972168 36.7495994567871 36.7502059936523 36.7506370544434 36.7499008178711 36.7486457824707 36.7457046508789 36.7408256530762 36.7325592041016 36.7179107666016 36.6966934204102 36.6707305908203 36.6418724060059 36.6202621459961 36.6010704040527 36.5898208618164 36.5797080993652 36.5756645202637 36.5722770690918 36.5730743408203 36.5741271972656 36.5758895874023 36.5761871337891 36.5742111206055 36.5716247558594 36.5684776306152 36.5649948120117
-9999 -9999 -9999 -9999 -9999 36.0793190002441 36.065559387207 36.0452651977539 36.0650062561035 36.2958183288574 36.4997444152832 36.6007652282715 36.675853729248 36.6996269226074 36.7171936035156 36.7276000976562 36.7338027954102 36.7371215820312 36.7406539916992 36.744270324707 36.7469024658203 36.7493591308594 36.7505531311035 36.7516098022461 36.7517700195312 36.7514915466309 36.7497940063477 36.7467918395996 36.7415046691895 36.7317085266113 36.7172813415527 36.6973304748535 36.674015045166 36.6535949707031 36.6341400146484 36.6216125488281 36.6100807189941 36.6036262512207 36.5977630615234 36.5956802368164 36.5942573547363 36.5946769714355 36.5939865112305 36.5915756225586 36.5882110595703 36.5839729309082 36.5798950195312
-9999 -9999 -9999 -9999 -9999 36.0873107910156 36.0609588623047 36.0298194885254 36.035530090332 36.2784805297852 36.492805480957 36.5975608825684 36.6754150390625 36.7000427246094 36.7177772521973 36.7275543212891 36.7334480285645 36.7366676330566 36.7401885986328 36.7438278198242 36.7464561462402 36.7489013671875 36.7504615783691 36.7519226074219 36.752742767334 36.7532005310059 36.7524948120117 36.7509727478027 36.7480201721191 36.7428588867188 36.7354202270508 36.7226715087891 36.7066879272461 36.6883659362793 36.669261932373 36.6557197570801 36.6429786682129 36.6343879699707 36.6262626647949 36.6211051940918 36.6169586181641 36.6156425476074 36.6135597229004 36.6102905273438 36.6056823730469 36.599853515625 36.5947647094727
-9999 -9999 -9999 -9999 -9999 -9999 36.1354179382324 36.1077880859375 36.125301361084 36.3350410461426 36.5204849243164 36.6129264831543 36.6817436218262 36.7038192749023 36.7197303771973 36.7285270690918 36.7341461181641 36.7375793457031 36.7413024902344 36.7451362609863 36.7476348876953 36.7499008178711 36.7513542175293 36.7527236938477 36.7535438537598 36.7541465759277 36.7540321350098 36.7532653808594 36.7513542175293 36.7478981018066 36.7428512573242 36.7338752746582 36.7225036621094 36.7094078063965 36.695743560791 36.6847152709961 36.6740798950195 36.6667098999023 36.659839630127 36.6561241149902 36.6530990600586 36.651985168457 36.6494560241699 36.6447372436523 36.6372985839844 36.6273651123047 36.6183280944824
-9999 -9999 -9999 -9999 -9999 -9999 36.2386360168457 36.2686500549316 36.2239036560059 36.3974609375 36.551342010498 36.6299133300781 36.6885757446289 36.7078399658203 36.7217903137207 36.7296180725098 36.7349891662598 36.7386665344238 36.7425918579102 36.7466163635254 36.7490196228027 36.7511405944824 36.7524261474609 36.7536392211914 36.7544136047363 36.7551002502441 36.7555084228516 36.7554168701172 36.7544479370117 36.7524757385254 36.7494621276855 36.743896484375 36.7367706298828 36.7287521362305 36.7204360961914 36.7120208740234 36.70361328125 36.6977767944336 36.6924667358398 36.6905097961426 36.6888160705566 36.6878700256348 36.6848106384277 36.6784858703613 36.6680603027344 36.653865814209 36.6407356262207
-9999 -9999 -9999 -9999 -9999 -9999 36.3637199401855 36.339469909668 36.3597717285156 36.4870567321777 36.5995445251465 36.655387878418 36.6975898742676 36.7127990722656 36.724292755127 36.7315063476562 36.7368583679199 36.7409362792969 36.7449989318848 36.7490615844727 36.7517852783203 36.7542762756348 36.754955291748 36.7555809020996 36.7560424804688 36.7564888000488 36.7568893432617 36.7569732666016 36.7565040588379 36.754997253418 36.7524261474609 36.7480583190918 36.7425956726074 36.7364883422852 36.7301597595215 36.7237319946289 36.7173156738281 36.7147102355957 36.7125816345215 36.7134895324707 36.7136001586914 36.711483001709 36.7065620422363 36.6972999572754 36.6829643249512 36.6639709472656 36.646656036377
-9999 -9999 -9999 -9999 -9999 36.4915237426758 36.4584121704102 36.4830436706543 36.4815444946289 36.5671081542969 36.6423683166504 36.6781921386719 36.7059020996094 36.7175598144531 36.7268867492676 36.733528137207 36.7388648986816 36.7433090209961 36.7475051879883 36.7516098022461 36.7545623779297 36.7573127746582 36.7574577331543 36.7575531005859 36.7577133178711 36.7579193115234 36.7582702636719 36.7584648132324 36.7583847045898 36.7572631835938 36.755069732666 36.7517395019531 36.7477111816406 36.7432060241699 36.7385444641113 36.7340278625488 36.729564666748 36.7299346923828 36.7306442260742 36.7335243225098 36.7345581054688 36.7304534912109 36.7229957580566 36.7103462219238 36.6923789978027 36.6695213317871 36.6494255065918
-9999 -9999 -9999 -9999 36.4939270019531 36.4965896606445 36.4915237426758 36.5196189880371 36.5516242980957 36.6121520996094 36.6654739379883 36.691219329834 36.7116584777832 36.7215919494629 36.729808807373 36.7360382080078 36.7413597106934 36.7460594177246 36.750373840332 36.7545356750488 36.757381439209 36.7599906921387 36.7598419189453 36.7596473693848 36.7595405578613 36.7594985961914 36.759651184082 36.7597160339355 36.7596282958984 36.7585868835449 36.7565574645996 36.7536544799805 36.7502136230469 36.7462043762207 36.7420082092285 36.7391357421875 36.7364845275879 36.7388954162598 36.7411918640137 36.7427597045898 36.7415046691895 36.7323951721191 36.7199211120605 36.7022438049316 36.6816482543945 36.658374786377 36.6406402587891
