Ecospace-environmental-drivers/Outputs/ASCII-for-ecospace/MOM6-ISIMIP3a/ph/1981-11_ph_MOM6-ISIMIP3a.asc
NCOLS 131 
NROWS 53 
XLLCORNER -98 
YLLCORNER 23.9265270233154 
CELLSIZE 0.133587792515755 
NODATA_value -9999 
[rows 21 to 41 of 53, columns 47 to 93 of 131]
8.17783260345459 8.1776123046875 8.17724609375 8.17636775970459 8.17544460296631 8.17473125457764 8.17385578155518 8.17215824127197 8.17099857330322 8.17113590240479 8.17180061340332 8.17318916320801 8.17525196075439 8.17786598205566 8.17825412750244 8.17758655548096 8.1767520904541 8.17587757110596 8.17465591430664 8.17337799072266 8.17160987854004 8.16997337341309 8.16888809204102 8.16831302642822 8.16881465911865 8.16907596588135 8.16904258728027 8.16859245300293 8.16783809661865 8.16756439208984 8.16748809814453 8.16822719573975 8.1691255569458 8.1701078414917 8.1710262298584 8.17128944396973 8.17116260528564 8.16966438293457 8.16812229156494 8.16649627685547 8.16513633728027 8.16406631469727 8.16302394866943 8.16200065612793 8.16051769256592 8.15886878967285 8.15696334838867
8.1696891784668 8.16958141326904 8.16948890686035 8.16882514953613 8.16809558868408 8.16719627380371 8.16621875762939 8.16484260559082 8.16399192810059 8.16441059112549 8.16560173034668 8.16785144805908 8.170241355896 8.17274570465088 8.17352390289307 8.17348384857178 8.1727991104126 8.17195987701416 8.17055320739746 8.16909027099609 8.16738796234131 8.16590309143066 8.16532802581787 8.16529369354248 8.16640281677246 8.16717052459717 8.16752243041992 8.16735363006592 8.16680526733398 8.16677379608154 8.16695690155029 8.16769599914551 8.16854381561279 8.16914367675781 8.16961002349854 8.16887378692627 8.16790390014648 8.16611671447754 8.16452598571777 8.16329860687256 8.16240692138672 8.16188049316406 8.16142654418945 8.16101837158203 8.16011333465576 8.15902996063232 8.15744209289551
8.16139221191406 8.1613597869873 8.1614990234375 8.16104793548584 8.16051578521729 8.15942192077637 8.15833187103271 8.15725898742676 8.15669536590576 8.15735912322998 8.15900039672852 8.16198348999023 8.16463756561279 8.16702175140381 8.16820240020752 8.16881275177002 8.16834545135498 8.16762065887451 8.16610431671143 8.16453456878662 8.16295528411865 8.16167068481445 8.16162109375 8.16214466094971 8.16388034820557 8.16519355773926 8.16598987579346 8.16612434387207 8.16577625274658 8.16596794128418 8.16638374328613 8.1670618057251 8.16779136657715 8.16794013977051 8.16789627075195 8.16617774963379 8.16439247131348 8.16237354278564 8.16077709197998 8.1599645614624 8.15954685211182 8.15955924987793 8.15969562530518 8.15991115570068 8.15960884094238 8.1591215133667 8.15788078308105
8.15347671508789 8.15343856811523 8.15350723266602 8.15303134918213 8.15247917175293 8.15139865875244 8.15035820007324 8.1495189666748 8.14897346496582 8.14913749694824 8.14991760253906 8.15154266357422 8.15322589874268 8.15495586395264 8.15615749359131 8.15710830688477 8.1574068069458 8.15754890441895 8.15695762634277 8.15628910064697 8.15523624420166 8.15447902679443 8.15495586395264 8.1561975479126 8.15905380249023 8.16157627105713 8.1636905670166 8.16453266143799 8.16444778442383 8.16463184356689 8.16492748260498 8.16499328613281 8.16501426696777 8.16432666778564 8.16351699829102 8.16177749633789 8.16003513336182 8.15828800201416 8.15694713592529 8.15636157989502 8.1562442779541 8.15663719177246 8.15725135803223 8.15800762176514 8.15836429595947 8.15857696533203 8.15781211853027
8.14665603637695 8.1466064453125 8.14659595489502 8.1461009979248 8.14553928375244 8.14453125 8.14358520507812 8.14295768737793 8.14243316650391 8.14215660095215 8.142165184021 8.14256381988525 8.14330196380615 8.14431953430176 8.14537143707275 8.14644145965576 8.14725494384766 8.14800643920898 8.14818859100342 8.14828872680664 8.14775943756104 8.14750385284424 8.14838886260986 8.15020084381104 8.15397071838379 8.15757083892822 8.16096305847168 8.16257286071777 8.16288471221924 8.16310405731201 8.16328620910645 8.16280078887939 8.16218376159668 8.16080951690674 8.15937805175781 8.15766143798828 8.1559944152832 8.15450382232666 8.15340042114258 8.15301609039307 8.15316104888916 8.15388298034668 8.15492534637451 8.15617561340332 8.15711879730225 8.15795135498047 8.15765571594238
8.1446361541748 8.1445484161377 8.14441967010498 8.14393520355225 8.14340877532959 8.14272975921631 8.14207744598389 8.14156341552734 8.14106845855713 8.14061641693115 8.14024829864502 8.13999366760254 8.13990306854248 8.1399450302124 8.14010810852051 8.14032649993896 8.1405553817749 8.14078521728516 8.14107799530029 8.14135456085205 8.1413402557373 8.14147758483887 8.14225292205811 8.14398956298828 8.14775943756104 8.15185737609863 8.15635776519775 8.15900325775146 8.16029644012451 8.16074180603027 8.16083526611328 8.16006278991699 8.15911960601807 8.15771865844727 8.15629386901855 8.1547908782959 8.15333461761475 8.15203952789307 8.15109634399414 8.150803565979 8.15104484558105 8.1518669128418 8.15312194824219 8.1546573638916 8.15587329864502 8.15697479248047 8.15710639953613
8.14337253570557 8.14317417144775 8.14287281036377 8.14234828948975 8.14180374145508 8.14130401611328 8.1408052444458 8.14030933380127 8.13976955413818 8.13912677764893 8.13844203948975 8.13770008087158 8.13699817657471 8.13632869720459 8.13583469390869 8.135422706604 8.1351900100708 8.13500022888184 8.13527965545654 8.13559150695801 8.13591957092285 8.13631057739258 8.13697052001953 8.1385326385498 8.14199924468994 8.14619827270508 8.15129375457764 8.15482044219971 8.15720653533936 8.15811443328857 8.15840911865234 8.15757846832275 8.15652751922607 8.15514945983887 8.15376472473145 8.15243721008301 8.15116310119629 8.150071144104 8.14928531646729 8.14906692504883 8.14937496185303 8.15025806427002 8.15164566040039 8.15335845947266 8.15475940704346 8.15604782104492 8.15646076202393
8.14375782012939 8.14328861236572 8.14270210266113 8.14202690124512 8.14134407043457 8.14069652557373 8.14004230499268 8.13935661315918 8.13861751556396 8.13774967193604 8.13687992095947 8.13600826263428 8.13517189025879 8.13436412811279 8.13372230529785 8.13315868377686 8.132737159729 8.13234996795654 8.13234329223633 8.13238143920898 8.13267707824707 8.13301849365234 8.13355350494385 8.13472175598145 8.13722610473633 8.14065837860107 8.14522457122803 8.14930248260498 8.15302276611328 8.15490818023682 8.15603446960449 8.15564823150635 8.15496444702148 8.15371417999268 8.15244674682617 8.15121078491211 8.15005493164062 8.14918422698975 8.14855289459229 8.14836692810059 8.14868068695068 8.14954090118408 8.15088272094727 8.15253829956055 8.15393161773682 8.15523052215576 8.15560340881348
8.1440372467041 8.14323997497559 8.14233016967773 8.14149951934814 8.14067840576172 8.1398868560791 8.13908195495605 8.13821411132812 8.13728809356689 8.13622379302979 8.13519763946533 8.13422393798828 8.13329792022705 8.13241291046143 8.13166809082031 8.13099193572998 8.13045406341553 8.12994956970215 8.1297607421875 8.12962055206299 8.12986278533936 8.13015460968018 8.13065433502197 8.13156414031982 8.13333892822266 8.1360445022583 8.13988780975342 8.14406681060791 8.14849090576172 8.15124130249023 8.15329742431641 8.15355968475342 8.15346908569336 8.1524658203125 8.15141487121582 8.15023231506348 8.14914321899414 8.1483850479126 8.14783763885498 8.14768409729004 8.14802265167236 8.14889621734619 8.15016651153564 8.15169429779053 8.15296173095703 8.15413379669189 8.1543493270874
8.14418411254883 8.14298439025879 8.14170742034912 8.14071464538574 8.1397533416748 8.13882160186768 8.13787269592285 8.13683128356934 8.1357364654541 8.13451194763184 8.13336372375488 8.13232135772705 8.1313648223877 8.13047885894775 8.12968921661377 8.12894535064697 8.12838172912598 8.12786197662354 8.12762069702148 8.12742328643799 8.12758731842041 8.12783050537109 8.12840557098389 8.12922668457031 8.13056755065918 8.13259792327881 8.13547039031982 8.13918781280518 8.14352130889893 8.14699172973633 8.15010547637939 8.15127277374268 8.15205860137939 8.15145015716553 8.15074348449707 8.14956569671631 8.14847660064697 8.14769649505615 8.14714622497559 8.1470251083374 8.1474084854126 8.14834403991699 8.14950942993164 8.15082263946533 8.15181159973145 8.15268421173096 8.15259647369385
8.1437292098999 8.14225482940674 8.14078235626221 8.13965702056885 8.1385669708252 8.13748836517334 8.13638782501221 8.13518142700195 8.13395977020264 8.13269996643066 8.13153743743896 8.13050842285156 8.12957572937012 8.12872123718262 8.12793731689453 8.12718772888184 8.12664031982422 8.12614154815674 8.12592315673828 8.12574481964111 8.12586402893066 8.12606048583984 8.12658214569092 8.12728023529053 8.12835025787354 8.12990474700928 8.13205146789551 8.13515472412109 8.13895320892334 8.14266872406006 8.14634990692139 8.14841461181641 8.15016174316406 8.15010261535645 8.14988136291504 8.14874076843262 8.14766216278076 8.14679908752441 8.14616870880127 8.14597225189209 8.14628314971924 8.1471471786499 8.14813899993896 8.14921379089355 8.14995002746582 8.15056610107422 8.15034008026123
8.14282321929932 8.14116859436035 8.1396312713623 8.13839435577393 8.13718605041504 8.13595294952393 8.13469791412354 8.13333225250244 8.13201332092285 8.13081169128418 8.12971591949463 8.12876319885254 8.12789535522461 8.12709522247314 8.12635707855225 8.12564754486084 8.12514686584473 8.12469673156738 8.1245584487915 8.12445545196533 8.12455368041992 8.12470531463623 8.12507820129395 8.1256275177002 8.12654781341553 8.12777709960938 8.1293830871582 8.13175487518311 8.13468551635742 8.13828945159912 8.14217281341553 8.14512825012207 8.14790153503418 8.14850425720215 8.14887714385986 8.14779758453369 8.14673709869385 8.14574432373047 8.14497661590576 8.14462471008301 8.14477252960205 8.14546680450439 8.1462345123291 8.14705085754395 8.14755439758301 8.14794540405273 8.147705078125
8.14144420623779 8.13981342315674 8.13833808898926 8.13703060150146 8.13573551177979 8.13433456420898 8.13292598724365 8.13148403167725 8.13014030456543 8.12903308868408 8.12805843353271 8.12726497650146 8.12650680541992 8.12577819824219 8.12516021728516 8.12459468841553 8.12422943115234 8.1239128112793 8.12387847900391 8.12386989593506 8.12395572662354 8.12406158447266 8.12425136566162 8.12460994720459 8.125319480896 8.12628841400146 8.12757205963135 8.12942504882812 8.13169384002686 8.13487434387207 8.1384334564209 8.1417407989502 8.14499950408936 8.14636516571045 8.14745903015137 8.14657497406006 8.1456413269043 8.14452934265137 8.14361381530762 8.14306259155273 8.14294910430908 8.14331150054932 8.14375305175781 8.14424514770508 8.14457416534424 8.14484405517578 8.14472579956055
8.13986301422119 8.13834285736084 8.13698387145996 8.13562393188477 8.13425540924072 8.1326789855957 8.13111877441406 8.12963771820068 8.12829875946045 8.12730121612549 8.1264705657959 8.1258716583252 8.125244140625 8.12459278106689 8.1241283416748 8.12375164031982 8.12355995178223 8.12341117858887 8.12349128723145 8.12358570098877 8.12366199493408 8.12372207641602 8.1237154006958 8.12386322021484 8.1243371963501 8.12507343292236 8.12612819671631 8.12755298614502 8.12924766540527 8.13187217712402 8.13488101959229 8.13831043243408 8.14182281494141 8.14399528503418 8.1458625793457 8.14523315429688 8.14447212219238 8.14324474334717 8.14217853546143 8.1414098739624 8.1409912109375 8.14095306396484 8.14102268218994 8.14116287231445 8.14134216308594 8.14153575897217 8.14159870147705
8.13830757141113 8.13686466217041 8.13552188873291 8.13417530059814 8.13282203674316 8.13131237030029 8.1298246383667 8.12844657897949 8.12720680236816 8.12629795074463 8.12554836273193 8.12501907348633 8.12452030181885 8.12404727935791 8.12375545501709 8.12354850769043 8.12350273132324 8.12349510192871 8.12364387512207 8.12380027770996 8.1239185333252 8.12399864196777 8.12391948699951 8.12392711639404 8.12411689758301 8.12457180023193 8.12534999847412 8.12645816802979 8.12780666351318 8.12997531890869 8.13248443603516 8.13570404052734 8.13906288146973 8.14166355133057 8.14396476745605 8.14362621307373 8.14307880401611 8.1417989730835 8.14065456390381 8.1397647857666 8.13911533355713 8.1387300491333 8.13846397399902 8.13827514648438 8.13823223114014 8.1382417678833 8.13834571838379
8.13675785064697 8.13538551330566 8.13403797149658 8.13271808624268 8.13139820098877 8.1300048828125 8.12863636016846 8.12739086151123 8.12626934051514 8.12544631958008 8.12476444244385 8.12427711486816 8.12390804290771 8.12363433837891 8.1235179901123 8.1234769821167 8.12357139587402 8.12369918823242 8.1239070892334 8.12411785125732 8.12428855895996 8.12440204620361 8.12427616119385 8.1241569519043 8.12405300140381 8.12421703338623 8.12471008300781 8.12552452087402 8.12657356262207 8.12830829620361 8.13032722473145 8.13326835632324 8.13639068603516 8.13933944702148 8.14200401306152 8.14196395874023 8.14163970947266 8.14031887054443 8.1391134262085 8.13812160491943 8.13725757598877 8.13653469085693 8.1359395980835 8.13542747497559 8.13514709472656 8.13494968414307 8.1350679397583
8.13553905487061 8.13419628143311 8.13286876678467 8.13166522979736 8.13047313690186 8.12926864624023 8.12809276580811 8.12705612182617 8.1261043548584 8.1253547668457 8.12468147277832 8.12411499023438 8.12374591827393 8.12353706359863 8.1234769821167 8.12348651885986 8.12364673614502 8.1238431930542 8.12411212921143 8.12438297271729 8.12462520599365 8.12481212615967 8.12476348876953 8.12464904785156 8.12439441680908 8.1243782043457 8.12465286254883 8.12522220611572 8.12600803375244 8.12743282318115 8.12912178039551 8.13178157806396 8.1346321105957 8.13761329650879 8.14031314849854 8.14022445678711 8.13986778259277 8.13856887817383 8.13740158081055 8.13647842407227 8.13560104370117 8.13477325439453 8.13403415679932 8.1333532333374 8.13288688659668 8.1324987411499 8.13250255584717
8.1343355178833 8.13302707672119 8.13173007965088 8.13064670562744 8.12958717346191 8.12858104705811 8.12760639190674 8.12678623199463 8.12600612640381 8.12532424926758 8.12465286254883 8.12399673461914 8.12361526489258 8.123459815979 8.12344646453857 8.12350082397461 8.1237211227417 8.12398147583008 8.12430763244629 8.12463855743408 8.1249532699585 8.12521266937256 8.125244140625 8.12514209747314 8.124755859375 8.12457180023193 8.12463474273682 8.12497138977051 8.12550735473633 8.12663745880127 8.12801265716553 8.13039875030518 8.13298320770264 8.13596725463867 8.13867092132568 8.13849449157715 8.13807487487793 8.13680648803711 8.13568210601807 8.13482761383057 8.13394546508789 8.13303184509277 8.13217067718506 8.13134288787842 8.13070392608643 8.13013172149658 8.13000679016113
8.13313388824463 8.13193511962891 8.13077354431152 8.12981128692627 8.12887668609619 8.12813949584961 8.1274299621582 8.12685680389404 8.12625503540039 8.12558364868164 8.12485980987549 8.12406063079834 8.12360572814941 8.12343215942383 8.12344074249268 8.12353515625 8.12378978729248 8.12408256530762 8.12444686889648 8.12481594085693 8.1251974105835 8.12551975250244 8.12559795379639 8.12552547454834 8.12513542175293 8.12487125396729 8.1247615814209 8.12495994567871 8.12538242340088 8.12632083892822 8.12747192382812 8.12966823577881 8.13206958770752 8.13490009307861 8.13743305206299 8.13690090179443 8.13622283935547 8.13502883911133 8.13395309448242 8.13309574127197 8.13221549987793 8.13130760192871 8.13045787811279 8.12964630126953 8.12893581390381 8.12826251983643 8.12791156768799
8.13192462921143 8.13084602355957 8.12982845306396 8.12900447845459 8.12821197509766 8.12776184082031 8.12732410430908 8.126953125 8.12649059295654 8.12580585479736 8.12502479553223 8.12411308288574 8.12359714508057 8.12340545654297 8.12343120574951 8.12355995178223 8.12383842468262 8.12415313720703 8.12455272674561 8.12496089935303 8.12540340423584 8.12578392028809 8.12590599060059 8.12586212158203 8.12546920776367 8.12513446807861 8.12486934661865 8.12495231628418 8.12528800964355 8.12606430053711 8.1270227432251 8.12905502319336 8.13129711151123 8.13392639160156 8.13624286651611 8.13537120819092 8.13444328308105 8.13331317901611 8.13227558135986 8.13140869140625 8.13051605224609 8.12959384918213 8.12874507904053 8.12794494628906 8.12714958190918 8.12635612487793 8.12577438354492
8.1306848526001 8.12977027893066 8.12893104553223 8.12830352783203 8.12771606445312 8.12761497497559 8.12747669219971 8.1271448135376 8.12667846679688 8.12588500976562 8.12503910064697 8.12411880493164 8.12358856201172 8.12337589263916 8.1234073638916 8.12355422973633 8.12381839752197 8.12411117553711 8.12454128265381 8.12498378753662 8.12547206878662 8.12589550018311 8.12604331970215 8.12602138519287 8.12564086914062 8.12526988983154 8.12491035461426 8.12495899200439 8.12530517578125 8.1260290145874 8.12690925598145 8.12887191772461 8.13104724884033 8.1332950592041 8.13522815704346 8.13407421112061 8.13292980194092 8.13181972503662 8.130784034729 8.12988567352295 8.12893295288086 8.12792110443115 8.12703418731689 8.12622737884521 8.12529182434082 8.12431049346924 8.1234884262085
