Ecospace-environmental-drivers/Outputs/ASCII-for-ecospace/MOM6-ISIMIP3a/ph/1981-05_ph_MOM6-ISIMIP3a.asc
NCOLS 131 
NROWS 53 
XLLCORNER -98 
YLLCORNER 23.9265270233154 
CELLSIZE 0.133587792515755 
NODATA_value -9999 
[rows 21 to 41 of 53, columns 47 to 93 of 131]
8.14745044708252 8.14801216125488 8.14870738983154 8.14888095855713 8.14903259277344 8.15000247955322 8.1511173248291 8.15296649932861 8.15517807006836 8.15826225280762 8.1608304977417 8.16268825531006 8.16353511810303 8.16355514526367 8.1614875793457 8.15843200683594 8.15544891357422 8.15248203277588 8.1526927947998 8.15308570861816 8.15297794342041 8.15291690826416 8.15305042266846 8.15327739715576 8.15369701385498 8.15463638305664 8.15620994567871 8.15707492828369 8.1574239730835 8.15584659576416 8.15347290039062 8.15146923065186 8.14953804016113 8.14909267425537 8.14876174926758 8.14901447296143 8.14960289001465 8.15136909484863 8.15304946899414 8.15456771850586 8.15619850158691 8.15795230865479 8.15920448303223 8.16013431549072 8.16029262542725 8.16017436981201 8.15925216674805
8.14462375640869 8.14465045928955 8.14473819732666 8.14456653594971 8.14439010620117 8.14483261108398 8.14540672302246 8.14664649963379 8.14813137054443 8.15021133422852 8.15190505981445 8.15306854248047 8.15352630615234 8.15340709686279 8.15209770202637 8.15022563934326 8.14830303192139 8.1463680267334 8.14664363861084 8.14705562591553 8.14725112915039 8.14752292633057 8.14811420440674 8.14888763427734 8.15004920959473 8.15151977539062 8.15336799621582 8.15453338623047 8.15520095825195 8.1542444229126 8.15261554718018 8.15091419219971 8.14919853210449 8.14830303192139 8.14753532409668 8.1477165222168 8.14822483062744 8.14988327026367 8.15146255493164 8.15289211273193 8.15439033508301 8.15596294403076 8.15713787078857 8.15805530548096 8.15873146057129 8.15932178497314 8.15889549255371
8.14217853546143 8.14176368713379 8.14134502410889 8.14093399047852 8.14053630828857 8.14047241210938 8.14052104949951 8.14113903045654 8.14187145233154 8.14288234710693 8.14365863800049 8.14411354064941 8.14412975311279 8.14378643035889 8.14312171936035 8.14230537414551 8.14141273498535 8.14050197601318 8.14084529876709 8.14127922058105 8.14178466796875 8.1423921585083 8.14343452453613 8.14474868774414 8.14663696289062 8.14861869812012 8.15071201324463 8.15216255187988 8.1531457901001 8.15280532836914 8.15191745758057 8.15049362182617 8.14896392822266 8.14758396148682 8.14634704589844 8.14645290374756 8.14686489105225 8.14835357666016 8.14979457855225 8.15114784240723 8.15253067016602 8.15394592285156 8.15504169464111 8.15593147277832 8.15710163116455 8.15837287902832 8.15843296051025
8.14044570922852 8.139967918396 8.13949203491211 8.13963031768799 8.13981533050537 8.13951587677002 8.13928318023682 8.13938617706299 8.13949680328369 8.13962650299072 8.13966178894043 8.13956546783447 8.13931465148926 8.13893795013428 8.13845252990723 8.13791465759277 8.13749313354492 8.13709735870361 8.13754367828369 8.13805770874023 8.13872528076172 8.13950824737549 8.14076709747314 8.14223098754883 8.14412498474121 8.1461353302002 8.14828681945801 8.15003395080566 8.15148639678955 8.15168762207031 8.15137100219727 8.15010833740234 8.14865970611572 8.14715194702148 8.14578437805176 8.14579772949219 8.14600467681885 8.14689159393311 8.14791393280029 8.1491870880127 8.1507043838501 8.15248680114746 8.15377330780029 8.15473747253418 8.15579414367676 8.15688514709473 8.15737628936768
8.13875770568848 8.13826847076416 8.13778209686279 8.13831520080566 8.13891315460205 8.13845252990723 8.13801383972168 8.13768482208252 8.13728427886963 8.1367073059082 8.13614559173584 8.13560390472412 8.13513660430908 8.13472938537598 8.13440227508545 8.13411331176758 8.1340856552124 8.13411998748779 8.13467121124268 8.13527297973633 8.13609886169434 8.13704299926758 8.13848304748535 8.14004421234131 8.14186096191406 8.14381980895996 8.14595127105713 8.14791488647461 8.14975452423096 8.15041828155518 8.15059375762939 8.149489402771 8.14813232421875 8.14664077758789 8.14527893066406 8.14522933959961 8.14525318145752 8.14553260803223 8.14610958099365 8.14724063873291 8.14877128601074 8.15073871612549 8.15219402313232 8.15331840515137 8.15442180633545 8.155517578125 8.1563606262207
8.13726806640625 8.13700008392334 8.13670444488525 8.13694477081299 8.1372184753418 8.13691806793213 8.13660335540771 8.13621234893799 8.13578414916992 8.13526344299316 8.13474178314209 8.1342191696167 8.13374996185303 8.13332653045654 8.13306999206543 8.13289165496826 8.13292789459229 8.13301467895508 8.13368320465088 8.13440799713135 8.13536643981934 8.13641929626465 8.13787364959717 8.13930320739746 8.14068222045898 8.14223766326904 8.14401054382324 8.14583969116211 8.14770984649658 8.14848232269287 8.14879989624023 8.14784049987793 8.14663028717041 8.14578151702881 8.1450252532959 8.14504146575928 8.14497566223145 8.14461994171143 8.14463996887207 8.14535808563232 8.14637660980225 8.14772129058838 8.14925575256348 8.15091419219971 8.15276050567627 8.1546745300293 8.15552043914795
8.13587474822998 8.13582992553711 8.13573741912842 8.13581562042236 8.13590240478516 8.13574504852295 8.13554096221924 8.13509464263916 8.13460826873779 8.13402557373047 8.13346481323242 8.13293647766113 8.13245964050293 8.13202571868896 8.13181400299072 8.1317081451416 8.13175773620605 8.13184547424316 8.13251304626465 8.13323783874512 8.1342191696167 8.13530540466309 8.13682460784912 8.13818550109863 8.13920974731445 8.14036083221436 8.1416654586792 8.14305877685547 8.14451789855957 8.14521503448486 8.14559650421143 8.14516639709473 8.14457702636719 8.14437675476074 8.144211769104 8.14426612854004 8.14415264129639 8.1434497833252 8.14311504364014 8.14346504211426 8.14404964447021 8.14488887786865 8.14639759063721 8.14834117889404 8.15083122253418 8.1535177230835 8.15453243255615
8.13469123840332 8.13487529754639 8.13501262664795 8.13521289825439 8.13540935516357 8.1353588104248 8.1352367401123 8.13475036621094 8.13414096832275 8.13323497772217 8.13246440887451 8.13187885284424 8.13137912750244 8.13094997406006 8.13072776794434 8.13060474395752 8.13056182861328 8.13053703308105 8.13094425201416 8.13140106201172 8.13217067718506 8.13311862945557 8.1348180770874 8.13624572753906 8.13709831237793 8.13783836364746 8.13844013214111 8.1387414932251 8.13882255554199 8.13904190063477 8.13931655883789 8.14025402069092 8.14132022857666 8.14178085327148 8.14218044281006 8.14221000671387 8.14213943481445 8.14171695709229 8.14147090911865 8.14155101776123 8.14187240600586 8.14245796203613 8.14371299743652 8.14540100097656 8.14831733703613 8.15167427062988 8.15322113037109
8.13394069671631 8.13432693481445 8.134690284729 8.13497257232666 8.13523197174072 8.13509178161621 8.13486385345459 8.13419437408447 8.13340091705322 8.13230991363525 8.13140773773193 8.13076400756836 8.13020706176758 8.12971973419189 8.12943363189697 8.12924289703369 8.12906932830811 8.12889957427979 8.12902927398682 8.12920379638672 8.12974548339844 8.13048839569092 8.13207054138184 8.13341236114502 8.13424301147461 8.13467311859131 8.13461399078369 8.13419151306152 8.13350391387939 8.13363456726074 8.13410472869873 8.13564395904541 8.13739204406738 8.13823699951172 8.13898849487305 8.1391487121582 8.13925743103027 8.13918304443359 8.13914966583252 8.13919448852539 8.13948917388916 8.14005661010742 8.14119148254395 8.14269351959229 8.14574813842773 8.14935970306396 8.15149211883545
8.13373470306396 8.13428783416748 8.13487243652344 8.1351900100708 8.13545227050781 8.13497447967529 8.1344051361084 8.13337326049805 8.13231945037842 8.13121604919434 8.13028144836426 8.12957954406738 8.12892055511475 8.12829780578613 8.12787818908691 8.12755489349365 8.12720489501953 8.12684917449951 8.12667846679688 8.12654972076416 8.1268482208252 8.12729930877686 8.12839221954346 8.12945365905762 8.13045120239258 8.13069915771484 8.13003253936768 8.12935066223145 8.12865734100342 8.12919235229492 8.13023662567139 8.13141441345215 8.13261890411377 8.13350200653076 8.13433742523193 8.13482570648193 8.13528442382812 8.13564014434814 8.13597774505615 8.1362829208374 8.1368465423584 8.13769149780273 8.13887596130371 8.14027976989746 8.14311027526855 8.14645385742188 8.14923667907715
8.13377571105957 8.13435554504395 8.13497352600098 8.13513660430908 8.13522338867188 8.13450813293457 8.13372135162354 8.13257026672363 8.13143157958984 8.13032627105713 8.12936305999756 8.12859630584717 8.12788105010986 8.1272087097168 8.12673950195312 8.12636756896973 8.12593555450439 8.12549018859863 8.12510776519775 8.12476062774658 8.12485027313232 8.12503719329834 8.12562465667725 8.12625312805176 8.12696838378906 8.12704944610596 8.1263542175293 8.12581253051758 8.12538433074951 8.12594604492188 8.12691974639893 8.12776565551758 8.128586769104 8.12943267822266 8.13026332855225 8.13094425201416 8.13162708282471 8.13231945037842 8.13297939300537 8.13357925415039 8.1344165802002 8.13551139831543 8.13681125640869 8.13824367523193 8.14090156555176 8.14400005340576 8.14712524414062
8.13400268554688 8.13450527191162 8.1350154876709 8.13488101959229 8.13465690612793 8.13378047943115 8.13286972045898 8.13178062438965 8.13068866729736 8.12958908081055 8.12860107421875 8.12776470184326 8.12702751159668 8.12636852264404 8.12591361999512 8.12555503845215 8.12511253356934 8.12465000152588 8.12412166595459 8.12361812591553 8.12352752685547 8.12346839904785 8.12353992462158 8.12362098693848 8.12371921539307 8.12364292144775 8.12335395812988 8.12325382232666 8.123291015625 8.12359714508057 8.12401485443115 8.12455081939697 8.1251106262207 8.12586212158203 8.12662124633789 8.12739372253418 8.12820625305176 8.12916469573975 8.13011074066162 8.13103294372559 8.13214683532715 8.133469581604 8.13493537902832 8.13649272918701 8.13901519775391 8.14188575744629 8.14512252807617
8.13388729095459 8.13424301147461 8.13457489013672 8.13430118560791 8.13394641876221 8.13310050964355 8.13222599029541 8.13120555877686 8.1301736831665 8.12911319732666 8.1281213760376 8.12722396850586 8.12647438049316 8.12584400177002 8.12534999847412 8.12492179870605 8.12426662445068 8.12355709075928 8.12287712097168 8.12222576141357 8.12196826934814 8.12173843383789 8.12162494659424 8.12154674530029 8.12154102325439 8.12148952484131 8.12138271331787 8.12142562866211 8.12157726287842 8.12179851531982 8.12204742431641 8.12242794036865 8.12283515930176 8.12350749969482 8.12419605255127 8.1249475479126 8.12576770782471 8.12682247161865 8.12788772583008 8.12897205352783 8.1302375793457 8.1317024230957 8.13318920135498 8.134690284729 8.13702964782715 8.13967037200928 8.14301872253418
8.13362503051758 8.13380527496338 8.1339282989502 8.13358116149902 8.13317394256592 8.1324405670166 8.13167190551758 8.13072299957275 8.12975597381592 8.12874794006348 8.12776279449463 8.12680721282959 8.12604999542236 8.12545299530029 8.12489891052246 8.12436389923096 8.12341022491455 8.12235641479492 8.12152099609375 8.12072658538818 8.12030792236328 8.11993980407715 8.11978244781494 8.11971187591553 8.11982250213623 8.11987400054932 8.11985301971436 8.11991119384766 8.12002658843994 8.12023448944092 8.12048053741455 8.12077331542969 8.12107467651367 8.12167358398438 8.12229061126709 8.12297630310059 8.12374877929688 8.12482833862305 8.12594223022461 8.12711906433105 8.12848472595215 8.13005352020264 8.13150024414062 8.13286590576172 8.13500118255615 8.13741302490234 8.14087200164795
8.13289546966553 8.1330041885376 8.13304710388184 8.13271617889404 8.13233661651611 8.13170433044434 8.13103580474854 8.13018798828125 8.12931537628174 8.12837982177734 8.12745380401611 8.12653827667236 8.12582874298096 8.12528610229492 8.12464809417725 8.1239652633667 8.12266826629639 8.12122440338135 8.12035274505615 8.11954879760742 8.11915969848633 8.11882972717285 8.11874389648438 8.11872291564941 8.11884117126465 8.11892127990723 8.11895561218262 8.11907005310059 8.11924457550049 8.11945056915283 8.11966991424561 8.11988544464111 8.1201000213623 8.12058639526367 8.12109470367432 8.1217098236084 8.12240123748779 8.12335872650146 8.12436485290527 8.12546062469482 8.12677764892578 8.12833404541016 8.12976455688477 8.13111305236816 8.13321781158447 8.13559341430664 8.1390266418457
8.13206768035889 8.13212776184082 8.13211822509766 8.13182067871094 8.13148498535156 8.13095092773438 8.13038349151611 8.12964344024658 8.12886905670166 8.12801170349121 8.12715530395508 8.12630081176758 8.12564945220947 8.12516498565674 8.12443923950195 8.12360000610352 8.12195014953613 8.12010669708252 8.11922264099121 8.11843776702881 8.11811828613281 8.1178617477417 8.11787033081055 8.11790943145752 8.11801242828369 8.1181058883667 8.11818790435791 8.11836814880371 8.11862087249756 8.1188268661499 8.11901473999023 8.11915588378906 8.11928749084473 8.11965465545654 8.12004566192627 8.12058925628662 8.12119102478027 8.12199687957764 8.12286376953125 8.12384223937988 8.12508010864258 8.12659931182861 8.12801933288574 8.12937545776367 8.13148403167725 8.13386344909668 8.13724327087402
8.13082599639893 8.1309871673584 8.13109683990479 8.13084316253662 8.13054466247559 8.13004016876221 8.1295108795166 8.12885570526123 8.12818050384521 8.12745666503906 8.12678909301758 8.12619781494141 8.12585353851318 8.12571144104004 8.12460708618164 8.123046875 8.12134265899658 8.11960411071777 8.11877346038818 8.11803150177002 8.1176872253418 8.11740779876709 8.11739730834961 8.11740875244141 8.11746978759766 8.11750316619873 8.11750316619873 8.11770439147949 8.11805057525635 8.11824035644531 8.11836528778076 8.1185998916626 8.11885643005371 8.11918354034424 8.11952114105225 8.11994743347168 8.12042808532715 8.12110424041748 8.1218376159668 8.12267684936523 8.12370681762695 8.12494373321533 8.12626266479492 8.12763404846191 8.12977409362793 8.1321907043457 8.13552284240723
8.12957763671875 8.1298303604126 8.130051612854 8.12985134124756 8.12960052490234 8.12913227081299 8.12864780426025 8.12807750701904 8.12750053405762 8.1269063949585 8.12641906738281 8.12607955932617 8.1260347366333 8.1262321472168 8.1247673034668 8.12251567840576 8.120774269104 8.11915493011475 8.11836910247803 8.11766338348389 8.11728954315186 8.11698055267334 8.1169376373291 8.11691379547119 8.11692810058594 8.11690425872803 8.11683368682861 8.11704349517822 8.11745834350586 8.11764430999756 8.11773490905762 8.11807918548584 8.11847305297852 8.11876583099365 8.11905670166016 8.11936283111572 8.11972332000732 8.12027072906494 8.12087249755859 8.12157344818115 8.12239646911621 8.12335395812988 8.12455177307129 8.1259069442749 8.1280689239502 8.13052082061768 8.13379764556885
8.12845611572266 8.12863445281982 8.12879085540771 8.12873554229736 8.12864875793457 8.12832832336426 8.12798309326172 8.12750816345215 8.1270170211792 8.12648487091064 8.12604522705078 8.12573432922363 8.1257905960083 8.12614727020264 8.12466239929199 8.12230491638184 8.12057113647461 8.11898517608643 8.11813068389893 8.11735248565674 8.11695003509521 8.11659622192383 8.11644172668457 8.11632061004639 8.1162691116333 8.11625576019287 8.11628723144531 8.1164083480835 8.1165943145752 8.11692333221436 8.11731052398682 8.11784648895264 8.11841011047363 8.1187047958374 8.11898040771484 8.11917018890381 8.11941432952881 8.11985206604004 8.12034130096436 8.12092685699463 8.12161350250244 8.12241172790527 8.1233377456665 8.12434577941895 8.12641143798828 8.12885665893555 8.13198375701904
8.12749481201172 8.12760066986084 8.12769985198975 8.12777900695801 8.12784767150879 8.12770080566406 8.12751197814941 8.12711334228516 8.12668228149414 8.12617301940918 8.12572860717773 8.1253719329834 8.12544536590576 8.12586975097656 8.12439823150635 8.12202739715576 8.12034320831299 8.11882400512695 8.11791133880615 8.11706829071045 8.11662483215332 8.11621761322021 8.1159610748291 8.11575126647949 8.11563777923584 8.11562252044678 8.11572742462158 8.1157751083374 8.11578273773193 8.11620616912842 8.11680126190186 8.11748886108398 8.11819458007812 8.11850166320801 8.11877822875977 8.11888885498047 8.11905097961426 8.11938953399658 8.11977767944336 8.1202564239502 8.1208324432373 8.1215124130249 8.12221336364746 8.12292861938477 8.12482643127441 8.12714767456055 8.13012218475342
8.12712001800537 8.12716388702393 8.12723064422607 8.12740993499756 8.12759876251221 8.12771701812744 8.12775039672852 8.12735748291016 8.1268949508667 8.12626552581787 8.12561798095703 8.12494659423828 8.12473011016846 8.12488555908203 8.1235466003418 8.12149810791016 8.12002849578857 8.11869525909424 8.11776256561279 8.11688041687012 8.11635112762451 8.11586093902588 8.11553478240967 8.11526298522949 8.11510562896729 8.11505031585693 8.11512088775635 8.11515426635742 8.11516189575195 8.11550426483154 8.1159839630127 8.11667919158936 8.11741542816162 8.11777877807617 8.1181116104126 8.11828804016113 8.11848640441895 8.11876583099365 8.11909198760986 8.11950492858887 8.1200590133667 8.12076568603516 8.12141990661621 8.12204074859619 8.12350749969482 8.12527942657471 8.12808609008789
