Ecospace-environmental-drivers/Outputs/ASCII-for-ecospace/MOM6-ISIMIP3a/ph/1982-01_ph_MOM6-ISIMIP3a.asc
NCOLS 131 
NROWS 53 
XLLCORNER -98 
YLLCORNER 23.9265270233154 
CELLSIZE 0.133587792515755 
NODATA_value -9999 
[rows 0 to 20 of 53, columns 47 to 93 of 131]
-9999 -9999 -9999 -9999 -9999 -9999 -9999 -9999 -9999 -9999 -9999 -9999 -9999 -9999 -9999 -9999 -9999 -9999 -9999 -9999 -9999 -9999 -9999 -9999 -9999 -9999 -9999 -9999 -9999 -9999 -9999 -9999 -9999 -9999 -9999 -9999 -9999 -9999 -9999 -9999 -9999 -9999 -9999 -9999 -9999 -9999 -9999
-9999 -9999 -9999 -9999 -9999 -9999 -9999 -9999 -9999 -9999 -9999 -9999 -9999 -9999 -9999 -9999 -9999 -9999 -9999 -9999 -9999 -9999 -9999 -9999 -9999 -9999 -9999 -9999 -9999 -9999 -9999 -9999 -9999 -9999 -9999 -9999 -9999 -9999 -9999 -9999 -9999 -9999 -9999 -9999 -9999 -9999 -9999
-9999 -9999 -9999 -9999 -9999 -9999 -9999 -9999 -9999 -9999 -9999 -9999 -9999 -9999 -9999 -9999 -9999 -9999 -9999 -9999 -9999 -9999 -9999 -9999 -9999 -9999 -9999 8.26226425170898 8.26991176605225 -9999 -9999 -9999 -9999 -9999 -9999 -9999 -9999 -9999 -9999 -9999 -9999 -9999 -9999 -9999 -9999 -9999 -9999
-9999 -9999 -9999 -9999 -9999 -9999 -9999 -9999 -9999 -9999 -9999 -9999 -9999 -9999 -9999 -9999 -9999 -9999 -9999 -9999 -9999 -9999 -9999 -9999 -9999 -9999 -9999 8.26241779327393 8.26984977722168 -9999 -9999 -9999 -9999 -9999 -9999 -9999 -9999 -9999 -9999 -9999 -9999 -9999 -9999 -9999 -9999 -9999 -9999
-9999 -9999 -9999 -9999 -9999 -9999 -9999 -9999 -9999 -9999 -9999 -9999 -9999 -9999 -9999 -9999 -9999 -9999 8.13642978668213 8.1407585144043 8.14422225952148 8.16442489624023 8.18209171295166 8.21207237243652 8.23295593261719 8.24580478668213 8.25536632537842 8.2624044418335 8.26948356628418 8.27765941619873 -9999 -9999 8.2877025604248 8.2781457901001 8.26504039764404 8.25504779815674 8.25014781951904 8.24785614013672 8.24764060974121 8.24868583679199 8.25227451324463 8.25866889953613 -9999 -9999 -9999 -9999 -9999
-9999 -9999 -9999 -9999 -9999 -9999 -9999 -9999 -9999 -9999 -9999 -9999 -9999 -9999 7.82658910751343 -9999 7.82685613632202 7.82763528823853 7.98324155807495 8.13642978668213 8.14162445068359 8.14422225952148 8.18462753295898 8.21742534637451 8.23416328430176 8.24728012084961 8.25597190856934 8.26284599304199 8.26839637756348 8.27720928192139 8.28737258911133 8.29120349884033 8.29378986358643 8.27811431884766 8.26253223419189 8.25447463989258 8.24813556671143 8.24783420562744 8.24759864807129 8.24748802185059 8.25096988677979 8.25836563110352 8.26667022705078 8.27556324005127 -9999 -9999 -9999
-9999 -9999 -9999 -9999 -9999 -9999 -9999 -9999 -9999 -9999 7.84833860397339 7.84663152694702 7.84571599960327 7.84404420852661 7.8355975151062 7.82717227935791 7.82600593566895 7.82692766189575 7.82763528823853 7.98565912246704 8.13642978668213 8.14422225952148 8.18462753295898 8.21742534637451 8.23416328430176 8.24728012084961 8.25597190856934 8.26284599304199 8.26839637756348 8.27720928192139 8.28737258911133 8.29120349884033 8.29378986358643 8.27811431884766 8.26253223419189 8.25447463989258 8.24813556671143 8.24783420562744 8.24759864807129 8.24748802185059 8.25096988677979 8.25836563110352 8.26667022705078 8.27556324005127 8.27791309356689 8.27287292480469 -9999
-9999 -9999 -9999 -9999 -9999 -9999 -9999 -9999 -9999 -9999 7.85749053955078 7.84833860397339 7.84492492675781 -9999 7.84332418441772 7.83760166168213 7.82833814620972 7.82600593566895 7.82714176177979 7.82763528823853 7.99291181564331 8.1340446472168 8.17413520812988 8.20570755004883 8.21929836273193 8.23075199127197 8.23959445953369 8.24748420715332 8.25468063354492 8.26215648651123 8.26974773406982 8.27250671386719 8.27431488037109 8.26143550872803 8.24860000610352 8.24149990081787 8.23573875427246 8.23468780517578 8.2340841293335 8.23431205749512 8.23787021636963 8.24505615234375 8.25375843048096 8.26344203948975 8.26859188079834 8.27211284637451 8.27437305450439
-9999 -9999 -9999 -9999 -9999 -9999 -9999 -9999 -9999 -9999 -9999 -9999 -9999 -9999 7.84180355072021 7.84665822982788 7.8452033996582 7.83067035675049 7.82600593566895 7.82778453826904 7.98709297180176 8.12331104278564 8.1628942489624 8.19300270080566 8.2031135559082 8.21268844604492 8.22160816192627 8.23054218292236 8.2394847869873 8.24549770355225 8.25029754638672 8.25188446044922 8.25284004211426 8.24310398101807 8.23335456848145 8.22733688354492 8.22223854064941 8.22037410736084 8.21936130523682 8.21992778778076 8.22353649139404 8.23045825958252 8.23956203460693 8.250075340271 8.26048564910889 8.27085781097412 8.27542972564697
8.20461654663086 -9999 -9999 -9999 -9999 -9999 -9999 -9999 -9999 -9999 8.05083465576172 7.86687135696411 -9999 -9999 -9999 7.84238862991333 7.86290311813354 7.86404895782471 7.83533525466919 7.8461446762085 8.00080394744873 8.13213634490967 8.16584014892578 8.19102668762207 8.19823169708252 8.20486736297607 8.21080780029297 8.2178840637207 8.22578525543213 8.23110675811768 8.23536014556885 8.23647308349609 8.23696899414062 8.23156070709229 8.22605991363525 8.2217903137207 8.21802711486816 8.21604347229004 8.21462440490723 8.21425151824951 8.21673583984375 8.22233200073242 8.23042392730713 8.24013042449951 8.24984264373779 8.25955677032471 8.26929950714111
8.2080659866333 8.20857524871826 -9999 -9999 -9999 -9999 -9999 -9999 -9999 -9999 8.14186573028564 8.03195762634277 7.86687135696411 -9999 -9999 7.8210277557373 7.85779905319214 7.90988254547119 7.89122200012207 7.87838363647461 8.02101230621338 8.14145374298096 8.16904163360596 8.18928050994873 8.19400501251221 8.19807720184326 8.20135307312012 8.20655822753906 8.21316909790039 8.21770095825195 8.2213716506958 8.22218990325928 8.22244739532471 8.22094917297363 8.21928310394287 8.21660709381104 8.21407508850098 8.21204853057861 8.21033763885498 8.20921421051025 8.21066951751709 8.21493721008301 8.22182750701904 8.23041534423828 8.23929405212402 8.24827766418457 8.26201152801514
8.2080659866333 8.20959281921387 8.20556259155273 8.2047815322876 -9999 -9999 -9999 -9999 -9999 -9999 -9999 8.11336803436279 7.99889898300171 7.86687135696411 7.84833860397339 7.8210277557373 7.85779905319214 7.90988254547119 7.94622421264648 7.98506784439087 8.0760669708252 8.15341091156006 8.17360687255859 8.1887674331665 8.19329738616943 8.19681930541992 8.19911003112793 8.20238018035889 8.20636367797852 8.2095775604248 8.2124719619751 8.21395778656006 8.21516704559326 8.21533870697021 8.21528244018555 8.2133731842041 8.21151828765869 8.20985412597656 8.20846843719482 8.20760345458984 8.2085485458374 8.21146488189697 8.21613216400146 8.22193050384521 8.229248046875 8.23711109161377 8.24850845336914
8.20627689361572 8.20534706115723 8.20259189605713 8.20471954345703 -9999 -9999 -9999 -9999 8.17669010162354 8.16425132751465 8.14967155456543 8.13215351104736 8.05827808380127 7.93829345703125 7.88371276855469 7.8601131439209 7.891930103302 7.93698787689209 8.00572395324707 8.07466411590576 8.12290668487549 8.16452407836914 8.17841815948486 8.18917846679688 8.19332504272461 8.19629001617432 8.19781112670898 8.19949913024902 8.20130729675293 8.20328617095947 8.20533561706543 8.20714664459229 8.20891189575195 8.21022987365723 8.21129512786865 8.21005821228027 8.20882129669189 8.20758628845215 8.20658206939697 8.20600891113281 8.20658016204834 8.20839881896973 8.21112632751465 8.21444225311279 8.21982574462891 8.2259521484375 8.2347354888916
8.20001411437988 8.20105171203613 8.20222759246826 8.20471954345703 8.20703315734863 8.2008695602417 8.19436836242676 8.18614673614502 8.17669010162354 8.16425132751465 8.14967155456543 8.13215351104736 8.09207534790039 8.03353881835938 8.00752449035645 7.99691534042358 8.01139068603516 8.03185939788818 8.07646942138672 8.12154197692871 8.14920806884766 8.17352867126465 8.1838436126709 8.19190216064453 8.19519424438477 8.197585105896 8.19887351989746 8.19985866546631 8.20062255859375 8.20157527923584 8.20260620117188 8.20388889312744 8.20522022247314 8.20637321472168 8.2073392868042 8.20653820037842 8.20577335357666 8.2051362991333 8.20465278625488 8.20445537567139 8.20499706268311 8.2063455581665 8.20784568786621 8.20944309234619 8.2119607925415 8.21481037139893 8.22029113769531
8.20077419281006 8.20170307159424 8.20367050170898 8.20575714111328 8.20757865905762 8.20188045501709 8.19585704803467 8.18817710876465 8.17961311340332 8.16891288757324 8.15660858154297 8.14210224151611 8.12570476531982 8.10775852203369 8.10064506530762 8.09866142272949 8.10244274139404 8.10760116577148 8.13253879547119 8.15795135498047 8.17049694061279 8.18197917938232 8.18900489807129 8.19454669952393 8.19695281982422 8.19872379302979 8.19971752166748 8.20019245147705 8.20028972625732 8.20055389404297 8.20088672637939 8.20164775848389 8.20249271392822 8.20335674285889 8.2040843963623 8.20346641540527 8.20292472839355 8.20264625549316 8.20253849029541 8.20274448394775 8.20333766937256 8.20435428619385 8.20505428314209 8.20555114746094 8.20611667633057 8.20670604705811 8.20969009399414
8.21146297454834 8.20934677124023 8.20766925811768 8.20826244354248 8.20889377593994 8.20432090759277 8.1994514465332 8.19307899475098 8.18666839599609 8.18016529083252 8.17335319519043 8.16611671447754 8.15909576416016 8.15225124359131 8.15037250518799 8.15084552764893 8.1533317565918 8.15629863739014 8.16786003112793 8.17956066131592 8.1846981048584 8.1896448135376 8.19379138946533 8.1970796585083 8.19855690002441 8.1996431350708 8.20025253295898 8.20048999786377 8.20045471191406 8.20050716400146 8.20059585571289 8.20084571838379 8.20112609863281 8.2015266418457 8.20182037353516 8.20102882385254 8.20035552978516 8.20010089874268 8.20016193389893 8.20081329345703 8.20157146453857 8.20244693756104 8.202956199646 8.20322704315186 8.20312786102295 8.20289611816406 8.20452213287354
8.21744728088379 8.21443176269531 8.21151638031006 8.21099376678467 8.21058464050293 8.20658683776855 8.20244312286377 8.19755363464355 8.19302749633789 8.18937587738037 8.1859712600708 8.18290710449219 8.18092727661133 8.17983341217041 8.18043422698975 8.18183708190918 8.18346977233887 8.18515682220459 8.18917942047119 8.19316291809082 8.19423961639404 8.19549751281738 8.1975154876709 8.19913482666016 8.19991397857666 8.20051097869873 8.20088481903076 8.20093441009521 8.20074844360352 8.20059776306152 8.20046234130859 8.20017051696777 8.19984912872314 8.19977951049805 8.19963359832764 8.19864654541016 8.19781303405762 8.19751930236816 8.19766139984131 8.19861316680908 8.19941329956055 8.20004749298096 8.20034027099609 8.20041370391846 8.20004653930664 8.19952201843262 8.20041084289551
8.2194709777832 8.21736240386963 8.21523380279541 8.21391773223877 8.21259021759033 8.20870685577393 8.20492649078369 8.20166969299316 8.1988000869751 8.19686603546143 8.1951150894165 8.1936149597168 8.19302272796631 8.19317531585693 8.19393539428711 8.19498348236084 8.19613265991211 8.19730663299561 8.19870853424072 8.20002365112305 8.19985675811768 8.19982147216797 8.20034408569336 8.20078754425049 8.20106506347656 8.20133590698242 8.20159816741943 8.20150375366211 8.20114994049072 8.20080280303955 8.20045948028564 8.19960403442383 8.19864749908447 8.1981029510498 8.19751071929932 8.19631004333496 8.19529056549072 8.19490718841553 8.19505500793457 8.19618797302246 8.19692516326904 8.19723129272461 8.19728946685791 8.19718837738037 8.1968879699707 8.19651508331299 8.19718933105469
8.21425533294678 8.21295356750488 8.21180534362793 8.21136474609375 8.21091079711914 8.20812225341797 8.20540428161621 8.20304489135742 8.2010383605957 8.19988346099854 8.19885540008545 8.19800186157227 8.19784736633301 8.19826698303223 8.19907379150391 8.20006465911865 8.20093059539795 8.20176601409912 8.20236206054688 8.20286750793457 8.20230197906494 8.20180606842041 8.2016019821167 8.20144462585449 8.20138740539551 8.20144081115723 8.20162868499756 8.2014102935791 8.20089340209961 8.20026969909668 8.19960021972656 8.19843864440918 8.19718074798584 8.1962366104126 8.1952600479126 8.19384956359863 8.19265460968018 8.19221591949463 8.19222736358643 8.19307422637939 8.193528175354 8.19355392456055 8.19350528717041 8.19340896606445 8.19327640533447 8.19313049316406 8.1938591003418
8.2054967880249 8.20495414733887 8.20487880706787 8.20613098144531 8.20742702484131 8.20621490478516 8.20490169525146 8.20308017730713 8.20154666900635 8.20071125030518 8.199951171875 8.19929504394531 8.1991138458252 8.19932079315186 8.200119972229 8.20120048522949 8.20187854766846 8.20246028900146 8.20313930511475 8.20374584197998 8.20319557189941 8.20264530181885 8.20209121704102 8.20161533355713 8.20130348205566 8.20119285583496 8.20132637023926 8.2009916305542 8.20031547546387 8.19937324523926 8.19832134246826 8.19698143005371 8.19558429718018 8.1942777633667 8.19294548034668 8.19132709503174 8.18996143341064 8.18948554992676 8.18929290771484 8.18962478637695 8.18968677520752 8.18945503234863 8.18936157226562 8.18935775756836 8.18944358825684 8.18956184387207 8.19047546386719
8.19564247131348 8.19488334655762 8.19450092315674 8.19624805450439 8.19815349578857 8.19841861724854 8.19845104217529 8.19729518890381 8.19639873504639 8.19612503051758 8.19599723815918 8.19607067108154 8.19644069671631 8.19705390930176 8.19793605804443 8.19894504547119 8.19968700408936 8.20036506652832 8.20121097564697 8.20199203491211 8.20165348052979 8.20129013061523 8.20082473754883 8.20036888122559 8.1999340057373 8.19964218139648 8.19952583312988 8.19909286499023 8.19843006134033 8.19739246368408 8.19620037078857 8.19468879699707 8.193115234375 8.19142246246338 8.18973255157471 8.18811511993408 8.18671417236328 8.18607521057129 8.18571281433105 8.18586540222168 8.18589496612549 8.18579006195068 8.18584728240967 8.18600845336914 8.186279296875 8.18658828735352 8.18749809265137
