Ecospace-environmental-drivers/Outputs/ASCII-for-ecospace/MOM6-ISIMIP3a/ph/1983-07_ph_MOM6-ISIMIP3a.asc
NCOLS 131 
NROWS 53 
XLLCORNER -98 
YLLCORNER 23.9265270233154 
CELLSIZE 0.133587792515755 
NODATA_value -9999 
[rows 21 to 41 of 53, columns 0 to 46 of 131]
-9999 -9999 -9999 -9999 -9999 -9999 8.11828804016113 8.11776733398438 8.11649036407471 8.1144962310791 8.11401557922363 8.1129903793335 8.11308574676514 8.11336898803711 8.11458587646484 8.11688232421875 8.1189546585083 8.12087440490723 8.12389850616455 8.12734794616699 8.13150024414062 8.13577651977539 8.13626003265381 8.13657283782959 8.136155128479 8.13584899902344 8.13589954376221 8.13595867156982 8.1360330581665 8.13593482971191 8.13566112518311 8.13534450531006 8.13500308990479 8.13368797302246 8.13204860687256 8.12967300415039 8.12719821929932 8.12491989135742 8.12269687652588 8.12081909179688 8.11912631988525 8.11794948577881 8.11721229553223 8.11715316772461 8.11775302886963 8.11895751953125 8.12074565887451
-9999 -9999 -9999 -9999 -9999 -9999 8.11836719512939 8.11828804016113 8.11724662780762 8.11593055725098 8.1144962310791 8.11456108093262 8.11469459533691 8.11496639251709 8.11580562591553 8.11730194091797 8.11849117279053 8.11946964263916 8.12130260467529 8.12346458435059 8.12599945068359 8.12860107421875 8.12880897521973 8.12890148162842 8.12847805023193 8.12815952301025 8.12818241119385 8.12822723388672 8.12831115722656 8.12835025787354 8.12834358215332 8.12839603424072 8.12848281860352 8.12773132324219 8.12669944763184 8.12494373321533 8.12308788299561 8.12111282348633 8.11917877197266 8.11750793457031 8.11597347259521 8.11482334136963 8.11398696899414 8.11363697052002 8.11369609832764 8.11413097381592 8.11499691009521
-9999 -9999 -9999 -9999 8.12296390533447 8.11990451812744 8.11845207214355 8.11836051940918 8.11828804016113 8.1162052154541 8.1147346496582 8.1156120300293 8.11624240875244 8.11638736724854 8.11666107177734 8.11708354949951 8.11725044250488 8.11724281311035 8.11790180206299 8.11881828308105 8.11983680725098 8.12087440490723 8.12096118927002 8.1209888458252 8.12070178985596 8.1204948425293 8.1205472946167 8.12062644958496 8.12075233459473 8.12094783782959 8.12121486663818 8.12164497375488 8.12217617034912 8.12203025817871 8.12165927886963 8.12056732177734 8.11937236785889 8.11774349212646 8.11614036560059 8.11470222473145 8.11334896087646 8.112229347229 8.11129951477051 8.11066341400146 8.11019802093506 8.10988807678223 8.10986137390137
-9999 -9999 -9999 -9999 8.12994956970215 8.12354850769043 8.12135696411133 8.11845207214355 8.11834049224854 8.11691665649414 8.11573886871338 8.11550521850586 8.11517143249512 8.11464023590088 8.11415958404541 8.11373710632324 8.11330795288086 8.11287212371826 8.11291790008545 8.1131477355957 8.11366844177246 8.11423969268799 8.114426612854 8.11458492279053 8.11457347869873 8.11459827423096 8.11474418640137 8.11491966247559 8.11514568328857 8.11537551879883 8.11561012268066 8.11596012115479 8.11638164520264 8.11638927459717 8.11625957489014 8.11559963226318 8.11486339569092 8.11379909515381 8.11273002624512 8.11163425445557 8.1105842590332 8.10966300964355 8.10886573791504 8.1082592010498 8.10766124725342 8.10707187652588 8.10672187805176
-9999 -9999 -9999 -9999 -9999 8.12994956970215 8.12443351745605 8.12426280975342 8.11866188049316 8.11757278442383 8.1164493560791 8.11519622802734 8.11399364471436 8.11289215087891 8.1117696762085 8.11062431335449 8.10966205596924 8.10882568359375 8.1083402633667 8.10799026489258 8.1080961227417 8.10828304290771 8.10854434967041 8.10880374908447 8.10902404785156 8.10924434661865 8.10946559906006 8.10971450805664 8.11001110076904 8.11024951934814 8.11042785644531 8.11068439483643 8.11098861694336 8.11112117767334 8.11119651794434 8.11091041564941 8.11057186126709 8.10999393463135 8.1093864440918 8.10859107971191 8.10780715942383 8.10705375671387 8.10635662078857 8.10574436187744 8.10504150390625 8.10425567626953 8.10366058349609
-9999 -9999 -9999 -9999 -9999 8.13103866577148 8.12994956970215 8.12507152557373 8.1201696395874 8.11798858642578 8.11587142944336 8.11400032043457 8.11235046386719 8.11114120483398 8.10986995697021 8.10852909088135 8.10731983184814 8.10620021820068 8.10554981231689 8.10508060455322 8.10514354705811 8.105299949646 8.1055269241333 8.10575866699219 8.10601902008057 8.10626983642578 8.10648727416992 8.10671043395996 8.10694599151611 8.10707664489746 8.10709953308105 8.10720443725586 8.10735893249512 8.10748767852783 8.1076078414917 8.10744190216064 8.10723400115967 8.10679817199707 8.10633087158203 8.10566329956055 8.10498142242432 8.10425567626953 8.10351371765137 8.10274505615234 8.10205459594727 8.10143661499023 8.10093784332275
-9999 -9999 8.13341522216797 8.13313865661621 8.13284969329834 8.13212871551514 8.13103675842285 8.12611961364746 8.12116527557373 8.11815547943115 8.11529636383057 8.11301040649414 8.11106872558594 8.10980987548828 8.10838985443115 8.10678291320801 8.10529327392578 8.10388469696045 8.10305118560791 8.10243988037109 8.10242080688477 8.10250663757324 8.10267639160156 8.10286045074463 8.10314559936523 8.10340785980225 8.10359764099121 8.10378837585449 8.10398101806641 8.1040506362915 8.10399341583252 8.10398197174072 8.1039981842041 8.1041259765625 8.10428905487061 8.10421085357666 8.10409641265869 8.10376930236816 8.10340690612793 8.10282802581787 8.10221767425537 8.10151863098145 8.10079574584961 8.10003757476807 8.09943675994873 8.09898090362549 8.0985631942749
-9999.000000000000000 -9999 -9999 -9999 8.13443660736084 8.13357067108154 8.13423538208008 8.12768745422363 8.1210470199585 8.11778163909912 8.11472606658936 8.11246967315674 8.11057472229004 8.10939598083496 8.10782337188721 8.10579586029053 8.10395622253418 8.10224533081055 8.1011905670166 8.1003885269165 8.10020160675049 8.10012340545654 8.10019111633301 8.1002836227417 8.10055637359619 8.10079097747803 8.10090160369873 8.10104274749756 8.10123729705811 8.10134792327881 8.1013708114624 8.10132026672363 8.10122394561768 8.10135459899902 8.10156059265137 8.1014986038208 8.10139846801758 8.10110282897949 8.10076904296875 8.10019493103027 8.0995922088623 8.09891414642334 8.09835243225098 8.0979700088501 8.09762573242188 8.09731578826904 8.09694957733154
-9999 -9999 -9999 -9999 8.13656997680664 8.13760948181152 8.13705730438232 8.12891101837158 8.12076568603516 8.11731433868408 8.11417293548584 8.11221504211426 8.11046981811523 8.1091423034668 8.10727214813232 8.10477733612061 8.10261631011963 8.10068607330322 8.0994348526001 8.09844589233398 8.0980167388916 8.09768676757812 8.0976037979126 8.09755706787109 8.09776210784912 8.09793663024902 8.09800815582275 8.09812068939209 8.09830474853516 8.09843921661377 8.0985221862793 8.09848022460938 8.09836196899414 8.09850597381592 8.09873867034912 8.09871578216553 8.09865665435791 8.09842109680176 8.09815216064453 8.09766674041748 8.09718418121338 8.09671020507812 8.0964241027832 8.09642887115479 8.09629821777344 8.09604454040527 8.09563732147217
-9999 -9999 -9999 -9999 8.13807010650635 8.13853073120117 8.13910007476807 8.12970161437988 8.12027931213379 8.11673069000244 8.11364269256592 8.1123218536377 8.11085319519043 8.10909175872803 8.10674285888672 8.10371685028076 8.1012716293335 8.09922504425049 8.09781074523926 8.09664058685303 8.09587574005127 8.09518337249756 8.09489059448242 8.09464359283447 8.09471130371094 8.09478187561035 8.09486389160156 8.09497451782227 8.09513473510742 8.09527397155762 8.09539031982422 8.09541702270508 8.09538745880127 8.09556007385254 8.09579944610596 8.09584331512451 8.09585857391357 8.09571933746338 8.09556102752686 8.09527206420898 8.09504985809326 8.09501171112061 8.09514713287354 8.09555149078369 8.09558200836182 8.09526920318604 8.09470558166504
-9999 -9999 -9999 -9999 8.13853073120117 8.13921928405762 8.14002799987793 8.13037204742432 8.12071228027344 8.11697578430176 8.11377334594727 8.11261463165283 8.11107921600342 8.10879898071289 8.10600566864014 8.10262012481689 8.10000133514404 8.09790802001953 8.09636783599854 8.0950403213501 8.09407043457031 8.09316349029541 8.09270000457764 8.09228515625 8.09219646453857 8.09214878082275 8.0922327041626 8.0923433303833 8.09250068664551 8.09264755249023 8.09278202056885 8.09285163879395 8.09288024902344 8.09305191040039 8.09327125549316 8.09338569641113 8.09348487854004 8.09348773956299 8.09348773956299 8.09346580505371 8.0935525894165 8.09394073486328 8.09441757202148 8.09503173828125 8.09512424468994 8.09473896026611 8.09408187866211
-9999 -9999 -9999 -9999 8.13925933837891 8.14002799987793 8.13132858276367 8.13095188140869 8.12183475494385 8.117844581604 8.11440086364746 8.11304759979248 8.11118698120117 8.10832405090332 8.10511207580566 8.10149669647217 8.09878730773926 8.09669971466064 8.09506034851074 8.09359455108643 8.09251689910889 8.09150695800781 8.09090232849121 8.09034252166748 8.09008502960205 8.08990669250488 8.08998489379883 8.09009742736816 8.09026908874512 8.09042549133301 8.09056663513184 8.09065914154053 8.09072208404541 8.0908727645874 8.0910530090332 8.09124088287354 8.09142971038818 8.09160804748535 8.0918025970459 8.09210109710693 8.09253406524658 8.09334087371826 8.0940990447998 8.09477996826172 8.09486198425293 8.09439373016357 8.09368991851807
-9999 -9999 -9999 -9999 8.14002799987793 8.13079357147217 8.12659549713135 8.12396049499512 8.12341117858887 8.11908340454102 8.11527538299561 8.11345672607422 8.11115837097168 8.10790824890137 8.10447692871094 8.10083389282227 8.09810829162598 8.0960111618042 8.0944299697876 8.09304809570312 8.0919771194458 8.09096145629883 8.0902271270752 8.0895299911499 8.08909320831299 8.0887565612793 8.08874416351318 8.08880424499512 8.08899211883545 8.08917236328125 8.08934307098389 8.08945465087891 8.08952903747559 8.0896520614624 8.08979225158691 8.09002304077148 8.0902681350708 8.09058380126953 8.09092617034912 8.09144115447998 8.09209060668945 8.09311294555664 8.09403038024902 8.09478664398193 8.09491634368896 8.09447193145752 8.09383392333984
-9999 -9999 -9999 -9999 -9999 8.12606239318848 8.12522315979004 8.12487411499023 8.12518215179443 8.12048053741455 8.11625576019287 8.11385726928711 8.11107063293457 8.10751819610596 8.1039514541626 8.10036849975586 8.09765815734863 8.09554481506348 8.09408855438232 8.09288692474365 8.091872215271 8.09089088439941 8.09003162384033 8.08920097351074 8.08858203887939 8.08807563781738 8.08793449401855 8.08792018890381 8.08812522888184 8.08833312988281 8.08854484558105 8.08867263793945 8.0887508392334 8.08884334564209 8.08894157409668 8.08920383453369 8.0894889831543 8.08992576599121 8.0903959274292 8.09108352661133 8.09189224243164 8.09304332733154 8.094069480896 8.09490394592285 8.09510707855225 8.09473037719727 8.09420776367188
-9999 -9999 -9999 -9999 -9999 8.12616539001465 8.12636947631836 8.12683582305908 8.126389503479 8.12145900726318 8.11693382263184 8.11395835876465 8.1107816696167 8.10720920562744 8.10374546051025 8.10040760040283 8.09791374206543 8.09600067138672 8.09468841552734 8.09360980987549 8.09254360198975 8.09147930145264 8.09042263031006 8.08939456939697 8.08860874176025 8.08793544769287 8.0876293182373 8.08748626708984 8.08762741088867 8.08784294128418 8.08813381195068 8.0883264541626 8.08845996856689 8.08853912353516 8.08860015869141 8.08878326416016 8.08898448944092 8.0894021987915 8.08986473083496 8.09061145782471 8.09147834777832 8.09267902374268 8.09379005432129 8.09476089477539 8.09516334533691 8.09504508972168 8.09471893310547
-9999 -9999 -9999 -9999 -9999 8.12635707855225 8.12690448760986 8.12739753723145 8.12748146057129 8.12235164642334 8.11754894256592 8.11399745941162 8.11045169830322 8.10691738128662 8.10360622406006 8.10055065155029 8.09831619262695 8.09664726257324 8.09548377990723 8.09451580047607 8.09337520599365 8.09220504760742 8.09093379974365 8.08969593048096 8.08874607086182 8.08790683746338 8.08742713928223 8.08714485168457 8.08720684051514 8.08742427825928 8.08780288696289 8.0880708694458 8.08827018737793 8.08833885192871 8.08836460113525 8.08844566345215 8.08853626251221 8.08890628814697 8.08933258056641 8.09011554718018 8.09101867675781 8.09225463867188 8.09344482421875 8.09456253051758 8.09519195556641 8.09537124633789 8.09525871276855
-9999 -9999 -9999 -9999 -9999 -9999 8.12579822540283 8.12648105621338 8.12609004974365 8.12132740020752 8.11678409576416 8.11308479309082 8.10954761505127 8.10633182525635 8.10342311859131 8.10087013244629 8.0989294052124 8.09740924835205 8.0962610244751 8.09525585174561 8.09403133392334 8.0927677154541 8.09137535095215 8.09001541137695 8.08894443511963 8.08798789978027 8.08740139007568 8.08699607849121 8.08690929412842 8.08701992034912 8.08733367919922 8.08764362335205 8.08795070648193 8.08809661865234 8.08818912506104 8.08817005157471 8.08813858032227 8.08833980560303 8.08860111236572 8.08924102783203 8.09001064300537 8.09114551544189 8.09230804443359 8.09351348876953 8.09432220458984 8.09476470947266 8.0948371887207
-9999 -9999 -9999 -9999 -9999 -9999 8.12398624420166 8.12351703643799 8.12445831298828 8.12010383605957 8.11586761474609 8.11207866668701 8.10859489440918 8.10571193695068 8.10321044921875 8.101149559021 8.09949111938477 8.09811019897461 8.09696483612061 8.09591102600098 8.09459686279297 8.09323787689209 8.09173965454102 8.09027481079102 8.08910465240479 8.08805179595947 8.08737564086914 8.0868616104126 8.08663368225098 8.08663463592529 8.08687114715576 8.08721542358398 8.08762454986572 8.08784866333008 8.08801174163818 8.08791065216064 8.0877742767334 8.08781719207764 8.08791923522949 8.08840465545654 8.08902835845947 8.0900354385376 8.09114265441895 8.09240531921387 8.09336471557617 8.09404563903809 8.0942964553833
-9999 -9999 -9999 -9999 -9999 -9999 8.12024211883545 8.1219596862793 8.12143802642822 8.11768531799316 8.11399269104004 8.1105318069458 8.10738754272461 8.1048698425293 8.10269737243652 8.10092258453369 8.09942054748535 8.09810733795166 8.09689807891846 8.09572982788086 8.09428691864014 8.09279632568359 8.0913200378418 8.08988952636719 8.08883857727051 8.08788967132568 8.08727645874023 8.08679008483887 8.08652305603027 8.08643913269043 8.0865421295166 8.0868558883667 8.0872974395752 8.08757305145264 8.08779525756836 8.08778667449951 8.08774757385254 8.08778762817383 8.08786296844482 8.08816528320312 8.08856582641602 8.08923816680908 8.09004878997803 8.09107494354248 8.09191131591797 8.0925760269165 8.09294986724854
-9999 -9999 -9999 -9999 -9999 8.11181926727295 8.11562633514404 8.11524868011475 8.11832809448242 8.11517333984375 8.11203384399414 8.10895156860352 8.10617065429688 8.10398483276367 8.10207080841064 8.1004695892334 8.09904384613037 8.09773731231689 8.09644031524658 8.09514713287354 8.09363269805908 8.09207820892334 8.09069728851318 8.08937168121338 8.08847427368164 8.0876636505127 8.08713340759277 8.08669471740723 8.0864143371582 8.08627033233643 8.08626461029053 8.08654880523682 8.08700942993164 8.08733463287354 8.08761501312256 8.08770179748535 8.08776092529297 8.08779716491699 8.08784961700439 8.08800792694092 8.08822345733643 8.08859634399414 8.08912754058838 8.08990287780762 8.09059524536133 8.09120941162109 8.09168720245361
-9999 -9999 -9999 -9999 8.1030855178833 8.10857105255127 8.11181926727295 8.11347675323486 8.11488246917725 8.11231899261475 8.10976600646973 8.10725116729736 8.1049165725708 8.10293769836426 8.10102558135986 8.09918880462646 8.09754180908203 8.09602355957031 8.0945520401001 8.09309768676758 8.09171485900879 8.0903434753418 8.08932781219482 8.08836269378662 8.08775329589844 8.08720016479492 8.08682441711426 8.08651256561279 8.08631134033203 8.08619785308838 8.08617496490479 8.08643627166748 8.08686923980713 8.08723163604736 8.08757019042969 8.08775615692139 8.08792018890381 8.0879487991333 8.0879955291748 8.08814716339111 8.0883150100708 8.08852386474609 8.08883857727051 8.08931922912598 8.0897798538208 8.09022331237793 8.09073734283447
