Ecospace-environmental-drivers/Outputs/ASCII-for-ecospace/MOM6-ISIMIP3a/ph/1985-05_ph_MOM6-ISIMIP3a.asc
NCOLS 131 
NROWS 53 
XLLCORNER -98 
YLLCORNER 23.9265270233154 
CELLSIZE 0.133587792515755 
NODATA_value -9999 
[rows 21 to 41 of 53, columns 0 to 46 of 131]
-9999 -9999 -9999 -9999 -9999 -9999 8.14568424224854 8.1436071395874 8.13829612731934 8.1299934387207 8.12687206268311 8.12254047393799 8.12343883514404 8.1261157989502 8.12849712371826 8.13053703308105 8.1323127746582 8.13390827178955 8.13516044616699 8.13628101348877 8.13674640655518 8.13709545135498 8.13903903961182 8.14097499847412 8.14255619049072 8.14400959014893 8.14504528045654 8.14591693878174 8.14649963378906 8.14689159393311 8.14708614349365 8.14659881591797 8.14569473266602 8.14462089538574 8.1434907913208 8.14325618743896 8.14314556121826 8.14308643341064 8.14300346374512 8.14276599884033 8.14266490936279 8.14294147491455 8.14300346374512 8.14273452758789 8.1425952911377 8.14257431030273 8.14300155639648
-9999 -9999 -9999 -9999 -9999 -9999 8.1460075378418 8.14568424224854 8.14152908325195 8.13597869873047 8.1299934387207 8.12808132171631 8.12745952606201 8.12939071655273 8.13128471374512 8.13313770294189 8.13439273834229 8.13523769378662 8.1359281539917 8.13655948638916 8.13678169250488 8.13693141937256 8.1382532119751 8.13956642150879 8.14060020446777 8.14153099060059 8.14212703704834 8.14258003234863 8.14278030395508 8.14286708831787 8.14283657073975 8.14234828948975 8.14158248901367 8.14069080352783 8.13975620269775 8.13941764831543 8.13916110992432 8.13900279998779 8.13883495330811 8.13859939575195 8.13847732543945 8.138671875 8.13870048522949 8.13847255706787 8.13835334777832 8.13833236694336 8.13876152038574
-9999 -9999 -9999 -9999 8.15433788299561 8.14901351928711 8.14633750915527 8.14599990844727 8.14568424224854 8.13737487792969 8.13086223602295 8.13122844696045 8.13179492950439 8.13276100158691 8.13405323028564 8.13572311401367 8.13646411895752 8.13656902313232 8.13674354553223 8.1369457244873 8.13696479797363 8.13695240020752 8.13762474060059 8.13828754425049 8.13875389099121 8.13914966583252 8.13931846618652 8.13937091827393 8.13922023773193 8.13903713226318 8.13882064819336 8.13839054107666 8.13782978057861 8.13717365264893 8.1364860534668 8.13605117797852 8.13565349578857 8.13538932800293 8.13512897491455 8.13489246368408 8.13473796844482 8.1348123550415 8.1347770690918 8.13457298278809 8.13444042205811 8.13437366485596 8.13474082946777
-9999 -9999 -9999 -9999 8.1664342880249 8.15556526184082 8.15168857574463 8.14633750915527 8.14597702026367 8.14138698577881 8.13767719268799 8.13733768463135 8.1373348236084 8.1379976272583 8.1386661529541 8.1393404006958 8.13926601409912 8.13867664337158 8.1383228302002 8.13805866241455 8.13791179656982 8.13778495788574 8.13805198669434 8.1383171081543 8.13850116729736 8.13864994049072 8.13868522644043 8.13863849639893 8.13844776153564 8.13822460174561 8.13796710968018 8.13757514953613 8.1371021270752 8.13656711578369 8.13601112365723 8.13558483123779 8.13517761230469 8.13487434387207 8.13458156585693 8.13434505462646 8.13414669036865 8.13405704498291 8.1339168548584 8.13369941711426 8.13342952728271 8.13311100006104 8.132887840271
-9999 -9999 -9999 -9999 -9999 8.1664342880249 8.15779972076416 8.15703964233398 8.14778423309326 8.14596080780029 8.14428329467773 8.14316749572754 8.14246654510498 8.14258670806885 8.1425142288208 8.14221954345703 8.14141464233398 8.14026069641113 8.13948917388916 8.13886642456055 8.13858985900879 8.13837337493896 8.13832473754883 8.13828182220459 8.13825607299805 8.13821887969971 8.13814258575439 8.13801097869873 8.13778305053711 8.13751697540283 8.13721370697021 8.13684940338135 8.13644695281982 8.13600254058838 8.13554382324219 8.13511562347412 8.13469219207764 8.13435745239258 8.13403701782227 8.13380146026611 8.13357162475586 8.13335704803467 8.13313388824463 8.13289737701416 8.13247966766357 8.13189506530762 8.13110828399658
-9999 -9999 -9999 -9999 -9999 8.16634559631348 8.1664342880249 8.16138744354248 8.15623760223389 8.153000831604 8.149977684021 8.14776992797852 8.14580821990967 8.14433288574219 8.14301013946533 8.14186096191406 8.14070606231689 8.13954544067383 8.13885021209717 8.13833427429199 8.13808822631836 8.13788890838623 8.13791751861572 8.13795757293701 8.13804626464844 8.13809299468994 8.1379976272583 8.13784599304199 8.13759231567383 8.13727760314941 8.13690090179443 8.13650894165039 8.1361083984375 8.13562297821045 8.13510990142822 8.13463497161865 8.13416576385498 8.13382816314697 8.13350486755371 8.13327693939209 8.13306427001953 8.13289928436279 8.13268947601318 8.13241100311279 8.13179969787598 8.13088417053223 8.12964820861816
-9999 -9999 8.16582584381104 8.16596221923828 8.16619873046875 8.16625690460205 8.16634559631348 8.16473484039307 8.16281318664551 8.15828227996826 8.15399360656738 8.150634765625 8.14748954772949 8.14476871490479 8.14246559143066 8.14064502716064 8.13915729522705 8.13789844512939 8.13731575012207 8.13699531555176 8.1368236541748 8.13667774200439 8.1368350982666 8.13701057434082 8.13728904724121 8.13751411437988 8.13756561279297 8.13753223419189 8.13734912872314 8.13705253601074 8.13663864135742 8.1362133026123 8.13578128814697 8.13523387908936 8.13464736938477 8.1340913772583 8.13354015350342 8.13316440582275 8.13281059265137 8.13259315490723 8.13239288330078 8.13223934173584 8.13199806213379 8.13162326812744 8.13079738616943 8.12955951690674 8.12798976898193
-9999.000000000000000 -9999 -9999 -9999 8.16543197631836 8.16613960266113 8.1660852432251 8.16590404510498 8.16529273986816 8.15972423553467 8.15434741973877 8.14970684051514 8.14554786682129 8.14234352111816 8.13965320587158 8.13755702972412 8.13577747344971 8.13421535491943 8.13382911682129 8.13389682769775 8.1338939666748 8.13387966156006 8.13427639007568 8.13470554351807 8.13533687591553 8.13595008850098 8.13650512695312 8.13689517974854 8.13699340820312 8.13685989379883 8.13648700714111 8.13601303100586 8.13547706604004 8.13482093811035 8.13412570953369 8.13341331481934 8.13269996643066 8.13220977783203 8.131760597229 8.13156509399414 8.13136196136475 8.13113689422607 8.13076782226562 8.1301794052124 8.1290922164917 8.12754726409912 8.12589931488037
-9999 -9999 -9999 -9999 8.16423225402832 8.16389942169189 8.16464424133301 8.16609668731689 8.16695022583008 8.16033554077148 8.15392208099365 8.14828014373779 8.14327716827393 8.13954162597656 8.13644599914551 8.13408851623535 8.13209533691406 8.13035202026367 8.13015079498291 8.1305456161499 8.13081073760986 8.13105392456055 8.13168430328369 8.13235855102539 8.1333122253418 8.13428115844727 8.13529396057129 8.13607406616211 8.13644790649414 8.13649368286133 8.13620090484619 8.13569068908691 8.13504791259766 8.1342887878418 8.13349151611328 8.13260078430176 8.13169956207275 8.13108539581299 8.13052845001221 8.13033485412598 8.13009357452393 8.12972164154053 8.12916278839111 8.12831401824951 8.12705326080322 8.12541484832764 8.12387847900391
-9999 -9999 -9999 -9999 8.16327857971191 8.16265869140625 8.16189289093018 8.16506385803223 8.16757392883301 8.15990257263184 8.15251731872559 8.14622497558594 8.14059352874756 8.13626575469971 8.13274097442627 8.13014316558838 8.1280345916748 8.12626171112061 8.12623310089111 8.12687683105469 8.12753391265869 8.12819290161133 8.12905216217041 8.12995624542236 8.13119792938232 8.13247966766357 8.13389015197754 8.13502216339111 8.13566493988037 8.13591003417969 8.13574409484863 8.13521385192871 8.13446140289307 8.13360595703125 8.13271713256836 8.13162136077881 8.1304988861084 8.12974834442139 8.12907028198242 8.1288480758667 8.12852478027344 8.12791442871094 8.12708568572998 8.1259183883667 8.12459659576416 8.12313270568848 8.12194633483887
-9999 -9999 -9999 -9999 8.16265869140625 8.1617317199707 8.16064262390137 8.16453647613525 8.16761875152588 8.15878677368164 8.1503734588623 8.14356327056885 8.1376428604126 8.13348293304443 8.13012409210205 8.12768745422363 8.1256799697876 8.12396812438965 8.12394618988037 8.12457656860352 8.12541198730469 8.12628364562988 8.12727737426758 8.12831878662109 8.12973117828369 8.13119697570801 8.13283729553223 8.13414859771729 8.13488674163818 8.135178565979 8.13501071929932 8.13448333740234 8.13373756408691 8.13274478912354 8.13167095184326 8.13032722473145 8.12895011901855 8.12807369232178 8.12728500366211 8.12705039978027 8.12668037414551 8.12593460083008 8.12502670288086 8.12386608123779 8.12270069122314 8.12153053283691 8.12065601348877
-9999 -9999 -9999 -9999 8.16167736053467 8.16064262390137 8.16386222839355 8.16438865661621 8.16723155975342 8.15715885162354 8.14767551422119 8.1404447555542 8.13449287414551 8.13107013702393 8.12832164764404 8.12634944915771 8.12460708618164 8.12302207946777 8.12288188934326 8.12330055236816 8.12415504455566 8.12508583068848 8.126145362854 8.12725448608398 8.12874984741211 8.13030338287354 8.13204669952393 8.13341045379639 8.13411235809326 8.1343355178833 8.13406848907471 8.13356304168701 8.13291072845459 8.13175010681152 8.13041973114014 8.12879753112793 8.12714004516602 8.12614727020264 8.12525653839111 8.12501811981201 8.12462997436523 8.1238260269165 8.12298107147217 8.12207221984863 8.12122631072998 8.12043857574463 8.11984729766846
-9999 -9999 -9999 -9999 8.16064262390137 8.16302013397217 8.16495990753174 8.16588306427002 8.16530323028564 8.15420150756836 8.14404201507568 8.13749408721924 8.13224029541016 8.12954616546631 8.12726879119873 8.12547206878662 8.12387752532959 8.12242221832275 8.12227439880371 8.12263107299805 8.12358951568604 8.12465286254883 8.12575149536133 8.12688636779785 8.12831497192383 8.12977313995361 8.13133144378662 8.13251972198486 8.13306140899658 8.13316631317139 8.13282299041748 8.13228607177734 8.13163185119629 8.13028240203857 8.12870121002197 8.12696361541748 8.12521076202393 8.12425327301025 8.12339496612549 8.12315940856934 8.1228084564209 8.12213325500488 8.12150001525879 8.12093067169189 8.12032413482666 8.11968612670898 8.11920928955078
-9999 -9999 -9999 -9999 -9999 8.16207218170166 8.16261386871338 8.16460704803467 8.16271495819092 8.15067291259766 8.1400089263916 8.13461494445801 8.13037204742432 8.12840366363525 8.12653827667236 8.12479114532471 8.12329483032227 8.12197113037109 8.12186241149902 8.12222194671631 8.12331962585449 8.12454700469971 8.1256742477417 8.12681770324707 8.12811470031738 8.1294002532959 8.13064861297607 8.13156318664551 8.13189220428467 8.13185691833496 8.13144683837891 8.13085746765137 8.13015937805176 8.12861251831055 8.12678241729736 8.12499904632568 8.12322902679443 8.12237453460693 8.12160491943359 8.12137603759766 8.12108516693115 8.12061977386475 8.12026119232178 8.12006759643555 8.11966800689697 8.11907863616943 8.11864280700684
-9999 -9999 -9999 -9999 -9999 8.15770721435547 8.15864276885986 8.15735244750977 8.1568660736084 8.14620018005371 8.13687992095947 8.13271427154541 8.12937927246094 8.12768745422363 8.12595081329346 8.1241626739502 8.12269687652588 8.12145328521729 8.12134838104248 8.12168312072754 8.1227502822876 8.12394714355469 8.12515163421631 8.12635040283203 8.12750911712646 8.12862968444824 8.12963104248047 8.13033676147461 8.13052558898926 8.13040447235107 8.12996482849121 8.129150390625 8.12810707092285 8.12649345397949 8.12468910217285 8.12319469451904 8.12174987792969 8.12109661102295 8.1204948425293 8.12021636962891 8.11993598937988 8.11964988708496 8.11946487426758 8.11943531036377 8.11914348602295 8.11861133575439 8.11818218231201
-9999 -9999 -9999 -9999 -9999 8.15184497833252 8.15186500549316 8.15396785736084 8.1503438949585 8.14153099060059 8.13393878936768 8.13101577758789 8.12856769561768 8.12705898284912 8.12539291381836 8.12354469299316 8.12209606170654 8.12092208862305 8.12081336975098 8.12111663818359 8.12211894989014 8.12324523925781 8.12453556060791 8.12580013275146 8.1268196105957 8.12777805328369 8.12854480743408 8.12905502319336 8.12911796569824 8.12892246246338 8.12846183776855 8.12738609313965 8.12593555450439 8.12428188323975 8.12255954742432 8.12142372131348 8.12037467956543 8.11994457244873 8.11952686309814 8.11918544769287 8.11890506744385 8.11879253387451 8.11876010894775 8.11885070800781 8.1186466217041 8.11817264556885 8.11774349212646
-9999 -9999 -9999 -9999 -9999 -9999 8.14502620697021 8.1442756652832 8.14373016357422 8.13770198822021 8.13241577148438 8.12997341156006 8.12786483764648 8.12641906738281 8.12478160858154 8.12292194366455 8.12155342102051 8.12052154541016 8.12038993835449 8.12060546875 8.12139511108398 8.12228584289551 8.12351512908936 8.12470722198486 8.12552356719971 8.12628841400146 8.12688636779785 8.12726020812988 8.12724113464355 8.12695789337158 8.12640190124512 8.12530994415283 8.12389373779297 8.12249660491943 8.12110710144043 8.1203088760376 8.11959552764893 8.1193151473999 8.11900615692139 8.1185188293457 8.11813735961914 8.1180534362793 8.11803340911865 8.11811542510986 8.11791515350342 8.11745738983154 8.11707019805908
-9999 -9999 -9999 -9999 -9999 -9999 8.13893985748291 8.13683414459229 8.13749408721924 8.13410377502441 8.13099670410156 8.12897777557373 8.12716865539551 8.12577629089355 8.12416553497314 8.12230587005615 8.12102317810059 8.12013721466064 8.11998844146729 8.12012386322021 8.12070941925049 8.12137413024902 8.12249660491943 8.12357330322266 8.12417984008789 8.12474536895752 8.12518119812012 8.12542533874512 8.12533473968506 8.12497138977051 8.12432765960693 8.12325096130371 8.12191104888916 8.12078857421875 8.11973857879639 8.11925983428955 8.11886119842529 8.11872005462646 8.11851119995117 8.11787700653076 8.11739444732666 8.11733150482178 8.1173095703125 8.11734771728516 8.11713790893555 8.11670112609863 8.11636543273926
-9999 -9999 -9999 -9999 -9999 -9999 8.13538837432861 8.13571071624756 8.13533020019531 8.132568359375 8.13000011444092 8.12817764282227 8.12649726867676 8.12509918212891 8.12352657318115 8.12175273895264 8.12059211730957 8.11985397338867 8.11976909637451 8.11993598937988 8.12048149108887 8.12109470367432 8.12169075012207 8.12226009368896 8.12260627746582 8.1229419708252 8.12324523925781 8.12341022491455 8.12333106994629 8.12298774719238 8.12237167358398 8.12151432037354 8.12051010131836 8.11969375610352 8.11894035339355 8.11860179901123 8.11832332611084 8.11824703216553 8.11808013916016 8.11734104156494 8.11678791046143 8.11675548553467 8.11661338806152 8.11630153656006 8.11598110198975 8.11565208435059 8.11543083190918
-9999 -9999 -9999 -9999 -9999 8.13379764556885 8.13397407531738 8.133620262146 8.13327598571777 8.13106918334961 8.12898540496826 8.127366065979 8.12581634521484 8.12440395355225 8.12287521362305 8.12121295928955 8.1201810836792 8.11958122253418 8.1195592880249 8.11975955963135 8.12021827697754 8.1207218170166 8.12088108062744 8.12103080749512 8.12116050720215 8.12130260467529 8.12148571014404 8.12157440185547 8.12149906158447 8.12118339538574 8.12061977386475 8.1199779510498 8.11928844451904 8.11874485015869 8.11825084686279 8.11802101135254 8.11782932281494 8.1178150177002 8.11768627166748 8.11683559417725 8.1162052154541 8.11618900299072 8.11592674255371 8.11528301239014 8.11485862731934 8.11463260650635 8.1145133972168
-9999 -9999 -9999 -9999 8.13300323486328 8.13337326049805 8.13379764556885 8.13276958465576 8.13162231445312 8.12970638275146 8.12790107727051 8.12651824951172 8.12510585784912 8.12363624572754 8.1221752166748 8.12072372436523 8.11984062194824 8.11934757232666 8.11938571929932 8.11962890625 8.11982440948486 8.12001037597656 8.12005710601807 8.12010478973389 8.12018489837646 8.12026977539062 8.1203727722168 8.12039947509766 8.12029266357422 8.12003421783447 8.11962032318115 8.11917877197266 8.11872100830078 8.11833000183105 8.11796283721924 8.1177225112915 8.1175012588501 8.11753463745117 8.11742877960205 8.11644744873047 8.1157112121582 8.11565685272217 8.11526966094971 8.11436557769775 8.11386299133301 8.11372852325439 8.11366176605225
