Ecospace-environmental-drivers/Outputs/ASCII-for-ecospace/MOM6-ISIMIP3a/ph/1985-11_ph_MOM6-ISIMIP3a.asc
NCOLS 131 
NROWS 53 
XLLCORNER -98 
YLLCORNER 23.9265270233154 
CELLSIZE 0.133587792515755 
NODATA_value -9999 
[rows 21 to 41 of 53, columns 0 to 46 of 131]
-9999 -9999 -9999 -9999 -9999 -9999 8.18804836273193 8.18829250335693 8.18888568878174 8.19014835357666 8.1935863494873 8.20174884796143 8.19922733306885 8.19171810150146 8.18540573120117 8.18047523498535 8.17760181427002 8.17614078521729 8.17449474334717 8.172776222229 8.17221260070801 8.17185401916504 8.1725435256958 8.17330741882324 8.17449474334717 8.1757173538208 8.17705535888672 8.17876243591309 8.18111705780029 8.18282222747803 8.18385696411133 8.1843376159668 8.18448162078857 8.18554973602295 8.18692588806152 8.18711376190186 8.1871337890625 8.1867151260376 8.18626594543457 8.18561935424805 8.18504238128662 8.18465805053711 8.18446159362793 8.18455505371094 8.18477916717529 8.18512344360352 8.18570995330811
-9999 -9999 -9999 -9999 -9999 -9999 8.18796443939209 8.18804836273193 8.18853569030762 8.18881034851074 8.19014835357666 8.18886184692383 8.18599033355713 8.17998123168945 8.17524719238281 8.17198371887207 8.17062854766846 8.1705846786499 8.16999053955078 8.1691837310791 8.16913986206055 8.16923141479492 8.17003631591797 8.17089748382568 8.17208957672119 8.17340564727783 8.175124168396 8.17700672149658 8.17917537689209 8.18076705932617 8.18176555633545 8.18234062194824 8.18265628814697 8.18360424041748 8.18476390838623 8.18499660491943 8.18509864807129 8.18486595153809 8.1845760345459 8.18392848968506 8.18330669403076 8.18276023864746 8.18236446380615 8.182204246521 8.18219661712646 8.18233013153076 8.18268775939941
-9999 -9999 -9999 -9999 8.19372081756592 8.18961906433105 8.18797206878662 8.1878719329834 8.18804836273193 8.18902397155762 8.18802070617676 8.17943954467773 8.17244434356689 8.16858673095703 8.16574478149414 8.1640739440918 8.16415691375732 8.16544246673584 8.16586208343506 8.16594696044922 8.16640472412109 8.1669282913208 8.1677827835083 8.16867828369141 8.16984748840332 8.17122459411621 8.17327976226807 8.17527484893799 8.17716789245605 8.17859554290771 8.17954444885254 8.18023777008057 8.1807746887207 8.18160629272461 8.18253612518311 8.18282413482666 8.18302154541016 8.18296527862549 8.18282604217529 8.18215274810791 8.18146228790283 8.18071842193604 8.18009471893311 8.17965412139893 8.17940616607666 8.17933654785156 8.17947578430176
-9999 -9999 -9999 -9999 8.20321750640869 8.19407558441162 8.1912670135498 8.18797206878662 8.18759536743164 8.18280601501465 8.17781543731689 8.17205619812012 8.16739749908447 8.16491889953613 8.16314125061035 8.16217136383057 8.16254234313965 8.16383361816406 8.16446971893311 8.1648530960083 8.16565990447998 8.16654205322266 8.16715717315674 8.16782188415527 8.16894054412842 8.1702184677124 8.17201519012451 8.1736888885498 8.17514705657959 8.17637348175049 8.1773624420166 8.17827224731445 8.1791353225708 8.17998027801514 8.18081951141357 8.18103885650635 8.18117141723633 8.18098545074463 8.18068218231201 8.17964267730713 8.17861843109131 8.17763519287109 8.17679882049561 8.17618846893311 8.17585277557373 8.17576694488525 8.17584133148193
-9999 -9999 -9999 -9999 -9999 8.20321750640869 8.19384479522705 8.19456195831299 8.18545436859131 8.17638397216797 8.16854190826416 8.16540050506592 8.16292381286621 8.16176128387451 8.16099262237549 8.16068077087402 8.161301612854 8.16256523132324 8.16340065002441 8.16406917572021 8.16513538360596 8.16627216339111 8.16665935516357 8.16710472106934 8.16816902160645 8.16934394836426 8.17087650299072 8.17225646972656 8.17337036132812 8.17444229125977 8.17547130584717 8.17655277252197 8.17766571044922 8.17848682403564 8.17921161651611 8.17935848236084 8.17942237854004 8.17910003662109 8.17862796783447 8.17720699310303 8.17582702636719 8.17456245422363 8.17349338531494 8.17272663116455 8.17230224609375 8.17219066619873 8.17218780517578
-9999 -9999 -9999 -9999 -9999 8.19996070861816 8.20321750640869 8.1896276473999 8.1759090423584 8.16906929016113 8.16335296630859 8.16193771362305 8.16095638275146 8.1608362197876 8.16084289550781 8.16099452972412 8.16170310974121 8.16279411315918 8.16374588012695 8.16464519500732 8.1655740737915 8.1665096282959 8.16672134399414 8.1670036315918 8.16799449920654 8.16904449462891 8.17028617858887 8.17149829864502 8.17266082763672 8.17378234863281 8.1748628616333 8.17591094970703 8.17693901062012 8.17757606506348 8.17808246612549 8.17813014984131 8.1781120300293 8.17763137817383 8.17696189880371 8.17509746551514 8.17326927185059 8.17154026031494 8.1701488494873 8.16927719116211 8.16876792907715 8.16859149932861 8.16845512390137
-9999 -9999 8.19281959533691 8.19365978240967 8.19454193115234 8.19670009613037 8.19996452331543 8.18437957763672 8.168701171875 8.16355895996094 8.15945243835449 8.15930557250977 8.15940284729004 8.1599817276001 8.1605167388916 8.16100215911865 8.16178512573242 8.16277408599854 8.16385841369629 8.16497993469238 8.16581439971924 8.16659927368164 8.16673278808594 8.16693496704102 8.16782474517822 8.16873550415039 8.16971111297607 8.17075538635254 8.17191982269287 8.17306804656982 8.1742000579834 8.17521476745605 8.17615699768066 8.17662715911865 8.17694091796875 8.17689514160156 8.17679595947266 8.17622947692871 8.1754674911499 8.17346477508545 8.17147445678711 8.16951942443848 8.16792774200439 8.16689491271973 8.16621398925781 8.16585636138916 8.16552925109863
-9999.000000000000000 -9999 -9999 -9999 8.18973636627197 8.19238471984863 8.19039630889893 8.17844867706299 8.16659545898438 8.16198921203613 8.15836238861084 8.15848922729492 8.15875053405762 8.15927982330322 8.15980911254883 8.16033840179443 8.16117095947266 8.16221141815186 8.16345977783203 8.16478729248047 8.16562175750732 8.16636848449707 8.16663360595703 8.16693782806396 8.16766834259033 8.16840648651123 8.16917037963867 8.1700439453125 8.17110824584961 8.17223358154297 8.17342090606689 8.17440032958984 8.17525291442871 8.17559814453125 8.1757755279541 8.1756420135498 8.17546367645264 8.17497253417969 8.17434787750244 8.17287063598633 8.17134380340576 8.16968441009521 8.16815853118896 8.16684055328369 8.16579723358154 8.16500473022461 8.16436290740967
-9999 -9999 -9999 -9999 8.18325614929199 8.18012428283691 8.18184280395508 8.17380428314209 8.16559886932373 8.16147518157959 8.15821361541748 8.1582498550415 8.1583309173584 8.15850257873535 8.15874767303467 8.15907764434814 8.15985584259033 8.16094207763672 8.16249370574951 8.16422462463379 8.16518592834473 8.16601181030273 8.16644382476807 8.16688346862793 8.16746139526367 8.1680212020874 8.1685266494751 8.16918659210205 8.17011737823486 8.17118549346924 8.17239379882812 8.17330551147461 8.17403507232666 8.17429256439209 8.17439270019531 8.17423439025879 8.17403793334961 8.17362022399902 8.17311191558838 8.17203044891357 8.17087554931641 8.16951751708984 8.16816329956055 8.16681575775146 8.16566276550293 8.16468715667725 8.16387271881104
-9999 -9999 -9999 -9999 8.17869186401367 8.17726039886475 8.17549133300781 8.1707763671875 8.16599750518799 8.16229152679443 8.15924739837646 8.15873718261719 8.15820503234863 8.15763187408447 8.15724277496338 8.15706348419189 8.15765857696533 8.15878391265869 8.16081428527832 8.16319465637207 8.16444492340088 8.16549491882324 8.16614151000977 8.16675758361816 8.16719055175781 8.16756534576416 8.16775226593018 8.16814613342285 8.16889953613281 8.16986751556396 8.17105674743652 8.17185688018799 8.1724214553833 8.17263698577881 8.1727352142334 8.17263031005859 8.17249584197998 8.17214488983154 8.17172718048096 8.1708812713623 8.16998195648193 8.16893482208252 8.16788387298584 8.16682910919189 8.16588401794434 8.16504001617432 8.16423320770264
-9999 -9999 -9999 -9999 8.17726039886475 8.17511940002441 8.17260646820068 8.16973495483398 8.16669368743896 8.16343021392822 8.16057777404785 8.15930271148682 8.15792179107666 8.15633010864258 8.15508365631104 8.15423583984375 8.15470314025879 8.15607357025146 8.15866279602051 8.16172218322754 8.16341018676758 8.16485691070557 8.16560649871826 8.16629505157471 8.16660213470459 8.16682910919189 8.16679763793945 8.16699028015137 8.16757392883301 8.16843318939209 8.16957569122314 8.17029857635498 8.17076587677002 8.170973777771 8.17109394073486 8.17105293273926 8.17098903656006 8.17071151733398 8.17038536071777 8.16974449157715 8.16904449462891 8.16818237304688 8.16731262207031 8.16643238067627 8.165602684021 8.16481781005859 8.16399478912354
-9999 -9999 -9999 -9999 8.17499542236328 8.17260646820068 8.17031860351562 8.1701831817627 8.16761302947998 8.16480922698975 8.16213035583496 8.15992736816406 8.15751934051514 8.15470504760742 8.15243625640869 8.15079784393311 8.15117931365967 8.1529483795166 8.15615558624268 8.15991878509521 8.16215705871582 8.16412734985352 8.16489601135254 8.16557884216309 8.16577529907227 8.16588306427002 8.16570568084717 8.16574668884277 8.16616725921631 8.16691112518311 8.16798877716064 8.16865825653076 8.1690788269043 8.16930389404297 8.16946411132812 8.16949653625488 8.169508934021 8.16930961608887 8.16907501220703 8.16861724853516 8.16807556152344 8.16730308532715 8.16652202606201 8.16572761535645 8.16494274139404 8.16416454315186 8.16330814361572
-9999 -9999 -9999 -9999 8.17260646820068 8.17039394378662 8.16936111450195 8.1687479019165 8.1683931350708 8.16505241394043 8.16171360015869 8.15838050842285 8.15506935119629 8.15180397033691 8.1493091583252 8.14770412445068 8.14853763580322 8.15104484558105 8.15475368499756 8.15892505645752 8.16133785247803 8.1634407043457 8.16415786743164 8.16477966308594 8.16486072540283 8.16485118865967 8.16454601287842 8.16446018218994 8.16475582122803 8.16539669036865 8.16639423370361 8.16703987121582 8.16747093200684 8.16773891448975 8.16795444488525 8.16806983947754 8.16816997528076 8.16802787780762 8.1678581237793 8.16751194000244 8.16706371307373 8.1663293838501 8.16557025909424 8.16477298736572 8.1639461517334 8.16309452056885 8.1621561050415
-9999 -9999 -9999 -9999 -9999 8.16947555541992 8.16929149627686 8.16915130615234 8.16911220550537 8.16480922698975 8.16045379638672 8.15590190887451 8.15174198150635 8.14835548400879 8.14597606658936 8.1447582244873 8.14627361297607 8.14966487884521 8.15382385253906 8.15827941894531 8.16070461273193 8.16277313232422 8.16340923309326 8.16394519805908 8.16390895843506 8.16378116607666 8.16335773468018 8.1631555557251 8.1633415222168 8.16388607025146 8.16479873657227 8.16543197631836 8.16589641571045 8.16621971130371 8.16649627685547 8.16669940948486 8.16689014434814 8.16679668426514 8.16668033599854 8.16641712188721 8.1660327911377 8.16531658172607 8.16455078125 8.16371059417725 8.16280651092529 8.16184520721436 8.16080570220947
-9999 -9999 -9999 -9999 -9999 8.16921234130859 8.16977500915527 8.16997528076172 8.16937065124512 8.16197490692139 8.15519618988037 8.15078163146973 8.14704036712646 8.14463233947754 8.14339447021484 8.14350414276123 8.14606094360352 8.15029621124268 8.15449237823486 8.15867233276367 8.16067695617676 8.16229724884033 8.16277408599854 8.16315841674805 8.16298007965088 8.16273975372314 8.16230010986328 8.16207027435303 8.16220378875732 8.1626672744751 8.16347026824951 8.16404151916504 8.16447162628174 8.16475963592529 8.16499900817871 8.1651725769043 8.1653356552124 8.16527080535889 8.16517925262451 8.16491889953613 8.16453266143799 8.16379928588867 8.16300487518311 8.16211605072021 8.16114330291748 8.1600923538208 8.1590461730957
-9999 -9999 -9999 -9999 -9999 8.1675271987915 8.16857051849365 8.17019844055176 8.16953372955322 8.15860462188721 8.1491117477417 8.14511299133301 8.14205360412598 8.14085292816162 8.14096736907959 8.14260101318359 8.14627265930176 8.15134429931641 8.15549087524414 8.15927982330322 8.16077327728271 8.16186237335205 8.16216373443604 8.16238212585449 8.16205501556396 8.16170310974121 8.16127014160156 8.16102981567383 8.16112422943115 8.1615104675293 8.16219711303711 8.16269588470459 8.16307926177979 8.16331195831299 8.16349506378174 8.16361427307129 8.16372394561768 8.16368389129639 8.16361141204834 8.16333770751953 8.16293621063232 8.16217803955078 8.16134929656982 8.1604118347168 8.1593713760376 8.15823554992676 8.15720081329346
-9999 -9999 -9999 -9999 -9999 -9999 8.1642370223999 8.16553688049316 8.16458320617676 8.15313148498535 8.14353084564209 8.14101696014404 8.13930320739746 8.13916969299316 8.14043712615967 8.14331912994385 8.14726161956787 8.15193176269531 8.15572738647461 8.15918445587158 8.16051959991455 8.16148090362549 8.16158294677734 8.16161346435547 8.16120910644531 8.16079330444336 8.16034507751465 8.16010665893555 8.16023445129395 8.16055965423584 8.16108703613281 8.16146659851074 8.16175651550293 8.16190242767334 8.16200065612793 8.16203880310059 8.16206836700439 8.16197299957275 8.16184234619141 8.16148281097412 8.16101551055908 8.16024875640869 8.15940952301025 8.15845775604248 8.15746784210205 8.15644264221191 8.155517578125
-9999 -9999 -9999 -9999 -9999 -9999 8.15855407714844 8.15697574615479 8.15921783447266 8.14762115478516 8.13821315765381 8.13718509674072 8.13680648803711 8.13771057128906 8.14004516601562 8.14402866363525 8.14814472198486 8.15235137939453 8.15579128265381 8.158935546875 8.16016006469727 8.16104602813721 8.16097164154053 8.16083717346191 8.16036605834961 8.15989780426025 8.15944004058838 8.15920639038086 8.15936470031738 8.15962600708008 8.15999317169189 8.16025257110596 8.1604471206665 8.16050434112549 8.16051578521729 8.16047096252441 8.16041660308838 8.16026020050049 8.16006469726562 8.15961742401123 8.15908527374268 8.15831661224365 8.1574764251709 8.15652465820312 8.15559005737305 8.15467166900635 8.15383720397949
-9999 -9999 -9999 -9999 -9999 -9999 8.15436363220215 8.15315055847168 8.15187549591064 8.14272308349609 8.13545894622803 8.13542079925537 8.13595771789551 8.13763427734375 8.14022541046143 8.14387512207031 8.14753150939941 8.1511926651001 8.15438556671143 8.15739822387695 8.15883922576904 8.16000366210938 8.16002082824707 8.15996646881104 8.15952396392822 8.15909671783447 8.15871429443359 8.15850734710693 8.15860652923584 8.15876960754395 8.15899848937988 8.15914154052734 8.15923309326172 8.15919876098633 8.15912246704102 8.15898513793945 8.15883922576904 8.15858745574951 8.15829849243164 8.15777587890625 8.15720558166504 8.15650272369385 8.1557559967041 8.15493965148926 8.1540584564209 8.15311622619629 8.15210819244385
-9999 -9999 -9999 -9999 -9999 8.16065502166748 8.15424346923828 8.1529655456543 8.14498329162598 8.13830661773682 8.13317108154297 8.13394069671631 8.13522720336914 8.13753986358643 8.14028549194336 8.14353084564209 8.14667987823486 8.14976215362549 8.15270328521729 8.15559101104736 8.15724468231201 8.15868091583252 8.15884113311768 8.15892124176025 8.15856552124023 8.15822124481201 8.15791606903076 8.15773391723633 8.15776634216309 8.15782928466797 8.15792465209961 8.1579704284668 8.15798664093018 8.15787029266357 8.1577091217041 8.15748500823975 8.15725040435791 8.15691184997559 8.1565408706665 8.15596485137939 8.15537548065186 8.15474605560303 8.15407752990723 8.15334606170654 8.15245151519775 8.15140628814697 8.15016555786133
-9999 -9999 -9999 -9999 8.17913722991943 8.16600799560547 8.16065502166748 8.15020370483398 8.13974571228027 8.13565349578857 8.13259696960449 8.13350296020508 8.13492870330811 8.13738441467285 8.13990211486816 8.14249134063721 8.1449556350708 8.1473331451416 8.15000820159912 8.15279769897461 8.15464878082275 8.15633392333984 8.15682506561279 8.15723419189453 8.15717506408691 8.15707683563232 8.15685367584229 8.15668773651123 8.1566219329834 8.15657901763916 8.1565580368042 8.15657711029053 8.15662097930908 8.15645694732666 8.15622425079346 8.15592765808105 8.15562152862549 8.1552267074585 8.15481090545654 8.15426826477051 8.15372848510742 8.15320110321045 8.15255260467529 8.15172004699707 8.15057182312012 8.14913368225098 8.14744186401367
