Ecospace-environmental-drivers/Outputs/ASCII-for-ecospace/MOM6-ISIMIP3a/ph/1986-08_ph_MOM6-ISIMIP3a.asc
NCOLS 131 
NROWS 53 
XLLCORNER -98 
YLLCORNER 23.9265270233154 
CELLSIZE 0.133587792515755 
NODATA_value -9999 
[rows 21 to 41 of 53, columns 0 to 46 of 131]
-9999 -9999 -9999 -9999 -9999 -9999 8.12932586669922 8.12948417663574 8.13003540039062 8.13101005554199 8.1333122253418 8.13650989532471 8.13676166534424 8.13751125335693 8.13743782043457 8.13641548156738 8.1362943649292 8.13679313659668 8.13658332824707 8.13609981536865 8.13403511047363 8.13169097900391 8.12928771972656 8.12689590454102 8.12460899353027 8.12229919433594 8.11991596221924 8.11774730682373 8.11595344543457 8.11464691162109 8.11384010314941 8.11355781555176 8.11359405517578 8.11393451690674 8.11437606811523 8.11464881896973 8.11489772796631 8.11535549163818 8.11588001251221 8.11683559417725 8.11794567108154 8.11948776245117 8.12104511260986 8.12262725830078 8.12389087677002 8.12486171722412 8.12570190429688
-9999 -9999 -9999 -9999 -9999 -9999 8.12928295135498 8.12932586669922 8.12964248657227 8.13016510009766 8.13101005554199 8.13241577148438 8.13301658630371 8.13202571868896 8.13060569763184 8.12869071960449 8.12782192230225 8.12767219543457 8.12714099884033 8.12646389007568 8.12475681304932 8.12286758422852 8.12104797363281 8.11926746368408 8.11780834197998 8.11632347106934 8.1147518157959 8.11325168609619 8.1118745803833 8.11079788208008 8.11003017425537 8.10968399047852 8.10959434509277 8.10969161987305 8.1098518371582 8.10978984832764 8.10969734191895 8.10960388183594 8.10958099365234 8.11000633239746 8.11060905456543 8.11170482635498 8.1129150390625 8.11430263519287 8.11548805236816 8.11648654937744 8.11734867095947
-9999 -9999 -9999 -9999 8.12820053100586 8.12894439697266 8.12927627563477 8.12924575805664 8.12932586669922 8.129958152771 8.13036632537842 8.12992095947266 8.1286678314209 8.12581539154053 8.12297248840332 8.12014102935791 8.11851978302002 8.11773014068604 8.11692810058594 8.11612224578857 8.11488246917725 8.11356544494629 8.11239051818848 8.1112756729126 8.11063575744629 8.10997676849365 8.10925579071045 8.10846710205078 8.10756206512451 8.10676574707031 8.10608100891113 8.10569477081299 8.10548973083496 8.10533714294434 8.10520267486572 8.104811668396 8.10438346862793 8.10376834869385 8.1032247543335 8.10313701629639 8.10323715209961 8.10385990142822 8.10469055175781 8.1058406829834 8.1069221496582 8.10794067382812 8.10882759094238
-9999 -9999 -9999 -9999 8.12649345397949 8.12808799743652 8.12861251831055 8.12927627563477 8.12913513183594 8.12733268737793 8.12531852722168 8.12249660491943 8.11927223205566 8.11525058746338 8.11184978485107 8.10916519165039 8.10769939422607 8.10707092285156 8.10667896270752 8.10637950897217 8.10575294494629 8.10506820678711 8.10440635681152 8.10378360748291 8.10347747802734 8.10320281982422 8.10303115844727 8.10279273986816 8.10243797302246 8.10209560394287 8.10176372528076 8.10151863098145 8.10132503509521 8.10099983215332 8.10063076019287 8.10007572174072 8.09949588775635 8.09905338287354 8.09868431091309 8.09877967834473 8.09894752502441 8.09932136535645 8.09983730316162 8.1005744934082 8.10132503509521 8.10208797454834 8.10276126861572
-9999 -9999 -9999 -9999 -9999 8.12649345397949 8.12797164916992 8.12794780731201 8.12902641296387 8.12481307983398 8.12043190002441 8.1154088973999 8.11045742034912 8.10564708709717 8.10197830200195 8.09962844848633 8.09832286834717 8.09773635864258 8.09757995605469 8.09759044647217 8.09742641448975 8.09723281860352 8.09700107574463 8.0967903137207 8.09675407409668 8.09678936004639 8.09705829620361 8.09727954864502 8.0974178314209 8.0974817276001 8.09747123718262 8.0973596572876 8.09718799591064 8.09677791595459 8.09628772735596 8.09573173522949 8.09516906738281 8.09494304656982 8.0947732925415 8.09496116638184 8.09512901306152 8.09524250030518 8.09546184539795 8.09584712982178 8.0963249206543 8.09688854217529 8.09741401672363
-9999 -9999 -9999 -9999 -9999 8.12838268280029 8.12649345397949 8.12817096710205 8.1292839050293 8.12275791168213 8.11624717712402 8.10979843139648 8.10419464111328 8.10026168823242 8.0975980758667 8.09640121459961 8.09528064727783 8.09421253204346 8.09352207183838 8.09297847747803 8.09262371063232 8.09230136871338 8.09213638305664 8.09198570251465 8.09193992614746 8.09195995330811 8.09219455718994 8.09247875213623 8.09285068511963 8.09311962127686 8.09328269958496 8.09327983856201 8.09317588806152 8.0930643081665 8.09295082092285 8.09311008453369 8.09330749511719 8.09348392486572 8.0936222076416 8.09351253509521 8.09337997436523 8.09318256378174 8.09318065643311 8.09348201751709 8.09394359588623 8.0945520401001 8.0952205657959
-9999 -9999 8.13238334655762 8.13194561004639 8.13152694702148 8.13027477264404 8.12838077545166 8.1284351348877 8.12794399261475 8.11984634399414 8.11198234558105 8.10500812530518 8.09937858581543 8.09640598297119 8.09455299377441 8.09399032592773 8.09287452697754 8.09138107299805 8.09023571014404 8.08922576904297 8.08865737915039 8.08816719055176 8.08804225921631 8.08793544769287 8.08790493011475 8.08793067932129 8.088134765625 8.0884370803833 8.08891201019287 8.08932971954346 8.08968925476074 8.08990859985352 8.0900411605835 8.0903377532959 8.09068965911865 8.09127330780029 8.09188556671143 8.09207630157471 8.09217834472656 8.09171199798584 8.09127330780029 8.09090805053711 8.09080982208252 8.0911226272583 8.09164524078369 8.09236145019531 8.09316730499268
-9999.000000000000000 -9999 -9999 -9999 8.13403606414795 8.13277816772461 8.13393211364746 8.12879276275635 8.12311840057373 8.11506938934326 8.10754203796387 8.10200977325439 8.0977201461792 8.09589004516602 8.0944185256958 8.09335899353027 8.0918607711792 8.09006214141846 8.08863353729248 8.08734798431396 8.08651733398438 8.08576774597168 8.08563232421875 8.08552837371826 8.08557224273682 8.08564758300781 8.08582973480225 8.08605194091797 8.08634376525879 8.08678913116455 8.08739376068115 8.08808135986328 8.08881950378418 8.08976554870605 8.09078025817871 8.09114933013916 8.09142208099365 8.09078025817871 8.09009742736816 8.08914661407471 8.08838844299316 8.08816623687744 8.0882396697998 8.08877372741699 8.08952903747559 8.09048843383789 8.09142303466797
-9999 -9999 -9999 -9999 8.13734722137451 8.13905620574951 8.13836479187012 8.12892150878906 8.11917972564697 8.11133193969727 8.10422706604004 8.09996795654297 8.0967378616333 8.09554481506348 8.09417724609375 8.09261035919189 8.09075546264648 8.08870315551758 8.08706569671631 8.08559036254883 8.08463001251221 8.08376121520996 8.08365631103516 8.08359336853027 8.08374500274658 8.08391380310059 8.08414268493652 8.08437919616699 8.08463096618652 8.08518314361572 8.08604621887207 8.08710289001465 8.08827781677246 8.08938980102539 8.09048080444336 8.09037399291992 8.09009456634521 8.08883953094482 8.08761882781982 8.08661651611328 8.08588218688965 8.08589363098145 8.08616542816162 8.08683681488037 8.08764934539795 8.08859252929688 8.08945655822754
-9999 -9999 -9999 -9999 8.13963222503662 8.14020824432373 8.14091873168945 8.12876510620117 8.11635684967041 8.10890197753906 8.10232925415039 8.09913158416748 8.09660625457764 8.0954122543335 8.09380340576172 8.09171676635742 8.08953666687012 8.08729362487793 8.08554267883301 8.08398246765137 8.0830602645874 8.08225059509277 8.08222579956055 8.08225250244141 8.08255481719971 8.08287048339844 8.08323097229004 8.08360290527344 8.08399391174316 8.08475399017334 8.08589172363281 8.08719158172607 8.08858871459961 8.08926105499268 8.08969116210938 8.08878040313721 8.08767986297607 8.08608627319336 8.08463954925537 8.08412933349609 8.0838508605957 8.08421421051025 8.08471202850342 8.08541774749756 8.08606815338135 8.086669921875 8.08721160888672
-9999 -9999 -9999 -9999 8.14020824432373 8.14106845855713 8.14207935333252 8.12837505340576 8.11453437805176 8.10756206512451 8.10148239135742 8.09881687164307 8.09659767150879 8.09526062011719 8.09335803985596 8.09080505371094 8.08835983276367 8.0859899520874 8.08418369293213 8.08259582519531 8.08178234100342 8.08110618591309 8.08114719390869 8.08124446868896 8.08167457580566 8.08212375640869 8.08263683319092 8.08317470550537 8.08375549316406 8.08469581604004 8.08600616455078 8.08720111846924 8.08832550048828 8.08845043182373 8.08824253082275 8.08686542510986 8.08532619476318 8.08388710021973 8.08261871337891 8.08244132995605 8.08243083953857 8.0828857421875 8.08339214324951 8.0839786529541 8.08444023132324 8.08478832244873 8.08508396148682
-9999 -9999 -9999 -9999 8.1411190032959 8.14207935333252 8.12789344787598 8.12780857086182 8.1134614944458 8.1070384979248 8.10142230987549 8.09889221191406 8.0966796875 8.09509372711182 8.09286022186279 8.08987903594971 8.08721446990967 8.08476543426514 8.08294773101807 8.08137321472168 8.08072280883789 8.08023643493652 8.08033275604248 8.08048725128174 8.08102607727051 8.08159923553467 8.08228015899658 8.0830078125 8.08381652832031 8.08491802215576 8.08632183074951 8.08715152740479 8.08763217926025 8.08712959289551 8.08629989624023 8.08470916748047 8.0830192565918 8.08210372924805 8.08131694793701 8.08135223388672 8.08147144317627 8.08182048797607 8.08217144012451 8.08252429962158 8.08277702331543 8.0829381942749 8.08304309844971
-9999 -9999 -9999 -9999 8.14207935333252 8.12526607513428 8.11807632446289 8.11330986022949 8.11289405822754 8.10701084136963 8.10178565979004 8.09907913208008 8.09664726257324 8.09475803375244 8.09223651885986 8.08898544311523 8.08620929718018 8.08375835418701 8.08202075958252 8.08055782318115 8.08006286621094 8.07973861694336 8.07988357543945 8.0800895690918 8.08071517944336 8.08139419555664 8.08224678039551 8.08312320709229 8.08403968811035 8.08505725860596 8.08617877960205 8.0866060256958 8.08661079406738 8.08576774597168 8.08464336395264 8.08314323425293 8.08159828186035 8.08099269866943 8.08047771453857 8.08053874969482 8.08065223693848 8.08090972900391 8.08115768432617 8.08139228820801 8.08154010772705 8.08160972595215 8.08162498474121
-9999 -9999 -9999 -9999 -9999 8.1146068572998 8.11301326751709 8.11311054229736 8.11254215240479 8.1071949005127 8.10233020782471 8.09931468963623 8.09656620025635 8.0943489074707 8.0915584564209 8.08810424804688 8.08526420593262 8.08284473419189 8.08122634887695 8.07991695404053 8.07957363128662 8.07940006256104 8.07959175109863 8.0798454284668 8.08054733276367 8.08132553100586 8.08235263824463 8.08335971832275 8.0843334197998 8.08516120910645 8.08584022521973 8.08584785461426 8.08544826507568 8.08438968658447 8.08311080932617 8.08183097839355 8.08055782318115 8.08017063140869 8.07983684539795 8.07984256744385 8.0798921585083 8.08006477355957 8.08023357391357 8.080397605896 8.08048629760742 8.08050632476807 8.08047485351562
-9999 -9999 -9999 -9999 -9999 8.11257648468018 8.11273097991943 8.11262035369873 8.11222457885742 8.10698223114014 8.10220813751221 8.09923076629639 8.09638690948486 8.09380435943604 8.0908031463623 8.08731746673584 8.08452701568604 8.08221435546875 8.08078479766846 8.07969665527344 8.07943439483643 8.07931900024414 8.07959175109863 8.07993030548096 8.0807523727417 8.081618309021 8.08262825012207 8.08357048034668 8.08439636230469 8.08501052856445 8.08540630340576 8.08523654937744 8.0847225189209 8.08364772796631 8.0823860168457 8.08127593994141 8.08019256591797 8.07983493804932 8.07951831817627 8.0794677734375 8.07946681976318 8.0796012878418 8.07973003387451 8.07984828948975 8.07991313934326 8.07992744445801 8.07990741729736
-9999 -9999 -9999 -9999 -9999 8.11175918579102 8.11198425292969 8.11246204376221 8.11191368103027 8.10668659210205 8.10194778442383 8.09908199310303 8.09618663787842 8.09323215484619 8.09003257751465 8.08654880523682 8.08383178710938 8.08164119720459 8.08041572570801 8.07956314086914 8.07936859130859 8.07929134368896 8.07965183258057 8.0800838470459 8.08103466033936 8.08198547363281 8.08293914794922 8.08377647399902 8.08441257476807 8.08480739593506 8.08495235443115 8.08465480804443 8.08408832550049 8.08303833007812 8.08182811737061 8.08087825775146 8.0799674987793 8.07959938049316 8.07926750183105 8.0791597366333 8.07911014556885 8.07921695709229 8.07931327819824 8.0793924331665 8.07943916320801 8.07945728302002 8.07946014404297
-9999 -9999 -9999 -9999 -9999 -9999 8.11056327819824 8.11087036132812 8.11048316955566 8.1057653427124 8.10146045684814 8.09873294830322 8.09583950042725 8.09261798858643 8.08932590484619 8.08595275878906 8.08337688446045 8.08135032653809 8.08027648925781 8.07957077026367 8.07945728302002 8.07944869995117 8.07990550994873 8.08042430877686 8.08137702941895 8.08229446411133 8.08309268951416 8.08378410339355 8.08429050445557 8.08461952209473 8.08476543426514 8.08452701568604 8.0840539932251 8.08314037322998 8.08207988739014 8.08117771148682 8.08030033111572 8.0798397064209 8.07941722869873 8.07923030853271 8.07909202575684 8.07908630371094 8.07910060882568 8.07914638519287 8.07919025421143 8.07923412322998 8.07926464080811
-9999 -9999 -9999 -9999 -9999 -9999 8.10882472991943 8.10835742950439 8.10894775390625 8.10479354858398 8.10096073150635 8.09835910797119 8.09546566009521 8.0919942855835 8.08862495422363 8.08537197113037 8.0829439163208 8.08108425140381 8.08015632629395 8.07958984375 8.07955932617188 8.07962417602539 8.08017063140869 8.08076858520508 8.08170604705811 8.08257484436035 8.08322525024414 8.08378028869629 8.08416938781738 8.08444690704346 8.08461093902588 8.08444213867188 8.08407115936279 8.08329486846924 8.08238315582275 8.08151721954346 8.08065986633301 8.08010864257812 8.07959651947021 8.07932758331299 8.07909774780273 8.07897567749023 8.07890605926514 8.07891750335693 8.07896041870117 8.0790319442749 8.07908916473389
-9999 -9999 -9999 -9999 -9999 -9999 8.10732364654541 8.10724639892578 8.1068286895752 8.1035737991333 8.10044860839844 8.09782028198242 8.09487342834473 8.09129333496094 8.08794784545898 8.08487510681152 8.08262825012207 8.08094692230225 8.08013439178467 8.07965755462646 8.07973289489746 8.07990550994873 8.08046531677246 8.08105754852295 8.08184814453125 8.08259677886963 8.08320713043213 8.08373832702637 8.08413124084473 8.08444213867188 8.08466911315918 8.08459377288818 8.08433437347412 8.08366012573242 8.08284759521484 8.08195495605469 8.08105278015137 8.08045768737793 8.0798921585083 8.07952117919922 8.07918548583984 8.07895278930664 8.0787992477417 8.07876777648926 8.07881641387939 8.07893657684326 8.07901382446289
-9999 -9999 -9999 -9999 -9999 8.10774898529053 8.10673141479492 8.10636615753174 8.10483551025391 8.1024341583252 8.09996509552002 8.09723949432373 8.09420204162598 8.09054565429688 8.08725452423096 8.08438491821289 8.0823278427124 8.08083057403564 8.08012962341309 8.07973766326904 8.07989883422852 8.08015727996826 8.08071994781494 8.08129978179932 8.08196449279785 8.08260726928711 8.083176612854 8.08368682861328 8.08409595489502 8.08444309234619 8.08472728729248 8.08473587036133 8.08457565307617 8.08398914337158 8.08325958251953 8.08233833312988 8.08139324188232 8.08076763153076 8.08016395568848 8.07970142364502 8.07927322387695 8.07893943786621 8.07871150970459 8.07864761352539 8.07870292663574 8.07886695861816 8.0789623260498
-9999 -9999 -9999 -9999 8.11031627655029 8.10847759246826 8.10774898529053 8.10556221008301 8.10330581665039 8.10158729553223 8.09958648681641 8.09650325775146 8.09324264526367 8.08963203430176 8.08649921417236 8.0839147567749 8.0820894241333 8.08078479766846 8.08018684387207 8.07986164093018 8.08003711700439 8.08030128479004 8.0808277130127 8.08136940002441 8.0819845199585 8.0825777053833 8.08309745788574 8.08359813690186 8.08406639099121 8.08446311950684 8.08478546142578 8.08484172821045 8.08473491668701 8.08417892456055 8.08347320556641 8.08252143859863 8.0815372467041 8.08093452453613 8.08034324645996 8.07983493804932 8.07935619354248 8.07895851135254 8.07869434356689 8.07863426208496 8.07870388031006 8.07889366149902 8.07900047302246
