Ecospace-environmental-drivers/Outputs/ASCII-for-ecospace/MOM6-ISIMIP3a/ph/1987-11_ph_MOM6-ISIMIP3a.asc
NCOLS 131 
NROWS 53 
XLLCORNER -98 
YLLCORNER 23.9265270233154 
CELLSIZE 0.133587792515755 
NODATA_value -9999 
[rows 21 to 41 of 53, columns 47 to 93 of 131]
8.17701053619385 8.17798233032227 8.17873573303223 8.17961978912354 8.18053436279297 8.18190002441406 8.18321323394775 8.18425846099854 8.18506717681885 8.18530368804932 8.18556690216064 8.18586444854736 8.18575191497803 8.18530368804932 8.18517398834229 8.18519401550293 8.18356323242188 8.18153762817383 8.17938899993896 8.17711353302002 8.17310523986816 8.16936588287354 8.16674900054932 8.1646785736084 8.16376113891602 8.16304588317871 8.16257762908936 8.16218662261963 8.16185188293457 8.16132259368896 8.16071319580078 8.16011524200439 8.15952014923096 8.1593713760376 8.15929317474365 8.15974712371826 8.16033172607422 8.16137313842773 8.1628532409668 8.16514682769775 8.16751480102539 8.16996479034424 8.17136001586914 8.17207336425781 8.17112827301025 8.16958618164062 8.16580677032471
8.17566108703613 8.17636394500732 8.17680263519287 8.17754650115967 8.1783447265625 8.17974662780762 8.18107318878174 8.18201160430908 8.18304824829102 8.1843204498291 8.18521022796631 8.18557548522949 8.18544769287109 8.18491458892822 8.18438625335693 8.18385982513428 8.18186664581299 8.17952346801758 8.17698955535889 8.1743745803833 8.17077732086182 8.16738224029541 8.16483497619629 8.16276836395264 8.16171932220459 8.16087532043457 8.16028118133545 8.15978050231934 8.15934753417969 8.15861034393311 8.15774536132812 8.15695571899414 8.1561803817749 8.15597438812256 8.15583610534668 8.15615558624268 8.1565637588501 8.15728378295898 8.1583776473999 8.16016483306885 8.16221618652344 8.1645565032959 8.16640853881836 8.16794300079346 8.16843795776367 8.16856002807617 8.16624450683594
8.17445182800293 8.17488574981689 8.17502021789551 8.17557239532471 8.17619323730469 8.17754936218262 8.17880821228027 8.17957305908203 8.18077945709229 8.18305110931396 8.18453884124756 8.18495273590088 8.18482971191406 8.1842679977417 8.18338108062744 8.18234062194824 8.18010711669922 8.17758941650391 8.17477226257324 8.17191886901855 8.16882610321045 8.16583442687988 8.16326808929443 8.16112422943115 8.15987110137939 8.15884494781494 8.15809631347656 8.15746307373047 8.15691471099854 8.15596008300781 8.15483665466309 8.15386772155762 8.15292930603027 8.15267848968506 8.15249156951904 8.15268135070801 8.15292167663574 8.15334224700928 8.15405464172363 8.15530872344971 8.15697765350342 8.15909862518311 8.16129493713379 8.16353988647461 8.16540813446045 8.16714191436768 8.16638374328613
8.17220401763916 8.17272663116455 8.17288684844971 8.17315101623535 8.17345905303955 8.17463111877441 8.17578220367432 8.17682933807373 8.1783447265625 8.18099021911621 8.18260955810547 8.18281936645508 8.1828145980835 8.18263339996338 8.18183422088623 8.18074321746826 8.17895698547363 8.17700386047363 8.1747465133667 8.17244625091553 8.16982746124268 8.16703510284424 8.16350936889648 8.1605863571167 8.15893363952637 8.15761089324951 8.15669059753418 8.15583610534668 8.15502834320068 8.15384769439697 8.152512550354 8.15149593353271 8.15054225921631 8.15026950836182 8.15004634857178 8.15006446838379 8.15012359619141 8.15032768249512 8.15077877044678 8.15168762207031 8.15299606323242 8.1547384262085 8.15675354003906 8.15894412994385 8.16109180450439 8.16322422027588 8.16400051116943
8.16929531097412 8.17014122009277 8.17060279846191 8.17076683044434 8.17092895507812 8.17185020446777 8.17282009124756 8.17403411865234 8.1757230758667 8.17855930328369 8.18027687072754 8.18045806884766 8.18072032928467 8.18104839324951 8.18043327331543 8.17937088012695 8.1779842376709 8.17652034759521 8.17470359802246 8.17282676696777 8.17043876647949 8.16769218444824 8.16344738006592 8.15991306304932 8.15787601470947 8.15628147125244 8.1552267074585 8.15418148040771 8.15314197540283 8.15177822113037 8.1502799987793 8.1492166519165 8.14823818206787 8.14790630340576 8.14761066436768 8.14744758605957 8.14732074737549 8.14732265472412 8.14753437042236 8.1481351852417 8.14910984039307 8.15049266815186 8.15230846405029 8.15440368652344 8.15676879882812 8.15923118591309 8.16138648986816
8.16349506378174 8.16569137573242 8.16766357421875 8.16854190826416 8.16929340362549 8.16967296600342 8.17013359069824 8.17101097106934 8.17228221893311 8.17450618743896 8.17618083953857 8.17710018157959 8.17828369140625 8.17968273162842 8.17966842651367 8.17898464202881 8.17779445648193 8.17648315429688 8.17458820343018 8.17256927490234 8.16933536529541 8.16596984863281 8.16205406188965 8.15863990783691 8.15628814697266 8.15453243255615 8.15350532531738 8.15240859985352 8.15126037597656 8.14990043640137 8.14845275878906 8.14734172821045 8.14629554748535 8.14573860168457 8.14521408081055 8.14483070373535 8.14450168609619 8.144362449646 8.14443111419678 8.1448860168457 8.14564895629883 8.14674758911133 8.14828681945801 8.15011119842529 8.15242195129395 8.1549072265625 8.15776252746582
8.1578311920166 8.16073131561279 8.16360282897949 8.16528797149658 8.16680526733398 8.16707897186279 8.16741180419922 8.16804313659668 8.16893577575684 8.17045783996582 8.17178821563721 8.17285823822021 8.17429542541504 8.17603492736816 8.17625617980957 8.17575931549072 8.1746244430542 8.17333698272705 8.17143630981445 8.16940116882324 8.16601371765137 8.16265773773193 8.15943145751953 8.15652179718018 8.15427875518799 8.15262603759766 8.15169334411621 8.1505880355835 8.14935684204102 8.1480131149292 8.1466236114502 8.14545345306396 8.14432525634766 8.14355373382568 8.14281272888184 8.14224529266357 8.14175224304199 8.14151954650879 8.14148807525635 8.14183044433594 8.14241409301758 8.14325904846191 8.14453792572021 8.14609718322754 8.14833068847656 8.15080738067627 8.15419387817383
8.1524658203125 8.15465545654297 8.1570930480957 8.15978908538818 8.16245365142822 8.16357517242432 8.16460800170898 8.16519546508789 8.16579341888428 8.16641902923584 8.16675186157227 8.1666841506958 8.1669225692749 8.16740989685059 8.16707038879395 8.16633987426758 8.16495132446289 8.16340637207031 8.16166114807129 8.15988540649414 8.15785312652588 8.15587615966797 8.15412998199463 8.15255737304688 8.15135192871094 8.15037727355957 8.14968681335449 8.14866638183594 8.14740467071533 8.14610576629639 8.14479064941406 8.14353561401367 8.14229202270508 8.14132976531982 8.14040470123291 8.13973045349121 8.13915634155273 8.13893604278564 8.13889789581299 8.13919830322266 8.13967132568359 8.14033222198486 8.14138412475586 8.14269161224365 8.14480018615723 8.14719772338867 8.15074443817139
8.14821720123291 8.14972019195557 8.1515588760376 8.15449523925781 8.15749740600586 8.15924263000488 8.16079998016357 8.16140651702881 8.16182327270508 8.16178417205811 8.16140174865723 8.16055011749268 8.15993595123291 8.15951728820801 8.15885734558105 8.15808391571045 8.15677261352539 8.15533351898193 8.15398406982422 8.15266132354736 8.15161991119385 8.15063667297363 8.14989948272705 8.14922428131104 8.14868068695068 8.14815521240234 8.14765167236328 8.14670562744141 8.14543724060059 8.1441478729248 8.14284992218018 8.14153003692627 8.14020538330078 8.13911724090576 8.13806915283203 8.13733005523682 8.13670253753662 8.13647174835205 8.13640022277832 8.13662433624268 8.13700008392334 8.13754272460938 8.13844585418701 8.13958358764648 8.14160060882568 8.14393520355225 8.14753532409668
8.14537525177002 8.14622020721436 8.14725303649902 8.14945983886719 8.15177917480469 8.15386581420898 8.15572643280029 8.15643310546875 8.15681171417236 8.15639972686768 8.15565776824951 8.15446472167969 8.15343761444092 8.15254783630371 8.15186882019043 8.15129089355469 8.15047359466553 8.14959812164307 8.14894676208496 8.14831924438477 8.14780902862549 8.14733600616455 8.14701652526855 8.14668655395508 8.14633274078369 8.14596462249756 8.14558029174805 8.14469623565674 8.14344882965088 8.14212703704834 8.14077377319336 8.13941383361816 8.13805198669434 8.13691806793213 8.13582706451416 8.13507461547852 8.13442897796631 8.1341609954834 8.1340217590332 8.13412380218506 8.13441944122314 8.13492774963379 8.13577842712402 8.13685035705566 8.13881778717041 8.1411075592041 8.14462947845459
8.14312076568604 8.14369773864746 8.14437484741211 8.14600276947021 8.14773845672607 8.14975929260254 8.15157794952393 8.15236568450928 8.15279102325439 8.15233898162842 8.15157413482666 8.15038013458252 8.14931583404541 8.14835834503174 8.14773845672607 8.14727973937988 8.14669132232666 8.14607048034668 8.14566612243652 8.14529514312744 8.14518165588379 8.14508152008057 8.14504337310791 8.14491271972656 8.14458560943604 8.14421272277832 8.14378452301025 8.14279842376709 8.14140796661377 8.13994407653809 8.13845062255859 8.13705348968506 8.13567543029785 8.13454818725586 8.13346767425537 8.13275527954102 8.13211822509766 8.13174438476562 8.13148593902588 8.13143920898438 8.13166999816895 8.13220119476318 8.13301563262939 8.13401222229004 8.13587665557861 8.13805103302002 8.14141178131104
8.14130783081055 8.14190864562988 8.14256858825684 8.1437292098999 8.14495754241943 8.14660453796387 8.14812183380127 8.14897727966309 8.14951133728027 8.14927101135254 8.14873600006104 8.14779567718506 8.14697647094727 8.14625453948975 8.14575290679932 8.14535427093506 8.14479637145996 8.14419937133789 8.14370346069336 8.14325904846191 8.14344024658203 8.1436128616333 8.14375305175781 8.14371204376221 8.14328956604004 8.14278984069824 8.1421947479248 8.14098453521729 8.13932514190674 8.13763999938965 8.13594341278076 8.13451099395752 8.13313102722168 8.13204956054688 8.13102054595947 8.13038921356201 8.12978076934814 8.12925052642822 8.12883186340332 8.12861824035645 8.12879276275635 8.12939167022705 8.13018226623535 8.13109683990479 8.13281536102295 8.1348237991333 8.13795948028564
8.13966941833496 8.14037609100342 8.14113616943359 8.14219188690186 8.14329147338867 8.14472007751465 8.14605331420898 8.14690399169922 8.14745140075684 8.14726829528809 8.14681625366211 8.14599609375 8.14528560638428 8.14466667175293 8.14422130584717 8.14385795593262 8.14330673217773 8.14271068572998 8.14216136932373 8.14167213439941 8.14201164245605 8.14234638214111 8.14265918731689 8.14270973205566 8.14221000671387 8.14157199859619 8.14076709747314 8.13934707641602 8.13747882843018 8.13554954528809 8.13359546661377 8.13205051422119 8.13058567047119 8.12949180603027 8.12845993041992 8.12790012359619 8.12733173370361 8.12673187255859 8.12623691558838 8.12593936920166 8.12601375579834 8.12649345397949 8.12717914581299 8.12799739837646 8.12959480285645 8.13147163391113 8.13442420959473
8.13810634613037 8.13895416259766 8.13986396789551 8.14097023010254 8.14210224151611 8.14337921142578 8.14457988739014 8.14539432525635 8.14591407775879 8.14572143554688 8.14529037475586 8.14453125 8.143874168396 8.14330005645752 8.14288425445557 8.14254474639893 8.14199066162109 8.14138603210449 8.14079856872559 8.14027881622314 8.14071846008301 8.14116668701172 8.14164924621582 8.1417932510376 8.14122200012207 8.14044284820557 8.13940811157227 8.13778591156006 8.13573360443115 8.13355159759521 8.13131713867188 8.12962436676025 8.12803936004639 8.12690830230713 8.12585163116455 8.12535953521729 8.12483596801758 8.12420082092285 8.12366771697998 8.12332153320312 8.12327575683594 8.12355804443359 8.12410449981689 8.12482070922852 8.12630558013916 8.12806701660156 8.13085269927979
8.13657474517822 8.13749217987061 8.13848114013672 8.13965034484863 8.14084148406982 8.14208221435547 8.14323616027832 8.14394378662109 8.14440250396729 8.14426326751709 8.14389705657959 8.14321899414062 8.14260959625244 8.14205741882324 8.14162826538086 8.14125823974609 8.14071178436279 8.14012336730957 8.13964080810547 8.1392297744751 8.13975143432617 8.14026069641113 8.14071750640869 8.14083671569824 8.14024543762207 8.13936138153076 8.1381196975708 8.13634300231934 8.13417625427246 8.13182258605957 8.12939262390137 8.12750816345215 8.125732421875 8.12446784973145 8.12328624725342 8.12272453308105 8.12216281890869 8.1215991973877 8.12114524841309 8.12089252471924 8.12084007263184 8.12100410461426 8.12149143218994 8.12218761444092 8.12350845336914 8.1250524520874 8.12764453887939
8.13504981994629 8.13602161407471 8.1370735168457 8.1383113861084 8.13956546783447 8.14079570770264 8.14191913604736 8.14250469207764 8.14289665222168 8.14282321929932 8.1425313949585 8.14193820953369 8.14137649536133 8.14084053039551 8.14038944244385 8.13997745513916 8.13944053649902 8.13887405395508 8.13852596282959 8.13825225830078 8.1388521194458 8.13941192626953 8.13980102539062 8.13987255096436 8.13927173614502 8.13829135894775 8.13684558868408 8.13492488861084 8.13265800476074 8.13014984130859 8.12754154205322 8.12545585632324 8.12347412109375 8.12205696105957 8.12072849273682 8.12006950378418 8.11945247650146 8.11898326873779 8.11863231658936 8.11850357055664 8.1184663772583 8.11852836608887 8.11897373199463 8.11966800689697 8.12081241607666 8.12211799621582 8.12451076507568
8.13364601135254 8.13459777832031 8.13562965393066 8.13683986663818 8.13806819915771 8.13926696777344 8.14035797119141 8.14090347290039 8.14126586914062 8.14118385314941 8.14088535308838 8.14028739929199 8.13974094390869 8.13923740386963 8.13882160186768 8.13844871520996 8.13804721832275 8.13763904571533 8.13752269744873 8.13747406005859 8.13812828063965 8.1386890411377 8.13885974884033 8.1387357711792 8.13799095153809 8.13693904876709 8.13551044464111 8.13338565826416 8.13075256347656 8.12806797027588 8.12536239624023 8.1232795715332 8.12131881713867 8.11997127532959 8.11871147155762 8.11808013916016 8.117506980896 8.11714172363281 8.11688327789307 8.11682510375977 8.11686134338379 8.11699962615967 8.11739444732666 8.11795616149902 8.11885261535645 8.11986923217773 8.12202739715576
8.13227367401123 8.13320350646973 8.1342134475708 8.13539123535156 8.1365852355957 8.13774490356445 8.13879871368408 8.13931369781494 8.13964748382568 8.13954067230225 8.13922119140625 8.13861179351807 8.13807773590088 8.13760566711426 8.13723182678223 8.13690376281738 8.13664817810059 8.13640880584717 8.1365327835083 8.13671684265137 8.13741493225098 8.13796710968018 8.13790702819824 8.1375789642334 8.13668537139893 8.13555431365967 8.13413429260254 8.13181209564209 8.12883377075195 8.12599468231201 8.12321186065674 8.12113666534424 8.11919975280762 8.11793994903564 8.11676597595215 8.11618041992188 8.11566925048828 8.11541748046875 8.11525726318359 8.11526966094971 8.11537837982178 8.11559295654297 8.11593437194824 8.11636066436768 8.11701393127441 8.11774921417236 8.11965847015381
8.13118267059326 8.13210296630859 8.13312244415283 8.13423728942871 8.13535976409912 8.1364107131958 8.13737869262695 8.13792037963867 8.13822269439697 8.13794708251953 8.13751029968262 8.13685417175293 8.13630771636963 8.13585090637207 8.13554859161377 8.13531970977783 8.13525485992432 8.13522911071777 8.13563251495361 8.13607978820801 8.1367359161377 8.13719844818115 8.1368522644043 8.13628578186035 8.13525199890137 8.13395595550537 8.13233661651611 8.12993335723877 8.12695980072021 8.12419891357422 8.12152671813965 8.11942005157471 8.11742401123047 8.11632442474365 8.11532020568848 8.11492538452148 8.11461067199707 8.11457252502441 8.11458206176758 8.11468124389648 8.11482715606689 8.11502647399902 8.11530113220215 8.11562442779541 8.11612129211426 8.11668014526367 8.11819839477539
8.13020324707031 8.1310920715332 8.13209342956543 8.13315105438232 8.13421058654785 8.13515472412109 8.13603401184082 8.13659000396729 8.13685321807861 8.1364107131958 8.13586044311523 8.13516139984131 8.13459491729736 8.13413619995117 8.13388824462891 8.13374042510986 8.13386154174805 8.13404750823975 8.13473606109619 8.13545227050781 8.13606929779053 8.1364574432373 8.13588428497314 8.13511848449707 8.13394737243652 8.13248920440674 8.13068294525146 8.12819194793701 8.12520217895508 8.1224889755249 8.11988925933838 8.11777400970459 8.11575508117676 8.11483860015869 8.11402606964111 8.11382865905762 8.1137113571167 8.11387157440186 8.11404514312744 8.11424350738525 8.11444091796875 8.11463832855225 8.11484909057617 8.11507034301758 8.11540794372559 8.1157865524292 8.11690330505371
8.12963104248047 8.13040637969971 8.13128757476807 8.13231182098389 8.13334274291992 8.13417816162109 8.1349630355835 8.13549041748047 8.13568782806396 8.13508701324463 8.13443374633789 8.13370704650879 8.13309383392334 8.13257122039795 8.13231372833252 8.13218116760254 8.13247013092041 8.1328592300415 8.13385200500488 8.13485813140869 8.13545227050781 8.13581848144531 8.13523197174072 8.13441371917725 8.13310718536377 8.13150978088379 8.12955474853516 8.12695217132568 8.12387657165527 8.12109184265137 8.11842632293701 8.11638927459717 8.11447525024414 8.11382865905762 8.11328601837158 8.11331176757812 8.1133975982666 8.11369609832764 8.11401271820068 8.1143627166748 8.11466121673584 8.11490345001221 8.11506748199463 8.1151819229126 8.11534881591797 8.1155366897583 8.11621284484863
