Ecospace-environmental-drivers/Outputs/ASCII-for-ecospace/MOM6-ISIMIP3a/ph/1988-04_ph_MOM6-ISIMIP3a.asc
NCOLS 131 
NROWS 53 
XLLCORNER -98 
YLLCORNER 23.9265270233154 
CELLSIZE 0.133587792515755 
NODATA_value -9999 
[rows 21 to 41 of 53, columns 47 to 93 of 131]
8.18924999237061 8.18915557861328 8.18924140930176 8.18888282775879 8.18843936920166 8.18696308135986 8.18554878234863 8.18445205688477 8.18368721008301 8.18372249603271 8.18431758880615 8.1856803894043 8.18738174438477 8.18936061859131 8.18850040435791 8.1862964630127 8.18891525268555 8.19268703460693 8.19066524505615 8.18879127502441 8.19485759735107 8.19998359680176 8.20117092132568 8.20217990875244 8.20281314849854 8.20387554168701 8.20546245574951 8.20647716522217 8.20707225799561 8.20719146728516 8.20711135864258 8.20598697662354 8.20465755462646 8.20220851898193 8.19966793060303 8.19664573669434 8.19411373138428 8.19330787658691 8.19332027435303 8.19485378265381 8.19636726379395 8.19785976409912 8.19870376586914 8.19912815093994 8.19860935211182 8.19775104522705 8.19671154022217
8.18099021911621 8.18088340759277 8.18088436126709 8.18038558959961 8.17981624603271 8.17868709564209 8.17766284942627 8.177170753479 8.17675685882568 8.1765308380127 8.17717742919922 8.17901992797852 8.18107318878174 8.18329906463623 8.18261909484863 8.18056201934814 8.18270969390869 8.18586254119873 8.1845645904541 8.18350791931152 8.19039916992188 8.19629383087158 8.19801807403564 8.19949626922607 8.20045471191406 8.20186138153076 8.20381546020508 8.20484924316406 8.20521068572998 8.20525360107422 8.20516395568848 8.20394420623779 8.20250225067139 8.20003509521484 8.19745445251465 8.19414329528809 8.19111728668213 8.18909168243408 8.18805599212646 8.18885517120361 8.19024753570557 8.19228649139404 8.19419574737549 8.19602203369141 8.19622421264648 8.19584274291992 8.19512844085693
8.17269229888916 8.17258262634277 8.17250537872314 8.17182636260986 8.17108535766602 8.17033767700195 8.16973781585693 8.16988849639893 8.16986274719238 8.16941261291504 8.1701078414917 8.17237663269043 8.17470836639404 8.17709255218506 8.17666912078857 8.1749153137207 8.17658710479736 8.17907905578613 8.17876148223877 8.1787691116333 8.18630790710449 8.19281005859375 8.19497680664062 8.19685173034668 8.19811344146729 8.19983005523682 8.20210266113281 8.20313262939453 8.20325946807861 8.20319938659668 8.2030611038208 8.20173358917236 8.20017242431641 8.19774913787842 8.19519329071045 8.19166469573975 8.18819427490234 8.18493175506592 8.18277645111084 8.18268013000488 8.18382358551025 8.18631744384766 8.18928909301758 8.19257164001465 8.19354629516602 8.19369220733643 8.19334983825684
8.16720008850098 8.16719913482666 8.1672191619873 8.16610240936279 8.16489505767822 8.16439723968506 8.16402816772461 8.16431427001953 8.16453456878662 8.16459655761719 8.16550827026367 8.16758728027344 8.16939067840576 8.1709680557251 8.17120838165283 8.17081642150879 8.17280387878418 8.17535972595215 8.17744064331055 8.17979907989502 8.18667888641357 8.19251728057861 8.19400119781494 8.19528388977051 8.19614505767822 8.19754886627197 8.19961547851562 8.20051193237305 8.2005558013916 8.20016288757324 8.19958782196045 8.19795513153076 8.19611358642578 8.19415187835693 8.19209575653076 8.18917369842529 8.18604469299316 8.18219184875488 8.17888259887695 8.17658519744873 8.17623996734619 8.17802047729492 8.18141174316406 8.18584537506104 8.18795204162598 8.18922328948975 8.18973731994629
8.16228866577148 8.16227912902832 8.16227436065674 8.16088962554932 8.15940952301025 8.15916919708252 8.1590461730957 8.15951347351074 8.16000747680664 8.16056442260742 8.16166400909424 8.16350936889648 8.16487789154053 8.16585636138916 8.16676044464111 8.16763019561768 8.16982936859131 8.1723461151123 8.17638969421387 8.18066883087158 8.18683433532715 8.19196701049805 8.19277858734131 8.1934757232666 8.19393348693848 8.19496822357178 8.19671058654785 8.19736480712891 8.19722557067871 8.19655799865723 8.19567012786865 8.19395065307617 8.19206619262695 8.19052410125732 8.18890762329102 8.18644046783447 8.18356895446777 8.17927265167236 8.17505645751953 8.17099094390869 8.16935348510742 8.17036056518555 8.17386531829834 8.17898559570312 8.18213558197021 8.18457698822021 8.18592834472656
8.15992069244385 8.15938663482666 8.15882587432861 8.15791988372803 8.15701389312744 8.15706729888916 8.15725135803223 8.15810012817383 8.15898895263672 8.15997219085693 8.16113758087158 8.16255187988281 8.16389846801758 8.16518974304199 8.1667537689209 8.16844654083252 8.17040157318115 8.17241954803467 8.17652320861816 8.18083190917969 8.18604755401611 8.19029235839844 8.19047451019287 8.19061183929443 8.19065380096436 8.19107818603516 8.19196891784668 8.19190502166748 8.19114685058594 8.19046020507812 8.18980407714844 8.18895435333252 8.18806552886963 8.18676376342773 8.1853199005127 8.18264675140381 8.17965984344482 8.17556858062744 8.17153072357178 8.16759300231934 8.16552543640137 8.16549682617188 8.16777229309082 8.17153835296631 8.17533779144287 8.17914772033691 8.18125915527344
8.15776634216309 8.15697193145752 8.15620136260986 8.15572452545166 8.15530300140381 8.15560054779053 8.15602970123291 8.15712356567383 8.15827560424805 8.15957069396973 8.16081523895264 8.16199111938477 8.16335105895996 8.16486072540283 8.16678619384766 8.16890907287598 8.17063999176025 8.17227840423584 8.17627048492432 8.18043327331543 8.1847448348999 8.18816089630127 8.18783283233643 8.18752288818359 8.1872501373291 8.18715190887451 8.1872673034668 8.18657207489014 8.18528461456299 8.18435478210449 8.18357276916504 8.1834020614624 8.18335056304932 8.18227577209473 8.18102645874023 8.17843341827393 8.17558765411377 8.17185592651367 8.16814994812012 8.1644926071167 8.16219997406006 8.16139602661133 8.16259574890137 8.1650915145874 8.1691198348999 8.17369937896729 8.17642688751221
8.15607738494873 8.15559577941895 8.15537738800049 8.15521907806396 8.1550874710083 8.15552234649658 8.15605735778809 8.1570987701416 8.15823173522949 8.15958213806152 8.16093730926514 8.16229915618896 8.16374778747559 8.16526985168457 8.16690635681152 8.1685962677002 8.17014980316162 8.17166996002197 8.17517566680908 8.17880821228027 8.1823148727417 8.18503284454346 8.18445301055908 8.18394088745117 8.18357372283936 8.18314933776855 8.18265533447266 8.1815128326416 8.17989921569824 8.17823219299316 8.17654323577881 8.17663478851318 8.17707633972168 8.17620372772217 8.17519283294678 8.17330360412598 8.17116069793701 8.16812515258789 8.16508674621582 8.16204071044922 8.1599702835083 8.15896320343018 8.15942096710205 8.16082572937012 8.16416835784912 8.16820812225342 8.17123794555664
8.15459728240967 8.1544075012207 8.15461254119873 8.15470409393311 8.15480136871338 8.15535354614258 8.15597724914551 8.15696334838867 8.15804195404053 8.15934181213379 8.16067695617676 8.1620626449585 8.16347408294678 8.16490745544434 8.16628360748291 8.16763210296631 8.16897106170654 8.17030811309814 8.17301654815674 8.17580699920654 8.17840671539307 8.18039798736572 8.17984580993652 8.17927265167236 8.17865753173828 8.17795848846436 8.17715644836426 8.17582321166992 8.17410373687744 8.17206573486328 8.16989517211914 8.17003536224365 8.17062950134277 8.16996192932129 8.16919803619385 8.16794967651367 8.16646671295166 8.16415596008301 8.16187477111816 8.15964794158936 8.15800762176514 8.15700435638428 8.15698432922363 8.15759944915771 8.16021823883057 8.1635570526123 8.16671657562256
8.15338039398193 8.15345478057861 8.15392112731934 8.15417671203613 8.15442562103271 8.15506935119629 8.15575981140137 8.15668869018555 8.15767097473145 8.15878295898438 8.15993499755859 8.16114330291748 8.16235637664795 8.16357421875 8.16472625732422 8.165846824646 8.1669282913208 8.16799926757812 8.16952037811279 8.1710729598999 8.17263698577881 8.17386627197266 8.17369270324707 8.17323589324951 8.17218208312988 8.17127418518066 8.17054271697998 8.16934108734131 8.1677942276001 8.16584396362305 8.16372585296631 8.16364574432373 8.16396522521973 8.16350555419922 8.16299915313721 8.16231346130371 8.16143608093262 8.15988445281982 8.15847587585449 8.1573314666748 8.15638065338135 8.15564250946045 8.15547657012939 8.15568161010742 8.1575288772583 8.15996551513672 8.16303443908691
8.15220069885254 8.15240383148193 8.1529598236084 8.15340328216553 8.15384387969971 8.15451908111572 8.15521049499512 8.15597915649414 8.15676593780518 8.15759944915771 8.15846252441406 8.15936756134033 8.16019153594971 8.16095066070557 8.16157150268555 8.1621265411377 8.16261005401611 8.16307544708252 8.16360473632812 8.16415882110596 8.16499710083008 8.16575717926025 8.166184425354 8.16608715057373 8.16487979888916 8.16393280029297 8.16330242156982 8.16255855560303 8.1617317199707 8.16013717651367 8.15822505950928 8.15798187255859 8.15806674957275 8.15791034698486 8.15774059295654 8.15752506256104 8.15719413757324 8.15645122528076 8.15593910217285 8.15585517883301 8.15546131134033 8.15472984313965 8.15433597564697 8.15416145324707 8.15546321868896 8.15729427337646 8.16031932830811
8.151047706604 8.15128040313721 8.15179634094238 8.15244483947754 8.15310668945312 8.15376949310303 8.15441226959229 8.15494346618652 8.15546226501465 8.1559476852417 8.15644264221191 8.15694999694824 8.15724277496338 8.1573600769043 8.15721893310547 8.15695476531982 8.15658569335938 8.15619087219238 8.15587615966797 8.15560913085938 8.15595436096191 8.15646457672119 8.15765953063965 8.15810298919678 8.15695762634277 8.15609931945801 8.15559196472168 8.15555286407471 8.15585327148438 8.15481662750244 8.15322589874268 8.15286350250244 8.15274333953857 8.1529598236084 8.15318584442139 8.15337371826172 8.15354251861572 8.15364551544189 8.15404891967773 8.15500926971436 8.15507030487061 8.15415287017822 8.15347003936768 8.15293979644775 8.15386581420898 8.15531444549561 8.15832996368408
8.15016555786133 8.15035724639893 8.15078353881836 8.15151405334473 8.15227127075195 8.15294075012207 8.15355777740479 8.15390682220459 8.15420246124268 8.15436840057373 8.15449619293213 8.15457057952881 8.15441036224365 8.15405654907227 8.15345287322998 8.15272998809814 8.15176486968994 8.15074157714844 8.14996528625488 8.14926624298096 8.14943981170654 8.14976978302002 8.15074825286865 8.15132808685303 8.1510648727417 8.1507453918457 8.15035724639893 8.15066623687744 8.15148162841797 8.15080165863037 8.14950084686279 8.14933013916016 8.14938068389893 8.1499719619751 8.15058040618896 8.15116786956787 8.15172290802002 8.15216541290283 8.1528148651123 8.15385150909424 8.15395069122314 8.15302848815918 8.15228176116943 8.15164661407471 8.15243625640869 8.15373706817627 8.1567325592041
8.14939975738525 8.14951992034912 8.14983558654785 8.15059471130371 8.15139389038086 8.15207767486572 8.15268039703369 8.15287017822266 8.15296363830566 8.15281963348389 8.15258026123047 8.15220832824707 8.1516284942627 8.15087795257568 8.14993953704834 8.14891242980957 8.1474609375 8.14590930938721 8.14483451843262 8.14386940002441 8.14400959014893 8.14418792724609 8.14452934265137 8.1450719833374 8.14604091644287 8.14645290374756 8.14618301391602 8.14668846130371 8.14775657653809 8.14734554290771 8.14632225036621 8.14647483825684 8.14686012268066 8.14782428741455 8.14881038665771 8.14979648590088 8.15068912506104 8.15125274658203 8.15186309814453 8.15256118774414 8.15251922607422 8.15167045593262 8.150954246521 8.15032386779785 8.15107917785645 8.15233325958252 8.15530300140381
8.14885425567627 8.14892578125 8.14917087554932 8.14986896514893 8.15061283111572 8.15133666992188 8.15198040008545 8.15222549438477 8.15232944488525 8.15209293365479 8.15167713165283 8.15101718902588 8.15020179748535 8.14926052093506 8.14832019805908 8.14738178253174 8.14585018157959 8.14417743682861 8.14279651641846 8.14153099060059 8.1416540145874 8.14177989959717 8.14192008972168 8.1422643661499 8.14303970336914 8.14336490631104 8.143141746521 8.14344501495361 8.14413166046143 8.14395046234131 8.14341068267822 8.14399337768555 8.14479637145996 8.14584350585938 8.14690685272217 8.14803886413574 8.14898586273193 8.14927959442139 8.14951992034912 8.14965915679932 8.14953422546387 8.14912223815918 8.14893245697021 8.14888763427734 8.14955711364746 8.15048313140869 8.15288352966309
8.14835453033447 8.14838314056396 8.14856338500977 8.14918327331543 8.14985179901123 8.15061950683594 8.15131855010986 8.15166187286377 8.15182113647461 8.15153503417969 8.15098476409912 8.15006828308105 8.14905643463135 8.14796733856201 8.14709377288818 8.14632415771484 8.14479637145996 8.14308834075928 8.14139842987061 8.13982582092285 8.13993453979492 8.14002799987793 8.14005851745605 8.14017009735107 8.140456199646 8.14052677154541 8.1403341293335 8.14035320281982 8.14052677154541 8.14056777954102 8.14055442810059 8.14158821105957 8.14282703399658 8.14389705657959 8.14497566223145 8.14620208740234 8.14714431762695 8.14708709716797 8.14688777923584 8.14642333984375 8.1462287902832 8.14632606506348 8.14676666259766 8.14742755889893 8.14799976348877 8.14854049682617 8.15025997161865
8.14806842803955 8.14807987213135 8.14822101593018 8.14875984191895 8.14934539794922 8.15008640289307 8.15078830718994 8.151291847229 8.15160942077637 8.15147972106934 8.15094470977783 8.14985275268555 8.14865303039551 8.14736461639404 8.14608669281006 8.14481449127197 8.14334106445312 8.14181995391846 8.14018821716309 8.13863849639893 8.13838386535645 8.13827896118164 8.13879680633545 8.1390552520752 8.13876438140869 8.13863468170166 8.13870239257812 8.13884258270264 8.13903522491455 8.13904857635498 8.13898658752441 8.13932800292969 8.13974761962891 8.14068794250488 8.14169979095459 8.14322090148926 8.14435482025146 8.14412689208984 8.14374732971191 8.14308643341064 8.14286422729492 8.14311790466309 8.14362335205078 8.14429187774658 8.14485263824463 8.1453742980957 8.14658260345459
8.14780616760254 8.14780044555664 8.14790153503418 8.14835929870605 8.14886093139648 8.14956283569336 8.15025520324707 8.15089988708496 8.15136814117432 8.15140724182129 8.15091419219971 8.14969158172607 8.14828205108643 8.14671802520752 8.14501857757568 8.14325523376465 8.14183712005615 8.14050102233887 8.13894748687744 8.13744068145752 8.1368522644043 8.13656330108643 8.13752841949463 8.13792610168457 8.13712501525879 8.13682746887207 8.13714504241943 8.13742065429688 8.13766574859619 8.1376314163208 8.13748073577881 8.13714790344238 8.13677883148193 8.13756656646729 8.13848876953125 8.14029693603516 8.14161682128906 8.14122009277344 8.14065933227539 8.13979053497314 8.1395263671875 8.13992118835449 8.14044857025146 8.14106178283691 8.14161682128906 8.14215183258057 8.14293956756592
8.14769172668457 8.1476526260376 8.14770030975342 8.14807605743408 8.14849185943604 8.14905834197998 8.14962482452393 8.15019226074219 8.15066623687744 8.15091228485107 8.15067005157471 8.14975643157959 8.14789485931396 8.1452579498291 8.14318656921387 8.14138317108154 8.14001083374023 8.13874053955078 8.13728332519531 8.13587951660156 8.1354341506958 8.13520622253418 8.13589096069336 8.13617610931396 8.13561916351318 8.13546752929688 8.13581371307373 8.13619041442871 8.13659000396729 8.13641834259033 8.13600921630859 8.13574695587158 8.13551425933838 8.13598251342773 8.13660907745361 8.13852119445801 8.13987350463867 8.13926410675049 8.13837909698486 8.13698387145996 8.13651084899902 8.13704204559326 8.13739585876465 8.13763332366943 8.13820743560791 8.13890266418457 8.14017868041992
8.14760589599609 8.14752578735352 8.1475133895874 8.14781665802002 8.14815616607666 8.14858531951904 8.14901638031006 8.1494607925415 8.14987277984619 8.15020656585693 8.15011692047119 8.14944553375244 8.14720821380615 8.14368915557861 8.14133739471436 8.1395378112793 8.13821411132812 8.13700485229492 8.13570690155029 8.13446807861328 8.13416957855225 8.13399600982666 8.13434982299805 8.13448524475098 8.13416290283203 8.134202003479 8.13468551635742 8.1351261138916 8.13553428649902 8.13516139984131 8.13446617126465 8.13432693481445 8.13429737091064 8.13449192047119 8.1348352432251 8.136549949646 8.1377010345459 8.13687229156494 8.13575744628906 8.13411140441895 8.13352108001709 8.13408184051514 8.13427639007568 8.13423347473145 8.13482189178467 8.13563823699951 8.13724517822266
8.14762020111084 8.14747524261475 8.14737796783447 8.14764213562012 8.14794445037842 8.14822864532471 8.14849090576172 8.14864158630371 8.14874362945557 8.1487283706665 8.14843368530273 8.14775466918945 8.14541816711426 8.14172458648682 8.13942623138428 8.13778781890869 8.1365270614624 8.13535594940186 8.13444805145264 8.13360691070557 8.13346576690674 8.13332080841064 8.13316249847412 8.13301563262939 8.13288974761963 8.13328075408936 8.13430309295654 8.13466644287109 8.13455009460449 8.13374805450439 8.13266181945801 8.13283443450928 8.13325595855713 8.13333988189697 8.13344383239746 8.13386249542236 8.13395214080811 8.13288688659668 8.13188362121582 8.13099384307861 8.13062572479248 8.13082504272461 8.13091564178467 8.13093566894531 8.13152313232422 8.13231468200684 8.13368129730225
