Ecospace-environmental-drivers/Outputs/ASCII-for-ecospace/MOM6-ISIMIP3a/ph/1988-07_ph_MOM6-ISIMIP3a.asc
NCOLS 131 
NROWS 53 
XLLCORNER -98 
YLLCORNER 23.9265270233154 
CELLSIZE 0.133587792515755 
NODATA_value -9999 
[rows 21 to 41 of 53, columns 0 to 46 of 131]
-9999 -9999 -9999 -9999 -9999 -9999 8.12474536895752 8.1232385635376 8.11925315856934 8.11302852630615 8.10919094085693 8.1048469543457 8.10476779937744 8.10453224182129 8.10396003723145 8.10299873352051 8.10214900970459 8.10137557983398 8.10111808776855 8.10105991363525 8.10153198242188 8.1020975112915 8.10295009613037 8.1038064956665 8.10463428497314 8.10536670684814 8.10579109191895 8.1060209274292 8.10591125488281 8.10569763183594 8.10537624359131 8.1049690246582 8.10451126098633 8.10401248931885 8.10350131988525 8.10301399230957 8.10253047943115 8.10224533081055 8.10199642181396 8.10197830200195 8.1019926071167 8.10209941864014 8.10221004486084 8.10232543945312 8.10246276855469 8.10261917114258 8.1028938293457
-9999 -9999 -9999 -9999 -9999 -9999 8.12497329711914 8.12474536895752 8.12173175811768 8.11750507354736 8.11302852630615 8.10969734191895 8.10707759857178 8.10586643218994 8.10458087921143 8.10320949554443 8.10211944580078 8.10122299194336 8.10073184967041 8.10039806365967 8.1004581451416 8.10058689117432 8.10098743438721 8.10140609741211 8.10193347930908 8.10241603851318 8.10275173187256 8.1029577255249 8.10293674468994 8.10285472869873 8.10270881652832 8.1024751663208 8.10218715667725 8.10181522369385 8.10141563415527 8.10094833374023 8.10047149658203 8.10011672973633 8.0997896194458 8.09964370727539 8.09954643249512 8.09958457946777 8.09964942932129 8.09975528717041 8.09985637664795 8.09995555877686 8.10007667541504
-9999 -9999 -9999 -9999 8.12959098815918 8.12667083740234 8.12521839141846 8.12495708465576 8.12474536895752 8.11871814727783 8.11352825164795 8.11153984069824 8.10946464538574 8.10721874237061 8.10517024993896 8.10334873199463 8.10200023651123 8.10097694396973 8.10024738311768 8.09963226318359 8.09926891326904 8.09895038604736 8.09890747070312 8.09889984130859 8.0991325378418 8.09936714172363 8.09961128234863 8.09979057312012 8.09985733032227 8.09990882873535 8.09994602203369 8.09989643096924 8.09979343414307 8.09956550598145 8.0992956161499 8.09887027740479 8.09842395782471 8.0980224609375 8.09764003753662 8.09738063812256 8.09718418121338 8.09715938568115 8.0971851348877 8.09728717803955 8.09737491607666 8.09744930267334 8.09746837615967
-9999 -9999 -9999 -9999 8.13623046875 8.13024234771729 8.12812328338623 8.12521839141846 8.12490749359131 8.1209545135498 8.11709022521973 8.11357021331787 8.11012649536133 8.10683631896973 8.10411643981934 8.1020565032959 8.10059070587158 8.09953308105469 8.09878635406494 8.09816074371338 8.09768009185791 8.09722518920898 8.09698677062988 8.09678077697754 8.09680557250977 8.09685039520264 8.09696006774902 8.09704113006592 8.09707450866699 8.09709167480469 8.09709167480469 8.09704875946045 8.09697914123535 8.09681415557861 8.09661865234375 8.09625816345215 8.09587383270264 8.09542846679688 8.09499454498291 8.09463882446289 8.09436798095703 8.09433364868164 8.09437084197998 8.09452056884766 8.09466934204102 8.09481716156006 8.09490871429443
-9999 -9999 -9999 -9999 -9999 8.13623046875 8.13139915466309 8.131028175354 8.12577533721924 8.12312698364258 8.11998844146729 8.1149730682373 8.11026096343994 8.10614681243896 8.1028995513916 8.10065269470215 8.09906578063965 8.09793376922607 8.09715270996094 8.09650707244873 8.09594917297363 8.09540748596191 8.09503269195557 8.09468841552734 8.09455680847168 8.09445858001709 8.0944652557373 8.09447193145752 8.09447765350342 8.09446239471436 8.09442615509033 8.09437465667725 8.094313621521 8.09418106079102 8.09402465820312 8.09370899200439 8.09337139129639 8.09291934967041 8.09247493743896 8.09208202362061 8.09178352355957 8.09174728393555 8.09179782867432 8.0919828414917 8.09217834472656 8.09238243103027 8.09253215789795
-9999 -9999 -9999 -9999 -9999 8.13630485534668 8.13623046875 8.13311862945557 8.12973022460938 8.12502479553223 8.1199779510498 8.11362743377686 8.10807800292969 8.10411643981934 8.10096740722656 8.0987548828125 8.09703636169434 8.0956563949585 8.09476184844971 8.09405517578125 8.09359741210938 8.09318351745605 8.09293365478516 8.09270763397217 8.09264755249023 8.09261226654053 8.0926570892334 8.09268760681152 8.09269332885742 8.0926628112793 8.09259414672852 8.09246635437012 8.09230327606201 8.09206008911133 8.0917911529541 8.0914421081543 8.0910816192627 8.09078502655029 8.09050559997559 8.09033584594727 8.09021186828613 8.09021472930908 8.09028244018555 8.0904483795166 8.09062480926514 8.09081077575684 8.09095859527588
-9999 -9999 8.13612270355225 8.13622379302979 8.1364278793335 8.13637924194336 8.13630485534668 8.13420677185059 8.13165664672852 8.12506103515625 8.11841297149658 8.11156463623047 8.10577392578125 8.10207748413086 8.09906482696533 8.09684276580811 8.09501171112061 8.09344959259033 8.09245777130127 8.0916862487793 8.09132957458496 8.09104442596436 8.09093856811523 8.09084892272949 8.09086418151855 8.09089088439941 8.0909538269043 8.09099292755127 8.09099006652832 8.09094047546387 8.09084320068359 8.09065341949463 8.09040832519531 8.0900993347168 8.08976936340332 8.0894136428833 8.08905506134033 8.08886814117432 8.08870220184326 8.08867454528809 8.08866596221924 8.08871078491211 8.0888032913208 8.08896923065186 8.08914184570312 8.08932018280029 8.08945369720459
-9999.000000000000000 -9999 -9999 -9999 8.1358642578125 8.13647651672363 8.13652229309082 8.13310813903809 8.12915706634521 8.12103748321533 8.11345672607422 8.10793972015381 8.10320472717285 8.10001754760742 8.09722805023193 8.09489631652832 8.09299850463867 8.09139823913574 8.09034442901611 8.08950042724609 8.0892448425293 8.0890941619873 8.08917140960693 8.08925533294678 8.08935356140137 8.08943843841553 8.08947944641113 8.08949279785156 8.0894603729248 8.08938503265381 8.08926773071289 8.08904933929443 8.08876895904541 8.08848762512207 8.08820629119873 8.08790588378906 8.08760452270508 8.08742332458496 8.08725833892822 8.08719825744629 8.08717727661133 8.08726692199707 8.08740329742432 8.08761310577393 8.08781337738037 8.08800506591797 8.08809757232666
-9999 -9999 -9999 -9999 8.13492870330811 8.13473796844482 8.13543796539307 8.13104152679443 8.12607097625732 8.11750221252441 8.10978126525879 8.10530948638916 8.10133743286133 8.09835243225098 8.09566974639893 8.09333610534668 8.09138679504395 8.08970260620117 8.08866405487061 8.08787536621094 8.08780479431152 8.08786010742188 8.08806324005127 8.08825874328613 8.08835124969482 8.08841705322266 8.08839225769043 8.08834648132324 8.08826446533203 8.08814144134521 8.08797740936279 8.0876989364624 8.08735084533691 8.08702182769775 8.08670043945312 8.08641242980957 8.0861291885376 8.08592414855957 8.08573532104492 8.08564853668213 8.08562183380127 8.08576202392578 8.08594608306885 8.08619976043701 8.08642578125 8.08662605285645 8.08670330047607
-9999 -9999 -9999 -9999 8.1341552734375 8.13357162475586 8.13285255432129 8.12775802612305 8.12224960327148 8.11458206176758 8.1077184677124 8.10393238067627 8.1003532409668 8.09718227386475 8.09446239471436 8.09226036071777 8.09028053283691 8.08845138549805 8.08752918243408 8.08695602416992 8.08717250823975 8.08752918243408 8.08778667449951 8.08801174163818 8.08798789978027 8.08793640136719 8.08779335021973 8.08764457702637 8.08748722076416 8.08728885650635 8.0870475769043 8.086669921875 8.08620929718018 8.0857400894165 8.08526706695557 8.08493709564209 8.08462619781494 8.08435821533203 8.08411312103271 8.08400630950928 8.08398056030273 8.08417987823486 8.08441734313965 8.084716796875 8.08496570587158 8.08516788482666 8.08526229858398
-9999 -9999 -9999 -9999 8.13357162475586 8.13270092010498 8.13167762756348 8.12646579742432 8.1208381652832 8.11355495452881 8.10700416564941 8.10325908660889 8.09966659545898 8.09637451171875 8.09364223480225 8.09155559539795 8.08955574035645 8.08761596679688 8.08677101135254 8.08634853363037 8.08668613433838 8.08715724945068 8.08734130859375 8.08748722076416 8.08735752105713 8.08721733093262 8.08703994750977 8.08686065673828 8.08667755126953 8.08642959594727 8.08611583709717 8.08567523956299 8.08515739440918 8.08465003967285 8.08414554595947 8.08378124237061 8.08343601226807 8.08311748504639 8.08283138275146 8.08275032043457 8.08274841308594 8.08296680450439 8.08321666717529 8.08351135253906 8.08376598358154 8.08398246765137 8.08412265777588
-9999 -9999 -9999 -9999 8.13265037536621 8.13167762756348 8.1266040802002 8.12666702270508 8.12123489379883 8.11394786834717 8.10730266571045 8.10311508178711 8.09920310974121 8.09583759307861 8.09311294555664 8.09112739562988 8.08911800384521 8.08709239959717 8.08629703521729 8.08597564697266 8.08630752563477 8.08675384521484 8.08677101135254 8.08675384521484 8.08652687072754 8.08631896972656 8.08617210388184 8.08601570129395 8.08584308624268 8.08556652069092 8.08518218994141 8.08470630645752 8.08417320251465 8.08370399475098 8.08325672149658 8.08286476135254 8.08248138427734 8.08211994171143 8.0818042755127 8.08178234100342 8.08182144165039 8.08203220367432 8.08226013183594 8.08251476287842 8.08276176452637 8.08300304412842 8.08321189880371
-9999 -9999 -9999 -9999 8.13167762756348 8.1255407333374 8.12322521209717 8.12160396575928 8.12107753753662 8.11379718780518 8.10712051391602 8.10275840759277 8.09875106811523 8.09544467926025 8.09277153015137 8.09082984924316 8.08878517150879 8.08667087554932 8.08580112457275 8.08541202545166 8.08560657501221 8.08590412139893 8.08578681945801 8.08565044403076 8.08543968200684 8.0852746963501 8.0852575302124 8.08521747589111 8.08513927459717 8.08492279052734 8.08456420898438 8.08413600921631 8.083664894104 8.08322811126709 8.08280372619629 8.08238983154297 8.08197784423828 8.08163642883301 8.08135414123535 8.08145332336426 8.08159923553467 8.08187675476074 8.08215713500977 8.08244228363037 8.08271884918213 8.08298492431641 8.08323383331299
-9999 -9999 -9999 -9999 -9999 8.12107563018799 8.12065601348877 8.12140369415283 8.12068367004395 8.11341285705566 8.10673236846924 8.1023120880127 8.09830379486084 8.09511280059814 8.09251117706299 8.09058856964111 8.08849906921387 8.08629417419434 8.08529663085938 8.08476543426514 8.08476734161377 8.08486270904541 8.08462429046631 8.08438968658447 8.08424377441406 8.08416843414307 8.08432292938232 8.08443927764893 8.08449268341064 8.08437442779541 8.08408069610596 8.08373641967773 8.08336162567139 8.08295440673828 8.0825366973877 8.08210277557373 8.08166790008545 8.08137226104736 8.08115005493164 8.08139801025391 8.08167839050293 8.08205413818359 8.08241844177246 8.08276653289795 8.08308696746826 8.0833797454834 8.08365631103516
-9999 -9999 -9999 -9999 -9999 8.11883640289307 8.11934757232666 8.1189603805542 8.11855983734131 8.11176586151123 8.1055383682251 8.10147666931152 8.09779071807861 8.09484958648682 8.09236907958984 8.09041881561279 8.08826160430908 8.08596324920654 8.08482646942139 8.08413982391357 8.08395385742188 8.08385562896729 8.08355522155762 8.08328056335449 8.0832576751709 8.0833158493042 8.08363819122314 8.0839262008667 8.08415412902832 8.08416652679443 8.08395767211914 8.08367538452148 8.08334827423096 8.0829381942749 8.08250045776367 8.08205127716064 8.08160305023193 8.08137512207031 8.08123111724854 8.08162212371826 8.08204746246338 8.0825662612915 8.08303928375244 8.08343982696533 8.08375644683838 8.08399486541748 8.08415985107422
-9999 -9999 -9999 -9999 -9999 8.11624240875244 8.11650657653809 8.11767768859863 8.11607837677002 8.10985851287842 8.10417747497559 8.10056018829346 8.09726333618164 8.09460067749023 8.09225177764893 8.09026336669922 8.08803462982178 8.0856409072876 8.08436393737793 8.08351802825928 8.08314514160156 8.08285522460938 8.08250522613525 8.08220386505127 8.08231449127197 8.08251571655273 8.08300685882568 8.08346843719482 8.08388042449951 8.08403015136719 8.083909034729 8.08368396759033 8.08339500427246 8.08297538757324 8.08251190185547 8.0820484161377 8.08158874511719 8.0814323425293 8.08137035369873 8.08190441131592 8.08247566223145 8.08314800262451 8.08373355865479 8.08418464660645 8.08448791503906 8.08465576171875 8.08468151092529
-9999 -9999 -9999 -9999 -9999 -9999 8.11287498474121 8.11288070678711 8.11245250701904 8.10750961303711 8.10294437408447 8.09982585906982 8.09692287445068 8.09444427490234 8.09217548370361 8.09014987945557 8.08785629272461 8.08537864685059 8.08403396606445 8.08312606811523 8.08266544342041 8.08228492736816 8.08189582824707 8.08156490325928 8.08172702789307 8.08198738098145 8.08257007598877 8.0831356048584 8.08367443084717 8.08392906188965 8.08389091491699 8.08372974395752 8.08349418640137 8.08310317993164 8.08266067504883 8.08215618133545 8.08164501190186 8.08147048950195 8.08138751983643 8.08188819885254 8.08244037628174 8.08313751220703 8.08372020721436 8.08412647247314 8.0843620300293 8.08444118499756 8.08438491821289
-9999 -9999 -9999 -9999 -9999 -9999 8.10922718048096 8.10806560516357 8.10887336730957 8.10520935058594 8.1017599105835 8.09912872314453 8.09660625457764 8.09429740905762 8.09210395812988 8.09004306793213 8.08769226074219 8.08514213562012 8.08373355865479 8.08276557922363 8.08223247528076 8.0817756652832 8.08135032653809 8.08099174499512 8.0811824798584 8.08148288726807 8.08213710784912 8.08279132843018 8.08344650268555 8.08380317687988 8.08385372161865 8.08375930786133 8.08357810974121 8.08322238922119 8.08280849456787 8.08226585388184 8.08170890808105 8.08150005340576 8.08137989044189 8.08182048797607 8.08233165740967 8.08303737640381 8.08360862731934 8.08397388458252 8.084153175354 8.08416175842285 8.08404541015625
-9999 -9999 -9999 -9999 -9999 -9999 8.10616397857666 8.1067361831665 8.10633182525635 8.10363578796387 8.10102462768555 8.0987377166748 8.09646415710449 8.09421253204346 8.09204959869385 8.08998775482178 8.08766078948975 8.08515167236328 8.08369159698486 8.08263683319092 8.08212566375732 8.08171081542969 8.08128356933594 8.08090496063232 8.08094024658203 8.08109760284424 8.08164978027344 8.08225250244141 8.08294486999512 8.08339405059814 8.08359336853027 8.08359432220459 8.08347606658936 8.08319664001465 8.08286380767822 8.08235549926758 8.08182525634766 8.08145332336426 8.08115863800049 8.08134937286377 8.08165264129639 8.0822639465332 8.08279037475586 8.08318614959717 8.08345508575439 8.0836067199707 8.08364200592041
-9999 -9999 -9999 -9999 -9999 8.10312557220459 8.10416221618652 8.10368919372559 8.10409164428711 8.1022481918335 8.10037422180176 8.09838104248047 8.09631824493408 8.09411811828613 8.09198570251465 8.08993148803711 8.08766937255859 8.08526515960693 8.0837574005127 8.08259582519531 8.08209609985352 8.08171367645264 8.0812931060791 8.08090400695801 8.08077812194824 8.08077907562256 8.08119106292725 8.08169841766357 8.08237075805664 8.0828685760498 8.08318614959717 8.08327674865723 8.08322906494141 8.08303260803223 8.08278656005859 8.08234691619873 8.08188056945801 8.08141040802002 8.08099746704102 8.08094596862793 8.08103942871094 8.08153343200684 8.08200836181641 8.08245372772217 8.08282661437988 8.08313274383545 8.08331871032715
-9999 -9999 -9999 -9999 8.09807205200195 8.10150146484375 8.10312557220459 8.10309600830078 8.10295677185059 8.10154628753662 8.10003662109375 8.09814739227295 8.09616184234619 8.09398651123047 8.09188556671143 8.08987140655518 8.08782482147217 8.0857572555542 8.0842170715332 8.0828800201416 8.082350730896 8.08196449279785 8.08158683776855 8.08121585845947 8.08090877532959 8.08070468902588 8.08083629608154 8.08108425140381 8.08153343200684 8.08191967010498 8.08223915100098 8.08239555358887 8.08245182037354 8.08236312866211 8.08222675323486 8.08197689056396 8.08171081542969 8.08137893676758 8.08105659484863 8.08078956604004 8.08067035675049 8.08096408843994 8.08136177062988 8.0819206237793 8.08245086669922 8.08295631408691 8.08329105377197
