Ecospace-environmental-drivers/Outputs/ASCII-for-ecospace/MOM6-ISIMIP3a/ph/1988-10_ph_MOM6-ISIMIP3a.asc
NCOLS 131 
NROWS 53 
XLLCORNER -98 
YLLCORNER 23.9265270233154 
CELLSIZE 0.133587792515755 
NODATA_value -9999 
[rows 0 to 20 of 53, columns 47 to 93 of 131]
-9999 -9999 -9999 -9999 -9999 -9999 -9999 -9999 -9999 -9999 -9999 -9999 -9999 -9999 -9999 -9999 -9999 -9999 -9999 -9999 -9999 -9999 -9999 -9999 -9999 -9999 -9999 -9999 -9999 -9999 -9999 -9999 -9999 -9999 -9999 -9999 -9999 -9999 -9999 -9999 -9999 -9999 -9999 -9999 -9999 -9999 -9999
-9999 -9999 -9999 -9999 -9999 -9999 -9999 -9999 -9999 -9999 -9999 -9999 -9999 -9999 -9999 -9999 -9999 -9999 -9999 -9999 -9999 -9999 -9999 -9999 -9999 -9999 -9999 -9999 -9999 -9999 -9999 -9999 -9999 -9999 -9999 -9999 -9999 -9999 -9999 -9999 -9999 -9999 -9999 -9999 -9999 -9999 -9999
-9999 -9999 -9999 -9999 -9999 -9999 -9999 -9999 -9999 -9999 -9999 -9999 -9999 -9999 -9999 -9999 -9999 -9999 -9999 -9999 -9999 -9999 -9999 -9999 -9999 -9999 -9999 8.19433784484863 8.19381046295166 -9999 -9999 -9999 -9999 -9999 -9999 -9999 -9999 -9999 -9999 -9999 -9999 -9999 -9999 -9999 -9999 -9999 -9999
-9999 -9999 -9999 -9999 -9999 -9999 -9999 -9999 -9999 -9999 -9999 -9999 -9999 -9999 -9999 -9999 -9999 -9999 -9999 -9999 -9999 -9999 -9999 -9999 -9999 -9999 -9999 8.19467735290527 8.19482421875 -9999 -9999 -9999 -9999 -9999 -9999 -9999 -9999 -9999 -9999 -9999 -9999 -9999 -9999 -9999 -9999 -9999 -9999
-9999 -9999 -9999 -9999 -9999 -9999 -9999 -9999 -9999 -9999 -9999 -9999 -9999 -9999 -9999 -9999 -9999 -9999 8.19034576416016 8.1906566619873 8.19090461730957 8.19235229492188 8.19323825836182 8.19382286071777 8.19313335418701 8.19231414794922 8.19303798675537 8.19518089294434 8.19581317901611 8.19347858428955 -9999 -9999 8.16661071777344 8.15701961517334 8.15049266815186 8.14638042449951 8.1449031829834 8.14415550231934 8.14426898956299 8.14530277252197 8.14767456054688 8.1511344909668 -9999 -9999 -9999 -9999 -9999
-9999 -9999 -9999 -9999 -9999 -9999 -9999 -9999 -9999 -9999 -9999 -9999 -9999 -9999 8.09006023406982 -9999 8.09072685241699 8.09145355224609 8.14186668395996 8.19034576416016 8.19071865081787 8.19090461730957 8.1938009262085 8.1950101852417 8.19265651702881 8.19173240661621 8.19255352020264 8.19482803344727 8.19816112518311 8.19445037841797 8.18782329559326 8.17721843719482 8.16583251953125 8.15678119659424 8.14844512939453 8.14625072479248 8.14444637298584 8.14401340484619 8.14400577545166 8.14478874206543 8.14711475372314 8.15112113952637 8.15516662597656 8.1592378616333 -9999 -9999 -9999
-9999 -9999 -9999 -9999 -9999 -9999 -9999 -9999 -9999 -9999 7.87147331237793 7.87464046478271 7.87796974182129 7.88961267471313 7.99608516693115 8.09020233154297 8.08991718292236 8.09080982208252 8.09145355224609 8.14379978179932 8.19034576416016 8.19090461730957 8.1938009262085 8.1950101852417 8.19265651702881 8.19173240661621 8.19255352020264 8.19482803344727 8.19816112518311 8.19445037841797 8.18782329559326 8.17721843719482 8.16583251953125 8.15678119659424 8.14844512939453 8.14625072479248 8.14444637298584 8.14401340484619 8.14400577545166 8.14478874206543 8.14711475372314 8.15112113952637 8.15516662597656 8.1592378616333 8.16031360626221 8.15704822540283 -9999
-9999 -9999 -9999 -9999 -9999 -9999 -9999 -9999 -9999 -9999 7.85449266433716 7.87147331237793 7.8778076171875 -9999 7.90640115737915 8.00927734375 8.09048843383789 8.08991718292236 8.09105968475342 8.09145355224609 8.14960098266602 8.19566345214844 8.1911506652832 8.18642997741699 8.18126773834229 8.17851066589355 8.17869281768799 8.17960453033447 8.18104839324951 8.17728805541992 8.17137336730957 8.16391468048096 8.15615081787109 8.15046215057373 8.14523792266846 8.14380931854248 8.14258003234863 8.14205169677734 8.14186668395996 8.14231967926025 8.14385223388672 8.14656066894531 8.1495189666748 8.15263938903809 8.15462589263916 8.15620422363281 8.16683578491211
-9999 -9999 -9999 -9999 -9999 -9999 -9999 -9999 -9999 -9999 -9999 -9999 -9999 -9999 7.8982720375061 7.93678998947144 8.03091716766357 8.0910587310791 8.08991718292236 8.09180927276611 8.15346336364746 8.2007942199707 8.18817901611328 8.1769905090332 8.1688117980957 8.16408061981201 8.1635627746582 8.16298007965088 8.16234970092773 8.15856075286865 8.15346336364746 8.14945125579834 8.14565277099609 8.14362239837646 8.14178371429443 8.1411828994751 8.14057445526123 8.13993835449219 8.13955211639404 8.13963031768799 8.14028739929199 8.14157581329346 8.14335823059082 8.14546012878418 8.15010452270508 8.15566253662109 8.16992378234863
8.21496963500977 -9999 -9999 -9999 -9999 -9999 -9999 -9999 -9999 -9999 7.98255062103271 7.83708763122559 -9999 -9999 -9999 7.92653322219849 7.98702764511108 8.06005096435547 8.09220027923584 8.09623718261719 8.15572834014893 8.20059967041016 8.18428897857666 8.17076778411865 8.16313362121582 8.15853786468506 8.15765571594238 8.1562328338623 8.15441703796387 8.15145874023438 8.14802742004395 8.14587688446045 8.14397811889648 8.14296340942383 8.14202404022217 8.14149951934814 8.14090442657471 8.14006423950195 8.13931751251221 8.13874626159668 8.13874053955078 8.13935279846191 8.1410551071167 8.14346408843994 8.14891529083252 8.15545845031738 8.16988563537598
8.21874523162842 8.2193021774292 -9999 -9999 -9999 -9999 -9999 -9999 -9999 -9999 8.05299377441406 7.96629619598389 7.83708763122559 -9999 -9999 7.92214632034302 7.98597955703735 8.05295658111572 8.07920169830322 8.10462093353271 8.15876293182373 8.19881916046143 8.17992115020752 8.16485500335693 8.15787410736084 8.15349388122559 8.15229034423828 8.15020942687988 8.14748764038086 8.14534854888916 8.14345073699951 8.14291477203369 8.14264678955078 8.14251804351807 8.14236640930176 8.14194297790527 8.14138221740723 8.14033317565918 8.1392240524292 8.13800144195557 8.13733005523682 8.13726043701172 8.13876819610596 8.14129734039307 8.14717769622803 8.15426254272461 8.16809272766113
8.21874523162842 8.22041702270508 8.19690704345703 8.17185115814209 -9999 -9999 -9999 -9999 -9999 -9999 -9999 8.02888870239258 7.94260358810425 7.83708763122559 7.87147331237793 7.92214632034302 7.98597955703735 8.05295658111572 8.09472274780273 8.13422107696533 8.16593074798584 8.18852806091309 8.17299365997314 8.16060543060303 8.15485858917236 8.15112113952637 8.14983654022217 8.1480655670166 8.14594078063965 8.14455604553223 8.14347839355469 8.14323902130127 8.14316368103027 8.14321899414062 8.14325618743896 8.14307308197021 8.1426477432251 8.14137268066406 8.13988590240479 8.13800525665283 8.13665199279785 8.13587284088135 8.13656425476074 8.13820648193359 8.14250183105469 8.14774990081787 8.15689277648926
8.21603202819824 8.20544052124023 8.18986034393311 8.17191219329834 -9999 -9999 -9999 -9999 8.09335899353027 8.07222843170166 8.05487537384033 8.04270935058594 7.98908233642578 7.90153455734253 7.90464019775391 7.95068693161011 8.00732231140137 8.06648826599121 8.11374950408936 8.15807914733887 8.17164421081543 8.18017578125 8.16764640808105 8.15759468078613 8.15277481079102 8.14946746826172 8.14801025390625 8.14646625518799 8.14485931396484 8.14404964447021 8.14356994628906 8.14350509643555 8.14352130889893 8.14369010925293 8.14384937286377 8.14384937286377 8.14352798461914 8.14207744598389 8.14029884338379 8.13791275024414 8.13601112365723 8.13463878631592 8.13454818725586 8.13528728485107 8.13794136047363 8.14128398895264 8.14630508422852
8.20653533935547 8.19962215423584 8.18936634063721 8.17191219329834 8.15377998352051 8.13722705841064 8.12130069732666 8.10855770111084 8.09335899353027 8.07222843170166 8.05487537384033 8.04270935058594 8.02642917633057 8.0067834854126 8.02072620391846 8.05057907104492 8.08202362060547 8.11384868621826 8.14153957366943 8.16757869720459 8.17372226715088 8.17667198181152 8.16625308990479 8.15768337249756 8.15301704406738 8.14961338043213 8.1477518081665 8.14622592926025 8.14494228363037 8.14425754547119 8.14381980895996 8.14362525939941 8.14347839355469 8.14358997344971 8.14370250701904 8.14374446868896 8.14344501495361 8.14194679260254 8.14009189605713 8.13757705688477 8.13546562194824 8.13379287719727 8.13300609588623 8.13279247283936 8.13366889953613 8.13493728637695 8.13724708557129
8.19603824615479 8.19216346740723 8.18626689910889 8.17108154296875 8.15500736236572 8.14060688018799 8.12665176391602 8.11495685577393 8.10158348083496 8.08415699005127 8.07036590576172 8.06156444549561 8.06718921661377 8.08461856842041 8.10157108306885 8.11829853057861 8.13296222686768 8.14713382720947 8.16052150726318 8.17305183410645 8.1738862991333 8.17292881011963 8.164475440979 8.15730476379395 8.15283966064453 8.14941787719727 8.14727020263672 8.14578723907471 8.14478778839111 8.14419937133789 8.14378070831299 8.14351844787598 8.14328670501709 8.14330673217773 8.14333343505859 8.14333248138428 8.14298629760742 8.14142417907715 8.13954448699951 8.13707256317139 8.13496017456055 8.13323783874512 8.13208198547363 8.13129138946533 8.13100719451904 8.13090419769287 8.13130760192871
8.18412685394287 8.1823844909668 8.17948341369629 8.16907501220703 8.15796947479248 8.14876556396484 8.13956832885742 8.13040256500244 8.12143707275391 8.11295318603516 8.10775756835938 8.10707664489746 8.1127758026123 8.12369632720947 8.13259220123291 8.14052963256836 8.15030479431152 8.16051959991455 8.16705131530762 8.17283058166504 8.1713399887085 8.16884708404541 8.1621561050415 8.1562671661377 8.15206909179688 8.14873886108398 8.14647102355957 8.14506816864014 8.14429569244385 8.14376354217529 8.14333057403564 8.14308834075928 8.14288520812988 8.14276790618896 8.14264869689941 8.14248847961426 8.14199829101562 8.14034938812256 8.13851356506348 8.13632965087891 8.13451194763184 8.13309383392334 8.13203048706055 8.13119602203369 8.13062286376953 8.13014316558838 8.12977695465088
8.1776180267334 8.17679214477539 8.1752986907959 8.16864585876465 8.16153144836426 8.15619468688965 8.15072917938232 8.14460468292236 8.13918972015381 8.13548851013184 8.13436508178711 8.13678169250488 8.1411714553833 8.14717578887939 8.15126132965088 8.15443801879883 8.16059494018555 8.16746425628662 8.16936874389648 8.17066097259521 8.16801166534424 8.16482067108154 8.15936660766602 8.15446090698242 8.15071201324463 8.14764308929443 8.14540672302246 8.14407444000244 8.14339923858643 8.14294052124023 8.14257049560547 8.14238834381104 8.14224338531494 8.14204216003418 8.14181804656982 8.14138698577881 8.14068603515625 8.1390380859375 8.1373462677002 8.13557243347168 8.13410568237305 8.13297271728516 8.13202476501465 8.13119697570801 8.13048648834229 8.12981700897217 8.12907314300537
8.17565727233887 8.17472362518311 8.17330074310303 8.1695442199707 8.16559886932373 8.163010597229 8.16041088104248 8.15775966644287 8.15517520904541 8.15275192260742 8.15189170837402 8.15317535400391 8.15509033203125 8.15752029418945 8.15952968597412 8.16133880615234 8.16494655609131 8.16898441314697 8.16813850402832 8.16685199737549 8.16402339935303 8.16084098815918 8.1561803817749 8.15200710296631 8.14886093139648 8.14619636535645 8.14411926269531 8.14284706115723 8.14216232299805 8.14179134368896 8.14155101776123 8.14146041870117 8.14139842987061 8.14116096496582 8.14086532592773 8.14006996154785 8.1391019821167 8.137526512146 8.13606262207031 8.13480472564697 8.13373470306396 8.13286972045898 8.13205718994141 8.13127899169922 8.13055801391602 8.12985610961914 8.12906646728516
8.17233371734619 8.17171669006348 8.17078495025635 8.16862487792969 8.1663761138916 8.16514015197754 8.16401481628418 8.1634521484375 8.16267776489258 8.1613941192627 8.16100788116455 8.16185283660889 8.1627779006958 8.16376972198486 8.16477680206299 8.16579246520996 8.16695499420166 8.16815280914307 8.16554164886475 8.16267681121826 8.15994167327881 8.15698337554932 8.15309047698975 8.14956188201904 8.14680290222168 8.14439678192139 8.14242362976074 8.14120960235596 8.140549659729 8.14040565490723 8.14047527313232 8.14047145843506 8.14045238494873 8.14014053344727 8.13974761962891 8.1386661529541 8.13751792907715 8.13613414764404 8.13490962982178 8.13397693634033 8.1331262588501 8.13236427307129 8.1316089630127 8.13085651397705 8.13018226623535 8.12953662872314 8.12879467010498
8.16834449768066 8.16825008392334 8.1680154800415 8.16681480407715 8.16554260253906 8.16497707366943 8.16464424133301 8.16549301147461 8.16602993011475 8.16581726074219 8.16600799560547 8.16675281524658 8.1674165725708 8.16801452636719 8.16854667663574 8.16904735565186 8.16781616210938 8.16617107391357 8.16227436065674 8.15832233428955 8.1558141708374 8.15318489074707 8.15004634857178 8.14712047576904 8.14464282989502 8.14242553710938 8.14052772521973 8.13937091827393 8.13875389099121 8.13890361785889 8.13937091827393 8.13945198059082 8.1394567489624 8.13905334472656 8.13855075836182 8.13721942901611 8.13593196868896 8.13480091094971 8.13382053375244 8.1331205368042 8.13240146636963 8.1316614151001 8.13092422485352 8.13018798828125 8.12958908081055 8.1290397644043 8.12839317321777
8.16290378570557 8.16292667388916 8.16283130645752 8.16187572479248 8.16086483001709 8.16074657440186 8.16096115112305 8.16286659240723 8.16439914703369 8.16503047943115 8.16578674316406 8.16671657562256 8.16738510131836 8.16784191131592 8.16822147369385 8.16856479644775 8.16657066345215 8.16401767730713 8.15973567962646 8.15544509887695 8.15275764465332 8.15002346038818 8.14709758758545 8.1442756652832 8.14167499542236 8.13953018188477 8.1379451751709 8.13719749450684 8.13706111907959 8.13757610321045 8.13836002349854 8.13856410980225 8.13865375518799 8.13809776306152 8.13745307922363 8.13616561889648 8.13494491577148 8.13396167755127 8.13309288024902 8.13243865966797 8.13174629211426 8.13101387023926 8.13030242919922 8.12960529327393 8.12901210784912 8.12845706939697 8.12788391113281
