Ecospace-environmental-drivers/Outputs/ASCII-for-ecospace/MOM6-ISIMIP3a/ph/1989-05_ph_MOM6-ISIMIP3a.asc
NCOLS 131 
NROWS 53 
XLLCORNER -98 
YLLCORNER 23.9265270233154 
CELLSIZE 0.133587792515755 
NODATA_value -9999 
[rows 0 to 20 of 53, columns 47 to 93 of 131]
-9999 -9999 -9999 -9999 -9999 -9999 -9999 -9999 -9999 -9999 -9999 -9999 -9999 -9999 -9999 -9999 -9999 -9999 -9999 -9999 -9999 -9999 -9999 -9999 -9999 -9999 -9999 -9999 -9999 -9999 -9999 -9999 -9999 -9999 -9999 -9999 -9999 -9999 -9999 -9999 -9999 -9999 -9999 -9999 -9999 -9999 -9999
-9999 -9999 -9999 -9999 -9999 -9999 -9999 -9999 -9999 -9999 -9999 -9999 -9999 -9999 -9999 -9999 -9999 -9999 -9999 -9999 -9999 -9999 -9999 -9999 -9999 -9999 -9999 -9999 -9999 -9999 -9999 -9999 -9999 -9999 -9999 -9999 -9999 -9999 -9999 -9999 -9999 -9999 -9999 -9999 -9999 -9999 -9999
-9999 -9999 -9999 -9999 -9999 -9999 -9999 -9999 -9999 -9999 -9999 -9999 -9999 -9999 -9999 -9999 -9999 -9999 -9999 -9999 -9999 -9999 -9999 -9999 -9999 -9999 -9999 8.13989162445068 8.14600658416748 -9999 -9999 -9999 -9999 -9999 -9999 -9999 -9999 -9999 -9999 -9999 -9999 -9999 -9999 -9999 -9999 -9999 -9999
-9999 -9999 -9999 -9999 -9999 -9999 -9999 -9999 -9999 -9999 -9999 -9999 -9999 -9999 -9999 -9999 -9999 -9999 -9999 -9999 -9999 -9999 -9999 -9999 -9999 -9999 -9999 8.14063453674316 8.14607810974121 -9999 -9999 -9999 -9999 -9999 -9999 -9999 -9999 -9999 -9999 -9999 -9999 -9999 -9999 -9999 -9999 -9999 -9999
-9999 -9999 -9999 -9999 -9999 -9999 -9999 -9999 -9999 -9999 -9999 -9999 -9999 -9999 -9999 -9999 -9999 -9999 7.97785568237305 7.98356866836548 7.9881386756897 8.01479816436768 8.03825759887695 8.07842445373535 8.10655212402344 8.12329196929932 8.13439178466797 8.14120292663574 8.14630699157715 8.15072345733643 -9999 -9999 8.17611885070801 8.18784046173096 8.19651412963867 8.20097351074219 8.199951171875 8.19700145721436 8.19278621673584 8.18872928619385 8.18453216552734 8.17910099029541 -9999 -9999 -9999 -9999 -9999
-9999 -9999 -9999 -9999 -9999 -9999 -9999 -9999 -9999 -9999 -9999 -9999 -9999 -9999 7.7466778755188 -9999 7.73241996765137 7.72101020812988 7.85109233856201 7.97785568237305 7.98471117019653 7.9881386756897 8.0414571762085 8.08517742156982 8.10863780975342 8.12584114074707 8.13539791107178 8.14193630218506 8.14627552032471 8.150710105896 8.15518379211426 8.1647891998291 8.17540264129639 8.18816566467285 8.19995212554932 8.20142555236816 8.20154190063477 8.19688701629639 8.1925745010376 8.18889713287354 8.18471527099609 8.17998504638672 8.17260360717773 8.16350555419922 -9999 -9999 -9999
-9999 -9999 -9999 -9999 -9999 -9999 -9999 -9999 -9999 -9999 7.99384069442749 7.99211597442627 7.99104118347168 7.98857116699219 7.86759662628174 7.74880123138428 7.74455451965332 7.73169565200806 7.72101020812988 7.85441160202026 7.97785568237305 7.9881386756897 8.0414571762085 8.08517742156982 8.10863780975342 8.12584114074707 8.13539791107178 8.14193630218506 8.14627552032471 8.150710105896 8.15518379211426 8.1647891998291 8.17540264129639 8.18816566467285 8.19995212554932 8.20142555236816 8.20154190063477 8.19688701629639 8.1925745010376 8.18889713287354 8.18471527099609 8.17998504638672 8.17260360717773 8.16350555419922 8.16110134124756 8.16062641143799 -9999
-9999 -9999 -9999 -9999 -9999 -9999 -9999 -9999 -9999 -9999 8.00308990478516 7.99384069442749 7.99039077758789 -9999 7.98643064498901 7.86930561065674 7.75304794311523 7.74455451965332 7.72952270507812 7.72101020812988 7.86436891555786 7.99169588088989 8.051926612854 8.10016059875488 8.12307071685791 8.14010143280029 8.14994621276855 8.15703678131104 8.16212177276611 8.16726207733154 8.17242622375488 8.18038272857666 8.18888854980469 8.1976146697998 8.20552825927734 8.20543003082275 8.20427989959717 8.19943428039551 8.19489288330078 8.19091606140137 8.18666744232178 8.18212223052979 8.17563915252686 8.16790294647217 8.16260147094727 8.15817546844482 8.15726661682129
-9999 -9999 -9999 -9999 -9999 -9999 -9999 -9999 -9999 -9999 -9999 -9999 -9999 -9999 7.98589515686035 7.9864559173584 7.87657451629639 7.76154136657715 7.74455451965332 7.72300291061401 7.86716365814209 7.99652862548828 8.06397247314453 8.11688613891602 8.13912582397461 8.15590763092041 8.16601657867432 8.17366981506348 8.17953300476074 8.18540573120117 8.19128131866455 8.19741916656494 8.20360851287842 8.20793151855469 8.21162223815918 8.20981407165527 8.20728969573975 8.20224094390869 8.19745063781738 8.19313907623291 8.18880653381348 8.18445205688477 8.1789436340332 8.17268753051758 8.16578388214111 8.15864658355713 8.15669250488281
8.06202983856201 -9999 -9999 -9999 -9999 -9999 -9999 -9999 -9999 -9999 8.08965873718262 8.01256942749023 -9999 -9999 -9999 7.98380327224731 7.99552345275879 7.89745044708252 7.77852869033813 7.78986930847168 7.91720581054688 8.03131580352783 8.0900707244873 8.13622856140137 8.15579605102539 8.17037773132324 8.17886829376221 8.18532943725586 8.19031238555908 8.1951265335083 8.19986915588379 8.20460605621338 8.20934009552002 8.21207237243652 8.21427440643311 8.21201992034912 8.20917701721191 8.20426464080811 8.1994047164917 8.19464206695557 8.18992328643799 8.18525123596191 8.17988109588623 8.17405891418457 8.16810703277588 8.162109375 8.15863990783691
8.05952644348145 8.059157371521 -9999 -9999 -9999 -9999 -9999 -9999 -9999 -9999 8.13220119476318 8.0962028503418 8.01256942749023 -9999 -9999 7.96624135971069 7.9913272857666 8.02900218963623 7.94383907318115 7.86316251754761 7.9706072807312 8.06678009033203 8.1157808303833 8.15439701080322 8.17109394073486 8.1834192276001 8.19039916992188 8.19574928283691 8.19991397857666 8.20371913909912 8.20737552642822 8.21072673797607 8.21401786804199 8.21531009674072 8.21618556976318 8.21372318267822 8.21077823638916 8.20613193511963 8.20132541656494 8.19622039794922 8.19118499755859 8.18622493743896 8.18095874786377 8.17549514770508 8.17037963867188 8.16538906097412 8.16085052490234
8.05952644348145 8.05841827392578 8.07013320922852 8.0755500793457 -9999 -9999 -9999 -9999 -9999 -9999 -9999 8.14299011230469 8.09176540374756 8.01256942749023 7.99384069442749 7.96624135971069 7.9913272857666 8.02900218963623 7.99888896942139 7.97092533111572 8.04202938079834 8.10588645935059 8.13941287994385 8.16626739501953 8.17903709411621 8.18878746032715 8.19484901428223 8.19952487945557 8.20319175720215 8.20625972747803 8.20908069610596 8.21113681793213 8.21304321289062 8.21370029449463 8.21412467956543 8.21273422241211 8.21083641052246 8.2071590423584 8.2030668258667 8.19820308685303 8.19322967529297 8.18813514709473 8.18279266357422 8.17728710174561 8.1723804473877 8.16768741607666 8.16448211669922
8.06515693664551 8.06956005096436 8.0767879486084 8.07576847076416 -9999 -9999 -9999 -9999 8.09597396850586 8.1156177520752 8.1367883682251 8.16005516052246 8.1321268081665 8.06231021881104 8.02288913726807 7.99786615371704 8.01752090454102 8.04785060882568 8.05327224731445 8.05942058563232 8.10105514526367 8.1386251449585 8.15918827056885 8.17606735229492 8.18517208099365 8.19251441955566 8.19770336151123 8.20179462432861 8.20508575439453 8.2075719833374 8.20972347259521 8.21077537536621 8.21160984039307 8.21177768707275 8.21186923980713 8.21145439147949 8.21054744720459 8.20790386199951 8.20461177825928 8.20011138916016 8.19532299041748 8.19022083282471 8.1849365234375 8.17953395843506 8.1747932434082 8.17028999328613 8.16773509979248
8.08486270904541 8.08082866668701 8.07774543762207 8.07576847076416 8.07409381866455 8.07753753662109 8.08127593994141 8.08651542663574 8.09597396850586 8.1156177520752 8.1367883682251 8.16005516052246 8.1602087020874 8.14145088195801 8.12456130981445 8.10855579376221 8.1092004776001 8.11382389068604 8.10598945617676 8.09974384307861 8.12908744812012 8.15544700622559 8.16932010650635 8.18069267272949 8.18678760528564 8.19213581085205 8.19657039642334 8.20030212402344 8.20352172851562 8.205810546875 8.20771312713623 8.20848274230957 8.20902919769287 8.20907211303711 8.2091236114502 8.20945262908936 8.20938873291016 8.20794582366943 8.20566654205322 8.20183372497559 8.19753932952881 8.1927433013916 8.18785858154297 8.18291568756104 8.17823886871338 8.17365741729736 8.17004680633545
8.11204719543457 8.10343647003174 8.09445095062256 8.09203910827637 8.09047603607178 8.09366321563721 8.09726142883301 8.10295295715332 8.11223888397217 8.13020133972168 8.149094581604 8.16926574707031 8.18361282348633 8.19319438934326 8.19037246704102 8.18167495727539 8.17278385162354 8.16384696960449 8.15052890777588 8.13885879516602 8.15554714202881 8.17052555084229 8.17834377288818 8.18479442596436 8.18835830688477 8.19200706481934 8.19576072692871 8.19899272918701 8.20184326171875 8.20390510559082 8.20563983917236 8.20621299743652 8.20655727386475 8.20645427703857 8.20641613006592 8.20717620849609 8.20767211914062 8.20723533630371 8.20583915710449 8.20266246795654 8.19890594482422 8.19451904296875 8.19009971618652 8.18566036224365 8.1812105178833 8.1767578125 8.17239189147949
8.14980792999268 8.14207458496094 8.13341903686523 8.13131332397461 8.13002109527588 8.13258838653564 8.13584804534912 8.1426305770874 8.15149784088135 8.16540336608887 8.17879962921143 8.19149875640869 8.20040321350098 8.20620536804199 8.20548439025879 8.20167446136475 8.1966438293457 8.19132137298584 8.18350791931152 8.17626285552979 8.17978477478027 8.18313980102539 8.18580150604248 8.18815517425537 8.18986320495605 8.19223117828369 8.19540786743164 8.1979398727417 8.2000036239624 8.20179748535156 8.2034797668457 8.20397472381592 8.20423603057861 8.20396041870117 8.20376205444336 8.204514503479 8.20516586303711 8.2054615020752 8.20476531982422 8.20222663879395 8.19906997680664 8.19523906707764 8.19138050079346 8.18750476837158 8.18351268768311 8.17948055267334 8.17478370666504
8.16938781738281 8.16406631469727 8.15790176391602 8.15650939941406 8.15570735931396 8.15768909454346 8.16030502319336 8.16615295410156 8.17303657531738 8.18241882324219 8.19095134735107 8.19831466674805 8.20350074768066 8.20690441131592 8.20739936828613 8.20651626586914 8.20390796661377 8.20088768005371 8.19638824462891 8.19191551208496 8.18931674957275 8.18731689453125 8.18781852722168 8.18847942352295 8.18947315216064 8.19129467010498 8.19412803649902 8.19634914398193 8.19812488555908 8.19972324371338 8.201247215271 8.20157337188721 8.20166301727295 8.20120334625244 8.20083808898926 8.20160007476807 8.20235919952393 8.20311260223389 8.20288276672363 8.20083045959473 8.19820022583008 8.1949405670166 8.19157123565674 8.18813228607178 8.18466663360596 8.18119239807129 8.17682456970215
8.17365646362305 8.17204093933105 8.17018604278564 8.16984844207764 8.1697244644165 8.17114734649658 8.1728630065918 8.17607307434082 8.17965126037598 8.18412017822266 8.18831920623779 8.19214820861816 8.19506549835205 8.19723606109619 8.19820022583008 8.19859218597412 8.1971960067749 8.19537162780762 8.19234085083008 8.18924903869629 8.18646621704102 8.18438720703125 8.1852560043335 8.18624496459961 8.18748760223389 8.18938064575195 8.1920690536499 8.19430541992188 8.19621181488037 8.19767475128174 8.19895458221436 8.19903373718262 8.19887828826904 8.19822406768799 8.19768810272217 8.19847297668457 8.19930076599121 8.20027923583984 8.20032215118408 8.19862651824951 8.19646167755127 8.1937837600708 8.19084453582764 8.18773460388184 8.18485260009766 8.18205261230469 8.17856788635254
8.17063808441162 8.17061328887939 8.17063617706299 8.17097568511963 8.1713695526123 8.17234230041504 8.17343616485596 8.17514896392822 8.17696857452393 8.17904853820801 8.18106365203857 8.18299007415771 8.18442535400391 8.18545818328857 8.18591117858887 8.18608951568604 8.18529319763184 8.18426322937012 8.18300151824951 8.18168067932129 8.17974376678467 8.17835235595703 8.17923927307129 8.18055057525635 8.1827564239502 8.18526840209961 8.18815326690674 8.19033908843994 8.19201755523682 8.19350051879883 8.19490432739258 8.19532489776611 8.19555187225342 8.19513988494873 8.19480800628662 8.195481300354 8.19620418548584 8.19710063934326 8.19717884063721 8.19573402404785 8.1939115524292 8.19167518615723 8.18916893005371 8.18648719787598 8.18402481079102 8.18164157867432 8.17902565002441
8.16405487060547 8.16458606719971 8.16529560089111 8.1661262512207 8.16696071624756 8.16753673553467 8.16814517974854 8.16891765594482 8.16973495483398 8.17066192626953 8.17154502868652 8.17236709594727 8.17270565032959 8.17264747619629 8.17211055755615 8.17134666442871 8.17085075378418 8.17041873931885 8.17107105255127 8.17171382904053 8.17112731933594 8.17079639434814 8.17153167724609 8.17316246032715 8.176682472229 8.18008041381836 8.18332767486572 8.18543243408203 8.18670558929443 8.18828678131104 8.18999481201172 8.19104290008545 8.19196128845215 8.19200420379639 8.19206047058105 8.19255542755127 8.19308853149414 8.19375419616699 8.19375038146973 8.1925048828125 8.19096374511719 8.18910026550293 8.18702983856201 8.18482494354248 8.18270206451416 8.18060779571533 8.17885398864746
8.15642070770264 8.15689563751221 8.15755939483643 8.15863418579102 8.1597261428833 8.16013622283936 8.16051578521729 8.16073703765869 8.1609992980957 8.16136074066162 8.16171169281006 8.16205024719238 8.16214561462402 8.16204071044922 8.16134643554688 8.16037368774414 8.15975856781006 8.15922927856445 8.16050910949707 8.16189289093018 8.16297817230225 8.16406059265137 8.16512870788574 8.16682624816895 8.16985034942627 8.17320251464844 8.17695426940918 8.17946624755859 8.18107414245605 8.18282699584961 8.18464088439941 8.18645763397217 8.18827533721924 8.18904113769531 8.18972301483154 8.18997478485107 8.19023418426514 8.19052505493164 8.19028949737549 8.18907833099365 8.18747329711914 8.18544101715088 8.18335437774658 8.18123245239258 8.17921733856201 8.17723941802979 8.17633724212646
