Ecospace-environmental-drivers/Outputs/ASCII-for-ecospace/MOM6-ISIMIP3a/ph/1989-02_ph_MOM6-ISIMIP3a.asc
NCOLS 131 
NROWS 53 
XLLCORNER -98 
YLLCORNER 23.9265270233154 
CELLSIZE 0.133587792515755 
NODATA_value -9999 
[rows 0 to 20 of 53, columns 47 to 93 of 131]
-9999 -9999 -9999 -9999 -9999 -9999 -9999 -9999 -9999 -9999 -9999 -9999 -9999 -9999 -9999 -9999 -9999 -9999 -9999 -9999 -9999 -9999 -9999 -9999 -9999 -9999 -9999 -9999 -9999 -9999 -9999 -9999 -9999 -9999 -9999 -9999 -9999 -9999 -9999 -9999 -9999 -9999 -9999 -9999 -9999 -9999 -9999
-9999 -9999 -9999 -9999 -9999 -9999 -9999 -9999 -9999 -9999 -9999 -9999 -9999 -9999 -9999 -9999 -9999 -9999 -9999 -9999 -9999 -9999 -9999 -9999 -9999 -9999 -9999 -9999 -9999 -9999 -9999 -9999 -9999 -9999 -9999 -9999 -9999 -9999 -9999 -9999 -9999 -9999 -9999 -9999 -9999 -9999 -9999
-9999 -9999 -9999 -9999 -9999 -9999 -9999 -9999 -9999 -9999 -9999 -9999 -9999 -9999 -9999 -9999 -9999 -9999 -9999 -9999 -9999 -9999 -9999 -9999 -9999 -9999 -9999 8.22376728057861 8.23380374908447 -9999 -9999 -9999 -9999 -9999 -9999 -9999 -9999 -9999 -9999 -9999 -9999 -9999 -9999 -9999 -9999 -9999 -9999
-9999 -9999 -9999 -9999 -9999 -9999 -9999 -9999 -9999 -9999 -9999 -9999 -9999 -9999 -9999 -9999 -9999 -9999 -9999 -9999 -9999 -9999 -9999 -9999 -9999 -9999 -9999 8.22347259521484 8.23376369476318 -9999 -9999 -9999 -9999 -9999 -9999 -9999 -9999 -9999 -9999 -9999 -9999 -9999 -9999 -9999 -9999 -9999 -9999
-9999 -9999 -9999 -9999 -9999 -9999 -9999 -9999 -9999 -9999 -9999 -9999 -9999 -9999 -9999 -9999 -9999 -9999 8.10883903503418 8.11290836334229 8.11616325378418 8.13515090942383 8.15141582489014 8.17819309234619 8.19561195373535 8.20531272888184 8.21392154693604 8.22295951843262 8.23353672027588 8.24479389190674 -9999 -9999 8.26298427581787 8.26095581054688 8.25622177124023 8.25210952758789 8.24899673461914 8.24647998809814 8.24481964111328 8.24413871765137 8.24472713470459 8.24593544006348 -9999 -9999 -9999 -9999 -9999
-9999 -9999 -9999 -9999 -9999 -9999 -9999 -9999 -9999 -9999 -9999 -9999 -9999 -9999 7.86431217193604 -9999 7.8665976524353 7.86892461776733 7.99040842056274 8.10883903503418 8.11372184753418 8.11616325378418 8.15413951873779 8.18394470214844 8.19649600982666 8.20639419555664 8.21304798126221 8.22232341766357 8.23350620269775 8.24478149414062 8.25609493255615 8.26171779632568 8.26622104644775 8.26101493835449 8.25563049316406 8.25201892852783 8.24867916107178 8.2462911605835 8.24446964263916 8.24369812011719 8.24424743652344 8.24623680114746 8.24732208251953 8.24782276153564 -9999 -9999 -9999
-9999 -9999 -9999 -9999 -9999 -9999 -9999 -9999 -9999 -9999 7.69707489013672 7.69756937026978 7.69880294799805 7.70436191558838 7.78821849822998 7.86455488204956 7.86406993865967 7.86679887771606 7.86892461776733 7.99346113204956 8.10883903503418 8.11616325378418 8.15413951873779 8.18394470214844 8.19649600982666 8.20639419555664 8.21304798126221 8.22232341766357 8.23350620269775 8.24478149414062 8.25609493255615 8.26171779632568 8.26622104644775 8.26101493835449 8.25563049316406 8.25201892852783 8.24867916107178 8.2462911605835 8.24446964263916 8.24369812011719 8.24424743652344 8.24623680114746 8.24732208251953 8.24782276153564 8.24795532226562 8.24399471282959 -9999
-9999 -9999 -9999 -9999 -9999 -9999 -9999 -9999 -9999 -9999 7.69442462921143 7.69707489013672 7.69806337356567 -9999 7.71375179290771 7.79744434356689 7.86503982543945 7.86406993865967 7.86740207672119 7.86892461776733 8.00261974334717 8.1177339553833 8.1550874710083 8.18385982513428 8.19451808929443 8.20234870910645 8.2067232131958 8.21468162536621 8.22525119781494 8.23599147796631 8.24680233001709 8.25169849395752 8.25543212890625 8.25090503692627 8.24637317657471 8.24477958679199 8.2430944442749 8.24108505249023 8.23927974700928 8.23785495758057 8.23829555511475 8.24077033996582 8.24230003356934 8.24321842193604 8.24259948730469 8.24142932891846 8.24262428283691
-9999 -9999 -9999 -9999 -9999 -9999 -9999 -9999 -9999 -9999 -9999 -9999 -9999 -9999 7.70768547058105 7.73451805114746 7.81590938568115 7.86600971221924 7.86406993865967 7.86921215057373 8.00393390655518 8.11972141265869 8.15627002716064 8.1838264465332 8.19240283966064 8.19797801971436 8.19988632202148 8.20641326904297 8.21630477905273 8.2264232635498 8.23663711547852 8.24070262908936 8.24355983734131 8.23978042602539 8.23618221282959 8.23675537109375 8.23684978485107 8.23525619506836 8.23348236083984 8.23137187957764 8.23170471191406 8.23470020294189 8.23672199249268 8.238112449646 8.23950481414795 8.2408971786499 8.24298667907715
8.16660499572754 -9999 -9999 -9999 -9999 -9999 -9999 -9999 -9999 -9999 7.90397262573242 7.6917085647583 -9999 -9999 -9999 7.72495317459106 7.77757215499878 7.84694242477417 7.86794900894165 7.87708711624146 8.01362323760986 8.12998104095459 8.16188716888428 8.18586730957031 8.19311618804932 8.19786834716797 8.19956970214844 8.20567893981934 8.21500015258789 8.22359943389893 8.23189926147461 8.23434162139893 8.23563098907471 8.23234939575195 8.22923278808594 8.22938537597656 8.22921943664551 8.22792911529541 8.22660636901855 8.22522449493408 8.22588348388672 8.22876739501953 8.23122024536133 8.23339462280273 8.23423767089844 8.23460388183594 8.23952388763428
8.16656017303467 8.16655349731445 -9999 -9999 -9999 -9999 -9999 -9999 -9999 -9999 8.00950050354004 7.88429546356201 7.6917085647583 -9999 -9999 7.70498323440552 7.7728009223938 7.85493278503418 7.87495946884155 7.89812898635864 8.02914237976074 8.14011764526367 8.1672306060791 8.18761253356934 8.19378471374512 8.19795989990234 8.19969749450684 8.20535373687744 8.21386432647705 8.22085762023926 8.22722148895264 8.22821044921875 8.22814178466797 8.22534561157227 8.22268390655518 8.22232818603516 8.22181987762451 8.22077465057373 8.2198600769043 8.21918869018555 8.22014236450195 8.22286510467529 8.22560977935791 8.22836685180664 8.2287540435791 8.2282886505127 8.23523235321045
8.16656017303467 8.16654014587402 8.1441650390625 8.12049388885498 -9999 -9999 -9999 -9999 -9999 -9999 -9999 7.97929048538208 7.8483567237854 7.6917085647583 7.69707489013672 7.70498323440552 7.7728009223938 7.85493278503418 7.9222354888916 7.98979568481445 8.07592678070068 8.14959621429443 8.17110729217529 8.18777370452881 8.19421195983887 8.19913768768311 8.20221519470215 8.2072229385376 8.21363735198975 8.21855926513672 8.22286415100098 8.22331523895264 8.22300910949707 8.2206335067749 8.21828460693359 8.21694374084473 8.21565437316895 8.21454620361328 8.21380710601807 8.21375560760498 8.21482944488525 8.21712970733643 8.21941184997559 8.22168254852295 8.2221040725708 8.22186088562012 8.2264928817749
8.16567039489746 8.15281772613525 8.13675403594971 8.12054824829102 -9999 -9999 -9999 -9999 8.04071426391602 8.03316402435303 8.02027130126953 8.00004577636719 7.91755390167236 7.78411865234375 7.74675559997559 7.75490045547485 7.81546974182129 7.88856506347656 7.98061943054199 8.07105922698975 8.11904716491699 8.16082763671875 8.17662715911865 8.18934059143066 8.1955394744873 8.20066070556641 8.20446586608887 8.20871257781982 8.21328067779541 8.21629333496094 8.21866226196289 8.2185115814209 8.21786499023438 8.21578216552734 8.21366024017334 8.211669921875 8.20991802215576 8.20900058746338 8.20859241485596 8.20912837982178 8.21030712127686 8.21218585968018 8.21396160125732 8.21566963195801 8.2159366607666 8.2156867980957 8.21801567077637
8.16255569458008 8.1503324508667 8.13654327392578 8.12054824829102 8.10418033599854 8.08383464813232 8.06473255157471 8.05195903778076 8.04071426391602 8.03316402435303 8.02027130126953 8.00004577636719 7.96849298477173 7.92767381668091 7.92064094543457 7.92961263656616 7.96481323242188 8.00628089904785 8.06677341461182 8.12631607055664 8.1530065536499 8.17644214630127 8.18625450134277 8.19442272186279 8.19911766052246 8.203049659729 8.20604801177979 8.20924949645996 8.21259880065918 8.21410655975342 8.21485137939453 8.21393585205078 8.21269416809082 8.2105827331543 8.20847225189209 8.20667362213135 8.2052526473999 8.20516204833984 8.20547008514404 8.20651721954346 8.207763671875 8.20922660827637 8.21038150787354 8.21133708953857 8.21097660064697 8.21014499664307 8.2101993560791
8.16501140594482 8.15373706817627 8.14173793792725 8.12707233428955 8.11202907562256 8.09419059753418 8.07752704620361 8.0668420791626 8.05778312683105 8.05264949798584 8.04362487792969 8.02925872802734 8.02968597412109 8.04221630096436 8.05198383331299 8.0604419708252 8.0783109664917 8.09842777252197 8.13272762298584 8.16649723052979 8.17836952209473 8.18897247314453 8.19426250457764 8.19884490966797 8.20193195343018 8.20448970794678 8.20640087127686 8.2085132598877 8.21077346801758 8.21129131317139 8.21108913421631 8.20974063873291 8.20816707611084 8.20587921142578 8.20362854003906 8.2020149230957 8.2009105682373 8.20159912109375 8.20253849029541 8.20394325256348 8.20527362823486 8.2065258026123 8.20723438262939 8.20759105682373 8.20687770843506 8.20577907562256 8.20431041717529
8.17534255981445 8.16546821594238 8.15457534790039 8.14281940460205 8.1309757232666 8.11918830871582 8.10841083526611 8.10276794433594 8.09898376464844 8.09968376159668 8.09999561309814 8.09977436065674 8.10537624359131 8.11574268341064 8.12317943572998 8.12922954559326 8.14112854003906 8.1544246673584 8.17012310028076 8.1853666305542 8.19157981872559 8.19714260101318 8.19998073577881 8.2023344039917 8.20366668701172 8.20459079742432 8.20501613616943 8.20597743988037 8.20732975006104 8.20759010314941 8.20739841461182 8.20608520507812 8.20455265045166 8.20187473297119 8.19927310943604 8.19783306121826 8.19702243804932 8.19842624664307 8.19987869262695 8.20142078399658 8.20286178588867 8.20419120788574 8.20469951629639 8.20467662811279 8.20399475097656 8.20307731628418 8.20114612579346
8.18433094024658 8.17693328857422 8.16866683959961 8.16055965423584 8.15252113342285 8.14587593078613 8.13991641998291 8.1374397277832 8.13638973236084 8.13878440856934 8.14223861694336 8.14714813232422 8.15346813201904 8.16094017028809 8.16619396209717 8.17039680480957 8.17789268493652 8.18617630004883 8.19194889068604 8.19735527038574 8.19996643066406 8.20230293273926 8.20348834991455 8.20436000823975 8.20456695556641 8.20446681976318 8.2039909362793 8.20407676696777 8.20457077026367 8.20440196990967 8.20396041870117 8.20270252227783 8.20128536224365 8.19846057891846 8.19576263427734 8.19482326507568 8.19444274902344 8.19602489471436 8.19761562347412 8.19922351837158 8.20071697235107 8.20208740234375 8.20239162445068 8.20200443267822 8.20122146606445 8.20029544830322 8.1981372833252
8.19219017028809 8.18817520141602 8.18381309509277 8.17998027801514 8.17625522613525 8.17398643493652 8.1719446182251 8.17105388641357 8.17060089111328 8.17120361328125 8.17258453369141 8.17503356933594 8.17831707000732 8.18228244781494 8.18547630310059 8.18830490112305 8.19271850585938 8.19751262664795 8.20066261291504 8.20355224609375 8.20429039001465 8.20492744445801 8.20513534545898 8.20515251159668 8.20476531982422 8.20415496826172 8.20326995849609 8.20271015167236 8.20238780975342 8.20164775848389 8.20073509216309 8.19954967498779 8.19830989837646 8.19554233551025 8.19296550750732 8.1928014755249 8.19296455383301 8.19427299499512 8.19568729400635 8.19729709625244 8.19879722595215 8.2001781463623 8.20027351379395 8.19953727722168 8.19853973388672 8.19744777679443 8.19525909423828
8.19669723510742 8.19491481781006 8.19300651550293 8.19156551361084 8.19020366668701 8.18966579437256 8.18916511535645 8.18885707855225 8.18857860565186 8.1883716583252 8.18881988525391 8.1901683807373 8.1920223236084 8.19429016113281 8.19626808166504 8.19810771942139 8.20013523101807 8.2022066116333 8.20348262786865 8.20462799072266 8.20464992523193 8.20461177825928 8.20431900024414 8.20395374298096 8.20343685150146 8.20283317565918 8.20212554931641 8.2015438079834 8.20105266571045 8.20013046264648 8.19903087615967 8.19778156280518 8.19650268554688 8.19410133361816 8.19187164306641 8.19172096252441 8.19181728363037 8.19278049468994 8.19399452209473 8.1956729888916 8.19710636138916 8.19827270507812 8.19785499572754 8.1964111328125 8.19474697113037 8.19300174713135 8.1908540725708
8.19956302642822 8.19945049285889 8.19928646087646 8.19931793212891 8.19936275482178 8.19926071166992 8.19913864135742 8.19892120361328 8.19861030578613 8.19807529449463 8.19815063476562 8.19906330108643 8.20027446746826 8.20172882080078 8.20290374755859 8.20394515991211 8.20392513275146 8.20364952087402 8.20341873168945 8.20319747924805 8.20306873321533 8.20285701751709 8.20229721069336 8.20178127288818 8.20135974884033 8.20101833343506 8.20077514648438 8.20047378540039 8.20013046264648 8.19921875 8.19807147979736 8.19669151306152 8.1952657699585 8.19338321685791 8.19161224365234 8.19110107421875 8.19083213806152 8.19141483306885 8.19241619110107 8.19419765472412 8.19552803039551 8.19636821746826 8.19528770446777 8.19296360015869 8.19041061401367 8.18777465820312 8.18570327758789
8.19656181335449 8.19792652130127 8.19949436187744 8.20078945159912 8.20201969146729 8.20222568511963 8.20233917236328 8.20197772979736 8.20149803161621 8.2007303237915 8.200608253479 8.20137023925781 8.20238018035889 8.20359325408936 8.20384120941162 8.20363235473633 8.20210456848145 8.20026206970215 8.1995210647583 8.19890403747559 8.19900226593018 8.19900894165039 8.19863224029541 8.19843292236328 8.19860744476318 8.19863986968994 8.19849872589111 8.1983699798584 8.19824981689453 8.19693088531494 8.1951150894165 8.19287872314453 8.19055938720703 8.18965530395508 8.18881702423096 8.18810844421387 8.18778133392334 8.18879699707031 8.18998146057129 8.19147872924805 8.19231700897217 8.19243812561035 8.1906623840332 8.18765830993652 8.18481349945068 8.1820240020752 8.18039035797119
