Ecospace-environmental-drivers/Outputs/ASCII-for-ecospace/MOM6-ISIMIP3a/ph/1990-08_ph_MOM6-ISIMIP3a.asc
NCOLS 131 
NROWS 53 
XLLCORNER -98 
YLLCORNER 23.9265270233154 
CELLSIZE 0.133587792515755 
NODATA_value -9999 
[rows 21 to 41 of 53, columns 47 to 93 of 131]
8.16985034942627 8.1734037399292 8.1769495010376 8.17992687225342 8.18278312683105 8.18395805358887 8.18492317199707 8.18482780456543 8.1845874786377 8.18399333953857 8.18380928039551 8.18418598175049 8.18287754058838 8.18019008636475 8.17599868774414 8.1710958480835 8.16563606262207 8.16004180908203 8.1549596786499 8.15003681182861 8.14691638946533 8.1438627243042 8.14108371734619 8.1398401260376 8.14183616638184 8.14523792266846 8.15035724639893 8.15288543701172 8.15352725982666 8.15054512023926 8.14606285095215 8.1384220123291 8.13016033172607 8.12179088592529 8.11363887786865 8.10764026641846 8.10242557525635 8.09996891021729 8.09830760955811 8.09812355041504 8.09828281402588 8.09881401062012 8.09914493560791 8.09934520721436 8.09923458099365 8.09901142120361 8.09812545776367
8.15100002288818 8.15423393249512 8.1574239730835 8.16030311584473 8.16308879852295 8.16419315338135 8.16508960723877 8.16493701934814 8.1646671295166 8.16411399841309 8.16385650634766 8.16400623321533 8.16311550140381 8.16137218475342 8.15847206115723 8.1550235748291 8.15095520019531 8.14673805236816 8.14288902282715 8.1391716003418 8.13702392578125 8.13485431671143 8.13259220123291 8.13144969940186 8.13267040252686 8.135666847229 8.14083385467529 8.14397144317627 8.14563083648682 8.14383125305176 8.14059925079346 8.13367652893066 8.1260290145874 8.1172046661377 8.10855007171631 8.10197353363037 8.09625625610352 8.09355735778809 8.09175872802734 8.09163188934326 8.09194374084473 8.09273338317871 8.09357070922852 8.09443759918213 8.09518337249756 8.09588527679443 8.09601974487305
8.13190746307373 8.13484382629395 8.13770580291748 8.14052963256836 8.14328956604004 8.14443969726562 8.14538669586182 8.14529895782471 8.14510440826416 8.14465427398682 8.14437484741211 8.14433288574219 8.14386081695557 8.14303588867188 8.14142322540283 8.13943767547607 8.13677310943604 8.13394546508789 8.13130283355713 8.12876319885254 8.12754249572754 8.12622451782227 8.12450218200684 8.12347221374512 8.12390327453613 8.12643814086914 8.1315450668335 8.13521385192871 8.13783550262451 8.13718795776367 8.13518714904785 8.12901878356934 8.12203121185303 8.1127872467041 8.10366249084473 8.09652423858643 8.09031391143799 8.08736705780029 8.08541488647461 8.08530807495117 8.08570957183838 8.08666133880615 8.08789730072021 8.08931541442871 8.09085369110107 8.09243392944336 8.09357833862305
8.11500263214111 8.11745643615723 8.11984825134277 8.12242698669434 8.12498378753662 8.12648105621338 8.12783336639404 8.12845611572266 8.12890529632568 8.12893581390381 8.12892723083496 8.12886524200439 8.12862300872803 8.12823390960693 8.12756443023682 8.12676334381104 8.12543106079102 8.12397193908691 8.12241077423096 8.12089157104492 8.12008094787598 8.11919498443604 8.11799621582031 8.11720180511475 8.11725807189941 8.11936950683594 8.12399005889893 8.12786960601807 8.13120746612549 8.13139724731445 8.13028240203857 8.12507915496826 8.11907196044922 8.11020278930664 8.10138511657715 8.09411811828613 8.08773803710938 8.08447456359863 8.08225440979004 8.08197212219238 8.08207702636719 8.08260440826416 8.08337306976318 8.0842981338501 8.08590316772461 8.08775329589844 8.08957004547119
8.09927368164062 8.10121822357178 8.10311794281006 8.10539245605469 8.10768699645996 8.10945320129395 8.11113548278809 8.11238956451416 8.11343383789062 8.1139669418335 8.11429119110107 8.11432838439941 8.11438179016113 8.1144495010376 8.11462020874023 8.11484146118164 8.11468505859375 8.11443996429443 8.1138916015625 8.1133337020874 8.11293983459473 8.1124792098999 8.11174297332764 8.11115264892578 8.11087417602539 8.1125955581665 8.11676216125488 8.12081909179688 8.12479686737061 8.12575817108154 8.12547016143799 8.12121391296387 8.11617660522461 8.107834815979 8.09948921203613 8.09228897094727 8.08591079711914 8.08242607116699 8.07998561859131 8.07948303222656 8.07925224304199 8.07931995391846 8.07957649230957 8.0799560546875 8.08145236968994 8.08335018157959 8.08568954467773
8.088698387146 8.09001350402832 8.09132480621338 8.09304618835449 8.09480762481689 8.09650707244873 8.09818267822266 8.09972953796387 8.10115432739258 8.10228443145752 8.10321712493896 8.10387802124023 8.10451221466064 8.10512542724609 8.10568428039551 8.10621738433838 8.10655307769775 8.10684108734131 8.10700511932373 8.10715389251709 8.10720729827881 8.10714340209961 8.10659503936768 8.10607814788818 8.10563087463379 8.10711669921875 8.11096572875977 8.11506271362305 8.11934185028076 8.1207914352417 8.12106895446777 8.11767387390137 8.11355781555176 8.10641956329346 8.0992603302002 8.09298610687256 8.08737277984619 8.08408260345459 8.08162307739258 8.0807056427002 8.07996654510498 8.079421043396 8.0789680480957 8.07857418060303 8.07918834686279 8.08016586303711 8.08236694335938
8.08103561401367 8.08186149597168 8.08270645141602 8.08390426635742 8.08514785766602 8.08662605285645 8.08812618255615 8.08973979949951 8.0913143157959 8.09279346466064 8.0941219329834 8.09524345397949 8.09627819061279 8.097243309021 8.09800148010254 8.09866142272949 8.09931373596191 8.0999641418457 8.10074806213379 8.10152053833008 8.1019926071167 8.10230159759521 8.10192775726318 8.10150814056396 8.10099506378174 8.10230541229248 8.10584545135498 8.10989952087402 8.1143274307251 8.11612701416016 8.1168384552002 8.1142463684082 8.11100482940674 8.10509014129639 8.09914016723633 8.09382247924805 8.08899688720703 8.08590316772461 8.08342742919922 8.08209705352783 8.08088493347168 8.07980251312256 8.07876586914062 8.0777587890625 8.07759952545166 8.07774448394775 8.07961750030518
8.07972621917725 8.08036708831787 8.08101272583008 8.08175563812256 8.0825138092041 8.08343124389648 8.08439254760742 8.0855770111084 8.08679294586182 8.08808326721191 8.08934593200684 8.09057140350342 8.09161472320557 8.09250926971436 8.09305572509766 8.0934362411499 8.09402465820312 8.0946626663208 8.09586524963379 8.09707927703857 8.09791088104248 8.09853744506836 8.09830951690674 8.0980396270752 8.09768199920654 8.09894943237305 8.10220336914062 8.10602951049805 8.11027240753174 8.11212348937988 8.11298370361328 8.11106300354004 8.1085958480835 8.10394668579102 8.09925746917725 8.0949592590332 8.09097290039062 8.0880823135376 8.08559417724609 8.08385467529297 8.08224964141846 8.0807933807373 8.07944869995117 8.07817840576172 8.07748126983643 8.07699012756348 8.07812023162842
8.07889270782471 8.07936859130859 8.0798397064209 8.0802755355835 8.08071422576904 8.0812931060791 8.08192348480225 8.08281326293945 8.08376693725586 8.08487510681152 8.08600234985352 8.08715343475342 8.08804416656494 8.08872032165527 8.08898544311523 8.08905601501465 8.08961963653564 8.09030151367188 8.0918550491333 8.09343338012695 8.09450340270996 8.09534358978271 8.09521770477295 8.09508895874023 8.0949535369873 8.09622573852539 8.09921741485596 8.10274124145508 8.10665225982666 8.10842895507812 8.1093225479126 8.10789680480957 8.10601615905762 8.10251426696777 8.09896183013916 8.09550094604492 8.092209815979 8.08951663970947 8.08707237243652 8.08509063720703 8.08323192596436 8.08150863647461 8.0799560546875 8.07851314544678 8.07746028900146 8.07654666900635 8.07699108123779
8.07865715026855 8.07899475097656 8.07932090759277 8.07963943481445 8.07996368408203 8.08048534393311 8.08104705810547 8.08180904388428 8.08262252807617 8.08355903625488 8.0844612121582 8.08531475067139 8.08584785461426 8.08611965179443 8.08601856231689 8.0857400894165 8.08632755279541 8.08712100982666 8.088942527771 8.09078693389893 8.09194564819336 8.09286689758301 8.09278869628906 8.0927906036377 8.0929594039917 8.09429550170898 8.0970573425293 8.10018444061279 8.10357856750488 8.10512447357178 8.10590553283691 8.1047534942627 8.10322189331055 8.10071754455566 8.09814739227295 8.09529209136963 8.09251594543457 8.09001445770264 8.08768463134766 8.08566951751709 8.08373165130615 8.08187770843506 8.08023929595947 8.0787410736084 8.07756042480469 8.07649421691895 8.07632732391357
8.07775211334229 8.07793998718262 8.07811641693115 8.0783166885376 8.07853031158447 8.07901096343994 8.07953834533691 8.08030414581299 8.08111476898193 8.08203315734863 8.0828742980957 8.08360958099365 8.08397102355957 8.08402633666992 8.08378219604492 8.08339691162109 8.08401298522949 8.08486843109131 8.0867280960083 8.08860301971436 8.08970355987549 8.0905876159668 8.09056568145752 8.09069538116455 8.09114551544189 8.09250354766846 8.09497165679932 8.09760665893555 8.10036373138428 8.10161972045898 8.10225391387939 8.1012659072876 8.09995937347412 8.09816741943359 8.09631252288818 8.09400272369385 8.09170818328857 8.0894718170166 8.08734893798828 8.08543491363525 8.08358383178711 8.08180236816406 8.08023834228516 8.07881450653076 8.07763481140137 8.07654285430908 8.07599258422852
8.0763463973999 8.07637405395508 8.07639789581299 8.07648086547852 8.07658195495605 8.07703495025635 8.07755565643311 8.07842445373535 8.07933521270752 8.08034992218018 8.08125400543213 8.08200550079346 8.08233261108398 8.08231353759766 8.0820951461792 8.08178329467773 8.08243179321289 8.0833101272583 8.08503723144531 8.08676719665527 8.08769798278809 8.08845615386963 8.08849620819092 8.08875274658203 8.08946704864502 8.09081649780273 8.09294319152832 8.09501361846924 8.09704399108887 8.09796524047852 8.09842681884766 8.09751987457275 8.09634494781494 8.09505462646484 8.09371089935303 8.09190082550049 8.09006595611572 8.08814811706543 8.08630275726318 8.0845890045166 8.08295059204102 8.08139324188232 8.08002281188965 8.07877349853516 8.07769012451172 8.07666778564453 8.07590484619141
8.0747013092041 8.07464599609375 8.07459449768066 8.07460689544678 8.0746374130249 8.07497406005859 8.07539081573486 8.07621383666992 8.07712650299072 8.07825565338135 8.07928943634033 8.0801944732666 8.08067512512207 8.08080959320068 8.08075428009033 8.08060836791992 8.08122158050537 8.08201599121094 8.08347511291504 8.08493614196777 8.08575439453125 8.0864372253418 8.08655834197998 8.08689022064209 8.08766651153564 8.08881187438965 8.09040832519531 8.09183025360107 8.09312629699707 8.09369468688965 8.09396266937256 8.09319019317627 8.09221267700195 8.09121131896973 8.09017181396484 8.08878326416016 8.08736419677734 8.08584213256836 8.08435535430908 8.08293342590332 8.08159637451172 8.08035182952881 8.07926177978516 8.07827281951904 8.07740497589111 8.07658100128174 8.07584762573242
8.07295322418213 8.07284927368164 8.07275485992432 8.07271671295166 8.07269287109375 8.07287693023682 8.07314777374268 8.07386112213135 8.07473278045654 8.07598400115967 8.07717800140381 8.07829475402832 8.07901000976562 8.07939529418945 8.07956123352051 8.07962322235107 8.08017063140869 8.08083438873291 8.08196830749512 8.08310699462891 8.08383655548096 8.0844669342041 8.08467864990234 8.08506298065186 8.08581352233887 8.08667087554932 8.08765602111816 8.08839511871338 8.08895301818848 8.08916091918945 8.08922576904297 8.08860874176025 8.08785820007324 8.08705425262451 8.08623123168945 8.08522987365723 8.08420848846436 8.08311462402344 8.08202171325684 8.08093070983887 8.07993316650391 8.07903861999512 8.07826709747314 8.07757472991943 8.0769739151001 8.0764045715332 8.07580375671387
8.07237815856934 8.07230472564697 8.07222652435303 8.07217884063721 8.07213878631592 8.07220458984375 8.07233238220215 8.07277297973633 8.07339191436768 8.07444000244141 8.07551574707031 8.07663154602051 8.07745742797852 8.07804775238037 8.07837581634521 8.07858085632324 8.07906341552734 8.07961177825928 8.08050346374512 8.08140087127686 8.08203220367432 8.08258628845215 8.0828161239624 8.08313274383545 8.08363056182861 8.08404731750488 8.08436584472656 8.08449172973633 8.0844783782959 8.084397315979 8.08428955078125 8.08380603790283 8.08325004577637 8.08263397216797 8.08201026916504 8.08134269714355 8.08066940307617 8.07998085021973 8.0792989730835 8.07862758636475 8.07801723480225 8.07747364044189 8.07697677612305 8.07651042938232 8.07611846923828 8.07575225830078 8.07533264160156
8.07204723358154 8.07201766967773 8.0719690322876 8.07192039489746 8.07187175750732 8.07182693481445 8.07181167602539 8.071946144104 8.07226943969727 8.07304573059082 8.07394695281982 8.07501697540283 8.07592964172363 8.07671356201172 8.07719230651855 8.07752799987793 8.0779447555542 8.0783805847168 8.07904720306396 8.07971954345703 8.08025074005127 8.08072376251221 8.08095836639404 8.08118057250977 8.08137893676758 8.08132457733154 8.08096313476562 8.08049201965332 8.07994079589844 8.07958602905273 8.07931232452393 8.07895851135254 8.07858848571777 8.07815742492676 8.07773303985596 8.07738494873047 8.07705116271973 8.07676410675049 8.07649517059326 8.07626247406006 8.07604789733887 8.07585620880127 8.0756254196167 8.0753698348999 8.07517528533936 8.07500076293945 8.07477378845215
8.07204532623291 8.07195854187012 8.071852684021 8.0717830657959 8.07171726226807 8.07166862487793 8.07164001464844 8.07171058654785 8.07192134857178 8.07246971130371 8.07318496704102 8.07412910461426 8.07497215270996 8.07573127746582 8.07623767852783 8.07662487030029 8.07698917388916 8.07734775543213 8.07782936096191 8.07831287384033 8.07868671417236 8.07901382446289 8.07914924621582 8.07919788360596 8.07906532287598 8.07865047454834 8.07789134979248 8.07729053497314 8.07680416107178 8.07660102844238 8.07651424407959 8.07642269134521 8.07632923126221 8.07622623443604 8.07612228393555 8.07601833343506 8.0759162902832 8.07582664489746 8.07572364807129 8.07559585571289 8.07547760009766 8.0753698348999 8.07522487640381 8.0750560760498 8.07489013671875 8.07472515106201 8.07449436187744
8.07203960418701 8.0718936920166 8.0717306137085 8.07163906097412 8.07155704498291 8.07150936126709 8.07147312164307 8.07149505615234 8.071608543396 8.07194232940674 8.07248115539551 8.07330131530762 8.07406902313232 8.07479190826416 8.0753173828125 8.07574939727783 8.07605934143066 8.076340675354 8.0766429901123 8.07694053649902 8.07715511322021 8.07733345031738 8.07735824584961 8.07722759246826 8.07676887512207 8.0760326385498 8.07495784759521 8.07429981231689 8.07394599914551 8.07393360137939 8.07406234741211 8.07423686981201 8.07441902160645 8.07462120056152 8.07481575012207 8.07492446899414 8.07502365112305 8.07509136199951 8.07511615753174 8.07506275177002 8.07501220703125 8.07496643066406 8.07489204406738 8.07479858398438 8.07465648651123 8.07449817657471 8.07425975799561
8.0718469619751 8.0716667175293 8.07148265838623 8.07137203216553 8.0712718963623 8.07122898101807 8.07119655609131 8.07121276855469 8.07129573822021 8.0715389251709 8.07200241088867 8.07276630401611 8.0734748840332 8.07413959503174 8.0746488571167 8.07508373260498 8.07532501220703 8.07552146911621 8.07567405700684 8.07581806182861 8.07587051391602 8.07588386535645 8.0757360458374 8.07540416717529 8.07468414306641 8.07399368286133 8.07333946228027 8.07318019866943 8.0733814239502 8.0737829208374 8.07426738739014 8.07467937469482 8.07507610321045 8.07528495788574 8.07547092437744 8.07551193237305 8.07552146911621 8.07542037963867 8.07529735565186 8.07513332366943 8.07500076293945 8.07490348815918 8.07482147216797 8.07474899291992 8.0746603012085 8.07456684112549 8.07435512542725
8.0716667175293 8.071457862854 8.07125473022461 8.07112884521484 8.07101440429688 8.07098197937012 8.07095623016357 8.07096862792969 8.07102394104004 8.0711841583252 8.07157325744629 8.07227516174316 8.07292556762695 8.07353496551514 8.07402610778809 8.074462890625 8.07463645935059 8.07474803924561 8.0747537612915 8.07474422454834 8.07463455200195 8.07448387145996 8.07416248321533 8.07366943359375 8.07281112670898 8.07224273681641 8.07202816009521 8.07233619689941 8.07302570343018 8.07377910614014 8.07455730438232 8.07515811920166 8.07572460174561 8.07589912414551 8.07603740692139 8.07596778869629 8.07585334777832 8.07558059692383 8.07530879974365 8.07503795623779 8.07483005523682 8.07469177246094 8.07461261749268 8.07457256317139 8.07455444335938 8.07454586029053 8.0743932723999
8.07153511047363 8.07131671905518 8.07110595703125 8.07097625732422 8.0708589553833 8.0708532333374 8.07085037231445 8.07085990905762 8.07089710235596 8.07100391387939 8.07132720947266 8.07194805145264 8.07253742218018 8.07310390472412 8.07357692718506 8.07400512695312 8.0741138458252 8.07414531707764 8.07400798797607 8.07385158538818 8.07357978820801 8.07326507568359 8.0727710723877 8.07226085662842 8.07171440124512 8.07154655456543 8.07184314727783 8.07250595092773 8.07343673706055 8.07430839538574 8.07515621185303 8.07577133178711 8.07634162902832 8.07633399963379 8.07627582550049 8.07593727111816 8.0755729675293 8.07511615753174 8.07469272613525 8.07433223724365 8.07407474517822 8.07392978668213 8.07389450073242 8.07393264770508 8.07404804229736 8.07419204711914 8.07421588897705
