Ecospace-environmental-drivers/Outputs/ASCII-for-ecospace/MOM6-ISIMIP3a/ph/1991-03_ph_MOM6-ISIMIP3a.asc
NCOLS 131 
NROWS 53 
XLLCORNER -98 
YLLCORNER 23.9265270233154 
CELLSIZE 0.133587792515755 
NODATA_value -9999 
[rows 21 to 41 of 53, columns 47 to 93 of 131]
8.18019962310791 8.18036365509033 8.18072414398193 8.18106079101562 8.18138313293457 8.18136882781982 8.18161392211914 8.18317604064941 8.18539905548096 8.18921947479248 8.19208335876465 8.19363403320312 8.19511890411377 8.19654941558838 8.19753837585449 8.19831943511963 8.19980812072754 8.20146560668945 8.20213603973389 8.2027006149292 8.20272159576416 8.20245933532715 8.20101070404053 8.19932174682617 8.19712543487549 8.19457721710205 8.19160079956055 8.18973541259766 8.18867874145508 8.18810558319092 8.18773365020752 8.18900680541992 8.19060230255127 8.19015312194824 8.18956851959229 8.18840217590332 8.18748664855957 8.18745708465576 8.1879301071167 8.18933773040771 8.19108867645264 8.19321346282959 8.19487762451172 8.19624328613281 8.19751071929932 8.19874382019043 8.19920349121094
8.1745662689209 8.17462730407715 8.17483329772949 8.17501068115234 8.17517566680908 8.17509365081787 8.17526531219482 8.17673206329346 8.17893981933594 8.18293762207031 8.18650436401367 8.18947696685791 8.19151020050049 8.19277477264404 8.19383716583252 8.19480514526367 8.19668006896973 8.19877147674561 8.19959926605225 8.2003116607666 8.20061492919922 8.20065975189209 8.19962406158447 8.19837284088135 8.19666576385498 8.19445705413818 8.19163417816162 8.18962955474854 8.18822288513184 8.18745040893555 8.1869421005249 8.18757629394531 8.18843460083008 8.18737506866455 8.18621444702148 8.1847505569458 8.18358325958252 8.18346214294434 8.18385124206543 8.18518829345703 8.18684864044189 8.1888599395752 8.1903247833252 8.19143486022949 8.19259643554688 8.19377613067627 8.19483661651611
8.16912174224854 8.1690845489502 8.1691370010376 8.1691370010376 8.16912746429443 8.16899299621582 8.16909790039062 8.17042350769043 8.17253589630127 8.17655086517334 8.18072605133057 8.18512344360352 8.18773460388184 8.18888568878174 8.19004249572754 8.19120216369629 8.19344615936279 8.19594860076904 8.19697952270508 8.1978874206543 8.19849014282227 8.19886493682861 8.19828987121582 8.19750499725342 8.19627666473389 8.19442558288574 8.19181346893311 8.18968963623047 8.18792057037354 8.18687343597412 8.18612575531006 8.18601989746094 8.1860408782959 8.18432140350342 8.18254661560059 8.1808557510376 8.17950820922852 8.17936229705811 8.17970085144043 8.18093681335449 8.18247699737549 8.18435096740723 8.18558979034424 8.18641948699951 8.18744087219238 8.18853187561035 8.19018077850342
8.16610336303711 8.16610431671143 8.16620063781738 8.16604423522949 8.16586971282959 8.16591739654541 8.16618919372559 8.16759586334229 8.16948795318604 8.17255210876465 8.17613887786865 8.18044376373291 8.18338775634766 8.18521690368652 8.18662166595459 8.18782520294189 8.19021892547607 8.19289588928223 8.19428539276123 8.1955394744873 8.19609832763672 8.19655990600586 8.19661521911621 8.1963939666748 8.19558906555176 8.19425487518311 8.19227409362793 8.19034576416016 8.18845653533936 8.18643760681152 8.18436527252197 8.1829080581665 8.1815710067749 8.1792688369751 8.17705821990967 8.17609119415283 8.17538642883301 8.17560005187988 8.17586708068848 8.17623329162598 8.17702484130859 8.17827892303467 8.17900276184082 8.17938327789307 8.18026065826416 8.18131637573242 8.18328666687012
8.1632251739502 8.1632137298584 8.16329956054688 8.16306972503662 8.16282844543457 8.16315364837646 8.16369342803955 8.16532135009766 8.16715526580811 8.16948509216309 8.17252922058105 8.17655467987061 8.17963886260986 8.18195247650146 8.18354320526123 8.18478965759277 8.18724727630615 8.1899938583374 8.19158458709717 8.19302845001221 8.19350814819336 8.19399642944336 8.19452476501465 8.19473171234131 8.19425964355469 8.19333553314209 8.19185829162598 8.18997383117676 8.18779277801514 8.18481636047363 8.18150901794434 8.1789436340332 8.17652416229248 8.17391014099121 8.17150783538818 8.17124652862549 8.17115306854248 8.17164993286133 8.17185688018799 8.17152500152588 8.17168617248535 8.17238521575928 8.17269802093506 8.17276000976562 8.17352676391602 8.17454719543457 8.17670059204102
8.16096115112305 8.16071701049805 8.16055393218994 8.16061687469482 8.16073703765869 8.1617546081543 8.163010597229 8.16547203063965 8.16795921325684 8.17050838470459 8.1732120513916 8.17612838745117 8.17851448059082 8.18046474456787 8.18196392059326 8.18324756622314 8.18539619445801 8.18775177001953 8.1888484954834 8.18980979919434 8.19004726409912 8.19029903411865 8.19061183929443 8.19065189361572 8.19011497497559 8.18913173675537 8.18760204315186 8.18509197235107 8.1818675994873 8.17799282073975 8.17385005950928 8.1712474822998 8.16894817352295 8.16720962524414 8.16568565368652 8.16604518890381 8.16642665863037 8.16687965393066 8.16707611083984 8.16679573059082 8.16685104370117 8.16727256774902 8.16762828826904 8.16794300079346 8.1687479019165 8.1697301864624 8.17146968841553
8.15887260437012 8.15849494934082 8.15818977355957 8.15853786468506 8.15899753570557 8.16070175170898 8.16264057159424 8.16577053070068 8.16879653930664 8.17157363891602 8.17403888702393 8.17607688903809 8.17788314819336 8.17949962615967 8.18084049224854 8.18205070495605 8.18379306793213 8.1856632232666 8.18629741668701 8.18681049346924 8.18679046630859 8.1867504119873 8.18662643432617 8.18622970581055 8.18525886535645 8.18386936187744 8.18196773529053 8.17898273468018 8.17520809173584 8.17108917236328 8.16682815551758 8.16444206237793 8.1624231338501 8.16141796112061 8.16061210632324 8.16138648986816 8.16209602355957 8.16257667541504 8.16288280487061 8.16286563873291 8.16298007965088 8.16323757171631 8.163649559021 8.16416168212891 8.16491508483887 8.16575527191162 8.16703128814697
8.15716552734375 8.1568717956543 8.15666007995605 8.15727138519287 8.15802764892578 8.16040325164795 8.16295433044434 8.16639232635498 8.16970920562744 8.17273426055908 8.1751823425293 8.17683982849121 8.17832660675049 8.17967510223389 8.18071365356445 8.18160724639893 8.18272972106934 8.18390846252441 8.18414878845215 8.18429374694824 8.18398189544678 8.18352794647217 8.18248176574707 8.18106174468994 8.17885208129883 8.17629909515381 8.17332744598389 8.17019653320312 8.16694831848145 8.16400909423828 8.16119861602783 8.15957927703857 8.15819358825684 8.15760898590088 8.1571741104126 8.15790939331055 8.15862941741943 8.15929222106934 8.15997123718262 8.16067886352539 8.16121196746826 8.16155529022217 8.16204929351807 8.16264057159424 8.16314506530762 8.16361904144287 8.16432571411133
8.15591049194336 8.1556510925293 8.15546321868896 8.15610790252686 8.15690231323242 8.15942001342773 8.16209697723389 8.16557788848877 8.1690559387207 8.17252635955811 8.1753396987915 8.17725276947021 8.17866230010986 8.17965888977051 8.18040561676025 8.18103408813477 8.18163967132568 8.18224048614502 8.18192195892334 8.18149089813232 8.18033409118652 8.17902183532715 8.1770544052124 8.17481994628906 8.17202186584473 8.16910362243652 8.16603851318359 8.16331005096436 8.16082859039307 8.15883827209473 8.15705108642578 8.15591812133789 8.15491390228271 8.1545991897583 8.15441036224365 8.15520095825195 8.15600204467773 8.15683650970459 8.15773582458496 8.15875339508057 8.15949440002441 8.15993404388428 8.16055774688721 8.16129875183105 8.16169834136963 8.16197490692139 8.16241359710693
8.15522289276123 8.15493774414062 8.15468406677246 8.15507221221924 8.1555814743042 8.1575756072998 8.15976619720459 8.16295719146729 8.16643333435059 8.17059516906738 8.17425537109375 8.17722606658936 8.17886161804199 8.17940330505371 8.17986965179443 8.18029975891113 8.18051624298096 8.18068218231201 8.17959690093994 8.1783275604248 8.17563247680664 8.17289924621582 8.17001152038574 8.16722679138184 8.16466045379639 8.16237926483154 8.1604471206665 8.15881538391113 8.15740203857422 8.15606784820557 8.15476703643799 8.15376949310303 8.15283012390137 8.15259456634521 8.15249347686768 8.15345859527588 8.15442943572998 8.15542221069336 8.15635013580322 8.15715599060059 8.15783977508545 8.1583890914917 8.15920162200928 8.16018486022949 8.16065788269043 8.16094779968262 8.16150093078613
8.15463447570801 8.15433788299561 8.15404796600342 8.15415668487549 8.15434551239014 8.15560913085938 8.15709972381592 8.15974998474121 8.16290760040283 8.16728973388672 8.17148017883301 8.17540645599365 8.17746448516846 8.17799282073975 8.17840766906738 8.17876815795898 8.17857646942139 8.17825317382812 8.17626476287842 8.17406558990479 8.17047214508057 8.16698265075684 8.16392707824707 8.16127300262451 8.15946292877197 8.15799713134766 8.15695190429688 8.15600872039795 8.15514087677002 8.15405941009521 8.15288829803467 8.15189456939697 8.15093421936035 8.15083122253418 8.15085220336914 8.15176773071289 8.15274143218994 8.1539192199707 8.15483093261719 8.15524864196777 8.15583419799805 8.15660381317139 8.15750217437744 8.15848350524902 8.15902519226074 8.15940761566162 8.16023540496826
8.15412044525146 8.15382385253906 8.15351963043213 8.15333080291748 8.15317249298096 8.15355110168457 8.15418338775635 8.15610218048096 8.15870380401611 8.16295337677002 8.16743659973145 8.17224216461182 8.17487049102783 8.1757173538208 8.1762523651123 8.17663955688477 8.176025390625 8.17517185211182 8.17217636108398 8.16897869110107 8.16496753692627 8.16121864318848 8.15856170654297 8.1565465927124 8.15588665008545 8.15536975860596 8.15502643585205 8.15446853637695 8.15375423431396 8.15262126922607 8.15131378173828 8.15022468566895 8.14917850494385 8.14925003051758 8.14941596984863 8.15011501312256 8.15096569061279 8.15234851837158 8.15321063995361 8.15310764312744 8.15356636047363 8.15463924407959 8.15554523468018 8.15634346008301 8.15694808959961 8.15748405456543 8.15870666503906
8.15363502502441 8.15335083007812 8.15305233001709 8.15275287628174 8.15246295928955 8.15242385864258 8.1525707244873 8.15365886688232 8.15536594390869 8.15856838226318 8.16224002838135 8.1665563583374 8.16919231414795 8.17045402526855 8.17117595672607 8.1716423034668 8.1708459854126 8.16974830627441 8.16679763793945 8.16370296478271 8.16037273406982 8.15732288360596 8.15544509887695 8.15409755706787 8.15386962890625 8.15370464324951 8.15361785888672 8.15321636199951 8.15258502960205 8.15143013000488 8.15005874633789 8.14892864227295 8.14784526824951 8.14792633056641 8.14808177947998 8.14853477478027 8.14913654327393 8.15025901794434 8.15088844299316 8.15060329437256 8.15106201171875 8.15233325958252 8.15323448181152 8.15389728546143 8.15471076965332 8.15557956695557 8.15692520141602
8.15316295623779 8.1528959274292 8.15260982513428 8.15228080749512 8.15195083618164 8.15169525146484 8.15151691436768 8.15173149108887 8.15240001678467 8.15416431427002 8.15655040740967 8.1597900390625 8.16219234466553 8.16391086578369 8.16484832763672 8.1654167175293 8.16454124450684 8.16332054138184 8.16086483001709 8.15834808349609 8.15616703033447 8.15422630310059 8.15329265594482 8.15262508392334 8.15251922607422 8.15245151519775 8.15242958068848 8.15208625793457 8.15150928497314 8.15034580230713 8.14894008636475 8.14779186248779 8.14669322967529 8.14671421051025 8.14678955078125 8.14698505401611 8.14728450775146 8.14794731140137 8.14826583862305 8.14794254302979 8.14845657348633 8.14988136291504 8.15077304840088 8.15131950378418 8.15240478515625 8.15368461608887 8.1550350189209
8.15250873565674 8.15223979949951 8.15195560455322 8.15164279937744 8.15132904052734 8.15104961395264 8.15080738067627 8.15075778961182 8.15098571777344 8.15188217163086 8.15324211120605 8.15523719787598 8.15691757202148 8.15834045410156 8.15914630889893 8.15966033935547 8.15914058685303 8.15837478637695 8.1569766998291 8.15553665161133 8.15410995483398 8.15283012390137 8.15216827392578 8.15166568756104 8.15149974822998 8.1513786315918 8.15131187438965 8.15093803405762 8.15034103393555 8.14920711517334 8.14785099029541 8.14661026000977 8.14539051055908 8.14501571655273 8.14470767974854 8.1447582244873 8.14487838745117 8.14524555206299 8.14550590515137 8.14556789398193 8.14618492126465 8.14740657806396 8.14836120605469 8.14914321899414 8.15048408508301 8.15202617645264 8.15360832214355
8.15181732177734 8.1515417098999 8.15125751495361 8.15097045898438 8.15068435668945 8.15042018890381 8.15016746520996 8.14998054504395 8.14989185333252 8.15003967285156 8.15042686462402 8.15114212036133 8.15199947357178 8.15297222137451 8.15357398986816 8.15400123596191 8.15392780303955 8.15373516082764 8.15351104736328 8.15325164794922 8.15249633789062 8.15178489685059 8.15125751495361 8.15081405639648 8.15054893493652 8.15034294128418 8.15020847320557 8.1497859954834 8.1491527557373 8.14805698394775 8.14676856994629 8.14541912078857 8.14405632019043 8.14321517944336 8.14246273040771 8.14239120483398 8.14235782623291 8.14246273040771 8.14271831512451 8.1432523727417 8.14398288726807 8.14492607116699 8.14595890045166 8.14704895019531 8.14864253997803 8.15041637420654 8.15227794647217
8.15111255645752 8.15077018737793 8.15042018890381 8.15011024475098 8.14980792999268 8.14957237243652 8.14937305450439 8.14935970306396 8.14936923980713 8.14943504333496 8.1496467590332 8.15005779266357 8.15058612823486 8.15121173858643 8.15167713165283 8.15206813812256 8.15227127075195 8.15242862701416 8.15247535705566 8.15246677398682 8.15177154541016 8.15113544464111 8.15074729919434 8.15035152435303 8.14994049072266 8.1495475769043 8.14917659759521 8.14869022369385 8.14811992645264 8.14689636230469 8.1454029083252 8.1439905166626 8.14259338378906 8.1414966583252 8.14050483703613 8.14042472839355 8.14040660858154 8.14060974121094 8.14097690582275 8.1416482925415 8.14241313934326 8.14328002929688 8.14457511901855 8.14614772796631 8.14772510528564 8.14930534362793 8.15039539337158
8.15041828155518 8.1500072479248 8.14958381652832 8.14925003051758 8.14892959594727 8.14872550964355 8.14858245849609 8.14875411987305 8.14888381958008 8.14891052246094 8.14899826049805 8.14916801452637 8.14941120147705 8.14971351623535 8.15005111694336 8.15040493011475 8.15084743499756 8.15131187438965 8.15156936645508 8.15175437927246 8.15108680725098 8.15049934387207 8.15024566650391 8.14989948272705 8.14935779571533 8.14878940582275 8.14818668365479 8.14763164520264 8.1471118927002 8.14576053619385 8.14406394958496 8.14261054992676 8.14120578765869 8.13984966278076 8.13861083984375 8.13851261138916 8.138503074646 8.13880252838135 8.13926887512207 8.14004707336426 8.14083576202393 8.14163875579834 8.14319133758545 8.14522838592529 8.1467456817627 8.14807605743408 8.14840126037598
8.14986324310303 8.14936065673828 8.14883613586426 8.14848327636719 8.14815330505371 8.14798736572266 8.1479024887085 8.14823246002197 8.14850521087646 8.14864349365234 8.14878082275391 8.14891624450684 8.14909267425537 8.1493034362793 8.14955902099609 8.14983463287354 8.15021896362305 8.1506290435791 8.1508960723877 8.15109252929688 8.15041065216064 8.14982509613037 8.14964199066162 8.14936256408691 8.14888095855713 8.14830684661865 8.14761734008789 8.14695358276367 8.14630794525146 8.14488506317139 8.143141746521 8.14187145233154 8.14069366455078 8.13891983032227 8.13726615905762 8.13699531555176 8.13683032989502 8.137038230896 8.13742351531982 8.13813972473145 8.13888168334961 8.13965225219727 8.14131641387939 8.14355850219727 8.14465999603271 8.14535045623779 8.14546966552734
8.14936065673828 8.14876079559326 8.1481237411499 8.14775276184082 8.14741516113281 8.14727401733398 8.14723587036133 8.14771747589111 8.14811515808105 8.14831066131592 8.14846038818359 8.1485481262207 8.14865303039551 8.14877128601074 8.14896106719971 8.14918422698975 8.14952945709229 8.14990425109863 8.15008544921875 8.15020656585693 8.14963436126709 8.14915943145752 8.14909076690674 8.14890480041504 8.14847087860107 8.14786529541016 8.14704895019531 8.14622116088867 8.1453857421875 8.143874168396 8.14208316802979 8.14090347290039 8.13984394073486 8.13779449462891 8.13586330413818 8.13544940948486 8.13515377044678 8.13527488708496 8.13558769226074 8.13625621795654 8.13692092895508 8.13757991790771 8.13918304443359 8.14139652252197 8.14209175109863 8.14224147796631 8.14221096038818
8.14905643463135 8.1483325958252 8.14753723144531 8.1471529006958 8.14681720733643 8.14665126800537 8.14661407470703 8.14723014831543 8.14768028259277 8.14773368835449 8.14776039123535 8.14775276184082 8.1477632522583 8.14778995513916 8.14797782897949 8.14824295043945 8.14862251281738 8.14902782440186 8.14877510070801 8.1484956741333 8.14848804473877 8.14852237701416 8.1487340927124 8.14873886108398 8.14830589294434 8.14757537841797 8.14648056030273 8.14529037475586 8.14403057098389 8.14236164093018 8.14052295684814 8.13910007476807 8.13775730133057 8.13594818115234 8.13425064086914 8.13380336761475 8.13346767425537 8.13351821899414 8.13378715515137 8.13446426391602 8.1349401473999 8.13519668579102 8.13610172271729 8.13742542266846 8.13775444030762 8.13772678375244 8.13775444030762
