Ecospace-environmental-drivers/Outputs/ASCII-for-ecospace/MOM6-ISIMIP3a/ph/1992-10_ph_MOM6-ISIMIP3a.asc
NCOLS 131 
NROWS 53 
XLLCORNER -98 
YLLCORNER 23.9265270233154 
CELLSIZE 0.133587792515755 
NODATA_value -9999 
[rows 21 to 41 of 53, columns 0 to 46 of 131]
-9999 -9999 -9999 -9999 -9999 -9999 8.15631866455078 8.15685844421387 8.15828704833984 8.16073989868164 8.16456127166748 8.17157459259033 8.16893672943115 8.1610803604126 8.15592670440674 8.15389251708984 8.15293312072754 8.15271091461182 8.152907371521 8.15326595306396 8.15413475036621 8.1550931930542 8.15620899200439 8.15739631652832 8.15914440155029 8.1608247756958 8.16228580474854 8.16348648071289 8.16423320770264 8.16462516784668 8.16465377807617 8.16409778594971 8.16318607330322 8.1626501083374 8.16223812103271 8.16098117828369 8.15960884094238 8.15825939178467 8.15718555450439 8.15786170959473 8.1584415435791 8.15875434875488 8.15849113464355 8.15733623504639 8.15644645690918 8.15579891204834 8.15634346008301
-9999 -9999 -9999 -9999 -9999 -9999 8.15620899200439 8.15631866455078 8.15739727020264 8.15869331359863 8.16073989868164 8.16136837005615 8.15999984741211 8.15467929840088 8.15147304534912 8.15070629119873 8.15021514892578 8.14991283416748 8.14967155456543 8.14945411682129 8.15021514892578 8.15114879608154 8.15184116363525 8.15260124206543 8.15396690368652 8.15528678894043 8.15645408630371 8.15730571746826 8.15760326385498 8.15759086608887 8.15725803375244 8.15648746490479 8.15545177459717 8.15476512908936 8.15419483184814 8.152756690979 8.151198387146 8.14976692199707 8.14859294891357 8.14906024932861 8.1495246887207 8.14998149871826 8.15006542205811 8.14957332611084 8.14907550811768 8.1485710144043 8.14916610717773
-9999 -9999 -9999 -9999 8.15978050231934 8.15719413757324 8.15614891052246 8.15615844726562 8.15631866455078 8.15847587585449 8.15923881530762 8.15466594696045 8.15087985992432 8.14865112304688 8.1475887298584 8.14787292480469 8.14773941040039 8.14731979370117 8.14657402038574 8.14570331573486 8.1462574005127 8.14706230163574 8.14728450775146 8.14757347106934 8.14852905273438 8.14946460723877 8.15034103393555 8.15085315704346 8.15073299407959 8.15035247802734 8.1497049331665 8.14876556396484 8.14764881134033 8.14681911468506 8.14608478546143 8.14452266693115 8.14284801483154 8.14138126373291 8.14014148712158 8.14034461975098 8.14064121246338 8.14119720458984 8.14160251617432 8.14177417755127 8.14167213439941 8.14132022857666 8.14193916320801
-9999 -9999 -9999 -9999 8.1657657623291 8.16001319885254 8.15823936462402 8.15614891052246 8.15600681304932 8.15419960021973 8.15221786499023 8.14957332611084 8.14733695983887 8.14590740203857 8.14523506164551 8.14543724060059 8.1453857421875 8.14516258239746 8.14445209503174 8.1435546875 8.1436185836792 8.14385318756104 8.14367008209229 8.14353561401367 8.14388275146484 8.14430618286133 8.14497375488281 8.1454381942749 8.14554691314697 8.14536762237549 8.14489269256592 8.14403247833252 8.14293766021729 8.14188194274902 8.14083957672119 8.13933086395264 8.13775825500488 8.13623428344727 8.1348352432251 8.13423442840576 8.13379669189453 8.13381290435791 8.13383960723877 8.13388252258301 8.13384342193604 8.13372898101807 8.13428688049316
-9999 -9999 -9999 -9999 -9999 8.1657657623291 8.15989875793457 8.1603307723999 8.15468502044678 8.14992713928223 8.14594554901123 8.14493179321289 8.14397430419922 8.14313125610352 8.14271354675293 8.14278697967529 8.14275646209717 8.14265441894531 8.14201259613037 8.14116287231445 8.14087390899658 8.14068222045898 8.14019298553467 8.13973331451416 8.13957595825195 8.13955593109131 8.13998126983643 8.14034175872803 8.14059162139893 8.14056396484375 8.14025115966797 8.13949012756348 8.13845634460449 8.13724327087402 8.13597106933594 8.13452816009521 8.13306045532227 8.13151073455811 8.13000869750977 8.12881278991699 8.12782096862793 8.12739944458008 8.12710189819336 8.12699699401855 8.12697505950928 8.12703037261963 8.12749290466309
-9999 -9999 -9999 -9999 -9999 8.16437149047852 8.1657657623291 8.15735054016113 8.14893245697021 8.145676612854 8.14295387268066 8.14226627349854 8.14140796661377 8.14020919799805 8.1394510269165 8.13919925689697 8.13891410827637 8.13860607147217 8.13818073272705 8.13771057128906 8.13765811920166 8.13768005371094 8.13731956481934 8.13696765899658 8.13675689697266 8.13660144805908 8.13662528991699 8.13664054870605 8.13664150238037 8.13654899597168 8.1363582611084 8.13578414916992 8.13497734069824 8.13391017913818 8.13275527954102 8.13142967224121 8.13007926940918 8.12864398956299 8.12728500366211 8.12641048431396 8.12565803527832 8.12524509429932 8.1248607635498 8.12452030181885 8.1243200302124 8.12424755096436 8.12445640563965
-9999 -9999 8.16151428222656 8.16180419921875 8.1620512008667 8.1629753112793 8.16437244415283 8.1542501449585 8.14420413970947 8.1421594619751 8.140380859375 8.13961696624756 8.13861179351807 8.137131690979 8.13601207733154 8.13530921936035 8.13460636138916 8.13390350341797 8.13359928131104 8.13344955444336 8.13370513916016 8.13403129577637 8.13397884368896 8.13390827178955 8.13375186920166 8.13357639312744 8.13333988189697 8.1331262588501 8.1329517364502 8.13281536102295 8.13271808624268 8.13230800628662 8.13170623779297 8.1307897567749 8.1297664642334 8.12863636016846 8.12749099731445 8.12629318237305 8.12517356872559 8.12455558776855 8.12398147583008 8.12352752685547 8.12305927276611 8.12256813049316 8.12224674224854 8.12207889556885 8.12206745147705
-9999.000000000000000 -9999 -9999 -9999 8.16038513183594 8.1611270904541 8.16027545928955 8.15088844299316 8.14170932769775 8.1402416229248 8.13872146606445 8.13699913024902 8.13531684875488 8.13371086120605 8.13218784332275 8.13076114654541 8.12928295135498 8.12776947021484 8.12738037109375 8.12742519378662 8.12813949584961 8.12897205352783 8.12961769104004 8.13020420074463 8.13033866882324 8.13039684295654 8.13020992279053 8.13002014160156 8.12982654571533 8.12969493865967 8.12962913513184 8.1293306350708 8.12889003753662 8.12813377380371 8.12727355957031 8.12651062011719 8.12576198577881 8.12506580352783 8.1243953704834 8.1238956451416 8.12336826324463 8.12276077270508 8.12221336364746 8.12175846099854 8.12144184112549 8.12125015258789 8.12108993530273
-9999 -9999 -9999 -9999 8.15824127197266 8.15705299377441 8.15735816955566 8.1484489440918 8.13969802856445 8.13849544525146 8.13709926605225 8.13496208190918 8.1329402923584 8.13114547729492 8.129150390625 8.12692546844482 8.12451839447021 8.12198638916016 8.1213903427124 8.12154102325439 8.12282180786133 8.12430191040039 8.12555694580078 8.1267147064209 8.12710571289062 8.1273889541626 8.12732410430908 8.12723636627197 8.12710762023926 8.1270580291748 8.12708950042725 8.12693309783936 8.1266622543335 8.12610340118408 8.12544727325439 8.12491512298584 8.12440013885498 8.12392807006836 8.12346076965332 8.12302875518799 8.12254524230957 8.12191867828369 8.12135028839111 8.12087249755859 8.12047958374023 8.12016582489014 8.11989498138428
-9999 -9999 -9999 -9999 8.15679836273193 8.15654373168945 8.15622901916504 8.1471700668335 8.1382942199707 8.13696479797363 8.13552474975586 8.1336555480957 8.13172054290771 8.1296558380127 8.12710189819336 8.12398529052734 8.12045669555664 8.11664485931396 8.11568737030029 8.11583232879639 8.11781406402588 8.12012004852295 8.12187385559082 8.12349414825439 8.12409973144531 8.12459754943848 8.12474727630615 8.12485790252686 8.12490081787109 8.12502765655518 8.12524032592773 8.12526512145996 8.12517642974854 8.12485790252686 8.12446212768555 8.12398719787598 8.12350082397461 8.12290382385254 8.12232875823975 8.121901512146 8.1214599609375 8.1209831237793 8.1204662322998 8.1198902130127 8.11932182312012 8.11876106262207 8.1184253692627
-9999 -9999 -9999 -9999 8.15654373168945 8.15616321563721 8.15571594238281 8.14622402191162 8.13690090179443 8.13542747497559 8.13389682769775 8.13214683532715 8.13024425506592 8.12804126739502 8.1251049041748 8.1213207244873 8.11713886260986 8.11268424987793 8.11144065856934 8.11143779754639 8.11375141143799 8.11647319793701 8.11860275268555 8.12057495117188 8.12133598327637 8.12199592590332 8.12232780456543 8.12262535095215 8.12286281585693 8.12316417694092 8.12353134155273 8.12368106842041 8.12369728088379 8.12350177764893 8.12323570251465 8.122802734375 8.12234497070312 8.12175846099854 8.12119770050049 8.12080764770508 8.12038993835449 8.11989688873291 8.11935424804688 8.11873817443848 8.11811256408691 8.1174783706665 8.117018699646
-9999 -9999 -9999 -9999 8.15614128112793 8.15571594238281 8.14561462402344 8.14552688598633 8.13551616668701 8.13388442993164 8.13222885131836 8.13048553466797 8.12857532501221 8.12633514404297 8.12314605712891 8.11886215209961 8.11437892913818 8.1097583770752 8.10828685760498 8.10803031921387 8.1103982925415 8.1132287979126 8.11564064025879 8.11787986755371 8.11875438690186 8.11953735351562 8.12002849578857 8.12050342559814 8.12095260620117 8.12142753601074 8.12192916870117 8.12215900421143 8.12222480773926 8.12206363677979 8.12182807922363 8.12142467498779 8.12099742889404 8.12052249908447 8.12006759643555 8.1197395324707 8.11933135986328 8.11869716644287 8.11807155609131 8.11745834350586 8.11686420440674 8.116286277771 8.1156587600708
-9999 -9999 -9999 -9999 8.15571594238281 8.14358329772949 8.13845539093018 8.13499355316162 8.13482856750488 8.13228797912598 8.12992858886719 8.12826251983643 8.12647724151611 8.12445449829102 8.12129306793213 8.11682033538818 8.11234474182129 8.10786724090576 8.10637283325195 8.10603046417236 8.10803604125977 8.11045742034912 8.11298656463623 8.11537647247314 8.11658382415771 8.1176586151123 8.11830139160156 8.11888790130615 8.11937618255615 8.1198787689209 8.12039566040039 8.12063694000244 8.12070941925049 8.12059688568115 8.12042140960693 8.12015533447266 8.11987590789795 8.11955547332764 8.11923217773438 8.11888217926025 8.11844921112061 8.11778450012207 8.11711406707764 8.11643314361572 8.11567115783691 8.11483383178711 8.1138219833374
-9999 -9999 -9999 -9999 -9999 8.13566017150879 8.13454627990723 8.13484477996826 8.13443851470947 8.13066864013672 8.12735652923584 8.12579917907715 8.12419509887695 8.12249851226807 8.11948680877686 8.11495685577393 8.11062145233154 8.10641860961914 8.10499095916748 8.10463428497314 8.10610008239746 8.10788726806641 8.11046409606934 8.11295604705811 8.11459064483643 8.11602783203125 8.11682033538818 8.1174898147583 8.11794376373291 8.11841106414795 8.11889171600342 8.11911296844482 8.11917686462402 8.11911773681641 8.11901664733887 8.11893272399902 8.11885070800781 8.1187047958374 8.11852264404297 8.11811447143555 8.11764335632324 8.11699390411377 8.11629486083984 8.11551761627197 8.11450290679932 8.1132698059082 8.11178112030029
-9999 -9999 -9999 -9999 -9999 8.13375091552734 8.13397789001465 8.13379955291748 8.13350105285645 8.1290283203125 8.12521457672119 8.12392520904541 8.12258052825928 8.12112712860107 8.118239402771 8.11369609832764 8.10950660705566 8.10555934906006 8.1041841506958 8.10380172729492 8.10494709014893 8.10636138916016 8.10886096954346 8.11131763458252 8.1132230758667 8.11490345001221 8.11585235595703 8.11660861968994 8.11702823638916 8.11746501922607 8.11791801452637 8.11813926696777 8.11821937561035 8.11822414398193 8.11820411682129 8.11826324462891 8.11833190917969 8.11826133728027 8.11813926696777 8.11769199371338 8.11715602874756 8.11636924743652 8.11544990539551 8.11432361602783 8.11295700073242 8.11136913299561 8.10961723327637
-9999 -9999 -9999 -9999 -9999 8.13250923156738 8.13272857666016 8.13329029083252 8.13245105743408 8.12738418579102 8.12316131591797 8.12217330932617 8.12110424041748 8.11987590789795 8.11710739135742 8.1125602722168 8.10851764678955 8.10482215881348 8.10349559783936 8.10308456420898 8.10395526885986 8.10505199432373 8.10744667053223 8.10984039306641 8.11198425292969 8.11388397216797 8.114990234375 8.11583423614502 8.11621952056885 8.11662578582764 8.1170539855957 8.11727905273438 8.11738109588623 8.11745262145996 8.11751365661621 8.11770725250244 8.11791801452637 8.1179027557373 8.11782360076904 8.11734104156494 8.11673355102539 8.11577892303467 8.11459922790527 8.11307239532471 8.11133289337158 8.10939884185791 8.10742855072021
-9999 -9999 -9999 -9999 -9999 -9999 8.13082122802734 8.13109683990479 8.13070201873779 8.12592601776123 8.12195301055908 8.12105178833008 8.12001609802246 8.11871337890625 8.11603450775146 8.11176872253418 8.10798931121826 8.1045446395874 8.10318374633789 8.10262680053711 8.10322570800781 8.10402870178223 8.10637283325195 8.10873508453369 8.11096572875977 8.11295890808105 8.11417865753174 8.1151123046875 8.11554622650146 8.11600399017334 8.11648750305176 8.11680793762207 8.11703014373779 8.1171875 8.11732387542725 8.11746501922607 8.11760520935059 8.11753940582275 8.11739349365234 8.11673641204834 8.11592388153076 8.11467552185059 8.11324024200439 8.11151313781738 8.10967922210693 8.10774707794189 8.10585308074951
-9999 -9999 -9999 -9999 -9999 -9999 8.12863063812256 8.12807750701904 8.12885093688965 8.12444496154785 8.12078189849854 8.11996364593506 8.11894989013672 8.1175479888916 8.11496448516846 8.11101722717285 8.10751533508301 8.10432052612305 8.10291194915771 8.10219478607178 8.10251426696777 8.1030158996582 8.10527420043945 8.10757446289062 8.10989952087402 8.11199283599854 8.11333274841309 8.11436653137207 8.1148681640625 8.11538982391357 8.11593151092529 8.11635208129883 8.11669731140137 8.1169376373291 8.11714267730713 8.11721706390381 8.11727237701416 8.11714172363281 8.11691570281982 8.11608123779297 8.11506175994873 8.1135311126709 8.11185741424561 8.10996055603027 8.10805892944336 8.10615253448486 8.10435771942139
-9999 -9999 -9999 -9999 -9999 -9999 8.12679386138916 8.12671852111816 8.12623691558838 8.12262344360352 8.11961555480957 8.11892509460449 8.11792659759521 8.1163158416748 8.11389636993408 8.1105432510376 8.1074104309082 8.10442733764648 8.10289573669434 8.10192394256592 8.10186576843262 8.10196971893311 8.10375785827637 8.10566139221191 8.10822486877441 8.11054801940918 8.11209392547607 8.11334419250488 8.11407661437988 8.11474704742432 8.11535358428955 8.11586666107178 8.11632347106934 8.11660289764404 8.11682415008545 8.11677169799805 8.11668014526367 8.11638069152832 8.11598682403564 8.1149959564209 8.1138334274292 8.1121940612793 8.11047077178955 8.10861778259277 8.1068000793457 8.10501766204834 8.10342788696289
-9999 -9999 -9999 -9999 -9999 8.12727832794189 8.12601280212402 8.12558650970459 8.12372589111328 8.12093353271484 8.11859130859375 8.11797332763672 8.11695194244385 8.11513137817383 8.11287498474121 8.11011600494385 8.10736846923828 8.10462856292725 8.10296726226807 8.10172367095947 8.10131931304932 8.10106372833252 8.10227680206299 8.10366725921631 8.10627365112305 8.10870742797852 8.11058044433594 8.11214542388916 8.11316871643066 8.11403274536133 8.11473178863525 8.11534118652344 8.1158971786499 8.11621761322021 8.11645889282227 8.11630439758301 8.11609363555908 8.11563491821289 8.11508655548096 8.11396312713623 8.11267948150635 8.11095142364502 8.1091947555542 8.10739612579346 8.10567092895508 8.10401344299316 8.10262393951416
-9999 -9999 -9999 -9999 8.13418102264404 8.12909412384033 8.12727832794189 8.12446975708008 8.12159824371338 8.11972522735596 8.11808490753174 8.11733722686768 8.11615753173828 8.1141242980957 8.11202812194824 8.10985946655273 8.10756015777588 8.10517024993896 8.10336399078369 8.10178184509277 8.10114192962646 8.10066890716553 8.10092449188232 8.10137462615967 8.10330867767334 8.1054105758667 8.10805797576904 8.11029815673828 8.11183166503906 8.11305046081543 8.11394596099854 8.11466693878174 8.11528301239014 8.11564540863037 8.11592292785645 8.11575603485107 8.11552429199219 8.11494922637939 8.11429405212402 8.11312294006348 8.11180019378662 8.11005592346191 8.10832691192627 8.10662174224854 8.10501384735107 8.10349464416504 8.10228252410889
