Ecospace-environmental-drivers/Outputs/ASCII-for-ecospace/MOM6-ISIMIP3a/ph/1992-11_ph_MOM6-ISIMIP3a.asc
NCOLS 131 
NROWS 53 
XLLCORNER -98 
YLLCORNER 23.9265270233154 
CELLSIZE 0.133587792515755 
NODATA_value -9999 
[rows 0 to 20 of 53, columns 47 to 93 of 131]
-9999 -9999 -9999 -9999 -9999 -9999 -9999 -9999 -9999 -9999 -9999 -9999 -9999 -9999 -9999 -9999 -9999 -9999 -9999 -9999 -9999 -9999 -9999 -9999 -9999 -9999 -9999 -9999 -9999 -9999 -9999 -9999 -9999 -9999 -9999 -9999 -9999 -9999 -9999 -9999 -9999 -9999 -9999 -9999 -9999 -9999 -9999
-9999 -9999 -9999 -9999 -9999 -9999 -9999 -9999 -9999 -9999 -9999 -9999 -9999 -9999 -9999 -9999 -9999 -9999 -9999 -9999 -9999 -9999 -9999 -9999 -9999 -9999 -9999 -9999 -9999 -9999 -9999 -9999 -9999 -9999 -9999 -9999 -9999 -9999 -9999 -9999 -9999 -9999 -9999 -9999 -9999 -9999 -9999
-9999 -9999 -9999 -9999 -9999 -9999 -9999 -9999 -9999 -9999 -9999 -9999 -9999 -9999 -9999 -9999 -9999 -9999 -9999 -9999 -9999 -9999 -9999 -9999 -9999 -9999 -9999 8.20540332794189 8.20775127410889 -9999 -9999 -9999 -9999 -9999 -9999 -9999 -9999 -9999 -9999 -9999 -9999 -9999 -9999 -9999 -9999 -9999 -9999
-9999 -9999 -9999 -9999 -9999 -9999 -9999 -9999 -9999 -9999 -9999 -9999 -9999 -9999 -9999 -9999 -9999 -9999 -9999 -9999 -9999 -9999 -9999 -9999 -9999 -9999 -9999 8.20507717132568 8.2074728012085 -9999 -9999 -9999 -9999 -9999 -9999 -9999 -9999 -9999 -9999 -9999 -9999 -9999 -9999 -9999 -9999 -9999 -9999
-9999 -9999 -9999 -9999 -9999 -9999 -9999 -9999 -9999 -9999 -9999 -9999 -9999 -9999 -9999 -9999 -9999 -9999 8.17170143127441 8.17338943481445 8.17473983764648 8.1826171875 8.18890762329102 8.19814014434814 8.20230960845947 8.20284461975098 8.20348644256592 8.20465087890625 8.2070951461792 8.21067237854004 -9999 -9999 8.21647930145264 8.21248912811279 8.20654582977295 8.20199203491211 8.20014762878418 8.20028686523438 8.20257759094238 8.20653915405273 8.21278953552246 8.2194938659668 -9999 -9999 -9999 -9999 -9999
-9999 -9999 -9999 -9999 -9999 -9999 -9999 -9999 -9999 -9999 -9999 -9999 -9999 -9999 7.90217351913452 -9999 7.90305614471436 7.9042649269104 8.03973197937012 8.17170143127441 8.17372703552246 8.17473983764648 8.1904935836792 8.20148849487305 8.20243835449219 8.20300197601318 8.20309257507324 8.20436477661133 8.2064962387085 8.21042442321777 8.21509647369385 8.21749496459961 8.21944713592529 8.21249485015869 8.20552635192871 8.20161724090576 8.19883155822754 8.19999504089355 8.20203495025635 8.20570278167725 8.21187877655029 8.22078609466553 8.22581768035889 8.2283411026001 -9999 -9999 -9999
-9999 -9999 -9999 -9999 -9999 -9999 -9999 -9999 -9999 -9999 7.70312881469727 7.70429754257202 7.70611763000488 7.71351099014282 7.81259298324585 7.90263080596924 7.90171575546265 7.90318822860718 7.9042649269104 8.04323101043701 8.17170143127441 8.17473983764648 8.1904935836792 8.20148849487305 8.20243835449219 8.20300197601318 8.20309257507324 8.20436477661133 8.2064962387085 8.21042442321777 8.21509647369385 8.21749496459961 8.21944713592529 8.21249485015869 8.20552635192871 8.20161724090576 8.19883155822754 8.19999504089355 8.20203495025635 8.20570278167725 8.21187877655029 8.22078609466553 8.22581768035889 8.2283411026001 8.22900772094727 8.2244873046875 -9999
-9999 -9999 -9999 -9999 -9999 -9999 -9999 -9999 -9999 -9999 7.69686222076416 7.70312881469727 7.70546627044678 -9999 7.72530937194824 7.8235502243042 7.90354585647583 7.90171575546265 7.90358352661133 7.9042649269104 8.05372619628906 8.17699146270752 8.1906270980835 8.19973468780518 8.19928169250488 8.19911003112793 8.19928169250488 8.19995880126953 8.201003074646 8.20267772674561 8.20461273193359 8.20490455627441 8.20487308502197 8.20001029968262 8.19514846801758 8.19204235076904 8.18966388702393 8.18984031677246 8.19107151031494 8.194260597229 8.20013427734375 8.20893383026123 8.21507167816162 8.21948909759521 8.22159099578857 8.22286224365234 8.2284574508667
-9999 -9999 -9999 -9999 -9999 -9999 -9999 -9999 -9999 -9999 -9999 -9999 -9999 -9999 7.71833896636963 7.74978590011597 7.8443660736084 7.90537643432617 7.90171575546265 7.9047703742981 8.05558490753174 8.17948436737061 8.19074153900146 8.19775867462158 8.19582366943359 8.19487285614014 8.19512462615967 8.19513416290283 8.19496726989746 8.19418525695801 8.19314956665039 8.19116592407227 8.18899631500244 8.18642425537109 8.18387031555176 8.18163013458252 8.17968463897705 8.17877864837646 8.17910861968994 8.18173408508301 8.18722820281982 8.1958475112915 8.20318794250488 8.20970249176025 8.2159538269043 8.2221097946167 8.23021984100342
8.18127059936523 -9999 -9999 -9999 -9999 -9999 -9999 -9999 -9999 -9999 7.93742370605469 7.69043922424316 -9999 -9999 -9999 7.73940896987915 7.79746961593628 7.87785863876343 7.90903663635254 7.91900491714478 8.06348419189453 8.18164539337158 8.18966197967529 8.19484615325928 8.19405364990234 8.19361400604248 8.19360828399658 8.19272708892822 8.1912088394165 8.18961429595947 8.18798923492432 8.18597030639648 8.18387317657471 8.18256282806396 8.18118762969971 8.17889213562012 8.17676162719727 8.17521476745605 8.17457485198975 8.17562103271484 8.17921257019043 8.18557739257812 8.19318294525146 8.20159244537354 8.21010780334473 8.21866130828857 8.22853946685791
8.18314552307129 8.18342208862305 -9999 -9999 -9999 -9999 -9999 -9999 -9999 -9999 8.06018829345703 7.9139723777771 7.69043922424316 -9999 -9999 7.72182893753052 7.79326915740967 7.87731027603149 7.90796232223511 7.94172525405884 8.07415866851807 8.18210887908936 8.18758964538574 8.19142913818359 8.19180297851562 8.19186115264893 8.19153594970703 8.1899299621582 8.18739223480225 8.18520832061768 8.18317031860352 8.18127155303955 8.17939949035645 8.17908477783203 8.17863178253174 8.17625904083252 8.17394924163818 8.17186260223389 8.17039012908936 8.17005729675293 8.17187213897705 8.17602634429932 8.18345546722412 8.19300365447998 8.20318412780762 8.21359348297119 8.22475051879883
8.18314552307129 8.18397521972656 8.17324638366699 8.16464328765869 -9999 -9999 -9999 -9999 -9999 -9999 -9999 8.02453804016113 7.87096309661865 7.69043922424316 7.70312881469727 7.72182893753052 7.79326915740967 7.87731027603149 7.94345283508301 8.0099630355835 8.09971809387207 8.1734619140625 8.18019580841064 8.18530368804932 8.18697452545166 8.18745517730713 8.18648338317871 8.18504428863525 8.18326473236084 8.18168354034424 8.18018341064453 8.17924118041992 8.17840766906738 8.17766284942627 8.1767520904541 8.17418670654297 8.17172813415527 8.16964626312256 8.16807270050049 8.16744232177734 8.16815662384033 8.170334815979 8.17521667480469 8.18184757232666 8.1904821395874 8.19983673095703 8.20965766906738
8.1805477142334 8.17572212219238 8.16860008239746 8.16468906402588 -9999 -9999 -9999 -9999 8.09797382354736 8.08786106109619 8.07239627838135 8.04958724975586 7.95163154602051 7.79219388961792 7.75318908691406 7.77123069763184 7.83305835723877 7.90534830093384 7.9882607460022 8.06995868682861 8.12335968017578 8.16790390014648 8.17538261413574 8.18122386932373 8.1836109161377 8.18428802490234 8.18287467956543 8.18155956268311 8.18031406402588 8.17910861968994 8.17791748046875 8.1775074005127 8.17725086212158 8.17618942260742 8.17496681213379 8.17245197296143 8.17004489898682 8.16801929473877 8.16637897491455 8.16545486450195 8.1652307510376 8.16576862335205 8.16832447052002 8.17218685150146 8.17873001098633 8.18623542785645 8.19432067871094
8.17145538330078 8.17018890380859 8.16812896728516 8.16468906402588 8.16064071655273 8.14398670196533 8.1275110244751 8.1119441986084 8.09797382354736 8.08786106109619 8.07239627838135 8.04958724975586 8.00358581542969 7.93860912322998 7.9284029006958 7.94413995742798 7.97232437133789 8.00348281860352 8.05636215209961 8.10935115814209 8.14220905303955 8.17006969451904 8.17701625823975 8.18226051330566 8.18391036987305 8.18421459197998 8.18287372589111 8.18157482147217 8.18030548095703 8.17890739440918 8.17745399475098 8.17651557922363 8.17567825317383 8.17458724975586 8.17341613769531 8.1715612411499 8.16970825195312 8.16786193847656 8.16624069213867 8.16503715515137 8.16428089141846 8.16401290893555 8.16479873657227 8.16626644134521 8.16935348510742 8.17302131652832 8.17837333679199
8.16813468933105 8.16893196105957 8.16970443725586 8.1670560836792 8.16365528106689 8.1493968963623 8.13518905639648 8.12124061584473 8.10854816436768 8.09888648986816 8.08541297912598 8.06670665740967 8.05436038970947 8.04721546173096 8.0525074005127 8.06368923187256 8.0721378326416 8.07993412017822 8.10997581481934 8.1406364440918 8.15805625915527 8.1731653213501 8.17860221862793 8.18253135681152 8.18328094482422 8.18310642242432 8.18180084228516 8.1806058883667 8.17948913574219 8.17815399169922 8.17672824859619 8.17553901672363 8.17439746856689 8.17336463928223 8.17230987548828 8.17099952697754 8.16962623596191 8.16802978515625 8.1665096282959 8.16513252258301 8.16403102874756 8.16323089599609 8.16283226013184 8.16269493103027 8.16330909729004 8.16419315338135 8.16696262359619
8.17297458648682 8.17372131347656 8.17416954040527 8.17276763916016 8.17093086242676 8.16245460510254 8.15372085571289 8.1436824798584 8.13407325744629 8.12550067901611 8.1168327331543 8.10803127288818 8.10346603393555 8.10236740112305 8.10435104370117 8.10779571533203 8.11617374420166 8.12573051452637 8.14310550689697 8.16045761108398 8.16965866088867 8.17757606506348 8.18011856079102 8.18172073364258 8.1813383102417 8.18053340911865 8.17921352386475 8.17824363708496 8.17753124237061 8.17662143707275 8.17563056945801 8.17458343505859 8.17352676391602 8.17267894744873 8.17183208465576 8.17090320587158 8.1699047088623 8.16865634918213 8.16735458374023 8.16595268249512 8.16476917266846 8.1638240814209 8.16307163238525 8.16244316101074 8.16197681427002 8.16156768798828 8.16196632385254
8.1750431060791 8.17574310302734 8.17618751525879 8.1754264831543 8.17440891265869 8.16978073120117 8.16481494903564 8.1581335067749 8.15136432647705 8.14438343048096 8.13898277282715 8.13575267791748 8.13511562347412 8.13660144805908 8.13711166381836 8.1371603012085 8.14379596710205 8.15200424194336 8.16165637969971 8.17107105255127 8.17557907104492 8.17929267883301 8.1796817779541 8.17957592010498 8.17842197418213 8.17720699310303 8.17591667175293 8.1751070022583 8.17464733123779 8.17419815063477 8.17375183105469 8.17315673828125 8.172532081604 8.17209529876709 8.17164707183838 8.17101001739502 8.17028903961182 8.16926956176758 8.16813182830811 8.16677379608154 8.16556072235107 8.16450500488281 8.16356372833252 8.16269588470459 8.16175174713135 8.16077995300293 8.15997695922852
8.17477703094482 8.17543506622314 8.17614364624023 8.17551422119141 8.1746883392334 8.17227935791016 8.16964435577393 8.16585731506348 8.16172313690186 8.15675354003906 8.15332698822021 8.15201663970947 8.15206336975098 8.15322017669678 8.15380191802979 8.1541109085083 8.15759563446045 8.16183853149414 8.16793060302734 8.17392921447754 8.17671394348145 8.17874240875244 8.17760181427002 8.17630767822266 8.17468547821045 8.17324447631836 8.17202377319336 8.1713171005249 8.17098426818848 8.17102336883545 8.17121601104736 8.17133235931396 8.17143440246582 8.17159748077393 8.17170906066895 8.17128753662109 8.17076206207275 8.16987323760986 8.16885471343994 8.16759586334229 8.16639709472656 8.16526126861572 8.16426944732666 8.16337203979492 8.1624584197998 8.16154003143311 8.16051959991455
8.17320156097412 8.17398834228516 8.17494297027588 8.17473411560059 8.17437744140625 8.17324066162109 8.17189025878906 8.16945838928223 8.16667747497559 8.16305446624756 8.16080284118652 8.16043472290039 8.16087245941162 8.16196918487549 8.16275215148926 8.16338539123535 8.16510009765625 8.16707324981689 8.17087173461914 8.17464351654053 8.17618179321289 8.17707824707031 8.17528915405273 8.17347812652588 8.17161655426025 8.17007541656494 8.16892242431641 8.16843223571777 8.16842365264893 8.16900157928467 8.16982269287109 8.17053127288818 8.171217918396 8.17156600952148 8.17182922363281 8.17137908935547 8.17084503173828 8.17001724243164 8.16906452178955 8.16788005828857 8.16666316986084 8.1654109954834 8.16433334350586 8.16336727142334 8.16252517700195 8.16172790527344 8.16083431243896
8.17098426818848 8.17198371887207 8.17317390441895 8.17352867126465 8.17377758026123 8.17344760894775 8.17287254333496 8.17104244232178 8.16898632049561 8.16638374328613 8.16491794586182 8.16501235961914 8.16569900512695 8.16686820983887 8.16791439056396 8.16890239715576 8.16952323913574 8.17005729675293 8.1721830368042 8.17430782318115 8.17483234405518 8.17486953735352 8.1728630065918 8.17086315155029 8.16887474060059 8.16729354858398 8.16621017456055 8.16599082946777 8.16640090942383 8.16754341125488 8.16898822784424 8.17023086547852 8.17143440246582 8.17176342010498 8.17197799682617 8.17138004302979 8.17073726654053 8.16993713378906 8.16902351379395 8.16790008544922 8.16665077209473 8.16526508331299 8.16408157348633 8.16302871704102 8.162278175354 8.16163539886475 8.16103744506836
8.16730213165283 8.16906452178955 8.17102527618408 8.17202091217041 8.17288589477539 8.17289066314697 8.17270946502686 8.17157554626465 8.17020130157471 8.16824722290039 8.16725730895996 8.16759014129639 8.16833591461182 8.16942119598389 8.17022132873535 8.17088794708252 8.17115211486816 8.17132091522217 8.17252731323242 8.1737060546875 8.17343521118164 8.17282676696777 8.17080497741699 8.16885089874268 8.16703605651855 8.16553688049316 8.16442394256592 8.16459655761719 8.16570472717285 8.16742134094238 8.16938972473145 8.17059516906738 8.17164993286133 8.17153358459473 8.17130279541016 8.17037391662598 8.16945934295654 8.16859817504883 8.16763401031494 8.16647720336914 8.16524887084961 8.16394233703613 8.16278743743896 8.1617317199707 8.16105937957764 8.16052532196045 8.16023445129395
