Ecospace-environmental-drivers/Outputs/ASCII-for-ecospace/MOM6-ISIMIP3a/ph/1992-05_ph_MOM6-ISIMIP3a.asc
NCOLS 131 
NROWS 53 
XLLCORNER -98 
YLLCORNER 23.9265270233154 
CELLSIZE 0.133587792515755 
NODATA_value -9999 
[rows 21 to 41 of 53, columns 0 to 46 of 131]
-9999 -9999 -9999 -9999 -9999 -9999 8.13609409332275 8.13629531860352 8.13689517974854 8.13771057128906 8.13828086853027 8.13729953765869 8.13883304595947 8.14340114593506 8.14775466918945 8.1518611907959 8.15531349182129 8.15831661224365 8.15985012054443 8.16081619262695 8.16136741638184 8.16184425354004 8.16167640686035 8.16144371032715 8.16077899932861 8.16019821166992 8.15988826751709 8.159499168396 8.15897560119629 8.15856647491455 8.15827560424805 8.15818691253662 8.15822124481201 8.15829372406006 8.15837955474854 8.15809345245361 8.15775680541992 8.15757942199707 8.15743637084961 8.15750789642334 8.15771675109863 8.15830993652344 8.15916442871094 8.16042232513428 8.16150665283203 8.16243362426758 8.16299819946289
-9999 -9999 -9999 -9999 -9999 -9999 8.13608741760254 8.13609409332275 8.13649654388428 8.13727951049805 8.13771057128906 8.13983345031738 8.14278221130371 8.14736652374268 8.15127372741699 8.15439987182617 8.156907081604 8.15898990631104 8.15986633300781 8.1602783203125 8.16048812866211 8.1606616973877 8.1604061126709 8.16008949279785 8.15934276580811 8.1586332321167 8.15804195404053 8.15747356414795 8.15694522857666 8.15659713745117 8.15643310546875 8.15634441375732 8.15630054473877 8.15619850158691 8.15607643127441 8.15572834014893 8.155348777771 8.15502548217773 8.15472793579102 8.15460205078125 8.15455913543701 8.15474510192871 8.15511798858643 8.1557788848877 8.15648651123047 8.15723609924316 8.15755653381348
-9999 -9999 -9999 -9999 8.1397533416748 8.13730907440186 8.13603115081787 8.13613796234131 8.13609409332275 8.1368989944458 8.1384162902832 8.14266490936279 8.14693641662598 8.15125370025635 8.15447807312012 8.1564416885376 8.15790939331055 8.15903568267822 8.15934467315674 8.15933704376221 8.15938186645508 8.1594352722168 8.15917301177979 8.15884780883789 8.15804767608643 8.15723896026611 8.15640163421631 8.15567016601562 8.15512180328369 8.15482234954834 8.1547794342041 8.15472316741943 8.1546573638916 8.1544075012207 8.15409660339355 8.15371799468994 8.15332984924316 8.15291690826416 8.15252113342285 8.1522388458252 8.15198516845703 8.15180969238281 8.15173149108887 8.15180492401123 8.15211200714111 8.15263271331787 8.15270709991455
-9999 -9999 -9999 -9999 8.14528560638428 8.14038753509521 8.13858699798584 8.13603115081787 8.13628959655762 8.13957691192627 8.14301300048828 8.14701843261719 8.15099716186523 8.15492534637451 8.15739250183105 8.15817260742188 8.1586389541626 8.15888786315918 8.15878105163574 8.15853691101074 8.15854740142822 8.15860271453857 8.15835571289062 8.15806007385254 8.15742301940918 8.15681457519531 8.15630054473877 8.15565586090088 8.15478229522705 8.15409564971924 8.15360164642334 8.15371417999268 8.15419769287109 8.15408515930176 8.15377330780029 8.15334033966064 8.15289115905762 8.15244007110596 8.15197372436523 8.15141296386719 8.15093517303467 8.15068817138672 8.15050315856934 8.15041351318359 8.15015316009521 8.14973545074463 8.1496114730835
-9999 -9999 -9999 -9999 -9999 8.14528560638428 8.14164733886719 8.14114284515381 8.13754081726074 8.14284896850586 8.14784812927246 8.15166568756104 8.15530014038086 8.15857124328613 8.16007041931152 8.15952396392822 8.15891170501709 8.15825462341309 8.15774536132812 8.15729331970215 8.15729713439941 8.15738105773926 8.1572151184082 8.15701580047607 8.15658664703369 8.15620613098145 8.15598297119141 8.15545082092285 8.15437984466553 8.15341758728027 8.15256595611572 8.1527214050293 8.15349102020264 8.15356159210205 8.15340042114258 8.15290641784668 8.15236568450928 8.15183162689209 8.15125274658203 8.15038681030273 8.14965915679932 8.14931774139404 8.14898777008057 8.14867782592773 8.14785861968994 8.14657211303711 8.14626312255859
-9999 -9999 -9999 -9999 -9999 8.14725780487061 8.14528560638428 8.14412975311279 8.14342498779297 8.14872646331787 8.15373134613037 8.1576042175293 8.16066074371338 8.1621036529541 8.16171360015869 8.15920829772949 8.15718460083008 8.15549087524414 8.15463733673096 8.15410804748535 8.154221534729 8.15444755554199 8.15465927124023 8.15484619140625 8.15482521057129 8.15479183197021 8.15471744537354 8.15441036224365 8.15369701385498 8.15294551849365 8.15215492248535 8.15179538726807 8.15169906616211 8.1521635055542 8.15281391143799 8.1522216796875 8.15145683288574 8.15064811706543 8.14977359771729 8.14848327636719 8.1473913192749 8.14685249328613 8.14621639251709 8.145432472229 8.14409255981445 8.14224243164062 8.14180850982666
-9999 -9999 8.15112018585205 8.15077304840088 8.15053939819336 8.14923286437988 8.14725589752197 8.14812660217285 8.1494836807251 8.15478801727295 8.15963077545166 8.1627082824707 8.16448783874512 8.16370105743408 8.16139221191406 8.15732574462891 8.1543025970459 8.1519947052002 8.15100955963135 8.15053558349609 8.15078258514404 8.15115642547607 8.15176391601562 8.15235614776611 8.15278720855713 8.1531400680542 8.153244972229 8.15318584442139 8.15284061431885 8.15235137939453 8.15171241760254 8.15107822418213 8.15044689178467 8.15102291107178 8.15200138092041 8.15124034881592 8.15023803710938 8.14914131164551 8.14796829223633 8.146315574646 8.14489459991455 8.14411926269531 8.14322471618652 8.14214706420898 8.14058208465576 8.13856983184814 8.13808536529541
-9999.000000000000000 -9999 -9999 -9999 8.15254688262939 8.15184688568115 8.15305137634277 8.15432643890381 8.15592384338379 8.16125297546387 8.16556549072266 8.16599178314209 8.16496849060059 8.16107845306396 8.15678405761719 8.15202331542969 8.14890003204346 8.14690113067627 8.14624881744385 8.14611721038818 8.14655113220215 8.14708518981934 8.14812564849854 8.14916801452637 8.15014362335205 8.15097141265869 8.15132236480713 8.15156078338623 8.15160465240479 8.15148735046387 8.15120506286621 8.15081882476807 8.15036964416504 8.15044593811035 8.15069770812988 8.14961528778076 8.14834785461426 8.14692878723145 8.14544868469238 8.14357376098633 8.14190292358398 8.14080238342285 8.13975143432617 8.13877773284912 8.13763236999512 8.13633060455322 8.13595771789551
-9999 -9999 -9999 -9999 8.15501689910889 8.15656089782715 8.15651321411133 8.15894889831543 8.16169738769531 8.16657638549805 8.16990661621094 8.16731452941895 8.16352939605713 8.15738391876221 8.15191745758057 8.14723682403564 8.14442729949951 8.14290237426758 8.14257621765137 8.1427116394043 8.14325904846191 8.14387989044189 8.14510631561279 8.1463565826416 8.14770126342773 8.14888668060303 8.14955806732178 8.15014171600342 8.15057373046875 8.1507740020752 8.15073585510254 8.15061664581299 8.15044784545898 8.15004253387451 8.14955806732178 8.14809703826904 8.14650058746338 8.14468193054199 8.14282417297363 8.14071083068848 8.13881969451904 8.13754177093506 8.13646125793457 8.13568496704102 8.1349515914917 8.13425731658936 8.13405227661133
-9999 -9999 -9999 -9999 8.15660095214844 8.15664196014404 8.1566915512085 8.16158485412598 8.16663074493408 8.1704626083374 8.17224311828613 8.16616821289062 8.15967178344727 8.15234088897705 8.146728515625 8.14309883117676 8.14112186431885 8.14028072357178 8.1402702331543 8.14057922363281 8.14114761352539 8.14176177978516 8.14286518096924 8.14401912689209 8.14551162719727 8.14690780639648 8.14799308776855 8.14898204803467 8.14980125427246 8.15024948120117 8.150315284729 8.15048694610596 8.15072441101074 8.14985847473145 8.14862537384033 8.14671421051025 8.14470767974854 8.14239025115967 8.14006614685059 8.13769626617432 8.13561916351318 8.134352684021 8.13340282440186 8.13294219970703 8.13260841369629 8.13239097595215 8.13242816925049
-9999 -9999 -9999 -9999 8.15664196014404 8.15670204162598 8.15677261352539 8.16346549987793 8.17011642456055 8.17213821411133 8.1720666885376 8.16397953033447 8.15611934661865 8.14870929718018 8.14345359802246 8.1406831741333 8.13929557800293 8.13885879516602 8.13908195495605 8.13956165313721 8.14013767242432 8.14073181152344 8.14167499542236 8.1426830291748 8.14416027069092 8.14561367034912 8.14698696136475 8.14824295043945 8.14929389953613 8.14988136291504 8.14999103546143 8.15012168884277 8.15026473999023 8.14903926849365 8.14735794067383 8.14490795135498 8.1423511505127 8.13962078094482 8.13695240020752 8.13467693328857 8.13273048400879 8.1317024230957 8.13098907470703 8.13076210021973 8.13066005706787 8.13067245483398 8.13080596923828
-9999 -9999 -9999 -9999 8.15670585632324 8.15677261352539 8.16444683074951 8.16477870941162 8.17251586914062 8.17215633392334 8.17000770568848 8.16100692749023 8.15279293060303 8.1461353302002 8.14161491394043 8.13955974578857 8.13857841491699 8.13833522796631 8.13873386383057 8.13937950134277 8.13995456695557 8.14051818847656 8.14127445220947 8.14209651947021 8.1434383392334 8.14483261108398 8.14640045166016 8.1478214263916 8.14898586273193 8.14962959289551 8.14973831176758 8.14957809448242 8.14925479888916 8.14774417877197 8.14583969116211 8.14278411865234 8.13957118988037 8.13649368286133 8.13357257843018 8.13165187835693 8.13007545471191 8.12945652008057 8.12905883789062 8.12900352478027 8.12900733947754 8.12906551361084 8.12918567657471
-9999 -9999 -9999 -9999 8.15677261352539 8.16563415527344 8.16999340057373 8.17277145385742 8.17264747619629 8.17007160186768 8.16617202758789 8.15720462799072 8.14940738677979 8.1439266204834 8.14027404785156 8.13873386383057 8.13805675506592 8.13797283172607 8.13857173919678 8.13943481445312 8.14019107818604 8.14092922210693 8.14164638519287 8.14241409301758 8.1436071395874 8.14486694335938 8.14634037017822 8.14759731292725 8.14847755432129 8.14890193939209 8.1488561630249 8.14841556549072 8.14773559570312 8.14576244354248 8.1433572769165 8.13985919952393 8.13621520996094 8.13336849212646 8.13072204589844 8.12935066223145 8.12824535369873 8.12788105010986 8.12764644622803 8.12760925292969 8.12761402130127 8.12765598297119 8.12772369384766
-9999 -9999 -9999 -9999 -9999 8.1702241897583 8.17132377624512 8.17243099212646 8.17180728912354 8.16708564758301 8.16157531738281 8.15304660797119 8.14599704742432 8.14187240600586 8.13914680480957 8.13803577423096 8.13761901855469 8.13767910003662 8.13849067687988 8.13959217071533 8.1406078338623 8.14160823822021 8.14234924316406 8.14311790466309 8.14415836334229 8.14525032043457 8.14650535583496 8.14745903015137 8.14788436889648 8.14796924591064 8.14770317077637 8.14698791503906 8.14599990844727 8.14348602294922 8.14046287536621 8.1365909576416 8.13261318206787 8.13024520874023 8.12809753417969 8.12735748291016 8.1267671585083 8.12659358978271 8.12645435333252 8.12637138366699 8.12633037567139 8.12633037567139 8.12632942199707
-9999 -9999 -9999 -9999 -9999 8.16851615905762 8.16935634613037 8.16876792907715 8.16848564147949 8.16238594055176 8.15611457824707 8.1491870880127 8.14355945587158 8.1405029296875 8.13845348358154 8.13756465911865 8.13723659515381 8.13729190826416 8.13816738128662 8.13936042785645 8.14055252075195 8.14174365997314 8.14262580871582 8.14349746704102 8.14433574676514 8.1452112197876 8.14620780944824 8.14689445495605 8.14704132080078 8.14681625366211 8.14620780944824 8.14502239227295 8.14348602294922 8.14049053192139 8.1370096206665 8.13360977172852 8.13023376464844 8.12853050231934 8.12698841094971 8.12647533416748 8.12604904174805 8.12586688995361 8.12570762634277 8.12558650970459 8.1254940032959 8.12542819976807 8.12537288665771
-9999 -9999 -9999 -9999 -9999 8.1643590927124 8.16486740112305 8.1668701171875 8.16465187072754 8.1573314666748 8.15047454833984 8.14538955688477 8.14132308959961 8.13927459716797 8.13784885406494 8.13714122772217 8.13686466217041 8.13688468933105 8.13779449462891 8.13904857635498 8.14039993286133 8.14176750183105 8.14281463623047 8.14380931854248 8.14443492889404 8.14508533477783 8.14581394195557 8.14624309539795 8.14614677429199 8.14561748504639 8.1446418762207 8.14294624328613 8.1408109664917 8.13734817504883 8.13344097137451 8.13068866729736 8.12810611724854 8.12710762023926 8.12619400024414 8.12582206726074 8.12548732757568 8.1252555847168 8.12505340576172 8.1248950958252 8.12474822998047 8.12461280822754 8.12450695037842
-9999 -9999 -9999 -9999 -9999 -9999 8.15885353088379 8.15896511077881 8.15840911865234 8.15219116210938 8.14652347564697 8.14296531677246 8.14008140563965 8.13853168487549 8.13741397857666 8.136794090271 8.13650417327881 8.13644027709961 8.13718223571777 8.1382360458374 8.13953876495361 8.14088439941406 8.14194202423096 8.14294624328613 8.14356231689453 8.14416408538818 8.14471912384033 8.14498710632324 8.14475536346436 8.14388084411621 8.14234256744385 8.14023113250732 8.13776874542236 8.13468933105469 8.13140296936035 8.12944221496582 8.12767124176025 8.12691688537598 8.12619876861572 8.12572193145752 8.12528419494629 8.12495613098145 8.12468147277832 8.12448883056641 8.12432956695557 8.12419891357422 8.1240758895874
-9999 -9999 -9999 -9999 -9999 -9999 8.15270805358887 8.15072631835938 8.15222454071045 8.14722156524658 8.1428165435791 8.14070129394531 8.13892841339111 8.13783359527588 8.13699531555176 8.13645362854004 8.13614368438721 8.1359920501709 8.13655757904053 8.13740062713623 8.13863849639893 8.13994598388672 8.14101028442383 8.14202117919922 8.14262962341309 8.1431884765625 8.14358711242676 8.14369773864746 8.14330577850342 8.14208793640137 8.14002227783203 8.13755416870117 8.134840965271 8.13220500946045 8.12959575653076 8.12838649749756 8.12737274169922 8.12681579589844 8.12625217437744 8.12565517425537 8.12510204315186 8.12467384338379 8.1243257522583 8.12410068511963 8.12393093109131 8.12381172180176 8.12367534637451
-9999 -9999 -9999 -9999 -9999 -9999 8.14780330657959 8.14843273162842 8.14780902862549 8.14412021636963 8.14090156555176 8.13948345184326 8.13824844360352 8.13737487792969 8.1366662979126 8.13614654541016 8.13578319549561 8.13552665710449 8.13592338562012 8.13657188415527 8.13766670227051 8.13883972167969 8.13994884490967 8.14099407196045 8.14152336120605 8.14201831817627 8.14240646362305 8.14233493804932 8.14145946502686 8.13996028900146 8.13782024383545 8.13558959960938 8.13330459594727 8.13135719299316 8.1295223236084 8.12856197357178 8.12772464752197 8.12708950042725 8.12643623352051 8.12567234039307 8.12496948242188 8.124436378479 8.12401580810547 8.1237678527832 8.12360191345215 8.12351131439209 8.1234073638916
-9999 -9999 -9999 -9999 -9999 8.14466953277588 8.14498233795166 8.14424991607666 8.14365482330322 8.14125728607178 8.13918495178223 8.13835716247559 8.13758373260498 8.13691997528076 8.13633441925049 8.13583755493164 8.13542461395264 8.13506889343262 8.1353006362915 8.13575839996338 8.13670444488525 8.13773632049561 8.13885593414307 8.13990783691406 8.14037322998047 8.14080810546875 8.14114093780518 8.14090061187744 8.13966083526611 8.13799667358398 8.13589572906494 8.13394927978516 8.1320972442627 8.1307487487793 8.1295690536499 8.12879943847656 8.12808704376221 8.12735080718994 8.1265926361084 8.12568759918213 8.12485313415527 8.12421703338623 8.12372207641602 8.12344741821289 8.12327861785889 8.12320709228516 8.12313365936279
-9999 -9999 -9999 -9999 8.14710140228271 8.14515781402588 8.14466953277588 8.142578125 8.14045715332031 8.1392707824707 8.13819885253906 8.13756275177002 8.13697338104248 8.13647651672363 8.13599109649658 8.13551807403564 8.13507175445557 8.1346435546875 8.13472557067871 8.1350040435791 8.13577938079834 8.13664150238037 8.1376485824585 8.13860130310059 8.13906574249268 8.13944816589355 8.13956260681152 8.13920879364014 8.13803577423096 8.13663005828857 8.13498687744141 8.13349533081055 8.1320972442627 8.13102340698242 8.13005638122559 8.1292610168457 8.12848854064941 8.1275691986084 8.1266450881958 8.12569427490234 8.12479972839355 8.12406539916992 8.12349224090576 8.12317085266113 8.12297439575195 8.12289333343506 8.12284469604492
