Ecospace-environmental-drivers/Outputs/ASCII-for-ecospace/MOM6-ISIMIP3a/ph/1992-09_ph_MOM6-ISIMIP3a.asc
NCOLS 131 
NROWS 53 
XLLCORNER -98 
YLLCORNER 23.9265270233154 
CELLSIZE 0.133587792515755 
NODATA_value -9999 
[rows 21 to 41 of 53, columns 47 to 93 of 131]
8.12402629852295 8.12519264221191 8.12633800506592 8.12774085998535 8.12918663024902 8.13111400604248 8.13308811187744 8.13530349731445 8.13757228851318 8.13996887207031 8.14203643798828 8.14365196228027 8.14476013183594 8.14545249938965 8.14464950561523 8.14313888549805 8.1407995223999 8.13826274871826 8.13553333282471 8.13285255432129 8.1310567855835 8.12942695617676 8.12849044799805 8.12804794311523 8.12864971160889 8.12981796264648 8.13167858123779 8.13347244262695 8.13521671295166 8.13638401031494 8.1373119354248 8.13844108581543 8.13961124420166 8.14119052886963 8.14281940460205 8.14479064941406 8.14652156829834 8.14741230010986 8.14796829223633 8.14790344238281 8.1473388671875 8.14623069763184 8.14477157592773 8.14308452606201 8.14209175109863 8.14134788513184 8.13995265960693
8.11744499206543 8.11837482452393 8.11926555633545 8.12024211883545 8.12123966217041 8.1225414276123 8.1238842010498 8.12543487548828 8.12711524963379 8.12910556793213 8.13094329833984 8.13257122039795 8.13396167755127 8.13515949249268 8.13528347015381 8.13489818572998 8.13372802734375 8.1323709487915 8.13083553314209 8.12931156158447 8.1281099319458 8.12701797485352 8.12638092041016 8.12620544433594 8.12700843811035 8.12837409973145 8.13042736053467 8.13218116760254 8.13371849060059 8.13479995727539 8.13569355010986 8.1369047164917 8.13817882537842 8.14015769958496 8.14215755462646 8.14410972595215 8.14580249786377 8.14658641815186 8.14701271057129 8.14677619934082 8.14613723754883 8.14505958557129 8.14374923706055 8.14228916168213 8.14109230041504 8.13998985290527 8.13828754425049
8.11117553710938 8.11193466186523 8.11263275146484 8.11322689056396 8.11381435394287 8.11451721191406 8.1152515411377 8.11614608764648 8.11722564697266 8.11875534057617 8.12029647827148 8.12185382843018 8.12342739105225 8.12501430511475 8.12601757049561 8.12674427032471 8.12675380706787 8.12659168243408 8.12626838684082 8.12591648101807 8.12531852722168 8.1247673034668 8.12441253662109 8.12448787689209 8.12547016143799 8.12701416015625 8.12924385070801 8.13094329833984 8.13225650787354 8.13325595855713 8.13412380218506 8.13540077209473 8.13675689697266 8.1391077041626 8.14145088195801 8.14335346221924 8.14498615264893 8.14566898345947 8.14597702026367 8.14558982849121 8.1448974609375 8.14387035369873 8.14270973205566 8.14146327972412 8.14004993438721 8.13857650756836 8.13656806945801
8.10615062713623 8.10680675506592 8.10743045806885 8.10798740386963 8.10854053497314 8.10915660858154 8.10977458953857 8.1104040145874 8.11114406585693 8.11215209960938 8.11331939697266 8.11470794677734 8.11632442474365 8.11812877655029 8.11976432800293 8.12131977081299 8.12214279174805 8.1227912902832 8.12313938140869 8.12342643737793 8.12313175201416 8.12286758422852 8.12273025512695 8.12296485900879 8.12398338317871 8.12557029724121 8.12785339355469 8.12942504882812 8.13047885894775 8.13141441345215 8.13230228424072 8.13363361358643 8.13505172729492 8.13760662078857 8.14012813568115 8.14190292358398 8.1434326171875 8.14409828186035 8.14438533782959 8.14396858215332 8.14333057403564 8.14245128631592 8.14146137237549 8.14039897918701 8.13893222808838 8.13732051849365 8.13515663146973
8.10188293457031 8.10239887237549 8.10290431976318 8.10337257385254 8.10383796691895 8.10433578491211 8.10481643676758 8.10521793365479 8.10566997528076 8.10624599456787 8.10708713531494 8.10829162597656 8.10990619659424 8.11185550689697 8.11400508880615 8.11624908447266 8.11776733398438 8.11911201477051 8.11999034881592 8.12078285217285 8.12079429626465 8.12082386016846 8.12093257904053 8.12134552001953 8.12239742279053 8.12399578094482 8.12626266479492 8.12772464752197 8.12859916687012 8.12948989868164 8.13038635253906 8.13174629211426 8.13319778442383 8.13591480255127 8.13857841491699 8.1402530670166 8.14170742034912 8.14238548278809 8.14268207550049 8.14227294921875 8.14170551300049 8.14096546173096 8.14013671875 8.13925075531006 8.13776588439941 8.13606452941895 8.13377380371094
8.10093688964844 8.10114574432373 8.10134220123291 8.10149192810059 8.10164070129395 8.10188007354736 8.10213565826416 8.10246753692627 8.10286140441895 8.10340118408203 8.10411739349365 8.10507774353027 8.10648632049561 8.10826396942139 8.11041259765625 8.11273765563965 8.11442756652832 8.11596584320068 8.11675834655762 8.11747264862061 8.11779689788818 8.11815071105957 8.11862850189209 8.11930084228516 8.12038230895996 8.12185001373291 8.1237907409668 8.12521934509277 8.12627410888672 8.12719440460205 8.1280574798584 8.12933444976807 8.13069248199463 8.13338565826416 8.13603019714355 8.13772678375244 8.13922786712646 8.14004325866699 8.1404914855957 8.14025688171387 8.13982772827148 8.13918781280518 8.13848304748535 8.13773822784424 8.13638401031494 8.13481140136719 8.13251781463623
8.09976959228516 8.09976291656494 8.09976291656494 8.09975242614746 8.09974670410156 8.09989452362061 8.10007953643799 8.10045528411865 8.1008996963501 8.10151386260986 8.10220146179199 8.10298919677734 8.10413837432861 8.10558223724365 8.10739898681641 8.1093921661377 8.11092853546143 8.11235427856445 8.11300563812256 8.11359596252441 8.11408519744873 8.11460208892822 8.11523628234863 8.11600494384766 8.11705780029297 8.11838436126709 8.12004280090332 8.12146472930908 8.12271499633789 8.12382125854492 8.1248664855957 8.12622547149658 8.12764549255371 8.13032627105713 8.13296699523926 8.13476753234863 8.13639640808105 8.13742828369141 8.13809108734131 8.13806915283203 8.13778686523438 8.1372184753418 8.13664150238037 8.13605976104736 8.13488674163818 8.13350105285645 8.13127136230469
8.09811782836914 8.09810066223145 8.09814357757568 8.09832000732422 8.09851741790771 8.09893226623535 8.09938812255859 8.10004901885986 8.10078907012939 8.10171890258789 8.10258293151855 8.10335922241211 8.10412502288818 8.10488319396973 8.10564613342285 8.10641193389893 8.10708141326904 8.10772895812988 8.10811519622803 8.10848140716553 8.10881233215332 8.1091423034668 8.10946655273438 8.10997772216797 8.11087894439697 8.11203765869141 8.11351013183594 8.11498546600342 8.11646270751953 8.11809635162354 8.11979389190674 8.12159633636475 8.12341785430908 8.12611198425293 8.1287784576416 8.13086414337158 8.1328010559082 8.13421535491943 8.13523101806641 8.13550758361816 8.13538646697998 8.13483238220215 8.13438987731934 8.13401985168457 8.13313579559326 8.13206768035889 8.13004589080811
8.09656620025635 8.09672164916992 8.09694576263428 8.09735298156738 8.0977897644043 8.09848976135254 8.09922122955322 8.10011005401611 8.10102558135986 8.1020040512085 8.10276794433594 8.10323619842529 8.10345458984375 8.10346794128418 8.10328388214111 8.10300636291504 8.10285949707031 8.10274410247803 8.10268974304199 8.10264492034912 8.1026725769043 8.10269927978516 8.1027193069458 8.10295963287354 8.10366344451904 8.10463619232178 8.10593700408936 8.10745811462402 8.10913944244385 8.11123657226562 8.11350536346436 8.11580181121826 8.11810302734375 8.12138366699219 8.12460327148438 8.12687110900879 8.1290168762207 8.13073539733887 8.13208675384521 8.13275623321533 8.13287830352783 8.13240528106689 8.13207626342773 8.13184070587158 8.13116264343262 8.13032627105713 8.12847805023193
8.09514045715332 8.09569835662842 8.09627628326416 8.09697341918945 8.09769344329834 8.09870147705078 8.09971618652344 8.1007604598999 8.10170078277588 8.10239315032959 8.10270404815674 8.10249423980713 8.10195636749268 8.10115242004395 8.10015392303467 8.09906482696533 8.09816360473633 8.0973072052002 8.09659099578857 8.09589958190918 8.09544372558594 8.09502124786377 8.09474086761475 8.09469509124756 8.09514331817627 8.09590721130371 8.09705543518066 8.09861278533936 8.10046768188477 8.10294818878174 8.10568809509277 8.10854148864746 8.11141872406006 8.11600875854492 8.12044525146484 8.12276363372803 8.12499523162842 8.12692070007324 8.12858486175537 8.12976741790771 8.13023471832275 8.12992382049561 8.12968349456787 8.12948703765869 8.12891006469727 8.12819671630859 8.12648105621338
8.09473133087158 8.09566020965576 8.09656810760498 8.09745693206787 8.09834861755371 8.09934043884277 8.1002893447876 8.10101985931396 8.10156631469727 8.10166835784912 8.10138988494873 8.10058784484863 8.09945392608643 8.09804821014404 8.09644889831543 8.09475898742676 8.0934419631958 8.0922155380249 8.09123229980469 8.09029102325439 8.08971118927002 8.08918762207031 8.08889865875244 8.08880424499512 8.08911895751953 8.08970737457275 8.09062957763672 8.09198760986328 8.09366321563721 8.09610080718994 8.09885311126709 8.10173225402832 8.10463523864746 8.10982608795166 8.11487293243408 8.11769866943359 8.12041473388672 8.12274360656738 8.12487506866455 8.12664031982422 8.12756252288818 8.12756443023682 8.12742614746094 8.12719821929932 8.12662506103516 8.12592697143555 8.12422657012939
8.09508419036865 8.09636116027832 8.097580909729 8.09858894348145 8.09956645965576 8.10029888153076 8.10092163085938 8.10098743438721 8.1008243560791 8.1001091003418 8.09913635253906 8.09780883789062 8.0961971282959 8.09435272216797 8.09231185913086 8.09017753601074 8.08870124816895 8.08738136291504 8.08642959594727 8.08553600311279 8.08510303497314 8.08473873138428 8.08465957641602 8.08469295501709 8.08496570587158 8.08540439605713 8.08604621887207 8.08702850341797 8.08825969696045 8.09033393859863 8.0927562713623 8.09525966644287 8.0977783203125 8.10303783416748 8.10824203491211 8.11191558837891 8.11541366577148 8.11829471588135 8.12100791931152 8.12341117858887 8.12486839294434 8.12529563903809 8.12527275085449 8.12495708465576 8.1243143081665 8.12355327606201 8.12178039550781
8.09587001800537 8.09706974029541 8.09817504882812 8.09890079498291 8.09956836700439 8.09974765777588 8.09981155395508 8.09929180145264 8.09858989715576 8.09744358062744 8.09609889984131 8.09448051452637 8.09263610839844 8.09060764312744 8.08856201171875 8.08650970458984 8.08528232574463 8.08425235748291 8.0837230682373 8.08325099945068 8.08312320709229 8.08304882049561 8.08319664001465 8.08337211608887 8.08360576629639 8.08388519287109 8.08422088623047 8.08477592468262 8.08548927307129 8.08696365356445 8.08875370025635 8.09082984924316 8.09296321868896 8.097243309021 8.10156345367432 8.10549831390381 8.10938739776611 8.11311340332031 8.11664009094238 8.11979675292969 8.12190628051758 8.12287712097168 8.12309074401855 8.1228141784668 8.12210083007812 8.12123107910156 8.11930465698242
8.09684181213379 8.09778213500977 8.09858989715576 8.0988597869873 8.09904956817627 8.09854888916016 8.09795379638672 8.09688472747803 8.09571552276611 8.09430408477783 8.09272480010986 8.09091567993164 8.08894443511963 8.08684062957764 8.08497905731201 8.08323192596436 8.08243083953857 8.08185482025146 8.08191394805908 8.08202457427979 8.0822696685791 8.08254051208496 8.08292388916016 8.0832462310791 8.08344173431396 8.08355808258057 8.08357906341553 8.08368301391602 8.08384609222412 8.08462142944336 8.08564949035645 8.08727645874023 8.08902168273926 8.09187412261963 8.09486484527588 8.09881114959717 8.1029224395752 8.1076192855835 8.11205768585205 8.11601734161377 8.11882972717285 8.12039470672607 8.12089729309082 8.12071228027344 8.11992835998535 8.11893081665039 8.11681652069092
8.09637069702148 8.0968542098999 8.09717559814453 8.09697151184082 8.09669399261475 8.09589385986328 8.0950288772583 8.09383964538574 8.09256172180176 8.09106922149658 8.08947467803955 8.08773994445801 8.08599281311035 8.08423614501953 8.08290767669678 8.08178234100342 8.08136081695557 8.08110809326172 8.0814037322998 8.08174324035645 8.08216857910156 8.08259773254395 8.08304023742676 8.08336067199707 8.08342552185059 8.08339214324951 8.08324146270752 8.0831241607666 8.08303070068359 8.08336448669434 8.0838737487793 8.08515071868896 8.08657836914062 8.08881378173828 8.09116458892822 8.09434509277344 8.09786701202393 8.1025915145874 8.10731601715088 8.11204242706299 8.115553855896 8.11774349212646 8.11860942840576 8.11861896514893 8.11781024932861 8.11670684814453 8.11432647705078
8.09560108184814 8.09558582305908 8.095383644104 8.09470176696777 8.09395885467529 8.09293746948242 8.09188270568848 8.09066295623779 8.0893497467041 8.087815284729 8.08624935150146 8.08464336395264 8.0831937789917 8.08187198638916 8.08115005493164 8.08071136474609 8.08065986633301 8.08070182800293 8.08116245269775 8.08165740966797 8.08222389221191 8.08277130126953 8.08323669433594 8.08352565765381 8.08343982696533 8.08326053619385 8.08296680450439 8.08267593383789 8.08238697052002 8.08233165740967 8.08237361907959 8.08331966400146 8.08444404602051 8.08623123168945 8.08808422088623 8.09033870697021 8.09310245513916 8.09766006469727 8.10254192352295 8.10802745819092 8.11223697662354 8.11505794525146 8.11630249023438 8.11652851104736 8.11570262908936 8.11450004577637 8.11183643341064
8.09353733062744 8.09319686889648 8.09270286560059 8.09194660186768 8.09115600585938 8.09019470214844 8.08920383453369 8.0880708694458 8.08685874938965 8.08545589447021 8.08413505554199 8.08292388916016 8.0818977355957 8.08102321624756 8.08063125610352 8.08046722412109 8.08060932159424 8.08082389831543 8.08134174346924 8.08188629150391 8.08250331878662 8.08306694030762 8.08341121673584 8.08355712890625 8.08328342437744 8.08292484283447 8.0824613571167 8.08204746246338 8.08166980743408 8.08148860931396 8.08138847351074 8.08203983306885 8.08283805847168 8.08456230163574 8.08633232116699 8.08821582794189 8.09053230285645 8.0943717956543 8.09884071350098 8.10447692871094 8.1090612411499 8.11249828338623 8.11410236358643 8.11452007293701 8.11359882354736 8.11219596862793 8.10953235626221
8.09147262573242 8.09084033966064 8.09008312225342 8.08925914764404 8.08842658996582 8.08753204345703 8.08661651611328 8.08559608459473 8.08451271057129 8.08327865600586 8.08221435546875 8.08138561248779 8.08075904846191 8.08030033111572 8.08020877838135 8.08028984069824 8.08060646057129 8.08097839355469 8.08154487609863 8.08212947845459 8.08279037475586 8.08336544036865 8.08357810974121 8.08357334136963 8.08310985565186 8.08256816864014 8.08193206787109 8.08140182495117 8.08094882965088 8.08066749572754 8.08045768737793 8.08083057403564 8.08131694793701 8.08298969268799 8.08469295501709 8.086256980896 8.08817291259766 8.09132385253906 8.09537124633789 8.10108089447021 8.10597705841064 8.10998630523682 8.11192417144775 8.11252212524414 8.11149311065674 8.1098804473877 8.10727787017822
8.09002113342285 8.08935832977295 8.08854484558105 8.08753108978271 8.08650302886963 8.08562469482422 8.08477783203125 8.0840950012207 8.08338356018066 8.08260250091553 8.08184432983398 8.08111763000488 8.0805778503418 8.08019161224365 8.08021450042725 8.08043098449707 8.08081436157227 8.08123683929443 8.08179569244385 8.08237075805664 8.08305740356445 8.08362102508545 8.08366966247559 8.08348941802979 8.08282566070557 8.08208751678467 8.08125782012939 8.08065986633301 8.08023166656494 8.08000564575195 8.07986450195312 8.08011913299561 8.08045196533203 8.08201885223389 8.08362293243408 8.08514881134033 8.08700942993164 8.09004402160645 8.09385585784912 8.09910774230957 8.10380935668945 8.10791110992432 8.10992431640625 8.11058616638184 8.10937309265137 8.10748767852783 8.10545253753662
8.08863830566406 8.08796501159668 8.08711910247803 8.0859432220459 8.08474636077881 8.08386898040771 8.08307456970215 8.08270072937012 8.08233451843262 8.08199024200439 8.08153629302979 8.0809326171875 8.08048439025879 8.08016490936279 8.08027267456055 8.0805835723877 8.08101272583008 8.08147048950195 8.08203125 8.08260917663574 8.0833215713501 8.08387660980225 8.08376979827881 8.08342266082764 8.08256721496582 8.08164310455322 8.08063220977783 8.0799732208252 8.07956886291504 8.07940483093262 8.07934093475342 8.07950973510742 8.07972431182861 8.08117580413818 8.08267402648926 8.08419036865234 8.08602809906006 8.08899688720703 8.0925931930542 8.09735488891602 8.10180473327637 8.10591506958008 8.10795593261719 8.10865783691406 8.10728740692139 8.1051721572876 8.10376071929932
8.08750534057617 8.08689594268799 8.086106300354 8.08486843109131 8.08359813690186 8.08267021179199 8.08186721801758 8.08169746398926 8.08158493041992 8.08161163330078 8.08145427703857 8.08104610443115 8.08071231842041 8.08043956756592 8.08052253723145 8.08077430725098 8.08117485046387 8.08161163330078 8.08221340179443 8.08283519744873 8.08358001708984 8.08413600921631 8.08390235900879 8.08341884613037 8.08240604400635 8.08133411407471 8.08019065856934 8.07948875427246 8.07910823822021 8.07902717590332 8.07907104492188 8.07927131652832 8.07950115203857 8.08080291748047 8.08216953277588 8.08377838134766 8.08571529388428 8.08880043029785 8.09225749969482 8.09640598297119 8.10039520263672 8.10420989990234 8.10610485076904 8.10675811767578 8.10532474517822 8.10314178466797 8.10255718231201
