Ecospace-environmental-drivers/Outputs/ASCII-for-ecospace/MOM6-ISIMIP3a/ph/1993-09_ph_MOM6-ISIMIP3a.asc
NCOLS 131 
NROWS 53 
XLLCORNER -98 
YLLCORNER 23.9265270233154 
CELLSIZE 0.133587792515755 
NODATA_value -9999 
[rows 21 to 41 of 53, columns 47 to 93 of 131]
8.12056636810303 8.12291622161865 8.12551784515381 8.12847423553467 8.13143920898438 8.13366889953613 8.13581371307373 8.13752841949463 8.13961315155029 8.1425895690918 8.14525985717773 8.14751148223877 8.14908981323242 8.15011882781982 8.14945316314697 8.14798450469971 8.14402008056641 8.13945865631104 8.1347770690918 8.13024139404297 8.12794876098633 8.12589454650879 8.12483596801758 8.12453365325928 8.12582874298096 8.12793445587158 8.13103294372559 8.13393497467041 8.13669490814209 8.13887977600098 8.14082622528076 8.14186668395996 8.14272880554199 8.14272308349609 8.14270973205566 8.14293670654297 8.14326477050781 8.14394664764404 8.14460754394531 8.14523220062256 8.14557456970215 8.14561080932617 8.14520931243896 8.14452362060547 8.14346408843994 8.14227104187012 8.14080810546875
8.1117992401123 8.11309432983398 8.11452102661133 8.11631965637207 8.11815071105957 8.11985874176025 8.12154293060303 8.12310886383057 8.12502574920654 8.12779331207275 8.13047790527344 8.13305187225342 8.13507556915283 8.1366491317749 8.13697814941406 8.13671875 8.13458251953125 8.13199710845947 8.12864875793457 8.12535285949707 8.12357902526855 8.12202167510986 8.12136745452881 8.12122058868408 8.122145652771 8.1241569519043 8.1274938583374 8.13085746765137 8.13424015045166 8.13747692108154 8.14065265655518 8.14252376556396 8.14413833618164 8.14439582824707 8.14459037780762 8.14466571807861 8.1447582244873 8.14491367340088 8.14497184753418 8.144850730896 8.14448261260986 8.14384460449219 8.1429443359375 8.14187335968018 8.14083957672119 8.13982009887695 8.13902759552002
8.10363101959229 8.10398292541504 8.10435009002686 8.10506057739258 8.10581970214844 8.10695552825928 8.10812568664551 8.10947036743164 8.11112499237061 8.11352825164795 8.11609172821045 8.11887454986572 8.12125778198242 8.12331295013428 8.12453842163086 8.1253719329834 8.12503147125244 8.12441062927246 8.12244129180908 8.12043190002441 8.11919403076172 8.11815452575684 8.11795139312744 8.11801147460938 8.11862754821777 8.12056255340576 8.12411022186279 8.12789249420166 8.13184452056885 8.13604831695557 8.14035606384277 8.14299011230469 8.14529418945312 8.14578819274902 8.14616584777832 8.14605903625488 8.14589500427246 8.14553165435791 8.14500331878662 8.1441707611084 8.14311504364014 8.14181423187256 8.14039993286133 8.13891220092773 8.13788414001465 8.13702201843262 8.13687419891357
8.09709930419922 8.09727764129639 8.0974588394165 8.09780693054199 8.09818077087402 8.09877777099609 8.09941005706787 8.10022449493408 8.10136413574219 8.10328674316406 8.10544013977051 8.10790920257568 8.11021709442139 8.11239337921143 8.11384963989258 8.11496543884277 8.11532592773438 8.11550617218018 8.11474704742432 8.11394882202148 8.11349487304688 8.11320495605469 8.11359786987305 8.11420631408691 8.11527156829834 8.11752033233643 8.12121772766113 8.12518501281738 8.1293478012085 8.1335391998291 8.13774108886719 8.14033508300781 8.14261245727539 8.14302921295166 8.14330101013184 8.14282417297363 8.14230918884277 8.14165878295898 8.14082050323486 8.13963413238525 8.13820266723633 8.13650512695312 8.1346435546875 8.13267517089844 8.13180828094482 8.13133907318115 8.13225936889648
8.0909481048584 8.09098720550537 8.09101963043213 8.09107398986816 8.09113311767578 8.09127044677734 8.09144115447998 8.09177875518799 8.09242820739746 8.09383106231689 8.09553813934326 8.0976619720459 8.0998706817627 8.10214996337891 8.10385608673096 8.10529041290283 8.10631561279297 8.10724353790283 8.10759830474854 8.10791206359863 8.10820293426514 8.10861206054688 8.10952091217041 8.11060905456543 8.11207485198975 8.11459827423096 8.1184139251709 8.1225118637085 8.12681484222412 8.1308765411377 8.13483905792236 8.13726806640625 8.13939571380615 8.13965511322021 8.13974952697754 8.13889694213867 8.13802146911621 8.13706588745117 8.13594341278076 8.13450908660889 8.13282585144043 8.13087272644043 8.12867736816406 8.12632656097412 8.12561798095703 8.1254997253418 8.1274471282959
8.08646202087402 8.08651447296143 8.08656406402588 8.0866231918335 8.0866813659668 8.08670616149902 8.08674144744873 8.08683681488037 8.08711242675781 8.08782577514648 8.08892822265625 8.09056663513184 8.09256935119629 8.09486961364746 8.09690856933594 8.09882259368896 8.10035800933838 8.10180187225342 8.10283756256104 8.103835105896 8.1046895980835 8.10558605194092 8.10665607452393 8.10791683197021 8.10957908630371 8.11220264434814 8.11600017547607 8.11999225616455 8.12412452697754 8.12754821777344 8.13067722320557 8.13239479064941 8.13383388519287 8.13358783721924 8.1331901550293 8.13193035125732 8.13065338134766 8.12931442260742 8.12802028656006 8.12680721282959 8.12541198730469 8.12381839752197 8.12179374694824 8.1194896697998 8.11892318725586 8.11898231506348 8.12177085876465
8.08227443695068 8.08233737945557 8.08240413665771 8.08250331878662 8.08260345458984 8.08264636993408 8.08269023895264 8.08273601531982 8.08286476135254 8.08319187164307 8.08391857147217 8.08519458770752 8.08700561523438 8.08925628662109 8.09150981903076 8.09376335144043 8.0956916809082 8.09754276275635 8.09906005859375 8.10054016113281 8.1018238067627 8.10309791564941 8.10433006286621 8.10574054718018 8.10752582550049 8.1101713180542 8.11386680603027 8.11760902404785 8.12138748168945 8.12412548065186 8.12643432617188 8.12747001647949 8.12825489044189 8.12755489349365 8.12672710418701 8.12517642974854 8.12359619140625 8.12191677093506 8.12045478820801 8.11939907073975 8.11830711364746 8.1171760559082 8.11544704437256 8.11333084106445 8.11292743682861 8.11313915252686 8.11670303344727
8.07873725891113 8.0788049697876 8.07888698577881 8.07910442352295 8.0793399810791 8.07968902587891 8.08004951477051 8.08047008514404 8.08094501495361 8.0815544128418 8.08240222930908 8.08357906341553 8.08523368835449 8.08727836608887 8.08948802947998 8.09177684783936 8.09384727478027 8.09586429595947 8.09742736816406 8.098952293396 8.10036945343018 8.10178279876709 8.10317897796631 8.10468864440918 8.10643768310547 8.1089334487915 8.11234378814697 8.11552810668945 8.11854648590088 8.12050151824951 8.12201595306396 8.12243270874023 8.12263488769531 8.12160015106201 8.1204719543457 8.11888313293457 8.11721897125244 8.11528968811035 8.11367225646973 8.11263275146484 8.11187744140625 8.11143112182617 8.11027240753174 8.1086540222168 8.10845565795898 8.10876750946045 8.112961769104
8.07650089263916 8.07663726806641 8.07679080963135 8.07711219787598 8.07745742797852 8.07799625396729 8.0785608291626 8.07926082611084 8.080002784729 8.08084487915039 8.08181667327881 8.08296585083008 8.08451747894287 8.08639717102051 8.08850193023682 8.09071445465088 8.09277629852295 8.09480285644531 8.09638023376465 8.09792137145996 8.09938335418701 8.10083770751953 8.10226440429688 8.10377311706543 8.1054573059082 8.10768985748291 8.11059474945068 8.11311340332031 8.11535167694092 8.11652374267578 8.11725425720215 8.11706733703613 8.11670017242432 8.11542701721191 8.11410236358643 8.11261081695557 8.1110315322876 8.10914134979248 8.10757350921631 8.10660552978516 8.10615348815918 8.1062650680542 8.10567760467529 8.10463714599609 8.10466003417969 8.10506629943848 8.10977935791016
8.07590293884277 8.07618808746338 8.07648086547852 8.07688808441162 8.07731246948242 8.07789325714111 8.07852077484131 8.07938385009766 8.08028984069824 8.08130359649658 8.08240032196045 8.08361339569092 8.085129737854 8.08689594268799 8.08881759643555 8.0908145904541 8.09268093109131 8.09451675415039 8.09606838226318 8.09759140014648 8.09898567199707 8.1003589630127 8.10164642333984 8.10302925109863 8.10461330413818 8.1064395904541 8.10855960845947 8.11028003692627 8.1117115020752 8.11210155487061 8.11206150054932 8.11128807067871 8.11037063598633 8.10897922515869 8.10758781433105 8.10636520385742 8.10508346557617 8.10359287261963 8.10233402252197 8.10150623321533 8.101318359375 8.10182857513428 8.10181045532227 8.10145092010498 8.10171794891357 8.10220909118652 8.1072998046875
8.07569026947021 8.07600593566895 8.07632255554199 8.07674407958984 8.07718276977539 8.07780361175537 8.07847118377686 8.07937622070312 8.08033084869385 8.08140659332275 8.08260345458984 8.08397006988525 8.08554935455322 8.08730316162109 8.08911609649658 8.09095668792725 8.09265422821045 8.09431743621826 8.09574413299561 8.09714221954346 8.09838199615479 8.09958934783936 8.10066509246826 8.10178756713867 8.10300731658936 8.104248046875 8.1055154800415 8.10645961761475 8.10716724395752 8.10700035095215 8.10647201538086 8.10528755187988 8.10397434234619 8.10258197784424 8.10122966766357 8.10030078887939 8.0993595123291 8.09837341308594 8.09753799438477 8.09698390960693 8.0970516204834 8.0977954864502 8.09826374053955 8.09855365753174 8.09914016723633 8.09983158111572 8.10501956939697
8.07576560974121 8.07602500915527 8.0762767791748 8.07665920257568 8.07706451416016 8.07772350311279 8.0784158706665 8.07927227020264 8.08018684387207 8.08124256134033 8.08252143859863 8.08410739898682 8.08582210540771 8.08764266967773 8.08940124511719 8.09113121032715 8.09267902374268 8.09418296813965 8.09540939331055 8.096604347229 8.09762191772461 8.09860038757324 8.0994119644165 8.100172996521 8.10082817077637 8.10135269165039 8.10171604156494 8.10189723968506 8.10194492340088 8.10138988494873 8.1005859375 8.09912204742432 8.09752941131592 8.09622287750244 8.09498977661133 8.09437370300293 8.09380340576172 8.09339904785156 8.09307384490967 8.0928955078125 8.09321117401123 8.09406471252441 8.09495639801025 8.09587287902832 8.09683609008789 8.09781551361084 8.10289001464844
8.07569408416748 8.07589530944824 8.07608604431152 8.07642650604248 8.07679176330566 8.07745361328125 8.07814311981201 8.0789680480957 8.07986640930176 8.08094215393066 8.08226776123047 8.0839376449585 8.08568286895752 8.08749008178711 8.08916854858398 8.09078502655029 8.09217929840088 8.09352111816406 8.09454345703125 8.09552097320557 8.09617805480957 8.09678745269775 8.09720039367676 8.09750366210938 8.09757423400879 8.09749984741211 8.09724807739258 8.09690761566162 8.09650135040283 8.09576988220215 8.09490394592285 8.09363269805908 8.09228134155273 8.09124660491943 8.09028339385986 8.08988761901855 8.08955764770508 8.08946132659912 8.08940982818604 8.08944320678711 8.08988189697266 8.09076118469238 8.0918493270874 8.09307384490967 8.09445571899414 8.09589385986328 8.10085964202881
8.07556056976318 8.07570171356201 8.07583427429199 8.07612895965576 8.07645225524902 8.07710266113281 8.07777786254883 8.07857799530029 8.07947063446045 8.0805835723877 8.08194160461426 8.08363628387451 8.08536720275879 8.08712768554688 8.08871269226074 8.0902156829834 8.09145641326904 8.0926342010498 8.09345054626465 8.09420585632324 8.09444046020508 8.0946216583252 8.09457874298096 8.09438133239746 8.09385776519775 8.09323596954346 8.09249401092529 8.09173488616943 8.09096336364746 8.0901460647583 8.08931064605713 8.0884313583374 8.08754539489746 8.08686447143555 8.08623313903809 8.08601951599121 8.0858736038208 8.08596611022949 8.08608818054199 8.08626365661621 8.08677101135254 8.0876407623291 8.08882904052734 8.09022331237793 8.09204196929932 8.09401321411133 8.09887218475342
8.0755090713501 8.07560157775879 8.07569408416748 8.07595157623291 8.07623672485352 8.07682609558105 8.07743740081787 8.07816028594971 8.07898044586182 8.08003330230713 8.08132934570312 8.08295917510986 8.08464622497559 8.08638095855713 8.08787822723389 8.08926391601562 8.09031391143799 8.09128284454346 8.09172248840332 8.09209442138672 8.09201622009277 8.09188270568848 8.09151935577393 8.09101963043213 8.09023475646973 8.08946990966797 8.08873176574707 8.08809661865234 8.0875358581543 8.08690929412842 8.08625602722168 8.08563041687012 8.08500957489014 8.08452033996582 8.08406543731689 8.08389854431152 8.08379650115967 8.0839204788208 8.08407878875732 8.08430194854736 8.08475589752197 8.0854606628418 8.08657741546631 8.0879602432251 8.08995628356934 8.09217262268066 8.09693813323975
8.07547378540039 8.07552146911621 8.07557678222656 8.07579803466797 8.07604598999023 8.07656478881836 8.07710266113281 8.07773685455322 8.07847118377686 8.07944297790527 8.08065795898438 8.08220481872559 8.08384227752686 8.08555507659912 8.08696556091309 8.08823299407959 8.08908462524414 8.08983612060547 8.08986377716064 8.08981895446777 8.08944892883301 8.08902454376221 8.08836936950684 8.08760929107666 8.08662986755371 8.08580684661865 8.08517551422119 8.08477592468262 8.08454513549805 8.08416652679443 8.08372783660889 8.08332538604736 8.08293056488037 8.08259963989258 8.08228778839111 8.08213996887207 8.08205318450928 8.08217430114746 8.08234119415283 8.08259201049805 8.08296585083008 8.08347606658936 8.08448600769043 8.08581829071045 8.0879373550415 8.09033966064453 8.09501457214355
8.07541465759277 8.075439453125 8.07547092437744 8.07566547393799 8.07588958740234 8.07642364501953 8.07696342468262 8.07752418518066 8.07815551757812 8.07895374298096 8.07997608184814 8.08130645751953 8.08276462554932 8.08432865142822 8.08558654785156 8.08670043945312 8.08728313446045 8.08773899078369 8.08753490447998 8.08727645874023 8.08688259124756 8.08644008636475 8.08579635620117 8.0851469039917 8.08448505401611 8.08406829833984 8.08395004272461 8.08388805389404 8.08386611938477 8.08355331420898 8.0831184387207 8.0826473236084 8.08216953277588 8.08174133300781 8.08133125305176 8.08108711242676 8.08092212677002 8.08103656768799 8.08123111724854 8.08157157897949 8.08198642730713 8.08247947692871 8.08339500427246 8.0845832824707 8.08653736114502 8.08876609802246 8.09333038330078
8.07533645629883 8.07532978057861 8.07532787322998 8.07548522949219 8.07567310333252 8.0762243270874 8.07676887512207 8.07728004455566 8.07782649993896 8.07845973968506 8.07929515838623 8.08040714263916 8.08167934417725 8.083083152771 8.08418464660645 8.08514404296875 8.08545780181885 8.085618019104 8.08522129058838 8.08478736877441 8.08439159393311 8.08395385742188 8.08334636688232 8.08283233642578 8.0825138092041 8.08251476287842 8.08290481567383 8.08316612243652 8.08333396911621 8.08305931091309 8.08260250091553 8.08203887939453 8.08145427703857 8.08090591430664 8.08037662506104 8.08002758026123 8.07977867126465 8.07988548278809 8.08010864257812 8.08054733276367 8.08102035522461 8.08152866363525 8.08237075805664 8.08342838287354 8.0852108001709 8.08725261688232 8.0916919708252
8.07507228851318 8.07493591308594 8.07479095458984 8.07478427886963 8.07481098175049 8.07534313201904 8.07590103149414 8.07659149169922 8.0772590637207 8.07787322998047 8.07862186431885 8.07955551147461 8.0806360244751 8.08183765411377 8.08276748657227 8.08356761932373 8.08365154266357 8.08356285095215 8.08329105377197 8.08300495147705 8.08270835876465 8.08238220214844 8.08193302154541 8.08164501190186 8.08169746398926 8.0820198059082 8.08267211914062 8.08305835723877 8.08325004577637 8.08283138275146 8.08216094970703 8.08138561248779 8.08058929443359 8.07980918884277 8.07905769348145 8.07857131958008 8.07821369171143 8.07830333709717 8.07856559753418 8.07914447784424 8.07981586456299 8.08058929443359 8.08157730102539 8.08270359039307 8.08438396453857 8.08626270294189 8.0904369354248
8.07476139068604 8.07450580596924 8.07423496246338 8.07408809661865 8.07397747039795 8.07446575164795 8.07501029968262 8.07584285736084 8.07661628723145 8.07725048065186 8.07794666290283 8.07872581481934 8.0796365737915 8.08065223693848 8.08141899108887 8.08206748962402 8.08197021484375 8.08169555664062 8.08156681060791 8.08144283294678 8.08124351501465 8.08102226257324 8.08071136474609 8.08061408996582 8.08096885681152 8.08156108856201 8.08244609832764 8.08293914794922 8.08314514160156 8.08258247375488 8.08170127868652 8.08071041107178 8.07969760894775 8.07870388031006 8.07774639129639 8.07714557647705 8.07669258117676 8.07675552368164 8.07703685760498 8.07772254943848 8.07857418060303 8.07960605621338 8.08076477050781 8.08200550079346 8.08363628387451 8.08540630340576 8.08931827545166
8.07427883148193 8.07394599914551 8.07360935211182 8.073410987854 8.07324504852295 8.07360363006592 8.07403945922852 8.07487297058105 8.07569599151611 8.07649230957031 8.07725715637207 8.07797622680664 8.0787935256958 8.07968997955322 8.08032703399658 8.08084201812744 8.0807523727417 8.08051776885986 8.08059787750244 8.08068656921387 8.08057689666748 8.08043956756592 8.08019161224365 8.08015441894531 8.08056163787842 8.08123779296875 8.08224582672119 8.08277606964111 8.08296012878418 8.08225345611572 8.08117961883545 8.07995796203613 8.07870674133301 8.07756233215332 8.0764684677124 8.07583141326904 8.0753345489502 8.07533073425293 8.07556343078613 8.07623386383057 8.07719039916992 8.07845878601074 8.07988262176514 8.08140563964844 8.08318042755127 8.08504486083984 8.08870029449463
