Ecospace-environmental-drivers/Outputs/ASCII-for-ecospace/MOM6-ISIMIP3a/ph/1993-11_ph_MOM6-ISIMIP3a.asc
NCOLS 131 
NROWS 53 
XLLCORNER -98 
YLLCORNER 23.9265270233154 
CELLSIZE 0.133587792515755 
NODATA_value -9999 
[rows 21 to 41 of 53, columns 0 to 46 of 131]
-9999 -9999 -9999 -9999 -9999 -9999 8.20719051361084 8.20693588256836 8.20616340637207 8.20545291900635 8.20790004730225 8.21693515777588 8.21331691741943 8.20253753662109 8.19355297088623 8.18663692474365 8.18132972717285 8.17712688446045 8.17430877685547 8.17202663421631 8.16995143890381 8.16791152954102 8.16655921936035 8.1652774810791 8.16445922851562 8.1633996963501 8.1615571975708 8.1597261428833 8.15791511535645 8.15676307678223 8.15629005432129 8.1561803817749 8.15629291534424 8.15843486785889 8.16125297546387 8.16567993164062 8.17032337188721 8.17406558990479 8.17758846282959 8.17971706390381 8.18180751800537 8.18379306793213 8.1855001449585 8.18677711486816 8.18743515014648 8.18752574920654 8.18766307830811
-9999 -9999 -9999 -9999 -9999 -9999 8.20714950561523 8.20719051361084 8.2066822052002 8.20532608032227 8.20545291900635 8.2013111114502 8.19572448730469 8.18727684020996 8.18057632446289 8.17589092254639 8.17251873016357 8.1700496673584 8.16863059997559 8.16761684417725 8.16674900054932 8.16590595245361 8.16576480865479 8.16564273834229 8.16554546356201 8.16512870788574 8.16367149353027 8.16196250915527 8.15981388092041 8.15818500518799 8.15709018707275 8.15642738342285 8.15602779388428 8.15706825256348 8.15858936309814 8.16168975830078 8.16500568389893 8.16800212860107 8.17091464996338 8.17330265045166 8.17565155029297 8.17789268493652 8.17996597290039 8.18177890777588 8.18332481384277 8.18462371826172 8.18524169921875
-9999 -9999 -9999 -9999 8.21168613433838 8.20841789245605 8.20727062225342 8.20698642730713 8.20719051361084 8.20617389678955 8.20248889923096 8.18859004974365 8.17762088775635 8.17244911193848 8.16853618621826 8.1660737991333 8.16458415985107 8.16376399993896 8.16364860534668 8.16380596160889 8.16410160064697 8.16442203521729 8.16543579101562 8.16641998291016 8.16703033447266 8.16724681854248 8.16619110107422 8.16463756561279 8.16221332550049 8.16012382507324 8.15837669372559 8.15712642669678 8.15617752075195 8.15602207183838 8.15613174438477 8.15773963928223 8.15955829620361 8.16170883178711 8.16391658782959 8.16648960113525 8.16901302337646 8.17140197753906 8.17374515533447 8.17602062225342 8.17842102050781 8.18093585968018 8.18207263946533
-9999 -9999 -9999 -9999 8.21932220458984 8.21173286437988 8.20956611633301 8.20727062225342 8.20649814605713 8.19666004180908 8.18675327301025 8.1765775680542 8.16908550262451 8.16690158843994 8.1652250289917 8.16413593292236 8.16343784332275 8.16300964355469 8.16311836242676 8.1634349822998 8.16386699676514 8.16432094573975 8.1651611328125 8.16603183746338 8.16707897186279 8.1677942276001 8.16743087768555 8.16664695739746 8.16512870788574 8.16348838806152 8.16172218322754 8.16024684906006 8.15894794464111 8.15835666656494 8.15800094604492 8.15840339660645 8.15891456604004 8.15983772277832 8.16083812713623 8.16232013702393 8.16381359100342 8.16533660888672 8.16692161560059 8.16860198974609 8.17065715789795 8.17305755615234 8.17455387115479
-9999 -9999 -9999 -9999 -9999 8.21932220458984 8.21077060699463 8.2118616104126 8.20333003997803 8.18685817718506 8.17243766784668 8.16586780548096 8.16161441802979 8.16194152832031 8.16212844848633 8.16215133666992 8.16211128234863 8.16202640533447 8.16235542297363 8.16284370422363 8.16341495513916 8.16400051116943 8.16468906402588 8.16545104980469 8.16679859161377 8.16789436340332 8.16817378997803 8.16810035705566 8.16740989685059 8.16626262664795 8.16464424133301 8.16308689117432 8.16156578063965 8.16063690185547 8.15990447998047 8.15929889678955 8.15871334075928 8.1585636138916 8.1584997177124 8.15898132324219 8.15952205657959 8.16022205352783 8.16108131408691 8.16218566894531 8.16380023956299 8.16588306427002 8.16754627227783
-9999 -9999 -9999 -9999 -9999 8.21634578704834 8.21932220458984 8.20462894439697 8.18931484222412 8.1757926940918 8.16434955596924 8.16086673736572 8.15880584716797 8.15956211090088 8.15996646881104 8.15996551513672 8.15999126434326 8.1600341796875 8.16056728363037 8.16129016876221 8.16200542449951 8.1627197265625 8.16335105895996 8.16402530670166 8.16507244110107 8.16603755950928 8.16674041748047 8.1671142578125 8.16691398620605 8.16644954681396 8.16571235656738 8.16469764709473 8.16351222991943 8.16267776489258 8.16195964813232 8.16121006011963 8.16045761108398 8.15990352630615 8.15940761566162 8.15928268432617 8.15920829772949 8.15927219390869 8.1595516204834 8.16016101837158 8.16091442108154 8.16179943084717 8.1627779006958
-9999 -9999 8.21014213562012 8.21079730987549 8.21139526367188 8.21336650848389 8.21634960174561 8.19712924957275 8.1774730682373 8.16641235351562 8.15746688842773 8.15661907196045 8.15629577636719 8.15701103210449 8.15731048583984 8.15713024139404 8.15716934204102 8.15735721588135 8.15815830230713 8.1591968536377 8.16016578674316 8.16112232208252 8.1618537902832 8.16259002685547 8.16340446472168 8.16426277160645 8.16526412963867 8.16597270965576 8.16617202758789 8.16623592376709 8.16616249084473 8.16560363769531 8.16475009918213 8.16399765014648 8.16328048706055 8.16241455078125 8.16152954101562 8.16064739227295 8.15979862213135 8.15916728973389 8.15857696533203 8.15810203552246 8.15786266326904 8.15799045562744 8.15800762176514 8.15792274475098 8.15827083587646
-9999.000000000000000 -9999 -9999 -9999 8.2076301574707 8.20942306518555 8.20760631561279 8.18904685974121 8.17037391662598 8.16070747375488 8.15321063995361 8.15401649475098 8.15443420410156 8.15408420562744 8.15357398986816 8.1528787612915 8.15281581878662 8.15318775177002 8.15439605712891 8.15592861175537 8.15738773345947 8.15883445739746 8.16001033782959 8.16113376617432 8.161865234375 8.16266632080078 8.16369342803955 8.1644926071167 8.16489124298096 8.16514873504639 8.16526126861572 8.16497230529785 8.16443824768066 8.16374397277832 8.16299629211426 8.16207790374756 8.16113567352295 8.16009044647217 8.15906238555908 8.15814304351807 8.15725421905518 8.15644836425781 8.15583038330078 8.15550327301025 8.15505599975586 8.15449905395508 8.15433502197266
-9999 -9999 -9999 -9999 8.20271778106689 8.20010089874268 8.20098304748535 8.18338680267334 8.1655855178833 8.15677547454834 8.15004825592041 8.15128898620605 8.15173053741455 8.15058898925781 8.14952087402344 8.14853763580322 8.14851093292236 8.14914131164551 8.150803565979 8.15286350250244 8.15490245819092 8.15693759918213 8.15840530395508 8.15978145599365 8.16048812866211 8.16125202178955 8.16220474243164 8.16297435760498 8.16342258453369 8.16371822357178 8.16385650634766 8.16357898712158 8.16304874420166 8.16213226318359 8.16108703613281 8.15975761413574 8.1583890914917 8.15701675415039 8.15567874908447 8.15456962585449 8.15347862243652 8.15243816375732 8.15159797668457 8.15106678009033 8.15047550201416 8.14982795715332 8.14952850341797
-9999 -9999 -9999 -9999 8.19936561584473 8.19863033294678 8.19772338867188 8.18077564239502 8.16370296478271 8.15507221221924 8.14826011657715 8.14840602874756 8.14796924591064 8.14637851715088 8.14506912231445 8.14408397674561 8.14426708221436 8.14525127410889 8.14742374420166 8.15005493164062 8.15278434753418 8.15553188323975 8.15709972381592 8.1585578918457 8.15931510925293 8.16006946563721 8.1608190536499 8.16140747070312 8.16171550750732 8.1618537902832 8.16181755065918 8.16122817993164 8.16030216217041 8.15881252288818 8.15713405609131 8.15494346618652 8.15268421173096 8.15077590942383 8.14896678924561 8.14778900146484 8.1466178894043 8.14546394348145 8.14459896087646 8.14417934417725 8.1438455581665 8.14358806610107 8.14362525939941
-9999 -9999 -9999 -9999 8.19863033294678 8.19753170013428 8.1962423324585 8.18000221252441 8.16355800628662 8.15474510192871 8.14749908447266 8.14625263214111 8.1448450088501 8.14311504364014 8.14175415039062 8.14081954956055 8.14099597930908 8.14193534851074 8.14406490325928 8.146653175354 8.14951515197754 8.15242481231689 8.15402889251709 8.15553188323975 8.1564416885376 8.15729999542236 8.15798950195312 8.15844631195068 8.15849590301514 8.15824317932129 8.15767860412598 8.15641975402832 8.15473747253418 8.15256881713867 8.15023803710938 8.1477108001709 8.14516162872314 8.14337348937988 8.14172840118408 8.14099597930908 8.14026165008545 8.13951969146729 8.13900852203369 8.13885307312012 8.13883304595947 8.13893604278564 8.1392650604248
-9999 -9999 -9999 -9999 8.19746780395508 8.1962423324585 8.18124103546143 8.18060874938965 8.16471672058105 8.1554479598999 8.14750671386719 8.14464664459229 8.14219760894775 8.1405611038208 8.13929176330566 8.13844585418701 8.13845443725586 8.13905048370361 8.14072036743164 8.14280605316162 8.14538097381592 8.14804267883301 8.14963340759277 8.15115451812744 8.15229511260986 8.15334033966064 8.15407752990723 8.15443801879883 8.15414047241211 8.15332126617432 8.15196418762207 8.14976787567139 8.14705944061279 8.14413356781006 8.14113616943359 8.13866519927979 8.1362771987915 8.13510036468506 8.1340970993042 8.13419437408447 8.1342830657959 8.1343469619751 8.13447284698486 8.1346960067749 8.13503360748291 8.13547611236572 8.13606071472168
-9999 -9999 -9999 -9999 8.1962423324585 8.1801176071167 8.17275524139404 8.16811084747314 8.16698360443115 8.15680980682373 8.14788150787354 8.14371967315674 8.14044094085693 8.1389102935791 8.13766384124756 8.13674259185791 8.13649845123291 8.13671779632568 8.13780975341797 8.13923835754395 8.14103031158447 8.14288711547852 8.14403915405273 8.14514923095703 8.14603614807129 8.14684391021729 8.14739036560059 8.14755916595459 8.14706611633301 8.14598560333252 8.1442985534668 8.14198112487793 8.13927936553955 8.13673210144043 8.13423633575439 8.1325044631958 8.13088607788086 8.13043975830078 8.13014698028564 8.13084030151367 8.13145446777344 8.13185024261475 8.13222599029541 8.13257026672363 8.13306713104248 8.13370418548584 8.13438701629639
-9999 -9999 -9999 -9999 -9999 8.17174625396729 8.17023277282715 8.16954708099365 8.16972541809082 8.15845489501953 8.14841461181641 8.14308261871338 8.13906478881836 8.13764762878418 8.13639354705811 8.13532829284668 8.13479328155518 8.13462257385254 8.13508415222168 8.13579082489014 8.13658714294434 8.13739967346191 8.13793087005615 8.13844585418701 8.13887405395508 8.13926124572754 8.1395149230957 8.13945007324219 8.13882637023926 8.13761425018311 8.13579654693604 8.13370800018311 8.13145542144775 8.12977313995361 8.12828063964844 8.12757873535156 8.12699317932129 8.12732601165771 8.12777519226074 8.12896251678467 8.12997627258301 8.13050174713135 8.13096046447754 8.13131523132324 8.13188552856445 8.13265514373779 8.13336849212646
-9999 -9999 -9999 -9999 -9999 8.172194480896 8.17224979400635 8.17304134368896 8.17197227478027 8.15985107421875 8.14896488189697 8.14280223846436 8.13816738128662 8.13655662536621 8.135178565979 8.13406944274902 8.13345623016357 8.13318347930908 8.13341236114502 8.1338357925415 8.1341724395752 8.13449287414551 8.13451194763184 8.13450241088867 8.13431167602539 8.13413715362549 8.13401126861572 8.13369846343994 8.13305759429932 8.13205718994141 8.13068675994873 8.12919235229492 8.1276216506958 8.12651538848877 8.12556171417236 8.125244140625 8.12502002716064 8.1256046295166 8.12631797790527 8.12785243988037 8.12917900085449 8.12992668151855 8.13050937652588 8.13083934783936 8.1313419342041 8.13200378417969 8.1324348449707
-9999 -9999 -9999 -9999 -9999 8.17345523834229 8.17410087585449 8.17416191101074 8.17411708831787 8.1611967086792 8.14951801300049 8.1425952911377 8.13736820220947 8.13550090789795 8.1339750289917 8.13284397125244 8.13219547271729 8.13187885284424 8.1319580078125 8.13218879699707 8.13217639923096 8.13212013244629 8.13164901733398 8.13112926483154 8.13028812408447 8.12952136993408 8.12899780273438 8.1284351348877 8.12780094146729 8.12708377838135 8.12627983093262 8.12545394897461 8.12461471557617 8.12402248382568 8.12351322174072 8.12344551086426 8.12344264984131 8.12417030334473 8.12505054473877 8.12690162658691 8.12852382659912 8.12951183319092 8.13022804260254 8.13052463531494 8.13092994689941 8.13143444061279 8.13151836395264
-9999 -9999 -9999 -9999 -9999 -9999 8.1740140914917 8.17509937286377 8.17402172088623 8.16032218933105 8.1480188369751 8.14105701446533 8.13584613800049 8.13410091400146 8.13271236419678 8.13173294067383 8.13116836547852 8.13088893890381 8.13095951080322 8.13116455078125 8.13111782073975 8.13102626800537 8.13049507141113 8.12990379333496 8.12889385223389 8.12792587280273 8.12709140777588 8.1262788772583 8.12550354003906 8.12475872039795 8.12404632568359 8.12336826324463 8.12271118164062 8.12226009368896 8.12187767028809 8.12196636199951 8.12212562561035 8.122971534729 8.12395572662354 8.12582111358643 8.12751197814941 8.12872123718262 8.12954330444336 8.12976932525635 8.1298828125 8.12989330291748 8.1295280456543
-9999 -9999 -9999 -9999 -9999 -9999 8.17281723022461 8.17278003692627 8.17346572875977 8.15901660919189 8.14615058898926 8.13934230804443 8.13429164886475 8.13271617889404 8.13148975372314 8.13066864013672 8.13019275665283 8.12995433807373 8.13002300262451 8.13020896911621 8.1301326751709 8.13000965118408 8.12942981719971 8.12878131866455 8.12764072418213 8.12650299072266 8.12537288665771 8.12431907653809 8.12339782714844 8.12260913848877 8.12195682525635 8.12139225006104 8.12088012695312 8.12054443359375 8.12026786804199 8.12050437927246 8.12081623077393 8.12177181243896 8.12284660339355 8.1246862411499 8.12641620635986 8.12783718109131 8.12876892089844 8.12894153594971 8.12877750396729 8.12830543518066 8.1275110244751
-9999 -9999 -9999 -9999 -9999 -9999 8.1707878112793 8.17057132720947 8.16907787322998 8.15416622161865 8.14132213592529 8.13638877868652 8.1327428817749 8.13164329528809 8.13073444366455 8.13004398345947 8.12965393066406 8.129469871521 8.12952899932861 8.12968063354492 8.12948036193848 8.12921810150146 8.12850475311279 8.12773990631104 8.12663269042969 8.12547874450684 8.12417221069336 8.12296581268311 8.12193202972412 8.12106037139893 8.12035655975342 8.11978435516357 8.11929225921631 8.11898899078369 8.11874866485596 8.11906051635742 8.1194543838501 8.12043762207031 8.12149810791016 8.12304306030273 8.12459182739258 8.12614727020264 8.12722015380859 8.12754535675049 8.12734985351562 8.12667560577393 8.12573051452637
-9999 -9999 -9999 -9999 -9999 8.17340469360352 8.16926860809326 8.16901206970215 8.16360092163086 8.14896011352539 8.13671970367432 8.13366603851318 8.13141059875488 8.13073348999023 8.13008975982666 8.12948513031006 8.12916088104248 8.12903022766113 8.12909412384033 8.12923240661621 8.12891292572021 8.12851238250732 8.12763118743896 8.12671661376953 8.12562370300293 8.1244421005249 8.12297534942627 8.12163352966309 8.12050819396973 8.11956882476807 8.11882019042969 8.11824226379395 8.11776828765869 8.11749076843262 8.11728000640869 8.11762428283691 8.11804962158203 8.11907577514648 8.12013626098633 8.121413230896 8.1227912902832 8.12445068359375 8.12565803527832 8.12616634368896 8.12600231170654 8.12522029876709 8.1241626739502
-9999 -9999 -9999 -9999 8.18526935577393 8.17619705200195 8.17340469360352 8.16408634185791 8.15412998199463 8.14244842529297 8.13294696807861 8.13179016113281 8.1308708190918 8.13042068481445 8.12985801696777 8.12916278839111 8.12883377075195 8.12875461578369 8.12887668609619 8.12907600402832 8.12865352630615 8.1281213760376 8.1269474029541 8.12576293945312 8.12461185455322 8.12336254119873 8.12179279327393 8.12037944793701 8.11924076080322 8.1182861328125 8.11752223968506 8.116943359375 8.11647605895996 8.11620426177979 8.11599731445312 8.11621189117432 8.11649131774902 8.11760807037354 8.11872291564941 8.11983013153076 8.12108039855957 8.12272930145264 8.12404632568359 8.12484741210938 8.12494564056396 8.12439823150635 8.12338161468506
