Ecospace-environmental-drivers/Outputs/ASCII-for-ecospace/MOM6-ISIMIP3a/ph/1994-05_ph_MOM6-ISIMIP3a.asc
NCOLS 131 
NROWS 53 
XLLCORNER -98 
YLLCORNER 23.9265270233154 
CELLSIZE 0.133587792515755 
NODATA_value -9999 
[rows 21 to 41 of 53, columns 47 to 93 of 131]
8.13725471496582 8.14009952545166 8.14323711395264 8.1447114944458 8.14592552185059 8.14469432830811 8.14359378814697 8.14315319061279 8.1432638168335 8.14470291137695 8.1455192565918 8.14547920227051 8.14509105682373 8.14441776275635 8.14358997344971 8.1426887512207 8.14202499389648 8.14141845703125 8.14170265197754 8.14212036132812 8.14357566833496 8.14497375488281 8.1461353302002 8.1472053527832 8.14808559417725 8.14917087554932 8.15050792694092 8.15127944946289 8.15163993835449 8.14989376068115 8.14727592468262 8.14391326904297 8.14040374755859 8.13973045349121 8.13968563079834 8.14476013183594 8.14948463439941 8.15298366546631 8.15519905090332 8.15503025054932 8.15409088134766 8.15231132507324 8.15026760101318 8.14805221557617 8.14643573760986 8.14503383636475 8.14437103271484
8.13073444366455 8.13229274749756 8.1340799331665 8.13515758514404 8.13610458374023 8.1355037689209 8.13496398925781 8.13473510742188 8.13493633270264 8.13617992401123 8.13700866699219 8.13726902008057 8.13718318939209 8.13681316375732 8.13628768920898 8.13568878173828 8.13552188873291 8.13545894622803 8.13640117645264 8.13745403289795 8.13911724090576 8.14072036743164 8.14207458496094 8.14326190948486 8.14409637451172 8.14522457122803 8.1467113494873 8.14780044555664 8.14859771728516 8.1477575302124 8.14623928070068 8.1435375213623 8.14060306549072 8.1380033493042 8.13601875305176 8.13992595672607 8.14401435852051 8.14873504638672 8.15200614929199 8.15258407592773 8.15179061889648 8.14950275421143 8.14733505249023 8.14524459838867 8.14270782470703 8.14000988006592 8.13914680480957
8.12514305114746 8.12542057037354 8.12584495544434 8.12650394439697 8.12716484069824 8.12723731994629 8.1273021697998 8.12733268737793 8.12763500213623 8.12859153747559 8.12933254241943 8.12977695465088 8.12989711761475 8.12975120544434 8.12946510314941 8.12911319732666 8.12947082519531 8.12999820709229 8.13163185119629 8.1333475112915 8.13515186309814 8.13688945770264 8.13834285736084 8.13957118988037 8.1403226852417 8.14145469665527 8.14305019378662 8.14444732666016 8.14570045471191 8.14573192596436 8.14525699615479 8.14315223693848 8.14072608947754 8.13617992401123 8.13221836090088 8.13473987579346 8.13801002502441 8.14391136169434 8.14827632904053 8.14978694915771 8.14927005767822 8.14654445648193 8.14426040649414 8.1422643661499 8.13881683349609 8.13484954833984 8.13374710083008
8.12263202667236 8.12271118164062 8.12288093566895 8.12335014343262 8.12384033203125 8.12409400939941 8.12440776824951 8.12502861022949 8.12555408477783 8.12585258483887 8.12595748901367 8.1257963180542 8.12570667266846 8.12567329406738 8.1256799697876 8.12570571899414 8.12720203399658 8.12904834747314 8.13113975524902 8.13317012786865 8.13406181335449 8.13488674163818 8.1354284286499 8.13607120513916 8.13692760467529 8.13815879821777 8.13984775543213 8.14180946350098 8.14396953582764 8.14378643035889 8.14263248443604 8.13992023468018 8.13690090179443 8.13195610046387 8.12738704681396 8.12718200683594 8.12826347351074 8.13386249542236 8.13908767700195 8.1436185836792 8.1451416015625 8.143385887146 8.14078235626221 8.1376314163208 8.13418865203857 8.13064193725586 8.12925052642822
8.12038516998291 8.12037658691406 8.12041282653809 8.12073612213135 8.1210880279541 8.12141990661621 8.12184047698975 8.12270545959473 8.12321090698242 8.12284564971924 8.12240028381348 8.12184524536133 8.12164306640625 8.12173080444336 8.12208652496338 8.1225700378418 8.12495040893555 8.12778377532959 8.13014698028564 8.13233470916748 8.13245105743408 8.13253784179688 8.13250160217285 8.13280582427979 8.13382816314697 8.13511848449707 8.13673686981201 8.13882255554199 8.14124965667725 8.14084720611572 8.13927268981934 8.13621520996094 8.13286590576172 8.12781143188477 8.12294864654541 8.12056827545166 8.11977958679199 8.12458896636963 8.13005352020264 8.13673305511475 8.13992404937744 8.13931465148926 8.1367130279541 8.13282203674316 8.12953662872314 8.12646865844727 8.12499237060547
8.11929893493652 8.1196928024292 8.1201171875 8.12049007415771 8.12084293365479 8.12080383300781 8.12070560455322 8.12030601501465 8.11971569061279 8.11866569519043 8.11804676055908 8.11801910400391 8.11813926696777 8.11838054656982 8.11933422088623 8.12062454223633 8.12277698516846 8.12513637542725 8.12695026397705 8.12860870361328 8.12855243682861 8.12867069244385 8.12951755523682 8.13056373596191 8.13202857971191 8.13320350646973 8.13402366638184 8.13430500030518 8.13419437408447 8.13354969024658 8.13268566131592 8.13043308258057 8.12790870666504 8.12401390075684 8.12023544311523 8.11809253692627 8.11683940887451 8.11871719360352 8.12169075012207 8.12669849395752 8.1299352645874 8.13124084472656 8.13004779815674 8.12723731994629 8.12477970123291 8.12244892120361 8.12177467346191
8.11877918243408 8.11941528320312 8.12003993988037 8.12023544311523 8.12036037445068 8.11973857879639 8.11898708343506 8.11757755279541 8.11617565155029 8.11479377746582 8.11412811279297 8.11444759368896 8.11483573913574 8.1152811050415 8.11666679382324 8.11849689483643 8.12027359008789 8.12203788757324 8.12324810028076 8.12432861328125 8.12406826019287 8.12408924102783 8.12528324127197 8.12658500671387 8.12811279296875 8.12896823883057 8.12900161743164 8.12792015075684 8.12602806091309 8.12522029876709 8.12486171722412 8.1233959197998 8.12171268463135 8.11908531188965 8.11651611328125 8.11485385894775 8.11353302001953 8.11340808868408 8.11453247070312 8.11797618865967 8.12082481384277 8.12302494049072 8.12288188934326 8.12122249603271 8.11972522735596 8.1182861328125 8.11852264404297
8.11949443817139 8.12002754211426 8.120436668396 8.11996364593506 8.11936092376709 8.11769485473633 8.11599636077881 8.11413192749023 8.11253643035889 8.11159324645996 8.11116123199463 8.11143207550049 8.11196994781494 8.11272716522217 8.11418437957764 8.11597347259521 8.11704921722412 8.11795520782471 8.11844253540039 8.11883640289307 8.11830520629883 8.11794757843018 8.11831951141357 8.11881637573242 8.11958026885986 8.11967182159424 8.11894130706787 8.11746215820312 8.11543846130371 8.11463737487793 8.11434173583984 8.11361980438232 8.11281394958496 8.11168956756592 8.11059951782227 8.10995292663574 8.10942840576172 8.1093282699585 8.11000347137451 8.1121187210083 8.11363410949707 8.11449718475342 8.11462211608887 8.11427021026611 8.11402225494385 8.11381053924561 8.11519145965576
8.12014102935791 8.12046527862549 8.1205587387085 8.11942672729492 8.11813354492188 8.11587810516357 8.11367130279541 8.11171340942383 8.1101188659668 8.10940361022949 8.10903739929199 8.10914993286133 8.10963153839111 8.11041450500488 8.11172866821289 8.11329460144043 8.11384296417236 8.11414813995361 8.11400508880615 8.11379146575928 8.11300182342529 8.1123046875 8.11199855804443 8.11181354522705 8.11188411712646 8.11144256591797 8.11037731170654 8.10892868041992 8.10719966888428 8.10650634765625 8.10624027252197 8.1059684753418 8.1056957244873 8.10550975799561 8.10534763336182 8.10538387298584 8.10543346405029 8.10553073883057 8.10604858398438 8.10734748840332 8.10808944702148 8.10822200775146 8.10863304138184 8.10922336578369 8.10990619659424 8.11062049865723 8.11269664764404
8.12070369720459 8.12068367004395 8.12033653259277 8.11855602264404 8.11661624908447 8.11434555053711 8.11218547821045 8.11058807373047 8.10923862457275 8.10848522186279 8.10797309875488 8.10779285430908 8.10795879364014 8.10840797424316 8.10930824279785 8.1104211807251 8.11065864562988 8.11068630218506 8.11003112792969 8.10930824279785 8.10827541351318 8.1072883605957 8.10648822784424 8.10577392578125 8.10523986816406 8.10455703735352 8.10369491577148 8.10281467437744 8.10192012786865 8.10146141052246 8.10118198394775 8.10099029541016 8.10081672668457 8.10085964202881 8.10093402862549 8.10123062133789 8.10157489776611 8.10208606719971 8.10281467437744 8.10394477844238 8.10461521148682 8.1047830581665 8.10550022125244 8.10657405853271 8.10778713226318 8.10905075073242 8.111252784729
8.12117195129395 8.12102603912354 8.12048149108887 8.11853408813477 8.11643123626709 8.11400127410889 8.1117057800293 8.11009216308594 8.10869312286377 8.10781478881836 8.10714912414551 8.10677623748779 8.10666656494141 8.10677051544189 8.10714817047119 8.10765552520752 8.10767936706543 8.10758876800537 8.10669422149658 8.10573863983154 8.10470962524414 8.10371017456055 8.10283756256104 8.10200977325439 8.10127353668213 8.10055351257324 8.09985542297363 8.09930992126465 8.098876953125 8.09859085083008 8.09836578369141 8.09826278686523 8.09818458557129 8.09832191467285 8.09848403930664 8.09881782531738 8.09920883178711 8.09980010986328 8.10049915313721 8.10139656066895 8.10201835632324 8.10233879089355 8.10320568084717 8.10442638397217 8.1058521270752 8.1073522567749 8.10964107513428
8.12157154083252 8.12146282196045 8.1209020614624 8.11914920806885 8.11724472045898 8.11454772949219 8.11198043823242 8.11006736755371 8.10840129852295 8.10733127593994 8.10650634765625 8.10601711273193 8.1056604385376 8.10541152954102 8.10518550872803 8.1049690246582 8.10485458374023 8.10476398468018 8.10383319854736 8.10285472869873 8.10201168060303 8.10121059417725 8.10058212280273 8.09995174407959 8.09931564331055 8.09871101379395 8.09814643859863 8.09776306152344 8.09751033782959 8.09735107421875 8.09723091125488 8.09722232818604 8.09723663330078 8.09736728668213 8.09750938415527 8.09770965576172 8.09795951843262 8.09838199615479 8.09887218475342 8.09948825836182 8.10007953643799 8.10064125061035 8.10153961181641 8.1026554107666 8.10405540466309 8.10555744171143 8.10790252685547
8.12166690826416 8.12167453765869 8.1212682723999 8.11977100372314 8.11812019348145 8.11532115936279 8.11261940002441 8.11041069030762 8.10845947265625 8.10713005065918 8.10611534118652 8.10553073883057 8.1050329208374 8.10460662841797 8.104079246521 8.10350322723389 8.10311317443848 8.10276794433594 8.10182285308838 8.10085868835449 8.10020351409912 8.09957695007324 8.0990686416626 8.09855175018311 8.0980167388916 8.09753513336182 8.09711837768555 8.0968656539917 8.0967321395874 8.09665775299072 8.09660816192627 8.09665870666504 8.09672927856445 8.0968542098999 8.09698390960693 8.09714698791504 8.09734535217285 8.09766483306885 8.09802627563477 8.09846591949463 8.09896373748779 8.09952449798584 8.10034370422363 8.10132789611816 8.10265350341797 8.10410118103027 8.10642623901367
8.12163257598877 8.12178993225098 8.12161159515381 8.12039661407471 8.11902141571045 8.11619186401367 8.11341571807861 8.11091136932373 8.10866737365723 8.1070499420166 8.10583209991455 8.10516166687012 8.10456848144531 8.10403919219971 8.10333919525146 8.10255908966064 8.10183620452881 8.10112762451172 8.10017681121826 8.09924221038818 8.09877586364746 8.098313331604 8.09787273406982 8.09743404388428 8.09700012207031 8.09664344787598 8.09638214111328 8.09624862670898 8.09620666503906 8.09619903564453 8.09620380401611 8.09629917144775 8.09641170501709 8.09652996063232 8.09665298461914 8.0968189239502 8.09700298309326 8.09724903106689 8.09751605987549 8.09782218933105 8.09820079803467 8.09865665435791 8.0993480682373 8.10019111633301 8.10142135620117 8.1027889251709 8.10506153106689
8.12103843688965 8.12122631072998 8.12117958068848 8.12021064758301 8.11909008026123 8.11643886566162 8.11378765106201 8.1111364364624 8.10872459411621 8.10689163208008 8.1055212020874 8.10478782653809 8.10414695739746 8.10358428955078 8.10276412963867 8.10182285308838 8.10096836090088 8.10013484954834 8.09930896759033 8.09850883483887 8.09807395935059 8.09764766693115 8.09725189208984 8.09685897827148 8.09647083282471 8.09617900848389 8.09600448608398 8.09591674804688 8.09589099884033 8.09591674804688 8.09596347808838 8.09611034393311 8.09627723693848 8.09645557403564 8.09663105010986 8.09677028656006 8.09691905975342 8.09710121154785 8.09730434417725 8.09754657745361 8.09783554077148 8.09817504882812 8.09872913360596 8.09942054748535 8.10055541992188 8.10184860229492 8.10406684875488
8.12032985687256 8.12052249908447 8.12058734893799 8.1198558807373 8.11898612976074 8.11655616760254 8.1140718460083 8.11130428314209 8.10875129699707 8.10671710968018 8.10520553588867 8.10441207885742 8.10373497009277 8.10315132141113 8.10222244262695 8.10112953186035 8.10018539428711 8.09927654266357 8.09860134124756 8.09795761108398 8.09752368927002 8.09710502624512 8.09675025939941 8.09639644622803 8.09604263305664 8.09580230712891 8.09570121765137 8.09564304351807 8.09561729431152 8.09567070007324 8.09575748443604 8.09595775604248 8.09618091583252 8.09643268585205 8.09667205810547 8.09677886962891 8.09688949584961 8.09700870513916 8.09715461730957 8.09734630584717 8.09755229949951 8.0977725982666 8.09818649291992 8.09872627258301 8.09976577758789 8.10098457336426 8.10314846038818
8.11965084075928 8.11972141265869 8.11969184875488 8.11886787414551 8.11791610717773 8.11572170257568 8.11345100402832 8.11079406738281 8.10831165313721 8.10625171661377 8.10474967956543 8.1040153503418 8.10336780548096 8.10279083251953 8.10189056396484 8.10083770751953 8.09990882873535 8.09900951385498 8.09835910797119 8.09773921966553 8.09729957580566 8.0968713760376 8.0964937210083 8.09612369537354 8.09577083587646 8.09553813934326 8.09544944763184 8.0954008102417 8.09537887573242 8.09548377990723 8.09564208984375 8.09596920013428 8.0963306427002 8.09665107727051 8.09695053100586 8.09705448150635 8.09714317321777 8.09717845916748 8.09724044799805 8.09735107421875 8.09749126434326 8.09766387939453 8.09798431396484 8.0984001159668 8.09931373596191 8.1004056930542 8.10245800018311
8.11889362335205 8.1188383102417 8.11870193481445 8.11778736114502 8.11675834655762 8.11482238769531 8.11279201507568 8.11028575897217 8.1079044342041 8.1058235168457 8.10432910919189 8.10364055633545 8.10302257537842 8.10246086120605 8.10161304473877 8.10062789916992 8.09971809387207 8.09882545471191 8.09817695617676 8.09755706787109 8.09710311889648 8.09665966033936 8.09625625610352 8.09586906433105 8.09551525115967 8.0952844619751 8.09520435333252 8.0951623916626 8.09514808654785 8.09530448913574 8.09553241729736 8.09599781036377 8.09650993347168 8.0969066619873 8.09727191925049 8.09737205505371 8.09743881225586 8.09738636016846 8.09736061096191 8.09738349914551 8.09745597839355 8.09758186340332 8.09781360626221 8.09811401367188 8.09889984130859 8.0998592376709 8.10179042816162
8.11728954315186 8.11711597442627 8.11684703826904 8.11602401733398 8.1151237487793 8.11369609832764 8.11216640472412 8.11012077331543 8.10805320739746 8.10593318939209 8.10435199737549 8.10351085662842 8.10288238525391 8.1024284362793 8.10179901123047 8.10108661651611 8.10018825531006 8.09924602508545 8.09840869903564 8.09759616851807 8.09704971313477 8.09652900695801 8.09611701965332 8.09571743011475 8.09534549713135 8.09509563446045 8.09499549865723 8.09496116638184 8.09497451782227 8.09517288208008 8.0954475402832 8.09613227844238 8.09689807891846 8.09744262695312 8.09793663024902 8.09801387786865 8.09803867340088 8.09787845611572 8.09773254394531 8.09761333465576 8.09758281707764 8.09764957427979 8.09782314300537 8.09806537628174 8.09872150421143 8.09952545166016 8.10126876831055
8.11557197570801 8.11534786224365 8.11502456665039 8.11431407928467 8.11355686187744 8.11261653900146 8.11157035827637 8.10998821258545 8.10824012756348 8.10608959197998 8.10442638397217 8.10343170166016 8.10279083251953 8.10243797302246 8.10200881958008 8.10154247283936 8.10068321228027 8.09973049163818 8.09874057769775 8.09776973724365 8.09711360931396 8.09649562835693 8.09603500366211 8.09559345245361 8.09518909454346 8.09491348266602 8.09479331970215 8.09476375579834 8.09480094909668 8.09503650665283 8.09535312652588 8.09624576568604 8.09725189208984 8.09794425964355 8.0985689163208 8.09864711761475 8.0986499786377 8.09839057922363 8.09812927246094 8.09786796569824 8.09773254394531 8.09773445129395 8.09785079956055 8.09804153442383 8.09857749938965 8.09923648834229 8.10079383850098
8.11344051361084 8.1134147644043 8.11332130432129 8.11280345916748 8.11224269866943 8.11170864105225 8.11108016967773 8.10997581481934 8.10856628417969 8.10641765594482 8.10469055175781 8.10354042053223 8.10287475585938 8.10260486602783 8.10230159759521 8.10198307037354 8.10126495361328 8.1004524230957 8.09944152832031 8.09842967987061 8.09760475158691 8.09681415557861 8.09616565704346 8.09557056427002 8.09508323669434 8.09475326538086 8.09461402893066 8.09458255767822 8.09462833404541 8.09488391876221 8.09522533416748 8.09628391265869 8.09748458862305 8.0983190536499 8.09908008575439 8.09924793243408 8.09930610656738 8.09897613525391 8.09862041473389 8.09821701049805 8.09796619415283 8.09788131713867 8.0979471206665 8.09810829162598 8.09855556488037 8.09910583496094 8.10049343109131
