Ecospace-environmental-drivers/Outputs/ASCII-for-ecospace/MOM6-ISIMIP3a/ph/1994-03_ph_MOM6-ISIMIP3a.asc
NCOLS 131 
NROWS 53 
XLLCORNER -98 
YLLCORNER 23.9265270233154 
CELLSIZE 0.133587792515755 
NODATA_value -9999 
[rows 21 to 41 of 53, columns 47 to 93 of 131]
8.20521640777588 8.20539855957031 8.20536804199219 8.20543479919434 8.20553398132324 8.2062816619873 8.20696926116943 8.20735740661621 8.20800495147705 8.2092752456665 8.21055126190186 8.21183586120605 8.21364593505859 8.21588706970215 8.21651744842529 8.21638488769531 8.21603584289551 8.2156343460083 8.21607208251953 8.21650791168213 8.21608543395996 8.2158784866333 8.21657276153564 8.21716117858887 8.217529296875 8.21754741668701 8.21713829040527 8.21611881256104 8.21465396881104 8.21374988555908 8.21307754516602 8.2118558883667 8.21052646636963 8.20932197570801 8.20805931091309 8.20617580413818 8.20407390594482 8.20120429992676 8.19906425476074 8.19827938079834 8.19634437561035 8.19315624237061 8.1914234161377 8.19063186645508 8.1897611618042 8.18886089324951 8.18617630004883
8.20313167572021 8.2038106918335 8.20417785644531 8.20438671112061 8.20459270477295 8.20512771606445 8.20559215545654 8.20569610595703 8.20590782165527 8.20637607574463 8.20697021484375 8.20773887634277 8.20911312103271 8.21098327636719 8.2118968963623 8.21235656738281 8.21300792694092 8.21370506286621 8.21425628662109 8.21468353271484 8.21345996856689 8.21266269683838 8.21364593505859 8.21463012695312 8.21561813354492 8.21627426147461 8.21652507781982 8.21589946746826 8.21463489532471 8.21353816986084 8.21251106262207 8.21101188659668 8.2094202041626 8.20619583129883 8.20293140411377 8.19987773895264 8.19670486450195 8.19311618804932 8.19022560119629 8.18863296508789 8.1862154006958 8.18289756774902 8.18155860900879 8.18149948120117 8.18136501312256 8.18120384216309 8.17994499206543
8.2010383605957 8.20222949981689 8.20302104949951 8.20343017578125 8.20380020141602 8.2041597366333 8.20443439483643 8.2042818069458 8.20406723022461 8.20370197296143 8.20358753204346 8.20381832122803 8.20471668243408 8.20616149902344 8.20735645294189 8.2084321975708 8.21005821228027 8.21181392669678 8.21235084533691 8.21264457702637 8.21060657501221 8.20920562744141 8.2104663848877 8.21181678771973 8.21335506439209 8.21459770202637 8.21547794342041 8.21518516540527 8.21403789520264 8.21268367767334 8.21124458312988 8.20941925048828 8.20751762390137 8.20224761962891 8.19696617126465 8.19279670715332 8.18862342834473 8.18443870544434 8.18090915679932 8.17859935760498 8.17582607269287 8.17255020141602 8.17166042327881 8.17231464385986 8.17294025421143 8.17355537414551 8.17372417449951
8.19902420043945 8.20061779022217 8.20175170898438 8.20221042633057 8.20260620117188 8.2031831741333 8.20369148254395 8.20385360717773 8.20383548736572 8.20337772369385 8.2030553817749 8.20291614532471 8.20363330841064 8.20505142211914 8.20654582977295 8.20807552337646 8.2090539932251 8.20989990234375 8.20830345153809 8.20645809173584 8.2034387588501 8.20132160186768 8.20298099517822 8.20447635650635 8.20562553405762 8.20651531219482 8.20708751678467 8.20608520507812 8.20393657684326 8.20128440856934 8.19842433929443 8.19558715820312 8.1927547454834 8.1868896484375 8.18113422393799 8.17754364013672 8.17400074005127 8.17062473297119 8.16798305511475 8.16670608520508 8.16533184051514 8.16385269165039 8.16373157501221 8.16449165344238 8.16574954986572 8.16718769073486 8.16832542419434
8.19684505462646 8.19892978668213 8.20050048828125 8.20101356506348 8.20143032073975 8.20213985443115 8.20279884338379 8.20320129394531 8.20333385467529 8.20281410217285 8.20233821868896 8.20192432403564 8.2024564743042 8.20376205444336 8.20526218414307 8.20685386657715 8.20699882507324 8.20679759979248 8.20333385467529 8.19962215423584 8.19555282592773 8.19257164001465 8.1941385269165 8.19537925720215 8.19592952728271 8.19629287719727 8.1964282989502 8.19494342803955 8.19227981567383 8.18881797790527 8.18502712249756 8.18162250518799 8.17829418182373 8.17239284515381 8.1666784286499 8.16372013092041 8.16086196899414 8.15835857391357 8.15664958953857 8.15641689300537 8.15628910064697 8.15627574920654 8.15679550170898 8.15766143798828 8.15938663482666 8.16142082214355 8.16340732574463
8.19394779205322 8.19691181182861 8.19932651519775 8.19992351531982 8.20033550262451 8.20080661773682 8.20125198364258 8.20156574249268 8.20165348052979 8.20119571685791 8.20081520080566 8.20053958892822 8.20086574554443 8.20168495178223 8.201904296875 8.20183944702148 8.20033550262451 8.19848823547363 8.19432735443115 8.18993854522705 8.1845235824585 8.18002319335938 8.17935085296631 8.17858219146729 8.17761325836182 8.17668914794922 8.17582035064697 8.17484760284424 8.17380046844482 8.17167186737061 8.16909694671631 8.16707420349121 8.16515922546387 8.16166877746582 8.15825462341309 8.15616226196289 8.1542329788208 8.15287685394287 8.15229606628418 8.15315914154053 8.15361022949219 8.15361404418945 8.15420913696289 8.15518665313721 8.15664672851562 8.15828037261963 8.16059684753418
8.18993663787842 8.19371223449707 8.19699287414551 8.19780731201172 8.19836235046387 8.19869422912598 8.19898223876953 8.19905090332031 8.1989278793335 8.19834041595459 8.19785022735596 8.19749546051025 8.19747066497803 8.19771575927734 8.19668865203857 8.19505977630615 8.19228553771973 8.18923759460449 8.18469905853271 8.1799840927124 8.17418479919434 8.16910934448242 8.16706085205078 8.16511154174805 8.16337299346924 8.16174793243408 8.16026210784912 8.15958881378174 8.15950870513916 8.15849781036377 8.15710163116455 8.15610218048096 8.15517997741699 8.15346240997314 8.15175151824951 8.15039348602295 8.14923191070557 8.14876651763916 8.14907932281494 8.15083694458008 8.1516637802124 8.15147495269775 8.15217876434326 8.1534595489502 8.15475559234619 8.15605735778809 8.15860080718994
8.18349552154541 8.18793392181396 8.19212627410889 8.19345760345459 8.19447326660156 8.19488048553467 8.19513607025146 8.19462013244629 8.19392204284668 8.19278430938721 8.19174194335938 8.19082927703857 8.19013595581055 8.18962001800537 8.18742275238037 8.18442821502686 8.18120861053467 8.17793560028076 8.17371463775635 8.16944122314453 8.16535472869873 8.1617603302002 8.16022300720215 8.15889835357666 8.15802478790283 8.15697860717773 8.15572071075439 8.15488433837891 8.15435314178467 8.15398788452148 8.15368938446045 8.15293216705322 8.15208530426025 8.1507511138916 8.14943981170654 8.14852523803711 8.14778327941895 8.14765071868896 8.14834117889404 8.150559425354 8.1513147354126 8.15047454833984 8.1513614654541 8.15336608886719 8.15471649169922 8.15583229064941 8.15838241577148
8.17656421661377 8.18090438842773 8.18522644042969 8.18706607818604 8.18862342834473 8.18940448760986 8.18994331359863 8.18924713134766 8.18825149536133 8.18653297424316 8.18490695953369 8.18340873718262 8.1821346282959 8.1810417175293 8.178466796875 8.1751880645752 8.1721019744873 8.1690616607666 8.16539669036865 8.16175079345703 8.15899658203125 8.15652561187744 8.15524673461914 8.15423011779785 8.15377044677734 8.15302848815918 8.15194129943848 8.15105247497559 8.15030670166016 8.1502628326416 8.15051078796387 8.14992904663086 8.14918613433838 8.14802742004395 8.14690780639648 8.14631843566895 8.145920753479 8.14620018005371 8.14711856842041 8.14922523498535 8.14990711212158 8.14903736114502 8.15034198760986 8.15305328369141 8.15436267852783 8.15516757965088 8.15740585327148
8.16901588439941 8.1722993850708 8.17576789855957 8.17810821533203 8.18030738830566 8.1818380355835 8.18305683135986 8.18268966674805 8.18174457550049 8.17940425872803 8.17715740203857 8.17503833770752 8.17329406738281 8.1718578338623 8.16990089416504 8.16769790649414 8.16547298431396 8.16324234008789 8.16043663024902 8.15765190124512 8.15574741363525 8.15395259857178 8.15261268615723 8.1515064239502 8.15089130401611 8.15010833740234 8.14912033081055 8.14831924438477 8.14765453338623 8.14752769470215 8.14762401580811 8.14713668823242 8.14653301239014 8.14528751373291 8.14409637451172 8.14368438720703 8.1435375213623 8.14432716369629 8.14528656005859 8.14656066894531 8.14716911315918 8.14705276489258 8.14906787872314 8.15246295928955 8.15361022949219 8.15394973754883 8.15547561645508
8.16384506225586 8.16594982147217 8.16825675964355 8.17037582397461 8.17246532440186 8.17430210113525 8.17587280273438 8.17608261108398 8.17554092407227 8.17318630218506 8.17083549499512 8.16849136352539 8.16652870178223 8.16487884521484 8.16339206695557 8.1619815826416 8.16042137145996 8.15882587432861 8.15662479400635 8.15443134307861 8.15295791625977 8.15149879455566 8.15009593963623 8.14891052246094 8.14818286895752 8.14731979370117 8.14629077911377 8.14541816711426 8.14465808868408 8.14446258544922 8.14450073242188 8.14419364929199 8.14381885528564 8.14269733428955 8.1415958404541 8.14096546173096 8.14068984985352 8.14166164398193 8.1426477432251 8.14366054534912 8.14439296722412 8.14481925964355 8.14675998687744 8.14968204498291 8.15066337585449 8.15094661712646 8.15226364135742
8.16045570373535 8.16129207611084 8.16220664978027 8.1635627746582 8.16497802734375 8.16679000854492 8.16846466064453 8.16943645477295 8.16956424713135 8.16765117645264 8.16558647155762 8.16331195831299 8.1613187789917 8.15955543518066 8.15842533111572 8.15759468078613 8.15655326843262 8.15546035766602 8.15367412567139 8.15187072753906 8.15051364898682 8.14913558959961 8.14766597747803 8.14640998840332 8.14560222625732 8.14462947845459 8.14345550537109 8.14239025115967 8.14140510559082 8.14114952087402 8.14119720458984 8.14113903045654 8.14105892181396 8.14021968841553 8.13932704925537 8.13818359375 8.13749408721924 8.13840103149414 8.13940334320068 8.14058303833008 8.14158725738525 8.14239978790283 8.14367866516113 8.1452579498291 8.14606857299805 8.14660453796387 8.14809131622314
8.15887260437012 8.1590404510498 8.15922260284424 8.16004467010498 8.16095733642578 8.16252040863037 8.16405868530273 8.16546440124512 8.16608905792236 8.16483020782471 8.16328525543213 8.16134548187256 8.15959358215332 8.15799427032471 8.15687274932861 8.15597724914551 8.15469360351562 8.15331745147705 8.15159606933594 8.14986991882324 8.14844036102295 8.14695358276367 8.14522838592529 8.14379119873047 8.14295959472656 8.14195442199707 8.1407356262207 8.13955593109131 8.13840293884277 8.13806629180908 8.1380672454834 8.13797092437744 8.13785457611084 8.1372766494751 8.13662147521973 8.1353759765625 8.13454818725586 8.13519382476807 8.13599014282227 8.1370677947998 8.13801383972168 8.13881683349609 8.13969039916992 8.14060974121094 8.14138317108154 8.14210510253906 8.14393043518066
8.1580638885498 8.1578197479248 8.15755176544189 8.15793991088867 8.15842151641846 8.15964031219482 8.16093826293945 8.16263675689697 8.16368770599365 8.16317367553711 8.16224765777588 8.16075801849365 8.15936279296875 8.15804576873779 8.15678310394287 8.15554618835449 8.15369606018066 8.15169906616211 8.1498908996582 8.14811038970947 8.14652538299561 8.14484977722168 8.14278793334961 8.14112186431885 8.14029026031494 8.13928508758545 8.1380672454834 8.13680458068848 8.1355094909668 8.13508129119873 8.13501167297363 8.1347541809082 8.13445949554443 8.13413429260254 8.13372898101807 8.1325569152832 8.13171005249023 8.13200950622559 8.13250541687012 8.13336372375488 8.13411045074463 8.13473510742188 8.13531494140625 8.13586616516113 8.13665866851807 8.13753890991211 8.13977527618408
8.15669918060303 8.15630722045898 8.15594100952148 8.15618228912354 8.15651607513428 8.15769386291504 8.15898418426514 8.16084766387939 8.16211414337158 8.16193771362305 8.16127586364746 8.15994930267334 8.15869617462158 8.15750217437744 8.15612316131592 8.15465545654297 8.15264797210693 8.1505126953125 8.14859104156494 8.14669227600098 8.14490985870361 8.14300632476807 8.14060115814209 8.13867664337158 8.13776874542236 8.13676452636719 8.13564300537109 8.1343469619751 8.13292407989502 8.13244915008545 8.13236713409424 8.13190841674805 8.13137435913086 8.13101005554199 8.1306037902832 8.12971973419189 8.12905883789062 8.12918376922607 8.12946319580078 8.13003158569336 8.13056468963623 8.13105869293213 8.13156032562256 8.13206672668457 8.13300514221191 8.13409996032715 8.13637828826904
8.15521907806396 8.15473461151123 8.15434265136719 8.15449619293213 8.15474128723145 8.15594005584717 8.15727138519287 8.15927410125732 8.16071224212646 8.16078853607178 8.16031837463379 8.15909576416016 8.15793895721436 8.15683555603027 8.15534496307373 8.1536693572998 8.15159034729004 8.14941501617432 8.14737415313721 8.14534568786621 8.14335441589355 8.14121723175049 8.13846683502197 8.13627815246582 8.13527679443359 8.13427448272705 8.13327026367188 8.13195133209229 8.13040256500244 8.12989044189453 8.129807472229 8.1291389465332 8.1283540725708 8.12789154052734 8.1274299621582 8.12687873840332 8.12644577026367 8.12643146514893 8.12651348114014 8.12677669525146 8.1270923614502 8.12746524810791 8.12793350219727 8.12846279144287 8.12957382202148 8.13089466094971 8.13313770294189
8.15338325500488 8.15314865112305 8.15300369262695 8.1530704498291 8.15320682525635 8.1545934677124 8.15609741210938 8.15819263458252 8.1596155166626 8.1594181060791 8.15874576568604 8.15742301940918 8.15607929229736 8.15471744537354 8.1531400680542 8.15146064758301 8.14958763122559 8.14766788482666 8.14534854888916 8.14302635192871 8.14106750488281 8.13896560668945 8.13626956939697 8.13408374786377 8.13297462463379 8.13193035125732 8.1309642791748 8.12975692749023 8.12837219238281 8.12765598297119 8.12721633911133 8.12650680541992 8.1257438659668 8.12534046173096 8.12495613098145 8.12461757659912 8.12436389923096 8.12440872192383 8.12452602386475 8.12477970123291 8.12506580352783 8.12538623809814 8.12584114074707 8.12638187408447 8.12753963470459 8.12892055511475 8.13095569610596
8.15149307250977 8.15151309967041 8.15161895751953 8.15164756774902 8.15172386169434 8.15331554412842 8.15500450134277 8.15718460083008 8.1585865020752 8.15810585021973 8.15722942352295 8.15580749511719 8.15428066253662 8.15266799926758 8.1510181427002 8.1493501663208 8.14767456054688 8.14599609375 8.14341354370117 8.14081192016602 8.13885879516602 8.13677310943604 8.13413906097412 8.1319580078125 8.1307315826416 8.12963104248047 8.12868595123291 8.12758827209473 8.12637710571289 8.12546539306641 8.12467765808105 8.12394428253174 8.12322235107422 8.12289714813232 8.12260437011719 8.12248039245605 8.12241077423096 8.12252998352051 8.12269878387451 8.12295913696289 8.12322616577148 8.12350082397461 8.12392997741699 8.1244592666626 8.12563133239746 8.12703418731689 8.12886142730713
8.14918518066406 8.14935684204102 8.14962387084961 8.15011692047119 8.1506814956665 8.15257167816162 8.15451431274414 8.15672779083252 8.15812110900879 8.15753650665283 8.15660190582275 8.15518760681152 8.15366268157959 8.1520471572876 8.15045261383057 8.14886665344238 8.14716911315918 8.14544582366943 8.14283084869385 8.14017772674561 8.13784217834473 8.13543891906738 8.13275051116943 8.13046455383301 8.12902641296387 8.1277494430542 8.12667179107666 8.12559604644775 8.12452220916748 8.12359142303467 8.12272071838379 8.12206935882568 8.12146091461182 8.12131977081299 8.12122344970703 8.1213846206665 8.12156963348389 8.12183952331543 8.12211894989014 8.12241744995117 8.1226978302002 8.12295913696289 8.12322807312012 8.12350177764893 8.12439155578613 8.12550163269043 8.1272029876709
8.14707565307617 8.14741134643555 8.14785861968994 8.14877414703369 8.1497802734375 8.15195941925049 8.15414619445801 8.15637493133545 8.15775012969971 8.15706348419189 8.15608692169189 8.15471363067627 8.15322971343994 8.15165519714355 8.150146484375 8.14866924285889 8.14685726165771 8.14496517181396 8.14230346679688 8.13959312438965 8.1369457244873 8.13427925109863 8.13153553009033 8.12913036346436 8.12744045257568 8.12597370147705 8.12478065490723 8.12372303009033 8.12276458740234 8.12184715270996 8.12094688415527 8.12039947509766 8.11992073059082 8.11997890472412 8.12008762359619 8.12049674987793 8.12090396881104 8.12130260467529 8.12168407440186 8.12203598022461 8.12234592437744 8.1226110458374 8.12276363372803 8.12284278869629 8.12343597412109 8.12421321868896 8.125732421875
8.14568996429443 8.14623355865479 8.14693450927734 8.14812088012695 8.14939975738525 8.15183067321777 8.154221534729 8.15640449523926 8.15772151947021 8.15694713592529 8.15598583221436 8.15476989746094 8.15346813201904 8.15209674835205 8.15079212188721 8.14951992034912 8.14725017547607 8.14474296569824 8.14197158813477 8.13918876647949 8.13648796081543 8.13376617431641 8.13095378875732 8.12837696075439 8.12629222869873 8.12458610534668 8.12334251403809 8.12228584289551 8.12136650085449 8.12057971954346 8.11984634399414 8.11948394775391 8.11919403076172 8.1195011138916 8.11984920501709 8.12037467956543 8.12088298797607 8.12133121490479 8.12178134918213 8.12223720550537 8.12263584136963 8.12297344207764 8.12316989898682 8.1232738494873 8.1235237121582 8.12382507324219 8.1249532699585
