Ecospace-environmental-drivers/Outputs/ASCII-for-ecospace/MOM6-ISIMIP3a/ph/1996-07_ph_MOM6-ISIMIP3a.asc
NCOLS 131 
NROWS 53 
XLLCORNER -98 
YLLCORNER 23.9265270233154 
CELLSIZE 0.133587792515755 
NODATA_value -9999 
[rows 0 to 20 of 53, columns 47 to 93 of 131]
-9999 -9999 -9999 -9999 -9999 -9999 -9999 -9999 -9999 -9999 -9999 -9999 -9999 -9999 -9999 -9999 -9999 -9999 -9999 -9999 -9999 -9999 -9999 -9999 -9999 -9999 -9999 -9999 -9999 -9999 -9999 -9999 -9999 -9999 -9999 -9999 -9999 -9999 -9999 -9999 -9999 -9999 -9999 -9999 -9999 -9999 -9999
-9999 -9999 -9999 -9999 -9999 -9999 -9999 -9999 -9999 -9999 -9999 -9999 -9999 -9999 -9999 -9999 -9999 -9999 -9999 -9999 -9999 -9999 -9999 -9999 -9999 -9999 -9999 -9999 -9999 -9999 -9999 -9999 -9999 -9999 -9999 -9999 -9999 -9999 -9999 -9999 -9999 -9999 -9999 -9999 -9999 -9999 -9999
-9999 -9999 -9999 -9999 -9999 -9999 -9999 -9999 -9999 -9999 -9999 -9999 -9999 -9999 -9999 -9999 -9999 -9999 -9999 -9999 -9999 -9999 -9999 -9999 -9999 -9999 -9999 8.06838417053223 8.07526874542236 -9999 -9999 -9999 -9999 -9999 -9999 -9999 -9999 -9999 -9999 -9999 -9999 -9999 -9999 -9999 -9999 -9999 -9999
-9999 -9999 -9999 -9999 -9999 -9999 -9999 -9999 -9999 -9999 -9999 -9999 -9999 -9999 -9999 -9999 -9999 -9999 -9999 -9999 -9999 -9999 -9999 -9999 -9999 -9999 -9999 8.07007598876953 8.07634258270264 -9999 -9999 -9999 -9999 -9999 -9999 -9999 -9999 -9999 -9999 -9999 -9999 -9999 -9999 -9999 -9999 -9999 -9999
-9999 -9999 -9999 -9999 -9999 -9999 -9999 -9999 -9999 -9999 -9999 -9999 -9999 -9999 -9999 -9999 -9999 -9999 7.81544256210327 7.82438564300537 7.83154010772705 7.87327432632446 7.909996509552 7.97285890579224 8.01696681976318 8.04346942901611 8.06109142303467 8.07164192199707 8.07749557495117 8.07989025115967 -9999 -9999 8.08791065216064 8.0988302230835 8.11453437805176 8.1299295425415 8.1426362991333 8.15097618103027 8.1527099609375 8.14880657196045 8.13946723937988 8.12715721130371 -9999 -9999 -9999 -9999 -9999
-9999 -9999 -9999 -9999 -9999 -9999 -9999 -9999 -9999 -9999 -9999 -9999 -9999 -9999 7.51900434494019 -9999 7.50462293624878 7.4932336807251 7.6556544303894 7.81544256210327 7.82617425918579 7.83154010772705 7.91500854492188 7.98344039916992 8.02012729644775 8.04733180999756 8.06294822692871 8.07299423217773 8.07898426055908 8.08050727844238 8.08017921447754 8.08163642883301 8.0834436416626 8.09865093231201 8.11439609527588 8.13055515289307 8.14483642578125 8.15251731872559 8.15557384490967 8.15003776550293 8.14080905914307 8.12755584716797 8.1131067276001 8.0978832244873 -9999 -9999 -9999
-9999 -9999 -9999 -9999 -9999 -9999 -9999 -9999 -9999 -9999 7.88044595718384 7.87548780441284 7.87200546264648 7.86284255981445 7.68853569030762 7.52124977111816 7.51675891876221 7.50387620925903 7.4932336807251 7.65828657150269 7.81544256210327 7.83154010772705 7.91500854492188 7.98344039916992 8.02012729644775 8.04733180999756 8.06294822692871 8.07299423217773 8.07898426055908 8.08050727844238 8.08017921447754 8.08163642883301 8.0834436416626 8.09865093231201 8.11439609527588 8.13055515289307 8.14483642578125 8.15251731872559 8.15557384490967 8.15003776550293 8.14080905914307 8.12755584716797 8.1131067276001 8.0978832244873 8.09385967254639 8.09232807159424 -9999
-9999 -9999 -9999 -9999 -9999 -9999 -9999 -9999 -9999 -9999 7.90703010559082 7.88044595718384 7.87052917480469 -9999 7.85295724868774 7.68667268753052 7.52574062347412 7.51675891876221 7.50163555145264 7.4932336807251 7.66618347167969 7.82508945465088 7.92522287368774 8.00622749328613 8.04685115814209 8.07638168334961 8.09235572814941 8.10253810882568 8.10850143432617 8.11070728302002 8.11135768890381 8.11083889007568 8.11008930206299 8.11763095855713 8.12580394744873 8.13715934753418 8.14768314361572 8.15528011322021 8.15860176086426 8.15398406982422 8.144850730896 8.13079738616943 8.11649417877197 8.10202884674072 8.09425067901611 8.08887481689453 8.09115886688232
-9999 -9999 -9999 -9999 -9999 -9999 -9999 -9999 -9999 -9999 -9999 -9999 -9999 -9999 7.85406255722046 7.84419631958008 7.69260501861572 7.53472280502319 7.51675891876221 7.49491357803345 7.66206836700439 7.81973028182983 7.93766307830811 8.03207492828369 8.07683372497559 8.10873699188232 8.12493133544922 8.13513278961182 8.14096927642822 8.14385223388672 8.14551162719727 8.14285373687744 8.13934707641602 8.13856983184814 8.13852310180664 8.14461898803711 8.15101146697998 8.15844821929932 8.1619758605957 8.15824604034424 8.14914035797119 8.13417816162109 8.12003707885742 8.10642528533936 8.09708595275879 8.08928108215332 8.09140110015869
8.08522415161133 -9999 -9999 -9999 -9999 -9999 -9999 -9999 -9999 -9999 8.06973934173584 7.93427848815918 -9999 -9999 -9999 7.84096193313599 7.8508472442627 7.71973419189453 7.55268669128418 7.56627178192139 7.7256965637207 7.87585163116455 7.98721122741699 8.07588195800781 8.11665439605713 8.14373111724854 8.15406894683838 8.15982627868652 8.16224670410156 8.16300582885742 8.16307640075684 8.16019630432129 8.15673637390137 8.15443515777588 8.15270805358887 8.15617084503174 8.15997982025146 8.16500186920166 8.16569995880127 8.15837001800537 8.14662456512451 8.13006687164307 8.11606025695801 8.10370540618896 8.09668922424316 8.09158992767334 8.09284114837646
8.0823392868042 8.08191299438477 -9999 -9999 -9999 -9999 -9999 -9999 -9999 -9999 8.14149188995361 8.06935691833496 7.93427848815918 -9999 -9999 7.80111360549927 7.84132623672485 7.91010189056396 7.77779722213745 7.65049839019775 7.79712057113647 7.93500566482544 8.03632640838623 8.11672973632812 8.15297508239746 8.17529201507568 8.18058586120605 8.18247890472412 8.18189525604248 8.18084144592285 8.17959308624268 8.17666339874268 8.17340183258057 8.16983985900879 8.16668510437012 8.16761779785156 8.16891288757324 8.17148876190186 8.16946887969971 8.15891456604004 8.1447925567627 8.126784324646 8.11284923553467 8.10154914855957 8.09659290313721 8.09391593933105 8.09456634521484
8.0823392868042 8.08106136322021 8.09061145782471 8.0943546295166 -9999 -9999 -9999 -9999 -9999 -9999 -9999 8.1410665512085 8.05245304107666 7.93427848815918 7.88044595718384 7.80111360549927 7.84132623672485 7.91010189056396 7.85570812225342 7.80374717712402 7.91035747528076 8.01042652130127 8.08312320709229 8.14171123504639 8.17051792144775 8.18843555450439 8.1930456161499 8.19418621063232 8.1928014755249 8.19160747528076 8.19049263000488 8.1884298324585 8.18618106842041 8.18277359008789 8.17954540252686 8.17849349975586 8.1776647567749 8.17762184143066 8.17347621917725 8.16170883178711 8.14663410186768 8.12795257568359 8.11373996734619 8.10241794586182 8.09811496734619 8.09633255004883 8.09782028198242
8.08698558807373 8.09041690826416 8.09640598297119 8.09456253051758 -9999 -9999 -9999 -9999 8.11492347717285 8.13504886627197 8.15137004852295 8.16247081756592 8.1093578338623 8.00370597839355 7.92177104949951 7.85106945037842 7.88307809829712 7.9396276473999 7.93703174591064 7.93541240692139 8.00714588165283 8.07419490814209 8.12164306640625 8.16070365905762 8.18205642700195 8.19565868377686 8.19978618621826 8.2006311416626 8.1990852355957 8.19813442230225 8.19742965698242 8.19635009765625 8.19519710540771 8.1925163269043 8.1898193359375 8.1875057220459 8.18520355224609 8.18294048309326 8.17707443237305 8.16451740264893 8.14893627166748 8.13006019592285 8.11571502685547 8.1043004989624 8.10033321380615 8.09904098510742 8.10092067718506
8.10324764251709 8.10000705718994 8.0972204208374 8.09456253051758 8.09209632873535 8.09444999694824 8.09752368927002 8.10426330566406 8.11492347717285 8.13504886627197 8.15137004852295 8.16247081756592 8.14584255218506 8.10652637481689 8.06641101837158 8.02591609954834 8.02921104431152 8.04296779632568 8.02688694000244 8.01311588287354 8.06281185150146 8.10883235931396 8.13947296142578 8.16472053527832 8.17858219146729 8.18807506561279 8.19223022460938 8.19391918182373 8.19381332397461 8.19406509399414 8.19446563720703 8.19465446472168 8.19480133056641 8.19428253173828 8.19362545013428 8.19185924530029 8.18971157073975 8.18622303009033 8.17965316772461 8.16735935211182 8.15239334106445 8.1345157623291 8.12039947509766 8.108717918396 8.1042947769165 8.10247993469238 8.10363388061523
8.11594104766846 8.10990524291992 8.10291576385498 8.10044860839844 8.09865570068359 8.10257720947266 8.10733699798584 8.11635303497314 8.12798881530762 8.14595127105713 8.16006946563721 8.16890907287598 8.17277240753174 8.17256450653076 8.159912109375 8.14136409759521 8.12995433807373 8.1202507019043 8.10019588470459 8.08254146575928 8.11018085479736 8.13559627532959 8.15170001983643 8.16499805450439 8.17237567901611 8.1779203414917 8.18122577667236 8.1831111907959 8.18396282196045 8.18500804901123 8.18613433837891 8.18734836578369 8.18858051300049 8.19020080566406 8.19166469573975 8.19145679473877 8.19045925140381 8.18667888641357 8.18013954162598 8.16847610473633 8.15448951721191 8.13797283172607 8.12458324432373 8.1132173538208 8.10825729370117 8.10559749603271 8.10563087463379
8.12358665466309 8.12023830413818 8.11551094055176 8.11465549468994 8.11448669433594 8.12219619750977 8.13102340698242 8.14553451538086 8.15952777862549 8.17226886749268 8.18106651306152 8.18445014953613 8.18619537353516 8.18659973144531 8.18111133575439 8.17283153533936 8.16652584075928 8.1606912612915 8.15011024475098 8.14026165008545 8.14582061767578 8.15122890472412 8.15600395202637 8.15999031066895 8.16230773925781 8.16413021087646 8.1653470993042 8.16651248931885 8.16763973236084 8.16889953613281 8.17021560668945 8.17211151123047 8.17412281036377 8.17785167694092 8.18155002593994 8.18433284759521 8.18589115142822 8.18313980102539 8.1776704788208 8.16715240478516 8.15466022491455 8.14001941680908 8.12805843353271 8.11783313751221 8.11221885681152 8.10826206207275 8.10661602020264
8.1233024597168 8.12295246124268 8.12151432037354 8.12319374084473 8.1254186630249 8.13376045227051 8.14282035827637 8.15553283691406 8.16674041748047 8.17431735992432 8.17848300933838 8.1779670715332 8.17789268493652 8.17817878723145 8.176589012146 8.17411136627197 8.17110729217529 8.16797733306885 8.16336154937744 8.15871620178223 8.15512943267822 8.15210628509521 8.15143871307373 8.15090751647949 8.15066623687744 8.15060329437256 8.15075874328613 8.15142154693604 8.1524543762207 8.15360450744629 8.15480327606201 8.15730667114258 8.16006660461426 8.1656665802002 8.17127227783203 8.17590427398682 8.17913818359375 8.17745780944824 8.17319297790527 8.1641321182251 8.15343570709229 8.14095783233643 8.13067245483398 8.12180519104004 8.11611175537109 8.11155796051025 8.10872077941895
8.11633968353271 8.1192512512207 8.1219654083252 8.1269588470459 8.13222312927246 8.13854217529297 8.144606590271 8.14937686920166 8.15347003936768 8.15592765808105 8.15604209899902 8.15293884277344 8.15129566192627 8.15084648132324 8.15040588378906 8.14996910095215 8.14874839782715 8.14734077453613 8.14573669433594 8.14410400390625 8.14226531982422 8.14055919647217 8.13940334320068 8.13839530944824 8.13770008087158 8.13729858398438 8.13725662231445 8.13760089874268 8.13822650909424 8.13899230957031 8.13981628417969 8.14286422729492 8.14634895324707 8.15362071990967 8.16085720062256 8.16637706756592 8.17054748535156 8.16996955871582 8.16702461242676 8.15968418121338 8.15103626251221 8.14096260070801 8.13255882263184 8.12523460388184 8.11994552612305 8.11538600921631 8.11176681518555
8.1053638458252 8.10853099822998 8.11184692382812 8.11680221557617 8.12189483642578 8.12614059448242 8.12989044189453 8.13111305236816 8.13215923309326 8.13277912139893 8.13190174102783 8.12896823883057 8.12752532958984 8.12730312347412 8.12768459320068 8.12835121154785 8.12801647186279 8.12744140625 8.12714385986328 8.12685585021973 8.12642574310303 8.12598323822021 8.12548542022705 8.12509155273438 8.12491416931152 8.12502670288086 8.12549304962158 8.12595081329346 8.12640285491943 8.12737083435059 8.12855243682861 8.13283634185791 8.13772869110107 8.14593887329102 8.15397071838379 8.15905666351318 8.16286945343018 8.16220664978027 8.15953063964844 8.15311431884766 8.14586162567139 8.13769912719727 8.13089847564697 8.12497806549072 8.12048435211182 8.11650371551514 8.1131534576416
8.0924243927002 8.09437561035156 8.09655570983887 8.09983444213867 8.10318088531494 8.10533142089844 8.10709953308105 8.10692405700684 8.10691356658936 8.10730171203613 8.10692977905273 8.1055154800415 8.10513973236084 8.10561370849609 8.10665702819824 8.10797023773193 8.10807991027832 8.10790252685547 8.10807800292969 8.10831737518311 8.10912990570068 8.10992527008057 8.11064720153809 8.11139965057373 8.11221694946289 8.11326026916504 8.11458110809326 8.11536407470703 8.11575412750244 8.11721134185791 8.11911106109619 8.12496852874756 8.13160419464111 8.14039421081543 8.14881229400635 8.1528148651123 8.15563774108887 8.15431022644043 8.15138816833496 8.14550495147705 8.13932991027832 8.13283634185791 8.12750148773193 8.12291622161865 8.11941146850586 8.11629390716553 8.11372756958008
8.08590507507324 8.08695888519287 8.08817672729492 8.09003257751465 8.09192657470703 8.09308624267578 8.09401226043701 8.09375190734863 8.09362411499023 8.09381580352783 8.09363555908203 8.09294414520264 8.09290313720703 8.09339332580566 8.09433555603027 8.09549331665039 8.09572219848633 8.09572982788086 8.09588050842285 8.09608173370361 8.0968770980835 8.09774589538574 8.09891700744629 8.10018157958984 8.10164451599121 8.10332775115967 8.10527896881104 8.10679244995117 8.10798645019531 8.11061668395996 8.11384201049805 8.1211404800415 8.12924003601074 8.13723850250244 8.14471340179443 8.1471118927002 8.14840507507324 8.1458101272583 8.14204025268555 8.13608932495117 8.13033866882324 8.12480640411377 8.12052631378174 8.11705493927002 8.11466503143311 8.11266422271729 8.11112403869629
