Ecospace-environmental-drivers/Outputs/ASCII-for-ecospace/MOM6-ISIMIP3a/ph/2001-04_ph_MOM6-ISIMIP3a.asc
NCOLS 131 
NROWS 53 
XLLCORNER -98 
YLLCORNER 23.9265270233154 
CELLSIZE 0.133587792515755 
NODATA_value -9999 
[rows 0 to 20 of 53, columns 47 to 93 of 131]
-9999 -9999 -9999 -9999 -9999 -9999 -9999 -9999 -9999 -9999 -9999 -9999 -9999 -9999 -9999 -9999 -9999 -9999 -9999 -9999 -9999 -9999 -9999 -9999 -9999 -9999 -9999 -9999 -9999 -9999 -9999 -9999 -9999 -9999 -9999 -9999 -9999 -9999 -9999 -9999 -9999 -9999 -9999 -9999 -9999 -9999 -9999
-9999 -9999 -9999 -9999 -9999 -9999 -9999 -9999 -9999 -9999 -9999 -9999 -9999 -9999 -9999 -9999 -9999 -9999 -9999 -9999 -9999 -9999 -9999 -9999 -9999 -9999 -9999 -9999 -9999 -9999 -9999 -9999 -9999 -9999 -9999 -9999 -9999 -9999 -9999 -9999 -9999 -9999 -9999 -9999 -9999 -9999 -9999
-9999 -9999 -9999 -9999 -9999 -9999 -9999 -9999 -9999 -9999 -9999 -9999 -9999 -9999 -9999 -9999 -9999 -9999 -9999 -9999 -9999 -9999 -9999 -9999 -9999 -9999 -9999 8.14011573791504 8.15094947814941 -9999 -9999 -9999 -9999 -9999 -9999 -9999 -9999 -9999 -9999 -9999 -9999 -9999 -9999 -9999 -9999 -9999 -9999
-9999 -9999 -9999 -9999 -9999 -9999 -9999 -9999 -9999 -9999 -9999 -9999 -9999 -9999 -9999 -9999 -9999 -9999 -9999 -9999 -9999 -9999 -9999 -9999 -9999 -9999 -9999 8.14070510864258 8.15117645263672 -9999 -9999 -9999 -9999 -9999 -9999 -9999 -9999 -9999 -9999 -9999 -9999 -9999 -9999 -9999 -9999 -9999 -9999
-9999 -9999 -9999 -9999 -9999 -9999 -9999 -9999 -9999 -9999 -9999 -9999 -9999 -9999 -9999 -9999 -9999 -9999 7.95822858810425 7.96434450149536 7.96923685073853 7.99777603149414 8.02282333374023 8.06554985046387 8.09572219848633 8.11476516723633 8.12948131561279 8.14115047454834 8.15148258209229 8.16089534759521 -9999 -9999 8.19036674499512 8.19804000854492 8.20170402526855 8.20296478271484 8.20176219940186 8.1999979019165 8.19750785827637 8.19444274902344 8.19074249267578 8.18587779998779 -9999 -9999 -9999 -9999 -9999
-9999 -9999 -9999 -9999 -9999 -9999 -9999 -9999 -9999 -9999 -9999 -9999 -9999 -9999 7.72758483886719 -9999 7.71441173553467 7.70389795303345 7.83287000656128 7.95822858810425 7.96556758880615 7.96923685073853 8.0263147354126 8.07291984558105 8.09741401672363 8.1168327331543 8.13004779815674 8.14156341552734 8.15184020996094 8.16104412078857 8.16980266571045 8.1807222366333 8.19206714630127 8.1983118057251 8.20374202728271 8.20305824279785 8.20209312438965 8.20013618469238 8.1977653503418 8.19462299346924 8.19093894958496 8.18666553497314 8.18002986907959 8.17186450958252 -9999 -9999 -9999
-9999 -9999 -9999 -9999 -9999 -9999 -9999 -9999 -9999 -9999 7.91801834106445 7.91701698303223 7.91655015945435 7.91593790054321 7.82252073287964 7.72958755493164 7.72558164596558 7.71375513076782 7.70389795303345 7.8364839553833 7.95822858810425 7.96923685073853 8.0263147354126 8.07291984558105 8.09741401672363 8.1168327331543 8.13004779815674 8.14156341552734 8.15184020996094 8.16104412078857 8.16980266571045 8.1807222366333 8.19206714630127 8.1983118057251 8.20374202728271 8.20305824279785 8.20209312438965 8.20013618469238 8.1977653503418 8.19462299346924 8.19093894958496 8.18666553497314 8.18002986907959 8.17186450958252 8.16970634460449 8.17086887359619 -9999
-9999 -9999 -9999 -9999 -9999 -9999 -9999 -9999 -9999 -9999 7.92338705062866 7.91801834106445 7.916015625 -9999 7.91618156433105 7.82563734054565 7.73359394073486 7.72558164596558 7.71178531646729 7.70389795303345 7.84732532501221 7.97507286071777 8.03719997406006 8.08646583557129 8.10858058929443 8.12626647949219 8.13853931427002 8.14926433563232 8.15886306762695 8.16737842559814 8.17544460296631 8.18398952484131 8.19262790679932 8.19760227203369 8.20204544067383 8.20262718200684 8.2027473449707 8.201247215271 8.19914531707764 8.19592571258545 8.19269561767578 8.18945407867432 8.18431854248047 8.17795848846436 8.1734037399292 8.16949653625488 8.16657066345215
-9999 -9999 -9999 -9999 -9999 -9999 -9999 -9999 -9999 -9999 -9999 -9999 -9999 -9999 7.91481733322144 7.91971445083618 7.83447933197021 7.74160623550415 7.72558164596558 7.70587587356567 7.85158061981201 7.98217439651489 8.04952716827393 8.1015043258667 8.12102317810059 8.13680362701416 8.14801502227783 8.15784168243408 8.16666030883789 8.17438507080078 8.1816577911377 8.18760871887207 8.19330024719238 8.19689464569092 8.20026683807373 8.20222187042236 8.20352172851562 8.2025203704834 8.20071220397949 8.1974048614502 8.19465637207031 8.19251537322998 8.18900585174561 8.18461132049561 8.17781257629395 8.17015171051025 8.16544151306152
8.07036399841309 -9999 -9999 -9999 -9999 -9999 -9999 -9999 -9999 -9999 8.02785301208496 7.92888975143433 -9999 -9999 -9999 7.91642570495605 7.93270969390869 7.85607242584229 7.75763082504272 7.76878881454468 7.89606428146362 8.01026821136475 8.06976413726807 8.11610317230225 8.13466453552246 8.14922142028809 8.15888404846191 8.16710662841797 8.17428207397461 8.18034839630127 8.18595409393311 8.19087600708008 8.19566345214844 8.19895553588867 8.20210075378418 8.20433521270752 8.20590019226074 8.20511150360107 8.20339298248291 8.19994735717773 8.19692611694336 8.19436645507812 8.1910285949707 8.18718719482422 8.18147277832031 8.17508697509766 8.16819000244141
8.07058715820312 8.07061958312988 -9999 -9999 -9999 -9999 -9999 -9999 -9999 -9999 8.07827377319336 8.02397537231445 7.92888975143433 -9999 -9999 7.90199708938599 7.92926216125488 7.96687030792236 7.90101671218872 7.83955383300781 7.94545078277588 8.04061031341553 8.09083461761475 8.13048839569092 8.14782333374023 8.16107940673828 8.16935062408447 8.17611217498779 8.18177509307861 8.1863260269165 8.19041538238525 8.19431018829346 8.19816780090332 8.20113182067871 8.20401859283447 8.20646095275879 8.20825004577637 8.20773696899414 8.20619010925293 8.20272254943848 8.19944381713867 8.19637203216553 8.19305992126465 8.18959331512451 8.18485832214355 8.17966842651367 8.17121696472168
8.07058715820312 8.07068538665771 8.08742904663086 8.09619045257568 -9999 -9999 -9999 -9999 -9999 -9999 -9999 8.07308006286621 8.01147842407227 7.92888975143433 7.91801834106445 7.90199708938599 7.92926216125488 7.96687030792236 7.95865249633789 7.95243406295776 8.02113342285156 8.08301639556885 8.11637592315674 8.14372730255127 8.15839385986328 8.16993618011475 8.17765998840332 8.18372344970703 8.18857574462891 8.19238471984863 8.19576072692871 8.19864368438721 8.20142936706543 8.20392322540283 8.20638656616211 8.20865821838379 8.21044921875 8.21055030822754 8.20961380004883 8.20674991607666 8.20329761505127 8.19920539855957 8.19513893127441 8.19109058380127 8.18677139282227 8.18235492706299 8.17573165893555
8.07661056518555 8.08544731140137 8.09695339202881 8.09662914276123 -9999 -9999 -9999 -9999 8.07765579223633 8.07864189147949 8.08156681060791 8.0871524810791 8.05052185058594 7.97935009002686 7.9478554725647 7.93515539169312 7.95821142196655 7.98981046676636 8.01799297332764 8.04663372039795 8.08535861968994 8.12035942077637 8.13977241516113 8.15671920776367 8.16845798492432 8.17802333831787 8.1849308013916 8.19018173217773 8.19422435760498 8.19729614257812 8.19996643066406 8.20201396942139 8.20393848419189 8.20601558685303 8.20809745788574 8.21016883850098 8.21189212799072 8.21239185333252 8.21189880371094 8.20956420898438 8.20608425140381 8.20135688781738 8.19687747955322 8.19255828857422 8.18861770629883 8.184814453125 8.17959213256836
8.09769248962402 8.09731101989746 8.09796142578125 8.09662914276123 8.09498977661133 8.09053897857666 8.08598899841309 8.0809383392334 8.07765579223633 8.07864189147949 8.08156681060791 8.0871524810791 8.07889556884766 8.05931282043457 8.05228805541992 8.0512113571167 8.05953407287598 8.07010173797607 8.08159446716309 8.09413242340088 8.12094116210938 8.14504146575928 8.15780735015869 8.16909503936768 8.17726135253906 8.18418979644775 8.18960571289062 8.19375896453857 8.19699287414551 8.19933986663818 8.20132064819336 8.20297622680664 8.20456790924072 8.20636367797852 8.20816707611084 8.2099666595459 8.21144580841064 8.21180152893066 8.21133613586426 8.20934867858887 8.20620632171631 8.20180606842041 8.19776344299316 8.19395065307617 8.19029998779297 8.18670654296875 8.18181896209717
8.12284564971924 8.11722946166992 8.11160087585449 8.10978984832764 8.10828304290771 8.10441780090332 8.10055828094482 8.0967321395874 8.0944652557373 8.09596061706543 8.09939289093018 8.10548496246338 8.11334037780762 8.12264060974121 8.12917613983154 8.13440227508545 8.13459968566895 8.13359546661377 8.13498306274414 8.13744354248047 8.15312957763672 8.16714096069336 8.1741418838501 8.1804666519165 8.18536567687988 8.18974494934082 8.19348812103271 8.1964750289917 8.19890880584717 8.20070743560791 8.20224380493164 8.20370769500732 8.20515727996826 8.20674133300781 8.20831203460693 8.20970821380615 8.21079540252686 8.21079921722412 8.21020889282227 8.20851707458496 8.20576572418213 8.20185947418213 8.19829559326172 8.1949520111084 8.19169425964355 8.18846893310547 8.18403244018555
8.15375232696533 8.14853382110596 8.14309787750244 8.14155769348145 8.1403694152832 8.13791847229004 8.13572597503662 8.13485622406006 8.13503932952881 8.1377649307251 8.14242362976074 8.14973449707031 8.15637016296387 8.16245174407959 8.16712284088135 8.17112636566162 8.1725435256958 8.17334175109863 8.17393207550049 8.17483615875244 8.18052101135254 8.18558883666992 8.18807220458984 8.19042015075684 8.19248199462891 8.19443416595459 8.19625186920166 8.19797134399414 8.19961929321289 8.2011194229126 8.20255851745605 8.20411205291748 8.2056884765625 8.2071590423584 8.20856380462646 8.20937061309814 8.2098560333252 8.20921516418457 8.20828437805176 8.20681571960449 8.20452976226807 8.20135402679443 8.19832706451416 8.19539833068848 8.19268417358398 8.19004726409912 8.18622779846191
8.170973777771 8.16733455657959 8.16350269317627 8.16238403320312 8.16153240203857 8.16034984588623 8.15948104858398 8.1602029800415 8.16152095794678 8.16427898406982 8.16842937469482 8.17448997497559 8.17913913726807 8.18263339996338 8.185715675354 8.18860340118408 8.19067096710205 8.19254112243652 8.19351005554199 8.19444274902344 8.19576644897461 8.19686698913574 8.1970329284668 8.19720840454102 8.19740390777588 8.19774436950684 8.19826412200928 8.19910717010498 8.20018577575684 8.20153045654297 8.2029857635498 8.2045841217041 8.20621013641357 8.20739555358887 8.20847225189209 8.20865440368652 8.2085485458374 8.20743465423584 8.20622253417969 8.20483016967773 8.20287036895752 8.20029258728027 8.19770431518555 8.19510746002197 8.19266700744629 8.19028186798096 8.18668079376221
8.17666912078857 8.17560482025146 8.17456531524658 8.173996925354 8.17349433898926 8.17346096038818 8.17362403869629 8.17478942871094 8.17613506317139 8.17791748046875 8.18009853363037 8.18282699584961 8.18484687805176 8.1862850189209 8.18801021575928 8.18987274169922 8.19211006164551 8.19443798065186 8.19677543640137 8.19907283782959 8.20078277587891 8.20210552215576 8.20180797576904 8.20133113861084 8.20047664642334 8.19989395141602 8.19964408874512 8.1999397277832 8.20063209533691 8.20194244384766 8.2035083770752 8.20511150360107 8.20672225952148 8.20747852325439 8.20809078216553 8.20761871337891 8.20693206787109 8.20548915863037 8.20404624938965 8.20260524749756 8.20085334777832 8.19876480102539 8.19652843475342 8.19419765472412 8.19180297851562 8.18938541412354 8.18566513061523
8.17516613006592 8.1754322052002 8.17583847045898 8.17598628997803 8.17612648010254 8.17679023742676 8.17755603790283 8.1788387298584 8.18013763427734 8.18147373199463 8.18284893035889 8.18427753448486 8.18550872802734 8.18657684326172 8.18799686431885 8.18958377838135 8.19186115264893 8.19430351257324 8.19691371917725 8.1994743347168 8.20114421844482 8.20242023468018 8.20204448699951 8.2014274597168 8.20030212402344 8.19948101043701 8.19903087615967 8.19933128356934 8.20017623901367 8.20167636871338 8.20344638824463 8.20494270324707 8.20638561248779 8.20665073394775 8.20676136016846 8.20577812194824 8.20467185974121 8.20313549041748 8.20162487030029 8.20016098022461 8.19846153259277 8.19650650024414 8.194260597229 8.1918249130249 8.18938064575195 8.18693256378174 8.18343925476074
8.17014026641846 8.17112827301025 8.17232036590576 8.17326545715332 8.17419338226318 8.17533397674561 8.17649078369141 8.17773246765137 8.17894649505615 8.18009567260742 8.18123340606689 8.18235683441162 8.18370151519775 8.18522548675537 8.18685436248779 8.18853282928467 8.19078636169434 8.19317626953125 8.19552230834961 8.1978063583374 8.19922828674316 8.20032501220703 8.20005989074707 8.19955348968506 8.1985387802124 8.19781398773193 8.19744396209717 8.19801807403564 8.19927978515625 8.20107841491699 8.20309925079346 8.20443344116211 8.20563220977783 8.20537853240967 8.2049674987793 8.20354270935059 8.20209789276123 8.20058345794678 8.19908332824707 8.19760990142822 8.19588661193848 8.19389152526855 8.19145679473877 8.18873596191406 8.18619441986084 8.18371772766113 8.18062019348145
8.16493034362793 8.16733741760254 8.16996097564697 8.17192935943604 8.17381954193115 8.17539978027344 8.17690944671631 8.17805862426758 8.17906665802002 8.17973232269287 8.18073654174805 8.182204246521 8.18389129638672 8.18575859069824 8.18728542327881 8.18865203857422 8.190598487854 8.19268321990967 8.19417762756348 8.19556522369385 8.19599342346191 8.19622135162354 8.19561290740967 8.19491672515869 8.19403743743896 8.19354915618896 8.19353675842285 8.19441413879395 8.19593906402588 8.19777774810791 8.19974517822266 8.20083045959473 8.20174217224121 8.20127391815186 8.20068264007568 8.19937515258789 8.19810962677002 8.19699001312256 8.19583988189697 8.1946325302124 8.19296836853027 8.19080829620361 8.18834972381592 8.18569755554199 8.18326377868652 8.180908203125 8.17812538146973
