Ecospace-environmental-drivers/Outputs/ASCII-for-ecospace/MOM6-ISIMIP3a/ph/2002-09_ph_MOM6-ISIMIP3a.asc
NCOLS 131 
NROWS 53 
XLLCORNER -98 
YLLCORNER 23.9265270233154 
CELLSIZE 0.133587792515755 
NODATA_value -9999 
[rows 0 to 20 of 53, columns 47 to 93 of 131]
-9999 -9999 -9999 -9999 -9999 -9999 -9999 -9999 -9999 -9999 -9999 -9999 -9999 -9999 -9999 -9999 -9999 -9999 -9999 -9999 -9999 -9999 -9999 -9999 -9999 -9999 -9999 -9999 -9999 -9999 -9999 -9999 -9999 -9999 -9999 -9999 -9999 -9999 -9999 -9999 -9999 -9999 -9999 -9999 -9999 -9999 -9999
-9999 -9999 -9999 -9999 -9999 -9999 -9999 -9999 -9999 -9999 -9999 -9999 -9999 -9999 -9999 -9999 -9999 -9999 -9999 -9999 -9999 -9999 -9999 -9999 -9999 -9999 -9999 -9999 -9999 -9999 -9999 -9999 -9999 -9999 -9999 -9999 -9999 -9999 -9999 -9999 -9999 -9999 -9999 -9999 -9999 -9999 -9999
-9999 -9999 -9999 -9999 -9999 -9999 -9999 -9999 -9999 -9999 -9999 -9999 -9999 -9999 -9999 -9999 -9999 -9999 -9999 -9999 -9999 -9999 -9999 -9999 -9999 -9999 -9999 8.11824703216553 8.11629867553711 -9999 -9999 -9999 -9999 -9999 -9999 -9999 -9999 -9999 -9999 -9999 -9999 -9999 -9999 -9999 -9999 -9999 -9999
-9999 -9999 -9999 -9999 -9999 -9999 -9999 -9999 -9999 -9999 -9999 -9999 -9999 -9999 -9999 -9999 -9999 -9999 -9999 -9999 -9999 -9999 -9999 -9999 -9999 -9999 -9999 8.11913394927979 8.1169319152832 -9999 -9999 -9999 -9999 -9999 -9999 -9999 -9999 -9999 -9999 -9999 -9999 -9999 -9999 -9999 -9999 -9999 -9999
-9999 -9999 -9999 -9999 -9999 -9999 -9999 -9999 -9999 -9999 -9999 -9999 -9999 -9999 -9999 -9999 -9999 -9999 8.05593204498291 8.0584077835083 8.06038856506348 8.07194232940674 8.08194541931152 8.09867763519287 8.10987377166748 8.11621284484863 8.11969757080078 8.12011432647705 8.11758995056152 8.11309146881104 -9999 -9999 8.09822940826416 8.09476852416992 8.09317111968994 8.09280109405518 8.09359073638916 8.09445381164551 8.0953483581543 8.09654331207275 8.09841442108154 8.10079669952393 -9999 -9999 -9999 -9999 -9999
-9999 -9999 -9999 -9999 -9999 -9999 -9999 -9999 -9999 -9999 -9999 -9999 -9999 -9999 7.92383337020874 -9999 7.92150115966797 7.91978788375854 7.98992538452148 8.05593204498291 8.05890274047852 8.06038856506348 8.08349609375 8.10195159912109 8.11058616638184 8.11708354949951 8.12096977233887 8.12104034423828 8.11833190917969 8.11339855194092 8.1075439453125 8.1024808883667 8.09757328033447 8.09463405609131 8.09209728240967 8.09278202056885 8.09352397918701 8.0944652557373 8.09537124633789 8.09620952606201 8.09805011749268 8.10098457336426 8.10335636138916 8.10536289215088 -9999 -9999 -9999
-9999 -9999 -9999 -9999 -9999 -9999 -9999 -9999 -9999 -9999 7.69590520858765 7.70052337646484 7.70516109466553 7.72099924087524 7.83073091506958 7.92441844940186 7.92324781417847 7.92146825790405 7.91978788375854 7.99405574798584 8.05593204498291 8.06038856506348 8.08349609375 8.10195159912109 8.11058616638184 8.11708354949951 8.12096977233887 8.12104034423828 8.11833190917969 8.11339855194092 8.1075439453125 8.1024808883667 8.09757328033447 8.09463405609131 8.09209728240967 8.09278202056885 8.09352397918701 8.0944652557373 8.09537124633789 8.09620952606201 8.09805011749268 8.10098457336426 8.10335636138916 8.10536289215088 8.1058931350708 8.11029529571533 -9999
-9999 -9999 -9999 -9999 -9999 -9999 -9999 -9999 -9999 -9999 7.67114353179932 7.69590520858765 7.7051420211792 -9999 7.74341917037964 7.84813165664673 7.9255895614624 7.92324781417847 7.9213695526123 7.91978788375854 8.00644779205322 8.07976531982422 8.09724235534668 8.11031055450439 8.11407279968262 8.11587524414062 8.11528301239014 8.11256408691406 8.10829544067383 8.10445308685303 8.10078716278076 8.09788036346436 8.09512329101562 8.09324264526367 8.09156703948975 8.09157085418701 8.09161281585693 8.09179210662842 8.0919075012207 8.09190368652344 8.09335231781006 8.09638404846191 8.10005283355713 8.10413455963135 8.1095495223999 8.11544322967529 8.12201499938965
-9999 -9999 -9999 -9999 -9999 -9999 -9999 -9999 -9999 -9999 -9999 -9999 -9999 -9999 7.73302602767944 7.78285264968872 7.87594175338745 7.92793083190918 7.92324781417847 7.92107343673706 8.0194091796875 8.10095596313477 8.11223602294922 8.11938667297363 8.11781978607178 8.11452484130859 8.10911655426025 8.10339260101318 8.09744071960449 8.09478092193604 8.09348487854004 8.09291076660156 8.09247779846191 8.09175109863281 8.09101486206055 8.09029388427734 8.08959007263184 8.08895206451416 8.08820533752441 8.08725643157959 8.08822822570801 8.09129428863525 8.09632110595703 8.10261631011963 8.10896015167236 8.11532115936279 8.12408065795898
8.12205123901367 -9999 -9999 -9999 -9999 -9999 -9999 -9999 -9999 -9999 7.86213827133179 7.64576292037964 -9999 -9999 -9999 7.77032136917114 7.84538507461548 7.91282415390015 7.93261384963989 7.93952178955078 8.03344917297363 8.11062717437744 8.11771011352539 8.12124252319336 8.11727714538574 8.11293983459473 8.10814762115479 8.10266494750977 8.09667873382568 8.09420299530029 8.09318065643311 8.09276390075684 8.09246635437012 8.09210586547852 8.09174156188965 8.09137058258057 8.09098529815674 8.09054851531982 8.08948135375977 8.08724403381348 8.08635902404785 8.08694553375244 8.09045600891113 8.09585952758789 8.10389995574951 8.11288833618164 8.12296295166016
8.11971664428711 8.11937236785889 -9999 -9999 -9999 -9999 -9999 -9999 -9999 -9999 7.96852159500122 7.83986377716064 7.64576292037964 -9999 -9999 7.76979875564575 7.84526014328003 7.9210958480835 7.94190216064453 7.96333599090576 8.04893016815186 8.11867523193359 8.12209320068359 8.12256908416748 8.11683654785156 8.11178684234619 8.10756969451904 8.10249519348145 8.09679508209229 8.09452056884766 8.09366416931152 8.09333419799805 8.09310817718506 8.09305763244629 8.09300899505615 8.09291648864746 8.0927677154541 8.0924186706543 8.09102344512939 8.08768749237061 8.08513641357422 8.0834436416626 8.08531188964844 8.08948612213135 8.0983829498291 8.10897731781006 8.11967277526855
8.11971664428711 8.11868286132812 8.10220909118652 8.08521747589111 -9999 -9999 -9999 -9999 -9999 -9999 -9999 7.93488740921021 7.80293846130371 7.64576292037964 7.69590520858765 7.76979875564575 7.84526014328003 7.9210958480835 7.96914434432983 8.01593112945557 8.07214164733887 8.11801338195801 8.12061500549316 8.12106037139893 8.11695289611816 8.11295223236084 8.10908126831055 8.10531425476074 8.10162162780762 8.09964370727539 8.09837627410889 8.09775161743164 8.09725284576416 8.09721660614014 8.0971794128418 8.0969762802124 8.09662628173828 8.09576225280762 8.09399890899658 8.09056663513184 8.08738708496094 8.08448314666748 8.08403301239014 8.08517074584961 8.09041595458984 8.09713649749756 8.1047248840332
8.11881256103516 8.10842990875244 8.09650611877441 8.08521938323975 -9999 -9999 -9999 -9999 8.01255416870117 7.99531602859497 7.97656106948853 7.95572328567505 7.87237787246704 7.73789072036743 7.74053239822388 7.80812931060791 7.87548828125 7.94279003143311 8.00367832183838 8.06223678588867 8.09330272674561 8.11864757537842 8.12004661560059 8.12011814117432 8.11738586425781 8.11434936523438 8.11094093322754 8.10818099975586 8.10589408874512 8.10415458679199 8.10264205932617 8.10180473327637 8.10109996795654 8.10097694396973 8.1008472442627 8.10044097900391 8.09982681274414 8.09848022460938 8.09639835357666 8.09295272827148 8.08943748474121 8.08584785461426 8.08373737335205 8.08258533477783 8.08442783355713 8.08734607696533 8.09152603149414
8.11564826965332 8.10644721984863 8.09633731842041 8.08521938323975 8.07392692565918 8.06073474884033 8.04689121246338 8.02973461151123 8.01255416870117 7.99531602859497 7.97656106948853 7.95572328567505 7.92267847061157 7.87964677810669 7.89672994613647 7.94228792190552 7.98128843307495 8.01872253417969 8.05644130706787 8.09281635284424 8.10933685302734 8.12252235412598 8.121750831604 8.12059020996094 8.11860752105713 8.11632251739502 8.11366653442383 8.11116695404053 8.1087818145752 8.10713386535645 8.10579204559326 8.10494804382324 8.10420227050781 8.1037425994873 8.10325717926025 8.10241985321045 8.10138130187988 8.09963512420654 8.0973596572876 8.09410381317139 8.09098815917969 8.08802604675293 8.08590316772461 8.08432388305664 8.08338737487793 8.08268260955811 8.0826997756958
8.11717700958252 8.1090259552002 8.10030937194824 8.09048366546631 8.08048629760742 8.06892585754395 8.05675888061523 8.04151058197021 8.02680397033691 8.01340484619141 7.9994215965271 7.98463726043701 7.98287630081177 7.99176931381226 8.0124568939209 8.03873157501221 8.05809879302979 8.0758171081543 8.09528541564941 8.1139965057373 8.11994171142578 8.1243200302124 8.12214088439941 8.12017250061035 8.1186466217041 8.11674118041992 8.11436939239502 8.11188983917236 8.10933208465576 8.10774326324463 8.1065559387207 8.10591983795166 8.10539150238037 8.10494613647461 8.10444641113281 8.10339164733887 8.10213184356689 8.10015487670898 8.09781551361084 8.09480094909668 8.09208488464355 8.08969402313232 8.08781242370605 8.08625984191895 8.08403015136719 8.08155632019043 8.07917404174805
8.12534046173096 8.11805438995361 8.11013603210449 8.10319232940674 8.0963191986084 8.08869647979736 8.0805778503418 8.06993675231934 8.06120204925537 8.05706691741943 8.05460262298584 8.05443096160889 8.0570650100708 8.06199550628662 8.07096672058105 8.08185195922852 8.09392356872559 8.10627841949463 8.11444854736328 8.12188816070557 8.12287044525146 8.12317943572998 8.12067127227783 8.11849308013916 8.1170129776001 8.11496162414551 8.11221313476562 8.10941410064697 8.10657978057861 8.10500335693359 8.10394859313965 8.10382270812988 8.10387802124023 8.10394191741943 8.10391044616699 8.10293769836426 8.10174560546875 8.099778175354 8.09755611419678 8.09485816955566 8.09254169464111 8.0906400680542 8.08935737609863 8.08847427368164 8.08705043792725 8.08543300628662 8.08314323425293
8.1323823928833 8.12678050994873 8.12063694000244 8.11604499816895 8.11160087585449 8.10684394836426 8.10181045532227 8.09537124633789 8.09073925018311 8.09047031402588 8.09195709228516 8.09585189819336 8.09794139862061 8.09855365753174 8.10099124908447 8.10429382324219 8.11128711700439 8.11916255950928 8.1213550567627 8.12297058105469 8.12187671661377 8.12055492401123 8.11828327178955 8.11624908447266 8.11471462249756 8.11244201660156 8.10926628112793 8.10611820220947 8.10299015045166 8.10128879547119 8.10017967224121 8.10037326812744 8.1008243560791 8.10149097442627 8.10205364227295 8.10152530670166 8.1007251739502 8.09896469116211 8.09701156616211 8.09470081329346 8.09281635284424 8.09139537811279 8.09054088592529 8.09005451202393 8.08914279937744 8.08807945251465 8.08610916137695
8.1384801864624 8.13525199890137 8.13170623779297 8.12902164459229 8.1264181137085 8.12362384796143 8.12086582183838 8.11828517913818 8.11618232727051 8.115234375 8.11429882049561 8.11338043212891 8.110764503479 8.10676002502441 8.10702800750732 8.10932064056396 8.11310482025146 8.11724472045898 8.11793804168701 8.11831855773926 8.11757850646973 8.11668109893799 8.11512279510498 8.11352825164795 8.11185836791992 8.10929870605469 8.10565376281738 8.10213088989258 8.09869575500488 8.09675407409668 8.09543132781982 8.09578704833984 8.09647274017334 8.09781932830811 8.09908485412598 8.09930610656738 8.09917068481445 8.09778308868408 8.09622764587402 8.09436321258545 8.09293651580811 8.0919885635376 8.09142112731934 8.09110164642334 8.09045505523682 8.08969020843506 8.08823013305664
8.13687229156494 8.13532066345215 8.13356399536133 8.1320972442627 8.13065528869629 8.1290922164917 8.12760829925537 8.12653350830078 8.12535667419434 8.12393474578857 8.1220588684082 8.11956024169922 8.11602973937988 8.11165428161621 8.1110143661499 8.11214351654053 8.11342620849609 8.11474609375 8.11433982849121 8.11379718780518 8.11300182342529 8.11217498779297 8.11121082305908 8.11008834838867 8.10862827301025 8.10618495941162 8.10253810882568 8.09890270233154 8.09527397155762 8.09299087524414 8.09126472473145 8.09128189086914 8.09164237976074 8.09316539764404 8.09469032287598 8.09580039978027 8.09653759002686 8.09596538543701 8.09517574310303 8.09398365020752 8.09307861328125 8.09248638153076 8.09213161468506 8.0919303894043 8.09146595001221 8.09090614318848 8.08978366851807
8.13149356842041 8.1312780380249 8.13091564178467 8.13032817840576 8.12971591949463 8.12902355194092 8.12832641601562 8.12760448455811 8.12656879425049 8.12477397918701 8.12268352508545 8.1201868057251 8.11759567260742 8.11492824554443 8.1139965057373 8.11388683319092 8.11301612854004 8.11196422576904 8.11065196990967 8.10933971405029 8.10828876495361 8.10735893249512 8.10693168640137 8.10629558563232 8.10521697998047 8.10308456420898 8.09966564178467 8.09604644775391 8.09228038787842 8.0896053314209 8.08738231658936 8.08681678771973 8.08657741546631 8.08803081512451 8.08959865570068 8.09166431427002 8.09337520599365 8.09383583068848 8.09399223327637 8.09358406066895 8.09323120117188 8.09293937683105 8.09275913238525 8.09265232086182 8.09232997894287 8.0919303894043 8.09105777740479
8.12342643737793 8.12354850769043 8.12357521057129 8.12320995330811 8.12280559539795 8.12241554260254 8.12204742431641 8.12179374694824 8.12130165100098 8.1202335357666 8.11892509460449 8.11728858947754 8.11559677124023 8.11386203765869 8.11270809173584 8.11183071136475 8.11023902893066 8.10847854614258 8.10684108734131 8.10523509979248 8.10396194458008 8.10289192199707 8.10266876220703 8.1023588180542 8.10186576843262 8.10036754608154 8.09764194488525 8.09445953369141 8.09094524383545 8.0881290435791 8.08560276031494 8.08441352844238 8.08348751068115 8.08418941497803 8.08506202697754 8.08701992034912 8.08884143829346 8.09018611907959 8.09122371673584 8.09168815612793 8.09202480316162 8.09222316741943 8.09239101409912 8.09253978729248 8.09247398376465 8.09232997894287 8.09173488616943
