Ecospace-environmental-drivers/Outputs/ASCII-for-ecospace/MOM6-ISIMIP3a/ph/2005-10_ph_MOM6-ISIMIP3a.asc
NCOLS 131 
NROWS 53 
XLLCORNER -98 
YLLCORNER 23.9265270233154 
CELLSIZE 0.133587792515755 
NODATA_value -9999 
[rows 21 to 41 of 53, columns 47 to 93 of 131]
8.12405395507812 8.12548637390137 8.12700271606445 8.12803745269775 8.12899112701416 8.12907695770264 8.12914371490479 8.12911796569824 8.12928009033203 8.12989902496338 8.13020324707031 8.13007640838623 8.12947082519531 8.1284761428833 8.1273775100708 8.12623023986816 8.12496566772461 8.12367248535156 8.12222480773926 8.12075710296631 8.11914920806885 8.11752796173096 8.1158504486084 8.11437797546387 8.1133394241333 8.11257457733154 8.11214447021484 8.11184120178223 8.11162948608398 8.11141967773438 8.1112117767334 8.11087417602539 8.11051082611084 8.10985660552979 8.10920906066895 8.108717918396 8.10829448699951 8.10810279846191 8.10793113708496 8.10779571533203 8.10754299163818 8.10716342926025 8.10656452178955 8.1058235168457 8.1049108505249 8.10393714904785 8.10262584686279
8.12222671508789 8.12331867218018 8.12447261810303 8.12533760070801 8.12615394592285 8.12643527984619 8.12670707702637 8.12692642211914 8.12719345092773 8.12757778167725 8.12765884399414 8.12732410430908 8.12660598754883 8.12557411193848 8.12434768676758 8.1230297088623 8.12168025970459 8.12032318115234 8.11903381347656 8.11774444580078 8.11639499664307 8.11505699157715 8.11377048492432 8.11260604858398 8.1117000579834 8.11095333099365 8.11040210723877 8.10995674133301 8.10958862304688 8.10922908782959 8.10887145996094 8.10839080810547 8.10788536071777 8.10728549957275 8.10670948028564 8.10639572143555 8.10615921020508 8.10619640350342 8.10623931884766 8.10629463195801 8.10625743865967 8.10612010955811 8.10579395294189 8.1053466796875 8.10475444793701 8.10411071777344 8.10313129425049
8.12052059173584 8.1212329864502 8.12197875976562 8.12266826629639 8.12334632873535 8.12384700775146 8.12434577941895 8.1248254776001 8.12520694732666 8.12535285949707 8.12521648406982 8.12469100952148 8.12386703491211 8.12279891967773 8.12142467498779 8.11990547180176 8.11842155456543 8.11694526672363 8.115797996521 8.11467552185059 8.113600730896 8.11256122589111 8.11167144775391 8.11081981658936 8.1100492477417 8.10932064056396 8.10864353179932 8.10805130004883 8.10752010345459 8.10700416564941 8.10649490356445 8.10587024688721 8.10522365570068 8.10468673706055 8.1041898727417 8.10404872894287 8.10399341583252 8.10424137115479 8.10448169708252 8.10470676422119 8.10486030578613 8.10493564605713 8.10486888885498 8.10471153259277 8.10445976257324 8.10417366027832 8.10356140136719
8.11848068237305 8.1187915802002 8.11911392211914 8.11960887908936 8.12012672424316 8.12080001831055 8.12145805358887 8.12203788757324 8.12243556976318 8.12239360809326 8.12219047546387 8.12176704406738 8.12102317810059 8.12001705169678 8.1185941696167 8.11697483062744 8.11540222167969 8.11384105682373 8.11277389526367 8.11175632476807 8.11097526550293 8.11019897460938 8.1094446182251 8.10876750946045 8.10825538635254 8.10766506195068 8.10698127746582 8.10631465911865 8.10566139221191 8.10499858856201 8.10433292388916 8.10361099243164 8.10287857055664 8.10235786437988 8.10188484191895 8.10179996490479 8.10179328918457 8.10206413269043 8.10231494903564 8.10253143310547 8.10264873504639 8.10265827178955 8.10268402099609 8.10272026062012 8.10288619995117 8.10309791564941 8.10293483734131
8.11630916595459 8.11627674102783 8.11624336242676 8.11658096313477 8.11697006225586 8.11774253845215 8.11849117279053 8.11911582946777 8.11950874328613 8.11933994293213 8.11911487579346 8.11880970001221 8.11817264556885 8.11726570129395 8.1158561706543 8.11420726776123 8.11258983612061 8.1109790802002 8.10995960235596 8.10900688171387 8.10842990875244 8.10783386230469 8.10716342926025 8.10662078857422 8.10634708404541 8.10590648651123 8.10526084899902 8.10455703735352 8.1038122177124 8.10303115844727 8.1022367477417 8.10143661499023 8.10063457489014 8.10011863708496 8.09965229034424 8.09957504272461 8.09957122802734 8.09982395172119 8.10005283355713 8.10023593902588 8.10030174255371 8.10023880004883 8.10035991668701 8.10059928894043 8.10119438171387 8.1019172668457 8.10220527648926
8.11355686187744 8.11344814300537 8.11334419250488 8.11369132995605 8.11408996582031 8.11464309692383 8.1151762008667 8.11560344696045 8.11589908599854 8.11587810516357 8.11581707000732 8.11570167541504 8.11529636383057 8.11465167999268 8.1135196685791 8.11215591430664 8.11068153381348 8.10917949676514 8.10806941986084 8.10700607299805 8.10623645782471 8.10545921325684 8.10464572906494 8.1040563583374 8.10393905639648 8.10369300842285 8.1032886505127 8.10271072387695 8.10200691223145 8.10123348236084 8.10042953491211 8.09963321685791 8.09883785247803 8.09827423095703 8.09774303436279 8.0974588394165 8.09725093841553 8.09731292724609 8.09736824035645 8.097412109375 8.09735774993896 8.09719848632812 8.09742641448975 8.09790515899658 8.0989818572998 8.1002721786499 8.10103130340576
8.11112880706787 8.11096954345703 8.11079883575439 8.11107158660889 8.1113920211792 8.1117525100708 8.11209869384766 8.1123743057251 8.11259460449219 8.11268329620361 8.11276626586914 8.11284065246582 8.1126537322998 8.11225414276123 8.11132144927979 8.11013793945312 8.10873126983643 8.10727214813232 8.10605049133301 8.1048583984375 8.10385513305664 8.10286331176758 8.10191917419434 8.1012716293335 8.10124778747559 8.10112857818604 8.10089111328125 8.10040378570557 8.09973335266113 8.0989875793457 8.09820938110352 8.09745597839355 8.09670829772949 8.09611701965332 8.09554481506348 8.09510326385498 8.0947380065918 8.09463787078857 8.0945463180542 8.09447193145752 8.09432029724121 8.09408760070801 8.09441184997559 8.09509754180908 8.09667015075684 8.09856224060059 8.09981346130371
8.10940551757812 8.1092586517334 8.10902500152588 8.10904121398926 8.10908889770508 8.10931587219238 8.10954189300537 8.10976409912109 8.10995483398438 8.11007118225098 8.11025047302246 8.11051559448242 8.11052513122559 8.11032581329346 8.10942459106445 8.10819053649902 8.10669136047363 8.10512828826904 8.10375118255615 8.10238933563232 8.10106086730957 8.09978675842285 8.09873867034912 8.0980052947998 8.09793758392334 8.09779739379883 8.09756755828857 8.097092628479 8.09643840789795 8.09576511383057 8.09508609771729 8.09446334838867 8.09385204315186 8.0932788848877 8.09271621704102 8.0922269821167 8.0918025970459 8.09160423278809 8.09142398834229 8.09127616882324 8.09107780456543 8.09082221984863 8.09121990203857 8.09204006195068 8.09414386749268 8.09671020507812 8.09850120544434
8.1077241897583 8.10766696929932 8.10749816894531 8.10734939575195 8.10721111297607 8.10728645324707 8.10736751556396 8.10747623443604 8.10759353637695 8.10773086547852 8.1079626083374 8.10832405090332 8.1083812713623 8.10818767547607 8.10726737976074 8.10600280761719 8.10440349578857 8.1027250289917 8.10116291046143 8.09960746765137 8.09805393218994 8.09659385681152 8.09552478790283 8.09474468231201 8.09457588195801 8.09436225891113 8.09409236907959 8.09362697601318 8.09302043914795 8.09244251251221 8.09187793731689 8.09137630462646 8.09088802337646 8.09038925170898 8.08989143371582 8.08941841125488 8.0889949798584 8.08874988555908 8.08853149414062 8.08836078643799 8.08816432952881 8.08793926239014 8.08836460113525 8.08920860290527 8.09162712097168 8.0946102142334 8.09694766998291
8.1060962677002 8.10622692108154 8.10628414154053 8.10608577728271 8.10586738586426 8.10577011108398 8.10567569732666 8.10559558868408 8.10558223724365 8.10573291778564 8.10596179962158 8.10630130767822 8.10621738433838 8.10578632354736 8.10478401184082 8.10351085662842 8.10180473327637 8.09999561309814 8.09820938110352 8.09643363952637 8.09477806091309 8.09325218200684 8.0922679901123 8.09149074554443 8.09115028381348 8.09079551696777 8.09042453765869 8.08996772766113 8.08944892883301 8.08899307250977 8.08856391906738 8.08817291259766 8.08778858184814 8.08743190765381 8.08707427978516 8.08669376373291 8.08634757995605 8.08612155914307 8.08592796325684 8.08579540252686 8.08566474914551 8.08553695678711 8.08593082427979 8.0866641998291 8.08912086486816 8.09219646453857 8.09508991241455
8.10449409484863 8.10475730895996 8.10500144958496 8.10486793518066 8.10469532012939 8.10451221466064 8.10431098937988 8.10401725769043 8.10381698608398 8.10384464263916 8.10395050048828 8.10416221618652 8.10392951965332 8.10333251953125 8.10227966308594 8.1010103225708 8.09928512573242 8.09745121002197 8.09554958343506 8.09366607666016 8.0921106338501 8.0906982421875 8.08988189697266 8.08920574188232 8.08882522583008 8.08845710754395 8.08810234069824 8.08770942687988 8.08728981018066 8.08691024780273 8.08654689788818 8.08619117736816 8.08583641052246 8.0855131149292 8.08518886566162 8.0848503112793 8.0845365524292 8.08431529998779 8.08413600921631 8.08403873443604 8.08397388458252 8.08394432067871 8.08429527282715 8.08489227294922 8.0871114730835 8.08991241455078 8.09314346313477
8.1029109954834 8.10326385498047 8.10366725921631 8.10368347167969 8.10365295410156 8.10344886779785 8.10319137573242 8.10266590118408 8.1022367477417 8.10204029083252 8.10192966461182 8.10193634033203 8.10154914855957 8.10083961486816 8.09975910186768 8.09850311279297 8.09682464599609 8.095046043396 8.09310913085938 8.09120273590088 8.08990097045898 8.08873558044434 8.08814811706543 8.087646484375 8.087327003479 8.08703804016113 8.08678817749023 8.08650207519531 8.08619022369385 8.08585166931152 8.0855016708374 8.08512592315674 8.08474445343018 8.08437252044678 8.08400344848633 8.08366680145264 8.08335399627686 8.08312606811523 8.08295440673828 8.08288955688477 8.08288955688477 8.08295917510986 8.08325672149658 8.08370113372803 8.08547401428223 8.08772468566895 8.09112930297852
8.1012601852417 8.101637840271 8.10209083557129 8.10229301452637 8.10245895385742 8.10233592987061 8.10213565826416 8.10153961181641 8.10099983215332 8.10059356689453 8.10030078887939 8.10016345977783 8.09965133666992 8.09883308410645 8.0977258682251 8.0964822769165 8.09488201141357 8.09319686889648 8.09145355224609 8.08975696563721 8.08880996704102 8.08797454833984 8.08760261535645 8.0872802734375 8.08706188201904 8.08684825897217 8.08664131164551 8.08639621734619 8.0861234664917 8.08578681945801 8.08542537689209 8.08499336242676 8.08454895019531 8.08406448364258 8.08358764648438 8.08318424224854 8.08281135559082 8.08253955841064 8.08233261108398 8.08224773406982 8.08223819732666 8.08231067657471 8.08255386352539 8.08290767669678 8.08432006835938 8.08611297607422 8.08938121795654
8.09958076477051 8.09995365142822 8.10041046142578 8.10081481933594 8.10120010375977 8.10120391845703 8.10110855102539 8.10051155090332 8.09991073608398 8.09930038452148 8.09883975982666 8.09858512878418 8.09796047210693 8.0970344543457 8.0959005355835 8.09466934204102 8.09316158294678 8.09158611297607 8.09013366699219 8.08874607086182 8.08819961547852 8.08772754669189 8.08756542205811 8.08742427825928 8.08732509613037 8.08718490600586 8.08699607849121 8.08676338195801 8.08649826049805 8.08614826202393 8.0857629776001 8.08526134490967 8.08473682403564 8.08411502838135 8.08350086212158 8.08300304412842 8.08254241943359 8.0822114944458 8.08195114135742 8.08182430267334 8.08177280426025 8.08180522918701 8.08199405670166 8.08228397369385 8.08337306976318 8.08474922180176 8.08774662017822
8.09718799591064 8.09758281707764 8.09805679321289 8.09864616394043 8.09923458099365 8.09946727752686 8.09959888458252 8.09921550750732 8.09880065917969 8.09830951690674 8.09791088104248 8.0976390838623 8.09698390960693 8.09601497650146 8.09483051300049 8.09354305267334 8.09210395812988 8.09062671661377 8.08948040008545 8.08840560913086 8.08804225921631 8.08774948120117 8.08775520324707 8.08774471282959 8.08770370483398 8.0875883102417 8.08738327026367 8.08712100982666 8.08681869506836 8.08644485473633 8.0860424041748 8.08547401428223 8.08487224578857 8.08410358428955 8.08334541320801 8.08274936676025 8.0822057723999 8.0818452835083 8.08156490325928 8.08143615722656 8.08135795593262 8.08133602142334 8.08145427703857 8.0816650390625 8.08246421813965 8.08347511291504 8.08605098724365
8.09464836120605 8.09506893157959 8.0955638885498 8.09633445739746 8.0971212387085 8.09760570526123 8.09798908233643 8.09786319732666 8.09768581390381 8.09738063812256 8.09709167480469 8.09682369232178 8.09615516662598 8.09515762329102 8.09391593933105 8.09255886077881 8.09118270874023 8.08980274200439 8.08896636962891 8.08820343017578 8.08797740936279 8.0878267288208 8.08799076080322 8.08810329437256 8.08810615539551 8.08800506591797 8.08777713775635 8.087477684021 8.08712673187256 8.0867280960083 8.0863094329834 8.08567428588867 8.08499622344971 8.08407974243164 8.083176612854 8.08248138427734 8.08185482025146 8.08147048950195 8.08117866516113 8.08105659484863 8.08095359802246 8.08087348937988 8.08091926574707 8.08104610443115 8.08156394958496 8.08222103118896 8.08434104919434
8.09238433837891 8.09270477294922 8.09308433532715 8.09377098083496 8.09448528289795 8.09508514404297 8.09563541412354 8.09593772888184 8.09618854522705 8.09631538391113 8.09636306762695 8.0963020324707 8.09578418731689 8.09489154815674 8.09372711181641 8.09243297576904 8.09122467041016 8.09003734588623 8.0892391204834 8.08850288391113 8.08827877044678 8.08812808990479 8.08828735351562 8.0883617401123 8.08825588226318 8.08807277679443 8.08779621124268 8.08742523193359 8.08698654174805 8.08649349212646 8.08597850799561 8.08520221710205 8.08437442779541 8.08331108093262 8.08227348327637 8.08156681060791 8.08095073699951 8.08064937591553 8.08043956756592 8.08040142059326 8.08038806915283 8.08040332794189 8.08046245574951 8.08055114746094 8.08088493347168 8.08130741119385 8.08287811279297
8.09019565582275 8.09042453765869 8.09069442749023 8.09126758575439 8.09187507629395 8.09256553649902 8.09326171875 8.0939826965332 8.09465789794922 8.09522533416748 8.09562397003174 8.09579181671143 8.09544658660889 8.09467887878418 8.0936164855957 8.0924129486084 8.09138870239258 8.090407371521 8.08964920043945 8.08893871307373 8.08869743347168 8.08852481842041 8.08864116668701 8.08864498138428 8.08841323852539 8.08813571929932 8.08780097961426 8.0873498916626 8.08681392669678 8.08620929718018 8.08557510375977 8.08463764190674 8.08364105224609 8.08244705200195 8.08129215240479 8.08059406280518 8.08000469207764 8.07979869842529 8.07968235015869 8.07973194122314 8.07981204986572 8.07992649078369 8.08000755310059 8.0800666809082 8.08023262023926 8.08043766021729 8.08147048950195
8.0886697769165 8.08896636962891 8.08926296234131 8.089524269104 8.08979415893555 8.09037303924561 8.09101676940918 8.09198379516602 8.09295463562012 8.0939359664917 8.09473037719727 8.09526824951172 8.09524250030518 8.09475517272949 8.09399700164795 8.09311103820801 8.0923957824707 8.091721534729 8.09114360809326 8.09058380126953 8.09019947052002 8.08983707427979 8.08956909179688 8.08923721313477 8.08877182006836 8.08830547332764 8.08783531188965 8.08722400665283 8.08650875091553 8.08563327789307 8.08469295501709 8.08341979980469 8.08208179473877 8.08091831207275 8.07982063293457 8.07929515838623 8.07888126373291 8.07886028289795 8.07889652252197 8.07903861999512 8.07920074462891 8.07938480377197 8.07952404022217 8.07963371276855 8.07975482940674 8.0798807144165 8.08054351806641
8.08708667755127 8.08746910095215 8.0878210067749 8.08786010742188 8.08788394927979 8.08834362030029 8.08892059326172 8.09008979797363 8.09130954742432 8.09265232086182 8.09380722045898 8.09470462799072 8.09499931335449 8.09479999542236 8.09435081481934 8.09378433227539 8.09336090087891 8.09297180175781 8.09258270263672 8.09218692779541 8.0916805267334 8.09114360809326 8.09048175811768 8.08980464935303 8.08909225463867 8.0884256362915 8.08781337738037 8.08702754974365 8.08611583709717 8.08494567871094 8.08366870880127 8.08210754394531 8.08048915863037 8.07941818237305 8.07843589782715 8.07812118530273 8.07790946960449 8.0780611038208 8.07824039459229 8.07847023010254 8.07870483398438 8.07894229888916 8.07911968231201 8.07925796508789 8.07932949066162 8.07937812805176 8.07971572875977
8.08529758453369 8.08582973480225 8.08634376525879 8.08648681640625 8.08659934997559 8.08691024780273 8.08736896514893 8.08857727050781 8.08987522125244 8.09138774871826 8.09277820587158 8.09399890899658 8.09461307525635 8.09473037719727 8.09460735321045 8.09436988830566 8.0941743850708 8.0939884185791 8.09382247924805 8.0936336517334 8.09308433532715 8.09243106842041 8.09134006500244 8.09027671813965 8.08927154541016 8.08836555480957 8.08758068084717 8.08657169342041 8.08540058135986 8.08384418487549 8.08212661743164 8.08044815063477 8.07877635955811 8.07802200317383 8.07737159729004 8.0774040222168 8.07749080657959 8.07776927947998 8.07805824279785 8.07836532592773 8.07863330841064 8.07885932922363 8.07900238037109 8.07909297943115 8.07909870147705 8.07907390594482 8.07924938201904
