Ecospace-environmental-drivers/Outputs/ASCII-for-ecospace/MOM6-ISIMIP3a/ph/2005-12_ph_MOM6-ISIMIP3a.asc
NCOLS 131 
NROWS 53 
XLLCORNER -98 
YLLCORNER 23.9265270233154 
CELLSIZE 0.133587792515755 
NODATA_value -9999 
[rows 21 to 41 of 53, columns 47 to 93 of 131]
8.14169692993164 8.14204216003418 8.14261341094971 8.14256000518799 8.14247512817383 8.14326286315918 8.14394760131836 8.14410972595215 8.14435768127441 8.14481163024902 8.14565277099609 8.14702606201172 8.14908981323242 8.15171909332275 8.15352916717529 8.15495109558105 8.15603256225586 8.15703201293945 8.15811157226562 8.15916538238525 8.15977573394775 8.16025352478027 8.16017723083496 8.1601037979126 8.16003704071045 8.16024017333984 8.16077327728271 8.1611328125 8.1613655090332 8.16097068786621 8.16031455993652 8.15890312194824 8.15734386444092 8.15474224090576 8.15214157104492 8.1499195098877 8.14802742004395 8.14729022979736 8.14676761627197 8.14664077758789 8.14715671539307 8.14837169647217 8.14955425262451 8.15071582794189 8.15090179443359 8.15073776245117 8.14948177337646
8.13943862915039 8.1400842666626 8.14088535308838 8.1410083770752 8.14107894897461 8.1416072845459 8.14211368560791 8.1425085067749 8.14303588867188 8.14388084411621 8.14488697052002 8.14611625671387 8.14807033538818 8.1506175994873 8.15267086029053 8.15449047088623 8.15559196472168 8.15652275085449 8.15756988525391 8.15860080718994 8.15927505493164 8.1598014831543 8.15971279144287 8.15968990325928 8.15980815887451 8.15987491607666 8.15987873077393 8.15978622436523 8.15962409973145 8.15888595581055 8.15790748596191 8.15623378753662 8.15442371368408 8.15167236328125 8.14894866943359 8.14682769775391 8.14505577087402 8.14450836181641 8.14432048797607 8.14479923248291 8.14571285247803 8.14710140228271 8.14858341217041 8.15012645721436 8.15065002441406 8.15080738067627 8.14956378936768
8.13793754577637 8.13882923126221 8.13980960845947 8.14014339447021 8.14041042327881 8.14065742492676 8.14095497131348 8.14150619506836 8.1422176361084 8.14331722259521 8.14437007904053 8.14536094665527 8.14713191986084 8.14954090118408 8.15180587768555 8.15400218963623 8.15512752532959 8.15599727630615 8.15699005126953 8.15797233581543 8.15869045257568 8.1592493057251 8.15914440155029 8.15917015075684 8.15947437286377 8.1594123840332 8.15890312194824 8.15837574005127 8.15783596038818 8.15674495697021 8.15542697906494 8.15346622467041 8.1513786315918 8.1484375 8.14555263519287 8.14352989196777 8.14187622070312 8.141526222229 8.14168643951416 8.14279556274414 8.14413738250732 8.14573287963867 8.14754486083984 8.14949798583984 8.15036773681641 8.15084838867188 8.14961910247803
8.13936424255371 8.13981056213379 8.14033317565918 8.14052104949951 8.14066791534424 8.14063549041748 8.14065074920654 8.14091014862061 8.14132976531982 8.1421365737915 8.14309692382812 8.1442699432373 8.14620494842529 8.14876461029053 8.15100479125977 8.1530933380127 8.15421295166016 8.15509986877441 8.15614128112793 8.1571569442749 8.15763759613037 8.15800189971924 8.15787887573242 8.15785980224609 8.15806102752686 8.15802192687988 8.15768909454346 8.15705680847168 8.15620708465576 8.15463161468506 8.152756690979 8.15029716491699 8.14772129058838 8.14455890655518 8.14152431488037 8.13995170593262 8.13872718811035 8.13872051239014 8.13915252685547 8.14039897918701 8.14205932617188 8.14417266845703 8.14649486541748 8.14895248413086 8.15013980865479 8.15086936950684 8.14977359771729
8.14044380187988 8.14049530029297 8.14060211181641 8.1406307220459 8.14064311981201 8.14042377471924 8.14024448394775 8.1402645111084 8.14044666290283 8.14101982116699 8.1419506072998 8.14337348937988 8.14543056488037 8.14800548553467 8.1501350402832 8.15205383300781 8.15316200256348 8.15407562255859 8.15516662597656 8.15621757507324 8.15651702880859 8.1567325592041 8.15659618377686 8.15652942657471 8.15660667419434 8.15653419494629 8.15627670288086 8.15549182891846 8.15432262420654 8.15227603912354 8.14986610412598 8.14695453643799 8.14394378662109 8.1407299041748 8.1377067565918 8.13661479949951 8.13583278656006 8.13614368438721 8.13681793212891 8.13816738128662 8.14008808135986 8.1426305770874 8.14541053771973 8.14834403991699 8.1498498916626 8.15084171295166 8.14991092681885
8.14000225067139 8.13987922668457 8.13975620269775 8.13957023620605 8.13938331604004 8.1393871307373 8.13939189910889 8.13940048217773 8.13958263397217 8.14018154144287 8.14136123657227 8.14333629608154 8.1453218460083 8.14731597900391 8.14896106719971 8.15043926239014 8.15151500701904 8.15249538421631 8.15363597869873 8.15473651885986 8.15509986877441 8.15536785125732 8.15523910522461 8.15510654449463 8.15496921539307 8.15461444854736 8.15399551391602 8.1528491973877 8.15131759643555 8.14885425567627 8.14600563049316 8.14285278320312 8.13964080810547 8.13712310791016 8.13481712341309 8.13432693481445 8.13405799865723 8.13456726074219 8.13535594940186 8.13666152954102 8.13858127593994 8.14116764068604 8.1441764831543 8.14745712280273 8.14928913116455 8.15060043334961 8.14997005462646
8.13953590393066 8.13930606842041 8.13905334472656 8.1387357711792 8.13842964172363 8.13858890533447 8.1387414932251 8.1388578414917 8.13910579681396 8.13967037200928 8.14089202880859 8.14301490783691 8.14477920532227 8.14624977111816 8.14743232727051 8.14847946166992 8.14949035644531 8.15049171447754 8.15164279937744 8.15275859832764 8.15322113037109 8.15357780456543 8.15349578857422 8.15331935882568 8.1529426574707 8.15230560302734 8.1513500213623 8.14985370635986 8.14796161651611 8.14520740509033 8.14209651947021 8.13898849487305 8.13588047027588 8.13400745391846 8.13234329223633 8.13227558135986 8.13238048553467 8.13309192657471 8.1340217590332 8.13535499572754 8.13725662231445 8.13977813720703 8.14288139343262 8.14636135101318 8.14849376678467 8.15014266967773 8.14984130859375
8.13901710510254 8.13882827758789 8.13866138458252 8.13839817047119 8.13814163208008 8.13831043243408 8.13853073120117 8.13901519775391 8.13947296142578 8.13986873626709 8.14068412780762 8.14207649230957 8.14329147338867 8.14435958862305 8.14513301849365 8.14576625823975 8.14663887023926 8.14756774902344 8.14864063262939 8.14969539642334 8.15033340454102 8.15085792541504 8.15091228485107 8.15073490142822 8.15006828308105 8.14914703369141 8.14791202545166 8.14608955383301 8.14383792877197 8.14106750488281 8.13808250427246 8.13564014434814 8.13330459594727 8.1319637298584 8.13077640533447 8.13073921203613 8.13091373443604 8.1318359375 8.13296508789062 8.13448143005371 8.13633251190186 8.1385498046875 8.14145565032959 8.14480781555176 8.14718532562256 8.14921283721924 8.1493034362793
8.13838291168213 8.13827228546143 8.13819408416748 8.13798522949219 8.13777446746826 8.13789653778076 8.13809204101562 8.13866519927979 8.13913059234619 8.13933277130127 8.13977241516113 8.14053630828857 8.14127635955811 8.14199542999268 8.14247894287109 8.14285087585449 8.14355850219727 8.14434719085693 8.14527320861816 8.14619159698486 8.1468677520752 8.14743900299072 8.14757347106934 8.14742374420166 8.14667510986328 8.14564323425293 8.14426422119141 8.14237880706787 8.14012336730957 8.13765907287598 8.13510799407959 8.13321590423584 8.1314525604248 8.13039493560791 8.1294527053833 8.12938594818115 8.12955570220947 8.13056182861328 8.1317720413208 8.1333589553833 8.13513469696045 8.13711452484131 8.13973712921143 8.1427755355835 8.1453685760498 8.14780139923096 8.14836978912354
8.13760375976562 8.13761615753174 8.13763427734375 8.13747692108154 8.13730812072754 8.13731288909912 8.13736724853516 8.1376781463623 8.1378927230835 8.13787364959717 8.13797473907471 8.13823986053467 8.13859939575195 8.13903522491455 8.13937854766846 8.13967895507812 8.14019203186035 8.14075565338135 8.14144420623779 8.14213275909424 8.14267444610596 8.14313983917236 8.14328384399414 8.14319801330566 8.14262962341309 8.14170742034912 8.14035320281982 8.13873481750488 8.13692378997803 8.13517093658447 8.13344192504883 8.13195323944092 8.13051223754883 8.12942504882812 8.12843418121338 8.12826251983643 8.12833595275879 8.12926769256592 8.13040542602539 8.13192653656006 8.13359355926514 8.13541889190674 8.13765048980713 8.14014339447021 8.14291477203369 8.14578628540039 8.14693927764893
8.13664817810059 8.13662433624268 8.13655757904053 8.1363410949707 8.13611221313477 8.13595962524414 8.13584613800049 8.13593101501465 8.13595771789551 8.13584518432617 8.13582992553711 8.13594722747803 8.1361780166626 8.13650321960449 8.13675212860107 8.13696479797363 8.13725090026855 8.13755512237549 8.13796520233154 8.13838005065918 8.13874530792236 8.13907146453857 8.139235496521 8.13923072814941 8.13887119293213 8.13819599151611 8.13713455200195 8.13594055175781 8.13464832305908 8.13340759277344 8.13218879699707 8.13096714019775 8.12974452972412 8.12868690490723 8.12770462036133 8.12740421295166 8.12732219696045 8.12801456451416 8.12893962860107 8.13029956817627 8.1317834854126 8.13340377807617 8.13533020019531 8.13745498657227 8.14011573791504 8.14296817779541 8.14461326599121
8.13556003570557 8.13538074493408 8.13509273529053 8.13473510742188 8.13436985015869 8.13403129577637 8.13372898101807 8.13361263275146 8.13349914550781 8.13339042663574 8.13342571258545 8.13365650177002 8.13394927978516 8.13429355621338 8.13448047637939 8.13459396362305 8.13463020324707 8.1346492767334 8.1347484588623 8.13485717773438 8.13501358032227 8.13517665863037 8.13536834716797 8.13545703887939 8.135329246521 8.1350040435791 8.13443660736084 8.13378143310547 8.13306427001953 8.13218688964844 8.13124465942383 8.13018798828125 8.12910842895508 8.12812328338623 8.1271915435791 8.12674236297607 8.12646484375 8.12679290771484 8.12739944458008 8.12852668762207 8.12977313995361 8.13114929199219 8.13283634185791 8.13472461700439 8.13705730438232 8.13954925537109 8.14161682128906
8.13470935821533 8.13437747955322 8.1339054107666 8.13333988189697 8.13276481628418 8.13219547271729 8.13166904449463 8.13136386871338 8.13112926483154 8.13106727600098 8.13115787506104 8.13145923614502 8.13179874420166 8.13216972351074 8.13240051269531 8.13256549835205 8.13254356384277 8.13247680664062 8.13246154785156 8.13246059417725 8.13260364532471 8.13276386260986 8.13299655914307 8.13315963745117 8.13317584991455 8.13301658630371 8.13264560699463 8.13219833374023 8.13169479370117 8.13097476959229 8.13016605377197 8.12924766540527 8.12830829620361 8.12737846374512 8.1264820098877 8.125901222229 8.12543296813965 8.1253662109375 8.12561702728271 8.12645721435547 8.1274995803833 8.12875938415527 8.13032150268555 8.13207817077637 8.13406944274902 8.13614463806152 8.13825607299805
8.13395977020264 8.13347721099854 8.13283729553223 8.13203620910645 8.13121795654297 8.13039970397949 8.12963485717773 8.1291446685791 8.12879848480225 8.12879943847656 8.12894821166992 8.12930107116699 8.12968158721924 8.13008403778076 8.13040351867676 8.13068294525146 8.13068389892578 8.13061904907227 8.13057422637939 8.13054656982422 8.13076019287109 8.13098621368408 8.13126659393311 8.13149642944336 8.13161659240723 8.13154697418213 8.13124465942383 8.13086128234863 8.1304178237915 8.1297664642334 8.12902927398682 8.12823867797852 8.12743759155273 8.12655544281006 8.12568759918213 8.12498188018799 8.12432670593262 8.12385177612305 8.12372875213623 8.12426090240479 8.12511253356934 8.12631225585938 8.12779808044434 8.12946796417236 8.13111209869385 8.13274669647217 8.13473892211914
8.13345718383789 8.13298511505127 8.13240528106689 8.13155269622803 8.13066673278809 8.1296501159668 8.12868690490723 8.1279993057251 8.12749195098877 8.12742233276367 8.12752628326416 8.12786865234375 8.12833881378174 8.12891387939453 8.12944602966309 8.129958152771 8.13006210327148 8.13006782531738 8.1299409866333 8.12982177734375 8.12995624542236 8.13011074066162 8.13035011291504 8.13053512573242 8.13060092926025 8.13046646118164 8.13008403778076 8.12964153289795 8.12915515899658 8.12848091125488 8.12772846221924 8.12688827514648 8.12602996826172 8.12508201599121 8.12413501739502 8.12323951721191 8.12240982055664 8.12181186676025 8.12153148651123 8.12183952331543 8.12259197235107 8.12382698059082 8.12526035308838 8.12682056427002 8.12831115722656 8.12977695465088 8.13155460357666
8.13300609588623 8.13257789611816 8.13210582733154 8.13123893737793 8.13032150268555 8.12911701202393 8.12796401977539 8.12707424163818 8.12639713287354 8.12623023986816 8.1262674331665 8.12658500671387 8.12715530395508 8.12793159484863 8.12870407104492 8.12947368621826 8.12969589233398 8.12978649139404 8.12956714630127 8.12934398651123 8.12936782836914 8.12942123413086 8.12960243225098 8.12971878051758 8.12969875335693 8.12946605682373 8.12897396087646 8.12844753265381 8.12789630889893 8.12717914581299 8.12639427185059 8.12546634674072 8.12451171875 8.12347316741943 8.12242603302002 8.1213264465332 8.12032508850098 8.11966323852539 8.11926937103271 8.11937236785889 8.12004375457764 8.12133407592773 8.12271976470947 8.12416553497314 8.12554359436035 8.12689685821533 8.12843990325928
8.13315773010254 8.1327018737793 8.13222885131836 8.13143730163574 8.13060092926025 8.12944793701172 8.12833595275879 8.12743377685547 8.12669563293457 8.12635135650635 8.12622261047363 8.12638664245605 8.12685775756836 8.12757968902588 8.12843036651611 8.12934303283691 8.12967872619629 8.1298770904541 8.12952899932861 8.12915897369385 8.12900257110596 8.1288890838623 8.12895774841309 8.12895488739014 8.12879943847656 8.12839889526367 8.1276969909668 8.12694263458252 8.12614822387695 8.1253080368042 8.1244478225708 8.12338924407959 8.12229156494141 8.12114810943604 8.11999702453613 8.11879920959473 8.11773490905762 8.1171407699585 8.11677932739258 8.11684894561768 8.11738872528076 8.11844253540039 8.11975002288818 8.12122440338135 8.12269687652588 8.12417030334473 8.12583541870117
8.13334369659424 8.1328649520874 8.13239479064941 8.13167667388916 8.13092041015625 8.12983512878418 8.12878131866455 8.12788677215576 8.12710666656494 8.12660121917725 8.12631130218506 8.12631511688232 8.12666511535645 8.12729930877686 8.12820053100586 8.12922954559326 8.12967777252197 8.1299877166748 8.12952709197998 8.12902355194092 8.12868499755859 8.12839984893799 8.12833786010742 8.12819957733154 8.12790012359619 8.12732124328613 8.12640190124512 8.12540721893311 8.12435913085938 8.12338352203369 8.12243938446045 8.12125205993652 8.12001609802246 8.11876487731934 8.11751079559326 8.11623382568359 8.11512565612793 8.11460781097412 8.11429023742676 8.11434459686279 8.11475944519043 8.11556816101074 8.11679458618164 8.11829090118408 8.11987018585205 8.12147998809814 8.12328052520752
8.13361167907715 8.13319873809814 8.13281536102295 8.13210868835449 8.13136100769043 8.13040924072266 8.12948894500732 8.12872695922852 8.12805557250977 8.12759876251221 8.12725639343262 8.12707328796387 8.12716579437256 8.12748622894287 8.12820911407471 8.12912464141846 8.12967395782471 8.13013744354248 8.12973880767822 8.1292781829834 8.12876796722412 8.12828731536865 8.12793064117432 8.12751960754395 8.12699413299561 8.12616920471191 8.12497711181641 8.12369728088379 8.12235260009766 8.121169090271 8.1200532913208 8.11878299713135 8.11748313903809 8.11611175537109 8.11475467681885 8.11356258392334 8.11254501342773 8.11214160919189 8.11192893981934 8.11207008361816 8.11244773864746 8.11308002471924 8.11418151855469 8.11558628082275 8.11729145050049 8.11910343170166 8.12101554870605
8.13382625579834 8.13347339630127 8.1331615447998 8.1324987411499 8.13179492950439 8.13095951080322 8.13015842437744 8.12952423095703 8.12895584106445 8.12854862213135 8.12816715240479 8.1278190612793 8.12768936157227 8.12773609161377 8.12828063964844 8.12906074523926 8.12965869903564 8.13021183013916 8.12988471984863 8.12948036193848 8.12884712219238 8.12821865081787 8.12760925292969 8.12694549560547 8.12616729736328 8.12508487701416 8.12363243103027 8.12205982208252 8.12039947509766 8.11897563934326 8.11764907836914 8.11625957489014 8.11485767364502 8.11342525482178 8.11202621459961 8.1109561920166 8.11005973815918 8.10977172851562 8.10966682434082 8.10990238189697 8.11027050018311 8.11078357696533 8.11178016662598 8.11309051513672 8.11486053466797 8.11679458618164 8.11879539489746
8.13384914398193 8.1335334777832 8.13324069976807 8.13273620605469 8.13220024108887 8.13142395019531 8.13068771362305 8.13015842437744 8.12968063354492 8.12932872772217 8.12894630432129 8.1285228729248 8.12829303741455 8.1282205581665 8.12858200073242 8.12914943695068 8.12959671020508 8.13001537322998 8.12978553771973 8.12949180603027 8.12891387939453 8.12831115722656 8.12760639190674 8.12676239013672 8.12562656402588 8.12424850463867 8.1225757598877 8.12068748474121 8.11864280700684 8.11685752868652 8.11518001556396 8.11353302001953 8.11189270019531 8.11061668395996 8.10939598083496 8.10858726501465 8.1079216003418 8.10775566101074 8.10777187347412 8.10812473297119 8.10859394073486 8.10918998718262 8.11015605926514 8.11136054992676 8.1129732131958 8.11473274230957 8.1167459487915
