Ecospace-environmental-drivers/Outputs/ASCII-for-ecospace/MOM6-ISIMIP3a/ph/2007-01_ph_MOM6-ISIMIP3a.asc
NCOLS 131 
NROWS 53 
XLLCORNER -98 
YLLCORNER 23.9265270233154 
CELLSIZE 0.133587792515755 
NODATA_value -9999 
[rows 0 to 20 of 53, columns 47 to 93 of 131]
-9999 -9999 -9999 -9999 -9999 -9999 -9999 -9999 -9999 -9999 -9999 -9999 -9999 -9999 -9999 -9999 -9999 -9999 -9999 -9999 -9999 -9999 -9999 -9999 -9999 -9999 -9999 -9999 -9999 -9999 -9999 -9999 -9999 -9999 -9999 -9999 -9999 -9999 -9999 -9999 -9999 -9999 -9999 -9999 -9999 -9999 -9999
-9999 -9999 -9999 -9999 -9999 -9999 -9999 -9999 -9999 -9999 -9999 -9999 -9999 -9999 -9999 -9999 -9999 -9999 -9999 -9999 -9999 -9999 -9999 -9999 -9999 -9999 -9999 -9999 -9999 -9999 -9999 -9999 -9999 -9999 -9999 -9999 -9999 -9999 -9999 -9999 -9999 -9999 -9999 -9999 -9999 -9999 -9999
-9999 -9999 -9999 -9999 -9999 -9999 -9999 -9999 -9999 -9999 -9999 -9999 -9999 -9999 -9999 -9999 -9999 -9999 -9999 -9999 -9999 -9999 -9999 -9999 -9999 -9999 -9999 8.23578071594238 8.23622512817383 -9999 -9999 -9999 -9999 -9999 -9999 -9999 -9999 -9999 -9999 -9999 -9999 -9999 -9999 -9999 -9999 -9999 -9999
-9999 -9999 -9999 -9999 -9999 -9999 -9999 -9999 -9999 -9999 -9999 -9999 -9999 -9999 -9999 -9999 -9999 -9999 -9999 -9999 -9999 -9999 -9999 -9999 -9999 -9999 -9999 8.23668193817139 8.23707866668701 -9999 -9999 -9999 -9999 -9999 -9999 -9999 -9999 -9999 -9999 -9999 -9999 -9999 -9999 -9999 -9999 -9999 -9999
-9999 -9999 -9999 -9999 -9999 -9999 -9999 -9999 -9999 -9999 -9999 -9999 -9999 -9999 -9999 -9999 -9999 -9999 8.13750457763672 8.14155006408691 8.14478588104248 8.16366386413574 8.17955112457275 8.20501518249512 8.22061252593994 8.22864246368408 8.23439884185791 8.23770427703857 8.23794174194336 8.23559093475342 -9999 -9999 8.21990871429443 8.21289730072021 8.20549583435059 8.19889450073242 8.19439220428467 8.19246864318848 8.19441032409668 8.19927978515625 8.20658874511719 8.21417236328125 -9999 -9999 -9999 -9999 -9999
-9999 -9999 -9999 -9999 -9999 -9999 -9999 -9999 -9999 -9999 -9999 -9999 -9999 -9999 7.81145858764648 -9999 7.81278324127197 7.81445217132568 7.97855377197266 8.13750457763672 8.14235877990723 8.14478588104248 8.18254089355469 8.21132659912109 8.22117710113525 8.22933292388916 8.23541736602783 8.23844623565674 8.23924827575684 8.23613166809082 8.2313928604126 8.22611331939697 8.22072696685791 8.2128849029541 8.20508003234863 8.19852161407471 8.19308185577393 8.19157409667969 8.19274997711182 8.19890689849854 8.2061824798584 8.21467590332031 8.22165870666504 8.22766399383545 -9999 -9999 -9999
-9999 -9999 -9999 -9999 -9999 -9999 -9999 -9999 -9999 -9999 7.62431716918945 7.62532615661621 7.62702560424805 7.63408184051514 7.72741651535034 7.81199932098389 7.81091785430908 7.81297922134399 7.81445217132568 7.98370456695557 8.13750457763672 8.14478588104248 8.18254089355469 8.21132659912109 8.22117710113525 8.22933292388916 8.23541736602783 8.23844623565674 8.23924827575684 8.23613166809082 8.2313928604126 8.22611331939697 8.22072696685791 8.2128849029541 8.20508003234863 8.19852161407471 8.19308185577393 8.19157409667969 8.19274997711182 8.19890689849854 8.2061824798584 8.21467590332031 8.22165870666504 8.22766399383545 8.22925090789795 8.22473621368408 -9999
-9999 -9999 -9999 -9999 -9999 -9999 -9999 -9999 -9999 -9999 7.6189079284668 7.62431716918945 7.62633514404297 -9999 7.64548587799072 7.73825550079346 7.81308031082153 7.81091785430908 7.81356811523438 7.81445217132568 7.99915647506714 8.15459823608398 8.18757247924805 8.21214199066162 8.21897029876709 8.22454452514648 8.22858619689941 8.22979164123535 8.22893047332764 8.22518348693848 8.22023963928223 8.21426391601562 8.20808410644531 8.20098972320557 8.19391632080078 8.1873836517334 8.18177795410156 8.1794319152832 8.1799259185791 8.18569469451904 8.19249534606934 8.20041847229004 8.20807933807373 8.2155704498291 8.22048473358154 8.22447299957275 8.22517776489258
-9999 -9999 -9999 -9999 -9999 -9999 -9999 -9999 -9999 -9999 -9999 -9999 -9999 -9999 7.63860464096069 7.66949987411499 7.75917387008667 7.81524276733398 7.81091785430908 7.81533432006836 8.00607490539551 8.165358543396 8.19299030303955 8.21287059783936 8.21638584136963 8.21911334991455 8.22087955474854 8.22012042999268 8.21752071380615 8.21312713623047 8.20799160003662 8.2012882232666 8.19427680969238 8.1880521774292 8.18182945251465 8.17534732818604 8.16957187652588 8.16628170013428 8.16599464416504 8.17128276824951 8.17750453948975 8.18474102020264 8.1931037902832 8.20219326019287 8.21248912811279 8.22321891784668 8.22583675384521
8.12364864349365 -9999 -9999 -9999 -9999 -9999 -9999 -9999 -9999 -9999 7.84712409973145 7.61336374282837 -9999 -9999 -9999 7.65910816192627 7.71700382232666 7.79359674453735 7.81956768035889 7.83228397369385 8.01758861541748 8.17126083374023 8.19254875183105 8.20755386352539 8.20929718017578 8.20994853973389 8.20926284790039 8.20858955383301 8.20792484283447 8.20479488372803 8.20064449310303 8.19479179382324 8.1886043548584 8.18462085723877 8.18055248260498 8.17486381530762 8.16940975189209 8.16478061676025 8.16287422180176 8.16602516174316 8.16992378234863 8.17463684082031 8.18192577362061 8.19088172912598 8.20092487335205 8.21135807037354 8.21943187713623
8.12490081787109 8.12508583068848 -9999 -9999 -9999 -9999 -9999 -9999 -9999 -9999 7.96155500411987 7.82080984115601 7.61336374282837 -9999 -9999 7.64045906066895 7.71254777908325 7.79800462722778 7.82694625854492 7.86142778396606 8.03304290771484 8.1745777130127 8.19022846221924 8.20100879669189 8.20150566101074 8.20051860809326 8.19771671295166 8.19710063934326 8.19807624816895 8.19630336761475 8.19339275360107 8.18865299224854 8.18355369567871 8.1815357208252 8.17936325073242 8.17457485198975 8.16957855224609 8.16385364532471 8.16049194335938 8.16151809692383 8.16318607330322 8.16555404663086 8.17164993286133 8.1801586151123 8.18974590301514 8.19972133636475 8.21216297149658
8.12490081787109 8.12545490264893 8.10446739196777 8.08628845214844 -9999 -9999 -9999 -9999 -9999 -9999 -9999 7.92155694961548 7.7791051864624 7.61336374282837 7.62431716918945 7.64045906066895 7.71254777908325 7.79800462722778 7.87608671188354 7.95598173141479 8.06962871551514 8.16402244567871 8.17784023284912 8.18787860870361 8.18993854522705 8.18966960906982 8.18655490875244 8.18583869934082 8.18686962127686 8.18695545196533 8.18664932250977 8.18442916870117 8.18183135986328 8.18030452728271 8.17864799499512 8.17532825469971 8.17152309417725 8.16601085662842 8.16206836700439 8.16104316711426 8.16097450256348 8.16195011138916 8.16621017456055 8.1725959777832 8.18064022064209 8.18928146362305 8.20026016235352
8.12265110015869 8.11088562011719 8.09539318084717 8.08613681793213 -9999 -9999 -9999 -9999 8.01677417755127 7.99465179443359 7.97025537490845 7.94273614883423 7.85167980194092 7.70864009857178 7.6741509437561 7.69108009338379 7.75504541397095 7.83024978637695 7.93334674835205 8.03574275970459 8.10004138946533 8.1541919708252 8.16587066650391 8.17487525939941 8.17823696136475 8.17887783050537 8.176194190979 8.17572116851807 8.17685890197754 8.17839908599854 8.1801061630249 8.1799955368042 8.17952728271484 8.17865467071533 8.17767238616943 8.17575740814209 8.17315673828125 8.16814708709717 8.16390514373779 8.16108989715576 8.15939712524414 8.15892791748047 8.1612024307251 8.16525077819824 8.17108631134033 8.17756366729736 8.18679904937744
8.11477947235107 8.1057596206665 8.09495830535889 8.08613681793213 8.07733631134033 8.06360244750977 8.04959011077881 8.0341625213623 8.01677417755127 7.99465179443359 7.97025537490845 7.94273614883423 7.90239191055298 7.85155582427979 7.84857225418091 7.86825609207153 7.90378999710083 7.94311094284058 8.01090621948242 8.07851982116699 8.11502265930176 8.14617729187012 8.15494918823242 8.16219043731689 8.16620063781738 8.16823101043701 8.16783905029297 8.16846561431885 8.16983509063721 8.17182064056396 8.17406177520752 8.17503833770752 8.17576599121094 8.1759557723999 8.17604732513428 8.17537593841553 8.17401599884033 8.17023372650146 8.16639232635498 8.16244220733643 8.15940475463867 8.15736198425293 8.15727424621582 8.15845203399658 8.16041088104248 8.1626501083374 8.1694393157959
8.1151123046875 8.10767936706543 8.09957790374756 8.09165477752686 8.08358383178711 8.07102394104004 8.05825710296631 8.04443836212158 8.02919101715088 8.01049423217773 7.99136257171631 7.97163248062134 7.96480846405029 7.96854305267334 7.98215389251709 8.00044345855713 8.01778125762939 8.03489112854004 8.07320404052734 8.11148166656494 8.12805080413818 8.14263916015625 8.14893341064453 8.15445995330811 8.15836334228516 8.16096878051758 8.16198825836182 8.16329383850098 8.16480827331543 8.166916847229 8.16927242279053 8.17085266113281 8.17227935791016 8.17326545715332 8.17417335510254 8.17447757720947 8.17417240142822 8.17172431945801 8.168625831604 8.16431713104248 8.16038513183594 8.15686321258545 8.15488147735596 8.15389537811279 8.15302658081055 8.15219974517822 8.15663814544678
8.12704658508301 8.1195592880249 8.11134624481201 8.1049747467041 8.09866333007812 8.08893871307373 8.07917881011963 8.06924247741699 8.05916213989258 8.04873466491699 8.04231071472168 8.04138374328613 8.04377174377441 8.04887294769287 8.05799579620361 8.06902408599854 8.08263683319092 8.09686756134033 8.11392402648926 8.13056468963623 8.13831901550293 8.14543151855469 8.1498556137085 8.15373420715332 8.15645980834961 8.1584939956665 8.15968036651611 8.1610689163208 8.1626033782959 8.16438102722168 8.166259765625 8.16775798797607 8.16917991638184 8.17058753967285 8.17194747924805 8.17284774780273 8.17333602905273 8.1723747253418 8.17050075531006 8.16693210601807 8.16274261474609 8.15787601470947 8.15465831756592 8.15250778198242 8.15029430389404 8.14805889129639 8.1502799987793
8.13687229156494 8.13062858581543 8.12384510040283 8.11887264251709 8.11401557922363 8.10725498199463 8.10063934326172 8.09476280212402 8.08925628662109 8.08464431762695 8.08469295501709 8.09114170074463 8.09650421142578 8.10097789764404 8.1066370010376 8.11285781860352 8.12263298034668 8.13325786590576 8.13916397094727 8.14456748962402 8.14738464355469 8.15016841888428 8.15280914306641 8.15513610839844 8.15680027008057 8.15818786621094 8.15923595428467 8.16051197052002 8.16195297241211 8.163254737854 8.16450023651123 8.16558933258057 8.16664886474609 8.16804981231689 8.16944408416748 8.17066097259521 8.17159843444824 8.17155456542969 8.17056846618652 8.16783237457275 8.1639461517334 8.15880489349365 8.15509414672852 8.15230751037598 8.14924430847168 8.14608192443848 8.14658546447754
8.14492321014404 8.14101409912109 8.1369571685791 8.13325881958008 8.12959671020508 8.12590980529785 8.12255477905273 8.12088489532471 8.11945152282715 8.11859035491943 8.1198616027832 8.12406253814697 8.12714576721191 8.12931442260742 8.13237285614014 8.13585186004639 8.14169502258301 8.14810276031494 8.15136623382568 8.1542911529541 8.15543746948242 8.15654277801514 8.15747356414795 8.1583309173584 8.15903091430664 8.15970897674561 8.16036128997803 8.1613597869873 8.16261100769043 8.16331672668457 8.16379547119141 8.16420269012451 8.16459465026855 8.16562843322754 8.16670799255371 8.16800498962402 8.16910266876221 8.16949844360352 8.16911602020264 8.1672887802124 8.16417694091797 8.15966415405273 8.15608406066895 8.15310764312744 8.14961051940918 8.1459264755249 8.14513397216797
8.14962482452393 8.1474494934082 8.1453218460083 8.14340877532959 8.14153099060059 8.14002227783203 8.13878726959229 8.13894176483154 8.1391077041626 8.13930130004883 8.14028835296631 8.14236164093018 8.14393615722656 8.14510345458984 8.14688968658447 8.14896869659424 8.15250492095947 8.1563892364502 8.15794372558594 8.15926742553711 8.15955638885498 8.15972423553467 8.15938091278076 8.15913963317871 8.15911293029785 8.15929222106934 8.15972423553467 8.16059589385986 8.16178703308105 8.16219615936279 8.16228008270264 8.16232109069824 8.162353515625 8.16315078735352 8.16400718688965 8.16516208648682 8.16616058349609 8.16660785675049 8.16647624969482 8.16526889801025 8.16294860839844 8.15941429138184 8.15628528594971 8.15341854095459 8.15007305145264 8.14655494689941 8.1451301574707
8.15268802642822 8.15195083618164 8.15136241912842 8.15148448944092 8.15167999267578 8.15191173553467 8.1522388458252 8.15305137634277 8.15360450744629 8.15353679656982 8.15349960327148 8.15350532531738 8.15394878387451 8.15475082397461 8.15591526031494 8.15725231170654 8.15927696228027 8.16146659851074 8.16176891326904 8.16191959381104 8.16175079345703 8.16134357452393 8.15993976593018 8.15878200531006 8.15814304351807 8.15792655944824 8.15822505950928 8.15904235839844 8.16023826599121 8.16049671173096 8.16036701202393 8.16019725799561 8.16001987457275 8.16064548492432 8.16132354736328 8.16222763061523 8.16300010681152 8.16331005096436 8.16325664520264 8.16252708435059 8.16100597381592 8.1586217880249 8.15610027313232 8.15349006652832 8.1505823135376 8.14756679534912 8.14583587646484
8.15103435516357 8.15126609802246 8.15170478820801 8.15281391143799 8.15399074554443 8.15514183044434 8.1562967300415 8.157470703125 8.15833568572998 8.1584587097168 8.15849876403809 8.15842628479004 8.15879726409912 8.15953063964844 8.16026210784912 8.16099262237549 8.16208934783936 8.16327381134033 8.16264152526855 8.16189289093018 8.16127014160156 8.16039371490479 8.1584587097168 8.15678310394287 8.15565490722656 8.15511703491211 8.15530109405518 8.15589427947998 8.15678596496582 8.15695285797119 8.15681934356689 8.15667819976807 8.15653514862061 8.15708255767822 8.15768051147461 8.15853309631348 8.15925979614258 8.15954208374023 8.15966129302979 8.15947818756104 8.15866947174072 8.15718078613281 8.15532875061035 8.15324306488037 8.15098667144775 8.14866924285889 8.14717388153076
