Ecospace-environmental-drivers/Outputs/ASCII-for-ecospace/MOM6-ISIMIP3a/ph/2008-08_ph_MOM6-ISIMIP3a.asc
NCOLS 131 
NROWS 53 
XLLCORNER -98 
YLLCORNER 23.9265270233154 
CELLSIZE 0.133587792515755 
NODATA_value -9999 
[rows 0 to 20 of 53, columns 47 to 93 of 131]
-9999 -9999 -9999 -9999 -9999 -9999 -9999 -9999 -9999 -9999 -9999 -9999 -9999 -9999 -9999 -9999 -9999 -9999 -9999 -9999 -9999 -9999 -9999 -9999 -9999 -9999 -9999 -9999 -9999 -9999 -9999 -9999 -9999 -9999 -9999 -9999 -9999 -9999 -9999 -9999 -9999 -9999 -9999 -9999 -9999 -9999 -9999
-9999 -9999 -9999 -9999 -9999 -9999 -9999 -9999 -9999 -9999 -9999 -9999 -9999 -9999 -9999 -9999 -9999 -9999 -9999 -9999 -9999 -9999 -9999 -9999 -9999 -9999 -9999 -9999 -9999 -9999 -9999 -9999 -9999 -9999 -9999 -9999 -9999 -9999 -9999 -9999 -9999 -9999 -9999 -9999 -9999 -9999 -9999
-9999 -9999 -9999 -9999 -9999 -9999 -9999 -9999 -9999 -9999 -9999 -9999 -9999 -9999 -9999 -9999 -9999 -9999 -9999 -9999 -9999 -9999 -9999 -9999 -9999 -9999 -9999 8.06004333496094 8.05755424499512 -9999 -9999 -9999 -9999 -9999 -9999 -9999 -9999 -9999 -9999 -9999 -9999 -9999 -9999 -9999 -9999 -9999 -9999
-9999 -9999 -9999 -9999 -9999 -9999 -9999 -9999 -9999 -9999 -9999 -9999 -9999 -9999 -9999 -9999 -9999 -9999 -9999 -9999 -9999 -9999 -9999 -9999 -9999 -9999 -9999 8.06066608428955 8.0576114654541 -9999 -9999 -9999 -9999 -9999 -9999 -9999 -9999 -9999 -9999 -9999 -9999 -9999 -9999 -9999 -9999 -9999 -9999
-9999 -9999 -9999 -9999 -9999 -9999 -9999 -9999 -9999 -9999 -9999 -9999 -9999 -9999 -9999 -9999 -9999 -9999 7.94564056396484 7.95102596282959 7.95533418655396 7.98046588897705 8.0016040802002 8.03545093536377 8.05488109588623 8.06145095825195 8.06300258636475 8.06110286712646 8.05789279937744 8.05383968353271 -9999 -9999 8.05632591247559 8.06439399719238 8.07452297210693 8.08351039886475 8.08933258056641 8.09252738952637 8.09353065490723 8.09393215179443 8.0933666229248 8.09130001068115 -9999 -9999 -9999 -9999 -9999
-9999 -9999 -9999 -9999 -9999 -9999 -9999 -9999 -9999 -9999 -9999 -9999 -9999 -9999 7.78614330291748 -9999 7.77466821670532 7.76543998718262 7.85657167434692 7.94564056396484 7.95210313796997 7.95533418655396 8.00559711456299 8.04388046264648 8.05687427520752 8.06388759613037 8.06359004974365 8.06153011322021 8.05818748474121 8.05396175384521 8.04937076568604 8.05092716217041 8.05369091033936 8.06435871124268 8.07513236999512 8.08407688140869 8.09132289886475 8.09259796142578 8.09366130828857 8.09433174133301 8.0938024520874 8.091965675354 8.08813190460205 8.08300399780273 -9999 -9999 -9999
-9999 -9999 -9999 -9999 -9999 -9999 -9999 -9999 -9999 -9999 8.03831100463867 8.0370626449585 8.03617191314697 8.03379249572754 7.90951824188232 7.78779268264771 7.78449440002441 7.77407073974609 7.76543998718262 7.85863399505615 7.94564056396484 7.95533418655396 8.00559711456299 8.04388046264648 8.05687427520752 8.06388759613037 8.06359004974365 8.06153011322021 8.05818748474121 8.05396175384521 8.04937076568604 8.05092716217041 8.05369091033936 8.06435871124268 8.07513236999512 8.08407688140869 8.09132289886475 8.09259796142578 8.09366130828857 8.09433174133301 8.0938024520874 8.091965675354 8.08813190460205 8.08300399780273 8.08164882659912 8.08000564575195 -9999
-9999 -9999 -9999 -9999 -9999 -9999 -9999 -9999 -9999 -9999 8.04500579833984 8.03831100463867 8.035813331604 -9999 8.031174659729 7.90974044799805 7.791090965271 7.78449440002441 7.77227830886841 7.76543998718262 7.86482191085815 7.95659875869751 8.0165491104126 8.06317710876465 8.08167743682861 8.09314632415771 8.096022605896 8.09585571289062 8.09347248077393 8.09003829956055 8.08616924285889 8.08594608306885 8.08644008636475 8.09182071685791 8.09719085693359 8.1006965637207 8.10270214080811 8.09943294525146 8.09690093994141 8.09573459625244 8.09463500976562 8.09360790252686 8.09086608886719 8.08701610565186 8.08194065093994 8.07642650604248 8.07594680786133
-9999 -9999 -9999 -9999 -9999 -9999 -9999 -9999 -9999 -9999 -9999 -9999 -9999 -9999 8.03154373168945 8.02866268157959 7.91290903091431 7.79768753051758 7.78449440002441 7.76690006256104 7.86554002761841 7.9587082862854 8.02897548675537 8.08451843261719 8.10897350311279 8.12526607513428 8.1315803527832 8.13344669342041 8.13207244873047 8.12948131561279 8.12638759613037 8.12422561645508 8.12224674224854 8.12186241149902 8.12133693695068 8.11885261535645 8.11510562896729 8.1069164276123 8.10048866271973 8.09732913970947 8.09558582305908 8.095383644104 8.09380435943604 8.09133529663086 8.08481979370117 8.0768518447876 8.07544422149658
8.12737083435059 -9999 -9999 -9999 -9999 -9999 -9999 -9999 -9999 -9999 8.11158466339111 8.05186748504639 -9999 -9999 -9999 8.02799987792969 8.02966594696045 7.9246973991394 7.81088066101074 7.81878709793091 7.90365791320801 7.98476982116699 8.05015182495117 8.10250473022461 8.12735366821289 8.14406681060791 8.15083789825439 8.15236854553223 8.1500825881958 8.14712238311768 8.14388370513916 8.14105129241943 8.13829898834229 8.13589763641357 8.13311386108398 8.12646293640137 8.11935138702393 8.11061954498291 8.10369396209717 8.10012245178223 8.09736251831055 8.09548759460449 8.0933198928833 8.09096336364746 8.08588218688965 8.07982158660889 8.07718181610107
8.1262321472168 8.12606430053711 -9999 -9999 -9999 -9999 -9999 -9999 -9999 -9999 8.14323997497559 8.11214256286621 8.05186748504639 -9999 -9999 8.01833248138428 8.02735614776611 8.04331016540527 7.95744657516479 7.87510013580322 7.94573926925659 8.01409816741943 8.07291793823242 8.12060451507568 8.14478969573975 8.16126918792725 8.1683292388916 8.16959571838379 8.1666431427002 8.1632833480835 8.15975379943848 8.15620994567871 8.152663230896 8.14844226837158 8.14363765716553 8.13336658477783 8.12336826324463 8.11433029174805 8.10707664489746 8.10313701629639 8.09933757781982 8.0956916809082 8.09276866912842 8.09031295776367 8.08653354644775 8.08227729797363 8.07872200012207
8.1262321472168 8.12572765350342 8.12442970275879 8.1233549118042 -9999 -9999 -9999 -9999 -9999 -9999 -9999 8.14450454711914 8.1056022644043 8.05186748504639 8.03831100463867 8.01833248138428 8.02735614776611 8.04331016540527 7.99801063537598 7.955153465271 8.00908088684082 8.06095123291016 8.10421276092529 8.13930892944336 8.15716743469238 8.16989421844482 8.17634963989258 8.17773628234863 8.17542934417725 8.17150497436523 8.16691017150879 8.16243171691895 8.1579761505127 8.15299892425537 8.14744663238525 8.13647937774658 8.12615203857422 8.11807727813721 8.11140537261963 8.10734081268311 8.10237598419189 8.09643077850342 8.09185600280762 8.08816909790039 8.08498287200928 8.08197689056396 8.07920742034912
8.12607860565186 8.12488460540771 8.12377738952637 8.12332916259766 -9999 -9999 -9999 -9999 8.13112258911133 8.13841819763184 8.14631938934326 8.15505123138428 8.13214302062988 8.08334636688232 8.05552673339844 8.03764343261719 8.04445552825928 8.05716800689697 8.04094696044922 8.02640819549561 8.06529235839844 8.10236930847168 8.13187980651855 8.15586471557617 8.16818428039551 8.17757797241211 8.1833963394165 8.18498516082764 8.18349361419678 8.17943382263184 8.1743106842041 8.16905403137207 8.16377067565918 8.15783214569092 8.15136528015137 8.13997268676758 8.12945365905762 8.12200736999512 8.11569881439209 8.1115026473999 8.10572719573975 8.09823226928711 8.09225749969482 8.08726692199707 8.0840482711792 8.08146667480469 8.0791654586792
8.12554264068604 8.12492275238037 8.12378025054932 8.12332916259766 8.12295722961426 8.12281036376953 8.12324047088623 8.12660598754883 8.13112258911133 8.13841819763184 8.14631938934326 8.15505123138428 8.14838981628418 8.12913513183594 8.11578559875488 8.10523319244385 8.10430335998535 8.10567283630371 8.08981323242188 8.07566738128662 8.10367965698242 8.13020038604736 8.15047931671143 8.16705226898193 8.17580223083496 8.1829080581665 8.18800354003906 8.1900053024292 8.18975353240967 8.18663311004639 8.18232440948486 8.17667865753174 8.17076969146729 8.16336059570312 8.15555572509766 8.14441776275635 8.13405132293701 8.12639904022217 8.11990451812744 8.11556053161621 8.10986328125 8.10269069671631 8.09594345092773 8.08947086334229 8.08465385437012 8.0804328918457 8.07780361175537
8.12308120727539 8.12308788299561 8.12227344512939 8.12295818328857 8.12379932403564 8.12472248077393 8.12609004974365 8.12971782684326 8.13423919677734 8.1409215927124 8.14790725708008 8.15530681610107 8.15836524963379 8.15787220001221 8.15503883361816 8.15109729766846 8.14755821228027 8.14411544799805 8.13167953491211 8.12054538726807 8.13735771179199 8.15316677093506 8.16477870941162 8.1744909286499 8.18019390106201 8.18546009063721 8.19019222259521 8.1928243637085 8.19392681121826 8.19197750091553 8.18876457214355 8.18308639526367 8.17692375183105 8.16825771331787 8.15928745269775 8.1482572555542 8.13796997070312 8.130295753479 8.12378787994385 8.11944675445557 8.11419773101807 8.10795974731445 8.10116291046143 8.09400463104248 8.08775043487549 8.08182239532471 8.07799625396729
8.11789703369141 8.11860466003418 8.11863136291504 8.12206172943115 8.12583065032959 8.12933826446533 8.13296985626221 8.13722896575928 8.14176368713379 8.14696407318115 8.15173721313477 8.15592384338379 8.15947341918945 8.16250324249268 8.16459560394287 8.16624450683594 8.16735172271729 8.1683292388916 8.16364669799805 8.15923118591309 8.16437911987305 8.16925525665283 8.17299842834473 8.17662906646729 8.18002223968506 8.18408298492432 8.18896007537842 8.19253063201904 8.19515037536621 8.19470024108887 8.19297885894775 8.18777465820312 8.18188571929932 8.17226028442383 8.16236972808838 8.15124034881592 8.14092922210693 8.13349533081055 8.12721824645996 8.12308979034424 8.11881351470947 8.11437511444092 8.10855197906494 8.10183238983154 8.09436893463135 8.08663845062256 8.08038711547852
8.11310005187988 8.11446094512939 8.1154260635376 8.11957550048828 8.1240348815918 8.12805652618408 8.13200187683105 8.13555431365967 8.13912582397461 8.14273834228516 8.14615440368652 8.14930248260498 8.15356636047363 8.1587438583374 8.16386699676514 8.16896438598633 8.17296123504639 8.17669486999512 8.17651748657227 8.17608070373535 8.17576694488525 8.17549514770508 8.17540168762207 8.17603492736816 8.17820262908936 8.18140411376953 8.18586921691895 8.1897611618042 8.19323444366455 8.19407272338867 8.19381999969482 8.18928241729736 8.18390369415283 8.17391395568848 8.16370296478271 8.15299797058105 8.14308547973633 8.13595962524414 8.1300163269043 8.12626647949219 8.12295627593994 8.12012481689453 8.11571788787842 8.11029148101807 8.10278797149658 8.09453868865967 8.08625030517578
8.10862731933594 8.11060428619385 8.11258888244629 8.11575126647949 8.11901664733887 8.1218090057373 8.12442493438721 8.126145362854 8.12792873382568 8.12986373901367 8.132643699646 8.13658428192139 8.14175128936768 8.14792060852051 8.1544771194458 8.16121768951416 8.16662502288818 8.17171382904053 8.17330837249756 8.17453956604004 8.17398929595947 8.17344188690186 8.17290592193604 8.17313861846924 8.17499542236328 8.17762851715088 8.18121337890625 8.18490505218506 8.18867492675781 8.19062423706055 8.191819190979 8.18811225891113 8.18344211578369 8.17359066009521 8.16356563568115 8.15372371673584 8.14456462860107 8.13780689239502 8.13228225708008 8.12905025482178 8.12670040130615 8.12531280517578 8.12269496917725 8.11928081512451 8.11272239685059 8.10503482818604 8.09503841400146
8.10346412658691 8.10526657104492 8.10722637176514 8.10955905914307 8.11191654205322 8.11390972137451 8.11575889587402 8.11686992645264 8.11811256408691 8.11967277526855 8.12215900421143 8.1259183883667 8.13075256347656 8.13646507263184 8.14289379119873 8.14966106414795 8.15591144561768 8.16203880310059 8.16507434844971 8.16772365570068 8.16783809661865 8.1679048538208 8.16777515411377 8.16821956634521 8.16987609863281 8.17201900482178 8.17475700378418 8.17818355560303 8.18210983276367 8.18470859527588 8.18675804138184 8.18409156799316 8.18049716949463 8.17167663574219 8.16267013549805 8.15374660491943 8.14539051055908 8.13903045654297 8.13389301300049 8.131028175354 8.12924671173096 8.12864398956299 8.12726211547852 8.12537479400635 8.12017154693604 8.11377620697021 8.10353183746338
8.09796237945557 8.09920310974121 8.10062789916992 8.10220813751221 8.10379791259766 8.10520362854004 8.10655975341797 8.1076602935791 8.10897254943848 8.11079502105713 8.11315536499023 8.11625576019287 8.12015247344971 8.12470054626465 8.13023567199707 8.13624000549316 8.14305591583252 8.15006637573242 8.15438270568848 8.15832614898682 8.1595458984375 8.16066360473633 8.16135597229004 8.16231155395508 8.16382122039795 8.16551113128662 8.16742038726807 8.17054843902588 8.17456245422363 8.17758655548096 8.18019866943359 8.17867469787598 8.17633724212646 8.16898441314697 8.16140460968018 8.1534252166748 8.14589595794678 8.13994884490967 8.13518238067627 8.13261222839355 8.13120555877686 8.13106727600098 8.13065052032471 8.13005256652832 8.12640380859375 8.12165927886963 8.11188220977783
8.09297847747803 8.09369659423828 8.09457778930664 8.09573173522949 8.09691143035889 8.0980396270752 8.09915924072266 8.10023307800293 8.10148334503174 8.1031608581543 8.10513019561768 8.10749816894531 8.11050033569336 8.11402225494385 8.11869525909424 8.12391471862793 8.13055992126465 8.13754463195801 8.14276790618896 8.14768886566162 8.14995288848877 8.15200519561768 8.15316963195801 8.15432929992676 8.15548038482666 8.15673446655273 8.15811538696289 8.16082954406738 8.16451454162598 8.16740989685059 8.16997814178467 8.16943836212158 8.16828727722168 8.16278457641602 8.15701580047607 8.15023326873779 8.14374351501465 8.13828372955322 8.133864402771 8.13137912750244 8.13013553619385 8.13024425506592 8.13040161132812 8.13059043884277 8.12819194793701 8.12486457824707 8.11620140075684
