Ecospace-environmental-drivers/Outputs/ASCII-for-ecospace/MOM6-ISIMIP3a/ph/2008-05_ph_MOM6-ISIMIP3a.asc
NCOLS 131 
NROWS 53 
XLLCORNER -98 
YLLCORNER 23.9265270233154 
CELLSIZE 0.133587792515755 
NODATA_value -9999 
[rows 21 to 41 of 53, columns 47 to 93 of 131]
8.10926532745361 8.1091194152832 8.10904121398926 8.10893535614014 8.10880947113037 8.10820484161377 8.10765361785889 8.10737037658691 8.10723495483398 8.10745525360107 8.10790157318115 8.1086597442627 8.10978412628174 8.11120891571045 8.11279201507568 8.11445045471191 8.11723518371582 8.12028884887695 8.12749290466309 8.13498973846436 8.14260005950928 8.14891910552979 8.14983177185059 8.14977645874023 8.14767742156982 8.14760112762451 8.14999580383301 8.151611328125 8.15266036987305 8.15359592437744 8.15448570251465 8.1547155380249 8.15481758117676 8.15267753601074 8.150634765625 8.15034294128418 8.15007019042969 8.14986419677734 8.14907741546631 8.14721298217773 8.14445972442627 8.14073657989502 8.13729953765869 8.13404750823975 8.13201999664307 8.13043117523193 8.12879467010498
8.10663795471191 8.10630226135254 8.10598373413086 8.10563850402832 8.1052770614624 8.10455989837646 8.10386085510254 8.10325241088867 8.10275459289551 8.10252094268799 8.102463722229 8.1026496887207 8.10323715209961 8.10415267944336 8.10524082183838 8.10641193389893 8.10814476013184 8.11001300811768 8.11481475830078 8.11992263793945 8.12655067443848 8.13223361968994 8.13395977020264 8.1346960067749 8.13334178924561 8.13344955444336 8.13534355163574 8.13728332519531 8.13925647735596 8.14126300811768 8.14328289031982 8.14465427398682 8.14589691162109 8.14471435546875 8.14370346069336 8.1452465057373 8.14669322967529 8.14779853820801 8.14794254302979 8.14630222320557 8.14354801177979 8.13957786560059 8.13574123382568 8.13198947906494 8.12942314147949 8.12728214263916 8.12573146820068
8.10421180725098 8.10371017456055 8.10318088531494 8.10262966156006 8.10206699371338 8.10126972198486 8.10045528411865 8.09955596923828 8.09873390197754 8.09809494018555 8.09757328033447 8.09720993041992 8.09724426269531 8.09760189056396 8.0981502532959 8.09878921508789 8.09947967529297 8.10018157958984 8.10247993469238 8.10507678985596 8.11042499542236 8.11523056030273 8.11776351928711 8.1193323135376 8.11886787414551 8.11922836303711 8.12059593200684 8.1227912902832 8.12558841705322 8.12862110137939 8.13175010681152 8.1342601776123 8.13665008544922 8.13643932342529 8.13647270202637 8.13983631134033 8.14301204681396 8.14552688598633 8.14669513702393 8.14536380767822 8.1426944732666 8.13856601715088 8.13438415527344 8.13016605377197 8.12703323364258 8.12428951263428 8.1227445602417
8.10145092010498 8.10081958770752 8.10019111633301 8.09959316253662 8.09899044036865 8.09820461273193 8.09740734100342 8.09654998779297 8.09581756591797 8.09538555145264 8.0950174331665 8.09473609924316 8.09466934204102 8.09477710723877 8.09499168395996 8.09525775909424 8.09561347961426 8.09599018096924 8.09719276428223 8.09855556488037 8.10141944885254 8.10408973693848 8.10594940185547 8.10730361938477 8.10759162902832 8.10828971862793 8.10948753356934 8.11148929595947 8.11407566070557 8.11725425720215 8.12067794799805 8.12366104125977 8.12655830383301 8.12711334228516 8.12790298461914 8.13184547424316 8.13594722747803 8.1406135559082 8.14370155334473 8.14385795593262 8.14232444763184 8.13894844055176 8.13507270812988 8.13087272644043 8.1273946762085 8.12417507171631 8.12193870544434
8.09880542755127 8.0980749130249 8.09736728668213 8.09671688079834 8.09606647491455 8.0952844619751 8.09450244903564 8.09372425079346 8.09310150146484 8.09285449981689 8.09262943267822 8.09243488311768 8.09230804443359 8.09223747253418 8.09222030639648 8.09222793579102 8.09234523773193 8.09248828887939 8.09281349182129 8.09318161010742 8.09398460388184 8.09486770629883 8.0960865020752 8.09718799591064 8.09804153442383 8.09897041320801 8.0999927520752 8.10174465179443 8.10402870178223 8.1071834564209 8.11069774627686 8.11395645141602 8.11716556549072 8.11833381652832 8.11972045898438 8.1239709854126 8.12868022918701 8.13499736785889 8.13971328735352 8.14145469665527 8.14126586914062 8.13897323608398 8.13566493988037 8.13169860839844 8.12797737121582 8.124342918396 8.12136363983154
8.0966682434082 8.09596633911133 8.09527206420898 8.09454345703125 8.09380912780762 8.09299373626709 8.09222412109375 8.09169101715088 8.09126567840576 8.09110164642334 8.09097003936768 8.09088516235352 8.09088325500488 8.09095001220703 8.09114456176758 8.09139919281006 8.09169864654541 8.09200954437256 8.09241676330566 8.09284210205078 8.0934362411499 8.09405612945557 8.09478092193604 8.09546375274658 8.09605693817139 8.09675121307373 8.09756851196289 8.09882926940918 8.10041236877441 8.10279273986816 8.10550308227539 8.10817527770996 8.11083889007568 8.11195468902588 8.1132287979126 8.11661148071289 8.12052345275879 8.12629699707031 8.13136386871338 8.13511943817139 8.13719272613525 8.13743305206299 8.13583660125732 8.13305187225342 8.12952995300293 8.12574481964111 8.12180042266846
8.09488105773926 8.09420680999756 8.09352874755859 8.09275150299072 8.09196186065674 8.09113121032715 8.09036922454834 8.08995723724365 8.0896520614624 8.08960723876953 8.08960342407227 8.08965587615967 8.08978366851807 8.08997249603271 8.09036731719971 8.09085941314697 8.09130477905273 8.0917387008667 8.0921516418457 8.09256649017334 8.09303188323975 8.09347057342529 8.09379577636719 8.09414768218994 8.09455490112305 8.09509181976318 8.09578704833984 8.0966968536377 8.09776210784912 8.09946537017822 8.10143280029297 8.1034688949585 8.10551834106445 8.10647296905518 8.1075267791748 8.10994625091553 8.11293506622314 8.11792755126953 8.12294769287109 8.12801933288574 8.13186740875244 8.13438129425049 8.13453006744385 8.13314914703369 8.13007640838623 8.12639617919922 8.12180709838867
8.09386157989502 8.0932092666626 8.09255313873291 8.09178829193115 8.09101104736328 8.0902042388916 8.08943843841553 8.08887577056885 8.08852386474609 8.08867740631104 8.0888729095459 8.08912563323975 8.08939361572266 8.08967304229736 8.09024333953857 8.09095191955566 8.09146213531494 8.0919246673584 8.09217643737793 8.09243202209473 8.092942237854 8.09337902069092 8.09350967407227 8.09372138977051 8.0941047668457 8.09465408325195 8.0954065322876 8.09627246856689 8.09722137451172 8.09845638275146 8.09981155395508 8.10110950469971 8.10239601135254 8.10295009613037 8.10354518890381 8.10479545593262 8.10658645629883 8.11028099060059 8.1143856048584 8.1192512512207 8.12380886077881 8.12803268432617 8.1299991607666 8.13050651550293 8.12842464447021 8.125412940979 8.12087535858154
8.09300231933594 8.092360496521 8.09171390533447 8.09096336364746 8.09020137786865 8.08939838409424 8.08861827850342 8.08795833587646 8.08758354187012 8.08789730072021 8.08822250366211 8.08856582641602 8.08886528015137 8.08913040161133 8.08970355987549 8.09042167663574 8.09096336364746 8.09146404266357 8.09161853790283 8.09177398681641 8.09228706359863 8.09268474578857 8.0925989151001 8.09263324737549 8.09291839599609 8.09334373474121 8.09394073486328 8.09460830688477 8.09532737731934 8.09619617462158 8.09712600708008 8.097900390625 8.09864521026611 8.09896659851074 8.099289894104 8.09979057312012 8.10073852539062 8.10326385498047 8.10642337799072 8.11076259613037 8.11563396453857 8.12108612060547 8.12460899353027 8.12688541412354 8.12604141235352 8.12407684326172 8.11992359161377
8.09234619140625 8.09169960021973 8.09104633331299 8.09031391143799 8.08957004547119 8.08874416351318 8.08793926239014 8.08724594116211 8.08687973022461 8.08730316162109 8.08767223358154 8.08796691894531 8.08816528320312 8.08828258514404 8.08863925933838 8.08910942077637 8.08964252471924 8.09019088745117 8.09032726287842 8.09045791625977 8.09092044830322 8.09123134613037 8.09090232849121 8.0907096862793 8.09080505371094 8.09093570709229 8.09110927581787 8.091383934021 8.09173202514648 8.09235858917236 8.09310150146484 8.09362411499023 8.09410381317139 8.09440135955811 8.09469127655029 8.09496974945068 8.09552192687988 8.09703826904297 8.09921741485596 8.10262680053711 8.10731220245361 8.11338710784912 8.11813735961914 8.12203121185303 8.12273693084717 8.1222972869873 8.11894512176514
8.09172821044922 8.09108448028564 8.09044170379639 8.08975315093994 8.08905124664307 8.08815383911133 8.08730316162109 8.08669853210449 8.08639240264893 8.08681201934814 8.08715152740479 8.08738327026367 8.08744812011719 8.08737564086914 8.08753490447998 8.08780384063721 8.08815097808838 8.0885181427002 8.08876323699951 8.08899593353271 8.0891809463501 8.08926010131836 8.08889484405518 8.08858489990234 8.08839416503906 8.08823108673096 8.08810043334961 8.08808326721191 8.08814811706543 8.08847808837891 8.08891773223877 8.08927154541016 8.08960723876953 8.08998584747314 8.09036540985107 8.09074306488037 8.09124946594238 8.09220600128174 8.09367656707764 8.09610080718994 8.1002025604248 8.10613059997559 8.11166095733643 8.11693382263184 8.11893177032471 8.11975288391113 8.11710834503174
8.09114074707031 8.09050273895264 8.08988571166992 8.08925819396973 8.0886173248291 8.08761119842529 8.08670043945312 8.08627319335938 8.08606719970703 8.08639621734619 8.08665370941162 8.08681106567383 8.08671855926514 8.08642387390137 8.08639812469482 8.08650207519531 8.08653259277344 8.08654689788818 8.08699417114258 8.08742332458496 8.08716106414795 8.08690071105957 8.08665370941162 8.08630847930908 8.08575916290283 8.08530235290527 8.08495903015137 8.08472537994385 8.08457279205322 8.08456420898438 8.08461475372314 8.08485984802246 8.08514404296875 8.08568096160889 8.08624362945557 8.08696269989014 8.08768463134766 8.08841991424561 8.08938598632812 8.09078216552734 8.09400081634521 8.09920501708984 8.10518074035645 8.11165523529053 8.11475086212158 8.11663341522217 8.11462783813477
8.09071826934814 8.09004688262939 8.08940124511719 8.08884239196777 8.08826923370361 8.08710479736328 8.08608722686768 8.08581352233887 8.08570384979248 8.0859899520874 8.08619403839111 8.08628559112549 8.08608436584473 8.08564472198486 8.08550643920898 8.08551216125488 8.08527755737305 8.08498477935791 8.08524799346924 8.08550930023193 8.08517551422119 8.08485317230225 8.08457565307617 8.08419990539551 8.08361721038818 8.08319759368896 8.08297634124756 8.0828104019165 8.08268356323242 8.08259105682373 8.08251190185547 8.08266735076904 8.08286762237549 8.08331203460693 8.08378982543945 8.08450126647949 8.08522033691406 8.08596897125244 8.08677101135254 8.08767223358154 8.09011268615723 8.09422969818115 8.10001850128174 8.10688781738281 8.11072158813477 8.11346530914307 8.11216449737549
8.09036731719971 8.08964347839355 8.08894920349121 8.08845901489258 8.08795928955078 8.08661460876465 8.08547019958496 8.0853385925293 8.08532333374023 8.08558654785156 8.0857515335083 8.08578109741211 8.08549118041992 8.08493900299072 8.08471870422363 8.08465576171875 8.08417701721191 8.08359909057617 8.0835132598877 8.08344841003418 8.08320617675781 8.08293914794922 8.08256816864014 8.08216285705566 8.08168601989746 8.08144474029541 8.08149147033691 8.08151340484619 8.08151817321777 8.08145046234131 8.08135318756104 8.08142375946045 8.08152770996094 8.08177280426025 8.08205127716064 8.08260536193848 8.08322715759277 8.08409118652344 8.08487415313721 8.08550930023193 8.0872163772583 8.09009075164795 8.09542083740234 8.10234069824219 8.10675811767578 8.11027526855469 8.10970783233643
8.09023857116699 8.08948802947998 8.08874702453613 8.08818531036377 8.08761215209961 8.08620548248291 8.08500957489014 8.08487796783447 8.08487415313721 8.08517932891846 8.08536434173584 8.0853853225708 8.08509922027588 8.08456134796143 8.08434677124023 8.08428382873535 8.08371543884277 8.08302593231201 8.08285331726074 8.08269214630127 8.08218288421631 8.08169555664062 8.08129978179932 8.08092498779297 8.08059597015381 8.08046627044678 8.08058166503906 8.08065128326416 8.08068752288818 8.08065509796143 8.08059406280518 8.0806999206543 8.08083915710449 8.08106327056885 8.08130645751953 8.08171272277832 8.08220195770264 8.08297920227051 8.08372020721436 8.08439159393311 8.08571243286133 8.08773899078369 8.09229850769043 8.09849739074707 8.10312557220459 8.10719013214111 8.10740184783936
8.09015560150146 8.08938407897949 8.08859729766846 8.08793449401855 8.08725643157959 8.08581352233887 8.08458137512207 8.0844202041626 8.08441162109375 8.08477020263672 8.08498764038086 8.08501052856445 8.08474731445312 8.08425140380859 8.084059715271 8.08401298522949 8.0833854675293 8.08261966705322 8.08241558074951 8.0822057723999 8.08135509490967 8.08059024810791 8.08018398284912 8.07985305786133 8.07967948913574 8.0796480178833 8.07979202270508 8.07987880706787 8.07992649078369 8.07993030548096 8.07991695404053 8.0800838470459 8.08028507232666 8.08052444458008 8.08076667785645 8.08102893829346 8.08137702941895 8.08202648162842 8.08271884918213 8.0834903717041 8.08449649810791 8.0857572555542 8.08948135375977 8.09479808807373 8.09956169128418 8.1041259765625 8.10512733459473
8.09002208709717 8.0894947052002 8.08898162841797 8.08806705474854 8.08709335327148 8.08564376831055 8.08438110351562 8.08407020568848 8.08395481109619 8.08431053161621 8.08460426330566 8.08481121063232 8.08471965789795 8.08438396453857 8.08406925201416 8.08376598358154 8.08308887481689 8.08232307434082 8.08180618286133 8.08128833770752 8.08050060272217 8.07981300354004 8.07954216003418 8.07932281494141 8.0792121887207 8.07920932769775 8.07933616638184 8.07943439483643 8.07951164245605 8.07960224151611 8.07969760894775 8.0798864364624 8.08009433746338 8.08032703399658 8.08056354522705 8.08083248138428 8.08114337921143 8.08160209655762 8.08215999603271 8.08289813995361 8.08373260498047 8.08467197418213 8.08762454986572 8.09187984466553 8.0964298248291 8.10108470916748 8.10283088684082
8.08986186981201 8.08958053588867 8.0893440246582 8.08819961547852 8.08695602416992 8.08550930023193 8.0842227935791 8.08375453948975 8.08351993560791 8.08385181427002 8.08420562744141 8.0845890045166 8.08467292785645 8.08451175689697 8.0840892791748 8.08354187011719 8.08281803131104 8.08205127716064 8.0812349319458 8.08042049407959 8.07969951629639 8.0790901184082 8.07895183563232 8.07883930206299 8.07878589630127 8.07880592346191 8.0789155960083 8.07902431488037 8.07913208007812 8.07930850982666 8.07951259613037 8.0797290802002 8.07994747161865 8.08018112182617 8.08042049407959 8.08070278167725 8.08098316192627 8.08125591278076 8.0816707611084 8.08235168457031 8.08302402496338 8.08368682861328 8.08589458465576 8.08910274505615 8.09339809417725 8.09808349609375 8.10054588317871
8.08944702148438 8.0892915725708 8.08920097351074 8.08815002441406 8.08699417114258 8.08564472198486 8.08440780639648 8.08374309539795 8.08330726623535 8.08342266082764 8.08365058898926 8.08403015136719 8.08426380157471 8.08437538146973 8.08406448364258 8.08355331420898 8.08280086517334 8.08199024200439 8.08113956451416 8.08028888702393 8.07947158813477 8.07879161834717 8.07868957519531 8.07860851287842 8.07857131958008 8.07859802246094 8.07870388031006 8.07882213592529 8.07894992828369 8.07919502258301 8.07948875427246 8.07979202270508 8.08009719848633 8.08042812347412 8.0807580947876 8.08106422424316 8.08133411407471 8.0814733505249 8.08171463012695 8.08214378356934 8.08268642425537 8.08335018157959 8.08506298065186 8.0874547958374 8.09123420715332 8.0955114364624 8.09839153289795
8.0890531539917 8.0889720916748 8.08896064758301 8.0880184173584 8.08697319030762 8.08574199676514 8.08458232879639 8.08378124237061 8.0831823348999 8.08307266235352 8.08314418792725 8.08346366882324 8.08377552032471 8.08407974243164 8.08389377593994 8.08347415924072 8.08276844024658 8.08199405670166 8.08107662200928 8.08015251159668 8.07926845550537 8.078537940979 8.07845115661621 8.07838439941406 8.07836055755615 8.07839298248291 8.07849502563477 8.07862091064453 8.07876396179199 8.07908916473389 8.07949066162109 8.07990741729736 8.0803279876709 8.08078002929688 8.08121967315674 8.08152103424072 8.08176136016846 8.08178424835205 8.08186054229736 8.08203983306885 8.08243656158447 8.0830717086792 8.08433532714844 8.08600807189941 8.08927345275879 8.09311103820801 8.0963306427002
8.0887336730957 8.08853912353516 8.08836364746094 8.08758449554443 8.08673667907715 8.08570194244385 8.08471775054932 8.08399772644043 8.08338069915771 8.08301162719727 8.08281803131104 8.08286380767822 8.0829963684082 8.08320045471191 8.08318424224854 8.08306407928467 8.08267974853516 8.08223342895508 8.08112716674805 8.07999706268311 8.07915687561035 8.07845020294189 8.07830142974854 8.07819080352783 8.07816314697266 8.07819557189941 8.07830142974854 8.0784273147583 8.07856559753418 8.07901096343994 8.07958221435547 8.08021450042725 8.08085918426514 8.08151626586914 8.08213233947754 8.08232975006104 8.08247375488281 8.08243083953857 8.08237934112549 8.08231449127197 8.0825138092041 8.08300304412842 8.0839900970459 8.08529853820801 8.08806037902832 8.09134483337402 8.09461498260498
