Ecospace-environmental-drivers/Outputs/ASCII-for-ecospace/MOM6-ISIMIP3a/ph/2009-10_ph_MOM6-ISIMIP3a.asc
NCOLS 131 
NROWS 53 
XLLCORNER -98 
YLLCORNER 23.9265270233154 
CELLSIZE 0.133587792515755 
NODATA_value -9999 
[rows 21 to 41 of 53, columns 47 to 93 of 131]
8.10070037841797 8.10062122344971 8.10052967071533 8.10038566589355 8.10024356842041 8.100341796875 8.1003303527832 8.09975814819336 8.0991678237915 8.09853553771973 8.09811305999756 8.09797763824463 8.09811305999756 8.09847164154053 8.09887409210205 8.09929752349854 8.09981155395508 8.1003475189209 8.09957122802734 8.0987024307251 8.09781074523926 8.09704685211182 8.09681987762451 8.09663772583008 8.09654903411865 8.09681797027588 8.09752368927002 8.0985689163208 8.09986019134521 8.10148620605469 8.10324954986572 8.10474586486816 8.10618782043457 8.1073112487793 8.1083812713623 8.10904407501221 8.10965347290039 8.11007213592529 8.11037158966064 8.11044692993164 8.1104621887207 8.11041164398193 8.11073112487793 8.11128997802734 8.1124792098999 8.11389541625977 8.11466789245605
8.09365367889404 8.09362602233887 8.09358596801758 8.09342956542969 8.0932674407959 8.09329128265381 8.09328079223633 8.09310245513916 8.09293746948242 8.09280395507812 8.0927038192749 8.09264850616455 8.09269905090332 8.09283828735352 8.09310531616211 8.09343242645264 8.0938663482666 8.09432697296143 8.09391784667969 8.09347724914551 8.09345245361328 8.0935173034668 8.09395980834961 8.094482421875 8.09517478942871 8.09603595733643 8.09710502624512 8.09834289550781 8.09970378875732 8.10148334503174 8.10343647003174 8.10501670837402 8.10652351379395 8.10745429992676 8.10832500457764 8.10881328582764 8.1092472076416 8.1094913482666 8.1096305847168 8.10957527160645 8.10947036743164 8.10931205749512 8.10945987701416 8.10980606079102 8.11082172393799 8.11207866668701 8.11342525482178
8.08694267272949 8.08696746826172 8.08697700500488 8.08680152893066 8.08661079406738 8.08653259277344 8.08649349212646 8.08666133880615 8.08687305450439 8.08719253540039 8.08739757537842 8.08744430541992 8.08744430541992 8.08740425109863 8.08754730224609 8.08777618408203 8.08814334869385 8.08854198455811 8.08850765228271 8.08849620819092 8.08926963806152 8.09010219573975 8.09118366241455 8.09239387512207 8.09387683868408 8.09534645080566 8.09680080413818 8.09823513031006 8.09965705871582 8.10154151916504 8.10361957550049 8.1052713394165 8.10683917999268 8.10756683349609 8.10822677612305 8.10852241516113 8.10876369476318 8.10881328582764 8.10877323150635 8.10856437683105 8.10830974578857 8.10800552368164 8.10799026489258 8.10816192626953 8.10902976989746 8.11014747619629 8.11202239990234
8.08185005187988 8.08180522918701 8.08174228668213 8.08157157897949 8.08139228820801 8.08125305175781 8.08114814758301 8.08122539520264 8.08139610290527 8.08179378509521 8.08212852478027 8.08237552642822 8.08254718780518 8.08265781402588 8.08278942108154 8.08293151855469 8.08319759368896 8.08349418640137 8.08345413208008 8.08345317840576 8.08436679840088 8.08544731140137 8.08722400665283 8.08917045593262 8.09147548675537 8.09366607666016 8.09571552276611 8.09755611419678 8.09924411773682 8.10099220275879 8.10276412963867 8.10447883605957 8.10618114471436 8.10670566558838 8.10714817047119 8.10720443725586 8.10719871520996 8.10697746276855 8.10668468475342 8.10625743865967 8.10581970214844 8.10537052154541 8.10552501678467 8.10607147216797 8.10732173919678 8.10882472991943 8.11075115203857
8.07705974578857 8.07698154449463 8.07688617706299 8.07674884796143 8.07660675048828 8.07644176483154 8.0763053894043 8.07631397247314 8.07644557952881 8.07687568664551 8.0772876739502 8.07767486572266 8.07796573638916 8.07817840576172 8.07829666137695 8.07837009429932 8.07854747772217 8.07874965667725 8.07872486114502 8.07875061035156 8.07975292205811 8.08100605010986 8.08331203460693 8.08585739135742 8.08890628814697 8.09181785583496 8.09456157684326 8.09684181213379 8.09878253936768 8.10038661956787 8.10185050964355 8.10354232788086 8.10527896881104 8.10562419891357 8.10587501525879 8.105712890625 8.10548400878906 8.10502147674561 8.1045036315918 8.10388088226318 8.10329723358154 8.10275554656982 8.1031436920166 8.10413455963135 8.10581016540527 8.10773181915283 8.10971260070801
8.07359027862549 8.07364654541016 8.07369232177734 8.07370948791504 8.07372188568115 8.07368850708008 8.0736665725708 8.07370376586914 8.07380676269531 8.07406520843506 8.07432460784912 8.07458591461182 8.07476329803467 8.07487297058105 8.0749683380127 8.0750560760498 8.07518863677979 8.07533359527588 8.07541275024414 8.07553768157959 8.0763988494873 8.07750129699707 8.07961082458496 8.08215045928955 8.08559894561768 8.08923530578613 8.09310150146484 8.09596824645996 8.09810638427734 8.0995397567749 8.10068035125732 8.10197925567627 8.10330867767334 8.10357189178467 8.10374736785889 8.10345935821533 8.10310840606689 8.1025390625 8.10191822052002 8.10120010375977 8.1006326675415 8.10022830963135 8.10112857818604 8.10287189483643 8.10516166687012 8.10764789581299 8.10970020294189
8.07080078125 8.07094287872314 8.07108020782471 8.07119083404541 8.07129859924316 8.07136154174805 8.07142925262451 8.07151508331299 8.07161903381348 8.07176780700684 8.07191276550293 8.07205295562744 8.07214069366455 8.07218551635742 8.07229518890381 8.07243633270264 8.07253742218018 8.07262802124023 8.07275295257568 8.07291793823242 8.07363891601562 8.07459926605225 8.07655811309814 8.07910537719727 8.0828914642334 8.08706378936768 8.09170913696289 8.09496879577637 8.09721851348877 8.09846210479736 8.09928894042969 8.10021781921387 8.10116672515869 8.10128498077393 8.1013240814209 8.10089302062988 8.10041332244873 8.09976291656494 8.09906196594238 8.0982666015625 8.09776973724365 8.09759712219238 8.09902381896973 8.10148334503174 8.10435485839844 8.10737419128418 8.10956478118896
8.06949424743652 8.06961822509766 8.06973361968994 8.06980895996094 8.06988143920898 8.06996726989746 8.070068359375 8.07024383544922 8.07041835784912 8.07059001922607 8.07070350646973 8.07073497772217 8.0707836151123 8.07084560394287 8.07105541229248 8.07133293151855 8.07142734527588 8.07147598266602 8.07151794433594 8.07159328460693 8.07217407226562 8.07301044464111 8.07492256164551 8.07750225067139 8.08148956298828 8.08578777313232 8.0904655456543 8.09369564056396 8.09586906433105 8.09688282012939 8.09741592407227 8.09802627563477 8.09865093231201 8.09848785400391 8.0982551574707 8.09764385223389 8.09701824188232 8.09634590148926 8.09561538696289 8.09477996826172 8.09447193145752 8.0947380065918 8.09672260284424 8.09982013702393 8.10320281982422 8.10668849945068 8.10915946960449
8.06827354431152 8.06836605072021 8.06844806671143 8.06849765777588 8.06854724884033 8.06869029998779 8.0688591003418 8.06915855407715 8.06942462921143 8.06960868835449 8.06970977783203 8.0696964263916 8.06979465484619 8.06998348236084 8.07033729553223 8.07076835632324 8.07086086273193 8.07087326049805 8.07081127166748 8.07078266143799 8.07130146026611 8.07210445404053 8.07409191131592 8.07675361633301 8.08084011077881 8.08504390716553 8.08939170837402 8.0923023223877 8.09416675567627 8.09489250183105 8.09514713287354 8.09545230865479 8.0957670211792 8.09538459777832 8.09494304656982 8.09417533874512 8.09340572357178 8.09263229370117 8.09182071685791 8.09093952178955 8.09071636199951 8.09120941162109 8.09354019165039 8.09705829620361 8.10096549987793 8.10501098632812 8.10786628723145
8.06716060638428 8.06720447540283 8.06723785400391 8.06727409362793 8.06731796264648 8.06756114959717 8.06784152984619 8.06830883026123 8.06869316101074 8.06887435913086 8.06898880004883 8.06900882720947 8.06926822662354 8.06972217559814 8.07027721405029 8.07088088989258 8.0709810256958 8.07095909118652 8.07076930999756 8.07061672210693 8.07117652893066 8.07205581665039 8.07427310943604 8.07708168029785 8.08113574981689 8.08496856689453 8.08852958679199 8.09075927734375 8.09202003479004 8.09238433837891 8.09237861633301 8.09239673614502 8.09242153167725 8.09189891815186 8.09132385253906 8.09043025970459 8.08951950073242 8.08854675292969 8.0875883102417 8.08665466308594 8.08638572692871 8.08683967590332 8.08924674987793 8.09291648864746 8.09736251831055 8.10208702087402 8.10545444488525
8.06607532501221 8.06616401672363 8.06624698638916 8.06629371643066 8.06634426116943 8.0665922164917 8.06688785552979 8.06742763519287 8.06788444519043 8.06814002990723 8.06833744049072 8.06845569610596 8.06884479522705 8.06945514678955 8.07017707824707 8.07095146179199 8.07115745544434 8.07122707366943 8.07108116149902 8.07098007202148 8.07173728942871 8.07281303405762 8.07521820068359 8.0779972076416 8.08156585693359 8.08465385437012 8.08715438842773 8.08850193023682 8.08900928497314 8.08902931213379 8.08884716033936 8.08863544464111 8.08841800689697 8.08776378631592 8.08705711364746 8.08600902557373 8.08494186401367 8.0838041305542 8.08273506164551 8.08179187774658 8.08146858215332 8.08182048797607 8.08402156829834 8.0874195098877 8.09215545654297 8.09737205505371 8.10157775878906
8.0650110244751 8.06521415710449 8.06542015075684 8.06549549102783 8.06556034088135 8.06574153900146 8.0659818649292 8.06652355194092 8.06701946258545 8.06740474700928 8.06773853302002 8.06800365447998 8.06849956512451 8.06918621063232 8.07004642486572 8.07098865509033 8.07137680053711 8.07163143157959 8.07165908813477 8.07173919677734 8.07281303405762 8.07417392730713 8.076735496521 8.07935428619385 8.0820951461792 8.08415794372559 8.08539295196533 8.08570671081543 8.08535099029541 8.08503913879395 8.08474445343018 8.08434391021729 8.08392238616943 8.08314037322998 8.08230495452881 8.08108043670654 8.07984447479248 8.07856941223145 8.07741737365723 8.07649517059326 8.07611083984375 8.07631397247314 8.07809734344482 8.08090496063232 8.08574485778809 8.09131526947021 8.09660243988037
8.06385135650635 8.06416893005371 8.0645112991333 8.06474113464355 8.06495761871338 8.06509780883789 8.0652904510498 8.065749168396 8.06620311737061 8.06664180755615 8.06705951690674 8.06744766235352 8.06803798675537 8.0687952041626 8.06978988647461 8.07089805603027 8.07155227661133 8.07209873199463 8.07250213623047 8.0729513168335 8.07420253753662 8.0756311416626 8.07780170440674 8.07978534698486 8.08137607574463 8.08233070373535 8.0825080871582 8.08216094970703 8.08143043518066 8.0809440612793 8.0805606842041 8.07991695404053 8.07922267913818 8.07832431793213 8.07738399505615 8.07610321044922 8.07483768463135 8.0736255645752 8.07256031036377 8.07176685333252 8.0713996887207 8.07149696350098 8.07275772094727 8.0747709274292 8.07900238037109 8.0840311050415 8.09000492095947
8.06265068054199 8.06308460235596 8.06356620788574 8.06400680541992 8.06443214416504 8.06454372406006 8.06469249725342 8.06503200531006 8.06540775299072 8.06586837768555 8.06634616851807 8.0668478012085 8.06752681732178 8.06835174560547 8.06947994232178 8.07075119018555 8.07170963287354 8.07259368896484 8.07345962524414 8.0743579864502 8.07572555541992 8.07712841033936 8.07867431640625 8.07981967926025 8.08012199401855 8.07993221282959 8.07914352416992 8.07829189300537 8.07739543914795 8.07680511474609 8.07634162902832 8.07543277740479 8.07443618774414 8.07342624664307 8.07238960266113 8.07110404968262 8.06986808776855 8.06880569458008 8.06789970397949 8.06728267669678 8.06696605682373 8.06697559356689 8.06766700744629 8.06879997253418 8.07211780548096 8.07622146606445 8.08271312713623
8.06165027618408 8.06205368041992 8.06250667572021 8.06303977966309 8.06357192993164 8.0638313293457 8.06410121917725 8.06442070007324 8.06477451324463 8.06521320343018 8.06570529937744 8.0662727355957 8.0670280456543 8.06793785095215 8.06922054290771 8.0706787109375 8.07193660736084 8.07314586639404 8.07416725158691 8.07517623901367 8.07621383666992 8.07719039916992 8.07791519165039 8.07826709747314 8.07783317565918 8.0771369934082 8.0761194229126 8.07509517669678 8.07406616210938 8.07317638397217 8.07234573364258 8.07126522064209 8.07013511657715 8.06910991668701 8.06808471679688 8.06701755523682 8.06601428985596 8.06523895263672 8.06459712982178 8.06420135498047 8.06402397155762 8.06408214569092 8.06454658508301 8.06527233123779 8.06755638122559 8.07040023803711 8.07591915130615
8.06069087982178 8.06103515625 8.06142425537109 8.06202507019043 8.06264114379883 8.06308650970459 8.06351184844971 8.0638313293457 8.06417560577393 8.06458282470703 8.06507968902588 8.06570243835449 8.06653118133545 8.06752967834473 8.06897068023682 8.07062149047852 8.07217788696289 8.07371044158936 8.07482242584229 8.07587432861328 8.07648658752441 8.07695579528809 8.07681941986084 8.07638740539551 8.07533073425293 8.07425785064697 8.07316589355469 8.07203674316406 8.07088184356689 8.06965446472168 8.06839656829834 8.06716346740723 8.06593418121338 8.06491470336914 8.06392288208008 8.06311893463135 8.06239128112793 8.06193065643311 8.06157398223877 8.06141090393066 8.0613899230957 8.06152629852295 8.06183338165283 8.06224918365479 8.06347465515137 8.06499099731445 8.06922817230225
8.06034088134766 8.06060218811035 8.06091117858887 8.06142330169678 8.06195545196533 8.06246566772461 8.06294822692871 8.06328678131104 8.06364440917969 8.06404685974121 8.06457710266113 8.06528282165527 8.06621646881104 8.06733512878418 8.06894588470459 8.0707893371582 8.07236671447754 8.07388114929199 8.07470035552979 8.07543087005615 8.07557582855225 8.07559776306152 8.07510375976562 8.0743989944458 8.07324886322021 8.07196426391602 8.07051467895508 8.06920146942139 8.0679874420166 8.06674861907959 8.06550121307373 8.064377784729 8.06328010559082 8.0625 8.06174945831299 8.06118679046631 8.06067943572998 8.06036853790283 8.06012535095215 8.06000423431396 8.05999946594238 8.06012058258057 8.06037712097168 8.06071949005127 8.06154537200928 8.06254482269287 8.06545734405518
8.06006145477295 8.06023406982422 8.06045532226562 8.06087112426758 8.06130981445312 8.06187057495117 8.06239700317383 8.0627555847168 8.0631275177002 8.06353092193604 8.06409645080566 8.06488609313965 8.06592559814453 8.06716918945312 8.06894302368164 8.07096767425537 8.07253360748291 8.07398891448975 8.07449436187744 8.07488632202148 8.0745849609375 8.07418346405029 8.07336330413818 8.07241249084473 8.07118606567383 8.06971645355225 8.06794929504395 8.06648349761963 8.0652379989624 8.06400966644287 8.06278800964355 8.06178951263428 8.06083393096924 8.06029224395752 8.05978298187256 8.05944061279297 8.05913352966309 8.05895233154297 8.05880260467529 8.0587100982666 8.05870914459229 8.05880641937256 8.05901718139648 8.05930042266846 8.05978202819824 8.06033515930176 8.06199073791504
8.06024169921875 8.06027698516846 8.06034564971924 8.06064701080322 8.06097984313965 8.06148433685303 8.06196784973145 8.06234359741211 8.06273651123047 8.06317138671875 8.06378841400146 8.06465721130371 8.06581592559814 8.06721019744873 8.06907367706299 8.07115840911865 8.07247734069824 8.0736141204834 8.07376670837402 8.07381439208984 8.07330513000488 8.07269191741943 8.07163906097412 8.07048797607422 8.06912803649902 8.0676908493042 8.06615924835205 8.06492137908936 8.06389713287354 8.06273937225342 8.06152534484863 8.06065940856934 8.05986213684082 8.05945205688477 8.05906391143799 8.05874061584473 8.05844593048096 8.05825328826904 8.05808067321777 8.05794906616211 8.05789279937744 8.05791854858398 8.05808639526367 8.05834579467773 8.05876064300537 8.05923175811768 8.06037330627441
8.06044578552246 8.06035137176514 8.06027221679688 8.06046485900879 8.06069278717041 8.06113815307617 8.06157493591309 8.0619649887085 8.06237697601318 8.06284332275391 8.06351566314697 8.06447124481201 8.06575679779053 8.06731128692627 8.06922340393066 8.07130336761475 8.07236289978027 8.07317733764648 8.07301425933838 8.07275199890137 8.07204437255859 8.07123470306396 8.07000064849854 8.06872177124023 8.06734466552734 8.06599140167236 8.06466674804688 8.06362056732178 8.06277561187744 8.0616569519043 8.06042575836182 8.05967235565186 8.05901336669922 8.05869960784912 8.05839729309082 8.05807971954346 8.05778503417969 8.05757427215576 8.05737972259521 8.05721664428711 8.05711555480957 8.05708122253418 8.05720901489258 8.05744171142578 8.05780220031738 8.05820751190186 8.05891990661621
8.06073760986328 8.06054306030273 8.06033325195312 8.0604305267334 8.06056785583496 8.06094074249268 8.06131744384766 8.06170845031738 8.06213188171387 8.06263160705566 8.0633716583252 8.06444072723389 8.06588459014893 8.06763362884521 8.06944274902344 8.07128047943115 8.07202911376953 8.07251834869385 8.07216644287109 8.07172775268555 8.07085037231445 8.06990528106689 8.068678855896 8.06753540039062 8.06656837463379 8.06548690795898 8.06426525115967 8.06327533721924 8.06245231628418 8.06126308441162 8.05992221832275 8.05920600891113 8.05861377716064 8.05826568603516 8.05792427062988 8.05756092071533 8.05722236633301 8.05697250366211 8.05675220489502 8.05658912658691 8.05648040771484 8.05643177032471 8.05653095245361 8.05672550201416 8.05707263946533 8.05747413635254 8.05806541442871
