Ecospace-environmental-drivers/Outputs/ASCII-for-ecospace/MOM6-ISIMIP3a/ph/2009-09_ph_MOM6-ISIMIP3a.asc
NCOLS 131 
NROWS 53 
XLLCORNER -98 
YLLCORNER 23.9265270233154 
CELLSIZE 0.133587792515755 
NODATA_value -9999 
[rows 0 to 20 of 53, columns 47 to 93 of 131]
-9999 -9999 -9999 -9999 -9999 -9999 -9999 -9999 -9999 -9999 -9999 -9999 -9999 -9999 -9999 -9999 -9999 -9999 -9999 -9999 -9999 -9999 -9999 -9999 -9999 -9999 -9999 -9999 -9999 -9999 -9999 -9999 -9999 -9999 -9999 -9999 -9999 -9999 -9999 -9999 -9999 -9999 -9999 -9999 -9999 -9999 -9999
-9999 -9999 -9999 -9999 -9999 -9999 -9999 -9999 -9999 -9999 -9999 -9999 -9999 -9999 -9999 -9999 -9999 -9999 -9999 -9999 -9999 -9999 -9999 -9999 -9999 -9999 -9999 -9999 -9999 -9999 -9999 -9999 -9999 -9999 -9999 -9999 -9999 -9999 -9999 -9999 -9999 -9999 -9999 -9999 -9999 -9999 -9999
-9999 -9999 -9999 -9999 -9999 -9999 -9999 -9999 -9999 -9999 -9999 -9999 -9999 -9999 -9999 -9999 -9999 -9999 -9999 -9999 -9999 -9999 -9999 -9999 -9999 -9999 -9999 8.11053657531738 8.11843013763428 -9999 -9999 -9999 -9999 -9999 -9999 -9999 -9999 -9999 -9999 -9999 -9999 -9999 -9999 -9999 -9999 -9999 -9999
-9999 -9999 -9999 -9999 -9999 -9999 -9999 -9999 -9999 -9999 -9999 -9999 -9999 -9999 -9999 -9999 -9999 -9999 -9999 -9999 -9999 -9999 -9999 -9999 -9999 -9999 -9999 8.11174297332764 8.11935710906982 -9999 -9999 -9999 -9999 -9999 -9999 -9999 -9999 -9999 -9999 -9999 -9999 -9999 -9999 -9999 -9999 -9999 -9999
-9999 -9999 -9999 -9999 -9999 -9999 -9999 -9999 -9999 -9999 -9999 -9999 -9999 -9999 -9999 -9999 -9999 -9999 7.92224597930908 7.92880630493164 7.93405437469482 7.96466875076294 7.99125194549561 8.03590869903564 8.06682014465332 8.08654499053955 8.10194873809814 8.11303615570068 8.12024402618408 8.12479209899902 -9999 -9999 8.13005447387695 8.12971019744873 8.12841606140137 8.12683296203613 8.12429523468018 8.12096214294434 8.1172342300415 8.11427211761475 8.11246585845947 8.11255836486816 -9999 -9999 -9999 -9999 -9999
-9999 -9999 -9999 -9999 -9999 -9999 -9999 -9999 -9999 -9999 -9999 -9999 -9999 -9999 7.59322547912598 -9999 7.58024168014526 7.57005882263184 7.7486367225647 7.92224597930908 7.93011808395386 7.93405437469482 7.99528312683105 8.04441833496094 8.06802368164062 8.08801746368408 8.10359477996826 8.11423492431641 8.12127780914307 8.12522029876709 8.1278772354126 8.1294994354248 8.1309175491333 8.12974739074707 8.12846660614014 8.12703323364258 8.125 8.12085342407227 8.11703205108643 8.1138162612915 8.11196899414062 8.11161327362061 8.11409187316895 8.11840534210205 -9999 -9999 -9999
-9999 -9999 -9999 -9999 -9999 -9999 -9999 -9999 -9999 -9999 7.56491708755493 7.56150007247925 7.56018257141113 7.5595383644104 7.57918691635132 7.5954122543335 7.59103870391846 7.57962799072266 7.57005882263184 7.75360488891602 7.92224597930908 7.93405437469482 7.99528312683105 8.04441833496094 8.06802368164062 8.08801746368408 8.10359477996826 8.11423492431641 8.12127780914307 8.12522029876709 8.1278772354126 8.1294994354248 8.1309175491333 8.12974739074707 8.12846660614014 8.12703323364258 8.125 8.12085342407227 8.11703205108643 8.1138162612915 8.11196899414062 8.11161327362061 8.11409187316895 8.11840534210205 8.11954498291016 8.1118278503418 -9999
-9999 -9999 -9999 -9999 -9999 -9999 -9999 -9999 -9999 -9999 7.58323812484741 7.56491708755493 7.55808305740356 -9999 7.56298494338989 7.58895063400269 7.59978580474854 7.59103870391846 7.57778692245483 7.57005882263184 7.76850986480713 7.94200849533081 8.01108074188232 8.06546974182129 8.0888614654541 8.10896778106689 8.1250581741333 8.134202003479 8.13828468322754 8.13893985748291 8.13817596435547 8.13738441467285 8.13658905029297 8.13419532775879 8.13175296783447 8.12942028045654 8.12667083740234 8.12245655059814 8.11800003051758 8.1130952835083 8.10896873474121 8.10569190979004 8.10565757751465 8.10772228240967 8.1080904006958 8.10784912109375 8.10779285430908
-9999 -9999 -9999 -9999 -9999 -9999 -9999 -9999 -9999 -9999 -9999 -9999 -9999 -9999 7.55647611618042 7.5812292098999 7.6162223815918 7.60853290557861 7.59103870391846 7.57226371765137 7.77392053604126 7.95157957077026 8.02880573272705 8.08864688873291 8.11178874969482 8.13196849822998 8.14852905273438 8.15594959259033 8.15671348571777 8.15376567840576 8.14927959442139 8.14589786529541 8.14273452758789 8.13906192779541 8.13541126251221 8.13214683532715 8.12866115570068 8.1244010925293 8.1192741394043 8.1125373840332 8.10590648651123 8.09939098358154 8.09653949737549 8.09605979919434 8.10049438476562 8.10669422149658 8.10802936553955
8.16434097290039 -9999 -9999 -9999 -9999 -9999 -9999 -9999 -9999 -9999 7.86354303359985 7.60201692581177 -9999 -9999 -9999 7.56693124771118 7.63917636871338 7.67543363571167 7.62602663040161 7.64109373092651 7.82492256164551 7.98608160018921 8.05236148834229 8.10456371307373 8.12704277038574 8.14553070068359 8.15913963317871 8.16280174255371 8.15921974182129 8.15431785583496 8.14886856079102 8.14595699310303 8.1435432434082 8.14139270782471 8.1392765045166 8.13741016387939 8.13522624969482 8.13192462921143 8.12731170654297 8.12026500701904 8.11205005645752 8.10256004333496 8.09604358673096 8.09145069122314 8.09317684173584 8.09717178344727 8.10274314880371
8.16613006591797 8.16639423370361 -9999 -9999 -9999 -9999 -9999 -9999 -9999 -9999 7.99052286148071 7.83394813537598 7.60201692581177 -9999 -9999 7.51024436950684 7.62563180923462 7.78165292739868 7.75281858444214 7.72428750991821 7.88500690460205 8.02503299713135 8.07845687866211 8.12129020690918 8.14176750183105 8.15758419036865 8.16770458221436 8.1677942276001 8.16057777404785 8.15395450592041 8.14757823944092 8.1449146270752 8.14298152923584 8.14213275909424 8.14136219024658 8.14097023010254 8.14021110534668 8.13816452026367 8.13442993164062 8.12756252288818 8.11826992034912 8.10633373260498 8.09647178649902 8.08795070648193 8.086838722229 8.08838748931885 8.09677124023438
8.16613006591797 8.16692161560059 8.1592321395874 8.150390625 -9999 -9999 -9999 -9999 -9999 -9999 -9999 7.94693994522095 7.78943777084351 7.60201692581177 7.56491708755493 7.51024436950684 7.62563180923462 7.78165292739868 7.83459329605103 7.88452959060669 7.99380445480347 8.08785152435303 8.11816787719727 8.14236736297607 8.15365314483643 8.16154766082764 8.16529846191406 8.16280937194824 8.15577602386475 8.14868259429932 8.14156532287598 8.13796901702881 8.13506507873535 8.1343469619751 8.13390636444092 8.13539028167725 8.1367244720459 8.137526512146 8.13662242889404 8.13255214691162 8.12490081787109 8.11334896087646 8.1018533706665 8.09039402008057 8.08575439453125 8.08356380462646 8.08712005615234
8.16505813598633 8.16210460662842 8.15731525421143 8.15058708190918 -9999 -9999 -9999 -9999 8.06276607513428 8.024827003479 7.99409866333008 7.97326898574829 7.87345266342163 7.70901250839233 7.62589263916016 7.58129262924194 7.68278837203979 7.81919145584106 7.91893148422241 8.01422786712646 8.08149719238281 8.13789749145508 8.14881420135498 8.1572208404541 8.1603307723999 8.16140747070312 8.15999984741211 8.15564632415771 8.14914703369141 8.14218902587891 8.13504219055176 8.13082695007324 8.12718677520752 8.12640571594238 8.12605381011963 8.12886905670166 8.13180828094482 8.13518238067627 8.13695240020752 8.13574314117432 8.13027477264404 8.12016677856445 8.1082239151001 8.09509563446045 8.08722972869873 8.08125591278076 8.08020114898682
8.1613073348999 8.15987968444824 8.15712642669678 8.15058708190918 8.14326858520508 8.12536144256592 8.10719013214111 8.08767604827881 8.06276607513428 8.024827003479 7.99409866333008 7.97326898574829 7.92914390563965 7.86595964431763 7.83930921554565 7.82996463775635 7.88283824920654 7.9505786895752 8.00967884063721 8.06756591796875 8.11642646789551 8.15601348876953 8.15679454803467 8.15651226043701 8.15398788452148 8.15100860595703 8.14747333526611 8.14303874969482 8.13794898986816 8.13264083862305 8.12724304199219 8.12319183349609 8.11940574645996 8.11807727813721 8.11721229553223 8.11999320983887 8.12332153320312 8.12857437133789 8.13262367248535 8.13443851470947 8.13250541687012 8.12648868560791 8.11706638336182 8.10544013977051 8.09510612487793 8.08523654937744 8.08011531829834
8.15676021575928 8.15606689453125 8.15449237823486 8.1479377746582 8.14053535461426 8.12400150299072 8.10736179351807 8.09019088745117 8.06927490234375 8.03931713104248 8.01591777801514 8.00152111053467 7.99399757385254 7.99209594726562 7.99794244766235 8.00745868682861 8.02739429473877 8.04981899261475 8.07865047454834 8.10799598693848 8.13840198516846 8.16196823120117 8.15690517425537 8.15161228179932 8.14583396911621 8.14059925079346 8.13603019714355 8.13173961639404 8.12765121459961 8.12347030639648 8.1192512512207 8.11555671691895 8.11196517944336 8.11047172546387 8.10944080352783 8.11216449737549 8.11573791503906 8.12229347229004 8.12807464599609 8.13241481781006 8.13337898254395 8.13066482543945 8.12387371063232 8.11444473266602 8.10332775115967 8.09160614013672 8.08367156982422
8.15108871459961 8.1500072479248 8.14840126037598 8.14154148101807 8.13393688201904 8.12071704864502 8.10777759552002 8.0962610244751 8.08498573303223 8.074294090271 8.06858539581299 8.06971836090088 8.07180500030518 8.07467174530029 8.07912063598633 8.08431911468506 8.09349060058594 8.10361003875732 8.11683559417725 8.13017463684082 8.14206504821777 8.15072917938232 8.14588928222656 8.14078426361084 8.13511943817139 8.13017749786377 8.12611961364746 8.12229061126709 8.11862754821777 8.11483383178711 8.11098575592041 8.10791873931885 8.10500621795654 8.10388946533203 8.10318183898926 8.10581684112549 8.10942840576172 8.11647510528564 8.12321281433105 8.12937641143799 8.13233661651611 8.13180923461914 8.12780570983887 8.12155246734619 8.11203765869141 8.10135173797607 8.09237480163574
8.14775562286377 8.14732456207275 8.14651298522949 8.14108276367188 8.13506984710693 8.12610721588135 8.11752128601074 8.11085414886475 8.1057825088501 8.104567527771 8.10632801055908 8.11217594146729 8.11630153656006 8.11901950836182 8.12068176269531 8.12184429168701 8.12422180175781 8.1268892288208 8.13119888305664 8.13546371459961 8.13745021820068 8.13827228546143 8.1342191696167 8.1298303604126 8.12473392486572 8.12015914916992 8.1162223815918 8.11259746551514 8.10919952392578 8.10596084594727 8.10278701782227 8.100661277771 8.09874057769775 8.09850406646729 8.09860706329346 8.10142135620117 8.10521030426025 8.11242580413818 8.1195068359375 8.12633800506592 8.13044738769531 8.13159084320068 8.12968730926514 8.12581253051758 8.11790466308594 8.10854816436768 8.09948539733887
8.14639186859131 8.14748573303223 8.14816570281982 8.1456241607666 8.14271545410156 8.13880252838135 8.13512229919434 8.13262462615967 8.13086318969727 8.13088035583496 8.13150310516357 8.13295650482178 8.13274574279785 8.1311731338501 8.12887954711914 8.12624263763428 8.12517166137695 8.12447452545166 8.12550163269043 8.12652969360352 8.12586402893066 8.12478828430176 8.12199687957764 8.11876964569092 8.1146240234375 8.1104793548584 8.10633563995361 8.10269927978516 8.09943199157715 8.09688854217529 8.09464550018311 8.09372234344482 8.09305858612061 8.09412574768066 8.09545135498047 8.09867095947266 8.10275268554688 8.10986518859863 8.11677265167236 8.12330150604248 8.12784481048584 8.13022518157959 8.12984371185303 8.1276741027832 8.12137699127197 8.11359786987305 8.10525703430176
8.13615131378174 8.13852596282959 8.14062690734863 8.14040374755859 8.13991260528564 8.1386251449585 8.13735771179199 8.13619136810303 8.13533878326416 8.13524341583252 8.13496017456055 8.1344165802002 8.13260269165039 8.12974834442139 8.12619400024414 8.12230777740479 8.11998271942139 8.11802959442139 8.11754512786865 8.11708736419678 8.11557674407959 8.11395931243896 8.11189270019531 8.10940361022949 8.10601902008057 8.10214805603027 8.09768390655518 8.09449768066406 8.09224319458008 8.09095668792725 8.0900707244873 8.09016990661621 8.09046363830566 8.09224319458008 8.09423351287842 8.09773635864258 8.1019115447998 8.10844993591309 8.11466503143311 8.12028217315674 8.12455558776855 8.12736511230469 8.12796592712402 8.12713813781738 8.12293243408203 8.11751365661621 8.11074638366699
8.12156677246094 8.12510108947754 8.12859058380127 8.13040637969971 8.13199710845947 8.13214778900146 8.13207340240479 8.13085079193115 8.12973117828369 8.12886428833008 8.12778759002686 8.12642097473145 8.12434101104736 8.12167739868164 8.11818218231201 8.11429500579834 8.11178970336914 8.10961437225342 8.10848236083984 8.10739707946777 8.10592555999756 8.1044282913208 8.10282611846924 8.10086631774902 8.0981502532959 8.09447765350342 8.08963584899902 8.08712673187256 8.08631610870361 8.08656120300293 8.08724212646484 8.08827590942383 8.08937835693359 8.09158229827881 8.09396457672119 8.09769058227539 8.10186100006104 8.10759449005127 8.11286354064941 8.11727046966553 8.12092876434326 8.12377262115479 8.12509346008301 8.12542819976807 8.12354946136475 8.12087535858154 8.11609935760498
8.1057300567627 8.10844993591309 8.11121654510498 8.11306190490723 8.11478042602539 8.11562252044678 8.11618423461914 8.11532020568848 8.11454200744629 8.11396598815918 8.11337852478027 8.11277484893799 8.11168766021729 8.11020660400391 8.10786533355713 8.10511684417725 8.10324478149414 8.10158157348633 8.10060977935791 8.09967422485352 8.09858894348145 8.0974588394165 8.0961446762085 8.09449863433838 8.09215545654297 8.08896350860596 8.0847339630127 8.08355331420898 8.0845947265625 8.08592891693115 8.0873851776123 8.08885955810547 8.09033679962158 8.09268665313721 8.09518146514893 8.0987720489502 8.10260391235352 8.10728454589844 8.11157131195068 8.11512470245361 8.1181526184082 8.12060642242432 8.12212562561035 8.12304019927979 8.12259864807129 8.12166976928711 8.11875152587891
