Ecospace-environmental-drivers/Outputs/ASCII-for-ecospace/MOM6-ISIMIP3a/ph/2011_mo12_avg31y_ph_MOM6-ISIMIP3a.asc
NCOLS 131 
NROWS 53 
XLLCORNER -98 
YLLCORNER 23.9265270233154 
CELLSIZE 0.133587792515755 
NODATA_value -9999 
[rows 0 to 20 of 53, columns 47 to 93 of 131]
-9999 -9999 -9999 -9999 -9999 -9999 -9999 -9999 -9999 -9999 -9999 -9999 -9999 -9999 -9999 -9999 -9999 -9999 -9999 -9999 -9999 -9999 -9999 -9999 -9999 -9999 -9999 -9999 -9999 -9999 -9999 -9999 -9999 -9999 -9999 -9999 -9999 -9999 -9999 -9999 -9999 -9999 -9999 -9999 -9999 -9999 -9999
-9999 -9999 -9999 -9999 -9999 -9999 -9999 -9999 -9999 -9999 -9999 -9999 -9999 -9999 -9999 -9999 -9999 -9999 -9999 -9999 -9999 -9999 -9999 -9999 -9999 -9999 -9999 -9999 -9999 -9999 -9999 -9999 -9999 -9999 -9999 -9999 -9999 -9999 -9999 -9999 -9999 -9999 -9999 -9999 -9999 -9999 -9999
-9999 -9999 -9999 -9999 -9999 -9999 -9999 -9999 -9999 -9999 -9999 -9999 -9999 -9999 -9999 -9999 -9999 -9999 -9999 -9999 -9999 -9999 -9999 -9999 -9999 -9999 -9999 8.24389906852476 8.24640966230823 -9999 -9999 -9999 -9999 -9999 -9999 -9999 -9999 -9999 -9999 -9999 -9999 -9999 -9999 -9999 -9999 -9999 -9999
-9999 -9999 -9999 -9999 -9999 -9999 -9999 -9999 -9999 -9999 -9999 -9999 -9999 -9999 -9999 -9999 -9999 -9999 -9999 -9999 -9999 -9999 -9999 -9999 -9999 -9999 -9999 8.24417065035912 8.24681432785526 -9999 -9999 -9999 -9999 -9999 -9999 -9999 -9999 -9999 -9999 -9999 -9999 -9999 -9999 -9999 -9999 -9999 -9999
-9999 -9999 -9999 -9999 -9999 -9999 -9999 -9999 -9999 -9999 -9999 -9999 -9999 -9999 -9999 -9999 -9999 -9999 8.16768360137939 8.17079513303695 8.1732844075849 8.18780499119912 8.19999944010089 8.21947728433917 8.23116982367731 8.2367331289476 8.24098771618259 8.24441556007631 8.24710867481847 8.24891841027044 -9999 -9999 8.24036164437571 8.23059814207016 8.219206963816 8.21012613850255 8.20623037892003 8.20645612285983 8.21069403617613 8.21690703976539 8.22565724772792 8.23616504669189 -9999 -9999 -9999 -9999 -9999
-9999 -9999 -9999 -9999 -9999 -9999 -9999 -9999 -9999 -9999 -9999 -9999 -9999 -9999 7.84455296301073 -9999 7.84897691972794 7.85322260087536 8.01190946948144 8.16768360137939 8.17141742091025 8.1732844075849 8.20232560557704 8.22438818408597 8.23171800182712 8.2374031313004 8.24107828447896 8.24448157894996 8.24768681680002 8.24915784405124 8.24991069301482 8.24704720897059 8.2434728376327 8.23056494805121 8.21775673281762 8.20929902599704 8.20332247211087 8.20606945407006 8.20997607323431 8.21603633511451 8.22470864941997 8.23622666635821 8.24755988582488 8.25877321920087 -9999 -9999 -9999
-9999 -9999 -9999 -9999 -9999 -9999 -9999 -9999 -9999 -9999 7.77587993683354 7.77486293546615 7.77459699876847 7.77506705253355 7.81106036709201 7.8446917687693 7.84441406496109 7.84929403181999 7.85322260087536 8.01482236000799 8.16768360137939 8.1732844075849 8.20232560557704 8.22438818408597 8.23171800182712 8.2374031313004 8.24107828447896 8.24448157894996 8.24768681680002 8.24915784405124 8.24991069301482 8.24704720897059 8.2434728376327 8.23056494805121 8.21775673281762 8.20929902599704 8.20332247211087 8.20606945407006 8.20997607323431 8.21603633511451 8.22470864941997 8.23622666635821 8.24755988582488 8.25877321920087 8.26173668522989 8.25613692498976 -9999
-9999 -9999 -9999 -9999 -9999 -9999 -9999 -9999 -9999 -9999 7.78133275431971 7.77587993683354 7.77384591871692 -9999 7.77729006736509 7.81484034753615 7.84496951872303 7.84441406496109 7.85024550653273 7.85322260087536 8.02356086238738 8.16653460841025 8.19498551276422 8.21590602013373 8.22092896123086 8.2254874936996 8.22947809773107 8.23292584573069 8.23597788041638 8.23644308890066 8.23583692119968 8.23110485076904 8.22556184953259 8.21422490765972 8.20310989502938 8.19625885255875 8.19123581917055 8.19263999692855 8.19546751822195 8.20093844013829 8.2089366297568 8.2196882617089 8.23105907440186 8.24283046107138 8.25034473788354 8.25632959796536 8.25750532457905
-9999 -9999 -9999 -9999 -9999 -9999 -9999 -9999 -9999 -9999 -9999 -9999 -9999 -9999 7.77450446159609 7.78555368608044 7.82476020628406 7.8455249878668 7.84441406496109 7.85309977685252 8.0195528768724 8.15924121487525 8.1869165051368 8.20650552934216 8.20902430626654 8.21235339872299 8.21667342032156 8.22015208582724 8.22301790791173 8.22237396240234 8.22027634036156 8.2135340475267 8.2058786576794 8.19633656163369 8.18714634064705 8.18207700790897 8.17811572167181 8.17804939516129 8.17967673270933 8.18444913433444 8.19165402074014 8.20150922959851 8.21288521059098 8.22524498355004 8.23960251961985 8.25467798786779 8.25848680926907
8.18203246208929 -9999 -9999 -9999 -9999 -9999 -9999 -9999 -9999 -9999 7.98609905858194 7.78692191646945 -9999 -9999 -9999 7.77988969126055 7.80902761028659 7.84494453860867 7.8466358030996 7.85741324578562 8.02184627902123 8.15896871013026 8.18179398198282 8.1979286747594 8.19993902021839 8.20281256398847 8.2067413637715 8.20962921265633 8.21175855205905 8.21029269310736 8.20733765632876 8.20082286096388 8.19360828399658 8.18753734711678 8.18175263558665 8.17834998715308 8.17552345029769 8.17472356365573 8.17510730989518 8.17768949077975 8.18259672964773 8.19003717360958 8.20016510255875 8.21203207200573 8.22575249210481 8.24013882298623 8.25061201280163
8.1836178687311 8.18385191886656 -9999 -9999 -9999 -9999 -9999 -9999 -9999 -9999 8.08462516723141 7.96566126423497 7.78692191646945 -9999 -9999 7.75960762270035 7.80418154501146 7.8632936785298 7.86619757067773 7.87521336155553 8.02939093497492 8.15737951955488 8.17576503753662 8.18884305031069 8.19071674346924 8.19328714186145 8.19670954058247 8.19897577839513 8.20039995255009 8.19838360817202 8.19494253589261 8.18906999403431 8.18271932294292 8.17978609761884 8.17706132704212 8.17513687379899 8.17332510794363 8.17191028594971 8.17120312106225 8.17181021167386 8.17453612050702 8.17957038264121 8.18817621661771 8.19909249582598 8.21180555897374 8.22516389046946 8.24087748988982
8.1836178687311 8.18431992684641 8.17325050600113 8.16399082060783 -9999 -9999 -9999 -9999 -9999 -9999 -9999 8.05366505345991 7.9300425129552 7.78692191646945 7.77587993683354 7.75960762270035 7.80418154501146 7.8632936785298 7.91301719604 7.96535319666709 8.06510210037231 8.14872744775588 8.16487404607957 8.17702920975224 8.18075816862045 8.18384355114352 8.18614252151981 8.18762333162369 8.18850809527982 8.18739878746771 8.18546356693391 8.18245724708803 8.17924034980036 8.17765586606918 8.17613820106753 8.17468181733162 8.17323949260096 8.17184712809901 8.170867120066 8.17065251258112 8.17182116354665 8.17449701986005 8.18010831648304 8.18761920928955 8.19733853493967 8.20785116380261 8.22116750286471
8.18204956669961 8.17635490048316 8.16840270257765 8.16392470944312 -9999 -9999 -9999 -9999 8.12215811206448 8.10912815217049 8.09329731233658 8.07362116536786 7.99407674420265 7.86555008734426 7.81483988608083 7.8009897201292 7.83950613391015 7.89053452399469 7.96655844103905 8.04281230126658 8.09742133848129 8.1441222775367 8.15772662624236 8.16849197879914 8.17326388820525 8.17655172655659 8.17802583017657 8.17892034592167 8.17939290692729 8.17900036227319 8.17824942065823 8.1774131713375 8.1765599096975 8.17596284804806 8.17532868539133 8.17424097368794 8.17309502632387 8.17174394669071 8.17056871229602 8.16971963451755 8.16963365001063 8.17037926950762 8.17329778978901 8.17762236441335 8.18416072476295 8.19149444949242 8.2020395340458
8.17656055573494 8.17272952295119 8.16809475806452 8.16392470944312 8.15964492674797 8.15110994154407 8.14239680382513 8.13277684488604 8.12215811206448 8.10912815217049 8.09329731233658 8.07362116536786 8.03246205852878 7.9737264110196 7.95120170039515 7.9458292530429 7.9631437178581 7.98587865214194 8.03690416582169 8.08856948729484 8.12126051995062 8.14963402286653 8.15993832003686 8.16814656411448 8.17193040540142 8.17463948649745 8.17603474278604 8.17684155125772 8.17721957545127 8.17706818734446 8.17669733109013 8.17629014292071 8.17587587910314 8.1753623408656 8.17480333389774 8.17383627737722 8.17280363267468 8.17154102940713 8.17036453370125 8.16934819375315 8.16876399132513 8.16865059637254 8.16962995836812 8.17131617761427 8.17420562621086 8.17752736614596 8.1843654571041
8.17491214506088 8.17177661772697 8.1685634428455 8.16465408571305 8.1605629767141 8.15348609801262 8.14619030490998 8.13778040485997 8.12840292530675 8.11668974353421 8.10303978766165 8.08673088012203 8.07169798881777 8.05770900172572 8.05320196767007 8.05318629357123 8.05782101231237 8.06356671548659 8.09348414021154 8.12409945457212 8.14070024797993 8.15551567077637 8.16285936294063 8.16875540825628 8.17159545037054 8.17368212053853 8.17484806429955 8.1754789352417 8.17571972262475 8.17567493069556 8.17551172933271 8.17532013308617 8.17512296861218 8.17463308765042 8.17409915308798 8.1732398925289 8.17231858161188 8.1711798637144 8.17006360330889 8.16898902770012 8.16808549819454 8.16736836587229 8.16697068368235 8.16677973347326 8.16712093353271 8.1676532683834 8.1714133293398
8.1786935252528 8.17460210861698 8.17013060662054 8.16641469155588 8.16277916200699 8.15922189527942 8.15534739340505 8.14985795174876 8.14347660926081 8.1349419009301 8.12655642724806 8.11837547056137 8.112136379365 8.1074860172887 8.10662152690272 8.1075501595774 8.11155377664874 8.11629199981689 8.1306020675167 8.14516987339143 8.1539197121897 8.16192008603004 8.16678373275265 8.17071364002843 8.17267236401958 8.17407528046639 8.17479899621779 8.17512881371283 8.17517172905707 8.17504329066123 8.17484403425647 8.17456599204771 8.17427256799513 8.17372180569556 8.17314234087544 8.17237257188366 8.17155979525658 8.17059516906738 8.16962580527029 8.16864708931215 8.16767707947762 8.16671688325943 8.16573727515436 8.16474505393736 8.16409430965301 8.1635662509549 8.16513686026296
8.1804698821037 8.17711079505182 8.17340441673033 8.17078193541496 8.16829139955582 8.16636971504458 8.16414094740345 8.16035073803317 8.15592138228878 8.14994870462725 8.14501808535668 8.14151760839647 8.13991423576109 8.13986276811169 8.1406712378225 8.14188708028486 8.14487029660133 8.14827574453046 8.15374137509254 8.15924549102783 8.16324889275336 8.16704750061035 8.16998795540102 8.17235906662479 8.1735283021004 8.17431603708575 8.17463757914881 8.17470544384372 8.17458866488549 8.17435658362604 8.17407672635971 8.17369211873701 8.1732868994436 8.17266501149824 8.17202451152186 8.171280553264 8.17050930761522 8.16964229460685 8.16877860407675 8.16792069711993 8.16700218569848 8.16601790151288 8.16484075976956 8.1635386559271 8.1623450556109 8.16119034059586 8.16131136494298
8.18055786625031 8.17935254496913 8.17811566014444 8.17734426067721 8.17657947540283 8.17470633599066 8.17262843347365 8.16950896478468 8.166152123482 8.16222255460678 8.15922278742636 8.15749977480981 8.15703025940926 8.15758609771729 8.15840927247078 8.15935907056255 8.16099388368668 8.16279242115636 8.1651091729441 8.16743060081236 8.16930229433121 8.17109966278076 8.17258601034841 8.17374140216458 8.17419821216214 8.17442832454558 8.17438144068564 8.17422026972617 8.17397606757379 8.17362330036779 8.17322540283203 8.17271715594876 8.17218722066572 8.17148556247834 8.17077150652485 8.169999184147 8.16921335651029 8.1683794759935 8.16758678805444 8.16687054787913 8.16610287081811 8.16527895773611 8.16422776252993 8.16302963995164 8.16167136161558 8.16025552441997 8.15954999000795
8.1772960539787 8.1770660954137 8.17694694765152 8.17711959346648 8.17727455016105 8.17613758579377 8.17482982143279 8.17265261373212 8.17041723189815 8.16804138306649 8.16643644148304 8.16588961693548 8.1661023785991 8.1669362591159 8.16770485908754 8.168442356971 8.16932872033888 8.17025064652966 8.17104481112573 8.17182217874835 8.17248458247031 8.17312086782148 8.17364800360895 8.17400550842285 8.17400520078598 8.17387190172749 8.17357620116203 8.17325272098664 8.17290893677742 8.1724204709453 8.17187235432286 8.17125877257316 8.17063248542047 8.16981275619999 8.1689845977291 8.16814444142003 8.16731699051395 8.16653513139294 8.16582907399824 8.16526339131017 8.16466429925734 8.16402905987155 8.16320379318729 8.16225550251622 8.16106540926041 8.15978865469656 8.1587557946482
8.17239487555719 8.17256336827432 8.17290072287283 8.17357386312177 8.17425364832724 8.17418950603854 8.17395484062933 8.17285288533857 8.1717628663586 8.17070139608076 8.17022858896563 8.17056400545182 8.17123794555664 8.17218903572329 8.17286900551088 8.17342029079314 8.17385172074841 8.17425454047418 8.17432197447746 8.17435735271823 8.17426189299553 8.17414837498819 8.17395828616235 8.17372248249669 8.17338992703345 8.17298827632781 8.17250233311807 8.17204896865353 8.17161926146476 8.17098805212205 8.17027350394956 8.16956390873078 8.16885529795001 8.16789870108328 8.16693662828015 8.16600894927979 8.16512716970136 8.16440656108241 8.16379433293496 8.16338348388672 8.16296208289362 8.16252923780872 8.16197844474546 8.16135154231902 8.16049289703369 8.15955094368227 8.15843502167733
8.16787027543591 8.16829124573738 8.16883305580385 8.16964598624937 8.17047423701132 8.17096344117195 8.17133051349271 8.17107625161448 8.17087173461914 8.17078685760498 8.17106133122598 8.17182916210544 8.17271814038677 8.1737060546875 8.17429361035747 8.17469129254741 8.17483991192233 8.17492906508907 8.17460290847286 8.17424546518633 8.17384910583496 8.17342653582173 8.17289417020736 8.17235620560185 8.17180615086709 8.17122567084528 8.17060759759718 8.1700345008604 8.16949438279675 8.16875414694509 8.16793109524635 8.16711505766838 8.16630025063792 8.16525726933633 8.16421856418733 8.16330648237659 8.162459188892 8.16183973127796 8.16132333201747 8.16099791372976 8.16070895041189 8.16045979530581 8.16014932817028 8.1597992374051 8.15930341905163 8.15875508708339 8.15790459417528
