Ecospace-environmental-drivers/Outputs/ASCII-for-ecospace/MOM6-ISIMIP3a/ph/2015_mo05_avg50y_ph_MOM6-ISIMIP3a.asc
NCOLS 131 
NROWS 53 
XLLCORNER -98 
YLLCORNER 23.9265270233154 
CELLSIZE 0.133587792515755 
NODATA_value -9999 
[rows 21 to 41 of 53, columns 0 to 47 of 131]
-9999 -9999 -9999 -9999 -9999 -9999 -9999 -9999 -9999 -9999 -9999 8.13145536422729 8.13251180648804 8.13565881729126 8.13833414077759 8.14046539306641 8.14217483520508 8.14359462738037 8.14495422363281 8.14629055023193 8.14726909637451 8.14818428039551 8.14840225219726 8.14859001159668 8.14865297317505 8.14869983673096 8.14869354248047 8.14860593795776 8.14837574005127 8.14808891296387 8.14774364471435 8.14734933853149 8.14692504882813 8.14652219772339 8.14612648010254 8.1459020614624 8.14570322036743 8.14576808929443 8.14585601806641 8.14609052658081 8.14635334014893 8.14669504165649 8.14714517593384 8.14776319503784 8.14831182479858 8.14879667282104 8.14928108215332 8.14976514816284
-9999 -9999 -9999 -9999 -9999 -9999 -9999 -9999 -9999 -9999 8.13662494659424 8.1361840057373 8.13669807434082 8.1391016960144 8.14105899810791 8.14250131607056 8.14359113693237 8.14443904876709 8.14509675979614 8.14568109512329 8.14601789474487 8.14631097793579 8.14626979827881 8.14622200012207 8.14617990493774 8.14613410949707 8.14607593536377 8.1459627532959 8.14575330734253 8.14550012588501 8.14520193099976 8.14486354827881 8.14450057983398 8.14410621643066 8.14370109558105 8.1433998298645 8.14311389923096 8.1429835319519 8.14288066864014 8.1429528427124 8.14305822372437 8.14325578689575 8.14354194641113 8.14396516799927 8.14433265686035 8.14464872360229 8.14494319915772 8.14522583007813
-9999 -9999 -9999 -9999 -9999 -9999 -9999 -9999 8.13978113174439 8.13819719314575 8.13733699798584 8.13924751281738 8.14097303390503 8.14233270645142 8.14338575363159 8.14408519744873 8.14452713012695 8.14479223251343 8.14479688644409 8.14470104217529 8.14450786590576 8.14429761886597 8.14408231735229 8.14387752532959 8.14376110076904 8.14365060806274 8.14355899810791 8.14343729019165 8.14326293945313 8.14305635452271 8.14281637191772 8.1425470161438 8.14225950241089 8.14189207077026 8.14149797439575 8.14113819122314 8.14078353881836 8.14047567367554 8.14019784927368 8.14011249542236 8.14006311416626 8.14011402130127 8.14022989273071 8.14044622421265 8.14062835693359 8.14077907562256 8.14089729309082 8.14099798202515
-9999 -9999 -9999 -9999 -9999 -9999 -9999 8.13990564346313 8.13994657516479 8.14046739578247 8.14107524871826 8.14201639175415 8.14281145095825 8.14331768035889 8.14359945297241 8.14362222671509 8.14360971450806 8.14357265472412 8.14341463088989 8.14320976257324 8.14300588607788 8.14280181884766 8.14259334564209 8.14239404678345 8.14227228164673 8.1421467590332 8.14200891494751 8.141871509552 8.14173477172852 8.14156503677368 8.14136117935181 8.14110324859619 8.14081256866455 8.14046384811401 8.14009565353394 8.13975234985352 8.13941272735596 8.13910852432251 8.13882404327393 8.13866554260254 8.13853954315186 8.13850400924683 8.13849042892456 8.13851089477539 8.13850421905518 8.13847253799439 8.13844379425049 8.13841669082642
-9999 -9999 -9999 -9999 -9999 -9999 -9999 8.14305088043213 8.14068399429321 8.14272806167603 8.1443643951416 8.14444025039673 8.14439182281494 8.14409774780273 8.14367004394531 8.14308799743652 8.14265424728394 8.14232229232788 8.14200880050659 8.14170225143433 8.141487865448 8.14128959655762 8.14109996795654 8.14091871261597 8.14080543518066 8.14068218231201 8.14052568435669 8.14038803100586 8.14028326034546 8.14013900756836 8.13995428085327 8.13969223022461 8.13938312530518 8.13904550552368 8.13869821548462 8.13836616516113 8.13803638458252 8.13773696899414 8.13744848251343 8.13722864151001 8.13703615188599 8.13691965103149 8.13679321289063 8.13665134429932 8.13648675918579 8.13630132675171 8.13614753723144 8.13601070404053
-9999 -9999 -9999 -9999 -9999 -9999 8.1456566619873 8.14473930358887 8.14392955780029 8.14494739532471 8.14568521499634 8.1453511428833 8.14484029769898 8.14397943496704 8.14311338424683 8.1422410774231 8.14153268814087 8.14093681335449 8.14049940109253 8.14012319564819 8.13990043640137 8.13970458984375 8.13958711624145 8.13947919845581 8.13943593978882 8.13939002990723 8.13933561325073 8.13926532745361 8.13916700363159 8.13899946212769 8.13876039505005 8.13842485427856 8.13803068161011 8.13767045974731 8.1373217010498 8.13697822570801 8.1366358757019 8.13634637832642 8.13606498718262 8.13583553314209 8.13562116622925 8.13544826507568 8.13528142929077 8.13512397766113 8.13493724822998 8.13472375869751 8.13454048156738 8.13437349319458
-9999 -9999 -9999 -9999 -9999 8.14845457077026 8.14705314636231 8.146888256073 8.1468004989624 8.14685153961182 8.14672609329224 8.14592525482178 8.14494903564453 8.14362623214722 8.14239824295044 8.14127992630005 8.1403367805481 8.13951404571533 8.13897018432617 8.13853403091431 8.13829883575439 8.13809904098511 8.1380463218689 8.13800521850586 8.13803386688232 8.13806493759155 8.13810363769531 8.13809747695923 8.13801290512085 8.13783151626587 8.13755062103271 8.13715642929077 8.13669328689575 8.13630752563477 8.13594766616821 8.13558252334595 8.13521718978882 8.13493305206299 8.13465763092041 8.13443794250488 8.13422815322876 8.13404605865479 8.1338779258728 8.13373188018799 8.13354333877563 8.13331604003906 8.13311637878418 8.13293144226074
-9999 -9999 -9999 -9999 -9999 8.15030698776245 8.15116081237793 8.15004198074341 8.14885377883911 8.14806819915771 8.14715667724609 8.14576419830322 8.14431674957275 8.14276025772095 8.1413374710083 8.14006895065308 8.13897846221924 8.13801021575928 8.13739799499512 8.13692316055298 8.13666650772095 8.13644834518433 8.13644428253174 8.13645608901978 8.13656131744385 8.13666807174683 8.13678009033203 8.13683116912842 8.13677574157715 8.13660196304321 8.13630628585815 8.13588575363159 8.13538906097412 8.13497089385986 8.13457918167114 8.13416961669922 8.13375873565674 8.13347005844116 8.13319793701172 8.13303037643433 8.132883644104 8.13279455184936 8.1327108001709 8.13263502120972 8.13248922348022 8.1322793006897 8.13209142684937 8.13191564559937
-9999 -9999 -9999 -9999 -9999 8.15521488189697 8.15460710525513 8.15267448425293 8.1507075881958 8.14915699005127 8.14752531051636 8.14558303833008 8.14369190216065 8.14190212249756 8.14029209136963 8.1388893699646 8.13769388198853 8.136640625 8.13599718093872 8.13551195144653 8.13524843215942 8.13502408981323 8.13503103256226 8.13505739212036 8.13520341873169 8.13535572052002 8.13552827835083 8.13562913894653 8.13560503005981 8.13544290542603 8.13513849258423 8.13470764160156 8.1341997718811 8.13374971389771 8.13331888198853 8.13288650512695 8.13245512008667 8.13216407775879 8.13189599990845 8.13177429199219 8.13167982101441 8.13166072845459 8.13163444519043 8.13159715652466 8.13148321151733 8.13129875183106 8.13113241195679 8.1309757232666
-9999 -9999 -9999 -9999 -9999 8.15622764587402 8.15685298919678 8.15465112686157 8.15231048583984 8.15008548736572 8.14781608581543 8.14537633895874 8.14307651519775 8.14105369567871 8.13926584243774 8.13774923324585 8.1365020942688 8.13543992996216 8.13481203079224 8.13435174942017 8.13409986495972 8.13388475418091 8.13385536193848 8.13384803771973 8.13398988723755 8.13414943695068 8.13436653137207 8.13450815200806 8.13451822280884 8.13437265396118 8.13406688690186 8.13364616394043 8.13315536499023 8.13267349243164 8.13219469070435 8.13176656723022 8.13134635925293 8.13105543136597 8.13079259872437 8.13070846557617 8.13065259933472 8.13067459106445 8.13067262649536 8.13063364028931 8.13053768157959 8.13038951873779 8.13025648117065 8.13013153076172
-9999 -9999 -9999 -9999 -9999 -9999 8.15787324905395 8.15581624984741 8.15359970092774 8.15078199386597 8.14795366287231 8.14508495330811 8.14243814468384 8.14023069381714 8.1383104133606 8.13672124862671 8.13544384002686 8.13438037872314 8.13376522064209 8.13332298278809 8.13308753967285 8.13288887023926 8.13284275054932 8.13281976699829 8.13295976638794 8.1331201171875 8.133346118927 8.13349914550781 8.13352481842041 8.13338243484497 8.13306711196899 8.13264947891235 8.13216976165771 8.13168411254883 8.13119646072388 8.13078872680664 8.13039295196533 8.13011390686035 8.12986215591431 8.12978437423706 8.12973468780518 8.12976303100586 8.12975660324097 8.12969663619995 8.12961277008057 8.12950716018677 8.12940996170044 8.12931718826294
-9999 -9999 -9999 -9999 -9999 -9999 -9999 8.15637243270874 8.15465356826782 8.15130439758301 8.14797649383545 8.14472991943359 8.1417825126648 8.13942672729492 8.13740779876709 8.13577745437622 8.13448587417603 8.13342681884766 8.13282203674316 8.13239255905151 8.13217758178711 8.13200048446655 8.13195262908935 8.131927318573 8.13206718444824 8.13222322463989 8.13243169784546 8.13257429122925 8.13260168075561 8.13245222091675 8.13212106704712 8.13170160293579 8.13122840881348 8.1307597732544 8.13029275894165 8.12991758346558 8.12955581665039 8.12929744720459 8.12906137466431 8.12896629333496 8.12889860153198 8.12890729904175 8.12887496948242 8.12877956390381 8.12870346069336 8.12864515304565 8.1285856628418 8.12852540969849
-9999 -9999 -9999 -9999 -9999 -9999 -9999 8.15523324966431 8.15493734359741 8.1511491394043 8.14743982315063 8.14403289794922 8.14096231460571 8.1385569190979 8.1365026473999 8.13485345840454 8.13358165740967 8.13256879806519 8.13200273513794 8.13160911560059 8.13140810012817 8.13124113082886 8.13119812011719 8.13117538452148 8.13130067825317 8.13143922805786 8.13162057876587 8.13173488616943 8.13173192977905 8.13156469345093 8.13122848510742 8.13083112716675 8.13039630889893 8.12994493484497 8.12948808670044 8.12913377761841 8.12879417419434 8.12856218338013 8.12834672927857 8.12823778152466 8.12815238952637 8.12813247680664 8.12808221817017 8.12798501968384 8.12791177749634 8.12786066055298 8.12781229019165 8.12776525497437
-9999 -9999 -9999 -9999 -9999 -9999 -9999 8.15522573471069 8.15489101409912 8.15070329666138 8.14666349411011 8.14318914413452 8.14007137298584 8.13765880584717 8.13559637069702 8.13393800735474 8.13270034790039 8.13175168991089 8.13123659133911 8.13088863372803 8.13069889068604 8.13053707122803 8.1305016708374 8.1304838180542 8.13058839797974 8.13070365905762 8.13085382461548 8.13093210220337 8.13088525772095 8.13069551467895 8.13035884857178 8.129993724823 8.12961116790771 8.12917722702026 8.12872608184814 8.12838733673096 8.12806491851807 8.12786144256592 8.12766910552978 8.12754768371582 8.12744449615479 8.12739238739014 8.12732753753662 8.12724275588989 8.12717035293579 8.12710922241211 8.12706058502197 8.12701881408691
-9999 -9999 -9999 -9999 -9999 -9999 -9999 8.15384111404419 8.15359350204468 8.14939388275146 8.14537567138672 8.14205223083496 8.13904245376587 8.13665315628052 8.13462293624878 8.13300685882568 8.1318124961853 8.13090785980225 8.13041374206543 8.13007823944092 8.12991718292236 8.12978675842285 8.1297705078125 8.12976974487305 8.12987640380859 8.12999034881592 8.13012800216675 8.13019226074219 8.13012872695923 8.12994331359863 8.12963237762451 8.12927911758423 8.12890003204346 8.12847803115845 8.12804187774658 8.12771484375 8.12740383148193 8.12721105575562 8.12702972412109 8.12692136764526 8.12681810379028 8.12672954559326 8.12665229797363 8.12659257888794 8.12654220581055 8.12650026321411 8.126439037323 8.12636743545532
-9999 -9999 -9999 -9999 -9999 -9999 -9999 8.1530482673645 8.15203708648682 8.14790561676025 8.14398212432861 8.1408546257019 8.13798484802246 8.13562517166138 8.13363552093506 8.13207246780395 8.13092332839966 8.13005840301514 8.12957929611206 8.12924919128418 8.1291202545166 8.129026927948 8.12903215408325 8.12905103683472 8.1291644859314 8.12928157806397 8.12941068649292 8.12946559906006 8.1293909072876 8.12921524047852 8.12893558502197 8.12859001159668 8.12820426940918 8.12779331207275 8.12737379074097 8.12705774307251 8.12675680160523 8.12657104492187 8.12639833450317 8.12630815505981 8.12620855331421 8.12608255386353 8.1259934425354 8.12596139907837 8.12593740463257 8.125920753479 8.1258443069458 8.12573574066162
-9999 -9999 -9999 -9999 -9999 -9999 -9999 8.14979312896729 8.14948013305664 8.14585052490234 8.14235010147095 8.13934392929077 8.1366010093689 8.13437910079956 8.13250825881958 8.13104246139526 8.12996957778931 8.12916633605957 8.12872869491577 8.12843221664429 8.12833337783814 8.12826917648315 8.12829961776733 8.12833957672119 8.12844285964966 8.12854648590088 8.12865087509155 8.12869485855103 8.12863351821899 8.1284700012207 8.12820133209229 8.12789140701294 8.12755630493164 8.12720211029053 8.12684156417847 8.12653528213501 8.12623725891113 8.12605621337891 8.12588775634766 8.12579986572266 8.12570007324219 8.12556760787964 8.12546871185303 8.12542156219482 8.12538829803467 8.12536766052246 8.12529878616333 8.12520391464233
-9999 -9999 -9999 -9999 -9999 -9999 -9999 8.14609558105469 8.14689001083374 8.14375923156738 8.14068027496338 8.13779947280884 8.13519102096558 8.13312112808227 8.13138011932373 8.13001880645752 8.12902702331543 8.12828882217407 8.12789455413818 8.12763303756714 8.12756261825561 8.127525806427 8.12757928848267 8.12763818740845 8.12772497177124 8.12780958175659 8.12788761138916 8.1279204750061 8.12787427902222 8.12772521972656 8.12747035980225 8.12719898223877 8.12691705703735 8.12662113189697 8.12632062911987 8.12602506637573 8.12573106765747 8.12555576324463 8.12539205551147 8.12530288696289 8.12520093917847 8.12506351470947 8.12495567321777 8.12489349365234 8.1248504447937 8.12482494354248 8.12476341247559 8.12468267440796
-9999 -9999 -9999 -9999 -9999 -9999 -9999 8.14483360290527 8.14442432403565 8.141552734375 8.13872173309326 8.13604558944702 8.13365758895874 8.13183961868286 8.13030818939209 8.12910715103149 8.12823419570923 8.12758636474609 8.12724355697632 8.12701839447021 8.12696060180664 8.12693227767944 8.12698724746704 8.1270392036438 8.1270493888855 8.12706714630127 8.12710929870605 8.12712785720825 8.12710519790649 8.12699432373047 8.12679246902466 8.12657484054565 8.12634756088257 8.12610416412354 8.12585521697998 8.12558141708374 8.12530506134033 8.12514831542969 8.12499671936035 8.12487682342529 8.12475170135498 8.12461219787598 8.12450456619263 8.12444606781006 8.12440547943115 8.12438123703003 8.12431516647339 8.12422651290894
-9999 -9999 -9999 -9999 -9999 -9999 -9999 8.14066064834595 8.14191677093506 8.13930978775024 8.13673837661743 8.13430381774902 8.13215887069702 8.13058666229248 8.12926378250122 8.12822845458984 8.12747428894043 8.12691310882568 8.12661827087402 8.12642612457275 8.1263719367981 8.12634220123291 8.12639274597168 8.12643404006958 8.12638259887695 8.12634704589844 8.12636236190796 8.12637094497681 8.1263676071167 8.12628973007202 8.1261351776123 8.12596864700317 8.12579467773437 8.12559717178345 8.12539173126221 8.1251397895813 8.12488224029541 8.12473976135254 8.12459617614746 8.12444597244263 8.12429824829102 8.12415771484375 8.12405076980591 8.12399570465088 8.12395824432373 8.12393699645996 8.12386930465698 8.12377670288086
-9999 -9999 -9999 -9999 -9999 -9999 8.13915433883667 8.13929849624634 8.13925575256348 8.13693264007568 8.13466444015503 8.13260637283325 8.13078649520874 8.12943769454956 8.12832056045532 8.12747055053711 8.12683502197266 8.1263468170166 8.12608713150024 8.12591590881348 8.12583265304565 8.12576486587524 8.12578912734985 8.12580627441406 8.12574848175049 8.12570930480957 8.12573080062866 8.12574462890625 8.12574468612671 8.1256817817688 8.12555408477783 8.12542779922485 8.12530235290527 8.1251270866394 8.12493520736694 8.12470567703247 8.12447153091431 8.12432647705078 8.12417680740356 8.12399759292603 8.12382944107056 8.12369146347046 8.12358697891235 8.1235341835022 8.12350290298462 8.1234912109375 8.12343307495117 8.12335004806519
