Ecospace-environmental-drivers/Outputs/ASCII-for-ecospace/Sal-avg/Sal-avg_X2001.12.asc
NCOLS 131 
NROWS 53 
XLLCORNER -98 
YLLCORNER 23.9265270233154 
CELLSIZE 0.133587792515755 
NODATA_value -3.4e+38 
[rows 21 to 41 of 53, columns 47 to 93 of 131]
36.1659240722656 36.2676887512207 36.3191909790039 36.3164710998535 36.3063087463379 36.2857704162598 36.2283744812012 36.233959197998 36.1841201782227 36.1013946533203 35.8879280090332 35.7772598266602 35.5196952819824 35.2111053466797 35.0351104736328 34.9379196166992 34.9574241638184 34.9472389221191 34.9413375854492 34.9387321472168 34.9703826904297 34.9815483093262 34.966796875 34.9630012512207 35.0273666381836 35.0332565307617 34.9811058044434 34.9751853942871 34.9987640380859 35.0742263793945 35.0638809204102 35.0420112609863 35.0556564331055 35.0493354797363 35.044677734375 35.0354461669922 35.0234832763672 35.0077323913574 34.9617614746094 34.9390830993652 34.9408226013184 34.9430122375488 34.9480209350586 34.9764022827148 35.0352172851562 35.181453704834 35.394718170166
36.1706581115723 36.1287841796875 36.1252861022949 36.125114440918 36.1872444152832 36.0853958129883 35.7373962402344 35.8671035766602 35.648250579834 35.3582305908203 35.2433395385742 35.146614074707 35.0809020996094 34.9947738647461 34.9398155212402 34.9296646118164 34.9577941894531 34.9566802978516 34.9858245849609 34.9699249267578 34.9673881530762 34.9833908081055 34.9660148620605 35.0263137817383 35.0181999206543 35.0084533691406 34.9853401184082 34.9729690551758 35.0284881591797 35.030086517334 35.0262985229492 35.0290336608887 35.0289764404297 35.0318336486816 35.0286712646484 35.0301780700684 35.0282211303711 35.0259552001953 35.0301208496094 35.022777557373 34.9866676330566 34.9737129211426 34.9474411010742 34.9289169311523 34.9410705566406 34.9651947021484 35.0196304321289
35.5371437072754 35.5167846679688 35.626766204834 35.4988212585449 35.4093933105469 35.209171295166 35.2547950744629 35.0986061096191 34.9847717285156 34.9704322814941 34.948314666748 34.9695854187012 34.9484024047852 34.9336929321289 34.959774017334 34.9527626037598 34.9511604309082 34.9921493530273 34.9773292541504 34.973014831543 34.9673957824707 34.9858665466309 34.9673156738281 35.0446891784668 35.0023918151855 34.9903717041016 34.9768714904785 34.9933891296387 35.0639381408691 35.0146102905273 35.0163803100586 35.0203666687012 35.0185050964355 35.0199737548828 35.022575378418 35.0233688354492 35.0231170654297 35.0304222106934 35.096622467041 35.0504341125488 35.0437469482422 35.0561904907227 35.0310401916504 34.9798545837402 34.9382209777832 34.9199829101562 34.948356628418
35.041561126709 35.0580787658691 35.0151443481445 35.0374069213867 35.023120880127 34.9584350585938 34.9646034240723 34.9413528442383 34.9582710266113 34.9268035888672 34.9312324523926 34.9203910827637 34.9411888122559 34.947135925293 34.9536247253418 34.946907043457 34.9833145141602 34.9852676391602 34.9866523742676 34.9949760437012 34.9869499206543 34.9851417541504 34.9702377319336 35.0359764099121 35.0097160339355 35.0051689147949 35.0695304870605 35.0670776367188 35.0408401489258 35.020881652832 35.0171279907227 35.0205764770508 35.0196075439453 35.0181579589844 35.063648223877 35.0665855407715 35.0902137756348 35.0704460144043 35.0651741027832 35.0635986328125 35.0605964660645 35.0373878479004 35.0275039672852 35.0329704284668 35.0154838562012 34.9619064331055 34.9275817871094
34.9190902709961 34.9419631958008 34.931224822998 34.9354515075684 34.94873046875 34.9238014221191 34.9603614807129 34.9337196350098 34.9508857727051 34.9524078369141 34.9537696838379 34.9435081481934 34.9354400634766 34.9292640686035 34.928337097168 34.9666290283203 34.984245300293 34.9838943481445 35.0056304931641 34.9848937988281 34.9741477966309 34.969898223877 34.9689140319824 34.9775695800781 35.0128593444824 34.9826965332031 34.9977264404297 35.0571594238281 35.0228614807129 35.0138626098633 35.0159759521484 35.0211639404297 35.0170593261719 35.0359497070312 35.0501403808594 35.0780982971191 35.0696144104004 35.0700073242188 35.0629501342773 35.0614624023438 35.0728759765625 35.0598983764648 35.0387191772461 35.0339126586914 35.0426177978516 35.0208854675293 34.9565544128418
34.9533767700195 34.9365882873535 34.9310760498047 34.9896507263184 34.9794921875 34.9434509277344 34.9341087341309 34.9793968200684 34.9255218505859 34.9536933898926 34.923282623291 34.947624206543 34.9167823791504 34.9651298522949 34.986743927002 34.9871253967285 34.9803085327148 34.9775886535645 34.9717864990234 34.9695816040039 34.9700317382812 34.9676895141602 35.0165748596191 35.0230445861816 34.9918403625488 34.9841156005859 34.9709892272949 35.033863067627 35.0316581726074 35.0136184692383 35.0116996765137 35.0141334533691 35.0117111206055 35.0757942199707 35.0745544433594 35.1030349731445 35.0742683410645 35.0792808532715 35.0650291442871 35.0552444458008 35.0524291992188 35.0705184936523 35.075267791748 35.0620880126953 35.0522956848145 35.0415649414062 35.0108604431152
34.9773178100586 34.9743499755859 34.9946365356445 35.0076370239258 34.9770278930664 34.9708099365234 34.9800796508789 34.9601707458496 34.9460601806641 34.9721069335938 34.9810752868652 34.9714622497559 34.9710960388184 34.9710235595703 35.0237731933594 35.0259857177734 35.0422172546387 35.0353698730469 35.0119857788086 35.0113487243652 34.9704780578613 35.0229759216309 35.0020332336426 34.9860229492188 34.9818344116211 34.9746246337891 34.9676322937012 35.0421257019043 35.017635345459 35.0107498168945 35.020622253418 35.0198669433594 35.0168762207031 35.0139083862305 35.0389976501465 35.0969200134277 35.0979766845703 35.0896530151367 35.0484275817871 35.0684814453125 35.071704864502 35.0595474243164 35.0634307861328 35.0578346252441 35.0634994506836 35.051082611084 35.041633605957
34.965763092041 34.9813766479492 35.0219116210938 34.9704246520996 34.9631271362305 34.9900436401367 34.985782623291 34.9559440612793 34.9549446105957 34.9483795166016 34.9608268737793 34.9858551025391 35.0103759765625 35.0255279541016 35.047981262207 35.0226058959961 35.0009346008301 34.9926948547363 34.9916954040527 35.0089645385742 35.0218544006348 35.0084686279297 34.989818572998 34.9839935302734 34.9935111999512 35.0305824279785 35.0459136962891 35.017822265625 35.0081901550293 35.0047988891602 35.0134658813477 35.0178718566895 35.0198402404785 35.013729095459 35.0345344543457 35.035945892334 35.0912094116211 35.0900382995605 35.0790786743164 35.0820960998535 35.0697746276855 35.0598297119141 35.058910369873 35.0535736083984 35.0619812011719 35.0559234619141 35.0588874816895
34.9842185974121 34.9732055664062 34.9670562744141 34.9712104797363 34.9724884033203 34.9762420654297 34.9758377075195 34.9761619567871 34.9810409545898 34.988899230957 35.0243377685547 35.0147438049316 35.0043869018555 35.0152969360352 34.9972877502441 34.9960403442383 34.9853706359863 34.9792785644531 34.9790267944336 34.982292175293 34.9838523864746 34.9880790710449 34.986946105957 34.9825630187988 35.0618286132812 35.0331726074219 35.0271797180176 35.0183410644531 35.003246307373 34.9993286132812 35.0051536560059 35.0053100585938 35.0074844360352 35.0120544433594 35.0151634216309 35.0153961181641 35.0798301696777 35.090747833252 35.0805473327637 35.087230682373 35.063850402832 35.0505447387695 35.0651626586914 35.0585975646973 35.0642242431641 35.0651931762695 35.0533485412598
34.9723472595215 34.9743728637695 35.0605278015137 35.0503730773926 34.9733695983887 35.0397186279297 34.9755668640137 34.978401184082 34.9810104370117 35.0155906677246 35.0107650756836 35.0184593200684 35.0487365722656 35.0109405517578 34.9989051818848 35.0058403015137 35.0432586669922 35.0495910644531 35.052318572998 35.0421752929688 34.9758186340332 34.9799995422363 34.9799613952637 34.9783096313477 35.0557670593262 35.0286293029785 35.0200309753418 35.0097427368164 35.0067176818848 35.0110549926758 34.9981727600098 35.0030059814453 35.0128288269043 35.0124244689941 35.0097351074219 35.0110549926758 35.0593452453613 35.0798645019531 35.086498260498 35.0823173522949 35.0580215454102 35.0642051696777 35.0615921020508 35.0660209655762 35.0567970275879 35.0543594360352 35.0631980895996
35.0966682434082 34.9683647155762 35.0185012817383 35.0269775390625 34.9780921936035 34.9728622436523 34.9721260070801 34.9744491577148 34.9794998168945 35.014030456543 35.0312843322754 35.0622634887695 35.0497741699219 35.0372047424316 35.0497093200684 35.0477523803711 35.0336112976074 35.0224494934082 35.0280838012695 35.0588150024414 35.0309295654297 34.9759941101074 34.9751625061035 34.9740562438965 35.0313835144043 35.0384864807129 35.0107688903809 35.0043563842773 35.0022125244141 35.0015678405762 34.9985427856445 35.0080642700195 35.0070762634277 35.0104827880859 35.0119323730469 35.0091209411621 35.0781364440918 35.068904876709 35.0860137939453 35.081169128418 35.0586051940918 35.0741348266602 35.0690422058105 35.0711364746094 35.0639991760254 35.0679626464844 35.0473403930664
34.9773216247559 34.9664916992188 34.9729309082031 35.0351829528809 34.9721488952637 35.0296821594238 35.0286674499512 35.0125274658203 34.9969596862793 35.063777923584 35.0449752807617 35.0291900634766 35.0215072631836 35.016902923584 35.0213470458984 35.015495300293 35.0114707946777 35.0096855163574 35.0146179199219 35.0265235900879 35.050968170166 35.0526275634766 34.9675598144531 34.9675903320312 35.0008964538574 35.0570831298828 35.0310325622559 35.0230369567871 35.016731262207 35.0133895874023 35.0074043273926 35.0042915344238 35.0129241943359 35.0090866088867 35.0059280395508 35.0035552978516 35.0840454101562 35.0746917724609 35.0864791870117 35.0578269958496 35.0784873962402 35.0675277709961 35.0688743591309 35.0596656799316 35.0577697753906 35.0708351135254 35.0598754882812
35.0184097290039 35.0257225036621 35.0297546386719 35.0273475646973 35.0344390869141 35.0205612182617 35.0124359130859 35.0175170898438 35.0378265380859 35.0289649963379 35.0131645202637 35.0051116943359 35.0074424743652 35.0011253356934 35.0006523132324 34.9996604919434 34.9996452331543 35.0026969909668 35.0115089416504 35.0102577209473 35.0162582397461 35.0473022460938 35.0592308044434 35.0643005371094 35.0692939758301 35.0452308654785 35.0339698791504 35.0259208679199 35.0214767456055 35.0182151794434 35.0083312988281 35.007080078125 35.0072212219238 34.999927520752 35.0036964416504 35.053539276123 35.0694122314453 35.0700798034668 35.0756568908691 35.080078125 35.076732635498 35.0707168579102 35.0698585510254 35.070858001709 35.0752067565918 35.0662879943848 35.0619926452637
35.0177268981934 35.0189933776855 35.0246734619141 35.0282936096191 35.0335350036621 35.0083847045898 35.0265083312988 35.017993927002 35.0202941894531 35.0228080749512 35.0784034729004 35.1031379699707 35.0695648193359 35.0898857116699 35.0682983398438 35.0438995361328 35.0131149291992 35.0029106140137 34.9977836608887 35.0016441345215 35.0049057006836 35.0190887451172 35.0316505432129 35.0324668884277 35.0317230224609 35.0272903442383 35.021656036377 35.0170783996582 35.0170707702637 35.0052185058594 35.0033226013184 35.0077896118164 35.0288467407227 35.0535621643066 35.0881080627441 35.0921020507812 35.0776786804199 35.070743560791 35.0843925476074 35.0743446350098 35.073543548584 35.0732841491699 35.0687561035156 35.077579498291 35.0742034912109 35.0734100341797 35.0692939758301
35.0190925598145 35.0136489868164 35.0144119262695 35.0175476074219 35.0130462646484 34.9851417541504 35.0802688598633 35.0906105041504 35.0732269287109 35.0851554870605 35.0811080932617 35.081901550293 35.0811386108398 35.0855827331543 35.086254119873 35.0820198059082 35.0930099487305 35.1063652038574 35.072093963623 34.987621307373 34.9919013977051 35.0088195800781 35.0081558227539 35.0177688598633 35.0174980163574 35.0116310119629 35.0123748779297 35.0047302246094 35.0050582885742 35.0073776245117 35.0384674072266 35.107307434082 35.0814247131348 35.0850830078125 35.0783309936523 35.0766944885254 35.0963554382324 35.0945510864258 35.094123840332 35.0828590393066 35.079833984375 35.073356628418 35.0782470703125 35.0775756835938 35.076099395752 35.0729751586914 35.0706024169922
34.9953994750977 35.002384185791 34.9858283996582 35.0058135986328 35.0152778625488 35.0521774291992 35.073616027832 35.0756607055664 35.0762252807617 35.0726013183594 35.0717887878418 35.0757217407227 35.0795288085938 35.08203125 35.0836753845215 35.0759887695312 35.0737915039062 35.0783195495605 35.0869483947754 35.0899200439453 35.0355644226074 34.9991836547852 35.0031394958496 35.0050086975098 35.0059280395508 35.0104866027832 35.0060653686523 35.0040245056152 35.0123634338379 35.0565948486328 35.1027641296387 35.0792236328125 35.080810546875 35.0848579406738 35.0645065307617 35.0544471740723 35.067440032959 35.0660591125488 35.0689468383789 35.0744972229004 35.0772323608398 35.0751686096191 35.0767021179199 35.0757904052734 35.0711097717285 35.0705223083496 35.0702667236328
35.001708984375 34.9929847717285 35.0235137939453 35.0713272094727 35.068489074707 35.0606575012207 35.0604438781738 35.0635986328125 35.0647888183594 35.0666580200195 35.0709419250488 35.0763854980469 35.0788917541504 35.0809898376465 35.080192565918 35.075798034668 35.0734786987305 35.0785140991211 35.0784683227539 35.0847206115723 35.0808715820312 35.0382385253906 35.0280647277832 35.0453796386719 35.0387992858887 35.0378646850586 35.0582656860352 35.0556297302246 35.0767555236816 35.0526466369629 35.076042175293 35.0826225280762 35.0746955871582 35.0715408325195 35.0663566589355 35.059700012207 35.0488014221191 35.0514144897461 35.0531349182129 35.0730056762695 35.0859451293945 35.0820693969727 35.0766944885254 35.074291229248 35.0721855163574 35.0690498352051 35.0691986083984
35.0233535766602 35.0316886901855 35.0671501159668 35.0627479553223 35.0555686950684 35.0540008544922 35.0560150146484 35.058967590332 35.0629196166992 35.0667190551758 35.0716590881348 35.076171875 35.0776176452637 35.0768966674805 35.0776443481445 35.0757446289062 35.0724449157715 35.0592041015625 35.0629043579102 35.0696182250977 35.0748176574707 35.0757751464844 35.0708656311035 35.0848274230957 35.0659027099609 35.0731773376465 35.0814781188965 35.0735397338867 35.0671844482422 35.0700149536133 35.071533203125 35.0702514648438 35.071216583252 35.06689453125 35.0625877380371 35.0609245300293 35.0557975769043 35.0618934631348 35.0663833618164 35.0818977355957 35.0905685424805 35.0879020690918 35.0808486938477 35.0776519775391 35.0755310058594 35.0733222961426 35.0718536376953
35.0681686401367 35.0741996765137 35.0672645568848 35.0625915527344 35.0567283630371 35.0557136535645 35.0574111938477 35.060474395752 35.0636444091797 35.0663223266602 35.0693397521973 35.0727691650391 35.0746040344238 35.0737152099609 35.071346282959 35.0702896118164 35.068531036377 35.0622596740723 35.0631713867188 35.0601615905762 35.0583152770996 35.0608863830566 35.0632057189941 35.0615425109863 35.068489074707 35.0672378540039 35.0622596740723 35.0665893554688 35.070011138916 35.0720252990723 35.0667572021484 35.0640106201172 35.0617752075195 35.0583229064941 35.0594329833984 35.0634765625 35.0652275085449 35.0659370422363 35.0695037841797 35.0782051086426 35.085765838623 35.0882225036621 35.0842247009277 35.0798225402832 35.0758895874023 35.0744209289551 35.0724258422852
35.077335357666 35.0733909606934 35.0672645568848 35.0613250732422 35.0578269958496 35.0572280883789 35.0576972961426 35.0597801208496 35.0616683959961 35.0637474060059 35.0671539306641 35.0707550048828 35.0717582702637 35.0709037780762 35.0690574645996 35.0670471191406 35.0649147033691 35.062572479248 35.060676574707 35.0587158203125 35.0528450012207 35.0573844909668 35.0595321655273 35.0583343505859 35.0578231811523 35.0569496154785 35.0595893859863 35.0634307861328 35.0647201538086 35.0628814697266 35.0624389648438 35.0612983703613 35.0593376159668 35.0566139221191 35.0572090148926 35.0610847473145 35.0645332336426 35.0659675598145 35.0684204101562 35.0737075805664 35.0797576904297 35.0836944580078 35.0819702148438 35.0787658691406 35.0754585266113 35.072265625 35.0703468322754
35.0719108581543 35.0686225891113 35.0656776428223 35.0622673034668 35.0601005554199 35.0569343566895 35.0559959411621 35.0572509765625 35.0594482421875 35.0606994628906 35.063835144043 35.0673141479492 35.0672378540039 35.0669708251953 35.0668067932129 35.0650863647461 35.0615615844727 35.0596771240234 35.0588874816895 35.0568695068359 35.0555686950684 35.0546112060547 35.0542030334473 35.0540733337402 35.0532188415527 35.052131652832 35.0528755187988 35.055534362793 35.0549430847168 35.0545806884766 35.052677154541 35.0526466369629 35.05224609375 35.0507507324219 35.0538711547852 35.0588302612305 35.0630836486816 35.0642356872559 35.066577911377 35.0718727111816 35.0767402648926 35.0788078308105 35.0780181884766 35.0760765075684 35.0731925964355 35.0705833435059 35.0704956054688
