Ecospace-environmental-drivers/Outputs/ASCII-for-ecospace/Sal-avg/Sal-avg_X2009.01.asc
NCOLS 131 
NROWS 53 
XLLCORNER -98 
YLLCORNER 23.9265270233154 
CELLSIZE 0.133587792515755 
NODATA_value -3.4e+38 
[rows 21 to 41 of 53, columns 47 to 93 of 131]
36.2805480957031 36.2792549133301 36.2814140319824 36.2558746337891 36.2178192138672 36.1963272094727 36.1322937011719 36.156307220459 36.1682624816895 36.0714378356934 35.7959861755371 35.6901741027832 35.3998565673828 35.0865135192871 34.9451370239258 34.907527923584 34.9430923461914 34.9356803894043 34.9301834106445 34.9369354248047 34.980281829834 34.9881591796875 34.9780006408691 34.975341796875 35.040225982666 35.0572319030762 34.9954071044922 34.9822196960449 35.0077438354492 35.0815048217773 35.0756225585938 35.0588836669922 35.0777816772461 35.0671806335449 35.0606460571289 35.0487251281738 35.0349769592285 35.0106735229492 34.9560661315918 34.9173927307129 34.9119186401367 34.9104309082031 34.9048156738281 34.9167900085449 34.9802093505859 35.0922775268555 35.2379837036133
36.0359497070312 35.9590492248535 35.9742546081543 35.9993782043457 36.0932540893555 35.9842491149902 35.5754470825195 35.7803840637207 35.5497283935547 35.2231216430664 35.132396697998 35.0616188049316 35.0232200622559 34.9223327636719 34.8909034729004 34.9018020629883 34.9501190185547 34.941104888916 34.9840774536133 34.974910736084 34.9814033508301 34.9973831176758 34.9803085327148 35.0561370849609 35.0279808044434 35.0072860717773 34.9845695495605 34.9774627685547 35.0476417541504 35.0663185119629 35.0428924560547 35.0412940979004 35.0546455383301 35.0566253662109 35.0498847961426 35.0503005981445 35.0474700927734 35.040885925293 35.0439758300781 35.039176940918 34.9872055053711 34.9651679992676 34.9475440979004 34.9094924926758 34.8939094543457 34.9052505493164 34.9703521728516
35.4237861633301 35.3930702209473 35.489990234375 35.3683242797852 35.2740707397461 35.1424217224121 35.1858749389648 35.0252304077148 34.9499702453613 34.9440422058105 34.9311370849609 34.9192428588867 34.9153671264648 34.9101104736328 34.9393081665039 34.9355087280273 34.939811706543 34.9945602416992 34.9784049987793 34.9751815795898 34.9718856811523 34.9889755249023 34.9773902893066 35.072380065918 35.0122604370117 34.9908409118652 34.9837760925293 35.0000267028809 35.1019973754883 35.05078125 35.0362167358398 35.0386543273926 35.0464973449707 35.0456886291504 35.0417823791504 35.0419006347656 35.0393295288086 35.0439720153809 35.1172485351562 35.0907669067383 35.1035003662109 35.1105613708496 35.0456199645996 34.9789047241211 34.936939239502 34.8914184570312 34.9011840820312
35.0045204162598 35.0012474060059 34.981143951416 34.9813003540039 34.9648513793945 34.9113349914551 34.9364242553711 34.9262008666992 34.9485931396484 34.9294281005859 34.9248352050781 34.917049407959 34.9275283813477 34.9333190917969 34.9551734924316 34.938289642334 34.9886474609375 34.9955101013184 34.989860534668 35.0058898925781 34.9835662841797 34.9811973571777 34.9759864807129 35.0582618713379 35.0252075195312 35.0175132751465 35.0873527526855 35.0894966125488 35.076473236084 35.0482292175293 35.0381622314453 35.0367240905762 35.0358352661133 35.0350570678711 35.0897521972656 35.1057205200195 35.1195335388184 35.1095085144043 35.0979080200195 35.0806312561035 35.1067237854004 35.109302520752 35.1114692687988 35.0981178283691 35.0256080627441 34.962646484375 34.9072494506836
34.9163513183594 34.9284324645996 34.9158096313477 34.9247627258301 34.9391326904297 34.9232711791992 34.9491882324219 34.9363059997559 34.943717956543 34.9523391723633 34.9475212097168 34.9466590881348 34.9323997497559 34.9293479919434 34.9380226135254 34.9855117797852 35.0006637573242 34.9878120422363 35.0367813110352 34.9857482910156 34.9779968261719 34.9764022827148 34.9749298095703 34.9831047058105 35.0364227294922 34.9995460510254 35.0121154785156 35.0918922424316 35.0630073547363 35.0394821166992 35.0335578918457 35.0379905700684 35.0374603271484 35.0539169311523 35.102481842041 35.1254615783691 35.1211471557617 35.1213417053223 35.1184158325195 35.1100616455078 35.1059074401855 35.1030387878418 35.1036911010742 35.1085510253906 35.1130828857422 35.047477722168 34.9584197998047
34.9567642211914 34.9415702819824 34.944465637207 35.0155181884766 35.0007553100586 34.9648399353027 34.9644813537598 35.0223236083984 34.9509048461914 34.9899139404297 34.9497375488281 34.9748191833496 34.9294586181641 34.9933662414551 35.0210723876953 35.0094261169434 34.9779891967773 34.9700698852539 34.9707946777344 34.974250793457 34.9768371582031 34.9723472595215 35.042423248291 35.0422668457031 35.0088233947754 34.9964179992676 34.97509765625 35.0499114990234 35.0646438598633 35.0379676818848 35.0324592590332 35.0355415344238 35.0387344360352 35.0998611450195 35.1201171875 35.1291465759277 35.1208801269531 35.1233558654785 35.1171569824219 35.1126823425293 35.1083221435547 35.1039352416992 35.1005554199219 35.1037902832031 35.1096420288086 35.111701965332 35.0243072509766
34.9916038513184 34.9847526550293 35.0225028991699 35.069881439209 35.0203437805176 35.0069694519043 35.0240020751953 35.0124397277832 35.0049819946289 35.0475959777832 35.0425720214844 35.0157585144043 34.9996032714844 34.9887542724609 35.0282592773438 35.0444641113281 35.0605087280273 35.0279235839844 35.0056190490723 35.0042953491211 34.967227935791 35.0424308776855 35.0000953674316 34.9776649475098 34.9726982116699 34.9714050292969 34.9717292785645 35.0727272033691 35.0565490722656 35.0428924560547 35.0354919433594 35.0387229919434 35.039306640625 35.0404663085938 35.0661125183105 35.1285591125488 35.1248931884766 35.1200370788574 35.1098747253418 35.1167449951172 35.1124420166016 35.1077880859375 35.1058616638184 35.1055603027344 35.1077842712402 35.1123390197754 35.0764656066895
34.984073638916 35.0097770690918 35.0377540588379 35.008659362793 35.0152740478516 35.0713882446289 35.0446357727051 34.989803314209 34.9951438903809 34.9894409179688 34.9949531555176 35.0033798217773 35.0303039550781 35.052864074707 35.0690536499023 35.026309967041 34.9980735778809 34.989990234375 34.9876823425293 34.9897079467773 35.0062446594238 34.9940338134766 34.9765243530273 34.970874786377 34.9868049621582 35.0430068969727 35.0980110168457 35.0635223388672 35.0489501953125 35.0424270629883 35.0363159179688 35.0352630615234 35.0365028381348 35.0413436889648 35.064037322998 35.0713386535645 35.1234817504883 35.1270408630371 35.1255531311035 35.1216583251953 35.1153984069824 35.1101226806641 35.1103897094727 35.1108589172363 35.1114845275879 35.1128692626953 35.1088180541992
35.0137329101562 34.9948310852051 34.9886322021484 34.9820251464844 34.9879302978516 34.9909477233887 35.0008544921875 35.012996673584 34.9967498779297 34.9932594299316 35.0516700744629 35.0260162353516 35.0085678100586 35.0200080871582 35.0077171325684 35.0005264282227 34.9907302856445 34.9880561828613 34.9841041564941 34.976749420166 34.9740867614746 34.9747848510742 34.9727439880371 34.9694213867188 35.0811424255371 35.069507598877 35.0543441772461 35.0479316711426 35.0430908203125 35.0394630432129 35.0350379943848 35.034252166748 35.0388832092285 35.0422592163086 35.0428504943848 35.0453987121582 35.1188735961914 35.1323547363281 35.1296539306641 35.1247062683105 35.1185150146484 35.1156883239746 35.116153717041 35.1154861450195 35.114185333252 35.1126251220703 35.1105728149414
34.9800682067871 34.9837799072266 35.0881576538086 35.0785446166992 34.9731788635254 35.0439186096191 34.9837837219238 34.9896087646484 34.9802665710449 35.0417137145996 35.0205459594727 35.0329971313477 35.0717658996582 35.0313987731934 35.0150833129883 35.0276947021484 35.0774421691895 35.087028503418 35.0742683410645 35.0504112243652 34.973072052002 34.9730110168457 34.971492767334 34.9698486328125 35.0810317993164 35.0721855163574 35.0529518127441 35.0495986938477 35.040901184082 35.0362663269043 35.0375671386719 35.0352516174316 35.0376091003418 35.0436935424805 35.0476379394531 35.0478096008301 35.1096115112305 35.1319808959961 35.1286315917969 35.1266326904297 35.1255683898926 35.1242904663086 35.1218490600586 35.118709564209 35.1154365539551 35.1125335693359 35.1103324890137
35.0969200134277 34.971118927002 35.0362281799316 35.0405120849609 34.971435546875 34.9768981933594 34.9809188842773 34.9762229919434 34.978271484375 35.0349159240723 35.0476837158203 35.0921630859375 35.0810356140137 35.071704864502 35.0766372680664 35.0794143676758 35.068717956543 35.0506210327148 35.0533409118652 35.0870628356934 35.040168762207 34.9753112792969 34.971305847168 34.9706916809082 35.04931640625 35.0830192565918 35.0594787597656 35.0551948547363 35.0468482971191 35.0416717529297 35.0401382446289 35.0383529663086 35.0430946350098 35.0470237731934 35.0489883422852 35.0507431030273 35.1196784973145 35.132266998291 35.1302490234375 35.1294021606445 35.1277122497559 35.1251182556152 35.1204452514648 35.1174697875977 35.115406036377 35.1128845214844 35.1107292175293
34.9787178039551 34.9700698852539 34.9747200012207 35.0679550170898 34.9748573303223 35.0577850341797 35.0733795166016 35.0688056945801 35.0217094421387 35.0781097412109 35.0658111572266 35.0561103820801 35.0463180541992 35.0484352111816 35.0517196655273 35.0489921569824 35.0417633056641 35.0413246154785 35.0477905273438 35.0521125793457 35.0818519592285 35.0650100708008 34.9718437194824 34.9742088317871 35.0162162780762 35.0877494812012 35.0854568481445 35.0599327087402 35.0531234741211 35.050121307373 35.046257019043 35.0439414978027 35.040885925293 35.0466232299805 35.0520935058594 35.0528297424316 35.1203079223633 35.1332893371582 35.132511138916 35.1287727355957 35.1258506774902 35.1255302429199 35.1249847412109 35.1253509521484 35.1249008178711 35.1191024780273 35.113353729248
35.042854309082 35.0499382019043 35.0566139221191 35.0558471679688 35.0644989013672 35.0650444030762 35.0526390075684 35.0478820800781 35.057746887207 35.0481834411621 35.0383491516113 35.0304145812988 35.030834197998 35.0302047729492 35.0321388244629 35.0317726135254 35.0299682617188 35.0309791564941 35.0361633300781 35.0402603149414 35.0511512756348 35.0796737670898 35.081111907959 35.0873565673828 35.0970687866211 35.0778388977051 35.0780982971191 35.0676193237305 35.0502967834473 35.0483283996582 35.043083190918 35.0407447814941 35.0424385070801 35.0476417541504 35.0505599975586 35.0851783752441 35.1336555480957 35.1329879760742 35.1309852600098 35.1274337768555 35.1249923706055 35.124683380127 35.1261711120605 35.1272621154785 35.1277961730957 35.1276054382324 35.1179046630859
35.0532341003418 35.0488662719727 35.0540008544922 35.0606384277344 35.0651054382324 35.0601119995117 35.0504455566406 35.0427627563477 35.0456314086914 35.0457229614258 35.1027603149414 35.1272315979004 35.0942840576172 35.1094551086426 35.1057586669922 35.0709991455078 35.0437240600586 35.027027130127 35.0285301208496 35.0330543518066 35.0409507751465 35.0463523864746 35.0733871459961 35.0618591308594 35.0654335021973 35.0720863342285 35.0553894042969 35.0524787902832 35.0395584106445 35.0450553894043 35.0394897460938 35.0430641174316 35.0671234130859 35.0945281982422 35.1229133605957 35.1337013244629 35.1333770751953 35.1321830749512 35.1302833557129 35.128662109375 35.1265563964844 35.1260147094727 35.1276626586914 35.1291007995605 35.1299819946289 35.1284599304199 35.122127532959
35.0416603088379 35.0401191711426 35.0499076843262 35.0548706054688 35.0459403991699 35.0273246765137 35.0955009460449 35.122314453125 35.1137046813965 35.1192092895508 35.1174850463867 35.1192054748535 35.1220588684082 35.1250991821289 35.1283569335938 35.1274948120117 35.1293640136719 35.1272583007812 35.0877876281738 35.0295486450195 35.0369606018066 35.0449104309082 35.0509910583496 35.0555267333984 35.0581207275391 35.0538749694824 35.046199798584 35.0485343933105 35.0414428710938 35.0368843078613 35.066722869873 35.129207611084 35.1332092285156 35.1328735351562 35.1334648132324 35.133975982666 35.1339797973633 35.1339263916016 35.1335372924805 35.1327285766602 35.1313552856445 35.1301574707031 35.1308555603027 35.1311454772949 35.1318817138672 35.1292304992676 35.1256904602051
35.0233612060547 35.0282974243164 35.0208320617676 35.0406150817871 35.0486297607422 35.0859031677246 35.1151237487793 35.1226692199707 35.1223373413086 35.1181678771973 35.115795135498 35.119026184082 35.1237030029297 35.1273574829102 35.1284980773926 35.1287841796875 35.1292266845703 35.1302719116211 35.1303405761719 35.1169357299805 35.0663185119629 35.0374565124512 35.0404281616211 35.0420112609863 35.0415267944336 35.0403251647949 35.0410308837891 35.0374412536621 35.0405349731445 35.0803604125977 35.1293678283691 35.1327590942383 35.1328887939453 35.1328582763672 35.1332359313965 35.1335678100586 35.133846282959 35.1339874267578 35.1339988708496 35.1339988708496 35.1339988708496 35.1339950561523 35.1336135864258 35.1329689025879 35.1326065063477 35.1303939819336 35.1279525756836
35.0214805603027 35.0234832763672 35.0452346801758 35.1044120788574 35.1141700744629 35.1172790527344 35.121639251709 35.1244468688965 35.1239128112793 35.1213798522949 35.1180267333984 35.1184883117676 35.122486114502 35.1251258850098 35.125301361084 35.1255378723145 35.1255569458008 35.126049041748 35.1277160644531 35.1297264099121 35.1318817138672 35.1094970703125 35.0672340393066 35.0974807739258 35.0968055725098 35.0801734924316 35.0957984924316 35.0893516540527 35.1142730712891 35.1256942749023 35.1326293945312 35.1323280334473 35.1317176818848 35.1312141418457 35.1316299438477 35.132453918457 35.1336555480957 35.1339721679688 35.1339721679688 35.1339912414551 35.1339988708496 35.1339988708496 35.1339988708496 35.1339797973633 35.1337127685547 35.1322708129883 35.1282844543457
35.0432739257812 35.0480003356934 35.1069793701172 35.1153907775879 35.1175498962402 35.123161315918 35.1295013427734 35.1315650939941 35.1312522888184 35.1304550170898 35.1263236999512 35.1212120056152 35.1204528808594 35.120532989502 35.1178359985352 35.118236541748 35.1203765869141 35.1207275390625 35.1222496032715 35.1237907409668 35.1241111755371 35.1249885559082 35.1253433227539 35.1268577575684 35.1232376098633 35.1216697692871 35.1240577697754 35.1224403381348 35.1263809204102 35.1308212280273 35.1303939819336 35.1286468505859 35.1285400390625 35.1302795410156 35.1323585510254 35.133960723877 35.1339950561523 35.1339988708496 35.1339683532715 35.1339645385742 35.1339988708496 35.1339988708496 35.1339988708496 35.1339988708496 35.1339416503906 35.1332550048828 35.1301879882812
35.100944519043 35.118709564209 35.1241035461426 35.1232032775879 35.1274147033691 35.1321716308594 35.1346473693848 35.1349945068359 35.1350021362305 35.1349334716797 35.1329536437988 35.1293601989746 35.1239356994629 35.117546081543 35.1127166748047 35.1093559265137 35.1093444824219 35.1105422973633 35.1125640869141 35.1151657104492 35.1158561706543 35.1180191040039 35.1188201904297 35.1194801330566 35.1182479858398 35.1183013916016 35.1213150024414 35.1251029968262 35.1275901794434 35.1284599304199 35.1267890930176 35.1257133483887 35.126522064209 35.1270484924316 35.1293144226074 35.1332015991211 35.1339530944824 35.1339988708496 35.1339912414551 35.1339530944824 35.1339988708496 35.1339988708496 35.1339988708496 35.1339874267578 35.1339836120605 35.1330909729004 35.1306800842285
35.1302947998047 35.1327285766602 35.1336822509766 35.133659362793 35.1341514587402 35.1343955993652 35.134937286377 35.1350021362305 35.1350021362305 35.1350021362305 35.1344413757324 35.1324806213379 35.1278915405273 35.1203079223633 35.1126289367676 35.1068878173828 35.1039733886719 35.1046676635742 35.1063766479492 35.1071357727051 35.107666015625 35.1104698181152 35.1122589111328 35.1128425598145 35.1126136779785 35.1152420043945 35.1187934875488 35.1221809387207 35.1231803894043 35.1210594177246 35.1188926696777 35.1198196411133 35.1229820251465 35.121955871582 35.1221542358398 35.1273498535156 35.1331672668457 35.1340293884277 35.1340370178223 35.1339416503906 35.1339988708496 35.1339988708496 35.1339988708496 35.1339416503906 35.1338577270508 35.1330032348633 35.1298217773438
35.1339378356934 35.1340103149414 35.1341400146484 35.1343154907227 35.1343879699707 35.1346282958984 35.1350021362305 35.1350021362305 35.1350021362305 35.1350021362305 35.1347274780273 35.1329803466797 35.1305313110352 35.125804901123 35.1178321838379 35.1098670959473 35.1054458618164 35.1056327819824 35.1052665710449 35.103687286377 35.1042213439941 35.1044540405273 35.1032295227051 35.1039848327637 35.1065826416016 35.1092796325684 35.1108283996582 35.1134948730469 35.1147193908691 35.1129989624023 35.1107063293457 35.1119003295898 35.1146583557129 35.114917755127 35.1160430908203 35.1235046386719 35.1321716308594 35.1340255737305 35.1340599060059 35.1339492797852 35.1339988708496 35.1339988708496 35.1339988708496 35.1338500976562 35.1330871582031 35.1319160461426 35.1290168762207
