Ecospace-environmental-drivers/Outputs/ASCII-for-ecospace/Sal-avg/Sal-avg_X2000.07.asc
NCOLS 131 
NROWS 53 
XLLCORNER -98 
YLLCORNER 23.9265270233154 
CELLSIZE 0.133587792515755 
NODATA_value -3.4e+38 
[rows 21 to 41 of 53, columns 47 to 93 of 131]
36.2463912963867 36.2605056762695 36.2827033996582 36.2928504943848 36.2976837158203 36.3022575378418 36.2338638305664 36.2398681640625 36.2408294677734 36.0852088928223 35.8202209472656 35.7117195129395 35.4703102111816 35.1510391235352 34.9730224609375 34.9113388061523 34.9193534851074 34.9217758178711 34.9150314331055 34.9153938293457 34.9553108215332 34.9712219238281 34.9664154052734 34.9613609313965 35.0193977355957 35.026927947998 35.0038032531738 35.0016250610352 35.0161819458008 35.0686073303223 35.0616226196289 35.0311698913574 35.0385704040527 35.0374641418457 35.0350227355957 35.0232849121094 35.0148696899414 34.9961280822754 34.9378395080566 34.9074974060059 34.9128761291504 34.9213676452637 34.9314498901367 34.9615020751953 35.0272674560547 35.1432838439941 35.2807350158691
36.1072196960449 36.0596580505371 36.0880241394043 36.0982856750488 36.1785011291504 36.0971031188965 35.6578330993652 35.8392448425293 35.6158676147461 35.2812957763672 35.1595153808594 35.0619735717773 35.0298347473145 34.9500732421875 34.9115295410156 34.9051742553711 34.9174613952637 34.9251174926758 34.9538726806641 34.9417419433594 34.9514770507812 34.9770545959473 34.9665985107422 35.0212364196777 35.0075569152832 35.0041656494141 35.0040588378906 34.9965972900391 35.038257598877 35.0547142028809 35.0346412658691 35.0227890014648 35.0213890075684 35.0226211547852 35.0232124328613 35.0238647460938 35.021183013916 35.0193786621094 35.0245094299316 35.0085144042969 34.9740562438965 34.9522552490234 34.9296836853027 34.911018371582 34.9216499328613 34.9435882568359 35.0255966186523
35.4514617919922 35.4298973083496 35.5371284484863 35.4240036010742 35.3309745788574 35.1880798339844 35.2581176757812 35.0362701416016 34.9245262145996 34.9039878845215 34.9031257629395 34.9214935302734 34.9029502868652 34.8977279663086 34.9195442199707 34.9143104553223 34.9188957214355 34.9599990844727 34.9607620239258 34.9583778381348 34.9575119018555 34.9778442382812 34.9649276733398 35.033618927002 34.9991836547852 34.9950790405273 34.9967575073242 35.011890411377 35.0808601379395 35.0451278686523 35.0260429382324 35.0172386169434 35.0194320678711 35.0144500732422 35.0149078369141 35.0160827636719 35.0166702270508 35.0206031799316 35.0769920349121 35.0487480163574 35.038272857666 35.0537605285645 35.0219688415527 34.9663772583008 34.9244232177734 34.9010124206543 34.9288558959961
34.990104675293 34.9834213256836 34.9610290527344 34.9879875183105 34.9708595275879 34.9149360656738 34.9244689941406 34.9051208496094 34.9163475036621 34.8983421325684 34.9100723266602 34.900032043457 34.9147300720215 34.9221267700195 34.9286956787109 34.9197578430176 34.9582633972168 34.9622383117676 34.9606018066406 34.9754981994629 34.9726295471191 34.9734535217285 34.9636611938477 35.0350036621094 35.0174827575684 35.0114402770996 35.0657539367676 35.0767288208008 35.0634269714355 35.0376396179199 35.0241889953613 35.0152893066406 35.0120849609375 35.0104484558105 35.0633201599121 35.0574073791504 35.0755157470703 35.0512809753418 35.0312614440918 35.0312080383301 35.0512619018555 35.0628700256348 35.030216217041 35.0262031555176 35.0000648498535 34.9481887817383 34.9068832397461
34.8938751220703 34.9069404602051 34.8996086120605 34.9071159362793 34.9193077087402 34.9028511047363 34.9361953735352 34.9135856628418 34.927116394043 34.9288520812988 34.926570892334 34.9249305725098 34.923282623291 34.9211578369141 34.9189147949219 34.9523544311523 34.9640731811523 34.9646530151367 34.9807205200195 34.9680862426758 34.9668273925781 34.9612083435059 34.956901550293 34.9741592407227 35.0251579284668 34.9941673278809 35.0114898681641 35.076057434082 35.0556449890137 35.0357818603516 35.0205078125 35.015926361084 35.0096664428711 35.0314712524414 35.0508270263672 35.0699272155762 35.0588722229004 35.0722503662109 35.0544166564941 35.0456161499023 35.0437622070312 35.0535583496094 35.037956237793 35.0213851928711 35.0182418823242 35.0125694274902 34.9442024230957
34.9397392272949 34.9287452697754 34.924919128418 34.9668159484863 34.9592590332031 34.934814453125 34.9321784973145 34.9652061462402 34.9202537536621 34.9422798156738 34.9216461181641 34.9413948059082 34.918270111084 34.9585189819336 34.9637680053711 34.9677810668945 34.9628677368164 34.9617156982422 34.9583969116211 34.958194732666 34.9604568481445 34.9596214294434 35.0168914794922 35.0331497192383 35.0137672424316 35.0071220397949 34.9851112365723 35.0470733642578 35.0525245666504 35.0304641723633 35.0172843933105 35.0123825073242 35.009635925293 35.0782737731934 35.0822792053223 35.0859260559082 35.0699310302734 35.0704650878906 35.0571441650391 35.0332489013672 35.031681060791 35.035774230957 35.0331764221191 35.0256118774414 35.0310707092285 35.0208969116211 35.0157241821289
34.9595718383789 34.954963684082 34.968936920166 34.9868659973145 34.9697151184082 34.9590454101562 34.9660110473633 34.9521675109863 34.9468193054199 34.9630661010742 34.9715690612793 34.9663047790527 34.9691925048828 34.9672317504883 35.0141639709473 35.0219573974609 35.0390663146973 35.0413208007812 35.0162582397461 35.0116691589355 34.9636497497559 35.0245971679688 35.0053443908691 34.99072265625 34.9920806884766 34.991340637207 34.9829940795898 35.0595893859863 35.0447998046875 35.0306663513184 35.0212135314941 35.0177688598633 35.0158767700195 35.0106773376465 35.0398139953613 35.1004333496094 35.0880165100098 35.0818176269531 35.0559349060059 35.0531997680664 35.0292053222656 35.0181350708008 35.0204772949219 35.0182800292969 35.0448417663574 35.0239791870117 35.0234756469727
34.9599227905273 34.9665489196777 35.0120735168457 34.9661903381348 34.9626731872559 34.978931427002 34.9783668518066 34.95166015625 34.9562568664551 34.9479789733887 34.954906463623 34.9741592407227 34.9983329772949 35.0239410400391 35.0531387329102 35.0264663696289 35.0099678039551 35.0108032226562 35.0125007629395 35.0330619812012 35.037181854248 35.0240058898926 34.9959869384766 34.9884910583496 35.0075263977051 35.039379119873 35.0806121826172 35.0492706298828 35.0330085754395 35.0259323120117 35.020336151123 35.0179710388184 35.0183715820312 35.0111083984375 35.0372276306152 35.0486679077148 35.1035766601562 35.0846862792969 35.0632667541504 35.0484962463379 35.0267906188965 35.0185241699219 35.0282516479492 35.0211791992188 35.0215721130371 35.0218467712402 35.0443229675293
34.9737586975098 34.9668617248535 34.964771270752 34.9630393981934 34.9636573791504 34.9658813476562 34.9706840515137 34.968936920166 34.9678230285645 34.9688911437988 35.0151596069336 35.0176696777344 35.0102996826172 35.0202178955078 35.0079727172852 35.0053443908691 34.992374420166 34.9971237182617 34.996955871582 35.0054626464844 35.0044441223145 35.0128135681152 35.0000762939453 34.9910087585449 35.0654258728027 35.0522880554199 35.0399436950684 35.029109954834 35.0269508361816 35.0217971801758 35.0188484191895 35.0164070129395 35.0134887695312 35.0095977783203 35.0102272033691 35.0081787109375 35.0764007568359 35.0757789611816 35.0589752197266 35.0447082519531 35.0364151000977 35.0302505493164 35.0417289733887 35.0352172851562 35.0304489135742 35.0424957275391 35.0243911743164
34.9628944396973 34.9676971435547 35.0613784790039 35.0509910583496 34.9597129821777 35.029125213623 34.9619789123535 34.9632263183594 34.9595413208008 35.0050201416016 35.0084609985352 35.0192260742188 35.0559234619141 35.0203742980957 34.9986267089844 35.0152587890625 35.0529289245605 35.0722312927246 35.0477905273438 35.0465545654297 34.9939498901367 35.0001907348633 34.9949150085449 34.9898796081543 35.0584869384766 35.0489616394043 35.035400390625 35.0297203063965 35.0241546630859 35.020881652832 35.0182113647461 35.0146713256836 35.0148582458496 35.0113754272461 35.006908416748 35.0089988708496 35.056224822998 35.0650520324707 35.0587577819824 35.056022644043 35.0426216125488 35.0468978881836 35.0419273376465 35.0440826416016 35.0284194946289 35.0322456359863 35.0298118591309
35.093433380127 34.9573631286621 35.0087432861328 35.0223350524902 34.9594879150391 34.9589691162109 34.9591674804688 34.9582557678223 34.9606285095215 35.0103530883789 35.0306816101074 35.0660667419434 35.0563697814941 35.0368957519531 35.0444831848145 35.0488739013672 35.042121887207 35.0371513366699 35.0429458618164 35.0684471130371 35.0331497192383 34.9913902282715 34.9992370605469 34.9889259338379 35.0449523925781 35.0591430664062 35.0387382507324 35.0297660827637 35.0232124328613 35.0203514099121 35.0168914794922 35.0151481628418 35.0134544372559 35.0111465454102 35.0108642578125 35.0048179626465 35.0777359008789 35.0687103271484 35.0655555725098 35.0601615905762 35.043773651123 35.0465774536133 35.0406494140625 35.037654876709 35.0434532165527 35.0443420410156 35.0283279418945
34.9655151367188 34.953441619873 34.957950592041 35.0322189331055 34.9566116333008 35.0194396972656 35.0373115539551 35.0217094421387 34.9974517822266 35.064754486084 35.0471382141113 35.0275650024414 35.0223655700684 35.0197792053223 35.0236396789551 35.0229682922363 35.0218734741211 35.0234184265137 35.0308876037598 35.0414123535156 35.0658912658691 35.0594253540039 34.980640411377 34.9795150756836 35.0141906738281 35.0640335083008 35.0578536987305 35.0323600769043 35.0296516418457 35.0241928100586 35.0186614990234 35.0156784057617 35.0154838562012 35.0079917907715 35.0037460327148 34.9981575012207 35.0779762268066 35.0689506530762 35.0705909729004 35.0506706237793 35.0552253723145 35.0325164794922 35.0340538024902 35.022029876709 35.0265464782715 35.0420227050781 35.0215644836426
35.0206909179688 35.0162353515625 35.0123710632324 35.0154266357422 35.0263824462891 35.0303192138672 35.0234565734863 35.0244064331055 35.0379066467285 35.028148651123 35.0132026672363 35.0056991577148 35.0096588134766 35.0054779052734 35.0080718994141 35.0083541870117 35.0099258422852 35.0124397277832 35.018440246582 35.0236473083496 35.0356369018555 35.0599670410156 35.0657958984375 35.0735816955566 35.0736083984375 35.0584945678711 35.0489883422852 35.0366249084473 35.0290641784668 35.0229034423828 35.0135841369629 35.0120735168457 35.0111427307129 35.0045471191406 35.0039253234863 35.0416870117188 35.0672874450684 35.0644111633301 35.0635871887207 35.0572509765625 35.0471649169922 35.0439910888672 35.0474014282227 35.0405921936035 35.0488700866699 35.0405502319336 35.0262908935547
35.0233154296875 35.0098495483398 35.00927734375 35.0097427368164 35.0243263244629 35.0164680480957 35.0315628051758 35.0207061767578 35.0200080871582 35.0218086242676 35.0809898376465 35.1046409606934 35.0764312744141 35.1039543151855 35.1031723022461 35.0506553649902 35.0207557678223 35.005973815918 35.0084571838379 35.0122184753418 35.0214080810547 35.0252532958984 35.0482521057129 35.0436706542969 35.0385932922363 35.0416069030762 35.0319747924805 35.0249176025391 35.0195198059082 35.0120086669922 35.0062599182129 35.0083465576172 35.0288963317871 35.0486335754395 35.0788841247559 35.0855178833008 35.0737609863281 35.065788269043 35.0674018859863 35.0469741821289 35.0394821166992 35.0503387451172 35.0345497131348 35.0408325195312 35.0338439941406 35.0404586791992 35.0317230224609
35.0155143737793 34.999210357666 34.9874992370605 34.9946212768555 34.998592376709 34.9872016906738 35.0613632202148 35.048900604248 35.052848815918 35.0739707946777 35.0735321044922 35.066333770752 35.0740165710449 35.0919914245605 35.1047821044922 35.1017532348633 35.1047859191895 35.1048583984375 35.0669250488281 35.0005645751953 35.010196685791 35.0212516784668 35.02587890625 35.0232772827148 35.0245590209961 35.0251350402832 35.0214729309082 35.0157852172852 35.0119247436523 35.0092544555664 35.0383148193359 35.0952529907227 35.0709075927734 35.0778770446777 35.0746765136719 35.072078704834 35.0851974487305 35.0835571289062 35.0719947814941 35.0481796264648 35.0498504638672 35.0338706970215 35.0348472595215 35.0348434448242 35.040885925293 35.0371131896973 35.0305557250977
34.9897956848145 34.9941062927246 34.9812545776367 35.0041809082031 35.0158348083496 35.0456657409668 35.0613212585449 35.0598564147949 35.0637283325195 35.0564651489258 35.0464782714844 35.0547103881836 35.0636940002441 35.0611724853516 35.0744323730469 35.0741539001465 35.0675086975098 35.0636215209961 35.0682907104492 35.0804405212402 35.0401802062988 35.0129203796387 35.0150260925293 35.0166778564453 35.0167846679688 35.0169639587402 35.0142974853516 35.0104789733887 35.0148010253906 35.0533256530762 35.0893516540527 35.0674057006836 35.0713806152344 35.0757369995117 35.066764831543 35.0633964538574 35.0717697143555 35.0669860839844 35.0570793151855 35.046817779541 35.0336151123047 35.0296325683594 35.0308418273926 35.0320739746094 35.0295104980469 35.0309677124023 35.0212059020996
35.0050659179688 34.993839263916 35.023250579834 35.0673713684082 35.0638427734375 35.0562057495117 35.0570068359375 35.0563888549805 35.0507316589355 35.0449829101562 35.0417404174805 35.0409469604492 35.052921295166 35.0561332702637 35.0474090576172 35.0379333496094 35.0438346862793 35.0608139038086 35.0622177124023 35.0679779052734 35.0655364990234 35.0305786132812 35.0301246643066 35.0527572631836 35.0418891906738 35.0505447387695 35.0572814941406 35.0511322021484 35.0685691833496 35.0592803955078 35.0731658935547 35.0766372680664 35.0735130310059 35.0710983276367 35.0668601989746 35.0677337646484 35.063648223877 35.060718536377 35.051830291748 35.0456352233887 35.0427589416504 35.0415229797363 35.0332870483398 35.0389633178711 35.0411376953125 35.0312423706055 35.0263710021973
35.0193481445312 35.0292587280273 35.0659446716309 35.0621490478516 35.0569839477539 35.0571784973145 35.0592308044434 35.0583992004395 35.0543670654297 35.0484390258789 35.0416679382324 35.0515327453613 35.0531196594238 35.0438194274902 35.0577354431152 35.0490875244141 35.0431022644043 35.0428199768066 35.0490493774414 35.0577964782715 35.0679359436035 35.0639457702637 35.0602760314941 35.0810508728027 35.0513877868652 35.0626449584961 35.0782737731934 35.0704650878906 35.065616607666 35.073112487793 35.0770149230957 35.0752067565918 35.072639465332 35.0662498474121 35.0652122497559 35.0657119750977 35.0637893676758 35.0606880187988 35.0526657104492 35.0596580505371 35.0647468566895 35.0613632202148 35.0464363098145 35.0488967895508 35.0401000976562 35.0384407043457 35.0386543273926
35.0515785217285 35.0652160644531 35.065113067627 35.0604858398438 35.0568542480469 35.0569686889648 35.0578804016113 35.0591735839844 35.0591735839844 35.0564002990723 35.05029296875 35.0496673583984 35.0434265136719 35.0411262512207 35.0378112792969 35.0521278381348 35.053840637207 35.0431632995605 35.0475807189941 35.0516128540039 35.0446128845215 35.0458488464355 35.0509643554688 35.0491561889648 35.0569114685059 35.0595741271973 35.0581359863281 35.0666770935059 35.0736923217773 35.0782470703125 35.0723609924316 35.0692901611328 35.0654678344727 35.0614395141602 35.0597229003906 35.0596046447754 35.0605087280273 35.0598602294922 35.0561218261719 35.062198638916 35.0563507080078 35.0526885986328 35.0583686828613 35.0498085021973 35.038257598877 35.0428733825684 35.0444183349609
35.057731628418 35.0653190612793 35.0630226135254 35.0598258972168 35.0572052001953 35.0552215576172 35.0562057495117 35.0588722229004 35.0601692199707 35.0601959228516 35.059700012207 35.0576705932617 35.0464057922363 35.0362396240234 35.0415916442871 35.042293548584 35.0464210510254 35.0511360168457 35.0489349365234 35.0490913391113 35.0504379272461 35.0539779663086 35.0588302612305 35.0540199279785 35.0592079162598 35.0583572387695 35.0518684387207 35.0564231872559 35.0622291564941 35.0624160766602 35.058032989502 35.0558929443359 35.0561828613281 35.0546607971191 35.0534362792969 35.0552291870117 35.059139251709 35.0617446899414 35.0614166259766 35.0611419677734 35.0512313842773 35.0413818359375 35.0415878295898 35.0418815612793 35.0416984558105 35.0484848022461 35.0480346679688
35.0632514953613 35.063159942627 35.062557220459 35.0594329833984 35.0562400817871 35.0550689697266 35.0567321777344 35.0579795837402 35.0600128173828 35.0626068115234 35.0639801025391 35.0643157958984 35.0607604980469 35.0561141967773 35.0507469177246 35.0523719787598 35.056282043457 35.0581283569336 35.056640625 35.0575714111328 35.0616874694824 35.0638885498047 35.065242767334 35.0648193359375 35.0627212524414 35.0598602294922 35.0555038452148 35.0501289367676 35.0523414611816 35.0518493652344 35.0482292175293 35.0466537475586 35.0473937988281 35.0468482971191 35.0472640991211 35.0514793395996 35.0600509643555 35.066478729248 35.0664596557617 35.0612678527832 35.0585327148438 35.0491485595703 35.0427742004395 35.0449905395508 35.0489158630371 35.0434074401855 35.0466651916504
