Ecospace-environmental-drivers/Outputs/ASCII-for-ecospace/Sal-avg/Sal-avg_X2017.05.asc
NCOLS 131 
NROWS 53 
XLLCORNER -98 
YLLCORNER 23.9265270233154 
CELLSIZE 0.133587792515755 
NODATA_value -3.4e+38 
[rows 21 to 41 of 53, columns 0 to 46 of 131]
-3.4e+38 -3.4e+38 -3.4e+38 -3.4e+38 -3.4e+38 -3.4e+38 34.2811584472656 33.9291458129883 33.3837051391602 32.4136428833008 33.013298034668 33.654598236084 34.3315391540527 34.7291679382324 35.0150718688965 35.2442741394043 35.4616279602051 35.6152229309082 35.7200241088867 35.811450958252 35.8684883117676 35.9136047363281 35.9494781494141 35.9641609191895 35.977611541748 36.0004119873047 36.0146255493164 36.0317344665527 36.053337097168 36.0505523681641 36.0537376403809 36.0401725769043 36.0161972045898 35.9835472106934 36.0095825195312 36.0968894958496 36.1860427856445 36.2261810302734 36.2477149963379 36.2511940002441 36.2495231628418 36.2517127990723 36.2764778137207 36.296630859375 36.2985534667969 36.2920951843262 36.3082084655762
-3.4e+38 -3.4e+38 -3.4e+38 -3.4e+38 -3.4e+38 -3.4e+38 34.6115951538086 34.302734375 33.9291458129883 33.8083229064941 34.1234970092773 34.653392791748 35.1487236022949 35.4381065368652 35.5968971252441 35.7346992492676 35.7986335754395 35.8529357910156 35.9159660339355 35.9656600952148 36.0332946777344 36.0975952148438 36.1361923217773 36.1482849121094 36.1689300537109 36.1556015014648 36.160270690918 36.1720085144043 36.1595115661621 36.1490478515625 36.1340026855469 36.1600914001465 36.193187713623 36.2108421325684 36.2680740356445 36.279182434082 36.2771034240723 36.2744445800781 36.2819976806641 36.2803573608398 36.3262176513672 36.3235206604004 36.3304901123047 36.3330078125 36.3407173156738 36.3412857055664 36.3595733642578
-3.4e+38 -3.4e+38 -3.4e+38 -3.4e+38 35.4217414855957 35.0659561157227 34.8502235412598 34.6115951538086 34.3674621582031 34.5013275146484 34.9063262939453 35.3964424133301 35.6641426086426 35.8389854431152 35.9475708007812 35.9375534057617 35.9769630432129 36.0205841064453 36.0744247436523 36.1815338134766 36.2758369445801 36.3043060302734 36.2047958374023 36.0639419555664 36.1815986633301 36.0630836486816 36.1362838745117 36.2368507385254 36.3412628173828 36.2829322814941 36.3585395812988 36.3786773681641 36.3799667358398 36.384578704834 36.3797874450684 36.3565254211426 36.3346786499023 36.3121757507324 36.1312408447266 35.6474952697754 35.7009735107422 35.7458229064941 36.0479164123535 35.8155937194824 35.9700622558594 36.0498657226562 36.1012344360352
-3.4e+38 -3.4e+38 -3.4e+38 -3.4e+38 35.765022277832 35.4342422485352 35.0659561157227 34.8731231689453 34.8483085632324 35.1083297729492 35.473876953125 35.7585678100586 35.9501457214355 36.1036834716797 36.155330657959 36.1652488708496 36.1911354064941 36.0508232116699 35.9491310119629 35.799991607666 35.5053443908691 35.3140830993652 35.3518333435059 35.3927116394043 35.469654083252 35.4520645141602 35.470100402832 35.4508934020996 35.535026550293 35.4976081848145 35.6584129333496 35.953784942627 36.15625 36.1535949707031 36.2752227783203 36.2179069519043 36.2245178222656 35.9803771972656 35.5868377685547 35.2001724243164 35.1707305908203 35.2708015441895 35.3454246520996 35.2740821838379 35.157901763916 35.2356567382812 35.1531944274902
-3.4e+38 -3.4e+38 -3.4e+38 -3.4e+38 -3.4e+38 35.765022277832 35.4717445373535 35.2043342590332 35.3050537109375 35.5715599060059 35.7753639221191 35.9736938476562 36.1441535949707 36.2466468811035 36.2719841003418 36.2033424377441 35.7012214660645 35.2206687927246 35.132396697998 35.0130920410156 34.9727478027344 34.9500427246094 34.9703025817871 34.9822044372559 35.0298767089844 35.0268592834473 35.0297698974609 35.0524482727051 35.0135116577148 35.0399398803711 35.0995178222656 35.2567329406738 35.3754730224609 35.6470527648926 35.7215576171875 35.6793556213379 35.5703544616699 35.2592849731445 35.0299797058105 34.9981155395508 35.0417366027832 35.0090141296387 35.0203094482422 34.987190246582 34.9390182495117 34.9603958129883 34.9626998901367
-3.4e+38 -3.4e+38 -3.4e+38 -3.4e+38 -3.4e+38 36.179817199707 35.7918815612793 35.5892028808594 35.650951385498 35.830680847168 35.9410514831543 36.1146697998047 36.2535705566406 36.2921981811523 36.0873603820801 35.6421089172363 35.1328430175781 34.9545516967773 34.9406776428223 34.9274024963379 34.9455795288086 34.9459762573242 34.96337890625 34.9324073791504 34.9798622131348 34.9467544555664 34.9435729980469 34.9432907104492 34.9446105957031 34.9716873168945 34.9630317687988 34.9985198974609 35.0658264160156 35.113883972168 35.0682258605957 35.0561637878418 35.0144996643066 35.2337875366211 35.0245132446289 35.0187530517578 34.9558639526367 34.9614944458008 34.9246406555176 34.9210357666016 34.9396743774414 34.9360580444336 34.9507827758789
-3.4e+38 -3.4e+38 36.7509002685547 36.7259216308594 36.4303779602051 36.2674560546875 35.9718246459961 35.8286514282227 35.8960838317871 35.9502067565918 36.0637092590332 36.2128028869629 36.2811317443848 36.0843467712402 35.6336364746094 35.359935760498 34.9914627075195 34.9392776489258 34.9330978393555 34.9463691711426 34.9394760131836 34.9437866210938 34.948169708252 34.9560279846191 34.9522323608398 34.9488677978516 34.9986724853516 35.0074577331543 35.0185165405273 34.9480667114258 34.9318161010742 34.9808959960938 34.9840202331543 35.0361366271973 34.9831352233887 35.0086250305176 34.9886283874512 35.043140411377 35.0002517700195 35.0192031860352 34.9712371826172 34.9517250061035 34.9556503295898 34.9654998779297 34.9472312927246 34.9512977600098 34.9785003662109
-339999999999999996128486808808066248288.000000000000000 -3.4e+38 -3.4e+38 -3.4e+38 36.7009391784668 36.2527694702148 36.1140937805176 36.0701637268066 36.0405807495117 36.0475196838379 36.1576995849609 36.2679328918457 36.1271781921387 35.659294128418 35.3531455993652 35.1209526062012 34.9713706970215 34.9361457824707 34.927059173584 34.9557037353516 34.9431610107422 34.9596672058105 34.9646148681641 34.9622230529785 34.9464874267578 34.9498100280762 35.0080947875977 34.9617309570312 35.0615577697754 34.9730415344238 34.9704284667969 35.003662109375 34.9452438354492 34.9492225646973 34.9869422912598 35.0172233581543 34.9846954345703 35.002326965332 34.9834213256836 34.9612770080566 34.988525390625 34.9768333435059 34.9740219116211 34.9765243530273 34.9885292053223 34.9932136535645 34.9865493774414
-3.4e+38 -3.4e+38 -3.4e+38 -3.4e+38 36.428768157959 36.229190826416 36.2530326843262 36.2107276916504 36.1027755737305 36.1208877563477 36.230785369873 36.2507743835449 35.8465576171875 35.346508026123 35.0558128356934 34.9841117858887 34.9273071289062 34.9312477111816 34.9274635314941 34.9356536865234 34.9754867553711 34.9881591796875 34.9865646362305 34.9908905029297 34.9960403442383 34.9861183166504 35.0685272216797 35.0504341125488 35.1224060058594 34.9603462219238 34.9403228759766 34.9367828369141 34.9997978210449 34.974552154541 34.9774322509766 34.9933433532715 34.9818077087402 35.0149612426758 35.0002326965332 35.0028343200684 34.9772872924805 34.9832496643066 34.9927711486816 35.0132446289062 35.002067565918 35.0088272094727 34.9987754821777
-3.4e+38 -3.4e+38 -3.4e+38 -3.4e+38 36.3314628601074 36.2418212890625 36.3206596374512 36.2659034729004 36.1449203491211 36.1566886901855 36.2696685791016 36.1427230834961 35.5378379821777 35.1716728210449 34.9886779785156 34.9535827636719 34.9494705200195 34.9260864257812 34.9821929931641 34.9832878112793 34.9974250793457 34.9786834716797 34.9713821411133 34.9728469848633 35.074779510498 35.0012054443359 34.9881286621094 35.1432266235352 35.1460647583008 35.0436592102051 34.9366073608398 34.9668922424316 34.9811935424805 34.9685287475586 34.9970474243164 34.9765930175781 34.9705505371094 34.9647789001465 34.9770660400391 34.9648666381836 34.9841346740723 35.0050048828125 35.0121803283691 35.003246307373 35.0076942443848 35.0035591125488 35.0014991760254
-3.4e+38 -3.4e+38 -3.4e+38 -3.4e+38 36.6399040222168 36.2392807006836 36.3499183654785 36.2991371154785 36.1862030029297 36.1781921386719 36.2811050415039 36.1110076904297 35.4454765319824 35.1139183044434 34.9688034057617 34.9380836486816 34.9515953063965 34.9579696655273 34.9795227050781 35.0059471130371 35.0039978027344 34.9971771240234 34.9789848327637 34.9781341552734 35.0156097412109 34.985523223877 34.9482078552246 34.9759712219238 35.0803833007812 35.007926940918 35.0224914550781 35.011100769043 34.9836273193359 34.9909477233887 34.9779014587402 34.9653663635254 34.9639358520508 34.9689521789551 34.9866027832031 34.9974174499512 35.0060195922852 35.0065383911133 35.0031776428223 35.0060653686523 35.0040283203125 35.0023536682129 35.0035247802734
-3.4e+38 -3.4e+38 -3.4e+38 -3.4e+38 36.3433151245117 36.132194519043 36.3554039001465 36.3115196228027 36.227367401123 36.1661567687988 36.2452697753906 36.2541122436523 35.5322151184082 35.0527992248535 34.9426002502441 34.9396858215332 34.992244720459 34.9773826599121 34.974292755127 35.0214996337891 34.9955940246582 34.9989471435547 34.9949035644531 34.9937553405762 34.9605941772461 34.9671401977539 34.9672927856445 34.9796905517578 34.9889907836914 34.9812545776367 35.0498085021973 34.9821166992188 34.9788970947266 35.0123405456543 35.0214653015137 35.0013771057129 35.0130157470703 34.9892425537109 34.9937286376953 35.0049018859863 34.9992980957031 35.0034103393555 35.0979690551758 34.9978370666504 35.0010147094727 35.0014495849609 35.0023231506348
-3.4e+38 -3.4e+38 -3.4e+38 -3.4e+38 36.3429298400879 36.0245552062988 36.3376770019531 36.3561820983887 36.3073616027832 36.22021484375 36.1993637084961 36.2664794921875 35.8245468139648 35.0273933410645 34.9260559082031 34.9303283691406 34.9932632446289 34.9758262634277 35.0160140991211 35.0265922546387 34.9993858337402 34.9952545166016 34.994197845459 34.9885635375977 34.9958343505859 35.0549812316895 35.0490951538086 34.9857177734375 35.0009460449219 35.014575958252 35.0511703491211 34.9970512390137 35.0098876953125 35.0191650390625 35.0006408691406 34.9983024597168 34.9951210021973 34.9942169189453 34.9943046569824 35.0758018493652 35.0073356628418 35.0312232971191 35.101879119873 35.142333984375 35.0811767578125 35.0026359558105 35.0286407470703
-3.4e+38 -3.4e+38 -3.4e+38 -3.4e+38 -3.4e+38 35.9083595275879 36.2469139099121 36.3688621520996 36.3616218566895 36.2982749938965 36.2265014648438 36.2414741516113 36.0957794189453 35.0618209838867 34.9246520996094 34.9311485290527 34.992603302002 34.985782623291 35.0197219848633 35.0242767333984 35.011589050293 34.9986305236816 34.9942359924316 34.9895057678223 34.9934272766113 35.0886878967285 35.0573425292969 34.9737777709961 34.9735221862793 34.9817008972168 34.992301940918 34.9949913024902 35.0030403137207 35.0084266662598 35.0541076660156 35.007640838623 34.996753692627 34.996654510498 34.9949150085449 34.9940414428711 35.054027557373 35.1041603088379 35.0997276306152 35.0073738098145 35.1101036071777 35.0971908569336 35.0959663391113
-3.4e+38 -3.4e+38 -3.4e+38 -3.4e+38 -3.4e+38 27.7309093475342 36.0595207214355 36.3432388305664 36.3593902587891 36.3301391601562 36.293815612793 36.2611541748047 36.1461944580078 35.0984878540039 34.9275207519531 34.937671661377 34.9558143615723 35.0000801086426 35.0216789245605 35.035400390625 35.0164947509766 35.0069770812988 35.0646209716797 35.0456695556641 35.0675392150879 35.155876159668 35.1194458007812 35.0675392150879 35.0743637084961 35.0066757202148 34.9701728820801 34.9776153564453 34.9895515441895 35.0062217712402 35.1265487670898 35.1053199768066 35.0228576660156 34.9921646118164 34.9908294677734 34.9924163818359 34.9948844909668 35.1342811584473 35.133358001709 35.0935745239258 35.0849342346191 35.088737487793 35.092227935791
-3.4e+38 -3.4e+38 -3.4e+38 -3.4e+38 -3.4e+38 28.5748653411865 36.247314453125 36.3255996704102 36.3290061950684 36.3219337463379 36.3041687011719 36.2880363464355 36.0766487121582 35.0536308288574 34.928840637207 34.9448394775391 34.9480209350586 34.9666748046875 35.0202178955078 35.0113525390625 35.0034103393555 35.0509300231934 35.0738334655762 35.1175079345703 35.1433448791504 35.1501541137695 35.1419372558594 35.1265525817871 35.1189041137695 35.1396903991699 35.1452140808105 35.1465301513672 35.1154823303223 35.1256523132324 35.1566886901855 35.1535110473633 35.1182899475098 35.0844535827637 35.1148262023926 35.105110168457 35.1270294189453 35.1251907348633 35.1208686828613 35.1075668334961 35.0955352783203 35.0873222351074 35.0976829528809
-3.4e+38 -3.4e+38 -3.4e+38 -3.4e+38 -3.4e+38 -3.4e+38 36.4624938964844 36.3195304870605 36.3134536743164 36.306812286377 36.2939338684082 36.2914428710938 36.1225433349609 35.1072883605957 34.9363975524902 34.9682579040527 34.943920135498 34.9705276489258 35.0204086303711 35.0085601806641 35.0100440979004 35.0599212646484 35.1040000915527 35.1461868286133 35.1752967834473 35.1778450012207 35.1556129455566 35.1752014160156 35.1940002441406 35.1940002441406 35.1940002441406 35.1940002441406 35.1940002441406 35.1940002441406 35.1940002441406 35.1940002441406 35.1894454956055 35.1561851501465 35.1136894226074 35.1011352539062 35.0963020324707 35.0931625366211 35.093017578125 35.1054840087891 35.1078414916992 35.0874557495117 35.076602935791
-3.4e+38 -3.4e+38 -3.4e+38 -3.4e+38 -3.4e+38 -3.4e+38 36.5059127807617 36.3153343200684 36.3092384338379 36.2902412414551 36.2843208312988 36.2942008972168 36.1059303283691 35.1313743591309 34.9369125366211 34.9359474182129 34.9285659790039 34.9428825378418 34.9978179931641 35.0073471069336 35.0696792602539 35.097728729248 35.1355400085449 35.1626472473145 35.1940002441406 35.1940002441406 35.1940002441406 35.1940002441406 35.1940002441406 35.1940002441406 35.1940002441406 35.1940002441406 35.1940002441406 35.1940002441406 35.1939735412598 35.1938514709473 35.1938629150391 35.1934585571289 35.1925163269043 35.173755645752 35.1576080322266 35.1350135803223 35.1138038635254 35.1458587646484 35.1409797668457 35.1497917175293 35.1104202270508
-3.4e+38 -3.4e+38 -3.4e+38 -3.4e+38 -3.4e+38 -3.4e+38 36.5103302001953 36.3113479614258 36.3055152893066 36.2966651916504 36.2871627807617 36.3291320800781 36.0350494384766 35.0695838928223 34.9314384460449 34.9686737060547 34.9297828674316 34.9575805664062 34.9905738830566 35.0242576599121 35.0969047546387 35.1397171020508 35.1763076782227 35.1910133361816 35.1940002441406 35.1940002441406 35.1940002441406 35.1940002441406 35.1940002441406 35.1940002441406 35.1940002441406 35.1940002441406 35.1940002441406 35.1940002441406 35.1939926147461 35.1939849853516 35.1939849853516 35.1939926147461 35.1939964294434 35.1939926147461 35.1939086914062 35.1882400512695 35.1805191040039 35.15576171875 35.1605606079102 35.1827507019043 35.1836090087891
-3.4e+38 -3.4e+38 -3.4e+38 -3.4e+38 -3.4e+38 36.7796478271484 36.4059562683105 36.3124694824219 36.3076438903809 36.3086700439453 36.3111686706543 36.3661460876465 35.8642883300781 34.9998435974121 34.9500427246094 34.9483947753906 34.9351654052734 34.9491310119629 34.9797477722168 35.0175094604492 35.1067733764648 35.1746368408203 35.1940002441406 35.1940002441406 35.1940002441406 35.1940002441406 35.1940002441406 35.1940002441406 35.193904876709 35.1935653686523 35.1938781738281 35.1939888000488 35.1940002441406 35.1940002441406 35.1940002441406 35.1940002441406 35.1940002441406 35.1940002441406 35.1940002441406 35.1940002441406 35.1939277648926 35.1938552856445 35.1939811706543 35.1940002441406 35.1942100524902 35.1939086914062 35.1938819885254
-3.4e+38 -3.4e+38 -3.4e+38 -3.4e+38 37.1003952026367 36.7431755065918 36.3129386901855 36.314079284668 36.3240051269531 36.3191833496094 36.349063873291 36.3891067504883 35.5806884765625 34.9615440368652 34.9500427246094 34.9450569152832 34.9320030212402 34.9473342895508 34.9623107910156 35.0000076293945 35.1462135314941 35.1940002441406 35.1940002441406 35.1940002441406 35.1940002441406 35.1940002441406 35.1940002441406 35.1939659118652 35.1937065124512 35.1935920715332 35.1939659118652 35.1940002441406 35.1940002441406 35.1940002441406 35.1940002441406 35.1940002441406 35.1940002441406 35.1940002441406 35.1940002441406 35.1940002441406 35.1940002441406 35.193920135498 35.19384765625 35.1939315795898 35.1940002441406 35.1940002441406 35.1940002441406
