Ecospace-environmental-drivers/Outputs/ASCII-for-ecospace/Sal-avg/Sal-avg_X2006.07.asc
NCOLS 131 
NROWS 53 
XLLCORNER -98 
YLLCORNER 23.9265270233154 
CELLSIZE 0.133587792515755 
NODATA_value -3.4e+38 
[rows 21 to 41 of 53, columns 47 to 93 of 131]
36.2210922241211 36.1820030212402 36.179615020752 36.1898880004883 36.2039489746094 36.2179718017578 36.1027297973633 36.1112442016602 36.1129341125488 35.9301834106445 35.6157646179199 35.5375747680664 35.2992095947266 35.0604019165039 34.9402656555176 34.9001502990723 34.9249954223633 34.9245376586914 34.9189109802246 34.9225616455078 34.9597663879395 34.9721145629883 34.967601776123 34.9655380249023 35.0347633361816 35.0616111755371 35.0224342346191 35.0088844299316 35.026496887207 35.0930061340332 35.0918235778809 35.0678749084473 35.0741500854492 35.0661277770996 35.0574188232422 35.0480728149414 35.0354347229004 35.0140838623047 34.9472160339355 34.912166595459 34.9114456176758 34.9076614379883 34.8993225097656 34.9006881713867 34.9405212402344 34.9838638305664 35.0623397827148
35.933048248291 35.8279113769531 35.8654594421387 35.8862991333008 36.0119247436523 35.8868827819824 35.4719123840332 35.6120910644531 35.4298210144043 35.1476783752441 35.0513496398926 35.0260047912598 34.9918937683105 34.9172172546387 34.8835067749023 34.8956451416016 34.931022644043 34.9297180175781 34.9719085693359 34.9505386352539 34.9542922973633 34.9753799438477 34.9722595214844 35.0348815917969 35.0344467163086 35.025032043457 35.0061416625977 35.002197265625 35.0517654418945 35.0796890258789 35.0632057189941 35.054370880127 35.0522308349609 35.053394317627 35.0460395812988 35.0472755432129 35.0441970825195 35.0378341674805 35.0415306091309 35.0331268310547 34.9831199645996 34.9616546630859 34.9419364929199 34.9132652282715 34.8781890869141 34.870548248291 34.8904914855957
35.3197326660156 35.2699012756348 35.3744163513184 35.2589378356934 35.2117080688477 35.0776786804199 35.1043357849121 34.989501953125 34.9233322143555 34.9091491699219 34.9002418518066 34.9003753662109 34.8911552429199 34.9020843505859 34.930835723877 34.9285163879395 34.9247055053711 34.9773979187012 34.9607391357422 34.9541854858398 34.9493560791016 34.9775581359863 34.9709625244141 35.0570487976074 35.0121078491211 34.9988708496094 34.9930877685547 35.0116844177246 35.0994453430176 35.0639152526855 35.0445137023926 35.0429382324219 35.0425605773926 35.0419616699219 35.040397644043 35.0393371582031 35.0377960205078 35.042896270752 35.1140174865723 35.0797386169434 35.0819091796875 35.0940856933594 35.0384407043457 34.9752807617188 34.9319152832031 34.8968811035156 34.8670997619629
34.9691734313965 34.9654731750488 34.9491500854492 34.9605827331543 34.959285736084 34.9121017456055 34.9324531555176 34.9177780151367 34.9308128356934 34.907600402832 34.9136047363281 34.8956718444824 34.9216575622559 34.9229316711426 34.9247894287109 34.9162216186523 34.9650650024414 34.9726028442383 34.9635772705078 34.9774284362793 34.9740257263184 34.979133605957 34.9697303771973 35.0434913635254 35.0159492492676 35.0150566101074 35.0833549499512 35.090259552002 35.0808296203613 35.053581237793 35.0450057983398 35.0365142822266 35.0351791381836 35.034496307373 35.0925102233887 35.0995178222656 35.1193237304688 35.1149826049805 35.1137199401855 35.1097106933594 35.1036567687988 35.0976104736328 35.0914115905762 35.0858383178711 35.0257873535156 34.9563827514648 34.908073425293
34.9206733703613 34.9322471618652 34.9246253967285 34.9260902404785 34.9340896606445 34.9086227416992 34.9499092102051 34.9249687194824 34.9313316345215 34.9344711303711 34.9300003051758 34.9245986938477 34.9200706481934 34.9134941101074 34.9112510681152 34.9522323608398 34.9700202941895 34.9684066772461 34.9821357727051 34.9690055847168 34.9622955322266 34.9601097106934 34.9654769897461 34.9753684997559 35.0316543579102 34.9998817443848 35.0145721435547 35.0929946899414 35.069751739502 35.0488510131836 35.0395278930664 35.0365409851074 35.0337600708008 35.0532112121582 35.1050224304199 35.114933013916 35.1090278625488 35.118465423584 35.1174583435059 35.1147537231445 35.1053848266602 35.0880317687988 35.0800247192383 35.0883407592773 35.0967826843262 35.0346870422363 34.9501991271973
34.9440231323242 34.9264678955078 34.921516418457 34.9768714904785 34.9709625244141 34.9408264160156 34.9501571655273 35.0453910827637 34.9328384399414 34.9553680419922 34.9269142150879 34.9520492553711 34.9127578735352 34.9570503234863 34.9715309143066 34.9767532348633 34.9675636291504 34.961841583252 34.9583282470703 34.9574699401855 34.9575576782227 34.9584541320801 35.0280075073242 35.0511131286621 35.0375022888184 35.0164947509766 34.9872131347656 35.0597152709961 35.0711669921875 35.0448112487793 35.0352020263672 35.0305480957031 35.0284843444824 35.094539642334 35.1129989624023 35.1232299804688 35.1109504699707 35.1144027709961 35.1132392883301 35.1099548339844 35.1010856628418 35.0902557373047 35.084415435791 35.0790634155273 35.0944709777832 35.0962333679199 35.0172691345215
34.966365814209 34.9593925476074 34.9771690368652 34.9914283752441 34.9747657775879 34.9776382446289 34.9835472106934 34.9815216064453 34.9533348083496 34.9822082519531 34.9832954406738 34.9673767089844 34.9667053222656 34.9624557495117 35.0134620666504 35.0180931091309 35.0432090759277 35.0355644226074 35.0097274780273 35.0089912414551 34.9562339782715 35.0355453491211 35.0181312561035 35.0061187744141 35.0053787231445 34.9985580444336 34.9843063354492 35.0768814086914 35.065071105957 35.0474166870117 35.0379257202148 35.038459777832 35.0329093933105 35.0277519226074 35.0528335571289 35.1198387145996 35.1110458374023 35.1010055541992 35.0885810852051 35.1042671203613 35.0985450744629 35.0799713134766 35.0721893310547 35.0751724243164 35.0923118591309 35.0981483459473 35.0661773681641
34.9586143493652 34.968189239502 35.0088500976562 34.9636840820312 34.963321685791 35.0023918151855 34.9902381896973 34.9642333984375 34.9655876159668 34.9530220031738 34.958740234375 34.9817008972168 35.0050201416016 35.0229110717773 35.0478591918945 35.0176620483398 34.9959945678711 34.9901008605957 34.9961166381836 35.0194129943848 35.0309867858887 35.0254096984863 35.0045700073242 34.9908218383789 35.0170822143555 35.0448226928711 35.0968322753906 35.0681533813477 35.0528717041016 35.0469284057617 35.042163848877 35.0415458679199 35.0330009460449 35.0290184020996 35.0490493774414 35.0545425415039 35.1109657287598 35.107666015625 35.1054992675781 35.1038131713867 35.0966873168945 35.0923080444336 35.082820892334 35.0831642150879 35.0924339294434 35.0978050231934 35.0934677124023
34.9699020385742 34.9619903564453 34.9577980041504 34.9564323425293 34.9561996459961 34.9602432250977 34.9670257568359 34.974925994873 34.9771995544434 34.9712677001953 35.0233917236328 35.0152168273926 35.0023651123047 35.0171546936035 34.9993782043457 34.9907264709473 34.9838256835938 34.983814239502 34.9877700805664 34.9856948852539 34.9887466430664 35.0003051757812 34.9983673095703 34.9944763183594 35.0830993652344 35.0554275512695 35.0558013916016 35.0465621948242 35.046142578125 35.0435066223145 35.0379219055176 35.0383186340332 35.0352554321289 35.0314559936523 35.0303230285645 35.0301818847656 35.1025581359863 35.1194229125977 35.1139640808105 35.1067924499512 35.098461151123 35.0958709716797 35.092945098877 35.0931739807129 35.0952682495117 35.0978775024414 35.098258972168
34.9609718322754 34.9639129638672 35.0576133728027 35.0417671203613 34.9571723937988 35.0205612182617 34.9577369689941 34.9627838134766 34.9633979797363 35.0129165649414 35.0118141174316 35.0231323242188 35.0599670410156 35.0194702148438 35.0003204345703 35.0163230895996 35.0661201477051 35.0637092590332 35.0649681091309 35.0539588928223 34.986011505127 34.9931144714355 34.9891510009766 34.9866676330566 35.0750617980957 35.0599632263184 35.0535621643066 35.0501327514648 35.046802520752 35.0393905639648 35.0408058166504 35.0370635986328 35.035758972168 35.0363693237305 35.0349273681641 35.0328369140625 35.1004180908203 35.1195869445801 35.1107025146484 35.1064758300781 35.1027984619141 35.1000137329102 35.0977554321289 35.0970458984375 35.0967903137207 35.0974349975586 35.0978126525879
35.0977821350098 34.960334777832 35.0062065124512 35.0192832946777 34.9572715759277 34.9576148986816 34.9587440490723 34.9588928222656 34.9670753479004 35.0218200683594 35.0425491333008 35.081428527832 35.0687980651855 35.0606384277344 35.0722961425781 35.0708847045898 35.0596656799316 35.0477981567383 35.0499229431152 35.0797920227051 35.0399589538574 34.9869117736816 34.9935874938965 34.9868011474609 35.0564994812012 35.0751838684082 35.0521049499512 35.0485992431641 35.0444946289062 35.041145324707 35.040714263916 35.0363349914551 35.0389366149902 35.039192199707 35.0373344421387 35.0362281799316 35.1113967895508 35.1134910583496 35.1089401245117 35.1062240600586 35.1064796447754 35.1059684753418 35.102367401123 35.1004219055176 35.1005363464355 35.0998420715332 35.0982704162598
34.9693412780762 34.9581832885742 34.9620742797852 35.0372161865234 34.9587593078613 35.0309715270996 35.0529899597168 35.0413665771484 35.0129051208496 35.0803604125977 35.066276550293 35.0537986755371 35.0459899902344 35.0405578613281 35.0400505065918 35.0361213684082 35.0336227416992 35.032657623291 35.0382041931152 35.0454940795898 35.0714263916016 35.064338684082 34.9831199645996 34.9819717407227 35.0169486999512 35.0837364196777 35.0762214660645 35.0525856018066 35.0525779724121 35.0474548339844 35.0455856323242 35.0439567565918 35.0389060974121 35.0382843017578 35.0392913818359 35.0377540588379 35.1136283874512 35.1209182739258 35.115104675293 35.1102676391602 35.1156578063965 35.1185989379883 35.1161804199219 35.114559173584 35.113452911377 35.1125411987305 35.109260559082
35.0284614562988 35.032356262207 35.0348510742188 35.0338859558105 35.0437393188477 35.0479354858398 35.0377044677734 35.0471878051758 35.069751739502 35.0625495910645 35.049015045166 35.0403289794922 35.0372581481934 35.0302886962891 35.0273704528809 35.0241432189941 35.0223731994629 35.0256500244141 35.029239654541 35.0306091308594 35.0379905700684 35.0699234008789 35.0759086608887 35.0808753967285 35.0901527404785 35.0789375305176 35.0663261413574 35.0606651306152 35.0524864196777 35.0504684448242 35.0440216064453 35.039794921875 35.0393981933594 35.0394287109375 35.0389099121094 35.0764045715332 35.1229095458984 35.1198425292969 35.116886138916 35.1143836975098 35.1170501708984 35.1227684020996 35.124195098877 35.1218872070312 35.1178207397461 35.1165084838867 35.1142959594727
35.0369186401367 35.0290489196777 35.0309677124023 35.0395011901855 35.0481376647949 35.042308807373 35.0578002929688 35.0666999816895 35.0625953674316 35.0595626831055 35.1061172485352 35.1283149719238 35.0976676940918 35.1112976074219 35.109260559082 35.0658111572266 35.0379486083984 35.0192260742188 35.0208740234375 35.0236396789551 35.0299186706543 35.0363693237305 35.0590858459473 35.0525169372559 35.058177947998 35.0604209899902 35.0533294677734 35.0504760742188 35.0424194335938 35.0454788208008 35.0379486083984 35.0388717651367 35.0627822875977 35.0929107666016 35.1218223571777 35.132984161377 35.1302833557129 35.1252403259277 35.1207427978516 35.1184883117676 35.1181526184082 35.1208457946777 35.1241226196289 35.1210670471191 35.1128997802734 35.1108131408691 35.1109046936035
35.0295562744141 35.0213356018066 35.0325584411621 35.039134979248 35.0343132019043 35.0160102844238 35.1114196777344 35.1269035339355 35.122974395752 35.1241569519043 35.1187896728516 35.1148872375488 35.1103515625 35.1134719848633 35.1154403686523 35.1211204528809 35.123722076416 35.1245422363281 35.0825119018555 35.0204315185547 35.0249977111816 35.0305404663086 35.0358924865723 35.0460472106934 35.0472526550293 35.045238494873 35.0437278747559 35.0433654785156 35.0400238037109 35.035472869873 35.0639457702637 35.1279678344727 35.131404876709 35.1310997009277 35.1325149536133 35.1329231262207 35.1329040527344 35.1327285766602 35.1313591003418 35.1280174255371 35.1225395202637 35.1194686889648 35.117977142334 35.1130523681641 35.1063575744629 35.1033935546875 35.1046562194824
35.0136489868164 35.0182914733887 35.0092811584473 35.0354690551758 35.049991607666 35.0992889404297 35.1184158325195 35.1187858581543 35.1165504455566 35.1120338439941 35.1110305786133 35.1094932556152 35.108699798584 35.1059837341309 35.1097030639648 35.1108131408691 35.1129302978516 35.1155052185059 35.1245079040527 35.1138801574707 35.0576667785645 35.0253944396973 35.0289649963379 35.031810760498 35.0334625244141 35.0349349975586 35.0369491577148 35.0351867675781 35.0390510559082 35.0788650512695 35.1284103393555 35.129280090332 35.128604888916 35.1300964355469 35.1305084228516 35.1311378479004 35.1321449279785 35.1325035095215 35.1313858032227 35.1274375915527 35.1227607727051 35.1145057678223 35.1104049682617 35.1059532165527 35.1023139953613 35.1014099121094 35.1025047302246
35.0161476135254 35.0165557861328 35.049617767334 35.1167030334473 35.1231689453125 35.1158142089844 35.1118850708008 35.111026763916 35.1088676452637 35.1075172424316 35.107593536377 35.1072654724121 35.1048889160156 35.1032562255859 35.1018218994141 35.1010589599609 35.1011009216309 35.1026649475098 35.1089248657227 35.1185531616211 35.1273422241211 35.1057395935059 35.0606384277344 35.0932197570801 35.0939025878906 35.0778121948242 35.0962753295898 35.0963821411133 35.1198463439941 35.1303901672363 35.1272125244141 35.1261291503906 35.1275520324707 35.1274490356445 35.1277694702148 35.1287689208984 35.1297264099121 35.1300811767578 35.1282119750977 35.1252746582031 35.1225814819336 35.1156272888184 35.1078834533691 35.1038436889648 35.1045341491699 35.1046371459961 35.1039886474609
35.0424194335938 35.0556221008301 35.1219940185547 35.1251106262207 35.1153411865234 35.110538482666 35.1085472106934 35.1071968078613 35.1040344238281 35.1009407043457 35.1009864807129 35.1014556884766 35.1008148193359 35.0975952148438 35.0934066772461 35.0921669006348 35.0932540893555 35.0921249389648 35.0970230102539 35.1039352416992 35.1112861633301 35.1175689697266 35.1222648620605 35.1228523254395 35.1234283447266 35.1250839233398 35.1254501342773 35.1264610290527 35.1272659301758 35.1259613037109 35.1240043640137 35.1234741210938 35.1235885620117 35.1237258911133 35.1244812011719 35.1264381408691 35.1274261474609 35.127872467041 35.128604888916 35.1270332336426 35.1235618591309 35.1175537109375 35.1102256774902 35.1077117919922 35.1098098754883 35.1094055175781 35.107593536377
35.1178283691406 35.1315269470215 35.1315803527832 35.1225166320801 35.1117172241211 35.1080207824707 35.1061477661133 35.1031608581543 35.099666595459 35.0964164733887 35.0938148498535 35.0915794372559 35.0908050537109 35.087574005127 35.0859069824219 35.0868110656738 35.0873107910156 35.0874137878418 35.0905342102051 35.0961723327637 35.1013565063477 35.1085968017578 35.1142616271973 35.1163597106934 35.1171607971191 35.1181182861328 35.1200561523438 35.1223678588867 35.1232452392578 35.1219787597656 35.1210098266602 35.1206665039062 35.120418548584 35.1196022033691 35.1205101013184 35.1240882873535 35.1263732910156 35.1283569335938 35.1310577392578 35.1313705444336 35.1262855529785 35.1186027526855 35.11572265625 35.1134910583496 35.1113166809082 35.1086921691895 35.1055793762207
35.1337051391602 35.1337814331055 35.1313896179199 35.1206550598145 35.1109428405762 35.107421875 35.1045722961426 35.1012153625488 35.0986328125 35.0954856872559 35.0912017822266 35.0864639282227 35.0839080810547 35.0839462280273 35.0850486755371 35.0854034423828 35.086009979248 35.0866432189941 35.0889434814453 35.0922775268555 35.0966606140137 35.1019554138184 35.1047477722168 35.1065940856934 35.1077995300293 35.1102333068848 35.1140518188477 35.1185111999512 35.1197738647461 35.1190490722656 35.1183929443359 35.1169242858887 35.1156806945801 35.1139373779297 35.1160697937012 35.1232032775879 35.1287002563477 35.1318016052246 35.1330413818359 35.1313705444336 35.1274261474609 35.1253204345703 35.1226539611816 35.1164855957031 35.1108093261719 35.1064987182617 35.1032104492188
35.1339645385742 35.1327514648438 35.1279563903809 35.1197357177734 35.1132888793945 35.1100540161133 35.106315612793 35.103157043457 35.1013603210449 35.098819732666 35.0950012207031 35.0910720825195 35.0869255065918 35.0844955444336 35.0846405029297 35.085147857666 35.086009979248 35.0872993469238 35.0884895324707 35.0906410217285 35.0941162109375 35.0963134765625 35.096508026123 35.0971336364746 35.1006507873535 35.1049118041992 35.1076545715332 35.1108436584473 35.113166809082 35.1129150390625 35.110912322998 35.1098022460938 35.1098976135254 35.1105575561523 35.114860534668 35.1250267028809 35.1311721801758 35.1311912536621 35.1301116943359 35.1265640258789 35.126651763916 35.1295776367188 35.1296463012695 35.1230545043945 35.1175155639648 35.113353729248 35.1104125976562
