Ecospace-environmental-drivers/Outputs/ASCII-for-ecospace/Sal-avg/Sal-avg_X1996.04.asc
NCOLS 131 
NROWS 53 
XLLCORNER -98 
YLLCORNER 23.9265270233154 
CELLSIZE 0.133587792515755 
NODATA_value -3.4e+38 
[rows 0 to 20 of 53, columns 47 to 93 of 131]
-3.4e+38 -3.4e+38 -3.4e+38 -3.4e+38 -3.4e+38 -3.4e+38 -3.4e+38 -3.4e+38 -3.4e+38 -3.4e+38 -3.4e+38 -3.4e+38 -3.4e+38 -3.4e+38 -3.4e+38 -3.4e+38 -3.4e+38 -3.4e+38 -3.4e+38 -3.4e+38 -3.4e+38 -3.4e+38 -3.4e+38 -3.4e+38 -3.4e+38 -3.4e+38 -3.4e+38 -3.4e+38 -3.4e+38 -3.4e+38 -3.4e+38 -3.4e+38 -3.4e+38 -3.4e+38 -3.4e+38 -3.4e+38 -3.4e+38 -3.4e+38 -3.4e+38 -3.4e+38 -3.4e+38 -3.4e+38 -3.4e+38 -3.4e+38 -3.4e+38 -3.4e+38 -3.4e+38
-3.4e+38 -3.4e+38 -3.4e+38 -3.4e+38 -3.4e+38 -3.4e+38 -3.4e+38 -3.4e+38 -3.4e+38 -3.4e+38 -3.4e+38 -3.4e+38 -3.4e+38 -3.4e+38 -3.4e+38 -3.4e+38 -3.4e+38 -3.4e+38 -3.4e+38 -3.4e+38 -3.4e+38 -3.4e+38 -3.4e+38 -3.4e+38 -3.4e+38 -3.4e+38 -3.4e+38 -3.4e+38 -3.4e+38 -3.4e+38 -3.4e+38 -3.4e+38 -3.4e+38 -3.4e+38 -3.4e+38 -3.4e+38 -3.4e+38 -3.4e+38 -3.4e+38 -3.4e+38 -3.4e+38 -3.4e+38 -3.4e+38 -3.4e+38 -3.4e+38 -3.4e+38 -3.4e+38
-3.4e+38 -3.4e+38 -3.4e+38 -3.4e+38 -3.4e+38 -3.4e+38 -3.4e+38 -3.4e+38 -3.4e+38 -3.4e+38 -3.4e+38 -3.4e+38 -3.4e+38 -3.4e+38 -3.4e+38 -3.4e+38 -3.4e+38 -3.4e+38 -3.4e+38 -3.4e+38 -3.4e+38 -3.4e+38 -3.4e+38 -3.4e+38 -3.4e+38 -3.4e+38 -3.4e+38 0.788154661655426 0.724449098110199 -3.4e+38 -3.4e+38 -3.4e+38 -3.4e+38 -3.4e+38 -3.4e+38 -3.4e+38 -3.4e+38 -3.4e+38 -3.4e+38 -3.4e+38 -3.4e+38 -3.4e+38 -3.4e+38 -3.4e+38 -3.4e+38 -3.4e+38 -3.4e+38
-3.4e+38 -3.4e+38 -3.4e+38 -3.4e+38 -3.4e+38 -3.4e+38 -3.4e+38 -3.4e+38 -3.4e+38 -3.4e+38 -3.4e+38 -3.4e+38 -3.4e+38 -3.4e+38 -3.4e+38 -3.4e+38 -3.4e+38 -3.4e+38 -3.4e+38 -3.4e+38 -3.4e+38 -3.4e+38 -3.4e+38 -3.4e+38 -3.4e+38 -3.4e+38 -3.4e+38 8.58783626556396 6.94083833694458 -3.4e+38 -3.4e+38 -3.4e+38 -3.4e+38 -3.4e+38 -3.4e+38 -3.4e+38 -3.4e+38 -3.4e+38 -3.4e+38 -3.4e+38 -3.4e+38 -3.4e+38 -3.4e+38 -3.4e+38 -3.4e+38 -3.4e+38 -3.4e+38
-3.4e+38 -3.4e+38 -3.4e+38 -3.4e+38 -3.4e+38 -3.4e+38 -3.4e+38 -3.4e+38 -3.4e+38 16.6117572784424 16.6117572784424 16.566764831543 15.1484327316284 -3.4e+38 -3.4e+38 -3.4e+38 -3.4e+38 -3.4e+38 30.0582656860352 29.5516738891602 22.9150218963623 18.7308692932129 13.0874633789062 10.2755918502808 21.2915859222412 25.8512687683105 26.6756610870361 21.4703121185303 23.3289413452148 27.2795066833496 -3.4e+38 -3.4e+38 33.3259315490723 32.5597457885742 29.9486236572266 34.0083312988281 34.3673286437988 34.3420372009277 34.3860130310059 34.6215286254883 34.6088066101074 34.6952323913574 -3.4e+38 -3.4e+38 -3.4e+38 -3.4e+38 -3.4e+38
-3.4e+38 -3.4e+38 -3.4e+38 -3.4e+38 -3.4e+38 -3.4e+38 -3.4e+38 -3.4e+38 16.6117572784424 16.6117572784424 16.6117572784424 16.6117572784424 16.5217742919922 15.1154775619507 12.3447198867798 -3.4e+38 20.5064601898193 28.8803672790527 30.9806423187256 30.8203830718994 29.6580104827881 26.7769622802734 19.7369499206543 20.0523891448975 25.6079788208008 29.9603729248047 30.3425159454346 30.1123142242432 29.8569450378418 27.7644119262695 33.3155975341797 33.2984275817871 33.1817207336426 33.4976463317871 33.6110000610352 34.5254669189453 34.7043266296387 34.7802276611328 34.8075408935547 34.8343734741211 34.8229598999023 34.7181816101074 34.6309852600098 34.5918006896973 -3.4e+38 -3.4e+38 -3.4e+38
-3.4e+38 -3.4e+38 -3.4e+38 -3.4e+38 -3.4e+38 -3.4e+38 -3.4e+38 -3.4e+38 16.8682670593262 16.6117572784424 16.6117572784424 16.6117572784424 16.6117572784424 16.431791305542 15.0736427307129 12.3447198867798 14.2445793151855 26.5561771392822 30.9919490814209 32.1589546203613 32.8652954101562 32.861743927002 33.042106628418 33.133960723877 33.3107528686523 33.7704849243164 33.9198951721191 33.7409210205078 33.6694259643555 33.657585144043 33.7459716796875 33.9737892150879 34.13427734375 34.4761581420898 34.8460464477539 35.1931457519531 35.4605255126953 35.4265747070312 35.3386993408203 35.2964210510254 35.2764205932617 35.1565208435059 34.9501533508301 34.7250175476074 34.5396995544434 34.4464950561523 -3.4e+38
-3.4e+38 -3.4e+38 -3.4e+38 -3.4e+38 -3.4e+38 -3.4e+38 -3.4e+38 -3.4e+38 -3.4e+38 -3.4e+38 16.6117572784424 16.6117572784424 16.6117572784424 -3.4e+38 16.2518253326416 15.0862674713135 16.5788745880127 23.5190315246582 29.6298179626465 32.3066596984863 33.2929000854492 33.1864204406738 33.6762962341309 34.1933326721191 34.3055114746094 34.3355484008789 34.3530578613281 34.3078193664551 34.2575035095215 34.2649765014648 34.3545684814453 34.4651947021484 34.5995330810547 34.9620246887207 35.3876953125 35.898609161377 36.0441741943359 35.9537467956543 35.7933082580566 35.6868934631348 35.5857543945312 35.4590797424316 35.280948638916 35.0838737487793 34.7829933166504 34.4205284118652 34.0427551269531
-3.4e+38 -3.4e+38 -3.4e+38 -3.4e+38 -3.4e+38 -3.4e+38 -3.4e+38 -3.4e+38 -3.4e+38 -3.4e+38 -3.4e+38 -3.4e+38 -3.4e+38 -3.4e+38 16.2953300476074 16.2960300445557 20.8049583435059 22.7544860839844 27.0226650238037 32.0060539245605 33.234073638916 33.0955848693848 33.5140113830566 34.2373275756836 34.5358467102051 34.6973991394043 34.6492767333984 34.5788078308105 34.5444374084473 34.5992126464844 34.728199005127 34.7845001220703 34.9674339294434 35.5894241333008 35.9391632080078 36.0049514770508 36.0524101257324 36.0661811828613 35.9920463562012 35.8941040039062 35.796070098877 35.6809730529785 35.537239074707 35.3644523620605 35.1202125549316 34.8290519714355 34.1987953186035
18.1576976776123 -3.4e+38 -3.4e+38 -3.4e+38 -3.4e+38 -3.4e+38 -3.4e+38 -3.4e+38 -3.4e+38 -3.4e+38 26.6647834777832 23.5375003814697 -3.4e+38 -3.4e+38 -3.4e+38 22.425817489624 25.218376159668 26.1816425323486 29.299768447876 32.4974937438965 33.1814346313477 32.8777198791504 33.3852043151855 34.3404541015625 34.858512878418 35.070011138916 35.0160675048828 34.8537826538086 34.9038276672363 35.0979957580566 35.1101264953613 35.1430320739746 35.5157051086426 35.8924140930176 35.8072967529297 35.8404083251953 35.9689826965332 36.0530090332031 36.0334548950195 35.9672698974609 35.871654510498 35.747875213623 35.6434745788574 35.5142860412598 35.2992744445801 35.0585098266602 34.5520172119141
15.5650634765625 7.99174118041992 -3.4e+38 -3.4e+38 -3.4e+38 -3.4e+38 -3.4e+38 -3.4e+38 -3.4e+38 -3.4e+38 31.1504898071289 30.5514507293701 30.4632434844971 -3.4e+38 -3.4e+38 27.5931091308594 26.726245880127 27.2024536132812 30.5772132873535 32.3389282226562 32.7694358825684 32.5336494445801 33.3058280944824 34.5286254882812 35.2519874572754 35.3483734130859 35.2681007385254 35.173770904541 35.1427993774414 35.2208442687988 35.3226089477539 35.5080947875977 35.7775688171387 35.5218544006348 35.3655967712402 35.4537124633789 35.6486778259277 35.7818870544434 35.9845085144043 36.0044403076172 35.9540138244629 35.8437004089355 35.7118034362793 35.5789566040039 35.3933944702148 35.1933097839355 34.8462181091309
18.8916473388672 6.71841192245483 0.52118456363678 8.88526821136475 -3.4e+38 -3.4e+38 -3.4e+38 -3.4e+38 -3.4e+38 -3.4e+38 -3.4e+38 30.6443042755127 29.7453899383545 30.4632434844971 28.0385932922363 26.9552459716797 28.0288257598877 27.7027187347412 29.2515525817871 31.2859497070312 32.3001861572266 33.2897567749023 34.3000068664551 35.3086395263672 35.5947227478027 35.5368499755859 35.4102478027344 35.3424186706543 35.4338226318359 35.5799255371094 35.6946029663086 35.7744369506836 35.418041229248 35.0602035522461 35.0103454589844 35.0009384155273 35.0493354797363 35.2440032958984 35.5429344177246 35.838794708252 36.0042953491211 35.9679298400879 35.8330497741699 35.6926727294922 35.5378532409668 35.3083953857422 35.0869483947754
27.8880500793457 22.2952976226807 15.1999731063843 10.9346466064453 -3.4e+38 -3.4e+38 -3.4e+38 -3.4e+38 31.6571674346924 31.564826965332 31.1409034729004 30.3822231292725 30.147705078125 28.6252193450928 25.4728031158447 25.2407493591309 23.8635158538818 28.6149597167969 29.0829925537109 30.063325881958 33.7394371032715 34.9426918029785 35.5150489807129 35.7663421630859 35.7829704284668 35.7208099365234 35.8000602722168 35.9265251159668 35.9129066467285 35.8096923828125 35.5078392028809 35.1741523742676 34.9415092468262 34.9377403259277 34.9329681396484 34.9305229187012 34.985294342041 35.0370712280273 35.143424987793 35.4360733032227 35.6818466186523 35.9138565063477 35.9493865966797 35.8777160644531 35.8077087402344 35.7125053405762 35.6056137084961
30.8475914001465 29.5493392944336 28.1075782775879 26.5865535736084 27.2520065307617 29.6816005706787 30.9435749053955 31.16526222229 31.1169986724854 30.5668144226074 30.3724536895752 31.3964614868164 28.853588104248 28.016752243042 28.7683334350586 25.4689483642578 18.4648361206055 14.9008026123047 17.8710517883301 24.8159694671631 29.8544063568115 35.6488990783691 35.934757232666 35.9927825927734 35.983772277832 35.8602828979492 35.5685882568359 35.202751159668 35.0300712585449 34.9209480285645 34.9184913635254 34.9273490905762 34.9238204956055 34.9035720825195 34.9014854431152 34.9155235290527 34.9865036010742 35.0493583679199 35.096752166748 35.2786674499512 35.4500694274902 35.6253814697266 35.8291778564453 35.9626274108887 35.9985122680664 35.9803428649902 35.9216690063477
31.556079864502 31.056583404541 30.3507404327393 29.1439743041992 29.5181274414062 30.727855682373 30.906286239624 30.7049694061279 30.3968029022217 29.9966831207275 29.5286998748779 29.2330379486084 30.380687713623 32.2495880126953 33.15478515625 32.1267166137695 26.1049289703369 5.70378398895264 4.16429281234741 12.5672035217285 34.2401313781738 35.9736022949219 35.953556060791 35.3715400695801 35.0403594970703 34.9530944824219 34.9195709228516 34.9369506835938 34.943000793457 34.9608497619629 34.9614181518555 34.9622077941895 34.9574813842773 34.9205131530762 34.8984718322754 34.9204940795898 34.9765777587891 35.1218681335449 35.1406021118164 35.2388534545898 35.3954887390137 35.4721374511719 35.6613655090332 35.792594909668 35.9669952392578 36.0468368530273 36.0190238952637
32.1331825256348 31.7673511505127 31.2066898345947 30.6849498748779 31.1586112976074 31.2635650634766 31.1158924102783 30.9943447113037 30.8286819458008 30.8037223815918 30.9269142150879 31.6949615478516 33.1873359680176 34.1408767700195 35.1540489196777 35.3109245300293 33.1114692687988 21.7955169677734 30.2970867156982 33.5033264160156 35.8280067443848 35.4450645446777 35.1472358703613 34.9392547607422 34.902645111084 34.9280738830566 34.941593170166 34.9632797241211 34.9677429199219 34.9658546447754 34.9693260192871 34.9723472595215 34.9737739562988 34.9225692749023 34.8989372253418 34.9441223144531 34.984790802002 35.1045188903809 35.1415557861328 35.2427406311035 35.3715286254883 35.4419250488281 35.4934844970703 35.6949081420898 35.9067840576172 36.0086212158203 36.0659980773926
32.9234657287598 32.507926940918 32.1131286621094 31.797306060791 31.7997360229492 31.7463722229004 31.7701873779297 31.8286399841309 31.8424987792969 31.9966049194336 32.2787780761719 33.7193183898926 34.4921722412109 35.2251205444336 35.7292518615723 35.7335090637207 35.6736183166504 35.7132949829102 35.914249420166 35.5860061645508 35.0437126159668 34.9057731628418 34.9111633300781 34.9302024841309 34.9428672790527 34.9579963684082 34.960075378418 34.9645729064941 34.9707641601562 34.9744834899902 34.9768180847168 34.9677848815918 34.9565658569336 34.9229583740234 34.9077606201172 34.9438095092773 34.9927101135254 35.0651626586914 35.1626663208008 35.2429275512695 35.3089866638184 35.4247245788574 35.4823951721191 35.5711135864258 35.7473068237305 36.0038833618164 36.0679626464844
33.8634185791016 33.5264549255371 33.1284370422363 32.6906394958496 32.4040908813477 32.3908233642578 32.549259185791 32.5886497497559 32.5864448547363 32.7407569885254 33.4545097351074 35.0178298950195 35.7532157897949 35.7526435852051 35.8898811340332 35.9565162658691 35.9993858337402 35.9853286743164 35.7530708312988 35.0939025878906 34.9129371643066 34.9268798828125 34.9347534179688 34.9694328308105 34.9766311645508 34.9685821533203 34.9598960876465 34.9695129394531 34.9812240600586 34.9760627746582 34.9754943847656 34.9657020568848 34.9542465209961 34.9276008605957 34.9136505126953 34.9279937744141 34.9660949707031 35.0211372375488 35.1151123046875 35.1834411621094 35.3229713439941 35.4190826416016 35.4758911132812 35.5336303710938 35.7009468078613 35.8688278198242 36.0558013916016
34.6441459655762 34.4343910217285 34.171932220459 33.8601493835449 33.557186126709 33.3832626342773 33.3566436767578 33.4421691894531 33.7586898803711 34.255687713623 34.8963584899902 35.4229202270508 35.8923873901367 35.3560905456543 35.040714263916 35.2587089538574 35.322380065918 35.4009323120117 35.1875495910645 34.9462127685547 34.9018020629883 34.9246482849121 34.9605255126953 34.9849510192871 34.9661331176758 34.9691619873047 34.9853363037109 34.9751472473145 34.9745140075684 34.9743537902832 35.0067176818848 34.984447479248 34.9651985168457 34.9294662475586 34.9233512878418 34.9099082946777 34.9381713867188 34.9602355957031 35.0015449523926 35.0937728881836 35.2086372375488 35.2679634094238 35.3999252319336 35.5323753356934 35.6567039489746 35.7661247253418 35.9397850036621
35.1922073364258 35.2234115600586 35.1257629394531 34.9509696960449 34.7406005859375 34.5080337524414 34.4617958068848 34.6029052734375 34.8702430725098 35.2449607849121 35.6208763122559 35.7562599182129 36.0076217651367 35.6890754699707 35.0593872070312 34.8892097473145 34.8908958435059 34.8939094543457 34.8882751464844 34.8946228027344 34.9265327453613 34.9401664733887 34.964225769043 34.9862442016602 34.9646606445312 34.9716339111328 34.9757270812988 34.9689903259277 34.9694023132324 34.9695930480957 35.0424423217773 35.0426864624023 34.9733467102051 34.9516448974609 34.9316368103027 34.9253692626953 34.9281387329102 34.9259414672852 34.9231414794922 34.9413642883301 35.007625579834 35.1316795349121 35.1952285766602 35.2974395751953 35.4936332702637 35.5982284545898 35.7366905212402
35.7217483520508 35.8071365356445 35.8247032165527 35.8080406188965 35.791820526123 35.7614784240723 35.7274703979492 35.7582626342773 35.8579521179199 36.0056495666504 36.1196098327637 36.1798400878906 36.117317199707 35.6442451477051 35.0008430480957 34.9079627990723 34.9287185668945 34.9268455505371 34.9199295043945 34.9302253723145 34.9372062683105 34.9610443115234 34.9804916381836 34.9715728759766 34.9617156982422 34.9661178588867 34.9750747680664 34.9721336364746 34.9677734375 34.9680480957031 35.0380401611328 35.0408897399902 35.0258522033691 34.9981956481934 34.9699859619141 34.959041595459 34.9513702392578 34.938102722168 34.8950004577637 34.8878707885742 34.9003639221191 34.9310111999512 34.9934234619141 35.0517578125 35.0578498840332 35.2333297729492 35.3888816833496
