Ecospace-environmental-drivers/Outputs/ASCII-for-ecospace/Sal-avg/Sal-avg_X2002.05.asc
NCOLS 131 
NROWS 53 
XLLCORNER -98 
YLLCORNER 23.9265270233154 
CELLSIZE 0.133587792515755 
NODATA_value -3.4e+38 
[rows 21 to 41 of 53, columns 0 to 46 of 131]
-3.4e+38 -3.4e+38 -3.4e+38 -3.4e+38 -3.4e+38 -3.4e+38 32.8689002990723 32.6313285827637 32.3053169250488 31.6516819000244 31.9855461120605 32.6409759521484 33.3168106079102 33.5366096496582 33.6590614318848 33.8541488647461 34.0908851623535 34.3052749633789 34.5452194213867 34.7732124328613 34.9471130371094 35.1065711975098 35.2233619689941 35.2512702941895 35.2985954284668 35.3090438842773 35.3195190429688 35.3944282531738 35.4689025878906 35.6313934326172 35.6873779296875 35.6267242431641 35.543888092041 35.6007614135742 35.786563873291 35.9617385864258 36.0320892333984 35.9921798706055 35.9466285705566 35.9403190612793 35.9726448059082 35.9840316772461 36.0344352722168 36.0892524719238 36.1124305725098 36.1208114624023 36.146183013916
-3.4e+38 -3.4e+38 -3.4e+38 -3.4e+38 -3.4e+38 -3.4e+38 33.0634422302246 32.9119262695312 32.6313285827637 32.6329383850098 33.0244064331055 33.5602226257324 33.8520660400391 34.0894432067871 34.3515090942383 34.5277786254883 34.5966987609863 34.7092552185059 34.8978462219238 35.1547088623047 35.4957618713379 35.7569274902344 35.9013519287109 35.9301795959473 35.9206657409668 35.8322067260742 35.8640251159668 35.9998321533203 35.9890594482422 35.975341796875 35.9422416687012 36.0518989562988 36.1447372436523 36.2073707580566 36.2928428649902 36.2832450866699 36.2477035522461 36.2177276611328 36.2064323425293 36.215991973877 36.2449989318848 36.2532691955566 36.2471885681152 36.2684173583984 36.2962532043457 36.2868843078613 36.2871627807617
-3.4e+38 -3.4e+38 -3.4e+38 -3.4e+38 33.5286102294922 33.3145523071289 33.2332153320312 33.0634422302246 33.0410079956055 33.2771339416504 33.788013458252 34.128173828125 34.4963073730469 34.9320335388184 35.137996673584 35.0083503723145 35.0624923706055 35.1789588928223 35.4863891601562 35.9629325866699 36.1913414001465 36.1655311584473 36.036075592041 35.9323616027832 36.0003814697266 35.92529296875 35.9486541748047 36.0882148742676 36.2144470214844 36.161678314209 36.2862243652344 36.3226852416992 36.3277587890625 36.1970825195312 36.346118927002 36.2504081726074 36.1308250427246 36.0985488891602 35.925220489502 35.5209083557129 35.569896697998 35.5995330810547 35.8965911865234 35.6476974487305 35.8135833740234 35.8781814575195 35.9791145324707
-3.4e+38 -3.4e+38 -3.4e+38 -3.4e+38 33.7133941650391 33.5578880310059 33.3145523071289 33.321647644043 33.4927291870117 33.9365272521973 34.2731971740723 34.7960739135742 35.303825378418 35.6427993774414 35.8204689025879 35.833137512207 35.8370780944824 35.792911529541 35.8047409057617 35.6708869934082 35.3812484741211 35.2002754211426 35.2343406677246 35.2829551696777 35.3302955627441 35.3347473144531 35.4007034301758 35.3203392028809 35.4373054504395 35.3995971679688 35.5128707885742 35.7449226379395 35.8105316162109 35.9469871520996 36.0772857666016 36.0124168395996 36.0399208068848 35.8233108520508 35.4661712646484 35.1074981689453 35.1210289001465 35.1604385375977 35.1801567077637 35.1154708862305 35.0751075744629 35.1280860900879 35.0364570617676
-3.4e+38 -3.4e+38 -3.4e+38 -3.4e+38 -3.4e+38 33.7133941650391 33.6457176208496 33.627140045166 33.9146041870117 34.3146514892578 34.8815803527832 35.4821395874023 35.8279418945312 36.106330871582 36.2257461547852 36.142032623291 35.6235198974609 35.1817359924316 35.0949554443359 34.9860534667969 34.9487762451172 34.9280624389648 34.9278182983398 34.9377479553223 34.9663352966309 34.959789276123 34.9608879089355 34.9810409545898 34.9350090026855 34.9541282653809 34.9866714477539 35.1140213012695 35.2210426330566 35.5101547241211 35.5608901977539 35.550220489502 35.4235305786133 35.1891174316406 34.9449577331543 34.9186134338379 34.9573249816895 34.9607238769531 34.942024230957 34.9316673278809 34.8896408081055 34.8938751220703 34.9095077514648
-3.4e+38 -3.4e+38 -3.4e+38 -3.4e+38 -3.4e+38 34.0041809082031 33.9077911376953 33.9040679931641 34.230297088623 34.709156036377 35.4217948913574 35.8393211364746 36.1622200012207 36.2615165710449 35.9966583251953 35.5207252502441 35.086009979248 34.9574508666992 34.9399147033691 34.9350128173828 34.9548416137695 34.952033996582 34.9568748474121 34.9275856018066 34.953239440918 34.9283828735352 34.9315223693848 34.9424247741699 34.9288940429688 34.9619522094727 34.9306182861328 34.9126319885254 34.9898948669434 35.0747566223145 35.0104484558105 35.0152893066406 34.9746017456055 35.0154304504395 34.9605140686035 34.9609642028809 34.9171409606934 34.9458122253418 34.9040260314941 34.9065093994141 34.9056091308594 34.8984413146973 34.9380798339844
-3.4e+38 -3.4e+38 34.9021263122559 34.8729858398438 34.4839363098145 34.2522315979004 34.0927391052246 34.137092590332 34.515552520752 35.0992965698242 35.7051429748535 36.1342620849609 36.271614074707 35.9826965332031 35.4332962036133 35.2337608337402 34.9747352600098 34.9463539123535 34.950611114502 34.9507026672363 34.9476318359375 34.9486351013184 34.9516868591309 34.9551658630371 34.9521293640137 34.9442176818848 34.9728240966797 34.9719772338867 34.9743690490723 34.9395370483398 34.9273643493652 34.9370536804199 34.9130668640137 34.944652557373 34.9210014343262 34.9451942443848 34.9359931945801 34.9462661743164 34.950382232666 34.9761734008789 34.9527931213379 34.9442939758301 34.9594268798828 34.9645004272461 34.9419860839844 34.9414558410645 34.9714164733887
-339999999999999996128486808808066248288.000000000000000 -3.4e+38 -3.4e+38 -3.4e+38 34.8438415527344 34.4173049926758 34.241325378418 34.3452262878418 34.7755813598633 35.4248962402344 35.9947204589844 36.2671203613281 36.1062355041504 35.4669075012207 35.2180519104004 35.0396842956543 34.9366188049316 34.9454536437988 34.9401626586914 34.9535980224609 34.9388313293457 34.9496994018555 34.950927734375 34.9487953186035 34.9378204345703 34.938102722168 34.9736824035645 34.9388961791992 34.9921989440918 34.9479484558105 34.9481658935547 34.9706802368164 34.9216461181641 34.9157829284668 34.9245796203613 34.9406700134277 34.934440612793 34.9493446350098 34.9401626586914 34.9395599365234 34.9744873046875 34.9687385559082 34.9688148498535 34.961067199707 34.9779968261719 34.9848098754883 34.9734153747559
-3.4e+38 -3.4e+38 -3.4e+38 -3.4e+38 34.7523918151855 34.5028076171875 34.3800849914551 34.5035743713379 34.9639358520508 35.6379432678223 36.1931533813477 36.2597999572754 35.7363128662109 35.2387008666992 34.9902534484863 34.9311180114746 34.9107666015625 34.9338493347168 34.9335746765137 34.9346923828125 34.9580764770508 34.9678726196289 34.970516204834 34.9753074645996 34.9817237854004 34.9633140563965 35.0130424499512 34.9824714660645 35.0212478637695 34.932014465332 34.9309730529785 34.9276313781738 34.9715995788574 34.9470100402832 34.9505043029785 34.9936141967773 34.9699211120605 34.9829711914062 34.9843902587891 34.9926261901855 34.9761047363281 34.9646263122559 34.9694633483887 34.9782485961914 34.9745826721191 34.9921073913574 34.991886138916
-3.4e+38 -3.4e+38 -3.4e+38 -3.4e+38 34.7184295654297 34.6098899841309 34.5166130065918 34.5863800048828 35.0391311645508 35.7040824890137 36.2572402954102 36.1172142028809 35.3792495727539 35.0811538696289 34.9317932128906 34.9210968017578 34.9342575073242 34.9333801269531 34.9752578735352 34.9713172912598 34.9784698486328 34.966136932373 34.9573287963867 34.9576606750488 35.0303421020508 34.9768409729004 34.9611587524414 35.0343780517578 35.0357818603516 34.9948768615723 34.9237251281738 34.9606399536133 34.9735145568848 34.9659729003906 35.0026435852051 34.9935111999512 34.9884910583496 34.9756546020508 34.988525390625 34.9747276306152 34.9819488525391 34.9771003723145 34.9744491577148 34.9736022949219 34.9742813110352 34.9747123718262 34.9742965698242
-3.4e+38 -3.4e+38 -3.4e+38 -3.4e+38 35.0117721557617 34.6967964172363 34.6410522460938 34.645751953125 35.0013198852539 35.619197845459 36.2476615905762 36.0445251464844 35.3000869750977 35.0063056945801 34.9203071594238 34.9382286071777 34.950008392334 34.9605598449707 34.9745330810547 34.9898452758789 34.9850158691406 34.9910545349121 34.9669075012207 34.9662742614746 34.9860687255859 34.9672164916992 34.9337196350098 34.9497146606445 35.0037498474121 34.9743919372559 35.0054588317871 34.9962921142578 34.9770889282227 34.9840316772461 34.9802589416504 34.9691619873047 34.9715347290039 34.9735527038574 34.9826469421387 34.9800834655762 34.9724464416504 34.9674758911133 34.9704742431641 34.9717712402344 34.9739570617676 34.9702644348145 34.9687423706055
-3.4e+38 -3.4e+38 -3.4e+38 -3.4e+38 34.871150970459 34.6899757385254 34.7468299865723 34.7220649719238 34.910514831543 35.3961296081543 36.0796394348145 36.2226295471191 35.390811920166 34.9573822021484 34.9140853881836 34.9416732788086 34.9875831604004 34.9753646850586 34.9744186401367 34.9892730712891 34.9779205322266 34.9754981994629 34.9750366210938 34.9910774230957 34.9514083862305 34.9628601074219 34.9646377563477 34.9698257446289 34.9671363830566 34.962028503418 35.0087966918945 34.9712829589844 34.9684944152832 34.990421295166 35.0018539428711 35.0011291503906 34.9987144470215 34.9913177490234 34.9719505310059 34.9699974060059 34.9694290161133 34.9699974060059 35.0565567016602 34.9735412597656 34.9725494384766 34.9755706787109 34.9741821289062
-3.4e+38 -3.4e+38 -3.4e+38 -3.4e+38 34.8911590576172 34.675895690918 34.8218879699707 34.7385787963867 34.8347930908203 35.0533599853516 35.6597633361816 36.1720886230469 35.7278480529785 34.9602279663086 34.920352935791 34.9311599731445 34.9915008544922 34.974666595459 34.9878158569336 34.981803894043 34.9733695983887 34.970329284668 34.9714088439941 34.9710502624512 34.9814796447754 35.0227966308594 35.0191345214844 34.9749069213867 35.0031433105469 35.0017890930176 35.002628326416 34.975944519043 34.9824333190918 34.9748268127441 34.970027923584 34.9752159118652 34.9657096862793 34.9645767211914 34.9635963439941 35.0422248840332 34.9806671142578 34.9995040893555 35.0744972229004 35.1139144897461 35.0550765991211 34.9702033996582 34.994743347168
-3.4e+38 -3.4e+38 -3.4e+38 -3.4e+38 -3.4e+38 34.6037139892578 34.8272590637207 34.7704238891602 34.7845077514648 34.8573226928711 35.1834831237793 35.8247718811035 36.0189323425293 34.9934196472168 34.9181900024414 34.9259986877441 34.9883041381836 34.977611541748 34.9801750183105 34.979907989502 34.9742813110352 34.9702491760254 34.9692420959473 34.96826171875 34.9691848754883 35.031566619873 35.0079078674316 34.9596138000488 34.9737319946289 34.981876373291 34.973705291748 34.9709053039551 34.9691200256348 34.9714317321777 35.0059394836426 34.9765357971191 34.9654960632324 34.9677772521973 34.9679870605469 34.9716644287109 35.0208969116211 35.0734558105469 35.074520111084 34.9781188964844 35.0879516601562 35.0627136230469 35.0393524169922
-3.4e+38 -3.4e+38 -3.4e+38 -3.4e+38 -3.4e+38 26.74045753479 34.743522644043 34.8597297668457 34.8786010742188 34.9157752990723 35.074146270752 35.585205078125 36.0151977539062 35.0230178833008 34.9172706604004 34.9284400939941 34.9494895935059 34.9853668212891 34.982593536377 34.9802093505859 34.9754753112793 34.9774780273438 35.0141410827637 35.0006828308105 35.0068664550781 35.0797080993652 35.0564842224121 35.0409126281738 35.0487098693848 34.9931259155273 34.969425201416 34.9667778015137 34.9665985107422 34.9717597961426 35.0518569946289 35.0466842651367 34.9955863952637 34.967601776123 34.9697761535645 34.9696769714355 34.9673614501953 35.0968704223633 35.1013298034668 35.058895111084 35.0361251831055 35.0208473205566 35.0043563842773
-3.4e+38 -3.4e+38 -3.4e+38 -3.4e+38 -3.4e+38 27.1378707885742 34.8610916137695 34.9221649169922 34.9187469482422 34.9710464477539 35.1046409606934 35.577392578125 35.9528999328613 34.9628868103027 34.9320182800293 34.9318695068359 34.9296836853027 34.9477081298828 34.983081817627 34.9712562561035 34.9679832458496 34.9988327026367 35.0022201538086 35.0348472595215 35.0443458557129 35.045825958252 35.0452880859375 35.0424880981445 35.040714263916 35.0665702819824 35.0685195922852 35.0676612854004 35.0418548583984 35.0389938354492 35.0650215148926 35.0621566772461 35.0317916870117 35.0275115966797 35.0572624206543 35.0497741699219 35.0686073303223 35.0691947937012 35.0575523376465 35.034366607666 35.0097808837891 34.9928283691406 35.0056991577148
-3.4e+38 -3.4e+38 -3.4e+38 -3.4e+38 -3.4e+38 -3.4e+38 35.1066627502441 35.0145378112793 34.9651222229004 35.031982421875 35.2250862121582 35.6558113098145 35.9901962280273 35.0167236328125 34.9370651245117 34.9420928955078 34.9290657043457 34.9520835876465 34.9856910705566 34.9654922485352 34.9689750671387 35.0100326538086 35.0258827209473 35.0506324768066 35.090217590332 35.0973510742188 35.0593795776367 35.1009521484375 35.1271095275879 35.1280899047852 35.1268501281738 35.1270179748535 35.1281204223633 35.1273727416992 35.1235466003418 35.1163635253906 35.1086807250977 35.0653495788574 35.023853302002 35.0185585021973 35.0149307250977 35.0098304748535 35.0006980895996 35.0154571533203 35.0171546936035 34.997257232666 34.9828071594238
-3.4e+38 -3.4e+38 -3.4e+38 -3.4e+38 -3.4e+38 -3.4e+38 35.2234725952148 35.107738494873 35.0307273864746 35.1308822631836 35.4125480651855 35.7918319702148 35.8801765441895 35.044376373291 34.9234428405762 34.9324951171875 34.9221267700195 34.933910369873 34.9706115722656 34.9636688232422 35.0206184387207 35.022647857666 35.041820526123 35.078125 35.1260528564453 35.1232414245605 35.1233215332031 35.1171607971191 35.1142654418945 35.1131362915039 35.1106910705566 35.1090927124023 35.111686706543 35.1123390197754 35.1078834533691 35.1020126342773 35.0986289978027 35.0983543395996 35.0927619934082 35.0821075439453 35.0477104187012 35.0341377258301 35.023250579834 35.0316886901855 35.0319023132324 35.0450706481934 35.0124816894531
-3.4e+38 -3.4e+38 -3.4e+38 -3.4e+38 -3.4e+38 -3.4e+38 35.2967910766602 35.1545639038086 35.1581726074219 35.3261756896973 35.5448532104492 35.9426803588867 35.799503326416 34.9940452575684 34.9244384765625 34.9286041259766 34.9299964904785 34.948169708252 34.9716567993164 35.0010070800781 35.0321578979492 35.0484275817871 35.0987396240234 35.1144943237305 35.1018295288086 35.0969505310059 35.0970764160156 35.0945625305176 35.0905838012695 35.0885391235352 35.0882301330566 35.0897216796875 35.0940475463867 35.098274230957 35.096492767334 35.0904922485352 35.0875930786133 35.0894432067871 35.0926475524902 35.0944519042969 35.0954627990723 35.0893135070801 35.0778503417969 35.0508003234863 35.064582824707 35.0937156677246 35.085319519043
-3.4e+38 -3.4e+38 -3.4e+38 -3.4e+38 -3.4e+38 35.5113334655762 35.3086204528809 35.2334175109863 35.3619918823242 35.5428314208984 35.7292823791504 36.1267585754395 35.5891571044922 34.9460830688477 34.931526184082 34.9222946166992 34.9221801757812 34.9412803649902 34.9690475463867 35.0053596496582 35.042423248291 35.0962562561035 35.1135330200195 35.0962066650391 35.0862922668457 35.0819206237793 35.0783271789551 35.0748901367188 35.0714111328125 35.0697631835938 35.0704727172852 35.0736656188965 35.0773277282715 35.0817337036133 35.0842819213867 35.0813827514648 35.0797080993652 35.0811500549316 35.0838050842285 35.0868453979492 35.0892219543457 35.0930252075195 35.0955924987793 35.1011772155762 35.0955085754395 35.1001129150391 35.1010818481445
-3.4e+38 -3.4e+38 -3.4e+38 -3.4e+38 35.8641471862793 35.5940208435059 35.3358039855957 35.390209197998 35.564151763916 35.7454376220703 36.0751342773438 36.1810493469238 35.3011283874512 34.9441947937012 34.9274597167969 34.924446105957 34.9230766296387 34.9458160400391 34.9714584350586 34.987621307373 35.0779495239258 35.1148796081543 35.0939102172852 35.0808753967285 35.0756797790527 35.0706214904785 35.0658187866211 35.0626602172852 35.0606498718262 35.0603942871094 35.0610694885254 35.0642623901367 35.0673675537109 35.0694007873535 35.0715141296387 35.0716667175293 35.0720481872559 35.0728950500488 35.0743789672852 35.0770721435547 35.0799446105957 35.0854911804199 35.0930633544922 35.0979766845703 35.10009765625 35.103401184082 35.1029739379883
