Ecospace-environmental-drivers/Outputs/ASCII-for-ecospace/Sal-avg/Sal-avg_X1996.08.asc
NCOLS 131 
NROWS 53 
XLLCORNER -98 
YLLCORNER 23.9265270233154 
CELLSIZE 0.133587792515755 
NODATA_value -3.4e+38 
[rows 21 to 41 of 53, columns 0 to 46 of 131]
-3.4e+38 -3.4e+38 -3.4e+38 -3.4e+38 -3.4e+38 -3.4e+38 34.5079193115234 34.514217376709 34.4894638061523 34.4592437744141 34.4592094421387 34.4822578430176 34.6224822998047 34.7370986938477 34.8326225280762 34.9347381591797 35.0254707336426 35.1699905395508 35.3567161560059 35.5696830749512 35.6927070617676 35.7501258850098 35.8426055908203 35.8569641113281 35.88623046875 35.8751258850098 35.8001670837402 35.800666809082 35.8983268737793 36.0364112854004 36.1528434753418 36.1690330505371 36.1217727661133 36.1152420043945 36.1819190979004 36.2641677856445 36.3082618713379 36.2994384765625 36.282543182373 36.2751197814941 36.2735443115234 36.2432022094727 36.223876953125 36.2160758972168 36.2126770019531 36.211353302002 36.2070999145508
-3.4e+38 -3.4e+38 -3.4e+38 -3.4e+38 -3.4e+38 -3.4e+38 34.4962577819824 34.5132827758789 34.514217376709 34.4949340820312 34.5475692749023 34.7577705383301 35.012451171875 35.2801933288574 35.4936370849609 35.6478424072266 35.7516708374023 35.8933258056641 36.0040245056152 36.0708045959473 36.1292686462402 36.2089653015137 36.2594337463379 36.2685852050781 36.2530136108398 36.192455291748 36.1405906677246 36.176586151123 36.2030448913574 36.2464256286621 36.2899894714355 36.3186073303223 36.3421287536621 36.3557968139648 36.3910636901855 36.4019165039062 36.3941268920898 36.3729438781738 36.3511657714844 36.2874069213867 36.3235282897949 36.320499420166 36.2454719543457 36.2768440246582 36.2933120727539 36.2484931945801 36.2353820800781
-3.4e+38 -3.4e+38 -3.4e+38 -3.4e+38 34.6296882629395 34.5029029846191 34.5264167785645 34.4962577819824 34.5293731689453 34.6342086791992 34.8904647827148 35.2291069030762 35.6895027160645 36.0369606018066 36.2122192382812 36.2660636901855 36.2854461669922 36.2978973388672 36.3050308227539 36.3280410766602 36.2657051086426 36.1501655578613 35.980827331543 35.8712577819824 35.9511184692383 35.8579216003418 35.8998107910156 36.0512924194336 36.1895599365234 36.1224975585938 36.2560348510742 36.3037147521973 36.3347015380859 36.2008056640625 36.3623237609863 36.2876892089844 36.1562080383301 36.1745491027832 35.9185218811035 35.4465103149414 35.4793357849121 35.5002250671387 35.7868690490723 35.5449714660645 35.7249603271484 35.7588539123535 35.8745994567871
-3.4e+38 -3.4e+38 -3.4e+38 -3.4e+38 34.7412490844727 34.6449165344238 34.5029029846191 34.5800895690918 34.7056503295898 34.9665184020996 35.3253593444824 35.838134765625 36.1960716247559 36.3433952331543 36.3680725097656 36.3592987060547 36.3005638122559 36.024112701416 35.8481140136719 35.5815162658691 35.2878112792969 35.109790802002 35.1296043395996 35.1505584716797 35.185245513916 35.1634979248047 35.2729988098145 35.1988105773926 35.3377265930176 35.2777862548828 35.3842811584473 35.5837135314941 35.686466217041 35.8140716552734 35.9827919006348 35.899169921875 35.9841423034668 35.7446784973145 35.3963813781738 35.0697860717773 35.1087455749512 35.146556854248 35.1745071411133 35.1177215576172 35.066822052002 35.1081428527832 35.0208129882812
-3.4e+38 -3.4e+38 -3.4e+38 -3.4e+38 -3.4e+38 34.7412490844727 34.690601348877 34.7271881103516 34.9574432373047 35.305534362793 35.8232688903809 36.196159362793 36.3509140014648 36.3259773254395 36.2168617248535 35.9515609741211 35.4613189697266 35.0829925537109 35.0352897644043 34.9721145629883 34.931884765625 34.9064750671387 34.9085960388184 34.918342590332 34.9518852233887 34.9397659301758 34.9430541992188 34.974365234375 34.9660263061523 34.9710502624512 34.9749374389648 35.0330009460449 35.0843925476074 35.3537330627441 35.3710289001465 35.4062423706055 35.2876739501953 35.1008415222168 34.9316368103027 34.9106254577637 34.9508018493652 34.9560012817383 34.9311904907227 34.9355049133301 34.9145011901855 34.9307746887207 34.9188652038574
-3.4e+38 -3.4e+38 -3.4e+38 -3.4e+38 -3.4e+38 34.8956871032715 34.7727203369141 34.9619827270508 35.2394485473633 35.6825904846191 36.1165618896484 36.3140907287598 36.3118438720703 36.1164245605469 35.7228469848633 35.3168449401855 35.0170516967773 34.923656463623 34.9172286987305 34.9260368347168 34.937328338623 34.9295463562012 34.9358253479004 34.9076614379883 34.9388236999512 34.9145355224609 34.912296295166 34.9265403747559 34.922664642334 34.9421768188477 34.9130516052246 34.9189033508301 34.9622611999512 35.0011787414551 34.9537620544434 34.9711532592773 34.9398155212402 34.8942718505859 34.9166488647461 34.9258880615234 34.9056816101074 34.9247779846191 34.8951454162598 34.8919219970703 34.8986129760742 34.9034881591797 34.9281234741211
-3.4e+38 -3.4e+38 35.3960990905762 35.3865394592285 35.1411399841309 34.9779891967773 34.9117393493652 35.1726913452148 35.4989242553711 35.9210968017578 36.2495994567871 36.3233604431152 36.1739616394043 35.7080421447754 35.2518310546875 35.0748558044434 34.9262351989746 34.9386749267578 34.945255279541 34.9447631835938 34.9335327148438 34.9296340942383 34.9273262023926 34.9287490844727 34.9257698059082 34.921802520752 34.9736785888672 34.9866828918457 34.9787864685059 34.9297142028809 34.916446685791 34.9326972961426 34.9113655090332 34.9281921386719 34.9220962524414 34.9244155883789 34.9215087890625 34.9069175720215 34.9221229553223 34.938045501709 34.9238777160645 34.919548034668 34.936824798584 34.9446601867676 34.9265899658203 34.9297676086426 34.9524383544922
-339999999999999996128486808808066248288.000000000000000 -3.4e+38 -3.4e+38 -3.4e+38 35.3769798278809 35.0589370727539 35.0367279052734 35.3508415222168 35.6931343078613 36.0754623413086 36.3046760559082 36.2742538452148 35.8360290527344 35.2984733581543 35.0763511657715 34.9652481079102 34.9220809936523 34.9420280456543 34.941722869873 34.9461631774902 34.9339447021484 34.9408836364746 34.9355201721191 34.932445526123 34.9205589294434 34.9203720092773 34.9595336914062 34.9297218322754 35.0072212219238 34.9500274658203 34.9268684387207 34.9487648010254 34.9219169616699 34.9198303222656 34.9293403625488 34.931095123291 34.9323539733887 34.935977935791 34.9279441833496 34.9214897155762 34.9524116516113 34.954158782959 34.9610481262207 34.954963684082 34.9682922363281 34.9688873291016 34.9597549438477
-3.4e+38 -3.4e+38 -3.4e+38 -3.4e+38 35.3459854125977 35.108325958252 35.1919822692871 35.513843536377 35.8370742797852 36.1527290344238 36.3156967163086 36.1611022949219 35.462760925293 35.1020545959473 34.9391975402832 34.904109954834 34.9016876220703 34.9298095703125 34.9315643310547 34.9219779968262 34.9441795349121 34.9563140869141 34.9480285644531 34.948184967041 34.949146270752 34.9421768188477 35.0071640014648 34.9752044677734 35.0287399291992 34.9291229248047 34.9214820861816 34.9232902526855 34.9593467712402 34.9286079406738 34.9380378723145 34.9697456359863 34.9555625915527 34.9686126708984 34.9632835388184 34.967456817627 34.9628715515137 34.9620819091797 34.9702568054199 34.9814491271973 34.9690284729004 35.0131416320801 34.9864044189453
-3.4e+38 -3.4e+38 -3.4e+38 -3.4e+38 35.3694686889648 35.2211532592773 35.2446403503418 35.583080291748 35.9130058288574 36.1818046569824 36.3073806762695 35.9464302062988 35.2236938476562 35.010124206543 34.9169464111328 34.9185943603516 34.9317817687988 34.9292831420898 34.9516677856445 34.9505424499512 34.9680213928223 34.9510917663574 34.9385871887207 34.9389343261719 35.0244483947754 34.9571838378906 34.9482841491699 35.0617713928223 35.0602264404297 34.9959297180176 34.918212890625 34.9491577148438 34.962718963623 34.9525985717773 34.9775238037109 34.9731750488281 34.9658699035645 34.9613952636719 34.9685249328613 34.9567108154297 34.9719505310059 34.9795379638672 34.976448059082 34.9756317138672 34.9710006713867 34.9712028503418 34.9727973937988
-3.4e+38 -3.4e+38 -3.4e+38 -3.4e+38 35.7229804992676 35.3754920959473 35.2669105529785 35.5505714416504 35.9146499633789 36.1673164367676 36.294563293457 35.9303359985352 35.1573638916016 34.9772186279297 34.920524597168 34.9349021911621 34.9343452453613 34.9400253295898 34.9490509033203 34.9896049499512 34.9750175476074 34.9651145935059 34.9477958679199 34.9480209350586 34.9740905761719 34.9517822265625 34.9193420410156 34.9448661804199 35.005931854248 34.9580307006836 35.0069313049316 34.9941215515137 34.9584732055664 34.963623046875 34.9630966186523 34.9607353210449 34.9616622924805 34.9591293334961 34.9722099304199 34.9756278991699 34.9706802368164 34.9651985168457 34.9646263122559 34.9616775512695 34.9661979675293 34.963264465332 34.9606666564941
-3.4e+38 -3.4e+38 -3.4e+38 -3.4e+38 35.6118621826172 35.5056114196777 35.3215103149414 35.4634056091309 35.8102874755859 36.1047744750977 36.2716026306152 36.1891593933105 35.2339096069336 34.9454498291016 34.9262924194336 34.9378471374512 34.9594802856445 34.9547882080078 34.9632797241211 34.9905967712402 34.9704818725586 34.9645309448242 34.9631538391113 34.9726943969727 34.9438171386719 34.9481163024902 34.9476776123047 34.9529495239258 34.9525527954102 34.9531784057617 35.0168762207031 34.955249786377 34.9529457092285 34.9729843139648 34.9922904968262 34.9857292175293 34.9966430664062 34.9862022399902 34.9675178527832 34.9705657958984 34.9620132446289 34.960807800293 35.0452156066895 34.959041595459 34.9571380615234 34.9548873901367 34.9548492431641
-3.4e+38 -3.4e+38 -3.4e+38 -3.4e+38 35.6085777282715 35.6003608703613 35.4748382568359 35.4542655944824 35.6735000610352 35.9419631958008 36.1622619628906 36.2674255371094 35.5768432617188 34.941535949707 34.9382362365723 34.9348602294922 34.9621887207031 34.9583778381348 34.9870071411133 34.9799308776855 34.9682121276855 34.9634742736816 34.9607238769531 34.9603004455566 34.9690399169922 34.972770690918 34.9793395996094 34.9619331359863 34.9809875488281 34.9933013916016 34.9962615966797 34.966609954834 34.9731063842773 34.9703521728516 34.9647941589355 34.9645462036133 34.9643516540527 34.9644508361816 34.9606704711914 35.0617370605469 34.9700241088867 34.9816360473633 35.0471115112305 35.0748443603516 35.0212821960449 34.9545669555664 34.9699401855469
-3.4e+38 -3.4e+38 -3.4e+38 -3.4e+38 -3.4e+38 35.6476898193359 35.6074523925781 35.4874382019043 35.65576171875 35.9042320251465 36.0422630310059 36.1669158935547 35.941780090332 34.9701805114746 34.9399375915527 34.9338340759277 34.9622192382812 34.9587135314941 34.9811172485352 34.9756851196289 34.9651756286621 34.9595031738281 34.9591026306152 34.9609260559082 34.9605255126953 34.9881553649902 34.9734535217285 34.9551811218262 34.9624290466309 34.9698753356934 34.9692726135254 34.9681358337402 34.9642028808594 34.9584083557129 34.9752044677734 34.9553146362305 34.9563407897949 34.955982208252 34.9597930908203 34.961238861084 35.0162811279297 35.0533981323242 35.0390548706055 34.9605178833008 35.0219688415527 35.0145378112793 34.9845275878906
-3.4e+38 -3.4e+38 -3.4e+38 -3.4e+38 -3.4e+38 32.2367172241211 35.6771125793457 35.5350189208984 35.6778373718262 35.9079475402832 36.022834777832 36.1482238769531 35.9956741333008 35.0039253234863 34.9370155334473 34.9408073425293 34.9523658752441 34.9637794494629 34.9820709228516 34.9737663269043 34.963737487793 34.9612236022949 34.9713325500488 34.9669952392578 34.9709968566895 35.0483093261719 35.0205192565918 34.9684791564941 34.9873008728027 34.9630317687988 34.955379486084 34.9548301696777 34.9561462402344 34.9576187133789 35.0342979431152 34.9914360046387 34.9729690551758 34.9585571289062 34.958309173584 34.9569358825684 34.9553642272949 35.0597763061523 35.0285606384277 34.9771194458008 34.974536895752 34.9691619873047 34.9716567993164
-3.4e+38 -3.4e+38 -3.4e+38 -3.4e+38 -3.4e+38 31.7595348358154 35.751148223877 35.5986251831055 35.6785697937012 35.896656036377 36.0825996398926 36.2537956237793 35.8372993469238 34.9640083312988 34.9422607421875 34.9424171447754 34.9438362121582 34.9481544494629 34.9863166809082 34.9632377624512 34.9577522277832 34.9707221984863 34.9698066711426 34.9961318969727 35.0042190551758 35.0179138183594 35.0156021118164 34.9969863891602 35.0008125305176 35.0218658447266 35.0251502990723 35.023796081543 35.0051155090332 35.0082817077637 35.0364570617676 35.0234832763672 34.9943046569824 34.9861145019531 35.0014381408691 34.9806098937988 34.9855575561523 34.979736328125 34.9721221923828 34.9672431945801 34.9665107727051 34.9653015136719 34.9858703613281
-3.4e+38 -3.4e+38 -3.4e+38 -3.4e+38 -3.4e+38 -3.4e+38 35.9677505493164 35.6624374389648 35.7492790222168 36.0118865966797 36.2251472473145 36.3449821472168 35.9032859802246 35.0224456787109 34.9530143737793 34.9512329101562 34.9368133544922 34.9499931335449 34.9948272705078 34.9634971618652 34.9584159851074 34.9688415527344 34.9952964782715 35.0138931274414 35.0427551269531 35.0516357421875 35.0090789794922 35.0537796020508 35.0639991760254 35.0507659912109 35.0582542419434 35.0602264404297 35.0345916748047 35.0273246765137 35.0462493896484 35.0549392700195 35.0553398132324 35.0256156921387 34.9893684387207 34.9757995605469 34.9647674560547 34.9660034179688 34.9643287658691 34.9706764221191 34.981388092041 34.9704360961914 34.9607391357422
-3.4e+38 -3.4e+38 -3.4e+38 -3.4e+38 -3.4e+38 -3.4e+38 36.1192817687988 35.7927131652832 35.8780403137207 36.165210723877 36.3420829772949 36.3878326416016 35.7615776062012 35.0573692321777 34.9350852966309 34.9412117004395 34.9187850952148 34.9357528686523 34.9737663269043 34.9616622924805 34.9602546691895 34.9793281555176 34.9968109130859 35.0334892272949 35.0434379577637 35.0283813476562 35.012622833252 35.0123710632324 35.010814666748 35.0249633789062 35.0289001464844 35.0336799621582 35.0336532592773 35.0243988037109 35.0245018005371 35.0350456237793 35.0311317443848 35.0281753540039 35.0473823547363 35.0536003112793 35.0297622680664 35.014720916748 34.9969596862793 35.0113410949707 34.9991683959961 35.0118942260742 34.991943359375
-3.4e+38 -3.4e+38 -3.4e+38 -3.4e+38 -3.4e+38 -3.4e+38 36.1998329162598 35.9076347351074 36.0745811462402 36.3047904968262 36.3866500854492 36.3984794616699 35.7805938720703 34.9866638183594 34.9265251159668 34.9432106018066 34.9302406311035 34.9461441040039 34.9683113098145 34.9712333679199 34.9920463562012 35.0108184814453 35.0074195861816 35.0295562744141 35.0216903686523 35.008975982666 35.0091857910156 35.0091438293457 35.0111846923828 35.0148124694824 35.0168418884277 35.0198020935059 35.0205764770508 35.0214614868164 35.0256996154785 35.0272827148438 35.0284576416016 35.0323486328125 35.034309387207 35.036678314209 35.0405044555664 35.0323753356934 35.040828704834 35.0258903503418 35.030517578125 35.0487899780273 35.0395393371582
-3.4e+38 -3.4e+38 -3.4e+38 -3.4e+38 -3.4e+38 36.4469909667969 36.1548614501953 36.0627021789551 36.2606658935547 36.3731231689453 36.4033851623535 36.3832702636719 35.5540657043457 34.9462051391602 34.9394989013672 34.9360885620117 34.9320106506348 34.9471588134766 34.9640502929688 34.9784469604492 34.997486114502 35.0106582641602 35.00830078125 35.0104484558105 35.0127449035645 35.010986328125 35.0130386352539 35.0134048461914 35.0137176513672 35.0142707824707 35.0148048400879 35.0161895751953 35.0185661315918 35.020076751709 35.0220413208008 35.0230369567871 35.0244407653809 35.0278282165527 35.0322151184082 35.0359230041504 35.0382385253906 35.0437812805176 35.0534706115723 35.0670509338379 35.0602912902832 35.0497436523438 35.0482559204102
-3.4e+38 -3.4e+38 -3.4e+38 -3.4e+38 36.6814193725586 36.451717376709 36.1067543029785 36.2275314331055 36.3400382995605 36.4001770019531 36.3998680114746 36.2822799682617 35.2604141235352 34.9436416625977 34.9400291442871 34.9316062927246 34.9259834289551 34.9495582580566 34.971549987793 34.9660377502441 35.028491973877 35.0115661621094 35.0149383544922 35.0205345153809 35.019474029541 35.0158729553223 35.0128173828125 35.0111312866211 35.0101470947266 35.0099601745605 35.0102958679199 35.0114822387695 35.0139198303223 35.0158538818359 35.017162322998 35.0180320739746 35.0200271606445 35.0238075256348 35.0290679931641 35.0344619750977 35.0386962890625 35.0419960021973 35.047981262207 35.052906036377 35.0567016601562 35.0585556030273 35.0534858703613
