Ecospace-environmental-drivers/Outputs/ASCII-for-ecospace/Sal-avg/Sal-avg_X1999.04.asc
NCOLS 131 
NROWS 53 
XLLCORNER -98 
YLLCORNER 23.9265270233154 
CELLSIZE 0.133587792515755 
NODATA_value -3.4e+38 
[rows 21 to 41 of 53, columns 47 to 93 of 131]
36.1099853515625 36.1659469604492 36.1978607177734 36.212516784668 36.2173004150391 36.2172966003418 36.1895294189453 36.2257118225098 36.1997108459473 36.1332397460938 35.9281158447266 35.799186706543 35.4926872253418 35.1374778747559 34.9804306030273 34.910587310791 34.9274787902832 34.9247436523438 34.9236869812012 34.9289436340332 34.9691848754883 34.9739990234375 34.966438293457 34.9609603881836 34.9902992248535 34.9933128356934 34.9780158996582 34.9788703918457 34.9984741210938 35.0664329528809 35.0591354370117 35.0295791625977 35.0361557006836 35.0279846191406 35.0255279541016 35.0178031921387 35.0118064880371 34.991626739502 34.9462089538574 34.9201850891113 34.9242782592773 34.9310035705566 34.9303436279297 34.9514999389648 34.997013092041 35.0770454406738 35.2229194641113
36.1532402038574 36.1148681640625 36.1047668457031 36.1079711914062 36.1531600952148 36.0622444152832 35.731746673584 35.8779830932617 35.6604118347168 35.3032608032227 35.1806869506836 35.078971862793 35.0340957641602 34.9447250366211 34.9150428771973 34.9098701477051 34.9280090332031 34.9340057373047 34.9689102172852 34.960620880127 34.9644927978516 34.9773101806641 34.9650039672852 34.9914131164551 34.9709014892578 34.9698448181152 34.9699630737305 34.9687232971191 35.027286529541 35.0463409423828 35.0316734313965 35.0234107971191 35.0167465209961 35.0100212097168 35.0086364746094 35.0088882446289 35.0110206604004 35.0165519714355 35.0136222839355 34.9956245422363 34.9752197265625 34.9612998962402 34.9533767700195 34.9202499389648 34.9175643920898 34.9372520446777 34.9892501831055
35.5387420654297 35.5074577331543 35.5943489074707 35.434642791748 35.3263893127441 35.2033233642578 35.2318153381348 35.0567436218262 34.9696922302246 34.9520721435547 34.9473419189453 34.9504318237305 34.9259147644043 34.9088897705078 34.9277191162109 34.9283714294434 34.9290542602539 34.9730796813965 34.9625244140625 34.9622688293457 34.9601211547852 34.9747924804688 34.9650535583496 34.9741516113281 34.9734725952148 34.9728889465332 34.9687576293945 34.988109588623 35.0703964233398 35.0285797119141 35.0189743041992 35.0137100219727 35.006477355957 34.9986915588379 35.0010070800781 34.998161315918 35.0049324035645 35.020824432373 35.0857009887695 35.023811340332 35.0204010009766 35.0154724121094 35.0161323547363 34.966911315918 34.9403076171875 34.8995094299316 34.929573059082
35.0148010253906 35.0054931640625 34.979663848877 34.9903373718262 34.9722213745117 34.9299850463867 34.9385147094727 34.9306144714355 34.9322204589844 34.923957824707 34.9323844909668 34.9186782836914 34.9250144958496 34.9307174682617 34.934497833252 34.9313697814941 34.9597434997559 34.963623046875 34.9637985229492 34.9761695861816 34.976432800293 34.978214263916 34.9679412841797 34.988338470459 34.9776878356934 34.9928512573242 35.061279296875 35.0652198791504 35.0415534973145 35.0188407897949 35.007926940918 35.0095138549805 35.0047035217285 34.9962310791016 35.0550575256348 35.0478630065918 35.0784530639648 35.0666961669922 35.0666656494141 35.0432205200195 35.0413131713867 35.03369140625 35.0221138000488 35.0194091796875 34.9975128173828 34.9568824768066 34.9140396118164
34.8977012634277 34.9178886413574 34.9187927246094 34.9234657287598 34.9349174499512 34.9155807495117 34.9434471130371 34.9383354187012 34.9429359436035 34.9456634521484 34.9424095153809 34.9392547607422 34.9354057312012 34.9344482421875 34.9335289001465 34.9543800354004 34.9642791748047 34.9689445495605 34.9820861816406 34.9751663208008 34.9685096740723 34.9674110412598 34.9650421142578 34.9677085876465 34.9990844726562 34.9769859313965 34.9988136291504 35.0635375976562 35.0196838378906 34.9976501464844 34.9957084655762 34.9997673034668 34.9956474304199 35.0227432250977 35.0641899108887 35.0579948425293 35.0445709228516 35.0585823059082 35.0500984191895 35.0379333496094 35.0443687438965 35.0553359985352 35.0277137756348 35.0177116394043 35.0147819519043 35.0038604736328 34.9512062072754
34.9436416625977 34.9377174377441 34.9358444213867 34.9824295043945 34.9794120788574 34.9484786987305 34.9490509033203 34.9713973999023 34.9415321350098 34.9599647521973 34.9425239562988 34.9524841308594 34.9350318908691 34.9579582214355 34.9682312011719 34.9765357971191 34.9697341918945 34.9672393798828 34.9665565490723 34.9659996032715 34.9663963317871 34.9639778137207 34.9921340942383 34.9856300354004 34.9783897399902 34.978328704834 34.9686241149902 35.0334434509277 35.0278282165527 35.0068817138672 34.9965476989746 34.9922065734863 34.9913635253906 35.0733299255371 35.0891761779785 35.0885162353516 35.0473365783691 35.040641784668 35.0367088317871 35.0333061218262 35.0395584106445 35.035041809082 35.0304756164551 35.0271263122559 35.0289649963379 35.016529083252 35.0008354187012
34.972282409668 34.9691848754883 34.977596282959 34.9893531799316 34.9742202758789 34.9690933227539 34.9724960327148 34.968433380127 34.9655952453613 34.9818458557129 34.9812698364258 34.971076965332 34.9724006652832 34.9695053100586 35.021369934082 35.0142440795898 35.0117988586426 34.9988899230957 34.995475769043 35.0036430358887 34.9693565368652 34.9995880126953 34.9725646972656 34.9685516357422 34.9680061340332 34.9679107666016 34.9662284851074 35.0483779907227 35.026065826416 35.0109329223633 35.0126419067383 35.0046730041504 35.0016098022461 34.9922866821289 35.0248489379883 35.0821876525879 35.0649452209473 35.0605392456055 35.0300140380859 35.0229225158691 35.0331115722656 35.0172080993652 35.0221824645996 35.0167999267578 35.0380058288574 35.0288314819336 35.0204200744629
34.9666633605957 34.9695167541504 35.0113639831543 34.9698104858398 34.9650230407715 34.9839935302734 34.9807472229004 34.9759483337402 34.9809837341309 34.9754905700684 34.9763603210449 34.9857025146484 34.9994049072266 35.0187149047852 35.0280265808105 34.994499206543 34.9828414916992 34.98193359375 34.982307434082 34.991455078125 35.0094947814941 34.9921989440918 34.9727973937988 34.9685020446777 34.9851264953613 35.0247039794922 35.0692100524902 35.0292510986328 35.0103759765625 35.0035934448242 35.0083961486816 35.0017204284668 35.0053520202637 34.9918518066406 35.0193099975586 35.0234222412109 35.0685234069824 35.0613441467285 35.0344085693359 35.0209426879883 35.020580291748 35.0151100158691 35.0240135192871 35.0218963623047 35.0258331298828 35.0266265869141 35.0413475036621
34.9770240783691 34.9692230224609 34.9680366516113 34.9694328308105 34.969295501709 34.9716186523438 34.9748382568359 34.9794158935547 34.9820022583008 34.9826927185059 35.0152854919434 34.9984741210938 34.9991569519043 35.0146026611328 34.9925765991211 34.9838981628418 34.9791526794434 34.9796714782715 34.9853172302246 34.9823608398438 34.9767761230469 34.977954864502 34.9745407104492 34.9687423706055 35.0432472229004 35.0219268798828 35.0171508789062 35.0114784240723 34.9960136413574 34.9933891296387 35.0006446838379 34.9871444702148 34.9820137023926 34.9845008850098 34.9894027709961 34.9916038513184 35.0733451843262 35.0780448913574 35.0468788146973 35.0296020507812 35.0245170593262 35.0233497619629 35.0395278930664 35.027961730957 35.0274047851562 35.0449714660645 35.0417556762695
34.9702453613281 34.9774131774902 35.088451385498 35.0732841491699 34.9696083068848 35.0371131896973 34.9700736999512 34.972095489502 34.9755058288574 35.0049133300781 35.0058326721191 35.0219039916992 35.050609588623 35.0194511413574 34.995979309082 35.0105247497559 35.057861328125 35.0548973083496 35.0541305541992 35.0438652038574 34.9780311584473 34.9758415222168 34.9724082946777 34.9685401916504 35.0461921691895 35.0237274169922 35.0146789550781 35.0017051696777 34.9896507263184 34.9941825866699 34.9848823547363 34.980899810791 34.9906005859375 34.9869155883789 34.9840888977051 34.9869079589844 35.0665626525879 35.0688819885254 35.0578308105469 35.0431823730469 35.0326538085938 35.0263252258301 35.0289993286133 35.0239601135254 35.0320892333984 35.0426559448242 35.051082611084
35.1069450378418 34.9699897766113 35.0549774169922 35.0521278381348 34.9680213928223 34.9702606201172 34.9688034057617 34.9666900634766 34.9735145568848 35.0108909606934 35.0321388244629 35.0661735534668 35.0552177429199 35.047721862793 35.057243347168 35.052116394043 35.0413131713867 35.0261344909668 35.0331573486328 35.0572357177734 35.0231819152832 34.9762496948242 34.9723281860352 34.9691619873047 35.0330009460449 35.0382690429688 35.0134124755859 34.9977264404297 34.9884567260742 34.9854011535645 34.9808502197266 34.9834785461426 34.986499786377 34.989673614502 34.9930152893066 34.9826622009277 35.072681427002 35.0584487915039 35.0608940124512 35.050479888916 35.0411643981934 35.0497779846191 35.0440635681152 35.0476951599121 35.0458984375 35.0482940673828 35.0435981750488
34.9783706665039 34.9665718078613 34.9715919494629 35.0867004394531 34.9652900695801 35.0522689819336 35.0697250366211 35.0497016906738 35.009407043457 35.0578689575195 35.0409088134766 35.0347137451172 35.0293426513672 35.0270042419434 35.0270462036133 35.0239105224609 35.0190010070801 35.0157928466797 35.0199775695801 35.0278358459473 35.055965423584 35.0504760742188 34.9698905944824 34.9682197570801 34.9971160888672 35.0522766113281 35.0298690795898 35.0124588012695 34.9975395202637 34.999324798584 34.9832954406738 34.9790840148926 34.9962844848633 34.9892730712891 34.982982635498 34.9763450622559 35.0714569091797 35.0677490234375 35.0639190673828 35.0361289978027 35.0473136901855 35.0386581420898 35.046573638916 35.0466041564941 35.0408973693848 35.048755645752 35.0430641174316
35.0538902282715 35.0578498840332 35.0568923950195 35.0422897338867 35.0449981689453 35.0413093566895 35.0296287536621 35.0322914123535 35.0377578735352 35.0349731445312 35.0232696533203 35.0157928466797 35.0157165527344 35.0129928588867 35.0119705200195 35.0111274719238 35.0085105895996 35.0067443847656 35.0080642700195 35.0095291137695 35.0175895690918 35.0474624633789 35.0573921203613 35.0595359802246 35.0613899230957 35.0403060913086 35.0194473266602 35.0051040649414 35.0019454956055 34.9943313598633 34.9847755432129 34.9871597290039 34.9853210449219 34.9813232421875 34.9860229492188 35.0344085693359 35.067569732666 35.0621566772461 35.0569953918457 35.0490531921387 35.0471649169922 35.0508308410645 35.0514602661133 35.0532875061035 35.0525856018066 35.0436210632324 35.0415077209473
35.0611190795898 35.0599098205566 35.0472869873047 35.0395050048828 35.040340423584 35.0283699035645 35.0344543457031 35.0243644714355 35.0236396789551 35.0236320495605 35.0726013183594 35.0924072265625 35.0696907043457 35.0909156799316 35.0697975158691 35.038948059082 35.0152282714844 35.0016212463379 34.9961204528809 34.9996528625488 35.002140045166 35.014965057373 35.0301666259766 35.0278854370117 35.024356842041 35.0117111206055 35.0023612976074 34.9947624206543 34.9972114562988 34.9776802062988 34.9781150817871 34.9858131408691 35.0120124816895 35.0350036621094 35.0619735717773 35.074348449707 35.0618324279785 35.061092376709 35.0615081787109 35.0473098754883 35.0422859191895 35.0518684387207 35.0477142333984 35.0517730712891 35.0412139892578 35.0429153442383 35.0425033569336
35.0368957519531 35.0338592529297 35.0295181274414 35.0276069641113 35.0219764709473 34.9992599487305 35.0649604797363 35.0681533813477 35.0590438842773 35.0617294311523 35.0659637451172 35.0607109069824 35.0594482421875 35.0645027160645 35.0659103393555 35.0653190612793 35.0746078491211 35.0904273986816 35.0622978210449 34.9880867004395 34.9894943237305 35.0038795471191 35.0018501281738 35.0084762573242 35.0057945251465 34.9955787658691 34.9956703186035 34.9842109680176 34.9856376647949 34.9890937805176 35.0224914550781 35.0923080444336 35.0546722412109 35.0624313354492 35.0545463562012 35.0577087402344 35.0609970092773 35.0732383728027 35.0632591247559 35.046932220459 35.0486755371094 35.0507125854492 35.0519218444824 35.0422592163086 35.0414505004883 35.0366477966309 35.0372772216797
35.0144538879395 35.0119476318359 34.9957962036133 35.0138206481934 35.0194969177246 35.0413513183594 35.0565299987793 35.0491905212402 35.0529632568359 35.0521049499512 35.0464859008789 35.0441207885742 35.0574645996094 35.0563468933105 35.0675201416016 35.0639953613281 35.0620002746582 35.0705146789551 35.0785484313965 35.0758819580078 35.02978515625 34.9928207397461 34.9899139404297 34.9904708862305 34.9947128295898 34.9989204406738 34.9875297546387 34.9877471923828 34.9959449768066 35.0444374084473 35.086311340332 35.0527801513672 35.0514259338379 35.0559692382812 35.0364532470703 35.0325012207031 35.044319152832 35.0453872680664 35.0421447753906 35.0481986999512 35.0441055297852 35.0484924316406 35.0458641052246 35.0376434326172 35.0334968566895 35.0446891784668 35.0434417724609
35.0017318725586 34.9979934692383 35.0233612060547 35.0599822998047 35.0588531494141 35.0507583618164 35.0456733703613 35.0435447692871 35.0424995422363 35.0393409729004 35.038013458252 35.0301475524902 35.0409660339355 35.0535354614258 35.0623550415039 35.0575714111328 35.0551795959473 35.0637817382812 35.0637435913086 35.0662002563477 35.0653762817383 35.034423828125 35.0235481262207 35.0522689819336 35.0449867248535 35.0400619506836 35.0605888366699 35.0537528991699 35.0732078552246 35.0569496154785 35.0579452514648 35.0622863769531 35.0495643615723 35.0392684936523 35.0233840942383 35.0279808044434 35.0249328613281 35.0288772583008 35.032657623291 35.0419273376465 35.0522842407227 35.0553665161133 35.0411148071289 35.0378837585449 35.0434455871582 35.0370025634766 35.0448532104492
35.0269317626953 35.029899597168 35.056453704834 35.0562553405762 35.0510482788086 35.0459251403809 35.0407485961914 35.0367050170898 35.0346069335938 35.0330276489258 35.0355606079102 35.0435485839844 35.0455780029297 35.0447578430176 35.057975769043 35.0538597106934 35.0559234619141 35.0509071350098 35.0492973327637 35.0559196472168 35.0618095397949 35.0615730285645 35.0625038146973 35.0731430053711 35.0588722229004 35.064136505127 35.0782470703125 35.0708694458008 35.0610847473145 35.0610427856445 35.0570220947266 35.0497360229492 35.0494575500488 35.0353507995605 35.036434173584 35.0358543395996 35.0356101989746 35.0313034057617 35.0287971496582 35.0389289855957 35.0548973083496 35.0533256530762 35.0410957336426 35.0462036132812 35.0518493652344 35.040340423584 35.0484352111816
35.0380821228027 35.0608062744141 35.0606307983398 35.0557518005371 35.0507125854492 35.0487289428711 35.0441665649414 35.037971496582 35.0341415405273 35.03173828125 35.0336074829102 35.0418701171875 35.0435028076172 35.0429420471191 35.0384063720703 35.0484085083008 35.0496597290039 35.0457420349121 35.0472450256348 35.0472564697266 35.0455627441406 35.0448417663574 35.0458869934082 35.0474395751953 35.0552024841309 35.0514869689941 35.0424690246582 35.0486297607422 35.0520133972168 35.0534057617188 35.0422592163086 35.0419578552246 35.0396614074707 35.0352592468262 35.0310134887695 35.0344352722168 35.0344848632812 35.0390090942383 35.0381851196289 35.0489349365234 35.0460548400879 35.0522842407227 35.0494918823242 35.0458908081055 35.0335731506348 35.0423393249512 35.0364379882812
35.0509185791016 35.0648002624512 35.0632514953613 35.0581588745117 35.0546722412109 35.0526962280273 35.0485496520996 35.0427932739258 35.0383148193359 35.035587310791 35.0377311706543 35.0416679382324 35.0453224182129 35.040153503418 35.0450592041016 35.0374984741211 35.0418357849121 35.0414657592773 35.039005279541 35.0409812927246 35.0364608764648 35.0392189025879 35.0411720275879 35.0389671325684 35.0440559387207 35.0466537475586 35.0465240478516 35.0476379394531 35.0481300354004 35.0459861755371 35.0458221435547 35.0413093566895 35.0376167297363 35.0364074707031 35.0334625244141 35.0305290222168 35.0387763977051 35.0385398864746 35.040153503418 35.0432586669922 35.0449562072754 35.0371170043945 35.0391235351562 35.0433464050293 35.0397834777832 35.0353698730469 35.0256767272949
35.064281463623 35.0634002685547 35.0619621276855 35.0603408813477 35.0583839416504 35.055347442627 35.0509071350098 35.0472412109375 35.0450439453125 35.0420341491699 35.0395088195801 35.0376396179199 35.0375137329102 35.0385932922363 35.0356140136719 35.036247253418 35.0355567932129 35.0353393554688 35.0358734130859 35.0345001220703 35.0368385314941 35.0366134643555 35.0365676879883 35.035888671875 35.0377960205078 35.039306640625 35.041374206543 35.0442886352539 35.0458679199219 35.0472869873047 35.0441131591797 35.0403289794922 35.0381889343262 35.0348815917969 35.0334930419922 35.0333213806152 35.0394706726074 35.0442352294922 35.0438461303711 35.0451164245605 35.0409812927246 35.0457649230957 35.037525177002 35.0529708862305 35.0457458496094 35.0365600585938 35.0333938598633
