Ecospace-environmental-drivers/Outputs/ASCII-for-ecospace/Sal-avg/Sal-avg_X1998.09.asc
NCOLS 131 
NROWS 53 
XLLCORNER -98 
YLLCORNER 23.9265270233154 
CELLSIZE 0.133587792515755 
NODATA_value -3.4e+38 
[rows 21 to 41 of 53, columns 47 to 93 of 131]
36.1596908569336 36.2198143005371 36.2379608154297 36.2241821289062 36.2117576599121 36.2058258056641 36.206241607666 36.2180862426758 36.189769744873 36.1859321594238 36.0510597229004 35.9070625305176 35.6197814941406 35.256908416748 35.0491485595703 34.9284934997559 34.9124755859375 34.9174270629883 34.9157867431641 34.9180183410645 34.9536361694336 34.9696235656738 34.9624366760254 34.9552841186523 34.9844017028809 34.9815635681152 34.9741249084473 34.9781761169434 35.0018882751465 35.0633850097656 35.0570335388184 35.035472869873 35.0482788085938 35.0392723083496 35.0329780578613 35.0217514038086 35.0121879577637 34.9940605163574 34.9400939941406 34.9155044555664 34.9105033874512 34.9080963134766 34.9080924987793 34.9429626464844 35.0429153442383 35.2013931274414 35.3873329162598
36.2443885803223 36.2266540527344 36.2053260803223 36.2002334594727 36.2123794555664 36.1081504821777 35.8642578125 35.9341354370117 35.7282638549805 35.4128913879395 35.2665405273438 35.171443939209 35.1037445068359 34.9793663024902 34.9221267700195 34.9120330810547 34.9169654846191 34.9231910705566 34.9620170593262 34.9517631530762 34.9515800476074 34.9769172668457 34.9613075256348 35.0072364807129 34.9836082458496 34.9735679626465 34.9716682434082 34.973087310791 35.0250816345215 35.0387191772461 35.028694152832 35.0254554748535 35.026237487793 35.0248260498047 35.0204849243164 35.0186614990234 35.015983581543 35.0179901123047 35.0204429626465 35.0028190612793 34.9700050354004 34.9580993652344 34.9324569702148 34.9022407531738 34.8847351074219 34.9228324890137 35.0803031921387
35.6628646850586 35.6191062927246 35.6949882507324 35.5422782897949 35.4334678649902 35.3017692565918 35.2795295715332 35.0941963195801 34.977424621582 34.9400787353516 34.9270515441895 34.9426002502441 34.9207191467285 34.9097328186035 34.9175910949707 34.9149780273438 34.918773651123 34.9747581481934 34.9575729370117 34.9536819458008 34.949951171875 34.9742965698242 34.9602661132812 35.0170440673828 34.9795570373535 34.9745597839355 34.9735107421875 34.9936027526855 35.0688400268555 35.0253982543945 35.0184707641602 35.0179443359375 35.0158386230469 35.0122756958008 35.0112380981445 35.0103492736816 35.012393951416 35.0198745727539 35.085693359375 35.0346260070801 35.0183448791504 35.0418891906738 35.0121841430664 34.9601974487305 34.9250259399414 34.8882675170898 34.9072456359863
35.0521202087402 35.0428619384766 35.0045394897461 35.0376968383789 35.0043029785156 34.9369888305664 34.9404640197754 34.9175186157227 34.9157066345215 34.9059638977051 34.9090919494629 34.9016799926758 34.9147148132324 34.9184532165527 34.9233207702637 34.9197654724121 34.9658851623535 34.9708557128906 34.9633712768555 34.9761581420898 34.9725151062012 34.9748191833496 34.9616737365723 35.0098075866699 34.9865531921387 34.9926452636719 35.0452270507812 35.049919128418 35.0386047363281 35.023265838623 35.017936706543 35.0157051086426 35.0123329162598 35.0088882446289 35.0181617736816 35.0449676513672 35.0734634399414 35.0455665588379 35.0478248596191 35.0176963806152 35.0215950012207 35.0281295776367 35.0398368835449 35.0380096435547 34.9951248168945 34.9459800720215 34.9009704589844
34.9009323120117 34.9134674072266 34.9109878540039 34.9120101928711 34.9214553833008 34.9063529968262 34.9321060180664 34.9164161682129 34.9179496765137 34.9231033325195 34.9201927185059 34.9206390380859 34.9216041564941 34.9221801757812 34.9238967895508 34.9571533203125 34.9675102233887 34.9701766967773 34.9822959899902 34.9704818725586 34.9620018005371 34.9584808349609 34.9572944641113 34.954761505127 34.9919700622559 34.973014831543 34.992919921875 35.0421409606934 35.0199546813965 35.0145072937012 35.0150299072266 35.0143737792969 35.0090408325195 35.0172004699707 35.0341415405273 35.0739784240723 35.0686874389648 35.0612335205078 35.0312728881836 35.0158920288086 35.0161018371582 35.0411682128906 35.0553398132324 35.0489349365234 35.0373573303223 35.0037117004395 34.9408187866211
34.9309501647949 34.9216079711914 34.9214744567871 34.9699783325195 34.9613800048828 34.937313079834 34.9446678161621 34.9869155883789 34.9306182861328 34.947135925293 34.9310493469238 34.949405670166 34.9232864379883 34.9588203430176 34.9661026000977 34.9656639099121 34.9567451477051 34.9577941894531 34.9583396911621 34.9584808349609 34.9574356079102 34.9543342590332 34.9815368652344 34.9868431091309 34.9753379821777 34.9720153808594 34.9685668945312 35.0250091552734 35.0237236022949 35.0139045715332 35.0128555297852 35.0110359191895 35.0074653625488 35.0635147094727 35.0810089111328 35.1143493652344 35.0955924987793 35.0570869445801 35.039680480957 35.0361061096191 35.0367889404297 35.051139831543 35.0561943054199 35.0401954650879 35.0365562438965 35.0231246948242 34.9950523376465
34.9617042541504 34.9587745666504 34.9761619567871 35.0065383911133 34.976188659668 34.9592208862305 34.9650192260742 34.965690612793 34.9477310180664 34.9565544128418 34.9667587280273 34.9573783874512 34.9602355957031 34.9586601257324 35.0042572021484 35.0048942565918 35.0129051208496 34.9892234802246 34.9738273620605 34.9706535339355 34.9555282592773 34.9969902038574 34.9866218566895 34.9741401672363 34.969913482666 34.9691772460938 34.9700775146484 35.0292472839355 35.012077331543 35.0102272033691 35.0141906738281 35.015308380127 35.0142974853516 35.0086631774902 35.0353965759277 35.1154632568359 35.0948867797852 35.0741271972656 35.0282859802246 35.0473480224609 35.0550346374512 35.0581855773926 35.0520172119141 35.0436325073242 35.0435218811035 35.032039642334 35.0179977416992
34.9562110900879 34.9736442565918 35.0177726745605 34.9705696105957 34.9658279418945 34.9923324584961 34.9780731201172 34.9520225524902 34.9521598815918 34.9422950744629 34.9493827819824 34.9649047851562 34.9895324707031 35.0042877197266 35.0249099731445 35.0002746582031 34.985179901123 34.9690628051758 34.9704475402832 34.9733123779297 35.0037841796875 34.9984931945801 34.9882621765137 34.973258972168 34.9818725585938 35.0184478759766 35.0400352478027 35.0121269226074 35.0073127746582 35.0059471130371 35.0085334777832 35.0120544433594 35.0138854980469 35.0086517333984 35.0298461914062 35.0334205627441 35.1013946533203 35.0821723937988 35.0533981323242 35.0587882995605 35.0462303161621 35.0635414123535 35.0606460571289 35.0582733154297 35.0557060241699 35.0514259338379 35.0380325317383
34.9726295471191 34.9655227661133 34.9631195068359 34.9608306884766 34.9651679992676 34.9708023071289 34.9749794006348 34.9754829406738 34.9742469787598 34.9684104919434 35.0029678344727 34.9937362670898 34.9783668518066 34.9780502319336 34.9728126525879 34.9700965881348 34.9652137756348 34.9638519287109 34.965705871582 34.9715156555176 34.9774703979492 34.9910469055176 34.9852905273438 34.9756240844727 35.0337524414062 35.0180625915527 35.0131301879883 35.0081558227539 35.003231048584 35.0005187988281 35.0055046081543 35.0066947937012 35.0058479309082 35.0023498535156 34.9973945617676 34.9943771362305 35.068489074707 35.0646896362305 35.0528793334961 35.0571746826172 35.0337181091309 35.0508346557617 35.0584182739258 35.0582466125488 35.056095123291 35.0535850524902 35.0483436584473
34.9580383300781 34.963436126709 35.074146270752 35.0674476623535 34.9584426879883 35.0357513427734 34.9632797241211 34.9666442871094 34.9634284973145 35.0052947998047 34.9967193603516 34.9941635131836 35.0378227233887 34.9909362792969 34.9801483154297 34.9867095947266 35.0277709960938 35.0463790893555 35.0451431274414 35.0331268310547 34.9696846008301 34.9768180847168 34.9746017456055 34.970890045166 35.0424842834473 35.0162544250488 35.0109786987305 35.000545501709 34.9954719543457 35.0053825378418 35.002513885498 35.0028038024902 35.004768371582 34.995677947998 34.992748260498 35.003288269043 35.0484580993652 35.044132232666 35.0449447631836 35.0539054870605 35.0426368713379 35.0510444641113 35.0524673461914 35.0559501647949 35.0539093017578 35.0523376464844 35.0493583679199
35.0818901062012 34.9550285339355 35.0147552490234 35.0239448547363 34.9606437683105 34.9609565734863 34.9582939147949 34.9580688476562 34.9590835571289 35.0062637329102 35.0151023864746 35.0466194152832 35.0284805297852 35.0246925354004 35.034496307373 35.0279502868652 35.016357421875 35.0113105773926 35.0193977355957 35.0499649047852 35.0229606628418 34.9710578918457 34.9687728881836 34.9668045043945 35.0215225219727 35.0194816589355 35.0015602111816 34.9922637939453 34.9890098571777 34.997013092041 34.9998664855957 35.0021667480469 34.9973335266113 34.996452331543 35.0026969909668 35.0026016235352 35.0637702941895 35.055248260498 35.0648231506348 35.0618553161621 35.0598945617676 35.0579223632812 35.0551567077637 35.0539207458496 35.0535888671875 35.0527381896973 35.0511779785156
34.963752746582 34.9545288085938 34.9575424194336 35.0260581970215 34.959774017334 35.025276184082 34.9991683959961 34.9748649597168 34.9753265380859 35.0507507324219 35.0313529968262 35.0107116699219 35.006721496582 35.002326965332 35.0085182189941 35.0028228759766 34.9986686706543 34.9975357055664 35.0019340515137 35.0150680541992 35.0247344970703 35.0349082946777 34.9648208618164 34.9652862548828 34.9958915710449 35.0339660644531 35.0063018798828 35.0087776184082 34.9931755065918 34.9959907531738 34.9990272521973 34.9995994567871 35.0029182434082 34.998119354248 34.9953689575195 34.9955291748047 35.0900421142578 35.0769958496094 35.0682830810547 35.0665245056152 35.0660743713379 35.0644187927246 35.0608749389648 35.0583305358887 35.0527496337891 35.053581237793 35.0529747009277
35.0147094726562 35.0081787109375 34.9983673095703 34.9908142089844 35.0132827758789 34.9921760559082 34.9852600097656 34.9936676025391 35.0226135253906 35.0110473632812 34.9995269775391 34.9913902282715 34.998664855957 34.9914665222168 34.9921875 34.9913673400879 34.9910278320312 35.0055694580078 35.0118103027344 34.9980621337891 35.0002098083496 35.0226898193359 35.0380859375 35.0440101623535 35.043586730957 35.022289276123 35.0078125 35.0016670227051 35.0021018981934 35.000244140625 34.9991760253906 35.0017395019531 34.9988021850586 34.994701385498 34.9960556030273 35.0463485717773 35.0901756286621 35.0721244812012 35.0679092407227 35.0676383972168 35.0673599243164 35.0652503967285 35.0634613037109 35.059871673584 35.0582962036133 35.0506858825684 35.0478630065918
34.9833602905273 34.9892082214355 34.9952545166016 34.9822006225586 34.9995651245117 34.9808692932129 35.0086669921875 35.0016250610352 34.998420715332 35.0064659118652 35.0597915649414 35.077278137207 35.0537300109863 35.0746612548828 35.0270118713379 35.0255851745605 35.004524230957 34.999210357666 34.9923324584961 34.9957504272461 34.993465423584 35.0068359375 35.0081443786621 35.0152740478516 35.0129318237305 35.0038375854492 35.0017242431641 34.997802734375 35.0033798217773 34.9904479980469 34.9960479736328 35.0071983337402 35.0243301391602 35.0505294799805 35.0782699584961 35.0760879516602 35.0715293884277 35.0675048828125 35.0709648132324 35.0652503967285 35.0658378601074 35.0660362243652 35.0632171630859 35.0647392272949 35.0613746643066 35.0552444458008 35.0494422912598
34.9643974304199 34.9693756103516 34.974536895752 34.979866027832 34.9839210510254 34.9725723266602 35.053295135498 35.0731735229492 35.0609893798828 35.0434074401855 35.054370880127 35.0507698059082 35.048267364502 35.0501937866211 35.0510139465332 35.0478134155273 35.0513687133789 35.0271377563477 35.050666809082 34.9872970581055 34.9992446899414 35.0000190734863 34.9972839355469 35.0099182128906 35.0083160400391 34.9954986572266 35.0085525512695 34.9902992248535 34.9914741516113 34.9919891357422 35.0324821472168 35.0859298706055 35.07080078125 35.0744743347168 35.0733299255371 35.0721435546875 35.07958984375 35.0814743041992 35.0810699462891 35.0699272155762 35.0734519958496 35.0676536560059 35.0660285949707 35.0624847412109 35.0601501464844 35.0540885925293 35.0463676452637
34.9669532775879 34.9712295532227 34.9705009460449 34.9915580749512 35.0023384094238 35.0277709960938 35.0458221435547 35.0478134155273 35.0524940490723 35.0506858825684 35.0465354919434 35.047119140625 35.052604675293 35.0551795959473 35.0587615966797 35.0462646484375 35.0445213317871 35.0454864501953 35.0539970397949 35.066349029541 35.031120300293 34.9996681213379 34.9998245239258 35.0017166137695 35.0061454772949 35.0097427368164 35.0081520080566 35.0001792907715 35.00537109375 35.0455169677734 35.0804748535156 35.0625343322754 35.0699501037598 35.0720634460449 35.0733108520508 35.0754890441895 35.077091217041 35.0731353759766 35.0658111572266 35.0688209533691 35.0742683410645 35.0694847106934 35.0636253356934 35.0589141845703 35.0549926757812 35.05224609375 35.0474319458008
34.9726448059082 34.9770431518555 35.0108413696289 35.0429077148438 35.0449752807617 35.045295715332 35.0468215942383 35.0485305786133 35.0494956970215 35.0490608215332 35.0456428527832 35.0370750427246 35.0528335571289 35.0588493347168 35.0599021911621 35.0600891113281 35.0614166259766 35.0637474060059 35.0611534118652 35.0606346130371 35.0546417236328 35.0236549377441 35.0180244445801 35.0280799865723 35.0307312011719 35.0420417785645 35.0270500183105 35.0307579040527 35.0592269897461 35.0554351806641 35.0710296630859 35.0683822631836 35.0675201416016 35.0683555603027 35.068733215332 35.0696258544922 35.0703353881836 35.0679779052734 35.0576057434082 35.0610733032227 35.0751571655273 35.0705718994141 35.0595626831055 35.0570945739746 35.0532035827637 35.0494842529297 35.048828125
35.0032806396484 35.019157409668 35.0395469665527 35.0470581054688 35.0510902404785 35.0519065856934 35.051342010498 35.051441192627 35.0527763366699 35.0523948669434 35.0521469116211 35.0506057739258 35.0514678955078 35.0571937561035 35.0599365234375 35.0598945617676 35.0599403381348 35.0599098205566 35.0620346069336 35.0644607543945 35.0667457580566 35.0681991577148 35.0681457519531 35.0734329223633 35.0669326782227 35.0699119567871 35.0778045654297 35.0747032165527 35.0721206665039 35.0714302062988 35.068675994873 35.0652770996094 35.0641441345215 35.0631904602051 35.0617370605469 35.0622100830078 35.0620574951172 35.0614776611328 35.0590553283691 35.0642585754395 35.0690612792969 35.066722869873 35.0582542419434 35.0549392700195 35.051830291748 35.049072265625 35.0524597167969
35.0353584289551 35.0444259643555 35.0527763366699 35.0559730529785 35.0554122924805 35.0560607910156 35.0556907653809 35.0569190979004 35.0571937561035 35.0552749633789 35.0533752441406 35.0523796081543 35.0507316589355 35.0533561706543 35.0579414367676 35.0578269958496 35.0564460754395 35.0545463562012 35.0539665222168 35.0549011230469 35.056079864502 35.0594100952148 35.0628433227539 35.0644569396973 35.064395904541 35.063720703125 35.063102722168 35.069149017334 35.0735054016113 35.0714225769043 35.066349029541 35.0614814758301 35.0590324401855 35.0573120117188 35.056266784668 35.0561714172363 35.0538902282715 35.0561866760254 35.0584297180176 35.0641098022461 35.0630302429199 35.0639381408691 35.0603332519531 35.057674407959 35.0521774291992 35.0549583435059 35.0532684326172
35.0512542724609 35.0595588684082 35.0610542297363 35.0556716918945 35.0535087585449 35.0548439025879 35.0587882995605 35.0632667541504 35.0640258789062 35.0608520507812 35.0555610656738 35.0525741577148 35.0522918701172 35.050651550293 35.0532531738281 35.0521659851074 35.0516242980957 35.0517463684082 35.0514945983887 35.0506820678711 35.0505294799805 35.0535202026367 35.0555992126465 35.0558662414551 35.0552062988281 35.0547828674316 35.0551795959473 35.0578727722168 35.0650901794434 35.0644454956055 35.0600852966309 35.0564460754395 35.0536880493164 35.0524597167969 35.0520782470703 35.0516815185547 35.0477333068848 35.0503120422363 35.0540084838867 35.0599784851074 35.0637321472168 35.056266784668 35.0611953735352 35.0602149963379 35.0581130981445 35.055908203125 35.0540809631348
35.0614242553711 35.0604515075684 35.0546989440918 35.052173614502 35.0527458190918 35.0544700622559 35.0625 35.0683288574219 35.0706405639648 35.0689430236816 35.0634384155273 35.0551567077637 35.0510444641113 35.050537109375 35.0493621826172 35.0468101501465 35.0448799133301 35.0460090637207 35.0478897094727 35.048755645752 35.0503692626953 35.0533256530762 35.055233001709 35.0551147460938 35.0539779663086 35.0523872375488 35.04931640625 35.0533561706543 35.0575637817383 35.0592994689941 35.0539016723633 35.0453758239746 35.0421676635742 35.0460243225098 35.0476112365723 35.0416069030762 35.0317459106445 35.0419578552246 35.0496139526367 35.0569076538086 35.0577735900879 35.0598411560059 35.0618286132812 35.0640640258789 35.0625190734863 35.0594825744629 35.0564613342285
