Ecospace-environmental-drivers/Outputs/ASCII-for-ecospace/Sal-avg/Sal-avg_X2007.12.asc
NCOLS 131 
NROWS 53 
XLLCORNER -98 
YLLCORNER 23.9265270233154 
CELLSIZE 0.133587792515755 
NODATA_value -3.4e+38 
[rows 21 to 41 of 53, columns 47 to 93 of 131]
36.1520767211914 36.1891479492188 36.2188415527344 36.2213745117188 36.2216644287109 36.218635559082 36.1219635009766 36.1455268859863 36.1246109008789 35.9981803894043 35.719596862793 35.6084594726562 35.3854217529297 35.1265983581543 34.970645904541 34.9039001464844 34.9288558959961 34.9294090270996 34.9249114990234 34.9304313659668 34.9743995666504 34.9801025390625 34.9713401794434 34.9691276550293 35.040714263916 35.0674285888672 35.0215110778809 35.0094718933105 35.0272254943848 35.0972938537598 35.0931739807129 35.0695838928223 35.0716667175293 35.0649147033691 35.0629196166992 35.0506134033203 35.0373229980469 35.0157127380371 34.9581336975098 34.9157066345215 34.9117774963379 34.9114952087402 34.9119758605957 34.9499549865723 35.0281639099121 35.1499099731445 35.2826652526855
36.0025825500488 35.9412231445312 35.9717750549316 35.9860382080078 36.0850372314453 35.9662132263184 35.5464134216309 35.718879699707 35.5103988647461 35.2257232666016 35.1253280639648 35.0722770690918 35.0381889343262 34.949275970459 34.9044418334961 34.9004096984863 34.9309883117676 34.9356651306152 34.9729881286621 34.9582023620605 34.9719543457031 34.9798202514648 34.9735450744629 35.0594520568848 35.0409278869629 35.0282325744629 35.0090293884277 35.0009956359863 35.0509796142578 35.0616455078125 35.0617256164551 35.0541915893555 35.0495567321777 35.0515289306641 35.0484886169434 35.0492630004883 35.046760559082 35.0411987304688 35.0496025085449 35.0407485961914 34.9858131408691 34.9656524658203 34.9467697143555 34.9248390197754 34.9234046936035 34.9616737365723 35.0580062866211
35.3351745605469 35.3575210571289 35.4314460754395 35.3289108276367 35.2437133789062 35.1135177612305 35.1462593078613 35.0268859863281 34.9372215270996 34.9239654541016 34.9160537719727 34.9233779907227 34.9157676696777 34.911304473877 34.9306411743164 34.928581237793 34.933765411377 34.9822769165039 34.9652671813965 34.9624481201172 34.9710426330566 34.9843482971191 34.970588684082 35.078498840332 35.0239143371582 35.0081214904785 34.9991149902344 35.0150451660156 35.1056442260742 35.0707397460938 35.0463905334473 35.0415687561035 35.0436973571777 35.0423774719238 35.0403671264648 35.0404472351074 35.0395469665527 35.0451393127441 35.1218109130859 35.0929718017578 35.0822525024414 35.0853729248047 35.034797668457 34.9781494140625 34.941104888916 34.9345664978027 34.9344215393066
34.9794006347656 34.9870109558105 34.9735527038574 34.9704551696777 34.9602737426758 34.9191589355469 34.9384994506836 34.9256057739258 34.9371109008789 34.9175834655762 34.9253005981445 34.9099731445312 34.9278793334961 34.9325637817383 34.9433898925781 34.933406829834 34.9852981567383 34.986499786377 34.971565246582 34.9844589233398 34.9774513244629 34.9784889221191 34.969108581543 35.0570411682129 35.0296630859375 35.0248603820801 35.0894584655762 35.0995674133301 35.090274810791 35.0571517944336 35.0481300354004 35.0408020019531 35.0422859191895 35.038948059082 35.0888824462891 35.0942726135254 35.1173934936523 35.1090240478516 35.1002998352051 35.0918998718262 35.0967903137207 35.0995178222656 35.0946655273438 35.0866622924805 35.028751373291 34.9662780761719 34.9459381103516
34.9160537719727 34.9265747070312 34.9207954406738 34.929084777832 34.9416275024414 34.9204711914062 34.9507026672363 34.9357948303223 34.9402046203613 34.9440879821777 34.9417457580566 34.9365692138672 34.9296264648438 34.9263801574707 34.9280700683594 34.970832824707 34.9766120910645 34.9792709350586 34.9889869689941 34.9777183532715 34.9691963195801 34.968807220459 34.9687767028809 34.9763298034668 35.0420532226562 35.0104293823242 35.021598815918 35.1023635864258 35.0843238830566 35.0652656555176 35.0464515686035 35.0444526672363 35.0451393127441 35.0604057312012 35.1128883361816 35.1281509399414 35.1261367797852 35.1191864013672 35.1132049560547 35.1045799255371 35.0983390808105 35.091480255127 35.0941352844238 35.0966186523438 35.0985565185547 35.0373573303223 34.9655723571777
34.9527473449707 34.9385223388672 34.9376945495605 34.985595703125 34.9786567687988 34.9496459960938 34.9530296325684 35.011302947998 34.9398078918457 34.9673004150391 34.9340896606445 34.9569854736328 34.9224891662598 34.9758071899414 34.985164642334 34.9843101501465 34.9766235351562 34.9706840515137 34.9701271057129 34.9715270996094 34.9707336425781 34.9690246582031 35.0497055053711 35.0631675720215 35.0441932678223 35.0194664001465 34.9934120178223 35.0653915405273 35.0829811096191 35.0596122741699 35.0514297485352 35.049919128418 35.0461540222168 35.1016273498535 35.1318206787109 35.1325454711914 35.1301803588867 35.1233367919922 35.1146049499512 35.1038589477539 35.0874290466309 35.0977897644043 35.0915184020996 35.0895652770996 35.0937881469727 35.0960159301758 35.0233688354492
34.9659996032715 34.9612121582031 34.981128692627 35.0023002624512 34.9869728088379 34.9833030700684 34.9898643493652 34.9841270446777 34.9696769714355 35.0066795349121 35.0063514709473 34.9909515380859 34.9879837036133 34.9820747375488 35.0261116027832 35.0338745117188 35.0562858581543 35.0432434082031 35.016040802002 35.0153732299805 34.965892791748 35.0524787902832 35.0265007019043 35.0074768066406 35.0074348449707 35.0003662109375 34.9893836975098 35.0846214294434 35.0741920471191 35.0596542358398 35.0486335754395 35.0535888671875 35.047061920166 35.044750213623 35.0710945129395 35.1331481933594 35.1321754455566 35.1290626525879 35.1187934875488 35.1105690002441 35.0999984741211 35.0886154174805 35.0892868041992 35.0892868041992 35.0856781005859 35.0931739807129 35.0669441223145
34.9614639282227 34.9750213623047 35.0107727050781 34.9728698730469 34.9730911254883 35.0076789855957 34.9969596862793 34.9705924987793 34.9732246398926 34.966064453125 34.9763717651367 34.9981346130371 35.021068572998 35.0387115478516 35.0606155395508 35.0311622619629 35.0077743530273 35.0023956298828 35.0010604858398 35.0182075500488 35.0328712463379 35.0358085632324 35.0094032287598 34.9998931884766 35.0220565795898 35.057502746582 35.1068153381348 35.0763931274414 35.0599021911621 35.0550880432129 35.0503273010254 35.0529327392578 35.0417366027832 35.0451965332031 35.0666389465332 35.0777778625488 35.1292877197266 35.1267547607422 35.113166809082 35.1135368347168 35.1064033508301 35.0986518859863 35.0936584472656 35.0907783508301 35.090145111084 35.0924682617188 35.0888595581055
34.9807395935059 34.9742736816406 34.9710998535156 34.9678764343262 34.9664497375488 34.9679374694824 34.9751739501953 34.9848670959473 34.985179901123 34.9843482971191 35.0395851135254 35.0281448364258 35.0184288024902 35.0276107788086 35.0126724243164 34.9995040893555 34.9912300109863 34.9904594421387 34.9949035644531 34.9924468994141 34.9981727600098 35.0141868591309 35.0102043151855 35.0063819885254 35.0776596069336 35.0734558105469 35.066333770752 35.0546684265137 35.0546417236328 35.0511360168457 35.0469436645508 35.0480880737305 35.0490303039551 35.0469779968262 35.0470390319824 35.0458068847656 35.1150169372559 35.1088409423828 35.1128196716309 35.1156425476074 35.1112022399902 35.1084365844727 35.107780456543 35.1042289733887 35.1013565063477 35.0979537963867 35.0953025817871
34.9714126586914 34.9736022949219 35.066162109375 35.0464859008789 34.9640922546387 35.028980255127 34.9687995910645 34.9729843139648 34.9713554382324 35.0231971740723 35.0196800231934 35.0297508239746 35.0640869140625 35.0290794372559 35.0059242248535 35.0207366943359 35.0751190185547 35.0800437927246 35.0795402526855 35.0604019165039 34.9951972961426 35.0041809082031 35.0032844543457 34.9985046386719 35.0755577087402 35.0635795593262 35.0620079040527 35.0602378845215 35.055004119873 35.0512428283691 35.0508499145508 35.0487060546875 35.047679901123 35.0490455627441 35.049991607666 35.0478897094727 35.1067314147949 35.1199798583984 35.1209259033203 35.1200790405273 35.1194648742676 35.1194725036621 35.1217079162598 35.1212882995605 35.1138038635254 35.1061897277832 35.1006660461426
35.0897903442383 34.9668235778809 35.0210342407227 35.0244560241699 34.9636688232422 34.9646911621094 34.9674682617188 34.9687347412109 34.9785804748535 35.0272369384766 35.0417327880859 35.0700798034668 35.0712356567383 35.0603790283203 35.0748672485352 35.0750579833984 35.0678253173828 35.0570297241211 35.0604095458984 35.0866546630859 35.0457153320312 34.9950485229492 35.0076141357422 34.9980278015137 35.0623397827148 35.0787925720215 35.0539398193359 35.0555572509766 35.0533981323242 35.0521583557129 35.0521392822266 35.0512351989746 35.0514717102051 35.0514259338379 35.0525398254395 35.0504035949707 35.119213104248 35.1316413879395 35.1282081604004 35.1267013549805 35.1268272399902 35.128002166748 35.1286506652832 35.1269493103027 35.1225433349609 35.1175994873047 35.1118431091309
34.9756546020508 34.966625213623 34.9704284667969 35.0392570495605 34.9652366638184 35.0352096557617 35.0613555908203 35.0494346618652 35.0193710327148 35.0675582885742 35.062442779541 35.0558280944824 35.0519371032715 35.0483055114746 35.0485420227051 35.0459518432617 35.0431785583496 35.047119140625 35.0535202026367 35.0599594116211 35.0854949951172 35.0696105957031 34.993480682373 34.9937210083008 35.0235900878906 35.080493927002 35.0561294555664 35.062385559082 35.0627593994141 35.0569190979004 35.0546112060547 35.0533447265625 35.048885345459 35.0484619140625 35.051456451416 35.0513458251953 35.1186752319336 35.1328659057617 35.132625579834 35.1323127746582 35.1326293945312 35.1329040527344 35.1333122253418 35.1322174072266 35.1289596557617 35.1241989135742 35.1198806762695
35.0366096496582 35.0376243591309 35.0384635925293 35.0365791320801 35.0419960021973 35.0414962768555 35.0373497009277 35.0453834533691 35.0608177185059 35.0581321716309 35.0476303100586 35.040699005127 35.0401725769043 35.037410736084 35.0373229980469 35.0356407165527 35.0347099304199 35.0376510620117 35.0426864624023 35.0451812744141 35.0567359924316 35.0836982727051 35.0849266052246 35.0886840820312 35.0962562561035 35.0849266052246 35.0758895874023 35.0699653625488 35.0620803833008 35.0578765869141 35.0534591674805 35.0511169433594 35.049243927002 35.0488624572754 35.0502090454102 35.0842514038086 35.1298866271973 35.1299247741699 35.1322593688965 35.1328468322754 35.1331748962402 35.1332855224609 35.1332321166992 35.1325073242188 35.129955291748 35.1257781982422 35.119800567627
35.0478096008301 35.0364074707031 35.033992767334 35.0403518676758 35.0406188964844 35.0287971496582 35.0494651794434 35.0527648925781 35.0497589111328 35.0528717041016 35.1062240600586 35.1324005126953 35.1036224365234 35.1195526123047 35.1158103942871 35.0731506347656 35.0470657348633 35.0299987792969 35.031551361084 35.0344657897949 35.0427322387695 35.0565147399902 35.0760040283203 35.0752105712891 35.0783081054688 35.0733299255371 35.0644454956055 35.058177947998 35.0543060302734 35.0517425537109 35.0494422912598 35.0527076721191 35.0726661682129 35.0978965759277 35.1228561401367 35.13232421875 35.1315879821777 35.1307563781738 35.1308288574219 35.1316909790039 35.1320419311523 35.1322402954102 35.1323394775391 35.1321411132812 35.1305618286133 35.1256103515625 35.1193237304688
35.0407562255859 35.0322418212891 35.0325736999512 35.0344429016113 35.020622253418 35.0045852661133 35.1072273254395 35.1254577636719 35.1231460571289 35.1222534179688 35.1170654296875 35.1206016540527 35.1264572143555 35.1289710998535 35.1308403015137 35.1327896118164 35.1306686401367 35.1270866394043 35.0865592956543 35.0276947021484 35.0326347351074 35.0409469604492 35.0497245788574 35.0582733154297 35.0577278137207 35.0520782470703 35.050407409668 35.0500717163086 35.0507354736328 35.0500526428223 35.0745506286621 35.1291923522949 35.132999420166 35.132999420166 35.132999420166 35.132999420166 35.1329574584961 35.1328201293945 35.132080078125 35.1318511962891 35.1319427490234 35.1316413879395 35.1305885314941 35.1279602050781 35.1264533996582 35.1200790405273 35.1171798706055
35.0230598449707 35.0194206237793 35.0037307739258 35.0255012512207 35.0392074584961 35.0973205566406 35.1151275634766 35.11572265625 35.1123580932617 35.1044845581055 35.1019096374512 35.1085357666016 35.1189231872559 35.1268615722656 35.1266784667969 35.1253280639648 35.123722076416 35.1243362426758 35.1262969970703 35.1126251220703 35.0611000061035 35.0306015014648 35.0338973999023 35.0351905822754 35.0357131958008 35.040699005127 35.0461196899414 35.0487060546875 35.0552635192871 35.088451385498 35.1302871704102 35.132999420166 35.132999420166 35.132999420166 35.132999420166 35.1330070495605 35.133056640625 35.1331367492676 35.1329040527344 35.132511138916 35.132495880127 35.1315803527832 35.1285247802734 35.1241760253906 35.1205177307129 35.1169776916504 35.1162948608398
35.0187492370605 35.0105972290039 35.0402603149414 35.1161766052246 35.1219673156738 35.1093673706055 35.1070709228516 35.1073837280273 35.1044807434082 35.100341796875 35.100887298584 35.1071090698242 35.1159210205078 35.1228065490723 35.1214408874512 35.1193161010742 35.117244720459 35.116512298584 35.1180992126465 35.1215057373047 35.1236419677734 35.0995330810547 35.0634346008301 35.0936431884766 35.0964088439941 35.0831680297852 35.1016082763672 35.1034545898438 35.1235542297363 35.1330795288086 35.1325798034668 35.1328353881836 35.1330490112305 35.1331443786621 35.1333045959473 35.1335144042969 35.1335029602051 35.1334838867188 35.1335029602051 35.1334762573242 35.1334762573242 35.1330375671387 35.1301040649414 35.1257705688477 35.1231956481934 35.1199760437012 35.1176719665527
35.0400238037109 35.046745300293 35.1184844970703 35.1225776672363 35.1121597290039 35.1068534851074 35.109016418457 35.1095275878906 35.1046447753906 35.1004447937012 35.1017646789551 35.1061553955078 35.113410949707 35.1188583374023 35.117748260498 35.1152954101562 35.1134223937988 35.1110534667969 35.1128578186035 35.1162528991699 35.1197700500488 35.1245155334473 35.1282539367676 35.1290740966797 35.1299743652344 35.1314582824707 35.1331939697266 35.1333465576172 35.1328048706055 35.1315460205078 35.1308975219727 35.1319770812988 35.1333465576172 35.1326446533203 35.1312789916992 35.1303787231445 35.1303672790527 35.1304397583008 35.1310043334961 35.1328048706055 35.133487701416 35.1334571838379 35.1324234008789 35.1295471191406 35.126537322998 35.123592376709 35.1199684143066
35.1130180358887 35.1285247802734 35.1264114379883 35.119800567627 35.110294342041 35.1110877990723 35.1162414550781 35.1120300292969 35.1046524047852 35.1011390686035 35.1005973815918 35.1027145385742 35.1084175109863 35.1124687194824 35.1130638122559 35.1113700866699 35.1095924377441 35.1069564819336 35.1085929870605 35.1143112182617 35.1193885803223 35.1242485046387 35.1277236938477 35.129825592041 35.1307373046875 35.1321830749512 35.1334075927734 35.1327934265137 35.1320571899414 35.1313095092773 35.1312828063965 35.1291656494141 35.1248245239258 35.1186103820801 35.1152229309082 35.1160545349121 35.118293762207 35.120662689209 35.1237373352051 35.1301231384277 35.1325912475586 35.1322593688965 35.131046295166 35.1292037963867 35.1260375976562 35.1230087280273 35.1174850463867
35.1273155212402 35.1268997192383 35.1247482299805 35.1174736022949 35.114574432373 35.1202354431152 35.1199226379395 35.1127891540527 35.1042785644531 35.1018905639648 35.1018218994141 35.1003341674805 35.1016845703125 35.1050720214844 35.1063232421875 35.1042747497559 35.1022453308105 35.100902557373 35.1035118103027 35.1085662841797 35.1143455505371 35.1223754882812 35.126335144043 35.1276817321777 35.1280288696289 35.1296310424805 35.1311302185059 35.1316070556641 35.1309928894043 35.1288375854492 35.1230735778809 35.1170654296875 35.1125373840332 35.1083335876465 35.1064567565918 35.1075172424316 35.1100273132324 35.1137466430664 35.119514465332 35.1273078918457 35.1305046081543 35.1299285888672 35.1284217834473 35.1256904602051 35.1225242614746 35.1175804138184 35.1130905151367
35.1224746704102 35.124137878418 35.1221809387207 35.1191864013672 35.1208648681641 35.1247673034668 35.120777130127 35.1123275756836 35.1056938171387 35.1054344177246 35.1048355102539 35.1021423339844 35.0999336242676 35.0990600585938 35.0983657836914 35.097038269043 35.0949897766113 35.0954933166504 35.0969161987305 35.0988578796387 35.1046905517578 35.1112251281738 35.1141700744629 35.115306854248 35.1153221130371 35.1153869628906 35.117000579834 35.1191825866699 35.1189842224121 35.1152877807617 35.1107063293457 35.1082420349121 35.1062622070312 35.1048393249512 35.1036682128906 35.1043128967285 35.1066284179688 35.1094360351562 35.1158676147461 35.1247520446777 35.1278190612793 35.1266937255859 35.1239929199219 35.121150970459 35.1182746887207 35.1136360168457 35.110538482666
