Ecospace-environmental-drivers/Outputs/ASCII-for-ecospace/Sal-avg/Sal-avg_X2003.09.asc
NCOLS 131 
NROWS 53 
XLLCORNER -98 
YLLCORNER 23.9265270233154 
CELLSIZE 0.133587792515755 
NODATA_value -3.4e+38 
[rows 21 to 41 of 53, columns 47 to 93 of 131]
36.3003845214844 36.3280296325684 36.3429908752441 36.3375930786133 36.326602935791 36.3203926086426 36.2720985412598 36.2829208374023 36.2595024108887 36.1743240356445 35.9130516052246 35.8198051452637 35.4954795837402 35.1796989440918 35.0128402709961 34.9136352539062 34.924488067627 34.9302368164062 34.9275169372559 34.930290222168 34.9521141052246 34.9707794189453 34.955883026123 34.9526901245117 35.0274276733398 35.0479049682617 35.0129547119141 35.0103034973145 35.0257606506348 35.0886726379395 35.0772247314453 35.0587615966797 35.0661392211914 35.0595474243164 35.0551567077637 35.0462112426758 35.0350685119629 35.0106353759766 34.951587677002 34.924144744873 34.9130210876465 34.8975563049316 34.877269744873 34.8860321044922 34.9520416259766 35.0629539489746 35.2299499511719
36.2006568908691 36.1533660888672 36.1362113952637 36.1224975585938 36.1543731689453 36.0643768310547 35.6784896850586 35.8808860778809 35.6760025024414 35.3268013000488 35.2048034667969 35.1223335266113 35.0826721191406 35.0090675354004 34.932544708252 34.9076194763184 34.927188873291 34.9355087280273 34.9639663696289 34.9554710388184 34.9484062194824 34.9712524414062 34.9668960571289 35.0423774719238 35.0182304382324 35.0140113830566 34.9930610656738 34.9986534118652 35.0518836975098 35.0797462463379 35.0498809814453 35.0420074462891 35.0442848205566 35.0428276062012 35.038013458252 35.0453720092773 35.0431060791016 35.0362777709961 35.0491943359375 35.031795501709 34.987247467041 34.9682884216309 34.9410629272461 34.9091606140137 34.8738899230957 34.8739585876465 34.9616050720215
35.5376663208008 35.5138092041016 35.5576133728027 35.4333229064941 35.3260612487793 35.2017211914062 35.2008743286133 35.078296661377 34.965892791748 34.9465827941895 34.9453544616699 34.9707527160645 34.9500389099121 34.937328338623 34.9436340332031 34.9298515319824 34.9277877807617 34.9760513305664 34.9519844055176 34.9504356384277 34.948902130127 34.9740257263184 34.9631500244141 35.0592231750488 35.0038757324219 34.9942359924316 34.9964752197266 35.0121459960938 35.0953941345215 35.0685081481934 35.0438919067383 35.038932800293 35.0383682250977 35.0326118469238 35.0314750671387 35.0339279174805 35.0338706970215 35.0410652160645 35.1121864318848 35.0566558837891 35.0644721984863 35.0639343261719 35.0434837341309 34.9865570068359 34.9322662353516 34.8970336914062 34.881778717041
35.0120544433594 35.0096321105957 34.9933242797852 35.0044364929199 34.9882545471191 34.9341087341309 34.9431800842285 34.9281578063965 34.9261360168457 34.9157943725586 34.9192848205566 34.9150619506836 34.9256591796875 34.9233703613281 34.9255294799805 34.9224433898926 34.9626731872559 34.9681739807129 34.9618682861328 34.9765548706055 34.9700164794922 34.9719772338867 34.9595222473145 35.0417213439941 35.0169258117676 35.0149612426758 35.0765647888184 35.0888404846191 35.0787353515625 35.0516471862793 35.0480499267578 35.0402946472168 35.034538269043 35.0273475646973 35.0821495056152 35.0865783691406 35.1082496643066 35.0903282165527 35.0756607055664 35.0465393066406 35.0638198852539 35.033374786377 35.0298728942871 35.0684051513672 35.0281028747559 34.9565582275391 34.9099769592285
34.9130439758301 34.9274635314941 34.923942565918 34.9246597290039 34.9259490966797 34.9206886291504 34.9363708496094 34.9201812744141 34.9171867370605 34.9231452941895 34.918758392334 34.9179496765137 34.9141578674316 34.9108543395996 34.9099502563477 34.950927734375 34.9668006896973 34.9677276611328 34.9841461181641 34.9657249450684 34.9584846496582 34.9590301513672 34.9600372314453 34.967960357666 35.0351409912109 35.004581451416 35.0151786804199 35.0824775695801 35.0656890869141 35.0488433837891 35.0363960266113 35.0341796875 35.0308952331543 35.0458526611328 35.050910949707 35.0635299682617 35.0824317932129 35.0860023498535 35.0542259216309 35.0331840515137 35.0525054931641 35.0652770996094 35.0401763916016 35.046932220459 35.0451126098633 35.0186347961426 34.9511375427246
34.9424438476562 34.9288368225098 34.9266319274902 34.9870185852051 34.9845924377441 34.9434394836426 34.950065612793 35.0746536254883 34.9335746765137 34.9508743286133 34.9232406616211 34.947265625 34.9099235534668 34.9617309570312 34.9683113098145 34.9754981994629 34.9693984985352 34.9661598205566 34.9658393859863 34.9647407531738 34.9629096984863 34.9614181518555 35.0430717468262 35.0473251342773 35.0267486572266 35.0094566345215 34.986743927002 35.0331230163574 35.0621452331543 35.0424728393555 35.0321006774902 35.0295372009277 35.0261611938477 35.0924491882324 35.0866432189941 35.1066856384277 35.095401763916 35.1017951965332 35.0650291442871 35.0456161499023 35.0555000305176 35.0800933837891 35.0801887512207 35.0688095092773 35.0639457702637 35.055778503418 35.0160293579102
34.9837684631348 34.9779510498047 34.9911117553711 35.0145454406738 34.9897117614746 34.9821243286133 34.9859924316406 35.0064735412598 34.9588356018066 34.980037689209 34.9767150878906 34.9618492126465 34.9607353210449 34.9615135192871 35.0146789550781 35.0303764343262 35.0514907836914 35.0433044433594 35.0216331481934 35.013599395752 34.9651908874512 35.0510406494141 35.0133628845215 34.9945297241211 34.9907302856445 34.9893341064453 34.982120513916 35.0763854980469 35.0630760192871 35.0438385009766 35.0322380065918 35.0312652587891 35.0265197753906 35.0226593017578 35.038818359375 35.0895919799805 35.0968704223633 35.0847244262695 35.0614776611328 35.0733528137207 35.0709190368652 35.065258026123 35.067455291748 35.0646476745605 35.0730247497559 35.0668144226074 35.0378837585449
34.9755363464355 34.9848251342773 35.0223999023438 34.9753494262695 34.9786338806152 35.008171081543 34.9931488037109 34.9621467590332 34.961612701416 34.9500312805176 34.9538612365723 34.9782638549805 35.0075569152832 35.023265838623 35.0528793334961 35.0291938781738 35.0061073303223 34.997615814209 35.0061721801758 35.0365715026855 35.0548706054688 35.0517997741699 35.0140609741211 34.9886779785156 35.0115356445312 35.0454406738281 35.0898132324219 35.0608062744141 35.041862487793 35.0357627868652 35.0255088806152 35.0217590332031 35.0218544006348 35.0165214538574 35.0369415283203 35.0421257019043 35.0892448425293 35.0831871032715 35.0833435058594 35.0883979797363 35.0696296691895 35.0619583129883 35.0631523132324 35.0675239562988 35.078540802002 35.0770454406738 35.0579681396484
34.9901351928711 34.9779777526855 34.9700355529785 34.9695777893066 34.9738464355469 34.9836158752441 34.9839019775391 34.9806060791016 34.9789581298828 34.9722595214844 35.0227012634277 35.0049591064453 34.9922676086426 35.004581451416 34.9870529174805 34.9810180664062 34.976131439209 34.9750900268555 34.9776039123535 34.9833335876465 35.0014991760254 35.0215797424316 35.0099143981934 34.9908218383789 35.0768280029297 35.0609397888184 35.0445404052734 35.0375823974609 35.0287933349609 35.0199279785156 35.0131607055664 35.0124015808105 35.0155143737793 35.014762878418 35.0128784179688 35.0105247497559 35.0712127685547 35.0696067810059 35.0601959228516 35.0836448669434 35.0573043823242 35.0553169250488 35.0768089294434 35.0806541442871 35.0820121765137 35.0808601379395 35.0741500854492
34.9761695861816 34.9785118103027 35.0635833740234 35.0510635375977 34.966365814209 35.0348625183105 34.9734420776367 34.9723091125488 34.9667320251465 35.014778137207 35.0017471313477 35.0123252868652 35.0592918395996 35.0053558349609 34.9900398254395 35.002067565918 35.0719985961914 35.0898513793945 35.0795974731445 35.0358200073242 34.9805755615234 34.9982643127441 34.9952201843262 34.9888572692871 35.0684967041016 35.04736328125 35.0379600524902 35.0308876037598 35.0182723999023 35.0127944946289 35.0130348205566 35.0171165466309 35.024829864502 35.0196952819824 35.0124549865723 35.0140800476074 35.0667266845703 35.0685653686523 35.059944152832 35.080623626709 35.0558128356934 35.0783615112305 35.0841026306152 35.083568572998 35.0806159973145 35.0781707763672 35.0766983032227
35.0997924804688 34.9727935791016 35.031364440918 35.029182434082 34.962287902832 34.9615745544434 34.9612655639648 34.9602890014648 34.9635124206543 35.0121841430664 35.0331726074219 35.0844039916992 35.0747299194336 35.0698776245117 35.0748252868652 35.0676307678223 35.0583000183105 35.0542221069336 35.0580863952637 35.0599327087402 35.0320129394531 34.9809188842773 34.9922943115234 34.9859504699707 35.0556373596191 35.0693702697754 35.0367774963379 35.0234336853027 35.011173248291 35.0106620788574 35.0132102966309 35.0186805725098 35.0210380554199 35.0208625793457 35.0185432434082 35.0127601623535 35.0586280822754 35.0633277893066 35.074878692627 35.0764236450195 35.0638465881348 35.0907783508301 35.0898933410645 35.087043762207 35.0809745788574 35.0760078430176 35.0725250244141
34.9805374145508 34.9710731506348 34.9765663146973 35.0549850463867 34.9645042419434 35.0238265991211 35.0177764892578 35.0066909790039 34.9987525939941 35.0710296630859 35.0675315856934 35.0538711547852 35.0479011535645 35.0476455688477 35.0488052368164 35.038875579834 35.0288848876953 35.0266456604004 35.0307846069336 35.0361137390137 35.0479927062988 35.0581893920898 34.976879119873 34.979606628418 35.012451171875 35.0768394470215 35.0634078979492 35.0336456298828 35.0160102844238 35.0133438110352 35.0160713195801 35.0204620361328 35.0231246948242 35.0185394287109 35.0145416259766 35.0087966918945 35.0740928649902 35.0676193237305 35.0802307128906 35.0472106933594 35.0678062438965 35.1006202697754 35.1027755737305 35.0993804931641 35.0872535705566 35.0799407958984 35.0763893127441
35.0324287414551 35.0323867797852 35.0331649780273 35.0298042297363 35.0381660461426 35.020694732666 35.007984161377 35.0210075378418 35.0499458312988 35.0471305847168 35.0388832092285 35.0327186584473 35.030834197998 35.0303153991699 35.03173828125 35.0273666381836 35.0233688354492 35.023983001709 35.0245246887207 35.0247230529785 35.0298957824707 35.0572700500488 35.0598907470703 35.0745086669922 35.0833587646484 35.0754852294922 35.0480270385742 35.0272216796875 35.0223960876465 35.021915435791 35.0179290771484 35.0180358886719 35.0185699462891 35.013843536377 35.0145378112793 35.0412178039551 35.0800018310547 35.0714149475098 35.0723724365234 35.0639533996582 35.0760917663574 35.1003227233887 35.1065940856934 35.1061706542969 35.0981521606445 35.0862731933594 35.0779800415039
35.026668548584 35.0206832885742 35.0242958068848 35.0275459289551 35.0292053222656 35.0078926086426 35.0372924804688 35.0406913757324 35.0339965820312 35.0373573303223 35.0976638793945 35.1256713867188 35.0932083129883 35.113410949707 35.1121063232422 35.0673027038574 35.0394821166992 35.021556854248 35.0200347900391 35.0176124572754 35.0207481384277 35.0302238464355 35.0474815368652 35.0484428405762 35.0497817993164 35.0361747741699 35.0233001708984 35.0189933776855 35.0210647583008 35.013557434082 35.0108947753906 35.0148391723633 35.040210723877 35.062198638916 35.0836524963379 35.0980453491211 35.092227935791 35.0831604003906 35.0795669555664 35.0707168579102 35.0825119018555 35.0955123901367 35.1035537719727 35.1064453125 35.1020622253418 35.0878486633301 35.077564239502
35.0189437866211 35.0113372802734 35.0122909545898 35.0140724182129 35.0036773681641 34.9925765991211 35.105827331543 35.1142768859863 35.0869522094727 35.0894470214844 35.0968437194824 35.0994415283203 35.1069450378418 35.1117858886719 35.1194000244141 35.1234855651855 35.1265335083008 35.1247596740723 35.0805511474609 35.012866973877 35.0123558044434 35.0164108276367 35.0202140808105 35.0249099731445 35.022647857666 35.0176963806152 35.0159721374512 35.0120658874512 35.011661529541 35.0113639831543 35.0458908081055 35.1218528747559 35.1166915893555 35.1034889221191 35.09375 35.1020545959473 35.1082382202148 35.1085586547852 35.1016731262207 35.0891189575195 35.0915107727051 35.0939521789551 35.0951194763184 35.100513458252 35.1007499694824 35.086368560791 35.0749015808105
35.0001182556152 35.0016860961914 34.9946060180664 35.0179405212402 35.0321311950684 35.0929679870605 35.104679107666 35.1001091003418 35.0932426452637 35.0876693725586 35.087215423584 35.0917167663574 35.0980987548828 35.1016883850098 35.1042594909668 35.1065979003906 35.1117782592773 35.1164398193359 35.1192855834961 35.1103363037109 35.0450592041016 35.0047187805176 35.0055541992188 35.0070991516113 35.0113296508789 35.0132331848145 35.0109710693359 35.0104598999023 35.016658782959 35.0639152526855 35.1199684143066 35.1147880554199 35.1042976379395 35.0938835144043 35.086109161377 35.083854675293 35.0868721008301 35.0884857177734 35.0825119018555 35.0834884643555 35.0882034301758 35.0858573913574 35.088134765625 35.0945358276367 35.0929679870605 35.0792427062988 35.0732650756836
34.9977798461914 34.9984893798828 35.036506652832 35.1116638183594 35.113597869873 35.0960083007812 35.0886840820312 35.0873260498047 35.0857849121094 35.0865898132324 35.089427947998 35.0938034057617 35.0968170166016 35.0981864929199 35.0966567993164 35.0976066589355 35.0997619628906 35.1004066467285 35.1042900085449 35.1162910461426 35.1251487731934 35.0981369018555 35.0463256835938 35.0836219787598 35.0799598693848 35.063606262207 35.0821685791016 35.0824584960938 35.1056022644043 35.1138038635254 35.1119956970215 35.1015853881836 35.0903587341309 35.0828475952148 35.0790023803711 35.0778121948242 35.0783157348633 35.0784759521484 35.0841445922852 35.088077545166 35.0920600891113 35.0860443115234 35.0862503051758 35.0891418457031 35.0856628417969 35.076301574707 35.0734634399414
35.0340461730957 35.0435752868652 35.1127815246582 35.1095581054688 35.0947265625 35.0869636535645 35.0848274230957 35.0835990905762 35.0841903686523 35.0873718261719 35.0928192138672 35.0972137451172 35.0992889404297 35.099925994873 35.1011619567871 35.1028289794922 35.1031188964844 35.103759765625 35.1067581176758 35.1079025268555 35.1087036132812 35.1132888793945 35.1196098327637 35.1197814941406 35.1209907531738 35.1236457824707 35.1249389648438 35.1262283325195 35.1233520507812 35.1164894104004 35.1084403991699 35.099494934082 35.0915031433105 35.083423614502 35.0788269042969 35.0801162719727 35.0819549560547 35.0862350463867 35.0914115905762 35.0963668823242 35.098258972168 35.0932159423828 35.0902633666992 35.088321685791 35.0831832885742 35.0789070129395 35.0764999389648
35.1124458312988 35.1294441223145 35.1212348937988 35.1039505004883 35.0920295715332 35.0851402282715 35.0835113525391 35.0833969116211 35.0853385925293 35.0882568359375 35.092830657959 35.0989151000977 35.1050338745117 35.1086044311523 35.1109275817871 35.1120223999023 35.111873626709 35.1118698120117 35.1126976013184 35.1115570068359 35.1093673706055 35.1097450256348 35.1098480224609 35.1081619262695 35.1051177978516 35.1044273376465 35.1073913574219 35.1111335754395 35.1116905212402 35.1056022644043 35.095947265625 35.0900726318359 35.0885429382324 35.0829315185547 35.0778884887695 35.0788612365723 35.0851097106934 35.0925407409668 35.0985450744629 35.1021728515625 35.1022796630859 35.0985107421875 35.0939178466797 35.0884704589844 35.0834007263184 35.0814323425293 35.0787963867188
35.130916595459 35.1287155151367 35.1171684265137 35.1027565002441 35.0917015075684 35.0850067138672 35.0825805664062 35.0837631225586 35.0863647460938 35.0892601013184 35.0939254760742 35.0998191833496 35.1053581237793 35.1086006164551 35.1103439331055 35.1106719970703 35.1110992431641 35.1112632751465 35.1107215881348 35.1081161499023 35.1060943603516 35.1067123413086 35.104606628418 35.1004524230957 35.0963439941406 35.0943641662598 35.0947151184082 35.0962066650391 35.0950698852539 35.0899658203125 35.0831832885742 35.0784645080566 35.0771560668945 35.0771217346191 35.0749092102051 35.0758934020996 35.0832023620605 35.0921592712402 35.0984725952148 35.1025314331055 35.1021347045898 35.0977439880371 35.0932731628418 35.0878791809082 35.0838356018066 35.0812530517578 35.0783729553223
35.1284141540527 35.1211471557617 35.1112289428711 35.10009765625 35.0910034179688 35.0847816467285 35.0818634033203 35.0824317932129 35.0849227905273 35.0878067016602 35.0928955078125 35.0980796813965 35.1012077331543 35.1037788391113 35.1042404174805 35.104305267334 35.1045875549316 35.1048126220703 35.1036643981934 35.1001205444336 35.0978775024414 35.098560333252 35.0985221862793 35.0964393615723 35.0937271118164 35.0914192199707 35.0891456604004 35.0888481140137 35.0870552062988 35.0818367004395 35.075569152832 35.070873260498 35.0678291320801 35.0691528320312 35.0717086791992 35.0761413574219 35.0820999145508 35.0890960693359 35.0950241088867 35.0999794006348 35.1011962890625 35.0957717895508 35.0916366577148 35.0869827270508 35.0831871032715 35.0784873962402 35.0771789550781
