Ecospace-environmental-drivers/Outputs/ASCII-for-ecospace/Sal-avg/Sal-avg_X2017.02.asc
NCOLS 131 
NROWS 53 
XLLCORNER -98 
YLLCORNER 23.9265270233154 
CELLSIZE 0.133587792515755 
NODATA_value -3.4e+38 
[rows 21 to 41 of 53, columns 0 to 46 of 131]
-3.4e+38 -3.4e+38 -3.4e+38 -3.4e+38 -3.4e+38 -3.4e+38 34.305835723877 34.186279296875 34.0057106018066 33.3508033752441 33.9860725402832 34.6249732971191 34.9557952880859 35.1696739196777 35.3298377990723 35.4442329406738 35.5284194946289 35.6220245361328 35.7675590515137 35.8620681762695 35.9052886962891 35.9672698974609 36.0199165344238 36.0465927124023 36.0320243835449 35.9934234619141 35.9956970214844 36.0525436401367 36.1085586547852 36.1368751525879 36.1530838012695 36.168701171875 36.1577186584473 36.1459465026855 36.1506614685059 36.1723785400391 36.2097854614258 36.2221946716309 36.2280807495117 36.2526016235352 36.2785301208496 36.2850074768066 36.304313659668 36.319149017334 36.3129425048828 36.3015403747559 36.3019943237305
-3.4e+38 -3.4e+38 -3.4e+38 -3.4e+38 -3.4e+38 -3.4e+38 34.3373222351074 34.3939018249512 34.186279296875 34.480052947998 34.8594398498535 35.1410369873047 35.3716926574707 35.5643424987793 35.6937446594238 35.7799034118652 35.7759475708008 35.8280601501465 35.9562301635742 35.9909477233887 36.0364875793457 36.1254043579102 36.1964302062988 36.2323265075684 36.2119369506836 36.1645622253418 36.1496315002441 36.2081871032715 36.2320594787598 36.237922668457 36.2481384277344 36.2518615722656 36.2694549560547 36.2716445922852 36.3041191101074 36.3164710998535 36.3213996887207 36.3184089660645 36.3285942077637 36.3050575256348 36.3533630371094 36.3560676574707 36.3418769836426 36.351448059082 36.3604850769043 36.3428535461426 36.3449859619141
-3.4e+38 -3.4e+38 -3.4e+38 -3.4e+38 34.525577545166 34.4436302185059 34.4954261779785 34.3373222351074 34.6581001281738 34.9781761169434 35.2868614196777 35.5785293579102 35.8434410095215 35.9997444152832 36.0794715881348 36.0382537841797 36.0199699401855 35.9856758117676 36.0598030090332 36.1748924255371 36.249080657959 36.2373008728027 36.1451148986816 36.0097885131836 36.1044845581055 35.9908599853516 36.0613250732422 36.1740531921387 36.2827301025391 36.2626304626465 36.3231735229492 36.3686676025391 36.3784561157227 36.3426132202148 36.4011039733887 36.3586311340332 36.3137626647949 36.3441886901855 36.1439781188965 35.5917434692383 35.668888092041 35.7171096801758 36.0228118896484 35.7272491455078 35.9051208496094 35.9740600585938 36.0600662231445
-3.4e+38 -3.4e+38 -3.4e+38 -3.4e+38 34.5689353942871 34.5641708374023 34.4436302185059 34.705322265625 35.038890838623 35.363224029541 35.6744041442871 35.9697189331055 36.1491813659668 36.2233428955078 36.2279930114746 36.2218627929688 36.2135276794434 36.0418701171875 35.9275093078613 35.7756385803223 35.4840774536133 35.3077507019043 35.3271636962891 35.369571685791 35.4570426940918 35.4576759338379 35.5181350708008 35.5004081726074 35.5684776306152 35.5091896057129 35.6234703063965 35.8387489318848 35.9269371032715 36.0486450195312 36.2361259460449 36.1313285827637 36.2255744934082 35.9521522521973 35.5781517028809 35.2323913574219 35.1902656555176 35.2579498291016 35.2869453430176 35.2025756835938 35.139533996582 35.2283515930176 35.1669464111328
-3.4e+38 -3.4e+38 -3.4e+38 -3.4e+38 -3.4e+38 34.5689353942871 34.6799507141113 35.0252227783203 35.3519096374512 35.7116355895996 36.0112037658691 36.196964263916 36.2649269104004 36.2850914001465 36.2797927856445 36.1937141418457 35.714599609375 35.2315254211426 35.1499786376953 35.0244178771973 34.9708023071289 34.9556312561035 34.9686088562012 34.9780235290527 35.0326118469238 35.0467834472656 35.0670623779297 35.1003379821777 35.0435180664062 35.0706481933594 35.1138687133789 35.1872138977051 35.2545890808105 35.5481376647949 35.5840873718262 35.5594215393066 35.4968223571777 35.2654075622559 35.0877265930176 35.0584831237793 35.0805778503418 35.0428237915039 35.0234451293945 35.0163192749023 34.9626274108887 34.987476348877 34.9799613952637
-3.4e+38 -3.4e+38 -3.4e+38 -3.4e+38 -3.4e+38 34.7010536193848 34.9745712280273 35.2826957702637 35.6393928527832 36.0273933410645 36.1855506896973 36.2752418518066 36.2952308654785 36.2855377197266 36.0865859985352 35.6566429138184 35.1419982910156 34.9518165588379 34.9372749328613 34.9376754760742 34.9634475708008 34.963493347168 34.9881057739258 34.9528732299805 35.0047645568848 34.9826774597168 34.9852752685547 34.9818077087402 35.0031280517578 35.0764274597168 34.9937934875488 34.989501953125 35.0334320068359 35.083553314209 35.0795516967773 35.0648193359375 35.0584831237793 35.2090110778809 35.0797576904297 35.0707702636719 35.0043334960938 35.0112342834473 34.9657859802246 34.9447021484375 34.9482803344727 34.9308128356934 34.9519729614258
-3.4e+38 -3.4e+38 34.8824729919434 34.8749389648438 34.8690223693848 34.8683204650879 35.1791954040527 35.4871826171875 35.9063911437988 36.1524047851562 36.2561798095703 36.2993469238281 36.2937622070312 36.0697708129883 35.6245155334473 35.3031730651855 34.9771881103516 34.9423866271973 34.948543548584 34.9637756347656 34.9464988708496 34.946418762207 34.9591407775879 34.969352722168 34.9654388427734 34.9595108032227 35.0025634765625 35.0103607177734 35.045223236084 34.9804039001465 34.9328536987305 34.9900856018066 34.979434967041 35.0433731079102 35.0268478393555 35.0362510681152 35.0386505126953 35.072582244873 35.0519065856934 35.0404739379883 34.9979858398438 34.9844741821289 34.9752349853516 34.9721641540527 34.9555854797363 34.9485511779785 34.9686279296875
-339999999999999996128486808808066248288.000000000000000 -3.4e+38 -3.4e+38 -3.4e+38 34.8674049377441 35.0258636474609 35.3576889038086 35.6871795654297 36.0405960083008 36.211051940918 36.2860832214355 36.3066940307617 36.1486434936523 35.6590576171875 35.3112907409668 35.043643951416 34.9406356811523 34.9383125305176 34.9418678283691 34.9656105041504 34.9414482116699 34.9575843811035 34.9625434875488 34.9557800292969 34.9336090087891 34.9318923950195 34.9867744445801 34.9443740844727 35.0672149658203 34.9801368713379 34.9716110229492 35.0233306884766 34.9374313354492 34.9418182373047 34.9771461486816 35.0302200317383 35.0313987731934 35.0275115966797 35.0081901550293 34.9811744689941 35.0058708190918 34.9960861206055 34.9783058166504 34.972599029541 34.9830055236816 34.986213684082 34.9740982055664
-3.4e+38 -3.4e+38 -3.4e+38 -3.4e+38 34.9234733581543 35.1690368652344 35.499755859375 35.8271560668945 36.0967254638672 36.2396392822266 36.30419921875 36.2814788818359 35.8260498046875 35.3694267272949 35.0469131469727 34.9604530334473 34.9128303527832 34.9318389892578 34.9383811950684 34.9411773681641 34.9865951538086 34.9969787597656 34.9944534301758 35.0008850097656 34.9988174438477 34.9808349609375 35.0502624511719 35.0320777893066 35.1000633239746 34.9602317810059 34.9479179382324 34.9418792724609 35.0081481933594 34.9536170959473 34.9512023925781 35.001293182373 35.0037956237793 35.0223426818848 35.0260543823242 35.0182991027832 34.9862098693848 34.9895515441895 34.9923820495605 35.0104217529297 34.9943237304688 35.0025329589844 34.9970054626465
-3.4e+38 -3.4e+38 -3.4e+38 -3.4e+38 34.9787902832031 35.2334747314453 35.574161529541 35.8529891967773 36.1058616638184 36.2413444519043 36.3154182434082 36.1539916992188 35.5410499572754 35.187686920166 34.991081237793 34.9336814880371 34.932674407959 34.9337005615234 35.0043754577637 35.0037689208984 35.0081634521484 34.9872055053711 34.9841995239258 34.9882736206055 35.0740814208984 35.0093765258789 34.9936676025391 35.1408462524414 35.128360748291 35.0307846069336 34.9433174133301 34.9650268554688 34.9794502258301 34.9641075134277 34.9769172668457 34.9784660339355 34.9781227111816 34.9853286743164 34.9913558959961 34.9863052368164 34.9935989379883 35.0047416687012 35.0068855285645 34.9989242553711 35.0003509521484 34.998908996582 34.997200012207
-3.4e+38 -3.4e+38 -3.4e+38 -3.4e+38 34.918815612793 35.2253227233887 35.6170310974121 35.8475074768066 36.0743179321289 36.2118072509766 36.3086013793945 36.1213340759277 35.4615249633789 35.1451263427734 34.9712562561035 34.9379959106445 34.9521522521973 34.9729232788086 35.0027847290039 35.0321159362793 35.0101547241211 34.9982948303223 34.9882125854492 34.9945220947266 35.028148651123 35.0031394958496 34.9731712341309 34.9936561584473 35.0684928894043 35.0010261535645 35.0120620727539 34.9994201660156 34.9789199829102 34.985523223877 34.9778060913086 34.9762763977051 34.9770431518555 34.9811553955078 35.0019035339355 35.0068740844727 35.0054779052734 35.0011291503906 34.9974708557129 34.9977340698242 34.9959259033203 34.9952049255371 34.9947967529297
-3.4e+38 -3.4e+38 -3.4e+38 -3.4e+38 34.962589263916 35.1875457763672 35.6335487365723 35.8632736206055 36.0286598205566 36.1572189331055 36.2774658203125 36.2641983032227 35.5490837097168 35.0986061096191 34.9592247009277 34.9435348510742 34.9890213012695 34.9953765869141 35.000358581543 35.0290985107422 35.0034408569336 35.0052642822266 35.0043869018555 35.0102424621582 34.9846038818359 34.9930038452148 34.9882049560547 34.9921646118164 34.9900360107422 34.9850959777832 35.0160446166992 34.9892044067383 34.9845161437988 35.0038719177246 35.0087013244629 35.0015182495117 35.0105133056641 35.0083618164062 35.0006980895996 35.0006217956543 34.9963760375977 34.9955520629883 35.1154174804688 34.9918441772461 34.9926872253418 34.9928665161133 34.9918441772461
-3.4e+38 -3.4e+38 -3.4e+38 -3.4e+38 34.9284477233887 35.0762367248535 35.6178512573242 35.9195594787598 36.0447883605957 36.1195220947266 36.2182388305664 36.3089027404785 35.8194885253906 35.0651969909668 34.9527320861816 34.9361915588379 34.986988067627 34.9886741638184 35.0223159790039 35.0329399108887 35.0082054138184 34.9999122619629 35.0000305175781 34.9980201721191 35.0134239196777 35.0839691162109 35.0748558044434 35.0105361938477 35.021614074707 35.0116157531738 35.0163116455078 34.9989738464355 35.0046348571777 35.0085182189941 35.0052757263184 35.0029335021973 34.9999694824219 34.9976387023926 34.9947280883789 35.0566368103027 35.0000114440918 35.0273780822754 35.1109008789062 35.1568260192871 35.089225769043 34.9899597167969 35.0274505615234
-3.4e+38 -3.4e+38 -3.4e+38 -3.4e+38 -3.4e+38 34.9386711120605 35.4730415344238 35.9560050964355 36.0929336547852 36.1447982788086 36.1896438598633 36.2969169616699 36.101131439209 35.0894737243652 34.9482955932617 34.9364547729492 34.9903335571289 34.9889335632324 35.0123825073242 35.0197868347168 35.0067825317383 34.9988861083984 35.0048675537109 34.9997253417969 35.0083198547363 35.1120529174805 35.0861549377441 34.9944877624512 35.0030288696289 35.004825592041 35.0041313171387 35.0071830749512 35.0064811706543 35.0098762512207 35.0564041137695 35.0123558044434 34.997314453125 34.9943237304688 34.9927558898926 34.9911155700684 35.0543632507324 35.1087760925293 35.1043510437012 35.0021286010742 35.1215057373047 35.1180686950684 35.1168060302734
-3.4e+38 -3.4e+38 -3.4e+38 -3.4e+38 -3.4e+38 25.6435108184814 35.2004051208496 35.9677200317383 36.1303558349609 36.1847381591797 36.2087860107422 36.2761840820312 36.1489181518555 35.1040954589844 34.9392051696777 34.9385375976562 34.9641418457031 34.998966217041 35.0110702514648 35.0195121765137 35.0066413879395 35.0106658935547 35.0892486572266 35.0561408996582 35.0842170715332 35.163200378418 35.1412048339844 35.1143379211426 35.1080322265625 35.0358810424805 34.9951210021973 34.998119354248 34.9995346069336 35.0098075866699 35.1227874755859 35.103931427002 35.0230140686035 34.9923133850098 34.9915313720703 34.9905471801758 34.9893417358398 35.1349754333496 35.1395111083984 35.1030731201172 35.1020736694336 35.1171493530273 35.1095237731934
-3.4e+38 -3.4e+38 -3.4e+38 -3.4e+38 -3.4e+38 24.398063659668 35.2987518310547 36.0146675109863 36.1632308959961 36.213249206543 36.2502136230469 36.2997016906738 36.0606079101562 35.0651016235352 34.9580459594727 34.9400253295898 34.9463653564453 34.9608612060547 35.0103340148926 35.0000495910645 34.9887428283691 35.0518569946289 35.0904006958008 35.1288642883301 35.1468505859375 35.1480331420898 35.146598815918 35.141658782959 35.1350936889648 35.1521415710449 35.1562805175781 35.1542625427246 35.1209144592285 35.1306686401367 35.1571235656738 35.1523513793945 35.1175270080566 35.0851058959961 35.1188430786133 35.1089286804199 35.1324005126953 35.1376037597656 35.136043548584 35.1315994262695 35.1166000366211 35.1055679321289 35.1132965087891
-3.4e+38 -3.4e+38 -3.4e+38 -3.4e+38 -3.4e+38 -3.4e+38 35.7437400817871 36.0561676025391 36.1783142089844 36.2519683837891 36.284496307373 36.3131103515625 36.0900268554688 35.1304397583008 34.9820556640625 34.9793510437012 34.9534187316895 34.972785949707 35.006477355957 34.987491607666 34.9773483276367 35.058521270752 35.1089057922363 35.1504783630371 35.1755752563477 35.1759185791016 35.1572723388672 35.1789207458496 35.1940002441406 35.1940002441406 35.1940002441406 35.1940002441406 35.1940002441406 35.1940002441406 35.1940002441406 35.1940002441406 35.1894302368164 35.1555519104004 35.1187782287598 35.1138076782227 35.1131629943848 35.112621307373 35.1154441833496 35.124095916748 35.1207542419434 35.1021995544434 35.0978965759277
-3.4e+38 -3.4e+38 -3.4e+38 -3.4e+38 -3.4e+38 -3.4e+38 35.8045043945312 36.0859756469727 36.2025909423828 36.2733268737793 36.3020095825195 36.3340721130371 36.0191192626953 35.138988494873 34.9674034118652 34.9405822753906 34.9392433166504 34.957088470459 34.9814567565918 34.9711303710938 35.0690155029297 35.1002616882324 35.1425361633301 35.1657371520996 35.1940002441406 35.1940002441406 35.1940002441406 35.1940002441406 35.1940002441406 35.1940002441406 35.1940002441406 35.1940002441406 35.1940002441406 35.1940002441406 35.1940002441406 35.1940002441406 35.1940078735352 35.1935844421387 35.1926574707031 35.1752052307129 35.156681060791 35.1405334472656 35.1247291564941 35.1504020690918 35.1469993591309 35.1584892272949 35.1187362670898
-3.4e+38 -3.4e+38 -3.4e+38 -3.4e+38 -3.4e+38 -3.4e+38 35.8365669250488 36.1363334655762 36.2365608215332 36.2853736877441 36.316593170166 36.3371543884277 35.9583129882812 35.0865249633789 34.974250793457 34.9970016479492 34.9380302429199 34.9610595703125 34.9682807922363 35.0136680603027 35.1083450317383 35.150806427002 35.1791534423828 35.1914215087891 35.1940002441406 35.1940002441406 35.1940002441406 35.1940002441406 35.1940002441406 35.1940002441406 35.1940002441406 35.1940002441406 35.1940002441406 35.1940002441406 35.1940002441406 35.1940002441406 35.1940002441406 35.1940002441406 35.1940116882324 35.194034576416 35.1940803527832 35.1886863708496 35.1823768615723 35.1620674133301 35.1662254333496 35.1838226318359 35.184627532959
-3.4e+38 -3.4e+38 -3.4e+38 -3.4e+38 -3.4e+38 35.7907600402832 35.9694023132324 36.1998023986816 36.2638549804688 36.2982063293457 36.3311195373535 36.3296699523926 35.7355003356934 35.0194206237793 34.9811630249023 34.9436264038086 34.9417495727539 34.9571228027344 34.9669761657715 35.0159645080566 35.1281204223633 35.179573059082 35.1940002441406 35.1940002441406 35.1940002441406 35.1940002441406 35.1940002441406 35.1940002441406 35.1940002441406 35.1940002441406 35.1940002441406 35.1940002441406 35.1940002441406 35.1940002441406 35.1940002441406 35.1940002441406 35.1940002441406 35.1940002441406 35.1940002441406 35.1940002441406 35.1940002441406 35.1940002441406 35.1940002441406 35.1939888000488 35.1939735412598 35.1939277648926 35.1937522888184
-3.4e+38 -3.4e+38 -3.4e+38 -3.4e+38 36.0219841003418 35.8990859985352 36.1605911254883 36.2460632324219 36.2797050476074 36.3065185546875 36.3454132080078 36.288646697998 35.4599761962891 35.0005111694336 34.9645080566406 34.944019317627 34.9429397583008 34.9654312133789 34.9766006469727 35.0294532775879 35.1603507995605 35.1940002441406 35.1940002441406 35.1940002441406 35.1940002441406 35.1940002441406 35.1940002441406 35.1940002441406 35.1940002441406 35.1940002441406 35.1940002441406 35.1940002441406 35.1940002441406 35.1940002441406 35.1940002441406 35.1940002441406 35.1940002441406 35.1940002441406 35.1940002441406 35.1940002441406 35.1940002441406 35.1940002441406 35.1939964294434 35.1939353942871 35.1938743591309 35.1938095092773 35.1937446594238
