Ecospace-environmental-drivers/Outputs/ASCII-for-ecospace/Sal-avg/Sal-avg_X1982_mo05_avg28y.asc
NCOLS 131 
NROWS 53 
XLLCORNER -98 
YLLCORNER 23.9265270233154 
CELLSIZE 0.133587792515755 
NODATA_value -9999 
[rows 21 to 41 of 53, columns 47 to 93 of 131]
36.2427637917655 36.2719118935721 36.289183480399 36.2838972636632 36.2739208766392 36.2614788327898 36.2294006347656 36.243770463126 36.2220698765346 36.1613096509661 35.9687974112374 35.8609628677368 35.603083883013 35.2637123380389 35.0350223268781 34.9387405940465 34.9587278366089 34.9454729897635 34.9417303630284 34.941276550293 34.9749847139631 34.9900872366769 34.9798961366926 34.9740262712751 35.0229684284755 35.0327678407942 35.0081840242658 35.0026247841971 35.0210154397147 35.0763508932931 35.070419720241 35.0551483971732 35.0595377513341 35.0533131190709 35.0497023718698 35.0449235098703 35.0346232822963 35.0100044522967 34.9579060418265 34.9315763201032 34.9319910321917 34.9419690540859 34.9569038663592 35.0000177110945 35.0828865596226 35.204460144043 35.36695929936
36.1929171425956 36.1590221949986 36.1521844863892 36.1464236123221 36.1862076350621 36.1030310222081 35.8050655637469 35.9179134368896 35.7367796216692 35.4378495897566 35.2954117911203 35.221533366612 35.1409243174962 35.0399078641619 34.9439800807408 34.9311996187483 34.9593647548131 34.947580065046 34.9747957502093 34.9682004111154 34.9761140005929 34.9900537218366 34.9827431270054 35.0344935825893 35.0208181653704 35.0157638277326 35.0023350034441 34.9977095467704 35.0444585255214 35.0616629464286 35.052597454616 35.0473322187151 35.0450372695923 35.0447623389108 35.0428413663592 35.0423583984375 35.0400960104806 35.0381784439087 35.0380864824568 35.0211390086583 34.9851800373622 34.9649532863072 34.9511139733451 34.9337024688721 34.9371403285435 34.9777232578823 35.0700009209769
35.6265343257359 35.5803545543126 35.6627569198608 35.5494232177734 35.4794554029192 35.3421967370169 35.3251229694911 35.1832457951137 35.1008505140032 35.0375394821167 35.0074907030378 34.9901653017317 34.972430229187 34.9523003441947 34.9524980272566 34.9459209442139 34.9535320826939 34.9877207619803 34.9809458596366 34.9777317047119 34.9741231373378 34.9917422703334 34.9817474910191 35.0431660243443 35.0130687441145 35.0050986153739 34.9992485046387 35.0138687406267 35.0829821995326 35.054018838065 35.0425103051322 35.0406329291207 35.0396887915475 35.0370285851615 35.03672177451 35.0366950716291 35.0365358080183 35.0457963943481 35.1016552788871 35.0757101603917 35.0633851460048 35.064037322998 35.0301010949271 34.9780239377703 34.9476940972464 34.926618031093 34.942024230957
35.1356524058751 35.1157105309623 35.0980589730399 35.0982345853533 35.0715024130685 34.9925789151873 35.0141577039446 34.983266557966 34.9757907049997 34.9462326594761 34.9441118240356 34.9315244129726 34.94508934021 34.9507988521031 34.9579437800816 34.9492725644793 34.9816349574498 34.9885208947318 34.9840842655727 34.996648652213 34.9885805674962 34.9906785147531 34.9812165669032 35.0370127814157 35.0164323534284 35.0175200871059 35.0737575803484 35.0790635517665 35.0675430297852 35.049537386213 35.0426807403564 35.0389614105225 35.0391821180071 35.0370122364589 35.0781450271606 35.0824436460222 35.0939147131784 35.0855148860386 35.0879564285278 35.0815965107509 35.081246648516 35.0749034881592 35.0719769341605 35.0627380098615 35.0163326263428 34.9680193492344 34.9302455357143
34.9575753893171 34.9654918398176 34.9461167199271 34.9588635308402 34.9615486689976 34.9349599565778 34.9588935034616 34.9480315617153 34.9555890219552 34.9580060413906 34.9542504719325 34.9526040213449 34.9459127698626 34.9448065076555 34.9493449074881 34.9804254259382 34.9867228099278 34.9891403743199 35.0024858202253 34.9894413266863 34.9833993911743 34.9783002308437 34.9754314422607 34.9874579565866 35.0260105133057 35.0036795479911 35.0225248336792 35.084593636649 35.0620535441807 35.0460383551461 35.0395129067557 35.0389702660697 35.037431035723 35.0534257888794 35.0916981015887 35.0946494511196 35.0879564285278 35.0925099509103 35.0883824484689 35.0819150379726 35.0813057763236 35.0794699532645 35.0762485776629 35.0751458576747 35.0723526818412 35.0290107727051 34.9627135140555
34.9543379374913 34.9520213263375 34.9468243462699 34.9812096187047 34.9813299179077 34.9586090360369 34.9646272659302 35.0176677703857 34.9553221293858 34.9672302518572 34.9496258326939 34.9670833860125 34.9460732596261 34.9769141333444 34.9813835961478 34.9907723835536 34.9849888937814 34.9842030661447 34.9836507524763 34.9773605891636 34.9764545985631 34.9798597608294 35.0276185444423 35.0324020385742 35.0190512793405 35.0092423302787 35.0013531276158 35.0590527398246 35.0610855647496 35.0442173821585 35.0368734087263 35.0352810450963 35.0342674255371 35.0915955134801 35.1079587936401 35.1064006260463 35.095075062343 35.0931703022548 35.0860212871007 35.0822793415615 35.0793467930385 35.08131476811 35.0801876613072 35.078819002424 35.0782397133963 35.0752623421805 35.0132036209106
34.9756086894444 34.9730344499861 34.9830519812448 35.0002741132464 34.9860864366804 34.978996685573 34.9953012466431 34.9912851878575 34.9743157795497 34.9870398385184 34.9914024897984 34.9783112662179 34.9867837088449 34.9835901260376 35.019645009722 35.026077406747 35.0428261075701 35.0387837546212 35.0198195321219 35.0146393094744 34.9812597547259 35.0315058571952 35.0154510225569 35.0050565174648 35.0046742303031 35.0002570833479 34.9944560187204 35.0644926343645 35.0530812399728 35.0430265154157 35.0393159048898 35.0383697237287 35.0377170017787 35.0344753265381 35.0591602325439 35.1095920290266 35.1011400222778 35.092106955392 35.0805503300258 35.0853721073696 35.0830504553659 35.0788243157523 35.0796286719186 35.0802759443011 35.0811910629272 35.078467641558 35.0502760750907
34.975008555821 34.9880688531058 35.0164653233119 34.980247770037 34.9752430234637 34.9975906099592 34.9944614682879 34.9804009028843 34.9781879697527 34.9743901661464 34.9762131827218 34.9962869371687 35.0108327865601 35.0253933497838 35.0452052525112 35.029958316258 35.0200287955148 35.0150075639997 35.0153690065656 35.0288216727121 35.0356236866542 35.0322577612741 35.0127028056553 35.0023681095668 35.0155805860247 35.0447432654245 35.0769626072475 35.0533252443586 35.0445529392787 35.0400224413191 35.0375661849976 35.0378552845546 35.0380502428327 35.0341430391584 35.0542655672346 35.0620832443237 35.1050728389195 35.0953397750854 35.0889088766915 35.0882783617292 35.0831195286342 35.080117225647 35.0807093211583 35.0810891560146 35.0817477362497 35.0792571476528 35.0763996669224
34.9898616245815 34.9813476290022 34.9774311610631 34.9744950703212 34.976185798645 34.9795671190534 34.9845237731934 34.9874279839652 34.9882380621774 34.9953215462821 35.0269857134138 35.0214653015137 35.0117338725499 35.0227730614798 35.0161037445068 35.0118383680071 35.0057555607387 35.0033273696899 35.0051441192627 35.0085394723075 35.0122725622995 35.018248966762 35.0109618050711 35.0041986192976 35.0662467139108 35.0520902361189 35.0483478818621 35.0439329147339 35.0396374293736 35.0368197304862 35.0367119652884 35.0365452085222 35.0350494384766 35.0332407270159 35.0336272375924 35.0334193365915 35.0985200064523 35.0988952091762 35.0887998853411 35.0914133616856 35.0850704738072 35.0823845182146 35.0838435036795 35.0824606759208 35.0822380610875 35.0820527757917 35.0792033331735
34.9775592258998 34.9817414964948 35.0655724661691 35.0481662750244 34.9743852615356 35.0297013691493 34.9745817184448 34.9786896024431 34.9798506328038 35.0198169435774 35.020396232605 35.0320035389491 35.063909803118 35.0311299732753 35.0202707563128 35.027108328683 35.0697437013899 35.0733916418893 35.0700566428048 35.0550760541643 35.0026779174805 35.0088405609131 35.0053975241525 34.9994273866926 35.0680381229946 35.0552541187831 35.0478988374983 35.0425525392805 35.0384770802089 35.0374101911272 35.0360209601266 35.0357400349208 35.0360984802246 35.0347341809954 35.0331430435181 35.0338599341256 35.088586126055 35.0951137542725 35.0903459276472 35.0914986474173 35.0865966251918 35.0848900931222 35.083260672433 35.0831410544259 35.0813936505999 35.0796993800572 35.0803450175694
35.0911554609026 34.979186466762 35.0234312329973 35.0302085876465 34.976119858878 34.9742125102452 34.9736093793597 34.9726674216134 34.9790288380214 35.0267911638532 35.0468737738473 35.0756641115461 35.0657566615513 35.0582155500139 35.0662332262312 35.0659890856062 35.059198651995 35.0539617538452 35.0538234710693 35.0724951880319 35.0435224260603 35.0028050286429 35.0045509338379 34.9973737171718 35.0537331444877 35.064955166408 35.0478188650949 35.0421677998134 35.0372197287423 35.0361630575998 35.0362092426845 35.0369660513742 35.0371926171439 35.0367472512381 35.0363085610526 35.0344595227923 35.0921931947981 35.0917669023786 35.0935633523124 35.0920389720372 35.0887383052281 35.0892148699079 35.0859478541783 35.0849264689854 35.0833094460624 35.0824981416975 35.0785322189331
34.9874604088919 34.976279939924 34.9817229679653 35.0414485931396 34.9753829411098 35.0240666525705 35.0347920826503 35.0270442962646 35.0126350947789 35.0719499588013 35.0637149810791 35.0565012523106 35.0504988261632 35.0471083777291 35.0473027910505 35.0461489813668 35.0444875444685 35.0453119277954 35.047757421221 35.0513003213065 35.0630930491856 35.0581959315709 34.9947203227452 34.9929077965873 35.0240622929164 35.0717175347464 35.060977935791 35.0475044250488 35.0426583971296 35.0388928822109 35.0382968357631 35.0376193182809 35.0381495612008 35.0368056978498 35.0349337714059 35.0327446801322 35.0924722126552 35.0959054401943 35.0962806429182 35.0897252219064 35.0924045017787 35.0883061545236 35.0875764574323 35.0852320534842 35.0831305640084 35.0841492244176 35.0814783913749
35.029771396092 35.0322705677577 35.0350072043283 35.0328910010202 35.0281012398856 35.0285543714251 35.028400012425 35.038400377546 35.0596309389387 35.0549125671387 35.0462521144322 35.0424836022513 35.0426259722028 35.0391635894775 35.0382314409528 35.0376563753401 35.0376191820417 35.0392701285226 35.0419097627912 35.0418957301549 35.0471845354353 35.0625899178641 35.0660543441772 35.069956098284 35.0753805977958 35.0654805047171 35.0552853175572 35.048734664917 35.0446608407157 35.0412123543876 35.037608555385 35.0365257263184 35.0356408527919 35.0330230167934 35.0335356848581 35.0673814501081 35.0974168777466 35.0943851470947 35.0941784722464 35.0931261607579 35.0913835253034 35.0898621422904 35.0897151402065 35.0882267270769 35.0874008451189 35.084312575204 35.0826921463013
35.032237461635 35.0299002783639 35.0298133577619 35.0302955082485 35.0293995993478 35.0249005726406 35.0465346745082 35.0489764894758 35.0472841262817 35.0518251146589 35.0955359595163 35.1094260896955 35.0881453922817 35.1029115404402 35.0995347159249 35.0667874472482 35.0457692827497 35.0343795503889 35.0347460338048 35.036632674081 35.0407130377633 35.0471933909825 35.0546357291085 35.0511790684291 35.0540136609759 35.0508050918579 35.0459557941982 35.042915889195 35.0406097684588 35.0361904416765 35.0341950825282 35.036865234375 35.0527692522321 35.073016166687 35.0982810429164 35.1043439592634 35.0992396218436 35.0948749269758 35.0949608939035 35.0920000076294 35.0914137704032 35.0914019175938 35.0892286300659 35.0899791717529 35.0857421330043 35.0852558953421 35.0834059034075
35.0270310810634 35.0226286479405 35.0224324635097 35.0231519426618 35.0213400976998 35.0115946360997 35.0919155393328 35.1043895993914 35.1005851200649 35.0977006639753 35.0962497166225 35.0954238346645 35.0954347337995 35.0984232766288 35.1009190423148 35.1004885264805 35.1022165843419 35.1036193030221 35.080189704895 35.0309318814959 35.0350148337228 35.0385878426688 35.0401037761143 35.044849395752 35.0440667016166 35.0407985959734 35.0403905596052 35.0372287205287 35.0356017521449 35.0345610209874 35.0588399342128 35.1052780151367 35.0951645714896 35.0969435828073 35.0952266965594 35.0971095221383 35.1019774845668 35.1001285825457 35.099054472787 35.0962728772845 35.0957689285278 35.0927486419678 35.0913803918021 35.0876932144165 35.0872309548514 35.084466116769 35.0830609457833
35.0136513028826 35.0123427254813 35.0063574654715 35.0253019332886 35.0369855335781 35.0754523958479 35.0944681167603 35.0940414156233 35.0928903307234 35.0905353001186 35.0883425303868 35.0892477035522 35.0922287532261 35.0935303824289 35.0962664740426 35.0948498589652 35.0938385554722 35.0957974025181 35.0978783198765 35.096549987793 35.060475894383 35.0337380000523 35.0337227412633 35.0342580250331 35.0360001155308 35.03762449537 35.0365355355399 35.0342070715768 35.0376096452986 35.0706089564732 35.1026851109096 35.0932042258126 35.0932235717773 35.0946261542184 35.0916530064174 35.0905125481742 35.0946666172573 35.0952130726406 35.0939811979021 35.0952375956944 35.0951792853219 35.0911994661604 35.0885192326137 35.0870518003191 35.0852849142892 35.0854298727853 35.0846885953631
35.008358001709 35.0083201272147 35.0399078641619 35.0901332582746 35.0938806533813 35.0902729034424 35.0902506964547 35.0899885722569 35.0892122813634 35.0881641932896 35.0876799992153 35.0877947126116 35.0896086011614 35.0914096832275 35.0913910184588 35.0916689464024 35.092611857823 35.0949839183262 35.0949766976493 35.0961125237601 35.0975607463292 35.0767070225307 35.0547564370292 35.0741470881871 35.0727919169835 35.0654358182635 35.0774984359741 35.0751818248204 35.0926513671875 35.0923822947911 35.0943508148193 35.0952019010271 35.0916509628296 35.0898840767997 35.0883355821882 35.0900095530919 35.089905330113 35.0900015149798 35.0916284833636 35.0926230294364 35.094037600926 35.0920320238386 35.0870595659528 35.0867552076067 35.0863330023629 35.0856357301985 35.085699898856
35.031240599496 35.0454183306013 35.0921557290213 35.097740990775 35.0938734327044 35.0911016464233 35.0895987919399 35.0893546513149 35.0888088771275 35.0886117390224 35.0889177322388 35.089665549142 35.0895354407174 35.0888794490269 35.0902421133859 35.0902587345668 35.0907712663923 35.0889568328857 35.0901583262852 35.0925559997559 35.095135143825 35.0924938746861 35.0896351678031 35.0928886958531 35.088298525129 35.0906111853463 35.0968138831002 35.0941385541643 35.0923040934971 35.0915888377598 35.0903971535819 35.0889275414603 35.0883700507028 35.0863362721034 35.086199760437 35.0871411732265 35.0876590183803 35.0875373567854 35.0879473005022 35.0907017844064 35.0922396523612 35.0917491912842 35.0874049322946 35.0876226425171 35.0874511173793 35.0861831392561 35.0861763272967
35.0841105324881 35.0984528405326 35.1010571888515 35.0979108810425 35.0939069475446 35.0915307998657 35.0901008333479 35.0893703188215 35.0885479790824 35.0878805433001 35.0879868098668 35.0888680049351 35.0889952523368 35.088306427002 35.0873189653669 35.0879171916417 35.0881338119507 35.0873801367623 35.0877641950335 35.088542665754 35.087698663984 35.0880261829921 35.0890065601894 35.0893681389945 35.0898628234863 35.0884855815343 35.0888208661761 35.0900438853673 35.0901782172067 35.0891705921718 35.0861439023699 35.0852917262486 35.0848789215088 35.0830860137939 35.0821649006435 35.0841530391148 35.0854024887085 35.0866715567453 35.0873057501657 35.0903675896781 35.0911885670253 35.0907421112061 35.0892132350377 35.0881102425711 35.0865255083357 35.0867554800851 35.0849661145891
35.1009058271136 35.101402418954 35.1003518785749 35.0967134748186 35.0937726157052 35.0917174475534 35.0899885722569 35.0889686856951 35.0881696428571 35.0872259140015 35.0871613366263 35.0879101072039 35.0881778172084 35.0879068374634 35.0875017983573 35.0863151550293 35.0860751015799 35.0861643382481 35.0865234647478 35.0869020734514 35.0861985342843 35.087295123509 35.0878648757935 35.0872167859759 35.0868494851249 35.0861603873117 35.0864828654698 35.087664604187 35.0874560219901 35.0853202002389 35.0842752456665 35.0829347882952 35.0818125861032 35.0803418840681 35.0794281278338 35.0807831627982 35.0831568581717 35.0847257886614 35.0869998931885 35.0891791752407 35.0907902036394 35.0893316268921 35.0882646015712 35.0881774084909 35.0874616077968 35.0867719650269 35.0841195242746
35.1005159105573 35.0996082850865 35.0979909896851 35.0951226098197 35.0930005482265 35.0904246738979 35.088786806379 35.0881246839251 35.0873541150774 35.0866421290806 35.0867331368583 35.0871606554304 35.0873278209141 35.08707346235 35.0864137922014 35.0854093006679 35.0847535814558 35.0850417273385 35.084760257176 35.0840347834996 35.0849448612758 35.0860301426479 35.0865289143154 35.086149760655 35.0854023524693 35.0842958177839 35.0834740230015 35.0840452739171 35.0841945920672 35.0837230682373 35.0820142201015 35.0805748530797 35.0797271728516 35.0787225450788 35.0781895773751 35.0798744474139 35.0826790673392 35.0848988124302 35.087074143546 35.0894966125488 35.090031351362 35.0901058741978 35.0885167803083 35.0891502925328 35.0876731872559 35.0858797345843 35.0852090290615
