Ecospace-environmental-drivers/Outputs/ASCII-for-ecospace/Sal-avg/Sal-avg_X2004.09.asc
NCOLS 131 
NROWS 53 
XLLCORNER -98 
YLLCORNER 23.9265270233154 
CELLSIZE 0.133587792515755 
NODATA_value -3.4e+38 
[rows 21 to 41 of 53, columns 0 to 46 of 131]
-3.4e+38 -3.4e+38 -3.4e+38 -3.4e+38 -3.4e+38 -3.4e+38 32.916618347168 32.8008003234863 32.7388000488281 32.4811363220215 32.7422714233398 32.8835563659668 33.1084136962891 33.3244094848633 33.5972747802734 33.9328422546387 34.2241287231445 34.5249900817871 34.8019752502441 35.0512962341309 35.2808380126953 35.4081687927246 35.4778099060059 35.467113494873 35.4918937683105 35.5161590576172 35.5257110595703 35.5512580871582 35.6194610595703 35.7489738464355 35.8038482666016 35.779239654541 35.7269477844238 35.7276382446289 35.7643623352051 35.8259544372559 35.8679237365723 35.8681335449219 35.863842010498 35.8761901855469 35.8822021484375 35.8533172607422 35.8538970947266 35.8368644714355 35.828311920166 35.8482284545898 35.9062118530273
-3.4e+38 -3.4e+38 -3.4e+38 -3.4e+38 -3.4e+38 -3.4e+38 33.0006713867188 32.9483795166016 32.8008003234863 32.9344635009766 33.0710411071777 33.3191833496094 33.690258026123 34.2465209960938 34.6950225830078 34.9990501403809 35.1528854370117 35.3690414428711 35.5117492675781 35.6412811279297 35.806697845459 35.9497222900391 36.0484313964844 36.0456619262695 36.0002593994141 35.9272232055664 35.945728302002 36.0411529541016 36.0523223876953 36.0552978515625 36.0741539001465 36.0993537902832 36.1294822692871 36.1407127380371 36.1944389343262 36.2008972167969 36.1906089782715 36.1781044006348 36.1605033874512 36.12744140625 36.1346702575684 36.1361656188965 36.0817527770996 36.0834579467773 36.1181030273438 36.1164665222168 36.1404304504395
-3.4e+38 -3.4e+38 -3.4e+38 -3.4e+38 32.9686889648438 32.789134979248 32.9681434631348 33.0006713867188 33.0436706542969 33.1877784729004 33.4479827880859 34.1012763977051 34.9936256408691 35.4574699401855 35.6335029602051 35.617259979248 35.7149047851562 35.8056221008301 35.9433670043945 36.1252746582031 36.1284294128418 36.0205154418945 35.8990516662598 35.8094215393066 35.9168319702148 35.8609504699707 35.9221725463867 36.0651626586914 36.169246673584 36.0937690734863 36.2263145446777 36.263599395752 36.2654685974121 36.1434745788574 36.2509155273438 36.1715774536133 36.0616760253906 36.0859451293945 35.8867988586426 35.4612236022949 35.5176391601562 35.5280647277832 35.789924621582 35.5347862243652 35.6988830566406 35.7382659912109 35.8250503540039
-3.4e+38 -3.4e+38 -3.4e+38 -3.4e+38 33.1166687011719 33.0002632141113 32.789134979248 33.1146240234375 33.2837371826172 33.532958984375 34.2737121582031 35.2900848388672 35.8008193969727 36.0429725646973 36.1147003173828 36.1139068603516 36.0761070251465 35.8640365600586 35.7722396850586 35.5448760986328 35.2870864868164 35.1457672119141 35.1654739379883 35.1724510192871 35.2023544311523 35.1853294372559 35.2716255187988 35.1852760314941 35.3066101074219 35.2545890808105 35.3797302246094 35.5758171081543 35.6799736022949 35.7476844787598 35.879695892334 35.8119888305664 35.8977737426758 35.7331314086914 35.3877868652344 35.0786895751953 35.0742301940918 35.1183776855469 35.1477699279785 35.082935333252 35.0322265625 35.0810012817383 35.0222434997559
-3.4e+38 -3.4e+38 -3.4e+38 -3.4e+38 -3.4e+38 33.1166687011719 33.0949859619141 33.3239822387695 33.5453414916992 34.2036590576172 35.3190612792969 35.9153900146484 36.1763801574707 36.2309455871582 36.1734237670898 35.957950592041 35.4581031799316 35.1069107055664 35.0581741333008 34.9802093505859 34.9365577697754 34.906421661377 34.9145927429199 34.9093742370605 34.9302749633789 34.9251937866211 34.921028137207 34.9388122558594 34.8840065002441 34.8969993591309 34.916389465332 34.9847297668457 35.0365257263184 35.2764854431152 35.2999687194824 35.3417053222656 35.2898139953613 35.1014671325684 34.9415664672852 34.9308471679688 34.9546089172363 34.9364967346191 34.9322547912598 34.9272727966309 34.901065826416 34.9125289916992 34.9155426025391
-3.4e+38 -3.4e+38 -3.4e+38 -3.4e+38 -3.4e+38 33.3446922302246 33.3356285095215 33.5360565185547 33.9861946105957 35.1050834655762 35.8844718933105 36.189697265625 36.251335144043 36.1145057678223 35.747371673584 35.3615188598633 35.0311698913574 34.933219909668 34.9218559265137 34.9405555725098 34.9575119018555 34.9513092041016 34.9544219970703 34.9236717224121 34.958911895752 34.9264183044434 34.9247665405273 34.9282112121582 34.9111366271973 34.9396629333496 34.8942222595215 34.8762969970703 34.9140281677246 34.9496269226074 34.9452323913574 34.9508438110352 34.9383239746094 34.9834403991699 34.9379844665527 34.9383010864258 34.9129447937012 34.9495391845703 34.9068336486816 34.9041061401367 34.9054679870605 34.9020042419434 34.9320831298828
-3.4e+38 -3.4e+38 33.9973754882812 33.9151382446289 33.6196517944336 33.4187240600586 33.4843254089355 33.7316780090332 34.5559997558594 35.6132621765137 36.1376724243164 36.2560615539551 36.1583671569824 35.7377052307129 35.2891693115234 35.0924682617188 34.9457664489746 34.9461364746094 34.9555549621582 34.956371307373 34.944149017334 34.9419441223145 34.9425201416016 34.9444885253906 34.9448661804199 34.9424476623535 34.9677467346191 34.9697952270508 34.9691543579102 34.9345817565918 34.9078216552734 34.9118309020996 34.8938598632812 34.926197052002 34.9165916442871 34.9424057006836 34.9217834472656 34.9386177062988 34.9373588562012 34.9570388793945 34.9418716430664 34.9515151977539 34.9556884765625 34.9559020996094 34.9310302734375 34.9280967712402 34.9670066833496
-339999999999999996128486808808066248288.000000000000000 -3.4e+38 -3.4e+38 -3.4e+38 33.8328971862793 33.5045623779297 33.5950012207031 33.9504470825195 35.0158271789551 35.9299278259277 36.2362213134766 36.2291145324707 35.8854637145996 35.3181304931641 35.0667991638184 34.9665908813477 34.9276580810547 34.955207824707 34.9479331970215 34.957202911377 34.939884185791 34.9494667053223 34.9477691650391 34.9468841552734 34.9361686706543 34.9387817382812 34.9673805236816 34.9359092712402 34.987865447998 34.9504013061523 34.939323425293 34.9599990844727 34.9133987426758 34.8998718261719 34.926700592041 34.9475784301758 34.9295349121094 34.9456596374512 34.9405784606934 34.9419364929199 34.9698028564453 34.9670562744141 34.9630737304688 34.9556274414062 34.9773406982422 34.9807739257812 34.9713401794434
-3.4e+38 -3.4e+38 -3.4e+38 -3.4e+38 33.8230590820312 33.5652732849121 33.6821441650391 34.1214942932129 35.2370529174805 36.0674171447754 36.2707862854004 36.1441650390625 35.5038375854492 35.0796241760254 34.9495124816895 34.9079475402832 34.8920631408691 34.9402313232422 34.944580078125 34.9385414123535 34.9706840515137 34.9758453369141 34.974925994873 34.9807815551758 34.9825820922852 34.965763092041 35.0072631835938 34.9751510620117 35.0069389343262 34.9400291442871 34.9402122497559 34.9345321655273 34.9795036315918 34.9467849731445 34.9507904052734 34.9889297485352 34.9682769775391 34.976634979248 34.9808235168457 34.9791259765625 34.9619522094727 34.959114074707 34.9684448242188 34.984676361084 34.9697570800781 35.0034065246582 34.9954795837402
-3.4e+38 -3.4e+38 -3.4e+38 -3.4e+38 33.842887878418 33.6328315734863 33.7143440246582 34.175895690918 35.3104362487793 36.095703125 36.2802658081055 35.9636344909668 35.2261047363281 34.9870071411133 34.9168167114258 34.9067001342773 34.9426879882812 34.9449348449707 34.9800415039062 34.9808311462402 34.9991874694824 34.9727516174316 34.9570808410645 34.9642868041992 35.0496597290039 34.9870681762695 34.9736518859863 35.0209693908691 35.0185852050781 34.9854698181152 34.9313049316406 34.9571075439453 34.9650535583496 34.9599151611328 35.0095367431641 34.992244720459 34.9840278625488 34.9737777709961 34.9757041931152 34.9586906433105 34.9732666015625 34.9775657653809 34.9778823852539 34.9775924682617 34.9763107299805 34.9757347106934 34.9752655029297
-3.4e+38 -3.4e+38 -3.4e+38 -3.4e+38 33.9487991333008 33.7292594909668 33.7229309082031 34.0997047424316 35.1608619689941 36.0120239257812 36.2726249694824 35.9406051635742 35.1302261352539 34.9669876098633 34.9219589233398 34.9425621032715 34.9507026672363 34.9586791992188 34.9692611694336 35.0161895751953 34.9969635009766 34.9800262451172 34.9572982788086 34.9617614746094 35.0013122558594 34.9794692993164 34.9469604492188 34.9550552368164 35.0032043457031 34.9850120544434 35.0160675048828 34.9921951293945 34.9528617858887 34.9655914306641 34.9695014953613 34.9618148803711 34.9631233215332 34.962776184082 34.9768142700195 34.9813346862793 34.977897644043 34.9734077453613 34.967700958252 34.9704895019531 34.9735145568848 34.9739379882812 34.9728889465332
-3.4e+38 -3.4e+38 -3.4e+38 -3.4e+38 33.8776817321777 33.8102531433105 33.7373428344727 33.9883193969727 34.7958831787109 35.7496757507324 36.1981353759766 36.161735534668 35.2647514343262 34.9404525756836 34.9090690612793 34.9447250366211 34.9790878295898 34.966480255127 34.9652786254883 35.0087203979492 34.9751892089844 34.9682960510254 34.9677925109863 34.9812927246094 34.9615516662598 34.9680023193359 34.9658584594727 34.9728965759277 34.9712715148926 34.9659576416016 35.0186347961426 34.9527587890625 34.9496459960938 34.9767799377441 34.9861488342285 34.9817924499512 34.9891548156738 34.9836044311523 34.9687423706055 34.9600791931152 34.9637794494629 34.9640998840332 35.0629425048828 34.9588279724121 34.9609336853027 34.9660110473633 34.9658126831055
-3.4e+38 -3.4e+38 -3.4e+38 -3.4e+38 33.7129859924316 33.8426170349121 33.8110656738281 33.9177703857422 34.4171371459961 35.1845893859863 35.9111251831055 36.1958389282227 35.6005592346191 34.9360237121582 34.930233001709 34.9387626647949 34.9889640808105 34.9619140625 34.9897956848145 34.9819984436035 34.9696273803711 34.9688301086426 34.9675521850586 34.9742202758789 34.9828605651855 35.0224647521973 35.0251350402832 34.9688491821289 34.9930305480957 34.9983062744141 35.0029563903809 34.9670028686523 34.9696235656738 34.968376159668 34.962947845459 34.9659957885742 34.9632987976074 34.9632110595703 34.9619216918945 35.0379486083984 34.9657211303711 34.9828224182129 35.062385559082 35.1021957397461 35.0453262329102 34.9594497680664 34.9929351806641
-3.4e+38 -3.4e+38 -3.4e+38 -3.4e+38 -3.4e+38 33.9215507507324 33.8974761962891 33.8934364318848 34.1505813598633 34.7849578857422 35.4795722961426 36.0544166564941 35.8981819152832 34.963924407959 34.9261283874512 34.9317932128906 34.9916763305664 34.9678077697754 34.9843673706055 34.9813804626465 34.9710311889648 34.9639663696289 34.9648056030273 34.9682197570801 34.9712028503418 35.034595489502 35.0123558044434 34.958667755127 34.9653511047363 34.973388671875 34.9686813354492 34.9651947021484 34.9601783752441 34.9625625610352 34.9997825622559 34.9669914245605 34.9586639404297 34.9601898193359 34.9571838378906 34.9566688537598 35.0121154785156 35.0646629333496 35.0553436279297 34.9674797058105 35.0831298828125 35.0807991027832 35.060432434082
-3.4e+38 -3.4e+38 -3.4e+38 -3.4e+38 -3.4e+38 30.215648651123 33.9606056213379 33.9485969543457 34.0589561462402 34.561222076416 35.2031478881836 35.9075317382812 35.9190521240234 35.0033493041992 34.921257019043 34.9320793151855 34.9571266174316 34.9884757995605 34.9907760620117 34.9760627746582 34.9655532836914 34.9695472717285 35.0225639343262 35.0139350891113 35.0134582519531 35.0839958190918 35.0623207092285 35.0452308654785 35.0519332885742 34.9903373718262 34.9571838378906 34.9568901062012 34.9555854797363 34.9613494873047 35.0519866943359 35.0425186157227 34.9877281188965 34.9569549560547 34.9565925598145 34.9538612365723 34.9524383544922 35.0695114135742 35.0819778442383 35.055721282959 35.0501518249512 35.0517997741699 35.0324592590332
-3.4e+38 -3.4e+38 -3.4e+38 -3.4e+38 -3.4e+38 28.210168838501 33.7130813598633 34.0148086547852 34.091983795166 34.5958824157715 35.2584190368652 35.978141784668 35.7884330749512 34.9624290466309 34.925910949707 34.9342575073242 34.9328536987305 34.9436340332031 34.9874153137207 34.9648399353027 34.9582672119141 35.0045890808105 35.0169334411621 35.0438575744629 35.0569114685059 35.0550689697266 35.0535507202148 35.049732208252 35.042839050293 35.0664558410645 35.0712738037109 35.0683784484863 35.0401000976562 35.0384216308594 35.0650634765625 35.0574684143066 35.0356521606445 35.0215377807617 35.0512542724609 35.0405006408691 35.0499496459961 35.0617904663086 35.0662155151367 35.0612335205078 35.0359268188477 35.0200996398926 35.0344009399414
-3.4e+38 -3.4e+38 -3.4e+38 -3.4e+38 -3.4e+38 -3.4e+38 33.9462928771973 34.0794868469238 34.1598815917969 34.782958984375 35.6039352416992 36.1437454223633 35.8286285400391 35.0109977722168 34.9307823181152 34.9389724731445 34.9257469177246 34.9473762512207 34.9965591430664 34.9604721069336 34.9626884460449 35.0280265808105 35.0372924804688 35.0616455078125 35.094367980957 35.0956954956055 35.0593757629395 35.0977516174316 35.1158294677734 35.1196899414062 35.1216201782227 35.1214408874512 35.1201934814453 35.1187553405762 35.1171493530273 35.11376953125 35.1102294921875 35.058464050293 35.0272064208984 35.0186042785645 35.0140991210938 35.0142059326172 35.0142631530762 35.0282974243164 35.020580291748 34.998420715332 34.9936866760254
-3.4e+38 -3.4e+38 -3.4e+38 -3.4e+38 -3.4e+38 -3.4e+38 33.9851989746094 34.1162376403809 34.3071937561035 35.2165832519531 36.018985748291 36.2647399902344 35.7632751464844 35.0354194641113 34.9229965209961 34.9310150146484 34.9200973510742 34.9350967407227 34.9714622497559 34.9583015441895 35.0353164672852 35.0332221984863 35.0509147644043 35.0811805725098 35.1208419799805 35.1236343383789 35.1242904663086 35.126579284668 35.1266555786133 35.1262664794922 35.1258201599121 35.1251487731934 35.1244087219238 35.1230621337891 35.117504119873 35.1125946044922 35.1126518249512 35.1138916015625 35.1104278564453 35.0918502807617 35.0582389831543 35.0435104370117 35.0365371704102 35.0386810302734 35.0384941101074 35.0583190917969 35.0169944763184
-3.4e+38 -3.4e+38 -3.4e+38 -3.4e+38 -3.4e+38 -3.4e+38 34.0442199707031 34.153450012207 34.7002258300781 35.7502937316895 36.1870956420898 36.2750396728516 35.737190246582 34.9806060791016 34.9212379455566 34.9381866455078 34.9290313720703 34.9480667114258 34.9692306518555 35.0059814453125 35.046558380127 35.0502738952637 35.0971832275391 35.1191482543945 35.1239013671875 35.1269378662109 35.1285247802734 35.1282997131348 35.1269912719727 35.1253967285156 35.123405456543 35.1220474243164 35.1213264465332 35.1202201843262 35.1180992126465 35.1133422851562 35.1130294799805 35.115779876709 35.1166458129883 35.1166343688965 35.1211891174316 35.1168098449707 35.1076278686523 35.0658874511719 35.0748710632324 35.107364654541 35.1046867370605
-3.4e+38 -3.4e+38 -3.4e+38 -3.4e+38 -3.4e+38 34.1717491149902 34.0990371704102 34.3813705444336 35.3107414245605 36.0304908752441 36.2653884887695 36.2353096008301 35.5327758789062 34.9437713623047 34.9291763305664 34.9241828918457 34.9254608154297 34.9421081542969 34.9666404724121 35.0133972167969 35.0538940429688 35.0928726196289 35.1208343505859 35.1240196228027 35.1275329589844 35.1298980712891 35.1285514831543 35.125358581543 35.1208648681641 35.1157341003418 35.1111602783203 35.1093673706055 35.1103668212891 35.1122055053711 35.1127166748047 35.1123428344727 35.1130981445312 35.1145286560059 35.1143951416016 35.1111526489258 35.1112213134766 35.1155700683594 35.1232566833496 35.1271896362305 35.1266403198242 35.1212463378906 35.1150703430176
-3.4e+38 -3.4e+38 -3.4e+38 -3.4e+38 34.5507278442383 34.241039276123 34.2247695922852 34.9049758911133 35.724681854248 36.188060760498 36.2728576660156 36.0773887634277 35.2675971984863 34.9348678588867 34.9247169494629 34.922248840332 34.9236793518066 34.9500122070312 34.9758110046387 34.9933776855469 35.0809860229492 35.1155891418457 35.1219635009766 35.1259994506836 35.1272239685059 35.1247024536133 35.1182899475098 35.1124076843262 35.1068305969238 35.1032752990723 35.1012687683105 35.1008682250977 35.1028785705566 35.1051330566406 35.1064147949219 35.106258392334 35.1067504882812 35.1088027954102 35.1085586547852 35.1059875488281 35.1030540466309 35.1026878356934 35.1057739257812 35.1082763671875 35.1103057861328 35.1118507385254 35.1093330383301
