Ecospace-environmental-drivers/Outputs/ASCII-for-ecospace/Sal-avg/Sal-avg_X1988_mo09_avg28y.asc
NCOLS 131 
NROWS 53 
XLLCORNER -98 
YLLCORNER 23.9265270233154 
CELLSIZE 0.133587792515755 
NODATA_value -9999 
[rows 21 to 41 of 53, columns 47 to 93 of 131]
36.2482987812587 36.263955116272 36.2806903294155 36.2762282235282 36.2613093512399 36.2536641529628 36.2118200574602 36.2235456194196 36.2018611090524 36.1514422552926 35.9816498075213 35.8851555415562 35.6388880865915 35.2889934267317 35.0346490315029 34.9277262006487 34.93968132564 34.9343912942069 34.9322023391724 34.9349427904402 34.9650267192296 34.9837931224278 34.975127356393 34.9704570770264 35.0212387357439 35.0344700132097 35.0101592200143 35.0041758673532 35.0211000442505 35.076375416347 35.0715919222151 35.0575354439872 35.0632126671927 35.0576080594744 35.0526903697423 35.0446720123291 35.0330780574254 35.008859361921 34.9544117791312 34.9308131081717 34.9379884174892 34.9450375693185 34.9593338285174 35.0094318389893 35.1017397471837 35.2189350128174 35.3730579103742
36.2243296759469 36.1787195205688 36.1663919176374 36.1610389436994 36.2000449044364 36.1104963847569 35.8181957517351 35.9310904911586 35.7558285849435 35.4749405724662 35.3386363983154 35.2693937846593 35.1708126068115 35.0461879457746 34.9360527311053 34.9194668361119 34.9425860813686 34.9386934552874 34.969288962228 34.9629489353725 34.965202331543 34.9848098754883 34.9789834703718 35.0297118595668 35.0200000490461 35.0172074181693 35.0038290023804 34.9991023199899 35.0443143844604 35.0621726172311 35.0553042548043 35.0497969218663 35.0468923023769 35.046404838562 35.0446598870414 35.043721471514 35.041209084647 35.0396461486816 35.0387537819999 35.0209674835205 34.984138080052 34.9648171833583 34.9488930021014 34.92926297869 34.9364128112793 34.9907210213797 35.092843736921
35.6891005379813 35.630063193185 35.6941462925502 35.5760547092983 35.5015268325806 35.3760348728725 35.3521096365792 35.2005190168108 35.12356703622 35.0551173346383 35.0156726837158 34.9972630909511 34.9780045918056 34.9471911021641 34.9475934164865 34.9324716840472 34.938164302281 34.9830634253366 34.9672722135271 34.9655483790806 34.9644596917289 34.9867540087019 34.9775841576712 35.0415970938546 35.0116957255772 35.0046180997576 35.0002066748483 35.0144673756191 35.0838212966919 35.0571605137416 35.0464477539062 35.0430086680821 35.0405244827271 35.0385227203369 35.0383562360491 35.0386110033308 35.0386907032558 35.0480292184012 35.1034082685198 35.0726408277239 35.0631232942854 35.0663405827114 35.0299494607108 34.9738599232265 34.9396974018642 34.9204367228917 34.947199004037
35.1514966147287 35.1212899344308 35.1003901617868 35.1004141398839 35.075300352914 34.994946207319 35.0081847054618 34.978057043893 34.9704396384103 34.9417422158377 34.9411371776036 34.9263512747628 34.9395427703857 34.9413191931588 34.9472261156355 34.9361250741141 34.9729266847883 34.9788404192243 34.9730255944388 34.9926043919155 34.9843284061977 34.9867989676339 34.9774460111346 35.0330569403512 35.0144872665405 35.0163567406791 35.0700281688145 35.0790978840419 35.0709180831909 35.0523777008057 35.044939994812 35.0394565037319 35.0393085479736 35.0368119648525 35.0766364506313 35.0811478751046 35.0958062580654 35.0885005678449 35.0874876294817 35.074926512582 35.0813143593924 35.0779320853097 35.0734604426793 35.0663125174386 35.0143782751901 34.9601573944092 34.9232312611171
34.9525818143572 34.9601155689784 34.9415277753557 34.9518944876535 34.9556804384504 34.9357551847185 34.9528784070696 34.9450522831508 34.9478626251221 34.9513639722552 34.9464311599731 34.9416627883911 34.9363941465105 34.9331538336618 34.9362985066005 34.9691329683576 34.979309626988 34.9817043031965 34.9979452405657 34.9842255456107 34.9786303383963 34.9745597839355 34.9731315885271 34.9846963882446 35.0235018048968 35.0046450751168 35.0216740199498 35.0805857522147 35.0637201581682 35.0499496459961 35.0407894679478 35.0386438369751 35.0372221810477 35.0497361591884 35.0836056300572 35.0936877386911 35.0913181304932 35.0969285964966 35.0892579214914 35.0768713269915 35.0779251371111 35.0814493724278 35.0790917532785 35.0785601479667 35.0750994001116 35.0274927956717 34.954480443682
34.9499299185617 34.9472235270909 34.9433193206787 34.9815450395857 34.9787100383214 34.9529586519514 34.9607221058437 35.014043535505 34.9508912222726 34.9646669115339 34.9455466951643 34.9632501602173 34.9377916881016 34.9723065240043 34.9752638680594 34.9850440706526 34.9795113972255 34.9778248923165 34.9777069091797 34.9739285877773 34.9737815856934 34.9775515965053 35.0237197875977 35.0326249258859 35.0226230621338 35.0117750167847 35.0019505364554 35.0566452571324 35.0623054504395 35.0463108335222 35.0388878413609 35.0367866243635 35.0346600668771 35.0873148781913 35.1011971064976 35.1091478892735 35.0999770845686 35.0990287235805 35.089467729841 35.0835952758789 35.0792497907366 35.0820456913539 35.0836821964809 35.0825959614345 35.0818959644863 35.0778324944632 35.0101731164115
34.9731800896781 34.9709118434361 34.9838928495135 35.0100840159825 34.9909347806658 34.9768864767892 34.992107118879 34.990119934082 34.9714963095529 34.9835232325963 34.9878421510969 34.9729690551758 34.9787868772234 34.9763742174421 35.0135097503662 35.0195876530239 35.033200945173 35.0275693620954 35.0087819780622 35.0065931592669 34.9775931494577 35.0273438862392 35.0152616500854 35.0065567834037 35.0078205381121 35.0029638835362 34.9959516525269 35.0652780532837 35.0547790527344 35.0449957166399 35.0405582700457 35.0399776186262 35.0388269424438 35.0354461669922 35.0575997488839 35.1086760929653 35.1035336085728 35.0963265555246 35.0833131245204 35.0874234608241 35.0858182907104 35.0828154427665 35.0835448673793 35.0833456856864 35.0843522208078 35.0829391479492 35.0506384713309
34.9771495546613 34.9917744227818 35.0199162619455 34.984998021807 34.9818141119821 35.0042843137469 34.9929116112845 34.9773509161813 34.9744611467634 34.9678114482335 34.9690343311855 34.988041469029 35.0061616897583 35.019280569894 35.0372208186558 35.0215192522321 35.0122168404715 35.0060232707432 35.0052409853254 35.0175973347255 35.0269177300589 35.027400289263 35.0114962714059 35.0019395010812 35.0157145091466 35.0441792351859 35.0769435337612 35.0553729193551 35.0461153302874 35.0421890531267 35.0402145385742 35.0396424702236 35.0392089571272 35.0358971187047 35.0540597098214 35.0592275347028 35.102219581604 35.0970167432513 35.0896635055542 35.0899896621704 35.0845275606428 35.0836165291922 35.0856794629778 35.0846710205078 35.0855725152152 35.0841011319842 35.0789684568133
34.992605481829 34.9847203663417 34.9785755702427 34.975985118321 34.9789371490479 34.9825391769409 34.9873694011143 34.9883847917829 34.9877022334508 34.9908753803798 35.0228652954102 35.0167540141514 35.0061074665615 35.0173401151385 35.010972567967 35.0062670026507 34.9996260234288 34.9972903387887 34.9990573610578 35.002083505903 35.0052791322981 35.013008253915 35.0079838888986 35.0018204280308 35.0637253352574 35.0477531978062 35.0496450151716 35.0467192786081 35.0426325116839 35.0390086855207 35.0384896142142 35.0372607367379 35.0371592385428 35.0360953467233 35.0358482088361 35.0350973946708 35.0919746671404 35.095158304487 35.0861564363752 35.0919542312622 35.0826854705811 35.0823749814715 35.0873072487967 35.0853436333793 35.0856963566371 35.0864374978202 35.0832717078073
34.9789718900408 34.9821419034685 35.0662617002215 35.0510420118059 34.9749830790928 35.0301456451416 34.9753935677665 34.9784675325666 34.9789386476789 35.0167034694127 35.0155455725534 35.0264445713588 35.0603501456124 35.0258306775774 35.016087940761 35.0217921393258 35.0635960442679 35.0701518739973 35.0670024326869 35.0503195353917 34.9978358404977 35.004227910723 35.0018847329276 34.9973475592477 35.066088948931 35.0551018033709 35.0487160001482 35.0449149268014 35.0420100348336 35.0399284362793 35.0377050127302 35.0382511956351 35.0396990094866 35.0386486053467 35.0365014757429 35.0363946642195 35.0837706157139 35.0926812035697 35.0893974304199 35.0913644518171 35.0851001739502 35.0872537067958 35.0875425338745 35.0868166514805 35.0847967692784 35.0834324700492 35.0830373764038
35.0885301317487 34.9780584062849 35.0256155558995 35.0297697612218 34.974899155753 34.9727332251413 34.9716211046491 34.969936643328 34.9756834847586 35.0235400881086 35.042589868818 35.07346534729 35.0641093935285 35.0588242667062 35.0636739730835 35.0631265640259 35.0566629682268 35.0533376421247 35.0559057508196 35.0702592304775 35.039785521371 34.9997594015939 35.0017411368234 34.9950963429042 35.0529594421387 35.0650423594884 35.0482762200492 35.0435292380197 35.0398432867868 35.0392915180751 35.0393796648298 35.0407774788993 35.0422575814383 35.0410894666399 35.0399945122855 35.0374351228986 35.0900873456682 35.0905272620065 35.0931960514614 35.0911791665213 35.0883150100708 35.0921149935041 35.0902900695801 35.0893605096 35.0879186902727 35.0866968972342 35.083053452628
34.9853555134365 34.9750234058925 34.9784736633301 35.0413378306798 34.9717535291399 35.028961454119 35.0313693455287 35.0211387361799 35.0080784388951 35.070931162153 35.0623340606689 35.0534222466605 35.0484891619001 35.0451451710292 35.0467147827148 35.0454153333391 35.0448160171509 35.044484274728 35.0475785391671 35.0535170691354 35.0600506918771 35.0525642122541 34.9923488071987 34.9909451348441 35.0217052187238 35.0719390596662 35.0601190839495 35.0496685845511 35.045617376055 35.0437107086182 35.0429713385446 35.0430248805455 35.0426609856742 35.040369442531 35.0383194514683 35.0360468455723 35.0948193413871 35.0968478066581 35.0959786006383 35.0868699210031 35.0905539648873 35.0908613204956 35.0921690804618 35.0905775342669 35.088078226362 35.0886171885899 35.0861426762172
35.0310780661447 35.0315069471087 35.0296594074794 35.0270182745797 35.0251864024571 35.0239219665527 35.0214584895543 35.0324051720755 35.0566205978394 35.0512001855033 35.0429806028094 35.038824898856 35.0399182183402 35.0375101906913 35.0386367525373 35.0386610031128 35.038795198713 35.040611403329 35.0438744681222 35.0450830459595 35.0489992414202 35.0615445545741 35.062723840986 35.0666999816895 35.0741491317749 35.0668103354318 35.0568647384644 35.052001953125 35.048640523638 35.0464427130563 35.043217250279 35.0416374206543 35.0405033656529 35.0377204077584 35.037567956107 35.0689250401088 35.0996398925781 35.0957771028791 35.0940588542393 35.0916406086513 35.0921136311122 35.0932679857527 35.094448362078 35.0938564028059 35.0936570848737 35.0908833912441 35.088463647025
35.0311528614589 35.0264708655221 35.024051802499 35.0233163833618 35.0235812323434 35.0187414714268 35.0426424571446 35.0440389088222 35.0418263844081 35.0486349378313 35.0934967313494 35.1096007483346 35.0867327281407 35.1007261276245 35.0932674407959 35.0678894860404 35.0481180463518 35.0373522894723 35.0374104636056 35.0396657671247 35.0448959895543 35.0505529131208 35.0535132544381 35.0506969179426 35.0540866851807 35.0521994999477 35.0489974703108 35.0467848096575 35.0454820905413 35.0416575840541 35.0397148132324 35.0419300624302 35.0575092860631 35.0745923178537 35.0997437068394 35.1067100252424 35.1018159048898 35.0967040743147 35.0978943961007 35.0938414164952 35.0942647116525 35.0956311907087 35.0931927817208 35.0948606218611 35.093280519758 35.0924730300903 35.089926310948
35.0226955413818 35.0161737714495 35.0144059317453 35.0174401147025 35.0167714527675 35.0065337589809 35.0916900634766 35.1067199707031 35.1017244883946 35.1014178139823 35.1001089641026 35.0997356687273 35.0998277664185 35.1014753069196 35.1031656265259 35.102991104126 35.1038041796003 35.1042663029262 35.0816448756627 35.0348152433123 35.0392949240548 35.0429724284581 35.0445664269584 35.0473970685686 35.0468856266567 35.0439361844744 35.044572693961 35.0416374206543 35.0408412388393 35.0397594996861 35.0629600797381 35.1083438055856 35.100505556379 35.1026138578142 35.1016938345773 35.1032381057739 35.1079883575439 35.1070117950439 35.1045838764736 35.0995171410697 35.0992819922311 35.0965178353446 35.0959224700928 35.0928739820208 35.0934813363211 35.0914922441755 35.0893223626273
35.0079311643328 35.0073419298445 35.0020657948085 35.0219392776489 35.0351305007935 35.0759341376168 35.097357068743 35.0980422156198 35.0963700158255 35.0938294274466 35.0926985059466 35.0944493157523 35.0969753265381 35.0985186440604 35.1000073296683 35.0987394877843 35.097770009722 35.0988772256034 35.0996046066284 35.097302709307 35.0623478208269 35.0374283109392 35.0377942493984 35.03863797869 35.0405096326555 35.0424206597464 35.0415009089879 35.0396875653948 35.0439060756138 35.0753522600446 35.1078590665545 35.1017641339983 35.1014942441668 35.1020633152553 35.0992663247245 35.0983055659703 35.1013078689575 35.1011665889195 35.0993197304862 35.1000180925642 35.0989164624895 35.0962757383074 35.094219480242 35.0926463263375 35.0911358424595 35.0915012359619 35.0890948431832
35.0034893580845 35.0046099254063 35.0380481992449 35.0896229062762 35.0941126687186 35.0918791634696 35.0923457826887 35.0923885617937 35.091431753976 35.0901260375977 35.0907148633684 35.0929245267596 35.0950555801392 35.0962998526437 35.0964618410383 35.0961577551706 35.0964374542236 35.097816331046 35.0975078855242 35.0978937149048 35.0989578792027 35.0785343987601 35.0588437489101 35.0770700999669 35.0756457192557 35.0715714863368 35.0833125795637 35.0816691262381 35.0993160520281 35.1009615489415 35.1043721607753 35.103721346174 35.1004423413958 35.098290170942 35.0962655203683 35.0963626589094 35.0959092548915 35.096016066415 35.0967337744577 35.0974633353097 35.0998141424997 35.0980095182146 35.093499319894 35.0934276580811 35.092837878636 35.0901803970337 35.089825630188
35.028477532523 35.0445928573608 35.0900644574847 35.0953634807042 35.092125075204 35.0896658216204 35.0895259039743 35.089569909232 35.0894765853882 35.0892286300659 35.0911479677473 35.0927241189139 35.0935136250087 35.0938339233398 35.0945735658918 35.094762802124 35.0951685224261 35.0936429159982 35.0949222019741 35.0968655177525 35.0991239547729 35.0991182327271 35.0984653745379 35.1026427405221 35.0980255944388 35.1006126403809 35.1050916399275 35.1048067637852 35.1047712053571 35.1045337404524 35.1021965571812 35.0995800835746 35.0989401681083 35.0955687931606 35.0944471359253 35.0946369171143 35.0939967291696 35.0938658033098 35.092825617109 35.0957491738456 35.098042351859 35.0974378585815 35.0937717982701 35.0938305173601 35.0934271131243 35.0907103674752 35.0905904769897
35.0840947287423 35.0975112915039 35.0984772273472 35.094744682312 35.0905471529279 35.0884242738996 35.0886561529977 35.088649885995 35.0884429386684 35.0885126931327 35.0892084666661 35.0906726292201 35.0919914245605 35.0924625396729 35.0927633558001 35.0928493227278 35.0927978243147 35.0916095461164 35.0927516392299 35.0943284715925 35.0944499969482 35.0953941345215 35.0968518938337 35.0972266878401 35.0982772282192 35.0974629265921 35.0979085649763 35.1008935655866 35.1021733965193 35.1016372953142 35.0975915363857 35.0954393659319 35.0945732934134 35.0932175772531 35.0925867898124 35.0935110364641 35.0938754762922 35.0938092640468 35.0928754806519 35.0966682434082 35.0966433116368 35.096453666687 35.0954859597342 35.093989099775 35.091547693525 35.0925606318883 35.0900066920689
35.0995307649885 35.1004244940622 35.0985089710781 35.0943649836949 35.0906129564558 35.0888700485229 35.0885934829712 35.0883515221732 35.0878554752895 35.0878414426531 35.0882858548846 35.0892094203404 35.0904835292271 35.0910663604736 35.0911933353969 35.0900026048933 35.0892353057861 35.0891124180385 35.089659009661 35.0906629562378 35.0906994683402 35.0927017756871 35.093613079616 35.0929441452026 35.0935182571411 35.093927519662 35.0950182506016 35.0966986247471 35.0974437168666 35.0959809167044 35.0938583101545 35.0922658102853 35.0913757596697 35.0908555984497 35.0907908848354 35.0916724886213 35.0932982308524 35.0933264323643 35.0928718021938 35.0951277869088 35.0957914079939 35.0937749317714 35.0934587206159 35.0938400541033 35.0929276602609 35.0925949641636 35.0893102373396
35.0994092396327 35.0986648287092 35.0965566635132 35.0936408724104 35.091429574149 35.0899547849383 35.0892703192575 35.0885647365025 35.0877953938075 35.0876831327166 35.0885301317487 35.0890426635742 35.0892637797764 35.089569909232 35.0891350337437 35.0879032952445 35.0869049344744 35.0869259153094 35.086795261928 35.0862590244838 35.086973462786 35.0880626950945 35.0883587428502 35.0879146030971 35.0886150087629 35.0897351673671 35.0904663630894 35.0920814786639 35.0927422387259 35.0921016420637 35.0898600987026 35.0883312225342 35.0879677363804 35.0881748199463 35.0885853086199 35.0897272654942 35.0914892469134 35.0927249363491 35.0928527287074 35.0940521785191 35.0936821528843 35.0938604899815 35.0923832484654 35.0951525824411 35.0934773853847 35.0900881631034 35.0890235900879
