Ecospace-environmental-drivers/Outputs/ASCII-for-ecospace/Sal-avg/Sal-avg_X2005.05.asc
NCOLS 131 
NROWS 53 
XLLCORNER -98 
YLLCORNER 23.9265270233154 
CELLSIZE 0.133587792515755 
NODATA_value -3.4e+38 
[rows 21 to 41 of 53, columns 47 to 93 of 131]
36.1143836975098 36.1907615661621 36.2329177856445 36.2431449890137 36.2432403564453 36.2379379272461 36.1999359130859 36.2279853820801 36.2097702026367 36.124942779541 35.9269409179688 35.8229751586914 35.5402183532715 35.2438697814941 35.0446166992188 34.9418869018555 34.9563522338867 34.944034576416 34.9379005432129 34.9373207092285 34.9696235656738 34.9792404174805 34.9680252075195 34.964427947998 35.0340347290039 35.0557746887207 34.9988632202148 34.9935913085938 35.0160598754883 35.0858917236328 35.0764007568359 35.0498352050781 35.0612449645996 35.0608444213867 35.0579490661621 35.0487899780273 35.0383071899414 35.0159683227539 34.9546661376953 34.9185256958008 34.9217872619629 34.923511505127 34.9174194335938 34.9219627380371 34.9716110229492 35.045581817627 35.1857795715332
36.1422653198242 36.1091537475586 36.0982627868652 36.0826873779297 36.1231956481934 36.0331497192383 35.7086372375488 35.8597412109375 35.6727981567383 35.3656463623047 35.236213684082 35.1695785522461 35.1129188537598 34.9993591308594 34.9131965637207 34.9200325012207 34.9592628479004 34.9524040222168 34.9797668457031 34.9644393920898 34.9633407592773 34.9810791015625 34.9740791320801 35.0596771240234 35.0348434448242 35.0186309814453 34.9947204589844 34.9891014099121 35.046703338623 35.0692672729492 35.0490341186523 35.0406723022461 35.0409126281738 35.0462303161621 35.0442695617676 35.0460815429688 35.0449142456055 35.0392570495605 35.0447654724121 35.0346145629883 34.9881973266602 34.9713478088379 34.9470252990723 34.9181137084961 34.8936653137207 34.888427734375 34.9306793212891
35.5649223327637 35.5276489257812 35.586669921875 35.4625778198242 35.3675918579102 35.2229309082031 35.2476463317871 35.078556060791 34.9599914550781 34.9417915344238 34.9323196411133 34.9489135742188 34.9170989990234 34.9199066162109 34.9495620727539 34.9416389465332 34.9385528564453 34.9870338439941 34.9682159423828 34.9598426818848 34.9574928283691 34.9796142578125 34.9703407287598 35.0705718994141 35.0113220214844 34.9951972961426 34.9885520935059 35.0065116882324 35.0950469970703 35.0508995056152 35.0338363647461 35.0329933166504 35.0350112915039 35.0351104736328 35.0348701477051 35.0362548828125 35.0371322631836 35.0456733703613 35.1058959960938 35.072883605957 35.0529670715332 35.0725326538086 35.0334396362305 34.9787902832031 34.9375839233398 34.9033279418945 34.8749618530273
35.0309791564941 35.0139923095703 34.9850769042969 35.003547668457 34.9814643859863 34.9207420349121 34.950267791748 34.9197578430176 34.9393196105957 34.9156265258789 34.923755645752 34.9066619873047 34.9311637878418 34.9422264099121 34.9566535949707 34.9389266967773 34.9761734008789 34.9779014587402 34.9739418029785 34.9832496643066 34.9757385253906 34.9751853942871 34.9631958007812 35.0492515563965 35.0156745910645 35.0103378295898 35.0788803100586 35.0889587402344 35.07421875 35.0478744506836 35.0344429016113 35.0294303894043 35.0297546386719 35.0298271179199 35.0685615539551 35.0605926513672 35.0953598022461 35.0829582214355 35.0919876098633 35.0879898071289 35.088436126709 35.0933418273926 35.0846710205078 35.0791854858398 35.023738861084 34.9622192382812 34.9137992858887
34.911190032959 34.9317741394043 34.9189758300781 34.9212226867676 34.9324645996094 34.9158706665039 34.9602890014648 34.9320755004883 34.9523277282715 34.9564590454102 34.9526214599609 34.9474906921387 34.9363594055176 34.933048248291 34.9361610412598 34.9664916992188 34.9762229919434 34.9701843261719 34.9957008361816 34.9720153808594 34.9582366943359 34.9568252563477 34.9605751037598 34.970516204834 35.0241241455078 34.9904556274414 35.0082206726074 35.0927543640137 35.0627746582031 35.0423965454102 35.0306129455566 35.0292091369629 35.0280265808105 35.0495834350586 35.0704078674316 35.063346862793 35.0523719787598 35.0746078491211 35.1010627746582 35.0987815856934 35.1013870239258 35.0931663513184 35.0948715209961 35.0935821533203 35.0896835327148 35.0347442626953 34.9574279785156
34.9444160461426 34.9315376281738 34.9280586242676 34.9851112365723 34.9793548583984 34.9556846618652 34.9649124145508 35.0301742553711 34.944709777832 34.9656181335449 34.9338912963867 34.9607391357422 34.9331283569336 34.9686737060547 34.980110168457 34.9819831848145 34.9689292907715 34.9637985229492 34.9645690917969 34.9628105163574 34.9585952758789 34.9589538574219 35.0358963012695 35.0377006530762 35.0127410888672 35.0016098022461 34.9809112548828 35.0631484985352 35.0621948242188 35.0384292602539 35.0262031555176 35.0252799987793 35.0264739990234 35.0925407409668 35.1050300598145 35.113712310791 35.0924034118652 35.1044998168945 35.0962677001953 35.0975761413574 35.0967025756836 35.0942878723145 35.0911674499512 35.0902290344238 35.0890350341797 35.0876884460449 35.018985748291
34.9671173095703 34.9594078063965 34.9805755615234 34.9887619018555 34.975399017334 34.9745063781738 34.9774742126465 34.9867973327637 34.9747657775879 34.9899215698242 34.9888954162598 34.9753761291504 34.976131439209 34.9719352722168 35.0202026367188 35.0289993286133 35.048957824707 35.0312385559082 35.0097808837891 35.0121154785156 34.9615211486816 35.035213470459 35.0011367797852 34.9893455505371 34.9870109558105 34.9861221313477 34.9788284301758 35.0736846923828 35.0578308105469 35.0391120910645 35.0310173034668 35.0312538146973 35.0308036804199 35.029613494873 35.0509757995605 35.111270904541 35.1048393249512 35.0981521606445 35.0912399291992 35.0973930358887 35.0939102172852 35.0929374694824 35.0943603515625 35.0937461853027 35.0899200439453 35.0860786437988 35.0577659606934
34.9593696594238 34.9748802185059 35.0139694213867 34.9691848754883 34.9636993408203 34.9891052246094 34.9800415039062 34.9622802734375 34.9676284790039 34.9619407653809 34.9730796813965 34.9916572570801 35.0200004577637 35.0407180786133 35.0668029785156 35.0300064086914 35.0021514892578 34.9906997680664 34.9915351867676 35.0089263916016 35.0261688232422 35.0146598815918 34.9932022094727 34.9825477600098 34.9984397888184 35.0527191162109 35.095386505127 35.0627174377441 35.0462837219238 35.0384483337402 35.0327453613281 35.0338897705078 35.0307693481445 35.0300941467285 35.0500602722168 35.053466796875 35.1053085327148 35.1027145385742 35.1079597473145 35.1011047363281 35.0950889587402 35.0949211120605 35.0953826904297 35.0954284667969 35.0931510925293 35.0860366821289 35.0771751403809
34.9745635986328 34.9718704223633 34.9707870483398 34.9711952209473 34.9692535400391 34.9717712402344 34.9719390869141 34.9742584228516 34.9793968200684 34.9867706298828 35.0428161621094 35.0279235839844 35.0192565917969 35.0262565612793 35.0125198364258 35.0041351318359 34.990047454834 34.9847106933594 34.9858169555664 34.9815216064453 34.9833602905273 34.9936866760254 34.991455078125 34.9877853393555 35.0824241638184 35.0752906799316 35.0621070861816 35.0458755493164 35.0425148010254 35.035572052002 35.0326461791992 35.0319404602051 35.0347366333008 35.0324440002441 35.031379699707 35.0328483581543 35.0994033813477 35.1079254150391 35.1081314086914 35.1029357910156 35.0991516113281 35.0949363708496 35.090217590332 35.0870323181152 35.0864372253418 35.0868110656738 35.0788383483887
34.9715194702148 34.9751281738281 35.0799713134766 35.0530548095703 34.970027923584 35.0360679626465 34.9706077575684 34.9735145568848 34.9764518737793 35.0327682495117 35.0223388671875 35.0252227783203 35.0643005371094 35.0282173156738 35.0065383911133 35.0253410339355 35.078125 35.0802764892578 35.077953338623 35.0542755126953 34.9810676574707 34.9860725402832 34.9834289550781 34.9805374145508 35.076774597168 35.0662574768066 35.0514869689941 35.0469245910645 35.0406379699707 35.0340385437012 35.0353889465332 35.0366554260254 35.0377998352051 35.0373725891113 35.0363883972168 35.0339965820312 35.0933074951172 35.1050262451172 35.1051902770996 35.1023063659668 35.0950202941895 35.0901985168457 35.0850296020508 35.0822410583496 35.0817260742188 35.0754776000977 35.0737380981445
35.0978050231934 34.9743537902832 35.0216941833496 35.031379699707 34.9709205627441 34.9734497070312 34.9740829467773 34.9754028320312 34.9848442077637 35.0291519165039 35.0435180664062 35.0726165771484 35.0766716003418 35.0647506713867 35.078369140625 35.0773506164551 35.067813873291 35.0560760498047 35.0603332519531 35.0864143371582 35.0363235473633 34.984130859375 34.9847450256348 34.9772720336914 35.0547523498535 35.0745010375977 35.0500869750977 35.0438385009766 35.0375862121582 35.0335731506348 35.0355110168457 35.0379791259766 35.0423278808594 35.0406532287598 35.0381774902344 35.0354995727539 35.0995140075684 35.1018409729004 35.1042976379395 35.102596282959 35.1009368896484 35.0975914001465 35.0916862487793 35.0886611938477 35.0876541137695 35.0865707397461 35.0717468261719
34.9861297607422 34.9760093688965 34.9808616638184 35.0495758056641 34.9760894775391 35.0360412597656 35.0624656677246 35.0495948791504 35.0229606628418 35.0775032043457 35.0676879882812 35.0640411376953 35.05859375 35.0541191101074 35.0538902282715 35.0514488220215 35.048023223877 35.0481452941895 35.052318572998 35.0543670654297 35.0776557922363 35.0653114318848 34.9804840087891 34.978946685791 35.0153579711914 35.0821266174316 35.0698356628418 35.0513725280762 35.0478820800781 35.041374206543 35.0407752990723 35.0413360595703 35.0386505126953 35.0382041931152 35.0381660461426 35.0365142822266 35.1049003601074 35.1084632873535 35.1103935241699 35.1130523681641 35.1125984191895 35.1080322265625 35.0995864868164 35.0921401977539 35.0932159423828 35.0911026000977 35.083366394043
35.0409660339355 35.0462112426758 35.0498275756836 35.0457420349121 35.0456314086914 35.0526428222656 35.043399810791 35.0428276062012 35.0572891235352 35.0599632263184 35.0511817932129 35.0437431335449 35.0422210693359 35.0390701293945 35.0384674072266 35.0380744934082 35.0378723144531 35.0405921936035 35.045524597168 35.0464210510254 35.0502548217773 35.0777969360352 35.0739631652832 35.0826873779297 35.0901947021484 35.0787582397461 35.0653266906738 35.0579414367676 35.0489082336426 35.0455894470215 35.0394821166992 35.0367851257324 35.0369644165039 35.0363349914551 35.035457611084 35.0740776062012 35.1088485717773 35.1164474487305 35.1180534362793 35.1172828674316 35.11376953125 35.1106224060059 35.1051635742188 35.0954284667969 35.091625213623 35.0873908996582 35.0812034606934
35.0515747070312 35.0454368591309 35.0468444824219 35.052318572998 35.0524673461914 35.0471458435059 35.0470733642578 35.0506019592285 35.0505599975586 35.0571937561035 35.106086730957 35.1295776367188 35.1022186279297 35.1190643310547 35.1148338317871 35.0720252990723 35.0480422973633 35.0332641601562 35.0359764099121 35.0392684936523 35.043342590332 35.0507774353027 35.0648384094238 35.0583267211914 35.0656242370605 35.0654830932617 35.0571556091309 35.0492401123047 35.0382690429688 35.03662109375 35.0326881408691 35.0356597900391 35.0574684143066 35.0839881896973 35.112979888916 35.1245193481445 35.1231689453125 35.1255493164062 35.1230888366699 35.1205520629883 35.1162071228027 35.1119804382324 35.1105995178223 35.105052947998 35.0935440063477 35.0862121582031 35.0810813903809
35.0412940979004 35.0397758483887 35.0456924438477 35.0479583740234 35.0396385192871 35.0215492248535 35.1053657531738 35.1261940002441 35.1272201538086 35.1197624206543 35.1053581237793 35.1049957275391 35.1175765991211 35.1238632202148 35.1307411193848 35.1298179626465 35.1268768310547 35.1249160766602 35.0866470336914 35.0315551757812 35.0380630493164 35.0435752868652 35.048210144043 35.0550956726074 35.0547180175781 35.0496940612793 35.0434226989746 35.0366821289062 35.0320854187012 35.0301780700684 35.059398651123 35.1189079284668 35.1169548034668 35.1172866821289 35.1163291931152 35.1209564208984 35.1285552978516 35.1308555603027 35.1294059753418 35.1270866394043 35.1241683959961 35.1188583374023 35.1130790710449 35.1088027954102 35.1037750244141 35.0977020263672 35.090934753418
35.0302505493164 35.0296821594238 35.0202293395996 35.0365524291992 35.0485916137695 35.0934448242188 35.1107597351074 35.1120986938477 35.1071166992188 35.0956726074219 35.0881843566895 35.0890731811523 35.0976753234863 35.1114768981934 35.1153450012207 35.116943359375 35.1179885864258 35.1204643249512 35.1197662353516 35.1096115112305 35.0628280639648 35.0350379943848 35.0375022888184 35.036735534668 35.0351219177246 35.0340957641602 35.0335884094238 35.0300178527832 35.0340309143066 35.0745162963867 35.1182022094727 35.1116638183594 35.1135673522949 35.1135177612305 35.1162567138672 35.1201515197754 35.126091003418 35.1305770874023 35.1309547424316 35.1305465698242 35.1295433044434 35.1219253540039 35.1130027770996 35.1084785461426 35.1040382385254 35.0996055603027 35.0975341796875
35.0243453979492 35.024242401123 35.0454711914062 35.1106491088867 35.1177940368652 35.1097984313965 35.1076431274414 35.1093635559082 35.1088523864746 35.1023826599121 35.0942573547363 35.0916633605957 35.0968399047852 35.1020202636719 35.1023864746094 35.1026420593262 35.105094909668 35.1093826293945 35.1110076904297 35.1125030517578 35.117359161377 35.0911254882812 35.0587768554688 35.0805397033691 35.0718841552734 35.0712547302246 35.0877799987793 35.0817413330078 35.1035423278809 35.116081237793 35.1130256652832 35.110179901123 35.1107063293457 35.1131172180176 35.116138458252 35.1214256286621 35.1272430419922 35.1297607421875 35.130542755127 35.1309051513672 35.1308898925781 35.1273498535156 35.116569519043 35.1096534729004 35.1059799194336 35.1020240783691 35.0973815917969
35.0436019897461 35.0539169311523 35.114917755127 35.1237907409668 35.1195487976074 35.1155052185059 35.1167182922363 35.1171493530273 35.1157455444336 35.1106262207031 35.1041107177734 35.0960502624512 35.0963478088379 35.0962104797363 35.0964050292969 35.0950736999512 35.0984001159668 35.1028099060059 35.1032409667969 35.1036949157715 35.1039390563965 35.1050148010254 35.1054267883301 35.1086540222168 35.093433380127 35.1023559570312 35.1121520996094 35.1100234985352 35.1108474731445 35.1090927124023 35.1056709289551 35.1047325134277 35.1083106994629 35.1112098693848 35.1147003173828 35.1202850341797 35.1245918273926 35.1262474060059 35.1275978088379 35.1296348571777 35.1308784484863 35.1291198730469 35.1227188110352 35.1161155700684 35.1106948852539 35.1073417663574 35.1016693115234
35.1134071350098 35.1294441223145 35.1330757141113 35.1318473815918 35.1294746398926 35.1284332275391 35.1239318847656 35.1203880310059 35.1140937805176 35.1086120605469 35.1064949035645 35.1042137145996 35.1012916564941 35.0973739624023 35.0947341918945 35.0927429199219 35.0966796875 35.1005477905273 35.0979309082031 35.0945091247559 35.0929412841797 35.0957489013672 35.0954513549805 35.0955200195312 35.097583770752 35.0982971191406 35.0991973876953 35.1009178161621 35.102180480957 35.1023025512695 35.1015777587891 35.1026840209961 35.1051139831543 35.1062049865723 35.1084442138672 35.114013671875 35.1190490722656 35.1241226196289 35.1281814575195 35.1293601989746 35.1289253234863 35.1271209716797 35.1222229003906 35.1162872314453 35.1112518310547 35.1071968078613 35.1026992797852
35.1347579956055 35.134765625 35.1344909667969 35.1340255737305 35.132926940918 35.1266441345215 35.1141319274902 35.1095886230469 35.1062240600586 35.1025924682617 35.1026802062988 35.1042823791504 35.1028366088867 35.099193572998 35.0947189331055 35.092212677002 35.0941429138184 35.0996932983398 35.0971946716309 35.088565826416 35.082836151123 35.0860023498535 35.0860290527344 35.0846748352051 35.0874404907227 35.0901374816895 35.0930824279785 35.0956687927246 35.0964584350586 35.0962371826172 35.0968818664551 35.0986175537109 35.1002540588379 35.0997428894043 35.1004486083984 35.1046981811523 35.1101951599121 35.1149864196777 35.1206016540527 35.1249885559082 35.1248207092285 35.121955871582 35.1179466247559 35.1134262084961 35.1087951660156 35.1047019958496 35.1011848449707
35.1343803405762 35.1342849731445 35.1341590881348 35.1340065002441 35.1315574645996 35.1148490905762 35.0996894836426 35.0935363769531 35.0929718017578 35.0933303833008 35.0969047546387 35.1004219055176 35.0991744995117 35.0949554443359 35.0911254882812 35.0881843566895 35.0867195129395 35.0899314880371 35.0881156921387 35.0793991088867 35.0737991333008 35.0773391723633 35.0788764953613 35.0777473449707 35.0788764953613 35.0811538696289 35.0831985473633 35.0861740112305 35.0882530212402 35.0884628295898 35.0888786315918 35.090747833252 35.093017578125 35.0937538146973 35.094799041748 35.0984840393066 35.1029853820801 35.1070861816406 35.1124610900879 35.1179847717285 35.1186408996582 35.1155853271484 35.1126327514648 35.1098289489746 35.1062240600586 35.1019821166992 35.0995330810547
