Ecospace-environmental-drivers/Outputs/ASCII-for-ecospace/Sal-avg/Sal-avg_X2018.09.asc
NCOLS 131 
NROWS 53 
XLLCORNER -98 
YLLCORNER 23.9265270233154 
CELLSIZE 0.133587792515755 
NODATA_value -3.4e+38 
[rows 21 to 41 of 53, columns 47 to 93 of 131]
36.2324600219727 36.2508277893066 36.2617988586426 36.2595062255859 36.2733612060547 36.2813034057617 36.2933006286621 36.2998809814453 36.2684555053711 36.2476043701172 36.0861549377441 35.9685325622559 35.6599578857422 35.2914161682129 35.0104179382324 34.9436645507812 34.9519081115723 34.9204978942871 34.9186515808105 34.920841217041 34.9516487121582 34.9679679870605 34.9756126403809 34.9856033325195 35.0492973327637 35.0770072937012 35.0614395141602 35.0618209838867 35.0850028991699 35.1668586730957 35.1642265319824 35.1447944641113 35.1437644958496 35.1383285522461 35.1364974975586 35.1318778991699 35.1095123291016 35.0592803955078 34.9684181213379 34.9474029541016 34.9773445129395 34.9911003112793 35.0090408325195 35.0607604980469 35.1900749206543 35.3873672485352 35.5960235595703
36.2601585388184 36.2498741149902 36.2410545349121 36.2344131469727 36.2434692382812 36.1415405273438 35.9240303039551 35.9655342102051 35.7553634643555 35.4886360168457 35.3425903320312 35.2955169677734 35.1580810546875 35.0647964477539 34.9380874633789 34.9263610839844 34.955940246582 34.9241027832031 34.9555473327637 34.9474143981934 34.9460563659668 34.9748649597168 34.9847869873047 35.0605125427246 35.0749664306641 35.0792503356934 35.0727348327637 35.0717506408691 35.1248550415039 35.159122467041 35.1474494934082 35.1404266357422 35.1354713439941 35.1325340270996 35.1290435791016 35.1271743774414 35.1225204467773 35.1244010925293 35.1203918457031 35.0769996643066 35.0175094604492 34.9889755249023 34.9654426574707 34.9551811218262 34.9744186401367 35.0280494689941 35.2017364501953
35.7650985717773 35.7045288085938 35.7611770629883 35.5835189819336 35.4567070007324 35.3115730285645 35.3213233947754 35.1180114746094 35.0559425354004 35.1171798706055 35.0589485168457 34.9784164428711 35.0451393127441 35.0209693908691 35.0095748901367 34.9388313293457 34.9308128356934 34.9778327941895 34.955867767334 34.9509696960449 34.9480209350586 34.974967956543 34.9877128601074 35.0845489501953 35.0744400024414 35.0804176330566 35.0823440551758 35.095760345459 35.1768760681152 35.1572418212891 35.1422004699707 35.1390419006348 35.1336822509766 35.129524230957 35.1262855529785 35.123664855957 35.1198196411133 35.129093170166 35.1719512939453 35.1639633178711 35.1604652404785 35.1643295288086 35.116283416748 35.0039024353027 34.9507904052734 34.9363975524902 35.0042457580566
35.1077728271484 35.1030387878418 35.0434684753418 35.0574645996094 35.0313453674316 34.9471702575684 34.976993560791 34.9946327209473 35.0258140563965 35.0347213745117 34.9919891357422 34.9844589233398 35.0132865905762 34.9700469970703 34.9735679626465 34.9312705993652 34.9714851379395 34.9697914123535 34.9584350585938 34.9857330322266 34.9770545959473 34.9837493896484 34.994873046875 35.0625305175781 35.0853424072266 35.0958023071289 35.1697616577148 35.1768035888672 35.1702423095703 35.1414527893066 35.1432151794434 35.1378288269043 35.1330718994141 35.1283531188965 35.1668167114258 35.1753883361816 35.1826400756836 35.1778450012207 35.1798439025879 35.1676063537598 35.1741371154785 35.1731071472168 35.1706275939941 35.1646919250488 35.0762138366699 34.9713745117188 34.9386787414551
34.9165687561035 34.9449348449707 34.9352035522461 34.9427528381348 34.956672668457 34.9484024047852 34.9751510620117 34.9800338745117 34.9827919006348 34.9929351806641 34.9541854858398 34.953971862793 34.9495506286621 34.9342613220215 34.933723449707 34.9605102539062 34.9724311828613 34.9754180908203 34.9857902526855 34.9825897216797 34.9856567382812 34.9897880554199 34.9961776733398 35.0068130493164 35.0901222229004 35.0922966003418 35.1106109619141 35.176197052002 35.167911529541 35.155818939209 35.1439590454102 35.1396789550781 35.133373260498 35.1430130004883 35.1843109130859 35.1889610290527 35.1902122497559 35.1871528625488 35.1833000183105 35.1786651611328 35.1697807312012 35.171703338623 35.1734352111816 35.1756134033203 35.1775588989258 35.1049537658691 34.9679946899414
34.9465522766113 34.9439086914062 34.9439811706543 35.0042037963867 34.9948310852051 34.9653701782227 34.9745903015137 35.1231918334961 34.9517631530762 34.9711685180664 34.9424896240234 34.9750556945801 34.9329681396484 34.9793395996094 34.970458984375 34.9813270568848 34.9786186218262 34.9800910949707 34.9828643798828 34.9852905273438 34.9877662658691 34.9903221130371 35.0680618286133 35.094367980957 35.1001739501953 35.1078910827637 35.0936584472656 35.1484489440918 35.1620330810547 35.1461486816406 35.1435394287109 35.1392135620117 35.1355781555176 35.1720085144043 35.1821746826172 35.1906433105469 35.1928405761719 35.1911582946777 35.1853141784668 35.1787300109863 35.1732635498047 35.1723861694336 35.1739921569824 35.1757316589355 35.1769905090332 35.1769065856934 35.0677757263184
34.9789009094238 34.9785957336426 35.0063438415527 35.0420227050781 35.002197265625 34.9767189025879 35.001106262207 35.030590057373 34.9539680480957 34.97265625 34.9890251159668 34.9734268188477 34.9841423034668 34.9779663085938 35.0202941894531 35.0483436584473 35.0742568969727 35.076587677002 35.0387115478516 35.0251731872559 34.9900856018066 35.0706405639648 35.0797386169434 35.0764846801758 35.0846519470215 35.0882911682129 35.0866050720215 35.1639976501465 35.1613960266113 35.1510276794434 35.1403884887695 35.1427307128906 35.1359977722168 35.1344604492188 35.1455879211426 35.1709899902344 35.1852989196777 35.1917953491211 35.189266204834 35.1826210021973 35.1755256652832 35.1737327575684 35.1751556396484 35.1758575439453 35.1760444641113 35.1767120361328 35.1354026794434
34.9748229980469 34.9985694885254 35.0359878540039 34.9886093139648 34.9822807312012 35.0231246948242 34.9916534423828 34.9589958190918 34.9584655761719 34.946662902832 34.9611854553223 34.9948844909668 35.0279960632324 35.0523910522461 35.0742607116699 35.0776481628418 35.0771141052246 35.0714912414551 35.0745735168457 35.0774879455566 35.0741539001465 35.0732650756836 35.0724143981934 35.0706634521484 35.0952453613281 35.1331367492676 35.178108215332 35.1609687805176 35.1478271484375 35.1433372497559 35.1393013000488 35.1376304626465 35.1322288513184 35.1334762573242 35.1432075500488 35.1427268981934 35.1792373657227 35.1900978088379 35.1924247741699 35.1853981018066 35.1781463623047 35.1760177612305 35.1766891479492 35.1771507263184 35.1766586303711 35.1757698059082 35.1730499267578
35.0001945495605 34.9881210327148 34.981315612793 34.979076385498 34.9789962768555 34.9768409729004 34.979434967041 34.9824447631836 34.9824104309082 34.9881134033203 35.0541496276855 35.0720901489258 35.066764831543 35.0797500610352 35.0723304748535 35.0719451904297 35.0665016174316 35.0643310546875 35.069652557373 35.0691184997559 35.0698738098145 35.0684394836426 35.0719795227051 35.0688400268555 35.1577911376953 35.16162109375 35.1573143005371 35.1506271362305 35.14208984375 35.1390075683594 35.1312370300293 35.1335372924805 35.1356010437012 35.1324806213379 35.1316452026367 35.130687713623 35.1811561584473 35.1885223388672 35.1925354003906 35.1857261657715 35.1803894042969 35.1786193847656 35.1780967712402 35.1777305603027 35.176643371582 35.1753730773926 35.1744689941406
34.990795135498 34.9935188293457 35.089282989502 35.0704879760742 34.983772277832 35.0412673950195 34.975414276123 34.9746513366699 34.9760208129883 35.0512199401855 35.0707397460938 35.0942535400391 35.1355628967285 35.1003723144531 35.0939674377441 35.0932655334473 35.1467247009277 35.1632766723633 35.1540451049805 35.128231048584 35.0655784606934 35.0649681091309 35.0642967224121 35.0647964477539 35.1549758911133 35.1558952331543 35.1494064331055 35.1451873779297 35.139705657959 35.1334800720215 35.134334564209 35.1349716186523 35.1347999572754 35.1359024047852 35.1345100402832 35.1313018798828 35.1746482849121 35.192310333252 35.1892700195312 35.1845283508301 35.1810760498047 35.1790084838867 35.1775512695312 35.1761512756348 35.1750411987305 35.1740989685059 35.1730461120605
35.1221122741699 34.994068145752 35.0606422424316 35.0567092895508 34.9987907409668 34.982780456543 34.9802017211914 34.9744834899902 34.9842300415039 35.0778198242188 35.1107063293457 35.1644058227539 35.1562881469727 35.1483383178711 35.1579971313477 35.1569900512695 35.1491508483887 35.140697479248 35.1403923034668 35.1629104614258 35.1166687011719 35.0613784790039 35.0582656860352 35.0558090209961 35.125301361084 35.1599006652832 35.1460494995117 35.1408958435059 35.1369438171387 35.1358451843262 35.137622833252 35.1389961242676 35.1427001953125 35.1408538818359 35.1375923156738 35.1328659057617 35.1792678833008 35.1915664672852 35.188648223877 35.1849174499512 35.181396484375 35.1787948608398 35.1767768859863 35.1761436462402 35.1760940551758 35.1753578186035 35.174259185791
35.0023193359375 34.9918479919434 34.9945335388184 35.0772819519043 34.9925270080566 35.0618515014648 35.075569152832 35.0705871582031 35.0546646118164 35.1510772705078 35.15283203125 35.1425552368164 35.1355972290039 35.1344795227051 35.136173248291 35.1340713500977 35.1317024230957 35.1331253051758 35.1342239379883 35.136100769043 35.1562232971191 35.1345329284668 35.0502281188965 35.0471038818359 35.082275390625 35.1562614440918 35.1558265686035 35.1404800415039 35.1394538879395 35.1394653320312 35.1418151855469 35.1445426940918 35.1433258056641 35.1385688781738 35.1340065002441 35.1306762695312 35.1810340881348 35.192024230957 35.1900939941406 35.1872215270996 35.1869468688965 35.1870155334473 35.1880111694336 35.189037322998 35.1868896484375 35.1825904846191 35.1794700622559
35.0853157043457 35.0931739807129 35.0998077392578 35.0849494934082 35.062442779541 35.0713806152344 35.0740814208984 35.0922470092773 35.1432876586914 35.1348190307617 35.1271476745605 35.1227684020996 35.1257820129395 35.1227531433105 35.1238555908203 35.1233978271484 35.1238174438477 35.1232452392578 35.1258316040039 35.1252212524414 35.1304512023926 35.152099609375 35.1430931091309 35.1464233398438 35.1563415527344 35.151798248291 35.1445388793945 35.1406745910645 35.1412734985352 35.1422920227051 35.1416282653809 35.1406517028809 35.138011932373 35.1343154907227 35.1299896240234 35.1543045043945 35.1917495727539 35.1911239624023 35.1904678344727 35.1904525756836 35.1914749145508 35.192626953125 35.1928634643555 35.1926460266113 35.192195892334 35.1886367797852 35.1848411560059
35.1027221679688 35.0930213928223 35.095775604248 35.0868911743164 35.0793571472168 35.0692977905273 35.1210632324219 35.1269149780273 35.1291999816895 35.1333274841309 35.1717262268066 35.1926422119141 35.1718864440918 35.1812896728516 35.1691246032715 35.1491432189941 35.1293678283691 35.1183700561523 35.1165657043457 35.1139640808105 35.1220932006836 35.1294326782227 35.1379318237305 35.1347694396973 35.1342887878418 35.1311492919922 35.1289176940918 35.1321830749512 35.1365966796875 35.1371307373047 35.1347579956055 35.1358985900879 35.1486511230469 35.1666679382324 35.1852798461914 35.192985534668 35.1927680969238 35.1913146972656 35.1898422241211 35.1909599304199 35.192798614502 35.1934700012207 35.1934051513672 35.1929397583008 35.1917686462402 35.1898765563965 35.1881637573242
35.100269317627 35.0932350158691 35.0876426696777 35.0884857177734 35.0815277099609 35.0719375610352 35.1715698242188 35.1869277954102 35.1849555969238 35.1888122558594 35.1888084411621 35.189453125 35.1911964416504 35.1910552978516 35.1886672973633 35.1818771362305 35.1840629577637 35.1721000671387 35.1457061767578 35.1054000854492 35.1094207763672 35.1181831359863 35.1210975646973 35.1245956420898 35.1209030151367 35.1195678710938 35.12255859375 35.1262245178223 35.1308937072754 35.1302299499512 35.148551940918 35.1902198791504 35.1926689147949 35.1913948059082 35.190616607666 35.1903762817383 35.1917572021484 35.1928596496582 35.1927070617676 35.1923789978027 35.1934967041016 35.1933898925781 35.1934013366699 35.1933898925781 35.1930274963379 35.1911849975586 35.1881446838379
35.0906524658203 35.0881576538086 35.0822715759277 35.1082382202148 35.1237487792969 35.1676445007324 35.1903381347656 35.1935157775879 35.1923637390137 35.1910705566406 35.1908416748047 35.191349029541 35.1882209777832 35.1871795654297 35.1859283447266 35.1761474609375 35.1702651977539 35.1654052734375 35.152214050293 35.1648864746094 35.1309814453125 35.1133689880371 35.109992980957 35.1122245788574 35.113208770752 35.117618560791 35.1205558776855 35.1206016540527 35.1264190673828 35.1558799743652 35.1908378601074 35.192024230957 35.1878776550293 35.1845932006836 35.1830558776855 35.1830520629883 35.1872329711914 35.1902389526367 35.1914558410645 35.1930046081543 35.1935539245605 35.1933631896973 35.1932640075684 35.1934280395508 35.1935081481934 35.1926231384277 35.1912002563477
35.0875854492188 35.0907669067383 35.1323776245117 35.1848068237305 35.1935043334961 35.1939849853516 35.1940002441406 35.1940002441406 35.1940002441406 35.1940002441406 35.1940002441406 35.1938819885254 35.1882781982422 35.1843223571777 35.1832275390625 35.177375793457 35.1689109802246 35.1627960205078 35.1615829467773 35.1620826721191 35.1619300842285 35.1454772949219 35.1387062072754 35.1397514343262 35.1481018066406 35.1471557617188 35.1532135009766 35.1587371826172 35.1803665161133 35.1903419494629 35.191577911377 35.1886291503906 35.1853294372559 35.1822662353516 35.1799201965332 35.1795501708984 35.1834907531738 35.1875038146973 35.1911697387695 35.1932144165039 35.1935157775879 35.1934089660645 35.1932411193848 35.193359375 35.193489074707 35.1929664611816 35.192195892334
35.1285934448242 35.146240234375 35.1869354248047 35.1934394836426 35.1940002441406 35.193977355957 35.1939849853516 35.1940002441406 35.1940002441406 35.1940002441406 35.1937828063965 35.1915283203125 35.1830673217773 35.1819229125977 35.1819229125977 35.1797294616699 35.1788749694824 35.1759986877441 35.1664428710938 35.1627197265625 35.1694068908691 35.1689033508301 35.1781234741211 35.180290222168 35.1757621765137 35.1812438964844 35.1739082336426 35.1794357299805 35.1848411560059 35.1908645629883 35.1913299560547 35.1899490356445 35.1887626647949 35.1867370605469 35.1839904785156 35.1820068359375 35.1838684082031 35.188060760498 35.192211151123 35.193000793457 35.1930885314941 35.1931838989258 35.193286895752 35.1931648254395 35.1931266784668 35.1930541992188 35.1924018859863
35.1759986877441 35.1887550354004 35.1921005249023 35.1935958862305 35.193675994873 35.1936988830566 35.193962097168 35.1940002441406 35.1940002441406 35.1939086914062 35.1910820007324 35.1859970092773 35.1810760498047 35.1795120239258 35.1793441772461 35.177417755127 35.1762886047363 35.1750907897949 35.1734085083008 35.1717758178711 35.1642265319824 35.163028717041 35.1667594909668 35.1693954467773 35.1735191345215 35.175666809082 35.1806488037109 35.1866111755371 35.1912841796875 35.1929092407227 35.1929664611816 35.1928863525391 35.1927680969238 35.1923484802246 35.1914825439453 35.1895599365234 35.1871948242188 35.1887626647949 35.1922645568848 35.1929969787598 35.193000793457 35.1930122375488 35.1930122375488 35.1930198669434 35.1932067871094 35.1929016113281 35.1915435791016
35.1890335083008 35.1913528442383 35.192928314209 35.1931571960449 35.193359375 35.1937484741211 35.1939964294434 35.1940002441406 35.1940002441406 35.1939697265625 35.19189453125 35.1857452392578 35.1807594299316 35.1803932189941 35.1798706054688 35.177661895752 35.1749687194824 35.1719589233398 35.170467376709 35.1707763671875 35.1704750061035 35.1721649169922 35.1739921569824 35.1759452819824 35.1781196594238 35.1821556091309 35.1880416870117 35.1923980712891 35.193000793457 35.1929054260254 35.1923828125 35.1917152404785 35.1911659240723 35.1901817321777 35.1903648376465 35.1919288635254 35.192211151123 35.1907615661621 35.19091796875 35.1925811767578 35.1928672790527 35.1926383972168 35.192455291748 35.1926536560059 35.1929130554199 35.1907424926758 35.1877479553223
35.1929702758789 35.1929931640625 35.1930389404297 35.1931533813477 35.1933403015137 35.193904876709 35.1940002441406 35.1940002441406 35.1940002441406 35.1940002441406 35.193962097168 35.1913871765137 35.1844367980957 35.1816940307617 35.1827392578125 35.1833763122559 35.1823501586914 35.1785125732422 35.1693458557129 35.1638984680176 35.1658630371094 35.1694564819336 35.1717376708984 35.1739273071289 35.1771850585938 35.1822242736816 35.1875381469727 35.1915130615234 35.192455291748 35.1911735534668 35.1872024536133 35.1836280822754 35.1829528808594 35.1831130981445 35.1835556030273 35.1854629516602 35.1885948181152 35.1904792785645 35.1911544799805 35.1897621154785 35.1880645751953 35.1872253417969 35.1869049072266 35.1865577697754 35.1846733093262 35.1811408996582 35.1799240112305
