Ecospace-environmental-drivers/Outputs/ASCII-for-ecospace/Sal-avg/Sal-avg_X2018.05.asc
NCOLS 131 
NROWS 53 
XLLCORNER -98 
YLLCORNER 23.9265270233154 
CELLSIZE 0.133587792515755 
NODATA_value -3.4e+38 
[rows 0 to 20 of 53, columns 47 to 93 of 131]
-3.4e+38 -3.4e+38 -3.4e+38 -3.4e+38 -3.4e+38 -3.4e+38 -3.4e+38 -3.4e+38 -3.4e+38 -3.4e+38 -3.4e+38 -3.4e+38 -3.4e+38 -3.4e+38 -3.4e+38 -3.4e+38 -3.4e+38 -3.4e+38 -3.4e+38 -3.4e+38 -3.4e+38 -3.4e+38 -3.4e+38 -3.4e+38 -3.4e+38 -3.4e+38 -3.4e+38 -3.4e+38 -3.4e+38 -3.4e+38 -3.4e+38 -3.4e+38 -3.4e+38 -3.4e+38 -3.4e+38 -3.4e+38 -3.4e+38 -3.4e+38 -3.4e+38 -3.4e+38 -3.4e+38 -3.4e+38 -3.4e+38 -3.4e+38 -3.4e+38 -3.4e+38 -3.4e+38
-3.4e+38 -3.4e+38 -3.4e+38 -3.4e+38 -3.4e+38 -3.4e+38 -3.4e+38 -3.4e+38 -3.4e+38 -3.4e+38 -3.4e+38 -3.4e+38 -3.4e+38 -3.4e+38 -3.4e+38 -3.4e+38 -3.4e+38 -3.4e+38 -3.4e+38 -3.4e+38 -3.4e+38 -3.4e+38 -3.4e+38 -3.4e+38 -3.4e+38 -3.4e+38 -3.4e+38 -3.4e+38 -3.4e+38 -3.4e+38 -3.4e+38 -3.4e+38 -3.4e+38 -3.4e+38 -3.4e+38 -3.4e+38 -3.4e+38 -3.4e+38 -3.4e+38 -3.4e+38 -3.4e+38 -3.4e+38 -3.4e+38 -3.4e+38 -3.4e+38 -3.4e+38 -3.4e+38
-3.4e+38 -3.4e+38 -3.4e+38 -3.4e+38 -3.4e+38 -3.4e+38 -3.4e+38 -3.4e+38 -3.4e+38 -3.4e+38 -3.4e+38 -3.4e+38 -3.4e+38 -3.4e+38 -3.4e+38 -3.4e+38 -3.4e+38 -3.4e+38 -3.4e+38 -3.4e+38 -3.4e+38 -3.4e+38 -3.4e+38 -3.4e+38 -3.4e+38 -3.4e+38 -3.4e+38 1.11101019382477 1.16379904747009 -3.4e+38 -3.4e+38 -3.4e+38 -3.4e+38 -3.4e+38 -3.4e+38 -3.4e+38 -3.4e+38 -3.4e+38 -3.4e+38 -3.4e+38 -3.4e+38 -3.4e+38 -3.4e+38 -3.4e+38 -3.4e+38 -3.4e+38 -3.4e+38
-3.4e+38 -3.4e+38 -3.4e+38 -3.4e+38 -3.4e+38 -3.4e+38 -3.4e+38 -3.4e+38 -3.4e+38 -3.4e+38 -3.4e+38 -3.4e+38 -3.4e+38 -3.4e+38 -3.4e+38 -3.4e+38 -3.4e+38 -3.4e+38 -3.4e+38 -3.4e+38 -3.4e+38 -3.4e+38 -3.4e+38 -3.4e+38 -3.4e+38 -3.4e+38 -3.4e+38 8.34292984008789 9.02870559692383 -3.4e+38 -3.4e+38 -3.4e+38 -3.4e+38 -3.4e+38 -3.4e+38 -3.4e+38 -3.4e+38 -3.4e+38 -3.4e+38 -3.4e+38 -3.4e+38 -3.4e+38 -3.4e+38 -3.4e+38 -3.4e+38 -3.4e+38 -3.4e+38
-3.4e+38 -3.4e+38 -3.4e+38 -3.4e+38 -3.4e+38 -3.4e+38 -3.4e+38 -3.4e+38 -3.4e+38 20.5362148284912 20.5362148284912 20.4718265533447 18.2055988311768 -3.4e+38 -3.4e+38 -3.4e+38 -3.4e+38 -3.4e+38 26.4287414550781 25.0231304168701 19.3556385040283 17.0312004089355 15.1125869750977 15.6173210144043 24.5894355773926 28.8444023132324 31.6625518798828 23.5942306518555 28.466739654541 33.7109222412109 -3.4e+38 -3.4e+38 33.882194519043 33.6206512451172 31.9438095092773 34.8872833251953 35.4302520751953 35.4848709106445 35.5683631896973 35.8188705444336 35.8178253173828 35.8167610168457 -3.4e+38 -3.4e+38 -3.4e+38 -3.4e+38 -3.4e+38
-3.4e+38 -3.4e+38 -3.4e+38 -3.4e+38 -3.4e+38 -3.4e+38 -3.4e+38 -3.4e+38 20.5362148284912 20.5362148284912 20.5362148284912 20.5362148284912 20.4074401855469 18.1066951751709 13.7720460891724 -3.4e+38 19.3563823699951 25.8322677612305 28.126148223877 26.7334213256836 25.6420974731445 25.1775131225586 20.7127494812012 23.3826103210449 27.7919330596924 31.3731231689453 32.5993690490723 32.3908996582031 33.0899696350098 33.8227195739746 33.7060165405273 33.7040824890137 33.6392440795898 34.3032531738281 34.596305847168 35.404109954834 35.6241760253906 35.7890701293945 35.8738822937012 35.8783569335938 35.8642959594727 35.8205261230469 35.7643966674805 35.7243003845215 -3.4e+38 -3.4e+38 -3.4e+38
-3.4e+38 -3.4e+38 -3.4e+38 -3.4e+38 -3.4e+38 -3.4e+38 -3.4e+38 -3.4e+38 20.7313041687012 20.5362148284912 20.5362148284912 20.5362148284912 20.5362148284912 20.2786636352539 17.8398513793945 13.7720460891724 14.0208015441895 23.8004112243652 30.0439281463623 30.5358562469482 31.1830902099609 31.7628936767578 31.9566745758057 32.4069862365723 32.787166595459 33.3217163085938 33.6581764221191 33.6258544921875 33.728630065918 33.8719482421875 34.0969924926758 34.6254119873047 34.9387626647949 35.370777130127 35.6792297363281 35.911205291748 36.0747337341309 36.1280784606934 36.1347198486328 36.1555709838867 36.1791191101074 36.1458396911621 36.019172668457 35.8163566589355 35.6146697998047 35.4811592102051 -3.4e+38
-3.4e+38 -3.4e+38 -3.4e+38 -3.4e+38 -3.4e+38 -3.4e+38 -3.4e+38 -3.4e+38 -3.4e+38 -3.4e+38 20.5362148284912 20.5362148284912 20.5362148284912 -3.4e+38 20.0211143493652 17.0300312042236 17.4160976409912 25.4308681488037 32.6518516540527 34.3623733520508 34.2829132080078 33.3725433349609 32.8434906005859 33.9940299987793 34.5966606140137 34.8578491210938 34.919361114502 34.6574630737305 34.6390037536621 34.8415718078613 35.2543716430664 35.558952331543 35.6400947570801 35.838020324707 36.0773315429688 36.2943000793457 36.3383293151855 36.3372001647949 36.3457221984863 36.3499488830566 36.3428688049316 36.3196563720703 36.2643623352051 36.1762351989746 35.9336624145508 35.4891662597656 34.8871383666992
-3.4e+38 -3.4e+38 -3.4e+38 -3.4e+38 -3.4e+38 -3.4e+38 -3.4e+38 -3.4e+38 -3.4e+38 -3.4e+38 -3.4e+38 -3.4e+38 -3.4e+38 -3.4e+38 19.9586982727051 18.8231201171875 25.2623615264893 27.5101509094238 34.5178070068359 35.5609092712402 34.7794876098633 33.7132034301758 33.2715492248535 34.340877532959 35.3689308166504 35.6010131835938 35.6220664978027 35.6183929443359 35.5940628051758 35.6740303039551 35.7613143920898 35.8264617919922 35.8711738586426 36.1631050109863 36.2873725891113 36.2944412231445 36.3121795654297 36.3728141784668 36.4029884338379 36.4130973815918 36.410285949707 36.3992576599121 36.3954963684082 36.3764915466309 36.3361854553223 36.1596832275391 35.2367286682129
16.1873626708984 -3.4e+38 -3.4e+38 -3.4e+38 -3.4e+38 -3.4e+38 -3.4e+38 -3.4e+38 -3.4e+38 -3.4e+38 28.9708061218262 25.8036308288574 -3.4e+38 -3.4e+38 -3.4e+38 29.079704284668 35.1954879760742 35.430778503418 35.6884231567383 35.3484802246094 34.1530113220215 33.4847946166992 33.6022529602051 34.7389793395996 35.7811889648438 35.9767074584961 35.9555168151855 35.899543762207 35.893383026123 35.9535293579102 35.9479522705078 35.990177154541 36.1856117248535 36.237678527832 36.1404991149902 36.1726188659668 36.2694473266602 36.3284301757812 36.3723030090332 36.4134941101074 36.4334487915039 36.4351425170898 36.455192565918 36.4786033630371 36.4786338806152 36.4180755615234 35.9682273864746
14.9141550064087 9.63724422454834 -3.4e+38 -3.4e+38 -3.4e+38 -3.4e+38 -3.4e+38 -3.4e+38 -3.4e+38 -3.4e+38 33.0702629089355 31.6034297943115 31.0710468292236 -3.4e+38 -3.4e+38 35.7212753295898 35.6999397277832 35.9783515930176 35.572582244873 34.259578704834 32.9617767333984 33.1432189941406 33.8063621520996 35.0974540710449 36.0473976135254 36.1152420043945 36.0628547668457 36.0774993896484 36.0584678649902 36.069091796875 36.0953636169434 36.1781005859375 36.2731437683105 35.9193801879883 35.7958564758301 35.8235359191895 35.9549179077148 36.0832252502441 36.2724266052246 36.367504119873 36.4236869812012 36.455924987793 36.4710273742676 36.5055122375488 36.5193939208984 36.5016937255859 36.3821144104004
16.5683994293213 6.54351186752319 0.592004299163818 10.841947555542 -3.4e+38 -3.4e+38 -3.4e+38 -3.4e+38 -3.4e+38 -3.4e+38 -3.4e+38 31.9776649475098 29.9321041107178 31.0710468292236 29.5809326171875 32.8908996582031 36.2048683166504 35.7722244262695 34.7371520996094 32.9619102478027 32.3467102050781 33.5249900817871 34.7869491577148 36.0131149291992 36.2168617248535 36.2018547058105 36.1744918823242 36.1780548095703 36.2007598876953 36.2091598510742 36.2372856140137 36.2233848571777 35.7530746459961 35.4475746154785 35.3342399597168 35.2669067382812 35.398078918457 35.6463050842285 35.8881416320801 36.1540641784668 36.357551574707 36.4317626953125 36.4808654785156 36.5185737609863 36.5557518005371 36.5563049316406 36.5335807800293
29.6234130859375 24.8160743713379 18.7710838317871 13.1627531051636 -3.4e+38 -3.4e+38 -3.4e+38 -3.4e+38 34.5348434448242 34.0418548583984 32.8239593505859 31.5306968688965 31.131368637085 27.5938968658447 23.9375076293945 26.392297744751 27.396692276001 35.4271278381348 34.6510620117188 31.982120513916 33.4734115600586 35.2685241699219 36.0671157836914 36.247501373291 36.2783203125 36.2767868041992 36.3015785217285 36.2849578857422 36.2488250732422 36.1359214782715 35.7673645019531 35.3193855285645 35.0620155334473 35.0219497680664 35.0170593261719 34.9919815063477 35.2288818359375 35.4288482666016 35.6462135314941 35.8339385986328 36.0497436523438 36.2907524108887 36.4219589233398 36.4893646240234 36.529182434082 36.5574264526367 36.5818824768066
33.0815734863281 32.9549255371094 33.1401023864746 33.6539421081543 34.2978897094727 34.1637191772461 33.510009765625 33.274356842041 32.9637603759766 31.4523372650146 31.0709495544434 33.6848945617676 28.9423122406006 27.1669311523438 28.842264175415 25.2719650268555 17.7048854827881 13.9990854263306 19.7496814727783 25.9566173553467 29.580472946167 36.0334892272949 36.2909965515137 36.3188171386719 36.2645645141602 36.0970497131348 35.8594017028809 35.5129585266113 35.2280006408691 35.0217361450195 34.9472503662109 34.9564361572266 34.9647407531738 34.9484519958496 34.9583930969238 34.9652786254883 35.1772689819336 35.3744583129883 35.5733642578125 35.6929702758789 35.8388519287109 36.0297431945801 36.2048225402832 36.3649787902832 36.4562530517578 36.4924278259277 36.5254249572754
33.1649475097656 32.9268760681152 32.6750297546387 32.5591621398926 32.6545562744141 32.3105735778809 31.6614933013916 31.100736618042 30.4772796630859 29.8025550842285 29.1938724517822 29.0014057159424 30.2174072265625 33.2834053039551 34.8551597595215 33.2674026489258 26.5971298217773 4.99166584014893 4.56691217422485 12.6297988891602 34.8125419616699 36.3104057312012 36.2454109191895 35.6653327941895 35.3948669433594 35.1582717895508 34.9864540100098 34.9708137512207 34.9667167663574 34.9842987060547 34.9914283752441 34.9952087402344 34.9897689819336 34.9601745605469 34.9566383361816 34.9799652099609 35.1180038452148 35.3165969848633 35.5374603271484 35.6611633300781 35.7383270263672 35.8897476196289 36.0020065307617 36.1845893859863 36.3697738647461 36.433219909668 36.4913558959961
33.3292808532715 33.0698471069336 32.713451385498 32.3287315368652 31.9979438781738 31.6437244415283 31.2399997711182 30.8446502685547 30.5095653533936 30.6166210174561 31.054651260376 32.3761215209961 34.3847885131836 35.6902046203613 36.0406532287598 35.9806632995605 34.3361701965332 22.134744644165 31.3485889434814 34.1159629821777 36.2029876708984 35.8081855773926 35.4673385620117 35.1708221435547 34.951473236084 34.9371490478516 34.9515647888184 34.9892387390137 35.0004234313965 35.0021286010742 35.0126647949219 35.0133972167969 34.9863052368164 34.9558601379395 34.9429054260254 34.9931678771973 35.0685615539551 35.2602500915527 35.3987693786621 35.5615463256836 35.6820487976074 35.8419914245605 35.9170227050781 36.0654830932617 36.3039283752441 36.3951835632324 36.4573707580566
33.7640991210938 33.461669921875 33.0882453918457 32.6551094055176 32.3311004638672 32.0663757324219 31.8131065368652 31.616605758667 31.5657043457031 31.9376335144043 33.3209571838379 35.0841674804688 35.8392219543457 36.1281051635742 36.2025489807129 36.2349319458008 36.2187156677246 36.2358283996582 36.3296089172363 35.9633255004883 35.4079246520996 35.0721740722656 34.9644012451172 34.9365005493164 34.9502372741699 34.9738922119141 34.9859085083008 35.0051689147949 35.028564453125 35.0447158813477 35.0684394836426 35.0184173583984 34.9754257202148 34.9515953063965 34.949764251709 34.9629135131836 35.0367164611816 35.1677513122559 35.3061485290527 35.5155410766602 35.6363639831543 35.774845123291 35.879997253418 35.9658508300781 36.1105651855469 36.4085502624512 36.4514427185059
34.8250732421875 34.4203834533691 33.8044395446777 33.2497100830078 32.7843208312988 32.5448570251465 32.4500045776367 32.4296646118164 32.5205421447754 33.3238716125488 34.9225082397461 35.9329605102539 36.2114486694336 36.1404495239258 36.2437477111816 36.3424301147461 36.3846435546875 36.3700866699219 36.1419639587402 35.3882598876953 35.0598220825195 34.9515266418457 34.9345512390137 34.9915542602539 35.0063209533691 35.00341796875 35.0021705627441 35.0359153747559 35.0684776306152 35.0646057128906 35.0610656738281 35.0101661682129 34.9749374389648 34.9556007385254 34.9387550354004 34.9325332641602 35.0080184936523 35.1041145324707 35.2956352233887 35.435188293457 35.5708541870117 35.6625556945801 35.8244781494141 35.8602828979492 36.0637855529785 36.2708053588867 36.4573822021484
36.1016654968262 35.9165000915527 35.6573333740234 35.2773284912109 34.8250923156738 34.7028007507324 34.2105484008789 34.3052215576172 34.8796806335449 35.5132751464844 35.9111328125 36.1397323608398 36.2917747497559 35.6965370178223 35.387134552002 35.5496864318848 35.6497344970703 35.7507247924805 35.5274391174316 35.1648063659668 34.9738159179688 34.9321517944336 34.9897994995117 35.0004348754883 35.0037117004395 35.0123291015625 35.0935897827148 35.0681953430176 35.0658569335938 35.0612297058105 35.0966033935547 35.0495719909668 34.9842567443848 34.947681427002 34.9417457580566 34.9168510437012 34.9684028625488 35.0256996154785 35.1276054382324 35.2655715942383 35.405933380127 35.4915580749512 35.687915802002 35.8636169433594 35.9385375976562 36.1452255249023 36.3255233764648
36.3295936584473 36.3198432922363 36.3085975646973 36.2747688293457 36.2180595397949 36.1146507263184 36.0730781555176 36.0391006469727 36.0662078857422 36.1046867370605 36.1659393310547 36.2435073852539 36.3400726318359 36.0323905944824 35.3893051147461 35.0512504577637 35.0253868103027 35.0515747070312 35.0469589233398 34.9864311218262 34.943920135498 34.9493942260742 34.9783668518066 35.0000343322754 35.0018920898438 35.0175285339355 35.077018737793 35.0654029846191 35.0631141662598 35.060302734375 35.1543502807617 35.1499824523926 35.0311393737793 34.9744606018066 34.9443588256836 34.9251594543457 34.9376754760742 34.9688568115234 35.0034790039062 35.078182220459 35.2010078430176 35.3275489807129 35.432918548584 35.5924491882324 35.7850303649902 35.9645385742188 36.1290817260742
36.3896293640137 36.4220542907715 36.4455604553223 36.456241607666 36.4510650634766 36.4096221923828 36.402702331543 36.3888931274414 36.3639068603516 36.3248596191406 36.3368377685547 36.3883247375488 36.348503112793 35.9798202514648 35.286678314209 35.0126495361328 34.9889945983887 34.9616813659668 34.9469947814941 34.9535751342773 34.938159942627 34.9752655029297 34.9995193481445 34.9978523254395 34.9957809448242 35.0252227783203 35.0712089538574 35.065357208252 35.0625419616699 35.0611228942871 35.1469383239746 35.1694221496582 35.1459083557129 35.1126861572266 35.0313720703125 34.9786186218262 34.9658279418945 34.9443130493164 34.9385223388672 34.9729652404785 35.0135498046875 35.0640449523926 35.1334457397461 35.2875862121582 35.4765243530273 35.5937538146973 35.8000640869141
