Ecospace-environmental-drivers/Outputs/ASCII-for-ecospace/Sal-avg/Sal-avg_X2005.03.asc
NCOLS 131 
NROWS 53 
XLLCORNER -98 
YLLCORNER 23.9265270233154 
CELLSIZE 0.133587792515755 
NODATA_value -3.4e+38 
[rows 21 to 41 of 53, columns 47 to 93 of 131]
36.1900901794434 36.2233963012695 36.2728729248047 36.3024444580078 36.3160133361816 36.3241691589355 36.2408332824707 36.2362022399902 36.2396469116211 36.1249122619629 35.8330192565918 35.7341613769531 35.4379386901855 35.1164131164551 34.9686088562012 34.9210433959961 34.9580230712891 34.9535751342773 34.9449920654297 34.9487800598145 34.9956893920898 34.9887924194336 34.9712409973145 34.9686393737793 35.0409812927246 35.0459594726562 34.989387512207 34.9898986816406 35.0113563537598 35.0891456604004 35.0838317871094 35.0555381774902 35.0627288818359 35.059009552002 35.0566558837891 35.0456314086914 35.0334930419922 35.0217819213867 34.968807220459 34.9387512207031 34.9374351501465 34.9455909729004 34.9560852050781 34.9878005981445 35.0563621520996 35.1821594238281 35.3555450439453
36.0581741333008 36.0221366882324 36.0446014404297 36.0324211120605 36.0550918579102 35.9644546508789 35.6510200500488 35.7998733520508 35.6226272583008 35.2798194885254 35.1540069580078 35.0723648071289 35.032527923584 34.9516220092773 34.9136734008789 34.9138832092285 34.9620513916016 34.9604835510254 34.999080657959 34.9900398254395 34.9865379333496 34.9866371154785 34.973934173584 35.0561218261719 35.024299621582 35.01220703125 34.9906425476074 34.9892807006836 35.0451622009277 35.0731964111328 35.0566482543945 35.0444946289062 35.0413131713867 35.042423248291 35.0405693054199 35.0454444885254 35.0459403991699 35.0387916564941 35.0466156005859 35.0325736999512 34.9919815063477 34.9738388061523 34.9540596008301 34.930850982666 34.9340438842773 34.9630279541016 35.0488586425781
35.4810943603516 35.4245719909668 35.4990005493164 35.3857116699219 35.2963638305664 35.1535301208496 35.1946640014648 35.0462646484375 34.9484634399414 34.9337463378906 34.9233055114746 34.9264183044434 34.9224624633789 34.9244155883789 34.9479789733887 34.9474906921387 34.9489440917969 35.0047798156738 34.977897644043 34.9706649780273 34.970588684082 34.9876670837402 34.9747886657715 35.0691566467285 35.0141983032227 35.0000915527344 34.990795135498 35.0060195922852 35.1003379821777 35.0628967285156 35.0424194335938 35.0364685058594 35.0330200195312 35.0321502685547 35.0336112976074 35.0369987487793 35.0380783081055 35.042781829834 35.1149253845215 35.0622024536133 35.0487937927246 35.071174621582 35.0392112731934 34.9829978942871 34.9410362243652 34.9199562072754 34.9537010192871
35.0055465698242 34.9918937683105 34.9790115356445 34.9819793701172 34.9744071960449 34.9199371337891 34.9501724243164 34.9304084777832 34.9525947570801 34.9258117675781 34.9318809509277 34.921012878418 34.9496612548828 34.9550819396973 34.9721031188965 34.9462776184082 34.997127532959 34.9974670410156 34.984920501709 34.9855613708496 34.9801406860352 34.980094909668 34.9727058410645 35.0541877746582 35.0240898132324 35.0174980163574 35.0838890075684 35.0939788818359 35.0822677612305 35.0516471862793 35.0430107116699 35.0330047607422 35.028938293457 35.0272750854492 35.084774017334 35.0870208740234 35.1065101623535 35.0925559997559 35.0935516357422 35.092830657959 35.0989570617676 35.1022338867188 35.093879699707 35.0825805664062 35.0268096923828 34.9649963378906 34.9307632446289
34.941291809082 34.9493560791016 34.9448661804199 34.9503288269043 34.9572944641113 34.9360046386719 34.9651756286621 34.9455757141113 34.9645652770996 34.974292755127 34.9729270935059 34.9758338928223 34.9540634155273 34.9437141418457 34.9414558410645 34.9861183166504 34.9885559082031 34.9784126281738 34.990119934082 34.9704360961914 34.9665260314941 34.9646835327148 34.966926574707 34.9781684875488 35.0386772155762 35.0012855529785 35.0136528015137 35.1010704040527 35.0724449157715 35.0462303161621 35.0319137573242 35.0307502746582 35.0268287658691 35.0466270446777 35.0767974853516 35.1123695373535 35.1124572753906 35.1123733520508 35.1080055236816 35.1067771911621 35.1095733642578 35.1073188781738 35.1032104492188 35.0983543395996 35.087963104248 35.0333366394043 34.9615821838379
34.9659538269043 34.9549255371094 34.9538078308105 34.9954566955566 34.9915504455566 34.9688339233398 34.9688758850098 35.0091743469238 34.9572639465332 34.9844551086426 34.9612350463867 34.9833183288574 34.9421920776367 34.9901504516602 34.995906829834 34.9970626831055 34.9760475158691 34.9708099365234 34.9697265625 34.9686393737793 34.9660987854004 34.9640617370605 35.033634185791 35.0448875427246 35.0232200622559 35.0091552734375 34.9797134399414 35.0553665161133 35.0669593811035 35.0349922180176 35.0215759277344 35.0223999023438 35.0245742797852 35.0890007019043 35.1086006164551 35.1254386901855 35.1165390014648 35.1116409301758 35.099437713623 35.098949432373 35.0998344421387 35.1060752868652 35.1029090881348 35.1004371643066 35.0976524353027 35.088623046875 35.0188941955566
34.9827690124512 34.9781188964844 34.9994964599609 35.0083618164062 34.9919090270996 34.9915351867676 34.9916877746582 34.9958076477051 34.987678527832 35.0027198791504 35.0119552612305 35.0003280639648 34.9967842102051 34.9821739196777 35.0248908996582 35.0384864807129 35.0700607299805 35.0621490478516 35.0273971557617 35.0238227844238 34.9677658081055 35.0493011474609 35.0120239257812 34.9921493530273 34.9803085327148 34.9768600463867 34.9734077453613 35.0637054443359 35.0483474731445 35.0298614501953 35.0230331420898 35.0262794494629 35.0311622619629 35.0304222106934 35.0582504272461 35.1273155212402 35.1222915649414 35.1181678771973 35.101016998291 35.1003875732422 35.1004180908203 35.1001739501953 35.1000938415527 35.0984649658203 35.0958137512207 35.0925254821777 35.0552711486816
34.9721870422363 34.9882164001465 35.0268058776855 34.9873580932617 34.9835891723633 35.0048179626465 34.9978981018066 34.9831466674805 34.9808235168457 34.9774017333984 34.9818077087402 35.0010757446289 35.0296897888184 35.0519599914551 35.0809211730957 35.0518226623535 35.0284385681152 35.0225868225098 35.0272941589355 35.0490264892578 35.0517578125 35.0460319519043 35.0053520202637 34.9857788085938 34.9882049560547 35.0356941223145 35.0852241516113 35.0516815185547 35.0333518981934 35.025276184082 35.024356842041 35.0286827087402 35.030948638916 35.0317306518555 35.0540504455566 35.063232421875 35.1224479675293 35.1206550598145 35.1101989746094 35.1065864562988 35.101375579834 35.0984497070312 35.0976142883301 35.096622467041 35.0958404541016 35.0951156616211 35.0850372314453
34.9885406494141 34.9863815307617 34.9821853637695 34.9821739196777 34.9852600097656 34.9799842834473 34.9860458374023 34.9881973266602 34.984073638916 34.9979591369629 35.054141998291 35.0449256896973 35.0343055725098 35.035572052002 35.0339851379395 35.027645111084 35.0165214538574 35.013599395752 35.0075263977051 35.0057754516602 35.0101661682129 35.0194892883301 35.0005035400391 34.9821510314941 35.0806083679199 35.0600090026855 35.0494194030762 35.0431098937988 35.0344009399414 35.0280990600586 35.0284652709961 35.0300598144531 35.033748626709 35.0338478088379 35.0323295593262 35.0297966003418 35.1112480163574 35.1196975708008 35.1136436462402 35.106876373291 35.1002883911133 35.0968208312988 35.0954742431641 35.0949096679688 35.0941505432129 35.0937767028809 35.0942611694336
34.9807586669922 34.9846649169922 35.1202621459961 35.0978393554688 34.9755630493164 35.041259765625 34.9801445007324 34.9829788208008 34.987060546875 35.0479888916016 35.0347061157227 35.0546875 35.0776557922363 35.0406265258789 35.0271263122559 35.0406303405762 35.1025161743164 35.1124458312988 35.0986213684082 35.0611877441406 35.0026664733887 35.0037231445312 34.9879684448242 34.9765014648438 35.0715065002441 35.0537185668945 35.0410270690918 35.0404510498047 35.0349578857422 35.0302467346191 35.0339012145996 35.0338249206543 35.0340881347656 35.0353050231934 35.0334281921387 35.0296058654785 35.0994262695312 35.1186828613281 35.1110916137695 35.1063003540039 35.1015167236328 35.0975532531738 35.0936317443848 35.0910148620605 35.0899925231934 35.0904731750488 35.0917663574219
35.1175308227539 34.9752082824707 35.0539741516113 35.0593414306641 34.9720077514648 34.973072052002 34.9746513366699 34.9819183349609 35.0002708435059 35.0434265136719 35.0594863891602 35.0966491699219 35.0830574035645 35.072696685791 35.0842552185059 35.0863227844238 35.0957908630371 35.093879699707 35.0876808166504 35.0939903259277 35.043140411377 34.9865417480469 34.9883079528809 34.9731407165527 35.0448379516602 35.0662879943848 35.0413818359375 35.0381507873535 35.0340843200684 35.0342750549316 35.0369453430176 35.0356101989746 35.0405349731445 35.0374717712402 35.0341911315918 35.0303382873535 35.1109008789062 35.1163444519043 35.109130859375 35.1070327758789 35.1041641235352 35.0997467041016 35.0935516357422 35.0899124145508 35.0890464782715 35.0888366699219 35.088623046875
34.9816665649414 34.9703598022461 34.9762992858887 35.0711097717285 34.9716529846191 35.0385475158691 35.0695419311523 35.0524635314941 35.0270500183105 35.0854911804199 35.0785369873047 35.0637016296387 35.0526847839355 35.0493431091309 35.0513725280762 35.0510139465332 35.0484352111816 35.0563697814941 35.0608787536621 35.0661277770996 35.0813751220703 35.065013885498 34.9751815795898 34.972469329834 35.0101356506348 35.0769157409668 35.0641670227051 35.0433731079102 35.0431518554688 35.0401191711426 35.0404167175293 35.0398330688477 35.0359840393066 35.0339088439941 35.031608581543 35.0279808044434 35.1084938049316 35.1123123168945 35.1102523803711 35.1101455688477 35.1074867248535 35.1038360595703 35.097785949707 35.0946464538574 35.0928268432617 35.0929794311523 35.0919075012207
35.0530586242676 35.0607261657715 35.0661392211914 35.0590438842773 35.053409576416 35.0652389526367 35.0530395507812 35.0463256835938 35.0581665039062 35.0609931945801 35.0490036010742 35.038631439209 35.0362014770508 35.0323143005371 35.0311050415039 35.0301818847656 35.0312919616699 35.0376396179199 35.0442924499512 35.0494842529297 35.0559844970703 35.0769996643066 35.0750312805176 35.080265045166 35.0908012390137 35.080696105957 35.059986114502 35.0502815246582 35.0458145141602 35.0441551208496 35.0398025512695 35.0388221740723 35.0382690429688 35.0350952148438 35.0333251953125 35.0715522766113 35.1258087158203 35.1158981323242 35.1118850708008 35.1106300354004 35.1096229553223 35.1075782775879 35.1036796569824 35.0992698669434 35.0959510803223 35.0956497192383 35.0932006835938
35.0623779296875 35.0567207336426 35.0568809509277 35.0644073486328 35.0618858337402 35.0612983703613 35.0525741577148 35.0488471984863 35.0479393005371 35.0526466369629 35.1009826660156 35.1139526367188 35.0908470153809 35.103832244873 35.0974884033203 35.0668258666992 35.0427131652832 35.0279922485352 35.0315322875977 35.0353889465332 35.0415496826172 35.0518112182617 35.0641403198242 35.0578956604004 35.0574607849121 35.0564384460449 35.0483627319336 35.044132232666 35.0372581481934 35.0388221740723 35.0368728637695 35.0418319702148 35.064151763916 35.0917663574219 35.1195068359375 35.1307640075684 35.1292686462402 35.1233978271484 35.1174163818359 35.1130256652832 35.1083030700684 35.1056365966797 35.104679107666 35.1009635925293 35.0973777770996 35.0961723327637 35.0938529968262
35.0573883056641 35.0483779907227 35.0523872375488 35.0547485351562 35.0467529296875 35.0279541015625 35.0955848693848 35.1176338195801 35.1151504516602 35.1122550964355 35.0987968444824 35.0947723388672 35.0983123779297 35.1067199707031 35.119068145752 35.1224899291992 35.126651763916 35.127140045166 35.0852470397949 35.0250015258789 35.0295257568359 35.0362396240234 35.0424919128418 35.048454284668 35.0458030700684 35.0418319702148 35.0395622253418 35.0374069213867 35.0369567871094 35.037281036377 35.0673866271973 35.1266899108887 35.1301651000977 35.1281585693359 35.1286811828613 35.1299057006836 35.1306648254395 35.1305274963379 35.127513885498 35.1216278076172 35.1131629943848 35.1034049987793 35.0999298095703 35.0973625183105 35.0941429138184 35.0928611755371 35.0922775268555
35.0458450317383 35.0377998352051 35.0272636413574 35.040943145752 35.0439491271973 35.0706253051758 35.093677520752 35.0956954956055 35.0916366577148 35.0858345031738 35.0815696716309 35.0846214294434 35.0928382873535 35.0994262695312 35.1069679260254 35.1099891662598 35.1152153015137 35.1203460693359 35.1224327087402 35.1118354797363 35.0586585998535 35.0276069641113 35.0310745239258 35.0326805114746 35.0334587097168 35.0355796813965 35.0373764038086 35.0380439758301 35.0451164245605 35.082820892334 35.1280860900879 35.1296882629395 35.1289024353027 35.1297378540039 35.1305732727051 35.1309242248535 35.1309700012207 35.1309394836426 35.1283226013184 35.1257286071777 35.120288848877 35.1067543029785 35.0971870422363 35.0928421020508 35.0899658203125 35.0912437438965 35.092601776123
35.0291786193848 35.027099609375 35.0436401367188 35.0837478637695 35.0942993164062 35.0996742248535 35.102954864502 35.1003837585449 35.0912094116211 35.0821266174316 35.0793838500977 35.0807037353516 35.0895805358887 35.0978775024414 35.1033706665039 35.1053161621094 35.1074714660645 35.1139717102051 35.11767578125 35.1221961975098 35.1277732849121 35.1067848205566 35.0627708435059 35.0939331054688 35.0949897766113 35.0791130065918 35.0970573425293 35.0986099243164 35.1203384399414 35.1309051513672 35.1302146911621 35.1289558410645 35.1289291381836 35.1280822753906 35.1275978088379 35.1279640197754 35.1274261474609 35.1274032592773 35.1262016296387 35.1258201599121 35.124382019043 35.116024017334 35.1036338806152 35.0960655212402 35.0936164855957 35.0921211242676 35.0926361083984
35.042179107666 35.0473213195801 35.0895576477051 35.103157043457 35.111198425293 35.1143760681152 35.1159362792969 35.115047454834 35.110767364502 35.0990219116211 35.0876808166504 35.0849075317383 35.0870399475098 35.0926666259766 35.1025619506836 35.1054458618164 35.1084098815918 35.106517791748 35.1119918823242 35.1165542602539 35.120735168457 35.1260414123535 35.1282806396484 35.128490447998 35.1288108825684 35.1297340393066 35.1299896240234 35.1304244995117 35.1304397583008 35.1288414001465 35.1249122619629 35.1226577758789 35.1210136413574 35.1199493408203 35.117847442627 35.1165161132812 35.1157302856445 35.1152534484863 35.1135787963867 35.1173515319824 35.1234703063965 35.1204299926758 35.1129455566406 35.1046028137207 35.1011238098145 35.0978202819824 35.0959396362305
35.0807723999023 35.0998687744141 35.1101150512695 35.1169815063477 35.1214485168457 35.1258125305176 35.1268653869629 35.1254577636719 35.1220321655273 35.114574432373 35.1004867553711 35.0876922607422 35.0866928100586 35.090648651123 35.0948791503906 35.1025161743164 35.1047973632812 35.1029281616211 35.1041221618652 35.1086120605469 35.1110000610352 35.1166458129883 35.1210975646973 35.1220474243164 35.1210098266602 35.1198616027832 35.1204299926758 35.1211395263672 35.1193466186523 35.1160697937012 35.1131591796875 35.1118698120117 35.1115112304688 35.1089553833008 35.1072387695312 35.1089363098145 35.1090431213379 35.1071891784668 35.1065330505371 35.1108818054199 35.117748260498 35.1188888549805 35.1138000488281 35.1078567504883 35.1045227050781 35.1015472412109 35.099193572998
35.1082038879395 35.1170501708984 35.1214179992676 35.1255836486816 35.130298614502 35.1327056884766 35.132740020752 35.1317367553711 35.1283149719238 35.1228904724121 35.1151084899902 35.0974617004395 35.0874214172363 35.0902214050293 35.0946922302246 35.0993843078613 35.1028175354004 35.0995979309082 35.1007804870605 35.1043930053711 35.1061325073242 35.1090812683105 35.1105041503906 35.1084098815918 35.1042594909668 35.1025505065918 35.1048774719238 35.1081924438477 35.1077842712402 35.1037559509277 35.1017532348633 35.1021842956543 35.1018142700195 35.0999031066895 35.0995597839355 35.1018562316895 35.1042900085449 35.1038627624512 35.103214263916 35.1076698303223 35.1104698181152 35.1108093261719 35.1076240539551 35.1059303283691 35.1043395996094 35.1016273498535 35.0993309020996
35.1215667724609 35.1227226257324 35.1261329650879 35.1321105957031 35.1335067749023 35.1332969665527 35.1332092285156 35.133243560791 35.1319046020508 35.126895904541 35.1211967468262 35.1058197021484 35.0893669128418 35.0878944396973 35.0943260192871 35.0993232727051 35.0996589660645 35.0962905883789 35.0987548828125 35.1023368835449 35.1050224304199 35.1053047180176 35.1028785705566 35.0967559814453 35.093318939209 35.0936698913574 35.0944557189941 35.0958442687988 35.095329284668 35.0946464538574 35.0937004089355 35.0939331054688 35.0942039489746 35.0941162109375 35.0947380065918 35.098388671875 35.101676940918 35.1023979187012 35.1023216247559 35.103702545166 35.1049385070801 35.10498046875 35.1008110046387 35.1022186279297 35.1017570495605 35.1006278991699 35.0988273620605
