Ecospace-environmental-drivers/Outputs/ASCII-for-ecospace/Sal-avg/Sal-avg_X2011.08.asc
NCOLS 131 
NROWS 53 
XLLCORNER -98 
YLLCORNER 23.9265270233154 
CELLSIZE 0.133587792515755 
NODATA_value -3.4e+38 
[rows 21 to 41 of 53, columns 47 to 93 of 131]
36.2408103942871 36.2272148132324 36.2314338684082 36.2383804321289 36.2519569396973 36.2702674865723 36.1925773620605 36.1915168762207 36.1981201171875 36.0526542663574 35.7626190185547 35.6941871643066 35.4216079711914 35.1332168579102 34.9633407592773 34.8941841125488 34.9200782775879 34.9200820922852 34.9180946350098 34.9229888916016 34.9556427001953 34.9678573608398 34.9604759216309 34.9620666503906 35.0416717529297 35.0698013305664 35.0202331542969 35.0135612487793 35.0263061523438 35.0855903625488 35.0816917419434 35.059814453125 35.0679969787598 35.0681381225586 35.0650177001953 35.0532760620117 35.0473480224609 35.0231628417969 34.945743560791 34.9072532653809 34.9042816162109 34.9020919799805 34.9029808044434 34.9197883605957 34.9548797607422 35.0301933288574 35.1757164001465
36.0578689575195 35.9909820556641 36.0134468078613 36.0224723815918 36.1035995483398 36.0154914855957 35.603443145752 35.7966995239258 35.568775177002 35.2655487060547 35.1549491882324 35.0726547241211 35.0338821411133 34.9508171081543 34.9011001586914 34.898738861084 34.922794342041 34.9279022216797 34.9734382629395 34.9563407897949 34.953914642334 34.9710960388184 34.9681510925293 35.0429000854492 35.0478401184082 35.0380783081055 35.0093154907227 35.0031547546387 35.0471343994141 35.0734901428223 35.0598831176758 35.0460929870605 35.0498962402344 35.0539855957031 35.0525550842285 35.0555458068848 35.0529937744141 35.054573059082 35.0659332275391 35.0467262268066 34.9880561828613 34.9617881774902 34.936580657959 34.8997764587402 34.8886222839355 34.8934020996094 34.9239311218262
35.4813804626465 35.4087333679199 35.4968299865723 35.4048347473145 35.3033676147461 35.1528663635254 35.2019577026367 35.0481452941895 34.9537887573242 34.943431854248 34.9324226379395 34.9454078674316 34.9191284179688 34.9141159057617 34.9206657409668 34.9193801879883 34.9216651916504 34.9718284606934 34.9649505615234 34.9574203491211 34.9524459838867 34.9742622375488 34.9648170471191 35.0804748535156 35.0294151306152 35.0125503540039 35.0095634460449 35.0210037231445 35.1015930175781 35.0743980407715 35.0483741760254 35.0437927246094 35.0472679138184 35.0462493896484 35.047176361084 35.0480041503906 35.047061920166 35.061149597168 35.1283798217773 35.1289520263672 35.1249694824219 35.1201972961426 35.0614318847656 34.9780921936035 34.9246826171875 34.8857040405273 34.8783416748047
34.9939498901367 34.9879722595215 34.9613647460938 34.9847068786621 34.9742088317871 34.9283409118652 34.936164855957 34.9155654907227 34.9157218933105 34.905403137207 34.91357421875 34.9080467224121 34.9213066101074 34.9263763427734 34.9293174743652 34.9256248474121 34.9696617126465 34.9783172607422 34.9702491760254 34.9758567810059 34.9704399108887 34.9724578857422 34.9635314941406 35.0558891296387 35.0386505126953 35.0306777954102 35.0879287719727 35.0974311828613 35.0925483703613 35.0638046264648 35.053955078125 35.0403022766113 35.0444831848145 35.0495719909668 35.1002311706543 35.1142959594727 35.1263961791992 35.1230964660645 35.1318244934082 35.1316337585449 35.1312561035156 35.1308174133301 35.1304168701172 35.1165199279785 35.0360260009766 34.9555130004883 34.8965187072754
34.8915634155273 34.9043273925781 34.8984260559082 34.902774810791 34.9148826599121 34.8980598449707 34.9312057495117 34.9140281677246 34.9208908081055 34.9240608215332 34.9229393005371 34.9224052429199 34.9230499267578 34.9185905456543 34.9153327941895 34.9560050964355 34.9727821350098 34.9731864929199 34.9840812683105 34.9772491455078 34.9730758666992 34.9707641601562 34.967945098877 34.9752502441406 35.0473098754883 35.0251502990723 35.0280265808105 35.0995483398438 35.0889587402344 35.0784378051758 35.055004119873 35.0457153320312 35.0538444519043 35.0696411132812 35.130973815918 35.1302909851074 35.1305160522461 35.1313819885254 35.1314506530762 35.131160736084 35.130973815918 35.1305236816406 35.1299705505371 35.1294708251953 35.1287612915039 35.0598526000977 34.952880859375
34.9306678771973 34.921703338623 34.9188232421875 34.9756622314453 34.9632987976074 34.9325485229492 34.9371032714844 35.0087127685547 34.9264717102051 34.9480247497559 34.9222602844238 34.9403305053711 34.9114570617676 34.955696105957 34.9646453857422 34.9738082885742 34.9671974182129 34.9645652770996 34.9621505737305 34.9626197814941 34.9667930603027 34.969051361084 35.039924621582 35.0673294067383 35.0604286193848 35.0336303710938 35.0094947814941 35.068473815918 35.0814170837402 35.0655822753906 35.0620040893555 35.0573844909668 35.0569381713867 35.103572845459 35.1296195983887 35.1288642883301 35.1287155151367 35.1294860839844 35.1307220458984 35.1309852600098 35.1308746337891 35.1304702758789 35.1301307678223 35.1294746398926 35.1291770935059 35.1274757385254 35.0277862548828
34.956787109375 34.952564239502 34.9709091186523 35.0000381469727 34.9764289855957 34.9628715515137 34.9640121459961 34.9578094482422 34.9431495666504 34.9692840576172 34.9677963256836 34.9617347717285 34.9616775512695 34.9639587402344 35.015998840332 35.0284194946289 35.0597038269043 35.0420227050781 34.9967498779297 34.9864387512207 34.9603843688965 35.0416793823242 35.0368461608887 35.0258941650391 35.028190612793 35.019889831543 35.0046806335449 35.0936050415039 35.0819435119629 35.0683937072754 35.0576515197754 35.0660247802734 35.0631561279297 35.0563430786133 35.0765495300293 35.1283416748047 35.1282196044922 35.1287689208984 35.1297492980957 35.1303558349609 35.1300735473633 35.1296348571777 35.1294097900391 35.1291427612305 35.1287498474121 35.1290130615234 35.0882034301758
34.9561233520508 34.969654083252 35.0003852844238 34.9640769958496 34.9657249450684 34.9953727722168 34.9809188842773 34.951301574707 34.9527893066406 34.9441375732422 34.9504470825195 34.9720916748047 35.0045433044434 35.0263824462891 35.0627822875977 35.0411834716797 35.0214309692383 35.0013961791992 34.9904136657715 34.9894981384277 35.0004692077637 35.026008605957 35.0179977416992 35.0101661682129 35.0318298339844 35.0590438842773 35.1076049804688 35.0862503051758 35.0708694458008 35.0734519958496 35.073112487793 35.0719299316406 35.0669441223145 35.0600318908691 35.0735816955566 35.0807647705078 35.1249809265137 35.1283493041992 35.1292190551758 35.1294937133789 35.1289710998535 35.1282653808594 35.127986907959 35.1279411315918 35.1281127929688 35.1286239624023 35.1257743835449
34.9734115600586 34.9626312255859 34.9567337036133 34.955493927002 34.9596672058105 34.967586517334 34.9733963012695 34.9748802185059 34.9724884033203 34.9771614074707 35.0249671936035 35.0064849853516 34.9872169494629 34.9896926879883 34.9882888793945 34.9940299987793 34.9919548034668 34.9851112365723 34.9812965393066 34.9815216064453 34.9859352111816 35.0027961730957 35.0099601745605 35.0121994018555 35.0953407287598 35.074031829834 35.0662117004395 35.0553665161133 35.0719566345215 35.0781021118164 35.0760307312012 35.071605682373 35.0682334899902 35.0644187927246 35.060791015625 35.0572967529297 35.1165580749512 35.1281394958496 35.1285820007324 35.1284141540527 35.1278381347656 35.1275062561035 35.1273536682129 35.1272926330566 35.1277008056641 35.1283226013184 35.1290054321289
34.959831237793 34.9607582092285 35.044017791748 35.0351104736328 34.9546432495117 35.0124168395996 34.9578514099121 34.9632759094238 34.9629516601562 35.0204582214355 35.0017547607422 35.0187072753906 35.054615020752 34.999813079834 34.9911270141602 35.002197265625 35.0699272155762 35.0777702331543 35.0712547302246 35.0528602600098 34.9895210266113 34.9931678771973 34.9978866577148 35.0038261413574 35.0844497680664 35.0715522766113 35.0690612792969 35.0738754272461 35.0777053833008 35.0796051025391 35.0760498046875 35.0698776245117 35.0671768188477 35.066349029541 35.0653343200684 35.061450958252 35.1095542907715 35.1277160644531 35.1272354125977 35.1270523071289 35.1270790100098 35.1273231506348 35.127571105957 35.1275825500488 35.1276969909668 35.1278991699219 35.1284370422363
35.075309753418 34.955322265625 35.0055389404297 35.0013999938965 34.9576416015625 34.9552040100098 34.9550666809082 34.9562110900879 34.9616394042969 35.0138740539551 35.0311508178711 35.0731239318848 35.0405921936035 35.0321159362793 35.0367202758789 35.0326728820801 35.0268096923828 35.0253639221191 35.0411376953125 35.0682983398438 35.0386199951172 34.9902534484863 35.0002975463867 34.9996452331543 35.0671348571777 35.0892295837402 35.0710220336914 35.0785789489746 35.0775756835938 35.0759887695312 35.0724105834961 35.0673561096191 35.0678253173828 35.0703926086426 35.070499420166 35.064338684082 35.117244720459 35.1270866394043 35.1263084411621 35.1266632080078 35.1273803710938 35.1278457641602 35.1278457641602 35.1278419494629 35.1279945373535 35.1280326843262 35.1280097961426
34.9667701721191 34.9574890136719 34.9601631164551 35.0037269592285 34.9565544128418 35.0009765625 35.0061721801758 34.9992370605469 34.9883003234863 35.0729370117188 35.0520362854004 35.0229454040527 35.0105743408203 35.001163482666 34.9980087280273 34.9957122802734 35.0036087036133 35.0107765197754 35.0243949890137 35.0406646728516 35.0539817810059 35.0644607543945 34.9863319396973 34.9878692626953 35.0271835327148 35.0970458984375 35.0856399536133 35.0815582275391 35.0829811096191 35.0787200927734 35.0730285644531 35.0695419311523 35.0696907043457 35.0724563598633 35.0705642700195 35.0658264160156 35.1172294616699 35.1266174316406 35.1267166137695 35.127384185791 35.1274948120117 35.1274681091309 35.1276359558105 35.1281661987305 35.1283569335938 35.1283111572266 35.128246307373
35.0117263793945 35.0096168518066 35.0035743713379 34.9942893981934 34.992000579834 34.9828567504883 34.9947624206543 35.0159950256348 35.05224609375 35.0348510742188 35.0147705078125 35.0051383972168 35.0016212463379 35.0012550354004 35.0027770996094 35.0029373168945 35.0094337463379 35.0179977416992 35.0283470153809 35.0378532409668 35.0471878051758 35.078125 35.086986541748 35.0918159484863 35.1079368591309 35.103946685791 35.0969314575195 35.0952606201172 35.0912742614746 35.0823631286621 35.0728225708008 35.066822052002 35.0660285949707 35.0671081542969 35.0657501220703 35.0903625488281 35.1269950866699 35.1271095275879 35.1270866394043 35.1276969909668 35.1282997131348 35.1291389465332 35.129695892334 35.1294746398926 35.1286964416504 35.1277732849121 35.1276092529297
35.0195999145508 35.0153884887695 35.0112648010254 34.9987030029297 34.9938468933105 34.9804267883301 35.0309867858887 35.0376892089844 35.030445098877 35.0323715209961 35.0965270996094 35.1289024353027 35.0925521850586 35.1127510070801 35.1090812683105 35.0629692077637 35.0396423339844 35.0276260375977 35.0336112976074 35.0423164367676 35.050910949707 35.0610008239746 35.0826606750488 35.0872421264648 35.0974655151367 35.1026802062988 35.1013259887695 35.0969390869141 35.0873031616211 35.076904296875 35.0682258605957 35.0661430358887 35.0795669555664 35.0997467041016 35.1197090148926 35.1272315979004 35.1270980834961 35.1278381347656 35.1281585693359 35.1276817321777 35.128604888916 35.1299247741699 35.1299629211426 35.1299324035645 35.1297454833984 35.1290321350098 35.1283988952637
35.0171165466309 35.0028038024902 34.9989814758301 34.9995880126953 34.9987182617188 34.9932594299316 35.1029930114746 35.1228103637695 35.114429473877 35.1181259155273 35.1263389587402 35.1274375915527 35.1275405883789 35.1277923583984 35.1285858154297 35.1293067932129 35.12744140625 35.1243743896484 35.0885276794434 35.0427894592285 35.0510635375977 35.0604248046875 35.068977355957 35.0821266174316 35.0903930664062 35.0901031494141 35.0890464782715 35.0846099853516 35.0796699523926 35.0715255737305 35.085693359375 35.1265678405762 35.1287994384766 35.1284065246582 35.1279258728027 35.1277618408203 35.1275596618652 35.1281318664551 35.1288909912109 35.1278991699219 35.1284980773926 35.1302680969238 35.1298141479492 35.1295051574707 35.1294975280762 35.1296653747559 35.1294860839844
35.0067443847656 35.0100364685059 34.9972038269043 35.026050567627 35.0431709289551 35.0991859436035 35.1247367858887 35.128101348877 35.123405456543 35.1210327148438 35.1240577697754 35.1266136169434 35.127082824707 35.1276550292969 35.1280136108398 35.1289520263672 35.1298942565918 35.1300888061523 35.1300163269043 35.1166687011719 35.0734977722168 35.0528907775879 35.0577392578125 35.0628890991211 35.0673637390137 35.0702705383301 35.0708122253418 35.0679588317871 35.0692672729492 35.0960884094238 35.1285133361816 35.1304893493652 35.1301536560059 35.130241394043 35.1303329467773 35.1300506591797 35.1290054321289 35.1285629272461 35.1287117004395 35.1284523010254 35.1291198730469 35.1306571960449 35.1301956176758 35.1294822692871 35.1291465759277 35.1292915344238 35.1297302246094
35.0192832946777 35.0191955566406 35.0476188659668 35.119197845459 35.1302375793457 35.1278877258301 35.1274909973145 35.128532409668 35.1279258728027 35.1267242431641 35.1277351379395 35.1299362182617 35.1296310424805 35.1295051574707 35.1291465759277 35.1298866271973 35.1303024291992 35.1303825378418 35.1304931640625 35.1307029724121 35.1309661865234 35.1125373840332 35.077091217041 35.1017684936523 35.1035118103027 35.0910873413086 35.1049461364746 35.1050224304199 35.1225166320801 35.1316566467285 35.1318130493164 35.1318893432617 35.1322288513184 35.1327323913574 35.1331024169922 35.1332054138184 35.1324157714844 35.1307258605957 35.1296272277832 35.1291427612305 35.1291313171387 35.1299476623535 35.1300926208496 35.1293678283691 35.1289138793945 35.129077911377 35.1295967102051
35.0432395935059 35.0556221008301 35.1229515075684 35.1307106018066 35.1255760192871 35.1233711242676 35.1278419494629 35.1299362182617 35.1299819946289 35.1306571960449 35.1315689086914 35.1320495605469 35.1314163208008 35.130199432373 35.1302375793457 35.1301689147949 35.1298904418945 35.1298332214355 35.1299629211426 35.1304512023926 35.1310043334961 35.1313934326172 35.1316261291504 35.1316375732422 35.1317405700684 35.1316337585449 35.1315689086914 35.1315994262695 35.1316413879395 35.1319923400879 35.1324996948242 35.1328659057617 35.1336631774902 35.1340980529785 35.1343193054199 35.1344604492188 35.1344375610352 35.134090423584 35.1327514648438 35.1315460205078 35.1304931640625 35.1301345825195 35.1300506591797 35.1295471191406 35.1292419433594 35.1295547485352 35.1298408508301
35.1179389953613 35.1328506469727 35.1325645446777 35.1313629150391 35.125846862793 35.1253471374512 35.1292991638184 35.1309280395508 35.1310768127441 35.1314315795898 35.1314392089844 35.1319847106934 35.1322479248047 35.1310577392578 35.1303558349609 35.1303024291992 35.129566192627 35.1279487609863 35.1283836364746 35.1298522949219 35.1305961608887 35.1310653686523 35.1314926147461 35.1315765380859 35.1316604614258 35.1317558288574 35.1318092346191 35.1318778991699 35.1318054199219 35.1320381164551 35.1324043273926 35.1329689025879 35.1334609985352 35.1338005065918 35.1340141296387 35.1341552734375 35.1342468261719 35.1344413757324 35.1345520019531 35.1337394714355 35.1316795349121 35.1305351257324 35.1303672790527 35.1299781799316 35.1297187805176 35.1303672790527 35.1303443908691
35.1335144042969 35.1330108642578 35.1329231262207 35.1327323913574 35.1308174133301 35.1312408447266 35.1308975219727 35.1304473876953 35.1297760009766 35.1292877197266 35.1305122375488 35.1313018798828 35.1326484680176 35.1319999694824 35.1309013366699 35.129753112793 35.1280746459961 35.1271514892578 35.1266899108887 35.1267585754395 35.1283874511719 35.1303215026855 35.1305122375488 35.1311302185059 35.1312103271484 35.1311454772949 35.1315002441406 35.1315689086914 35.1314735412598 35.1318244934082 35.1320877075195 35.1322708129883 35.1328582763672 35.1332588195801 35.1332969665527 35.1336135864258 35.1338005065918 35.1339988708496 35.1343421936035 35.1344718933105 35.1333885192871 35.1319999694824 35.1313819885254 35.1308898925781 35.1305084228516 35.1305541992188 35.1304550170898
35.1330604553223 35.1333236694336 35.1333503723145 35.1334800720215 35.1340599060059 35.1343879699707 35.1324806213379 35.1308288574219 35.1292495727539 35.1281318664551 35.1286506652832 35.1306571960449 35.1321258544922 35.1326217651367 35.1318168640137 35.1292610168457 35.1275863647461 35.1288795471191 35.1277389526367 35.1236572265625 35.1241340637207 35.1264877319336 35.1253814697266 35.1240539550781 35.1267852783203 35.1289978027344 35.1296615600586 35.1307907104492 35.1310501098633 35.1318511962891 35.1320953369141 35.1318969726562 35.1324195861816 35.132568359375 35.1322212219238 35.1327476501465 35.1330451965332 35.1332855224609 35.1337127685547 35.1343307495117 35.134391784668 35.133171081543 35.1318435668945 35.131103515625 35.1305618286133 35.130256652832 35.130199432373
