Ecospace-environmental-drivers/Outputs/ASCII-for-ecospace/Sal-avg/Sal-avg_X2015.03.asc
NCOLS 131 
NROWS 53 
XLLCORNER -98 
YLLCORNER 23.9265270233154 
CELLSIZE 0.133587792515755 
NODATA_value -3.4e+38 
[rows 21 to 41 of 53, columns 47 to 93 of 131]
36.1976547241211 36.2084808349609 36.264720916748 36.2686729431152 36.2339096069336 36.2023010253906 36.1917953491211 36.2002105712891 36.2060356140137 36.1919059753418 36.2084083557129 36.2409820556641 36.1487884521484 35.7885475158691 35.2207832336426 34.9797782897949 35.0109710693359 35.0030975341797 34.9930686950684 35.0033760070801 35.0369834899902 35.0620536804199 35.0371932983398 35.0196113586426 35.0502052307129 35.057430267334 35.0754661560059 35.0581550598145 35.045783996582 35.0354080200195 35.0532989501953 35.0795059204102 35.0825538635254 35.0670318603516 35.0506401062012 35.0607757568359 35.0686569213867 35.053825378418 35.0443649291992 35.0359725952148 35.0483512878418 35.1371383666992 35.241382598877 35.3773078918457 35.5791854858398 35.6819458007812 35.7589874267578
36.3216896057129 36.2982368469238 36.3032188415527 36.3211784362793 36.3368072509766 36.3615341186523 36.3408584594727 36.3342323303223 36.3581352233887 36.207462310791 35.9514274597168 35.9186782836914 35.7198638916016 35.447940826416 35.035083770752 34.9747085571289 35.0240211486816 35.0186653137207 35.0144729614258 35.0360641479492 35.0679092407227 35.0454940795898 35.0352401733398 35.0424385070801 35.0541496276855 35.072380065918 35.0599632263184 35.042724609375 35.0380935668945 35.0650596618652 35.0732383728027 35.0733604431152 35.0712471008301 35.0679817199707 35.0652542114258 35.0619697570801 35.0654716491699 35.0559043884277 35.0332374572754 35.0276870727539 35.0150146484375 34.974609375 35.0090026855469 35.0532112121582 35.1391448974609 35.2980880737305 35.458080291748
36.1611518859863 35.980640411377 36.0104637145996 36.0446128845215 36.1918334960938 36.2073059082031 35.9372329711914 35.8649063110352 35.9341468811035 35.6002769470215 35.5001029968262 35.3208541870117 35.1851806640625 35.0473213195801 34.9084281921387 34.9412536621094 35.0488052368164 35.0693130493164 35.068546295166 35.065502166748 35.0605964660645 35.0484199523926 35.0425682067871 35.0575942993164 35.0683326721191 35.0649566650391 35.0446243286133 35.0329551696777 35.0341529846191 35.0710601806641 35.0709571838379 35.0701103210449 35.0672607421875 35.0643310546875 35.0620956420898 35.0617141723633 35.0612945556641 35.0619239807129 35.0652770996094 35.0541954040527 35.0136947631836 35.0029220581055 34.9954376220703 35.0074653625488 35.0360412597656 35.0729484558105 35.1494178771973
35.7138366699219 35.6571846008301 35.5913581848145 35.5776557922363 35.5048484802246 35.3701324462891 35.3989562988281 35.2673568725586 35.179126739502 35.0545883178711 35.0273704528809 35.0001220703125 34.9775619506836 34.9923133850098 34.997013092041 35.0384674072266 35.0521125793457 35.0788917541504 35.0687675476074 35.0730056762695 35.0528678894043 35.0505142211914 35.0484008789062 35.0694198608398 35.0514488220215 35.0420684814453 35.0317840576172 35.0391998291016 35.0570983886719 35.0698013305664 35.0681762695312 35.0661773681641 35.0641937255859 35.063045501709 35.0621376037598 35.0621681213379 35.0613746643066 35.0607643127441 35.0611457824707 35.0624885559082 35.0624122619629 35.0539398193359 35.0502471923828 35.029727935791 35.0106353759766 35.0322570800781 34.9798545837402
35.2024230957031 35.1322135925293 35.0329818725586 35.1118698120117 35.0849266052246 35.0535202026367 35.0132789611816 35.0520553588867 35.0617370605469 35.021484375 35.0019683837891 34.9973983764648 35.0023231506348 35.0030632019043 35.0387687683105 35.0974502563477 35.0744667053223 35.0740737915039 35.0771942138672 35.0498466491699 35.0484237670898 35.0332908630371 35.0209083557129 35.066822052002 35.0526847839355 35.0354690551758 35.050895690918 35.0634994506836 35.067684173584 35.0684013366699 35.0668678283691 35.0640640258789 35.0613632202148 35.0602531433105 35.0609970092773 35.0614013671875 35.0605316162109 35.0602760314941 35.0603942871094 35.0612297058105 35.061595916748 35.0610466003418 35.0611114501953 35.0589752197266 35.047176361084 35.0223922729492 35.0012245178223
35.0024528503418 35.0641746520996 35.0316314697266 34.9913368225098 35.0402565002441 35.0258255004883 35.0596199035645 34.9928741455078 35.0964775085449 35.0489807128906 35.0662155151367 35.0572319030762 35.0875282287598 35.0307960510254 35.015495300293 35.0607490539551 35.0748634338379 35.0669746398926 35.0666885375977 35.020450592041 35.0132827758789 35.0552787780762 35.0530319213867 35.0494194030762 35.0585975646973 35.034740447998 35.0559310913086 35.0652008056641 35.0647468566895 35.0646476745605 35.064338684082 35.0630378723145 35.0595245361328 35.0603179931641 35.0618438720703 35.061393737793 35.0609931945801 35.0606689453125 35.0606651306152 35.0607643127441 35.061149597168 35.060676574707 35.0605239868164 35.0591125488281 35.0567398071289 35.0525093078613 35.0116233825684
35.0202026367188 35.032299041748 35.0088272094727 35.0341148376465 35.0529251098633 35.0157852172852 35.1052207946777 35.0590362548828 35.0858840942383 35.0401954650879 35.055721282959 35.0167617797852 35.0885810852051 35.0586280822754 35.043384552002 35.0502128601074 35.0624771118164 35.0564117431641 35.0488777160645 35.0466461181641 35.0597724914551 35.0441856384277 35.0461311340332 35.0505638122559 35.0606384277344 35.0387077331543 35.0216293334961 35.0455131530762 35.064022064209 35.0634613037109 35.0623245239258 35.0614967346191 35.0606307983398 35.0598297119141 35.0602226257324 35.0609016418457 35.061351776123 35.0609169006348 35.0605850219727 35.0603370666504 35.060302734375 35.0604095458984 35.0597038269043 35.0573234558105 35.0550956726074 35.0547828674316 35.0265045166016
35.0705718994141 35.0868377685547 35.0571670532227 35.0652732849121 35.0530281066895 35.042896270752 35.0533447265625 35.0716552734375 35.057544708252 35.0879707336426 35.0334854125977 35.0645751953125 35.0357360839844 35.0537528991699 35.0543556213379 35.0569839477539 35.0681457519531 35.063720703125 35.0398139953613 35.041919708252 35.0404472351074 35.0575866699219 35.0617942810059 35.052619934082 35.0467376708984 35.0334320068359 35.0234451293945 35.0504455566406 35.0628051757812 35.0623664855957 35.0618171691895 35.0614051818848 35.0609550476074 35.0609092712402 35.0598793029785 35.0612869262695 35.060661315918 35.0610427856445 35.0604820251465 35.0598564147949 35.0594902038574 35.0593338012695 35.0579414367676 35.0563316345215 35.0551261901855 35.0541877746582 35.0514297485352
35.0702285766602 35.0535316467285 35.0437622070312 35.034049987793 35.0391654968262 35.0474090576172 35.0569267272949 35.0522155761719 35.0480041503906 35.087100982666 35.0605735778809 35.0561332702637 35.0283470153809 35.0699729919434 35.0711669921875 35.0660171508789 35.0491523742676 35.0370216369629 35.0441818237305 35.0566177368164 35.0623931884766 35.0621337890625 35.0536804199219 35.042407989502 35.0323257446289 35.0292129516602 35.0502510070801 35.062370300293 35.061954498291 35.0613632202148 35.0611343383789 35.0610961914062 35.0611763000488 35.0612182617188 35.060905456543 35.0591087341309 35.0589637756348 35.0607872009277 35.0599708557129 35.0592308044434 35.0584678649902 35.0565032958984 35.0548286437988 35.0529708862305 35.0525131225586 35.052619934082 35.0514717102051
35.0296363830566 35.0388717651367 35.0683631896973 35.0408782958984 35.0360412597656 35.0169258117676 35.0238151550293 35.0401916503906 35.037784576416 35.0409088134766 35.0529174804688 35.0457191467285 35.0499000549316 35.0492630004883 35.0471725463867 35.0363540649414 35.0226058959961 35.0168037414551 35.0195617675781 35.0283164978027 35.0386924743652 35.0513076782227 35.0499420166016 35.03759765625 35.051872253418 35.0624351501465 35.0625114440918 35.0621032714844 35.0614395141602 35.060920715332 35.0607757568359 35.0608978271484 35.0609664916992 35.0608787536621 35.0597190856934 35.0584869384766 35.0605773925781 35.0601081848145 35.0584945678711 35.0569839477539 35.0557518005371 35.0549507141113 35.0541610717773 35.0531997680664 35.0524597167969 35.0516967773438 35.0514335632324
35.0291938781738 35.0454444885254 35.0429344177246 35.0547866821289 35.0412979125977 35.0236053466797 35.0161895751953 35.0099182128906 35.0115547180176 35.0457382202148 35.0547904968262 35.0330696105957 35.0306587219238 35.0275115966797 35.024543762207 35.0218238830566 35.0299301147461 35.0632781982422 35.043888092041 35.0205268859863 35.0189208984375 35.0334434509277 35.0382995605469 35.0331420898438 35.061408996582 35.0618629455566 35.0617027282715 35.0613403320312 35.0609703063965 35.0608329772949 35.0608978271484 35.0609245300293 35.0610160827637 35.0607643127441 35.0601615905762 35.0601997375488 35.0589790344238 35.058521270752 35.0563163757324 35.0551681518555 35.0557823181152 35.0566482543945 35.0565757751465 35.0561561584473 35.0555725097656 35.0543251037598 35.0531387329102
35.0446395874023 35.0359649658203 35.0375785827637 35.0389518737793 35.0354652404785 35.032356262207 35.0279312133789 35.0302429199219 35.0231781005859 35.0439262390137 35.0309638977051 35.0571060180664 35.0604553222656 35.0604362487793 35.0606307983398 35.060962677002 35.0619735717773 35.0627670288086 35.0632057189941 35.058521270752 35.0240516662598 35.0194778442383 35.029613494873 35.0310859680176 35.0503883361816 35.0619049072266 35.0616722106934 35.061450958252 35.061351776123 35.0616493225098 35.0616340637207 35.0611419677734 35.0612373352051 35.0610542297363 35.0606994628906 35.0604591369629 35.0579299926758 35.0571594238281 35.0561752319336 35.0572204589844 35.0569152832031 35.0559883117676 35.0556259155273 35.0555038452148 35.0551986694336 35.0550575256348 35.0547256469727
35.0434837341309 35.0376243591309 35.0270957946777 35.0491905212402 35.0240707397461 35.0366744995117 35.0456619262695 35.036678314209 35.0329666137695 35.0507164001465 35.0557441711426 35.0614738464355 35.0617065429688 35.0603218078613 35.0621299743652 35.0617294311523 35.0608520507812 35.0611305236816 35.0610046386719 35.0624580383301 35.0633506774902 35.0378341674805 35.0219535827637 35.0252304077148 35.0402946472168 35.0627517700195 35.0626983642578 35.0624771118164 35.0620880126953 35.0615119934082 35.0616836547852 35.061279296875 35.0610580444336 35.0605850219727 35.0601463317871 35.0588607788086 35.0571670532227 35.0566787719727 35.0573692321777 35.0563735961914 35.0560493469238 35.0562591552734 35.0565986633301 35.0565376281738 35.0561027526855 35.0555877685547 35.0547790527344
35.0429420471191 35.048095703125 35.0486335754395 35.0516128540039 35.0357933044434 35.0538787841797 35.047119140625 35.04150390625 35.0482902526855 35.0616149902344 35.0609359741211 35.058406829834 35.0582733154297 35.0560340881348 35.0572929382324 35.0580863952637 35.055965423584 35.0573883056641 35.0587348937988 35.0600814819336 35.0618362426758 35.06298828125 35.0473899841309 35.0316886901855 35.0549430847168 35.063159942627 35.0630187988281 35.0629043579102 35.0626449584961 35.0620536804199 35.0613136291504 35.0607223510742 35.0600624084473 35.0595741271973 35.0588302612305 35.0566825866699 35.0569076538086 35.0576400756836 35.0569000244141 35.0569190979004 35.0574836730957 35.0581932067871 35.0586776733398 35.058765411377 35.058723449707 35.0584907531738 35.0575218200684
35.0489501953125 35.0476913452148 35.0450782775879 35.0463485717773 35.0553550720215 35.0521926879883 35.0505104064941 35.0602416992188 35.0617942810059 35.0582885742188 35.0578117370605 35.061092376709 35.0571212768555 35.0535926818848 35.0497512817383 35.053050994873 35.0515518188477 35.0531044006348 35.0554618835449 35.0569763183594 35.0595245361328 35.0618705749512 35.0627975463867 35.0628509521484 35.0626945495605 35.0624961853027 35.0624237060547 35.0623588562012 35.0618743896484 35.0612716674805 35.0607986450195 35.059700012207 35.0581207275391 35.0579414367676 35.0564270019531 35.0573348999023 35.057991027832 35.0577545166016 35.0575904846191 35.057975769043 35.0583343505859 35.0586585998535 35.0590019226074 35.0596160888672 35.059986114502 35.0602264404297 35.0600471496582
35.0487403869629 35.0435676574707 35.0457954406738 35.0477905273438 35.0511245727539 35.0418739318848 35.0590438842773 35.0584411621094 35.0577201843262 35.0584297180176 35.0614166259766 35.0613746643066 35.0615653991699 35.060848236084 35.0564994812012 35.0596694946289 35.0576019287109 35.0544624328613 35.0553932189941 35.0560607910156 35.0604667663574 35.0608901977539 35.0617218017578 35.0620651245117 35.0619583129883 35.0616455078125 35.0616645812988 35.0613594055176 35.0611114501953 35.0609474182129 35.0595855712891 35.05712890625 35.0564193725586 35.0564804077148 35.0575904846191 35.0584182739258 35.058464050293 35.0583343505859 35.0580368041992 35.0576477050781 35.0577125549316 35.0582656860352 35.059268951416 35.0594291687012 35.0592918395996 35.0594291687012 35.059986114502
35.042163848877 35.0411949157715 35.0419158935547 35.0420188903809 35.040843963623 35.0488204956055 35.0612182617188 35.060962677002 35.0610084533691 35.060920715332 35.0607719421387 35.0607528686523 35.0611152648926 35.061351776123 35.0614929199219 35.0616493225098 35.0617256164551 35.0617942810059 35.0584945678711 35.0559158325195 35.0579719543457 35.0592002868652 35.0608177185059 35.0606269836426 35.0609893798828 35.0607261657715 35.0605964660645 35.060245513916 35.0602951049805 35.0600090026855 35.0577278137207 35.0590705871582 35.0581703186035 35.0587310791016 35.0587921142578 35.0589141845703 35.058723449707 35.0579681396484 35.0575752258301 35.0574798583984 35.0580863952637 35.0591354370117 35.0600700378418 35.059944152832 35.0594291687012 35.058952331543 35.0592460632324
35.0388717651367 35.0361366271973 35.0421981811523 35.0596504211426 35.0600128173828 35.0610046386719 35.0607261657715 35.0606117248535 35.0605697631836 35.0605278015137 35.0604934692383 35.0605087280273 35.0606918334961 35.0610656738281 35.0611877441406 35.0612754821777 35.0614013671875 35.0616035461426 35.0616416931152 35.0616798400879 35.0616874694824 35.057788848877 35.0552215576172 35.0545082092285 35.0564155578613 35.0556564331055 35.056324005127 35.0547637939453 35.0580101013184 35.05712890625 35.057445526123 35.0590019226074 35.0589218139648 35.0590553283691 35.05908203125 35.0587425231934 35.0581436157227 35.0578193664551 35.0578651428223 35.0581970214844 35.0587577819824 35.0596199035645 35.0602798461914 35.0600318908691 35.059253692627 35.05859375 35.0588912963867
35.0352020263672 35.0478591918945 35.0609512329102 35.0610618591309 35.0608406066895 35.0606498718262 35.0605735778809 35.0605354309082 35.0605087280273 35.060489654541 35.060489654541 35.0604934692383 35.0605125427246 35.060733795166 35.0609169006348 35.060920715332 35.0610389709473 35.0612449645996 35.0613327026367 35.0613899230957 35.0614738464355 35.0616683959961 35.059741973877 35.0614814758301 35.0586700439453 35.0560989379883 35.0595588684082 35.0600090026855 35.0595932006836 35.059326171875 35.059139251709 35.0592269897461 35.0594520568848 35.0595016479492 35.0592460632324 35.0587272644043 35.0583267211914 35.0584602355957 35.0587997436523 35.0589981079102 35.059196472168 35.0595703125 35.0596809387207 35.0587768554688 35.0578269958496 35.0580596923828 35.0588455200195
35.0611419677734 35.0611991882324 35.0610961914062 35.060920715332 35.0607490539551 35.0605697631836 35.0604934692383 35.0604515075684 35.0604782104492 35.0605239868164 35.0605316162109 35.0605087280273 35.0604820251465 35.060546875 35.060676574707 35.0606651306152 35.0607147216797 35.0607604980469 35.0608062744141 35.0607604980469 35.060718536377 35.0609359741211 35.0611190795898 35.0611724853516 35.0606079101562 35.0598983764648 35.059497833252 35.0593109130859 35.0593757629395 35.0594100952148 35.0595664978027 35.059871673584 35.06005859375 35.0599479675293 35.0597305297852 35.0596160888672 35.0594787597656 35.0594635009766 35.0595512390137 35.0593109130859 35.0590705871582 35.0588607788086 35.0582618713379 35.057445526123 35.0575752258301 35.0584716796875 35.0594482421875
35.061107635498 35.0611305236816 35.0610694885254 35.060920715332 35.060619354248 35.0604438781738 35.0603523254395 35.0603065490723 35.060375213623 35.0605278015137 35.0605850219727 35.0605354309082 35.0604858398438 35.0605049133301 35.0604629516602 35.0603446960449 35.0603179931641 35.0601806640625 35.060474395752 35.0607528686523 35.0606956481934 35.0604019165039 35.0603294372559 35.0602607727051 35.0599822998047 35.0593185424805 35.0587120056152 35.0588569641113 35.0593338012695 35.0596809387207 35.0600395202637 35.0602798461914 35.0602645874023 35.0601081848145 35.0598068237305 35.0596694946289 35.0598945617676 35.0600051879883 35.0599784851074 35.0597305297852 35.0591506958008 35.0584754943848 35.0582809448242 35.0587005615234 35.059383392334 35.0599174499512 35.0598564147949
