Ecospace-environmental-drivers/Outputs/ASCII-for-ecospace/Sal-avg/Sal-avg_X2016.09.asc
NCOLS 131 
NROWS 53 
XLLCORNER -98 
YLLCORNER 23.9265270233154 
CELLSIZE 0.133587792515755 
NODATA_value -3.4e+38 
[rows 0 to 20 of 53, columns 47 to 93 of 131]
-3.4e+38 -3.4e+38 -3.4e+38 -3.4e+38 -3.4e+38 -3.4e+38 -3.4e+38 -3.4e+38 -3.4e+38 -3.4e+38 -3.4e+38 -3.4e+38 -3.4e+38 -3.4e+38 -3.4e+38 -3.4e+38 -3.4e+38 -3.4e+38 -3.4e+38 -3.4e+38 -3.4e+38 -3.4e+38 -3.4e+38 -3.4e+38 -3.4e+38 -3.4e+38 -3.4e+38 -3.4e+38 -3.4e+38 -3.4e+38 -3.4e+38 -3.4e+38 -3.4e+38 -3.4e+38 -3.4e+38 -3.4e+38 -3.4e+38 -3.4e+38 -3.4e+38 -3.4e+38 -3.4e+38 -3.4e+38 -3.4e+38 -3.4e+38 -3.4e+38 -3.4e+38 -3.4e+38
-3.4e+38 -3.4e+38 -3.4e+38 -3.4e+38 -3.4e+38 -3.4e+38 -3.4e+38 -3.4e+38 -3.4e+38 -3.4e+38 -3.4e+38 -3.4e+38 -3.4e+38 -3.4e+38 -3.4e+38 -3.4e+38 -3.4e+38 -3.4e+38 -3.4e+38 -3.4e+38 -3.4e+38 -3.4e+38 -3.4e+38 -3.4e+38 -3.4e+38 -3.4e+38 -3.4e+38 -3.4e+38 -3.4e+38 -3.4e+38 -3.4e+38 -3.4e+38 -3.4e+38 -3.4e+38 -3.4e+38 -3.4e+38 -3.4e+38 -3.4e+38 -3.4e+38 -3.4e+38 -3.4e+38 -3.4e+38 -3.4e+38 -3.4e+38 -3.4e+38 -3.4e+38 -3.4e+38
-3.4e+38 -3.4e+38 -3.4e+38 -3.4e+38 -3.4e+38 -3.4e+38 -3.4e+38 -3.4e+38 -3.4e+38 -3.4e+38 -3.4e+38 -3.4e+38 -3.4e+38 -3.4e+38 -3.4e+38 -3.4e+38 -3.4e+38 -3.4e+38 -3.4e+38 -3.4e+38 -3.4e+38 -3.4e+38 -3.4e+38 -3.4e+38 -3.4e+38 -3.4e+38 -3.4e+38 0.720167756080627 0.720167756080627 -3.4e+38 -3.4e+38 -3.4e+38 -3.4e+38 -3.4e+38 -3.4e+38 -3.4e+38 -3.4e+38 -3.4e+38 -3.4e+38 -3.4e+38 -3.4e+38 -3.4e+38 -3.4e+38 -3.4e+38 -3.4e+38 -3.4e+38 -3.4e+38
-3.4e+38 -3.4e+38 -3.4e+38 -3.4e+38 -3.4e+38 -3.4e+38 -3.4e+38 -3.4e+38 -3.4e+38 -3.4e+38 -3.4e+38 -3.4e+38 -3.4e+38 -3.4e+38 -3.4e+38 -3.4e+38 -3.4e+38 -3.4e+38 -3.4e+38 -3.4e+38 -3.4e+38 -3.4e+38 -3.4e+38 -3.4e+38 -3.4e+38 -3.4e+38 -3.4e+38 0.729706406593323 0.710629045963287 -3.4e+38 -3.4e+38 -3.4e+38 -3.4e+38 -3.4e+38 -3.4e+38 -3.4e+38 -3.4e+38 -3.4e+38 -3.4e+38 -3.4e+38 -3.4e+38 -3.4e+38 -3.4e+38 -3.4e+38 -3.4e+38 -3.4e+38 -3.4e+38
-3.4e+38 -3.4e+38 -3.4e+38 -3.4e+38 -3.4e+38 -3.4e+38 -3.4e+38 -3.4e+38 -3.4e+38 16.42555809021 15.8804655075073 15.8804655075073 15.8804655075073 -3.4e+38 -3.4e+38 -3.4e+38 -3.4e+38 -3.4e+38 26.1302070617676 26.3109683990479 26.6194515228271 26.5653457641602 26.8433933258057 27.8645286560059 28.8920097351074 29.5846996307373 10.0017671585083 1.95415318012238 2.88564372062683 3.58765912055969 -3.4e+38 -3.4e+38 30.6704139709473 22.5095329284668 7.81937694549561 4.65990972518921 33.5566749572754 33.5971374511719 33.6370849609375 33.6647262573242 33.6988410949707 33.6305465698242 -3.4e+38 -3.4e+38 -3.4e+38 -3.4e+38 -3.4e+38
-3.4e+38 -3.4e+38 -3.4e+38 -3.4e+38 -3.4e+38 -3.4e+38 -3.4e+38 -3.4e+38 16.9445400238037 16.733772277832 16.1434497833252 15.8804655075073 13.3070859909058 10.6613178253174 10.6298446655273 -3.4e+38 17.1311283111572 22.5172080993652 25.6814002990723 26.5790119171143 26.6724910736084 26.6068496704102 26.4166984558105 27.5066318511963 29.6702537536621 29.4991455078125 20.6302280426025 7.82406234741211 5.64031839370728 5.1140456199646 24.9702472686768 33.1789321899414 32.7144050598145 26.1179065704346 23.3864459991455 29.1714305877686 33.5401725769043 33.6126556396484 33.671012878418 33.672981262207 33.6327934265137 33.5600090026855 33.5396499633789 33.2204895019531 -3.4e+38 -3.4e+38 -3.4e+38
-3.4e+38 -3.4e+38 -3.4e+38 -3.4e+38 -3.4e+38 -3.4e+38 -3.4e+38 -3.4e+38 16.9602336883545 16.9445400238037 16.523006439209 15.2257900238037 12.3777179718018 9.74437141418457 9.8618631362915 12.2832984924316 16.156888961792 22.953197479248 25.2773418426514 26.9877014160156 28.5702285766602 29.1666622161865 29.4070491790771 29.4929828643799 30.862434387207 31.0591697692871 30.3326263427734 23.1122055053711 21.7112140655518 19.9521636962891 33.3041305541992 33.3019676208496 33.1921577453613 33.3246994018555 33.502311706543 33.5670700073242 33.8356094360352 33.9939193725586 34.0833206176758 33.9870452880859 34.0145721435547 33.835262298584 33.5164985656738 33.2468223571777 32.8981513977051 32.7905464172363 -3.4e+38
-3.4e+38 -3.4e+38 -3.4e+38 -3.4e+38 -3.4e+38 -3.4e+38 -3.4e+38 -3.4e+38 -3.4e+38 -3.4e+38 16.6818447113037 15.3236198425293 12.5021028518677 -3.4e+38 9.68132209777832 12.1167888641357 16.378080368042 22.8617496490479 26.2341327667236 28.7040882110596 29.5291156768799 30.7894382476807 31.7435111999512 32.7768898010254 32.9672584533691 33.028076171875 33.2929344177246 33.1983222961426 33.2271041870117 33.3993721008301 33.4723854064941 33.4849739074707 33.4391250610352 33.5738716125488 34.0308036804199 35.1165885925293 35.912109375 35.5928535461426 35.128044128418 34.917667388916 34.7133979797363 34.4622116088867 34.0313415527344 33.5788993835449 32.9682884216309 32.5052032470703 32.4380340576172
-3.4e+38 -3.4e+38 -3.4e+38 -3.4e+38 -3.4e+38 -3.4e+38 -3.4e+38 -3.4e+38 -3.4e+38 -3.4e+38 -3.4e+38 -3.4e+38 -3.4e+38 -3.4e+38 7.72627067565918 9.31742477416992 16.413761138916 25.7098178863525 29.3122634887695 29.4174003601074 30.0461235046387 31.2271842956543 32.6119041442871 33.4225387573242 33.6100883483887 33.7569198608398 33.7393608093262 33.5761566162109 33.5153617858887 33.5697708129883 33.7092666625977 33.6617088317871 33.734790802002 34.2683563232422 35.426441192627 35.9936485290527 36.1122245788574 36.1604919433594 35.9958610534668 35.6612548828125 35.3981857299805 34.8118858337402 34.3547248840332 34.1180686950684 33.73291015625 33.0451278686523 31.7637748718262
0.645467400550842 -3.4e+38 -3.4e+38 -3.4e+38 -3.4e+38 -3.4e+38 -3.4e+38 -3.4e+38 -3.4e+38 -3.4e+38 16.0930480957031 15.0612964630127 -3.4e+38 -3.4e+38 -3.4e+38 9.07960414886475 19.9796104431152 27.2168502807617 29.7636280059814 30.0687484741211 31.0323257446289 31.8588562011719 32.8398208618164 33.4876174926758 34.0407180786133 34.1931076049805 34.1119575500488 33.9346122741699 33.7911148071289 33.9460144042969 34.0721092224121 34.1535110473633 34.6756706237793 35.7503204345703 35.8692169189453 35.9245491027832 35.9927215576172 36.0722465515137 36.1925773620605 36.1486129760742 35.9892349243164 35.1483764648438 34.6420288085938 34.4243316650391 34.1303825378418 33.691535949707 32.624397277832
0.380758583545685 0.172464579343796 -3.4e+38 -3.4e+38 -3.4e+38 -3.4e+38 -3.4e+38 -3.4e+38 -3.4e+38 -3.4e+38 15.9552478790283 18.2732353210449 19.2711372375488 -3.4e+38 -3.4e+38 24.4148483276367 29.5866680145264 29.7703914642334 29.96142578125 30.6549453735352 31.7230968475342 32.4273986816406 33.077880859375 33.6812896728516 34.2871856689453 34.4039077758789 34.3422660827637 34.2606964111328 34.2964401245117 34.5439834594727 34.4841156005859 34.8596305847168 35.8416404724121 35.8047561645508 35.6580696105957 35.6194229125977 35.8490867614746 35.9096603393555 36.0821952819824 36.1699752807617 36.1596641540527 35.2666625976562 34.9043388366699 34.5161247253418 34.2693367004395 33.9813194274902 33.2979698181152
0.123935632407665 0.0126995304599404 0.00893004145473242 0.00223521678708494 -3.4e+38 -3.4e+38 -3.4e+38 -3.4e+38 -3.4e+38 -3.4e+38 -3.4e+38 29.077953338623 29.1586208343506 29.1586208343506 29.3705139160156 29.582405090332 29.4107131958008 29.6285610198975 30.2288951873779 31.2490997314453 31.9100532531738 32.7199821472168 33.1398620605469 33.9824981689453 34.7964935302734 34.7473602294922 34.6432418823242 34.6956977844238 34.7740707397461 34.7903709411621 35.0717926025391 35.7297134399414 35.9994049072266 35.4790496826172 35.3877792358398 35.3701019287109 35.4589080810547 35.6047019958496 35.8255500793457 35.9650802612305 36.1584129333496 36.1255874633789 35.4828491210938 34.6964569091797 34.8338432312012 34.0002059936523 33.4114799499512
0.115877375006676 0.0185502003878355 0.00290610059164464 0.00156433298252523 -3.4e+38 -3.4e+38 -3.4e+38 -3.4e+38 30.5119705200195 30.654504776001 30.5157318115234 29.6851787567139 28.9972877502441 29.1586208343506 28.4292373657227 28.4864902496338 28.8701305389404 29.3092269897461 30.109058380127 31.1454601287842 32.3852386474609 33.1823883056641 34.0556831359863 35.0624008178711 35.3401031494141 35.322452545166 35.3489265441895 35.5152740478516 35.6594619750977 35.7961006164551 35.9512710571289 35.8181495666504 35.4297409057617 35.2084159851074 35.1235275268555 35.0823059082031 35.1803016662598 35.3480606079102 35.5271797180176 35.7254867553711 35.9725570678711 36.166820526123 36.1486701965332 35.4664916992188 35.4787483215332 33.9513740539551 33.8185997009277
6.04591608047485 4.05184364318848 3.99868416786194 6.28328704833984 16.4233589172363 26.2113838195801 27.101598739624 30.3521671295166 30.5465049743652 30.6372375488281 30.7797737121582 30.1301860809326 29.3600273132324 28.8359546661377 28.0622024536133 26.5070037841797 28.18039894104 29.4734077453613 29.3438758850098 29.4711074829102 32.9145584106445 34.4014129638672 35.4978904724121 35.887752532959 35.8881340026855 35.9216194152832 36.0395164489746 36.0153999328613 35.9148750305176 35.8727493286133 35.4069519042969 35.1617774963379 34.986515045166 34.9823989868164 34.9753379821777 34.997444152832 35.1073150634766 35.2846488952637 35.3797149658203 35.461353302002 35.6439743041992 35.9406280517578 36.1004867553711 36.0669059753418 35.874454498291 35.6225700378418 35.4900665283203
23.7762584686279 23.6756496429443 21.4981384277344 23.4091758728027 25.3211708068848 27.101598739624 29.3198928833008 30.4872627258301 30.3521671295166 30.7408409118652 30.8187065124512 30.5299739837646 29.4416656494141 30.0038681030273 30.8232517242432 29.3478946685791 25.5747318267822 23.6483879089355 23.7259712219238 27.0125904083252 28.5637531280518 35.5652275085449 36.0601997375488 36.0848503112793 35.8864212036133 35.7667846679688 35.4963874816895 35.2129859924316 35.0727653503418 34.9988975524902 34.9927177429199 35.0203285217285 34.9933815002441 34.9923477172852 35.0213241577148 35.0104103088379 35.0165214538574 35.2304649353027 35.3978271484375 35.3951416015625 35.4792671203613 35.6136856079102 35.7543792724609 35.992733001709 36.2226409912109 36.2154197692871 36.1167335510254
29.0452899932861 29.1408462524414 29.0239925384521 28.0698719024658 27.9407901763916 29.2762928009033 30.4022808074951 30.4993953704834 30.6952114105225 30.5906143188477 30.5158214569092 30.5523128509521 31.3213653564453 32.614574432373 33.3851127624512 32.8840827941895 29.6114921569824 14.4940500259399 13.3927659988403 22.8939952850342 31.9043788909912 35.9709777832031 35.9402084350586 35.3863105773926 35.170238494873 35.0361061096191 34.9778633117676 34.9923362731934 35.017822265625 35.0401268005371 35.0456047058105 35.0571594238281 35.039436340332 35.0174598693848 35.0072288513184 34.9593238830566 35.0208168029785 35.2056427001953 35.3313217163086 35.4295043945312 35.4489097595215 35.5548324584961 35.6832504272461 35.8326950073242 35.9872932434082 36.0539703369141 36.1836242675781
31.1924610137939 30.883358001709 30.6387786865234 30.5017147064209 30.4893932342529 30.8310279846191 31.0404376983643 31.2776107788086 31.5379581451416 31.7803630828857 32.0343856811523 32.7296752929688 33.2944221496582 34.0987854003906 34.8108596801758 35.125862121582 33.7873497009277 26.7236328125 33.081672668457 34.3177719116211 35.952091217041 35.4610443115234 35.2294921875 35.011890411377 34.9472923278809 34.9742050170898 35.0158996582031 35.0493659973145 35.0504417419434 35.047046661377 35.0658378601074 35.0715560913086 35.0815315246582 35.0218887329102 34.9947204589844 34.9723052978516 35.0270080566406 35.2191467285156 35.2736663818359 35.4617385864258 35.4484939575195 35.5544090270996 35.590950012207 35.7428169250488 35.9344596862793 35.9658088684082 36.1198387145996
32.6400604248047 32.1064758300781 31.5260524749756 31.3842926025391 31.5109901428223 31.5901622772217 31.8093338012695 32.3878517150879 32.7028465270996 32.8744430541992 33.198844909668 33.7629661560059 34.27734375 34.8964424133301 35.6936798095703 35.9248695373535 35.8120384216309 35.6539001464844 36.0038108825684 35.6281585693359 35.1914176940918 34.9941024780273 34.9455528259277 34.9408149719238 34.9812278747559 35.0088348388672 35.034309387207 35.0337791442871 35.0373764038086 35.0443992614746 35.0608291625977 35.0493927001953 35.0842475891113 35.0228462219238 35.0149154663086 34.973949432373 35.0130310058594 35.1584548950195 35.2598838806152 35.4476203918457 35.4609642028809 35.5056266784668 35.5970268249512 35.6888046264648 35.8351936340332 35.9951057434082 36.0359230041504
33.929615020752 33.5068664550781 33.1048927307129 32.7527847290039 32.4821014404297 32.4049873352051 32.6647071838379 33.1751976013184 33.4452018737793 33.5386123657227 33.940242767334 34.6016731262207 35.5198402404785 35.7635536193848 35.9326133728027 36.1943321228027 36.2267837524414 36.0986595153809 35.7835578918457 35.1711730957031 34.9447250366211 34.9542999267578 34.9933395385742 35.0044937133789 35.0293350219727 35.0360336303711 35.0443992614746 35.0435829162598 35.0542869567871 35.0508766174316 35.0433921813965 35.0453109741211 35.082836151123 35.018913269043 35.0103378295898 35.0025863647461 34.9893035888672 35.0506286621094 35.1972160339355 35.3392791748047 35.4868965148926 35.4856986999512 35.6179885864258 35.7308197021484 35.8735885620117 35.9803581237793 36.0600090026855
35.056468963623 34.7591361999512 34.5044822692871 34.2638397216797 34.0789337158203 33.9860420227051 33.9386024475098 33.9942359924316 34.2207412719727 34.5118751525879 34.8911056518555 35.3648452758789 35.9069938659668 35.461181640625 35.1889266967773 35.4744110107422 35.4033355712891 35.6202697753906 35.3327560424805 35.0676383972168 34.9308700561523 34.9977378845215 35.022705078125 35.0434799194336 35.0346298217773 35.0280685424805 35.0521583557129 35.0559921264648 35.0472183227539 35.0406494140625 35.0370826721191 35.0435829162598 35.0795249938965 35.0555038452148 35.0226020812988 34.9968414306641 34.9771308898926 34.9807548522949 35.0271873474121 35.1750068664551 35.3438720703125 35.4800491333008 35.5353050231934 35.7260437011719 35.8972587585449 35.9254684448242 36.0245780944824
35.7652130126953 35.6735725402832 35.5235900878906 35.3094596862793 35.1815452575684 34.928638458252 34.8898773193359 35.0025367736816 35.2107887268066 35.333309173584 35.4309043884277 35.692455291748 36.0501251220703 35.540168762207 35.1782455444336 34.9505271911621 34.9551696777344 34.9949378967285 34.9699974060059 34.9388618469238 34.9799613952637 35.0217552185059 35.0359916687012 35.0415649414062 35.0214691162109 35.0420875549316 35.0658645629883 35.0516777038574 35.040828704834 35.0328674316406 35.0543670654297 35.0654258728027 35.0607070922852 35.0751075744629 35.0382690429688 35.0242729187012 35.0235900878906 35.0009994506836 34.9783477783203 35.0135078430176 35.0867500305176 35.2161560058594 35.5015678405762 35.5945053100586 35.8112144470215 35.8885307312012 35.902271270752
