Ecospace-environmental-drivers/Outputs/ASCII-for-ecospace/Sal-avg/Sal-avg_X1994.04.asc
NCOLS 131 
NROWS 53 
XLLCORNER -98 
YLLCORNER 23.9265270233154 
CELLSIZE 0.133587792515755 
NODATA_value -3.4e+38 
[rows 21 to 41 of 53, columns 47 to 93 of 131]
36.0657119750977 36.160343170166 36.1908721923828 36.1856727600098 36.173469543457 36.1571311950684 36.1060943603516 36.1341133117676 36.1197357177734 36.0432319641113 35.790225982666 35.6958999633789 35.4125747680664 35.1152687072754 34.9714508056641 34.9101600646973 34.9278411865234 34.9325523376465 34.9340057373047 34.9362525939941 34.9670333862305 34.9829788208008 34.9706840515137 34.9684906005859 35.0157661437988 35.0064315795898 34.9769515991211 34.9643440246582 34.9865760803223 35.0149536132812 34.9709587097168 34.9678115844727 34.9683532714844 34.9708480834961 34.9742965698242 34.9826431274414 34.9738922119141 34.9637794494629 34.9381217956543 34.9181060791016 34.9111251831055 34.9040031433105 34.902702331543 34.9231491088867 34.9846839904785 35.072826385498 35.1696243286133
36.042724609375 35.9997177124023 35.9921340942383 35.9894371032715 36.0466842651367 35.9183654785156 35.5754051208496 35.7121887207031 35.5074501037598 35.2061080932617 35.1092109680176 35.0394172668457 35.0069541931152 34.9349899291992 34.908130645752 34.9093818664551 34.9298362731934 34.938648223877 34.9642486572266 34.960865020752 34.9641304016113 34.9899482727051 34.9740180969238 35.019172668457 35.0078392028809 34.9946937561035 34.9737091064453 34.9631156921387 35.0195960998535 34.9809646606445 34.9625396728516 34.9630126953125 34.9636573791504 34.9645118713379 34.9656143188477 34.9672584533691 34.9664306640625 34.9750442504883 34.9813957214355 34.9715538024902 34.9593963623047 34.9543914794922 34.9413909912109 34.9170303344727 34.9008445739746 34.8968544006348 34.9509963989258
35.401439666748 35.3760795593262 35.4852905273438 35.3613014221191 35.2757110595703 35.1382255554199 35.1477279663086 35.0154304504395 34.9385528564453 34.9159393310547 34.9082641601562 34.9130096435547 34.9013862609863 34.9004669189453 34.9225540161133 34.9256172180176 34.9317398071289 34.9676551818848 34.9632720947266 34.9671440124512 34.9651679992676 34.9923133850098 34.9720993041992 35.0256042480469 34.9983329772949 34.9833602905273 34.9676704406738 34.9904708862305 35.0592155456543 34.9691429138184 34.963752746582 34.9666328430176 34.9680252075195 34.9681587219238 34.9680328369141 34.9679260253906 34.968334197998 34.9810981750488 35.0412979125977 35.0057601928711 34.9980163574219 35.0051956176758 34.9745063781738 34.9598503112793 34.9423294067383 34.9133148193359 34.8829879760742
34.9801864624023 34.9766273498535 34.9598236083984 34.970832824707 34.9685325622559 34.9272994995117 34.9425888061523 34.9277992248535 34.9304847717285 34.9164772033691 34.9190788269043 34.9038925170898 34.920597076416 34.9268989562988 34.9330978393555 34.930908203125 34.9633483886719 34.9690399169922 34.9762115478516 35.0041198730469 34.995777130127 34.9943084716797 34.9746055603027 35.0223846435547 35.0049057006836 35.0032272338867 35.084659576416 35.0488548278809 34.9931678771973 34.9666938781738 34.965705871582 34.9674911499023 34.968879699707 34.9695739746094 34.9895095825195 34.9938201904297 35.0149230957031 35.0126457214355 35.0188827514648 35.0031356811523 35.0065460205078 34.9990539550781 34.9990844726562 34.9931106567383 34.9746055603027 34.9548721313477 34.9224128723145
34.9097595214844 34.9297637939453 34.9268798828125 34.9287414550781 34.9401054382324 34.9256134033203 34.9506492614746 34.9373817443848 34.9372749328613 34.940242767334 34.9379577636719 34.9351234436035 34.9323196411133 34.9326438903809 34.933162689209 34.9571380615234 34.9736099243164 34.9758987426758 35.0059814453125 34.9892387390137 34.9748497009277 34.9705657958984 34.968822479248 34.9774475097656 35.0129203796387 34.9829177856445 34.9994316101074 35.0614395141602 34.986328125 34.9690246582031 34.9658851623535 34.9666519165039 34.9677848815918 34.9887619018555 35.0082092285156 35.015754699707 35.009105682373 35.0117149353027 35.0078125 34.9996147155762 34.9996910095215 34.9994697570801 34.9995918273926 34.9997634887695 34.9996147155762 34.9754257202148 34.9519882202148
34.9451446533203 34.9364547729492 34.9353294372559 34.9799461364746 34.9745979309082 34.9520645141602 34.9557914733887 35.0062026977539 34.9418754577637 34.9553985595703 34.9386940002441 34.952564239502 34.9321823120117 34.9588966369629 34.9748649597168 34.9781074523926 34.9651527404785 34.9626083374023 34.9630813598633 34.9639282226562 34.9649314880371 34.9640808105469 35.0193214416504 35.0202980041504 35.0061874389648 34.9817810058594 34.9653053283691 35.0400619506836 35.0150260925293 34.9808387756348 34.9665679931641 34.9659080505371 34.9659957885742 35.0539360046387 35.0645370483398 35.0508842468262 35.0272941589355 35.0217590332031 35.0102653503418 35.0026359558105 35.0009078979492 35.000358581543 35.0016784667969 35.0020904541016 35.0030288696289 35.0002365112305 34.9761276245117
34.9743118286133 34.9695358276367 34.9777603149414 35.0012092590332 34.9811630249023 34.9737548828125 34.9810104370117 34.9818267822266 34.9613876342773 34.9688606262207 34.9664688110352 34.9570960998535 34.9622535705566 34.9631576538086 35.0126037597656 35.0036659240723 34.9978637695312 34.9823913574219 34.9869003295898 34.9902305603027 34.9594764709473 35.0153274536133 34.9948043823242 34.9728355407715 34.9677391052246 34.9676933288574 34.9634208679199 35.0233306884766 34.995433807373 34.9708213806152 34.9643440246582 34.9639472961426 34.964183807373 34.9646644592285 35.0062294006348 35.0776977539062 35.0416793823242 35.024227142334 35.0070381164551 35.0094375610352 35.0045547485352 35.0010757446289 35.0029525756836 35.0022888183594 35.0056495666504 35.0038642883301 34.9902076721191
34.9657096862793 34.9726829528809 35.0105094909668 34.9691123962402 34.9672813415527 34.9910583496094 34.981689453125 34.965877532959 34.967212677002 34.957691192627 34.9622116088867 34.9711494445801 34.9786033630371 34.9858551025391 34.9917755126953 34.9742965698242 34.9665145874023 34.9645881652832 34.9645538330078 34.9748992919922 34.9901428222656 34.9910507202148 34.9732971191406 34.9583473205566 34.9696655273438 35.0120124816895 35.0380821228027 34.9933166503906 34.9757995605469 34.9635887145996 34.9635543823242 34.9627151489258 34.9630355834961 34.9633903503418 34.9916877746582 34.9973258972168 35.0479545593262 35.0283660888672 35.021484375 35.0130577087402 35.0019683837891 35.0026817321777 35.0053596496582 35.0035705566406 35.004207611084 35.0026969909668 35.0035362243652
34.9836120605469 34.9693756103516 34.9624290466309 34.9624290466309 34.9648742675781 34.9719581604004 34.9770126342773 34.9812164306641 34.9801712036133 34.973560333252 34.9730796813965 34.9694366455078 34.9649047851562 34.9631843566895 34.9613189697266 34.9606704711914 34.9605865478516 34.9604148864746 34.9607276916504 34.9620208740234 34.9618949890137 34.9600791931152 34.9574394226074 34.9563636779785 35.0275650024414 34.9957542419434 34.9812431335449 34.9760780334473 34.9687232971191 34.963321685791 34.9639663696289 34.9636573791504 34.9634323120117 34.9632759094238 34.9642715454102 34.9658050537109 35.0410194396973 35.0362968444824 35.0195999145508 35.0142936706543 35.0027923583984 35.0017395019531 35.0081748962402 35.0065765380859 35.0059661865234 35.0040969848633 35.0020141601562
34.9663887023926 34.9654579162598 35.0483932495117 35.0391654968262 34.9597206115723 35.025562286377 34.9678382873535 34.9729270935059 34.9742698669434 34.9849281311035 34.9724578857422 34.9955101013184 35.033374786377 34.9903717041016 34.9849510192871 34.9902572631836 35.0364761352539 35.0349311828613 35.0432052612305 35.0334281921387 34.9616241455078 34.9604873657227 34.9581146240234 34.9561424255371 35.0255088806152 34.9818649291992 34.9706382751465 34.9657020568848 34.963939666748 34.9648857116699 34.9640083312988 34.9640159606934 34.964168548584 34.963794708252 34.9647178649902 34.964729309082 35.0339393615723 35.0215492248535 35.0105743408203 35.0045394897461 34.9999732971191 34.9980545043945 35.0012283325195 35.003360748291 35.0013084411621 35.0016288757324 35.0012359619141
35.0812606811523 34.9590454101562 35.0096130371094 35.0083427429199 34.9615936279297 34.9616546630859 34.9657936096191 34.9686050415039 34.9692535400391 34.9899024963379 35.0040817260742 35.0191230773926 34.9980010986328 34.9999237060547 35.0102996826172 35.0123634338379 34.9977073669434 34.9890365600586 34.9969367980957 35.0370750427246 35.0210990905762 34.9639854431152 34.9598731994629 34.957649230957 35.0221366882324 34.9887351989746 34.9698295593262 34.964729309082 34.9629974365234 34.964298248291 34.9638900756836 34.9643020629883 34.9639015197754 34.9640808105469 34.9650039672852 34.9651184082031 35.0295181274414 35.0110054016113 35.0044250488281 35.0007171630859 34.9988594055176 34.9950904846191 34.9932632446289 34.9924736022949 34.9949264526367 34.995246887207 34.999626159668
34.9682426452637 34.9587860107422 34.9621543884277 35.0090560913086 34.9613494873047 34.989501953125 34.9831924438477 34.979320526123 34.9703330993652 35.0148963928223 34.9972801208496 34.9720497131348 34.967716217041 34.9667625427246 34.9689407348633 34.9706001281738 34.9702377319336 34.966854095459 34.9687118530273 34.983154296875 35.01904296875 35.0403938293457 34.9595222473145 34.9584083557129 34.9923934936523 35.0063056945801 34.978214263916 34.972785949707 34.9666481018066 34.9669189453125 34.9653244018555 34.9649124145508 34.9686813354492 34.966983795166 34.9644927978516 34.9647102355957 35.0318603515625 35.0182762145996 35.0090980529785 35.0041236877441 35.0002899169922 34.9971504211426 34.9920387268066 34.992862701416 34.998779296875 34.9999961853027 35.0000534057617
34.9594917297363 34.9601020812988 34.9662094116211 34.9740524291992 34.9828453063965 34.9773750305176 34.9726600646973 34.9752311706543 34.9910430908203 34.9776878356934 34.9655303955078 34.964527130127 34.9643974304199 34.963264465332 34.9634056091309 34.9630813598633 34.9628410339355 34.9630393981934 34.9655075073242 34.9663505554199 34.9698448181152 35.0004692077637 35.0243034362793 35.0207366943359 35.0073394775391 34.9799270629883 34.9689254760742 34.968864440918 34.9703407287598 34.9657135009766 34.9642181396484 34.9643936157227 34.9650955200195 34.9652824401855 34.9672813415527 35.0193634033203 35.0333442687988 35.0188331604004 35.0080184936523 35.0002326965332 34.9953117370605 34.9935607910156 34.9902420043945 34.9926452636719 34.9961204528809 34.9988899230957 34.9995307922363
34.9532852172852 34.9511566162109 34.9534759521484 34.9604911804199 34.973274230957 34.9698829650879 34.9857444763184 34.9743003845215 34.9709701538086 34.9725799560547 35.0252799987793 35.043270111084 35.0229072570801 35.0543632507324 35.0380630493164 35.0015602111816 34.9769439697266 34.9621887207031 34.9622993469238 34.9627304077148 34.9634246826172 34.9772567749023 34.9762802124023 34.9849586486816 34.9673347473145 34.9604377746582 34.9648551940918 34.9666786193848 34.9677963256836 34.9620361328125 34.9622077941895 34.9678230285645 34.9922218322754 35.009449005127 35.0474166870117 35.0483016967773 35.0319480895996 35.0140647888184 35.0091743469238 35.0057640075684 35.0008316040039 34.9952735900879 34.9987525939941 34.9967460632324 34.999195098877 34.9984588623047 34.9994888305664
34.9584426879883 34.9495429992676 34.949390411377 34.9559173583984 34.9647102355957 34.9600372314453 35.0243377685547 35.0285758972168 35.011890411377 35.0081901550293 35.0061416625977 35.0063934326172 35.0105285644531 35.0135879516602 35.0214805603027 35.0201759338379 35.0293807983398 35.0338325500488 35.0241050720215 34.9628257751465 34.962833404541 34.9628524780273 34.9626579284668 34.9620628356934 34.9613037109375 34.9619598388672 34.9629096984863 34.962459564209 34.9615631103516 34.9622192382812 35.0070495605469 35.0609436035156 35.029899597168 35.0266609191895 35.0238647460938 35.0258636474609 35.0285263061523 35.0216445922852 35.0140724182129 35.0092430114746 35.0066719055176 35.0038795471191 35.0036315917969 35.0000076293945 34.9966659545898 34.9997940063477 34.9989624023438
34.9513206481934 34.9484405517578 34.949951171875 34.9669761657715 34.9761657714844 34.9996032714844 34.994686126709 34.9966735839844 34.9969139099121 34.9921798706055 34.9905967712402 34.9943809509277 34.9992408752441 35.0059700012207 35.0126152038574 35.0105094909668 35.0118637084961 35.0192985534668 35.0238265991211 35.0322303771973 35.001823425293 34.9650917053223 34.9645805358887 34.9641265869141 34.9659690856934 34.9661026000977 34.9658966064453 34.9657440185547 34.9719314575195 35.0257530212402 35.0548400878906 35.024341583252 35.0146980285645 35.0098571777344 35.0062103271484 35.0075798034668 35.0098304748535 35.0083961486816 35.0065803527832 35.0065841674805 35.0034713745117 35.0006675720215 35.0005340576172 34.9988746643066 35.0019454956055 35.0004005432129 34.9988059997559
34.9483337402344 34.9512062072754 34.9879455566406 35.022834777832 35.0169944763184 35.0009422302246 34.9859428405762 34.9823951721191 34.9812126159668 34.9802436828613 34.9851112365723 34.9928665161133 34.9966163635254 35.0029525756836 35.0067253112793 35.0068855285645 35.0073699951172 35.0117149353027 35.0132865905762 35.0155754089355 35.0203170776367 34.9974784851074 34.9813766479492 35.0043182373047 35.001594543457 35.0011520385742 35.0184555053711 35.0135307312012 35.0330047607422 35.022216796875 35.0133934020996 35.005443572998 35.00048828125 34.9968948364258 34.9967193603516 34.998291015625 35.0001258850098 35.0013008117676 35.003604888916 35.0042190551758 35.0041618347168 35.0024223327637 34.9998550415039 34.9995231628418 35.0020217895508 35.0016059875488 35.0008735656738
34.9638977050781 34.9914970397949 35.0254325866699 35.0121841430664 35.005615234375 34.9961051940918 34.9884071350098 34.9816513061523 34.9797019958496 34.9817008972168 34.9879035949707 34.9930114746094 34.9961547851562 35.0006713867188 35.003734588623 35.0044288635254 35.0035438537598 35.001163482666 35.0014762878418 35.0032272338867 35.0068588256836 35.0091133117676 35.0084609985352 35.0143737792969 35.0078887939453 35.010124206543 35.0158843994141 35.0120544433594 35.0096855163574 35.0062484741211 34.9976081848145 34.9928398132324 34.9913177490234 34.9946670532227 34.9967002868652 34.9989929199219 34.9988098144531 34.9990005493164 35.0025749206543 35.0060157775879 35.0097770690918 35.0080528259277 35.0040969848633 35.0023803710938 35.0054702758789 35.0043640136719 35.0053558349609
35.0203247070312 35.0280952453613 35.0071105957031 34.9960632324219 34.988109588623 34.9844055175781 34.9847145080566 34.9836769104004 34.9831809997559 34.984691619873 34.9871520996094 34.9905815124512 34.9945411682129 34.9981307983398 35.0004730224609 35.0002059936523 34.9982948303223 34.996395111084 34.9947280883789 34.9956359863281 34.995044708252 34.9970054626465 34.9989547729492 34.998664855957 34.9982414245605 34.9991264343262 35.0026779174805 35.0042190551758 35.0021133422852 34.9953498840332 34.9915008544922 34.9899673461914 34.9892692565918 34.9934959411621 34.9989585876465 34.998706817627 34.9992561340332 35.0013732910156 35.0015716552734 35.0108413696289 35.0115432739258 35.0122566223145 35.0081520080566 35.0051231384277 35.0059700012207 35.0084838867188 35.0033721923828
35.0125160217285 35.0047950744629 34.9941558837891 34.9868049621582 34.9824066162109 34.9825668334961 34.982837677002 34.9823760986328 34.9813995361328 34.98193359375 34.9836196899414 34.986644744873 34.9907722473145 34.9941940307617 34.9952850341797 34.9943962097168 34.9930191040039 34.9916152954102 34.9911193847656 34.9894752502441 34.9894714355469 34.9904022216797 34.9901542663574 34.9916534423828 34.9897003173828 34.9927444458008 34.9983139038086 35.0026626586914 35.0018997192383 34.9959754943848 34.9885749816895 34.9843940734863 34.9852828979492 34.9904365539551 34.9961738586426 34.9974250793457 34.9973449707031 34.9996719360352 35.0024566650391 35.0087013244629 35.0097198486328 35.0063285827637 35.0071449279785 35.003345489502 35.0025749206543 35.0052604675293 35.0040969848633
35.0032348632812 34.9946327209473 34.9895362854004 34.9846343994141 34.9818878173828 34.9832038879395 34.9829788208008 34.9808120727539 34.9793930053711 34.9795532226562 34.980770111084 34.9832153320312 34.9866218566895 34.9896240234375 34.9903755187988 34.9896049499512 34.9890022277832 34.9892845153809 34.9877243041992 34.9851989746094 34.9850540161133 34.9868774414062 34.9865303039551 34.987491607666 34.986442565918 34.9882621765137 34.990234375 34.993480682373 34.9968643188477 34.9973182678223 34.9916458129883 34.9851455688477 34.9831237792969 34.9883728027344 34.9950981140137 34.9973602294922 34.9984359741211 34.999080657959 35.0053787231445 35.0079689025879 35.0039863586426 35.0035095214844 35.0049934387207 35.0038146972656 35.0029296875 35.0043792724609 35.0034408569336
