Ecospace-environmental-drivers/Outputs/ASCII-for-ecospace/Sal-avg/Sal-avg_X1999.03.asc
NCOLS 131 
NROWS 53 
XLLCORNER -98 
YLLCORNER 23.9265270233154 
CELLSIZE 0.133587792515755 
NODATA_value -3.4e+38 
[rows 0 to 20 of 53, columns 47 to 93 of 131]
-3.4e+38 -3.4e+38 -3.4e+38 -3.4e+38 -3.4e+38 -3.4e+38 -3.4e+38 -3.4e+38 -3.4e+38 -3.4e+38 -3.4e+38 -3.4e+38 -3.4e+38 -3.4e+38 -3.4e+38 -3.4e+38 -3.4e+38 -3.4e+38 -3.4e+38 -3.4e+38 -3.4e+38 -3.4e+38 -3.4e+38 -3.4e+38 -3.4e+38 -3.4e+38 -3.4e+38 -3.4e+38 -3.4e+38 -3.4e+38 -3.4e+38 -3.4e+38 -3.4e+38 -3.4e+38 -3.4e+38 -3.4e+38 -3.4e+38 -3.4e+38 -3.4e+38 -3.4e+38 -3.4e+38 -3.4e+38 -3.4e+38 -3.4e+38 -3.4e+38 -3.4e+38 -3.4e+38
-3.4e+38 -3.4e+38 -3.4e+38 -3.4e+38 -3.4e+38 -3.4e+38 -3.4e+38 -3.4e+38 -3.4e+38 -3.4e+38 -3.4e+38 -3.4e+38 -3.4e+38 -3.4e+38 -3.4e+38 -3.4e+38 -3.4e+38 -3.4e+38 -3.4e+38 -3.4e+38 -3.4e+38 -3.4e+38 -3.4e+38 -3.4e+38 -3.4e+38 -3.4e+38 -3.4e+38 -3.4e+38 -3.4e+38 -3.4e+38 -3.4e+38 -3.4e+38 -3.4e+38 -3.4e+38 -3.4e+38 -3.4e+38 -3.4e+38 -3.4e+38 -3.4e+38 -3.4e+38 -3.4e+38 -3.4e+38 -3.4e+38 -3.4e+38 -3.4e+38 -3.4e+38 -3.4e+38
-3.4e+38 -3.4e+38 -3.4e+38 -3.4e+38 -3.4e+38 -3.4e+38 -3.4e+38 -3.4e+38 -3.4e+38 -3.4e+38 -3.4e+38 -3.4e+38 -3.4e+38 -3.4e+38 -3.4e+38 -3.4e+38 -3.4e+38 -3.4e+38 -3.4e+38 -3.4e+38 -3.4e+38 -3.4e+38 -3.4e+38 -3.4e+38 -3.4e+38 -3.4e+38 -3.4e+38 1.50317120552063 1.42603135108948 -3.4e+38 -3.4e+38 -3.4e+38 -3.4e+38 -3.4e+38 -3.4e+38 -3.4e+38 -3.4e+38 -3.4e+38 -3.4e+38 -3.4e+38 -3.4e+38 -3.4e+38 -3.4e+38 -3.4e+38 -3.4e+38 -3.4e+38 -3.4e+38
-3.4e+38 -3.4e+38 -3.4e+38 -3.4e+38 -3.4e+38 -3.4e+38 -3.4e+38 -3.4e+38 -3.4e+38 -3.4e+38 -3.4e+38 -3.4e+38 -3.4e+38 -3.4e+38 -3.4e+38 -3.4e+38 -3.4e+38 -3.4e+38 -3.4e+38 -3.4e+38 -3.4e+38 -3.4e+38 -3.4e+38 -3.4e+38 -3.4e+38 -3.4e+38 -3.4e+38 10.4972229003906 9.55887794494629 -3.4e+38 -3.4e+38 -3.4e+38 -3.4e+38 -3.4e+38 -3.4e+38 -3.4e+38 -3.4e+38 -3.4e+38 -3.4e+38 -3.4e+38 -3.4e+38 -3.4e+38 -3.4e+38 -3.4e+38 -3.4e+38 -3.4e+38 -3.4e+38
-3.4e+38 -3.4e+38 -3.4e+38 -3.4e+38 -3.4e+38 -3.4e+38 -3.4e+38 -3.4e+38 -3.4e+38 16.2213935852051 16.2213935852051 16.1868534088135 14.6570272445679 -3.4e+38 -3.4e+38 -3.4e+38 -3.4e+38 -3.4e+38 25.4210739135742 24.905740737915 21.7024269104004 17.945873260498 14.255087852478 11.5766544342041 16.6445636749268 20.1185054779053 21.9663467407227 20.7556400299072 22.0797824859619 25.7267265319824 -3.4e+38 -3.4e+38 33.079517364502 32.5993728637695 30.3619251251221 33.9294967651367 34.4048843383789 34.4212036132812 34.4935302734375 34.7604713439941 34.8495140075684 35.0742568969727 -3.4e+38 -3.4e+38 -3.4e+38 -3.4e+38 -3.4e+38
-3.4e+38 -3.4e+38 -3.4e+38 -3.4e+38 -3.4e+38 -3.4e+38 -3.4e+38 -3.4e+38 16.2213935852051 16.2213935852051 16.2213935852051 16.2213935852051 16.1523132324219 14.6288022994995 11.6255979537964 -3.4e+38 18.3882083892822 25.0198554992676 25.9465522766113 25.8121490478516 25.2350635528564 24.1822242736816 19.336612701416 19.7528533935547 22.1338310241699 25.7461738586426 26.5554046630859 27.1877002716064 27.8308506011963 26.6383628845215 32.1847457885742 32.778995513916 33.0513114929199 33.4082412719727 33.5760154724121 34.5245246887207 34.8030052185059 34.9246635437012 34.9797973632812 35.0774383544922 35.182071685791 35.1456031799316 35.1198425292969 35.1405487060547 -3.4e+38 -3.4e+38 -3.4e+38
-3.4e+38 -3.4e+38 -3.4e+38 -3.4e+38 -3.4e+38 -3.4e+38 -3.4e+38 -3.4e+38 16.4693870544434 16.2213935852051 16.2213935852051 16.2213935852051 16.2213935852051 16.0832328796387 14.5849866867065 11.6255979537964 13.8168811798096 23.0904998779297 26.7139148712158 27.8262042999268 29.4446544647217 30.7746162414551 31.8817615509033 32.550106048584 32.6690483093262 33.0845031738281 33.2687683105469 32.8386688232422 32.867805480957 32.9299583435059 33.3015441894531 33.8574829101562 34.0194473266602 34.3024215698242 34.8905639648438 35.4692268371582 35.7838172912598 35.8166999816895 35.766544342041 35.7635498046875 35.7593841552734 35.6556968688965 35.4808158874512 35.3016014099121 35.2278060913086 35.1677055358887 -3.4e+38
-3.4e+38 -3.4e+38 -3.4e+38 -3.4e+38 -3.4e+38 -3.4e+38 -3.4e+38 -3.4e+38 -3.4e+38 -3.4e+38 16.2213935852051 16.2213935852051 16.2213935852051 -3.4e+38 15.9450712203979 14.5478849411011 15.0313806533813 19.3918552398682 26.1806678771973 28.2448883056641 29.8760433197021 31.2486782073975 32.7222290039062 34.0704689025879 34.454517364502 34.5420455932617 34.4615211486816 34.2474670410156 34.0743370056152 34.1389923095703 34.2389373779297 34.3259544372559 34.5254096984863 35.0677299499512 35.7035140991211 36.1104507446289 36.205005645752 36.1978797912598 36.12158203125 36.0719604492188 36.0250473022461 35.9558143615723 35.8112678527832 35.6205863952637 35.3606185913086 35.1689300537109 34.9134712219238
-3.4e+38 -3.4e+38 -3.4e+38 -3.4e+38 -3.4e+38 -3.4e+38 -3.4e+38 -3.4e+38 -3.4e+38 -3.4e+38 -3.4e+38 -3.4e+38 -3.4e+38 -3.4e+38 15.9906787872314 15.706467628479 19.0998210906982 18.8175601959229 23.9588184356689 27.811653137207 29.6916084289551 31.0963001251221 32.8673248291016 34.2899208068848 34.9867935180664 35.131103515625 35.0018653869629 34.8155212402344 34.6105308532715 34.5127449035645 34.5084800720215 34.8144836425781 35.2166633605957 35.8845252990723 36.1163558959961 36.1596145629883 36.1993064880371 36.2577056884766 36.2095069885254 36.1432609558105 36.0994453430176 36.0609474182129 35.9850578308105 35.9139518737793 35.7733154296875 35.4319877624512 34.8155746459961
18.2517890930176 -3.4e+38 -3.4e+38 -3.4e+38 -3.4e+38 -3.4e+38 -3.4e+38 -3.4e+38 -3.4e+38 -3.4e+38 26.3086853027344 22.9172401428223 -3.4e+38 -3.4e+38 -3.4e+38 22.351936340332 25.4273529052734 24.7762413024902 25.5487403869629 28.1189746856689 29.8570346832275 31.4216899871826 33.0809516906738 34.4585647583008 35.3082084655762 35.4140396118164 35.2326927185059 34.9368782043457 34.7485694885254 34.6509819030762 34.8225784301758 35.2869529724121 35.8184051513672 36.0791282653809 35.9756393432617 35.9934349060059 36.0799865722656 36.1497116088867 36.2137985229492 36.2149620056152 36.1718063354492 36.1085472106934 36.0544967651367 36.0464706420898 35.9984550476074 35.7188606262207 35.046760559082
15.9295129776001 10.0516204833984 -3.4e+38 -3.4e+38 -3.4e+38 -3.4e+38 -3.4e+38 -3.4e+38 -3.4e+38 -3.4e+38 30.9801692962646 30.091682434082 29.6130867004395 -3.4e+38 -3.4e+38 27.519739151001 27.1154479980469 26.1888809204102 27.0280323028564 28.7229328155518 30.4476928710938 32.239616394043 33.368953704834 34.8634338378906 35.5759239196777 35.5525131225586 35.2971229553223 35.0419082641602 34.8863830566406 34.9105186462402 35.3311920166016 35.7604141235352 36.0051918029785 35.7413024902344 35.6151237487793 35.7009162902832 35.8420104980469 35.9487648010254 36.0927200317383 36.2131881713867 36.2181396484375 36.1523971557617 36.1115760803223 36.1000518798828 36.0637359619141 35.870418548584 35.3552360534668
19.2341632843018 8.55463218688965 0.905868589878082 9.06052684783936 -3.4e+38 -3.4e+38 -3.4e+38 -3.4e+38 -3.4e+38 -3.4e+38 -3.4e+38 30.3506851196289 29.1399688720703 29.6130867004395 27.9449424743652 27.3409156799316 28.3495006561279 28.0097713470459 28.186408996582 29.9143581390381 32.0854263305664 33.4374847412109 34.6240692138672 35.690731048584 35.844108581543 35.705696105957 35.4885635375977 35.4042358398438 35.5545921325684 35.6845932006836 35.8719139099121 35.9496269226074 35.6044120788574 35.2696533203125 35.2168273925781 35.2876091003418 35.4102668762207 35.6324234008789 35.8283576965332 36.0214920043945 36.1787452697754 36.2442054748535 36.1763648986816 36.1188697814941 36.0979080200195 35.9794006347656 35.6146965026855
28.4560699462891 23.1970825195312 15.1365585327148 11.1391534805298 -3.4e+38 -3.4e+38 -3.4e+38 -3.4e+38 31.4545269012451 31.3634567260742 31.1625194549561 30.2645378112793 29.5388488769531 28.2679710388184 26.3789768218994 25.7253608703613 24.1289882659912 28.8750743865967 29.2003421783447 30.203634262085 33.6055870056152 35.2338104248047 35.8795585632324 36.0126838684082 35.9472732543945 35.8960952758789 35.9669189453125 36.0111618041992 36.0103492736816 35.8968086242676 35.6205101013184 35.2494087219238 35.0218162536621 35.0264854431152 35.0057563781738 34.9699287414551 35.198413848877 35.3800582885742 35.5600242614746 35.7696189880371 35.9463844299316 36.102855682373 36.2120513916016 36.1890449523926 36.1520347595215 36.1235160827637 36.0584754943848
31.598316192627 31.247200012207 29.5015850067139 26.2465724945068 29.0099067687988 31.4540462493896 31.4719676971436 31.4310722351074 31.2959289550781 30.8803005218506 30.5320835113525 31.1813278198242 28.9079113006592 28.5363540649414 29.22216796875 25.8602237701416 18.8159332275391 14.8634281158447 18.5217094421387 25.3009471893311 29.9635543823242 35.9006462097168 36.0745239257812 36.0661888122559 36.0273399353027 35.8899002075195 35.6127090454102 35.2947311401367 35.1226615905762 34.9916229248047 34.9360046386719 34.9368362426758 34.9371528625488 34.9339179992676 34.9327201843262 34.9521293640137 35.1098289489746 35.2768020629883 35.4422874450684 35.6375885009766 35.7900314331055 35.8899841308594 36.0261917114258 36.1666145324707 36.2768898010254 36.2572250366211 36.2264251708984
32.3564834594727 32.2972831726074 32.0100440979004 31.2740173339844 31.3330039978027 31.606143951416 31.3906230926514 31.1073379516602 30.7250518798828 30.2897663116455 29.7515773773193 29.5354175567627 30.7863693237305 32.3399124145508 33.4874534606934 32.7653312683105 26.1580181121826 6.98510885238647 6.14541387557983 13.3789625167847 34.6091346740723 36.0931358337402 36.0367431640625 35.4597511291504 35.1801223754883 35.0360450744629 34.9432830810547 34.9424896240234 34.9464263916016 34.9625473022461 34.9645729064941 34.9653282165527 34.9580497741699 34.9365730285645 34.9275894165039 34.9573402404785 35.0783348083496 35.2689971923828 35.3649597167969 35.5412101745605 35.6910057067871 35.7480735778809 35.8795928955078 35.9945602416992 36.1310386657715 36.279727935791 36.2585945129395
32.8904685974121 32.6816520690918 32.3793487548828 32.0585861206055 31.9193286895752 31.8188247680664 31.5762557983398 31.2659549713135 31.0393390655518 31.0126171112061 31.2458419799805 32.0886459350586 33.1631546020508 34.3277359008789 35.2720336914062 35.5404663085938 33.8405265808105 23.2228488922119 31.0950489044189 33.897331237793 35.9753837585449 35.5893325805664 35.267219543457 35.0477638244629 34.9236869812012 34.9300308227539 34.9403495788574 34.9629096984863 34.9695014953613 34.9650840759277 34.969913482666 34.9715461730957 34.9634704589844 34.9348258972168 34.9241561889648 34.9644203186035 35.0758972167969 35.2219276428223 35.3363952636719 35.4771003723145 35.6130638122559 35.6501159667969 35.7252769470215 35.8949203491211 36.0535202026367 36.1635131835938 36.2583312988281
33.529541015625 33.1919975280762 32.8103370666504 32.4624786376953 32.267578125 32.1818237304688 32.0799026489258 31.9709892272949 31.9567413330078 32.1953392028809 32.7574501037598 33.5273323059082 34.5100173950195 35.4193229675293 35.9006729125977 36.0404281616211 35.9853973388672 35.9740333557129 36.0985374450684 35.7236938476562 35.1673049926758 34.9516372680664 34.9217872619629 34.9259948730469 34.9451675415039 34.9566040039062 34.9580535888672 34.9641304016113 34.9776496887207 34.9951667785645 34.9889106750488 34.9711723327637 34.9591293334961 34.9319458007812 34.9256782531738 34.951732635498 35.0564804077148 35.1931343078613 35.3582878112793 35.4625587463379 35.5185317993164 35.5873146057129 35.668773651123 35.7812309265137 35.9550437927246 36.1443862915039 36.2143783569336
34.2541084289551 33.9398040771484 33.5442085266113 33.1264228820801 32.8242034912109 32.732738494873 32.7585906982422 32.821403503418 32.9028434753418 33.0557975769043 33.5858459472656 34.9283256530762 35.8690223693848 35.8964385986328 36.0909729003906 36.2394371032715 36.2182235717773 36.1782112121582 35.9364547729492 35.2239456176758 34.9265899658203 34.929069519043 34.9362945556641 34.9699859619141 34.9772109985352 34.9672927856445 34.9607543945312 34.975212097168 34.9920425415039 34.9816818237305 34.9785079956055 34.9718170166016 34.9598503112793 34.9322662353516 34.9254150390625 34.9387969970703 34.9850463867188 35.1022415161133 35.2957458496094 35.4310188293457 35.5154228210449 35.5712203979492 35.6392974853516 35.7245178222656 35.9136161804199 36.0833511352539 36.1751136779785
35.0041618347168 34.8220748901367 34.5219078063965 34.2158889770508 33.9280967712402 33.7172966003418 33.6598472595215 33.6944236755371 33.8591156005859 34.133861541748 34.6306571960449 35.3146858215332 35.9421539306641 35.4873733520508 35.1427612304688 35.3807029724121 35.4753150939941 35.6053733825684 35.4005470275879 35.0578079223633 34.9160957336426 34.9246063232422 34.9685440063477 34.9822616577148 34.9660720825195 34.9721488952637 35.0134468078613 34.9845771789551 34.97705078125 34.976978302002 35.0159034729004 34.9945487976074 34.9638023376465 34.9355506896973 34.927864074707 34.9141159057617 34.9455261230469 34.9738960266113 35.0833969116211 35.2076988220215 35.3322372436523 35.453125 35.5921363830566 35.7084083557129 35.8082656860352 35.996654510498 36.1212158203125
35.4076728820801 35.3680763244629 35.2883529663086 35.1914291381836 35.0376892089844 34.8318977355957 34.7255668640137 34.7034072875977 34.7783851623535 34.9719886779785 35.3266220092773 35.7324447631836 36.0553932189941 35.8042297363281 35.1792945861816 34.9251327514648 34.9258499145508 34.9605445861816 34.9773864746094 34.9321136474609 34.9221343994141 34.9452705383301 34.9673118591309 34.9825782775879 34.966869354248 34.9777793884277 35.0192756652832 34.982234954834 34.9714126586914 34.9727935791016 35.0627059936523 35.0638656616211 34.9846649169922 34.9562187194824 34.9340286254883 34.9220199584961 34.909854888916 34.9275588989258 34.9447593688965 34.9691925048828 35.0435600280762 35.2201461791992 35.377571105957 35.5424041748047 35.6393699645996 35.7908477783203 35.9830665588379
35.7494926452637 35.7883605957031 35.7685432434082 35.7020835876465 35.6483459472656 35.6186676025391 35.6089782714844 35.6485366821289 35.7094917297363 35.8468627929688 36.0665740966797 36.2344589233398 36.222469329834 35.7988395690918 35.1121253967285 34.9080429077148 34.9243850708008 34.9134254455566 34.9030456542969 34.9230346679688 34.929386138916 34.9650115966797 34.9724731445312 34.9663238525391 34.9609603881836 34.9857482910156 34.9973945617676 34.9792594909668 34.9691963195801 34.9722137451172 35.0527992248535 35.0726509094238 35.055103302002 35.0325546264648 34.9798431396484 34.9579315185547 34.946159362793 34.9298439025879 34.9013061523438 34.9143333435059 34.9223213195801 34.9605484008789 35.0303688049316 35.1782379150391 35.2307167053223 35.4089012145996 35.619384765625
