Ecospace-environmental-drivers/Outputs/ASCII-for-ecospace/MOM6-ISIMIP3a/o2/1981-01_o2_MOM6-ISIMIP3a.asc
NCOLS 131 
NROWS 53 
XLLCORNER -98 
YLLCORNER 23.9265270233154 
CELLSIZE 0.133587792515755 
NODATA_value -9999 
[rows 21 to 41 of 53, columns 46 to 91 of 131]
0.223881408572197 0.223431140184402 0.223377510905266 0.223436698317528 0.224373087286949 0.225373893976212 0.225689634680748 0.226009517908096 0.226350456476212 0.226740300655365 0.227248281240463 0.227576345205307 0.227657422423363 0.228314310312271 0.229442328214645 0.228341192007065 0.226184159517288 0.223879665136337 0.221539929509163 0.220354005694389 0.219256430864334 0.218291029334068 0.217448592185974 0.217120736837387 0.216978684067726 0.217228889465332 0.21746651828289 0.217688754200935 0.218211740255356 0.218953773379326 0.219355791807175 0.219617024064064 0.21983015537262 0.22003385424614 0.220080554485321 0.220111846923828 0.220049545168877 0.220012813806534 0.220065906643867 0.220171451568604 0.220374405384064 0.220473125576973 0.220458284020424 0.220307722687721 0.220069333910942 0.219819977879524
0.221597462892532 0.221316009759903 0.221234112977982 0.221208959817886 0.221634685993195 0.222093150019646 0.22218956053257 0.222324594855309 0.222656115889549 0.22310146689415 0.223821699619293 0.224359348416328 0.2246463149786 0.225120961666107 0.225749164819717 0.224774032831192 0.223039418458939 0.221207275986671 0.219351842999458 0.218353673815727 0.217435166239738 0.216818764805794 0.216312766075134 0.21626889705658 0.216379329562187 0.216815531253815 0.217228055000305 0.217611655592918 0.218084573745728 0.218622520565987 0.218911111354828 0.219096422195435 0.219295114278793 0.219496443867683 0.219563364982605 0.219620198011398 0.219626814126968 0.219655990600586 0.219764485955238 0.219906806945801 0.220111921429634 0.220200911164284 0.220163360238075 0.220028802752495 0.219831466674805 0.219642817974091
0.219694212079048 0.219639539718628 0.219585120677948 0.219530761241913 0.219464555382729 0.219394639134407 0.219257384538651 0.219184130430222 0.219436377286911 0.219868451356888 0.220734730362892 0.221445351839066 0.221942245960236 0.222206264734268 0.222279757261276 0.221435695886612 0.220157012343407 0.218814983963966 0.217457816004753 0.216638416051865 0.215887129306793 0.215589329600334 0.21538719534874 0.215585470199585 0.215908288955688 0.216494053602219 0.217047482728958 0.21756137907505 0.217960804700851 0.218276828527451 0.218438521027565 0.218536287546158 0.218714773654938 0.218909129500389 0.219005540013313 0.219097420573235 0.219180464744568 0.219282060861588 0.21944884955883 0.219630032777786 0.219837933778763 0.219918295741081 0.219859704375267 0.219746887683868 0.219598993659019 0.219482451677322
0.219040244817734 0.219117686152458 0.219173967838287 0.219224229454994 0.219195052981377 0.219153553247452 0.218998819589615 0.218876346945763 0.218918025493622 0.219147205352783 0.219829171895981 0.22052501142025 0.221239909529686 0.221396878361702 0.221097394824028 0.220298826694489 0.21926386654377 0.218280732631683 0.217309966683388 0.216846808791161 0.216426998376846 0.216130301356316 0.215896129608154 0.215923607349396 0.216038748621941 0.216338902711868 0.216685712337494 0.21708956360817 0.217410683631897 0.217671558260918 0.217799291014671 0.217871889472008 0.218008816242218 0.218158394098282 0.218272775411606 0.218384861946106 0.218487352132797 0.21860359609127 0.218768134713173 0.21894659101963 0.219150900840759 0.219258666038513 0.219261214137077 0.219247668981552 0.219223707914352 0.219231560826302
0.218428865075111 0.218614190816879 0.218765959143639 0.218908190727234 0.21892012655735 0.218913063406944 0.218752562999725 0.218596324324608 0.21846179664135 0.218516975641251 0.21903021633625 0.219675913453102 0.220503464341164 0.220581516623497 0.22004634141922 0.219346910715103 0.218569695949554 0.217912048101425 0.217282980680466 0.217094078660011 0.216926231980324 0.21662449836731 0.216355606913567 0.216224238276482 0.21614845097065 0.216189995408058 0.216341659426689 0.216627910733223 0.216871812939644 0.217084869742393 0.217183411121368 0.217234551906586 0.217331081628799 0.217436552047729 0.217556819319725 0.217677399516106 0.217795878648758 0.217924863100052 0.21809084713459 0.218269601464272 0.218472123146057 0.218604013323784 0.218658953905106 0.21872815489769 0.218806609511375 0.218912333250046
0.218004152178764 0.218191206455231 0.218371793627739 0.218550533056259 0.218621507287025 0.218675196170807 0.21856027841568 0.218437939882278 0.218277961015701 0.218285754323006 0.218698665499687 0.2191391736269 0.219617545604706 0.219739943742752 0.219571083784103 0.219205960631371 0.218747869133949 0.21826933324337 0.217785909771919 0.217511847615242 0.217247396707535 0.21691358089447 0.216598257422447 0.216360300779343 0.216167122125626 0.2160684466362 0.21607518196106 0.216210767626762 0.216382160782814 0.216579601168633 0.216669902205467 0.216715827584267 0.216777116060257 0.216841444373131 0.21691457927227 0.216992303729057 0.217111527919769 0.217244997620583 0.21742856502533 0.217620894312859 0.217829525470734 0.217971280217171 0.218040183186531 0.218119740486145 0.218206167221069 0.218293383717537
0.217623487114906 0.217806056141853 0.217998281121254 0.218193247914314 0.218320101499557 0.218433693051338 0.218377321958542 0.218304604291916 0.218148842453957 0.218110054731369 0.218353658914566 0.218602642416954 0.218859001994133 0.219050869345665 0.219189986586571 0.219094470143318 0.21888779103756 0.218571200966835 0.218228340148926 0.217888951301575 0.217547386884689 0.217170879244804 0.216798424720764 0.216442957520485 0.216128349304199 0.215900048613548 0.215772315859795 0.215767532587051 0.215861454606056 0.216027274727821 0.216120824217796 0.216184452176094 0.216207936406136 0.216223552823067 0.216249629855156 0.21628525853157 0.216410204768181 0.216549575328827 0.216739729046822 0.216935828328133 0.217142969369888 0.217285439372063 0.217357411980629 0.21744529902935 0.217543467879295 0.217618986964226
0.217338904738426 0.217503428459167 0.217669799923897 0.21783672273159 0.218012630939484 0.218184247612953 0.218214720487595 0.218225941061974 0.218139171600342 0.218055486679077 0.217979267239571 0.218066573143005 0.218378379940987 0.218694567680359 0.219014331698418 0.219047233462334 0.218944266438484 0.218752145767212 0.218538716435432 0.218177318572998 0.217801198363304 0.217358812689781 0.216905906796455 0.216409042477608 0.215964272618294 0.215629443526268 0.215390056371689 0.215267345309258 0.215273037552834 0.215372264385223 0.21549417078495 0.215625494718552 0.215605571866035 0.215555921196938 0.21553510427475 0.215530335903168 0.215671792626381 0.215820178389549 0.215992972254753 0.216171473264694 0.216360569000244 0.21648371219635 0.216535016894341 0.216626852750778 0.216744899749756 0.216823592782021
0.217197522521019 0.217325270175934 0.217461034655571 0.217599079012871 0.217806756496429 0.218017444014549 0.218116626143456 0.218192353844643 0.218148753046989 0.218034625053406 0.217750132083893 0.217725947499275 0.21805913746357 0.218449473381042 0.218886584043503 0.219013527035713 0.218993559479713 0.218886077404022 0.218757688999176 0.218395754694939 0.218009829521179 0.217508479952812 0.216984301805496 0.216364547610283 0.21579797565937 0.215343698859215 0.21499590575695 0.214778259396553 0.214726731181145 0.214796215295792 0.214957520365715 0.215156853199005 0.215096920728683 0.214985996484756 0.214907214045525 0.214849829673767 0.214989945292473 0.215129569172859 0.215267449617386 0.215413898229599 0.215576276183128 0.215670883655548 0.215691685676575 0.215753629803658 0.215842217206955 0.215927854180336
0.217236310243607 0.217303693294525 0.217402830719948 0.217510998249054 0.217728704214096 0.217954620718956 0.218099668622017 0.218215480446815 0.218182608485222 0.218056157231331 0.217703759670258 0.217631205916405 0.217942878603935 0.218344286084175 0.218819111585617 0.218996837735176 0.21903383731842 0.218960911035538 0.218861699104309 0.21852619946003 0.218161627650261 0.217610031366348 0.217026084661484 0.21630671620369 0.215628936886787 0.215038910508156 0.214586764574051 0.214303135871887 0.214233428239822 0.214319512248039 0.214534088969231 0.214801862835884 0.214706152677536 0.214539006352425 0.21438829600811 0.214262932538986 0.214379265904427 0.214487761259079 0.214568644762039 0.214664876461029 0.214789614081383 0.214844077825546 0.214821994304657 0.214811518788338 0.214808568358421 0.214905872941017
0.217132449150085 0.217183649539948 0.217314898967743 0.217468917369843 0.217744916677475 0.218028128147125 0.218169167637825 0.218276500701904 0.21821241080761 0.218056246638298 0.217677757143974 0.217579156160355 0.217864796519279 0.218251973390579 0.218722209334373 0.218914344906807 0.218974784016609 0.218928381800652 0.21885646879673 0.218535557389259 0.218181729316711 0.217597603797913 0.216979190707207 0.216217309236526 0.215493053197861 0.214848205447197 0.214343503117561 0.214010089635849 0.213893964886665 0.213936120271683 0.214169204235077 0.214481353759766 0.214386910200119 0.214212521910667 0.214057117700577 0.213923752307892 0.21399874985218 0.214064389467239 0.214097216725349 0.214153051376343 0.214251592755318 0.21429705619812 0.214284658432007 0.214218094944954 0.214116454124451 0.214204773306847
0.216921627521515 0.216989785432816 0.217204689979553 0.217461332678795 0.217831835150719 0.218203902244568 0.218303516507149 0.218365952372551 0.218239203095436 0.218040272593498 0.217667043209076 0.217559099197388 0.217815354466438 0.218169316649437 0.218603223562241 0.218782514333725 0.218841195106506 0.218815356492996 0.218769311904907 0.218454092741013 0.218103036284447 0.217499658465385 0.21686577796936 0.216104224324226 0.215382054448128 0.214743047952652 0.214224636554718 0.213853597640991 0.213669911026955 0.213622689247131 0.2138482183218 0.21418671309948 0.214121282100677 0.213976457715034 0.213866770267487 0.213770359754562 0.213790833950043 0.213804885745049 0.213796317577362 0.213819086551666 0.213900059461594 0.213959872722626 0.213996604084969 0.213886186480522 0.213680520653725 0.213744327425957
0.216427206993103 0.216539546847343 0.216830492019653 0.217172250151634 0.217600762844086 0.218026295304298 0.218131542205811 0.218196019530296 0.218053206801414 0.217871248722076 0.217594727873802 0.217534467577934 0.217771127820015 0.218077391386032 0.218440636992455 0.218594640493393 0.218649536371231 0.218626350164413 0.21858449280262 0.218314036726952 0.218009918928146 0.217444747686386 0.216846510767937 0.216109976172447 0.215404078364372 0.21476286649704 0.214206770062447 0.213754698634148 0.213474825024605 0.213320404291153 0.213487818837166 0.213788509368896 0.213751882314682 0.213648945093155 0.213581994175911 0.21352082490921 0.213503047823906 0.213478550314903 0.213430374860764 0.213419303297997 0.213477104902267 0.213541463017464 0.213612958788872 0.213573828339577 0.213463112711906 0.213592886924744
0.215811267495155 0.215979427099228 0.216343179345131 0.216762542724609 0.217233419418335 0.217697232961655 0.217828273773193 0.217914938926697 0.217776030302048 0.217636615037918 0.217496007680893 0.217507898807526 0.217729121446609 0.21798150241375 0.21825934946537 0.218382745981216 0.218432977795601 0.218404769897461 0.2183578312397 0.218148872256279 0.217910617589951 0.217408254742622 0.216867595911026 0.216166660189629 0.215483114123344 0.214836254715919 0.214232206344604 0.213680475950241 0.213292151689529 0.213022872805595 0.213110506534576 0.213345929980278 0.213338017463684 0.213282257318497 0.213256761431694 0.213230103254318 0.213181033730507 0.213123559951782 0.213036566972733 0.212991297245026 0.213023513555527 0.213088229298592 0.213188335299492 0.213269859552383 0.21333934366703 0.213573887944221
0.214908570051193 0.215095818042755 0.215493008494377 0.215949922800064 0.21648108959198 0.217008411884308 0.217226341366768 0.217397838830948 0.217333197593689 0.217282086610794 0.217263668775558 0.217361778020859 0.217619895935059 0.217867463827133 0.218106418848038 0.218218371272087 0.218270167708397 0.218216449022293 0.218137517571449 0.217968344688416 0.217777699232101 0.217364951968193 0.216917380690575 0.216324090957642 0.215710714459419 0.215054973959923 0.214428439736366 0.21383760869503 0.213380053639412 0.21301956474781 0.212985917925835 0.213087618350983 0.213062569499016 0.213012605905533 0.212946847081184 0.212881475687027 0.212825536727905 0.212760761380196 0.212664946913719 0.212600737810135 0.212595254182816 0.212624788284302 0.212692454457283 0.212799206376076 0.212931245565414 0.213216215372086
0.213946551084518 0.214145287871361 0.21456778049469 0.215053930878639 0.215649113059044 0.216245144605637 0.216562613844872 0.216831907629967 0.216856092214584 0.216902747750282 0.217003673315048 0.217190936207771 0.217496752738953 0.217749685049057 0.217959359288216 0.218063831329346 0.218118473887444 0.218034997582436 0.217918500304222 0.217784628272057 0.217637836933136 0.21732023358345 0.216973096132278 0.216502353549004 0.215969055891037 0.215303733944893 0.214659988880157 0.214042603969574 0.213523924350739 0.213077142834663 0.212913632392883 0.212867438793182 0.212815776467323 0.212763041257858 0.212640106678009 0.212520867586136 0.212463095784187 0.212396338582039 0.212297901511192 0.212217926979065 0.212172240018845 0.212159231305122 0.212181836366653 0.212294086813927 0.212464332580566 0.212788462638855
0.212925851345062 0.213215738534927 0.213719949126244 0.214285090565681 0.214981853961945 0.215680912137032 0.216078698635101 0.216429308056831 0.216539964079857 0.216654971241951 0.216780453920364 0.216997429728508 0.217340037226677 0.217614784836769 0.217833980917931 0.217927992343903 0.217962697148323 0.217858150601387 0.217720329761505 0.217582702636719 0.217435896396637 0.217155188322067 0.216852009296417 0.216454818844795 0.215994402766228 0.215400516986847 0.21485036611557 0.214353710412979 0.213919803500175 0.213531583547592 0.213307544589043 0.213151499629021 0.212987080216408 0.212821021676064 0.212628126144409 0.212436690926552 0.212269231677055 0.212110131978989 0.211980402469635 0.211883455514908 0.211847379803658 0.211812943220139 0.211780324578285 0.211795210838318 0.211840823292732 0.212113574147224
0.211915880441666 0.212296932935715 0.212883725762367 0.213529050350189 0.214329779148102 0.215134143829346 0.215607360005379 0.216035023331642 0.216231003403664 0.216413795948029 0.216564729809761 0.216811001300812 0.217188149690628 0.217483520507812 0.217711955308914 0.217793226242065 0.217804774641991 0.217680603265762 0.217524006962776 0.217381238937378 0.217232435941696 0.216982185840607 0.216716423630714 0.216385737061501 0.215993478894234 0.215471193194389 0.215010911226273 0.214626416563988 0.214272648096085 0.213941276073456 0.213663697242737 0.213408395648003 0.213135257363319 0.212858602404594 0.212597236037254 0.212335899472237 0.212069228291512 0.211826801300049 0.211669594049454 0.211557671427727 0.211529850959778 0.211475133895874 0.211391121149063 0.211309656500816 0.21122981607914 0.211446985602379
0.211048170924187 0.211482480168343 0.212134599685669 0.212848663330078 0.213760986924171 0.214678347110748 0.21518437564373 0.215651616454124 0.215921491384506 0.216180086135864 0.21641144156456 0.216710850596428 0.217103689908981 0.217399314045906 0.217615410685539 0.217661038041115 0.21762590110302 0.217493370175362 0.217337563633919 0.21719329059124 0.217042297124863 0.216781929135323 0.216510817408562 0.21619476377964 0.215823635458946 0.215336218476295 0.214872851967812 0.21443884074688 0.214046284556389 0.213683933019638 0.21339425444603 0.213134661316872 0.212836861610413 0.212531536817551 0.212223783135414 0.211925715208054 0.211723297834396 0.211536839604378 0.211406499147415 0.211301520466805 0.211243644356728 0.2111706584692 0.211081176996231 0.210963308811188 0.210827052593231 0.210987225174904
0.21025675535202 0.210744887590408 0.211454644799232 0.212227433919907 0.213236287236214 0.214251354336739 0.214782521128654 0.215281307697296 0.215615421533585 0.215944275259972 0.216260448098183 0.216611832380295 0.217011526226997 0.21729776263237 0.217491179704666 0.217506632208824 0.217437788844109 0.217302545905113 0.217151448130608 0.2170120626688 0.216864764690399 0.216590210795403 0.216308832168579 0.215998873114586 0.215643048286438 0.215190395712852 0.214722439646721 0.214235782623291 0.213789582252502 0.213372841477394 0.213058441877365 0.212786450982094 0.212471455335617 0.212148010730743 0.211800143122673 0.211469724774361 0.211318373680115 0.21117852628231 0.21107904613018 0.210986062884331 0.210905149579048 0.210824072360992 0.210742816329002 0.210621908307076 0.210475325584412 0.210577011108398
0.209744974970818 0.210289090871811 0.211028352379799 0.211823120713234 0.21287328004837 0.213929995894432 0.214458122849464 0.214959099888802 0.215321987867355 0.215700775384903 0.216117918491364 0.216516956686974 0.216891169548035 0.217132613062859 0.217265412211418 0.217270791530609 0.217215821146965 0.217098593711853 0.21696649491787 0.216855496168137 0.216733485460281 0.216429844498634 0.21612012386322 0.215784952044487 0.215423062443733 0.215004742145538 0.214526817202568 0.213976010680199 0.213421657681465 0.212864711880684 0.212479367852211 0.212165087461472 0.211860314011574 0.211557403206825 0.211192548274994 0.210845693945885 0.210697114467621 0.210569515824318 0.21051561832428 0.210453182458878 0.21037483215332 0.210323065519333 0.210300251841545 0.210298657417297 0.21031080186367 0.210348501801491
