Ecospace-environmental-drivers/Outputs/ASCII-for-ecospace/MOM6-ISIMIP3a/o2/1984-01_o2_MOM6-ISIMIP3a.asc
NCOLS 131 
NROWS 53 
XLLCORNER -98 
YLLCORNER 23.9265270233154 
CELLSIZE 0.133587792515755 
NODATA_value -9999 
[rows 21 to 41 of 53, columns 46 to 91 of 131]
0.232499167323112 0.23317414522171 0.23353111743927 0.233797654509544 0.233843058347702 0.233883425593376 0.234398856759071 0.234867781400681 0.235100105404854 0.235378727316856 0.235769212245941 0.235814720392227 0.235386610031128 0.234872743487358 0.234288692474365 0.233548447489738 0.232734188437462 0.231254860758781 0.22961662709713 0.228774443268776 0.227959498763084 0.226744934916496 0.22550256550312 0.224143758416176 0.222779154777527 0.221402272582054 0.220284730195999 0.21948416531086 0.219176515936852 0.219227895140648 0.219293609261513 0.219365254044533 0.219426795840263 0.219486370682716 0.219404354691505 0.219322130084038 0.219289168715477 0.219199523329735 0.218910589814186 0.218794599175453 0.218999803066254 0.219257429242134 0.219572186470032 0.219798177480698 0.2199667096138 0.220124810934067
0.230662852525711 0.231524646282196 0.232155412435532 0.232720479369164 0.232885584235191 0.233022406697273 0.233501106500626 0.233948037028313 0.234233394265175 0.234535351395607 0.234877347946167 0.234825864434242 0.234234154224396 0.233658686280251 0.233096495270729 0.232357919216156 0.23153580725193 0.230071306228638 0.228453323245049 0.227403044700623 0.226351618766785 0.224715799093246 0.223094567656517 0.22153440117836 0.220105916261673 0.218955367803574 0.218163996934891 0.217811614274979 0.217860862612724 0.218202650547028 0.218540653586388 0.218877077102661 0.219091787934303 0.219282552599907 0.219201937317848 0.219105154275894 0.218948662281036 0.218747898936272 0.218391478061676 0.218244209885597 0.218485429883003 0.218779727816582 0.219131842255592 0.21925114095211 0.219219788908958 0.21927472949028
0.229012742638588 0.230056062340736 0.23095703125 0.2318175137043 0.232117801904678 0.232367113232613 0.232788041234016 0.233192071318626 0.233510196208954 0.233808383345604 0.234058380126953 0.233884155750275 0.233127534389496 0.232470870018005 0.231895998120308 0.23114039003849 0.230299174785614 0.228838071227074 0.227228865027428 0.225929573178291 0.224602863192558 0.222567290067673 0.220595464110374 0.218890532851219 0.217449575662613 0.216565921902657 0.216132387518883 0.216249004006386 0.216653808951378 0.21726855635643 0.217857211828232 0.21843509376049 0.218792080879211 0.219105631113052 0.219006314873695 0.218875914812088 0.218591094017029 0.218277722597122 0.217863991856575 0.217690035700798 0.21796141564846 0.218287274241447 0.218672469258308 0.218678548932076 0.218439325690269 0.218395039439201
0.228266417980194 0.229233175516129 0.230048537254333 0.230820864439011 0.231343626976013 0.231837704777718 0.232246905565262 0.232628211379051 0.232867643237114 0.233054175972939 0.233113020658493 0.232836335897446 0.232098966836929 0.231196537613869 0.230159059166908 0.229243218898773 0.228385001420975 0.22689414024353 0.225252136588097 0.22332775592804 0.221407502889633 0.219829455018044 0.218334272503853 0.217185974121094 0.216213122010231 0.215610697865486 0.215415135025978 0.215716823935509 0.21620137989521 0.216819122433662 0.217402040958405 0.21797052025795 0.218385472893715 0.218770250678062 0.21862767636776 0.218450233340263 0.218123063445091 0.217772305011749 0.217338532209396 0.21713675558567 0.217365831136703 0.217665031552315 0.218040645122528 0.217976778745651 0.217628568410873 0.217594414949417
0.227385058999062 0.228322714567184 0.229092791676521 0.22981521487236 0.230470940470695 0.231109067797661 0.231456786394119 0.231768205761909 0.231894910335541 0.231938704848289 0.231782302260399 0.231383100152016 0.230650559067726 0.229570910334587 0.228207290172577 0.227145552635193 0.226226836442947 0.224729418754578 0.22309373319149 0.220842495560646 0.218622475862503 0.217472329735756 0.216409638524055 0.215712875127792 0.215122923254967 0.214758440852165 0.214757293462753 0.215200215578079 0.215741023421288 0.216353133320808 0.21693542599678 0.217505380511284 0.217963993549347 0.218400731682777 0.218196272850037 0.217957586050034 0.217616617679596 0.217251375317574 0.216800779104233 0.216577365994453 0.216775849461555 0.217038616538048 0.21737140417099 0.217255473136902 0.216849192976952 0.21683906018734
0.225911542773247 0.22702831029892 0.227929830551147 0.228770151734352 0.229166284203529 0.229506865143776 0.229574918746948 0.229609608650208 0.229474499821663 0.229239165782928 0.228761836886406 0.22815228998661 0.227361261844635 0.226405009627342 0.225313574075699 0.224168851971626 0.222998887300491 0.221596613526344 0.22013883292675 0.218868285417557 0.217636674642563 0.216784566640854 0.215960636734962 0.215254694223404 0.214673981070518 0.214357614517212 0.214359968900681 0.214751824736595 0.2152459025383 0.215814426541328 0.216418638825417 0.21703764796257 0.217477202415466 0.217881500720978 0.217533558607101 0.217171341180801 0.216941654682159 0.216662436723709 0.216209068894386 0.215991169214249 0.216210544109344 0.216393947601318 0.216538161039352 0.216448456048965 0.216207385063171 0.21628212928772
0.224641472101212 0.225899130105972 0.226802229881287 0.22760446369648 0.227778211236 0.227874979376793 0.227630615234375 0.227362766861916 0.226975411176682 0.226500421762466 0.225813865661621 0.225086987018585 0.224304750561714 0.22346705198288 0.222583994269371 0.22148808836937 0.22029136121273 0.219122350215912 0.217959940433502 0.217377334833145 0.216828927397728 0.216198459267616 0.2155552059412 0.214858546853065 0.214313566684723 0.214088797569275 0.214113980531693 0.214444667100906 0.214858740568161 0.215333595871925 0.215904653072357 0.216515570878983 0.21689447760582 0.217227801680565 0.216798186302185 0.216369867324829 0.216230124235153 0.216022416949272 0.215575754642487 0.215359032154083 0.215569347143173 0.21568475663662 0.215696796774864 0.215620875358582 0.215488031506538 0.215635389089584
0.223815307021141 0.22513048350811 0.225751742720604 0.226175636053085 0.226208105683327 0.226178348064423 0.225550100207329 0.22492341697216 0.224304631352425 0.223676115274429 0.22302408516407 0.222382754087448 0.221756130456924 0.221026465296745 0.220212504267693 0.219453036785126 0.218719363212585 0.218084931373596 0.217474192380905 0.216940805315971 0.216409683227539 0.215834155678749 0.215244829654694 0.21459773182869 0.214146316051483 0.214107975363731 0.214198216795921 0.214445605874062 0.214707151055336 0.214979007840157 0.215396746993065 0.215874910354614 0.216102436184883 0.216280683875084 0.215904265642166 0.215535223484039 0.215438827872276 0.215270936489105 0.214851662516594 0.21462669968605 0.214762568473816 0.214834809303284 0.214837729930878 0.214748412370682 0.214599430561066 0.214792713522911
0.222850412130356 0.224221795797348 0.224639818072319 0.224786713719368 0.224660858511925 0.224481984972954 0.223625242710114 0.222789198160172 0.222058415412903 0.221366509795189 0.220768466591835 0.220225885510445 0.219759434461594 0.219190627336502 0.218538090586662 0.218036219477654 0.217605695128441 0.217281401157379 0.216982468962669 0.216497629880905 0.215999603271484 0.215495511889458 0.214971974492073 0.214367046952248 0.213954135775566 0.213946610689163 0.214004024863243 0.214140802621841 0.214274629950523 0.214406281709671 0.214733764529228 0.215142339468002 0.215267613530159 0.215337216854095 0.215011700987816 0.214691445231438 0.214565485715866 0.214387580752373 0.21402695775032 0.213813677430153 0.213874042034149 0.213894054293633 0.213870123028755 0.213796600699425 0.213690996170044 0.213939622044563
0.221710994839668 0.223136931657791 0.223450616002083 0.22344796359539 0.223142355680466 0.222785979509354 0.221896216273308 0.221038863062859 0.220346316695213 0.219704434275627 0.21918486058712 0.218757599592209 0.218457087874413 0.218115627765656 0.217740654945374 0.217397183179855 0.217068657279015 0.216772109270096 0.216483220458031 0.216046079993248 0.215601041913033 0.215189144015312 0.214746356010437 0.214174255728722 0.213730588555336 0.213558092713356 0.21345953643322 0.213451355695724 0.213488683104515 0.213559120893478 0.21387568116188 0.214294150471687 0.214379027485847 0.214398324489594 0.214120835065842 0.213836178183556 0.213588953018188 0.213338315486908 0.213075652718544 0.212899148464203 0.212882652878761 0.212839066982269 0.212765961885452 0.212744936347008 0.212757602334023 0.213073432445526
0.220529824495316 0.221742644906044 0.221994861960411 0.221973896026611 0.221654966473579 0.221291229128838 0.220541298389435 0.219821095466614 0.219252064824104 0.218720465898514 0.218279227614403 0.217910692095757 0.217641964554787 0.217364102602005 0.217078775167465 0.216791391372681 0.216503039002419 0.216259121894836 0.216025814414024 0.215625762939453 0.215214788913727 0.214811354875565 0.214383944869041 0.213856160640717 0.21342146396637 0.21318331360817 0.213005468249321 0.212901338934898 0.212887063622475 0.212938278913498 0.213211223483086 0.213576018810272 0.213584646582603 0.213523268699646 0.213299304246902 0.213063821196556 0.212774559855461 0.212503656744957 0.212297275662422 0.212141215801239 0.21207857131958 0.21198345720768 0.211852982640266 0.211854994297028 0.211942732334137 0.212299555540085
0.219317346811295 0.220116272568703 0.220339208841324 0.22039832174778 0.220190912485123 0.219947442412376 0.219466984272003 0.219002768397331 0.218621209263802 0.218245103955269 0.217882096767426 0.217529818415642 0.217192232608795 0.216855183243752 0.216518566012383 0.216210514307022 0.215916022658348 0.215743362903595 0.215599805116653 0.215228870511055 0.214837744832039 0.214380010962486 0.213918969035149 0.213444083929062 0.21304814517498 0.212818846106529 0.212619215250015 0.212455868721008 0.212423726916313 0.212487161159515 0.212692007422447 0.212955430150032 0.212860941886902 0.212696090340614 0.212529793381691 0.212353631854057 0.212081775069237 0.211829960346222 0.211648628115654 0.211500734090805 0.211414977908134 0.211277395486832 0.211083352565765 0.211086317896843 0.211216762661934 0.21159490942955
0.218858271837234 0.219409465789795 0.2195765376091 0.219634354114532 0.219470575451851 0.219277292490005 0.218899354338646 0.21852807700634 0.218190714716911 0.217843532562256 0.217472657561302 0.21708407998085 0.216671228408813 0.21631383895874 0.216001838445663 0.215756803750992 0.215543478727341 0.215352207422256 0.215166196227074 0.214754045009613 0.214326217770576 0.213896259665489 0.213472127914429 0.213072463870049 0.21274621784687 0.212575018405914 0.212395504117012 0.212205797433853 0.212130188941956 0.212137669324875 0.212234422564507 0.212368130683899 0.212214693427086 0.212004825472832 0.211862459778786 0.211714133620262 0.211483150720596 0.211264118552208 0.211087137460709 0.210939511656761 0.210846349596977 0.210699945688248 0.210495516657829 0.210511699318886 0.210670620203018 0.211047738790512
0.218722105026245 0.219096764922142 0.219196572899818 0.219218224287033 0.219068989157677 0.218895837664604 0.218548879027367 0.21820068359375 0.217846095561981 0.217473611235619 0.217057928442955 0.216610550880432 0.216119661927223 0.215758606791496 0.215503767132759 0.215357571840286 0.215262845158577 0.215014457702637 0.214729338884354 0.214245840907097 0.213757067918777 0.213390037417412 0.213033065199852 0.212718158960342 0.212474897503853 0.212382927536964 0.212241441011429 0.212039470672607 0.211909428238869 0.211831763386726 0.211803242564201 0.211795076727867 0.211601659655571 0.211371824145317 0.21123893558979 0.211104914546013 0.210924878716469 0.210744515061378 0.210563033819199 0.210412234067917 0.21031841635704 0.21017761528492 0.209985598921776 0.210020244121552 0.210201546549797 0.21056804060936
0.218671411275864 0.219030097126961 0.219085291028023 0.219054192304611 0.21885284781456 0.218628838658333 0.218263655900955 0.217896863818169 0.217521890997887 0.217124313116074 0.216672092676163 0.216200664639473 0.215702876448631 0.215362146496773 0.215149909257889 0.215047851204872 0.214998006820679 0.214698702096939 0.214339792728424 0.213830456137657 0.213323503732681 0.213001802563667 0.212699264287949 0.212476849555969 0.212317511439323 0.212291285395622 0.212190166115761 0.211997523903847 0.211826995015144 0.21167254447937 0.211537286639214 0.211409956216812 0.211197093129158 0.210967421531677 0.210827425122261 0.210689038038254 0.210533902049065 0.210372164845467 0.210187256336212 0.210031792521477 0.209930971264839 0.209809228777885 0.209664717316628 0.20969569683075 0.209840252995491 0.210195630788803
0.218638405203819 0.219014331698418 0.219029605388641 0.218942314386368 0.218675062060356 0.21838553249836 0.217991918325424 0.217597916722298 0.217201918363571 0.216779261827469 0.216292232275009 0.21580396592617 0.215313971042633 0.21499852836132 0.214825883507729 0.214756652712822 0.214736431837082 0.214387506246567 0.213960036635399 0.213434264063835 0.212917983531952 0.212637975811958 0.212387233972549 0.21225893497467 0.212183684110641 0.212220415472984 0.212160155177116 0.211981311440468 0.211773186922073 0.211543694138527 0.211305499076843 0.211063712835312 0.210835665464401 0.210610330104828 0.210459783673286 0.210313141345978 0.210177540779114 0.210030302405357 0.209842190146446 0.20968171954155 0.209572568535805 0.209472700953484 0.209382936358452 0.209405690431595 0.209501251578331 0.209845423698425
0.218222185969353 0.218591317534447 0.218724876642227 0.21879144012928 0.218529462814331 0.218230217695236 0.21783222258091 0.217428714036942 0.216997072100639 0.216551512479782 0.216072350740433 0.215580359101295 0.215070739388466 0.2147296667099 0.214526519179344 0.214386522769928 0.21427646279335 0.214022785425186 0.213734790682793 0.21333834528923 0.212937816977501 0.212586119771004 0.212299093604088 0.212282702326775 0.212279111146927 0.212302550673485 0.212202578783035 0.211951792240143 0.21166680753231 0.211356908082962 0.211050048470497 0.210744440555573 0.210476607084274 0.210216194391251 0.210068747401237 0.209928467869759 0.20981739461422 0.209687724709511 0.209492757916451 0.209333389997482 0.209240168333054 0.209162130951881 0.209100633859634 0.209136441349983 0.209235221147537 0.209623456001282
0.217803478240967 0.218149498105049 0.218396708369255 0.218615815043449 0.218373656272888 0.218080520629883 0.217685952782631 0.217280641198158 0.216820627450943 0.216360509395599 0.215900167822838 0.215419739484787 0.214911699295044 0.214550822973251 0.214310333132744 0.214090496301651 0.213880449533463 0.21370504796505 0.2135379165411 0.213263154029846 0.2129727602005 0.212562695145607 0.212247937917709 0.212332159280777 0.212388649582863 0.21238662302494 0.21223783493042 0.211909666657448 0.211545869708061 0.211156144738197 0.210784867405891 0.210421219468117 0.210115537047386 0.209821239113808 0.209679365158081 0.20954754948616 0.209458738565445 0.209344998002052 0.209143564105034 0.208985134959221 0.208906546235085 0.208849057555199 0.208814576268196 0.208862349390984 0.208963379263878 0.209393814206123
0.217541396617889 0.217701613903046 0.217937439680099 0.218194752931595 0.218093439936638 0.21794892847538 0.217629328370094 0.217295914888382 0.216892153024673 0.216505572199821 0.216160461306572 0.215848311781883 0.21558141708374 0.215286865830421 0.214969664812088 0.214622646570206 0.214261472225189 0.213914051651955 0.213569909334183 0.213265508413315 0.212965741753578 0.212693393230438 0.212484329938889 0.212540030479431 0.212539047002792 0.212418437004089 0.212161913514137 0.21173931658268 0.211294710636139 0.210834085941315 0.210427343845367 0.210042893886566 0.209731847047806 0.209435224533081 0.209318891167641 0.209210798144341 0.209117889404297 0.209000900387764 0.208799168467522 0.208636805415154 0.208547562360764 0.208497062325478 0.208488777279854 0.208526745438576 0.208594620227814 0.209021106362343
0.217354729771614 0.217350333929062 0.217549607157707 0.217806816101074 0.217825531959534 0.217811733484268 0.217578873038292 0.217327684164047 0.216983258724213 0.216667592525482 0.216421335935593 0.216248974204063 0.216178074479103 0.21596123278141 0.215625017881393 0.215191051363945 0.214710801839828 0.214226186275482 0.213740542531013 0.213383749127388 0.213046446442604 0.212864056229591 0.212719336152077 0.212732210755348 0.212666168808937 0.21243354678154 0.21207569539547 0.211564794182777 0.211048915982246 0.210529416799545 0.210093304514885 0.209691718220711 0.209382474422455 0.209091395139694 0.208999633789062 0.208914339542389 0.208820089697838 0.208699271082878 0.208485096693039 0.208307161927223 0.208196520805359 0.208141177892685 0.208146050572395 0.20817656815052 0.208223685622215 0.208637088537216
0.217444658279419 0.217353209853172 0.217423737049103 0.217540308833122 0.217602744698524 0.217653915286064 0.217550978064537 0.217419967055321 0.217146173119545 0.216891795396805 0.216684326529503 0.216547250747681 0.216506808996201 0.216409519314766 0.216265738010406 0.215892508625984 0.215410590171814 0.21491651237011 0.214419528841972 0.213926836848259 0.213448897004128 0.213181242346764 0.21294929087162 0.212866827845573 0.212707877159119 0.212387457489967 0.211951673030853 0.211374923586845 0.210822761058807 0.210288524627686 0.209845423698425 0.209440052509308 0.209158912301064 0.208902180194855 0.208831503987312 0.208765685558319 0.208680093288422 0.208553418517113 0.208282262086868 0.208046048879623 0.207874670624733 0.20777103304863 0.207741215825081 0.20777302980423 0.207844749093056 0.208211600780487
