Ecospace-environmental-drivers/Outputs/ASCII-for-ecospace/MOM6-ISIMIP3a/o2/1986-08_o2_MOM6-ISIMIP3a.asc
NCOLS 131 
NROWS 53 
XLLCORNER -98 
YLLCORNER 23.9265270233154 
CELLSIZE 0.133587792515755 
NODATA_value -9999 
[rows 0 to 20 of 53, columns 46 to 91 of 131]
-9999 -9999 -9999 -9999 -9999 -9999 -9999 -9999 -9999 -9999 -9999 -9999 -9999 -9999 -9999 -9999 -9999 -9999 -9999 -9999 -9999 -9999 -9999 -9999 -9999 -9999 -9999 -9999 -9999 -9999 -9999 -9999 -9999 -9999 -9999 -9999 -9999 -9999 -9999 -9999 -9999 -9999 -9999 -9999 -9999 -9999
-9999 -9999 -9999 -9999 -9999 -9999 -9999 -9999 -9999 -9999 -9999 -9999 -9999 -9999 -9999 -9999 -9999 -9999 -9999 -9999 -9999 -9999 -9999 -9999 -9999 -9999 -9999 -9999 -9999 -9999 -9999 -9999 -9999 -9999 -9999 -9999 -9999 -9999 -9999 -9999 -9999 -9999 -9999 -9999 -9999 -9999
-9999 -9999 -9999 -9999 -9999 -9999 -9999 -9999 -9999 -9999 -9999 -9999 -9999 -9999 -9999 -9999 -9999 -9999 -9999 -9999 -9999 -9999 -9999 -9999 -9999 -9999 -9999 -9999 0.206554636359215 0.205024495720863 -9999 -9999 -9999 -9999 -9999 -9999 -9999 -9999 -9999 -9999 -9999 -9999 -9999 -9999 -9999 -9999
-9999 -9999 -9999 -9999 -9999 -9999 -9999 -9999 -9999 -9999 -9999 -9999 -9999 -9999 -9999 -9999 -9999 -9999 -9999 -9999 -9999 -9999 -9999 -9999 -9999 -9999 -9999 -9999 0.206447675824165 0.204682737588882 -9999 -9999 -9999 -9999 -9999 -9999 -9999 -9999 -9999 -9999 -9999 -9999 -9999 -9999 -9999 -9999
-9999 -9999 -9999 -9999 -9999 -9999 -9999 -9999 -9999 -9999 -9999 -9999 -9999 -9999 -9999 -9999 -9999 -9999 -9999 0.195359319448471 0.196328729391098 0.197104260325432 0.201628118753433 0.205199599266052 0.210332036018372 0.212048232555389 0.210746422410011 0.208615452051163 0.206238567829132 0.204489007592201 0.203320622444153 -9999 -9999 0.209283143281937 0.210660636425018 0.209397792816162 0.207109734416008 0.204423189163208 0.202449575066566 0.201259821653366 0.200427398085594 0.199888780713081 0.199363231658936 -9999 -9999 -9999
-9999 -9999 -9999 -9999 -9999 -9999 -9999 -9999 -9999 -9999 -9999 -9999 -9999 -9999 -9999 0.164367288351059 -9999 0.167200714349747 0.169600814580917 0.18288417160511 0.195359319448471 0.196522608399391 0.197104260325432 0.206151962280273 0.21234256029129 0.212501600384712 0.211300536990166 0.208437144756317 0.206108689308167 0.204169884324074 0.203188464045525 0.202603533864021 0.20626662671566 0.210764795541763 0.210818007588387 0.210399106144905 0.206976249814034 0.203953862190247 0.202339470386505 0.201055377721786 0.200384631752968 0.199842199683189 0.199439525604248 0.198807954788208 0.198028281331062 -9999
-9999 -9999 -9999 -9999 -9999 -9999 -9999 -9999 -9999 -9999 -9999 0.165044844150543 0.164614871144295 0.164365962147713 0.163849413394928 0.164030715823174 0.164113342761993 0.164621219038963 0.167380109429359 0.169600814580917 0.183692365884781 0.195359319448471 0.197104260325432 0.206151962280273 0.21234256029129 0.212501600384712 0.211300536990166 0.208437144756317 0.206108689308167 0.204169884324074 0.203188464045525 0.202603533864021 0.20626662671566 0.210764795541763 0.210818007588387 0.210399106144905 0.206976249814034 0.203953862190247 0.202339470386505 0.201055377721786 0.200384631752968 0.199842199683189 0.199439525604248 0.198807954788208 0.198028281331062 0.197822228074074
-9999 -9999 -9999 -9999 -9999 -9999 -9999 -9999 -9999 -9999 -9999 0.167350143194199 0.165044844150543 0.164184913039207 -9999 0.163495182991028 0.164055660367012 0.163605481386185 0.164621219038963 0.167918294668198 0.169600814580917 0.186116978526115 0.201474964618683 0.211985886096954 0.219409286975861 0.220314681529999 0.220157355070114 0.218701183795929 0.217003285884857 0.21512933075428 0.213127225637436 0.21107205748558 0.211731269955635 0.212924063205719 0.21163971722126 0.210098475217819 0.206943735480309 0.204130798578262 0.202519610524178 0.201231360435486 0.200542867183685 0.200030580163002 0.199710249900818 0.199260488152504 0.198726966977119 0.198599427938461
-9999 -9999 -9999 -9999 -9999 -9999 -9999 -9999 -9999 -9999 -9999 -9999 -9999 -9999 -9999 0.163234576582909 0.163926005363464 0.164891019463539 0.162589743733406 0.164621219038963 0.169532865285873 0.188602790236473 0.206320405006409 0.218378558754921 0.227106422185898 0.228803813457489 0.229766100645065 0.229829907417297 0.228812769055367 0.227008283138275 0.223920047283173 0.220300182700157 0.217716872692108 0.215337321162224 0.212592914700508 0.209824129939079 0.20694924890995 0.204353019595146 0.202736511826515 0.201436519622803 0.20072428882122 0.200240716338158 0.200006276369095 0.199753761291504 0.199489548802376 0.199112117290497
0.201624497771263 0.201835125684738 -9999 -9999 -9999 -9999 -9999 -9999 -9999 -9999 -9999 0.196142375469208 0.169713065028191 -9999 -9999 -9999 0.163053780794144 0.167119100689888 0.167071253061295 0.160558268427849 0.161847293376923 0.187765926122665 0.210794404149055 0.221727296710014 0.229538708925247 0.230760484933853 0.231477946043015 0.231579065322876 0.230567127466202 0.228744462132454 0.226201117038727 0.223359286785126 0.220769301056862 0.218228802084923 0.214912101626396 0.211579367518425 0.208370849490166 0.205446928739548 0.203523650765419 0.201968282461166 0.201096162199974 0.200478985905647 0.200139567255974 0.199922665953636 0.199785053730011 0.199547007679939
0.201659590005875 0.202010661363602 0.202036574482918 -9999 -9999 -9999 -9999 -9999 -9999 -9999 -9999 0.20996205508709 0.195740073919296 0.169713065028191 -9999 -9999 0.158165380358696 0.165951102972031 0.177240833640099 0.166984856128693 0.157991200685501 0.188913807272911 0.21568401157856 0.225076079368591 0.23166960477829 0.232355192303658 0.232710659503937 0.232662618160248 0.231639474630356 0.229906067252159 0.227970704436302 0.225951701402664 0.223493486642838 0.220948949456215 0.217225819826126 0.2134810090065 0.209950685501099 0.206700369715691 0.204434633255005 0.20258666574955 0.201514571905136 0.200743302702904 0.200299799442291 0.200094997882843 0.200044631958008 0.199940040707588
0.201659590005875 0.202010661363602 0.20208840072155 0.202934235334396 0.204254329204559 -9999 -9999 -9999 -9999 -9999 -9999 -9999 0.209491908550262 0.19234798848629 0.169713065028191 0.165044844150543 0.158165380358696 0.165951102972031 0.177240833640099 0.175484329462051 0.174675673246384 0.200707361102104 0.222802892327309 0.228425115346909 0.232183843851089 0.232008531689644 0.231373324990273 0.230176016688347 0.22905358672142 0.227985709905624 0.226996883749962 0.226040780544281 0.224457085132599 0.222750037908554 0.219510212540627 0.216167941689491 0.212379202246666 0.20880950987339 0.206009969115257 0.203669726848602 0.202182471752167 0.20114728808403 0.200604662299156 0.200285717844963 0.200111523270607 0.200108543038368
0.201701328158379 0.202011480927467 0.202459931373596 0.202947720885277 0.204240888357162 -9999 -9999 -9999 -9999 0.206405505537987 0.209054827690125 0.211500510573387 0.213666617870331 0.203308597207069 0.18270368874073 0.171965464949608 0.165900871157646 0.172205403447151 0.181465342640877 0.184884652495384 0.189090415835381 0.210583120584488 0.228431195020676 0.231026142835617 0.232453837990761 0.231417402625084 0.229864597320557 0.22768072783947 0.226309359073639 0.225529819726944 0.225151926279068 0.224940359592438 0.224181324243546 0.22331465780735 0.220786929130554 0.218089371919632 0.214333757758141 0.210704520344734 0.207519724965096 0.20479741692543 0.202934041619301 0.201639130711555 0.200963601469994 0.200496271252632 0.200163662433624 0.200190097093582
0.201847404241562 0.202014341950417 0.202443093061447 0.202946290373802 0.204240888357162 0.2055743932724 0.205771416425705 0.205909177660942 0.205745428800583 0.206405505537987 0.209054827690125 0.211500510573387 0.213666617870331 0.209858685731888 0.201162979006767 0.196188002824783 0.192975461483002 0.194095775485039 0.19625136256218 0.196537092328072 0.197830751538277 0.215664237737656 0.230332985520363 0.231757059693336 0.232113257050514 0.230215042829514 0.22792737185955 0.225163727998734 0.223169252276421 0.221735060214996 0.221129104495049 0.220866143703461 0.220807060599327 0.220788061618805 0.219544380903244 0.218097060918808 0.215103313326836 0.212064206600189 0.208865568041801 0.206036761403084 0.203894779086113 0.202350616455078 0.201457753777504 0.200756400823593 0.200178951025009 0.200054287910461
0.202471345663071 0.202764615416527 0.202763363718987 0.202678352594376 0.203786268830299 0.204982176423073 0.205257564783096 0.205545157194138 0.205894902348518 0.207103699445724 0.210386767983437 0.213066801428795 0.214918926358223 0.215097054839134 0.213905572891235 0.212800845503807 0.211737215518951 0.210435539484024 0.209077000617981 0.208042860031128 0.207899659872055 0.220399349927902 0.230537354946136 0.23079140484333 0.230181008577347 0.227745682001114 0.225101634860039 0.222202494740486 0.219898298382759 0.218027457594872 0.217194810509682 0.216792106628418 0.21715921163559 0.217677652835846 0.217590987682343 0.217296585440636 0.215191662311554 0.212890356779099 0.209898501634598 0.207144498825073 0.204832166433334 0.203097999095917 0.201993763446808 0.201096430420876 0.20033298432827 0.200041636824608
0.203770890831947 0.20457161962986 0.203560292720795 0.202033624053001 0.202688872814178 0.203552663326263 0.20401719212532 0.204666510224342 0.206255719065666 0.208789005875587 0.21360182762146 0.216847524046898 0.217941761016846 0.21848089993 0.218565836548805 0.218654990196228 0.218746110796928 0.218927755951881 0.219131037592888 0.219341263175011 0.21984688937664 0.224645286798477 0.228341847658157 0.227427110075951 0.225998491048813 0.223485037684441 0.221019715070724 0.21861320734024 0.216442331671715 0.21444308757782 0.213385656476021 0.212718278169632 0.213124543428421 0.21374186873436 0.214632600545883 0.215353548526764 0.21431690454483 0.212962180376053 0.210489049553871 0.208066150546074 0.205736517906189 0.203896164894104 0.202588930726051 0.20154944062233 0.200683191418648 0.200203120708466
0.203903794288635 0.204733580350876 0.203967213630676 0.202746897935867 0.203147754073143 0.203721985220909 0.204497337341309 0.20542348921299 0.207116737961769 0.209479808807373 0.213460266590118 0.215945020318031 0.21637636423111 0.216890469193459 0.217472270131111 0.217969462275505 0.218426570296288 0.219078883528709 0.219777852296829 0.220418155193329 0.221077799797058 0.222077414393425 0.222635760903358 0.221347391605377 0.219818443059921 0.217781633138657 0.21589307487011 0.214185729622841 0.212513402104378 0.210866585373878 0.209942474961281 0.209317669272423 0.209743738174438 0.210376381874084 0.211844906210899 0.213200554251671 0.213151127099991 0.212697416543961 0.210822224617004 0.208832129836082 0.206628665328026 0.204788967967033 0.203345596790314 0.202198252081871 0.201242431998253 0.200630873441696
0.203054249286652 0.203510209918022 0.204045683145523 0.204603776335716 0.204917177557945 0.205237701535225 0.206426352262497 0.207557901740074 0.208398967981339 0.209333121776581 0.210492044687271 0.211098685860634 0.210947126150131 0.211111128330231 0.211533293128014 0.21177676320076 0.211935609579086 0.212205827236176 0.212502658367157 0.212887346744537 0.213284283876419 0.213771477341652 0.213973328471184 0.212980970740318 0.211956262588501 0.210863247513771 0.20988667011261 0.209052428603172 0.208186209201813 0.207296714186668 0.206807479262352 0.206484004855156 0.206913575530052 0.207491159439087 0.209200948476791 0.210870742797852 0.211740270256996 0.212149187922478 0.210938662290573 0.20946703851223 0.2075105458498 0.205761432647705 0.204238280653954 0.203011959791183 0.201977714896202 0.201282829046249
0.202737495303154 0.202927976846695 0.203560024499893 0.204317644238472 0.204580128192902 0.204818412661552 0.205771401524544 0.206631079316139 0.207016125321388 0.207322493195534 0.207438915967941 0.207378447055817 0.207075163722038 0.207062438130379 0.207287475466728 0.207369729876518 0.207384347915649 0.207419529557228 0.207459628582001 0.207616299390793 0.207783535122871 0.207987904548645 0.208035632967949 0.207427769899368 0.20687410235405 0.206434801220894 0.206054031848907 0.205744817852974 0.205380991101265 0.20497739315033 0.204758524894714 0.20461617410183 0.204950049519539 0.205377534031868 0.20690543949604 0.20845890045166 0.20986396074295 0.210845246911049 0.210336416959763 0.209476858377457 0.207965925335884 0.206520587205887 0.205146715044975 0.203994065523148 0.202984571456909 0.202245905995369
0.202681481838226 0.202659472823143 0.202798277139664 0.202982813119888 0.203212231397629 0.203452184796333 0.203851938247681 0.204206198453903 0.204329088330269 0.204399719834328 0.204344227910042 0.20420928299427 0.20396526157856 0.203860700130463 0.203870236873627 0.203836530447006 0.203782320022583 0.203654438257217 0.203508958220482 0.203451111912727 0.203404814004898 0.203438714146614 0.203431352972984 0.203251272439957 0.203152373433113 0.20322485268116 0.203285187482834 0.203330680727959 0.203320607542992 0.203270062804222 0.203241065144539 0.203220993280411 0.203410625457764 0.20364148914814 0.204780429601669 0.206006899476051 0.207759901881218 0.209171459078789 0.209382504224777 0.209180802106857 0.208212614059448 0.207175359129906 0.206062868237495 0.205058589577675 0.204124316573143 0.203361243009567
0.202144026756287 0.202109381556511 0.20214207470417 0.202193915843964 0.202339515089989 0.20249480009079 0.202652767300606 0.202783346176147 0.20277464389801 0.202739119529724 0.20263883471489 0.202505692839622 0.202327445149422 0.202203541994095 0.20212410390377 0.202023461461067 0.20191279053688 0.201742991805077 0.201559066772461 0.201437890529633 0.201326996088028 0.201303020119667 0.201281383633614 0.201269522309303 0.201339527964592 0.201582342386246 0.201808676123619 0.202014863491058 0.202147573232651 0.202226758003235 0.202274158596992 0.202308386564255 0.202405586838722 0.202515155076981 0.203264251351357 0.204116001725197 0.205739080905914 0.207159727811813 0.207868635654449 0.208177253603935 0.20774245262146 0.20715719461441 0.206408023834229 0.205664917826653 0.204925715923309 0.204242452979088
