Ecospace-environmental-drivers/Outputs/ASCII-for-ecospace/MOM6-ISIMIP3a/o2/1987-11_o2_MOM6-ISIMIP3a.asc
NCOLS 131 
NROWS 53 
XLLCORNER -98 
YLLCORNER 23.9265270233154 
CELLSIZE 0.133587792515755 
NODATA_value -9999 
[rows 21 to 41 of 53, columns 46 to 91 of 131]
0.216143473982811 0.217127904295921 0.217958629131317 0.21874563395977 0.219404950737953 0.220058649778366 0.2209133207798 0.221755191683769 0.222531884908676 0.223219707608223 0.223692983388901 0.224094480276108 0.224397465586662 0.224676012992859 0.224934563040733 0.22495248913765 0.224856436252594 0.223940089344978 0.222827732563019 0.221366420388222 0.219858571887016 0.218022435903549 0.216365322470665 0.215457424521446 0.214759141206741 0.214503392577171 0.214340165257454 0.214289993047714 0.214246734976768 0.214208513498306 0.214106336236 0.213977664709091 0.213865473866463 0.213756516575813 0.213728591799736 0.213719934225082 0.213870167732239 0.214048266410828 0.214324370026588 0.214759528636932 0.2154900431633 0.216264739632607 0.21708756685257 0.217587232589722 0.217877790331841 0.217583805322647
0.215767309069633 0.216598570346832 0.21728740632534 0.217935711145401 0.218519255518913 0.219102770090103 0.219864264130592 0.22059454023838 0.221166029572487 0.221783861517906 0.222513616085052 0.223058626055717 0.22334997355938 0.223552778363228 0.223683148622513 0.223553597927094 0.223300918936729 0.222410410642624 0.221367493271828 0.219999626278877 0.218594491481781 0.216971874237061 0.215506121516228 0.214696824550629 0.21407088637352 0.21383199095726 0.213665649294853 0.213587999343872 0.213513061404228 0.213440075516701 0.21330238878727 0.213137894868851 0.21300795674324 0.212884798645973 0.21286316215992 0.212857007980347 0.212965399026871 0.213091060519218 0.213277414441109 0.213583990931511 0.214113861322403 0.214731588959694 0.215445071458817 0.216042727231979 0.21656545996666 0.21672023832798
0.215456023812294 0.216113969683647 0.216657593846321 0.217168718576431 0.217669680714607 0.218175113201141 0.21882925927639 0.219433039426804 0.219780698418617 0.220310062170029 0.221278190612793 0.221945464611053 0.222199723124504 0.222333937883377 0.222369939088821 0.222107589244843 0.221703916788101 0.220869198441505 0.219931498169899 0.218694090843201 0.2174281924963 0.216047570109367 0.214790016412735 0.214047506451607 0.213464915752411 0.213219955563545 0.213033646345139 0.212919011712074 0.212805688381195 0.212693303823471 0.212519213557243 0.212319597601891 0.212175607681274 0.212042555212975 0.212031811475754 0.212032631039619 0.21210215985775 0.212180525064468 0.212289929389954 0.212474390864372 0.212798222899437 0.213238164782524 0.213804587721825 0.214460641145706 0.215174689888954 0.215757012367249
0.215001463890076 0.215519294142723 0.215901359915733 0.21624481678009 0.216600999236107 0.21696737408638 0.217574000358582 0.218135684728622 0.218468800187111 0.218943491578102 0.219760030508041 0.220283210277557 0.220403656363487 0.220608130097389 0.220881372690201 0.220661133527756 0.220207124948502 0.219554036855698 0.218853369355202 0.217990264296532 0.217102393507957 0.216016799211502 0.214954718947411 0.213991090655327 0.213235676288605 0.212919786572456 0.212669938802719 0.212500795722008 0.212337777018547 0.212179198861122 0.211982145905495 0.21176914870739 0.211637392640114 0.211521595716476 0.211510211229324 0.211506143212318 0.2115358710289 0.211572721600533 0.211634710431099 0.211748540401459 0.211958691477776 0.212272450327873 0.212699070572853 0.2132368683815 0.21384659409523 0.214471831917763
0.214418083429337 0.214846774935722 0.215129017829895 0.21536959707737 0.215612336993217 0.215865612030029 0.216396778821945 0.216890946030617 0.217196866869926 0.217606320977211 0.218265727162361 0.21865850687027 0.218685254454613 0.218956112861633 0.219426691532135 0.219265148043633 0.218804180622101 0.218330338597298 0.217853412032127 0.217306777834892 0.21673484146595 0.215864181518555 0.214948460459709 0.213844135403633 0.212972983717918 0.212594017386436 0.212290108203888 0.212077915668488 0.211874201893806 0.211676642298698 0.21146322786808 0.211243227124214 0.21111923456192 0.211014106869698 0.210992723703384 0.210975080728531 0.210963785648346 0.210958585143089 0.210974827408791 0.211024761199951 0.211137279868126 0.211339205503464 0.211638525128365 0.212063521146774 0.212569802999496 0.213217779994011
0.213269859552383 0.213832914829254 0.214285999536514 0.214707806706429 0.214974641799927 0.215228542685509 0.215561762452126 0.215876922011375 0.216100186109543 0.216398045420647 0.216876044869423 0.217198505997658 0.217307403683662 0.217627555131912 0.218120515346527 0.21809047460556 0.217812702059746 0.217507734894753 0.21719628572464 0.216712564229965 0.216184139251709 0.215177372097969 0.214192643761635 0.213300198316574 0.212563619017601 0.212156057357788 0.211839631199837 0.211634606122971 0.211429625749588 0.211224660277367 0.211023852229118 0.21082478761673 0.210688963532448 0.210565581917763 0.210493206977844 0.210423916578293 0.210366308689117 0.210316568613052 0.210294514894485 0.210310041904449 0.210395321249962 0.210548341274261 0.210775136947632 0.211111217737198 0.211518004536629 0.212100222706795
0.212274074554443 0.212837725877762 0.213366627693176 0.213885635137558 0.214221090078354 0.214534446597099 0.214758232235909 0.214972391724586 0.215137645602226 0.21534264087677 0.215643644332886 0.21585650742054 0.2159483730793 0.216209918260574 0.216610297560692 0.216634333133698 0.216480106115341 0.21626777946949 0.216041550040245 0.215616941452026 0.215145394206047 0.214188903570175 0.213288977742195 0.212625712156296 0.212051153182983 0.211663842201233 0.21136762201786 0.211182743310928 0.210983544588089 0.210773929953575 0.2105842679739 0.210402891039848 0.210252612829208 0.210108444094658 0.209985390305519 0.209865406155586 0.209767803549767 0.209680289030075 0.209628328680992 0.209616005420685 0.209677323698997 0.209787383675575 0.209950536489487 0.210212394595146 0.210538119077682 0.211066409945488
0.211610853672028 0.211883291602135 0.212280631065369 0.21271350979805 0.21321476995945 0.213715866208076 0.21402333676815 0.214306756854057 0.214467793703079 0.214620798826218 0.214754402637482 0.214772030711174 0.214630395174026 0.214597955346107 0.214654892683029 0.214564085006714 0.214403301477432 0.214117169380188 0.213801085948944 0.21342733502388 0.21304178237915 0.212542295455933 0.212062701582909 0.211666375398636 0.211313724517822 0.211053296923637 0.210848659276962 0.210712224245071 0.21053421497345 0.210325941443443 0.210144221782684 0.209973514080048 0.209802985191345 0.209632501006126 0.209459453821182 0.209290891885757 0.209167048335075 0.209056541323662 0.208992913365364 0.208967134356499 0.209011614322662 0.209091693162918 0.209210574626923 0.209430262446404 0.20971517264843 0.21021531522274
0.211004465818405 0.211111560463905 0.211396783590317 0.211732670664787 0.212273165583611 0.212827414274216 0.213187992572784 0.213513389229774 0.213659837841988 0.213760361075401 0.213750004768372 0.213619485497475 0.213324010372162 0.21309857070446 0.21293044090271 0.212777689099312 0.212632209062576 0.212362810969353 0.212063804268837 0.21179760992527 0.211537480354309 0.211332485079765 0.211124986410141 0.21090704202652 0.210701733827591 0.21052311360836 0.210374638438225 0.21026299893856 0.210093811154366 0.209882706403732 0.209698051214218 0.20952433347702 0.209334909915924 0.2091423869133 0.208933413028717 0.208730012178421 0.208587065339088 0.208458632230759 0.208381295204163 0.208338394761086 0.208359479904175 0.208414733409882 0.208507210016251 0.208700582385063 0.208959251642227 0.209441632032394
0.210469573736191 0.210569709539413 0.21076725423336 0.210992485284805 0.211412951350212 0.211851060390472 0.212226256728172 0.212559327483177 0.212678149342537 0.212725594639778 0.212600708007812 0.212381333112717 0.212032228708267 0.211740806698799 0.211496591567993 0.211348414421082 0.211245760321617 0.211106970906258 0.210959538817406 0.210872307419777 0.210787162184715 0.210672214627266 0.2105503231287 0.210399329662323 0.210247531533241 0.210094034671783 0.209957152605057 0.209840580821037 0.209664657711983 0.209445491433144 0.209244176745415 0.209050253033638 0.208843603730202 0.208634436130524 0.20840722322464 0.20818629860878 0.208033189177513 0.207893252372742 0.207799583673477 0.207735002040863 0.207724452018738 0.207761317491531 0.207849875092506 0.20803689956665 0.208287626504898 0.208765342831612
0.210017040371895 0.210127145051956 0.210293248295784 0.210475265979767 0.210791721940041 0.211121916770935 0.211451753973961 0.211741834878922 0.211829632520676 0.211847946047783 0.211698472499847 0.21147620677948 0.211154028773308 0.210879892110825 0.210645064711571 0.210516259074211 0.210437700152397 0.210365757346153 0.210295394062996 0.210283517837524 0.210272923111916 0.210222795605659 0.210160136222839 0.210045084357262 0.209916949272156 0.209761187434196 0.209612026810646 0.209470897912979 0.209262624382973 0.209005430340767 0.208765938878059 0.208533763885498 0.208306267857552 0.208079680800438 0.207850083708763 0.207627922296524 0.207479491829872 0.207338809967041 0.207225412130356 0.2071373462677 0.207096382975578 0.207121938467026 0.207219988107681 0.207403555512428 0.207642465829849 0.208093717694283
0.209626287221909 0.209759056568146 0.209935888648033 0.210125252604485 0.210349708795547 0.21057815849781 0.21081767976284 0.211026757955551 0.211081013083458 0.21108815073967 0.210981518030167 0.210820853710175 0.210586026310921 0.210391610860825 0.210230275988579 0.210131943225861 0.210063442587852 0.210010528564453 0.209961339831352 0.209947094321251 0.209935754537582 0.209931507706642 0.209908321499825 0.2098059207201 0.209679052233696 0.209500551223755 0.209321171045303 0.209140732884407 0.208880916237831 0.208563268184662 0.20826943218708 0.207985445857048 0.207734405994415 0.207489848136902 0.207269743084908 0.20705857872963 0.206925913691521 0.206792578101158 0.206656858325005 0.206543982028961 0.206473529338837 0.206493079662323 0.206610694527626 0.206792995333672 0.207017138600349 0.207425594329834
0.209273636341095 0.209413021802902 0.209595426917076 0.209790050983429 0.209985852241516 0.210181757807732 0.210377350449562 0.210547596216202 0.210588961839676 0.210590973496437 0.210497990250587 0.210366174578667 0.210181057453156 0.21002759039402 0.20990002155304 0.20981827378273 0.209758222103119 0.209715843200684 0.209677666425705 0.20967198908329 0.209669753909111 0.209685161709785 0.209679290652275 0.209584414958954 0.209456861019135 0.209260314702988 0.209056049585342 0.208842366933823 0.208539828658104 0.208172589540482 0.207821696996689 0.207477569580078 0.207193836569786 0.206921964883804 0.206697165966034 0.206484064459801 0.206368178129196 0.206246763467789 0.206105902791023 0.205988109111786 0.20591314136982 0.20591989159584 0.206015676259995 0.206177219748497 0.206381291151047 0.206755414605141
0.208937302231789 0.209076449275017 0.209262192249298 0.209461197257042 0.209655478596687 0.209848493337631 0.210020050406456 0.210169538855553 0.210206866264343 0.210206359624863 0.210114523768425 0.209997519850731 0.209845945239067 0.209716796875 0.209605976939201 0.209534883499146 0.209482595324516 0.209447085857391 0.209415584802628 0.209423139691353 0.209434255957603 0.209458068013191 0.209460020065308 0.209370478987694 0.209241405129433 0.209028840065002 0.208801969885826 0.208557605743408 0.208216160535812 0.207803994417191 0.207394883036613 0.206987053155899 0.20666666328907 0.20636348426342 0.206127926707268 0.205907344818115 0.205808654427528 0.205701112747192 0.205562487244606 0.205448299646378 0.205379515886307 0.205370560288429 0.205426782369614 0.205559208989143 0.205740958452225 0.206084355711937
0.208653822541237 0.208787307143211 0.208961337804794 0.209146916866302 0.209337368607521 0.209527388215065 0.20969220995903 0.209836184978485 0.209874033927917 0.2098768055439 0.209794893860817 0.20969732105732 0.209578290581703 0.2094706594944 0.209372356534004 0.209304645657539 0.209251433610916 0.20922289788723 0.209200277924538 0.209223553538322 0.209249392151833 0.209266439080238 0.209259942173958 0.209154918789864 0.209013089537621 0.20879353582859 0.208547815680504 0.208270102739334 0.207901611924171 0.20746698975563 0.207022905349731 0.206574901938438 0.206213265657425 0.20586858689785 0.205606088042259 0.205359980463982 0.205244392156601 0.205127090215683 0.205003827810287 0.204907476902008 0.204861149191856 0.204855412244797 0.204893931746483 0.205017015337944 0.205194815993309 0.205501928925514
0.208381280303001 0.208507969975471 0.208667188882828 0.208835661411285 0.209021791815758 0.209208786487579 0.209370478987694 0.209512069821358 0.209551393985748 0.20955865085125 0.209488466382027 0.209411308169365 0.209324583411217 0.209237888455391 0.209151223301888 0.209085404872894 0.209029451012611 0.209007933735847 0.208994641900063 0.209034159779549 0.209075003862381 0.209082141518593 0.209063827991486 0.208939030766487 0.208782136440277 0.208557441830635 0.208293631672859 0.207982033491135 0.207588955760002 0.207136541604996 0.206662267446518 0.206178963184357 0.205775111913681 0.205386862158775 0.205094069242477 0.204818695783615 0.204679146409035 0.204547196626663 0.204442009329796 0.204366445541382 0.204345926642418 0.204347342252731 0.204372674226761 0.204490497708321 0.204668179154396 0.204937845468521
0.208167344331741 0.208291605114937 0.208444520831108 0.208605602383614 0.208777219057083 0.208949133753777 0.209100261330605 0.209233418107033 0.20927520096302 0.209287852048874 0.209230214357376 0.209163025021553 0.209082707762718 0.209007352590561 0.208936035633087 0.208884999155998 0.208843573927879 0.208839103579521 0.208843469619751 0.20889738202095 0.208950713276863 0.208945855498314 0.208908960223198 0.208737999200821 0.208540022373199 0.208284959197044 0.208002552390099 0.207686692476273 0.207256108522415 0.206741973757744 0.206228956580162 0.205716416239738 0.205311059951782 0.204926759004593 0.204647123813629 0.204384535551071 0.204250603914261 0.204127788543701 0.204044103622437 0.203987643122673 0.203981772065163 0.204001128673553 0.204047977924347 0.204156666994095 0.204305350780487 0.204523026943207
0.207957193255424 0.208078980445862 0.208227723836899 0.208384141325951 0.208541959524155 0.208699256181717 0.208838999271393 0.208963051438332 0.209007397294044 0.209025055170059 0.208978280425072 0.208919405937195 0.208843916654587 0.208779215812683 0.20872338116169 0.208687826991081 0.208661898970604 0.208675369620323 0.208698257803917 0.208766087889671 0.208831369876862 0.208814904093742 0.208759546279907 0.208541423082352 0.208300411701202 0.208011046051979 0.207707464694977 0.207386508584023 0.20692078769207 0.206349655985832 0.205801025032997 0.205261692404747 0.204854980111122 0.204474344849586 0.204211011528969 0.203964531421661 0.203840166330338 0.203729927539825 0.203669413924217 0.203632980585098 0.203641265630722 0.203677833080292 0.203745231032372 0.203844279050827 0.203963831067085 0.20413114130497
0.207759231328964 0.207876294851303 0.208039402961731 0.208215624094009 0.208372101187706 0.208525434136391 0.208648487925529 0.208759188652039 0.208806931972504 0.208824872970581 0.208770856261253 0.208707749843597 0.2086321413517 0.208575710654259 0.208534955978394 0.208516180515289 0.20850782096386 0.208543941378593 0.208590686321259 0.20866796374321 0.208740755915642 0.208717942237854 0.20864874124527 0.208385348320007 0.208092898130417 0.207739114761353 0.207387402653694 0.207038208842278 0.206568911671638 0.20601212978363 0.205465152859688 0.204922258853912 0.204496428370476 0.204093635082245 0.203859373927116 0.203644454479218 0.203557595610619 0.203485265374184 0.203464016318321 0.203458175063133 0.20348097383976 0.203521862626076 0.20358245074749 0.203668624162674 0.203771337866783 0.203912615776062
0.20757631957531 0.207688048481941 0.207859560847282 0.208048060536385 0.208207011222839 0.208361268043518 0.208470270037651 0.208569183945656 0.208616718649864 0.208632439374924 0.208571329712868 0.208504378795624 0.208429381251335 0.208379939198494 0.208351388573647 0.208348035812378 0.208356633782387 0.208412453532219 0.208479553461075 0.208564311265945 0.208642899990082 0.208614081144333 0.208534315228462 0.208241239190102 0.207910865545273 0.207501754164696 0.207106053829193 0.206726714968681 0.206247791647911 0.205696314573288 0.205145567655563 0.204595103859901 0.204155594110489 0.203737869858742 0.203536853194237 0.203357174992561 0.203307375311852 0.203271865844727 0.203286543488503 0.203309595584869 0.203348249197006 0.203395143151283 0.203451052308083 0.203524574637413 0.203609481453896 0.203724414110184
0.207448601722717 0.207552775740623 0.207710742950439 0.20788399875164 0.208059430122375 0.208232551813126 0.2083370834589 0.208430036902428 0.208464115858078 0.208468407392502 0.208400800824165 0.208331435918808 0.208259671926498 0.208212569355965 0.208185642957687 0.208192765712738 0.208216026425362 0.208280727267265 0.208355322480202 0.20844042301178 0.20851856470108 0.208484932780266 0.208406567573547 0.208141043782234 0.207822307944298 0.207391202449799 0.206966668367386 0.206550151109695 0.206039473414421 0.20546019077301 0.204885646700859 0.204313054680824 0.203879654407501 0.20347361266613 0.203321173787117 0.203190073370934 0.203175753355026 0.203173100948334 0.20321150124073 0.203257232904434 0.203316569328308 0.203375726938248 0.203434675931931 0.203496426343918 0.203559994697571 0.203647404909134
