Ecospace-environmental-drivers/Outputs/ASCII-for-ecospace/MOM6-ISIMIP3a/o2/1987-07_o2_MOM6-ISIMIP3a.asc
NCOLS 131 
NROWS 53 
XLLCORNER -98 
YLLCORNER 23.9265270233154 
CELLSIZE 0.133587792515755 
NODATA_value -9999 
[rows 21 to 41 of 53, columns 0 to 45 of 131]
-9999 -9999 -9999 -9999 -9999 -9999 0.205019265413284 0.204828947782516 0.204378858208656 0.203690513968468 0.203946650028229 0.204187154769897 0.204165443778038 0.204100772738457 0.204125314950943 0.204252764582634 0.204369112849236 0.204477831721306 0.204516798257828 0.204528838396072 0.204394653439522 0.204234659671783 0.204114362597466 0.204008385539055 0.204014614224434 0.204019695520401 0.204021036624908 0.204004406929016 0.203956410288811 0.203882068395615 0.203780591487885 0.203685119748116 0.203593328595161 0.203471899032593 0.203340590000153 0.203260079026222 0.203186824917793 0.203149229288101 0.203108280897141 0.203046053647995 0.202995270490646 0.202976360917091 0.202975958585739 0.203004196286201 0.2030368745327 0.203073620796204
-9999 -9999 -9999 -9999 -9999 -9999 0.205047503113747 0.205019265413284 0.20463864505291 0.204167023301125 0.203690513968468 0.203962281346321 0.204120129346848 0.204052597284317 0.203994616866112 0.203947678208351 0.203904271125793 0.20386329293251 0.203812152147293 0.203757092356682 0.203635901212692 0.203503042459488 0.203386723995209 0.203281968832016 0.203270614147186 0.20326691865921 0.20328813791275 0.203302204608917 0.203303799033165 0.203292101621628 0.203266739845276 0.203246474266052 0.203229293227196 0.203163117170334 0.203080624341965 0.203009039163589 0.202939063310623 0.202880024909973 0.202819839119911 0.202752381563187 0.202693283557892 0.202657505869865 0.202633708715439 0.202628403902054 0.202623546123505 0.202619090676308
-9999 -9999 -9999 -9999 0.206173345446587 0.20544271171093 0.205079078674316 0.205044165253639 0.205019265413284 0.204258024692535 0.20370027422905 0.203921422362328 0.204035818576813 0.203939005732536 0.203783020377159 0.203558757901192 0.203367441892624 0.203198775649071 0.203072428703308 0.202962413430214 0.202847704291344 0.202732160687447 0.20262610912323 0.202528417110443 0.202498689293861 0.202485710382462 0.202527105808258 0.202571496367455 0.202621161937714 0.202671304345131 0.202721953392029 0.202777430415154 0.202835842967033 0.202829867601395 0.202802434563637 0.20274406671524 0.202681332826614 0.202603667974472 0.202527016401291 0.202456802129745 0.202392071485519 0.202342540025711 0.202298507094383 0.202262952923775 0.20222632586956 0.202188715338707
-9999 -9999 -9999 -9999 0.207834810018539 0.2063367664814 0.205806344747543 0.205079078674316 0.205034151673317 0.204462304711342 0.203958436846733 0.203714773058891 0.203451693058014 0.20315021276474 0.202862545847893 0.202590808272362 0.202384486794472 0.20222307741642 0.202121138572693 0.202042177319527 0.201977729797363 0.201915875077248 0.201853036880493 0.201794356107712 0.201770484447479 0.201758876442909 0.201787054538727 0.201820984482765 0.201864972710609 0.201914682984352 0.201970309019089 0.202038154006004 0.202113449573517 0.202159643173218 0.202196151018143 0.202189072966576 0.202175691723824 0.202123552560806 0.202067166566849 0.201983764767647 0.201906099915504 0.201844394207001 0.201793372631073 0.201758861541748 0.201719269156456 0.201674997806549
-9999 -9999 -9999 -9999 -9999 0.207834810018539 0.206626802682877 0.20653361082077 0.205232173204422 0.204731091856956 0.204192072153091 0.203507885336876 0.202891781926155 0.202410385012627 0.202011212706566 0.201706871390343 0.201491102576256 0.201336145401001 0.201252579689026 0.201196581125259 0.201172307133675 0.201153621077538 0.201127499341965 0.201101914048195 0.20108200609684 0.201070442795753 0.20108588039875 0.201109379529953 0.201146960258484 0.201196283102036 0.201257690787315 0.201336339116096 0.201425492763519 0.201512008905411 0.201597645878792 0.201629117131233 0.201652675867081 0.20161908864975 0.20157764852047 0.201486200094223 0.201400369405746 0.201330214738846 0.20127435028553 0.201240554451942 0.201199755072594 0.201152518391609
-9999 -9999 -9999 -9999 -9999 0.208216026425362 0.207834810018539 0.207059726119041 0.206233248114586 0.205282717943192 0.204318165779114 0.203299999237061 0.202438086271286 0.201885342597961 0.201463058590889 0.201191276311874 0.200990453362465 0.200838357210159 0.200746685266495 0.20067834854126 0.200649827718735 0.200628340244293 0.200610429048538 0.200591921806335 0.200567707419395 0.200550332665443 0.200555101037025 0.200568363070488 0.200596421957016 0.200645491480827 0.200716152787209 0.200798720121384 0.20088854432106 0.200963392853737 0.201033249497414 0.201047420501709 0.201053529977798 0.201007902622223 0.200958013534546 0.200881004333496 0.20080791413784 0.200745686888695 0.200694367289543 0.200659886002541 0.200625658035278 0.200591653585434
-9999 -9999 0.20913165807724 0.209005489945412 0.208850234746933 0.20859768986702 0.208215579390526 0.207562744617462 0.206842988729477 0.205505579710007 0.204196065664291 0.202993303537369 0.202004492282867 0.201439037919044 0.201014280319214 0.200751885771751 0.20054467022419 0.200375348329544 0.200279429554939 0.200211852788925 0.200191840529442 0.200180217623711 0.200174555182457 0.200167536735535 0.200148046016693 0.200133636593819 0.200135722756386 0.200146496295929 0.20017246901989 0.200221002101898 0.200292751193047 0.200364947319031 0.200437411665916 0.200484335422516 0.200522765517235 0.200510874390602 0.200491786003113 0.200435116887093 0.200377464294434 0.200313463807106 0.200252503156662 0.200200080871582 0.200157061219215 0.200128585100174 0.200107529759407 0.200093284249306
-9999.000000000000000 -9999 -9999 -9999 0.209568530321121 0.209102794528008 0.209335565567017 0.208015382289886 0.206598848104477 0.205011114478111 0.20353239774704 0.202470988035202 0.201614752411842 0.20116451382637 0.200782373547554 0.200478762388229 0.200218588113785 0.199988216161728 0.199896454811096 0.199858233332634 0.199874520301819 0.199900418519974 0.199915856122971 0.199929967522621 0.199934855103493 0.19994255900383 0.199959367513657 0.199984639883041 0.200024709105492 0.20007212460041 0.200127094984055 0.200157716870308 0.200173527002335 0.200157091021538 0.200129926204681 0.200072839856148 0.200011596083641 0.199946135282516 0.199882209300995 0.199828028678894 0.199777960777283 0.199739351868629 0.199712812900543 0.199704959988594 0.199711516499519 0.199731290340424
-9999 -9999 -9999 -9999 0.210577800869942 0.211005121469498 0.210632875561714 0.20842370390892 0.20616839826107 0.204506024718285 0.203001081943512 0.20209863781929 0.201368942856789 0.200981065630913 0.200606286525726 0.200246587395668 0.199952751398087 0.199704140424728 0.199645146727562 0.199659377336502 0.199715614318848 0.199779272079468 0.199805498123169 0.199829250574112 0.199839264154434 0.199850231409073 0.199864223599434 0.199883028864861 0.199910238385201 0.199931487441063 0.199946641921997 0.19993057847023 0.19989550113678 0.199835985898972 0.19976831972599 0.199691355228424 0.199613198637962 0.199548184871674 0.199485674500465 0.199438989162445 0.199397936463356 0.199372544884682 0.199361324310303 0.199372008442879 0.199400842189789 0.199446305632591
-9999 -9999 -9999 -9999 0.211315304040909 0.211625501513481 0.212008520960808 0.208776265382767 0.205503538250923 0.203987583518028 0.202636241912842 0.201914951205254 0.201304212212563 0.200912192463875 0.200500443577766 0.200065910816193 0.199762716889381 0.199549719691277 0.199559465050697 0.199655205011368 0.199756011366844 0.199857696890831 0.199881732463837 0.199900701642036 0.199891626834869 0.199882119894028 0.199871242046356 0.199857205152512 0.199837639927864 0.199801251292229 0.199747577309608 0.199678361415863 0.199599713087082 0.199522599577904 0.199446007609367 0.19938100874424 0.199317678809166 0.199264779686928 0.199213355779648 0.199171230196953 0.199136823415756 0.199123904109001 0.199126526713371 0.199153155088425 0.19919753074646 0.19925819337368
-9999 -9999 -9999 -9999 0.211625501513481 0.212089151144028 0.212633416056633 0.209084436297417 0.205518648028374 0.203946232795715 0.202560737729073 0.201890736818314 0.201304033398628 0.200882196426392 0.200431197881699 0.199946567416191 0.199640348553658 0.199456661939621 0.199511900544167 0.199659392237663 0.199781104922295 0.199898272752762 0.199905380606651 0.199905291199684 0.199865356087685 0.199824139475822 0.199778735637665 0.199730306863785 0.199676617980003 0.199611023068428 0.199533194303513 0.199454829096794 0.199376121163368 0.199310511350632 0.199249252676964 0.199199557304382 0.199151456356049 0.199102953076363 0.199055030941963 0.199010774493217 0.198974847793579 0.198962152004242 0.198963642120361 0.198987051844597 0.19902828335762 0.199085861444473
-9999 -9999 -9999 -9999 0.21211601793766 0.212633416056633 0.209493368864059 0.20935931801796 0.206043735146523 0.204262688755989 0.202702239155769 0.201986104249954 0.201352283358574 0.200881347060204 0.20038940012455 0.199873253703117 0.199568748474121 0.199409604072571 0.199492901563644 0.199669823050499 0.199794724583626 0.199910447001457 0.199889555573463 0.199859708547592 0.199780121445656 0.199698731303215 0.19961154460907 0.199527591466904 0.199449256062508 0.199375808238983 0.199307352304459 0.199252784252167 0.199206680059433 0.199174374341965 0.199146658182144 0.199114784598351 0.199082210659981 0.199032321572304 0.19898222386837 0.198930814862251 0.19888724386692 0.198865547776222 0.198854684829712 0.198860511183739 0.198884591460228 0.198925390839577
-9999 -9999 -9999 -9999 0.212633416056633 0.209271505475044 0.207831412553787 0.20689631998539 0.206658065319061 0.204621553421021 0.202847048640251 0.202075436711311 0.201395988464355 0.200898945331573 0.200381815433502 0.199841499328613 0.19952879846096 0.19937239587307 0.199457779526711 0.199636518955231 0.199751377105713 0.199854969978333 0.199809744954109 0.19975571334362 0.199655428528786 0.199556335806847 0.199461072683334 0.199374154210091 0.19930174946785 0.199240922927856 0.199192002415657 0.199158310890198 0.199133917689323 0.199113994836807 0.19909556210041 0.199063062667847 0.199028477072716 0.198972925543785 0.198917284607887 0.198861062526703 0.198810145258904 0.19877402484417 0.198748201131821 0.198738291859627 0.19874969124794 0.198780685663223
-9999 -9999 -9999 -9999 -9999 0.207378506660461 0.207127839326859 0.207238584756851 0.207310631871223 0.204998582601547 0.202993288636208 0.202162176370621 0.201437756419182 0.200924456119537 0.200388878583908 0.199827566742897 0.199502408504486 0.199339404702187 0.199415728449821 0.199584469199181 0.199683621525764 0.199770510196686 0.199702516198158 0.199626684188843 0.199513852596283 0.199406653642654 0.199317768216133 0.199241831898689 0.199188455939293 0.199149057269096 0.19912400841713 0.199109941720963 0.199102565646172 0.19908607006073 0.199066534638405 0.199025511741638 0.198981374502182 0.198918357491493 0.198855742812157 0.198795706033707 0.198737561702728 0.198684677481651 0.198642790317535 0.198617905378342 0.198618590831757 0.198642730712891
-9999 -9999 -9999 -9999 -9999 0.207034215331078 0.2071762830019 0.207248598337173 0.207093819975853 0.204850301146507 0.202911853790283 0.202141091227531 0.201457291841507 0.200945600867271 0.200411170721054 0.199850529432297 0.199514463543892 0.199332639575005 0.1993747651577 0.199503362178802 0.199579507112503 0.199646398425102 0.199582368135452 0.199511796236038 0.199410572648048 0.1993158608675 0.199242278933525 0.199181362986565 0.199142545461655 0.199114367365837 0.199097126722336 0.1990797072649 0.199062168598175 0.199030607938766 0.198994398117065 0.198943883180618 0.198891311883926 0.198828592896461 0.198766395449638 0.198707550764084 0.19864858686924 0.198589265346527 0.198541447520256 0.198511391878128 0.198524177074432 0.198576286435127
-9999 -9999 -9999 -9999 -9999 0.206684246659279 0.206798508763313 0.207041651010513 0.206697136163712 0.204593330621719 0.202783301472664 0.202097684144974 0.201472237706184 0.200965836644173 0.200436636805534 0.199881106615067 0.199534475803375 0.199331298470497 0.199334025382996 0.199416264891624 0.199467882514 0.199514091014862 0.199459567666054 0.199399843811989 0.199315220117569 0.199237242341042 0.1991808116436 0.199135765433311 0.199110567569733 0.199091508984566 0.199078738689423 0.199053213000298 0.199019894003868 0.198969468474388 0.198913335800171 0.198853135108948 0.198792353272438 0.198731556534767 0.19867131114006 0.198614686727524 0.198556214570999 0.198492601513863 0.198440954089165 0.198407754302025 0.198437377810478 0.198524639010429
-9999 -9999 -9999 -9999 -9999 -9999 0.206077948212624 0.206105291843414 0.205952599644661 0.20411404967308 0.202545151114464 0.202008336782455 0.201486110687256 0.200992718338966 0.200475692749023 0.199931398034096 0.199581682682037 0.199365600943565 0.199327051639557 0.19935704767704 0.199381053447723 0.199403986334801 0.199359983205795 0.199312508106232 0.199248492717743 0.199189767241478 0.19914822280407 0.199115991592407 0.199100017547607 0.199081242084503 0.199059575796127 0.199021652340889 0.198973834514618 0.198913782835007 0.198849648237228 0.198788121342659 0.198726996779442 0.198673576116562 0.198619604110718 0.19856208562851 0.198505818843842 0.198453024029732 0.19841730594635 0.198407933115959 0.198480397462845 0.198627963662148
-9999 -9999 -9999 -9999 -9999 -9999 0.20532713830471 0.205086916685104 0.205208942294121 0.203638195991516 0.202312394976616 0.201924085617065 0.201505303382874 0.201026260852814 0.200520977377892 0.199985429644585 0.199632287025452 0.199404418468475 0.199325859546661 0.199304938316345 0.199301555752754 0.199301272630692 0.199266791343689 0.199230670928955 0.199186980724335 0.199147254228592 0.199120342731476 0.19910030066967 0.199092194437981 0.199072763323784 0.199041649699211 0.198991805315018 0.198930561542511 0.198862239718437 0.198791563510895 0.198729798197746 0.198669373989105 0.198623225092888 0.198575526475906 0.198518007993698 0.198465093970299 0.19842503964901 0.198408156633377 0.198427066206932 0.198544025421143 0.198750957846642
-9999 -9999 -9999 -9999 -9999 -9999 0.204519405961037 0.204789206385612 0.204640939831734 0.203305214643478 0.202189549803734 0.201916098594666 0.201581969857216 0.201127782464027 0.20062617957592 0.200069889426231 0.199706122279167 0.199474573135376 0.19937039911747 0.199315413832664 0.199288547039032 0.199266642332077 0.199230760335922 0.199195444583893 0.199167549610138 0.199142932891846 0.199128940701485 0.199115544557571 0.199103191494942 0.199077293276787 0.199037462472916 0.198982700705528 0.198918849229813 0.198852390050888 0.198785051703453 0.198730617761612 0.198678016662598 0.198635339736938 0.198592141270638 0.198545664548874 0.198507681488991 0.198493346571922 0.198516830801964 0.19859878718853 0.198765411973 0.199009746313095
-9999 -9999 -9999 -9999 -9999 0.203172102570534 0.203767240047455 0.203682109713554 0.204090937972069 0.202998459339142 0.202098041772842 0.201932698488235 0.201680824160576 0.201257735490799 0.200761720538139 0.200181558728218 0.199803307652473 0.199563711881638 0.199434444308281 0.199347779154778 0.199297606945038 0.199253886938095 0.19921450316906 0.199177742004395 0.199161976575851 0.199149265885353 0.199146494269371 0.199138194322586 0.199120253324509 0.199087381362915 0.199039146304131 0.198980093002319 0.198914438486099 0.198849245905876 0.198784187436104 0.198736846446991 0.198692053556442 0.198657795786858 0.198624163866043 0.198594480752945 0.198575392365456 0.198585838079453 0.198643788695335 0.19877515733242 0.198971271514893 0.199226826429367
-9999 -9999 -9999 -9999 0.202019974589348 0.20277164876461 0.203172102570534 0.203425511717796 0.203606933355331 0.202787846326828 0.202121436595917 0.202039390802383 0.201860994100571 0.201491922140121 0.201008468866348 0.200393036007881 0.199986159801483 0.19972251355648 0.199569970369339 0.199460357427597 0.199387565255165 0.199321284890175 0.199270859360695 0.199224308133125 0.199207231402397 0.199194699525833 0.19919690489769 0.199187964200974 0.199159562587738 0.199117824435234 0.199062332510948 0.199001282453537 0.198936820030212 0.198870673775673 0.198803961277008 0.198762968182564 0.198725745081902 0.198718160390854 0.198712691664696 0.198720872402191 0.198735281825066 0.198767066001892 0.198837772011757 0.1989686191082 0.199120253324509 0.199290961027145
