Ecospace-environmental-drivers/Outputs/ASCII-for-ecospace/MOM6-ISIMIP3a/o2/1988-04_o2_MOM6-ISIMIP3a.asc
NCOLS 131 
NROWS 53 
XLLCORNER -98 
YLLCORNER 23.9265270233154 
CELLSIZE 0.133587792515755 
NODATA_value -9999 
[rows 21 to 41 of 53, columns 46 to 91 of 131]
0.231538891792297 0.231167927384377 0.231071457266808 0.231053039431572 0.230821087956429 0.230549842119217 0.229808315634727 0.229118466377258 0.228691413998604 0.228369981050491 0.228303641080856 0.22835685312748 0.228574186563492 0.228926062583923 0.229388013482094 0.229245394468307 0.228816404938698 0.229974925518036 0.231512755155563 0.230732426047325 0.230018138885498 0.232582941651344 0.234654009342194 0.234658792614937 0.234544351696968 0.234178215265274 0.234100624918938 0.234375715255737 0.234630912542343 0.234871610999107 0.235115319490433 0.235360264778137 0.234932124614716 0.234371691942215 0.233455523848534 0.232504442334175 0.231340944766998 0.230363756418228 0.230041638016701 0.230015650391579 0.230539575219154 0.231133982539177 0.231805205345154 0.232478603720665 0.233153402805328 0.233396932482719
0.227845713496208 0.227569445967674 0.227488175034523 0.227462351322174 0.227286204695702 0.22708360850811 0.226581990718842 0.226136416196823 0.22597599029541 0.225814953446388 0.225652411580086 0.225722789764404 0.22611291706562 0.226647406816483 0.227300018072128 0.227233797311783 0.226827085018158 0.22782501578331 0.229158565402031 0.228607922792435 0.2281564027071 0.231031611561775 0.233374685049057 0.23349067568779 0.23346221446991 0.233128771185875 0.233116403222084 0.233496442437172 0.233732014894485 0.23386238515377 0.234045922756195 0.234251499176025 0.233847543597221 0.233323752880096 0.232479274272919 0.231599375605583 0.230489477515221 0.229485139250755 0.228851944208145 0.228528544306755 0.228780463337898 0.229284420609474 0.230063021183014 0.23101769387722 0.232086300849915 0.232592806220055
0.224243357777596 0.224071130156517 0.224006399512291 0.223972246050835 0.223823204636574 0.2236587703228 0.223396509885788 0.223195627331734 0.223306968808174 0.223312422633171 0.223062172532082 0.223144263029099 0.223682641983032 0.224373891949654 0.225190207362175 0.225224182009697 0.224887579679489 0.225718274712563 0.226827889680862 0.226605489850044 0.226511061191559 0.229610785841942 0.2321537733078 0.232366725802422 0.23241226375103 0.232104390859604 0.232142239809036 0.232602640986443 0.232811018824577 0.232835844159126 0.232948988676071 0.233098730444908 0.232712641358376 0.232221230864525 0.231466069817543 0.230675905942917 0.229638978838921 0.228622525930405 0.227678015828133 0.2270397990942 0.226970419287682 0.22734297811985 0.228197067975998 0.229424461722374 0.230893418192863 0.231674030423164
0.222247377038002 0.222181707620621 0.222213551402092 0.222273111343384 0.221970051527023 0.22163650393486 0.221482053399086 0.22137488424778 0.221508100628853 0.221579730510712 0.221502661705017 0.221662744879723 0.222148418426514 0.22264738380909 0.223157197237015 0.223399177193642 0.223514273762703 0.224383309483528 0.225432500243187 0.226072713732719 0.226815149188042 0.229454383254051 0.231627956032753 0.231852695345879 0.231862425804138 0.231418237090111 0.231311902403831 0.231618463993073 0.23171292245388 0.23165288567543 0.231629237532616 0.231620669364929 0.231203019618988 0.230704933404922 0.230163559317589 0.229596838355064 0.228798151016235 0.227935254573822 0.226846605539322 0.225873962044716 0.225116714835167 0.224998384714127 0.225576117634773 0.226833447813988 0.228530466556549 0.229560777544975
0.22052563726902 0.220519617199898 0.220592483878136 0.22068777680397 0.220291629433632 0.219859406352043 0.219811305403709 0.219797804951668 0.219960287213326 0.22010038793087 0.220186427235603 0.220417082309723 0.220846265554428 0.221190109848976 0.221464112401009 0.22190597653389 0.222427353262901 0.223309949040413 0.22427886724472 0.225621402263641 0.227042764425278 0.229238003492355 0.231045991182327 0.231233358383179 0.23117870092392 0.230613127350807 0.230366736650467 0.230510473251343 0.230485394597054 0.230337366461754 0.230202108621597 0.230072140693665 0.229676797986031 0.229229301214218 0.228876650333405 0.22850313782692 0.227891638875008 0.227150157094002 0.225951671600342 0.224721685051918 0.223433181643486 0.222903981804848 0.223202049732208 0.22439780831337 0.226174414157867 0.227416932582855
0.220006421208382 0.219854280352592 0.219724655151367 0.219601437449455 0.219379395246506 0.219157367944717 0.21920907497406 0.219289109110832 0.219513282179832 0.219731852412224 0.219936907291412 0.22020560503006 0.220561698079109 0.220913380384445 0.221261441707611 0.22186766564846 0.222596183419228 0.223383635282516 0.224185183644295 0.225527256727219 0.226935029029846 0.228758603334427 0.230217829346657 0.23015221953392 0.229907900094986 0.229286313056946 0.228918105363846 0.228859588503838 0.228690415620804 0.228440657258034 0.228304132819176 0.228214532136917 0.228077828884125 0.22793185710907 0.227658152580261 0.227345362305641 0.226697131991386 0.225936040282249 0.224778145551682 0.223628893494606 0.222495719790459 0.221906661987305 0.221910431981087 0.222643539309502 0.223848581314087 0.225139006972313
0.21955169737339 0.219238862395287 0.218989610671997 0.218758448958397 0.218687132000923 0.218638807535172 0.218769758939743 0.218922361731529 0.219185173511505 0.219457551836967 0.219752982258797 0.220057666301727 0.220375046133995 0.22074393928051 0.22115495800972 0.221843898296356 0.22266449034214 0.223358035087585 0.224021226167679 0.22531558573246 0.226661428809166 0.228125512599945 0.229257673025131 0.229000642895699 0.2286267131567 0.22800600528717 0.227557972073555 0.227320998907089 0.22701932489872 0.226670518517494 0.22647987306118 0.226354748010635 0.22641034424305 0.226501479744911 0.226297110319138 0.226043745875359 0.225418537855148 0.224698901176453 0.223647221922874 0.222630769014359 0.221679747104645 0.221089780330658 0.220893189311028 0.221243485808372 0.221947610378265 0.223175317049026
0.219237700104713 0.218732342123985 0.218544289469719 0.218446478247643 0.218474850058556 0.21852058172226 0.218685865402222 0.218865260481834 0.219116508960724 0.219388842582703 0.219712153077126 0.220048293471336 0.22040206193924 0.22080859541893 0.221258297562599 0.221851840615273 0.222513511776924 0.223115801811218 0.223703905940056 0.224847495555878 0.226025968790054 0.227157071232796 0.228009462356567 0.227695345878601 0.227322861552238 0.226827144622803 0.226390928030014 0.226027444005013 0.225618541240692 0.225176572799683 0.224816456437111 0.224490240216255 0.224593430757523 0.224781021475792 0.22462509572506 0.224428296089172 0.223956510424614 0.223411545157433 0.222609251737595 0.221839144825935 0.221128836274147 0.220666602253914 0.220474645495415 0.220616221427917 0.220973610877991 0.221897184848785
0.218889653682709 0.218318104743958 0.218180432915688 0.218166157603264 0.218256294727325 0.218360841274261 0.218565687537193 0.218777880072594 0.219027459621429 0.219300270080566 0.219629153609276 0.219971343874931 0.220331773161888 0.220735549926758 0.221174776554108 0.221663936972618 0.222176730632782 0.222676917910576 0.223174095153809 0.224079817533493 0.225005492568016 0.225812986493111 0.226408749818802 0.226118415594101 0.225786954164505 0.225368708372116 0.224959418177605 0.224561080336571 0.224127471446991 0.223668143153191 0.223234549164772 0.222811609506607 0.222925767302513 0.223145514726639 0.223041594028473 0.222906917333603 0.222588866949081 0.222216680645943 0.221654087305069 0.221127241849899 0.220666781067848 0.2203409075737 0.22016167640686 0.220163866877556 0.220283433794975 0.220945850014687
0.218498766422272 0.21801994740963 0.217919081449509 0.21792571246624 0.218029841780663 0.218148857355118 0.218399837613106 0.218652352690697 0.218912780284882 0.219186663627625 0.219493106007576 0.219809353351593 0.220139056444168 0.220489233732224 0.220856174826622 0.221229642629623 0.221606209874153 0.221990630030632 0.222376942634583 0.222935259342194 0.223500609397888 0.22399628162384 0.224364563822746 0.22419972717762 0.223959118127823 0.223558530211449 0.223195195198059 0.222877353429794 0.222522795200348 0.22214150428772 0.22175520658493 0.221366852521896 0.221445918083191 0.221616849303246 0.221569448709488 0.221503883600235 0.221339985728264 0.221138194203377 0.220803126692772 0.220515638589859 0.220316484570503 0.220137849450111 0.219981551170349 0.219931572675705 0.219950377941132 0.220405653119087
0.218169748783112 0.217756018042564 0.217656075954437 0.217645362019539 0.217771664261818 0.217916950583458 0.218196541070938 0.218471124768257 0.218720197677612 0.218973815441132 0.219238445162773 0.219505175948143 0.219774797558784 0.22002437710762 0.220257580280304 0.220429882407188 0.220573350787163 0.220737621188164 0.220906868577003 0.22116993367672 0.221438854932785 0.221699044108391 0.221916630864143 0.221955820918083 0.221876844763756 0.221548393368721 0.221262022852898 0.221027091145515 0.220817536115646 0.220626473426819 0.220361232757568 0.220065280795097 0.220134302973747 0.220275074243546 0.220328688621521 0.220372840762138 0.220356002449989 0.220311790704727 0.220171332359314 0.220074638724327 0.22005920112133 0.219948649406433 0.219734475016594 0.219602361321449 0.219523370265961 0.219862759113312
0.217887103557587 0.217517763376236 0.217391818761826 0.217335104942322 0.217489674687386 0.217670112848282 0.217965170741081 0.218248084187508 0.218469187617302 0.218686535954475 0.218894824385643 0.219094350934029 0.219281867146492 0.219395607709885 0.219448983669281 0.219356030225754 0.219193741679192 0.219059556722641 0.21893210709095 0.218939036130905 0.218959420919418 0.219041422009468 0.219165876507759 0.219468012452126 0.219603762030602 0.219388261437416 0.219202131032944 0.219051912426949 0.219036817550659 0.219120144844055 0.219031289219856 0.218871116638184 0.218948900699615 0.219073444604874 0.219261482357979 0.219445779919624 0.219570681452751 0.219674468040466 0.219703927636147 0.219761610031128 0.219871670007706 0.219769850373268 0.219437181949615 0.219200491905212 0.219025894999504 0.219317838549614
0.217714935541153 0.217347323894501 0.217181116342545 0.217072188854218 0.217218324542046 0.217395722866058 0.217711895704269 0.218011170625687 0.218224406242371 0.21842060983181 0.218575701117516 0.218703672289848 0.218794390559196 0.218781799077988 0.218684688210487 0.218410506844521 0.218052446842194 0.217681780457497 0.217308089137077 0.217146754264832 0.217012748122215 0.217064067721367 0.217163220047951 0.217462658882141 0.217682436108589 0.217734023928642 0.217711880803108 0.217599615454674 0.217677727341652 0.217894479632378 0.217882052063942 0.217774704098701 0.217920109629631 0.218115195631981 0.218433365225792 0.218750849366188 0.219017118215561 0.219238609075546 0.219302594661713 0.219359442591667 0.21940304338932 0.219230502843857 0.218822479248047 0.218542143702507 0.218344449996948 0.218662485480309
0.217590108513832 0.217205956578255 0.216993361711502 0.216829553246498 0.216951534152031 0.217109516263008 0.217449218034744 0.217768281698227 0.217982292175293 0.21816386282444 0.218267098069191 0.218321606516838 0.218309238553047 0.218174412846565 0.217939376831055 0.217519998550415 0.217013299465179 0.216432690620422 0.215834394097328 0.215542480349541 0.215294420719147 0.215378254652023 0.21548119187355 0.215664103627205 0.215911880135536 0.2162966132164 0.216465756297112 0.216371417045593 0.21649931371212 0.216789111495018 0.216810271143913 0.216720193624496 0.216958448290825 0.217261239886284 0.217707708477974 0.218155398964882 0.218562871217728 0.218889102339745 0.218929573893547 0.218919083476067 0.218813940882683 0.218536630272865 0.21807174384594 0.217773899435997 0.217584148049355 0.217959806323051
0.21746426820755 0.217093974351883 0.216861963272095 0.216669276356697 0.216749802231789 0.216866716742516 0.217211112380028 0.217539638280869 0.217787429690361 0.217982962727547 0.218052268028259 0.218038767576218 0.217911601066589 0.217657163739204 0.217298626899719 0.21686390042305 0.216393068432808 0.215831905603409 0.215249136090279 0.214858055114746 0.214508131146431 0.214565753936768 0.214632838964462 0.21473953127861 0.21492038667202 0.215257823467255 0.21540729701519 0.215327024459839 0.215419083833694 0.215636670589447 0.215642929077148 0.215561658143997 0.215909779071808 0.21634230017662 0.216824263334274 0.217310234904289 0.217817410826683 0.218200907111168 0.218149572610855 0.218019589781761 0.217743575572968 0.217420995235443 0.217047676444054 0.216869190335274 0.216816753149033 0.217142730951309
0.217338219285011 0.216988071799278 0.216742217540741 0.216526031494141 0.216561526060104 0.216632917523384 0.216978088021278 0.217313930392265 0.217602357268333 0.217817753553391 0.217856854200363 0.217776462435722 0.21753203868866 0.217158585786819 0.216679528355598 0.216256305575371 0.215859517455101 0.215365245938301 0.214847683906555 0.214363932609558 0.213914692401886 0.21393395960331 0.213956981897354 0.213995769619942 0.214090064167976 0.214301496744156 0.214387655258179 0.214320674538612 0.214359179139137 0.214474499225616 0.214455798268318 0.214381605386734 0.214843109250069 0.215409934520721 0.215908169746399 0.216413393616676 0.217011690139771 0.217442661523819 0.217285364866257 0.217025116086006 0.216573640704155 0.21621809899807 0.215967074036598 0.215936243534088 0.216047883033752 0.216301992535591
0.217242300510406 0.216922879219055 0.216680943965912 0.216461047530174 0.216461390256882 0.216494426131248 0.21680098772049 0.217108517885208 0.217421025037766 0.217660516500473 0.217723712325096 0.217615842819214 0.217273160815239 0.216826289892197 0.216294184327126 0.21581993997097 0.215373083949089 0.214924618601799 0.214475750923157 0.213981479406357 0.213508531451225 0.213391661643982 0.213324680924416 0.213466495275497 0.213581115007401 0.213638335466385 0.213685244321823 0.213719591498375 0.213790223002434 0.213887289166451 0.21380752325058 0.213654518127441 0.213862016797066 0.214140385389328 0.214582234621048 0.215059444308281 0.215822979807854 0.216360464692116 0.216103166341782 0.215752467513084 0.215228334069252 0.214890450239182 0.214755490422249 0.214765563607216 0.214869454503059 0.215077415108681
0.217155486345291 0.216867834329605 0.216630861163139 0.216408282518387 0.216374769806862 0.216370478272438 0.216632634401321 0.216905757784843 0.217234641313553 0.21749384701252 0.217584758996964 0.217458829283714 0.217035204172134 0.216514006257057 0.215912967920303 0.215380296111107 0.214880004525185 0.21447366476059 0.214089766144753 0.213591203093529 0.21310168504715 0.212858885526657 0.212709560990334 0.212951466441154 0.213088497519493 0.21300408244133 0.213017821311951 0.213151499629021 0.213257655501366 0.213343739509583 0.21320503950119 0.21297325193882 0.212933257222176 0.212930962443352 0.213303476572037 0.213739156723022 0.214656427502632 0.215291395783424 0.214933693408966 0.214491546154022 0.213892579078674 0.213569238781929 0.213546231389046 0.213587492704391 0.213670313358307 0.213837891817093
0.217151269316673 0.216901525855064 0.21667218208313 0.2164486348629 0.216390132904053 0.216356247663498 0.216531097888947 0.216721728444099 0.21699270606041 0.217222809791565 0.217354208230972 0.217291638255119 0.216962784528732 0.216335535049438 0.215464130043983 0.214823991060257 0.214293375611305 0.213900178670883 0.213539823889732 0.213064178824425 0.212598010897636 0.21238486468792 0.212257012724876 0.212486028671265 0.212616339325905 0.212538242340088 0.212571814656258 0.212741881608963 0.212878629565239 0.21299110352993 0.212833628058434 0.212564364075661 0.212521806359291 0.212523803114891 0.212723627686501 0.212996318936348 0.213909283280373 0.214517071843147 0.214051842689514 0.213488355278969 0.212742403149605 0.212376371026039 0.212424293160439 0.212444186210632 0.212445944547653 0.212622329592705
0.217162400484085 0.216950908303261 0.216731742024422 0.216510400176048 0.21642854809761 0.21636651456356 0.216454014182091 0.216559216380119 0.216754332184792 0.216930046677589 0.217058897018433 0.217027440667152 0.2167759090662 0.21606519818306 0.214978784322739 0.214265361428261 0.213728621602058 0.213346123695374 0.213000491261482 0.212564155459404 0.212138757109642 0.211963444948196 0.211856544017792 0.212035909295082 0.212139889597893 0.212084785103798 0.212157934904099 0.212387889623642 0.2125413864851 0.212639197707176 0.212439134716988 0.212115705013275 0.212096333503723 0.21213673055172 0.212178245186806 0.212289825081825 0.21308533847332 0.21358135342598 0.21302430331707 0.212384358048439 0.211590453982353 0.211217164993286 0.211302176117897 0.211302176117897 0.211247175931931 0.211429804563522
0.217229709029198 0.217057794332504 0.216858148574829 0.216650635004044 0.21655148267746 0.216466575860977 0.216466709971428 0.216475591063499 0.216529026627541 0.21655760705471 0.21652615070343 0.216407552361488 0.21616929769516 0.21545797586441 0.21435958147049 0.213698282837868 0.213244020938873 0.212863281369209 0.21250008046627 0.212163046002388 0.211842447519302 0.211734890937805 0.21164707839489 0.211641937494278 0.211647748947144 0.211676687002182 0.211861819028854 0.212237879633904 0.212357401847839 0.212290063500404 0.211960017681122 0.211521163582802 0.211619436740875 0.211823299527168 0.211759254336357 0.21171660721302 0.211979806423187 0.212053805589676 0.211462631821632 0.210910782217979 0.210431963205338 0.210181385278702 0.210179448127747 0.210164934396744 0.21014229953289 0.210321664810181
