Ecospace-environmental-drivers/Outputs/ASCII-for-ecospace/MOM6-ISIMIP3a/o2/1991-01_o2_MOM6-ISIMIP3a.asc
NCOLS 131 
NROWS 53 
XLLCORNER -98 
YLLCORNER 23.9265270233154 
CELLSIZE 0.133587792515755 
NODATA_value -9999 
[rows 20 to 39 of 53, columns 46 to 91 of 131]
0.230570837855339 0.231346651911736 0.232040748000145 0.232711598277092 0.233084991574287 0.233421429991722 0.233581438660622 0.23367777466774 0.233450204133987 0.233155876398087 0.232700377702713 0.232262328267097 0.23184822499752 0.231863856315613 0.232231110334396 0.231903284788132 0.231246218085289 0.230486810207367 0.229702934622765 0.228672310709953 0.22762593626976 0.226596876978874 0.225586459040642 0.224654108285904 0.223881453275681 0.223445951938629 0.223141521215439 0.222997263073921 0.223072022199631 0.223306313157082 0.224144116044044 0.225231885910034 0.225966960191727 0.226632714271545 0.226730659604073 0.226760640740395 0.226332232356071 0.225919261574745 0.225560620427132 0.225150972604752 0.22464656829834 0.224131554365158 0.223604992032051 0.223070248961449 0.2225301861763 0.221983388066292
0.226968243718147 0.227699548006058 0.228435799479485 0.229173466563225 0.229509204626083 0.229808211326599 0.230226054787636 0.230550453066826 0.230399504303932 0.230099216103554 0.229438349604607 0.228930234909058 0.228631839156151 0.228861972689629 0.229524567723274 0.229539826512337 0.229248464107513 0.228635624051094 0.22794596850872 0.226892232894897 0.225821077823639 0.224860310554504 0.223918572068214 0.223056524991989 0.222409844398499 0.222217813134193 0.222165644168854 0.222284436225891 0.22249011695385 0.222759082913399 0.223561629652977 0.22458516061306 0.225247904658318 0.225839748978615 0.225930437445641 0.225949704647064 0.225452452898026 0.224973231554031 0.224557384848595 0.224061384797096 0.22341650724411 0.22285184264183 0.222374558448792 0.221965298056602 0.221600070595741 0.22134917974472
0.225873619318008 0.226391196250916 0.226820290088654 0.227224215865135 0.22735483944416 0.227469518780708 0.227909550070763 0.228253856301308 0.22811122238636 0.227904766798019 0.227544218301773 0.227225571870804 0.226964429020882 0.227123364806175 0.227625995874405 0.227472096681595 0.227007210254669 0.226540073752403 0.226072385907173 0.225190386176109 0.224283546209335 0.22342936694622 0.222625538706779 0.222032442688942 0.221610456705093 0.221549689769745 0.221622705459595 0.221859216690063 0.22212678194046 0.222416937351227 0.223101586103439 0.22394959628582 0.224562421441078 0.225129023194313 0.224890679121017 0.22459103167057 0.223983839154243 0.22343447804451 0.223088532686234 0.222679749131203 0.222154274582863 0.22164161503315 0.221142888069153 0.220855891704559 0.220705911517143 0.220657899975777
0.224965646862984 0.225261658430099 0.225353538990021 0.225387379527092 0.225298941135406 0.225217536091805 0.22566394507885 0.226016193628311 0.225889429450035 0.225788280367851 0.225748971104622 0.225633203983307 0.225412502884865 0.225482925772667 0.225791528820992 0.225447297096252 0.224793836474419 0.224471434950829 0.224228143692017 0.223526075482368 0.222791761159897 0.222046583890915 0.221383079886436 0.221061378717422 0.22086326777935 0.220926120877266 0.221116483211517 0.221462726593018 0.221790134906769 0.222103834152222 0.222669064998627 0.223338469862938 0.223886430263519 0.224410519003868 0.223814517259598 0.223169803619385 0.22245429456234 0.221836179494858 0.221560567617416 0.221248179674149 0.220867499709129 0.220429986715317 0.21993051469326 0.219770193099976 0.21982929110527 0.219966247677803
0.223954066634178 0.224113896489143 0.22381629049778 0.223388597369194 0.223063811659813 0.2227783203125 0.223269298672676 0.223696157336235 0.223796859383583 0.223863750696182 0.223849013447762 0.223828390240669 0.223799660801888 0.223858535289764 0.223989069461823 0.223755642771721 0.223349824547768 0.223157420754433 0.223016008734703 0.22238190472126 0.221715420484543 0.22107045352459 0.220499321818352 0.220237195491791 0.220124304294586 0.220326453447342 0.220666453242302 0.22117492556572 0.221616506576538 0.222009390592575 0.222535401582718 0.223116561770439 0.223324403166771 0.223458871245384 0.222441822290421 0.221411392092705 0.220666944980621 0.220007732510567 0.219648271799088 0.219363242387772 0.219216465950012 0.219107046723366 0.21903832256794 0.219081282615662 0.219196498394012 0.219340860843658
0.222502931952477 0.222450494766235 0.221828430891037 0.221044361591339 0.220597892999649 0.220219328999519 0.220740973949432 0.221225336194038 0.22151991724968 0.221738278865814 0.221772596240044 0.221874460577965 0.222069069743156 0.222159802913666 0.222165554761887 0.222050592303276 0.221878439188004 0.221804603934288 0.221754267811775 0.221223875880241 0.220659881830215 0.220086872577667 0.219574615359306 0.219316616654396 0.219233900308609 0.219521224498749 0.219976052641869 0.220635578036308 0.22121274471283 0.221729949116707 0.222200691699982 0.222652211785316 0.222541972994804 0.222321316599846 0.221011504530907 0.219720035791397 0.21900175511837 0.218356147408485 0.217966139316559 0.217733457684517 0.217792972922325 0.217965453863144 0.21826097369194 0.218477889895439 0.218643948435783 0.218798413872719
0.219124466180801 0.218526095151901 0.217864707112312 0.21718542277813 0.21712002158165 0.217135101556778 0.217626512050629 0.218093246221542 0.218434527516365 0.218731716275215 0.218922421336174 0.219266802072525 0.219822153449059 0.220135092735291 0.220249697566032 0.220286771655083 0.220287099480629 0.220281764864922 0.220275074243546 0.220005184412003 0.219695553183556 0.219070628285408 0.218470364809036 0.217973306775093 0.217679485678673 0.217814669013023 0.218231707811356 0.218993246555328 0.219799891114235 0.220639377832413 0.220984444022179 0.22112475335598 0.220793068408966 0.220368593931198 0.219328597187996 0.218322664499283 0.217872187495232 0.217480063438416 0.217293128371239 0.217222347855568 0.217367261648178 0.217619016766548 0.217987194657326 0.21824948489666 0.218443289399147 0.218619555234909
0.216283410787582 0.215436741709709 0.214834794402122 0.214302465319633 0.214492276310921 0.214762151241302 0.215197995305061 0.215616062283516 0.215943679213524 0.216253474354744 0.216520234942436 0.216957256197929 0.217628017067909 0.21802131831646 0.218187615275383 0.218325197696686 0.218449160456657 0.218501821160316 0.218537449836731 0.218491569161415 0.218407675623894 0.217852249741554 0.217292264103889 0.216713175177574 0.216327637434006 0.216350704431534 0.216718792915344 0.217508569359779 0.218412727117538 0.21940016746521 0.219658568501472 0.219615027308464 0.219201594591141 0.218715459108353 0.217957317829132 0.217237189412117 0.216986760497093 0.216785490512848 0.216757148504257 0.216814905405045 0.217032596468925 0.217331424355507 0.217718616127968 0.217987284064293 0.218179255723953 0.218343809247017
0.214614942669868 0.214169338345528 0.213842287659645 0.213548958301544 0.213719382882118 0.21394108235836 0.214266151189804 0.214567735791206 0.214749962091446 0.214927911758423 0.21509550511837 0.215298190712929 0.215549066662788 0.215713247656822 0.215806514024734 0.21593214571476 0.216073125600815 0.216160908341408 0.216235980391502 0.216334462165833 0.216413915157318 0.216192856431007 0.215953007340431 0.215634480118752 0.215417802333832 0.215416103601456 0.215710833668709 0.216367870569229 0.217081621289253 0.217836678028107 0.218093484640121 0.218143954873085 0.217953637242317 0.217715993523598 0.217266008257866 0.216832280158997 0.216634005308151 0.216486975550652 0.216520100831985 0.216633662581444 0.216896623373032 0.217172190546989 0.217461451888084 0.217651337385178 0.217776909470558 0.217856615781784
0.213915660977364 0.213706597685814 0.213497281074524 0.213287875056267 0.213382482528687 0.213511779904366 0.213737815618515 0.213940411806107 0.214023724198341 0.214114785194397 0.214224502444267 0.214291378855705 0.214299485087395 0.214310362935066 0.214323505759239 0.214408054947853 0.214526429772377 0.214616104960442 0.214698925614357 0.214853152632713 0.215002179145813 0.215004131197929 0.214984625577927 0.21487532556057 0.214803695678711 0.214811578392982 0.215053558349609 0.215581655502319 0.216137588024139 0.216713801026344 0.217004626989365 0.217177271842957 0.217128917574883 0.217037126421928 0.216796606779099 0.216559767723083 0.216412410140038 0.216308444738388 0.216357007622719 0.216465458273888 0.216685116291046 0.216885417699814 0.217064633965492 0.21716733276844 0.217220515012741 0.217258289456367
0.214435711503029 0.214256182312965 0.213966861367226 0.213646307587624 0.213594108819962 0.213575333356857 0.213717147707939 0.21384271979332 0.213885620236397 0.213946327567101 0.214050114154816 0.214105173945427 0.214093312621117 0.214046254754066 0.21397040784359 0.213977187871933 0.214023113250732 0.214072868227959 0.214123547077179 0.214222028851509 0.214322715997696 0.214407563209534 0.214482873678207 0.214518189430237 0.214561656117439 0.214622363448143 0.214837491512299 0.215241402387619 0.215680494904518 0.216145247220993 0.216514885425568 0.216845139861107 0.216836661100388 0.216761618852615 0.216606393456459 0.216453805565834 0.216355830430984 0.216280892491341 0.216286987066269 0.216313675045967 0.216378584504128 0.216438218951225 0.216492101550102 0.216497033834457 0.216470316052437 0.216520100831985
0.214948534965515 0.214780509471893 0.214445605874062 0.214063256978989 0.213921904563904 0.213811904191971 0.213882133364677 0.213944390416145 0.213966012001038 0.214004814624786 0.214085057377815 0.214119642972946 0.214091554284096 0.214030802249908 0.213943302631378 0.213916912674904 0.213919460773468 0.213934972882271 0.213953569531441 0.214015230536461 0.214082062244415 0.214181110262871 0.21427758038044 0.214363276958466 0.214446723461151 0.214525446295738 0.21470420062542 0.215005204081535 0.215364664793015 0.215766727924347 0.216147974133492 0.216520607471466 0.216569259762764 0.216554224491119 0.216431900858879 0.216308444738388 0.216212809085846 0.216128945350647 0.216086506843567 0.216046869754791 0.216012448072433 0.215963989496231 0.215900227427483 0.215814083814621 0.215713441371918 0.215767815709114
0.215455934405327 0.21528585255146 0.214931219816208 0.21452409029007 0.214336827397346 0.21417823433876 0.214186370372772 0.21419557929039 0.214210316538811 0.214233487844467 0.214276984333992 0.214284643530846 0.21424312889576 0.214201807975769 0.214160680770874 0.214134559035301 0.214115545153618 0.214101061224937 0.214087650179863 0.214126691222191 0.214170545339584 0.214232251048088 0.214294657111168 0.214360058307648 0.214427143335342 0.214497789740562 0.214632973074913 0.214847043156624 0.215154767036438 0.215530708432198 0.215873181819916 0.216201782226562 0.216320499777794 0.216397941112518 0.216269180178642 0.216133520007133 0.216004952788353 0.215883702039719 0.215788185596466 0.215693816542625 0.215601608157158 0.215469494462013 0.215293869376183 0.215121611952782 0.214951559901237 0.215004950761795
0.215630382299423 0.215453445911407 0.215132668614388 0.21477098762989 0.2145916223526 0.214435517787933 0.214403450489044 0.214378520846367 0.21438992023468 0.21439702808857 0.214393779635429 0.214369624853134 0.214316755533218 0.214282765984535 0.214264243841171 0.214235782623291 0.214202627539635 0.21416075527668 0.214116811752319 0.214126795530319 0.214142397046089 0.214186117053032 0.214231371879578 0.214283093810081 0.214348450303078 0.2144425958395 0.214583694934845 0.214782193303108 0.215048164129257 0.215363278985023 0.215663209557533 0.215956851840019 0.216089725494385 0.216190993785858 0.21600341796875 0.215807110071182 0.215630009770393 0.215467542409897 0.21535649895668 0.215244501829147 0.215130761265755 0.214954704046249 0.214710772037506 0.214475706219673 0.214246392250061 0.21427209675312
0.215662106871605 0.215476274490356 0.215212345123291 0.214926213026047 0.214777812361717 0.214646056294441 0.214583203196526 0.214532241225243 0.214541807770729 0.214532673358917 0.214478388428688 0.214420288801193 0.214356973767281 0.214325129985809 0.214319035410881 0.214287132024765 0.214242994785309 0.214174881577492 0.214101016521454 0.214079171419144 0.214064255356789 0.214098304510117 0.21413366496563 0.214174538850784 0.214244425296783 0.214375585317612 0.21454381942749 0.214757338166237 0.214985832571983 0.215225234627724 0.215481027960777 0.215743586421013 0.215866670012474 0.215962335467339 0.215693488717079 0.215415790677071 0.215183466672897 0.214978113770485 0.214867651462555 0.214753925800323 0.21463418006897 0.214431241154671 0.21413765847683 0.213849753141403 0.213565543293953 0.213552102446556
0.215557724237442 0.215383484959602 0.215182334184647 0.214973524212837 0.214847534894943 0.214731574058533 0.214656934142113 0.214588910341263 0.214554473757744 0.214504212141037 0.21441575884819 0.214335426688194 0.214266195893288 0.214231476187706 0.214224964380264 0.214189916849136 0.214141353964806 0.214066565036774 0.213985532522202 0.213947474956512 0.213915660977364 0.213931754231453 0.213952869176865 0.213994935154915 0.214073702692986 0.214229941368103 0.214403241872787 0.214597433805466 0.214787736535072 0.214975208044052 0.215157330036163 0.215337216854095 0.215420544147491 0.215484887361526 0.215206637978554 0.214921951293945 0.214698255062103 0.214500218629837 0.2143924087286 0.214271008968353 0.214124321937561 0.213891267776489 0.213564112782478 0.213271871209145 0.213002219796181 0.212967038154602
0.215425193309784 0.215266779065132 0.215129613876343 0.214998498558998 0.214893162250519 0.21479120850563 0.214708745479584 0.214625507593155 0.21453832089901 0.214441776275635 0.214322686195374 0.214222520589828 0.214148327708244 0.214109674096107 0.21410009264946 0.214061960577965 0.214010313153267 0.213932931423187 0.213849410414696 0.213798373937607 0.21375247836113 0.213748916983604 0.213754877448082 0.213800638914108 0.213889181613922 0.214068010449409 0.214241847395897 0.214409589767456 0.214561551809311 0.214702025055885 0.214804351329803 0.214890897274017 0.214928269386292 0.214955970644951 0.214683175086975 0.214406877756119 0.214205041527748 0.21402470767498 0.213919997215271 0.213789656758308 0.213611707091331 0.213347882032394 0.21299047768116 0.212703928351402 0.212463214993477 0.212409883737564
0.215377911925316 0.215227603912354 0.215096399188042 0.214970618486404 0.214859217405319 0.214749410748482 0.214643269777298 0.214537099003792 0.214430794119835 0.214324057102203 0.214216217398643 0.214119434356689 0.214037850499153 0.213972061872482 0.213919192552567 0.213851436972618 0.213776618242264 0.213692769408226 0.213606745004654 0.213577508926392 0.213554233312607 0.21356089413166 0.213569313287735 0.2135851085186 0.213644400238991 0.213795498013496 0.213939055800438 0.214073404669762 0.214197844266891 0.214315086603165 0.214374274015427 0.214409425854683 0.214441850781441 0.214473754167557 0.214222997426987 0.213969454169273 0.213790878653526 0.213624462485313 0.213500812649727 0.213355183601379 0.213168725371361 0.212894320487976 0.212524116039276 0.212238267064095 0.212007015943527 0.211933627724648
0.215333104133606 0.21519011259079 0.215061351656914 0.214936643838882 0.214816704392433 0.214696928858757 0.214568749070168 0.214441657066345 0.214320108294487 0.214205846190453 0.214109167456627 0.214015066623688 0.21392448246479 0.213829040527344 0.21372963488102 0.213625133037567 0.213518217206001 0.213425725698471 0.213336691260338 0.213338002562523 0.213346242904663 0.213364824652672 0.213376700878143 0.213360533118248 0.213389322161674 0.213512986898422 0.213626801967621 0.213728591799736 0.213825583457947 0.213919118046761 0.213938981294632 0.213928326964378 0.213960021734238 0.214000031352043 0.213775262236595 0.21354815363884 0.213394016027451 0.213242173194885 0.213098436594009 0.212936893105507 0.212742269039154 0.212457954883575 0.212075933814049 0.211789444088936 0.211564749479294 0.21147209405899
0.215274095535278 0.215133607387543 0.214997574687004 0.214862823486328 0.214720904827118 0.214578881859779 0.214453935623169 0.214331150054932 0.214219272136688 0.214108973741531 0.21400249004364 0.213892221450806 0.213776782155037 0.213635981082916 0.213474452495575 0.213269963860512 0.213045120239258 0.212923064827919 0.212825581431389 0.212934046983719 0.213050991296768 0.213085517287254 0.213103100657463 0.213049754500389 0.213053226470947 0.213176697492599 0.213281244039536 0.213362663984299 0.213427841663361 0.213481187820435 0.213484898209572 0.213468059897423 0.213524222373962 0.213594749569893 0.213430151343346 0.213261976838112 0.213143989443779 0.213015496730804 0.212850093841553 0.212669029831886 0.212458908557892 0.212162017822266 0.211770579218864 0.211471319198608 0.211231708526611 0.211128950119019
