Ecospace-environmental-drivers/Outputs/ASCII-for-ecospace/MOM6-ISIMIP3a/o2/1991-09_o2_MOM6-ISIMIP3a.asc
NCOLS 131 
NROWS 53 
XLLCORNER -98 
YLLCORNER 23.9265270233154 
CELLSIZE 0.133587792515755 
NODATA_value -9999 
[rows 0 to 20 of 53, columns 46 to 91 of 131]
-9999 -9999 -9999 -9999 -9999 -9999 -9999 -9999 -9999 -9999 -9999 -9999 -9999 -9999 -9999 -9999 -9999 -9999 -9999 -9999 -9999 -9999 -9999 -9999 -9999 -9999 -9999 -9999 -9999 -9999 -9999 -9999 -9999 -9999 -9999 -9999 -9999 -9999 -9999 -9999 -9999 -9999 -9999 -9999 -9999 -9999
-9999 -9999 -9999 -9999 -9999 -9999 -9999 -9999 -9999 -9999 -9999 -9999 -9999 -9999 -9999 -9999 -9999 -9999 -9999 -9999 -9999 -9999 -9999 -9999 -9999 -9999 -9999 -9999 -9999 -9999 -9999 -9999 -9999 -9999 -9999 -9999 -9999 -9999 -9999 -9999 -9999 -9999 -9999 -9999 -9999 -9999
-9999 -9999 -9999 -9999 -9999 -9999 -9999 -9999 -9999 -9999 -9999 -9999 -9999 -9999 -9999 -9999 -9999 -9999 -9999 -9999 -9999 -9999 -9999 -9999 -9999 -9999 -9999 -9999 0.212044224143028 0.211332559585571 -9999 -9999 -9999 -9999 -9999 -9999 -9999 -9999 -9999 -9999 -9999 -9999 -9999 -9999 -9999 -9999
-9999 -9999 -9999 -9999 -9999 -9999 -9999 -9999 -9999 -9999 -9999 -9999 -9999 -9999 -9999 -9999 -9999 -9999 -9999 -9999 -9999 -9999 -9999 -9999 -9999 -9999 -9999 -9999 0.212010517716408 0.211254552006721 -9999 -9999 -9999 -9999 -9999 -9999 -9999 -9999 -9999 -9999 -9999 -9999 -9999 -9999 -9999 -9999
-9999 -9999 -9999 -9999 -9999 -9999 -9999 -9999 -9999 -9999 -9999 -9999 -9999 -9999 -9999 -9999 -9999 -9999 -9999 0.213277205824852 0.21325021982193 0.21322862803936 0.213102668523788 0.213116049766541 0.213436931371689 0.213835999369621 0.213739618659019 0.212954357266426 0.211908832192421 0.211168348789215 0.210686475038528 -9999 -9999 0.210173755884171 0.210864067077637 0.211333960294724 0.211022555828094 0.210044488310814 0.209198400378227 0.20856936275959 0.208060622215271 0.207577064633369 0.206973418593407 -9999 -9999 -9999
-9999 -9999 -9999 -9999 -9999 -9999 -9999 -9999 -9999 -9999 -9999 -9999 -9999 -9999 -9999 0.196497231721878 -9999 0.197798445820808 0.198906257748604 0.206210285425186 0.213277205824852 0.213244825601578 0.21322862803936 0.212976709008217 0.213142797350883 0.214191302657127 0.214173883199692 0.212853670120239 0.211835503578186 0.211037337779999 0.210632219910622 0.210389882326126 0.210006684064865 0.209595814347267 0.210918784141541 0.212077602744102 0.211005508899689 0.209984555840492 0.209143400192261 0.208467230200768 0.208097457885742 0.207617193460464 0.207016542553902 0.206286504864693 0.205472752451897 -9999
-9999 -9999 -9999 -9999 -9999 -9999 -9999 -9999 -9999 -9999 -9999 0.172577902674675 0.172623217105865 0.172740802168846 0.17327381670475 0.185233533382416 0.196382895112038 0.19661158323288 0.197877496480942 0.198906257748604 0.206447407603264 0.213277205824852 0.21322862803936 0.212976709008217 0.213142797350883 0.214191302657127 0.214173883199692 0.212853670120239 0.211835503578186 0.211037337779999 0.210632219910622 0.210389882326126 0.210006684064865 0.209595814347267 0.210918784141541 0.212077602744102 0.211005508899689 0.209984555840492 0.209143400192261 0.208467230200768 0.208097457885742 0.207617193460464 0.207016542553902 0.206286504864693 0.205472752451897 0.205257683992386
-9999 -9999 -9999 -9999 -9999 -9999 -9999 -9999 -9999 -9999 -9999 0.172334909439087 0.172577902674675 0.172668546438217 -9999 0.174176946282387 0.186020240187645 0.196154206991196 0.19661158323288 0.198114633560181 0.198906257748604 0.207158744335175 0.213970243930817 0.214751064777374 0.21537159383297 0.21565368771553 0.215024664998055 0.213282063603401 0.211891487240791 0.210757315158844 0.210231378674507 0.209957346320152 0.20980866253376 0.209684625267982 0.21023653447628 0.210679888725281 0.209818303585052 0.209013372659683 0.208407670259476 0.207943499088287 0.20774219930172 0.20743103325367 0.207000181078911 0.206356137990952 0.205574154853821 0.204812690615654
-9999 -9999 -9999 -9999 -9999 -9999 -9999 -9999 -9999 -9999 -9999 -9999 -9999 -9999 -9999 0.17359085381031 0.176180824637413 0.18756377696991 0.195696830749512 0.19661158323288 0.198826059699059 0.207456886768341 0.214789494872093 0.216688945889473 0.217792227864265 0.217214748263359 0.215911448001862 0.21372102200985 0.211927890777588 0.210424154996872 0.209766507148743 0.209459230303764 0.209561601281166 0.209744513034821 0.209463447332382 0.209134176373482 0.208501741290092 0.207931905984879 0.207582101225853 0.207349568605423 0.207334831357002 0.207212209701538 0.206972002983093 0.206424444913864 0.20567798614502 0.204880222678185
0.208055287599564 0.20826467871666 -9999 -9999 -9999 -9999 -9999 -9999 -9999 -9999 -9999 0.195756629109383 0.172085851430893 -9999 -9999 -9999 0.175254181027412 0.180347815155983 0.189908444881439 0.194782078266144 0.195314422249794 0.206237390637398 0.215446457266808 0.217482671141624 0.218314960598946 0.216605663299561 0.214807450771332 0.212900578975677 0.211087346076965 0.209342330694199 0.208638459444046 0.208365797996521 0.208395659923553 0.208485007286072 0.208180040121078 0.207837715744972 0.207273051142693 0.206769570708275 0.206481277942657 0.206346914172173 0.206498458981514 0.206586182117462 0.206604361534119 0.206184551119804 0.205481335520744 0.204726383090019
0.208129823207855 0.208399519324303 0.208419427275658 -9999 -9999 -9999 -9999 -9999 -9999 -9999 -9999 0.207654818892479 0.193999588489532 0.172085851430893 -9999 -9999 0.17330302298069 0.179881617426872 0.187858805060387 0.190408170223236 0.193246483802795 0.205717474222183 0.216143742203712 0.218012675642967 0.218439385294914 0.215821459889412 0.213647648692131 0.212016627192497 0.210211664438248 0.208279982209206 0.207514300942421 0.207231506705284 0.207188427448273 0.207192480564117 0.206890881061554 0.20656231045723 0.206080764532089 0.205652981996536 0.205414205789566 0.205359950661659 0.205648377537727 0.20593149960041 0.206208869814873 0.205945014953613 0.205330967903137 0.204658657312393
0.208129823207855 0.208399519324303 0.208459228277206 0.209474593400955 0.210593953728676 -9999 -9999 -9999 -9999 -9999 -9999 -9999 0.205214872956276 0.190121844410896 0.172085851430893 0.172577902674675 0.17330302298069 0.179881617426872 0.187858805060387 0.193324565887451 0.198922157287598 0.208949878811836 0.217057287693024 0.217127978801727 0.216427266597748 0.214098021388054 0.212188512086868 0.210791990160942 0.209147438406944 0.207322224974632 0.206410944461823 0.205878153443336 0.205759778618813 0.205722853541374 0.205570921301842 0.205399885773659 0.205083891749382 0.204781740903854 0.204528197646141 0.204457089304924 0.204724758863449 0.205123171210289 0.205664023756981 0.205707371234894 0.205428808927536 0.205052822828293
0.208175539970398 0.208424374461174 0.209051951766014 0.209787249565125 0.210599929094315 -9999 -9999 -9999 -9999 0.210334002971649 0.208936914801598 0.208250537514687 0.208539843559265 0.198854237794876 0.181007444858551 0.17560487985611 0.176096871495247 0.182104423642159 0.189429819583893 0.196412175893784 0.203424766659737 0.211220353841782 0.21725170314312 0.215899601578712 0.214332297444344 0.212310716509819 0.210656315088272 0.209450721740723 0.208003923296928 0.206381469964981 0.205412968993187 0.204715296626091 0.204521343111992 0.204426422715187 0.204375997185707 0.204315900802612 0.20414537191391 0.203961417078972 0.203730314970016 0.203659430146217 0.203886076807976 0.204359039664268 0.205100357532501 0.205425530672073 0.205481424927711 0.205365002155304
0.208335548639297 0.208511427044868 0.209093347191811 0.209790766239166 0.210599929094315 0.211394667625427 0.211491584777832 0.211499765515327 0.211056560277939 0.210334002971649 0.208936914801598 0.208250537514687 0.208539843559265 0.202130660414696 0.190240934491158 0.186199426651001 0.185875460505486 0.189884319901466 0.19492843747139 0.199927896261215 0.204994663596153 0.211085915565491 0.215648248791695 0.213811933994293 0.212030217051506 0.21036371588707 0.208941489458084 0.207817822694778 0.20666216313839 0.205483213067055 0.204678446054459 0.204028636217117 0.203758493065834 0.20356297492981 0.203493639826775 0.203427985310555 0.203352704644203 0.203268468379974 0.203152745962143 0.203124761581421 0.203259691596031 0.203705385327339 0.204489678144455 0.205033242702484 0.205421030521393 0.205472216010094
0.209271743893623 0.209496900439262 0.209813326597214 0.210155725479126 0.210975036025047 0.211817353963852 0.211962446570396 0.212028563022614 0.2116928845644 0.211241275072098 0.210509791970253 0.210059508681297 0.209995299577713 0.2061398178339 0.199182450771332 0.196449816226959 0.195718348026276 0.197762042284012 0.200468823313713 0.203350841999054 0.20631767809391 0.210343465209007 0.213244006037712 0.211435288190842 0.209797248244286 0.208519518375397 0.207376927137375 0.206399500370026 0.205497309565544 0.204649925231934 0.203997954726219 0.203426912426949 0.203132092952728 0.202891573309898 0.202817499637604 0.202754870057106 0.202743902802467 0.202729046344757 0.202700570225716 0.202706322073936 0.202775612473488 0.203170999884605 0.203921690583229 0.204615190625191 0.205271691083908 0.205489978194237
0.211305290460587 0.211752608418465 0.211492702364922 0.211031675338745 0.211880505084991 0.212837636470795 0.213099017739296 0.213304966688156 0.213228836655617 0.213431283831596 0.21430641412735 0.214426040649414 0.213508471846581 0.211184963583946 0.207711160182953 0.206213608384132 0.205652177333832 0.20577809214592 0.206068232655525 0.206642672419548 0.207291662693024 0.208741396665573 0.209707587957382 0.208650052547455 0.207662001252174 0.206820666790009 0.206024825572968 0.205284550786018 0.204582586884499 0.203908503055573 0.203393861651421 0.20294526219368 0.202698647975922 0.202491745352745 0.202432915568352 0.202385425567627 0.202395021915436 0.202406704425812 0.202425673604012 0.202452182769775 0.202492728829384 0.202805235981941 0.203414067625999 0.204160735011101 0.204996600747108 0.20538130402565
0.211512491106987 0.212255135178566 0.212131857872009 0.211762309074402 0.212458416819572 0.213246539235115 0.213573977351189 0.213847175240517 0.213844463229179 0.214192360639572 0.215386852622032 0.215616226196289 0.214520663022995 0.213161304593086 0.211586132645607 0.210510924458504 0.209672540426254 0.208791747689247 0.207900807261467 0.207328245043755 0.206818953156471 0.206912145018578 0.20688459277153 0.20635162293911 0.205815851688385 0.205274119973183 0.204729959368706 0.20418281853199 0.203648507595062 0.203123509883881 0.202749073505402 0.202436983585358 0.202284842729568 0.202164143323898 0.202154651284218 0.202152252197266 0.202178910374641 0.202207416296005 0.202242404222488 0.202272266149521 0.202292561531067 0.202539563179016 0.203033536672592 0.203779608011246 0.204688787460327 0.205205053091049
0.210181683301926 0.211281269788742 0.211895003914833 0.212370559573174 0.212760493159294 0.213140577077866 0.213491767644882 0.213771119713783 0.21368508040905 0.2137501090765 0.214179918169975 0.21413154900074 0.21342670917511 0.212553352117538 0.21154211461544 0.210204809904099 0.208713054656982 0.207592785358429 0.206561267375946 0.205819055438042 0.205127969384193 0.204891577363014 0.20466236770153 0.20446315407753 0.204213127493858 0.203855842351913 0.203483328223228 0.203092217445374 0.20269812643528 0.202301844954491 0.202070012688637 0.2019062936306 0.201887577772141 0.201897382736206 0.201965928077698 0.202033862471581 0.202074602246284 0.202111765742302 0.202136337757111 0.202154830098152 0.202162072062492 0.202358186244965 0.202760055661201 0.203460231423378 0.204353407025337 0.204971879720688
0.208014816045761 0.209004878997803 0.209674015641212 0.210251867771149 0.210369154810905 0.210444316267967 0.210654869675636 0.210805028676987 0.210648030042648 0.210602611303329 0.210826590657234 0.210839673876762 0.210563212633133 0.210130453109741 0.209569841623306 0.20847561955452 0.207128658890724 0.20613931119442 0.205235406756401 0.204520106315613 0.20384193956852 0.203515499830246 0.203241974115372 0.203189939260483 0.203081518411636 0.202854052186012 0.202605709433556 0.202331855893135 0.202035427093506 0.201722547411919 0.201608628034592 0.201577082276344 0.201665326952934 0.201777100563049 0.201890379190445 0.201997011899948 0.202038213610649 0.202070876955986 0.202073529362679 0.20207504928112 0.202074497938156 0.202249571681023 0.202615991234779 0.203263908624649 0.204093962907791 0.204742327332497
0.205438822507858 0.206091076135635 0.206482037901878 0.206798687577248 0.206659764051437 0.206480458378792 0.206469908356667 0.20642463862896 0.206202745437622 0.206131249666214 0.2064228951931 0.20666341483593 0.206833750009537 0.206819400191307 0.206653937697411 0.206050038337708 0.205238446593285 0.204561293125153 0.203916236758232 0.203324049711227 0.202754095196724 0.202454820275307 0.202213987708092 0.202217817306519 0.202180460095406 0.202056095004082 0.201908692717552 0.201733097434044 0.201513513922691 0.201261878013611 0.20125375688076 0.20134648680687 0.201528698205948 0.201728507876396 0.201870203018188 0.202000051736832 0.202035054564476 0.202056810259819 0.202031895518303 0.202013686299324 0.202007904648781 0.202176555991173 0.202535271644592 0.203127816319466 0.203871667385101 0.204514518380165
0.203551292419434 0.203947424888611 0.204154223203659 0.204307168722153 0.204146325588226 0.203958988189697 0.203922927379608 0.203863203525543 0.203683122992516 0.203614473342896 0.203814923763275 0.204045161604881 0.204316318035126 0.204443216323853 0.20445205271244 0.20416122674942 0.203728452324867 0.203314423561096 0.202904865145683 0.202483534812927 0.202072367072105 0.201820865273476 0.201617732644081 0.201617062091827 0.201595783233643 0.201530992984772 0.201443687081337 0.2013288885355 0.20119845867157 0.201056629419327 0.201136365532875 0.201307862997055 0.20151948928833 0.201738983392715 0.201856479048729 0.201961189508438 0.201977878808975 0.201984524726868 0.201955899596214 0.201950803399086 0.201989382505417 0.202197909355164 0.202591553330421 0.203163415193558 0.203850567340851 0.204431429505348
