Ecospace-environmental-drivers/Outputs/ASCII-for-ecospace/MOM6-ISIMIP3a/o2/1992-09_o2_MOM6-ISIMIP3a.asc
NCOLS 131 
NROWS 53 
XLLCORNER -98 
YLLCORNER 23.9265270233154 
CELLSIZE 0.133587792515755 
NODATA_value -9999 
[rows 21 to 41 of 53, columns 46 to 91 of 131]
0.20304748415947 0.203139513731003 0.203283816576004 0.203442990779877 0.203698307275772 0.203969433903694 0.204402253031731 0.204853475093842 0.205398321151733 0.206019073724747 0.206823125481606 0.207667589187622 0.208567529916763 0.209678322076797 0.210961639881134 0.211177557706833 0.210887849330902 0.210898846387863 0.21098168194294 0.211045011878014 0.211127296090126 0.211505115032196 0.211784332990646 0.211650922894478 0.211302787065506 0.210501372814178 0.209589079022408 0.208541259169579 0.207582294940948 0.206688031554222 0.206025168299675 0.205458149313927 0.205094024538994 0.204769790172577 0.204715102910995 0.204690486192703 0.204862177371979 0.205039888620377 0.205238834023476 0.205477923154831 0.205791607499123 0.206090644001961 0.206373736262321 0.206445902585983 0.206381604075432 0.206020295619965
0.202436938881874 0.202501907944679 0.202589958906174 0.202684581279755 0.202823683619499 0.202970176935196 0.203193753957748 0.203425884246826 0.203701600432396 0.204030364751816 0.204487219452858 0.204986274242401 0.205543294548988 0.206319600343704 0.207275316119194 0.207681640982628 0.207827731966972 0.208072185516357 0.208340123295784 0.20862665772438 0.208922803401947 0.209340289235115 0.209658145904541 0.209559082984924 0.209258794784546 0.208533734083176 0.207750469446182 0.206896051764488 0.206114396452904 0.205385729670525 0.204903110861778 0.204522401094437 0.204378977417946 0.204282194375992 0.204442396759987 0.204620912671089 0.204885512590408 0.205147504806519 0.205400317907333 0.205669730901718 0.205969944596291 0.206217214465141 0.206406816840172 0.206356957554817 0.206152185797691 0.205738708376884
0.201874256134033 0.201926678419113 0.201977416872978 0.202027678489685 0.202071025967598 0.202113524079323 0.202151879668236 0.202190101146698 0.202227517962456 0.202292993664742 0.202426195144653 0.202597618103027 0.202821493148804 0.203248798847198 0.203842535614967 0.204399719834328 0.204939618706703 0.20539416372776 0.205828309059143 0.206330016255379 0.20683228969574 0.207275182008743 0.207618698477745 0.207546323537827 0.207291945815086 0.206653371453285 0.206009566783905 0.205359354615211 0.20475997030735 0.204197600483894 0.203890636563301 0.203689441084862 0.203750461339951 0.20386303961277 0.204214587807655 0.204573661088943 0.204919800162315 0.20525661110878 0.205560639500618 0.205856248736382 0.206136241555214 0.206326603889465 0.206419289112091 0.206246301531792 0.20590141415596 0.205449551343918
0.201546892523766 0.201532915234566 0.201517894864082 0.201502606272697 0.201492547988892 0.201483175158501 0.201477661728859 0.201473072171211 0.201473191380501 0.201492547988892 0.201558336615562 0.201670840382576 0.201847478747368 0.202176511287689 0.202630236744881 0.203124195337296 0.203637197613716 0.204057559370995 0.204455778002739 0.204969465732574 0.205482438206673 0.205869689583778 0.206169068813324 0.206100791692734 0.205902799963951 0.205430999398232 0.20496666431427 0.204511433839798 0.204065918922424 0.203627467155457 0.203406527638435 0.203275665640831 0.203396618366241 0.203567087650299 0.203975170850754 0.204392164945602 0.204810127615929 0.205213531851768 0.20556578040123 0.20588356256485 0.206137284636497 0.206277564167976 0.206294238567352 0.206075444817543 0.205704301595688 0.205305129289627
0.201154693961143 0.201087936758995 0.201023042201996 0.2009586840868 0.200910851359367 0.200865164399147 0.200831487774849 0.200799912214279 0.200779020786285 0.200770437717438 0.200791582465172 0.20086358487606 0.201005429029465 0.201244652271271 0.201563537120819 0.201981514692307 0.202446430921555 0.202825903892517 0.203184947371483 0.20368729531765 0.204187631607056 0.204515218734741 0.204769045114517 0.204714208841324 0.204578906297684 0.20427380502224 0.203985780477524 0.203718662261963 0.203423663973808 0.203108385205269 0.202963829040527 0.202889993786812 0.203051298856735 0.203258827328682 0.20370714366436 0.204165890812874 0.204639464616776 0.205097004771233 0.205498144030571 0.205844402313232 0.206088781356812 0.206195250153542 0.206151500344276 0.205909356474876 0.205538854002953 0.205191418528557
0.200478315353394 0.200418382883072 0.20037317276001 0.200332134962082 0.200315088033676 0.200301274657249 0.200308293104172 0.200319021940231 0.200348600745201 0.200391843914986 0.200468122959137 0.200580403208733 0.200742110610008 0.200928539037704 0.201135203242302 0.20142138004303 0.201745197176933 0.202054381370544 0.202360063791275 0.202748894691467 0.203134179115295 0.203384563326836 0.203586563467979 0.20358607172966 0.203541129827499 0.20340234041214 0.203276857733727 0.203167632222176 0.203008517622948 0.20281308889389 0.202702730894089 0.202627614140511 0.202743321657181 0.202896565198898 0.203313618898392 0.203743353486061 0.204201474785805 0.204658448696136 0.205111339688301 0.205513894557953 0.205822959542274 0.205967009067535 0.205931261181831 0.20576423406601 0.205512270331383 0.205212369561195
0.199896976351738 0.199844107031822 0.199815705418587 0.199794247746468 0.199804797768593 0.19981986284256 0.199868381023407 0.199922740459442 0.200006946921349 0.200104266405106 0.200233265757561 0.200377151370049 0.200541481375694 0.200677275657654 0.200789719820023 0.20094920694828 0.201130986213684 0.201346293091774 0.201569616794586 0.201840654015541 0.202108845114708 0.20228798687458 0.202440157532692 0.202479422092438 0.202503308653831 0.202494710683823 0.202497690916061 0.202514797449112 0.202478066086769 0.202402099967003 0.202347204089165 0.202301025390625 0.202391505241394 0.202508851885796 0.202888086438179 0.203281506896019 0.203718647360802 0.204166114330292 0.204649910330772 0.205091565847397 0.205454915761948 0.205647319555283 0.205653458833694 0.205578044056892 0.205449864268303 0.205205500125885
0.19952304661274 0.199477672576904 0.199459820985794 0.199449777603149 0.199480995535851 0.199518442153931 0.199610143899918 0.199711084365845 0.199858993291855 0.200015261769295 0.200191706418991 0.200348317623138 0.200477659702301 0.200567498803139 0.200624972581863 0.200669020414352 0.200706675648689 0.200776636600494 0.200854316353798 0.200998201966286 0.201144874095917 0.201265797019005 0.201372504234314 0.201419681310654 0.201465427875519 0.201508149504662 0.201565220952034 0.201639831066132 0.20169597864151 0.201738685369492 0.201785638928413 0.201834365725517 0.201944008469582 0.202065616846085 0.202392756938934 0.202733933925629 0.203137964010239 0.203556433320045 0.204025655984879 0.204468876123428 0.20486381649971 0.205128118395805 0.205250069499016 0.205302238464355 0.205309256911278 0.205137878656387
0.199192479252815 0.199184596538544 0.199211269617081 0.199247792363167 0.199323788285255 0.199405789375305 0.199541121721268 0.199683472514153 0.199861600995064 0.200036779046059 0.200204879045486 0.200331181287766 0.200400069355965 0.200423628091812 0.200410112738609 0.200352862477303 0.200274884700775 0.200233787298203 0.200201496481895 0.200249388813972 0.200303986668587 0.200375750660896 0.200442731380463 0.200489729642868 0.200545445084572 0.20061956346035 0.200709328055382 0.200818225741386 0.200930923223495 0.201046407222748 0.201167464256287 0.201290860772133 0.201430171728134 0.201572597026825 0.201892524957657 0.202222093939781 0.202581793069839 0.202958986163139 0.203397750854492 0.203831106424332 0.204254388809204 0.204570934176445 0.20477120578289 0.204923003911972 0.20504342019558 0.204944491386414
0.198916494846344 0.198983788490295 0.19909779727459 0.199225068092346 0.199376180768013 0.19953066110611 0.199710115790367 0.19988739490509 0.200053602457047 0.200197353959084 0.200286909937859 0.200328767299652 0.200305134057999 0.200236916542053 0.200132206082344 0.199991479516029 0.199833676218987 0.199724644422531 0.199627280235291 0.199618384242058 0.199617937207222 0.199651926755905 0.19968643784523 0.199723094701767 0.19977380335331 0.199854210019112 0.199949726462364 0.200063765048981 0.200187310576439 0.200317800045013 0.200478062033653 0.200650662183762 0.20083287358284 0.201016962528229 0.201386138796806 0.201755210757256 0.202056437730789 0.202376946806908 0.202765256166458 0.203174322843552 0.203621879220009 0.203965991735458 0.204197406768799 0.204413637518883 0.20462004840374 0.204592868685722
0.1988655179739 0.198997586965561 0.199164092540741 0.199340388178825 0.19951856136322 0.199696645140648 0.199867382645607 0.20002868771553 0.20014201104641 0.200221166014671 0.200217813253403 0.200170561671257 0.200063049793243 0.199929386377335 0.199774339795113 0.199594527482986 0.199402987957001 0.199288576841354 0.199192583560944 0.199181765317917 0.19917930662632 0.199213311076164 0.19924932718277 0.199293747544289 0.199345946311951 0.199414566159248 0.199494764208794 0.19958907365799 0.199698895215988 0.199820011854172 0.199981808662415 0.200160473585129 0.200336381793022 0.200511738657951 0.200880333781242 0.201247245073318 0.20152759552002 0.201824337244034 0.202178686857224 0.202564612030983 0.20300917327404 0.203362599015236 0.203616768121719 0.203868791460991 0.20411941409111 0.204142093658447
0.198983311653137 0.199172332882881 0.199365243315697 0.199559241533279 0.199728414416313 0.199893459677696 0.200015842914581 0.200122997164726 0.200152739882469 0.200142413377762 0.200035363435745 0.19989550113678 0.199710592627525 0.199531257152557 0.199356481432915 0.199170902371407 0.198980182409286 0.198907300829887 0.198862552642822 0.198890939354897 0.198926210403442 0.198988571763039 0.199051603674889 0.199117362499237 0.199175909161568 0.199219226837158 0.199268251657486 0.19932422041893 0.199401885271072 0.199495330452919 0.199630439281464 0.199782773852348 0.199915483593941 0.200044319033623 0.200374990701675 0.200708448886871 0.200996145606041 0.201293811202049 0.201626539230347 0.201990202069283 0.202411308884621 0.202760398387909 0.203031003475189 0.203297317028046 0.203560844063759 0.203616946935654
0.199177473783493 0.199379533529282 0.199556320905685 0.199725896120071 0.199846878647804 0.199959889054298 0.199992164969444 0.200008511543274 0.199943765997887 0.199850112199783 0.199686616659164 0.199506387114525 0.199303150177002 0.199130341410637 0.198982417583466 0.19884629547596 0.198715761303902 0.198696479201317 0.198703795671463 0.198768272995949 0.198837444186211 0.198917716741562 0.198994755744934 0.199058264493942 0.199105724692345 0.199119284749031 0.199134051799774 0.199150279164314 0.199188426136971 0.199242502450943 0.199344456195831 0.199466228485107 0.199589878320694 0.19971390068531 0.199965059757233 0.200222015380859 0.200489729642868 0.200773596763611 0.201114252209663 0.201481625437737 0.201898649334908 0.202252060174942 0.20253612101078 0.202797457575798 0.203044101595879 0.203110605478287
0.199404373764992 0.199600651860237 0.199743077158928 0.199870184063911 0.199926167726517 0.199970439076424 0.199894726276398 0.199804529547691 0.199640646576881 0.199466273188591 0.199266597628593 0.199068367481232 0.19887213408947 0.198728233575821 0.198627129197121 0.198564141988754 0.198519214987755 0.198558732867241 0.198618441820145 0.198717683553696 0.198819100856781 0.198912799358368 0.198998287320137 0.199049443006516 0.199078321456909 0.199060216546059 0.199039414525032 0.19901530444622 0.199010759592056 0.199020460247993 0.199086502194405 0.199175879359245 0.19930511713028 0.199442192912102 0.199596017599106 0.199758023023605 0.199994057416916 0.200257807970047 0.200619027018547 0.20100125670433 0.201422512531281 0.201783940196037 0.202080175280571 0.20232829451561 0.202545285224915 0.202612340450287
0.199505135416985 0.199648022651672 0.199714422225952 0.199759066104889 0.199729308485985 0.199688330292702 0.199550434947014 0.199406236410141 0.199229970574379 0.199057355523109 0.198893561959267 0.198746547102928 0.198622569441795 0.198537454009056 0.198484122753143 0.19846411049366 0.198459893465042 0.19852477312088 0.198606163263321 0.198713392019272 0.198821544647217 0.198917523026466 0.198998734354973 0.199018150568008 0.19901479780674 0.198963329195976 0.19890920817852 0.198851808905602 0.198818668723106 0.198803171515465 0.198845729231834 0.198912337422371 0.19904263317585 0.199185431003571 0.199333146214485 0.199484154582024 0.19966559112072 0.199879541993141 0.200207784771919 0.200573399662971 0.201008379459381 0.201387763023376 0.201706618070602 0.201952874660492 0.20215217769146 0.202203467488289
0.199579790234566 0.199659451842308 0.199641197919846 0.199595108628273 0.199475288391113 0.199345663189888 0.199155062437057 0.19896773993969 0.198797032237053 0.198643237352371 0.198530256748199 0.19844876229763 0.198410540819168 0.198390394449234 0.198385015130043 0.198401764035225 0.198428958654404 0.1985122859478 0.198609009385109 0.198718667030334 0.198828294873238 0.198924243450165 0.198998540639877 0.19898222386837 0.19894377887249 0.198858618736267 0.198771625757217 0.198682427406311 0.198623582720757 0.198586851358414 0.198608502745628 0.198654353618622 0.198784738779068 0.198931768536568 0.199092254042625 0.199249640107155 0.199371740221977 0.199529722332954 0.199813932180405 0.200156405568123 0.200607061386108 0.201006487011909 0.201350092887878 0.201596856117249 0.201780945062637 0.201813086867332
0.199414968490601 0.199415594339371 0.199319556355476 0.199196040630341 0.199046894907951 0.198895663022995 0.198758184909821 0.198626816272736 0.198526591062546 0.198442161083221 0.198395818471909 0.198369920253754 0.198372080922127 0.198374107480049 0.198376029729843 0.198404476046562 0.198445484042168 0.198535323143005 0.198636829853058 0.198739945888519 0.198841854929924 0.198924794793129 0.198979124426842 0.198913782835007 0.198828503489494 0.198701128363609 0.198579177260399 0.198463872075081 0.198395192623138 0.198360502719879 0.198396578431129 0.198461964726448 0.1985964179039 0.1987444460392 0.198927938938141 0.1991066634655 0.199225842952728 0.199366360902786 0.199581921100616 0.199868962168694 0.200288757681847 0.200686022639275 0.201058760285378 0.201312050223351 0.20148803293705 0.201495617628098
0.199235275387764 0.199163183569908 0.198994591832161 0.198798567056656 0.198626220226288 0.198459520936012 0.198380097746849 0.19830895960331 0.198280051350594 0.198264345526695 0.198280498385429 0.198305398225784 0.198342248797417 0.198362618684769 0.198369488120079 0.19840881228447 0.19846348464489 0.198559984564781 0.198666483163834 0.198761954903603 0.198855012655258 0.198924109339714 0.198957830667496 0.198843434453011 0.198711603879929 0.198542967438698 0.198387563228607 0.198248356580734 0.198171362280846 0.198139697313309 0.198190256953239 0.198274865746498 0.198413252830505 0.198562204837799 0.198769211769104 0.198970153927803 0.199090838432312 0.199218139052391 0.199368640780449 0.199601218104362 0.199986219406128 0.200377881526947 0.200776815414429 0.201035395264626 0.201203152537346 0.201185822486877
0.199011445045471 0.19894152879715 0.19875293970108 0.198530614376068 0.198371022939682 0.198222637176514 0.198203325271606 0.19819051027298 0.198210805654526 0.198232978582382 0.19825966656208 0.198288902640343 0.198321655392647 0.198339849710464 0.198346123099327 0.198399260640144 0.19847460091114 0.198584988713264 0.198703736066818 0.198784202337265 0.198860436677933 0.198913291096687 0.198925629258156 0.1987684071064 0.198598772287369 0.198402866721153 0.198231086134911 0.198088780045509 0.198011979460716 0.197982892394066 0.19803175330162 0.198112905025482 0.198251992464066 0.19840244948864 0.198633462190628 0.198858946561813 0.199001342058182 0.19914223253727 0.199277862906456 0.199481725692749 0.199812278151512 0.200172081589699 0.200563758611679 0.200811684131622 0.200966626405716 0.200922980904579
0.19879737496376 0.198740661144257 0.198548376560211 0.198317542672157 0.198165163397789 0.198026984930038 0.19805546104908 0.198089703917503 0.198153272271156 0.198209062218666 0.198246121406555 0.198277652263641 0.19830159842968 0.198316782712936 0.198324784636497 0.198390170931816 0.198482751846313 0.19860503077507 0.198734402656555 0.198804020881653 0.198867738246918 0.198905616998672 0.198898360133171 0.19870226085186 0.19849856197834 0.198278784751892 0.198092311620712 0.197946548461914 0.197868555784225 0.197839930653572 0.197885230183601 0.197961136698723 0.198099449276924 0.198250025510788 0.198503643274307 0.198752269148827 0.198914840817451 0.199069768190384 0.199197813868523 0.199378341436386 0.199656337499619 0.19998300075531 0.200362712144852 0.200596868991852 0.200736865401268 0.200669035315514
0.198619082570076 0.198616057634354 0.198479846119881 0.198305740952492 0.198140189051628 0.197982504963875 0.19801364839077 0.198053628206253 0.198138609528542 0.198212429881096 0.198259338736534 0.198285609483719 0.198283508419991 0.19829261302948 0.198310866951942 0.198382750153542 0.198480039834976 0.198606953024864 0.198740944266319 0.198814913630486 0.198882028460503 0.198909536004066 0.198889210820198 0.198668673634529 0.198444679379463 0.19821335375309 0.19801838696003 0.197867870330811 0.197783663868904 0.197747766971588 0.197782590985298 0.197846710681915 0.197978913784027 0.19812448322773 0.198395565152168 0.198662146925926 0.198839381337166 0.199009940028191 0.199157059192657 0.199333995580673 0.199566349387169 0.199855223298073 0.200205698609352 0.200414642691612 0.200532019138336 0.200447708368301
