Ecospace-environmental-drivers/Outputs/ASCII-for-ecospace/MOM6-ISIMIP3a/o2/1992-07_o2_MOM6-ISIMIP3a.asc
NCOLS 131 
NROWS 53 
XLLCORNER -98 
YLLCORNER 23.9265270233154 
CELLSIZE 0.133587792515755 
NODATA_value -9999 
[rows 21 to 41 of 53, columns 46 to 91 of 131]
0.203416764736176 0.203513085842133 0.203548833727837 0.203567340970039 0.203584924340248 0.203603476285934 0.203650429844856 0.20369927585125 0.203757777810097 0.203810453414917 0.203849092125893 0.203872233629227 0.203874096274376 0.203848138451576 0.203799411654472 0.20375107228756 0.203702941536903 0.203632220625877 0.203556105494499 0.203497529029846 0.203439742326736 0.20337601006031 0.203294306993484 0.203137457370758 0.202969998121262 0.202780142426491 0.202575773000717 0.202353671193123 0.202080264687538 0.201769471168518 0.201437100768089 0.201095789670944 0.200876772403717 0.200681775808334 0.200962752103806 0.201346442103386 0.202561363577843 0.204075455665588 0.206641465425491 0.208951905369759 0.210787758231163 0.211653754115105 0.211463063955307 0.210620239377022 0.209355473518372 0.208067953586578
0.202615603804588 0.202731966972351 0.202810272574425 0.202877759933472 0.202934190630913 0.20298944413662 0.203043922781944 0.203097358345985 0.203145489096642 0.203191086649895 0.203230574727058 0.203267961740494 0.203302457928658 0.203322887420654 0.203331783413887 0.203337013721466 0.203340515494347 0.203304409980774 0.203258842229843 0.203189581632614 0.203117907047272 0.2030348777771 0.202939808368683 0.202794373035431 0.202634170651436 0.202442735433578 0.202215135097504 0.201943308115005 0.201606318354607 0.201221838593483 0.20083749294281 0.20045317709446 0.200277581810951 0.200142994523048 0.200473636388779 0.200887262821198 0.201943308115005 0.203265383839607 0.205522835254669 0.207664519548416 0.209591165184975 0.210691869258881 0.210892662405968 0.210431724786758 0.209542617201805 0.208549350500107
0.201818391680717 0.201940655708313 0.202050551772118 0.202156916260719 0.202249675989151 0.20234027504921 0.202409833669662 0.202475994825363 0.202524974942207 0.202573269605637 0.202619910240173 0.202674373984337 0.202739551663399 0.202804520726204 0.202869325876236 0.202930182218552 0.202989161014557 0.202992618083954 0.202982813119888 0.202908739447594 0.202828943729401 0.202730149030685 0.202624753117561 0.202491760253906 0.202338755130768 0.202143505215645 0.201891973614693 0.201571688055992 0.201176956295967 0.200727999210358 0.20030015707016 0.199881061911583 0.199747994542122 0.199671164155006 0.200042963027954 0.200478553771973 0.201375186443329 0.202503532171249 0.204446658492088 0.206409633159637 0.208409443497658 0.209727182984352 0.210301771759987 0.210206747055054 0.209678456187248 0.208978310227394
0.201426550745964 0.201520085334778 0.201611116528511 0.201701447367668 0.201787754893303 0.201873183250427 0.201945915818214 0.202014923095703 0.202064916491508 0.202113300561905 0.20215779542923 0.202207997441292 0.202266067266464 0.202329576015472 0.202397525310516 0.20246796309948 0.202539578080177 0.202574640512466 0.202600955963135 0.202566146850586 0.202525824308395 0.202466323971748 0.202398151159286 0.202293679118156 0.202153757214546 0.201939016580582 0.201661437749863 0.201307058334351 0.200898364186287 0.200450092554092 0.200037986040115 0.199640840291977 0.199530705809593 0.199476987123489 0.199825316667557 0.200225174427032 0.200982794165611 0.201924175024033 0.203511700034142 0.20521205663681 0.207121998071671 0.20852854847908 0.209386646747589 0.209546133875847 0.209253594279289 0.208771303296089
0.20105017721653 0.201122298836708 0.201196879148483 0.201272174715996 0.201348230242729 0.201424047350883 0.201490938663483 0.201553776860237 0.201596051454544 0.201635673642159 0.201668903231621 0.201706856489182 0.201751306653023 0.20180855691433 0.201876297593117 0.201956853270531 0.202043488621712 0.202116459608078 0.202186167240143 0.202203661203384 0.202215820550919 0.202202618122101 0.202176168560982 0.202094331383705 0.201962426304817 0.201724767684937 0.201419979333878 0.201033160090446 0.200615361332893 0.200175002217293 0.199785709381104 0.19941757619381 0.199325487017632 0.199287638068199 0.199604406952858 0.199962064623833 0.200590804219246 0.201358869671822 0.202616780996323 0.204058617353439 0.205842018127441 0.207292035222054 0.208378806710243 0.208762124180794 0.208690240979195 0.208410128951073
0.200741544365883 0.200824365019798 0.200893074274063 0.200957775115967 0.201006978750229 0.20105367898941 0.201075062155724 0.201092302799225 0.20108850300312 0.201080560684204 0.201062604784966 0.201053202152252 0.201055496931076 0.201085582375526 0.201138392090797 0.201231405138969 0.201343446969986 0.201482027769089 0.20162695646286 0.201753944158554 0.201875701546669 0.20193937420845 0.201974391937256 0.201889500021935 0.2017432898283 0.201467618346214 0.201130568981171 0.200718507170677 0.200312986969948 0.199912220239639 0.199576914310455 0.199268728494644 0.199173226952553 0.199119538068771 0.199369162321091 0.199656337499619 0.200200617313385 0.200855195522308 0.201897516846657 0.20309866964817 0.204594835639 0.20588943362236 0.206964448094368 0.207436963915825 0.207519635558128 0.207373052835464
0.200306981801987 0.200397789478302 0.200461283326149 0.200516998767853 0.200542256236076 0.200563162565231 0.20055116713047 0.200535893440247 0.200503885746002 0.200469583272934 0.200429692864418 0.200403392314911 0.200395777821541 0.200424805283546 0.200483828783035 0.200600415468216 0.20074425637722 0.200945451855659 0.201160326600075 0.201375707983971 0.201584562659264 0.20169797539711 0.201770171523094 0.201669871807098 0.201501652598381 0.201190024614334 0.200826749205589 0.200400337576866 0.200013414025307 0.199655249714851 0.199373796582222 0.199124112725258 0.199027940630913 0.198961943387985 0.199148640036583 0.199368551373482 0.199821606278419 0.200359046459198 0.201193198561668 0.202170491218567 0.203413635492325 0.204567715525627 0.205624729394913 0.206173956394196 0.206394597887993 0.206358268857002
0.199597626924515 0.199690565466881 0.199750274419785 0.199800536036491 0.199808105826378 0.199810519814491 0.199791595339775 0.199772283434868 0.199751108884811 0.199736714363098 0.199738666415215 0.199762031435966 0.199814796447754 0.199899792671204 0.200011149048805 0.200175568461418 0.200365096330643 0.200622320175171 0.200895711779594 0.201153457164764 0.201400309801102 0.201504215598106 0.201560586690903 0.201417967677116 0.201210916042328 0.200867846608162 0.200491487979889 0.200074464082718 0.199719965457916 0.199411004781723 0.199183091521263 0.198988720774651 0.198897838592529 0.198827296495438 0.19896025955677 0.199119925498962 0.199466958642006 0.199879333376884 0.200521513819695 0.201311603188515 0.202376410365105 0.203422412276268 0.204447910189629 0.205046534538269 0.205368965864182 0.205392092466354
0.199070647358894 0.19915272295475 0.199197545647621 0.199231788516045 0.199223324656487 0.199210196733475 0.199189439415932 0.199171498417854 0.199167966842651 0.199179589748383 0.199227839708328 0.199303239583969 0.199415907263756 0.199556142091751 0.199718937277794 0.199927061796188 0.200156673789024 0.2004454433918 0.200748339295387 0.201009124517441 0.20125487446785 0.201323837041855 0.201344653964043 0.201163962483406 0.200924202799797 0.200559720396996 0.200181618332863 0.199786856770515 0.199469909071922 0.199209630489349 0.199031382799149 0.19888710975647 0.19880984723568 0.198745757341385 0.198831468820572 0.198937952518463 0.199193000793457 0.19949409365654 0.199957057833672 0.20054803788662 0.201376751065254 0.202260553836823 0.203204363584518 0.203834399580956 0.204261407256126 0.204398095607758
0.198773086071014 0.198827967047691 0.198843955993652 0.198848888278008 0.198826432228088 0.198801502585411 0.198785334825516 0.198775544762611 0.198798209428787 0.198843568563461 0.198943749070168 0.199074178934097 0.199246123433113 0.199440687894821 0.199653744697571 0.199900433421135 0.200163051486015 0.200452551245689 0.200748473405838 0.20096281170845 0.20115827023983 0.20116026699543 0.201120719313622 0.200907304883003 0.20064252614975 0.200269296765327 0.199903681874275 0.19954739511013 0.199274450540543 0.199062198400497 0.198928773403168 0.198827996850014 0.198774829506874 0.198731005191803 0.198777675628662 0.198839828372002 0.199020579457283 0.199227690696716 0.199527516961098 0.199904397130013 0.200424343347549 0.201077863574028 0.201876893639565 0.202515691518784 0.203050792217255 0.203369081020355
0.198519542813301 0.198549300432205 0.198547333478928 0.198536336421967 0.198513120412827 0.198489412665367 0.198486477136612 0.198492810130119 0.198546335101128 0.198626905679703 0.198772788047791 0.198950409889221 0.199171617627144 0.199413940310478 0.199673518538475 0.199950411915779 0.200235486030579 0.200505167245865 0.200771167874336 0.200929820537567 0.201067864894867 0.201012939214706 0.200920403003693 0.200670450925827 0.200381845235825 0.200011610984802 0.199670270085335 0.199364230036736 0.199146896600723 0.198994174599648 0.198912367224693 0.198859915137291 0.198838844895363 0.198823913931847 0.198853671550751 0.198892697691917 0.19900618493557 0.199133202433586 0.199307814240456 0.199521124362946 0.199806317687035 0.200235351920128 0.200821116566658 0.201364457607269 0.201880350708961 0.202308118343353
0.198299020528793 0.198305189609528 0.198293417692184 0.198276549577713 0.198262467980385 0.198249757289886 0.198266535997391 0.198294997215271 0.198382884263992 0.198499754071236 0.198686674237251 0.198905631899834 0.19916857779026 0.199453711509705 0.199757024645805 0.200057834386826 0.200357481837273 0.200591921806335 0.200810775160789 0.200906828045845 0.200982093811035 0.200877800583839 0.200737804174423 0.2004484385252 0.200136885046959 0.199778512120247 0.199470266699791 0.199223279953003 0.199070289731026 0.198985740542412 0.198960617184639 0.198960110545158 0.198977127671242 0.198997601866722 0.199027016758919 0.199058800935745 0.199110299348831 0.199167639017105 0.199245482683182 0.199333146214485 0.199439078569412 0.19964799284935 0.199969112873077 0.200338840484619 0.200740039348602 0.201223209500313
0.198105275630951 0.198100462555885 0.19808541238308 0.198067456483841 0.198060914874077 0.198056846857071 0.198088347911835 0.198133036494255 0.198244869709015 0.198386803269386 0.198601394891739 0.198848456144333 0.199140042066574 0.19945116341114 0.199778273701668 0.20008659362793 0.200386017560959 0.200597584247589 0.200788155198097 0.200829207897186 0.200847268104553 0.200680151581764 0.200486361980438 0.200180977582932 0.199877977371216 0.199580058455467 0.199344918131828 0.199186503887177 0.199109688401222 0.199092283844948 0.199112042784691 0.199147194623947 0.199187055230141 0.199227839708328 0.199259221553802 0.199289590120316 0.199313312768936 0.199337348341942 0.199362456798553 0.199382171034813 0.199391901493073 0.19946314394474 0.199601396918297 0.199808537960052 0.200060233473778 0.200459092855453
0.197923019528389 0.197912603616714 0.19789707660675 0.19788008928299 0.197880387306213 0.1978839635849 0.197928041219711 0.197986453771591 0.198117777705193 0.198279917240143 0.198516488075256 0.198785945773125 0.199100598692894 0.199430480599403 0.199772834777832 0.200081631541252 0.200374513864517 0.2005685120821 0.200738862156868 0.200728192925453 0.200691416859627 0.200455710291862 0.200205415487289 0.19989401102066 0.199613079428673 0.199396461248398 0.19925157725811 0.199194386601448 0.199198812246323 0.199248120188713 0.199307695031166 0.199371516704559 0.199427679181099 0.199482336640358 0.199516654014587 0.199548095464706 0.199558719992638 0.199565038084984 0.199556261301041 0.199532762169838 0.199481874704361 0.199450790882111 0.199441269040108 0.199490517377853 0.199577808380127 0.199832439422607
0.197829440236092 0.19781494140625 0.197795897722244 0.197775542736053 0.197771728038788 0.19777113199234 0.197811752557755 0.197866708040237 0.197994589805603 0.198153793811798 0.198388680815697 0.198657482862473 0.198972895741463 0.199298903346062 0.199633583426476 0.199936166405678 0.200223535299301 0.200401425361633 0.200553148984909 0.200478494167328 0.200377255678177 0.200115263462067 0.199861481785774 0.199642136693001 0.199456244707108 0.199340984225273 0.199281975626945 0.199291691184044 0.199344322085381 0.199428215622902 0.199505820870399 0.19958084821701 0.199632957577705 0.199680551886559 0.199700087308884 0.199716165661812 0.19970865547657 0.199698507785797 0.199679136276245 0.199651926755905 0.199610158801079 0.199568539857864 0.199527069926262 0.199508711695671 0.19950532913208 0.19962015748024
0.197754219174385 0.197735950350761 0.197712749242783 0.19768813252449 0.197677940130234 0.197670742869377 0.197704568505287 0.197752505540848 0.197872206568718 0.198023691773415 0.198251992464066 0.198515385389328 0.198826938867569 0.199144378304482 0.19946663081646 0.199761629104614 0.200043693184853 0.200205773115158 0.200339198112488 0.200198039412498 0.200030341744423 0.199750795960426 0.199504539370537 0.199397504329681 0.199321746826172 0.199312031269073 0.199337974190712 0.199407517910004 0.199501514434814 0.199613317847252 0.199704468250275 0.199787080287933 0.199830904603004 0.199867129325867 0.199868187308311 0.199865505099297 0.19983883202076 0.19981250166893 0.199787333607674 0.199764594435692 0.199746355414391 0.199713185429573 0.199663743376732 0.199596479535103 0.199517667293549 0.199493601918221
0.19779659807682 0.197771966457367 0.19774267077446 0.197712063789368 0.197690933942795 0.197672039270401 0.197687014937401 0.197714120149612 0.197802916169167 0.197922378778458 0.198115900158882 0.19834877550602 0.198635712265968 0.198931887745857 0.19923560321331 0.199505239725113 0.199758723378181 0.199870571494102 0.199948579072952 0.199793919920921 0.199623674154282 0.199459135532379 0.199321329593658 0.199295476078987 0.199292063713074 0.199336066842079 0.199407413601875 0.199512168765068 0.199629977345467 0.199757263064384 0.199848398566246 0.199924558401108 0.19994030892849 0.199944168329239 0.199896350502968 0.199845269322395 0.199780851602554 0.199721828103065 0.199681758880615 0.199654698371887 0.199651822447777 0.199649691581726 0.19964836537838 0.199624598026276 0.199586287140846 0.199541330337524
0.197857663035393 0.197827309370041 0.197791740298271 0.197754666209221 0.197721585631371 0.197689890861511 0.197684690356255 0.197689548134804 0.197745442390442 0.197830617427826 0.197986468672752 0.19818614423275 0.198446005582809 0.198718711733818 0.199001908302307 0.199244260787964 0.199467286467552 0.199528127908707 0.199550226330757 0.199392110109329 0.199229553341866 0.199182197451591 0.199153661727905 0.19920389354229 0.199268266558647 0.199362516403198 0.199476584792137 0.199614897370338 0.199754700064659 0.199895560741425 0.19998437166214 0.200051620602608 0.200036391615868 0.200004935264587 0.199906304478645 0.199805110692978 0.199703052639961 0.199611470103264 0.199556663632393 0.199524939060211 0.199536070227623 0.199564412236214 0.199611514806747 0.199635401368141 0.199644267559052 0.199589848518372
0.198061838746071 0.198034062981606 0.197990924119949 0.197943419218063 0.197889566421509 0.197835832834244 0.197802200913429 0.197776183485985 0.197788834571838 0.197827249765396 0.197927936911583 0.198077499866486 0.198294207453728 0.19852602481842 0.198770210146904 0.198973417282104 0.199157208204269 0.199175268411636 0.199153706431389 0.199074059724808 0.19899770617485 0.199027612805367 0.199068561196327 0.199155688285828 0.199257284402847 0.199389427900314 0.199536666274071 0.199702396988869 0.199853271245956 0.199993342161179 0.200061649084091 0.200100257992744 0.200032711029053 0.199944317340851 0.199788853526115 0.199633523821831 0.199503794312477 0.199388787150383 0.199325516819954 0.199289545416832 0.199304267764091 0.199346333742142 0.199418231844902 0.199490085244179 0.199561879038811 0.199563458561897
0.198267266154289 0.198247224092484 0.198202595114708 0.198150992393494 0.198078408837318 0.198004096746445 0.197940528392792 0.19788271188736 0.197854042053223 0.197847098112106 0.197892561554909 0.197990223765373 0.198159575462341 0.198348924517632 0.198554649949074 0.198719695210457 0.198865458369255 0.198849394917488 0.198794692754745 0.19878913462162 0.198793321847916 0.19889023900032 0.198991268873215 0.199109509587288 0.199243247509003 0.199409678578377 0.199587449431419 0.199779078364372 0.199941501021385 0.200082644820213 0.200130522251129 0.200139760971069 0.200019001960754 0.199872672557831 0.199665039777756 0.199460402131081 0.199307471513748 0.199173077940941 0.199103966355324 0.199064984917641 0.199081942439079 0.199134156107903 0.199224755167961 0.19933719933033 0.19946376979351 0.199520662426949
0.198477372527122 0.198483884334564 0.198460057377815 0.198427587747574 0.198343709111214 0.198254212737083 0.19815519452095 0.198062136769295 0.197999328374863 0.197952017188072 0.197942107915878 0.197981283068657 0.198087871074677 0.198228925466537 0.1983982026577 0.198528707027435 0.19864085316658 0.198622569441795 0.198573127388954 0.198625758290291 0.198689669370651 0.198815897107124 0.198942497372627 0.199070692062378 0.199217975139618 0.199405536055565 0.199604094028473 0.199816063046455 0.199991703033447 0.200140878558159 0.200168535113335 0.200145855545998 0.199968472123146 0.199760660529137 0.199517920613289 0.199281722307205 0.19912189245224 0.198982983827591 0.19891756772995 0.198880076408386 0.198894441127777 0.198943570256233 0.199030548334122 0.199156612157822 0.199307978153229 0.19941771030426
