Ecospace-environmental-drivers/Outputs/ASCII-for-ecospace/MOM6-ISIMIP3a/o2/1993-10_o2_MOM6-ISIMIP3a.asc
NCOLS 131 
NROWS 53 
XLLCORNER -98 
YLLCORNER 23.9265270233154 
CELLSIZE 0.133587792515755 
NODATA_value -9999 
[rows 0 to 20 of 53, columns 46 to 91 of 131]
-9999 -9999 -9999 -9999 -9999 -9999 -9999 -9999 -9999 -9999 -9999 -9999 -9999 -9999 -9999 -9999 -9999 -9999 -9999 -9999 -9999 -9999 -9999 -9999 -9999 -9999 -9999 -9999 -9999 -9999 -9999 -9999 -9999 -9999 -9999 -9999 -9999 -9999 -9999 -9999 -9999 -9999 -9999 -9999 -9999 -9999
-9999 -9999 -9999 -9999 -9999 -9999 -9999 -9999 -9999 -9999 -9999 -9999 -9999 -9999 -9999 -9999 -9999 -9999 -9999 -9999 -9999 -9999 -9999 -9999 -9999 -9999 -9999 -9999 -9999 -9999 -9999 -9999 -9999 -9999 -9999 -9999 -9999 -9999 -9999 -9999 -9999 -9999 -9999 -9999 -9999 -9999
-9999 -9999 -9999 -9999 -9999 -9999 -9999 -9999 -9999 -9999 -9999 -9999 -9999 -9999 -9999 -9999 -9999 -9999 -9999 -9999 -9999 -9999 -9999 -9999 -9999 -9999 -9999 -9999 0.201170593500137 0.201206654310226 -9999 -9999 -9999 -9999 -9999 -9999 -9999 -9999 -9999 -9999 -9999 -9999 -9999 -9999 -9999 -9999
-9999 -9999 -9999 -9999 -9999 -9999 -9999 -9999 -9999 -9999 -9999 -9999 -9999 -9999 -9999 -9999 -9999 -9999 -9999 -9999 -9999 -9999 -9999 -9999 -9999 -9999 -9999 -9999 0.200818970799446 0.200854778289795 -9999 -9999 -9999 -9999 -9999 -9999 -9999 -9999 -9999 -9999 -9999 -9999 -9999 -9999 -9999 -9999
-9999 -9999 -9999 -9999 -9999 -9999 -9999 -9999 -9999 -9999 -9999 -9999 -9999 -9999 -9999 -9999 -9999 -9999 -9999 0.222052022814751 0.221421644091606 0.220917344093323 0.217975616455078 0.215278789401054 0.210402116179466 0.206497043371201 0.203574970364571 0.201520949602127 0.20041811466217 0.200517848134041 0.201628372073174 -9999 -9999 0.207821041345596 0.208177983760834 0.207770347595215 0.207834154367447 0.208260759711266 0.208488926291466 0.208429485559464 0.208327621221542 0.208400443196297 0.208575919270515 -9999 -9999 -9999
-9999 -9999 -9999 -9999 -9999 -9999 -9999 -9999 -9999 -9999 -9999 -9999 -9999 -9999 -9999 0.196985840797424 -9999 0.198972925543785 0.200663760304451 0.211536437273026 0.222052022814751 0.221295565366745 0.220917344093323 0.215033903717995 0.209885135293007 0.206287324428558 0.203318655490875 0.201118916273117 0.200125277042389 0.200010165572166 0.201418116688728 0.203456833958626 0.206202358007431 0.209086820483208 0.208173960447311 0.207273155450821 0.207863926887512 0.208365395665169 0.208552956581116 0.208548411726952 0.208187103271484 0.208247348666191 0.208766877651215 0.208713546395302 0.208289563655853 -9999
-9999 -9999 -9999 -9999 -9999 -9999 -9999 -9999 -9999 -9999 -9999 0.15881921350956 0.158672109246254 0.158722028136253 0.159253031015396 0.178616538643837 0.196810111403465 0.197161585092545 0.199093446135521 0.200663760304451 0.211893528699875 0.222052022814751 0.220917344093323 0.215033903717995 0.209885135293007 0.206287324428558 0.203318655490875 0.201118916273117 0.200125277042389 0.200010165572166 0.201418116688728 0.203456833958626 0.206202358007431 0.209086820483208 0.208173960447311 0.207273155450821 0.207863926887512 0.208365395665169 0.208552956581116 0.208548411726952 0.208187103271484 0.208247348666191 0.208766877651215 0.208713546395302 0.208289563655853 0.208177506923676
-9999 -9999 -9999 -9999 -9999 -9999 -9999 -9999 -9999 -9999 -9999 0.15960793197155 0.15881921350956 0.158525004982948 -9999 0.160412192344666 0.179876908659935 0.196458637714386 0.197161585092545 0.199455007910728 0.200663760304451 0.212964788079262 0.221993207931519 0.217325404286385 0.212704002857208 0.208180576562881 0.204164937138557 0.200769901275635 0.199232622981071 0.199048489332199 0.200536698102951 0.202717453241348 0.205604061484337 0.208629414439201 0.208460733294487 0.208233281970024 0.208587318658829 0.208866745233536 0.208883851766586 0.208778604865074 0.208446115255356 0.208282291889191 0.208302244544029 0.207869946956635 0.207145020365715 0.206708773970604
-9999 -9999 -9999 -9999 -9999 -9999 -9999 -9999 -9999 -9999 -9999 -9999 -9999 -9999 -9999 0.159415662288666 0.163590133190155 0.182758510112762 0.195755690336227 0.197161585092545 0.200539663434029 0.213409289717674 0.223158285021782 0.219847172498703 0.215827360749245 0.210311457514763 0.205185353755951 0.200535669922829 0.198427826166153 0.19817142188549 0.199726074934006 0.202030718326569 0.205027759075165 0.208160907030106 0.208785638213158 0.209276959300041 0.20937243103981 0.209409981966019 0.209243819117546 0.209030345082283 0.20872899889946 0.208323210477829 0.207803651690483 0.206966087222099 0.205922767519951 0.20591613650322
0.215778678655624 0.2157983481884 -9999 -9999 -9999 -9999 -9999 -9999 -9999 -9999 -9999 0.193210512399673 0.160416379570961 -9999 -9999 -9999 0.161785408854485 0.171342611312866 0.187747284770012 0.194349780678749 0.195103496313095 0.210888490080833 0.223291471600533 0.221540465950966 0.218653649091721 0.213369011878967 0.208929508924484 0.205522924661636 0.203983947634697 0.203805312514305 0.204653888940811 0.205927893519402 0.207460165023804 0.209043219685555 0.209324225783348 0.209534391760826 0.209523484110832 0.2094836384058 0.209342032670975 0.209144979715347 0.20884495973587 0.208435282111168 0.207906126976013 0.20720112323761 0.206382349133492 0.206237360835075
0.215959012508392 0.215637698769569 0.215613976120949 -9999 -9999 -9999 -9999 -9999 -9999 -9999 -9999 0.209340423345566 0.188968300819397 0.160416379570961 -9999 -9999 0.156465515494347 0.170071512460709 0.187490805983543 0.189662709832191 0.191840097308159 0.209343090653419 0.223359540104866 0.222784474492073 0.220813050866127 0.215893819928169 0.212171226739883 0.209911152720451 0.208875074982643 0.208730518817902 0.208943635225296 0.209304884076118 0.209565564990044 0.209806472063065 0.209791287779808 0.209760144352913 0.209665894508362 0.209566488862038 0.209448993206024 0.209265425801277 0.208959206938744 0.208541989326477 0.208003863692284 0.207415908575058 0.206795707345009 0.206525698304176
0.215959012508392 0.215637698769569 0.215566545724869 0.216845765709877 0.218152150511742 -9999 -9999 -9999 -9999 -9999 -9999 -9999 0.202809795737267 0.18203230202198 0.160416379570961 0.15881921350956 0.156465515494347 0.170071512460709 0.187490805983543 0.19400942325592 0.200231045484543 0.213029563426971 0.223078235983849 0.221618503332138 0.219395488500595 0.215561121702194 0.212717980146408 0.211086302995682 0.210199236869812 0.209854528307915 0.209810853004456 0.209891840815544 0.209916979074478 0.209931120276451 0.209874644875526 0.20981602370739 0.209761902689934 0.209698557853699 0.209602817893028 0.209417074918747 0.209064215421677 0.208619952201843 0.208076134324074 0.207522004842758 0.206961184740067 0.206637740135193
0.216036885976791 0.21577388048172 0.216393396258354 0.217263907194138 0.218159228563309 -9999 -9999 -9999 -9999 0.21762378513813 0.214999124407768 0.211167216300964 0.205677911639214 0.191584244370461 0.170450687408447 0.162290647625923 0.160275861620903 0.17288863658905 0.18899641931057 0.198033407330513 0.206605061888695 0.215474143624306 0.222193449735641 0.219915747642517 0.217458382248878 0.214621692895889 0.212565302848816 0.211462572216988 0.210776314139366 0.210393384099007 0.210221096873283 0.210136026144028 0.210009306669235 0.209874391555786 0.209807306528091 0.209749132394791 0.209753528237343 0.209743067622185 0.209680363535881 0.209508135914803 0.209132522344589 0.208674386143684 0.208126321434975 0.207599252462387 0.207085743546486 0.206729397177696
0.216309458017349 0.21625055372715 0.21669813990593 0.217289790511131 0.218159228563309 0.219033300876617 0.219264656305313 0.219364449381828 0.218795076012611 0.21762378513813 0.214999124407768 0.211167216300964 0.205677911639214 0.194918543100357 0.179847329854965 0.174440816044807 0.173612251877785 0.182748705148697 0.194266140460968 0.201250538229942 0.207936659455299 0.21481391787529 0.21979995071888 0.216871023178101 0.214222386479378 0.212165415287018 0.210663989186287 0.209841579198837 0.209485575556755 0.209469303488731 0.209488868713379 0.209523275494576 0.209453940391541 0.20936419069767 0.209363162517548 0.209375321865082 0.209484249353409 0.209568724036217 0.209567219018936 0.209447711706161 0.209109082818031 0.20866996049881 0.208121314644814 0.207604393362999 0.207107976078987 0.206770077347755
0.216762825846672 0.216738596558571 0.216927051544189 0.217175990343094 0.218086183071136 0.219036877155304 0.219253689050674 0.219325363636017 0.218658909201622 0.217520251870155 0.21524141728878 0.211812645196915 0.206805139780045 0.199494481086731 0.190299421548843 0.187591955065727 0.187957510352135 0.193923741579056 0.201228156685829 0.205677628517151 0.209929242730141 0.214155852794647 0.21700231730938 0.214072749018669 0.211630925536156 0.210218742489815 0.209190264344215 0.208630740642548 0.208488836884499 0.2086511105299 0.208760976791382 0.208849146962166 0.208818927407265 0.208765462040901 0.208817228674889 0.208887100219727 0.209095805883408 0.209279224276543 0.209373697638512 0.209335505962372 0.209050938487053 0.208648800849915 0.208118557929993 0.207619726657867 0.207141235470772 0.206804156303406
0.217471823096275 0.217242732644081 0.217048734426498 0.216864690184593 0.217909887433052 0.219045549631119 0.219227209687233 0.219231024384499 0.218330219388008 0.217270329594612 0.215826258063316 0.213370576500893 0.20952607691288 0.205825865268707 0.202243730425835 0.202158272266388 0.20372910797596 0.206957876682281 0.210582762956619 0.211815357208252 0.212856367230415 0.213500872254372 0.213633358478546 0.211622923612595 0.209950715303421 0.208992570638657 0.208321020007133 0.207999765872955 0.207907736301422 0.207982659339905 0.208039224147797 0.208088204264641 0.208071351051331 0.208041563630104 0.208127379417419 0.208237141370773 0.20853890478611 0.208826914429665 0.209066540002823 0.209150061011314 0.208943709731102 0.208603993058205 0.208118975162506 0.207649499177933 0.207190081477165 0.20682892203331
0.217755720019341 0.217485785484314 0.217204973101616 0.21692106127739 0.21782198548317 0.218817353248596 0.219088301062584 0.219179108738899 0.218353599309921 0.21748785674572 0.216524958610535 0.21486134827137 0.212235763669014 0.210754245519638 0.210208773612976 0.211037918925285 0.212518185377121 0.213700279593468 0.214811131358147 0.214368999004364 0.213773652911186 0.212501257658005 0.211200535297394 0.20978119969368 0.208638608455658 0.208080187439919 0.207709640264511 0.207568734884262 0.207538947463036 0.207590088248253 0.207633599638939 0.207673951983452 0.207681730389595 0.207683101296425 0.207787096500397 0.207913920283318 0.208226755261421 0.208535373210907 0.208829164505005 0.20896703004837 0.208815366029739 0.208530381321907 0.208100169897079 0.207671672105789 0.207244277000427 0.206881895661354
0.217681616544724 0.217508971691132 0.217390328645706 0.21728703379631 0.217808529734612 0.218389689922333 0.218854710459709 0.219162926077843 0.218673467636108 0.218099057674408 0.217319518327713 0.216295540332794 0.214935973286629 0.214501112699509 0.214822813868523 0.215128719806671 0.215427130460739 0.215144291520119 0.214722573757172 0.213904395699501 0.212998434901237 0.211211428046227 0.209556043148041 0.208451598882675 0.207636445760727 0.20743203163147 0.207315415143967 0.207306072115898 0.207348942756653 0.207429841160774 0.207494184374809 0.207551673054695 0.207593560218811 0.207632392644882 0.207741171121597 0.207865878939629 0.208120733499527 0.208379223942757 0.208650544285774 0.208786025643349 0.208669230341911 0.208432540297508 0.208065196871758 0.207687467336655 0.207303002476692 0.206958636641502
0.216727569699287 0.216677114367485 0.216615200042725 0.216550022363663 0.216884285211563 0.217262551188469 0.217725574970245 0.218040257692337 0.217600435018539 0.217162862420082 0.216730758547783 0.216234982013702 0.215651795268059 0.215632393956184 0.216074272990227 0.216003343462944 0.21568951010704 0.214754998683929 0.213672176003456 0.212676212191582 0.211634710431099 0.209843710064888 0.208249613642693 0.207479596138 0.206963688135147 0.206984221935272 0.207039415836334 0.207136988639832 0.207226827740669 0.207311049103737 0.207392185926437 0.207472041249275 0.207544505596161 0.20761550962925 0.207732051610947 0.207858458161354 0.208064839243889 0.208272054791451 0.208482190966606 0.20858596265316 0.208492204546928 0.208301246166229 0.208004385232925 0.207683756947517 0.207347750663757 0.207031682133675
0.215342909097672 0.215426832437515 0.215370044112206 0.21527324616909 0.215514302253723 0.215793132781982 0.216158181428909 0.216376125812531 0.215845763683319 0.215469434857368 0.215465053915977 0.215442940592766 0.215396508574486 0.21548368036747 0.215680167078972 0.215304061770439 0.214656725525856 0.21346852183342 0.212151065468788 0.211074352264404 0.209982991218567 0.208437889814377 0.20710863173008 0.206682592630386 0.20645210146904 0.206634432077408 0.206821292638779 0.207013696432114 0.207137942314148 0.207212552428246 0.207308501005173 0.207413300871849 0.207514598965645 0.207615196704865 0.207740932703018 0.207870930433273 0.208033487200737 0.208188846707344 0.208318844437599 0.208376571536064 0.208300068974495 0.208153620362282 0.207930937409401 0.207670524716377 0.207385674118996 0.207102939486504
0.213794380426407 0.21395106613636 0.21391373872757 0.213821232318878 0.21402482688427 0.214258745312691 0.214493304491043 0.214609563350677 0.214124023914337 0.213765949010849 0.213715672492981 0.213690400123596 0.213699474930763 0.213802695274353 0.213982939720154 0.213693186640739 0.21318082511425 0.212139785289764 0.210972413420677 0.209893181920052 0.208804860711098 0.207496300339699 0.206389084458351 0.206124514341354 0.206020444631577 0.206255227327347 0.206498801708221 0.206753134727478 0.206939890980721 0.207077458500862 0.207191795110703 0.207296520471573 0.207387521862984 0.207475826144218 0.207578361034393 0.207681551575661 0.207785829901695 0.207880079746246 0.207939147949219 0.207957655191422 0.207900851964951 0.207814395427704 0.207695618271828 0.207551419734955 0.207390785217285 0.207165956497192
